ID,insum,outsum,diff
100000001,690,1126,-436
100000002,5557,2847,2710
100000003,8926,4817,4109
100000004,1610,1317,293
100000005,3051,5603,-2552
100000006,922,306,616
100000007,2820,1387,1433
100000008,581,650,-69
100000009,1392,774,618
100000010,453,286,167
100000011,2044,165,1879
100000012,193,1233,-1040
100000013,1730,387,1343
100000014,1275,406,869
100000015,2108,3547,-1439
100000016,1313,1613,-300
100000017,1275,1179,96
100000018,2202,925,1277
100000019,6436,2532,3904
100000020,3415,10619,-7204
100000021,6277,3032,3245
100000022,2579,3019,-440
100000023,5990,2149,3841
100000025,2126,1328,798
100000028,2867,1265,1602
100000029,314,376,-62
100000030,321,87,234
100000031,5166,8898,-3732
100000032,3506,5108,-1602
100000033,1127,3689,-2562
100000034,562,564,-2
100000035,2472,1941,531
100000036,3438,1727,1711
100000037,919,564,355
100000038,2590,1246,1344
100000039,1508,419,1089
100000040,301,207,94
100000041,1663,733,930
100000042,1848,717,1131
100000043,1716,549,1167
100000044,531,920,-389
100000045,684,1460,-776
100000046,1270,1181,89
100000047,535,878,-343
100000048,1716,772,944
100000049,2269,2738,-469
100000051,614,1341,-727
100000053,410,15,395
100000054,912,43,869
100000055,2162,369,1793
100000056,709,610,99
100000057,2544,915,1629
100000058,1492,1818,-326
100000059,21,214,-193
100000060,372,425,-53
100000061,2565,697,1868
100000062,3014,805,2209
100000063,884,358,526
100000064,1785,406,1379
100000065,550,1195,-645
100000066,248,932,-684
100000067,756,983,-227
100000068,770,2363,-1593
100000069,434,1857,-1423
100000072,532,1537,-1005
100000073,1614,1461,153
100000075,794,356,438
100000076,3434,3559,-125
100000077,462,262,200
100000078,67,31,36
100000079,100,83,17
100000080,55,74,-19
100000081,221,287,-66
100000102,3390,2518,872
100000103,5016,2174,2842
100000104,6858,3542,3316
100000105,3945,1910,2035
100000106,3744,2653,1091
100000107,1153,1263,-110
100000108,1302,1649,-347
100000109,3899,1875,2024
100000116,2062,1463,599
100000117,168,146,22
100000118,2387,1518,869
100000119,672,1135,-463
100000121,388,546,-158
100000122,1098,1408,-310
100000123,5306,5331,-25
100000124,7734,7548,186
100000125,4592,1713,2879
100000126,991,526,465
100000127,2216,569,1647
100000128,2904,2717,187
100000129,608,574,34
100000130,547,715,-168
100000131,3586,3579,7
100000132,1916,3670,-1754
100000133,8396,3133,5263
100000135,818,1697,-879
100000139,637,396,241
100000140,585,465,120
100000142,651,744,-93
100000143,1979,923,1056
100000144,4333,1179,3154
100000147,1388,3207,-1819
100000150,52,568,-516
100000151,1718,1440,278
100000153,347,531,-184
100000154,85,226,-141
100000155,37,73,-36
100000156,715,615,100
100000157,195,187,8
100000158,404,165,239
100000159,410,738,-328
100000165,2069,1096,973
100000169,489,475,14
100000174,1070,502,568
100000179,97,709,-612
100000180,7928,3119,4809
100000181,1107,340,767
100000188,122,293,-171
100000189,2152,493,1659
100000190,1188,1238,-50
100000191,923,740,183
100000192,93,208,-115
100000193,484,208,276
100000330,1769,1044,725
100000355,390,838,-448
100000362,7066,4227,2839
100000363,4860,5741,-881
100000364,400,344,56
100000365,7078,7917,-839
100000366,8758,4281,4477
100000367,6819,7002,-183
100000368,3846,2070,1776
100000369,2125,2536,-411
100000370,440,967,-527
100000376,111,160,-49
100000379,3429,1868,1561
100000380,6147,4395,1752
100000384,7124,5710,1414
100000385,5482,5217,265
100000386,10713,5555,5158
100000387,7030,7151,-121
100000388,10128,7237,2891
100000389,9843,7684,2159
100000390,11427,7548,3879
100000391,8860,9141,-281
100000392,5620,4858,762
100000393,4483,5924,-1441
100000394,11041,10466,575
100000395,8059,4977,3082
100000396,10653,5032,5621
100000397,7817,7868,-51
100000398,14457,10907,3550
100900002,9,57,-48
100900003,415,212,203
100900004,54,996,-942
100900005,192,24,168
100900006,27,169,-142
100900007,743,28,715
100900008,1,422,-421
100900009,119,197,-78
100900010,129,144,-15
100900011,188,253,-65
100900012,2,264,-262
100900013,1838,13,1825
100900014,3,26,-23
100900015,156,119,37
100900016,3,62,-59
100900017,1011,108,903
100900018,0,44,-44
100900019,34,391,-357
100900020,374,9,365
100900021,505,5,500
100900022,59,68,-9
100900023,0,84,-84
100900024,1280,3,1277
100900025,38,11,27
100900026,158,118,40
100900027,886,3627,-2741
100900028,181,257,-76
100900029,80,13,67
100900030,4,86,-82
100900031,820,107,713
100900032,253,2,251
100900033,523,299,224
100900034,540,4,536
100900035,813,2,811
100900036,21,2,19
100900037,103,240,-137
100900038,133,48,85
100900039,371,824,-453
100900040,478,1007,-529
100900041,729,676,53
100900042,1908,1010,898
100900043,2,36,-34
100900044,2828,861,1967
100900045,38,1,37
100900046,1837,24,1813
100900047,1118,330,788
100900048,296,117,179
100900049,297,224,73
100900050,1,21,-20
100900051,82,142,-60
100900052,751,81,670
100900053,432,49,383
100900054,10,91,-81
100900055,499,804,-305
100900056,253,521,-268
100900057,1126,1591,-465
100900058,365,81,284
100900059,122,23,99
100900060,221,25,196
100900061,349,291,58
100900062,8,46,-38
100900063,296,812,-516
100900064,916,47,869
100900065,103,148,-45
100900066,144,221,-77
100900067,11,20,-9
100900068,315,166,149
100900069,1016,28,988
100900070,418,7,411
100900071,893,366,527
100900072,2,54,-52
100900073,160,505,-345
100900074,6,4,2
100900075,1988,499,1489
100900076,34,48,-14
100900077,28,138,-110
100900078,168,503,-335
100900079,8,26,-18
100900080,48,293,-245
100900081,38,195,-157
100900082,127,530,-403
100900083,15,44,-29
100900085,70,319,-249
100900086,172,1544,-1372
100900088,158,734,-576
100900089,11,24,-13
100900090,181,718,-537
100900091,5,29,-24
100900092,382,355,27
100900093,267,719,-452
100900094,186,574,-388
100900095,9,38,-29
100900096,46,128,-82
100900097,1,7,-6
100900098,37,24,13
100900099,60,582,-522
100900100,39,658,-619
100900101,429,64,365
100900102,495,260,235
100900103,15,21,-6
100900104,7,162,-155
100900105,46,818,-772
100900106,75,9,66
100900107,2135,927,1208
100900108,14,60,-46
100900109,13,44,-31
100900110,7,56,-49
100900111,61,195,-134
100900112,18,13,5
100900113,16,39,-23
100900114,17,19,-2
100900115,14,63,-49
100900116,1074,1162,-88
100900117,419,1096,-677
100900118,41,55,-14
100900119,17,28,-11
100900120,11,14,-3
100900121,457,896,-439
100900122,256,276,-20
100900123,89,288,-199
100900124,15,4,11
100900125,26,97,-71
100900126,237,624,-387
100900127,8,13,-5
100900128,176,224,-48
100900129,0,179,-179
100900131,100,346,-246
100900133,76,86,-10
100900134,6,10,-4
100900135,0,226,-226
100900137,429,248,181
100900138,753,731,22
100900139,7,6,1
100900140,6,535,-529
100900141,4,588,-584
100900142,8,18,-10
100900143,1914,595,1319
100900144,49,11,38
100900145,405,327,78
100900146,14,85,-71
100900147,23,630,-607
100900148,41,723,-682
100900149,57,282,-225
100900150,4,38,-34
100900151,186,639,-453
100900152,304,16,288
100900153,10,227,-217
100900154,47,76,-29
100900155,15,45,-30
100900156,62,14,48
100900157,13,242,-229
100900159,0,56,-56
100900160,30,15,15
100900161,132,9,123
100900162,34,699,-665
100900163,255,302,-47
100900164,88,98,-10
100900165,10,53,-43
100900166,38,17,21
100900167,13,81,-68
100900168,91,178,-87
100900169,211,1022,-811
100900170,79,12,67
100900171,33,585,-552
100900172,0,23,-23
100900173,24,543,-519
100900174,709,66,643
100900176,1765,242,1523
100900177,730,381,349
100900178,399,182,217
100900179,259,426,-167
100900180,36,11,25
100900181,201,153,48
100900182,94,59,35
100900184,16,291,-275
100900186,959,681,278
100900187,9,114,-105
100900188,65,21,44
100900189,1642,305,1337
100900191,1411,1413,-2
100900192,377,522,-145
100900195,145,215,-70
100900197,25,116,-91
100900198,52,213,-161
100900199,10,20,-10
100900200,731,619,112
100900201,198,799,-601
100900202,136,1,135
100900203,0,177,-177
100900204,1042,1154,-112
100900205,252,786,-534
100900206,168,130,38
100900207,313,202,111
100900210,100,571,-471
100900211,729,238,491
100900213,187,56,131
100900214,1093,219,874
100900215,38,73,-35
100900217,158,136,22
101000001,5530,3098,2432
101000002,6589,7337,-748
101000003,724,2850,-2126
101000004,11538,8777,2761
101000005,5473,5845,-372
101000006,8993,8672,321
101000007,3985,5009,-1024
101000008,4480,3749,731
101000009,2504,1639,865
101000010,1133,1377,-244
101000011,2406,931,1475
101000012,1794,1045,749
101000013,952,1466,-514
101000014,736,850,-114
101000015,1419,1205,214
101000016,583,624,-41
101000017,879,647,232
101000018,4721,3442,1279
101000020,5170,1410,3760
101000021,1270,575,695
101000022,353,119,234
101000023,2061,925,1136
101000025,274,557,-283
101000026,462,37,425
101000027,2514,3274,-760
101000028,1237,354,883
101000029,923,2788,-1865
101000030,2797,176,2621
101000031,2002,1358,644
101000032,13481,6388,7093
101000033,3380,4012,-632
101000034,3239,2137,1102
101000035,1229,949,280
101000036,2174,1179,995
101000037,4226,2265,1961
101000039,3309,3015,294
101000040,4856,3956,900
101000041,15753,10289,5464
101000042,1066,1857,-791
101000043,11378,9701,1677
101000045,2855,1321,1534
101000046,6279,2318,3961
101000047,4096,5370,-1274
101000048,1422,1021,401
101000049,1393,2844,-1451
101000050,4571,4177,394
101000051,3632,4081,-449
101000052,2195,1495,700
101000053,2012,2660,-648
101000054,3352,2221,1131
101000055,1944,1872,72
101000056,62,132,-70
101000057,3341,1405,1936
101000058,1828,1583,245
101000059,3453,2539,914
101000060,2347,749,1598
101000061,1289,1803,-514
101000062,1079,900,179
101000063,777,1235,-458
101000064,1764,1329,435
101000065,571,517,54
101000066,1480,1009,471
101000067,1753,1203,550
101000068,464,610,-146
101000069,383,156,227
101000070,1883,1509,374
101000071,2640,1123,1517
101000072,1169,3912,-2743
101000073,1346,1116,230
101000074,10144,4749,5395
101000075,8044,6882,1162
101000077,2180,1423,757
101000078,1457,2756,-1299
101000079,1118,492,626
101000080,911,639,272
101000081,2340,1811,529
101000082,4368,4148,220
101000083,3098,2502,596
101000084,1738,1285,453
101000085,2135,1638,497
101000086,1387,1311,76
101000087,1139,1355,-216
101000088,1704,1461,243
101000089,1460,1975,-515
101000090,2492,1647,845
101000091,540,1193,-653
101000092,1025,1325,-300
101000093,1928,1147,781
101000094,1328,1346,-18
101000095,547,825,-278
101000096,430,780,-350
101000097,638,533,105
101000098,614,689,-75
101000099,1718,1379,339
101000100,1403,1099,304
101000101,445,601,-156
101000102,1272,574,698
101000103,1426,857,569
101000104,524,725,-201
101000105,673,615,58
101000106,1527,1154,373
101000107,259,356,-97
101000108,1282,402,880
101000109,363,85,278
101000110,57,696,-639
101000111,217,435,-218
101000113,257,953,-696
101000114,12800,8327,4473
101000115,836,295,541
101000116,486,187,299
101000117,2439,500,1939
101000119,74,117,-43
101000120,198,46,152
101000121,114,65,49
101000122,213,111,102
101000123,101,132,-31
101000124,931,344,587
101000125,352,635,-283
101000128,784,525,259
101000130,477,495,-18
101000131,958,726,232
101000132,748,1212,-464
101000135,71,62,9
101000136,771,224,547
101000137,58,484,-426
101000141,2035,3651,-1616
101000147,1029,585,444
101000148,1704,50,1654
101000149,434,495,-61
101000150,110,864,-754
101000151,254,79,175
101000152,431,356,75
101000153,716,509,207
101000154,297,1398,-1101
101000155,326,158,168
101000156,60,364,-304
101000157,85,32,53
101000160,181,93,88
101000163,447,485,-38
101000164,545,402,143
101000165,332,475,-143
101000166,442,613,-171
101000168,1025,424,601
101000252,2125,1154,971
101000254,757,118,639
101000258,50,7,43
101000261,241,50,191
101000262,1541,2504,-963
101000263,664,1970,-1306
101000265,143,1129,-986
101000266,565,534,31
101000269,47,15,32
101000290,1798,4187,-2389
101000293,51,119,-68
101000294,844,521,323
101000295,186,715,-529
101000301,1143,587,556
101000304,2364,3620,-1256
101000305,3759,1792,1967
101900001,68,116,-48
101900002,0,28,-28
101900003,70,102,-32
101900004,11,85,-74
101900005,4744,2187,2557
101900006,1120,73,1047
101900007,999,297,702
101900008,111,545,-434
101900009,105,551,-446
101900010,1310,871,439
101900011,355,1595,-1240
101900012,337,447,-110
101900013,1435,189,1246
101900017,19,252,-233
101900018,1765,371,1394
101900019,312,166,146
101900020,93,89,4
101900021,1,77,-76
101900022,207,1348,-1141
101900023,217,327,-110
101900026,180,57,123
101900027,14,141,-127
102000001,3205,5264,-2059
102000002,3737,1839,1898
102000003,4639,9014,-4375
102000004,9499,4283,5216
102000005,1530,2592,-1062
102000006,1611,2406,-795
102000007,2221,5949,-3728
102000008,6145,2066,4079
102000009,7787,8808,-1021
102000010,7961,4312,3649
102000011,3921,3335,586
102000012,4288,4031,257
102000018,3798,3353,445
102000019,3003,1966,1037
102000026,333,674,-341
102000029,462,331,131
102000030,150,511,-361
102000031,69,158,-89
102000032,525,397,128
102000033,355,462,-107
102000034,762,516,246
102000035,1639,857,782
102000036,20,324,-304
102000037,273,78,195
102000038,224,369,-145
102000039,313,85,228
102000040,662,363,299
102000041,314,434,-120
102000042,364,340,24
102000043,601,327,274
102000044,383,489,-106
102000045,1617,1138,479
102000046,1218,754,464
102000047,1066,1398,-332
102000048,508,883,-375
102000049,1202,862,340
102000050,1575,1654,-79
102000051,507,818,-311
102000052,1572,1158,414
102000053,1009,1234,-225
102000054,636,1356,-720
102000055,1285,748,537
102000056,982,1531,-549
102000057,1772,859,913
102000058,1549,1840,-291
102000059,2171,1997,174
102000060,1737,1448,289
102000061,1876,2424,-548
102000062,1850,1460,390
102000063,1405,1723,-318
102000064,881,1136,-255
102000065,91,263,-172
102000066,1045,1088,-43
102000067,3320,3947,-627
102000068,10419,3360,7059
102000069,119,1683,-1564
102000070,2404,111,2293
102000071,8501,11498,-2997
102000072,4007,4748,-741
102000073,2268,1814,454
102000074,1280,1522,-242
102000075,256,522,-266
102000076,279,739,-460
102000077,811,1139,-328
102000078,1093,1141,-48
102000079,221,335,-114
102000080,332,354,-22
102000081,603,965,-362
102000082,1052,483,569
102000083,676,400,276
102000084,351,407,-56
102000085,2207,1245,962
102000086,1449,2187,-738
102000087,1080,2022,-942
102000088,519,468,51
102000089,1404,539,865
102000090,918,1597,-679
102000091,2076,903,1173
102000092,668,1167,-499
102000093,813,1107,-294
102000094,1408,809,599
102000095,1534,1906,-372
102000096,1159,1156,3
102000097,1272,1206,66
102000098,806,1030,-224
102000099,1327,1116,211
102000100,955,1371,-416
102000101,1534,929,605
102000102,651,1727,-1076
102000103,1881,493,1388
102000104,849,372,477
102000105,309,728,-419
102000106,957,743,214
102000107,1423,744,679
102000108,1192,262,930
102000109,655,766,-111
102000110,1159,1468,-309
102000111,13,311,-298
102000112,369,123,246
102000113,17,60,-43
102000114,998,489,509
102000115,276,351,-75
102000116,533,411,122
102000117,406,636,-230
102000118,1710,1403,307
102000119,2258,978,1280
102000120,264,627,-363
102000121,1155,732,423
102000122,916,1299,-383
102000123,1774,1574,200
102000124,1978,1489,489
102000125,1228,1301,-73
102000126,1231,905,326
102000127,1600,911,689
102000128,932,1252,-320
102000129,1608,1043,565
102000130,798,1109,-311
102000131,2832,1223,1609
102000132,1147,1536,-389
102000133,2136,2152,-16
102000134,900,978,-78
102000135,973,1048,-75
102000136,1296,689,607
102000137,1419,1211,208
102000138,518,523,-5
102000139,319,588,-269
102000140,732,615,117
102000141,940,963,-23
102000142,639,578,61
102000143,252,478,-226
102000144,305,501,-196
102000145,799,640,159
102000146,593,424,169
102000147,793,748,45
102000148,285,901,-616
102000149,178,609,-431
102000150,409,146,263
102000151,110,393,-283
102000152,220,153,67
102000153,1466,670,796
102000154,409,847,-438
102000155,145,404,-259
102000156,422,198,224
102000157,134,419,-285
102000158,821,862,-41
102000159,1390,546,844
102000161,4870,2850,2020
102000162,244,217,27
102000163,121,649,-528
102000164,1453,1364,89
102000165,457,204,253
102000166,128,212,-84
102000167,310,311,-1
102000168,325,179,146
102000169,146,559,-413
102000170,732,414,318
102000171,694,593,101
102000172,661,716,-55
102000173,618,462,156
102000174,118,109,9
102000175,494,144,350
102000176,149,51,98
102000178,345,570,-225
102000179,375,296,79
102000180,1192,577,615
102000181,743,714,29
102000182,819,734,85
102000183,2303,2216,87
102000184,2404,950,1454
102000185,2825,1771,1054
102000186,1485,2252,-767
102000187,1521,1980,-459
102000188,1789,2035,-246
102000189,2697,946,1751
102000190,835,3101,-2266
102000191,1623,736,887
102000192,1290,1817,-527
102000193,68,204,-136
102000194,95,181,-86
102000195,432,627,-195
102000196,213,591,-378
102000197,705,581,124
102000198,279,1001,-722
102000199,1083,464,619
102000200,423,1300,-877
102000201,1206,589,617
102000202,13,140,-127
102000203,382,394,-12
102000204,468,861,-393
102000205,1230,501,729
102000206,685,981,-296
102000207,1056,606,450
102000208,642,733,-91
102000209,148,106,42
102000210,494,493,1
102000211,599,406,193
102000212,365,16,349
102000213,10,392,-382
102000214,319,10,309
102000215,13,505,-492
102000216,64,88,-24
102000217,7,194,-187
102000218,372,186,186
102000219,574,381,193
102000225,821,705,116
102000226,8160,2358,5802
102000227,225,4,221
102000228,0,166,-166
102000229,45,75,-30
102000230,347,544,-197
102000231,388,703,-315
102000232,44,199,-155
102000233,515,974,-459
102000234,152,1331,-1179
102000236,596,98,498
102000237,521,220,301
102000238,181,312,-131
102000240,772,858,-86
102000241,325,195,130
102000243,50,78,-28
102000245,32,196,-164
102000246,32,64,-32
102000247,1733,1798,-65
102000248,956,1691,-735
102000249,183,206,-23
102000250,111,527,-416
102000254,112,382,-270
102000266,164,416,-252
102000271,37,3,34
102000286,544,562,-18
102000297,2320,1338,982
102000299,0,0,0
102000301,0,0,0
102000303,0,1,-1
102000305,0,0,0
102000307,1,23,-22
102000308,0,1,-1
102900001,1812,1083,729
102900002,470,59,411
102900003,71,267,-196
102900005,478,380,98
102900006,580,219,361
102900007,510,58,452
102900008,243,72,171
102900009,897,412,485
102900010,943,964,-21
102900011,2163,468,1695
102900012,465,116,349
102900013,38,102,-64
102900015,863,511,352
102900016,63,108,-45
102900017,201,710,-509
102900018,34,142,-108
102900019,668,610,58
102900020,168,41,127
102900021,26,128,-102
102900022,749,211,538
102900023,42,64,-22
102900024,56,61,-5
102900025,293,152,141
102900026,669,2286,-1617
102900027,127,80,47
102900028,217,886,-669
102900029,266,318,-52
102900030,792,414,378
102900031,245,206,39
102900032,113,143,-30
102900033,195,261,-66
102900034,649,130,519
102900035,179,356,-177
102900036,415,576,-161
102900037,793,659,134
102900038,716,567,149
102900039,125,782,-657
102900040,222,394,-172
102900041,119,264,-145
102900042,247,322,-75
102900043,249,321,-72
102900044,943,2304,-1361
102900045,183,676,-493
102900046,172,272,-100
102900047,91,812,-721
102900048,805,707,98
102900049,152,461,-309
102900050,470,431,39
102900051,244,226,18
102900052,83,51,32
102900053,545,749,-204
102900054,1220,1631,-411
102900055,195,195,0
102900056,193,508,-315
102900057,5,71,-66
102900058,364,98,266
102900059,11,98,-87
102900060,177,607,-430
102900061,218,622,-404
102900062,302,1117,-815
102900063,1288,590,698
102900064,241,510,-269
102900065,1795,956,839
102900066,360,38,322
102900068,179,98,81
102900070,378,647,-269
102900072,69,52,17
102900073,215,10,205
102900075,21,82,-61
102900076,198,194,4
102900077,58,65,-7
102900078,48,150,-102
102900079,213,18,195
102900080,403,64,339
102900081,139,362,-223
102900082,13,312,-299
102900083,310,18,292
102900084,24,47,-23
102900085,535,179,356
102900086,22,108,-86
102900087,139,123,16
102900088,52,35,17
102900089,259,162,97
102900090,2,471,-469
102900091,176,8,168
102900092,486,1052,-566
102900093,375,332,43
102900094,5,114,-109
102900095,140,3,137
102900096,82,18,64
102900097,164,383,-219
103000001,2770,2968,-198
103000002,2394,2870,-476
103000003,4362,3521,841
103000004,1138,918,220
103000005,2045,3363,-1318
103000006,794,1651,-857
103000007,489,994,-505
103000008,1194,842,352
103000009,1198,1327,-129
103000010,180,136,44
103000011,2114,1769,345
103000012,1734,1822,-88
103000013,5544,2721,2823
103000014,1848,2805,-957
103000015,2023,824,1199
103000016,537,1614,-1077
103000017,257,443,-186
103000018,907,482,425
103000019,291,405,-114
103000020,2786,1758,1028
103000021,2100,1824,276
103000022,959,1292,-333
103000023,681,1803,-1122
103000024,128,229,-101
103000025,165,645,-480
103000026,1541,183,1358
103000027,450,635,-185
103000028,531,500,31
103000029,352,368,-16
103000030,2394,1242,1152
103000031,2262,2101,161
103000032,2704,2376,328
103000033,3591,3288,303
103000034,2103,1523,580
103000035,563,1686,-1123
103000036,510,709,-199
103000037,797,637,160
103000038,736,1210,-474
103000039,474,524,-50
103000040,523,1268,-745
103000041,2163,2992,-829
103000042,1423,709,714
103000043,900,1167,-267
103000044,290,230,60
103000046,352,628,-276
103000047,691,881,-190
103000048,227,270,-43
103000049,229,222,7
103000050,714,640,74
103000051,566,628,-62
103000052,896,530,366
103000053,196,641,-445
103000054,3127,2058,1069
103000055,2270,2819,-549
103000056,790,1957,-1167
103000057,659,344,315
103000058,865,1436,-571
103000059,631,1177,-546
103000060,966,743,223
103000061,506,1218,-712
103000062,1336,817,519
103000063,938,1251,-313
103000064,218,293,-75
103000065,8,582,-574
103000066,225,16,209
103000069,575,493,82
103000070,1551,1066,485
103000071,1314,628,686
103000072,121,843,-722
103000073,571,137,434
103000074,736,130,606
103000075,157,845,-688
103000076,527,362,165
103000077,65,513,-448
103000078,1373,695,678
103000079,1084,851,233
103000080,1720,486,1234
103000081,665,1491,-826
103000082,645,217,428
103000083,158,364,-206
103000084,204,12,192
103000085,1,154,-153
103000086,855,493,362
103000087,173,696,-523
103000088,330,414,-84
103000089,297,455,-158
103000090,2106,828,1278
103000091,856,460,396
103000092,296,311,-15
103000093,306,472,-166
103000094,245,117,128
103000095,101,464,-363
103000096,780,136,644
103000097,82,736,-654
103000098,1065,273,792
103000099,390,766,-376
103000100,112,816,-704
103000101,873,141,732
103000102,120,667,-547
103000103,696,243,453
103000104,102,147,-45
103000105,127,111,16
103000106,9,132,-123
103000107,251,88,163
103000108,717,592,125
103000109,372,385,-13
103000110,596,444,152
103000111,565,570,-5
103000112,452,281,171
103000113,936,830,106
103000114,1463,517,946
103000115,543,466,77
103000116,609,490,119
103000117,390,619,-229
103000118,1095,944,151
103000119,1556,801,755
103000120,65,164,-99
103000121,942,1339,-397
103000122,869,1076,-207
103000125,39,339,-300
103000126,740,9,731
103000127,3,224,-221
103000128,236,6,230
103000129,1,152,-151
103000130,89,60,29
103000131,240,114,126
103000132,105,225,-120
103000133,20,141,-121
103000134,872,883,-11
103000135,812,407,405
103000136,907,561,346
103000137,666,802,-136
103000138,1060,859,201
103000139,6,79,-73
103000140,130,35,95
103000141,123,142,-19
103000142,253,100,153
103000143,85,249,-164
103000144,251,111,140
103000145,116,188,-72
103000150,93,55,38
103000152,273,333,-60
103000153,226,158,68
103000156,8,370,-362
103000157,483,4,479
103000159,233,73,160
103000162,150,65,85
103000163,35,84,-49
103000164,63,22,41
103000165,122,363,-241
103000166,211,330,-119
103000167,172,112,60
103000168,99,218,-119
103000169,297,535,-238
103000170,900,603,297
103000171,50,112,-62
103000172,554,386,168
103000173,545,764,-219
103000174,206,417,-211
103000175,323,395,-72
103000176,1114,791,323
103000177,716,624,92
103000178,507,365,142
103000179,665,69,596
103000183,134,27,107
103000185,95,60,35
103000186,122,207,-85
103000187,499,492,7
103000188,19,97,-78
103000189,922,1003,-81
103000191,646,780,-134
103000292,2004,2077,-73
103000293,1380,2419,-1039
103000295,112,139,-27
103000296,650,9,641
103000297,240,116,124
103000504,122,34,88
103000505,12,44,-32
103000506,3,317,-314
103000507,241,4,237
103000508,94,98,-4
103000509,214,669,-455
103900001,19,314,-295
103900002,1758,249,1509
103900003,1846,137,1709
103900004,144,2,142
103900005,14,269,-255
103900006,1,2,-1
103900007,85,23,62
103900008,17,3,14
103900009,304,695,-391
103900010,171,563,-392
103900011,259,263,-4
103900012,9,18,-9
103900013,131,103,28
103900014,67,22,45
103900015,48,25,23
103900016,1064,267,797
103900017,65,92,-27
103900018,989,251,738
103900019,112,450,-338
103900020,248,571,-323
103900021,705,90,615
103900022,1535,965,570
103900023,168,4,164
103900024,131,544,-413
103900025,36,67,-31
103900026,172,0,172
103900027,844,358,486
103900028,26,399,-373
103900029,1147,205,942
103900030,289,101,188
103900031,53,5,48
103900032,114,71,43
103900033,113,21,92
103900034,38,180,-142
103900035,75,84,-9
103900036,53,56,-3
103900037,82,88,-6
103900038,162,200,-38
103900039,67,413,-346
103900040,26,226,-200
103900041,46,67,-21
103900042,68,374,-306
103900043,155,85,70
103900044,133,230,-97
103900045,574,231,343
103900047,108,36,72
103900048,527,56,471
103900049,424,1583,-1159
103900050,15,127,-112
103900051,2,37,-35
103900052,250,457,-207
103900053,222,763,-541
103900054,164,575,-411
103900055,442,257,185
103900056,154,76,78
103900057,33,233,-200
103900058,283,805,-522
103900059,1,26,-25
103900060,57,215,-158
103900061,168,66,102
103900062,331,90,241
103900063,15,0,15
103900064,135,8,127
103900065,1169,467,702
103900066,142,32,110
103900067,207,15,192
103900068,29,0,29
103900069,90,26,64
103900070,193,226,-33
103900071,28,159,-131
103900072,15,277,-262
103900073,43,56,-13
103900074,108,85,23
103900075,262,103,159
103900076,423,673,-250
103900077,60,106,-46
103900078,551,174,377
103900079,256,240,16
103900080,21,32,-11
103900081,89,18,71
103900082,19,140,-121
103900083,1640,1079,561
103900084,142,235,-93
103900085,99,155,-56
103900086,605,490,115
103900087,12,82,-70
103900088,414,677,-263
103900089,71,170,-99
103900090,4,175,-171
103900091,1353,418,935
103900092,754,622,132
103900093,122,388,-266
103900094,26,172,-146
103900095,343,262,81
103900096,34,340,-306
103900097,24,645,-621
103900098,235,140,95
103900099,79,189,-110
103900100,239,436,-197
103900101,143,1196,-1053
103900102,0,80,-80
103900104,5,46,-41
103900105,165,318,-153
103900106,0,53,-53
103900107,89,223,-134
103900108,58,432,-374
103900109,97,91,6
103900110,247,79,168
103900111,127,749,-622
103900112,115,162,-47
103900113,166,268,-102
103900114,465,377,88
103900115,320,289,31
103900116,6912,3114,3798
103900117,201,113,88
103900119,47,78,-31
103900120,124,133,-9
103900122,90,392,-302
103900123,1977,894,1083
103900124,62,554,-492
103900125,103,100,3
103900126,471,523,-52
103900127,265,541,-276
103900128,358,181,177
103900131,57,131,-74
103900133,1190,134,1056
103900134,4,11,-7
103900135,7,7,0
103900137,2,47,-45
103900138,91,291,-200
103900139,237,2060,-1823
103900140,6,146,-140
103900141,389,110,279
103900142,176,217,-41
103900143,57,6,51
103900144,1,70,-69
103900145,213,372,-159
103900146,315,317,-2
103900147,411,186,225
103900148,238,602,-364
103900149,358,824,-466
103900150,8172,4344,3828
103900151,79,229,-150
103900152,621,744,-123
103900153,12,5,7
103900154,1260,1742,-482
103900155,40,277,-237
103900156,49,205,-156
103900157,48,286,-238
103900158,91,202,-111
103900159,161,118,43
103900160,91,51,40
103900161,162,269,-107
103900162,71,244,-173
103900163,20,533,-513
103900167,26,129,-103
103900168,137,154,-17
103900169,68,81,-13
103900170,1,104,-103
103900171,0,51,-51
103900172,17,28,-11
103900173,14,22,-8
103900174,216,102,114
103900175,84,81,3
103900176,16,35,-19
103900177,11,87,-76
103900178,43,61,-18
103900179,48,164,-116
103900180,37,144,-107
103900181,73,97,-24
103900182,73,28,45
103900184,566,118,448
103900185,191,401,-210
103900187,24,77,-53
103900188,54,27,27
103900189,121,12,109
103900190,101,67,34
103900191,38,74,-36
103900192,34,253,-219
103900193,160,315,-155
103900194,85,361,-276
103900195,31,87,-56
103900196,115,53,62
103900197,23,58,-35
103900198,11,85,-74
103900199,165,65,100
103900200,188,168,20
103900201,177,241,-64
103900202,39,73,-34
103900203,78,16,62
103900204,0,113,-113
103900207,0,124,-124
103900208,155,1,154
103900209,14,137,-123
103900210,42,48,-6
103900211,536,434,102
103900212,131,482,-351
103900213,169,289,-120
103900214,296,204,92
103900215,599,431,168
103900216,9,499,-490
103900217,598,92,506
103900218,0,358,-358
103900219,236,374,-138
103900233,106,2,104
103900235,41,14,27
103900236,22,2,20
103900242,35,25,10
103900243,11,14,-3
103900244,162,271,-109
103900245,111,290,-179
103900246,54,52,2
103900247,38,133,-95
103900248,97,198,-101
103900249,40,92,-52
103900250,52,34,18
103900251,8,58,-50
103900253,22,131,-109
103900254,11,33,-22
103900255,4,64,-60
103900256,16,44,-28
103900257,130,136,-6
103900258,53,10,43
103900259,106,15,91
103900261,13,3,10
103900262,6,8,-2
103900263,69,81,-12
103900264,97,58,39
103900265,153,19,134
103900266,4,96,-92
103900267,12,79,-67
103900268,3,83,-80
103900269,170,60,110
103900270,41,169,-128
103900271,61,192,-131
103900272,89,102,-13
103900273,31,70,-39
103900274,88,31,57
103900275,43,23,20
103900276,7,165,-158
103900277,12,112,-100
104000001,2447,2501,-54
104000002,1867,2830,-963
104000003,2593,2745,-152
104000004,3296,3219,77
104000005,1603,2483,-880
104000006,3481,3591,-110
104000007,5010,4793,217
104000008,257,373,-116
104000009,207,122,85
104000010,190,315,-125
104000011,512,466,46
104000012,177,520,-343
104000013,176,223,-47
104000014,220,796,-576
104000015,360,153,207
104000016,660,535,125
104000018,873,190,683
104000019,710,221,489
104000020,205,758,-553
104000021,272,794,-522
104000022,147,331,-184
104000023,805,430,375
104000024,274,469,-195
104000026,42,512,-470
104000027,316,410,-94
104000028,407,225,182
104000029,445,453,-8
104000030,275,241,34
104000031,1465,500,965
104000032,209,299,-90
104000033,703,605,98
104000034,340,329,11
104000035,866,507,359
104000036,840,633,207
104000037,291,334,-43
104000038,467,353,114
104000039,236,306,-70
104000040,436,489,-53
104000041,946,400,546
104000042,283,403,-120
104000043,357,412,-55
104000044,254,664,-410
104000045,1013,1226,-213
104000046,1293,2063,-770
104000047,1442,1584,-142
104000048,1241,2130,-889
104000049,970,361,609
104000050,322,748,-426
104000051,159,648,-489
104000052,1987,1781,206
104000053,1650,629,1021
104000054,972,536,436
104000055,4574,3046,1528
104000056,1471,209,1262
104000057,169,628,-459
104000058,932,723,209
104000059,573,1174,-601
104000060,1317,1320,-3
104000061,1627,1449,178
104000062,392,169,223
104000064,428,355,73
104000065,430,846,-416
104000069,1264,1254,10
104000070,94,668,-574
104000071,131,455,-324
104000072,591,287,304
104000075,141,395,-254
104000076,592,194,398
104000082,2790,3802,-1012
104000083,895,207,688
104000084,193,689,-496
104000085,318,345,-27
104000086,214,561,-347
104000087,590,1886,-1296
104000090,831,1450,-619
104000092,1342,2634,-1292
104000094,1124,1959,-835
104000095,1893,1642,251
104000096,1598,306,1292
104000097,1841,993,848
104000098,2311,1214,1097
104000100,1734,855,879
104000101,1300,1892,-592
104000106,84,671,-587
104000107,753,662,91
104000108,376,580,-204
104000109,416,101,315
104000110,978,1360,-382
104000111,4741,2843,1898
104000112,2681,592,2089
104000116,1,1187,-1186
104000117,193,779,-586
104000118,683,304,379
104000119,739,365,374
104000120,338,809,-471
104000121,196,842,-646
104000122,767,873,-106
104000123,987,1184,-197
104000124,1219,2386,-1167
104000125,4089,4390,-301
104000126,613,490,123
104000127,1631,3459,-1828
104000128,774,636,138
104000129,439,57,382
104000130,9,389,-380
104000131,840,539,301
104000132,563,648,-85
104000133,1487,1029,458
104000134,1207,1759,-552
104000135,574,2270,-1696
104000136,1101,4331,-3230
104000137,1909,442,1467
104000138,1348,360,988
104000139,7866,3484,4382
104000141,1383,1609,-226
104000142,739,955,-216
104000143,602,759,-157
104000144,102,247,-145
104000145,403,237,166
104000146,328,670,-342
104000147,141,395,-254
104000148,307,150,157
104000149,187,388,-201
104000150,1139,620,519
104000151,463,618,-155
104000152,863,776,87
104000153,769,626,143
104000154,1185,885,300
104000155,512,557,-45
104000157,1383,1952,-569
104000158,899,704,195
104000159,923,622,301
104000160,1944,2109,-165
104000161,267,243,24
104000162,59,178,-119
104000165,1277,1464,-187
104000167,799,1098,-299
104000168,644,15,629
104000169,89,43,46
104000170,663,665,-2
104000248,351,838,-487
104000251,64,320,-256
104000272,0,0,0
104000273,0,0,0
104000274,0,0,0
104000275,0,0,0
104000279,821,582,239
104000290,161,379,-218
104000291,750,1204,-454
104000293,796,822,-26
104000294,29,1,28
104000295,613,971,-358
104000296,389,1086,-697
104000297,866,2285,-1419
104000298,3671,1188,2483
104000299,813,1766,-953
104900001,234,628,-394
104900002,72,219,-147
104900003,84,419,-335
104900004,153,352,-199
104900005,302,283,19
104900006,375,191,184
104900007,238,279,-41
104900009,163,470,-307
104900010,113,141,-28
104900011,184,34,150
104900012,467,27,440
104900013,203,19,184
104900014,3334,459,2875
104900015,124,9,115
104900016,305,302,3
104900017,205,324,-119
104900018,14,191,-177
104900019,382,2710,-2328
104900020,140,359,-219
104900021,4,202,-198
104900022,15,164,-149
104900023,1,84,-83
104900024,34,97,-63
104900025,81,295,-214
104900026,1,107,-106
104900027,502,341,161
104900028,39,100,-61
104900029,71,90,-19
104900030,594,273,321
104900031,144,270,-126
104900032,64,141,-77
104900033,272,345,-73
104900034,416,236,180
104900035,361,235,126
104900036,227,105,122
104900037,202,225,-23
104900038,576,855,-279
104900039,855,423,432
104900040,531,109,422
104900041,326,195,131
104900042,212,255,-43
104900043,21,174,-153
104900044,566,286,280
104900045,495,66,429
104900046,199,186,13
104900047,328,130,198
104900048,267,103,164
104900049,31,44,-13
104900050,484,160,324
104900051,317,67,250
104900052,69,3,66
104900053,523,155,368
104900054,199,54,145
104900055,109,0,109
104900056,212,45,167
104900057,59,9,50
104900058,1204,669,535
104900059,205,89,116
104900060,1,602,-601
104900061,277,637,-360
104900063,0,163,-163
104900064,0,117,-117
104900065,1,254,-253
104900066,1,175,-174
104900067,7,378,-371
104900068,28,291,-263
104900070,255,359,-104
104900071,2,679,-677
104900072,85,377,-292
104900073,108,253,-145
104900074,112,306,-194
104900075,100,75,25
104900076,128,463,-335
104900077,1215,319,896
104900078,342,670,-328
104900079,178,605,-427
104900080,136,620,-484
104900082,16,609,-593
104900085,8,243,-235
104900087,497,11,486
104900089,208,0,208
104900090,1076,748,328
104900091,2102,809,1293
104900093,285,693,-408
104900097,3060,2439,621
104900098,161,75,86
104900099,102,580,-478
104900100,620,372,248
104900102,45,212,-167
104900103,567,95,472
104900104,3598,2541,1057
104900106,152,162,-10
104900107,279,232,47
104900108,83,242,-159
104900109,145,299,-154
104900110,6,77,-71
104900111,258,181,77
104900112,270,822,-552
104900113,711,442,269
104900114,337,584,-247
104900115,708,519,189
104900116,259,247,12
104900118,48,126,-78
104900119,52,96,-44
104900120,69,217,-148
104900121,0,103,-103
104900122,6,83,-77
104900123,51,10,41
104900124,34,0,34
104900125,591,7,584
104900126,87,59,28
104900127,49,94,-45
104900128,125,157,-32
104900129,2416,1992,424
105000001,2766,1584,1182
105000002,2543,1889,654
105000003,3706,4213,-507
105000004,629,1177,-548
105000005,876,1223,-347
105000006,1654,1908,-254
105000007,1372,1536,-164
105000008,2131,3271,-1140
105000009,2499,3543,-1044
105000010,3528,2900,628
105000011,3938,2997,941
105000012,5377,3966,1411
105000013,1154,1279,-125
105000014,2685,2959,-274
105000015,11616,16133,-4517
105000016,4059,2769,1290
105000017,2414,1102,1312
105000018,1519,1674,-155
105000019,1748,947,801
105000020,242,489,-247
105000021,377,97,280
105000022,334,136,198
105000023,834,563,271
105000028,77,113,-36
105000029,796,1513,-717
105000030,4822,3166,1656
105000033,1297,2286,-989
105000034,175,1020,-845
105000037,779,422,357
105000038,2840,1928,912
105000039,3691,2263,1428
105000040,1457,1340,117
105000041,1624,1726,-102
105000042,5118,1984,3134
105000043,2449,2689,-240
105000044,624,495,129
105000045,454,1134,-680
105000046,1169,439,730
105000047,649,1964,-1315
105000048,574,212,362
105000049,272,620,-348
105000050,620,399,221
105000051,167,499,-332
105000052,992,926,66
105000053,159,171,-12
105000054,582,1059,-477
105000055,897,393,504
105000056,1648,2462,-814
105000057,1506,962,544
105000058,1384,1397,-13
105000059,753,710,43
105000060,458,758,-300
105000061,720,580,140
105000062,670,1012,-342
105000063,406,561,-155
105000064,1457,1050,407
105000065,343,652,-309
105000066,1303,1805,-502
105000067,1713,988,725
105000068,665,1123,-458
105000069,2342,1792,550
105000070,774,963,-189
105000071,279,951,-672
105000072,1014,2142,-1128
105000073,987,705,282
105000074,1796,1035,761
105000075,684,1014,-330
105000076,1410,1292,118
105000077,3254,1315,1939
105000078,1771,1575,196
105000079,1739,3993,-2254
105000080,2602,1859,743
105000081,4934,1719,3215
105000082,1450,2157,-707
105000083,6296,4248,2048
105000084,998,1076,-78
105000085,2173,2323,-150
105000086,608,1190,-582
105000087,1758,2229,-471
105000088,1982,1774,208
105000089,4261,2890,1371
105000090,1412,1105,307
105000091,1737,1934,-197
105000092,849,1158,-309
105000093,416,322,94
105000094,364,298,66
105000095,131,542,-411
105000096,1474,1224,250
105000097,1377,985,392
105000098,1005,884,121
105000099,1148,926,222
105000100,1531,1095,436
105000101,2630,2358,272
105000102,4020,1659,2361
105000103,2387,2771,-384
105000104,2905,1194,1711
105000105,1616,2466,-850
105000106,2020,2078,-58
105000107,1484,971,513
105000108,1709,1713,-4
105000109,1609,2137,-528
105000110,903,722,181
105000111,715,1055,-340
105000112,1400,908,492
105000113,476,875,-399
105000114,3168,1426,1742
105000115,363,1274,-911
105000116,879,682,197
105000117,957,1274,-317
105000118,632,556,76
105000119,811,1172,-361
105000120,1057,762,295
105000121,965,1207,-242
105000122,473,724,-251
105000123,1425,1717,-292
105000124,1930,934,996
105000125,976,2159,-1183
105000126,2086,2082,4
105000127,2656,2474,182
105000128,788,1330,-542
105000129,1006,458,548
105000130,500,3113,-2613
105000131,907,490,417
105000132,832,738,94
105000133,530,1133,-603
105000134,809,738,71
105000135,674,703,-29
105000136,165,455,-290
105000137,463,270,193
105000138,270,495,-225
105000139,1224,1183,41
105000140,402,626,-224
105000141,377,804,-427
105000142,245,583,-338
105000143,498,929,-431
105000144,354,996,-642
105000145,711,536,175
105000146,530,1023,-493
105000147,624,387,237
105000148,1382,640,742
105000149,2617,2465,152
105000150,2350,1879,471
105000151,521,486,35
105000152,210,624,-414
105000153,603,825,-222
105000154,692,733,-41
105000155,320,1151,-831
105000156,914,786,128
105000157,933,1899,-966
105000158,2030,915,1115
105000159,262,1131,-869
105000160,1781,673,1108
105000161,835,1202,-367
105000162,606,1740,-1134
105000163,1094,1006,88
105000164,256,244,12
105000165,1160,4959,-3799
105000166,5767,1024,4743
105000167,2526,1646,880
105000168,409,796,-387
105000169,565,696,-131
105000170,251,1500,-1249
105000171,1205,326,879
105000172,241,170,71
105000173,209,438,-229
105000174,72,221,-149
105000175,96,195,-99
105000176,507,147,360
105000177,294,196,98
105000178,192,560,-368
105000179,581,249,332
105000180,161,180,-19
105000181,137,335,-198
105000182,61,67,-6
105000183,2754,2037,717
105000184,1903,1245,658
105000185,2234,1029,1205
105000186,1190,898,292
105000187,1134,270,864
105000188,642,186,456
105000189,458,588,-130
105000190,388,615,-227
105000191,443,416,27
105000192,337,86,251
105000193,136,189,-53
105000194,326,167,159
105000195,487,1004,-517
105000196,82,286,-204
105000197,377,804,-427
105000198,666,429,237
105000199,318,652,-334
105000200,208,348,-140
105000201,156,49,107
105000203,17,196,-179
105000204,94,133,-39
105000205,85,308,-223
105000207,711,395,316
105000208,308,608,-300
105000209,233,574,-341
105000212,1359,1614,-255
105000213,241,275,-34
105000214,211,382,-171
105000215,288,215,73
105000216,149,778,-629
105000217,189,557,-368
105000218,1269,1170,99
105000221,166,213,-47
105000222,1206,141,1065
105000223,446,232,214
105000226,123,301,-178
105000227,101,173,-72
105000228,354,2157,-1803
105000229,160,586,-426
105000231,419,346,73
105000233,952,879,73
105000234,1018,1363,-345
105000235,487,660,-173
105000237,758,110,648
105000243,28,255,-227
105000248,85,85,0
105000262,435,1475,-1040
105000269,177,256,-79
105000270,499,63,436
105000271,1,249,-248
105000282,74,51,23
105000287,444,126,318
105000288,1208,446,762
105000289,4021,2476,1545
105000290,70,6,64
105000402,4356,4739,-383
105000426,678,753,-75
105000438,5113,2134,2979
105000446,14791,6959,7832
105000447,8645,3809,4836
105000454,472,1003,-531
105000455,361,221,140
105000474,36,1,35
105000477,438,602,-164
105000478,2028,4619,-2591
105000479,149,172,-23
105000480,10776,7480,3296
105000481,5730,3990,1740
105000482,7323,9394,-2071
105000483,1800,2051,-251
105000484,2888,4072,-1184
105000485,2002,3393,-1391
105000486,4776,3137,1639
105000488,12516,7042,5474
105000489,1001,979,22
105000549,241,202,39
105000550,639,1791,-1152
105000551,40,135,-95
105000552,3297,2127,1170
105900001,15,1688,-1673
105900002,1576,810,766
105900003,15,149,-134
105900004,400,171,229
105900005,2,331,-329
105900006,21,107,-86
105900007,267,38,229
105900008,66,659,-593
105900009,34,27,7
105900011,416,61,355
105900012,822,183,639
105900013,2,47,-45
105900014,13,74,-61
105900015,302,447,-145
105900016,528,742,-214
105900017,1328,61,1267
105900018,242,212,30
105900019,96,708,-612
105900020,46,85,-39
105900021,38,465,-427
105900022,552,234,318
105900023,15,123,-108
105900024,61,245,-184
105900025,216,70,146
105900026,259,33,226
105900027,9808,11730,-1922
105900028,1143,390,753
105900029,1818,493,1325
105900030,249,296,-47
105900031,371,278,93
105900032,88,187,-99
105900033,104,157,-53
105900034,510,269,241
105900035,277,222,55
105900036,105,205,-100
105900037,89,84,5
105900038,176,285,-109
105900039,168,162,6
105900040,82,146,-64
105900041,206,229,-23
105900042,89,187,-98
105900043,1426,80,1346
105900044,6,331,-325
105900045,7,952,-945
105900046,9,371,-362
105900047,22,91,-69
105900048,126,682,-556
105900050,9347,4506,4841
105900051,42,1239,-1197
105900052,763,502,261
105900053,3944,3001,943
105900054,424,267,157
105900056,970,480,490
105900057,96,171,-75
105900058,18,26,-8
105900059,0,52,-52
106000001,5062,2888,2174
106000002,2823,6091,-3268
106000003,3106,3934,-828
106000004,2069,3293,-1224
106000005,3514,6392,-2878
106000006,6478,5003,1475
106000007,539,769,-230
106000008,494,395,99
106000009,620,475,145
106000010,717,667,50
106000011,1117,1183,-66
106000012,1020,1595,-575
106000013,2041,2524,-483
106000014,2194,1955,239
106000015,1920,1670,250
106000016,1422,2414,-992
106000017,565,954,-389
106000018,735,639,96
106000019,477,550,-73
106000020,311,434,-123
106000021,326,478,-152
106000022,353,221,132
106000023,623,450,173
106000024,711,604,107
106000025,142,232,-90
106000026,154,278,-124
106000027,1394,1530,-136
106000028,540,609,-69
106000029,938,1401,-463
106000030,646,610,36
106000034,333,667,-334
106000035,1174,2081,-907
106000036,300,509,-209
106000037,2120,1582,538
106000038,481,178,303
106000039,218,106,112
106000040,172,1133,-961
106000041,852,581,271
106000043,663,256,407
106000046,504,89,415
106000047,71,473,-402
106000049,1007,258,749
106000050,333,948,-615
106000051,767,473,294
106000052,133,776,-643
106000053,376,147,229
106000054,433,600,-167
106000055,1244,1287,-43
106000056,364,449,-85
106000057,297,396,-99
106000058,146,225,-79
106000059,334,453,-119
106000060,394,585,-191
106000061,207,554,-347
106000062,186,637,-451
106000063,629,655,-26
106000064,34,487,-453
106000065,443,420,23
106000066,137,413,-276
106000067,553,141,412
106000068,65,704,-639
106000069,248,85,163
106000070,531,937,-406
106000071,1214,408,806
106000072,3068,1650,1418
106000073,1635,3181,-1546
106000074,742,775,-33
106000075,341,1703,-1362
106000076,2054,2472,-418
106000077,3802,1597,2205
106000078,1070,1071,-1
106000079,697,1070,-373
106000080,1376,797,579
106000081,653,1194,-541
106000082,2734,993,1741
106000083,456,1756,-1300
106000084,1270,750,520
106000085,1732,1755,-23
106000086,692,1056,-364
106000087,1077,577,500
106000088,408,943,-535
106000089,1034,395,639
106000090,351,703,-352
106000091,316,571,-255
106000092,721,339,382
106000093,353,188,165
106000094,109,278,-169
106000095,693,900,-207
106000096,936,786,150
106000097,1084,1017,67
106000098,726,1074,-348
106000099,269,987,-718
106000100,2166,310,1856
106000101,5118,403,4715
106000102,599,773,-174
106000103,464,578,-114
106000104,1695,552,1143
106000105,576,713,-137
106000106,702,512,190
106000107,112,347,-235
106000108,255,383,-128
106000109,157,270,-113
106000110,293,439,-146
106000111,422,490,-68
106000112,261,763,-502
106000113,835,551,284
106000114,554,829,-275
106000115,237,500,-263
106000116,199,262,-63
106000117,1175,805,370
106000118,1187,1602,-415
106000119,1745,1236,509
106000120,883,1215,-332
106000121,225,183,42
106000122,129,313,-184
106000123,450,188,262
106000124,67,279,-212
106000125,22,299,-277
106000126,287,174,113
106000127,796,1013,-217
106000128,712,295,417
106000129,450,713,-263
106000130,733,349,384
106000131,158,848,-690
106000132,537,202,335
106000133,2214,1354,860
106000134,731,3474,-2743
106000135,273,724,-451
106000136,727,1161,-434
106000137,82,859,-777
106000138,1042,129,913
106000139,63,136,-73
106000140,37,70,-33
106000141,139,78,61
106000142,87,67,20
106000143,63,89,-26
106000144,27,69,-42
106000145,295,275,20
106000146,371,193,178
106000147,417,576,-159
106000148,622,834,-212
106000149,526,427,99
106000150,555,2068,-1513
106000151,4070,888,3182
106000152,1786,2142,-356
106000153,106,1743,-1637
106000154,1569,234,1335
106000155,151,300,-149
106000156,938,363,575
106000157,757,1892,-1135
106000158,2501,1156,1345
106000159,3589,2145,1444
106000160,499,2923,-2424
106000161,1751,428,1323
106000162,251,1020,-769
106000163,464,430,34
106000164,391,455,-64
106000165,262,583,-321
106000166,722,419,303
106000167,384,1071,-687
106000168,489,356,133
106000169,245,693,-448
106000170,1067,328,739
106000171,451,1518,-1067
106000172,3354,1873,1481
106000173,1563,3296,-1733
106000174,1237,481,756
106000175,380,972,-592
106000176,1618,956,662
106000177,992,2529,-1537
106000178,3726,2046,1680
106000179,1417,2483,-1066
106000180,1001,1550,-549
106000181,832,2141,-1309
106000182,1304,923,381
106000183,1452,816,636
106000184,2617,978,1639
106000185,1371,1654,-283
106000186,921,300,621
106000187,334,1258,-924
106000188,1,2,-1
106000189,24,45,-21
106000190,29,0,29
106000191,724,230,494
106000192,2,24,-22
106000193,631,253,378
106000194,183,528,-345
106000195,1197,288,909
106000196,281,725,-444
106000197,783,387,396
106000198,232,298,-66
106000199,1745,979,766
106000200,316,295,21
106000201,516,2649,-2133
106000202,4757,783,3974
106000203,72,208,-136
106000204,88,10,78
106000205,9,167,-158
106000206,129,21,108
106000207,65,833,-768
106000208,1319,205,1114
106000209,1655,481,1174
106000210,474,1082,-608
106000211,447,1381,-934
106000212,995,503,492
106000213,907,2602,-1695
106000214,3069,945,2124
106000215,326,551,-225
106000216,340,415,-75
106000217,280,453,-173
106000218,529,463,66
106000219,152,310,-158
106000220,779,313,466
106000221,199,310,-111
106000222,105,106,-1
106000223,222,151,71
106000224,195,270,-75
106000225,84,154,-70
106000226,136,253,-117
106000228,39,82,-43
106000229,119,779,-660
106000231,977,131,846
106000232,225,364,-139
106000233,1009,110,899
106000234,737,244,493
106000235,1237,120,1117
106000236,459,100,359
106000237,12,27,-15
106000238,143,23,120
106000239,4,143,-139
106000240,85,18,67
106000241,38,791,-753
106000242,241,38,203
106000249,78,82,-4
106000250,109,636,-527
106000251,122,33,89
106000252,50,123,-73
106000253,48,100,-52
106000254,62,53,9
106000255,17,190,-173
106000256,48,78,-30
106000257,150,279,-129
106000258,479,32,447
106000259,10,70,-60
106000260,39,6,33
106000261,11,66,-55
106000262,147,10,137
106000263,20,59,-39
106000264,191,20,171
106000265,14,146,-132
106000266,134,23,111
106000267,7,87,-80
106000268,579,80,499
106000269,67,59,8
106000270,183,582,-399
106000271,113,296,-183
106000272,360,70,290
106000273,14,305,-291
106000274,221,55,166
106000275,159,362,-203
106000276,212,48,164
106000277,142,256,-114
106000278,195,33,162
106000279,19,52,-33
106000280,80,107,-27
106000281,105,83,22
106000282,87,70,17
106000283,180,75,105
106000284,76,116,-40
106000285,132,105,27
106000286,80,175,-95
106000287,153,88,65
106000288,87,181,-94
106000289,100,64,36
106000290,50,110,-60
106000291,120,127,-7
106000292,106,107,-1
106000293,161,99,62
106000294,147,125,22
106000295,79,54,25
106000296,53,91,-38
106000297,100,270,-170
106000298,193,66,127
106000299,70,142,-72
106000300,55,108,-53
106000301,86,135,-49
106000303,44,104,-60
106000304,51,36,15
106000305,64,86,-22
106000306,55,64,-9
106000307,35,42,-7
106000308,51,173,-122
106000309,11,89,-78
106000310,357,515,-158
106000311,425,212,213
106000312,99,176,-77
106000313,160,297,-137
106000318,107,486,-379
106000319,1068,284,784
106000320,5,99,-94
106000321,647,147,500
106000322,136,192,-56
106000324,22,152,-130
106000325,1651,1088,563
106000326,1049,2069,-1020
106000327,161,139,22
106000328,91,143,-52
106000329,226,266,-40
106000330,211,102,109
106000428,127,196,-69
106000429,168,511,-343
106000430,424,1447,-1023
106000431,2621,493,2128
106000432,2086,3212,-1126
106000433,2464,1609,855
106000434,3468,1740,1728
106000435,1859,2864,-1005
106000436,20,221,-201
106000437,320,68,252
106000438,637,185,452
106000439,117,477,-360
106000440,596,482,114
106000441,2,1,1
106000442,143,8,135
106000443,192,414,-222
106000450,7,179,-172
106000451,29,74,-45
106000454,7,285,-278
106000455,8,248,-240
106000456,144,42,102
106000457,26,1212,-1186
106000458,777,151,626
106000459,123,553,-430
106000460,1671,51,1620
106000461,94,1626,-1532
106000462,1,25,-24
106000463,4,29,-25
106000464,10,530,-520
106000465,640,5,635
106000466,3,738,-735
106000467,511,759,-248
106000468,85,185,-100
106000469,256,8,248
106000470,337,1809,-1472
106000471,28,792,-764
106000472,220,25,195
106000473,46,29,17
106000474,303,572,-269
106000475,272,234,38
106000476,154,222,-68
106000477,20,54,-34
106900001,0,20,-20
106900002,0,546,-546
106900003,367,1201,-834
106900004,0,50,-50
106900006,0,7,-7
106900007,0,15,-15
106900008,331,289,42
106900009,361,366,-5
106900010,219,270,-51
106900012,1909,3773,-1864
106900013,1843,203,1640
106900014,30,8,22
106900015,26,3,23
106900016,298,11,287
106900017,8,0,8
106900018,4,0,4
106900019,63,1,62
106900020,3019,1564,1455
106900021,138,84,54
106900022,688,4,684
106900023,97,301,-204
106900024,1341,39,1302
106900025,96,807,-711
106900026,2,697,-695
106900027,783,5,778
107000001,4934,4565,369
107000002,4461,6469,-2008
107000003,6388,7559,-1171
107000004,6186,6874,-688
107000005,4931,6441,-1510
107000006,7351,6084,1267
107000007,7052,12255,-5203
107000008,15099,10933,4166
107000009,8473,8586,-113
107000010,13903,13080,823
107000011,1513,1746,-233
107000012,5333,3920,1413
107000013,93,118,-25
107000014,51,304,-253
107000015,591,883,-292
107000016,772,1017,-245
107000017,9105,2499,6606
107000018,145,1976,-1831
107000020,5790,2422,3368
107000021,2622,647,1975
107000022,1950,2116,-166
107000023,3713,390,3323
107000024,869,1826,-957
107000025,238,757,-519
107000026,498,687,-189
107000027,1524,2063,-539
107000028,1696,1913,-217
107000029,3885,4154,-269
107000030,4335,4053,282
107000031,4360,3897,463
107000032,679,1328,-649
107000033,3538,7835,-4297
107000034,4856,2166,2690
107000035,402,332,70
107000036,571,1405,-834
107000037,92,1067,-975
107000038,309,389,-80
107000039,1086,1009,77
107000040,185,532,-347
107000041,2281,1066,1215
107000042,885,2317,-1432
107000043,3380,1384,1996
107000044,671,519,152
107000045,165,410,-245
107000046,1112,521,591
107000047,617,1034,-417
107000048,853,440,413
107000049,681,972,-291
107000050,1235,668,567
107000051,507,495,12
107000052,1432,1238,194
107000053,447,250,197
107000054,74,354,-280
107000055,210,132,78
107000056,471,904,-433
107000057,1371,297,1074
107000058,2507,2762,-255
107000059,2521,4281,-1760
107000060,5132,6864,-1732
107000061,6309,4754,1555
107000062,4642,3658,984
107000063,4931,6318,-1387
107000064,5082,3005,2077
107000065,7534,6039,1495
107000066,2690,3799,-1109
107000067,1496,1401,95
107000068,1857,907,950
107000069,966,588,378
107000070,1831,62,1769
107000071,3292,66,3226
107000072,74,3522,-3448
107000073,923,397,526
107000074,196,1223,-1027
107000075,1889,620,1269
107000076,961,1900,-939
107000077,4168,1732,2436
107000078,3598,4268,-670
107000079,3174,1235,1939
107000080,1656,4124,-2468
107000081,1952,815,1137
107000082,733,2693,-1960
107000083,1587,552,1035
107000084,478,2684,-2206
107000085,3413,4008,-595
107000086,4344,4269,75
107000087,3405,2602,803
107000088,4280,4637,-357
107000089,1769,2111,-342
107000090,1406,1322,84
107000091,1619,1033,586
107000092,957,1290,-333
107000093,1425,1051,374
107000094,1174,1369,-195
107000095,940,876,64
107000096,739,1123,-384
107000097,1002,440,562
107000098,1097,813,284
107000099,736,359,377
107000100,386,462,-76
107000101,81,197,-116
107000102,269,458,-189
107000103,354,258,96
107000104,194,275,-81
107000105,415,199,216
107000106,260,335,-75
107000107,635,238,397
107000108,279,739,-460
107000109,774,193,581
107000110,98,622,-524
107000111,368,58,310
107000112,60,364,-304
107000113,596,130,466
107000114,96,622,-526
107000115,546,170,376
107000116,109,879,-770
107000117,165,714,-549
107000118,132,248,-116
107000119,1803,1806,-3
107000120,1510,554,956
107000121,958,863,95
107000122,1289,1224,65
107000123,526,770,-244
107000124,571,1115,-544
107000125,1043,757,286
107000126,1109,1097,12
107000129,346,705,-359
107000130,802,387,415
107000131,545,645,-100
107000132,769,514,255
107000133,1171,158,1013
107000134,468,5,463
107000135,2,386,-384
107000136,1056,12,1044
107000137,19,561,-542
107000138,603,48,555
107000139,38,595,-557
107000140,2772,187,2585
107000141,229,1012,-783
107000142,834,132,702
107000143,137,872,-735
107000144,903,616,287
107000145,272,625,-353
107000146,295,459,-164
107000147,3742,1114,2628
107000150,923,5520,-4597
107000151,41,172,-131
107000152,611,1675,-1064
107000153,224,505,-281
107000154,339,300,39
107000155,984,27,957
107000156,1465,41,1424
107000157,98,1882,-1784
107000158,630,37,593
107000159,61,1018,-957
107000160,995,253,742
107000161,113,2069,-1956
107000162,427,869,-442
107000163,400,8,392
107000164,765,5,760
107000165,993,24,969
107000166,107,1519,-1412
107000167,883,402,481
107000168,1118,719,399
107000169,996,1091,-95
107000170,2210,1229,981
107000171,942,2485,-1543
107000172,1101,1707,-606
107000173,884,1257,-373
107000174,1314,6957,-5643
107000175,8435,2235,6200
107000176,1,4,-3
107000177,8,0,8
107000178,11,58,-47
107000179,344,2437,-2093
107000180,1454,447,1007
107000181,524,1227,-703
107000182,1793,1308,485
107000183,157,1003,-846
107000184,1048,963,85
107000185,580,1875,-1295
107000186,1304,682,622
107000187,1735,1788,-53
107000188,780,748,32
107000189,583,1396,-813
107000190,779,922,-143
107000191,859,1205,-346
107000192,1765,965,800
107000193,489,613,-124
107000194,978,870,108
107000197,1127,391,736
107000198,412,876,-464
107000199,861,943,-82
107000200,881,904,-23
107000201,596,453,143
107000202,412,671,-259
107000203,1824,1244,580
107000204,1953,1433,520
107000205,2944,1324,1620
107000206,1408,1798,-390
107000207,847,1258,-411
107000208,1579,660,919
107000209,2726,1445,1281
107000210,1128,482,646
107000211,3,67,-64
107000212,31,420,-389
107000213,9,28,-19
107000214,16,183,-167
107000215,692,478,214
107000216,476,484,-8
107000217,336,196,140
107000219,129,220,-91
107000220,309,267,42
107000222,359,1084,-725
107000224,779,96,683
107000225,1189,584,605
107000226,525,116,409
107000227,173,370,-197
107000228,142,297,-155
107000229,184,261,-77
107000230,1167,626,541
107000231,2300,2069,231
107000232,174,180,-6
107000233,2322,1216,1106
107000234,4,52,-48
107000235,80,10,70
107000236,36,900,-864
107000237,28,0,28
107000238,43,2,41
107000239,4133,682,3451
107000240,176,1539,-1363
107000241,103,17,86
107000242,435,55,380
107000243,0,45,-45
107000244,7,91,-84
107000246,3,1193,-1190
107000249,10,1334,-1324
107000251,4,490,-486
107000252,4,1538,-1534
107000255,655,149,506
107000257,2,440,-438
107000258,3,157,-154
107000259,10,209,-199
107000260,636,25,611
107000262,13,710,-697
107000263,250,38,212
107000266,8,14,-6
107000267,176,240,-64
107000268,184,207,-23
107000269,1044,76,968
107000270,6,62,-56
107000271,32,802,-770
107000272,14,161,-147
107000273,34,303,-269
107000274,5384,553,4831
107000275,255,1820,-1565
107000280,874,64,810
107000281,70,1226,-1156
107000282,68,987,-919
107000290,31,30,1
107000291,14,22,-8
107000292,5,170,-165
107000293,222,7,215
107000294,0,59,-59
107000295,326,2,324
107000296,0,32,-32
107000444,508,8,500
107000496,5,24,-19
107000497,1951,2871,-920
107000500,371,431,-60
107000501,172,164,8
107000502,202,407,-205
107000505,487,955,-468
107000506,5,109,-104
107000508,14,905,-891
107000509,352,1272,-920
107000510,85,36,49
107000514,46,396,-350
107000515,26,252,-226
107000516,284,379,-95
107000518,1150,1361,-211
107000519,2279,1372,907
107000520,112,37,75
107000521,364,418,-54
107000522,606,566,40
107900001,80,212,-132
107900002,56,5,51
107900003,512,24,488
107900004,95,7,88
107900005,1300,12,1288
107900006,266,2,264
107900007,463,53,410
107900008,386,43,343
107900009,237,11,226
107900010,42,2,40
107900012,331,40,291
107900013,264,45,219
107900014,28,16,12
107900015,1084,17,1067
107900016,640,155,485
107900017,39,3,36
107900018,65,188,-123
107900019,41,50,-9
107900020,128,19,109
107900021,83,168,-85
107900023,8,7,1
107900024,0,42,-42
107900025,296,312,-16
107900026,100,86,14
107900027,67,83,-16
107900028,87,73,14
107900030,174,22,152
107900031,56,159,-103
107900032,35,6,29
107900033,25,15,10
107900034,450,36,414
107900035,786,94,692
107900036,86,21,65
107900037,0,47,-47
107900038,196,300,-104
107900039,33,86,-53
107900040,158,202,-44
107900041,5,5,0
107900043,46,165,-119
107900044,15,22,-7
107900045,129,72,57
107900046,146,301,-155
107900047,35,82,-47
107900048,167,10,157
107900049,593,2644,-2051
107900050,239,434,-195
107900051,115,90,25
107900052,61,44,17
107900053,48,131,-83
107900055,1072,440,632
107900056,210,93,117
107900057,1,0,1
107900058,59,730,-671
107900060,270,51,219
107900061,31,5,26
107900063,95,128,-33
107900064,361,215,146
107900065,178,40,138
107900066,31,9,22
107900067,5,0,5
107900068,222,610,-388
107900069,33,1786,-1753
107900070,117,33,84
107900071,22,790,-768
107900072,123,253,-130
107900073,435,119,316
107900074,1013,400,613
107900076,128,64,64
107900077,88,0,88
107900078,240,101,139
107900079,5,43,-38
107900080,415,765,-350
107900081,47,120,-73
107900082,47,25,22
107900083,459,231,228
107900084,107,165,-58
107900086,132,241,-109
107900087,864,197,667
107900088,39,17,22
107900089,307,1347,-1040
107900090,1156,3392,-2236
107900091,302,542,-240
107900092,2461,644,1817
107900093,139,165,-26
107900094,0,0,0
107900095,3975,2602,1373
107900097,49,113,-64
107900098,58,265,-207
107900100,1351,1385,-34
107900101,1273,351,922
107900102,38,7,31
107900103,65,242,-177
107900104,395,15,380
107900105,5,557,-552
107900106,13,1244,-1231
107900107,1995,630,1365
107900108,356,178,178
107900109,1286,21,1265
107900110,54,219,-165
107900111,10,1036,-1026
107900112,201,461,-260
107900113,276,185,91
107900114,196,239,-43
107900115,2,43,-41
107900116,207,312,-105
107900117,420,521,-101
107900118,100,287,-187
107900119,93,400,-307
107900120,22,31,-9
107900121,2,245,-243
107900122,7,133,-126
107900123,5,41,-36
107900124,27,47,-20
107900125,27,237,-210
107900126,17,70,-53
107900127,695,384,311
107900128,118,100,18
107900129,61,88,-27
107900130,78,59,19
107900131,1057,381,676
107900132,133,582,-449
107900133,3,95,-92
107900134,50,95,-45
107900135,10,197,-187
107900136,47,68,-21
107900137,203,108,95
107900138,83,179,-96
107900139,41,198,-157
107900140,145,83,62
107900141,63,57,6
107900142,121,1071,-950
107900143,358,46,312
107900144,3,174,-171
107900145,22,179,-157
107900146,64,147,-83
107900147,49,91,-42
107900148,177,179,-2
107900149,1173,342,831
107900150,77,838,-761
107900151,44,146,-102
107900152,29,291,-262
107900153,204,302,-98
107900154,84,63,21
107900155,89,112,-23
107900156,6,385,-379
107900157,64,67,-3
107900158,926,47,879
107900159,53,1101,-1048
107900160,156,220,-64
107900161,45,189,-144
107900162,3,165,-162
107900163,160,104,56
107900164,7,54,-47
107900165,61,164,-103
107900166,20,245,-225
107900167,24,44,-20
107900168,30,61,-31
107900169,3,165,-162
107900171,10,1596,-1586
107900172,8,437,-429
107900173,39,166,-127
107900174,117,11,106
107900175,135,56,79
107900176,36,55,-19
107900177,4,403,-399
107900178,0,158,-158
107900179,16,156,-140
107900180,746,534,212
107900181,1047,369,678
107900182,2,1260,-1258
107900183,41,317,-276
107900184,156,295,-139
107900185,126,8,118
107900186,38,58,-20
107900187,7,218,-211
107900188,831,192,639
107900189,34,185,-151
107900190,115,160,-45
107900191,88,164,-76
107900193,3,28,-25
107900194,266,16,250
107900195,3180,537,2643
107900196,90,140,-50
107900197,1121,493,628
107900199,4,1151,-1147
107900201,66,124,-58
107900203,54,105,-51
107900204,244,325,-81
107900205,239,476,-237
107900206,1187,353,834
107900207,6,700,-694
107900208,21,706,-685
107900209,527,211,316
107900210,89,130,-41
107900213,1158,858,300
107900214,29,121,-92
107900215,191,376,-185
107900216,265,104,161
107900217,65,109,-44
107900218,40,2144,-2104
107900219,30,135,-105
107900220,299,314,-15
107900221,261,294,-33
107900223,79,724,-645
107900224,163,489,-326
107900225,30,828,-798
107900226,93,129,-36
107900227,159,498,-339
107900228,19,143,-124
107900229,0,360,-360
107900230,15,130,-115
107900231,15,259,-244
107900232,64,152,-88
107900233,3,131,-128
107900234,88,217,-129
107900235,61,147,-86
107900236,99,103,-4
107900237,82,604,-522
107900238,36,114,-78
107900239,1010,566,444
107900240,39,131,-92
107900241,6,106,-100
107900242,35,289,-254
107900243,1,118,-117
107900244,418,2,416
107900245,605,58,547
107900246,744,49,695
107900248,295,561,-266
107900249,600,41,559
107900250,7,605,-598
107900251,129,1732,-1603
107900252,1045,45,1000
107900253,132,3,129
107900254,112,725,-613
107900255,392,129,263
107900256,2941,2224,717
107900257,264,190,74
107900258,168,244,-76
107900259,117,2172,-2055
107900261,1,361,-360
107900262,133,141,-8
107900264,271,15,256
107900265,233,207,26
107900267,224,16,208
107900268,28,7,21
107900269,0,9,-9
107900270,2,4,-2
107900271,2,19,-17
107900272,182,20,162
107900273,46,119,-73
107900274,98,1,97
107900275,61,0,61
107900276,1,118,-117
107900277,0,234,-234
107900278,307,477,-170
107900279,125,182,-57
107900280,2394,2748,-354
107900281,2199,2533,-334
107900282,59,560,-501
107900283,1238,626,612
107900284,927,804,123
107900285,116,107,9
107900286,209,130,79
107900287,182,254,-72
107900290,1,126,-125
107900291,531,28,503
107900292,207,316,-109
107900293,71,511,-440
107900295,59,74,-15
107900297,2,456,-454
107900298,1009,1126,-117
107900299,3795,2353,1442
107900300,72,281,-209
107900301,975,686,289
107900302,139,54,85
107900303,476,317,159
107900304,284,637,-353
107900305,303,22,281
107900306,9,29,-20
107900307,44,348,-304
107900308,186,151,35
107900309,117,4,113
107900310,1043,17,1026
107900311,23,691,-668
107900312,82,4,78
107900313,2,258,-256
107900314,2,74,-72
107900315,10,94,-84
107900316,68,4,64
107900317,129,23,106
107900318,21,196,-175
107900319,7,234,-227
107900320,1,199,-198
107900321,124,3,121
107900322,0,125,-125
107900323,8,189,-181
107900324,185,1,184
107900325,131,1,130
107900326,314,293,21
107900327,2,139,-137
107900328,207,4,203
107900329,214,179,35
107900330,12,520,-508
107900331,241,39,202
107900332,243,38,205
107900333,61,34,27
107900334,27,189,-162
107900335,167,56,111
107900336,123,68,55
107900337,1386,875,511
107900338,5,239,-234
107900339,2,26,-24
107900340,0,66,-66
107900341,63,3,60
107900342,186,176,10
107900343,84,6,78
107900344,12,89,-77
107900345,139,46,93
107900346,47,1,46
107900347,37,4,33
107900348,10,7,3
107900349,27,11,16
107900350,33,296,-263
108000001,3201,4357,-1156
108000002,2475,3161,-686
108000003,4175,3953,222
108000004,14566,18079,-3513
108000005,10213,7554,2659
108000006,10330,9653,677
108000007,5836,4722,1114
108000008,4888,7865,-2977
108000009,4329,5258,-929
108000010,3547,5618,-2071
108000011,14157,13545,612
108000012,21359,19815,1544
108000014,1516,872,644
108000015,770,344,426
108000016,305,731,-426
108000017,1199,531,668
108000018,2801,792,2009
108000019,3582,1045,2537
108000020,1645,755,890
108000021,500,2084,-1584
108000022,531,1490,-959
108000023,1392,367,1025
108000024,391,726,-335
108000025,333,294,39
108000026,681,513,168
108000027,860,569,291
108000028,734,352,382
108000029,650,669,-19
108000030,920,317,603
108000031,364,769,-405
108000032,1681,946,735
108000033,950,1372,-422
108000034,1895,791,1104
108000035,945,2699,-1754
108000036,429,1148,-719
108000037,1715,670,1045
108000038,2413,880,1533
108000039,565,2158,-1593
108000040,2212,1275,937
108000041,825,2753,-1928
108000042,353,323,30
108000043,186,355,-169
108000044,502,282,220
108000045,328,601,-273
108000046,1638,560,1078
108000047,546,1276,-730
108000048,279,410,-131
108000049,1502,360,1142
108000050,125,416,-291
108000051,301,142,159
108000052,276,805,-529
108000053,453,256,197
108000054,658,1165,-507
108000055,1292,696,596
108000056,1204,1408,-204
108000057,732,1394,-662
108000058,2250,4333,-2083
108000059,3714,2395,1319
108000060,178,422,-244
108000061,176,352,-176
108000062,819,632,187
108000063,540,627,-87
108000064,263,322,-59
108000065,614,720,-106
108000066,1633,998,635
108000067,1897,727,1170
108000068,779,557,222
108000069,253,1176,-923
108000070,2105,1034,1071
108000071,722,1857,-1135
108000072,1798,1603,195
108000073,1564,2300,-736
108000074,720,515,205
108000075,489,1128,-639
108000076,931,823,108
108000077,848,929,-81
108000078,2393,1950,443
108000079,991,2041,-1050
108000080,1326,747,579
108000081,868,2133,-1265
108000082,1037,2294,-1257
108000083,2050,1240,810
108000084,682,1395,-713
108000085,838,578,260
108000086,925,953,-28
108000087,172,2154,-1982
108000088,177,20,157
108000089,424,509,-85
108000090,533,216,317
108000091,311,588,-277
108000092,168,125,43
108000093,178,708,-530
108000094,543,132,411
108000095,148,406,-258
108000096,301,194,107
108000097,169,539,-370
108000098,1617,1757,-140
108000099,342,177,165
108000100,46,244,-198
108000101,1679,1749,-70
108000102,1994,3682,-1688
108000106,1429,4,1425
108000107,2,1003,-1001
108000108,1255,80,1175
108000109,12,789,-777
108000110,196,317,-121
108000111,208,753,-545
108000112,87,158,-71
108000113,562,290,272
108000115,407,362,45
108000117,893,416,477
108000118,93,294,-201
108000119,729,395,334
108000120,202,863,-661
108000121,264,549,-285
108000122,685,413,272
108000123,2214,300,1914
108000124,747,685,62
108000125,403,339,64
108000126,159,557,-398
108000127,548,594,-46
108000128,719,634,85
108000129,620,1335,-715
108000130,783,401,382
108000131,995,870,125
108000132,2302,1829,473
108000133,891,663,228
108000134,528,634,-106
108000135,1261,621,640
108000136,584,1245,-661
108000137,438,570,-132
108000138,467,1192,-725
108000139,567,406,161
108000140,136,38,98
108000141,43,121,-78
108000142,84,107,-23
108000143,64,40,24
108000144,72,14,58
108000145,44,27,17
108000146,75,19,56
108000147,29,25,4
108000148,75,27,48
108000149,47,34,13
108000150,52,13,39
108000151,81,27,54
108000152,132,633,-501
108000153,569,236,333
108000154,67,19,48
108000155,38,32,6
108000156,387,164,223
108000157,264,1017,-753
108000158,101,977,-876
108000159,574,273,301
108000160,3358,1321,2037
108000161,3307,3041,266
108000165,28,296,-268
108000172,2,283,-281
108000173,2326,2436,-110
108000175,284,169,115
108000178,426,361,65
108000179,210,1094,-884
108000181,80,38,42
108000182,144,19,125
108000183,85,44,41
108000184,1210,2332,-1122
108000185,332,672,-340
108000186,238,116,122
108000187,157,705,-548
108000188,786,318,468
108000189,763,1663,-900
108000190,49,161,-112
108000192,253,706,-453
108000193,1303,55,1248
108000194,59,7,52
108000195,2,1078,-1076
108000196,945,262,683
108000198,544,369,175
108000199,0,177,-177
108000200,542,721,-179
108000202,1,328,-327
108000203,153,817,-664
108000204,197,140,57
108000205,412,534,-122
108000339,1656,520,1136
108000364,133,375,-242
108000365,130,345,-215
108000367,240,484,-244
108000368,17,92,-75
108000369,1304,254,1050
108000371,1,635,-634
108000372,727,5,722
108000373,271,241,30
108000376,118,32,86
108000377,444,323,121
108000378,10448,11842,-1394
108000379,45,264,-219
108000381,81,37,44
108000382,228,5,223
108000383,0,149,-149
108900001,120,1291,-1171
108900002,192,76,116
108900003,400,700,-300
108900004,224,469,-245
108900005,76,419,-343
108900006,863,230,633
108900007,302,303,-1
108900008,111,213,-102
108900009,83,165,-82
108900010,276,257,19
108900011,457,525,-68
108900012,339,593,-254
108900013,214,328,-114
108900014,10,146,-136
108900015,0,104,-104
108900016,1,277,-276
108900017,514,525,-11
108900018,216,508,-292
108900019,34,934,-900
108900020,56,241,-185
108900021,138,239,-101
108900022,162,11,151
108900023,1,37,-36
108900024,38,148,-110
108900025,84,169,-85
108900026,17,100,-83
108900027,0,124,-124
108900028,92,374,-282
108900029,61,251,-190
108900030,0,142,-142
108900031,120,418,-298
108900032,41,304,-263
108900033,1,101,-100
108900034,1,263,-262
108900035,442,1494,-1052
108900036,245,338,-93
108900037,93,480,-387
108900038,1,322,-321
108900039,1,445,-444
108900040,9,94,-85
108900041,6178,3577,2601
108900042,12,485,-473
108900043,82,558,-476
108900044,1,501,-500
108900045,80,547,-467
108900046,93,888,-795
108900047,1,146,-145
108900048,144,1001,-857
108900049,3865,1467,2398
108900050,2,244,-242
108900051,0,186,-186
108900052,40,277,-237
108900053,159,201,-42
108900054,82,244,-162
108900055,77,422,-345
108900056,0,177,-177
108900057,2,175,-173
108900058,49,447,-398
108900059,425,46,379
108900060,103,159,-56
108900061,112,39,73
108900062,8,250,-242
108900063,17,309,-292
108900064,182,73,109
108900065,14,228,-214
108900066,392,132,260
108900067,19,226,-207
108900068,11,128,-117
108900069,54,71,-17
108900070,34,166,-132
108900071,73,96,-23
108900072,2548,961,1587
108900073,28,202,-174
108900074,200,388,-188
108900075,84,66,18
108900076,357,102,255
108900077,166,335,-169
108900078,24,176,-152
108900079,1028,230,798
108900080,65,923,-858
108900081,79,211,-132
108900082,94,138,-44
108900083,53,335,-282
108900084,465,158,307
108900085,2560,260,2300
108900086,108,307,-199
108900087,166,270,-104
108900088,973,466,507
108900089,38,180,-142
108900090,40,289,-249
108900091,138,123,15
108900092,535,438,97
108900093,153,132,21
108900094,221,107,114
108900095,299,505,-206
108900096,355,25,330
108900097,287,278,9
108900098,2703,867,1836
108900099,456,325,131
108900100,128,141,-13
108900101,240,181,59
108900102,125,975,-850
108900103,144,143,1
108900104,228,407,-179
108900105,5,1022,-1017
108900106,423,424,-1
108900108,510,79,431
108900109,147,45,102
108900110,382,518,-136
108900111,479,670,-191
108900112,294,57,237
108900113,27,66,-39
108900114,9,9,0
108900115,86,110,-24
108900116,129,24,105
108900117,197,29,168
108900118,519,23,496
108900119,257,48,209
108900120,235,192,43
108900121,280,136,144
108900122,131,15,116
108900123,105,169,-64
108900124,440,224,216
108900125,440,5,435
108900126,116,25,91
108900127,171,21,150
108900128,125,56,69
108900129,743,182,561
108900130,354,1,353
108900131,416,5,411
108900132,484,94,390
108900133,232,85,147
108900134,344,271,73
108900135,116,12,104
108900136,92,0,92
108900137,136,0,136
108900138,747,43,704
108900139,414,150,264
108900140,324,361,-37
108900141,308,18,290
108900142,148,11,137
108900143,35,1,34
108900144,135,0,135
108900145,143,12,131
108900146,61,1,60
108900147,220,0,220
108900148,90,53,37
108900149,860,528,332
108900150,306,10,296
108900151,423,27,396
108900152,326,50,276
108900153,166,453,-287
108900154,5466,637,4829
108900155,269,121,148
108900156,62,18,44
108900157,33,504,-471
108900158,540,45,495
108900159,15,304,-289
108900160,28,321,-293
108900161,18,518,-500
108900162,84,0,84
108900163,18,269,-251
108900164,33,133,-100
108900165,200,126,74
108900167,2031,6449,-4418
108900168,8569,3006,5563
108900169,53,125,-72
108900171,9155,3485,5670
108900172,251,84,167
108900173,287,447,-160
108900174,740,848,-108
108900176,160,547,-387
108900177,6265,6429,-164
108900178,4486,3663,823
108900179,726,1845,-1119
108900180,127,276,-149
108900182,54,323,-269
108900183,249,341,-92
108900184,749,347,402
108900185,327,523,-196
108900186,134,478,-344
108900187,416,80,336
108900188,514,82,432
108900189,566,216,350
108900190,76,3143,-3067
108900191,220,56,164
108900192,108,271,-163
108900193,674,124,550
108900194,45,623,-578
108900195,181,346,-165
108900196,38,370,-332
108900198,14,477,-463
108900199,275,425,-150
108900200,827,467,360
108900201,620,1696,-1076
108900203,566,126,440
108900204,362,12,350
108900205,224,30,194
108900206,635,52,583
108900207,187,103,84
108900208,17,345,-328
108900209,271,564,-293
108900210,253,242,11
108900211,275,600,-325
108900212,748,1748,-1000
108900215,95,518,-423
108900216,693,218,475
108900217,187,2,185
108900218,214,33,181
108900219,111,5,106
108900220,83,35,48
108900221,43,148,-105
108900222,325,25,300
108900223,10,152,-142
108900224,29,281,-252
108900225,0,221,-221
108900226,310,38,272
108900227,134,320,-186
108900230,342,303,39
108900231,49,255,-206
108900232,2,320,-318
108900233,500,166,334
108900234,384,264,120
108900235,264,720,-456
108900236,112,400,-288
108900237,152,268,-116
108900240,226,133,93
108900241,63,72,-9
108900245,22,1435,-1413
108900249,138,59,79
108900250,309,188,121
108900257,230,588,-358
108900258,17,238,-221
108900259,237,93,144
108900260,20,80,-60
108900261,87,184,-97
108900262,171,188,-17
108900263,65,202,-137
108900264,691,318,373
108900265,1266,512,754
108900266,1059,570,489
108900267,0,120,-120
108900268,11,9,2
108900269,109,20,89
108900270,92,8,84
108900271,56,18,38
108900272,225,11,214
108900273,1097,848,249
108900274,65,82,-17
109000001,4111,1575,2536
109000002,2016,1892,124
109000003,2863,540,2323
109000004,653,2463,-1810
109000005,2712,801,1911
109000006,802,2254,-1452
109000007,1642,867,775
109000008,590,1912,-1322
109000009,4160,1573,2587
109000010,1682,3943,-2261
109000011,3535,2872,663
109000012,2214,3844,-1630
109000013,4092,3632,460
109000014,2492,3648,-1156
109000015,4093,7737,-3644
109000016,7231,4208,3023
109000017,2561,1519,1042
109000018,1064,3344,-2280
109000019,2843,1577,1266
109000020,1170,2228,-1058
109000023,354,32,322
109000024,9,229,-220
109000025,407,514,-107
109000026,849,413,436
109000027,84,384,-300
109000028,129,128,1
109000029,133,213,-80
109000030,72,591,-519
109000031,280,199,81
109000032,171,531,-360
109000033,389,270,119
109000034,89,64,25
109000035,15,78,-63
109000036,202,381,-179
109000037,291,1391,-1100
109000038,875,494,381
109000039,1131,794,337
109000040,5297,8496,-3199
109000041,4023,2027,1996
109000042,654,1550,-896
109000044,386,77,309
109000045,119,418,-299
109000046,459,107,352
109000047,94,557,-463
109000048,1025,328,697
109000049,506,683,-177
109000050,468,340,128
109000051,368,355,13
109000052,575,1095,-520
109000053,291,138,153
109000054,702,674,28
109000055,471,448,23
109000056,520,888,-368
109000057,781,621,160
109000058,1226,497,729
109000059,1062,1539,-477
109000060,450,376,74
109000061,1016,1232,-216
109000062,237,424,-187
109000063,270,274,-4
109000064,735,253,482
109000065,143,297,-154
109000066,567,136,431
109000067,77,310,-233
109000068,3941,24,3917
109000069,1077,36,1041
109000070,14,1336,-1322
109000071,413,115,298
109000072,143,399,-256
109000073,42,107,-65
109000074,27,256,-229
109000075,115,437,-322
109000076,152,250,-98
109000077,415,369,46
109000078,87,234,-147
109000079,139,229,-90
109000080,139,147,-8
109000081,93,592,-499
109000082,610,262,348
109000083,276,759,-483
109000088,174,543,-369
109000089,413,76,337
109000090,201,495,-294
109000091,463,271,192
109000092,438,584,-146
109000093,286,231,55
109000094,449,0,449
109000095,132,525,-393
109000096,725,353,372
109000097,134,220,-86
109000098,43,186,-143
109000099,1272,431,841
109000100,257,696,-439
109000101,1924,852,1072
109000102,436,889,-453
109000103,549,849,-300
109000104,1736,638,1098
109000105,539,1415,-876
109000106,2341,1047,1294
109000107,840,2479,-1639
109000108,1847,821,1026
109000109,485,2251,-1766
109000110,1300,718,582
109000111,1075,2361,-1286
109000112,641,181,460
109000113,651,259,392
109000114,322,499,-177
109000115,1471,47,1424
109000116,9,345,-336
109000117,242,85,157
109000118,15,422,-407
109000119,1292,295,997
109000120,227,1039,-812
109000121,466,54,412
109000122,150,974,-824
109000123,69,73,-4
109000124,662,471,191
109000125,1001,452,549
109000126,507,994,-487
109000127,905,295,610
109000128,445,1673,-1228
109000129,2363,1051,1312
109000130,670,2272,-1602
109000131,1051,706,345
109000132,946,2302,-1356
109000133,504,1207,-703
109000134,955,1663,-708
109000135,1784,2124,-340
109000136,426,361,65
109000137,355,481,-126
109000138,622,439,183
109000139,501,509,-8
109000140,313,530,-217
109000141,627,604,23
109000142,157,562,-405
109000143,145,90,55
109000145,159,305,-146
109000146,71,167,-96
109000148,4097,2225,1872
109000149,36,65,-29
109000150,116,302,-186
109000155,773,693,80
109000156,1295,858,437
109000158,265,440,-175
109000159,226,695,-469
109000160,1056,343,713
109000161,310,1275,-965
109000162,2091,1009,1082
109000163,1220,2161,-941
109000164,1245,2910,-1665
109000165,1240,750,490
109000166,655,193,462
109000167,137,702,-565
109000170,43,88,-45
109000171,70,51,19
109000172,51,109,-58
109000173,44,92,-48
109000174,78,85,-7
109000175,71,110,-39
109000176,325,349,-24
109000177,31,176,-145
109000178,1439,637,802
109000179,6243,5726,517
109000180,6340,3978,2362
109000181,29,42,-13
109000182,40,32,8
109000183,44,50,-6
109000184,64,31,33
109000185,36,88,-52
109000188,876,2284,-1408
109000189,3243,1220,2023
109000190,561,561,0
109000191,399,578,-179
109000192,410,500,-90
109000193,194,359,-165
109000194,227,295,-68
109000195,164,437,-273
109000196,351,239,112
109000197,183,449,-266
109000198,307,145,162
109000199,112,495,-383
109000206,232,51,181
109000207,116,70,46
109000208,74,82,-8
109000209,204,152,52
109000210,197,686,-489
109000211,547,672,-125
109000214,475,403,72
109000215,186,106,80
109000216,247,313,-66
109000217,543,188,355
109000218,781,265,516
109000221,588,1279,-691
109000222,1092,338,754
109000223,344,385,-41
109000224,41,137,-96
109000225,73,66,7
109000226,75,245,-170
109000227,1096,1458,-362
109000228,14,1211,-1197
109000231,239,409,-170
109000232,310,303,7
109000236,303,910,-607
109000241,2520,2617,-97
109000242,2125,1757,368
109000293,69,136,-67
109000361,170,317,-147
109000364,404,655,-251
109000396,11,628,-617
109000397,422,12,410
109000399,129,544,-415
109000400,82,259,-177
109000403,135,902,-767
109000406,499,10,489
109000407,350,303,47
109000408,1,553,-552
109000410,1173,412,761
109000411,164,36,128
109900001,76,0,76
109900002,1044,24,1020
109900003,268,4,264
109900004,1136,200,936
109900005,82,54,28
109900006,639,235,404
109900007,733,656,77
109900008,0,46,-46
109900009,138,706,-568
109900010,576,30,546
109900011,112,75,37
109900012,502,270,232
109900013,426,270,156
109900014,540,117,423
109900015,532,333,199
109900016,240,46,194
109900017,188,326,-138
109900018,343,105,238
109900019,484,82,402
109900020,41,46,-5
109900021,35,33,2
109900022,106,297,-191
109900023,29,15,14
109900024,22,6,16
109900025,44,87,-43
109900026,3,200,-197
109900027,52,78,-26
109900028,1833,926,907
109900029,4,409,-405
109900030,60,23,37
109900031,0,246,-246
109900032,17,459,-442
109900033,13,518,-505
109900034,18,6,12
109900035,21,42,-21
109900036,24,123,-99
109900037,29,588,-559
109900038,101,242,-141
109900039,9,0,9
109900040,21,548,-527
109900041,83,428,-345
109900042,204,886,-682
109900044,400,252,148
109900045,341,119,222
109900046,21,72,-51
109900047,462,449,13
109900048,24,121,-97
109900049,15,40,-25
109900050,3,149,-146
109900051,3,69,-66
109900052,196,387,-191
109900053,6,356,-350
109900054,642,285,357
109900055,70,331,-261
109900056,30,249,-219
109900057,7,170,-163
109900058,0,92,-92
109900059,604,152,452
109900060,396,204,192
109900061,64,338,-274
109900062,1,200,-199
109900063,13,526,-513
109900064,555,322,233
109900065,117,142,-25
109900066,418,955,-537
109900067,5,298,-293
109900068,79,11,68
109900069,4,40,-36
109900070,45,444,-399
109900071,3,49,-46
109900072,29,205,-176
109900073,429,579,-150
109900074,10,61,-51
109900075,38,51,-13
109900076,23,201,-178
109900077,52,67,-15
109900078,100,220,-120
109900080,166,362,-196
109900081,34,266,-232
109900082,71,406,-335
109900083,27,104,-77
109900084,50,198,-148
109900085,228,847,-619
109900086,178,425,-247
109900087,349,635,-286
109900089,814,421,393
109900090,609,1172,-563
109900091,330,138,192
109900092,2497,42,2455
109900093,965,253,712
109900094,81,105,-24
109900095,286,281,5
109900096,41,7,34
109900097,96,1,95
109900098,402,56,346
109900099,236,3,233
109900100,58,0,58
109900101,421,36,385
109900102,603,46,557
109900103,26,58,-32
109900104,564,798,-234
109900105,548,27,521
109900106,610,101,509
109900107,783,152,631
109900108,148,512,-364
109900109,37,213,-176
109900110,141,424,-283
109900111,452,916,-464
109900112,334,654,-320
109900113,850,601,249
109900114,1752,1061,691
109900115,186,112,74
109900117,1210,185,1025
109900118,295,584,-289
109900119,854,458,396
109900120,82,39,43
109900121,585,637,-52
109900122,572,14,558
109900123,15,159,-144
109900124,60,752,-692
109900125,3,223,-220
109900126,256,116,140
109900128,263,55,208
109900130,7859,2731,5128
109900131,51,222,-171
109900132,38,197,-159
109900133,102,427,-325
109900134,156,125,31
109900135,511,104,407
109900136,118,185,-67
109900137,159,372,-213
109900140,300,207,93
109900142,1221,391,830
109900145,3,506,-503
109900146,542,62,480
109900148,72,110,-38
109900149,56,93,-37
109900150,12,131,-119
109900151,22,58,-36
109900152,4,50,-46
109900153,3,71,-68
109900154,110,1,109
109900155,82,40,42
109900157,72,261,-189
109900158,76,156,-80
109900159,219,75,144
109900160,176,85,91
109900161,267,123,144
109900162,186,206,-20
109900163,895,362,533
109900164,108,252,-144
109900165,243,11,232
109900166,7,212,-205
109900167,219,651,-432
109900168,276,734,-458
109900169,239,239,0
109900170,279,959,-680
109900171,159,137,22
109900172,383,304,79
109900173,3414,2464,950
109900174,52,182,-130
109900175,177,98,79
109900176,187,220,-33
109900177,93,269,-176
109900178,71,254,-183
109900179,386,38,348
109900180,9,16,-7
110000001,993,555,438
110000002,647,991,-344
110000003,1121,754,367
110000004,651,918,-267
110000005,572,2221,-1649
110000006,469,365,104
110000007,113,131,-18
110000008,37,53,-16
110000009,48,37,11
110000010,41,85,-44
110000011,52,102,-50
110000012,723,539,184
110000013,36,798,-762
110000014,793,533,260
110000015,312,915,-603
110000016,297,1960,-1663
110000017,3393,344,3049
110000018,3222,564,2658
110000019,17,116,-99
110000020,560,250,310
110000021,1197,555,642
110000022,1351,307,1044
110000023,14,167,-153
110000024,772,441,331
110000025,515,17,498
110000026,13,406,-393
110000027,1633,1089,544
110000028,916,857,59
110000029,588,785,-197
110000030,226,548,-322
110000031,314,613,-299
110000032,671,523,148
110000033,397,161,236
110000034,671,946,-275
110000035,1223,649,574
110000036,1260,962,298
110000037,314,603,-289
110000038,395,994,-599
110000039,821,3955,-3134
110000040,301,402,-101
110000041,278,1617,-1339
110000042,206,491,-285
110000043,1014,362,652
110000044,556,403,153
110000045,2139,200,1939
110000046,27,51,-24
110000047,50,46,4
110000048,20,86,-66
110000049,157,29,128
110000050,26,160,-134
110000051,68,16,52
110000052,38,22,16
110000053,258,51,207
110000054,716,417,299
110000055,1557,122,1435
110000056,423,127,296
110000057,405,657,-252
110000058,1364,686,678
110000059,1153,618,535
110000060,993,1372,-379
110000061,1145,904,241
110000062,782,1187,-405
110000063,43,121,-78
110000064,62,109,-47
110000065,80,103,-23
110000066,118,49,69
110000067,136,280,-144
110000068,309,307,2
110000069,224,143,81
110000071,150,165,-15
110000073,19,49,-30
110000075,11,142,-131
110000076,327,547,-220
110000077,485,2297,-1812
110000078,28,85,-57
110000080,334,874,-540
110000081,57,356,-299
110000082,46,547,-501
110000083,306,788,-482
110000084,1420,938,482
110000085,2488,1962,526
110000086,1867,2494,-627
110000087,15,82,-67
110000088,98,269,-171
110000089,366,136,230
110000090,945,361,584
110000091,1598,379,1219
110000092,28,77,-49
110000093,60,18,42
110000094,702,337,365
110000095,292,719,-427
110000096,2669,2272,397
110000097,1296,1338,-42
110000098,2522,715,1807
110000099,905,2029,-1124
110000100,963,646,317
110000101,17,458,-441
110000102,49,32,17
110000104,796,151,645
110000105,201,464,-263
110000106,778,421,357
110000107,329,474,-145
110000108,135,105,30
110000109,389,359,30
110000110,3857,5321,-1464
110000111,6777,3255,3522
110000112,1506,1482,24
110000113,512,2225,-1713
110000114,324,894,-570
110000115,376,501,-125
110000116,50,61,-11
110000117,231,369,-138
110000118,503,304,199
110000119,263,359,-96
110000120,514,294,220
110000121,79,486,-407
110000122,515,777,-262
110000123,691,912,-221
110000124,5,1261,-1256
110000125,1149,18,1131
110000126,341,31,310
110000127,1359,79,1280
110000128,60,1648,-1588
110000129,6,678,-672
110000130,313,213,100
110000131,328,376,-48
110000132,4,847,-843
110000133,56,808,-752
110000134,23,461,-438
110000135,219,63,156
110000136,91,335,-244
110000137,623,719,-96
110000138,865,755,110
110000139,859,1357,-498
110000140,1023,773,250
110000143,744,557,187
110000144,7032,2378,4654
110000145,2689,1539,1150
110000146,3173,1227,1946
110000147,672,840,-168
110000148,868,329,539
110000151,1303,1387,-84
110000152,1083,441,642
110000153,99,62,37
110000154,59,38,21
110000155,2448,5115,-2667
110000156,1189,3198,-2009
110000157,2956,2734,222
110000160,502,347,155
110000161,212,404,-192
110000166,673,160,513
110000167,999,651,348
110000168,1198,639,559
110000169,950,490,460
110000170,148,127,21
110000171,891,207,684
110000172,161,939,-778
110000173,1269,1388,-119
110000174,211,1165,-954
110000175,696,97,599
110000176,816,363,453
110000177,243,869,-626
110000178,556,2155,-1599
110000179,1377,438,939
110000180,222,272,-50
110000181,443,821,-378
110000182,576,166,410
110000183,11047,8102,2945
110000184,449,2869,-2420
110000185,2287,825,1462
110000186,993,997,-4
110000191,1043,384,659
110000192,832,13,819
110000193,1385,8,1377
110000194,23,1327,-1304
110000195,505,598,-93
110000196,404,444,-40
110000197,109,323,-214
110000198,430,83,347
110000199,342,152,190
110000200,2810,655,2155
110000201,2309,980,1329
110000202,1542,630,912
110000203,1281,966,315
110000204,8,300,-292
110000205,141,70,71
110000206,1008,1759,-751
110000207,1046,456,590
110000208,456,260,196
110000209,185,1252,-1067
110000210,1161,725,436
110000211,1395,918,477
110000212,381,1484,-1103
110000213,165,195,-30
110000214,299,272,27
110000215,212,442,-230
110000216,146,379,-233
110000217,361,215,146
110000218,256,404,-148
110000219,396,126,270
110000220,66,329,-263
110000221,343,153,190
110000222,58,230,-172
110000223,9,144,-135
110000224,78,17,61
110000225,369,856,-487
110000226,315,96,219
110000227,997,833,164
110000228,472,293,179
110000229,1,354,-353
110000230,992,807,185
110000231,232,314,-82
110000232,819,298,521
110000233,569,313,256
110000234,1423,1115,308
110000235,1153,1443,-290
110000236,835,802,33
110000237,3357,1601,1756
110000238,2159,1822,337
110000239,2267,1399,868
110000240,0,114,-114
110000242,0,34,-34
110000243,98,182,-84
110000244,192,452,-260
110000245,45,424,-379
110000246,1127,773,354
110000247,1463,4973,-3510
110000248,2331,1573,758
110000249,83,8,75
110000250,143,275,-132
110000251,399,605,-206
110000252,333,215,118
110000253,1657,750,907
110000254,766,1529,-763
110000255,380,1266,-886
110000256,571,405,166
110000257,784,574,210
110000258,4,554,-550
110000259,169,20,149
110000260,21,340,-319
110000263,634,144,490
110000264,437,552,-115
110000265,1804,2499,-695
110000266,3043,3778,-735
110000267,57,238,-181
110000268,402,562,-160
110000269,18,99,-81
110000270,102,11,91
110000271,1667,360,1307
110000272,1717,1207,510
110000273,4939,2055,2884
110000274,282,1425,-1143
110000275,2505,686,1819
110000276,422,370,52
110000277,441,475,-34
110000278,636,913,-277
110000279,1020,812,208
110000280,600,490,110
110000281,76,415,-339
110000282,503,49,454
110000283,122,186,-64
110000284,78,68,10
110000285,2,838,-836
110000286,36,1,35
110000287,68,2,66
110000288,23,125,-102
110000289,523,1813,-1290
110000290,1233,660,573
110000291,5292,1567,3725
110000292,1563,4301,-2738
110000293,1030,807,223
110000294,995,1314,-319
110000295,255,879,-624
110000296,488,454,34
110000297,2459,340,2119
110000298,249,730,-481
110000299,308,87,221
110000301,449,46,403
110000302,497,1262,-765
110000303,601,13,588
110000304,257,317,-60
110000305,1295,37,1258
110000306,177,1515,-1338
110000307,1811,15,1796
110000308,681,15,666
110000309,10,871,-861
110000310,827,81,746
110000311,16,694,-678
110000312,483,106,377
110000313,2982,3509,-527
110000314,3,280,-277
110000315,4096,3367,729
110000316,688,1773,-1085
110000317,1043,659,384
110000318,5,114,-109
110000319,30,28,2
110000320,78,91,-13
110000321,46,51,-5
110000322,374,465,-91
110000323,559,227,332
110000324,3985,2041,1944
110000325,3423,3188,235
110000327,822,433,389
110000328,208,570,-362
110000333,1190,824,366
110000334,1061,1765,-704
110000335,1210,650,560
110000336,1280,1368,-88
110000337,2091,709,1382
110000338,597,372,225
110000339,419,276,143
110000340,309,225,84
110000341,487,595,-108
110000342,769,8,761
110000343,0,26,-26
110000344,1583,185,1398
110000345,1464,242,1222
110000346,3437,2554,883
110000347,1494,1118,376
110000348,45,26,19
110000349,11,31,-20
110000350,77,8,69
110000351,1057,1012,45
110000352,733,1870,-1137
110000353,3150,990,2160
110000354,1281,4061,-2780
110000355,114,106,8
110000356,834,12,822
110000357,490,31,459
110000361,35,65,-30
110000362,74,110,-36
110000363,475,207,268
110000364,242,390,-148
110000365,246,6,240
110000366,2,128,-126
110000367,559,246,313
110000368,6,71,-65
110000369,237,6,231
110000373,4,335,-331
110000374,593,22,571
110000375,251,1851,-1600
110000376,27,121,-94
110000377,94,645,-551
110000378,20,421,-401
110000379,3320,2167,1153
110000380,92,28,64
110000383,0,1182,-1182
110000384,2733,1146,1587
110000385,5,215,-210
110000387,123,14,109
110000388,33,273,-240
110000389,831,15,816
110000391,1088,499,589
110000396,131,143,-12
110000397,192,271,-79
110000398,6,84,-78
110000399,205,1,204
110000587,282,91,191
110000589,263,213,50
110000640,257,112,145
110000652,96,370,-274
110000653,292,543,-251
110000654,198,223,-25
110000656,1,802,-801
110000674,33,34,-1
110000675,54,25,29
110000676,22,41,-19
110000679,463,1329,-866
110000682,99,262,-163
110000683,495,641,-146
110000684,9,53,-44
110000685,24,27,-3
110000686,1,42,-41
110000687,138,7,131
110000688,71,992,-921
110000689,49,57,-8
110000692,185,247,-62
110000693,233,404,-171
110000694,0,233,-233
110000695,388,808,-420
110000696,103,132,-29
110900001,335,20,315
110900002,680,221,459
110900003,679,733,-54
110900004,485,248,237
110900005,3095,2826,269
110900006,92,16,76
110900007,148,28,120
110900008,22,47,-25
110900009,462,102,360
110900010,10,103,-93
110900011,13,89,-76
110900012,16,125,-109
110900013,1387,191,1196
110900014,561,16,545
110900015,600,614,-14
110900016,40,159,-119
110900017,415,58,357
110900018,476,78,398
110900019,198,20,178
110900020,105,294,-189
110900021,97,756,-659
110900022,129,433,-304
110900023,138,563,-425
110900024,20,545,-525
110900025,21,74,-53
110900027,27,280,-253
110900028,82,181,-99
110900029,50,433,-383
110900030,38,279,-241
110900031,3,187,-184
110900032,1,105,-104
110900033,50,279,-229
110900035,24,627,-603
110900036,106,50,56
110900037,56,49,7
110900038,1117,216,901
110900039,11,305,-294
110900040,258,69,189
110900041,22,108,-86
110900042,141,50,91
110900043,5,111,-106
110900044,234,35,199
110900045,65,575,-510
110900046,56,283,-227
110900047,614,291,323
110900049,104,96,8
110900050,12,9,3
110900051,68,308,-240
110900052,4,164,-160
110900053,67,45,22
110900054,167,254,-87
110900055,22,2,20
110900056,75,154,-79
110900057,15,173,-158
110900058,303,250,53
110900059,737,669,68
110900060,477,186,291
110900061,29,73,-44
110900062,152,307,-155
110900063,56,383,-327
110900064,13,0,13
110900065,439,160,279
110900066,22,199,-177
110900067,398,746,-348
110900068,404,287,117
110900069,10,45,-35
110900071,266,659,-393
110900073,0,25,-25
110900074,340,95,245
110900075,444,114,330
110900077,915,903,12
110900078,36,61,-25
110900079,2551,1636,915
110900080,201,116,85
110900081,15,56,-41
110900082,129,145,-16
110900083,163,78,85
110900084,53,103,-50
110900085,99,287,-188
110900086,99,356,-257
110900087,608,162,446
110900088,26,1,25
110900090,42,51,-9
110900091,5,76,-71
110900093,450,205,245
110900095,62,69,-7
110900097,10,35,-25
110900098,40,84,-44
110900099,92,449,-357
110900100,0,30,-30
110900102,118,31,87
110900105,1187,286,901
110900108,24,106,-82
110900111,616,530,86
110900112,880,4,876
110900113,571,57,514
110900115,20,94,-74
110900116,805,1920,-1115
110900118,185,3116,-2931
110900119,4617,419,4198
110900120,19,63,-44
110900121,171,0,171
110900122,476,201,275
110900125,408,581,-173
110900127,942,1494,-552
110900128,340,299,41
110900129,530,879,-349
110900130,1251,680,571
110900131,897,77,820
110900132,362,118,244
110900133,718,280,438
110900135,126,458,-332
110900136,438,14,424
110900137,184,4,180
110900138,2219,759,1460
110900139,113,175,-62
110900140,114,5,109
110900141,6,144,-138
110900142,81,197,-116
110900143,270,139,131
110900144,3,736,-733
110900145,368,48,320
110900146,685,222,463
110900147,165,375,-210
110900148,4,345,-341
110900149,8,86,-78
110900150,64,34,30
110900151,8,104,-96
110900152,31,336,-305
110900153,187,135,52
111000001,597,521,76
111000002,732,705,27
111000003,1121,825,296
111000004,568,1095,-527
111000005,1533,1260,273
111000006,1106,1989,-883
111000007,5281,3411,1870
111000008,2603,4005,-1402
111000009,451,1223,-772
111000010,832,299,533
111000011,576,1184,-608
111000012,938,439,499
111000013,492,1300,-808
111000014,2267,697,1570
111000017,144,1213,-1069
111000018,321,542,-221
111000020,1287,2912,-1625
111000021,81,126,-45
111000023,75,105,-30
111000025,5406,4527,879
111000029,155,179,-24
111000030,62,175,-113
111000031,2572,2060,512
111000032,722,498,224
111000033,363,493,-130
111000034,253,209,44
111000037,1932,1275,657
111000038,4594,3246,1348
111000039,2449,2735,-286
111000040,2189,2882,-693
111000041,2121,2231,-110
111000042,3879,3099,780
111000043,2220,3660,-1440
111000044,2186,1312,874
111000045,2521,2689,-168
111000046,1889,2096,-207
111000047,2671,4726,-2055
111000049,654,516,138
111000050,1849,1706,143
111000051,616,1215,-599
111000052,788,1743,-955
111000053,474,1082,-608
111000054,429,1000,-571
111000055,1333,2046,-713
111000056,219,518,-299
111000057,113,668,-555
111000058,354,93,261
111000059,940,337,603
111000060,4782,974,3808
111000061,693,481,212
111000062,849,444,405
111000063,2986,1145,1841
111000064,586,855,-269
111000065,1155,1232,-77
111000066,537,691,-154
111000067,779,758,21
111000068,810,1413,-603
111000069,2168,2899,-731
111000070,1731,1278,453
111000071,313,898,-585
111000072,1228,581,647
111000073,344,903,-559
111000074,1635,2016,-381
111000075,1326,861,465
111000076,554,716,-162
111000077,2046,2082,-36
111000078,3495,1949,1546
111000079,1670,971,699
111000080,663,886,-223
111000081,2179,7039,-4860
111000082,770,833,-63
111000084,1069,966,103
111000085,1149,1747,-598
111000086,3323,1527,1796
111000087,722,933,-211
111000088,6642,2825,3817
111000089,964,1223,-259
111000090,1068,1687,-619
111000091,862,619,243
111000092,1360,1045,315
111000093,971,1244,-273
111000094,2396,1225,1171
111000095,818,2338,-1520
111000096,2357,8086,-5729
111000097,5754,2121,3633
111000098,1164,1524,-360
111000099,741,2104,-1363
111000100,494,1816,-1322
111000101,513,999,-486
111000102,241,640,-399
111000104,769,280,489
111000107,212,867,-655
111000109,947,364,583
111000110,1556,882,674
111000111,3387,729,2658
111000112,2540,806,1734
111000113,1159,1916,-757
111000114,2709,4291,-1582
111000115,6804,1727,5077
111000116,1038,1149,-111
111000117,508,952,-444
111000118,2421,1089,1332
111000119,1139,1343,-204
111000120,435,834,-399
111000121,339,796,-457
111000122,599,1443,-844
111000123,1221,3496,-2275
111000124,470,3037,-2567
111000125,320,1697,-1377
111000126,131,1001,-870
111000127,1142,263,879
111000128,2660,461,2199
111000129,3062,664,2398
111000130,2139,914,1225
111000131,1712,793,919
111000132,1415,949,466
111000133,246,213,33
111000134,166,193,-27
111000135,51,179,-128
111000136,374,319,55
111000138,15,4,11
111000140,7,9,-2
111000141,266,469,-203
111000142,25,153,-128
111000143,3,145,-142
111000144,81,456,-375
111000145,3323,45,3278
111000146,154,22,132
111000147,397,65,332
111000148,272,103,169
111000149,3,47,-44
111000150,30,7,23
111000151,5,46,-41
111000153,851,951,-100
111000154,771,298,473
111000155,96,229,-133
111000156,509,818,-309
111000157,282,1336,-1054
111000158,1063,968,95
111000159,3229,841,2388
111000160,485,424,61
111000161,33,348,-315
111000162,102,202,-100
111000163,782,1298,-516
111000164,814,5906,-5092
111000165,1303,772,531
111000166,2664,604,2060
111000167,197,588,-391
111000168,275,577,-302
111000169,364,797,-433
111000170,605,568,37
111000171,666,793,-127
111000172,232,594,-362
111000173,448,1093,-645
111000174,202,436,-234
111000175,62,390,-328
111000176,738,156,582
111000177,363,326,37
111000178,1516,460,1056
111000179,226,261,-35
111000180,319,639,-320
111000181,1242,371,871
111000182,247,244,3
111000183,962,400,562
111000184,440,272,168
111000185,511,492,19
111000186,661,363,298
111000187,164,230,-66
111000188,234,431,-197
111000189,1313,685,628
111000190,181,392,-211
111000191,211,434,-223
111000192,239,660,-421
111000193,335,416,-81
111000194,79,407,-328
111000195,240,390,-150
111000196,63,223,-160
111000197,634,201,433
111000198,1473,195,1278
111000199,240,204,36
111000200,442,469,-27
111000201,712,397,315
111000202,293,263,30
111000203,364,518,-154
111000204,480,1452,-972
111000213,160,510,-350
111000214,1973,1629,344
111000215,1273,1575,-302
111000217,1579,1328,251
111000218,1365,1476,-111
111000219,418,288,130
111000220,2250,1555,695
111000221,931,169,762
111000224,0,460,-460
111000225,468,370,98
111000226,165,2,163
111000227,56,4,52
111000228,49,402,-353
111000229,263,835,-572
111000230,334,486,-152
111000231,1205,1103,102
111000232,840,1204,-364
111000233,877,1031,-154
111000234,162,468,-306
111000239,165,246,-81
111000240,39,215,-176
111000241,57,376,-319
111000242,218,68,150
111000243,465,748,-283
111000244,644,131,513
111000245,2296,631,1665
111000246,543,577,-34
111000247,367,1066,-699
111000248,638,793,-155
111000249,557,775,-218
111000250,51,123,-72
111000251,39,117,-78
111000253,10,15,-5
111000255,20,11,9
111000257,49,27,22
111000260,112,1353,-1241
111000261,1462,185,1277
111000271,77,341,-264
111000273,4664,1843,2821
111000274,1528,2816,-1288
111000275,342,75,267
111000276,287,2292,-2005
111000277,286,543,-257
111000278,825,380,445
111000291,803,6374,-5571
111000298,612,317,295
111000299,648,146,502
111000300,185,652,-467
111000302,230,117,113
111000303,85,276,-191
111000312,112,76,36
111000315,2,172,-170
111000320,426,917,-491
111000321,462,127,335
111000322,389,611,-222
111000323,214,32,182
111000324,480,377,103
111000325,64,92,-28
111000326,190,422,-232
111000327,1072,516,556
111000328,249,648,-399
111000329,0,37,-37
111000330,65,8,57
111000331,63,4,59
111000332,610,1660,-1050
111000334,488,1567,-1079
111000335,1670,394,1276
111000337,1253,615,638
111000338,112,205,-93
111000339,698,499,199
111000340,408,724,-316
111000341,1204,1011,193
111000342,537,1249,-712
111000344,1243,909,334
111000345,428,91,337
111000346,22,116,-94
111000347,139,26,113
111000350,339,132,207
111000351,150,358,-208
111000352,259,120,139
111000353,130,331,-201
111000354,725,132,593
111000355,656,660,-4
111000358,308,1272,-964
111000360,240,784,-544
111000361,123,396,-273
111000546,1695,772,923
111000547,607,636,-29
111000548,129,450,-321
111000549,375,493,-118
111000550,88,1063,-975
111000551,839,212,627
111000552,3326,293,3033
111000907,537,82,455
111000908,21,0,21
111000916,1600,491,1109
111000917,100,496,-396
111000918,233,977,-744
111000920,548,24,524
111000921,7,306,-299
111000922,541,384,157
111000924,75,957,-882
111000925,2900,2491,409
111000926,1211,1874,-663
111000927,3371,5290,-1919
111000928,4992,3894,1098
111000929,2233,1662,571
111000930,1074,2769,-1695
111000931,2173,3341,-1168
111000932,4769,2890,1879
111000933,4376,3017,1359
111000934,2275,4359,-2084
111000935,1459,1596,-137
111000936,1219,2556,-1337
111000937,974,1883,-909
111000938,1727,1955,-228
111000939,529,52,477
111000940,501,230,271
111000941,518,565,-47
111000943,456,388,68
111000944,159,446,-287
111000945,141,1725,-1584
111001109,514,406,108
111001110,150,495,-345
111001111,66,15,51
111001112,160,3,157
111001113,2,168,-166
111001114,1134,158,976
111001115,55,557,-502
111001116,6257,4489,1768
111001117,824,3513,-2689
111001120,82,363,-281
111001121,207,249,-42
111001122,239,563,-324
111001123,241,135,106
111001124,80,249,-169
111900001,19,148,-129
111900002,25,911,-886
111900003,3,449,-446
111900004,101,172,-71
111900006,21,76,-55
111900007,112,7,105
111900008,243,6,237
111900009,173,249,-76
111900010,444,597,-153
111900012,75,120,-45
111900013,28,113,-85
111900014,5903,3708,2195
111900015,0,70,-70
111900016,0,136,-136
111900017,3,133,-130
111900018,268,8,260
111900019,4,198,-194
111900020,11,53,-42
111900021,51,120,-69
111900022,23,84,-61
111900023,153,142,11
111900024,2,80,-78
111900025,0,38,-38
111900026,0,105,-105
111900027,6,210,-204
111900028,2,395,-393
111900029,11,89,-78
111900030,51,464,-413
111900031,33,25,8
111900032,1,354,-353
111900033,6,122,-116
111900034,358,590,-232
111900035,114,280,-166
111900036,1,271,-270
111900038,314,632,-318
111900039,82,533,-451
111900040,3,555,-552
111900042,78,200,-122
111900043,1,320,-319
111900044,370,237,133
111900046,40,176,-136
111900048,250,680,-430
111900049,38,276,-238
111900050,120,37,83
111900051,13,255,-242
111900052,464,500,-36
111900053,1362,1516,-154
111900054,192,13,179
111900055,28,425,-397
111900056,302,329,-27
111900057,261,76,185
111900058,325,657,-332
111900059,2071,607,1464
111900060,458,4,454
111900061,19,257,-238
111900062,31,100,-69
111900063,466,263,203
111900064,130,256,-126
111900065,92,51,41
111900066,109,205,-96
111900067,2,472,-470
111900068,61,55,6
111900069,92,43,49
111900070,160,149,11
111900071,1,317,-316
111900072,35,26,9
111900073,833,144,689
111900074,11,253,-242
111900075,86,15,71
111900076,205,46,159
111900077,43,4,39
111900078,299,19,280
111900079,57,80,-23
111900080,248,278,-30
111900082,107,39,68
111900083,110,12,98
111900084,119,25,94
111900085,67,150,-83
111900086,41,6,35
111900087,31,1,30
111900088,514,14,500
111900089,152,3,149
111900090,77,78,-1
111900091,204,0,204
111900092,87,2,85
111900093,342,8,334
111900094,150,2,148
111900095,352,32,320
111900096,171,0,171
111900097,69,0,69
111900098,200,1,199
111900099,103,0,103
111900100,194,11,183
111900101,86,41,45
111900102,980,722,258
111900103,79,96,-17
111900104,295,85,210
111900105,303,187,116
111900106,1392,60,1332
111900110,2026,487,1539
111900111,371,226,145
111900112,807,2759,-1952
111900113,312,143,169
111900118,358,114,244
111900119,352,203,149
111900122,198,95,103
111900123,27,46,-19
111900124,56,126,-70
111900125,512,18,494
111900126,378,9,369
111900127,5,685,-680
111900128,5,543,-538
111900129,351,13,338
111900130,310,35,275
111900131,458,4,454
111900132,39,1179,-1140
111900133,19,409,-390
111900134,15,258,-243
111900135,11,45,-34
111900136,87,158,-71
111900137,97,79,18
111900138,20,147,-127
111900139,32,172,-140
111900140,136,79,57
111900141,122,29,93
111900142,110,45,65
111900143,27,311,-284
111900144,19,101,-82
111900145,4,557,-553
111900146,2,326,-324
111900147,193,477,-284
111900148,53,607,-554
111900149,15,284,-269
111900150,15,172,-157
111900151,12,33,-21
111900152,109,86,23
111900153,1725,501,1224
111900154,13,245,-232
111900155,52,83,-31
111900156,64,65,-1
111900157,91,19,72
111900158,556,46,510
111900159,291,12,279
111900160,282,1,281
111900161,168,7,161
111900162,90,175,-85
111900163,68,240,-172
111900164,128,94,34
111901113,367,231,136
111901114,794,349,445
111901115,90,6,84
111901116,83,6,77
111901117,28,51,-23
111901118,60,410,-350
111901119,870,105,765
111901121,207,290,-83
111901122,9,504,-495
111901123,175,362,-187
111901124,158,4,154
111901125,367,225,142
111901127,820,499,321
111901128,22,103,-81
111901129,14,180,-166
111901130,14,260,-246
111901131,3,235,-232
111901132,135,25,110
111901133,55,4,51
111901134,61,11,50
111901135,24,10,14
111901136,31,76,-45
111901137,1,37,-36
111901138,264,67,197
111901139,28,37,-9
111901140,6,127,-121
111901141,4,198,-194
111901142,4,129,-125
111901143,1,100,-99
111901144,62,43,19
111901145,163,371,-208
111901146,564,37,527
112000001,1998,1002,996
112000002,845,2771,-1926
112000003,1525,1262,263
112000004,756,1264,-508
112000005,3502,3995,-493
112000006,2645,2431,214
112000007,3086,2315,771
112000008,2861,4355,-1494
112000009,4331,3702,629
112000010,3313,3840,-527
112000011,2321,2287,34
112000012,7034,4984,2050
112000013,6871,4350,2521
112000014,3849,2579,1270
112000015,4938,4569,369
112000016,10008,2482,7526
112000017,5424,3850,1574
112000024,2962,1470,1492
112000026,4475,5901,-1426
112000027,1004,666,338
112000028,1970,2070,-100
112000029,579,848,-269
112000030,218,168,50
112000031,2071,5411,-3340
112000032,583,110,473
112000033,3047,2173,874
112000034,350,135,215
112000035,378,688,-310
112000036,1448,1469,-21
112000037,3218,1368,1850
112000038,2221,1525,696
112000039,73,116,-43
112000040,133,442,-309
112000041,592,688,-96
112000042,1562,570,992
112000050,1255,2023,-768
112000051,1236,1678,-442
112000054,2053,2255,-202
112000057,768,597,171
112000058,613,901,-288
112000059,686,1059,-373
112000061,3863,2368,1495
112000062,2162,975,1187
112000063,1384,1777,-393
112000064,5020,6142,-1122
112000065,2367,2791,-424
112000066,4037,1812,2225
112000067,1005,908,97
112000068,3769,2727,1042
112000069,997,2301,-1304
112000070,2349,1034,1315
112000071,1337,3272,-1935
112000072,2794,1088,1706
112000073,2312,2878,-566
112000074,1995,1516,479
112000075,1809,1703,106
112000076,4964,3413,1551
112000077,1779,695,1084
112000078,2360,976,1384
112000079,2152,1823,329
112000080,848,1093,-245
112000081,1808,3109,-1301
112000082,1666,1078,588
112000083,565,1450,-885
112000084,1314,1045,269
112000085,1415,1197,218
112000086,2229,1706,523
112000087,501,465,36
112000088,843,680,163
112000089,487,434,53
112000090,444,365,79
112000091,708,1288,-580
112000092,1938,1453,485
112000093,1764,1191,573
112000094,687,1046,-359
112000095,655,994,-339
112000096,603,764,-161
112000097,1369,988,381
112000098,1273,1479,-206
112000099,846,1953,-1107
112000100,2033,991,1042
112000101,749,1231,-482
112000102,1291,634,657
112000103,329,1436,-1107
112000105,538,1885,-1347
112000106,1412,549,863
112000107,35,423,-388
112000108,201,1896,-1695
112000109,73,135,-62
112000110,2303,925,1378
112000111,1770,4721,-2951
112000112,7361,845,6516
112000113,1116,2108,-992
112000114,5274,1352,3922
112000115,538,655,-117
112000116,970,1490,-520
112000117,1225,1040,185
112000118,1642,1181,461
112000119,583,1014,-431
112000120,64,490,-426
112000121,127,581,-454
112000122,278,234,44
112000123,692,267,425
112000124,421,116,305
112000125,295,376,-81
112000126,258,517,-259
112000127,3562,2620,942
112000128,1499,955,544
112000129,125,138,-13
112000130,264,139,125
112000131,46,385,-339
112000132,150,321,-171
112000133,476,231,245
112000134,565,427,138
112000135,3406,866,2540
112000136,2485,1850,635
112000137,5019,2304,2715
112000138,6224,1708,4516
112000139,1114,712,402
112000140,1814,1285,529
112000141,858,389,469
112000142,225,817,-592
112000143,1247,257,990
112000144,446,1624,-1178
112000145,2613,744,1869
112000146,675,2344,-1669
112000147,3045,2357,688
112000148,2207,2853,-646
112000149,588,830,-242
112000150,397,1004,-607
112000151,386,495,-109
112000152,433,702,-269
112000153,175,485,-310
112000154,150,339,-189
112000155,154,121,33
112000157,1272,699,573
112000158,377,592,-215
112000159,583,466,117
112000167,529,112,417
112000169,333,536,-203
112000173,976,368,608
112000175,669,564,105
112000176,3863,2525,1338
112000177,779,250,529
112000178,129,605,-476
112000179,327,150,177
112000180,376,558,-182
112000181,1654,2375,-721
112000182,1355,2095,-740
112000183,59,108,-49
112000184,408,531,-123
112000185,632,754,-122
112000187,4870,3159,1711
112000195,262,32,230
112000196,371,1,370
112000197,264,238,26
112000198,55,300,-245
112000199,1994,1545,449
112000202,454,64,390
112000216,82,363,-281
112000230,96,6,90
112000231,10,338,-328
112000256,57,378,-321
112000313,116,246,-130
112000314,61,60,1
112000337,653,688,-35
112000352,497,457,40
112000392,1573,1413,160
112000398,1334,1249,85
112000399,2059,2708,-649
112000400,2145,4309,-2164
112000401,3859,3486,373
112000402,3804,3862,-58
112000403,2683,3743,-1060
112000404,928,1104,-176
112000405,1949,3489,-1540
112000406,4112,3134,978
112000407,7734,10111,-2377
112000408,9297,8564,733
112000409,1956,6153,-4197
112000410,658,349,309
112000411,5033,2509,2524
112000412,1794,886,908
112000413,9737,6186,3551
112000414,113,110,3
112000415,153,76,77
112000416,2608,2039,569
112000417,265,89,176
112000421,84,289,-205
112000422,508,470,38
112000424,2892,3415,-523
112000425,558,888,-330
112000426,135,445,-310
112000427,0,26,-26
112000428,351,479,-128
112000429,3077,3368,-291
112000430,2968,3792,-824
112000431,78,207,-129
112000432,803,1508,-705
112000433,555,1100,-545
112000437,84,195,-111
112900001,58,4,54
112900002,462,1269,-807
112900003,71,461,-390
112900004,55,414,-359
112900005,196,336,-140
112900006,9,410,-401
112900007,38,219,-181
112900008,2,32,-30
112900009,443,148,295
112900010,467,1180,-713
112900011,280,366,-86
112900012,2,58,-56
112900013,12,362,-350
112900014,11,547,-536
112900015,500,894,-394
112900016,4,342,-338
112900017,51,249,-198
112900018,1,348,-347
112900019,56,331,-275
112900020,462,1288,-826
112900021,6,274,-268
112900022,19,88,-69
112900023,8,246,-238
112900024,21,295,-274
112900025,141,320,-179
112900026,3,300,-297
112900027,14,1256,-1242
112900028,39,158,-119
112900029,21,603,-582
112900030,184,239,-55
112900031,16,554,-538
112900032,372,362,10
112900034,5,69,-64
112900035,12,530,-518
112900036,175,166,9
112900037,290,305,-15
112900038,723,230,493
112900039,18,358,-340
112900040,6,706,-700
112900041,1032,1357,-325
112900042,123,377,-254
112900043,62,66,-4
112900044,645,611,34
112900045,484,456,28
112900046,399,76,323
112900047,18,39,-21
112900049,201,120,81
112900050,58,656,-598
112900051,502,822,-320
112900052,7,1174,-1167
112900053,1405,190,1215
112900054,288,71,217
112900055,214,55,159
112900056,542,259,283
112900057,36,771,-735
112900058,352,353,-1
112900059,227,175,52
112900060,23,231,-208
112900061,152,146,6
112900062,89,150,-61
112900063,186,21,165
112900064,238,249,-11
112900065,73,37,36
112900066,364,173,191
112900067,663,234,429
112900068,55,47,8
112900069,2322,1202,1120
112900071,33,5,28
112900072,225,2518,-2293
112900073,680,113,567
112900074,144,292,-148
112900075,1688,1078,610
112900076,133,53,80
112900078,405,503,-98
112900079,371,70,301
112900080,97,2,95
112900081,46,239,-193
112900082,506,21,485
112900083,118,91,27
112900084,333,116,217
112900086,135,2,133
112900087,835,221,614
112900088,232,20,212
112900089,977,32,945
112900090,65,27,38
112900091,248,8,240
112900092,340,356,-16
112900093,1931,34,1897
112900095,61,1,60
112900096,544,179,365
112900097,152,417,-265
112900098,380,4,376
112900099,797,18,779
112900100,165,2,163
112900101,676,6,670
112900102,531,31,500
112900103,274,13,261
112900104,254,12,242
112900105,37,0,37
112900106,491,173,318
112900107,29,2,27
112900108,25,0,25
112900109,106,3,103
112900110,1406,25,1381
112900111,738,8,730
112900112,409,4,405
112900113,0,18,-18
112900114,141,83,58
112900115,1475,4,1471
112900116,188,31,157
112900117,146,128,18
112900118,37,83,-46
112900119,208,5,203
112900120,998,414,584
112900121,158,282,-124
112900122,75,159,-84
112900123,166,19,147
112900124,17,166,-149
112900125,113,594,-481
112900126,285,307,-22
112900127,433,187,246
112900128,442,868,-426
112900129,2,1008,-1006
112900130,342,123,219
112900131,62,253,-191
112900132,381,507,-126
112900133,33,1399,-1366
112900134,1,331,-330
112900135,205,43,162
112900137,3,552,-549
112900138,8,388,-380
112900139,255,1259,-1004
112900141,883,65,818
112900142,147,146,1
112900143,43,682,-639
112900144,1,409,-408
112900145,28,490,-462
112900146,5,1427,-1422
112900147,5,1975,-1970
112900148,119,3,116
112900149,413,1343,-930
112900151,33,82,-49
112900152,4355,1215,3140
112900153,2411,2897,-486
112900154,2,186,-184
112900155,218,59,159
112900156,388,1753,-1365
112900157,299,82,217
112900158,83,43,40
112900159,275,159,116
112900160,117,387,-270
112900161,110,48,62
112900162,38,37,1
112900163,142,63,79
112900164,45,336,-291
112900165,481,43,438
112900166,31,69,-38
112900167,15,72,-57
112900168,9,3,6
112900169,17,19,-2
112900170,209,126,83
112900172,74,26,48
112900173,247,138,109
112900174,333,74,259
112900175,242,178,64
112900176,12,106,-94
112900177,240,67,173
112900178,1025,2896,-1871
112900179,52,542,-490
112900180,2509,2036,473
112900181,615,20,595
112900182,50,1345,-1295
112900183,212,433,-221
112900184,473,540,-67
112900185,426,725,-299
112900186,1946,1309,637
112900187,110,793,-683
112900188,1029,792,237
112900189,22,57,-35
112900190,4,50,-46
112900192,793,866,-73
112900193,1504,464,1040
112900194,66,108,-42
112900195,1334,97,1237
112900196,309,428,-119
112900197,305,470,-165
112900199,591,600,-9
112900200,570,260,310
112900201,145,110,35
112900202,391,978,-587
112900203,251,317,-66
112900204,1198,915,283
112900205,15,12,3
112900206,25,85,-60
112900207,27,0,27
112900208,126,346,-220
112900209,496,488,8
112900210,0,27,-27
112900211,182,170,12
112900212,0,156,-156
112900213,48,18,30
112900214,33,27,6
112900215,8,215,-207
112900216,46,84,-38
112900217,0,46,-46
112900218,84,49,35
112900219,409,16,393
112900220,15,0,15
112900221,60,128,-68
112900222,0,47,-47
112900223,1246,29,1217
112900224,366,626,-260
112900225,457,473,-16
112900226,287,431,-144
112900227,754,1255,-501
112900228,61,57,4
112900229,183,84,99
112900230,8366,4972,3394
112900232,420,330,90
112900233,90,234,-144
112900234,26,114,-88
112900235,172,49,123
112900236,276,17,259
112900237,181,260,-79
112900238,2,49,-47
112900239,1180,492,688
113000001,6934,5847,1087
113000002,4454,4658,-204
113000003,2281,1949,332
113000004,2309,2847,-538
113000005,1942,1220,722
113000006,1312,1726,-414
113000007,2614,1529,1085
113000008,2131,2266,-135
113000009,1246,1067,179
113000010,1677,1776,-99
113000011,1616,2659,-1043
113000012,2292,1252,1040
113000013,4671,1176,3495
113000014,2963,5002,-2039
113000015,1693,1137,556
113000016,1249,2717,-1468
113000017,250,799,-549
113000018,733,208,525
113000019,368,647,-279
113000020,802,152,650
113000021,1850,668,1182
113000022,922,1380,-458
113000025,1271,4873,-3602
113000026,524,687,-163
113000027,1011,728,283
113000028,1362,1020,342
113000029,1067,905,162
113000030,711,860,-149
113000031,338,416,-78
113000032,424,338,86
113000033,433,481,-48
113000034,562,416,146
113000035,64,53,11
113000036,38,98,-60
113000037,80,62,18
113000038,25,87,-62
113000039,86,489,-403
113000040,79,87,-8
113000042,908,889,19
113000051,1150,2972,-1822
113000052,2371,1069,1302
113000053,518,546,-28
113000054,420,1001,-581
113000055,1429,866,563
113000056,961,1112,-151
113000058,811,1001,-190
113000059,1321,904,417
113000060,236,657,-421
113000061,755,1122,-367
113000062,1261,305,956
113000063,204,145,59
113000064,54,384,-330
113000065,197,1003,-806
113000066,667,112,555
113000067,2035,1738,297
113000068,404,1667,-1263
113000069,769,1553,-784
113000070,2980,1428,1552
113000071,799,963,-164
113000072,859,668,191
113000073,607,1870,-1263
113000074,1336,644,692
113000075,2286,879,1407
113000076,812,2280,-1468
113000077,1504,732,772
113000078,964,2828,-1864
113000079,1060,956,104
113000080,956,865,91
113000081,1369,1118,251
113000082,2122,1061,1061
113000083,641,1080,-439
113000084,1860,1532,328
113000085,948,840,108
113000086,1359,1331,28
113000087,1737,1113,624
113000088,2893,1619,1274
113000089,1189,2076,-887
113000090,349,691,-342
113000091,754,529,225
113000094,1470,243,1227
113000095,264,1046,-782
113000096,162,867,-705
113000097,1248,508,740
113000098,190,38,152
113000099,1307,501,806
113000100,241,451,-210
113000101,471,780,-309
113000102,719,488,231
113000103,2611,718,1893
113000104,628,2462,-1834
113000105,1001,524,477
113000106,434,670,-236
113000107,909,897,12
113000108,812,1540,-728
113000109,625,2091,-1466
113000110,1928,611,1317
113000111,159,693,-534
113000112,386,451,-65
113000113,2066,414,1652
113000114,391,1776,-1385
113000116,1099,416,683
113000117,1000,175,825
113000118,186,701,-515
113000119,481,440,41
113000120,93,314,-221
113000121,1005,1215,-210
113000124,329,196,133
113000125,95,856,-761
113000127,3085,459,2626
113000128,1150,834,316
113000129,680,1369,-689
113000133,2894,2322,572
113000134,10,1447,-1437
113000135,5081,5058,23
113000137,2456,3760,-1304
113000139,521,282,239
113000140,212,282,-70
113000141,608,318,290
113000142,1032,1680,-648
113000143,407,309,98
113000144,349,894,-545
113000145,101,241,-140
113000146,265,122,143
113000147,246,171,75
113000148,176,190,-14
113000149,127,154,-27
113000150,606,400,206
113000151,132,76,56
113000152,32,113,-81
113000153,2095,722,1373
113000154,1094,2323,-1229
113000155,488,789,-301
113000156,221,615,-394
113000157,527,1136,-609
113000158,925,416,509
113000159,1185,1203,-18
113000160,969,1325,-356
113000161,414,633,-219
113000162,1065,823,242
113000163,244,75,169
113000164,18,135,-117
113000166,167,171,-4
113000167,79,144,-65
113000168,120,128,-8
113000169,177,124,53
113000170,126,151,-25
113000171,86,118,-32
113000172,303,103,200
113000173,63,37,26
113000174,261,549,-288
113000175,527,196,331
113000176,581,321,260
113000177,364,507,-143
113000178,431,429,2
113000179,332,376,-44
113000180,903,1620,-717
113000181,1317,1178,139
113000182,220,645,-425
113000183,230,832,-602
113000184,36,153,-117
113000189,653,1093,-440
113000190,1332,835,497
113000192,2108,2739,-631
113000193,5412,1589,3823
113000194,2503,1541,962
113000195,3163,1320,1843
113000196,214,93,121
113000197,2996,1455,1541
113000198,165,787,-622
113000199,1948,538,1410
113000201,303,359,-56
113000202,4587,1658,2929
113000203,421,166,255
113000204,1836,2516,-680
113000205,22,34,-12
113000206,14,62,-48
113000207,115,36,79
113000208,90,88,2
113000209,40,27,13
113000210,14,64,-50
113000211,203,231,-28
113000212,133,47,86
113000213,138,241,-103
113000214,189,341,-152
113000234,268,999,-731
113000410,3937,788,3149
113000411,3998,5418,-1420
113000412,8652,3214,5438
113000413,3744,3705,39
113000414,9088,19379,-10291
113000415,3128,3929,-801
113000416,11067,5636,5431
113000417,3413,3827,-414
113000418,5714,4261,1453
113000419,2193,2811,-618
113000420,5424,7310,-1886
113000421,5392,7885,-2493
113000422,15687,13481,2206
113000423,2893,6244,-3351
113000424,4047,9619,-5572
113000425,13,98,-85
113000428,1129,407,722
113000430,341,3859,-3518
113000432,2192,289,1903
113000433,169,943,-774
113000434,29,166,-137
113000435,78,885,-807
113000436,53,1535,-1482
113000437,1174,29,1145
113000438,349,20,329
113000439,24,186,-162
113000440,123,49,74
113000441,223,245,-22
113000442,145,256,-111
113000443,265,252,13
113000444,159,280,-121
113000445,136,141,-5
113000446,54,131,-77
113000448,194,151,43
113000449,303,1095,-792
113000450,868,2671,-1803
113000451,1127,264,863
113000452,538,503,35
113000453,62,404,-342
113000454,991,86,905
113000455,28,278,-250
113000456,4825,3394,1431
113000468,2188,350,1838
113000469,189,280,-91
113000470,428,46,382
113000471,17,402,-385
113000472,120,438,-318
113000474,693,685,8
113000475,1956,2138,-182
113000476,1484,2358,-874
113000477,3612,2594,1018
113000478,5098,6706,-1608
113000479,100,247,-147
113000480,137,201,-64
113000483,0,0,0
113000484,0,0,0
113000485,8,0,8
113000486,40,4,36
113000487,0,0,0
113000488,7,15,-8
113000489,1,27,-26
113000490,0,31,-31
113000491,33,59,-26
113000492,25,9,16
113000493,11,0,11
113000495,182,205,-23
113000496,115,184,-69
113000497,0,0,0
113000500,0,2,-2
113900001,2,199,-197
113900002,0,140,-140
113900003,4,100,-96
113900004,2,52,-50
113900005,0,41,-41
113900006,1,17,-16
113900007,55,31,24
113900008,37,0,37
113900009,162,1,161
113900010,118,0,118
113900011,56,2,54
113900012,38,6,32
113900013,387,3,384
113900014,667,2,665
113900015,1,83,-82
113900016,34,2,32
113900017,4,67,-63
113900018,545,239,306
113900019,215,80,135
113900020,188,4,184
113900022,23,0,23
113900023,19,0,19
113900024,182,75,107
113900025,338,25,313
113900026,61,1,60
113900027,16,102,-86
113900028,31,553,-522
113900029,96,218,-122
113900030,195,1,194
113900031,14,0,14
113900032,46,1,45
113900033,73,103,-30
113900035,60,2,58
113900036,29,143,-114
113900037,166,508,-342
113900038,62,140,-78
113900039,165,26,139
113900040,7,13,-6
113900041,4,8,-4
113900042,129,68,61
113900043,193,150,43
113900044,968,418,550
113900045,81,5,76
113900046,418,759,-341
113900047,50,142,-92
113900048,256,128,128
113900049,780,323,457
113900050,247,360,-113
113900051,341,495,-154
113900052,224,175,49
113900053,841,751,90
113900054,53,3,50
113900055,142,525,-383
113900056,63,181,-118
113900057,23,210,-187
113900058,100,163,-63
113900059,293,416,-123
113900060,217,269,-52
113900061,1179,357,822
113900062,103,26,77
113900063,139,150,-11
113900064,53,188,-135
113900065,483,23,460
113900066,486,390,96
113900067,203,279,-76
113900068,548,497,51
113900069,112,32,80
113900070,232,653,-421
113900071,76,72,4
113900072,85,189,-104
113900073,261,464,-203
113900074,150,400,-250
113900075,1592,1269,323
113900076,188,21,167
113900077,76,229,-153
113900078,52,70,-18
113900079,7,67,-60
113900080,601,320,281
113900081,56,269,-213
113900082,132,337,-205
113900083,349,435,-86
113900084,306,122,184
113900085,67,312,-245
113900086,35,30,5
113900087,69,194,-125
113900088,67,122,-55
113900089,517,48,469
113900090,651,591,60
113900091,29,30,-1
113900092,65,127,-62
113900093,118,938,-820
113900094,502,554,-52
113900095,182,154,28
113900096,340,71,269
113900097,35,135,-100
113900098,601,93,508
113900099,3,61,-58
113900100,0,0,0
113900101,37,87,-50
113900102,182,185,-3
113900103,383,360,23
113900104,160,256,-96
113900105,120,251,-131
113900106,1,65,-64
113900107,1,32,-31
113900108,298,279,19
113900109,443,222,221
113900110,81,18,63
113900111,163,143,20
113900112,126,101,25
113900113,1177,685,492
113900114,2,81,-79
113900115,4,102,-98
113900116,168,194,-26
113900117,110,40,70
113900118,263,366,-103
113900119,267,609,-342
113900120,90,64,26
113900121,72,106,-34
113900122,483,1958,-1475
113900123,496,271,225
113900124,1,75,-74
113900125,976,189,787
113900126,282,85,197
113900127,401,906,-505
113900128,136,73,63
113900129,24,169,-145
113900130,27,83,-56
113900131,287,99,188
113900132,94,74,20
113900133,16,88,-72
113900135,365,441,-76
113900136,138,106,32
113900137,340,332,8
113900138,71,222,-151
113900139,426,138,288
113900140,375,452,-77
113900141,642,372,270
113900142,154,128,26
113900143,12,32,-20
113900144,361,286,75
113900145,438,220,218
113900146,125,103,22
113900148,149,291,-142
113900149,213,108,105
113900150,987,624,363
113900151,459,266,193
113900152,42,61,-19
113900153,370,720,-350
113900154,6,160,-154
113900155,260,208,52
113900156,293,476,-183
113900157,62,342,-280
113900158,646,612,34
113900159,27,323,-296
113900160,1055,800,255
113900161,111,251,-140
113900162,1002,1146,-144
113900163,374,379,-5
113900164,332,75,257
113900165,1386,573,813
113900166,367,204,163
113900167,309,64,245
113900168,165,119,46
113900169,307,457,-150
113900171,218,88,130
113900172,12,243,-231
113900173,69,646,-577
113900174,650,679,-29
113900175,417,151,266
113900176,623,751,-128
113900177,455,288,167
113900178,469,148,321
113900179,30,503,-473
113900180,178,128,50
113900181,669,194,475
113900182,1103,1456,-353
113900183,58,120,-62
113900184,16,669,-653
113900185,268,114,154
113900186,58,55,3
113900187,36,208,-172
113900188,63,240,-177
113900189,366,130,236
113900190,419,182,237
113900191,131,270,-139
113900192,6,565,-559
113900193,34,293,-259
113900194,2021,1325,696
113900195,304,412,-108
113900196,22,246,-224
113900197,3,209,-206
113900198,48,273,-225
113900199,280,787,-507
113900200,30,347,-317
113900201,1,185,-184
113900202,58,337,-279
113900203,0,120,-120
113900204,74,579,-505
113900205,21,224,-203
113900206,8,186,-178
113900207,2,70,-68
113900208,3,104,-101
113900209,2,104,-102
113900210,1083,1047,36
113900211,256,66,190
113900212,195,540,-345
113900214,588,529,59
113900215,52,216,-164
113900216,126,1137,-1011
113900217,79,267,-188
113900218,309,89,220
113900219,144,402,-258
113900220,185,136,49
113900221,494,306,188
113900222,419,895,-476
113900223,132,1021,-889
113900224,95,80,15
113900225,592,266,326
113900226,410,128,282
113900227,581,263,318
113900228,442,581,-139
113900229,70,977,-907
113900230,5170,3863,1307
113900231,300,243,57
113900232,129,133,-4
113900233,97,96,1
113900234,372,559,-187
113900235,148,49,99
113900236,148,417,-269
113900237,228,18,210
113900238,295,640,-345
113900239,53,90,-37
113900240,4,186,-182
113900241,152,48,104
113900242,32,143,-111
113900243,199,575,-376
113900244,447,236,211
113900245,1514,425,1089
113900246,16,41,-25
113900247,234,483,-249
113900248,3102,1989,1113
113900249,1074,522,552
113900250,59,139,-80
113900251,668,247,421
113900252,584,24,560
113900253,742,76,666
113900254,1036,163,873
113900255,458,33,425
113900256,373,26,347
113900257,34,680,-646
113900258,41,514,-473
113900259,517,222,295
113900260,176,10,166
113900261,44,125,-81
113900262,179,639,-460
113900263,224,736,-512
113900264,10,463,-453
113900265,252,370,-118
113900266,33,192,-159
113900267,144,657,-513
113900268,352,670,-318
113900269,77,217,-140
113900270,567,1170,-603
113900271,794,1364,-570
113900273,154,20,134
113900274,72,49,23
113900275,64,89,-25
113900276,3,176,-173
113900277,123,6,117
113900278,380,236,144
113900279,212,134,78
113900280,1912,719,1193
113900281,855,1729,-874
113900282,1046,774,272
113900283,514,667,-153
113900284,940,436,504
113900285,203,85,118
113900286,15,95,-80
113900287,45,67,-22
113900288,3,215,-212
113900289,1165,116,1049
113900290,344,189,155
113900291,167,260,-93
113900292,12,6,6
113900293,10,272,-262
113900294,499,24,475
113900295,618,514,104
113900296,2097,508,1589
113900297,2771,69,2702
113900298,20,1981,-1961
113900299,55,175,-120
113900300,5791,3643,2148
113900301,835,477,358
113900302,2932,1179,1753
113900303,617,531,86
113900304,2,188,-186
113900305,94,0,94
113900306,55,3,52
113900307,118,1,117
113900308,119,140,-21
113900309,4,1069,-1065
113900310,0,10,-10
113900311,5,2,3
113900312,256,291,-35
113900313,16,8,8
114000001,1244,3378,-2134
114000002,295,343,-48
114000003,41,319,-278
114000004,403,452,-49
114000005,281,315,-34
114000006,2842,2661,181
114000007,1037,1634,-597
114000008,1721,2079,-358
114000009,701,269,432
114000011,3053,3074,-21
114000012,2481,2134,347
114000013,1844,2007,-163
114000014,660,326,334
114000015,1982,486,1496
114000016,278,406,-128
114000017,110,386,-276
114000018,295,76,219
114000026,1734,1467,267
114000027,3197,2280,917
114000028,2949,2955,-6
114000038,294,165,129
114000039,100,52,48
114000040,113,256,-143
114000042,153,247,-94
114000043,73,139,-66
114000044,212,64,148
114000045,56,97,-41
114000046,4682,5927,-1245
114000047,22,102,-80
114000048,94,56,38
114000049,1960,1821,139
114000050,1599,2252,-653
114000051,3242,2126,1116
114000052,5816,1871,3945
114000053,118,609,-491
114000054,287,1076,-789
114000055,380,55,325
114000056,1512,1101,411
114000057,6321,2917,3404
114000058,809,1604,-795
114000059,375,376,-1
114000060,783,982,-199
114000061,3616,3079,537
114000062,2876,1837,1039
114000063,3323,2113,1210
114000064,7722,4152,3570
114000065,2213,3016,-803
114000066,447,784,-337
114000067,28,671,-643
114000068,572,795,-223
114000069,1172,720,452
114000070,2650,1962,688
114000071,795,765,30
114000072,539,288,251
114000073,15,113,-98
114000074,51,15,36
114000075,35,150,-115
114000076,14,127,-113
114000077,10,64,-54
114000078,644,937,-293
114000079,206,51,155
114000080,99,110,-11
114000081,87,135,-48
114000082,44,492,-448
114000083,113,289,-176
114000084,368,109,259
114000085,135,812,-677
114000086,251,568,-317
114000087,140,212,-72
114000088,48,75,-27
114000089,1225,602,623
114000090,1046,1042,4
114000091,1724,897,827
114000092,1254,527,727
114000093,1444,991,453
114000094,448,483,-35
114000095,343,187,156
114000096,226,560,-334
114000097,164,775,-611
114000098,578,102,476
114000099,559,635,-76
114000100,1415,905,510
114000101,463,1022,-559
114000102,569,369,200
114000103,174,427,-253
114000104,59,327,-268
114000105,165,106,59
114000106,992,1061,-69
114000107,367,170,197
114000108,1568,1300,268
114000109,495,1069,-574
114000110,784,1869,-1085
114000111,1953,1096,857
114000112,689,2246,-1557
114000113,1229,758,471
114000114,1763,1650,113
114000115,2064,1381,683
114000116,1461,1154,307
114000117,2969,613,2356
114000118,2562,608,1954
114000119,1654,521,1133
114000120,655,1061,-406
114000121,413,865,-452
114000122,395,405,-10
114000123,2039,600,1439
114000124,922,368,554
114000125,971,1576,-605
114000126,2524,364,2160
114000127,350,234,116
114000128,906,536,370
114000130,621,567,54
114000131,348,139,209
114000132,659,642,17
114000133,1259,1737,-478
114000134,111,212,-101
114000138,43,277,-234
114000139,551,343,208
114000144,917,630,287
114000145,93,224,-131
114000146,126,294,-168
114000147,1497,1899,-402
114000148,2334,2116,218
114000149,503,379,124
114000150,662,828,-166
114000151,971,1353,-382
114000152,182,48,134
114000153,929,2571,-1642
114000154,951,977,-26
114000155,1972,2436,-464
114000156,974,861,113
114000157,374,1185,-811
114000158,2067,972,1095
114000159,253,541,-288
114000160,123,558,-435
114000161,1494,3368,-1874
114000162,1246,2669,-1423
114000163,27,156,-129
114000165,760,314,446
114000166,988,478,510
114000167,3700,1821,1879
114000168,990,941,49
114000169,1713,1528,185
114000170,1367,1550,-183
114000171,1154,2982,-1828
114000174,285,660,-375
114000176,677,525,152
114000177,2194,1153,1041
114000178,81,56,25
114000179,1239,832,407
114000180,559,1043,-484
114000181,2242,4016,-1774
114000182,4216,2792,1424
114000183,1197,1107,90
114000184,3248,1456,1792
114000185,1810,1036,774
114000189,1096,152,944
114000190,2968,390,2578
114000191,61,97,-36
114000192,392,1669,-1277
114000193,868,3406,-2538
114000194,1370,1232,138
114000195,201,47,154
114000196,4,252,-248
114000197,1224,20,1204
114000198,900,427,473
114000199,2254,1827,427
114000200,712,1932,-1220
114000201,152,939,-787
114000202,1541,787,754
114000203,490,709,-219
114000204,182,486,-304
114000205,298,1841,-1543
114000206,758,1467,-709
114000207,747,2219,-1472
114000208,521,3156,-2635
114000209,751,2583,-1832
114000210,343,1594,-1251
114000211,1120,2409,-1289
114000212,898,1088,-190
114000213,1373,808,565
114000214,119,235,-116
114000215,252,116,136
114000216,1622,509,1113
114000217,327,308,19
114000218,184,288,-104
114000219,1303,332,971
114000220,25,1007,-982
114000221,951,183,768
114000222,236,1167,-931
114000223,527,155,372
114000224,165,691,-526
114000225,260,721,-461
114000226,160,294,-134
114000227,878,667,211
114000228,1061,1021,40
114000229,1284,1602,-318
114000230,1931,1619,312
114000231,993,1448,-455
114000232,721,186,535
114000233,2202,206,1996
114000234,1362,1311,51
114000235,1159,1772,-613
114000236,1,451,-450
114000237,159,924,-765
114000238,348,202,146
114000239,286,1258,-972
114000240,954,1023,-69
114000241,349,1203,-854
114000242,1152,962,190
114000243,2054,1070,984
114000244,1507,544,963
114000245,463,713,-250
114000246,167,76,91
114000247,1396,895,501
114000248,2730,652,2078
114000249,535,784,-249
114000250,729,969,-240
114000251,514,285,229
114000252,70,101,-31
114000253,88,169,-81
114000254,38,96,-58
114000255,590,254,336
114000256,2171,2307,-136
114000257,483,1627,-1144
114000258,482,527,-45
114000259,260,276,-16
114000260,0,36,-36
114000261,69,54,15
114000262,184,199,-15
114000263,14,6,8
114000264,1221,601,620
114000265,0,22,-22
114000267,3,2232,-2229
114000268,6,1717,-1711
114000270,117,2,115
114000271,604,78,526
114000283,1531,604,927
114000285,38,264,-226
114000288,115,368,-253
114000289,1220,158,1062
114000293,237,499,-262
114000294,326,362,-36
114000395,1925,66,1859
114000396,581,585,-4
114000402,458,410,48
114000403,300,406,-106
114000405,163,649,-486
114000423,409,501,-92
114000424,628,266,362
114000425,789,516,273
114000426,398,998,-600
114000427,55,114,-59
114000428,257,224,33
114000429,10,295,-285
114000432,110,146,-36
114000434,39,91,-52
114000435,11,280,-269
114000436,1218,374,844
114000437,216,937,-721
114900001,708,1165,-457
114900002,1102,155,947
114900003,724,1600,-876
114900004,260,540,-280
114900005,547,837,-290
114900006,149,114,35
114900007,379,18,361
114900008,221,132,89
114900010,2006,1902,104
114900011,224,136,88
114900013,280,164,116
114900015,100,525,-425
114900018,890,25,865
114900020,188,75,113
114900022,91,726,-635
114900024,288,198,90
114900025,471,252,219
114900026,60,154,-94
114900027,291,261,30
114900029,32,28,4
114900030,306,247,59
114900031,368,24,344
114900032,458,54,404
114900033,1316,817,499
114900034,61,235,-174
114900035,216,355,-139
114900036,274,826,-552
114900037,180,208,-28
114900038,186,644,-458
114900039,528,598,-70
114900040,112,176,-64
114900041,670,543,127
114900042,817,808,9
114900043,680,323,357
114900044,379,55,324
114900046,66,120,-54
114900047,289,2056,-1767
114900048,171,305,-134
114900049,12,201,-189
114900050,41,531,-490
114900051,58,431,-373
114900052,190,320,-130
114900053,253,332,-79
114900054,78,214,-136
114900057,284,9,275
114900058,1,115,-114
114900059,78,49,29
114900060,1483,1011,472
114900061,140,205,-65
114900062,379,426,-47
114900063,66,228,-162
114900064,1378,606,772
114900065,388,786,-398
114900067,306,550,-244
114900068,71,182,-111
114900069,257,147,110
114900070,636,508,128
114900072,8,381,-373
114900073,2,275,-273
114900074,628,824,-196
114900075,507,6,501
114900076,19,522,-503
114900080,2178,454,1724
114900082,3659,2106,1553
114900083,1760,1227,533
114900090,395,246,149
114900091,259,248,11
114900095,420,182,238
114900096,492,809,-317
114900097,134,1,133
114900098,6,296,-290
114900099,294,5,289
115000001,7330,4990,2340
115000002,3820,4508,-688
115000003,5449,3988,1461
115000004,4055,6760,-2705
115000005,1966,2602,-636
115000006,1054,1900,-846
115000007,188,202,-14
115000008,1085,712,373
115000009,269,303,-34
115000010,300,204,96
115000013,111,181,-70
115000015,63,347,-284
115000016,314,362,-48
115000019,103,553,-450
115000020,110,1016,-906
115000021,272,505,-233
115000022,717,551,166
115000023,465,702,-237
115000024,1364,702,662
115000025,995,921,74
115000026,232,563,-331
115000027,322,433,-111
115000028,391,1127,-736
115000029,651,171,480
115000030,1236,1420,-184
115000031,1502,564,938
115000032,12,320,-308
115000033,166,58,108
115000034,119,1461,-1342
115000035,1370,86,1284
115000036,1,600,-599
115000037,871,20,851
115000038,51,217,-166
115000039,4227,3875,352
115000040,8741,4055,4686
115000041,1836,3907,-2071
115000042,1302,920,382
115000043,4401,2711,1690
115000044,4762,4948,-186
115000045,2938,2169,769
115000046,2364,2908,-544
115000047,2328,1839,489
115000048,1831,2879,-1048
115000049,1928,4074,-2146
115000050,3365,2836,529
115000051,1970,3537,-1567
115000052,2807,2175,632
115000053,1939,2013,-74
115000054,845,1548,-703
115000055,204,639,-435
115000056,282,715,-433
115000057,738,1039,-301
115000058,593,335,258
115000059,317,179,138
115000061,267,197,70
115000062,215,345,-130
115000063,408,375,33
115000064,444,179,265
115000065,46,501,-455
115000067,265,27,238
115000069,108,351,-243
115000070,42,1124,-1082
115000071,170,26,144
115000072,22,76,-54
115000073,1340,81,1259
115000075,110,108,2
115000076,4300,3801,499
115000077,3836,3034,802
115000078,1486,1621,-135
115000079,1685,2272,-587
115000080,2744,3070,-326
115000081,658,1300,-642
115000082,4064,4292,-228
115000083,2477,3105,-628
115000084,2360,1332,1028
115000085,908,1477,-569
115000086,1263,1085,178
115000087,539,1840,-1301
115000088,1991,906,1085
115000089,1583,1585,-2
115000090,585,987,-402
115000091,250,1112,-862
115000092,588,353,235
115000093,497,2,495
115000094,8088,6266,1822
115000095,5575,6793,-1218
115000096,719,1848,-1129
115000097,987,1091,-104
115000098,1186,952,234
115000099,2799,3271,-472
115000100,1045,476,569
115000101,395,1898,-1503
115000102,476,339,137
115000103,313,844,-531
115000105,85,237,-152
115000106,674,336,338
115000107,254,567,-313
115000108,3823,3128,695
115000109,5068,4832,236
115000110,1719,1618,101
115000111,899,2194,-1295
115000112,893,834,59
115000113,958,1262,-304
115000114,2190,1004,1186
115000116,5066,2978,2088
115000117,5264,4735,529
115000118,4081,2129,1952
115000119,4801,3342,1459
115000120,919,1505,-586
115000121,1988,1213,775
115000122,6210,2241,3969
115000123,2316,2892,-576
115000124,1359,1041,318
115000125,713,776,-63
115000126,238,340,-102
115000127,512,162,350
115000128,760,999,-239
115000129,353,367,-14
115000130,544,1025,-481
115000131,959,334,625
115000132,722,565,157
115000133,904,324,580
115000134,837,507,330
115000135,516,235,281
115000136,405,399,6
115000137,303,340,-37
115000138,328,398,-70
115000139,309,338,-29
115000140,402,303,99
115000141,188,384,-196
115000142,222,318,-96
115000143,685,819,-134
115000144,591,95,496
115000145,310,435,-125
115000146,879,425,454
115000147,855,599,256
115000148,340,1420,-1080
115000149,602,282,320
115000150,895,1178,-283
115000151,1200,711,489
115000152,1025,1478,-453
115000153,1150,848,302
115000154,731,437,294
115000155,862,1226,-364
115000156,1201,934,267
115000157,1003,936,67
115000158,960,489,471
115000159,867,751,116
115000160,729,765,-36
115000161,610,625,-15
115000162,870,979,-109
115000163,661,728,-67
115000164,763,669,94
115000165,474,657,-183
115000167,167,142,25
115000168,821,457,364
115000169,708,446,262
115000170,150,175,-25
115000171,358,248,110
115000172,1652,963,689
115000173,336,563,-227
115000174,351,343,8
115000175,259,211,48
115000176,286,214,72
115000177,244,286,-42
115000178,67,371,-304
115000179,36,54,-18
115000180,180,741,-561
115000181,747,213,534
115000182,955,426,529
115000183,461,1048,-587
115000186,784,383,401
115000187,242,888,-646
115000188,521,574,-53
115000189,282,539,-257
115000190,895,470,425
115000191,297,653,-356
115000194,203,282,-79
115000195,356,412,-56
115000196,252,138,114
115000197,520,336,184
115000198,371,220,151
115000199,335,240,95
115000200,474,146,328
115000201,195,431,-236
115000206,574,127,447
115000207,143,402,-259
115000208,647,786,-139
115000209,1138,371,767
115000210,227,169,58
115000211,498,365,133
115000212,1611,416,1195
115000224,559,58,501
115000225,61,114,-53
115000229,173,155,18
115000230,192,492,-300
115000231,288,1847,-1559
115000232,1725,321,1404
115000233,255,303,-48
115000234,30,325,-295
115000241,85,351,-266
115000242,133,365,-232
115000243,44,304,-260
115000244,28,127,-99
115000246,43,35,8
115000247,51,23,28
115000248,18,33,-15
115000249,42,53,-11
115000250,290,50,240
115000251,305,205,100
115000252,138,302,-164
115000253,32,583,-551
115000258,388,326,62
115000259,403,218,185
115000261,30,48,-18
115000262,17,28,-11
115000263,10,75,-65
115000264,45,76,-31
115000267,80,73,7
115000268,59,171,-112
115000269,111,73,38
115000270,7,19,-12
115000272,69,198,-129
115000273,700,28,672
115000280,2822,231,2591
115000281,823,707,116
115000282,2340,963,1377
115000284,406,209,197
115000296,1462,22,1440
115000297,291,193,98
115000298,151,486,-335
115000300,213,252,-39
115000302,610,188,422
115000303,855,210,645
115000304,828,112,716
115000305,119,937,-818
115000306,278,460,-182
115000307,186,220,-34
115000308,57,24,33
115000309,14,45,-31
115000310,1068,1466,-398
115000311,907,1524,-617
115000313,108,792,-684
115000314,497,172,325
115000315,985,473,512
115000316,64,175,-111
115000317,254,622,-368
115000318,762,475,287
115000319,78,344,-266
115000320,15,462,-447
115000321,527,17,510
115000322,64,261,-197
115000449,358,203,155
115000557,2,1195,-1193
115000558,529,103,426
115000587,559,511,48
115000588,2476,3272,-796
115000589,4037,2838,1199
115000590,1483,1556,-73
115000591,2056,961,1095
115000592,895,2114,-1219
115000593,1951,784,1167
115000594,1197,2671,-1474
115000609,155,164,-9
115000617,2542,3735,-1193
115000624,359,87,272
115000633,565,2485,-1920
115000634,2962,1192,1770
115000635,498,160,338
115000638,988,840,148
115000641,57,143,-86
115000642,386,355,31
115000643,162,517,-355
115000644,167,520,-353
115000646,1097,2011,-914
115000647,276,621,-345
115000648,1936,2543,-607
115000893,3949,1657,2292
115000894,154,1363,-1209
115000895,419,861,-442
115000896,1168,422,746
115000897,706,145,561
115000898,740,256,484
115000899,680,1145,-465
115000900,122,401,-279
115000901,70,148,-78
115000912,363,97,266
115000913,0,28,-28
115000915,36,1,35
115000916,27,1,26
115000917,0,33,-33
115000918,96,428,-332
115000919,2,27,-25
115000920,97,65,32
115000921,794,113,681
115000922,1082,852,230
115000923,503,997,-494
115000925,107,100,7
115000927,53,91,-38
115000933,219,205,14
115000934,200,241,-41
115000935,177,131,46
115000936,81,603,-522
115000937,904,187,717
115000938,95,185,-90
115000939,136,161,-25
115900001,113,52,61
115900002,116,133,-17
115900003,185,121,64
115900004,2,87,-85
115900005,162,12,150
115900006,239,313,-74
115900008,54,8,46
115900009,102,326,-224
115900010,371,238,133
115900011,755,389,366
115900012,177,92,85
115900013,453,192,261
115900014,130,259,-129
115900015,133,87,46
115900016,220,37,183
115900017,16,6,10
115900018,216,132,84
115900019,365,19,346
115900020,69,0,69
115900021,1671,184,1487
115900022,1778,25,1753
115900023,58,9,49
115900025,51,297,-246
115900026,1030,304,726
115900027,0,364,-364
115900028,868,92,776
115900029,31,444,-413
115900030,92,38,54
115900031,379,449,-70
115900032,625,1004,-379
115900033,1,59,-58
115900034,36,473,-437
115900035,47,39,8
115900036,111,764,-653
115900037,79,480,-401
115900038,36,19,17
115900039,284,262,22
115900041,599,616,-17
115900042,32,13,19
115900043,114,126,-12
115900044,396,314,82
115900046,247,352,-105
115900047,199,145,54
115900049,158,260,-102
115900051,6,49,-43
115900052,12,229,-217
115900053,190,240,-50
115900054,203,58,145
115900055,12,143,-131
115900056,240,416,-176
115900057,78,9,69
115900058,48,88,-40
115900060,171,277,-106
115900061,242,3,239
115900062,43,319,-276
115900063,103,29,74
115900064,200,285,-85
115900065,144,247,-103
115900066,194,217,-23
115900067,20,737,-717
115900068,3387,1008,2379
115900069,79,211,-132
115900070,228,289,-61
115900071,1,513,-512
115900072,46,179,-133
115900073,90,139,-49
115900074,4,352,-348
115900075,37,343,-306
115900076,7,58,-51
115900077,10,270,-260
115900078,119,176,-57
115900079,186,17,169
115900080,522,270,252
115900081,34,77,-43
115900082,164,216,-52
115900084,514,48,466
115900085,92,80,12
115900086,1748,672,1076
115900088,35,103,-68
115900089,387,810,-423
115900090,315,28,287
115900091,21,35,-14
115900092,30,200,-170
115900093,16,39,-23
115900094,8,337,-329
115900096,12,27,-15
115900097,11,427,-416
115900098,169,426,-257
115900099,266,90,176
115900100,10,570,-560
115900101,151,319,-168
115900102,99,85,14
115900103,351,210,141
115900104,77,170,-93
115900105,257,768,-511
115900106,55,58,-3
115900107,164,157,7
115900108,133,106,27
115900109,83,487,-404
115900110,0,29,-29
115900111,1,80,-79
115900112,32,932,-900
115900113,95,124,-29
115900114,5,161,-156
115900115,95,218,-123
115900116,102,936,-834
115900117,62,68,-6
115900118,0,303,-303
115900119,141,157,-16
115900120,42,371,-329
115900121,162,393,-231
115900124,592,737,-145
115900125,341,71,270
115900126,663,126,537
115900127,659,83,576
115900128,20,172,-152
115900129,888,77,811
115900130,31,249,-218
115900131,632,38,594
115900132,699,7,692
115900134,374,15,359
115900135,537,1300,-763
115900137,53,12,41
115900139,57,57,0
115900140,254,36,218
115900141,10,46,-36
115900142,33,30,3
115900143,320,387,-67
115900144,73,270,-197
115900146,44,156,-112
115900147,381,271,110
115900148,90,6,84
115900149,102,29,73
115900150,112,35,77
115900151,13,121,-108
115900152,131,361,-230
115900153,131,259,-128
115900154,669,429,240
115900155,0,58,-58
115900156,728,1189,-461
115900157,187,591,-404
115900158,25,12,13
115900159,130,294,-164
115900160,21,16,5
115900161,172,323,-151
115900163,215,218,-3
115900164,575,36,539
115900165,13,160,-147
115900166,253,220,33
115900168,91,200,-109
115900171,158,419,-261
115900172,67,151,-84
115900173,371,215,156
115900174,268,250,18
115900175,154,289,-135
115900178,10,671,-661
115900179,307,20,287
115900180,54,185,-131
115900181,188,279,-91
115900182,452,360,92
115900183,63,44,19
115900184,2142,17,2125
115900187,20,113,-93
115900189,0,338,-338
115900190,556,1628,-1072
115900191,63,389,-326
115900192,12,101,-89
115900193,463,144,319
115900194,757,96,661
115900195,803,2168,-1365
115900198,179,431,-252
115900199,169,274,-105
115900200,536,488,48
115900201,633,365,268
115900202,2,54,-52
115900203,3,21,-18
115900204,3,8,-5
115900205,90,41,49
115900206,211,216,-5
115900207,32,52,-20
115900208,181,226,-45
115900209,9,178,-169
115900210,11,179,-168
115900211,2,229,-227
115900212,171,329,-158
115900213,168,82,86
115900214,477,366,111
115900215,28,124,-96
115900216,21,159,-138
115900217,60,63,-3
115900218,19,44,-25
115900219,104,8,96
115900220,160,46,114
115900221,79,25,54
115900222,72,46,26
115900223,9,384,-375
115900224,1394,1052,342
115900225,65,45,20
115900226,59,67,-8
115900227,11,38,-27
115900228,10,45,-35
115900229,5,74,-69
115900230,54,136,-82
115900231,121,11,110
115900232,59,18,41
115900233,112,28,84
115900234,84,55,29
115900235,41,31,10
115900236,241,35,206
115900237,127,52,75
115900238,274,36,238
115900239,35,25,10
115900240,25,65,-40
115900241,222,121,101
115900242,245,381,-136
115900243,4,16,-12
115900244,18,16,2
115900245,66,12,54
115900246,12,10,2
115900247,49,18,31
115900248,16,12,4
115900249,10,15,-5
115900250,7,43,-36
115900251,1,23,-22
115900252,1,2,-1
115900253,15,15,0
115900254,10,26,-16
115900255,5,17,-12
115900256,36,18,18
115900257,14,5,9
115900258,0,5,-5
115900259,4,6,-2
115900260,12,5,7
115900261,13,2,11
115900262,3,0,3
115900263,10,1,9
115900264,4,3,1
115900265,4,12,-8
115900266,8,28,-20
115900267,19,27,-8
115900268,4,7,-3
115900269,500,472,28
115900270,520,503,17
115900271,133,1,132
115900272,20,7,13
115900273,22,29,-7
115900274,3,11,-8
115900275,2,36,-34
115900276,1,39,-38
115900277,1,88,-87
115900278,52,115,-63
115900279,17,197,-180
115900280,7,425,-418
115900281,494,281,213
115900282,10,13,-3
115900283,9,29,-20
115900284,9,9,0
116000001,15621,6301,9320
116000002,6376,11931,-5555
116000003,1992,2377,-385
116000004,2718,4221,-1503
116000005,3521,3884,-363
116000006,3316,2744,572
116000007,4238,4408,-170
116000008,6428,2656,3772
116000009,2448,3288,-840
116000010,2547,1964,583
116000011,1193,2445,-1252
116000012,2130,1317,813
116000013,10757,5124,5633
116000014,14154,11219,2935
116000015,508,1660,-1152
116000016,7668,4315,3353
116000017,43,969,-926
116000018,921,400,521
116000019,1614,407,1207
116000020,852,1023,-171
116000021,549,366,183
116000022,493,502,-9
116000023,1247,821,426
116000024,883,1007,-124
116000025,947,925,22
116000026,2442,3389,-947
116000027,1216,797,419
116000028,474,1000,-526
116000029,891,929,-38
116000030,925,626,299
116000031,261,402,-141
116000032,492,212,280
116000033,350,594,-244
116000034,789,1039,-250
116000035,410,811,-401
116000036,2257,1313,944
116000037,802,686,116
116000038,619,544,75
116000039,807,494,313
116000040,809,411,398
116000041,265,537,-272
116000042,727,348,379
116000043,125,812,-687
116000044,49,70,-21
116000045,2115,1420,695
116000046,1348,1890,-542
116000047,2079,2581,-502
116000048,2051,2055,-4
116000049,1301,3469,-2168
116000050,1677,1671,6
116000051,7497,3259,4238
116000052,6965,6373,592
116000053,2323,1185,1138
116000054,761,2971,-2210
116000055,768,1271,-503
116000056,1076,1367,-291
116000057,3264,2257,1007
116000058,3825,3009,816
116000059,3787,5134,-1347
116000060,2755,1269,1486
116000061,639,1019,-380
116000062,779,331,448
116000063,837,1187,-350
116000066,327,681,-354
116000067,366,647,-281
116000068,301,380,-79
116000069,312,500,-188
116000078,604,1221,-617
116000080,2175,1284,891
116000082,27,79,-52
116000083,1845,468,1377
116000084,2958,5098,-2140
116000085,2741,2240,501
116000086,2244,1494,750
116000087,2073,1899,174
116000088,907,1497,-590
116000089,290,110,180
116000090,190,217,-27
116000091,650,310,340
116000093,1064,598,466
116000094,887,951,-64
116000095,945,783,162
116000096,836,1850,-1014
116000097,1573,857,716
116000098,174,7112,-6938
116000099,8065,359,7706
116000100,319,33,286
116000101,1015,1151,-136
116000102,345,1848,-1503
116000103,638,353,285
116000104,301,1747,-1446
116000105,998,183,815
116000106,761,1313,-552
116000107,3135,442,2693
116000108,771,234,537
116000111,181,31,150
116000113,228,137,91
116000114,73,182,-109
116000115,530,167,363
116000116,370,735,-365
116000117,1640,2344,-704
116000118,1796,1869,-73
116000119,3868,2349,1519
116000120,3429,5407,-1978
116000121,1035,644,391
116000122,1349,2126,-777
116000123,1267,525,742
116000124,471,1427,-956
116000125,3130,976,2154
116000126,453,1821,-1368
116000127,1228,1551,-323
116000128,1856,1072,784
116000129,1253,278,975
116000130,526,481,45
116000133,1063,920,143
116000134,2067,2744,-677
116000135,2706,1710,996
116000136,1403,2750,-1347
116000137,1218,774,444
116000138,1179,803,376
116000139,2211,2502,-291
116000140,137,214,-77
116000141,395,811,-416
116000142,3710,3466,244
116000143,2000,1793,207
116000144,1759,2694,-935
116000145,1749,1365,384
116000146,561,353,208
116000147,177,187,-10
116000148,496,682,-186
116000149,986,924,62
116000151,688,649,39
116000153,155,434,-279
116000155,234,321,-87
116000156,1095,1487,-392
116000157,77,33,44
116000158,463,412,51
116000159,25,21,4
116000160,30,94,-64
116000161,17,106,-89
116000162,101,92,9
116000163,28,13,15
116000164,15,20,-5
116000177,804,158,646
116000194,112,571,-459
116000195,1686,808,878
116000196,5,0,5
116000197,4,5,-1
116000198,3006,1477,1529
116000200,836,504,332
116000201,673,778,-105
116000202,14,298,-284
116000203,4,122,-118
116000204,19,69,-50
116000205,1,180,-179
116000206,1,131,-130
116000207,10,53,-43
116000233,277,604,-327
116000287,230,569,-339
116000288,266,245,21
116000292,57,88,-31
116000296,34,428,-394
116000297,142,21,121
116000304,145,60,85
116000305,32,99,-67
116000346,163,170,-7
116000352,71,110,-39
116000354,41,49,-8
116000357,24,87,-63
116000358,439,46,393
116000361,83,1,82
116000372,6418,3961,2457
116000381,79,0,79
116000388,3,76,-73
116000389,1321,698,623
116000445,390,736,-346
116000446,566,826,-260
116000447,18,615,-597
116000448,587,247,340
116000563,1130,982,148
116000565,77,518,-441
116000568,83,313,-230
116000579,51,181,-130
116000584,20,15,5
116000585,40,17,23
116000586,148,132,16
116000587,738,923,-185
116000589,65,98,-33
116000590,102,71,31
116000591,220,327,-107
116000592,19,121,-102
116000593,0,31,-31
116000594,536,568,-32
116000595,828,219,609
116000596,73,7,66
116000597,421,124,297
116000598,58,224,-166
116000602,72,416,-344
116000605,732,183,549
116000606,164,315,-151
116000607,0,20,-20
116000609,268,946,-678
116000611,140,588,-448
116000612,765,1959,-1194
116000613,577,398,179
116000614,528,771,-243
116000615,2,411,-409
116000616,69,135,-66
116000617,84,64,20
116000618,1,107,-106
116000619,142,107,35
116000620,95,102,-7
116000621,45,153,-108
116000622,55,192,-137
116000624,269,125,144
116000627,44,38,6
116000628,80,459,-379
116000629,42,436,-394
116000630,554,52,502
116000631,164,62,102
116000632,541,286,255
116000633,101,428,-327
116000634,469,51,418
116000635,3268,2333,935
116000636,926,1263,-337
116000637,455,21,434
116000638,39,510,-471
116900001,257,195,62
116900002,318,9,309
116900003,28,91,-63
116900004,46,64,-18
116900005,345,106,239
116900006,159,243,-84
116900007,177,244,-67
116900008,501,381,120
116900009,30,3,27
116900010,1,1621,-1620
116900011,17,47,-30
116900012,458,238,220
116900013,3,254,-251
116900014,85,251,-166
116900015,461,84,377
116900016,235,6,229
116900017,2,641,-639
116900018,85,61,24
116900019,15,377,-362
116900020,1486,1162,324
116900023,71,26,45
116900024,711,72,639
116900025,1222,1152,70
116900026,203,661,-458
116900027,33,80,-47
116900028,8,135,-127
116900029,7,97,-90
116900031,1,11,-10
116900032,5,387,-382
116900033,19,18,1
116900034,41,84,-43
116900035,197,252,-55
116900036,4,151,-147
116900038,96,3,93
116900041,55,35,20
116900042,727,298,429
116900043,40,84,-44
116900047,62,183,-121
116900049,44,367,-323
116900050,133,541,-408
116900051,118,260,-142
116900052,223,91,132
116900055,1,12,-11
116900057,23,262,-239
116900058,55,379,-324
116900059,16,173,-157
116900060,240,257,-17
116900062,4,53,-49
116900064,74,837,-763
116900065,75,123,-48
116900067,168,136,32
116900068,146,270,-124
116900070,1,12,-11
116900072,20,445,-425
116900073,19,133,-114
116900074,6,45,-39
116900076,14,47,-33
116900077,9,172,-163
116900078,243,144,99
116900079,60,282,-222
116900080,31,26,5
116900081,502,1455,-953
116900082,581,1085,-504
116900083,90,63,27
116900084,161,54,107
116900085,55,227,-172
116900086,84,229,-145
116900088,497,199,298
116900090,170,71,99
116900091,580,58,522
116900092,97,804,-707
116900093,2011,2362,-351
116900094,5248,3883,1365
116900095,199,126,73
116900096,178,491,-313
116900097,3904,2941,963
116900098,974,380,594
116900099,1086,769,317
116900100,929,54,875
116900101,451,584,-133
116900103,5,4,1
116900104,135,110,25
116900105,282,148,134
116900106,1951,272,1679
116900107,4331,2823,1508
116900110,24,0,24
116900111,569,887,-318
116900112,306,1162,-856
116900113,2518,1667,851
116900116,155,527,-372
116900117,190,157,33
116900118,763,1005,-242
116900120,497,111,386
116900121,251,39,212
116900122,864,974,-110
116900123,281,909,-628
116900124,249,1228,-979
116900125,351,302,49
116900126,211,739,-528
116900128,5,47,-42
116900129,1,396,-395
116900130,828,3527,-2699
116900131,136,431,-295
116900132,59,141,-82
116900133,154,197,-43
116900134,273,319,-46
116900136,366,251,115
116900137,341,197,144
116900138,250,213,37
116900139,170,470,-300
116900140,231,176,55
116900141,976,580,396
116900142,7,115,-108
116900143,313,491,-178
116900144,37,133,-96
116900145,142,279,-137
116900147,643,526,117
116900148,20,58,-38
116900149,139,315,-176
116900150,21,15,6
116900151,72,19,53
116900153,106,88,18
116900154,1004,742,262
116900155,198,102,96
116900157,592,368,224
116900158,158,305,-147
116900159,156,332,-176
116900160,1166,966,200
116900161,7516,6006,1510
116900162,15,107,-92
116900163,174,238,-64
116900164,107,88,19
116900165,236,362,-126
116900166,30,78,-48
116900167,501,112,389
116900168,297,112,185
116900169,860,597,263
116900170,318,730,-412
116900171,67,208,-141
116900172,270,324,-54
116900173,283,44,239
116900174,95,55,40
116900175,201,236,-35
116900178,29,186,-157
116900179,105,270,-165
116900180,135,32,103
116900182,433,392,41
116900183,183,182,1
116900185,35,62,-27
116900186,91,316,-225
116900187,104,67,37
116900188,176,50,126
116900189,245,4,241
116900191,519,941,-422
116900192,378,193,185
116900194,199,1354,-1155
116900195,53,22,31
116900196,26,101,-75
116900197,109,48,61
116900198,232,288,-56
116900200,80,27,53
116900201,109,6,103
116900202,133,70,63
116900203,171,37,134
116900204,70,128,-58
116900206,17,14,3
116900207,28,36,-8
116900208,17,195,-178
116900209,23,133,-110
116900210,587,403,184
116900211,340,15,325
116900212,66,81,-15
116900213,259,191,68
116900214,210,211,-1
116900215,64,94,-30
116900216,281,358,-77
116900218,68,279,-211
116900219,1735,490,1245
116900220,112,321,-209
116900221,118,421,-303
116900222,497,438,59
116900223,118,394,-276
116900226,91,86,5
116900227,219,105,114
116900228,355,337,18
116900230,69,293,-224
116900231,24,411,-387
116900232,12,503,-491
116900233,262,115,147
116900234,30,36,-6
116900235,176,401,-225
116900238,1859,425,1434
116900239,66,1315,-1249
116900240,6630,4014,2616
116900241,82,193,-111
116900242,433,704,-271
116900243,4,110,-106
116900245,40,22,18
116900246,128,26,102
116900247,869,96,773
116900248,98,53,45
116900249,346,129,217
116900250,729,67,662
116900251,578,605,-27
116900252,274,1131,-857
116900253,135,112,23
116900254,40,82,-42
116900255,131,65,66
116900256,398,156,242
116900257,55,570,-515
116900258,13,308,-295
116900259,462,45,417
116900260,1,136,-135
116900261,103,11,92
116900262,461,236,225
116900263,0,9,-9
116900264,1,3,-2
116900265,44,3,41
116900266,11,83,-72
116900267,4,5,-1
116900268,396,105,291
116900269,353,778,-425
116900271,1948,227,1721
116900272,425,316,109
116900273,238,74,164
116900274,107,120,-13
116900275,196,112,84
116900276,902,157,745
116900277,720,52,668
116900278,4,16,-12
116900279,5,45,-40
116900280,40,51,-11
116900281,7014,4414,2600
116900282,13,135,-122
116900283,38,160,-122
116900284,27,247,-220
116900285,345,191,154
116900286,312,50,262
116900287,6,59,-53
116900288,63,177,-114
116900289,12,11,1
116900290,3,24,-21
116900291,19,23,-4
116900292,0,19,-19
116900293,36,56,-20
116900294,46,173,-127
116900295,145,76,69
116900296,74,55,19
116900297,12,113,-101
116900298,128,48,80
116900299,40,59,-19
116900300,5,75,-70
116900301,66,127,-61
116900302,61,92,-31
116900303,312,104,208
116900304,0,173,-173
116900305,30,47,-17
116900306,118,83,35
117000001,2030,1715,315
117000002,2175,5023,-2848
117000003,7264,3793,3471
117000004,4322,5905,-1583
117000005,2282,2068,214
117000006,1551,3943,-2392
117000007,4182,1485,2697
117000008,1223,4474,-3251
117000009,5944,2352,3592
117000010,3361,4967,-1606
117000011,2820,2027,793
117000012,1567,1724,-157
117000013,2231,1033,1198
117000014,1305,2574,-1269
117000015,3119,1520,1599
117000016,460,94,366
117000017,445,115,330
117000018,221,665,-444
117000019,119,2,117
117000020,511,1611,-1100
117000021,2174,481,1693
117000022,624,125,499
117000023,431,185,246
117000024,358,242,116
117000025,679,1135,-456
117000026,2617,1379,1238
117000027,3927,5762,-1835
117000028,5619,2259,3360
117000030,711,642,69
117000031,528,289,239
117000032,2451,1431,1020
117000033,1329,788,541
117000034,519,451,68
117000035,374,301,73
117000036,479,414,65
117000037,286,223,63
117000038,274,695,-421
117000039,545,300,245
117000040,225,1254,-1029
117000041,1107,215,892
117000044,26,955,-929
117000045,416,163,253
117000046,467,853,-386
117000047,820,672,148
117000048,2360,1319,1041
117000049,170,560,-390
117000050,170,2265,-2095
117000051,2264,200,2064
117000052,50,471,-421
117000053,636,81,555
117000054,2077,14,2063
117000055,11,3533,-3522
117000056,738,25,713
117000057,836,2956,-2120
117000060,621,1888,-1267
117000061,1835,977,858
117000062,368,778,-410
117000063,1986,1121,865
117000064,869,965,-96
117000066,1382,1156,226
117000067,168,620,-452
117000074,194,191,3
117000076,100,40,60
117000077,189,223,-34
117000078,128,985,-857
117000079,675,292,383
117000080,1,403,-402
117000081,1259,168,1091
117000082,26,105,-79
117000083,200,11,189
117000084,313,1,312
117000085,435,864,-429
117000086,1392,569,823
117000087,143,501,-358
117000088,269,248,21
117000089,1491,351,1140
117000090,349,1528,-1179
117000091,835,326,509
117000092,453,1607,-1154
117000093,1151,847,304
117000094,1769,3510,-1741
117000095,4053,1201,2852
117000096,759,2822,-2063
117000097,1486,1470,16
117000098,3081,5636,-2555
117000099,3527,1498,2029
117000100,229,421,-192
117000101,239,1502,-1263
117000102,1731,743,988
117000103,793,2066,-1273
117000104,1399,718,681
117000105,1068,2033,-965
117000106,1179,991,188
117000107,792,2338,-1546
117000108,1729,1055,674
117000109,1886,2989,-1103
117000110,1378,1110,268
117000111,4152,5172,-1020
117000112,3608,2343,1265
117000113,451,311,140
117000114,320,191,129
117000115,196,129,67
117000116,189,316,-127
117000117,1946,1312,634
117000118,283,171,112
117000119,372,181,191
117000120,211,576,-365
117000121,160,1227,-1067
117000122,401,745,-344
117000123,1770,46,1724
117000124,1115,78,1037
117000125,434,126,308
117000126,74,35,39
117000127,185,400,-215
117000128,586,902,-316
117000129,519,582,-63
117000130,158,2,156
117000131,0,81,-81
117000132,3264,61,3203
117000133,1494,106,1388
117000134,0,83,-83
117000135,2,49,-47
117000136,1,35,-34
117000137,92,133,-41
117000138,3,746,-743
117000140,534,1993,-1459
117000141,1700,653,1047
117000181,873,692,181
117000182,374,919,-545
117000195,335,1329,-994
117000196,316,121,195
117000225,128,33,95
117000226,14,190,-176
117000276,291,15,276
117000277,2,428,-426
117000310,2197,2593,-396
117000315,79,879,-800
117000320,64,0,64
117000906,349,12,337
117000907,20,333,-313
117000908,21,34,-13
117000909,63,34,29
117000910,220,198,22
117000911,120,211,-91
117000915,5,616,-611
117000916,32,6,26
117000917,1107,62,1045
117000918,84,57,27
117000919,12,128,-116
117000920,3,1566,-1563
117000921,2,1389,-1387
117000922,52,178,-126
117000924,299,870,-571
117000926,1151,105,1046
117000927,2610,1153,1457
117000928,0,181,-181
117000929,289,338,-49
117000930,243,17,226
117000931,938,220,718
117900002,138,509,-371
117900003,1064,618,446
117900005,5,41,-36
117900006,0,58,-58
117900007,193,140,53
117900008,0,20,-20
117900010,289,120,169
117900011,118,125,-7
117900012,50,119,-69
117900013,3,247,-244
117900014,480,133,347
117900015,17,104,-87
117900016,1729,1178,551
117900017,652,266,386
117900018,286,138,148
117900019,402,231,171
117900020,101,483,-382
117900021,38,107,-69
117900022,34,19,15
117900023,896,156,740
117900024,71,98,-27
117900025,50,12,38
117900026,477,344,133
117900028,76,6,70
117900029,291,747,-456
117900030,621,352,269
117900031,219,132,87
117900032,1083,615,468
117900033,221,566,-345
117900034,40,41,-1
117900035,273,107,166
117900036,319,426,-107
117900037,172,294,-122
117900038,22,450,-428
117900039,2,88,-86
117900040,153,688,-535
117900041,10,90,-80
117900042,5116,477,4639
117900043,56,99,-43
117900044,17,2952,-2935
117900045,248,190,58
117900048,375,390,-15
117900049,225,460,-235
117900050,9,64,-55
117900051,36,2,34
117900052,36,393,-357
117900053,1564,933,631
117900054,1,57,-56
117900055,253,242,11
117900056,443,51,392
117900057,1415,1671,-256
117900058,316,35,281
117900059,389,134,255
117900060,2466,7325,-4859
117900061,22,219,-197
117900063,429,192,237
117900065,1728,1624,104
117900066,14,91,-77
117900067,414,201,213
117900069,783,382,401
117900070,327,19,308
117900071,82,163,-81
117900073,508,343,165
117900074,138,53,85
117900075,72,99,-27
117900076,13,78,-65
117900077,522,255,267
117900078,415,871,-456
117900080,117,61,56
117900081,767,503,264
117900082,520,424,96
117900083,316,452,-136
117900086,123,38,85
117900087,223,191,32
117900088,4093,2735,1358
117900089,2265,767,1498
117900090,376,500,-124
117900091,188,256,-68
117900092,70,38,32
117900093,104,248,-144
117900094,53,21,32
117900095,284,360,-76
117900096,120,270,-150
117900097,366,369,-3
117900098,61,5,56
117900099,158,205,-47
117900100,208,9,199
117900101,509,2014,-1505
117900102,59,178,-119
117900103,61,0,61
117900104,29,153,-124
117900105,159,252,-93
117900106,128,109,19
117900107,70,2,68
117900109,661,429,232
117900110,543,22,521
117900111,620,33,587
117900112,74,40,34
117900113,4342,2139,2203
117900114,15,0,15
117900115,394,78,316
117900116,1226,1152,74
117900117,593,384,209
117900118,134,1,133
117900119,214,279,-65
117900120,223,94,129
117900121,280,42,238
117900122,2340,4058,-1718
117900123,710,495,215
117900124,1921,1051,870
117900125,2141,2114,27
117900126,294,682,-388
117900127,438,597,-159
117900128,458,837,-379
117900129,215,10,205
117900130,2488,510,1978
117900131,1,175,-174
117900132,14,136,-122
117900133,19,193,-174
117900134,57,320,-263
117900135,44,261,-217
117900136,0,42,-42
117900137,48,342,-294
117900138,0,51,-51
117900139,104,138,-34
117900140,3587,286,3301
117900141,337,239,98
117900142,215,42,173
117900144,90,215,-125
117900145,167,36,131
117900146,214,210,4
117900147,85,72,13
117900148,3214,1634,1580
117900149,279,243,36
117900150,73,56,17
117900151,60,102,-42
117900152,105,110,-5
117900153,36,118,-82
117900154,387,681,-294
117900156,1210,1098,112
117900157,103,681,-578
117900158,383,217,166
117900160,766,785,-19
117900161,3438,2896,542
117900162,362,434,-72
117900163,87,103,-16
117900165,0,17,-17
117900166,150,535,-385
117900168,49,220,-171
117900169,3,129,-126
117900170,5,81,-76
117900171,1,41,-40
117900172,23,48,-25
117900173,172,103,69
117900174,75,115,-40
117900175,3,77,-74
117900176,29,48,-19
117900177,40,63,-23
117900178,278,58,220
117900180,307,90,217
117900181,173,477,-304
117900182,4,79,-75
117900183,63,193,-130
117900184,48,85,-37
117900185,52,90,-38
117900186,43,30,13
117900187,14,14,0
117900188,238,65,173
117900189,101,38,63
117900190,33,10,23
117900191,134,2,132
117900192,363,2,361
117900193,49,84,-35
117900194,8,19,-11
117900195,189,85,104
117900196,17,107,-90
117900207,225,170,55
117900208,55,60,-5
117900209,258,240,18
117900210,210,326,-116
117900211,22,304,-282
117900212,154,225,-71
117900213,32,17,15
117900214,8,40,-32
117900215,20,58,-38
117900216,24,26,-2
117900217,141,395,-254
117900218,141,154,-13
117900219,12,146,-134
117900220,150,123,27
117900222,276,337,-61
117900223,192,398,-206
118000001,988,1036,-48
118000002,1373,2705,-1332
118000003,2721,3175,-454
118000004,3945,3272,673
118000005,6704,6198,506
118000006,8508,12569,-4061
118000007,7369,4770,2599
118000008,6719,4928,1791
118000009,2344,4869,-2525
118000010,8849,5886,2963
118000011,1662,3205,-1543
118000012,1604,2813,-1209
118000013,3537,2849,688
118000014,3044,3631,-587
118000016,206,553,-347
118000017,562,650,-88
118000018,561,703,-142
118000019,3570,1997,1573
118000020,2196,4395,-2199
118000021,1077,3842,-2765
118000022,2451,986,1465
118000023,1178,327,851
118000024,2557,1590,967
118000027,19683,14615,5068
118000029,1480,901,579
118000032,1808,4166,-2358
118000033,4205,6621,-2416
118000034,7335,3267,4068
118000035,2338,3418,-1080
118000036,1287,1310,-23
118000037,867,1041,-174
118000038,250,119,131
118000039,171,364,-193
118000040,2042,1476,566
118000041,2688,1726,962
118000045,1156,284,872
118000046,1800,686,1114
118000047,1146,925,221
118000048,4234,2142,2092
118000051,3319,2043,1276
118000052,2378,998,1380
118000053,784,1410,-626
118000054,2804,2858,-54
118000055,2194,2824,-630
118000056,1558,603,955
118000057,634,573,61
118000058,4815,1837,2978
118000059,2673,1194,1479
118000060,1394,748,646
118000061,2363,1951,412
118000062,748,470,278
118000063,428,781,-353
118000064,975,1511,-536
118000065,5453,2263,3190
118000066,1024,1940,-916
118000067,1874,1181,693
118000068,2606,5020,-2414
118000069,5328,1574,3754
118000070,6707,2413,4294
118000071,4443,7667,-3224
118000072,2358,1701,657
118000073,3139,775,2364
118000074,733,760,-27
118000075,1503,342,1161
118000076,1995,2867,-872
118000077,1667,1591,76
118000078,2133,2497,-364
118000079,421,560,-139
118000080,1346,1080,266
118000081,2144,1402,742
118000082,358,1458,-1100
118000083,2086,2072,14
118000084,4344,1953,2391
118000086,400,697,-297
118000087,5926,3026,2900
118000088,2250,1897,353
118000089,3957,3091,866
118000090,4620,3433,1187
118000091,1490,2509,-1019
118000092,1336,573,763
118000093,127,871,-744
118000096,606,771,-165
118000097,969,690,279
118000098,269,249,20
118000099,616,950,-334
118000101,1190,418,772
118000102,409,1764,-1355
118000107,2235,648,1587
118000108,835,2116,-1281
118000110,2,24,-22
118000111,1,446,-445
118000112,391,4,387
118000113,7,777,-770
118000114,542,15,527
118000115,18,13,5
118000116,33,1,32
118000117,1349,1021,328
118000118,1090,882,208
118000119,1266,1092,174
118000120,1955,1547,408
118000121,140,782,-642
118000122,1640,464,1176
118000123,59,352,-293
118000125,2011,1158,853
118000126,806,1741,-935
118000127,1966,707,1259
118000128,847,1333,-486
118000129,1198,578,620
118000130,3365,4523,-1158
118000131,1037,1101,-64
118000132,2998,2216,782
118000133,946,491,455
118000135,694,418,276
118000136,168,506,-338
118000137,765,141,624
118000138,593,811,-218
118000139,385,115,270
118000140,3399,4881,-1482
118000141,2209,2144,65
118000142,1951,1854,97
118000143,2205,1337,868
118000144,1817,1055,762
118000145,1806,2520,-714
118000146,1374,1076,298
118000147,1050,1940,-890
118000148,626,1402,-776
118000149,1198,1116,82
118000150,472,317,155
118000151,579,578,1
118000153,1457,1400,57
118000154,1522,1755,-233
118000155,1438,1543,-105
118000156,2594,3021,-427
118000157,692,552,140
118000158,265,558,-293
118000159,27,104,-77
118000160,514,508,6
118000161,526,951,-425
118000162,2370,1058,1312
118000163,995,910,85
118000164,2141,1804,337
118000168,1581,736,845
118000169,1276,1388,-112
118000170,5710,8386,-2676
118000171,386,882,-496
118000172,111,379,-268
118000173,1192,1648,-456
118000175,354,350,4
118000176,314,434,-120
118000177,239,609,-370
118000178,60,64,-4
118000179,1592,1556,36
118000180,1138,875,263
118000181,954,429,525
118000182,343,313,30
118000183,228,314,-86
118000184,960,820,140
118000185,1614,1344,270
118000186,1058,1390,-332
118000187,1294,855,439
118000188,591,239,352
118000189,709,905,-196
118000190,21,34,-13
118000191,35,42,-7
118000192,586,685,-99
118000193,449,609,-160
118000194,1631,1258,373
118000195,1283,1237,46
118000196,411,265,146
118000197,534,229,305
118000198,614,762,-148
118000199,705,590,115
118000200,167,363,-196
118000201,490,587,-97
118000202,114,116,-2
118000203,1757,755,1002
118000204,169,366,-197
118000205,303,425,-122
118000206,283,246,37
118000207,0,80,-80
118000208,1462,1680,-218
118000209,2154,2153,1
118000210,88,54,34
118000211,25,47,-22
118000213,1529,1994,-465
118000214,777,583,194
118000215,303,169,134
118000216,2411,3502,-1091
118000217,19,200,-181
118000218,90,176,-86
118000219,535,369,166
118000220,14,60,-46
118000221,228,372,-144
118000222,71,5,66
118000223,30,49,-19
118000224,220,137,83
118000225,143,772,-629
118000226,1120,245,875
118000227,1039,421,618
118000228,222,322,-100
118000229,186,80,106
118000230,158,302,-144
118000231,136,217,-81
118000232,800,1016,-216
118000233,1249,933,316
118000234,608,336,272
118000236,453,388,65
118000237,158,544,-386
118000238,254,231,23
118000239,339,328,11
118000240,523,244,279
118000241,174,272,-98
118000242,401,773,-372
118000243,303,280,23
118000244,96,150,-54
118000246,0,39,-39
118000255,76,238,-162
118000256,114,243,-129
118000259,21,78,-57
118000260,207,136,71
118000261,49,67,-18
118000263,79,185,-106
118000266,133,253,-120
118000267,1,143,-142
118000268,420,4,416
118000270,104,37,67
118000271,190,361,-171
118000272,142,49,93
118000273,164,137,27
118000274,150,366,-216
118000276,536,421,115
118000295,9,163,-154
118000298,227,422,-195
118000299,65,199,-134
118000301,0,58,-58
118000302,116,139,-23
118000311,429,131,298
118000312,380,267,113
118000313,88,173,-85
118000314,78,67,11
118000315,46,59,-13
118000316,732,654,78
118000325,76,89,-13
118000326,32,64,-32
118000331,34,99,-65
118000332,11,56,-45
118000333,43,122,-79
118000335,311,0,311
118000336,0,281,-281
118000407,131,97,34
118000457,4,36,-32
118000465,4619,4848,-229
118000480,38,105,-67
118000489,95,384,-289
118000490,90,339,-249
118000492,398,227,171
118000510,96,22,74
118000514,237,383,-146
118000515,782,656,126
118000517,432,253,179
118000524,601,258,343
118000525,1040,947,93
118000530,24,126,-102
118000531,355,303,52
118000532,216,373,-157
118000533,328,187,141
118000534,561,550,11
118000535,325,174,151
118000536,1029,1872,-843
118000537,29,171,-142
118000538,39,98,-59
118000539,45,156,-111
118000540,375,184,191
118000541,317,86,231
118000542,109,229,-120
118000543,218,257,-39
118000546,69,47,22
118000560,3499,2439,1060
118000562,24,180,-156
118000563,2123,1632,491
118000576,149,155,-6
118000577,140,148,-8
118000578,138,129,9
118000579,685,1358,-673
118000595,195,106,89
118000596,0,56,-56
118000597,111,94,17
118000598,20,0,20
118000599,93,44,49
118000600,2,54,-52
118000601,13,0,13
118000602,0,39,-39
118000603,0,24,-24
118900001,859,1647,-788
118900002,1079,901,178
118900003,487,21,466
118900004,17,77,-60
118900005,95,7,88
118900006,191,25,166
118900007,14,2,12
118900008,1626,63,1563
118900009,75,40,35
118900010,95,7,88
118900011,262,66,196
118900012,491,218,273
118900013,594,167,427
118900015,246,130,116
118900016,16,22,-6
118900017,302,409,-107
118900018,993,33,960
118900019,74,33,41
118900020,251,175,76
118900021,158,416,-258
118900022,126,109,17
118900023,208,105,103
118900024,94,177,-83
118900025,58,22,36
118900026,68,82,-14
118900027,524,202,322
118900028,197,190,7
118900029,319,471,-152
118900030,434,93,341
118900031,161,130,31
118900032,190,241,-51
118900033,545,465,80
118900034,322,25,297
118900035,128,217,-89
118900036,1309,822,487
118900037,503,312,191
118900038,395,208,187
118900039,563,182,381
118900040,193,202,-9
118900041,606,223,383
118900042,254,125,129
118900045,341,162,179
118900046,1099,442,657
118900047,699,254,445
118900048,168,207,-39
118900049,78,51,27
118900050,28,164,-136
118900051,67,123,-56
118900052,421,275,146
118900053,74,113,-39
118900054,101,54,47
118900055,100,147,-47
118900056,34,311,-277
118900057,762,507,255
118900058,459,418,41
118900059,27,78,-51
118900060,349,143,206
118900062,577,205,372
118900064,798,619,179
118900065,85,189,-104
118900066,107,109,-2
118900067,5694,3446,2248
118900068,36,234,-198
118900069,451,358,93
118900071,10,92,-82
118900072,380,405,-25
118900073,124,155,-31
118900074,137,219,-82
118900075,55,129,-74
118900076,216,133,83
118900077,149,209,-60
118900078,51,12,39
118900079,76,262,-186
118900080,34,195,-161
118900081,106,41,65
118900082,656,248,408
118900083,40,20,20
118900084,42,29,13
118900085,713,1156,-443
118900086,58,101,-43
118900087,22,209,-187
118900088,0,14,-14
118900089,34,34,0
118900090,440,526,-86
118900091,198,224,-26
118900092,177,153,24
118900093,136,22,114
118900096,80,23,57
118900097,241,444,-203
118900099,91,222,-131
118900100,148,284,-136
118900101,149,981,-832
118900102,83,134,-51
118900103,96,146,-50
118900104,283,179,104
118900105,353,142,211
118900107,287,149,138
118900108,133,149,-16
118900110,1711,875,836
118900111,715,544,171
118900112,54,180,-126
118900113,115,557,-442
118900114,16,111,-95
118900115,199,557,-358
118900116,173,286,-113
118900117,98,208,-110
118900118,298,415,-117
118900119,153,333,-180
118900120,126,432,-306
118900121,7,212,-205
118900122,27,946,-919
118900123,140,307,-167
118900124,69,213,-144
118900126,25,442,-417
118900129,235,324,-89
118900130,64,181,-117
118900131,284,296,-12
118900132,376,260,116
118900133,20,159,-139
118900135,262,297,-35
118900136,198,587,-389
118900137,50,45,5
118900139,241,370,-129
118900140,454,687,-233
118900141,151,191,-40
118900144,146,484,-338
118900145,398,186,212
118900146,369,814,-445
118900147,292,209,83
118900148,114,89,25
118900150,144,605,-461
118900152,881,965,-84
118900157,121,184,-63
118900158,111,86,25
118900159,1,218,-217
118900161,96,6,90
118900163,123,239,-116
118900164,6,213,-207
118900165,81,324,-243
118900166,55,4,51
118900167,124,145,-21
118900168,22,240,-218
118900169,181,514,-333
118900170,167,208,-41
118900171,48,52,-4
118900174,74,90,-16
118900175,402,545,-143
118900176,163,296,-133
118900177,87,120,-33
118900178,83,200,-117
118900179,2,35,-33
118900181,123,131,-8
118900182,181,44,137
118900183,30,132,-102
118900184,423,245,178
118900185,96,136,-40
118900186,121,123,-2
118900187,254,303,-49
118900188,297,305,-8
118900189,44,784,-740
118900190,8,368,-360
118900191,135,55,80
118900192,154,21,133
118900193,376,8,368
118900195,323,823,-500
118900196,47,200,-153
118900197,108,39,69
118900198,16,50,-34
118900199,105,84,21
118900200,21,20,1
118900201,50,34,16
118900202,21,64,-43
118900203,17,51,-34
118900204,33,48,-15
118900205,2,18,-16
118900206,7,30,-23
119000001,1474,2033,-559
119000002,5634,4265,1369
119000003,2790,1426,1364
119000004,3207,1470,1737
119000005,1813,2123,-310
119000006,2657,1750,907
119000007,3813,3802,11
119000008,2345,2501,-156
119000009,4713,5029,-316
119000010,8464,5813,2651
119000011,5108,3423,1685
119000012,4026,4327,-301
119000013,2736,2007,729
119000014,2693,4116,-1423
119000019,370,205,165
119000020,2505,1593,912
119000021,4809,2757,2052
119000022,3896,2879,1017
119000023,353,294,59
119000024,2334,11357,-9023
119000025,8666,1813,6853
119000026,228,497,-269
119000027,343,648,-305
119000028,2503,1418,1085
119000029,178,479,-301
119000030,698,1338,-640
119000031,1193,1058,135
119000032,2810,3207,-397
119000033,2551,1777,774
119000034,1228,1405,-177
119000035,31,415,-384
119000036,1643,1029,614
119000037,1401,1996,-595
119000038,172,1047,-875
119000039,322,398,-76
119000040,1783,727,1056
119000041,1459,1516,-57
119000048,3665,3760,-95
119000049,1868,2923,-1055
119000050,2180,2270,-90
119000051,2386,1174,1212
119000052,2074,3256,-1182
119000053,2057,1555,502
119000054,3534,3958,-424
119000055,4578,3813,765
119000056,2647,2629,18
119000057,1806,2483,-677
119000058,2227,2187,40
119000059,1669,2007,-338
119000060,1968,1540,428
119000061,1140,987,153
119000062,1684,1829,-145
119000063,605,579,26
119000064,1255,1673,-418
119000065,2896,4602,-1706
119000066,3354,1524,1830
119000067,2034,2635,-601
119000068,1955,1414,541
119000069,1641,2938,-1297
119000070,2768,1247,1521
119000071,660,890,-230
119000072,6699,4294,2405
119000073,7607,8108,-501
119000074,1289,3279,-1990
119000075,2251,2817,-566
119000076,759,1288,-529
119000077,1724,689,1035
119000078,669,263,406
119000079,348,873,-525
119000080,387,272,115
119000081,618,684,-66
119000082,1698,299,1399
119000083,698,519,179
119000084,443,638,-195
119000085,854,321,533
119000086,396,631,-235
119000087,1968,1241,727
119000088,402,337,65
119000089,92,221,-129
119000090,226,206,20
119000091,166,582,-416
119000092,679,266,413
119000093,3931,3301,630
119000094,3069,6249,-3180
119000095,2157,3351,-1194
119000097,2394,1860,534
119000098,1024,2941,-1917
119000099,2847,2273,574
119000100,3862,3264,598
119000101,6516,2712,3804
119000102,1275,1497,-222
119000103,2680,744,1936
119000104,3261,1966,1295
119000105,1330,2036,-706
119000106,407,1854,-1447
119000107,879,489,390
119000108,519,1226,-707
119000109,333,761,-428
119000110,984,711,273
119000111,130,848,-718
119000112,291,152,139
119000113,4179,396,3783
119000114,1250,1288,-38
119000115,189,142,47
119000116,126,126,0
119000117,214,478,-264
119000118,0,1,-1
119000123,5961,1981,3980
119000124,791,248,543
119000125,3650,1050,2600
119000126,699,725,-26
119000127,598,762,-164
119000128,73,7,66
119000131,896,860,36
119000132,5,2,3
119000133,7,6,1
119000134,2591,662,1929
119000135,145,273,-128
119000136,279,271,8
119000137,262,444,-182
119000138,428,439,-11
119000139,363,329,34
119000140,211,513,-302
119000284,1572,3231,-1659
119000285,2695,2554,141
119000286,8879,7104,1775
119000287,1324,2896,-1572
119000288,2159,1834,325
119000289,2208,4267,-2059
119000290,242,655,-413
119000291,10,352,-342
119000293,134,235,-101
119000294,51,53,-2
119000295,1946,532,1414
119000296,317,177,140
119000302,3047,1780,1267
119000303,90,169,-79
119000314,1806,10257,-8451
119000315,5,598,-593
119000316,118,200,-82
119000317,87,436,-349
119900001,334,1400,-1066
119900002,163,346,-183
119900003,64,1422,-1358
119900004,318,1169,-851
119900005,184,126,58
119900006,262,490,-228
119900007,1497,216,1281
119900008,600,95,505
119900009,1016,1024,-8
119900010,2503,1754,749
119900011,23,107,-84
119900012,29,137,-108
119900013,2356,1194,1162
119900014,820,354,466
119900015,89,29,60
119900016,53,101,-48
119900017,66,65,1
119900018,2374,870,1504
119900019,29,13,16
119900020,254,260,-6
119900021,231,410,-179
119900022,182,801,-619
119900023,700,1428,-728
119900025,193,35,158
119900026,951,203,748
119900027,84,26,58
119900028,525,128,397
119900029,3,8,-5
119900030,719,615,104
119900031,102,349,-247
119900033,2971,357,2614
119900034,474,197,277
119900037,198,56,142
119900038,52,393,-341
119900039,78,25,53
119900040,273,18,255
119900041,139,54,85
119900042,794,279,515
119900043,78,212,-134
119900044,214,877,-663
119900046,112,99,13
119900047,316,100,216
119900048,59,56,3
119900049,176,16,160
119900050,158,143,15
119900051,576,16,560
119900052,71,51,20
119900053,223,230,-7
119900054,141,8,133
119900055,1456,481,975
119900057,234,114,120
119900058,290,6,284
119900059,262,67,195
119900060,281,21,260
119900062,82,40,42
119900063,36,72,-36
119900064,426,73,353
119900065,246,32,214
119900066,3,1,2
119900067,211,48,163
119900068,446,5,441
119900069,132,102,30
119900070,1022,11,1011
119900071,738,22,716
119900073,2239,778,1461
119900074,182,57,125
119900075,6367,3284,3083
119900076,613,510,103
119900077,997,1324,-327
119900078,577,1195,-618
119900079,302,336,-34
119900080,1856,1869,-13
119900081,388,67,321
119900082,1049,123,926
119900083,520,227,293
119900084,874,439,435
119900085,74,120,-46
119900087,869,474,395
119900088,34,96,-62
119900089,107,679,-572
119900090,136,92,44
119900091,133,1173,-1040
119900092,318,555,-237
119900093,1402,290,1112
119900094,110,215,-105
119900095,263,106,157
119900096,47,154,-107
119900097,755,273,482
119900098,79,76,3
119900099,38,291,-253
119900100,2753,3330,-577
119900101,248,1431,-1183
119900102,94,360,-266
119900103,41,463,-422
119900104,81,323,-242
119900105,1538,3245,-1707
119900106,24,197,-173
119900107,422,3359,-2937
119900108,2936,798,2138
119900109,36,247,-211
119900110,891,723,168
119900111,117,368,-251
119900112,2058,716,1342
119900113,95,323,-228
119900114,270,1422,-1152
119900115,333,1186,-853
119900116,260,620,-360
119900117,455,975,-520
119900118,110,1024,-914
119900119,237,312,-75
119900120,900,737,163
119900121,467,1295,-828
119900122,624,440,184
119900123,382,394,-12
119900124,207,1080,-873
119900125,77,341,-264
119900126,5356,382,4974
119900127,2826,1439,1387
119900128,610,946,-336
119900129,318,807,-489
119900130,50,364,-314
119900131,55,329,-274
119900132,14,291,-277
119900133,83,180,-97
119900134,2263,362,1901
119900135,1,482,-481
119900136,252,400,-148
119900138,513,622,-109
119900139,244,213,31
119900140,5,133,-128
119900141,154,945,-791
119900142,18,71,-53
119900143,28,229,-201
119900144,2124,353,1771
119900145,143,220,-77
119900146,196,314,-118
119900147,4,219,-215
119900148,249,109,140
119900149,1628,5191,-3563
119900150,227,250,-23
119900151,2288,1043,1245
119900152,130,522,-392
119900153,156,142,14
119900154,32,283,-251
119900155,59,63,-4
119900156,25,7,18
119900157,186,334,-148
119900158,187,132,55
119900159,12,1804,-1792
119900160,34,248,-214
119900161,260,335,-75
119900162,1019,1174,-155
119900163,189,226,-37
119900164,1,2,-1
119900165,197,333,-136
119900166,94,60,34
119900167,157,204,-47
119900168,899,736,163
119900169,205,446,-241
119900170,233,340,-107
119900171,2073,602,1471
119900172,266,50,216
119900173,8,522,-514
119900174,27,287,-260
119900175,1281,1025,256
119900177,37,250,-213
119900178,18,204,-186
119900179,118,479,-361
119900180,1095,1211,-116
119900181,68,181,-113
119900182,6,498,-492
119900183,232,787,-555
119900184,3173,823,2350
119900185,71,218,-147
119900186,171,905,-734
119900187,57,587,-530
119900188,117,559,-442
119900189,1036,609,427
119900190,80,345,-265
119900191,410,251,159
119900192,58,229,-171
119900193,452,310,142
119900194,21,111,-90
119900195,170,319,-149
119900196,2151,757,1394
119900197,272,222,50
119900198,298,428,-130
119900199,290,29,261
119900200,851,876,-25
119900201,520,300,220
119900202,126,331,-205
119900203,289,775,-486
119900204,372,449,-77
119900205,775,643,132
119900206,157,153,4
119900208,295,231,64
119900209,589,1367,-778
119900210,30,65,-35
119900211,119,16,103
119900212,209,362,-153
119900213,2,101,-99
119900214,35,82,-47
119900215,81,113,-32
119900216,21,108,-87
119900217,10,76,-66
119900218,25,100,-75
119900219,10,192,-182
119900220,4,115,-111
119900221,44,313,-269
119900222,16,272,-256
119900223,15,78,-63
119900224,30,42,-12
119900225,1077,70,1007
119900226,659,2257,-1598
119900227,1294,454,840
119900228,601,456,145
119900229,411,557,-146
119900230,1984,855,1129
119900231,227,225,2
119900232,337,137,200
119900233,128,14,114
119900234,39,157,-118
119900235,67,140,-73
119900236,102,317,-215
119900237,89,772,-683
119900238,13,110,-97
119900240,216,217,-1
119900241,213,352,-139
119900242,2191,2217,-26
119900244,931,2361,-1430
119900245,191,269,-78
119900246,406,734,-328
119900247,42,169,-127
119900248,158,242,-84
119900249,280,95,185
119900253,3770,578,3192
119900254,107,794,-687
119900255,184,678,-494
119900256,559,1305,-746
119900257,87,12,75
119900258,188,66,122
119900259,7,206,-199
119900260,158,9,149
119900261,385,251,134
119900262,1,314,-313
119900263,1170,524,646
119900264,111,281,-170
119900265,796,617,179
119900266,306,377,-71
119900267,277,668,-391
119900268,527,230,297
119900269,1317,1858,-541
119900271,47,144,-97
119900272,541,238,303
119900275,156,30,126
119900276,58,3,55
119900277,22,10,12
119900278,385,131,254
119900279,143,353,-210
119900280,854,200,654
119900281,3,218,-215
119900282,66,138,-72
119900283,14,310,-296
119900284,68,391,-323
119900285,19,91,-72
119900286,2,38,-36
119900288,2,30,-28
119900289,0,24,-24
119900290,10,21,-11
119900291,8,122,-114
119900292,79,27,52
119900293,33,0,33
119900294,39,1,38
119900295,0,0,0
119900296,2,0,2
119900299,177,248,-71
119900300,410,265,145
119900301,97,133,-36
119900302,181,164,17
119900303,515,500,15
119900304,485,104,381
119900305,16,179,-163
119900306,31,2,29
119900307,164,204,-40
119900308,8,50,-42
119900309,59,196,-137
119900310,383,419,-36
119900311,97,172,-75
119900312,147,111,36
119900313,389,461,-72
119900314,209,540,-331
119900315,1992,3093,-1101
119900318,22,34,-12
119900319,13,378,-365
119900320,294,730,-436
119900321,81,5,76
119900322,38,122,-84
119900323,7,204,-197
119900324,1,58,-57
119900325,126,403,-277
119900326,101,122,-21
120000001,7715,14552,-6837
120000002,3119,3511,-392
120000003,4589,2043,2546
120000004,3503,2730,773
120000005,5294,2551,2743
120000006,1442,1625,-183
120000007,4415,3616,799
120000008,1299,1768,-469
120000009,3724,1137,2587
120000010,2142,3286,-1144
120000011,1500,2295,-795
120000012,1802,3562,-1760
120000013,3469,3251,218
120000014,892,1795,-903
120000015,2929,1786,1143
120000016,4033,2679,1354
120000017,3760,2762,998
120000018,4670,11816,-7146
120000019,1092,1587,-495
120000020,3562,3768,-206
120000021,2048,2651,-603
120000022,3679,4361,-682
120000023,1058,2174,-1116
120000024,1989,3029,-1040
120000025,2732,2597,135
120000026,1963,2185,-222
120000027,2393,2478,-85
120000028,1343,1102,241
120000029,7509,1388,6121
120000030,1035,1548,-513
120000031,2801,9882,-7081
120000032,10442,5756,4686
120000033,5883,2768,3115
120000034,2025,2477,-452
120000035,2151,2686,-535
120000036,3561,6325,-2764
120000037,818,1656,-838
120000038,8253,4635,3618
120000039,846,1038,-192
120000040,365,431,-66
120000041,3043,2082,961
120000042,2694,3335,-641
120000043,5790,2389,3401
120000044,5485,2301,3184
120000045,5947,1420,4527
120000046,3016,3238,-222
120000047,1445,5552,-4107
120000048,8511,5156,3355
120000049,3483,3553,-70
120000050,4848,4765,83
120000051,3745,5077,-1332
120000052,10303,2742,7561
120000053,1527,3178,-1651
120000054,1684,5263,-3579
120000055,2221,5859,-3638
120000056,4887,4402,485
120000057,3324,1066,2258
120000058,5656,1060,4596
120000059,55,2078,-2023
120000061,143,744,-601
120000062,294,402,-108
120000063,1917,3074,-1157
120000064,303,1452,-1149
120000065,796,2104,-1308
120000066,515,729,-214
120000067,97,622,-525
120000068,227,1024,-797
120000069,778,1539,-761
120000070,84,944,-860
120000071,467,207,260
120000072,787,548,239
120000073,826,161,665
120000074,323,184,139
120000075,1151,430,721
120000076,2229,525,1704
120000077,2056,746,1310
120000078,3745,1330,2415
120000079,267,187,80
120000080,155,237,-82
120000081,356,158,198
120000082,168,245,-77
120000083,121,661,-540
120000084,431,493,-62
120000085,398,495,-97
120000086,385,675,-290
120000087,143,787,-644
120000088,850,1489,-639
120000089,1341,916,425
120000090,732,718,14
120000091,988,1297,-309
120000092,1577,836,741
120000093,440,604,-164
120000094,193,850,-657
120000095,1549,685,864
120000096,335,1122,-787
120000098,1447,1341,106
120000099,626,1110,-484
120000100,1051,1132,-81
120000101,603,576,27
120000102,673,977,-304
120000103,1876,1008,868
120000104,2008,619,1389
120000105,3418,887,2531
120000106,2718,932,1786
120000107,3845,848,2997
120000108,1627,159,1468
120000109,1364,101,1263
120000110,123,1197,-1074
120000111,795,1404,-609
120000112,970,3738,-2768
120000113,1030,2675,-1645
120000114,1176,3426,-2250
120000115,448,2784,-2336
120000116,1109,2583,-1474
120000117,1357,1845,-488
120000118,64,31,33
120000119,19,108,-89
120000120,67,80,-13
120000121,64,92,-28
120000122,332,391,-59
120000123,6753,5937,816
120000124,462,473,-11
120000125,595,800,-205
120000126,519,993,-474
120000127,3601,1060,2541
120000128,4709,4759,-50
120000129,303,297,6
120000130,943,701,242
120000131,294,882,-588
120000134,540,1521,-981
120000135,631,795,-164
120000137,282,1839,-1557
120000138,903,718,185
120000139,429,887,-458
120000140,863,782,81
120000141,1525,659,866
120000142,1393,861,532
120000143,0,155,-155
120000144,145,6,139
120000145,345,6,339
120000146,1465,1084,381
120000149,874,1532,-658
120000150,4129,14717,-10588
120000151,419,564,-145
120000152,654,216,438
120000153,335,749,-414
120000154,574,451,123
120000155,105,288,-183
120000156,1156,1106,50
120000157,1171,924,247
120000158,994,1070,-76
120000159,2594,3120,-526
120000160,2952,1686,1266
120000161,2302,2639,-337
120000162,77,297,-220
120000163,907,2185,-1278
120000164,490,916,-426
120000165,568,1064,-496
120000166,1500,776,724
120000167,175,242,-67
120000168,29,701,-672
120000169,136,1811,-1675
120000170,165,1156,-991
120000171,63,399,-336
120000172,96,174,-78
120000173,4902,1838,3064
120000174,981,49,932
120000175,528,34,494
120000176,534,64,470
120000177,2449,171,2278
120000178,273,33,240
120000179,589,87,502
120000180,1688,154,1534
120000181,329,1188,-859
120000182,140,561,-421
120000183,28,489,-461
120000184,208,1582,-1374
120000186,116,474,-358
120000187,66,204,-138
120000188,247,419,-172
120000190,2048,67,1981
120000191,2036,106,1930
120000192,2045,66,1979
120000193,987,14,973
120000195,225,11,214
120000196,750,94,656
120000197,200,229,-29
120000198,139,111,28
120000199,145,2,143
120000200,146,3,143
120000201,16,26,-10
120000202,4,64,-60
120000203,42,241,-199
120000207,1,76,-75
120000208,8,225,-217
120000209,2,103,-101
120000210,79,100,-21
120000211,170,1,169
120000212,152,0,152
120000213,141,393,-252
120000214,2,372,-370
120000215,4,197,-193
120000216,75,15,60
120000217,872,1271,-399
120000218,226,761,-535
120000219,5,576,-571
120000220,9,1943,-1934
120000225,1731,5,1726
120000226,398,5,393
120000227,957,56,901
120000228,9989,3930,6059
120000230,401,24,377
120000231,1432,2638,-1206
120000233,298,3,295
120000235,264,899,-635
120000236,1021,1,1020
120000237,4,1602,-1598
120000238,16,1089,-1073
120000241,1549,3994,-2445
120000412,1296,17,1279
120000413,274,267,7
120000414,102,4,98
120000415,4,172,-168
120000416,165,11,154
120000417,24,137,-113
120000418,146,36,110
120000419,13,360,-347
120000420,72,39,33
120000421,13529,7085,6444
120000422,161,1451,-1290
120000423,2,58,-56
120000424,95,198,-103
120000436,187,769,-582
120000437,156,159,-3
120000438,3493,352,3141
120000439,238,615,-377
120000443,253,2,251
120000444,1481,717,764
120000445,1785,1126,659
120000446,897,280,617
120000447,241,18,223
120000449,108,16,92
120000450,5,233,-228
120000451,329,295,34
120000452,215,4,211
120000453,3,542,-539
120000454,83,42,41
120000455,118,65,53
120000456,2885,4140,-1255
120000457,1417,671,746
120000458,831,926,-95
120000459,107,62,45
120000665,1989,352,1637
120000668,169,799,-630
120000669,75,183,-108
120000670,463,754,-291
120000671,1419,572,847
120000672,133,679,-546
120900001,93,130,-37
120900002,663,720,-57
120900003,356,39,317
120900004,10,75,-65
120900005,37,1448,-1411
120900006,416,283,133
120900007,160,126,34
120900008,303,1480,-1177
120900009,923,109,814
120900010,516,119,397
120900011,417,203,214
120900012,571,1548,-977
120900013,426,117,309
120900014,21,713,-692
120900015,1131,159,972
120900016,846,101,745
120900017,2952,118,2834
120900018,146,598,-452
120900019,691,439,252
120900020,972,1540,-568
120900021,882,221,661
120900022,52,451,-399
120900023,327,49,278
120900024,2922,768,2154
120900025,1983,1158,825
120900026,430,322,108
120900027,847,47,800
120900028,381,128,253
120900029,232,529,-297
120900030,1293,916,377
120900031,273,94,179
120900032,1040,146,894
120900033,1192,104,1088
120900034,30,3131,-3101
120900035,43,213,-170
120900037,281,10,271
120900038,74,281,-207
120900039,131,48,83
120900040,362,7,355
120900041,177,41,136
120900042,535,66,469
120900043,144,40,104
120900044,14,484,-470
120900045,237,220,17
120900046,503,6,497
120900047,221,100,121
120900048,100,28,72
120900049,486,3,483
120900050,3019,1659,1360
120900051,396,197,199
120900052,666,1,665
120900053,366,193,173
120900054,2249,861,1388
120900055,419,1,418
120900056,562,20,542
120900057,141,22,119
120900058,562,2,560
120900059,137,3,134
120900060,57,63,-6
120900061,318,341,-23
120900062,297,1,296
120900063,515,2,513
120900064,550,3,547
120900065,529,4,525
120900066,298,358,-60
120900067,179,66,113
120900068,307,2,305
120900069,231,82,149
120900071,14,4,10
120900072,717,6,711
120900073,513,219,294
120900074,809,11,798
120900076,423,0,423
120900077,4107,538,3569
120900078,791,964,-173
120900079,681,139,542
120900080,676,2066,-1390
120900081,922,878,44
120900082,965,576,389
120900083,117,2,115
120900084,288,448,-160
120900085,121,169,-48
120900086,190,334,-144
120900087,466,359,107
120900088,247,482,-235
120900089,4054,2680,1374
120900090,252,180,72
120900091,763,882,-119
120900092,1644,663,981
120900093,2908,228,2680
120900094,710,207,503
120900095,960,73,887
120900096,90,289,-199
120900097,830,892,-62
120900098,357,270,87
120900099,103,115,-12
120900100,239,334,-95
120900101,900,339,561
120900102,87,141,-54
120900103,90,238,-148
120900104,28,72,-44
120900105,79,713,-634
120900106,1787,700,1087
120900107,288,189,99
120900108,14,773,-759
120900109,80,864,-784
120900110,11,1180,-1169
120900111,260,447,-187
120900112,30,991,-961
120900113,10,1112,-1102
120900114,55,179,-124
120900115,206,269,-63
120900116,338,572,-234
120900117,1,652,-651
120900118,26,846,-820
120900119,5662,8045,-2383
120900120,103,624,-521
120900121,389,776,-387
120900122,536,703,-167
120900123,1,454,-453
120900124,5,651,-646
120900125,2,952,-950
120900126,2184,1583,601
120900127,16,665,-649
120900128,1641,1963,-322
120900129,59,470,-411
120900130,15,468,-453
120900131,70,174,-104
120900132,1005,396,609
120900133,348,1155,-807
120900134,966,543,423
120900135,20,738,-718
120900136,121,370,-249
120900137,290,168,122
120900138,38,310,-272
120900139,8,893,-885
120900140,16,205,-189
120900141,311,334,-23
120900142,21,728,-707
120900143,5,1077,-1072
120900144,0,237,-237
120900145,643,998,-355
120900146,3,1426,-1423
120900147,5,576,-571
120900148,138,177,-39
120900149,2,362,-360
120900150,64,610,-546
120900151,1,835,-834
120900152,33,60,-27
120900153,48,162,-114
120900154,0,326,-326
120900155,235,1242,-1007
120900156,51,367,-316
120900157,145,346,-201
120900158,49,758,-709
120900159,351,445,-94
120900160,39,979,-940
120900161,192,549,-357
120900162,113,858,-745
120900163,117,1081,-964
120900164,0,16,-16
120900165,9,78,-69
120900166,197,533,-336
120900167,685,274,411
120900169,53,501,-448
120900170,1710,3052,-1342
120900171,1480,407,1073
120900172,3882,2347,1535
120900173,0,89,-89
120900174,15,187,-172
120900175,291,206,85
120900176,24,387,-363
120900177,6,1220,-1214
120900178,4,582,-578
120900179,1146,631,515
120900180,142,219,-77
120900181,372,133,239
120900182,37,387,-350
120900183,503,121,382
120900184,298,122,176
120900185,23,496,-473
120900186,0,553,-553
120900187,595,1873,-1278
120900188,207,16,191
120900189,156,1073,-917
120900190,58,15,43
120900191,11,21,-10
120900192,12879,7086,5793
120900194,41,162,-121
120900195,257,323,-66
120900196,785,87,698
120900197,723,204,519
120900198,338,754,-416
120900199,586,482,104
120900200,140,153,-13
120900201,623,253,370
120900202,8,207,-199
120900203,52,123,-71
120900204,193,283,-90
120900205,50,72,-22
120900206,26,43,-17
120900207,182,1772,-1590
121000001,1041,1263,-222
121000002,2820,1389,1431
121000003,3967,2347,1620
121000004,3760,4158,-398
121000005,2327,3326,-999
121000006,4553,1986,2567
121000007,3324,3661,-337
121000008,6402,3945,2457
121000009,6547,6609,-62
121000010,9988,6160,3828
121000011,11131,14272,-3141
121000012,20297,11828,8469
121000013,5899,8766,-2867
121000014,7602,6745,857
121000015,4893,8491,-3598
121000016,5690,4123,1567
121000017,2840,5069,-2229
121000018,2979,2231,748
121000019,23797,15068,8729
121000020,17533,19397,-1864
121000021,5619,4277,1342
121000022,4528,4068,460
121000023,6720,3886,2834
121000024,5808,5805,3
121000025,761,1592,-831
121000026,336,147,189
121000027,1866,1334,532
121000028,957,672,285
121000029,1269,890,379
121000030,837,590,247
121000031,882,889,-7
121000032,298,135,163
121000034,657,304,353
121000035,178,172,6
121000036,1386,1133,253
121000037,716,850,-134
121000038,602,1043,-441
121000039,475,488,-13
121000041,811,599,212
121000042,446,499,-53
121000043,794,755,39
121000044,1553,892,661
121000045,649,406,243
121000046,920,1147,-227
121000047,143,127,16
121000049,1834,675,1159
121000050,377,1357,-980
121000051,815,369,446
121000052,433,831,-398
121000053,681,128,553
121000054,74,421,-347
121000055,1384,1345,39
121000056,896,1177,-281
121000057,495,713,-218
121000058,535,268,267
121000059,2622,1485,1137
121000060,711,987,-276
121000061,160,372,-212
121000062,485,498,-13
121000063,783,927,-144
121000064,872,907,-35
121000065,549,688,-139
121000066,745,743,2
121000067,775,594,181
121000068,878,416,462
121000069,775,894,-119
121000070,3035,1555,1480
121000071,2319,1611,708
121000072,2842,949,1893
121000073,1674,1178,496
121000074,228,179,49
121000075,92,297,-205
121000076,1463,493,970
121000077,222,211,11
121000078,187,199,-12
121000080,2979,840,2139
121000081,4441,3720,721
121000082,138,309,-171
121000083,257,142,115
121000084,207,196,11
121000085,366,437,-71
121000086,264,980,-716
121000087,61,437,-376
121000088,683,726,-43
121000089,531,485,46
121000090,504,485,19
121000091,1761,1196,565
121000092,226,111,115
121000093,166,288,-122
121000094,702,961,-259
121000095,467,857,-390
121000096,2716,2994,-278
121000097,1242,2546,-1304
121000098,850,1520,-670
121000099,729,1030,-301
121000100,1014,666,348
121000101,391,414,-23
121000102,299,485,-186
121000103,264,338,-74
121000104,277,197,80
121000105,695,422,273
121000106,537,505,32
121000107,2420,3912,-1492
121000109,1779,1329,450
121000110,468,796,-328
121000114,2945,2427,518
121000115,1200,1007,193
121000116,327,1201,-874
121000117,1063,250,813
121000118,1717,284,1433
121000119,470,520,-50
121000120,282,657,-375
121000121,764,1420,-656
121000123,1989,849,1140
121000126,128,455,-327
121000127,261,123,138
121000128,1262,652,610
121000129,872,824,48
121000130,645,1238,-593
121000131,3819,2608,1211
121000132,2431,2525,-94
121000135,628,1128,-500
121000136,2291,1295,996
121000137,693,435,258
121000138,1580,1346,234
121000139,1016,519,497
121000141,274,193,81
121000142,895,1071,-176
121000143,196,39,157
121000144,1498,2026,-528
121000145,772,1667,-895
121000146,1504,1178,326
121000147,1128,707,421
121000148,1145,1510,-365
121000149,2490,1656,834
121000152,719,794,-75
121000153,2277,877,1400
121000154,1096,756,340
121000155,1602,1359,243
121000156,514,1133,-619
121000157,1654,2445,-791
121000158,504,674,-170
121000159,185,511,-326
121000160,319,536,-217
121000161,299,392,-93
121000162,133,261,-128
121000165,2030,2237,-207
121000166,33,546,-513
121000168,404,342,62
121000169,90,249,-159
121000170,407,124,283
121000171,119,250,-131
121000172,886,735,151
121000173,2025,1326,699
121000174,518,448,70
121000175,925,421,504
121000176,410,329,81
121000177,1344,826,518
121000178,201,92,109
121000179,97,102,-5
121000181,600,643,-43
121000182,212,239,-27
121000183,142,134,8
121000184,167,296,-129
121000185,42,218,-176
121000186,224,577,-353
121000187,277,340,-63
121000188,201,299,-98
121000192,1023,508,515
121000193,733,789,-56
121000194,2652,2600,52
121000195,365,1018,-653
121000196,961,336,625
121000197,316,858,-542
121000198,275,151,124
121000199,155,459,-304
121000200,703,101,602
121000201,8,248,-240
121000202,930,169,761
121000203,1101,2785,-1684
121000204,3145,1219,1926
121000205,309,328,-19
121000206,241,58,183
121000207,2775,468,2307
121000208,7,406,-399
121000209,477,354,123
121000210,584,549,35
121000211,415,205,210
121000212,495,736,-241
121000213,11780,3557,8223
121000214,1009,2905,-1896
121000215,1316,1192,124
121000216,628,846,-218
121000217,4889,2872,2017
121000218,583,1957,-1374
121000219,1730,501,1229
121000220,269,79,190
121000221,171,243,-72
121000222,3262,2976,286
121000223,965,479,486
121000224,364,218,146
121000225,1790,1899,-109
121000226,3592,1457,2135
121000227,7,247,-240
121000228,16,650,-634
121000229,248,378,-130
121000230,83,1543,-1460
121000231,1059,29,1030
121000232,447,339,108
121000233,689,412,277
121000234,50,41,9
121000235,117,108,9
121000236,18,40,-22
121000237,62,35,27
121000238,15,98,-83
121000239,96,10,86
121000240,10,218,-208
121000241,139,35,104
121000242,94,394,-300
121000243,912,345,567
121000244,22,97,-75
121000245,134,63,71
121000246,2,147,-145
121000247,102,16,86
121000248,2420,734,1686
121000249,202,306,-104
121000250,758,227,531
121000251,43,483,-440
121000252,124,83,41
121000253,510,530,-20
121000254,685,278,407
121000255,284,273,11
121000256,728,390,338
121000257,85,149,-64
121000258,356,81,275
121000259,132,69,63
121000260,250,137,113
121000261,325,69,256
121000262,1057,872,185
121000263,731,548,183
121000271,405,1801,-1396
121000273,90,3,87
121000274,11,34,-23
121000275,3,20,-17
121000276,10,15,-5
121000278,42,36,6
121000279,83,17,66
121000280,93,58,35
121000289,233,18,215
121000290,1334,1278,56
121000294,172,182,-10
121000297,1426,1266,160
121000299,280,488,-208
121000300,1064,688,376
121000302,138,1867,-1729
121000303,583,637,-54
121000304,582,79,503
121000305,189,74,115
121000306,137,157,-20
121000308,192,398,-206
121000309,444,620,-176
121000310,120,421,-301
121000311,90,1008,-918
121000312,449,315,134
121000313,443,598,-155
121000314,198,198,0
121000315,89,170,-81
121000530,1597,1589,8
121000531,2177,1920,257
121000532,8222,9058,-836
121000533,3678,4226,-548
121000918,95,232,-137
121000919,55,72,-17
121000938,389,568,-179
121000939,478,522,-44
121000956,1607,1430,177
121000957,11,28,-17
121000958,156,61,95
121000959,900,1141,-241
121000960,2770,2354,416
121000961,351,251,100
121000962,360,636,-276
121000973,1,163,-162
121000976,26,297,-271
121000979,642,260,382
121000981,486,560,-74
121000982,400,212,188
121000983,577,674,-97
121000984,101,89,12
121000985,614,685,-71
121000986,411,270,141
121000987,346,1152,-806
121000988,855,116,739
121001302,335,145,190
121001308,15,33,-18
121001309,94,107,-13
121001313,373,257,116
121001314,3014,3513,-499
121001315,5710,3020,2690
121900001,169,253,-84
121900002,46,27,19
121900003,546,30,516
121900004,153,495,-342
121900005,52,15,37
121900006,150,36,114
121900007,2558,2780,-222
121900008,1601,461,1140
121900009,704,27,677
121900010,287,1,286
121900011,535,600,-65
121900012,42,1,41
121900013,1827,98,1729
121900014,1476,476,1000
121900015,245,300,-55
121900016,1,36,-35
121900017,1316,579,737
121900018,456,17,439
121900019,578,340,238
121900020,28,3,25
121900021,927,35,892
121900022,325,309,16
121900023,176,483,-307
121900024,487,132,355
121900025,790,496,294
121900026,448,59,389
121900027,424,217,207
121900028,388,26,362
121900029,105,247,-142
121900030,585,713,-128
121900031,1296,6579,-5283
121900032,147,130,17
121900033,218,200,18
121900034,385,98,287
121900035,3289,2838,451
121900036,119,370,-251
121900037,202,996,-794
121900038,60,197,-137
121900039,458,100,358
121900040,135,132,3
121900041,153,179,-26
121900042,410,177,233
121900043,46,10,36
121900044,254,68,186
121900046,394,539,-145
121900047,262,68,194
121900048,72,187,-115
121900050,43,77,-34
121900051,164,186,-22
121900052,194,58,136
121900053,1106,379,727
121900054,685,1106,-421
121900055,4,31,-27
121900058,210,227,-17
121900059,621,237,384
121900060,237,511,-274
121900061,300,247,53
121900062,256,143,113
121900063,1635,472,1163
121900064,319,787,-468
121900066,93,55,38
121900067,96,92,4
121900069,280,181,99
121900070,342,118,224
121900071,487,551,-64
121900072,36,223,-187
121900073,383,311,72
121900074,1071,1156,-85
121900075,587,543,44
121900076,465,827,-362
121900077,13,39,-26
121900078,143,56,87
121900079,0,0,0
121900080,1489,672,817
121900082,80,140,-60
121900084,16,267,-251
121900085,6,19,-13
121900086,16,77,-61
121900087,187,149,38
121900088,2686,3451,-765
121900089,213,488,-275
121900090,99,194,-95
121900091,71,172,-101
121900092,181,129,52
121900093,101,107,-6
121900094,44,12,32
121900095,252,227,25
121900096,1530,1304,226
121900097,590,478,112
121900098,10,12,-2
121900099,189,104,85
121900100,430,622,-192
121900101,249,278,-29
121900102,16,252,-236
121900103,671,401,270
121900104,1646,397,1249
121900105,301,304,-3
121900106,11,11,0
121900107,55,60,-5
121900108,9,49,-40
121900109,372,211,161
121900110,551,1071,-520
121900111,1284,264,1020
121900112,265,227,38
121900113,97,399,-302
121900114,134,134,0
121900117,427,120,307
121900118,2561,794,1767
121900119,255,175,80
121900120,110,1614,-1504
121900121,604,67,537
121900122,26,115,-89
121900123,256,511,-255
121900124,302,213,89
121900125,1723,1116,607
121900127,26,145,-119
121900128,107,165,-58
121900129,785,205,580
121900130,142,333,-191
121900131,374,106,268
121900132,56,139,-83
121900133,135,920,-785
121900134,39,214,-175
121900135,3093,489,2604
121900136,1200,389,811
121900137,63,485,-422
121900138,153,272,-119
121900139,463,641,-178
121900140,79,331,-252
121900141,108,87,21
121900142,258,275,-17
121900143,45,222,-177
121900144,165,331,-166
121900145,285,439,-154
121900146,758,1267,-509
121900147,72,193,-121
121900148,307,453,-146
121900149,442,928,-486
121900150,98,169,-71
121900151,118,323,-205
121900152,109,195,-86
121900153,155,927,-772
121900154,29,307,-278
121900155,0,166,-166
121900156,261,216,45
121900157,5,447,-442
121900158,129,145,-16
121900159,0,265,-265
121900160,54,352,-298
121900161,504,416,88
121900162,120,269,-149
121900163,277,1180,-903
121900164,715,323,392
121900165,758,239,519
121900166,205,189,16
121900167,98,152,-54
121900168,185,377,-192
121900169,9,286,-277
121900170,10,276,-266
121900171,1026,794,232
121900172,819,329,490
121900173,1344,324,1020
121900174,36,92,-56
121900175,450,384,66
121900176,673,1731,-1058
121900177,257,97,160
121900178,51,67,-16
121900179,629,212,417
121900180,5001,4552,449
121900182,686,347,339
121900183,917,1164,-247
121900184,125,818,-693
121900186,15,406,-391
121900187,55,294,-239
121900188,721,577,144
121900189,82,173,-91
121900190,346,633,-287
121900191,162,196,-34
121900192,412,893,-481
121900193,80,244,-164
121900194,9,239,-230
121900195,114,156,-42
121900196,1335,1280,55
121900197,500,1778,-1278
121900198,1264,1032,232
121900199,8,42,-34
121900200,191,366,-175
121900201,1357,933,424
121900202,299,826,-527
121900203,293,1029,-736
121900204,1064,1601,-537
121900205,27,125,-98
121900206,26,49,-23
121900207,175,46,129
121900208,224,366,-142
121900209,110,35,75
121900210,1432,1147,285
121900211,38,121,-83
121900212,206,150,56
121900213,204,95,109
121900214,15,551,-536
121900215,97,123,-26
121900216,81,254,-173
121900217,348,197,151
121900218,279,472,-193
121900220,246,11,235
121900221,306,679,-373
121900222,156,235,-79
121900223,235,63,172
121900224,93,37,56
121900225,119,134,-15
121900226,387,828,-441
121900227,348,707,-359
121900228,264,460,-196
121900230,161,365,-204
121900231,513,1798,-1285
121900232,327,570,-243
121900233,298,278,20
121900234,346,448,-102
121900235,511,235,276
121900236,518,219,299
121900237,203,301,-98
121900238,213,337,-124
121900239,604,48,556
121900240,369,170,199
121900241,73,79,-6
121900242,8,2,6
121900243,19,1,18
121900244,82,3,79
121900245,214,111,103
121900246,2406,404,2002
121900247,672,302,370
121900248,1817,1503,314
121900250,282,407,-125
121900251,513,64,449
121900252,613,201,412
121900253,163,783,-620
121900254,683,354,329
121900255,514,145,369
121900258,3898,2610,1288
121900259,521,648,-127
121900260,180,227,-47
121900261,321,757,-436
121900262,519,1035,-516
121900263,379,317,62
121900264,2433,1795,638
121900265,311,297,14
121900266,606,190,416
121900267,81,43,38
121900269,361,878,-517
121900270,29,265,-236
121900271,56,223,-167
121900273,534,2032,-1498
121900274,310,380,-70
121900277,673,1430,-757
121900278,182,1220,-1038
121900279,171,244,-73
121900280,220,415,-195
121900281,527,473,54
121900284,195,12,183
121900286,715,172,543
121900287,26,58,-32
121900288,8,1,7
121900290,337,425,-88
121900291,486,741,-255
121900292,164,160,4
121900293,1241,3072,-1831
121900294,345,4,341
121900295,185,307,-122
121900296,128,227,-99
121900298,328,800,-472
121900299,0,6,-6
121900300,252,10,242
121900301,68,11,57
121900302,0,57,-57
121900303,471,583,-112
121900304,2,89,-87
121900305,2,32,-30
121900306,324,2,322
121900307,91,33,58
121900308,51,383,-332
121900309,39,313,-274
121900310,60,580,-520
121900311,553,22,531
121900312,353,33,320
121900313,353,31,322
121900314,9,83,-74
121900315,22,1,21
121900316,1,9,-8
121900317,19,8,11
121900318,1,22,-21
121900319,30,120,-90
121900320,57,94,-37
121900321,17,5,12
121900322,7,34,-27
121900323,16,34,-18
121900324,12,67,-55
121900325,17,10,7
121900326,2,26,-24
121900327,8,82,-74
121900328,2,44,-42
121900329,0,238,-238
121900330,1,21,-20
121900331,152,58,94
121900332,86,61,25
121900333,35,1,34
122000001,3000,5517,-2517
122000002,5547,2274,3273
122000003,2927,3284,-357
122000004,3824,2021,1803
122000005,3265,2043,1222
122000006,2147,951,1196
122000007,1317,2180,-863
122000008,5040,5804,-764
122000009,528,465,63
122000010,2526,3273,-747
122000011,4338,1786,2552
122000012,1556,1714,-158
122000013,1778,1154,624
122000014,1921,1396,525
122000015,1821,1375,446
122000016,741,1182,-441
122000017,1491,1243,248
122000018,1785,1606,179
122000019,913,1463,-550
122000020,284,241,43
122000021,368,551,-183
122000022,1414,1255,159
122000023,821,1984,-1163
122000024,1054,1505,-451
122000025,1788,2082,-294
122000026,1468,1246,222
122000027,759,2763,-2004
122000028,1190,645,545
122000029,688,590,98
122000030,527,218,309
122000031,378,336,42
122000032,2176,2421,-245
122000033,860,1578,-718
122000034,980,764,216
122000035,487,965,-478
122000036,645,686,-41
122000037,376,307,69
122000038,345,389,-44
122000039,706,517,189
122000040,346,358,-12
122000041,651,705,-54
122000042,435,549,-114
122000043,136,146,-10
122000044,173,157,16
122000045,1482,618,864
122000046,897,844,53
122000047,387,346,41
122000048,5289,5635,-346
122000049,7572,4346,3226
122000050,1844,1012,832
122000051,484,358,126
122000052,717,493,224
122000053,223,865,-642
122000054,3051,2606,445
122000055,2784,3583,-799
122000056,6242,4547,1695
122000057,4720,4268,452
122000058,3223,1482,1741
122000059,3691,1972,1719
122000060,855,754,101
122000061,692,603,89
122000062,1651,520,1131
122000063,1778,897,881
122000064,3921,3250,671
122000065,4914,2940,1974
122000066,1564,1249,315
122000067,1822,1569,253
122000068,1738,1273,465
122000069,942,800,142
122000070,1193,2127,-934
122000071,1673,1542,131
122000072,442,497,-55
122000073,481,758,-277
122000074,3301,1957,1344
122000075,1175,1366,-191
122000076,2818,1403,1415
122000077,1461,945,516
122000078,3035,2949,86
122000079,2229,1635,594
122000080,1184,500,684
122000081,272,463,-191
122000082,1060,1099,-39
122000083,1876,2433,-557
122000084,1959,1129,830
122000085,405,1254,-849
122000086,2701,5941,-3240
122000087,625,317,308
122000088,501,623,-122
122000089,6768,2882,3886
122000090,318,579,-261
122000091,199,78,121
122000092,194,35,159
122000093,2200,2008,192
122000094,7595,3119,4476
122000095,3875,4789,-914
122000096,3332,2282,1050
122000098,4490,2807,1683
122000099,2337,716,1621
122000100,1159,585,574
122000101,567,775,-208
122000102,2411,1569,842
122000103,2544,2151,393
122000104,558,325,233
122000105,1073,360,713
122000106,549,749,-200
122000107,1308,549,759
122000108,582,935,-353
122000109,622,427,195
122000110,630,688,-58
122000111,3390,1730,1660
122000112,1192,1623,-431
122000113,806,771,35
122000114,3525,1546,1979
122000115,2369,1444,925
122000116,803,648,155
122000117,2510,536,1974
122000118,750,1280,-530
122000119,4201,3545,656
122000120,2370,6151,-3781
122000121,2555,4659,-2104
122000122,1115,2629,-1514
122000123,2081,2381,-300
122000124,1237,794,443
122000125,934,958,-24
122000126,796,1537,-741
122000127,1251,2137,-886
122000128,736,984,-248
122000129,1010,1506,-496
122000130,3624,1876,1748
122000131,1609,1812,-203
122000132,668,944,-276
122000133,1235,2311,-1076
122000134,1089,1100,-11
122000135,913,1181,-268
122000136,1007,787,220
122000137,1899,1562,337
122000139,1678,3764,-2086
122000140,1275,806,469
122000141,6165,1350,4815
122000142,665,1170,-505
122000143,664,655,9
122000144,1583,1704,-121
122000145,1968,995,973
122000146,2440,1390,1050
122000147,806,612,194
122000148,2935,2567,368
122000149,2626,2129,497
122000150,1471,1171,300
122000151,258,516,-258
122000152,355,559,-204
122000153,445,400,45
122000154,312,346,-34
122000155,2069,2882,-813
122000156,3108,2873,235
122000157,2040,2454,-414
122000158,429,836,-407
122000159,997,2089,-1092
122000160,3970,2995,975
122000161,1283,1253,30
122000162,2787,2086,701
122000163,307,101,206
122000164,34,103,-69
122000165,1176,870,306
122000166,1393,1144,249
122000167,373,264,109
122000168,275,640,-365
122000169,489,183,306
122000170,474,300,174
122000171,80,127,-47
122000172,1916,1822,94
122000173,1919,2702,-783
122000174,2885,1087,1798
122000175,1361,371,990
122000176,488,895,-407
122000177,1786,1822,-36
122000178,3143,2493,650
122000179,2035,2863,-828
122000180,2118,1585,533
122000181,2350,3457,-1107
122000182,2055,1823,232
122000183,2287,1136,1151
122000184,3639,2403,1236
122000185,2125,1913,212
122000186,579,954,-375
122000187,2061,1233,828
122000188,619,252,367
122000189,360,352,8
122000190,1147,1296,-149
122000191,1059,824,235
122000192,1343,436,907
122000193,536,935,-399
122000194,648,232,416
122000195,193,608,-415
122000196,1551,864,687
122000197,701,1030,-329
122000198,647,1058,-411
122000199,407,448,-41
122000200,1371,713,658
122000201,2038,1722,316
122000202,1628,1691,-63
122000203,4884,1884,3000
122000204,2256,2576,-320
122000205,1863,1925,-62
122000206,2468,1145,1323
122000207,2254,1621,633
122000208,2658,1769,889
122000209,2059,400,1659
122000210,2283,2095,188
122000211,1772,1501,271
122000212,913,513,400
122000213,1312,1555,-243
122000214,2349,2038,311
122000215,2407,2090,317
122000217,2626,1721,905
122000218,915,90,825
122000219,1641,1214,427
122000220,529,887,-358
122000221,115,513,-398
122000222,678,151,527
122000223,1787,692,1095
122000225,1003,359,644
122000226,3208,2318,890
122000227,548,2753,-2205
122000228,657,582,75
122000229,125,677,-552
122000230,623,711,-88
122000231,1124,1069,55
122000232,878,1550,-672
122000233,0,157,-157
122000234,432,221,211
122000235,764,189,575
122000236,1185,178,1007
122000237,336,109,227
122000238,823,388,435
122000239,1360,226,1134
122000240,1375,906,469
122000241,1833,687,1146
122000242,1012,260,752
122000243,239,56,183
122000244,75,481,-406
122000245,118,241,-123
122000246,173,221,-48
122000247,1468,758,710
122000248,1484,1853,-369
122000249,3225,1140,2085
122000250,2652,1449,1203
122000251,437,526,-89
122000252,668,308,360
122000253,129,373,-244
122000254,437,221,216
122000255,1063,2415,-1352
122000256,688,1359,-671
122000257,221,443,-222
122000258,377,356,21
122000259,42,661,-619
122000260,5,101,-96
122000261,25,232,-207
122000262,6,87,-81
122000263,510,149,361
122000264,1465,457,1008
122000265,2769,1137,1632
122000266,4836,768,4068
122000267,281,193,88
122000268,227,576,-349
122000269,1006,505,501
122000270,858,214,644
122000271,470,1381,-911
122000272,431,1273,-842
122000273,447,507,-60
122000274,249,269,-20
122000275,201,256,-55
122000276,837,831,6
122000277,1791,1785,6
122000278,2108,1310,798
122000279,315,778,-463
122000280,1437,1008,429
122000281,1163,1246,-83
122000282,352,336,16
122000283,697,175,522
122000284,297,147,150
122000285,556,113,443
122000286,147,187,-40
122000287,1414,1750,-336
122000288,594,431,163
122000291,2328,1037,1291
122000293,447,346,101
122000294,243,241,2
122000295,2611,312,2299
122000296,110,676,-566
122000297,3486,3244,242
122000299,528,573,-45
122000300,685,754,-69
122000301,13855,4070,9785
122000302,1079,1524,-445
122000303,4815,1578,3237
122000304,113,367,-254
122000305,1209,378,831
122000306,42,1073,-1031
122000307,223,211,12
122000309,125,67,58
122000310,23,99,-76
122000311,307,144,163
122000312,215,152,63
122000313,129,91,38
122000314,123,284,-161
122000315,306,70,236
122000316,915,315,600
122000317,1356,293,1063
122000318,340,804,-464
122000319,371,542,-171
122000320,467,1799,-1332
122000321,134,263,-129
122000322,3129,2679,450
122000323,1969,2661,-692
122000324,1415,1402,13
122000325,1707,1930,-223
122000326,87,153,-66
122000327,626,987,-361
122000328,1037,898,139
122000330,2538,1003,1535
122000332,342,481,-139
122000333,10,110,-100
122000337,1097,1953,-856
122000338,584,625,-41
122000340,471,546,-75
122000342,2567,1196,1371
122000343,562,1626,-1064
122000344,66,32,34
122000345,65,46,19
122000346,596,675,-79
122000348,934,1128,-194
122000349,168,966,-798
122000351,104,240,-136
122000352,476,230,246
122000353,111,113,-2
122000355,194,342,-148
122000356,1808,1410,398
122000357,160,33,127
122000358,0,63,-63
122000359,0,46,-46
122000360,2,98,-96
122000362,7,102,-95
122000364,208,478,-270
122000365,5,49,-44
122000366,15,10,5
122000368,519,878,-359
122000370,49,76,-27
122000371,31,0,31
122000372,13,1,12
122000381,108,384,-276
122000382,130,338,-208
122000384,4174,1612,2562
122000385,92,1,91
122000386,545,1453,-908
122000387,626,824,-198
122000388,1913,848,1065
122000389,177,787,-610
122000390,530,298,232
122000391,401,324,77
122000392,547,302,245
122000393,112,238,-126
122000394,700,462,238
122000395,255,223,32
122000396,357,166,191
122000397,70,56,14
122000398,66,73,-7
122000399,152,79,73
122000400,160,572,-412
122000401,152,125,27
122000402,328,164,164
122000403,624,1019,-395
122000404,195,361,-166
122000408,1156,1598,-442
122000503,16,136,-120
122000524,755,130,625
122000544,195,2730,-2535
122000616,459,2,457
122000640,93,150,-57
122000641,152,395,-243
122000642,1239,1375,-136
122000643,60,174,-114
122000644,162,26,136
122000645,165,217,-52
122000651,2055,1061,994
122000664,174,55,119
122000665,1461,694,767
122000666,816,1487,-671
122000673,24,329,-305
122000674,181,77,104
122000675,2007,1377,630
122000686,797,1546,-749
122000687,1716,522,1194
122000688,418,805,-387
122000689,911,544,367
122000690,2465,637,1828
122000691,2051,2044,7
122000692,1907,641,1266
122000693,627,2552,-1925
122000695,362,570,-208
122000696,409,426,-17
122000698,352,1169,-817
122000699,281,231,50
122000701,1354,482,872
122000702,533,1535,-1002
122000703,179,87,92
122000717,174,105,69
122000718,466,815,-349
122000719,145,148,-3
122000720,497,272,225
122000724,319,41,278
122900001,42,11,31
122900002,1664,5255,-3591
122900003,480,65,415
122900004,968,69,899
122900005,177,57,120
122900006,1433,424,1009
122900007,482,87,395
122900008,979,103,876
122900009,996,535,461
122900010,375,177,198
122900012,312,533,-221
122900014,254,348,-94
122900015,2559,1079,1480
122900016,128,404,-276
122900017,479,1198,-719
122900018,219,39,180
122900019,29,207,-178
122900020,386,470,-84
122900021,89,688,-599
122900022,1057,843,214
122900023,568,343,225
122900024,179,170,9
122900025,20,465,-445
122900026,124,481,-357
122900027,93,1034,-941
122900028,184,252,-68
122900029,5100,3616,1484
122900030,1321,732,589
122900031,108,340,-232
122900032,179,446,-267
122900033,281,209,72
122900034,5578,5738,-160
122900035,27,21,6
122900036,72,118,-46
122900037,418,185,233
122900038,212,3029,-2817
122900039,146,594,-448
122900040,364,631,-267
122900041,510,422,88
122900042,245,471,-226
122900043,489,304,185
122900044,134,419,-285
122900045,155,162,-7
122900046,323,267,56
122900047,205,235,-30
122900048,64,258,-194
122900049,1869,180,1689
122900051,129,187,-58
122900052,110,244,-134
122900053,65,52,13
122900055,604,195,409
122900057,263,83,180
122900061,570,277,293
122900062,633,760,-127
122900063,159,391,-232
122900064,1310,463,847
122900065,592,290,302
122900066,851,448,403
122900067,1728,1138,590
122900068,531,433,98
122900069,631,1868,-1237
122900070,523,112,411
122900071,173,515,-342
122900072,24,654,-630
122900073,104,344,-240
122900074,1020,886,134
122900075,2,81,-79
122900076,3,203,-200
122900077,0,183,-183
122900078,230,173,57
122900080,122,32,90
122900081,251,260,-9
122900082,963,692,271
122900083,222,468,-246
122900084,13,333,-320
122900086,24,128,-104
122900087,337,775,-438
122900088,53,207,-154
122900089,114,332,-218
122900090,9,537,-528
122900091,259,10,249
122900092,0,300,-300
122900093,2,353,-351
122900094,7,278,-271
122900095,216,12,204
122900096,453,222,231
122900097,32,45,-13
122900098,210,167,43
122900099,95,29,66
122900100,412,238,174
122900101,597,325,272
122900102,32,78,-46
122900103,143,11,132
122900104,125,14,111
122900105,9,23,-14
122900106,6,123,-117
122900107,6,235,-229
122900108,7,207,-200
123000001,1843,595,1248
123000002,4922,5644,-722
123000003,4214,4413,-199
123000004,3865,4815,-950
123000005,2852,3294,-442
123000006,2791,3129,-338
123000007,4716,3267,1449
123000008,3497,3901,-404
123000009,5100,3532,1568
123000010,4144,4001,143
123000011,2985,935,2050
123000012,1104,2624,-1520
123000013,3928,1038,2890
123000014,1220,3964,-2744
123000015,5511,1638,3873
123000016,5971,5296,675
123000017,3619,2115,1504
123000018,74,142,-68
123000019,343,340,3
123000020,206,203,3
123000021,109,245,-136
123000022,484,2174,-1690
123000023,1655,1806,-151
123000024,1671,793,878
123000025,279,203,76
123000026,436,116,320
123000027,390,654,-264
123000028,2267,513,1754
123000029,1931,1325,606
123000030,309,561,-252
123000031,249,376,-127
123000032,461,220,241
123000033,250,116,134
123000034,1429,1127,302
123000035,449,538,-89
123000036,351,1148,-797
123000037,345,563,-218
123000038,172,245,-73
123000039,495,1591,-1096
123000040,1117,459,658
123000041,1523,1486,37
123000042,1514,774,740
123000043,4102,9754,-5652
123000044,5909,3128,2781
123000045,10379,3817,6562
123000046,1045,1909,-864
123000047,2978,1228,1750
123000048,116,819,-703
123000049,8747,10707,-1960
123000050,1576,1708,-132
123000051,142,279,-137
123000052,958,3748,-2790
123000053,3121,3828,-707
123000054,1631,2053,-422
123000055,2068,2805,-737
123000056,1688,2649,-961
123000057,16906,8992,7914
123000058,763,1211,-448
123000059,594,728,-134
123000060,1037,605,432
123000061,376,997,-621
123000063,902,1065,-163
123000064,1232,408,824
123000065,9711,4071,5640
123000066,936,684,252
123000067,994,757,237
123000068,3815,3559,256
123000069,8152,4473,3679
123000070,321,885,-564
123000071,1157,1194,-37
123000072,1239,1459,-220
123000073,1266,891,375
123000074,1150,1493,-343
123000075,392,1298,-906
123000076,1489,814,675
123000077,2414,3308,-894
123000078,1722,1923,-201
123000079,1649,2182,-533
123000080,2788,2340,448
123000081,178,460,-282
123000082,441,1306,-865
123000083,1056,244,812
123000084,785,586,199
123000085,311,128,183
123000086,563,274,289
123000087,538,462,76
123000088,2118,1110,1008
123000089,605,1271,-666
123000090,1248,1172,76
123000091,1544,1505,39
123000092,1152,1209,-57
123000094,511,408,103
123000095,728,781,-53
123000096,739,501,238
123000097,519,927,-408
123000098,836,796,40
123000099,706,874,-168
123000100,690,990,-300
123000101,726,843,-117
123000102,791,823,-32
123000104,550,517,33
123000105,796,590,206
123000106,475,443,32
123000107,495,517,-22
123000108,888,1222,-334
123000111,1063,442,621
123000112,1277,701,576
123000113,765,1719,-954
123000114,501,601,-100
123000115,384,332,52
123000116,37,155,-118
123000117,2685,2463,222
123000118,523,1147,-624
123000119,348,1088,-740
123000120,525,917,-392
123000121,568,567,1
123000122,398,329,69
123000123,548,679,-131
123000124,560,453,107
123000125,1215,1186,29
123000126,1542,4271,-2729
123000127,1016,799,217
123000128,425,423,2
123000129,765,265,500
123000130,669,107,562
123000131,874,769,105
123000132,468,1047,-579
123000133,353,449,-96
123000134,425,207,218
123000135,2525,1408,1117
123000136,271,918,-647
123000137,143,393,-250
123000138,132,484,-352
123000139,571,156,415
123000140,204,893,-689
123000141,875,201,674
123000142,1468,1618,-150
123000143,1510,2353,-843
123000144,136,49,87
123000145,349,160,189
123000146,98,84,14
123000147,107,113,-6
123000149,536,594,-58
123000150,256,348,-92
123000151,545,645,-100
123000152,319,511,-192
123000153,635,920,-285
123000154,2468,2479,-11
123000155,2869,1457,1412
123000156,69,208,-139
123000157,706,1214,-508
123000158,763,748,15
123000159,3876,3013,863
123000160,1080,936,144
123000161,1830,1346,484
123000162,1039,2033,-994
123000163,678,164,514
123000164,1649,425,1224
123000165,580,2100,-1520
123000166,52,212,-160
123000167,165,382,-217
123000168,353,285,68
123000169,716,162,554
123000170,53,259,-206
123000171,732,36,696
123000172,509,711,-202
123000173,676,351,325
123000174,1150,446,704
123000175,1484,1506,-22
123000176,1367,326,1041
123000177,940,1273,-333
123000178,885,211,674
123000179,65,764,-699
123000180,1829,446,1383
123000181,485,1892,-1407
123000182,338,773,-435
123000183,182,609,-427
123000184,391,908,-517
123000185,907,520,387
123000186,3,796,-793
123000187,656,10,646
123000188,231,0,231
123000189,209,248,-39
123000190,76,110,-34
123000192,36,605,-569
123000193,93,1229,-1136
123000194,554,475,79
123000195,380,40,340
123000196,346,24,322
123000197,78,144,-66
123000198,47,476,-429
123000199,12,825,-813
123000200,643,13,630
123000201,1143,27,1116
123000202,28,1544,-1516
123000203,1061,76,985
123000204,102,1668,-1566
123000205,726,2493,-1767
123000206,2348,308,2040
123000207,140,1275,-1135
123000208,595,263,332
123000209,2340,677,1663
123000210,641,2903,-2262
123000211,733,3390,-2657
123000212,3198,617,2581
123000213,906,95,811
123000215,141,264,-123
123000216,285,1661,-1376
123000217,192,41,151
123000218,102,773,-671
123000219,1224,83,1141
123000220,537,159,378
123000221,355,181,174
123000222,529,603,-74
123000223,423,474,-51
123000224,452,624,-172
123000225,399,106,293
123000226,111,454,-343
123000227,109,346,-237
123000228,274,109,165
123000229,1342,2075,-733
123000232,121,748,-627
123000233,794,295,499
123000234,196,756,-560
123000235,1096,478,618
123000236,349,876,-527
123000237,343,103,240
123000238,109,598,-489
123000239,634,1864,-1230
123000240,91,538,-447
123000241,860,156,704
123000242,257,258,-1
123000243,931,1121,-190
123000244,1107,861,246
123000245,72,210,-138
123000249,451,726,-275
123000252,859,274,585
123000253,1128,636,492
123000254,920,1296,-376
123000255,1486,1103,383
123000256,48,348,-300
123000257,3552,2521,1031
123000258,1794,1152,642
123000259,416,514,-98
123000260,464,520,-56
123000261,278,225,53
123000262,140,241,-101
123000263,387,118,269
123000264,211,94,117
123000265,85,184,-99
123000266,797,990,-193
123000267,767,453,314
123000268,58,89,-31
123000269,91,60,31
123000270,37,77,-40
123000271,108,114,-6
123000272,855,293,562
123000273,311,675,-364
123000274,1446,696,750
123000275,440,1096,-656
123000278,4673,3052,1621
123000279,140,106,34
123000280,600,478,122
123000281,342,144,198
123000282,223,373,-150
123000283,186,50,136
123000284,59,119,-60
123000286,381,420,-39
123000287,733,367,366
123000288,1708,899,809
123000289,493,1237,-744
123000291,320,966,-646
123000294,186,244,-58
123000295,1226,1039,187
123000296,721,486,235
123000297,630,790,-160
123000298,788,566,222
123000299,41,207,-166
123000300,982,939,43
123000301,143,295,-152
123000302,95,217,-122
123000303,108,173,-65
123000305,1063,999,64
123000306,140,228,-88
123000309,48,100,-52
123000310,61,46,15
123000311,0,128,-128
123000312,649,1179,-530
123000313,619,388,231
123000315,132,451,-319
123000316,1546,102,1444
123000317,232,105,127
123000318,86,297,-211
123000329,16,10,6
123000337,1207,435,772
123000338,771,66,705
123000339,249,376,-127
123000340,219,559,-340
123000342,312,30,282
123000343,79,13,66
123000344,1479,754,725
123000345,401,1023,-622
123000346,330,60,270
123000352,1785,985,800
123000353,42,90,-48
123000354,452,5,447
123000355,3,464,-461
123000356,323,30,293
123000357,10,188,-178
123000359,1,208,-207
123000360,306,104,202
123000361,431,346,85
123000362,454,121,333
123000363,122,285,-163
123000364,564,505,59
123000365,18,447,-429
123000366,510,2093,-1583
123000367,361,1385,-1024
123000370,62,323,-261
123000371,919,62,857
123000372,462,36,426
123000373,5,485,-480
123000374,52,253,-201
123000375,533,52,481
123000376,1107,742,365
123000377,448,35,413
123000378,22,312,-290
123000379,13,324,-311
123000380,66,530,-464
123000381,268,76,192
123000382,1638,156,1482
123000383,287,1433,-1146
123000384,521,156,365
123000385,229,610,-381
123000436,57,1099,-1042
123000507,179,384,-205
123000508,324,1127,-803
123000517,332,42,290
123000518,30,215,-185
123000519,205,79,126
123000520,61,249,-188
123000521,396,104,292
123000522,156,538,-382
123000541,12,5,7
123000542,1,23,-22
123000565,636,51,585
123000566,295,840,-545
123000567,114,268,-154
123000573,56,990,-934
123000574,778,85,693
123000575,1384,1402,-18
123000576,848,1727,-879
123000577,157,728,-571
123000578,682,100,582
123000579,3778,5908,-2130
123000580,144,46,98
123000582,511,34,477
123000583,42,464,-422
123000584,289,334,-45
123000585,0,126,-126
123000586,148,0,148
123000596,162,153,9
123000597,95,140,-45
123000602,38,4,34
123000603,694,748,-54
123000604,553,1051,-498
123000605,1066,170,896
123000606,2,529,-527
123000609,19,463,-444
123000610,300,156,144
123000613,33,191,-158
123000614,236,80,156
123000615,80,142,-62
123000616,776,84,692
123000617,173,561,-388
123000618,90,669,-579
123000619,681,62,619
123000620,23,482,-459
123000622,479,56,423
123000624,220,48,172
123000630,1016,512,504
123000631,303,1581,-1278
123000632,848,1094,-246
123000633,0,223,-223
123000634,65,159,-94
123000635,200,120,80
123000636,65,756,-691
123000637,216,153,63
123000638,626,68,558
123000639,1368,4078,-2710
123000640,17,897,-880
123000648,31,28,3
123000649,9,103,-94
123900001,1340,78,1262
123900002,86,1466,-1380
123900003,516,602,-86
123900005,277,171,106
123900006,296,72,224
124000001,2075,171,1904
124000002,110,1871,-1761
124000003,831,170,661
124000004,92,649,-557
124000005,1071,469,602
124000006,281,1477,-1196
124000007,562,117,445
124000008,11,611,-600
124000009,651,298,353
124000010,197,514,-317
124000011,1103,404,699
124000012,392,711,-319
124000017,207,187,20
124000018,132,87,45
124000019,172,152,20
124000020,54,249,-195
124000021,156,129,27
124000022,113,243,-130
124000023,1730,1820,-90
124000024,1179,562,617
124000025,1459,2120,-661
124000026,1236,1325,-89
124000027,5514,5349,165
124000028,2690,5199,-2509
124000030,3748,1615,2133
124000031,1379,2907,-1528
124000032,3200,1056,2144
124000033,323,385,-62
124000034,1352,818,534
124000035,169,236,-67
124000036,119,369,-250
124000037,1065,1327,-262
124000038,67,206,-139
124000039,1479,497,982
124000040,716,1452,-736
124000041,673,96,577
124000042,188,617,-429
124000043,162,135,27
124000044,108,271,-163
124000045,791,783,8
124000046,387,845,-458
124000047,1718,1308,410
124000048,1301,1611,-310
124000049,1898,955,943
124000050,1069,2179,-1110
124000051,1111,990,121
124000052,1002,1219,-217
124000053,819,1681,-862
124000054,1033,783,250
124000055,1702,2706,-1004
124000056,2675,1956,719
124000057,1120,798,322
124000058,559,1469,-910
124000059,700,1466,-766
124000060,1531,902,629
124000061,1740,5518,-3778
124000062,4735,2285,2450
124000063,1634,2018,-384
124000064,2880,1770,1110
124000065,109,387,-278
124000066,261,125,136
124000067,277,250,27
124000068,72,120,-48
124000069,755,198,557
124000070,241,460,-219
124000071,657,122,535
124000072,373,623,-250
124000073,1135,233,902
124000074,303,859,-556
124000075,361,50,311
124000076,19,321,-302
124000077,1994,1128,866
124000078,3696,1354,2342
124000079,500,1556,-1056
124000080,787,310,477
124000081,427,653,-226
124000082,99,182,-83
124000083,110,110,0
124000084,84,497,-413
124000085,197,60,137
124000086,95,110,-15
124000087,310,128,182
124000088,370,473,-103
124000089,1149,506,643
124000090,131,456,-325
124000091,560,112,448
124000092,139,791,-652
124000093,154,146,8
124000094,285,658,-373
124000095,94,121,-27
124000096,204,377,-173
124000097,104,132,-28
124000098,73,110,-37
124000099,306,156,150
124000100,64,146,-82
124000101,86,137,-51
124000102,135,72,63
124000103,85,122,-37
124000104,107,74,33
124000105,104,109,-5
124000106,149,90,59
124000107,31,163,-132
124000108,106,43,63
124000109,111,109,2
124000110,268,183,85
124000111,230,185,45
124000112,715,854,-139
124000113,82,86,-4
124000114,288,572,-284
124000115,483,801,-318
124000116,130,195,-65
124000117,69,96,-27
124000118,58,113,-55
124000119,1230,671,559
124000120,734,558,176
124000121,1674,824,850
124000122,742,1670,-928
124000123,1220,611,609
124000124,509,1522,-1013
124000125,426,633,-207
124000126,395,788,-393
124000127,1046,520,526
124000128,611,1155,-544
124000129,2410,1915,495
124000130,1066,794,272
124000131,1060,740,320
124000132,1192,1069,123
124000133,928,965,-37
124000134,1019,725,294
124000135,2064,2084,-20
124000136,1270,1245,25
124000137,1605,916,689
124000138,2403,1547,856
124000139,753,32,721
124000140,57,693,-636
124000141,158,32,126
124000142,12,236,-224
124000143,63,42,21
124000144,24,63,-39
124000145,208,83,125
124000146,108,97,11
124000148,66,163,-97
124000149,1634,532,1102
124000150,725,703,22
124000151,1147,528,619
124000152,1038,1536,-498
124000153,1166,914,252
124000154,645,904,-259
124000155,1880,1281,599
124000156,2239,1426,813
124000169,241,442,-201
124000170,703,633,70
124000171,314,254,60
124000172,508,640,-132
124000173,494,270,224
124000174,469,766,-297
124000175,20,171,-151
124000176,132,35,97
124000177,16,50,-34
124000178,73,45,28
124000190,152,52,100
124000191,235,147,88
124000192,2564,414,2150
124000193,681,1055,-374
124000194,479,584,-105
124000195,353,754,-401
124000196,1309,1301,8
124000197,111,62,49
124000198,51,51,0
124000201,447,1070,-623
124000202,672,475,197
124000203,1052,710,342
124000204,979,488,491
124000205,169,542,-373
124000206,911,507,404
124000207,0,65,-65
124000209,283,597,-314
124000210,483,249,234
124000211,630,1,629
124000212,0,536,-536
124000213,490,359,131
124000214,367,646,-279
124000215,475,26,449
124000216,3,479,-476
124000329,236,1867,-1631
124000338,261,1008,-747
124000339,1134,351,783
124000341,1336,354,982
124000344,97,36,61
124000357,1045,2068,-1023
124000358,938,1463,-525
124000359,1093,659,434
124000360,841,502,339
124000361,1828,827,1001
124000362,1472,1859,-387
124000363,317,438,-121
124000364,667,869,-202
124000365,834,1293,-459
124000366,1849,1069,780
124000367,145,559,-414
124000368,617,525,92
124000369,144,116,28
124000370,76,711,-635
124000402,48,21,27
124000403,221,39,182
124000404,6,168,-162
124000405,1314,1100,214
124000406,888,944,-56
124000407,0,55,-55
124000411,9,401,-392
124000412,501,13,488
124000413,329,40,289
124000414,73,172,-99
124000415,88,147,-59
124000416,216,258,-42
124000417,182,140,42
124000418,187,108,79
124000419,86,155,-69
124000420,97,93,4
124000421,64,208,-144
124000422,18,20,-2
124000423,182,51,131
124000424,5,83,-78
124000425,50,47,3
124000426,2,49,-47
124000427,44,19,25
124000428,19,35,-16
124000429,63,61,2
124000430,825,606,219
124000431,362,737,-375
124000432,296,964,-668
124000439,7,10,-3
124000443,0,7,-7
124000445,523,1041,-518
124000446,1605,150,1455
124900001,540,442,98
124900002,218,365,-147
124900003,1104,726,378
124900004,643,437,206
124900005,254,298,-44
124900006,793,445,348
124900008,1541,803,738
124900009,217,375,-158
124900010,239,172,67
124900011,611,338,273
124900012,507,151,356
124900013,661,151,510
124900014,587,82,505
124900015,203,419,-216
124900016,117,100,17
124900017,709,1344,-635
124900018,69,17,52
124900020,148,76,72
124900021,395,61,334
124900022,99,7,92
124900024,288,31,257
124900026,195,46,149
124900027,145,485,-340
124900028,570,120,450
124900029,24,584,-560
124900030,9,180,-171
124900031,58,382,-324
124900032,326,338,-12
124900033,269,391,-122
124900034,185,596,-411
124900035,215,582,-367
124900036,3,51,-48
124900037,239,349,-110
124900038,394,438,-44
124900039,9,89,-80
124900040,132,75,57
124900041,239,1225,-986
124900042,387,2,385
124900043,602,1282,-680
124900044,81,6,75
124900045,973,1391,-418
124900046,1233,342,891
124900047,225,270,-45
124900048,235,126,109
124900050,170,276,-106
124900052,134,582,-448
124900053,265,484,-219
124900054,1999,559,1440
124900055,3,256,-253
124900057,9,60,-51
124900060,150,264,-114
124900061,93,12,81
124900062,263,42,221
124900066,0,15,-15
124900067,16,162,-146
124900068,246,604,-358
124900070,140,34,106
124900072,143,33,110
124900074,245,70,175
124900075,268,279,-11
124900076,36,1255,-1219
124900077,41,160,-119
124900078,98,35,63
124900079,641,302,339
124900080,249,680,-431
124900081,1017,352,665
124900082,458,901,-443
124900083,271,573,-302
124900084,2347,190,2157
124900085,1321,596,725
124900086,155,1442,-1287
124900087,794,151,643
124900088,836,149,687
124900089,1559,57,1502
124900090,360,396,-36
124900091,377,489,-112
124900092,268,296,-28
124900093,320,261,59
124900094,411,406,5
124900095,92,528,-436
124900096,684,297,387
124900097,385,118,267
124900098,137,359,-222
124900099,887,526,361
124900100,508,75,433
124900101,122,866,-744
124900102,268,37,231
124900103,180,257,-77
124900104,67,228,-161
124900105,131,153,-22
124900106,370,67,303
124900107,166,11,155
124900108,181,106,75
124900109,18,35,-17
124900110,105,136,-31
124900111,0,149,-149
124900112,72,701,-629
124900113,115,296,-181
124900114,257,191,66
124900115,188,73,115
124900116,275,192,83
124900117,633,198,435
124900118,307,273,34
124900119,428,221,207
124900120,78,431,-353
124900121,174,468,-294
124900122,363,313,50
124900123,449,169,280
124900124,193,359,-166
129000186,164,53,111
204000001,83,9,74
204000002,8,2,6
204000003,25,1,24
204000004,16,1,15
204000005,641,428,213
204000006,1417,1166,251
204000011,7,53,-46
204000012,72,121,-49
204000019,640,593,47
204000020,850,621,229
204000021,2512,986,1526
204000022,717,496,221
204000023,628,927,-299
204000031,146,29,117
204000032,600,44,556
204000034,13,240,-227
204000035,3,9,-6
204000036,7,21,-14
204000037,1,17,-16
204000038,2,23,-21
204000039,9,29,-20
204000040,3,28,-25
204000041,3,40,-37
204000042,45,22,23
204000043,41,6,35
204000044,43,3,40
204000045,49,8,41
204000046,12,5,7
204000057,6,18,-12
204000062,18,33,-15
204000068,32,258,-226
204000069,53,411,-358
204000070,167,82,85
204000080,133,96,37
204000085,2341,2328,13
204000086,2662,2492,170
204000087,45,18,27
204000088,5,117,-112
204000090,52,347,-295
204000093,329,55,274
204000096,786,1027,-241
204000097,506,12,494
204000099,1332,1515,-183
204000100,1541,2029,-488
204000105,2284,1669,615
204000110,1182,1476,-294
204000111,464,747,-283
204000112,2229,872,1357
204000113,524,874,-350
204000114,1068,900,168
204000115,797,449,348
204000116,3438,771,2667
204000119,2015,2621,-606
204000132,646,523,123
204000133,913,330,583
204000134,756,154,602
204000135,989,113,876
204000136,932,269,663
204000138,411,1097,-686
204000140,191,131,60
204000141,217,80,137
204000144,23,42,-19
204000145,648,38,610
204000146,31,445,-414
204000147,24,235,-211
204000148,464,25,439
204000154,12,4,8
204000155,8,5,3
204000177,126,69,57
204000179,15,9,6
204000180,0,28,-28
204000222,11,22,-11
204000235,38,25,13
204000236,74,325,-251
204000238,21,32,-11
204000240,410,134,276
204000263,615,1049,-434
204000268,1207,682,525
204000308,250,22,228
204000317,6,96,-90
204000322,2,51,-49
204000323,24,15,9
204000328,237,55,182
204000329,47,192,-145
204000330,192,16,176
204000331,25,121,-96
204010341,17,201,-184
205000001,967,2035,-1068
205000013,6,91,-85
205000014,22,113,-91
205000015,45,210,-165
205000016,98,199,-101
205000017,40,105,-65
205000022,258,883,-625
205000025,1210,1295,-85
205000029,220,5,215
205000045,220,468,-248
205000046,229,510,-281
205000047,150,532,-382
205000048,373,1043,-670
205000049,200,797,-597
205000050,845,313,532
205000059,1,258,-257
205000060,0,77,-77
205000061,2,70,-68
205000062,2,47,-45
205000063,28,108,-80
205000064,15,113,-98
205000065,61,560,-499
205000066,92,719,-627
205000067,36,785,-749
205000069,203,25,178
205000082,222,161,61
205000110,75,271,-196
205000111,204,283,-79
205000112,173,308,-135
205000113,197,423,-226
205000121,322,53,269
205000123,42,270,-228
205000126,448,81,367
205000127,719,124,595
205000128,437,61,376
205000129,513,100,413
205000130,217,30,187
205000131,145,5,140
205000132,247,3,244
205000133,173,1,172
205000134,273,1,272
205000137,83,172,-89
205000138,199,356,-157
205000139,28,127,-99
205000144,130,92,38
205000145,499,185,314
205000151,170,25,145
205000152,372,47,325
205000153,259,24,235
205000154,117,38,79
205000155,110,7,103
205000207,18,200,-182
205000233,13,2,11
205000234,0,1,-1
205000243,1,0,1
205000244,0,2,-2
205000245,16,180,-164
205000249,3,45,-42
205000250,8,0,8
205000264,5,86,-81
206000027,3,1,2
206000028,6,2,4
206000043,7,42,-35
206000053,4,11,-7
206000054,4,24,-20
206000055,1,36,-35
206000075,10,18,-8
206000076,26,11,15
206000077,27,3,24
206000078,37,12,25
206000079,22,3,19
206000082,395,46,349
206000100,34,562,-528
206000103,6,8,-2
206000104,20,22,-2
206000105,8,15,-7
206000106,10,30,-20
206000108,651,41,610
206000125,66,0,66
206000157,54,662,-608
206000170,1,224,-223
206000171,2,180,-178
206000172,8,526,-518
206000173,2,235,-233
206000174,6,84,-78
206000175,12,123,-111
206000176,12,233,-221
206000177,0,156,-156
206000178,4,156,-152
206000179,7,132,-125
206000180,13,160,-147
206000181,10,159,-149
206000182,16,170,-154
206000183,20,603,-583
206000184,11,430,-419
206000185,8,255,-247
206000186,98,1210,-1112
206000223,8,289,-281
206000226,18,4,14
206000227,17,5,12
206000237,30,398,-368
206000238,51,613,-562
206000239,278,2136,-1858
206000240,1,68,-67
206000241,0,94,-94
206000242,9,324,-315
206000243,4,240,-236
206000244,57,654,-597
206000245,713,55,658
206000246,178,13,165
206000247,207,10,197
206000248,334,19,315
206000252,82,23,59
206000258,46,48,-2
206000315,39,3,36
206000317,527,72,455
206000318,447,73,374
206000319,1245,92,1153
206000320,190,42,148
206000321,184,18,166
206000322,373,21,352
206000323,144,8,136
206000324,169,5,164
206000325,221,19,202
206000326,248,20,228
206000327,274,7,267
206000328,150,6,144
206000329,251,4,247
206000330,85,3,82
206000331,157,3,154
206000332,56,8,48
206000333,599,7,592
206000334,275,6,269
206000335,0,14,-14
206000361,6,216,-210
206000392,3,33,-30
206000405,154,0,154
206000441,21,17,4
206000498,37,3,34
206000515,102,32,70
206000530,230,66,164
206000531,186,224,-38
206000532,1640,266,1374
206000535,322,1979,-1657
206000536,14,195,-181
206000537,11,190,-179
206000613,1490,173,1317
207000001,184,585,-401
207000002,118,287,-169
207000003,122,160,-38
207000007,901,253,648
207000008,95,9,86
207000009,73,44,29
207000010,466,445,21
207000012,366,274,92
207000015,294,1389,-1095
207000019,261,82,179
207000021,590,179,411
207000022,158,108,50
207000023,238,52,186
207000024,7,13,-6
207000025,22,65,-43
207000026,109,47,62
207000027,27,86,-59
207000028,85,207,-122
207000029,238,510,-272
207000033,194,461,-267
207000034,344,92,252
207000039,409,183,226
207000040,356,117,239
207000041,173,52,121
207000042,266,61,205
207000043,353,184,169
207000051,122,246,-124
207000052,60,171,-111
207000053,421,572,-151
207000054,55,138,-83
207000055,163,148,15
207000056,416,360,56
207000057,145,258,-113
207000058,164,304,-140
207000059,128,564,-436
207000060,80,206,-126
207000061,302,506,-204
207000062,270,74,196
207000063,319,117,202
207000064,557,155,402
207000065,438,250,188
207000066,189,153,36
207000067,59,102,-43
207000068,185,69,116
207000069,772,366,406
207000082,8,251,-243
207000083,112,333,-221
207000084,186,226,-40
207000085,209,25,184
207000086,157,8,149
207000106,37,49,-12
207000107,90,15,75
207000108,67,13,54
207000109,59,16,43
207000110,95,92,3
207000111,71,80,-9
207000112,145,602,-457
207000114,38,69,-31
207000115,30,123,-93
207000116,30,427,-397
207000117,3,104,-101
207000118,2,103,-101
207000119,37,98,-61
207000123,227,21,206
207000124,74,37,37
207000125,97,46,51
207000126,62,54,8
207000134,86,125,-39
207000135,30,209,-179
207000148,64,335,-271
207000149,86,47,39
207000152,151,419,-268
207000153,1101,1385,-284
207000154,441,171,270
207000159,103,202,-99
207000160,168,542,-374
207000238,1,185,-184
207000242,4,212,-208
207000248,51,44,7
207000249,168,42,126
207000250,820,90,730
207000251,118,66,52
207000252,173,84,89
207000278,90,71,19
207000279,18,197,-179
207000280,523,71,452
207000281,119,1043,-924
207000282,221,91,130
207000283,183,254,-71
207000284,85,266,-181
207000285,126,62,64
207000291,19,109,-90
207000304,137,47,90
207000306,76,378,-302
207000310,76,94,-18
207000353,411,4,407
207000356,22,29,-7
207000357,44,21,23
207000358,22,13,9
207000415,2,236,-234
207000417,38,2,36
207000418,168,143,25
207000438,0,0,0
207000439,1210,746,464
207000446,151,9,142
207000460,32,17,15
207000466,276,209,67
207000467,210,110,100
207000468,51,393,-342
207000476,11,98,-87
207000477,699,124,575
207000478,3,42,-39
207000523,0,12,-12
207000524,50,0,50
207000527,96,162,-66
207000530,529,14,515
207000531,341,15,326
207000532,221,35,186
207000534,503,68,435
207000535,32,401,-369
207000537,319,136,183
207000540,4,249,-245
207000541,3,414,-411
207000548,11,359,-348
207000549,382,14,368
207000561,148,253,-105
207000562,53,227,-174
207000567,205,269,-64
207000568,174,88,86
207000569,501,983,-482
207000584,407,282,125
207000585,84,430,-346
207000616,2,183,-181
207000617,227,1,226
207900008,213,92,121
208000001,745,965,-220
208000002,883,540,343
208000003,1299,448,851
208000004,1492,762,730
208000005,5,20,-15
208000019,660,1224,-564
208000020,147,565,-418
208000021,237,461,-224
208000022,1147,675,472
208000028,1704,1044,660
208000033,651,1178,-527
208000034,1260,1862,-602
208000037,304,16,288
208000040,209,226,-17
208000041,1064,629,435
208000042,1580,804,776
208000047,146,263,-117
208000064,2954,1511,1443
208000066,2225,2473,-248
208000070,337,400,-63
208000071,410,951,-541
208000072,371,1416,-1045
208000080,331,308,23
208000081,389,186,203
208000082,333,329,4
208000083,154,470,-316
208000084,9,13,-4
208000085,1027,788,239
208000086,569,1196,-627
208000087,453,924,-471
208000089,1036,464,572
208000090,1005,838,167
208000093,192,183,9
208000094,1933,499,1434
208000095,689,442,247
208000104,1070,1121,-51
208000105,928,1089,-161
208000114,153,345,-192
208000115,567,478,89
208000116,585,1114,-529
208000117,163,191,-28
208000118,109,164,-55
208000155,961,1230,-269
208000158,1468,3701,-2233
208000186,4234,4457,-223
208000204,699,1124,-425
208000205,1250,1184,66
208000282,7027,3281,3746
209000004,621,207,414
209000005,51,42,9
209000006,487,187,300
209000007,300,291,9
209000010,476,191,285
209000011,214,333,-119
209000012,243,176,67
209000013,758,392,366
209000014,701,1302,-601
209000025,364,56,308
209000026,671,135,536
209000027,515,941,-426
209000028,609,894,-285
209000029,672,819,-147
209000030,639,1537,-898
209000031,3045,2558,487
209000034,228,247,-19
209000035,157,178,-21
209000036,220,113,107
209000037,306,225,81
209000038,133,154,-21
209000039,98,140,-42
209000040,290,623,-333
209000041,237,524,-287
209000042,216,416,-200
209000043,736,919,-183
209000044,227,814,-587
209000045,1489,753,736
209000046,623,1200,-577
209000047,518,316,202
209000048,633,445,188
209000049,140,178,-38
209000050,275,225,50
209000051,360,449,-89
209000052,183,391,-208
209000062,49,105,-56
209000063,87,96,-9
209000064,47,117,-70
209000065,112,37,75
209000066,93,49,44
209000067,86,63,23
209000080,43,288,-245
209000082,78,58,20
209000091,34,136,-102
209000093,62,22,40
209000094,210,227,-17
209000110,56,143,-87
209000111,504,1475,-971
209000112,878,1152,-274
209000113,1535,1138,397
209000114,645,632,13
209000115,89,183,-94
209000116,822,503,319
209000118,30,50,-20
209000119,57,17,40
209000121,154,603,-449
209000135,108,257,-149
209000142,877,1442,-565
209000143,97,85,12
209000144,51,141,-90
209000229,320,347,-27
209000240,53,422,-369
209000259,120,121,-1
209000260,37,1107,-1070
209000261,7,622,-615
209000262,3,494,-491
209000263,1,156,-155
209000264,0,118,-118
209000265,1475,5,1470
209000266,604,8,596
209000267,1102,13,1089
209000268,943,98,845
210000037,68,24,44
210000047,85,33,52
210000048,147,25,122
210000049,65,12,53
210000052,50,78,-28
210000053,48,53,-5
210000054,54,65,-11
210000070,176,3,173
210000071,133,4,129
210000072,62,0,62
210000073,0,23,-23
210000074,0,132,-132
210000075,7,102,-95
210000076,13,145,-132
210000077,11,29,-18
210000078,27,30,-3
210000079,40,20,20
210000080,142,61,81
210000081,266,33,233
210000082,221,3,218
210000083,117,0,117
210000084,44,0,44
210000085,0,61,-61
210000086,2,117,-115
210000099,49,253,-204
210000100,46,185,-139
210000101,87,173,-86
210000105,32,166,-134
210000159,2,138,-136
210000163,181,232,-51
210000164,267,203,64
210000168,196,45,151
210000187,0,27,-27
210000188,2,19,-17
210000214,128,1,127
210000219,32,40,-8
210000220,75,49,26
210000232,3,22,-19
210000233,25,53,-28
210000234,42,122,-80
210000235,53,66,-13
210000245,4,31,-27
210000246,97,59,38
210000258,6,110,-104
210000259,362,127,235
210000282,110,251,-141
210000285,3,122,-119
210000286,14,189,-175
210000290,6,8,-2
210000295,53,113,-60
210000296,34,35,-1
210000320,142,94,48
210000321,169,83,86
210000338,69,66,3
210000339,392,1116,-724
210000340,119,364,-245
210000341,216,288,-72
210000342,267,172,95
210000343,114,181,-67
210000344,227,112,115
210000345,191,196,-5
210000346,54,111,-57
210000347,73,20,53
210000348,112,16,96
210000349,64,7,57
210000350,115,76,39
210000351,138,137,1
210000352,85,76,9
210000353,47,107,-60
210000354,75,83,-8
210000355,61,71,-10
210000356,36,54,-18
210000357,49,40,9
210000358,276,106,170
210000359,86,97,-11
210000360,198,118,80
210000361,205,170,35
210000362,243,195,48
210000363,888,232,656
210000364,172,155,17
210000365,120,112,8
210000366,149,83,66
210000367,109,41,68
210000368,151,75,76
210000369,22,20,2
210000370,50,35,15
210000372,12,34,-22
210000373,27,6,21
210000374,57,14,43
210000375,26,78,-52
210000376,87,142,-55
210000404,93,129,-36
210000439,26,58,-32
210000472,126,8,118
210000482,61,101,-40
210000564,374,352,22
210000567,1,34,-33
210000568,387,3,384
211000092,72,90,-18
211000094,26,22,4
211000169,271,23,248
211000172,12,264,-252
211000209,2,33,-31
211000226,22,27,-5
211000270,25,43,-18
211000275,30,19,11
211000276,107,32,75
211000279,25,36,-11
211000281,63,43,20
211507980,2,43,-41
211977296,46,10,36
212000003,126,36,90
212000004,35,27,8
212000005,15,27,-12
212000006,25,57,-32
212000008,155,191,-36
212000009,31,165,-134
212000012,69,96,-27
212000013,19,57,-38
212000014,268,191,77
212000015,273,289,-16
212000016,471,672,-201
212000027,535,499,36
212000028,346,475,-129
212000029,265,276,-11
212000030,74,27,47
212000031,72,38,34
212000048,43,190,-147
212000049,17,105,-88
212000050,36,8,28
212000051,179,208,-29
212000052,188,289,-101
212000053,452,644,-192
212000054,220,128,92
212000055,234,200,34
212000056,15,40,-25
212000057,9,29,-20
212000058,211,35,176
212000070,107,211,-104
212000077,129,767,-638
212000099,317,252,65
212000108,225,202,23
212000111,177,125,52
212000120,95,92,3
212000138,138,28,110
212000156,20,128,-108
212000158,17,16,1
212000159,424,52,372
212000160,620,270,350
212000161,54,13,41
212000310,36,24,12
212000311,20,67,-47
212000374,34,14,20
213000001,25,460,-435
213000005,471,140,331
213000006,1297,447,850
213000007,213,16,197
213000009,883,586,297
213000010,210,328,-118
213000011,180,136,44
213000012,160,485,-325
213000014,75,18,57
213000015,275,10,265
213000016,569,2,567
213000017,131,0,131
213000018,2,255,-253
213000019,5,198,-193
213000020,130,453,-323
213000021,4,134,-130
213000023,420,164,256
213000033,359,1879,-1520
213000034,1028,371,657
213000035,123,295,-172
213000045,203,313,-110
213000046,289,226,63
213000047,739,1425,-686
213000056,355,37,318
213000069,108,9,99
213000073,1,63,-62
213000074,83,408,-325
213000075,590,14,576
213000076,48,3,45
213000085,7,39,-32
213000086,13,203,-190
213000091,190,16,174
213000092,132,21,111
213000099,207,1161,-954
213000100,1298,271,1027
213000101,422,171,251
213000102,513,354,159
213000103,967,971,-4
213000104,90,408,-318
213000105,9,222,-213
213000106,81,169,-88
213000107,153,703,-550
213000108,53,583,-530
213000109,19,324,-305
213000110,7,122,-115
213000111,18,80,-62
213000112,246,122,124
213000115,81,25,56
213000116,66,466,-400
213000117,15,847,-832
213000118,397,288,109
213000119,69,782,-713
213000120,177,702,-525
213000122,169,706,-537
213000123,488,1740,-1252
213000124,131,1894,-1763
213000125,166,24,142
213000126,115,195,-80
213000127,261,293,-32
213000128,600,1243,-643
213000129,387,733,-346
213000130,596,266,330
213000132,343,91,252
213000133,606,147,459
213000134,840,18,822
213000136,522,29,493
213000137,778,93,685
213000139,313,26,287
213000147,90,11,79
213000148,28,9,19
213000149,50,3,47
213000150,0,163,-163
213000151,4,143,-139
213000152,1,99,-98
213000153,4,123,-119
213000154,72,369,-297
213000155,85,299,-214
213000156,147,670,-523
213000157,730,527,203
213000158,409,1041,-632
213000159,577,640,-63
213000163,1052,137,915
213000165,983,281,702
213000171,1,113,-112
213000172,4,379,-375
213000173,4,275,-271
213000174,8,162,-154
213000175,10,103,-93
213000176,60,28,32
213000177,84,10,74
213000178,131,3,128
213000179,191,2,189
213000180,192,0,192
213000184,177,533,-356
213000188,427,121,306
213000189,283,50,233
213000190,962,1085,-123
213000191,385,559,-174
213000192,278,512,-234
213000193,1063,342,721
213000194,1,71,-70
213000195,25,493,-468
213000196,316,1469,-1153
213000197,402,696,-294
213000198,91,1,90
213000200,185,1072,-887
213000201,96,65,31
213000202,20,603,-583
213000203,3808,859,2949
213000204,768,111,657
213000205,401,117,284
213000206,664,100,564
213000207,205,31,174
213000208,109,4,105
213000209,208,4,204
213000210,531,2,529
213000211,10,29,-19
213000212,15,13,2
213000213,30,68,-38
213000218,271,818,-547
213000219,509,30,479
213000220,448,16,432
213000223,241,286,-45
213000224,93,80,13
213000225,164,14,150
213000226,102,15,87
213000227,886,167,719
213000228,645,103,542
213000229,486,33,453
213000230,378,25,353
213000232,97,793,-696
213000233,16,310,-294
213000234,8,50,-42
213000293,18,88,-70
213000294,172,17,155
213000295,19,90,-71
213000296,85,24,61
213000297,7,107,-100
213000298,37,109,-72
213000299,94,46,48
213000300,44,7,37
213000303,14,23,-9
213000304,9,20,-11
213000305,10,16,-6
213000306,73,44,29
213000307,179,106,73
213000308,197,243,-46
213000309,178,72,106
213000310,652,216,436
213000311,341,800,-459
213000315,95,139,-44
213000316,166,67,99
213000322,145,159,-14
213000323,87,73,14
213000324,73,65,8
213000325,57,106,-49
213000326,31,38,-7
213000327,63,69,-6
213000328,44,198,-154
213000329,128,38,90
213000340,190,693,-503
213000341,563,133,430
213000346,252,245,7
213000347,802,458,344
213000348,33,126,-93
213000349,66,20,46
213000350,330,1209,-879
213000366,69,402,-333
213000367,269,34,235
213000379,235,82,153
213000386,15,345,-330
213000406,113,447,-334
213000417,1206,485,721
213000425,188,61,127
213000426,164,63,101
213000427,63,283,-220
213000428,64,200,-136
213000429,41,3,38
213000430,159,1004,-845
213000431,258,3,255
213000432,7,93,-86
213000433,15,175,-160
213000434,90,141,-51
213000435,115,75,40
213000436,35,79,-44
213000437,3,23,-20
213000438,210,90,120
213000439,49,20,29
213000440,19,436,-417
213000441,10,1,9
213000442,1,45,-44
213000443,595,405,190
213000444,62,66,-4
213000445,0,80,-80
213000446,0,134,-134
213000447,7,48,-41
213000448,9,146,-137
213000449,417,15,402
213000450,25,52,-27
213000451,335,102,233
213000452,29,16,13
213000453,45,316,-271
213000455,785,5,780
213000456,4,448,-444
213000481,16,8,8
213000482,48,7,41
213000489,409,79,330
213000491,1,198,-197
213000492,398,80,318
213000493,3,107,-104
213000494,212,181,31
213000495,0,136,-136
213000496,413,188,225
213000497,84,366,-282
213000498,147,249,-102
213000499,234,592,-358
213000500,524,78,446
213000501,125,46,79
213000502,282,213,69
213000503,0,91,-91
213000504,13,157,-144
213000505,7,3,4
213000506,0,10,-10
213000507,2,153,-151
213900016,0,12,-12
213900244,59,0,59
213900245,0,40,-40
218000003,26,19,7
218000004,57,33,24
218000005,312,72,240
218000006,61,30,31
218000007,54,10,44
218000012,210,162,48
218000013,141,137,4
218000014,446,422,24
218000019,894,691,203
218000020,264,518,-254
218000021,30,57,-27
218000022,8,27,-19
218000023,4,24,-20
218000024,5,14,-9
218000025,9,14,-5
218000026,6,21,-15
218000027,0,10,-10
218000028,1,4,-3
218000029,25,5,20
218000030,10,25,-15
218000031,8,18,-10
218000032,3,24,-21
218000040,14,0,14
218000046,53,60,-7
218000047,11,114,-103
218000048,77,81,-4
218000049,104,107,-3
218000050,406,218,188
218000051,90,201,-111
218000052,3,103,-100
218000053,13,7,6
218000054,16,43,-27
218000055,8,27,-19
218000056,11,21,-10
218000057,7,33,-26
218000064,1,25,-24
218000065,69,100,-31
218000066,9,51,-42
218000067,55,76,-21
218000068,147,106,41
218000069,241,163,78
218000070,254,284,-30
218000071,198,207,-9
218000072,303,278,25
218000078,806,1130,-324
218000079,78,94,-16
218000080,144,85,59
218000081,399,324,75
218000082,60,116,-56
218000083,94,71,23
218000084,198,154,44
218000085,180,398,-218
218000086,71,145,-74
218000087,195,214,-19
218000090,37,84,-47
218000091,899,597,302
218000092,69,179,-110
218000093,73,81,-8
218000094,462,663,-201
218000099,363,738,-375
218000100,290,304,-14
218000101,285,169,116
218000102,350,274,76
218000103,108,223,-115
218000104,101,66,35
218000105,32,21,11
218000106,11,9,2
218000107,54,62,-8
218000108,11,47,-36
218000112,59,40,19
218000117,110,58,52
218000134,641,748,-107
218000135,18,114,-96
218000136,240,128,112
218000137,279,159,120
218000138,49,129,-80
218000139,254,380,-126
218000140,706,348,358
218000141,93,69,24
218000142,237,139,98
218000143,124,310,-186
218000144,66,113,-47
218000145,431,382,49
218000146,71,187,-116
218000151,9,21,-12
218000152,107,53,54
218000153,16,0,16
218000154,35,2,33
218000155,26,5,21
218000156,49,9,40
218000157,32,5,27
218000158,11,4,7
218000159,3,1,2
218000160,2,4,-2
218000161,30,6,24
218000162,30,5,25
218000163,8,2,6
218000164,27,8,19
218000165,41,28,13
218000170,11,42,-31
218000171,64,10,54
218000172,12,21,-9
218000173,70,7,63
218000174,24,6,18
218000176,125,42,83
218000177,303,234,69
218000178,74,207,-133
218000179,70,89,-19
218000180,67,45,22
218000181,157,96,61
218000187,9,24,-15
218000188,34,51,-17
218000189,22,78,-56
218000190,10,45,-35
218000191,125,81,44
218000192,187,284,-97
218000193,369,389,-20
218000194,125,388,-263
218000195,159,81,78
218000196,404,336,68
218000197,340,390,-50
218000198,30,162,-132
218000199,66,58,8
218000200,86,42,44
218000201,12,16,-4
218000202,99,278,-179
218000207,5,54,-49
218000208,48,31,17
218000211,161,27,134
218000212,0,13,-13
218000213,82,82,0
218000214,3,18,-15
218000215,42,61,-19
218000217,6,101,-95
218000218,207,62,145
218000219,51,20,31
218000220,134,375,-241
218000221,700,191,509
218000222,13,29,-16
218000223,43,371,-328
218000224,2,187,-185
218000225,104,36,68
218000226,111,55,56
218000230,2,17,-15
218000232,87,83,4
218000239,282,21,261
218000240,59,5,54
218000241,122,1,121
218000242,263,1,262
218000243,469,5,464
218000244,115,3,112
218000245,49,1,48
218000246,0,0,0
218000247,7,2,5
218000248,0,18,-18
218000249,0,3,-3
218000250,0,3,-3
218000251,1,19,-18
218000252,5,41,-36
218000253,1,25,-24
218000254,0,33,-33
218000255,2,28,-26
218000256,11,76,-65
218000267,695,1268,-573
218000268,10,74,-64
218000269,8,18,-10
218000270,97,62,35
218000271,30,55,-25
218000273,9,7,2
218000274,7,14,-7
218000275,10,57,-47
218000276,13,56,-43
218000278,27,46,-19
218000279,125,88,37
218000280,14,22,-8
218000281,20,12,8
218000282,549,480,69
218000284,84,2,82
218000301,80,111,-31
218000302,149,64,85
218000303,43,86,-43
218000316,867,1211,-344
218000317,1077,1161,-84
218000318,683,909,-226
218000319,1084,1190,-106
218000320,866,774,92
218000338,85,41,44
218000345,104,59,45
218000346,36,166,-130
218000459,28,199,-171
218000490,39,31,8
218000501,88,153,-65
218000502,39,82,-43
218000503,68,34,34
218000504,154,45,109
218000505,60,160,-100
218000506,43,276,-233
218000508,18,5,13
218000510,156,10,146
218000520,132,100,32
218000521,4,59,-55
218000522,1,145,-144
218000523,101,0,101
218000524,75,176,-101
218000525,130,18,112
218000526,34,152,-118
218000529,71,184,-113
218000530,25,8,17
218000531,22,42,-20
218000532,42,13,29
218000534,130,14,116
218000537,27,70,-43
218000538,224,278,-54
218000540,631,113,518
218000543,116,62,54
218000544,34,98,-64
218000545,31,69,-38
218000546,35,67,-32
218000547,90,155,-65
218000548,185,122,63
218000549,472,484,-12
218000550,195,365,-170
218000551,178,1034,-856
218000552,450,62,388
218000553,61,97,-36
218000554,52,43,9
218000555,62,34,28
218000556,194,234,-40
218000557,218,144,74
218000558,86,0,86
218000559,0,38,-38
218000560,0,37,-37
218000561,31,1,30
218000562,41,197,-156
218000563,225,31,194
218000564,16,151,-135
218000565,231,26,205
218000566,610,33,577
218000567,1,121,-120
218000568,54,5,49
218000569,26,122,-96
218000570,177,9,168
218000571,8,140,-132
218000572,233,8,225
218000573,14,169,-155
218000574,185,52,133
218000575,117,1,116
218000576,0,108,-108
218000577,139,1,138
218000578,0,96,-96
218000579,172,31,141
218000581,8,59,-51
218000582,58,3,55
218000583,27,1,26
218000584,2,24,-22
218000585,37,9,28
218000586,10,45,-35
218000587,4,1,3
218000588,5,1,4
218000589,1,10,-9
218000590,22,1,21
218000591,9,9,0
218000592,30,2,28
218000593,0,0,0
218000594,0,0,0
218000595,0,0,0
218000596,0,0,0
218000597,0,0,0
218000598,0,0,0
218000599,0,1,-1
218000600,4,2,2
218000601,0,0,0
218000602,0,7,-7
218000603,0,12,-12
218000604,6,1,5
218000605,1,55,-54
218000606,86,2,84
218000607,11,47,-36
218000608,57,20,37
218000609,7,58,-51
218000610,72,3,69
218000611,34,5,29
218000612,2,27,-25
218000613,66,1,65
218000614,3,54,-51
218000615,193,2,191
218000616,3,154,-151
218000617,50,1,49
218000618,0,24,-24
218000619,77,51,26
218000620,23,35,-12
218000621,0,4,-4
218000622,0,14,-14
218000623,132,3,129
218000624,2,34,-32
218000625,22,3,19
218000626,1,7,-6
218000628,150,60,90
218000631,34,28,6
218000632,5,116,-111
218000633,148,0,148
218000634,12,18,-6
218000635,16,29,-13
218000636,794,1425,-631
218000637,1080,610,470
218000638,164,42,122
218000639,18,233,-215
218000640,345,26,319
218000641,58,341,-283
218000652,48,51,-3
218000653,128,59,69
218000663,5,156,-151
218000675,117,60,57
218000676,0,26,-26
218000677,11,4,7
218000680,227,497,-270
218000681,407,166,241
218000691,207,285,-78
218000693,236,182,54
218000703,11,28,-17
218000718,882,1243,-361
218000719,1302,764,538
218000720,48,252,-204
218000721,491,22,469
218000725,7,7,0
218001214,22,78,-56
218001258,101,10,91
218001329,163,142,21
218001330,82,90,-8
218001351,22,18,4
218001352,9,13,-4
218001353,30,13,17
218001354,3,29,-26
218001356,403,22,381
218001358,235,10,225
218001361,260,35,225
219000001,65,50,15
219000002,63,53,10
219000003,97,30,67
219000004,47,50,-3
219000017,101,36,65
219000020,138,228,-90
219000022,124,26,98
219000023,497,7,490
219000029,0,90,-90
219000034,32,42,-10
219000039,135,125,10
219000040,80,76,4
219000041,136,32,104
219000051,0,40,-40
219000052,0,26,-26
219000053,1,111,-110
219000054,43,87,-44
219000055,196,0,196
219000056,20,1,19
219000057,63,1,62
219000062,9,98,-89
219000063,87,4,83
219000064,1,54,-53
219000110,682,48,634
219000111,142,45,97
219000112,145,56,89
219000113,124,199,-75
219000114,192,407,-215
219000116,105,68,37
219000117,154,59,95
219000118,530,73,457
219000123,254,82,172
219000124,128,50,78
219000125,12,12,0
219000126,78,110,-32
219000127,0,2,-2
219000128,18,125,-107
219000129,20,119,-99
219000130,446,517,-71
219000131,639,793,-154
219000133,86,52,34
219000134,20,16,4
219000135,45,49,-4
219000136,95,183,-88
219000138,73,20,53
219000139,34,37,-3
219000140,42,10,32
219000141,23,105,-82
219000142,14,93,-79
219000143,10,78,-68
219000145,29,43,-14
219000146,6,27,-21
219000147,1,36,-35
219000148,3,33,-30
219000149,10,83,-73
219000150,1,91,-90
219000151,1,24,-23
219000157,193,213,-20
219000158,418,291,127
219000161,142,11,131
219000163,1887,616,1271
219000166,339,204,135
219000167,176,202,-26
219000168,294,118,176
219000174,376,164,212
219000175,97,8,89
219000176,94,10,84
219000177,40,3,37
219000178,32,3,29
219000179,21,7,14
219000180,56,24,32
219000182,170,24,146
219000183,82,44,38
219000184,148,7,141
219000185,0,56,-56
219000186,69,36,33
219000187,42,60,-18
219000189,89,161,-72
219000190,75,256,-181
219000191,959,1350,-391
219000192,174,135,39
219000193,244,188,56
219000195,1,55,-54
219000196,8,112,-104
219000198,12,117,-105
219000199,55,209,-154
219000200,54,222,-168
219000201,77,243,-166
219000203,24,161,-137
219000204,195,186,9
219000205,82,147,-65
219000207,116,284,-168
219000209,18,68,-50
219000210,60,117,-57
219000213,4,142,-138
219000239,274,273,1
219000240,244,353,-109
219000241,161,205,-44
219000242,127,143,-16
219000243,151,255,-104
219000244,23,117,-94
219000245,41,52,-11
219000246,41,26,15
219000247,151,64,87
219000248,541,413,128
219000249,196,129,67
219000250,165,123,42
219000251,569,269,300
219000252,258,215,43
219000253,679,129,550
219000255,122,143,-21
219000256,293,102,191
219000257,127,1,126
219000262,121,141,-20
219000263,66,149,-83
219000267,4,64,-60
219000268,4,7,-3
219000269,7,4,3
219000270,8,0,8
219000271,85,5,80
219000278,7,2,5
219000279,10,4,6
219000283,0,6,-6
219000295,11,96,-85
219000296,60,459,-399
219000297,15,115,-100
219000298,8,149,-141
219000299,483,70,413
219000300,27,201,-174
219000301,266,416,-150
219000302,39,289,-250
219000307,59,36,23
219000308,49,72,-23
219000311,260,59,201
219000312,802,138,664
219000313,421,52,369
219000314,41,357,-316
219000315,304,49,255
219000316,537,72,465
219000317,91,47,44
219000320,1,53,-52
219000321,0,22,-22
219000323,3,80,-77
219000325,2,20,-18
219000326,75,57,18
219000327,67,42,25
219000328,30,69,-39
219000329,446,109,337
219000330,46,27,19
219000331,62,52,10
219000332,126,120,6
219000333,9,5,4
219000335,70,0,70
219000337,17,1,16
219000338,72,1,71
219000344,67,74,-7
219000345,30,109,-79
219000346,30,105,-75
219000348,154,109,45
219000349,57,163,-106
219000350,170,298,-128
219000351,8,14,-6
219000352,598,186,412
219000353,106,67,39
219000354,214,106,108
219000355,155,58,97
219000356,1557,1366,191
219000363,288,66,222
219000364,73,42,31
219000365,140,20,120
219000366,325,306,19
219000368,447,736,-289
219000370,1479,499,980
219000371,9,41,-32
219000382,18,31,-13
219000383,714,1183,-469
219000385,545,535,10
219000386,711,1695,-984
219000387,7,17,-10
219000390,66,1,65
219000391,1,0,1
219000397,63,69,-6
219000398,76,80,-4
219000401,22,110,-88
219000402,55,89,-34
219000403,219,353,-134
219000404,30,165,-135
219000407,2,36,-34
219000409,62,72,-10
219000410,168,53,115
219000411,46,23,23
219000446,166,335,-169
219000447,0,8,-8
219000448,24,8,16
219000452,180,101,79
219000453,73,166,-93
219000454,272,333,-61
219000556,288,115,173
219000558,251,236,15
219000590,28,210,-182
219000591,87,73,14
219000592,102,312,-210
219000595,6,21,-15
219000635,184,51,133
219000636,19,76,-57
219000657,85,70,15
219000658,87,125,-38
219000673,0,56,-56
219000676,174,25,149
219000679,26,13,13
219000684,77,3,74
219000685,2,68,-66
219000686,4,5,-1
219000688,1,72,-71
219000689,26,244,-218
219000690,149,20,129
219000691,68,227,-159
219000692,277,33,244
219000693,0,17,-17
219000694,7,0,7
219000695,24,1,23
219000698,22,1,21
219000699,0,25,-25
219000727,10,69,-59
219000728,103,5,98
219000770,56,3,53
219000771,0,40,-40
219000788,495,182,313
219001150,2,23,-21
219001151,1,2,-1
219001166,33,29,4
219001167,2,102,-100
219001178,36,0,36
220000001,59,71,-12
220000002,15,143,-128
220000003,434,335,99
220000004,863,572,291
220000005,2002,2373,-371
220000006,291,967,-676
220000007,431,590,-159
220000008,363,1001,-638
220000009,298,482,-184
220000010,347,142,205
220000011,706,3271,-2565
220000012,129,383,-254
220000014,148,58,90
220000015,72,213,-141
220000017,61,322,-261
220000018,5062,2055,3007
220000019,63,274,-211
220000020,398,351,47
220000021,796,273,523
220000022,836,519,317
220000023,451,179,272
220000024,2294,437,1857
220000025,1351,1222,129
220000026,249,364,-115
220000027,45,92,-47
220000028,69,37,32
220000029,91,176,-85
220000030,163,79,84
220000031,410,291,119
220000064,22,1138,-1116
221000046,9,0,9
221000047,0,8,-8
221000048,0,4,-4
221000049,0,7,-7
221000050,23,0,23
221000055,33,64,-31
221000057,51,16,35
221000068,303,109,194
221000069,311,67,244
221000070,168,26,142
221000071,94,5,89
221000072,204,11,193
221000073,233,58,175
221000074,2,16,-14
221000075,25,13,12
221000076,5,25,-20
221000077,27,110,-83
221000081,46,16,30
221000082,54,9,45
221000083,28,3,25
221000084,8,5,3
221000085,34,76,-42
221000086,15,136,-121
221000087,7,165,-158
221000088,14,172,-158
221000089,48,255,-207
221000090,115,562,-447
221000098,86,20,66
221000099,154,6,148
221000100,77,5,72
221000101,195,18,177
221000102,100,25,75
221000109,6,101,-95
221000110,7,99,-92
221000111,25,213,-188
221000112,12,192,-180
221000113,13,152,-139
221000114,14,179,-165
221000120,35,39,-4
221000121,17,54,-37
221000122,64,31,33
221000123,5,15,-10
221000124,33,214,-181
221000155,105,11,94
221000156,52,31,21
221000175,0,11,-11
221000176,0,1,-1
221000182,59,11,48
221000241,675,304,371
221000242,201,572,-371
221000243,644,213,431
221000244,357,552,-195
221000245,86,86,0
221000246,44,300,-256
221000247,74,106,-32
221000248,108,157,-49
221000267,93,729,-636
221000325,150,58,92
221000331,8,93,-85
221000338,31,26,5
221000378,169,26,143
221000381,54,69,-15
222000282,20,0,20
222000296,7,25,-18
222000568,279,21,258
222000569,180,38,142
222000570,122,33,89
222000571,265,51,214
222000577,15,186,-171
222000578,52,214,-162
222000579,15,185,-170
222000580,99,1051,-952
222000599,2,151,-149
222000600,6,368,-362
222000601,8,1118,-1110
222000603,21,36,-15
222000604,11,39,-28
222000605,27,25,2
222000606,6,15,-9
222000607,7,3,4
222000608,29,18,11
222000609,72,287,-215
222000616,307,58,249
222000617,38,34,4
222000618,12,9,3
222000620,61,24,37
222000621,94,14,80
222000623,619,7,612
222000624,344,4,340
222000625,588,62,526
222000636,79,3,76
222000686,113,38,75
222000687,63,31,32
222001066,312,4,308
222001067,22,4,18
222001068,40,46,-6
222001069,31,63,-32
222001082,15,48,-33
222001083,26,54,-28
222001084,0,59,-59
222001085,7,167,-160
222001111,34,167,-133
222001112,90,51,39
222001313,52,9,43
222001314,15,136,-121
222001464,65,64,1
222001465,18,114,-96
222001484,111,91,20
222001485,21,73,-52
222001494,410,185,225
222001495,274,328,-54
222001496,334,95,239
222001497,191,475,-284
222001502,24,109,-85
222001503,133,43,90
222001504,25,430,-405
222001505,323,39,284
222001506,36,438,-402
222001507,326,48,278
222001510,374,25,349
222001511,58,471,-413
222001514,661,282,379
222001515,253,705,-452
222001518,240,118,122
222001519,61,298,-237
222001527,299,63,236
222001528,51,169,-118
222001529,236,76,160
222001530,32,265,-233
222001533,447,345,102
222001534,367,68,299
222001535,216,219,-3
222001536,102,315,-213
222001537,351,55,296
222001538,94,593,-499
222001563,549,104,445
222001564,106,599,-493
222001568,558,126,432
222001576,5,5,0
222001579,2,7,-5
222001583,15,155,-140
222001584,153,8,145
222001596,1383,1399,-16
222001597,3308,417,2891
222001626,1,206,-205
222001650,429,164,265
222001651,377,163,214
222001914,190,105,85
222001915,81,252,-171
222001968,437,236,201
222001969,426,845,-419
222001970,195,231,-36
222001971,25,28,-3
222001972,4,28,-24
225000001,464,175,289
225000002,587,152,435
225000003,595,95,500
225000004,412,199,213
225000005,158,58,100
225000006,2,222,-220
225000007,1906,1383,523
225000010,295,11,284
225000011,372,837,-465
225000012,213,464,-251
225000013,100,97,3
225000014,817,71,746
225000015,84,160,-76
225000021,695,160,535
225000027,199,500,-301
225000032,614,151,463
225000042,69,598,-529
225000049,53,68,-15
225000050,70,18,52
225000053,6,327,-321
225000058,517,157,360
225000067,288,173,115
225000068,99,355,-256
225000069,120,457,-337
225000070,54,423,-369
225000071,29,206,-177
225000075,15,663,-648
225000076,52,123,-71
225000078,75,42,33
225000085,55,156,-101
225000086,277,70,207
225000087,183,21,162
225000088,13,188,-175
225000089,308,1006,-698
225000090,66,489,-423
225000091,186,203,-17
225000092,264,60,204
225000093,243,286,-43
225000094,32,335,-303
225000095,241,403,-162
225000096,351,614,-263
225000098,661,361,300
225000099,382,189,193
225000100,291,146,145
225000104,125,461,-336
225000110,16,343,-327
225000111,208,1037,-829
225000112,263,1064,-801
225000113,251,585,-334
225000114,75,267,-192
225000115,1410,613,797
225000116,1205,168,1037
225000117,740,238,502
225000118,943,245,698
225000119,201,68,133
225000120,640,39,601
225000121,221,19,202
225000123,476,11,465
225000125,347,235,112
225000126,765,155,610
225000127,688,956,-268
225000128,460,676,-216
225000132,305,55,250
225000133,278,62,216
225000134,710,166,544
225000135,87,18,69
225000136,254,25,229
225000137,218,48,170
225000138,377,69,308
225000143,69,441,-372
225000144,3,450,-447
225000145,105,29,76
225000146,75,96,-21
225000147,54,290,-236
225000148,16,305,-289
225000149,58,549,-491
225000151,43,241,-198
225000155,360,515,-155
225000156,183,796,-613
225000157,232,380,-148
225000158,59,314,-255
225000171,5,191,-186
225000180,139,100,39
225000181,0,68,-68
225000182,114,11,103
225000185,24,323,-299
225000187,88,337,-249
225000191,168,5,163
225000194,0,1,-1
225000208,6,48,-42
225000209,78,13,65
225000210,8,261,-253
225000217,2,30,-28
225000218,18,2,16
225000223,0,37,-37
225000224,63,3,60
225000225,0,20,-20
225000226,49,0,49
225000227,29,90,-61
225000228,43,5,38
225000229,0,78,-78
225000230,52,0,52
225000231,0,46,-46
225000232,88,0,88
225000241,81,1,80
225000242,0,32,-32
225000249,6,0,6
225000250,60,868,-808
225000251,288,39,249
225000254,3,4,-1
225000256,3,22,-19
225000257,1,55,-54
226000042,365,600,-235
226000043,68,278,-210
226000044,124,523,-399
226000045,56,402,-346
226000046,355,90,265
226000047,330,94,236
226000048,324,88,236
226000049,246,168,78
226000070,0,29,-29
226000071,0,78,-78
226000072,0,20,-20
226000073,0,11,-11
226000074,0,8,-8
226000084,0,84,-84
226000085,2,8,-6
226000086,9,25,-16
226000087,5,12,-7
226000088,102,48,54
226000090,216,100,116
226000091,26,80,-54
226000092,4,44,-40
226000093,34,1,33
226000094,19,6,13
226000095,19,4,15
226000105,10,4,6
226000106,7,0,7
226000107,17,4,13
226000108,59,0,59
226000109,68,1,67
226000124,131,78,53
226000134,642,448,194
226000135,1666,586,1080
226000136,2222,402,1820
226000137,20,367,-347
226000138,6,211,-205
226000139,1,31,-30
226000156,152,5,147
226000157,168,12,156
226000163,122,147,-25
226000202,19,376,-357
226000231,441,16,425
226000232,80,5,75
227000033,285,48,237
227000036,267,34,233
227000037,249,36,213
227000038,208,26,182
227000084,1,83,-82
227000085,2,44,-42
227000088,60,1,59
227000089,135,1,134
227000090,34,2,32
227000091,20,0,20
227000092,30,0,30
227000093,168,0,168
227000094,25,0,25
227000130,31,76,-45
227000131,29,207,-178
227000132,11,212,-201
227000133,13,235,-222
227000134,26,329,-303
227000152,0,4,-4
227000153,0,56,-56
227000154,0,33,-33
227000155,1,22,-21
227000156,0,9,-9
227000165,4,30,-26
227000196,362,289,73
227000199,276,592,-316
227000230,30,450,-420
227000232,457,33,424
227000242,61,511,-450
227000243,417,74,343
227000245,4,317,-313
227000246,110,463,-353
227000247,306,78,228
227000248,127,18,109
227000249,32,184,-152
227000250,365,138,227
227000251,127,234,-107
227000252,25,349,-324
227000253,127,16,111
227000262,314,47,267
227000266,965,8,957
227000267,44,1542,-1498
227000282,10,211,-201
227000284,477,37,440
227000286,3,107,-104
227000287,8,135,-127
227000291,17,533,-516
227000296,246,242,4
227000484,268,14,254
227000485,22,875,-853
227000655,129,17,112
227000656,650,49,601
227000657,120,9,111
227000661,294,15,279
229000265,25,41,-16
229000296,11,22,-11
229000297,5,33,-28
229000298,3,148,-145
229000320,14,7,7
229000321,69,3,66
229000412,9,44,-35
229000414,13,39,-26
229000415,27,3,24
229000416,4,2,2
229000417,1,16,-15
229000419,101,269,-168
229000440,395,67,328
229000442,26,8,18
229000443,14,4,10
229000444,2,20,-18
229000445,85,6,79
229000446,90,14,76
229000491,5,17,-12
229000492,9,92,-83
229000493,4,111,-107
229000494,34,5,29
229000495,117,14,103
229000496,55,5,50
229000507,0,60,-60
229000508,0,39,-39
229000509,0,67,-67
229000510,0,35,-35
229000511,1,40,-39
229000512,0,25,-25
229000513,0,11,-11
229000514,0,2,-2
229000517,0,11,-11
229000518,6,31,-25
229000519,0,12,-12
229000520,11,23,-12
229000521,31,16,15
229000522,13,7,6
229000523,10,8,2
229000524,4,0,4
229000527,2,0,2
229000528,0,0,0
229000529,9,1,8
229000530,51,3,48
229000531,35,0,35
229000532,27,0,27
229000533,64,2,62
229000534,78,0,78
229000564,49,1,48
229000565,23,2,21
229000566,0,6,-6
229000567,1,35,-34
229000582,95,0,95
229000583,6,2,4
229000584,0,31,-31
229000585,0,74,-74
229000718,0,1,-1
229000719,0,1,-1
229000720,1,14,-13
229000721,0,7,-7
229000722,0,12,-12
229000723,0,11,-11
229000724,0,1,-1
229000725,0,2,-2
229000738,0,1,-1
229000739,2,0,2
229000740,2,0,2
229000741,11,0,11
229000742,8,0,8
229000743,5,0,5
229000744,4,0,4
229000745,2,0,2
229000746,24,0,24
229000847,29,0,29
229000848,20,0,20
229000849,70,2,68
229000851,36,0,36
229000854,0,21,-21
229000856,2,54,-52
229000857,0,31,-31
229000858,0,49,-49
229000919,22,101,-79
229000930,4,274,-270
229000937,78,10,68
229000966,45,32,13
229000981,21,28,-7
229000985,9,45,-36
229000986,0,6,-6
229000987,0,1,-1
229000988,1,8,-7
229000989,10,8,2
229000990,3,0,3
229000991,3,3,0
229000992,15,20,-5
229000993,114,24,90
229000998,10,47,-37
229000999,69,26,43
229001034,0,25,-25
229001035,13,5,8
229001037,46,9,37
229001042,17,20,-3
229001047,8,49,-41
229001050,51,46,5
229001168,0,13,-13
229001200,21,0,21
229001338,6,30,-24
229001394,240,3,237
229001422,93,30,63
229001423,36,152,-116
229001431,65,81,-16
229001432,57,94,-37
229001444,162,24,138
229001445,28,125,-97
229001479,13,3,10
229001503,159,93,66
229001504,183,149,34
229001505,128,36,92
229001506,92,130,-38
229001509,60,21,39
229001545,88,5,83
229001546,21,92,-71
229001553,95,19,76
229001554,108,119,-11
229001630,59,10,49
229001631,13,31,-18
229001635,0,7,-7
229001636,21,1,20
229001658,0,124,-124
229001659,64,8,56
229001660,12,6,6
229001661,6,24,-18
229001662,37,0,37
229001663,0,19,-19
229002584,230,165,65
229002831,141,114,27
229002841,7,15,-8
229002842,17,27,-10
229002843,91,14,77
229002844,24,50,-26
229002845,8,80,-72
229002846,36,13,23
229002847,0,8,-8
229002848,31,20,11
229002849,1,74,-73
229002850,18,1,17
229002851,30,126,-96
229002852,242,38,204
229002853,186,29,157
229002854,25,48,-23
229002855,4,22,-18
229002856,64,29,35
229002857,4,105,-101
229002858,21,14,7
229002859,19,47,-28
229002860,329,23,306
229002861,103,21,82
229002862,37,35,2
229002863,13,12,1
229002864,38,38,0
229002865,11,15,-4
229002866,20,30,-10
229002867,3,23,-20
229002868,10,13,-3
229002869,18,104,-86
229002870,49,8,41
235000066,545,66,479
235000067,146,126,20
235000072,22,74,-52
235000073,56,291,-235
235000074,31,128,-97
235000080,30,88,-58
235000081,151,144,7
235000082,116,75,41
235000083,193,111,82
235000084,43,79,-36
235000085,142,53,89
235000089,86,36,50
235000092,18,154,-136
235000093,9,13,-4
235000097,8,4,4
235000098,76,5,71
235000099,44,20,24
235000116,59,23,36
235000117,786,17,769
235000133,12,347,-335
235000134,9,186,-177
235000206,10,3,7
235000207,8,1,7
235000208,8,2,6
235000209,12,2,10
235000210,12,2,10
235000212,4,20,-16
235000213,1,16,-15
235000220,0,3,-3
235000221,75,20,55
235000238,15,67,-52
235000239,2,15,-13
235000242,295,452,-157
235000245,703,183,520
235000246,11,82,-71
235000284,41,119,-78
235000295,226,28,198
235000305,329,19,310
235000306,208,8,200
235000307,23,3,20
235000308,33,0,33
235000309,59,1,58
235000310,29,0,29
235000311,165,23,142
235000322,0,25,-25
235000323,3,51,-48
235000324,0,45,-45
235000325,0,15,-15
235000326,6,231,-225
235000351,7,65,-58
235000352,37,54,-17
235000353,4,35,-31
235000354,3,37,-34
235000355,11,48,-37
235000356,149,20,129
235000357,39,25,14
235000358,216,9,207
235000359,13,11,2
235000360,71,35,36
235000361,67,22,45
235000381,90,145,-55
235000382,151,51,100
235000390,5,7,-2
235000391,168,32,136
235000392,158,263,-105
235000393,128,132,-4
235000395,113,33,80
235000396,425,71,354
235000400,96,44,52
235000401,27,136,-109
235000405,77,293,-216
235000406,75,328,-253
235000407,186,100,86
235000409,148,143,5
235000410,40,250,-210
235000411,0,77,-77
235000485,0,11,-11
235000486,6,0,6
235000549,96,111,-15
235000550,135,179,-44
235000599,118,74,44
235000600,11,10,1
235000601,28,28,0
235000602,109,94,15
235000614,2,1,1
235000648,1,13,-12
235000649,33,4,29
235000685,2,4,-2
235000815,15,22,-7
235000834,0,10,-10
235000855,68,75,-7
235000862,24,110,-86
235000891,0,18,-18
235000892,64,46,18
235000901,95,121,-26
235000907,11,14,-3
235001010,63,82,-19
235001029,502,423,79
235001030,352,269,83
235001078,95,57,38
235001079,94,105,-11
235001147,6,42,-36
235001166,16,63,-47
235001167,17,67,-50
235001169,23,338,-315
235001188,0,7,-7
235001189,15,1,14
235001197,10,7,3
235001200,49,41,8
235001207,151,32,119
235001210,23,76,-53
235001215,21,90,-69
235001239,2,51,-49
235001244,0,7,-7
235016267,1,71,-70
277101746,0,1,-1
277102712,23,14,9
277103813,1,0,1
277103814,0,0,0
277103898,0,5,-5
277104249,0,2,-2
277104250,0,6,-6
277104251,0,2,-2
277104252,0,2,-2
990011530,1,196,-195
990014944,2,703,-701
990015176,13,20,-7
990015618,1,182,-181
990016032,1,405,-404
990032570,3,276,-273
990070001,69,4,65
990070103,0,4,-4
990070601,0,57,-57
990070751,909,10,899
990070766,0,477,-477
990071180,543,272,271
990071343,24,4,20
990071387,0,24,-24
990071823,793,4,789
990072600,4,952,-948
990072964,1,513,-512
990073285,0,6,-6
990074393,2,979,-977
990074870,1431,20,1411
990075106,2049,13,2036
990075746,534,7,527
990076437,1102,15,1087
990076458,0,757,-757
997000007,573,5,568
997000041,1,233,-232
997000058,64,1,63
997000062,47,0,47
997000069,3,4,-1
997000070,0,30,-30
997000100,71,33,38
997000141,28,4308,-4280
997000198,12,2213,-2201
998000475,6,60,-54
998000736,1,152,-151
998000965,0,15,-15
998001031,1,89,-88
998001700,0,15,-15
998001899,0,0,0
998001900,5,3,2
998003073,2470,18,2452
998101900,0,0,0
998102850,12,261,-249
998501927,1494,603,891
998501929,136,1,135
998501930,81,0,81
998501931,688,35,653
998501932,3,0,3
998501933,59,1,58
998501937,16,2,14
998501944,2,2,0
998501970,297,134,163
998501971,5,74,-69
998501973,2,54,-52
998501974,1,295,-294
998501975,123,0,123
998501976,47,3,44
998501977,0,25,-25
998501978,21,0,21
998501979,0,53,-53
998501980,118,0,118
998501981,22,1,21
998501982,0,112,-112
998501983,0,0,0
998502006,0,1,-1
998502024,0,11,-11
998502032,0,8,-8
998502062,21,2,19
998502063,0,0,0
998502173,32,0,32
998502269,0,5,-5
998601159,6,162,-156
998601292,1,18,-17
999033574,2,615,-613
999800001,45,6,39
999800002,0,5,-5
999800003,8,15,-7
999800004,0,1,-1
999800005,0,2,-2
