ID,insum,outsum,diff
100000001,562,925,-363
100000002,4881,1572,3309
100000003,6635,4033,2602
100000004,1696,1148,548
100000005,2293,4956,-2663
100000006,824,144,680
100000007,2452,821,1631
100000008,237,517,-280
100000009,557,579,-22
100000010,68,85,-17
100000011,994,88,906
100000012,140,786,-646
100000013,49,202,-153
100000014,439,266,173
100000015,2028,2831,-803
100000016,1179,1473,-294
100000017,798,853,-55
100000018,1544,613,931
100000019,4480,1963,2517
100000020,2225,6769,-4544
100000021,5888,2376,3512
100000022,2383,1893,490
100000023,5799,1669,4130
100000025,2309,1197,1112
100000028,2263,1050,1213
100000029,237,309,-72
100000030,364,85,279
100000031,6608,6910,-302
100000032,2384,3487,-1103
100000033,1007,2447,-1440
100000034,597,469,128
100000035,1745,1272,473
100000036,2762,1421,1341
100000037,695,525,170
100000038,2253,1030,1223
100000039,741,209,532
100000040,170,175,-5
100000041,1160,549,611
100000042,2207,543,1664
100000043,1388,404,984
100000044,374,810,-436
100000045,729,1511,-782
100000046,800,1127,-327
100000047,332,623,-291
100000048,560,767,-207
100000049,1802,2104,-302
100000051,508,1064,-556
100000053,322,10,312
100000054,496,36,460
100000055,1863,254,1609
100000056,650,536,114
100000057,2117,757,1360
100000058,1126,1284,-158
100000059,21,133,-112
100000060,409,378,31
100000061,2623,626,1997
100000062,1980,619,1361
100000063,884,283,601
100000064,1544,324,1220
100000065,392,886,-494
100000066,197,754,-557
100000067,455,754,-299
100000068,601,1807,-1206
100000069,330,1553,-1223
100000072,325,1163,-838
100000073,1285,1427,-142
100000075,723,303,420
100000076,2462,2809,-347
100000077,270,159,111
100000078,43,54,-11
100000079,50,79,-29
100000080,42,56,-14
100000081,172,225,-53
100000102,2984,2031,953
100000103,3574,1338,2236
100000104,5683,2511,3172
100000105,3060,1779,1281
100000106,2828,2315,513
100000107,951,1008,-57
100000108,859,1046,-187
100000109,3815,1428,2387
100000116,1934,1160,774
100000117,57,94,-37
100000118,1901,1041,860
100000119,512,627,-115
100000121,265,437,-172
100000122,889,961,-72
100000123,3387,5012,-1625
100000124,7970,7694,276
100000125,4382,1524,2858
100000126,1016,404,612
100000127,1789,446,1343
100000128,2210,2001,209
100000129,493,417,76
100000130,412,565,-153
100000131,3414,3231,183
100000132,1624,3428,-1804
100000133,6983,2892,4091
100000135,647,1125,-478
100000139,591,308,283
100000140,582,368,214
100000142,513,592,-79
100000143,766,526,240
100000144,3806,887,2919
100000147,1242,2824,-1582
100000150,52,446,-394
100000151,1312,1149,163
100000153,300,447,-147
100000154,131,217,-86
100000155,15,48,-33
100000156,495,405,90
100000157,137,93,44
100000158,342,87,255
100000159,429,493,-64
100000165,1856,920,936
100000169,518,360,158
100000174,1297,493,804
100000179,95,594,-499
100000180,2419,1549,870
100000181,595,287,308
100000188,62,316,-254
100000189,1080,389,691
100000190,906,781,125
100000191,701,516,185
100000192,55,110,-55
100000193,250,167,83
100000330,1579,1048,531
100000355,298,650,-352
100000362,6189,3873,2316
100000363,4500,5377,-877
100000364,398,233,165
100000365,6523,6052,471
100000366,7923,3565,4358
100000367,6190,5550,640
100000368,3206,1861,1345
100000369,1728,2007,-279
100000370,316,810,-494
100000376,115,143,-28
100000379,3230,1773,1457
100000380,5738,3784,1954
100000384,6979,5469,1510
100000385,5796,4984,812
100000386,9358,5285,4073
100000387,5991,6326,-335
100000388,9438,7509,1929
100000389,9729,7511,2218
100000390,11901,6802,5099
100000391,8916,8813,103
100000392,4648,3942,706
100000393,3660,4809,-1149
100000394,10354,8425,1929
100000395,7069,3815,3254
100000396,9271,3475,5796
100000397,6211,5406,805
100000398,13102,8456,4646
100900002,16,54,-38
100900003,374,173,201
100900004,32,744,-712
100900005,128,28,100
100900006,48,142,-94
100900007,607,7,600
100900008,6,368,-362
100900009,83,121,-38
100900010,101,127,-26
100900011,121,284,-163
100900012,9,240,-231
100900013,818,11,807
100900014,3,11,-8
100900015,127,140,-13
100900016,0,53,-53
100900017,915,92,823
100900018,0,27,-27
100900019,50,127,-77
100900020,452,10,442
100900021,404,2,402
100900022,36,37,-1
100900023,1,37,-36
100900024,1095,7,1088
100900025,10,15,-5
100900026,90,132,-42
100900027,700,2930,-2230
100900028,113,229,-116
100900029,63,13,50
100900030,1,53,-52
100900031,599,98,501
100900032,293,0,293
100900033,312,202,110
100900034,487,3,484
100900035,744,2,742
100900036,24,2,22
100900037,102,245,-143
100900038,98,44,54
100900039,296,533,-237
100900040,521,793,-272
100900041,748,726,22
100900042,1741,549,1192
100900043,2,28,-26
100900044,2450,565,1885
100900045,112,1,111
100900046,1178,14,1164
100900047,1102,276,826
100900048,232,51,181
100900049,69,210,-141
100900050,6,15,-9
100900051,94,115,-21
100900052,525,52,473
100900053,320,34,286
100900054,15,85,-70
100900055,300,608,-308
100900056,227,291,-64
100900057,773,1516,-743
100900058,254,51,203
100900059,150,5,145
100900060,166,6,160
100900061,359,296,63
100900062,18,60,-42
100900063,282,605,-323
100900064,812,31,781
100900065,138,137,1
100900066,73,238,-165
100900067,2,10,-8
100900068,96,109,-13
100900069,664,21,643
100900070,461,7,454
100900071,992,358,634
100900072,1,22,-21
100900073,133,492,-359
100900074,4,7,-3
100900075,1717,457,1260
100900076,30,26,4
100900077,26,143,-117
100900078,141,429,-288
100900079,5,35,-30
100900080,70,185,-115
100900081,47,223,-176
100900082,113,523,-410
100900083,6,40,-34
100900085,23,140,-117
100900086,166,834,-668
100900088,121,514,-393
100900089,7,22,-15
100900090,167,494,-327
100900091,7,25,-18
100900092,451,246,205
100900093,215,249,-34
100900094,146,578,-432
100900095,6,26,-20
100900096,28,113,-85
100900097,0,3,-3
100900098,20,10,10
100900099,42,618,-576
100900100,10,469,-459
100900101,491,66,425
100900102,121,147,-26
100900103,15,14,1
100900104,7,162,-155
100900105,25,289,-264
100900106,48,7,41
100900107,1975,790,1185
100900108,24,51,-27
100900109,23,27,-4
100900110,2,31,-29
100900111,64,212,-148
100900112,4,7,-3
100900113,29,41,-12
100900114,4,22,-18
100900115,8,77,-69
100900116,772,744,28
100900117,336,774,-438
100900118,155,194,-39
100900119,34,20,14
100900120,5,17,-12
100900121,364,687,-323
100900122,241,218,23
100900123,64,234,-170
100900124,15,11,4
100900125,25,91,-66
100900126,151,226,-75
100900127,7,4,3
100900128,89,159,-70
100900129,0,123,-123
100900131,78,277,-199
100900133,77,47,30
100900134,14,2,12
100900135,0,138,-138
100900137,311,190,121
100900138,529,506,23
100900139,2,10,-8
100900140,10,574,-564
100900141,3,450,-447
100900142,0,28,-28
100900143,862,437,425
100900144,27,12,15
100900145,73,220,-147
100900146,9,88,-79
100900147,9,395,-386
100900148,30,743,-713
100900149,20,119,-99
100900150,3,61,-58
100900151,184,548,-364
100900152,129,15,114
100900153,1,173,-172
100900154,10,51,-41
100900155,20,17,3
100900156,54,13,41
100900157,4,177,-173
100900158,627,270,357
100900159,2,33,-31
100900160,20,7,13
100900161,89,7,82
100900162,37,458,-421
100900163,232,242,-10
100900164,46,42,4
100900165,12,54,-42
100900166,37,15,22
100900167,17,89,-72
100900168,46,161,-115
100900169,172,894,-722
100900170,35,5,30
100900171,24,633,-609
100900172,0,8,-8
100900173,9,456,-447
100900174,863,65,798
100900176,1435,203,1232
100900177,800,310,490
100900178,435,154,281
100900179,160,219,-59
100900180,11,9,2
100900181,116,67,49
100900182,54,42,12
100900184,14,148,-134
100900186,736,517,219
100900187,25,109,-84
100900188,38,21,17
100900189,1060,244,816
100900191,1460,1333,127
100900192,290,330,-40
100900195,130,145,-15
100900197,7,101,-94
100900198,22,175,-153
100900199,28,22,6
100900200,694,417,277
100900201,144,817,-673
100900202,75,0,75
100900203,0,81,-81
100900204,519,484,35
100900205,209,554,-345
100900206,154,59,95
100900207,262,135,127
100900210,36,603,-567
100900211,434,211,223
100900213,107,35,72
100900214,931,127,804
100900215,13,60,-47
101000001,4644,2564,2080
101000002,5165,5326,-161
101000003,705,2053,-1348
101000004,10484,8117,2367
101000005,5185,5364,-179
101000006,8744,7818,926
101000007,3365,4116,-751
101000008,3885,3263,622
101000009,2277,1643,634
101000010,961,1305,-344
101000011,1958,705,1253
101000012,1707,848,859
101000013,627,1241,-614
101000014,667,819,-152
101000015,1117,877,240
101000016,457,597,-140
101000017,667,521,146
101000018,3331,2755,576
101000020,3448,1326,2122
101000021,888,481,407
101000022,454,130,324
101000023,1733,748,985
101000025,195,467,-272
101000026,303,31,272
101000027,2381,2151,230
101000028,39,79,-40
101000029,265,1609,-1344
101000030,2365,117,2248
101000031,1166,840,326
101000032,10877,4179,6698
101000033,2290,3249,-959
101000034,2542,1603,939
101000035,1040,453,587
101000036,1437,846,591
101000037,3253,1693,1560
101000039,2415,2489,-74
101000040,3444,3359,85
101000041,15226,9040,6186
101000042,903,1548,-645
101000043,10691,7963,2728
101000045,2334,1117,1217
101000046,5215,1367,3848
101000047,3132,3224,-92
101000048,879,865,14
101000049,1007,2045,-1038
101000050,3390,3091,299
101000051,2929,2637,292
101000052,1650,1055,595
101000053,1276,2040,-764
101000054,2536,1744,792
101000055,1466,1339,127
101000056,34,112,-78
101000057,2261,1051,1210
101000058,1435,1287,148
101000059,2745,2056,689
101000060,1536,578,958
101000061,1015,1297,-282
101000062,750,690,60
101000063,696,887,-191
101000064,1135,906,229
101000065,403,405,-2
101000066,997,768,229
101000067,1381,776,605
101000068,467,487,-20
101000069,446,112,334
101000070,1478,999,479
101000071,2284,893,1391
101000072,929,3384,-2455
101000073,1074,889,185
101000074,8424,3793,4631
101000075,6769,4307,2462
101000077,1447,1156,291
101000078,1092,2089,-997
101000079,820,389,431
101000080,575,445,130
101000081,1855,1642,213
101000082,3724,3229,495
101000083,2675,2422,253
101000084,1457,952,505
101000085,1707,1289,418
101000086,1070,1094,-24
101000087,965,1203,-238
101000088,1290,1358,-68
101000089,993,1751,-758
101000090,2096,1369,727
101000091,408,930,-522
101000092,1004,1176,-172
101000093,1514,1029,485
101000094,1016,1173,-157
101000095,525,716,-191
101000096,351,583,-232
101000097,539,409,130
101000098,621,544,77
101000099,1166,1289,-123
101000100,1071,934,137
101000101,331,412,-81
101000102,886,536,350
101000103,1102,505,597
101000104,408,620,-212
101000105,901,319,582
101000106,1173,739,434
101000107,203,358,-155
101000108,917,327,590
101000109,376,72,304
101000110,54,576,-522
101000111,161,381,-220
101000113,201,913,-712
101000114,10089,5091,4998
101000115,145,218,-73
101000116,212,217,-5
101000117,1508,284,1224
101000119,100,78,22
101000120,119,38,81
101000121,67,65,2
101000122,147,114,33
101000123,73,81,-8
101000124,844,197,647
101000125,287,482,-195
101000128,843,466,377
101000130,308,334,-26
101000131,744,567,177
101000132,637,1161,-524
101000135,57,54,3
101000136,519,134,385
101000137,32,353,-321
101000141,1701,3124,-1423
101000147,725,515,210
101000148,1323,53,1270
101000149,199,174,25
101000150,90,746,-656
101000151,208,33,175
101000152,323,316,7
101000153,459,414,45
101000154,228,1315,-1087
101000155,364,181,183
101000156,53,262,-209
101000157,70,26,44
101000160,81,80,1
101000163,337,309,28
101000164,525,370,155
101000165,322,436,-114
101000166,302,421,-119
101000168,947,364,583
101000252,1807,869,938
101000254,636,101,535
101000258,43,4,39
101000261,168,39,129
101000262,1357,1720,-363
101000263,497,1617,-1120
101000265,102,779,-677
101000266,352,294,58
101000269,59,11,48
101000290,1692,2571,-879
101000293,38,69,-31
101000294,655,477,178
101000295,131,647,-516
101000301,644,408,236
101000304,2134,2465,-331
101000305,3153,1799,1354
101900001,17,72,-55
101900002,0,17,-17
101900003,67,112,-45
101900004,4,54,-50
101900005,4620,2101,2519
101900006,914,95,819
101900007,759,284,475
101900008,77,398,-321
101900009,81,595,-514
101900010,913,699,214
101900011,375,1781,-1406
101900012,243,499,-256
101900013,1259,209,1050
101900017,18,169,-151
101900018,1075,198,877
101900019,312,180,132
101900020,435,140,295
101900021,1,58,-57
101900022,137,1102,-965
101900023,170,268,-98
102000001,3301,4676,-1375
102000002,3366,1065,2301
102000003,4485,8248,-3763
102000004,9998,3679,6319
102000005,1398,2351,-953
102000006,1457,2138,-681
102000007,1848,4698,-2850
102000008,5184,1788,3396
102000009,6313,7993,-1680
102000010,6109,3751,2358
102000011,3259,3055,204
102000012,3526,3507,19
102000018,3580,3068,512
102000019,2832,1790,1042
102000026,292,606,-314
102000029,299,234,65
102000030,145,397,-252
102000031,108,179,-71
102000032,487,359,128
102000033,264,423,-159
102000034,660,510,150
102000035,997,771,226
102000036,21,313,-292
102000037,147,53,94
102000038,281,343,-62
102000039,313,74,239
102000040,632,243,389
102000041,268,363,-95
102000042,328,346,-18
102000043,452,253,199
102000044,488,462,26
102000045,718,1071,-353
102000046,1004,648,356
102000047,947,1309,-362
102000048,433,771,-338
102000049,1068,734,334
102000050,1254,1543,-289
102000051,514,672,-158
102000052,1439,966,473
102000053,975,1075,-100
102000054,642,1111,-469
102000055,1161,690,471
102000056,926,1364,-438
102000057,1702,825,877
102000058,1477,2019,-542
102000059,1879,1695,184
102000060,1477,1077,400
102000061,1723,2413,-690
102000062,1768,1027,741
102000063,1166,1335,-169
102000064,531,760,-229
102000065,39,110,-71
102000066,870,1073,-203
102000067,2590,3408,-818
102000068,8881,2927,5954
102000069,115,1545,-1430
102000070,1928,54,1874
102000071,7496,9667,-2171
102000072,3783,4533,-750
102000073,2341,1166,1175
102000074,1224,1152,72
102000075,187,340,-153
102000076,237,629,-392
102000077,546,960,-414
102000078,877,1000,-123
102000079,186,305,-119
102000080,291,267,24
102000081,428,844,-416
102000082,751,346,405
102000083,635,384,251
102000084,235,384,-149
102000085,1697,1205,492
102000086,1119,1315,-196
102000087,986,1760,-774
102000088,357,396,-39
102000089,1115,469,646
102000090,782,1237,-455
102000091,1801,622,1179
102000092,525,941,-416
102000093,663,714,-51
102000094,1195,837,358
102000095,1265,1655,-390
102000096,1089,1123,-34
102000097,1216,1219,-3
102000098,613,1168,-555
102000099,1223,834,389
102000100,939,1389,-450
102000101,1469,871,598
102000102,499,1942,-1443
102000103,1616,608,1008
102000104,681,379,302
102000105,200,573,-373
102000106,901,729,172
102000107,1138,632,506
102000108,589,245,344
102000109,601,614,-13
102000110,1063,1440,-377
102000111,13,277,-264
102000112,141,115,26
102000113,8,29,-21
102000114,715,407,308
102000115,217,295,-78
102000116,1476,546,930
102000117,661,1142,-481
102000118,2063,1112,951
102000119,2199,1014,1185
102000120,204,490,-286
102000121,1039,624,415
102000122,718,837,-119
102000123,1426,1487,-61
102000124,1706,1177,529
102000125,872,991,-119
102000126,789,710,79
102000127,1454,787,667
102000128,831,1072,-241
102000129,1493,889,604
102000130,640,861,-221
102000131,1837,1064,773
102000132,655,1600,-945
102000133,1954,1937,17
102000134,731,778,-47
102000135,703,944,-241
102000136,1008,652,356
102000137,1074,661,413
102000138,323,440,-117
102000139,150,386,-236
102000140,326,280,46
102000141,430,519,-89
102000142,458,334,124
102000143,136,388,-252
102000144,252,387,-135
102000145,379,500,-121
102000146,497,385,112
102000147,603,472,131
102000148,231,424,-193
102000149,163,476,-313
102000150,318,182,136
102000151,138,300,-162
102000152,204,142,62
102000153,1168,502,666
102000154,324,731,-407
102000155,117,345,-228
102000156,376,164,212
102000157,168,416,-248
102000158,383,270,113
102000159,1413,507,906
102000161,4650,2379,2271
102000162,253,177,76
102000163,82,697,-615
102000164,1367,1345,22
102000165,270,178,92
102000166,81,221,-140
102000167,254,229,25
102000168,260,158,102
102000169,140,467,-327
102000170,584,232,352
102000171,583,222,361
102000172,550,482,68
102000173,526,356,170
102000174,69,71,-2
102000175,182,125,57
102000176,60,44,16
102000178,232,508,-276
102000179,380,236,144
102000180,711,530,181
102000181,722,702,20
102000182,604,608,-4
102000183,1644,1958,-314
102000184,1718,992,726
102000185,2752,1593,1159
102000186,1206,2245,-1039
102000187,890,1630,-740
102000188,1032,1598,-566
102000189,2850,968,1882
102000190,798,2934,-2136
102000191,1537,603,934
102000192,1095,1252,-157
102000193,62,158,-96
102000194,45,122,-77
102000195,460,489,-29
102000196,231,500,-269
102000197,619,465,154
102000198,279,815,-536
102000199,1219,396,823
102000200,311,1153,-842
102000201,1061,505,556
102000202,0,121,-121
102000203,352,252,100
102000204,427,803,-376
102000205,1161,516,645
102000206,724,685,39
102000207,764,490,274
102000208,356,527,-171
102000209,75,68,7
102000210,360,478,-118
102000211,586,387,199
102000212,386,8,378
102000213,3,364,-361
102000214,261,10,251
102000215,9,402,-393
102000216,37,78,-41
102000217,8,164,-156
102000218,306,121,185
102000219,388,347,41
102000225,622,688,-66
102000226,6332,1470,4862
102000227,154,4,150
102000228,0,118,-118
102000229,26,47,-21
102000230,275,502,-227
102000231,285,499,-214
102000232,25,209,-184
102000233,516,812,-296
102000234,112,1175,-1063
102000236,337,79,258
102000237,401,123,278
102000238,132,272,-140
102000240,673,577,96
102000241,225,125,100
102000243,15,74,-59
102000245,37,82,-45
102000246,14,37,-23
102000247,420,757,-337
102000248,202,446,-244
102000249,172,176,-4
102000250,115,379,-264
102000254,85,401,-316
102000266,47,243,-196
102000271,22,0,22
102000286,539,443,96
102000297,1908,1116,792
102000299,0,0,0
102000302,0,0,0
102000305,0,1,-1
102000306,0,0,0
102000307,0,1,-1
102000308,0,0,0
102900001,1423,893,530
102900002,422,59,363
102900003,60,209,-149
102900005,443,401,42
102900006,592,177,415
102900007,450,39,411
102900008,215,81,134
102900009,664,265,399
102900010,998,487,511
102900011,2276,382,1894
102900012,417,70,347
102900013,37,78,-41
102900015,990,628,362
102900016,50,128,-78
102900017,161,653,-492
102900018,29,130,-101
102900019,463,515,-52
102900020,165,34,131
102900021,14,142,-128
102900022,670,195,475
102900023,18,39,-21
102900024,51,52,-1
102900025,260,107,153
102900026,610,1926,-1316
102900027,61,67,-6
102900028,178,790,-612
102900029,152,189,-37
102900030,408,311,97
102900031,250,195,55
102900032,117,156,-39
102900033,98,203,-105
102900034,697,106,591
102900035,132,380,-248
102900036,309,558,-249
102900037,234,637,-403
102900038,515,753,-238
102900039,32,502,-470
102900040,211,296,-85
102900041,112,210,-98
102900042,191,291,-100
102900043,227,274,-47
102900044,679,2286,-1607
102900045,182,691,-509
102900046,173,314,-141
102900047,59,711,-652
102900048,722,707,15
102900049,130,477,-347
102900050,236,368,-132
102900051,225,215,10
102900052,62,55,7
102900053,436,817,-381
102900054,1088,1261,-173
102900055,129,196,-67
102900056,108,502,-394
102900057,6,59,-53
102900058,343,116,227
102900059,19,68,-49
102900060,154,425,-271
102900061,194,518,-324
102900062,263,877,-614
102900063,1201,489,712
102900064,228,526,-298
102900065,1669,868,801
102900066,349,34,315
102900068,112,99,13
102900070,247,521,-274
102900072,16,51,-35
102900073,193,11,182
102900074,353,283,70
102900075,31,51,-20
102900076,160,134,26
102900077,45,40,5
102900078,32,83,-51
102900079,232,8,224
102900080,386,42,344
102900081,80,403,-323
102900082,9,255,-246
102900083,256,13,243
102900084,10,27,-17
102900085,407,136,271
102900086,15,65,-50
102900087,144,145,-1
102900088,60,50,10
102900089,278,179,99
102900090,2,336,-334
102900091,168,6,162
102900092,479,1002,-523
102900093,247,342,-95
102900094,0,79,-79
102900095,136,7,129
102900096,68,15,53
102900097,11,136,-125
103000001,2608,2696,-88
103000002,2367,2874,-507
103000003,4044,3077,967
103000004,935,860,75
103000005,1739,2480,-741
103000006,685,1403,-718
103000007,334,764,-430
103000008,1047,821,226
103000009,1248,1436,-188
103000010,174,102,72
103000011,1797,1522,275
103000012,1386,1556,-170
103000013,5148,2153,2995
103000014,1619,2960,-1341
103000015,1778,733,1045
103000016,490,1411,-921
103000017,254,434,-180
103000018,880,329,551
103000019,284,325,-41
103000020,2822,1647,1175
103000021,1905,1754,151
103000022,811,1227,-416
103000023,551,1718,-1167
103000024,109,155,-46
103000025,83,623,-540
103000026,1131,139,992
103000027,285,557,-272
103000028,426,394,32
103000029,324,295,29
103000030,1864,926,938
103000031,1537,1784,-247
103000032,2269,1965,304
103000033,3140,2844,296
103000034,2072,1488,584
103000035,469,1605,-1136
103000036,420,518,-98
103000037,600,558,42
103000038,528,1127,-599
103000039,450,428,22
103000040,450,1028,-578
103000041,1549,2468,-919
103000042,1241,566,675
103000043,575,1033,-458
103000044,170,193,-23
103000046,331,588,-257
103000047,566,695,-129
103000048,195,215,-20
103000049,88,180,-92
103000050,639,624,15
103000051,480,572,-92
103000052,947,426,521
103000053,190,562,-372
103000054,2715,1509,1206
103000055,2200,2547,-347
103000056,685,1715,-1030
103000057,485,337,148
103000058,684,891,-207
103000059,513,899,-386
103000060,890,695,195
103000061,442,966,-524
103000062,1158,678,480
103000063,794,1013,-219
103000064,149,231,-82
103000065,17,507,-490
103000066,203,25,178
103000069,404,420,-16
103000070,982,966,16
103000071,1039,643,396
103000072,169,922,-753
103000073,615,150,465
103000074,755,114,641
103000075,174,818,-644
103000076,346,325,21
103000077,29,454,-425
103000078,979,586,393
103000079,1060,524,536
103000080,1129,409,720
103000081,609,944,-335
103000082,600,174,426
103000083,144,410,-266
103000084,115,10,105
103000085,2,103,-101
103000086,641,378,263
103000087,160,601,-441
103000088,311,364,-53
103000089,248,481,-233
103000090,1947,848,1099
103000091,654,481,173
103000092,292,324,-32
103000093,339,470,-131
103000094,210,106,104
103000095,75,476,-401
103000096,563,112,451
103000097,81,899,-818
103000098,1116,185,931
103000099,361,717,-356
103000100,149,862,-713
103000101,975,181,794
103000102,167,658,-491
103000103,725,246,479
103000104,64,150,-86
103000105,150,87,63
103000106,15,148,-133
103000107,236,44,192
103000108,682,587,95
103000109,318,348,-30
103000110,429,440,-11
103000111,488,452,36
103000112,331,199,132
103000113,827,693,134
103000114,1357,399,958
103000115,603,439,164
103000116,614,456,158
103000117,338,536,-198
103000118,1029,889,140
103000119,1421,566,855
103000120,95,177,-82
103000121,282,512,-230
103000122,436,381,55
103000125,18,351,-333
103000126,559,7,552
103000127,1,202,-201
103000128,172,11,161
103000129,1,119,-118
103000130,58,40,18
103000131,147,106,41
103000132,75,142,-67
103000133,11,103,-92
103000134,599,851,-252
103000135,725,261,464
103000136,661,437,224
103000137,566,609,-43
103000138,777,665,112
103000139,4,70,-66
103000140,123,31,92
103000141,57,141,-84
103000142,136,86,50
103000143,69,263,-194
103000144,270,83,187
103000145,71,70,1
103000150,115,48,67
103000152,178,232,-54
103000153,167,194,-27
103000156,3,368,-365
103000157,366,2,364
103000159,244,58,186
103000162,77,16,61
103000163,9,37,-28
103000164,27,12,15
103000165,102,297,-195
103000166,198,301,-103
103000167,142,110,32
103000168,91,242,-151
103000169,197,473,-276
103000170,787,386,401
103000171,39,97,-58
103000172,741,1021,-280
103000173,495,463,32
103000174,192,391,-199
103000175,261,391,-130
103000176,912,596,316
103000177,637,470,167
103000178,317,305,12
103000179,132,33,99
103000183,127,25,102
103000185,95,39,56
103000186,154,191,-37
103000187,497,512,-15
103000188,12,103,-91
103000189,844,825,19
103000191,686,682,4
103000292,2161,1746,415
103000293,1110,2225,-1115
103000295,113,83,30
103000296,525,6,519
103000297,134,48,86
103000504,197,13,184
103000505,11,17,-6
103000506,0,242,-242
103000507,235,6,229
103000508,44,68,-24
103000509,226,635,-409
103900001,5,283,-278
103900002,1535,224,1311
103900003,1778,117,1661
103900004,131,1,130
103900005,2,279,-277
103900006,5,0,5
103900007,32,1,31
103900008,36,0,36
103900009,244,582,-338
103900010,138,392,-254
103900011,261,228,33
103900012,12,24,-12
103900013,53,114,-61
103900014,54,21,33
103900015,50,16,34
103900016,259,256,3
103900017,21,89,-68
103900018,577,227,350
103900019,59,285,-226
103900020,253,579,-326
103900021,644,70,574
103900022,934,697,237
103900023,124,5,119
103900024,133,466,-333
103900025,13,40,-27
103900026,71,0,71
103900027,748,329,419
103900028,31,300,-269
103900029,1077,119,958
103900030,468,89,379
103900031,28,4,24
103900032,103,58,45
103900033,112,18,94
103900034,27,186,-159
103900035,64,63,1
103900036,37,21,16
103900037,105,85,20
103900038,123,149,-26
103900039,78,418,-340
103900040,7,207,-200
103900041,57,41,16
103900042,65,361,-296
103900043,159,109,50
103900044,95,282,-187
103900045,290,201,89
103900047,85,37,48
103900048,58,43,15
103900049,214,1386,-1172
103900050,5,118,-113
103900051,0,37,-37
103900052,174,408,-234
103900053,146,799,-653
103900054,108,445,-337
103900055,473,272,201
103900056,48,63,-15
103900057,45,225,-180
103900058,281,838,-557
103900059,0,20,-20
103900060,43,233,-190
103900061,145,47,98
103900062,342,99,243
103900063,15,0,15
103900064,106,3,103
103900065,915,465,450
103900066,192,20,172
103900067,172,13,159
103900068,31,0,31
103900069,95,8,87
103900070,180,241,-61
103900071,27,163,-136
103900072,8,297,-289
103900073,45,26,19
103900074,80,102,-22
103900075,103,85,18
103900076,388,759,-371
103900077,59,82,-23
103900078,296,119,177
103900079,190,252,-62
103900080,13,34,-21
103900081,132,36,96
103900082,16,129,-113
103900083,1625,1187,438
103900084,104,215,-111
103900085,113,143,-30
103900086,647,399,248
103900087,42,117,-75
103900088,311,514,-203
103900089,58,154,-96
103900090,52,246,-194
103900091,1228,282,946
103900092,1205,512,693
103900093,118,336,-218
103900094,23,133,-110
103900095,420,216,204
103900096,52,222,-170
103900097,10,545,-535
103900098,224,182,42
103900099,129,242,-113
103900100,263,391,-128
103900101,64,1121,-1057
103900102,0,56,-56
103900104,2,38,-36
103900105,61,198,-137
103900106,1,21,-20
103900107,126,233,-107
103900108,19,365,-346
103900109,123,82,41
103900110,257,49,208
103900111,98,683,-585
103900112,118,172,-54
103900113,133,230,-97
103900114,407,331,76
103900115,347,266,81
103900116,5806,2527,3279
103900117,161,107,54
103900119,42,86,-44
103900120,30,106,-76
103900122,79,324,-245
103900123,1338,679,659
103900124,38,22,16
103900125,87,63,24
103900126,472,456,16
103900127,151,588,-437
103900128,137,174,-37
103900131,28,77,-49
103900133,1159,69,1090
103900134,0,1,-1
103900135,5,12,-7
103900137,0,37,-37
103900138,44,227,-183
103900139,184,1735,-1551
103900140,2,101,-99
103900141,290,52,238
103900142,143,151,-8
103900143,46,8,38
103900144,0,56,-56
103900145,163,281,-118
103900146,337,299,38
103900147,395,166,229
103900148,193,275,-82
103900149,290,777,-487
103900150,7099,3923,3176
103900151,50,186,-136
103900152,518,555,-37
103900153,3,0,3
103900154,1209,1822,-613
103900155,50,290,-240
103900156,39,170,-131
103900157,60,226,-166
103900158,86,174,-88
103900159,116,100,16
103900160,71,30,41
103900161,133,194,-61
103900162,55,257,-202
103900163,11,472,-461
103900164,273,49,224
103900167,20,127,-107
103900168,108,119,-11
103900169,43,56,-13
103900170,1,111,-110
103900171,1,53,-52
103900172,6,21,-15
103900173,12,17,-5
103900174,168,71,97
103900175,48,71,-23
103900176,11,31,-20
103900177,15,106,-91
103900178,54,64,-10
103900179,83,131,-48
103900180,19,107,-88
103900181,65,61,4
103900182,32,15,17
103900184,465,75,390
103900185,212,347,-135
103900187,22,88,-66
103900188,47,28,19
103900189,121,12,109
103900190,72,72,0
103900191,61,58,3
103900192,35,124,-89
103900193,174,229,-55
103900194,93,301,-208
103900195,5,70,-65
103900196,56,49,7
103900197,18,38,-20
103900198,27,59,-32
103900199,136,45,91
103900200,129,159,-30
103900201,207,230,-23
103900202,16,89,-73
103900203,36,27,9
103900204,2,101,-99
103900207,0,119,-119
103900208,109,1,108
103900209,12,121,-109
103900210,56,48,8
103900211,552,466,86
103900212,88,454,-366
103900213,87,284,-197
103900214,194,143,51
103900215,521,324,197
103900216,26,814,-788
103900217,409,98,311
103900218,1,341,-340
103900219,156,373,-217
103900233,185,6,179
103900235,62,40,22
103900236,20,3,17
103900242,3,12,-9
103900243,6,10,-4
103900244,125,303,-178
103900245,115,218,-103
103900246,52,36,16
103900247,27,98,-71
103900248,6,49,-43
103900249,39,38,1
103900250,29,33,-4
103900251,0,11,-11
103900253,14,74,-60
103900254,2,19,-17
103900255,11,20,-9
103900256,10,19,-9
103900257,44,137,-93
103900258,68,5,63
103900259,91,8,83
103900261,5,4,1
103900262,12,4,8
103900263,32,40,-8
103900264,74,37,37
103900265,31,24,7
103900266,7,76,-69
103900267,6,66,-60
104000001,2003,2113,-110
104000002,1687,2714,-1027
104000003,2421,2283,138
104000004,2999,2911,88
104000005,1313,1906,-593
104000006,3259,2867,392
104000007,4354,4036,318
104000008,263,364,-101
104000009,158,129,29
104000010,143,261,-118
104000011,481,383,98
104000012,145,375,-230
104000013,184,204,-20
104000014,218,777,-559
104000015,310,151,159
104000016,640,512,128
104000018,797,182,615
104000019,612,169,443
104000020,145,659,-514
104000021,215,661,-446
104000022,140,270,-130
104000023,752,364,388
104000024,251,375,-124
104000026,55,395,-340
104000027,252,379,-127
104000028,371,265,106
104000029,428,455,-27
104000030,234,262,-28
104000031,1239,469,770
104000032,217,310,-93
104000033,576,544,32
104000034,343,324,19
104000035,802,502,300
104000036,775,613,162
104000037,333,255,78
104000038,363,270,93
104000039,188,290,-102
104000040,290,412,-122
104000041,723,342,381
104000042,262,432,-170
104000043,348,360,-12
104000044,280,727,-447
104000045,1083,1119,-36
104000046,1343,1698,-355
104000047,924,1271,-347
104000048,1142,1682,-540
104000049,474,298,176
104000050,227,635,-408
104000051,108,524,-416
104000052,1512,1532,-20
104000053,919,585,334
104000054,587,518,69
104000055,4247,2922,1325
104000056,1404,274,1130
104000057,120,497,-377
104000058,756,703,53
104000059,516,1108,-592
104000060,1042,1198,-156
104000061,1215,1182,33
104000062,439,139,300
104000064,451,294,157
104000065,226,651,-425
104000069,1128,1034,94
104000070,67,517,-450
104000071,145,458,-313
104000072,643,175,468
104000075,85,243,-158
104000076,549,164,385
104000082,2453,3302,-849
104000083,933,206,727
104000084,124,562,-438
104000085,278,365,-87
104000086,178,411,-233
104000087,411,2317,-1906
104000090,826,1429,-603
104000092,1338,2620,-1282
104000094,973,1867,-894
104000095,1845,1450,395
104000096,1694,316,1378
104000097,1756,1051,705
104000098,1928,1288,640
104000100,1669,774,895
104000101,1216,1957,-741
104000106,85,585,-500
104000107,643,435,208
104000108,311,566,-255
104000109,337,112,225
104000110,921,1274,-353
104000111,4568,2925,1643
104000112,2833,643,2190
104000116,3,1150,-1147
104000117,160,701,-541
104000118,557,218,339
104000119,586,302,284
104000120,233,798,-565
104000121,239,704,-465
104000122,666,846,-180
104000123,868,1118,-250
104000124,1068,2520,-1452
104000125,4266,4455,-189
104000126,650,487,163
104000127,1500,2978,-1478
104000128,764,514,250
104000129,76,4,72
104000130,1,296,-295
104000131,663,522,141
104000132,511,568,-57
104000133,1232,793,439
104000134,949,1524,-575
104000135,407,1881,-1474
104000136,861,4281,-3420
104000137,1697,389,1308
104000138,982,378,604
104000139,7455,3211,4244
104000141,1100,1417,-317
104000142,581,806,-225
104000143,508,626,-118
104000144,65,168,-103
104000145,385,238,147
104000146,331,589,-258
104000147,140,321,-181
104000148,359,193,166
104000149,187,348,-161
104000150,1035,486,549
104000151,426,545,-119
104000152,653,694,-41
104000153,645,491,154
104000154,950,732,218
104000155,424,500,-76
104000157,1055,1524,-469
104000158,475,481,-6
104000159,863,420,443
104000160,1746,1793,-47
104000161,194,210,-16
104000162,49,146,-97
104000165,1016,1128,-112
104000167,622,867,-245
104000168,638,5,633
104000169,90,59,31
104000170,602,774,-172
104000248,276,690,-414
104000251,64,262,-198
104000272,0,0,0
104000273,0,0,0
104000274,0,0,0
104000275,0,0,0
104000279,841,503,338
104000290,115,306,-191
104000291,614,1128,-514
104000293,597,693,-96
104000294,39,0,39
104000295,522,817,-295
104000296,346,714,-368
104000297,800,1878,-1078
104000298,2157,855,1302
104000299,710,1577,-867
104900001,185,425,-240
104900002,67,180,-113
104900003,49,352,-303
104900004,121,331,-210
104900005,279,238,41
104900006,308,95,213
104900007,292,252,40
104900009,125,393,-268
104900010,71,48,23
104900011,40,3,37
104900012,222,22,200
104900013,144,17,127
104900014,3203,414,2789
104900015,102,12,90
104900016,191,322,-131
104900017,158,228,-70
104900018,15,229,-214
104900019,408,2625,-2217
104900020,53,343,-290
104900021,2,258,-256
104900022,12,116,-104
104900023,1,96,-95
104900024,48,84,-36
104900025,64,287,-223
104900026,5,97,-92
104900027,513,306,207
104900028,38,71,-33
104900029,61,81,-20
104900030,500,242,258
104900031,130,204,-74
104900032,35,143,-108
104900033,152,235,-83
104900034,427,165,262
104900035,328,210,118
104900036,195,71,124
104900037,126,236,-110
104900038,714,837,-123
104900039,829,405,424
104900040,405,93,312
104900041,243,188,55
104900042,188,268,-80
104900043,16,102,-86
104900044,620,218,402
104900045,545,47,498
104900046,200,207,-7
104900047,409,152,257
104900048,263,104,159
104900049,51,18,33
104900050,254,166,88
104900051,288,66,222
104900052,77,4,73
104900053,442,118,324
104900054,197,67,130
104900055,126,0,126
104900056,189,20,169
104900057,51,3,48
104900058,1433,463,970
104900059,147,41,106
104900060,2,603,-601
104900061,237,626,-389
104900063,1,126,-125
104900064,0,91,-91
104900065,2,201,-199
104900066,4,192,-188
104900067,6,365,-359
104900068,36,253,-217
104900070,250,328,-78
104900071,0,625,-625
104900072,89,317,-228
104900073,77,213,-136
104900074,115,256,-141
104900075,68,91,-23
104900076,136,348,-212
104900077,1084,254,830
104900078,197,555,-358
104900079,127,380,-253
104900080,104,496,-392
104900082,11,469,-458
104900085,0,228,-228
104900087,379,2,377
104900089,168,0,168
104900090,948,704,244
104900091,575,818,-243
104900093,287,642,-355
104900097,3147,2229,918
104900098,104,38,66
104900099,153,683,-530
104900100,458,260,198
104900102,31,220,-189
104900103,555,101,454
104900104,3785,2480,1305
104900106,110,145,-35
104900107,119,268,-149
104900108,41,264,-223
104900109,120,310,-190
104900110,9,39,-30
104900111,156,153,3
104900112,285,807,-522
104900113,696,450,246
104900114,407,608,-201
104900115,684,497,187
104900116,259,262,-3
104900118,30,74,-44
104900119,1,39,-38
104900120,35,185,-150
104900121,1,105,-104
104900122,3,104,-101
104900123,44,13,31
104900124,32,0,32
104900125,508,8,500
104900126,76,91,-15
104900127,37,83,-46
104900128,89,145,-56
104900129,2682,2064,618
105000001,2485,1698,787
105000002,2138,1668,470
105000003,3476,3721,-245
105000004,652,1135,-483
105000005,961,1087,-126
105000006,1504,1542,-38
105000007,1221,1478,-257
105000008,2192,2755,-563
105000009,1955,2926,-971
105000010,3063,2709,354
105000011,3251,2479,772
105000012,4692,3655,1037
105000013,949,956,-7
105000014,1884,2286,-402
105000015,11356,13769,-2413
105000016,4260,2574,1686
105000017,2054,995,1059
105000018,1314,1337,-23
105000019,1542,920,622
105000020,161,376,-215
105000021,264,94,170
105000022,330,81,249
105000023,648,401,247
105000028,76,144,-68
105000029,621,1269,-648
105000030,4295,3347,948
105000033,1116,2433,-1317
105000034,140,844,-704
105000037,777,431,346
105000038,2052,1623,429
105000039,2978,2078,900
105000040,970,1055,-85
105000041,565,1355,-790
105000042,3604,1467,2137
105000043,1985,2587,-602
105000044,981,579,402
105000045,568,1216,-648
105000046,1023,511,512
105000047,578,1288,-710
105000048,747,244,503
105000049,284,659,-375
105000050,526,370,156
105000051,156,461,-305
105000052,505,777,-272
105000053,113,174,-61
105000054,329,1015,-686
105000055,740,429,311
105000056,1353,2513,-1160
105000057,1067,1086,-19
105000058,1385,1569,-184
105000059,770,692,78
105000060,486,723,-237
105000061,693,576,117
105000062,689,961,-272
105000063,328,588,-260
105000064,1210,956,254
105000065,310,604,-294
105000066,1183,1770,-587
105000067,1418,787,631
105000068,513,966,-453
105000069,2163,1480,683
105000070,768,898,-130
105000071,296,879,-583
105000072,752,1709,-957
105000073,942,608,334
105000074,1356,958,398
105000075,664,810,-146
105000076,1233,1196,37
105000077,2919,1076,1843
105000078,1549,1385,164
105000079,1661,2953,-1292
105000080,2236,1647,589
105000081,4231,1278,2953
105000082,1341,1631,-290
105000083,4961,3218,1743
105000084,782,996,-214
105000085,1788,1760,28
105000086,575,1036,-461
105000087,1642,1920,-278
105000088,1416,1596,-180
105000089,3362,2327,1035
105000090,1114,853,261
105000091,1430,1604,-174
105000092,870,1071,-201
105000093,354,206,148
105000094,247,263,-16
105000095,105,434,-329
105000096,1208,1004,204
105000097,1070,668,402
105000098,1084,839,245
105000099,1036,744,292
105000100,1254,1092,162
105000101,1745,2141,-396
105000102,1906,1481,425
105000103,1575,2376,-801
105000104,2481,924,1557
105000105,1251,2455,-1204
105000106,1902,2388,-486
105000107,1497,1175,322
105000108,1670,2050,-380
105000109,1711,2209,-498
105000110,741,756,-15
105000111,620,605,15
105000112,1353,864,489
105000113,354,730,-376
105000114,3232,1187,2045
105000115,349,1095,-746
105000116,738,609,129
105000117,855,932,-77
105000118,681,541,140
105000119,841,1255,-414
105000120,1144,697,447
105000121,1074,1422,-348
105000122,377,665,-288
105000123,1230,1522,-292
105000124,1912,964,948
105000125,877,2134,-1257
105000126,2071,2093,-22
105000127,2604,2360,244
105000128,584,1201,-617
105000129,929,333,596
105000130,477,2513,-2036
105000131,1162,454,708
105000132,859,623,236
105000133,606,1134,-528
105000134,712,551,161
105000135,485,639,-154
105000136,71,111,-40
105000137,358,302,56
105000138,54,114,-60
105000139,1157,1128,29
105000140,238,543,-305
105000141,307,601,-294
105000142,197,459,-262
105000143,276,711,-435
105000144,335,957,-622
105000145,636,463,173
105000146,439,984,-545
105000147,583,398,185
105000148,1492,607,885
105000149,2407,2035,372
105000150,2208,1780,428
105000151,456,441,15
105000152,176,577,-401
105000153,673,661,12
105000154,749,629,120
105000155,411,932,-521
105000156,1183,754,429
105000157,985,1846,-861
105000158,2284,757,1527
105000159,242,1187,-945
105000160,1747,620,1127
105000161,747,1188,-441
105000162,586,1801,-1215
105000163,1175,975,200
105000164,220,266,-46
105000165,1279,5247,-3968
105000166,5938,782,5156
105000167,2426,1542,884
105000168,364,694,-330
105000169,550,459,91
105000170,253,1231,-978
105000171,1039,290,749
105000172,143,50,93
105000173,153,42,111
105000174,64,48,16
105000175,94,170,-76
105000176,341,111,230
105000177,261,194,67
105000178,159,518,-359
105000179,481,196,285
105000180,124,160,-36
105000181,97,313,-216
105000182,55,90,-35
105000183,2595,1785,810
105000184,1461,988,473
105000185,1699,814,885
105000186,557,717,-160
105000187,940,154,786
105000188,461,134,327
105000189,305,432,-127
105000190,321,431,-110
105000191,355,369,-14
105000192,305,68,237
105000193,121,140,-19
105000194,242,111,131
105000195,292,982,-690
105000196,56,208,-152
105000197,255,625,-370
105000198,591,407,184
105000199,315,508,-193
105000200,177,274,-97
105000201,121,44,77
105000203,9,210,-201
105000204,118,92,26
105000205,75,189,-114
105000207,643,262,381
105000208,364,522,-158
105000209,194,375,-181
105000212,1289,1605,-316
105000213,234,252,-18
105000214,167,357,-190
105000215,294,224,70
105000216,109,414,-305
105000217,218,336,-118
105000218,1280,1237,43
105000221,170,229,-59
105000222,496,88,408
105000223,307,146,161
105000226,87,358,-271
105000227,74,151,-77
105000228,308,1844,-1536
105000229,204,492,-288
105000231,315,295,20
105000233,883,626,257
105000234,491,1405,-914
105000235,443,615,-172
105000237,684,87,597
105000243,30,191,-161
105000248,97,100,-3
105000262,329,1532,-1203
105000269,111,203,-92
105000270,438,79,359
105000271,2,281,-279
105000282,56,41,15
105000287,372,127,245
105000288,537,367,170
105000289,3225,2062,1163
105000290,30,4,26
105000402,4389,4025,364
105000426,623,627,-4
105000438,4277,1593,2684
105000446,14616,6591,8025
105000447,9679,3462,6217
105000454,400,391,9
105000455,303,181,122
105000474,29,3,26
105000477,430,530,-100
105000478,1586,4257,-2671
105000479,203,168,35
105000480,8732,5548,3184
105000481,4679,3187,1492
105000482,6539,7342,-803
105000483,1515,1891,-376
105000484,2462,3339,-877
105000485,1699,2523,-824
105000486,4500,2689,1811
105000488,10864,6038,4826
105000489,829,944,-115
105000549,180,86,94
105000550,583,1779,-1196
105000551,39,123,-84
105000552,2882,1978,904
105900001,16,1236,-1220
105900002,1309,674,635
105900003,9,120,-111
105900004,249,124,125
105900005,7,239,-232
105900006,26,110,-84
105900007,148,29,119
105900008,66,658,-592
105900009,9,21,-12
105900011,275,55,220
105900012,689,116,573
105900013,9,56,-47
105900014,25,86,-61
105900015,133,293,-160
105900016,522,742,-220
105900017,1154,67,1087
105900018,222,203,19
105900019,72,497,-425
105900020,34,47,-13
105900021,42,343,-301
105900022,319,228,91
105900023,14,109,-95
105900024,16,169,-153
105900025,229,59,170
105900026,378,19,359
105900027,6445,8519,-2074
105900028,538,218,320
105900029,1860,459,1401
105900030,192,257,-65
105900031,397,150,247
105900032,77,152,-75
105900033,130,134,-4
105900034,181,250,-69
105900035,284,197,87
105900036,58,137,-79
105900037,71,58,13
105900038,175,282,-107
105900039,72,123,-51
105900040,100,96,4
105900041,150,273,-123
105900042,49,152,-103
105900043,1333,73,1260
105900044,12,269,-257
105900045,11,794,-783
105900046,7,207,-200
105900047,6,49,-43
105900048,107,647,-540
105900050,7003,2363,4640
105900051,25,1203,-1178
105900052,537,360,177
105900053,3700,2705,995
105900054,386,227,159
105900056,819,443,376
105900057,62,115,-53
105900058,12,26,-14
105900059,0,37,-37
106000001,5428,2694,2734
106000002,3306,5991,-2685
106000003,2755,3659,-904
106000004,1835,2912,-1077
106000005,3346,6056,-2710
106000006,6161,4670,1491
106000007,606,701,-95
106000008,423,351,72
106000009,558,456,102
106000010,667,608,59
106000011,1013,1194,-181
106000012,954,1641,-687
106000013,1671,2073,-402
106000014,2140,1823,317
106000015,1578,1302,276
106000016,1245,2686,-1441
106000017,671,730,-59
106000018,600,580,20
106000019,382,472,-90
106000020,362,504,-142
106000021,264,511,-247
106000022,365,305,60
106000023,644,340,304
106000024,613,614,-1
106000025,107,220,-113
106000026,147,257,-110
106000027,1301,1382,-81
106000028,638,570,68
106000029,671,1306,-635
106000030,728,556,172
106000034,256,620,-364
106000035,1135,2046,-911
106000036,294,557,-263
106000037,2338,1648,690
106000038,594,135,459
106000039,236,115,121
106000040,174,867,-693
106000041,763,622,141
106000043,590,278,312
106000046,282,47,235
106000047,36,376,-340
106000049,784,179,605
106000050,294,785,-491
106000051,642,428,214
106000052,100,682,-582
106000053,376,151,225
106000054,434,567,-133
106000055,1076,1130,-54
106000056,241,507,-266
106000057,334,318,16
106000058,170,253,-83
106000059,307,294,13
106000060,385,562,-177
106000061,198,527,-329
106000062,128,597,-469
106000063,631,483,148
106000064,36,417,-381
106000065,324,321,3
106000066,110,378,-268
106000067,339,121,218
106000068,70,693,-623
106000069,253,76,177
106000070,451,776,-325
106000071,961,324,637
106000072,3305,1597,1708
106000073,1718,2862,-1144
106000074,514,715,-201
106000075,341,1585,-1244
106000076,1834,2444,-610
106000077,3864,1439,2425
106000078,1047,1046,1
106000079,676,1071,-395
106000080,1299,775,524
106000081,658,1297,-639
106000082,2566,949,1617
106000083,471,1694,-1223
106000084,1092,663,429
106000085,1556,1577,-21
106000086,658,951,-293
106000087,820,613,207
106000088,425,880,-455
106000089,988,400,588
106000090,255,643,-388
106000091,208,595,-387
106000092,705,352,353
106000093,258,99,159
106000094,111,262,-151
106000095,641,825,-184
106000096,748,725,23
106000097,923,968,-45
106000098,693,987,-294
106000099,215,820,-605
106000100,1132,277,855
106000101,1090,301,789
106000102,216,590,-374
106000103,323,500,-177
106000104,770,448,322
106000105,503,680,-177
106000106,532,496,36
106000107,145,322,-177
106000108,260,274,-14
106000109,153,299,-146
106000110,235,251,-16
106000111,171,430,-259
106000112,138,477,-339
106000113,610,584,26
106000114,432,521,-89
106000115,207,462,-255
106000116,227,217,10
106000117,1054,767,287
106000118,1167,1399,-232
106000119,1725,1154,571
106000120,910,1267,-357
106000121,176,158,18
106000122,106,262,-156
106000123,387,168,219
106000124,56,277,-221
106000125,35,373,-338
106000126,235,129,106
106000127,849,881,-32
106000128,636,206,430
106000129,482,700,-218
106000130,707,349,358
106000131,115,894,-779
106000132,553,156,397
106000133,2133,1302,831
106000134,647,1542,-895
106000135,219,664,-445
106000136,560,903,-343
106000137,60,954,-894
106000138,1006,99,907
106000139,57,114,-57
106000140,36,66,-30
106000141,60,68,-8
106000142,68,62,6
106000143,100,66,34
106000144,22,69,-47
106000145,215,303,-88
106000146,327,215,112
106000147,524,557,-33
106000148,730,833,-103
106000149,574,359,215
106000150,461,1992,-1531
106000151,3993,787,3206
106000152,1444,1822,-378
106000153,110,1480,-1370
106000154,1185,213,972
106000155,111,252,-141
106000156,862,387,475
106000157,699,1799,-1100
106000158,2175,965,1210
106000159,3358,1754,1604
106000160,409,2823,-2414
106000161,1658,469,1189
106000162,204,940,-736
106000163,418,475,-57
106000164,301,381,-80
106000165,252,648,-396
106000166,670,368,302
106000167,371,1042,-671
106000168,445,312,133
106000169,280,657,-377
106000170,765,307,458
106000171,213,1242,-1029
106000172,3019,1315,1704
106000173,1145,3135,-1990
106000174,1281,440,841
106000175,305,967,-662
106000176,1800,932,868
106000177,883,2791,-1908
106000178,3460,1753,1707
106000179,1450,2790,-1340
106000180,908,1595,-687
106000181,756,1876,-1120
106000182,1219,827,392
106000183,1232,761,471
106000184,2085,796,1289
106000185,1117,1282,-165
106000186,1107,207,900
106000187,302,1266,-964
106000188,2,5,-3
106000189,19,55,-36
106000190,22,1,21
106000191,670,247,423
106000192,0,32,-32
106000193,387,191,196
106000194,147,480,-333
106000195,922,262,660
106000196,274,689,-415
106000197,546,367,179
106000198,183,288,-105
106000199,888,760,128
106000200,247,226,21
106000201,523,2638,-2115
106000202,4630,684,3946
106000203,80,127,-47
106000204,77,31,46
106000205,11,117,-106
106000206,69,20,49
106000207,42,862,-820
106000208,1278,163,1115
106000209,1683,356,1327
106000210,366,1180,-814
106000211,358,1248,-890
106000212,854,417,437
106000213,864,1901,-1037
106000214,3220,834,2386
106000215,192,485,-293
106000216,271,413,-142
106000217,310,450,-140
106000218,476,480,-4
106000219,129,308,-179
106000220,353,244,109
106000221,165,278,-113
106000222,65,75,-10
106000223,184,118,66
106000224,197,285,-88
106000225,57,118,-61
106000226,134,320,-186
106000228,41,77,-36
106000229,75,741,-666
106000231,840,112,728
106000232,44,340,-296
106000233,672,105,567
106000234,77,182,-105
106000235,317,80,237
106000236,137,70,67
106000237,16,14,2
106000238,27,6,21
106000239,5,86,-81
106000240,36,5,31
106000241,23,593,-570
106000242,219,27,192
106000249,42,100,-58
106000250,75,611,-536
106000251,94,30,64
106000252,20,96,-76
106000253,63,67,-4
106000254,33,48,-15
106000255,26,162,-136
106000256,40,90,-50
106000257,156,261,-105
106000258,151,10,141
106000259,1,26,-25
106000260,31,3,28
106000261,10,47,-37
106000262,119,10,109
106000263,8,64,-56
106000264,175,9,166
106000265,23,116,-93
106000266,127,19,108
106000267,2,124,-122
106000268,614,49,565
106000269,49,56,-7
106000270,186,577,-391
106000271,78,222,-144
106000272,207,59,148
106000273,15,277,-262
106000274,163,56,107
106000275,183,284,-101
106000276,232,47,185
106000277,120,239,-119
106000278,195,41,154
106000279,26,46,-20
106000280,73,95,-22
106000281,79,61,18
106000282,71,60,11
106000283,156,64,92
106000284,68,135,-67
106000285,131,119,12
106000286,72,177,-105
106000287,188,85,103
106000288,97,205,-108
106000289,84,55,29
106000290,58,116,-58
106000291,99,123,-24
106000292,79,111,-32
106000293,162,107,55
106000294,132,144,-12
106000295,67,57,10
106000296,63,141,-78
106000297,79,273,-194
106000298,127,80,47
106000299,76,120,-44
106000300,68,123,-55
106000301,65,136,-71
106000303,44,63,-19
106000304,25,37,-12
106000305,113,42,71
106000306,38,68,-30
106000307,48,13,35
106000308,53,149,-96
106000309,29,53,-24
106000310,316,540,-224
106000311,356,192,164
106000312,70,179,-109
106000313,179,227,-48
106000318,152,486,-334
106000319,1004,214,790
106000320,2,49,-47
106000321,285,130,155
106000322,181,218,-37
106000324,16,147,-131
106000325,1672,977,695
106000326,1097,2179,-1082
106000327,132,115,17
106000328,34,116,-82
106000329,84,294,-210
106000330,69,64,5
106000428,126,153,-27
106000429,137,461,-324
106000430,339,1334,-995
106000431,1743,362,1381
106000432,1950,2968,-1018
106000433,2163,1252,911
106000434,3053,1503,1550
106000435,1774,2786,-1012
106000436,18,254,-236
106000437,294,41,253
106000438,338,200,138
106000439,103,461,-358
106000440,224,438,-214
106000441,3,1,2
106000442,109,9,100
106000443,125,342,-217
106000450,1,189,-188
106000451,27,50,-23
106000454,1,105,-104
106000455,12,171,-159
106000456,78,49,29
106000457,9,993,-984
106000458,660,134,526
106000459,142,442,-300
106000460,1624,37,1587
106000461,118,1392,-1274
106000462,0,30,-30
106000463,0,19,-19
106000464,4,428,-424
106000465,636,3,633
106000466,5,653,-648
106000467,334,546,-212
106000468,76,177,-101
106000469,214,0,214
106000470,315,1739,-1424
106000471,40,567,-527
106000472,170,13,157
106000473,31,20,11
106000474,359,514,-155
106000475,296,173,123
106000476,154,171,-17
106000477,21,44,-23
106900001,1,13,-12
106900002,0,459,-459
106900003,215,785,-570
106900004,1,56,-55
106900006,0,7,-7
106900007,0,8,-8
106900008,300,272,28
106900009,290,343,-53
106900010,270,314,-44
106900012,1995,2100,-105
106900013,581,127,454
106900014,25,5,20
106900015,34,5,29
106900016,239,8,231
106900017,7,0,7
106900018,2,0,2
106900019,35,3,32
106900020,2347,1490,857
106900021,105,81,24
106900022,736,1,735
106900023,62,226,-164
106900024,608,29,579
106900025,94,622,-528
106900026,1,646,-645
106900027,721,3,718
107000001,4496,3833,663
107000002,4161,5608,-1447
107000003,5746,6771,-1025
107000004,6189,6017,172
107000005,4158,5385,-1227
107000006,4733,5565,-832
107000007,5752,10696,-4944
107000008,13841,10649,3192
107000009,7035,7566,-531
107000010,11441,11473,-32
107000011,1144,1523,-379
107000012,4483,3677,806
107000013,51,105,-54
107000014,42,204,-162
107000015,404,779,-375
107000016,634,939,-305
107000017,4033,1049,2984
107000018,19,580,-561
107000020,2575,724,1851
107000021,1439,508,931
107000022,1002,1258,-256
107000023,1938,280,1658
107000024,544,1635,-1091
107000025,218,434,-216
107000026,185,589,-404
107000027,1316,1029,287
107000028,1388,1645,-257
107000029,3021,2467,554
107000030,3112,3617,-505
107000031,3917,2771,1146
107000032,656,1104,-448
107000033,3414,5345,-1931
107000034,4186,2087,2099
107000035,436,246,190
107000036,434,1322,-888
107000037,73,797,-724
107000038,302,306,-4
107000039,754,677,77
107000040,181,484,-303
107000041,2073,980,1093
107000042,934,2195,-1261
107000043,2797,1205,1592
107000044,592,340,252
107000045,131,311,-180
107000046,830,429,401
107000047,433,903,-470
107000048,679,343,336
107000049,584,884,-300
107000050,1161,522,639
107000051,361,377,-16
107000052,1150,1034,116
107000053,401,209,192
107000054,48,267,-219
107000055,142,124,18
107000056,399,861,-462
107000057,1232,244,988
107000058,2198,2272,-74
107000059,2517,3718,-1201
107000060,3871,5548,-1677
107000061,5687,4084,1603
107000062,4147,3053,1094
107000063,4507,5827,-1320
107000064,4123,2292,1831
107000065,4430,5436,-1006
107000066,1975,2705,-730
107000067,1150,1181,-31
107000068,1440,743,697
107000069,695,512,183
107000070,1166,10,1156
107000071,3215,51,3164
107000072,66,3107,-3041
107000073,812,325,487
107000074,205,998,-793
107000075,1783,616,1167
107000076,806,1753,-947
107000077,3563,1336,2227
107000078,2938,4014,-1076
107000079,2782,1126,1656
107000080,1368,3634,-2266
107000081,1838,645,1193
107000082,645,2230,-1585
107000083,1398,518,880
107000084,475,2240,-1765
107000085,2854,3401,-547
107000086,3860,3997,-137
107000087,2784,2199,585
107000088,3484,3948,-464
107000089,1351,1810,-459
107000090,1009,1187,-178
107000091,1274,911,363
107000092,760,1245,-485
107000093,1184,853,331
107000094,1100,1323,-223
107000095,850,558,292
107000096,631,980,-349
107000097,605,205,400
107000098,394,385,9
107000099,460,431,29
107000100,415,262,153
107000101,113,224,-111
107000102,316,386,-70
107000103,274,220,54
107000104,234,283,-49
107000105,337,130,207
107000106,215,281,-66
107000107,481,206,275
107000108,204,584,-380
107000109,614,165,449
107000110,73,503,-430
107000111,335,51,284
107000112,58,335,-277
107000113,541,158,383
107000114,112,517,-405
107000115,586,153,433
107000116,128,887,-759
107000117,139,511,-372
107000118,135,230,-95
107000119,1453,1469,-16
107000120,1366,526,840
107000121,907,721,186
107000122,1176,1168,8
107000123,470,548,-78
107000124,579,1142,-563
107000125,644,563,81
107000126,594,647,-53
107000127,40,343,-303
107000129,539,184,355
107000130,624,255,369
107000131,538,352,186
107000132,639,415,224
107000133,850,97,753
107000134,420,3,417
107000135,6,342,-336
107000136,796,5,791
107000137,9,459,-450
107000138,415,27,388
107000139,22,530,-508
107000140,1488,122,1366
107000141,139,817,-678
107000142,411,116,295
107000143,91,777,-686
107000144,464,510,-46
107000145,157,578,-421
107000146,232,412,-180
107000147,2994,815,2179
107000150,1000,2906,-1906
107000151,65,136,-71
107000152,530,1178,-648
107000153,229,530,-301
107000154,285,279,6
107000155,914,26,888
107000156,1271,43,1228
107000157,41,1663,-1622
107000158,583,27,556
107000159,33,799,-766
107000160,899,190,709
107000161,94,1542,-1448
107000162,291,512,-221
107000163,309,6,303
107000164,737,3,734
107000165,973,12,961
107000166,77,1254,-1177
107000167,460,314,146
107000168,902,534,368
107000169,749,1020,-271
107000170,1993,873,1120
107000171,795,2196,-1401
107000172,1046,1391,-345
107000173,722,1115,-393
107000174,1015,5122,-4107
107000175,8151,2081,6070
107000176,1,1,0
107000177,22,4,18
107000178,24,50,-26
107000179,265,2385,-2120
107000180,1274,414,860
107000181,404,1209,-805
107000182,1723,1042,681
107000183,123,1081,-958
107000184,1021,767,254
107000185,601,1919,-1318
107000186,1408,581,827
107000187,1312,1438,-126
107000188,600,681,-81
107000189,447,1106,-659
107000190,743,869,-126
107000191,744,1106,-362
107000192,1863,845,1018
107000193,454,557,-103
107000194,922,723,199
107000197,947,357,590
107000198,388,803,-415
107000199,673,791,-118
107000200,752,725,27
107000201,393,250,143
107000202,300,466,-166
107000203,1341,780,561
107000204,1897,738,1159
107000205,2453,1175,1278
107000206,1030,1257,-227
107000207,761,1232,-471
107000208,1187,449,738
107000209,2665,1350,1315
107000210,1076,396,680
107000211,3,43,-40
107000212,27,377,-350
107000213,10,17,-7
107000214,17,190,-173
107000215,402,432,-30
107000216,436,378,58
107000217,138,150,-12
107000219,103,167,-64
107000220,223,232,-9
107000222,285,759,-474
107000224,339,83,256
107000225,210,578,-368
107000226,344,92,252
107000227,97,330,-233
107000228,65,239,-174
107000229,90,109,-19
107000230,1076,574,502
107000231,1901,1592,309
107000232,122,34,88
107000233,1748,1023,725
107000234,1,52,-51
107000235,63,3,60
107000236,14,539,-525
107000237,14,3,11
107000238,34,0,34
107000239,3392,544,2848
107000240,84,982,-898
107000241,97,27,70
107000242,445,50,395
107000243,1,75,-74
107000244,14,76,-62
107000246,2,1106,-1104
107000249,2,972,-970
107000251,2,320,-318
107000252,4,1148,-1144
107000255,534,113,421
107000257,4,466,-462
107000258,1,137,-136
107000259,4,208,-204
107000260,700,10,690
107000262,8,507,-499
107000263,268,6,262
107000266,7,11,-4
107000267,80,143,-63
107000268,143,167,-24
107000269,718,65,653
107000270,4,24,-20
107000271,40,746,-706
107000272,35,172,-137
107000273,5,210,-205
107000274,2010,280,1730
107000275,70,833,-763
107000280,709,61,648
107000281,34,811,-777
107000282,20,883,-863
107000290,3,20,-17
107000291,13,15,-2
107000292,1,15,-14
107000293,115,3,112
107000294,0,14,-14
107000295,39,3,36
107000296,1,23,-22
107000444,310,6,304
107000496,1,26,-25
107000497,1597,2758,-1161
107000500,277,331,-54
107000501,72,149,-77
107000502,186,335,-149
107000505,402,834,-432
107000506,4,75,-71
107000508,8,632,-624
107000509,248,838,-590
107000510,36,34,2
107000514,38,323,-285
107000515,35,262,-227
107000516,320,314,6
107000518,994,1305,-311
107000519,2161,1035,1126
107000520,61,27,34
107900001,123,258,-135
107900002,61,7,54
107900003,336,25,311
107900004,109,0,109
107900005,1302,6,1296
107900006,146,1,145
107900007,295,34,261
107900008,97,29,68
107900009,110,4,106
107900010,26,3,23
107900012,332,23,309
107900013,272,52,220
107900014,43,9,34
107900015,984,9,975
107900016,463,109,354
107900017,53,3,50
107900018,54,125,-71
107900019,28,36,-8
107900020,78,5,73
107900021,66,178,-112
107900023,2,1,1
107900024,0,8,-8
107900025,133,301,-168
107900026,62,76,-14
107900027,94,53,41
107900028,75,103,-28
107900030,147,30,117
107900031,82,104,-22
107900032,18,9,9
107900033,27,9,18
107900034,423,31,392
107900035,840,69,771
107900036,40,14,26
107900037,0,12,-12
107900038,187,263,-76
107900039,28,47,-19
107900040,100,95,5
107900041,2,4,-2
107900043,28,125,-97
107900044,5,7,-2
107900045,116,52,64
107900046,145,226,-81
107900047,15,21,-6
107900048,196,6,190
107900049,334,1453,-1119
107900050,115,364,-249
107900051,99,85,14
107900052,24,18,6
107900053,38,119,-81
107900055,977,388,589
107900056,166,42,124
107900057,3,0,3
107900058,30,582,-552
107900060,36,39,-3
107900061,24,6,18
107900063,107,135,-28
107900064,402,140,262
107900065,223,15,208
107900066,47,6,41
107900067,1,0,1
107900068,180,401,-221
107900069,47,1775,-1728
107900070,104,67,37
107900071,28,733,-705
107900072,126,171,-45
107900073,156,118,38
107900074,946,303,643
107900076,113,71,42
107900077,62,1,61
107900078,201,64,137
107900079,11,13,-2
107900080,353,441,-88
107900081,31,127,-96
107900082,22,18,4
107900083,484,229,255
107900084,96,144,-48
107900086,32,159,-127
107900087,839,183,656
107900088,25,13,12
107900089,299,990,-691
107900090,547,2478,-1931
107900091,277,494,-217
107900092,2251,614,1637
107900093,89,122,-33
107900095,3779,2417,1362
107900097,31,100,-69
107900098,98,216,-118
107900100,1189,1300,-111
107900101,1279,242,1037
107900102,19,14,5
107900103,59,192,-133
107900104,198,8,190
107900105,0,448,-448
107900106,2,1190,-1188
107900107,1193,567,626
107900108,283,125,158
107900109,1233,27,1206
107900110,52,100,-48
107900111,10,964,-954
107900112,115,379,-264
107900113,226,90,136
107900114,156,178,-22
107900115,2,49,-47
107900116,147,205,-58
107900117,343,502,-159
107900118,91,200,-109
107900119,57,240,-183
107900120,42,16,26
107900121,4,288,-284
107900122,6,84,-78
107900123,0,35,-35
107900124,63,31,32
107900125,29,210,-181
107900126,16,63,-47
107900127,483,252,231
107900128,131,117,14
107900129,68,31,37
107900130,90,35,55
107900131,799,344,455
107900132,155,463,-308
107900133,0,87,-87
107900134,37,62,-25
107900135,9,184,-175
107900136,48,54,-6
107900137,132,122,10
107900138,77,50,27
107900139,40,63,-23
107900140,120,70,50
107900141,75,59,16
107900142,75,991,-916
107900143,58,33,25
107900144,2,195,-193
107900145,10,98,-88
107900146,73,124,-51
107900147,34,44,-10
107900148,182,205,-23
107900149,1249,318,931
107900150,75,826,-751
107900151,19,138,-119
107900152,12,223,-211
107900153,130,330,-200
107900154,63,31,32
107900155,71,49,22
107900156,9,339,-330
107900157,67,51,16
107900158,893,35,858
107900159,39,1091,-1052
107900160,101,177,-76
107900161,32,208,-176
107900162,0,138,-138
107900163,276,50,226
107900164,5,49,-44
107900165,33,121,-88
107900166,24,286,-262
107900167,28,49,-21
107900168,26,44,-18
107900169,2,200,-198
107900171,25,1617,-1592
107900172,4,336,-332
107900173,24,193,-169
107900174,131,2,129
107900175,23,23,0
107900176,25,47,-22
107900177,5,194,-189
107900178,22,203,-181
107900179,20,145,-125
107900180,845,528,317
107900181,379,267,112
107900182,23,1354,-1331
107900183,34,323,-289
107900184,92,288,-196
107900185,89,4,85
107900186,27,46,-19
107900187,1,153,-152
107900188,722,157,565
107900189,45,130,-85
107900190,92,89,3
107900191,85,134,-49
107900193,5,45,-40
107900194,270,16,254
107900195,3246,538,2708
107900196,37,109,-72
107900197,1042,446,596
107900199,2,914,-912
107900201,87,103,-16
107900203,58,103,-45
107900204,250,335,-85
107900205,253,474,-221
107900206,964,193,771
107900207,2,678,-676
107900208,10,664,-654
107900209,386,152,234
107900210,101,134,-33
107900213,1204,844,360
107900214,38,150,-112
107900215,162,402,-240
107900216,204,94,110
107900217,44,104,-60
107900218,28,1453,-1425
107900219,33,122,-89
107900220,276,266,10
107900221,220,217,3
107900223,71,611,-540
107900224,151,434,-283
107900225,12,670,-658
107900226,108,146,-38
107900227,130,495,-365
107900228,16,105,-89
107900229,2,322,-320
107900230,22,149,-127
107900231,25,234,-209
107900232,67,174,-107
107900233,9,195,-186
107900234,69,130,-61
107900235,47,114,-67
107900236,125,74,51
107900237,81,566,-485
107900238,20,104,-84
107900239,970,519,451
107900240,31,157,-126
107900241,14,91,-77
107900242,38,317,-279
107900243,11,91,-80
107900244,298,5,293
107900245,634,46,588
107900246,321,19,302
107900248,451,470,-19
107900249,679,63,616
107900250,0,609,-609
107900251,82,1526,-1444
107900252,926,24,902
107900253,165,9,156
107900254,90,376,-286
107900255,353,97,256
107900256,1456,710,746
107900257,194,108,86
107900258,134,166,-32
107900259,105,1686,-1581
107900261,3,450,-447
107900262,49,137,-88
107900264,372,5,367
107900265,120,175,-55
107900267,216,27,189
107900268,12,1,11
107900269,0,2,-2
107900270,0,0,0
107900271,0,15,-15
107900272,69,6,63
107900273,35,114,-79
107900274,53,1,52
107900275,37,0,37
107900276,1,66,-65
107900277,2,214,-212
107900278,327,424,-97
107900279,104,229,-125
107900280,1919,2221,-302
107900281,2172,2468,-296
107900282,48,501,-453
107900283,1308,618,690
107900284,674,745,-71
107900285,124,117,7
107900286,142,106,36
107900287,194,177,17
107900290,0,100,-100
107900291,446,11,435
107900292,123,271,-148
107900293,77,470,-393
107900295,66,55,11
107900297,2,346,-344
107900298,849,895,-46
107900299,3091,2607,484
107900300,57,275,-218
107900301,615,621,-6
107900302,128,63,65
107900303,190,321,-131
107900304,249,588,-339
107900305,357,24,333
107900306,22,16,6
107900307,46,197,-151
107900308,152,137,15
107900309,127,4,123
107900310,604,3,601
107900311,5,259,-254
107900312,83,0,83
107900313,2,162,-160
107900314,3,46,-43
107900315,0,65,-65
107900316,36,5,31
107900317,136,23,113
107900318,21,175,-154
107900319,5,251,-246
107900320,0,172,-172
107900321,141,8,133
107900322,1,122,-121
107900323,9,152,-143
107900324,161,0,161
107900325,98,0,98
107900326,299,314,-15
107900327,4,62,-58
107900328,137,0,137
107900329,199,80,119
107900330,10,516,-506
107900331,217,30,187
107900332,247,24,223
107900333,60,17,43
107900334,22,209,-187
107900335,68,48,20
107900336,37,64,-27
107900337,1222,908,314
107900338,6,180,-174
107900339,4,33,-29
107900340,0,67,-67
107900341,66,0,66
107900342,51,88,-37
107900343,197,1,196
107900344,7,71,-64
107900345,122,25,97
107900346,30,9,21
107900347,30,3,27
107900348,54,0,54
107900349,13,10,3
107900350,38,285,-247
108000001,3206,4047,-841
108000002,2128,3172,-1044
108000003,3813,3397,416
108000004,14475,18100,-3625
108000005,8408,6148,2260
108000006,9548,9662,-114
108000007,5169,4279,890
108000008,5053,7760,-2707
108000009,3548,4731,-1183
108000010,3165,5459,-2294
108000011,12660,12430,230
108000012,20791,18326,2465
108000014,850,672,178
108000015,757,356,401
108000016,273,597,-324
108000017,1054,463,591
108000018,1836,692,1144
108000019,2116,830,1286
108000020,1467,512,955
108000021,423,1895,-1472
108000022,446,1442,-996
108000023,1256,242,1014
108000024,290,594,-304
108000025,310,242,68
108000026,552,495,57
108000027,680,476,204
108000028,501,284,217
108000029,497,600,-103
108000030,706,282,424
108000031,231,667,-436
108000032,1429,773,656
108000033,767,1213,-446
108000034,1694,568,1126
108000035,911,2718,-1807
108000036,329,1151,-822
108000037,1600,459,1141
108000038,2493,545,1948
108000039,696,2336,-1640
108000040,1735,978,757
108000041,753,2767,-2014
108000042,270,292,-22
108000043,222,277,-55
108000044,473,211,262
108000045,314,586,-272
108000046,1443,396,1047
108000047,515,1278,-763
108000048,196,427,-231
108000049,884,256,628
108000050,97,482,-385
108000051,270,118,152
108000052,241,698,-457
108000053,390,191,199
108000054,507,1109,-602
108000055,1151,559,592
108000056,1027,1300,-273
108000057,564,1111,-547
108000058,1971,3746,-1775
108000059,3485,2176,1309
108000060,203,344,-141
108000061,133,349,-216
108000062,777,575,202
108000063,478,645,-167
108000064,189,324,-135
108000065,541,710,-169
108000066,1699,944,755
108000067,1616,577,1039
108000068,665,400,265
108000069,204,1101,-897
108000070,1875,774,1101
108000071,739,1753,-1014
108000072,1760,1305,455
108000073,1616,2334,-718
108000074,664,412,252
108000075,439,1108,-669
108000076,780,547,233
108000077,683,835,-152
108000078,2210,1301,909
108000079,963,2030,-1067
108000080,1029,522,507
108000081,539,1885,-1346
108000082,1100,2164,-1064
108000083,1969,980,989
108000084,417,1368,-951
108000085,788,466,322
108000086,933,861,72
108000087,165,1991,-1826
108000088,170,9,161
108000089,397,384,13
108000090,485,239,246
108000091,359,555,-196
108000092,161,103,58
108000093,192,728,-536
108000094,575,108,467
108000095,125,425,-300
108000096,278,141,137
108000097,133,515,-382
108000098,1595,1432,163
108000099,233,92,141
108000100,51,200,-149
108000101,1328,1287,41
108000102,1604,2935,-1331
108000106,971,1,970
108000107,3,860,-857
108000108,764,57,707
108000109,9,715,-706
108000110,148,292,-144
108000111,174,752,-578
108000112,69,116,-47
108000113,501,323,178
108000115,403,344,59
108000117,773,388,385
108000118,105,242,-137
108000119,717,439,278
108000120,149,708,-559
108000121,226,529,-303
108000122,577,309,268
108000123,839,226,613
108000124,370,601,-231
108000125,468,353,115
108000126,192,480,-288
108000127,493,326,167
108000128,674,594,80
108000129,378,1125,-747
108000130,491,285,206
108000131,842,492,350
108000132,2220,1708,512
108000133,884,556,328
108000134,511,653,-142
108000135,1044,531,513
108000136,539,1007,-468
108000137,419,349,70
108000138,298,549,-251
108000139,515,361,154
108000140,98,36,62
108000141,43,73,-30
108000142,65,102,-37
108000143,31,22,9
108000144,51,19,32
108000145,48,22,26
108000146,73,20,53
108000147,74,53,21
108000148,74,19,55
108000149,25,22,3
108000150,27,6,21
108000151,25,15,10
108000152,109,495,-386
108000153,446,145,301
108000154,43,13,30
108000155,61,24,37
108000156,287,117,170
108000157,176,916,-740
108000158,110,731,-621
108000159,640,237,403
108000160,3648,1248,2400
108000161,3235,2701,534
108000165,7,211,-204
108000172,6,364,-358
108000173,2277,2047,230
108000175,262,116,146
108000178,481,316,165
108000179,194,829,-635
108000181,59,47,12
108000182,98,14,84
108000183,26,19,7
108000184,1063,2213,-1150
108000185,295,535,-240
108000186,214,60,154
108000187,103,663,-560
108000188,641,265,376
108000189,663,1418,-755
108000190,27,156,-129
108000192,207,625,-418
108000193,814,44,770
108000194,36,9,27
108000195,6,1208,-1202
108000196,216,192,24
108000197,128,566,-438
108000198,433,351,82
108000199,0,150,-150
108000200,528,568,-40
108000202,3,198,-195
108000203,121,737,-616
108000204,146,61,85
108000205,301,531,-230
108000339,1567,436,1131
108000364,144,336,-192
108000365,95,334,-239
108000367,193,405,-212
108000368,10,58,-48
108000369,963,225,738
108000371,1,652,-651
108000372,612,5,607
108000373,222,142,80
108000376,77,19,58
108000377,396,375,21
108000378,9879,10786,-907
108000379,37,211,-174
108000381,46,8,38
108000382,70,2,68
108000383,1,59,-58
108900001,116,1101,-985
108900002,161,56,105
108900003,354,839,-485
108900004,237,437,-200
108900005,73,363,-290
108900006,686,149,537
108900007,213,276,-63
108900008,129,200,-71
108900009,78,116,-38
108900010,286,218,68
108900011,504,484,20
108900012,355,450,-95
108900013,156,250,-94
108900014,11,132,-121
108900015,0,36,-36
108900016,3,200,-197
108900017,350,451,-101
108900018,137,529,-392
108900019,67,946,-879
108900020,23,249,-226
108900021,137,312,-175
108900022,115,10,105
108900023,0,58,-58
108900024,54,148,-94
108900025,104,136,-32
108900026,16,96,-80
108900027,0,93,-93
108900028,95,351,-256
108900029,79,253,-174
108900030,1,88,-87
108900031,143,449,-306
108900032,20,263,-243
108900033,1,106,-105
108900034,1,222,-221
108900035,384,1628,-1244
108900036,231,328,-97
108900037,71,349,-278
108900038,3,324,-321
108900039,3,467,-464
108900040,10,150,-140
108900041,6046,3368,2678
108900042,6,367,-361
108900043,50,567,-517
108900044,2,568,-566
108900045,53,624,-571
108900046,63,893,-830
108900047,1,70,-69
108900048,131,988,-857
108900049,4081,1343,2738
108900050,0,218,-218
108900051,0,182,-182
108900052,43,289,-246
108900053,129,197,-68
108900054,119,247,-128
108900055,77,417,-340
108900056,0,150,-150
108900057,1,212,-211
108900058,48,439,-391
108900059,482,40,442
108900060,107,144,-37
108900061,90,45,45
108900062,6,311,-305
108900063,16,351,-335
108900064,215,80,135
108900065,17,264,-247
108900066,348,170,178
108900067,44,200,-156
108900068,0,104,-104
108900069,49,116,-67
108900070,62,145,-83
108900071,82,83,-1
108900072,2386,722,1664
108900073,15,68,-53
108900074,180,436,-256
108900075,54,67,-13
108900076,316,86,230
108900077,130,117,13
108900078,18,170,-152
108900079,976,286,690
108900080,58,896,-838
108900081,52,246,-194
108900082,62,103,-41
108900083,35,283,-248
108900084,462,171,291
108900085,2165,199,1966
108900086,103,293,-190
108900087,139,237,-98
108900088,1153,498,655
108900089,25,121,-96
108900090,42,320,-278
108900091,141,116,25
108900092,480,402,78
108900093,123,98,25
108900094,179,93,86
108900095,39,379,-340
108900096,438,38,400
108900097,287,257,30
108900098,2641,819,1822
108900099,431,342,89
108900100,80,153,-73
108900101,182,132,50
108900102,134,859,-725
108900103,196,150,46
108900104,200,434,-234
108900105,5,1006,-1001
108900106,419,447,-28
108900108,523,73,450
108900109,76,38,38
108900110,252,608,-356
108900111,435,704,-269
108900112,237,29,208
108900113,68,54,14
108900114,2,8,-6
108900115,127,78,49
108900116,85,20,65
108900117,230,18,212
108900118,511,22,489
108900119,238,46,192
108900120,447,155,292
108900121,337,108,229
108900122,144,52,92
108900123,134,130,4
108900124,326,180,146
108900125,371,3,368
108900126,109,38,71
108900127,170,38,132
108900128,120,54,66
108900129,810,139,671
108900130,333,1,332
108900131,467,7,460
108900132,522,106,416
108900133,198,50,148
108900134,372,292,80
108900135,122,13,109
108900136,52,0,52
108900137,186,0,186
108900138,718,69,649
108900139,603,131,472
108900140,265,265,0
108900141,315,20,295
108900142,149,7,142
108900143,48,0,48
108900144,102,0,102
108900145,142,10,132
108900146,110,0,110
108900147,213,0,213
108900148,80,40,40
108900149,479,347,132
108900150,236,11,225
108900151,320,8,312
108900152,131,63,68
108900153,181,384,-203
108900154,4948,622,4326
108900155,213,105,108
108900156,73,5,68
108900157,20,494,-474
108900158,371,60,311
108900159,5,324,-319
108900160,22,270,-248
108900161,20,446,-426
108900162,68,3,65
108900163,4,238,-234
108900164,56,85,-29
108900165,194,112,82
108900167,1991,6165,-4174
108900168,8430,2960,5470
108900169,48,131,-83
108900171,9068,3004,6064
108900172,199,34,165
108900173,260,457,-197
108900174,860,572,288
108900176,157,504,-347
108900177,6338,4935,1403
108900178,4677,3506,1171
108900179,585,1580,-995
108900180,102,281,-179
108900182,29,287,-258
108900183,148,258,-110
108900184,464,309,155
108900185,147,431,-284
108900186,65,448,-383
108900187,353,70,283
108900188,532,79,453
108900189,514,189,325
108900190,64,3278,-3214
108900191,301,63,238
108900192,155,295,-140
108900193,264,93,171
108900194,34,321,-287
108900195,93,349,-256
108900196,31,437,-406
108900198,6,451,-445
108900199,291,409,-118
108900200,580,372,208
108900201,578,1575,-997
108900203,593,62,531
108900204,437,12,425
108900205,189,15,174
108900206,425,44,381
108900207,160,76,84
108900208,12,366,-354
108900209,283,717,-434
108900210,213,229,-16
108900211,151,436,-285
108900212,699,1245,-546
108900215,98,513,-415
108900216,461,158,303
108900217,107,1,106
108900218,190,59,131
108900219,112,8,104
108900220,52,20,32
108900221,43,112,-69
108900222,252,19,233
108900223,5,121,-116
108900224,27,191,-164
108900225,1,163,-162
108900226,191,13,178
108900227,114,277,-163
108900230,290,269,21
108900231,35,246,-211
108900232,0,298,-298
108900233,476,129,347
108900234,323,163,160
108900235,174,744,-570
108900236,60,427,-367
108900237,87,307,-220
108900240,155,145,10
108900241,54,31,23
108900245,9,1660,-1651
108900249,160,28,132
108900250,281,157,124
108900257,254,598,-344
108900258,4,211,-207
108900259,56,72,-16
108900260,9,97,-88
108900261,90,174,-84
108900262,177,131,46
108900263,34,205,-171
108900264,556,311,245
108900265,1018,374,644
108900266,893,561,332
108900267,2,109,-107
108900268,21,5,16
108900269,62,11,51
108900270,60,10,50
108900271,38,22,16
108900272,210,8,202
108900273,1155,708,447
108900274,36,47,-11
109000001,3115,1372,1743
109000002,1828,1284,544
109000003,2531,536,1995
109000004,442,2244,-1802
109000005,2518,699,1819
109000006,633,2161,-1528
109000007,1634,666,968
109000008,527,1940,-1413
109000009,3745,1290,2455
109000010,1352,3894,-2542
109000011,3222,2165,1057
109000012,1827,3597,-1770
109000013,3990,3275,715
109000014,1979,3684,-1705
109000015,3633,7076,-3443
109000016,7030,4384,2646
109000017,2168,1342,826
109000018,959,3489,-2530
109000019,2636,1244,1392
109000020,1000,2055,-1055
109000023,244,42,202
109000024,2,188,-186
109000025,406,456,-50
109000026,755,391,364
109000027,111,298,-187
109000028,156,149,7
109000029,166,237,-71
109000030,100,533,-433
109000031,207,174,33
109000032,101,497,-396
109000033,367,203,164
109000034,45,48,-3
109000035,36,83,-47
109000036,87,427,-340
109000037,276,1323,-1047
109000038,705,498,207
109000039,1005,761,244
109000040,4680,7648,-2968
109000041,3993,1738,2255
109000042,688,1348,-660
109000044,393,93,300
109000045,142,411,-269
109000046,389,99,290
109000047,77,488,-411
109000048,1015,231,784
109000049,348,658,-310
109000050,532,282,250
109000051,391,311,80
109000052,568,1236,-668
109000053,267,67,200
109000054,272,658,-386
109000055,295,367,-72
109000056,366,524,-158
109000057,669,484,185
109000058,1386,369,1017
109000059,1147,1343,-196
109000060,476,253,223
109000061,1123,1111,12
109000062,184,331,-147
109000063,201,191,10
109000064,283,250,33
109000065,155,273,-118
109000066,344,146,198
109000067,87,375,-288
109000068,2231,10,2221
109000069,908,31,877
109000070,5,1108,-1103
109000071,471,91,380
109000072,108,413,-305
109000073,143,92,51
109000074,40,276,-236
109000075,75,406,-331
109000076,98,212,-114
109000077,381,356,25
109000078,58,166,-108
109000079,110,165,-55
109000080,124,98,26
109000081,76,490,-414
109000082,521,214,307
109000083,323,700,-377
109000088,240,599,-359
109000089,233,74,159
109000090,178,491,-313
109000091,377,187,190
109000092,386,515,-129
109000093,213,200,13
109000094,470,1,469
109000095,121,421,-300
109000096,664,258,406
109000097,88,147,-59
109000098,61,130,-69
109000099,944,363,581
109000100,224,514,-290
109000101,1643,834,809
109000102,413,881,-468
109000103,512,687,-175
109000104,1710,774,936
109000105,602,1423,-821
109000106,2102,830,1272
109000107,584,2306,-1722
109000108,1824,699,1125
109000109,490,2208,-1718
109000110,1304,648,656
109000111,1007,2414,-1407
109000112,387,159,228
109000113,273,226,47
109000114,199,342,-143
109000115,1314,55,1259
109000116,6,204,-198
109000117,193,75,118
109000118,13,342,-329
109000119,1445,249,1196
109000120,148,947,-799
109000121,437,45,392
109000122,134,989,-855
109000123,52,64,-12
109000124,628,485,143
109000125,789,434,355
109000126,357,936,-579
109000127,877,260,617
109000128,430,1800,-1370
109000129,2234,935,1299
109000130,694,2331,-1637
109000131,885,596,289
109000132,800,2083,-1283
109000133,347,1088,-741
109000134,853,1732,-879
109000135,1257,1716,-459
109000136,307,397,-90
109000137,259,403,-144
109000138,500,375,125
109000139,496,469,27
109000140,268,414,-146
109000141,494,474,20
109000142,120,570,-450
109000143,98,63,35
109000145,111,184,-73
109000146,27,105,-78
109000148,3968,1748,2220
109000149,21,39,-18
109000150,80,251,-171
109000155,820,644,176
109000156,1206,794,412
109000158,192,334,-142
109000159,177,595,-418
109000160,1051,284,767
109000161,354,1116,-762
109000162,1977,789,1188
109000163,1099,1936,-837
109000164,1206,2819,-1613
109000165,1303,557,746
109000166,716,153,563
109000167,108,700,-592
109000170,56,42,14
109000171,58,20,38
109000172,38,81,-43
109000173,33,88,-55
109000174,83,64,19
109000175,65,113,-48
109000176,258,265,-7
109000177,28,155,-127
109000178,294,108,186
109000179,5863,4977,886
109000180,5724,3867,1857
109000181,24,52,-28
109000182,31,43,-12
109000183,49,33,16
109000184,26,20,6
109000185,43,50,-7
109000188,589,2235,-1646
109000189,2823,1017,1806
109000190,630,494,136
109000191,287,522,-235
109000192,366,219,147
109000193,164,344,-180
109000194,250,108,142
109000195,165,437,-272
109000196,343,130,213
109000197,211,461,-250
109000198,444,74,370
109000199,126,497,-371
109000206,244,40,204
109000207,111,49,62
109000208,131,110,21
109000209,201,100,101
109000210,156,630,-474
109000211,180,236,-56
109000214,351,433,-82
109000215,179,93,86
109000216,223,252,-29
109000217,250,132,118
109000218,353,175,178
109000221,520,1111,-591
109000222,991,243,748
109000223,308,302,6
109000224,53,188,-135
109000225,106,44,62
109000226,52,246,-194
109000227,1025,1258,-233
109000228,1,649,-648
109000231,1,317,-316
109000232,304,343,-39
109000236,388,785,-397
109000241,2090,2222,-132
109000242,2112,1646,466
109000293,22,71,-49
109000361,115,333,-218
109000364,264,563,-299
109000396,7,660,-653
109000397,565,8,557
109000399,118,486,-368
109000400,98,224,-126
109000403,270,792,-522
109000406,343,46,297
109000407,319,252,67
109000408,2,259,-257
109000410,1122,305,817
109000411,77,21,56
109900001,90,1,89
109900002,920,34,886
109900003,283,1,282
109900004,1215,193,1022
109900005,30,17,13
109900006,491,241,250
109900007,804,735,69
109900008,0,33,-33
109900009,167,620,-453
109900010,571,22,549
109900011,98,53,45
109900012,339,308,31
109900013,434,213,221
109900014,401,74,327
109900015,587,210,377
109900016,156,38,118
109900017,225,199,26
109900018,278,101,177
109900019,202,67,135
109900020,40,28,12
109900021,45,7,38
109900022,60,212,-152
109900023,18,2,16
109900024,22,5,17
109900025,17,76,-59
109900026,3,164,-161
109900027,25,13,12
109900028,1810,928,882
109900029,2,394,-392
109900030,64,10,54
109900031,3,217,-214
109900032,9,364,-355
109900033,6,551,-545
109900034,25,1,24
109900035,14,52,-38
109900036,33,75,-42
109900037,31,513,-482
109900038,85,257,-172
109900039,5,0,5
109900040,13,551,-538
109900041,59,460,-401
109900042,27,450,-423
109900044,141,291,-150
109900045,104,50,54
109900046,24,68,-44
109900047,319,390,-71
109900048,5,108,-103
109900049,14,36,-22
109900050,1,200,-199
109900051,1,51,-50
109900052,190,373,-183
109900053,4,426,-422
109900054,639,266,373
109900055,51,385,-334
109900056,32,198,-166
109900057,15,186,-171
109900058,0,107,-107
109900059,633,192,441
109900060,413,138,275
109900061,49,325,-276
109900062,0,200,-200
109900063,4,428,-424
109900064,592,343,249
109900065,95,150,-55
109900066,324,953,-629
109900067,1,315,-314
109900068,75,5,70
109900069,3,64,-61
109900070,78,372,-294
109900071,2,51,-49
109900072,56,199,-143
109900073,396,667,-271
109900074,4,50,-46
109900075,23,38,-15
109900076,22,206,-184
109900077,29,63,-34
109900078,98,258,-160
109900080,130,402,-272
109900081,45,224,-179
109900082,45,438,-393
109900083,26,64,-38
109900084,67,160,-93
109900085,246,910,-664
109900086,172,384,-212
109900087,395,575,-180
109900089,693,206,487
109900090,609,1224,-615
109900091,298,93,205
109900092,785,10,775
109900093,912,173,739
109900094,92,96,-4
109900095,141,268,-127
109900096,55,5,50
109900097,109,5,104
109900098,390,47,343
109900099,126,5,121
109900100,50,1,49
109900101,403,21,382
109900102,401,26,375
109900103,40,46,-6
109900104,549,818,-269
109900105,560,25,535
109900106,366,52,314
109900107,515,89,426
109900108,115,353,-238
109900109,45,145,-100
109900110,100,476,-376
109900111,400,1042,-642
109900112,458,776,-318
109900113,758,556,202
109900114,1354,810,544
109900115,207,99,108
109900117,1107,163,944
109900118,296,541,-245
109900119,708,340,368
109900120,93,25,68
109900121,537,419,118
109900122,476,6,470
109900123,19,184,-165
109900124,38,528,-490
109900125,0,185,-185
109900126,233,142,91
109900128,299,57,242
109900130,8679,2455,6224
109900131,43,181,-138
109900132,36,149,-113
109900133,82,299,-217
109900134,65,91,-26
109900135,323,63,260
109900136,58,152,-94
109900137,125,355,-230
109900138,341,389,-48
109900140,176,213,-37
109900141,491,328,163
109900142,1405,381,1024
109900145,13,556,-543
109900146,578,49,529
109900148,65,116,-51
109900149,59,86,-27
109900150,5,103,-98
109900151,8,72,-64
109900152,0,30,-30
109900153,0,55,-55
109900154,60,2,58
109900155,66,12,54
109900157,68,232,-164
109900158,54,175,-121
109900159,177,47,130
109900160,190,58,132
109900161,183,76,107
109900162,177,118,59
109900163,831,383,448
109900164,52,228,-176
109900165,335,6,329
109900166,2,188,-186
109900167,167,621,-454
109900168,170,735,-565
109900169,250,194,56
109900170,260,756,-496
109900171,237,109,128
109900172,198,282,-84
109900173,3478,2480,998
109900174,72,113,-41
109900175,100,72,28
109900176,104,176,-72
109900177,26,232,-206
109900178,0,127,-127
109900179,41,14,27
109900180,6,10,-4
110000001,1033,625,408
110000002,557,731,-174
110000003,951,771,180
110000004,551,720,-169
110000005,497,2037,-1540
110000006,368,333,35
110000007,114,123,-9
110000008,29,71,-42
110000009,80,24,56
110000010,28,70,-42
110000011,31,102,-71
110000012,580,430,150
110000013,44,472,-428
110000014,677,395,282
110000015,299,595,-296
110000016,258,1556,-1298
110000017,2639,253,2386
110000018,2992,492,2500
110000019,11,88,-77
110000020,405,212,193
110000021,584,475,109
110000022,1026,259,767
110000023,5,104,-99
110000024,759,318,441
110000025,320,4,316
110000026,3,329,-326
110000027,1213,499,714
110000028,870,805,65
110000029,554,851,-297
110000030,282,427,-145
110000031,275,556,-281
110000032,746,468,278
110000033,350,95,255
110000034,653,856,-203
110000035,1120,654,466
110000036,942,804,138
110000037,259,529,-270
110000038,250,847,-597
110000039,710,3011,-2301
110000040,428,405,23
110000041,263,1356,-1093
110000042,95,308,-213
110000043,769,226,543
110000044,178,216,-38
110000045,1073,104,969
110000046,18,18,0
110000047,98,23,75
110000048,13,21,-8
110000049,46,5,41
110000050,5,91,-86
110000051,28,8,20
110000052,14,40,-26
110000053,396,17,379
110000054,189,277,-88
110000055,652,60,592
110000056,234,52,182
110000057,385,682,-297
110000058,1166,583,583
110000059,1053,551,502
110000060,729,1229,-500
110000061,1069,854,215
110000062,781,891,-110
110000063,41,129,-88
110000064,78,91,-13
110000065,118,96,22
110000066,85,33,52
110000067,109,221,-112
110000068,310,252,58
110000069,261,100,161
110000071,172,145,27
110000073,16,23,-7
110000075,9,99,-90
110000076,378,452,-74
110000077,465,1314,-849
110000078,35,68,-33
110000080,268,784,-516
110000081,33,276,-243
110000082,20,448,-428
110000083,243,654,-411
110000084,1115,956,159
110000085,2343,1699,644
110000086,1709,2361,-652
110000087,5,88,-83
110000088,69,233,-164
110000089,318,134,184
110000090,214,339,-125
110000091,1431,354,1077
110000092,45,89,-44
110000093,63,10,53
110000094,536,270,266
110000095,202,650,-448
110000096,2535,2119,416
110000097,1062,1459,-397
110000098,1957,615,1342
110000099,926,1979,-1053
110000100,934,527,407
110000101,35,472,-437
110000102,61,26,35
110000104,405,131,274
110000105,77,277,-200
110000106,644,359,285
110000107,354,482,-128
110000108,138,81,57
110000109,365,342,23
110000110,3498,5552,-2054
110000111,7697,3018,4679
110000112,1510,1327,183
110000113,491,2183,-1692
110000114,112,545,-433
110000115,335,340,-5
110000116,33,58,-25
110000117,192,407,-215
110000118,376,191,185
110000119,185,375,-190
110000120,369,211,158
110000121,58,369,-311
110000122,444,685,-241
110000123,543,780,-237
110000124,2,1035,-1033
110000125,1047,13,1034
110000126,343,55,288
110000127,1167,56,1111
110000128,49,1591,-1542
110000129,3,507,-504
110000130,257,201,56
110000131,113,341,-228
110000132,1,675,-674
110000133,31,580,-549
110000134,36,434,-398
110000135,166,52,114
110000136,96,366,-270
110000137,530,748,-218
110000138,822,686,136
110000139,807,1337,-530
110000140,953,639,314
110000143,631,495,136
110000144,6491,1896,4595
110000145,2079,1082,997
110000146,2241,976,1265
110000147,422,704,-282
110000148,533,362,171
110000151,1117,1176,-59
110000152,1123,429,694
110000153,79,54,25
110000154,73,28,45
110000155,2556,4766,-2210
110000156,1119,2685,-1566
110000157,1981,2110,-129
110000160,395,281,114
110000161,175,326,-151
110000166,672,142,530
110000167,1007,574,433
110000168,1087,509,578
110000169,874,357,517
110000170,122,94,28
110000171,612,119,493
110000172,159,873,-714
110000173,1108,1416,-308
110000174,194,1197,-1003
110000175,669,87,582
110000176,103,360,-257
110000177,145,963,-818
110000178,494,1378,-884
110000179,1338,396,942
110000180,178,304,-126
110000181,353,455,-102
110000182,371,164,207
110000183,10496,6835,3661
110000184,502,2453,-1951
110000185,1221,675,546
110000186,934,884,50
110000191,853,363,490
110000192,517,13,504
110000193,951,12,939
110000194,14,1413,-1399
110000195,443,372,71
110000196,398,385,13
110000197,128,191,-63
110000198,138,100,38
110000199,101,157,-56
110000200,1294,541,753
110000201,1032,1053,-21
110000202,1393,600,793
110000203,806,854,-48
110000204,6,276,-270
110000205,117,74,43
110000206,726,1516,-790
110000207,935,404,531
110000208,244,183,61
110000209,163,946,-783
110000210,937,587,350
110000211,716,690,26
110000212,385,1176,-791
110000213,199,101,98
110000214,277,122,155
110000215,202,452,-250
110000216,128,458,-330
110000217,330,234,96
110000218,154,412,-258
110000219,345,77,268
110000220,114,355,-241
110000221,308,94,214
110000222,61,236,-175
110000223,5,153,-148
110000224,67,12,55
110000225,312,743,-431
110000226,251,54,197
110000227,696,671,25
110000228,295,301,-6
110000229,0,297,-297
110000230,603,568,35
110000231,135,219,-84
110000232,229,219,10
110000233,213,280,-67
110000234,761,590,171
110000235,841,1140,-299
110000236,576,820,-244
110000237,1930,1108,822
110000238,1216,1364,-148
110000239,1942,1300,642
110000240,0,90,-90
110000242,0,17,-17
110000243,133,186,-53
110000244,153,372,-219
110000245,43,413,-370
110000246,862,583,279
110000247,1474,4831,-3357
110000248,2823,1705,1118
110000249,100,9,91
110000250,56,205,-149
110000251,335,584,-249
110000252,414,238,176
110000253,1471,631,840
110000254,708,1539,-831
110000255,259,1145,-886
110000256,538,373,165
110000257,874,434,440
110000258,15,486,-471
110000259,145,22,123
110000260,29,311,-282
110000263,713,138,575
110000264,326,606,-280
110000265,1070,2164,-1094
110000266,2809,3298,-489
110000267,18,307,-289
110000268,393,605,-212
110000269,7,114,-107
110000270,87,3,84
110000271,1620,332,1288
110000272,1108,1075,33
110000273,5197,1859,3338
110000274,244,1575,-1331
110000275,2082,571,1511
110000276,235,390,-155
110000277,292,358,-66
110000278,302,808,-506
110000279,802,819,-17
110000280,558,452,106
110000281,30,286,-256
110000282,374,36,338
110000283,68,172,-104
110000284,61,65,-4
110000285,2,675,-673
110000286,30,1,29
110000287,84,4,80
110000288,3,111,-108
110000289,423,1732,-1309
110000290,962,669,293
110000291,4924,1415,3509
110000292,1542,4782,-3240
110000293,629,769,-140
110000294,888,1230,-342
110000295,192,928,-736
110000296,604,426,178
110000297,3012,403,2609
110000298,207,537,-330
110000299,504,114,390
110000301,397,37,360
110000302,238,982,-744
110000303,464,9,455
110000304,85,270,-185
110000305,1378,22,1356
110000306,161,1375,-1214
110000307,1687,5,1682
110000308,655,13,642
110000309,13,896,-883
110000310,720,73,647
110000311,15,658,-643
110000312,456,115,341
110000313,3647,3206,441
110000314,2,266,-264
110000315,3924,2820,1104
110000316,548,1329,-781
110000317,508,353,155
110000318,8,75,-67
110000319,12,23,-11
110000320,61,47,14
110000321,25,51,-26
110000322,313,417,-104
110000323,400,206,194
110000324,3567,1519,2048
110000325,3273,3186,87
110000327,637,364,273
110000328,240,426,-186
110000333,847,651,196
110000334,957,1460,-503
110000335,1081,652,429
110000336,822,1150,-328
110000337,1287,651,636
110000338,490,252,238
110000339,430,301,129
110000340,64,260,-196
110000341,510,551,-41
110000342,739,4,735
110000343,0,15,-15
110000344,93,181,-88
110000345,240,139,101
110000346,2877,1872,1005
110000347,1052,942,110
110000348,27,18,9
110000349,29,39,-10
110000350,37,4,33
110000351,980,829,151
110000352,663,1565,-902
110000353,2285,693,1592
110000354,1185,2667,-1482
110000355,136,93,43
110000356,591,5,586
110000357,469,24,445
110000361,30,63,-33
110000362,49,111,-62
110000363,384,141,243
110000364,249,333,-84
110000365,150,2,148
110000366,3,109,-106
110000367,407,259,148
110000368,9,73,-64
110000369,87,4,83
110000373,8,313,-305
110000374,322,13,309
110000375,117,909,-792
110000376,52,96,-44
110000377,70,503,-433
110000378,26,398,-372
110000379,2971,1633,1338
110000380,90,9,81
110000383,2,975,-973
110000384,2122,669,1453
110000385,4,306,-302
110000387,82,9,73
110000388,39,241,-202
110000389,774,5,769
110000391,577,395,182
110000396,145,146,-1
110000397,142,187,-45
110000398,6,51,-45
110000399,147,1,146
110000587,131,50,81
110000589,189,163,26
110000640,256,76,180
110000652,57,207,-150
110000653,232,428,-196
110000654,50,81,-31
110000656,3,708,-705
110000674,47,24,23
110000675,36,16,20
110000676,6,45,-39
110000679,393,1305,-912
110000682,156,166,-10
110000683,340,572,-232
110000684,7,64,-57
110000685,8,18,-10
110000686,4,42,-38
110000687,54,8,46
110000688,87,828,-741
110000689,40,54,-14
110000692,123,207,-84
110000693,116,256,-140
110000694,0,186,-186
110000695,237,599,-362
110000696,77,125,-48
110900001,280,21,259
110900002,476,247,229
110900003,749,777,-28
110900004,481,269,212
110900005,3098,1979,1119
110900006,17,5,12
110900007,136,39,97
110900008,9,32,-23
110900009,455,122,333
110900010,12,77,-65
110900011,15,109,-94
110900012,16,82,-66
110900013,1149,134,1015
110900014,191,10,181
110900015,580,492,88
110900016,41,114,-73
110900017,419,43,376
110900018,528,56,472
110900019,132,21,111
110900020,109,289,-180
110900021,99,618,-519
110900022,162,381,-219
110900023,114,534,-420
110900024,24,431,-407
110900025,10,69,-59
110900027,30,292,-262
110900028,51,183,-132
110900029,33,409,-376
110900030,41,320,-279
110900031,1,181,-180
110900032,0,110,-110
110900033,59,265,-206
110900035,30,525,-495
110900036,125,24,101
110900037,97,27,70
110900038,1194,238,956
110900039,6,283,-277
110900040,231,31,200
110900041,6,124,-118
110900042,155,48,107
110900043,5,135,-130
110900044,251,18,233
110900045,34,555,-521
110900046,41,282,-241
110900047,632,270,362
110900049,127,74,53
110900050,28,11,17
110900051,53,223,-170
110900052,3,177,-174
110900053,81,49,32
110900054,23,265,-242
110900055,30,6,24
110900056,52,138,-86
110900057,5,140,-135
110900058,260,220,40
110900059,675,661,14
110900060,463,168,295
110900061,24,54,-30
110900062,167,266,-99
110900063,42,111,-69
110900064,4,0,4
110900065,330,112,218
110900066,13,71,-58
110900067,394,608,-214
110900068,232,303,-71
110900069,14,26,-12
110900070,144,42,102
110900071,294,616,-322
110900073,0,37,-37
110900074,415,161,254
110900075,437,128,309
110900077,760,594,166
110900078,40,68,-28
110900079,2426,1428,998
110900080,106,65,41
110900081,4,51,-47
110900082,152,138,14
110900083,157,47,110
110900084,62,102,-40
110900085,53,365,-312
110900086,64,285,-221
110900087,358,78,280
110900088,31,2,29
110900090,40,39,1
110900091,0,63,-63
110900093,258,117,141
110900095,49,57,-8
110900097,18,23,-5
110900098,30,100,-70
110900099,55,489,-434
110900100,0,29,-29
110900102,60,28,32
110900105,736,321,415
110900108,17,112,-95
110900111,395,141,254
110900112,754,11,743
110900113,488,47,441
110900115,9,71,-62
110900116,764,2090,-1326
110900118,120,2664,-2544
110900119,4518,442,4076
110900120,17,68,-51
110900121,135,0,135
110900122,423,155,268
110900125,335,390,-55
110900127,772,1346,-574
110900128,250,303,-53
110900129,499,852,-353
110900130,1189,460,729
110900131,241,66,175
110900132,338,78,260
110900133,116,256,-140
110900135,148,428,-280
110900136,282,30,252
110900137,46,1,45
110900138,792,261,531
110900139,20,58,-38
110900140,79,4,75
110900141,12,95,-83
110900142,49,181,-132
110900143,149,59,90
110900144,4,791,-787
110900145,147,31,116
110900146,342,145,197
110900147,156,367,-211
110900148,4,397,-393
110900149,3,72,-69
110900150,60,25,35
110900151,6,98,-92
110900152,36,245,-209
110900153,144,33,111
111000001,391,211,180
111000002,377,573,-196
111000003,979,707,272
111000004,495,1024,-529
111000005,1770,1345,425
111000006,1047,1887,-840
111000007,4842,3622,1220
111000008,2604,3944,-1340
111000009,356,941,-585
111000010,954,329,625
111000011,278,915,-637
111000012,562,448,114
111000013,375,781,-406
111000014,952,549,403
111000017,125,937,-812
111000018,273,411,-138
111000020,1110,2849,-1739
111000021,85,125,-40
111000023,83,82,1
111000025,5340,4031,1309
111000029,67,114,-47
111000030,29,133,-104
111000031,2228,1400,828
111000032,539,312,227
111000033,355,312,43
111000034,332,222,110
111000037,2116,1231,885
111000038,4766,2932,1834
111000039,1999,2496,-497
111000040,2158,2784,-626
111000041,2190,2079,111
111000042,4135,3085,1050
111000043,1998,3215,-1217
111000044,1767,1221,546
111000045,2257,2215,42
111000046,1588,1510,78
111000047,2349,3672,-1323
111000049,541,712,-171
111000050,1694,1517,177
111000051,481,1230,-749
111000052,608,1989,-1381
111000053,423,1100,-677
111000054,337,1002,-665
111000055,1209,2219,-1010
111000056,122,640,-518
111000057,73,633,-560
111000058,318,74,244
111000059,409,292,117
111000060,3805,754,3051
111000061,539,371,168
111000062,838,357,481
111000063,1876,979,897
111000064,647,618,29
111000065,1093,960,133
111000066,473,417,56
111000067,553,844,-291
111000068,646,1190,-544
111000069,1896,2312,-416
111000070,1046,1103,-57
111000071,214,722,-508
111000072,838,373,465
111000073,297,637,-340
111000074,1588,1774,-186
111000075,1117,774,343
111000076,543,682,-139
111000077,1848,1871,-23
111000078,2931,1962,969
111000079,1510,867,643
111000080,661,745,-84
111000081,1829,4001,-2172
111000082,665,716,-51
111000084,797,545,252
111000085,976,1569,-593
111000086,2595,1202,1393
111000087,679,756,-77
111000088,5321,2350,2971
111000089,790,885,-95
111000090,1078,1623,-545
111000091,856,670,186
111000092,1330,987,343
111000093,764,1031,-267
111000094,1995,1141,854
111000095,756,2425,-1669
111000096,2214,8006,-5792
111000097,5108,1549,3559
111000098,862,1348,-486
111000099,712,2108,-1396
111000100,433,1783,-1350
111000101,418,819,-401
111000102,231,686,-455
111000104,825,193,632
111000107,128,791,-663
111000109,691,240,451
111000110,1413,746,667
111000111,2031,551,1480
111000112,1744,580,1164
111000113,808,1419,-611
111000114,1717,3090,-1373
111000115,6941,1293,5648
111000116,929,1032,-103
111000117,388,1003,-615
111000118,1668,1088,580
111000119,1059,1316,-257
111000120,416,656,-240
111000121,218,663,-445
111000122,627,1386,-759
111000123,1139,3190,-2051
111000124,521,3055,-2534
111000125,197,1717,-1520
111000126,82,899,-817
111000127,918,167,751
111000128,1605,355,1250
111000129,2714,516,2198
111000130,2102,822,1280
111000131,1778,639,1139
111000132,1492,797,695
111000133,159,223,-64
111000134,118,173,-55
111000135,89,144,-55
111000136,338,309,29
111000138,14,8,6
111000140,3,8,-5
111000141,253,397,-144
111000142,10,113,-103
111000143,4,103,-99
111000144,38,172,-134
111000145,1794,20,1774
111000146,158,16,142
111000147,282,24,258
111000148,196,80,116
111000149,15,42,-27
111000150,37,7,30
111000151,4,25,-21
111000153,693,905,-212
111000154,879,190,689
111000155,109,166,-57
111000156,392,613,-221
111000157,281,1118,-837
111000158,902,695,207
111000159,2617,672,1945
111000160,390,304,86
111000161,15,331,-316
111000162,59,214,-155
111000163,718,1069,-351
111000164,772,3939,-3167
111000165,1227,522,705
111000166,2666,505,2161
111000167,138,512,-374
111000168,249,550,-301
111000169,356,705,-349
111000170,656,473,183
111000171,449,823,-374
111000172,130,391,-261
111000173,322,695,-373
111000174,164,382,-218
111000175,50,322,-272
111000176,316,128,188
111000177,305,173,132
111000178,1015,255,760
111000179,204,156,48
111000180,244,441,-197
111000181,1099,282,817
111000182,165,212,-47
111000183,369,386,-17
111000184,358,280,78
111000185,413,620,-207
111000186,355,304,51
111000187,140,281,-141
111000188,223,447,-224
111000189,1160,648,512
111000190,211,376,-165
111000191,206,377,-171
111000192,293,578,-285
111000193,229,320,-91
111000194,45,337,-292
111000195,119,347,-228
111000196,58,207,-149
111000197,381,134,247
111000198,420,85,335
111000199,163,163,0
111000200,310,322,-12
111000201,584,257,327
111000202,220,181,39
111000203,268,247,21
111000204,403,723,-320
111000213,188,432,-244
111000214,1796,1575,221
111000215,1054,1368,-314
111000217,1363,1134,229
111000218,1434,1301,133
111000219,447,185,262
111000220,2378,772,1606
111000221,917,135,782
111000224,0,178,-178
111000225,191,48,143
111000226,180,3,177
111000227,41,9,32
111000228,29,368,-339
111000229,44,792,-748
111000230,475,560,-85
111000231,934,990,-56
111000232,686,1027,-341
111000233,809,804,5
111000234,175,463,-288
111000239,122,223,-101
111000240,55,218,-163
111000241,55,384,-329
111000242,175,81,94
111000243,126,664,-538
111000244,482,127,355
111000245,1104,536,568
111000246,525,533,-8
111000247,335,940,-605
111000248,605,553,52
111000249,498,777,-279
111000250,39,131,-92
111000251,97,126,-29
111000253,7,17,-10
111000255,32,19,13
111000257,21,36,-15
111000260,69,1086,-1017
111000261,1263,99,1164
111000271,66,268,-202
111000273,4586,1666,2920
111000274,1298,2072,-774
111000275,109,72,37
111000276,259,2248,-1989
111000277,193,445,-252
111000278,651,309,342
111000291,799,5403,-4604
111000298,532,271,261
111000299,638,159,479
111000300,146,611,-465
111000302,310,87,223
111000303,72,228,-156
111000312,38,81,-43
111000315,0,18,-18
111000320,439,898,-459
111000321,410,125,285
111000322,401,588,-187
111000323,232,31,201
111000324,305,318,-13
111000325,42,94,-52
111000326,164,338,-174
111000327,358,452,-94
111000328,219,619,-400
111000329,1,16,-15
111000330,44,9,35
111000331,8,7,1
111000332,531,1507,-976
111000334,439,1393,-954
111000335,764,282,482
111000337,1201,586,615
111000338,92,145,-53
111000339,581,465,116
111000340,118,658,-540
111000341,1145,702,443
111000342,201,311,-110
111000344,997,797,200
111000345,281,61,220
111000346,13,117,-104
111000347,167,13,154
111000350,113,112,1
111000351,119,244,-125
111000352,163,90,73
111000353,145,258,-113
111000354,557,105,452
111000355,318,626,-308
111000358,187,1351,-1164
111000360,215,805,-590
111000361,136,308,-172
111000546,718,770,-52
111000547,424,589,-165
111000548,124,317,-193
111000549,379,433,-54
111000550,84,791,-707
111000551,681,169,512
111000552,1827,99,1728
111000907,553,35,518
111000908,9,1,8
111000916,1665,406,1259
111000917,24,466,-442
111000918,189,962,-773
111000920,411,11,400
111000921,6,243,-237
111000922,466,432,34
111000924,60,950,-890
111000925,1995,2060,-65
111000926,1010,1600,-590
111000927,3224,4927,-1703
111000928,4908,3976,932
111000929,1193,1315,-122
111000930,754,2574,-1820
111000931,2413,2703,-290
111000932,4824,2804,2020
111000933,3704,2305,1399
111000934,2156,3871,-1715
111000935,1374,1020,354
111000936,1051,2180,-1129
111000937,816,1505,-689
111000938,1569,1733,-164
111000939,518,40,478
111000940,449,164,285
111000941,372,511,-139
111000943,314,276,38
111000944,167,392,-225
111000945,87,1722,-1635
111001109,439,310,129
111001110,193,627,-434
111001111,69,4,65
111001112,133,0,133
111001113,0,158,-158
111001114,1200,89,1111
111001115,8,373,-365
111001116,5885,3808,2077
111001117,637,2764,-2127
111001120,91,316,-225
111001121,155,247,-92
111001122,18,328,-310
111900001,13,135,-122
111900002,18,698,-680
111900003,4,372,-368
111900004,54,149,-95
111900006,12,28,-16
111900007,86,11,75
111900008,191,3,188
111900009,192,255,-63
111900010,465,614,-149
111900012,75,158,-83
111900013,4,175,-171
111900014,6573,3843,2730
111900015,0,99,-99
111900016,0,130,-130
111900017,0,192,-192
111900018,234,8,226
111900019,6,148,-142
111900020,5,69,-64
111900021,40,111,-71
111900022,31,97,-66
111900023,119,95,24
111900024,0,79,-79
111900025,0,40,-40
111900026,1,127,-126
111900027,4,176,-172
111900028,1,443,-442
111900029,1,127,-126
111900030,48,367,-319
111900031,5,41,-36
111900032,0,331,-331
111900033,10,113,-103
111900034,295,356,-61
111900035,37,220,-183
111900036,1,298,-297
111900038,362,594,-232
111900039,78,434,-356
111900040,7,598,-591
111900042,44,123,-79
111900043,1,422,-421
111900044,331,220,111
111900046,62,229,-167
111900048,229,792,-563
111900049,33,243,-210
111900050,157,40,117
111900051,1,194,-193
111900052,436,530,-94
111900053,1573,1465,108
111900054,195,3,192
111900055,21,527,-506
111900056,191,298,-107
111900057,132,30,102
111900058,436,741,-305
111900059,1642,519,1123
111900060,397,3,394
111900061,8,283,-275
111900062,14,79,-65
111900063,371,270,101
111900064,124,264,-140
111900065,84,40,44
111900066,129,169,-40
111900067,1,335,-334
111900068,73,57,16
111900069,60,32,28
111900070,159,183,-24
111900071,3,275,-272
111900072,50,28,22
111900073,769,145,624
111900074,14,171,-157
111900075,149,10,139
111900076,149,61,88
111900077,36,5,31
111900078,317,23,294
111900079,55,49,6
111900080,226,261,-35
111900081,663,164,499
111900082,118,31,87
111900083,119,19,100
111900084,116,10,106
111900085,29,132,-103
111900086,29,7,22
111900087,66,0,66
111900088,449,8,441
111900089,114,4,110
111900090,73,36,37
111900091,266,3,263
111900092,104,0,104
111900093,399,9,390
111900094,85,0,85
111900095,200,22,178
111900096,142,5,137
111900097,54,0,54
111900098,214,9,205
111900099,76,0,76
111900100,126,10,116
111900101,97,30,67
111900102,422,562,-140
111900103,96,83,13
111900104,185,92,93
111900105,434,390,44
111900106,1531,71,1460
111900107,117,119,-2
111900108,154,181,-27
111900109,598,471,127
111900110,1955,413,1542
111900111,243,150,93
111900112,734,2264,-1530
111900113,302,74,228
111900114,188,155,33
111900115,24,48,-24
111900118,202,142,60
111900119,323,195,128
111900122,127,80,47
111900123,21,38,-17
111900124,39,112,-73
111900125,623,30,593
111900126,342,3,339
111900127,2,754,-752
111900128,3,472,-469
111900129,313,4,309
111900130,269,70,199
111900131,458,1,457
111900132,27,946,-919
111900133,14,387,-373
111900134,11,252,-241
111900135,15,29,-14
111900136,99,148,-49
111900137,59,72,-13
111900138,30,83,-53
111900139,23,117,-94
111900140,74,22,52
111900141,57,8,49
111900142,99,25,74
111900143,14,176,-162
111900144,0,103,-103
111900145,3,511,-508
111900146,1,295,-294
111900147,204,531,-327
111900148,27,727,-700
111900149,15,336,-321
111900150,11,182,-171
111900151,3,27,-24
111900152,121,64,57
111900153,1905,519,1386
111900154,13,249,-236
111900155,59,103,-44
111900156,35,82,-47
111900157,93,22,71
111900158,509,59,450
111900159,258,20,238
111900160,302,0,302
111900161,174,0,174
111900162,62,164,-102
111900163,40,247,-207
111900164,142,85,57
111901113,455,309,146
111901114,229,354,-125
111901115,52,1,51
111901116,38,3,35
111901117,22,32,-10
111901118,79,209,-130
111901119,904,98,806
111901120,110,211,-101
111901121,193,241,-48
111901122,8,484,-476
111901123,213,409,-196
111901124,162,2,160
111901125,299,106,193
111901126,141,70,71
111901127,675,553,122
111901128,12,112,-100
111901129,15,145,-130
111901130,15,200,-185
111901131,5,298,-293
111901132,114,12,102
111901133,46,2,44
111901134,72,6,66
111901135,16,11,5
111901136,26,61,-35
111901137,0,29,-29
111901138,209,39,170
111901139,25,39,-14
111901140,13,101,-88
111901141,2,156,-154
111901142,3,95,-92
111901143,8,88,-80
111901144,23,39,-16
112000001,1876,792,1084
112000002,752,2912,-2160
112000003,1306,1024,282
112000004,784,1292,-508
112000005,3194,3473,-279
112000006,2693,2333,360
112000007,2700,2037,663
112000008,2291,3619,-1328
112000009,3500,3612,-112
112000010,2621,3197,-576
112000011,1843,1989,-146
112000012,5068,3881,1187
112000013,6567,3379,3188
112000014,4372,1540,2832
112000015,5964,3511,2453
112000016,6214,1216,4998
112000017,3000,2503,497
112000024,3019,1408,1611
112000026,4423,5637,-1214
112000027,895,595,300
112000028,1624,1902,-278
112000029,559,809,-250
112000030,187,107,80
112000031,1669,4614,-2945
112000032,530,76,454
112000033,2557,1453,1104
112000034,382,89,293
112000035,205,377,-172
112000036,1195,936,259
112000037,1226,696,530
112000038,1368,1013,355
112000039,62,75,-13
112000040,134,251,-117
112000041,540,516,24
112000042,1418,429,989
112000050,1157,1733,-576
112000051,971,1158,-187
112000054,1762,2047,-285
112000057,537,448,89
112000058,557,779,-222
112000059,631,956,-325
112000061,3756,2155,1601
112000062,1762,797,965
112000063,1350,1656,-306
112000064,4221,5505,-1284
112000065,2178,2689,-511
112000066,3962,1607,2355
112000067,860,762,98
112000068,3352,2243,1109
112000069,1195,2106,-911
112000070,3187,876,2311
112000071,1342,3042,-1700
112000072,3101,1047,2054
112000073,2024,2676,-652
112000074,1869,1161,708
112000075,1485,1241,244
112000076,3483,2907,576
112000077,528,720,-192
112000078,1874,665,1209
112000079,1623,1455,168
112000080,747,837,-90
112000081,1614,2663,-1049
112000082,1512,801,711
112000083,634,1345,-711
112000084,1335,794,541
112000085,1343,1338,5
112000086,2015,1521,494
112000087,393,400,-7
112000088,740,647,93
112000089,299,368,-69
112000090,241,285,-44
112000091,620,1379,-759
112000092,2047,1240,807
112000093,1781,1282,499
112000094,680,1096,-416
112000095,735,1170,-435
112000096,535,787,-252
112000097,1227,682,545
112000098,1378,1421,-43
112000099,834,1629,-795
112000100,1835,1043,792
112000101,602,1232,-630
112000102,1293,559,734
112000103,443,1510,-1067
112000105,638,1955,-1317
112000106,2426,465,1961
112000107,32,264,-232
112000108,363,1641,-1278
112000109,133,97,36
112000110,1564,536,1028
112000111,1266,3893,-2627
112000112,4389,669,3720
112000113,1036,2002,-966
112000114,2715,1099,1616
112000115,331,518,-187
112000116,923,1216,-293
112000117,1204,889,315
112000118,1038,921,117
112000119,425,770,-345
112000120,89,342,-253
112000121,126,531,-405
112000122,236,185,51
112000123,606,184,422
112000124,300,94,206
112000125,172,247,-75
112000126,241,571,-330
112000127,2624,2156,468
112000128,1201,700,501
112000129,113,125,-12
112000130,172,86,86
112000131,44,346,-302
112000132,107,276,-169
112000133,387,246,141
112000134,411,410,1
112000135,1329,724,605
112000136,1148,1325,-177
112000137,1868,1459,409
112000138,2012,1333,679
112000139,997,537,460
112000140,1066,1158,-92
112000141,896,316,580
112000142,175,775,-600
112000143,1116,249,867
112000144,323,1233,-910
112000145,2513,649,1864
112000146,667,2061,-1394
112000147,2556,2018,538
112000148,1743,2210,-467
112000149,464,651,-187
112000150,272,705,-433
112000151,288,502,-214
112000152,309,494,-185
112000153,152,309,-157
112000154,126,213,-87
112000155,157,92,65
112000157,727,568,159
112000158,351,645,-294
112000159,571,471,100
112000167,510,59,451
112000169,350,423,-73
112000173,886,323,563
112000175,523,390,133
112000176,3960,2378,1582
112000177,786,213,573
112000178,150,454,-304
112000179,284,146,138
112000180,319,411,-92
112000181,1574,2320,-746
112000182,1207,2237,-1030
112000183,35,74,-39
112000184,364,464,-100
112000185,499,641,-142
112000187,6023,3482,2541
112000195,204,38,166
112000196,333,8,325
112000197,275,200,75
112000198,35,268,-233
112000199,194,1111,-917
112000202,429,0,429
112000216,68,262,-194
112000230,100,11,89
112000231,4,246,-242
112000256,65,205,-140
112000313,73,196,-123
112000314,72,29,43
112000337,395,628,-233
112000352,501,402,99
112000392,1489,1507,-18
112000398,1193,988,205
112000399,2028,2424,-396
112000400,1799,3383,-1584
112000401,3176,2701,475
112000402,3178,3188,-10
112000403,2125,2653,-528
112000404,737,872,-135
112000405,1881,3096,-1215
112000406,3612,2645,967
112000407,6730,8789,-2059
112000408,8865,7416,1449
112000409,1831,5190,-3359
112000410,468,241,227
112000411,4638,1646,2992
112000412,1895,728,1167
112000413,9688,5315,4373
112000414,86,86,0
112000415,102,50,52
112000416,2500,1479,1021
112000417,239,93,146
112000421,33,131,-98
112000422,347,504,-157
112000424,2347,2695,-348
112000425,516,917,-401
112000426,108,368,-260
112000427,2,14,-12
112000428,189,348,-159
112000429,2250,2759,-509
112000430,2285,2780,-495
112000431,77,124,-47
112000432,720,1382,-662
112000433,599,1035,-436
112000437,57,197,-140
112900001,33,0,33
112900002,414,1156,-742
112900003,63,415,-352
112900004,76,350,-274
112900005,234,215,19
112900006,7,475,-468
112900007,52,214,-162
112900008,1,22,-21
112900009,486,146,340
112900010,418,882,-464
112900011,195,284,-89
112900012,1,62,-61
112900013,8,200,-192
112900014,1,344,-343
112900015,427,857,-430
112900016,4,351,-347
112900017,40,250,-210
112900018,0,307,-307
112900019,72,201,-129
112900020,457,1319,-862
112900021,2,232,-230
112900022,9,83,-74
112900023,4,233,-229
112900024,33,224,-191
112900025,102,272,-170
112900026,8,227,-219
112900027,16,1152,-1136
112900028,32,107,-75
112900029,10,643,-633
112900030,156,211,-55
112900031,3,595,-592
112900032,255,282,-27
112900034,0,75,-75
112900035,12,500,-488
112900036,31,139,-108
112900037,143,162,-19
112900038,863,263,600
112900039,25,333,-308
112900040,4,422,-418
112900041,1090,1409,-319
112900042,51,436,-385
112900043,51,60,-9
112900044,741,672,69
112900045,428,382,46
112900046,241,71,170
112900047,18,27,-9
112900049,222,141,81
112900050,69,590,-521
112900051,384,733,-349
112900052,17,1057,-1040
112900053,387,132,255
112900054,191,60,131
112900055,187,26,161
112900056,424,195,229
112900057,13,576,-563
112900058,365,339,26
112900059,172,134,38
112900060,16,219,-203
112900061,107,149,-42
112900062,76,188,-112
112900063,120,15,105
112900064,294,237,57
112900065,38,43,-5
112900066,356,210,146
112900067,541,203,338
112900068,46,38,8
112900069,1904,832,1072
112900071,18,1,17
112900072,182,1832,-1650
112900073,445,120,325
112900074,128,304,-176
112900075,1668,853,815
112900076,84,26,58
112900078,325,574,-249
112900079,362,27,335
112900080,65,1,64
112900081,41,204,-163
112900082,711,40,671
112900083,132,96,36
112900084,185,159,26
112900085,0,12,-12
112900086,65,0,65
112900087,719,157,562
112900088,145,26,119
112900089,1198,48,1150
112900090,54,35,19
112900091,240,5,235
112900092,185,285,-100
112900093,1370,29,1341
112900094,369,7,362
112900095,40,1,39
112900096,721,153,568
112900097,84,434,-350
112900098,246,2,244
112900099,846,46,800
112900100,72,1,71
112900101,350,3,347
112900102,153,14,139
112900103,213,7,206
112900104,180,3,177
112900105,11,0,11
112900106,418,167,251
112900107,2,0,2
112900108,25,0,25
112900109,141,1,140
112900110,1132,13,1119
112900111,785,18,767
112900112,288,5,283
112900113,0,17,-17
112900114,105,39,66
112900115,1261,6,1255
112900116,158,40,118
112900117,98,99,-1
112900118,47,89,-42
112900119,204,5,199
112900120,950,300,650
112900121,201,219,-18
112900122,22,125,-103
112900123,181,31,150
112900124,7,154,-147
112900125,103,649,-546
112900126,240,270,-30
112900127,399,134,265
112900128,360,871,-511
112900129,5,1234,-1229
112900130,356,83,273
112900131,68,234,-166
112900132,123,414,-291
112900133,44,1224,-1180
112900134,5,332,-327
112900135,103,45,58
112900136,1,35,-34
112900137,1,572,-571
112900138,10,417,-407
112900139,272,1765,-1493
112900140,0,69,-69
112900141,880,56,824
112900142,112,147,-35
112900143,61,595,-534
112900144,3,227,-224
112900145,50,675,-625
112900146,11,1238,-1227
112900147,6,1923,-1917
112900148,73,0,73
112900149,305,386,-81
112900151,20,56,-36
112900152,4023,1218,2805
112900153,2185,2317,-132
112900154,0,94,-94
112900155,294,21,273
112900156,349,1422,-1073
112900157,213,7,206
112900158,53,22,31
112900159,319,151,168
112900160,103,270,-167
112900161,111,45,66
112900162,40,27,13
112900163,124,33,91
112900164,35,179,-144
112900165,199,44,155
112900166,29,54,-25
112900167,4,60,-56
112900168,3,0,3
112900169,10,11,-1
112900170,113,85,28
112900172,58,14,44
112900173,217,137,80
112900174,368,57,311
112900175,191,168,23
112900176,9,32,-23
112900177,167,64,103
112900178,853,3134,-2281
112900179,42,490,-448
112900180,2307,1806,501
112900181,586,6,580
112900182,67,1244,-1177
112900183,151,334,-183
112900184,422,516,-94
112900185,420,680,-260
112900186,1744,1191,553
112900187,131,499,-368
112900188,986,379,607
112900189,10,52,-42
112900190,20,53,-33
112900192,690,740,-50
112900193,1403,452,951
112900194,69,127,-58
112900195,1072,70,1002
112900196,252,403,-151
112900197,279,457,-178
112900199,590,732,-142
112900200,586,296,290
112900201,134,109,25
112900202,338,991,-653
112900203,305,333,-28
112900204,1220,598,622
112900205,12,14,-2
112900206,16,80,-64
112900207,13,0,13
112900208,95,296,-201
112900209,538,379,159
112900210,1,41,-40
112900211,73,82,-9
112900212,1,82,-81
112900213,29,9,20
112900214,35,7,28
112900215,17,216,-199
112900216,33,103,-70
112900217,8,72,-64
112900218,68,5,63
112900219,78,36,42
112900220,10,0,10
112900221,27,155,-128
112900222,0,34,-34
112900223,1147,40,1107
112900224,371,718,-347
112900225,501,452,49
112900226,278,511,-233
112900227,553,1330,-777
112900228,75,64,11
112900229,231,54,177
112900230,8019,5281,2738
112900232,346,339,7
112900233,91,209,-118
112900234,14,160,-146
112900235,128,30,98
112900236,274,22,252
112900237,168,235,-67
112900238,4,38,-34
113000001,5508,5298,210
113000002,3429,3978,-549
113000003,1830,1832,-2
113000004,1854,2591,-737
113000005,1602,1013,589
113000006,1192,1526,-334
113000007,1866,1198,668
113000008,1795,1807,-12
113000009,1098,852,246
113000010,1225,1529,-304
113000011,728,1733,-1005
113000012,1752,871,881
113000013,1552,669,883
113000014,1794,1641,153
113000015,728,211,517
113000016,372,719,-347
113000017,88,313,-225
113000018,449,58,391
113000019,266,292,-26
113000020,463,48,415
113000021,1335,534,801
113000022,669,1200,-531
113000025,109,331,-222
113000026,675,532,143
113000027,873,635,238
113000028,1248,532,716
113000029,933,646,287
113000030,474,692,-218
113000031,234,339,-105
113000032,325,340,-15
113000033,353,463,-110
113000034,381,394,-13
113000035,32,49,-17
113000036,20,77,-57
113000037,61,52,9
113000038,32,82,-50
113000039,95,471,-376
113000040,79,56,23
113000042,851,666,185
113000051,832,2607,-1775
113000052,2056,1100,956
113000053,342,470,-128
113000054,316,856,-540
113000055,1235,663,572
113000056,783,1038,-255
113000058,802,1000,-198
113000059,1238,820,418
113000060,234,532,-298
113000061,510,992,-482
113000062,1050,339,711
113000063,144,129,15
113000064,53,338,-285
113000065,166,1001,-835
113000066,755,89,666
113000067,2177,1486,691
113000068,388,1598,-1210
113000069,654,1227,-573
113000070,2690,1265,1425
113000071,403,797,-394
113000072,767,606,161
113000073,592,1781,-1189
113000074,1098,542,556
113000075,1972,832,1140
113000076,835,1816,-981
113000077,1547,587,960
113000078,854,2842,-1988
113000079,811,733,78
113000080,639,583,56
113000081,889,895,-6
113000082,1335,857,478
113000083,555,952,-397
113000084,1769,1307,462
113000085,949,823,126
113000086,1314,1271,43
113000087,1040,917,123
113000088,2470,1400,1070
113000089,921,1743,-822
113000090,312,622,-310
113000091,650,368,282
113000094,1392,234,1158
113000095,285,926,-641
113000096,142,812,-670
113000097,1342,466,876
113000098,171,62,109
113000099,1033,405,628
113000100,183,421,-238
113000101,408,658,-250
113000102,646,417,229
113000103,2203,731,1472
113000104,483,2081,-1598
113000105,1010,485,525
113000106,496,699,-203
113000107,806,793,13
113000108,681,1347,-666
113000109,588,2174,-1586
113000110,1500,413,1087
113000111,128,503,-375
113000112,278,274,4
113000113,1653,333,1320
113000114,344,1672,-1328
113000116,744,359,385
113000117,921,173,748
113000118,159,651,-492
113000119,451,385,66
113000120,120,248,-128
113000121,672,879,-207
113000124,235,151,84
113000125,65,856,-791
113000127,2817,481,2336
113000128,488,693,-205
113000129,700,939,-239
113000133,2861,2172,689
113000134,16,1434,-1418
113000135,4277,4802,-525
113000137,2353,3608,-1255
113000139,446,237,209
113000140,145,315,-170
113000141,466,206,260
113000142,705,1391,-686
113000143,303,239,64
113000144,307,692,-385
113000145,56,205,-149
113000146,130,89,41
113000147,231,236,-5
113000148,225,175,50
113000149,131,239,-108
113000150,760,389,371
113000151,77,78,-1
113000152,36,104,-68
113000153,1644,697,947
113000154,1022,1762,-740
113000155,343,569,-226
113000156,160,500,-340
113000157,343,1119,-776
113000158,810,208,602
113000159,1123,731,392
113000160,627,1383,-756
113000161,263,549,-286
113000162,730,528,202
113000163,118,59,59
113000164,34,99,-65
113000166,153,131,22
113000167,58,151,-93
113000168,66,139,-73
113000169,138,73,65
113000170,95,106,-11
113000171,61,128,-67
113000172,232,69,163
113000173,67,23,44
113000174,143,521,-378
113000175,470,97,373
113000176,637,172,465
113000177,166,554,-388
113000178,218,432,-214
113000179,275,194,81
113000180,724,1146,-422
113000181,1162,1076,86
113000182,202,482,-280
113000183,150,601,-451
113000184,31,139,-108
113000189,464,841,-377
113000190,1407,639,768
113000192,1798,2095,-297
113000193,4566,1150,3416
113000194,1881,1310,571
113000195,2742,939,1803
113000196,232,86,146
113000197,1925,1213,712
113000198,68,303,-235
113000199,1658,382,1276
113000201,444,217,227
113000202,3805,2037,1768
113000203,256,195,61
113000204,1677,1969,-292
113000205,13,29,-16
113000206,12,41,-29
113000207,99,40,59
113000208,50,67,-17
113000209,9,47,-38
113000210,11,35,-24
113000211,147,235,-88
113000212,105,24,81
113000213,38,100,-62
113000214,153,258,-105
113000234,183,1025,-842
113000410,227,265,-38
113000411,3360,4931,-1571
113000412,7357,2710,4647
113000413,3511,3343,168
113000414,8873,15805,-6932
113000415,2701,3702,-1001
113000416,10886,5185,5701
113000417,3562,4043,-481
113000418,4827,3561,1266
113000419,2234,2456,-222
113000420,4813,6882,-2069
113000421,4177,6939,-2762
113000422,15060,12958,2102
113000423,2613,6104,-3491
113000424,3681,9044,-5363
113000425,8,90,-82
113000428,60,15,45
113000430,14,40,-26
113000432,2375,204,2171
113000433,106,1015,-909
113000434,24,153,-129
113000435,48,666,-618
113000436,45,1413,-1368
113000437,1061,12,1049
113000438,198,9,189
113000439,17,117,-100
113000440,83,32,51
113000441,167,210,-43
113000442,120,195,-75
113000443,248,226,22
113000444,172,235,-63
113000445,87,101,-14
113000446,13,77,-64
113000448,117,215,-98
113000449,206,719,-513
113000450,687,2622,-1935
113000451,1205,193,1012
113000452,441,469,-28
113000453,43,290,-247
113000454,1192,27,1165
113000455,8,242,-234
113000456,5045,2972,2073
113000468,1892,284,1608
113000469,164,213,-49
113000470,413,59,354
113000471,13,335,-322
113000472,115,333,-218
113000474,540,546,-6
113000475,1741,2043,-302
113000476,1372,2010,-638
113000477,2630,2225,405
113000478,4270,5777,-1507
113000479,82,210,-128
113000480,135,133,2
113000482,0,0,0
113000484,0,0,0
113000485,0,0,0
113000486,1,0,1
113000487,0,0,0
113000489,0,0,0
113000490,0,5,-5
113000491,5,0,5
113000492,0,0,0
113000493,1,0,1
113000495,141,110,31
113000496,92,75,17
113000498,0,0,0
113000499,0,0,0
113000500,0,7,-7
113900001,4,305,-301
113900002,4,136,-132
113900003,1,101,-100
113900004,3,73,-70
113900005,5,95,-90
113900006,16,28,-12
113900007,160,26,134
113900008,78,0,78
113900009,228,1,227
113900010,188,2,186
113900011,67,1,66
113900012,32,4,28
113900013,507,8,499
113900014,538,2,536
113900015,0,58,-58
113900016,42,0,42
113900017,1,28,-27
113900018,508,227,281
113900019,176,69,107
113900020,153,1,152
113900022,21,0,21
113900023,33,2,31
113900024,53,69,-16
113900025,328,35,293
113900026,59,0,59
113900027,2,63,-61
113900028,50,463,-413
113900029,58,193,-135
113900030,289,2,287
113900031,9,0,9
113900032,17,0,17
113900033,38,87,-49
113900035,51,0,51
113900036,42,60,-18
113900037,175,450,-275
113900038,34,107,-73
113900039,199,19,180
113900040,20,13,7
113900041,6,4,2
113900042,59,38,21
113900043,176,164,12
113900044,345,288,57
113900045,70,6,64
113900046,295,634,-339
113900047,43,79,-36
113900048,284,105,179
113900049,688,350,338
113900050,243,396,-153
113900051,249,555,-306
113900052,194,159,35
113900053,857,550,307
113900054,16,5,11
113900055,107,470,-363
113900056,26,127,-101
113900057,18,235,-217
113900058,73,202,-129
113900059,268,414,-146
113900060,96,211,-115
113900061,1159,277,882
113900062,96,23,73
113900063,54,110,-56
113900064,35,150,-115
113900065,423,33,390
113900066,362,389,-27
113900067,150,315,-165
113900068,582,451,131
113900069,50,30,20
113900070,202,640,-438
113900071,49,32,17
113900072,66,218,-152
113900073,166,324,-158
113900074,128,374,-246
113900075,1480,1111,369
113900076,158,22,136
113900077,66,228,-162
113900078,35,35,0
113900079,3,42,-39
113900080,649,217,432
113900081,93,270,-177
113900082,122,288,-166
113900083,280,532,-252
113900084,301,171,130
113900085,44,259,-215
113900086,30,7,23
113900087,102,199,-97
113900088,51,115,-64
113900089,523,47,476
113900090,569,470,99
113900091,46,15,31
113900092,36,112,-76
113900093,104,841,-737
113900094,564,500,64
113900095,151,138,13
113900096,314,82,232
113900097,47,109,-62
113900098,706,112,594
113900099,0,65,-65
113900100,0,5,-5
113900101,18,86,-68
113900102,148,168,-20
113900103,341,334,7
113900104,122,207,-85
113900105,98,266,-168
113900106,2,78,-76
113900107,1,31,-30
113900108,252,331,-79
113900109,457,200,257
113900110,75,18,57
113900111,168,109,59
113900112,145,93,52
113900113,1058,469,589
113900114,2,88,-86
113900115,1,120,-119
113900116,129,158,-29
113900117,111,30,81
113900118,277,358,-81
113900119,295,602,-307
113900120,46,44,2
113900121,64,125,-61
113900122,449,2008,-1559
113900123,486,194,292
113900124,4,88,-84
113900125,1111,141,970
113900126,169,57,112
113900127,402,739,-337
113900128,111,78,33
113900129,17,135,-118
113900130,2,27,-25
113900131,287,121,166
113900132,54,61,-7
113900133,29,70,-41
113900135,234,307,-73
113900136,159,75,84
113900137,344,242,102
113900138,73,211,-138
113900139,397,207,190
113900140,462,411,51
113900141,633,436,197
113900142,114,78,36
113900143,16,45,-29
113900144,329,279,50
113900145,483,211,272
113900146,156,63,93
113900148,169,406,-237
113900149,169,110,59
113900150,973,790,183
113900151,447,197,250
113900152,26,47,-21
113900153,403,761,-358
113900154,5,130,-125
113900155,226,207,19
113900156,247,553,-306
113900157,50,258,-208
113900158,478,468,10
113900159,30,253,-223
113900160,588,621,-33
113900161,105,232,-127
113900162,638,933,-295
113900163,287,296,-9
113900164,301,62,239
113900165,803,605,198
113900166,322,207,115
113900167,294,42,252
113900168,145,153,-8
113900169,319,453,-134
113900171,259,139,120
113900172,18,191,-173
113900173,62,646,-584
113900174,497,683,-186
113900175,407,182,225
113900176,376,748,-372
113900177,316,233,83
113900178,344,167,177
113900179,12,496,-484
113900180,180,142,38
113900181,800,129,671
113900182,887,1205,-318
113900183,82,94,-12
113900184,15,475,-460
113900185,172,94,78
113900186,44,37,7
113900187,35,148,-113
113900188,29,196,-167
113900189,290,123,167
113900190,289,133,156
113900191,132,307,-175
113900192,6,531,-525
113900193,23,261,-238
113900194,1384,1259,125
113900195,246,428,-182
113900196,9,141,-132
113900197,2,210,-208
113900198,59,150,-91
113900199,146,816,-670
113900200,16,317,-301
113900201,3,217,-214
113900202,20,304,-284
113900203,1,124,-123
113900204,54,556,-502
113900205,9,181,-172
113900206,10,151,-141
113900207,0,53,-53
113900208,0,71,-71
113900209,1,76,-75
113900210,518,928,-410
113900211,256,53,203
113900212,238,474,-236
113900214,505,421,84
113900215,43,152,-109
113900216,118,872,-754
113900217,71,289,-218
113900218,169,60,109
113900219,83,305,-222
113900220,140,98,42
113900221,441,227,214
113900222,262,544,-282
113900223,174,965,-791
113900224,86,101,-15
113900225,558,321,237
113900226,374,121,253
113900227,442,258,184
113900228,299,458,-159
113900229,74,725,-651
113900230,5429,3764,1665
113900231,200,185,15
113900232,130,109,21
113900233,92,66,26
113900234,362,563,-201
113900235,69,22,47
113900236,151,346,-195
113900237,151,8,143
113900238,267,642,-375
113900239,79,76,3
113900240,9,188,-179
113900241,112,63,49
113900242,27,148,-121
113900243,130,477,-347
113900244,407,241,166
113900245,1378,330,1048
113900246,17,23,-6
113900247,167,517,-350
113900248,3340,2253,1087
113900249,996,402,594
113900250,68,136,-68
113900251,687,179,508
113900252,553,15,538
113900253,871,90,781
113900254,1054,171,883
113900255,604,27,577
113900256,365,32,333
113900257,30,580,-550
113900258,25,393,-368
113900259,492,190,302
113900260,181,28,153
113900261,44,87,-43
113900262,149,596,-447
113900263,182,815,-633
113900264,8,484,-476
113900265,178,392,-214
113900266,36,179,-143
113900267,157,564,-407
113900268,367,491,-124
113900269,56,186,-130
113900270,426,826,-400
113900271,830,1492,-662
113900273,66,19,47
113900274,45,37,8
113900275,39,61,-22
113900276,4,179,-175
113900277,172,5,167
113900278,322,202,120
113900279,129,120,9
113900280,1423,564,859
113900281,748,1477,-729
113900282,911,708,203
113900283,443,508,-65
113900284,827,116,711
113900285,245,39,206
113900286,82,122,-40
113900287,48,109,-61
113900288,10,147,-137
113900289,1063,118,945
113900290,275,227,48
113900291,177,233,-56
113900292,13,5,8
113900293,7,360,-353
113900294,523,39,484
113900295,495,399,96
113900296,2140,482,1658
113900297,2651,53,2598
113900298,19,1825,-1806
113900299,73,198,-125
113900300,5793,3897,1896
113900301,834,277,557
113900302,2561,994,1567
113900303,632,441,191
113900304,3,154,-151
113900305,102,1,101
113900306,44,1,43
113900307,40,1,39
113900308,128,134,-6
113900309,7,670,-663
113900310,0,18,-18
113900311,3,0,3
113900312,184,257,-73
113900313,12,14,-2
114000001,1143,3153,-2010
114000002,248,347,-99
114000003,32,286,-254
114000004,87,112,-25
114000005,296,226,70
114000006,3629,2188,1441
114000007,822,1558,-736
114000008,1655,1972,-317
114000009,753,275,478
114000011,2648,2946,-298
114000012,2532,2163,369
114000013,1685,1812,-127
114000014,534,328,206
114000015,1924,429,1495
114000016,256,343,-87
114000017,107,334,-227
114000018,266,61,205
114000026,1687,1396,291
114000027,2996,2261,735
114000028,2569,2710,-141
114000038,320,156,164
114000039,96,63,33
114000040,87,243,-156
114000042,119,174,-55
114000043,77,126,-49
114000044,177,58,119
114000045,79,114,-35
114000046,4026,4896,-870
114000047,18,79,-61
114000048,84,54,30
114000049,1804,1715,89
114000050,2012,2201,-189
114000051,3846,2139,1707
114000052,5406,1616,3790
114000053,115,637,-522
114000054,230,978,-748
114000055,394,38,356
114000056,1500,992,508
114000057,6450,2474,3976
114000058,816,1814,-998
114000059,465,318,147
114000060,712,972,-260
114000061,3705,2879,826
114000062,3129,1706,1423
114000063,3202,1926,1276
114000064,7740,3876,3864
114000065,1727,2567,-840
114000066,398,626,-228
114000067,38,833,-795
114000068,558,795,-237
114000069,1236,611,625
114000070,2356,1764,592
114000071,806,634,172
114000072,460,349,111
114000073,14,95,-81
114000074,44,30,14
114000075,58,149,-91
114000076,19,152,-133
114000077,11,62,-51
114000078,295,817,-522
114000079,132,39,93
114000080,70,110,-40
114000081,77,80,-3
114000082,44,533,-489
114000083,67,264,-197
114000084,351,102,249
114000085,132,732,-600
114000086,244,531,-287
114000087,121,227,-106
114000088,48,44,4
114000089,1043,456,587
114000090,874,850,24
114000091,2010,878,1132
114000092,1253,552,701
114000093,1539,834,705
114000094,322,308,14
114000095,293,121,172
114000096,161,458,-297
114000097,156,810,-654
114000098,482,80,402
114000099,618,747,-129
114000100,1432,834,598
114000101,469,980,-511
114000102,485,339,146
114000103,120,445,-325
114000104,18,375,-357
114000105,141,79,62
114000106,890,1020,-130
114000107,342,155,187
114000108,1530,1238,292
114000109,495,1057,-562
114000110,760,1763,-1003
114000111,1710,779,931
114000112,485,1801,-1316
114000113,1205,358,847
114000114,1648,1591,57
114000115,2402,1052,1350
114000116,786,1558,-772
114000117,2680,488,2192
114000118,2358,533,1825
114000119,1697,481,1216
114000120,602,895,-293
114000121,420,776,-356
114000122,378,274,104
114000123,1899,365,1534
114000124,891,277,614
114000125,886,1444,-558
114000126,1829,209,1620
114000127,276,178,98
114000128,772,524,248
114000130,419,559,-140
114000131,308,117,191
114000132,750,636,114
114000133,1274,1540,-266
114000134,97,200,-103
114000138,68,226,-158
114000139,511,250,261
114000144,988,562,426
114000145,100,232,-132
114000146,107,340,-233
114000147,1505,1838,-333
114000148,2256,1932,324
114000149,388,314,74
114000150,855,764,91
114000151,876,1094,-218
114000152,150,36,114
114000153,940,2281,-1341
114000154,893,804,89
114000155,1279,2140,-861
114000156,808,619,189
114000157,208,858,-650
114000158,1775,980,795
114000159,225,492,-267
114000160,123,353,-230
114000161,1543,3196,-1653
114000162,1089,2481,-1392
114000163,18,129,-111
114000165,570,279,291
114000166,1025,391,634
114000167,3476,1567,1909
114000168,806,732,74
114000169,1685,1187,498
114000170,1130,1163,-33
114000171,1118,3121,-2003
114000174,282,582,-300
114000176,652,549,103
114000177,2308,1141,1167
114000178,99,72,27
114000179,1094,712,382
114000180,494,894,-400
114000181,1861,3464,-1603
114000182,3585,2561,1024
114000183,915,1221,-306
114000184,4874,1405,3469
114000185,1115,871,244
114000189,1060,130,930
114000190,2641,350,2291
114000191,54,91,-37
114000192,370,1721,-1351
114000193,907,3534,-2627
114000194,1335,1110,225
114000195,205,28,177
114000196,3,260,-257
114000197,1171,21,1150
114000198,933,362,571
114000199,2200,1851,349
114000200,554,1949,-1395
114000201,157,921,-764
114000202,999,570,429
114000203,483,767,-284
114000204,183,456,-273
114000205,213,1532,-1319
114000206,572,1198,-626
114000207,648,2087,-1439
114000208,464,3122,-2658
114000209,742,2588,-1846
114000210,300,1535,-1235
114000211,965,1587,-622
114000212,731,800,-69
114000213,1187,564,623
114000214,108,254,-146
114000215,239,89,150
114000216,1507,412,1095
114000217,279,286,-7
114000218,121,327,-206
114000219,1114,242,872
114000220,33,874,-841
114000221,842,196,646
114000222,184,977,-793
114000223,461,146,315
114000224,110,691,-581
114000225,267,740,-473
114000226,161,277,-116
114000227,978,450,528
114000228,867,919,-52
114000229,1222,1436,-214
114000230,1622,1358,264
114000231,1069,1360,-291
114000232,561,120,441
114000233,1828,142,1686
114000234,1024,906,118
114000235,948,1501,-553
114000236,0,465,-465
114000237,114,1047,-933
114000238,134,185,-51
114000239,133,1193,-1060
114000240,766,829,-63
114000241,334,925,-591
114000242,990,937,53
114000243,1484,930,554
114000244,482,474,8
114000245,362,709,-347
114000246,175,33,142
114000247,597,780,-183
114000248,1062,517,545
114000249,498,457,41
114000250,551,819,-268
114000251,384,269,115
114000252,51,82,-31
114000253,58,151,-93
114000254,49,118,-69
114000255,588,265,323
114000256,2116,2204,-88
114000257,450,1570,-1120
114000258,251,553,-302
114000259,69,257,-188
114000260,0,27,-27
114000261,54,20,34
114000262,199,181,18
114000263,13,1,12
114000264,1233,611,622
114000265,0,8,-8
114000267,4,1538,-1534
114000268,12,1890,-1878
114000270,147,9,138
114000271,494,97,397
114000283,1086,545,541
114000285,53,258,-205
114000288,54,266,-212
114000289,1298,137,1161
114000293,151,422,-271
114000294,164,344,-180
114000395,1460,58,1402
114000396,557,541,16
114000402,416,260,156
114000403,276,473,-197
114000405,184,547,-363
114000423,261,471,-210
114000424,436,200,236
114000425,686,490,196
114000426,301,832,-531
114000427,40,94,-54
114000428,175,161,14
114000429,15,243,-228
114000432,97,130,-33
114000434,36,111,-75
114000435,0,13,-13
114900001,799,1076,-277
114900002,659,110,549
114900003,786,1670,-884
114900004,288,449,-161
114900005,597,985,-388
114900006,105,62,43
114900007,263,31,232
114900008,205,98,107
114900010,2470,2022,448
114900011,206,156,50
114900013,305,118,187
114900015,53,413,-360
114900018,760,20,740
114900020,277,104,173
114900021,365,177,188
114900022,57,677,-620
114900024,362,136,226
114900025,542,214,328
114900026,44,138,-94
114900027,319,227,92
114900029,17,22,-5
114900030,406,188,218
114900031,307,31,276
114900032,367,44,323
114900033,1212,714,498
114900034,76,251,-175
114900035,200,306,-106
114900036,289,818,-529
114900037,123,216,-93
114900038,182,675,-493
114900039,556,618,-62
114900040,92,190,-98
114900041,688,675,13
114900042,712,1002,-290
114900043,610,343,267
114900044,162,44,118
114900045,174,369,-195
114900046,60,137,-77
114900047,289,1764,-1475
114900048,144,323,-179
114900049,3,167,-164
114900050,44,516,-472
114900051,29,440,-411
114900052,67,275,-208
114900053,128,323,-195
114900054,28,205,-177
114900057,277,6,271
114900058,3,154,-151
114900059,80,58,22
114900060,1562,848,714
114900061,159,201,-42
114900062,303,363,-60
114900063,73,231,-158
114900064,1250,744,506
114900065,378,881,-503
114900067,48,508,-460
114900068,72,156,-84
114900069,284,156,128
114900070,609,447,162
114900072,6,316,-310
114900073,3,185,-182
114900074,565,776,-211
114900075,303,16,287
114900076,16,414,-398
114900080,2053,381,1672
114900082,3340,2050,1290
114900083,1367,1417,-50
114900084,323,227,96
114900090,359,225,134
114900091,142,257,-115
114900095,329,189,140
114900096,652,792,-140
114900097,128,62,66
114900098,16,225,-209
114900099,255,14,241
115000001,6816,4912,1904
115000002,3518,3959,-441
115000003,5387,3894,1493
115000004,3856,6077,-2221
115000005,1714,2449,-735
115000006,975,1543,-568
115000007,60,193,-133
115000008,430,474,-44
115000009,143,239,-96
115000010,295,149,146
115000013,88,171,-83
115000015,61,263,-202
115000016,279,354,-75
115000019,33,556,-523
115000020,150,814,-664
115000021,346,446,-100
115000022,593,446,147
115000023,378,685,-307
115000024,1271,568,703
115000025,948,723,225
115000026,179,506,-327
115000027,266,331,-65
115000028,241,962,-721
115000029,568,143,425
115000030,1211,1322,-111
115000031,1326,459,867
115000032,9,276,-267
115000033,154,44,110
115000034,125,1238,-1113
115000035,1166,70,1096
115000036,0,514,-514
115000037,590,13,577
115000038,56,179,-123
115000039,3260,3336,-76
115000040,6450,3332,3118
115000041,1085,3184,-2099
115000042,892,816,76
115000043,3849,2488,1361
115000044,3984,4368,-384
115000045,2944,2083,861
115000046,2130,2546,-416
115000047,1995,1627,368
115000048,1464,2804,-1340
115000049,1784,4033,-2249
115000050,3413,1970,1443
115000051,1797,2630,-833
115000052,2737,1793,944
115000053,1713,1749,-36
115000054,752,1335,-583
115000055,207,608,-401
115000056,231,771,-540
115000057,795,846,-51
115000058,775,262,513
115000059,349,216,133
115000061,182,147,35
115000062,186,264,-78
115000063,340,260,80
115000064,247,156,91
115000065,58,452,-394
115000067,190,26,164
115000069,64,308,-244
115000070,39,1124,-1085
115000071,128,17,111
115000072,12,116,-104
115000073,1463,68,1395
115000075,85,63,22
115000076,3378,3482,-104
115000077,1991,2780,-789
115000078,1342,1588,-246
115000079,1216,2073,-857
115000080,2487,2566,-79
115000081,541,1096,-555
115000082,4045,3693,352
115000083,2347,2728,-381
115000084,2155,1089,1066
115000085,846,1101,-255
115000086,1095,820,275
115000087,457,1734,-1277
115000088,1735,669,1066
115000089,1432,1324,108
115000090,565,787,-222
115000091,277,1056,-779
115000092,408,251,157
115000093,388,2,386
115000094,7634,5603,2031
115000095,4937,5809,-872
115000096,629,1910,-1281
115000097,825,941,-116
115000098,1110,872,238
115000099,2544,3427,-883
115000100,940,486,454
115000101,493,1612,-1119
115000102,444,258,186
115000103,331,773,-442
115000105,46,132,-86
115000106,522,302,220
115000107,174,565,-391
115000108,3569,2583,986
115000109,4891,4500,391
115000110,1800,1476,324
115000111,870,2024,-1154
115000112,785,725,60
115000113,702,1106,-404
115000114,1767,992,775
115000116,4579,2452,2127
115000117,4668,3752,916
115000118,2368,1784,584
115000119,2261,2626,-365
115000120,630,1241,-611
115000121,1764,1250,514
115000122,5107,2297,2810
115000123,2041,2621,-580
115000124,881,857,24
115000125,462,628,-166
115000126,187,257,-70
115000127,423,176,247
115000128,693,904,-211
115000129,268,383,-115
115000130,473,974,-501
115000131,792,307,485
115000132,279,459,-180
115000133,612,357,255
115000134,328,324,4
115000135,364,266,98
115000136,369,279,90
115000137,179,252,-73
115000138,270,277,-7
115000139,242,272,-30
115000140,265,232,33
115000141,175,331,-156
115000142,171,292,-121
115000143,643,599,44
115000144,496,90,406
115000145,242,433,-191
115000146,460,292,168
115000147,546,519,27
115000148,375,1323,-948
115000149,581,220,361
115000150,669,1133,-464
115000151,1261,587,674
115000152,670,1337,-667
115000153,1114,667,447
115000154,785,343,442
115000155,679,1106,-427
115000156,1104,768,336
115000157,846,917,-71
115000158,904,431,473
115000159,895,599,296
115000160,740,653,87
115000161,489,646,-157
115000162,818,833,-15
115000163,620,634,-14
115000164,849,631,218
115000165,415,521,-106
115000167,164,87,77
115000168,516,397,119
115000169,617,380,237
115000170,193,165,28
115000171,264,226,38
115000172,1306,656,650
115000173,546,538,8
115000174,720,346,374
115000175,473,136,337
115000176,220,89,131
115000177,233,144,89
115000178,28,264,-236
115000179,64,45,19
115000180,133,665,-532
115000181,582,148,434
115000182,828,366,462
115000183,387,936,-549
115000186,677,336,341
115000187,222,808,-586
115000188,312,596,-284
115000189,232,472,-240
115000190,676,488,188
115000191,306,602,-296
115000194,192,219,-27
115000195,440,336,104
115000196,168,138,30
115000197,211,319,-108
115000198,340,188,152
115000199,372,217,155
115000200,422,108,314
115000201,152,387,-235
115000206,384,76,308
115000207,158,428,-270
115000208,466,843,-377
115000209,621,274,347
115000210,177,160,17
115000211,212,240,-28
115000212,1427,310,1117
115000218,140,149,-9
115000219,49,64,-15
115000224,502,68,434
115000225,44,84,-40
115000229,229,156,73
115000230,123,468,-345
115000231,313,1888,-1575
115000232,1431,300,1131
115000233,159,232,-73
115000234,16,317,-301
115000241,69,276,-207
115000242,100,356,-256
115000243,53,207,-154
115000244,8,108,-100
115000246,38,40,-2
115000247,49,28,21
115000248,24,16,8
115000249,46,26,20
115000250,296,41,255
115000251,263,156,107
115000252,83,199,-116
115000253,24,439,-415
115000258,300,175,125
115000259,354,182,172
115000261,15,31,-16
115000262,10,13,-3
115000263,6,19,-13
115000264,28,33,-5
115000267,52,86,-34
115000268,38,137,-99
115000269,154,68,86
115000270,9,21,-12
115000272,69,164,-95
115000273,447,42,405
115000274,314,258,56
115000280,1826,191,1635
115000281,544,539,5
115000282,1662,931,731
115000284,285,169,116
115000296,1326,10,1316
115000297,206,115,91
115000298,122,426,-304
115000300,244,226,18
115000302,519,222,297
115000303,539,154,385
115000304,785,128,657
115000305,151,950,-799
115000306,219,365,-146
115000307,103,199,-96
115000308,20,7,13
115000310,909,1039,-130
115000311,755,1247,-492
115000313,113,753,-640
115000314,434,123,311
115000315,941,364,577
115000316,71,134,-63
115000317,245,637,-392
115000318,892,362,530
115000319,63,370,-307
115000320,18,362,-344
115000321,491,24,467
115000322,47,272,-225
115000449,340,171,169
115000557,34,1132,-1098
115000558,497,93,404
115000587,533,417,116
115000588,2157,3055,-898
115000589,3321,2275,1046
115000590,1184,1515,-331
115000591,1728,794,934
115000592,787,1868,-1081
115000593,1559,599,960
115000594,970,2052,-1082
115000609,93,122,-29
115000617,2917,3962,-1045
115000624,177,47,130
115000633,529,2117,-1588
115000634,2858,1079,1779
115000635,589,184,405
115000638,916,742,174
115000641,72,133,-61
115000642,375,359,16
115000643,144,578,-434
115000644,130,489,-359
115000646,988,1690,-702
115000647,210,583,-373
115000648,1731,2214,-483
115000893,2910,1382,1528
115000894,184,1156,-972
115000895,399,857,-458
115000896,1240,302,938
115000897,523,146,377
115000898,1031,248,783
115000899,582,1066,-484
115000900,128,365,-237
115000901,114,134,-20
115000912,375,106,269
115000913,3,20,-17
115000915,13,0,13
115000916,20,6,14
115000917,0,8,-8
115000918,84,572,-488
115000919,2,15,-13
115000920,35,62,-27
115000921,930,266,664
115000922,1023,653,370
115000923,384,722,-338
115000925,91,94,-3
115000927,19,49,-30
115000933,142,176,-34
115900001,84,43,41
115900002,115,162,-47
115900003,194,118,76
115900004,2,69,-67
115900005,136,13,123
115900006,149,273,-124
115900008,41,9,32
115900009,76,307,-231
115900010,323,190,133
115900011,526,255,271
115900012,114,75,39
115900013,519,246,273
115900014,119,158,-39
115900015,169,99,70
115900016,100,46,54
115900017,11,9,2
115900018,139,82,57
115900019,918,32,886
115900020,61,1,60
115900021,1263,465,798
115900022,1063,24,1039
115900023,42,5,37
115900025,50,237,-187
115900026,947,274,673
115900027,0,335,-335
115900028,873,72,801
115900029,22,431,-409
115900030,54,21,33
115900031,342,345,-3
115900032,581,811,-230
115900033,0,44,-44
115900034,33,514,-481
115900035,45,19,26
115900036,82,669,-587
115900037,77,447,-370
115900038,39,12,27
115900039,178,225,-47
115900041,499,611,-112
115900042,18,9,9
115900043,106,94,12
115900044,271,342,-71
115900046,231,238,-7
115900047,185,115,70
115900049,230,233,-3
115900051,4,38,-34
115900052,9,286,-277
115900053,326,255,71
115900054,228,72,156
115900055,13,142,-129
115900056,252,324,-72
115900057,53,7,46
115900058,41,90,-49
115900060,112,166,-54
115900061,271,1,270
115900062,90,274,-184
115900063,64,18,46
115900064,150,279,-129
115900065,123,95,28
115900066,187,156,31
115900067,13,679,-666
115900068,3464,719,2745
115900069,51,182,-131
115900070,189,182,7
115900071,0,462,-462
115900072,52,201,-149
115900073,64,63,1
115900074,2,369,-367
115900075,44,309,-265
115900076,10,68,-58
115900077,10,314,-304
115900078,45,154,-109
115900079,210,26,184
115900080,611,268,343
115900081,27,85,-58
115900082,184,172,12
115900084,427,29,398
115900085,48,39,9
115900086,1903,672,1231
115900088,7,34,-27
115900089,269,655,-386
115900090,327,30,297
115900091,13,51,-38
115900092,51,193,-142
115900093,10,31,-21
115900094,2,340,-338
115900096,4,18,-14
115900097,11,413,-402
115900098,140,451,-311
115900099,117,75,42
115900100,7,658,-651
115900101,108,367,-259
115900102,72,65,7
115900103,290,197,93
115900104,43,110,-67
115900105,235,637,-402
115900106,40,31,9
115900107,49,159,-110
115900108,101,66,35
115900109,78,461,-383
115900110,3,41,-38
115900111,5,115,-110
115900112,45,1061,-1016
115900113,59,61,-2
115900114,4,167,-163
115900115,94,241,-147
115900116,111,1097,-986
115900117,46,18,28
115900118,4,270,-266
115900119,154,142,12
115900120,37,424,-387
115900121,149,277,-128
115900124,237,635,-398
115900125,277,54,223
115900126,716,88,628
115900127,660,94,566
115900128,10,117,-107
115900129,890,56,834
115900130,27,197,-170
115900131,372,26,346
115900132,530,17,513
115900134,346,18,328
115900135,482,1107,-625
115900137,40,6,34
115900139,148,161,-13
115900140,265,36,229
115900141,26,159,-133
115900142,24,74,-50
115900143,152,242,-90
115900144,69,273,-204
115900146,7,128,-121
115900147,284,269,15
115900148,50,24,26
115900149,109,23,86
115900150,77,54,23
115900151,13,102,-89
115900152,109,339,-230
115900153,126,273,-147
115900154,586,376,210
115900155,1,63,-62
115900156,780,919,-139
115900157,157,515,-358
115900158,25,9,16
115900159,145,294,-149
115900160,13,6,7
115900161,44,186,-142
115900163,217,161,56
115900164,495,27,468
115900165,2,99,-97
115900166,196,197,-1
115900168,103,176,-73
115900171,129,469,-340
115900172,39,155,-116
115900173,200,179,21
115900174,334,225,109
115900175,145,221,-76
115900178,10,695,-685
115900179,234,19,215
115900180,41,239,-198
115900181,189,195,-6
115900182,405,181,224
115900183,221,106,115
115900184,1789,28,1761
115900187,8,95,-87
115900189,1,284,-283
115900190,858,1310,-452
115900191,48,525,-477
115900192,13,133,-120
115900193,140,117,23
115900194,679,73,606
115900195,731,2089,-1358
115900198,306,352,-46
115900199,202,291,-89
115900200,271,350,-79
115900201,491,449,42
115900202,0,48,-48
115900203,7,8,-1
115900204,1,3,-2
115900205,142,7,135
115900206,207,180,27
115900207,18,22,-4
115900208,172,208,-36
115900209,5,177,-172
115900210,4,152,-148
115900211,5,254,-249
115900212,134,235,-101
115900213,276,81,195
115900214,321,280,41
115900215,22,77,-55
115900216,13,95,-82
115900217,1,47,-46
115900218,3,42,-39
115900219,100,6,94
115900220,121,12,109
115900221,67,19,48
115900222,69,33,36
115900223,9,249,-240
115900224,1229,844,385
115900225,89,39,50
115900226,20,51,-31
115900227,14,50,-36
115900228,19,49,-30
115900229,7,53,-46
115900230,75,152,-77
115900231,127,4,123
115900232,53,4,49
115900233,60,28,32
115900234,54,47,7
115900235,25,41,-16
115900236,62,35,27
115900237,9,29,-20
115900238,23,32,-9
115900239,20,44,-24
115900240,12,40,-28
115900241,209,159,50
115900242,228,304,-76
115900243,30,7,23
115900244,59,20,39
115900245,0,38,-38
115900246,21,6,15
115900247,33,5,28
115900248,23,6,17
115900249,3,21,-18
115900250,27,49,-22
115900251,0,14,-14
115900252,5,5,0
115900253,3,19,-16
115900254,20,17,3
115900255,5,23,-18
115900256,15,30,-15
115900257,7,9,-2
115900258,2,2,0
115900259,3,4,-1
115900260,7,1,6
115900261,15,1,14
115900262,1,0,1
115900263,7,6,1
115900264,25,8,17
115900265,3,13,-10
115900266,3,17,-14
115900267,4,6,-2
115900268,4,15,-11
115900269,454,491,-37
115900270,386,468,-82
116000001,14288,5642,8646
116000002,5353,10135,-4782
116000003,1783,1774,9
116000004,2566,3554,-988
116000005,2997,3472,-475
116000006,2872,2265,607
116000007,3170,4201,-1031
116000008,3852,2188,1664
116000009,2145,3061,-916
116000010,2189,1550,639
116000011,1035,2149,-1114
116000012,1457,1148,309
116000013,11773,5068,6705
116000014,13541,10546,2995
116000015,539,1634,-1095
116000016,7247,3965,3282
116000017,46,755,-709
116000018,859,489,370
116000019,1166,376,790
116000020,675,1017,-342
116000021,492,316,176
116000022,341,409,-68
116000023,1129,843,286
116000024,769,1090,-321
116000025,873,761,112
116000026,1977,2515,-538
116000027,851,625,226
116000028,414,781,-367
116000029,893,812,81
116000030,811,414,397
116000031,228,360,-132
116000032,161,262,-101
116000033,199,231,-32
116000034,861,629,232
116000035,238,680,-442
116000036,2516,1767,749
116000037,971,764,207
116000038,514,473,41
116000039,537,445,92
116000040,925,315,610
116000041,321,611,-290
116000042,761,263,498
116000043,172,890,-718
116000044,3,20,-17
116000045,2163,1591,572
116000046,1410,1638,-228
116000047,1791,2256,-465
116000048,2119,1843,276
116000049,1378,2538,-1160
116000050,1609,1562,47
116000051,6482,2424,4058
116000052,6167,5456,711
116000053,2181,1111,1070
116000054,739,2918,-2179
116000055,735,1233,-498
116000056,871,1204,-333
116000057,3793,2116,1677
116000058,3957,2970,987
116000059,3883,5347,-1464
116000060,2302,1009,1293
116000061,342,892,-550
116000062,711,261,450
116000063,651,1078,-427
116000066,240,584,-344
116000067,349,472,-123
116000068,197,333,-136
116000069,281,467,-186
116000078,530,1245,-715
116000080,1971,1295,676
116000082,5,76,-71
116000083,1553,364,1189
116000084,2560,4100,-1540
116000085,2280,1758,522
116000086,1809,1288,521
116000087,1654,1492,162
116000088,788,1244,-456
116000089,156,97,59
116000090,115,185,-70
116000091,243,233,10
116000093,862,407,455
116000094,712,802,-90
116000095,835,576,259
116000096,839,1605,-766
116000097,851,814,37
116000098,38,5973,-5935
116000099,7196,299,6897
116000100,173,20,153
116000101,940,1067,-127
116000102,282,1277,-995
116000103,435,261,174
116000104,232,1549,-1317
116000105,1157,245,912
116000106,536,892,-356
116000107,2438,394,2044
116000108,396,151,245
116000111,136,29,107
116000113,135,109,26
116000114,58,199,-141
116000115,349,103,246
116000116,306,710,-404
116000117,1480,2185,-705
116000118,1365,1580,-215
116000119,3285,1981,1304
116000120,3013,4854,-1841
116000121,883,478,405
116000122,1290,2114,-824
116000123,979,519,460
116000124,390,1257,-867
116000125,2854,824,2030
116000126,345,1849,-1504
116000127,1120,1504,-384
116000128,1686,983,703
116000129,1214,259,955
116000130,463,473,-10
116000133,912,1028,-116
116000134,1879,2873,-994
116000135,2292,1502,790
116000136,1179,2571,-1392
116000137,1050,740,310
116000138,1047,630,417
116000139,2131,2331,-200
116000140,185,224,-39
116000141,357,763,-406
116000142,3354,3195,159
116000143,1830,1824,6
116000144,1464,2269,-805
116000145,1611,1313,298
116000146,502,280,222
116000147,302,130,172
116000148,515,527,-12
116000149,693,733,-40
116000151,623,698,-75
116000153,90,428,-338
116000155,212,252,-40
116000156,659,1190,-531
116000157,50,20,30
116000158,221,429,-208
116000159,8,14,-6
116000160,7,74,-67
116000161,4,89,-85
116000162,143,102,41
116000163,30,8,22
116000164,9,27,-18
116000177,457,90,367
116000194,91,544,-453
116000195,1504,689,815
116000196,22,8,14
116000197,7,9,-2
116000198,2521,1191,1330
116000200,768,433,335
116000201,715,715,0
116000202,9,271,-262
116000203,3,122,-119
116000204,4,63,-59
116000205,1,180,-179
116000206,0,98,-98
116000207,4,56,-52
116000233,221,665,-444
116000287,134,549,-415
116000288,283,283,0
116000292,82,203,-121
116000296,14,110,-96
116000297,115,29,86
116000304,799,16,783
116000305,11,193,-182
116000346,207,177,30
116000352,135,51,84
116000354,58,17,41
116000357,42,50,-8
116000358,317,53,264
116000361,94,5,89
116000372,6350,3845,2505
116000381,99,1,98
116000388,1,66,-65
116000389,1082,616,466
116000445,343,658,-315
116000446,626,699,-73
116000447,18,508,-490
116000448,543,229,314
116000563,1463,1208,255
116000565,49,498,-449
116000568,62,404,-342
116000579,32,141,-109
116000584,10,6,4
116000585,17,30,-13
116000586,129,152,-23
116000587,371,622,-251
116000589,70,83,-13
116000590,91,60,31
116000591,202,247,-45
116000592,12,125,-113
116000593,0,17,-17
116000594,722,601,121
116000595,778,196,582
116000596,90,7,83
116000597,404,67,337
116000598,11,174,-163
116000602,72,544,-472
116000605,272,201,71
116000606,61,189,-128
116000607,6,78,-72
116000609,208,938,-730
116000611,117,550,-433
116000612,797,2000,-1203
116000613,611,376,235
116000614,370,692,-322
116000615,31,334,-303
116000616,62,86,-24
116000617,67,54,13
116000618,1,128,-127
116000619,22,80,-58
116000620,98,79,19
116000621,68,164,-96
116000622,41,166,-125
116000624,128,98,30
116900001,231,193,38
116900002,258,2,256
116900003,34,98,-64
116900004,30,55,-25
116900005,273,92,181
116900006,93,168,-75
116900007,151,216,-65
116900008,420,402,18
116900009,19,2,17
116900010,2,1557,-1555
116900011,14,38,-24
116900012,183,227,-44
116900013,5,261,-256
116900014,97,329,-232
116900015,404,74,330
116900016,180,2,178
116900017,3,694,-691
116900018,43,70,-27
116900019,6,427,-421
116900020,722,862,-140
116900023,49,16,33
116900024,479,55,424
116900025,1306,1108,198
116900026,186,762,-576
116900027,17,42,-25
116900028,10,145,-135
116900029,1,32,-31
116900031,8,16,-8
116900032,5,402,-397
116900033,20,14,6
116900034,24,78,-54
116900035,179,251,-72
116900036,3,74,-71
116900038,27,3,24
116900041,63,27,36
116900042,827,348,479
116900043,47,76,-29
116900045,251,76,175
116900047,60,142,-82
116900049,36,376,-340
116900050,169,543,-374
116900051,109,209,-100
116900052,157,78,79
116900055,1,13,-12
116900057,21,334,-313
116900058,38,460,-422
116900059,0,199,-199
116900060,214,215,-1
116900062,0,7,-7
116900064,79,764,-685
116900065,23,129,-106
116900067,125,119,6
116900068,143,311,-168
116900070,32,1,31
116900072,35,508,-473
116900073,19,154,-135
116900074,9,55,-46
116900076,3,23,-20
116900077,33,175,-142
116900078,266,162,104
116900079,33,269,-236
116900080,11,24,-13
116900081,432,1431,-999
116900082,501,996,-495
116900083,96,65,31
116900084,177,56,121
116900085,68,201,-133
116900086,47,213,-166
116900088,521,121,400
116900090,204,71,133
116900091,327,45,282
116900092,67,796,-729
116900093,1795,1951,-156
116900094,5468,3574,1894
116900095,190,137,53
116900096,113,418,-305
116900097,3852,2843,1009
116900098,779,337,442
116900099,1016,798,218
116900100,1039,53,986
116900101,430,593,-163
116900103,7,3,4
116900104,88,84,4
116900105,335,168,167
116900106,1951,188,1763
116900107,4355,2611,1744
116900110,17,0,17
116900111,506,882,-376
116900112,233,1095,-862
116900113,2428,1036,1392
116900116,137,443,-306
116900117,91,145,-54
116900118,710,687,23
116900120,364,116,248
116900121,92,56,36
116900122,971,968,3
116900123,212,1006,-794
116900124,176,1098,-922
116900125,386,189,197
116900126,218,703,-485
116900128,1,44,-43
116900129,4,441,-437
116900130,816,3637,-2821
116900131,130,339,-209
116900132,62,138,-76
116900133,128,172,-44
116900134,222,334,-112
116900136,312,211,101
116900137,295,191,104
116900138,230,216,14
116900139,131,485,-354
116900140,242,190,52
116900141,913,489,424
116900142,5,53,-48
116900143,458,735,-277
116900144,38,95,-57
116900145,138,278,-140
116900147,667,368,299
116900148,8,38,-30
116900149,80,239,-159
116900150,9,13,-4
116900151,41,14,27
116900153,115,86,29
116900154,678,598,80
116900155,90,80,10
116900157,560,334,226
116900158,188,253,-65
116900159,63,256,-193
116900160,1043,551,492
116900161,7397,6065,1332
116900162,12,119,-107
116900163,211,166,45
116900164,158,80,78
116900165,239,144,95
116900166,40,77,-37
116900167,470,72,398
116900168,302,118,184
116900169,602,402,200
116900170,321,482,-161
116900171,97,224,-127
116900172,279,265,14
116900173,207,42,165
116900174,60,41,19
116900175,231,191,40
116900178,22,136,-114
116900179,143,300,-157
116900180,111,39,72
116900182,672,338,334
116900183,132,103,29
116900185,36,66,-30
116900186,113,322,-209
116900187,80,40,40
116900188,161,39,122
116900189,133,4,129
116900191,458,721,-263
116900192,279,169,110
116900194,141,1114,-973
116900195,38,30,8
116900196,11,129,-118
116900197,132,11,121
116900198,233,280,-47
116900200,69,36,33
116900201,127,22,105
116900202,161,42,119
116900203,156,9,147
116900204,62,98,-36
116900206,19,27,-8
116900207,41,58,-17
116900208,11,101,-90
116900209,33,131,-98
116900210,540,317,223
116900211,225,10,215
116900212,65,90,-25
116900213,193,162,31
116900214,195,193,2
116900215,53,77,-24
116900216,293,257,36
116900218,10,290,-280
116900219,1605,576,1029
116900220,116,206,-90
116900221,73,453,-380
116900222,300,416,-116
116900223,92,323,-231
116900226,121,107,14
116900227,178,113,65
116900228,295,232,63
116900230,77,337,-260
116900231,28,430,-402
116900232,20,450,-430
116900233,234,111,123
116900234,29,15,14
116900235,204,395,-191
116900238,1807,470,1337
116900239,22,1321,-1299
116900240,7010,3492,3518
116900241,205,260,-55
116900242,354,614,-260
116900243,3,116,-113
116900245,32,22,10
116900246,152,12,140
116900247,716,23,693
116900248,112,45,67
116900249,417,149,268
116900250,386,75,311
116900251,491,613,-122
116900252,157,967,-810
116900253,127,97,30
116900254,28,74,-46
116900255,95,61,34
116900256,394,124,270
116900257,17,538,-521
116900258,13,308,-295
116900259,168,9,159
116900260,34,202,-168
116900261,45,1,44
116900262,162,206,-44
116900263,0,22,-22
116900264,2,2,0
116900265,50,6,44
116900266,17,36,-19
116900267,5,3,2
116900268,283,105,178
116900269,302,577,-275
116900271,1995,194,1801
116900272,387,404,-17
116900273,167,48,119
116900274,107,104,3
116900275,227,133,94
116900276,334,122,212
116900277,700,29,671
116900278,3,18,-15
116900279,2,27,-25
116900280,41,24,17
116900281,7302,4550,2752
116900282,2,128,-126
116900283,25,116,-91
116900284,27,274,-247
116900285,309,200,109
116900286,234,13,221
116900287,4,62,-58
116900288,78,178,-100
116900289,18,22,-4
116900290,1,36,-35
116900291,13,5,8
116900292,0,20,-20
116900293,25,63,-38
116900294,59,190,-131
116900295,83,35,48
116900296,45,25,20
116900297,6,38,-32
116900298,58,13,45
116900299,30,23,7
116900300,11,53,-42
116900301,39,49,-10
116900302,1622,1256,366
116900303,243,95,148
116900304,0,145,-145
116900305,9,67,-58
116900306,384,191,193
117000001,2039,1812,227
117000002,2256,5230,-2974
117000003,6982,3570,3412
117000004,5052,5906,-854
117000005,2261,2062,199
117000006,1415,3663,-2248
117000007,3760,1309,2451
117000008,1376,4341,-2965
117000009,5300,2167,3133
117000010,3134,4682,-1548
117000011,2179,1833,346
117000012,1333,1525,-192
117000013,1902,997,905
117000014,1309,2396,-1087
117000015,3205,1344,1861
117000016,462,119,343
117000017,342,135,207
117000018,300,618,-318
117000019,136,1,135
117000020,354,1716,-1362
117000021,2259,362,1897
117000022,488,103,385
117000023,322,127,195
117000024,458,227,231
117000025,599,814,-215
117000026,2725,1111,1614
117000027,2369,2203,166
117000028,3839,894,2945
117000030,197,133,64
117000032,1735,1376,359
117000033,1813,1442,371
117000034,221,113,108
117000036,182,130,52
117000038,181,387,-206
117000039,56,59,-3
117000040,190,1193,-1003
117000041,880,196,684
117000044,17,832,-815
117000045,356,79,277
117000046,487,739,-252
117000047,940,700,240
117000048,2335,1397,938
117000049,199,898,-699
117000050,106,2156,-2050
117000051,2140,147,1993
117000052,56,407,-351
117000053,504,58,446
117000054,2502,17,2485
117000055,21,3934,-3913
117000056,751,38,713
117000057,686,2709,-2023
117000060,614,1792,-1178
117000061,1693,1017,676
117000062,314,684,-370
117000063,1761,996,765
117000064,1022,975,47
117000066,1586,1011,575
117000067,117,538,-421
117000074,178,204,-26
117000076,73,43,30
117000077,166,215,-49
117000078,113,783,-670
117000079,356,225,131
117000080,5,372,-367
117000081,976,148,828
117000082,13,86,-73
117000083,151,2,149
117000084,235,0,235
117000085,317,851,-534
117000086,867,621,246
117000087,102,555,-453
117000088,283,185,98
117000089,1553,308,1245
117000090,305,1516,-1211
117000091,940,373,567
117000092,489,1520,-1031
117000093,1158,798,360
117000094,1556,3433,-1877
117000095,3724,1037,2687
117000096,635,2707,-2072
117000097,1458,1313,145
117000098,2892,5357,-2465
117000099,3295,1323,1972
117000100,161,333,-172
117000101,206,1387,-1181
117000102,1634,866,768
117000103,814,1893,-1079
117000104,1256,710,546
117000105,924,1765,-841
117000106,1154,938,216
117000107,603,2116,-1513
117000108,1668,915,753
117000109,1849,2870,-1021
117000110,1444,1175,269
117000111,3765,4991,-1226
117000112,3692,2047,1645
117000113,129,310,-181
117000114,216,178,38
117000115,123,137,-14
117000116,120,273,-153
117000117,2183,1197,986
117000118,428,208,220
117000119,221,216,5
117000120,337,480,-143
117000121,280,1094,-814
117000122,291,792,-501
117000123,1912,61,1851
117000124,1059,137,922
117000125,387,123,264
117000126,96,59,37
117000127,213,419,-206
117000128,574,960,-386
117000129,235,76,159
117000130,172,0,172
117000131,0,44,-44
117000132,2832,6,2826
117000133,1426,96,1330
117000134,0,58,-58
117000135,2,34,-32
117000136,0,24,-24
117000137,124,103,21
117000138,20,757,-737
117000140,572,1768,-1196
117000141,1677,693,984
117000181,852,391,461
117000182,238,555,-317
117000195,232,1238,-1006
117000196,314,99,215
117000225,118,17,101
117000226,33,121,-88
117000276,287,11,276
117000277,2,381,-379
117000310,1901,2386,-485
117000315,65,752,-687
117000320,51,0,51
117000906,303,10,293
117000907,27,387,-360
117000908,52,40,12
117000909,66,54,12
117000910,220,186,34
117000911,102,199,-97
117000915,5,690,-685
117000916,44,9,35
117000917,1414,51,1363
117000918,95,62,33
117000919,16,159,-143
117000920,11,1639,-1628
117000921,6,1606,-1600
117000922,43,143,-100
117000924,654,893,-239
117000926,1015,94,921
117000927,2753,1273,1480
117000928,1,141,-140
117000929,229,407,-178
117000930,168,16,152
117000931,954,189,765
117900002,130,478,-348
117900003,1046,531,515
117900005,19,29,-10
117900006,0,31,-31
117900007,168,156,12
117900008,0,20,-20
117900010,283,111,172
117900011,30,53,-23
117900012,73,127,-54
117900013,2,252,-250
117900014,306,137,169
117900015,10,75,-65
117900016,1573,1012,561
117900017,848,275,573
117900018,161,93,68
117900019,449,363,86
117900020,93,350,-257
117900021,40,83,-43
117900022,27,16,11
117900023,696,228,468
117900024,64,77,-13
117900025,22,13,9
117900026,392,323,69
117900028,48,3,45
117900029,349,729,-380
117900030,405,296,109
117900031,214,127,87
117900032,921,497,424
117900033,289,777,-488
117900034,29,24,5
117900035,247,103,144
117900036,248,474,-226
117900037,122,116,6
117900038,33,400,-367
117900039,3,77,-74
117900040,97,485,-388
117900041,7,54,-47
117900042,4644,543,4101
117900043,51,71,-20
117900044,9,3068,-3059
117900045,154,182,-28
117900048,305,388,-83
117900049,302,486,-184
117900050,12,33,-21
117900051,122,7,115
117900052,60,462,-402
117900053,1591,785,806
117900054,0,23,-23
117900055,220,152,68
117900056,489,17,472
117900057,1077,1336,-259
117900058,888,1123,-235
117900059,438,85,353
117900060,2015,5885,-3870
117900061,22,222,-200
117900063,340,216,124
117900065,732,1322,-590
117900066,5,92,-87
117900067,385,217,168
117900069,783,397,386
117900070,245,9,236
117900071,69,159,-90
117900073,459,338,121
117900074,194,32,162
117900075,78,115,-37
117900076,8,49,-41
117900077,402,150,252
117900078,336,811,-475
117900080,128,70,58
117900081,556,411,145
117900082,468,312,156
117900083,334,497,-163
117900086,95,32,63
117900087,154,56,98
117900088,3834,2337,1497
117900089,2100,655,1445
117900090,525,573,-48
117900091,139,243,-104
117900092,78,48,30
117900093,108,94,14
117900094,39,22,17
117900095,201,294,-93
117900096,111,266,-155
117900097,239,78,161
117900098,41,8,33
117900099,194,297,-103
117900100,219,1,218
117900101,461,1607,-1146
117900102,50,55,-5
117900103,76,2,74
117900104,9,87,-78
117900105,120,261,-141
117900106,117,44,73
117900107,30,1,29
117900109,628,424,204
117900110,147,1,146
117900111,285,20,265
117900112,59,26,33
117900113,3942,1718,2224
117900114,31,0,31
117900115,410,102,308
117900116,982,943,39
117900117,633,505,128
117900118,54,0,54
117900119,155,239,-84
117900120,188,118,70
117900121,90,28,62
117900122,1737,3621,-1884
117900123,674,508,166
117900124,903,861,42
117900125,2043,1718,325
117900126,271,689,-418
117900127,486,592,-106
117900128,433,811,-378
117900129,99,0,99
117900130,949,436,513
117900131,2,152,-150
117900132,10,142,-132
117900133,6,160,-154
117900134,53,288,-235
117900135,40,253,-213
117900136,0,51,-51
117900137,94,363,-269
117900138,0,42,-42
117900139,99,139,-40
117900140,3795,155,3640
117900141,245,273,-28
117900142,167,12,155
117900144,106,164,-58
117900145,37,22,15
117900146,211,154,57
117900147,53,72,-19
117900148,2782,1440,1342
117900149,78,254,-176
117900150,50,60,-10
117900151,39,96,-57
117900152,58,61,-3
117900153,39,136,-97
117900154,457,604,-147
117900156,1069,874,195
117900157,115,564,-449
117900158,215,83,132
117900160,651,685,-34
117900161,3228,2674,554
117900162,364,500,-136
117900163,80,77,3
117900165,0,16,-16
117900166,133,428,-295
117900168,31,155,-124
117900169,0,109,-109
117900170,1,34,-33
117900171,1,36,-35
117900172,19,48,-29
117900173,163,105,58
117900174,26,67,-41
117900175,5,32,-27
117900176,15,31,-16
117900177,34,68,-34
117900178,104,61,43
117900180,260,58,202
117900181,124,375,-251
117900182,9,34,-25
117900183,59,173,-114
117900184,34,76,-42
117900185,50,45,5
117900186,49,16,33
117900187,15,15,0
117900188,206,71,135
117900189,80,69,11
117900190,55,5,50
117900191,110,0,110
117900192,252,3,249
117900193,14,60,-46
117900194,10,4,6
117900195,32,74,-42
117900196,17,27,-10
117900207,233,147,86
117900208,35,51,-16
117900209,167,193,-26
117900210,156,240,-84
117900211,34,240,-206
117900212,124,176,-52
117900213,25,34,-9
117900214,10,24,-14
117900216,25,67,-42
117900217,86,458,-372
117900218,101,184,-83
117900219,12,133,-121
117900220,126,73,53
117900221,26,15,11
118000001,1053,696,357
118000002,1134,2350,-1216
118000003,1989,2527,-538
118000004,2911,2299,612
118000005,6718,6138,580
118000006,8918,10205,-1287
118000007,6859,3479,3380
118000008,5140,3801,1339
118000009,2466,4046,-1580
118000010,6483,4914,1569
118000011,1530,2649,-1119
118000012,1353,2562,-1209
118000013,3145,2874,271
118000014,2541,2643,-102
118000016,228,429,-201
118000017,400,450,-50
118000018,567,528,39
118000019,2956,1563,1393
118000020,2496,3257,-761
118000021,922,2969,-2047
118000022,2370,869,1501
118000023,1279,296,983
118000024,2553,1326,1227
118000025,1647,1947,-300
118000027,17368,11411,5957
118000029,1209,860,349
118000032,1842,4298,-2456
118000033,3809,5273,-1464
118000034,7284,2667,4617
118000035,1917,2820,-903
118000036,1343,1010,333
118000037,789,866,-77
118000038,161,70,91
118000039,110,243,-133
118000040,1957,1318,639
118000041,2480,1491,989
118000045,528,181,347
118000046,1454,427,1027
118000047,1261,804,457
118000048,3125,1391,1734
118000051,3261,1076,2185
118000052,2638,692,1946
118000053,548,669,-121
118000054,1967,1610,357
118000055,1522,1737,-215
118000056,267,485,-218
118000057,309,383,-74
118000058,3902,2020,1882
118000059,2496,1019,1477
118000060,954,658,296
118000061,1354,1450,-96
118000062,659,337,322
118000063,372,649,-277
118000064,787,1393,-606
118000065,4289,1757,2532
118000066,821,1442,-621
118000067,973,817,156
118000068,1940,4286,-2346
118000069,3154,1357,1797
118000070,5828,1879,3949
118000071,3633,6404,-2771
118000072,1776,1135,641
118000073,2880,618,2262
118000074,798,369,429
118000075,924,370,554
118000076,1325,2032,-707
118000077,1515,1331,184
118000078,1903,2054,-151
118000079,357,509,-152
118000080,1279,1039,240
118000081,1760,1104,656
118000082,330,1331,-1001
118000083,2036,1870,166
118000084,3415,1785,1630
118000086,278,654,-376
118000087,4913,2736,2177
118000088,1824,1619,205
118000089,3979,2172,1807
118000090,1687,3020,-1333
118000091,1289,2181,-892
118000092,1138,526,612
118000093,120,792,-672
118000096,628,668,-40
118000097,866,631,235
118000098,305,244,61
118000099,688,862,-174
118000101,1162,343,819
118000102,395,1311,-916
118000107,2386,555,1831
118000108,933,2195,-1262
118000110,0,25,-25
118000111,0,462,-462
118000112,540,6,534
118000113,8,680,-672
118000114,365,9,356
118000115,17,12,5
118000116,56,0,56
118000117,1199,855,344
118000118,916,759,157
118000119,883,1010,-127
118000120,1743,1404,339
118000121,111,642,-531
118000122,1469,389,1080
118000123,48,197,-149
118000125,1665,1044,621
118000126,747,1747,-1000
118000127,1658,672,986
118000128,585,1245,-660
118000129,987,384,603
118000130,3067,4367,-1300
118000131,680,755,-75
118000132,2398,1740,658
118000133,905,376,529
118000135,674,488,186
118000136,88,428,-340
118000137,563,101,462
118000138,368,750,-382
118000139,345,82,263
118000140,2640,4411,-1771
118000141,2047,2012,35
118000142,1790,1904,-114
118000143,1924,1341,583
118000144,1255,1095,160
118000145,1696,2396,-700
118000146,1226,954,272
118000147,995,1942,-947
118000148,714,1406,-692
118000149,831,813,18
118000150,525,218,307
118000151,558,535,23
118000153,1312,1286,26
118000154,1594,1832,-238
118000155,1123,1412,-289
118000156,2631,2881,-250
118000157,505,312,193
118000158,170,434,-264
118000159,35,96,-61
118000160,550,445,105
118000161,545,1003,-458
118000162,1888,891,997
118000163,794,851,-57
118000164,2123,1555,568
118000168,1455,684,771
118000169,1238,1365,-127
118000170,4541,5644,-1103
118000171,379,730,-351
118000172,110,295,-185
118000173,1002,1291,-289
118000175,323,345,-22
118000176,289,412,-123
118000177,230,538,-308
118000178,31,73,-42
118000179,1568,1113,455
118000180,983,734,249
118000181,862,394,468
118000182,306,290,16
118000183,255,305,-50
118000184,822,837,-15
118000185,1328,1244,84
118000186,821,1252,-431
118000187,1268,834,434
118000188,666,241,425
118000189,720,928,-208
118000190,25,13,12
118000191,22,52,-30
118000192,213,197,16
118000193,174,502,-328
118000194,1541,1100,441
118000195,760,786,-26
118000196,367,167,200
118000197,787,149,638
118000198,629,572,57
118000199,612,378,234
118000200,124,261,-137
118000201,456,451,5
118000202,50,63,-13
118000203,939,547,392
118000204,174,348,-174
118000205,242,310,-68
118000206,218,198,20
118000207,0,79,-79
118000208,1360,1807,-447
118000209,2748,2116,632
118000210,40,51,-11
118000211,37,34,3
118000213,1340,1145,195
118000214,692,585,107
118000215,284,276,8
118000216,2197,3240,-1043
118000217,31,125,-94
118000218,90,141,-51
118000219,489,371,118
118000220,5,34,-29
118000221,183,358,-175
118000222,60,10,50
118000223,37,56,-19
118000224,189,126,63
118000225,155,726,-571
118000226,1313,197,1116
118000227,907,375,532
118000228,198,266,-68
118000229,225,74,151
118000230,162,256,-94
118000231,107,190,-83
118000232,772,978,-206
118000233,1115,865,250
118000234,457,237,220
118000236,452,393,59
118000237,143,527,-384
118000238,289,203,86
118000239,273,318,-45
118000240,520,173,347
118000241,130,181,-51
118000242,452,725,-273
118000243,251,275,-24
118000244,60,121,-61
118000246,2,28,-26
118000255,74,187,-113
118000256,112,205,-93
118000259,11,63,-52
118000260,299,109,190
118000261,21,95,-74
118000263,48,194,-146
118000266,216,355,-139
118000267,0,99,-99
118000268,397,47,350
118000270,91,46,45
118000271,135,269,-134
118000272,64,50,14
118000273,187,84,103
118000274,120,274,-154
118000276,451,348,103
118000295,8,112,-104
118000298,232,358,-126
118000299,50,156,-106
118000301,1,53,-52
118000302,114,107,7
118000311,414,133,281
118000312,277,199,78
118000313,63,191,-128
118000314,87,60,27
118000315,51,74,-23
118000316,672,446,226
118000325,107,83,24
118000326,39,38,1
118000331,38,81,-43
118000332,15,57,-42
118000333,44,129,-85
118000335,302,0,302
118000336,0,293,-293
118000407,157,55,102
118000457,10,38,-28
118000465,4916,4904,12
118000480,16,152,-136
118000489,23,292,-269
118000490,56,255,-199
118000492,161,187,-26
118000510,100,22,78
118000514,118,304,-186
118000515,745,692,53
118000517,362,218,144
118000524,547,266,281
118000525,1071,884,187
118000530,23,136,-113
118000531,314,287,27
118000532,178,368,-190
118000533,487,152,335
118000534,774,490,284
118000535,253,131,122
118000536,1273,2045,-772
118000537,23,169,-146
118000538,39,88,-49
118000539,28,130,-102
118000540,341,184,157
118000541,204,97,107
118000542,131,234,-103
118000543,219,244,-25
118000546,66,30,36
118000560,3302,2094,1208
118000562,36,297,-261
118000563,1832,1360,472
118000576,149,126,23
118000577,135,135,0
118000578,95,91,4
118000579,465,1027,-562
118000595,192,90,102
118000596,0,64,-64
118000597,91,92,-1
118000598,15,1,14
118000599,51,37,14
118000600,1,38,-37
118000601,16,0,16
118000602,0,35,-35
118000603,0,19,-19
118900001,917,1393,-476
118900002,965,919,46
118900003,449,49,400
118900004,94,95,-1
118900005,70,2,68
118900006,171,9,162
118900007,13,6,7
118900008,1750,58,1692
118900009,72,55,17
118900010,72,7,65
118900011,133,42,91
118900012,474,174,300
118900013,496,154,342
118900015,213,57,156
118900016,6,12,-6
118900017,272,309,-37
118900018,875,34,841
118900019,56,33,23
118900020,282,156,126
118900021,172,420,-248
118900022,145,161,-16
118900023,180,107,73
118900024,124,178,-54
118900025,37,39,-2
118900026,81,105,-24
118900027,380,231,149
118900028,141,193,-52
118900029,264,353,-89
118900030,297,111,186
118900031,169,134,35
118900032,224,215,9
118900033,464,411,53
118900034,154,25,129
118900035,119,200,-81
118900036,1134,708,426
118900037,489,276,213
118900038,437,233,204
118900039,517,218,299
118900040,204,225,-21
118900041,602,174,428
118900042,207,112,95
118900045,266,196,70
118900046,967,259,708
118900047,447,254,193
118900048,276,191,85
118900049,68,38,30
118900050,27,117,-90
118900051,96,77,19
118900052,323,188,135
118900053,58,102,-44
118900054,132,28,104
118900055,83,90,-7
118900056,30,368,-338
118900057,788,499,289
118900058,392,326,66
118900059,10,79,-69
118900060,71,87,-16
118900062,460,233,227
118900064,846,585,261
118900065,64,200,-136
118900066,66,97,-31
118900067,5158,3666,1492
118900068,8,262,-254
118900069,377,207,170
118900071,8,117,-109
118900072,407,429,-22
118900073,113,103,10
118900074,85,231,-146
118900075,116,125,-9
118900076,243,116,127
118900077,276,239,37
118900078,37,9,28
118900079,69,263,-194
118900080,18,176,-158
118900081,77,23,54
118900082,682,175,507
118900083,44,11,33
118900084,8,29,-21
118900085,631,1148,-517
118900086,40,85,-45
118900087,29,248,-219
118900088,1,14,-13
118900089,15,17,-2
118900090,393,419,-26
118900091,229,178,51
118900092,126,153,-27
118900093,132,15,117
118900096,70,21,49
118900097,231,518,-287
118900099,113,295,-182
118900100,167,285,-118
118900101,169,577,-408
118900102,91,121,-30
118900103,53,125,-72
118900104,315,218,97
118900105,320,111,209
118900107,174,117,57
118900108,148,123,25
118900109,1342,324,1018
118900110,1626,818,808
118900111,381,690,-309
118900112,59,176,-117
118900113,120,520,-400
118900114,15,90,-75
118900115,169,409,-240
118900116,152,238,-86
118900117,133,167,-34
118900118,257,345,-88
118900119,107,260,-153
118900120,128,318,-190
118900121,21,252,-231
118900122,14,930,-916
118900123,164,247,-83
118900124,75,251,-176
118900126,17,451,-434
118900129,250,222,28
118900130,59,204,-145
118900131,96,241,-145
118900132,351,207,144
118900133,12,110,-98
118900135,221,297,-76
118900136,171,586,-415
118900137,10,48,-38
118900139,176,514,-338
118900140,286,619,-333
118900141,108,210,-102
118900144,96,397,-301
118900145,39,165,-126
118900146,344,687,-343
118900147,294,112,182
118900148,112,62,50
118900150,168,566,-398
118900152,664,953,-289
118900157,94,145,-51
118900158,80,73,7
118900159,4,243,-239
118900161,82,16,66
118900163,208,113,95
118900164,7,122,-115
118900165,44,234,-190
118900166,38,5,33
118900167,93,151,-58
118900168,10,207,-197
118900169,105,423,-318
118900170,185,124,61
118900171,9,55,-46
118900174,66,84,-18
118900175,340,521,-181
118900176,145,265,-120
118900177,68,62,6
118900178,125,186,-61
118900179,7,45,-38
118900181,82,78,4
118900182,126,60,66
118900183,35,145,-110
118900184,317,76,241
118900185,85,123,-38
118900186,94,99,-5
118900187,225,280,-55
118900188,282,290,-8
118900189,45,824,-779
118900190,12,385,-373
118900191,138,66,72
118900192,189,21,168
118900193,456,7,449
118900195,362,888,-526
118900196,24,143,-119
118900197,125,39,86
118900198,29,25,4
118900199,90,56,34
118900200,23,12,11
118900201,21,39,-18
118900202,11,52,-41
118900203,9,33,-24
118900204,19,52,-33
118900205,3,14,-11
118900206,1,31,-30
119000001,1436,1676,-240
119000002,4508,3238,1270
119000003,2606,1308,1298
119000004,2655,1463,1192
119000005,1653,2087,-434
119000006,2757,1603,1154
119000007,3233,3366,-133
119000008,2150,1998,152
119000009,3881,4634,-753
119000010,7089,4742,2347
119000011,5031,3231,1800
119000012,3837,3918,-81
119000013,2390,1551,839
119000014,2490,3845,-1355
119000019,393,154,239
119000020,2457,1519,938
119000021,4335,2515,1820
119000022,3600,2811,789
119000023,266,311,-45
119000024,1729,10087,-8358
119000025,8805,1634,7171
119000026,129,333,-204
119000027,301,524,-223
119000028,2226,1243,983
119000029,89,322,-233
119000030,566,985,-419
119000031,800,716,84
119000032,2129,2742,-613
119000033,2252,1560,692
119000034,1223,1200,23
119000035,34,356,-322
119000036,1777,871,906
119000037,1225,1961,-736
119000038,174,1101,-927
119000039,298,313,-15
119000040,906,614,292
119000041,838,1149,-311
119000048,3476,3397,79
119000049,1614,2615,-1001
119000050,1841,2039,-198
119000051,2076,1092,984
119000052,1942,3167,-1225
119000053,1936,1393,543
119000054,3236,3714,-478
119000055,4165,3755,410
119000056,2329,2316,13
119000057,1662,2466,-804
119000058,2087,2182,-95
119000059,1448,1867,-419
119000060,1530,1244,286
119000061,1058,905,153
119000062,1154,1475,-321
119000063,458,249,209
119000064,1190,1537,-347
119000065,2201,3560,-1359
119000066,2165,1012,1153
119000067,1856,2390,-534
119000068,1671,1111,560
119000069,1452,2483,-1031
119000070,2378,1076,1302
119000071,438,719,-281
119000072,5850,3380,2470
119000073,5198,6943,-1745
119000074,1270,2913,-1643
119000075,1896,2488,-592
119000076,469,790,-321
119000077,1070,530,540
119000078,445,178,267
119000079,146,607,-461
119000080,624,267,357
119000081,335,343,-8
119000082,905,239,666
119000083,590,467,123
119000084,273,438,-165
119000085,523,246,277
119000086,303,485,-182
119000087,1788,1193,595
119000088,406,267,139
119000089,73,178,-105
119000090,130,168,-38
119000091,130,397,-267
119000092,482,196,286
119000093,3962,3045,917
119000094,2899,5986,-3087
119000095,1784,2898,-1114
119000097,2254,1755,499
119000098,960,2683,-1723
119000099,2659,2230,429
119000100,3822,3105,717
119000101,4634,2104,2530
119000102,965,1041,-76
119000103,1804,538,1266
119000104,2889,1498,1391
119000105,1221,1874,-653
119000106,334,1542,-1208
119000107,858,510,348
119000108,414,1120,-706
119000109,241,382,-141
119000110,741,368,373
119000111,111,608,-497
119000112,231,129,102
119000113,2854,384,2470
119000114,921,938,-17
119000115,152,189,-37
119000116,120,117,3
119000117,127,484,-357
119000118,4,3,1
119000123,4838,1225,3613
119000124,720,232,488
119000125,3306,828,2478
119000126,504,742,-238
119000127,547,731,-184
119000128,54,7,47
119000131,951,944,7
119000132,3,8,-5
119000133,1,3,-2
119000134,2107,614,1493
119000135,112,208,-96
119000136,219,218,1
119000137,176,440,-264
119000138,397,285,112
119000139,219,297,-78
119000140,201,396,-195
119000284,1330,3212,-1882
119000285,2296,2395,-99
119000286,8437,6954,1483
119000287,1386,2623,-1237
119000288,2083,1710,373
119000289,2119,3570,-1451
119000290,217,494,-277
119000291,16,291,-275
119000293,89,169,-80
119000294,37,25,12
119000295,1841,515,1326
119000296,163,137,26
119000302,2375,1604,771
119000303,63,188,-125
119000314,1729,9914,-8185
119000315,1,552,-551
119000316,97,95,2
119000317,78,320,-242
119900001,306,1347,-1041
119900002,191,341,-150
119900003,72,1263,-1191
119900004,358,1154,-796
119900005,221,155,66
119900006,226,531,-305
119900007,1224,258,966
119900008,105,47,58
119900009,648,696,-48
119900010,1702,1163,539
119900011,19,108,-89
119900012,26,98,-72
119900013,1803,947,856
119900014,595,283,312
119900015,128,60,68
119900016,65,106,-41
119900017,43,30,13
119900018,2051,961,1090
119900019,62,6,56
119900020,210,257,-47
119900021,157,83,74
119900022,154,707,-553
119900023,687,1231,-544
119900025,157,43,114
119900026,911,170,741
119900027,20,36,-16
119900028,232,103,129
119900029,0,13,-13
119900030,719,604,115
119900031,99,348,-249
119900033,2487,394,2093
119900034,355,158,197
119900037,265,43,222
119900038,97,349,-252
119900039,56,7,49
119900040,316,22,294
119900041,152,66,86
119900042,144,197,-53
119900043,83,185,-102
119900044,244,806,-562
119900046,150,90,60
119900047,311,77,234
119900048,231,38,193
119900049,141,8,133
119900050,247,125,122
119900051,993,24,969
119900052,66,85,-19
119900053,196,237,-41
119900054,107,13,94
119900055,1434,532,902
119900057,250,123,127
119900058,225,3,222
119900059,191,67,124
119900060,267,19,248
119900061,391,7,384
119900062,49,40,9
119900063,26,67,-41
119900064,448,63,385
119900065,235,8,227
119900066,0,0,0
119900067,175,60,115
119900068,451,7,444
119900069,80,13,67
119900070,1271,41,1230
119900071,564,24,540
119900072,396,473,-77
119900073,2114,634,1480
119900074,75,31,44
119900075,6084,2955,3129
119900076,681,507,174
119900077,778,1333,-555
119900078,471,893,-422
119900079,238,349,-111
119900080,373,274,99
119900081,33,83,-50
119900082,1374,276,1098
119900083,449,203,246
119900084,916,392,524
119900085,89,103,-14
119900086,184,802,-618
119900087,812,367,445
119900088,45,82,-37
119900089,54,633,-579
119900090,190,94,96
119900091,76,1129,-1053
119900092,122,561,-439
119900093,1277,291,986
119900094,24,211,-187
119900095,218,129,89
119900096,61,174,-113
119900097,750,229,521
119900098,67,80,-13
119900099,42,319,-277
119900100,2758,2913,-155
119900101,285,1202,-917
119900102,48,363,-315
119900103,62,509,-447
119900104,60,272,-212
119900105,1414,1541,-127
119900106,25,232,-207
119900107,402,3360,-2958
119900108,2234,799,1435
119900109,60,206,-146
119900110,595,639,-44
119900111,134,418,-284
119900112,1976,598,1378
119900113,146,399,-253
119900114,264,1407,-1143
119900115,311,1267,-956
119900116,225,512,-287
119900117,336,884,-548
119900118,94,1074,-980
119900119,240,292,-52
119900120,783,779,4
119900121,370,1275,-905
119900122,561,487,74
119900123,207,464,-257
119900124,280,1020,-740
119900125,58,345,-287
119900126,5141,416,4725
119900127,2726,1294,1432
119900128,497,1196,-699
119900129,303,693,-390
119900130,44,308,-264
119900131,39,304,-265
119900132,0,278,-278
119900133,83,110,-27
119900134,2065,326,1739
119900135,1,440,-439
119900136,207,389,-182
119900138,477,635,-158
119900139,75,121,-46
119900140,1,115,-114
119900141,160,744,-584
119900142,23,48,-25
119900143,11,212,-201
119900144,1798,257,1541
119900145,103,235,-132
119900146,237,269,-32
119900147,4,180,-176
119900148,215,94,121
119900149,1710,4097,-2387
119900150,217,212,5
119900151,2041,822,1219
119900152,123,442,-319
119900153,141,78,63
119900154,30,242,-212
119900155,50,53,-3
119900156,25,6,19
119900157,180,278,-98
119900158,169,113,56
119900159,8,1703,-1695
119900160,44,221,-177
119900161,175,296,-121
119900162,846,1108,-262
119900163,158,169,-11
119900164,0,5,-5
119900165,192,300,-108
119900166,125,63,62
119900167,129,188,-59
119900168,855,595,260
119900169,169,375,-206
119900170,220,320,-100
119900171,1081,585,496
119900172,235,36,199
119900173,21,580,-559
119900174,8,251,-243
119900175,1275,844,431
119900177,46,271,-225
119900178,8,189,-181
119900179,85,392,-307
119900180,1030,929,101
119900181,74,132,-58
119900182,26,531,-505
119900183,156,798,-642
119900184,3303,720,2583
119900185,74,186,-112
119900186,131,955,-824
119900187,21,579,-558
119900188,126,431,-305
119900189,605,562,43
119900190,89,320,-231
119900191,351,190,161
119900192,110,229,-119
119900193,336,213,123
119900194,27,79,-52
119900195,92,278,-186
119900196,2010,662,1348
119900197,240,195,45
119900198,106,341,-235
119900199,171,31,140
119900200,733,770,-37
119900201,468,318,150
119900202,100,205,-105
119900203,260,587,-327
119900204,247,429,-182
119900205,710,632,78
119900206,184,163,21
119900208,243,226,17
119900209,535,1287,-752
119900210,38,40,-2
119900211,130,18,112
119900212,154,304,-150
119900213,29,87,-58
119900214,32,95,-63
119900215,61,83,-22
119900216,9,85,-76
119900217,13,73,-60
119900218,28,81,-53
119900219,8,135,-127
119900220,11,100,-89
119900221,29,359,-330
119900222,17,249,-232
119900223,22,110,-88
119900224,21,45,-24
119900225,1180,75,1105
119900226,776,2096,-1320
119900227,1304,446,858
119900228,101,305,-204
119900229,394,467,-73
119900230,2038,903,1135
119900231,247,189,58
119900232,269,115,154
119900233,69,6,63
119900234,32,74,-42
119900235,18,70,-52
119900236,30,266,-236
119900237,103,693,-590
119900238,3,105,-102
119900240,94,161,-67
119900241,219,326,-107
119900242,1828,1936,-108
119900244,852,1606,-754
119900245,187,246,-59
119900246,339,556,-217
119900247,47,83,-36
119900248,102,208,-106
119900249,217,105,112
119900253,3843,528,3315
119900254,84,663,-579
119900255,122,616,-494
119900256,677,1231,-554
119900257,53,0,53
119900258,149,51,98
119900259,5,164,-159
119900260,125,18,107
119900261,232,181,51
119900262,0,232,-232
119900263,1080,513,567
119900264,127,205,-78
119900265,420,361,59
119900266,363,325,38
119900267,324,697,-373
119900268,123,216,-93
119900269,1114,1355,-241
119900271,40,139,-99
119900272,409,150,259
119900275,91,3,88
119900276,48,5,43
119900277,10,8,2
119900278,249,90,159
119900279,197,380,-183
119900280,844,239,605
119900281,1,202,-201
119900282,86,75,11
119900283,29,344,-315
119900284,53,229,-176
119900285,35,97,-62
119900286,3,51,-48
119900288,3,31,-28
119900289,0,42,-42
119900290,7,30,-23
119900291,17,118,-101
119900292,32,64,-32
119900293,40,129,-89
119900294,41,130,-89
119900295,14,25,-11
119900296,38,237,-199
119900297,1,28,-27
119900298,9,11,-2
119900299,76,240,-164
119900300,211,247,-36
119900301,181,55,126
119900302,204,98,106
119900303,246,209,37
119900304,146,46,100
119900305,13,158,-145
119900306,31,6,25
119900307,55,156,-101
119900308,19,35,-16
119900309,50,120,-70
119900310,312,409,-97
119900311,76,158,-82
119900312,105,111,-6
119900313,298,411,-113
119900314,208,444,-236
119900315,1611,2830,-1219
119900318,41,32,9
119900319,1,295,-294
119900320,218,704,-486
119900321,82,4,78
120000001,7470,14354,-6884
120000002,2461,3190,-729
120000003,3591,1991,1600
120000004,3152,2570,582
120000005,5041,2455,2586
120000006,1334,1551,-217
120000007,4115,3288,827
120000008,1003,1629,-626
120000009,4249,1177,3072
120000010,1944,2912,-968
120000011,1188,2349,-1161
120000012,1743,3353,-1610
120000013,2990,3189,-199
120000014,788,1717,-929
120000015,2499,1649,850
120000016,3598,2399,1199
120000017,3099,2755,344
120000018,4351,11280,-6929
120000019,929,1438,-509
120000020,3281,3155,126
120000021,1847,2391,-544
120000022,3007,4047,-1040
120000023,954,1705,-751
120000024,1388,2507,-1119
120000025,2328,2215,113
120000026,1530,1811,-281
120000027,1842,2297,-455
120000028,840,773,67
120000029,5181,871,4310
120000030,603,1165,-562
120000031,2407,7641,-5234
120000032,9382,4586,4796
120000033,5293,2292,3001
120000034,1936,2264,-328
120000035,1860,2337,-477
120000036,2803,5776,-2973
120000037,787,1586,-799
120000038,8149,4160,3989
120000039,552,1118,-566
120000040,126,331,-205
120000041,1520,1734,-214
120000042,2218,3047,-829
120000043,5894,2286,3608
120000044,5021,1907,3114
120000045,5421,1226,4195
120000046,2698,2867,-169
120000047,1737,5301,-3564
120000048,9141,4286,4855
120000049,3394,3226,168
120000050,4135,4548,-413
120000051,3517,5476,-1959
120000052,11070,2831,8239
120000053,1068,3121,-2053
120000054,1453,5151,-3698
120000055,1805,5822,-4017
120000056,4568,4609,-41
120000057,3111,762,2349
120000058,3156,502,2654
120000059,89,1623,-1534
120000061,110,708,-598
120000062,213,318,-105
120000063,1936,3300,-1364
120000064,237,1481,-1244
120000065,726,2058,-1332
120000066,304,600,-296
120000067,215,561,-346
120000068,211,995,-784
120000069,680,1462,-782
120000070,58,830,-772
120000071,412,194,218
120000072,770,458,312
120000073,809,113,696
120000074,415,108,307
120000075,1387,353,1034
120000076,2055,474,1581
120000077,1983,712,1271
120000078,3821,1273,2548
120000079,220,186,34
120000080,140,222,-82
120000081,249,180,69
120000082,184,217,-33
120000083,59,550,-491
120000084,412,388,24
120000085,313,324,-11
120000086,318,552,-234
120000087,207,846,-639
120000088,726,1502,-776
120000089,1193,866,327
120000090,735,644,91
120000091,828,1141,-313
120000092,1433,766,667
120000093,427,544,-117
120000094,155,733,-578
120000095,1126,593,533
120000096,347,886,-539
120000098,999,975,24
120000099,523,944,-421
120000100,853,1234,-381
120000101,576,603,-27
120000102,568,846,-278
120000103,1518,835,683
120000104,1721,521,1200
120000105,2832,746,2086
120000106,2334,794,1540
120000107,3588,708,2880
120000108,1266,139,1127
120000109,1196,85,1111
120000110,86,1056,-970
120000111,151,1259,-1108
120000112,872,3582,-2710
120000113,670,2562,-1892
120000114,1057,3500,-2443
120000115,362,2807,-2445
120000116,816,2436,-1620
120000117,1350,1818,-468
120000118,37,20,17
120000119,13,81,-68
120000120,75,71,4
120000121,50,80,-30
120000122,321,354,-33
120000123,6081,4759,1322
120000124,570,375,195
120000125,528,735,-207
120000126,332,788,-456
120000127,3328,1068,2260
120000128,4020,3641,379
120000129,292,327,-35
120000130,843,689,154
120000131,263,677,-414
120000134,499,1322,-823
120000135,507,458,49
120000137,308,1721,-1413
120000138,850,567,283
120000139,282,925,-643
120000140,694,622,72
120000141,314,529,-215
120000142,504,656,-152
120000143,3,128,-125
120000144,114,1,113
120000145,329,1,328
120000146,1678,1074,604
120000149,758,1322,-564
120000150,3909,12676,-8767
120000151,459,543,-84
120000152,549,247,302
120000153,351,699,-348
120000154,475,485,-10
120000155,109,296,-187
120000156,1049,937,112
120000157,1016,840,176
120000158,950,973,-23
120000159,2039,3039,-1000
120000160,2493,1476,1017
120000161,2131,2528,-397
120000162,137,350,-213
120000163,668,1426,-758
120000164,489,477,12
120000165,607,1092,-485
120000166,1408,709,699
120000167,84,126,-42
120000168,28,447,-419
120000169,60,1030,-970
120000170,58,590,-532
120000171,36,192,-156
120000172,40,84,-44
120000173,2526,501,2025
120000174,939,20,919
120000175,472,43,429
120000176,470,35,435
120000177,1453,133,1320
120000178,159,18,141
120000179,428,34,394
120000180,1091,103,988
120000181,220,671,-451
120000182,75,302,-227
120000183,20,300,-280
120000184,153,944,-791
120000186,69,226,-157
120000187,57,134,-77
120000188,200,139,61
120000190,1203,28,1175
120000191,1889,43,1846
120000192,1855,48,1807
120000193,767,15,752
120000195,198,6,192
120000196,468,54,414
120000197,221,164,57
120000198,167,121,46
120000199,73,3,70
120000200,79,3,76
120000201,20,13,7
120000202,8,44,-36
120000203,43,222,-179
120000207,1,88,-87
120000208,10,285,-275
120000209,5,96,-91
120000210,124,103,21
120000211,107,2,105
120000212,145,0,145
120000213,92,366,-274
120000214,1,447,-446
120000215,2,150,-148
120000216,61,16,45
120000217,740,1249,-509
120000218,223,906,-683
120000219,5,563,-558
120000220,9,1933,-1924
120000225,1720,6,1714
120000226,347,3,344
120000227,940,63,877
120000228,7755,3250,4505
120000230,336,14,322
120000231,1330,2504,-1174
120000233,412,8,404
120000235,243,848,-605
120000236,1064,3,1061
120000237,2,1719,-1717
120000238,0,471,-471
120000241,1235,4005,-2770
120000412,1157,25,1132
120000413,217,241,-24
120000414,93,4,89
120000415,0,119,-119
120000416,93,9,84
120000417,3,78,-75
120000418,118,7,111
120000419,15,279,-264
120000420,59,43,16
120000421,13716,7194,6522
120000422,158,1271,-1113
120000423,5,78,-73
120000424,67,168,-101
120000436,126,747,-621
120000437,158,153,5
120000438,3292,326,2966
120000439,195,541,-346
120000443,217,3,214
120000444,1599,733,866
120000445,1684,1257,427
120000446,740,226,514
120000447,231,2,229
120000449,73,8,65
120000450,10,210,-200
120000451,182,256,-74
120000452,97,1,96
120000453,0,361,-361
120000454,69,30,39
120000455,127,69,58
120000456,2722,3786,-1064
120000457,1749,781,968
120000458,543,833,-290
120000459,101,64,37
120000665,1380,219,1161
120000668,145,392,-247
120000669,58,213,-155
120000670,233,494,-261
120000671,1091,383,708
120000672,132,675,-543
120900001,64,87,-23
120900002,463,500,-37
120900003,366,33,333
120900004,11,81,-70
120900005,59,1031,-972
120900006,362,293,69
120900007,215,154,61
120900008,300,1468,-1168
120900009,576,39,537
120900010,483,84,399
120900011,351,217,134
120900012,591,1292,-701
120900013,369,95,274
120900014,3,710,-707
120900015,925,105,820
120900016,836,80,756
120900017,2927,131,2796
120900018,185,615,-430
120900019,712,313,399
120900020,872,1485,-613
120900021,654,199,455
120900022,33,386,-353
120900023,322,51,271
120900024,2288,633,1655
120900025,2090,1264,826
120900026,272,248,24
120900027,852,34,818
120900028,388,100,288
120900029,224,443,-219
120900030,1061,727,334
120900031,295,146,149
120900032,1098,169,929
120900033,1193,80,1113
120900034,38,2396,-2358
120900035,70,233,-163
120900037,239,11,228
120900038,137,266,-129
120900039,117,56,61
120900040,240,4,236
120900041,164,37,127
120900042,489,89,400
120900043,70,24,46
120900044,11,430,-419
120900045,146,163,-17
120900046,352,4,348
120900047,138,84,54
120900048,81,32,49
120900049,423,6,417
120900050,2744,1339,1405
120900051,343,148,195
120900052,715,17,698
120900053,277,105,172
120900054,2004,781,1223
120900055,391,0,391
120900056,433,26,407
120900057,155,28,127
120900058,513,3,510
120900059,85,7,78
120900060,78,40,38
120900061,356,398,-42
120900062,193,2,191
120900063,451,4,447
120900064,485,0,485
120900065,476,15,461
120900066,751,700,51
120900067,134,50,84
120900068,298,1,297
120900069,207,55,152
120900071,31,0,31
120900072,663,6,657
120900073,493,269,224
120900074,587,9,578
120900076,355,0,355
120900077,3876,495,3381
120900078,822,1117,-295
120900079,667,129,538
120900080,682,2123,-1441
120900081,835,984,-149
120900082,758,589,169
120900083,101,16,85
120900084,271,415,-144
120900085,90,145,-55
120900086,204,301,-97
120900087,450,323,127
120900088,164,390,-226
120900089,4496,2644,1852
120900090,174,190,-16
120900091,594,734,-140
120900092,1761,721,1040
120900093,2767,249,2518
120900094,555,254,301
120900095,552,28,524
120900096,77,268,-191
120900097,795,871,-76
120900098,378,267,111
120900099,81,113,-32
120900100,156,342,-186
120900101,985,408,577
120900102,43,68,-25
120900103,55,193,-138
120900104,46,88,-42
120900105,52,634,-582
120900106,1681,730,951
120900107,291,214,77
120900108,3,710,-707
120900109,71,900,-829
120900110,8,688,-680
120900111,209,444,-235
120900112,4,1046,-1042
120900113,52,1013,-961
120900114,44,170,-126
120900115,144,275,-131
120900116,419,630,-211
120900117,2,598,-596
120900118,14,920,-906
120900119,3792,5523,-1731
120900120,43,648,-605
120900121,243,590,-347
120900122,542,706,-164
120900123,4,500,-496
120900124,2,714,-712
120900125,18,1124,-1106
120900126,1931,1599,332
120900127,13,497,-484
120900128,1315,1765,-450
120900129,66,360,-294
120900130,9,442,-433
120900131,38,96,-58
120900132,830,464,366
120900133,224,1183,-959
120900134,975,568,407
120900135,15,643,-628
120900136,36,42,-6
120900137,251,162,89
120900138,24,250,-226
120900139,3,740,-737
120900140,5,104,-99
120900141,297,207,90
120900142,27,748,-721
120900143,3,1038,-1035
120900144,0,202,-202
120900145,402,979,-577
120900146,3,1298,-1295
120900147,1,622,-621
120900148,153,127,26
120900149,0,335,-335
120900150,44,719,-675
120900151,2,701,-699
120900152,0,35,-35
120900153,26,130,-104
120900154,0,396,-396
120900155,202,1215,-1013
120900156,39,282,-243
120900157,43,293,-250
120900158,89,621,-532
120900159,98,290,-192
120900160,42,725,-683
120900161,19,511,-492
120900162,21,662,-641
120900163,34,442,-408
120900164,1,1,0
120900165,15,19,-4
120900166,151,375,-224
120900167,478,211,267
120900169,70,546,-476
120900170,1869,2477,-608
120900171,1403,394,1009
120900172,1699,817,882
120900173,1,52,-51
120900174,20,139,-119
120900175,248,236,12
120900176,20,394,-374
120900177,5,1128,-1123
120900178,1,581,-580
120900179,1280,693,587
120900180,108,145,-37
120900181,89,44,45
120900182,28,275,-247
120900183,231,104,127
120900184,181,97,84
120900185,4,494,-490
120900186,2,602,-600
120900187,513,1018,-505
120900188,181,18,163
120900189,182,1096,-914
120900190,75,12,63
120900191,6,22,-16
120900192,12728,6518,6210
120900194,35,103,-68
120900195,250,363,-113
120900196,653,35,618
120900197,722,176,546
120900198,350,719,-369
120900199,405,2072,-1667
120900200,69,123,-54
120900201,558,234,324
120900202,1,223,-222
120900203,22,96,-74
120900204,143,311,-168
120900205,69,66,3
120900206,29,25,4
121000001,835,1173,-338
121000002,2600,1671,929
121000003,3474,2211,1263
121000004,3302,4404,-1102
121000005,1979,3007,-1028
121000006,3918,1696,2222
121000007,2709,2892,-183
121000008,5974,3620,2354
121000009,6355,5970,385
121000010,9029,6361,2668
121000011,11628,14717,-3089
121000012,20033,12178,7855
121000013,5353,7929,-2576
121000014,6978,6507,471
121000015,4787,7583,-2796
121000016,4750,3811,939
121000017,2321,4428,-2107
121000018,2942,1899,1043
121000019,23415,13399,10016
121000020,16095,17942,-1847
121000021,3630,3485,145
121000022,2905,2883,22
121000023,5317,3657,1660
121000024,5376,5156,220
121000025,677,1432,-755
121000026,307,131,176
121000027,1628,1146,482
121000028,915,595,320
121000029,966,742,224
121000030,340,238,102
121000031,727,742,-15
121000032,232,96,136
121000034,511,212,299
121000035,204,129,75
121000036,978,910,68
121000037,615,543,72
121000038,540,958,-418
121000039,375,653,-278
121000041,709,600,109
121000042,348,423,-75
121000043,727,661,66
121000044,1633,905,728
121000045,648,365,283
121000046,815,1021,-206
121000047,155,112,43
121000049,2040,724,1316
121000050,359,1115,-756
121000051,825,347,478
121000052,575,719,-144
121000053,410,84,326
121000054,68,335,-267
121000055,1330,1172,158
121000056,770,1071,-301
121000057,384,570,-186
121000058,369,254,115
121000059,2361,1629,732
121000060,597,1111,-514
121000061,184,327,-143
121000062,222,391,-169
121000063,921,689,232
121000064,603,785,-182
121000065,411,509,-98
121000066,336,395,-59
121000067,1030,648,382
121000068,855,567,288
121000069,1956,829,1127
121000070,2169,1370,799
121000071,1629,1379,250
121000072,1724,795,929
121000073,1280,1110,170
121000074,164,142,22
121000075,105,409,-304
121000076,1909,530,1379
121000077,190,185,5
121000078,154,179,-25
121000080,2671,773,1898
121000081,4561,3272,1289
121000082,99,271,-172
121000083,188,148,40
121000084,203,154,49
121000085,265,520,-255
121000086,179,941,-762
121000087,82,373,-291
121000088,423,617,-194
121000089,527,471,56
121000090,519,429,90
121000091,1632,885,747
121000092,188,89,99
121000093,195,224,-29
121000094,552,743,-191
121000095,313,641,-328
121000096,2407,2903,-496
121000097,1448,2477,-1029
121000098,595,1248,-653
121000099,653,914,-261
121000100,921,514,407
121000101,443,293,150
121000102,313,353,-40
121000103,281,316,-35
121000104,341,212,129
121000105,473,303,170
121000106,336,453,-117
121000107,2225,3600,-1375
121000109,1513,1136,377
121000110,392,716,-324
121000114,2941,2243,698
121000115,1040,782,258
121000116,276,993,-717
121000117,878,267,611
121000118,1236,270,966
121000119,335,414,-79
121000120,287,497,-210
121000121,681,1127,-446
121000123,2360,684,1676
121000126,147,289,-142
121000127,201,111,90
121000128,1075,484,591
121000129,910,609,301
121000130,659,1101,-442
121000131,3277,2154,1123
121000132,2293,1915,378
121000135,601,947,-346
121000136,2145,759,1386
121000137,585,267,318
121000138,1413,1031,382
121000139,843,253,590
121000141,276,172,104
121000142,950,947,3
121000143,203,49,154
121000144,1470,2304,-834
121000145,576,1237,-661
121000146,1562,969,593
121000147,1117,514,603
121000148,1039,1206,-167
121000149,2317,1456,861
121000152,536,636,-100
121000153,1907,778,1129
121000154,983,818,165
121000155,1483,1229,254
121000156,468,1106,-638
121000157,1217,2037,-820
121000158,376,580,-204
121000159,164,549,-385
121000160,294,496,-202
121000161,209,451,-242
121000162,124,290,-166
121000165,2041,1821,220
121000166,21,421,-400
121000168,408,288,120
121000169,85,196,-111
121000170,318,116,202
121000171,97,200,-103
121000172,668,556,112
121000173,1500,1131,369
121000174,386,456,-70
121000175,984,447,537
121000176,375,279,96
121000177,1044,686,358
121000178,148,57,91
121000179,341,90,251
121000181,484,509,-25
121000182,140,186,-46
121000183,77,89,-12
121000184,1038,97,941
121000185,72,144,-72
121000186,215,511,-296
121000187,190,248,-58
121000188,206,266,-60
121000192,888,411,477
121000193,716,573,143
121000194,2530,2529,1
121000195,301,856,-555
121000196,479,179,300
121000197,268,761,-493
121000198,269,140,129
121000199,132,375,-243
121000200,530,71,459
121000201,5,226,-221
121000202,204,6,198
121000203,1042,2587,-1545
121000204,2586,815,1771
121000205,197,308,-111
121000206,237,48,189
121000207,2556,422,2134
121000208,9,395,-386
121000209,383,373,10
121000210,630,541,89
121000211,313,162,151
121000212,335,682,-347
121000213,9922,3120,6802
121000214,834,2771,-1937
121000215,1257,986,271
121000216,559,853,-294
121000217,5189,2518,2671
121000218,482,1623,-1141
121000219,2037,505,1532
121000220,304,85,219
121000221,147,176,-29
121000222,2594,2440,154
121000223,725,339,386
121000224,498,173,325
121000225,2314,1560,754
121000226,5555,1192,4363
121000227,3,170,-167
121000228,18,627,-609
121000229,283,339,-56
121000230,59,1522,-1463
121000231,1071,39,1032
121000232,367,328,39
121000233,576,412,164
121000234,44,40,4
121000235,98,93,5
121000236,8,62,-54
121000237,42,23,19
121000238,8,89,-81
121000239,43,8,35
121000240,12,212,-200
121000241,84,15,69
121000242,48,220,-172
121000243,505,194,311
121000244,15,104,-89
121000245,67,36,31
121000246,1,95,-94
121000247,115,4,111
121000248,1544,415,1129
121000249,135,290,-155
121000250,866,153,713
121000251,17,471,-454
121000252,122,68,54
121000253,354,417,-63
121000254,840,243,597
121000255,309,174,135
121000256,683,240,443
121000257,79,87,-8
121000258,143,45,98
121000259,89,68,21
121000260,153,113,40
121000261,205,52,153
121000262,1065,1041,24
121000263,490,558,-68
121000271,342,1712,-1370
121000273,131,10,121
121000274,10,32,-22
121000275,4,9,-5
121000276,2,11,-9
121000278,51,29,22
121000279,53,16,37
121000280,105,39,66
121000289,254,20,234
121000290,1313,887,426
121000294,157,189,-32
121000297,949,1229,-280
121000299,264,389,-125
121000300,917,746,171
121000302,72,1298,-1226
121000303,514,389,125
121000304,597,57,540
121000305,236,58,178
121000306,108,130,-22
121000308,206,417,-211
121000309,400,556,-156
121000310,109,380,-271
121000311,106,817,-711
121000312,452,295,157
121000313,420,551,-131
121000314,129,136,-7
121000315,37,87,-50
121000530,1443,1452,-9
121000531,1942,1465,477
121000532,7638,7569,69
121000533,3003,3196,-193
121000918,92,179,-87
121000919,46,57,-11
121000938,142,249,-107
121000939,326,201,125
121000956,1430,1437,-7
121000957,9,13,-4
121000958,101,54,47
121000959,749,989,-240
121000960,2695,2252,443
121000961,265,135,130
121000962,199,622,-423
121000973,0,136,-136
121000976,35,231,-196
121000979,535,200,335
121000981,336,295,41
121000982,362,170,192
121000983,400,461,-61
121000984,73,79,-6
121000985,702,635,67
121000986,488,238,250
121000987,329,1290,-961
121000988,775,152,623
121001302,385,114,271
121001308,7,20,-13
121001309,191,211,-20
121001313,315,235,80
121001314,2689,3632,-943
121001315,4215,2265,1950
121900001,107,224,-117
121900002,87,32,55
121900003,470,13,457
121900004,159,502,-343
121900005,17,6,11
121900006,92,3,89
121900007,2170,2373,-203
121900008,3607,975,2632
121900009,760,30,730
121900010,224,2,222
121900011,354,515,-161
121900012,15,2,13
121900013,1707,84,1623
121900014,1168,413,755
121900015,177,254,-77
121900016,5,40,-35
121900017,580,602,-22
121900018,306,8,298
121900019,451,272,179
121900020,24,1,23
121900021,935,13,922
121900022,281,238,43
121900023,156,357,-201
121900024,377,110,267
121900025,658,470,188
121900026,452,63,389
121900027,475,190,285
121900028,264,16,248
121900029,122,205,-83
121900030,498,468,30
121900031,1268,6175,-4907
121900032,151,119,32
121900033,159,189,-30
121900034,430,119,311
121900035,3060,2511,549
121900036,81,376,-295
121900037,220,606,-386
121900038,43,205,-162
121900039,471,52,419
121900040,83,113,-30
121900041,84,156,-72
121900042,363,139,224
121900043,1,4,-3
121900044,198,74,124
121900045,410,256,154
121900046,396,313,83
121900047,207,94,113
121900048,70,156,-86
121900050,23,50,-27
121900051,182,155,27
121900052,179,73,106
121900053,569,343,226
121900054,518,1020,-502
121900055,16,22,-6
121900058,225,178,47
121900059,485,192,293
121900060,133,322,-189
121900061,500,254,246
121900062,170,166,4
121900063,1371,432,939
121900064,313,778,-465
121900066,34,26,8
121900067,72,56,16
121900069,198,176,22
121900070,290,140,150
121900071,301,237,64
121900072,51,167,-116
121900073,233,217,16
121900074,994,1150,-156
121900075,512,490,22
121900076,412,655,-243
121900077,26,57,-31
121900078,130,34,96
121900079,0,1,-1
121900080,1067,532,535
121900082,70,151,-81
121900084,29,209,-180
121900085,3,21,-18
121900086,13,44,-31
121900087,215,120,95
121900088,2623,3988,-1365
121900089,170,414,-244
121900090,52,110,-58
121900091,86,139,-53
121900092,86,97,-11
121900093,84,88,-4
121900094,22,4,18
121900095,227,125,102
121900096,1609,965,644
121900097,582,206,376
121900098,8,4,4
121900099,204,77,127
121900100,372,473,-101
121900101,131,160,-29
121900102,6,217,-211
121900103,815,296,519
121900104,1655,339,1316
121900105,264,271,-7
121900106,11,12,-1
121900107,31,32,-1
121900108,3,28,-25
121900109,282,146,136
121900110,545,1096,-551
121900111,1024,110,914
121900112,186,162,24
121900113,61,427,-366
121900114,78,122,-44
121900115,136,332,-196
121900117,508,62,446
121900118,2082,616,1466
121900119,166,111,55
121900120,52,1476,-1424
121900121,554,61,493
121900122,43,56,-13
121900123,252,398,-146
121900124,76,177,-101
121900125,1934,1142,792
121900127,12,93,-81
121900128,106,170,-64
121900129,892,203,689
121900130,130,288,-158
121900131,254,88,166
121900132,58,123,-65
121900133,82,822,-740
121900134,34,153,-119
121900135,2446,387,2059
121900136,262,342,-80
121900137,56,333,-277
121900138,186,297,-111
121900139,311,395,-84
121900140,73,239,-166
121900141,64,41,23
121900142,213,182,31
121900143,26,180,-154
121900144,150,278,-128
121900145,220,296,-76
121900146,727,921,-194
121900147,82,196,-114
121900148,256,338,-82
121900149,386,680,-294
121900150,73,135,-62
121900151,89,235,-146
121900152,93,146,-53
121900153,162,840,-678
121900154,17,244,-227
121900155,5,160,-155
121900156,219,104,115
121900157,2,451,-449
121900158,106,129,-23
121900159,1,250,-249
121900160,31,228,-197
121900161,395,407,-12
121900162,79,190,-111
121900163,369,681,-312
121900164,479,204,275
121900165,217,206,11
121900166,219,189,30
121900167,133,111,22
121900168,190,217,-27
121900169,7,256,-249
121900170,20,233,-213
121900171,769,701,68
121900172,486,303,183
121900173,996,286,710
121900174,25,70,-45
121900175,181,216,-35
121900176,582,1570,-988
121900177,241,84,157
121900179,379,182,197
121900180,5005,4691,314
121900182,659,287,372
121900183,769,844,-75
121900184,61,683,-622
121900185,141,105,36
121900186,6,307,-301
121900187,46,195,-149
121900188,457,457,0
121900189,46,133,-87
121900190,286,547,-261
121900191,100,212,-112
121900192,413,620,-207
121900194,4,188,-184
121900195,154,125,29
121900196,1006,1413,-407
121900197,366,1709,-1343
121900198,1193,939,254
121900199,1,20,-19
121900200,61,294,-233
121900201,1255,951,304
121900202,108,722,-614
121900203,352,1009,-657
121900204,855,1149,-294
121900205,188,204,-16
121900206,14,33,-19
121900207,144,56,88
121900208,196,302,-106
121900209,65,36,29
121900210,1112,1174,-62
121900211,12,125,-113
121900212,138,138,0
121900213,160,88,72
121900214,11,659,-648
121900215,59,162,-103
121900216,47,191,-144
121900217,305,150,155
121900218,197,414,-217
121900219,306,58,248
121900220,185,15,170
121900221,245,778,-533
121900222,156,228,-72
121900223,206,68,138
121900224,96,59,37
121900225,144,91,53
121900226,371,1724,-1353
121900227,205,521,-316
121900228,243,429,-186
121900229,266,336,-70
121900230,175,364,-189
121900231,1068,2225,-1157
121900232,381,371,10
121900233,198,302,-104
121900234,369,281,88
121900235,586,218,368
121900236,426,175,251
121900237,163,279,-116
121900238,142,274,-132
121900239,261,63,198
121900240,254,145,109
121900241,58,78,-20
121900242,10,1,9
121900243,13,0,13
121900244,48,3,45
121900245,212,100,112
121900246,2093,418,1675
121900247,281,303,-22
121900248,1718,1215,503
121900250,300,285,15
121900251,413,46,367
121900252,763,156,607
121900253,151,734,-583
121900254,547,306,241
121900255,236,134,102
121900258,3525,2452,1073
121900259,469,707,-238
121900260,164,218,-54
121900261,170,548,-378
121900262,416,933,-517
121900263,272,290,-18
121900264,2225,1867,358
121900265,347,314,33
121900266,404,169,235
121900267,63,37,26
121900269,241,599,-358
121900270,20,273,-253
121900271,57,198,-141
121900273,460,1786,-1326
121900274,262,324,-62
121900276,769,106,663
121900277,634,1153,-519
121900278,150,1054,-904
121900279,174,202,-28
121900280,243,382,-139
121900281,1080,519,561
121900284,131,10,121
121900286,286,148,138
121900287,20,33,-13
121900290,259,377,-118
121900291,369,575,-206
121900292,144,118,26
121900293,988,2881,-1893
121900294,275,5,270
121900295,178,272,-94
121900296,106,169,-63
121900298,314,762,-448
121900299,5,7,-2
121900300,102,6,96
121900301,74,8,66
121900302,1,29,-28
121900303,330,368,-38
121900304,2,14,-12
121900305,2,5,-3
121900306,171,2,169
121900307,85,35,50
121900308,24,322,-298
121900309,18,328,-310
121900310,31,500,-469
121900311,401,26,375
121900312,329,23,306
121900313,396,30,366
121900314,6,77,-71
121900315,8,0,8
121900316,0,18,-18
121900317,13,0,13
121900318,2,26,-24
121900319,35,151,-116
121900320,69,67,2
121900321,10,1,9
121900322,1,23,-22
121900323,17,18,-1
121900324,1,56,-55
121900325,6,2,4
121900326,2,15,-13
121900327,4,54,-50
121900328,1,20,-19
121900329,1,239,-238
121900330,11,9,2
121900331,62,39,23
121900332,81,33,48
122000001,2514,4642,-2128
122000002,5150,1786,3364
122000003,2487,2636,-149
122000004,3712,1697,2015
122000005,2738,1901,837
122000006,2067,910,1157
122000007,1348,1868,-520
122000008,5297,5741,-444
122000009,456,393,63
122000010,2281,2981,-700
122000011,3641,1659,1982
122000012,1300,1474,-174
122000013,1295,922,373
122000014,1544,1296,248
122000015,1349,1090,259
122000016,602,963,-361
122000017,1086,1087,-1
122000018,1504,1239,265
122000019,857,1197,-340
122000020,225,206,19
122000021,386,566,-180
122000022,1473,1191,282
122000023,699,2235,-1536
122000024,784,1243,-459
122000025,1227,1708,-481
122000026,1223,1048,175
122000027,572,2458,-1886
122000028,852,467,385
122000029,480,453,27
122000030,313,134,179
122000031,164,275,-111
122000032,1608,2077,-469
122000033,676,1094,-418
122000034,764,664,100
122000035,371,783,-412
122000036,604,594,10
122000037,383,239,144
122000038,204,398,-194
122000039,629,405,224
122000040,357,331,26
122000041,450,503,-53
122000042,340,479,-139
122000043,161,143,18
122000044,184,159,25
122000045,1180,503,677
122000046,838,766,72
122000047,297,222,75
122000048,3889,4741,-852
122000049,6556,3266,3290
122000050,1681,832,849
122000051,353,283,70
122000052,557,328,229
122000053,182,757,-575
122000054,2577,2020,557
122000055,2258,2784,-526
122000056,5138,3598,1540
122000057,3765,3654,111
122000058,3166,1369,1797
122000059,3350,1621,1729
122000060,728,616,112
122000061,542,420,122
122000062,1083,368,715
122000063,1698,734,964
122000064,3433,2812,621
122000065,4491,2478,2013
122000066,1084,840,244
122000067,1707,1193,514
122000068,1406,1194,212
122000069,818,672,146
122000070,883,2092,-1209
122000071,1439,1447,-8
122000072,399,426,-27
122000073,365,610,-245
122000074,2872,1686,1186
122000075,773,1322,-549
122000076,2095,1178,917
122000077,1387,697,690
122000078,2532,2584,-52
122000079,1445,1103,342
122000080,685,330,355
122000081,202,298,-96
122000082,842,788,54
122000083,1612,2154,-542
122000084,1332,956,376
122000085,338,1399,-1061
122000086,2283,4852,-2569
122000087,551,236,315
122000088,502,494,8
122000089,5956,2741,3215
122000090,233,469,-236
122000091,284,78,206
122000092,136,36,100
122000093,1849,1634,215
122000094,7025,2556,4469
122000095,3974,4026,-52
122000096,3004,1841,1163
122000098,4047,2170,1877
122000099,1720,579,1141
122000100,895,518,377
122000101,385,801,-416
122000102,1887,1286,601
122000103,2389,1730,659
122000104,428,196,232
122000105,682,270,412
122000106,479,573,-94
122000107,939,451,488
122000108,487,745,-258
122000109,411,294,117
122000110,552,492,60
122000111,2934,1497,1437
122000112,875,1390,-515
122000113,608,720,-112
122000114,3105,1502,1603
122000115,1800,1420,380
122000116,550,653,-103
122000117,1300,464,836
122000118,576,811,-235
122000119,3904,2745,1159
122000120,2912,5169,-2257
122000121,3257,3579,-322
122000122,1006,2133,-1127
122000123,2163,2356,-193
122000124,1175,806,369
122000125,724,953,-229
122000126,805,1500,-695
122000127,1399,1567,-168
122000128,524,1051,-527
122000129,452,1218,-766
122000130,3870,1552,2318
122000131,2101,1571,530
122000132,828,680,148
122000133,1140,1762,-622
122000134,977,870,107
122000135,789,781,8
122000136,903,708,195
122000137,1964,1014,950
122000139,1317,3754,-2437
122000140,1151,600,551
122000141,4580,1094,3486
122000142,448,866,-418
122000143,778,707,71
122000144,2152,1597,555
122000145,1535,975,560
122000146,717,1337,-620
122000147,815,485,330
122000148,2142,2050,92
122000149,2399,1676,723
122000150,1184,1081,103
122000151,182,380,-198
122000152,404,432,-28
122000153,466,337,129
122000154,272,185,87
122000155,1532,2504,-972
122000156,2565,2331,234
122000157,1582,1840,-258
122000158,338,738,-400
122000159,1303,1828,-525
122000160,5630,3084,2546
122000161,1418,1260,158
122000162,2537,2134,403
122000163,314,97,217
122000164,47,78,-31
122000165,882,603,279
122000166,1024,1031,-7
122000167,285,262,23
122000168,213,561,-348
122000169,399,158,241
122000170,341,296,45
122000171,60,91,-31
122000172,1535,1345,190
122000173,1530,2269,-739
122000174,2512,869,1643
122000175,1127,338,789
122000176,270,690,-420
122000177,1579,1258,321
122000178,2721,2474,247
122000179,1847,2254,-407
122000180,1902,1447,455
122000181,2086,3428,-1342
122000182,2533,1859,674
122000183,2203,1000,1203
122000184,3168,2334,834
122000185,1444,1293,151
122000186,460,748,-288
122000187,1813,1118,695
122000188,393,209,184
122000189,309,345,-36
122000190,974,1121,-147
122000191,818,875,-57
122000192,1044,369,675
122000193,461,693,-232
122000194,773,206,567
122000195,157,488,-331
122000196,1280,559,721
122000197,554,731,-177
122000198,435,887,-452
122000199,340,332,8
122000200,1068,608,460
122000201,1181,1290,-109
122000202,1323,1332,-9
122000203,2676,1452,1224
122000204,1909,2002,-93
122000205,1597,1601,-4
122000206,2311,963,1348
122000207,1936,1371,565
122000208,2505,1577,928
122000209,2124,366,1758
122000210,2622,2048,574
122000211,1489,1131,358
122000212,847,566,281
122000213,1113,1544,-431
122000214,2118,1732,386
122000215,1784,1619,165
122000217,1787,1380,407
122000218,703,56,647
122000219,1287,966,321
122000220,423,752,-329
122000221,97,445,-348
122000222,663,146,517
122000223,1601,593,1008
122000225,902,302,600
122000226,2504,1704,800
122000227,328,2339,-2011
122000228,524,406,118
122000229,26,530,-504
122000230,58,645,-587
122000231,285,902,-617
122000232,892,587,305
122000233,3,59,-56
122000234,399,148,251
122000235,1598,219,1379
122000236,1221,195,1026
122000237,157,109,48
122000238,370,339,31
122000239,724,138,586
122000240,1564,839,725
122000241,496,327,169
122000242,994,107,887
122000243,602,44,558
122000244,45,319,-274
122000245,43,94,-51
122000246,106,93,13
122000247,671,269,402
122000248,1090,1836,-746
122000249,941,1096,-155
122000250,2353,1393,960
122000251,300,579,-279
122000252,706,163,543
122000253,53,371,-318
122000254,305,116,189
122000255,818,1887,-1069
122000256,458,1274,-816
122000257,197,328,-131
122000258,332,304,28
122000259,19,484,-465
122000260,11,96,-85
122000261,17,191,-174
122000262,1,53,-52
122000263,367,132,235
122000264,1244,428,816
122000265,2610,923,1687
122000266,4539,695,3844
122000267,200,132,68
122000268,187,428,-241
122000269,939,360,579
122000270,798,147,651
122000271,403,1089,-686
122000272,378,1012,-634
122000273,501,419,82
122000274,214,239,-25
122000275,160,245,-85
122000276,880,640,240
122000277,1468,1604,-136
122000278,1991,918,1073
122000279,273,581,-308
122000280,942,952,-10
122000281,1027,864,163
122000282,277,204,73
122000283,829,110,719
122000284,303,110,193
122000285,556,107,449
122000286,124,179,-55
122000287,1512,1413,99
122000288,632,303,329
122000291,2050,797,1253
122000293,262,288,-26
122000294,93,257,-164
122000295,1337,207,1130
122000296,41,540,-499
122000297,2827,3038,-211
122000299,456,445,11
122000300,462,619,-157
122000301,11073,3252,7821
122000302,761,1675,-914
122000303,3710,1497,2213
122000304,121,329,-208
122000305,1203,320,883
122000306,24,735,-711
122000307,128,144,-16
122000309,75,50,25
122000310,42,96,-54
122000311,369,150,219
122000312,182,114,68
122000313,131,88,43
122000314,102,220,-118
122000315,258,52,206
122000316,946,226,720
122000317,1479,303,1176
122000318,275,988,-713
122000319,260,511,-251
122000320,416,1904,-1488
122000321,195,231,-36
122000322,2489,1886,603
122000323,1566,2215,-649
122000324,1124,1103,21
122000325,854,1465,-611
122000326,69,115,-46
122000327,604,1001,-397
122000328,1142,869,273
122000330,2411,902,1509
122000332,383,374,9
122000333,4,98,-94
122000337,1145,1918,-773
122000338,514,530,-16
122000340,345,447,-102
122000342,1577,1059,518
122000343,259,351,-92
122000344,49,19,30
122000345,225,55,170
122000346,354,207,147
122000348,828,789,39
122000349,168,642,-474
122000351,127,179,-52
122000352,395,138,257
122000353,83,80,3
122000355,140,229,-89
122000356,1657,1137,520
122000357,141,11,130
122000358,0,42,-42
122000359,0,42,-42
122000360,0,72,-72
122000362,16,92,-76
122000364,191,421,-230
122000365,8,40,-32
122000366,12,14,-2
122000368,488,748,-260
122000370,43,58,-15
122000371,18,0,18
122000372,26,2,24
122000381,106,388,-282
122000382,70,295,-225
122000384,2901,1416,1485
122000385,114,1,113
122000386,379,1341,-962
122000387,567,571,-4
122000388,1568,649,919
122000389,143,724,-581
122000390,433,252,181
122000391,331,204,127
122000392,199,238,-39
122000393,357,174,183
122000394,665,358,307
122000395,239,178,61
122000396,353,137,216
122000397,41,62,-21
122000398,53,44,9
122000399,182,72,110
122000400,132,469,-337
122000401,142,80,62
122000402,305,115,190
122000403,598,813,-215
122000404,189,374,-185
122000408,861,1183,-322
122000503,23,111,-88
122000524,168,126,42
122000544,107,2739,-2632
122000616,420,1,419
122000640,81,184,-103
122000641,145,408,-263
122000642,1542,1201,341
122000643,61,149,-88
122000644,152,22,130
122000645,105,157,-52
122000651,1791,702,1089
122000664,247,42,205
122000665,1304,599,705
122000666,685,1265,-580
122000673,33,335,-302
122000674,173,61,112
122000675,2102,1108,994
122000686,416,1094,-678
122000687,1926,333,1593
122000688,317,726,-409
122000689,947,626,321
122000690,2000,653,1347
122000691,740,1988,-1248
122000692,1420,536,884
122000693,468,1779,-1311
122000695,327,472,-145
122000696,451,398,53
122000698,392,705,-313
122000699,336,188,148
122000701,1344,393,951
122000702,413,1374,-961
122000703,154,56,98
122000717,144,54,90
122000718,413,811,-398
122000719,89,112,-23
122000720,442,333,109
122900001,54,11,43
122900002,1447,4758,-3311
122900003,437,60,377
122900004,926,58,868
122900005,117,63,54
122900006,1608,426,1182
122900007,152,74,78
122900008,1233,77,1156
122900009,1026,599,427
122900010,239,129,110
122900012,219,390,-171
122900014,236,347,-111
122900015,2578,1185,1393
122900016,118,342,-224
122900017,372,928,-556
122900018,201,25,176
122900019,21,167,-146
122900020,549,460,89
122900021,55,821,-766
122900022,923,920,3
122900023,658,336,322
122900024,180,129,51
122900025,25,297,-272
122900026,84,347,-263
122900027,101,794,-693
122900028,312,613,-301
122900029,4885,3110,1775
122900030,1247,671,576
122900031,127,250,-123
122900032,96,446,-350
122900033,234,145,89
122900034,4525,5216,-691
122900035,18,23,-5
122900036,66,121,-55
122900037,393,127,266
122900038,166,3407,-3241
122900039,149,472,-323
122900040,321,406,-85
122900041,385,250,135
122900042,206,321,-115
122900043,449,217,232
122900044,132,396,-264
122900045,90,103,-13
122900046,292,142,150
122900047,199,177,22
122900048,57,292,-235
122900049,1427,154,1273
122900051,86,133,-47
122900052,68,178,-110
122900053,23,28,-5
122900055,427,160,267
122900057,311,73,238
122900061,535,260,275
122900062,639,904,-265
122900063,175,337,-162
122900064,1566,517,1049
122900065,562,279,283
122900066,818,424,394
122900067,1350,848,502
122900068,174,297,-123
122900069,297,2179,-1882
122900070,485,71,414
122900071,91,602,-511
122900072,15,717,-702
122900073,33,291,-258
122900074,658,797,-139
122900075,3,82,-79
122900076,14,237,-223
122900077,0,202,-202
122900078,271,147,124
122900080,41,30,11
122900081,251,193,58
122900082,1063,287,776
122900083,224,174,50
122900084,15,309,-294
122900086,14,111,-97
122900087,397,509,-112
122900088,29,128,-99
122900089,98,219,-121
122900090,24,574,-550
122900091,188,1,187
122900092,0,163,-163
122900093,0,293,-293
122900094,4,165,-161
122900095,120,9,111
122900096,282,224,58
122900097,27,41,-14
122900098,68,110,-42
122900099,19,18,1
122900100,831,251,580
122900101,516,238,278
123000001,1888,444,1444
123000002,4685,4915,-230
123000003,4092,3961,131
123000004,3400,4129,-729
123000005,2962,2763,199
123000006,2594,2850,-256
123000007,4081,2546,1535
123000008,3498,3385,113
123000009,5110,3231,1879
123000010,3694,3841,-147
123000011,2594,901,1693
123000012,855,2379,-1524
123000013,4117,906,3211
123000014,929,3727,-2798
123000015,5571,1089,4482
123000016,5629,5069,560
123000017,3192,1844,1348
123000018,58,117,-59
123000019,354,280,74
123000020,205,123,82
123000021,110,290,-180
123000022,373,2310,-1937
123000023,1646,1593,53
123000024,1466,572,894
123000025,182,250,-68
123000026,5,66,-61
123000027,523,502,21
123000028,2395,314,2081
123000029,1761,789,972
123000030,293,550,-257
123000031,292,323,-31
123000032,429,211,218
123000033,254,69,185
123000034,1311,1116,195
123000035,504,519,-15
123000036,330,998,-668
123000037,311,492,-181
123000038,164,231,-67
123000039,475,1478,-1003
123000040,818,464,354
123000041,1273,1249,24
123000042,803,695,108
123000043,3948,9350,-5402
123000044,5938,3155,2783
123000045,10889,3558,7331
123000046,922,1820,-898
123000047,2848,1276,1572
123000048,95,736,-641
123000049,8562,10760,-2198
123000050,1432,1549,-117
123000051,81,219,-138
123000052,946,3618,-2672
123000053,2924,3770,-846
123000054,1583,1529,54
123000055,1235,2205,-970
123000056,1385,2019,-634
123000057,17210,8781,8429
123000058,760,1028,-268
123000059,565,623,-58
123000060,933,417,516
123000061,289,895,-606
123000063,1065,1050,15
123000064,1113,276,837
123000065,5971,3155,2816
123000066,757,709,48
123000067,973,763,210
123000068,3230,3159,71
123000069,8289,3977,4312
123000070,307,807,-500
123000071,1132,1154,-22
123000072,1201,1098,103
123000073,1167,870,297
123000074,1010,1323,-313
123000075,336,1148,-812
123000076,810,845,-35
123000077,2021,2890,-869
123000078,1682,1722,-40
123000079,1577,2033,-456
123000080,2420,2215,205
123000081,177,564,-387
123000082,435,1214,-779
123000083,1120,256,864
123000084,688,608,80
123000085,319,120,199
123000086,505,290,215
123000087,403,407,-4
123000088,1156,1062,94
123000089,496,1260,-764
123000090,1178,947,231
123000091,1548,1540,8
123000092,872,1181,-309
123000094,739,278,461
123000095,620,716,-96
123000096,718,416,302
123000097,550,730,-180
123000098,778,539,239
123000099,670,525,145
123000100,736,800,-64
123000101,747,604,143
123000102,603,709,-106
123000104,447,414,33
123000105,636,477,159
123000106,468,453,15
123000107,365,490,-125
123000108,813,1337,-524
123000111,852,376,476
123000112,1171,710,461
123000113,490,1717,-1227
123000114,465,550,-85
123000115,245,269,-24
123000116,37,81,-44
123000117,1948,2427,-479
123000118,485,1035,-550
123000119,300,940,-640
123000120,692,989,-297
123000121,384,586,-202
123000122,400,238,162
123000123,462,594,-132
123000124,537,539,-2
123000125,1159,1280,-121
123000126,1425,4564,-3139
123000127,834,731,103
123000128,319,335,-16
123000129,655,262,393
123000130,767,135,632
123000131,922,649,273
123000132,389,641,-252
123000133,335,371,-36
123000134,410,176,234
123000135,2430,1528,902
123000136,306,1062,-756
123000137,170,417,-247
123000138,85,545,-460
123000139,578,115,463
123000140,157,1023,-866
123000141,845,163,682
123000142,1008,965,43
123000143,1464,2248,-784
123000144,46,32,14
123000145,192,130,62
123000146,49,88,-39
123000147,80,152,-72
123000149,395,432,-37
123000150,173,238,-65
123000151,277,489,-212
123000152,104,490,-386
123000153,164,655,-491
123000154,1710,1801,-91
123000155,2532,1094,1438
123000156,50,135,-85
123000157,754,929,-175
123000158,668,748,-80
123000159,3594,2744,850
123000160,1178,862,316
123000161,2073,1251,822
123000162,1381,2086,-705
123000163,605,151,454
123000164,1657,458,1199
123000165,478,1814,-1336
123000166,43,157,-114
123000167,176,312,-136
123000168,214,244,-30
123000169,788,162,626
123000170,65,306,-241
123000171,691,54,637
123000172,226,633,-407
123000173,713,329,384
123000174,1169,415,754
123000175,708,1521,-813
123000176,1506,332,1174
123000177,457,1195,-738
123000178,883,164,719
123000179,32,722,-690
123000180,1848,353,1495
123000181,314,1591,-1277
123000182,232,594,-362
123000183,162,410,-248
123000184,132,826,-694
123000185,777,411,366
123000186,12,887,-875
123000187,712,8,704
123000188,233,0,233
123000189,223,209,14
123000190,59,65,-6
123000192,28,509,-481
123000193,78,1036,-958
123000194,465,436,29
123000195,404,42,362
123000196,399,25,374
123000197,58,153,-95
123000198,32,291,-259
123000199,53,607,-554
123000200,570,11,559
123000201,1167,30,1137
123000202,14,1101,-1087
123000203,1022,79,943
123000204,97,1253,-1156
123000205,582,2149,-1567
123000206,2414,265,2149
123000207,79,1025,-946
123000208,590,179,411
123000209,2263,654,1609
123000210,587,2417,-1830
123000211,720,3237,-2517
123000212,3098,635,2463
123000213,799,108,691
123000215,157,204,-47
123000216,323,715,-392
123000217,239,38,201
123000218,85,759,-674
123000219,1106,144,962
123000220,582,121,461
123000221,158,151,7
123000222,503,651,-148
123000223,371,484,-113
123000224,478,517,-39
123000225,368,92,276
123000226,126,365,-239
123000227,87,356,-269
123000228,280,86,194
123000229,1130,1940,-810
123000232,109,661,-552
123000233,794,219,575
123000234,183,705,-522
123000235,1121,390,731
123000236,356,939,-583
123000237,288,102,186
123000238,113,610,-497
123000239,536,1774,-1238
123000240,49,442,-393
123000241,564,159,405
123000242,299,260,39
123000243,820,953,-133
123000244,1016,728,288
123000245,85,227,-142
123000249,373,602,-229
123000252,811,310,501
123000253,1263,541,722
123000254,844,1242,-398
123000255,1255,1022,233
123000256,58,223,-165
123000257,3614,2592,1022
123000258,1291,1111,180
123000259,319,434,-115
123000260,453,561,-108
123000261,265,252,13
123000262,89,221,-132
123000263,465,149,316
123000264,169,121,48
123000265,68,179,-111
123000266,703,916,-213
123000267,727,424,303
123000268,44,77,-33
123000269,36,65,-29
123000270,33,48,-15
123000271,80,83,-3
123000272,699,275,424
123000273,292,644,-352
123000274,1164,667,497
123000275,387,978,-591
123000278,3266,3070,196
123000279,95,110,-15
123000280,326,367,-41
123000281,337,145,192
123000282,123,304,-181
123000283,123,61,62
123000284,71,98,-27
123000286,247,268,-21
123000287,601,311,290
123000288,1386,720,666
123000289,437,1112,-675
123000291,353,928,-575
123000294,129,273,-144
123000295,1175,1069,106
123000296,626,450,176
123000297,267,244,23
123000298,352,238,114
123000299,22,95,-73
123000300,971,892,79
123000301,133,241,-108
123000302,83,254,-171
123000303,150,140,10
123000305,977,838,139
123000306,158,225,-67
123000309,36,69,-33
123000310,53,35,18
123000311,0,140,-140
123000312,517,1018,-501
123000313,505,323,182
123000315,96,414,-318
123000316,1024,76,948
123000317,216,70,146
123000318,55,268,-213
123000329,12,10,2
123000337,841,223,618
123000338,962,43,919
123000339,236,189,47
123000340,155,480,-325
123000342,36,24,12
123000343,52,8,44
123000344,1491,571,920
123000345,464,681,-217
123000346,252,65,187
123000352,1661,889,772
123000353,25,128,-103
123000354,601,15,586
123000355,1,601,-600
123000356,453,10,443
123000357,1,206,-205
123000359,2,203,-201
123000360,155,106,49
123000361,445,392,53
123000362,526,126,400
123000363,132,213,-81
123000364,650,431,219
123000365,39,395,-356
123000366,539,2258,-1719
123000367,312,1348,-1036
123000370,37,262,-225
123000371,640,45,595
123000372,407,23,384
123000373,17,448,-431
123000374,14,329,-315
123000375,455,82,373
123000376,960,608,352
123000377,590,25,565
123000378,16,347,-331
123000379,9,256,-247
123000380,83,462,-379
123000381,190,50,140
123000382,1634,199,1435
123000383,215,1466,-1251
123000384,514,100,414
123000385,478,605,-127
123000436,30,1022,-992
123000507,137,284,-147
123000508,113,984,-871
123000517,343,56,287
123000518,27,298,-271
123000519,164,79,85
123000520,48,279,-231
123000521,294,77,217
123000522,150,489,-339
123000541,7,5,2
123000542,0,25,-25
123000565,611,46,565
123000566,288,630,-342
123000567,99,205,-106
123000573,48,957,-909
123000574,913,74,839
123000575,1430,1373,57
123000576,1086,1648,-562
123000577,84,655,-571
123000578,634,92,542
123000579,3642,5197,-1555
123000580,98,26,72
123000582,380,54,326
123000583,23,422,-399
123000584,226,305,-79
123000585,0,168,-168
123000586,89,4,85
123000596,86,113,-27
123000597,83,142,-59
123000602,29,9,20
123000603,671,647,24
123000604,545,933,-388
123000605,860,160,700
123000606,1,322,-321
123000609,34,324,-290
123000610,177,183,-6
123000613,16,203,-187
123000614,291,55,236
123000615,23,158,-135
123000616,814,73,741
123000617,111,423,-312
123000618,135,681,-546
123000619,748,61,687
123000620,37,552,-515
123000622,494,23,471
123000624,142,30,112
123000630,829,459,370
123000631,238,1469,-1231
123000632,865,981,-116
123000633,2,189,-187
123000634,62,131,-69
123000635,127,107,20
123000636,25,627,-602
123000637,132,58,74
123000638,562,58,504
123000639,1375,4128,-2753
123000640,43,869,-826
123900001,1412,54,1358
123900002,43,1590,-1547
123900003,507,540,-33
123900005,233,180,53
123900006,332,55,277
124000001,2261,206,2055
124000002,111,1856,-1745
124000003,978,178,800
124000004,81,586,-505
124000005,1163,575,588
124000006,277,1266,-989
124000007,702,161,541
124000008,12,544,-532
124000009,513,341,172
124000010,211,545,-334
124000011,1322,409,913
124000012,383,664,-281
124000017,125,165,-40
124000018,130,93,37
124000019,136,142,-6
124000020,89,150,-61
124000021,99,72,27
124000022,93,211,-118
124000023,1564,1597,-33
124000024,1026,499,527
124000025,1176,1587,-411
124000026,1047,1065,-18
124000027,5270,5416,-146
124000028,2694,4703,-2009
124000030,3449,1520,1929
124000031,1378,3360,-1982
124000032,3220,1083,2137
124000033,236,453,-217
124000034,1263,641,622
124000035,40,214,-174
124000036,56,198,-142
124000037,661,1103,-442
124000038,67,87,-20
124000039,1478,588,890
124000040,718,1363,-645
124000041,488,70,418
124000042,106,506,-400
124000043,166,77,89
124000044,68,262,-194
124000045,856,683,173
124000046,320,713,-393
124000047,1676,957,719
124000048,995,1485,-490
124000049,1642,762,880
124000050,834,2082,-1248
124000051,948,599,349
124000052,745,1299,-554
124000053,540,1515,-975
124000054,1015,712,303
124000055,1303,2555,-1252
124000056,2951,1859,1092
124000057,815,591,224
124000058,437,1340,-903
124000059,568,1075,-507
124000060,1427,821,606
124000061,1509,4827,-3318
124000062,4655,2043,2612
124000063,1522,1995,-473
124000064,2714,1756,958
124000065,14,806,-792
124000066,180,86,94
124000067,186,339,-153
124000068,19,39,-20
124000069,231,16,215
124000070,154,181,-27
124000071,194,101,93
124000072,170,492,-322
124000073,851,127,724
124000074,239,784,-545
124000075,316,29,287
124000076,7,228,-221
124000077,2161,1042,1119
124000078,3488,1246,2242
124000079,528,1534,-1006
124000080,572,193,379
124000081,242,591,-349
124000082,26,115,-89
124000083,64,102,-38
124000084,28,192,-164
124000085,190,30,160
124000086,85,107,-22
124000087,119,103,16
124000088,211,468,-257
124000089,1204,577,627
124000090,111,362,-251
124000091,383,88,295
124000092,45,411,-366
124000093,93,93,0
124000094,187,565,-378
124000095,73,77,-4
124000096,130,360,-230
124000097,96,121,-25
124000098,94,85,9
124000099,97,98,-1
124000100,52,79,-27
124000101,85,92,-7
124000102,128,100,28
124000103,88,98,-10
124000104,125,92,33
124000105,77,86,-9
124000106,154,78,76
124000107,24,129,-105
124000108,58,36,22
124000109,103,100,3
124000110,234,131,103
124000111,201,174,27
124000112,702,718,-16
124000113,63,85,-22
124000114,295,487,-192
124000115,354,664,-310
124000116,114,125,-11
124000117,57,109,-52
124000118,43,77,-34
124000119,917,681,236
124000120,709,412,297
124000121,1323,726,597
124000122,586,1398,-812
124000123,1177,626,551
124000124,517,1289,-772
124000125,426,487,-61
124000126,336,703,-367
124000127,954,450,504
124000128,603,1140,-537
124000129,2272,1707,565
124000130,865,704,161
124000131,885,594,291
124000132,857,821,36
124000133,798,971,-173
124000134,1183,709,474
124000135,2043,1851,192
124000136,1082,1150,-68
124000137,1611,803,808
124000138,1524,1609,-85
124000139,590,28,562
124000140,53,481,-428
124000141,466,14,452
124000142,15,232,-217
124000143,67,21,46
124000144,8,92,-84
124000145,151,38,113
124000146,46,88,-42
124000148,29,131,-102
124000149,1360,537,823
124000150,429,705,-276
124000151,679,217,462
124000152,735,1243,-508
124000153,496,627,-131
124000154,317,674,-357
124000155,1066,864,202
124000156,1255,958,297
124000169,186,440,-254
124000170,544,432,112
124000171,307,267,40
124000172,462,660,-198
124000173,487,260,227
124000174,353,626,-273
124000175,13,125,-112
124000176,109,29,80
124000177,9,38,-29
124000178,20,85,-65
124000190,40,21,19
124000191,129,38,91
124000192,2360,459,1901
124000193,569,1068,-499
124000194,440,553,-113
124000195,227,600,-373
124000196,1139,1206,-67
124000197,90,51,39
124000198,39,38,1
124000201,437,1137,-700
124000202,821,428,393
124000203,375,752,-377
124000204,886,419,467
124000205,121,589,-468
124000206,701,476,225
124000207,1,81,-80
124000209,279,601,-322
124000210,445,214,231
124000211,594,2,592
124000212,1,512,-511
124000213,430,321,109
124000214,354,691,-337
124000215,568,31,537
124000216,2,469,-467
124000329,181,1815,-1634
124000338,133,813,-680
124000339,1086,183,903
124000341,1356,124,1232
124000344,25,3,22
124000357,913,2178,-1265
124000358,686,1318,-632
124000359,1377,748,629
124000360,825,488,337
124000361,1940,818,1122
124000362,1435,1813,-378
124000363,294,434,-140
124000364,666,1162,-496
124000365,646,1156,-510
124000366,1567,843,724
124000367,146,552,-406
124000368,440,471,-31
124000369,154,113,41
124000370,47,524,-477
124000402,34,11,23
124000403,193,14,179
124000404,7,145,-138
124000405,1216,966,250
124000406,932,937,-5
124000407,4,38,-34
124000411,4,401,-397
124000412,464,20,444
124000413,353,49,304
124000414,91,107,-16
124000415,68,135,-67
124000416,158,252,-94
124000417,180,109,71
124000418,137,144,-7
124000419,64,122,-58
124000420,71,72,-1
124000421,84,163,-79
124000422,25,16,9
124000423,153,48,105
124000424,11,86,-75
124000425,22,46,-24
124000426,2,47,-45
124000427,59,16,43
124000428,22,76,-54
124000429,88,56,32
124000430,650,701,-51
124000431,374,788,-414
124000432,291,730,-439
124000439,6,6,0
124000442,6,158,-152
124000443,0,3,-3
124000445,109,391,-282
124000446,827,37,790
124900001,402,369,33
124900002,263,453,-190
124900003,854,496,358
124900004,582,342,240
124900005,313,224,89
124900006,658,310,348
124900008,1232,522,710
124900009,303,581,-278
124900010,270,128,142
124900011,747,280,467
124900012,803,151,652
124900013,453,139,314
124900014,322,85,237
124900015,171,514,-343
124900016,76,148,-72
124900017,959,1584,-625
124900018,38,8,30
124900019,553,61,492
124900020,206,120,86
124900021,320,91,229
124900022,168,6,162
124900024,347,40,307
124900026,323,11,312
124900027,94,411,-317
124900028,536,146,390
124900029,13,479,-466
124900030,14,169,-155
124900031,73,427,-354
124900032,165,191,-26
124900033,111,450,-339
124900034,7,64,-57
124900035,222,547,-325
124900036,2,37,-35
124900037,180,404,-224
124900038,383,322,61
124900039,1,40,-39
124900040,183,99,84
124900041,251,912,-661
124900042,234,7,227
124900043,352,992,-640
124900044,80,4,76
124900045,851,1028,-177
124900046,1928,407,1521
124900047,173,237,-64
124900048,183,141,42
124900050,112,241,-129
124900052,156,817,-661
124900053,105,355,-250
124900054,2223,773,1450
124900055,3,196,-193
124900057,7,68,-61
124900060,131,217,-86
124900061,107,9,98
124900062,167,20,147
124900066,0,16,-16
124900067,3,185,-182
124900068,396,1046,-650
124900069,155,129,26
124900070,112,37,75
124900072,144,39,105
124900074,594,278,316
124900075,182,202,-20
124900076,38,1044,-1006
124900077,37,91,-54
124900078,131,23,108
124900079,671,300,371
124900080,215,585,-370
124900081,821,308,513
124900082,327,745,-418
124900083,198,535,-337
124900084,1897,121,1776
124900085,1049,440,609
124900086,157,1277,-1120
124900087,635,113,522
124900088,816,116,700
124900089,1549,40,1509
124900090,337,299,38
124900091,332,497,-165
124900092,246,362,-116
124900093,371,259,112
124900094,397,299,98
124900095,117,531,-414
124900096,640,422,218
124900097,341,101,240
124900098,176,558,-382
124900099,1040,624,416
124900100,328,88,240
124900101,66,204,-138
124900102,267,54,213
124900103,197,285,-88
124900104,54,198,-144
124900105,73,164,-91
124900106,524,86,438
124900107,93,20,73
124900108,142,104,38
124900109,102,183,-81
124900110,948,400,548
124900111,0,100,-100
124900112,115,899,-784
129000186,175,64,111
204000001,58,1,57
204000002,20,4,16
204000003,42,4,38
204000004,5,2,3
204000005,567,508,59
204000006,1360,1177,183
204000008,1281,703,578
204000011,8,55,-47
204000012,67,66,1
204000013,1,24,-23
204000019,517,482,35
204000020,585,542,43
204000021,1129,692,437
204000022,533,426,107
204000023,571,853,-282
204000031,31,11,20
204000032,437,41,396
204000034,16,266,-250
204000035,0,3,-3
204000036,6,16,-10
204000037,0,24,-24
204000038,0,8,-8
204000039,2,29,-27
204000040,11,23,-12
204000041,8,48,-40
204000042,63,9,54
204000043,51,1,50
204000044,51,1,50
204000045,56,2,54
204000046,24,3,21
204000057,2,29,-27
204000062,3,14,-11
204000068,29,193,-164
204000069,4,189,-185
204000070,64,115,-51
204000080,43,60,-17
204000085,2315,2471,-156
204000086,2412,2270,142
204000087,37,18,19
204000088,11,128,-117
204000090,27,400,-373
204000093,353,44,309
204000096,669,1028,-359
204000097,483,11,472
204000099,1013,1330,-317
204000100,1302,1841,-539
204000105,2595,1815,780
204000110,530,1071,-541
204000111,383,646,-263
204000112,656,570,86
204000113,585,682,-97
204000114,906,512,394
204000115,557,286,271
204000116,705,407,298
204000119,1990,2705,-715
204000132,585,325,260
204000133,759,270,489
204000134,261,99,162
204000135,466,76,390
204000136,643,203,440
204000138,384,393,-9
204000140,215,111,104
204000141,153,56,97
204000144,12,22,-10
204000145,628,30,598
204000146,23,317,-294
204000147,45,114,-69
204000148,278,31,247
204000154,7,1,6
204000155,4,4,0
204000177,58,34,24
204000179,15,9,6
204000180,0,15,-15
204000222,84,16,68
204000235,4,21,-17
204000236,66,246,-180
204000238,33,28,5
204000240,407,95,312
204000308,150,26,124
204000317,8,52,-44
204000322,10,64,-54
204000323,10,7,3
204000328,253,41,212
204000329,48,190,-142
204000330,195,17,178
204000331,76,135,-59
204010341,9,134,-125
205000001,903,1983,-1080
205000013,11,51,-40
205000014,15,95,-80
205000015,22,208,-186
205000016,12,170,-158
205000017,27,83,-56
205000022,304,838,-534
205000025,1254,1208,46
205000029,212,14,198
205000045,84,244,-160
205000047,52,459,-407
205000048,299,948,-649
205000049,133,809,-676
205000050,611,325,286
205000059,0,243,-243
205000060,0,75,-75
205000061,3,45,-42
205000062,1,38,-37
205000063,15,61,-46
205000064,15,96,-81
205000065,32,530,-498
205000066,100,719,-619
205000067,40,876,-836
205000069,190,8,182
205000082,180,188,-8
205000110,75,231,-156
205000111,149,255,-106
205000112,209,209,0
205000113,193,384,-191
205000121,300,59,241
205000123,44,240,-196
205000126,471,120,351
205000127,679,226,453
205000128,470,92,378
205000129,645,120,525
205000130,450,50,400
205000131,205,19,186
205000132,266,1,265
205000133,415,0,415
205000134,276,0,276
205000137,60,149,-89
205000138,187,264,-77
205000139,34,125,-91
205000144,89,76,13
205000145,334,150,184
205000151,213,40,173
205000152,157,31,126
205000153,245,28,217
205000154,97,70,27
205000155,100,12,88
205000207,17,186,-169
205000233,10,0,10
205000234,0,0,0
205000243,0,0,0
205000244,1,2,-1
205000245,10,182,-172
205000249,2,27,-25
205000250,5,3,2
205000251,71,370,-299
205000264,10,120,-110
206000027,9,3,6
206000028,8,3,5
206000043,4,61,-57
206000053,4,9,-5
206000054,1,21,-20
206000055,3,20,-17
206000075,8,10,-2
206000076,19,5,14
206000077,20,3,17
206000078,18,4,14
206000079,19,13,6
206000082,358,45,313
206000100,33,522,-489
206000103,0,23,-23
206000104,10,27,-17
206000105,11,18,-7
206000106,12,27,-15
206000108,640,54,586
206000125,54,6,48
206000157,55,811,-756
206000170,0,220,-220
206000171,7,211,-204
206000172,16,549,-533
206000173,6,243,-237
206000174,15,90,-75
206000175,1,124,-123
206000176,13,219,-206
206000177,0,153,-153
206000178,2,191,-189
206000179,5,114,-109
206000180,13,167,-154
206000181,8,193,-185
206000182,13,189,-176
206000183,18,650,-632
206000184,5,337,-332
206000185,8,201,-193
206000186,111,970,-859
206000223,7,261,-254
206000226,18,1,17
206000227,17,6,11
206000237,40,354,-314
206000238,32,486,-454
206000239,230,1954,-1724
206000240,3,69,-66
206000241,0,90,-90
206000242,5,299,-294
206000243,13,224,-211
206000244,76,584,-508
206000245,722,56,666
206000246,163,8,155
206000247,240,9,231
206000248,267,17,250
206000252,78,24,54
206000258,31,32,-1
206000315,26,9,17
206000317,460,116,344
206000318,326,90,236
206000319,1234,83,1151
206000320,135,42,93
206000321,191,12,179
206000322,523,23,500
206000323,141,7,134
206000324,147,6,141
206000325,190,16,174
206000326,196,12,184
206000327,231,7,224
206000328,144,4,140
206000329,247,9,238
206000330,40,4,36
206000331,162,7,155
206000332,36,3,33
206000333,567,3,564
206000334,237,1,236
206000335,0,23,-23
206000361,6,235,-229
206000392,5,32,-27
206000405,93,1,92
206000441,35,16,19
206000498,27,5,22
206000515,116,36,80
206000530,192,47,145
206000531,146,223,-77
206000532,1486,321,1165
206000535,368,1562,-1194
206000536,25,176,-151
206000537,17,192,-175
206000613,1317,216,1101
207000001,126,583,-457
207000002,103,282,-179
207000003,133,147,-14
207000007,734,200,534
207000008,83,13,70
207000009,53,28,25
207000010,439,460,-21
207000012,362,218,144
207000015,268,1298,-1030
207000019,276,109,167
207000021,675,182,493
207000022,160,105,55
207000023,277,36,241
207000024,5,9,-4
207000025,37,38,-1
207000026,64,40,24
207000027,24,88,-64
207000028,53,212,-159
207000029,202,440,-238
207000033,280,423,-143
207000034,345,85,260
207000039,385,128,257
207000040,273,110,163
207000041,136,47,89
207000042,287,59,228
207000043,217,208,9
207000051,178,297,-119
207000052,18,135,-117
207000053,446,504,-58
207000054,53,89,-36
207000055,143,117,26
207000056,282,339,-57
207000057,147,240,-93
207000058,125,316,-191
207000059,85,489,-404
207000060,59,155,-96
207000061,195,388,-193
207000062,230,60,170
207000063,237,110,127
207000064,446,215,231
207000065,421,274,147
207000066,185,220,-35
207000067,52,94,-42
207000068,130,70,60
207000069,728,411,317
207000082,18,203,-185
207000083,77,294,-217
207000084,231,194,37
207000085,173,11,162
207000086,149,3,146
207000106,35,55,-20
207000107,62,16,46
207000108,55,16,39
207000109,67,13,54
207000110,47,74,-27
207000111,82,86,-4
207000112,193,458,-265
207000114,22,34,-12
207000115,20,63,-43
207000116,22,403,-381
207000117,12,87,-75
207000118,4,79,-75
207000119,35,68,-33
207000123,206,29,177
207000124,43,40,3
207000125,74,52,22
207000126,70,83,-13
207000134,45,136,-91
207000135,19,182,-163
207000148,59,298,-239
207000149,79,49,30
207000152,111,373,-262
207000153,1238,1297,-59
207000154,437,140,297
207000159,128,426,-298
207000160,207,426,-219
207000238,1,116,-115
207000242,3,177,-174
207000248,19,29,-10
207000249,164,44,120
207000250,714,88,626
207000251,122,89,33
207000252,95,66,29
207000278,116,87,29
207000279,41,181,-140
207000280,463,54,409
207000281,119,857,-738
207000282,142,64,78
207000283,128,166,-38
207000284,72,138,-66
207000285,74,50,24
207000291,5,97,-92
207000304,226,58,168
207000306,70,443,-373
207000310,63,114,-51
207000353,298,5,293
207000356,14,44,-30
207000357,54,8,46
207000415,2,209,-207
207000417,50,3,47
207000437,0,4,-4
207000439,1165,774,391
207000446,165,8,157
207000460,29,5,24
207000466,170,130,40
207000467,0,2,-2
207000468,0,9,-9
207000476,5,87,-82
207000477,717,125,592
207000523,0,8,-8
207000524,35,0,35
207000527,144,215,-71
207000530,439,7,432
207000531,304,4,300
207000532,96,22,74
207000534,460,59,401
207000535,31,306,-275
207000537,27,135,-108
207000540,15,239,-224
207000541,1,315,-314
207000548,9,323,-314
207000549,256,16,240
207000561,139,187,-48
207000562,36,199,-163
207000567,155,246,-91
207000568,221,92,129
207000569,429,854,-425
207000584,427,262,165
207000585,81,327,-246
207000616,0,140,-140
207000617,125,0,125
207000628,0,1,-1
207900008,181,130,51
208000001,605,791,-186
208000002,808,437,371
208000003,1017,354,663
208000004,1041,504,537
208000005,10,18,-8
208000019,714,1089,-375
208000020,156,562,-406
208000021,207,428,-221
208000022,1097,488,609
208000028,1283,990,293
208000033,570,544,26
208000034,1204,1290,-86
208000040,211,208,3
208000041,875,764,111
208000042,1408,738,670
208000047,131,274,-143
208000064,2866,1473,1393
208000066,1905,2241,-336
208000070,340,376,-36
208000071,357,843,-486
208000072,295,1300,-1005
208000080,262,283,-21
208000081,285,149,136
208000082,299,288,11
208000083,159,421,-262
208000084,19,11,8
208000085,830,551,279
208000086,478,967,-489
208000087,560,791,-231
208000089,833,492,341
208000090,862,721,141
208000093,165,116,49
208000094,435,415,20
208000095,713,480,233
208000104,998,995,3
208000105,766,1134,-368
208000114,110,307,-197
208000115,506,392,114
208000116,617,1072,-455
208000117,123,131,-8
208000118,99,141,-42
208000155,739,938,-199
208000158,1471,3617,-2146
208000186,4708,3986,722
208000204,537,1073,-536
208000205,1082,1143,-61
208000282,6600,3273,3327
209000004,246,156,90
209000005,46,36,10
209000006,397,148,249
209000007,290,282,8
209000010,528,153,375
209000011,209,264,-55
209000012,92,174,-82
209000013,218,404,-186
209000014,487,1235,-748
209000025,253,31,222
209000026,641,112,529
209000027,464,921,-457
209000028,462,764,-302
209000029,600,700,-100
209000030,482,1502,-1020
209000031,2711,2378,333
209000034,170,165,5
209000035,94,130,-36
209000036,116,116,0
209000037,189,178,11
209000038,87,113,-26
209000039,50,126,-76
209000040,257,595,-338
209000041,151,417,-266
209000042,264,383,-119
209000043,682,815,-133
209000044,228,752,-524
209000045,1372,500,872
209000046,479,465,14
209000047,426,210,216
209000048,519,369,150
209000049,85,133,-48
209000050,186,160,26
209000051,235,286,-51
209000052,107,274,-167
209000062,40,103,-63
209000063,61,58,3
209000064,38,73,-35
209000065,58,23,35
209000066,83,35,48
209000067,76,42,34
209000080,32,236,-204
209000082,93,29,64
209000091,29,110,-81
209000093,56,42,14
209000094,210,245,-35
209000110,28,104,-76
209000111,454,1244,-790
209000112,927,371,556
209000113,1650,397,1253
209000114,604,345,259
209000115,58,116,-58
209000116,464,537,-73
209000118,40,35,5
209000119,35,17,18
209000121,112,473,-361
209000135,82,150,-68
209000142,595,1489,-894
209000143,83,81,2
209000144,53,105,-52
209000229,270,176,94
209000240,39,351,-312
209000259,101,93,8
209000260,59,1427,-1368
209000261,3,741,-738
209000262,2,444,-442
209000263,0,114,-114
209000264,1,93,-92
209000265,487,4,483
209000266,84,2,82
209000267,1522,13,1509
209000268,705,62,643
210000037,62,28,34
210000047,91,14,77
210000048,87,22,65
210000049,62,12,50
210000052,45,89,-44
210000053,19,65,-46
210000054,63,92,-29
210000070,156,5,151
210000071,62,1,61
210000072,32,0,32
210000073,0,46,-46
210000074,0,110,-110
210000075,5,64,-59
210000076,23,129,-106
210000077,33,48,-15
210000078,35,42,-7
210000079,38,9,29
210000080,106,38,68
210000081,276,23,253
210000082,174,1,173
210000083,62,0,62
210000084,34,0,34
210000085,0,81,-81
210000086,2,112,-110
210000099,32,256,-224
210000100,38,171,-133
210000101,77,211,-134
210000105,37,193,-156
210000159,1,153,-152
210000163,188,226,-38
210000164,247,171,76
210000168,154,36,118
210000187,0,10,-10
210000188,0,25,-25
210000214,61,0,61
210000219,22,39,-17
210000220,82,72,10
210000232,2,15,-13
210000233,35,70,-35
210000234,33,135,-102
210000235,45,68,-23
210000245,1,42,-41
210000246,60,4,56
210000258,14,101,-87
210000259,377,53,324
210000282,104,247,-143
210000285,0,93,-93
210000286,13,148,-135
210000295,38,127,-89
210000296,50,42,8
210000320,242,118,124
210000321,124,84,40
210000338,75,83,-8
210000339,428,1246,-818
210000340,187,433,-246
210000341,209,321,-112
210000342,198,189,9
210000343,175,157,18
210000344,194,101,93
210000345,187,141,46
210000346,81,84,-3
210000347,80,29,51
210000348,115,13,102
210000349,63,23,40
210000350,95,64,31
210000351,120,134,-14
210000352,61,74,-13
210000353,44,99,-55
210000354,43,68,-25
210000355,70,82,-12
210000356,40,50,-10
210000357,77,28,49
210000358,246,90,156
210000359,83,72,11
210000360,146,88,58
210000361,177,154,23
210000362,261,205,56
210000363,905,240,665
210000364,141,201,-60
210000365,126,64,62
210000366,128,63,65
210000367,113,35,78
210000368,165,44,121
210000369,32,27,5
210000370,40,29,11
210000372,64,25,39
210000373,44,18,26
210000374,45,11,34
210000375,35,85,-50
210000376,91,129,-38
210000404,58,120,-62
210000439,18,50,-32
210000472,77,10,67
210000482,76,89,-13
210000564,509,323,186
210000568,332,2,330
211000092,41,59,-18
211000094,24,3,21
211000169,161,18,143
211000172,8,139,-131
211000209,1,20,-19
211000275,18,16,2
211000276,84,37,47
211000279,24,37,-13
211000281,58,36,22
211507980,1,30,-29
211977296,39,6,33
212000003,116,36,80
212000004,59,22,37
212000005,22,23,-1
212000006,43,62,-19
212000008,139,176,-37
212000009,27,131,-104
212000012,53,77,-24
212000013,30,70,-40
212000014,294,182,112
212000015,300,317,-17
212000016,592,579,13
212000027,550,533,17
212000028,319,501,-182
212000029,224,296,-72
212000030,49,26,23
212000031,67,69,-2
212000048,63,146,-83
212000049,16,126,-110
212000050,23,11,12
212000051,169,241,-72
212000052,198,339,-141
212000053,433,678,-245
212000054,238,132,106
212000055,304,221,83
212000056,14,70,-56
212000057,8,24,-16
212000058,235,32,203
212000070,122,247,-125
212000077,142,697,-555
212000099,266,277,-11
212000108,164,167,-3
212000111,236,112,124
212000120,118,67,51
212000138,125,33,92
212000156,5,140,-135
212000158,5,22,-17
212000159,369,46,323
212000160,575,259,316
212000161,61,14,47
212000310,52,22,30
212000311,12,77,-65
212000374,42,21,21
213000001,39,562,-523
213000005,479,147,332
213000006,1195,291,904
213000007,139,13,126
213000009,740,522,218
213000010,196,278,-82
213000011,293,123,170
213000012,136,394,-258
213000014,81,9,72
213000015,249,4,245
213000016,326,0,326
213000017,68,0,68
213000018,2,179,-177
213000019,4,194,-190
213000020,116,483,-367
213000021,8,159,-151
213000023,336,166,170
213000033,307,1721,-1414
213000034,898,319,579
213000035,136,244,-108
213000045,170,282,-112
213000046,240,231,9
213000047,685,1195,-510
213000056,103,58,45
213000069,96,1,95
213000073,0,29,-29
213000074,115,419,-304
213000075,541,17,524
213000085,3,58,-55
213000086,13,173,-160
213000091,188,21,167
213000092,69,8,61
213000099,144,1115,-971
213000100,1094,248,846
213000101,335,149,186
213000102,519,352,167
213000103,989,945,44
213000104,49,451,-402
213000105,3,155,-152
213000106,24,142,-118
213000107,120,610,-490
213000108,25,570,-545
213000109,6,297,-291
213000110,11,119,-108
213000111,6,78,-72
213000112,160,114,46
213000115,55,7,48
213000116,73,564,-491
213000117,5,796,-791
213000118,409,302,107
213000119,54,690,-636
213000120,121,600,-479
213000122,127,640,-513
213000123,397,1583,-1186
213000124,108,1485,-1377
213000125,160,26,134
213000126,135,136,-1
213000127,155,179,-24
213000128,607,1089,-482
213000129,390,490,-100
213000130,481,265,216
213000132,405,103,302
213000133,454,132,322
213000134,690,22,668
213000136,492,16,476
213000137,667,74,593
213000139,402,21,381
213000147,55,5,50
213000148,26,10,16
213000149,25,8,17
213000150,0,91,-91
213000151,0,118,-118
213000152,0,117,-117
213000153,4,56,-52
213000154,28,257,-229
213000155,32,289,-257
213000156,140,571,-431
213000157,504,483,21
213000158,391,1121,-730
213000159,622,533,89
213000163,921,94,827
213000165,875,281,594
213000171,0,92,-92
213000172,0,390,-390
213000173,2,311,-309
213000174,8,274,-266
213000175,21,256,-235
213000176,128,37,91
213000177,113,10,103
213000178,137,12,125
213000179,228,2,226
213000180,188,0,188
213000184,71,507,-436
213000188,422,88,334
213000189,403,40,363
213000190,1021,918,103
213000191,294,485,-191
213000192,207,430,-223
213000193,803,356,447
213000194,1,60,-59
213000195,13,394,-381
213000196,251,1272,-1021
213000197,402,668,-266
213000198,105,3,102
213000200,131,933,-802
213000201,75,56,19
213000202,22,578,-556
213000203,3233,652,2581
213000204,626,120,506
213000205,446,106,340
213000206,641,36,605
213000207,189,18,171
213000208,108,0,108
213000209,167,1,166
213000210,533,1,532
213000211,3,15,-12
213000212,24,18,6
213000213,18,41,-23
213000218,264,721,-457
213000219,511,9,502
213000220,475,21,454
213000223,267,173,94
213000224,42,31,11
213000225,120,6,114
213000226,96,10,86
213000227,913,212,701
213000228,312,88,224
213000229,502,30,472
213000230,530,12,518
213000232,95,744,-649
213000233,13,236,-223
213000234,2,26,-24
213000293,14,46,-32
213000294,111,11,100
213000295,5,84,-79
213000296,68,20,48
213000297,9,142,-133
213000298,25,97,-72
213000299,62,40,22
213000300,15,5,10
213000303,10,33,-23
213000304,1,12,-11
213000305,7,13,-6
213000306,102,29,73
213000307,234,86,148
213000308,188,270,-82
213000309,157,68,89
213000310,530,164,366
213000311,266,749,-483
213000315,93,131,-38
213000316,153,46,107
213000322,110,180,-70
213000323,93,75,18
213000324,114,188,-74
213000325,70,192,-122
213000326,98,99,-1
213000327,95,173,-78
213000328,99,165,-66
213000329,96,122,-26
213000340,167,644,-477
213000341,498,141,357
213000347,897,346,551
213000348,14,170,-156
213000349,35,17,18
213000350,285,1135,-850
213000366,87,379,-292
213000367,223,26,197
213000379,113,82,31
213000386,12,249,-237
213000406,72,327,-255
213000417,1303,552,751
213000425,138,39,99
213000426,138,60,78
213000427,65,290,-225
213000428,43,255,-212
213000429,33,6,27
213000430,103,864,-761
213000431,153,2,151
213000432,7,31,-24
213000433,42,148,-106
213000434,104,112,-8
213000435,153,95,58
213000436,27,63,-36
213000437,11,58,-47
213000438,176,160,16
213000439,59,19,40
213000440,13,323,-310
213000441,5,1,4
213000442,10,52,-42
213000443,489,433,56
213000444,43,112,-69
213000445,0,101,-101
213000446,0,14,-14
213000447,3,33,-30
213000448,15,114,-99
213000449,323,2,321
213000450,15,59,-44
213000451,265,120,145
213000452,25,37,-12
213000453,31,310,-279
213000455,341,26,315
213000456,0,234,-234
213000481,8,4,4
213000484,30,1,29
213000489,434,85,349
213900002,1,101,-100
213900003,319,1,318
213900013,2,143,-141
213900015,0,5,-5
213900016,15,11,4
213900020,15,129,-114
213900030,1,85,-84
213900032,223,131,92
213900033,91,34,57
213900034,504,103,401
213900035,192,576,-384
213900036,135,246,-111
213900037,57,300,-243
213900038,351,149,202
213900039,0,112,-112
213900041,4,138,-134
213900042,235,201,34
213900043,282,194,88
213900244,27,0,27
213900245,0,42,-42
218000003,16,22,-6
218000004,27,22,5
218000005,50,36,14
218000006,64,25,39
218000007,10,23,-13
218000012,155,147,8
218000013,114,168,-54
218000014,529,566,-37
218000019,1069,787,282
218000020,292,523,-231
218000021,22,84,-62
218000022,15,15,0
218000023,2,16,-14
218000024,5,8,-3
218000025,13,22,-9
218000026,9,31,-22
218000027,1,12,-11
218000028,5,9,-4
218000029,3,4,-1
218000030,25,25,0
218000031,3,32,-29
218000032,2,21,-19
218000039,13,28,-15
218000040,7,4,3
218000046,81,124,-43
218000047,11,186,-175
218000048,79,155,-76
218000049,151,149,2
218000050,396,332,64
218000051,102,324,-222
218000052,0,128,-128
218000053,3,17,-14
218000054,14,48,-34
218000055,4,10,-6
218000056,18,39,-21
218000057,9,36,-27
218000064,3,9,-6
218000065,115,68,47
218000066,20,110,-90
218000067,72,125,-53
218000068,140,156,-16
218000069,292,166,126
218000070,242,265,-23
218000071,255,244,11
218000072,325,233,92
218000078,625,1044,-419
218000079,131,146,-15
218000080,126,122,4
218000081,452,311,141
218000082,47,156,-109
218000083,58,78,-20
218000084,170,191,-21
218000085,157,463,-306
218000086,74,233,-159
218000087,237,259,-22
218000090,11,115,-104
218000091,602,375,227
218000092,94,167,-73
218000093,67,86,-19
218000094,266,458,-192
218000099,357,983,-626
218000100,295,363,-68
218000101,364,149,215
218000102,459,276,183
218000103,99,195,-96
218000104,74,54,20
218000105,74,36,38
218000106,4,3,1
218000107,51,110,-59
218000108,13,84,-71
218000112,170,77,93
218000117,153,162,-9
218000134,576,789,-213
218000135,35,81,-46
218000136,236,101,135
218000137,199,122,77
218000138,50,106,-56
218000139,224,375,-151
218000140,530,176,354
218000141,137,85,52
218000142,158,161,-3
218000143,106,250,-144
218000144,86,106,-20
218000145,331,415,-84
218000146,97,251,-154
218000151,19,19,0
218000152,244,71,173
218000153,11,4,7
218000154,18,3,15
218000155,18,2,16
218000156,47,17,30
218000157,15,12,3
218000158,6,14,-8
218000159,4,3,1
218000160,8,2,6
218000161,31,2,29
218000162,25,8,17
218000163,12,3,9
218000164,56,7,49
218000165,68,24,44
218000170,8,37,-29
218000171,83,29,54
218000172,18,17,1
218000173,64,12,52
218000174,29,6,23
218000176,189,53,136
218000177,354,279,75
218000178,93,270,-177
218000179,97,97,0
218000180,91,34,57
218000181,147,76,71
218000187,6,10,-4
218000188,24,42,-18
218000189,21,90,-69
218000190,21,35,-14
218000191,195,66,129
218000192,267,324,-57
218000193,518,400,118
218000194,145,423,-278
218000195,117,98,19
218000196,357,372,-15
218000197,392,509,-117
218000198,14,138,-124
218000199,43,47,-4
218000200,68,42,26
218000201,14,12,2
218000202,75,200,-125
218000207,4,27,-23
218000208,63,50,13
218000211,34,5,29
218000212,4,19,-15
218000213,117,136,-19
218000214,7,31,-24
218000215,82,68,14
218000217,5,136,-131
218000218,280,102,178
218000219,68,34,34
218000220,115,365,-250
218000221,788,225,563
218000222,34,55,-21
218000223,46,492,-446
218000224,7,165,-158
218000225,197,47,150
218000226,169,78,91
218000230,0,1,-1
218000232,64,68,-4
218000234,7,4,3
218000239,166,7,159
218000240,7,1,6
218000241,20,0,20
218000242,115,0,115
218000243,86,1,85
218000244,53,3,50
218000245,81,3,78
218000246,0,1,-1
218000247,0,1,-1
218000248,0,15,-15
218000249,0,3,-3
218000250,2,12,-10
218000251,11,21,-10
218000252,2,19,-17
218000253,0,14,-14
218000254,4,3,1
218000255,1,6,-5
218000256,9,50,-41
218000267,288,806,-518
218000268,13,76,-63
218000269,8,6,2
218000270,39,18,21
218000271,23,18,5
218000273,18,3,15
218000274,11,3,8
218000275,14,44,-30
218000276,23,46,-23
218000278,25,40,-15
218000279,18,22,-4
218000280,22,20,2
218000281,19,9,10
218000282,293,189,104
218000284,91,7,84
218000301,138,138,0
218000302,197,56,141
218000303,25,39,-14
218000316,678,1023,-345
218000317,1004,1062,-58
218000318,557,785,-228
218000319,885,1173,-288
218000320,638,607,31
218000338,62,31,31
218000339,8,6,2
218000342,23,44,-21
218000343,91,56,35
218000345,47,37,10
218000346,22,145,-123
218000353,27,11,16
218000354,21,57,-36
218000459,46,344,-298
218000490,34,31,3
218000501,109,44,65
218000502,57,75,-18
218000503,113,44,69
218000504,194,53,141
218000505,107,193,-86
218000506,83,346,-263
218000508,12,8,4
218000510,251,20,231
218000520,146,133,13
218000521,1,28,-27
218000522,0,173,-173
218000523,196,1,195
218000524,40,174,-134
218000525,174,14,160
218000526,54,141,-87
218000529,13,41,-28
218000530,13,3,10
218000531,34,45,-11
218000532,46,38,8
218000534,34,11,23
218000537,11,31,-20
218000538,128,223,-95
218000539,43,31,12
218000540,262,76,186
218000543,116,52,64
218000544,35,109,-74
218000545,49,94,-45
218000546,50,87,-37
218000547,154,133,21
218000548,163,138,25
218000549,496,448,48
218000550,239,344,-105
218000551,194,828,-634
218000552,593,44,549
218000553,9,61,-52
218000554,27,22,5
218000555,28,20,8
218000556,58,252,-194
218000557,207,47,160
218000558,54,1,53
218000559,0,37,-37
218000560,0,19,-19
218000561,26,0,26
218000562,17,186,-169
218000563,232,12,220
218000564,17,118,-101
218000565,204,26,178
218000566,349,26,323
218000567,1,66,-65
218000568,20,1,19
218000569,12,108,-96
218000570,27,5,22
218000571,2,108,-106
218000572,100,2,98
218000573,7,74,-67
218000574,93,25,68
218000575,68,0,68
218000576,0,77,-77
218000577,96,3,93
218000578,0,92,-92
218000579,31,23,8
218000581,5,55,-50
218000582,61,6,55
218000583,13,0,13
218000584,3,14,-11
218000585,35,7,28
218000586,16,21,-5
218000587,11,1,10
218000588,0,3,-3
218000589,0,2,-2
218000590,3,0,3
218000591,1,2,-1
218000592,7,0,7
218000593,3,0,3
218000594,10,1,9
218000595,0,0,0
218000596,1,0,1
218000597,0,0,0
218000598,4,0,4
218000599,0,0,0
218000600,90,2,88
218000601,0,0,0
218000602,0,14,-14
218000603,0,5,-5
218000604,51,30,21
218000605,0,107,-107
218000606,239,1,238
218000607,13,51,-38
218000608,41,25,16
218000609,3,51,-48
218000610,70,2,68
218000611,28,3,25
218000612,0,23,-23
218000613,54,0,54
218000614,1,48,-47
218000615,205,1,204
218000616,4,135,-131
218000617,28,0,28
218000618,1,19,-18
218000619,58,40,18
218000620,12,16,-4
218000621,0,2,-2
218000622,0,12,-12
218000623,256,7,249
218000624,14,14,0
218000625,26,1,25
218000626,1,4,-3
218000628,89,43,46
218000631,5,6,-1
218000632,2,99,-97
218000633,101,1,100
218000634,10,32,-22
218000635,14,12,2
218000636,846,1475,-629
218000637,860,542,318
218000638,194,33,161
218000639,19,153,-134
218000640,267,31,236
218000641,64,317,-253
218000652,64,80,-16
218000653,192,84,108
218000663,1,31,-30
218000675,20,12,8
218000676,2,19,-17
218000677,12,4,8
218000680,49,137,-88
218000681,161,36,125
218000691,39,65,-26
218000693,98,47,51
218000703,2,37,-35
218000718,1025,1130,-105
218000719,1661,752,909
218000720,4,63,-59
218000721,181,8,173
218000725,10,3,7
218001214,10,30,-20
218001329,13,17,-4
218001330,17,10,7
219000001,32,41,-9
219000002,32,73,-41
219000003,58,27,31
219000004,40,36,4
219000017,132,29,103
219000020,109,60,49
219000022,114,6,108
219000023,87,4,83
219000029,0,70,-70
219000034,34,23,11
219000039,67,75,-8
219000040,55,48,7
219000041,89,39,50
219000051,1,39,-38
219000052,0,21,-21
219000053,0,91,-91
219000054,478,305,173
219000055,157,1,156
219000056,22,0,22
219000057,78,0,78
219000062,5,89,-84
219000063,67,4,63
219000064,0,8,-8
219000110,426,48,378
219000111,115,44,71
219000112,198,43,155
219000113,156,55,101
219000114,288,96,192
219000116,99,61,38
219000117,164,61,103
219000118,153,53,100
219000123,197,104,93
219000124,197,76,121
219000125,10,16,-6
219000126,76,73,3
219000127,0,5,-5
219000128,12,95,-83
219000129,20,99,-79
219000130,499,513,-14
219000131,676,1029,-353
219000133,65,29,36
219000134,6,13,-7
219000135,52,82,-30
219000136,89,226,-137
219000138,89,17,72
219000139,33,44,-11
219000140,38,0,38
219000141,24,108,-84
219000142,20,85,-65
219000143,14,89,-75
219000145,21,43,-22
219000146,3,42,-39
219000147,1,39,-38
219000148,1,38,-37
219000149,14,105,-91
219000150,3,86,-83
219000151,4,51,-47
219000157,192,132,60
219000158,158,192,-34
219000161,88,7,81
219000163,1445,477,968
219000166,135,191,-56
219000167,121,152,-31
219000168,330,120,210
219000174,475,143,332
219000175,84,4,80
219000176,88,5,83
219000177,38,3,35
219000178,46,7,39
219000179,38,3,35
219000180,39,45,-6
219000182,128,16,112
219000183,70,27,43
219000184,123,9,114
219000185,1,74,-73
219000186,60,37,23
219000187,36,86,-50
219000189,106,161,-55
219000190,104,200,-96
219000191,1115,1317,-202
219000192,163,142,21
219000193,255,185,70
219000195,0,53,-53
219000196,9,75,-66
219000198,21,116,-95
219000199,59,208,-149
219000200,35,187,-152
219000201,68,248,-180
219000203,24,92,-68
219000204,138,167,-29
219000205,48,164,-116
219000207,128,256,-128
219000209,29,72,-43
219000210,36,87,-51
219000213,9,162,-153
219000239,202,277,-75
219000240,210,396,-186
219000241,123,215,-92
219000242,58,128,-70
219000243,91,220,-129
219000244,34,77,-43
219000245,24,35,-11
219000246,27,18,9
219000247,139,19,120
219000248,591,381,210
219000249,92,91,1
219000250,96,113,-17
219000251,564,242,322
219000252,253,176,77
219000253,487,84,403
219000255,120,91,29
219000256,215,75,140
219000257,100,0,100
219000262,81,110,-29
219000263,56,136,-80
219000267,3,68,-65
219000268,0,8,-8
219000269,16,1,15
219000270,9,1,8
219000271,122,8,114
219000278,0,9,-9
219000279,0,5,-5
219000283,0,29,-29
219000295,18,84,-66
219000296,78,481,-403
219000297,12,141,-129
219000298,19,137,-118
219000299,473,81,392
219000300,27,208,-181
219000301,245,330,-85
219000302,34,244,-210
219000307,36,37,-1
219000308,52,32,20
219000311,201,51,150
219000312,538,108,430
219000313,254,36,218
219000314,50,482,-432
219000315,280,44,236
219000316,477,73,404
219000317,82,28,54
219000320,0,38,-38
219000321,1,21,-20
219000323,7,80,-73
219000325,3,22,-19
219000326,28,89,-61
219000327,61,39,22
219000328,34,63,-29
219000329,309,130,179
219000330,78,28,50
219000331,63,35,28
219000332,132,95,37
219000333,23,5,18
219000335,79,3,76
219000337,19,0,19
219000338,65,1,64
219000344,17,80,-63
219000345,74,83,-9
219000346,40,107,-67
219000348,126,117,9
219000349,34,178,-144
219000350,96,153,-57
219000351,6,5,1
219000352,432,77,355
219000353,91,65,26
219000354,221,109,112
219000355,166,54,112
219000356,1505,1418,87
219000363,243,45,198
219000364,98,50,48
219000365,134,21,113
219000366,244,275,-31
219000368,344,574,-230
219000370,1211,498,713
219000371,10,30,-20
219000382,10,26,-16
219000383,606,970,-364
219000385,567,451,116
219000386,766,1300,-534
219000387,2,20,-18
219000390,1,1,0
219000391,6,1,5
219000397,49,70,-21
219000398,73,39,34
219000401,9,134,-125
219000402,23,118,-95
219000403,139,275,-136
219000404,28,149,-121
219000407,0,15,-15
219000409,76,57,19
219000410,74,32,42
219000411,71,12,59
219000446,179,354,-175
219000447,0,32,-32
219000448,15,11,4
219000452,106,59,47
219000453,54,127,-73
219000454,240,248,-8
219000556,195,62,133
219000558,203,173,30
219000590,31,164,-133
219000591,86,66,20
219000592,112,353,-241
219000595,0,21,-21
219000635,160,32,128
219000636,30,92,-62
219000657,52,37,15
219000658,36,115,-79
219000673,2,28,-26
219000676,101,4,97
219000679,26,6,20
219000684,92,2,90
219000685,0,73,-73
219000686,1,5,-4
219000688,0,84,-84
219000689,45,312,-267
219000690,194,20,174
219000691,5,42,-37
219000692,44,6,38
219000693,0,16,-16
219000694,32,4,28
219000695,24,2,22
219000698,19,4,15
219000699,0,32,-32
219000727,4,96,-92
219000728,189,2,187
219000770,14,1,13
219000771,1,25,-24
219001150,3,28,-25
219001151,0,1,-1
219001166,31,9,22
219001167,3,66,-63
220000001,60,51,9
220000002,14,120,-106
220000003,649,226,423
220000004,757,509,248
220000005,1390,1833,-443
220000006,287,807,-520
220000007,405,553,-148
220000008,303,819,-516
220000009,219,395,-176
220000010,159,117,42
220000011,597,3915,-3318
220000012,79,334,-255
220000014,120,58,62
220000015,53,116,-63
220000017,23,281,-258
220000018,4672,1511,3161
220000019,75,248,-173
220000020,360,246,114
220000021,537,157,380
220000022,673,439,234
220000023,291,194,97
220000024,1744,298,1446
220000025,834,817,17
220000026,211,236,-25
220000027,26,87,-61
220000028,32,33,-1
220000029,59,178,-119
220000030,95,68,27
220000031,413,281,132
220000064,9,1060,-1051
221000046,13,0,13
221000047,0,5,-5
221000048,0,0,0
221000049,0,10,-10
221000050,23,1,22
221000055,46,57,-11
221000057,57,14,43
221000068,296,122,174
221000069,293,47,246
221000070,182,34,148
221000071,77,6,71
221000072,158,14,144
221000073,137,48,89
221000074,0,21,-21
221000075,15,30,-15
221000076,7,36,-29
221000077,36,124,-88
221000081,18,10,8
221000082,68,9,59
221000083,28,8,20
221000084,2,7,-5
221000085,13,63,-50
221000086,18,106,-88
221000087,5,150,-145
221000088,7,166,-159
221000089,36,262,-226
221000090,150,450,-300
221000098,93,20,73
221000099,115,10,105
221000100,76,10,66
221000101,186,10,176
221000102,108,8,100
221000109,1,108,-107
221000110,12,97,-85
221000111,32,190,-158
221000112,9,126,-117
221000113,18,136,-118
221000114,13,119,-106
221000120,23,33,-10
221000121,6,22,-16
221000122,66,32,34
221000123,17,6,11
221000124,37,146,-109
221000155,97,8,89
221000156,30,16,14
221000175,0,5,-5
221000176,3,0,3
221000182,47,6,41
221000241,592,257,335
221000242,194,454,-260
221000243,407,114,293
221000244,279,398,-119
221000245,87,88,-1
221000246,41,216,-175
221000247,61,124,-63
221000248,79,117,-38
221000267,41,618,-577
221000325,91,58,33
221000331,2,104,-102
221000338,12,41,-29
221000378,140,14,126
221000381,26,13,13
222000282,4,1,3
222000296,3,21,-18
222000568,278,24,254
222000569,126,41,85
222000570,103,12,91
222000571,245,42,203
222000577,13,134,-121
222000578,29,151,-122
222000579,24,135,-111
222000580,104,838,-734
222000599,0,147,-147
222000600,7,344,-337
222000601,8,1054,-1046
222000603,17,19,-2
222000604,8,13,-5
222000605,11,21,-10
222000606,2,5,-3
222000607,7,5,2
222000608,34,5,29
222000609,102,198,-96
222000616,376,42,334
222000617,23,9,14
222000618,3,2,1
222000620,24,7,17
222000621,51,14,37
222000623,486,6,480
222000624,297,8,289
222000625,519,27,492
222000636,43,0,43
222000686,15,8,7
222000687,41,24,17
222001066,295,4,291
222001067,15,1,14
222001068,43,23,20
222001069,31,46,-15
222001082,8,49,-41
222001083,21,64,-43
222001084,0,10,-10
222001085,0,174,-174
222001111,36,126,-90
222001112,81,50,31
222001313,37,10,27
222001314,11,124,-113
222001464,79,39,40
222001465,33,86,-53
222001484,105,67,38
222001485,20,43,-23
222001494,512,148,364
222001495,122,313,-191
222001496,270,71,199
222001497,95,498,-403
222001502,28,97,-69
222001503,136,58,78
222001504,28,290,-262
222001505,346,27,319
222001506,51,318,-267
222001507,323,29,294
222001510,377,50,327
222001511,36,415,-379
222001514,596,263,333
222001515,294,575,-281
222001518,295,89,206
222001519,47,283,-236
222001527,211,93,118
222001528,34,157,-123
222001529,252,55,197
222001530,79,265,-186
222001533,110,327,-217
222001534,346,86,260
222001535,167,244,-77
222001536,63,235,-172
222001537,244,45,199
222001538,72,496,-424
222001563,528,103,425
222001564,47,677,-630
222001568,478,106,372
222001576,0,1,-1
222001579,4,4,0
222001583,16,188,-172
222001584,82,12,70
222001596,725,1331,-606
222001597,1930,317,1613
222001626,0,140,-140
222001650,179,116,63
222001651,128,150,-22
222001914,192,96,96
222001915,53,206,-153
222900004,444,295,149
222900009,462,645,-183
222900019,176,216,-40
222900024,15,22,-7
222900025,8,29,-21
225000001,423,151,272
225000002,557,137,420
225000003,512,73,439
225000004,269,186,83
225000005,55,63,-8
225000006,0,183,-183
225000007,1679,1267,412
225000010,258,11,247
225000011,408,855,-447
225000012,153,466,-313
225000013,78,119,-41
225000014,791,96,695
225000015,76,154,-78
225000021,737,128,609
225000027,231,439,-208
225000032,513,104,409
225000042,47,565,-518
225000049,35,49,-14
225000050,86,12,74
225000053,9,281,-272
225000058,670,148,522
225000067,125,141,-16
225000068,131,311,-180
225000069,130,419,-289
225000070,78,375,-297
225000071,30,178,-148
225000075,26,873,-847
225000076,48,114,-66
225000078,76,41,35
225000085,60,133,-73
225000086,242,56,186
225000087,161,20,141
225000088,10,120,-110
225000089,299,890,-591
225000090,58,415,-357
225000091,156,184,-28
225000092,34,57,-23
225000093,140,274,-134
225000094,9,265,-256
225000095,268,367,-99
225000096,333,490,-157
225000098,565,277,288
225000099,330,174,156
225000100,292,144,148
225000104,90,327,-237
225000110,7,369,-362
225000111,265,1114,-849
225000112,327,1173,-846
225000113,183,469,-286
225000114,62,253,-191
225000115,1592,606,986
225000116,928,160,768
225000117,628,248,380
225000118,807,219,588
225000119,201,61,140
225000120,565,24,541
225000121,269,19,250
225000123,599,8,591
225000125,277,189,88
225000126,605,139,466
225000127,542,939,-397
225000128,399,627,-228
225000132,266,30,236
225000133,263,33,230
225000134,544,141,403
225000135,56,8,48
225000136,219,7,212
225000137,162,46,116
225000138,250,53,197
225000143,69,186,-117
225000144,4,317,-313
225000145,27,41,-14
225000146,42,100,-58
225000147,40,268,-228
225000148,8,203,-195
225000149,77,509,-432
225000151,24,231,-207
225000155,350,440,-90
225000156,188,757,-569
225000157,202,336,-134
225000158,53,308,-255
225000171,3,169,-166
225000180,34,0,34
225000181,2,66,-64
225000182,76,12,64
225000185,3,334,-331
225000187,31,313,-282
225000191,119,3,116
225000194,0,2,-2
225000208,1,24,-23
225000209,105,11,94
225000210,6,223,-217
225000217,0,8,-8
225000218,9,1,8
225000223,0,41,-41
225000224,28,0,28
225000225,0,13,-13
225000226,41,1,40
225000227,31,92,-61
225000228,11,11,0
225000229,0,59,-59
225000230,45,0,45
225000231,0,45,-45
225000232,166,0,166
225000241,52,0,52
225000242,0,35,-35
225000249,7,0,7
225000250,35,830,-795
225000251,246,39,207
225000254,2,0,2
225000256,5,59,-54
225000257,1,63,-62
226000042,328,365,-37
226000043,65,244,-179
226000044,94,444,-350
226000045,82,381,-299
226000046,290,83,207
226000047,285,90,195
226000048,299,97,202
226000049,270,126,144
226000070,0,33,-33
226000071,0,40,-40
226000072,0,31,-31
226000073,0,10,-10
226000074,0,9,-9
226000084,2,68,-66
226000085,7,9,-2
226000086,2,6,-4
226000087,15,12,3
226000088,56,49,7
226000090,258,69,189
226000091,33,29,4
226000092,36,7,29
226000093,32,1,31
226000094,39,0,39
226000095,48,13,35
226000105,5,0,5
226000106,8,0,8
226000107,6,0,6
226000108,14,0,14
226000109,74,0,74
226000124,119,68,51
226000134,514,351,163
226000135,1032,440,592
226000136,483,365,118
226000137,13,312,-299
226000138,5,168,-163
226000139,1,20,-19
226000156,131,9,122
226000157,190,4,186
226000163,124,138,-14
226000202,8,383,-375
226000231,204,10,194
226000232,45,2,43
227000033,274,59,215
227000036,272,22,250
227000037,219,17,202
227000038,190,43,147
227000084,2,69,-67
227000085,2,48,-46
227000088,39,2,37
227000089,123,1,122
227000090,68,4,64
227000091,13,1,12
227000092,23,0,23
227000093,101,0,101
227000094,15,0,15
227000130,27,52,-25
227000131,33,173,-140
227000132,18,202,-184
227000133,21,203,-182
227000134,23,356,-333
227000152,0,3,-3
227000153,0,48,-48
227000154,1,38,-37
227000155,1,21,-20
227000156,0,27,-27
227000165,3,17,-14
227000196,361,291,70
227000199,340,545,-205
227000230,21,374,-353
227000232,702,16,686
227000242,52,399,-347
227000243,332,77,255
227000245,22,389,-367
227000246,117,446,-329
227000247,342,69,273
227000248,125,24,101
227000249,25,166,-141
227000250,373,103,270
227000251,110,130,-20
227000252,28,334,-306
227000253,113,13,100
227000262,313,35,278
227000266,1268,38,1230
227000267,27,1343,-1316
227000282,6,191,-185
227000284,460,15,445
227000286,1,82,-81
227000291,16,517,-501
227000296,264,181,83
227000484,209,12,197
227000485,19,748,-729
227000655,163,6,157
227000656,568,33,535
227000657,79,7,72
227000704,31,7,24
229000265,7,6,1
229000266,0,2,-2
229000267,5,0,5
229000268,23,0,23
229000269,102,1,101
229000274,0,24,-24
229000275,1,18,-17
229000276,0,13,-13
229000277,2,1,1
229000278,3,6,-3
229000295,12,39,-27
229000296,60,2,58
229000297,11,30,-19
229000298,15,128,-113
229000320,15,21,-6
229000321,29,15,14
229000412,18,59,-41
229000414,13,83,-70
229000415,31,6,25
229000416,1,9,-8
229000417,3,30,-27
229000419,111,289,-178
229000440,352,69,283
229000442,22,14,8
229000443,7,2,5
229000444,9,36,-27
229000445,58,8,50
229000446,69,12,57
229000491,2,8,-6
229000492,14,98,-84
229000493,8,95,-87
229000494,32,4,28
229000495,95,11,84
229000496,44,4,40
229000507,1,55,-54
229000508,0,36,-36
229000509,0,77,-77
229000510,0,29,-29
229000511,2,52,-50
229000512,0,27,-27
229000513,0,8,-8
229000514,0,6,-6
229000517,1,12,-11
229000518,9,25,-16
229000519,1,13,-12
229000520,11,28,-17
229000521,41,19,22
229000522,12,5,7
229000523,13,3,10
229000524,6,4,2
229000527,1,0,1
229000528,0,0,0
229000529,4,1,3
229000530,69,3,66
229000531,40,3,37
229000532,55,0,55
229000533,69,1,68
229000534,56,1,55
229000564,79,1,78
229000565,15,1,14
229000566,1,15,-14
229000567,1,47,-46
229000582,58,1,57
229000583,1,3,-2
229000584,0,29,-29
229000585,7,79,-72
229000718,0,3,-3
229000719,0,2,-2
229000720,0,5,-5
229000721,0,14,-14
229000722,0,13,-13
229000723,0,7,-7
229000724,0,1,-1
229000725,0,1,-1
229000738,1,0,1
229000739,1,0,1
229000740,2,0,2
229000741,9,0,9
229000742,3,0,3
229000743,10,0,10
229000744,1,0,1
229000745,0,0,0
229000746,17,0,17
229000847,60,0,60
229000848,22,0,22
229000849,97,0,97
229000851,24,0,24
229000854,0,30,-30
229000856,1,104,-103
229000857,0,31,-31
229000858,0,56,-56
229000919,41,82,-41
229000930,7,217,-210
229000937,68,18,50
229000966,63,22,41
229000981,24,50,-26
229000985,15,25,-10
229000986,2,7,-5
229000987,0,1,-1
229000988,5,11,-6
229000989,4,17,-13
229000990,0,2,-2
229000991,0,3,-3
229000992,13,8,5
229000993,138,20,118
229000998,16,67,-51
229000999,73,22,51
229001034,3,32,-29
229001035,4,1,3
229001036,5,65,-60
229001037,46,1,45
229001038,0,4,-4
229001039,0,1,-1
229001040,0,75,-75
229001041,72,0,72
229001042,12,21,-9
229001047,6,51,-45
229001050,41,12,29
229001168,0,16,-16
229001200,15,8,7
229001338,4,62,-58
229001394,165,1,164
229001422,111,27,84
229001423,38,148,-110
229001431,30,50,-20
229001432,43,89,-46
229001444,216,43,173
229001445,41,202,-161
229001479,15,0,15
229001503,171,98,73
229001504,130,142,-12
229001505,86,27,59
229001506,73,152,-79
229001509,53,3,50
229001510,5,38,-33
229001545,108,4,104
229001546,24,100,-76
229001553,83,26,57
229001554,39,98,-59
229001630,58,26,32
229001631,32,38,-6
229001635,0,13,-13
229001636,14,2,12
229001658,1,135,-134
229001659,66,3,63
229001660,12,5,7
229001661,19,18,1
229001662,9,0,9
229001663,0,46,-46
229002584,261,188,73
229002831,224,158,66
229002841,10,25,-15
229002842,12,35,-23
229002843,110,31,79
229002844,38,89,-51
229002845,29,89,-60
229002846,28,23,5
229002847,4,4,0
229002848,3,22,-19
229002849,19,82,-63
229002850,21,2,19
229002851,37,144,-107
229002852,286,24,262
229002853,145,24,121
229002854,30,68,-38
229002855,18,25,-7
229002856,34,18,16
229002857,7,90,-83
229002858,26,11,15
229002859,50,96,-46
229002860,337,38,299
229002861,95,25,70
229002862,30,29,1
229002863,32,25,7
229002864,22,28,-6
229002865,8,19,-11
229002866,7,20,-13
229002867,1,17,-16
229002868,4,17,-13
229002869,41,133,-92
229002870,46,17,29
235000066,79,10,69
235000067,316,54,262
235000072,55,226,-171
235000073,15,102,-87
235000074,10,20,-10
235000080,9,102,-93
235000081,105,189,-84
235000082,182,63,119
235000083,222,94,128
235000084,79,50,29
235000085,135,49,86
235000089,6,5,1
235000092,3,32,-29
235000093,8,3,5
235000097,1,6,-5
235000098,45,13,32
235000099,12,6,6
235000115,92,63,29
235000116,41,22,19
235000117,612,15,597
235000133,7,349,-342
235000134,20,91,-71
235000206,11,4,7
235000207,4,4,0
235000208,1,1,0
235000209,2,0,2
235000210,4,3,1
235000212,4,6,-2
235000213,1,4,-3
235000220,0,7,-7
235000221,63,10,53
235000238,15,70,-55
235000239,1,9,-8
235000242,518,568,-50
235000245,691,158,533
235000246,8,64,-56
235000284,8,97,-89
235000295,124,9,115
235000305,222,25,197
235000306,165,9,156
235000307,17,3,14
235000308,23,0,23
235000309,65,1,64
235000310,62,1,61
235000311,163,19,144
235000322,0,23,-23
235000323,0,49,-49
235000324,0,34,-34
235000325,2,13,-11
235000326,7,199,-192
235000351,3,57,-54
235000352,20,33,-13
235000353,1,25,-24
235000354,7,41,-34
235000355,13,106,-93
235000356,276,10,266
235000357,34,4,30
235000358,98,6,92
235000359,15,2,13
235000360,70,7,63
235000361,40,11,29
235000381,75,222,-147
235000382,209,27,182
235000390,8,4,4
235000391,92,29,63
235000392,133,257,-124
235000393,94,137,-43
235000395,112,48,64
235000396,421,58,363
235000399,175,18,157
235000400,163,30,133
235000401,38,206,-168
235000402,38,101,-63
235000405,94,277,-183
235000406,50,328,-278
235000407,36,121,-85
235000409,179,137,42
235000410,4,50,-46
235000411,3,61,-58
235000485,0,6,-6
235000486,17,4,13
235000549,77,139,-62
235000550,35,204,-169
235000599,69,40,29
235000600,7,9,-2
235000601,7,7,0
235000602,68,48,20
235000614,1,2,-1
235000648,0,16,-16
235000649,20,10,10
235000685,0,2,-2
235000815,7,21,-14
235000834,0,8,-8
235000855,59,47,12
235000862,51,221,-170
235000891,0,4,-4
235000892,22,1,21
235000901,79,71,8
235000907,8,9,-1
235001010,80,96,-16
235001029,151,81,70
235001030,278,271,7
235001078,61,86,-25
235001079,60,119,-59
235001147,7,54,-47
235001166,15,74,-59
235001167,27,44,-17
235001169,33,301,-268
235001188,1,0,1
235001189,0,0,0
235001197,3,13,-10
235001200,34,29,5
235001208,13,3,10
235001209,13,20,-7
235001210,11,37,-26
235001239,6,36,-30
235001244,0,0,0
235016267,0,52,-52
235900013,1,1,0
235900014,4,3,1
241900007,28,0,28
277101746,0,1,-1
277102712,0,0,0
277103813,0,0,0
277103814,0,0,0
277103898,1,4,-3
990010990,28,165,-137
990011530,1,218,-217
990014944,6,622,-616
990015176,36,2,34
990015618,0,179,-179
990015888,14,33,-19
990016032,0,369,-369
990032570,7,293,-286
990070001,133,75,58
990070103,0,4,-4
990070601,1,75,-74
990070751,793,1,792
990070766,0,510,-510
990071180,459,204,255
990071343,11,3,8
990071387,0,12,-12
990071823,544,11,533
990072600,1,711,-710
990072964,2,407,-405
990073285,0,2,-2
990074393,1,953,-952
990074714,13,18,-5
990074870,1246,21,1225
990075106,1497,11,1486
990075746,547,61,486
990076437,1166,5,1161
990076458,2,846,-844
997000007,442,5,437
997000041,1,148,-147
997000058,33,0,33
997000062,34,2,32
997000069,1,5,-4
997000070,0,45,-45
997000100,29,0,29
997000141,8,2642,-2634
997000198,6,1421,-1415
998000475,4,48,-44
998000736,1,199,-198
998000965,0,20,-20
998001031,0,69,-69
998001072,464,288,176
998001091,3,3,0
998001093,1,0,1
998001103,0,5,-5
998001105,1,17,-16
998001700,0,30,-30
998001899,0,6,-6
998001900,5,0,5
998003073,1161,5,1156
998003124,15,16,-1
998003125,17,78,-61
998101900,0,0,0
998102850,13,192,-179
998501819,11,0,11
998501820,0,3,-3
998501832,99,88,11
998501927,997,466,531
998501929,91,10,81
998501930,37,1,36
998501931,117,22,95
998501932,6,0,6
998501933,58,2,56
998501937,18,2,16
998501944,3,1,2
998501950,0,0,0
998501970,99,4,95
998501971,0,77,-77
998501972,399,7,392
998501973,0,67,-67
998501974,2,278,-276
998501975,166,1,165
998501976,90,17,73
998501977,8,18,-10
998501978,55,1,54
998501979,0,8,-8
998501980,94,1,93
998501981,22,16,6
998501982,1,160,-159
998502006,0,0,0
998502024,0,11,-11
998502032,0,4,-4
998502062,20,0,20
998502063,0,0,0
998502173,3,0,3
998502269,1,1,0
998601159,6,250,-244
998601292,0,20,-20
999033574,0,119,-119
999800001,73,24,49
999800002,0,8,-8
999800003,3,0,3
999800004,0,1,-1
999800005,0,5,-5
