ID,insum,outsum,diff
100000001,942,1231,-289
100000002,3552,2969,583
100000003,6989,6236,753
100000004,1717,1581,136
100000005,2887,6224,-3337
100000006,756,213,543
100000007,2238,825,1413
100000008,302,657,-355
100000009,811,379,432
100000010,98,113,-15
100000011,1183,153,1030
100000012,103,1042,-939
100000013,54,256,-202
100000014,569,476,93
100000015,2579,2668,-89
100000016,1022,2050,-1028
100000017,651,1343,-692
100000018,1525,863,662
100000019,4129,2452,1677
100000020,2600,7020,-4420
100000021,5499,3286,2213
100000022,1619,3467,-1848
100000023,5286,2565,2721
100000025,1290,1812,-522
100000028,1595,1806,-211
100000029,257,548,-291
100000030,239,127,112
100000031,5146,8336,-3190
100000032,2414,4144,-1730
100000033,1117,2819,-1702
100000034,424,819,-395
100000035,1667,2411,-744
100000036,2107,1750,357
100000037,780,462,318
100000038,2424,1124,1300
100000039,619,378,241
100000040,268,185,83
100000041,1646,660,986
100000042,1220,531,689
100000043,1113,546,567
100000044,451,1023,-572
100000045,550,1107,-557
100000046,693,884,-191
100000047,351,521,-170
100000048,333,564,-231
100000049,1634,1565,69
100000051,454,926,-472
100000053,322,12,310
100000054,483,52,431
100000055,1031,246,785
100000056,504,431,73
100000057,2303,766,1537
100000058,1078,1212,-134
100000059,24,161,-137
100000060,522,348,174
100000061,2950,536,2414
100000062,2515,595,1920
100000063,1078,274,804
100000064,1496,302,1194
100000065,433,797,-364
100000066,207,656,-449
100000067,566,724,-158
100000068,567,1714,-1147
100000069,361,1270,-909
100000072,240,946,-706
100000073,1172,1014,158
100000075,796,319,477
100000076,2266,3444,-1178
100000077,245,283,-38
100000078,48,68,-20
100000079,49,88,-39
100000080,34,71,-37
100000081,215,191,24
100000102,3111,2870,241
100000103,2636,2119,517
100000104,4386,3513,873
100000105,2775,2521,254
100000106,3122,3243,-121
100000107,863,1476,-613
100000108,673,1193,-520
100000109,2043,1474,569
100000116,1318,1130,188
100000117,98,144,-46
100000118,1244,1640,-396
100000119,701,921,-220
100000121,404,569,-165
100000122,965,1481,-516
100000123,2918,5491,-2573
100000124,4683,8463,-3780
100000125,4586,2578,2008
100000126,889,636,253
100000127,1497,456,1041
100000128,1435,3363,-1928
100000129,555,556,-1
100000130,590,657,-67
100000131,2366,3358,-992
100000132,1530,4346,-2816
100000133,4756,2686,2070
100000135,797,1467,-670
100000139,426,401,25
100000140,396,395,1
100000142,601,667,-66
100000143,848,477,371
100000144,3329,895,2434
100000147,1502,3605,-2103
100000150,67,359,-292
100000151,1415,1431,-16
100000153,354,499,-145
100000154,67,454,-387
100000155,23,73,-50
100000156,483,479,4
100000157,179,178,1
100000158,333,104,229
100000159,195,764,-569
100000165,1501,1102,399
100000169,286,842,-556
100000174,646,895,-249
100000179,138,690,-552
100000180,1285,2369,-1084
100000181,719,297,422
100000188,79,204,-125
100000189,1124,451,673
100000190,843,1235,-392
100000191,874,939,-65
100000192,91,100,-9
100000193,327,268,59
100000330,1377,1221,156
100000355,261,720,-459
100000362,3942,3022,920
100000363,5428,5215,213
100000364,237,308,-71
100000365,6290,7662,-1372
100000366,5152,3248,1904
100000367,6265,7107,-842
100000368,2298,1496,802
100000369,1414,2513,-1099
100000370,267,1069,-802
100000376,95,246,-151
100000379,2386,2523,-137
100000380,5055,6238,-1183
100000384,6315,7177,-862
100000385,4215,6125,-1910
100000386,7704,6912,792
100000387,5858,7679,-1821
100000388,8097,8896,-799
100000389,9637,8861,776
100000390,11289,8711,2578
100000391,8071,11990,-3919
100000392,3228,4513,-1285
100000393,3079,6385,-3306
100000394,7678,10141,-2463
100000395,6169,4981,1188
100000396,6956,4485,2471
100000397,5539,7316,-1777
100000398,10409,8279,2130
100900002,16,23,-7
100900003,525,243,282
100900004,23,1102,-1079
100900005,154,27,127
100900006,44,75,-31
100900007,559,16,543
100900008,2,586,-584
100900009,121,174,-53
100900010,142,83,59
100900011,214,220,-6
100900012,14,174,-160
100900013,1085,6,1079
100900014,2,14,-12
100900015,151,79,72
100900016,8,56,-48
100900017,1310,155,1155
100900018,1,18,-17
100900019,37,129,-92
100900020,504,12,492
100900021,645,2,643
100900022,33,53,-20
100900023,1,48,-47
100900024,767,11,756
100900025,34,23,11
100900026,192,135,57
100900027,722,3647,-2925
100900028,168,303,-135
100900029,55,5,50
100900030,7,113,-106
100900031,807,84,723
100900032,351,1,350
100900033,321,326,-5
100900034,901,8,893
100900035,507,1,506
100900036,15,2,13
100900037,220,236,-16
100900038,63,48,15
100900039,239,428,-189
100900040,443,522,-79
100900041,1071,667,404
100900042,1511,1981,-470
100900043,0,9,-9
100900044,1900,762,1138
100900045,8,1,7
100900046,1480,23,1457
100900047,875,348,527
100900048,275,67,208
100900049,104,172,-68
100900050,4,14,-10
100900051,66,121,-55
100900052,587,78,509
100900053,539,23,516
100900054,23,61,-38
100900055,405,1098,-693
100900056,169,245,-76
100900057,1860,1285,575
100900058,677,95,582
100900059,166,9,157
100900060,255,12,243
100900061,417,242,175
100900062,11,37,-26
100900063,343,889,-546
100900064,1001,31,970
100900065,148,129,19
100900066,238,150,88
100900067,6,13,-7
100900068,249,147,102
100900069,386,9,377
100900070,476,8,468
100900071,770,243,527
100900072,10,53,-43
100900073,168,384,-216
100900074,8,9,-1
100900075,2306,547,1759
100900076,25,58,-33
100900077,42,86,-44
100900078,171,477,-306
100900079,7,28,-21
100900080,77,155,-78
100900081,53,204,-151
100900082,219,393,-174
100900083,27,41,-14
100900085,16,526,-510
100900086,187,894,-707
100900088,219,436,-217
100900089,13,8,5
100900090,181,667,-486
100900091,1,25,-24
100900092,348,220,128
100900093,345,355,-10
100900094,221,510,-289
100900095,6,31,-25
100900096,72,136,-64
100900097,2,4,-2
100900098,39,22,17
100900099,40,615,-575
100900100,43,821,-778
100900101,370,129,241
100900102,120,264,-144
100900103,9,23,-14
100900104,9,248,-239
100900105,105,1259,-1154
100900106,61,18,43
100900107,2334,943,1391
100900108,8,87,-79
100900109,30,35,-5
100900110,6,43,-37
100900111,61,243,-182
100900112,1,19,-18
100900113,21,51,-30
100900114,17,18,-1
100900115,24,51,-27
100900116,1156,866,290
100900117,440,1150,-710
100900118,19,29,-10
100900119,33,19,14
100900120,9,14,-5
100900121,510,794,-284
100900122,125,188,-63
100900123,221,232,-11
100900124,16,16,0
100900125,53,126,-73
100900126,228,201,27
100900127,11,11,0
100900128,125,273,-148
100900129,2,310,-308
100900131,166,413,-247
100900133,71,56,15
100900134,6,14,-8
100900135,2,312,-310
100900137,425,231,194
100900138,626,595,31
100900139,4,2,2
100900140,2,617,-615
100900141,6,809,-803
100900142,1,12,-11
100900143,801,621,180
100900144,39,14,25
100900145,141,199,-58
100900146,17,120,-103
100900147,21,1030,-1009
100900148,49,489,-440
100900149,31,443,-412
100900150,15,62,-47
100900151,210,649,-439
100900152,221,2,219
100900153,8,340,-332
100900154,40,126,-86
100900155,22,12,10
100900156,46,9,37
100900157,32,331,-299
100900158,793,168,625
100900159,2,43,-41
100900160,45,13,32
100900161,52,13,39
100900162,44,599,-555
100900163,156,212,-56
100900164,75,57,18
100900165,28,34,-6
100900166,31,9,22
100900167,72,130,-58
100900168,79,234,-155
100900169,127,1002,-875
100900170,37,10,27
100900171,34,616,-582
100900172,0,40,-40
100900173,7,337,-330
100900174,736,80,656
100900176,2407,335,2072
100900177,844,401,443
100900178,253,164,89
100900179,355,642,-287
100900180,5,2,3
100900181,104,98,6
100900182,35,63,-28
100900184,43,198,-155
100900186,667,517,150
100900187,4,61,-57
100900188,26,13,13
100900189,2041,357,1684
100900191,1088,1219,-131
100900192,327,458,-131
100900195,143,203,-60
100900197,25,46,-21
100900198,63,177,-114
100900199,10,5,5
100900200,868,520,348
100900201,118,988,-870
100900202,56,0,56
100900203,0,121,-121
100900204,281,976,-695
100900205,175,633,-458
100900206,235,94,141
100900207,350,182,168
100900210,94,607,-513
100900211,752,257,495
100900213,227,118,109
100900214,617,185,432
100900215,19,55,-36
100900217,161,128,33
101000001,3782,2852,930
101000002,7366,7191,175
101000003,559,1358,-799
101000004,8052,6919,1133
101000005,4836,5396,-560
101000006,7404,7414,-10
101000007,3761,4763,-1002
101000008,2629,2814,-185
101000009,2339,1152,1187
101000010,949,961,-12
101000011,1603,765,838
101000012,1180,947,233
101000013,763,1270,-507
101000014,533,640,-107
101000015,1620,1096,524
101000016,409,660,-251
101000017,718,662,56
101000018,2504,2985,-481
101000020,2384,1323,1061
101000021,958,587,371
101000022,300,111,189
101000023,1175,795,380
101000025,366,539,-173
101000026,280,33,247
101000027,2227,3161,-934
101000028,1078,295,783
101000029,308,1982,-1674
101000030,2039,200,1839
101000031,1376,1384,-8
101000032,8869,5937,2932
101000033,2762,4663,-1901
101000034,2415,2343,72
101000035,1221,554,667
101000036,2104,1465,639
101000037,2714,2722,-8
101000039,2510,3872,-1362
101000040,3511,4854,-1343
101000041,10091,10296,-205
101000042,608,1849,-1241
101000043,8012,10701,-2689
101000045,1850,1266,584
101000046,4018,2349,1669
101000047,2662,5142,-2480
101000048,846,728,118
101000049,946,2433,-1487
101000050,2490,3040,-550
101000051,1855,3769,-1914
101000052,1741,1493,248
101000053,1291,1548,-257
101000054,2377,1397,980
101000055,1596,1708,-112
101000056,65,121,-56
101000057,2077,1604,473
101000058,1383,1678,-295
101000059,2446,2739,-293
101000060,1921,793,1128
101000061,977,1686,-709
101000062,762,878,-116
101000063,544,1110,-566
101000064,1068,1183,-115
101000065,443,611,-168
101000066,1092,1002,90
101000067,1298,1179,119
101000068,316,609,-293
101000069,283,137,146
101000070,1191,1451,-260
101000071,2216,1171,1045
101000072,999,3810,-2811
101000073,985,1454,-469
101000074,6320,5912,408
101000075,5289,7231,-1942
101000077,1710,1555,155
101000078,1040,2095,-1055
101000079,809,478,331
101000080,536,648,-112
101000081,1947,1814,133
101000082,3406,2977,429
101000083,3084,2329,755
101000084,1488,949,539
101000085,1770,1230,540
101000086,1209,1254,-45
101000087,960,1094,-134
101000088,1573,1369,204
101000089,1340,1687,-347
101000090,2200,1294,906
101000091,525,734,-209
101000092,1274,935,339
101000093,1681,853,828
101000094,1236,1072,164
101000095,598,675,-77
101000096,467,560,-93
101000097,490,538,-48
101000098,474,577,-103
101000099,1273,1232,41
101000100,1022,1117,-95
101000101,365,492,-127
101000102,886,666,220
101000103,893,641,252
101000104,538,649,-111
101000105,363,423,-60
101000106,690,923,-233
101000107,334,426,-92
101000108,819,262,557
101000109,550,98,452
101000110,46,428,-382
101000111,139,201,-62
101000113,298,865,-567
101000114,9626,9372,254
101000115,93,127,-34
101000116,156,107,49
101000117,1446,239,1207
101000119,85,97,-12
101000120,218,93,125
101000121,91,69,22
101000122,175,161,14
101000123,65,154,-89
101000124,735,324,411
101000125,207,404,-197
101000128,570,654,-84
101000130,279,415,-136
101000131,960,534,426
101000132,895,860,35
101000135,47,42,5
101000136,462,223,239
101000137,32,372,-340
101000141,1434,4090,-2656
101000147,1152,495,657
101000148,1019,34,985
101000149,206,229,-23
101000150,143,569,-426
101000151,411,64,347
101000152,415,366,49
101000153,450,296,154
101000154,339,996,-657
101000155,522,234,288
101000156,42,424,-382
101000157,60,57,3
101000160,65,62,3
101000163,258,390,-132
101000164,418,336,82
101000165,275,416,-141
101000166,343,375,-32
101000168,1142,464,678
101000252,2499,1055,1444
101000254,405,172,233
101000258,25,8,17
101000261,132,47,85
101000262,1394,3443,-2049
101000263,616,1741,-1125
101000265,117,859,-742
101000266,457,587,-130
101000269,44,18,26
101000290,1555,3169,-1614
101000293,58,84,-26
101000294,834,527,307
101000295,228,433,-205
101000301,856,741,115
101000304,2371,3196,-825
101000305,3160,1506,1654
101900001,20,51,-31
101900002,0,14,-14
101900003,63,148,-85
101900004,8,108,-100
101900005,3094,3162,-68
101900006,1620,132,1488
101900007,1177,297,880
101900008,168,463,-295
101900009,110,594,-484
101900010,857,877,-20
101900011,346,1494,-1148
101900012,474,324,150
101900013,881,275,606
101900017,20,170,-150
101900018,1252,325,927
101900019,210,131,79
101900020,300,209,91
101900021,0,53,-53
101900022,234,1147,-913
101900023,161,231,-70
102000001,3063,5199,-2136
102000002,2603,1096,1507
102000003,3271,8651,-5380
102000004,6157,3274,2883
102000005,1454,2306,-852
102000006,1120,2159,-1039
102000007,1966,5157,-3191
102000008,4013,1772,2241
102000009,7248,8946,-1698
102000010,5185,3579,1606
102000011,3802,3348,454
102000012,3414,3073,341
102000018,3113,2983,130
102000019,2293,1916,377
102000026,291,710,-419
102000029,331,269,62
102000030,194,434,-240
102000031,106,182,-76
102000032,578,394,184
102000033,329,512,-183
102000034,672,646,26
102000035,1627,1009,618
102000036,24,295,-271
102000037,165,65,100
102000038,261,363,-102
102000039,206,114,92
102000040,374,338,36
102000041,234,373,-139
102000042,296,400,-104
102000043,301,308,-7
102000044,397,472,-75
102000045,888,952,-64
102000046,1388,749,639
102000047,1066,1097,-31
102000048,586,908,-322
102000049,1227,1019,208
102000050,1331,1258,73
102000051,514,711,-197
102000052,1270,961,309
102000053,1009,1015,-6
102000054,713,993,-280
102000055,1507,641,866
102000056,1187,1022,165
102000057,1828,724,1104
102000058,1334,1391,-57
102000059,1645,1474,171
102000060,1323,1148,175
102000061,1878,1792,86
102000062,2106,1292,814
102000063,1481,1625,-144
102000064,606,733,-127
102000065,69,165,-96
102000066,702,1031,-329
102000067,2225,3071,-846
102000068,9575,3080,6495
102000069,148,2290,-2142
102000070,1301,71,1230
102000071,7126,9595,-2469
102000072,3230,4411,-1181
102000073,1611,1323,288
102000074,822,1826,-1004
102000075,160,396,-236
102000076,252,416,-164
102000077,783,644,139
102000078,1016,620,396
102000079,183,326,-143
102000080,334,232,102
102000081,364,794,-430
102000082,697,377,320
102000083,692,299,393
102000084,398,288,110
102000085,2017,1007,1010
102000086,1472,1180,292
102000087,1149,1720,-571
102000088,452,409,43
102000089,1725,538,1187
102000090,755,1405,-650
102000091,1654,864,790
102000092,428,841,-413
102000093,606,689,-83
102000094,1000,1016,-16
102000095,1369,1508,-139
102000096,870,1095,-225
102000097,1079,1010,69
102000098,695,987,-292
102000099,1062,1122,-60
102000100,699,1638,-939
102000101,1123,1167,-44
102000102,399,1609,-1210
102000103,2013,539,1474
102000104,766,376,390
102000105,332,503,-171
102000106,1014,616,398
102000107,1629,557,1072
102000108,787,213,574
102000109,613,602,11
102000110,1286,1064,222
102000111,8,311,-303
102000112,152,164,-12
102000113,28,49,-21
102000114,834,424,410
102000115,305,382,-77
102000116,1086,887,199
102000117,388,1641,-1253
102000118,1668,1506,162
102000119,1474,1591,-117
102000120,247,505,-258
102000121,1311,684,627
102000122,1128,1076,52
102000123,1302,1567,-265
102000124,1667,1319,348
102000125,1002,1244,-242
102000126,896,887,9
102000127,1536,850,686
102000128,951,1141,-190
102000129,1687,995,692
102000130,942,1027,-85
102000131,2406,1055,1351
102000132,970,1582,-612
102000133,2394,1667,727
102000134,921,892,29
102000135,1006,1103,-97
102000136,1480,718,762
102000137,1222,1621,-399
102000138,456,710,-254
102000139,136,625,-489
102000140,271,723,-452
102000141,313,845,-532
102000142,415,432,-17
102000143,266,424,-158
102000144,460,399,61
102000145,507,562,-55
102000146,597,393,204
102000147,832,525,307
102000148,306,533,-227
102000149,220,448,-228
102000150,513,187,326
102000151,129,250,-121
102000152,271,163,108
102000153,1360,617,743
102000154,254,559,-305
102000155,127,366,-239
102000156,375,166,209
102000157,96,425,-329
102000158,322,402,-80
102000159,954,632,322
102000161,3865,2613,1252
102000162,201,146,55
102000163,148,795,-647
102000164,1047,1355,-308
102000165,360,177,183
102000166,61,202,-141
102000167,312,245,67
102000168,436,141,295
102000169,158,602,-444
102000170,506,437,69
102000171,383,672,-289
102000172,374,746,-372
102000173,533,439,94
102000174,128,88,40
102000175,127,105,22
102000176,116,32,84
102000178,245,513,-268
102000179,465,289,176
102000180,900,448,452
102000181,962,565,397
102000182,679,571,108
102000183,1864,1445,419
102000184,2208,826,1382
102000185,3482,1232,2250
102000186,1645,1594,51
102000187,1259,1291,-32
102000188,1270,1464,-194
102000189,2224,802,1422
102000190,845,3236,-2391
102000191,1403,510,893
102000192,1589,1561,28
102000193,83,139,-56
102000194,54,108,-54
102000195,533,478,55
102000196,304,288,16
102000197,836,306,530
102000198,237,569,-332
102000199,1178,303,875
102000200,414,1009,-595
102000201,1398,460,938
102000202,9,84,-75
102000203,526,178,348
102000204,561,672,-111
102000205,1345,449,896
102000206,885,574,311
102000207,766,545,221
102000208,411,499,-88
102000209,69,110,-41
102000210,559,406,153
102000211,722,329,393
102000212,447,18,429
102000213,9,208,-199
102000214,377,19,358
102000215,9,358,-349
102000216,95,85,10
102000217,14,103,-89
102000218,355,246,109
102000219,331,226,105
102000225,556,764,-208
102000226,2851,1569,1282
102000227,170,1,169
102000228,1,76,-75
102000229,56,67,-11
102000230,343,438,-95
102000231,424,483,-59
102000232,31,167,-136
102000233,504,654,-150
102000234,183,1115,-932
102000236,353,107,246
102000237,493,166,327
102000238,187,261,-74
102000240,559,707,-148
102000241,246,183,63
102000243,30,110,-80
102000245,10,102,-92
102000246,15,38,-23
102000247,271,605,-334
102000248,287,669,-382
102000249,129,133,-4
102000250,97,332,-235
102000254,146,275,-129
102000266,47,437,-390
102000271,29,0,29
102000286,464,442,22
102000297,2393,1179,1214
102000301,0,0,0
102000303,0,0,0
102000305,0,0,0
102000307,0,5,-5
102000308,0,2,-2
102900001,1526,919,607
102900002,522,61,461
102900003,115,188,-73
102900005,425,273,152
102900006,566,172,394
102900007,649,21,628
102900008,231,66,165
102900009,598,540,58
102900010,340,891,-551
102900011,1537,445,1092
102900012,473,128,345
102900013,42,44,-2
102900015,769,729,40
102900016,124,88,36
102900017,277,583,-306
102900018,73,132,-59
102900019,484,555,-71
102900020,200,32,168
102900021,62,77,-15
102900022,452,185,267
102900023,35,43,-8
102900024,73,56,17
102900025,270,125,145
102900026,517,2210,-1693
102900027,137,85,52
102900028,260,894,-634
102900029,213,293,-80
102900030,466,275,191
102900031,232,153,79
102900032,170,132,38
102900033,165,143,22
102900034,680,87,593
102900035,200,328,-128
102900036,382,394,-12
102900037,336,416,-80
102900038,533,431,102
102900039,36,718,-682
102900040,225,355,-130
102900041,137,239,-102
102900042,297,292,5
102900043,248,226,22
102900044,693,1753,-1060
102900045,210,506,-296
102900046,211,228,-17
102900047,181,794,-613
102900048,746,495,251
102900049,144,386,-242
102900050,254,318,-64
102900051,206,203,3
102900052,95,109,-14
102900053,346,613,-267
102900054,627,1350,-723
102900055,204,319,-115
102900056,173,394,-221
102900057,7,90,-83
102900058,435,141,294
102900059,32,73,-41
102900060,170,509,-339
102900061,226,449,-223
102900062,410,889,-479
102900063,1409,382,1027
102900064,131,567,-436
102900065,1321,463,858
102900066,475,55,420
102900068,114,94,20
102900070,368,587,-219
102900072,14,53,-39
102900073,151,27,124
102900074,255,293,-38
102900075,26,63,-37
102900076,148,199,-51
102900077,78,49,29
102900078,78,60,18
102900079,236,6,230
102900080,400,56,344
102900081,108,398,-290
102900082,21,219,-198
102900083,193,18,175
102900084,20,52,-32
102900085,378,140,238
102900086,23,92,-69
102900087,231,180,51
102900088,65,36,29
102900089,220,134,86
102900090,3,351,-348
102900091,249,4,245
102900092,507,568,-61
102900093,483,317,166
102900094,0,177,-177
102900095,205,2,203
102900096,25,8,17
102900097,495,604,-109
103000001,2499,2381,118
103000002,2122,2490,-368
103000003,3523,3002,521
103000004,858,696,162
103000005,1942,3153,-1211
103000006,899,1376,-477
103000007,549,722,-173
103000008,1195,831,364
103000009,1578,1255,323
103000010,169,114,55
103000011,1611,1328,283
103000012,1683,1590,93
103000013,3700,2105,1595
103000014,1731,3052,-1321
103000015,1709,699,1010
103000016,553,1433,-880
103000017,226,398,-172
103000018,764,318,446
103000019,443,310,133
103000020,2208,1349,859
103000021,1815,1959,-144
103000022,812,967,-155
103000023,743,1881,-1138
103000024,78,138,-60
103000025,129,763,-634
103000026,820,154,666
103000027,300,747,-447
103000028,471,476,-5
103000029,324,448,-124
103000030,1506,1181,325
103000031,1349,2307,-958
103000032,2454,1628,826
103000033,3205,2907,298
103000034,1515,1256,259
103000035,465,1536,-1071
103000036,414,595,-181
103000037,632,658,-26
103000038,643,1140,-497
103000039,581,350,231
103000040,458,796,-338
103000041,1753,1861,-108
103000042,1426,416,1010
103000043,682,830,-148
103000044,339,176,163
103000046,480,574,-94
103000047,639,608,31
103000048,239,173,66
103000049,131,164,-33
103000050,829,522,307
103000051,725,523,202
103000052,763,346,417
103000053,221,596,-375
103000054,2763,1339,1424
103000055,2094,2101,-7
103000056,883,1296,-413
103000057,895,267,628
103000058,799,819,-20
103000059,633,769,-136
103000060,907,553,354
103000061,468,829,-361
103000062,1302,519,783
103000063,1067,991,76
103000064,166,167,-1
103000065,11,362,-351
103000066,290,25,265
103000069,438,339,99
103000070,1168,748,420
103000071,1610,709,901
103000072,155,624,-469
103000073,714,129,585
103000074,879,117,762
103000075,103,588,-485
103000076,439,462,-23
103000077,38,355,-317
103000078,897,834,63
103000079,709,701,8
103000080,1130,502,628
103000081,611,1486,-875
103000082,617,275,342
103000083,157,299,-142
103000084,115,12,103
103000085,5,126,-121
103000086,593,442,151
103000087,157,608,-451
103000088,283,254,29
103000089,292,489,-197
103000090,2687,1000,1687
103000091,700,448,252
103000092,334,309,25
103000093,324,420,-96
103000094,308,129,179
103000095,78,320,-242
103000096,652,107,545
103000097,99,730,-631
103000098,832,191,641
103000099,352,695,-343
103000100,172,665,-493
103000101,1153,125,1028
103000102,199,457,-258
103000103,757,162,595
103000104,102,92,10
103000105,161,85,76
103000106,12,151,-139
103000107,230,75,155
103000108,917,504,413
103000109,434,388,46
103000110,530,689,-159
103000111,526,453,73
103000112,408,200,208
103000113,532,594,-62
103000114,1238,478,760
103000115,814,415,399
103000116,783,410,373
103000117,420,460,-40
103000118,611,583,28
103000119,1203,480,723
103000120,105,152,-47
103000121,171,564,-393
103000122,484,624,-140
103000125,27,318,-291
103000126,1011,9,1002
103000127,5,179,-174
103000128,278,5,273
103000129,3,155,-152
103000130,100,67,33
103000131,272,156,116
103000132,74,299,-225
103000133,23,151,-128
103000134,479,1096,-617
103000135,743,442,301
103000136,768,510,258
103000137,522,696,-174
103000138,862,884,-22
103000139,5,93,-88
103000140,150,30,120
103000141,77,150,-73
103000142,179,112,67
103000143,104,171,-67
103000144,249,79,170
103000145,54,294,-240
103000150,112,48,64
103000152,179,245,-66
103000153,213,133,80
103000156,12,387,-375
103000157,771,4,767
103000159,215,75,140
103000162,93,19,74
103000163,23,47,-24
103000164,25,24,1
103000165,86,248,-162
103000166,301,293,8
103000167,215,88,127
103000168,133,172,-39
103000169,238,486,-248
103000170,1063,394,669
103000171,62,99,-37
103000172,765,246,519
103000173,873,485,388
103000174,266,274,-8
103000175,363,279,84
103000176,1138,774,364
103000177,536,442,94
103000178,241,312,-71
103000179,285,43,242
103000183,204,22,182
103000185,146,46,100
103000186,170,131,39
103000187,863,295,568
103000188,25,124,-99
103000189,810,632,178
103000191,729,678,51
103000292,1350,2451,-1101
103000293,1381,2733,-1352
103000295,108,83,25
103000296,362,12,350
103000297,91,162,-71
103000504,93,19,74
103000505,12,43,-31
103000506,3,231,-228
103000507,297,4,293
103000508,57,114,-57
103000509,238,539,-301
103900001,1,176,-175
103900002,1218,166,1052
103900003,1438,176,1262
103900004,159,12,147
103900005,19,175,-156
103900006,5,4,1
103900007,102,5,97
103900008,12,2,10
103900009,338,493,-155
103900010,207,351,-144
103900011,396,163,233
103900012,32,27,5
103900013,103,85,18
103900014,80,10,70
103900015,106,16,90
103900016,322,239,83
103900017,51,82,-31
103900018,706,250,456
103900019,121,465,-344
103900020,275,578,-303
103900021,453,70,383
103900022,1439,796,643
103900023,192,2,190
103900024,108,548,-440
103900025,27,65,-38
103900026,41,0,41
103900027,808,254,554
103900028,29,276,-247
103900029,1366,232,1134
103900030,283,107,176
103900031,59,0,59
103900032,141,78,63
103900033,108,19,89
103900034,38,102,-64
103900035,71,50,21
103900036,82,31,51
103900037,98,105,-7
103900038,178,270,-92
103900039,117,245,-128
103900040,14,220,-206
103900041,109,87,22
103900042,106,223,-117
103900043,300,66,234
103900044,110,308,-198
103900045,390,193,197
103900047,110,26,84
103900048,59,32,27
103900049,240,1282,-1042
103900050,21,204,-183
103900051,0,48,-48
103900052,314,383,-69
103900053,339,521,-182
103900054,190,349,-159
103900055,515,277,238
103900056,91,49,42
103900057,44,128,-84
103900058,356,492,-136
103900059,0,19,-19
103900060,71,143,-72
103900061,224,56,168
103900062,433,120,313
103900063,50,0,50
103900064,159,5,154
103900065,812,500,312
103900066,241,43,198
103900067,233,22,211
103900068,3,0,3
103900069,116,18,98
103900070,205,240,-35
103900071,30,125,-95
103900072,31,162,-131
103900073,50,44,6
103900074,103,66,37
103900075,383,74,309
103900076,604,509,95
103900077,76,133,-57
103900078,407,138,269
103900079,200,267,-67
103900080,13,42,-29
103900081,57,27,30
103900082,16,135,-119
103900083,1147,1207,-60
103900084,98,208,-110
103900085,113,159,-46
103900086,1049,508,541
103900087,32,108,-76
103900088,431,697,-266
103900089,59,157,-98
103900090,8,147,-139
103900091,1095,214,881
103900092,773,578,195
103900093,90,308,-218
103900094,15,96,-81
103900095,358,257,101
103900096,31,136,-105
103900097,12,482,-470
103900098,381,153,228
103900099,94,135,-41
103900100,302,310,-8
103900101,94,1047,-953
103900102,0,20,-20
103900104,0,25,-25
103900105,133,266,-133
103900106,1,74,-73
103900107,230,213,17
103900108,84,307,-223
103900109,174,88,86
103900110,358,63,295
103900111,138,469,-331
103900112,120,190,-70
103900113,160,304,-144
103900114,518,331,187
103900115,367,277,90
103900116,5064,3876,1188
103900117,128,95,33
103900119,59,96,-37
103900120,130,101,29
103900122,147,234,-87
103900123,1214,750,464
103900124,71,379,-308
103900125,124,88,36
103900126,732,361,371
103900127,193,495,-302
103900128,160,147,13
103900131,37,132,-95
103900133,1080,37,1043
103900134,1,8,-7
103900135,5,9,-4
103900137,1,44,-43
103900138,234,253,-19
103900139,204,2465,-2261
103900140,17,275,-258
103900141,312,63,249
103900142,253,147,106
103900143,89,6,83
103900144,1,68,-67
103900145,241,314,-73
103900146,365,263,102
103900147,484,139,345
103900148,338,290,48
103900149,552,543,9
103900150,6176,5263,913
103900151,44,189,-145
103900152,666,389,277
103900153,5,1,4
103900154,768,2381,-1613
103900155,57,191,-134
103900156,63,169,-106
103900157,77,167,-90
103900158,166,139,27
103900159,311,71,240
103900160,86,51,35
103900161,110,179,-69
103900162,65,217,-152
103900163,16,419,-403
103900167,39,124,-85
103900168,239,170,69
103900169,44,69,-25
103900170,0,95,-95
103900171,3,62,-59
103900172,4,20,-16
103900173,25,17,8
103900174,318,80,238
103900175,56,80,-24
103900176,14,39,-25
103900177,4,91,-87
103900178,80,65,15
103900179,102,129,-27
103900180,17,63,-46
103900181,54,53,1
103900182,50,38,12
103900184,477,141,336
103900185,117,529,-412
103900187,28,92,-64
103900188,77,40,37
103900189,167,7,160
103900190,88,68,20
103900191,18,49,-31
103900192,31,97,-66
103900193,115,219,-104
103900194,120,254,-134
103900195,6,108,-102
103900196,67,94,-27
103900197,31,33,-2
103900198,24,55,-31
103900199,190,42,148
103900200,246,116,130
103900201,147,261,-114
103900202,30,66,-36
103900203,66,34,32
103900204,2,55,-53
103900207,0,76,-76
103900208,171,4,167
103900209,7,111,-104
103900210,68,56,12
103900211,723,344,379
103900212,115,377,-262
103900213,69,221,-152
103900214,224,227,-3
103900215,286,357,-71
103900216,1,289,-288
103900217,465,75,390
103900218,2,267,-265
103900219,210,284,-74
103900233,129,9,120
103900235,37,45,-8
103900236,31,7,24
103900242,6,15,-9
103900243,1,5,-4
103900244,174,230,-56
103900245,104,160,-56
103900246,52,44,8
103900247,18,86,-68
103900248,6,91,-85
103900249,93,92,1
103900250,54,24,30
103900251,5,29,-24
103900253,18,98,-80
103900254,7,50,-43
103900255,11,31,-20
103900256,23,36,-13
103900257,86,148,-62
103900258,39,11,28
103900259,85,10,75
103900261,11,9,2
103900262,18,3,15
103900263,33,53,-20
103900264,65,61,4
103900265,60,17,43
103900266,10,119,-109
103900267,12,72,-60
103900268,6,47,-41
103900269,249,132,117
103900270,108,132,-24
103900271,5,13,-8
104000001,2326,2141,185
104000002,2003,2136,-133
104000003,2523,2101,422
104000004,2871,2652,219
104000005,1718,1916,-198
104000006,3069,2505,564
104000007,3894,3822,72
104000008,181,227,-46
104000009,198,90,108
104000010,213,341,-128
104000011,381,243,138
104000012,146,254,-108
104000013,296,249,47
104000014,197,495,-298
104000015,425,162,263
104000016,548,305,243
104000018,1032,171,861
104000019,716,222,494
104000020,164,435,-271
104000021,283,465,-182
104000022,161,299,-138
104000023,937,325,612
104000024,240,323,-83
104000026,45,313,-268
104000027,285,226,59
104000028,410,190,220
104000029,392,290,102
104000030,323,185,138
104000031,1557,382,1175
104000032,222,226,-4
104000033,820,499,321
104000034,338,257,81
104000035,1068,454,614
104000036,913,583,330
104000037,332,227,105
104000038,522,237,285
104000039,291,224,67
104000040,292,366,-74
104000041,600,315,285
104000042,208,300,-92
104000043,283,324,-41
104000044,282,496,-214
104000045,949,848,101
104000046,987,1235,-248
104000047,812,1140,-328
104000048,1160,1168,-8
104000049,488,356,132
104000050,180,653,-473
104000051,112,480,-368
104000052,1670,1685,-15
104000053,967,452,515
104000054,699,345,354
104000055,3645,2697,948
104000056,1057,240,817
104000057,205,406,-201
104000058,829,628,201
104000059,611,927,-316
104000060,1178,1181,-3
104000061,1312,1082,230
104000062,470,125,345
104000064,498,396,102
104000065,276,853,-577
104000069,786,1164,-378
104000070,79,559,-480
104000071,134,472,-338
104000072,722,225,497
104000075,174,331,-157
104000076,542,175,367
104000082,2731,3651,-920
104000083,952,254,698
104000084,199,554,-355
104000085,404,421,-17
104000086,238,450,-212
104000087,471,2515,-2044
104000090,1035,1070,-35
104000092,1516,1649,-133
104000094,1056,1354,-298
104000095,1784,1237,547
104000096,1994,202,1792
104000097,2112,761,1351
104000098,2768,943,1825
104000100,2027,656,1371
104000101,1159,1330,-171
104000106,63,633,-570
104000107,677,429,248
104000108,222,472,-250
104000109,453,119,334
104000110,794,1170,-376
104000111,3608,3145,463
104000112,1793,716,1077
104000116,2,891,-889
104000117,233,551,-318
104000118,860,222,638
104000119,774,311,463
104000120,352,781,-429
104000121,275,701,-426
104000122,771,696,75
104000123,719,745,-26
104000124,895,1751,-856
104000125,3341,5304,-1963
104000126,507,516,-9
104000127,1165,1710,-545
104000128,715,437,278
104000129,411,34,377
104000130,12,314,-302
104000131,383,348,35
104000132,348,440,-92
104000133,1424,829,595
104000134,1085,1916,-831
104000135,568,2310,-1742
104000136,972,4916,-3944
104000137,2006,556,1450
104000138,926,382,544
104000139,5151,3456,1695
104000141,1105,1331,-226
104000142,668,579,89
104000143,600,417,183
104000144,121,233,-112
104000145,467,246,221
104000146,232,493,-261
104000147,144,275,-131
104000148,479,188,291
104000149,164,250,-86
104000150,1304,610,694
104000151,389,364,25
104000152,795,553,242
104000153,914,647,267
104000154,845,542,303
104000155,640,607,33
104000157,1043,1149,-106
104000158,382,657,-275
104000159,1144,654,490
104000160,2084,2244,-160
104000161,179,237,-58
104000162,101,166,-65
104000165,973,947,26
104000167,880,1104,-224
104000168,754,12,742
104000169,216,37,179
104000170,416,688,-272
104000248,405,534,-129
104000251,86,205,-119
104000272,0,0,0
104000273,0,0,0
104000274,0,0,0
104000275,0,0,0
104000279,742,500,242
104000290,112,305,-193
104000291,420,1156,-736
104000293,894,713,181
104000294,62,0,62
104000295,651,604,47
104000296,411,600,-189
104000297,816,1786,-970
104000298,1791,739,1052
104000299,748,1192,-444
104900001,242,350,-108
104900002,125,225,-100
104900003,76,301,-225
104900004,144,254,-110
104900005,458,358,100
104900006,475,125,350
104900007,449,229,220
104900009,231,301,-70
104900010,138,63,75
104900011,26,25,1
104900012,323,67,256
104900013,164,36,128
104900014,2384,364,2020
104900015,114,16,98
104900016,310,229,81
104900017,277,171,106
104900018,5,164,-159
104900019,280,3851,-3571
104900020,65,249,-184
104900021,5,149,-144
104900022,16,94,-78
104900023,1,72,-71
104900024,32,84,-52
104900025,68,296,-228
104900026,8,63,-55
104900027,671,370,301
104900028,37,102,-65
104900029,70,59,11
104900030,583,288,295
104900031,96,207,-111
104900032,57,117,-60
104900033,333,333,0
104900034,424,237,187
104900035,457,295,162
104900036,258,107,151
104900037,155,180,-25
104900038,466,1118,-652
104900039,705,706,-1
104900040,571,120,451
104900041,413,205,208
104900042,198,278,-80
104900043,31,246,-215
104900044,958,200,758
104900045,531,72,459
104900046,363,199,164
104900047,480,103,377
104900048,369,79,290
104900049,50,57,-7
104900050,424,167,257
104900051,353,55,298
104900052,92,4,88
104900053,514,113,401
104900054,307,45,262
104900055,142,4,138
104900056,222,28,194
104900057,72,0,72
104900058,1118,911,207
104900059,325,118,207
104900060,1,444,-443
104900061,271,468,-197
104900063,2,128,-126
104900064,0,75,-75
104900065,1,208,-207
104900066,3,135,-132
104900067,11,290,-279
104900068,40,207,-167
104900070,196,303,-107
104900071,1,516,-515
104900072,54,285,-231
104900073,193,224,-31
104900074,68,210,-142
104900075,113,56,57
104900076,184,251,-67
104900077,1058,407,651
104900078,200,364,-164
104900079,177,632,-455
104900080,120,413,-293
104900082,10,367,-357
104900085,1,172,-171
104900087,354,8,346
104900089,266,2,264
104900090,1218,954,264
104900091,777,649,128
104900093,226,507,-281
104900097,2419,2548,-129
104900098,168,53,115
104900099,97,571,-474
104900100,470,312,158
104900102,41,188,-147
104900103,542,103,439
104900104,2956,2707,249
104900106,125,103,22
104900107,113,226,-113
104900108,125,242,-117
104900109,151,303,-152
104900110,14,66,-52
104900111,292,181,111
104900112,332,577,-245
104900113,813,337,476
104900114,450,467,-17
104900115,916,356,560
104900116,356,181,175
104900118,36,84,-48
104900119,7,48,-41
104900120,27,316,-289
104900121,1,80,-79
104900122,3,67,-64
104900123,51,16,35
104900124,72,0,72
104900125,544,6,538
104900126,63,51,12
104900127,29,65,-36
104900128,136,157,-21
104900129,1512,2325,-813
105000001,2688,1472,1216
105000002,2425,1581,844
105000003,3454,3841,-387
105000004,741,804,-63
105000005,1123,1111,12
105000006,1791,1814,-23
105000007,1346,1935,-589
105000008,1631,3627,-1996
105000009,2689,3628,-939
105000010,2831,1863,968
105000011,3721,3096,625
105000012,3167,2648,519
105000013,1266,1139,127
105000014,2397,3076,-679
105000015,10878,17123,-6245
105000016,2596,2395,201
105000017,1643,922,721
105000018,1342,1773,-431
105000019,1291,978,313
105000020,231,498,-267
105000021,332,167,165
105000022,306,123,183
105000023,657,429,228
105000028,116,140,-24
105000029,744,1611,-867
105000030,3866,2535,1331
105000033,966,1655,-689
105000034,188,1190,-1002
105000037,684,334,350
105000038,2312,2198,114
105000039,2276,1931,345
105000040,1323,1653,-330
105000041,721,1324,-603
105000042,3918,2133,1785
105000043,1728,2311,-583
105000044,808,582,226
105000045,330,625,-295
105000046,1410,416,994
105000047,576,1070,-494
105000048,622,197,425
105000049,219,399,-180
105000050,831,349,482
105000051,158,294,-136
105000052,728,866,-138
105000053,96,145,-49
105000054,469,901,-432
105000055,786,342,444
105000056,1580,1769,-189
105000057,1149,787,362
105000058,1229,1124,105
105000059,915,601,314
105000060,466,615,-149
105000061,888,579,309
105000062,581,772,-191
105000063,324,506,-182
105000064,1843,816,1027
105000065,399,556,-157
105000066,1213,1406,-193
105000067,1820,924,896
105000068,451,988,-537
105000069,1726,1880,-154
105000070,604,1055,-451
105000071,311,991,-680
105000072,1065,2572,-1507
105000073,1108,723,385
105000074,1148,670,478
105000075,502,916,-414
105000076,1135,974,161
105000077,2203,1446,757
105000078,1463,1535,-72
105000079,1139,2853,-1714
105000080,2371,1830,541
105000081,3055,1280,1775
105000082,1102,1908,-806
105000083,4311,4033,278
105000084,595,755,-160
105000085,2063,2261,-198
105000086,631,830,-199
105000087,1399,1737,-338
105000088,1520,1611,-91
105000089,2877,2166,711
105000090,965,853,112
105000091,1354,2018,-664
105000092,642,872,-230
105000093,405,290,115
105000094,395,337,58
105000095,146,484,-338
105000096,1184,1277,-93
105000097,914,781,133
105000098,1049,707,342
105000099,859,898,-39
105000100,1576,1093,483
105000101,1951,1888,63
105000102,2043,1437,606
105000103,1559,2325,-766
105000104,2590,1061,1529
105000105,1410,1685,-275
105000106,1557,1544,13
105000107,1844,873,971
105000108,2094,1245,849
105000109,1937,1543,394
105000110,1154,556,598
105000111,1017,641,376
105000112,1474,663,811
105000113,541,737,-196
105000114,2438,1175,1263
105000115,333,1264,-931
105000116,1078,657,421
105000117,995,850,145
105000118,756,450,306
105000119,649,700,-51
105000120,1215,614,601
105000121,830,789,41
105000122,456,753,-297
105000123,1118,1157,-39
105000124,2333,812,1521
105000125,961,1521,-560
105000126,2390,1573,817
105000127,2784,1789,995
105000128,697,810,-113
105000129,894,347,547
105000130,470,3381,-2911
105000131,666,360,306
105000132,1250,835,415
105000133,501,900,-399
105000134,1003,749,254
105000135,527,558,-31
105000136,183,335,-152
105000137,608,280,328
105000138,226,334,-108
105000139,1140,896,244
105000140,550,554,-4
105000141,421,628,-207
105000142,259,449,-190
105000143,295,701,-406
105000144,323,841,-518
105000145,787,423,364
105000146,453,909,-456
105000147,774,419,355
105000148,1331,722,609
105000149,2916,2582,334
105000150,2075,1557,518
105000151,602,394,208
105000152,226,501,-275
105000153,622,734,-112
105000154,730,560,170
105000155,382,1034,-652
105000156,860,740,120
105000157,981,1721,-740
105000158,2244,775,1469
105000159,336,920,-584
105000160,2121,715,1406
105000161,863,935,-72
105000162,692,1824,-1132
105000163,1055,826,229
105000164,271,268,3
105000165,948,5776,-4828
105000166,5021,1289,3732
105000167,1446,1859,-413
105000168,534,543,-9
105000169,597,302,295
105000170,327,1245,-918
105000171,1067,228,839
105000172,204,44,160
105000173,226,40,186
105000174,85,73,12
105000175,107,132,-25
105000176,518,120,398
105000177,479,253,226
105000178,224,550,-326
105000179,757,192,565
105000180,210,167,43
105000181,142,300,-158
105000182,117,73,44
105000183,1931,2266,-335
105000184,1041,1270,-229
105000185,1460,1359,101
105000186,565,833,-268
105000187,1132,304,828
105000188,451,229,222
105000189,222,592,-370
105000190,439,381,58
105000191,436,435,1
105000192,455,77,378
105000193,91,259,-168
105000194,413,108,305
105000195,421,889,-468
105000196,76,231,-155
105000197,351,608,-257
105000198,589,369,220
105000199,252,561,-309
105000200,204,351,-147
105000201,106,38,68
105000203,12,112,-100
105000204,95,103,-8
105000205,100,167,-67
105000207,510,253,257
105000208,313,722,-409
105000209,246,364,-118
105000212,1254,1176,78
105000213,195,202,-7
105000214,231,339,-108
105000215,491,193,298
105000216,199,299,-100
105000217,139,282,-143
105000218,1695,1079,616
105000221,214,196,18
105000222,461,184,277
105000223,322,204,118
105000226,153,286,-133
105000227,112,174,-62
105000228,330,2339,-2009
105000229,196,622,-426
105000231,490,360,130
105000233,1051,759,292
105000234,480,1156,-676
105000235,544,611,-67
105000237,878,98,780
105000243,37,113,-76
105000248,46,119,-73
105000262,444,1182,-738
105000269,178,251,-73
105000270,495,41,454
105000271,1,152,-151
105000282,99,58,41
105000287,418,117,301
105000288,739,407,332
105000289,2299,2041,258
105000290,34,20,14
105000402,3415,4880,-1465
105000426,494,903,-409
105000438,3367,1516,1851
105000446,10258,6246,4012
105000447,5979,3010,2969
105000454,664,642,22
105000455,282,156,126
105000474,65,2,63
105000477,654,610,44
105000478,2287,5317,-3030
105000479,114,165,-51
105000480,8468,6909,1559
105000481,5036,4174,862
105000482,4764,7183,-2419
105000483,1823,2514,-691
105000484,2502,3011,-509
105000485,1735,3636,-1901
105000486,3145,2615,530
105000488,7943,4851,3092
105000489,1072,790,282
105000549,90,127,-37
105000550,442,1633,-1191
105000551,46,166,-120
105000552,2426,1533,893
105900001,35,2490,-2455
105900002,1499,804,695
105900003,27,120,-93
105900004,213,178,35
105900005,19,185,-166
105900006,37,226,-189
105900007,179,71,108
105900008,106,521,-415
105900009,38,19,19
105900011,350,61,289
105900012,878,138,740
105900013,7,49,-42
105900014,15,93,-78
105900015,196,392,-196
105900016,678,567,111
105900017,1470,41,1429
105900018,321,172,149
105900019,125,520,-395
105900020,72,67,5
105900021,74,430,-356
105900022,355,211,144
105900023,15,160,-145
105900024,13,287,-274
105900025,233,34,199
105900026,247,37,210
105900027,12883,7666,5217
105900028,669,571,98
105900029,1799,321,1478
105900030,205,321,-116
105900031,413,202,211
105900032,91,122,-31
105900033,91,141,-50
105900034,286,266,20
105900035,264,204,60
105900036,142,162,-20
105900037,79,86,-7
105900038,265,298,-33
105900039,181,129,52
105900040,93,121,-28
105900041,209,269,-60
105900042,98,143,-45
105900043,1586,171,1415
105900044,3,244,-241
105900045,2,849,-847
105900046,10,234,-224
105900047,20,35,-15
105900048,114,477,-363
105900050,5351,6679,-1328
105900051,121,1458,-1337
105900052,749,225,524
105900053,2722,3256,-534
105900054,353,247,106
105900056,835,580,255
105900057,58,178,-120
105900058,25,14,11
105900059,0,29,-29
106000001,4530,3064,1466
106000002,2378,5855,-3477
106000003,3330,4041,-711
106000004,1616,2769,-1153
106000005,3850,6100,-2250
106000006,6131,3268,2863
106000007,551,540,11
106000008,565,335,230
106000009,710,383,327
106000010,768,598,170
106000011,1371,1132,239
106000012,1019,1100,-81
106000013,2066,2137,-71
106000014,1715,1245,470
106000015,2081,1546,535
106000016,1452,1587,-135
106000017,556,772,-216
106000018,562,422,140
106000019,429,412,17
106000020,373,328,45
106000021,303,426,-123
106000022,354,199,155
106000023,814,350,464
106000024,611,462,149
106000025,133,210,-77
106000026,95,182,-87
106000027,1790,1331,459
106000028,666,389,277
106000029,697,890,-193
106000030,635,810,-175
106000034,270,561,-291
106000035,1007,2171,-1164
106000036,268,523,-255
106000037,1846,1439,407
106000038,349,125,224
106000039,103,114,-11
106000040,155,1039,-884
106000041,653,842,-189
106000043,573,275,298
106000046,458,73,385
106000047,52,495,-443
106000049,1060,226,834
106000050,332,578,-246
106000051,822,664,158
106000052,95,500,-405
106000053,516,161,355
106000054,444,378,66
106000055,1277,1050,227
106000056,279,314,-35
106000057,426,324,102
106000058,151,131,20
106000059,354,299,55
106000060,307,446,-139
106000061,265,564,-299
106000062,231,612,-381
106000063,852,617,235
106000064,49,337,-288
106000065,499,403,96
106000066,162,317,-155
106000067,401,117,284
106000068,72,562,-490
106000069,359,67,292
106000070,548,703,-155
106000071,1281,355,926
106000072,2718,1640,1078
106000073,1697,3275,-1578
106000074,731,644,87
106000075,367,1282,-915
106000076,1725,2069,-344
106000077,3615,1282,2333
106000078,1332,879,453
106000079,872,886,-14
106000080,1435,622,813
106000081,702,1084,-382
106000082,2516,940,1576
106000083,514,1396,-882
106000084,1289,774,515
106000085,1498,1529,-31
106000086,678,892,-214
106000087,1149,502,647
106000088,493,727,-234
106000089,1095,319,776
106000090,307,628,-321
106000091,294,470,-176
106000092,852,332,520
106000093,322,152,170
106000094,96,279,-183
106000095,938,665,273
106000096,1017,695,322
106000097,1563,730,833
106000098,884,924,-40
106000099,296,768,-472
106000100,1463,238,1225
106000101,1555,372,1183
106000102,262,787,-525
106000103,407,527,-120
106000104,952,430,522
106000105,578,572,6
106000106,770,469,301
106000107,179,219,-40
106000108,281,326,-45
106000109,257,213,44
106000110,235,294,-59
106000111,226,329,-103
106000112,212,502,-290
106000113,662,608,54
106000114,383,612,-229
106000115,251,398,-147
106000116,371,190,181
106000117,1321,699,622
106000118,1379,1544,-165
106000119,1252,913,339
106000120,1042,1313,-271
106000121,213,185,28
106000122,135,174,-39
106000123,576,125,451
106000124,59,151,-92
106000125,27,187,-160
106000126,334,86,248
106000127,1001,746,255
106000128,887,168,719
106000129,446,462,-16
106000130,890,260,630
106000131,165,578,-413
106000132,548,188,360
106000133,1473,1110,363
106000134,554,1844,-1290
106000135,214,442,-228
106000136,667,1012,-345
106000137,86,586,-500
106000138,1055,111,944
106000139,47,128,-81
106000140,63,49,14
106000141,118,48,70
106000142,113,76,37
106000143,74,43,31
106000144,34,71,-37
106000145,333,203,130
106000146,411,167,244
106000147,357,397,-40
106000148,510,759,-249
106000149,673,304,369
106000150,595,1761,-1166
106000151,3420,862,2558
106000152,1417,1878,-461
106000153,77,1561,-1484
106000154,1324,233,1091
106000155,147,270,-123
106000156,1053,280,773
106000157,809,1413,-604
106000158,1978,968,1010
106000159,2749,1845,904
106000160,529,2663,-2134
106000161,1632,324,1308
106000162,326,948,-622
106000163,566,302,264
106000164,523,334,189
106000165,297,379,-82
106000166,850,292,558
106000167,526,767,-241
106000168,641,302,339
106000169,444,444,0
106000170,852,265,587
106000171,248,1109,-861
106000172,2956,1523,1433
106000173,1246,2688,-1442
106000174,1263,468,795
106000175,347,902,-555
106000176,1982,891,1091
106000177,795,2350,-1555
106000178,3666,1962,1704
106000179,1166,2082,-916
106000180,939,1201,-262
106000181,1070,2005,-935
106000182,1659,788,871
106000183,1672,609,1063
106000184,1832,876,956
106000185,1103,1784,-681
106000186,974,170,804
106000187,320,981,-661
106000188,1,2,-1
106000189,27,44,-17
106000190,43,4,39
106000191,752,214,538
106000192,7,30,-23
106000193,518,246,272
106000194,258,609,-351
106000195,1350,484,866
106000196,434,1115,-681
106000197,778,462,316
106000198,228,261,-33
106000199,877,759,118
106000200,280,262,18
106000201,497,2902,-2405
106000202,3444,745,2699
106000203,47,168,-121
106000204,93,11,82
106000205,42,135,-93
106000206,85,30,55
106000207,36,569,-533
106000208,1767,226,1541
106000209,1831,446,1385
106000210,506,951,-445
106000211,379,1083,-704
106000212,1109,500,609
106000213,686,2450,-1764
106000214,2344,951,1393
106000215,333,513,-180
106000216,310,327,-17
106000217,322,288,34
106000218,418,330,88
106000219,198,231,-33
106000220,497,274,223
106000221,204,211,-7
106000222,77,81,-4
106000223,296,119,177
106000224,262,170,92
106000225,104,118,-14
106000226,147,226,-79
106000228,77,82,-5
106000229,86,699,-613
106000231,1228,143,1085
106000232,107,391,-284
106000233,761,125,636
106000234,71,346,-275
106000235,583,181,402
106000236,143,147,-4
106000237,4,15,-11
106000238,49,22,27
106000239,11,106,-95
106000240,84,7,77
106000241,22,554,-532
106000242,332,36,296
106000249,76,68,8
106000250,100,553,-453
106000251,116,46,70
106000252,18,94,-76
106000253,89,69,20
106000254,124,50,74
106000255,28,152,-124
106000256,84,48,36
106000257,176,333,-157
106000258,277,25,252
106000259,2,133,-131
106000260,50,6,44
106000261,5,103,-98
106000262,121,15,106
106000263,13,82,-69
106000264,374,18,356
106000265,12,124,-112
106000266,166,47,119
106000267,10,104,-94
106000268,471,56,415
106000269,74,64,10
106000270,144,413,-269
106000271,130,199,-69
106000272,243,62,181
106000273,6,302,-296
106000274,196,51,145
106000275,188,348,-160
106000276,197,53,144
106000277,124,290,-166
106000278,212,55,157
106000279,46,39,7
106000280,121,67,54
106000281,113,52,61
106000282,80,85,-5
106000283,130,42,88
106000284,98,118,-20
106000285,165,82,83
106000286,139,178,-39
106000287,169,66,103
106000288,143,192,-49
106000289,153,76,77
106000290,73,96,-23
106000291,215,106,109
106000292,107,116,-9
106000293,249,115,134
106000294,156,108,48
106000295,99,81,18
106000296,38,101,-63
106000297,111,332,-221
106000298,141,77,64
106000299,89,156,-67
106000300,53,117,-64
106000301,102,161,-59
106000303,45,135,-90
106000304,47,38,9
106000305,90,56,34
106000306,51,60,-9
106000307,86,34,52
106000308,41,115,-74
106000309,22,50,-28
106000310,381,436,-55
106000311,439,214,225
106000312,103,151,-48
106000313,220,196,24
106000318,145,572,-427
106000319,1104,277,827
106000320,7,166,-159
106000321,357,191,166
106000322,237,161,76
106000324,19,178,-159
106000325,1939,1033,906
106000326,976,1438,-462
106000327,235,97,138
106000328,45,118,-73
106000329,108,347,-239
106000330,32,80,-48
106000428,113,148,-35
106000429,134,330,-196
106000430,397,1080,-683
106000431,2696,419,2277
106000432,1511,2352,-841
106000433,2659,1423,1236
106000434,3425,2100,1325
106000435,1590,2618,-1028
106000436,23,178,-155
106000437,317,96,221
106000438,360,255,105
106000439,48,691,-643
106000440,344,431,-87
106000441,1,0,1
106000442,168,16,152
106000443,179,289,-110
106000450,5,114,-109
106000451,16,68,-52
106000454,12,99,-87
106000455,5,177,-172
106000456,90,46,44
106000457,23,730,-707
106000458,1030,67,963
106000459,173,263,-90
106000460,1914,38,1876
106000461,141,838,-697
106000462,1,25,-24
106000463,3,14,-11
106000464,4,364,-360
106000465,888,3,885
106000466,3,438,-435
106000467,295,403,-108
106000468,123,146,-23
106000469,132,6,126
106000470,388,1822,-1434
106000471,35,433,-398
106000472,165,19,146
106000473,63,9,54
106000474,345,418,-73
106000475,301,124,177
106000476,168,289,-121
106000477,32,26,6
106900001,0,15,-15
106900002,3,335,-332
106900003,275,1259,-984
106900004,4,22,-18
106900006,0,2,-2
106900007,0,13,-13
106900008,505,175,330
106900009,372,256,116
106900010,226,265,-39
106900012,1372,2509,-1137
106900013,712,183,529
106900014,16,10,6
106900015,20,4,16
106900016,371,20,351
106900017,9,1,8
106900018,2,0,2
106900019,68,2,66
106900020,2324,1783,541
106900021,109,88,21
106900022,1066,5,1061
106900023,57,290,-233
106900024,823,40,783
106900025,61,582,-521
106900026,1,420,-419
106900027,879,10,869
107000001,4223,5140,-917
107000002,2926,4385,-1459
107000003,6589,7665,-1076
107000004,4446,4371,75
107000005,6086,6217,-131
107000006,3745,3697,48
107000007,6864,11551,-4687
107000008,9881,7393,2488
107000009,8997,8545,452
107000010,8767,8116,651
107000011,1039,1202,-163
107000012,3793,2746,1047
107000013,70,62,8
107000014,87,149,-62
107000015,517,669,-152
107000016,864,732,132
107000017,2567,2053,514
107000018,23,1332,-1309
107000020,1458,1988,-530
107000021,1463,490,973
107000022,898,1744,-846
107000023,2182,278,1904
107000024,702,1331,-629
107000025,289,341,-52
107000026,312,457,-145
107000027,1569,1034,535
107000028,1452,1140,312
107000029,3989,3193,796
107000030,3012,2827,185
107000031,5031,2938,2093
107000032,569,949,-380
107000033,3112,4179,-1067
107000034,3346,1634,1712
107000035,446,275,171
107000036,452,1492,-1040
107000037,99,831,-732
107000038,281,291,-10
107000039,809,866,-57
107000040,270,375,-105
107000041,1815,1083,732
107000042,924,2316,-1392
107000043,2621,1338,1283
107000044,565,415,150
107000045,89,352,-263
107000046,911,453,458
107000047,589,963,-374
107000048,875,276,599
107000049,801,830,-29
107000050,1258,582,676
107000051,348,367,-19
107000052,1244,927,317
107000053,414,270,144
107000054,53,270,-217
107000055,166,130,36
107000056,418,756,-338
107000057,1357,279,1078
107000058,2406,2757,-351
107000059,2285,3059,-774
107000060,5226,5462,-236
107000061,5378,3311,2067
107000062,5686,3234,2452
107000063,4355,4104,251
107000064,5604,2905,2699
107000065,3505,3921,-416
107000066,2594,3467,-873
107000067,1570,1489,81
107000068,1616,866,750
107000069,1092,638,454
107000070,1390,11,1379
107000071,3972,57,3915
107000072,50,2268,-2218
107000073,961,453,508
107000074,159,885,-726
107000075,2069,682,1387
107000076,796,1429,-633
107000077,4322,1612,2710
107000078,2529,2967,-438
107000079,3277,1297,1980
107000080,1206,2750,-1544
107000081,2564,752,1812
107000082,671,1749,-1078
107000083,1767,623,1144
107000084,388,1785,-1397
107000085,3267,3545,-278
107000086,3754,3342,412
107000087,3496,2185,1311
107000088,3560,3697,-137
107000089,1710,1819,-109
107000090,1309,1130,179
107000091,1707,956,751
107000092,1069,964,105
107000093,1411,918,493
107000094,1041,1056,-15
107000095,1039,634,405
107000096,568,762,-194
107000097,447,304,143
107000098,323,487,-164
107000099,504,265,239
107000100,345,290,55
107000101,83,183,-100
107000102,212,296,-84
107000103,287,194,93
107000104,183,230,-47
107000105,419,182,237
107000106,206,228,-22
107000107,648,197,451
107000108,158,447,-289
107000109,785,148,637
107000110,59,465,-406
107000111,454,56,398
107000112,48,286,-238
107000113,731,140,591
107000114,132,443,-311
107000115,723,150,573
107000116,190,589,-399
107000117,219,653,-434
107000118,175,179,-4
107000119,1680,1733,-53
107000120,1068,563,505
107000121,1154,767,387
107000122,1341,865,476
107000123,604,678,-74
107000124,626,772,-146
107000125,1248,655,593
107000126,1155,628,527
107000129,417,393,24
107000130,761,363,398
107000131,538,504,34
107000132,640,378,262
107000133,540,120,420
107000134,481,5,476
107000135,5,308,-303
107000136,813,16,797
107000137,20,500,-480
107000138,304,54,250
107000139,18,574,-556
107000140,1865,216,1649
107000141,157,871,-714
107000142,607,137,470
107000143,72,715,-643
107000144,631,628,3
107000145,215,715,-500
107000146,347,431,-84
107000147,3212,1037,2175
107000150,865,3542,-2677
107000151,57,160,-103
107000152,535,1808,-1273
107000153,204,460,-256
107000154,312,328,-16
107000155,1211,31,1180
107000156,1536,21,1515
107000157,106,1236,-1130
107000158,783,34,749
107000159,36,760,-724
107000160,1478,176,1302
107000161,86,1266,-1180
107000162,464,613,-149
107000163,231,1,230
107000164,980,5,975
107000165,1496,9,1487
107000166,63,1028,-965
107000167,871,259,612
107000168,1098,611,487
107000169,719,783,-64
107000170,3183,1139,2044
107000171,1074,1994,-920
107000172,1295,1729,-434
107000173,685,999,-314
107000174,1439,6288,-4849
107000175,6938,1695,5243
107000176,2,4,-2
107000177,15,6,9
107000178,39,54,-15
107000179,520,1859,-1339
107000180,1919,603,1316
107000181,585,877,-292
107000182,2356,887,1469
107000183,222,691,-469
107000184,1325,715,610
107000185,632,1310,-678
107000186,1492,473,1019
107000187,1560,1400,160
107000188,782,636,146
107000189,601,1056,-455
107000190,787,733,54
107000191,982,983,-1
107000192,2138,790,1348
107000193,479,625,-146
107000194,828,698,130
107000197,1222,322,900
107000198,388,627,-239
107000199,942,657,285
107000200,689,751,-62
107000201,559,484,75
107000202,470,538,-68
107000203,858,1414,-556
107000204,1112,1792,-680
107000205,2034,1191,843
107000206,1497,2207,-710
107000207,475,683,-208
107000208,786,403,383
107000209,2505,1816,689
107000210,797,374,423
107000211,10,62,-52
107000212,27,330,-303
107000213,39,26,13
107000214,30,209,-179
107000215,586,446,140
107000216,533,421,112
107000217,202,162,40
107000219,161,284,-123
107000220,241,217,24
107000222,337,667,-330
107000224,666,75,591
107000225,199,534,-335
107000226,630,104,526
107000227,121,309,-188
107000228,142,310,-168
107000229,190,131,59
107000230,1280,516,764
107000231,1650,2245,-595
107000232,139,31,108
107000233,1294,1120,174
107000234,2,86,-84
107000235,130,26,104
107000236,26,482,-456
107000237,46,0,46
107000238,68,1,67
107000239,2573,582,1991
107000240,122,888,-766
107000241,112,34,78
107000242,381,46,335
107000243,1,47,-46
107000244,8,64,-56
107000246,3,1006,-1003
107000249,3,928,-925
107000251,0,211,-211
107000252,2,805,-803
107000255,428,154,274
107000257,2,312,-310
107000258,1,103,-102
107000259,6,183,-177
107000260,1030,19,1011
107000262,8,445,-437
107000263,461,12,449
107000266,9,15,-6
107000267,84,149,-65
107000268,147,114,33
107000269,895,125,770
107000270,8,45,-37
107000271,26,468,-442
107000272,33,116,-83
107000273,7,207,-200
107000274,1451,353,1098
107000275,56,1329,-1273
107000280,1211,50,1161
107000281,47,731,-684
107000282,90,662,-572
107000290,14,43,-29
107000291,30,11,19
107000292,0,108,-108
107000293,51,5,46
107000294,0,37,-37
107000295,32,1,31
107000296,0,29,-29
107000444,268,9,259
107000496,2,18,-16
107000497,1400,1960,-560
107000500,466,337,129
107000501,120,185,-65
107000502,193,306,-113
107000505,315,774,-459
107000506,2,137,-135
107000508,4,539,-535
107000509,335,809,-474
107000510,32,52,-20
107000514,131,423,-292
107000515,27,170,-143
107000516,528,320,208
107000518,1382,1826,-444
107000519,1433,945,488
107000520,98,49,49
107900001,106,161,-55
107900002,88,17,71
107900003,263,15,248
107900004,176,1,175
107900005,1649,2,1647
107900006,214,13,201
107900007,584,69,515
107900008,132,39,93
107900009,221,26,195
107900010,88,3,85
107900012,129,24,105
107900013,351,50,301
107900014,57,3,54
107900015,1360,14,1346
107900016,623,137,486
107900017,54,1,53
107900018,88,239,-151
107900019,23,40,-17
107900020,81,43,38
107900021,155,120,35
107900023,8,1,7
107900024,0,24,-24
107900025,285,319,-34
107900026,93,66,27
107900027,26,85,-59
107900028,157,74,83
107900030,209,30,179
107900031,95,89,6
107900032,44,3,41
107900033,31,8,23
107900034,522,28,494
107900035,1178,63,1115
107900036,67,35,32
107900037,0,31,-31
107900038,123,348,-225
107900039,78,42,36
107900040,52,744,-692
107900041,3,3,0
107900043,33,137,-104
107900044,17,17,0
107900045,170,84,86
107900046,270,214,56
107900047,59,44,15
107900048,302,18,284
107900049,436,1344,-908
107900050,113,407,-294
107900051,126,59,67
107900052,35,29,6
107900053,89,95,-6
107900055,932,401,531
107900056,154,79,75
107900057,1,0,1
107900058,23,604,-581
107900060,32,31,1
107900061,17,17,0
107900063,92,179,-87
107900064,364,189,175
107900065,358,27,331
107900066,36,4,32
107900067,2,0,2
107900068,130,902,-772
107900069,38,2268,-2230
107900070,206,78,128
107900071,57,722,-665
107900072,215,148,67
107900073,183,69,114
107900074,646,475,171
107900076,127,66,61
107900077,143,5,138
107900078,240,71,169
107900079,12,30,-18
107900080,188,763,-575
107900081,122,52,70
107900082,28,23,5
107900083,324,218,106
107900084,119,187,-68
107900086,39,216,-177
107900087,638,219,419
107900088,85,16,69
107900089,264,1088,-824
107900090,850,3531,-2681
107900091,194,305,-111
107900092,2104,454,1650
107900093,118,44,74
107900095,3327,2551,776
107900097,41,89,-48
107900098,67,259,-192
107900100,1130,1708,-578
107900101,928,249,679
107900102,58,12,46
107900103,62,176,-114
107900104,292,14,278
107900105,0,295,-295
107900106,6,1042,-1036
107900107,1871,559,1312
107900108,283,155,128
107900109,1723,29,1694
107900110,86,64,22
107900111,11,706,-695
107900112,112,439,-327
107900113,370,79,291
107900114,200,129,71
107900115,2,39,-37
107900116,270,131,139
107900117,306,297,9
107900118,76,195,-119
107900119,125,384,-259
107900120,56,35,21
107900121,1,198,-197
107900122,3,153,-150
107900123,5,80,-75
107900124,21,54,-33
107900125,34,242,-208
107900126,15,98,-83
107900127,656,397,259
107900128,99,87,12
107900129,119,24,95
107900130,136,32,104
107900131,759,484,275
107900132,103,402,-299
107900133,4,104,-100
107900134,45,103,-58
107900135,10,133,-123
107900136,62,60,2
107900137,152,125,27
107900138,68,39,29
107900139,50,43,7
107900140,107,53,54
107900141,65,56,9
107900142,65,861,-796
107900143,85,50,35
107900144,1,112,-111
107900145,35,123,-88
107900146,117,140,-23
107900147,121,95,26
107900148,156,131,25
107900149,1031,278,753
107900150,47,622,-575
107900151,54,90,-36
107900152,17,195,-178
107900153,169,437,-268
107900154,83,40,43
107900155,128,52,76
107900156,15,224,-209
107900157,53,50,3
107900158,1136,51,1085
107900159,46,830,-784
107900160,135,145,-10
107900161,63,159,-96
107900162,1,146,-145
107900163,167,369,-202
107900164,27,67,-40
107900165,37,170,-133
107900166,20,164,-144
107900167,82,63,19
107900168,68,56,12
107900169,3,245,-242
107900171,7,1152,-1145
107900172,3,310,-307
107900173,33,126,-93
107900174,182,5,177
107900175,19,44,-25
107900176,59,49,10
107900177,5,283,-278
107900178,0,136,-136
107900179,43,153,-110
107900180,550,1044,-494
107900181,367,307,60
107900182,6,961,-955
107900183,68,155,-87
107900184,115,257,-142
107900185,162,4,158
107900186,54,58,-4
107900187,1,300,-299
107900188,642,197,445
107900189,24,118,-94
107900190,71,198,-127
107900191,101,109,-8
107900193,19,111,-92
107900194,253,18,235
107900195,2129,438,1691
107900196,117,128,-11
107900197,926,524,402
107900199,1,728,-727
107900201,133,89,44
107900203,49,66,-17
107900204,198,250,-52
107900205,314,383,-69
107900206,742,431,311
107900207,3,354,-351
107900208,18,502,-484
107900209,345,148,197
107900210,83,123,-40
107900213,905,632,273
107900214,25,100,-75
107900215,177,382,-205
107900216,124,47,77
107900217,65,146,-81
107900218,25,1500,-1475
107900219,49,103,-54
107900220,229,292,-63
107900221,167,275,-108
107900223,124,649,-525
107900224,134,468,-334
107900225,9,655,-646
107900226,89,101,-12
107900227,154,359,-205
107900228,33,124,-91
107900229,58,221,-163
107900230,21,103,-82
107900231,27,267,-240
107900232,130,126,4
107900233,21,150,-129
107900234,140,81,59
107900235,39,137,-98
107900236,168,61,107
107900237,26,117,-91
107900238,39,121,-82
107900239,738,609,129
107900240,35,103,-68
107900241,23,80,-57
107900242,30,198,-168
107900243,11,83,-72
107900244,399,6,393
107900245,920,48,872
107900246,346,19,327
107900248,851,394,457
107900249,1030,64,966
107900250,1,396,-395
107900251,56,1158,-1102
107900252,1199,25,1174
107900253,248,6,242
107900254,79,296,-217
107900255,326,120,206
107900256,1073,1708,-635
107900257,381,150,231
107900258,153,210,-57
107900259,119,2914,-2795
107900261,15,550,-535
107900262,85,135,-50
107900264,482,12,470
107900265,186,192,-6
107900267,250,18,232
107900268,23,1,22
107900269,0,5,-5
107900270,1,1,0
107900271,2,23,-21
107900272,86,39,47
107900273,106,157,-51
107900274,161,0,161
107900275,38,0,38
107900276,2,103,-101
107900277,0,155,-155
107900278,387,383,4
107900279,81,220,-139
107900280,2520,2013,507
107900281,1242,3487,-2245
107900282,60,648,-588
107900283,1045,870,175
107900284,602,492,110
107900285,176,58,118
107900286,173,112,61
107900287,348,220,128
107900290,1,185,-184
107900291,583,29,554
107900292,168,158,10
107900293,74,315,-241
107900295,67,53,14
107900297,2,330,-328
107900298,769,660,109
107900299,2366,2395,-29
107900300,125,315,-190
107900301,702,741,-39
107900302,171,59,112
107900303,241,294,-53
107900304,428,274,154
107900305,417,17,400
107900306,21,55,-34
107900307,51,228,-177
107900308,170,209,-39
107900309,114,5,109
107900310,944,11,933
107900311,5,475,-470
107900312,107,2,105
107900313,4,188,-184
107900314,0,57,-57
107900315,5,35,-30
107900316,47,2,45
107900317,132,30,102
107900318,20,145,-125
107900319,4,175,-171
107900320,1,142,-141
107900321,119,8,111
107900322,8,125,-117
107900323,10,154,-144
107900324,164,2,162
107900325,93,1,92
107900326,682,183,499
107900327,5,117,-112
107900328,60,1,59
107900329,158,100,58
107900330,8,245,-237
107900331,238,26,212
107900332,324,37,287
107900333,63,27,36
107900334,30,124,-94
107900335,99,45,54
107900336,43,101,-58
107900337,812,957,-145
107900338,2,145,-143
107900339,0,18,-18
107900340,0,44,-44
107900341,81,1,80
107900342,102,89,13
107900343,81,4,77
107900344,5,129,-124
107900345,156,27,129
107900346,35,6,29
107900347,26,8,18
107900348,0,10,-10
107900349,43,14,29
107900350,40,235,-195
108000001,3555,4107,-552
108000002,1889,2300,-411
108000003,3975,3982,-7
108000004,11861,13981,-2120
108000005,8616,6966,1650
108000006,7959,6897,1062
108000007,5770,4355,1415
108000008,4395,5319,-924
108000009,4323,5013,-690
108000010,3020,4104,-1084
108000011,13390,13547,-157
108000012,14956,14145,811
108000014,1024,883,141
108000015,893,269,624
108000016,312,626,-314
108000017,1231,460,771
108000018,2252,812,1440
108000019,2396,1067,1329
108000020,1499,566,933
108000021,386,1809,-1423
108000022,624,1348,-724
108000023,1579,347,1232
108000024,377,501,-124
108000025,367,329,38
108000026,708,397,311
108000027,846,401,445
108000028,693,223,470
108000029,627,486,141
108000030,697,242,455
108000031,302,651,-349
108000032,1966,830,1136
108000033,827,909,-82
108000034,1978,663,1315
108000035,826,2039,-1213
108000036,470,973,-503
108000037,2047,532,1515
108000038,3085,666,2419
108000039,665,1598,-933
108000040,2292,991,1301
108000041,674,2114,-1440
108000042,392,239,153
108000043,234,286,-52
108000044,639,142,497
108000045,457,431,26
108000046,1825,359,1466
108000047,558,929,-371
108000048,228,307,-79
108000049,1428,359,1069
108000050,96,334,-238
108000051,491,193,298
108000052,260,550,-290
108000053,535,275,260
108000054,595,1127,-532
108000055,1397,803,594
108000056,870,1354,-484
108000057,837,1470,-633
108000058,2252,4282,-2030
108000059,3038,2040,998
108000060,232,502,-270
108000061,167,275,-108
108000062,1127,705,422
108000063,685,517,168
108000064,263,263,0
108000065,617,537,80
108000066,1547,845,702
108000067,2038,653,1385
108000068,836,436,400
108000069,271,850,-579
108000070,2382,864,1518
108000071,692,1363,-671
108000072,2092,1242,850
108000073,1441,1564,-123
108000074,823,442,381
108000075,385,811,-426
108000076,993,594,399
108000077,647,634,13
108000078,3013,1460,1553
108000079,967,1282,-315
108000080,1618,613,1005
108000081,591,1338,-747
108000082,1090,1683,-593
108000083,2380,1189,1191
108000084,423,1038,-615
108000085,976,499,477
108000086,939,775,164
108000087,296,2264,-1968
108000088,189,20,169
108000089,415,355,60
108000090,530,213,317
108000091,365,414,-49
108000092,157,104,53
108000093,251,402,-151
108000094,596,94,502
108000095,162,281,-119
108000096,352,185,167
108000097,177,293,-116
108000098,2069,1374,695
108000099,269,114,155
108000100,101,201,-100
108000101,1507,1377,130
108000102,1898,3612,-1714
108000106,989,1,988
108000107,4,1266,-1262
108000108,958,64,894
108000109,12,850,-838
108000110,249,336,-87
108000111,302,538,-236
108000112,72,135,-63
108000113,518,269,249
108000115,421,308,113
108000117,770,434,336
108000118,82,316,-234
108000119,617,354,263
108000120,192,718,-526
108000121,260,452,-192
108000122,705,329,376
108000123,949,232,717
108000124,348,504,-156
108000125,462,231,231
108000126,196,376,-180
108000127,656,289,367
108000128,664,367,297
108000129,403,734,-331
108000130,597,283,314
108000131,1079,580,499
108000132,2016,1211,805
108000133,1071,517,554
108000134,494,451,43
108000135,1451,535,916
108000136,368,848,-480
108000137,608,333,275
108000138,509,791,-282
108000139,568,280,288
108000140,168,23,145
108000141,53,70,-17
108000142,47,59,-12
108000143,42,17,25
108000144,59,10,49
108000145,57,12,45
108000146,106,30,76
108000147,86,32,54
108000148,149,45,104
108000149,33,16,17
108000150,46,14,32
108000151,22,39,-17
108000152,143,518,-375
108000153,774,156,618
108000154,63,10,53
108000155,35,35,0
108000156,242,112,130
108000157,252,1209,-957
108000158,83,960,-877
108000159,481,282,199
108000160,2597,1364,1233
108000161,2204,3365,-1161
108000165,6,305,-299
108000172,3,315,-312
108000173,1571,2439,-868
108000175,371,136,235
108000178,440,423,17
108000179,197,1008,-811
108000181,74,19,55
108000182,95,9,86
108000183,56,33,23
108000184,902,2392,-1490
108000185,337,455,-118
108000186,279,68,211
108000187,133,523,-390
108000188,864,266,598
108000189,625,1650,-1025
108000190,53,139,-86
108000192,169,431,-262
108000193,951,40,911
108000194,59,6,53
108000195,1,814,-813
108000196,209,195,14
108000198,583,259,324
108000199,1,245,-244
108000200,663,418,245
108000202,0,301,-301
108000203,193,444,-251
108000204,236,121,115
108000205,274,438,-164
108000339,1313,372,941
108000364,125,328,-203
108000365,97,287,-190
108000367,204,317,-113
108000368,14,55,-41
108000369,856,412,444
108000371,3,644,-641
108000372,762,4,758
108000373,286,222,64
108000376,103,56,47
108000377,569,249,320
108000378,9396,11701,-2305
108000379,45,264,-219
108000381,112,14,98
108000382,192,6,186
108000383,1,135,-134
108900001,70,772,-702
108900002,252,94,158
108900003,359,601,-242
108900004,275,474,-199
108900005,87,426,-339
108900006,842,204,638
108900007,440,248,192
108900008,201,134,67
108900009,97,150,-53
108900010,354,188,166
108900011,719,419,300
108900012,482,437,45
108900013,197,261,-64
108900014,13,127,-114
108900015,1,170,-169
108900016,2,340,-338
108900017,227,441,-214
108900018,244,416,-172
108900019,96,783,-687
108900020,64,175,-111
108900021,170,198,-28
108900022,292,19,273
108900023,14,49,-35
108900024,49,102,-53
108900025,128,121,7
108900026,59,106,-47
108900027,0,82,-82
108900028,96,201,-105
108900029,64,211,-147
108900030,0,103,-103
108900031,208,311,-103
108900032,20,220,-200
108900033,1,108,-107
108900034,0,162,-162
108900035,308,948,-640
108900036,194,294,-100
108900037,83,294,-211
108900038,0,295,-295
108900039,0,297,-297
108900040,22,100,-78
108900041,4784,3917,867
108900042,13,421,-408
108900043,109,501,-392
108900044,1,371,-370
108900045,122,376,-254
108900046,51,615,-564
108900047,0,59,-59
108900048,115,775,-660
108900049,2300,1578,722
108900050,5,171,-166
108900051,0,93,-93
108900052,44,211,-167
108900053,92,207,-115
108900054,147,200,-53
108900055,72,370,-298
108900056,0,123,-123
108900057,1,172,-171
108900058,51,334,-283
108900059,578,77,501
108900060,160,96,64
108900061,85,45,40
108900062,7,206,-199
108900063,29,198,-169
108900064,314,73,241
108900065,12,179,-167
108900066,553,141,412
108900067,50,145,-95
108900068,0,77,-77
108900069,92,103,-11
108900070,45,90,-45
108900071,145,77,68
108900072,2067,943,1124
108900073,10,80,-70
108900074,292,303,-11
108900075,67,32,35
108900076,512,83,429
108900077,74,168,-94
108900078,39,111,-72
108900079,713,204,509
108900080,59,974,-915
108900081,77,279,-202
108900082,119,95,24
108900083,40,379,-339
108900084,421,174,247
108900085,1951,208,1743
108900086,226,202,24
108900087,75,220,-145
108900088,1175,438,737
108900089,47,203,-156
108900090,83,255,-172
108900091,117,70,47
108900092,726,451,275
108900093,171,125,46
108900094,290,130,160
108900095,82,321,-239
108900096,254,11,243
108900097,315,205,110
108900098,1897,1019,878
108900099,485,203,282
108900100,124,128,-4
108900101,277,280,-3
108900102,154,1639,-1485
108900103,142,145,-3
108900104,143,401,-258
108900105,10,1475,-1465
108900106,471,260,211
108900108,492,84,408
108900109,63,40,23
108900110,310,339,-29
108900111,575,402,173
108900112,359,37,322
108900113,71,105,-34
108900114,0,5,-5
108900115,123,96,27
108900116,149,33,116
108900117,245,18,227
108900118,813,51,762
108900119,353,26,327
108900120,190,200,-10
108900121,377,164,213
108900122,139,29,110
108900123,180,129,51
108900124,628,255,373
108900125,577,5,572
108900126,94,63,31
108900127,235,22,213
108900128,173,52,121
108900129,941,231,710
108900130,498,7,491
108900131,460,8,452
108900132,640,107,533
108900133,330,113,217
108900134,471,228,243
108900135,190,11,179
108900136,108,3,105
108900137,201,3,198
108900138,904,89,815
108900139,826,172,654
108900140,402,185,217
108900141,488,18,470
108900142,189,4,185
108900143,107,0,107
108900144,223,0,223
108900145,246,25,221
108900146,119,0,119
108900147,318,1,317
108900148,98,38,60
108900149,665,286,379
108900150,279,15,264
108900151,185,29,156
108900152,435,83,352
108900153,279,290,-11
108900154,5394,389,5005
108900155,294,104,190
108900156,104,14,90
108900157,39,401,-362
108900158,497,34,463
108900159,4,176,-172
108900160,11,168,-157
108900161,8,359,-351
108900162,182,3,179
108900163,7,285,-278
108900164,37,93,-56
108900165,129,90,39
108900167,1471,8272,-6801
108900168,5915,2863,3052
108900169,89,144,-55
108900171,5934,3714,2220
108900172,237,50,187
108900173,197,359,-162
108900174,997,553,444
108900176,144,395,-251
108900177,4164,6169,-2005
108900178,3504,4430,-926
108900179,585,2104,-1519
108900180,137,330,-193
108900182,71,416,-345
108900183,227,211,16
108900184,575,284,291
108900185,148,483,-335
108900186,150,425,-275
108900187,541,72,469
108900188,738,137,601
108900189,583,182,401
108900190,52,2068,-2016
108900191,219,47,172
108900192,103,188,-85
108900193,279,146,133
108900194,58,546,-488
108900195,148,269,-121
108900196,57,382,-325
108900198,2,300,-298
108900199,344,371,-27
108900200,642,390,252
108900201,498,1401,-903
108900203,598,160,438
108900204,511,27,484
108900205,265,38,227
108900206,790,115,675
108900207,322,149,173
108900208,29,367,-338
108900209,186,533,-347
108900210,264,252,12
108900211,240,583,-343
108900212,581,1695,-1114
108900215,93,405,-312
108900216,603,263,340
108900217,170,1,169
108900218,133,32,101
108900219,126,5,121
108900220,108,44,64
108900221,71,212,-141
108900222,331,41,290
108900223,21,178,-157
108900224,96,280,-184
108900225,2,243,-241
108900226,400,32,368
108900227,217,578,-361
108900230,217,239,-22
108900231,36,191,-155
108900232,4,231,-227
108900233,668,157,511
108900234,470,204,266
108900235,258,666,-408
108900236,82,507,-425
108900237,104,248,-144
108900240,207,175,32
108900241,69,68,1
108900245,9,1798,-1789
108900249,221,88,133
108900250,380,157,223
108900257,342,517,-175
108900258,12,165,-153
108900259,130,64,66
108900260,14,92,-78
108900261,68,147,-79
108900262,159,176,-17
108900263,55,207,-152
108900264,479,314,165
108900265,962,555,407
108900266,647,733,-86
108900267,10,146,-136
108900268,12,19,-7
108900269,152,28,124
108900270,110,12,98
108900271,106,46,60
108900272,294,11,283
108900273,751,1009,-258
108900274,64,40,24
109000001,2755,1577,1178
109000002,1236,1665,-429
109000003,2848,513,2335
109000004,473,1818,-1345
109000005,2429,653,1776
109000006,644,1908,-1264
109000007,1848,562,1286
109000008,552,1532,-980
109000009,4063,1314,2749
109000010,1259,3204,-1945
109000011,3852,2602,1250
109000012,1833,2945,-1112
109000013,4387,3749,638
109000014,2138,2948,-810
109000015,4011,8152,-4141
109000016,5410,3225,2185
109000017,2956,1352,1604
109000018,910,2294,-1384
109000019,2843,1387,1456
109000020,889,1709,-820
109000023,277,20,257
109000024,27,192,-165
109000025,422,504,-82
109000026,618,343,275
109000027,85,336,-251
109000028,150,113,37
109000029,170,296,-126
109000030,93,490,-397
109000031,277,184,93
109000032,150,455,-305
109000033,429,235,194
109000034,67,61,6
109000035,17,91,-74
109000036,110,324,-214
109000037,429,1784,-1355
109000038,572,482,90
109000039,1297,1187,110
109000040,4848,11185,-6337
109000041,2305,2053,252
109000042,546,1332,-786
109000044,463,68,395
109000045,121,360,-239
109000046,408,89,319
109000047,79,457,-378
109000048,903,347,556
109000049,356,717,-361
109000050,435,334,101
109000051,348,314,34
109000052,671,817,-146
109000053,299,109,190
109000054,430,504,-74
109000055,337,541,-204
109000056,419,568,-149
109000057,1101,550,551
109000058,808,327,481
109000059,741,1718,-977
109000060,403,383,20
109000061,783,1527,-744
109000062,167,489,-322
109000063,304,202,102
109000064,383,248,135
109000065,189,230,-41
109000066,569,74,495
109000067,104,251,-147
109000068,2459,80,2379
109000069,981,49,932
109000070,16,1298,-1282
109000071,423,122,301
109000072,121,269,-148
109000073,67,115,-48
109000074,38,148,-110
109000075,108,386,-278
109000076,132,282,-150
109000077,394,268,126
109000078,116,199,-83
109000079,130,143,-13
109000080,232,102,130
109000081,201,397,-196
109000082,733,245,488
109000083,342,539,-197
109000088,137,423,-286
109000089,341,79,262
109000090,165,375,-210
109000091,425,288,137
109000092,373,506,-133
109000093,333,253,80
109000094,763,4,759
109000095,137,346,-209
109000096,929,233,696
109000097,117,134,-17
109000098,63,207,-144
109000099,1199,347,852
109000100,365,532,-167
109000101,2179,711,1468
109000102,459,819,-360
109000103,582,620,-38
109000104,2313,715,1598
109000105,462,1127,-665
109000106,2309,943,1366
109000107,670,1697,-1027
109000108,2091,722,1369
109000109,526,1555,-1029
109000110,1701,596,1105
109000111,1031,1699,-668
109000112,429,122,307
109000113,449,189,260
109000114,232,298,-66
109000115,1211,59,1152
109000116,0,236,-236
109000117,302,58,244
109000118,10,268,-258
109000119,1730,262,1468
109000120,227,717,-490
109000121,612,40,572
109000122,165,701,-536
109000123,21,52,-31
109000124,749,405,344
109000125,891,325,566
109000126,478,731,-253
109000127,1266,234,1032
109000128,532,1252,-720
109000129,2898,1102,1796
109000130,612,1422,-810
109000131,1134,772,362
109000132,889,1727,-838
109000133,375,944,-569
109000134,835,1171,-336
109000135,1279,1849,-570
109000136,298,329,-31
109000137,382,408,-26
109000138,522,325,197
109000139,585,467,118
109000140,272,379,-107
109000141,678,516,162
109000142,179,582,-403
109000143,188,101,87
109000145,146,287,-141
109000146,50,156,-106
109000148,3432,2432,1000
109000149,21,65,-44
109000150,88,340,-252
109000155,1091,676,415
109000156,906,752,154
109000158,239,352,-113
109000159,201,711,-510
109000160,1139,287,852
109000161,432,959,-527
109000162,2325,765,1560
109000163,1315,1504,-189
109000164,1330,2263,-933
109000165,1443,506,937
109000166,927,127,800
109000167,165,445,-280
109000170,98,68,30
109000171,81,64,17
109000172,42,68,-26
109000173,22,82,-60
109000174,142,53,89
109000175,68,101,-33
109000176,380,284,96
109000177,30,123,-93
109000178,547,227,320
109000179,4567,6147,-1580
109000180,5735,4923,812
109000181,26,42,-16
109000182,63,30,33
109000183,72,34,38
109000184,64,16,48
109000185,53,58,-5
109000188,601,1546,-945
109000189,2383,921,1462
109000190,743,460,283
109000191,428,457,-29
109000192,570,160,410
109000193,206,223,-17
109000194,324,70,254
109000195,165,317,-152
109000196,422,107,315
109000197,242,350,-108
109000198,538,78,460
109000199,160,475,-315
109000206,293,59,234
109000207,157,39,118
109000208,103,97,6
109000209,245,187,58
109000210,254,566,-312
109000211,804,448,356
109000214,474,288,186
109000215,166,78,88
109000216,278,340,-62
109000217,317,125,192
109000218,531,266,265
109000221,545,958,-413
109000222,1051,277,774
109000223,449,482,-33
109000224,38,112,-74
109000225,87,48,39
109000226,82,165,-83
109000227,1432,1255,177
109000228,5,1366,-1361
109000231,0,254,-254
109000232,493,291,202
109000236,391,629,-238
109000241,2552,1980,572
109000242,2183,1080,1103
109000293,24,106,-82
109000361,111,260,-149
109000364,305,561,-256
109000396,4,423,-419
109000397,800,14,786
109000399,137,376,-239
109000400,68,251,-183
109000403,104,1135,-1031
109000406,304,3,301
109000407,351,171,180
109000408,0,305,-305
109000410,1355,332,1023
109000411,209,26,183
109900001,120,1,119
109900002,813,18,795
109900003,334,1,333
109900004,796,145,651
109900005,38,4,34
109900006,835,243,592
109900007,1095,457,638
109900008,0,33,-33
109900009,191,449,-258
109900010,658,27,631
109900011,115,45,70
109900012,340,237,103
109900013,474,194,280
109900014,432,84,348
109900015,501,238,263
109900016,187,34,153
109900017,225,266,-41
109900018,358,101,257
109900019,309,62,247
109900020,75,40,35
109900021,101,12,89
109900022,152,216,-64
109900023,25,13,12
109900024,26,3,23
109900025,20,68,-48
109900026,3,179,-176
109900027,54,77,-23
109900028,1187,1109,78
109900029,8,223,-215
109900030,53,18,35
109900031,2,304,-302
109900032,17,288,-271
109900033,5,546,-541
109900034,54,4,50
109900035,26,54,-28
109900036,47,51,-4
109900037,20,372,-352
109900038,120,256,-136
109900039,19,1,18
109900040,41,381,-340
109900041,65,364,-299
109900042,26,603,-577
109900044,173,307,-134
109900045,255,101,154
109900046,27,73,-46
109900047,313,311,2
109900048,13,114,-101
109900049,32,48,-16
109900050,1,109,-108
109900051,0,44,-44
109900052,128,295,-167
109900053,1,215,-214
109900054,993,327,666
109900055,103,274,-171
109900056,24,243,-219
109900057,8,92,-84
109900058,0,81,-81
109900059,1094,131,963
109900060,584,151,433
109900061,91,294,-203
109900062,0,173,-173
109900063,28,487,-459
109900064,618,269,349
109900065,72,162,-90
109900066,345,728,-383
109900067,2,214,-212
109900068,116,8,108
109900069,5,56,-51
109900070,75,307,-232
109900071,5,27,-22
109900072,32,147,-115
109900073,644,423,221
109900074,19,34,-15
109900075,36,48,-12
109900076,18,144,-126
109900077,60,49,11
109900078,105,199,-94
109900080,141,275,-134
109900081,27,257,-230
109900082,60,331,-271
109900083,12,60,-48
109900084,90,145,-55
109900085,186,629,-443
109900086,208,539,-331
109900087,322,567,-245
109900089,843,240,603
109900090,564,1081,-517
109900091,495,161,334
109900092,562,33,529
109900093,1110,182,928
109900094,90,105,-15
109900095,264,237,27
109900096,51,9,42
109900097,141,4,137
109900098,491,70,421
109900099,243,4,239
109900100,48,1,47
109900101,590,29,561
109900102,677,31,646
109900103,50,53,-3
109900104,698,533,165
109900105,586,22,564
109900106,529,68,461
109900107,728,94,634
109900108,156,287,-131
109900109,53,180,-127
109900110,132,362,-230
109900111,359,825,-466
109900112,349,475,-126
109900113,1096,795,301
109900114,1079,1769,-690
109900115,263,105,158
109900117,1353,146,1207
109900118,202,472,-270
109900119,580,443,137
109900120,123,39,84
109900121,456,641,-185
109900122,510,13,497
109900123,31,167,-136
109900124,76,311,-235
109900125,2,215,-213
109900126,380,82,298
109900128,419,53,366
109900130,5682,2688,2994
109900131,62,162,-100
109900132,84,173,-89
109900133,185,228,-43
109900134,164,94,70
109900135,317,75,242
109900136,54,110,-56
109900137,162,269,-107
109900138,487,385,102
109900140,254,173,81
109900142,1721,402,1319
109900145,10,642,-632
109900146,497,61,436
109900148,51,86,-35
109900149,55,64,-9
109900150,13,93,-80
109900151,11,59,-48
109900152,0,33,-33
109900153,2,63,-61
109900154,63,0,63
109900155,96,25,71
109900157,75,201,-126
109900158,72,170,-98
109900159,180,55,125
109900160,182,58,124
109900161,336,72,264
109900162,290,108,182
109900163,793,383,410
109900164,162,230,-68
109900165,380,8,372
109900166,8,150,-142
109900167,167,439,-272
109900168,267,621,-354
109900169,297,206,91
109900170,276,1036,-760
109900171,254,98,156
109900172,252,301,-49
109900173,2586,2945,-359
109900174,86,172,-86
109900175,72,82,-10
109900176,172,167,5
109900177,52,226,-174
109900178,7,206,-199
109900179,115,14,101
109900180,10,20,-10
110000001,995,548,447
110000002,674,773,-99
110000003,932,710,222
110000004,502,755,-253
110000005,419,2079,-1660
110000006,334,317,17
110000007,182,121,61
110000008,19,85,-66
110000009,63,24,39
110000010,46,109,-63
110000011,62,68,-6
110000012,734,371,363
110000013,72,552,-480
110000014,495,396,99
110000015,287,699,-412
110000016,248,1631,-1383
110000017,2665,278,2387
110000018,2253,410,1843
110000019,14,108,-94
110000020,834,322,512
110000021,392,479,-87
110000022,1319,264,1055
110000023,20,207,-187
110000024,817,429,388
110000025,464,11,453
110000026,21,373,-352
110000027,976,1343,-367
110000028,1116,808,308
110000029,700,639,61
110000030,324,407,-83
110000031,302,396,-94
110000032,889,457,432
110000033,297,157,140
110000034,569,635,-66
110000035,1090,534,556
110000036,1081,618,463
110000037,334,460,-126
110000038,328,663,-335
110000039,713,3681,-2968
110000040,279,329,-50
110000041,347,1735,-1388
110000042,63,484,-421
110000043,873,360,513
110000044,130,501,-371
110000045,856,158,698
110000046,6,32,-26
110000047,84,53,31
110000048,7,48,-41
110000049,83,18,65
110000050,8,29,-21
110000051,22,12,10
110000052,53,37,16
110000053,54,8,46
110000054,163,398,-235
110000055,678,109,569
110000056,146,107,39
110000057,529,626,-97
110000058,1571,556,1015
110000059,1184,504,680
110000060,919,1108,-189
110000061,966,744,222
110000062,767,870,-103
110000063,38,231,-193
110000064,129,69,60
110000065,66,99,-33
110000066,87,46,41
110000067,231,212,19
110000068,452,149,303
110000069,364,136,228
110000071,287,141,146
110000073,17,14,3
110000075,15,72,-57
110000076,439,516,-77
110000077,446,1445,-999
110000078,40,52,-12
110000080,255,652,-397
110000081,63,264,-201
110000082,54,423,-369
110000083,224,571,-347
110000084,1499,1060,439
110000085,1609,1642,-33
110000086,1484,2514,-1030
110000087,34,64,-30
110000088,132,252,-120
110000089,279,123,156
110000090,123,219,-96
110000091,1076,253,823
110000092,24,85,-61
110000093,58,15,43
110000094,584,253,331
110000095,339,585,-246
110000096,1922,1960,-38
110000097,1240,1584,-344
110000098,2322,815,1507
110000099,851,1608,-757
110000100,1160,422,738
110000101,35,317,-282
110000102,77,17,60
110000104,376,159,217
110000105,55,292,-237
110000106,955,471,484
110000107,237,388,-151
110000108,175,99,76
110000109,320,322,-2
110000110,3371,6583,-3212
110000111,6425,3891,2534
110000112,1185,1558,-373
110000113,374,2741,-2367
110000114,278,703,-425
110000115,467,387,80
110000116,64,58,6
110000117,304,297,7
110000118,611,177,434
110000119,368,351,17
110000120,422,217,205
110000121,84,417,-333
110000122,552,774,-222
110000123,822,890,-68
110000124,4,759,-755
110000125,1142,11,1131
110000126,389,42,347
110000127,1470,49,1421
110000128,59,1287,-1228
110000129,1,509,-508
110000130,351,248,103
110000131,108,332,-224
110000132,1,637,-636
110000133,45,467,-422
110000134,35,370,-335
110000135,219,36,183
110000136,79,303,-224
110000137,657,621,36
110000138,1075,626,449
110000139,1106,1199,-93
110000140,1168,847,321
110000143,678,411,267
110000144,5273,2320,2953
110000145,1942,1563,379
110000146,2550,1041,1509
110000147,739,791,-52
110000148,613,328,285
110000151,1132,1825,-693
110000152,1033,480,553
110000153,145,33,112
110000154,43,35,8
110000155,1761,4694,-2933
110000156,1112,2742,-1630
110000157,2266,2827,-561
110000160,440,336,104
110000161,247,286,-39
110000166,899,174,725
110000167,1181,530,651
110000168,1122,654,468
110000169,1021,475,546
110000170,123,102,21
110000171,700,169,531
110000172,208,735,-527
110000173,976,1102,-126
110000174,217,842,-625
110000175,950,103,847
110000176,149,450,-301
110000177,272,972,-700
110000178,434,1652,-1218
110000179,1132,434,698
110000180,265,263,2
110000181,577,390,187
110000182,340,144,196
110000183,7847,8138,-291
110000184,379,2774,-2395
110000185,1225,841,384
110000186,835,729,106
110000191,1297,286,1011
110000192,728,12,716
110000193,1322,10,1312
110000194,12,949,-937
110000195,662,246,416
110000196,467,302,165
110000197,168,138,30
110000198,71,68,3
110000199,93,108,-15
110000200,987,526,461
110000201,1011,1211,-200
110000202,1577,729,848
110000203,686,643,43
110000204,8,219,-211
110000205,167,81,86
110000206,675,1231,-556
110000207,1536,372,1164
110000208,241,249,-8
110000209,166,807,-641
110000210,1449,489,960
110000211,736,586,150
110000212,573,1131,-558
110000213,321,64,257
110000214,355,98,257
110000215,238,356,-118
110000216,147,306,-159
110000217,546,154,392
110000218,238,288,-50
110000219,431,79,352
110000220,118,277,-159
110000221,464,88,376
110000222,94,179,-85
110000223,4,219,-215
110000224,53,5,48
110000225,412,722,-310
110000226,250,76,174
110000227,920,880,40
110000228,295,155,140
110000229,0,207,-207
110000230,499,559,-60
110000231,151,214,-63
110000232,249,266,-17
110000233,204,268,-64
110000234,867,1393,-526
110000235,969,1317,-348
110000236,727,546,181
110000237,1930,1204,726
110000238,1148,1383,-235
110000239,2130,1228,902
110000240,1,107,-106
110000242,0,28,-28
110000243,139,146,-7
110000244,154,371,-217
110000245,57,326,-269
110000246,1116,553,563
110000247,1417,5822,-4405
110000248,2647,2175,472
110000249,77,11,66
110000250,73,227,-154
110000251,412,632,-220
110000252,266,194,72
110000253,1643,804,839
110000254,801,1250,-449
110000255,265,1004,-739
110000256,538,371,167
110000257,721,444,277
110000258,5,518,-513
110000259,231,40,191
110000260,48,246,-198
110000263,724,194,530
110000264,361,542,-181
110000265,1391,2599,-1208
110000266,2357,3869,-1512
110000267,41,225,-184
110000268,385,581,-196
110000269,6,63,-57
110000270,142,12,130
110000271,1392,333,1059
110000272,1584,1220,364
110000273,4057,2353,1704
110000274,258,2016,-1758
110000275,2103,648,1455
110000276,265,448,-183
110000277,353,393,-40
110000278,412,763,-351
110000279,919,886,33
110000280,564,569,-5
110000281,76,512,-436
110000282,372,29,343
110000283,62,209,-147
110000284,81,58,23
110000285,6,1013,-1007
110000286,42,3,39
110000287,121,6,115
110000288,3,97,-94
110000289,576,1931,-1355
110000290,840,584,256
110000291,5292,1372,3920
110000292,1562,5160,-3598
110000293,700,799,-99
110000294,1296,1206,90
110000295,242,1121,-879
110000296,590,451,139
110000297,2850,507,2343
110000298,222,515,-293
110000299,318,135,183
110000301,319,34,285
110000302,311,731,-420
110000303,554,18,536
110000304,180,227,-47
110000305,1400,38,1362
110000306,231,1064,-833
110000307,1929,13,1916
110000308,787,11,776
110000309,8,746,-738
110000310,863,80,783
110000311,24,754,-730
110000312,652,132,520
110000313,3292,3896,-604
110000314,2,258,-256
110000315,3137,3523,-386
110000316,562,1373,-811
110000317,338,592,-254
110000318,10,137,-127
110000319,32,46,-14
110000320,94,128,-34
110000321,71,68,3
110000322,375,371,4
110000323,527,234,293
110000324,3374,1855,1519
110000325,2432,3310,-878
110000327,635,418,217
110000328,226,446,-220
110000333,1190,843,347
110000334,920,1606,-686
110000335,1048,616,432
110000336,884,1061,-177
110000337,1661,799,862
110000338,633,359,274
110000339,366,273,93
110000340,72,227,-155
110000341,571,488,83
110000342,608,9,599
110000343,0,30,-30
110000344,194,161,33
110000345,218,196,22
110000346,2349,2137,212
110000347,1270,867,403
110000348,19,18,1
110000349,13,20,-7
110000350,55,10,45
110000351,1155,798,357
110000352,831,1417,-586
110000353,2422,675,1747
110000354,1357,3158,-1801
110000355,137,94,43
110000356,1038,18,1020
110000357,564,23,541
110000361,31,48,-17
110000362,85,59,26
110000363,675,104,571
110000364,331,345,-14
110000365,227,4,223
110000366,1,128,-127
110000367,449,225,224
110000368,10,64,-54
110000369,84,6,78
110000373,7,297,-290
110000374,104,14,90
110000375,158,823,-665
110000376,74,96,-22
110000377,135,614,-479
110000378,45,402,-357
110000379,2533,2011,522
110000380,68,13,55
110000383,2,1344,-1342
110000384,1741,1412,329
110000385,4,222,-218
110000387,117,16,101
110000388,60,241,-181
110000389,1031,5,1026
110000391,790,262,528
110000396,239,163,76
110000397,174,141,33
110000398,6,46,-40
110000399,136,2,134
110000587,125,62,63
110000589,239,171,68
110000640,190,70,120
110000652,11,206,-195
110000653,307,441,-134
110000654,69,332,-263
110000656,1,440,-439
110000674,34,17,17
110000675,12,45,-33
110000676,4,52,-48
110000679,300,1548,-1248
110000682,106,276,-170
110000683,318,591,-273
110000684,21,80,-59
110000685,9,21,-12
110000686,2,73,-71
110000687,140,13,127
110000688,86,1257,-1171
110000689,52,49,3
110000692,45,148,-103
110000693,95,389,-294
110000694,2,173,-171
110000695,213,769,-556
110000696,76,76,0
110900001,486,31,455
110900002,390,245,145
110900003,1276,590,686
110900004,705,179,526
110900005,2369,2866,-497
110900006,44,46,-2
110900007,186,56,130
110900008,15,35,-20
110900009,568,225,343
110900010,11,96,-85
110900011,31,60,-29
110900012,39,87,-48
110900013,1395,152,1243
110900014,258,17,241
110900015,603,799,-196
110900016,104,144,-40
110900017,615,69,546
110900018,531,85,446
110900019,307,36,271
110900020,190,224,-34
110900021,146,509,-363
110900022,113,290,-177
110900023,179,485,-306
110900024,33,330,-297
110900025,0,78,-78
110900027,80,237,-157
110900028,67,156,-89
110900029,22,343,-321
110900030,58,183,-125
110900031,15,214,-199
110900032,1,65,-64
110900033,52,260,-208
110900035,34,497,-463
110900036,113,32,81
110900037,71,29,42
110900038,872,214,658
110900039,15,267,-252
110900040,221,44,177
110900041,22,108,-86
110900042,173,66,107
110900043,4,95,-91
110900044,222,19,203
110900045,75,361,-286
110900046,66,203,-137
110900047,435,499,-64
110900049,178,119,59
110900050,45,7,38
110900051,44,228,-184
110900052,5,175,-170
110900053,181,38,143
110900054,45,189,-144
110900055,81,7,74
110900056,69,129,-60
110900057,11,147,-136
110900058,342,203,139
110900059,661,582,79
110900060,614,171,443
110900061,23,44,-21
110900062,268,241,27
110900063,111,171,-60
110900064,25,0,25
110900065,372,153,219
110900066,19,69,-50
110900067,346,560,-214
110900068,252,226,26
110900069,9,24,-15
110900070,132,57,75
110900071,278,767,-489
110900073,0,28,-28
110900074,477,121,356
110900075,481,115,366
110900077,1161,640,521
110900078,65,76,-11
110900079,1908,1922,-14
110900080,193,99,94
110900081,13,48,-35
110900082,208,129,79
110900083,109,98,11
110900084,66,79,-13
110900085,70,254,-184
110900086,109,516,-407
110900087,376,85,291
110900088,8,1,7
110900090,62,79,-17
110900091,0,71,-71
110900093,184,110,74
110900095,75,101,-26
110900097,22,28,-6
110900098,55,63,-8
110900099,99,384,-285
110900100,1,43,-42
110900102,90,35,55
110900105,1221,258,963
110900108,14,52,-38
110900111,394,179,215
110900112,1051,15,1036
110900113,413,107,306
110900115,19,62,-43
110900116,863,1398,-535
110900118,153,3942,-3789
110900119,3511,389,3122
110900120,32,52,-20
110900121,217,4,213
110900122,655,224,431
110900125,625,506,119
110900127,795,1683,-888
110900128,304,300,4
110900129,489,1221,-732
110900130,1029,771,258
110900131,471,67,404
110900132,605,114,491
110900133,69,204,-135
110900135,89,359,-270
110900136,466,18,448
110900137,36,1,35
110900138,814,679,135
110900139,16,163,-147
110900140,30,3,27
110900141,7,186,-179
110900142,98,191,-93
110900143,265,136,129
110900144,1,502,-501
110900145,200,56,144
110900146,244,241,3
110900147,94,372,-278
110900148,6,336,-330
110900149,14,80,-66
110900150,83,28,55
110900151,7,82,-75
110900152,41,167,-126
110900153,164,77,87
111000001,488,263,225
111000002,470,481,-11
111000003,1113,633,480
111000004,372,819,-447
111000005,1227,1008,219
111000006,818,1535,-717
111000007,4961,2754,2207
111000008,1772,3229,-1457
111000009,390,769,-379
111000010,836,266,570
111000011,298,1207,-909
111000012,537,445,92
111000013,389,1208,-819
111000014,1287,486,801
111000017,152,1076,-924
111000018,303,394,-91
111000020,894,2279,-1385
111000021,92,126,-34
111000023,165,135,30
111000025,4069,4719,-650
111000029,130,98,32
111000030,34,148,-114
111000031,2203,1387,816
111000032,503,436,67
111000033,335,334,1
111000034,107,222,-115
111000037,1317,681,636
111000038,3725,2404,1321
111000039,2150,2112,38
111000040,1932,2230,-298
111000041,1749,1588,161
111000042,2741,2295,446
111000043,2275,3901,-1626
111000044,2309,1439,870
111000045,2869,2588,281
111000046,2032,2052,-20
111000047,3400,4634,-1234
111000049,518,503,15
111000050,1408,1122,286
111000051,686,1050,-364
111000052,629,1669,-1040
111000053,376,832,-456
111000054,462,677,-215
111000055,928,1286,-358
111000056,104,465,-361
111000057,109,435,-326
111000058,504,72,432
111000059,739,327,412
111000060,4562,1004,3558
111000061,674,378,296
111000062,1041,381,660
111000063,1887,1126,761
111000064,874,565,309
111000065,1374,957,417
111000066,609,463,146
111000067,622,550,72
111000068,651,911,-260
111000069,1895,2026,-131
111000070,1055,965,90
111000071,136,479,-343
111000072,1369,501,868
111000073,443,941,-498
111000074,1794,1881,-87
111000075,1101,714,387
111000076,590,706,-116
111000077,1975,1716,259
111000078,3025,1412,1613
111000079,1249,739,510
111000080,615,653,-38
111000081,1614,4277,-2663
111000082,852,601,251
111000084,888,636,252
111000085,1020,1060,-40
111000086,2594,946,1648
111000087,737,531,206
111000088,5621,2883,2738
111000089,851,862,-11
111000090,915,1535,-620
111000091,931,507,424
111000092,1739,904,835
111000093,993,1218,-225
111000094,1911,1245,666
111000095,899,2514,-1615
111000096,1822,8399,-6577
111000097,4049,1482,2567
111000098,872,1042,-170
111000099,713,1649,-936
111000100,487,1332,-845
111000101,530,938,-408
111000102,360,669,-309
111000104,783,232,551
111000107,201,689,-488
111000109,1054,269,785
111000110,1692,786,906
111000111,2878,576,2302
111000112,2275,634,1641
111000113,922,1484,-562
111000114,1692,3589,-1897
111000115,5180,1462,3718
111000116,1009,982,27
111000117,456,1066,-610
111000118,1373,875,498
111000119,1268,948,320
111000120,608,653,-45
111000121,347,723,-376
111000122,636,955,-319
111000123,1231,2416,-1185
111000124,441,2354,-1913
111000125,272,1255,-983
111000126,102,721,-619
111000127,1082,156,926
111000128,2287,323,1964
111000129,3187,526,2661
111000130,2716,692,2024
111000131,2148,551,1597
111000132,2027,945,1082
111000133,226,156,70
111000134,227,127,100
111000135,73,181,-108
111000136,371,340,31
111000138,22,13,9
111000140,1,5,-4
111000141,204,374,-170
111000142,29,109,-80
111000143,0,132,-132
111000144,26,526,-500
111000145,877,28,849
111000146,109,22,87
111000147,330,42,288
111000148,149,80,69
111000149,5,37,-32
111000150,26,17,9
111000151,2,14,-12
111000153,686,836,-150
111000154,783,233,550
111000155,133,200,-67
111000156,547,790,-243
111000157,302,1359,-1057
111000158,903,947,-44
111000159,2608,841,1767
111000160,520,334,186
111000161,18,295,-277
111000162,124,124,0
111000163,859,776,83
111000164,728,3209,-2481
111000165,996,467,529
111000166,1741,375,1366
111000167,185,401,-216
111000168,275,446,-171
111000169,415,685,-270
111000170,497,419,78
111000171,537,594,-57
111000172,187,367,-180
111000173,423,679,-256
111000174,269,294,-25
111000175,61,339,-278
111000176,420,119,301
111000177,432,238,194
111000178,1398,385,1013
111000179,253,145,108
111000180,366,460,-94
111000181,1645,218,1427
111000182,321,251,70
111000183,394,370,24
111000184,487,254,233
111000185,406,503,-97
111000186,363,291,72
111000187,190,188,2
111000188,255,373,-118
111000189,979,611,368
111000190,287,328,-41
111000191,222,290,-68
111000192,220,421,-201
111000193,336,235,101
111000194,39,309,-270
111000195,190,293,-103
111000196,60,151,-91
111000197,525,115,410
111000198,609,125,484
111000199,289,190,99
111000200,529,388,141
111000201,822,241,581
111000202,483,191,292
111000203,445,316,129
111000204,473,1461,-988
111000213,290,459,-169
111000214,1749,1115,634
111000215,1231,1189,42
111000217,1632,929,703
111000218,1410,1135,275
111000219,478,194,284
111000220,1347,702,645
111000221,506,125,381
111000224,1,292,-291
111000225,377,179,198
111000226,111,3,108
111000227,35,3,32
111000228,43,374,-331
111000229,85,1075,-990
111000230,279,281,-2
111000231,1190,676,514
111000232,806,849,-43
111000233,1105,571,534
111000234,158,435,-277
111000239,120,146,-26
111000240,73,239,-166
111000241,59,345,-286
111000242,338,98,240
111000243,147,480,-333
111000244,647,97,550
111000245,1310,347,963
111000246,800,273,527
111000247,419,753,-334
111000248,887,426,461
111000249,484,603,-119
111000250,63,122,-59
111000251,80,131,-51
111000253,13,21,-8
111000255,53,8,45
111000257,68,36,32
111000260,98,1146,-1048
111000261,1493,141,1352
111000271,55,296,-241
111000273,3095,1179,1916
111000274,1446,2842,-1396
111000275,168,66,102
111000276,251,1562,-1311
111000277,179,359,-180
111000278,621,292,329
111000291,817,7043,-6226
111000298,592,245,347
111000299,862,160,702
111000300,131,530,-399
111000302,435,66,369
111000303,112,179,-67
111000312,47,86,-39
111000315,1,65,-64
111000320,320,732,-412
111000321,625,166,459
111000322,425,393,32
111000323,300,44,256
111000324,418,244,174
111000325,53,76,-23
111000326,275,266,9
111000327,496,330,166
111000328,334,549,-215
111000329,1,20,-19
111000330,80,9,71
111000331,19,2,17
111000332,814,1300,-486
111000334,400,1140,-740
111000335,1108,321,787
111000337,1664,370,1294
111000338,82,115,-33
111000339,836,355,481
111000340,96,517,-421
111000341,1530,797,733
111000342,223,1261,-1038
111000344,1162,727,435
111000345,165,81,84
111000346,21,120,-99
111000347,169,8,161
111000350,227,123,104
111000351,152,352,-200
111000352,215,190,25
111000353,159,246,-87
111000354,571,127,444
111000355,329,638,-309
111000358,156,842,-686
111000360,260,581,-321
111000361,186,232,-46
111000546,1006,592,414
111000547,486,468,18
111000548,198,345,-147
111000549,351,298,53
111000550,104,1111,-1007
111000551,759,215,544
111000552,1502,224,1278
111000907,408,22,386
111000908,28,1,27
111000916,2020,307,1713
111000917,36,411,-375
111000918,253,702,-449
111000920,663,15,648
111000921,8,129,-121
111000922,780,302,478
111000924,63,582,-519
111000925,2730,1722,1008
111000926,1045,1363,-318
111000927,3058,3853,-795
111000928,3611,2620,991
111000929,1542,1247,295
111000930,797,1846,-1049
111000931,2426,2838,-412
111000932,3826,2068,1758
111000933,3730,2930,800
111000934,1946,3286,-1340
111000935,1860,996,864
111000936,1224,1920,-696
111000937,1109,1334,-225
111000938,1304,1318,-14
111000939,761,52,709
111000940,623,149,474
111000941,476,434,42
111000943,635,307,328
111000944,243,282,-39
111000945,135,1037,-902
111001109,644,540,104
111001110,174,526,-352
111001111,114,17,97
111001112,108,1,107
111001113,3,130,-127
111001114,801,176,625
111001115,45,761,-716
111001116,4504,4439,65
111001117,590,3070,-2480
111001120,190,264,-74
111001121,182,187,-5
111001122,225,393,-168
111001123,309,60,249
111001124,47,85,-38
111900001,42,121,-79
111900002,33,626,-593
111900003,3,305,-302
111900004,70,149,-79
111900006,34,119,-85
111900007,166,11,155
111900008,328,8,320
111900009,312,155,157
111900010,323,415,-92
111900012,62,92,-30
111900013,54,52,2
111900014,4280,5114,-834
111900015,0,53,-53
111900016,1,98,-97
111900017,0,96,-96
111900018,256,16,240
111900019,2,174,-172
111900020,3,58,-55
111900021,41,111,-70
111900022,26,72,-46
111900023,149,95,54
111900024,6,79,-73
111900025,0,54,-54
111900026,3,50,-47
111900027,6,96,-90
111900028,2,305,-303
111900029,7,105,-98
111900030,39,371,-332
111900031,37,64,-27
111900032,1,224,-223
111900033,6,67,-61
111900034,194,441,-247
111900035,105,279,-174
111900036,0,230,-230
111900038,283,524,-241
111900039,91,376,-285
111900040,2,360,-358
111900042,46,167,-121
111900043,3,256,-253
111900044,285,230,55
111900046,43,147,-104
111900048,345,473,-128
111900049,30,225,-195
111900050,173,41,132
111900051,7,240,-233
111900052,327,447,-120
111900053,1107,2280,-1173
111900054,255,9,246
111900055,19,338,-319
111900056,204,410,-206
111900057,197,51,146
111900058,512,455,57
111900059,1564,789,775
111900060,491,6,485
111900061,9,166,-157
111900062,54,78,-24
111900063,474,309,165
111900064,124,205,-81
111900065,187,37,150
111900066,189,199,-10
111900067,5,357,-352
111900068,68,51,17
111900069,122,43,79
111900070,231,107,124
111900071,0,213,-213
111900072,85,37,48
111900073,1240,218,1022
111900074,25,220,-195
111900075,109,13,96
111900076,231,113,118
111900077,94,7,87
111900078,434,27,407
111900079,41,71,-30
111900080,318,349,-31
111900081,686,261,425
111900082,175,44,131
111900083,217,26,191
111900084,128,16,112
111900085,63,119,-56
111900086,51,9,42
111900087,54,2,52
111900088,654,18,636
111900089,134,6,128
111900090,85,73,12
111900091,372,4,368
111900092,177,8,169
111900093,522,8,514
111900094,164,0,164
111900095,354,52,302
111900096,289,3,286
111900097,112,1,111
111900098,302,2,300
111900099,78,0,78
111900100,197,9,188
111900101,197,44,153
111900102,862,543,319
111900103,106,114,-8
111900104,228,118,110
111900105,403,263,140
111900106,908,67,841
111900107,140,156,-16
111900108,173,309,-136
111900109,536,649,-113
111900110,1849,535,1314
111900111,288,146,142
111900112,647,3653,-3006
111900113,319,115,204
111900114,196,130,66
111900115,19,45,-26
111900118,379,105,274
111900119,366,214,152
111900122,190,106,84
111900123,41,30,11
111900124,49,111,-62
111900125,750,51,699
111900126,327,2,325
111900127,3,537,-534
111900128,0,384,-384
111900129,436,11,425
111900130,289,50,239
111900131,662,4,658
111900132,29,824,-795
111900133,21,231,-210
111900134,12,245,-233
111900135,23,52,-29
111900136,96,197,-101
111900137,104,97,7
111900138,38,88,-50
111900139,35,149,-114
111900140,202,45,157
111900141,85,30,55
111900142,143,52,91
111900143,19,148,-129
111900144,28,123,-95
111900145,4,378,-374
111900146,1,196,-195
111900147,180,387,-207
111900148,24,497,-473
111900149,7,270,-263
111900150,16,179,-163
111900151,7,32,-25
111900152,85,118,-33
111900153,1116,815,301
111900154,20,428,-408
111900155,77,153,-76
111900156,92,114,-22
111900157,209,23,186
111900158,675,109,566
111900159,441,35,406
111900160,427,3,424
111900161,198,21,177
111900162,96,175,-79
111900163,84,191,-107
111900164,119,73,46
111901113,741,213,528
111901114,191,241,-50
111901115,102,5,97
111901116,55,1,54
111901117,47,37,10
111901118,51,268,-217
111901119,622,85,537
111901120,87,160,-73
111901121,169,194,-25
111901122,5,381,-376
111901123,296,246,50
111901124,327,2,325
111901125,513,181,332
111901126,191,97,94
111901127,581,892,-311
111901128,13,104,-91
111901129,4,156,-152
111901130,14,179,-165
111901131,8,286,-278
111901132,82,13,69
111901133,69,2,67
111901134,191,6,185
111901135,61,19,42
111901136,63,70,-7
111901137,1,50,-49
111901138,242,35,207
111901139,19,31,-12
111901140,9,97,-88
111901141,10,129,-119
111901142,10,85,-75
111901143,5,132,-127
111901144,67,66,1
111901145,275,383,-108
111901146,378,30,348
112000001,2117,695,1422
112000002,666,1941,-1275
112000003,1955,1056,899
112000004,764,835,-71
112000005,3689,3623,66
112000006,1751,1550,201
112000007,4181,2635,1546
112000008,3138,4080,-942
112000009,2891,2465,426
112000010,3598,4006,-408
112000011,1562,1403,159
112000012,5245,6513,-1268
112000013,3313,3578,-265
112000014,2383,3597,-1214
112000015,2479,4282,-1803
112000016,4841,2341,2500
112000017,2486,4120,-1634
112000024,1976,864,1112
112000026,3043,3458,-415
112000027,1037,681,356
112000028,1046,1471,-425
112000029,850,805,45
112000030,137,111,26
112000031,1745,5756,-4011
112000032,269,67,202
112000033,1882,3337,-1455
112000034,228,86,142
112000035,38,710,-672
112000036,922,1573,-651
112000037,954,918,36
112000038,1664,1253,411
112000039,103,77,26
112000040,105,188,-83
112000041,500,434,66
112000042,995,543,452
112000050,1461,1487,-26
112000051,1324,1753,-429
112000054,1863,1696,167
112000057,778,425,353
112000058,378,692,-314
112000059,643,1147,-504
112000061,2757,2173,584
112000062,2046,1420,626
112000063,1301,2661,-1360
112000064,3888,5533,-1645
112000065,1773,2447,-674
112000066,4636,1603,3033
112000067,710,756,-46
112000068,3816,2972,844
112000069,672,1755,-1083
112000070,2475,1057,1418
112000071,1295,2544,-1249
112000072,3219,1013,2206
112000073,2137,2421,-284
112000074,1869,1358,511
112000075,1510,1409,101
112000076,3664,2849,815
112000077,692,487,205
112000078,2071,677,1394
112000079,1612,1372,240
112000080,913,772,141
112000081,1342,2289,-947
112000082,1758,794,964
112000083,676,1151,-475
112000084,1680,728,952
112000085,1403,886,517
112000086,2097,1148,949
112000087,502,410,92
112000088,1071,452,619
112000089,359,375,-16
112000090,311,238,73
112000091,681,880,-199
112000092,2409,1158,1251
112000093,1707,854,853
112000094,905,931,-26
112000095,821,737,84
112000096,796,666,130
112000097,1505,917,588
112000098,1119,961,158
112000099,1056,2039,-983
112000100,2376,902,1474
112000101,727,806,-79
112000102,1640,548,1092
112000103,364,877,-513
112000105,512,1159,-647
112000106,2112,408,1704
112000107,42,251,-209
112000108,253,1360,-1107
112000109,86,90,-4
112000110,2100,638,1462
112000111,1136,3652,-2516
112000112,4690,736,3954
112000113,1233,1848,-615
112000114,2925,1153,1772
112000115,392,511,-119
112000116,1046,1313,-267
112000117,1228,911,317
112000118,971,797,174
112000119,463,569,-106
112000120,113,292,-179
112000121,188,436,-248
112000122,384,176,208
112000123,989,185,804
112000124,490,100,390
112000125,330,309,21
112000126,355,328,27
112000127,2925,3302,-377
112000128,928,932,-4
112000129,136,114,22
112000130,284,96,188
112000131,44,248,-204
112000132,204,276,-72
112000133,456,180,276
112000134,564,427,137
112000135,1587,709,878
112000136,1155,1393,-238
112000137,2091,2706,-615
112000138,1685,1688,-3
112000139,1147,821,326
112000140,772,1324,-552
112000141,1116,385,731
112000142,181,535,-354
112000143,1389,220,1169
112000144,356,915,-559
112000145,3142,529,2613
112000146,588,1422,-834
112000147,2972,1980,992
112000148,1708,1836,-128
112000149,604,570,34
112000150,293,588,-295
112000151,395,363,32
112000152,562,375,187
112000153,206,272,-66
112000154,136,294,-158
112000155,173,188,-15
112000157,906,654,252
112000158,422,446,-24
112000159,596,391,205
112000167,598,158,440
112000169,332,537,-205
112000173,926,320,606
112000175,520,373,147
112000176,2567,2219,348
112000177,936,340,596
112000178,80,346,-266
112000179,326,108,218
112000180,346,367,-21
112000181,1602,1681,-79
112000182,1898,1391,507
112000183,55,65,-10
112000184,545,388,157
112000185,770,455,315
112000187,4522,3000,1522
112000195,159,32,127
112000196,299,5,294
112000197,325,207,118
112000198,43,357,-314
112000199,1030,772,258
112000202,528,1,527
112000216,91,246,-155
112000230,158,8,150
112000231,5,245,-240
112000256,77,347,-270
112000313,65,123,-58
112000314,65,39,26
112000337,348,652,-304
112000352,403,539,-136
112000392,2002,1675,327
112000398,1695,1009,686
112000399,1730,2507,-777
112000400,1755,2237,-482
112000401,2344,2225,119
112000402,4404,4443,-39
112000403,1730,3474,-1744
112000404,1132,1146,-14
112000405,2375,3053,-678
112000406,2858,1826,1032
112000407,8420,9129,-709
112000408,7062,5146,1916
112000409,1721,3191,-1470
112000410,508,493,15
112000411,3313,2036,1277
112000412,1664,692,972
112000413,7168,7703,-535
112000414,103,65,38
112000415,140,58,82
112000416,3238,1445,1793
112000417,353,123,230
112000421,89,109,-20
112000422,402,324,78
112000424,1871,2889,-1018
112000425,616,630,-14
112000426,231,369,-138
112000427,1,19,-18
112000428,310,253,57
112000429,2229,2345,-116
112000430,2571,3065,-494
112000431,90,166,-76
112000432,743,1037,-294
112000433,471,1040,-569
112000437,79,123,-44
112900001,120,2,118
112900002,709,749,-40
112900003,160,343,-183
112900004,54,219,-165
112900005,369,199,170
112900006,6,268,-262
112900007,79,177,-98
112900008,5,35,-30
112900009,513,148,365
112900010,442,792,-350
112900011,160,252,-92
112900012,6,50,-44
112900013,5,431,-426
112900014,9,353,-344
112900015,471,850,-379
112900016,13,234,-221
112900017,49,236,-187
112900018,2,181,-179
112900019,53,185,-132
112900020,436,1178,-742
112900021,5,180,-175
112900022,31,83,-52
112900023,0,122,-122
112900024,22,236,-214
112900025,128,305,-177
112900026,4,211,-207
112900027,6,847,-841
112900028,21,140,-119
112900029,38,483,-445
112900030,90,139,-49
112900031,5,361,-356
112900032,262,251,11
112900034,2,51,-49
112900035,6,313,-307
112900036,53,129,-76
112900037,190,247,-57
112900038,789,223,566
112900039,15,265,-250
112900040,9,509,-500
112900041,968,1541,-573
112900042,74,260,-186
112900043,55,137,-82
112900044,577,479,98
112900045,237,307,-70
112900046,179,70,109
112900047,9,35,-26
112900049,331,98,233
112900050,44,619,-575
112900051,289,551,-262
112900052,9,667,-658
112900053,352,156,196
112900054,244,93,151
112900055,178,69,109
112900056,496,348,148
112900057,36,435,-399
112900058,375,461,-86
112900059,136,210,-74
112900060,67,176,-109
112900061,123,148,-25
112900062,98,139,-41
112900063,100,26,74
112900064,245,283,-38
112900065,73,50,23
112900066,432,280,152
112900067,309,210,99
112900068,91,59,32
112900069,1624,956,668
112900071,43,12,31
112900072,155,2392,-2237
112900073,539,160,379
112900074,127,338,-211
112900075,1300,1280,20
112900076,86,49,37
112900078,413,502,-89
112900079,354,27,327
112900080,126,5,121
112900081,75,232,-157
112900082,722,27,695
112900083,130,156,-26
112900084,318,166,152
112900085,1,7,-6
112900086,97,5,92
112900087,1103,157,946
112900088,233,99,134
112900089,1421,53,1368
112900090,88,43,45
112900091,375,7,368
112900092,199,480,-281
112900093,1788,43,1745
112900094,198,2,196
112900095,76,1,75
112900096,637,231,406
112900097,121,390,-269
112900098,318,23,295
112900099,1139,30,1109
112900100,79,2,77
112900101,434,10,424
112900102,246,17,229
112900103,249,11,238
112900104,8,0,8
112900105,42,2,40
112900106,574,156,418
112900107,19,3,16
112900108,32,3,29
112900109,146,0,146
112900110,1646,19,1627
112900111,831,8,823
112900112,439,2,437
112900113,0,12,-12
112900114,223,33,190
112900115,1716,5,1711
112900116,164,32,132
112900117,111,63,48
112900118,25,101,-76
112900119,258,3,255
112900120,947,331,616
112900121,102,156,-54
112900122,15,107,-92
112900123,116,17,99
112900124,26,95,-69
112900125,137,727,-590
112900126,206,244,-38
112900127,490,110,380
112900128,261,821,-560
112900129,3,709,-706
112900130,355,108,247
112900131,71,385,-314
112900132,103,392,-289
112900133,38,1216,-1178
112900134,0,316,-316
112900135,104,47,57
112900136,0,27,-27
112900137,5,462,-457
112900138,11,223,-212
112900139,236,1195,-959
112900140,1,136,-135
112900141,1131,79,1052
112900142,137,262,-125
112900143,29,515,-486
112900144,0,132,-132
112900145,38,456,-418
112900146,9,932,-923
112900147,5,1298,-1293
112900148,89,2,87
112900149,335,598,-263
112900151,27,81,-54
112900152,3820,933,2887
112900153,1880,3117,-1237
112900154,2,140,-138
112900155,287,151,136
112900156,432,1001,-569
112900157,527,32,495
112900158,142,14,128
112900159,322,152,170
112900160,95,345,-250
112900161,135,64,71
112900162,21,28,-7
112900163,120,57,63
112900164,46,234,-188
112900165,198,48,150
112900166,29,94,-65
112900167,12,108,-96
112900168,9,6,3
112900169,20,43,-23
112900170,270,183,87
112900172,67,33,34
112900173,234,105,129
112900174,283,58,225
112900175,207,215,-8
112900176,8,110,-102
112900177,266,104,162
112900178,925,3352,-2427
112900179,25,485,-460
112900180,2666,1654,1012
112900181,823,9,814
112900182,63,923,-860
112900183,210,413,-203
112900184,506,678,-172
112900185,321,780,-459
112900186,1683,1466,217
112900187,138,662,-524
112900188,689,1300,-611
112900189,44,50,-6
112900190,13,123,-110
112900192,1004,926,78
112900193,1858,473,1385
112900194,84,82,2
112900195,1251,66,1185
112900196,279,404,-125
112900197,198,453,-255
112900199,817,467,350
112900200,695,250,445
112900201,235,112,123
112900202,511,711,-200
112900203,380,277,103
112900204,1086,762,324
112900205,12,7,5
112900206,35,78,-43
112900207,24,0,24
112900208,111,415,-304
112900209,478,363,115
112900210,1,12,-11
112900211,83,24,59
112900212,3,114,-111
112900213,63,22,41
112900214,24,18,6
112900215,14,152,-138
112900216,23,81,-58
112900217,4,62,-58
112900218,307,17,290
112900219,113,3,110
112900220,9,0,9
112900221,244,80,164
112900222,0,37,-37
112900223,1225,42,1183
112900224,549,409,140
112900225,600,339,261
112900226,393,514,-121
112900227,942,871,71
112900228,99,47,52
112900229,355,47,308
112900230,7642,4896,2746
112900232,436,409,27
112900233,57,185,-128
112900234,25,63,-38
112900235,146,46,100
112900236,429,13,416
112900237,274,170,104
112900238,5,27,-22
112900239,513,432,81
113000001,7009,4455,2554
113000002,4508,3836,672
113000003,2100,1545,555
113000004,1640,2448,-808
113000005,2232,1209,1023
113000006,1296,1470,-174
113000007,2514,1264,1250
113000008,1963,1763,200
113000009,1491,781,710
113000010,1302,1409,-107
113000011,1041,1714,-673
113000012,2319,862,1457
113000013,1255,670,585
113000014,1483,1801,-318
113000015,467,397,70
113000016,439,1195,-756
113000017,113,362,-249
113000018,442,58,384
113000019,292,347,-55
113000020,423,109,314
113000021,1184,460,724
113000022,778,1149,-371
113000025,111,420,-309
113000026,642,707,-65
113000027,707,848,-141
113000028,1001,884,117
113000029,1404,844,560
113000030,417,743,-326
113000031,320,343,-23
113000032,398,405,-7
113000033,470,664,-194
113000034,415,426,-11
113000035,25,59,-34
113000036,53,105,-52
113000037,97,44,53
113000038,32,74,-42
113000039,122,283,-161
113000040,57,81,-24
113000042,949,674,275
113000051,1016,2407,-1391
113000052,2194,760,1434
113000053,544,430,114
113000054,481,797,-316
113000055,1435,606,829
113000056,1293,962,331
113000058,764,929,-165
113000059,1394,600,794
113000060,300,537,-237
113000061,523,845,-322
113000062,924,409,515
113000063,254,121,133
113000064,81,312,-231
113000065,156,762,-606
113000066,1019,100,919
113000067,2791,1133,1658
113000068,395,1028,-633
113000069,612,960,-348
113000070,2962,1037,1925
113000071,588,690,-102
113000072,1030,557,473
113000073,489,1371,-882
113000074,1139,465,674
113000075,2073,782,1291
113000076,616,2208,-1592
113000077,1407,824,583
113000078,905,2696,-1791
113000079,966,918,48
113000080,760,918,-158
113000081,1155,1331,-176
113000082,1541,1016,525
113000083,644,1054,-410
113000084,1666,1449,217
113000085,1016,875,141
113000086,1214,1302,-88
113000087,1026,1031,-5
113000088,2550,1685,865
113000089,1147,1916,-769
113000090,402,771,-369
113000091,574,511,63
113000094,1499,300,1199
113000095,320,828,-508
113000096,144,857,-713
113000097,1355,470,885
113000098,144,46,98
113000099,1529,458,1071
113000100,132,527,-395
113000101,434,733,-299
113000102,847,661,186
113000103,1760,344,1416
113000104,652,1987,-1335
113000105,940,667,273
113000106,407,502,-95
113000107,1144,803,341
113000108,746,1117,-371
113000109,616,1662,-1046
113000110,1932,503,1429
113000111,162,657,-495
113000112,312,345,-33
113000113,1504,461,1043
113000114,383,1679,-1296
113000116,817,379,438
113000117,1082,121,961
113000118,141,657,-516
113000119,395,392,3
113000120,73,259,-186
113000121,754,1313,-559
113000124,275,123,152
113000125,101,966,-865
113000127,2362,427,1935
113000128,793,731,62
113000129,699,855,-156
113000133,2440,2131,309
113000134,10,1283,-1273
113000135,5551,5364,187
113000137,2228,4226,-1998
113000139,567,384,183
113000140,157,339,-182
113000141,346,381,-35
113000142,695,1668,-973
113000143,441,311,130
113000144,356,947,-591
113000145,102,145,-43
113000146,159,86,73
113000147,248,98,150
113000148,237,172,65
113000149,205,169,36
113000150,744,400,344
113000151,101,55,46
113000152,74,148,-74
113000153,1621,733,888
113000154,1204,1983,-779
113000155,446,815,-369
113000156,263,418,-155
113000157,361,875,-514
113000158,838,297,541
113000159,1330,783,547
113000160,801,1183,-382
113000161,350,483,-133
113000162,1151,407,744
113000163,144,74,70
113000164,32,119,-87
113000166,246,131,115
113000167,65,83,-18
113000168,146,120,26
113000169,257,66,191
113000170,144,68,76
113000171,50,121,-71
113000172,420,82,338
113000173,108,34,74
113000174,184,393,-209
113000175,551,106,445
113000176,698,157,541
113000177,226,446,-220
113000178,249,310,-61
113000179,355,220,135
113000180,818,1037,-219
113000181,1049,780,269
113000182,185,420,-235
113000183,143,643,-500
113000184,17,150,-133
113000189,522,1346,-824
113000190,874,695,179
113000192,1006,3407,-2401
113000193,3522,2323,1199
113000194,1061,1404,-343
113000195,2094,1652,442
113000196,213,95,118
113000197,1434,1372,62
113000198,86,292,-206
113000199,1806,535,1271
113000201,252,308,-56
113000202,4552,1285,3267
113000203,159,164,-5
113000204,1042,3254,-2212
113000205,19,27,-8
113000206,16,57,-41
113000207,105,36,69
113000208,65,74,-9
113000209,15,27,-12
113000210,10,22,-12
113000211,123,284,-161
113000212,81,37,44
113000213,51,173,-122
113000214,167,255,-88
113000234,264,850,-586
113000410,242,271,-29
113000411,2971,4831,-1860
113000412,5839,2729,3110
113000413,2570,3915,-1345
113000414,6127,15991,-9864
113000415,2573,3433,-860
113000416,8164,4584,3580
113000417,3628,3377,251
113000418,5270,4379,891
113000419,2464,3246,-782
113000420,5111,7969,-2858
113000421,5013,8132,-3119
113000422,14029,13899,130
113000423,2569,6457,-3888
113000424,3081,10494,-7413
113000425,16,68,-52
113000428,84,154,-70
113000430,18,783,-765
113000432,2386,194,2192
113000433,66,559,-493
113000434,27,177,-150
113000435,38,512,-474
113000436,32,1056,-1024
113000437,1466,27,1439
113000438,370,17,353
113000439,14,137,-123
113000440,160,46,114
113000441,340,263,77
113000442,125,187,-62
113000443,400,275,125
113000444,264,201,63
113000445,243,125,118
113000446,34,76,-42
113000448,205,200,5
113000449,261,740,-479
113000450,740,2070,-1330
113000451,1374,234,1140
113000452,388,407,-19
113000453,41,512,-471
113000454,510,72,438
113000455,13,391,-378
113000456,4236,3231,1005
113000468,1541,247,1294
113000469,133,232,-99
113000470,429,19,410
113000471,17,349,-332
113000472,130,352,-222
113000474,820,640,180
113000475,1573,1847,-274
113000476,1719,1961,-242
113000477,3789,2061,1728
113000478,3835,4710,-875
113000479,126,170,-44
113000480,156,381,-225
113000485,0,1,-1
113000486,1,0,1
113000487,0,0,0
113000488,2,0,2
113000489,0,5,-5
113000490,0,26,-26
113000491,34,0,34
113000492,11,3,8
113000493,0,0,0
113000495,206,195,11
113000496,194,107,87
113000497,0,0,0
113000499,0,0,0
113000500,0,4,-4
113900001,1,311,-310
113900002,1,79,-78
113900003,0,68,-68
113900004,2,90,-88
113900005,0,89,-89
113900006,0,17,-17
113900007,64,16,48
113900008,21,0,21
113900009,89,0,89
113900010,97,2,95
113900011,56,2,54
113900012,35,6,29
113900013,255,3,252
113900014,720,8,712
113900015,0,99,-99
113900016,57,0,57
113900017,10,76,-66
113900018,451,359,92
113900019,251,67,184
113900020,207,0,207
113900022,48,2,46
113900023,38,2,36
113900024,57,43,14
113900025,359,51,308
113900026,128,2,126
113900027,24,64,-40
113900028,54,415,-361
113900029,63,177,-114
113900030,313,2,311
113900031,59,0,59
113900032,59,1,58
113900033,40,90,-50
113900035,88,2,86
113900036,36,85,-49
113900037,304,452,-148
113900038,26,108,-82
113900039,172,33,139
113900040,17,17,0
113900041,10,4,6
113900042,96,58,38
113900043,196,180,16
113900044,215,298,-83
113900045,102,8,94
113900046,405,903,-498
113900047,80,141,-61
113900048,171,124,47
113900049,499,375,124
113900050,364,474,-110
113900051,272,335,-63
113900052,229,198,31
113900053,733,613,120
113900054,38,2,36
113900055,120,458,-338
113900056,85,266,-181
113900057,15,87,-72
113900058,119,147,-28
113900059,235,318,-83
113900060,112,313,-201
113900061,978,287,691
113900062,176,45,131
113900063,195,160,35
113900064,25,121,-96
113900065,495,22,473
113900066,479,309,170
113900067,246,432,-186
113900068,589,643,-54
113900069,114,39,75
113900070,209,772,-563
113900071,75,93,-18
113900072,72,150,-78
113900073,321,403,-82
113900074,260,889,-629
113900075,1377,1463,-86
113900076,248,30,218
113900077,82,194,-112
113900078,120,104,16
113900079,2,58,-56
113900080,559,235,324
113900081,86,234,-148
113900082,151,238,-87
113900083,604,347,257
113900084,294,105,189
113900085,59,299,-240
113900086,60,37,23
113900087,150,233,-83
113900088,96,100,-4
113900089,529,60,469
113900090,884,380,504
113900091,16,16,0
113900092,50,123,-73
113900093,109,930,-821
113900094,730,461,269
113900095,203,139,64
113900096,430,71,359
113900097,41,90,-49
113900098,812,100,712
113900099,0,58,-58
113900100,0,8,-8
113900101,32,86,-54
113900102,190,203,-13
113900103,431,374,57
113900104,169,259,-90
113900105,189,217,-28
113900106,1,54,-53
113900107,4,45,-41
113900108,252,292,-40
113900109,421,203,218
113900110,87,31,56
113900111,237,100,137
113900112,148,76,72
113900113,1194,495,699
113900114,5,69,-64
113900115,0,88,-88
113900116,160,188,-28
113900117,142,33,109
113900118,285,570,-285
113900119,244,579,-335
113900120,88,70,18
113900121,114,95,19
113900122,608,2472,-1864
113900123,601,179,422
113900124,1,100,-99
113900125,1028,170,858
113900126,162,61,101
113900127,312,892,-580
113900128,147,78,69
113900129,34,183,-149
113900130,3,84,-81
113900131,419,104,315
113900132,59,87,-28
113900133,14,39,-25
113900135,409,422,-13
113900136,144,95,49
113900137,408,311,97
113900138,98,372,-274
113900139,302,168,134
113900140,308,518,-210
113900141,690,280,410
113900142,215,92,123
113900143,14,30,-16
113900144,231,438,-207
113900145,470,165,305
113900146,208,63,145
113900148,174,420,-246
113900149,274,118,156
113900150,629,624,5
113900151,621,237,384
113900152,49,51,-2
113900153,308,708,-400
113900154,6,144,-138
113900155,215,243,-28
113900156,240,397,-157
113900157,85,279,-194
113900158,342,683,-341
113900159,20,264,-244
113900160,605,573,32
113900161,77,299,-222
113900162,466,1260,-794
113900163,458,316,142
113900164,356,57,299
113900165,857,559,298
113900166,277,301,-24
113900167,356,94,262
113900168,128,80,48
113900169,313,399,-86
113900171,324,91,233
113900172,17,162,-145
113900173,56,504,-448
113900174,652,677,-25
113900175,491,178,313
113900176,472,470,2
113900177,442,206,236
113900178,535,159,376
113900179,32,427,-395
113900180,185,98,87
113900181,1024,197,827
113900182,760,920,-160
113900183,76,92,-16
113900184,8,383,-375
113900185,226,99,127
113900186,83,55,28
113900187,41,163,-122
113900188,63,236,-173
113900189,396,120,276
113900190,328,149,179
113900191,168,286,-118
113900192,14,931,-917
113900193,24,201,-177
113900194,1697,956,741
113900195,301,454,-153
113900196,22,206,-184
113900197,3,155,-152
113900198,36,270,-234
113900199,226,680,-454
113900200,40,262,-222
113900201,0,155,-155
113900202,85,343,-258
113900203,1,70,-69
113900204,55,496,-441
113900205,18,218,-200
113900206,7,150,-143
113900207,1,55,-54
113900208,0,59,-59
113900209,0,99,-99
113900210,664,987,-323
113900211,254,69,185
113900212,296,454,-158
113900214,458,662,-204
113900215,233,131,102
113900216,191,729,-538
113900217,124,185,-61
113900218,174,89,85
113900219,199,626,-427
113900220,224,212,12
113900221,659,337,322
113900222,251,652,-401
113900223,124,784,-660
113900224,111,68,43
113900225,1103,305,798
113900226,512,209,303
113900227,449,370,79
113900228,317,673,-356
113900229,106,908,-802
113900230,4277,4517,-240
113900231,204,205,-1
113900232,119,117,2
113900233,123,93,30
113900234,503,597,-94
113900235,223,37,186
113900236,271,271,0
113900237,285,22,263
113900238,362,666,-304
113900239,99,126,-27
113900240,7,241,-234
113900241,130,77,53
113900242,50,208,-158
113900243,119,398,-279
113900244,381,259,122
113900245,1259,378,881
113900246,28,30,-2
113900247,166,536,-370
113900248,2788,2283,505
113900249,794,588,206
113900250,120,187,-67
113900251,917,150,767
113900252,679,38,641
113900253,862,107,755
113900254,1072,234,838
113900255,589,21,568
113900256,410,46,364
113900257,50,516,-466
113900258,30,424,-394
113900259,722,147,575
113900260,305,21,284
113900261,29,92,-63
113900262,211,583,-372
113900263,198,557,-359
113900264,4,448,-444
113900265,216,445,-229
113900266,36,176,-140
113900267,116,666,-550
113900268,447,456,-9
113900269,68,139,-71
113900270,253,755,-502
113900271,770,996,-226
113900273,28,11,17
113900274,124,36,88
113900275,41,60,-19
113900276,0,147,-147
113900277,171,6,165
113900278,275,222,53
113900279,87,110,-23
113900280,1531,652,879
113900281,783,1518,-735
113900282,1145,906,239
113900283,554,596,-42
113900284,1123,354,769
113900285,199,58,141
113900286,106,133,-27
113900287,61,82,-21
113900288,5,150,-145
113900289,993,153,840
113900290,228,351,-123
113900291,125,166,-41
113900292,16,12,4
113900293,4,285,-281
113900294,512,44,468
113900295,595,689,-94
113900296,2018,417,1601
113900297,2229,45,2184
113900298,14,1622,-1608
113900299,96,124,-28
113900300,5394,4757,637
113900301,1069,660,409
113900302,2150,1200,950
113900303,500,633,-133
113900304,2,113,-111
113900305,160,0,160
113900306,96,1,95
113900307,39,1,38
113900308,116,151,-35
113900309,1,628,-627
113900310,0,6,-6
113900311,17,0,17
113900312,207,245,-38
113900313,30,11,19
114000001,1186,2375,-1189
114000002,445,333,112
114000003,65,356,-291
114000004,484,460,24
114000005,364,221,143
114000006,3449,2473,976
114000007,892,1321,-429
114000008,1694,2375,-681
114000009,1100,370,730
114000011,3069,2275,794
114000012,2970,1572,1398
114000013,2068,1304,764
114000014,598,293,305
114000015,2524,388,2136
114000016,322,307,15
114000017,133,479,-346
114000018,251,30,221
114000026,2203,1269,934
114000027,3869,2010,1859
114000028,2861,2837,24
114000038,429,157,272
114000039,154,55,99
114000040,182,261,-79
114000042,219,170,49
114000043,91,75,16
114000044,361,52,309
114000045,71,70,1
114000046,3107,5522,-2415
114000047,17,110,-93
114000048,86,70,16
114000049,1864,2164,-300
114000050,2139,2879,-740
114000051,3779,2739,1040
114000052,3869,2551,1318
114000053,134,930,-796
114000054,263,991,-728
114000055,223,37,186
114000056,1032,1175,-143
114000057,4652,2414,2238
114000058,654,1928,-1274
114000059,315,428,-113
114000060,707,959,-252
114000061,3427,3606,-179
114000062,2319,2484,-165
114000063,2382,1708,674
114000064,5509,4573,936
114000065,1438,2528,-1090
114000066,510,690,-180
114000067,28,994,-966
114000068,791,870,-79
114000069,1319,706,613
114000070,2460,2121,339
114000071,1035,605,430
114000072,592,261,331
114000073,27,79,-52
114000074,92,25,67
114000075,84,100,-16
114000076,46,124,-78
114000077,12,28,-16
114000078,406,548,-142
114000079,230,26,204
114000080,67,134,-67
114000081,97,105,-8
114000082,43,395,-352
114000083,110,287,-177
114000084,459,95,364
114000085,103,579,-476
114000086,255,400,-145
114000087,162,159,3
114000088,57,36,21
114000089,909,374,535
114000090,1027,1124,-97
114000091,1638,1007,631
114000092,1231,686,545
114000093,1758,900,858
114000094,350,420,-70
114000095,352,185,167
114000096,149,451,-302
114000097,128,514,-386
114000098,719,95,624
114000099,914,462,452
114000100,2078,648,1430
114000101,540,707,-167
114000102,681,334,347
114000103,179,346,-167
114000104,53,242,-189
114000105,236,114,122
114000106,902,1523,-621
114000107,549,198,351
114000108,1165,994,171
114000109,754,1156,-402
114000110,699,1213,-514
114000111,2514,982,1532
114000112,534,1430,-896
114000113,1277,638,639
114000114,1397,1262,135
114000115,2453,1268,1185
114000116,1146,853,293
114000117,4095,495,3600
114000118,3192,638,2554
114000119,2147,543,1604
114000120,629,594,35
114000121,476,704,-228
114000122,390,337,53
114000123,2527,394,2133
114000124,1176,288,888
114000125,795,954,-159
114000126,2123,260,1863
114000127,244,188,56
114000128,883,357,526
114000130,446,538,-92
114000131,374,141,233
114000132,746,522,224
114000133,999,1588,-589
114000134,98,138,-40
114000138,45,203,-158
114000139,638,366,272
114000144,1171,692,479
114000145,116,146,-30
114000146,177,259,-82
114000147,1836,2343,-507
114000148,1810,1952,-142
114000149,497,361,136
114000150,562,738,-176
114000151,889,1753,-864
114000152,133,36,97
114000153,799,2633,-1834
114000154,814,842,-28
114000155,1474,2692,-1218
114000156,894,797,97
114000157,286,1229,-943
114000158,1674,781,893
114000159,168,563,-395
114000160,129,612,-483
114000161,1455,3888,-2433
114000162,1386,3262,-1876
114000163,33,109,-76
114000165,633,348,285
114000166,862,529,333
114000167,3086,1802,1284
114000168,757,619,138
114000169,1757,1712,45
114000170,1164,1139,25
114000171,1921,2530,-609
114000174,246,492,-246
114000176,480,577,-97
114000177,1590,834,756
114000178,48,87,-39
114000179,1277,672,605
114000180,429,656,-227
114000181,1916,4445,-2529
114000182,2772,2649,123
114000183,812,686,126
114000184,535,1043,-508
114000185,1367,848,519
114000189,1547,250,1297
114000190,3275,523,2752
114000191,52,115,-63
114000192,220,1093,-873
114000193,574,1941,-1367
114000194,1527,654,873
114000195,279,32,247
114000196,3,198,-195
114000197,1605,72,1533
114000198,819,459,360
114000199,2071,1791,280
114000200,564,1660,-1096
114000201,192,788,-596
114000202,1237,407,830
114000203,485,477,8
114000204,194,452,-258
114000205,187,1329,-1142
114000206,833,1322,-489
114000207,712,1558,-846
114000208,610,2151,-1541
114000209,691,1853,-1162
114000210,316,978,-662
114000211,1027,1254,-227
114000212,875,1012,-137
114000213,1457,580,877
114000214,134,230,-96
114000215,288,105,183
114000216,1852,348,1504
114000217,391,206,185
114000218,171,198,-27
114000219,1381,217,1164
114000220,23,854,-831
114000221,1061,185,876
114000222,180,925,-745
114000223,577,191,386
114000224,119,519,-400
114000225,321,576,-255
114000226,270,266,4
114000227,763,470,293
114000228,992,691,301
114000229,1483,1408,75
114000230,2315,1231,1084
114000231,1426,1487,-61
114000232,1044,174,870
114000233,2732,171,2561
114000234,1085,728,357
114000235,1194,1110,84
114000236,2,381,-379
114000237,156,818,-662
114000238,92,153,-61
114000239,210,1020,-810
114000240,922,850,72
114000241,300,780,-480
114000242,841,735,106
114000243,1671,834,837
114000244,569,337,232
114000245,341,631,-290
114000246,120,38,82
114000247,536,691,-155
114000248,1161,497,664
114000249,506,456,50
114000250,623,702,-79
114000251,553,176,377
114000252,88,64,24
114000253,33,183,-150
114000254,57,83,-26
114000255,764,291,473
114000256,1495,2880,-1385
114000257,373,1144,-771
114000258,340,396,-56
114000259,127,235,-108
114000260,0,27,-27
114000261,78,37,41
114000262,288,120,168
114000263,6,0,6
114000264,1584,536,1048
114000265,0,0,0
114000267,6,1485,-1479
114000268,6,1069,-1063
114000270,179,3,176
114000271,364,60,304
114000283,1528,450,1078
114000285,33,184,-151
114000288,104,367,-263
114000289,1571,125,1446
114000293,235,431,-196
114000294,179,282,-103
114000395,1361,72,1289
114000396,852,734,118
114000402,695,286,409
114000403,396,352,44
114000405,251,354,-103
114000423,478,346,132
114000424,547,292,255
114000425,1140,358,782
114000426,367,898,-531
114000427,88,80,8
114000428,201,233,-32
114000429,5,181,-176
114000432,137,79,58
114000434,37,101,-64
114000435,18,145,-127
114000436,2279,770,1509
114000437,604,3849,-3245
114900001,994,738,256
114900002,811,116,695
114900003,1069,1134,-65
114900004,264,575,-311
114900005,758,733,25
114900006,125,114,11
114900007,421,45,376
114900008,225,125,100
114900010,1897,2244,-347
114900011,265,182,83
114900013,344,208,136
114900015,97,459,-362
114900018,1046,35,1011
114900020,299,125,174
114900022,24,581,-557
114900024,407,139,268
114900025,732,233,499
114900026,90,141,-51
114900027,285,307,-22
114900029,37,18,19
114900030,492,252,240
114900031,514,28,486
114900032,498,23,475
114900033,932,1083,-151
114900034,63,237,-174
114900035,165,389,-224
114900036,279,575,-296
114900037,168,184,-16
114900038,197,486,-289
114900039,567,492,75
114900040,96,146,-50
114900041,892,410,482
114900042,1019,564,455
114900043,537,264,273
114900044,202,70,132
114900046,58,118,-60
114900047,321,2314,-1993
114900048,132,296,-164
114900049,8,134,-126
114900050,68,347,-279
114900051,42,373,-331
114900052,150,291,-141
114900053,145,329,-184
114900054,59,146,-87
114900057,240,19,221
114900058,0,57,-57
114900059,117,107,10
114900060,979,1071,-92
114900061,166,146,20
114900062,282,399,-117
114900063,119,173,-54
114900064,1864,424,1440
114900065,516,781,-265
114900067,53,384,-331
114900068,95,125,-30
114900069,207,132,75
114900070,685,387,298
114900072,16,323,-307
114900073,3,170,-167
114900074,1031,554,477
114900075,406,16,390
114900076,26,454,-428
114900080,1723,393,1330
114900082,3559,2683,876
114900083,1184,1186,-2
114900090,484,251,233
114900091,164,224,-60
114900095,343,97,246
114900096,597,803,-206
114900097,238,3,235
114900098,8,204,-196
114900099,317,27,290
115000001,5114,3009,2105
115000002,4341,4750,-409
115000003,5302,2650,2652
115000004,5202,6682,-1480
115000005,1570,2036,-466
115000006,1164,1633,-469
115000007,127,233,-106
115000008,442,617,-175
115000009,283,245,38
115000010,355,224,131
115000013,88,186,-98
115000015,40,297,-257
115000016,280,399,-119
115000019,50,466,-416
115000020,133,807,-674
115000021,203,404,-201
115000022,610,434,176
115000023,578,776,-198
115000024,1184,548,636
115000025,1169,876,293
115000026,194,444,-250
115000027,362,377,-15
115000028,296,782,-486
115000029,825,186,639
115000030,1045,1256,-211
115000031,1487,426,1061
115000032,15,254,-239
115000033,189,47,142
115000034,130,1274,-1144
115000035,1354,108,1246
115000036,0,459,-459
115000037,681,19,662
115000038,74,183,-109
115000039,3494,3679,-185
115000040,5031,3122,1909
115000041,1569,4603,-3034
115000042,858,759,99
115000043,4260,2532,1728
115000044,3381,3331,50
115000045,2685,1422,1263
115000046,2830,2417,413
115000047,2728,1652,1076
115000048,2016,1807,209
115000049,1590,2784,-1194
115000050,3316,1697,1619
115000051,2001,3164,-1163
115000052,1869,1896,-27
115000053,2178,1887,291
115000054,724,1105,-381
115000055,179,780,-601
115000056,211,487,-276
115000057,586,1226,-640
115000058,397,360,37
115000059,175,93,82
115000061,121,177,-56
115000062,185,232,-47
115000063,449,228,221
115000064,255,119,136
115000065,82,482,-400
115000067,184,24,160
115000069,121,342,-221
115000070,23,819,-796
115000071,139,16,123
115000072,14,67,-53
115000073,1363,83,1280
115000075,123,49,74
115000076,3118,2678,440
115000077,2287,2081,206
115000078,1559,1130,429
115000079,1472,1407,65
115000080,2791,1852,939
115000081,512,839,-327
115000082,4585,4045,540
115000083,2244,1733,511
115000084,3235,1138,2097
115000085,988,862,126
115000086,1490,855,635
115000087,510,1461,-951
115000088,2344,929,1415
115000089,1334,1357,-23
115000090,633,924,-291
115000091,246,867,-621
115000092,888,391,497
115000093,587,9,578
115000094,6194,6112,82
115000095,4530,6361,-1831
115000096,851,1259,-408
115000097,1429,951,478
115000098,1477,696,781
115000099,2950,2203,747
115000100,1249,422,827
115000101,451,1244,-793
115000102,554,240,314
115000103,337,548,-211
115000105,73,114,-41
115000106,873,355,518
115000107,251,429,-178
115000108,2994,2183,811
115000109,4165,5483,-1318
115000110,1683,2183,-500
115000111,774,1623,-849
115000112,998,954,44
115000113,1037,953,84
115000114,1925,852,1073
115000116,4462,3075,1387
115000117,4071,3419,652
115000118,2539,2059,480
115000119,2130,2554,-424
115000120,736,1661,-925
115000121,1250,1001,249
115000122,3312,2327,985
115000123,1620,3070,-1450
115000124,932,1294,-362
115000125,527,717,-190
115000126,188,356,-168
115000127,452,163,289
115000128,645,916,-271
115000129,337,422,-85
115000130,531,752,-221
115000131,1064,243,821
115000132,358,394,-36
115000133,618,231,387
115000134,462,280,182
115000135,308,221,87
115000136,318,304,14
115000137,137,196,-59
115000138,481,307,174
115000139,289,248,41
115000140,450,256,194
115000141,180,241,-61
115000142,203,215,-12
115000143,994,564,430
115000144,530,75,455
115000145,352,307,45
115000146,541,357,184
115000147,403,433,-30
115000148,384,801,-417
115000149,804,326,478
115000150,734,848,-114
115000151,1451,502,949
115000152,855,979,-124
115000153,1343,641,702
115000154,1123,390,733
115000155,734,938,-204
115000156,1206,740,466
115000157,685,786,-101
115000158,671,489,182
115000159,830,752,78
115000160,777,717,60
115000161,596,498,98
115000162,768,1033,-265
115000163,511,645,-134
115000164,627,577,50
115000165,369,624,-255
115000167,174,93,81
115000168,617,338,279
115000169,486,394,92
115000170,130,152,-22
115000171,309,271,38
115000172,1102,644,458
115000173,357,750,-393
115000174,131,379,-248
115000175,155,209,-54
115000176,215,228,-13
115000177,188,313,-125
115000178,26,207,-181
115000179,34,58,-24
115000180,156,462,-306
115000181,878,158,720
115000182,1059,344,715
115000183,571,619,-48
115000186,848,330,518
115000187,222,786,-564
115000188,464,449,15
115000189,229,456,-227
115000190,877,420,457
115000191,166,570,-404
115000194,202,273,-71
115000195,367,419,-52
115000196,261,141,120
115000197,219,265,-46
115000198,512,207,305
115000199,455,177,278
115000200,486,139,347
115000201,195,397,-202
115000206,460,86,374
115000207,208,319,-111
115000208,390,641,-251
115000209,793,392,401
115000210,232,127,105
115000211,225,306,-81
115000212,1334,426,908
115000224,493,63,430
115000225,74,107,-33
115000229,157,191,-34
115000230,99,414,-315
115000231,314,1324,-1010
115000232,2176,285,1891
115000233,166,206,-40
115000234,40,336,-296
115000241,125,264,-139
115000242,191,232,-41
115000243,79,210,-131
115000244,16,128,-112
115000246,56,39,17
115000247,42,50,-8
115000248,50,32,18
115000249,46,27,19
115000250,313,26,287
115000251,332,186,146
115000252,141,255,-114
115000253,25,473,-448
115000258,464,167,297
115000259,360,174,186
115000261,37,7,30
115000262,35,24,11
115000263,14,52,-38
115000264,28,36,-8
115000267,74,61,13
115000268,63,120,-57
115000269,180,85,95
115000270,8,21,-13
115000272,93,197,-104
115000273,418,41,377
115000280,3027,451,2576
115000281,895,1148,-253
115000282,1359,1271,88
115000284,339,206,133
115000296,878,4,874
115000297,117,401,-284
115000298,53,756,-703
115000300,199,151,48
115000302,669,129,540
115000303,994,112,882
115000304,1006,81,925
115000305,139,620,-481
115000306,246,276,-30
115000307,142,206,-64
115000308,35,15,20
115000309,19,85,-66
115000310,1188,761,427
115000311,1205,1173,32
115000313,131,523,-392
115000314,672,127,545
115000315,752,562,190
115000316,63,124,-61
115000317,178,452,-274
115000318,950,312,638
115000319,59,340,-281
115000320,28,365,-337
115000321,421,24,397
115000322,68,247,-179
115000449,305,219,86
115000557,5,1705,-1700
115000558,301,107,194
115000587,667,392,275
115000588,1894,2403,-509
115000589,3647,2213,1434
115000590,1253,1525,-272
115000591,1956,849,1107
115000592,719,1770,-1051
115000593,1737,661,1076
115000594,634,2477,-1843
115000609,162,126,36
115000617,1675,4051,-2376
115000624,392,100,292
115000633,610,1934,-1324
115000634,2851,970,1881
115000635,554,136,418
115000638,709,675,34
115000641,49,119,-70
115000642,361,300,61
115000643,145,511,-366
115000644,171,339,-168
115000646,1106,1950,-844
115000647,210,596,-386
115000648,2364,1575,789
115000893,2328,1523,805
115000894,193,865,-672
115000895,273,676,-403
115000896,1027,352,675
115000897,543,192,351
115000898,760,235,525
115000899,453,1121,-668
115000900,65,305,-240
115000901,56,167,-111
115000912,502,113,389
115000913,3,26,-23
115000915,15,0,15
115000916,9,1,8
115000917,0,6,-6
115000918,110,456,-346
115000919,12,38,-26
115000920,13,53,-40
115000921,567,84,483
115000922,626,880,-254
115000923,244,925,-681
115000925,128,127,1
115000927,33,88,-55
115000933,191,230,-39
115000934,120,179,-59
115000935,180,76,104
115000936,91,713,-622
115000937,494,154,340
115000938,62,212,-150
115000939,41,137,-96
115900001,130,35,95
115900002,123,160,-37
115900003,242,108,134
115900004,0,68,-68
115900005,248,18,230
115900006,224,288,-64
115900008,73,9,64
115900009,122,255,-133
115900010,416,169,247
115900011,813,259,554
115900012,281,58,223
115900013,491,155,336
115900014,169,129,40
115900015,180,81,99
115900016,193,37,156
115900017,51,15,36
115900018,172,76,96
115900019,457,18,439
115900020,156,7,149
115900021,1002,224,778
115900022,1184,13,1171
115900023,17,7,10
115900025,93,386,-293
115900026,961,209,752
115900027,1,245,-244
115900028,606,55,551
115900029,23,277,-254
115900030,42,31,11
115900031,305,466,-161
115900032,596,663,-67
115900033,0,101,-101
115900034,44,376,-332
115900035,58,16,42
115900036,71,901,-830
115900037,58,396,-338
115900038,75,14,61
115900039,254,224,30
115900041,425,834,-409
115900042,36,12,24
115900043,129,72,57
115900044,233,341,-108
115900046,427,205,222
115900047,189,252,-63
115900049,238,212,26
115900051,3,51,-48
115900052,12,247,-235
115900053,312,179,133
115900054,344,39,305
115900055,28,161,-133
115900056,280,320,-40
115900057,47,17,30
115900058,38,55,-17
115900060,128,274,-146
115900061,328,9,319
115900062,22,231,-209
115900063,101,9,92
115900064,204,222,-18
115900065,209,153,56
115900066,171,168,3
115900067,13,482,-469
115900068,2353,1055,1298
115900069,66,208,-142
115900070,197,134,63
115900071,0,294,-294
115900072,35,163,-128
115900073,124,123,1
115900074,7,213,-206
115900075,56,273,-217
115900076,5,52,-47
115900077,6,187,-181
115900078,60,186,-126
115900079,366,19,347
115900080,429,227,202
115900081,29,77,-48
115900082,178,201,-23
115900084,645,33,612
115900085,52,54,-2
115900086,1501,626,875
115900088,20,68,-48
115900089,457,575,-118
115900090,523,15,508
115900091,16,33,-17
115900092,24,137,-113
115900093,12,22,-10
115900094,8,251,-243
115900096,5,7,-2
115900097,12,347,-335
115900098,260,267,-7
115900099,72,60,12
115900100,12,418,-406
115900101,242,244,-2
115900102,108,87,21
115900103,309,178,131
115900104,114,112,2
115900105,433,607,-174
115900106,119,37,82
115900107,113,78,35
115900108,159,38,121
115900109,52,416,-364
115900110,5,22,-17
115900111,5,80,-75
115900112,55,886,-831
115900113,84,28,56
115900114,9,147,-138
115900115,121,271,-150
115900116,105,869,-764
115900117,114,22,92
115900118,0,244,-244
115900119,160,148,12
115900120,31,320,-289
115900121,279,301,-22
115900124,484,724,-240
115900125,514,83,431
115900126,948,122,826
115900127,911,88,823
115900128,12,153,-141
115900129,1091,113,978
115900130,19,229,-210
115900131,413,47,366
115900132,766,5,761
115900134,379,8,371
115900135,437,1401,-964
115900137,16,6,10
115900139,29,69,-40
115900140,338,37,301
115900141,3,23,-20
115900142,8,32,-24
115900143,394,353,41
115900144,140,215,-75
115900146,7,78,-71
115900147,289,326,-37
115900148,49,9,40
115900149,134,49,85
115900150,114,33,81
115900151,24,111,-87
115900152,176,313,-137
115900153,160,251,-91
115900154,507,376,131
115900155,1,74,-73
115900156,892,956,-64
115900157,238,486,-248
115900158,14,11,3
115900159,214,210,4
115900160,32,20,12
115900161,101,344,-243
115900163,260,240,20
115900164,682,47,635
115900165,5,191,-186
115900166,264,270,-6
115900168,150,188,-38
115900171,162,525,-363
115900172,79,174,-95
115900173,252,165,87
115900174,284,272,12
115900175,188,218,-30
115900178,16,444,-428
115900179,412,27,385
115900180,29,125,-96
115900181,264,117,147
115900182,442,114,328
115900183,42,49,-7
115900184,1631,20,1611
115900187,18,108,-90
115900189,0,311,-311
115900190,132,1732,-1600
115900191,36,336,-300
115900192,10,113,-103
115900193,372,136,236
115900194,931,114,817
115900195,705,2542,-1837
115900198,293,375,-82
115900199,285,257,28
115900200,284,395,-111
115900201,501,288,213
115900202,1,80,-79
115900203,14,19,-5
115900204,0,11,-11
115900205,76,8,68
115900206,271,192,79
115900207,49,31,18
115900208,178,141,37
115900209,5,139,-134
115900210,3,128,-125
115900211,6,164,-158
115900212,217,226,-9
115900213,104,112,-8
115900214,570,222,348
115900215,41,239,-198
115900216,6,102,-96
115900217,10,39,-29
115900218,4,37,-33
115900219,137,8,129
115900220,278,12,266
115900221,117,11,106
115900222,106,30,76
115900223,10,504,-494
115900224,844,1381,-537
115900225,130,87,43
115900226,19,53,-34
115900227,10,73,-63
115900228,10,69,-59
115900229,24,46,-22
115900230,55,105,-50
115900231,145,5,140
115900232,46,1,45
115900233,89,16,73
115900234,53,37,16
115900235,44,25,19
115900236,27,44,-17
115900237,24,37,-13
115900238,21,14,7
115900239,12,40,-28
115900240,9,58,-49
115900241,295,156,139
115900242,318,320,-2
115900243,12,7,5
115900244,23,8,15
115900245,68,13,55
115900246,9,21,-12
115900247,35,21,14
115900248,24,12,12
115900249,7,20,-13
115900250,22,54,-32
115900251,1,13,-12
115900252,2,6,-4
115900253,12,25,-13
115900254,15,25,-10
115900255,7,16,-9
115900256,22,25,-3
115900257,6,9,-3
115900258,0,8,-8
115900259,5,4,1
115900260,6,10,-4
115900261,9,1,8
115900262,5,0,5
115900263,17,2,15
115900264,43,5,38
115900265,15,11,4
115900266,4,23,-19
115900267,24,25,-1
115900268,10,17,-7
115900269,661,424,237
115900270,498,377,121
115900271,155,2,153
115900272,47,4,43
115900273,8,44,-36
115900274,0,10,-10
115900275,3,18,-15
115900276,3,35,-32
115900277,1,45,-44
115900278,47,112,-65
115900279,23,220,-197
115900280,32,558,-526
115900281,288,292,-4
115900282,13,23,-10
116000001,9402,4083,5319
116000002,5627,12645,-7018
116000003,1623,1602,21
116000004,3032,4188,-1156
116000005,2096,2852,-756
116000006,2627,3116,-489
116000007,2253,3067,-814
116000008,4109,2897,1212
116000009,1489,1830,-341
116000010,2819,1913,906
116000011,839,1663,-824
116000012,1602,1123,479
116000013,6865,4051,2814
116000014,10020,13809,-3789
116000015,363,1889,-1526
116000016,6855,4615,2240
116000017,49,865,-816
116000018,822,396,426
116000019,1297,378,919
116000020,858,1238,-380
116000021,622,393,229
116000022,503,381,122
116000023,1563,941,622
116000024,758,932,-174
116000025,975,930,45
116000026,1781,2909,-1128
116000027,803,748,55
116000028,485,1013,-528
116000029,732,715,17
116000030,864,518,346
116000031,249,345,-96
116000032,443,202,241
116000033,523,501,22
116000034,709,835,-126
116000035,446,692,-246
116000036,1812,1740,72
116000037,698,626,72
116000038,523,623,-100
116000039,639,647,-8
116000040,1019,428,591
116000041,220,615,-395
116000042,706,353,353
116000043,175,718,-543
116000044,6,62,-56
116000045,2137,1486,651
116000046,1231,1649,-418
116000047,1829,2250,-421
116000048,2179,1780,399
116000049,1583,3437,-1854
116000050,1611,1275,336
116000051,6350,3060,3290
116000052,5264,5047,217
116000053,2387,845,1542
116000054,914,2922,-2008
116000055,788,891,-103
116000056,1126,1202,-76
116000057,3407,1862,1545
116000058,4212,3703,509
116000059,4120,6300,-2180
116000060,2159,1118,1041
116000061,476,1122,-646
116000062,676,253,423
116000063,633,1113,-480
116000066,305,675,-370
116000067,193,444,-251
116000068,250,272,-22
116000069,282,356,-74
116000078,658,1132,-474
116000080,1892,901,991
116000082,10,52,-42
116000083,1871,458,1413
116000084,2176,3694,-1518
116000085,2282,2441,-159
116000086,1655,919,736
116000087,2402,1827,575
116000088,854,968,-114
116000089,209,104,105
116000090,160,186,-26
116000091,326,341,-15
116000093,1028,542,486
116000094,781,545,236
116000095,883,693,190
116000096,816,1386,-570
116000097,1067,774,293
116000098,95,6452,-6357
116000099,5846,272,5574
116000100,345,23,322
116000101,1149,821,328
116000102,272,1176,-904
116000103,434,286,148
116000104,245,1301,-1056
116000105,1361,173,1188
116000106,455,886,-431
116000107,2620,336,2284
116000108,250,160,90
116000111,175,45,130
116000113,247,152,95
116000114,64,163,-99
116000115,536,147,389
116000116,391,507,-116
116000117,1852,1950,-98
116000118,1744,1154,590
116000119,4237,2009,2228
116000120,3224,3572,-348
116000121,1242,689,553
116000122,1356,1668,-312
116000123,1527,515,1012
116000124,529,912,-383
116000125,3644,945,2699
116000126,356,1169,-813
116000127,1112,1112,0
116000128,2210,1138,1072
116000129,1778,301,1477
116000130,753,575,178
116000133,1378,702,676
116000134,1851,1820,31
116000135,3098,1612,1486
116000136,1103,1845,-742
116000137,1419,859,560
116000138,1252,747,505
116000139,1727,2362,-635
116000140,182,259,-77
116000141,418,563,-145
116000142,2581,2118,463
116000143,1908,1829,79
116000144,1519,1681,-162
116000145,1897,1127,770
116000146,592,178,414
116000147,191,112,79
116000148,692,598,94
116000149,948,1083,-135
116000151,484,423,61
116000153,134,369,-235
116000155,258,261,-3
116000156,687,1009,-322
116000157,116,26,90
116000158,501,381,120
116000159,28,26,2
116000160,25,104,-79
116000161,14,87,-73
116000162,129,190,-61
116000163,42,21,21
116000164,20,38,-18
116000177,183,146,37
116000194,99,432,-333
116000195,1561,585,976
116000196,15,6,9
116000197,21,18,3
116000198,2745,1316,1429
116000200,793,645,148
116000201,774,775,-1
116000202,12,238,-226
116000203,6,73,-67
116000204,22,47,-25
116000205,1,137,-136
116000206,1,90,-89
116000207,11,49,-38
116000233,287,503,-216
116000287,182,422,-240
116000288,395,215,180
116000292,79,116,-37
116000296,19,169,-150
116000297,97,14,83
116000304,197,37,160
116000305,13,100,-87
116000346,255,119,136
116000352,132,64,68
116000354,60,16,44
116000357,14,22,-8
116000358,599,74,525
116000361,93,2,91
116000372,4145,4687,-542
116000381,112,2,110
116000388,2,41,-39
116000389,1192,574,618
116000445,634,534,100
116000446,833,613,220
116000447,25,642,-617
116000448,589,172,417
116000563,1365,1017,348
116000565,54,416,-362
116000568,91,341,-250
116000579,42,118,-76
116000584,33,12,21
116000585,56,28,28
116000586,93,146,-53
116000587,558,620,-62
116000589,42,56,-14
116000590,91,54,37
116000591,375,237,138
116000592,17,106,-89
116000593,0,36,-36
116000594,785,449,336
116000595,760,174,586
116000596,164,9,155
116000597,557,128,429
116000598,27,196,-169
116000602,73,509,-436
116000605,236,175,61
116000606,121,234,-113
116000607,8,84,-76
116000609,250,987,-737
116000611,250,428,-178
116000612,870,1878,-1008
116000613,826,361,465
116000614,531,574,-43
116000615,2,410,-408
116000616,91,74,17
116000617,141,53,88
116000618,6,69,-63
116000619,66,82,-16
116000620,183,89,94
116000621,93,175,-82
116000622,108,174,-66
116000624,273,101,172
116000627,51,22,29
116000628,53,227,-174
116000629,11,216,-205
116000630,508,33,475
116000631,112,26,86
116000632,664,232,432
116000633,50,312,-262
116000634,587,41,546
116000635,2130,2367,-237
116000636,398,1071,-673
116000637,249,21,228
116000638,8,268,-260
116900001,279,185,94
116900002,248,4,244
116900003,53,43,10
116900004,69,81,-12
116900005,377,82,295
116900006,117,285,-168
116900007,153,207,-54
116900008,597,306,291
116900009,17,13,4
116900010,3,1161,-1158
116900011,21,38,-17
116900012,236,284,-48
116900013,3,218,-215
116900014,256,213,43
116900015,535,73,462
116900016,285,3,282
116900017,2,490,-488
116900018,107,92,15
116900019,5,281,-276
116900020,966,1302,-336
116900023,43,18,25
116900024,725,48,677
116900025,1328,788,540
116900026,173,606,-433
116900027,57,75,-18
116900028,7,162,-155
116900029,0,67,-67
116900031,0,7,-7
116900032,3,270,-267
116900033,31,14,17
116900034,23,78,-55
116900035,212,161,51
116900036,9,109,-100
116900038,29,0,29
116900041,71,18,53
116900042,603,300,303
116900043,33,56,-23
116900047,20,157,-137
116900049,23,313,-290
116900050,166,437,-271
116900051,179,209,-30
116900052,197,117,80
116900055,3,6,-3
116900057,44,212,-168
116900058,58,378,-320
116900059,5,145,-140
116900060,345,195,150
116900062,1,4,-3
116900064,127,524,-397
116900065,25,92,-67
116900067,211,113,98
116900068,132,216,-84
116900070,7,2,5
116900072,39,339,-300
116900073,35,119,-84
116900074,8,63,-55
116900076,17,27,-10
116900077,12,163,-151
116900078,254,122,132
116900079,58,208,-150
116900080,12,46,-34
116900081,453,1082,-629
116900082,340,1141,-801
116900083,48,39,9
116900084,159,74,85
116900085,61,180,-119
116900086,46,176,-130
116900088,498,172,326
116900090,119,67,52
116900091,480,39,441
116900092,121,674,-553
116900093,1961,2191,-230
116900094,4356,4360,-4
116900095,280,131,149
116900096,191,489,-298
116900097,2395,3331,-936
116900098,898,532,366
116900099,850,841,9
116900100,1079,76,1003
116900101,361,568,-207
116900103,2,0,2
116900104,82,88,-6
116900105,369,251,118
116900106,2437,318,2119
116900107,3220,3125,95
116900110,32,2,30
116900111,860,670,190
116900112,387,871,-484
116900113,2024,1675,349
116900116,186,786,-600
116900117,165,133,32
116900118,772,939,-167
116900120,427,90,337
116900121,170,32,138
116900122,1258,704,554
116900123,320,678,-358
116900124,233,824,-591
116900125,578,257,321
116900126,183,658,-475
116900128,1,37,-36
116900129,1,390,-389
116900130,713,4377,-3664
116900131,182,499,-317
116900132,68,158,-90
116900133,268,178,90
116900134,298,293,5
116900136,268,229,39
116900137,396,230,166
116900138,306,210,96
116900139,248,463,-215
116900140,267,197,70
116900141,927,446,481
116900142,3,62,-59
116900143,484,278,206
116900144,53,110,-57
116900145,109,218,-109
116900147,541,630,-89
116900148,12,58,-46
116900149,102,267,-165
116900150,22,16,6
116900151,50,25,25
116900153,187,100,87
116900154,604,903,-299
116900155,111,114,-3
116900157,905,266,639
116900158,157,347,-190
116900159,90,337,-247
116900160,940,952,-12
116900161,5657,8046,-2389
116900162,13,87,-74
116900163,275,149,126
116900164,137,95,42
116900165,346,381,-35
116900166,77,52,25
116900167,540,100,440
116900168,440,105,335
116900169,603,713,-110
116900170,439,560,-121
116900171,65,200,-135
116900172,200,500,-300
116900173,259,50,209
116900174,73,60,13
116900175,221,230,-9
116900178,46,121,-75
116900179,94,392,-298
116900180,118,34,84
116900182,662,270,392
116900183,224,120,104
116900185,27,43,-16
116900186,83,227,-144
116900187,85,64,21
116900188,158,44,114
116900189,92,1,91
116900191,525,795,-270
116900192,369,156,213
116900194,215,1644,-1429
116900195,52,32,20
116900196,29,80,-51
116900197,133,20,113
116900198,155,380,-225
116900200,89,45,44
116900201,173,11,162
116900202,100,59,41
116900203,258,13,245
116900204,62,179,-117
116900206,14,18,-4
116900207,41,45,-4
116900208,6,107,-101
116900209,24,110,-86
116900210,673,363,310
116900211,231,9,222
116900212,83,46,37
116900213,306,140,166
116900214,316,177,139
116900215,99,91,8
116900216,328,224,104
116900218,12,284,-272
116900219,1099,369,730
116900220,138,335,-197
116900221,143,443,-300
116900222,521,476,45
116900223,164,353,-189
116900226,201,64,137
116900227,256,87,169
116900228,365,215,150
116900230,87,234,-147
116900231,49,338,-289
116900232,15,300,-285
116900233,324,121,203
116900234,52,14,38
116900235,177,241,-64
116900238,1310,417,893
116900239,9,1568,-1559
116900240,5080,3728,1352
116900241,141,145,-4
116900242,325,767,-442
116900243,5,72,-67
116900245,51,31,20
116900246,143,11,132
116900247,1103,24,1079
116900248,84,52,32
116900249,474,95,379
116900250,400,50,350
116900251,454,739,-285
116900252,221,710,-489
116900253,128,85,43
116900254,43,88,-45
116900255,151,112,39
116900256,550,167,383
116900257,27,378,-351
116900258,2,166,-164
116900259,360,14,346
116900260,6,102,-96
116900261,114,7,107
116900262,272,175,97
116900263,0,11,-11
116900264,4,6,-2
116900265,76,3,73
116900266,21,39,-18
116900267,4,6,-2
116900268,395,322,73
116900269,301,647,-346
116900271,1415,322,1093
116900272,313,270,43
116900273,179,187,-8
116900274,145,70,75
116900275,178,80,98
116900276,570,253,317
116900277,617,66,551
116900278,5,24,-19
116900279,6,21,-15
116900280,60,31,29
116900281,5267,5207,60
116900282,2,77,-75
116900283,16,89,-73
116900284,22,190,-168
116900285,314,286,28
116900286,250,24,226
116900287,13,40,-27
116900288,97,111,-14
116900289,23,16,7
116900290,12,44,-32
116900291,38,10,28
116900292,0,28,-28
116900293,130,57,73
116900294,52,183,-131
116900295,145,91,54
116900296,123,82,41
116900297,18,104,-86
116900298,97,79,18
116900299,24,107,-83
116900300,2,76,-74
116900301,48,157,-109
116900302,22,75,-53
116900303,168,83,85
116900304,0,153,-153
116900305,6,49,-43
116900306,181,52,129
117000001,2170,1781,389
117000002,1714,3448,-1734
117000003,7520,3740,3780
117000004,3573,4749,-1176
117000005,2327,2056,271
117000006,1220,2779,-1559
117000007,4450,1350,3100
117000008,1194,3247,-2053
117000009,5518,2125,3393
117000010,2635,3421,-786
117000011,2313,1724,589
117000012,1331,1085,246
117000013,1868,771,1097
117000014,1049,1728,-679
117000015,2463,1343,1120
117000016,336,164,172
117000017,186,148,38
117000018,174,672,-498
117000019,88,2,86
117000020,536,1587,-1051
117000021,1368,422,946
117000022,289,167,122
117000023,191,220,-29
117000024,246,271,-25
117000025,446,1159,-713
117000026,1990,1425,565
117000027,2221,4913,-2692
117000028,2972,2114,858
117000030,438,447,-9
117000031,389,317,72
117000032,1503,1216,287
117000033,1287,739,548
117000034,325,328,-3
117000035,461,357,104
117000036,511,302,209
117000037,344,225,119
117000038,209,507,-298
117000039,610,272,338
117000040,263,813,-550
117000041,1246,221,1025
117000044,22,606,-584
117000045,509,123,386
117000046,314,704,-390
117000047,833,612,221
117000048,1981,1066,915
117000049,194,610,-416
117000050,162,1464,-1302
117000051,2530,103,2427
117000052,54,254,-200
117000053,633,40,593
117000054,2249,18,2231
117000055,10,2726,-2716
117000056,843,33,810
117000057,599,2279,-1680
117000060,537,1354,-817
117000061,1842,959,883
117000062,282,648,-366
117000063,2164,1100,1064
117000064,691,620,71
117000066,1093,983,110
117000067,185,771,-586
117000074,175,241,-66
117000076,91,29,62
117000077,160,295,-135
117000078,192,777,-585
117000079,548,267,281
117000080,0,283,-283
117000081,1165,124,1041
117000082,7,115,-108
117000083,135,6,129
117000084,179,6,173
117000085,392,908,-516
117000086,1013,523,490
117000087,114,451,-337
117000088,301,192,109
117000089,1928,348,1580
117000090,382,1089,-707
117000091,1015,424,591
117000092,541,1099,-558
117000093,1590,922,668
117000094,1453,2418,-965
117000095,4239,1075,3164
117000096,972,2031,-1059
117000097,2174,1293,881
117000098,2721,4060,-1339
117000099,4761,1562,3199
117000100,254,509,-255
117000101,327,1016,-689
117000102,2252,810,1442
117000103,763,1277,-514
117000104,1802,811,991
117000105,751,1387,-636
117000106,1627,899,728
117000107,526,1604,-1078
117000108,2249,1025,1224
117000109,1340,2182,-842
117000110,1966,1350,616
117000111,3891,4024,-133
117000112,4355,1864,2491
117000113,120,244,-124
117000114,394,130,264
117000115,102,120,-18
117000116,246,344,-98
117000117,1826,1695,131
117000118,296,163,133
117000119,252,206,46
117000120,154,664,-510
117000121,117,1336,-1219
117000122,378,802,-424
117000123,1586,61,1525
117000124,471,83,388
117000125,281,219,62
117000126,49,22,27
117000127,159,322,-163
117000128,483,835,-352
117000129,244,411,-167
117000130,64,4,60
117000131,0,85,-85
117000132,3633,13,3620
117000133,2261,61,2200
117000134,1,127,-126
117000135,8,82,-74
117000136,7,51,-44
117000137,136,182,-46
117000138,4,736,-732
117000140,566,1234,-668
117000141,2000,673,1327
117000181,562,234,328
117000182,552,764,-212
117000195,253,1024,-771
117000196,599,257,342
117000225,116,50,66
117000226,13,80,-67
117000276,439,55,384
117000277,0,289,-289
117000310,1491,1924,-433
117000315,55,610,-555
117000320,49,0,49
117000906,419,33,386
117000907,19,282,-263
117000908,20,66,-46
117000909,57,43,14
117000910,264,228,36
117000911,148,235,-87
117000915,10,458,-448
117000916,60,10,50
117000917,1382,36,1346
117000918,71,102,-31
117000919,13,69,-56
117000920,6,1180,-1174
117000921,2,949,-947
117000922,33,79,-46
117000924,370,851,-481
117000926,700,144,556
117000927,1212,1168,44
117000928,0,133,-133
117000929,335,298,37
117000930,280,21,259
117000931,322,147,175
117900002,112,407,-295
117900003,1054,609,445
117900005,6,34,-28
117900006,1,125,-124
117900007,133,108,25
117900008,0,48,-48
117900010,271,72,199
117900011,34,158,-124
117900012,85,84,1
117900013,0,197,-197
117900014,457,100,357
117900015,33,164,-131
117900016,1335,1141,194
117900017,552,260,292
117900018,156,187,-31
117900019,541,217,324
117900020,65,599,-534
117900021,53,67,-14
117900022,78,14,64
117900023,710,120,590
117900024,56,56,0
117900025,73,25,48
117900026,403,219,184
117900028,41,5,36
117900029,285,488,-203
117900030,591,217,374
117900031,145,108,37
117900032,1128,804,324
117900033,279,442,-163
117900034,33,26,7
117900035,255,153,102
117900036,291,358,-67
117900037,202,107,95
117900038,37,353,-316
117900039,8,64,-56
117900040,193,405,-212
117900041,7,57,-50
117900042,3697,332,3365
117900043,26,71,-45
117900044,47,3028,-2981
117900045,253,134,119
117900048,402,258,144
117900049,264,369,-105
117900050,11,225,-214
117900051,23,1,22
117900052,75,462,-387
117900053,2195,782,1413
117900054,1,32,-31
117900055,447,164,283
117900056,216,103,113
117900057,1312,1145,167
117900058,60,18,42
117900059,327,129,198
117900060,3028,4488,-1460
117900061,27,220,-193
117900063,523,198,325
117900065,780,1417,-637
117900066,17,72,-55
117900067,565,162,403
117900069,708,247,461
117900070,177,43,134
117900071,122,122,0
117900073,618,265,353
117900074,107,70,37
117900075,88,74,14
117900076,12,63,-51
117900077,644,174,470
117900078,449,1048,-599
117900080,126,49,77
117900081,484,417,67
117900082,494,522,-28
117900083,438,362,76
117900086,136,39,97
117900087,265,92,173
117900088,3295,2127,1168
117900089,2889,917,1972
117900090,492,339,153
117900091,159,199,-40
117900092,68,31,37
117900093,155,78,77
117900094,48,39,9
117900095,311,252,59
117900096,111,189,-78
117900097,393,85,308
117900098,82,26,56
117900099,176,215,-39
117900100,336,4,332
117900101,549,2142,-1593
117900102,102,52,50
117900103,66,7,59
117900104,7,173,-166
117900105,165,254,-89
117900106,159,36,123
117900107,93,1,92
117900109,789,473,316
117900110,121,1,120
117900111,461,37,424
117900112,126,15,111
117900113,2366,2103,263
117900114,35,1,34
117900115,223,94,129
117900116,914,881,33
117900117,875,376,499
117900118,163,1,162
117900119,388,288,100
117900120,257,53,204
117900121,228,129,99
117900122,1610,4879,-3269
117900123,704,367,337
117900124,912,767,145
117900125,2243,2263,-20
117900126,288,574,-286
117900127,494,391,103
117900128,438,581,-143
117900129,102,1,101
117900130,1022,537,485
117900131,3,197,-194
117900132,29,99,-70
117900133,8,147,-139
117900134,206,397,-191
117900135,46,221,-175
117900136,0,45,-45
117900137,98,396,-298
117900138,0,42,-42
117900139,133,112,21
117900140,2883,367,2516
117900141,186,188,-2
117900142,63,77,-14
117900144,73,242,-169
117900145,34,52,-18
117900146,179,171,8
117900147,88,84,4
117900148,2518,2032,486
117900149,144,221,-77
117900150,56,65,-9
117900151,58,82,-24
117900152,110,63,47
117900153,17,99,-82
117900154,487,476,11
117900156,1048,972,76
117900157,86,545,-459
117900158,500,189,311
117900160,867,992,-125
117900161,2696,2208,488
117900162,561,403,158
117900163,44,149,-105
117900165,0,25,-25
117900166,192,582,-390
117900168,55,233,-178
117900169,2,148,-146
117900170,5,28,-23
117900171,10,31,-21
117900172,12,54,-42
117900173,207,92,115
117900174,64,68,-4
117900175,12,32,-20
117900176,18,42,-24
117900177,32,56,-24
117900178,134,49,85
117900180,277,62,215
117900181,107,508,-401
117900182,4,58,-54
117900183,93,227,-134
117900184,33,91,-58
117900185,44,72,-28
117900186,66,33,33
117900187,27,19,8
117900188,205,51,154
117900189,79,35,44
117900190,39,1,38
117900191,122,6,116
117900192,285,1,284
117900193,17,78,-61
117900194,16,8,8
117900195,37,107,-70
117900196,39,34,5
117900207,247,180,67
117900208,46,50,-4
117900209,251,205,46
117900210,196,280,-84
117900211,18,188,-170
117900212,136,170,-34
117900213,30,20,10
117900214,30,58,-28
117900215,31,34,-3
117900216,33,24,9
117900217,95,399,-304
117900218,112,118,-6
117900219,7,183,-176
117900220,95,99,-4
117900222,253,270,-17
117900223,171,298,-127
118000001,930,1025,-95
118000002,819,1705,-886
118000003,2273,3638,-1365
118000004,1978,2094,-116
118000005,4422,6786,-2364
118000006,4679,9830,-5151
118000007,5701,4806,895
118000008,3275,4418,-1143
118000009,1744,3758,-2014
118000010,6495,4440,2055
118000011,1752,1900,-148
118000012,1121,1915,-794
118000013,2585,2304,281
118000014,1752,1951,-199
118000016,205,256,-51
118000017,539,503,36
118000018,378,437,-59
118000019,2067,1830,237
118000020,1280,4832,-3552
118000021,714,4277,-3563
118000022,1650,1067,583
118000023,888,296,592
118000024,1372,2319,-947
118000027,12966,16293,-3327
118000029,1069,901,168
118000032,1052,4571,-3519
118000033,2775,8439,-5664
118000034,4733,3071,1662
118000035,2085,4153,-2068
118000036,1157,1646,-489
118000037,869,1063,-194
118000038,251,120,131
118000039,70,240,-170
118000040,1871,1589,282
118000041,2767,1328,1439
118000045,335,354,-19
118000046,1447,866,581
118000047,829,1252,-423
118000048,2364,2727,-363
118000051,2532,1956,576
118000052,1393,1218,175
118000053,466,848,-382
118000054,1561,1434,127
118000055,1542,2023,-481
118000056,219,534,-315
118000057,269,425,-156
118000058,2669,2459,210
118000059,1848,1848,0
118000060,1164,601,563
118000061,1304,1486,-182
118000062,765,414,351
118000063,482,974,-492
118000064,893,1257,-364
118000065,3239,1779,1460
118000066,1030,1764,-734
118000067,698,860,-162
118000068,1619,4697,-3078
118000069,2421,1233,1188
118000070,5060,2093,2967
118000071,3673,7265,-3592
118000072,1357,1426,-69
118000073,1283,882,401
118000074,498,429,69
118000075,665,350,315
118000076,1478,3150,-1672
118000077,1290,1384,-94
118000078,1867,2867,-1000
118000079,299,539,-240
118000080,884,863,21
118000081,1883,1397,486
118000082,372,1270,-898
118000083,1869,1919,-50
118000084,3295,1894,1401
118000086,301,546,-245
118000087,4089,2677,1412
118000088,1871,1654,217
118000089,4086,2507,1579
118000090,1940,2981,-1041
118000091,1353,2536,-1183
118000092,965,502,463
118000093,125,737,-612
118000096,471,641,-170
118000097,882,672,210
118000098,373,223,150
118000099,641,769,-128
118000101,1339,388,951
118000102,506,1014,-508
118000107,1796,584,1212
118000108,979,2777,-1798
118000110,0,26,-26
118000111,4,240,-236
118000112,631,2,629
118000113,1,441,-440
118000114,612,12,600
118000115,14,14,0
118000116,52,1,51
118000117,870,701,169
118000118,1074,1132,-58
118000119,969,1195,-226
118000120,1722,1217,505
118000121,87,638,-551
118000122,1271,411,860
118000123,71,268,-197
118000125,1599,899,700
118000126,695,1736,-1041
118000127,1828,651,1177
118000128,534,1105,-571
118000129,902,387,515
118000130,2031,2899,-868
118000131,432,641,-209
118000132,2913,2130,783
118000133,977,414,563
118000135,732,497,235
118000136,169,432,-263
118000137,552,89,463
118000138,557,582,-25
118000139,523,109,414
118000140,3036,5503,-2467
118000141,2395,1850,545
118000142,2326,1613,713
118000143,2638,1431,1207
118000144,1107,770,337
118000145,1680,1588,92
118000146,1346,728,618
118000147,787,1158,-371
118000148,585,1106,-521
118000149,999,862,137
118000150,567,252,315
118000151,624,463,161
118000153,1585,1184,401
118000154,1647,1422,225
118000155,1720,1509,211
118000156,2184,2509,-325
118000157,783,437,346
118000158,247,434,-187
118000159,44,105,-61
118000160,670,429,241
118000161,534,638,-104
118000162,2156,1111,1045
118000163,1164,923,241
118000164,2132,1379,753
118000168,955,794,161
118000169,1173,1206,-33
118000170,3398,4424,-1026
118000171,427,652,-225
118000172,86,259,-173
118000173,907,1385,-478
118000175,407,411,-4
118000176,410,486,-76
118000177,276,713,-437
118000178,40,64,-24
118000179,1309,1640,-331
118000180,1000,850,150
118000181,757,294,463
118000182,300,293,7
118000183,267,359,-92
118000184,1164,745,419
118000185,1466,1384,82
118000186,1019,1271,-252
118000187,1677,616,1061
118000188,733,184,549
118000189,973,674,299
118000190,17,25,-8
118000191,51,35,16
118000192,120,164,-44
118000193,70,297,-227
118000194,1361,857,504
118000195,686,1436,-750
118000196,361,228,133
118000197,121,180,-59
118000198,480,909,-429
118000199,411,515,-104
118000200,163,360,-197
118000201,634,620,14
118000202,100,98,2
118000203,606,728,-122
118000204,99,517,-418
118000205,210,368,-158
118000206,315,208,107
118000207,1,44,-43
118000208,1668,1828,-160
118000209,2137,1420,717
118000210,112,39,73
118000211,35,34,1
118000213,1230,2091,-861
118000214,613,681,-68
118000215,394,159,235
118000216,2774,2139,635
118000217,32,101,-69
118000218,105,79,26
118000219,424,227,197
118000220,2,39,-37
118000221,404,396,8
118000222,111,13,98
118000223,57,47,10
118000224,189,92,97
118000225,191,712,-521
118000226,1116,220,896
118000227,818,585,233
118000228,154,304,-150
118000229,176,129,47
118000230,168,198,-30
118000231,110,222,-112
118000232,844,710,134
118000233,1441,774,667
118000234,623,258,365
118000236,477,351,126
118000237,121,432,-311
118000238,364,240,124
118000239,313,268,45
118000240,425,255,170
118000241,199,207,-8
118000242,504,461,43
118000243,362,234,128
118000244,61,109,-48
118000246,0,46,-46
118000255,80,266,-186
118000256,171,183,-12
118000259,9,46,-37
118000260,241,107,134
118000261,36,42,-6
118000263,92,210,-118
118000266,158,291,-133
118000267,0,137,-137
118000268,299,5,294
118000270,111,26,85
118000271,237,271,-34
118000272,97,45,52
118000273,245,70,175
118000274,120,339,-219
118000276,632,388,244
118000295,13,176,-163
118000298,220,299,-79
118000299,67,134,-67
118000301,0,80,-80
118000302,110,39,71
118000311,614,118,496
118000312,401,260,141
118000313,79,176,-97
118000314,187,43,144
118000315,57,39,18
118000316,727,428,299
118000325,74,51,23
118000326,53,28,25
118000331,48,50,-2
118000332,16,23,-7
118000333,49,87,-38
118000335,461,0,461
118000336,3,205,-202
118000407,260,56,204
118000457,4,41,-37
118000465,2607,4510,-1903
118000480,37,71,-34
118000489,42,326,-284
118000490,20,226,-206
118000492,307,189,118
118000510,51,23,28
118000514,205,287,-82
118000515,1037,730,307
118000517,313,227,86
118000524,297,298,-1
118000525,797,907,-110
118000530,35,157,-122
118000531,401,342,59
118000532,235,285,-50
118000533,318,118,200
118000534,613,446,167
118000535,373,175,198
118000536,782,2257,-1475
118000537,17,274,-257
118000538,35,97,-62
118000539,43,119,-76
118000540,402,232,170
118000541,237,138,99
118000542,160,225,-65
118000543,317,287,30
118000546,69,42,27
118000560,2594,3260,-666
118000562,25,144,-119
118000563,1373,1192,181
118000576,199,135,64
118000577,149,151,-2
118000578,148,99,49
118000579,616,1378,-762
118000595,251,113,138
118000596,0,97,-97
118000597,108,90,18
118000598,48,1,47
118000599,95,53,42
118000600,4,41,-37
118000601,43,0,43
118000602,0,34,-34
118000603,0,25,-25
118900001,691,1633,-942
118900002,1020,942,78
118900003,633,27,606
118900004,112,52,60
118900005,101,13,88
118900006,251,18,233
118900007,18,1,17
118900008,1513,64,1449
118900009,102,84,18
118900010,113,14,99
118900011,240,50,190
118900012,550,245,305
118900013,655,238,417
118900015,368,107,261
118900016,13,11,2
118900017,207,301,-94
118900018,1135,41,1094
118900019,56,45,11
118900020,234,171,63
118900021,210,413,-203
118900022,215,116,99
118900023,213,106,107
118900024,141,187,-46
118900025,66,38,28
118900026,94,73,21
118900027,436,221,215
118900028,214,179,35
118900029,489,542,-53
118900030,572,88,484
118900031,211,111,100
118900032,270,130,140
118900033,477,521,-44
118900034,207,51,156
118900035,152,119,33
118900036,1467,718,749
118900037,445,394,51
118900038,554,155,399
118900039,693,188,505
118900040,251,206,45
118900041,705,170,535
118900042,184,139,45
118900045,361,180,181
118900046,769,514,255
118900047,475,330,145
118900048,136,298,-162
118900049,62,56,6
118900050,64,103,-39
118900051,79,102,-23
118900052,344,295,49
118900053,34,108,-74
118900054,149,71,78
118900055,168,72,96
118900056,28,477,-449
118900057,914,513,401
118900058,513,379,134
118900059,27,106,-79
118900060,116,141,-25
118900062,707,214,493
118900064,575,719,-144
118900065,75,128,-53
118900066,94,93,1
118900067,4301,4220,81
118900068,16,178,-162
118900069,539,223,316
118900071,12,77,-65
118900072,518,420,98
118900073,166,106,60
118900074,184,141,43
118900075,90,80,10
118900076,287,144,143
118900077,259,189,70
118900078,42,9,33
118900079,59,246,-187
118900080,43,177,-134
118900081,83,40,43
118900082,1050,174,876
118900083,61,8,53
118900084,22,32,-10
118900085,550,655,-105
118900086,51,117,-66
118900087,52,280,-228
118900088,4,14,-10
118900089,27,25,2
118900090,504,309,195
118900091,239,242,-3
118900092,147,92,55
118900093,144,37,107
118900096,82,28,54
118900097,287,538,-251
118900099,92,286,-194
118900100,202,292,-90
118900101,172,357,-185
118900102,66,125,-59
118900103,63,148,-85
118900104,292,158,134
118900105,272,139,133
118900107,141,48,93
118900108,120,145,-25
118900110,1276,962,314
118900111,526,488,38
118900112,113,213,-100
118900113,145,489,-344
118900114,28,86,-58
118900115,167,541,-374
118900116,169,219,-50
118900117,149,196,-47
118900118,378,297,81
118900119,167,197,-30
118900120,126,347,-221
118900121,28,165,-137
118900122,39,913,-874
118900123,185,254,-69
118900124,115,184,-69
118900126,35,393,-358
118900129,299,237,62
118900130,66,267,-201
118900131,264,254,10
118900132,451,222,229
118900133,30,142,-112
118900135,244,205,39
118900136,228,464,-236
118900137,7,55,-48
118900139,241,325,-84
118900140,463,589,-126
118900141,75,146,-71
118900144,154,404,-250
118900145,41,154,-113
118900146,324,625,-301
118900147,181,185,-4
118900148,91,85,6
118900150,204,640,-436
118900152,532,695,-163
118900157,94,200,-106
118900158,107,60,47
118900159,11,151,-140
118900161,108,27,81
118900163,116,111,5
118900164,6,103,-97
118900165,68,168,-100
118900166,73,5,68
118900167,128,88,40
118900168,19,221,-202
118900169,217,294,-77
118900170,240,125,115
118900171,26,36,-10
118900174,69,65,4
118900175,477,443,34
118900176,246,249,-3
118900177,100,55,45
118900178,45,141,-96
118900179,6,15,-9
118900181,161,128,33
118900182,91,49,42
118900183,48,150,-102
118900184,410,146,264
118900185,142,97,45
118900186,132,113,19
118900187,278,359,-81
118900188,332,332,0
118900189,32,703,-671
118900190,34,329,-295
118900191,189,61,128
118900192,349,15,334
118900193,709,8,701
118900195,302,616,-314
118900196,44,171,-127
118900197,178,82,96
118900198,32,21,11
118900199,151,36,115
118900200,60,34,26
118900201,26,59,-33
118900202,15,90,-75
118900203,17,29,-12
118900204,34,26,8
118900205,5,15,-10
118900206,4,27,-23
119000001,1632,2142,-510
119000002,5139,4503,636
119000003,3451,1117,2334
119000004,2648,1361,1287
119000005,2004,2062,-58
119000006,2910,1660,1250
119000007,3859,3275,584
119000008,2198,1886,312
119000009,3675,5433,-1758
119000010,5737,4526,1211
119000011,4569,3879,690
119000012,3901,4172,-271
119000013,3203,2083,1120
119000014,1945,3118,-1173
119000019,345,192,153
119000020,2301,1803,498
119000021,5409,2719,2690
119000022,3030,3249,-219
119000023,261,227,34
119000024,2338,13607,-11269
119000025,6036,1416,4620
119000026,204,617,-413
119000027,342,482,-140
119000028,1769,876,893
119000029,128,371,-243
119000030,639,911,-272
119000031,917,664,253
119000032,2252,2565,-313
119000033,2356,1364,992
119000034,1146,984,162
119000035,46,274,-228
119000036,2100,808,1292
119000037,1442,1442,0
119000038,218,700,-482
119000039,400,302,98
119000040,812,624,188
119000041,832,1310,-478
119000048,2896,2595,301
119000049,2058,2029,29
119000050,1846,1832,14
119000051,2312,1165,1147
119000052,2070,2860,-790
119000053,2074,1329,745
119000054,3898,2688,1210
119000055,5223,3240,1983
119000056,3460,2175,1285
119000057,2050,1760,290
119000058,2252,1671,581
119000059,1494,1780,-286
119000060,2064,1230,834
119000061,1087,781,306
119000062,1274,1528,-254
119000063,704,348,356
119000064,865,968,-103
119000065,1866,3402,-1536
119000066,2375,1290,1085
119000067,2039,1868,171
119000068,2055,1104,951
119000069,1736,2139,-403
119000070,3090,980,2110
119000071,557,841,-284
119000072,5039,3166,1873
119000073,5006,7754,-2748
119000074,1591,1965,-374
119000075,2814,1972,842
119000076,482,1284,-802
119000077,788,628,160
119000078,490,258,232
119000079,248,721,-473
119000080,429,175,254
119000081,372,593,-221
119000082,1083,256,827
119000083,734,440,294
119000084,339,527,-188
119000085,698,256,442
119000086,462,486,-24
119000087,1616,854,762
119000088,441,295,146
119000089,81,233,-152
119000090,135,146,-11
119000091,130,529,-399
119000092,470,222,248
119000093,3758,2306,1452
119000094,3617,5353,-1736
119000095,2261,2964,-703
119000097,2101,1301,800
119000098,1115,3248,-2133
119000099,2578,1520,1058
119000100,4716,3335,1381
119000101,4559,2230,2329
119000102,717,1461,-744
119000103,1531,822,709
119000104,2478,1297,1181
119000105,1399,2499,-1100
119000106,445,1131,-686
119000107,1261,579,682
119000108,445,834,-389
119000109,175,674,-499
119000110,458,506,-48
119000111,62,801,-739
119000112,227,145,82
119000113,2384,420,1964
119000114,1355,1400,-45
119000115,147,203,-56
119000116,142,159,-17
119000117,194,524,-330
119000118,5,0,5
119000123,3597,2663,934
119000124,923,232,691
119000125,4627,684,3943
119000126,830,563,267
119000127,541,412,129
119000128,21,18,3
119000131,981,595,386
119000132,2,1,1
119000133,1,7,-6
119000134,1927,654,1273
119000135,158,208,-50
119000136,296,172,124
119000137,321,293,28
119000138,699,281,418
119000139,337,232,105
119000140,264,363,-99
119000284,1188,2531,-1343
119000285,2268,2008,260
119000286,6404,4948,1456
119000287,1254,1947,-693
119000288,2118,1234,884
119000289,1511,2400,-889
119000290,252,357,-105
119000291,16,254,-238
119000293,202,167,35
119000294,53,41,12
119000295,1549,408,1141
119000296,334,157,177
119000302,2077,1364,713
119000303,47,168,-121
119000314,1861,11753,-9892
119000315,7,323,-316
119000316,184,130,54
119000317,120,260,-140
119900001,304,1423,-1119
119900002,208,306,-98
119900003,69,943,-874
119900004,338,1577,-1239
119900005,285,93,192
119900006,271,467,-196
119900007,1311,383,928
119900008,108,63,45
119900009,747,684,63
119900010,1243,1579,-336
119900011,29,160,-131
119900012,36,123,-87
119900013,2385,1362,1023
119900014,608,336,272
119900015,189,66,123
119900016,61,79,-18
119900017,88,41,47
119900018,1784,1110,674
119900019,52,18,34
119900020,226,226,0
119900021,267,154,113
119900022,128,1147,-1019
119900023,508,1814,-1306
119900025,270,55,215
119900026,790,218,572
119900027,35,21,14
119900028,280,166,114
119900029,6,2,4
119900030,813,514,299
119900031,72,487,-415
119900033,1997,531,1466
119900034,535,129,406
119900037,240,67,173
119900038,86,432,-346
119900039,79,15,64
119900040,167,34,133
119900041,193,40,153
119900042,163,225,-62
119900043,117,160,-43
119900044,249,1358,-1109
119900046,221,87,134
119900047,439,115,324
119900048,58,17,41
119900049,172,8,164
119900050,176,159,17
119900051,960,21,939
119900052,114,36,78
119900053,244,164,80
119900054,210,17,193
119900055,1668,520,1148
119900057,329,108,221
119900058,337,6,331
119900059,160,57,103
119900060,340,55,285
119900062,107,41,66
119900063,21,73,-52
119900064,610,92,518
119900065,274,21,253
119900066,1,0,1
119900067,231,46,185
119900068,674,5,669
119900069,145,53,92
119900070,1247,20,1227
119900071,859,33,826
119900073,1762,681,1081
119900074,56,60,-4
119900075,4482,2805,1677
119900076,935,363,572
119900077,1178,915,263
119900078,874,974,-100
119900079,400,190,210
119900080,2020,1373,647
119900081,275,30,245
119900082,1848,312,1536
119900083,557,196,361
119900084,961,462,499
119900085,51,84,-33
119900087,574,505,69
119900088,40,70,-30
119900089,72,396,-324
119900090,150,86,64
119900091,46,812,-766
119900092,130,441,-311
119900093,1534,292,1242
119900094,25,231,-206
119900095,245,134,111
119900096,60,175,-115
119900097,481,289,192
119900098,74,65,9
119900099,42,243,-201
119900100,1897,3417,-1520
119900101,195,1832,-1637
119900102,59,239,-180
119900103,73,320,-247
119900104,60,188,-128
119900105,1018,3218,-2200
119900106,24,123,-99
119900107,327,2163,-1836
119900108,3534,787,2747
119900109,11,125,-114
119900110,976,504,472
119900111,200,276,-76
119900112,1169,660,509
119900113,91,310,-219
119900114,386,1104,-718
119900115,525,857,-332
119900116,232,474,-242
119900117,445,701,-256
119900118,174,794,-620
119900119,300,227,73
119900120,908,713,195
119900121,530,820,-290
119900122,483,378,105
119900123,273,317,-44
119900124,235,715,-480
119900125,102,334,-232
119900126,4261,515,3746
119900127,2087,1005,1082
119900128,516,696,-180
119900129,331,547,-216
119900130,42,222,-180
119900131,49,262,-213
119900132,13,237,-224
119900133,94,124,-30
119900134,1633,238,1395
119900135,1,404,-403
119900136,235,432,-197
119900138,421,665,-244
119900139,36,147,-111
119900140,7,118,-111
119900141,99,888,-789
119900142,50,61,-11
119900143,19,256,-237
119900144,1557,318,1239
119900145,103,225,-122
119900146,224,228,-4
119900147,4,164,-160
119900148,367,83,284
119900149,1008,5181,-4173
119900150,173,246,-73
119900151,1982,1050,932
119900152,186,316,-130
119900153,248,70,178
119900154,19,209,-190
119900155,72,51,21
119900156,17,12,5
119900157,197,270,-73
119900158,335,79,256
119900159,6,1218,-1212
119900160,35,180,-145
119900161,188,224,-36
119900162,1151,1354,-203
119900163,204,218,-14
119900164,0,3,-3
119900165,142,203,-61
119900166,158,55,103
119900167,82,155,-73
119900168,1213,563,650
119900169,137,410,-273
119900170,286,377,-91
119900171,1096,573,523
119900172,137,30,107
119900173,4,413,-409
119900174,6,271,-265
119900175,1679,758,921
119900177,28,220,-192
119900178,17,191,-174
119900179,148,754,-606
119900180,1274,1091,183
119900181,114,173,-59
119900182,9,389,-380
119900183,177,620,-443
119900184,2084,529,1555
119900185,87,220,-133
119900186,77,1322,-1245
119900187,19,443,-424
119900188,163,322,-159
119900189,575,598,-23
119900190,114,350,-236
119900191,460,335,125
119900192,91,178,-87
119900193,585,218,367
119900194,64,100,-36
119900195,77,257,-180
119900196,1615,586,1029
119900197,361,204,157
119900198,256,323,-67
119900199,187,35,152
119900200,983,738,245
119900201,400,254,146
119900202,137,414,-277
119900203,282,671,-389
119900204,453,303,150
119900205,968,468,500
119900206,193,165,28
119900208,220,186,34
119900209,623,1579,-956
119900210,59,56,3
119900211,110,11,99
119900212,249,315,-66
119900213,14,58,-44
119900214,54,91,-37
119900215,78,70,8
119900216,28,70,-42
119900217,22,56,-34
119900218,25,54,-29
119900219,12,111,-99
119900220,4,75,-71
119900221,47,244,-197
119900222,10,235,-225
119900223,13,102,-89
119900224,14,20,-6
119900225,825,56,769
119900226,732,2662,-1930
119900227,1294,430,864
119900228,71,345,-274
119900229,381,487,-106
119900230,1529,721,808
119900231,457,172,285
119900232,415,172,243
119900233,147,9,138
119900234,16,114,-98
119900235,27,73,-46
119900236,32,275,-243
119900237,119,686,-567
119900238,2,102,-100
119900240,120,163,-43
119900241,239,250,-11
119900242,1924,1792,132
119900244,843,1431,-588
119900245,195,212,-17
119900246,465,859,-394
119900247,39,155,-116
119900248,110,355,-245
119900249,413,162,251
119900253,2372,502,1870
119900254,138,955,-817
119900255,174,814,-640
119900256,1003,1015,-12
119900257,126,6,120
119900258,377,14,363
119900259,22,164,-142
119900260,254,5,249
119900261,396,233,163
119900262,1,197,-196
119900263,1343,466,877
119900264,138,195,-57
119900265,931,350,581
119900266,544,346,198
119900267,255,510,-255
119900268,228,137,91
119900269,1557,1082,475
119900271,64,137,-73
119900272,378,423,-45
119900275,249,27,222
119900276,93,8,85
119900277,5,17,-12
119900278,335,115,220
119900279,168,414,-246
119900280,869,182,687
119900281,0,283,-283
119900282,90,215,-125
119900283,31,186,-155
119900284,79,208,-129
119900285,46,100,-54
119900286,13,35,-22
119900288,6,27,-21
119900289,2,51,-49
119900290,7,38,-31
119900291,2,94,-92
119900292,60,40,20
119900293,37,10,27
119900294,54,1,53
119900295,24,1,23
119900296,181,38,143
119900299,78,194,-116
119900300,340,318,22
119900301,148,298,-150
119900302,314,114,200
119900303,443,180,263
119900304,264,54,210
119900305,12,133,-121
119900306,45,12,33
119900307,133,117,16
119900308,6,32,-26
119900309,48,138,-90
119900310,312,280,32
119900311,91,106,-15
119900312,208,125,83
119900313,298,346,-48
119900314,275,526,-251
119900315,2180,1996,184
119900318,13,50,-37
119900319,41,259,-218
119900320,401,584,-183
119900321,147,5,142
119900322,23,71,-48
119900323,11,112,-101
119900324,0,42,-42
119900325,21,252,-231
119900326,37,58,-21
120000001,7165,17205,-10040
120000002,3010,2477,533
120000003,3359,1618,1741
120000004,2720,1927,793
120000005,4284,2256,2028
120000006,1295,1464,-169
120000007,3707,3395,312
120000008,1102,1337,-235
120000009,2432,1343,1089
120000010,2103,2682,-579
120000011,1152,1612,-460
120000012,1786,2553,-767
120000013,3311,2942,369
120000014,867,1424,-557
120000015,2846,1474,1372
120000016,4289,2336,1953
120000017,4101,2886,1215
120000018,4096,13946,-9850
120000019,1476,1574,-98
120000020,3818,3793,25
120000021,2418,2643,-225
120000022,3269,4460,-1191
120000023,1381,1858,-477
120000024,1691,2654,-963
120000025,3015,2186,829
120000026,2557,1833,724
120000027,2665,2392,273
120000028,865,1758,-893
120000029,3276,1737,1539
120000030,529,1170,-641
120000031,2884,7073,-4189
120000032,8341,4094,4247
120000033,4916,1903,3013
120000034,2445,1817,628
120000035,2549,1807,742
120000036,3655,5330,-1675
120000037,839,2015,-1176
120000038,6628,5079,1549
120000039,941,1145,-204
120000040,113,675,-562
120000041,1389,1916,-527
120000042,2220,2670,-450
120000043,5880,2147,3733
120000044,6140,1759,4381
120000045,7139,1222,5917
120000046,4044,3065,979
120000047,1127,6350,-5223
120000048,7523,5058,2465
120000049,3811,3280,531
120000050,3930,3832,98
120000051,3295,4975,-1680
120000052,7931,2651,5280
120000053,1460,2231,-771
120000054,1532,3530,-1998
120000055,1879,4204,-2325
120000056,5736,4627,1109
120000057,4408,1257,3151
120000058,3737,1539,2198
120000059,23,1961,-1938
120000061,119,575,-456
120000062,287,468,-181
120000063,1467,2699,-1232
120000064,287,910,-623
120000065,569,1361,-792
120000066,459,621,-162
120000067,52,540,-488
120000068,179,724,-545
120000069,647,953,-306
120000070,113,577,-464
120000071,633,105,528
120000072,966,464,502
120000073,1098,115,983
120000074,236,117,119
120000075,1157,319,838
120000076,2768,457,2311
120000077,2386,755,1631
120000078,4386,1399,2987
120000079,390,199,191
120000080,187,265,-78
120000081,502,168,334
120000082,335,282,53
120000083,100,730,-630
120000084,509,621,-112
120000085,635,735,-100
120000086,319,610,-291
120000087,320,538,-218
120000088,889,1216,-327
120000089,1450,686,764
120000090,990,610,380
120000091,1227,1091,136
120000092,1678,722,956
120000093,776,485,291
120000094,320,731,-411
120000095,1100,528,572
120000096,376,766,-390
120000098,1205,821,384
120000099,569,783,-214
120000100,1084,881,203
120000101,781,561,220
120000102,629,1068,-439
120000103,1858,927,931
120000104,2210,606,1604
120000105,3562,710,2852
120000106,2864,747,2117
120000107,4814,708,4106
120000108,1811,184,1627
120000109,1351,121,1230
120000110,107,893,-786
120000111,127,1004,-877
120000112,867,2361,-1494
120000113,618,1793,-1175
120000114,918,2125,-1207
120000115,443,1805,-1362
120000116,788,1790,-1002
120000117,881,1361,-480
120000118,109,59,50
120000119,44,83,-39
120000120,117,99,18
120000121,33,78,-45
120000122,295,477,-182
120000123,3978,7028,-3050
120000124,554,452,102
120000125,753,749,4
120000126,396,1069,-673
120000127,2586,1297,1289
120000128,3322,5050,-1728
120000129,354,348,6
120000130,911,579,332
120000131,419,875,-456
120000134,434,1059,-625
120000135,854,526,328
120000137,395,1197,-802
120000138,1479,467,1012
120000139,433,600,-167
120000140,1205,657,548
120000141,453,447,6
120000142,693,742,-49
120000143,1,103,-102
120000144,145,4,141
120000145,440,1,439
120000146,1005,1008,-3
120000149,807,1191,-384
120000150,3254,12748,-9494
120000151,524,492,32
120000152,704,184,520
120000153,472,518,-46
120000154,749,507,242
120000155,149,290,-141
120000156,844,1466,-622
120000157,958,730,228
120000158,1116,802,314
120000159,1998,2562,-564
120000160,2775,2049,726
120000161,2722,2200,522
120000162,127,264,-137
120000163,960,1200,-240
120000164,746,390,356
120000165,624,642,-18
120000166,1668,594,1074
120000167,256,313,-57
120000168,32,1032,-1000
120000169,82,2551,-2469
120000170,67,1518,-1451
120000171,43,594,-551
120000172,47,498,-451
120000173,1541,1396,145
120000174,251,37,214
120000175,220,40,180
120000176,330,87,243
120000177,1418,174,1244
120000178,62,30,32
120000179,215,91,124
120000180,1379,167,1212
120000181,200,1784,-1584
120000182,95,866,-771
120000183,17,522,-505
120000184,243,1557,-1314
120000186,66,858,-792
120000187,40,416,-376
120000188,118,620,-502
120000190,623,131,492
120000191,815,169,646
120000192,986,80,906
120000193,510,25,485
120000195,88,9,79
120000196,400,75,325
120000197,154,161,-7
120000198,281,71,210
120000199,153,2,151
120000200,187,1,186
120000201,22,27,-5
120000202,2,71,-69
120000203,58,172,-114
120000207,3,92,-89
120000208,19,204,-185
120000209,11,78,-67
120000210,45,102,-57
120000211,268,6,262
120000212,287,4,283
120000213,217,282,-65
120000214,3,249,-246
120000215,5,150,-145
120000216,159,38,121
120000217,798,1508,-710
120000218,171,797,-626
120000219,9,510,-501
120000220,10,1329,-1319
120000225,2164,3,2161
120000226,463,8,455
120000227,1047,106,941
120000228,12258,4481,7777
120000230,536,27,509
120000231,1734,2016,-282
120000233,530,9,521
120000235,301,511,-210
120000236,1271,3,1268
120000237,5,1248,-1243
120000238,21,943,-922
120000241,1546,4315,-2769
120000412,845,19,826
120000413,346,271,75
120000414,247,11,236
120000415,0,79,-79
120000416,184,10,174
120000417,22,124,-102
120000418,316,20,296
120000419,17,237,-220
120000420,67,33,34
120000421,9409,6346,3063
120000422,129,1658,-1529
120000423,7,79,-72
120000424,129,155,-26
120000436,157,780,-623
120000437,159,138,21
120000438,2153,310,1843
120000439,263,566,-303
120000443,227,0,227
120000444,1719,454,1265
120000445,2232,1128,1104
120000446,725,233,492
120000447,273,2,271
120000449,217,9,208
120000450,20,175,-155
120000451,158,304,-146
120000452,383,7,376
120000453,1,275,-274
120000454,98,88,10
120000455,86,33,53
120000456,2723,4330,-1607
120000457,1343,540,803
120000458,510,614,-104
120000459,171,62,109
120000665,1006,349,657
120000668,141,1373,-1232
120000669,164,208,-44
120000670,221,1050,-829
120000671,1532,500,1032
120000672,99,566,-467
120900001,90,134,-44
120900002,518,841,-323
120900003,254,38,216
120900004,18,123,-105
120900005,59,1091,-1032
120900006,558,254,304
120900007,216,110,106
120900008,397,1088,-691
120900009,313,34,279
120900010,744,140,604
120900011,288,241,47
120900012,321,1609,-1288
120900013,436,243,193
120900014,3,599,-596
120900015,1066,117,949
120900016,1039,77,962
120900017,2228,101,2127
120900018,263,473,-210
120900019,938,398,540
120900020,844,1582,-738
120900021,972,406,566
120900022,41,413,-372
120900023,359,57,302
120900024,2192,610,1582
120900025,1774,1204,570
120900026,310,244,66
120900027,1167,41,1126
120900028,529,146,383
120900029,174,696,-522
120900030,1730,930,800
120900031,373,164,209
120900032,1495,101,1394
120900033,1464,142,1322
120900034,80,3147,-3067
120900035,120,211,-91
120900037,301,17,284
120900038,65,470,-405
120900039,197,74,123
120900040,379,12,367
120900041,222,34,188
120900042,747,58,689
120900043,95,66,29
120900044,18,411,-393
120900045,226,149,77
120900046,590,6,584
120900047,272,205,67
120900048,163,57,106
120900049,614,9,605
120900050,2189,2063,126
120900051,413,82,331
120900052,795,9,786
120900053,373,73,300
120900054,1797,599,1198
120900055,505,5,500
120900056,793,31,762
120900057,245,34,211
120900058,724,2,722
120900059,147,3,144
120900060,90,44,46
120900061,290,302,-12
120900062,305,3,302
120900063,866,7,859
120900064,921,2,919
120900065,750,4,746
120900066,663,269,394
120900067,282,93,189
120900068,430,2,428
120900069,336,57,279
120900071,27,0,27
120900072,985,7,978
120900073,699,197,502
120900074,794,16,778
120900076,427,3,424
120900077,3108,445,2663
120900078,1042,595,447
120900079,1067,121,946
120900080,1145,1390,-245
120900081,1578,713,865
120900082,435,394,41
120900083,166,42,124
120900084,429,569,-140
120900085,116,158,-42
120900086,98,451,-353
120900087,672,451,221
120900088,260,547,-287
120900089,2785,3783,-998
120900090,426,102,324
120900091,793,1066,-273
120900092,1183,531,652
120900093,2125,212,1913
120900094,554,243,311
120900095,543,20,523
120900096,85,293,-208
120900097,880,755,125
120900098,278,201,77
120900099,162,113,49
120900100,119,250,-131
120900101,631,309,322
120900102,89,86,3
120900103,101,254,-153
120900104,28,56,-28
120900105,51,536,-485
120900106,1054,562,492
120900107,264,187,77
120900108,10,501,-491
120900109,57,623,-566
120900110,12,531,-519
120900111,203,375,-172
120900112,23,758,-735
120900113,14,751,-737
120900114,24,127,-103
120900115,228,303,-75
120900116,559,400,159
120900117,4,478,-474
120900118,21,593,-572
120900119,6330,4437,1893
120900120,85,444,-359
120900121,309,493,-184
120900122,721,444,277
120900123,11,363,-352
120900124,1,391,-390
120900125,4,549,-545
120900126,1599,944,655
120900127,22,465,-443
120900128,1059,1387,-328
120900129,66,263,-197
120900130,21,374,-353
120900131,109,142,-33
120900132,1327,254,1073
120900133,168,786,-618
120900134,694,463,231
120900135,10,545,-535
120900136,40,126,-86
120900137,372,120,252
120900138,23,259,-236
120900139,6,640,-634
120900140,6,199,-193
120900141,279,252,27
120900142,22,408,-386
120900143,3,793,-790
120900144,0,143,-143
120900145,194,709,-515
120900146,3,823,-820
120900147,3,597,-594
120900148,207,180,27
120900149,2,221,-219
120900150,57,443,-386
120900151,2,513,-511
120900152,9,47,-38
120900153,84,93,-9
120900154,0,176,-176
120900155,238,859,-621
120900156,61,227,-166
120900157,134,300,-166
120900158,79,544,-465
120900159,191,409,-218
120900160,22,539,-517
120900161,75,621,-546
120900162,139,740,-601
120900163,138,957,-819
120900164,0,37,-37
120900165,22,118,-96
120900166,211,816,-605
120900167,565,187,378
120900169,100,283,-183
120900170,943,3329,-2386
120900171,1106,288,818
120900172,614,1544,-930
120900173,0,48,-48
120900174,16,120,-104
120900175,302,196,106
120900176,23,443,-420
120900177,7,1570,-1563
120900178,0,627,-627
120900179,820,509,311
120900180,121,164,-43
120900181,129,55,74
120900182,56,328,-272
120900183,608,110,498
120900184,288,96,192
120900185,30,431,-401
120900186,0,307,-307
120900187,720,1149,-429
120900188,359,7,352
120900189,158,1986,-1828
120900190,160,12,148
120900191,29,29,0
120900192,8309,9960,-1651
120900194,95,102,-7
120900195,170,412,-242
120900196,995,39,956
120900197,903,142,761
120900198,221,510,-289
120900199,567,1708,-1141
120900200,84,165,-81
120900201,478,205,273
120900202,1,112,-111
120900203,44,102,-58
120900204,162,275,-113
120900205,76,67,9
120900206,32,87,-55
120900207,6,77,-71
121000001,809,1116,-307
121000002,2802,1448,1354
121000003,2944,2070,874
121000004,2797,3364,-567
121000005,1767,2944,-1177
121000006,3878,2071,1807
121000007,2581,3250,-669
121000008,5469,4557,912
121000009,6223,6685,-462
121000010,8924,7467,1457
121000011,10522,14531,-4009
121000012,19066,12588,6478
121000013,5627,7434,-1807
121000014,6364,5877,487
121000015,4434,7666,-3232
121000016,4448,3760,688
121000017,2489,3983,-1494
121000018,3471,2032,1439
121000019,15776,13416,2360
121000020,15792,19640,-3848
121000021,3033,3353,-320
121000022,3003,3859,-856
121000023,4031,3125,906
121000024,6025,5905,120
121000025,725,1647,-922
121000026,471,223,248
121000027,1855,1536,319
121000028,1205,664,541
121000029,1091,758,333
121000030,791,588,203
121000031,794,800,-6
121000032,322,153,169
121000034,391,245,146
121000035,133,194,-61
121000036,1152,971,181
121000037,695,648,47
121000038,607,1233,-626
121000039,408,718,-310
121000041,717,774,-57
121000042,377,435,-58
121000043,764,707,57
121000044,1668,1127,541
121000045,536,343,193
121000046,1012,1128,-116
121000047,66,195,-129
121000049,1553,725,828
121000050,443,1352,-909
121000051,683,353,330
121000052,549,739,-190
121000053,449,157,292
121000054,59,440,-381
121000055,1259,1474,-215
121000056,856,1217,-361
121000057,393,631,-238
121000058,502,269,233
121000059,2832,1706,1126
121000060,627,1147,-520
121000061,106,584,-478
121000062,202,424,-222
121000063,1117,924,193
121000064,1060,1085,-25
121000065,408,593,-185
121000066,847,844,3
121000067,671,872,-201
121000068,1004,729,275
121000069,1129,1508,-379
121000070,1910,1443,467
121000071,1662,1575,87
121000072,1548,911,637
121000073,1293,1184,109
121000074,144,153,-9
121000075,97,836,-739
121000076,1127,693,434
121000077,157,279,-122
121000078,119,181,-62
121000080,2076,827,1249
121000081,7314,3520,3794
121000082,148,334,-186
121000083,191,129,62
121000084,208,188,20
121000085,434,551,-117
121000086,346,734,-388
121000087,113,397,-284
121000088,641,766,-125
121000089,556,625,-69
121000090,680,580,100
121000091,1793,1395,398
121000092,253,119,134
121000093,226,303,-77
121000094,640,1002,-362
121000095,459,1059,-600
121000096,2831,2685,146
121000097,1112,2830,-1718
121000098,780,1336,-556
121000099,910,897,13
121000100,1116,481,635
121000101,603,334,269
121000102,387,325,62
121000103,337,335,2
121000104,361,185,176
121000105,568,248,320
121000106,434,457,-23
121000107,2198,3326,-1128
121000109,1252,1089,163
121000110,313,743,-430
121000114,3499,2325,1174
121000115,1213,660,553
121000116,243,813,-570
121000117,718,260,458
121000118,1608,274,1334
121000119,318,567,-249
121000120,428,516,-88
121000121,730,1673,-943
121000123,2017,996,1021
121000126,83,342,-259
121000127,268,122,146
121000128,1142,518,624
121000129,1245,680,565
121000130,708,1019,-311
121000131,2625,2362,263
121000132,1912,2353,-441
121000135,550,1104,-554
121000136,1400,1470,-70
121000137,678,421,257
121000138,975,1947,-972
121000139,462,718,-256
121000141,250,240,10
121000142,895,1159,-264
121000143,158,46,112
121000144,1292,2266,-974
121000145,647,1048,-401
121000146,1539,1201,338
121000147,1168,572,596
121000148,1079,1036,43
121000149,2655,1504,1151
121000152,516,523,-7
121000153,2011,742,1269
121000154,1235,680,555
121000155,2171,1097,1074
121000156,536,1143,-607
121000157,977,1764,-787
121000158,358,418,-60
121000159,222,358,-136
121000160,332,364,-32
121000161,282,380,-98
121000162,176,195,-19
121000165,1828,2332,-504
121000166,35,414,-379
121000168,468,277,191
121000169,78,140,-62
121000170,405,124,281
121000171,150,221,-71
121000172,833,667,166
121000173,1516,1443,73
121000174,429,513,-84
121000175,1195,460,735
121000176,419,365,54
121000177,877,701,176
121000178,141,58,83
121000179,77,58,19
121000181,517,497,20
121000182,168,300,-132
121000183,98,177,-79
121000184,136,170,-34
121000185,54,243,-189
121000186,285,956,-671
121000187,279,174,105
121000188,269,198,71
121000192,1189,518,671
121000193,829,618,211
121000194,2239,2465,-226
121000195,323,1013,-690
121000196,724,431,293
121000197,289,841,-552
121000198,208,173,35
121000199,164,337,-173
121000200,796,127,669
121000201,4,224,-220
121000202,1199,185,1014
121000203,956,1814,-858
121000204,3345,766,2579
121000205,142,252,-110
121000206,235,44,191
121000207,2372,461,1911
121000208,8,295,-287
121000209,477,238,239
121000210,784,352,432
121000211,348,126,222
121000212,519,592,-73
121000213,10388,3241,7147
121000214,1064,2229,-1165
121000215,1125,1145,-20
121000216,611,612,-1
121000217,4238,2540,1698
121000218,353,1621,-1268
121000219,1538,466,1072
121000220,178,63,115
121000221,129,294,-165
121000222,2331,2387,-56
121000223,374,458,-84
121000224,316,256,60
121000225,812,2162,-1350
121000226,2012,1230,782
121000227,20,138,-118
121000228,16,498,-482
121000229,435,336,99
121000230,72,1347,-1275
121000231,1362,45,1317
121000232,484,298,186
121000233,577,418,159
121000234,22,53,-31
121000235,99,95,4
121000236,21,48,-27
121000237,49,20,29
121000238,13,56,-43
121000239,52,8,44
121000240,13,165,-152
121000241,83,28,55
121000242,83,351,-268
121000243,546,183,363
121000244,20,92,-72
121000245,97,24,73
121000246,2,109,-107
121000247,133,11,122
121000248,1220,461,759
121000249,118,342,-224
121000250,634,264,370
121000251,24,298,-274
121000252,169,78,91
121000253,310,390,-80
121000254,719,185,534
121000255,127,286,-159
121000256,346,182,164
121000257,27,94,-67
121000258,102,78,24
121000259,62,67,-5
121000260,61,137,-76
121000261,95,79,16
121000262,1243,968,275
121000263,476,379,97
121000271,397,1528,-1131
121000273,53,14,39
121000274,12,44,-32
121000275,2,14,-12
121000276,13,16,-3
121000278,59,34,25
121000279,41,38,3
121000280,38,54,-16
121000289,236,31,205
121000290,1268,1071,197
121000294,229,141,88
121000297,851,1247,-396
121000299,127,751,-624
121000300,1067,602,465
121000302,59,1195,-1136
121000303,460,451,9
121000304,568,98,470
121000305,210,67,143
121000306,130,134,-4
121000308,163,350,-187
121000309,377,506,-129
121000310,112,400,-288
121000311,105,700,-595
121000312,559,375,184
121000313,384,577,-193
121000314,82,121,-39
121000315,68,147,-79
121000530,1927,1445,482
121000531,1871,1653,218
121000532,7156,8597,-1441
121000533,3944,4080,-136
121000918,42,127,-85
121000919,50,46,4
121000938,116,234,-118
121000939,138,305,-167
121000956,1779,999,780
121000957,6,16,-10
121000958,44,98,-54
121000959,935,679,256
121000960,1621,1843,-222
121000961,263,142,121
121000962,285,447,-162
121000973,3,223,-220
121000976,13,287,-274
121000979,620,207,413
121000981,422,268,154
121000982,371,169,202
121000983,473,339,134
121000984,33,101,-68
121000985,894,472,422
121000986,440,202,238
121000987,205,634,-429
121000988,923,106,817
121001302,266,129,137
121001308,2,14,-12
121001309,96,157,-61
121001313,198,181,17
121001314,1816,2713,-897
121001315,5239,2942,2297
121900001,127,192,-65
121900002,36,44,-8
121900003,504,50,454
121900004,96,487,-391
121900005,48,20,28
121900006,137,39,98
121900007,2464,2422,42
121900008,2983,1536,1447
121900009,906,19,887
121900010,265,4,261
121900011,377,579,-202
121900012,32,1,31
121900013,1167,136,1031
121900014,1443,367,1076
121900015,392,310,82
121900016,6,36,-30
121900017,652,522,130
121900018,393,13,380
121900019,602,280,322
121900020,21,6,15
121900021,1083,28,1055
121900022,351,274,77
121900023,250,440,-190
121900024,464,108,356
121900025,883,534,349
121900026,406,67,339
121900027,589,254,335
121900028,341,40,301
121900029,131,224,-93
121900030,579,584,-5
121900031,1095,7235,-6140
121900032,107,106,1
121900033,229,310,-81
121900034,339,92,247
121900035,3941,2844,1097
121900036,150,389,-239
121900037,300,1452,-1152
121900038,51,188,-137
121900039,368,75,293
121900040,144,162,-18
121900041,167,241,-74
121900042,496,177,319
121900043,0,6,-6
121900044,189,61,128
121900046,329,482,-153
121900047,344,79,265
121900048,100,105,-5
121900050,39,84,-45
121900051,266,195,71
121900052,239,47,192
121900053,635,369,266
121900054,497,1089,-592
121900055,2,24,-22
121900058,246,160,86
121900059,565,246,319
121900060,182,379,-197
121900061,266,251,15
121900062,265,185,80
121900063,1989,607,1382
121900064,347,679,-332
121900066,90,43,47
121900067,57,45,12
121900069,195,190,5
121900070,330,187,143
121900071,470,272,198
121900072,65,114,-49
121900073,328,272,56
121900074,1029,1305,-276
121900075,487,618,-131
121900076,562,685,-123
121900077,52,33,19
121900078,117,60,57
121900079,0,0,0
121900080,1052,547,505
121900082,103,94,9
121900084,35,96,-61
121900085,2,14,-12
121900086,19,73,-54
121900087,207,158,49
121900088,2618,4166,-1548
121900089,298,345,-47
121900090,59,118,-59
121900091,107,112,-5
121900092,107,182,-75
121900093,116,104,12
121900094,18,7,11
121900095,379,191,188
121900096,1650,1172,478
121900097,753,265,488
121900098,15,15,0
121900099,300,89,211
121900100,253,613,-360
121900101,225,190,35
121900102,8,211,-203
121900103,642,358,284
121900104,1778,316,1462
121900105,404,295,109
121900106,13,14,-1
121900107,77,46,31
121900108,2,29,-27
121900109,335,181,154
121900110,637,829,-192
121900111,663,374,289
121900112,192,217,-25
121900113,89,599,-510
121900114,118,64,54
121900117,342,322,20
121900118,2022,673,1349
121900119,243,129,114
121900120,100,1348,-1248
121900121,584,71,513
121900122,43,103,-60
121900123,320,481,-161
121900124,214,190,24
121900125,3334,1099,2235
121900127,16,142,-126
121900128,114,88,26
121900129,707,279,428
121900130,139,272,-133
121900131,331,118,213
121900132,88,140,-52
121900133,88,1144,-1056
121900134,66,338,-272
121900135,4386,569,3817
121900136,502,369,133
121900137,80,426,-346
121900138,117,235,-118
121900139,390,848,-458
121900140,73,193,-120
121900141,71,86,-15
121900142,211,147,64
121900143,39,199,-160
121900144,196,331,-135
121900145,337,450,-113
121900146,777,879,-102
121900147,61,227,-166
121900148,241,400,-159
121900149,499,573,-74
121900150,65,182,-117
121900151,137,238,-101
121900152,125,146,-21
121900153,122,960,-838
121900154,35,249,-214
121900155,9,382,-373
121900156,274,194,80
121900157,1,384,-383
121900158,116,153,-37
121900159,1,261,-260
121900160,99,346,-247
121900161,394,422,-28
121900162,128,241,-113
121900163,276,415,-139
121900164,399,297,102
121900165,231,201,30
121900166,220,183,37
121900167,125,145,-20
121900168,141,231,-90
121900169,11,208,-197
121900170,15,224,-209
121900171,967,785,182
121900172,632,282,350
121900173,1018,315,703
121900174,73,93,-20
121900175,250,344,-94
121900176,650,1387,-737
121900177,231,143,88
121900178,50,60,-10
121900179,502,271,231
121900180,3647,5558,-1911
121900182,767,468,299
121900183,605,1633,-1028
121900184,95,867,-772
121900186,13,420,-407
121900187,45,212,-167
121900188,759,388,371
121900189,52,173,-121
121900190,289,498,-209
121900191,156,223,-67
121900192,412,1024,-612
121900193,78,182,-104
121900194,16,373,-357
121900195,95,139,-44
121900196,998,1053,-55
121900197,386,1419,-1033
121900198,1440,1213,227
121900199,6,42,-36
121900200,119,251,-132
121900201,1036,1056,-20
121900202,145,871,-726
121900203,348,1531,-1183
121900204,854,1300,-446
121900205,22,111,-89
121900206,33,66,-33
121900207,160,51,109
121900208,154,355,-201
121900209,104,70,34
121900210,1943,1288,655
121900211,34,108,-74
121900212,153,155,-2
121900213,282,94,188
121900214,31,541,-510
121900215,58,177,-119
121900216,37,375,-338
121900217,361,220,141
121900218,250,456,-206
121900220,201,17,184
121900221,312,661,-349
121900222,228,159,69
121900223,252,83,169
121900224,147,56,91
121900225,122,137,-15
121900226,442,1661,-1219
121900227,324,697,-373
121900228,213,316,-103
121900230,103,707,-604
121900231,621,4233,-3612
121900232,321,430,-109
121900233,241,284,-43
121900234,399,296,103
121900235,676,179,497
121900236,397,247,150
121900237,250,412,-162
121900238,209,300,-91
121900239,308,82,226
121900240,399,223,176
121900241,82,99,-17
121900242,15,1,14
121900243,29,1,28
121900244,49,3,46
121900245,251,78,173
121900246,2977,459,2518
121900247,408,295,113
121900248,1608,1660,-52
121900250,315,328,-13
121900251,697,74,623
121900252,707,160,547
121900253,142,845,-703
121900254,430,325,105
121900255,572,130,442
121900258,4304,2315,1989
121900259,382,587,-205
121900260,231,186,45
121900261,204,639,-435
121900262,517,982,-465
121900263,376,254,122
121900264,1772,1600,172
121900265,418,231,187
121900266,628,167,461
121900267,83,49,34
121900269,305,751,-446
121900270,66,230,-164
121900271,75,166,-91
121900273,573,2001,-1428
121900274,397,294,103
121900277,664,1426,-762
121900278,132,1041,-909
121900279,165,206,-41
121900280,182,493,-311
121900281,738,1008,-270
121900284,190,25,165
121900286,187,98,89
121900287,11,25,-14
121900288,6,1,5
121900290,323,506,-183
121900291,383,778,-395
121900292,227,200,27
121900293,1030,2741,-1711
121900294,377,5,372
121900295,206,239,-33
121900296,71,338,-267
121900298,399,1007,-608
121900299,0,11,-11
121900300,121,4,117
121900301,78,9,69
121900302,9,47,-38
121900303,304,589,-285
121900304,4,24,-20
121900305,5,17,-12
121900306,296,5,291
121900307,93,20,73
121900308,42,273,-231
121900309,16,203,-187
121900310,18,395,-377
121900311,573,33,540
121900312,419,26,393
121900313,439,25,414
121900314,9,69,-60
121900315,33,0,33
121900316,0,7,-7
121900317,51,8,43
121900318,1,11,-10
121900319,81,213,-132
121900320,72,65,7
121900321,34,14,20
121900322,9,12,-3
121900323,26,35,-9
121900324,8,47,-39
121900325,27,2,25
121900326,6,24,-18
121900327,13,39,-26
121900328,1,36,-35
121900329,0,125,-125
121900330,0,24,-24
121900331,207,109,98
121900332,125,50,75
121900333,23,3,20
122000001,2373,5664,-3291
122000002,4037,1801,2236
122000003,2103,3175,-1072
122000004,3072,1864,1208
122000005,2834,2309,525
122000006,1777,1205,572
122000007,1055,1950,-895
122000008,3351,5254,-1903
122000009,508,513,-5
122000010,2399,3154,-755
122000011,3646,1843,1803
122000012,1060,1988,-928
122000013,1222,1120,102
122000014,1973,1121,852
122000015,1636,1162,474
122000016,614,919,-305
122000017,1410,1205,205
122000018,1628,1663,-35
122000019,907,1272,-365
122000020,259,304,-45
122000021,340,582,-242
122000022,1409,1239,170
122000023,754,1865,-1111
122000024,712,1469,-757
122000025,940,2119,-1179
122000026,985,1536,-551
122000027,661,1854,-1193
122000028,1055,525,530
122000029,589,573,16
122000030,237,189,48
122000031,181,331,-150
122000032,2018,1860,158
122000033,662,1574,-912
122000034,704,709,-5
122000035,371,793,-422
122000036,676,600,76
122000037,465,296,169
122000038,275,425,-150
122000039,652,447,205
122000040,279,311,-32
122000041,608,646,-38
122000042,397,400,-3
122000043,140,130,10
122000044,148,146,2
122000045,1297,575,722
122000046,919,779,140
122000047,258,253,5
122000048,3876,4938,-1062
122000049,6251,3978,2273
122000050,1507,913,594
122000051,316,372,-56
122000052,597,515,82
122000053,200,948,-748
122000054,2710,2236,474
122000055,2467,3692,-1225
122000056,4691,3629,1062
122000057,3513,4234,-721
122000058,2328,1948,380
122000059,2587,2495,92
122000060,563,963,-400
122000061,527,805,-278
122000062,710,364,346
122000063,1154,791,363
122000064,3283,3899,-616
122000065,3393,2873,520
122000066,970,1173,-203
122000067,1728,1364,364
122000068,1970,1189,781
122000069,776,747,29
122000070,969,1514,-545
122000071,2294,1387,907
122000072,494,563,-69
122000073,404,989,-585
122000074,3046,1901,1145
122000075,1034,1387,-353
122000076,3429,1451,1978
122000077,1029,1078,-49
122000078,1803,3366,-1563
122000079,861,1601,-740
122000080,724,417,307
122000081,201,267,-66
122000082,557,1130,-573
122000083,2050,1698,352
122000084,1882,1110,772
122000085,318,1185,-867
122000086,2794,6270,-3476
122000087,566,376,190
122000088,454,658,-204
122000089,5325,2929,2396
122000090,287,564,-277
122000091,178,115,63
122000092,125,51,74
122000093,1847,2842,-995
122000094,5671,3669,2002
122000095,2519,5261,-2742
122000096,2367,2221,146
122000098,3398,3101,297
122000099,1632,956,676
122000100,925,716,209
122000101,489,782,-293
122000102,2463,1322,1141
122000103,2280,1770,510
122000104,554,262,292
122000105,685,348,337
122000106,657,686,-29
122000107,1179,568,611
122000108,600,841,-241
122000109,607,346,261
122000110,668,669,-1
122000111,3104,1578,1526
122000112,1125,1535,-410
122000113,794,737,57
122000114,3132,1652,1480
122000115,2259,1393,866
122000116,644,794,-150
122000117,1688,609,1079
122000118,819,1094,-275
122000119,5179,3854,1325
122000120,3125,7545,-4420
122000121,3618,4418,-800
122000122,894,2087,-1193
122000123,2475,2337,138
122000124,1590,832,758
122000125,808,900,-92
122000126,773,1477,-704
122000127,1368,1622,-254
122000128,584,951,-367
122000129,554,1894,-1340
122000130,4524,2028,2496
122000131,2772,1949,823
122000132,955,943,12
122000133,1207,1514,-307
122000134,1287,1015,272
122000135,772,869,-97
122000136,1140,784,356
122000137,2545,1092,1453
122000139,1193,4676,-3483
122000140,772,745,27
122000141,4951,1480,3471
122000142,362,1252,-890
122000143,826,1030,-204
122000144,2251,2070,181
122000145,1817,1170,647
122000146,942,2162,-1220
122000147,799,738,61
122000148,1559,2808,-1249
122000149,2752,2149,603
122000150,1494,1663,-169
122000151,265,569,-304
122000152,518,495,23
122000153,618,453,165
122000154,374,334,40
122000155,1741,3276,-1535
122000156,2936,3344,-408
122000157,1310,3147,-1837
122000158,453,973,-520
122000159,1209,2562,-1353
122000160,6650,4234,2416
122000161,1935,1937,-2
122000162,2885,2522,363
122000163,348,115,233
122000164,52,120,-68
122000165,987,754,233
122000166,796,1366,-570
122000167,306,311,-5
122000168,273,580,-307
122000169,305,212,93
122000170,461,293,168
122000171,49,136,-87
122000172,2152,1514,638
122000173,1837,2562,-725
122000174,2526,1276,1250
122000175,957,297,660
122000176,391,878,-487
122000177,1741,1659,82
122000178,3278,2775,503
122000179,1967,2731,-764
122000180,1939,1586,353
122000181,1883,3432,-1549
122000182,2390,2176,214
122000183,2523,1329,1194
122000184,3664,3132,532
122000185,1802,2135,-333
122000186,489,883,-394
122000187,2204,1075,1129
122000188,597,271,326
122000189,340,391,-51
122000190,990,1384,-394
122000191,966,898,68
122000192,1235,447,788
122000193,584,952,-368
122000194,493,190,303
122000195,181,500,-319
122000196,1578,777,801
122000197,627,919,-292
122000198,565,1077,-512
122000199,394,402,-8
122000200,992,695,297
122000201,1474,1895,-421
122000202,1396,1820,-424
122000203,3457,1840,1617
122000204,2067,2199,-132
122000205,1644,1742,-98
122000206,2722,1433,1289
122000207,2008,2014,-6
122000208,2385,1606,779
122000209,2032,394,1638
122000210,2690,2005,685
122000211,1678,1642,36
122000212,1046,661,385
122000213,1157,1510,-353
122000214,2512,1869,643
122000215,2659,1732,927
122000217,2093,1667,426
122000218,788,75,713
122000219,1258,1048,210
122000220,471,784,-313
122000221,82,487,-405
122000222,620,171,449
122000223,1557,661,896
122000225,900,414,486
122000226,2131,1993,138
122000227,371,2606,-2235
122000228,510,479,31
122000229,41,576,-535
122000230,103,529,-426
122000231,428,900,-472
122000232,752,999,-247
122000233,0,120,-120
122000234,425,71,354
122000235,485,159,326
122000236,1625,147,1478
122000237,205,131,74
122000238,475,436,39
122000239,820,213,607
122000240,1515,710,805
122000241,2188,646,1542
122000242,1139,222,917
122000243,25,38,-13
122000244,11,347,-336
122000245,21,88,-67
122000246,24,138,-114
122000247,678,345,333
122000248,1168,1847,-679
122000249,1279,1087,192
122000250,3123,1171,1952
122000251,284,484,-200
122000252,609,211,398
122000253,75,316,-241
122000254,327,117,210
122000255,940,1629,-689
122000256,358,867,-509
122000257,203,320,-117
122000258,385,233,152
122000259,15,453,-438
122000260,1,59,-58
122000261,22,229,-207
122000262,1,42,-41
122000263,673,186,487
122000264,2008,374,1634
122000265,2786,1098,1688
122000266,4427,733,3694
122000267,160,168,-8
122000268,198,403,-205
122000269,1194,353,841
122000270,551,199,352
122000271,332,1041,-709
122000272,471,899,-428
122000273,569,462,107
122000274,310,232,78
122000275,97,260,-163
122000276,986,636,350
122000277,1543,1721,-178
122000278,2186,640,1546
122000279,298,542,-244
122000280,930,793,137
122000281,976,729,247
122000282,197,545,-348
122000283,252,210,42
122000284,237,94,143
122000285,264,107,157
122000286,61,203,-142
122000287,1445,1261,184
122000288,585,272,313
122000291,2639,866,1773
122000293,305,302,3
122000294,172,308,-136
122000295,1267,211,1056
122000296,22,494,-472
122000297,2757,3552,-795
122000299,755,446,309
122000300,568,652,-84
122000301,8270,3595,4675
122000302,676,1764,-1088
122000303,2785,1334,1451
122000304,98,261,-163
122000305,1422,290,1132
122000306,62,507,-445
122000307,115,98,17
122000309,49,34,15
122000310,17,112,-95
122000311,169,160,9
122000312,147,180,-33
122000313,116,87,29
122000314,138,210,-72
122000315,268,48,220
122000316,858,223,635
122000317,1737,330,1407
122000318,374,954,-580
122000319,268,424,-156
122000320,320,1015,-695
122000321,122,159,-37
122000322,2068,2287,-219
122000323,1293,2449,-1156
122000324,1320,1448,-128
122000325,954,2220,-1266
122000326,150,84,66
122000327,802,1138,-336
122000328,1118,871,247
122000330,2730,1331,1399
122000332,211,392,-181
122000333,14,83,-69
122000337,1285,1347,-62
122000338,674,457,217
122000340,353,686,-333
122000342,1705,1118,587
122000343,555,1082,-527
122000344,83,20,63
122000345,51,27,24
122000346,420,450,-30
122000348,943,821,122
122000349,178,1069,-891
122000351,178,201,-23
122000352,293,200,93
122000353,142,59,83
122000355,137,422,-285
122000356,1184,1411,-227
122000357,126,39,87
122000358,1,47,-46
122000359,0,32,-32
122000360,0,45,-45
122000362,22,69,-47
122000364,275,359,-84
122000365,2,58,-56
122000366,14,14,0
122000368,477,791,-314
122000370,35,61,-26
122000371,28,0,28
122000372,19,4,15
122000381,183,358,-175
122000382,98,234,-136
122000384,2436,1203,1233
122000385,95,0,95
122000386,334,1817,-1483
122000387,576,791,-215
122000388,1876,799,1077
122000389,201,826,-625
122000390,426,309,117
122000391,399,294,105
122000392,198,226,-28
122000393,54,156,-102
122000394,662,279,383
122000395,133,119,14
122000396,308,114,194
122000397,20,46,-26
122000398,13,69,-56
122000399,197,107,90
122000400,136,739,-603
122000401,165,82,83
122000402,394,139,255
122000403,492,663,-171
122000404,230,207,23
122000408,918,1354,-436
122000503,20,110,-90
122000524,217,219,-2
122000544,108,2213,-2105
122000616,385,3,382
122000640,118,143,-25
122000641,149,285,-136
122000642,1162,939,223
122000643,52,213,-161
122000644,171,56,115
122000645,144,159,-15
122000651,1226,1030,196
122000664,114,49,65
122000665,1485,657,828
122000666,902,1370,-468
122000673,31,187,-156
122000674,217,63,154
122000675,1779,797,982
122000686,475,1006,-531
122000687,1574,315,1259
122000688,366,509,-143
122000689,1078,384,694
122000690,2330,454,1876
122000691,883,1421,-538
122000692,1803,543,1260
122000693,498,1785,-1287
122000695,380,361,19
122000696,494,233,261
122000698,433,478,-45
122000699,181,123,58
122000701,1603,307,1296
122000702,544,977,-433
122000703,199,85,114
122000717,86,78,8
122000718,420,819,-399
122000719,120,86,34
122000720,616,181,435
122000724,125,53,72
122900001,99,10,89
122900002,1199,5930,-4731
122900003,506,61,445
122900004,2468,120,2348
122900005,146,209,-63
122900006,792,1414,-622
122900007,157,102,55
122900008,514,308,206
122900009,981,723,258
122900010,284,131,153
122900012,303,600,-297
122900014,180,282,-102
122900015,1865,1686,179
122900016,165,277,-112
122900017,431,1286,-855
122900018,237,40,197
122900019,31,124,-93
122900020,154,500,-346
122900021,60,423,-363
122900022,1180,815,365
122900023,725,271,454
122900024,222,118,104
122900025,9,423,-414
122900026,59,362,-303
122900027,94,557,-463
122900028,119,212,-93
122900029,4362,3183,1179
122900030,1068,742,326
122900031,48,344,-296
122900032,184,408,-224
122900033,226,170,56
122900034,4335,5355,-1020
122900035,65,47,18
122900036,62,92,-30
122900037,385,142,243
122900038,119,3466,-3347
122900039,146,738,-592
122900040,263,602,-339
122900041,328,451,-123
122900042,265,360,-95
122900043,417,254,163
122900044,123,388,-265
122900045,114,150,-36
122900046,212,439,-227
122900047,134,266,-132
122900048,71,252,-181
122900049,1389,193,1196
122900051,138,169,-31
122900052,130,149,-19
122900053,51,51,0
122900055,362,124,238
122900057,292,75,217
122900061,537,286,251
122900062,627,776,-149
122900063,187,307,-120
122900064,818,492,326
122900065,709,319,390
122900066,913,369,544
122900067,1174,751,423
122900068,159,380,-221
122900069,357,1721,-1364
122900070,353,63,290
122900071,129,297,-168
122900072,22,406,-384
122900073,32,198,-166
122900074,1257,509,748
122900075,0,54,-54
122900076,12,191,-179
122900077,6,121,-115
122900078,234,56,178
122900080,55,40,15
122900081,254,202,52
122900082,1037,270,767
122900083,198,173,25
122900084,18,248,-230
122900086,22,112,-90
122900087,379,486,-107
122900088,66,305,-239
122900089,78,313,-235
122900090,13,355,-342
122900091,379,1,378
122900092,0,203,-203
122900093,0,214,-214
122900094,2,250,-248
122900095,267,14,253
122900096,399,130,269
122900097,39,48,-9
122900098,47,155,-108
122900099,73,20,53
122900100,322,508,-186
122900101,803,370,433
122900102,22,49,-27
122900103,186,32,154
122900104,333,19,314
122900105,42,15,27
122900106,6,73,-67
122900107,5,171,-166
122900108,2,138,-136
123000001,1074,484,590
123000002,3233,5485,-2252
123000003,4346,4268,78
123000004,3143,3949,-806
123000005,2807,2801,6
123000006,2265,2338,-73
123000007,4478,2805,1673
123000008,2666,3051,-385
123000009,4334,2743,1591
123000010,3104,3100,4
123000011,1941,845,1096
123000012,670,2091,-1421
123000013,3684,891,2793
123000014,737,3386,-2649
123000015,3102,1237,1865
123000016,3816,4550,-734
123000017,3917,2018,1899
123000018,144,115,29
123000019,556,185,371
123000020,342,69,273
123000021,224,211,13
123000022,477,1756,-1279
123000023,1890,2068,-178
123000024,1608,743,865
123000025,71,138,-67
123000026,5,115,-110
123000027,111,894,-783
123000028,1409,1496,-87
123000029,659,1852,-1193
123000030,319,279,40
123000031,512,333,179
123000032,659,173,486
123000033,236,71,165
123000034,1266,798,468
123000035,579,441,138
123000036,292,1028,-736
123000037,308,284,24
123000038,61,232,-171
123000039,515,1704,-1189
123000040,763,385,378
123000041,1257,1346,-89
123000042,695,709,-14
123000043,2925,11956,-9031
123000044,4298,3062,1236
123000045,6799,3538,3261
123000046,729,1873,-1144
123000047,1711,1210,501
123000048,152,1096,-944
123000049,6681,11488,-4807
123000050,1992,1829,163
123000051,147,262,-115
123000052,929,4069,-3140
123000053,3275,3644,-369
123000054,2037,1961,76
123000055,1798,3395,-1597
123000056,1179,1877,-698
123000057,9916,8518,1398
123000058,722,1253,-531
123000059,553,599,-46
123000060,1311,551,760
123000061,307,749,-442
123000063,1105,1068,37
123000064,1393,351,1042
123000065,4839,3151,1688
123000066,831,703,128
123000067,1200,656,544
123000068,2902,3075,-173
123000069,7226,3588,3638
123000070,331,678,-347
123000071,1538,974,564
123000072,1381,957,424
123000073,1726,769,957
123000074,1292,1077,215
123000075,637,1450,-813
123000076,1001,821,180
123000077,2308,2368,-60
123000078,2075,1522,553
123000079,2082,1919,163
123000080,2646,1630,1016
123000081,248,417,-169
123000082,489,1207,-718
123000083,1226,381,845
123000084,747,524,223
123000085,448,110,338
123000086,802,194,608
123000087,406,314,92
123000088,1410,820,590
123000089,666,967,-301
123000090,1328,940,388
123000091,1536,1273,263
123000092,1104,1204,-100
123000094,736,273,463
123000095,695,628,67
123000096,934,420,514
123000097,631,773,-142
123000098,1041,675,366
123000099,835,780,55
123000100,546,833,-287
123000101,591,784,-193
123000102,644,863,-219
123000104,580,618,-38
123000105,731,628,103
123000106,611,562,49
123000107,500,540,-40
123000108,683,1225,-542
123000111,1090,384,706
123000112,1712,603,1109
123000113,581,1172,-591
123000114,379,637,-258
123000115,424,353,71
123000116,48,132,-84
123000117,1927,1872,55
123000118,583,837,-254
123000119,259,859,-600
123000120,404,766,-362
123000121,586,522,64
123000122,338,280,58
123000123,491,544,-53
123000124,473,446,27
123000125,1394,1459,-65
123000126,1313,4949,-3636
123000127,669,614,55
123000128,353,270,83
123000129,1118,261,857
123000130,786,116,670
123000131,1190,792,398
123000132,404,587,-183
123000133,316,394,-78
123000134,386,207,179
123000135,2944,1316,1628
123000136,294,685,-391
123000137,151,293,-142
123000138,142,451,-309
123000139,755,142,613
123000140,162,860,-698
123000141,1057,199,858
123000142,1154,1068,86
123000143,917,1623,-706
123000144,35,45,-10
123000145,199,210,-11
123000146,49,96,-47
123000147,97,98,-1
123000149,389,463,-74
123000150,152,309,-157
123000151,232,524,-292
123000152,124,459,-335
123000153,163,871,-708
123000154,1825,2385,-560
123000155,2328,1395,933
123000156,44,139,-95
123000157,696,1022,-326
123000158,726,925,-199
123000159,3672,3198,474
123000160,1189,1005,184
123000161,2012,1425,587
123000162,1355,1750,-395
123000163,755,192,563
123000164,1890,382,1508
123000165,427,1421,-994
123000166,47,159,-112
123000167,232,301,-69
123000168,357,239,118
123000169,973,187,786
123000170,104,155,-51
123000171,1003,22,981
123000172,208,571,-363
123000173,859,406,453
123000174,1411,542,869
123000175,644,1177,-533
123000176,1494,376,1118
123000177,306,1120,-814
123000178,895,208,687
123000179,66,563,-497
123000180,1777,379,1398
123000181,369,1198,-829
123000182,253,426,-173
123000183,220,592,-372
123000184,118,620,-502
123000185,996,335,661
123000186,5,515,-510
123000187,717,9,708
123000188,267,4,263
123000189,273,180,93
123000190,114,89,25
123000192,42,422,-380
123000193,90,743,-653
123000194,507,348,159
123000195,477,51,426
123000196,465,35,430
123000197,76,155,-79
123000198,47,488,-441
123000199,15,726,-711
123000200,769,14,755
123000201,1361,27,1334
123000202,39,930,-891
123000203,1157,103,1054
123000204,81,997,-916
123000205,577,1406,-829
123000206,2637,306,2331
123000207,105,786,-681
123000208,680,221,459
123000209,2652,743,1909
123000210,479,1754,-1275
123000211,697,2218,-1521
123000212,3717,698,3019
123000213,794,128,666
123000215,92,224,-132
123000216,207,791,-584
123000217,345,43,302
123000218,77,836,-759
123000219,771,80,691
123000220,708,168,540
123000221,198,136,62
123000222,659,434,225
123000223,566,323,243
123000224,538,424,114
123000225,403,70,333
123000226,107,429,-322
123000227,109,337,-228
123000228,425,89,336
123000229,864,1422,-558
123000232,139,554,-415
123000233,954,187,767
123000234,205,643,-438
123000235,1513,355,1158
123000236,377,788,-411
123000237,454,141,313
123000238,101,518,-417
123000239,555,1313,-758
123000240,89,562,-473
123000241,490,109,381
123000242,310,257,53
123000243,654,813,-159
123000244,864,674,190
123000245,67,133,-66
123000249,424,429,-5
123000252,1183,388,795
123000253,1453,693,760
123000254,818,992,-174
123000255,1384,1021,363
123000256,22,300,-278
123000257,2704,1948,756
123000258,1002,849,153
123000259,455,480,-25
123000260,585,432,153
123000261,319,191,128
123000262,117,189,-72
123000263,552,133,419
123000264,293,138,155
123000265,69,161,-92
123000266,730,724,6
123000267,931,407,524
123000268,95,93,2
123000269,71,125,-54
123000270,44,63,-19
123000271,78,87,-9
123000272,796,327,469
123000273,317,682,-365
123000274,1241,715,526
123000275,392,834,-442
123000278,2804,2575,229
123000279,144,96,48
123000280,324,377,-53
123000281,342,118,224
123000282,151,357,-206
123000283,165,60,105
123000284,72,102,-30
123000286,278,446,-168
123000287,496,349,147
123000288,1655,1233,422
123000289,468,1431,-963
123000291,327,929,-602
123000294,171,262,-91
123000295,915,934,-19
123000296,608,382,226
123000297,829,487,342
123000298,779,469,310
123000299,69,180,-111
123000300,1239,990,249
123000301,179,326,-147
123000302,197,177,20
123000303,187,319,-132
123000305,932,915,17
123000306,203,132,71
123000309,49,63,-14
123000310,61,51,10
123000311,0,40,-40
123000312,429,646,-217
123000313,612,286,326
123000315,430,352,78
123000316,875,75,800
123000317,201,94,107
123000318,70,180,-110
123000329,11,21,-10
123000337,950,330,620
123000338,434,117,317
123000339,366,98,268
123000340,153,307,-154
123000342,11,13,-2
123000343,64,14,50
123000344,1233,492,741
123000345,388,768,-380
123000346,437,31,406
123000352,1374,902,472
123000353,29,66,-37
123000354,236,5,231
123000355,1,258,-257
123000356,482,17,465
123000357,1,142,-141
123000359,4,195,-191
123000360,272,82,190
123000361,263,293,-30
123000362,546,109,437
123000363,151,202,-51
123000364,661,622,39
123000365,19,434,-415
123000366,465,2416,-1951
123000367,356,998,-642
123000370,56,351,-295
123000371,735,62,673
123000372,482,37,445
123000373,22,431,-409
123000374,9,230,-221
123000375,433,45,388
123000376,1100,772,328
123000377,540,23,517
123000378,16,296,-280
123000379,7,229,-222
123000380,72,420,-348
123000381,157,68,89
123000382,958,168,790
123000383,217,1402,-1185
123000384,473,124,349
123000385,187,585,-398
123000436,46,1020,-974
123000507,115,307,-192
123000508,168,1155,-987
123000517,312,50,262
123000518,19,246,-227
123000519,220,78,142
123000520,97,248,-151
123000521,410,124,286
123000522,174,361,-187
123000541,15,4,11
123000542,0,21,-21
123000565,0,1,-1
123000566,1293,527,766
123000567,113,192,-79
123000573,40,604,-564
123000574,793,97,696
123000575,1588,972,616
123000576,1236,1162,74
123000577,78,699,-621
123000578,531,101,430
123000579,1745,5933,-4188
123000580,84,43,41
123000582,738,47,691
123000583,28,365,-337
123000584,220,422,-202
123000585,0,75,-75
123000586,92,1,91
123000596,80,112,-32
123000597,55,159,-104
123000602,77,10,67
123000603,979,474,505
123000604,604,566,38
123000605,738,108,630
123000606,1,398,-397
123000609,14,280,-266
123000610,259,136,123
123000613,29,248,-219
123000614,297,78,219
123000615,45,87,-42
123000616,999,74,925
123000617,158,296,-138
123000618,126,618,-492
123000619,663,79,584
123000620,29,380,-351
123000622,534,25,509
123000624,223,56,167
123000630,1180,490,690
123000631,258,779,-521
123000632,740,653,87
123000633,0,136,-136
123000634,98,220,-122
123000635,130,155,-25
123000636,40,483,-443
123000637,190,62,128
123000638,571,56,515
123000639,1019,4837,-3818
123000640,13,599,-586
123900001,1265,80,1185
123900002,43,1438,-1395
123900003,207,389,-182
123900005,237,194,43
123900006,293,44,249
124000001,2191,216,1975
124000002,104,1604,-1500
124000003,1224,150,1074
124000004,103,484,-381
124000005,1236,461,775
124000006,240,949,-709
124000007,395,124,271
124000008,14,461,-447
124000009,741,222,519
124000010,311,405,-94
124000011,948,354,594
124000012,327,481,-154
124000017,218,103,115
124000018,123,79,44
124000019,217,120,97
124000020,61,158,-97
124000021,143,101,42
124000022,108,173,-65
124000023,1341,1739,-398
124000024,967,451,516
124000025,1189,2088,-899
124000026,1113,1055,58
124000027,4765,5556,-791
124000028,2104,4100,-1996
124000030,2485,1494,991
124000031,1153,3434,-2281
124000032,1998,814,1184
124000033,7,219,-212
124000034,873,545,328
124000035,39,376,-337
124000036,56,184,-128
124000037,749,1423,-674
124000038,64,142,-78
124000039,1117,530,587
124000040,569,1476,-907
124000041,559,87,472
124000042,107,502,-395
124000043,114,91,23
124000044,91,229,-138
124000045,1001,629,372
124000046,396,591,-195
124000047,2062,897,1165
124000048,1308,1259,49
124000049,2088,646,1442
124000050,1008,1614,-606
124000051,1314,548,766
124000052,725,894,-169
124000053,655,1733,-1078
124000054,930,475,455
124000055,1521,2999,-1478
124000056,2204,1233,971
124000057,1275,700,575
124000058,542,1038,-496
124000059,979,1609,-630
124000060,1210,666,544
124000061,1619,6239,-4620
124000062,3374,1807,1567
124000063,1250,1474,-224
124000064,1927,1289,638
124000065,11,364,-353
124000066,224,710,-486
124000067,231,168,63
124000068,26,13,13
124000069,173,19,154
124000070,67,95,-28
124000071,216,57,159
124000072,219,476,-257
124000073,1252,132,1120
124000074,217,765,-548
124000075,575,34,541
124000076,28,170,-142
124000077,1326,1403,-77
124000078,2776,1516,1260
124000079,359,2002,-1643
124000080,620,203,417
124000081,248,589,-341
124000082,97,171,-74
124000083,62,87,-25
124000084,98,487,-389
124000085,86,68,18
124000086,67,137,-70
124000087,209,157,52
124000088,405,653,-248
124000089,1100,317,783
124000090,164,434,-270
124000091,609,138,471
124000092,170,642,-472
124000093,150,103,47
124000094,215,587,-372
124000095,168,89,79
124000096,243,251,-8
124000097,158,129,29
124000098,53,61,-8
124000099,342,161,181
124000100,115,166,-51
124000101,99,131,-32
124000102,116,73,43
124000103,157,132,25
124000104,93,52,41
124000105,114,122,-8
124000106,150,49,101
124000107,31,228,-197
124000108,75,27,48
124000109,220,113,107
124000110,167,109,58
124000111,258,150,108
124000112,745,598,147
124000113,134,151,-17
124000114,382,441,-59
124000115,433,700,-267
124000116,135,226,-91
124000117,64,98,-34
124000118,49,170,-121
124000119,1077,773,304
124000120,804,584,220
124000121,1487,758,729
124000122,785,1586,-801
124000123,1152,538,614
124000124,457,1199,-742
124000125,542,653,-111
124000126,428,660,-232
124000127,1079,479,600
124000128,774,1046,-272
124000129,2412,1651,761
124000130,985,620,365
124000131,974,801,173
124000132,1029,718,311
124000133,1141,1033,108
124000134,1237,576,661
124000135,2100,2043,57
124000136,990,939,51
124000137,1564,1178,386
124000138,1875,1470,405
124000139,773,47,726
124000140,47,455,-408
124000141,123,12,111
124000142,11,186,-175
124000143,89,31,58
124000144,11,46,-35
124000145,175,42,133
124000146,39,77,-38
124000148,22,124,-102
124000149,1436,553,883
124000150,356,814,-458
124000151,1077,440,637
124000152,934,1373,-439
124000153,1057,889,168
124000154,564,908,-344
124000155,1735,1049,686
124000156,1790,1328,462
124000169,255,595,-340
124000170,633,608,25
124000171,438,340,98
124000172,523,606,-83
124000173,698,283,415
124000174,464,728,-264
124000175,17,127,-110
124000176,76,29,47
124000177,15,46,-31
124000178,71,103,-32
124000190,96,118,-22
124000191,126,186,-60
124000192,1400,370,1030
124000193,357,944,-587
124000194,403,433,-30
124000195,359,572,-213
124000196,1006,875,131
124000197,48,70,-22
124000198,55,129,-74
124000201,377,901,-524
124000202,667,491,176
124000203,451,461,-10
124000204,1170,297,873
124000205,115,376,-261
124000206,792,321,471
124000207,0,52,-52
124000209,294,371,-77
124000210,595,242,353
124000211,948,3,945
124000212,1,334,-333
124000213,522,219,303
124000214,462,489,-27
124000215,466,36,430
124000216,2,301,-299
124000329,216,1303,-1087
124000338,182,627,-445
124000339,1323,173,1150
124000341,1781,131,1650
124000344,69,24,45
124000357,1029,2163,-1134
124000358,872,1337,-465
124000359,1161,577,584
124000360,899,396,503
124000361,1709,806,903
124000362,1028,1332,-304
124000363,200,355,-155
124000364,398,667,-269
124000365,535,924,-389
124000366,1071,886,185
124000367,103,429,-326
124000368,522,373,149
124000369,214,103,111
124000370,73,553,-480
124000402,33,19,14
124000403,223,21,202
124000404,40,129,-89
124000405,1278,1005,273
124000406,941,916,25
124000407,2,41,-39
124000411,19,338,-319
124000412,622,15,607
124000413,162,30,132
124000414,87,97,-10
124000415,71,129,-58
124000416,206,228,-22
124000417,276,116,160
124000418,234,118,116
124000419,128,103,25
124000420,141,66,75
124000421,109,142,-33
124000422,33,20,13
124000423,206,64,142
124000424,5,85,-80
124000425,138,26,112
124000426,3,59,-56
124000427,81,16,65
124000428,23,46,-23
124000429,111,69,42
124000430,727,576,151
124000431,222,542,-320
124000432,367,655,-288
124000439,8,10,-2
124000443,3,8,-5
124000445,163,949,-786
124000446,1003,179,824
124900001,660,384,276
124900002,188,316,-128
124900003,1230,586,644
124900004,751,331,420
124900005,356,171,185
124900006,776,335,441
124900008,1179,635,544
124900009,230,447,-217
124900010,246,149,97
124900011,887,233,654
124900012,614,102,512
124900013,542,136,406
124900014,365,51,314
124900015,185,512,-327
124900016,84,124,-40
124900017,484,1538,-1054
124900018,65,7,58
124900020,138,83,55
124900021,400,44,356
124900022,138,12,126
124900024,406,12,394
124900026,113,75,38
124900027,141,676,-535
124900028,537,118,419
124900029,31,565,-534
124900030,12,127,-115
124900031,51,290,-239
124900032,226,260,-34
124900033,142,333,-191
124900034,9,138,-129
124900035,213,451,-238
124900036,1,87,-86
124900037,277,269,8
124900038,269,224,45
124900039,0,83,-83
124900040,148,94,54
124900041,223,730,-507
124900042,131,15,116
124900043,639,750,-111
124900044,104,8,96
124900045,815,1214,-399
124900046,997,339,658
124900047,177,255,-78
124900048,210,109,101
124900050,180,187,-7
124900052,91,400,-309
124900053,150,349,-199
124900054,1218,559,659
124900055,4,192,-188
124900057,2,98,-96
124900060,115,191,-76
124900061,121,17,104
124900062,260,27,233
124900066,0,17,-17
124900067,9,96,-87
124900068,297,692,-395
124900070,66,34,32
124900072,116,36,80
124900074,651,179,472
124900075,291,219,72
124900076,26,1108,-1082
124900077,35,126,-91
124900078,102,27,75
124900079,438,198,240
124900080,301,424,-123
124900081,1082,286,796
124900082,324,553,-229
124900083,331,425,-94
124900084,1430,194,1236
124900085,951,658,293
124900086,133,1687,-1554
124900087,548,144,404
124900088,558,122,436
124900089,1106,32,1074
124900090,447,294,153
124900091,398,328,70
124900092,291,273,18
124900093,516,279,237
124900094,538,292,246
124900095,139,620,-481
124900096,518,311,207
124900097,480,92,388
124900098,254,309,-55
124900099,618,571,47
124900100,429,87,342
124900101,75,510,-435
124900102,346,47,299
124900103,152,212,-60
124900104,106,147,-41
124900105,144,81,63
124900106,542,80,462
124900107,196,22,174
124900108,168,91,77
124900109,103,97,6
124900110,344,274,70
124900111,2,86,-84
124900112,80,557,-477
124900113,186,420,-234
124900114,172,207,-35
124900115,69,55,14
124900116,306,270,36
124900117,317,304,13
124900118,191,463,-272
124900119,481,157,324
124900120,35,376,-341
124900121,139,546,-407
124900122,339,256,83
124900123,269,174,95
124900124,209,372,-163
129000186,165,44,121
204000001,45,12,33
204000002,16,6,10
204000003,26,4,22
204000004,6,1,5
204000005,542,445,97
204000006,1238,1037,201
204000011,14,42,-28
204000012,62,63,-1
204000013,0,38,-38
204000019,655,441,214
204000020,765,500,265
204000021,1315,736,579
204000022,521,414,107
204000023,621,555,66
204000031,81,12,69
204000032,352,30,322
204000034,34,180,-146
204000035,0,4,-4
204000036,3,37,-34
204000037,1,13,-12
204000038,2,3,-1
204000039,6,13,-7
204000040,2,8,-6
204000041,3,22,-19
204000042,51,13,38
204000043,30,15,15
204000044,65,2,63
204000045,66,2,64
204000046,18,3,15
204000057,8,24,-16
204000062,24,23,1
204000068,35,185,-150
204000069,63,376,-313
204000070,95,86,9
204000080,69,75,-6
204000085,1978,1471,507
204000086,2100,1479,621
204000087,57,10,47
204000088,10,68,-58
204000090,18,291,-273
204000093,505,77,428
204000096,985,896,89
204000097,467,6,461
204000099,991,1536,-545
204000100,1505,1644,-139
204000105,1952,1242,710
204000110,616,779,-163
204000111,486,499,-13
204000112,652,837,-185
204000113,462,734,-272
204000114,876,730,146
204000115,631,342,289
204000116,1010,663,347
204000119,1999,2688,-689
204000132,807,362,445
204000133,960,192,768
204000134,256,85,171
204000135,537,76,461
204000136,776,149,627
204000138,487,441,46
204000140,260,172,88
204000141,194,74,120
204000144,3,25,-22
204000145,548,48,500
204000146,51,367,-316
204000147,22,149,-127
204000148,222,19,203
204000154,8,3,5
204000155,5,4,1
204000177,75,48,27
204000179,23,2,21
204000180,0,23,-23
204000222,3,16,-13
204000235,29,19,10
204000236,105,217,-112
204000238,28,15,13
204000240,460,111,349
204000263,587,850,-263
204000268,1054,747,307
204000308,174,19,155
204000317,13,96,-83
204000322,9,66,-57
204000323,21,8,13
204000328,290,56,234
204000329,55,240,-185
204000330,222,8,214
204000331,43,124,-81
204010341,19,182,-163
205000001,719,1733,-1014
205000013,6,51,-45
205000014,18,121,-103
205000015,21,175,-154
205000016,18,120,-102
205000017,13,88,-75
205000022,235,696,-461
205000025,932,1014,-82
205000029,230,10,220
205000045,132,480,-348
205000046,99,440,-341
205000047,81,396,-315
205000048,347,705,-358
205000049,186,603,-417
205000050,514,252,262
205000059,0,178,-178
205000060,1,85,-84
205000061,4,77,-73
205000062,4,85,-81
205000063,30,110,-80
205000064,10,90,-80
205000065,85,428,-343
205000066,93,486,-393
205000067,31,641,-610
205000069,211,10,201
205000082,189,179,10
205000110,102,192,-90
205000111,171,218,-47
205000112,213,254,-41
205000113,171,376,-205
205000121,281,38,243
205000123,44,255,-211
205000126,436,75,361
205000127,653,95,558
205000128,484,66,418
205000129,644,62,582
205000130,135,19,116
205000131,49,4,45
205000132,109,3,106
205000133,62,3,59
205000134,288,1,287
205000137,81,165,-84
205000138,188,296,-108
205000139,16,103,-87
205000144,106,88,18
205000145,472,206,266
205000151,181,28,153
205000152,217,20,197
205000153,298,23,275
205000154,158,41,117
205000155,125,13,112
205000207,13,113,-100
205000233,7,1,6
205000234,0,1,-1
205000243,0,0,0
205000244,0,2,-2
205000245,11,110,-99
205000249,0,28,-28
205000250,9,0,9
205000264,7,89,-82
206000027,10,5,5
206000028,7,1,6
206000043,5,60,-55
206000053,1,5,-4
206000054,1,24,-23
206000055,2,30,-28
206000075,6,35,-29
206000076,31,15,16
206000077,20,4,16
206000078,28,6,22
206000079,25,11,14
206000082,453,57,396
206000100,35,455,-420
206000103,1,10,-9
206000104,26,22,4
206000105,9,10,-1
206000106,8,27,-19
206000108,612,47,565
206000125,87,0,87
206000157,65,510,-445
206000170,1,162,-161
206000171,9,135,-126
206000172,20,317,-297
206000173,4,167,-163
206000174,16,38,-22
206000175,1,52,-51
206000176,11,136,-125
206000177,1,107,-106
206000178,1,160,-159
206000179,5,139,-134
206000180,16,147,-131
206000181,5,146,-141
206000182,4,98,-94
206000183,13,405,-392
206000184,4,247,-243
206000185,4,107,-103
206000186,97,568,-471
206000223,8,228,-220
206000226,22,5,17
206000227,19,6,13
206000237,33,197,-164
206000238,33,316,-283
206000239,228,1441,-1213
206000240,5,46,-41
206000241,0,58,-58
206000242,3,157,-154
206000243,7,113,-106
206000244,43,426,-383
206000245,980,87,893
206000246,276,11,265
206000247,283,4,279
206000248,487,23,464
206000252,44,76,-32
206000258,24,74,-50
206000315,40,9,31
206000317,625,125,500
206000318,522,83,439
206000319,1861,156,1705
206000320,228,49,179
206000321,302,19,283
206000322,709,21,688
206000323,215,13,202
206000324,215,4,211
206000325,314,17,297
206000326,232,19,213
206000327,180,12,168
206000328,209,4,205
206000329,390,10,380
206000330,85,7,78
206000331,300,0,300
206000332,58,4,54
206000333,807,12,795
206000334,359,2,357
206000335,0,18,-18
206000361,7,156,-149
206000392,2,13,-11
206000405,198,0,198
206000441,32,22,10
206000498,28,2,26
206000515,72,44,28
206000530,344,72,272
206000531,243,303,-60
206000532,1785,334,1451
206000535,156,1322,-1166
206000536,19,129,-110
206000537,14,127,-113
206000613,1652,324,1328
207000001,111,539,-428
207000002,125,349,-224
207000003,146,127,19
207000007,1095,288,807
207000008,163,9,154
207000009,46,54,-8
207000010,392,302,90
207000012,476,217,259
207000015,250,900,-650
207000019,228,74,154
207000021,543,174,369
207000022,181,121,60
207000023,247,42,205
207000024,5,16,-11
207000025,44,70,-26
207000026,75,36,39
207000027,14,51,-37
207000028,71,176,-105
207000029,141,320,-179
207000033,193,444,-251
207000034,288,95,193
207000039,533,127,406
207000040,486,81,405
207000041,240,37,203
207000042,282,70,212
207000043,253,187,66
207000051,121,194,-73
207000052,71,112,-41
207000053,456,436,20
207000054,49,94,-45
207000055,162,76,86
207000056,262,233,29
207000057,125,235,-110
207000058,144,168,-24
207000059,95,299,-204
207000060,61,139,-78
207000061,212,520,-308
207000062,338,40,298
207000063,380,90,290
207000064,363,124,239
207000065,334,196,138
207000066,234,174,60
207000067,68,76,-8
207000068,137,57,80
207000069,692,313,379
207000082,8,211,-203
207000083,67,200,-133
207000084,276,277,-1
207000085,249,30,219
207000086,216,8,208
207000106,58,30,28
207000107,79,17,62
207000108,74,10,64
207000109,58,11,47
207000110,80,98,-18
207000111,146,107,39
207000112,188,753,-565
207000114,13,44,-31
207000115,22,78,-56
207000116,22,386,-364
207000117,10,89,-79
207000118,7,85,-78
207000119,40,60,-20
207000123,215,39,176
207000124,101,39,62
207000125,75,51,24
207000126,74,74,0
207000134,99,155,-56
207000135,18,198,-180
207000148,105,295,-190
207000149,82,51,31
207000152,142,342,-200
207000153,653,1161,-508
207000154,338,149,189
207000159,161,113,48
207000160,121,317,-196
207000238,0,182,-182
207000242,3,133,-130
207000248,30,30,0
207000249,95,33,62
207000250,525,72,453
207000251,105,67,38
207000252,80,56,24
207000278,105,79,26
207000279,37,129,-92
207000280,621,66,555
207000281,120,580,-460
207000282,160,134,26
207000283,78,202,-124
207000284,61,249,-188
207000285,104,70,34
207000291,19,96,-77
207000304,98,47,51
207000306,65,296,-231
207000310,117,80,37
207000353,280,3,277
207000356,12,55,-43
207000357,8,11,-3
207000358,14,66,-52
207000415,13,127,-114
207000417,46,7,39
207000418,80,146,-66
207000438,0,1,-1
207000439,749,848,-99
207000446,173,3,170
207000460,41,5,36
207000466,183,116,67
207000467,310,102,208
207000468,61,218,-157
207000476,9,64,-55
207000477,867,119,748
207000478,8,140,-132
207000523,0,13,-13
207000524,34,0,34
207000527,147,124,23
207000530,607,16,591
207000531,366,25,341
207000532,142,69,73
207000534,415,107,308
207000535,44,347,-303
207000537,29,90,-61
207000540,11,154,-143
207000541,5,219,-214
207000548,28,178,-150
207000549,517,23,494
207000561,196,276,-80
207000562,36,168,-132
207000567,151,210,-59
207000568,260,94,166
207000569,545,525,20
207000584,292,265,27
207000585,95,458,-363
207000616,0,92,-92
207000617,210,1,209
207900008,263,110,153
208000001,609,1121,-512
208000002,613,539,74
208000003,1224,413,811
208000004,1129,656,473
208000005,4,10,-6
208000019,737,836,-99
208000020,183,418,-235
208000021,278,337,-59
208000022,1179,486,693
208000028,1204,1309,-105
208000033,734,578,156
208000034,1350,1223,127
208000040,313,136,177
208000041,893,588,305
208000042,1500,742,758
208000047,133,161,-28
208000064,2405,1476,929
208000066,1653,2934,-1281
208000070,335,279,56
208000071,449,671,-222
208000072,384,1019,-635
208000080,277,364,-87
208000081,371,136,235
208000082,275,193,82
208000083,133,295,-162
208000084,5,25,-20
208000085,770,568,202
208000086,481,913,-432
208000087,359,603,-244
208000089,1110,334,776
208000090,1033,467,566
208000093,129,181,-52
208000094,522,321,201
208000095,725,511,214
208000104,1072,778,294
208000105,713,848,-135
208000114,114,466,-352
208000115,605,402,203
208000116,606,1027,-421
208000117,133,150,-17
208000118,75,183,-108
208000155,562,1081,-519
208000158,1510,3807,-2297
208000186,3248,4474,-1226
208000204,724,1012,-288
208000205,1330,833,497
208000282,4590,3452,1138
209000004,339,177,162
209000005,38,38,0
209000006,437,171,266
209000007,253,286,-33
209000010,323,87,236
209000011,115,183,-68
209000012,116,144,-28
209000013,260,215,45
209000014,332,714,-382
209000025,327,44,283
209000026,696,95,601
209000027,328,526,-198
209000028,305,437,-132
209000029,468,642,-174
209000030,302,985,-683
209000031,2012,1661,351
209000034,253,192,61
209000035,166,149,17
209000036,186,91,95
209000037,350,165,185
209000038,177,96,81
209000039,80,137,-57
209000040,384,483,-99
209000041,162,372,-210
209000042,262,374,-112
209000043,700,793,-93
209000044,236,841,-605
209000045,1333,526,807
209000046,561,498,63
209000047,456,271,185
209000048,614,443,171
209000049,64,62,2
209000050,127,102,25
209000051,248,156,92
209000052,146,137,9
209000062,44,97,-53
209000063,47,46,1
209000064,41,69,-28
209000065,101,36,65
209000066,107,31,76
209000067,122,45,77
209000080,23,163,-140
209000082,94,36,58
209000091,22,113,-91
209000093,37,40,-3
209000094,137,187,-50
209000110,50,160,-110
209000111,682,1606,-924
209000112,1292,425,867
209000113,1872,411,1461
209000114,835,451,384
209000115,53,64,-11
209000116,342,313,29
209000118,17,52,-35
209000119,20,13,7
209000121,96,354,-258
209000135,103,219,-116
209000142,688,1807,-1119
209000143,61,67,-6
209000144,59,127,-68
209000229,309,195,114
209000240,34,195,-161
209000259,55,71,-16
209000260,41,922,-881
209000261,7,806,-799
209000262,4,442,-438
209000263,0,147,-147
209000264,0,137,-137
209000265,566,4,562
209000266,160,4,156
209000267,2396,20,2376
209000268,764,73,691
210000037,71,23,48
210000047,87,25,62
210000048,140,25,115
210000049,61,11,50
210000052,84,84,0
210000053,32,52,-20
210000054,35,71,-36
210000070,215,4,211
210000071,108,0,108
210000072,47,0,47
210000073,0,44,-44
210000074,1,107,-106
210000075,6,111,-105
210000076,20,144,-124
210000077,4,39,-35
210000078,22,37,-15
210000079,10,6,4
210000080,79,59,20
210000081,219,36,183
210000082,145,4,141
210000083,100,1,99
210000084,45,0,45
210000085,0,35,-35
210000086,4,85,-81
210000099,42,183,-141
210000100,65,114,-49
210000101,76,128,-52
210000105,63,181,-118
210000159,0,170,-170
210000163,168,203,-35
210000164,311,200,111
210000168,84,34,50
210000187,0,17,-17
210000188,1,25,-24
210000214,32,0,32
210000219,41,71,-30
210000220,94,42,52
210000232,7,27,-20
210000233,41,68,-27
210000234,41,130,-89
210000235,60,61,-1
210000245,0,48,-48
210000246,37,2,35
210000258,24,88,-64
210000259,345,87,258
210000282,64,210,-146
210000285,2,105,-103
210000286,31,192,-161
210000290,3,9,-6
210000295,57,120,-63
210000296,53,20,33
210000320,186,78,108
210000321,143,72,71
210000338,57,40,17
210000339,306,1136,-830
210000340,120,329,-209
210000341,205,273,-68
210000342,213,182,31
210000343,150,149,1
210000344,129,93,36
210000345,164,196,-32
210000346,81,111,-30
210000347,33,38,-5
210000348,108,47,61
210000349,40,33,7
210000350,164,49,115
210000351,180,98,82
210000352,53,47,6
210000353,54,83,-29
210000354,77,60,17
210000355,36,73,-37
210000356,36,80,-44
210000357,46,49,-3
210000358,210,135,75
210000359,84,76,8
210000360,164,123,41
210000361,168,133,35
210000362,265,210,55
210000363,658,272,386
210000364,104,204,-100
210000365,147,82,65
210000366,183,57,126
210000367,115,55,60
210000368,160,47,113
210000369,18,45,-27
210000370,38,35,3
210000372,14,25,-11
210000373,38,15,23
210000374,52,43,9
210000375,54,45,9
210000376,44,85,-41
210000404,66,86,-20
210000439,52,36,16
210000472,107,7,100
210000482,55,129,-74
210000564,322,395,-73
210000567,0,32,-32
210000568,338,4,334
211000092,56,37,19
211000094,17,3,14
211000169,221,34,187
211000172,9,162,-153
211000209,7,22,-15
211000226,7,11,-4
211000270,17,15,2
211000275,24,22,2
211000276,107,27,80
211000279,33,26,7
211000281,68,34,34
211507980,2,44,-42
211977296,43,12,31
212000003,95,33,62
212000004,18,48,-30
212000005,19,43,-24
212000006,26,32,-6
212000008,163,103,60
212000009,40,70,-30
212000012,100,88,12
212000013,39,56,-17
212000014,222,118,104
212000015,269,213,56
212000016,415,472,-57
212000027,589,409,180
212000028,277,350,-73
212000029,244,199,45
212000030,37,12,25
212000031,74,37,37
212000048,43,157,-114
212000049,18,125,-107
212000050,23,20,3
212000051,209,189,20
212000052,167,211,-44
212000053,356,313,43
212000054,312,88,224
212000055,305,156,149
212000056,17,31,-14
212000057,13,22,-9
212000058,201,32,169
212000070,117,158,-41
212000077,133,380,-247
212000099,295,216,79
212000108,121,161,-40
212000111,192,72,120
212000120,113,39,74
212000138,163,41,122
212000156,8,74,-66
212000158,6,16,-10
212000159,461,45,416
212000160,712,206,506
212000161,65,7,58
212000310,48,25,23
212000311,23,50,-27
212000374,42,12,30
213000001,28,364,-336
213000005,539,165,374
213000006,1247,323,924
213000007,109,7,102
213000009,701,578,123
213000010,284,328,-44
213000011,200,138,62
213000012,129,291,-162
213000014,121,18,103
213000015,347,10,337
213000016,597,3,594
213000017,124,0,124
213000018,1,186,-185
213000019,2,161,-159
213000020,120,339,-219
213000021,6,114,-108
213000023,459,293,166
213000033,441,1439,-998
213000034,944,296,648
213000035,131,153,-22
213000045,264,259,5
213000046,215,165,50
213000047,741,1339,-598
213000056,114,31,83
213000069,76,3,73
213000073,3,49,-46
213000074,67,356,-289
213000075,715,16,699
213000076,29,5,24
213000085,28,54,-26
213000086,24,132,-108
213000091,265,31,234
213000092,82,9,73
213000099,181,1215,-1034
213000100,1077,335,742
213000101,534,112,422
213000102,717,251,466
213000103,1082,892,190
213000104,65,423,-358
213000105,2,289,-287
213000106,23,129,-106
213000107,145,438,-293
213000108,44,322,-278
213000109,17,159,-142
213000110,11,65,-54
213000111,11,73,-62
213000112,114,158,-44
213000115,78,18,60
213000116,58,367,-309
213000117,15,561,-546
213000118,466,216,250
213000119,49,493,-444
213000120,143,464,-321
213000122,99,530,-431
213000123,374,1115,-741
213000124,162,1701,-1539
213000125,171,33,138
213000126,107,195,-88
213000127,161,319,-158
213000128,437,1386,-949
213000129,398,806,-408
213000130,841,354,487
213000132,531,140,391
213000133,698,105,593
213000134,1052,33,1019
213000136,611,37,574
213000137,836,109,727
213000139,216,28,188
213000147,59,9,50
213000148,37,8,29
213000149,56,4,52
213000150,0,96,-96
213000151,1,102,-101
213000152,1,89,-88
213000153,7,80,-73
213000154,34,456,-422
213000155,43,211,-168
213000156,136,337,-201
213000157,675,388,287
213000158,484,913,-429
213000159,763,482,281
213000163,1192,184,1008
213000165,1230,461,769
213000171,1,88,-87
213000172,6,202,-196
213000173,2,184,-182
213000174,2,90,-88
213000175,16,66,-50
213000176,68,48,20
213000177,134,9,125
213000178,237,17,220
213000179,321,2,319
213000180,315,0,315
213000184,99,483,-384
213000188,463,106,357
213000189,431,73,358
213000190,985,786,199
213000191,500,382,118
213000192,315,279,36
213000193,686,332,354
213000194,1,65,-64
213000195,38,301,-263
213000196,220,1152,-932
213000197,511,487,24
213000198,64,1,63
213000200,130,785,-655
213000201,63,61,2
213000202,25,453,-428
213000203,3068,680,2388
213000204,814,64,750
213000205,560,84,476
213000206,436,39,397
213000207,138,27,111
213000208,80,6,74
213000209,155,0,155
213000210,277,4,273
213000211,2,20,-18
213000212,7,45,-38
213000213,25,65,-40
213000218,252,380,-128
213000219,626,31,595
213000220,495,16,479
213000223,234,246,-12
213000224,65,81,-16
213000225,90,7,83
213000226,94,12,82
213000227,1105,231,874
213000228,421,92,329
213000229,195,29,166
213000230,435,17,418
213000232,61,1024,-963
213000233,13,611,-598
213000234,7,65,-58
213000293,16,82,-66
213000294,132,28,104
213000295,10,100,-90
213000296,64,28,36
213000297,26,90,-64
213000298,24,79,-55
213000299,61,28,33
213000300,22,8,14
213000303,2,24,-22
213000304,0,21,-21
213000305,0,12,-12
213000306,49,38,11
213000307,101,98,3
213000308,99,186,-87
213000309,217,60,157
213000310,422,306,116
213000311,243,915,-672
213000315,60,106,-46
213000316,218,58,160
213000322,121,129,-8
213000323,157,95,62
213000324,85,57,28
213000325,66,83,-17
213000326,62,43,19
213000327,50,33,17
213000328,40,100,-60
213000329,139,48,91
213000340,144,421,-277
213000341,683,119,564
213000346,460,376,84
213000347,709,571,138
213000348,32,116,-84
213000349,53,13,40
213000350,304,849,-545
213000366,82,283,-201
213000367,285,22,263
213000379,100,69,31
213000386,15,281,-266
213000406,63,362,-299
213000417,1479,407,1072
213000425,251,39,212
213000426,178,92,86
213000427,55,231,-176
213000428,51,141,-90
213000429,10,4,6
213000430,166,542,-376
213000431,64,0,64
213000432,4,47,-43
213000433,25,121,-96
213000434,125,126,-1
213000435,198,85,113
213000436,50,61,-11
213000437,4,11,-7
213000438,169,83,86
213000439,48,14,34
213000440,10,255,-245
213000441,2,2,0
213000442,2,27,-25
213000443,426,350,76
213000444,45,45,0
213000445,1,86,-85
213000446,1,61,-60
213000447,4,36,-32
213000448,13,157,-144
213000449,432,6,426
213000450,24,50,-26
213000451,312,106,206
213000452,15,26,-11
213000453,25,236,-211
213000455,605,74,531
213000456,4,417,-413
213000481,6,5,1
213000482,40,3,37
213000489,307,66,241
213000491,3,112,-109
213000492,200,28,172
213000493,1,95,-94
213000494,363,146,217
213000495,0,86,-86
213000496,465,151,314
213000497,48,209,-161
213000498,175,156,19
213000499,290,459,-169
213000500,676,93,583
213000501,211,76,135
213000502,241,200,41
213000503,0,83,-83
213000504,14,63,-49
213000505,20,4,16
213000506,0,11,-11
213000507,5,115,-110
213900016,0,9,-9
213900244,68,1,67
213900245,0,29,-29
218000003,21,25,-4
218000004,34,36,-2
218000005,39,43,-4
218000006,52,23,29
218000007,37,6,31
218000012,151,121,30
218000013,146,188,-42
218000014,471,387,84
218000019,826,529,297
218000020,264,376,-112
218000021,32,36,-4
218000022,7,6,1
218000023,1,8,-7
218000024,0,7,-7
218000025,5,15,-10
218000026,10,16,-6
218000027,1,11,-10
218000028,1,2,-1
218000029,1,2,-1
218000030,7,22,-15
218000031,5,11,-6
218000032,2,17,-15
218000040,8,3,5
218000046,49,48,1
218000047,15,97,-82
218000048,56,46,10
218000049,94,75,19
218000050,302,172,130
218000051,49,144,-95
218000052,0,42,-42
218000053,1,4,-3
218000054,13,32,-19
218000055,0,17,-17
218000056,17,35,-18
218000057,2,15,-13
218000064,11,9,2
218000065,84,26,58
218000066,25,43,-18
218000067,65,51,14
218000068,229,88,141
218000069,304,101,203
218000070,192,268,-76
218000071,234,166,68
218000072,305,174,131
218000078,983,614,369
218000079,138,58,80
218000080,180,85,95
218000081,410,245,165
218000082,45,93,-48
218000083,108,48,60
218000084,175,87,88
218000085,175,279,-104
218000086,85,120,-35
218000087,185,145,40
218000090,17,110,-93
218000091,944,436,508
218000092,120,113,7
218000093,82,64,18
218000094,499,381,118
218000099,392,759,-367
218000100,305,326,-21
218000101,331,168,163
218000102,442,219,223
218000103,173,179,-6
218000104,101,30,71
218000105,15,24,-9
218000106,17,14,3
218000107,75,48,27
218000108,4,47,-43
218000112,36,43,-7
218000117,61,44,17
218000134,613,431,182
218000135,24,75,-51
218000136,222,104,118
218000137,254,99,155
218000138,57,70,-13
218000139,204,235,-31
218000140,452,255,197
218000141,92,70,22
218000142,228,128,100
218000143,154,254,-100
218000144,46,68,-22
218000145,396,321,75
218000146,105,170,-65
218000151,5,11,-6
218000152,70,52,18
218000153,7,2,5
218000154,25,5,20
218000155,21,1,20
218000156,69,13,56
218000157,31,23,8
218000158,3,12,-9
218000159,2,6,-4
218000160,5,4,1
218000161,27,2,25
218000162,31,9,22
218000163,12,3,9
218000164,55,4,51
218000165,66,18,48
218000170,1,43,-42
218000171,39,6,33
218000172,11,10,1
218000173,19,14,5
218000174,28,10,18
218000176,122,22,100
218000177,260,143,117
218000178,51,190,-139
218000179,71,52,19
218000180,68,26,42
218000181,115,56,59
218000187,17,25,-8
218000188,30,45,-15
218000189,21,44,-23
218000190,19,10,9
218000191,143,41,102
218000192,243,171,72
218000193,398,242,156
218000194,112,219,-107
218000195,123,53,70
218000196,376,196,180
218000197,446,229,217
218000198,16,70,-54
218000199,57,17,40
218000200,119,37,82
218000201,16,7,9
218000202,90,226,-136
218000207,5,13,-8
218000208,32,29,3
218000211,54,28,26
218000212,2,7,-5
218000213,77,75,2
218000214,0,29,-29
218000215,28,32,-4
218000217,4,50,-46
218000218,162,74,88
218000219,27,17,10
218000220,72,379,-307
218000221,557,146,411
218000222,3,36,-33
218000223,22,388,-366
218000224,8,185,-177
218000225,119,18,101
218000226,96,37,59
218000230,0,5,-5
218000232,37,58,-21
218000239,150,16,134
218000240,30,3,27
218000241,40,1,39
218000242,103,0,103
218000243,56,10,46
218000244,71,10,61
218000245,14,2,12
218000246,2,0,2
218000247,1,0,1
218000248,1,17,-16
218000249,0,6,-6
218000250,1,5,-4
218000251,2,45,-43
218000252,1,92,-91
218000253,6,71,-65
218000254,0,36,-36
218000255,3,22,-19
218000256,14,69,-55
218000267,442,797,-355
218000268,18,39,-21
218000269,9,15,-6
218000270,57,38,19
218000271,11,40,-29
218000273,28,2,26
218000274,18,1,17
218000275,24,33,-9
218000276,19,30,-11
218000278,4,33,-29
218000279,74,39,35
218000280,10,40,-30
218000281,35,10,25
218000282,455,504,-49
218000284,85,7,78
218000301,106,117,-11
218000302,116,50,66
218000303,21,38,-17
218000316,701,845,-144
218000317,1214,754,460
218000318,714,515,199
218000319,1062,838,224
218000320,890,538,352
218000338,25,33,-8
218000345,78,37,41
218000346,38,119,-81
218000459,22,173,-151
218000490,38,27,11
218000501,158,21,137
218000502,39,48,-9
218000503,92,28,64
218000504,181,29,152
218000505,57,106,-49
218000506,44,170,-126
218000508,3,9,-6
218000510,160,24,136
218000520,128,89,39
218000521,7,36,-29
218000522,2,107,-105
218000523,104,1,103
218000524,50,224,-174
218000525,123,8,115
218000526,47,140,-93
218000529,33,84,-51
218000530,17,4,13
218000531,18,13,5
218000532,34,19,15
218000534,147,18,129
218000537,15,33,-18
218000538,89,189,-100
218000540,184,83,101
218000543,154,46,108
218000544,26,48,-22
218000545,64,70,-6
218000546,58,55,3
218000547,93,175,-82
218000548,160,90,70
218000549,421,670,-249
218000550,208,232,-24
218000551,118,1080,-962
218000552,308,81,227
218000553,41,87,-46
218000554,16,27,-11
218000555,17,43,-26
218000556,117,176,-59
218000557,237,80,157
218000558,79,1,78
218000559,0,26,-26
218000560,1,38,-37
218000561,17,0,17
218000562,40,171,-131
218000563,206,9,197
218000564,5,81,-76
218000565,213,28,185
218000566,363,33,330
218000567,2,55,-53
218000568,55,4,51
218000569,11,189,-178
218000570,146,12,134
218000571,1,94,-93
218000572,115,2,113
218000573,13,142,-129
218000574,182,33,149
218000575,130,0,130
218000576,0,62,-62
218000577,136,0,136
218000578,3,85,-82
218000579,15,13,2
218000581,2,27,-25
218000582,40,2,38
218000583,7,0,7
218000584,3,19,-16
218000585,73,6,67
218000586,21,37,-16
218000587,1,1,0
218000588,13,3,10
218000589,3,9,-6
218000590,2,0,2
218000591,3,2,1
218000592,4,0,4
218000593,0,1,-1
218000594,0,2,-2
218000595,0,0,0
218000596,0,0,0
218000597,0,0,0
218000598,0,0,0
218000599,2,0,2
218000600,0,1,-1
218000601,0,0,0
218000602,0,9,-9
218000603,0,6,-6
218000604,9,2,7
218000605,0,31,-31
218000606,65,0,65
218000607,10,45,-35
218000608,36,17,19
218000609,9,31,-22
218000610,87,5,82
218000611,33,2,31
218000612,0,18,-18
218000613,55,0,55
218000614,1,22,-21
218000615,158,2,156
218000616,5,68,-63
218000617,14,1,13
218000618,0,12,-12
218000619,45,20,25
218000620,11,41,-30
218000621,0,5,-5
218000622,0,7,-7
218000623,154,1,153
218000624,3,14,-11
218000625,3,1,2
218000626,0,3,-3
218000628,196,35,161
218000631,18,9,9
218000632,3,81,-78
218000633,169,4,165
218000634,5,7,-2
218000635,9,8,1
218000636,868,855,13
218000637,869,434,435
218000638,176,34,142
218000639,18,120,-102
218000640,350,41,309
218000641,78,247,-169
218000652,21,38,-17
218000653,117,42,75
218000663,3,70,-67
218000675,40,40,0
218000676,1,12,-11
218000677,14,2,12
218000680,130,337,-207
218000681,394,101,293
218000691,122,178,-56
218000693,202,73,129
218000703,4,15,-11
218000718,380,1637,-1257
218000719,688,1059,-371
218000720,19,168,-149
218000721,113,26,87
218000725,5,10,-5
218001214,8,39,-31
218001258,19,2,17
218001329,108,82,26
218001330,70,49,21
218001351,18,7,11
218001352,13,10,3
218001353,11,9,2
218001354,0,17,-17
218001355,86,2,84
218001356,185,6,179
218001357,74,3,71
218001358,86,4,82
218001361,85,9,76
219000001,50,33,17
219000002,40,44,-4
219000003,70,40,30
219000004,52,48,4
219000017,79,50,29
219000020,152,46,106
219000022,130,4,126
219000023,103,2,101
219000029,0,65,-65
219000034,33,29,4
219000039,68,194,-126
219000040,51,120,-69
219000041,141,40,101
219000051,0,38,-38
219000052,0,12,-12
219000053,0,56,-56
219000054,28,111,-83
219000055,265,2,263
219000056,9,0,9
219000057,49,0,49
219000062,25,73,-48
219000063,71,4,67
219000064,0,65,-65
219000110,328,158,170
219000111,114,45,69
219000112,217,54,163
219000113,183,71,112
219000114,299,81,218
219000116,111,43,68
219000117,213,47,166
219000118,171,54,117
219000123,170,68,102
219000124,85,60,25
219000125,23,35,-12
219000126,54,117,-63
219000127,0,9,-9
219000128,7,129,-122
219000129,14,130,-116
219000130,334,486,-152
219000131,544,896,-352
219000133,53,49,4
219000134,25,34,-9
219000135,35,77,-42
219000136,89,164,-75
219000138,101,25,76
219000139,57,52,5
219000140,79,4,75
219000141,46,80,-34
219000142,21,72,-51
219000143,12,67,-55
219000145,28,45,-17
219000146,9,26,-17
219000147,8,19,-11
219000148,3,15,-12
219000149,14,51,-37
219000150,0,37,-37
219000151,0,27,-27
219000157,240,143,97
219000158,194,227,-33
219000161,112,6,106
219000163,1162,553,609
219000166,137,158,-21
219000167,119,154,-35
219000168,259,145,114
219000174,456,201,255
219000175,101,7,94
219000176,124,2,122
219000177,47,5,42
219000178,51,1,50
219000179,14,3,11
219000180,44,81,-37
219000182,164,13,151
219000183,95,31,64
219000184,106,14,92
219000185,2,25,-23
219000186,74,28,46
219000187,50,84,-34
219000189,66,195,-129
219000190,83,224,-141
219000191,593,1476,-883
219000192,166,157,9
219000193,145,154,-9
219000195,0,62,-62
219000196,3,104,-101
219000198,26,77,-51
219000199,67,242,-175
219000200,41,175,-134
219000201,71,170,-99
219000203,23,129,-106
219000204,87,307,-220
219000205,56,184,-128
219000207,113,219,-106
219000209,35,62,-27
219000210,41,64,-23
219000213,4,123,-119
219000239,214,182,32
219000240,224,360,-136
219000241,185,101,84
219000242,78,87,-9
219000243,75,221,-146
219000244,11,67,-56
219000245,32,36,-4
219000246,55,21,34
219000247,166,30,136
219000248,457,465,-8
219000249,121,95,26
219000250,146,119,27
219000251,536,311,225
219000252,237,183,54
219000253,436,77,359
219000255,108,114,-6
219000256,249,79,170
219000257,110,1,109
219000262,59,97,-38
219000263,44,140,-96
219000267,1,68,-67
219000268,2,2,0
219000269,1,1,0
219000270,7,0,7
219000271,116,3,113
219000278,1,9,-8
219000279,2,1,1
219000283,0,3,-3
219000295,19,67,-48
219000296,58,296,-238
219000297,20,87,-67
219000298,15,112,-97
219000299,460,69,391
219000300,43,167,-124
219000301,184,291,-107
219000302,41,245,-204
219000307,39,34,5
219000308,74,43,31
219000311,216,81,135
219000312,757,114,643
219000313,457,55,402
219000314,80,264,-184
219000315,373,20,353
219000316,601,52,549
219000317,156,11,145
219000320,0,58,-58
219000321,0,23,-23
219000323,5,57,-52
219000325,4,13,-9
219000326,97,73,24
219000327,78,31,47
219000328,42,57,-15
219000329,256,148,108
219000330,65,32,33
219000331,92,48,44
219000332,155,112,43
219000333,38,12,26
219000335,89,2,87
219000337,22,2,20
219000338,57,1,56
219000344,50,57,-7
219000345,52,88,-36
219000346,43,127,-84
219000348,199,94,105
219000349,32,144,-112
219000350,93,363,-270
219000351,4,25,-21
219000352,240,127,113
219000353,96,66,30
219000354,217,73,144
219000355,133,58,75
219000356,899,1486,-587
219000363,206,80,126
219000364,92,38,54
219000365,97,17,80
219000366,209,345,-136
219000368,344,639,-295
219000370,932,642,290
219000371,5,21,-16
219000382,30,29,1
219000383,547,1175,-628
219000385,367,487,-120
219000386,783,1546,-763
219000387,9,14,-5
219000390,1,1,0
219000391,1,5,-4
219000397,66,76,-10
219000398,108,68,40
219000401,20,65,-45
219000402,33,70,-37
219000403,137,304,-167
219000404,16,112,-96
219000407,2,29,-27
219000409,71,65,6
219000410,157,59,98
219000411,51,16,35
219000446,116,384,-268
219000447,0,14,-14
219000448,14,9,5
219000452,133,70,63
219000453,38,193,-155
219000454,169,267,-98
219000556,275,74,201
219000558,174,105,69
219000590,35,138,-103
219000591,93,71,22
219000592,126,294,-168
219000595,0,9,-9
219000635,225,62,163
219000636,39,45,-6
219000657,45,28,17
219000658,62,159,-97
219000673,1,60,-59
219000676,72,32,40
219000679,39,8,31
219000684,91,1,90
219000685,2,28,-26
219000686,1,2,-1
219000688,2,75,-73
219000689,29,170,-141
219000690,140,32,108
219000691,80,197,-117
219000692,254,38,216
219000693,0,15,-15
219000694,9,0,9
219000695,37,5,32
219000698,21,0,21
219000699,0,14,-14
219000727,0,52,-52
219000728,72,1,71
219000770,76,2,74
219000771,1,26,-25
219000788,195,198,-3
219001150,2,13,-11
219001151,3,0,3
219001166,23,49,-26
219001167,4,72,-68
219001178,54,0,54
220000001,33,79,-46
220000002,11,70,-59
220000003,359,201,158
220000004,444,359,85
220000005,958,1503,-545
220000006,149,667,-518
220000007,388,361,27
220000008,267,522,-255
220000009,280,307,-27
220000010,121,87,34
220000011,393,2651,-2258
220000012,102,292,-190
220000014,92,56,36
220000015,65,258,-193
220000017,92,258,-166
220000018,3936,1950,1986
220000019,94,294,-200
220000020,390,233,157
220000021,648,160,488
220000022,928,440,488
220000023,209,159,50
220000024,1925,430,1495
220000025,1246,1330,-84
220000026,295,433,-138
220000027,30,144,-114
220000028,57,21,36
220000029,49,96,-47
220000030,65,63,2
220000031,632,424,208
220000064,42,863,-821
221000046,10,1,9
221000047,0,0,0
221000048,0,1,-1
221000049,0,7,-7
221000050,46,1,45
221000055,38,50,-12
221000057,47,11,36
221000068,369,155,214
221000069,478,52,426
221000070,240,28,212
221000071,140,7,133
221000072,283,13,270
221000073,208,55,153
221000074,1,14,-13
221000075,23,23,0
221000076,7,30,-23
221000077,19,82,-63
221000081,17,9,8
221000082,76,16,60
221000083,25,7,18
221000084,11,7,4
221000085,21,65,-44
221000086,15,86,-71
221000087,9,117,-108
221000088,15,136,-121
221000089,40,235,-195
221000090,101,512,-411
221000098,136,13,123
221000099,189,14,175
221000100,93,7,86
221000101,190,20,170
221000102,136,20,116
221000109,4,86,-82
221000110,16,93,-77
221000111,17,161,-144
221000112,3,129,-126
221000113,13,166,-153
221000114,13,138,-125
221000120,63,35,28
221000121,5,27,-22
221000122,51,23,28
221000123,6,11,-5
221000124,17,124,-107
221000155,100,12,88
221000156,56,18,38
221000175,0,2,-2
221000176,2,1,1
221000182,49,12,37
221000241,538,388,150
221000242,218,350,-132
221000243,357,303,54
221000244,262,318,-56
221000245,73,90,-17
221000246,56,175,-119
221000247,59,101,-42
221000248,169,99,70
221000267,49,492,-443
221000325,82,59,23
221000331,28,42,-14
221000338,11,17,-6
221000378,219,21,198
221000381,27,40,-13
222000282,13,3,10
222000296,1,12,-11
222000568,311,26,285
222000569,141,59,82
222000570,147,41,106
222000571,333,42,291
222000577,23,92,-69
222000578,23,138,-115
222000579,33,89,-56
222000580,79,647,-568
222000599,0,106,-106
222000600,1,190,-189
222000601,17,670,-653
222000603,24,44,-20
222000604,3,25,-22
222000605,8,13,-5
222000606,4,20,-16
222000607,3,12,-9
222000608,31,6,25
222000609,59,143,-84
222000616,428,41,387
222000617,10,11,-1
222000618,15,4,11
222000620,13,13,0
222000621,60,18,42
222000623,676,9,667
222000624,350,5,345
222000625,520,15,505
222000636,61,8,53
222000686,23,10,13
222000687,50,24,26
222001066,433,7,426
222001067,23,1,22
222001068,68,47,21
222001069,41,51,-10
222001082,21,30,-9
222001083,62,42,20
222001084,0,29,-29
222001085,1,239,-238
222001111,83,90,-7
222001112,137,70,67
222001313,25,5,20
222001314,4,105,-101
222001464,37,39,-2
222001465,8,53,-45
222001484,131,62,69
222001485,33,40,-7
222001494,533,119,414
222001495,123,195,-72
222001496,272,65,207
222001497,64,266,-202
222001502,40,72,-32
222001503,139,47,92
222001504,24,331,-307
222001505,405,31,374
222001506,55,429,-374
222001507,370,44,326
222001510,513,32,481
222001511,74,280,-206
222001514,729,211,518
222001515,260,428,-168
222001518,445,75,370
222001519,53,180,-127
222001527,209,89,120
222001528,89,149,-60
222001529,303,41,262
222001530,71,191,-120
222001533,134,228,-94
222001534,287,70,217
222001535,204,189,15
222001536,69,153,-84
222001537,477,68,409
222001538,87,410,-323
222001563,825,95,730
222001564,93,366,-273
222001568,326,131,195
222001576,1,6,-5
222001579,2,3,-1
222001583,14,108,-94
222001584,94,9,85
222001596,701,1063,-362
222001597,2983,367,2616
222001626,0,106,-106
222001650,130,152,-22
222001651,138,327,-189
222001914,252,106,146
222001915,95,201,-106
222001968,506,280,226
222001969,349,505,-156
222001970,180,171,9
222001971,30,25,5
222001972,5,19,-14
225000001,423,131,292
225000002,503,165,338
225000003,545,82,463
225000004,338,154,184
225000005,57,59,-2
225000006,0,166,-166
225000007,986,946,40
225000010,321,9,312
225000011,327,800,-473
225000012,254,485,-231
225000013,111,116,-5
225000014,640,106,534
225000015,119,119,0
225000021,779,157,622
225000027,187,330,-143
225000032,694,94,600
225000042,49,488,-439
225000049,23,50,-27
225000050,77,14,63
225000053,5,202,-197
225000058,582,159,423
225000067,128,141,-13
225000068,89,175,-86
225000069,113,333,-220
225000070,86,349,-263
225000071,31,103,-72
225000075,25,450,-425
225000076,51,89,-38
225000078,84,56,28
225000085,77,143,-66
225000086,319,76,243
225000087,143,14,129
225000088,8,119,-111
225000089,176,964,-788
225000090,52,370,-318
225000091,210,171,39
225000092,25,51,-26
225000093,171,204,-33
225000094,10,163,-153
225000095,219,326,-107
225000096,225,382,-157
225000098,793,245,548
225000099,357,157,200
225000100,333,106,227
225000104,166,291,-125
225000110,12,325,-313
225000111,215,806,-591
225000112,236,866,-630
225000113,161,538,-377
225000114,55,214,-159
225000115,1003,501,502
225000116,951,213,738
225000117,706,218,488
225000118,952,201,751
225000119,212,67,145
225000120,695,41,654
225000121,230,24,206
225000123,443,33,410
225000125,446,164,282
225000126,590,128,462
225000127,598,1085,-487
225000128,450,662,-212
225000132,297,22,275
225000133,275,20,255
225000134,649,193,456
225000135,75,13,62
225000136,356,38,318
225000137,207,43,164
225000138,420,101,319
225000143,50,168,-118
225000144,1,197,-196
225000145,56,34,22
225000146,43,56,-13
225000147,21,179,-158
225000148,10,148,-138
225000149,47,415,-368
225000151,49,150,-101
225000155,279,284,-5
225000156,167,666,-499
225000157,214,243,-29
225000158,52,204,-152
225000171,4,139,-135
225000180,48,3,45
225000181,0,56,-56
225000182,53,9,44
225000185,5,236,-231
225000187,25,270,-245
225000191,94,8,86
225000194,0,8,-8
225000208,2,27,-25
225000209,81,30,51
225000210,4,196,-192
225000217,0,17,-17
225000218,9,0,9
225000223,1,28,-27
225000224,44,0,44
225000225,2,14,-12
225000226,26,2,24
225000227,31,49,-18
225000228,5,6,-1
225000229,1,49,-48
225000230,23,0,23
225000231,0,32,-32
225000232,193,1,192
225000241,80,1,79
225000242,2,22,-20
225000249,10,0,10
225000250,67,448,-381
225000251,333,21,312
225000254,5,8,-3
225000256,4,36,-32
225000257,0,43,-43
226000042,252,274,-22
226000043,37,225,-188
226000044,119,321,-202
226000045,48,260,-212
226000046,398,85,313
226000047,352,95,257
226000048,378,68,310
226000049,316,157,159
226000070,0,37,-37
226000071,0,55,-55
226000072,0,7,-7
226000073,0,5,-5
226000074,0,6,-6
226000084,12,43,-31
226000085,1,12,-11
226000086,2,22,-20
226000087,1,16,-15
226000088,38,69,-31
226000090,232,93,139
226000091,38,73,-35
226000092,3,29,-26
226000093,22,1,21
226000094,4,2,2
226000095,8,3,5
226000105,4,0,4
226000106,7,1,6
226000107,13,0,13
226000108,11,3,8
226000109,94,0,94
226000124,133,62,71
226000134,655,430,225
226000135,1460,483,977
226000136,598,358,240
226000137,7,212,-205
226000138,12,95,-83
226000139,2,27,-25
226000156,215,2,213
226000157,169,10,159
226000163,75,177,-102
226000202,13,184,-171
226000231,376,11,365
226000232,48,6,42
227000033,326,45,281
227000036,326,20,306
227000037,341,29,312
227000038,161,22,139
227000084,0,69,-69
227000085,0,31,-31
227000088,44,1,43
227000089,115,2,113
227000090,35,3,32
227000091,24,0,24
227000092,22,3,19
227000093,119,0,119
227000094,13,0,13
227000130,23,44,-21
227000131,17,127,-110
227000132,11,140,-129
227000133,6,112,-106
227000134,15,171,-156
227000152,0,4,-4
227000153,0,50,-50
227000154,0,21,-21
227000155,0,12,-12
227000156,1,10,-9
227000165,8,24,-16
227000196,402,208,194
227000199,376,325,51
227000230,18,330,-312
227000232,413,33,380
227000242,49,282,-233
227000243,412,91,321
227000245,12,186,-174
227000246,85,237,-152
227000247,439,64,375
227000248,126,32,94
227000249,19,101,-82
227000250,277,118,159
227000251,53,90,-37
227000252,24,185,-161
227000253,174,12,162
227000262,389,58,331
227000266,1195,23,1172
227000267,32,1102,-1070
227000282,9,146,-137
227000284,468,29,439
227000286,2,57,-55
227000287,11,94,-83
227000291,26,380,-354
227000296,160,251,-91
227000484,163,10,153
227000485,30,733,-703
227000655,272,10,262
227000656,635,45,590
227000657,109,12,97
227000661,172,22,150
229000265,12,45,-33
229000266,0,0,0
229000267,1,0,1
229000268,2,0,2
229000269,2,0,2
229000274,0,2,-2
229000275,0,5,-5
229000276,0,0,0
229000277,0,1,-1
229000278,0,1,-1
229000295,2,3,-1
229000296,3,14,-11
229000297,5,28,-23
229000298,1,112,-111
229000320,14,1,13
229000321,18,6,12
229000412,10,43,-33
229000414,5,34,-29
229000415,22,0,22
229000416,0,5,-5
229000417,2,13,-11
229000419,78,261,-183
229000440,357,76,281
229000442,39,6,33
229000443,4,1,3
229000444,1,29,-28
229000445,72,7,65
229000446,69,8,61
229000491,2,11,-9
229000492,7,48,-41
229000493,5,46,-41
229000494,27,3,24
229000495,99,4,95
229000496,50,7,43
229000507,0,53,-53
229000508,0,30,-30
229000509,0,43,-43
229000510,1,24,-23
229000511,2,36,-34
229000512,0,16,-16
229000513,0,6,-6
229000514,0,7,-7
229000517,5,8,-3
229000518,5,10,-5
229000519,4,5,-1
229000520,13,29,-16
229000521,36,9,27
229000522,9,12,-3
229000523,8,7,1
229000524,5,3,2
229000527,1,1,0
229000528,0,1,-1
229000529,6,0,6
229000530,77,1,76
229000531,30,6,24
229000532,21,2,19
229000533,70,2,68
229000534,66,0,66
229000564,70,0,70
229000565,19,0,19
229000566,0,5,-5
229000567,0,25,-25
229000582,82,3,79
229000583,7,2,5
229000584,0,23,-23
229000585,0,48,-48
229000718,0,0,0
229000719,0,1,-1
229000720,0,5,-5
229000721,0,4,-4
229000722,0,3,-3
229000723,0,6,-6
229000724,0,3,-3
229000725,0,2,-2
229000738,4,0,4
229000739,1,0,1
229000740,3,0,3
229000741,22,0,22
229000742,6,0,6
229000743,12,0,12
229000744,4,1,3
229000745,2,0,2
229000746,23,0,23
229000847,39,0,39
229000848,15,1,14
229000849,91,2,89
229000851,31,0,31
229000854,0,16,-16
229000856,1,44,-43
229000857,0,41,-41
229000858,0,39,-39
229000919,29,43,-14
229000930,2,221,-219
229000937,87,21,66
229000966,51,26,25
229000981,27,18,9
229000985,16,27,-11
229000986,3,8,-5
229000987,2,1,1
229000988,0,5,-5
229000989,9,1,8
229000990,3,1,2
229000991,1,1,0
229000992,17,6,11
229000993,123,12,111
229000998,13,43,-30
229000999,55,8,47
229001034,0,17,-17
229001035,3,4,-1
229001036,0,5,-5
229001037,16,9,7
229001038,0,1,-1
229001039,0,0,0
229001040,0,4,-4
229001041,7,0,7
229001042,8,8,0
229001047,8,33,-25
229001050,37,37,0
229001168,0,12,-12
229001200,37,1,36
229001338,4,15,-11
229001394,232,0,232
229001422,154,34,120
229001423,30,116,-86
229001431,73,61,12
229001432,36,80,-44
229001444,154,38,116
229001445,36,116,-80
229001479,15,5,10
229001503,158,91,67
229001504,134,140,-6
229001505,91,31,60
229001506,62,84,-22
229001509,30,4,26
229001510,0,4,-4
229001545,96,8,88
229001546,19,60,-41
229001553,124,35,89
229001554,50,79,-29
229001630,42,3,39
229001631,6,24,-18
229001635,0,9,-9
229001636,11,0,11
229001658,1,119,-118
229001659,56,2,54
229001660,88,4,84
229001661,20,20,0
229001662,33,7,26
229001663,0,11,-11
229002584,190,149,41
229002831,105,154,-49
229002841,21,12,9
229002842,27,22,5
229002843,95,20,75
229002844,37,47,-10
229002845,11,50,-39
229002846,21,10,11
229002847,1,8,-7
229002848,13,5,8
229002849,4,80,-76
229002850,5,1,4
229002851,36,94,-58
229002852,182,31,151
229002853,149,19,130
229002854,45,62,-17
229002855,5,27,-22
229002856,22,9,13
229002857,7,115,-108
229002858,12,6,6
229002859,23,80,-57
229002860,212,5,207
229002861,59,24,35
229002862,50,45,5
229002863,19,10,9
229002864,32,18,14
229002865,18,15,3
229002866,33,21,12
229002867,5,24,-19
229002868,5,6,-1
229002869,17,95,-78
229002870,61,16,45
235000066,297,70,227
235000067,88,112,-24
235000072,37,62,-25
235000073,67,330,-263
235000074,35,51,-16
235000080,14,69,-55
235000081,175,74,101
235000082,170,34,136
235000083,252,65,187
235000084,26,39,-13
235000085,130,57,73
235000089,20,13,7
235000092,41,105,-64
235000093,10,3,7
235000097,2,7,-5
235000098,82,14,68
235000099,23,27,-4
235000116,73,30,43
235000117,524,15,509
235000133,11,443,-432
235000134,17,165,-148
235000206,8,3,5
235000207,2,2,0
235000208,0,1,-1
235000209,15,2,13
235000210,10,1,9
235000212,5,11,-6
235000213,4,7,-3
235000220,0,1,-1
235000221,37,18,19
235000238,19,111,-92
235000239,2,33,-31
235000242,385,756,-371
235000245,508,135,373
235000246,9,47,-38
235000284,12,124,-112
235000295,122,9,113
235000305,303,21,282
235000306,223,5,218
235000307,19,2,17
235000308,23,1,22
235000309,39,0,39
235000310,21,0,21
235000311,76,30,46
235000322,0,25,-25
235000323,0,37,-37
235000324,2,22,-20
235000325,0,7,-7
235000326,1,92,-91
235000351,15,63,-48
235000352,9,61,-52
235000353,2,21,-19
235000354,10,24,-14
235000355,11,66,-55
235000356,106,2,104
235000357,34,2,32
235000358,127,6,121
235000359,11,5,6
235000360,50,17,33
235000361,70,7,63
235000381,81,108,-27
235000382,195,26,169
235000390,14,10,4
235000391,181,35,146
235000392,216,327,-111
235000393,161,145,16
235000395,170,48,122
235000396,502,50,452
235000400,92,26,66
235000401,18,122,-104
235000405,86,199,-113
235000406,56,203,-147
235000407,67,70,-3
235000409,155,113,42
235000410,46,174,-128
235000411,0,46,-46
235000485,1,9,-8
235000486,25,0,25
235000549,134,93,41
235000550,104,168,-64
235000599,116,25,91
235000600,11,8,3
235000601,17,33,-16
235000602,130,37,93
235000614,0,4,-4
235000648,2,22,-20
235000649,45,6,39
235000685,4,3,1
235000815,34,23,11
235000834,0,14,-14
235000855,62,45,17
235000862,21,104,-83
235000891,0,10,-10
235000892,6,3,3
235000901,70,75,-5
235000907,8,16,-8
235001010,107,57,50
235001029,459,294,165
235001030,379,392,-13
235001078,77,90,-13
235001079,62,69,-7
235001147,8,48,-40
235001166,6,71,-65
235001167,40,60,-20
235001169,20,264,-244
235001188,2,2,0
235001189,4,4,0
235001197,6,14,-8
235001200,62,27,35
235001207,175,31,144
235001210,15,53,-38
235001215,24,89,-65
235001239,3,33,-30
235001244,1,7,-6
235016267,1,62,-61
277101746,0,1,-1
277102712,4,0,4
277103813,0,0,0
277103898,0,1,-1
277104249,0,2,-2
277104250,0,3,-3
277104251,0,6,-6
277104252,0,0,0
990011530,1,177,-176
990014944,1,465,-464
990015176,32,5,27
990015618,2,122,-120
990016032,0,275,-275
990032570,6,355,-349
990070001,32,1,31
990070103,0,5,-5
990070601,1,40,-39
990070751,993,5,988
990070766,2,442,-440
990071180,525,172,353
990071343,36,3,33
990071387,0,17,-17
990071823,551,5,546
990072600,2,928,-926
990072964,4,284,-280
990073285,0,5,-5
990074393,4,570,-566
990074870,1747,11,1736
990075106,1699,54,1645
990075746,661,17,644
990076437,1611,3,1608
990076458,6,451,-445
997000007,573,13,560
997000041,1,267,-266
997000058,104,1,103
997000062,35,3,32
997000069,0,6,-6
997000070,0,24,-24
997000100,33,0,33
997000141,11,2069,-2058
997000198,10,967,-957
998000475,3,42,-39
998000736,4,155,-151
998000965,0,12,-12
998001031,0,59,-59
998001700,0,11,-11
998001899,0,0,0
998001900,16,2,14
998003073,1134,7,1127
998101900,0,0,0
998102850,4,301,-297
998501927,1139,728,411
998501929,144,12,132
998501930,55,0,55
998501931,134,17,117
998501932,6,0,6
998501933,68,2,66
998501937,24,2,22
998501944,7,1,6
998501950,0,0,0
998501970,96,6,90
998501971,0,94,-94
998501973,1,51,-50
998501974,1,173,-172
998501975,101,1,100
998501976,81,3,78
998501977,0,23,-23
998501978,9,0,9
998501979,0,12,-12
998501980,53,2,51
998501981,38,0,38
998501982,1,100,-99
998502006,0,1,-1
998502024,0,1,-1
998502032,0,7,-7
998502062,7,0,7
998502063,0,0,0
998502173,11,0,11
998502269,0,3,-3
998601159,13,135,-122
998601292,0,13,-13
999033574,2,278,-276
999800001,59,2,57
999800002,0,4,-4
999800003,3,1,2
999800004,0,1,-1
999800005,0,6,-6
