ID,insum,outsum,diff
100000001,768,1226,-458
100000002,4795,2213,2582
100000003,8534,4689,3845
100000004,1531,1486,45
100000005,2919,5576,-2657
100000006,783,207,576
100000007,2501,1118,1383
100000008,381,865,-484
100000009,1016,850,166
100000010,381,146,235
100000011,1203,122,1081
100000012,131,984,-853
100000013,1419,337,1082
100000014,767,363,404
100000015,2078,2939,-861
100000016,1171,1829,-658
100000017,1002,1086,-84
100000018,1818,876,942
100000019,5695,2475,3220
100000020,2811,8587,-5776
100000021,6793,2955,3838
100000022,2325,2727,-402
100000023,6591,2315,4276
100000025,2329,1556,773
100000028,2792,1430,1362
100000029,379,385,-6
100000030,388,112,276
100000031,6009,8775,-2766
100000032,3351,4952,-1601
100000033,1060,2851,-1791
100000034,635,639,-4
100000035,2433,1921,512
100000036,2952,1690,1262
100000037,912,563,349
100000038,2489,1268,1221
100000039,1149,333,816
100000040,251,207,44
100000041,1673,653,1020
100000042,2296,771,1525
100000043,1470,572,898
100000044,486,1016,-530
100000045,746,2256,-1510
100000046,1235,1367,-132
100000047,541,911,-370
100000048,1419,817,602
100000049,2289,2744,-455
100000051,770,1310,-540
100000053,253,11,242
100000054,699,58,641
100000055,1953,378,1575
100000056,632,637,-5
100000057,2641,1015,1626
100000058,1487,1882,-395
100000059,39,184,-145
100000060,385,416,-31
100000061,2570,581,1989
100000062,2863,719,2144
100000063,890,286,604
100000064,1636,417,1219
100000065,572,1158,-586
100000066,235,881,-646
100000067,718,967,-249
100000068,706,2435,-1729
100000069,408,1794,-1386
100000072,430,1257,-827
100000073,1391,1577,-186
100000075,803,341,462
100000076,3023,3197,-174
100000077,443,292,151
100000078,67,44,23
100000079,63,54,9
100000080,43,101,-58
100000081,256,243,13
100000102,3395,2596,799
100000103,4428,1933,2495
100000104,6150,3437,2713
100000105,3846,2018,1828
100000106,3717,2663,1054
100000107,1190,1149,41
100000108,1195,1317,-122
100000109,3973,1732,2241
100000116,1861,1500,361
100000117,138,153,-15
100000118,2180,1492,688
100000119,697,1056,-359
100000121,328,530,-202
100000122,1080,1111,-31
100000123,5028,5276,-248
100000124,8049,8659,-610
100000125,4857,1869,2988
100000126,953,480,473
100000127,2096,569,1527
100000128,2461,2485,-24
100000129,618,523,95
100000130,558,685,-127
100000131,3655,3829,-174
100000132,2015,3919,-1904
100000133,8325,3121,5204
100000135,692,1538,-846
100000139,620,409,211
100000140,575,438,137
100000142,622,730,-108
100000143,1872,870,1002
100000144,4168,1123,3045
100000147,1373,3391,-2018
100000150,48,569,-521
100000151,1693,1373,320
100000153,308,501,-193
100000154,101,295,-194
100000155,30,72,-42
100000156,562,537,25
100000157,167,169,-2
100000158,338,125,213
100000159,351,632,-281
100000165,1982,1118,864
100000169,648,631,17
100000174,1205,615,590
100000179,94,685,-591
100000180,6883,3033,3850
100000181,714,319,395
100000188,88,287,-199
100000189,1891,528,1363
100000190,1069,1109,-40
100000191,911,672,239
100000192,84,183,-99
100000193,365,260,105
100000330,1816,1180,636
100000355,298,797,-499
100000362,6922,4503,2419
100000363,5002,5690,-688
100000364,412,326,86
100000365,7154,8264,-1110
100000366,8563,3931,4632
100000367,6639,7228,-589
100000368,3870,2137,1733
100000369,1925,2293,-368
100000370,382,912,-530
100000376,119,200,-81
100000379,3224,2058,1166
100000380,6280,4995,1285
100000384,7731,6663,1068
100000385,6450,5768,682
100000386,11650,6064,5586
100000387,7412,7263,149
100000388,10122,7838,2284
100000389,10211,8363,1848
100000390,11436,7996,3440
100000391,8802,9654,-852
100000392,5133,4665,468
100000393,4069,6090,-2021
100000394,10983,10883,100
100000395,7936,5012,2924
100000396,10223,4747,5476
100000397,7417,7655,-238
100000398,14979,10585,4394
100900002,11,53,-42
100900003,465,234,231
100900004,53,1034,-981
100900005,209,32,177
100900006,27,135,-108
100900007,656,11,645
100900008,5,428,-423
100900009,107,202,-95
100900010,150,150,0
100900011,130,257,-127
100900012,0,244,-244
100900013,1486,5,1481
100900014,4,25,-21
100900015,123,109,14
100900016,1,57,-56
100900017,1169,109,1060
100900018,1,25,-24
100900019,42,315,-273
100900020,425,9,416
100900021,525,4,521
100900022,44,120,-76
100900023,2,120,-118
100900024,1100,9,1091
100900025,37,12,25
100900026,121,159,-38
100900027,851,3816,-2965
100900028,190,280,-90
100900029,77,12,65
100900030,4,88,-84
100900031,884,107,777
100900032,288,1,287
100900033,442,319,123
100900034,659,7,652
100900035,693,0,693
100900036,22,4,18
100900037,126,235,-109
100900038,152,60,92
100900039,320,614,-294
100900040,524,927,-403
100900041,775,687,88
100900042,2138,976,1162
100900043,0,30,-30
100900044,2742,644,2098
100900045,50,0,50
100900046,1952,30,1922
100900047,982,506,476
100900048,333,62,271
100900049,234,235,-1
100900050,4,14,-10
100900051,50,107,-57
100900052,755,72,683
100900053,437,39,398
100900054,12,105,-93
100900055,406,863,-457
100900056,247,422,-175
100900057,1033,1688,-655
100900058,359,71,288
100900059,143,4,139
100900060,234,13,221
100900061,427,261,166
100900062,5,65,-60
100900063,302,832,-530
100900064,1058,35,1023
100900065,87,141,-54
100900066,112,270,-158
100900067,11,11,0
100900068,238,141,97
100900069,898,17,881
100900070,391,5,386
100900071,906,363,543
100900072,2,66,-64
100900073,193,620,-427
100900074,10,11,-1
100900075,2201,511,1690
100900076,37,35,2
100900077,53,148,-95
100900078,165,473,-308
100900079,13,34,-21
100900080,54,270,-216
100900081,48,214,-166
100900082,142,566,-424
100900083,14,40,-26
100900085,34,287,-253
100900086,211,1325,-1114
100900088,136,686,-550
100900089,1,21,-20
100900090,204,692,-488
100900091,10,33,-23
100900092,449,328,121
100900093,298,508,-210
100900094,135,619,-484
100900095,18,25,-7
100900096,55,149,-94
100900097,0,7,-7
100900098,16,17,-1
100900099,34,615,-581
100900100,43,587,-544
100900101,441,83,358
100900102,521,190,331
100900103,6,21,-15
100900104,8,226,-218
100900105,39,661,-622
100900106,42,6,36
100900107,2233,980,1253
100900108,12,63,-51
100900109,15,29,-14
100900110,9,41,-32
100900111,50,181,-131
100900112,31,19,12
100900113,13,38,-25
100900114,20,27,-7
100900115,12,45,-33
100900116,1062,1121,-59
100900117,365,1057,-692
100900118,90,109,-19
100900119,13,37,-24
100900120,13,13,0
100900121,448,876,-428
100900122,222,251,-29
100900123,71,274,-203
100900124,12,5,7
100900125,25,100,-75
100900126,191,646,-455
100900127,9,3,6
100900128,144,179,-35
100900129,0,186,-186
100900131,101,331,-230
100900133,83,85,-2
100900134,13,5,8
100900135,1,238,-237
100900137,441,267,174
100900138,699,622,77
100900139,7,11,-4
100900140,5,515,-510
100900141,1,561,-560
100900142,8,9,-1
100900143,1705,524,1181
100900144,35,6,29
100900145,308,264,44
100900146,6,74,-68
100900147,15,478,-463
100900148,38,766,-728
100900149,35,199,-164
100900150,5,48,-43
100900151,175,702,-527
100900152,331,9,322
100900153,6,218,-212
100900154,64,152,-88
100900155,12,28,-16
100900156,46,5,41
100900157,7,276,-269
100900159,8,77,-69
100900160,26,6,20
100900161,121,8,113
100900162,36,581,-545
100900163,305,251,54
100900164,60,80,-20
100900165,11,46,-35
100900166,49,16,33
100900167,16,71,-55
100900168,56,197,-141
100900169,178,1091,-913
100900170,78,15,63
100900171,27,767,-740
100900172,0,14,-14
100900173,4,510,-506
100900174,818,52,766
100900176,1756,237,1519
100900177,726,365,361
100900178,324,218,106
100900179,272,503,-231
100900180,29,3,26
100900181,153,129,24
100900182,66,42,24
100900184,17,252,-235
100900186,987,607,380
100900187,8,131,-123
100900188,60,20,40
100900189,1410,259,1151
100900191,1515,1508,7
100900192,381,424,-43
100900195,158,239,-81
100900197,35,103,-68
100900198,38,239,-201
100900199,11,23,-12
100900200,719,634,85
100900201,137,950,-813
100900202,47,0,47
100900203,0,111,-111
100900204,905,966,-61
100900205,236,765,-529
100900206,202,144,58
100900207,275,201,74
100900210,71,669,-598
100900211,741,280,461
100900213,156,90,66
100900214,912,223,689
100900215,13,80,-67
100900217,257,106,151
101000001,5413,3216,2197
101000002,6944,7360,-416
101000003,759,2475,-1716
101000004,10968,8851,2117
101000005,5231,5765,-534
101000006,9474,8218,1256
101000007,3815,4873,-1058
101000008,4272,3466,806
101000009,2295,1754,541
101000010,1119,1454,-335
101000011,2335,987,1348
101000012,1726,1009,717
101000013,839,1427,-588
101000014,650,796,-146
101000015,1280,1061,219
101000016,567,608,-41
101000017,789,661,128
101000018,4691,3541,1150
101000020,5277,1584,3693
101000021,1047,550,497
101000022,375,128,247
101000023,2045,898,1147
101000025,306,554,-248
101000026,402,40,362
101000027,2324,2791,-467
101000028,1082,301,781
101000029,558,2353,-1795
101000030,2529,174,2355
101000031,1547,1141,406
101000032,12391,6046,6345
101000033,3160,4084,-924
101000034,2909,2038,871
101000035,1142,826,316
101000036,2091,1199,892
101000037,4111,2047,2064
101000039,3725,3188,537
101000040,4860,4326,534
101000041,16047,11044,5003
101000042,1163,1946,-783
101000043,11428,10468,960
101000045,2664,1354,1310
101000046,5678,2227,3451
101000047,3641,4874,-1233
101000048,1200,1093,107
101000049,1170,2837,-1667
101000050,4085,3920,165
101000051,3242,3740,-498
101000052,1960,1384,576
101000053,1687,2008,-321
101000054,2645,1900,745
101000055,1862,1801,61
101000056,73,133,-60
101000057,3070,1354,1716
101000058,1983,1566,417
101000059,3287,2765,522
101000060,2292,629,1663
101000061,1186,1779,-593
101000062,1027,759,268
101000063,718,1097,-379
101000064,1574,1200,374
101000065,515,474,41
101000066,1363,1033,330
101000067,1552,1179,373
101000068,435,584,-149
101000069,403,141,262
101000070,1882,1435,447
101000071,2396,1103,1293
101000072,1128,3834,-2706
101000073,1389,1202,187
101000074,8906,4747,4159
101000075,7253,6168,1085
101000077,2201,1533,668
101000078,1558,2575,-1017
101000079,1068,468,600
101000080,1014,599,415
101000081,2315,1890,425
101000082,4296,3907,389
101000083,3102,2611,491
101000084,1788,1196,592
101000085,1891,1456,435
101000086,1231,1311,-80
101000087,1051,1363,-312
101000088,1459,1473,-14
101000089,1306,1964,-658
101000090,2578,1578,1000
101000091,541,1023,-482
101000092,952,1246,-294
101000093,1953,1046,907
101000094,1256,1299,-43
101000095,546,845,-299
101000096,433,650,-217
101000097,677,506,171
101000098,601,709,-108
101000099,1456,1310,146
101000100,1229,1121,108
101000101,342,592,-250
101000102,1208,567,641
101000103,1302,743,559
101000104,509,796,-287
101000105,639,433,206
101000106,991,744,247
101000107,262,377,-115
101000108,1083,391,692
101000109,383,93,290
101000110,42,645,-603
101000111,158,323,-165
101000113,262,1011,-749
101000114,11350,7922,3428
101000115,140,122,18
101000116,257,152,105
101000117,1951,315,1636
101000119,81,81,0
101000120,153,69,84
101000121,82,59,23
101000122,205,131,74
101000123,92,155,-63
101000124,955,270,685
101000125,325,514,-189
101000128,704,500,204
101000130,353,449,-96
101000131,897,736,161
101000132,803,1272,-469
101000135,63,50,13
101000136,651,228,423
101000137,56,406,-350
101000141,2126,4099,-1973
101000147,1158,544,614
101000148,1725,65,1660
101000149,120,212,-92
101000150,112,801,-689
101000151,289,66,223
101000152,343,371,-28
101000153,805,445,360
101000154,313,1337,-1024
101000155,338,198,140
101000156,26,326,-300
101000157,86,54,32
101000160,88,54,34
101000163,384,411,-27
101000164,537,380,157
101000165,361,453,-92
101000166,362,515,-153
101000168,1128,472,656
101000252,2176,1066,1110
101000254,758,154,604
101000258,74,13,61
101000261,220,31,189
101000262,1468,2394,-926
101000263,640,1789,-1149
101000265,151,992,-841
101000266,474,448,26
101000269,77,7,70
101000290,1744,4063,-2319
101000293,59,99,-40
101000294,966,546,420
101000295,160,708,-548
101000301,1156,668,488
101000304,2459,3156,-697
101000305,3990,1904,2086
101000328,65,317,-252
101900001,37,64,-27
101900002,0,19,-19
101900003,66,146,-80
101900004,6,78,-72
101900005,4816,2452,2364
101900006,1297,102,1195
101900007,1035,276,759
101900008,74,500,-426
101900009,58,503,-445
101900010,1316,1038,278
101900011,331,1668,-1337
101900012,309,486,-177
101900013,1450,205,1245
101900017,24,221,-197
101900018,1669,391,1278
101900019,286,164,122
101900020,175,198,-23
101900021,4,63,-59
101900022,240,1315,-1075
101900023,207,333,-126
101900026,176,65,111
101900027,24,145,-121
102000001,3026,5285,-2259
102000002,3286,1446,1840
102000003,4687,9880,-5193
102000004,9728,4345,5383
102000005,1569,2536,-967
102000006,1560,2511,-951
102000007,2007,5758,-3751
102000008,5844,2090,3754
102000009,7689,8975,-1286
102000010,7455,4011,3444
102000011,3820,3357,463
102000012,4177,3840,337
102000018,4009,3261,748
102000019,3030,1998,1032
102000026,291,686,-395
102000029,417,300,117
102000030,205,466,-261
102000031,90,212,-122
102000032,469,360,109
102000033,276,449,-173
102000034,663,526,137
102000035,1560,873,687
102000036,22,326,-304
102000037,237,79,158
102000038,220,416,-196
102000039,283,107,176
102000040,652,358,294
102000041,356,400,-44
102000042,407,391,16
102000043,773,325,448
102000044,428,477,-49
102000045,1469,1151,318
102000046,1281,741,540
102000047,953,1392,-439
102000048,514,912,-398
102000049,1298,877,421
102000050,1512,1754,-242
102000051,498,824,-326
102000052,1659,1166,493
102000053,1101,1257,-156
102000054,703,1282,-579
102000055,1325,827,498
102000056,1079,1419,-340
102000057,1860,775,1085
102000058,1623,1831,-208
102000059,2053,1891,162
102000060,1569,1304,265
102000061,1965,2640,-675
102000062,1981,1298,683
102000063,1472,1733,-261
102000064,699,833,-134
102000065,51,208,-157
102000066,1011,1125,-114
102000067,2994,3866,-872
102000068,10433,3212,7221
102000069,93,1876,-1783
102000070,2271,81,2190
102000071,8344,10834,-2490
102000072,4003,4496,-493
102000073,1708,1352,356
102000074,931,1292,-361
102000075,167,356,-189
102000076,260,630,-370
102000077,860,1024,-164
102000078,1427,1052,375
102000079,188,311,-123
102000080,291,305,-14
102000081,485,922,-437
102000082,927,449,478
102000083,626,415,211
102000084,382,387,-5
102000085,2323,1268,1055
102000086,1437,1916,-479
102000087,1167,2061,-894
102000088,488,465,23
102000089,1378,534,844
102000090,682,1339,-657
102000091,1694,741,953
102000092,515,902,-387
102000093,643,731,-88
102000094,1421,867,554
102000095,1432,1651,-219
102000096,1244,1103,141
102000097,1358,1287,71
102000098,811,1070,-259
102000099,1259,1123,136
102000100,1015,1548,-533
102000101,1739,1114,625
102000102,583,1652,-1069
102000103,1790,521,1269
102000104,830,434,396
102000105,313,674,-361
102000106,982,766,216
102000107,1411,699,712
102000108,932,230,702
102000109,605,692,-87
102000110,1200,1386,-186
102000111,9,289,-280
102000112,284,136,148
102000113,20,35,-15
102000114,964,429,535
102000115,273,312,-39
102000116,548,383,165
102000117,348,595,-247
102000118,1581,1251,330
102000119,2305,884,1421
102000120,269,641,-372
102000121,1316,740,576
102000122,941,1147,-206
102000123,1614,1673,-59
102000124,2130,1349,781
102000125,1275,1298,-23
102000126,1263,931,332
102000127,1746,968,778
102000128,991,1304,-313
102000129,1769,1116,653
102000130,900,1218,-318
102000131,3680,1319,2361
102000132,1541,1843,-302
102000133,2006,2061,-55
102000134,927,835,92
102000135,956,1108,-152
102000136,1286,748,538
102000137,1499,1170,329
102000138,506,562,-56
102000139,268,627,-359
102000140,508,507,1
102000141,796,1075,-279
102000142,448,468,-20
102000143,188,485,-297
102000144,325,505,-180
102000145,591,623,-32
102000146,477,466,11
102000147,782,638,144
102000148,285,834,-549
102000149,202,569,-367
102000150,468,155,313
102000151,104,420,-316
102000152,279,146,133
102000153,1380,669,711
102000154,431,795,-364
102000155,189,379,-190
102000156,421,152,269
102000157,179,428,-249
102000158,699,787,-88
102000159,1308,578,730
102000161,5107,3051,2056
102000162,246,241,5
102000163,168,799,-631
102000164,1553,1375,178
102000165,394,181,213
102000166,101,216,-115
102000167,308,307,1
102000168,383,165,218
102000169,160,577,-417
102000170,745,270,475
102000171,419,364,55
102000172,389,493,-104
102000173,600,318,282
102000174,91,117,-26
102000175,414,127,287
102000176,96,44,52
102000178,275,517,-242
102000179,442,245,197
102000180,1097,596,501
102000181,748,679,69
102000182,697,611,86
102000183,2126,2120,6
102000184,2490,1044,1446
102000185,3004,1726,1278
102000186,1470,2411,-941
102000187,1176,1938,-762
102000188,1521,1703,-182
102000189,2896,997,1899
102000190,996,3396,-2400
102000191,1420,625,795
102000192,1249,1822,-573
102000193,81,176,-95
102000194,64,177,-113
102000195,462,557,-95
102000196,193,506,-313
102000197,757,595,162
102000198,231,1006,-775
102000199,1138,465,673
102000200,408,1351,-943
102000201,1141,602,539
102000202,6,137,-131
102000203,470,323,147
102000204,474,810,-336
102000205,1221,509,712
102000206,776,1025,-249
102000207,1113,591,522
102000208,587,627,-40
102000209,143,96,47
102000210,447,576,-129
102000211,606,381,225
102000212,410,20,390
102000213,5,388,-383
102000214,322,7,315
102000215,15,502,-487
102000216,67,65,2
102000217,3,173,-170
102000218,380,195,185
102000219,511,377,134
102000225,851,671,180
102000226,5393,1385,4008
102000227,184,3,181
102000228,0,149,-149
102000229,35,70,-35
102000230,274,577,-303
102000231,412,588,-176
102000232,44,207,-163
102000233,511,950,-439
102000234,117,1282,-1165
102000236,455,99,356
102000237,573,182,391
102000238,211,322,-111
102000240,736,777,-41
102000241,243,153,90
102000243,62,83,-21
102000245,21,209,-188
102000246,11,34,-23
102000247,1187,1321,-134
102000248,826,1141,-315
102000249,169,181,-12
102000250,78,507,-429
102000254,121,370,-249
102000266,130,439,-309
102000271,42,2,40
102000286,609,514,95
102000297,2356,1331,1025
102000299,0,0,0
102000301,0,0,0
102000303,0,0,0
102000305,0,0,0
102000307,0,0,0
102900001,1981,966,1015
102900002,476,55,421
102900003,70,290,-220
102900005,506,334,172
102900006,581,234,347
102900007,520,32,488
102900008,240,79,161
102900009,746,398,348
102900010,722,764,-42
102900011,2333,440,1893
102900012,458,111,347
102900013,40,71,-31
102900015,948,782,166
102900016,63,144,-81
102900017,211,702,-491
102900018,61,168,-107
102900019,610,577,33
102900020,223,52,171
102900021,22,110,-88
102900022,776,196,580
102900023,71,77,-6
102900024,52,65,-13
102900025,276,109,167
102900026,564,2326,-1762
102900027,131,61,70
102900028,213,890,-677
102900029,245,254,-9
102900030,633,395,238
102900031,212,231,-19
102900032,90,130,-40
102900033,173,230,-57
102900034,679,140,539
102900035,156,418,-262
102900036,368,527,-159
102900037,705,663,42
102900038,659,646,13
102900039,114,708,-594
102900040,196,349,-153
102900041,138,289,-151
102900042,229,355,-126
102900043,254,287,-33
102900044,1063,2194,-1131
102900045,160,674,-514
102900046,184,303,-119
102900047,93,791,-698
102900048,769,741,28
102900049,172,532,-360
102900050,324,380,-56
102900051,272,267,5
102900052,103,70,33
102900053,551,827,-276
102900054,973,1674,-701
102900055,138,243,-105
102900056,136,529,-393
102900057,15,58,-43
102900058,415,78,337
102900059,23,80,-57
102900060,191,582,-391
102900061,259,507,-248
102900062,348,1113,-765
102900063,1388,557,831
102900064,225,476,-251
102900065,1663,748,915
102900066,389,30,359
102900068,161,110,51
102900070,398,764,-366
102900072,57,55,2
102900073,268,21,247
102900075,24,66,-42
102900076,208,195,13
102900077,76,42,34
102900078,30,100,-70
102900079,194,13,181
102900080,436,74,362
102900081,113,413,-300
102900082,22,357,-335
102900083,292,23,269
102900084,13,39,-26
102900085,474,172,302
102900086,18,58,-40
102900087,143,149,-6
102900088,42,44,-2
102900089,340,127,213
102900090,5,435,-430
102900091,213,3,210
102900092,411,1111,-700
102900093,396,307,89
102900094,1,120,-119
102900095,117,1,116
102900096,84,21,63
102900097,7,170,-163
103000001,2709,3003,-294
103000002,2487,2975,-488
103000003,4451,3526,925
103000004,1056,931,125
103000005,2107,3319,-1212
103000006,796,1604,-808
103000007,509,909,-400
103000008,1163,890,273
103000009,1311,1266,45
103000010,156,103,53
103000011,2016,1730,286
103000012,1637,1851,-214
103000013,5170,2528,2642
103000014,1705,3186,-1481
103000015,2004,770,1234
103000016,545,1700,-1155
103000017,270,504,-234
103000018,918,489,429
103000019,332,370,-38
103000020,3197,1953,1244
103000021,2289,2073,216
103000022,881,1376,-495
103000023,715,1911,-1196
103000024,145,247,-102
103000025,144,670,-526
103000026,1608,180,1428
103000027,415,691,-276
103000028,551,540,11
103000029,388,374,14
103000030,2393,1231,1162
103000031,2116,2108,8
103000032,2770,2402,368
103000033,3496,3137,359
103000034,1908,1567,341
103000035,511,1743,-1232
103000036,388,655,-267
103000037,799,698,101
103000038,671,1165,-494
103000039,516,557,-41
103000040,550,1186,-636
103000041,1896,2721,-825
103000042,1461,743,718
103000043,892,1200,-308
103000044,321,190,131
103000046,382,615,-233
103000047,691,737,-46
103000048,225,243,-18
103000049,209,188,21
103000050,693,648,45
103000051,588,586,2
103000052,987,530,457
103000053,174,655,-481
103000054,3189,2165,1024
103000055,2352,2780,-428
103000056,764,1838,-1074
103000057,583,341,242
103000058,854,1244,-390
103000059,495,1180,-685
103000060,1109,805,304
103000061,465,1153,-688
103000062,1454,748,706
103000063,806,1100,-294
103000064,194,255,-61
103000065,4,474,-470
103000066,213,20,193
103000069,549,470,79
103000070,1509,1047,462
103000071,1281,606,675
103000072,159,849,-690
103000073,627,164,463
103000074,765,121,644
103000075,179,845,-666
103000076,351,384,-33
103000077,63,428,-365
103000078,1197,691,506
103000079,1022,763,259
103000080,1469,468,1001
103000081,645,1319,-674
103000082,631,247,384
103000083,148,418,-270
103000084,175,12,163
103000085,5,152,-147
103000086,1041,505,536
103000087,161,612,-451
103000088,381,356,25
103000089,288,450,-162
103000090,2204,934,1270
103000091,825,486,339
103000092,286,382,-96
103000093,323,468,-145
103000094,296,131,165
103000095,98,381,-283
103000096,759,124,635
103000097,94,925,-831
103000098,1127,264,863
103000099,407,772,-365
103000100,116,867,-751
103000101,1052,167,885
103000102,110,704,-594
103000103,740,294,446
103000104,84,122,-38
103000105,148,131,17
103000106,17,158,-141
103000107,307,69,238
103000108,721,622,99
103000109,442,362,80
103000110,572,454,118
103000111,588,570,18
103000112,442,300,142
103000113,938,821,117
103000114,1622,522,1100
103000115,604,532,72
103000116,718,538,180
103000117,410,566,-156
103000118,1126,972,154
103000119,1521,734,787
103000120,77,147,-70
103000121,406,715,-309
103000122,549,530,19
103000125,36,344,-308
103000126,766,8,758
103000127,3,212,-209
103000128,265,8,257
103000129,4,141,-137
103000130,85,59,26
103000131,227,131,96
103000132,119,210,-91
103000133,23,149,-126
103000134,760,936,-176
103000135,831,420,411
103000136,840,528,312
103000137,638,732,-94
103000138,1052,840,212
103000139,6,90,-84
103000140,169,36,133
103000141,119,158,-39
103000142,243,94,149
103000143,92,228,-136
103000144,260,98,162
103000145,98,164,-66
103000150,157,59,98
103000152,268,308,-40
103000153,219,172,47
103000156,11,375,-364
103000157,425,6,419
103000159,226,79,147
103000162,95,19,76
103000163,14,56,-42
103000164,22,21,1
103000165,129,361,-232
103000166,196,354,-158
103000167,198,106,92
103000168,67,208,-141
103000169,276,533,-257
103000170,844,503,341
103000171,57,101,-44
103000172,574,397,177
103000173,655,727,-72
103000174,201,452,-251
103000175,318,358,-40
103000176,1063,755,308
103000177,628,560,68
103000178,382,371,11
103000179,461,50,411
103000183,130,34,96
103000185,107,92,15
103000186,138,226,-88
103000187,592,470,122
103000188,18,98,-80
103000189,1008,1015,-7
103000191,724,822,-98
103000292,2195,2216,-21
103000293,1401,2616,-1215
103000295,144,153,-9
103000296,587,4,583
103000297,199,112,87
103000504,111,12,99
103000505,11,32,-21
103000506,2,278,-276
103000507,210,4,206
103000508,79,111,-32
103000509,229,759,-530
103900001,24,311,-287
103900002,1559,266,1293
103900003,2083,311,1772
103900004,134,0,134
103900005,7,291,-284
103900006,2,2,0
103900007,62,8,54
103900008,19,2,17
103900009,314,713,-399
103900010,168,566,-398
103900011,302,218,84
103900012,13,21,-8
103900013,103,111,-8
103900014,68,26,42
103900015,60,13,47
103900016,712,279,433
103900017,62,105,-43
103900018,964,282,682
103900019,130,411,-281
103900020,245,528,-283
103900021,666,90,576
103900022,1490,951,539
103900023,172,2,170
103900024,114,507,-393
103900025,21,60,-39
103900026,188,0,188
103900027,877,417,460
103900028,31,417,-386
103900029,1233,197,1036
103900030,367,121,246
103900031,50,4,46
103900032,122,84,38
103900033,139,35,104
103900034,37,190,-153
103900035,96,82,14
103900036,42,47,-5
103900037,90,57,33
103900038,161,218,-57
103900039,70,490,-420
103900040,10,205,-195
103900041,36,71,-35
103900042,62,440,-378
103900043,180,104,76
103900044,143,278,-135
103900045,496,241,255
103900047,125,30,95
103900048,521,49,472
103900049,345,1444,-1099
103900050,13,132,-119
103900051,0,35,-35
103900052,251,457,-206
103900053,235,810,-575
103900054,149,483,-334
103900055,526,281,245
103900056,104,72,32
103900057,38,224,-186
103900058,257,747,-490
103900059,0,24,-24
103900060,52,263,-211
103900061,172,73,99
103900062,343,106,237
103900063,33,0,33
103900064,139,7,132
103900065,1164,458,706
103900066,180,39,141
103900067,204,12,192
103900068,30,0,30
103900069,88,46,42
103900070,216,270,-54
103900071,28,193,-165
103900072,12,249,-237
103900073,39,44,-5
103900074,99,117,-18
103900075,305,120,185
103900076,502,681,-179
103900077,63,134,-71
103900078,520,165,355
103900079,226,283,-57
103900080,20,44,-24
103900081,132,39,93
103900082,17,166,-149
103900083,1796,1179,617
103900084,122,202,-80
103900085,102,186,-84
103900086,724,502,222
103900088,443,595,-152
103900089,96,227,-131
103900090,2,205,-203
103900091,1302,363,939
103900092,738,588,150
103900093,105,425,-320
103900094,21,137,-116
103900095,375,337,38
103900096,27,308,-281
103900097,26,630,-604
103900098,244,172,72
103900099,77,195,-118
103900100,229,488,-259
103900101,107,1234,-1127
103900102,1,65,-64
103900104,4,39,-35
103900105,138,330,-192
103900106,0,39,-39
103900107,109,250,-141
103900108,37,424,-387
103900109,110,98,12
103900110,280,72,208
103900111,109,746,-637
103900112,108,182,-74
103900113,158,320,-162
103900114,489,391,98
103900115,341,282,59
103900116,7447,3321,4126
103900117,176,108,68
103900119,47,83,-36
103900120,92,170,-78
103900122,87,391,-304
103900123,1958,856,1102
103900124,74,515,-441
103900125,114,103,11
103900126,582,521,61
103900127,227,573,-346
103900128,353,213,140
103900131,67,211,-144
103900133,1254,142,1112
103900134,1,11,-10
103900135,3,12,-9
103900137,0,34,-34
103900138,138,336,-198
103900139,275,2022,-1747
103900140,12,160,-148
103900141,382,118,264
103900142,169,177,-8
103900143,103,2,101
103900144,1,73,-72
103900145,235,339,-104
103900146,366,308,58
103900147,463,170,293
103900148,245,472,-227
103900149,397,845,-448
103900150,7683,4291,3392
103900151,58,222,-164
103900152,689,799,-110
103900153,12,2,10
103900154,1249,1930,-681
103900155,58,275,-217
103900156,41,244,-203
103900157,56,278,-222
103900158,137,254,-117
103900159,185,93,92
103900160,76,53,23
103900161,132,254,-122
103900162,76,275,-199
103900163,27,537,-510
103900167,34,144,-110
103900168,130,125,5
103900169,63,63,0
103900170,0,133,-133
103900171,2,84,-82
103900172,6,37,-31
103900173,10,22,-12
103900174,180,82,98
103900175,68,75,-7
103900176,13,41,-28
103900177,12,103,-91
103900178,63,73,-10
103900179,57,122,-65
103900180,26,167,-141
103900181,47,67,-20
103900182,51,17,34
103900184,586,116,470
103900185,224,379,-155
103900187,42,82,-40
103900188,62,19,43
103900189,140,16,124
103900190,100,71,29
103900191,56,77,-21
103900192,43,207,-164
103900193,202,303,-101
103900194,75,381,-306
103900195,16,69,-53
103900196,121,69,52
103900197,30,43,-13
103900198,28,64,-36
103900199,170,77,93
103900200,190,162,28
103900201,202,273,-71
103900202,25,68,-43
103900203,51,30,21
103900204,5,107,-102
103900207,8,137,-129
103900208,131,0,131
103900209,9,155,-146
103900210,46,35,11
103900211,676,558,118
103900212,128,507,-379
103900213,133,321,-188
103900214,338,184,154
103900215,585,468,117
103900216,3,518,-515
103900217,524,86,438
103900218,1,317,-316
103900219,179,337,-158
103900233,70,2,68
103900235,44,19,25
103900236,36,6,30
103900242,16,7,9
103900243,9,10,-1
103900244,128,260,-132
103900245,141,315,-174
103900246,70,54,16
103900247,48,137,-89
103900248,13,109,-96
103900249,61,80,-19
103900250,50,47,3
103900251,5,44,-39
103900253,32,91,-59
103900254,9,16,-7
103900255,10,32,-22
103900256,15,37,-22
103900257,162,123,39
103900258,42,9,33
103900259,89,12,77
103900261,18,5,13
103900262,17,3,14
103900263,62,77,-15
103900264,75,86,-11
103900265,66,13,53
103900266,4,97,-93
103900267,16,82,-66
103900268,21,83,-62
103900269,200,38,162
103900270,78,171,-93
103900271,31,160,-129
103900272,114,125,-11
103900273,45,107,-62
103900274,94,29,65
103900275,67,19,48
103900276,10,144,-134
103900277,9,151,-142
103900278,14,71,-57
103900279,2,38,-36
104000001,2471,2548,-77
104000002,1874,2992,-1118
104000003,2798,2858,-60
104000004,3250,3139,111
104000005,1542,2429,-887
104000006,3370,3565,-195
104000007,4619,4449,170
104000008,223,336,-113
104000009,224,111,113
104000010,193,302,-109
104000011,569,432,137
104000012,189,451,-262
104000013,228,218,10
104000014,230,848,-618
104000015,376,174,202
104000016,690,540,150
104000018,898,201,697
104000019,617,227,390
104000020,207,830,-623
104000021,278,745,-467
104000022,142,317,-175
104000023,860,391,469
104000024,288,409,-121
104000026,59,547,-488
104000027,274,373,-99
104000028,359,290,69
104000029,420,493,-73
104000030,316,257,59
104000031,1493,515,978
104000032,246,303,-57
104000033,679,605,74
104000034,309,356,-47
104000035,894,504,390
104000036,804,661,143
104000037,348,273,75
104000038,496,373,123
104000039,259,327,-68
104000040,395,477,-82
104000041,787,339,448
104000042,289,420,-131
104000043,304,502,-198
104000044,331,730,-399
104000045,1015,1402,-387
104000046,1329,2112,-783
104000047,1022,1537,-515
104000048,1365,2140,-775
104000049,801,384,417
104000050,249,748,-499
104000051,102,653,-551
104000052,1993,1878,115
104000053,1783,625,1158
104000054,995,542,453
104000055,4909,3310,1599
104000056,1517,268,1249
104000057,169,646,-477
104000058,916,797,119
104000059,607,1241,-634
104000060,1215,1329,-114
104000061,1580,1401,179
104000062,408,144,264
104000064,489,336,153
104000065,429,892,-463
104000069,1333,1227,106
104000070,119,673,-554
104000071,250,564,-314
104000072,689,221,468
104000075,136,409,-273
104000076,633,177,456
104000082,2740,3787,-1047
104000083,972,187,785
104000084,136,668,-532
104000085,305,393,-88
104000086,253,555,-302
104000087,607,2456,-1849
104000090,939,1487,-548
104000092,1434,2638,-1204
104000094,1279,2076,-797
104000095,2144,1633,511
104000096,1766,285,1481
104000097,1898,1109,789
104000098,2335,1349,986
104000100,1977,913,1064
104000101,1447,2107,-660
104000106,81,700,-619
104000107,802,567,235
104000108,370,567,-197
104000109,384,97,287
104000110,795,1279,-484
104000111,5100,3115,1985
104000112,3182,677,2505
104000116,4,1145,-1141
104000117,170,831,-661
104000118,680,295,385
104000119,745,379,366
104000120,356,858,-502
104000121,210,864,-654
104000122,744,887,-143
104000123,894,1294,-400
104000124,1166,2561,-1395
104000125,4200,4947,-747
104000126,483,495,-12
104000127,1644,3400,-1756
104000128,827,548,279
104000129,427,35,392
104000130,17,235,-218
104000131,813,512,301
104000132,608,664,-56
104000133,1575,1037,538
104000134,1166,1788,-622
104000135,550,2312,-1762
104000136,1058,4872,-3814
104000137,1888,526,1362
104000138,1311,321,990
104000139,8346,3574,4772
104000141,1353,1539,-186
104000142,661,958,-297
104000143,596,732,-136
104000144,92,243,-151
104000145,428,259,169
104000146,415,712,-297
104000147,182,413,-231
104000148,356,138,218
104000149,230,411,-181
104000150,1140,557,583
104000151,471,658,-187
104000152,843,804,39
104000153,785,545,240
104000154,1205,862,343
104000155,523,542,-19
104000157,1330,1909,-579
104000158,667,627,40
104000159,924,537,387
104000160,2066,2186,-120
104000161,248,267,-19
104000162,80,186,-106
104000165,1270,1445,-175
104000167,777,1045,-268
104000168,736,7,729
104000169,101,50,51
104000170,685,767,-82
104000248,317,880,-563
104000251,59,316,-257
104000272,0,0,0
104000273,0,0,0
104000274,0,0,0
104000275,0,0,0
104000279,860,598,262
104000290,214,323,-109
104000291,694,1274,-580
104000293,794,816,-22
104000294,27,0,27
104000295,699,928,-229
104000296,398,1061,-663
104000297,918,2170,-1252
104000298,3454,1128,2326
104000299,913,1680,-767
104900001,211,605,-394
104900002,90,233,-143
104900003,109,438,-329
104900004,134,395,-261
104900005,338,337,1
104900006,393,139,254
104900007,318,290,28
104900009,169,432,-263
104900010,86,91,-5
104900011,143,24,119
104900012,405,55,350
104900013,180,24,156
104900014,3598,456,3142
104900015,121,9,112
104900016,337,290,47
104900017,212,266,-54
104900018,7,193,-186
104900019,434,2867,-2433
104900020,90,349,-259
104900021,2,187,-185
104900022,28,157,-129
104900023,0,104,-104
104900024,40,133,-93
104900025,85,355,-270
104900026,0,100,-100
104900027,603,388,215
104900028,39,156,-117
104900029,72,118,-46
104900030,589,300,289
104900031,129,249,-120
104900032,30,155,-125
104900033,201,296,-95
104900034,515,218,297
104900035,405,238,167
104900036,244,118,126
104900037,166,285,-119
104900038,616,1051,-435
104900039,895,405,490
104900040,488,115,373
104900041,251,191,60
104900042,191,261,-70
104900043,19,135,-116
104900044,706,246,460
104900045,436,67,369
104900046,255,184,71
104900047,375,149,226
104900048,327,109,218
104900049,46,22,24
104900050,523,145,378
104900051,342,83,259
104900052,64,4,60
104900053,558,147,411
104900054,201,59,142
104900055,87,1,86
104900056,266,45,221
104900057,37,1,36
104900058,1219,697,522
104900059,140,50,90
104900060,4,652,-648
104900061,302,775,-473
104900063,1,169,-168
104900064,0,106,-106
104900065,3,236,-233
104900066,0,289,-289
104900067,8,349,-341
104900068,24,283,-259
104900070,280,379,-99
104900071,2,600,-598
104900072,70,414,-344
104900073,112,250,-138
104900074,100,340,-240
104900075,101,61,40
104900076,138,484,-346
104900077,1377,364,1013
104900078,259,772,-513
104900079,155,617,-462
104900080,129,649,-520
104900082,12,584,-572
104900085,6,251,-245
104900087,436,11,425
104900089,198,0,198
104900090,1201,769,432
104900091,2102,854,1248
104900093,309,726,-417
104900097,3113,2518,595
104900098,151,48,103
104900099,68,684,-616
104900100,639,334,305
104900102,41,225,-184
104900103,576,101,475
104900104,3905,2677,1228
104900106,133,166,-33
104900107,248,230,18
104900108,89,315,-226
104900109,156,300,-144
104900110,15,51,-36
104900111,211,185,26
104900112,284,909,-625
104900113,812,489,323
104900114,392,670,-278
104900115,858,492,366
104900116,219,270,-51
104900118,53,99,-46
104900119,32,64,-32
104900120,75,199,-124
104900121,0,111,-111
104900122,8,108,-100
104900123,52,13,39
104900124,34,0,34
104900125,569,7,562
104900126,65,73,-8
104900127,31,72,-41
104900128,108,140,-32
104900129,2389,2231,158
105000001,2772,1709,1063
105000002,2638,1889,749
105000003,3887,4104,-217
105000004,644,1165,-521
105000005,979,1130,-151
105000006,1725,1919,-194
105000007,1446,1550,-104
105000008,2234,3293,-1059
105000009,2697,3741,-1044
105000010,3599,2793,806
105000011,4020,3171,849
105000012,5305,3968,1337
105000013,1211,1187,24
105000014,2515,2866,-351
105000015,12084,16922,-4838
105000016,4174,2722,1452
105000017,2319,1212,1107
105000018,1438,1889,-451
105000019,1651,899,752
105000020,235,503,-268
105000021,316,99,217
105000022,377,111,266
105000023,766,541,225
105000028,120,124,-4
105000029,817,1601,-784
105000030,5030,3447,1583
105000033,1361,2383,-1022
105000034,165,1123,-958
105000037,810,393,417
105000038,2657,1883,774
105000039,3691,2147,1544
105000040,1292,1416,-124
105000041,1487,1740,-253
105000042,4895,2029,2866
105000043,2560,2828,-268
105000044,687,511,176
105000045,390,1132,-742
105000046,1284,402,882
105000047,551,1990,-1439
105000048,636,232,404
105000049,329,693,-364
105000050,695,408,287
105000051,190,536,-346
105000052,856,969,-113
105000053,138,224,-86
105000054,627,1086,-459
105000055,1108,353,755
105000056,1928,2446,-518
105000057,1891,1018,873
105000058,1628,1460,168
105000059,802,743,59
105000060,493,796,-303
105000061,751,633,118
105000062,765,1077,-312
105000063,369,580,-211
105000064,1560,1079,481
105000065,419,723,-304
105000066,1431,1886,-455
105000067,1740,1047,693
105000068,607,1115,-508
105000069,2259,1862,397
105000070,853,1006,-153
105000071,258,900,-642
105000072,1124,2303,-1179
105000073,942,736,206
105000074,1771,1067,704
105000075,651,1030,-379
105000076,1445,1265,180
105000077,3276,1262,2014
105000078,1754,1594,160
105000079,1851,3686,-1835
105000080,2220,1641,579
105000081,4478,1608,2870
105000082,1391,2046,-655
105000083,5716,3798,1918
105000084,949,1102,-153
105000085,2170,2201,-31
105000086,671,1150,-479
105000087,2039,2329,-290
105000088,1924,1833,91
105000089,4059,2695,1364
105000090,1388,1070,318
105000091,1672,1934,-262
105000092,906,1162,-256
105000093,438,323,115
105000094,333,247,86
105000095,157,517,-360
105000096,1378,1120,258
105000097,1352,859,493
105000098,1079,890,189
105000099,1147,829,318
105000100,1595,1279,316
105000101,2469,2381,88
105000102,3694,1658,2036
105000103,2435,2857,-422
105000104,2988,1215,1773
105000105,1739,2383,-644
105000106,2185,2121,64
105000107,1599,1090,509
105000108,1827,1788,39
105000109,1819,2039,-220
105000110,950,776,174
105000111,745,1049,-304
105000112,1492,921,571
105000113,458,947,-489
105000114,3368,1345,2023
105000115,360,1356,-996
105000116,868,632,236
105000117,1030,1323,-293
105000118,610,582,28
105000119,799,1121,-322
105000120,1042,694,348
105000121,933,1347,-414
105000122,476,767,-291
105000123,1633,1737,-104
105000124,2215,963,1252
105000125,978,2179,-1201
105000126,2387,2124,263
105000127,2784,2465,319
105000128,866,1329,-463
105000129,958,427,531
105000130,475,3299,-2824
105000131,926,489,437
105000132,869,729,140
105000133,613,1149,-536
105000134,829,695,134
105000135,591,710,-119
105000136,143,396,-253
105000137,528,353,175
105000138,243,463,-220
105000139,1224,1219,5
105000140,493,676,-183
105000141,368,717,-349
105000142,247,562,-315
105000143,343,973,-630
105000144,369,1043,-674
105000145,752,549,203
105000146,514,1061,-547
105000147,725,424,301
105000148,1564,687,877
105000149,2865,2738,127
105000150,2641,2037,604
105000151,607,538,69
105000152,226,589,-363
105000153,649,849,-200
105000154,757,713,44
105000155,469,1195,-726
105000156,1148,865,283
105000157,1066,1930,-864
105000158,2233,938,1295
105000159,356,1179,-823
105000160,1995,732,1263
105000161,692,1099,-407
105000162,683,1880,-1197
105000163,1214,1008,206
105000164,302,320,-18
105000165,1260,5517,-4257
105000166,5886,1033,4853
105000167,2346,1768,578
105000168,383,758,-375
105000169,652,605,47
105000170,255,1726,-1471
105000171,1334,329,1005
105000172,254,109,145
105000173,204,304,-100
105000174,68,169,-101
105000175,106,175,-69
105000176,485,151,334
105000177,326,238,88
105000178,217,627,-410
105000179,637,264,373
105000180,156,169,-13
105000181,118,358,-240
105000182,73,73,0
105000183,2783,2217,566
105000184,1845,1248,597
105000185,2275,1148,1127
105000186,986,937,49
105000187,1121,280,841
105000188,593,197,396
105000189,435,596,-161
105000190,394,563,-169
105000191,481,382,99
105000192,318,79,239
105000193,124,198,-74
105000194,384,156,228
105000195,448,981,-533
105000196,78,262,-184
105000197,354,808,-454
105000198,703,402,301
105000199,352,723,-371
105000200,217,327,-110
105000201,134,37,97
105000203,10,245,-235
105000204,105,109,-4
105000205,127,259,-132
105000207,731,387,344
105000208,334,610,-276
105000209,279,555,-276
105000212,1529,1507,22
105000213,236,267,-31
105000214,209,439,-230
105000215,300,216,84
105000216,142,653,-511
105000217,184,589,-405
105000218,1359,1239,120
105000221,171,241,-70
105000222,840,88,752
105000223,486,204,282
105000226,128,330,-202
105000227,120,183,-63
105000228,294,2344,-2050
105000229,187,589,-402
105000231,415,376,39
105000233,1002,772,230
105000234,964,1460,-496
105000235,460,710,-250
105000237,771,113,658
105000243,33,235,-202
105000248,88,88,0
105000262,428,1499,-1071
105000269,181,239,-58
105000270,514,89,425
105000271,2,247,-245
105000282,108,75,33
105000287,476,149,327
105000288,1022,545,477
105000289,3643,2474,1169
105000290,52,6,46
105000402,4346,5030,-684
105000426,723,725,-2
105000438,4879,2004,2875
105000446,14949,7236,7713
105000447,9138,3582,5556
105000454,473,1000,-527
105000455,354,255,99
105000474,45,4,41
105000477,474,637,-163
105000478,1976,4977,-3001
105000479,158,160,-2
105000480,10515,7263,3252
105000481,5397,3759,1638
105000482,7217,8888,-1671
105000483,1768,2070,-302
105000484,2636,3601,-965
105000485,1876,3417,-1541
105000486,4654,2989,1665
105000488,11780,6684,5096
105000489,961,993,-32
105000549,190,172,18
105000550,782,1913,-1131
105000551,57,138,-81
105000552,3250,2002,1248
105000555,772,820,-48
105900001,15,1609,-1594
105900002,2018,898,1120
105900003,18,141,-123
105900004,384,172,212
105900005,26,308,-282
105900006,59,138,-79
105900007,199,52,147
105900008,71,641,-570
105900009,31,21,10
105900011,425,73,352
105900012,760,254,506
105900013,3,58,-55
105900014,8,69,-61
105900015,292,360,-68
105900016,537,779,-242
105900017,1572,53,1519
105900018,217,249,-32
105900019,82,1019,-937
105900020,46,69,-23
105900021,49,417,-368
105900022,562,230,332
105900023,21,127,-106
105900024,30,283,-253
105900025,197,65,132
105900026,312,26,286
105900027,10220,11742,-1522
105900028,835,338,497
105900029,1984,494,1490
105900030,277,310,-33
105900031,447,247,200
105900032,82,220,-138
105900033,89,149,-60
105900034,455,277,178
105900035,312,251,61
105900036,111,214,-103
105900037,111,68,43
105900038,193,326,-133
105900039,122,192,-70
105900040,72,114,-42
105900041,189,237,-48
105900042,78,202,-124
105900043,1513,136,1377
105900044,3,302,-299
105900045,9,1010,-1001
105900046,6,395,-389
105900047,12,78,-66
105900048,112,621,-509
105900050,9483,4541,4942
105900051,35,1318,-1283
105900052,784,459,325
105900053,3631,3051,580
105900054,428,255,173
105900056,1010,459,551
105900057,92,146,-54
105900058,27,22,5
105900059,0,48,-48
106000001,5855,3094,2761
106000002,3240,6715,-3475
106000003,3276,4194,-918
106000004,2119,3288,-1169
106000005,3622,6881,-3259
106000006,6966,4856,2110
106000007,583,719,-136
106000008,474,358,116
106000009,714,465,249
106000010,790,741,49
106000011,1139,1322,-183
106000012,995,1648,-653
106000013,2151,2420,-269
106000014,2151,1908,243
106000015,1948,1563,385
106000016,1298,2480,-1182
106000017,606,780,-174
106000018,736,659,77
106000019,503,583,-80
106000020,336,440,-104
106000021,376,514,-138
106000022,379,258,121
106000023,633,442,191
106000024,648,605,43
106000025,179,240,-61
106000026,136,304,-168
106000027,1413,1682,-269
106000028,645,651,-6
106000029,995,1463,-468
106000030,727,573,154
106000034,300,727,-427
106000035,1119,2232,-1113
106000036,256,535,-279
106000037,2192,1597,595
106000038,558,147,411
106000039,215,130,85
106000040,201,1040,-839
106000041,791,665,126
106000043,680,241,439
106000046,477,117,360
106000047,66,511,-445
106000049,974,232,742
106000050,337,1019,-682
106000051,752,570,182
106000052,102,812,-710
106000053,446,159,287
106000054,429,592,-163
106000055,1215,1343,-128
106000056,337,456,-119
106000057,310,415,-105
106000058,152,213,-61
106000059,330,440,-110
106000060,385,625,-240
106000061,237,666,-429
106000062,165,601,-436
106000063,702,669,33
106000064,48,501,-453
106000065,406,427,-21
106000066,156,381,-225
106000067,816,145,671
106000068,82,693,-611
106000069,265,103,162
106000070,505,939,-434
106000071,1239,473,766
106000072,3344,1882,1462
106000073,1856,3344,-1488
106000074,836,813,23
106000075,348,1754,-1406
106000076,2101,2584,-483
106000077,4114,1613,2501
106000078,1215,1165,50
106000079,843,1092,-249
106000080,1467,705,762
106000081,653,1238,-585
106000082,2867,990,1877
106000083,510,1763,-1253
106000084,1373,826,547
106000085,1734,1937,-203
106000086,762,1172,-410
106000087,1121,724,397
106000088,438,850,-412
106000089,1134,424,710
106000090,280,780,-500
106000091,340,621,-281
106000092,777,309,468
106000093,350,195,155
106000094,117,316,-199
106000095,861,931,-70
106000096,987,798,189
106000097,1325,984,341
106000098,986,1112,-126
106000099,239,892,-653
106000100,1710,310,1400
106000101,2515,361,2154
106000102,257,691,-434
106000103,491,580,-89
106000104,1131,585,546
106000105,519,726,-207
106000106,695,586,109
106000107,147,332,-185
106000108,298,415,-117
106000109,130,293,-163
106000110,288,388,-100
106000111,210,474,-264
106000112,234,693,-459
106000113,877,588,289
106000114,561,850,-289
106000115,241,476,-235
106000116,247,249,-2
106000117,1146,792,354
106000118,1247,1556,-309
106000119,1853,1249,604
106000120,1051,1266,-215
106000121,184,156,28
106000122,129,298,-169
106000123,471,228,243
106000124,74,296,-222
106000125,29,290,-261
106000126,319,194,125
106000127,922,987,-65
106000128,766,308,458
106000129,497,724,-227
106000130,768,459,309
106000131,163,908,-745
106000132,627,242,385
106000133,2243,1469,774
106000134,723,2656,-1933
106000135,247,699,-452
106000136,743,1084,-341
106000137,65,866,-801
106000138,1262,111,1151
106000139,60,150,-90
106000140,47,72,-25
106000141,116,74,42
106000142,95,86,9
106000143,70,65,5
106000144,38,75,-37
106000145,303,296,7
106000146,350,172,178
106000147,469,517,-48
106000148,657,958,-301
106000149,613,467,146
106000150,537,2127,-1590
106000151,4127,942,3185
106000152,1538,2217,-679
106000153,118,1735,-1617
106000154,1501,274,1227
106000155,104,283,-179
106000156,889,368,521
106000157,808,1941,-1133
106000158,2729,1139,1590
106000159,3659,2313,1346
106000160,488,2978,-2490
106000161,1839,405,1434
106000162,283,984,-701
106000163,471,454,17
106000164,454,415,39
106000165,252,630,-378
106000166,787,344,443
106000167,525,1139,-614
106000168,535,349,186
106000169,261,654,-393
106000170,1081,311,770
106000171,424,1521,-1097
106000172,3371,1806,1565
106000173,1531,3327,-1796
106000174,1170,484,686
106000175,369,1005,-636
106000176,1603,930,673
106000177,942,2550,-1608
106000178,4040,2065,1975
106000179,1385,2662,-1277
106000180,949,1562,-613
106000181,897,2178,-1281
106000182,1334,939,395
106000183,1576,809,767
106000184,2523,886,1637
106000185,1368,1600,-232
106000186,1035,291,744
106000187,276,1285,-1009
106000188,1,3,-2
106000189,30,52,-22
106000190,20,2,18
106000191,652,255,397
106000192,2,40,-38
106000193,492,248,244
106000194,176,488,-312
106000195,856,206,650
106000196,227,581,-354
106000197,835,374,461
106000198,189,300,-111
106000199,1595,912,683
106000200,259,283,-24
106000201,564,2810,-2246
106000202,4708,725,3983
106000203,86,200,-114
106000204,106,15,91
106000205,15,165,-150
106000206,118,17,101
106000207,59,875,-816
106000208,1446,179,1267
106000209,1656,445,1211
106000210,477,1220,-743
106000211,546,1271,-725
106000212,829,432,397
106000213,989,2384,-1395
106000214,3302,1023,2279
106000215,512,504,8
106000216,584,454,130
106000217,290,481,-191
106000218,511,495,16
106000219,152,320,-168
106000220,524,348,176
106000221,228,290,-62
106000222,65,116,-51
106000223,236,163,73
106000224,224,258,-34
106000225,76,136,-60
106000226,137,283,-146
106000228,50,92,-42
106000229,117,799,-682
106000231,1030,111,919
106000232,171,427,-256
106000233,1025,94,931
106000234,517,226,291
106000235,786,135,651
106000236,317,98,219
106000237,2,19,-17
106000238,101,15,86
106000239,10,174,-164
106000240,48,3,45
106000241,30,756,-726
106000242,258,44,214
106000249,61,106,-45
106000250,97,654,-557
106000251,121,60,61
106000252,30,77,-47
106000253,53,81,-28
106000254,44,52,-8
106000255,25,218,-193
106000256,37,61,-24
106000257,180,320,-140
106000258,359,29,330
106000259,12,68,-56
106000260,31,26,5
106000261,11,49,-38
106000262,118,10,108
106000263,12,93,-81
106000264,193,20,173
106000265,10,145,-135
106000266,121,37,84
106000267,11,147,-136
106000268,628,48,580
106000269,54,56,-2
106000270,194,545,-351
106000271,101,282,-181
106000272,312,48,264
106000273,23,316,-293
106000274,242,57,185
106000275,183,338,-155
106000276,192,59,133
106000277,170,269,-99
106000278,245,44,201
106000279,20,46,-26
106000280,78,114,-36
106000281,103,64,39
106000282,89,72,17
106000283,183,72,111
106000284,84,144,-60
106000285,134,129,5
106000286,84,168,-84
106000287,120,101,19
106000288,109,201,-92
106000289,114,67,47
106000290,55,112,-57
106000291,142,118,24
106000292,107,100,7
106000293,183,107,76
106000294,128,128,0
106000295,66,51,15
106000296,40,112,-72
106000297,86,258,-172
106000298,182,76,106
106000299,106,157,-51
106000300,50,98,-48
106000301,61,110,-49
106000303,39,121,-82
106000304,40,45,-5
106000305,38,47,-9
106000306,47,65,-18
106000307,62,24,38
106000308,36,129,-93
106000309,29,85,-56
106000310,317,614,-297
106000311,450,253,197
106000312,114,193,-79
106000313,204,288,-84
106000318,129,588,-459
106000319,1130,303,827
106000320,2,75,-73
106000321,426,133,293
106000322,153,210,-57
106000324,22,137,-115
106000325,1811,1134,677
106000326,1090,2099,-1009
106000327,148,180,-32
106000328,47,155,-108
106000329,209,270,-61
106000330,185,70,115
106000428,98,209,-111
106000429,120,502,-382
106000430,363,1473,-1110
106000431,2564,481,2083
106000432,2238,3253,-1015
106000433,2681,1659,1022
106000434,3429,1807,1622
106000435,1842,2854,-1012
106000436,22,231,-209
106000437,349,48,301
106000438,669,197,472
106000439,93,433,-340
106000440,340,468,-128
106000441,4,0,4
106000442,167,19,148
106000443,182,361,-179
106000450,8,197,-189
106000451,30,41,-11
106000454,8,197,-189
106000455,12,239,-227
106000456,163,71,92
106000457,11,1124,-1113
106000458,880,131,749
106000459,161,572,-411
106000460,1694,44,1650
106000461,132,1842,-1710
106000462,2,48,-46
106000463,3,35,-32
106000464,13,569,-556
106000465,696,3,693
106000466,9,784,-775
106000467,524,752,-228
106000468,68,239,-171
106000469,245,3,242
106000470,314,1876,-1562
106000471,35,727,-692
106000472,243,22,221
106000473,47,22,25
106000474,282,548,-266
106000475,290,216,74
106000476,179,249,-70
106000477,20,81,-61
106000480,0,277,-277
106900001,0,16,-16
106900002,3,487,-484
106900003,347,1087,-740
106900004,0,39,-39
106900006,0,8,-8
106900007,0,7,-7
106900008,347,285,62
106900009,354,394,-40
106900010,282,379,-97
106900012,2098,2854,-756
106900013,1092,195,897
106900014,31,5,26
106900015,19,2,17
106900016,337,10,327
106900017,8,0,8
106900018,3,0,3
106900019,53,4,49
106900020,2743,1615,1128
106900021,148,108,40
106900022,726,13,713
106900023,50,277,-227
106900024,983,44,939
106900025,88,764,-676
106900026,3,669,-666
106900027,757,9,748
107000001,5254,4642,612
107000002,4623,6380,-1757
107000003,6630,7757,-1127
107000004,6130,6683,-553
107000005,5268,6689,-1421
107000006,7062,5932,1130
107000007,6716,12851,-6135
107000008,15894,11157,4737
107000009,8362,8861,-499
107000010,13238,12912,326
107000011,1598,1773,-175
107000012,5609,4131,1478
107000013,64,134,-70
107000014,29,235,-206
107000015,533,853,-320
107000016,711,987,-276
107000017,7409,2305,5104
107000018,137,1858,-1721
107000020,4813,2094,2719
107000021,2471,636,1835
107000022,1699,2057,-358
107000023,3171,354,2817
107000024,809,1891,-1082
107000025,257,559,-302
107000026,375,714,-339
107000027,1614,1756,-142
107000028,1746,2016,-270
107000029,4050,3974,76
107000030,4165,4216,-51
107000031,4522,3568,954
107000032,685,1374,-689
107000033,3782,7351,-3569
107000034,4784,2272,2512
107000035,378,298,80
107000036,608,1460,-852
107000037,109,1133,-1024
107000038,289,355,-66
107000039,1234,1126,108
107000040,185,504,-319
107000041,2159,1112,1047
107000042,901,2563,-1662
107000043,3412,1516,1896
107000044,806,510,296
107000045,133,383,-250
107000046,1102,545,557
107000047,553,1084,-531
107000048,817,383,434
107000049,767,988,-221
107000050,1309,708,601
107000051,523,503,20
107000052,1400,1367,33
107000053,446,257,189
107000054,80,339,-259
107000055,264,111,153
107000056,478,921,-443
107000057,1306,294,1012
107000058,2713,2861,-148
107000059,2608,4335,-1727
107000060,5247,6721,-1474
107000061,6558,4926,1632
107000062,4933,3714,1219
107000063,5276,6635,-1359
107000064,5052,2932,2120
107000065,7061,5895,1166
107000066,2596,3537,-941
107000067,1587,1437,150
107000068,2044,953,1091
107000069,1032,685,347
107000070,1454,57,1397
107000071,3703,49,3654
107000072,80,3581,-3501
107000073,954,391,563
107000074,204,1174,-970
107000075,2035,626,1409
107000076,959,1977,-1018
107000077,4402,1797,2605
107000078,3746,4221,-475
107000079,3270,1359,1911
107000080,1749,4137,-2388
107000081,2042,806,1236
107000082,721,2733,-2012
107000083,1711,535,1176
107000084,451,2689,-2238
107000085,3441,4230,-789
107000086,4300,4336,-36
107000087,3237,2580,657
107000088,4216,4534,-318
107000089,1798,2082,-284
107000090,1456,1376,80
107000091,1655,1095,560
107000092,977,1307,-330
107000093,1357,1079,278
107000094,1280,1432,-152
107000095,965,877,88
107000096,715,1082,-367
107000097,1158,516,642
107000098,1100,897,203
107000099,664,373,291
107000100,412,462,-50
107000101,103,179,-76
107000102,302,461,-159
107000103,314,229,85
107000104,226,309,-83
107000105,450,170,280
107000106,346,368,-22
107000107,621,250,371
107000108,273,767,-494
107000109,721,212,509
107000110,81,521,-440
107000111,404,56,348
107000112,64,307,-243
107000113,690,158,532
107000114,120,647,-527
107000115,637,166,471
107000116,135,911,-776
107000117,147,753,-606
107000118,139,235,-96
107000119,1918,1937,-19
107000120,1684,567,1117
107000121,1060,978,82
107000122,1432,1205,227
107000123,573,894,-321
107000124,644,1189,-545
107000125,1034,837,197
107000126,1094,1063,31
107000129,319,933,-614
107000130,675,313,362
107000131,571,707,-136
107000132,685,450,235
107000133,1142,132,1010
107000134,467,9,458
107000135,6,337,-331
107000136,960,6,954
107000137,35,550,-515
107000138,493,49,444
107000139,37,531,-494
107000140,2571,137,2434
107000141,166,993,-827
107000142,711,107,604
107000143,84,874,-790
107000144,862,577,285
107000145,267,614,-347
107000146,294,546,-252
107000147,3538,1000,2538
107000150,918,5253,-4335
107000151,55,167,-112
107000152,626,1696,-1070
107000153,308,607,-299
107000154,380,322,58
107000155,1054,37,1017
107000156,1542,36,1506
107000157,99,1971,-1872
107000158,704,34,670
107000159,43,1154,-1111
107000160,1135,247,888
107000161,127,1973,-1846
107000162,316,721,-405
107000163,253,27,226
107000164,710,8,702
107000165,1226,15,1211
107000166,70,1473,-1403
107000167,771,431,340
107000168,1283,638,645
107000169,1006,1113,-107
107000170,2741,1293,1448
107000171,1021,2627,-1606
107000172,1192,1769,-577
107000173,911,1325,-414
107000174,1249,6894,-5645
107000175,9340,2226,7114
107000176,0,2,-2
107000177,6,5,1
107000178,32,69,-37
107000179,411,2599,-2188
107000180,1543,554,989
107000181,522,1367,-845
107000182,1985,1389,596
107000183,165,1076,-911
107000184,1119,940,179
107000185,582,1826,-1244
107000186,1443,583,860
107000187,1807,1701,106
107000188,745,738,7
107000189,592,1394,-802
107000190,757,981,-224
107000191,823,1256,-433
107000192,2097,1061,1036
107000193,520,678,-158
107000194,1016,890,126
107000197,1335,404,931
107000198,440,878,-438
107000199,884,915,-31
107000200,806,864,-58
107000201,626,435,191
107000202,353,622,-269
107000203,1662,1163,499
107000204,1843,1199,644
107000205,2951,1252,1699
107000206,1485,1837,-352
107000207,969,1350,-381
107000208,1536,739,797
107000209,2924,1590,1334
107000210,1154,547,607
107000211,5,59,-54
107000212,40,436,-396
107000213,8,21,-13
107000214,30,189,-159
107000215,598,428,170
107000216,529,461,68
107000217,279,163,116
107000219,121,219,-98
107000220,307,249,58
107000222,301,980,-679
107000224,716,99,617
107000225,861,546,315
107000226,523,123,400
107000227,170,361,-191
107000228,141,283,-142
107000229,226,250,-24
107000230,1364,676,688
107000231,2434,2182,252
107000232,156,154,2
107000233,2276,1228,1048
107000234,2,58,-56
107000235,100,15,85
107000236,32,747,-715
107000237,33,2,31
107000238,60,3,57
107000239,4332,792,3540
107000240,150,1399,-1249
107000241,134,18,116
107000242,383,52,331
107000243,0,44,-44
107000244,5,83,-78
107000246,5,1189,-1184
107000249,1,1347,-1346
107000251,0,431,-431
107000252,7,1567,-1560
107000255,668,132,536
107000257,2,448,-446
107000258,0,132,-132
107000259,8,223,-215
107000260,665,20,645
107000262,15,662,-647
107000263,255,38,217
107000266,6,11,-5
107000267,147,171,-24
107000268,182,229,-47
107000269,1061,82,979
107000270,3,34,-31
107000271,12,841,-829
107000272,22,179,-157
107000273,11,294,-283
107000274,4730,646,4084
107000275,262,1759,-1497
107000280,924,44,880
107000281,43,1230,-1187
107000282,67,1017,-950
107000290,26,39,-13
107000291,34,14,20
107000292,2,136,-134
107000293,198,5,193
107000294,1,46,-45
107000295,245,4,241
107000296,0,39,-39
107000444,427,9,418
107000496,3,18,-15
107000497,1990,3175,-1185
107000500,367,506,-139
107000501,230,196,34
107000502,217,435,-218
107000505,530,1021,-491
107000506,1,89,-88
107000508,18,848,-830
107000509,284,1186,-902
107000510,82,35,47
107000514,51,420,-369
107000515,37,278,-241
107000516,333,414,-81
107000518,1221,1553,-332
107000519,2392,1261,1131
107000520,99,41,58
107000521,663,517,146
107000522,1031,712,319
107900001,72,195,-123
107900002,50,12,38
107900003,307,17,290
107900004,95,1,94
107900005,1448,5,1443
107900006,243,4,239
107900007,415,60,355
107900008,354,46,308
107900009,201,3,198
107900010,57,3,54
107900012,349,29,320
107900013,294,49,245
107900014,30,14,16
107900015,1259,21,1238
107900016,614,153,461
107900017,42,8,34
107900018,55,176,-121
107900019,33,56,-23
107900020,93,8,85
107900021,80,148,-68
107900023,2,7,-5
107900024,0,52,-52
107900025,249,285,-36
107900026,94,83,11
107900027,39,90,-51
107900028,84,106,-22
107900030,217,34,183
107900031,86,182,-96
107900032,21,13,8
107900033,21,7,14
107900034,514,24,490
107900035,1044,78,966
107900036,68,22,46
107900037,0,60,-60
107900038,144,322,-178
107900039,51,76,-25
107900040,142,665,-523
107900041,7,1,6
107900043,45,172,-127
107900044,11,15,-4
107900045,148,100,48
107900046,185,276,-91
107900047,46,81,-35
107900048,191,8,183
107900049,416,2387,-1971
107900050,214,392,-178
107900051,112,89,23
107900052,58,45,13
107900053,54,156,-102
107900055,973,449,524
107900056,181,93,88
107900057,8,0,8
107900058,48,757,-709
107900060,229,65,164
107900061,26,14,12
107900063,75,167,-92
107900064,389,187,202
107900065,221,21,200
107900066,46,9,37
107900067,4,0,4
107900068,225,560,-335
107900069,34,1824,-1790
107900070,105,64,41
107900071,39,860,-821
107900072,120,251,-131
107900073,522,91,431
107900074,1024,360,664
107900076,149,77,72
107900077,65,2,63
107900078,274,90,184
107900079,15,38,-23
107900080,412,741,-329
107900081,41,106,-65
107900082,33,31,2
107900083,477,222,255
107900084,141,212,-71
107900086,143,248,-105
107900087,861,248,613
107900088,37,11,26
107900089,345,1332,-987
107900090,1010,3003,-1993
107900091,327,527,-200
107900092,2479,577,1902
107900093,133,121,12
107900095,3912,2650,1262
107900097,42,109,-67
107900098,93,265,-172
107900100,1388,1563,-175
107900101,1198,326,872
107900102,47,4,43
107900103,58,222,-164
107900104,372,12,360
107900105,5,381,-376
107900106,3,1256,-1253
107900107,1929,585,1344
107900108,345,167,178
107900109,1370,11,1359
107900110,71,191,-120
107900111,7,1048,-1041
107900112,115,410,-295
107900113,295,166,129
107900114,232,234,-2
107900115,3,39,-36
107900116,195,315,-120
107900117,518,509,9
107900118,118,259,-141
107900119,92,398,-306
107900120,36,33,3
107900121,6,283,-277
107900122,2,142,-140
107900123,5,38,-33
107900124,9,48,-39
107900125,36,198,-162
107900126,11,75,-64
107900127,726,372,354
107900128,145,137,8
107900129,81,89,-8
107900130,94,56,38
107900131,994,332,662
107900132,149,572,-423
107900133,1,82,-81
107900134,32,83,-51
107900135,10,217,-207
107900136,39,53,-14
107900137,178,117,61
107900138,66,166,-100
107900139,47,188,-141
107900140,138,68,70
107900141,69,73,-4
107900142,137,1081,-944
107900143,313,50,263
107900144,4,209,-205
107900145,16,134,-118
107900146,72,139,-67
107900147,60,81,-21
107900148,206,149,57
107900149,1229,332,897
107900150,88,844,-756
107900151,45,113,-68
107900152,14,245,-231
107900153,174,339,-165
107900154,62,30,32
107900155,79,119,-40
107900156,11,401,-390
107900157,46,68,-22
107900158,1039,31,1008
107900159,49,1079,-1030
107900160,179,205,-26
107900161,22,199,-177
107900162,0,163,-163
107900163,123,523,-400
107900164,10,63,-53
107900165,23,132,-109
107900166,23,241,-218
107900167,39,43,-4
107900168,37,79,-42
107900169,3,241,-238
107900171,12,1741,-1729
107900172,5,413,-408
107900173,24,167,-143
107900174,97,6,91
107900175,119,53,66
107900176,44,79,-35
107900177,3,325,-322
107900178,0,185,-185
107900179,20,153,-133
107900180,864,664,200
107900181,904,356,548
107900182,3,1373,-1370
107900183,66,298,-232
107900184,263,235,28
107900185,102,2,100
107900186,41,60,-19
107900187,1,210,-209
107900188,755,195,560
107900189,27,178,-151
107900190,134,160,-26
107900191,62,150,-88
107900193,3,43,-40
107900194,267,9,258
107900195,3119,545,2574
107900196,188,102,86
107900197,1327,542,785
107900199,3,1025,-1022
107900201,97,120,-23
107900203,47,74,-27
107900204,230,290,-60
107900205,261,541,-280
107900206,1224,347,877
107900207,7,764,-757
107900208,22,667,-645
107900209,451,174,277
107900210,88,163,-75
107900213,1081,724,357
107900214,37,136,-99
107900215,164,394,-230
107900216,244,111,133
107900217,83,101,-18
107900218,34,2017,-1983
107900219,50,144,-94
107900220,362,331,31
107900221,229,250,-21
107900223,94,725,-631
107900224,196,531,-335
107900225,13,810,-797
107900226,106,117,-11
107900227,196,558,-362
107900228,18,137,-119
107900229,2,341,-339
107900230,13,125,-112
107900231,20,245,-225
107900232,67,179,-112
107900233,12,155,-143
107900234,111,201,-90
107900235,42,93,-51
107900236,93,86,7
107900237,66,622,-556
107900238,30,101,-71
107900239,981,611,370
107900240,47,143,-96
107900241,8,93,-85
107900242,44,292,-248
107900243,6,83,-77
107900244,394,4,390
107900245,684,76,608
107900246,714,24,690
107900248,569,626,-57
107900249,643,35,608
107900250,4,609,-605
107900251,152,1754,-1602
107900252,1173,48,1125
107900253,147,8,139
107900254,73,665,-592
107900255,416,127,289
107900256,2812,2080,732
107900257,221,163,58
107900258,163,238,-75
107900259,117,2216,-2099
107900261,0,412,-412
107900262,119,121,-2
107900264,269,1,268
107900265,302,200,102
107900267,207,21,186
107900268,45,6,39
107900269,0,8,-8
107900270,2,0,2
107900271,1,32,-31
107900272,177,32,145
107900273,46,151,-105
107900274,79,0,79
107900275,32,0,32
107900276,0,139,-139
107900277,2,222,-220
107900278,359,484,-125
107900279,119,223,-104
107900280,2312,2981,-669
107900281,2227,3094,-867
107900282,67,606,-539
107900283,1185,654,531
107900284,828,784,44
107900285,123,106,17
107900286,194,132,62
107900287,184,234,-50
107900290,0,149,-149
107900291,539,21,518
107900292,227,293,-66
107900293,75,550,-475
107900295,71,77,-6
107900297,5,433,-428
107900298,869,1102,-233
107900299,3737,2608,1129
107900300,66,314,-248
107900301,1357,718,639
107900302,172,75,97
107900303,454,312,142
107900304,283,649,-366
107900305,289,22,267
107900306,16,38,-22
107900307,68,311,-243
107900308,211,143,68
107900309,96,2,94
107900310,496,2,494
107900311,11,349,-338
107900312,47,4,43
107900313,1,139,-138
107900314,1,83,-82
107900315,4,75,-71
107900316,48,4,44
107900317,124,12,112
107900318,16,182,-166
107900319,8,229,-221
107900320,1,191,-190
107900321,142,3,139
107900322,3,141,-138
107900323,8,164,-156
107900324,219,4,215
107900325,116,1,115
107900326,283,277,6
107900327,2,89,-87
107900328,200,1,199
107900329,155,120,35
107900330,19,429,-410
107900331,197,42,155
107900332,271,37,234
107900333,72,29,43
107900334,23,183,-160
107900335,128,43,85
107900336,122,82,40
107900337,1190,888,302
107900338,3,172,-169
107900339,7,26,-19
107900340,1,87,-86
107900341,63,5,58
107900342,204,243,-39
107900343,96,4,92
107900344,9,73,-64
107900345,141,38,103
107900346,38,0,38
107900347,23,2,21
107900348,6,4,2
107900349,20,9,11
107900350,25,265,-240
107900351,1,82,-81
108000001,3661,4653,-992
108000002,2559,3310,-751
108000003,4629,4047,582
108000004,15365,18690,-3325
108000005,10245,7653,2592
108000006,10339,9689,650
108000007,5955,4967,988
108000008,5254,7896,-2642
108000009,4500,5510,-1010
108000010,4021,5556,-1535
108000011,15096,15055,41
108000012,22459,20064,2395
108000014,1274,824,450
108000015,759,346,413
108000016,301,642,-341
108000017,1255,462,793
108000018,2961,766,2195
108000019,2828,962,1866
108000020,1613,762,851
108000021,461,1952,-1491
108000022,508,1536,-1028
108000023,1392,317,1075
108000024,265,742,-477
108000025,340,308,32
108000026,746,623,123
108000027,990,601,389
108000028,648,357,291
108000029,661,735,-74
108000030,820,317,503
108000031,339,740,-401
108000032,1805,969,836
108000033,957,1367,-410
108000034,1824,737,1087
108000035,888,2727,-1839
108000036,459,1214,-755
108000037,1840,692,1148
108000038,2845,881,1964
108000039,602,2270,-1668
108000040,2282,1321,961
108000041,801,2958,-2157
108000042,334,310,24
108000043,242,343,-101
108000044,589,212,377
108000045,338,674,-336
108000046,1706,507,1199
108000047,529,1272,-743
108000048,261,454,-193
108000049,1499,320,1179
108000050,130,451,-321
108000051,383,143,240
108000052,271,771,-500
108000053,459,270,189
108000054,653,1184,-531
108000055,1348,701,647
108000056,1357,1477,-120
108000057,718,1383,-665
108000058,2309,4427,-2118
108000059,3985,2420,1565
108000060,199,467,-268
108000061,155,339,-184
108000062,915,715,200
108000063,581,609,-28
108000064,264,327,-63
108000065,622,648,-26
108000066,1664,1011,653
108000067,2019,817,1202
108000068,862,526,336
108000069,229,1182,-953
108000070,2068,936,1132
108000071,707,1998,-1291
108000072,1868,1605,263
108000073,1558,2221,-663
108000074,708,603,105
108000075,522,1101,-579
108000076,938,818,120
108000077,741,957,-216
108000078,2516,1880,636
108000079,1082,2102,-1020
108000080,1337,720,617
108000081,728,2109,-1381
108000082,1151,2321,-1170
108000083,2259,1237,1022
108000084,762,1376,-614
108000085,974,648,326
108000086,1058,941,117
108000087,241,2407,-2166
108000088,212,15,197
108000089,408,509,-101
108000090,525,233,292
108000091,374,585,-211
108000092,142,105,37
108000093,207,694,-487
108000094,515,133,382
108000095,161,462,-301
108000096,306,200,106
108000097,160,623,-463
108000098,1783,1742,41
108000099,246,95,151
108000100,80,251,-171
108000101,1863,1908,-45
108000102,1984,3776,-1792
108000106,1242,0,1242
108000107,3,880,-877
108000108,969,64,905
108000109,20,747,-727
108000110,210,350,-140
108000111,278,801,-523
108000112,83,183,-100
108000113,560,316,244
108000115,449,366,83
108000117,912,429,483
108000118,75,279,-204
108000119,743,443,300
108000120,135,883,-748
108000121,262,562,-300
108000122,625,407,218
108000123,1756,300,1456
108000124,589,714,-125
108000125,434,345,89
108000126,198,517,-319
108000127,640,606,34
108000128,718,710,8
108000129,492,1384,-892
108000130,789,330,459
108000131,1123,699,424
108000132,2393,1819,574
108000133,1049,714,335
108000134,621,749,-128
108000135,1330,643,687
108000136,551,1239,-688
108000137,490,445,45
108000138,515,1157,-642
108000139,587,407,180
108000140,166,28,138
108000141,45,81,-36
108000142,60,87,-27
108000143,64,50,14
108000144,36,14,22
108000145,49,25,24
108000146,61,11,50
108000147,28,34,-6
108000148,57,13,44
108000149,31,17,14
108000150,33,9,24
108000151,32,12,20
108000152,114,512,-398
108000153,593,215,378
108000154,67,30,37
108000155,36,15,21
108000156,380,180,200
108000157,235,1124,-889
108000158,112,1057,-945
108000159,697,283,414
108000160,3663,1331,2332
108000161,3262,3248,14
108000165,11,218,-207
108000172,2,298,-296
108000173,2250,2466,-216
108000175,309,121,188
108000178,534,394,140
108000179,205,1072,-867
108000181,66,63,3
108000182,127,24,103
108000183,43,26,17
108000184,1216,2419,-1203
108000185,294,629,-335
108000186,223,96,127
108000187,181,696,-515
108000188,804,275,529
108000189,819,1700,-881
108000190,43,166,-123
108000192,238,581,-343
108000193,1054,40,1014
108000194,38,10,28
108000195,4,1158,-1154
108000196,720,161,559
108000198,559,344,215
108000199,1,182,-181
108000200,583,592,-9
108000202,1,312,-311
108000203,162,841,-679
108000204,213,127,86
108000205,384,526,-142
108000339,1797,462,1335
108000364,206,372,-166
108000365,77,390,-313
108000367,261,450,-189
108000368,10,73,-63
108000369,1381,333,1048
108000371,3,665,-662
108000372,754,4,750
108000373,249,180,69
108000376,104,34,70
108000377,485,353,132
108000378,10980,12048,-1068
108000379,40,251,-211
108000381,94,31,63
108000382,165,1,164
108000383,1,169,-168
108900001,130,1293,-1163
108900002,207,65,142
108900003,433,836,-403
108900004,231,517,-286
108900005,91,478,-387
108900006,820,218,602
108900007,259,268,-9
108900008,112,187,-75
108900009,71,173,-102
108900010,283,236,47
108900011,592,571,21
108900012,396,598,-202
108900013,160,358,-198
108900014,13,162,-149
108900015,0,49,-49
108900016,2,240,-238
108900017,462,538,-76
108900018,195,481,-286
108900019,47,966,-919
108900020,66,243,-177
108900021,125,299,-174
108900022,130,13,117
108900023,3,48,-45
108900024,54,173,-119
108900025,127,191,-64
108900026,19,95,-76
108900027,0,125,-125
108900028,87,354,-267
108900029,84,286,-202
108900030,0,126,-126
108900031,128,474,-346
108900032,28,289,-261
108900033,1,94,-93
108900034,0,249,-249
108900035,462,1526,-1064
108900036,251,322,-71
108900037,95,441,-346
108900038,4,383,-379
108900039,2,482,-480
108900040,12,85,-73
108900041,6219,3752,2467
108900042,8,438,-430
108900043,54,567,-513
108900044,5,536,-531
108900045,70,582,-512
108900046,60,900,-840
108900047,0,98,-98
108900048,125,1073,-948
108900049,3957,1722,2235
108900050,2,267,-265
108900051,0,203,-203
108900052,38,245,-207
108900053,149,208,-59
108900054,76,256,-180
108900055,84,404,-320
108900056,2,198,-196
108900057,2,170,-168
108900058,28,382,-354
108900059,492,36,456
108900060,113,170,-57
108900061,107,59,48
108900062,5,252,-247
108900063,27,309,-282
108900064,213,84,129
108900065,17,265,-248
108900066,476,124,352
108900067,8,203,-195
108900068,12,195,-183
108900069,78,106,-28
108900070,59,138,-79
108900071,120,103,17
108900072,2520,851,1669
108900073,49,422,-373
108900074,201,467,-266
108900075,86,67,19
108900076,403,93,310
108900077,169,582,-413
108900078,33,182,-149
108900079,1025,281,744
108900080,45,981,-936
108900081,76,272,-196
108900082,95,147,-52
108900083,34,323,-289
108900084,523,183,340
108900085,2615,256,2359
108900086,105,333,-228
108900087,139,248,-109
108900088,1085,519,566
108900089,31,201,-170
108900090,37,346,-309
108900091,165,133,32
108900092,577,446,131
108900093,139,165,-26
108900094,271,109,162
108900095,101,391,-290
108900096,369,20,349
108900097,265,275,-10
108900098,2712,823,1889
108900099,473,330,143
108900100,116,190,-74
108900101,263,191,72
108900102,169,1141,-972
108900103,131,186,-55
108900104,220,471,-251
108900105,4,1235,-1231
108900106,498,504,-6
108900108,598,50,548
108900109,390,69,321
108900110,327,536,-209
108900111,534,674,-140
108900112,328,55,273
108900113,45,77,-32
108900114,77,30,47
108900115,102,118,-16
108900116,127,28,99
108900117,195,42,153
108900118,645,28,617
108900119,286,41,245
108900120,283,176,107
108900121,365,215,150
108900122,135,37,98
108900123,175,175,0
108900124,501,281,220
108900125,486,7,479
108900126,121,22,99
108900127,188,39,149
108900128,138,43,95
108900129,837,210,627
108900130,383,1,382
108900131,445,8,437
108900132,553,83,470
108900133,202,53,149
108900134,358,355,3
108900135,166,11,155
108900136,36,0,36
108900137,152,3,149
108900138,817,75,742
108900139,455,143,312
108900140,334,331,3
108900141,312,15,297
108900142,102,7,95
108900143,65,0,65
108900144,119,4,115
108900145,171,16,155
108900146,55,0,55
108900147,241,0,241
108900148,104,48,56
108900149,708,470,238
108900150,299,7,292
108900151,169,13,156
108900152,231,16,215
108900153,184,480,-296
108900154,5518,619,4899
108900155,309,123,186
108900156,101,11,90
108900157,31,521,-490
108900158,460,59,401
108900159,12,292,-280
108900160,34,322,-288
108900161,18,427,-409
108900162,87,1,86
108900163,20,293,-273
108900164,52,124,-72
108900165,197,128,69
108900167,1988,6833,-4845
108900168,9813,3152,6661
108900169,74,139,-65
108900171,9184,3403,5781
108900172,257,79,178
108900173,214,448,-234
108900174,920,846,74
108900176,124,582,-458
108900177,6680,6188,492
108900178,4559,3651,908
108900179,738,2059,-1321
108900180,158,340,-182
108900182,44,351,-307
108900183,232,316,-84
108900184,530,270,260
108900185,289,512,-223
108900186,104,494,-390
108900187,403,63,340
108900188,583,101,482
108900189,724,219,505
108900190,63,3402,-3339
108900191,250,59,191
108900192,106,257,-151
108900193,276,57,219
108900194,27,297,-270
108900195,155,384,-229
108900196,50,378,-328
108900198,5,545,-540
108900199,289,456,-167
108900200,956,423,533
108900201,655,1684,-1029
108900203,590,86,504
108900204,415,6,409
108900205,228,26,202
108900206,625,61,564
108900207,182,105,77
108900208,23,374,-351
108900209,276,628,-352
108900210,208,295,-87
108900211,199,623,-424
108900212,783,1676,-893
108900215,89,468,-379
108900216,574,165,409
108900217,171,1,170
108900218,162,9,153
108900219,91,12,79
108900220,63,16,47
108900221,32,142,-110
108900222,356,20,336
108900223,6,147,-141
108900224,44,251,-207
108900225,1,174,-173
108900226,348,28,320
108900227,158,372,-214
108900230,348,314,34
108900231,57,244,-187
108900232,4,352,-348
108900233,537,130,407
108900234,405,247,158
108900235,238,634,-396
108900236,67,362,-295
108900237,118,271,-153
108900240,196,149,47
108900241,57,83,-26
108900245,24,1620,-1596
108900249,145,55,90
108900250,355,233,122
108900257,270,551,-281
108900258,15,260,-245
108900259,216,108,108
108900260,16,115,-99
108900261,113,169,-56
108900262,225,172,53
108900263,50,193,-143
108900264,685,359,326
108900265,1276,445,831
108900266,1090,660,430
108900267,6,105,-99
108900268,20,3,17
108900269,124,15,109
108900270,85,14,71
108900271,50,13,37
108900272,252,11,241
108900273,1098,963,135
108900274,67,60,7
109000001,3625,1665,1960
109000002,1985,1806,179
109000003,3059,514,2545
109000004,658,2512,-1854
109000005,2711,794,1917
109000006,879,2394,-1515
109000007,1627,823,804
109000008,626,1940,-1314
109000009,4357,1614,2743
109000010,1903,4360,-2457
109000011,3835,2671,1164
109000012,2110,3782,-1672
109000013,4272,3724,548
109000014,2442,3878,-1436
109000015,4332,8258,-3926
109000016,7526,4520,3006
109000017,2701,1519,1182
109000018,1051,3396,-2345
109000019,2969,1640,1329
109000020,1252,2307,-1055
109000023,350,34,316
109000024,12,202,-190
109000025,435,480,-45
109000026,856,447,409
109000027,95,372,-277
109000028,160,116,44
109000029,122,220,-98
109000030,90,547,-457
109000031,257,253,4
109000032,169,525,-356
109000033,404,246,158
109000034,115,74,41
109000035,28,82,-54
109000036,192,429,-237
109000037,251,1428,-1177
109000038,866,505,361
109000039,1204,883,321
109000040,5627,9294,-3667
109000041,4131,2125,2006
109000042,665,1520,-855
109000044,442,92,350
109000045,91,415,-324
109000046,444,118,326
109000047,97,519,-422
109000048,1109,318,791
109000049,432,784,-352
109000050,428,303,125
109000051,334,385,-51
109000052,657,1356,-699
109000053,348,134,214
109000054,583,743,-160
109000055,361,465,-104
109000056,513,995,-482
109000057,860,609,251
109000058,1298,455,843
109000059,1128,1483,-355
109000060,440,371,69
109000061,1184,1415,-231
109000062,218,432,-214
109000063,297,242,55
109000064,716,261,455
109000065,164,266,-102
109000066,606,157,449
109000067,95,371,-276
109000068,2545,53,2492
109000069,1361,29,1332
109000070,6,1267,-1261
109000071,476,112,364
109000072,121,401,-280
109000073,68,124,-56
109000074,47,237,-190
109000075,79,459,-380
109000076,137,314,-177
109000077,420,366,54
109000078,74,224,-150
109000079,152,233,-81
109000080,174,140,34
109000081,106,641,-535
109000082,692,227,465
109000083,274,880,-606
109000088,170,580,-410
109000089,408,65,343
109000090,221,563,-342
109000091,410,258,152
109000092,499,627,-128
109000093,323,279,44
109000094,588,2,586
109000095,122,519,-397
109000096,757,380,377
109000097,184,220,-36
109000098,46,191,-145
109000099,1201,365,836
109000100,251,686,-435
109000101,1960,925,1035
109000102,387,911,-524
109000103,547,746,-199
109000104,2042,725,1317
109000105,521,1479,-958
109000106,2520,1049,1471
109000107,776,2470,-1694
109000108,2117,777,1340
109000109,515,2351,-1836
109000110,1513,704,809
109000111,1070,2453,-1383
109000112,703,175,528
109000113,616,286,330
109000114,330,594,-264
109000115,1433,32,1401
109000116,3,312,-309
109000117,240,82,158
109000118,5,450,-445
109000119,1497,288,1209
109000120,266,1118,-852
109000121,558,59,499
109000122,151,1004,-853
109000123,58,73,-15
109000124,749,524,225
109000125,945,435,510
109000126,498,1099,-601
109000127,1043,337,706
109000128,548,1778,-1230
109000129,2653,1101,1552
109000130,895,2363,-1468
109000131,1049,671,378
109000132,972,2066,-1094
109000133,517,1217,-700
109000134,904,1714,-810
109000135,1485,1907,-422
109000136,394,423,-29
109000137,424,442,-18
109000138,579,393,186
109000139,562,482,80
109000140,270,528,-258
109000141,645,592,53
109000142,141,619,-478
109000143,145,90,55
109000145,164,298,-134
109000146,77,186,-109
109000148,4420,2429,1991
109000149,24,65,-41
109000150,137,312,-175
109000155,917,782,135
109000156,1246,955,291
109000158,251,403,-152
109000159,209,747,-538
109000160,952,315,637
109000161,302,1349,-1047
109000162,2014,1001,1013
109000163,1224,2194,-970
109000164,1387,3034,-1647
109000165,1283,669,614
109000166,714,163,551
109000167,126,721,-595
109000170,60,57,3
109000171,76,63,13
109000172,74,121,-47
109000173,29,80,-51
109000174,80,56,24
109000175,51,122,-71
109000176,335,348,-13
109000177,37,157,-120
109000178,1345,635,710
109000179,6689,6151,538
109000180,6180,4151,2029
109000181,19,34,-15
109000182,48,21,27
109000183,44,62,-18
109000184,63,23,40
109000185,28,78,-50
109000188,977,2423,-1446
109000189,3723,1292,2431
109000190,655,602,53
109000191,383,562,-179
109000192,461,485,-24
109000193,266,392,-126
109000194,323,221,102
109000195,163,398,-235
109000196,374,189,185
109000197,208,528,-320
109000198,378,126,252
109000199,170,540,-370
109000206,250,32,218
109000207,96,42,54
109000208,79,97,-18
109000209,189,143,46
109000210,254,615,-361
109000211,661,621,40
109000214,486,455,31
109000215,181,98,83
109000216,302,360,-58
109000217,526,181,345
109000218,696,230,466
109000221,614,1378,-764
109000222,1112,331,781
109000223,328,452,-124
109000224,59,168,-109
109000225,77,47,30
109000226,62,234,-172
109000227,1363,1392,-29
109000228,3,901,-898
109000231,3,382,-379
109000232,393,358,35
109000236,335,853,-518
109000241,2577,2806,-229
109000242,2382,1870,512
109000293,58,101,-43
109000361,144,360,-216
109000364,454,799,-345
109000396,5,631,-626
109000397,619,14,605
109000399,143,524,-381
109000400,88,320,-232
109000403,132,1020,-888
109000406,501,5,496
109000407,309,281,28
109000408,2,531,-529
109000410,1410,388,1022
109000411,177,22,155
109900001,77,2,75
109900002,1034,32,1002
109900003,269,0,269
109900004,1162,223,939
109900005,52,6,46
109900006,597,275,322
109900007,832,707,125
109900008,0,66,-66
109900009,126,674,-548
109900010,619,32,587
109900011,132,75,57
109900012,464,267,197
109900013,519,265,254
109900014,497,100,397
109900015,627,335,292
109900016,238,29,209
109900017,249,249,0
109900018,354,124,230
109900019,349,77,272
109900020,49,34,15
109900021,48,17,31
109900022,165,268,-103
109900023,28,12,16
109900024,13,5,8
109900025,16,78,-62
109900026,8,186,-178
109900027,69,32,37
109900028,1758,1100,658
109900029,5,371,-366
109900030,67,21,46
109900031,0,116,-116
109900032,27,479,-452
109900033,2,522,-520
109900034,42,0,42
109900035,18,42,-24
109900036,33,85,-52
109900037,20,607,-587
109900038,117,271,-154
109900039,14,5,9
109900040,32,647,-615
109900041,69,415,-346
109900042,149,869,-720
109900044,241,261,-20
109900045,131,41,90
109900046,36,99,-63
109900047,465,452,13
109900048,1,131,-130
109900049,11,45,-34
109900050,0,189,-189
109900051,1,91,-90
109900052,202,389,-187
109900053,7,376,-369
109900054,685,297,388
109900055,73,332,-259
109900056,22,203,-181
109900057,24,182,-158
109900058,0,101,-101
109900059,786,185,601
109900060,459,245,214
109900061,48,343,-295
109900062,0,199,-199
109900063,11,489,-478
109900064,605,374,231
109900065,88,176,-88
109900066,416,1091,-675
109900067,7,293,-286
109900068,65,9,56
109900069,2,40,-38
109900070,36,485,-449
109900071,5,37,-32
109900072,40,215,-175
109900073,506,641,-135
109900074,7,75,-68
109900075,37,60,-23
109900076,20,221,-201
109900077,43,80,-37
109900078,117,236,-119
109900080,178,450,-272
109900081,36,287,-251
109900082,59,436,-377
109900083,20,80,-60
109900084,60,161,-101
109900085,245,845,-600
109900086,205,447,-242
109900087,442,795,-353
109900089,799,292,507
109900090,634,1272,-638
109900091,388,118,270
109900092,1772,39,1733
109900093,993,251,742
109900094,79,113,-34
109900095,379,252,127
109900096,25,2,23
109900097,92,1,91
109900098,423,56,367
109900099,253,1,252
109900100,37,2,35
109900101,489,15,474
109900102,635,40,595
109900103,39,79,-40
109900104,583,877,-294
109900105,573,50,523
109900106,524,68,456
109900107,782,129,653
109900108,157,462,-305
109900109,45,198,-153
109900110,121,465,-344
109900111,460,1011,-551
109900112,445,719,-274
109900113,862,590,272
109900114,1581,1095,486
109900115,178,96,82
109900117,1219,198,1021
109900118,344,565,-221
109900119,836,463,373
109900120,82,19,63
109900121,629,705,-76
109900122,551,12,539
109900123,33,165,-132
109900124,48,616,-568
109900125,2,190,-188
109900126,329,139,190
109900128,299,42,257
109900130,8186,2746,5440
109900131,67,165,-98
109900132,31,161,-130
109900133,84,420,-336
109900134,152,157,-5
109900135,509,94,415
109900136,138,167,-29
109900137,108,360,-252
109900140,321,238,83
109900142,1527,423,1104
109900145,7,544,-537
109900146,534,65,469
109900148,53,118,-65
109900149,52,95,-43
109900150,4,88,-84
109900151,6,55,-49
109900152,0,33,-33
109900153,1,47,-46
109900154,82,2,80
109900155,92,24,68
109900157,83,239,-156
109900158,97,164,-67
109900159,235,55,180
109900160,174,104,70
109900161,283,116,167
109900162,220,144,76
109900163,969,445,524
109900164,93,257,-164
109900165,321,16,305
109900166,1,194,-193
109900167,197,712,-515
109900168,254,783,-529
109900169,314,226,88
109900170,305,853,-548
109900171,194,116,78
109900172,301,272,29
109900173,3586,2639,947
109900174,37,155,-118
109900175,113,107,6
109900176,179,239,-60
109900177,64,302,-238
109900178,63,224,-161
109900179,239,25,214
109900180,7,11,-4
110000001,1105,634,471
110000002,590,860,-270
110000003,1136,800,336
110000004,690,790,-100
110000005,559,2102,-1543
110000006,397,389,8
110000007,116,144,-28
110000008,29,72,-43
110000009,41,39,2
110000010,34,85,-51
110000011,46,89,-43
110000012,695,470,225
110000013,47,680,-633
110000014,710,495,215
110000015,291,897,-606
110000016,328,1924,-1596
110000017,3407,321,3086
110000018,3030,485,2545
110000019,11,137,-126
110000020,590,308,282
110000021,861,610,251
110000022,1312,302,1010
110000023,13,168,-155
110000024,807,427,380
110000025,522,8,514
110000026,4,440,-436
110000027,1490,916,574
110000028,1027,935,92
110000029,631,787,-156
110000030,259,554,-295
110000031,288,577,-289
110000032,700,624,76
110000033,399,149,250
110000034,677,1049,-372
110000035,1147,651,496
110000036,1237,1019,218
110000037,310,550,-240
110000038,344,875,-531
110000039,843,3649,-2806
110000040,337,421,-84
110000041,309,1605,-1296
110000042,188,445,-257
110000043,968,322,646
110000044,356,383,-27
110000045,1792,164,1628
110000046,7,25,-18
110000047,36,39,-3
110000048,17,40,-23
110000049,80,15,65
110000050,15,156,-141
110000051,39,17,22
110000052,41,32,9
110000053,395,54,341
110000054,646,345,301
110000055,1166,109,1057
110000056,313,101,212
110000057,469,643,-174
110000058,1374,700,674
110000059,1242,690,552
110000060,898,1319,-421
110000061,1117,921,196
110000062,740,1136,-396
110000063,34,110,-76
110000064,71,90,-19
110000065,84,100,-16
110000066,112,61,51
110000067,94,242,-148
110000068,352,221,131
110000069,248,128,120
110000071,136,145,-9
110000073,9,30,-21
110000075,10,151,-141
110000076,355,502,-147
110000077,496,2014,-1518
110000078,29,65,-36
110000080,319,877,-558
110000081,100,322,-222
110000082,72,473,-401
110000083,301,758,-457
110000084,1407,992,415
110000085,2627,2098,529
110000086,2053,2806,-753
110000087,9,77,-68
110000088,94,294,-200
110000089,383,161,222
110000090,504,332,172
110000091,1554,367,1187
110000092,27,76,-49
110000093,56,16,40
110000094,718,311,407
110000095,260,661,-401
110000096,2957,2443,514
110000097,1248,1375,-127
110000098,2644,808,1836
110000099,986,1902,-916
110000100,971,670,301
110000101,25,450,-425
110000102,79,43,36
110000104,852,160,692
110000105,149,375,-226
110000106,751,492,259
110000107,432,554,-122
110000108,170,74,96
110000109,378,344,34
110000110,4090,6157,-2067
110000111,8257,3614,4643
110000112,1977,1875,102
110000113,537,2721,-2184
110000114,259,746,-487
110000115,428,469,-41
110000116,50,53,-3
110000117,228,379,-151
110000118,462,237,225
110000119,286,398,-112
110000120,492,218,274
110000121,94,514,-420
110000122,414,742,-328
110000123,693,950,-257
110000124,3,1269,-1266
110000125,1045,28,1017
110000126,391,33,358
110000127,1470,59,1411
110000128,52,1634,-1582
110000129,10,571,-561
110000130,340,198,142
110000131,312,366,-54
110000132,1,996,-995
110000133,36,752,-716
110000134,31,457,-426
110000135,236,64,172
110000136,53,341,-288
110000137,578,770,-192
110000138,883,786,97
110000139,928,1360,-432
110000140,1052,796,256
110000143,789,569,220
110000144,7070,2372,4698
110000145,2752,1443,1309
110000146,2962,1169,1793
110000147,596,834,-238
110000148,668,364,304
110000151,1447,1324,123
110000152,1145,469,676
110000153,152,67,85
110000154,71,47,24
110000155,2477,5279,-2802
110000156,1332,3253,-1921
110000157,3090,2831,259
110000160,564,383,181
110000161,235,410,-175
110000166,679,212,467
110000167,1000,631,369
110000168,1167,631,536
110000169,1050,440,610
110000170,180,122,58
110000171,878,242,636
110000172,157,976,-819
110000173,1257,1445,-188
110000174,172,1050,-878
110000175,638,81,557
110000176,515,346,169
110000177,254,1033,-779
110000178,592,2164,-1572
110000179,1398,460,938
110000180,279,316,-37
110000181,492,820,-328
110000182,437,158,279
110000183,10856,8260,2596
110000184,470,2852,-2382
110000185,1911,994,917
110000186,1005,1174,-169
110000191,1057,406,651
110000192,837,12,825
110000193,1336,14,1322
110000194,26,1334,-1308
110000195,500,565,-65
110000196,387,425,-38
110000197,132,252,-120
110000198,446,121,325
110000199,276,176,100
110000200,2149,634,1515
110000201,1730,1074,656
110000202,1510,701,809
110000203,1053,930,123
110000204,7,263,-256
110000205,163,90,73
110000206,893,1630,-737
110000207,1199,473,726
110000208,371,260,111
110000209,201,1280,-1079
110000210,1358,653,705
110000211,1403,974,429
110000212,456,1342,-886
110000213,182,189,-7
110000214,310,176,134
110000215,209,467,-258
110000216,122,429,-307
110000217,363,206,157
110000218,244,445,-201
110000219,371,129,242
110000220,87,318,-231
110000221,402,108,294
110000222,71,240,-169
110000223,8,192,-184
110000224,75,14,61
110000225,362,934,-572
110000226,282,82,200
110000227,920,814,106
110000228,395,219,176
110000229,1,350,-349
110000230,1254,858,396
110000231,287,322,-35
110000232,721,249,472
110000233,496,348,148
110000234,1232,1085,147
110000235,1219,1481,-262
110000236,757,937,-180
110000237,3215,1533,1682
110000238,1857,1825,32
110000239,2531,1353,1178
110000240,1,89,-88
110000242,0,18,-18
110000243,145,167,-22
110000244,203,515,-312
110000245,53,478,-425
110000246,1143,744,399
110000247,1547,5558,-4011
110000248,2459,1833,626
110000249,103,6,97
110000250,91,237,-146
110000251,415,658,-243
110000252,281,322,-41
110000253,1870,830,1040
110000254,804,1937,-1133
110000255,360,1324,-964
110000256,696,483,213
110000257,961,565,396
110000258,15,446,-431
110000259,198,20,178
110000260,24,275,-251
110000263,716,138,578
110000264,368,530,-162
110000265,1467,2337,-870
110000266,2882,3896,-1014
110000267,36,218,-182
110000268,492,572,-80
110000269,7,96,-89
110000270,102,8,94
110000271,1711,391,1320
110000272,1756,1254,502
110000273,4789,2084,2705
110000274,283,1634,-1351
110000275,2419,666,1753
110000276,435,398,37
110000277,399,431,-32
110000278,559,1013,-454
110000279,1121,1040,81
110000280,546,557,-11
110000281,77,446,-369
110000282,473,67,406
110000283,109,196,-87
110000284,79,68,11
110000285,1,780,-779
110000286,23,0,23
110000287,81,1,80
110000288,11,125,-114
110000289,563,2017,-1454
110000290,1180,701,479
110000291,5732,1626,4106
110000292,1652,5029,-3377
110000293,815,830,-15
110000294,1063,1344,-281
110000295,215,975,-760
110000296,534,436,98
110000297,2955,370,2585
110000298,313,658,-345
110000299,311,121,190
110000301,471,35,436
110000302,657,1218,-561
110000303,639,13,626
110000304,308,371,-63
110000305,1484,20,1464
110000306,160,1491,-1331
110000307,2099,16,2083
110000308,688,22,666
110000309,7,888,-881
110000310,930,87,843
110000311,19,703,-684
110000312,458,128,330
110000313,3325,3845,-520
110000314,2,323,-321
110000315,4259,3491,768
110000316,614,1704,-1090
110000317,835,673,162
110000318,10,79,-69
110000319,20,31,-11
110000320,102,61,41
110000321,33,54,-21
110000322,417,451,-34
110000323,640,249,391
110000324,3977,1909,2068
110000325,3362,3394,-32
110000327,790,461,329
110000328,223,540,-317
110000333,1178,845,333
110000334,1262,1681,-419
110000335,1239,704,535
110000336,1192,1317,-125
110000337,1808,827,981
110000338,651,335,316
110000339,397,324,73
110000340,179,245,-66
110000341,561,606,-45
110000342,773,8,765
110000343,0,34,-34
110000344,1157,225,932
110000345,1093,220,873
110000346,3343,2732,611
110000347,1464,1074,390
110000348,29,17,12
110000349,11,38,-27
110000350,75,10,65
110000351,1092,1017,75
110000352,772,1881,-1109
110000353,3254,1002,2252
110000354,1213,3871,-2658
110000355,128,136,-8
110000356,860,14,846
110000357,495,24,471
110000361,41,81,-40
110000362,73,104,-31
110000363,478,190,288
110000364,248,484,-236
110000365,256,6,250
110000366,1,118,-117
110000367,604,256,348
110000368,6,76,-70
110000369,171,3,168
110000373,8,369,-361
110000374,447,22,425
110000375,206,1529,-1323
110000376,32,113,-81
110000377,99,620,-521
110000378,29,450,-421
110000379,3396,2259,1137
110000380,111,10,101
110000383,1,1199,-1198
110000384,2837,1180,1657
110000385,2,238,-236
110000387,108,9,99
110000388,50,264,-214
110000389,797,12,785
110000391,944,434,510
110000396,222,177,45
110000397,168,245,-77
110000398,7,78,-71
110000399,201,4,197
110000587,248,92,156
110000589,225,189,36
110000640,163,94,69
110000652,100,428,-328
110000653,293,502,-209
110000654,85,114,-29
110000656,2,788,-786
110000674,37,22,15
110000675,35,38,-3
110000676,23,36,-13
110000679,421,1638,-1217
110000682,134,237,-103
110000683,523,715,-192
110000684,11,46,-35
110000685,20,21,-1
110000686,2,35,-33
110000687,105,3,102
110000688,85,1100,-1015
110000689,33,35,-2
110000692,98,225,-127
110000693,180,384,-204
110000694,0,177,-177
110000695,391,775,-384
110000696,90,62,28
110900001,356,8,348
110900002,545,237,308
110900003,764,746,18
110900004,508,236,272
110900005,3195,2691,504
110900006,63,12,51
110900007,138,28,110
110900008,7,38,-31
110900009,489,128,361
110900010,13,90,-77
110900011,21,101,-80
110900012,15,124,-109
110900013,1499,272,1227
110900014,379,21,358
110900015,631,704,-73
110900016,52,169,-117
110900017,479,69,410
110900018,544,82,462
110900019,234,27,207
110900020,86,282,-196
110900021,110,835,-725
110900022,113,360,-247
110900023,130,595,-465
110900024,30,521,-491
110900025,7,54,-47
110900027,78,336,-258
110900028,52,148,-96
110900029,36,469,-433
110900030,43,329,-286
110900031,0,181,-181
110900032,0,90,-90
110900033,58,261,-203
110900035,26,632,-606
110900036,118,34,84
110900037,60,51,9
110900038,1074,302,772
110900039,16,286,-270
110900040,292,74,218
110900041,19,129,-110
110900042,135,77,58
110900043,6,135,-129
110900044,298,26,272
110900045,44,569,-525
110900046,36,274,-238
110900047,674,350,324
110900049,122,110,12
110900050,31,8,23
110900051,57,312,-255
110900052,2,177,-175
110900053,155,62,93
110900054,51,234,-183
110900055,39,10,29
110900056,61,142,-81
110900057,33,172,-139
110900058,315,340,-25
110900059,724,706,18
110900060,621,196,425
110900061,33,66,-33
110900062,185,348,-163
110900063,57,369,-312
110900064,22,1,21
110900065,506,169,337
110900066,20,110,-90
110900067,482,789,-307
110900068,218,295,-77
110900069,7,38,-31
110900070,76,62,14
110900071,344,769,-425
110900073,0,35,-35
110900074,362,123,239
110900075,526,111,415
110900077,978,1065,-87
110900078,57,71,-14
110900079,2696,1742,954
110900080,174,120,54
110900081,6,89,-83
110900082,189,175,14
110900083,149,66,83
110900084,48,74,-26
110900085,97,318,-221
110900086,114,382,-268
110900087,517,127,390
110900088,22,3,19
110900090,55,46,9
110900091,3,87,-84
110900093,480,178,302
110900095,50,60,-10
110900097,13,15,-2
110900098,37,110,-73
110900099,128,418,-290
110900100,0,26,-26
110900102,112,24,88
110900105,1068,280,788
110900108,23,113,-90
110900111,541,370,171
110900112,1043,13,1030
110900113,586,59,527
110900115,17,84,-67
110900116,890,2121,-1231
110900118,127,3218,-3091
110900119,4817,471,4346
110900120,19,80,-61
110900121,148,1,147
110900122,502,235,267
110900125,467,573,-106
110900127,1025,1547,-522
110900128,326,325,1
110900129,604,1039,-435
110900130,1514,801,713
110900131,701,86,615
110900132,384,110,274
110900133,590,259,331
110900135,125,447,-322
110900136,400,10,390
110900137,106,3,103
110900138,1679,674,1005
110900139,68,141,-73
110900140,96,9,87
110900141,8,179,-171
110900142,81,220,-139
110900143,220,114,106
110900144,3,836,-833
110900145,349,53,296
110900146,833,236,597
110900147,179,405,-226
110900148,2,415,-413
110900149,2,114,-112
110900150,77,43,34
110900151,10,87,-77
110900152,27,298,-271
110900153,181,55,126
111000001,557,539,18
111000002,879,822,57
111000003,1200,834,366
111000004,601,1209,-608
111000005,1531,1382,149
111000006,1117,1946,-829
111000007,5670,3592,2078
111000008,2662,4129,-1467
111000009,492,1267,-775
111000010,865,311,554
111000011,514,1349,-835
111000012,815,505,310
111000013,554,1292,-738
111000014,2241,639,1602
111000017,163,1174,-1011
111000018,308,474,-166
111000020,1217,2789,-1572
111000021,88,115,-27
111000023,150,99,51
111000025,5409,4987,422
111000029,203,188,15
111000030,60,182,-122
111000031,2598,1768,830
111000032,648,592,56
111000033,369,424,-55
111000034,270,240,30
111000037,1933,1254,679
111000038,4509,3356,1153
111000039,2492,2837,-345
111000040,2322,2922,-600
111000041,2254,2165,89
111000042,3943,2974,969
111000043,2298,3832,-1534
111000044,2115,1409,706
111000045,2670,2832,-162
111000046,2003,2059,-56
111000047,2978,4796,-1818
111000049,575,537,38
111000050,1743,1627,116
111000051,583,1143,-560
111000052,753,1887,-1134
111000053,489,1187,-698
111000054,412,1062,-650
111000055,1105,1963,-858
111000056,205,515,-310
111000057,93,650,-557
111000058,439,77,362
111000059,984,312,672
111000060,5101,970,4131
111000061,653,523,130
111000062,904,394,510
111000063,2710,1226,1484
111000064,608,869,-261
111000065,1244,1235,9
111000066,520,573,-53
111000067,688,819,-131
111000068,714,1344,-630
111000069,2327,2722,-395
111000070,1651,1276,375
111000071,313,975,-662
111000072,1297,605,692
111000073,365,852,-487
111000074,1680,1928,-248
111000075,1272,851,421
111000076,594,754,-160
111000077,2113,2013,100
111000078,3534,1906,1628
111000079,1556,864,692
111000080,622,925,-303
111000081,1916,6087,-4171
111000082,697,803,-106
111000084,898,706,192
111000085,1172,1665,-493
111000086,3207,1563,1644
111000087,858,849,9
111000088,6241,2746,3495
111000089,820,1168,-348
111000090,1052,1859,-807
111000091,886,655,231
111000092,1386,1087,299
111000093,956,1260,-304
111000094,2369,1233,1136
111000095,792,2580,-1788
111000096,2289,8716,-6427
111000097,5889,1985,3904
111000098,1061,1495,-434
111000099,641,2106,-1465
111000100,550,1795,-1245
111000101,486,982,-496
111000102,279,659,-380
111000104,903,311,592
111000107,232,800,-568
111000109,1115,363,752
111000110,1604,842,762
111000111,3415,721,2694
111000112,2237,812,1425
111000113,1141,1769,-628
111000114,2506,4299,-1793
111000115,7315,1796,5519
111000116,1128,1298,-170
111000117,578,1165,-587
111000118,2211,1082,1129
111000119,1171,1433,-262
111000120,434,808,-374
111000121,283,789,-506
111000122,645,1491,-846
111000123,1308,3608,-2300
111000124,471,3083,-2612
111000125,306,1687,-1381
111000126,109,961,-852
111000127,1167,227,940
111000128,2568,475,2093
111000129,3244,581,2663
111000130,2377,952,1425
111000131,1740,780,960
111000132,1689,920,769
111000133,234,245,-11
111000134,181,171,10
111000135,81,157,-76
111000136,368,362,6
111000138,24,5,19
111000140,3,6,-3
111000141,253,361,-108
111000142,11,143,-132
111000143,4,138,-134
111000144,25,276,-251
111000145,1567,9,1558
111000146,208,12,196
111000147,335,35,300
111000148,218,109,109
111000149,12,56,-44
111000150,31,1,30
111000151,6,56,-50
111000153,806,962,-156
111000154,970,321,649
111000155,104,240,-136
111000156,553,868,-315
111000157,426,1376,-950
111000158,1110,944,166
111000159,3148,819,2329
111000160,410,361,49
111000161,12,373,-361
111000162,87,211,-124
111000163,791,1140,-349
111000164,830,5087,-4257
111000165,1353,752,601
111000166,2762,561,2201
111000167,202,591,-389
111000168,247,563,-316
111000169,374,843,-469
111000170,569,546,23
111000171,576,806,-230
111000172,219,516,-297
111000173,436,1040,-604
111000174,239,413,-174
111000175,48,319,-271
111000176,653,163,490
111000177,378,307,71
111000178,1562,481,1081
111000179,250,264,-14
111000180,269,554,-285
111000181,1229,259,970
111000182,264,248,16
111000183,716,423,293
111000184,493,324,169
111000185,511,464,47
111000186,656,328,328
111000187,134,229,-95
111000188,230,497,-267
111000189,1450,716,734
111000190,211,458,-247
111000191,189,444,-255
111000192,271,646,-375
111000193,351,389,-38
111000194,65,367,-302
111000195,269,374,-105
111000196,74,224,-150
111000197,682,194,488
111000198,1529,163,1366
111000199,277,162,115
111000200,442,389,53
111000201,752,371,381
111000202,303,319,-16
111000203,337,515,-178
111000204,499,1537,-1038
111000213,272,610,-338
111000214,1962,1754,208
111000215,1228,1669,-441
111000217,1719,1409,310
111000218,1522,1578,-56
111000219,494,276,218
111000220,2117,1240,877
111000221,974,151,823
111000224,58,412,-354
111000225,421,313,108
111000226,146,4,142
111000227,56,9,47
111000228,36,421,-385
111000229,52,989,-937
111000230,331,532,-201
111000231,1218,1011,207
111000232,844,1133,-289
111000233,1137,1171,-34
111000234,137,463,-326
111000239,201,189,12
111000240,39,201,-162
111000241,59,364,-305
111000242,197,76,121
111000243,444,718,-274
111000244,645,90,555
111000245,2266,598,1668
111000246,614,505,109
111000247,391,997,-606
111000248,711,720,-9
111000249,520,730,-210
111000250,42,96,-54
111000251,35,116,-81
111000253,11,16,-5
111000255,17,10,7
111000257,54,23,31
111000260,79,1317,-1238
111000261,1469,196,1273
111000271,54,352,-298
111000273,4661,1748,2913
111000274,1445,2925,-1480
111000275,232,67,165
111000276,286,2375,-2089
111000277,221,544,-323
111000278,762,350,412
111000291,724,6718,-5994
111000298,643,287,356
111000299,723,180,543
111000300,136,675,-539
111000302,283,128,155
111000303,87,306,-219
111000312,65,84,-19
111000315,10,160,-150
111000320,422,911,-489
111000321,467,159,308
111000322,445,557,-112
111000323,198,20,178
111000324,474,396,78
111000325,79,107,-28
111000326,173,416,-243
111000327,1054,567,487
111000328,261,581,-320
111000329,0,20,-20
111000330,61,15,46
111000331,24,15,9
111000332,625,1604,-979
111000334,461,1595,-1134
111000335,1623,322,1301
111000337,1311,464,847
111000338,119,175,-56
111000339,899,551,348
111000340,398,687,-289
111000341,1354,821,533
111000342,273,960,-687
111000344,1360,966,394
111000345,260,60,200
111000346,18,124,-106
111000347,188,17,171
111000350,307,148,159
111000351,182,412,-230
111000352,241,121,120
111000353,141,331,-190
111000354,860,155,705
111000355,711,654,57
111000358,289,1420,-1131
111000360,236,805,-569
111000361,126,378,-252
111000546,2020,715,1305
111000547,688,674,14
111000548,147,481,-334
111000549,358,475,-117
111000550,114,1187,-1073
111000551,917,235,682
111000552,1993,150,1843
111000907,516,21,495
111000908,27,2,25
111000916,1914,400,1514
111000917,58,507,-449
111000918,249,978,-729
111000920,530,20,510
111000921,16,295,-279
111000922,748,369,379
111000924,66,923,-857
111000925,3366,2594,772
111000926,1316,1886,-570
111000927,3453,5296,-1843
111000928,5147,4359,788
111000929,1576,1595,-19
111000930,948,2851,-1903
111000931,2261,3356,-1095
111000932,4904,2822,2082
111000933,4481,3079,1402
111000934,2309,4248,-1939
111000935,1451,1447,4
111000936,1321,2599,-1278
111000937,1068,1844,-776
111000938,1895,1952,-57
111000939,562,52,510
111000940,496,259,237
111000941,595,581,14
111000943,503,378,125
111000944,181,411,-230
111000945,145,1706,-1561
111001109,565,406,159
111001110,182,538,-356
111001111,122,15,107
111001112,145,7,138
111001113,1,194,-193
111001114,1113,162,951
111001115,108,558,-450
111001116,6519,4587,1932
111001117,905,3201,-2296
111001120,136,360,-224
111001121,207,293,-86
111001122,226,606,-380
111001123,245,142,103
111001124,97,224,-127
111001125,3,75,-72
111900001,21,131,-110
111900002,26,845,-819
111900003,4,398,-394
111900004,72,141,-69
111900006,19,57,-38
111900007,146,7,139
111900008,240,4,236
111900009,205,264,-59
111900010,423,528,-105
111900012,72,167,-95
111900013,28,134,-106
111900014,6169,4081,2088
111900015,0,87,-87
111900016,0,154,-154
111900017,2,121,-119
111900018,213,16,197
111900019,9,199,-190
111900020,5,58,-53
111900021,43,142,-99
111900022,15,93,-78
111900023,136,135,1
111900024,1,99,-98
111900025,0,44,-44
111900026,1,105,-104
111900027,4,190,-186
111900028,7,410,-403
111900029,6,116,-110
111900030,35,408,-373
111900031,0,38,-38
111900032,3,348,-345
111900033,6,118,-112
111900034,279,648,-369
111900035,86,225,-139
111900036,1,323,-322
111900038,341,727,-386
111900039,91,484,-393
111900040,2,514,-512
111900042,64,165,-101
111900043,2,373,-371
111900044,429,287,142
111900046,73,173,-100
111900048,314,721,-407
111900049,47,290,-243
111900050,102,38,64
111900051,2,251,-249
111900052,536,521,15
111900053,1445,1532,-87
111900054,177,6,171
111900055,29,478,-449
111900056,278,340,-62
111900057,227,46,181
111900058,366,670,-304
111900059,2051,694,1357
111900060,458,5,453
111900061,11,279,-268
111900062,32,96,-64
111900063,427,228,199
111900064,144,268,-124
111900065,80,51,29
111900066,143,172,-29
111900067,3,442,-439
111900068,64,63,1
111900069,89,31,58
111900070,206,180,26
111900071,1,301,-300
111900072,37,21,16
111900073,814,129,685
111900074,19,246,-227
111900075,89,17,72
111900076,207,56,151
111900077,47,4,43
111900078,314,20,294
111900079,67,65,2
111900080,296,322,-26
111900082,143,42,101
111900083,123,12,111
111900084,136,40,96
111900085,62,154,-92
111900086,45,3,42
111900087,50,4,46
111900088,561,6,555
111900089,141,5,136
111900090,72,82,-10
111900091,232,1,231
111900092,92,0,92
111900093,358,8,350
111900094,195,4,191
111900095,282,50,232
111900096,172,2,170
111900097,71,0,71
111900098,229,2,227
111900099,89,1,88
111900100,167,5,162
111900101,117,40,77
111900102,911,739,172
111900103,72,116,-44
111900104,270,103,167
111900105,318,218,100
111900106,1285,67,1218
111900110,2132,482,1650
111900111,315,227,88
111900112,722,2929,-2207
111900113,316,117,199
111900118,410,105,305
111900119,392,157,235
111900122,169,132,37
111900123,40,51,-11
111900124,66,124,-58
111900125,540,40,500
111900126,398,12,386
111900127,4,644,-640
111900128,9,512,-503
111900129,325,7,318
111900130,330,39,291
111900131,471,7,464
111900132,29,1157,-1128
111900133,10,365,-355
111900134,9,268,-259
111900135,17,52,-35
111900136,72,160,-88
111900137,96,94,2
111900138,17,117,-100
111900139,23,122,-99
111900140,110,71,39
111900141,129,12,117
111900142,127,42,85
111900143,1,239,-238
111900144,2,90,-88
111900145,1,495,-494
111900146,4,271,-267
111900147,176,460,-284
111900148,43,697,-654
111900149,5,316,-311
111900150,13,183,-170
111900151,5,34,-29
111900152,110,99,11
111900153,1764,520,1244
111900154,17,270,-253
111900155,82,90,-8
111900156,42,68,-26
111900157,103,15,88
111900158,632,61,571
111900159,319,27,292
111900160,308,4,304
111900161,178,1,177
111900162,73,203,-130
111900163,58,234,-176
111900164,112,97,15
111901113,497,290,207
111901114,529,346,183
111901115,78,4,74
111901116,89,4,85
111901117,34,54,-20
111901118,74,432,-358
111901119,850,109,741
111901121,264,265,-1
111901122,7,572,-565
111901123,219,392,-173
111901124,158,2,156
111901125,417,208,209
111901127,754,508,246
111901128,14,106,-92
111901129,6,152,-146
111901130,15,261,-246
111901131,8,243,-235
111901132,115,21,94
111901133,51,1,50
111901134,70,5,65
111901135,16,12,4
111901136,51,64,-13
111901137,0,20,-20
111901138,285,53,232
111901139,36,60,-24
111901140,11,104,-93
111901141,4,191,-187
111901142,3,127,-124
111901143,2,96,-94
111901144,50,64,-14
111901145,188,343,-155
111901146,569,41,528
112000001,2154,962,1192
112000002,894,2829,-1935
112000003,1635,1233,402
112000004,806,1351,-545
112000005,3868,4096,-228
112000006,2888,2416,472
112000007,3086,2281,805
112000008,2945,4276,-1331
112000009,4069,3642,427
112000010,3048,3735,-687
112000011,2011,2198,-187
112000012,6279,5283,996
112000013,6103,3987,2116
112000014,3940,2400,1540
112000015,4891,4216,675
112000016,8579,2342,6237
112000017,4290,3703,587
112000024,3141,1489,1652
112000026,4567,5774,-1207
112000027,1143,662,481
112000028,1830,1992,-162
112000029,689,835,-146
112000030,300,145,155
112000031,2030,6064,-4034
112000032,619,122,497
112000033,2487,2108,379
112000034,407,95,312
112000035,301,637,-336
112000036,1345,1408,-63
112000037,2314,1239,1075
112000038,2061,1424,637
112000039,79,119,-40
112000040,112,387,-275
112000041,577,630,-53
112000042,1553,614,939
112000050,1311,1870,-559
112000051,1206,1493,-287
112000054,1958,2057,-99
112000057,772,537,235
112000058,576,897,-321
112000059,630,1080,-450
112000061,3807,2573,1234
112000062,1532,845,687
112000063,1204,1350,-146
112000064,4831,6320,-1489
112000065,2415,2952,-537
112000066,4468,1729,2739
112000067,1084,936,148
112000068,3831,2702,1129
112000069,933,2152,-1219
112000070,2446,930,1516
112000071,1283,3060,-1777
112000072,2855,1112,1743
112000073,2240,2918,-678
112000074,1987,1491,496
112000075,1715,1590,125
112000076,4485,3535,950
112000077,1655,713,942
112000078,2093,913,1180
112000079,1950,1851,99
112000080,949,1061,-112
112000081,1697,2838,-1141
112000082,1704,996,708
112000083,656,1488,-832
112000084,1423,1096,327
112000085,1375,1239,136
112000086,2030,1731,299
112000087,546,506,40
112000088,859,692,167
112000089,516,396,120
112000090,409,378,31
112000091,707,1267,-560
112000092,2278,1432,846
112000093,1941,1182,759
112000094,681,1061,-380
112000095,765,1066,-301
112000096,731,733,-2
112000097,1385,989,396
112000098,1406,1389,17
112000099,778,2070,-1292
112000100,2259,1053,1206
112000101,808,1281,-473
112000102,1402,708,694
112000103,380,1411,-1031
112000105,557,1921,-1364
112000106,1628,549,1079
112000107,13,385,-372
112000108,282,1811,-1529
112000109,135,162,-27
112000110,2369,892,1477
112000111,1652,4403,-2751
112000112,6596,913,5683
112000113,1205,2185,-980
112000114,4601,1281,3320
112000115,508,686,-178
112000116,1058,1414,-356
112000117,1275,1081,194
112000118,1475,1263,212
112000119,639,1019,-380
112000120,105,496,-391
112000121,140,565,-425
112000122,371,235,136
112000123,804,213,591
112000124,421,118,303
112000125,269,338,-69
112000126,323,578,-255
112000127,3540,2585,955
112000128,1459,1015,444
112000129,150,125,25
112000130,267,113,154
112000131,59,341,-282
112000132,162,321,-159
112000133,436,289,147
112000134,600,477,123
112000135,2972,966,2006
112000136,2324,1703,621
112000137,3986,2314,1672
112000138,4648,1750,2898
112000139,1156,671,485
112000140,1931,1461,470
112000141,966,349,617
112000142,239,845,-606
112000143,1381,310,1071
112000144,329,1648,-1319
112000145,3048,731,2317
112000146,689,2399,-1710
112000147,3157,2375,782
112000148,2251,2667,-416
112000149,586,835,-249
112000150,396,873,-477
112000151,349,532,-183
112000152,459,683,-224
112000153,182,418,-236
112000154,145,400,-255
112000155,145,168,-23
112000157,1244,669,575
112000158,401,645,-244
112000159,607,463,144
112000167,428,115,313
112000169,355,549,-194
112000173,851,364,487
112000175,700,564,136
112000176,4030,2608,1422
112000177,747,286,461
112000178,113,486,-373
112000179,343,167,176
112000180,333,551,-218
112000181,1788,2435,-647
112000182,1362,2021,-659
112000183,43,72,-29
112000184,455,507,-52
112000185,590,694,-104
112000187,4744,3050,1694
112000195,197,18,179
112000196,345,6,339
112000197,228,235,-7
112000198,53,291,-238
112000199,2077,1333,744
112000202,455,3,452
112000216,86,373,-287
112000230,92,12,80
112000231,5,292,-287
112000256,53,355,-302
112000313,94,157,-63
112000314,68,36,32
112000337,680,724,-44
112000352,517,522,-5
112000392,1345,1298,47
112000398,1522,1034,488
112000399,1986,2689,-703
112000400,2061,4498,-2437
112000401,3438,3171,267
112000402,3446,3590,-144
112000403,2487,3355,-868
112000404,889,911,-22
112000405,2084,3290,-1206
112000406,4029,3098,931
112000407,7801,10056,-2255
112000408,9590,8800,790
112000409,1797,6183,-4386
112000410,705,333,372
112000411,5197,2436,2761
112000412,1782,818,964
112000413,9933,6603,3330
112000414,82,111,-29
112000415,140,54,86
112000416,2712,1850,862
112000417,292,100,192
112000421,71,275,-204
112000422,533,487,46
112000424,2702,3219,-517
112000425,533,932,-399
112000426,151,485,-334
112000427,0,17,-17
112000428,264,420,-156
112000429,2744,3188,-444
112000430,2920,3439,-519
112000431,78,169,-91
112000432,849,1536,-687
112000433,571,1262,-691
112000437,53,227,-174
112900001,50,0,50
112900002,409,1136,-727
112900003,65,402,-337
112900004,52,370,-318
112900005,270,297,-27
112900006,7,490,-483
112900007,24,233,-209
112900008,0,21,-21
112900009,484,138,346
112900010,465,1074,-609
112900011,202,339,-137
112900012,0,58,-58
112900013,22,334,-312
112900014,3,547,-544
112900015,514,981,-467
112900016,11,367,-356
112900017,56,252,-196
112900018,8,303,-295
112900019,63,319,-256
112900020,426,1246,-820
112900021,4,228,-224
112900022,14,108,-94
112900023,7,203,-196
112900024,41,287,-246
112900025,104,298,-194
112900026,10,303,-293
112900027,24,1294,-1270
112900028,41,151,-110
112900029,12,608,-596
112900030,179,247,-68
112900031,15,621,-606
112900032,278,375,-97
112900034,3,57,-54
112900035,9,518,-509
112900036,249,180,69
112900037,265,213,52
112900038,795,219,576
112900039,32,350,-318
112900040,17,561,-544
112900041,1070,1479,-409
112900042,79,376,-297
112900043,43,80,-37
112900044,657,581,76
112900045,422,397,25
112900046,304,92,212
112900047,20,39,-19
112900049,205,112,93
112900050,77,693,-616
112900051,457,843,-386
112900052,51,1285,-1234
112900053,1269,195,1074
112900054,255,80,175
112900055,180,68,112
112900056,559,282,277
112900057,20,669,-649
112900058,368,412,-44
112900059,179,142,37
112900060,18,218,-200
112900061,138,163,-25
112900062,79,166,-87
112900063,178,23,155
112900064,230,253,-23
112900065,68,32,36
112900066,304,201,103
112900067,612,182,430
112900068,75,40,35
112900069,2294,1184,1110
112900071,47,4,43
112900072,223,2534,-2311
112900073,549,120,429
112900074,125,288,-163
112900075,1758,1146,612
112900076,132,39,93
112900078,378,464,-86
112900079,346,79,267
112900080,81,3,78
112900081,53,251,-198
112900082,572,17,555
112900083,148,90,58
112900084,319,139,180
112900086,122,2,120
112900087,928,199,729
112900088,189,27,162
112900089,995,42,953
112900090,70,32,38
112900091,271,13,258
112900092,346,379,-33
112900093,1916,28,1888
112900095,61,0,61
112900096,617,174,443
112900097,120,397,-277
112900098,248,8,240
112900099,911,21,890
112900100,198,1,197
112900101,711,10,701
112900102,479,26,453
112900103,253,8,245
112900104,165,4,161
112900105,11,1,10
112900106,547,150,397
112900107,15,1,14
112900108,21,1,20
112900109,122,1,121
112900110,1523,26,1497
112900111,819,1,818
112900112,407,0,407
112900113,0,10,-10
112900114,195,74,121
112900115,1575,5,1570
112900116,139,34,105
112900117,117,119,-2
112900118,44,90,-46
112900119,196,5,191
112900120,936,307,629
112900121,139,264,-125
112900122,91,176,-85
112900123,126,19,107
112900124,21,132,-111
112900125,153,755,-602
112900126,245,280,-35
112900127,453,153,300
112900128,464,828,-364
112900129,2,1128,-1126
112900130,370,126,244
112900131,54,277,-223
112900132,382,556,-174
112900133,33,1341,-1308
112900134,1,386,-385
112900135,187,49,138
112900137,1,607,-606
112900138,8,370,-362
112900139,341,1294,-953
112900141,884,77,807
112900142,118,185,-67
112900143,39,618,-579
112900144,1,366,-365
112900145,41,606,-565
112900146,12,1432,-1420
112900147,7,2172,-2165
112900148,94,1,93
112900149,357,1443,-1086
112900151,18,71,-53
112900152,4448,1082,3366
112900153,2333,3075,-742
112900154,1,162,-161
112900155,257,48,209
112900156,385,1786,-1401
112900157,329,126,203
112900158,77,44,33
112900159,334,137,197
112900160,99,452,-353
112900161,169,64,105
112900162,40,19,21
112900163,101,66,35
112900164,42,269,-227
112900165,706,57,649
112900166,40,100,-60
112900167,13,53,-40
112900168,6,4,2
112900169,22,21,1
112900170,143,134,9
112900172,42,21,21
112900173,293,119,174
112900174,282,55,227
112900175,252,192,60
112900176,8,78,-70
112900177,361,84,277
112900178,1077,2961,-1884
112900179,48,532,-484
112900180,2571,1908,663
112900181,648,7,641
112900182,55,1279,-1224
112900183,204,476,-272
112900184,569,552,17
112900185,427,856,-429
112900186,2091,1333,758
112900187,100,855,-755
112900188,812,706,106
112900189,5,58,-53
112900190,10,82,-72
112900192,743,797,-54
112900193,1605,468,1137
112900194,74,136,-62
112900195,1186,76,1110
112900196,192,337,-145
112900197,337,485,-148
112900199,717,533,184
112900200,633,298,335
112900201,140,128,12
112900202,444,971,-527
112900203,271,322,-51
112900204,1220,930,290
112900205,9,5,4
112900206,38,73,-35
112900207,24,0,24
112900208,94,360,-266
112900209,604,491,113
112900210,0,26,-26
112900211,157,126,31
112900212,1,116,-115
112900213,24,3,21
112900214,31,10,21
112900215,17,224,-207
112900216,58,95,-37
112900217,0,70,-70
112900218,86,35,51
112900219,310,8,302
112900220,5,1,4
112900221,68,134,-66
112900222,2,33,-31
112900223,1356,30,1326
112900224,360,653,-293
112900225,557,469,88
112900226,288,627,-339
112900227,736,1290,-554
112900228,67,44,23
112900229,225,97,128
112900230,9083,5543,3540
112900232,351,351,0
112900233,88,211,-123
112900234,21,162,-141
112900235,128,45,83
112900236,315,17,298
112900237,228,337,-109
112900238,10,62,-52
112900239,860,483,377
113000001,6757,5644,1113
113000002,4365,4338,27
113000003,2333,1965,368
113000004,2322,2812,-490
113000005,2013,1256,757
113000006,1352,1574,-222
113000007,2571,1445,1126
113000008,2297,2192,105
113000009,1158,1062,96
113000010,1476,1738,-262
113000011,789,2096,-1307
113000012,2125,1132,993
113000013,1480,847,633
113000014,1934,1697,237
113000015,841,305,536
113000016,432,931,-499
113000017,113,475,-362
113000018,542,85,457
113000019,382,350,32
113000020,613,92,521
113000021,1822,674,1148
113000022,879,1410,-531
113000025,163,470,-307
113000026,472,649,-177
113000027,1022,689,333
113000028,1428,771,657
113000029,1086,787,299
113000030,615,800,-185
113000031,313,374,-61
113000032,381,404,-23
113000033,382,506,-124
113000034,484,457,27
113000035,30,50,-20
113000036,28,92,-64
113000037,69,57,12
113000038,23,74,-51
113000039,125,413,-288
113000040,74,107,-33
113000042,915,809,106
113000051,1030,2734,-1704
113000052,2122,1109,1013
113000053,544,530,14
113000054,427,1053,-626
113000055,1366,762,604
113000056,1050,1144,-94
113000058,868,999,-131
113000059,1363,1030,333
113000060,271,678,-407
113000061,583,1095,-512
113000062,1159,313,846
113000063,204,158,46
113000064,56,464,-408
113000065,172,1066,-894
113000066,709,113,596
113000067,2422,1769,653
113000068,395,1624,-1229
113000069,747,1408,-661
113000070,3137,1408,1729
113000071,691,775,-84
113000072,886,664,222
113000073,556,1773,-1217
113000074,1280,601,679
113000075,2495,970,1525
113000076,781,2155,-1374
113000077,1595,707,888
113000078,925,3084,-2159
113000079,1090,982,108
113000080,990,912,78
113000081,1457,1180,277
113000082,2099,1003,1096
113000083,636,1089,-453
113000084,1921,1494,427
113000085,1004,835,169
113000086,1515,1365,150
113000087,1656,1156,500
113000088,2936,1719,1217
113000089,1100,2044,-944
113000090,356,843,-487
113000091,803,455,348
113000094,1409,253,1156
113000095,269,939,-670
113000096,226,865,-639
113000097,1248,598,650
113000098,167,41,126
113000099,1244,509,735
113000100,195,525,-330
113000101,578,775,-197
113000102,748,598,150
113000103,2344,598,1746
113000104,570,2267,-1697
113000105,910,528,382
113000106,421,690,-269
113000107,929,900,29
113000108,754,1581,-827
113000109,648,1889,-1241
113000110,1717,500,1217
113000111,185,672,-487
113000112,356,440,-84
113000113,1706,461,1245
113000114,441,1788,-1347
113000116,1031,432,599
113000117,1087,193,894
113000118,129,844,-715
113000119,450,435,15
113000120,85,296,-211
113000121,961,1228,-267
113000124,295,188,107
113000125,97,911,-814
113000127,3454,430,3024
113000128,524,719,-195
113000129,779,1046,-267
113000133,2855,2462,393
113000134,8,1544,-1536
113000135,5097,5368,-271
113000137,2500,4123,-1623
113000139,561,310,251
113000140,184,307,-123
113000141,565,323,242
113000142,933,1662,-729
113000143,388,353,35
113000144,416,979,-563
113000145,100,236,-136
113000146,238,90,148
113000147,247,161,86
113000148,203,161,42
113000149,115,117,-2
113000150,745,428,317
113000151,99,77,22
113000152,46,123,-77
113000153,1804,700,1104
113000154,1156,2120,-964
113000155,463,781,-318
113000156,182,569,-387
113000157,363,1126,-763
113000158,866,353,513
113000159,1267,1010,257
113000160,811,1352,-541
113000161,380,647,-267
113000162,1183,754,429
113000163,206,50,156
113000164,27,105,-78
113000166,154,114,40
113000167,69,141,-72
113000168,106,149,-43
113000169,174,111,63
113000170,112,124,-12
113000171,52,108,-56
113000172,331,83,248
113000173,73,31,42
113000174,145,554,-409
113000175,545,151,394
113000176,649,192,457
113000177,209,573,-364
113000178,290,457,-167
113000179,382,238,144
113000180,954,1449,-495
113000181,1309,1053,256
113000182,170,548,-378
113000183,137,672,-535
113000184,36,159,-123
113000189,654,1059,-405
113000190,1500,910,590
113000192,1985,2423,-438
113000193,5536,1457,4079
113000194,2485,1499,986
113000195,3257,1169,2088
113000196,267,111,156
113000197,2326,1405,921
113000198,147,481,-334
113000199,2090,507,1583
113000201,331,335,-4
113000202,4112,1670,2442
113000203,424,165,259
113000204,1714,2467,-753
113000205,35,37,-2
113000206,11,48,-37
113000207,104,38,66
113000208,58,71,-13
113000209,22,43,-21
113000210,6,27,-21
113000211,197,296,-99
113000212,150,31,119
113000213,37,161,-124
113000214,211,330,-119
113000234,202,1064,-862
113000410,360,303,57
113000411,3708,5540,-1832
113000412,7969,2700,5269
113000413,3613,3844,-231
113000414,8691,19612,-10921
113000415,3185,4110,-925
113000416,11476,5769,5707
113000417,3377,4109,-732
113000418,5653,4222,1431
113000419,2409,2832,-423
113000420,5744,7725,-1981
113000421,5283,8233,-2950
113000422,16469,14227,2242
113000423,2857,6690,-3833
113000424,4058,9864,-5806
113000425,20,92,-72
113000428,64,35,29
113000430,18,82,-64
113000432,2493,237,2256
113000433,178,1033,-855
113000434,26,168,-142
113000435,75,947,-872
113000436,60,1519,-1459
113000437,1354,39,1315
113000438,380,14,366
113000439,40,165,-125
113000440,136,48,88
113000441,238,285,-47
113000442,177,224,-47
113000443,300,279,21
113000444,208,275,-67
113000445,161,122,39
113000446,62,141,-79
113000448,253,195,58
113000449,256,1083,-827
113000450,782,2890,-2108
113000451,1475,255,1220
113000452,540,562,-22
113000453,130,403,-273
113000454,1007,82,925
113000455,74,290,-216
113000456,4969,3567,1402
113000468,2087,384,1703
113000469,238,199,39
113000470,465,38,427
113000471,16,415,-399
113000472,100,443,-343
113000474,607,697,-90
113000475,1955,1977,-22
113000476,1544,2351,-807
113000477,3582,2483,1099
113000478,4859,6778,-1919
113000479,92,231,-139
113000480,136,160,-24
113000484,0,0,0
113000485,3,1,2
113000486,1,0,1
113000487,0,0,0
113000488,0,1,-1
113000489,2,0,2
113000490,0,0,0
113000491,1,1,0
113000492,0,0,0
113000493,0,0,0
113000495,200,235,-35
113000496,153,162,-9
113000499,1,0,1
113900001,5,187,-182
113900002,1,103,-102
113900003,1,84,-83
113900004,2,50,-48
113900005,1,54,-53
113900006,0,28,-28
113900007,88,25,63
113900008,65,1,64
113900009,254,1,253
113900010,161,3,158
113900011,48,0,48
113900012,27,2,25
113900013,404,5,399
113900014,521,6,515
113900015,2,81,-79
113900016,44,3,41
113900017,2,78,-76
113900018,552,230,322
113900019,190,86,104
113900020,157,0,157
113900022,22,0,22
113900023,22,1,21
113900024,155,89,66
113900025,317,27,290
113900026,79,0,79
113900027,4,107,-103
113900028,25,593,-568
113900029,81,208,-127
113900030,235,3,232
113900031,17,3,14
113900032,29,2,27
113900033,103,89,14
113900035,62,2,60
113900036,58,169,-111
113900037,183,592,-409
113900038,78,150,-72
113900039,164,31,133
113900040,6,7,-1
113900041,7,6,1
113900042,110,66,44
113900043,162,153,9
113900044,416,382,34
113900045,106,3,103
113900046,402,783,-381
113900047,39,172,-133
113900048,216,120,96
113900049,772,347,425
113900050,276,429,-153
113900051,386,516,-130
113900052,150,174,-24
113900053,845,623,222
113900054,28,2,26
113900055,149,492,-343
113900056,88,306,-218
113900057,22,109,-87
113900058,64,174,-110
113900059,302,389,-87
113900060,207,282,-75
113900061,1187,416,771
113900062,103,15,88
113900063,163,166,-3
113900064,39,167,-128
113900065,447,22,425
113900066,421,433,-12
113900067,224,305,-81
113900068,682,511,171
113900069,110,45,65
113900070,233,701,-468
113900071,83,101,-18
113900072,91,231,-140
113900073,261,521,-260
113900074,153,344,-191
113900075,1609,1365,244
113900076,207,30,177
113900077,87,247,-160
113900078,81,76,5
113900079,4,45,-41
113900080,619,296,323
113900081,83,285,-202
113900082,111,356,-245
113900083,375,512,-137
113900084,286,130,156
113900085,56,349,-293
113900086,39,26,13
113900087,67,182,-115
113900088,73,119,-46
113900089,556,55,501
113900090,759,467,292
113900091,16,25,-9
113900092,66,107,-41
113900093,116,943,-827
113900094,583,598,-15
113900095,147,128,19
113900096,380,77,303
113900097,80,132,-52
113900098,714,107,607
113900099,2,70,-68
113900100,0,7,-7
113900101,24,81,-57
113900102,175,193,-18
113900103,410,311,99
113900104,148,245,-97
113900105,139,331,-192
113900106,2,80,-78
113900107,1,43,-42
113900108,310,294,16
113900109,497,227,270
113900110,80,26,54
113900111,174,164,10
113900112,133,82,51
113900113,1260,600,660
113900114,3,81,-78
113900115,2,97,-95
113900116,171,185,-14
113900117,123,35,88
113900118,279,416,-137
113900119,265,718,-453
113900120,82,77,5
113900121,67,122,-55
113900122,536,2170,-1634
113900123,575,278,297
113900124,1,84,-83
113900125,1039,167,872
113900126,267,72,195
113900127,461,955,-494
113900128,201,69,132
113900129,14,194,-180
113900130,9,65,-56
113900131,313,110,203
113900132,56,91,-35
113900133,27,88,-61
113900135,398,477,-79
113900136,175,106,69
113900137,424,332,92
113900138,78,249,-171
113900139,410,178,232
113900140,432,476,-44
113900141,719,402,317
113900142,167,94,73
113900143,17,52,-35
113900144,380,281,99
113900145,525,234,291
113900146,193,95,98
113900148,222,337,-115
113900149,196,91,105
113900150,988,746,242
113900151,515,284,231
113900152,43,64,-21
113900153,475,777,-302
113900154,2,199,-197
113900155,303,199,104
113900156,281,564,-283
113900157,64,318,-254
113900158,600,630,-30
113900159,25,355,-330
113900160,1133,761,372
113900161,70,287,-217
113900162,838,1202,-364
113900163,363,391,-28
113900164,326,59,267
113900165,1057,598,459
113900166,366,225,141
113900167,359,67,292
113900168,134,134,0
113900169,360,476,-116
113900171,206,109,97
113900172,18,222,-204
113900173,69,658,-589
113900174,538,857,-319
113900175,423,174,249
113900176,556,762,-206
113900177,427,228,199
113900178,517,138,379
113900179,31,628,-597
113900180,226,111,115
113900181,833,168,665
113900182,1098,1398,-300
113900183,69,115,-46
113900184,15,581,-566
113900185,246,119,127
113900186,63,52,11
113900187,57,190,-133
113900188,59,216,-157
113900189,352,159,193
113900190,356,171,185
113900191,152,346,-194
113900192,12,644,-632
113900193,37,306,-269
113900194,1902,1395,507
113900195,289,436,-147
113900196,18,204,-186
113900197,1,249,-248
113900198,59,245,-186
113900199,235,927,-692
113900200,33,323,-290
113900201,2,223,-221
113900202,41,367,-326
113900203,0,150,-150
113900204,62,622,-560
113900205,21,237,-216
113900206,6,217,-211
113900207,1,83,-82
113900208,0,87,-87
113900209,0,90,-90
113900210,701,972,-271
113900211,213,90,123
113900212,239,542,-303
113900214,620,489,131
113900215,38,151,-113
113900216,96,1105,-1009
113900217,64,274,-210
113900218,267,90,177
113900219,132,440,-308
113900220,221,123,98
113900221,534,332,202
113900222,403,850,-447
113900223,193,1124,-931
113900224,94,68,26
113900225,663,299,364
113900226,397,149,248
113900227,640,277,363
113900228,405,540,-135
113900229,80,939,-859
113900230,5518,4555,963
113900231,224,231,-7
113900232,115,131,-16
113900233,124,91,33
113900234,453,573,-120
113900235,155,50,105
113900236,147,352,-205
113900237,221,11,210
113900238,285,691,-406
113900239,78,89,-11
113900240,12,223,-211
113900241,146,54,92
113900242,46,150,-104
113900243,158,564,-406
113900244,405,255,150
113900245,1689,399,1290
113900246,26,41,-15
113900247,271,626,-355
113900248,3426,2425,1001
113900249,964,418,546
113900250,70,169,-99
113900251,767,237,530
113900252,663,21,642
113900253,872,91,781
113900254,1061,176,885
113900255,489,22,467
113900256,453,28,425
113900257,36,665,-629
113900258,41,533,-492
113900259,560,245,315
113900260,273,13,260
113900261,34,102,-68
113900262,182,645,-463
113900263,216,775,-559
113900264,5,584,-579
113900265,247,398,-151
113900266,47,248,-201
113900267,132,590,-458
113900268,490,603,-113
113900269,66,191,-125
113900270,387,959,-572
113900271,746,1492,-746
113900273,58,20,38
113900274,65,34,31
113900275,68,94,-26
113900276,2,193,-191
113900277,123,5,118
113900278,364,238,126
113900279,135,111,24
113900280,1963,762,1201
113900281,770,1791,-1021
113900282,1053,770,283
113900283,544,642,-98
113900284,1134,319,815
113900285,157,62,95
113900286,13,105,-92
113900287,41,47,-6
113900288,6,216,-210
113900289,1216,141,1075
113900290,429,262,167
113900291,164,256,-92
113900292,34,3,31
113900293,6,312,-306
113900294,553,37,516
113900295,605,506,99
113900296,2315,519,1796
113900297,3256,61,3195
113900298,18,2023,-2005
113900299,81,167,-86
113900300,6083,4030,2053
113900301,1036,525,511
113900302,3122,1320,1802
113900303,595,510,85
113900304,0,157,-157
113900305,113,1,112
113900306,58,0,58
113900307,81,0,81
113900308,129,156,-27
113900309,7,788,-781
113900310,3,10,-7
113900311,12,3,9
113900312,263,281,-18
113900313,15,9,6
114000001,1217,3450,-2233
114000002,373,465,-92
114000003,45,446,-401
114000004,429,526,-97
114000005,316,328,-12
114000006,3079,2623,456
114000007,1005,1622,-617
114000008,1686,2260,-574
114000009,844,313,531
114000011,3046,3208,-162
114000012,2522,2352,170
114000013,2085,1870,215
114000014,672,425,247
114000015,2247,538,1709
114000016,318,464,-146
114000017,112,408,-296
114000018,275,59,216
114000026,1947,1590,357
114000027,3578,2526,1052
114000028,2897,3040,-143
114000038,397,227,170
114000039,126,73,53
114000040,107,312,-205
114000042,166,198,-32
114000043,82,122,-40
114000044,192,60,132
114000045,64,124,-60
114000046,5158,5835,-677
114000047,15,79,-64
114000048,102,53,49
114000049,1909,2004,-95
114000050,1805,2522,-717
114000051,3388,2343,1045
114000052,5837,2016,3821
114000053,151,607,-456
114000054,329,1068,-739
114000055,450,115,335
114000056,1807,1049,758
114000057,6743,2834,3909
114000058,916,1980,-1064
114000059,495,476,19
114000060,848,1022,-174
114000061,3902,3905,-3
114000062,3385,2142,1243
114000063,3427,2195,1232
114000064,8884,4883,4001
114000065,2230,3061,-831
114000066,541,754,-213
114000067,39,967,-928
114000068,634,866,-232
114000069,1203,843,360
114000070,2929,2159,770
114000071,881,763,118
114000072,641,365,276
114000073,30,97,-67
114000074,55,16,39
114000075,56,159,-103
114000076,23,116,-93
114000077,6,41,-35
114000078,574,949,-375
114000079,208,35,173
114000080,97,110,-13
114000081,70,101,-31
114000082,55,528,-473
114000083,104,446,-342
114000084,412,125,287
114000085,175,829,-654
114000086,279,583,-304
114000087,181,230,-49
114000088,46,48,-2
114000089,1231,537,694
114000090,965,1136,-171
114000091,1945,1006,939
114000092,1393,758,635
114000093,1753,1146,607
114000094,449,503,-54
114000095,327,199,128
114000096,196,516,-320
114000097,179,841,-662
114000098,633,118,515
114000099,676,687,-11
114000100,1670,877,793
114000101,557,1051,-494
114000102,686,451,235
114000103,218,464,-246
114000104,81,329,-248
114000105,163,136,27
114000106,1026,1324,-298
114000107,374,154,220
114000108,1666,1273,393
114000109,486,1225,-739
114000110,774,1909,-1135
114000111,2046,1062,984
114000112,604,2139,-1535
114000113,1272,708,564
114000114,1742,1627,115
114000115,2392,1422,970
114000116,1183,1675,-492
114000117,3296,596,2700
114000118,2654,680,1974
114000119,1885,551,1334
114000120,695,1048,-353
114000121,442,838,-396
114000122,456,409,47
114000123,2361,596,1765
114000124,949,430,519
114000125,1112,1595,-483
114000126,3512,303,3209
114000127,347,224,123
114000128,989,432,557
114000130,621,593,28
114000131,336,160,176
114000132,807,741,66
114000133,1222,1854,-632
114000134,107,259,-152
114000138,66,324,-258
114000139,530,317,213
114000144,1058,665,393
114000145,88,271,-183
114000146,157,420,-263
114000147,1742,2148,-406
114000148,2463,2373,90
114000149,450,347,103
114000150,761,746,15
114000151,984,1498,-514
114000152,222,51,171
114000153,965,2663,-1698
114000154,928,915,13
114000155,2484,2635,-151
114000156,1003,771,232
114000157,478,1190,-712
114000158,2062,985,1077
114000159,261,542,-281
114000160,156,507,-351
114000161,1552,3714,-2162
114000162,1305,2830,-1525
114000163,21,189,-168
114000165,745,320,425
114000166,899,469,430
114000167,3669,1779,1890
114000168,918,1013,-95
114000169,1770,1422,348
114000170,1434,1358,76
114000171,1186,3949,-2763
114000174,285,650,-365
114000176,674,604,70
114000177,2382,1232,1150
114000178,77,51,26
114000179,1293,893,400
114000180,530,999,-469
114000181,2270,4512,-2242
114000182,3788,2835,953
114000183,1216,1266,-50
114000184,4928,1549,3379
114000185,1718,1072,646
114000189,1208,185,1023
114000190,3062,443,2619
114000191,72,107,-35
114000192,344,1783,-1439
114000193,931,3482,-2551
114000194,1433,1258,175
114000195,162,27,135
114000196,5,283,-278
114000197,1374,121,1253
114000198,981,441,540
114000199,2336,2013,323
114000200,727,1978,-1251
114000201,195,906,-711
114000202,1751,780,971
114000203,537,697,-160
114000204,235,515,-280
114000205,335,1873,-1538
114000206,681,1503,-822
114000207,720,2241,-1521
114000208,564,3291,-2727
114000209,765,2660,-1895
114000210,331,1693,-1362
114000211,1121,2925,-1804
114000212,1019,1026,-7
114000213,1604,772,832
114000214,143,302,-159
114000215,281,96,185
114000216,1901,465,1436
114000217,370,264,106
114000218,206,283,-77
114000219,1449,374,1075
114000220,29,982,-953
114000221,945,215,730
114000222,216,1272,-1056
114000223,579,189,390
114000224,148,741,-593
114000225,230,763,-533
114000226,212,278,-66
114000227,941,655,286
114000228,1028,1096,-68
114000229,1337,1420,-83
114000230,2236,1571,665
114000231,1094,1501,-407
114000232,676,150,526
114000233,2377,188,2189
114000234,1275,1271,4
114000235,1076,1562,-486
114000236,2,479,-477
114000237,109,988,-879
114000238,382,197,185
114000239,239,1289,-1050
114000240,1077,974,103
114000241,340,1244,-904
114000242,1118,974,144
114000243,2273,981,1292
114000244,2189,594,1595
114000245,482,763,-281
114000246,167,58,109
114000247,2070,908,1162
114000248,2906,641,2265
114000249,575,906,-331
114000250,709,921,-212
114000251,556,312,244
114000252,121,83,38
114000253,84,174,-90
114000254,42,80,-38
114000255,817,258,559
114000256,2472,2888,-416
114000257,469,1711,-1242
114000258,549,559,-10
114000259,297,269,28
114000260,0,33,-33
114000261,44,56,-12
114000262,311,219,92
114000263,24,0,24
114000264,1465,676,789
114000265,0,1,-1
114000267,6,2141,-2135
114000268,13,1767,-1754
114000270,161,18,143
114000271,515,81,434
114000283,1537,567,970
114000285,59,261,-202
114000288,88,370,-282
114000289,1384,190,1194
114000293,260,535,-275
114000294,179,331,-152
114000395,2025,85,1940
114000396,669,632,37
114000402,506,375,131
114000403,287,416,-129
114000405,202,605,-403
114000423,416,512,-96
114000424,680,268,412
114000425,855,504,351
114000426,366,1076,-710
114000427,70,90,-20
114000428,331,280,51
114000429,33,301,-268
114000432,112,170,-58
114000434,42,109,-67
114000435,17,373,-356
114900001,941,1276,-335
114900002,1246,177,1069
114900003,745,1581,-836
114900004,413,593,-180
114900005,586,810,-224
114900006,121,87,34
114900007,404,22,382
114900008,168,133,35
114900010,2290,2246,44
114900011,305,173,132
114900013,301,197,104
114900015,89,624,-535
114900018,923,34,889
114900020,263,79,184
114900022,75,683,-608
114900024,394,214,180
114900025,589,260,329
114900026,63,192,-129
114900027,344,290,54
114900029,36,29,7
114900030,446,292,154
114900031,432,31,401
114900032,460,43,417
114900033,1361,860,501
114900034,82,286,-204
114900035,240,371,-131
114900036,320,916,-596
114900037,169,253,-84
114900038,205,893,-688
114900039,621,627,-6
114900040,117,230,-113
114900041,764,701,63
114900042,888,965,-77
114900043,695,310,385
114900044,403,43,360
114900046,72,155,-83
114900047,284,2152,-1868
114900048,163,384,-221
114900049,9,208,-199
114900050,74,520,-446
114900051,75,505,-430
114900052,220,320,-100
114900053,335,314,21
114900054,121,195,-74
114900057,265,11,254
114900058,0,109,-109
114900059,97,68,29
114900060,1654,1108,546
114900061,187,283,-96
114900062,361,456,-95
114900063,69,275,-206
114900064,1496,611,885
114900065,461,804,-343
114900067,232,522,-290
114900068,59,214,-155
114900069,202,182,20
114900070,667,543,124
114900072,7,501,-494
114900073,0,262,-262
114900074,682,772,-90
114900075,486,13,473
114900076,8,528,-520
114900080,2284,488,1796
114900082,3962,2300,1662
114900083,1487,1292,195
114900090,420,253,167
114900091,185,225,-40
114900095,520,166,354
114900096,605,916,-311
114900097,135,0,135
114900098,8,309,-301
114900099,328,11,317
115000001,7566,4897,2669
115000002,3963,4649,-686
115000003,5871,3966,1905
115000004,4259,7333,-3074
115000005,2057,2657,-600
115000006,1091,1987,-896
115000007,108,215,-107
115000008,936,661,275
115000009,189,274,-85
115000010,304,211,93
115000013,146,221,-75
115000015,81,343,-262
115000016,263,378,-115
115000019,88,561,-473
115000020,144,965,-821
115000021,362,547,-185
115000022,674,556,118
115000023,400,741,-341
115000024,1374,746,628
115000025,867,840,27
115000026,216,534,-318
115000027,320,384,-64
115000028,348,1172,-824
115000029,697,156,541
115000030,1238,1448,-210
115000031,1650,560,1090
115000032,14,327,-313
115000033,156,55,101
115000034,109,1448,-1339
115000035,1304,87,1217
115000036,1,545,-544
115000037,672,13,659
115000038,47,204,-157
115000039,4107,4112,-5
115000040,8776,3744,5032
115000041,1873,4024,-2151
115000042,1668,904,764
115000043,4232,2675,1557
115000044,4408,4725,-317
115000045,3046,2231,815
115000046,2384,2862,-478
115000047,2311,1943,368
115000048,1602,3109,-1507
115000049,1905,4133,-2228
115000050,3608,2858,750
115000051,2055,4067,-2012
115000052,3154,2115,1039
115000053,2049,2180,-131
115000054,836,1683,-847
115000055,223,689,-466
115000056,326,694,-368
115000057,917,1221,-304
115000058,706,335,371
115000059,274,187,87
115000061,276,191,85
115000062,239,378,-139
115000063,464,383,81
115000064,293,198,95
115000065,62,603,-541
115000067,220,21,199
115000069,109,396,-287
115000070,33,1048,-1015
115000071,148,18,130
115000072,12,88,-76
115000073,1372,71,1301
115000075,110,77,33
115000076,4017,3595,422
115000077,3305,2950,355
115000078,1514,1808,-294
115000079,2292,2279,13
115000080,3109,3026,83
115000081,620,1295,-675
115000082,4611,4379,232
115000083,2484,3280,-796
115000084,2554,1441,1113
115000085,822,1348,-526
115000086,1264,1178,86
115000087,522,1861,-1339
115000088,2112,1013,1099
115000089,1658,1492,166
115000090,646,1114,-468
115000091,273,1165,-892
115000092,593,447,146
115000093,631,3,628
115000094,7942,6397,1545
115000095,5674,7095,-1421
115000096,744,1735,-991
115000097,929,1215,-286
115000098,1206,918,288
115000099,2779,3163,-384
115000100,1096,515,581
115000101,452,1857,-1405
115000102,458,293,165
115000103,364,806,-442
115000105,96,184,-88
115000106,757,423,334
115000107,279,579,-300
115000108,3829,2962,867
115000109,5193,4940,253
115000110,1710,1615,95
115000111,850,2088,-1238
115000112,908,853,55
115000113,882,1026,-144
115000114,2219,936,1283
115000116,5179,3007,2172
115000117,5108,4464,644
115000118,3297,2225,1072
115000119,3136,3055,81
115000120,793,1566,-773
115000121,1945,1124,821
115000122,5590,2371,3219
115000123,2282,2836,-554
115000124,1281,1096,185
115000125,557,755,-198
115000126,221,354,-133
115000127,518,159,359
115000128,789,931,-142
115000129,355,438,-83
115000130,562,1115,-553
115000131,982,311,671
115000132,533,518,15
115000133,995,318,677
115000134,640,433,207
115000135,449,269,180
115000136,268,310,-42
115000137,172,209,-37
115000138,376,355,21
115000139,295,314,-19
115000140,426,339,87
115000141,172,382,-210
115000142,233,273,-40
115000143,783,795,-12
115000144,569,115,454
115000145,276,423,-147
115000146,756,409,347
115000147,745,602,143
115000148,391,1365,-974
115000149,691,315,376
115000150,863,1159,-296
115000151,1274,779,495
115000152,882,1409,-527
115000153,1275,919,356
115000154,889,509,380
115000155,888,1280,-392
115000156,1270,861,409
115000157,1063,1006,57
115000158,868,485,383
115000159,886,722,164
115000160,863,664,199
115000161,487,659,-172
115000162,914,788,126
115000163,674,751,-77
115000164,784,685,99
115000165,405,605,-200
115000167,185,85,100
115000168,765,418,347
115000169,679,386,293
115000170,165,160,5
115000171,309,218,91
115000172,1653,859,794
115000173,383,720,-337
115000174,312,361,-49
115000175,329,171,158
115000176,211,197,14
115000177,193,234,-41
115000178,51,331,-280
115000179,50,48,2
115000180,170,754,-584
115000181,717,189,528
115000182,991,413,578
115000183,499,944,-445
115000186,810,361,449
115000187,286,971,-685
115000188,556,560,-4
115000189,258,527,-269
115000190,899,454,445
115000191,217,603,-386
115000194,239,263,-24
115000195,423,444,-21
115000196,202,95,107
115000197,373,323,50
115000198,375,243,132
115000199,372,241,131
115000200,464,135,329
115000201,193,492,-299
115000206,592,95,497
115000207,162,353,-191
115000208,621,789,-168
115000209,1239,408,831
115000210,212,165,47
115000211,472,290,182
115000212,1668,451,1217
115000224,477,55,422
115000225,42,115,-73
115000229,211,182,29
115000230,168,524,-356
115000231,341,1972,-1631
115000232,1728,341,1387
115000233,192,283,-91
115000234,52,353,-301
115000241,84,305,-221
115000242,144,340,-196
115000243,47,261,-214
115000244,15,154,-139
115000246,30,40,-10
115000247,49,21,28
115000248,30,34,-4
115000249,44,20,24
115000250,268,38,230
115000251,326,181,145
115000252,108,286,-178
115000253,32,570,-538
115000258,349,312,37
115000259,432,214,218
115000261,25,33,-8
115000262,14,28,-14
115000263,10,69,-59
115000264,36,60,-24
115000267,101,78,23
115000268,37,192,-155
115000269,130,71,59
115000270,6,31,-25
115000272,109,191,-82
115000273,520,52,468
115000280,2828,256,2572
115000281,778,720,58
115000282,2346,943,1403
115000284,432,212,220
115000296,1569,20,1549
115000297,281,165,116
115000298,160,463,-303
115000300,198,231,-33
115000302,711,198,513
115000303,885,184,701
115000304,920,106,814
115000305,137,878,-741
115000306,271,460,-189
115000307,151,214,-63
115000308,48,22,26
115000309,20,41,-21
115000310,1124,1293,-169
115000311,986,1560,-574
115000313,161,725,-564
115000314,476,151,325
115000315,1119,475,644
115000316,67,192,-125
115000317,229,596,-367
115000318,878,326,552
115000319,61,375,-314
115000320,7,426,-419
115000321,392,13,379
115000322,73,243,-170
115000449,412,221,191
115000557,4,1274,-1270
115000558,561,106,455
115000587,587,488,99
115000588,2673,3416,-743
115000589,4273,2826,1447
115000590,1436,1762,-326
115000591,2505,889,1616
115000592,943,2092,-1149
115000593,1917,853,1064
115000594,1243,2594,-1351
115000609,186,170,16
115000617,2647,4339,-1692
115000624,431,119,312
115000633,477,2544,-2067
115000634,2799,1134,1665
115000635,575,163,412
115000638,957,925,32
115000641,69,139,-70
115000642,421,397,24
115000643,168,641,-473
115000644,188,566,-378
115000646,1057,2211,-1154
115000647,244,658,-414
115000648,2054,2427,-373
115000893,3796,1740,2056
115000894,164,1256,-1092
115000895,480,844,-364
115000896,1187,449,738
115000897,705,200,505
115000898,783,257,526
115000899,649,1382,-733
115000900,139,430,-291
115000901,64,133,-69
115000912,375,120,255
115000913,0,18,-18
115000915,27,0,27
115000916,15,0,15
115000917,0,31,-31
115000918,104,398,-294
115000919,14,27,-13
115000920,99,59,40
115000921,690,112,578
115000922,1095,807,288
115000923,508,952,-444
115000925,146,94,52
115000927,62,98,-36
115000933,276,215,61
115000934,189,280,-91
115000935,209,120,89
115000936,98,777,-679
115000937,971,179,792
115000938,118,278,-160
115000939,158,216,-58
115900001,106,65,41
115900002,121,154,-33
115900003,236,121,115
115900004,2,72,-70
115900005,196,9,187
115900006,184,380,-196
115900008,62,18,44
115900009,136,322,-186
115900010,425,226,199
115900011,615,409,206
115900012,224,85,139
115900013,656,235,421
115900014,172,208,-36
115900015,155,71,84
115900016,172,46,126
115900017,11,4,7
115900018,209,106,103
115900019,409,26,383
115900020,81,4,77
115900021,1603,194,1409
115900022,1794,19,1775
115900023,29,5,24
115900025,96,388,-292
115900026,1049,346,703
115900027,0,381,-381
115900028,993,89,904
115900029,28,448,-420
115900030,79,46,33
115900031,358,456,-98
115900032,595,1006,-411
115900033,0,63,-63
115900034,23,482,-459
115900035,41,31,10
115900036,135,772,-637
115900037,89,473,-384
115900038,55,11,44
115900039,251,278,-27
115900041,601,688,-87
115900042,25,8,17
115900043,137,131,6
115900044,374,360,14
115900046,310,341,-31
115900047,191,164,27
115900049,217,350,-133
115900051,4,57,-53
115900052,17,274,-257
115900053,262,286,-24
115900054,236,68,168
115900055,31,173,-142
115900056,298,383,-85
115900057,29,9,20
115900058,50,83,-33
115900060,104,236,-132
115900061,271,3,268
115900062,40,341,-301
115900063,84,17,67
115900064,184,270,-86
115900065,148,212,-64
115900066,252,199,53
115900067,20,776,-756
115900068,3560,1181,2379
115900069,165,240,-75
115900070,182,261,-79
115900071,2,579,-577
115900072,48,207,-159
115900073,88,104,-16
115900074,3,358,-355
115900075,39,313,-274
115900076,12,81,-69
115900077,3,296,-293
115900078,115,179,-64
115900079,212,35,177
115900080,532,291,241
115900081,20,78,-58
115900082,174,235,-61
115900084,469,25,444
115900085,87,107,-20
115900086,1800,722,1078
115900088,31,79,-48
115900089,385,858,-473
115900090,354,36,318
115900091,22,29,-7
115900092,16,189,-173
115900093,5,24,-19
115900094,2,365,-363
115900096,3,27,-24
115900097,5,438,-433
115900098,213,447,-234
115900099,385,87,298
115900100,16,617,-601
115900101,144,347,-203
115900102,111,92,19
115900103,390,247,143
115900104,80,148,-68
115900105,324,744,-420
115900106,53,57,-4
115900107,205,160,45
115900108,152,101,51
115900109,101,516,-415
115900110,8,23,-15
115900111,2,99,-97
115900112,50,1037,-987
115900113,66,119,-53
115900114,1,178,-177
115900115,93,297,-204
115900116,89,997,-908
115900117,101,55,46
115900118,3,306,-303
115900119,118,207,-89
115900120,45,392,-347
115900121,210,381,-171
115900124,593,821,-228
115900125,381,89,292
115900126,834,129,705
115900127,844,89,755
115900128,16,124,-108
115900129,863,65,798
115900130,27,277,-250
115900131,486,27,459
115900132,767,12,755
115900134,400,13,387
115900135,531,1281,-750
115900137,66,2,64
115900139,59,84,-25
115900140,236,58,178
115900141,4,45,-41
115900142,18,38,-20
115900143,255,347,-92
115900144,87,267,-180
115900146,48,143,-95
115900147,334,338,-4
115900148,103,2,101
115900149,82,26,56
115900150,94,50,44
115900151,12,107,-95
115900152,142,357,-215
115900153,178,284,-106
115900154,622,490,132
115900155,0,52,-52
115900156,754,1065,-311
115900157,195,549,-354
115900158,19,11,8
115900159,154,304,-150
115900160,23,6,17
115900161,110,270,-160
115900163,240,198,42
115900164,564,42,522
115900165,5,165,-160
115900166,290,233,57
115900168,113,235,-122
115900171,157,535,-378
115900172,70,163,-93
115900173,261,233,28
115900174,327,257,70
115900175,158,299,-141
115900178,11,690,-679
115900179,265,10,255
115900180,43,222,-179
115900181,188,292,-104
115900182,423,343,80
115900183,128,70,58
115900184,2312,13,2299
115900187,16,139,-123
115900189,1,322,-321
115900190,557,1604,-1047
115900191,46,465,-419
115900192,6,132,-126
115900193,458,149,309
115900194,817,82,735
115900195,743,2400,-1657
115900198,249,439,-190
115900199,222,299,-77
115900200,471,571,-100
115900201,664,448,216
115900202,2,51,-49
115900203,8,13,-5
115900204,0,6,-6
115900205,129,48,81
115900206,227,246,-19
115900207,36,45,-9
115900208,189,204,-15
115900209,4,200,-196
115900210,9,151,-142
115900211,2,231,-229
115900212,191,401,-210
115900213,170,95,75
115900214,515,308,207
115900215,41,144,-103
115900216,58,133,-75
115900217,121,56,65
115900218,31,41,-10
115900219,83,7,76
115900220,136,28,108
115900221,76,17,59
115900222,98,40,58
115900223,7,410,-403
115900224,1398,1290,108
115900225,84,76,8
115900226,50,70,-20
115900227,14,46,-32
115900228,22,34,-12
115900229,7,69,-62
115900230,60,156,-96
115900231,129,23,106
115900232,72,11,61
115900233,114,27,87
115900234,81,46,35
115900235,33,55,-22
115900236,268,34,234
115900237,144,61,83
115900238,254,28,226
115900239,39,32,7
115900240,41,71,-30
115900241,294,191,103
115900242,291,429,-138
115900243,10,13,-3
115900244,22,18,4
115900245,63,8,55
115900246,18,10,8
115900247,32,10,22
115900248,26,10,16
115900249,5,9,-4
115900250,11,28,-17
115900251,1,17,-16
115900252,3,2,1
115900253,9,8,1
115900254,25,25,0
115900255,7,25,-18
115900256,26,34,-8
115900257,11,8,3
115900258,0,2,-2
115900259,4,0,4
115900260,13,1,12
115900261,11,2,9
115900262,2,3,-1
115900263,7,2,5
115900264,6,5,1
115900265,2,14,-12
115900266,2,29,-27
115900267,12,16,-4
115900268,9,14,-5
115900269,503,596,-93
115900270,533,562,-29
115900271,131,0,131
115900272,43,5,38
115900273,19,24,-5
115900274,4,19,-15
115900275,14,38,-24
115900276,1,42,-41
115900277,1,97,-96
115900278,55,118,-63
115900279,13,186,-173
115900280,16,429,-413
115900281,526,247,279
115900282,21,15,6
115900283,8,37,-29
115900284,24,15,9
116000001,16266,6480,9786
116000002,6065,12880,-6815
116000003,1995,2473,-478
116000004,3035,4510,-1475
116000005,3626,4110,-484
116000006,3349,2759,590
116000007,4159,5038,-879
116000008,6684,2786,3898
116000009,2449,3158,-709
116000010,2644,1900,744
116000011,1039,2370,-1331
116000012,1811,1347,464
116000013,10878,5211,5667
116000014,14496,11558,2938
116000015,430,1557,-1127
116000016,7639,4280,3359
116000017,46,963,-917
116000018,959,454,505
116000019,1243,394,849
116000020,784,1062,-278
116000021,495,343,152
116000022,463,465,-2
116000023,1271,957,314
116000024,955,1160,-205
116000025,1046,1049,-3
116000026,2176,3302,-1126
116000027,1251,750,501
116000028,567,994,-427
116000029,870,814,56
116000030,1023,636,387
116000031,245,443,-198
116000032,532,238,294
116000033,420,565,-145
116000034,810,1018,-208
116000035,445,836,-391
116000036,2490,1325,1165
116000037,798,660,138
116000038,583,541,42
116000039,786,420,366
116000040,890,365,525
116000041,245,512,-267
116000042,723,291,432
116000043,147,771,-624
116000044,39,90,-51
116000045,2132,1459,673
116000046,1414,1838,-424
116000047,2036,2594,-558
116000048,2030,2062,-32
116000049,1547,3550,-2003
116000050,1760,1660,100
116000051,7550,3602,3948
116000052,7091,6254,837
116000053,2486,1294,1192
116000054,919,3154,-2235
116000055,773,1243,-470
116000056,960,1351,-391
116000057,3273,2112,1161
116000058,3559,3086,473
116000059,3792,5288,-1496
116000060,2618,1231,1387
116000061,741,972,-231
116000062,807,341,466
116000063,820,1167,-347
116000066,396,796,-400
116000067,365,580,-215
116000068,222,386,-164
116000069,303,478,-175
116000078,610,1231,-621
116000080,2016,1355,661
116000082,7,106,-99
116000083,1897,501,1396
116000084,2898,5313,-2415
116000085,2703,2300,403
116000086,2221,1500,721
116000087,2230,1902,328
116000088,815,1440,-625
116000089,228,112,116
116000090,124,211,-87
116000091,555,318,237
116000093,952,530,422
116000094,941,876,65
116000095,1012,746,266
116000096,948,1848,-900
116000097,1350,955,395
116000098,237,7391,-7154
116000099,7571,327,7244
116000100,326,39,287
116000101,1152,1159,-7
116000102,345,1743,-1398
116000103,608,367,241
116000104,239,1661,-1422
116000105,1272,224,1048
116000106,783,1146,-363
116000107,3180,480,2700
116000108,609,175,434
116000111,193,41,152
116000113,243,162,81
116000114,68,181,-113
116000115,457,188,269
116000116,296,725,-429
116000117,1685,2647,-962
116000118,1825,1687,138
116000119,3898,2437,1461
116000120,3750,5481,-1731
116000121,1093,670,423
116000122,1466,2200,-734
116000123,1199,540,659
116000124,487,1423,-936
116000125,3338,1051,2287
116000126,412,1910,-1498
116000127,1189,1568,-379
116000128,1974,1153,821
116000129,1490,289,1201
116000130,557,514,43
116000133,1058,1043,15
116000134,2234,2845,-611
116000135,3049,1774,1275
116000136,1434,2731,-1297
116000137,1335,888,447
116000138,1094,846,248
116000139,2236,2574,-338
116000140,179,229,-50
116000141,432,832,-400
116000142,3502,3549,-47
116000143,2131,1972,159
116000144,1776,2560,-784
116000145,1810,1347,463
116000146,479,283,196
116000147,232,142,90
116000148,527,656,-129
116000149,893,907,-14
116000151,777,671,106
116000153,126,496,-370
116000155,243,309,-66
116000156,1122,1472,-350
116000157,73,20,53
116000158,445,402,43
116000159,31,33,-2
116000160,23,96,-73
116000161,7,126,-119
116000162,91,127,-36
116000163,29,11,18
116000164,18,18,0
116000177,567,128,439
116000194,92,628,-536
116000195,1646,890,756
116000196,24,23,1
116000197,16,8,8
116000198,2827,1384,1443
116000200,831,494,337
116000201,720,802,-82
116000202,23,315,-292
116000203,3,114,-111
116000204,15,72,-57
116000205,1,202,-201
116000206,1,129,-128
116000207,7,56,-49
116000233,331,672,-341
116000287,206,608,-402
116000288,320,257,63
116000292,104,206,-102
116000296,10,281,-271
116000297,129,19,110
116000304,164,70,94
116000305,48,105,-57
116000346,195,152,43
116000352,99,45,54
116000354,69,9,60
116000357,45,45,0
116000358,522,53,469
116000361,95,4,91
116000372,6826,4414,2412
116000381,134,0,134
116000388,8,80,-72
116000389,1258,719,539
116000445,470,782,-312
116000446,661,781,-120
116000447,10,668,-658
116000448,628,233,395
116000563,1136,1048,88
116000565,58,462,-404
116000568,82,388,-306
116000579,41,139,-98
116000584,21,13,8
116000585,31,25,6
116000586,159,147,12
116000587,695,833,-138
116000589,37,74,-37
116000590,82,90,-8
116000591,257,273,-16
116000592,21,163,-142
116000593,0,36,-36
116000594,588,580,8
116000595,876,217,659
116000596,72,2,70
116000597,490,142,348
116000598,54,229,-175
116000602,90,524,-434
116000605,656,211,445
116000606,133,283,-150
116000607,3,77,-74
116000609,230,1053,-823
116000611,173,625,-452
116000612,801,2086,-1285
116000613,721,462,259
116000614,560,726,-166
116000615,2,378,-376
116000616,84,104,-20
116000617,103,89,14
116000618,4,118,-114
116000619,93,80,13
116000620,100,82,18
116000621,41,150,-109
116000622,42,215,-173
116000624,213,109,104
116000627,62,40,22
116000628,52,511,-459
116000629,44,438,-394
116000630,529,63,466
116000631,245,79,166
116000632,604,394,210
116000633,104,472,-368
116000634,477,34,443
116000635,3401,2347,1054
116000636,962,1413,-451
116000637,494,23,471
116000638,40,496,-456
116900001,273,168,105
116900002,282,3,279
116900003,33,63,-30
116900004,48,63,-15
116900005,318,97,221
116900006,174,219,-45
116900007,146,203,-57
116900008,501,434,67
116900009,28,5,23
116900010,1,1330,-1329
116900011,15,35,-20
116900012,356,224,132
116900013,2,197,-195
116900014,101,256,-155
116900015,467,71,396
116900016,270,3,267
116900017,2,708,-706
116900018,72,70,2
116900019,12,400,-388
116900020,1598,1162,436
116900023,112,16,96
116900024,730,58,672
116900025,1300,1159,141
116900026,200,737,-537
116900027,50,86,-36
116900028,7,129,-122
116900029,4,69,-65
116900031,5,7,-2
116900032,7,417,-410
116900033,18,12,6
116900034,31,78,-47
116900035,210,263,-53
116900036,5,158,-153
116900038,56,1,55
116900041,49,32,17
116900042,816,313,503
116900043,35,92,-57
116900047,54,209,-155
116900049,49,404,-355
116900050,165,534,-369
116900051,139,228,-89
116900052,239,102,137
116900055,0,17,-17
116900057,17,274,-257
116900058,50,418,-368
116900059,0,191,-191
116900060,219,222,-3
116900062,3,20,-17
116900064,87,836,-749
116900065,69,130,-61
116900067,136,161,-25
116900068,115,255,-140
116900070,1,5,-4
116900072,30,449,-419
116900073,15,148,-133
116900074,7,63,-56
116900076,22,65,-43
116900077,11,155,-144
116900078,229,113,116
116900079,46,273,-227
116900080,34,27,7
116900081,515,1425,-910
116900082,520,1042,-522
116900083,79,61,18
116900084,178,75,103
116900085,46,202,-156
116900086,57,231,-174
116900088,529,178,351
116900090,201,64,137
116900091,535,55,480
116900092,124,862,-738
116900093,1962,2500,-538
116900094,5400,3953,1447
116900095,248,136,112
116900096,116,447,-331
116900097,3745,3174,571
116900098,1040,456,584
116900099,1048,863,185
116900100,1022,53,969
116900101,409,692,-283
116900103,6,0,6
116900104,124,125,-1
116900105,302,154,148
116900106,2120,590,1530
116900107,4319,2853,1466
116900110,36,3,33
116900111,619,914,-295
116900112,360,1156,-796
116900113,2654,1849,805
116900116,158,578,-420
116900117,148,140,8
116900118,925,1050,-125
116900120,631,121,510
116900121,226,25,201
116900122,878,977,-99
116900123,225,943,-718
116900124,254,1199,-945
116900125,400,314,86
116900126,205,726,-521
116900128,0,40,-40
116900129,3,455,-452
116900130,857,3724,-2867
116900131,134,451,-317
116900132,47,190,-143
116900133,145,189,-44
116900134,263,366,-103
116900136,323,264,59
116900137,375,205,170
116900138,326,178,148
116900139,238,525,-287
116900140,263,175,88
116900141,1032,628,404
116900142,2,92,-90
116900143,342,482,-140
116900144,41,125,-84
116900145,113,281,-168
116900147,614,484,130
116900148,13,46,-33
116900149,51,256,-205
116900150,20,17,3
116900151,59,26,33
116900153,138,81,57
116900154,970,734,236
116900155,159,103,56
116900157,662,395,267
116900158,195,348,-153
116900159,147,342,-195
116900160,1217,841,376
116900161,7578,6432,1146
116900162,19,147,-128
116900163,209,196,13
116900164,119,91,28
116900165,238,291,-53
116900166,45,81,-36
116900167,581,125,456
116900168,416,107,309
116900169,816,525,291
116900170,331,734,-403
116900171,58,216,-158
116900172,262,330,-68
116900173,315,49,266
116900174,62,39,23
116900175,220,233,-13
116900178,22,173,-151
116900179,123,329,-206
116900180,108,49,59
116900182,502,340,162
116900183,190,180,10
116900185,30,56,-26
116900186,85,340,-255
116900187,87,87,0
116900188,249,47,202
116900189,80,3,77
116900191,547,837,-290
116900192,316,198,118
116900194,209,1367,-1158
116900195,46,26,20
116900196,23,92,-69
116900197,144,38,106
116900198,255,249,6
116900200,103,46,57
116900201,130,6,124
116900202,121,57,64
116900203,182,28,154
116900204,61,122,-61
116900206,0,12,-12
116900207,28,42,-14
116900208,27,144,-117
116900209,19,122,-103
116900210,595,347,248
116900211,338,5,333
116900212,57,83,-26
116900213,302,201,101
116900214,186,263,-77
116900215,73,96,-23
116900216,280,329,-49
116900218,20,332,-312
116900219,1676,451,1225
116900220,137,296,-159
116900221,101,477,-376
116900222,513,413,100
116900223,126,418,-292
116900226,77,85,-8
116900227,254,138,116
116900228,389,268,121
116900230,60,290,-230
116900231,29,406,-377
116900232,16,443,-427
116900233,208,140,68
116900234,26,19,7
116900235,202,336,-134
116900238,1925,461,1464
116900239,10,1864,-1854
116900240,6707,3767,2940
116900241,82,291,-209
116900242,408,683,-275
116900243,3,35,-32
116900245,34,26,8
116900246,105,4,101
116900247,963,102,861
116900248,108,31,77
116900249,463,205,258
116900250,765,94,671
116900251,590,612,-22
116900252,248,1073,-825
116900253,115,138,-23
116900254,64,139,-75
116900255,125,92,33
116900256,432,172,260
116900257,38,602,-564
116900258,1,295,-294
116900259,328,31,297
116900260,6,153,-147
116900261,53,7,46
116900262,358,182,176
116900263,2,21,-19
116900264,1,4,-3
116900265,27,0,27
116900266,14,62,-48
116900267,4,1,3
116900268,263,107,156
116900269,367,713,-346
116900271,1879,279,1600
116900272,468,411,57
116900273,217,93,124
116900274,126,124,2
116900275,235,111,124
116900276,932,158,774
116900277,691,31,660
116900278,7,28,-21
116900279,3,62,-59
116900280,37,56,-19
116900281,7223,4606,2617
116900282,7,152,-145
116900283,23,195,-172
116900284,25,276,-251
116900285,371,221,150
116900286,298,39,259
116900287,2,81,-79
116900288,82,139,-57
116900289,13,18,-5
116900290,4,26,-22
116900291,22,10,12
116900292,1,15,-14
116900293,36,71,-35
116900294,27,159,-132
116900295,155,48,107
116900296,77,63,14
116900297,10,93,-83
116900298,136,69,67
116900299,34,64,-30
116900300,6,92,-86
116900301,66,132,-66
116900302,70,65,5
116900303,345,128,217
116900304,0,181,-181
116900305,64,75,-11
116900306,114,160,-46
117000001,2089,1908,181
117000002,2322,5152,-2830
117000003,7789,4338,3451
117000004,4920,6187,-1267
117000005,2439,2178,261
117000006,1561,3957,-2396
117000007,4315,1499,2816
117000008,1330,4748,-3418
117000009,6356,2493,3863
117000010,3813,5405,-1592
117000011,2572,2008,564
117000012,1593,1788,-195
117000013,2268,1034,1234
117000014,1445,2854,-1409
117000015,3133,1451,1682
117000016,452,97,355
117000017,473,98,375
117000018,207,687,-480
117000019,100,0,100
117000020,560,1739,-1179
117000021,2228,449,1779
117000022,581,139,442
117000023,359,178,181
117000024,316,242,74
117000025,716,1051,-335
117000026,2724,1428,1296
117000027,3781,5398,-1617
117000028,5331,2338,2993
117000030,771,550,221
117000031,509,355,154
117000032,2366,1423,943
117000033,1392,897,495
117000034,504,418,86
117000035,432,346,86
117000036,464,415,49
117000037,290,271,19
117000038,332,691,-359
117000039,546,302,244
117000040,238,1281,-1043
117000041,1192,193,999
117000044,35,887,-852
117000045,534,124,410
117000046,498,955,-457
117000047,1065,785,280
117000048,2619,1404,1215
117000049,154,608,-454
117000050,168,2460,-2292
117000051,2416,180,2236
117000052,81,419,-338
117000053,572,52,520
117000054,2211,11,2200
117000055,13,3613,-3600
117000056,841,30,811
117000057,832,3092,-2260
117000060,676,1907,-1231
117000061,1833,1047,786
117000062,317,879,-562
117000063,1964,1065,899
117000064,919,1065,-146
117000066,1295,1170,125
117000067,135,624,-489
117000074,187,210,-23
117000076,115,57,58
117000077,187,218,-31
117000078,149,872,-723
117000079,449,258,191
117000080,0,378,-378
117000081,1037,157,880
117000082,16,115,-99
117000083,151,6,145
117000084,264,3,261
117000085,362,943,-581
117000086,1136,641,495
117000087,126,562,-436
117000088,324,202,122
117000089,1713,335,1378
117000090,400,1413,-1013
117000091,922,323,599
117000092,554,1509,-955
117000093,1185,818,367
117000094,1577,3492,-1915
117000095,4060,1180,2880
117000096,821,2742,-1921
117000097,1579,1345,234
117000098,3110,5640,-2530
117000099,3807,1560,2247
117000100,203,428,-225
117000101,274,1361,-1087
117000102,1781,842,939
117000103,769,2163,-1394
117000104,1527,758,769
117000105,1059,1915,-856
117000106,1230,1008,222
117000107,791,2362,-1571
117000108,1810,1039,771
117000109,1906,3073,-1167
117000110,1557,1179,378
117000111,4383,4966,-583
117000112,3726,2338,1388
117000113,445,358,87
117000114,331,169,162
117000115,186,152,34
117000116,149,256,-107
117000117,1988,1450,538
117000118,267,146,121
117000119,391,158,233
117000120,222,520,-298
117000121,186,1312,-1126
117000122,349,797,-448
117000123,2032,57,1975
117000124,1101,88,1013
117000125,448,121,327
117000126,102,37,65
117000127,182,397,-215
117000128,605,1014,-409
117000129,483,647,-164
117000130,121,3,118
117000131,0,111,-111
117000132,3427,41,3386
117000133,1644,74,1570
117000134,1,76,-75
117000135,4,72,-68
117000136,2,51,-49
117000137,124,156,-32
117000138,1,817,-816
117000140,606,1980,-1374
117000141,1783,667,1116
117000181,888,657,231
117000182,456,879,-423
117000195,294,1362,-1068
117000196,235,121,114
117000225,169,30,139
117000226,9,223,-214
117000276,328,18,310
117000277,0,436,-436
117000310,2052,2896,-844
117000315,44,920,-876
117000320,89,0,89
117000906,330,25,305
117000907,17,350,-333
117000908,34,48,-14
117000909,45,49,-4
117000910,245,224,21
117000911,133,191,-58
117000915,11,624,-613
117000916,40,7,33
117000917,1345,54,1291
117000918,66,82,-16
117000919,10,129,-119
117000920,5,1662,-1657
117000921,3,1549,-1546
117000922,55,161,-106
117000924,366,868,-502
117000926,1047,103,944
117000927,2472,1280,1192
117000928,0,178,-178
117000929,275,419,-144
117000930,238,9,229
117000931,817,207,610
117900002,121,473,-352
117900003,1080,599,481
117900005,4,40,-36
117900006,0,68,-68
117900007,197,119,78
117900008,1,38,-37
117900010,291,146,145
117900011,127,103,24
117900012,72,114,-42
117900013,1,257,-256
117900014,585,155,430
117900015,38,147,-109
117900016,1744,1112,632
117900017,751,338,413
117900018,309,142,167
117900019,465,297,168
117900020,101,487,-386
117900021,47,104,-57
117900022,26,19,7
117900023,798,191,607
117900024,92,78,14
117900025,50,17,33
117900026,440,302,138
117900028,83,6,77
117900029,230,728,-498
117900030,557,410,147
117900031,252,145,107
117900032,1351,623,728
117900033,206,600,-394
117900034,29,47,-18
117900035,408,108,300
117900036,266,476,-210
117900037,183,324,-141
117900038,51,395,-344
117900039,2,85,-83
117900040,148,572,-424
117900041,2,77,-75
117900042,4665,457,4208
117900043,52,69,-17
117900044,26,3291,-3265
117900045,230,176,54
117900048,356,403,-47
117900049,244,449,-205
117900050,2,69,-67
117900051,44,3,41
117900052,65,459,-394
117900053,1662,846,816
117900054,2,45,-43
117900055,279,246,33
117900056,458,65,393
117900057,1355,1656,-301
117900058,279,36,243
117900059,472,113,359
117900060,2285,6919,-4634
117900061,42,290,-248
117900063,353,202,151
117900065,1510,1549,-39
117900066,12,74,-62
117900067,372,196,176
117900069,714,342,372
117900070,347,22,325
117900071,111,180,-69
117900073,486,349,137
117900074,206,40,166
117900075,97,90,7
117900076,12,76,-64
117900077,478,309,169
117900078,444,886,-442
117900080,153,63,90
117900081,666,477,189
117900082,521,414,107
117900083,319,596,-277
117900086,114,34,80
117900087,206,167,39
117900088,4221,2861,1360
117900089,2596,805,1791
117900090,419,567,-148
117900091,211,273,-62
117900092,50,29,21
117900093,99,208,-109
117900094,42,16,26
117900095,324,416,-92
117900096,123,246,-123
117900097,343,324,19
117900098,15,4,11
117900099,155,238,-83
117900100,284,5,279
117900101,513,2012,-1499
117900102,83,167,-84
117900103,56,2,54
117900104,36,134,-98
117900105,170,291,-121
117900106,102,81,21
117900107,64,0,64
117900109,660,490,170
117900110,377,7,370
117900111,462,53,409
117900112,67,57,10
117900113,4272,2204,2068
117900114,26,0,26
117900115,409,87,322
117900116,1203,1256,-53
117900117,654,393,261
117900118,71,4,67
117900119,221,261,-40
117900120,272,91,181
117900121,238,94,144
117900122,1888,4216,-2328
117900123,779,487,292
117900124,1672,928,744
117900125,2221,2257,-36
117900126,243,719,-476
117900127,457,578,-121
117900128,479,837,-358
117900129,138,13,125
117900130,2630,682,1948
117900131,16,165,-149
117900132,32,138,-106
117900133,10,161,-151
117900134,115,267,-152
117900135,53,238,-185
117900136,0,46,-46
117900137,54,394,-340
117900138,0,48,-48
117900139,159,193,-34
117900140,3720,284,3436
117900141,308,227,81
117900142,163,39,124
117900144,103,233,-130
117900145,135,48,87
117900146,207,203,4
117900147,68,77,-9
117900148,3227,1737,1490
117900149,175,225,-50
117900150,65,62,3
117900151,41,91,-50
117900152,69,108,-39
117900153,33,109,-76
117900154,481,656,-175
117900156,1357,1102,255
117900157,100,703,-603
117900158,364,278,86
117900160,763,864,-101
117900161,3287,2732,555
117900162,373,511,-138
117900163,101,97,4
117900165,0,15,-15
117900166,171,527,-356
117900168,71,178,-107
117900169,1,143,-142
117900170,1,54,-53
117900171,2,36,-34
117900172,20,65,-45
117900173,191,101,90
117900174,60,71,-11
117900175,6,57,-51
117900176,12,45,-33
117900177,39,46,-7
117900178,229,56,173
117900180,371,85,286
117900181,127,393,-266
117900182,7,86,-79
117900183,83,214,-131
117900184,35,96,-61
117900185,69,68,1
117900186,51,30,21
117900187,16,10,6
117900188,217,63,154
117900189,67,37,30
117900190,26,14,12
117900191,141,5,136
117900192,347,4,343
117900193,6,108,-102
117900194,8,8,0
117900195,92,79,13
117900196,15,80,-65
117900207,262,171,91
117900208,25,37,-12
117900209,250,264,-14
117900210,190,278,-88
117900211,23,269,-246
117900212,132,206,-74
117900213,29,30,-1
117900214,7,42,-35
117900215,23,43,-20
117900216,43,37,6
117900217,122,438,-316
117900218,166,153,13
117900219,9,135,-126
117900220,147,126,21
117900222,256,324,-68
117900223,180,395,-215
118000001,979,1009,-30
118000002,1390,2670,-1280
118000003,2765,3608,-843
118000004,3977,3170,807
118000005,6869,7099,-230
118000006,9274,13580,-4306
118000007,6796,4482,2314
118000008,6585,4468,2117
118000009,2252,4859,-2607
118000010,8838,5817,3021
118000011,1757,3214,-1457
118000012,1724,2781,-1057
118000013,3327,2905,422
118000014,3028,3512,-484
118000016,208,536,-328
118000017,592,514,78
118000018,487,731,-244
118000019,2984,1665,1319
118000020,2287,4441,-2154
118000021,924,3890,-2966
118000022,2439,1021,1418
118000023,1267,302,965
118000024,2543,1499,1044
118000027,21380,16407,4973
118000029,1540,850,690
118000032,1804,4602,-2798
118000033,3977,7585,-3608
118000034,7581,3301,4280
118000035,2206,3657,-1451
118000036,1375,1433,-58
118000037,860,999,-139
118000038,222,93,129
118000039,196,313,-117
118000040,1965,1580,385
118000041,2825,1694,1131
118000045,1035,287,748
118000046,1397,520,877
118000047,835,692,143
118000048,4038,1741,2297
118000051,3388,1581,1807
118000052,2211,1102,1109
118000053,631,690,-59
118000054,2084,1601,483
118000055,1508,1787,-279
118000056,1232,526,706
118000057,412,457,-45
118000058,5227,2209,3018
118000059,2788,1224,1564
118000060,1312,726,586
118000061,2148,1822,326
118000062,753,488,265
118000063,485,800,-315
118000064,978,1495,-517
118000065,5717,2579,3138
118000066,1031,1807,-776
118000067,1797,1093,704
118000068,2362,4774,-2412
118000069,5025,1514,3511
118000070,6504,2134,4370
118000071,4400,8063,-3663
118000072,2367,1594,773
118000073,3181,816,2365
118000074,744,481,263
118000075,1051,373,678
118000076,1957,2660,-703
118000077,1695,1563,132
118000078,2039,2761,-722
118000079,426,521,-95
118000080,1344,1121,223
118000081,2221,1332,889
118000082,349,1487,-1138
118000083,2156,2204,-48
118000084,4388,1979,2409
118000086,476,747,-271
118000087,5923,3100,2823
118000088,2413,1898,515
118000089,4280,2484,1796
118000090,1775,3420,-1645
118000091,1518,2690,-1172
118000092,1354,608,746
118000093,122,868,-746
118000096,618,749,-131
118000097,998,777,221
118000098,266,215,51
118000099,662,1035,-373
118000101,1288,436,852
118000102,454,1667,-1213
118000107,2296,635,1661
118000108,902,2344,-1442
118000110,0,28,-28
118000111,3,408,-405
118000112,429,8,421
118000113,7,705,-698
118000114,557,7,550
118000115,19,14,5
118000116,39,0,39
118000117,1431,1039,392
118000118,1152,981,171
118000119,1263,1268,-5
118000120,1985,1604,381
118000121,119,850,-731
118000122,1597,458,1139
118000123,74,302,-228
118000125,1927,1265,662
118000126,816,1728,-912
118000127,2180,736,1444
118000128,880,1348,-468
118000129,1076,329,747
118000130,2700,3658,-958
118000131,690,855,-165
118000132,2648,2049,599
118000133,1108,399,709
118000135,759,439,320
118000136,162,528,-366
118000137,829,106,723
118000138,594,739,-145
118000139,411,143,268
118000140,3069,4891,-1822
118000141,2286,2308,-22
118000142,1995,1840,155
118000143,2556,1468,1088
118000144,1622,1117,505
118000145,1868,2647,-779
118000146,1501,1187,314
118000147,1098,1934,-836
118000148,587,1346,-759
118000149,1142,1222,-80
118000150,581,379,202
118000151,575,562,13
118000153,1346,1367,-21
118000154,1540,1796,-256
118000155,1512,1641,-129
118000156,2528,2835,-307
118000157,722,548,174
118000158,223,568,-345
118000159,23,123,-100
118000160,592,501,91
118000161,551,943,-392
118000162,2399,1128,1271
118000163,1002,1009,-7
118000164,2247,1769,478
118000168,1590,733,857
118000169,1284,1463,-179
118000170,5551,7922,-2371
118000171,411,938,-527
118000172,91,388,-297
118000173,1293,1548,-255
118000175,377,374,3
118000176,358,470,-112
118000177,245,598,-353
118000178,55,68,-13
118000179,1588,1587,1
118000180,1217,888,329
118000181,970,385,585
118000182,306,321,-15
118000183,253,325,-72
118000184,1011,866,145
118000185,1532,1345,187
118000186,1051,1376,-325
118000187,1344,909,435
118000188,684,226,458
118000189,740,955,-215
118000190,10,30,-20
118000191,38,42,-4
118000192,128,194,-66
118000193,95,377,-282
118000194,1523,1065,458
118000195,1142,1106,36
118000196,379,262,117
118000197,512,197,315
118000198,681,822,-141
118000199,667,442,225
118000200,150,371,-221
118000201,489,559,-70
118000202,82,87,-5
118000203,1821,710,1111
118000204,198,407,-209
118000205,293,411,-118
118000206,253,208,45
118000207,0,60,-60
118000208,1460,1818,-358
118000209,2112,2081,31
118000210,83,39,44
118000211,20,39,-19
118000213,1391,1663,-272
118000214,730,638,92
118000215,307,223,84
118000216,2382,3707,-1325
118000217,32,214,-182
118000218,89,177,-88
118000219,573,380,193
118000220,0,29,-29
118000221,277,383,-106
118000222,106,11,95
118000223,37,59,-22
118000224,210,142,68
118000225,142,855,-713
118000226,1294,244,1050
118000227,1031,487,544
118000228,202,301,-99
118000229,185,36,149
118000230,181,271,-90
118000231,140,278,-138
118000232,864,1059,-195
118000233,1385,963,422
118000234,571,330,241
118000236,461,422,39
118000237,143,554,-411
118000238,295,225,70
118000239,300,348,-48
118000240,542,226,316
118000241,181,235,-54
118000242,420,873,-453
118000243,318,284,34
118000244,84,180,-96
118000246,1,32,-31
118000255,62,257,-195
118000256,110,239,-129
118000259,14,75,-61
118000260,183,142,41
118000261,43,61,-18
118000263,90,196,-106
118000266,132,334,-202
118000267,0,119,-119
118000268,453,21,432
118000270,108,54,54
118000271,178,286,-108
118000272,169,52,117
118000273,209,126,83
118000274,112,418,-306
118000276,478,435,43
118000295,13,155,-142
118000298,218,383,-165
118000299,74,163,-89
118000301,1,64,-63
118000302,116,112,4
118000311,507,146,361
118000312,327,215,112
118000313,98,216,-118
118000314,82,106,-24
118000315,61,97,-36
118000316,851,625,226
118000325,63,79,-16
118000326,40,37,3
118000331,36,71,-35
118000332,20,48,-28
118000333,39,123,-84
118000335,334,0,334
118000336,1,289,-288
118000407,185,78,107
118000457,14,30,-16
118000465,5087,5256,-169
118000480,54,124,-70
118000489,43,314,-271
118000490,32,250,-218
118000492,334,210,124
118000510,105,15,90
118000514,197,356,-159
118000515,882,711,171
118000517,508,267,241
118000524,505,271,234
118000525,1187,999,188
118000530,31,144,-113
118000531,332,334,-2
118000532,214,390,-176
118000533,349,135,214
118000534,535,572,-37
118000535,314,183,131
118000536,1131,2102,-971
118000537,28,241,-213
118000538,42,81,-39
118000539,21,116,-95
118000540,468,199,269
118000541,260,78,182
118000542,130,235,-105
118000543,234,228,6
118000546,66,31,35
118000553,0,0,0
118000557,0,0,0
118000560,3768,2816,952
118000562,21,165,-144
118000563,2045,1591,454
118000576,158,144,14
118000577,169,174,-5
118000578,159,114,45
118000579,741,1228,-487
118000583,0,0,0
118000595,217,94,123
118000596,0,57,-57
118000597,122,112,10
118000598,9,1,8
118000599,55,53,2
118000600,5,21,-16
118000601,7,1,6
118000602,0,11,-11
118000603,1,32,-31
118900001,911,1678,-767
118900002,1154,854,300
118900003,502,23,479
118900004,16,66,-50
118900005,108,10,98
118900006,208,15,193
118900007,15,6,9
118900008,1927,53,1874
118900009,61,36,25
118900010,113,7,106
118900011,356,62,294
118900012,482,245,237
118900013,667,160,507
118900015,261,138,123
118900016,19,16,3
118900017,372,436,-64
118900018,925,41,884
118900019,63,37,26
118900020,296,187,109
118900021,179,443,-264
118900022,157,129,28
118900023,219,102,117
118900024,141,158,-17
118900025,55,28,27
118900026,84,80,4
118900027,522,253,269
118900028,195,190,5
118900029,383,449,-66
118900030,448,87,361
118900031,156,140,16
118900032,214,245,-31
118900033,534,524,10
118900034,282,28,254
118900035,147,240,-93
118900036,1433,950,483
118900037,547,334,213
118900038,424,241,183
118900039,643,189,454
118900040,244,271,-27
118900041,713,216,497
118900042,240,112,128
118900045,406,177,229
118900046,1134,442,692
118900047,669,281,388
118900048,196,213,-17
118900049,72,58,14
118900050,30,133,-103
118900051,52,122,-70
118900052,359,272,87
118900053,69,128,-59
118900054,128,67,61
118900055,130,162,-32
118900056,29,415,-386
118900057,789,539,250
118900058,474,466,8
118900059,29,91,-62
118900060,290,142,148
118900062,600,259,341
118900064,800,587,213
118900065,40,177,-137
118900066,106,129,-23
118900067,5940,3978,1962
118900068,20,243,-223
118900069,449,424,25
118900071,6,103,-97
118900072,505,401,104
118900073,125,148,-23
118900074,137,237,-100
118900075,33,104,-71
118900076,224,145,79
118900077,239,234,5
118900078,64,10,54
118900079,55,272,-217
118900080,35,212,-177
118900081,97,53,44
118900082,729,218,511
118900083,69,12,57
118900084,41,36,5
118900085,732,1117,-385
118900086,55,108,-53
118900087,20,252,-232
118900088,0,24,-24
118900089,30,29,1
118900090,476,495,-19
118900091,193,243,-50
118900092,170,184,-14
118900093,149,26,123
118900096,77,31,46
118900097,318,589,-271
118900099,115,303,-188
118900100,174,291,-117
118900101,159,987,-828
118900102,53,151,-98
118900103,87,125,-38
118900104,285,162,123
118900105,333,167,166
118900107,246,119,127
118900108,99,134,-35
118900110,1655,849,806
118900111,686,631,55
118900112,61,214,-153
118900113,148,615,-467
118900114,14,104,-90
118900115,155,628,-473
118900116,181,275,-94
118900117,137,204,-67
118900118,303,419,-116
118900119,147,304,-157
118900120,124,393,-269
118900121,6,205,-199
118900122,21,980,-959
118900123,212,303,-91
118900124,70,234,-164
118900126,31,350,-319
118900129,285,265,20
118900130,74,237,-163
118900131,169,255,-86
118900132,354,254,100
118900133,19,144,-125
118900135,279,259,20
118900136,260,577,-317
118900137,21,47,-26
118900139,259,430,-171
118900140,453,721,-268
118900141,130,169,-39
118900144,162,541,-379
118900145,219,172,47
118900146,402,862,-460
118900147,278,193,85
118900148,132,83,49
118900150,152,578,-426
118900152,824,1029,-205
118900157,99,171,-72
118900158,87,76,11
118900159,0,241,-241
118900161,86,4,82
118900163,137,145,-8
118900164,4,183,-179
118900165,62,280,-218
118900166,46,4,42
118900167,125,128,-3
118900168,19,229,-210
118900169,138,503,-365
118900170,184,207,-23
118900171,53,61,-8
118900174,68,102,-34
118900175,425,618,-193
118900176,149,304,-155
118900177,86,94,-8
118900178,60,231,-171
118900179,11,44,-33
118900181,159,128,31
118900182,194,67,127
118900183,35,145,-110
118900184,424,316,108
118900185,139,138,1
118900186,104,132,-28
118900187,281,326,-45
118900188,328,374,-46
118900189,40,883,-843
118900190,9,300,-291
118900191,139,59,80
118900192,169,19,150
118900193,460,5,455
118900195,341,752,-411
118900196,44,199,-155
118900197,136,66,70
118900198,27,45,-18
118900199,92,81,11
118900200,35,26,9
118900201,68,33,35
118900202,13,86,-73
118900203,19,64,-45
118900204,36,61,-25
118900205,2,20,-18
118900206,5,28,-23
119000001,1427,2089,-662
119000002,5882,4037,1845
119000003,3004,1366,1638
119000004,3697,1474,2223
119000005,2001,2238,-237
119000006,2929,1711,1218
119000007,4020,3943,77
119000008,2311,2366,-55
119000009,4759,5373,-614
119000010,8655,5591,3064
119000011,5135,3431,1704
119000012,4110,4471,-361
119000013,2819,1792,1027
119000014,2580,3938,-1358
119000019,399,212,187
119000020,2207,1740,467
119000021,4993,3058,1935
119000022,4149,3195,954
119000023,337,310,27
119000024,2125,11825,-9700
119000025,8547,1708,6839
119000026,239,433,-194
119000027,335,535,-200
119000028,2326,1289,1037
119000029,154,393,-239
119000030,734,1252,-518
119000031,1084,1055,29
119000032,2796,3143,-347
119000033,2540,1689,851
119000034,1208,1208,0
119000035,62,415,-353
119000036,1787,1054,733
119000037,1322,2099,-777
119000038,180,1123,-943
119000039,350,422,-72
119000040,991,615,376
119000041,922,1299,-377
119000048,3786,4048,-262
119000049,1820,3089,-1269
119000050,2102,2426,-324
119000051,2532,1143,1389
119000052,2253,3369,-1116
119000053,2146,1426,720
119000054,3617,3867,-250
119000055,5074,4139,935
119000056,2920,2570,350
119000057,1784,2465,-681
119000058,2380,2339,41
119000059,1630,2139,-509
119000060,1954,1407,547
119000061,1265,1076,189
119000062,1596,1851,-255
119000063,617,468,149
119000064,1294,1726,-432
119000065,2734,4376,-1642
119000066,3092,1448,1644
119000067,2155,2585,-430
119000068,1881,1510,371
119000069,1640,3075,-1435
119000070,2940,1317,1623
119000071,614,905,-291
119000072,6561,4091,2470
119000073,6998,7978,-980
119000074,1324,3093,-1769
119000075,2668,2906,-238
119000076,619,1266,-647
119000077,1218,598,620
119000078,564,249,315
119000079,246,758,-512
119000080,520,253,267
119000081,443,615,-172
119000082,1274,323,951
119000083,718,475,243
119000084,420,601,-181
119000085,762,282,480
119000086,374,542,-168
119000087,2045,1136,909
119000088,430,320,110
119000089,79,251,-172
119000090,164,166,-2
119000091,115,505,-390
119000092,641,202,439
119000093,4259,3339,920
119000094,3190,6535,-3345
119000095,2159,3330,-1171
119000097,2595,1775,820
119000098,1005,3022,-2017
119000099,2805,2258,547
119000100,4209,3363,846
119000101,6535,2580,3955
119000102,1285,1469,-184
119000103,2466,644,1822
119000104,3161,1810,1351
119000105,1383,2094,-711
119000106,402,1881,-1479
119000107,1051,547,504
119000108,441,1215,-774
119000109,282,661,-379
119000110,1022,646,376
119000111,108,839,-731
119000112,306,133,173
119000113,3610,474,3136
119000114,1211,1433,-222
119000115,177,159,18
119000116,158,110,48
119000117,161,531,-370
119000118,3,1,2
119000123,5740,1825,3915
119000124,881,268,613
119000125,3637,1049,2588
119000126,1140,883,257
119000127,548,743,-195
119000128,62,6,56
119000131,1028,834,194
119000132,4,3,1
119000133,4,7,-3
119000134,2608,715,1893
119000135,134,276,-142
119000136,306,229,77
119000137,253,425,-172
119000138,441,370,71
119000139,337,327,10
119000140,241,510,-269
119000284,1567,3451,-1884
119000285,2879,2898,-19
119000286,8883,7157,1726
119000287,1313,2910,-1597
119000288,2271,1831,440
119000289,2276,4199,-1923
119000290,240,582,-342
119000291,5,255,-250
119000293,118,217,-99
119000294,54,41,13
119000295,1842,559,1283
119000296,290,203,87
119000302,3129,1727,1402
119000303,59,162,-103
119000304,0,0,0
119000310,0,0,0
119000314,1992,10446,-8454
119000315,4,587,-583
119000316,181,199,-18
119000317,99,480,-381
119900001,418,1426,-1008
119900002,209,430,-221
119900003,78,1450,-1372
119900004,322,1158,-836
119900005,196,131,65
119900006,228,526,-298
119900007,1482,259,1223
119900008,408,102,306
119900009,1059,1085,-26
119900010,2234,1814,420
119900011,19,114,-95
119900012,34,194,-160
119900013,2337,1228,1109
119900014,875,331,544
119900015,115,27,88
119900016,56,82,-26
119900017,40,58,-18
119900018,2434,911,1523
119900019,42,9,33
119900020,270,269,1
119900021,216,433,-217
119900022,165,802,-637
119900023,783,1411,-628
119900025,208,33,175
119900026,919,245,674
119900027,80,26,54
119900028,694,142,552
119900029,0,12,-12
119900030,809,719,90
119900031,84,432,-348
119900033,3073,379,2694
119900034,486,143,343
119900037,228,80,148
119900038,53,400,-347
119900039,93,22,71
119900040,358,24,334
119900041,121,54,67
119900042,775,215,560
119900043,74,188,-114
119900044,232,1037,-805
119900046,112,103,9
119900047,336,92,244
119900048,36,34,2
119900049,189,19,170
119900050,153,136,17
119900051,533,17,516
119900052,58,70,-12
119900053,224,189,35
119900054,107,9,98
119900055,1449,534,915
119900057,229,104,125
119900058,275,7,268
119900059,191,69,122
119900060,331,30,301
119900062,89,29,60
119900063,22,78,-56
119900065,247,23,224
119900066,0,2,-2
119900067,152,35,117
119900068,473,6,467
119900069,141,70,71
119900070,1016,63,953
119900071,759,19,740
119900073,2198,807,1391
119900074,110,52,58
119900075,6331,3428,2903
119900076,767,400,367
119900077,1092,1474,-382
119900078,520,1093,-573
119900079,330,359,-29
119900080,1969,1833,136
119900081,451,115,336
119900082,1288,190,1098
119900083,512,226,286
119900084,1078,461,617
119900085,76,115,-39
119900087,945,434,511
119900088,39,88,-49
119900089,64,602,-538
119900090,172,95,77
119900091,64,1148,-1084
119900092,301,494,-193
119900093,1426,284,1142
119900094,117,196,-79
119900095,270,134,136
119900096,43,143,-100
119900097,687,228,459
119900098,82,74,8
119900099,41,303,-262
119900100,2711,3422,-711
119900101,250,1581,-1331
119900102,110,330,-220
119900103,45,520,-475
119900104,72,322,-250
119900105,1630,3083,-1453
119900106,21,210,-189
119900107,444,3462,-3018
119900108,3088,763,2325
119900109,54,233,-179
119900110,803,707,96
119900111,108,397,-289
119900112,2048,661,1387
119900113,104,337,-233
119900114,327,1523,-1196
119900115,406,1267,-861
119900116,270,612,-342
119900117,428,937,-509
119900118,101,1046,-945
119900119,262,301,-39
119900120,896,813,83
119900121,468,1280,-812
119900122,555,439,116
119900123,368,389,-21
119900124,198,1068,-870
119900125,84,404,-320
119900126,5238,407,4831
119900127,2789,1392,1397
119900128,653,1039,-386
119900129,311,705,-394
119900130,41,368,-327
119900131,46,300,-254
119900132,4,271,-267
119900133,72,184,-112
119900134,2132,328,1804
119900135,3,480,-477
119900136,251,437,-186
119900138,570,673,-103
119900139,173,158,15
119900140,6,169,-163
119900141,148,971,-823
119900142,15,63,-48
119900143,29,237,-208
119900144,2123,353,1770
119900145,138,281,-143
119900146,230,350,-120
119900147,4,269,-265
119900148,248,95,153
119900149,1637,5384,-3747
119900150,196,219,-23
119900151,2329,1075,1254
119900152,128,538,-410
119900153,185,116,69
119900154,45,341,-296
119900155,59,96,-37
119900156,9,17,-8
119900157,144,333,-189
119900158,197,109,88
119900159,10,1748,-1738
119900160,30,287,-257
119900161,187,313,-126
119900162,1162,1213,-51
119900163,174,230,-56
119900164,0,2,-2
119900165,226,280,-54
119900166,88,54,34
119900167,133,186,-53
119900168,1064,713,351
119900169,211,460,-249
119900170,257,325,-68
119900171,1927,661,1266
119900172,191,33,158
119900173,11,526,-515
119900174,18,274,-256
119900175,1399,1067,332
119900177,30,259,-229
119900178,17,191,-174
119900179,109,522,-413
119900180,1136,1119,17
119900181,91,123,-32
119900182,5,448,-443
119900183,199,847,-648
119900184,3166,773,2393
119900185,47,218,-171
119900186,124,973,-849
119900187,58,561,-503
119900188,94,586,-492
119900189,1020,630,390
119900190,76,391,-315
119900191,519,311,208
119900192,75,204,-129
119900193,410,344,66
119900194,34,126,-92
119900195,128,301,-173
119900196,2092,779,1313
119900197,243,216,27
119900198,301,358,-57
119900199,201,30,171
119900200,844,875,-31
119900201,557,271,286
119900202,142,280,-138
119900203,265,762,-497
119900204,334,437,-103
119900205,813,714,99
119900206,212,173,39
119900208,221,205,16
119900209,649,1510,-861
119900210,33,53,-20
119900211,111,18,93
119900212,268,428,-160
119900213,7,106,-99
119900214,28,101,-73
119900215,48,91,-43
119900216,27,86,-59
119900217,8,82,-74
119900218,43,132,-89
119900219,14,175,-161
119900220,4,124,-120
119900221,30,352,-322
119900222,21,241,-220
119900223,11,98,-87
119900224,25,41,-16
119900225,1184,72,1112
119900226,745,2348,-1603
119900227,1393,407,986
119900228,449,406,43
119900229,470,576,-106
119900230,2043,908,1135
119900231,258,263,-5
119900232,316,140,176
119900233,104,18,86
119900234,31,130,-99
119900235,57,111,-54
119900236,126,286,-160
119900237,79,730,-651
119900238,17,103,-86
119900240,178,196,-18
119900241,193,349,-156
119900242,2036,2261,-225
119900244,849,2190,-1341
119900245,169,292,-123
119900246,385,655,-270
119900247,45,147,-102
119900248,102,239,-137
119900249,303,86,217
119900253,3718,504,3214
119900254,121,763,-642
119900255,154,631,-477
119900256,728,1302,-574
119900257,92,6,86
119900258,130,4,126
119900259,12,175,-163
119900260,138,8,130
119900261,387,192,195
119900262,2,286,-284
119900263,1298,542,756
119900264,116,241,-125
119900265,691,622,69
119900266,366,390,-24
119900267,356,760,-404
119900268,516,270,246
119900269,1375,1888,-513
119900271,46,135,-89
119900272,636,222,414
119900275,184,52,132
119900276,46,2,44
119900277,12,9,3
119900278,385,158,227
119900279,191,538,-347
119900280,949,236,713
119900281,0,237,-237
119900282,94,127,-33
119900283,10,306,-296
119900284,63,388,-325
119900285,25,63,-38
119900286,9,33,-24
119900288,5,25,-20
119900289,0,21,-21
119900290,18,30,-12
119900291,0,107,-107
119900292,49,32,17
119900293,34,7,27
119900294,33,1,32
119900295,0,0,0
119900296,0,0,0
119900299,223,267,-44
119900300,606,284,322
119900301,164,146,18
119900302,213,221,-8
119900303,622,465,157
119900304,638,109,529
119900305,19,163,-144
119900306,34,6,28
119900307,99,191,-92
119900308,11,16,-5
119900309,52,186,-134
119900310,349,416,-67
119900311,111,156,-45
119900312,130,161,-31
119900313,413,477,-64
119900314,253,526,-273
119900315,2091,3144,-1053
119900318,14,42,-28
119900319,2,370,-368
119900320,238,711,-473
119900321,81,6,75
119900322,33,130,-97
119900323,6,189,-183
119900324,3,64,-61
119900325,184,408,-224
119900326,124,112,12
120000001,7920,16202,-8282
120000002,3139,3583,-444
120000003,4435,2058,2377
120000004,3434,2670,764
120000005,5363,2545,2818
120000006,1524,1810,-286
120000007,4515,3467,1048
120000008,1329,1820,-491
120000009,4095,1019,3076
120000010,2317,3117,-800
120000011,1732,2385,-653
120000012,1899,3693,-1794
120000013,3443,3645,-202
120000014,901,1985,-1084
120000015,3289,1973,1316
120000016,4201,2764,1437
120000017,3792,2856,936
120000018,4579,12887,-8308
120000019,1195,1730,-535
120000020,3496,3735,-239
120000021,2121,2727,-606
120000022,3432,4211,-779
120000023,1226,2050,-824
120000024,1785,2981,-1196
120000025,3044,2560,484
120000026,2021,2257,-236
120000027,2278,2557,-279
120000028,1108,873,235
120000029,5294,1172,4122
120000030,1507,1392,115
120000031,2838,9166,-6328
120000032,11121,5595,5526
120000033,5959,2647,3312
120000034,2065,2537,-472
120000035,2007,2672,-665
120000036,3490,6340,-2850
120000037,808,1758,-950
120000038,8405,4726,3679
120000039,705,1094,-389
120000040,392,441,-49
120000041,1897,1690,207
120000042,2526,3192,-666
120000043,5728,2304,3424
120000044,5636,2055,3581
120000045,5988,1454,4534
120000046,3165,3239,-74
120000047,1463,5789,-4326
120000048,9222,5183,4039
120000049,3736,3399,337
120000050,5037,4826,211
120000051,3636,5204,-1568
120000052,11204,3074,8130
120000053,1397,3301,-1904
120000054,1570,5459,-3889
120000055,2188,5822,-3634
120000056,5107,4527,580
120000057,3219,848,2371
120000058,3320,645,2675
120000059,50,1904,-1854
120000061,154,793,-639
120000062,245,317,-72
120000063,2012,3041,-1029
120000064,306,1518,-1212
120000065,757,2250,-1493
120000066,447,758,-311
120000067,76,597,-521
120000068,263,993,-730
120000069,750,1600,-850
120000070,70,824,-754
120000071,533,198,335
120000072,735,535,200
120000073,919,159,760
120000074,145,140,5
120000075,1042,379,663
120000076,2155,550,1605
120000077,2140,827,1313
120000078,3793,1424,2369
120000079,257,217,40
120000080,169,232,-63
120000081,385,146,239
120000082,215,249,-34
120000083,83,648,-565
120000084,448,457,-9
120000085,326,524,-198
120000086,341,644,-303
120000087,188,836,-648
120000088,872,1542,-670
120000089,1267,879,388
120000090,769,677,92
120000091,1065,1339,-274
120000092,1578,853,725
120000093,450,640,-190
120000094,202,844,-642
120000095,1603,728,875
120000096,372,1117,-745
120000098,1380,1420,-40
120000099,576,1110,-534
120000100,1009,1243,-234
120000101,616,664,-48
120000102,658,1044,-386
120000103,1833,1009,824
120000104,1989,652,1337
120000105,3511,1017,2494
120000106,2646,891,1755
120000107,4309,770,3539
120000108,1599,177,1422
120000109,1300,112,1188
120000110,111,1102,-991
120000111,723,1426,-703
120000112,1002,3749,-2747
120000113,994,2910,-1916
120000114,1212,3552,-2340
120000115,441,2902,-2461
120000116,1090,2549,-1459
120000117,1501,1825,-324
120000118,64,32,32
120000119,26,92,-66
120000120,82,104,-22
120000121,57,87,-30
120000122,336,438,-102
120000123,6906,6095,811
120000124,399,462,-63
120000125,508,821,-313
120000126,426,1024,-598
120000127,3545,1068,2477
120000128,4887,4558,329
120000129,168,333,-165
120000130,991,758,233
120000131,343,900,-557
120000134,591,1513,-922
120000135,679,748,-69
120000137,288,1902,-1614
120000138,1013,632,381
120000139,361,1003,-642
120000140,951,729,222
120000141,964,647,317
120000142,1072,805,267
120000143,2,185,-183
120000144,122,1,121
120000145,440,5,435
120000146,1557,1078,479
120000149,827,1629,-802
120000150,4438,13447,-9009
120000151,557,561,-4
120000152,655,278,377
120000153,303,714,-411
120000154,493,530,-37
120000155,138,289,-151
120000156,1167,1115,52
120000157,1281,884,397
120000158,1039,942,97
120000159,2759,3274,-515
120000160,3215,1767,1448
120000161,2355,2755,-400
120000162,96,355,-259
120000163,842,2335,-1493
120000164,529,873,-344
120000165,601,1134,-533
120000166,1622,803,819
120000167,147,217,-70
120000168,19,633,-614
120000169,70,1504,-1434
120000170,73,1064,-991
120000171,52,384,-332
120000172,47,175,-128
120000173,3424,1262,2162
120000174,604,59,545
120000175,450,28,422
120000176,457,48,409
120000177,2111,157,1954
120000178,266,32,234
120000179,507,53,454
120000180,1373,128,1245
120000181,216,1298,-1082
120000182,95,638,-543
120000183,33,545,-512
120000184,190,1409,-1219
120000186,113,600,-487
120000187,56,222,-166
120000188,215,381,-166
120000190,1810,72,1738
120000191,1626,118,1508
120000192,1634,38,1596
120000193,731,8,723
120000195,145,8,137
120000196,564,70,494
120000197,188,183,5
120000198,177,119,58
120000199,169,2,167
120000200,162,4,158
120000201,27,30,-3
120000202,2,53,-51
120000203,43,247,-204
120000207,1,64,-63
120000208,6,280,-274
120000209,6,108,-102
120000210,87,108,-21
120000211,203,3,200
120000212,184,3,181
120000213,137,374,-237
120000214,0,330,-330
120000215,1,150,-149
120000216,91,11,80
120000217,851,1289,-438
120000218,177,833,-656
120000219,4,549,-545
120000220,44,1882,-1838
120000225,1630,2,1628
120000226,417,0,417
120000227,1036,55,981
120000228,10327,4154,6173
120000230,426,43,383
120000231,1472,2772,-1300
120000233,299,6,293
120000235,311,829,-518
120000236,1164,2,1162
120000237,5,1706,-1701
120000238,1,971,-970
120000241,1477,4111,-2634
120000412,1370,15,1355
120000413,261,379,-118
120000414,122,5,117
120000415,4,142,-138
120000416,162,10,152
120000417,11,97,-86
120000418,183,22,161
120000419,21,350,-329
120000420,57,38,19
120000421,14031,7266,6765
120000422,166,1351,-1185
120000423,9,52,-43
120000424,95,197,-102
120000436,182,716,-534
120000437,160,169,-9
120000438,3460,378,3082
120000439,274,687,-413
120000443,275,2,273
120000444,1626,777,849
120000445,1939,1276,663
120000446,906,267,639
120000447,250,9,241
120000449,154,8,146
120000450,6,327,-321
120000451,273,291,-18
120000452,217,5,212
120000453,0,355,-355
120000454,55,60,-5
120000455,116,66,50
120000456,2832,4294,-1462
120000457,1384,705,679
120000458,749,918,-169
120000459,65,44,21
120000665,1647,307,1340
120000668,162,797,-635
120000669,65,202,-137
120000670,383,561,-178
120000671,1899,590,1309
120000672,134,738,-604
120900001,73,130,-57
120900002,589,740,-151
120900003,444,49,395
120900004,13,76,-63
120900005,14,982,-968
120900006,438,249,189
120900007,254,155,99
120900008,276,1419,-1143
120900009,784,57,727
120900010,487,139,348
120900011,421,208,213
120900012,485,1493,-1008
120900013,415,137,278
120900014,11,719,-708
120900015,1160,114,1046
120900016,939,70,869
120900017,2890,209,2681
120900018,150,671,-521
120900019,780,379,401
120900020,1029,1469,-440
120900021,849,218,631
120900022,41,428,-387
120900023,331,68,263
120900024,2855,741,2114
120900025,2057,1291,766
120900026,397,333,64
120900027,1083,28,1055
120900028,497,121,376
120900029,256,569,-313
120900030,1298,914,384
120900031,293,118,175
120900032,1101,151,950
120900033,1332,82,1250
120900034,77,3024,-2947
120900035,79,170,-91
120900037,254,4,250
120900038,64,279,-215
120900039,135,61,74
120900040,361,13,348
120900041,190,43,147
120900042,559,73,486
120900043,96,46,50
120900044,72,525,-453
120900045,227,166,61
120900046,507,4,503
120900047,254,105,149
120900048,127,26,101
120900049,519,4,515
120900050,3053,1616,1437
120900051,409,188,221
120900052,750,5,745
120900053,324,174,150
120900054,2138,866,1272
120900055,434,5,429
120900056,590,27,563
120900057,155,19,136
120900058,584,0,584
120900059,129,1,128
120900060,76,67,9
120900061,273,374,-101
120900062,301,34,267
120900063,573,7,566
120900064,633,1,632
120900065,477,4,473
120900066,332,264,68
120900067,181,62,119
120900068,326,1,325
120900069,227,64,163
120900071,25,0,25
120900072,844,6,838
120900073,560,256,304
120900074,851,11,840
120900076,346,1,345
120900077,4032,525,3507
120900078,829,1111,-282
120900079,778,128,650
120900080,791,2226,-1435
120900081,980,1371,-391
120900082,1005,611,394
120900083,93,1,92
120900084,330,485,-155
120900085,110,190,-80
120900086,201,414,-213
120900087,474,363,111
120900088,229,456,-227
120900089,4275,2972,1303
120900090,253,175,78
120900091,838,1009,-171
120900092,1641,670,971
120900093,3090,240,2850
120900094,743,224,519
120900095,672,46,626
120900096,53,343,-290
120900097,989,884,105
120900098,429,280,149
120900099,97,99,-2
120900100,200,322,-122
120900101,919,411,508
120900102,49,119,-70
120900103,84,249,-165
120900104,21,60,-39
120900105,84,741,-657
120900106,1839,708,1131
120900107,349,244,105
120900108,8,733,-725
120900109,71,879,-808
120900110,11,1144,-1133
120900111,253,474,-221
120900112,26,1047,-1021
120900113,12,1102,-1090
120900114,65,189,-124
120900115,253,272,-19
120900116,421,670,-249
120900117,3,676,-673
120900118,26,957,-931
120900119,5623,7135,-1512
120900120,72,668,-596
120900121,327,721,-394
120900122,650,750,-100
120900123,6,485,-479
120900124,4,699,-695
120900125,8,896,-888
120900126,2135,1667,468
120900127,9,713,-704
120900128,1624,1957,-333
120900129,56,445,-389
120900130,10,400,-390
120900131,76,141,-65
120900132,961,341,620
120900133,364,1205,-841
120900134,959,567,392
120900135,22,762,-740
120900136,81,118,-37
120900137,262,136,126
120900138,23,299,-276
120900139,3,874,-871
120900140,5,120,-115
120900141,237,316,-79
120900142,22,687,-665
120900143,5,1081,-1076
120900144,2,239,-237
120900145,648,983,-335
120900146,3,1461,-1458
120900147,0,578,-578
120900148,157,175,-18
120900149,2,382,-380
120900150,63,681,-618
120900151,3,824,-821
120900152,2,59,-57
120900153,60,164,-104
120900154,1,417,-416
120900155,184,1253,-1069
120900156,69,425,-356
120900157,92,287,-195
120900158,67,788,-721
120900159,347,436,-89
120900160,34,919,-885
120900161,118,609,-491
120900162,55,855,-800
120900163,93,961,-868
120900164,0,6,-6
120900165,18,34,-16
120900166,224,596,-372
120900167,656,229,427
120900169,78,511,-433
120900170,1792,3197,-1405
120900171,1449,393,1056
120900172,2083,1246,837
120900173,0,61,-61
120900174,12,132,-120
120900175,365,223,142
120900176,48,409,-361
120900177,2,1246,-1244
120900178,1,473,-472
120900179,1158,642,516
120900180,149,213,-64
120900181,154,60,94
120900182,29,375,-346
120900183,481,90,391
120900184,241,112,129
120900185,20,485,-465
120900186,2,536,-534
120900187,651,1641,-990
120900188,241,19,222
120900189,153,1222,-1069
120900190,67,13,54
120900191,8,28,-20
120900192,13675,7633,6042
120900194,71,132,-61
120900195,225,400,-175
120900196,1004,75,929
120900197,790,187,603
120900198,356,786,-430
120900199,561,511,50
120900200,112,124,-12
120900201,690,261,429
120900202,15,204,-189
120900203,48,106,-58
120900204,217,293,-76
120900205,75,73,2
120900206,24,44,-20
120900207,127,1940,-1813
121000001,1013,1262,-249
121000002,2971,1459,1512
121000003,3861,2266,1595
121000004,3683,4247,-564
121000005,2310,3248,-938
121000006,4480,1949,2531
121000007,3189,3389,-200
121000008,6523,3905,2618
121000009,6460,6505,-45
121000010,9969,6943,3026
121000011,12161,15604,-3443
121000012,21204,13390,7814
121000013,5999,9124,-3125
121000014,7708,6904,804
121000015,5230,8037,-2807
121000016,5272,4030,1242
121000017,2774,5032,-2258
121000018,3323,2255,1068
121000019,24645,15934,8711
121000020,17783,20181,-2398
121000021,4990,3875,1115
121000022,3672,3922,-250
121000023,6526,4048,2478
121000024,6073,5822,251
121000025,764,1691,-927
121000026,341,162,179
121000027,1876,1356,520
121000028,1055,631,424
121000029,1427,971,456
121000030,900,611,289
121000031,878,898,-20
121000032,306,169,137
121000034,581,289,292
121000035,181,133,48
121000036,1459,1101,358
121000037,664,778,-114
121000038,648,1105,-457
121000039,473,510,-37
121000041,854,554,300
121000042,593,531,62
121000043,897,769,128
121000044,1690,1020,670
121000045,638,425,213
121000046,938,1191,-253
121000047,137,109,28
121000049,1859,618,1241
121000050,434,1260,-826
121000051,835,407,428
121000052,461,845,-384
121000053,599,115,484
121000054,97,433,-336
121000055,1351,1314,37
121000056,898,1201,-303
121000057,437,684,-247
121000058,517,243,274
121000059,2700,1474,1226
121000060,680,970,-290
121000061,198,351,-153
121000062,445,500,-55
121000063,936,871,65
121000064,869,1037,-168
121000065,575,663,-88
121000066,778,790,-12
121000067,801,631,170
121000068,842,470,372
121000069,679,809,-130
121000070,2739,1811,928
121000071,2007,1598,409
121000072,2089,1067,1022
121000073,1252,1137,115
121000074,151,198,-47
121000075,66,268,-202
121000076,1517,566,951
121000077,201,225,-24
121000078,146,187,-41
121000080,3196,805,2391
121000081,4630,3487,1143
121000082,130,351,-221
121000083,210,193,17
121000084,183,183,0
121000085,390,540,-150
121000086,341,1030,-689
121000087,87,461,-374
121000088,624,780,-156
121000089,603,582,21
121000090,493,466,27
121000091,1723,1067,656
121000092,233,121,112
121000093,237,301,-64
121000094,632,928,-296
121000095,506,803,-297
121000096,2909,3009,-100
121000097,1452,2650,-1198
121000098,768,1383,-615
121000099,854,1025,-171
121000100,1215,623,592
121000101,456,433,23
121000102,369,484,-115
121000103,289,364,-75
121000104,380,223,157
121000105,641,448,193
121000106,513,492,21
121000107,2402,3839,-1437
121000109,1653,1348,305
121000110,436,755,-319
121000114,3236,2487,749
121000115,1283,949,334
121000116,319,1157,-838
121000117,1007,339,668
121000118,1727,302,1425
121000119,582,585,-3
121000120,360,626,-266
121000121,796,1413,-617
121000123,2451,873,1578
121000126,163,357,-194
121000127,257,108,149
121000128,1238,665,573
121000129,1041,913,128
121000130,732,1189,-457
121000131,3597,2764,833
121000132,2530,2363,167
121000135,735,1154,-419
121000136,2345,1120,1225
121000137,751,462,289
121000138,1526,1205,321
121000139,975,489,486
121000141,246,192,54
121000142,941,1170,-229
121000143,229,34,195
121000144,1596,2294,-698
121000145,837,1634,-797
121000146,1648,1097,551
121000147,1273,660,613
121000148,1153,1544,-391
121000149,2615,1628,987
121000152,669,768,-99
121000153,2271,756,1515
121000154,1142,772,370
121000155,1720,1340,380
121000156,542,1194,-652
121000157,1605,2270,-665
121000158,600,686,-86
121000159,209,533,-324
121000160,378,561,-183
121000161,299,410,-111
121000162,129,282,-153
121000165,2176,2294,-118
121000166,28,621,-593
121000168,453,365,88
121000169,68,214,-146
121000170,375,118,257
121000171,81,242,-161
121000172,793,688,105
121000173,1931,1398,533
121000174,473,533,-60
121000175,1118,484,634
121000176,441,337,104
121000177,1296,822,474
121000178,142,102,40
121000179,115,108,7
121000181,686,595,91
121000182,179,290,-111
121000183,178,125,53
121000184,321,218,103
121000185,43,175,-132
121000186,244,602,-358
121000187,207,303,-96
121000188,219,279,-60
121000192,1051,466,585
121000193,747,667,80
121000194,2990,2560,430
121000195,451,980,-529
121000196,1011,346,665
121000197,361,876,-515
121000198,268,135,133
121000199,158,477,-319
121000200,685,113,572
121000201,9,217,-208
121000202,926,205,721
121000203,1176,2763,-1587
121000204,3349,1127,2222
121000205,239,337,-98
121000206,271,61,210
121000207,3077,492,2585
121000208,20,433,-413
121000209,507,435,72
121000210,664,520,144
121000211,429,225,204
121000212,475,695,-220
121000213,11395,3816,7579
121000214,962,2688,-1726
121000215,1306,1191,115
121000216,664,792,-128
121000217,4826,3008,1818
121000218,496,1771,-1275
121000219,1774,480,1294
121000220,254,76,178
121000221,157,248,-91
121000222,3157,2926,231
121000223,1133,539,594
121000224,363,217,146
121000225,1762,1904,-142
121000226,3589,1265,2324
121000227,16,183,-167
121000228,23,646,-623
121000229,285,380,-95
121000230,86,1667,-1581
121000231,1136,39,1097
121000232,448,360,88
121000233,645,439,206
121000234,21,44,-23
121000235,98,74,24
121000236,15,41,-26
121000237,58,27,31
121000238,12,83,-71
121000239,60,12,48
121000240,7,193,-186
121000241,142,28,114
121000242,48,248,-200
121000243,522,247,275
121000244,16,94,-78
121000245,69,56,13
121000246,0,114,-114
121000247,84,10,74
121000248,2201,592,1609
121000249,165,309,-144
121000250,827,206,621
121000251,32,499,-467
121000252,118,79,39
121000253,508,510,-2
121000254,794,266,528
121000255,246,262,-16
121000256,529,195,334
121000257,90,100,-10
121000258,176,76,100
121000259,95,78,17
121000260,279,134,145
121000261,309,74,235
121000262,1175,903,272
121000263,812,551,261
121000271,394,1752,-1358
121000273,80,9,71
121000274,8,35,-27
121000275,1,16,-15
121000276,9,12,-3
121000278,44,55,-11
121000279,81,18,63
121000280,94,55,39
121000289,208,20,188
121000290,1416,1164,252
121000294,186,190,-4
121000297,1392,1269,123
121000299,267,471,-204
121000300,1075,709,366
121000302,75,1566,-1491
121000303,569,440,129
121000304,574,94,480
121000305,173,64,109
121000306,117,141,-24
121000308,186,448,-262
121000309,391,604,-213
121000310,101,407,-306
121000311,117,923,-806
121000312,415,270,145
121000313,456,608,-152
121000314,163,168,-5
121000315,63,103,-40
121000530,1667,1634,33
121000531,1869,1915,-46
121000532,8117,9298,-1181
121000533,3811,4485,-674
121000918,76,233,-157
121000919,73,86,-13
121000938,160,132,28
121000939,142,126,16
121000956,1744,1402,342
121000957,26,14,12
121000958,120,59,61
121000959,899,1185,-286
121000960,2902,2545,357
121000961,302,259,43
121000962,345,587,-242
121000973,2,170,-168
121000976,39,286,-247
121000979,716,250,466
121000981,447,450,-3
121000982,575,224,351
121000983,622,601,21
121000984,58,101,-43
121000985,763,655,108
121000986,403,314,89
121000987,324,1184,-860
121000988,867,137,730
121001302,375,144,231
121001308,9,11,-2
121001309,93,82,11
121001311,0,0,0
121001313,470,390,80
121001314,3097,3626,-529
121001315,5675,3563,2112
121001318,0,0,0
121900001,211,236,-25
121900002,35,35,0
121900003,526,22,504
121900004,155,508,-353
121900005,68,7,61
121900006,144,29,115
121900007,2584,2705,-121
121900008,1508,535,973
121900009,763,21,742
121900010,370,10,360
121900011,524,681,-157
121900012,32,1,31
121900013,2237,131,2106
121900014,1576,458,1118
121900015,256,298,-42
121900016,2,48,-46
121900017,1339,611,728
121900018,412,14,398
121900019,576,335,241
121900020,30,15,15
121900021,932,38,894
121900022,403,304,99
121900023,173,392,-219
121900024,482,129,353
121900025,828,517,311
121900026,462,47,415
121900027,480,200,280
121900028,416,24,392
121900029,126,283,-157
121900030,598,665,-67
121900031,1388,7174,-5786
121900032,141,115,26
121900033,219,214,5
121900034,367,106,261
121900035,3345,2991,354
121900036,80,346,-266
121900037,212,993,-781
121900038,69,159,-90
121900039,504,98,406
121900040,122,132,-10
121900041,183,231,-48
121900042,420,197,223
121900043,9,11,-2
121900044,236,66,170
121900046,436,481,-45
121900047,196,79,117
121900048,62,180,-118
121900050,80,64,16
121900051,183,212,-29
121900052,202,51,151
121900053,968,355,613
121900054,597,1155,-558
121900055,3,24,-21
121900058,225,194,31
121900059,594,256,338
121900060,196,430,-234
121900061,295,223,72
121900062,282,151,131
121900063,1886,575,1311
121900064,367,827,-460
121900066,102,58,44
121900067,89,96,-7
121900069,271,193,78
121900070,311,130,181
121900071,500,446,54
121900072,64,195,-131
121900073,332,279,53
121900074,1176,1347,-171
121900075,541,491,50
121900076,442,829,-387
121900077,29,43,-14
121900078,203,79,124
121900079,0,1,-1
121900080,1559,603,956
121900082,55,120,-65
121900084,42,223,-181
121900085,4,16,-12
121900086,21,69,-48
121900087,264,161,103
121900088,2690,3685,-995
121900089,200,505,-305
121900090,133,173,-40
121900091,73,170,-97
121900092,85,116,-31
121900093,94,82,12
121900094,33,8,25
121900095,277,194,83
121900096,1569,1412,157
121900097,651,535,116
121900098,9,7,2
121900099,295,113,182
121900100,380,715,-335
121900101,224,209,15
121900102,17,217,-200
121900103,618,334,284
121900104,1831,465,1366
121900105,439,294,145
121900106,15,23,-8
121900107,49,60,-11
121900108,5,34,-29
121900109,363,145,218
121900110,570,1000,-430
121900111,1244,233,1011
121900112,191,200,-9
121900113,88,427,-339
121900114,87,139,-52
121900117,420,98,322
121900118,2577,899,1678
121900119,329,144,185
121900120,85,1671,-1586
121900121,726,78,648
121900122,23,93,-70
121900123,271,542,-271
121900124,229,231,-2
121900125,1864,1225,639
121900127,28,137,-109
121900128,98,207,-109
121900129,912,273,639
121900130,130,333,-203
121900131,324,106,218
121900132,68,197,-129
121900133,136,991,-855
121900134,46,226,-180
121900135,3166,524,2642
121900136,1041,428,613
121900137,82,460,-378
121900138,158,290,-132
121900139,479,682,-203
121900140,105,328,-223
121900141,91,67,24
121900142,268,312,-44
121900143,32,239,-207
121900144,191,324,-133
121900145,244,373,-129
121900146,756,1095,-339
121900147,80,222,-142
121900148,268,389,-121
121900149,422,888,-466
121900150,96,185,-89
121900151,110,277,-167
121900152,98,190,-92
121900153,166,1014,-848
121900154,33,276,-243
121900155,2,202,-200
121900156,243,172,71
121900157,2,501,-499
121900158,142,125,17
121900159,2,279,-277
121900160,70,393,-323
121900161,633,510,123
121900162,107,257,-150
121900163,309,1102,-793
121900164,627,333,294
121900165,409,262,147
121900166,211,236,-25
121900167,140,145,-5
121900168,200,294,-94
121900169,4,298,-294
121900170,12,288,-276
121900171,904,731,173
121900172,856,339,517
121900173,1289,278,1011
121900174,54,115,-61
121900175,404,371,33
121900176,696,1945,-1249
121900177,343,102,241
121900178,53,72,-19
121900179,493,226,267
121900180,5211,4760,451
121900182,867,411,456
121900183,914,1326,-412
121900184,119,859,-740
121900186,20,521,-501
121900187,41,241,-200
121900188,752,607,145
121900189,54,179,-125
121900190,370,687,-317
121900191,142,191,-49
121900192,442,838,-396
121900193,72,262,-190
121900194,9,284,-275
121900195,135,162,-27
121900196,1266,1118,148
121900197,482,1856,-1374
121900198,1385,1123,262
121900199,4,27,-23
121900200,162,379,-217
121900201,1581,968,613
121900202,223,769,-546
121900203,369,1044,-675
121900204,1126,1652,-526
121900205,39,136,-97
121900206,25,37,-12
121900207,189,63,126
121900208,289,403,-114
121900209,81,48,33
121900210,1620,1417,203
121900211,39,129,-90
121900212,181,152,29
121900213,240,88,152
121900214,5,557,-552
121900215,60,117,-57
121900216,59,241,-182
121900217,318,195,123
121900218,243,570,-327
121900220,190,12,178
121900221,331,778,-447
121900222,215,252,-37
121900223,283,73,210
121900224,133,64,69
121900225,123,128,-5
121900226,344,771,-427
121900227,296,770,-474
121900228,245,483,-238
121900230,137,352,-215
121900231,436,1896,-1460
121900232,326,670,-344
121900233,305,336,-31
121900234,330,425,-95
121900235,596,312,284
121900236,435,249,186
121900237,218,338,-120
121900238,224,392,-168
121900239,518,37,481
121900240,358,164,194
121900241,62,68,-6
121900242,7,1,6
121900243,22,0,22
121900244,87,6,81
121900245,256,103,153
121900246,2420,352,2068
121900247,682,392,290
121900248,2127,1614,513
121900250,358,445,-87
121900251,501,54,447
121900252,735,192,543
121900253,191,800,-609
121900254,725,354,371
121900255,466,169,297
121900258,4026,2718,1308
121900259,558,757,-199
121900260,136,259,-123
121900261,272,809,-537
121900262,478,1148,-670
121900263,412,330,82
121900264,2349,1733,616
121900265,313,310,3
121900266,623,225,398
121900267,97,45,52
121900269,296,932,-636
121900270,28,250,-222
121900271,65,265,-200
121900273,525,2088,-1563
121900274,262,353,-91
121900277,836,1588,-752
121900278,162,1136,-974
121900279,146,270,-124
121900280,208,419,-211
121900281,433,401,32
121900284,225,18,207
121900286,200,155,45
121900287,24,26,-2
121900288,2,1,1
121900290,377,470,-93
121900291,522,794,-272
121900292,201,157,44
121900293,1409,3359,-1950
121900294,434,4,430
121900295,218,314,-96
121900296,87,195,-108
121900298,424,880,-456
121900299,2,6,-4
121900300,200,6,194
121900301,42,7,35
121900302,1,55,-54
121900303,411,619,-208
121900304,0,81,-81
121900305,4,46,-42
121900306,347,4,343
121900307,146,10,136
121900308,40,408,-368
121900309,23,323,-300
121900310,74,639,-565
121900311,619,22,597
121900312,366,13,353
121900313,461,52,409
121900314,9,77,-68
121900315,16,1,15
121900316,1,20,-19
121900317,18,14,4
121900318,2,28,-26
121900319,62,128,-66
121900320,50,88,-38
121900321,17,4,13
121900322,19,26,-7
121900323,29,34,-5
121900324,6,66,-60
121900325,21,9,12
121900326,10,22,-12
121900327,5,101,-96
121900328,1,42,-41
121900329,4,264,-260
121900330,0,29,-29
121900331,47,18,29
121900332,146,58,88
121900333,29,2,27
121900334,1,4,-3
122000001,2824,5408,-2584
122000002,5450,2142,3308
122000003,2844,3227,-383
122000004,4125,2114,2011
122000005,3208,1977,1231
122000006,2302,1031,1271
122000007,1402,2136,-734
122000008,5027,6193,-1166
122000009,601,427,174
122000010,2635,3320,-685
122000011,4202,1914,2288
122000012,1623,1869,-246
122000013,1767,1098,669
122000014,1818,1396,422
122000015,1776,1370,406
122000016,719,1048,-329
122000017,1492,1227,265
122000018,1758,1487,271
122000019,937,1492,-555
122000020,273,285,-12
122000021,374,567,-193
122000022,1510,1252,258
122000023,796,2067,-1271
122000024,1088,1663,-575
122000025,1831,2229,-398
122000026,1622,1359,263
122000027,705,2829,-2124
122000028,1138,574,564
122000029,679,582,97
122000030,521,190,331
122000031,384,376,8
122000032,2170,2551,-381
122000033,820,1519,-699
122000034,954,726,228
122000035,441,897,-456
122000036,706,693,13
122000037,383,276,107
122000038,310,456,-146
122000039,692,508,184
122000040,396,385,11
122000041,689,673,16
122000042,412,574,-162
122000043,135,153,-18
122000044,140,211,-71
122000045,1528,559,969
122000046,900,858,42
122000047,386,316,70
122000048,5040,5798,-758
122000049,7923,4029,3894
122000050,1893,921,972
122000051,492,343,149
122000052,773,446,327
122000053,228,864,-636
122000054,2948,2635,313
122000055,2861,3753,-892
122000056,6068,4502,1566
122000057,4616,4442,174
122000058,3432,1468,1964
122000059,3947,2230,1717
122000060,813,821,-8
122000061,796,668,128
122000062,1631,520,1111
122000063,1655,942,713
122000064,3992,3446,546
122000065,5423,3106,2317
122000066,1537,1378,159
122000067,1978,1500,478
122000068,1710,1421,289
122000069,945,898,47
122000070,1067,2195,-1128
122000071,1719,1588,131
122000072,512,543,-31
122000073,495,794,-299
122000074,3430,2099,1331
122000075,1046,1560,-514
122000076,2931,1436,1495
122000077,1461,976,485
122000078,2970,3003,-33
122000079,1950,1699,251
122000080,1119,487,632
122000081,340,464,-124
122000082,981,1123,-142
122000083,2174,2462,-288
122000084,2276,1157,1119
122000085,412,1615,-1203
122000086,2854,7225,-4371
122000087,687,255,432
122000088,530,793,-263
122000089,7435,3252,4183
122000090,346,552,-206
122000091,194,85,109
122000092,193,45,148
122000093,2284,2171,113
122000094,8731,3976,4755
122000095,4873,6280,-1407
122000096,4153,2636,1517
122000098,4965,2984,1981
122000099,2516,832,1684
122000100,1109,706,403
122000101,542,916,-374
122000102,2581,1544,1037
122000103,2604,2279,325
122000104,476,302,174
122000105,986,399,587
122000106,599,810,-211
122000107,1273,658,615
122000108,654,1015,-361
122000109,576,457,119
122000110,625,745,-120
122000111,3348,1601,1747
122000112,1112,1675,-563
122000113,810,894,-84
122000114,3632,1604,2028
122000115,2180,1322,858
122000116,816,720,96
122000117,2470,622,1848
122000118,736,1199,-463
122000119,4314,3490,824
122000120,2575,5898,-3323
122000121,2801,4557,-1756
122000122,1146,2842,-1696
122000123,2331,2573,-242
122000124,1450,840,610
122000125,961,924,37
122000126,818,1798,-980
122000127,1356,2211,-855
122000128,737,1113,-376
122000129,839,1651,-812
122000130,3770,1800,1970
122000131,1869,1720,149
122000132,733,978,-245
122000133,1291,2394,-1103
122000134,1202,1101,101
122000135,917,1259,-342
122000136,1126,876,250
122000137,2393,1485,908
122000139,1813,4510,-2697
122000140,1313,782,531
122000141,6154,1380,4774
122000142,739,1120,-381
122000143,786,694,92
122000144,1834,1744,90
122000145,1996,1061,935
122000146,1876,1412,464
122000147,963,591,372
122000148,3183,3064,119
122000149,2855,2158,697
122000150,1533,1147,386
122000151,258,466,-208
122000152,412,541,-129
122000153,474,449,25
122000154,369,313,56
122000155,2249,2836,-587
122000156,3047,2974,73
122000157,2082,2639,-557
122000158,450,783,-333
122000159,1083,2267,-1184
122000160,4373,3065,1308
122000161,1305,1367,-62
122000162,2948,2232,716
122000163,343,134,209
122000164,61,115,-54
122000165,1161,908,253
122000166,1242,1165,77
122000167,362,267,95
122000168,275,697,-422
122000169,499,186,313
122000170,499,296,203
122000171,56,97,-41
122000172,1932,1828,104
122000173,1783,2700,-917
122000174,2855,1201,1654
122000175,1421,351,1070
122000176,528,922,-394
122000177,1785,1740,45
122000178,3321,2758,563
122000179,2020,2671,-651
122000180,2126,1706,420
122000181,2366,3515,-1149
122000182,2286,2245,41
122000183,2581,1310,1271
122000184,3691,2638,1053
122000185,1881,1796,85
122000186,549,890,-341
122000187,2179,1243,936
122000188,518,206,312
122000189,347,328,19
122000190,1162,1195,-33
122000191,1056,883,173
122000192,1462,415,1047
122000193,558,822,-264
122000194,719,239,480
122000195,190,627,-437
122000196,1675,874,801
122000197,656,1084,-428
122000198,550,1030,-480
122000199,443,439,4
122000200,1338,767,571
122000201,1937,1724,213
122000202,1741,1604,137
122000203,5187,1833,3354
122000204,2278,2496,-218
122000205,1749,1893,-144
122000206,2712,1144,1568
122000207,2444,1722,722
122000208,2473,1840,633
122000209,2180,381,1799
122000210,2596,2151,445
122000211,1832,1545,287
122000212,937,622,315
122000213,1568,1643,-75
122000214,2489,2039,450
122000215,2298,2026,272
122000217,2673,1625,1048
122000218,915,76,839
122000219,1718,1104,614
122000220,543,890,-347
122000221,122,499,-377
122000222,649,159,490
122000223,2015,740,1275
122000225,1043,405,638
122000226,3210,2285,925
122000227,456,2829,-2373
122000228,623,558,65
122000229,99,656,-557
122000230,440,739,-299
122000231,671,1009,-338
122000232,946,1408,-462
122000233,2,162,-160
122000234,421,179,242
122000235,716,203,513
122000236,1270,190,1080
122000237,248,110,138
122000238,738,385,353
122000239,1168,220,948
122000240,1454,905,549
122000241,2077,707,1370
122000242,954,278,676
122000243,389,87,302
122000244,83,599,-516
122000245,111,338,-227
122000246,385,242,143
122000247,1316,939,377
122000248,1586,1976,-390
122000249,2656,1125,1531
122000250,2741,1376,1365
122000251,373,548,-175
122000252,789,234,555
122000253,115,401,-286
122000254,405,189,216
122000255,1077,2479,-1402
122000256,580,1382,-802
122000257,249,443,-194
122000258,391,393,-2
122000259,32,620,-588
122000260,6,79,-73
122000261,43,262,-219
122000262,0,85,-85
122000263,421,117,304
122000264,1497,447,1050
122000265,2783,1125,1658
122000266,5522,878,4644
122000267,276,195,81
122000268,184,672,-488
122000269,1135,529,606
122000270,1000,199,801
122000271,453,1447,-994
122000272,467,1157,-690
122000273,491,529,-38
122000274,236,288,-52
122000275,149,254,-105
122000276,1039,829,210
122000277,1802,1875,-73
122000278,2071,1300,771
122000279,291,744,-453
122000280,1311,997,314
122000281,960,1158,-198
122000282,383,316,67
122000283,623,203,420
122000284,307,150,157
122000285,559,112,447
122000286,133,200,-67
122000287,1468,1735,-267
122000288,681,328,353
122000291,2236,946,1290
122000293,414,359,55
122000294,189,286,-97
122000295,2189,274,1915
122000296,89,697,-608
122000297,3466,3285,181
122000299,624,595,29
122000300,782,739,43
122000301,13766,4337,9429
122000302,1109,1573,-464
122000303,4452,1663,2789
122000304,153,320,-167
122000305,1257,380,877
122000306,33,940,-907
122000307,252,210,42
122000309,153,85,68
122000310,55,112,-57
122000311,337,152,185
122000312,175,156,19
122000313,183,89,94
122000314,127,254,-127
122000315,299,64,235
122000316,891,287,604
122000317,1712,365,1347
122000318,336,929,-593
122000319,315,619,-304
122000320,554,1721,-1167
122000321,115,305,-190
122000322,3186,2771,415
122000323,1992,2911,-919
122000324,1474,1323,151
122000325,1312,2015,-703
122000326,80,141,-61
122000327,709,1054,-345
122000328,1124,865,259
122000330,2824,1077,1747
122000332,300,407,-107
122000333,8,118,-110
122000337,1243,1909,-666
122000338,665,559,106
122000340,546,519,27
122000342,2611,1223,1388
122000343,559,1642,-1083
122000344,87,27,60
122000345,60,50,10
122000346,555,786,-231
122000348,928,1046,-118
122000349,141,1088,-947
122000351,145,220,-75
122000352,479,200,279
122000353,118,120,-2
122000355,154,309,-155
122000356,1740,1405,335
122000357,106,21,85
122000358,0,78,-78
122000359,0,50,-50
122000360,1,92,-91
122000362,6,82,-76
122000364,207,442,-235
122000365,4,57,-53
122000366,18,9,9
122000368,584,905,-321
122000370,41,56,-15
122000371,43,1,42
122000372,26,0,26
122000381,95,370,-275
122000382,98,297,-199
122000384,3816,1567,2249
122000385,68,0,68
122000386,590,1586,-996
122000387,654,814,-160
122000388,2101,836,1265
122000389,180,696,-516
122000390,494,358,136
122000391,519,253,266
122000392,494,257,237
122000393,150,220,-70
122000394,756,445,311
122000395,249,208,41
122000396,283,167,116
122000397,120,46,74
122000398,61,70,-9
122000399,190,110,80
122000400,193,655,-462
122000401,158,124,34
122000402,345,149,196
122000403,661,1095,-434
122000404,255,349,-94
122000408,934,1294,-360
122000503,21,123,-102
122000524,658,166,492
122000544,161,2913,-2752
122000616,374,3,371
122000640,87,166,-79
122000641,114,386,-272
122000642,1341,1511,-170
122000643,77,160,-83
122000644,269,52,217
122000645,164,195,-31
122000651,2294,1024,1270
122000664,186,71,115
122000665,1531,720,811
122000666,897,1522,-625
122000673,41,341,-300
122000674,182,75,107
122000675,2212,1277,935
122000686,633,1471,-838
122000687,1556,507,1049
122000688,432,824,-392
122000689,1109,573,536
122000690,2421,671,1750
122000691,1563,2191,-628
122000692,2032,646,1386
122000693,710,2578,-1868
122000695,421,592,-171
122000696,493,470,23
122000698,463,1102,-639
122000699,257,183,74
122000701,1451,429,1022
122000702,605,1556,-951
122000703,197,77,120
122000717,220,76,144
122000718,461,959,-498
122000719,162,138,24
122000720,530,330,200
122000724,299,32,267
122900001,49,12,37
122900002,1776,5373,-3597
122900003,542,91,451
122900004,1030,63,967
122900005,167,65,102
122900006,1319,426,893
122900007,365,90,275
122900008,994,106,888
122900009,992,600,392
122900010,328,222,106
122900012,293,506,-213
122900014,213,404,-191
122900015,3094,1575,1519
122900016,136,407,-271
122900017,514,1196,-682
122900018,253,39,214
122900019,30,211,-181
122900020,394,470,-76
122900021,66,782,-716
122900022,1107,935,172
122900023,606,333,273
122900024,187,140,47
122900025,25,428,-403
122900026,117,536,-419
122900027,71,993,-922
122900028,153,252,-99
122900029,5320,3727,1593
122900030,1345,703,642
122900031,104,409,-305
122900032,184,537,-353
122900033,312,214,98
122900034,5719,6151,-432
122900035,35,33,2
122900036,70,107,-37
122900037,513,188,325
122900038,179,3294,-3115
122900039,137,683,-546
122900040,347,587,-240
122900041,483,412,71
122900042,225,404,-179
122900043,544,269,275
122900044,139,402,-263
122900045,139,146,-7
122900046,359,279,80
122900047,187,250,-63
122900048,83,290,-207
122900049,2006,215,1791
122900051,110,186,-76
122900052,103,202,-99
122900053,34,53,-19
122900055,632,246,386
122900057,313,163,150
122900061,560,296,264
122900062,690,791,-101
122900063,193,404,-211
122900064,1341,533,808
122900065,687,330,357
122900066,928,477,451
122900067,1779,1307,472
122900068,478,454,24
122900069,667,1945,-1278
122900070,463,87,376
122900071,158,560,-402
122900072,32,633,-601
122900073,109,284,-175
122900074,1077,944,133
122900075,4,70,-66
122900076,13,235,-222
122900077,6,230,-224
122900078,237,160,77
122900080,62,47,15
122900081,279,219,60
122900082,928,642,286
122900083,287,524,-237
122900084,13,332,-319
122900086,27,183,-156
122900087,436,749,-313
122900088,42,240,-198
122900089,106,339,-233
122900090,29,525,-496
122900091,271,3,268
122900092,0,244,-244
122900093,1,372,-371
122900094,11,274,-263
122900095,191,12,179
122900096,475,257,218
122900097,23,56,-33
122900098,183,205,-22
122900099,67,20,47
122900100,460,260,200
122900101,588,314,274
122900102,41,92,-51
122900103,127,5,122
122900104,162,13,149
122900105,18,31,-13
122900106,5,103,-98
122900107,10,220,-210
122900108,10,191,-181
123000001,1913,462,1451
123000002,4995,5798,-803
123000003,4271,4509,-238
123000004,3780,4803,-1023
123000005,3090,3257,-167
123000006,2760,3044,-284
123000007,5139,3439,1700
123000008,3623,4055,-432
123000009,5527,3571,1956
123000010,4155,4110,45
123000011,3067,959,2108
123000012,1086,2456,-1370
123000013,4220,1032,3188
123000014,1256,4187,-2931
123000015,5129,1479,3650
123000016,6214,5291,923
123000017,3967,2295,1672
123000018,67,155,-88
123000019,369,322,47
123000020,229,166,63
123000021,143,336,-193
123000022,503,2430,-1927
123000023,1763,1887,-124
123000024,1895,820,1075
123000025,321,225,96
123000026,381,98,283
123000027,370,711,-341
123000028,2443,579,1864
123000029,2247,1285,962
123000030,253,569,-316
123000031,271,360,-89
123000032,474,237,237
123000033,247,93,154
123000034,1439,1108,331
123000035,451,535,-84
123000036,351,1197,-846
123000037,343,598,-255
123000038,80,254,-174
123000039,440,1644,-1204
123000040,1134,514,620
123000041,1567,1527,40
123000042,1501,743,758
123000043,4301,11270,-6969
123000044,6402,3138,3264
123000045,11183,3941,7242
123000046,1111,2056,-945
123000047,3285,1359,1926
123000048,115,871,-756
123000049,9426,11521,-2095
123000050,1697,1632,65
123000051,171,239,-68
123000052,986,3841,-2855
123000053,3214,4131,-917
123000054,1780,1903,-123
123000055,2024,2336,-312
123000056,1552,2912,-1360
123000057,17672,9849,7823
123000058,822,1347,-525
123000059,700,778,-78
123000060,1128,704,424
123000061,532,1008,-476
123000063,1024,1058,-34
123000064,1330,460,870
123000065,10048,3584,6464
123000066,1020,744,276
123000067,1152,873,279
123000068,4097,3789,308
123000069,8323,4505,3818
123000070,378,888,-510
123000071,1152,1245,-93
123000072,1274,1503,-229
123000073,1433,901,532
123000074,1255,1759,-504
123000075,480,1278,-798
123000076,1257,835,422
123000077,2508,3588,-1080
123000078,1805,1996,-191
123000079,1620,2379,-759
123000080,2868,2530,338
123000081,190,516,-326
123000082,516,1509,-993
123000083,1026,264,762
123000084,935,629,306
123000085,362,107,255
123000086,642,356,286
123000087,551,525,26
123000088,2211,1231,980
123000089,628,1372,-744
123000090,1361,1169,192
123000091,1707,1560,147
123000092,1097,1370,-273
123000094,666,372,294
123000095,665,826,-161
123000096,762,538,224
123000097,556,1060,-504
123000098,981,791,190
123000099,749,1004,-255
123000100,710,920,-210
123000101,818,818,0
123000102,789,857,-68
123000104,553,532,21
123000105,830,584,246
123000106,537,483,54
123000107,501,544,-43
123000108,873,1378,-505
123000111,1143,392,751
123000112,1387,727,660
123000113,680,1834,-1154
123000114,557,769,-212
123000115,399,410,-11
123000116,47,187,-140
123000117,2326,2580,-254
123000118,470,1230,-760
123000119,422,1160,-738
123000120,567,984,-417
123000121,481,612,-131
123000122,400,210,190
123000123,459,642,-183
123000124,654,514,140
123000125,1457,1316,141
123000126,1601,5143,-3542
123000127,1040,785,255
123000128,366,331,35
123000129,731,238,493
123000130,793,111,682
123000131,1023,706,317
123000132,418,758,-340
123000133,427,471,-44
123000134,429,272,157
123000135,2660,1419,1241
123000136,258,1020,-762
123000137,162,387,-225
123000138,137,592,-455
123000139,618,152,466
123000140,184,982,-798
123000141,1076,197,879
123000142,1209,1580,-371
123000143,1740,2410,-670
123000144,153,31,122
123000145,375,140,235
123000146,52,114,-62
123000147,157,126,31
123000149,366,492,-126
123000150,246,326,-80
123000151,380,520,-140
123000152,332,528,-196
123000153,690,922,-232
123000154,2227,2637,-410
123000155,2937,1662,1275
123000156,59,181,-122
123000157,642,1112,-470
123000158,809,871,-62
123000159,3919,2993,926
123000160,1160,935,225
123000161,2066,1384,682
123000162,1177,2109,-932
123000163,528,126,402
123000164,1830,456,1374
123000165,704,2058,-1354
123000166,65,204,-139
123000167,167,325,-158
123000168,370,332,38
123000169,934,183,751
123000170,92,287,-195
123000171,852,44,808
123000172,493,661,-168
123000173,837,306,531
123000174,1198,552,646
123000175,1279,1660,-381
123000176,1438,385,1053
123000177,863,1319,-456
123000178,1005,225,780
123000179,65,794,-729
123000180,2017,462,1555
123000181,445,1861,-1416
123000182,306,629,-323
123000183,213,632,-419
123000184,267,737,-470
123000185,889,578,311
123000186,2,844,-842
123000187,709,5,704
123000188,222,1,221
123000189,190,257,-67
123000190,89,129,-40
123000192,27,609,-582
123000193,103,1338,-1235
123000194,606,450,156
123000195,346,51,295
123000196,349,27,322
123000197,91,123,-32
123000198,53,367,-314
123000199,16,796,-780
123000200,648,12,636
123000201,1240,24,1216
123000202,28,1721,-1693
123000203,1162,90,1072
123000204,109,1528,-1419
123000205,699,2527,-1828
123000206,2566,282,2284
123000207,111,1122,-1011
123000208,563,252,311
123000209,2551,817,1734
123000210,668,2990,-2322
123000211,752,3456,-2704
123000212,3274,593,2681
123000213,910,104,806
123000215,177,386,-209
123000216,201,1461,-1260
123000217,208,53,155
123000218,128,776,-648
123000219,1267,95,1172
123000220,678,110,568
123000221,457,197,260
123000222,559,630,-71
123000223,430,528,-98
123000224,561,714,-153
123000225,400,102,298
123000226,129,453,-324
123000227,107,427,-320
123000228,303,94,209
123000229,1473,2072,-599
123000232,201,700,-499
123000233,855,321,534
123000234,236,708,-472
123000235,1142,453,689
123000236,328,939,-611
123000237,370,124,246
123000238,114,629,-515
123000239,621,1984,-1363
123000240,73,523,-450
123000241,908,162,746
123000242,218,243,-25
123000243,960,1105,-145
123000244,1063,838,225
123000245,65,175,-110
123000249,411,755,-344
123000252,1033,307,726
123000253,1267,640,627
123000254,1089,1553,-464
123000255,1447,1161,286
123000256,46,347,-301
123000257,3663,2705,958
123000258,1709,1172,537
123000259,460,461,-1
123000260,530,574,-44
123000261,313,217,96
123000262,139,269,-130
123000263,465,147,318
123000264,204,133,71
123000265,94,198,-104
123000266,732,1031,-299
123000267,904,472,432
123000268,57,98,-41
123000269,107,66,41
123000270,47,75,-28
123000271,116,94,22
123000272,813,304,509
123000273,347,736,-389
123000274,1481,690,791
123000275,430,1118,-688
123000278,4733,3239,1494
123000279,121,123,-2
123000280,658,436,222
123000281,453,138,315
123000282,219,379,-160
123000283,222,64,158
123000284,78,123,-45
123000286,331,402,-71
123000287,803,340,463
123000288,1654,1001,653
123000289,504,1257,-753
123000291,403,881,-478
123000294,194,235,-41
123000295,1111,1074,37
123000296,735,475,260
123000297,748,781,-33
123000298,759,698,61
123000299,67,205,-138
123000300,1155,924,231
123000301,163,292,-129
123000302,85,238,-153
123000303,154,181,-27
123000305,1012,979,33
123000306,190,250,-60
123000309,58,90,-32
123000310,66,65,1
123000311,1,119,-118
123000312,668,1098,-430
123000313,710,475,235
123000315,104,422,-318
123000316,1507,107,1400
123000317,277,119,158
123000318,72,303,-231
123000329,9,17,-8
123000337,879,318,561
123000338,655,69,586
123000339,270,375,-105
123000340,210,657,-447
123000342,182,66,116
123000343,62,9,53
123000344,1488,847,641
123000345,422,1065,-643
123000346,364,65,299
123000352,1882,957,925
123000353,64,196,-132
123000354,413,3,410
123000355,0,603,-603
123000356,391,30,361
123000357,5,227,-222
123000359,10,221,-211
123000360,265,107,158
123000361,410,374,36
123000362,466,128,338
123000363,120,284,-164
123000364,639,553,86
123000365,27,425,-398
123000366,517,2313,-1796
123000367,381,1436,-1055
123000370,67,356,-289
123000371,1133,63,1070
123000372,457,47,410
123000373,6,505,-499
123000374,59,238,-179
123000375,542,58,484
123000376,1034,760,274
123000377,437,32,405
123000378,22,364,-342
123000379,5,347,-342
123000380,63,525,-462
123000381,154,78,76
123000382,1632,140,1492
123000383,214,1541,-1327
123000384,564,133,431
123000385,273,676,-403
123000436,58,1156,-1098
123000507,142,354,-212
123000508,184,1324,-1140
123000517,368,46,322
123000518,39,265,-226
123000519,164,47,117
123000520,86,238,-152
123000521,420,126,294
123000522,155,422,-267
123000541,10,2,8
123000542,0,20,-20
123000565,866,55,811
123000566,270,784,-514
123000567,132,275,-143
123000573,49,964,-915
123000574,822,97,725
123000575,1690,1587,103
123000576,985,1706,-721
123000577,121,770,-649
123000578,689,116,573
123000579,3959,6418,-2459
123000580,131,45,86
123000582,555,44,511
123000583,37,478,-441
123000584,263,336,-73
123000585,0,144,-144
123000586,122,1,121
123000596,128,137,-9
123000597,63,159,-96
123000602,51,12,39
123000603,762,715,47
123000604,608,1091,-483
123000605,982,154,828
123000606,0,430,-430
123000609,21,396,-375
123000610,271,148,123
123000613,43,212,-169
123000614,253,76,177
123000615,39,105,-66
123000616,929,96,833
123000617,197,457,-260
123000618,117,825,-708
123000619,734,102,632
123000620,24,572,-548
123000622,478,51,427
123000624,218,52,166
123000630,1061,569,492
123000631,325,1613,-1288
123000632,905,1073,-168
123000633,0,214,-214
123000634,78,155,-77
123000635,155,122,33
123000636,56,777,-721
123000637,199,135,64
123000638,709,66,643
123000639,1380,4617,-3237
123000640,22,912,-890
123000648,386,119,267
123000649,65,646,-581
123900001,1557,54,1503
123900002,61,1532,-1471
123900003,481,541,-60
123900005,292,166,126
123900006,302,49,253
124000001,2419,220,2199
124000002,97,2003,-1906
124000003,921,210,711
124000004,124,670,-546
124000005,1297,598,699
124000006,306,1497,-1191
124000007,577,133,444
124000008,15,638,-623
124000009,722,381,341
124000010,210,554,-344
124000011,1329,454,875
124000012,429,668,-239
124000017,210,257,-47
124000018,113,100,13
124000019,163,171,-8
124000020,81,223,-142
124000021,154,109,45
124000022,118,253,-135
124000023,1679,1734,-55
124000024,1321,552,769
124000025,1506,2270,-764
124000026,1246,1325,-79
124000027,5713,6145,-432
124000028,2855,5249,-2394
124000030,3815,1711,2104
124000031,1309,3551,-2242
124000032,3075,1125,1950
124000033,661,580,81
124000034,1276,988,288
124000035,369,306,63
124000036,147,642,-495
124000037,1001,1304,-303
124000038,63,247,-184
124000039,1557,581,976
124000040,774,1458,-684
124000041,644,109,535
124000042,273,674,-401
124000043,180,137,43
124000044,111,244,-133
124000045,910,778,132
124000046,467,809,-342
124000047,1829,1212,617
124000048,1464,1689,-225
124000049,2168,939,1229
124000050,1196,2092,-896
124000051,1225,667,558
124000052,863,1258,-395
124000053,640,1716,-1076
124000054,1089,641,448
124000055,1645,3060,-1415
124000056,2811,1789,1022
124000057,1074,786,288
124000058,548,1603,-1055
124000059,747,1605,-858
124000060,1505,904,601
124000061,1706,6208,-4502
124000062,7775,2669,5106
124000063,1615,2219,-604
124000064,2912,1762,1150
124000065,106,492,-386
124000066,242,110,132
124000067,263,224,39
124000068,95,179,-84
124000069,1087,323,764
124000070,351,738,-387
124000071,1112,154,958
124000072,423,538,-115
124000073,1159,245,914
124000074,316,904,-588
124000075,341,45,296
124000076,17,263,-246
124000077,2079,1316,763
124000078,3754,1415,2339
124000079,558,1585,-1027
124000080,689,241,448
124000081,216,609,-393
124000082,46,166,-120
124000083,55,81,-26
124000084,91,520,-429
124000085,115,60,55
124000086,95,102,-7
124000087,383,109,274
124000088,485,496,-11
124000089,1177,541,636
124000090,203,441,-238
124000091,657,160,497
124000092,133,697,-564
124000093,160,160,0
124000094,274,645,-371
124000095,83,128,-45
124000096,256,393,-137
124000097,87,173,-86
124000098,62,121,-59
124000099,301,164,137
124000100,75,112,-37
124000101,97,179,-82
124000102,144,85,59
124000103,101,143,-42
124000104,120,66,54
124000105,99,132,-33
124000106,184,71,113
124000107,25,156,-131
124000108,66,38,28
124000109,129,100,29
124000110,235,147,88
124000111,234,158,76
124000112,766,858,-92
124000113,101,135,-34
124000114,334,533,-199
124000115,482,818,-336
124000116,142,211,-69
124000117,58,129,-71
124000118,61,77,-16
124000119,1384,674,710
124000120,697,598,99
124000121,1681,806,875
124000122,840,1494,-654
124000123,1107,572,535
124000124,510,1519,-1009
124000125,534,602,-68
124000126,354,793,-439
124000127,934,575,359
124000128,653,1263,-610
124000129,2489,1884,605
124000130,958,813,145
124000131,1073,759,314
124000132,1207,936,271
124000133,973,997,-24
124000134,1211,744,467
124000135,2154,2155,-1
124000136,1221,1303,-82
124000137,1929,941,988
124000138,2335,1665,670
124000139,953,57,896
124000140,69,657,-588
124000141,138,17,121
124000142,10,226,-216
124000143,78,26,52
124000144,31,56,-25
124000145,251,67,184
124000146,152,92,60
124000148,64,148,-84
124000149,1509,574,935
124000150,505,778,-273
124000151,1144,611,533
124000152,1180,1705,-525
124000153,1010,936,74
124000154,690,944,-254
124000155,1840,1332,508
124000156,2215,1448,767
124000169,243,473,-230
124000170,665,626,39
124000171,342,272,70
124000172,496,757,-261
124000173,477,250,227
124000174,503,722,-219
124000175,15,166,-151
124000176,92,25,67
124000177,14,51,-37
124000178,81,75,6
124000190,141,59,82
124000191,254,150,104
124000192,3111,506,2605
124000193,864,1048,-184
124000194,510,600,-90
124000195,238,836,-598
124000196,1335,1263,72
124000197,53,54,-1
124000198,43,36,7
124000201,494,1016,-522
124000202,760,491,269
124000203,812,773,39
124000204,914,557,357
124000205,212,471,-259
124000206,1010,497,513
124000207,0,67,-67
124000209,328,603,-275
124000210,548,282,266
124000211,689,5,684
124000212,2,532,-530
124000213,559,342,217
124000214,385,710,-325
124000215,563,21,542
124000216,4,455,-451
124000329,229,1895,-1666
124000338,262,1113,-851
124000339,1277,260,1017
124000341,1589,278,1311
124000344,23,4,19
124000357,1153,2415,-1262
124000358,940,1627,-687
124000359,1290,877,413
124000360,962,630,332
124000361,2124,850,1274
124000362,1498,2059,-561
124000363,275,389,-114
124000364,659,922,-263
124000365,760,1232,-472
124000366,1994,1125,869
124000367,167,617,-450
124000368,634,571,63
124000369,160,148,12
124000370,95,733,-638
124000402,41,43,-2
124000403,208,84,124
124000404,8,173,-165
124000405,1367,1096,271
124000406,1115,1040,75
124000407,4,54,-50
124000411,14,470,-456
124000412,522,9,513
124000413,378,47,331
124000414,81,124,-43
124000415,68,135,-67
124000416,222,300,-78
124000417,186,133,53
124000418,198,138,60
124000419,122,139,-17
124000420,121,74,47
124000421,52,212,-160
124000422,33,24,9
124000423,132,35,97
124000424,2,110,-108
124000425,53,43,10
124000426,21,53,-32
124000427,55,15,40
124000428,18,62,-44
124000429,60,102,-42
124000430,764,648,116
124000431,373,745,-372
124000432,257,877,-620
124000439,4,5,-1
124000443,1,12,-11
124000445,415,1291,-876
124000446,1632,125,1507
124900001,592,492,100
124900002,199,464,-265
124900003,1237,769,468
124900004,744,516,228
124900005,326,229,97
124900006,804,485,319
124900008,1700,825,875
124900009,243,442,-199
124900010,259,173,86
124900011,716,383,333
124900012,505,130,375
124900013,741,203,538
124900014,557,100,457
124900015,208,483,-275
124900016,93,119,-26
124900017,648,1749,-1101
124900018,87,22,65
124900020,123,84,39
124900021,386,64,322
124900022,148,5,143
124900024,324,31,293
124900026,166,25,141
124900027,147,581,-434
124900028,584,125,459
124900029,12,619,-607
124900030,10,167,-157
124900031,58,403,-345
124900032,247,293,-46
124900033,219,455,-236
124900034,23,129,-106
124900035,219,611,-392
124900036,1,81,-80
124900037,290,385,-95
124900038,415,475,-60
124900039,3,63,-60
124900040,157,98,59
124900041,282,1335,-1053
124900042,134,5,129
124900043,592,1251,-659
124900044,80,9,71
124900045,1009,1425,-416
124900046,1432,359,1073
124900047,197,314,-117
124900048,275,137,138
124900050,175,263,-88
124900052,191,499,-308
124900053,194,508,-314
124900054,2283,561,1722
124900055,4,223,-219
124900057,12,80,-68
124900060,126,238,-112
124900061,99,12,87
124900062,326,49,277
124900066,0,27,-27
124900067,3,183,-180
124900068,313,651,-338
124900070,105,39,66
124900072,135,62,73
124900075,255,328,-73
124900076,35,1290,-1255
124900077,34,147,-113
124900078,125,19,106
124900079,695,209,486
124900080,270,752,-482
124900081,1140,388,752
124900082,476,1063,-587
124900083,245,643,-398
124900085,1508,606,902
124900086,135,1801,-1666
124900087,805,168,637
124900088,928,160,768
124900089,1585,55,1530
124900090,349,387,-38
124900091,361,514,-153
124900092,315,313,2
124900093,376,255,121
124900094,418,407,11
124900095,118,600,-482
124900096,798,339,459
124900097,399,124,275
124900098,167,403,-236
124900099,921,615,306
124900100,470,99,371
124900101,109,750,-641
124900102,290,41,249
124900103,186,235,-49
124900104,93,228,-135
124900105,137,182,-45
124900106,443,63,380
124900107,178,26,152
124900108,183,81,102
124900111,0,77,-77
124900112,69,682,-613
124900113,137,384,-247
124900114,261,171,90
124900115,197,73,124
124900116,294,210,84
124900117,582,205,377
124900118,269,302,-33
124900119,422,293,129
124900120,67,438,-371
124900121,171,583,-412
124900122,413,317,96
124900123,402,146,256
124900124,175,370,-195
204000001,110,7,103
204000002,19,17,2
204000003,48,8,40
204000004,6,5,1
204000005,718,589,129
204000006,1570,1412,158
204000011,14,46,-32
204000012,63,123,-60
204000019,623,578,45
204000020,814,625,189
204000021,2163,856,1307
204000022,799,548,251
204000023,660,951,-291
204000031,171,34,137
204000032,738,49,689
204000034,21,219,-198
204000035,0,4,-4
204000036,3,30,-27
204000037,2,19,-17
204000038,0,15,-15
204000039,12,29,-17
204000040,3,12,-9
204000041,7,26,-19
204000042,62,19,43
204000043,43,3,40
204000044,32,5,27
204000045,50,4,46
204000046,19,1,18
204000057,12,25,-13
204000062,15,54,-39
204000068,39,288,-249
204000069,77,354,-277
204000070,178,82,96
204000080,111,68,43
204000085,2409,2290,119
204000086,2953,2251,702
204000087,42,12,30
204000088,5,112,-107
204000090,30,387,-357
204000093,383,54,329
204000096,907,1143,-236
204000097,509,11,498
204000099,1320,1625,-305
204000100,1654,2248,-594
204000105,2408,1763,645
204000110,1009,1503,-494
204000111,476,755,-279
204000112,1926,768,1158
204000113,525,770,-245
204000114,937,806,131
204000115,702,446,256
204000116,2777,711,2066
204000119,2177,3035,-858
204000132,951,602,349
204000133,1127,374,753
204000134,697,158,539
204000135,1028,124,904
204000136,702,263,439
204000138,486,1070,-584
204000140,251,243,8
204000141,209,84,125
204000144,26,19,7
204000145,653,58,595
204000146,25,450,-425
204000147,30,244,-214
204000148,401,17,384
204000154,8,6,2
204000155,0,3,-3
204000177,84,63,21
204000179,16,10,6
204000180,0,20,-20
204000222,3,16,-13
204000235,25,18,7
204000236,93,308,-215
204000238,25,27,-2
204000240,426,105,321
204000263,713,1213,-500
204000268,1232,909,323
204000308,193,17,176
204000317,8,89,-81
204000322,3,47,-44
204000323,14,9,5
204000328,241,61,180
204000329,72,225,-153
204000330,216,15,201
204000331,24,116,-92
204010341,16,208,-192
205000001,1127,1989,-862
205000013,6,71,-65
205000014,33,127,-94
205000015,30,249,-219
205000016,102,205,-103
205000017,23,89,-66
205000022,345,904,-559
205000025,1297,1321,-24
205000029,263,8,255
205000045,164,397,-233
205000046,143,497,-354
205000047,88,493,-405
205000048,351,1157,-806
205000049,205,880,-675
205000050,889,322,567
205000059,0,251,-251
205000060,2,83,-81
205000061,1,58,-57
205000062,4,70,-66
205000063,27,90,-63
205000064,9,124,-115
205000065,67,526,-459
205000066,149,787,-638
205000067,33,1011,-978
205000069,196,23,173
205000082,233,203,30
205000110,77,296,-219
205000111,233,265,-32
205000112,222,284,-62
205000113,204,394,-190
205000121,293,50,243
205000123,70,248,-178
205000126,546,99,447
205000127,813,182,631
205000128,535,98,437
205000129,554,102,452
205000130,297,36,261
205000131,245,10,235
205000132,334,7,327
205000133,251,1,250
205000134,236,0,236
205000137,90,184,-94
205000138,191,338,-147
205000139,49,142,-93
205000144,115,109,6
205000145,547,202,345
205000151,202,42,160
205000152,341,23,318
205000153,285,43,242
205000154,138,37,101
205000155,166,17,149
205000207,6,219,-213
205000233,35,1,34
205000234,0,0,0
205000243,1,0,1
205000244,0,8,-8
205000245,19,200,-181
205000249,0,40,-40
205000250,12,0,12
205000264,4,97,-93
206000027,11,4,7
206000028,6,3,3
206000043,6,65,-59
206000053,5,11,-6
206000054,3,23,-20
206000055,2,33,-31
206000075,14,21,-7
206000076,26,13,13
206000077,26,9,17
206000078,25,7,18
206000079,17,7,10
206000082,422,45,377
206000100,50,645,-595
206000103,2,12,-10
206000104,19,18,1
206000105,8,10,-2
206000106,10,29,-19
206000108,696,29,667
206000125,52,0,52
206000157,69,646,-577
206000170,0,216,-216
206000171,5,198,-193
206000172,6,487,-481
206000173,1,239,-238
206000174,10,78,-68
206000175,5,149,-144
206000176,22,182,-160
206000177,3,197,-194
206000178,2,194,-192
206000179,14,109,-95
206000180,12,178,-166
206000181,8,140,-132
206000182,14,186,-172
206000183,25,570,-545
206000184,4,377,-373
206000185,8,219,-211
206000186,91,1262,-1171
206000223,4,243,-239
206000226,38,1,37
206000227,30,8,22
206000237,42,342,-300
206000238,28,522,-494
206000239,282,2116,-1834
206000240,4,54,-50
206000241,0,96,-96
206000242,6,297,-291
206000243,8,174,-166
206000244,57,624,-567
206000245,878,79,799
206000246,262,14,248
206000247,243,19,224
206000248,428,20,408
206000252,100,44,56
206000258,30,39,-9
206000315,40,5,35
206000317,621,84,537
206000318,486,87,399
206000319,1449,104,1345
206000320,225,37,188
206000321,236,17,219
206000322,487,13,474
206000323,161,17,144
206000324,166,11,155
206000325,213,19,194
206000326,276,12,264
206000327,297,9,288
206000328,205,6,199
206000329,292,4,288
206000330,100,10,90
206000331,209,5,204
206000332,37,4,33
206000333,700,2,698
206000334,271,3,268
206000335,1,26,-25
206000361,6,175,-169
206000392,2,21,-19
206000405,127,5,122
206000441,31,11,20
206000498,52,2,50
206000515,115,55,60
206000530,270,52,218
206000531,212,225,-13
206000532,1875,367,1508
206000535,332,1964,-1632
206000536,13,183,-170
206000537,23,166,-143
206000613,1519,224,1295
207000001,211,722,-511
207000002,138,333,-195
207000003,195,193,2
207000007,935,312,623
207000008,84,23,61
207000009,51,60,-9
207000010,561,496,65
207000012,404,302,102
207000015,274,1578,-1304
207000019,274,104,170
207000021,641,180,461
207000022,153,105,48
207000023,238,30,208
207000024,4,20,-16
207000025,27,56,-29
207000026,98,61,37
207000027,24,78,-54
207000028,62,233,-171
207000029,350,537,-187
207000033,223,426,-203
207000034,334,93,241
207000039,415,240,175
207000040,358,180,178
207000041,246,67,179
207000042,260,75,185
207000043,419,218,201
207000051,142,322,-180
207000052,86,151,-65
207000053,557,685,-128
207000054,73,114,-41
207000055,150,115,35
207000056,421,334,87
207000057,157,291,-134
207000058,194,331,-137
207000059,127,645,-518
207000060,83,209,-126
207000061,280,567,-287
207000062,294,50,244
207000063,311,160,151
207000064,471,182,289
207000065,526,258,268
207000066,236,184,52
207000067,64,123,-59
207000068,167,63,104
207000069,802,383,419
207000082,17,286,-269
207000083,123,294,-171
207000084,253,258,-5
207000085,207,19,188
207000086,204,5,199
207000106,31,46,-15
207000107,83,18,65
207000108,74,22,52
207000109,68,26,42
207000110,121,103,18
207000111,97,101,-4
207000112,186,699,-513
207000114,39,72,-33
207000115,28,133,-105
207000116,30,464,-434
207000117,10,136,-126
207000118,7,108,-101
207000119,51,114,-63
207000123,269,26,243
207000124,106,49,57
207000125,84,44,40
207000126,77,78,-1
207000134,92,155,-63
207000135,35,202,-167
207000148,69,349,-280
207000149,105,54,51
207000152,155,410,-255
207000153,1248,1491,-243
207000154,506,189,317
207000159,105,233,-128
207000160,214,504,-290
207000238,0,228,-228
207000242,2,271,-269
207000248,59,32,27
207000249,191,34,157
207000250,801,84,717
207000251,127,91,36
207000252,228,95,133
207000278,102,74,28
207000279,26,188,-162
207000280,542,78,464
207000281,143,1169,-1026
207000282,186,95,91
207000283,229,239,-10
207000284,68,204,-136
207000285,147,62,85
207000291,22,122,-100
207000304,115,86,29
207000306,102,408,-306
207000310,105,105,0
207000353,401,6,395
207000356,24,36,-12
207000357,36,12,24
207000358,25,31,-6
207000415,6,311,-305
207000417,58,7,51
207000418,142,159,-17
207000438,0,4,-4
207000439,1201,812,389
207000446,184,15,169
207000460,37,12,25
207000466,317,181,136
207000467,243,158,85
207000468,49,419,-370
207000476,5,70,-65
207000477,719,91,628
207000478,4,65,-61
207000523,0,15,-15
207000524,48,0,48
207000527,140,173,-33
207000530,551,8,543
207000531,366,14,352
207000532,249,63,186
207000534,638,80,558
207000535,58,462,-404
207000537,367,174,193
207000540,11,255,-244
207000541,2,492,-490
207000548,23,347,-324
207000549,574,25,549
207000561,157,261,-104
207000562,51,301,-250
207000567,194,284,-90
207000568,228,111,117
207000569,489,1105,-616
207000584,440,246,194
207000585,79,466,-387
207000587,4,4,0
207000616,0,198,-198
207000617,162,1,161
207900008,270,135,135
208000001,787,1029,-242
208000002,774,458,316
208000003,1343,468,875
208000004,1540,726,814
208000005,7,8,-1
208000019,689,1320,-631
208000020,180,607,-427
208000021,290,495,-205
208000022,1145,685,460
208000028,1787,1081,706
208000033,693,1096,-403
208000034,1349,1732,-383
208000037,290,15,275
208000040,191,212,-21
208000041,1062,734,328
208000042,1453,842,611
208000047,173,303,-130
208000064,3013,1625,1388
208000066,2256,2732,-476
208000070,379,435,-56
208000071,438,985,-547
208000072,434,1501,-1067
208000080,300,349,-49
208000081,400,204,196
208000082,314,343,-29
208000083,135,474,-339
208000084,21,18,3
208000085,949,754,195
208000086,545,1282,-737
208000087,462,1007,-545
208000089,1207,460,747
208000090,1094,868,226
208000093,219,182,37
208000094,1882,575,1307
208000095,789,489,300
208000104,1035,1223,-188
208000105,1086,1194,-108
208000114,122,325,-203
208000115,564,534,30
208000116,634,1252,-618
208000117,229,198,31
208000118,107,152,-45
208000155,1027,1193,-166
208000158,1639,4020,-2381
208000186,4529,4789,-260
208000204,718,1098,-380
208000205,1425,1173,252
208000282,7408,3437,3971
209000004,805,178,627
209000005,53,35,18
209000006,550,190,360
209000007,315,293,22
209000010,478,175,303
209000011,246,295,-49
209000012,318,212,106
209000013,435,364,71
209000014,693,1275,-582
209000025,314,65,249
209000026,656,179,477
209000027,504,1005,-501
209000028,525,843,-318
209000029,698,825,-127
209000030,660,1601,-941
209000031,3118,2581,537
209000034,218,288,-70
209000035,166,172,-6
209000036,224,131,93
209000037,396,295,101
209000038,170,168,2
209000039,93,177,-84
209000040,262,650,-388
209000041,240,553,-313
209000042,238,450,-212
209000043,843,1017,-174
209000044,270,860,-590
209000045,1803,828,975
209000046,680,1225,-545
209000047,573,283,290
209000048,661,404,257
209000049,106,133,-27
209000050,283,216,67
209000051,384,446,-62
209000052,207,376,-169
209000062,54,102,-48
209000063,80,82,-2
209000064,47,100,-53
209000065,110,37,73
209000066,90,46,44
209000067,105,67,38
209000080,41,262,-221
209000082,98,26,72
209000091,31,124,-93
209000093,53,20,33
209000094,230,223,7
209000110,44,121,-77
209000111,588,1737,-1149
209000112,924,1440,-516
209000113,1714,1214,500
209000114,745,593,152
209000115,81,183,-102
209000116,828,458,370
209000118,20,45,-25
209000119,39,7,32
209000121,194,597,-403
209000135,116,221,-105
209000142,822,1495,-673
209000143,114,97,17
209000144,45,139,-94
209000229,329,312,17
209000240,25,392,-367
209000259,119,163,-44
209000260,59,1245,-1186
209000261,4,610,-606
209000262,2,531,-529
209000263,0,170,-170
209000264,0,116,-116
209000265,1431,8,1423
209000266,612,5,607
209000267,1028,19,1009
209000268,754,70,684
210000037,69,40,29
210000047,99,41,58
210000048,133,44,89
210000049,71,19,52
210000052,76,98,-22
210000053,47,64,-17
210000054,53,57,-4
210000070,176,2,174
210000071,148,0,148
210000072,71,1,70
210000073,0,28,-28
210000074,1,107,-106
210000075,7,112,-105
210000076,15,167,-152
210000077,12,38,-26
210000078,32,30,2
210000079,28,17,11
210000080,133,52,81
210000081,216,22,194
210000082,216,8,208
210000083,76,4,72
210000084,48,2,46
210000085,1,84,-83
210000086,2,150,-148
210000099,38,264,-226
210000100,35,191,-156
210000101,89,170,-81
210000105,50,208,-158
210000159,1,189,-188
210000163,202,217,-15
210000164,268,205,63
210000168,179,48,131
210000187,0,10,-10
210000188,1,20,-19
210000214,95,0,95
210000219,38,47,-9
210000220,68,52,16
210000232,9,15,-6
210000233,41,60,-19
210000234,36,109,-73
210000235,66,91,-25
210000245,0,28,-28
210000246,56,11,45
210000258,8,138,-130
210000259,385,82,303
210000282,130,266,-136
210000285,4,142,-138
210000286,23,178,-155
210000290,5,22,-17
210000295,54,128,-74
210000296,37,50,-13
210000320,158,78,80
210000321,157,64,93
210000338,69,81,-12
210000339,414,1231,-817
210000340,114,377,-263
210000341,231,245,-14
210000342,215,196,19
210000343,163,183,-20
210000344,279,121,158
210000345,195,226,-31
210000346,60,116,-56
210000347,86,37,49
210000348,136,20,116
210000349,59,23,36
210000350,131,68,63
210000351,154,116,38
210000352,67,65,2
210000353,40,96,-56
210000354,70,87,-17
210000355,66,88,-22
210000356,56,55,1
210000357,71,41,30
210000358,299,146,153
210000359,80,81,-1
210000360,187,122,65
210000361,238,187,51
210000362,270,219,51
210000363,983,225,758
210000364,143,162,-19
210000365,129,97,32
210000366,103,58,45
210000367,122,57,65
210000368,153,69,84
210000369,14,16,-2
210000370,48,37,11
210000372,26,19,7
210000373,21,16,5
210000374,54,21,33
210000375,35,89,-54
210000376,77,139,-62
210000404,85,123,-38
210000439,26,48,-22
210000472,115,6,109
210000482,64,121,-57
210000564,514,298,216
210000567,0,46,-46
210000568,377,3,374
211000092,50,92,-42
211000094,33,22,11
211000169,240,14,226
211000172,18,281,-263
211000209,1,17,-16
211000226,25,56,-31
211000270,28,20,8
211000275,32,26,6
211000276,107,34,73
211000279,23,41,-18
211000281,45,37,8
211507980,0,49,-49
211977296,46,6,40
212000003,140,45,95
212000004,48,37,11
212000005,19,16,3
212000006,25,52,-27
212000008,220,219,1
212000009,30,143,-113
212000012,112,76,36
212000013,32,45,-13
212000014,301,178,123
212000015,264,229,35
212000016,439,605,-166
212000027,583,572,11
212000028,352,531,-179
212000029,221,314,-93
212000030,82,31,51
212000031,44,68,-24
212000048,29,161,-132
212000049,10,130,-120
212000050,39,11,28
212000051,196,219,-23
212000052,162,329,-167
212000053,397,687,-290
212000054,226,140,86
212000055,244,251,-7
212000056,24,55,-31
212000057,20,39,-19
212000058,297,37,260
212000070,111,246,-135
212000077,152,757,-605
212000099,261,274,-13
212000108,187,178,9
212000111,198,162,36
212000120,103,81,22
212000138,162,35,127
212000156,9,146,-137
212000158,11,24,-13
212000159,482,57,425
212000160,645,268,377
212000161,67,14,53
212000310,52,21,31
212000311,29,79,-50
212000374,42,18,24
213000001,48,467,-419
213000005,478,171,307
213000006,1307,418,889
213000007,199,12,187
213000009,941,611,330
213000010,215,367,-152
213000011,197,142,55
213000012,183,469,-286
213000014,82,15,67
213000015,293,7,286
213000016,808,1,807
213000017,122,0,122
213000018,5,187,-182
213000019,3,201,-198
213000020,99,480,-381
213000021,5,150,-145
213000023,396,203,193
213000033,384,2084,-1700
213000034,1026,382,644
213000035,146,306,-160
213000045,182,262,-80
213000046,259,197,62
213000047,776,1528,-752
213000056,283,46,237
213000069,108,8,100
213000073,1,39,-38
213000074,94,381,-287
213000075,578,14,564
213000076,60,2,58
213000085,9,38,-29
213000086,11,195,-184
213000091,202,25,177
213000092,110,21,89
213000099,206,1356,-1150
213000100,1445,282,1163
213000101,488,187,301
213000102,564,344,220
213000103,1040,965,75
213000104,104,430,-326
213000105,3,221,-218
213000106,101,152,-51
213000107,204,704,-500
213000108,40,626,-586
213000109,20,305,-285
213000110,17,115,-98
213000111,15,79,-64
213000112,203,121,82
213000115,84,9,75
213000116,44,492,-448
213000117,12,733,-721
213000118,457,258,199
213000119,59,724,-665
213000120,163,611,-448
213000122,217,735,-518
213000123,546,1661,-1115
213000124,126,1841,-1715
213000125,162,12,150
213000126,88,150,-62
213000127,143,315,-172
213000128,665,1327,-662
213000129,432,736,-304
213000130,565,346,219
213000132,419,108,311
213000133,553,143,410
213000134,903,43,860
213000136,560,33,527
213000137,782,82,700
213000139,329,23,306
213000147,70,5,65
213000148,17,10,7
213000149,65,7,58
213000150,0,146,-146
213000151,4,107,-103
213000152,4,101,-97
213000153,2,90,-88
213000154,72,314,-242
213000155,52,278,-226
213000156,162,717,-555
213000157,707,529,178
213000158,400,1145,-745
213000159,676,702,-26
213000163,871,143,728
213000165,1047,373,674
213000171,1,134,-133
213000172,3,389,-386
213000173,2,314,-312
213000174,11,212,-201
213000175,12,131,-119
213000176,39,26,13
213000177,63,5,58
213000178,194,2,192
213000179,227,2,225
213000180,200,0,200
213000184,194,584,-390
213000188,423,134,289
213000189,436,40,396
213000190,1167,1057,110
213000191,349,547,-198
213000192,294,490,-196
213000193,964,359,605
213000194,1,78,-77
213000195,23,508,-485
213000196,316,1565,-1249
213000197,513,689,-176
213000198,79,5,74
213000200,171,1119,-948
213000201,115,38,77
213000202,3,634,-631
213000203,4067,824,3243
213000204,809,88,721
213000205,405,122,283
213000206,642,88,554
213000207,156,10,146
213000208,118,2,116
213000209,163,4,159
213000210,533,0,533
213000211,14,49,-35
213000212,13,16,-3
213000213,22,61,-39
213000218,270,775,-505
213000219,590,33,557
213000220,463,24,439
213000223,247,276,-29
213000224,69,51,18
213000225,221,5,216
213000226,71,15,56
213000227,954,220,734
213000228,511,85,426
213000229,490,43,447
213000230,373,25,348
213000232,100,1040,-940
213000233,10,276,-266
213000234,6,56,-50
213000293,9,87,-78
213000294,174,18,156
213000295,56,80,-24
213000296,38,27,11
213000297,9,115,-106
213000298,55,108,-53
213000299,76,69,7
213000300,35,10,25
213000303,9,41,-32
213000304,13,13,0
213000305,11,17,-6
213000306,65,44,21
213000307,209,103,106
213000308,218,264,-46
213000309,170,66,104
213000310,738,228,510
213000311,420,885,-465
213000315,88,147,-59
213000316,144,68,76
213000322,143,189,-46
213000323,109,74,35
213000324,57,50,7
213000325,57,115,-58
213000326,36,22,14
213000327,50,73,-23
213000328,46,186,-140
213000329,115,40,75
213000340,165,717,-552
213000341,594,119,475
213000346,339,308,31
213000347,909,617,292
213000348,38,142,-104
213000349,72,21,51
213000350,397,1361,-964
213000366,87,364,-277
213000367,282,33,249
213000379,255,52,203
213000386,20,381,-361
213000406,110,460,-350
213000417,1363,572,791
213000425,188,34,154
213000426,153,69,84
213000427,68,234,-166
213000428,66,193,-127
213000429,45,2,43
213000430,149,934,-785
213000431,245,7,238
213000432,4,100,-96
213000433,20,189,-169
213000434,78,131,-53
213000435,129,86,43
213000436,34,69,-35
213000437,3,23,-20
213000438,220,73,147
213000439,36,16,20
213000440,10,420,-410
213000441,0,1,-1
213000442,1,37,-36
213000443,600,444,156
213000444,43,65,-22
213000445,1,83,-82
213000446,0,135,-135
213000447,4,44,-40
213000448,13,164,-151
213000449,429,5,424
213000450,25,48,-23
213000451,299,87,212
213000452,22,25,-3
213000453,45,339,-294
213000455,679,4,675
213000456,0,459,-459
213000481,19,5,14
213000482,128,0,128
213000489,560,70,490
213000491,1,186,-185
213000492,254,2,252
213000493,0,92,-92
213000494,288,174,114
213000495,2,117,-115
213000496,486,213,273
213000497,81,354,-273
213000498,147,244,-97
213000499,231,635,-404
213000500,553,110,443
213000501,130,45,85
213000502,267,207,60
213000503,0,76,-76
213000504,19,154,-135
213000505,0,5,-5
213000506,0,14,-14
213000507,1,171,-170
213900016,0,9,-9
213900244,34,0,34
213900245,0,38,-38
218000003,20,31,-11
218000004,46,35,11
218000005,304,55,249
218000006,61,27,34
218000007,16,17,-1
218000012,190,199,-9
218000013,153,175,-22
218000014,439,469,-30
218000019,1038,778,260
218000020,274,427,-153
218000021,27,47,-20
218000022,8,26,-18
218000023,1,17,-16
218000024,1,10,-9
218000025,5,20,-15
218000026,5,25,-20
218000027,0,9,-9
218000028,2,8,-6
218000029,8,2,6
218000030,14,32,-18
218000031,5,21,-16
218000032,4,15,-11
218000040,6,5,1
218000046,39,90,-51
218000047,10,118,-108
218000048,56,112,-56
218000049,102,95,7
218000050,366,218,148
218000051,88,230,-142
218000052,0,101,-101
218000053,3,10,-7
218000054,11,37,-26
218000055,7,16,-9
218000056,8,21,-13
218000057,2,22,-20
218000064,3,17,-14
218000065,71,132,-61
218000066,21,65,-44
218000067,42,111,-69
218000068,168,126,42
218000069,312,178,134
218000070,313,329,-16
218000071,188,236,-48
218000072,359,274,85
218000078,954,1086,-132
218000079,83,94,-11
218000080,159,90,69
218000081,452,282,170
218000082,79,106,-27
218000083,109,63,46
218000084,194,167,27
218000085,200,418,-218
218000086,89,185,-96
218000087,222,217,5
218000090,25,140,-115
218000091,1140,614,526
218000092,81,169,-88
218000093,87,81,6
218000094,536,775,-239
218000099,319,785,-466
218000100,261,416,-155
218000101,327,163,164
218000102,404,303,101
218000103,134,262,-128
218000104,95,62,33
218000105,19,19,0
218000106,13,18,-5
218000107,50,80,-30
218000108,4,47,-43
218000112,65,39,26
218000117,109,57,52
218000134,680,760,-80
218000135,38,114,-76
218000136,220,92,128
218000137,368,173,195
218000138,42,121,-79
218000139,266,405,-139
218000140,673,318,355
218000141,93,80,13
218000142,261,174,87
218000143,110,326,-216
218000144,53,71,-18
218000145,364,374,-10
218000146,97,266,-169
218000151,9,14,-5
218000152,111,71,40
218000153,11,4,7
218000154,13,0,13
218000155,12,1,11
218000156,69,9,60
218000157,26,14,12
218000158,10,5,5
218000159,7,4,3
218000160,4,1,3
218000161,24,11,13
218000162,41,5,36
218000163,7,1,6
218000164,32,5,27
218000165,77,18,59
218000170,9,45,-36
218000171,59,21,38
218000172,14,23,-9
218000173,104,13,91
218000174,12,9,3
218000176,172,37,135
218000177,271,194,77
218000178,78,189,-111
218000179,81,72,9
218000180,62,28,34
218000181,171,63,108
218000187,15,28,-13
218000188,40,48,-8
218000189,22,77,-55
218000190,10,24,-14
218000191,177,77,100
218000192,226,313,-87
218000193,432,449,-17
218000194,87,348,-261
218000195,152,85,67
218000196,334,362,-28
218000197,454,393,61
218000198,22,140,-118
218000199,48,58,-10
218000200,125,29,96
218000201,16,21,-5
218000202,85,266,-181
218000207,2,34,-32
218000208,44,34,10
218000211,40,5,35
218000212,4,9,-5
218000213,89,74,15
218000214,2,26,-24
218000215,23,47,-24
218000217,7,73,-66
218000218,210,51,159
218000219,39,27,12
218000220,137,462,-325
218000221,713,210,503
218000222,19,38,-19
218000223,36,238,-202
218000224,5,185,-180
218000225,123,26,97
218000226,99,63,36
218000230,4,3,1
218000232,62,70,-8
218000239,175,5,170
218000240,31,5,26
218000241,52,4,48
218000242,82,0,82
218000243,60,1,59
218000244,54,2,52
218000245,49,1,48
218000246,3,1,2
218000247,0,0,0
218000248,0,16,-16
218000249,1,1,0
218000250,2,10,-8
218000251,8,10,-2
218000252,0,23,-23
218000253,4,15,-11
218000254,1,13,-12
218000255,1,13,-12
218000256,9,59,-50
218000267,706,1227,-521
218000268,15,79,-64
218000269,4,7,-3
218000270,80,64,16
218000271,22,76,-54
218000273,30,2,28
218000274,10,15,-5
218000275,26,48,-22
218000276,9,54,-45
218000278,21,35,-14
218000279,108,90,18
218000280,4,37,-33
218000281,31,15,16
218000282,541,433,108
218000284,71,15,56
218000301,126,146,-20
218000302,159,67,92
218000303,42,41,1
218000316,862,1224,-362
218000317,1166,1313,-147
218000318,779,1014,-235
218000319,1133,1335,-202
218000320,812,829,-17
218000338,56,42,14
218000345,104,79,25
218000346,49,153,-104
218000459,39,217,-178
218000490,37,63,-26
218000501,106,162,-56
218000502,37,93,-56
218000503,77,36,41
218000504,166,34,132
218000505,80,156,-76
218000506,41,325,-284
218000508,20,12,8
218000510,185,13,172
218000520,131,112,19
218000521,10,66,-56
218000522,2,183,-181
218000523,127,1,126
218000524,46,175,-129
218000525,117,16,101
218000526,44,179,-135
218000529,47,183,-136
218000530,25,5,20
218000531,23,40,-17
218000532,35,28,7
218000534,145,25,120
218000537,24,43,-19
218000538,243,289,-46
218000540,502,89,413
218000543,136,57,79
218000544,61,94,-33
218000545,55,65,-10
218000546,43,83,-40
218000547,93,160,-67
218000548,229,138,91
218000549,580,591,-11
218000550,299,403,-104
218000551,177,1176,-999
218000552,610,55,555
218000553,52,102,-50
218000554,46,24,22
218000555,40,48,-8
218000556,161,224,-63
218000557,302,136,166
218000558,69,2,67
218000559,0,38,-38
218000560,1,53,-52
218000561,48,0,48
218000562,53,206,-153
218000563,193,21,172
218000564,10,151,-141
218000565,232,36,196
218000566,641,28,613
218000567,3,75,-72
218000568,16,4,12
218000569,15,125,-110
218000570,160,4,156
218000571,21,130,-109
218000572,190,0,190
218000573,20,91,-71
218000574,129,34,95
218000575,135,0,135
218000576,0,96,-96
218000577,106,3,103
218000578,1,71,-70
218000579,106,41,65
218000581,6,73,-67
218000582,52,4,48
218000583,12,0,12
218000584,0,21,-21
218000585,38,8,30
218000586,10,59,-49
218000587,4,6,-2
218000588,5,5,0
218000589,0,1,-1
218000590,22,0,22
218000591,9,9,0
218000592,38,1,37
218000593,9,2,7
218000594,0,0,0
218000597,2,0,2
218000598,0,0,0
218000599,3,0,3
218000600,0,0,0
218000601,0,0,0
218000602,0,8,-8
218000603,0,3,-3
218000604,10,1,9
218000605,0,41,-41
218000606,82,0,82
218000607,11,42,-31
218000608,64,14,50
218000609,7,56,-49
218000610,53,6,47
218000611,39,3,36
218000612,2,21,-19
218000613,46,6,40
218000614,2,50,-48
218000615,207,1,206
218000616,3,153,-150
218000617,26,1,25
218000618,1,13,-12
218000619,69,40,29
218000620,19,18,1
218000621,0,1,-1
218000622,0,28,-28
218000623,123,3,120
218000624,5,18,-13
218000625,18,2,16
218000626,0,6,-6
218000628,180,50,130
218000631,59,29,30
218000632,2,126,-124
218000633,129,0,129
218000634,9,27,-18
218000635,19,11,8
218000636,890,1415,-525
218000637,1013,554,459
218000638,148,51,97
218000639,23,194,-171
218000640,353,34,319
218000641,111,400,-289
218000652,58,90,-32
218000653,140,60,80
218000663,10,200,-190
218000675,126,78,48
218000676,1,14,-13
218000677,13,3,10
218000680,253,470,-217
218000681,384,171,213
218000691,244,330,-86
218000693,260,213,47
218000703,11,30,-19
218000718,806,1426,-620
218000719,1548,895,653
218000720,26,136,-110
218000721,194,25,169
218000725,9,7,2
218001147,1,99,-98
218001214,26,91,-65
218001258,139,6,133
218001329,124,169,-45
218001330,113,80,33
218001351,21,20,1
218001352,12,19,-7
218001353,30,8,22
218001354,11,21,-10
218001355,6,277,-271
218001356,408,18,390
218001357,5,197,-192
218001358,273,10,263
218001361,243,4,239
218001362,2,136,-134
219000001,57,69,-12
219000002,48,41,7
219000003,58,36,22
219000004,40,35,5
219000017,104,39,65
219000020,146,245,-99
219000022,162,31,131
219000023,422,3,419
219000029,0,91,-91
219000034,42,30,12
219000039,115,125,-10
219000040,82,81,1
219000041,129,30,99
219000051,0,70,-70
219000052,0,38,-38
219000053,2,180,-178
219000054,46,113,-67
219000055,222,4,218
219000056,7,0,7
219000057,85,0,85
219000062,21,97,-76
219000063,86,8,78
219000064,1,130,-129
219000110,653,61,592
219000111,143,49,94
219000112,180,54,126
219000113,161,199,-38
219000114,229,398,-169
219000116,122,62,60
219000117,182,52,130
219000118,607,44,563
219000123,272,94,178
219000124,157,67,90
219000125,8,14,-6
219000126,70,104,-34
219000127,0,6,-6
219000128,7,121,-114
219000129,22,112,-90
219000130,484,540,-56
219000131,648,916,-268
219000133,82,31,51
219000134,13,13,0
219000135,50,50,0
219000136,100,212,-112
219000138,91,18,73
219000139,45,57,-12
219000140,61,2,59
219000141,28,124,-96
219000142,19,101,-82
219000143,27,90,-63
219000145,27,57,-30
219000146,5,19,-14
219000147,14,36,-22
219000148,4,37,-33
219000149,14,66,-52
219000150,6,63,-57
219000151,0,29,-29
219000157,256,240,16
219000158,374,289,85
219000161,119,6,113
219000163,1999,807,1192
219000166,448,223,225
219000167,249,202,47
219000168,329,135,194
219000174,412,154,258
219000175,85,3,82
219000176,119,13,106
219000177,66,3,63
219000178,57,8,49
219000179,13,8,5
219000180,51,59,-8
219000182,193,38,155
219000183,115,52,63
219000184,176,8,168
219000185,2,56,-54
219000186,54,42,12
219000187,57,79,-22
219000189,124,186,-62
219000190,142,265,-123
219000191,1142,1280,-138
219000192,204,118,86
219000193,284,177,107
219000195,1,79,-78
219000196,8,164,-156
219000198,24,154,-130
219000199,72,236,-164
219000200,78,245,-167
219000201,102,302,-200
219000203,50,170,-120
219000204,193,227,-34
219000205,82,179,-97
219000207,137,322,-185
219000209,34,73,-39
219000210,69,87,-18
219000213,10,160,-150
219000239,325,374,-49
219000240,287,478,-191
219000241,182,189,-7
219000242,119,191,-72
219000243,119,235,-116
219000244,17,108,-91
219000245,43,41,2
219000246,36,33,3
219000247,144,41,103
219000248,618,369,249
219000249,172,137,35
219000250,144,139,5
219000251,610,283,327
219000252,282,202,80
219000253,613,117,496
219000255,151,127,24
219000256,466,113,353
219000257,133,1,132
219000262,280,128,152
219000263,94,175,-81
219000267,7,101,-94
219000268,5,5,0
219000269,4,1,3
219000270,15,0,15
219000271,114,4,110
219000278,16,4,12
219000279,19,4,15
219000283,0,20,-20
219000295,23,104,-81
219000296,85,505,-420
219000297,17,142,-125
219000298,23,154,-131
219000299,437,75,362
219000300,20,215,-195
219000301,244,464,-220
219000302,41,358,-317
219000307,94,44,50
219000308,54,66,-12
219000311,291,74,217
219000312,680,160,520
219000313,401,64,337
219000314,51,417,-366
219000315,300,88,212
219000316,595,81,514
219000317,113,37,76
219000320,0,90,-90
219000321,0,26,-26
219000323,10,65,-55
219000325,3,11,-8
219000326,68,68,0
219000327,70,44,26
219000328,34,74,-40
219000329,400,159,241
219000330,52,40,12
219000331,76,54,22
219000332,120,120,0
219000333,16,7,9
219000335,59,2,57
219000337,19,1,18
219000338,96,1,95
219000344,59,60,-1
219000345,46,98,-52
219000346,45,127,-82
219000348,163,123,40
219000349,56,209,-153
219000350,198,314,-116
219000351,8,9,-1
219000352,629,199,430
219000353,132,66,66
219000354,198,89,109
219000355,179,72,107
219000356,1523,1522,1
219000363,306,77,229
219000364,103,40,63
219000365,158,19,139
219000366,277,306,-29
219000368,477,796,-319
219000370,1280,550,730
219000371,17,38,-21
219000382,36,21,15
219000383,784,1101,-317
219000385,571,450,121
219000386,751,1729,-978
219000387,6,7,-1
219000390,8,1,7
219000391,2,0,2
219000397,66,72,-6
219000398,80,89,-9
219000401,13,136,-123
219000402,57,118,-61
219000403,211,429,-218
219000404,34,168,-134
219000407,3,44,-41
219000409,37,75,-38
219000410,103,80,23
219000411,63,22,41
219000446,171,365,-194
219000447,1,24,-23
219000448,30,3,27
219000452,197,87,110
219000453,103,149,-46
219000454,260,332,-72
219000556,274,107,167
219000558,488,191,297
219000590,44,152,-108
219000591,95,85,10
219000592,132,381,-249
219000595,9,22,-13
219000635,280,60,220
219000636,37,69,-32
219000657,87,47,40
219000658,71,129,-58
219000673,0,49,-49
219000676,113,14,99
219000679,52,14,38
219000684,76,3,73
219000685,1,70,-69
219000686,2,2,0
219000688,0,65,-65
219000689,29,285,-256
219000690,175,22,153
219000691,75,249,-174
219000692,211,52,159
219000693,0,26,-26
219000694,8,0,8
219000695,26,2,24
219000698,24,1,23
219000699,1,28,-27
219000727,3,91,-88
219000728,118,1,117
219000770,59,4,55
219000771,0,44,-44
219000788,592,242,350
219001150,2,40,-38
219001151,0,2,-2
219001166,28,29,-1
219001167,2,115,-113
219001178,65,0,65
220000001,82,57,25
220000002,17,148,-131
220000003,429,312,117
220000004,785,622,163
220000005,2000,2610,-610
220000006,322,1116,-794
220000007,455,593,-138
220000008,377,978,-601
220000009,319,466,-147
220000010,359,116,243
220000011,677,3429,-2752
220000012,140,388,-248
220000014,132,64,68
220000015,86,221,-135
220000017,37,279,-242
220000018,4887,2318,2569
220000019,85,317,-232
220000020,407,382,25
220000021,786,255,531
220000022,780,519,261
220000023,453,219,234
220000024,2375,396,1979
220000025,1249,1365,-116
220000026,334,379,-45
220000027,51,129,-78
220000028,49,54,-5
220000029,96,185,-89
220000030,123,92,31
220000031,530,361,169
220000064,19,1114,-1095
221000046,10,1,9
221000047,0,4,-4
221000048,0,0,0
221000049,0,10,-10
221000050,55,1,54
221000055,41,44,-3
221000057,59,14,45
221000068,339,149,190
221000069,349,61,288
221000070,222,31,191
221000071,112,14,98
221000072,235,15,220
221000073,244,46,198
221000074,0,14,-14
221000075,17,22,-5
221000076,10,32,-22
221000077,29,114,-85
221000081,41,12,29
221000082,60,9,51
221000083,26,3,23
221000084,4,1,3
221000085,59,81,-22
221000086,20,128,-108
221000087,3,158,-155
221000088,14,157,-143
221000089,42,279,-237
221000090,124,499,-375
221000098,112,27,85
221000099,172,14,158
221000100,96,5,91
221000101,201,39,162
221000102,117,32,85
221000109,3,102,-99
221000110,18,125,-107
221000111,27,189,-162
221000112,6,145,-139
221000113,13,159,-146
221000114,11,161,-150
221000120,34,33,1
221000121,5,32,-27
221000122,77,33,44
221000123,6,16,-10
221000124,49,217,-168
221000155,84,9,75
221000156,47,24,23
221000175,1,5,-4
221000176,4,5,-1
221000182,61,18,43
221000241,749,349,400
221000242,214,514,-300
221000243,608,198,410
221000244,339,576,-237
221000245,89,90,-1
221000246,44,245,-201
221000247,80,130,-50
221000248,103,124,-21
221000267,48,673,-625
221000325,173,60,113
221000331,9,84,-75
221000338,27,25,2
221000378,187,20,167
221000381,47,71,-24
222000282,12,0,12
222000296,4,21,-17
222000568,328,22,306
222000569,186,62,124
222000570,134,17,117
222000571,263,47,216
222000577,23,171,-148
222000578,53,174,-121
222000579,45,179,-134
222000580,104,1091,-987
222000599,1,146,-145
222000600,3,384,-381
222000601,6,1038,-1032
222000603,19,41,-22
222000604,7,42,-35
222000605,14,25,-11
222000606,1,12,-11
222000607,4,4,0
222000608,19,10,9
222000609,89,311,-222
222000616,314,44,270
222000617,14,39,-25
222000618,5,7,-2
222000620,35,15,20
222000621,94,9,85
222000623,657,7,650
222000624,327,5,322
222000625,569,61,508
222000636,54,4,50
222000686,22,22,0
222000687,41,29,12
222001066,307,3,304
222001067,13,5,8
222001068,34,27,7
222001069,40,49,-9
222001082,15,35,-20
222001083,26,62,-36
222001084,0,52,-52
222001085,2,192,-190
222001111,47,163,-116
222001112,100,53,47
222001313,53,9,44
222001314,17,125,-108
222001464,74,69,5
222001465,23,83,-60
222001484,137,97,40
222001485,20,54,-34
222001494,567,171,396
222001495,266,299,-33
222001496,373,145,228
222001497,226,487,-261
222001502,25,139,-114
222001503,127,36,91
222001504,11,385,-374
222001505,368,33,335
222001506,36,626,-590
222001507,340,39,301
222001510,367,51,316
222001511,53,388,-335
222001514,661,303,358
222001515,277,645,-368
222001518,279,101,178
222001519,74,276,-202
222001527,248,87,161
222001528,80,170,-90
222001529,240,76,164
222001530,49,225,-176
222001533,484,359,125
222001534,442,74,368
222001535,220,258,-38
222001536,153,293,-140
222001537,424,76,348
222001538,96,496,-400
222001563,664,109,555
222001564,126,638,-512
222001568,431,123,308
222001576,1,4,-3
222001579,4,10,-6
222001583,10,188,-178
222001584,136,18,118
222001596,1063,1249,-186
222001597,2711,360,2351
222001626,0,191,-191
222001650,408,138,270
222001651,322,149,173
222001914,231,120,111
222001915,119,255,-136
222001968,481,232,249
222001969,549,884,-335
222001970,166,219,-53
222001971,26,26,0
222001972,3,45,-42
225000001,447,181,266
225000002,583,156,427
225000003,841,86,755
225000004,429,231,198
225000005,177,58,119
225000006,2,199,-197
225000007,1758,1288,470
225000010,357,12,345
225000011,346,892,-546
225000012,176,504,-328
225000013,111,127,-16
225000014,826,74,752
225000015,89,168,-79
225000021,787,166,621
225000027,212,561,-349
225000032,609,133,476
225000042,94,606,-512
225000049,70,62,8
225000050,85,16,69
225000053,8,336,-328
225000058,552,147,405
225000067,334,161,173
225000068,82,304,-222
225000069,131,488,-357
225000070,87,363,-276
225000071,19,155,-136
225000075,27,814,-787
225000076,63,155,-92
225000078,65,56,9
225000085,83,143,-60
225000086,246,78,168
225000087,169,34,135
225000088,10,234,-224
225000089,266,990,-724
225000090,78,445,-367
225000091,217,168,49
225000092,267,67,200
225000093,416,295,121
225000094,41,333,-292
225000095,318,440,-122
225000096,372,599,-227
225000098,663,405,258
225000099,318,198,120
225000100,365,156,209
225000104,95,442,-347
225000110,13,362,-349
225000111,312,1081,-769
225000112,261,1085,-824
225000113,249,532,-283
225000114,67,274,-207
225000115,1480,661,819
225000116,1197,195,1002
225000117,740,248,492
225000118,1006,225,781
225000119,238,80,158
225000120,835,45,790
225000121,280,25,255
225000123,477,16,461
225000125,342,204,138
225000126,772,158,614
225000127,693,1102,-409
225000128,419,735,-316
225000132,311,43,268
225000133,235,54,181
225000134,675,169,506
225000135,56,10,46
225000136,251,17,234
225000137,250,62,188
225000138,352,57,295
225000143,71,397,-326
225000144,3,408,-405
225000145,74,43,31
225000146,62,104,-42
225000147,23,313,-290
225000148,10,273,-263
225000149,62,509,-447
225000151,31,241,-210
225000155,421,522,-101
225000156,196,884,-688
225000157,247,436,-189
225000158,83,334,-251
225000171,0,193,-193
225000180,28,2,26
225000181,1,70,-69
225000182,87,10,77
225000185,24,410,-386
225000187,154,368,-214
225000191,134,4,130
225000194,0,7,-7
225000208,1,51,-50
225000209,87,14,73
225000210,10,288,-278
225000217,0,37,-37
225000218,23,4,19
225000223,0,40,-40
225000224,59,1,58
225000225,0,22,-22
225000226,55,1,54
225000227,29,108,-79
225000228,29,19,10
225000229,0,59,-59
225000230,85,0,85
225000231,2,56,-54
225000232,116,0,116
225000241,70,2,68
225000242,0,57,-57
225000249,10,0,10
225000250,63,913,-850
225000251,330,32,298
225000254,3,2,1
225000256,6,24,-18
225000257,1,71,-70
226000042,372,519,-147
226000043,66,317,-251
226000044,128,595,-467
226000045,49,369,-320
226000046,432,108,324
226000047,391,78,313
226000048,412,90,322
226000049,293,155,138
226000070,0,36,-36
226000071,0,44,-44
226000072,0,13,-13
226000073,0,4,-4
226000074,0,4,-4
226000084,0,78,-78
226000085,2,14,-12
226000086,1,21,-20
226000087,2,22,-20
226000088,72,57,15
226000090,259,100,159
226000091,30,85,-55
226000092,2,19,-17
226000093,34,3,31
226000094,14,6,8
226000095,11,5,6
226000105,14,1,13
226000106,5,1,4
226000107,4,0,4
226000108,21,0,21
226000109,95,0,95
226000124,116,82,34
226000134,646,505,141
226000135,1873,545,1328
226000136,2444,399,2045
226000137,13,423,-410
226000138,7,201,-194
226000139,0,21,-21
226000156,164,3,161
226000157,205,6,199
226000163,104,136,-32
226000202,11,347,-336
226000231,426,13,413
226000232,62,10,52
227000033,340,62,278
227000036,291,47,244
227000037,331,37,294
227000038,227,27,200
227000084,4,82,-78
227000085,0,46,-46
227000088,46,1,45
227000089,133,1,132
227000090,52,2,50
227000091,27,7,20
227000092,62,5,57
227000093,160,1,159
227000094,18,0,18
227000130,50,85,-35
227000131,31,207,-176
227000132,19,219,-200
227000133,12,242,-230
227000134,14,405,-391
227000152,0,3,-3
227000153,0,78,-78
227000154,0,36,-36
227000155,0,15,-15
227000156,0,10,-10
227000165,8,16,-8
227000196,398,263,135
227000199,308,591,-283
227000230,26,436,-410
227000232,472,27,445
227000242,70,572,-502
227000243,505,88,417
227000245,9,348,-339
227000246,125,561,-436
227000247,372,60,312
227000248,161,39,122
227000249,28,223,-195
227000250,416,141,275
227000251,165,250,-85
227000252,35,380,-345
227000253,184,16,168
227000262,433,49,384
227000266,1186,24,1162
227000267,43,1594,-1551
227000282,12,204,-192
227000284,507,33,474
227000286,1,78,-77
227000287,11,145,-134
227000291,30,577,-547
227000296,255,213,42
227000484,366,35,331
227000485,20,904,-884
227000655,144,25,119
227000656,619,52,567
227000657,107,11,96
227000661,280,23,257
227000680,164,60,104
229000265,11,24,-13
229000296,7,18,-11
229000297,8,29,-21
229000298,4,158,-154
229000320,19,7,12
229000321,23,6,17
229000412,18,58,-40
229000414,6,35,-29
229000415,23,1,22
229000416,1,7,-6
229000417,2,20,-18
229000419,85,298,-213
229000440,360,52,308
229000442,34,1,33
229000443,5,2,3
229000444,1,11,-10
229000445,60,7,53
229000446,78,14,64
229000491,0,14,-14
229000492,5,92,-87
229000493,2,69,-67
229000494,55,5,50
229000495,116,3,113
229000496,51,6,45
229000507,0,43,-43
229000508,1,33,-32
229000509,1,51,-50
229000510,2,29,-27
229000511,5,47,-42
229000512,0,28,-28
229000513,0,4,-4
229000514,1,7,-6
229000517,2,9,-7
229000518,8,11,-3
229000519,0,8,-8
229000520,12,20,-8
229000521,49,14,35
229000522,6,12,-6
229000523,10,8,2
229000524,3,3,0
229000527,1,0,1
229000528,1,0,1
229000529,7,0,7
229000530,55,0,55
229000531,53,2,51
229000532,22,0,22
229000533,59,1,58
229000534,53,0,53
229000564,44,2,42
229000565,13,0,13
229000566,0,10,-10
229000567,1,40,-39
229000582,108,5,103
229000583,6,2,4
229000584,1,36,-35
229000585,2,65,-63
229000718,0,4,-4
229000719,0,2,-2
229000720,0,8,-8
229000721,0,7,-7
229000722,0,14,-14
229000723,0,8,-8
229000724,0,1,-1
229000725,0,9,-9
229000738,0,0,0
229000739,5,0,5
229000740,1,0,1
229000741,16,0,16
229000742,1,0,1
229000743,26,0,26
229000744,2,0,2
229000745,2,0,2
229000746,18,0,18
229000847,46,0,46
229000848,12,0,12
229000849,82,2,80
229000851,24,0,24
229000854,0,27,-27
229000856,0,99,-99
229000857,0,35,-35
229000858,0,53,-53
229000919,19,115,-96
229000930,2,276,-274
229000937,62,46,16
229000966,54,30,24
229000981,25,25,0
229000985,18,39,-21
229000986,0,9,-9
229000987,0,0,0
229000988,0,7,-7
229000989,8,7,1
229000990,1,4,-3
229000991,6,2,4
229000992,11,16,-5
229000993,149,26,123
229000998,6,82,-76
229000999,80,22,58
229001034,0,20,-20
229001035,5,3,2
229001037,49,13,36
229001042,14,27,-13
229001047,7,53,-46
229001050,37,39,-2
229001168,0,31,-31
229001200,14,2,12
229001338,4,28,-24
229001394,235,5,230
229001422,103,19,84
229001423,25,164,-139
229001431,47,72,-25
229001432,52,101,-49
229001444,168,34,134
229001445,40,136,-96
229001479,22,1,21
229001503,148,94,54
229001504,179,202,-23
229001505,73,50,23
229001506,92,143,-51
229001509,46,27,19
229001545,75,5,70
229001546,20,122,-102
229001553,100,24,76
229001554,137,144,-7
229001559,2,12,-10
229001560,7,37,-30
229001630,72,8,64
229001631,15,34,-19
229001635,1,4,-3
229001636,10,0,10
229001658,1,178,-177
229001659,66,9,57
229001660,10,2,8
229001661,10,25,-15
229001662,27,0,27
229001663,0,9,-9
229002584,209,169,40
229002831,178,129,49
229002841,10,16,-6
229002842,11,24,-13
229002843,59,12,47
229002844,47,54,-7
229002845,4,84,-80
229002846,16,31,-15
229002847,4,12,-8
229002848,13,16,-3
229002849,2,66,-64
229002850,13,1,12
229002851,29,115,-86
229002852,173,38,135
229002853,110,37,73
229002854,24,53,-29
229002855,6,17,-11
229002856,93,25,68
229002857,6,66,-60
229002858,16,12,4
229002859,19,44,-25
229002860,173,12,161
229002861,116,23,93
229002862,55,35,20
229002863,29,16,13
229002864,26,27,-1
229002865,11,7,4
229002866,17,18,-1
229002867,2,14,-12
229002868,24,13,11
229002869,24,126,-102
229002870,77,10,67
235000066,580,77,503
235000067,269,115,154
235000072,15,109,-94
235000073,94,375,-281
235000074,39,90,-51
235000080,28,99,-71
235000081,135,146,-11
235000082,126,114,12
235000083,237,140,97
235000084,53,74,-21
235000085,163,87,76
235000089,68,28,40
235000092,46,177,-131
235000093,9,9,0
235000097,6,9,-3
235000098,89,17,72
235000099,50,16,34
235000116,57,16,41
235000117,758,10,748
235000133,6,482,-476
235000134,6,187,-181
235000206,11,1,10
235000207,2,3,-1
235000208,6,2,4
235000209,3,1,2
235000210,7,1,6
235000212,4,17,-13
235000213,0,4,-4
235000220,1,1,0
235000221,92,19,73
235000238,18,84,-66
235000239,2,17,-15
235000242,281,541,-260
235000245,579,191,388
235000246,9,73,-64
235000284,45,92,-47
235000295,197,10,187
235000305,293,12,281
235000306,184,6,178
235000307,19,4,15
235000308,22,0,22
235000309,58,1,57
235000310,43,0,43
235000311,143,24,119
235000322,0,33,-33
235000323,0,68,-68
235000324,0,42,-42
235000325,2,11,-9
235000326,5,267,-262
235000351,3,62,-59
235000352,23,34,-11
235000353,6,29,-23
235000354,6,36,-30
235000355,7,42,-35
235000356,130,20,110
235000357,28,9,19
235000358,131,9,122
235000359,24,7,17
235000360,79,43,36
235000361,59,28,31
235000381,98,182,-84
235000382,154,67,87
235000390,12,2,10
235000391,219,22,197
235000392,154,252,-98
235000393,154,153,1
235000395,126,46,80
235000396,420,106,314
235000400,82,70,12
235000401,25,138,-113
235000405,110,328,-218
235000406,73,302,-229
235000407,255,94,161
235000409,210,153,57
235000410,41,273,-232
235000411,1,81,-80
235000485,0,8,-8
235000486,9,0,9
235000549,185,139,46
235000550,136,215,-79
235000599,116,60,56
235000600,8,13,-5
235000601,20,31,-11
235000602,140,87,53
235000614,0,7,-7
235000648,1,14,-13
235000649,70,68,2
235000685,2,6,-4
235000815,11,23,-12
235000834,0,11,-11
235000855,111,68,43
235000862,26,140,-114
235000891,0,10,-10
235000892,94,63,31
235000901,214,113,101
235000907,3,9,-6
235001010,92,82,10
235001029,530,527,3
235001030,403,340,63
235001078,74,88,-14
235001079,77,85,-8
235001147,4,54,-50
235001166,12,71,-59
235001167,29,70,-41
235001169,23,303,-280
235001188,1,16,-15
235001189,3,0,3
235001197,16,13,3
235001200,45,57,-12
235001207,143,39,104
235001210,16,111,-95
235001215,33,102,-69
235001239,2,39,-37
235001244,0,3,-3
235016267,0,42,-42
277101746,0,3,-3
277102712,10,0,10
277103813,0,0,0
277103814,0,0,0
277103898,0,3,-3
277104249,0,3,-3
277104250,0,10,-10
277104251,0,8,-8
277104252,0,5,-5
990011530,0,215,-215
990014944,2,640,-638
990015176,17,12,5
990015618,1,210,-209
990016032,0,277,-277
990032570,3,64,-61
990070001,49,6,43
990070103,0,6,-6
990070601,0,47,-47
990070751,845,9,836
990070766,0,460,-460
990071180,560,200,360
990071343,33,0,33
990071387,1,16,-15
990071823,650,8,642
990072600,8,945,-937
990072964,1,486,-485
990073285,0,6,-6
990074393,5,987,-982
990074870,1447,43,1404
990075106,1748,23,1725
990075746,500,10,490
990076437,1182,8,1174
990076458,0,803,-803
997000007,444,7,437
997000041,1,219,-218
997000058,72,0,72
997000062,69,3,66
997000069,0,5,-5
997000070,0,38,-38
997000100,35,0,35
997000141,9,2550,-2541
997000198,89,1403,-1314
998000475,2,27,-25
998000736,0,175,-175
998000965,0,9,-9
998001031,0,65,-65
998001700,0,15,-15
998001899,0,1,-1
998001900,7,2,5
998003073,1977,23,1954
998101900,0,0,0
998102850,3,249,-246
998501927,1331,616,715
998501929,100,3,97
998501930,59,2,57
998501931,542,8,534
998501932,7,0,7
998501933,64,1,63
998501937,21,1,20
998501944,3,0,3
998501950,0,0,0
998501970,101,3,98
998501971,1,80,-79
998501973,0,66,-66
998501974,5,328,-323
998501975,99,1,98
998501976,213,1,212
998501977,0,18,-18
998501978,15,1,14
998501979,0,8,-8
998501980,145,26,119
998501981,31,3,28
998501982,0,134,-134
998501983,0,0,0
998502006,0,0,0
998502024,0,4,-4
998502032,0,4,-4
998502062,23,4,19
998502063,0,0,0
998502173,35,0,35
998502269,0,3,-3
998502546,1,195,-194
998601159,3,136,-133
998601292,0,33,-33
999033574,1,488,-487
999800001,54,2,52
999800002,0,3,-3
999800003,0,1,-1
999800004,0,4,-4
999800005,1,5,-4
