ID,insum,outsum,diff
100000001,784,1253,-469
100000002,3228,858,2370
100000003,7030,3453,3577
100000004,1868,1105,763
100000005,2055,4602,-2547
100000006,747,129,618
100000007,2056,667,1389
100000008,230,958,-728
100000009,448,200,248
100000010,61,53,8
100000011,663,69,594
100000012,130,1105,-975
100000013,42,297,-255
100000014,400,397,3
100000015,1918,1589,329
100000016,1328,2221,-893
100000017,1024,1553,-529
100000018,1962,727,1235
100000019,6603,2433,4170
100000020,2042,4621,-2579
100000021,8944,3649,5295
100000022,2337,1442,895
100000023,8574,1762,6812
100000025,4017,838,3179
100000028,2361,1235,1126
100000029,294,331,-37
100000030,700,95,605
100000031,7373,6787,586
100000032,2896,3760,-864
100000033,1030,2417,-1387
100000034,1129,378,751
100000035,2534,1324,1210
100000036,3555,1232,2323
100000037,523,539,-16
100000038,1579,1011,568
100000039,855,229,626
100000040,165,160,5
100000041,885,398,487
100000042,794,479,315
100000043,895,394,501
100000044,485,931,-446
100000045,599,2124,-1525
100000046,1077,2047,-970
100000047,481,1111,-630
100000048,633,769,-136
100000049,2290,3701,-1411
100000051,568,1504,-936
100000053,61,2,59
100000054,163,35,128
100000055,676,269,407
100000056,285,757,-472
100000057,1920,1140,780
100000058,967,1850,-883
100000059,4,167,-163
100000060,361,366,-5
100000061,2051,658,1393
100000062,1522,625,897
100000063,528,324,204
100000064,1201,422,779
100000065,399,1457,-1058
100000066,251,1334,-1083
100000067,510,1415,-905
100000068,650,2610,-1960
100000069,304,2684,-2380
100000072,582,1591,-1009
100000073,1584,1815,-231
100000075,633,419,214
100000076,3105,2169,936
100000077,953,177,776
100000078,108,53,55
100000079,108,81,27
100000080,14,35,-21
100000081,102,68,34
100000102,5224,1576,3648
100000103,4725,1274,3451
100000104,5773,2036,3737
100000105,4674,1393,3281
100000106,3772,1989,1783
100000107,1017,572,445
100000108,1355,1474,-119
100000109,5796,1688,4108
100000116,1886,1023,863
100000117,99,61,38
100000118,1800,1175,625
100000119,985,679,306
100000121,355,941,-586
100000122,2196,1292,904
100000123,4458,6944,-2486
100000124,7438,10264,-2826
100000125,3971,1450,2521
100000126,1021,394,627
100000127,2315,392,1923
100000128,1514,2231,-717
100000129,651,492,159
100000130,502,795,-293
100000131,3676,4488,-812
100000132,1789,3422,-1633
100000133,8887,4423,4464
100000135,660,948,-288
100000139,343,332,11
100000140,401,415,-14
100000142,472,681,-209
100000143,1084,794,290
100000144,6554,1278,5276
100000147,1337,2687,-1350
100000150,43,715,-672
100000151,1035,786,249
100000153,641,356,285
100000154,212,138,74
100000155,24,56,-32
100000156,141,127,14
100000157,36,358,-322
100000158,106,166,-60
100000159,608,607,1
100000165,1565,1019,546
100000169,939,545,394
100000174,2238,690,1548
100000179,104,850,-746
100000180,1761,1802,-41
100000181,166,408,-242
100000188,101,699,-598
100000189,745,329,416
100000190,835,597,238
100000191,769,486,283
100000192,111,133,-22
100000193,203,147,56
100000330,2539,851,1688
100000355,256,776,-520
100000362,6268,4675,1593
100000363,3040,4074,-1034
100000364,855,228,627
100000365,4554,9860,-5306
100000366,6627,3102,3525
100000367,4672,5203,-531
100000368,2424,2367,57
100000369,1349,1785,-436
100000370,342,519,-177
100000376,123,110,13
100000379,3880,1660,2220
100000380,5391,2684,2707
100000384,7698,4269,3429
100000385,7716,4889,2827
100000386,11740,5195,6545
100000387,9534,5612,3922
100000388,11139,7824,3315
100000389,11839,7029,4810
100000390,13063,5672,7391
100000391,9607,7338,2269
100000392,6715,2394,4321
100000393,3306,2650,656
100000394,10806,5721,5085
100000395,5888,2103,3785
100000396,7170,2556,4614
100000397,4365,2553,1812
100000398,14297,10298,3999
100900002,9,99,-90
100900003,314,124,190
100900004,42,1196,-1154
100900005,117,13,104
100900006,21,363,-342
100900007,664,4,660
100900008,8,574,-566
100900009,43,72,-29
100900010,63,241,-178
100900011,101,515,-414
100900012,1,402,-401
100900013,582,10,572
100900014,3,18,-15
100900015,160,173,-13
100900016,0,64,-64
100900017,1114,138,976
100900018,0,13,-13
100900019,34,139,-105
100900020,504,12,492
100900021,423,3,420
100900022,6,11,-5
100900023,1,32,-31
100900024,1067,7,1060
100900025,22,14,8
100900026,149,208,-59
100900027,646,3454,-2808
100900028,141,257,-116
100900029,114,23,91
100900030,2,42,-40
100900031,421,151,270
100900032,233,1,232
100900033,298,194,104
100900034,420,3,417
100900035,769,3,766
100900036,30,2,28
100900037,108,430,-322
100900038,131,24,107
100900039,383,1025,-642
100900040,376,1111,-735
100900041,506,1516,-1010
100900042,824,470,354
100900043,0,18,-18
100900044,4084,519,3565
100900045,89,2,87
100900046,1415,15,1400
100900047,1339,359,980
100900048,191,38,153
100900049,94,339,-245
100900050,1,29,-28
100900051,83,63,20
100900052,428,44,384
100900053,426,28,398
100900054,4,145,-141
100900055,259,560,-301
100900056,95,301,-206
100900057,1115,1177,-62
100900058,249,39,210
100900059,99,1,98
100900060,128,14,114
100900061,421,454,-33
100900062,2,119,-117
100900063,182,542,-360
100900064,757,21,736
100900065,128,77,51
100900066,92,149,-57
100900067,6,17,-11
100900068,84,207,-123
100900069,654,13,641
100900070,309,5,304
100900071,846,467,379
100900072,3,65,-62
100900073,108,768,-660
100900074,6,17,-11
100900075,3381,628,2753
100900076,94,135,-41
100900077,15,254,-239
100900078,76,395,-319
100900079,3,45,-42
100900080,14,230,-216
100900081,56,188,-132
100900082,100,1030,-930
100900083,21,74,-53
100900085,12,156,-144
100900086,191,810,-619
100900088,128,1189,-1061
100900089,3,27,-24
100900090,157,575,-418
100900091,1,23,-22
100900092,297,217,80
100900093,250,268,-18
100900094,140,1022,-882
100900095,4,49,-45
100900096,53,179,-126
100900097,0,9,-9
100900098,23,21,2
100900099,55,938,-883
100900100,34,510,-476
100900101,559,57,502
100900102,103,121,-18
100900103,10,7,3
100900104,18,312,-294
100900105,46,340,-294
100900106,99,12,87
100900107,2793,745,2048
100900108,5,29,-24
100900109,23,35,-12
100900110,11,80,-69
100900111,59,281,-222
100900112,2,5,-3
100900113,13,26,-13
100900114,3,15,-12
100900115,1,41,-40
100900116,915,915,0
100900117,385,950,-565
100900118,16,56,-40
100900119,4,31,-27
100900120,3,15,-12
100900121,347,645,-298
100900122,174,254,-80
100900123,78,146,-68
100900124,4,8,-4
100900125,32,143,-111
100900126,94,309,-215
100900127,0,6,-6
100900128,127,230,-103
100900129,1,150,-149
100900131,91,271,-180
100900133,66,64,2
100900134,1,12,-11
100900135,0,154,-154
100900137,516,244,272
100900138,599,558,41
100900139,8,11,-3
100900140,10,1155,-1145
100900141,7,603,-596
100900142,5,9,-4
100900143,1171,486,685
100900144,25,9,16
100900145,46,130,-84
100900146,0,25,-25
100900147,18,332,-314
100900148,46,1664,-1618
100900149,18,152,-134
100900150,6,30,-24
100900151,133,876,-743
100900152,149,3,146
100900153,14,210,-196
100900154,2,35,-33
100900155,8,15,-7
100900156,37,3,34
100900157,1,168,-167
100900158,1511,432,1079
100900159,2,22,-20
100900160,16,17,-1
100900161,195,3,192
100900162,31,307,-276
100900163,234,311,-77
100900164,43,43,0
100900165,20,71,-51
100900166,35,3,32
100900167,15,168,-153
100900168,53,200,-147
100900169,214,1343,-1129
100900170,37,18,19
100900171,34,950,-916
100900172,0,14,-14
100900173,11,1011,-1000
100900174,560,76,484
100900176,1866,224,1642
100900177,1276,525,751
100900178,491,250,241
100900179,137,142,-5
100900180,0,1,-1
100900181,123,59,64
100900182,53,30,23
100900184,7,230,-223
100900186,1273,829,444
100900187,3,228,-225
100900188,63,22,41
100900189,1185,255,930
100900191,1823,1089,734
100900192,474,278,196
100900195,151,190,-39
100900197,22,223,-201
100900198,27,597,-570
100900199,32,27,5
100900200,753,574,179
100900201,128,1489,-1361
100900202,17,2,15
100900203,0,97,-97
100900204,329,366,-37
100900205,167,483,-316
100900206,199,63,136
100900207,226,119,107
100900210,97,1620,-1523
100900211,464,143,321
100900213,45,32,13
100900214,1438,92,1346
100900215,14,56,-42
100900217,164,92,72
101000001,5611,2522,3089
101000002,5469,6176,-707
101000003,1061,2209,-1148
101000004,12961,9721,3240
101000005,6445,6480,-35
101000006,10671,9488,1183
101000007,3637,3825,-188
101000008,5990,3561,2429
101000009,2187,3107,-920
101000010,1246,2478,-1232
101000011,3296,1304,1992
101000012,2976,765,2211
101000013,764,1231,-467
101000014,837,1151,-314
101000015,983,940,43
101000016,892,481,411
101000017,908,813,95
101000018,5575,3711,1864
101000020,5574,1711,3863
101000021,2128,476,1652
101000022,667,125,542
101000023,2345,921,1424
101000025,280,576,-296
101000026,353,31,322
101000027,2624,1649,975
101000028,1206,171,1035
101000029,158,962,-804
101000030,1867,97,1770
101000031,875,476,399
101000032,8942,3036,5906
101000033,3784,2811,973
101000034,4058,1484,2574
101000035,1875,400,1475
101000036,2549,569,1980
101000037,6178,1795,4383
101000039,4557,2309,2248
101000040,6376,4581,1795
101000041,20052,6686,13366
101000042,1420,1065,355
101000043,13917,6479,7438
101000045,2537,712,1825
101000046,3266,874,2392
101000047,2230,1906,324
101000048,1351,1393,-42
101000049,1111,1571,-460
101000050,4733,2934,1799
101000051,3742,2309,1433
101000052,2126,837,1289
101000053,1747,1549,198
101000054,3037,1665,1372
101000055,2121,1625,496
101000056,137,137,0
101000057,3801,871,2930
101000058,2915,1294,1621
101000059,5431,2173,3258
101000060,2969,599,2370
101000061,1568,1376,192
101000062,1499,815,684
101000063,912,687,225
101000064,1931,569,1362
101000065,349,378,-29
101000066,740,341,399
101000067,1532,697,835
101000068,562,349,213
101000069,664,112,552
101000070,2276,1697,579
101000071,2913,1269,1644
101000072,1531,5113,-3582
101000073,1126,865,261
101000074,6685,5917,768
101000075,8455,5580,2875
101000077,1384,2565,-1181
101000078,1425,2804,-1379
101000079,538,1193,-655
101000080,672,637,35
101000081,1389,1990,-601
101000082,4903,4128,775
101000083,2600,2390,210
101000084,1853,1614,239
101000085,2100,1625,475
101000086,1647,1868,-221
101000087,1374,2008,-634
101000088,1433,1461,-28
101000089,1321,1849,-528
101000090,3440,2373,1067
101000091,584,2773,-2189
101000092,900,1491,-591
101000093,1990,1166,824
101000094,1059,2132,-1073
101000095,395,1231,-836
101000096,416,918,-502
101000097,1080,481,599
101000098,970,720,250
101000099,1362,1889,-527
101000100,1310,1019,291
101000101,708,545,163
101000102,1847,395,1452
101000103,1145,623,522
101000104,545,607,-62
101000105,1267,523,744
101000106,1532,881,651
101000107,216,474,-258
101000108,2525,573,1952
101000109,249,100,149
101000110,68,1346,-1278
101000111,137,291,-154
101000113,234,860,-626
101000114,5768,2433,3335
101000115,659,198,461
101000116,358,162,196
101000117,1824,284,1540
101000119,240,62,178
101000120,304,43,261
101000121,108,36,72
101000122,234,52,182
101000123,80,85,-5
101000124,223,284,-61
101000125,214,703,-489
101000128,1409,393,1016
101000130,412,500,-88
101000131,695,1080,-385
101000132,675,2757,-2082
101000135,117,26,91
101000136,421,120,301
101000137,32,339,-307
101000141,2889,2654,235
101000147,978,747,231
101000148,2363,42,2321
101000149,256,275,-19
101000150,89,1849,-1760
101000151,155,127,28
101000152,471,471,0
101000153,803,723,80
101000154,239,3186,-2947
101000155,226,290,-64
101000156,31,332,-301
101000157,77,50,27
101000160,118,63,55
101000163,252,144,108
101000164,553,630,-77
101000165,339,554,-215
101000166,432,617,-185
101000168,888,518,370
101000252,1734,1244,490
101000254,744,57,687
101000258,75,18,57
101000261,71,409,-338
101000262,1273,1269,4
101000263,461,1420,-959
101000265,98,656,-558
101000266,498,491,7
101000269,189,6,183
101000290,2862,2705,157
101000293,62,92,-30
101000294,869,756,113
101000295,186,784,-598
101000301,1140,403,737
101000304,2847,3161,-314
101000305,3169,2195,974
101900001,13,129,-116
101900002,0,36,-36
101900003,115,122,-7
101900004,8,54,-46
101900005,8881,2099,6782
101900006,1257,80,1177
101900007,836,100,736
101900008,256,380,-124
101900009,114,571,-457
101900010,1450,889,561
101900011,525,1770,-1245
101900012,184,533,-349
101900013,1899,254,1645
101900017,32,164,-132
101900018,2603,284,2319
101900019,342,148,194
101900020,776,465,311
101900021,0,97,-97
101900022,170,2315,-2145
101900023,155,353,-198
102000001,3622,5115,-1493
102000002,4045,1950,2095
102000003,4923,7467,-2544
102000004,12032,4444,7588
102000005,2004,2945,-941
102000006,2316,2600,-284
102000007,1940,5648,-3708
102000008,7297,2791,4506
102000009,6300,10033,-3733
102000010,7078,5608,1470
102000011,3217,2775,442
102000012,4705,4722,-17
102000018,5313,3730,1583
102000019,3859,2521,1338
102000026,355,1264,-909
102000029,515,330,185
102000030,139,489,-350
102000031,58,316,-258
102000032,435,569,-134
102000033,198,694,-496
102000034,688,979,-291
102000035,1432,1088,344
102000036,19,597,-578
102000037,193,130,63
102000038,467,167,300
102000039,532,89,443
102000040,1039,241,798
102000041,371,428,-57
102000042,477,324,153
102000043,851,376,475
102000044,791,858,-67
102000045,1028,1949,-921
102000046,1425,852,573
102000047,1092,2055,-963
102000048,345,1299,-954
102000049,1704,1013,691
102000050,1676,1722,-46
102000051,657,881,-224
102000052,2191,1424,767
102000053,1366,1294,72
102000054,553,1172,-619
102000055,1081,2030,-949
102000056,949,2726,-1777
102000057,1802,950,852
102000058,1539,3649,-2110
102000059,1566,2683,-1117
102000060,1566,1584,-18
102000061,1440,3671,-2231
102000062,1483,1985,-502
102000063,1705,2020,-315
102000064,667,868,-201
102000065,73,197,-124
102000066,1179,2403,-1224
102000067,3321,4486,-1165
102000068,15256,4451,10805
102000069,72,2948,-2876
102000070,2151,71,2080
102000071,10099,13186,-3087
102000072,4203,8928,-4725
102000073,1486,1481,5
102000074,928,1600,-672
102000075,285,595,-310
102000076,213,1077,-864
102000077,464,2041,-1577
102000078,736,1391,-655
102000079,252,676,-424
102000080,374,401,-27
102000081,366,1260,-894
102000082,958,513,445
102000083,497,744,-247
102000084,167,584,-417
102000085,1975,1851,124
102000086,1257,1699,-442
102000087,1109,2691,-1582
102000088,295,429,-134
102000089,1328,857,471
102000090,526,1685,-1159
102000091,1921,703,1218
102000092,506,1188,-682
102000093,866,878,-12
102000094,1343,987,356
102000095,1485,2169,-684
102000096,1277,1506,-229
102000097,1825,1807,18
102000098,969,1785,-816
102000099,1672,1003,669
102000100,1304,1790,-486
102000101,2029,918,1111
102000102,501,4008,-3507
102000103,2007,564,1443
102000104,1776,569,1207
102000105,342,1343,-1001
102000106,805,1482,-677
102000107,1016,1022,-6
102000108,492,487,5
102000109,471,1099,-628
102000110,836,2720,-1884
102000111,21,583,-562
102000112,145,127,18
102000113,12,36,-24
102000114,1823,593,1230
102000115,287,287,0
102000116,789,317,472
102000117,290,823,-533
102000118,2847,1351,1496
102000119,3813,1056,2757
102000120,286,888,-602
102000121,1094,916,178
102000122,624,1343,-719
102000123,2095,1490,605
102000124,2006,1470,536
102000125,1017,1346,-329
102000126,880,1052,-172
102000127,1228,1101,127
102000128,727,1818,-1091
102000129,1184,1493,-309
102000130,525,1477,-952
102000131,1882,1662,220
102000132,691,2136,-1445
102000133,1524,3176,-1652
102000134,616,1106,-490
102000135,1407,1487,-80
102000136,1764,907,857
102000137,1449,1271,178
102000138,272,593,-321
102000139,102,462,-360
102000140,333,324,9
102000141,312,760,-448
102000142,267,546,-279
102000143,113,858,-745
102000144,217,684,-467
102000145,316,719,-403
102000146,451,461,-10
102000147,507,425,82
102000148,340,433,-93
102000149,243,1008,-765
102000150,263,537,-274
102000151,197,614,-417
102000152,138,364,-226
102000153,1149,560,589
102000154,693,1116,-423
102000155,214,408,-194
102000156,643,125,518
102000157,276,271,5
102000158,644,353,291
102000159,2692,515,2177
102000161,6457,2604,3853
102000162,351,246,105
102000163,125,762,-637
102000164,1673,1237,436
102000165,277,178,99
102000166,29,152,-123
102000167,164,287,-123
102000168,227,157,70
102000169,161,630,-469
102000170,950,196,754
102000171,237,111,126
102000172,142,343,-201
102000173,580,319,261
102000174,54,95,-41
102000175,222,302,-80
102000176,37,60,-23
102000178,340,925,-585
102000179,364,337,27
102000180,725,865,-140
102000181,520,1099,-579
102000182,601,1013,-412
102000183,1792,3263,-1471
102000184,1671,1345,326
102000185,2185,2805,-620
102000186,973,3119,-2146
102000187,746,2792,-2046
102000188,756,2296,-1540
102000189,4441,1540,2901
102000190,972,3888,-2916
102000191,1770,891,879
102000192,1079,1545,-466
102000193,90,269,-179
102000194,120,214,-94
102000195,613,922,-309
102000196,189,978,-789
102000197,516,884,-368
102000198,234,1544,-1310
102000199,648,654,-6
102000200,313,2267,-1954
102000201,798,780,18
102000202,5,232,-227
102000203,369,513,-144
102000204,360,1518,-1158
102000205,1160,1020,140
102000206,870,1342,-472
102000207,1285,639,646
102000208,553,901,-348
102000209,48,94,-46
102000210,499,950,-451
102000211,667,889,-222
102000212,211,15,196
102000213,9,737,-728
102000214,256,23,233
102000215,10,1045,-1035
102000216,35,82,-47
102000217,11,377,-366
102000218,203,161,42
102000219,769,629,140
102000225,852,1189,-337
102000226,5406,1960,3446
102000227,239,2,237
102000228,0,204,-204
102000229,27,48,-21
102000230,420,1064,-644
102000231,477,774,-297
102000232,16,393,-377
102000233,576,1022,-446
102000234,127,1592,-1465
102000236,306,131,175
102000237,964,289,675
102000238,226,557,-331
102000240,787,592,195
102000241,205,199,6
102000243,21,105,-84
102000245,31,101,-70
102000246,18,51,-33
102000247,446,1216,-770
102000248,246,560,-314
102000249,135,359,-224
102000250,69,679,-610
102000254,82,613,-531
102000266,51,253,-202
102000271,24,0,24
102000286,864,616,248
102000297,2391,1716,675
102000299,0,0,0
102000300,0,0,0
102000301,0,0,0
102000303,0,0,0
102000305,0,0,0
102000306,0,0,0
102000307,1,25,-24
102000308,0,0,0
102900001,1433,1963,-530
102900002,445,59,386
102900003,57,452,-395
102900005,310,604,-294
102900006,680,415,265
102900007,397,44,353
102900008,313,194,119
102900009,672,374,298
102900010,934,692,242
102900011,2838,561,2277
102900012,433,126,307
102900013,30,73,-43
102900015,1325,598,727
102900016,50,185,-135
102900017,143,855,-712
102900018,24,161,-137
102900019,588,979,-391
102900020,154,74,80
102900021,23,201,-178
102900022,700,172,528
102900023,15,72,-57
102900024,37,75,-38
102900025,475,155,320
102900026,1102,1789,-687
102900027,64,107,-43
102900028,143,751,-608
102900029,246,250,-4
102900030,458,336,122
102900031,133,265,-132
102900032,107,220,-113
102900033,103,269,-166
102900034,370,230,140
102900035,121,734,-613
102900036,208,1001,-793
102900037,229,1207,-978
102900038,482,883,-401
102900039,86,519,-433
102900040,188,352,-164
102900041,106,279,-173
102900042,216,541,-325
102900043,159,357,-198
102900044,672,2924,-2252
102900045,119,825,-706
102900046,142,478,-336
102900047,104,1321,-1217
102900048,788,1052,-264
102900049,175,750,-575
102900050,351,539,-188
102900051,193,331,-138
102900052,82,33,49
102900053,483,1247,-764
102900054,1289,1247,42
102900055,238,206,32
102900056,193,762,-569
102900057,6,34,-28
102900058,506,98,408
102900059,13,84,-71
102900060,170,772,-602
102900061,173,823,-650
102900062,200,2171,-1971
102900063,1050,624,426
102900064,217,627,-410
102900065,2713,678,2035
102900066,474,127,347
102900068,118,112,6
102900070,201,1138,-937
102900072,24,53,-29
102900073,210,12,198
102900074,390,247,143
102900075,16,36,-20
102900076,449,108,341
102900077,34,36,-2
102900078,91,99,-8
102900079,245,19,226
102900080,481,46,435
102900081,137,619,-482
102900082,9,404,-395
102900083,340,8,332
102900084,7,35,-28
102900085,272,119,153
102900086,9,106,-97
102900087,121,218,-97
102900088,56,54,2
102900089,356,219,137
102900090,7,917,-910
102900091,206,7,199
102900092,340,1679,-1339
102900093,455,334,121
102900094,5,89,-84
102900095,134,5,129
102900096,77,30,47
102900097,39,218,-179
103000001,3124,3798,-674
103000002,3361,3308,53
103000003,7070,4075,2995
103000004,1350,1058,292
103000005,3470,3490,-20
103000006,813,1982,-1169
103000007,508,1387,-879
103000008,1387,1608,-221
103000009,1527,1416,111
103000010,181,215,-34
103000011,2378,1761,617
103000012,1638,2071,-433
103000013,8918,3062,5856
103000014,1817,2741,-924
103000015,4055,1128,2927
103000016,683,1460,-777
103000017,249,496,-247
103000018,1913,585,1328
103000019,293,264,29
103000020,2675,2157,518
103000021,1918,1928,-10
103000022,1382,1679,-297
103000023,647,1978,-1331
103000024,144,208,-64
103000025,110,528,-418
103000026,2454,196,2258
103000027,340,598,-258
103000028,811,643,168
103000029,481,306,175
103000030,2822,1010,1812
103000031,1977,2327,-350
103000032,2486,2742,-256
103000033,3244,3504,-260
103000034,2155,1533,622
103000035,699,1708,-1009
103000036,603,711,-108
103000037,754,748,6
103000038,747,1497,-750
103000039,351,775,-424
103000040,498,2053,-1555
103000041,2173,4424,-2251
103000042,1034,1230,-196
103000043,540,1945,-1405
103000044,213,431,-218
103000046,397,724,-327
103000047,859,1108,-249
103000048,247,349,-102
103000049,145,341,-196
103000050,931,1233,-302
103000051,478,894,-416
103000052,1095,814,281
103000053,288,826,-538
103000054,2717,2021,696
103000055,1975,2966,-991
103000056,931,3746,-2815
103000057,425,429,-4
103000058,690,1620,-930
103000059,392,1245,-853
103000060,916,1298,-382
103000061,370,1415,-1045
103000062,1363,1334,29
103000063,810,1043,-233
103000064,148,446,-298
103000065,7,514,-507
103000066,174,11,163
103000069,288,516,-228
103000070,1044,1973,-929
103000071,1112,620,492
103000072,157,1496,-1339
103000073,662,221,441
103000074,949,171,778
103000075,155,1591,-1436
103000076,309,382,-73
103000077,51,701,-650
103000078,1928,690,1238
103000079,2630,663,1967
103000080,1517,537,980
103000081,801,1214,-413
103000082,671,425,246
103000083,131,540,-409
103000084,275,16,259
103000085,5,142,-137
103000086,1056,588,468
103000087,261,747,-486
103000088,615,483,132
103000089,383,525,-142
103000090,1992,1307,685
103000091,665,610,55
103000092,410,460,-50
103000093,426,903,-477
103000094,192,196,-4
103000095,71,684,-613
103000096,936,208,728
103000097,90,1096,-1006
103000098,1250,264,986
103000099,390,956,-566
103000100,144,1545,-1401
103000101,764,238,526
103000102,109,1204,-1095
103000103,693,472,221
103000104,100,240,-140
103000105,157,256,-99
103000106,14,135,-121
103000107,446,95,351
103000108,684,846,-162
103000109,624,410,214
103000110,501,554,-53
103000111,927,548,379
103000112,445,304,141
103000113,1193,997,196
103000114,1643,629,1014
103000115,588,786,-198
103000116,692,904,-212
103000117,363,829,-466
103000118,2560,1595,965
103000119,3329,876,2453
103000120,107,158,-51
103000121,368,1133,-765
103000122,602,434,168
103000125,6,775,-769
103000126,471,7,464
103000127,3,402,-399
103000128,138,2,136
103000129,4,249,-245
103000130,53,33,20
103000131,349,162,187
103000132,79,165,-86
103000133,18,239,-221
103000134,839,1020,-181
103000135,1242,346,896
103000136,1332,532,800
103000137,925,810,115
103000138,1304,1050,254
103000139,2,58,-56
103000140,271,34,237
103000141,44,182,-138
103000142,198,123,75
103000143,198,359,-161
103000144,267,168,99
103000145,44,42,2
103000150,86,102,-16
103000152,459,308,151
103000153,305,203,102
103000156,6,833,-827
103000157,303,1,302
103000159,171,186,-15
103000162,137,17,120
103000163,16,33,-17
103000164,14,21,-7
103000165,381,698,-317
103000166,269,241,28
103000167,358,172,186
103000168,115,212,-97
103000169,240,458,-218
103000170,547,735,-188
103000171,42,88,-46
103000172,423,483,-60
103000173,401,1515,-1114
103000174,177,562,-385
103000175,224,676,-452
103000176,1410,519,891
103000177,1205,631,574
103000178,432,470,-38
103000179,187,35,152
103000183,143,56,87
103000185,80,174,-94
103000186,115,272,-157
103000187,512,1104,-592
103000188,12,106,-94
103000189,1325,1673,-348
103000191,826,1333,-507
103000292,3830,1498,2332
103000293,2276,2201,75
103000295,139,113,26
103000296,343,6,337
103000297,138,36,102
103000504,84,65,19
103000505,11,16,-5
103000506,0,289,-289
103000507,169,16,153
103000508,75,36,39
103000509,348,793,-445
103900001,7,799,-792
103900002,3020,250,2770
103900003,3193,150,3043
103900004,71,0,71
103900005,1,432,-431
103900006,4,2,2
103900007,55,9,46
103900008,33,1,32
103900009,206,523,-317
103900010,149,412,-263
103900011,194,354,-160
103900012,15,24,-9
103900013,47,134,-87
103900014,43,49,-6
103900015,53,30,23
103900016,437,418,19
103900017,49,146,-97
103900018,903,328,575
103900019,87,405,-318
103900020,267,656,-389
103900021,1278,94,1184
103900022,1448,857,591
103900023,147,2,145
103900024,120,1498,-1378
103900025,15,107,-92
103900026,33,0,33
103900027,692,529,163
103900028,27,395,-368
103900029,1198,180,1018
103900030,306,47,259
103900031,59,15,44
103900032,89,57,32
103900033,145,6,139
103900034,44,467,-423
103900035,105,130,-25
103900036,47,43,4
103900037,53,56,-3
103900038,92,220,-128
103900039,36,738,-702
103900040,11,347,-336
103900041,40,63,-23
103900042,38,631,-593
103900043,180,223,-43
103900044,405,256,149
103900045,251,273,-22
103900047,47,45,2
103900048,58,28,30
103900049,345,2293,-1948
103900050,16,153,-137
103900051,2,27,-25
103900052,226,997,-771
103900053,152,2071,-1919
103900054,109,1038,-929
103900055,413,368,45
103900056,50,71,-21
103900057,35,401,-366
103900058,244,1153,-909
103900059,0,6,-6
103900060,53,427,-374
103900061,115,99,16
103900062,317,91,226
103900063,4,0,4
103900064,81,12,69
103900065,1075,671,404
103900066,129,19,110
103900067,141,15,126
103900068,5,0,5
103900069,139,10,129
103900070,201,527,-326
103900071,26,261,-235
103900072,1,461,-460
103900073,46,53,-7
103900074,87,163,-76
103900075,245,197,48
103900076,431,1215,-784
103900077,116,116,0
103900078,223,205,18
103900079,155,368,-213
103900080,12,45,-33
103900081,129,24,105
103900082,14,184,-170
103900083,2585,831,1754
103900084,47,297,-250
103900085,100,160,-60
103900086,606,487,119
103900087,40,182,-142
103900088,509,433,76
103900089,51,237,-186
103900090,11,359,-348
103900091,1386,422,964
103900092,701,834,-133
103900093,147,554,-407
103900094,8,224,-216
103900095,315,226,89
103900096,23,406,-383
103900097,23,946,-923
103900098,233,127,106
103900099,65,471,-406
103900100,229,611,-382
103900101,113,1705,-1592
103900102,5,67,-62
103900104,6,58,-52
103900105,138,296,-158
103900106,0,42,-42
103900107,107,533,-426
103900108,60,690,-630
103900109,78,183,-105
103900110,311,80,231
103900111,65,1382,-1317
103900112,28,84,-56
103900113,184,348,-164
103900114,776,518,258
103900115,332,171,161
103900116,10321,2762,7559
103900117,333,211,122
103900119,60,110,-50
103900120,87,173,-86
103900122,77,519,-442
103900123,2849,763,2086
103900124,66,895,-829
103900125,88,122,-34
103900126,516,984,-468
103900127,183,1652,-1469
103900128,118,402,-284
103900131,26,167,-141
103900133,1509,45,1464
103900134,1,6,-5
103900135,17,9,8
103900137,1,93,-92
103900138,99,643,-544
103900139,298,1578,-1280
103900140,17,98,-81
103900141,418,138,280
103900142,112,351,-239
103900143,52,3,49
103900144,0,122,-122
103900145,229,557,-328
103900146,331,690,-359
103900147,386,212,174
103900148,225,413,-188
103900149,232,1167,-935
103900150,12498,3917,8581
103900151,77,323,-246
103900152,478,1264,-786
103900153,13,0,13
103900154,2032,1702,330
103900155,40,395,-355
103900156,33,300,-267
103900157,29,534,-505
103900158,78,458,-380
103900159,109,172,-63
103900160,58,40,18
103900161,148,378,-230
103900162,52,479,-427
103900163,8,627,-619
103900164,26,3,23
103900167,40,137,-97
103900168,129,252,-123
103900169,39,94,-55
103900170,7,200,-193
103900171,1,141,-140
103900172,15,50,-35
103900173,19,26,-7
103900174,185,121,64
103900175,68,43,25
103900176,13,32,-19
103900177,9,63,-54
103900178,27,208,-181
103900179,46,443,-397
103900180,19,252,-233
103900181,68,82,-14
103900182,61,66,-5
103900184,1105,123,982
103900185,722,294,428
103900187,116,70,46
103900188,54,23,31
103900189,126,11,115
103900190,118,104,14
103900191,40,90,-50
103900192,64,189,-125
103900193,357,365,-8
103900194,86,662,-576
103900195,14,53,-39
103900196,36,15,21
103900197,9,57,-48
103900198,17,75,-58
103900199,153,142,11
103900200,165,254,-89
103900201,121,300,-179
103900202,12,88,-76
103900203,57,14,43
103900204,14,244,-230
103900207,2,352,-350
103900208,75,0,75
103900209,13,190,-177
103900210,49,31,18
103900211,445,1079,-634
103900212,112,765,-653
103900213,173,340,-167
103900214,466,203,263
103900215,900,308,592
103900216,12,706,-694
103900217,453,138,315
103900218,3,349,-346
103900219,137,487,-350
103900233,135,5,130
103900235,55,37,18
103900236,40,1,39
103900242,4,13,-9
103900243,7,10,-3
103900244,136,570,-434
103900245,141,406,-265
103900246,89,51,38
103900247,69,154,-85
103900248,14,66,-52
103900249,33,53,-20
103900250,102,50,52
103900251,5,71,-66
103900253,31,96,-65
103900254,2,56,-54
103900255,16,26,-10
103900256,30,37,-7
103900257,83,175,-92
103900258,44,7,37
103900259,76,3,73
103900261,15,6,9
103900262,17,4,13
103900263,73,68,5
103900264,106,29,77
103900265,76,30,46
103900266,1,99,-98
103900267,14,86,-72
103900268,14,196,-182
103900269,169,395,-226
103900270,54,248,-194
104000001,2793,3308,-515
104000002,2424,4746,-2322
104000003,3007,3252,-245
104000004,4523,4223,300
104000005,1828,2899,-1071
104000006,3448,4621,-1173
104000007,5663,5908,-245
104000008,413,639,-226
104000009,155,175,-20
104000010,226,347,-121
104000011,1562,561,1001
104000012,279,804,-525
104000013,204,231,-27
104000014,319,1282,-963
104000015,323,263,60
104000016,829,685,144
104000018,775,258,517
104000019,567,197,370
104000020,334,1244,-910
104000021,413,1131,-718
104000022,206,471,-265
104000023,705,559,146
104000024,309,756,-447
104000026,79,509,-430
104000027,490,870,-380
104000028,452,381,71
104000029,624,881,-257
104000030,393,435,-42
104000031,1157,569,588
104000032,277,555,-278
104000033,659,829,-170
104000034,442,592,-150
104000035,770,699,71
104000036,760,1182,-422
104000037,370,514,-144
104000038,429,428,1
104000039,245,637,-392
104000040,866,751,115
104000041,689,537,152
104000042,271,746,-475
104000043,449,660,-211
104000044,386,1333,-947
104000045,1402,2137,-735
104000046,2182,2502,-320
104000047,888,2381,-1493
104000048,1521,3006,-1485
104000049,446,480,-34
104000050,210,981,-771
104000051,145,1204,-1059
104000052,1345,2536,-1191
104000053,860,1050,-190
104000054,601,901,-300
104000055,4996,4344,652
104000056,2468,429,2039
104000057,141,765,-624
104000058,726,1218,-492
104000059,607,1893,-1286
104000060,975,1747,-772
104000061,1650,2162,-512
104000062,300,241,59
104000064,655,542,113
104000065,225,656,-431
104000069,2341,1071,1270
104000070,80,555,-475
104000071,184,626,-442
104000072,618,322,296
104000075,115,510,-395
104000076,744,151,593
104000082,2502,3854,-1352
104000083,955,320,635
104000084,184,745,-561
104000085,409,375,34
104000086,240,685,-445
104000087,671,2095,-1424
104000090,961,2554,-1593
104000092,1099,4725,-3626
104000094,1121,3554,-2433
104000095,1942,2166,-224
104000096,1623,865,758
104000097,1716,2043,-327
104000098,1779,2354,-575
104000100,1698,1132,566
104000101,1066,4057,-2991
104000106,135,870,-735
104000107,702,824,-122
104000108,622,1033,-411
104000109,351,90,261
104000110,1063,1630,-567
104000111,9278,3323,5955
104000112,3766,958,2808
104000116,6,2318,-2312
104000117,160,2084,-1924
104000118,568,507,61
104000119,489,401,88
104000120,249,1924,-1675
104000121,304,1096,-792
104000122,611,1067,-456
104000123,1385,2119,-734
104000124,1819,4970,-3151
104000125,8867,5119,3748
104000126,541,790,-249
104000127,2017,5303,-3286
104000128,1142,746,396
104000129,683,42,641
104000130,38,466,-428
104000131,1435,886,549
104000132,934,1190,-256
104000133,1238,1523,-285
104000134,972,2281,-1309
104000135,566,2141,-1575
104000136,1040,4676,-3636
104000137,2035,540,1495
104000138,1757,587,1170
104000139,12797,5079,7718
104000141,1557,3051,-1494
104000142,855,1742,-887
104000143,761,1252,-491
104000144,89,279,-190
104000145,564,296,268
104000146,537,902,-365
104000147,161,514,-353
104000148,413,223,190
104000149,260,648,-388
104000150,931,909,22
104000151,471,989,-518
104000152,566,1218,-652
104000153,541,764,-223
104000154,1528,1206,322
104000155,616,700,-84
104000157,1502,2930,-1428
104000158,358,465,-107
104000159,832,661,171
104000160,2072,2432,-360
104000161,531,336,195
104000162,83,227,-144
104000165,2329,1704,625
104000167,630,1183,-553
104000168,587,18,569
104000169,88,105,-17
104000170,981,677,304
104000248,453,2065,-1612
104000251,135,528,-393
104000272,0,0,0
104000273,0,0,0
104000274,0,0,0
104000275,0,0,0
104000279,1033,715,318
104000290,138,653,-515
104000291,761,1697,-936
104000293,878,1221,-343
104000294,23,1,22
104000295,665,1115,-450
104000296,382,1250,-868
104000297,1153,2533,-1380
104000298,2372,1488,884
104000299,859,2508,-1649
104900001,162,863,-701
104900002,102,154,-52
104900003,61,623,-562
104900004,131,569,-438
104900005,249,260,-11
104900006,216,143,73
104900007,282,416,-134
104900009,186,819,-633
104900010,74,34,40
104900011,16,7,9
104900012,180,20,160
104900013,108,4,104
104900014,5694,566,5128
104900015,117,4,113
104900016,227,594,-367
104900017,111,321,-210
104900018,17,322,-305
104900019,488,2328,-1840
104900020,83,486,-403
104900021,4,573,-569
104900022,24,194,-170
104900023,4,222,-218
104900024,21,189,-168
104900025,73,762,-689
104900026,2,270,-268
104900027,436,352,84
104900028,51,152,-101
104900029,63,234,-171
104900030,582,324,258
104900031,186,384,-198
104900032,50,325,-275
104900033,189,415,-226
104900034,325,160,165
104900035,264,235,29
104900036,180,112,68
104900037,158,621,-463
104900038,1046,783,263
104900039,1856,283,1573
104900040,284,132,152
104900041,256,292,-36
104900042,174,737,-563
104900043,11,106,-95
104900044,477,341,136
104900045,459,85,374
104900046,199,209,-10
104900047,368,250,118
104900048,307,156,151
104900049,49,22,27
104900050,252,186,66
104900051,348,85,263
104900052,45,0,45
104900053,462,128,334
104900054,173,54,119
104900055,93,1,92
104900056,210,20,190
104900057,23,3,20
104900058,1237,374,863
104900059,73,65,8
104900060,1,644,-643
104900061,555,1105,-550
104900063,1,305,-304
104900064,1,216,-215
104900065,1,211,-210
104900066,5,438,-433
104900067,10,477,-467
104900068,24,393,-369
104900070,210,482,-272
104900071,5,1446,-1441
104900072,122,408,-286
104900073,83,730,-647
104900074,91,366,-275
104900075,212,225,-13
104900076,138,684,-546
104900077,2534,262,2272
104900078,234,1200,-966
104900079,191,348,-157
104900080,79,919,-840
104900082,10,544,-534
104900085,24,393,-369
104900087,500,10,490
104900089,138,1,137
104900090,694,844,-150
104900091,687,1703,-1016
104900093,325,973,-648
104900097,4617,1700,2917
104900098,99,50,49
104900099,1143,994,149
104900100,1438,433,1005
104900102,33,518,-485
104900103,614,153,461
104900104,5476,2112,3364
104900106,100,221,-121
104900107,99,568,-469
104900108,35,627,-592
104900109,88,391,-303
104900110,26,90,-64
104900111,240,326,-86
104900112,243,1768,-1525
104900113,784,802,-18
104900114,339,1275,-936
104900115,655,946,-291
104900116,231,401,-170
104900118,30,138,-108
104900119,1,51,-50
104900120,55,133,-78
104900121,1,184,-183
104900122,4,213,-209
104900123,34,6,28
104900124,37,1,36
104900125,718,25,693
104900126,112,108,4
104900127,39,55,-16
104900128,109,137,-28
104900129,4703,1780,2923
105000001,3351,2629,722
105000002,3521,2823,698
105000003,4678,5512,-834
105000004,623,1850,-1227
105000005,942,1868,-926
105000006,1516,2455,-939
105000007,1567,2120,-553
105000008,1637,3035,-1398
105000009,1770,3718,-1948
105000010,4547,4620,-73
105000011,2675,3195,-520
105000012,5105,4818,287
105000013,865,1324,-459
105000014,1573,2619,-1046
105000015,12259,9964,2295
105000016,5821,2932,2889
105000017,2281,1754,527
105000018,1925,1338,587
105000019,2113,1386,727
105000020,298,394,-96
105000021,388,204,184
105000022,264,79,185
105000023,689,331,358
105000028,135,282,-147
105000029,520,1584,-1064
105000030,5408,5522,-114
105000033,1083,3249,-2166
105000034,296,948,-652
105000037,908,1177,-269
105000038,1813,1890,-77
105000039,3678,3106,572
105000040,850,1220,-370
105000041,788,2252,-1464
105000042,2899,1797,1102
105000043,2514,3598,-1084
105000044,515,521,-6
105000045,472,1604,-1132
105000046,1015,520,495
105000047,675,2199,-1524
105000048,709,359,350
105000049,303,1234,-931
105000050,632,595,37
105000051,328,899,-571
105000052,593,1853,-1260
105000053,150,320,-170
105000054,310,1663,-1353
105000055,604,871,-267
105000056,1199,4806,-3607
105000057,1505,1819,-314
105000058,2080,2584,-504
105000059,876,974,-98
105000060,840,1412,-572
105000061,594,788,-194
105000062,1407,2365,-958
105000063,595,1390,-795
105000064,1432,1134,298
105000065,555,1836,-1281
105000066,1780,3965,-2185
105000067,1428,983,445
105000068,1048,1691,-643
105000069,6985,1457,5528
105000070,1525,1301,224
105000071,567,846,-279
105000072,672,1770,-1098
105000073,1037,889,148
105000074,1263,1388,-125
105000075,852,1255,-403
105000076,1918,1458,460
105000077,2672,1166,1506
105000078,2167,1809,358
105000079,2440,2602,-162
105000080,2620,1436,1184
105000081,2248,1111,1137
105000082,1130,713,417
105000083,2400,1513,887
105000084,866,1899,-1033
105000085,1635,1431,204
105000086,722,1263,-541
105000087,5092,2945,2147
105000088,1588,1952,-364
105000089,3878,3464,414
105000090,1191,1251,-60
105000091,1916,2677,-761
105000092,935,1554,-619
105000093,425,284,141
105000094,362,369,-7
105000095,102,483,-381
105000096,1547,983,564
105000097,1694,1043,651
105000098,1114,805,309
105000099,1404,1527,-123
105000100,1006,1876,-870
105000101,2149,3589,-1440
105000102,1591,2473,-882
105000103,1660,4131,-2471
105000104,2168,1816,352
105000105,1505,4006,-2501
105000106,1717,3243,-1526
105000107,1241,2422,-1181
105000108,1491,4196,-2705
105000109,1853,3435,-1582
105000110,991,1903,-912
105000111,776,976,-200
105000112,1456,1829,-373
105000113,526,1002,-476
105000114,8235,1705,6530
105000115,394,1013,-619
105000116,806,685,121
105000117,1033,2309,-1276
105000118,457,688,-231
105000119,710,2576,-1866
105000120,968,1105,-137
105000121,1161,2532,-1371
105000122,415,757,-342
105000123,1778,2876,-1098
105000124,1752,1682,70
105000125,908,3382,-2474
105000126,2621,4500,-1879
105000127,3401,3438,-37
105000128,645,2563,-1918
105000129,1219,545,674
105000130,289,1911,-1622
105000131,1051,693,358
105000132,762,555,207
105000133,483,1722,-1239
105000134,683,874,-191
105000135,438,1011,-573
105000136,73,374,-301
105000137,300,405,-105
105000138,145,370,-225
105000139,1425,1795,-370
105000140,219,676,-457
105000141,293,1177,-884
105000142,179,765,-586
105000143,302,1326,-1024
105000144,405,1240,-835
105000145,811,827,-16
105000146,922,1285,-363
105000147,629,686,-57
105000148,1364,1033,331
105000149,2522,3448,-926
105000150,3052,2768,284
105000151,543,592,-49
105000152,328,1315,-987
105000153,924,858,66
105000154,1028,2130,-1102
105000155,439,1265,-826
105000156,1387,1943,-556
105000157,1570,4860,-3290
105000158,2496,1382,1114
105000159,455,3030,-2575
105000160,2245,969,1276
105000161,1253,3930,-2677
105000162,971,2151,-1180
105000163,3477,2282,1195
105000164,382,649,-267
105000165,3711,6072,-2361
105000166,14350,712,13638
105000167,6343,1925,4418
105000168,354,1783,-1429
105000169,398,668,-270
105000170,185,2315,-2130
105000171,1589,702,887
105000172,119,113,6
105000173,79,58,21
105000174,48,51,-3
105000175,110,227,-117
105000176,225,127,98
105000177,259,212,47
105000178,132,1658,-1526
105000179,292,212,80
105000180,160,210,-50
105000181,137,952,-815
105000182,61,86,-25
105000183,4668,2731,1937
105000184,1198,1091,107
105000185,1112,1080,32
105000186,378,1286,-908
105000187,749,328,421
105000188,414,151,263
105000189,266,783,-517
105000190,283,396,-113
105000191,410,476,-66
105000192,194,89,105
105000193,137,205,-68
105000194,204,97,107
105000195,367,1939,-1572
105000196,40,132,-92
105000197,355,1147,-792
105000198,793,567,226
105000199,426,400,26
105000200,175,418,-243
105000201,105,29,76
105000203,14,523,-509
105000204,79,109,-30
105000205,81,424,-343
105000207,675,307,368
105000208,312,699,-387
105000209,294,396,-102
105000212,1210,2961,-1751
105000213,287,242,45
105000214,141,453,-312
105000215,290,434,-144
105000216,131,435,-304
105000217,139,486,-347
105000218,1087,1764,-677
105000221,442,650,-208
105000222,183,111,72
105000223,198,329,-131
105000226,67,728,-661
105000227,52,410,-358
105000228,545,1395,-850
105000229,125,353,-228
105000231,275,464,-189
105000233,675,798,-123
105000234,703,2232,-1529
105000235,391,805,-414
105000237,1082,107,975
105000243,42,446,-404
105000248,168,88,80
105000262,381,3746,-3365
105000269,151,379,-228
105000270,438,159,279
105000271,2,478,-476
105000282,276,114,162
105000287,321,305,16
105000288,505,935,-430
105000289,2591,1376,1215
105000290,14,3,11
105000402,8758,2939,5819
105000426,622,790,-168
105000438,2513,1128,1385
105000446,23867,7863,16004
105000447,13081,4497,8584
105000454,386,1571,-1185
105000455,306,368,-62
105000474,26,3,23
105000477,481,679,-198
105000478,1980,3318,-1338
105000479,199,177,22
105000480,4211,3123,1088
105000481,3761,2940,821
105000482,7358,4662,2696
105000483,1868,1841,27
105000484,3510,3821,-311
105000485,1669,2117,-448
105000486,4380,3363,1017
105000488,6308,5239,1069
105000489,1022,1300,-278
105000549,20,226,-206
105000550,582,2151,-1569
105000551,40,142,-102
105000552,5548,3004,2544
105900001,15,1748,-1733
105900002,2709,602,2107
105900003,16,121,-105
105900004,338,161,177
105900005,16,348,-332
105900006,13,96,-83
105900007,84,18,66
105900008,69,1400,-1331
105900009,12,18,-6
105900011,189,58,131
105900012,481,187,294
105900013,6,27,-21
105900014,13,114,-101
105900015,142,617,-475
105900016,294,1205,-911
105900017,922,88,834
105900018,323,512,-189
105900019,69,806,-737
105900020,55,114,-59
105900021,38,568,-530
105900022,298,651,-353
105900023,7,195,-188
105900024,12,253,-241
105900025,131,78,53
105900026,393,119,274
105900027,8921,4910,4011
105900028,157,273,-116
105900029,3282,484,2798
105900030,233,420,-187
105900031,930,265,665
105900032,78,278,-200
105900033,105,182,-77
105900034,175,407,-232
105900035,253,371,-118
105900036,75,249,-174
105900037,87,108,-21
105900038,243,590,-347
105900039,148,281,-133
105900040,63,134,-71
105900041,299,1035,-736
105900042,68,149,-81
105900043,3533,89,3444
105900044,4,260,-256
105900045,5,806,-801
105900046,9,273,-264
105900047,13,62,-49
105900048,103,833,-730
105900050,3295,1699,1596
105900051,24,2481,-2457
105900052,386,136,250
105900053,6916,2324,4592
105900054,411,632,-221
105900056,1198,329,869
105900057,43,256,-213
105900058,20,93,-73
105900059,2,65,-63
106000001,5372,2639,2733
106000002,4321,8122,-3801
106000003,3897,4179,-282
106000004,3817,4257,-440
106000005,3156,7606,-4450
106000006,8308,7980,328
106000007,562,712,-150
106000008,486,473,13
106000009,540,447,93
106000010,641,799,-158
106000011,928,1329,-401
106000012,1032,2563,-1531
106000013,2219,2459,-240
106000014,2655,2832,-177
106000015,1673,1597,76
106000016,1518,4124,-2606
106000017,935,928,7
106000018,862,1008,-146
106000019,375,617,-242
106000020,329,780,-451
106000021,362,738,-376
106000022,509,523,-14
106000023,876,584,292
106000024,1086,1369,-283
106000025,125,323,-198
106000026,155,442,-287
106000027,1484,2132,-648
106000028,755,1097,-342
106000029,1111,2197,-1086
106000030,1279,709,570
106000034,281,929,-648
106000035,1152,1876,-724
106000036,647,676,-29
106000037,2857,3022,-165
106000038,781,166,615
106000039,338,89,249
106000040,248,1162,-914
106000041,1127,566,561
106000043,783,172,611
106000046,510,86,424
106000047,77,730,-653
106000049,751,221,530
106000050,381,1620,-1239
106000051,627,665,-38
106000052,162,1120,-958
106000053,228,187,41
106000054,674,752,-78
106000055,1172,1918,-746
106000056,435,823,-388
106000057,255,437,-182
106000058,209,379,-170
106000059,351,477,-126
106000060,986,1049,-63
106000061,321,832,-511
106000062,231,1134,-903
106000063,851,866,-15
106000064,48,837,-789
106000065,495,397,98
106000066,215,724,-509
106000067,518,159,359
106000068,95,1203,-1108
106000069,232,195,37
106000070,580,1522,-942
106000071,1229,594,635
106000072,8974,2819,6155
106000073,2909,3521,-612
106000074,571,1251,-680
106000075,583,1848,-1265
106000076,2403,2884,-481
106000077,5934,2302,3632
106000078,1321,1841,-520
106000079,922,1740,-818
106000080,1607,1425,182
106000081,799,1779,-980
106000082,3464,1614,1850
106000083,468,2253,-1785
106000084,1447,1197,250
106000085,2596,1972,624
106000086,871,1373,-502
106000087,1095,1054,41
106000088,630,1286,-656
106000089,1325,723,602
106000090,368,915,-547
106000091,389,1429,-1040
106000092,992,432,560
106000093,444,152,292
106000094,175,790,-615
106000095,719,2504,-1785
106000096,1232,1139,93
106000097,1097,2464,-1367
106000098,821,1550,-729
106000099,246,1502,-1256
106000100,1023,473,550
106000101,974,500,474
106000102,161,1059,-898
106000103,464,1186,-722
106000104,794,663,131
106000105,553,1740,-1187
106000106,734,644,90
106000107,172,824,-652
106000108,208,498,-290
106000109,193,640,-447
106000110,129,521,-392
106000111,243,1161,-918
106000112,183,644,-461
106000113,2099,1022,1077
106000114,599,530,69
106000115,274,921,-647
106000116,270,400,-130
106000117,1274,1417,-143
106000118,1520,1520,0
106000119,4192,2146,2046
106000120,861,1032,-171
106000121,189,394,-205
106000122,176,672,-496
106000123,321,540,-219
106000124,77,671,-594
106000125,50,613,-563
106000126,208,327,-119
106000127,1024,1779,-755
106000128,863,502,361
106000129,681,1270,-589
106000130,986,798,188
106000131,281,1616,-1335
106000132,1215,273,942
106000133,7102,1925,5177
106000134,1461,1545,-84
106000135,347,1833,-1486
106000136,987,990,-3
106000137,152,3016,-2864
106000138,1200,105,1095
106000139,81,251,-170
106000140,57,210,-153
106000141,92,207,-115
106000142,130,122,8
106000143,45,180,-135
106000144,28,151,-123
106000145,274,565,-291
106000146,335,374,-39
106000147,650,975,-325
106000148,884,1460,-576
106000149,608,741,-133
106000150,802,2809,-2007
106000151,8532,1267,7265
106000152,2200,2605,-405
106000153,96,2390,-2294
106000154,2219,462,1757
106000155,76,370,-294
106000156,910,636,274
106000157,970,3338,-2368
106000158,4951,1296,3655
106000159,8278,2089,6189
106000160,456,2766,-2310
106000161,2591,981,1610
106000162,299,1046,-747
106000163,436,969,-533
106000164,396,541,-145
106000165,371,1450,-1079
106000166,1116,446,670
106000167,549,2428,-1879
106000168,428,405,23
106000169,207,1459,-1252
106000170,508,427,81
106000171,193,1989,-1796
106000172,2651,1557,1094
106000173,955,5291,-4336
106000174,1249,500,749
106000175,471,2037,-1566
106000176,1602,1243,359
106000177,998,4565,-3567
106000178,3312,3090,222
106000179,1483,4075,-2592
106000180,943,3008,-2065
106000181,598,3564,-2966
106000182,1013,1577,-564
106000183,986,2132,-1146
106000184,1639,2160,-521
106000185,910,1737,-827
106000186,1318,230,1088
106000187,381,1276,-895
106000188,0,4,-4
106000189,6,105,-99
106000190,10,0,10
106000191,716,292,424
106000192,0,26,-26
106000193,502,246,256
106000194,259,484,-225
106000195,735,276,459
106000196,210,891,-681
106000197,487,728,-241
106000198,152,431,-279
106000199,1415,722,693
106000200,1093,199,894
106000201,691,2250,-1559
106000202,13826,1043,12783
106000203,328,372,-44
106000204,62,10,52
106000205,32,231,-199
106000206,88,29,59
106000207,73,1562,-1489
106000208,1169,157,1012
106000209,1425,582,843
106000210,317,2523,-2206
106000211,539,2443,-1904
106000212,938,376,562
106000213,1261,2194,-933
106000214,4229,740,3489
106000215,378,845,-467
106000216,417,445,-28
106000217,488,848,-360
106000218,676,496,180
106000219,210,504,-294
106000220,569,447,122
106000221,173,534,-361
106000222,82,247,-165
106000223,112,193,-81
106000224,260,501,-241
106000225,107,87,20
106000226,236,556,-320
106000228,58,277,-219
106000229,123,1260,-1137
106000231,956,355,601
106000232,69,706,-637
106000233,429,235,194
106000234,65,285,-220
106000235,418,105,313
106000236,193,108,85
106000237,4,16,-12
106000238,18,21,-3
106000239,13,145,-132
106000240,51,4,47
106000241,34,1337,-1303
106000242,232,21,211
106000249,136,115,21
106000250,88,625,-537
106000251,57,37,20
106000252,28,205,-177
106000253,33,74,-41
106000254,33,80,-47
106000255,26,165,-139
106000256,82,134,-52
106000257,138,418,-280
106000258,192,17,175
106000259,6,31,-25
106000260,17,7,10
106000261,5,87,-82
106000262,57,13,44
106000263,17,126,-109
106000264,186,19,167
106000265,10,266,-256
106000266,150,19,131
106000267,3,169,-166
106000268,660,32,628
106000269,151,125,26
106000270,249,636,-387
106000271,73,280,-207
106000272,202,111,91
106000273,11,301,-290
106000274,273,80,193
106000275,222,319,-97
106000276,204,117,87
106000277,189,243,-54
106000278,218,71,147
106000279,25,153,-128
106000280,73,329,-256
106000281,117,229,-112
106000282,102,105,-3
106000283,184,166,18
106000284,73,175,-102
106000285,175,279,-104
106000286,98,245,-147
106000287,154,166,-12
106000288,173,254,-81
106000289,139,182,-43
106000290,96,172,-76
106000291,128,217,-89
106000292,112,183,-71
106000293,166,217,-51
106000294,172,235,-63
106000295,71,99,-28
106000296,95,186,-91
106000297,92,446,-354
106000298,198,116,82
106000299,150,309,-159
106000300,69,150,-81
106000301,114,183,-69
106000303,38,110,-72
106000304,56,87,-31
106000305,18,80,-62
106000306,42,135,-93
106000307,39,27,12
106000308,24,361,-337
106000309,35,132,-97
106000310,307,1056,-749
106000311,364,261,103
106000312,85,386,-301
106000313,209,384,-175
106000318,346,371,-25
106000319,856,120,736
106000320,4,77,-73
106000321,705,109,596
106000322,144,292,-148
106000324,8,266,-258
106000325,1434,1020,414
106000326,1299,3058,-1759
106000327,93,264,-171
106000328,19,141,-122
106000329,68,496,-428
106000330,53,68,-15
106000428,64,225,-161
106000429,170,767,-597
106000430,489,2393,-1904
106000431,1854,467,1387
106000432,2482,4737,-2255
106000433,2166,1327,839
106000434,3745,1588,2157
106000435,3371,4826,-1455
106000436,16,567,-551
106000437,236,41,195
106000438,402,174,228
106000439,61,980,-919
106000440,268,780,-512
106000441,1,0,1
106000442,166,9,157
106000443,157,915,-758
106000450,5,397,-392
106000451,39,21,18
106000454,9,136,-127
106000455,9,291,-282
106000456,152,33,119
106000457,9,1887,-1878
106000458,491,437,54
106000459,110,835,-725
106000460,965,100,865
106000461,93,3595,-3502
106000462,2,24,-22
106000463,3,55,-52
106000464,11,1018,-1007
106000465,408,0,408
106000466,3,1336,-1333
106000467,803,1068,-265
106000468,77,402,-325
106000469,597,12,585
106000470,386,2170,-1784
106000471,67,1349,-1282
106000472,188,21,167
106000473,50,49,1
106000474,533,1225,-692
106000475,268,200,68
106000476,178,219,-41
106000477,23,80,-57
106900001,0,56,-56
106900002,6,1186,-1180
106900003,403,1785,-1382
106900004,0,185,-185
106900006,0,45,-45
106900007,0,70,-70
106900008,233,580,-347
106900009,361,941,-580
106900010,223,678,-455
106900012,4277,2696,1581
106900013,626,134,492
106900014,29,2,27
106900015,24,1,23
106900016,272,7,265
106900017,3,0,3
106900018,4,0,4
106900019,56,8,48
106900020,5201,1651,3550
106900021,39,152,-113
106900022,499,4,495
106900023,38,525,-487
106900024,534,35,499
106900025,74,1308,-1234
106900026,6,1447,-1441
106900027,437,3,434
107000001,4155,2773,1382
107000002,5882,6316,-434
107000003,5203,6583,-1380
107000004,7429,8977,-1548
107000005,3038,5349,-2311
107000006,5237,10824,-5587
107000007,5016,10630,-5614
107000008,21599,17392,4207
107000009,5461,7238,-1777
107000010,12399,17246,-4847
107000011,1439,2222,-783
107000012,6813,6737,76
107000013,77,219,-142
107000014,37,437,-400
107000015,477,1342,-865
107000016,610,1928,-1318
107000017,3206,1366,1840
107000018,27,453,-426
107000020,1614,565,1049
107000021,1118,1193,-75
107000022,817,1775,-958
107000023,1662,511,1151
107000024,511,2829,-2318
107000025,186,499,-313
107000026,176,1109,-933
107000027,1302,1241,61
107000028,1451,2966,-1515
107000029,2389,2496,-107
107000030,3920,5267,-1347
107000031,3535,2483,1052
107000032,580,1398,-818
107000033,5797,5968,-171
107000034,7846,3245,4601
107000035,540,240,300
107000036,562,1645,-1083
107000037,97,835,-738
107000038,294,377,-83
107000039,812,999,-187
107000040,207,541,-334
107000041,2563,1031,1532
107000042,1090,2588,-1498
107000043,4722,1339,3383
107000044,828,539,289
107000045,142,402,-260
107000046,991,645,346
107000047,757,1360,-603
107000048,870,496,374
107000049,821,1172,-351
107000050,1219,781,438
107000051,922,509,413
107000052,1559,1238,321
107000053,566,313,253
107000054,80,489,-409
107000055,130,154,-24
107000056,620,1345,-725
107000057,2507,290,2217
107000058,2462,3095,-633
107000059,3588,5534,-1946
107000060,3868,6609,-2741
107000061,8302,7121,1181
107000062,3683,3990,-307
107000063,5775,11227,-5452
107000064,4147,2639,1508
107000065,5377,9652,-4275
107000066,1986,2453,-467
107000067,1111,1383,-272
107000068,1820,784,1036
107000069,1176,602,574
107000070,602,2,600
107000071,2367,34,2333
107000072,82,6026,-5944
107000073,478,244,234
107000074,211,1453,-1242
107000075,1366,596,770
107000076,1304,2639,-1335
107000077,3288,1430,1858
107000078,2952,5221,-2269
107000079,2249,950,1299
107000080,1746,5119,-3373
107000081,1121,702,419
107000082,851,4635,-3784
107000083,1230,441,789
107000084,687,3966,-3279
107000085,3096,4226,-1130
107000086,4544,4629,-85
107000087,2943,2442,501
107000088,3492,5241,-1749
107000089,1925,2245,-320
107000090,1438,1824,-386
107000091,1343,1165,178
107000092,902,1793,-891
107000093,1253,1087,166
107000094,1337,2332,-995
107000095,696,915,-219
107000096,913,2011,-1098
107000097,740,364,376
107000098,354,850,-496
107000099,625,430,195
107000100,534,546,-12
107000101,105,275,-170
107000102,651,513,138
107000103,487,283,204
107000104,384,673,-289
107000105,508,206,302
107000106,219,625,-406
107000107,585,336,249
107000108,181,1533,-1352
107000109,544,188,356
107000110,142,1314,-1172
107000111,231,61,170
107000112,61,810,-749
107000113,690,206,484
107000114,136,1381,-1245
107000115,691,167,524
107000116,242,1621,-1379
107000117,186,485,-299
107000118,250,488,-238
107000119,3156,1688,1468
107000120,4391,526,3865
107000121,814,1164,-350
107000122,1611,1535,76
107000123,430,1500,-1070
107000124,739,1505,-766
107000125,884,1526,-642
107000126,926,1478,-552
107000127,33,392,-359
107000129,297,623,-326
107000130,471,561,-90
107000131,718,861,-143
107000132,667,542,125
107000133,597,162,435
107000134,256,2,254
107000135,3,385,-382
107000136,529,10,519
107000137,16,689,-673
107000138,274,22,252
107000139,12,572,-560
107000140,1159,74,1085
107000141,158,1368,-1210
107000142,334,74,260
107000143,68,1506,-1438
107000144,346,387,-41
107000145,215,938,-723
107000146,223,251,-28
107000147,4464,1013,3451
107000150,1425,2713,-1288
107000151,99,102,-3
107000152,1002,932,70
107000153,1004,663,341
107000154,293,215,78
107000155,765,23,742
107000156,1228,30,1198
107000157,51,3606,-3555
107000158,468,26,442
107000159,44,2307,-2263
107000160,833,104,729
107000161,138,3507,-3369
107000162,290,392,-102
107000163,104,1,103
107000164,390,1,389
107000165,755,6,749
107000166,83,2424,-2341
107000167,607,389,218
107000168,779,415,364
107000169,1458,1460,-2
107000170,1639,961,678
107000171,868,4434,-3566
107000172,928,1213,-285
107000173,880,2361,-1481
107000174,964,4160,-3196
107000175,15479,2700,12779
107000176,4,1,3
107000177,8,10,-2
107000178,10,103,-93
107000179,448,4976,-4528
107000180,1505,934,571
107000181,468,2469,-2001
107000182,1609,1670,-61
107000183,175,1632,-1457
107000184,1093,1267,-174
107000185,863,2230,-1367
107000186,1486,626,860
107000187,1461,2310,-849
107000188,580,858,-278
107000189,433,1553,-1120
107000190,667,1506,-839
107000191,563,1270,-707
107000192,1817,2078,-261
107000193,463,556,-93
107000194,1129,1553,-424
107000197,884,367,517
107000198,522,1147,-625
107000199,906,896,10
107000200,1867,780,1087
107000201,368,307,61
107000202,311,615,-304
107000203,1067,688,379
107000204,1537,853,684
107000205,2795,1357,1438
107000206,1107,1377,-270
107000207,1108,1766,-658
107000208,1799,712,1087
107000209,3743,1502,2241
107000210,1734,701,1033
107000211,22,48,-26
107000212,26,536,-510
107000213,5,45,-40
107000214,27,290,-263
107000215,477,756,-279
107000216,384,708,-324
107000217,133,296,-163
107000219,103,153,-50
107000220,178,486,-308
107000222,303,1138,-835
107000224,417,108,309
107000225,361,1063,-702
107000226,300,139,161
107000227,145,696,-551
107000228,183,231,-48
107000229,657,245,412
107000230,1636,874,762
107000231,2307,1266,1041
107000232,148,162,-14
107000233,1847,869,978
107000234,1,49,-48
107000235,112,14,98
107000236,20,468,-448
107000237,8,1,7
107000238,20,1,19
107000239,8588,726,7862
107000240,108,1950,-1842
107000241,222,24,198
107000242,1365,101,1264
107000243,0,118,-118
107000244,11,108,-97
107000246,3,1833,-1830
107000249,3,1788,-1785
107000251,15,459,-444
107000252,13,2288,-2275
107000255,1630,178,1452
107000257,1,963,-962
107000258,4,319,-315
107000259,6,411,-405
107000260,453,4,449
107000262,19,1242,-1223
107000263,226,4,222
107000266,11,9,2
107000267,84,408,-324
107000268,242,321,-79
107000269,565,43,522
107000270,1,8,-7
107000271,9,1698,-1689
107000272,17,364,-347
107000273,1,307,-306
107000274,1026,261,765
107000275,95,1168,-1073
107000280,624,28,596
107000281,68,2118,-2050
107000282,25,1908,-1883
107000290,6,44,-38
107000291,20,13,7
107000292,0,42,-42
107000293,90,2,88
107000294,1,47,-46
107000295,45,2,43
107000296,0,40,-40
107000444,150,9,141
107000496,4,58,-54
107000497,2029,4903,-2874
107000500,394,549,-155
107000501,103,384,-281
107000502,242,598,-356
107000505,1216,1286,-70
107000506,0,38,-38
107000508,17,1131,-1114
107000509,281,625,-344
107000510,39,51,-12
107000514,7,546,-539
107000515,26,557,-531
107000516,327,372,-45
107000518,1069,1047,22
107000519,6556,1541,5015
107000520,104,16,88
107900001,38,442,-404
107900002,25,5,20
107900003,389,36,353
107900004,78,1,77
107900005,821,4,817
107900006,181,5,176
107900007,270,30,240
107900008,84,89,-5
107900009,191,6,185
107900010,32,2,30
107900012,511,39,472
107900013,423,177,246
107900014,20,6,14
107900015,796,11,785
107900016,531,146,385
107900017,38,1,37
107900018,116,106,10
107900019,17,149,-132
107900020,63,5,58
107900021,62,297,-235
107900023,5,2,3
107900024,0,50,-50
107900025,246,547,-301
107900026,42,212,-170
107900027,55,94,-39
107900028,56,134,-78
107900030,319,50,269
107900031,123,491,-368
107900032,14,12,2
107900033,29,9,20
107900034,526,16,510
107900035,725,42,683
107900036,30,10,20
107900037,1,82,-81
107900038,188,228,-40
107900039,15,132,-117
107900040,44,177,-133
107900041,2,2,0
107900043,162,413,-251
107900044,9,7,2
107900045,114,42,72
107900046,125,180,-55
107900047,23,147,-124
107900048,291,27,264
107900049,508,828,-320
107900050,135,578,-443
107900051,113,181,-68
107900052,25,73,-48
107900053,27,130,-103
107900055,1257,562,695
107900056,139,37,102
107900057,2,0,2
107900058,45,1280,-1235
107900060,23,57,-34
107900061,30,7,23
107900063,204,258,-54
107900064,472,126,346
107900065,177,18,159
107900066,22,16,6
107900067,0,0,0
107900068,175,321,-146
107900069,45,1421,-1376
107900070,92,37,55
107900071,29,1853,-1824
107900072,70,406,-336
107900073,80,170,-90
107900074,1427,212,1215
107900076,212,178,34
107900077,83,4,79
107900078,280,55,225
107900079,6,41,-35
107900080,188,336,-148
107900081,30,119,-89
107900082,40,29,11
107900083,491,223,268
107900084,212,260,-48
107900086,44,169,-125
107900087,768,122,646
107900088,40,12,28
107900089,372,1329,-957
107900090,804,1838,-1034
107900091,308,887,-579
107900092,3086,829,2257
107900093,95,142,-47
107900095,4514,2352,2162
107900097,33,97,-64
107900098,63,314,-251
107900100,1543,1389,154
107900101,1799,257,1542
107900102,20,9,11
107900103,54,194,-140
107900104,242,5,237
107900105,2,682,-680
107900106,2,2716,-2714
107900107,2293,436,1857
107900108,534,215,319
107900109,992,10,982
107900110,48,226,-178
107900111,7,1738,-1731
107900112,203,591,-388
107900113,212,166,46
107900114,125,332,-207
107900115,4,71,-67
107900116,128,410,-282
107900117,354,810,-456
107900118,92,247,-155
107900119,51,155,-104
107900120,43,17,26
107900121,3,159,-156
107900122,6,55,-49
107900123,0,44,-44
107900124,21,33,-12
107900125,35,292,-257
107900126,3,49,-46
107900127,783,222,561
107900128,176,111,65
107900129,40,58,-18
107900130,86,56,30
107900131,801,221,580
107900132,155,765,-610
107900133,0,130,-130
107900134,23,32,-9
107900135,9,294,-285
107900136,67,46,21
107900137,137,143,-6
107900138,51,42,9
107900139,50,40,10
107900140,188,90,98
107900141,72,74,-2
107900142,90,1968,-1878
107900143,67,81,-14
107900144,3,227,-224
107900145,8,198,-190
107900146,53,221,-168
107900147,75,53,22
107900148,327,326,1
107900149,2974,340,2634
107900150,134,1641,-1507
107900151,22,149,-127
107900152,14,569,-555
107900153,194,393,-199
107900154,74,20,54
107900155,64,50,14
107900156,11,651,-640
107900157,41,157,-116
107900158,637,18,619
107900159,67,2230,-2163
107900160,76,309,-233
107900161,60,421,-361
107900162,2,285,-283
107900163,86,39,47
107900164,6,38,-32
107900165,13,77,-64
107900166,25,477,-452
107900167,52,81,-29
107900168,15,55,-40
107900169,1,243,-242
107900171,16,3678,-3662
107900172,4,578,-574
107900173,22,379,-357
107900174,106,11,95
107900175,10,63,-53
107900176,17,66,-49
107900177,2,368,-366
107900178,0,410,-410
107900179,11,258,-247
107900180,1520,495,1025
107900181,438,682,-244
107900182,9,2878,-2869
107900183,50,529,-479
107900184,63,445,-382
107900185,95,19,76
107900186,21,53,-32
107900187,0,197,-197
107900188,1269,144,1125
107900189,30,211,-181
107900190,189,114,75
107900191,118,277,-159
107900193,15,60,-45
107900194,80,11,69
107900195,6981,846,6135
107900196,51,123,-72
107900197,1299,300,999
107900199,2,1714,-1712
107900201,171,196,-25
107900203,59,113,-54
107900204,373,424,-51
107900205,291,746,-455
107900206,752,267,485
107900207,3,990,-987
107900208,10,1418,-1408
107900209,556,164,392
107900210,113,216,-103
107900213,1121,887,234
107900214,10,289,-279
107900215,285,424,-139
107900216,150,142,8
107900217,55,82,-27
107900218,20,2532,-2512
107900219,35,269,-234
107900220,263,205,58
107900221,316,286,30
107900223,97,1119,-1022
107900224,212,502,-290
107900225,10,1489,-1479
107900226,93,175,-82
107900227,141,749,-608
107900228,17,126,-109
107900229,5,522,-517
107900230,22,257,-235
107900231,19,400,-381
107900232,44,353,-309
107900233,5,163,-158
107900234,175,235,-60
107900235,66,187,-121
107900236,75,110,-35
107900237,117,723,-606
107900238,45,203,-158
107900239,2287,645,1642
107900240,17,219,-202
107900241,24,132,-108
107900242,29,544,-515
107900243,4,67,-63
107900244,239,1,238
107900245,425,38,387
107900246,179,9,170
107900248,220,827,-607
107900249,530,19,511
107900250,3,1014,-1011
107900251,76,2526,-2450
107900252,1011,19,992
107900253,165,7,158
107900254,87,195,-108
107900255,504,84,420
107900256,640,695,-55
107900257,181,96,85
107900258,67,402,-335
107900259,117,1450,-1333
107900261,5,798,-793
107900262,47,288,-241
107900264,239,10,229
107900265,108,402,-294
107900267,202,31,171
107900268,76,11,65
107900269,0,7,-7
107900270,0,0,0
107900271,10,12,-2
107900272,199,22,177
107900273,20,155,-135
107900274,41,2,39
107900275,5,1,4
107900276,0,83,-83
107900277,1,362,-361
107900278,222,606,-384
107900279,214,205,9
107900280,2588,2315,273
107900281,6277,1940,4337
107900282,192,373,-181
107900283,2431,569,1862
107900284,323,1335,-1012
107900285,80,271,-191
107900286,191,138,53
107900287,149,248,-99
107900290,0,132,-132
107900291,524,14,510
107900292,147,428,-281
107900293,94,998,-904
107900295,91,265,-174
107900297,20,494,-474
107900298,1219,1614,-395
107900299,5958,3677,2281
107900300,64,341,-277
107900301,693,577,116
107900302,161,43,118
107900303,108,620,-512
107900304,271,882,-611
107900305,269,4,265
107900306,23,26,-3
107900307,63,399,-336
107900308,307,149,158
107900309,57,0,57
107900310,46,0,46
107900311,421,172,249
107900312,13,1,12
107900313,0,103,-103
107900314,0,47,-47
107900315,1,99,-98
107900316,85,2,83
107900317,116,14,102
107900318,5,256,-251
107900319,7,471,-464
107900320,1,299,-298
107900321,122,5,117
107900322,3,361,-358
107900323,19,263,-244
107900324,161,2,159
107900325,117,0,117
107900326,197,639,-442
107900327,1,2,-1
107900328,5,1,4
107900329,7,1,6
107900330,11,1027,-1016
107900331,157,38,119
107900332,232,68,164
107900333,45,30,15
107900334,34,432,-398
107900335,82,106,-24
107900336,14,65,-51
107900337,2164,725,1439
107900338,6,166,-160
107900339,3,35,-32
107900340,0,81,-81
107900341,35,0,35
107900342,175,247,-72
107900343,38,1,37
107900344,4,216,-212
107900345,111,33,78
107900346,21,1,20
107900347,45,5,40
107900348,2,3,-1
107900349,25,19,6
107900350,33,446,-413
108000001,2929,4654,-1725
108000002,2974,5366,-2392
108000003,3853,3063,790
108000004,23390,24693,-1303
108000005,7286,5335,1951
108000006,9778,10680,-902
108000007,5117,4610,507
108000008,7221,9150,-1929
108000009,3856,4705,-849
108000010,4760,8129,-3369
108000011,12831,12812,19
108000012,27364,25420,1944
108000014,1131,822,309
108000015,683,463,220
108000016,248,894,-646
108000017,863,538,325
108000018,1644,747,897
108000019,1902,980,922
108000020,1652,646,1006
108000021,603,2662,-2059
108000022,892,2743,-1851
108000023,1383,319,1064
108000024,242,1108,-866
108000025,297,351,-54
108000026,408,922,-514
108000027,599,656,-57
108000028,298,413,-115
108000029,448,748,-300
108000030,646,324,322
108000031,283,814,-531
108000032,1116,743,373
108000033,860,2140,-1280
108000034,1565,624,941
108000035,1405,4226,-2821
108000036,498,2311,-1813
108000037,1666,507,1159
108000038,2435,570,1865
108000039,752,4696,-3944
108000040,1899,1004,895
108000041,871,4536,-3665
108000042,204,378,-174
108000043,235,436,-201
108000044,307,232,75
108000045,326,1057,-731
108000046,1371,421,950
108000047,609,1901,-1292
108000048,168,665,-497
108000049,613,297,316
108000050,140,805,-665
108000051,334,107,227
108000052,442,1106,-664
108000053,294,128,166
108000054,752,1680,-928
108000055,1460,515,945
108000056,1186,1827,-641
108000057,631,1140,-509
108000058,2670,3766,-1096
108000059,5499,3087,2412
108000060,214,540,-326
108000061,239,472,-233
108000062,701,704,-3
108000063,409,1015,-606
108000064,220,345,-125
108000065,623,1143,-520
108000066,2557,1093,1464
108000067,1931,621,1310
108000068,739,404,335
108000069,407,1687,-1280
108000070,1729,789,940
108000071,821,2809,-1988
108000072,1477,1347,130
108000073,2053,3142,-1089
108000074,425,471,-46
108000075,491,1269,-778
108000076,971,692,279
108000077,1092,1210,-118
108000078,2024,2324,-300
108000079,1267,2922,-1655
108000080,844,978,-134
108000081,564,4411,-3847
108000082,1381,3206,-1825
108000083,2117,1095,1022
108000084,579,2213,-1634
108000085,696,502,194
108000086,1213,1546,-333
108000087,150,2042,-1892
108000088,176,8,168
108000089,406,444,-38
108000090,395,203,192
108000091,126,1160,-1034
108000092,103,159,-56
108000093,198,1526,-1328
108000094,714,195,519
108000095,227,1051,-824
108000096,318,219,99
108000097,189,1199,-1010
108000098,1235,2215,-980
108000099,188,120,68
108000100,45,255,-210
108000101,875,1614,-739
108000102,1715,3013,-1298
108000106,1130,1,1129
108000107,5,1453,-1448
108000108,556,58,498
108000109,20,1580,-1560
108000110,210,421,-211
108000111,249,1497,-1248
108000112,78,164,-86
108000113,783,531,252
108000115,595,729,-134
108000117,1025,580,445
108000118,136,222,-86
108000119,877,660,217
108000120,149,998,-849
108000121,194,975,-781
108000122,397,616,-219
108000123,580,497,83
108000124,273,964,-691
108000125,248,578,-330
108000126,183,959,-776
108000127,418,494,-76
108000128,633,1038,-405
108000129,271,2176,-1905
108000130,330,367,-37
108000131,878,532,346
108000132,2719,2434,285
108000133,776,674,102
108000134,809,1071,-262
108000135,1195,436,759
108000136,1582,1757,-175
108000137,429,557,-128
108000138,385,1650,-1265
108000139,372,526,-154
108000140,51,45,6
108000141,41,354,-313
108000142,47,344,-297
108000143,38,99,-61
108000144,38,17,21
108000145,78,100,-22
108000146,43,28,15
108000147,59,123,-64
108000148,55,15,40
108000149,65,77,-12
108000150,27,9,18
108000151,23,18,5
108000152,139,1098,-959
108000153,366,128,238
108000154,72,50,22
108000155,21,27,-6
108000156,491,188,303
108000157,191,915,-724
108000158,162,840,-678
108000159,1063,276,787
108000160,8585,1220,7365
108000161,9073,2403,6670
108000165,5,166,-161
108000172,4,321,-317
108000173,4317,2082,2235
108000175,180,106,74
108000178,499,499,0
108000179,289,877,-588
108000181,68,59,9
108000182,242,28,214
108000183,27,57,-30
108000184,1837,2274,-437
108000185,186,1026,-840
108000186,111,99,12
108000187,67,1511,-1444
108000188,484,365,119
108000189,988,1272,-284
108000190,39,180,-141
108000192,184,1136,-952
108000193,1501,89,1412
108000194,23,32,-9
108000195,8,2092,-2084
108000196,156,186,-30
108000198,574,512,62
108000199,1,168,-167
108000200,296,1237,-941
108000202,3,242,-239
108000203,100,1558,-1458
108000204,101,36,65
108000205,598,1028,-430
108000339,2076,472,1604
108000364,249,395,-146
108000365,66,586,-520
108000367,193,656,-463
108000368,9,84,-75
108000369,2926,210,2716
108000371,2,1037,-1035
108000372,557,2,555
108000373,110,223,-113
108000376,53,55,-2
108000377,391,613,-222
108000378,10840,11807,-967
108000379,56,273,-217
108000381,58,13,45
108000382,98,0,98
108000383,1,140,-139
108900001,205,1840,-1635
108900002,360,137,223
108900003,433,1745,-1312
108900004,94,274,-180
108900005,64,316,-252
108900006,829,254,575
108900007,175,282,-107
108900008,77,187,-110
108900009,71,150,-79
108900010,131,209,-78
108900011,396,551,-155
108900012,317,694,-377
108900013,163,359,-196
108900014,22,101,-79
108900015,0,48,-48
108900016,3,316,-313
108900017,245,321,-76
108900018,97,950,-853
108900019,78,2282,-2204
108900020,61,493,-432
108900021,115,508,-393
108900022,75,6,69
108900023,3,12,-9
108900024,31,204,-173
108900025,81,161,-80
108900026,26,146,-120
108900027,0,141,-141
108900028,57,748,-691
108900029,78,286,-208
108900030,1,151,-150
108900031,67,817,-750
108900032,16,455,-439
108900033,1,180,-179
108900034,0,429,-429
108900035,290,2756,-2466
108900036,246,612,-366
108900037,73,863,-790
108900038,0,804,-804
108900039,4,889,-885
108900040,7,217,-210
108900041,8560,3427,5133
108900042,5,466,-461
108900043,88,720,-632
108900044,4,1167,-1163
108900045,56,1112,-1056
108900046,94,1974,-1880
108900047,0,78,-78
108900048,130,1994,-1864
108900049,9719,1610,8109
108900050,0,400,-400
108900051,1,412,-411
108900052,28,556,-528
108900053,198,226,-28
108900054,86,415,-329
108900055,126,794,-668
108900056,3,274,-271
108900057,5,371,-366
108900058,40,812,-772
108900059,518,54,464
108900060,82,251,-169
108900061,97,66,31
108900062,5,602,-597
108900063,28,749,-721
108900064,168,117,51
108900065,15,527,-512
108900066,263,190,73
108900067,57,280,-223
108900068,2,209,-207
108900069,54,219,-165
108900070,53,250,-197
108900071,85,114,-29
108900072,4222,601,3621
108900073,3,163,-160
108900074,147,891,-744
108900075,72,101,-29
108900076,301,96,205
108900077,148,232,-84
108900078,39,280,-241
108900079,1302,394,908
108900080,34,717,-683
108900081,83,456,-373
108900082,63,116,-53
108900083,31,303,-272
108900084,497,246,251
108900085,3762,278,3484
108900086,67,561,-494
108900087,161,364,-203
108900088,957,400,557
108900089,23,154,-131
108900090,42,672,-630
108900091,208,229,-21
108900092,506,375,131
108900093,103,111,-8
108900094,302,165,137
108900095,126,1141,-1015
108900096,654,75,579
108900097,453,339,114
108900098,5067,714,4353
108900099,359,525,-166
108900100,82,228,-146
108900101,221,156,65
108900102,175,1136,-961
108900103,77,81,-4
108900104,281,804,-523
108900105,55,1215,-1160
108900106,291,943,-652
108900108,347,86,261
108900109,17,28,-11
108900110,202,918,-716
108900111,391,1315,-924
108900112,241,34,207
108900113,79,44,35
108900114,1,2,-1
108900115,121,107,14
108900116,54,16,38
108900117,108,4,104
108900118,501,10,491
108900119,176,57,119
108900120,127,223,-96
108900121,380,94,286
108900122,109,56,53
108900123,133,107,26
108900124,350,212,138
108900125,318,3,315
108900126,164,47,117
108900127,159,44,115
108900128,102,31,71
108900129,884,186,698
108900130,235,0,235
108900131,380,8,372
108900132,541,278,263
108900133,294,73,221
108900134,243,341,-98
108900135,107,1,106
108900136,15,0,15
108900137,117,1,116
108900138,512,29,483
108900139,507,152,355
108900140,220,272,-52
108900141,260,20,240
108900142,103,4,99
108900143,17,0,17
108900144,85,2,83
108900145,124,9,115
108900146,73,0,73
108900147,206,2,204
108900148,98,72,26
108900149,800,607,193
108900150,274,10,264
108900151,101,8,93
108900152,95,62,33
108900153,113,772,-659
108900154,4736,635,4101
108900155,244,100,144
108900156,79,11,68
108900157,23,1183,-1160
108900158,448,90,358
108900159,10,631,-621
108900160,16,436,-420
108900161,33,743,-710
108900162,66,0,66
108900163,3,297,-294
108900164,83,99,-16
108900165,309,119,190
108900167,3509,4653,-1144
108900168,14591,2947,11644
108900169,25,264,-239
108900171,14855,2898,11957
108900172,252,41,211
108900173,242,681,-439
108900174,489,583,-94
108900176,191,933,-742
108900177,14098,4296,9802
108900178,8957,3731,5226
108900179,630,1460,-830
108900180,102,299,-197
108900182,63,401,-338
108900183,245,339,-94
108900184,695,312,383
108900185,61,589,-528
108900186,63,567,-504
108900187,316,93,223
108900188,443,61,382
108900189,319,194,125
108900190,64,6645,-6581
108900191,204,33,171
108900192,71,427,-356
108900193,229,58,171
108900194,38,632,-594
108900195,69,640,-571
108900196,82,1091,-1009
108900198,6,1293,-1287
108900199,283,468,-185
108900200,443,501,-58
108900201,530,1734,-1204
108900203,670,65,605
108900204,645,19,626
108900205,360,40,320
108900206,417,51,366
108900207,271,75,196
108900208,26,622,-596
108900209,329,1186,-857
108900210,217,358,-141
108900211,146,487,-341
108900212,1233,1125,108
108900215,158,1128,-970
108900216,702,123,579
108900217,116,1,115
108900218,227,19,208
108900219,91,3,88
108900220,91,26,65
108900221,64,173,-109
108900222,254,20,234
108900223,13,138,-125
108900224,53,185,-132
108900225,0,298,-298
108900226,274,12,262
108900227,172,300,-128
108900230,825,534,291
108900231,67,437,-370
108900232,0,804,-804
108900233,386,130,256
108900234,371,210,161
108900235,386,1118,-732
108900236,58,664,-606
108900237,92,471,-379
108900240,107,101,6
108900241,39,72,-33
108900245,4,1283,-1279
108900249,171,18,153
108900250,273,260,13
108900257,195,1086,-891
108900258,15,408,-393
108900259,83,135,-52
108900260,5,168,-163
108900261,234,240,-6
108900262,309,229,80
108900263,83,484,-401
108900264,599,465,134
108900265,2347,479,1868
108900266,2219,568,1651
108900267,7,114,-107
108900268,7,3,4
108900269,108,12,96
108900270,58,9,49
108900271,34,5,29
108900272,199,3,196
108900273,1399,781,618
108900274,32,119,-87
109000001,5503,1441,4062
109000002,4756,2025,2731
109000003,2479,879,1600
109000004,630,4033,-3403
109000005,2422,1314,1108
109000006,853,3229,-2376
109000007,1680,1135,545
109000008,603,3070,-2467
109000009,3937,1739,2198
109000010,1806,7211,-5405
109000011,3120,2351,769
109000012,2239,6794,-4555
109000013,3264,3027,237
109000014,1939,6471,-4532
109000015,3891,6445,-2554
109000016,18197,6962,11235
109000017,2477,1653,824
109000018,1213,5400,-4187
109000019,2576,1785,791
109000020,1460,3617,-2157
109000023,236,46,190
109000024,6,226,-220
109000025,525,518,7
109000026,1256,468,788
109000027,137,448,-311
109000028,156,126,30
109000029,203,242,-39
109000030,108,891,-783
109000031,158,165,-7
109000032,168,916,-748
109000033,409,112,297
109000034,69,89,-20
109000035,31,88,-57
109000036,85,507,-422
109000037,220,1092,-872
109000038,609,681,-72
109000039,979,716,263
109000040,10649,5926,4723
109000041,8279,1672,6607
109000042,1705,1614,91
109000044,336,83,253
109000045,127,713,-586
109000046,304,100,204
109000047,77,668,-591
109000048,920,249,671
109000049,272,874,-602
109000050,377,321,56
109000051,472,441,31
109000052,590,3197,-2607
109000053,186,91,95
109000054,346,1368,-1022
109000055,219,285,-66
109000056,372,1193,-821
109000057,543,422,121
109000058,1241,389,852
109000059,878,1237,-359
109000060,715,248,467
109000061,2176,831,1345
109000062,164,379,-215
109000063,258,294,-36
109000064,174,325,-151
109000065,143,545,-402
109000066,382,217,165
109000067,69,583,-514
109000068,1323,21,1302
109000069,748,50,698
109000070,4,1432,-1428
109000071,433,131,302
109000072,95,559,-464
109000073,40,181,-141
109000074,37,331,-294
109000075,84,616,-532
109000076,98,303,-205
109000077,426,423,3
109000078,60,200,-140
109000079,173,389,-216
109000080,124,183,-59
109000081,123,887,-764
109000082,591,416,175
109000083,293,1300,-1007
109000088,164,1063,-899
109000089,273,69,204
109000090,227,1007,-780
109000091,240,183,57
109000092,490,1154,-664
109000093,221,271,-50
109000094,414,1,413
109000095,151,1014,-863
109000096,620,267,353
109000097,98,186,-88
109000098,63,104,-41
109000099,960,838,122
109000100,285,845,-560
109000101,1209,1423,-214
109000102,326,1316,-990
109000103,374,964,-590
109000104,1310,1135,175
109000105,602,2269,-1667
109000106,1790,1321,469
109000107,722,3655,-2933
109000108,1558,834,724
109000109,629,3625,-2996
109000110,1639,765,874
109000111,1457,3705,-2248
109000112,416,233,183
109000113,294,291,3
109000114,245,521,-276
109000115,1678,77,1601
109000116,3,267,-264
109000117,139,199,-60
109000118,20,448,-428
109000119,837,797,40
109000120,187,1891,-1704
109000121,304,94,210
109000122,154,1875,-1721
109000123,22,138,-116
109000124,586,559,27
109000125,622,487,135
109000126,368,1584,-1216
109000127,647,280,367
109000128,596,3895,-3299
109000129,1858,1019,839
109000130,717,4453,-3736
109000131,732,535,197
109000132,711,3471,-2760
109000133,484,1521,-1037
109000134,1010,2221,-1211
109000135,1302,2125,-823
109000136,389,711,-322
109000137,282,508,-226
109000138,515,839,-324
109000139,540,635,-95
109000140,193,914,-721
109000141,396,648,-252
109000142,128,981,-853
109000143,123,76,47
109000145,68,212,-144
109000146,65,150,-85
109000148,6893,1720,5173
109000149,20,60,-40
109000150,102,264,-162
109000155,727,792,-65
109000156,2453,1418,1035
109000158,152,417,-265
109000159,181,1216,-1035
109000160,980,418,562
109000161,367,2668,-2301
109000162,1883,1442,441
109000163,1109,3426,-2317
109000164,1156,4338,-3182
109000165,1337,953,384
109000166,710,215,495
109000167,147,1774,-1627
109000170,64,98,-34
109000171,56,44,12
109000172,50,69,-19
109000173,32,77,-45
109000174,125,89,36
109000175,57,192,-135
109000176,276,404,-128
109000177,23,282,-259
109000178,411,165,246
109000179,13222,4364,8858
109000180,7950,4103,3847
109000181,15,64,-49
109000182,35,65,-30
109000183,42,57,-15
109000184,43,21,22
109000185,27,125,-98
109000188,472,5364,-4892
109000189,1961,1419,542
109000190,595,699,-104
109000191,267,968,-701
109000192,362,414,-52
109000193,182,789,-607
109000194,178,212,-34
109000195,100,813,-713
109000196,245,197,48
109000197,191,999,-808
109000198,285,92,193
109000199,124,968,-844
109000206,382,42,340
109000207,151,45,106
109000208,152,111,41
109000209,191,133,58
109000210,180,1035,-855
109000211,444,486,-42
109000214,340,1080,-740
109000215,137,84,53
109000216,260,204,56
109000217,226,124,102
109000218,286,178,108
109000221,544,1921,-1377
109000222,889,249,640
109000223,258,389,-131
109000224,46,406,-360
109000225,62,68,-6
109000226,40,603,-563
109000227,991,2720,-1729
109000228,0,570,-570
109000231,2,828,-826
109000232,296,789,-493
109000236,310,1154,-844
109000241,2345,3257,-912
109000242,1911,2439,-528
109000293,12,59,-47
109000361,132,469,-337
109000364,249,1112,-863
109000396,10,1487,-1477
109000397,511,10,501
109000399,156,1012,-856
109000400,72,410,-338
109000403,86,574,-488
109000406,310,5,305
109000407,374,343,31
109000408,1,1235,-1234
109000410,908,268,640
109000411,105,39,66
109900001,85,0,85
109900002,655,11,644
109900003,225,0,225
109900004,776,436,340
109900005,14,4,10
109900006,373,600,-227
109900007,643,1540,-897
109900008,0,55,-55
109900009,157,1238,-1081
109900010,533,15,518
109900011,55,79,-24
109900012,239,239,0
109900013,360,168,192
109900014,390,84,306
109900015,468,187,281
109900016,125,103,22
109900017,146,199,-53
109900018,241,292,-51
109900019,200,136,64
109900020,28,37,-9
109900021,18,14,4
109900022,78,619,-541
109900023,17,10,7
109900024,42,7,35
109900025,19,142,-123
109900026,9,328,-319
109900027,33,19,14
109900028,4752,678,4074
109900029,7,1182,-1175
109900030,33,11,22
109900031,0,196,-196
109900032,18,499,-481
109900033,22,1118,-1096
109900034,29,4,25
109900035,2,12,-10
109900036,30,132,-102
109900037,40,1063,-1023
109900038,45,342,-297
109900039,7,0,7
109900040,46,1114,-1068
109900041,73,907,-834
109900042,22,742,-720
109900044,106,509,-403
109900045,138,79,59
109900046,6,89,-83
109900047,430,530,-100
109900048,0,122,-122
109900049,13,34,-21
109900050,1,551,-550
109900051,0,54,-54
109900052,53,449,-396
109900053,9,979,-970
109900054,525,280,245
109900055,60,463,-403
109900056,52,200,-148
109900057,13,429,-416
109900058,1,212,-211
109900059,474,168,306
109900060,445,235,210
109900061,179,483,-304
109900062,2,572,-570
109900063,6,542,-536
109900064,506,527,-21
109900065,247,152,95
109900066,372,1651,-1279
109900067,6,807,-801
109900068,45,1,44
109900069,1,76,-75
109900070,70,470,-400
109900071,0,51,-51
109900072,25,189,-164
109900073,329,1539,-1210
109900074,26,60,-34
109900075,23,33,-10
109900076,24,519,-495
109900077,28,78,-50
109900078,121,480,-359
109900080,203,657,-454
109900081,14,176,-162
109900082,50,857,-807
109900083,27,95,-68
109900084,108,301,-193
109900085,243,2225,-1982
109900086,139,299,-160
109900087,355,671,-316
109900089,567,199,368
109900090,679,2752,-2073
109900091,214,100,114
109900092,412,14,398
109900093,559,165,394
109900094,81,153,-72
109900095,137,527,-390
109900096,40,8,32
109900097,107,3,104
109900098,312,50,262
109900099,133,1,132
109900100,56,2,54
109900101,235,12,223
109900102,359,29,330
109900103,27,75,-48
109900104,479,2080,-1601
109900105,600,36,564
109900106,317,116,201
109900107,345,125,220
109900108,99,719,-620
109900109,33,365,-332
109900110,91,1088,-997
109900111,479,2960,-2481
109900112,532,1769,-1237
109900113,631,577,54
109900114,1156,801,355
109900115,143,116,27
109900117,849,156,693
109900118,351,688,-337
109900119,614,502,112
109900120,47,23,24
109900121,330,462,-132
109900122,280,4,276
109900123,14,326,-312
109900124,51,1403,-1352
109900125,8,419,-411
109900126,196,307,-111
109900128,238,76,162
109900130,22684,2177,20507
109900131,92,224,-132
109900132,60,244,-184
109900133,72,652,-580
109900134,74,74,0
109900135,571,110,461
109900136,40,209,-169
109900137,99,780,-681
109900138,493,927,-434
109900140,171,694,-523
109900142,955,380,575
109900145,6,294,-288
109900146,415,43,372
109900148,37,145,-108
109900149,47,86,-39
109900150,7,96,-89
109900151,10,73,-63
109900152,0,22,-22
109900153,2,81,-79
109900154,40,0,40
109900155,35,11,24
109900157,104,518,-414
109900158,78,209,-131
109900159,149,47,102
109900160,109,96,13
109900161,199,93,106
109900162,186,124,62
109900163,938,673,265
109900164,64,321,-257
109900165,379,8,371
109900166,2,283,-281
109900167,134,1032,-898
109900168,193,866,-673
109900169,141,206,-65
109900170,443,678,-235
109900171,167,156,11
109900172,161,275,-114
109900173,7182,2278,4904
109900174,62,262,-200
109900175,52,70,-18
109900176,111,329,-218
109900177,35,514,-479
109900178,17,195,-178
109900179,41,40,1
109900180,7,12,-5
110000001,976,886,90
110000002,692,824,-132
110000003,1263,915,348
110000004,665,761,-96
110000005,998,1661,-663
110000006,1106,534,572
110000007,195,271,-76
110000008,13,34,-21
110000009,72,92,-20
110000010,36,59,-23
110000011,57,290,-233
110000012,1022,880,142
110000013,64,427,-363
110000014,802,541,261
110000015,323,616,-293
110000016,358,1153,-795
110000017,6124,430,5694
110000018,6588,771,5817
110000019,15,350,-335
110000020,1329,401,928
110000021,583,578,5
110000022,933,342,591
110000023,17,468,-451
110000024,747,645,102
110000025,248,10,238
110000026,7,1464,-1457
110000027,915,749,166
110000028,860,938,-78
110000029,590,1807,-1217
110000030,208,368,-160
110000031,318,1102,-784
110000032,812,497,315
110000033,200,245,-45
110000034,312,947,-635
110000035,662,1853,-1191
110000036,718,909,-191
110000037,205,1200,-995
110000038,262,720,-458
110000039,718,2038,-1320
110000040,380,733,-353
110000041,302,1100,-798
110000042,90,403,-313
110000043,525,269,256
110000044,71,87,-16
110000045,599,118,481
110000046,12,16,-4
110000047,16,27,-11
110000048,9,18,-9
110000049,33,8,25
110000050,3,28,-25
110000051,41,15,26
110000052,39,23,16
110000053,143,4,139
110000054,154,472,-318
110000055,368,81,287
110000056,228,64,164
110000057,369,1466,-1097
110000058,1154,1055,99
110000059,810,625,185
110000060,553,1165,-612
110000061,1004,1167,-163
110000062,948,1127,-179
110000063,38,86,-48
110000064,82,306,-224
110000065,59,110,-51
110000066,89,42,47
110000067,115,972,-857
110000068,234,1285,-1051
110000069,150,114,36
110000071,84,185,-101
110000073,5,31,-26
110000075,10,134,-124
110000076,354,365,-11
110000077,761,1009,-248
110000078,23,91,-68
110000080,330,951,-621
110000081,23,394,-371
110000082,30,416,-386
110000083,251,809,-558
110000084,866,851,15
110000085,3190,2008,1182
110000086,1543,1876,-333
110000087,12,89,-77
110000088,39,328,-289
110000089,260,323,-63
110000090,138,622,-484
110000091,3717,434,3283
110000092,32,183,-151
110000093,33,11,22
110000094,645,328,317
110000095,141,847,-706
110000096,6059,2346,3713
110000097,1022,1543,-521
110000098,2039,823,1216
110000099,994,2151,-1157
110000100,678,1497,-819
110000101,22,858,-836
110000102,38,22,16
110000104,225,136,89
110000105,96,413,-317
110000106,602,291,311
110000107,554,572,-18
110000108,253,70,183
110000109,357,464,-107
110000110,5989,5467,522
110000111,13074,3050,10024
110000112,2119,808,1311
110000113,1048,1810,-762
110000114,148,607,-459
110000115,249,408,-159
110000116,47,67,-20
110000117,171,1050,-879
110000118,380,481,-101
110000119,277,798,-521
110000120,360,344,16
110000121,124,477,-353
110000122,475,894,-419
110000123,513,761,-248
110000124,3,1154,-1151
110000125,987,6,981
110000126,355,17,338
110000127,938,62,876
110000128,67,2393,-2326
110000129,3,804,-801
110000130,191,186,5
110000131,139,535,-396
110000132,5,994,-989
110000133,86,471,-385
110000134,42,451,-409
110000135,250,49,201
110000136,66,500,-434
110000137,436,1207,-771
110000138,718,1507,-789
110000139,732,2900,-2168
110000140,1385,702,683
110000143,1046,564,482
110000144,5725,1841,3884
110000145,1601,1383,218
110000146,2755,1733,1022
110000147,357,977,-620
110000148,331,586,-255
110000151,920,671,249
110000152,891,491,400
110000153,100,113,-13
110000154,75,59,16
110000155,3345,3591,-246
110000156,966,2328,-1362
110000157,1742,2521,-779
110000160,324,685,-361
110000161,195,891,-696
110000166,450,244,206
110000167,694,611,83
110000168,948,385,563
110000169,858,387,471
110000170,127,125,2
110000171,788,233,555
110000172,211,1152,-941
110000173,1655,1643,12
110000174,174,2723,-2549
110000175,473,124,349
110000176,100,277,-177
110000177,241,1006,-765
110000178,784,1181,-397
110000179,2671,619,2052
110000180,137,554,-417
110000181,284,662,-378
110000182,467,534,-67
110000183,20607,6931,13676
110000184,1970,2571,-601
110000185,1077,952,125
110000186,908,886,22
110000191,651,597,54
110000192,329,9,320
110000193,661,6,655
110000194,23,2394,-2371
110000195,322,690,-368
110000196,334,913,-579
110000197,61,380,-319
110000198,107,146,-39
110000199,85,148,-63
110000200,1844,872,972
110000201,728,1023,-295
110000202,1383,655,728
110000203,982,1429,-447
110000204,2,696,-694
110000205,121,81,40
110000206,1059,3127,-2068
110000207,824,380,444
110000208,170,126,44
110000209,189,1543,-1354
110000210,710,1159,-449
110000211,556,1341,-785
110000212,504,1220,-716
110000213,140,74,66
110000214,159,152,7
110000215,136,1131,-995
110000216,78,1173,-1095
110000217,323,399,-76
110000218,203,868,-665
110000219,227,110,117
110000220,59,774,-715
110000221,215,119,96
110000222,35,599,-564
110000223,1,176,-175
110000224,101,28,73
110000225,229,874,-645
110000226,238,94,144
110000227,1232,686,546
110000228,501,409,92
110000229,0,506,-506
110000230,485,751,-266
110000231,157,238,-81
110000232,145,258,-113
110000233,171,532,-361
110000234,624,576,48
110000235,1731,1195,536
110000236,507,1327,-820
110000237,1420,1423,-3
110000238,1159,1925,-766
110000239,1543,1822,-279
110000240,3,162,-159
110000242,0,19,-19
110000243,101,368,-267
110000244,133,787,-654
110000245,51,779,-728
110000246,746,1195,-449
110000247,1666,7425,-5759
110000248,2762,2576,186
110000249,75,6,69
110000250,28,452,-424
110000251,223,1018,-795
110000252,236,518,-282
110000253,1266,817,449
110000254,733,2582,-1849
110000255,254,2257,-2003
110000256,463,359,104
110000257,757,669,88
110000258,11,1146,-1135
110000259,92,22,70
110000260,21,933,-912
110000263,687,212,475
110000264,302,1311,-1009
110000265,1306,2014,-708
110000266,2547,2680,-133
110000267,20,341,-321
110000268,376,1138,-762
110000269,5,162,-157
110000270,63,9,54
110000271,3172,433,2739
110000272,1176,1273,-97
110000273,4135,1930,2205
110000274,311,1268,-957
110000275,6189,720,5469
110000276,194,324,-130
110000277,250,964,-714
110000278,275,1586,-1311
110000279,731,1000,-269
110000280,268,646,-378
110000281,22,318,-296
110000282,385,88,297
110000283,64,117,-53
110000284,84,105,-21
110000285,0,515,-515
110000286,21,0,21
110000287,69,0,69
110000288,3,172,-169
110000289,787,2118,-1331
110000290,1954,852,1102
110000291,10761,1956,8805
110000292,1579,4483,-2904
110000293,507,1605,-1098
110000294,877,1120,-243
110000295,353,1996,-1643
110000296,577,572,5
110000297,3008,411,2597
110000298,252,916,-664
110000299,521,62,459
110000301,343,19,324
110000302,296,2514,-2218
110000303,350,2,348
110000304,112,509,-397
110000305,866,42,824
110000306,150,3586,-3436
110000307,1268,17,1251
110000308,617,41,576
110000309,19,2335,-2316
110000310,580,127,453
110000311,31,1634,-1603
110000312,600,101,499
110000313,3725,3352,373
110000314,0,531,-531
110000315,5282,2685,2597
110000316,903,1423,-520
110000317,588,481,107
110000318,6,190,-184
110000319,9,18,-9
110000320,49,84,-35
110000321,7,74,-67
110000322,261,925,-664
110000323,304,294,10
110000324,8731,1664,7067
110000325,3270,2468,802
110000327,628,515,113
110000328,213,798,-585
110000333,690,516,174
110000334,711,2388,-1677
110000335,848,754,94
110000336,582,2031,-1449
110000337,1222,835,387
110000338,297,414,-117
110000339,217,382,-165
110000340,70,310,-240
110000341,384,931,-547
110000342,684,4,680
110000343,1,15,-14
110000344,105,374,-269
110000345,162,113,49
110000346,3248,1763,1485
110000347,1163,895,268
110000348,15,30,-15
110000349,11,20,-9
110000350,63,10,53
110000351,682,1198,-516
110000352,521,1938,-1417
110000353,5057,962,4095
110000354,1528,2681,-1153
110000355,108,121,-13
110000356,1030,13,1017
110000357,341,23,318
110000361,17,114,-97
110000362,65,463,-398
110000363,340,209,131
110000364,222,622,-400
110000365,160,2,158
110000366,0,170,-170
110000367,392,543,-151
110000368,3,119,-116
110000369,42,1,41
110000373,20,487,-467
110000374,110,13,97
110000375,254,1338,-1084
110000376,34,103,-69
110000377,87,453,-366
110000378,26,385,-359
110000379,6450,1572,4878
110000380,41,11,30
110000383,7,1506,-1499
110000384,2635,1293,1342
110000385,3,362,-359
110000387,74,14,60
110000388,49,363,-314
110000389,835,4,831
110000391,415,638,-223
110000396,110,215,-105
110000397,79,427,-348
110000398,0,52,-52
110000399,176,1,175
110000587,107,79,28
110000589,182,260,-78
110000640,175,179,-4
110000652,17,202,-185
110000653,219,718,-499
110000654,19,59,-40
110000656,1,1028,-1027
110000674,23,40,-17
110000675,22,32,-10
110000676,8,159,-151
110000679,653,1050,-397
110000682,122,208,-86
110000683,414,676,-262
110000684,2,120,-118
110000685,10,33,-23
110000686,1,47,-46
110000687,36,5,31
110000688,67,844,-777
110000689,43,72,-29
110000692,133,582,-449
110000693,205,312,-107
110000694,0,211,-211
110000695,241,1292,-1051
110000696,282,341,-59
110900001,249,41,208
110900002,245,394,-149
110900003,553,1649,-1096
110900004,321,379,-58
110900005,8616,2166,6450
110900006,44,8,36
110900007,110,18,92
110900008,33,44,-11
110900009,453,65,388
110900010,8,136,-128
110900011,14,199,-185
110900012,7,196,-189
110900013,1012,310,702
110900014,155,19,136
110900015,1672,628,1044
110900016,31,327,-296
110900017,349,88,261
110900018,458,78,380
110900019,122,45,77
110900020,81,1013,-932
110900021,86,1083,-997
110900022,161,643,-482
110900023,123,1217,-1094
110900024,27,833,-806
110900025,10,94,-84
110900027,71,549,-478
110900028,60,339,-279
110900029,44,791,-747
110900030,32,751,-719
110900031,6,336,-330
110900032,2,185,-183
110900033,30,599,-569
110900035,65,866,-801
110900036,140,31,109
110900037,59,35,24
110900038,2402,361,2041
110900039,10,361,-351
110900040,298,59,239
110900041,25,313,-288
110900042,73,91,-18
110900043,7,240,-233
110900044,269,26,243
110900045,97,1084,-987
110900046,243,399,-156
110900047,1355,282,1073
110900049,137,81,56
110900050,9,5,4
110900051,46,325,-279
110900052,4,347,-343
110900053,149,99,50
110900054,37,594,-557
110900055,32,1,31
110900056,64,213,-149
110900057,5,421,-416
110900058,193,503,-310
110900059,854,1680,-826
110900060,533,132,401
110900061,44,73,-29
110900062,98,524,-426
110900063,66,142,-76
110900064,18,0,18
110900065,443,197,246
110900066,33,138,-105
110900067,992,678,314
110900068,311,438,-127
110900069,8,62,-54
110900070,163,86,77
110900071,386,532,-146
110900073,1,37,-36
110900074,345,121,224
110900075,474,108,366
110900077,567,668,-101
110900078,21,231,-210
110900079,2627,928,1699
110900080,114,100,14
110900081,3,203,-200
110900082,85,472,-387
110900083,135,46,89
110900084,81,410,-329
110900085,94,860,-766
110900086,109,348,-239
110900087,336,104,232
110900088,19,0,19
110900090,64,30,34
110900091,2,92,-90
110900093,335,79,256
110900095,59,89,-30
110900097,15,19,-4
110900098,42,320,-278
110900099,62,1297,-1235
110900100,0,46,-46
110900102,61,26,35
110900105,1404,863,541
110900108,7,230,-223
110900111,491,141,350
110900112,703,15,688
110900113,699,50,649
110900115,4,184,-180
110900116,452,4515,-4063
110900118,221,2504,-2283
110900119,8839,424,8415
110900120,24,266,-242
110900121,96,0,96
110900122,332,216,116
110900125,350,343,7
110900127,514,1086,-572
110900128,165,250,-85
110900129,455,665,-210
110900130,1824,534,1290
110900131,178,61,117
110900132,310,55,255
110900133,93,479,-386
110900135,149,972,-823
110900136,262,16,246
110900137,55,0,55
110900138,746,471,275
110900139,15,37,-22
110900140,50,6,44
110900141,3,151,-148
110900142,77,468,-391
110900143,126,94,32
110900144,5,1197,-1192
110900145,123,28,95
110900146,454,118,336
110900147,448,345,103
110900148,3,643,-640
110900149,2,101,-99
110900150,42,51,-9
110900151,8,111,-103
110900152,29,620,-591
110900153,99,69,30
111000001,345,306,39
111000002,568,913,-345
111000003,1065,872,193
111000004,678,1614,-936
111000005,1306,1115,191
111000006,1111,1872,-761
111000007,7784,3185,4599
111000008,5063,4606,457
111000009,430,1399,-969
111000010,855,376,479
111000011,468,1316,-848
111000012,687,489,198
111000013,443,1690,-1247
111000014,1068,759,309
111000017,153,847,-694
111000018,280,541,-261
111000020,4322,3172,1150
111000021,219,192,27
111000023,182,198,-16
111000025,11616,3786,7830
111000029,103,151,-48
111000030,44,136,-92
111000031,2737,1185,1552
111000032,715,302,413
111000033,344,244,100
111000034,664,204,460
111000037,6028,1819,4209
111000038,4009,4339,-330
111000039,1722,4329,-2607
111000040,1848,4558,-2710
111000041,2141,2958,-817
111000042,9840,3865,5975
111000043,3112,2489,623
111000044,1524,1340,184
111000045,1783,2956,-1173
111000046,1274,2129,-855
111000047,2034,3143,-1109
111000049,415,905,-490
111000050,2879,2607,272
111000051,573,1792,-1219
111000052,834,2205,-1371
111000053,588,1926,-1338
111000054,302,2138,-1836
111000055,1697,3166,-1469
111000056,142,1126,-984
111000057,101,1573,-1472
111000058,214,187,27
111000059,425,428,-3
111000060,3383,828,2555
111000061,590,470,120
111000062,815,356,459
111000063,1777,1318,459
111000064,512,895,-383
111000065,1061,1145,-84
111000066,352,456,-104
111000067,546,971,-425
111000068,414,1134,-720
111000069,2049,2726,-677
111000070,3781,1718,2063
111000071,197,855,-658
111000072,763,422,341
111000073,351,881,-530
111000074,1563,1957,-394
111000075,977,1399,-422
111000076,538,1450,-912
111000077,1339,1896,-557
111000078,2654,1870,784
111000079,1742,1130,612
111000080,507,885,-378
111000081,3085,4115,-1030
111000082,579,994,-415
111000084,761,814,-53
111000085,1130,2140,-1010
111000086,5665,1786,3879
111000087,829,1308,-479
111000088,11491,2708,8783
111000089,853,1308,-455
111000090,1523,1854,-331
111000091,793,1093,-300
111000092,1298,1618,-320
111000093,606,1114,-508
111000094,1896,1343,553
111000095,1065,2743,-1678
111000096,3610,8312,-4702
111000097,9264,1395,7869
111000098,818,1981,-1163
111000099,704,3822,-3118
111000100,440,3900,-3460
111000101,537,1471,-934
111000102,170,1649,-1479
111000104,470,384,86
111000107,105,1629,-1524
111000109,428,319,109
111000110,1144,916,228
111000111,1665,710,955
111000112,1419,524,895
111000113,793,1037,-244
111000114,1543,2410,-867
111000115,11773,1446,10327
111000116,1114,1289,-175
111000117,628,1314,-686
111000118,1707,1523,184
111000119,1039,2697,-1658
111000120,495,840,-345
111000121,290,782,-492
111000122,676,1391,-715
111000123,1175,5378,-4203
111000124,703,5754,-5051
111000125,282,3348,-3066
111000126,174,1701,-1527
111000127,733,213,520
111000128,1306,498,808
111000129,2122,590,1532
111000130,1691,916,775
111000131,1291,766,525
111000132,960,608,352
111000133,154,262,-108
111000134,125,148,-23
111000135,77,151,-74
111000136,318,422,-104
111000138,5,8,-3
111000140,1,7,-6
111000141,246,564,-318
111000142,13,176,-163
111000143,3,118,-115
111000144,24,153,-129
111000145,625,13,612
111000146,50,10,40
111000147,222,33,189
111000148,211,148,63
111000149,0,44,-44
111000150,16,6,10
111000151,2,9,-7
111000153,740,886,-146
111000154,917,314,603
111000155,130,247,-117
111000156,477,666,-189
111000157,242,934,-692
111000158,1233,789,444
111000159,4098,907,3191
111000160,280,562,-282
111000161,12,398,-386
111000162,38,205,-167
111000163,448,978,-530
111000164,1086,3222,-2136
111000165,1892,671,1221
111000166,2482,534,1948
111000167,203,687,-484
111000168,331,677,-346
111000169,350,832,-482
111000170,579,606,-27
111000171,482,1703,-1221
111000172,118,902,-784
111000173,230,2391,-2161
111000174,179,1490,-1311
111000175,60,444,-384
111000176,235,300,-65
111000177,244,462,-218
111000178,818,375,443
111000179,145,364,-219
111000180,181,460,-279
111000181,955,463,492
111000182,171,312,-141
111000183,336,374,-38
111000184,408,307,101
111000185,456,696,-240
111000186,302,452,-150
111000187,152,354,-202
111000188,192,720,-528
111000189,2255,770,1485
111000190,193,755,-562
111000191,162,651,-489
111000192,359,975,-616
111000193,788,578,210
111000194,40,692,-652
111000195,105,826,-721
111000196,95,543,-448
111000197,271,220,51
111000198,423,183,240
111000199,169,186,-17
111000200,186,400,-214
111000201,500,358,142
111000202,170,318,-148
111000203,227,340,-113
111000204,305,762,-457
111000213,227,538,-311
111000214,1701,2763,-1062
111000215,1051,2117,-1066
111000217,1321,1445,-124
111000218,1111,1433,-322
111000219,514,350,164
111000220,5158,772,4386
111000221,963,360,603
111000224,3,412,-409
111000225,348,81,267
111000226,339,0,339
111000227,65,5,60
111000228,10,220,-210
111000229,40,561,-521
111000230,366,1001,-635
111000231,863,2531,-1668
111000232,442,1195,-753
111000233,471,962,-491
111000234,86,352,-266
111000239,136,287,-151
111000240,58,234,-176
111000241,45,636,-591
111000242,110,120,-10
111000243,95,1348,-1253
111000244,334,156,178
111000245,898,1105,-207
111000246,383,1077,-694
111000247,194,1789,-1595
111000248,699,719,-20
111000249,470,1232,-762
111000250,39,287,-248
111000251,80,311,-231
111000253,15,24,-9
111000255,14,14,0
111000257,46,26,20
111000260,81,2152,-2071
111000261,816,103,713
111000271,66,380,-314
111000273,12313,2142,10171
111000274,1587,2351,-764
111000275,125,103,22
111000276,354,3682,-3328
111000277,231,756,-525
111000278,701,361,340
111000291,523,4095,-3572
111000298,580,444,136
111000299,685,160,525
111000300,138,1079,-941
111000302,306,130,176
111000303,91,466,-375
111000312,68,128,-60
111000315,0,211,-211
111000320,473,1331,-858
111000321,315,111,204
111000322,296,933,-637
111000323,199,38,161
111000324,412,457,-45
111000325,32,80,-48
111000326,204,427,-223
111000327,419,797,-378
111000328,230,578,-348
111000329,0,16,-16
111000330,26,20,6
111000331,9,6,3
111000332,526,2132,-1606
111000334,523,2492,-1969
111000335,564,218,346
111000337,776,587,189
111000338,31,196,-165
111000339,310,1100,-790
111000340,105,1567,-1462
111000341,893,572,321
111000342,210,430,-220
111000344,943,1223,-280
111000345,173,77,96
111000346,26,183,-157
111000347,103,27,76
111000350,197,268,-71
111000351,125,306,-181
111000352,160,411,-251
111000353,146,386,-240
111000354,390,600,-210
111000355,301,1176,-875
111000358,134,3269,-3135
111000360,158,1712,-1554
111000361,200,762,-562
111000546,516,1152,-636
111000547,314,1621,-1307
111000548,108,243,-135
111000549,331,993,-662
111000550,58,631,-573
111000551,961,343,618
111000552,1085,103,982
111000907,255,69,186
111000908,27,0,27
111000916,1163,361,802
111000917,41,575,-534
111000918,156,2149,-1993
111000920,290,8,282
111000921,3,461,-458
111000922,329,460,-131
111000924,47,2196,-2149
111000925,1978,2496,-518
111000926,1119,3582,-2463
111000927,3223,5482,-2259
111000928,8359,5826,2533
111000929,1060,1463,-403
111000930,942,3580,-2638
111000931,2024,2597,-573
111000932,5760,3631,2129
111000933,3804,2318,1486
111000934,3030,4295,-1265
111000935,1149,1159,-10
111000936,1117,3163,-2046
111000937,752,1564,-812
111000938,2369,3218,-849
111000939,281,62,219
111000940,302,331,-29
111000941,252,1296,-1044
111000943,285,399,-114
111000944,136,932,-796
111000945,104,4458,-4354
111001109,502,256,246
111001110,286,856,-570
111001111,46,6,40
111001112,105,2,103
111001113,7,206,-199
111001114,1598,100,1498
111001115,45,605,-560
111001116,8743,2827,5916
111001117,1100,1449,-349
111001120,98,783,-685
111001121,160,551,-391
111001122,219,842,-623
111001123,80,150,-70
111900001,11,248,-237
111900002,23,1646,-1623
111900003,7,926,-919
111900004,54,320,-266
111900006,19,40,-21
111900007,68,3,65
111900008,130,3,127
111900009,151,307,-156
111900010,339,982,-643
111900012,88,241,-153
111900013,8,114,-106
111900014,12065,3007,9058
111900015,2,187,-185
111900016,4,315,-311
111900017,5,292,-287
111900018,98,5,93
111900019,9,184,-175
111900020,6,100,-94
111900021,34,175,-141
111900022,18,112,-94
111900023,277,114,163
111900024,0,131,-131
111900025,0,82,-82
111900026,0,167,-167
111900027,10,279,-269
111900028,13,725,-712
111900029,5,210,-205
111900030,122,965,-843
111900031,13,120,-107
111900032,2,654,-652
111900033,3,216,-213
111900034,367,1084,-717
111900035,47,405,-358
111900036,11,654,-643
111900038,507,1105,-598
111900039,57,889,-832
111900040,6,1092,-1086
111900042,70,254,-184
111900043,13,711,-698
111900044,331,523,-192
111900046,52,391,-339
111900048,181,1505,-1324
111900049,79,433,-354
111900050,82,34,48
111900051,1,467,-466
111900052,520,911,-391
111900053,2135,814,1321
111900054,154,6,148
111900055,40,1123,-1083
111900056,315,181,134
111900057,49,64,-15
111900058,299,1303,-1004
111900059,4945,423,4522
111900060,358,3,355
111900061,27,505,-478
111900062,20,36,-16
111900063,226,424,-198
111900064,174,543,-369
111900065,76,28,48
111900066,146,173,-27
111900067,4,640,-636
111900068,42,40,2
111900069,55,28,27
111900070,137,167,-30
111900071,2,607,-605
111900072,39,25,14
111900073,461,141,320
111900074,20,453,-433
111900075,57,14,43
111900076,145,50,95
111900077,45,1,44
111900078,216,12,204
111900079,39,19,20
111900080,270,213,57
111900081,1596,191,1405
111900082,120,31,89
111900083,86,15,71
111900084,70,3,67
111900085,44,129,-85
111900086,28,2,26
111900087,46,0,46
111900088,381,40,341
111900089,149,4,145
111900090,62,52,10
111900091,159,2,157
111900092,60,2,58
111900093,305,5,300
111900094,86,0,86
111900095,169,25,144
111900096,117,0,117
111900097,24,0,24
111900098,124,5,119
111900099,62,0,62
111900100,112,6,106
111900101,78,25,53
111900102,334,1424,-1090
111900103,85,58,27
111900104,97,76,21
111900105,376,199,177
111900106,2896,104,2792
111900107,133,249,-116
111900108,228,138,90
111900109,986,339,647
111900110,4553,538,4015
111900111,92,470,-378
111900112,1826,1875,-49
111900113,389,90,299
111900114,344,246,98
111900115,28,79,-51
111900118,233,81,152
111900119,245,143,102
111900122,105,83,22
111900123,20,44,-24
111900124,38,194,-156
111900125,393,31,362
111900126,268,4,264
111900127,3,1241,-1238
111900128,4,1159,-1155
111900129,213,14,199
111900130,199,32,167
111900131,385,6,379
111900132,67,2805,-2738
111900133,13,846,-833
111900134,28,497,-469
111900135,12,25,-13
111900136,91,177,-86
111900137,94,85,9
111900138,26,193,-167
111900139,19,356,-337
111900140,91,41,50
111900141,62,7,55
111900142,124,27,97
111900143,10,424,-414
111900144,0,259,-259
111900145,8,1267,-1259
111900146,3,717,-714
111900147,250,875,-625
111900148,53,1621,-1568
111900149,9,668,-659
111900150,19,295,-276
111900151,4,34,-30
111900152,129,67,62
111900153,3147,452,2695
111900154,11,206,-195
111900155,109,82,27
111900156,38,61,-23
111900157,69,12,57
111900158,344,27,317
111900159,260,12,248
111900160,254,1,253
111900161,85,1,84
111900162,126,174,-48
111900163,73,479,-406
111900164,108,65,43
111901113,338,496,-158
111901114,182,688,-506
111901115,73,0,73
111901116,98,2,96
111901117,24,38,-14
111901118,222,224,-2
111901119,3117,257,2860
111901120,157,678,-521
111901121,310,844,-534
111901122,9,1208,-1199
111901123,115,702,-587
111901124,133,4,129
111901125,284,322,-38
111901126,94,72,22
111901127,2052,492,1560
111901128,23,248,-225
111901129,3,412,-409
111901130,13,593,-580
111901131,6,395,-389
111901132,79,18,61
111901133,55,12,43
111901134,102,1,101
111901135,19,17,2
111901136,29,42,-13
111901137,1,27,-26
111901138,184,74,110
111901139,62,84,-22
111901140,6,258,-252
111901141,19,647,-628
111901142,8,444,-436
111901143,2,274,-272
111901144,52,48,4
111901145,142,242,-100
111901146,438,11,427
112000001,1978,1319,659
112000002,888,3415,-2527
112000003,859,1525,-666
112000004,833,2662,-1829
112000005,2436,2611,-175
112000006,2247,3393,-1146
112000007,2201,1737,464
112000008,2434,4546,-2112
112000009,5170,5902,-732
112000010,2543,3427,-884
112000011,2416,3864,-1448
112000012,5951,3435,2516
112000013,6797,4625,2172
112000014,3358,1298,2060
112000015,3813,4242,-429
112000016,5412,1205,4207
112000017,2504,2340,164
112000024,3230,1249,1981
112000026,6554,8369,-1815
112000027,1136,665,471
112000028,2348,2712,-364
112000029,574,744,-170
112000030,251,173,78
112000031,2010,4375,-2365
112000032,630,92,538
112000033,2142,1697,445
112000034,282,65,217
112000035,120,488,-368
112000036,1012,1096,-84
112000037,969,1061,-92
112000038,1427,1310,117
112000039,62,156,-94
112000040,177,366,-189
112000041,696,680,16
112000042,1666,461,1205
112000050,985,1887,-902
112000051,952,1216,-264
112000054,2536,4004,-1468
112000057,777,559,218
112000058,413,920,-507
112000059,1038,921,117
112000061,6336,3076,3260
112000062,3231,1214,2017
112000063,2595,1672,923
112000064,6280,9357,-3077
112000065,2862,4212,-1350
112000066,3902,1311,2591
112000067,899,1158,-259
112000068,2697,1845,852
112000069,764,3361,-2597
112000070,1949,879,1070
112000071,847,4743,-3896
112000072,1659,1231,428
112000073,1501,2812,-1311
112000074,1042,1262,-220
112000075,1269,1611,-342
112000076,3891,3999,-108
112000077,452,1042,-590
112000078,1435,976,459
112000079,1494,1869,-375
112000080,664,1321,-657
112000081,1675,3053,-1378
112000082,1465,1028,437
112000083,665,2163,-1498
112000084,1208,991,217
112000085,940,1880,-940
112000086,1296,2051,-755
112000087,263,669,-406
112000088,455,986,-531
112000089,277,416,-139
112000090,188,570,-382
112000091,648,1753,-1105
112000092,1494,1195,299
112000093,1679,1597,82
112000094,518,1074,-556
112000095,636,1166,-530
112000096,477,922,-445
112000097,830,699,131
112000098,1336,2923,-1587
112000099,720,1060,-340
112000100,1401,1559,-158
112000101,573,1611,-1038
112000102,931,1042,-111
112000103,398,2088,-1690
112000105,538,3009,-2471
112000106,1184,671,513
112000107,11,281,-270
112000108,187,2838,-2651
112000109,69,80,-11
112000110,1480,662,818
112000111,1530,6521,-4991
112000112,3003,899,2104
112000113,1232,3137,-1905
112000114,2195,1718,477
112000115,345,927,-582
112000116,706,1732,-1026
112000117,1056,1390,-334
112000118,1252,1422,-170
112000119,591,1640,-1049
112000120,92,763,-671
112000121,112,1283,-1171
112000122,217,201,16
112000123,461,247,214
112000124,246,89,157
112000125,116,186,-70
112000126,154,1399,-1245
112000127,3355,2370,985
112000128,1734,1242,492
112000129,104,152,-48
112000130,153,60,93
112000131,27,784,-757
112000132,101,434,-333
112000133,294,707,-413
112000134,448,565,-117
112000135,757,1027,-270
112000136,1087,1686,-599
112000137,1102,2224,-1122
112000138,1512,1741,-229
112000139,1179,392,787
112000140,1197,1664,-467
112000141,573,348,225
112000142,175,1493,-1318
112000143,952,263,689
112000144,394,3090,-2696
112000145,1861,854,1007
112000146,775,3855,-3080
112000147,1781,2362,-581
112000148,2014,3518,-1504
112000149,318,1441,-1123
112000150,161,1078,-917
112000151,425,1267,-842
112000152,305,572,-267
112000153,201,555,-354
112000154,171,184,-13
112000155,197,224,-27
112000157,1006,718,288
112000158,318,1719,-1401
112000159,333,514,-181
112000167,303,51,252
112000169,597,552,45
112000173,478,401,77
112000175,407,782,-375
112000176,5367,2944,2423
112000177,633,148,485
112000178,94,1089,-995
112000179,171,267,-96
112000180,216,404,-188
112000181,1593,3075,-1482
112000182,1012,3825,-2813
112000183,60,68,-8
112000184,303,1200,-897
112000185,382,771,-389
112000187,3905,3281,624
112000195,208,20,188
112000196,185,1,184
112000197,193,154,39
112000198,36,590,-554
112000199,1547,1374,173
112000202,288,2,286
112000216,85,292,-207
112000230,99,6,93
112000231,3,476,-473
112000256,32,222,-190
112000313,278,255,23
112000314,40,15,25
112000337,186,850,-664
112000352,332,296,36
112000392,2956,2478,478
112000398,960,1062,-102
112000399,4430,1928,2502
112000400,2600,5943,-3343
112000401,3263,4062,-799
112000402,2107,2686,-579
112000403,2746,2368,378
112000404,496,781,-285
112000405,1642,3208,-1566
112000406,4943,4806,137
112000407,5092,7359,-2267
112000408,11423,10514,909
112000409,2194,7757,-5563
112000410,536,249,287
112000411,8770,1201,7569
112000412,1856,652,1204
112000413,15707,4169,11538
112000414,120,181,-61
112000415,90,110,-20
112000416,1928,1594,334
112000417,247,105,142
112000421,53,305,-252
112000422,358,1183,-825
112000424,4731,2101,2630
112000425,588,1950,-1362
112000426,176,380,-204
112000427,0,15,-15
112000428,140,948,-808
112000429,2683,3922,-1239
112000430,2886,3989,-1103
112000431,111,177,-66
112000432,797,3724,-2927
112000433,749,1332,-583
112000437,51,458,-407
112900001,67,0,67
112900002,278,1960,-1682
112900003,68,559,-491
112900004,28,532,-504
112900005,154,365,-211
112900006,6,743,-737
112900007,58,359,-301
112900008,1,55,-54
112900009,467,83,384
112900010,266,1266,-1000
112900011,488,497,-9
112900012,0,78,-78
112900013,6,550,-544
112900014,3,511,-508
112900015,526,1692,-1166
112900016,2,539,-537
112900017,83,413,-330
112900018,2,567,-565
112900019,108,207,-99
112900020,722,2508,-1786
112900021,4,520,-516
112900022,26,111,-85
112900023,3,431,-428
112900024,28,412,-384
112900025,206,487,-281
112900026,5,532,-527
112900027,18,1999,-1981
112900028,27,219,-192
112900029,8,1154,-1146
112900030,363,332,31
112900031,9,871,-862
112900032,158,412,-254
112900034,1,105,-104
112900035,8,848,-840
112900036,42,209,-167
112900037,192,190,2
112900038,459,262,197
112900039,23,498,-475
112900040,8,590,-582
112900041,2223,1298,925
112900042,37,871,-834
112900043,31,73,-42
112900044,1234,725,509
112900045,744,563,181
112900046,338,181,157
112900047,18,30,-12
112900049,122,102,20
112900050,128,926,-798
112900051,382,1420,-1038
112900052,21,2072,-2051
112900053,452,203,249
112900054,391,47,344
112900055,245,48,197
112900056,482,264,218
112900057,75,1343,-1268
112900058,336,310,26
112900059,218,169,49
112900060,20,549,-529
112900061,77,215,-138
112900062,63,237,-174
112900063,162,12,150
112900064,292,371,-79
112900065,81,27,54
112900066,248,174,74
112900067,875,268,607
112900068,46,36,10
112900069,3810,613,3197
112900071,19,3,16
112900072,584,1293,-709
112900073,208,72,136
112900074,83,214,-131
112900075,3555,708,2847
112900076,162,12,150
112900078,360,330,30
112900079,216,15,201
112900080,19,3,16
112900081,42,138,-96
112900082,285,24,261
112900083,136,70,66
112900084,115,71,44
112900085,1,8,-7
112900086,71,1,70
112900087,506,96,410
112900088,166,9,157
112900089,639,39,600
112900090,38,11,27
112900091,128,2,126
112900092,182,281,-99
112900093,1153,6,1147
112900094,128,4,124
112900095,25,0,25
112900096,271,130,141
112900097,69,754,-685
112900098,106,3,103
112900099,570,15,555
112900100,53,2,51
112900101,266,4,262
112900102,84,12,72
112900103,146,2,144
112900104,15,1,14
112900105,10,0,10
112900106,424,149,275
112900107,6,2,4
112900108,39,2,37
112900109,105,0,105
112900110,770,10,760
112900111,515,5,510
112900112,270,0,270
112900113,0,21,-21
112900114,75,39,36
112900115,775,3,772
112900116,39,30,9
112900117,130,170,-40
112900118,44,135,-91
112900119,129,2,127
112900120,1144,345,799
112900121,469,294,175
112900122,21,231,-210
112900123,195,20,175
112900124,13,288,-275
112900125,127,708,-581
112900126,218,346,-128
112900127,306,83,223
112900128,644,1252,-608
112900129,9,1644,-1635
112900130,217,83,134
112900131,65,347,-282
112900132,69,596,-527
112900133,37,1848,-1811
112900134,2,482,-480
112900135,53,51,2
112900136,2,66,-64
112900137,2,1216,-1214
112900138,9,753,-744
112900139,354,2058,-1704
112900140,0,131,-131
112900141,600,44,556
112900142,91,201,-110
112900143,66,1090,-1024
112900144,6,496,-490
112900145,53,795,-742
112900146,10,2555,-2545
112900147,11,3927,-3916
112900148,78,1,77
112900149,212,962,-750
112900151,38,65,-27
112900152,7055,1345,5710
112900153,2715,1802,913
112900154,1,155,-154
112900155,176,21,155
112900156,351,2988,-2637
112900157,154,39,115
112900158,23,31,-8
112900159,256,84,172
112900160,48,487,-439
112900161,99,21,78
112900162,54,20,34
112900163,218,37,181
112900164,63,155,-92
112900165,110,66,44
112900166,36,79,-43
112900167,5,36,-31
112900168,1,7,-6
112900169,9,13,-4
112900170,56,170,-114
112900172,97,10,87
112900173,341,202,139
112900174,390,34,356
112900175,188,226,-38
112900176,11,34,-23
112900177,213,37,176
112900178,802,1941,-1139
112900179,65,760,-695
112900180,1597,3189,-1592
112900181,421,6,415
112900182,39,2332,-2293
112900183,215,428,-213
112900184,642,534,108
112900185,408,684,-276
112900186,2233,1071,1162
112900187,115,488,-373
112900188,1006,616,390
112900189,124,65,59
112900190,1,96,-95
112900192,625,555,70
112900193,1538,445,1093
112900194,40,229,-189
112900195,664,29,635
112900196,379,1035,-656
112900197,214,661,-447
112900199,480,1009,-529
112900200,456,518,-62
112900201,44,122,-78
112900202,325,1612,-1287
112900203,179,633,-454
112900204,1434,604,830
112900205,4,6,-2
112900206,10,118,-108
112900207,4,0,4
112900208,82,212,-130
112900209,668,722,-54
112900210,0,21,-21
112900211,92,51,41
112900212,2,135,-133
112900213,21,12,9
112900214,51,4,47
112900215,21,392,-371
112900216,55,124,-69
112900217,0,99,-99
112900218,27,36,-9
112900219,41,25,16
112900220,9,0,9
112900221,11,361,-350
112900222,0,56,-56
112900223,957,19,938
112900224,188,1508,-1320
112900225,359,1010,-651
112900226,347,471,-124
112900227,351,2311,-1960
112900228,21,34,-13
112900229,145,112,33
112900230,12351,4877,7474
112900232,212,210,2
112900233,57,422,-365
112900234,9,204,-195
112900235,92,31,61
112900236,222,25,197
112900237,120,635,-515
112900238,4,68,-64
112900239,569,486,83
113000001,5900,8899,-2999
113000002,4509,6136,-1627
113000003,2669,3632,-963
113000004,2636,3753,-1117
113000005,1619,1917,-298
113000006,1442,2213,-771
113000007,1618,2095,-477
113000008,2070,2949,-879
113000009,1147,1349,-202
113000010,1450,2627,-1177
113000011,1095,2585,-1490
113000012,1487,1360,127
113000013,1421,879,542
113000014,2282,2474,-192
113000015,967,428,539
113000016,550,890,-340
113000017,116,384,-268
113000018,446,89,357
113000019,195,309,-114
113000020,146,60,86
113000021,1919,792,1127
113000022,897,2082,-1185
113000025,82,427,-345
113000026,410,730,-320
113000027,1701,535,1166
113000028,2814,653,2161
113000029,1475,863,612
113000030,813,925,-112
113000031,439,519,-80
113000032,403,538,-135
113000033,519,679,-160
113000034,597,687,-90
113000035,22,67,-45
113000036,39,102,-63
113000037,113,70,43
113000038,19,103,-84
113000039,103,758,-655
113000040,32,110,-78
113000042,1322,1012,310
113000051,1045,3277,-2232
113000052,3242,1898,1344
113000053,456,1015,-559
113000054,317,1488,-1171
113000055,1109,1581,-472
113000056,1080,1952,-872
113000058,925,1120,-195
113000059,1731,1012,719
113000060,205,740,-535
113000061,1403,1450,-47
113000062,2008,370,1638
113000063,136,563,-427
113000064,51,865,-814
113000065,210,2045,-1835
113000066,611,130,481
113000067,1719,2164,-445
113000068,461,3576,-3115
113000069,650,2460,-1810
113000070,2004,1485,519
113000071,514,1320,-806
113000072,721,774,-53
113000073,877,2682,-1805
113000074,1163,607,556
113000075,2714,913,1801
113000076,1736,2979,-1243
113000077,1959,726,1233
113000078,1129,3322,-2193
113000079,826,1073,-247
113000080,696,777,-81
113000081,944,1155,-211
113000082,1741,986,755
113000083,772,1034,-262
113000084,1862,1761,101
113000085,1015,978,37
113000086,1336,1948,-612
113000087,1221,1070,151
113000088,3270,1964,1306
113000089,1076,1857,-781
113000090,345,772,-427
113000091,889,556,333
113000094,1323,301,1022
113000095,299,1940,-1641
113000096,214,1471,-1257
113000097,1391,519,872
113000098,175,49,126
113000099,1412,462,950
113000100,163,670,-507
113000101,518,965,-447
113000102,644,403,241
113000103,3230,783,2447
113000104,473,4456,-3983
113000105,707,726,-19
113000106,466,719,-253
113000107,897,1363,-466
113000108,1254,2266,-1012
113000109,865,6811,-5946
113000110,1806,643,1163
113000111,293,1329,-1036
113000112,286,412,-126
113000113,2578,441,2137
113000114,444,2713,-2269
113000116,956,308,648
113000117,1303,183,1120
113000118,320,522,-202
113000119,324,543,-219
113000120,71,289,-218
113000121,725,1419,-694
113000124,302,155,147
113000125,84,796,-712
113000127,5572,860,4712
113000128,848,934,-86
113000129,821,2714,-1893
113000133,6633,2353,4280
113000134,19,1588,-1569
113000135,4186,4133,53
113000137,2875,3508,-633
113000139,466,256,210
113000140,180,455,-275
113000141,500,235,265
113000142,741,1751,-1010
113000143,340,326,14
113000144,482,1147,-665
113000145,90,290,-200
113000146,246,176,70
113000147,203,251,-48
113000148,162,344,-182
113000149,111,239,-128
113000150,681,759,-78
113000151,148,152,-4
113000152,40,196,-156
113000153,2857,911,1946
113000154,1067,2617,-1550
113000155,390,767,-377
113000156,206,665,-459
113000157,354,1631,-1277
113000158,729,386,343
113000159,1037,1003,34
113000160,757,2096,-1339
113000161,277,1083,-806
113000162,811,658,153
113000163,92,58,34
113000164,22,142,-120
113000166,152,114,38
113000167,31,294,-263
113000168,55,269,-214
113000169,189,132,57
113000170,95,169,-74
113000171,58,133,-75
113000172,269,138,131
113000173,54,35,19
113000174,151,870,-719
113000175,454,236,218
113000176,547,224,323
113000177,264,770,-506
113000178,248,581,-333
113000179,389,198,191
113000180,965,2376,-1411
113000181,988,1524,-536
113000182,288,757,-469
113000183,243,836,-593
113000184,18,175,-157
113000189,724,1138,-414
113000190,1936,869,1067
113000192,3777,1991,1786
113000193,9765,1294,8471
113000194,3063,1538,1525
113000195,3639,917,2722
113000196,187,130,57
113000197,2508,1685,823
113000198,79,509,-430
113000199,1539,697,842
113000201,1135,254,881
113000202,6446,4869,1577
113000203,668,468,200
113000204,2745,2305,440
113000205,32,64,-32
113000206,21,39,-18
113000207,78,34,44
113000208,38,87,-49
113000209,37,36,1
113000210,4,40,-36
113000211,370,287,83
113000212,313,33,280
113000213,37,229,-192
113000214,208,435,-227
113000234,249,2133,-1884
113000410,222,307,-85
113000411,4006,6363,-2357
113000412,12211,3147,9064
113000413,4830,3913,917
113000414,11908,15192,-3284
113000415,3296,4618,-1322
113000416,13741,6059,7682
113000417,4610,5113,-503
113000418,4213,3702,511
113000419,2400,3247,-847
113000420,4783,7056,-2273
113000421,5185,7192,-2007
113000422,21266,14304,6962
113000423,3525,6260,-2735
113000424,6072,11838,-5766
113000425,9,86,-77
113000428,277,82,195
113000430,34,242,-208
113000432,2315,169,2146
113000433,169,1913,-1744
113000434,25,420,-395
113000435,30,1711,-1681
113000436,51,2824,-2773
113000437,810,20,790
113000438,268,28,240
113000439,23,298,-275
113000440,135,50,85
113000441,210,365,-155
113000442,209,463,-254
113000443,195,599,-404
113000444,198,579,-381
113000445,85,276,-191
113000446,34,128,-94
113000448,385,237,148
113000449,509,1426,-917
113000450,1489,5433,-3944
113000451,2458,281,2177
113000452,910,744,166
113000453,78,500,-422
113000454,2158,47,2111
113000455,14,243,-229
113000456,5544,3294,2250
113000468,4987,416,4571
113000469,563,324,239
113000470,1124,132,992
113000471,21,816,-795
113000472,154,444,-290
113000474,349,855,-506
113000475,2008,2969,-961
113000476,1113,2525,-1412
113000477,2423,2575,-152
113000478,4840,8931,-4091
113000479,86,375,-289
113000480,191,193,-2
113000481,0,0,0
113000482,0,0,0
113000483,0,0,0
113000484,0,0,0
113000485,7,0,7
113000486,0,0,0
113000487,0,0,0
113000488,0,1,-1
113000489,1,3,-2
113000490,0,3,-3
113000491,7,23,-16
113000492,1,4,-3
113000493,2,0,2
113000495,225,369,-144
113000496,141,142,-1
113000497,0,0,0
113000499,0,0,0
113000500,0,3,-3
113900001,5,453,-448
113900002,4,448,-444
113900003,2,349,-347
113900004,0,107,-107
113900005,0,88,-88
113900006,0,40,-40
113900007,110,41,69
113900008,174,0,174
113900009,601,1,600
113900010,437,0,437
113900011,49,0,49
113900012,39,3,36
113900013,2132,19,2113
113900014,700,4,696
113900015,0,75,-75
113900016,52,0,52
113900017,4,78,-74
113900018,758,240,518
113900019,126,60,66
113900020,108,0,108
113900022,35,0,35
113900023,29,0,29
113900024,61,151,-90
113900025,420,28,392
113900026,55,0,55
113900027,5,130,-125
113900028,15,796,-781
113900029,71,528,-457
113900030,169,5,164
113900031,17,1,16
113900032,26,0,26
113900033,42,133,-91
113900035,115,7,108
113900036,23,205,-182
113900037,113,910,-797
113900038,62,190,-128
113900039,180,36,144
113900040,7,14,-7
113900041,7,5,2
113900042,99,47,52
113900043,327,210,117
113900044,307,137,170
113900045,83,2,81
113900046,310,1031,-721
113900047,47,264,-217
113900048,377,106,271
113900049,1385,435,950
113900050,252,701,-449
113900051,268,693,-425
113900052,289,245,44
113900053,587,439,148
113900054,29,28,1
113900055,97,845,-748
113900056,118,332,-214
113900057,27,335,-308
113900058,57,388,-331
113900059,340,565,-225
113900060,113,408,-295
113900061,1617,306,1311
113900062,138,35,103
113900063,103,265,-162
113900064,27,251,-224
113900065,479,33,446
113900066,422,683,-261
113900067,92,622,-530
113900068,596,506,90
113900069,116,48,68
113900070,217,745,-528
113900071,92,135,-43
113900072,75,242,-167
113900073,262,574,-312
113900074,61,603,-542
113900075,1475,1229,246
113900076,202,16,186
113900077,57,362,-305
113900078,82,98,-16
113900079,2,113,-111
113900080,445,240,205
113900081,77,397,-320
113900082,100,366,-266
113900083,209,1131,-922
113900084,318,121,197
113900085,54,499,-445
113900086,51,27,24
113900087,62,344,-282
113900088,60,89,-29
113900089,468,41,427
113900090,739,514,225
113900091,45,78,-33
113900092,43,100,-57
113900093,141,1017,-876
113900094,459,601,-142
113900095,159,162,-3
113900096,268,109,159
113900097,19,255,-236
113900098,701,104,597
113900099,1,138,-137
113900100,0,8,-8
113900101,21,82,-61
113900102,182,206,-24
113900103,384,291,93
113900104,166,262,-96
113900105,102,695,-593
113900106,0,187,-187
113900107,9,68,-59
113900108,352,237,115
113900109,484,219,265
113900110,64,23,41
113900111,110,148,-38
113900112,150,115,35
113900113,992,686,306
113900114,2,247,-245
113900115,3,203,-200
113900116,137,183,-46
113900117,98,47,51
113900118,263,345,-82
113900119,333,575,-242
113900120,75,51,24
113900121,58,134,-76
113900122,530,1895,-1365
113900123,666,231,435
113900124,2,132,-130
113900125,2100,222,1878
113900126,171,62,109
113900127,242,739,-497
113900128,145,74,71
113900129,14,210,-196
113900130,2,28,-26
113900131,274,145,129
113900132,105,68,37
113900133,19,62,-43
113900135,333,929,-596
113900136,192,132,60
113900137,500,333,167
113900138,130,266,-136
113900139,870,185,685
113900140,538,393,145
113900141,458,843,-385
113900142,154,140,14
113900143,8,51,-43
113900144,431,237,194
113900145,366,320,46
113900146,123,89,34
113900148,232,437,-205
113900149,155,83,72
113900150,1314,1132,182
113900151,385,317,68
113900152,21,50,-29
113900153,692,855,-163
113900154,4,145,-141
113900155,299,195,104
113900156,353,937,-584
113900157,27,219,-192
113900158,565,360,205
113900159,18,359,-341
113900160,617,953,-336
113900161,66,295,-229
113900162,676,1074,-398
113900163,399,420,-21
113900164,367,82,285
113900165,718,665,53
113900166,334,263,71
113900167,272,55,217
113900168,242,200,42
113900169,362,602,-240
113900171,208,90,118
113900172,23,390,-367
113900173,91,1337,-1246
113900174,700,978,-278
113900175,415,186,229
113900176,334,1010,-676
113900177,302,338,-36
113900178,279,171,108
113900179,36,1081,-1045
113900180,175,163,12
113900181,652,130,522
113900182,688,1352,-664
113900183,71,108,-37
113900184,34,1255,-1221
113900185,200,100,100
113900186,47,103,-56
113900187,32,205,-173
113900188,74,273,-199
113900189,389,105,284
113900190,344,171,173
113900191,229,364,-135
113900192,12,551,-539
113900193,30,550,-520
113900194,3492,1310,2182
113900195,386,705,-319
113900196,6,163,-157
113900197,7,516,-509
113900198,29,201,-172
113900199,323,1078,-755
113900200,22,360,-338
113900201,3,503,-500
113900202,70,509,-439
113900203,4,323,-319
113900204,94,938,-844
113900205,21,286,-265
113900206,12,247,-235
113900207,2,151,-149
113900208,0,79,-79
113900209,0,164,-164
113900210,885,1061,-176
113900211,217,130,87
113900212,162,1063,-901
113900214,631,606,25
113900215,77,235,-158
113900216,150,2196,-2046
113900217,85,530,-445
113900218,142,50,92
113900219,190,963,-773
113900220,164,92,72
113900221,423,186,237
113900222,597,603,-6
113900223,201,1703,-1502
113900224,178,108,70
113900225,1208,315,893
113900226,390,214,176
113900227,371,327,44
113900228,428,378,50
113900229,65,689,-624
113900230,6991,3360,3631
113900231,243,409,-166
113900232,93,137,-44
113900233,74,65,9
113900234,412,558,-146
113900235,90,58,32
113900236,109,704,-595
113900237,168,11,157
113900238,283,652,-369
113900239,92,104,-12
113900240,23,168,-145
113900241,136,126,10
113900242,75,230,-155
113900243,281,551,-270
113900244,623,297,326
113900245,1912,437,1475
113900246,34,27,7
113900247,213,395,-182
113900248,5508,2220,3288
113900249,2275,548,1727
113900250,88,176,-88
113900251,631,323,308
113900252,507,31,476
113900253,723,75,648
113900254,818,214,604
113900255,463,27,436
113900256,355,66,289
113900257,65,1318,-1253
113900258,23,1108,-1085
113900259,434,435,-1
113900260,218,43,175
113900261,33,146,-113
113900262,160,1173,-1013
113900263,304,897,-593
113900264,14,921,-907
113900265,213,460,-247
113900266,39,353,-314
113900267,163,665,-502
113900268,355,498,-143
113900269,54,202,-148
113900270,568,548,20
113900271,675,1938,-1263
113900273,273,6,267
113900274,45,18,27
113900275,25,86,-61
113900276,6,484,-478
113900277,104,2,102
113900278,366,223,143
113900279,176,146,30
113900280,1586,834,752
113900281,586,1480,-894
113900282,1247,726,521
113900283,394,612,-218
113900284,917,308,609
113900285,157,40,117
113900286,113,223,-110
113900287,50,217,-167
113900288,9,114,-105
113900289,2007,129,1878
113900290,769,233,536
113900291,193,257,-64
113900292,12,20,-8
113900293,5,406,-401
113900294,456,68,388
113900295,590,526,64
113900296,4111,580,3531
113900297,1332,61,1271
113900298,24,2555,-2531
113900299,54,376,-322
113900300,9385,4117,5268
113900301,1459,563,896
113900302,3840,1095,2745
113900303,1066,462,604
113900304,1,235,-234
113900305,76,2,74
113900306,40,0,40
113900307,65,0,65
113900308,115,198,-83
113900309,15,1691,-1676
113900310,1,43,-42
113900311,19,0,19
113900312,219,212,7
113900313,32,24,8
114000001,1500,6945,-5445
114000002,203,799,-596
114000003,36,506,-470
114000004,308,668,-360
114000005,195,304,-109
114000006,3657,3557,100
114000007,768,2330,-1562
114000008,1546,1938,-392
114000009,526,392,134
114000011,3041,6189,-3148
114000012,1985,4853,-2868
114000013,1612,3798,-2186
114000014,468,730,-262
114000015,1581,955,626
114000016,255,673,-418
114000017,145,212,-67
114000018,1061,106,955
114000026,1268,2833,-1565
114000027,2752,3149,-397
114000028,2650,3046,-396
114000038,217,172,45
114000039,141,235,-94
114000040,58,185,-127
114000042,177,263,-86
114000043,78,313,-235
114000044,111,80,31
114000045,62,186,-124
114000046,3343,8011,-4668
114000047,18,108,-90
114000048,91,56,35
114000049,1599,1993,-394
114000050,1705,2260,-555
114000051,4046,2583,1463
114000052,3849,1760,2089
114000053,89,855,-766
114000054,208,2606,-2398
114000055,362,43,319
114000056,1443,987,456
114000057,16541,3772,12769
114000058,875,1634,-759
114000059,535,329,206
114000060,749,1086,-337
114000061,4974,2705,2269
114000062,3394,1850,1544
114000063,4033,2332,1701
114000064,10197,4372,5825
114000065,2613,3764,-1151
114000066,483,949,-466
114000067,27,543,-516
114000068,419,683,-264
114000069,993,838,155
114000070,2584,1986,598
114000071,737,1003,-266
114000072,373,999,-626
114000073,14,273,-259
114000074,28,18,10
114000075,26,380,-354
114000076,26,398,-372
114000077,11,135,-124
114000078,227,1741,-1514
114000079,98,47,51
114000080,102,158,-56
114000081,52,148,-96
114000082,52,957,-905
114000083,74,564,-490
114000084,282,88,194
114000085,135,1418,-1283
114000086,237,1003,-766
114000087,72,390,-318
114000088,60,135,-75
114000089,2972,759,2213
114000090,751,779,-28
114000091,1513,789,724
114000092,1014,582,432
114000093,1121,936,185
114000094,410,570,-160
114000095,151,102,49
114000096,127,893,-766
114000097,118,1445,-1327
114000098,300,96,204
114000099,373,1811,-1438
114000100,1051,1437,-386
114000101,387,1693,-1306
114000102,342,426,-84
114000103,157,804,-647
114000104,21,624,-603
114000105,79,69,10
114000106,2459,767,1692
114000107,200,199,1
114000108,4723,1936,2787
114000109,435,832,-397
114000110,793,3074,-2281
114000111,1226,749,477
114000112,516,3254,-2738
114000113,904,728,176
114000114,1684,2640,-956
114000115,1706,1241,465
114000116,645,673,-28
114000117,2293,518,1775
114000118,2098,608,1490
114000119,1316,516,800
114000120,664,1598,-934
114000121,568,1071,-503
114000122,446,423,23
114000123,1579,510,1069
114000124,871,500,371
114000125,1132,3147,-2015
114000126,1505,275,1230
114000127,168,322,-154
114000128,988,1049,-61
114000130,529,889,-360
114000131,199,94,105
114000132,730,1114,-384
114000133,1139,2464,-1325
114000134,61,332,-271
114000138,52,289,-237
114000139,370,195,175
114000144,859,605,254
114000145,114,302,-188
114000146,150,550,-400
114000147,1301,1635,-334
114000148,3170,1957,1213
114000149,359,337,22
114000150,1004,875,129
114000151,1361,1260,101
114000152,139,38,101
114000153,944,1964,-1020
114000154,810,817,-7
114000155,1610,2465,-855
114000156,901,636,265
114000157,343,1221,-878
114000158,3654,1100,2554
114000159,263,578,-315
114000160,154,351,-197
114000161,1897,2785,-888
114000162,1001,1796,-795
114000163,19,184,-165
114000165,309,209,100
114000166,729,374,355
114000167,7256,1596,5660
114000168,985,955,30
114000169,2457,1052,1405
114000170,1056,817,239
114000171,1026,1726,-700
114000174,236,702,-466
114000176,920,518,402
114000177,4113,1256,2857
114000178,37,113,-76
114000179,1853,1074,779
114000180,929,934,-5
114000181,2146,3708,-1562
114000182,13033,3355,9678
114000183,1127,1087,40
114000184,801,2904,-2103
114000185,1213,1462,-249
114000189,687,187,500
114000190,2018,339,1679
114000191,27,64,-37
114000192,430,3496,-3066
114000193,1373,6230,-4857
114000194,1540,2122,-582
114000195,134,25,109
114000196,1,672,-671
114000197,1047,90,957
114000198,2128,665,1463
114000199,3109,1700,1409
114000200,654,4243,-3589
114000201,212,1862,-1650
114000202,1226,1465,-239
114000203,576,1518,-942
114000204,136,868,-732
114000205,303,3025,-2722
114000206,734,2199,-1465
114000207,935,4184,-3249
114000208,668,6247,-5579
114000209,909,6219,-5310
114000210,504,3161,-2657
114000211,1172,2454,-1282
114000212,648,1247,-599
114000213,1263,985,278
114000214,102,348,-246
114000215,200,136,64
114000216,1369,553,816
114000217,256,607,-351
114000218,151,462,-311
114000219,1220,549,671
114000220,17,2949,-2932
114000221,656,235,421
114000222,347,2455,-2108
114000223,449,169,280
114000224,148,1489,-1341
114000225,221,976,-755
114000226,110,362,-252
114000227,758,668,90
114000228,803,1735,-932
114000229,1261,2123,-862
114000230,1966,2578,-612
114000231,1002,1887,-885
114000232,578,194,384
114000233,1823,190,1633
114000234,1200,1772,-572
114000235,1203,2617,-1414
114000236,2,747,-745
114000237,118,2111,-1993
114000238,81,306,-225
114000239,241,2590,-2349
114000240,1025,1102,-77
114000241,289,1631,-1342
114000242,1366,1631,-265
114000243,1502,1247,255
114000244,711,478,233
114000245,428,885,-457
114000246,225,57,168
114000247,735,1072,-337
114000248,917,779,138
114000249,551,778,-227
114000250,443,1160,-717
114000251,322,580,-258
114000252,78,203,-125
114000253,42,607,-565
114000254,50,174,-124
114000255,1368,339,1029
114000256,2714,1868,846
114000257,784,2672,-1888
114000258,206,803,-597
114000259,91,525,-434
114000260,0,39,-39
114000261,36,40,-4
114000262,76,226,-150
114000263,26,4,22
114000264,922,1240,-318
114000265,0,7,-7
114000267,8,2241,-2233
114000268,2,3108,-3106
114000270,143,17,126
114000271,638,163,475
114000283,893,864,29
114000285,97,600,-503
114000288,75,841,-766
114000289,928,171,757
114000293,170,733,-563
114000294,198,333,-135
114000395,1508,66,1442
114000396,408,543,-135
114000402,365,656,-291
114000403,329,1140,-811
114000405,158,899,-741
114000423,272,873,-601
114000424,348,456,-108
114000425,548,989,-441
114000426,405,1122,-717
114000427,51,136,-85
114000428,343,154,189
114000429,34,303,-269
114000432,92,282,-190
114000434,28,171,-143
114000435,7,202,-195
114000436,8913,2082,6831
114000437,562,1970,-1408
114900001,543,2672,-2129
114900002,515,112,403
114900003,490,3964,-3474
114900004,166,392,-226
114900005,425,1586,-1161
114900006,59,82,-23
114900007,170,17,153
114900008,117,71,46
114900010,3516,2275,1241
114900011,157,181,-24
114900013,212,167,45
114900015,85,353,-268
114900018,1229,62,1167
114900020,298,65,233
114900022,3,1317,-1314
114900024,321,175,146
114900025,389,436,-47
114900026,45,110,-65
114900027,175,397,-222
114900029,22,32,-10
114900030,277,425,-148
114900031,262,45,217
114900032,263,55,208
114900033,2832,480,2352
114900034,55,291,-236
114900035,127,440,-313
114900036,337,1576,-1239
114900037,111,345,-234
114900038,216,1450,-1234
114900039,608,1132,-524
114900040,61,566,-505
114900041,582,959,-377
114900042,712,1198,-486
114900043,1630,529,1101
114900044,159,40,119
114900046,87,224,-137
114900047,357,1628,-1271
114900048,110,386,-276
114900049,23,352,-329
114900050,38,1064,-1026
114900051,23,988,-965
114900052,73,417,-344
114900053,123,428,-305
114900054,91,242,-151
114900057,189,7,182
114900058,0,87,-87
114900059,53,47,6
114900060,1733,771,962
114900061,202,263,-61
114900062,292,467,-175
114900063,85,434,-349
114900064,1059,945,114
114900065,364,867,-503
114900067,52,539,-487
114900068,109,401,-292
114900069,263,380,-117
114900070,512,1140,-628
114900072,17,442,-425
114900073,0,269,-269
114900074,474,1941,-1467
114900075,200,12,188
114900076,16,502,-486
114900080,5951,661,5290
114900082,5169,2153,3016
114900083,1561,1414,147
114900090,284,256,28
114900091,231,323,-92
114900095,589,225,364
114900096,471,957,-486
114900097,115,0,115
114900098,14,413,-399
114900099,166,12,154
115000001,14080,8654,5426
115000002,3868,3880,-12
115000003,5694,6801,-1107
115000004,3502,5701,-2199
115000005,1958,4403,-2445
115000006,787,1837,-1050
115000007,85,309,-224
115000008,596,645,-49
115000009,172,765,-593
115000010,362,215,147
115000013,89,227,-138
115000015,60,376,-316
115000016,275,315,-40
115000019,34,558,-524
115000020,256,520,-264
115000021,387,559,-172
115000022,742,518,224
115000023,433,687,-254
115000024,1858,721,1137
115000025,1078,771,307
115000026,185,605,-420
115000027,246,417,-171
115000028,280,1136,-856
115000029,473,323,150
115000030,742,1465,-723
115000031,1224,588,636
115000032,8,365,-357
115000033,164,30,134
115000034,248,1457,-1209
115000035,1309,67,1242
115000036,2,533,-531
115000037,479,6,473
115000038,73,336,-263
115000039,4437,3332,1105
115000040,10169,5473,4696
115000041,1296,3754,-2458
115000042,884,1117,-233
115000043,3218,4211,-993
115000044,3724,6715,-2991
115000045,2267,3717,-1450
115000046,1808,4395,-2587
115000047,1698,3192,-1494
115000048,1693,4151,-2458
115000049,1947,4381,-2434
115000050,4070,2953,1117
115000051,3097,2947,150
115000052,4786,2948,1838
115000053,1842,1975,-133
115000054,977,2084,-1107
115000055,169,526,-357
115000056,194,333,-139
115000057,364,797,-433
115000058,104,155,-51
115000059,162,166,-4
115000061,255,165,90
115000062,252,527,-275
115000063,287,614,-327
115000064,196,293,-97
115000065,52,373,-321
115000067,409,41,368
115000069,96,400,-304
115000070,40,1199,-1159
115000071,105,10,95
115000072,9,82,-73
115000073,1998,54,1944
115000075,94,74,20
115000076,5746,5638,108
115000077,1827,6094,-4267
115000078,1135,3035,-1900
115000079,1365,3788,-2423
115000080,2161,4467,-2306
115000081,556,1530,-974
115000082,3851,5176,-1325
115000083,2779,5286,-2507
115000084,1768,2085,-317
115000085,759,1541,-782
115000086,923,1856,-933
115000087,739,2277,-1538
115000088,2518,1127,1391
115000089,2092,2252,-160
115000090,1053,1232,-179
115000091,700,1956,-1256
115000092,398,449,-51
115000093,565,1,564
115000094,15577,7143,8434
115000095,10882,6248,4634
115000096,707,4003,-3296
115000097,815,1027,-212
115000098,884,1249,-365
115000099,2350,6974,-4624
115000100,895,1024,-129
115000101,459,2404,-1945
115000102,505,290,215
115000103,497,1640,-1143
115000105,81,437,-356
115000106,409,464,-55
115000107,224,926,-702
115000108,7091,4010,3081
115000109,9897,4422,5475
115000110,1771,1446,325
115000111,1001,2333,-1332
115000112,929,1113,-184
115000113,954,1373,-419
115000114,2174,1272,902
115000116,5952,2412,3540
115000117,6778,3137,3641
115000118,2357,2413,-56
115000119,2395,2694,-299
115000120,804,1445,-641
115000121,1965,1360,605
115000122,4987,2221,2766
115000123,2797,2589,208
115000124,934,1466,-532
115000125,492,826,-334
115000126,196,301,-105
115000127,446,206,240
115000128,1975,1094,881
115000129,342,286,56
115000130,407,1737,-1330
115000131,725,376,349
115000132,221,1104,-883
115000133,478,592,-114
115000134,294,397,-103
115000135,338,414,-76
115000136,158,259,-101
115000137,75,290,-215
115000138,236,383,-147
115000139,299,361,-62
115000140,225,275,-50
115000141,233,582,-349
115000142,185,531,-346
115000143,484,760,-276
115000144,398,134,264
115000145,187,745,-558
115000146,396,379,17
115000147,552,874,-322
115000148,439,2728,-2289
115000149,694,374,320
115000150,961,2426,-1465
115000151,947,853,94
115000152,914,2996,-2082
115000153,1053,851,202
115000154,710,588,122
115000155,833,2223,-1390
115000156,1589,938,651
115000157,1711,1584,127
115000158,1068,615,453
115000159,1141,862,279
115000160,1108,1244,-136
115000161,763,921,-158
115000162,953,688,265
115000163,1133,791,342
115000164,944,746,198
115000165,484,461,23
115000167,198,90,108
115000168,721,351,370
115000169,1041,410,631
115000170,166,184,-18
115000171,238,188,50
115000172,3524,796,2728
115000173,461,532,-71
115000174,96,303,-207
115000175,219,205,14
115000176,242,216,26
115000177,226,239,-13
115000178,21,499,-478
115000179,20,84,-64
115000180,106,1357,-1251
115000181,508,243,265
115000182,710,673,37
115000183,275,1792,-1517
115000186,648,382,266
115000187,203,1157,-954
115000188,475,856,-381
115000189,237,568,-331
115000190,1552,722,830
115000191,508,621,-113
115000194,241,191,50
115000195,386,467,-81
115000196,90,215,-125
115000197,190,693,-503
115000198,226,493,-267
115000199,288,600,-312
115000200,301,165,136
115000201,181,785,-604
115000206,271,225,46
115000207,87,675,-588
115000208,989,1180,-191
115000209,677,252,425
115000210,144,135,9
115000211,313,465,-152
115000212,2264,427,1837
115000224,408,113,295
115000225,80,104,-24
115000229,485,278,207
115000230,86,1176,-1090
115000231,404,4679,-4275
115000232,1399,575,824
115000233,104,283,-179
115000234,38,444,-406
115000241,61,399,-338
115000242,111,520,-409
115000243,34,454,-420
115000244,4,136,-132
115000246,97,19,78
115000247,22,18,4
115000248,35,18,17
115000249,48,24,24
115000250,346,61,285
115000251,257,242,15
115000252,81,272,-191
115000253,16,425,-409
115000258,253,343,-90
115000259,536,296,240
115000261,22,39,-17
115000262,16,35,-19
115000263,29,58,-29
115000264,20,60,-40
115000267,105,186,-81
115000268,49,192,-143
115000269,116,109,7
115000270,12,38,-26
115000272,58,283,-225
115000273,397,49,348
115000280,3268,197,3071
115000281,869,368,501
115000282,2391,633,1758
115000284,424,157,267
115000296,892,4,888
115000297,368,104,264
115000298,135,272,-137
115000300,178,319,-141
115000302,333,368,-35
115000303,698,250,448
115000304,679,148,531
115000305,97,2112,-2015
115000306,152,1159,-1007
115000307,91,512,-421
115000308,84,48,36
115000309,31,27,4
115000310,1108,1719,-611
115000311,655,2699,-2044
115000313,186,1359,-1173
115000314,383,113,270
115000315,1554,476,1078
115000316,77,99,-22
115000317,183,1149,-966
115000318,747,418,329
115000319,84,482,-398
115000320,13,343,-330
115000321,642,26,616
115000322,45,385,-340
115000449,760,272,488
115000557,3,972,-969
115000558,222,108,114
115000587,435,637,-202
115000588,2942,5985,-3043
115000589,3188,3869,-681
115000590,937,2686,-1749
115000591,1262,1058,204
115000592,765,2627,-1862
115000593,1366,1000,366
115000594,1051,2442,-1391
115000609,93,191,-98
115000617,3322,3030,292
115000624,206,169,37
115000633,595,2522,-1927
115000634,3772,1198,2574
115000635,432,205,227
115000638,2489,1138,1351
115000641,74,143,-69
115000642,500,402,98
115000643,138,884,-746
115000644,229,582,-353
115000646,1005,1734,-729
115000647,251,812,-561
115000648,1448,2870,-1422
115000893,3991,1885,2106
115000894,113,1537,-1424
115000895,412,1135,-723
115000896,1392,432,960
115000897,665,161,504
115000898,1275,417,858
115000899,1373,1601,-228
115000900,275,577,-302
115000901,105,195,-90
115000912,336,169,167
115000913,0,92,-92
115000915,90,1,89
115000916,36,34,2
115000917,0,9,-9
115000918,158,405,-247
115000919,20,50,-30
115000920,60,85,-25
115000921,2733,207,2526
115000922,1403,883,520
115000923,529,961,-432
115000925,103,106,-3
115000927,40,69,-29
115000933,311,203,108
115000934,138,440,-302
115000935,111,212,-101
115000936,11,253,-242
115000937,424,108,316
115000938,21,98,-77
115000939,49,100,-51
115900001,55,140,-85
115900002,121,352,-231
115900003,152,192,-40
115900004,4,124,-120
115900005,144,14,130
115900006,170,985,-815
115900008,61,31,30
115900009,99,647,-548
115900010,180,422,-242
115900011,307,445,-138
115900012,118,167,-49
115900013,486,316,170
115900014,121,259,-138
115900015,72,156,-84
115900016,85,59,26
115900017,3,1,2
115900018,259,158,101
115900019,2024,62,1962
115900020,33,0,33
115900021,2325,159,2166
115900022,3260,20,3240
115900023,18,8,10
115900025,96,389,-293
115900026,1085,583,502
115900027,1,642,-641
115900028,908,127,781
115900029,30,806,-776
115900030,26,73,-47
115900031,467,359,108
115900032,535,1461,-926
115900033,1,50,-49
115900034,61,969,-908
115900035,26,62,-36
115900036,361,551,-190
115900037,68,802,-734
115900038,37,11,26
115900039,208,575,-367
115900041,605,504,101
115900042,26,6,20
115900043,137,271,-134
115900044,477,235,242
115900046,254,456,-202
115900047,144,87,57
115900049,164,441,-277
115900051,1,68,-67
115900052,6,356,-350
115900053,193,546,-353
115900054,147,82,65
115900055,20,140,-120
115900056,188,674,-486
115900057,25,10,15
115900058,30,78,-48
115900060,75,255,-180
115900061,113,3,110
115900062,44,510,-466
115900063,34,15,19
115900064,222,407,-185
115900065,104,226,-122
115900066,338,306,32
115900067,22,1522,-1500
115900068,5257,566,4691
115900069,54,269,-215
115900070,175,411,-236
115900071,3,1236,-1233
115900072,131,464,-333
115900073,66,57,9
115900074,6,615,-609
115900075,25,510,-485
115900076,0,146,-146
115900077,18,633,-615
115900078,35,188,-153
115900079,178,22,156
115900080,876,597,279
115900081,20,120,-100
115900082,238,225,13
115900084,282,38,244
115900085,46,65,-19
115900086,2941,792,2149
115900088,30,63,-33
115900089,263,1112,-849
115900090,240,27,213
115900091,12,60,-48
115900092,45,427,-382
115900093,7,34,-27
115900094,3,659,-656
115900096,1,12,-11
115900097,15,801,-786
115900098,125,1091,-966
115900099,39,122,-83
115900100,7,1143,-1136
115900101,161,830,-669
115900102,67,136,-69
115900103,300,515,-215
115900104,45,271,-226
115900105,157,1420,-1263
115900106,36,65,-29
115900107,61,347,-286
115900108,77,69,8
115900109,64,725,-661
115900110,0,25,-25
115900111,1,122,-121
115900112,58,2108,-2050
115900113,43,55,-12
115900114,7,247,-240
115900115,61,231,-170
115900116,104,2037,-1933
115900117,42,38,4
115900118,11,502,-491
115900119,170,101,69
115900120,35,844,-809
115900121,169,454,-285
115900124,250,599,-349
115900125,307,65,242
115900126,669,111,558
115900127,572,74,498
115900128,9,84,-75
115900129,787,49,738
115900130,39,229,-190
115900131,228,33,195
115900132,395,15,380
115900134,294,11,283
115900135,729,1127,-398
115900137,40,5,35
115900139,61,54,7
115900140,164,52,112
115900141,4,37,-33
115900142,13,25,-12
115900143,213,481,-268
115900144,86,414,-328
115900146,3,283,-280
115900147,370,281,89
115900148,16,17,-1
115900149,70,44,26
115900150,67,97,-30
115900151,13,132,-119
115900152,129,738,-609
115900153,119,511,-392
115900154,1369,405,964
115900155,0,181,-181
115900156,611,1164,-553
115900157,146,689,-543
115900158,71,27,44
115900159,114,453,-339
115900160,11,8,3
115900161,62,411,-349
115900163,201,225,-24
115900164,397,68,329
115900165,3,203,-200
115900166,241,528,-287
115900168,84,251,-167
115900171,136,937,-801
115900172,75,230,-155
115900173,176,225,-49
115900174,697,222,475
115900175,118,267,-149
115900178,4,1256,-1252
115900179,221,24,197
115900180,61,729,-668
115900181,183,366,-183
115900182,304,501,-197
115900183,96,35,61
115900184,2220,19,2201
115900187,10,145,-135
115900189,0,245,-245
115900190,549,1506,-957
115900191,92,817,-725
115900192,16,81,-65
115900193,89,120,-31
115900194,472,63,409
115900195,872,1461,-589
115900198,307,449,-142
115900199,198,505,-307
115900200,346,630,-284
115900201,463,328,135
115900202,1,9,-8
115900203,5,11,-6
115900204,0,9,-9
115900205,78,6,72
115900206,120,249,-129
115900207,43,37,6
115900208,124,695,-571
115900209,3,234,-231
115900210,8,204,-196
115900211,8,419,-411
115900212,114,419,-305
115900213,95,47,48
115900214,284,474,-190
115900215,34,85,-51
115900216,5,123,-118
115900217,1,96,-95
115900218,1,79,-78
115900219,73,17,56
115900220,101,5,96
115900221,47,27,20
115900222,25,25,0
115900223,11,183,-172
115900224,2822,612,2210
115900225,79,55,24
115900226,19,131,-112
115900227,8,96,-88
115900228,8,77,-69
115900229,7,118,-111
115900230,57,196,-139
115900231,107,1,106
115900232,63,0,63
115900233,55,9,46
115900234,74,34,40
115900235,16,40,-24
115900236,38,8,30
115900237,7,40,-33
115900238,14,32,-18
115900239,14,26,-12
115900240,12,63,-51
115900241,155,144,11
115900242,297,277,20
115900243,37,7,30
115900244,9,31,-22
115900245,46,19,27
115900246,13,13,0
115900247,22,16,6
115900248,7,5,2
115900249,6,21,-15
115900250,5,32,-27
115900251,1,12,-11
115900252,2,1,1
115900253,6,11,-5
115900254,21,20,1
115900255,5,25,-20
115900256,15,11,4
115900257,0,1,-1
115900258,0,1,-1
115900259,1,0,1
115900260,11,0,11
115900261,8,2,6
115900262,1,0,1
115900263,6,2,4
115900264,8,7,1
115900265,2,7,-5
115900266,6,14,-8
115900267,7,13,-6
115900268,6,11,-5
115900269,313,617,-304
115900270,421,1371,-950
115900271,82,0,82
115900272,25,3,22
115900273,6,3,3
115900274,2,50,-48
115900275,6,93,-87
115900276,2,118,-116
115900277,2,198,-196
115900278,29,242,-213
115900279,14,247,-233
115900280,19,314,-295
115900281,710,145,565
115900282,5,7,-2
116000001,23211,7496,15715
116000002,5485,9224,-3739
116000003,2097,2732,-635
116000004,3020,2885,135
116000005,4264,5334,-1070
116000006,3053,1756,1297
116000007,4887,7332,-2445
116000008,3081,2344,737
116000009,2674,4197,-1523
116000010,1838,1531,307
116000011,1107,3148,-2041
116000012,858,912,-54
116000013,27986,7273,20713
116000014,30412,12896,17516
116000015,891,1282,-391
116000016,13985,3968,10017
116000017,71,759,-688
116000018,1079,838,241
116000019,753,511,242
116000020,632,2442,-1810
116000021,419,471,-52
116000022,376,940,-564
116000023,1145,858,287
116000024,867,2168,-1301
116000025,982,837,145
116000026,1900,3702,-1802
116000027,988,895,93
116000028,577,965,-388
116000029,1328,922,406
116000030,746,634,112
116000031,163,321,-158
116000032,475,360,115
116000033,518,954,-436
116000034,866,1397,-531
116000035,484,862,-378
116000036,3007,936,2071
116000037,1070,1174,-104
116000038,1170,682,488
116000039,979,331,648
116000040,1963,389,1574
116000041,354,783,-429
116000042,580,321,259
116000043,78,769,-691
116000044,31,171,-140
116000045,2482,1786,696
116000046,1984,1582,402
116000047,3011,2865,146
116000048,2944,2153,791
116000049,1328,2871,-1543
116000050,1699,1856,-157
116000051,4996,3002,1994
116000052,4686,5527,-841
116000053,2105,1467,638
116000054,1061,3171,-2110
116000055,635,1859,-1224
116000056,818,1679,-861
116000057,4464,2828,1636
116000058,5018,2968,2050
116000059,4256,6653,-2397
116000060,3246,1327,1919
116000061,444,981,-537
116000062,1146,362,784
116000063,735,1447,-712
116000066,238,701,-463
116000067,261,856,-595
116000068,286,351,-65
116000069,370,609,-239
116000078,369,1533,-1164
116000080,1633,1535,98
116000082,4,279,-275
116000083,1298,531,767
116000084,3813,5984,-2171
116000085,2167,1589,578
116000086,3967,1951,2016
116000087,1363,1640,-277
116000088,1488,2627,-1139
116000089,186,235,-49
116000090,200,266,-66
116000091,182,155,27
116000093,752,2559,-1807
116000094,543,1147,-604
116000095,551,1909,-1358
116000096,815,1679,-864
116000097,657,1719,-1062
116000098,433,5652,-5219
116000099,19099,741,18358
116000100,160,19,141
116000101,593,2952,-2359
116000102,232,2592,-2360
116000103,485,403,82
116000104,179,2990,-2811
116000105,995,290,705
116000106,394,2228,-1834
116000107,1684,779,905
116000108,294,309,-15
116000111,129,17,112
116000113,94,126,-32
116000114,26,222,-196
116000115,256,126,130
116000116,246,823,-577
116000117,1365,3232,-1867
116000118,1340,2619,-1279
116000119,2696,2680,16
116000120,3638,7707,-4069
116000121,743,694,49
116000122,1683,4029,-2346
116000123,770,723,47
116000124,446,2023,-1577
116000125,2266,1027,1239
116000126,476,2334,-1858
116000127,1524,2782,-1258
116000128,1661,1371,290
116000129,1000,298,702
116000130,474,403,71
116000133,604,1649,-1045
116000134,1947,5673,-3726
116000135,1734,2148,-414
116000136,1192,4279,-3087
116000137,871,994,-123
116000138,1412,683,729
116000139,1911,3229,-1318
116000140,152,307,-155
116000141,565,1946,-1381
116000142,5797,6217,-420
116000143,2204,1959,245
116000144,1499,4802,-3303
116000145,1778,2510,-732
116000146,303,805,-502
116000147,430,201,229
116000148,555,612,-57
116000149,457,922,-465
116000151,749,1661,-912
116000153,117,920,-803
116000155,370,430,-60
116000156,681,3359,-2678
116000157,74,47,27
116000158,613,446,167
116000159,13,26,-13
116000160,37,293,-256
116000161,4,265,-261
116000162,139,142,-3
116000163,42,16,26
116000164,27,29,-2
116000177,290,223,67
116000194,120,636,-516
116000195,2542,982,1560
116000196,16,5,11
116000197,16,8,8
116000198,3102,1508,1594
116000200,1301,325,976
116000201,943,946,-3
116000202,11,660,-649
116000203,4,156,-152
116000204,15,60,-45
116000205,0,245,-245
116000206,1,141,-140
116000207,4,39,-35
116000233,231,1573,-1342
116000287,157,1011,-854
116000288,175,490,-315
116000292,68,355,-287
116000296,12,376,-364
116000297,57,19,38
116000304,87,36,51
116000305,9,198,-189
116000346,229,357,-128
116000352,123,109,14
116000354,101,43,58
116000357,32,15,17
116000358,293,61,232
116000361,165,4,161
116000372,16362,4055,12307
116000381,61,0,61
116000388,1,46,-45
116000389,686,984,-298
116000445,377,1007,-630
116000446,452,2447,-1995
116000447,23,602,-579
116000448,877,497,380
116000563,1571,1212,359
116000565,177,627,-450
116000568,86,296,-210
116000579,40,202,-162
116000584,28,25,3
116000585,28,24,4
116000586,431,266,165
116000587,739,1012,-273
116000589,22,155,-133
116000590,84,143,-59
116000591,163,526,-363
116000592,10,231,-221
116000593,0,122,-122
116000594,486,922,-436
116000595,818,283,535
116000596,103,18,85
116000597,253,80,173
116000598,7,329,-322
116000602,81,572,-491
116000605,474,380,94
116000606,73,213,-140
116000607,10,162,-152
116000609,378,969,-591
116000611,152,900,-748
116000612,660,2610,-1950
116000613,544,612,-68
116000614,672,1385,-713
116000615,1,198,-197
116000616,86,307,-221
116000617,90,251,-161
116000618,6,355,-349
116000619,31,60,-29
116000620,78,103,-25
116000621,37,171,-134
116000622,35,187,-152
116000624,120,86,34
116000627,10,87,-77
116000628,20,1569,-1549
116000629,28,1688,-1660
116000630,203,240,-37
116000631,81,159,-78
116000632,340,888,-548
116000633,59,1679,-1620
116000634,230,15,215
116000635,2984,1919,1065
116000636,958,915,43
116000637,3,0,3
116000638,1,163,-162
116900001,254,230,24
116900002,436,3,433
116900003,15,143,-128
116900004,49,86,-37
116900005,253,81,172
116900006,342,214,128
116900007,107,297,-190
116900008,376,884,-508
116900009,35,4,31
116900010,12,3556,-3544
116900011,11,95,-84
116900012,166,352,-186
116900013,12,512,-500
116900014,56,479,-423
116900015,284,148,136
116900016,165,3,162
116900017,5,1477,-1472
116900018,119,105,14
116900019,29,776,-747
116900020,2990,695,2295
116900023,54,19,35
116900024,342,123,219
116900025,749,1978,-1229
116900026,400,1497,-1097
116900027,38,95,-57
116900028,8,267,-259
116900029,2,37,-35
116900031,0,17,-17
116900032,9,785,-776
116900033,28,23,5
116900034,11,112,-101
116900035,129,421,-292
116900036,3,153,-150
116900038,9,7,2
116900041,53,28,25
116900042,1625,433,1192
116900043,29,183,-154
116900045,259,57,202
116900047,185,74,111
116900049,69,563,-494
116900050,125,938,-813
116900051,87,586,-499
116900052,210,107,103
116900055,1,11,-10
116900057,24,643,-619
116900058,23,909,-886
116900059,5,499,-494
116900060,387,513,-126
116900062,2,11,-9
116900064,89,2131,-2042
116900065,10,311,-301
116900067,112,276,-164
116900068,136,551,-415
116900070,2,11,-9
116900072,23,912,-889
116900073,13,450,-437
116900074,10,114,-104
116900076,13,46,-33
116900077,10,490,-480
116900078,423,240,183
116900079,33,861,-828
116900080,17,45,-28
116900081,516,3079,-2563
116900082,368,1424,-1056
116900083,66,151,-85
116900084,339,77,262
116900085,38,230,-192
116900086,39,429,-390
116900088,707,119,588
116900090,146,115,31
116900091,239,182,57
116900092,116,1456,-1340
116900093,2292,3137,-845
116900094,9805,3736,6069
116900095,363,339,24
116900096,135,268,-133
116900097,8429,3011,5418
116900098,1078,364,714
116900099,863,1015,-152
116900100,712,50,662
116900101,394,1083,-689
116900103,3,1,2
116900104,44,121,-77
116900105,342,113,229
116900106,1454,695,759
116900107,7544,2067,5477
116900110,5,0,5
116900111,320,2314,-1994
116900112,182,2443,-2261
116900113,6404,1326,5078
116900116,149,508,-359
116900117,42,166,-124
116900118,1443,918,525
116900120,196,286,-90
116900121,58,105,-47
116900122,578,1874,-1296
116900123,161,1934,-1773
116900124,198,2130,-1932
116900125,322,523,-201
116900126,604,1089,-485
116900128,1,74,-73
116900129,1,562,-561
116900130,2057,3009,-952
116900131,129,265,-136
116900132,33,100,-67
116900133,116,138,-22
116900134,270,293,-23
116900136,198,240,-42
116900137,364,301,63
116900138,174,349,-175
116900139,93,676,-583
116900140,201,225,-24
116900141,694,419,275
116900142,6,63,-57
116900143,263,639,-376
116900144,30,50,-20
116900145,178,656,-478
116900147,960,435,525
116900148,1,44,-43
116900149,44,242,-198
116900150,13,2,11
116900151,107,35,72
116900153,121,109,12
116900154,756,553,203
116900155,118,85,33
116900157,507,577,-70
116900158,172,257,-85
116900159,56,382,-326
116900160,974,413,561
116900161,15388,6171,9217
116900162,24,201,-177
116900163,151,280,-129
116900164,55,63,-8
116900165,215,194,21
116900166,19,216,-197
116900167,525,97,428
116900168,269,151,118
116900169,1220,346,874
116900170,298,513,-215
116900171,25,512,-487
116900172,346,187,159
116900173,195,117,78
116900174,23,26,-3
116900175,388,133,255
116900178,22,357,-335
116900179,103,237,-134
116900180,88,69,19
116900182,477,275,202
116900183,172,139,33
116900185,41,38,3
116900186,102,666,-564
116900187,36,36,0
116900188,174,48,126
116900189,53,2,51
116900191,375,681,-306
116900192,212,447,-235
116900194,152,932,-780
116900195,43,23,20
116900196,18,167,-149
116900197,116,4,112
116900198,437,263,174
116900200,21,49,-28
116900201,73,15,58
116900202,190,86,104
116900203,193,6,187
116900204,67,128,-61
116900206,10,66,-56
116900207,43,47,-4
116900208,11,256,-245
116900209,17,271,-254
116900210,474,326,148
116900211,301,21,280
116900212,35,164,-129
116900213,189,409,-220
116900214,130,206,-76
116900215,76,162,-86
116900216,445,498,-53
116900218,17,536,-519
116900219,1292,513,779
116900220,106,295,-189
116900221,65,406,-341
116900222,439,481,-42
116900223,114,358,-244
116900226,92,181,-89
116900227,161,147,14
116900228,304,479,-175
116900230,59,788,-729
116900231,36,1028,-992
116900232,14,1215,-1201
116900233,255,138,117
116900234,16,13,3
116900235,185,568,-383
116900238,2177,686,1491
116900239,9,1153,-1144
116900240,12574,4083,8491
116900241,98,318,-220
116900242,694,400,294
116900243,3,240,-237
116900245,37,22,15
116900246,104,15,89
116900247,509,19,490
116900248,65,48,17
116900249,222,251,-29
116900250,252,50,202
116900251,725,464,261
116900252,88,2016,-1928
116900253,131,145,-14
116900254,16,196,-180
116900255,122,66,56
116900256,244,203,41
116900257,12,1269,-1257
116900258,3,536,-533
116900259,136,10,126
116900260,1,180,-179
116900261,48,0,48
116900262,114,156,-42
116900263,0,18,-18
116900264,1,5,-4
116900265,12,0,12
116900266,11,134,-123
116900267,2,3,-1
116900268,50,6,44
116900269,368,860,-492
116900271,2709,160,2549
116900272,635,1052,-417
116900273,534,100,434
116900274,129,152,-23
116900275,195,293,-98
116900276,2193,125,2068
116900277,1298,29,1269
116900278,5,41,-36
116900279,4,23,-19
116900280,20,54,-34
116900281,14555,4001,10554
116900282,8,350,-342
116900283,22,358,-336
116900284,8,395,-387
116900285,642,352,290
116900286,316,33,283
116900287,4,130,-126
116900288,33,209,-176
116900289,8,36,-28
116900290,1,69,-68
116900291,8,8,0
116900292,0,4,-4
116900293,27,133,-106
116900294,40,208,-168
116900295,329,53,276
116900296,96,135,-39
116900297,7,134,-127
116900298,212,76,136
116900299,122,63,59
116900300,4,319,-315
116900301,161,137,24
116900302,84,72,12
116900303,911,114,797
116900304,1,193,-192
116900305,51,105,-54
116900306,112,181,-69
117000001,2254,1811,443
117000002,3004,7535,-4531
117000003,11353,4005,7348
117000004,7567,10339,-2772
117000005,2258,2142,116
117000006,1991,7734,-5743
117000007,3657,1576,2081
117000008,2304,9716,-7412
117000009,5397,2452,2945
117000010,4189,9248,-5059
117000011,1941,2935,-994
117000012,1674,3398,-1724
117000013,1689,1829,-140
117000014,1402,4353,-2951
117000015,5456,1632,3824
117000016,1128,37,1091
117000017,863,414,449
117000018,321,509,-188
117000019,432,0,432
117000020,1039,1798,-759
117000021,5301,844,4457
117000022,1130,106,1024
117000023,1433,207,1226
117000024,1485,194,1291
117000025,2413,866,1547
117000026,6969,1215,5754
117000027,4430,3015,1415
117000028,5767,1637,4130
117000030,1227,1242,-15
117000031,463,313,150
117000032,2783,2212,571
117000033,2208,1541,667
117000034,547,723,-176
117000035,478,363,115
117000036,665,786,-121
117000037,506,323,183
117000038,575,1093,-518
117000039,571,505,66
117000040,215,2720,-2505
117000041,721,205,516
117000044,42,2556,-2514
117000045,482,89,393
117000046,878,1277,-399
117000047,1004,768,236
117000048,3689,3284,405
117000049,244,1030,-786
117000050,187,4699,-4512
117000051,2192,246,1946
117000052,24,1175,-1151
117000053,302,121,181
117000054,1575,9,1566
117000055,24,7154,-7130
117000056,630,34,596
117000057,937,4071,-3134
117000060,573,2916,-2343
117000061,2069,1414,655
117000062,314,935,-621
117000063,2343,1150,1193
117000064,1537,1743,-206
117000066,2265,1615,650
117000067,336,647,-311
117000074,207,310,-103
117000076,143,103,40
117000077,171,228,-57
117000078,249,1400,-1151
117000079,366,311,55
117000080,4,571,-567
117000081,1100,165,935
117000082,21,114,-93
117000083,172,24,148
117000084,557,5,552
117000085,224,902,-678
117000086,1709,1201,508
117000087,105,931,-826
117000088,307,363,-56
117000089,1574,496,1078
117000090,426,2798,-2372
117000091,731,446,285
117000092,446,2999,-2553
117000093,1302,1125,177
117000094,1424,5208,-3784
117000095,3210,1225,1985
117000096,776,5303,-4527
117000097,1336,1807,-471
117000098,4382,10538,-6156
117000099,3352,1570,1782
117000100,287,345,-58
117000101,373,2310,-1937
117000102,2116,993,1123
117000103,1359,4001,-2642
117000104,1570,865,705
117000105,1415,3557,-2142
117000106,1522,1385,137
117000107,871,3773,-2902
117000108,1782,1454,328
117000109,3462,4904,-1442
117000110,1768,1253,515
117000111,5851,8641,-2790
117000112,3626,3710,-84
117000113,124,719,-595
117000114,221,334,-113
117000115,149,332,-183
117000116,144,468,-324
117000117,2662,1006,1656
117000118,668,235,433
117000119,590,166,424
117000120,682,469,213
117000121,325,1291,-966
117000122,1044,1817,-773
117000123,3714,50,3664
117000124,1448,77,1371
117000125,1003,120,883
117000126,135,89,46
117000127,414,848,-434
117000128,814,1403,-589
117000129,905,66,839
117000130,135,2,133
117000131,8,155,-147
117000132,2252,84,2168
117000133,1072,487,585
117000134,2,103,-101
117000135,8,42,-34
117000136,7,63,-56
117000137,81,97,-16
117000138,1,1122,-1121
117000140,948,3059,-2111
117000141,2269,984,1285
117000181,2172,1073,1099
117000182,492,396,96
117000195,330,2496,-2166
117000196,198,137,61
117000225,462,6,456
117000226,21,288,-267
117000276,217,16,201
117000277,5,1284,-1279
117000310,3911,4762,-851
117000315,55,1824,-1769
117000320,103,0,103
117000906,216,15,201
117000907,21,905,-884
117000908,259,27,232
117000909,113,53,60
117000910,213,220,-7
117000911,187,348,-161
117000915,17,1394,-1377
117000916,25,20,5
117000917,1016,29,987
117000918,65,111,-46
117000919,16,338,-322
117000920,9,3312,-3303
117000921,21,3268,-3247
117000922,118,257,-139
117000924,356,677,-321
117000926,1971,112,1859
117000927,3092,912,2180
117000928,2,601,-599
117000929,135,1241,-1106
117000930,145,22,123
117000931,876,203,673
117900002,338,741,-403
117900003,1342,825,517
117900005,8,62,-54
117900006,0,34,-34
117900007,239,317,-78
117900008,0,61,-61
117900010,427,218,209
117900011,114,27,87
117900012,134,380,-246
117900013,6,854,-848
117900014,821,432,389
117900015,47,366,-319
117900016,3173,837,2336
117900017,776,839,-63
117900018,540,82,458
117900019,500,948,-448
117900020,73,466,-393
117900021,51,204,-153
117900022,66,21,45
117900023,1151,499,652
117900024,131,344,-213
117900025,36,10,26
117900026,448,1013,-565
117900028,145,17,128
117900029,319,2216,-1897
117900030,477,247,230
117900031,422,280,142
117900032,714,630,84
117900033,233,1590,-1357
117900034,85,103,-18
117900035,176,76,100
117900036,253,1227,-974
117900037,108,231,-123
117900038,55,741,-686
117900039,5,169,-164
117900040,203,1273,-1070
117900041,6,118,-112
117900042,8455,885,7570
117900043,41,133,-92
117900044,105,5062,-4957
117900045,199,238,-39
117900048,185,494,-309
117900049,164,1407,-1243
117900050,34,95,-61
117900051,67,1,66
117900052,85,458,-373
117900053,1293,1047,246
117900054,2,35,-33
117900055,277,341,-64
117900056,618,75,543
117900057,1227,1939,-712
117900058,252,12,240
117900059,830,104,726
117900060,1537,9731,-8194
117900061,24,418,-394
117900063,395,421,-26
117900065,938,2221,-1283
117900066,17,74,-57
117900067,451,697,-246
117900069,708,908,-200
117900070,536,14,522
117900071,148,236,-88
117900073,371,1018,-647
117900074,391,11,380
117900075,99,167,-68
117900076,24,51,-27
117900077,257,276,-19
117900078,300,683,-383
117900080,246,84,162
117900081,713,899,-186
117900082,410,469,-59
117900083,410,1480,-1070
117900086,215,56,159
117900087,144,111,33
117900088,4048,4260,-212
117900089,1775,601,1174
117900090,521,1852,-1331
117900091,385,229,156
117900092,77,62,15
117900093,48,168,-120
117900094,63,27,36
117900095,468,1106,-638
117900096,63,459,-396
117900097,277,169,108
117900098,21,11,10
117900099,182,888,-706
117900100,176,2,174
117900101,641,1627,-986
117900102,79,122,-43
117900103,46,2,44
117900104,10,292,-282
117900105,215,501,-286
117900106,111,104,7
117900107,53,1,52
117900109,503,411,92
117900110,49,1,48
117900111,325,16,309
117900112,98,17,81
117900113,9920,3220,6700
117900114,27,1,26
117900115,431,107,324
117900116,1496,1733,-237
117900117,468,578,-110
117900118,30,0,30
117900119,107,523,-416
117900120,147,399,-252
117900121,45,31,14
117900122,2096,2366,-270
117900123,1367,1421,-54
117900124,828,1222,-394
117900125,1794,1574,220
117900126,437,1257,-820
117900127,532,1447,-915
117900128,373,2032,-1659
117900129,51,1,50
117900130,1417,895,522
117900131,3,223,-220
117900132,24,186,-162
117900133,12,211,-199
117900134,136,603,-467
117900135,35,419,-384
117900136,0,95,-95
117900137,72,563,-491
117900138,0,86,-86
117900139,72,289,-217
117900140,9320,334,8986
117900141,597,550,47
117900142,142,36,106
117900144,172,210,-38
117900145,78,21,57
117900146,448,178,270
117900147,126,112,14
117900148,5659,1385,4274
117900149,67,359,-292
117900150,36,246,-210
117900151,84,276,-192
117900152,196,154,42
117900153,42,180,-138
117900154,575,1386,-811
117900156,1419,1761,-342
117900157,91,764,-673
117900158,215,170,45
117900160,557,606,-49
117900161,4147,4986,-839
117900162,404,758,-354
117900163,315,32,283
117900165,0,20,-20
117900166,140,431,-291
117900168,24,244,-220
117900169,3,224,-221
117900170,4,70,-66
117900171,2,48,-46
117900172,21,95,-74
117900173,269,101,168
117900174,19,76,-57
117900175,12,114,-102
117900176,19,95,-76
117900177,10,118,-108
117900178,131,96,35
117900180,527,54,473
117900181,336,332,4
117900182,0,42,-42
117900183,50,242,-192
117900184,13,54,-41
117900185,26,41,-15
117900186,61,22,39
117900187,25,26,-1
117900188,259,35,224
117900189,107,27,80
117900190,19,1,18
117900191,69,0,69
117900192,242,3,239
117900193,34,93,-59
117900194,27,4,23
117900195,18,60,-42
117900196,12,45,-33
117900207,183,145,38
117900208,31,49,-18
117900209,200,264,-64
117900210,204,402,-198
117900211,19,385,-366
117900212,121,293,-172
117900213,35,22,13
117900214,12,96,-84
117900215,23,91,-68
117900216,71,51,20
117900217,181,235,-54
117900218,370,499,-129
117900219,15,74,-59
117900220,268,159,109
117900222,150,461,-311
117900223,142,407,-265
118000001,1234,841,393
118000002,1691,2823,-1132
118000003,3244,2187,1057
118000004,3783,2478,1305
118000005,8060,5253,2807
118000006,9758,12240,-2482
118000007,10635,3851,6784
118000008,7401,4963,2438
118000009,3754,4545,-791
118000010,5235,6062,-827
118000011,1407,5196,-3789
118000012,1566,5569,-4003
118000013,5687,5388,299
118000014,2512,5201,-2689
118000016,253,547,-294
118000017,366,538,-172
118000018,408,740,-332
118000019,2761,1830,931
118000020,2205,2451,-246
118000021,1154,3271,-2117
118000022,2883,1011,1872
118000023,1292,411,881
118000024,2767,1297,1470
118000027,23921,12578,11343
118000029,1568,944,624
118000032,2044,4062,-2018
118000033,3600,4248,-648
118000034,7467,2928,4539
118000035,1994,2652,-658
118000036,1655,1302,353
118000037,958,1529,-571
118000038,168,160,8
118000039,118,745,-627
118000040,1767,3290,-1523
118000041,2696,2299,397
118000045,942,151,791
118000046,3607,718,2889
118000047,3116,712,2404
118000048,5788,1792,3996
118000051,3234,2285,949
118000052,2453,1150,1303
118000053,1363,1737,-374
118000054,3096,3276,-180
118000055,2486,3695,-1209
118000056,310,578,-268
118000057,296,666,-370
118000058,5286,2294,2992
118000059,3844,1164,2680
118000060,1120,1265,-145
118000061,1073,2490,-1417
118000062,629,547,82
118000063,390,856,-466
118000064,1409,2038,-629
118000065,6479,2820,3659
118000066,1562,1879,-317
118000067,1576,990,586
118000068,2554,5488,-2934
118000069,4838,1882,2956
118000070,10944,2537,8407
118000071,5184,8540,-3356
118000072,3489,1300,2189
118000073,3796,676,3120
118000074,714,722,-8
118000075,920,409,511
118000076,2019,1744,275
118000077,1883,1769,114
118000078,2695,2175,520
118000079,491,614,-123
118000080,1673,1464,209
118000081,2549,1277,1272
118000082,400,1218,-818
118000083,3706,1665,2041
118000084,3733,2106,1627
118000086,349,686,-337
118000087,10359,3919,6440
118000088,2269,2635,-366
118000089,6401,3408,2993
118000090,3305,3866,-561
118000091,2877,3125,-248
118000092,1974,679,1295
118000093,211,995,-784
118000096,742,807,-65
118000097,1106,953,153
118000098,339,362,-23
118000099,466,1393,-927
118000101,1092,516,576
118000102,420,2088,-1668
118000107,6828,778,6050
118000108,1077,2326,-1249
118000110,1,48,-47
118000111,6,1042,-1036
118000112,315,7,308
118000113,15,1998,-1983
118000114,287,9,278
118000115,16,18,-2
118000116,85,1,84
118000117,1734,1712,22
118000118,1193,891,302
118000119,910,1604,-694
118000120,2188,2734,-546
118000121,108,780,-672
118000122,1949,425,1524
118000123,81,392,-311
118000125,3040,1946,1094
118000126,1238,1624,-386
118000127,2981,822,2159
118000128,1104,1896,-792
118000129,1281,423,858
118000130,4335,6644,-2309
118000131,962,1655,-693
118000132,2506,1832,674
118000133,982,683,299
118000135,896,451,445
118000136,137,763,-626
118000137,1206,145,1061
118000138,352,1609,-1257
118000139,370,247,123
118000140,3222,4941,-1719
118000141,2190,3107,-917
118000142,1700,2998,-1298
118000143,1865,1573,292
118000144,2297,1609,688
118000145,1717,3956,-2239
118000146,1252,1753,-501
118000147,850,2514,-1664
118000148,441,2017,-1576
118000149,888,2138,-1250
118000150,420,435,-15
118000151,342,769,-427
118000153,1092,1935,-843
118000154,1011,2875,-1864
118000155,1189,2214,-1025
118000156,4233,4060,173
118000157,737,732,5
118000158,172,671,-499
118000159,32,95,-63
118000160,552,733,-181
118000161,482,1248,-766
118000162,1137,1279,-142
118000163,730,1046,-316
118000164,3718,2065,1653
118000168,2676,471,2205
118000169,1410,2599,-1189
118000170,5142,9934,-4792
118000171,303,1074,-771
118000172,185,468,-283
118000173,1174,2104,-930
118000175,350,550,-200
118000176,356,671,-315
118000177,272,837,-565
118000178,204,82,122
118000179,2412,1435,977
118000180,1213,1321,-108
118000181,1178,472,706
118000182,329,443,-114
118000183,268,415,-147
118000184,816,1709,-893
118000185,1497,1288,209
118000186,911,1204,-293
118000187,1541,1239,302
118000188,665,437,228
118000189,504,1529,-1025
118000190,26,35,-9
118000191,24,123,-99
118000192,188,305,-117
118000193,193,471,-278
118000194,3308,1554,1754
118000195,1568,759,809
118000196,841,152,689
118000197,446,116,330
118000198,902,688,214
118000199,1443,545,898
118000200,130,496,-366
118000201,711,695,16
118000202,70,95,-25
118000203,1644,562,1082
118000204,196,421,-225
118000205,329,428,-99
118000206,278,365,-87
118000207,2,341,-339
118000208,1174,2182,-1008
118000209,2254,2927,-673
118000210,55,65,-10
118000211,7,65,-58
118000213,1585,2044,-459
118000214,975,654,321
118000215,308,462,-154
118000216,2525,5463,-2938
118000217,33,161,-128
118000218,97,182,-85
118000219,570,724,-154
118000220,5,53,-48
118000221,110,335,-225
118000222,87,62,25
118000223,42,60,-18
118000224,527,182,345
118000225,164,1949,-1785
118000226,1220,289,931
118000227,1354,538,816
118000228,217,232,-15
118000229,396,92,304
118000230,143,454,-311
118000231,116,446,-330
118000232,833,1596,-763
118000233,983,1450,-467
118000234,282,492,-210
118000236,457,797,-340
118000237,119,985,-866
118000238,245,657,-412
118000239,266,576,-310
118000240,1086,189,897
118000241,129,600,-471
118000242,399,1132,-733
118000243,229,354,-125
118000244,59,277,-218
118000246,0,20,-20
118000255,53,371,-318
118000256,145,344,-199
118000259,22,110,-88
118000260,190,201,-11
118000261,68,217,-149
118000263,118,412,-294
118000266,161,673,-512
118000267,1,119,-118
118000268,686,7,679
118000270,64,53,11
118000271,205,503,-298
118000272,121,45,76
118000273,167,106,61
118000274,110,567,-457
118000276,389,734,-345
118000295,15,117,-102
118000298,219,651,-432
118000299,56,309,-253
118000301,0,161,-161
118000302,74,147,-73
118000311,337,249,88
118000312,244,311,-67
118000313,64,449,-385
118000314,75,145,-70
118000315,58,162,-104
118000316,665,990,-325
118000325,64,154,-90
118000326,43,66,-23
118000331,54,130,-76
118000332,19,114,-95
118000333,51,143,-92
118000335,225,0,225
118000336,2,677,-675
118000407,113,115,-2
118000457,14,19,-5
118000465,4453,4541,-88
118000480,33,301,-268
118000489,64,286,-222
118000490,80,687,-607
118000492,189,360,-171
118000510,83,23,60
118000514,240,703,-463
118000515,1067,786,281
118000517,761,307,454
118000524,995,315,680
118000525,1184,1282,-98
118000530,20,180,-160
118000531,231,495,-264
118000532,212,482,-270
118000533,549,283,266
118000534,719,610,109
118000535,260,219,41
118000536,1464,1952,-488
118000537,54,180,-126
118000538,33,236,-203
118000539,16,91,-75
118000540,471,482,-11
118000541,300,195,105
118000542,140,297,-157
118000543,414,343,71
118000546,66,35,31
118000560,5053,1694,3359
118000562,29,843,-814
118000563,2920,1981,939
118000576,173,349,-176
118000577,250,174,76
118000578,139,200,-61
118000579,1185,1619,-434
118000595,182,167,15
118000596,0,96,-96
118000597,116,206,-90
118000598,18,0,18
118000599,33,73,-40
118000600,0,56,-56
118000601,12,0,12
118000602,0,61,-61
118000603,0,54,-54
118900001,2184,1583,601
118900002,1873,1046,827
118900003,218,67,151
118900004,42,141,-99
118900005,65,6,59
118900006,95,11,84
118900007,6,5,1
118900008,1794,83,1711
118900009,50,48,2
118900010,60,3,57
118900011,211,42,169
118900012,600,392,208
118900013,1171,86,1085
118900015,230,101,129
118900016,10,43,-33
118900017,213,373,-160
118900018,2080,27,2053
118900019,94,34,60
118900020,201,194,7
118900021,183,677,-494
118900022,213,147,66
118900023,168,149,19
118900024,116,380,-264
118900025,86,35,51
118900026,75,150,-75
118900027,835,430,405
118900028,139,325,-186
118900029,176,923,-747
118900030,266,132,134
118900031,165,259,-94
118900032,201,326,-125
118900033,608,1313,-705
118900034,126,21,105
118900035,199,451,-252
118900036,1059,1337,-278
118900037,546,502,44
118900038,458,509,-51
118900039,511,464,47
118900040,207,305,-98
118900041,446,327,119
118900042,158,195,-37
118900045,340,251,89
118900046,1285,302,983
118900047,1252,355,897
118900048,390,230,160
118900049,84,49,35
118900050,11,223,-212
118900051,107,92,15
118900052,381,468,-87
118900053,33,155,-122
118900054,153,166,-13
118900055,26,163,-137
118900056,37,339,-302
118900057,593,419,174
118900058,447,753,-306
118900059,19,125,-106
118900060,98,194,-96
118900062,154,296,-142
118900064,823,820,3
118900065,54,255,-201
118900066,124,228,-104
118900067,8245,3478,4767
118900068,4,420,-416
118900069,388,466,-78
118900071,4,88,-84
118900072,566,674,-108
118900073,73,191,-118
118900074,115,268,-153
118900075,92,153,-61
118900076,400,125,275
118900077,250,290,-40
118900078,40,13,27
118900079,95,274,-179
118900080,19,167,-148
118900081,59,22,37
118900082,659,279,380
118900083,15,21,-6
118900084,19,26,-7
118900085,637,1453,-816
118900086,38,115,-77
118900087,47,278,-231
118900088,0,24,-24
118900089,27,21,6
118900090,506,705,-199
118900091,331,295,36
118900092,85,160,-75
118900093,203,20,183
118900096,62,14,48
118900097,237,1296,-1059
118900099,63,618,-555
118900100,217,428,-211
118900101,119,1162,-1043
118900102,26,131,-105
118900103,91,74,17
118900104,147,368,-221
118900105,275,192,83
118900107,291,149,142
118900108,107,184,-77
118900110,2948,850,2098
118900111,430,1171,-741
118900112,62,241,-179
118900113,140,1321,-1181
118900114,23,165,-142
118900115,171,755,-584
118900116,163,288,-125
118900117,90,235,-145
118900118,264,769,-505
118900119,111,428,-317
118900120,99,394,-295
118900121,23,532,-509
118900122,30,959,-929
118900123,193,346,-153
118900124,132,284,-152
118900126,37,393,-356
118900129,478,264,214
118900130,21,198,-177
118900131,153,565,-412
118900132,565,243,322
118900133,25,163,-138
118900135,200,365,-165
118900136,199,1289,-1090
118900137,3,30,-27
118900139,223,1263,-1040
118900140,487,1239,-752
118900141,89,584,-495
118900144,178,866,-688
118900145,54,381,-327
118900146,339,1423,-1084
118900147,239,100,139
118900148,62,117,-55
118900150,176,704,-528
118900152,517,1413,-896
118900157,160,319,-159
118900158,83,244,-161
118900159,2,426,-424
118900161,147,8,139
118900163,439,161,278
118900164,8,150,-142
118900165,70,461,-391
118900166,101,8,93
118900167,69,272,-203
118900168,0,132,-132
118900169,117,867,-750
118900170,108,264,-156
118900171,23,36,-13
118900174,72,137,-65
118900175,355,657,-302
118900176,139,287,-148
118900177,62,97,-35
118900178,63,160,-97
118900179,2,56,-54
118900181,107,244,-137
118900182,155,71,84
118900183,15,104,-89
118900184,259,126,133
118900185,123,233,-110
118900186,95,133,-38
118900187,233,591,-358
118900188,260,520,-260
118900189,59,841,-782
118900190,32,1232,-1200
118900191,155,98,57
118900192,214,67,147
118900193,332,21,311
118900195,537,2056,-1519
118900196,42,269,-227
118900197,137,170,-33
118900198,4,72,-68
118900199,47,93,-46
118900200,19,14,5
118900201,23,11,12
118900202,19,80,-61
118900203,15,88,-73
118900204,8,48,-40
118900205,23,28,-5
118900206,2,62,-60
119000001,1652,2465,-813
119000002,3345,6238,-2893
119000003,2237,2858,-621
119000004,2280,2402,-122
119000005,2506,3131,-625
119000006,2330,2249,81
119000007,3878,4253,-375
119000008,2121,3292,-1171
119000009,4247,3951,296
119000010,11313,5068,6245
119000011,8610,3590,5020
119000012,6661,4441,2220
119000013,2739,1812,927
119000014,3619,5139,-1520
119000019,309,325,-16
119000020,1318,2000,-682
119000021,3860,2793,1067
119000022,6074,2810,3264
119000023,348,377,-29
119000024,2995,9626,-6631
119000025,20095,1981,18114
119000026,343,373,-30
119000027,808,566,242
119000028,3365,2288,1077
119000029,183,463,-280
119000030,718,2133,-1415
119000031,860,1006,-146
119000032,3274,4327,-1053
119000033,2806,3349,-543
119000034,1072,1663,-591
119000035,47,640,-593
119000036,1345,2034,-689
119000037,1095,3567,-2472
119000038,156,1917,-1761
119000039,260,557,-297
119000040,1885,839,1046
119000041,1623,1809,-186
119000048,5020,6587,-1567
119000049,1552,6073,-4521
119000050,2337,4607,-2270
119000051,2373,1511,862
119000052,3616,5477,-1861
119000053,2324,1886,438
119000054,3427,7157,-3730
119000055,3511,6288,-2777
119000056,2214,3487,-1273
119000057,1884,4638,-2754
119000058,2554,3881,-1327
119000059,1345,3318,-1973
119000060,1317,1325,-8
119000061,1149,1482,-333
119000062,1096,1774,-678
119000063,430,399,31
119000064,2035,2719,-684
119000065,2577,4621,-2044
119000066,2100,1358,742
119000067,2472,4766,-2294
119000068,1519,1476,43
119000069,1774,5383,-3609
119000070,2124,1688,436
119000071,751,1708,-957
119000072,11484,6419,5065
119000073,6795,7748,-953
119000074,1232,7279,-6047
119000075,1324,3802,-2478
119000076,524,1471,-947
119000077,732,876,-144
119000078,434,453,-19
119000079,120,1168,-1048
119000080,315,418,-103
119000081,238,610,-372
119000082,700,447,253
119000083,441,514,-73
119000084,346,1042,-696
119000085,892,521,371
119000086,305,595,-290
119000087,2525,1654,871
119000088,245,264,-19
119000089,76,244,-168
119000090,195,301,-106
119000091,198,511,-313
119000092,903,385,518
119000093,7051,6729,322
119000094,2540,9205,-6665
119000095,1734,5795,-4061
119000097,3620,2727,893
119000098,767,2333,-1566
119000099,3197,3342,-145
119000100,3528,3011,517
119000101,3511,3566,-55
119000102,1024,1139,-115
119000103,1747,761,986
119000104,5974,2797,3177
119000105,1217,1822,-605
119000106,355,3941,-3586
119000107,665,874,-209
119000108,360,2298,-1938
119000109,129,484,-355
119000110,555,669,-114
119000111,61,747,-686
119000112,165,146,19
119000113,3044,453,2591
119000114,1425,1128,297
119000115,225,212,13
119000116,119,174,-55
119000117,180,544,-364
119000118,5,6,-1
119000123,5731,1419,4312
119000124,633,418,215
119000125,2649,1876,773
119000126,385,1831,-1446
119000127,488,1741,-1253
119000128,42,4,38
119000131,900,1952,-1052
119000132,6,9,-3
119000133,1,25,-24
119000134,4414,891,3523
119000135,136,354,-218
119000136,157,460,-303
119000137,239,973,-734
119000138,271,823,-552
119000139,310,570,-260
119000140,238,438,-200
119000284,1967,4897,-2930
119000285,3398,3816,-418
119000286,10185,8336,1849
119000287,1728,3689,-1961
119000288,2523,2853,-330
119000289,3648,6765,-3117
119000290,275,1019,-744
119000291,9,767,-758
119000293,106,299,-193
119000294,40,47,-7
119000295,3927,906,3021
119000296,156,137,19
119000302,5818,1952,3866
119000303,47,424,-377
119000314,2000,9210,-7210
119000315,1,1192,-1191
119000316,78,255,-177
119000317,67,966,-899
119900001,316,1219,-903
119900002,109,448,-339
119900003,86,2198,-2112
119900004,600,809,-209
119900005,111,288,-177
119900006,291,506,-215
119900007,1109,196,913
119900008,127,58,69
119900009,516,739,-223
119900010,1263,1468,-205
119900011,34,91,-57
119900012,16,101,-85
119900013,2201,1084,1117
119900014,621,325,296
119900015,92,44,48
119900016,77,206,-129
119900017,31,68,-37
119900018,2517,593,1924
119900019,57,16,41
119900020,123,210,-87
119900021,178,125,53
119900022,280,553,-273
119900023,1511,1037,474
119900025,143,40,103
119900026,1583,200,1383
119900027,10,39,-29
119900028,204,76,128
119900029,3,15,-12
119900030,738,800,-62
119900031,37,309,-272
119900033,2559,338,2221
119900034,372,373,-1
119900037,137,100,37
119900038,49,314,-265
119900039,82,11,71
119900040,106,10,96
119900041,85,108,-23
119900042,127,331,-204
119900043,51,309,-258
119900044,286,659,-373
119900046,90,140,-50
119900047,304,79,225
119900048,24,98,-74
119900049,102,25,77
119900050,133,135,-2
119900051,482,8,474
119900052,44,88,-44
119900053,177,383,-206
119900054,124,13,111
119900055,1150,523,627
119900057,155,146,9
119900058,213,1,212
119900059,193,74,119
119900060,236,18,218
119900062,67,38,29
119900063,13,86,-73
119900064,385,86,299
119900065,216,5,211
119900066,2,1,1
119900067,70,55,15
119900068,344,14,330
119900069,72,47,25
119900070,580,19,561
119900071,552,25,527
119900073,2966,748,2218
119900074,91,44,47
119900075,10582,3208,7374
119900076,448,901,-453
119900077,662,2389,-1727
119900078,438,1452,-1014
119900079,211,568,-357
119900080,1343,2242,-899
119900081,575,591,-16
119900082,1037,848,189
119900083,465,125,340
119900084,1122,515,607
119900085,292,147,145
119900087,761,595,166
119900088,75,127,-52
119900089,44,1210,-1166
119900090,268,97,171
119900091,64,2600,-2536
119900092,106,864,-758
119900093,1737,260,1477
119900094,77,341,-264
119900095,239,192,47
119900096,71,142,-71
119900097,944,304,640
119900098,43,169,-126
119900099,58,558,-500
119900100,4413,2775,1638
119900101,330,1573,-1243
119900102,50,674,-624
119900103,41,1097,-1056
119900104,35,442,-407
119900105,893,2218,-1325
119900106,28,461,-433
119900107,714,7812,-7098
119900108,3457,1221,2236
119900109,21,647,-626
119900110,670,1440,-770
119900111,102,751,-649
119900112,5957,974,4983
119900113,122,784,-662
119900114,365,3541,-3176
119900115,252,2469,-2217
119900116,207,614,-407
119900117,272,1768,-1496
119900118,63,2427,-2364
119900119,240,398,-158
119900120,1002,1277,-275
119900121,326,2683,-2357
119900122,619,657,-38
119900123,353,444,-91
119900124,222,2193,-1971
119900125,73,820,-747
119900126,9603,513,9090
119900127,5235,1785,3450
119900128,421,1545,-1124
119900129,234,1860,-1626
119900130,56,617,-561
119900131,39,579,-540
119900132,4,869,-865
119900133,90,73,17
119900134,4298,436,3862
119900135,4,1112,-1108
119900136,244,1033,-789
119900138,680,1273,-593
119900139,73,154,-81
119900140,10,279,-269
119900141,254,758,-504
119900142,17,47,-30
119900143,21,316,-295
119900144,3923,478,3445
119900145,113,467,-354
119900146,243,274,-31
119900147,26,241,-215
119900148,144,93,51
119900149,3351,3257,94
119900150,235,405,-170
119900151,2620,1299,1321
119900152,158,954,-796
119900153,148,113,35
119900154,105,749,-644
119900155,21,55,-34
119900156,23,5,18
119900157,76,484,-408
119900158,170,93,77
119900159,23,3104,-3081
119900160,31,514,-483
119900161,277,654,-377
119900162,895,1329,-434
119900163,222,286,-64
119900164,0,1,-1
119900165,148,492,-344
119900166,100,56,44
119900167,217,276,-59
119900168,725,711,14
119900169,275,509,-234
119900170,311,305,6
119900171,978,851,127
119900172,199,36,163
119900173,7,887,-880
119900174,24,564,-540
119900175,1035,1104,-69
119900177,33,364,-331
119900178,18,506,-488
119900179,119,339,-220
119900180,1028,1071,-43
119900181,76,120,-44
119900182,9,1218,-1209
119900183,174,1470,-1296
119900184,6201,1041,5160
119900185,49,184,-135
119900186,141,698,-557
119900187,27,1253,-1226
119900188,76,416,-340
119900189,604,466,138
119900190,56,259,-203
119900191,464,308,156
119900192,82,400,-318
119900193,302,376,-74
119900194,24,94,-70
119900195,52,534,-482
119900196,3505,850,2655
119900197,172,165,7
119900198,128,827,-699
119900199,180,45,135
119900200,620,831,-211
119900201,785,454,331
119900202,409,253,156
119900203,170,466,-296
119900204,250,651,-401
119900205,454,1227,-773
119900206,98,236,-138
119900208,236,221,15
119900209,574,1306,-732
119900210,50,57,-7
119900211,117,16,101
119900212,173,555,-382
119900213,13,90,-77
119900214,30,165,-135
119900215,57,123,-66
119900216,16,217,-201
119900217,23,151,-128
119900218,40,150,-110
119900219,10,292,-282
119900220,5,256,-251
119900221,59,899,-840
119900222,26,538,-512
119900223,27,206,-179
119900224,22,68,-46
119900225,2240,81,2159
119900226,1548,2148,-600
119900227,2237,738,1499
119900228,210,546,-336
119900229,415,1035,-620
119900230,2359,1079,1280
119900231,182,308,-126
119900232,288,154,134
119900233,95,5,90
119900234,21,134,-113
119900235,53,56,-3
119900236,35,494,-459
119900237,85,1423,-1338
119900238,1,154,-153
119900240,63,223,-160
119900241,216,450,-234
119900242,3678,2404,1274
119900244,1406,1706,-300
119900245,170,255,-85
119900246,419,638,-219
119900247,42,121,-79
119900248,75,136,-61
119900249,221,139,82
119900253,7960,721,7239
119900254,92,431,-339
119900255,94,812,-718
119900256,390,2415,-2025
119900257,65,4,61
119900258,95,134,-39
119900259,14,437,-423
119900260,121,7,114
119900261,334,381,-47
119900262,0,523,-523
119900263,1300,683,617
119900264,89,575,-486
119900265,401,645,-244
119900266,253,623,-370
119900267,259,702,-443
119900268,193,441,-248
119900269,945,2603,-1658
119900271,49,161,-112
119900272,341,166,175
119900275,129,17,112
119900276,24,3,21
119900277,10,5,5
119900278,622,119,503
119900279,149,410,-261
119900280,1687,418,1269
119900281,2,164,-162
119900282,87,71,16
119900283,7,716,-709
119900284,60,265,-205
119900285,387,277,110
119900286,259,92,167
119900288,4,96,-92
119900289,2,62,-60
119900290,1,88,-87
119900291,2,80,-78
119900292,30,29,1
119900293,21,1,20
119900294,21,0,21
119900295,8,0,8
119900296,82,69,13
119900299,44,602,-558
119900300,222,475,-253
119900301,174,115,59
119900302,135,239,-104
119900303,224,441,-217
119900304,170,46,124
119900305,49,225,-176
119900306,28,3,25
119900307,70,395,-325
119900308,7,46,-39
119900309,40,103,-63
119900310,387,615,-228
119900311,54,353,-299
119900312,98,153,-55
119900313,263,729,-466
119900314,142,443,-301
119900315,1072,5148,-4076
119900318,23,30,-7
119900319,2,602,-600
119900320,158,1418,-1260
119900321,49,6,43
119900322,140,82,58
119900323,2,160,-158
119900324,1,75,-74
119900325,5,692,-687
119900326,13,14,-1
120000001,14266,16821,-2555
120000002,2719,5337,-2618
120000003,4503,3164,1339
120000004,3708,3988,-280
120000005,6576,3270,3306
120000006,1505,2006,-501
120000007,5207,3809,1398
120000008,1442,2275,-833
120000009,7902,1359,6543
120000010,2472,5425,-2953
120000011,2024,4093,-2069
120000012,2065,5510,-3445
120000013,3112,4881,-1769
120000014,824,2895,-2071
120000015,3931,2549,1382
120000016,4103,4633,-530
120000017,3555,3670,-115
120000018,9242,13076,-3834
120000019,1044,1962,-918
120000020,4792,4437,355
120000021,2819,3116,-297
120000022,3800,5127,-1327
120000023,1035,2732,-1697
120000024,1755,3785,-2030
120000025,2791,3559,-768
120000026,1377,2927,-1550
120000027,1776,2669,-893
120000028,1161,994,167
120000029,4586,1102,3484
120000030,460,1057,-597
120000031,2454,10437,-7983
120000032,17670,5654,12016
120000033,4905,3521,1384
120000034,1786,4217,-2431
120000035,2556,4915,-2359
120000036,3945,7883,-3938
120000037,807,1818,-1011
120000038,18731,5545,13186
120000039,634,1610,-976
120000040,125,314,-189
120000041,1048,3198,-2150
120000042,2048,7084,-5036
120000043,5579,5504,75
120000044,4435,2150,2285
120000045,4618,1516,3102
120000046,2365,2777,-412
120000047,4191,4810,-619
120000048,14754,6173,8581
120000049,4412,5094,-682
120000050,4775,9129,-4354
120000051,5795,8115,-2320
120000052,25449,4669,20780
120000053,1399,7776,-6377
120000054,1959,12534,-10575
120000055,2158,10251,-8093
120000056,4024,10307,-6283
120000057,2368,1455,913
120000058,1256,442,814
120000059,81,1657,-1576
120000061,173,1323,-1150
120000062,293,503,-210
120000063,2664,5467,-2803
120000064,283,3133,-2850
120000065,760,3755,-2995
120000066,219,928,-709
120000067,85,1071,-986
120000068,258,2225,-1967
120000069,891,3061,-2170
120000070,90,1897,-1807
120000071,266,286,-20
120000072,457,846,-389
120000073,541,176,365
120000074,104,122,-18
120000075,685,416,269
120000076,1366,640,726
120000077,1482,756,726
120000078,3647,1375,2272
120000079,181,140,41
120000080,102,231,-129
120000081,280,169,111
120000082,180,190,-10
120000083,76,473,-397
120000084,723,1002,-279
120000085,359,702,-343
120000086,378,1194,-816
120000087,204,2346,-2142
120000088,944,2598,-1654
120000089,1261,1257,4
120000090,584,941,-357
120000091,913,1770,-857
120000092,1570,991,579
120000093,444,893,-449
120000094,168,826,-658
120000095,1299,1310,-11
120000096,283,2000,-1717
120000098,1011,1922,-911
120000099,433,1177,-744
120000100,970,1399,-429
120000101,608,849,-241
120000102,474,804,-330
120000103,1100,771,329
120000104,1761,521,1240
120000105,2334,598,1736
120000106,1800,620,1180
120000107,3034,773,2261
120000108,914,141,773
120000109,875,114,761
120000110,159,2020,-1861
120000111,213,2635,-2422
120000112,1100,7988,-6888
120000113,714,6158,-5444
120000114,1190,6382,-5192
120000115,457,5176,-4719
120000116,906,4229,-3323
120000117,2423,3074,-651
120000118,67,59,8
120000119,73,133,-60
120000120,103,95,8
120000121,61,133,-72
120000122,549,544,5
120000123,11696,4959,6737
120000124,482,1023,-541
120000125,566,1170,-604
120000126,374,1435,-1061
120000127,3090,1558,1532
120000128,5699,4735,964
120000129,378,563,-185
120000130,1093,1572,-479
120000131,277,740,-463
120000134,529,2935,-2406
120000135,348,540,-192
120000137,192,4624,-4432
120000138,568,985,-417
120000139,304,2299,-1995
120000140,585,1220,-635
120000141,272,1055,-783
120000142,405,1167,-762
120000143,1,224,-223
120000144,84,2,82
120000145,265,0,265
120000146,3970,1391,2579
120000149,705,1718,-1013
120000150,8636,12149,-3513
120000151,469,989,-520
120000152,418,610,-192
120000153,299,2142,-1843
120000154,593,777,-184
120000155,162,438,-276
120000156,3279,1106,2173
120000157,1184,1341,-157
120000158,864,2030,-1166
120000159,2388,3884,-1496
120000160,2760,2162,598
120000161,1751,4349,-2598
120000162,165,377,-212
120000163,561,3075,-2514
120000164,440,957,-517
120000165,380,1900,-1520
120000166,1024,1189,-165
120000167,69,115,-46
120000168,13,317,-304
120000169,137,837,-700
120000170,209,440,-231
120000171,53,113,-60
120000172,58,59,-1
120000173,3670,298,3372
120000174,833,13,820
120000175,952,18,934
120000176,609,53,556
120000177,2290,432,1858
120000178,121,19,102
120000179,537,65,472
120000180,966,186,780
120000181,163,501,-338
120000182,118,208,-90
120000183,4,253,-249
120000184,179,1380,-1201
120000186,111,158,-47
120000187,133,72,61
120000188,468,101,367
120000190,1934,26,1908
120000191,2793,51,2742
120000192,3437,35,3402
120000193,955,3,952
120000195,153,9,144
120000196,403,67,336
120000197,129,226,-97
120000198,206,305,-99
120000199,88,2,86
120000200,117,1,116
120000201,16,27,-11
120000202,6,157,-151
120000203,45,642,-597
120000207,8,289,-281
120000208,19,637,-618
120000209,5,199,-194
120000210,276,187,89
120000211,95,1,94
120000212,109,1,108
120000213,106,790,-684
120000214,2,790,-788
120000215,9,364,-355
120000216,64,14,50
120000217,1669,2454,-785
120000218,385,2066,-1681
120000219,23,1337,-1314
120000220,15,4964,-4949
120000225,1000,0,1000
120000226,219,7,212
120000227,660,61,599
120000228,11101,3434,7667
120000230,372,18,354
120000231,1152,4740,-3588
120000233,208,119,89
120000235,144,1474,-1330
120000236,766,34,732
120000237,12,4641,-4629
120000238,3,241,-238
120000241,1721,6140,-4419
120000412,3304,49,3255
120000413,232,853,-621
120000414,104,5,99
120000415,8,359,-351
120000416,73,12,61
120000417,3,219,-216
120000418,137,39,98
120000419,17,1144,-1127
120000420,119,95,24
120000421,25428,9372,16056
120000422,375,719,-344
120000423,5,73,-68
120000424,101,304,-203
120000436,208,542,-334
120000437,277,321,-44
120000438,8684,606,8078
120000439,156,432,-276
120000443,157,0,157
120000444,1022,1430,-408
120000445,2386,2338,48
120000446,2041,521,1520
120000447,194,22,172
120000449,93,29,64
120000450,9,756,-747
120000451,138,528,-390
120000452,139,1,138
120000453,2,567,-565
120000454,149,67,82
120000455,161,81,80
120000456,5194,4700,494
120000457,3372,1561,1811
120000458,850,1397,-547
120000459,89,190,-101
120000665,1811,208,1603
120000668,148,553,-405
120000669,96,802,-706
120000670,281,723,-442
120000671,1179,367,812
120000672,139,773,-634
120900001,47,62,-15
120900002,708,639,69
120900003,254,54,200
120900004,19,135,-116
120900005,30,3045,-3015
120900006,289,261,28
120900007,133,325,-192
120900008,309,2442,-2133
120900009,291,34,257
120900010,360,110,250
120900011,643,244,399
120900012,2374,1339,1035
120900013,315,49,266
120900014,6,1753,-1747
120900015,473,113,360
120900016,641,73,568
120900017,4969,209,4760
120900018,94,1033,-939
120900019,748,220,528
120900020,1368,1242,126
120900021,653,196,457
120900022,37,961,-924
120900023,203,75,128
120900024,2121,700,1421
120900025,2968,1608,1360
120900026,157,515,-358
120900027,977,129,848
120900028,235,63,172
120900029,204,381,-177
120900030,1040,725,315
120900031,180,90,90
120900032,709,286,423
120900033,1050,74,976
120900034,33,2701,-2668
120900035,90,505,-415
120900037,203,9,194
120900038,58,183,-125
120900039,116,33,83
120900040,221,4,217
120900041,244,77,167
120900042,313,151,162
120900043,44,46,-2
120900044,19,826,-807
120900045,177,471,-294
120900046,345,4,341
120900047,126,64,62
120900048,102,14,88
120900049,358,2,356
120900050,7701,1943,5758
120900051,277,188,89
120900052,532,15,517
120900053,200,143,57
120900054,2083,1742,341
120900055,257,5,252
120900056,446,10,436
120900057,127,18,109
120900058,364,0,364
120900059,69,7,62
120900060,49,54,-5
120900061,333,981,-648
120900062,150,2,148
120900063,455,12,443
120900064,341,0,341
120900065,360,17,343
120900066,336,727,-391
120900067,175,33,142
120900068,214,1,213
120900069,126,134,-8
120900071,29,3,26
120900072,514,4,510
120900073,323,485,-162
120900074,706,22,684
120900076,260,0,260
120900077,8312,513,7799
120900078,697,1486,-789
120900079,593,227,366
120900080,510,4414,-3904
120900081,855,2289,-1434
120900082,1069,445,624
120900083,55,7,48
120900084,249,439,-190
120900085,212,177,35
120900086,378,383,-5
120900087,393,162,231
120900088,316,443,-127
120900089,8426,2427,5999
120900090,150,404,-254
120900091,543,502,41
120900092,1536,1293,243
120900093,7417,494,6923
120900094,601,452,149
120900095,418,44,374
120900096,52,307,-255
120900097,814,1929,-1115
120900098,384,296,88
120900099,111,133,-22
120900100,101,679,-578
120900101,900,522,378
120900102,18,179,-161
120900103,42,246,-204
120900104,31,89,-58
120900105,40,1419,-1379
120900106,2095,1107,988
120900107,568,335,233
120900108,8,1702,-1694
120900109,51,1401,-1350
120900110,13,1094,-1081
120900111,197,712,-515
120900112,13,2845,-2832
120900113,24,1774,-1750
120900114,54,312,-258
120900115,217,275,-58
120900116,231,1504,-1273
120900117,8,1109,-1101
120900118,27,1724,-1697
120900119,4783,6182,-1399
120900120,78,1359,-1281
120900121,144,846,-702
120900122,390,1533,-1143
120900123,4,1172,-1168
120900124,5,1494,-1489
120900125,8,2613,-2605
120900126,2483,1591,892
120900127,5,1125,-1120
120900128,1412,1951,-539
120900129,90,682,-592
120900130,3,823,-820
120900131,31,213,-182
120900132,727,913,-186
120900133,316,2408,-2092
120900134,818,802,16
120900135,14,1283,-1269
120900136,32,107,-75
120900137,210,258,-48
120900138,11,401,-390
120900139,11,1677,-1666
120900140,1,130,-129
120900141,159,247,-88
120900142,43,1909,-1866
120900143,10,2026,-2016
120900144,1,479,-478
120900145,108,1585,-1477
120900146,4,2338,-2334
120900147,3,730,-727
120900148,126,282,-156
120900149,1,895,-894
120900150,34,1241,-1207
120900151,8,1456,-1448
120900152,2,92,-90
120900153,31,117,-86
120900154,0,801,-801
120900155,137,2373,-2236
120900156,31,672,-641
120900157,34,334,-300
120900158,54,1120,-1066
120900159,58,364,-306
120900160,42,665,-623
120900161,20,1104,-1084
120900162,26,1238,-1212
120900163,28,295,-267
120900164,0,6,-6
120900165,0,7,-7
120900166,98,462,-364
120900167,509,188,321
120900169,73,1194,-1121
120900170,5745,2461,3284
120900171,1979,643,1336
120900172,1742,322,1420
120900173,0,141,-141
120900174,7,256,-249
120900175,438,538,-100
120900176,15,393,-378
120900177,1,932,-931
120900178,0,507,-507
120900179,1436,833,603
120900180,203,176,27
120900181,187,82,105
120900182,22,892,-870
120900183,442,250,192
120900184,158,158,0
120900185,9,666,-657
120900186,8,1027,-1019
120900187,506,1469,-963
120900188,135,32,103
120900189,409,823,-414
120900190,27,27,0
120900191,7,35,-28
120900192,23977,4735,19242
120900194,27,179,-152
120900195,194,483,-289
120900196,775,59,716
120900197,590,148,442
120900198,390,1202,-812
120900199,472,3009,-2537
120900200,150,215,-65
120900201,1045,244,801
120900202,1,426,-425
120900203,34,96,-62
120900204,256,714,-458
120900205,98,204,-106
120900206,15,45,-30
121000001,1428,1967,-539
121000002,3796,2343,1453
121000003,6235,3139,3096
121000004,4045,7310,-3265
121000005,3076,4313,-1237
121000006,4918,2287,2631
121000007,4602,4678,-76
121000008,10141,4930,5211
121000009,9545,10252,-707
121000010,14883,9098,5785
121000011,15749,25671,-9922
121000012,23915,18778,5137
121000013,8288,14345,-6057
121000014,10474,11880,-1406
121000015,8548,10856,-2308
121000016,7405,6901,504
121000017,2803,6070,-3267
121000018,3091,3133,-42
121000019,30489,15176,15313
121000020,20021,15956,4065
121000021,4259,5635,-1376
121000022,2365,2845,-480
121000023,6537,5323,1214
121000024,4709,5637,-928
121000025,1018,2053,-1035
121000026,431,247,184
121000027,2218,1552,666
121000028,1222,810,412
121000029,1312,1372,-60
121000030,775,821,-46
121000031,966,1116,-150
121000032,215,94,121
121000034,510,264,246
121000035,274,84,190
121000036,1687,1183,504
121000037,958,1033,-75
121000038,954,1177,-223
121000039,701,725,-24
121000041,679,808,-129
121000042,341,584,-243
121000043,1252,1262,-10
121000044,2624,1090,1534
121000045,708,671,37
121000046,674,1627,-953
121000047,94,145,-51
121000049,2916,958,1958
121000050,453,1647,-1194
121000051,989,482,507
121000052,385,1014,-629
121000053,628,148,480
121000054,65,334,-269
121000055,2352,2398,-46
121000056,1188,1631,-443
121000057,277,534,-257
121000058,523,192,331
121000059,3122,1942,1180
121000060,486,1242,-756
121000061,230,236,-6
121000062,196,414,-218
121000063,948,736,212
121000064,809,1154,-345
121000065,848,704,144
121000066,835,852,-17
121000067,1355,719,636
121000068,933,520,413
121000069,1376,819,557
121000070,2315,2146,169
121000071,1433,1566,-133
121000072,2320,1398,922
121000073,1762,1284,478
121000074,194,198,-4
121000075,144,414,-270
121000076,2179,800,1379
121000077,184,288,-104
121000078,123,161,-38
121000080,3938,1134,2804
121000081,6413,3694,2719
121000082,177,322,-145
121000083,370,238,132
121000084,223,127,96
121000085,438,666,-228
121000086,215,1251,-1036
121000087,107,450,-343
121000088,558,1493,-935
121000089,825,493,332
121000090,760,683,77
121000091,2717,1640,1077
121000092,227,186,41
121000093,181,441,-260
121000094,690,1029,-339
121000095,382,856,-474
121000096,3089,5766,-2677
121000097,1880,3706,-1826
121000098,592,2282,-1690
121000099,516,1458,-942
121000100,947,1005,-58
121000101,331,497,-166
121000102,187,659,-472
121000103,220,504,-284
121000104,294,286,8
121000105,490,449,41
121000106,310,787,-477
121000107,3644,6473,-2829
121000109,2430,1792,638
121000110,905,880,25
121000114,4092,3417,675
121000115,1588,1441,147
121000116,641,1779,-1138
121000117,1364,498,866
121000118,1608,579,1029
121000119,403,649,-246
121000120,333,774,-441
121000121,603,1718,-1115
121000123,2460,1069,1391
121000126,120,594,-474
121000127,285,215,70
121000128,1046,798,248
121000129,776,843,-67
121000130,568,1950,-1382
121000131,3219,2466,753
121000132,2158,2546,-388
121000135,687,967,-280
121000136,1745,718,1027
121000137,741,433,308
121000138,1129,1027,102
121000139,761,254,507
121000141,342,259,83
121000142,1147,1021,126
121000143,184,42,142
121000144,1932,2056,-124
121000145,687,2230,-1543
121000146,1447,1507,-60
121000147,1239,917,322
121000148,1233,1734,-501
121000149,2538,1819,719
121000152,714,1076,-362
121000153,2755,1106,1649
121000154,1340,1160,180
121000155,2274,1758,516
121000156,565,1676,-1111
121000157,2095,3849,-1754
121000158,444,1384,-940
121000159,216,1091,-875
121000160,402,1301,-899
121000161,132,632,-500
121000162,86,513,-427
121000165,2734,2714,20
121000166,52,952,-900
121000168,384,477,-93
121000169,54,275,-221
121000170,339,199,140
121000171,109,290,-181
121000172,756,653,103
121000173,1511,1165,346
121000174,289,548,-259
121000175,815,754,61
121000176,397,313,84
121000177,1346,1133,213
121000178,169,93,76
121000179,291,110,181
121000181,480,593,-113
121000182,173,218,-45
121000183,77,144,-67
121000184,186,164,22
121000185,37,191,-154
121000186,161,689,-528
121000187,214,418,-204
121000188,129,444,-315
121000192,846,737,109
121000193,787,665,122
121000194,3951,3287,664
121000195,578,1738,-1160
121000196,1481,384,1097
121000197,378,1401,-1023
121000198,492,129,363
121000199,176,843,-667
121000200,432,149,283
121000201,6,416,-410
121000202,1621,170,1451
121000203,899,4031,-3132
121000204,2480,1120,1360
121000205,262,620,-358
121000206,361,49,312
121000207,1929,821,1108
121000208,11,764,-753
121000209,237,762,-525
121000210,416,1080,-664
121000211,316,245,71
121000212,319,1648,-1329
121000213,15951,4528,11423
121000214,1292,3028,-1736
121000215,2090,1804,286
121000216,692,773,-81
121000217,6335,4210,2125
121000218,707,2792,-2085
121000219,2404,652,1752
121000220,432,124,308
121000221,273,352,-79
121000222,3844,3745,99
121000223,576,376,200
121000224,362,169,193
121000225,2857,1466,1391
121000226,6649,1023,5626
121000227,3,475,-472
121000228,27,1372,-1345
121000229,238,839,-601
121000230,84,3164,-3080
121000231,853,65,788
121000232,515,348,167
121000233,589,450,139
121000234,26,61,-35
121000235,91,56,35
121000236,4,92,-88
121000237,24,13,11
121000238,3,147,-144
121000239,32,11,21
121000240,12,372,-360
121000241,103,28,75
121000242,63,244,-181
121000243,369,76,293
121000244,13,89,-76
121000245,46,12,34
121000246,4,141,-137
121000247,82,3,79
121000248,767,911,-144
121000249,148,365,-217
121000250,606,103,503
121000251,29,1018,-989
121000252,81,52,29
121000253,284,918,-634
121000254,466,435,31
121000255,234,315,-81
121000256,415,234,181
121000257,68,114,-46
121000258,138,70,68
121000259,78,60,18
121000260,160,291,-131
121000261,111,62,49
121000262,1503,1556,-53
121000263,516,630,-114
121000271,375,3089,-2714
121000273,206,18,188
121000274,13,47,-34
121000275,6,21,-15
121000276,9,12,-3
121000278,58,140,-82
121000279,70,32,38
121000280,50,84,-34
121000289,335,28,307
121000290,2257,1107,1150
121000294,121,348,-227
121000297,1516,1532,-16
121000299,347,406,-59
121000300,1228,1024,204
121000302,239,2145,-1906
121000303,797,1335,-538
121000304,658,85,573
121000305,169,64,105
121000306,169,238,-69
121000308,242,653,-411
121000309,662,1080,-418
121000310,179,697,-518
121000311,109,1574,-1465
121000312,499,414,85
121000313,796,880,-84
121000314,144,169,-25
121000315,75,224,-149
121000530,1241,2552,-1311
121000531,1451,2298,-847
121000532,8379,7824,555
121000533,3520,4523,-1003
121000918,56,228,-172
121000919,45,95,-50
121000938,462,1142,-680
121000939,522,1134,-612
121000956,1007,3066,-2059
121000957,5,10,-5
121000958,248,87,161
121000959,692,1794,-1102
121000960,1986,3912,-1926
121000961,226,106,120
121000962,490,1408,-918
121000973,0,589,-589
121000976,13,241,-228
121000979,553,152,401
121000981,291,194,97
121000982,296,504,-208
121000983,655,720,-65
121000984,40,67,-27
121000985,646,1670,-1024
121000986,217,1037,-820
121000987,346,2757,-2411
121000988,634,174,460
121001302,439,226,213
121001308,8,15,-7
121001309,177,95,82
121001313,225,390,-165
121001314,4625,6232,-1607
121001315,5962,2915,3047
121900001,84,244,-160
121900002,49,41,8
121900003,408,13,395
121900004,135,696,-561
121900005,29,1,28
121900006,119,35,84
121900007,3940,3204,736
121900008,2102,991,1111
121900009,814,18,796
121900010,297,4,293
121900011,410,920,-510
121900012,7,2,5
121900013,1444,80,1364
121900014,1889,488,1401
121900015,258,371,-113
121900016,7,41,-34
121900017,534,938,-404
121900018,318,8,310
121900019,462,438,24
121900020,41,1,40
121900021,902,23,879
121900022,199,313,-114
121900023,129,798,-669
121900024,536,101,435
121900025,584,656,-72
121900026,494,77,417
121900027,522,235,287
121900028,464,11,453
121900029,192,326,-134
121900030,626,684,-58
121900031,2269,8464,-6195
121900032,117,137,-20
121900033,236,278,-42
121900034,453,120,333
121900035,4147,2801,1346
121900036,103,690,-587
121900037,237,1099,-862
121900038,26,279,-253
121900039,434,80,354
121900040,66,135,-69
121900041,135,274,-139
121900042,367,177,190
121900043,7,6,1
121900044,488,119,369
121900046,339,405,-66
121900047,252,100,152
121900048,59,258,-199
121900050,39,79,-40
121900051,235,274,-39
121900052,207,69,138
121900053,419,385,34
121900054,758,1312,-554
121900055,7,19,-12
121900058,302,403,-101
121900059,381,192,189
121900060,215,523,-308
121900061,355,212,143
121900062,153,160,-7
121900063,1067,381,686
121900064,272,1143,-871
121900066,61,46,15
121900067,53,78,-25
121900069,204,224,-20
121900070,482,184,298
121900071,243,336,-93
121900072,29,278,-249
121900073,327,272,55
121900074,1259,955,304
121900075,1242,438,804
121900076,485,1012,-527
121900077,12,74,-62
121900078,107,107,0
121900079,1,0,1
121900080,1033,717,316
121900082,42,181,-139
121900084,9,391,-382
121900085,1,13,-12
121900086,21,113,-92
121900087,193,152,41
121900088,3385,5515,-2130
121900089,221,678,-457
121900090,36,208,-172
121900091,52,203,-151
121900092,161,183,-22
121900093,62,101,-39
121900094,42,18,24
121900095,266,172,94
121900096,2069,1072,997
121900097,473,246,227
121900098,2,6,-4
121900099,282,111,171
121900100,287,445,-158
121900101,155,148,7
121900102,18,192,-174
121900103,940,355,585
121900104,1523,417,1106
121900105,191,134,57
121900106,8,6,2
121900107,44,50,-6
121900108,2,60,-58
121900109,461,222,239
121900110,411,1980,-1569
121900111,1231,170,1061
121900112,202,214,-12
121900113,97,413,-316
121900114,60,165,-105
121900117,303,43,260
121900118,3393,615,2778
121900119,179,203,-24
121900120,58,1993,-1935
121900121,1012,116,896
121900122,26,83,-57
121900123,281,743,-462
121900124,129,313,-184
121900125,1954,1862,92
121900127,34,113,-79
121900128,110,250,-140
121900129,1257,264,993
121900130,146,366,-220
121900131,261,121,140
121900132,80,245,-165
121900133,129,630,-501
121900134,32,206,-174
121900135,3911,445,3466
121900136,380,770,-390
121900137,71,512,-441
121900138,148,451,-303
121900139,544,878,-334
121900140,113,254,-141
121900141,83,57,26
121900142,103,196,-93
121900143,8,259,-251
121900144,198,536,-338
121900145,310,332,-22
121900146,748,1196,-448
121900147,50,291,-241
121900148,210,392,-182
121900149,587,1068,-481
121900150,77,252,-175
121900151,80,267,-187
121900152,84,219,-135
121900153,164,899,-735
121900154,17,270,-253
121900155,4,256,-252
121900156,144,176,-32
121900157,16,746,-730
121900158,89,133,-44
121900159,5,358,-353
121900160,90,278,-188
121900161,399,611,-212
121900162,126,163,-37
121900163,148,1135,-987
121900164,441,324,117
121900165,268,326,-58
121900166,224,329,-105
121900167,170,160,10
121900168,277,228,49
121900169,8,599,-591
121900170,7,254,-247
121900171,688,1024,-336
121900172,446,466,-20
121900173,1322,312,1010
121900174,52,91,-39
121900175,243,229,14
121900176,762,3015,-2253
121900177,292,109,183
121900178,42,71,-29
121900179,378,191,187
121900180,7964,4246,3718
121900182,1391,516,875
121900183,625,800,-175
121900184,62,1007,-945
121900186,19,506,-487
121900187,31,217,-186
121900188,959,679,280
121900189,57,211,-154
121900190,294,759,-465
121900191,88,410,-322
121900192,575,1240,-665
121900193,69,385,-316
121900194,18,245,-227
121900195,194,181,13
121900196,1123,1341,-218
121900197,491,3469,-2978
121900198,1618,2271,-653
121900199,3,36,-33
121900200,117,304,-187
121900201,1880,918,962
121900202,175,598,-423
121900203,369,1826,-1457
121900204,1540,1437,103
121900205,18,135,-117
121900206,29,21,8
121900207,314,72,242
121900208,400,490,-90
121900209,75,39,36
121900210,2319,2255,64
121900211,30,149,-119
121900212,183,206,-23
121900213,128,132,-4
121900214,15,917,-902
121900215,51,88,-37
121900216,34,138,-104
121900217,324,189,135
121900218,457,883,-426
121900220,305,18,287
121900221,368,904,-536
121900222,232,236,-4
121900223,215,128,87
121900224,139,118,21
121900225,211,75,136
121900226,400,1151,-751
121900227,197,614,-417
121900228,237,469,-232
121900230,165,518,-353
121900231,690,3044,-2354
121900232,341,534,-193
121900233,514,434,80
121900234,309,615,-306
121900235,486,372,114
121900236,323,215,108
121900237,324,342,-18
121900238,166,299,-133
121900239,208,83,125
121900240,279,254,25
121900241,53,88,-35
121900242,12,2,10
121900243,13,1,12
121900244,13,7,6
121900245,283,195,88
121900246,2766,794,1972
121900247,387,429,-42
121900248,2258,1527,731
121900250,328,439,-111
121900251,478,54,424
121900252,685,201,484
121900253,190,1436,-1246
121900254,655,419,236
121900255,262,178,84
121900258,4430,2557,1873
121900259,533,806,-273
121900260,153,349,-196
121900261,152,646,-494
121900262,583,1192,-609
121900263,182,478,-296
121900264,3195,2198,997
121900265,310,506,-196
121900266,299,269,30
121900267,75,59,16
121900269,276,590,-314
121900270,53,263,-210
121900271,35,317,-282
121900273,718,2115,-1397
121900274,245,378,-133
121900277,434,2155,-1721
121900278,201,1418,-1217
121900279,211,420,-209
121900280,323,690,-367
121900281,672,537,135
121900284,152,23,129
121900286,123,293,-170
121900287,22,31,-9
121900288,3,0,3
121900290,256,548,-292
121900291,583,993,-410
121900292,462,166,296
121900293,1323,5233,-3910
121900294,417,9,408
121900295,110,444,-334
121900296,126,286,-160
121900298,489,638,-149
121900299,0,0,0
121900300,3,0,3
121900301,18,2,16
121900302,2,14,-12
121900303,602,709,-107
121900304,11,6,5
121900305,2,11,-9
121900306,91,5,86
121900307,27,64,-37
121900308,32,472,-440
121900309,25,385,-360
121900310,46,712,-666
121900311,270,16,254
121900312,193,13,180
121900313,244,29,215
121900314,2,172,-170
121900315,14,0,14
121900316,0,31,-31
121900317,13,0,13
121900318,9,29,-20
121900319,15,62,-47
121900320,159,153,6
121900321,6,4,2
121900322,0,42,-42
121900323,49,22,27
121900324,11,67,-56
121900325,7,0,7
121900326,3,38,-35
121900327,13,100,-87
121900328,0,51,-51
121900329,2,367,-365
121900330,1,24,-23
121900331,209,117,92
121900332,102,22,80
121900333,18,2,16
122000001,3589,6399,-2810
122000002,7616,3088,4528
122000003,3006,2904,102
122000004,5051,2706,2345
122000005,4434,1721,2713
122000006,4561,962,3599
122000007,2514,2934,-420
122000008,10140,9109,1031
122000009,865,544,321
122000010,3331,4904,-1573
122000011,4962,2360,2602
122000012,2282,1835,447
122000013,4583,1928,2655
122000014,2581,3951,-1370
122000015,2884,1720,1164
122000016,918,1745,-827
122000017,1638,1575,63
122000018,2450,1699,751
122000019,1309,2366,-1057
122000020,384,428,-44
122000021,759,1164,-405
122000022,2381,2665,-284
122000023,887,4996,-4109
122000024,1458,1410,48
122000025,2929,2194,735
122000026,2787,1298,1489
122000027,871,7913,-7042
122000028,1331,781,550
122000029,973,517,456
122000030,473,184,289
122000031,259,350,-91
122000032,2906,6090,-3184
122000033,1780,1469,311
122000034,1147,1025,122
122000035,456,1465,-1009
122000036,706,922,-216
122000037,564,405,159
122000038,448,533,-85
122000039,821,745,76
122000040,508,593,-85
122000041,965,752,213
122000042,724,649,75
122000043,319,228,91
122000044,209,343,-134
122000045,2174,799,1375
122000046,1397,1843,-446
122000047,562,296,266
122000048,4913,7907,-2994
122000049,7974,3694,4280
122000050,3132,1122,2010
122000051,766,537,229
122000052,1022,352,670
122000053,271,631,-360
122000054,3476,3015,461
122000055,3674,3806,-132
122000056,8034,5997,2037
122000057,5656,4739,917
122000058,6716,1604,5112
122000059,6399,2316,4083
122000060,1451,944,507
122000061,818,649,169
122000062,1830,482,1348
122000063,2616,910,1706
122000064,6471,3986,2485
122000065,8520,4099,4421
122000066,1802,1458,344
122000067,2753,1917,836
122000068,2042,2366,-324
122000069,759,1067,-308
122000070,956,6905,-5949
122000071,1563,3120,-1557
122000072,699,654,45
122000073,858,677,181
122000074,3185,2193,992
122000075,1002,2202,-1200
122000076,2536,1681,855
122000077,2262,847,1415
122000078,4229,2946,1283
122000079,3326,1190,2136
122000080,2148,645,1503
122000081,503,615,-112
122000082,1581,1063,518
122000083,1952,6431,-4479
122000084,1612,1290,322
122000085,398,3279,-2881
122000086,3463,7782,-4319
122000087,736,264,472
122000088,425,628,-203
122000089,10451,5129,5322
122000090,487,682,-195
122000091,447,109,338
122000092,312,20,292
122000093,3729,1299,2430
122000094,12895,2683,10212
122000095,5673,4489,1184
122000096,4899,2882,2017
122000098,6036,2291,3745
122000099,5487,903,4584
122000100,1939,1007,932
122000101,411,1720,-1309
122000102,2534,1731,803
122000103,1979,2174,-195
122000104,406,303,103
122000105,419,371,48
122000106,776,739,37
122000107,1493,932,561
122000108,531,1207,-676
122000109,557,535,22
122000110,605,715,-110
122000111,3594,1658,1936
122000112,1184,1990,-806
122000113,857,1034,-177
122000114,7903,2553,5350
122000115,2583,3425,-842
122000116,628,778,-150
122000117,1671,522,1149
122000118,600,877,-277
122000119,4261,2677,1584
122000120,3368,4416,-1048
122000121,4092,3629,463
122000122,1063,2232,-1169
122000123,3345,2468,877
122000124,1892,863,1029
122000125,777,980,-203
122000126,1142,1572,-430
122000127,2303,1505,798
122000128,898,1506,-608
122000129,553,1285,-732
122000130,4007,1066,2941
122000131,2134,1103,1031
122000132,1038,731,307
122000133,1749,3245,-1496
122000134,788,737,51
122000135,996,1119,-123
122000136,772,539,233
122000137,1777,1082,695
122000139,3182,4868,-1686
122000140,2675,914,1761
122000141,8134,1858,6276
122000142,1045,1186,-141
122000143,788,445,343
122000144,2420,1516,904
122000145,2708,1144,1564
122000146,1092,1775,-683
122000147,1702,599,1103
122000148,4229,2380,1849
122000149,2838,1840,998
122000150,1540,1541,-1
122000151,366,563,-197
122000152,622,486,136
122000153,689,484,205
122000154,465,363,102
122000155,1786,3193,-1407
122000156,2683,2894,-211
122000157,3247,2326,921
122000158,658,961,-303
122000159,1633,2473,-840
122000160,6286,1987,4299
122000161,1421,1127,294
122000162,3298,2307,991
122000163,420,146,274
122000164,66,108,-42
122000165,1370,1342,28
122000166,1798,1798,0
122000167,328,357,-29
122000168,360,802,-442
122000169,854,265,589
122000170,464,483,-19
122000171,59,118,-59
122000172,2383,2790,-407
122000173,2132,4270,-2138
122000174,3705,1405,2300
122000175,1827,497,1330
122000176,439,1149,-710
122000177,2727,2530,197
122000178,4252,4965,-713
122000179,3003,5073,-2070
122000180,2802,2093,709
122000181,2470,5929,-3459
122000182,3104,2831,273
122000183,2824,2282,542
122000184,4030,3218,812
122000185,1907,1979,-72
122000186,1070,1572,-502
122000187,3166,1579,1587
122000188,651,385,266
122000189,376,709,-333
122000190,1641,1607,34
122000191,1814,1145,669
122000192,1054,551,503
122000193,450,1060,-610
122000194,925,242,683
122000195,276,772,-496
122000196,1330,995,335
122000197,656,1091,-435
122000198,856,1767,-911
122000199,687,628,59
122000200,2347,1013,1334
122000201,1921,2247,-326
122000202,1686,1735,-49
122000203,3691,2589,1102
122000204,1969,3111,-1142
122000205,2275,2136,139
122000206,3169,1345,1824
122000207,1918,2039,-121
122000208,4000,2500,1500
122000209,4223,644,3579
122000210,2516,3022,-506
122000211,2232,1912,320
122000212,1083,683,400
122000213,1531,1796,-265
122000214,2668,2488,180
122000215,3354,2126,1228
122000217,3056,2164,892
122000218,1250,81,1169
122000219,2196,1483,713
122000220,532,1081,-549
122000221,198,704,-506
122000222,696,139,557
122000223,1570,627,943
122000225,1252,397,855
122000226,1911,3054,-1143
122000227,498,3840,-3342
122000228,510,620,-110
122000229,38,743,-705
122000230,104,1118,-1014
122000231,383,1490,-1107
122000232,947,2078,-1131
122000233,3,216,-213
122000234,273,342,-69
122000235,823,383,440
122000236,818,307,511
122000237,158,115,43
122000238,249,328,-79
122000239,663,174,489
122000240,1385,691,694
122000241,1233,850,383
122000242,748,162,586
122000243,48,23,25
122000244,14,478,-464
122000245,9,111,-102
122000246,25,70,-45
122000247,834,402,432
122000248,1714,3060,-1346
122000249,598,1008,-410
122000250,2042,1250,792
122000251,266,582,-316
122000252,856,189,667
122000253,67,425,-358
122000254,219,130,89
122000255,960,2767,-1807
122000256,459,2212,-1753
122000257,173,708,-535
122000258,168,316,-148
122000259,17,1370,-1353
122000260,26,231,-205
122000261,13,355,-342
122000262,1,128,-127
122000263,170,245,-75
122000264,1249,779,470
122000265,3502,1178,2324
122000266,6907,837,6070
122000267,144,228,-84
122000268,158,637,-479
122000269,1415,465,950
122000270,1583,200,1383
122000271,442,2020,-1578
122000272,516,2005,-1489
122000273,432,774,-342
122000274,212,288,-76
122000275,75,318,-243
122000276,750,937,-187
122000277,1035,1974,-939
122000278,1201,1540,-339
122000279,307,820,-513
122000280,1192,1281,-89
122000281,803,1378,-575
122000282,191,224,-33
122000283,464,139,325
122000284,177,135,42
122000285,558,184,374
122000286,140,304,-164
122000287,1088,2052,-964
122000288,438,355,83
122000291,1343,809,534
122000293,628,415,213
122000294,128,248,-120
122000295,1710,324,1386
122000296,66,811,-745
122000297,5370,3137,2233
122000299,475,900,-425
122000300,755,1001,-246
122000301,24722,4089,20633
122000302,1555,1385,170
122000303,7005,1948,5057
122000304,55,292,-237
122000305,1008,507,501
122000306,54,1433,-1379
122000307,208,256,-48
122000309,123,88,35
122000310,22,78,-56
122000311,218,175,43
122000312,149,98,51
122000313,78,61,17
122000314,222,287,-65
122000315,379,46,333
122000316,748,361,387
122000317,1135,334,801
122000318,341,758,-417
122000319,293,1157,-864
122000320,420,4599,-4179
122000321,161,501,-340
122000322,3577,5349,-1772
122000323,2628,3402,-774
122000324,2417,2471,-54
122000325,1442,2029,-587
122000326,67,256,-189
122000327,525,755,-230
122000328,1908,1391,517
122000330,3590,1092,2498
122000332,361,556,-195
122000333,8,328,-320
122000337,1311,2715,-1404
122000338,666,847,-181
122000340,739,546,193
122000342,5182,1915,3267
122000343,773,2757,-1984
122000344,101,47,54
122000345,42,110,-68
122000346,439,1107,-668
122000348,764,1427,-663
122000349,216,1359,-1143
122000351,116,437,-321
122000352,359,153,206
122000353,79,229,-150
122000355,192,242,-50
122000356,4232,1406,2826
122000357,74,24,50
122000358,2,122,-120
122000359,0,66,-66
122000360,0,96,-96
122000362,15,158,-143
122000364,149,745,-596
122000365,5,38,-33
122000366,25,9,16
122000368,726,1368,-642
122000370,34,150,-116
122000371,31,0,31
122000372,8,2,6
122000381,90,693,-603
122000382,75,387,-312
122000384,7652,3266,4386
122000385,57,1,56
122000386,1114,1387,-273
122000387,888,1084,-196
122000388,3085,637,2448
122000389,317,1314,-997
122000390,785,478,307
122000391,526,231,295
122000392,209,385,-176
122000393,32,271,-239
122000394,503,575,-72
122000395,142,300,-158
122000396,315,175,140
122000397,61,143,-82
122000398,12,65,-53
122000399,153,115,38
122000400,197,469,-272
122000401,104,136,-32
122000402,297,201,96
122000403,820,2071,-1251
122000404,138,529,-391
122000408,1363,2376,-1013
122000503,13,138,-125
122000524,216,168,48
122000544,99,4076,-3977
122000616,709,4,705
122000640,53,263,-210
122000641,73,699,-626
122000642,1155,1972,-817
122000643,28,169,-141
122000644,305,30,275
122000645,124,378,-254
122000651,3837,988,2849
122000664,189,55,134
122000665,1311,859,452
122000666,811,1641,-830
122000673,30,749,-719
122000674,75,57,18
122000675,1886,2109,-223
122000686,424,2376,-1952
122000687,1578,597,981
122000688,216,1423,-1207
122000689,722,1017,-295
122000690,1134,1121,13
122000691,478,4649,-4171
122000692,1553,654,899
122000693,677,3688,-3011
122000695,253,1064,-811
122000696,283,622,-339
122000698,332,1774,-1442
122000699,239,228,11
122000701,1402,577,825
122000702,644,3534,-2890
122000703,223,109,114
122000717,255,118,137
122000718,385,807,-422
122000719,81,71,10
122000720,258,571,-313
122000724,124,24,100
122900001,42,11,31
122900002,1832,4564,-2732
122900003,333,69,264
122900004,1836,57,1779
122900005,61,85,-24
122900006,1155,712,443
122900007,190,76,114
122900008,1076,152,924
122900009,1433,743,690
122900010,384,298,86
122900012,296,553,-257
122900014,204,559,-355
122900015,3870,1021,2849
122900016,189,557,-368
122900017,633,1402,-769
122900018,367,21,346
122900019,25,181,-156
122900020,572,681,-109
122900021,88,1143,-1055
122900022,652,1319,-667
122900023,541,517,24
122900024,140,177,-37
122900025,21,318,-297
122900026,310,531,-221
122900027,188,971,-783
122900028,167,300,-133
122900029,7763,3591,4172
122900030,2823,724,2099
122900031,205,212,-7
122900032,210,375,-165
122900033,253,243,10
122900034,6118,7094,-976
122900035,118,40,78
122900036,56,404,-348
122900037,515,206,309
122900038,259,3473,-3214
122900039,109,562,-453
122900040,349,780,-431
122900041,297,387,-90
122900042,268,488,-220
122900043,633,378,255
122900044,137,563,-426
122900045,123,182,-59
122900046,156,196,-40
122900047,526,209,317
122900048,58,331,-273
122900049,2806,200,2606
122900051,124,201,-77
122900052,56,251,-195
122900053,22,35,-13
122900055,262,181,81
122900057,321,32,289
122900061,493,316,177
122900062,471,676,-205
122900063,189,699,-510
122900064,1422,1160,262
122900065,556,197,359
122900066,599,333,266
122900067,2657,1314,1343
122900068,248,635,-387
122900069,385,2105,-1720
122900070,265,61,204
122900071,188,676,-488
122900072,18,1095,-1077
122900073,52,503,-451
122900074,483,1293,-810
122900075,2,110,-108
122900076,11,307,-296
122900077,3,302,-299
122900078,145,257,-112
122900080,135,39,96
122900081,179,301,-122
122900082,682,318,364
122900083,196,188,8
122900084,9,438,-429
122900086,12,66,-54
122900087,196,907,-711
122900088,88,157,-69
122900089,105,271,-166
122900090,28,1237,-1209
122900091,171,0,171
122900092,0,496,-496
122900093,1,696,-695
122900094,5,498,-493
122900095,177,11,166
122900096,237,552,-315
122900097,29,19,10
122900098,153,247,-94
122900099,24,11,13
122900100,758,828,-70
122900101,1315,427,888
122900102,34,25,9
122900103,46,6,40
122900104,97,11,86
122900105,10,18,-8
122900106,5,191,-186
122900107,6,395,-389
122900108,5,417,-412
123000001,3105,510,2595
123000002,9318,4522,4796
123000003,4705,3968,737
123000004,4070,7950,-3880
123000005,3299,3651,-352
123000006,4193,5418,-1225
123000007,3926,3416,510
123000008,3274,5990,-2716
123000009,5405,3999,1406
123000010,4683,5555,-872
123000011,5343,982,4361
123000012,1541,3829,-2288
123000013,4116,1150,2966
123000014,1742,6379,-4637
123000015,6796,1190,5606
123000016,11926,5100,6826
123000017,4644,1939,2705
123000018,56,153,-97
123000019,198,465,-267
123000020,136,199,-63
123000021,81,202,-121
123000022,804,1516,-712
123000023,1542,1785,-243
123000024,1432,700,732
123000025,37,150,-113
123000026,6,129,-123
123000027,291,726,-435
123000028,1478,219,1259
123000029,1007,836,171
123000030,350,1207,-857
123000031,121,880,-759
123000032,263,544,-281
123000033,245,98,147
123000034,1199,1005,194
123000035,335,458,-123
123000036,346,1008,-662
123000037,338,541,-203
123000038,116,279,-163
123000039,555,1318,-763
123000040,1746,457,1289
123000041,1964,960,1004
123000042,1527,657,870
123000043,6239,7934,-1695
123000044,9166,3599,5567
123000045,17864,3822,14042
123000046,1231,1389,-158
123000047,2748,2160,588
123000048,148,676,-528
123000049,12060,8054,4006
123000050,1435,2019,-584
123000051,113,214,-101
123000052,838,4319,-3481
123000053,2858,5233,-2375
123000054,1433,2123,-690
123000055,1633,2238,-605
123000056,1824,3233,-1409
123000057,29302,10007,19295
123000058,1200,1073,127
123000059,651,819,-168
123000060,941,513,428
123000061,272,1247,-975
123000063,1044,1027,17
123000064,1078,329,749
123000065,12956,6075,6881
123000066,1432,1623,-191
123000067,759,886,-127
123000068,4580,6752,-2172
123000069,11598,6649,4949
123000070,388,1555,-1167
123000071,923,1773,-850
123000072,1244,2967,-1723
123000073,1031,1282,-251
123000074,1185,3537,-2352
123000075,418,1431,-1013
123000076,920,2092,-1172
123000077,2984,6516,-3532
123000078,1521,2369,-848
123000079,1446,3104,-1658
123000080,2629,4634,-2005
123000081,238,1197,-959
123000082,514,2400,-1886
123000083,1158,313,845
123000084,574,1341,-767
123000085,197,215,-18
123000086,470,933,-463
123000087,243,891,-648
123000088,1555,2126,-571
123000089,575,2047,-1472
123000090,1318,1882,-564
123000091,2241,2256,-15
123000092,1682,1836,-154
123000094,529,551,-22
123000095,656,938,-282
123000096,557,773,-216
123000097,440,1817,-1377
123000098,745,952,-207
123000099,702,1577,-875
123000100,669,867,-198
123000101,866,779,87
123000102,838,976,-138
123000104,442,543,-101
123000105,735,868,-133
123000106,534,551,-17
123000107,494,943,-449
123000108,950,2592,-1642
123000111,762,401,361
123000112,1030,1024,6
123000113,673,3550,-2877
123000114,571,686,-115
123000115,280,344,-64
123000116,32,281,-249
123000117,1769,3937,-2168
123000118,579,1733,-1154
123000119,325,2073,-1748
123000120,509,1665,-1156
123000121,607,960,-353
123000122,541,346,195
123000123,520,980,-460
123000124,563,890,-327
123000125,1566,1370,196
123000126,1810,3915,-2105
123000127,1317,1366,-49
123000128,357,752,-395
123000129,614,363,251
123000130,541,153,388
123000131,871,897,-26
123000132,543,1007,-464
123000133,417,633,-216
123000134,671,302,369
123000135,1802,2370,-568
123000136,340,2299,-1959
123000137,196,768,-572
123000138,116,782,-666
123000139,515,235,280
123000140,180,1311,-1131
123000141,1064,261,803
123000142,1289,1606,-317
123000143,1658,3752,-2094
123000144,40,36,4
123000145,418,342,76
123000146,95,238,-143
123000147,148,306,-158
123000149,389,471,-82
123000150,250,295,-45
123000151,326,525,-199
123000152,88,689,-601
123000153,163,682,-519
123000154,3145,2248,897
123000155,4249,1525,2724
123000156,35,145,-110
123000157,672,1326,-654
123000158,989,973,16
123000159,5568,2894,2674
123000160,1070,721,349
123000161,1682,1304,378
123000162,746,2043,-1297
123000163,457,101,356
123000164,1503,393,1110
123000165,483,3442,-2959
123000166,45,258,-213
123000167,135,560,-425
123000168,283,522,-239
123000169,772,224,548
123000170,67,803,-736
123000171,525,95,430
123000172,224,1114,-890
123000173,599,315,284
123000174,1188,494,694
123000175,1475,2047,-572
123000176,1357,302,1055
123000177,609,1856,-1247
123000178,809,203,606
123000179,40,1424,-1384
123000180,1558,466,1092
123000181,494,2537,-2043
123000182,234,1097,-863
123000183,191,421,-230
123000184,158,1686,-1528
123000185,703,843,-140
123000186,8,1002,-994
123000187,470,8,462
123000188,140,0,140
123000189,217,249,-32
123000190,58,102,-44
123000192,36,616,-580
123000193,75,985,-910
123000194,730,499,231
123000195,232,22,210
123000196,345,19,326
123000197,78,114,-36
123000198,17,358,-341
123000199,10,871,-861
123000200,452,11,441
123000201,940,18,922
123000202,31,1897,-1866
123000203,1046,89,957
123000204,110,1729,-1619
123000205,768,3384,-2616
123000206,1984,292,1692
123000207,175,1616,-1441
123000208,525,207,318
123000209,1888,617,1271
123000210,610,2877,-2267
123000211,859,5025,-4166
123000212,2622,611,2011
123000213,612,85,527
123000215,224,151,73
123000216,440,568,-128
123000217,239,81,158
123000218,143,655,-512
123000219,1744,105,1639
123000220,536,124,412
123000221,221,367,-146
123000222,425,1388,-963
123000223,254,1195,-941
123000224,447,1044,-597
123000225,256,175,81
123000226,95,841,-746
123000227,100,699,-599
123000228,235,111,124
123000229,1630,3376,-1746
123000232,128,988,-860
123000233,736,280,456
123000234,229,1090,-861
123000235,664,504,160
123000236,346,1538,-1192
123000237,319,121,198
123000238,115,1421,-1306
123000239,639,3700,-3061
123000240,68,503,-435
123000241,1714,228,1486
123000242,209,349,-140
123000243,692,1543,-851
123000244,1200,843,357
123000245,122,266,-144
123000249,678,1187,-509
123000252,947,265,682
123000253,875,554,321
123000254,705,1787,-1082
123000255,1151,1169,-18
123000256,45,412,-367
123000257,6177,3939,2238
123000258,1366,2067,-701
123000259,320,713,-393
123000260,469,1177,-708
123000261,219,534,-315
123000262,146,432,-286
123000263,401,154,247
123000264,246,78,168
123000265,89,254,-165
123000266,567,1108,-541
123000267,541,574,-33
123000268,47,101,-54
123000269,86,47,39
123000270,51,47,4
123000271,65,100,-35
123000272,1079,288,791
123000273,251,645,-394
123000274,1151,585,566
123000275,383,1755,-1372
123000278,5388,3578,1810
123000279,122,163,-41
123000280,382,595,-213
123000281,303,173,130
123000282,167,412,-245
123000283,84,78,6
123000284,54,210,-156
123000286,325,351,-26
123000287,694,465,229
123000288,1119,784,335
123000289,788,1073,-285
123000291,470,1238,-768
123000294,248,278,-30
123000295,1027,1144,-117
123000296,404,451,-47
123000297,418,1473,-1055
123000298,392,1178,-786
123000299,35,478,-443
123000300,949,1262,-313
123000301,123,416,-293
123000302,87,394,-307
123000303,181,140,41
123000305,1391,1382,9
123000306,79,477,-398
123000309,57,107,-50
123000310,125,55,70
123000311,0,194,-194
123000312,1292,1749,-457
123000313,346,523,-177
123000315,75,736,-661
123000316,3113,69,3044
123000317,337,77,260
123000318,77,518,-441
123000329,13,21,-8
123000337,436,352,84
123000338,944,56,888
123000339,150,463,-313
123000340,206,828,-622
123000342,14,8,6
123000343,102,2,100
123000344,2030,868,1162
123000345,430,1275,-845
123000346,275,113,162
123000352,3970,1176,2794
123000353,14,176,-162
123000354,307,15,292
123000355,0,1001,-1001
123000356,244,11,233
123000357,5,530,-525
123000359,9,431,-422
123000360,347,46,301
123000361,1208,404,804
123000362,355,308,47
123000363,120,445,-325
123000364,706,496,210
123000365,31,522,-491
123000366,448,2320,-1872
123000367,328,2031,-1703
123000370,33,664,-631
123000371,393,44,349
123000372,347,23,324
123000373,12,787,-775
123000374,28,381,-353
123000375,362,39,323
123000376,920,780,140
123000377,337,44,293
123000378,19,953,-934
123000379,5,311,-306
123000380,58,337,-279
123000381,233,60,173
123000382,2083,120,1963
123000383,524,1209,-685
123000384,639,156,483
123000385,358,1124,-766
123000436,147,1352,-1205
123000507,164,659,-495
123000508,172,715,-543
123000517,340,32,308
123000518,40,548,-508
123000519,192,103,89
123000520,70,480,-410
123000521,342,125,217
123000522,265,1135,-870
123000541,2,0,2
123000542,0,60,-60
123000565,0,1,-1
123000566,680,1479,-799
123000567,182,401,-219
123000573,73,1732,-1659
123000574,540,113,427
123000575,1109,2339,-1230
123000576,986,5029,-4043
123000577,136,1178,-1042
123000578,927,98,829
123000579,7167,5034,2133
123000580,66,24,42
123000582,338,42,296
123000583,25,1159,-1134
123000584,126,344,-218
123000585,0,252,-252
123000586,89,0,89
123000596,97,237,-140
123000597,100,153,-53
123000602,32,7,25
123000603,405,1200,-795
123000604,472,2196,-1724
123000605,1288,238,1050
123000606,1,273,-272
123000609,35,456,-421
123000610,201,135,66
123000613,35,286,-251
123000614,161,126,35
123000615,33,226,-193
123000616,372,125,247
123000617,187,908,-721
123000618,107,1293,-1186
123000619,892,40,852
123000620,33,1234,-1201
123000622,312,23,289
123000624,103,117,-14
123000630,646,521,125
123000631,376,3572,-3196
123000632,1535,2318,-783
123000633,1,496,-495
123000634,179,112,67
123000635,527,103,424
123000636,23,1283,-1260
123000637,102,430,-328
123000638,543,250,293
123000639,1641,3361,-1720
123000640,26,1970,-1944
123900001,2020,115,1905
123900002,28,1505,-1477
123900003,498,1334,-836
123900005,302,175,127
123900006,266,42,224
124000001,1827,151,1676
124000002,177,3899,-3722
124000003,735,219,516
124000004,89,1541,-1452
124000005,924,334,590
124000006,442,2468,-2026
124000007,1463,233,1230
124000008,36,801,-765
124000009,414,696,-282
124000010,180,715,-535
124000011,1139,689,450
124000012,453,1332,-879
124000017,147,146,1
124000018,131,151,-20
124000019,147,121,26
124000020,94,281,-187
124000021,124,116,8
124000022,92,316,-224
124000023,1638,1815,-177
124000024,1360,1082,278
124000025,1443,2033,-590
124000026,1769,1615,154
124000027,6686,5857,829
124000028,4142,6298,-2156
124000030,4624,1694,2930
124000031,1162,1689,-527
124000032,10346,1621,8725
124000033,72,268,-196
124000034,7080,917,6163
124000035,49,137,-88
124000036,158,248,-90
124000037,517,925,-408
124000038,112,91,21
124000039,1281,413,868
124000040,918,1151,-233
124000041,394,96,298
124000042,94,617,-523
124000043,70,107,-37
124000044,69,464,-395
124000045,608,895,-287
124000046,319,1203,-884
124000047,1332,1458,-126
124000048,1012,3884,-2872
124000049,1402,1002,400
124000050,908,4850,-3942
124000051,687,729,-42
124000052,770,2427,-1657
124000053,577,1251,-674
124000054,1117,1167,-50
124000055,1424,1925,-501
124000056,7202,2284,4918
124000057,916,627,289
124000058,525,2439,-1914
124000059,650,1022,-372
124000060,1727,1588,139
124000061,1941,4733,-2792
124000062,8548,2733,5815
124000063,1803,2417,-614
124000064,3653,2647,1006
124000065,210,289,-79
124000066,560,189,371
124000067,138,516,-378
124000068,12,8,4
124000069,86,47,39
124000070,26,195,-169
124000071,239,138,101
124000072,278,925,-647
124000073,1104,147,957
124000074,273,1615,-1342
124000075,253,49,204
124000076,13,410,-397
124000077,2680,1051,1629
124000078,2687,909,1778
124000079,641,1637,-996
124000080,421,201,220
124000081,263,1399,-1136
124000082,19,134,-115
124000083,52,340,-288
124000084,33,259,-226
124000085,112,112,0
124000086,96,148,-52
124000087,111,93,18
124000088,229,840,-611
124000089,705,616,89
124000090,97,547,-450
124000091,768,218,550
124000092,176,955,-779
124000093,112,124,-12
124000094,182,777,-595
124000095,85,97,-12
124000096,164,616,-452
124000097,90,175,-85
124000098,97,232,-135
124000099,202,185,17
124000100,46,164,-118
124000101,51,152,-101
124000102,116,156,-40
124000103,91,137,-46
124000104,100,165,-65
124000105,37,117,-80
124000106,157,179,-22
124000107,13,173,-160
124000108,104,94,10
124000109,138,134,4
124000110,250,249,1
124000111,235,203,32
124000112,719,1204,-485
124000113,110,90,20
124000114,321,948,-627
124000115,482,1296,-814
124000116,113,103,10
124000117,100,176,-76
124000118,63,106,-43
124000119,1330,1139,191
124000120,785,913,-128
124000121,2679,821,1858
124000122,920,1739,-819
124000123,1272,536,736
124000124,626,1322,-696
124000125,468,547,-79
124000126,434,887,-453
124000127,964,486,478
124000128,713,1599,-886
124000129,2547,1986,561
124000130,975,1052,-77
124000131,1147,779,368
124000132,1065,1146,-81
124000133,1074,1175,-101
124000134,1074,1231,-157
124000135,2167,2437,-270
124000136,1703,1568,135
124000137,1517,944,573
124000138,2036,1960,76
124000139,658,33,625
124000140,39,774,-735
124000141,97,9,88
124000142,2,222,-220
124000143,63,17,46
124000144,10,94,-84
124000145,148,55,93
124000146,41,157,-116
124000148,32,79,-47
124000149,1080,428,652
124000150,438,944,-506
124000151,744,497,247
124000152,1055,1962,-907
124000153,593,1072,-479
124000154,458,1540,-1082
124000155,1447,887,560
124000156,2352,1545,807
124000169,300,559,-259
124000170,1116,703,413
124000171,275,406,-131
124000172,453,1044,-591
124000173,378,506,-128
124000174,344,1461,-1117
124000175,19,212,-193
124000176,44,13,31
124000177,19,63,-44
124000178,36,39,-3
124000190,197,51,146
124000191,898,69,829
124000192,2846,503,2343
124000193,725,1861,-1136
124000194,482,774,-292
124000195,395,762,-367
124000196,1137,1714,-577
124000197,72,124,-52
124000198,34,61,-27
124000201,459,2146,-1687
124000202,672,275,397
124000203,222,2118,-1896
124000204,422,1284,-862
124000205,53,1311,-1258
124000206,470,767,-297
124000207,1,101,-100
124000209,478,1489,-1011
124000210,271,312,-41
124000211,402,6,396
124000212,4,1228,-1224
124000213,261,685,-424
124000214,246,1729,-1483
124000215,234,13,221
124000216,4,1057,-1053
124000329,154,5020,-4866
124000338,157,2876,-2719
124000339,624,180,444
124000341,844,144,700
124000344,79,59,20
124000357,1169,2438,-1269
124000358,820,1471,-651
124000359,1286,830,456
124000360,653,613,40
124000361,1984,750,1234
124000362,2444,3390,-946
124000363,325,725,-400
124000364,776,1545,-769
124000365,664,1684,-1020
124000366,2756,1122,1634
124000367,181,1304,-1123
124000368,356,216,140
124000369,162,133,29
124000370,110,1057,-947
124000402,45,11,34
124000403,110,19,91
124000404,8,168,-160
124000405,1481,1069,412
124000406,1314,1320,-6
124000407,9,56,-47
124000411,11,686,-675
124000412,312,35,277
124000413,411,67,344
124000414,39,196,-157
124000415,50,453,-403
124000416,184,599,-415
124000417,145,148,-3
124000418,119,175,-56
124000419,108,289,-181
124000420,54,107,-53
124000421,61,498,-437
124000422,32,25,7
124000423,157,50,107
124000424,2,204,-202
124000425,34,18,16
124000426,9,135,-126
124000427,20,19,1
124000428,40,20,20
124000429,44,85,-41
124000430,769,1549,-780
124000431,346,1374,-1028
124000432,216,1308,-1092
124000439,2,27,-25
124000442,7,303,-296
124000443,0,6,-6
124000445,224,358,-134
124000446,2662,154,2508
124900001,443,315,128
124900002,188,853,-665
124900003,873,778,95
124900004,571,543,28
124900005,328,440,-112
124900006,562,590,-28
124900008,1602,826,776
124900009,140,275,-135
124900010,144,68,76
124900011,547,254,293
124900012,518,95,423
124900013,520,150,370
124900014,286,179,107
124900015,171,352,-181
124900016,111,151,-40
124900017,1187,740,447
124900018,33,13,20
124900020,116,73,43
124900021,201,58,143
124900022,29,6,23
124900024,243,43,200
124900026,119,14,105
124900027,102,374,-272
124900028,1427,256,1171
124900029,18,540,-522
124900030,4,374,-370
124900031,81,709,-628
124900032,352,235,117
124900033,138,718,-580
124900034,10,199,-189
124900035,315,881,-566
124900036,34,88,-54
124900037,201,847,-646
124900038,417,690,-273
124900039,0,23,-23
124900040,111,149,-38
124900041,351,2223,-1872
124900042,96,8,88
124900043,509,2117,-1608
124900044,84,2,82
124900045,1010,1327,-317
124900046,3454,327,3127
124900047,162,487,-325
124900048,229,360,-131
124900050,215,607,-392
124900052,122,653,-531
124900053,96,642,-546
124900054,7005,582,6423
124900055,6,220,-214
124900057,25,184,-159
124900060,144,472,-328
124900061,35,16,19
124900062,105,21,84
124900066,0,13,-13
124900067,10,420,-410
124900068,249,498,-249
124900070,67,21,46
124900072,70,30,40
124900074,441,640,-199
124900075,163,310,-147
124900076,34,743,-709
124900077,33,208,-175
124900078,93,26,67
124900079,1482,167,1315
124900080,382,1427,-1045
124900081,858,365,493
124900082,504,1867,-1363
124900083,254,1082,-828
124900084,4832,182,4650
124900085,1684,450,1234
124900086,197,1216,-1019
124900087,828,164,664
124900088,935,215,720
124900089,2510,42,2468
124900090,344,311,33
124900091,344,1103,-759
124900092,343,730,-387
124900093,250,310,-60
124900094,322,381,-59
124900095,125,608,-483
124900096,840,363,477
124900097,330,103,227
124900098,177,706,-529
124900099,1130,700,430
124900100,261,75,186
124900101,61,368,-307
124900102,230,48,182
124900103,142,566,-424
124900104,77,319,-242
124900105,188,249,-61
124900106,491,85,406
124900107,106,35,71
124900108,386,65,321
124900109,51,142,-91
124900110,207,651,-444
124900111,5,89,-84
124900112,92,1685,-1593
124900113,131,252,-121
124900114,186,143,43
124900115,62,44,18
124900116,165,213,-48
124900117,1108,239,869
124900118,262,163,99
124900119,406,119,287
124900120,57,767,-710
124900121,147,297,-150
124900122,1023,385,638
124900123,433,105,328
124900124,235,248,-13
129000186,259,82,177
204000001,23,4,19
204000002,35,4,31
204000003,43,8,35
204000004,3,7,-4
204000005,533,613,-80
204000006,1177,2163,-986
204000011,19,107,-88
204000012,67,120,-53
204000013,1,58,-57
204000019,569,723,-154
204000020,567,1206,-639
204000021,2488,1072,1416
204000022,471,592,-121
204000023,591,1525,-934
204000031,51,41,10
204000032,663,67,596
204000034,21,447,-426
204000035,4,4,0
204000036,16,39,-23
204000037,0,14,-14
204000038,4,17,-13
204000039,2,57,-55
204000040,3,43,-40
204000041,24,113,-89
204000042,68,21,47
204000043,23,8,15
204000044,22,8,14
204000045,58,5,53
204000046,19,1,18
204000057,5,50,-45
204000062,5,24,-19
204000068,18,288,-270
204000069,32,245,-213
204000070,66,165,-99
204000080,24,45,-21
204000085,1775,2501,-726
204000086,3497,3012,485
204000087,30,20,10
204000088,8,141,-133
204000090,12,573,-561
204000093,236,88,148
204000096,667,1139,-472
204000097,338,58,280
204000099,1055,1681,-626
204000100,1126,1839,-713
204000105,2370,2572,-202
204000110,879,1523,-644
204000111,436,1025,-589
204000112,554,1244,-690
204000113,508,1450,-942
204000114,740,743,-3
204000115,454,502,-48
204000116,511,818,-307
204000119,1915,3049,-1134
204000132,472,236,236
204000133,563,355,208
204000134,153,182,-29
204000135,334,165,169
204000136,285,345,-60
204000138,335,243,92
204000140,171,117,54
204000141,150,86,64
204000144,2,37,-35
204000145,669,83,586
204000146,38,701,-663
204000147,19,126,-107
204000148,361,47,314
204000154,6,4,2
204000155,10,10,0
204000177,71,120,-49
204000179,25,13,12
204000180,1,29,-28
204000222,9,25,-16
204000235,14,29,-15
204000236,117,482,-365
204000238,20,68,-48
204000240,352,180,172
204000263,552,1714,-1162
204000268,1482,925,557
204000308,389,41,348
204000317,24,113,-89
204000322,5,74,-69
204000323,46,27,19
204000328,287,132,155
204000329,51,321,-270
204000330,273,83,190
204000331,20,219,-199
204010341,14,668,-654
205000001,1353,2075,-722
205000013,16,119,-103
205000014,17,146,-129
205000015,27,247,-220
205000016,39,212,-173
205000017,20,134,-114
205000022,293,856,-563
205000025,1930,1362,568
205000029,217,5,212
205000045,118,347,-229
205000046,73,608,-535
205000047,63,614,-551
205000048,296,1195,-899
205000049,161,940,-779
205000050,1321,311,1010
205000059,0,333,-333
205000060,0,101,-101
205000061,0,30,-30
205000062,6,57,-51
205000063,32,92,-60
205000064,9,164,-155
205000065,70,939,-869
205000066,116,1144,-1028
205000067,56,1370,-1314
205000069,158,24,134
205000082,173,509,-336
205000110,81,210,-129
205000111,167,277,-110
205000112,182,328,-146
205000113,216,423,-207
205000121,257,129,128
205000123,68,314,-246
205000126,565,274,291
205000127,767,376,391
205000128,635,184,451
205000129,905,187,718
205000130,897,42,855
205000131,614,13,601
205000132,796,1,795
205000133,442,2,440
205000134,244,0,244
205000137,109,227,-118
205000138,306,519,-213
205000139,41,140,-99
205000144,104,114,-10
205000145,394,361,33
205000151,253,73,180
205000152,249,63,186
205000153,176,104,72
205000154,87,134,-47
205000155,115,35,80
205000207,5,236,-231
205000233,77,81,-4
205000234,0,0,0
205000243,1,1,0
205000244,0,6,-6
205000245,14,580,-566
205000249,0,59,-59
205000250,1,0,1
205000264,23,117,-94
206000027,9,1,8
206000028,4,1,3
206000043,8,211,-203
206000053,7,19,-12
206000054,4,46,-42
206000055,1,50,-49
206000075,10,16,-6
206000076,16,13,3
206000077,14,7,7
206000078,6,3,3
206000079,16,7,9
206000082,609,43,566
206000100,115,1543,-1428
206000103,8,22,-14
206000104,17,42,-25
206000105,30,27,3
206000106,14,51,-37
206000108,722,53,669
206000125,45,0,45
206000157,88,1328,-1240
206000170,1,303,-302
206000171,0,368,-368
206000172,9,1493,-1484
206000173,1,463,-462
206000174,6,187,-181
206000175,1,290,-289
206000176,24,524,-500
206000177,3,346,-343
206000178,4,330,-326
206000179,15,176,-161
206000180,26,363,-337
206000181,18,689,-671
206000182,16,677,-661
206000183,18,2006,-1988
206000184,4,712,-708
206000185,13,588,-575
206000186,146,2793,-2647
206000223,3,403,-400
206000226,10,3,7
206000227,21,2,19
206000237,48,704,-656
206000238,42,1130,-1088
206000239,920,4360,-3440
206000240,1,95,-94
206000241,2,196,-194
206000242,13,641,-628
206000243,6,601,-595
206000244,53,1440,-1387
206000245,377,57,320
206000246,57,12,45
206000247,95,4,91
206000248,198,8,190
206000252,84,37,47
206000258,28,94,-66
206000315,31,2,29
206000317,291,93,198
206000318,244,46,198
206000319,529,78,451
206000320,50,32,18
206000321,45,12,33
206000322,218,8,210
206000323,90,5,85
206000324,78,6,72
206000325,172,11,161
206000326,150,9,141
206000327,286,16,270
206000328,68,0,68
206000329,94,13,81
206000330,27,3,24
206000331,85,4,81
206000332,17,15,2
206000333,255,3,252
206000334,141,0,141
206000335,0,26,-26
206000361,5,416,-411
206000392,1,69,-68
206000405,114,1,113
206000441,14,15,-1
206000498,31,3,28
206000515,132,28,104
206000530,108,53,55
206000531,188,106,82
206000532,4027,151,3876
206000535,598,4065,-3467
206000536,39,495,-456
206000537,14,427,-413
206000613,1646,187,1459
207000001,178,616,-438
207000002,113,452,-339
207000003,180,358,-178
207000007,580,290,290
207000008,47,4,43
207000009,27,36,-9
207000010,399,954,-555
207000012,260,328,-68
207000015,407,2731,-2324
207000019,185,99,86
207000021,537,133,404
207000022,189,94,95
207000023,176,64,112
207000024,1,22,-21
207000025,13,59,-46
207000026,138,67,71
207000027,18,95,-77
207000028,91,285,-194
207000029,340,597,-257
207000033,276,363,-87
207000034,310,73,237
207000039,412,150,262
207000040,184,157,27
207000041,81,62,19
207000042,318,105,213
207000043,276,225,51
207000051,174,540,-366
207000052,26,243,-217
207000053,495,971,-476
207000054,28,197,-169
207000055,185,262,-77
207000056,301,670,-369
207000057,134,471,-337
207000058,143,721,-578
207000059,93,1322,-1229
207000060,84,441,-357
207000061,216,270,-54
207000062,185,59,126
207000063,187,168,19
207000064,317,147,170
207000065,281,281,0
207000066,147,201,-54
207000067,46,168,-122
207000068,113,98,15
207000069,598,445,153
207000082,49,514,-465
207000083,92,653,-561
207000084,177,346,-169
207000085,115,10,105
207000086,111,4,107
207000106,33,53,-20
207000107,75,17,58
207000108,37,13,24
207000109,44,20,24
207000110,44,77,-33
207000111,84,64,20
207000112,250,489,-239
207000114,13,52,-39
207000115,38,118,-80
207000116,16,496,-480
207000117,25,204,-179
207000118,4,177,-173
207000119,26,168,-142
207000123,197,35,162
207000124,115,31,84
207000125,82,60,22
207000126,70,60,10
207000134,40,336,-296
207000135,17,463,-446
207000148,42,322,-280
207000149,62,79,-17
207000152,222,524,-302
207000153,1297,1457,-160
207000154,433,190,243
207000159,95,425,-330
207000160,122,1115,-993
207000238,0,166,-166
207000242,3,356,-353
207000248,46,58,-12
207000249,174,85,89
207000250,1280,80,1200
207000251,132,109,23
207000252,47,89,-42
207000278,76,145,-69
207000279,17,358,-341
207000280,270,63,207
207000281,107,1982,-1875
207000282,209,52,157
207000283,171,400,-229
207000284,54,104,-50
207000285,166,40,126
207000291,18,177,-159
207000304,103,55,48
207000306,95,590,-495
207000310,86,91,-5
207000353,397,3,394
207000356,19,23,-4
207000357,94,8,86
207000358,109,19,90
207000415,2,321,-319
207000417,64,4,60
207000418,88,131,-43
207000438,0,4,-4
207000439,1087,532,555
207000446,156,7,149
207000460,11,5,6
207000466,283,296,-13
207000467,155,127,28
207000468,49,962,-913
207000476,4,156,-152
207000477,535,188,347
207000478,10,28,-18
207000523,0,14,-14
207000524,42,2,40
207000527,120,191,-71
207000530,374,9,365
207000531,335,17,318
207000532,127,44,83
207000534,680,82,598
207000535,44,445,-401
207000537,43,169,-126
207000540,13,261,-248
207000541,3,548,-545
207000548,12,435,-423
207000549,283,21,262
207000561,121,286,-165
207000562,40,306,-266
207000567,165,419,-254
207000568,105,199,-94
207000569,414,2068,-1654
207000584,385,339,46
207000585,99,440,-341
207000616,0,291,-291
207000617,96,5,91
207900008,113,386,-273
208000001,485,994,-509
208000002,499,654,-155
208000003,1069,742,327
208000004,1184,988,196
208000005,25,25,0
208000019,480,1205,-725
208000020,170,630,-460
208000021,182,1029,-847
208000022,866,1093,-227
208000028,1917,1272,645
208000033,582,1303,-721
208000034,1607,3137,-1530
208000040,93,201,-108
208000041,836,658,178
208000042,1021,741,280
208000047,167,814,-647
208000064,3093,2066,1027
208000066,2010,1892,118
208000070,294,529,-235
208000071,414,1330,-916
208000072,301,1901,-1600
208000080,223,507,-284
208000081,260,264,-4
208000082,302,476,-174
208000083,205,595,-390
208000084,42,29,13
208000085,1030,760,270
208000086,509,1187,-678
208000087,325,1115,-790
208000089,953,1394,-441
208000090,854,1719,-865
208000093,134,199,-65
208000094,630,991,-361
208000095,749,645,104
208000104,996,1493,-497
208000105,724,1573,-849
208000114,84,272,-188
208000115,592,543,49
208000116,355,1133,-778
208000117,95,152,-57
208000118,107,136,-29
208000155,626,1369,-743
208000158,1999,5175,-3176
208000186,3866,3922,-56
208000204,604,1784,-1180
208000205,1317,2487,-1170
208000282,5702,3443,2259
209000004,211,312,-101
209000005,56,35,21
209000006,692,148,544
209000007,482,324,158
209000010,722,182,540
209000011,220,290,-70
209000012,153,337,-184
209000013,312,988,-676
209000014,809,2582,-1773
209000025,267,37,230
209000026,729,119,610
209000027,438,1610,-1172
209000028,323,1532,-1209
209000029,840,1585,-745
209000030,590,2865,-2275
209000031,6316,4079,2237
209000034,171,227,-56
209000035,124,198,-74
209000036,163,147,16
209000037,144,257,-113
209000038,71,171,-100
209000039,39,214,-175
209000040,383,718,-335
209000041,260,604,-344
209000042,303,524,-221
209000043,1253,879,374
209000044,257,857,-600
209000045,1299,658,641
209000046,456,655,-199
209000047,364,276,88
209000048,503,407,96
209000049,91,213,-122
209000050,215,283,-68
209000051,267,625,-358
209000052,157,552,-395
209000062,58,303,-245
209000063,42,250,-208
209000064,65,270,-205
209000065,52,51,1
209000066,39,62,-23
209000067,47,125,-78
209000080,56,258,-202
209000082,54,73,-19
209000091,35,204,-169
209000093,112,54,58
209000094,228,318,-90
209000110,49,111,-62
209000111,366,1615,-1249
209000112,698,762,-64
209000113,1809,682,1127
209000114,384,598,-214
209000115,57,223,-166
209000116,1021,1273,-252
209000118,49,43,6
209000119,90,15,75
209000121,188,1015,-827
209000135,79,159,-80
209000142,752,1428,-676
209000143,182,128,54
209000144,106,116,-10
209000229,195,300,-105
209000240,54,750,-696
209000259,68,223,-155
209000260,141,2016,-1875
209000261,12,1213,-1201
209000262,6,997,-991
209000263,0,285,-285
209000264,1,210,-209
209000265,413,2,411
209000266,97,2,95
209000267,992,12,980
209000268,679,59,620
210000037,58,40,18
210000047,53,68,-15
210000048,110,89,21
210000049,47,59,-12
210000052,50,214,-164
210000053,24,131,-107
210000054,46,139,-93
210000070,169,1,168
210000071,118,0,118
210000072,21,1,20
210000073,2,44,-42
210000074,0,181,-181
210000075,2,68,-66
210000076,21,151,-130
210000077,58,49,9
210000078,44,36,8
210000079,101,35,66
210000080,305,71,234
210000081,187,21,166
210000082,63,1,62
210000083,124,1,123
210000084,57,1,56
210000085,1,109,-108
210000086,9,164,-155
210000099,39,325,-286
210000100,71,369,-298
210000101,92,373,-281
210000105,54,330,-276
210000159,2,186,-184
210000163,277,446,-169
210000164,389,193,196
210000168,216,27,189
210000187,1,59,-58
210000188,0,37,-37
210000214,37,0,37
210000219,18,84,-66
210000220,37,183,-146
210000232,7,34,-27
210000233,46,86,-40
210000234,37,204,-167
210000235,45,233,-188
210000245,1,166,-165
210000246,16,1,15
210000258,27,114,-87
210000259,380,55,325
210000282,90,263,-173
210000285,0,111,-111
210000286,21,212,-191
210000290,4,6,-2
210000295,36,279,-243
210000296,48,146,-98
210000320,188,226,-38
210000321,133,171,-38
210000338,71,144,-73
210000339,680,1445,-765
210000340,136,459,-323
210000341,157,370,-213
210000342,197,279,-82
210000343,144,269,-125
210000344,365,165,200
210000345,261,266,-5
210000346,63,137,-74
210000347,219,52,167
210000348,213,25,188
210000349,124,27,97
210000350,88,72,16
210000351,109,127,-18
210000352,59,178,-119
210000353,39,202,-163
210000354,99,168,-69
210000355,133,163,-30
210000356,134,93,41
210000357,58,64,-6
210000358,722,164,558
210000359,222,79,143
210000360,200,156,44
210000361,151,213,-62
210000362,217,250,-33
210000363,1194,288,906
210000364,103,203,-100
210000365,142,66,76
210000366,120,77,43
210000367,89,60,29
210000368,245,48,197
210000369,26,19,7
210000370,73,86,-13
210000372,104,41,63
210000373,141,32,109
210000374,57,14,43
210000375,52,160,-108
210000376,95,245,-150
210000404,98,207,-109
210000439,32,127,-95
210000472,130,8,122
210000482,68,103,-35
210000564,693,367,326
210000567,0,9,-9
210000568,851,3,848
211000092,20,117,-97
211000094,45,10,35
211000169,211,15,196
211000172,12,453,-441
211000209,1,35,-34
211000226,15,32,-17
211000270,13,6,7
211000275,28,44,-16
211000276,59,60,-1
211000279,13,95,-82
211000281,42,124,-82
211507980,3,70,-67
211977296,55,8,47
212000003,176,63,113
212000004,76,33,43
212000005,25,41,-16
212000006,44,148,-104
212000008,131,313,-182
212000009,21,268,-247
212000012,59,93,-34
212000013,25,64,-39
212000014,223,208,15
212000015,229,342,-113
212000016,423,847,-424
212000027,538,868,-330
212000028,281,701,-420
212000029,198,533,-335
212000030,29,60,-31
212000031,45,121,-76
212000048,41,108,-67
212000049,15,83,-68
212000050,12,13,-1
212000051,156,383,-227
212000052,138,633,-495
212000053,357,958,-601
212000054,168,248,-80
212000055,239,437,-198
212000056,14,79,-65
212000057,5,64,-59
212000058,580,58,522
212000070,101,564,-463
212000077,108,1226,-1118
212000099,312,404,-92
212000108,277,299,-22
212000111,173,190,-17
212000120,277,179,98
212000138,101,21,80
212000156,5,241,-236
212000158,14,15,-1
212000159,313,72,241
212000160,432,349,83
212000161,57,16,41
212000310,28,19,9
212000311,11,152,-141
212000374,26,22,4
213000001,34,1484,-1450
213000005,501,148,353
213000006,1248,268,980
213000007,195,35,160
213000009,798,398,400
213000010,236,286,-50
213000011,256,162,94
213000012,224,658,-434
213000014,55,9,46
213000015,251,6,245
213000016,379,3,376
213000017,55,0,55
213000018,5,326,-321
213000019,3,277,-274
213000020,148,675,-527
213000021,12,171,-159
213000023,345,259,86
213000033,329,1590,-1261
213000034,820,528,292
213000035,106,371,-265
213000045,213,430,-217
213000046,235,341,-106
213000047,773,1288,-515
213000056,76,36,40
213000069,90,0,90
213000073,1,30,-29
213000074,278,1047,-769
213000075,552,10,542
213000076,55,0,55
213000085,4,40,-36
213000086,17,349,-332
213000091,130,24,106
213000092,60,16,44
213000099,194,1336,-1142
213000100,1483,291,1192
213000101,221,208,13
213000102,302,510,-208
213000103,815,1436,-621
213000104,76,1017,-941
213000105,10,106,-96
213000106,23,286,-263
213000107,158,1297,-1139
213000108,19,867,-848
213000109,4,452,-448
213000110,2,103,-101
213000111,11,118,-107
213000112,146,223,-77
213000115,48,12,36
213000116,151,1709,-1558
213000117,19,2533,-2514
213000118,351,595,-244
213000119,112,1538,-1426
213000120,149,1345,-1196
213000122,377,1365,-988
213000123,1065,2447,-1382
213000124,92,2360,-2268
213000125,163,12,151
213000126,144,161,-17
213000127,247,261,-14
213000128,1269,1270,-1
213000129,667,585,82
213000130,387,282,105
213000132,256,110,146
213000133,448,135,313
213000134,761,8,753
213000136,372,24,348
213000137,529,107,422
213000139,331,24,307
213000147,95,0,95
213000148,36,7,29
213000149,76,6,70
213000150,0,128,-128
213000151,3,141,-138
213000152,4,135,-131
213000153,0,67,-67
213000154,61,327,-266
213000155,69,634,-565
213000156,132,1033,-901
213000157,1145,752,393
213000158,334,1269,-935
213000159,520,1038,-518
213000163,549,97,452
213000165,702,281,421
213000171,2,155,-153
213000172,8,616,-608
213000173,5,427,-422
213000174,1,336,-335
213000175,11,250,-239
213000176,48,41,7
213000177,75,8,67
213000178,82,7,75
213000179,169,0,169
213000180,109,2,107
213000184,138,1067,-929
213000188,357,97,260
213000189,275,36,239
213000190,937,1423,-486
213000191,246,943,-697
213000192,192,1021,-829
213000193,2971,358,2613
213000194,3,53,-50
213000195,25,681,-656
213000196,267,1652,-1385
213000197,372,790,-418
213000198,90,0,90
213000200,144,1777,-1633
213000201,76,83,-7
213000202,22,1542,-1520
213000203,4859,836,4023
213000204,489,102,387
213000205,308,129,179
213000206,870,59,811
213000207,183,9,174
213000208,103,3,100
213000209,132,4,128
213000210,477,2,475
213000211,18,21,-3
213000212,6,23,-17
213000213,9,59,-50
213000218,223,1425,-1202
213000219,495,17,478
213000220,441,14,427
213000223,263,213,50
213000224,35,47,-12
213000225,51,13,38
213000226,51,18,33
213000227,675,297,378
213000228,264,106,158
213000229,482,38,444
213000230,365,28,337
213000232,105,642,-537
213000233,19,49,-30
213000234,10,54,-44
213000293,31,80,-49
213000294,225,9,216
213000295,22,119,-97
213000296,88,47,41
213000297,7,197,-190
213000298,23,177,-154
213000299,59,70,-11
213000300,9,6,3
213000303,2,35,-33
213000304,4,13,-9
213000305,10,13,-3
213000306,127,71,56
213000307,468,79,389
213000308,136,496,-360
213000309,216,65,151
213000310,360,137,223
213000311,360,1452,-1092
213000315,85,311,-226
213000316,138,57,81
213000322,116,300,-184
213000323,53,185,-132
213000324,58,166,-108
213000325,33,271,-238
213000326,45,87,-42
213000327,32,193,-161
213000328,26,194,-168
213000329,82,103,-21
213000340,180,1578,-1398
213000341,264,76,188
213000346,267,199,68
213000347,1145,345,800
213000348,4,267,-263
213000349,19,21,-2
213000350,257,2698,-2441
213000366,63,763,-700
213000367,166,60,106
213000379,72,244,-172
213000386,93,287,-194
213000406,117,550,-433
213000417,1478,583,895
213000425,133,74,59
213000426,105,129,-24
213000427,56,858,-802
213000428,42,428,-386
213000429,7,8,-1
213000430,104,2193,-2089
213000431,38,1,37
213000432,0,32,-32
213000433,21,255,-234
213000434,80,212,-132
213000435,95,147,-52
213000436,12,161,-149
213000437,2,81,-79
213000438,136,179,-43
213000439,87,22,65
213000440,22,430,-408
213000441,2,2,0
213000442,3,74,-71
213000443,555,816,-261
213000444,32,171,-139
213000445,0,207,-207
213000446,1,18,-17
213000447,17,61,-44
213000448,10,120,-110
213000449,241,3,238
213000450,40,73,-33
213000451,306,124,182
213000452,18,43,-25
213000453,64,611,-547
213000455,499,75,424
213000456,2,206,-204
213000481,13,8,5
213000484,61,8,53
213000489,800,90,710
213000491,1,159,-158
213000492,489,81,408
213000493,0,133,-133
213000494,225,219,6
213000495,0,178,-178
213000496,344,419,-75
213000497,38,536,-498
213000498,138,442,-304
213000499,237,1125,-888
213000500,326,143,183
213000501,136,24,112
213000502,292,126,166
213000503,5,148,-143
213000504,9,304,-295
213000505,16,3,13
213000506,0,17,-17
213000507,4,297,-293
213900016,0,14,-14
213900244,8,0,8
213900245,0,28,-28
218000003,41,19,22
218000004,51,26,25
218000005,35,58,-23
218000006,61,35,26
218000007,5,20,-15
218000012,541,223,318
218000013,75,168,-93
218000014,463,586,-123
218000019,996,997,-1
218000020,423,730,-307
218000021,62,137,-75
218000022,15,61,-46
218000023,2,61,-59
218000024,1,27,-26
218000025,9,42,-33
218000026,10,82,-72
218000027,2,42,-40
218000028,1,7,-6
218000029,3,8,-5
218000030,18,63,-45
218000031,3,105,-102
218000032,2,55,-53
218000040,3,5,-2
218000046,67,224,-157
218000047,30,346,-316
218000048,75,403,-328
218000049,155,341,-186
218000050,415,635,-220
218000051,85,666,-581
218000052,0,272,-272
218000053,2,21,-19
218000054,14,77,-63
218000055,12,37,-25
218000056,16,33,-17
218000057,2,56,-54
218000064,4,26,-22
218000065,57,73,-16
218000066,14,54,-40
218000067,74,167,-93
218000068,113,199,-86
218000069,162,298,-136
218000070,130,448,-318
218000071,173,380,-207
218000072,333,448,-115
218000078,771,1993,-1222
218000079,76,119,-43
218000080,97,170,-73
218000081,322,423,-101
218000082,38,230,-192
218000083,47,96,-49
218000084,106,308,-202
218000085,128,719,-591
218000086,41,323,-282
218000087,173,313,-140
218000090,14,91,-77
218000091,927,673,254
218000092,60,264,-204
218000093,51,142,-91
218000094,517,1221,-704
218000099,305,790,-485
218000100,217,432,-215
218000101,215,215,0
218000102,307,520,-213
218000103,84,267,-183
218000104,58,55,3
218000105,42,20,22
218000106,12,14,-2
218000107,40,147,-107
218000108,4,84,-80
218000112,95,31,64
218000117,53,58,-5
218000134,814,1537,-723
218000135,58,217,-159
218000136,271,107,164
218000137,153,173,-20
218000138,38,176,-138
218000139,135,482,-347
218000140,276,280,-4
218000141,92,93,-1
218000142,124,375,-251
218000143,114,348,-234
218000144,87,91,-4
218000145,262,612,-350
218000146,80,261,-181
218000151,12,45,-33
218000152,97,78,19
218000153,7,5,2
218000154,14,1,13
218000155,13,2,11
218000156,56,45,11
218000157,22,39,-17
218000158,5,19,-14
218000159,5,2,3
218000160,1,12,-11
218000161,25,16,9
218000162,21,15,6
218000163,6,0,6
218000164,20,11,9
218000165,44,55,-11
218000170,4,37,-33
218000171,56,24,32
218000172,13,20,-7
218000173,58,27,31
218000174,43,15,28
218000176,124,43,81
218000177,329,264,65
218000178,64,302,-238
218000179,91,115,-24
218000180,79,24,55
218000181,189,89,100
218000187,4,28,-24
218000188,36,65,-29
218000189,22,129,-107
218000190,9,34,-25
218000191,58,155,-97
218000192,132,792,-660
218000193,383,853,-470
218000194,89,844,-755
218000195,127,158,-31
218000196,285,449,-164
218000197,283,628,-345
218000198,23,241,-218
218000199,45,59,-14
218000200,98,107,-9
218000201,30,23,7
218000202,318,235,83
218000207,4,129,-125
218000208,57,117,-60
218000211,51,12,39
218000212,4,17,-13
218000213,156,144,12
218000214,10,62,-52
218000215,69,170,-101
218000217,7,257,-250
218000218,367,186,181
218000219,87,48,39
218000220,243,561,-318
218000221,1524,219,1305
218000222,77,32,45
218000223,57,322,-265
218000224,2,111,-109
218000225,149,26,123
218000226,77,114,-37
218000230,0,4,-4
218000232,63,121,-58
218000239,112,10,102
218000240,5,5,0
218000241,30,1,29
218000242,75,9,66
218000243,86,1,85
218000244,48,3,45
218000245,14,1,13
218000246,1,1,0
218000247,1,1,0
218000248,1,39,-38
218000249,0,3,-3
218000250,13,32,-19
218000251,4,30,-26
218000252,0,27,-27
218000253,6,28,-22
218000254,1,12,-11
218000255,0,19,-19
218000256,11,68,-57
218000267,1370,1620,-250
218000268,18,99,-81
218000269,2,11,-9
218000270,31,51,-20
218000271,25,61,-36
218000273,10,32,-22
218000274,16,14,2
218000275,14,40,-26
218000276,8,75,-67
218000278,18,33,-15
218000279,30,45,-15
218000280,15,17,-2
218000281,27,18,9
218000282,642,362,280
218000284,297,28,269
218000301,99,130,-31
218000302,119,124,-5
218000303,30,131,-101
218000316,658,1567,-909
218000317,693,1460,-767
218000318,373,1087,-714
218000319,883,2648,-1765
218000320,751,1143,-392
218000338,86,48,38
218000345,96,87,9
218000346,64,195,-131
218000459,76,609,-533
218000490,78,64,14
218000501,74,66,8
218000502,43,128,-85
218000503,66,14,52
218000504,139,27,112
218000505,76,219,-143
218000506,37,272,-235
218000508,3,3,0
218000510,177,6,171
218000520,188,135,53
218000521,10,143,-133
218000522,0,255,-255
218000523,141,5,136
218000524,49,317,-268
218000525,106,11,95
218000526,29,174,-145
218000529,41,706,-665
218000530,6,6,0
218000531,15,21,-6
218000532,13,37,-24
218000534,125,24,101
218000537,34,82,-48
218000538,118,191,-73
218000540,258,79,179
218000543,98,63,35
218000544,68,233,-165
218000545,43,92,-49
218000546,47,218,-171
218000547,165,160,5
218000548,122,392,-270
218000549,367,290,77
218000550,235,784,-549
218000551,228,857,-629
218000552,628,107,521
218000553,30,97,-67
218000554,16,28,-12
218000555,38,41,-3
218000556,89,740,-651
218000557,246,185,61
218000558,82,2,80
218000559,0,43,-43
218000560,0,21,-21
218000561,11,0,11
218000562,30,275,-245
218000563,242,48,194
218000564,20,159,-139
218000565,198,37,161
218000566,373,47,326
218000567,2,62,-60
218000568,37,5,32
218000569,13,302,-289
218000570,226,7,219
218000571,0,138,-138
218000572,126,2,124
218000573,30,156,-126
218000574,143,59,84
218000575,72,0,72
218000576,2,76,-74
218000577,147,1,146
218000578,0,96,-96
218000579,51,7,44
218000581,7,135,-128
218000582,53,11,42
218000583,14,0,14
218000584,0,41,-41
218000585,20,3,17
218000586,8,55,-47
218000587,2,4,-2
218000588,3,3,0
218000589,0,2,-2
218000590,2,1,1
218000591,6,9,-3
218000592,4,0,4
218000593,0,0,0
218000594,0,0,0
218000595,0,0,0
218000596,0,0,0
218000597,0,0,0
218000598,2,0,2
218000599,1,1,0
218000600,1,0,1
218000601,0,1,-1
218000602,0,7,-7
218000603,0,5,-5
218000604,9,0,9
218000605,0,29,-29
218000606,80,0,80
218000607,18,67,-49
218000608,98,18,80
218000609,3,53,-50
218000610,135,10,125
218000611,42,9,33
218000612,0,46,-46
218000613,53,1,52
218000614,1,54,-53
218000615,123,2,121
218000616,19,277,-258
218000617,17,8,9
218000618,0,22,-22
218000619,33,45,-12
218000620,9,50,-41
218000621,0,4,-4
218000622,2,13,-11
218000623,23,3,20
218000624,3,9,-6
218000625,52,3,49
218000626,0,8,-8
218000628,91,73,18
218000631,12,33,-21
218000632,1,111,-110
218000633,64,1,63
218000634,1,14,-13
218000635,10,19,-9
218000636,923,2732,-1809
218000637,1087,791,296
218000638,162,170,-8
218000639,15,351,-336
218000640,170,89,81
218000641,42,596,-554
218000652,125,278,-153
218000653,158,127,31
218000663,11,255,-244
218000675,70,45,25
218000676,6,56,-50
218000677,4,8,-4
218000680,160,1107,-947
218000681,330,122,208
218000691,121,806,-685
218000693,137,164,-27
218000703,6,132,-126
218000718,1440,931,509
218000719,1895,361,1534
218000720,12,124,-112
218000721,97,16,81
218000725,9,10,-1
218001214,33,41,-8
218001329,131,136,-5
218001330,98,135,-37
218001351,28,28,0
218001352,37,23,14
218001353,19,11,8
218001354,5,22,-17
218001355,25,5,20
218001357,15,4,11
219000001,36,93,-57
219000002,43,133,-90
219000003,36,28,8
219000004,69,64,5
219000017,250,37,213
219000020,66,48,18
219000022,122,14,108
219000023,103,2,101
219000029,0,105,-105
219000034,35,8,27
219000039,45,109,-64
219000040,83,34,49
219000041,124,33,91
219000051,0,86,-86
219000052,0,23,-23
219000053,1,263,-262
219000054,39,253,-214
219000055,81,1,80
219000056,33,0,33
219000057,68,1,67
219000062,14,420,-406
219000063,77,20,57
219000064,1,75,-74
219000110,306,57,249
219000111,77,41,36
219000112,198,86,112
219000113,162,46,116
219000114,292,93,199
219000116,70,76,-6
219000117,182,212,-30
219000118,155,117,38
219000123,533,144,389
219000124,124,109,15
219000125,9,24,-15
219000126,79,173,-94
219000127,0,5,-5
219000128,9,165,-156
219000129,22,219,-197
219000130,948,989,-41
219000131,564,874,-310
219000133,68,40,28
219000134,9,21,-12
219000135,36,73,-37
219000136,164,154,10
219000138,61,32,29
219000139,23,113,-90
219000140,54,2,52
219000141,16,135,-119
219000142,27,140,-113
219000143,10,123,-113
219000145,20,85,-65
219000146,3,70,-67
219000147,0,88,-88
219000148,0,101,-101
219000149,28,264,-236
219000150,6,185,-179
219000151,4,137,-133
219000157,133,186,-53
219000158,202,324,-122
219000161,183,13,170
219000163,2057,509,1548
219000166,84,246,-162
219000167,79,351,-272
219000168,270,92,178
219000174,264,154,110
219000175,46,1,45
219000176,42,4,38
219000177,32,3,29
219000178,20,1,19
219000179,7,9,-2
219000180,36,39,-3
219000182,120,23,97
219000183,33,53,-20
219000184,108,39,69
219000185,2,132,-130
219000186,57,73,-16
219000187,34,199,-165
219000189,212,278,-66
219000190,197,363,-166
219000191,1480,1645,-165
219000192,166,140,26
219000193,727,164,563
219000195,1,87,-86
219000196,6,200,-194
219000198,30,234,-204
219000199,155,242,-87
219000200,45,206,-161
219000201,82,364,-282
219000203,34,212,-178
219000204,99,294,-195
219000205,71,277,-206
219000207,145,421,-276
219000209,17,114,-97
219000210,125,146,-21
219000213,9,669,-660
219000239,193,287,-94
219000240,231,595,-364
219000241,101,357,-256
219000242,39,342,-303
219000243,129,544,-415
219000244,72,174,-102
219000245,39,122,-83
219000246,48,37,11
219000247,92,39,53
219000248,427,327,100
219000249,96,52,44
219000250,119,116,3
219000251,452,237,215
219000252,235,159,76
219000253,277,57,220
219000255,64,96,-32
219000256,130,78,52
219000257,72,47,25
219000262,79,313,-234
219000263,41,332,-291
219000267,3,224,-221
219000268,2,3,-1
219000269,3,7,-4
219000270,16,1,15
219000271,95,2,93
219000278,0,23,-23
219000279,0,4,-4
219000283,0,14,-14
219000295,6,124,-118
219000296,105,874,-769
219000297,15,251,-236
219000298,21,395,-374
219000299,461,120,341
219000300,25,387,-362
219000301,317,387,-70
219000302,32,262,-230
219000307,38,71,-33
219000308,49,40,9
219000311,177,45,132
219000312,443,61,382
219000313,262,42,220
219000314,100,825,-725
219000315,207,42,165
219000316,454,47,407
219000317,76,49,27
219000320,1,53,-52
219000321,1,19,-18
219000323,3,133,-130
219000325,1,42,-41
219000326,80,160,-80
219000327,53,52,1
219000328,39,71,-32
219000329,337,139,198
219000330,32,31,1
219000331,49,31,18
219000332,66,115,-49
219000333,10,10,0
219000335,88,6,82
219000337,20,0,20
219000338,53,20,33
219000344,34,89,-55
219000345,74,236,-162
219000346,58,236,-178
219000348,143,344,-201
219000349,61,461,-400
219000350,57,154,-97
219000351,11,6,5
219000352,299,59,240
219000353,140,52,88
219000354,151,169,-18
219000355,140,44,96
219000356,1639,865,774
219000363,294,41,253
219000364,77,35,42
219000365,103,13,90
219000366,218,223,-5
219000368,421,509,-88
219000370,1204,264,940
219000371,5,15,-10
219000382,12,22,-10
219000383,839,1236,-397
219000385,744,703,41
219000386,1365,2124,-759
219000387,7,7,0
219000390,8,13,-5
219000391,2,0,2
219000397,76,104,-28
219000398,91,70,21
219000401,16,127,-111
219000402,19,125,-106
219000403,151,188,-37
219000404,20,104,-84
219000407,2,51,-49
219000409,38,48,-10
219000410,79,24,55
219000411,74,13,61
219000446,302,831,-529
219000447,0,21,-21
219000448,11,3,8
219000452,88,75,13
219000453,75,152,-77
219000454,356,212,144
219000556,137,103,34
219000558,111,490,-379
219000590,18,299,-281
219000591,44,130,-86
219000592,132,484,-352
219000595,3,65,-62
219000635,88,34,54
219000636,50,133,-83
219000657,19,16,3
219000658,47,82,-35
219000673,0,22,-22
219000676,53,27,26
219000679,64,12,52
219000684,65,3,62
219000685,2,146,-144
219000686,2,0,2
219000688,0,114,-114
219000689,85,354,-269
219000690,199,39,160
219000691,96,156,-60
219000692,180,34,146
219000693,1,23,-22
219000694,21,0,21
219000695,25,8,17
219000698,116,0,116
219000699,0,19,-19
219000727,6,308,-302
219000728,59,2,57
219000770,56,3,53
219000771,0,51,-51
219000788,201,217,-16
219001150,1,29,-28
219001151,2,8,-6
219001166,47,17,30
219001167,3,119,-116
219001178,35,1,34
220000001,56,51,5
220000002,9,229,-220
220000003,526,415,111
220000004,767,844,-77
220000005,1643,2498,-855
220000006,195,1277,-1082
220000007,416,889,-473
220000008,448,1543,-1095
220000009,282,879,-597
220000010,183,277,-94
220000011,1101,3603,-2502
220000012,195,459,-264
220000014,105,57,48
220000015,54,250,-196
220000017,70,704,-634
220000018,10023,3237,6786
220000019,95,368,-273
220000020,490,306,184
220000021,455,318,137
220000022,503,680,-177
220000023,243,173,70
220000024,1878,416,1462
220000025,861,1052,-191
220000026,261,272,-11
220000027,14,105,-91
220000028,29,41,-12
220000029,95,392,-297
220000030,149,128,21
220000031,336,411,-75
220000064,34,1708,-1674
221000046,34,22,12
221000047,0,3,-3
221000048,0,6,-6
221000049,0,21,-21
221000050,16,0,16
221000055,49,63,-14
221000057,77,10,67
221000068,381,183,198
221000069,336,78,258
221000070,245,24,221
221000071,92,16,76
221000072,210,19,191
221000073,217,53,164
221000074,2,17,-15
221000075,22,25,-3
221000076,9,48,-39
221000077,49,84,-35
221000081,69,16,53
221000082,55,11,44
221000083,35,4,31
221000084,2,7,-5
221000085,14,93,-79
221000086,17,195,-178
221000087,13,305,-292
221000088,17,308,-291
221000089,34,500,-466
221000090,130,770,-640
221000098,77,14,63
221000099,126,26,100
221000100,41,13,28
221000101,180,23,157
221000102,123,27,96
221000109,7,125,-118
221000110,16,118,-102
221000111,16,210,-194
221000112,3,203,-200
221000113,14,258,-244
221000114,11,215,-204
221000120,58,70,-12
221000121,5,44,-39
221000122,77,38,39
221000123,11,29,-18
221000124,36,553,-517
221000155,104,17,87
221000156,38,38,0
221000175,0,8,-8
221000176,1,3,-2
221000182,37,5,32
221000241,537,284,253
221000242,348,545,-197
221000243,424,121,303
221000244,370,591,-221
221000245,44,90,-46
221000246,37,327,-290
221000247,69,119,-50
221000248,151,170,-19
221000267,95,1317,-1222
221000325,56,97,-41
221000331,6,205,-199
221000338,25,31,-6
221000378,142,37,105
221000381,81,148,-67
222000282,12,2,10
222000296,7,35,-28
222000568,379,28,351
222000569,69,35,34
222000570,128,20,108
222000571,275,19,256
222000577,12,492,-480
222000578,39,353,-314
222000579,43,181,-138
222000580,273,1341,-1068
222000599,1,201,-200
222000600,1,432,-431
222000601,5,1232,-1227
222000603,18,35,-17
222000604,9,39,-30
222000605,9,21,-12
222000606,4,10,-6
222000607,11,3,8
222000608,25,28,-3
222000609,48,541,-493
222000616,203,43,160
222000617,9,16,-7
222000618,8,10,-2
222000620,53,12,41
222000621,62,16,46
222000623,378,6,372
222000624,215,8,207
222000625,353,66,287
222000636,81,1,80
222000686,29,19,10
222000687,25,33,-8
222001066,757,1,756
222001067,11,27,-16
222001068,37,221,-184
222001069,25,159,-134
222001082,4,69,-65
222001083,20,98,-78
222001084,0,16,-16
222001085,1,228,-227
222001111,30,333,-303
222001112,43,90,-47
222001313,41,3,38
222001314,4,113,-109
222001464,114,57,57
222001465,18,233,-215
222001484,50,54,-4
222001485,20,82,-62
222001494,261,161,100
222001495,100,810,-710
222001496,203,80,123
222001497,81,1057,-976
222001502,21,149,-128
222001503,106,42,64
222001504,30,409,-379
222001505,283,22,261
222001506,39,350,-311
222001507,254,27,227
222001510,285,40,245
222001511,52,689,-637
222001514,498,230,268
222001515,298,1068,-770
222001518,142,74,68
222001519,49,576,-527
222001527,172,99,73
222001528,66,297,-231
222001529,160,61,99
222001530,67,417,-350
222001533,189,574,-385
222001534,228,85,143
222001535,153,180,-27
222001536,135,733,-598
222001537,198,37,161
222001538,79,1106,-1027
222001563,338,97,241
222001564,70,1243,-1173
222001568,258,154,104
222001576,0,3,-3
222001579,5,3,2
222001583,15,415,-400
222001584,59,6,53
222001596,787,2636,-1849
222001597,993,278,715
222001626,2,253,-251
222001650,58,65,-7
222001651,64,294,-230
222001914,211,102,109
222001915,106,377,-271
222001968,338,180,158
222001969,423,1708,-1285
222001970,143,512,-369
222001971,31,126,-95
222001972,2,33,-31
225000001,429,146,283
225000002,298,100,198
225000003,347,104,243
225000004,202,253,-51
225000005,29,65,-36
225000006,0,182,-182
225000007,4678,1540,3138
225000010,173,4,169
225000011,660,1152,-492
225000012,162,691,-529
225000013,114,251,-137
225000014,936,98,838
225000015,156,316,-160
225000021,628,252,376
225000027,285,682,-397
225000032,602,194,408
225000042,109,1080,-971
225000049,73,84,-11
225000050,45,17,28
225000053,4,393,-389
225000058,595,218,377
225000067,163,340,-177
225000068,110,773,-663
225000069,172,765,-593
225000070,92,739,-647
225000071,29,445,-416
225000075,48,1608,-1560
225000076,70,177,-107
225000078,103,43,60
225000085,35,111,-76
225000086,284,50,234
225000087,178,22,156
225000088,25,209,-184
225000089,326,1019,-693
225000090,31,546,-515
225000091,147,320,-173
225000092,38,79,-41
225000093,159,609,-450
225000094,20,660,-640
225000095,298,952,-654
225000096,356,818,-462
225000098,567,228,339
225000099,241,139,102
225000100,170,128,42
225000104,99,604,-505
225000110,7,656,-649
225000111,301,1729,-1428
225000112,651,1431,-780
225000113,163,797,-634
225000114,70,414,-344
225000115,3666,839,2827
225000116,1096,164,932
225000117,1233,376,857
225000118,922,357,565
225000119,215,135,80
225000120,546,70,476
225000121,209,22,187
225000123,1393,31,1362
225000125,363,354,9
225000126,1242,208,1034
225000127,873,797,76
225000128,335,618,-283
225000132,240,36,204
225000133,302,46,256
225000134,590,131,459
225000135,37,16,21
225000136,209,16,193
225000137,122,49,73
225000138,377,37,340
225000143,137,214,-77
225000144,2,415,-413
225000145,19,47,-28
225000146,45,170,-125
225000147,20,503,-483
225000148,12,385,-373
225000149,79,641,-562
225000151,38,345,-307
225000155,328,630,-302
225000156,335,1052,-717
225000157,237,576,-339
225000158,72,699,-627
225000171,6,227,-221
225000180,93,89,4
225000181,0,87,-87
225000182,122,17,105
225000185,7,544,-537
225000187,57,700,-643
225000191,86,1,85
225000194,0,8,-8
225000208,2,55,-53
225000209,83,23,60
225000210,9,373,-364
225000217,0,22,-22
225000218,9,1,8
225000223,0,138,-138
225000224,587,3,584
225000225,2,56,-54
225000226,117,4,113
225000227,41,110,-69
225000228,34,9,25
225000229,0,108,-108
225000230,10,0,10
225000231,0,78,-78
225000232,122,0,122
225000241,97,2,95
225000242,0,53,-53
225000249,11,0,11
225000250,43,1157,-1114
225000251,366,27,339
225000254,9,38,-29
225000256,8,101,-93
225000257,2,61,-59
226000042,583,746,-163
226000043,94,405,-311
226000044,144,1134,-990
226000045,66,627,-561
226000046,482,79,403
226000047,302,82,220
226000048,330,61,269
226000049,254,136,118
226000070,0,120,-120
226000071,0,121,-121
226000072,0,21,-21
226000073,2,13,-11
226000074,0,9,-9
226000084,2,78,-76
226000085,6,8,-2
226000086,11,18,-7
226000087,5,25,-20
226000088,44,22,22
226000090,127,47,80
226000091,28,17,11
226000092,5,9,-4
226000093,28,2,26
226000094,50,0,50
226000095,27,1,26
226000105,18,2,16
226000106,7,0,7
226000107,7,0,7
226000108,18,0,18
226000109,75,0,75
226000124,138,81,57
226000134,344,607,-263
226000135,781,760,21
226000136,258,476,-218
226000137,13,749,-736
226000138,5,491,-486
226000139,1,25,-24
226000156,67,4,63
226000157,175,10,165
226000163,118,52,66
226000202,6,725,-719
226000231,155,12,143
226000232,42,7,35
227000033,243,55,188
227000036,187,59,128
227000037,150,48,102
227000038,141,40,101
227000084,1,62,-61
227000085,1,29,-28
227000088,76,6,70
227000089,79,1,78
227000090,40,0,40
227000091,10,0,10
227000092,10,1,9
227000093,128,2,126
227000094,7,0,7
227000130,36,61,-25
227000131,12,280,-268
227000132,12,263,-251
227000133,9,296,-287
227000134,6,412,-406
227000152,0,1,-1
227000153,0,44,-44
227000154,1,20,-19
227000155,4,16,-12
227000156,0,33,-33
227000165,2,21,-19
227000196,242,688,-446
227000199,137,1194,-1057
227000230,54,1203,-1149
227000232,231,28,203
227000242,34,470,-436
227000243,270,79,191
227000245,17,501,-484
227000246,62,535,-473
227000247,206,106,100
227000248,90,20,70
227000249,26,213,-187
227000250,328,130,198
227000251,150,211,-61
227000252,15,410,-395
227000253,63,18,45
227000262,229,44,185
227000266,663,13,650
227000267,61,4890,-4829
227000282,13,466,-453
227000284,230,32,198
227000286,3,148,-145
227000291,22,1256,-1234
227000296,249,597,-348
227000484,223,24,199
227000485,27,1656,-1629
227000655,86,94,-8
227000656,646,50,596
227000657,40,29,11
227000704,181,13,168
229000265,6,12,-6
229000266,4,0,4
229000267,18,0,18
229000268,35,0,35
229000269,80,0,80
229000274,0,34,-34
229000275,0,33,-33
229000276,3,25,-22
229000277,3,6,-3
229000278,2,9,-7
229000295,22,26,-4
229000296,24,11,13
229000297,18,92,-74
229000298,8,324,-316
229000320,9,19,-10
229000321,35,17,18
229000412,40,119,-79
229000414,10,79,-69
229000415,11,1,10
229000416,4,2,2
229000417,5,17,-12
229000419,138,330,-192
229000440,357,117,240
229000442,30,18,12
229000443,12,6,6
229000444,3,39,-36
229000445,39,24,15
229000446,131,35,96
229000491,1,25,-24
229000492,4,228,-224
229000493,4,191,-187
229000494,28,2,26
229000495,64,14,50
229000496,22,11,11
229000507,0,41,-41
229000508,0,49,-49
229000509,1,66,-65
229000510,0,53,-53
229000511,0,83,-83
229000512,2,57,-55
229000513,0,9,-9
229000514,1,4,-3
229000517,1,11,-10
229000518,10,39,-29
229000519,1,13,-12
229000520,4,34,-30
229000521,23,21,2
229000522,2,11,-9
229000523,4,17,-13
229000524,1,0,1
229000527,3,1,2
229000528,0,0,0
229000529,18,0,18
229000530,57,4,53
229000531,18,4,14
229000532,22,4,18
229000533,73,1,72
229000534,70,2,68
229000564,65,0,65
229000565,15,0,15
229000566,0,12,-12
229000567,0,108,-108
229000582,133,5,128
229000583,1,5,-4
229000584,0,72,-72
229000585,0,58,-58
229000718,1,6,-5
229000719,0,2,-2
229000720,0,6,-6
229000721,0,25,-25
229000722,0,37,-37
229000723,0,18,-18
229000724,0,1,-1
229000725,0,17,-17
229000738,3,0,3
229000739,1,0,1
229000740,1,0,1
229000741,12,0,12
229000742,3,0,3
229000743,7,0,7
229000744,5,0,5
229000745,1,0,1
229000746,25,0,25
229000847,24,0,24
229000848,16,0,16
229000849,71,1,70
229000851,26,1,25
229000854,0,92,-92
229000856,3,243,-240
229000857,0,68,-68
229000858,0,153,-153
229000919,24,127,-103
229000930,10,440,-430
229000937,56,18,38
229000966,43,44,-1
229000981,24,79,-55
229000985,12,54,-42
229000986,4,12,-8
229000987,0,2,-2
229000988,1,9,-8
229000989,12,11,1
229000990,0,5,-5
229000991,2,1,1
229000992,21,20,1
229000993,320,51,269
229000998,16,64,-48
229000999,61,38,23
229001034,1,28,-27
229001035,45,0,45
229001036,5,76,-71
229001037,50,1,49
229001038,0,6,-6
229001039,4,0,4
229001040,0,114,-114
229001041,71,0,71
229001042,11,30,-19
229001047,8,116,-108
229001050,53,23,30
229001168,0,28,-28
229001200,20,4,16
229001338,8,20,-12
229001394,240,0,240
229001422,62,35,27
229001423,61,179,-118
229001431,67,51,16
229001432,55,124,-69
229001444,179,134,45
229001445,50,228,-178
229001479,12,11,1
229001503,131,77,54
229001504,108,370,-262
229001505,94,48,46
229001506,76,314,-238
229001509,63,2,61
229001510,10,61,-51
229001545,67,2,65
229001546,5,108,-103
229001553,34,17,17
229001554,34,133,-99
229001630,82,20,62
229001631,19,46,-27
229001635,0,9,-9
229001636,3,1,2
229001658,3,178,-175
229001659,90,4,86
229001660,5,2,3
229001661,3,25,-22
229001662,108,1,107
229001663,0,24,-24
229002584,288,331,-43
229002831,343,178,165
229002841,2,26,-24
229002842,9,27,-18
229002843,70,43,27
229002844,36,77,-41
229002845,14,82,-68
229002846,18,26,-8
229002847,1,13,-12
229002848,2,13,-11
229002849,2,85,-83
229002850,6,0,6
229002851,36,145,-109
229002852,105,32,73
229002853,97,24,73
229002854,33,58,-25
229002855,18,34,-16
229002856,32,28,4
229002857,7,66,-59
229002858,13,7,6
229002859,61,45,16
229002860,69,12,57
229002861,82,62,20
229002862,35,80,-45
229002863,13,34,-21
229002864,18,49,-31
229002865,32,15,17
229002866,26,30,-4
229002867,8,16,-8
229002868,13,20,-7
229002869,3,192,-189
229002870,48,13,35
235000066,347,142,205
235000067,116,193,-77
235000072,21,95,-74
235000073,31,425,-394
235000074,20,112,-92
235000080,63,101,-38
235000081,121,249,-128
235000082,82,97,-15
235000083,137,111,26
235000084,43,76,-33
235000085,56,82,-26
235000089,20,48,-28
235000092,7,189,-182
235000093,14,4,10
235000097,6,7,-1
235000098,50,23,27
235000099,28,58,-30
235000116,42,42,0
235000117,1088,15,1073
235000133,21,343,-322
235000134,7,115,-108
235000206,2,5,-3
235000207,4,3,1
235000208,2,1,1
235000209,10,0,10
235000210,9,2,7
235000212,6,31,-25
235000213,0,8,-8
235000220,1,2,-1
235000221,34,11,23
235000238,9,30,-21
235000239,1,6,-5
235000242,221,277,-56
235000245,845,205,640
235000246,8,84,-76
235000284,13,155,-142
235000295,133,20,113
235000305,149,24,125
235000306,110,4,106
235000307,24,3,21
235000308,39,1,38
235000309,31,0,31
235000310,45,1,44
235000311,51,3,48
235000322,1,88,-87
235000323,0,134,-134
235000324,2,26,-24
235000325,1,19,-18
235000326,15,424,-409
235000351,4,90,-86
235000352,25,64,-39
235000353,4,38,-34
235000354,7,132,-125
235000355,16,128,-112
235000356,82,17,65
235000357,14,19,-5
235000358,35,26,9
235000359,5,0,5
235000360,55,9,46
235000361,36,6,30
235000381,56,328,-272
235000382,105,58,47
235000390,18,6,12
235000391,57,17,40
235000392,66,194,-128
235000393,49,103,-54
235000395,75,29,46
235000396,223,76,147
235000400,168,35,133
235000401,114,259,-145
235000405,112,332,-220
235000406,43,425,-382
235000407,61,136,-75
235000409,198,208,-10
235000410,37,315,-278
235000411,1,104,-103
235000485,0,19,-19
235000486,7,0,7
235000549,44,120,-76
235000550,66,260,-194
235000599,70,104,-34
235000600,5,22,-17
235000601,26,39,-13
235000602,40,186,-146
235000614,0,2,-2
235000648,1,24,-23
235000649,49,4,45
235000685,0,5,-5
235000815,9,35,-26
235000834,0,5,-5
235000855,36,54,-18
235000862,37,262,-225
235000891,0,9,-9
235000892,28,2,26
235000901,48,125,-77
235000907,7,19,-12
235001010,36,110,-74
235001029,654,507,147
235001030,280,229,51
235001078,44,68,-24
235001079,67,145,-78
235001147,7,39,-32
235001166,16,120,-104
235001167,45,71,-26
235001169,37,509,-472
235001188,0,4,-4
235001189,0,0,0
235001197,60,24,36
235001200,44,27,17
235001207,138,32,106
235001210,17,184,-167
235001215,46,190,-144
235001239,3,54,-51
235001244,0,9,-9
235016267,0,39,-39
277101746,0,1,-1
277102712,17,23,-6
277103813,0,0,0
277103814,0,0,0
277103898,0,7,-7
277104249,0,2,-2
277104250,0,18,-18
277104251,0,21,-21
277104252,0,7,-7
990011530,0,273,-273
990014944,4,676,-672
990015176,11,10,1
990015618,1,158,-157
990016032,1,1114,-1113
990032570,5,386,-381
990070001,112,50,62
990070103,0,4,-4
990070601,2,161,-159
990070751,347,0,347
990070766,4,1250,-1246
990071180,968,316,652
990071343,110,110,0
990071387,0,14,-14
990071823,422,3,419
990072600,3,960,-957
990072964,4,805,-801
990073285,0,0,0
990074393,4,2022,-2018
990074870,917,9,908
990075106,729,4,725
990075746,384,4,380
990076437,673,2,671
990076458,3,2155,-2152
997000007,273,14,259
997000041,0,173,-173
997000058,60,0,60
997000062,135,57,78
997000069,0,10,-10
997000070,1,257,-256
997000100,38,1,37
997000141,16,3536,-3520
997000198,5,1715,-1710
998000475,1,37,-36
998000736,2,519,-517
998000965,0,7,-7
998001031,0,58,-58
998001700,0,52,-52
998001899,0,1,-1
998001900,10,5,5
998003073,1001,33,968
998101900,0,0,0
998102850,6,120,-114
998501927,752,501,251
998501929,98,4,94
998501930,95,0,95
998501931,170,63,107
998501932,22,15,7
998501933,96,27,69
998501937,10,0,10
998501944,10,1,9
998501950,0,0,0
998501970,81,35,46
998501971,0,109,-109
998501973,2,161,-159
998501974,2,315,-313
998501975,426,42,384
998501976,47,1,46
998501977,0,25,-25
998501978,33,0,33
998501979,0,12,-12
998501980,84,3,81
998501981,16,12,4
998501982,1,169,-168
998502006,0,0,0
998502024,0,1,-1
998502032,0,5,-5
998502062,29,58,-29
998502063,0,0,0
998502173,20,0,20
998502269,0,2,-2
998601159,3,453,-450
998601292,0,36,-36
999033574,1,639,-638
999800001,46,6,40
999800002,0,4,-4
999800003,7,2,5
999800004,0,4,-4
999800005,0,16,-16
