ID,insum,outsum,diff
100000001,500,548,-48
100000002,3732,643,3089
100000003,7670,2560,5110
100000004,1758,824,934
100000005,1659,2844,-1185
100000006,513,86,427
100000007,1416,420,996
100000008,268,624,-356
100000009,336,200,136
100000010,33,44,-11
100000011,464,60,404
100000012,65,892,-827
100000013,25,191,-166
100000014,327,355,-28
100000015,1235,1229,6
100000016,1211,1516,-305
100000017,858,1107,-249
100000018,1556,559,997
100000019,5570,1628,3942
100000020,2101,4363,-2262
100000021,7811,2473,5338
100000022,1906,827,1079
100000023,7439,1060,6379
100000025,3315,506,2809
100000028,2064,876,1188
100000029,360,182,178
100000030,619,58,561
100000031,6317,6336,-19
100000032,2612,3395,-783
100000033,823,2064,-1241
100000034,943,332,611
100000035,1886,746,1140
100000036,3375,907,2468
100000037,432,450,-18
100000038,1067,856,211
100000039,920,185,735
100000040,161,144,17
100000041,704,335,369
100000042,548,321,227
100000043,560,269,291
100000044,497,789,-292
100000045,460,1640,-1180
100000046,826,1572,-746
100000047,520,1045,-525
100000048,1148,683,465
100000049,1810,2880,-1070
100000051,338,1246,-908
100000053,26,2,24
100000054,127,21,106
100000055,445,285,160
100000056,205,570,-365
100000057,1643,800,843
100000058,1109,1533,-424
100000059,4,180,-176
100000060,214,306,-92
100000061,1539,557,982
100000062,1299,512,787
100000063,351,295,56
100000064,792,379,413
100000065,399,1400,-1001
100000066,173,1119,-946
100000067,418,921,-503
100000068,594,1994,-1400
100000069,309,1972,-1663
100000072,451,1512,-1061
100000073,1255,1392,-137
100000075,528,262,266
100000076,2415,1792,623
100000077,831,133,698
100000078,112,28,84
100000079,60,41,19
100000080,9,8,1
100000081,50,42,8
100000102,2679,1224,1455
100000103,3757,735,3022
100000104,6153,1232,4921
100000105,4183,729,3454
100000106,3026,1483,1543
100000107,812,357,455
100000108,1074,980,94
100000109,4390,1123,3267
100000116,1683,580,1103
100000117,66,21,45
100000118,1245,997,248
100000119,605,669,-64
100000121,284,746,-462
100000122,1222,730,492
100000123,4085,4096,-11
100000124,7867,5568,2299
100000125,3073,728,2345
100000126,692,213,479
100000127,1828,326,1502
100000128,1546,1170,376
100000129,618,376,242
100000130,432,686,-254
100000131,4340,3106,1234
100000132,1655,1953,-298
100000133,9496,2843,6653
100000135,444,1096,-652
100000139,193,349,-156
100000140,241,298,-57
100000142,289,468,-179
100000143,944,658,286
100000144,4809,1035,3774
100000147,941,2134,-1193
100000150,14,511,-497
100000151,790,532,258
100000153,334,209,125
100000154,94,82,12
100000155,10,31,-21
100000156,75,54,21
100000157,28,421,-393
100000158,60,150,-90
100000159,341,350,-9
100000165,1197,593,604
100000169,932,405,527
100000174,2128,478,1650
100000179,63,642,-579
100000180,5929,1681,4248
100000181,97,400,-303
100000188,86,427,-341
100000189,1101,337,764
100000190,431,430,1
100000191,534,434,100
100000192,91,75,16
100000193,102,183,-81
100000330,2427,610,1817
100000355,178,618,-440
100000362,5332,3836,1496
100000363,2294,3452,-1158
100000364,432,125,307
100000365,3566,6856,-3290
100000366,4810,2378,2432
100000367,2979,3827,-848
100000368,2411,1997,414
100000369,1199,1351,-152
100000370,228,257,-29
100000376,103,77,26
100000379,2828,1105,1723
100000380,3666,1533,2133
100000384,5854,2354,3500
100000385,6610,3284,3326
100000386,10097,3025,7072
100000387,8406,3704,4702
100000388,11501,3937,7564
100000389,11639,4078,7561
100000390,10856,2761,8095
100000391,7560,4034,3526
100000392,3516,1328,2188
100000393,1588,1490,98
100000394,7625,3351,4274
100000395,4369,1211,3158
100000396,5618,1640,3978
100000397,3289,1744,1545
100000398,11893,7805,4088
100900002,3,65,-62
100900003,256,125,131
100900004,60,1114,-1054
100900005,109,8,101
100900006,14,275,-261
100900007,580,5,575
100900008,8,573,-565
100900009,25,38,-13
100900010,85,174,-89
100900011,37,428,-391
100900012,3,375,-372
100900013,1765,19,1746
100900014,2,17,-15
100900015,146,116,30
100900016,1,44,-43
100900017,805,77,728
100900018,1,23,-22
100900019,29,156,-127
100900020,293,3,290
100900021,323,2,321
100900022,4,20,-16
100900023,0,59,-59
100900024,1166,1,1165
100900025,14,18,-4
100900026,65,199,-134
100900027,553,2466,-1913
100900028,107,155,-48
100900029,63,17,46
100900030,0,13,-13
100900031,259,78,181
100900032,125,0,125
100900033,299,98,201
100900034,271,0,271
100900035,685,1,684
100900036,58,2,56
100900037,44,350,-306
100900038,64,30,34
100900039,440,856,-416
100900040,202,1162,-960
100900041,273,1132,-859
100900042,650,244,406
100900043,1,6,-5
100900044,3234,414,2820
100900045,46,0,46
100900046,1124,11,1113
100900047,1017,174,843
100900048,211,21,190
100900049,138,285,-147
100900050,4,33,-29
100900051,45,63,-18
100900052,167,24,143
100900053,190,32,158
100900054,2,108,-106
100900055,251,314,-63
100900056,87,326,-239
100900057,595,745,-150
100900058,195,21,174
100900059,45,3,42
100900060,74,12,62
100900061,315,275,40
100900062,4,79,-75
100900063,129,372,-243
100900064,642,13,629
100900065,84,60,24
100900066,25,71,-46
100900067,4,6,-2
100900068,93,169,-76
100900069,417,3,414
100900070,132,3,129
100900071,820,298,522
100900072,1,65,-64
100900073,62,670,-608
100900074,0,19,-19
100900075,2809,352,2457
100900076,73,62,11
100900077,12,231,-219
100900078,58,249,-191
100900079,2,34,-32
100900080,8,223,-215
100900081,20,102,-82
100900082,44,811,-767
100900083,0,56,-56
100900085,3,61,-58
100900086,98,918,-820
100900088,40,924,-884
100900089,7,34,-27
100900090,63,381,-318
100900091,1,40,-39
100900092,203,207,-4
100900093,87,628,-541
100900094,97,829,-732
100900095,4,36,-32
100900096,43,102,-59
100900097,3,5,-2
100900098,8,22,-14
100900099,37,705,-668
100900100,13,287,-274
100900101,442,31,411
100900102,138,58,80
100900103,6,10,-4
100900104,13,215,-202
100900105,6,96,-90
100900106,65,2,63
100900107,1866,504,1362
100900108,2,22,-20
100900109,8,36,-28
100900110,6,35,-29
100900111,59,178,-119
100900112,1,7,-6
100900113,7,17,-10
100900114,1,18,-17
100900115,0,36,-36
100900116,729,624,105
100900117,239,808,-569
100900118,216,125,91
100900119,1,27,-26
100900120,0,36,-36
100900121,228,432,-204
100900122,167,170,-3
100900123,117,114,3
100900124,3,5,-2
100900125,20,104,-84
100900126,75,222,-147
100900127,1,8,-7
100900128,95,108,-13
100900129,0,78,-78
100900131,74,139,-65
100900133,22,43,-21
100900134,0,6,-6
100900135,0,128,-128
100900137,343,166,177
100900138,415,351,64
100900139,3,4,-1
100900140,10,988,-978
100900141,1,319,-318
100900142,0,10,-10
100900143,978,256,722
100900144,14,7,7
100900145,29,153,-124
100900146,7,13,-6
100900147,12,217,-205
100900148,27,1133,-1106
100900149,21,122,-101
100900150,4,8,-4
100900151,111,634,-523
100900152,163,6,157
100900153,14,169,-155
100900154,11,33,-22
100900155,1,14,-13
100900156,26,3,23
100900157,5,106,-101
100900158,1115,369,746
100900159,0,20,-20
100900160,10,11,-1
100900161,138,0,138
100900162,10,202,-192
100900163,209,236,-27
100900164,14,56,-42
100900165,26,30,-4
100900166,45,4,41
100900167,9,108,-99
100900168,20,108,-88
100900169,267,1231,-964
100900170,50,12,38
100900171,20,834,-814
100900172,0,10,-10
100900173,5,705,-700
100900174,385,69,316
100900176,1292,87,1205
100900177,1032,287,745
100900178,342,132,210
100900179,75,65,10
100900180,1,2,-1
100900181,112,29,83
100900182,22,22,0
100900184,3,196,-193
100900186,1081,578,503
100900187,18,191,-173
100900188,24,17,7
100900189,854,147,707
100900191,1371,742,629
100900192,362,179,183
100900195,60,133,-73
100900197,11,142,-131
100900198,24,235,-211
100900199,20,12,8
100900200,769,391,378
100900201,75,1176,-1101
100900202,19,0,19
100900203,1,95,-94
100900204,1068,284,784
100900205,105,478,-373
100900206,70,85,-15
100900207,130,107,23
100900210,85,1248,-1163
100900211,323,85,238
100900213,31,18,13
100900214,1313,56,1257
100900215,10,55,-45
101000001,5212,2378,2834
101000002,4211,3741,470
101000003,958,2095,-1137
101000004,11040,7786,3254
101000005,6055,5036,1019
101000006,9681,7428,2253
101000007,2856,2981,-125
101000008,4341,3007,1334
101000009,1557,2507,-950
101000010,824,1743,-919
101000011,2465,851,1614
101000012,2011,617,1394
101000013,614,970,-356
101000014,691,858,-167
101000015,792,761,31
101000016,448,390,58
101000017,507,596,-89
101000018,4243,2758,1485
101000020,4174,1407,2767
101000021,1316,335,981
101000022,718,118,600
101000023,1947,808,1139
101000025,151,389,-238
101000026,496,36,460
101000027,2095,1695,400
101000028,258,107,151
101000029,70,906,-836
101000030,1083,78,1005
101000031,955,751,204
101000032,7614,2270,5344
101000033,2801,1838,963
101000034,3053,1119,1934
101000035,1418,535,883
101000036,1796,333,1463
101000037,5363,1028,4335
101000039,3949,1121,2828
101000040,5222,2878,2344
101000041,20032,3681,16351
101000042,1226,678,548
101000043,13516,3397,10119
101000045,2394,356,2038
101000046,2966,730,2236
101000047,1569,1298,271
101000048,1230,1150,80
101000049,1123,1076,47
101000050,3899,3708,191
101000051,4398,1486,2912
101000052,1771,577,1194
101000053,1209,2003,-794
101000054,2338,2268,70
101000055,1888,1017,871
101000056,68,49,19
101000057,3434,557,2877
101000058,2558,730,1828
101000059,4565,1566,2999
101000060,2386,251,2135
101000061,1401,788,613
101000062,1038,401,637
101000063,452,414,38
101000064,1092,321,771
101000065,143,252,-109
101000066,448,186,262
101000067,817,429,388
101000068,305,191,114
101000069,310,65,245
101000070,1703,1073,630
101000071,2197,782,1415
101000072,1138,4183,-3045
101000073,903,499,404
101000074,5689,3462,2227
101000075,7442,4508,2934
101000077,1367,1609,-242
101000078,1277,2036,-759
101000079,407,699,-292
101000080,663,531,132
101000081,1259,1206,53
101000082,4002,3026,976
101000083,1831,1728,103
101000084,1675,1262,413
101000085,1763,1084,679
101000086,1258,1076,182
101000087,1023,1486,-463
101000088,1001,1130,-129
101000089,922,1398,-476
101000090,2663,1725,938
101000091,333,2073,-1740
101000092,870,1303,-433
101000093,1550,897,653
101000094,677,1335,-658
101000095,253,908,-655
101000096,267,650,-383
101000097,1307,337,970
101000098,984,596,388
101000099,1409,1256,153
101000100,1242,646,596
101000101,405,494,-89
101000102,1076,293,783
101000103,955,535,420
101000104,339,447,-108
101000105,937,189,748
101000106,1141,608,533
101000107,212,330,-118
101000108,1813,477,1336
101000109,132,53,79
101000110,37,894,-857
101000111,150,199,-49
101000113,132,818,-686
101000114,4455,1420,3035
101000115,151,184,-33
101000116,275,299,-24
101000117,784,351,433
101000119,230,53,177
101000120,270,28,242
101000121,65,20,45
101000122,89,47,42
101000123,71,69,2
101000124,217,388,-171
101000125,170,448,-278
101000128,1306,439,867
101000130,289,324,-35
101000131,506,800,-294
101000132,365,1860,-1495
101000135,60,36,24
101000136,312,142,170
101000137,16,241,-225
101000141,2671,1768,903
101000147,757,518,239
101000148,2734,24,2710
101000149,190,98,92
101000150,53,1211,-1158
101000151,146,63,83
101000152,350,325,25
101000153,593,605,-12
101000154,117,2330,-2213
101000155,179,161,18
101000156,18,218,-200
101000157,50,37,13
101000160,62,49,13
101000163,203,64,139
101000164,466,376,90
101000165,196,398,-202
101000166,337,470,-133
101000168,703,399,304
101000252,1376,811,565
101000254,718,44,674
101000258,48,10,38
101000261,91,343,-252
101000262,862,815,47
101000263,265,1501,-1236
101000265,57,522,-465
101000266,384,286,98
101000269,162,10,152
101000290,2199,2938,-739
101000293,19,110,-91
101000294,509,628,-119
101000295,144,563,-419
101000301,866,227,639
101000304,1884,2258,-374
101000305,2591,1737,854
101900001,17,79,-62
101900002,0,13,-13
101900003,57,130,-73
101900004,3,40,-37
101900005,6808,1407,5401
101900006,949,22,927
101900007,499,43,456
101900008,157,245,-88
101900009,82,530,-448
101900010,1119,423,696
101900011,360,1391,-1031
101900012,116,422,-306
101900013,1599,119,1480
101900017,24,113,-89
101900018,2019,275,1744
101900019,310,149,161
101900020,387,155,232
101900021,1,59,-58
101900022,127,1871,-1744
101900023,159,277,-118
102000001,2285,4130,-1845
102000002,2836,1332,1504
102000003,3934,5068,-1134
102000004,10536,2869,7667
102000005,1362,2135,-773
102000006,2014,1681,333
102000007,1526,4325,-2799
102000008,7146,1913,5233
102000009,5921,7043,-1122
102000010,7226,4040,3186
102000011,2449,2285,164
102000012,3751,4039,-288
102000018,4018,2727,1291
102000019,3241,1672,1569
102000026,283,650,-367
102000029,451,192,259
102000030,86,345,-259
102000031,22,245,-223
102000032,239,432,-193
102000033,151,567,-416
102000034,737,546,191
102000035,1362,670,692
102000036,8,276,-268
102000037,176,96,80
102000038,171,60,111
102000039,172,47,125
102000040,524,80,444
102000041,196,190,6
102000042,244,126,118
102000043,416,199,217
102000044,325,534,-209
102000045,735,1348,-613
102000046,807,499,308
102000047,770,1282,-512
102000048,251,787,-536
102000049,821,588,233
102000050,947,1160,-213
102000051,381,576,-195
102000052,1388,927,461
102000053,689,874,-185
102000054,313,862,-549
102000055,643,1302,-659
102000056,515,1967,-1452
102000057,1448,691,757
102000058,1219,2475,-1256
102000059,1257,1873,-616
102000060,1067,1210,-143
102000061,1191,2911,-1720
102000062,992,1526,-534
102000063,1221,1573,-352
102000064,456,634,-178
102000065,36,144,-108
102000066,870,1177,-307
102000067,2331,3028,-697
102000068,10432,2824,7608
102000069,59,2244,-2185
102000070,2107,80,2027
102000071,7247,9656,-2409
102000072,3143,5480,-2337
102000073,1365,1597,-232
102000074,874,1055,-181
102000075,191,362,-171
102000076,194,624,-430
102000077,323,1508,-1185
102000078,773,1117,-344
102000079,117,318,-201
102000080,207,265,-58
102000081,294,867,-573
102000082,693,363,330
102000083,311,816,-505
102000084,143,487,-344
102000085,1710,1616,94
102000086,1129,1783,-654
102000087,829,2345,-1516
102000088,227,286,-59
102000089,977,519,458
102000090,451,1407,-956
102000091,1474,441,1033
102000092,555,1119,-564
102000093,577,577,0
102000094,1316,543,773
102000095,1133,1484,-351
102000096,1519,937,582
102000097,1558,1581,-23
102000098,568,1270,-702
102000099,1099,603,496
102000100,984,989,-5
102000101,1311,451,860
102000102,384,1924,-1540
102000103,1275,377,898
102000104,1098,370,728
102000105,191,896,-705
102000106,581,965,-384
102000107,735,710,25
102000108,468,325,143
102000109,312,716,-404
102000110,466,2063,-1597
102000111,10,394,-384
102000112,128,83,45
102000113,8,32,-24
102000114,1138,419,719
102000115,151,197,-46
102000116,596,244,352
102000117,317,567,-250
102000118,1825,930,895
102000119,2800,587,2213
102000120,147,529,-382
102000121,990,674,316
102000122,511,825,-314
102000123,1670,1303,367
102000124,1495,984,511
102000125,1064,1068,-4
102000126,695,765,-70
102000127,997,775,222
102000128,550,1215,-665
102000129,1167,1056,111
102000130,404,1012,-608
102000131,2470,1241,1229
102000132,948,1765,-817
102000133,1240,2622,-1382
102000134,411,915,-504
102000135,1010,800,210
102000136,1260,512,748
102000137,1482,889,593
102000138,413,505,-92
102000139,168,391,-223
102000140,453,254,199
102000141,573,523,50
102000142,207,467,-260
102000143,113,614,-501
102000144,164,534,-370
102000145,296,422,-126
102000146,315,399,-84
102000147,392,461,-69
102000148,167,272,-105
102000149,116,797,-681
102000150,184,256,-72
102000151,96,454,-358
102000152,94,166,-72
102000153,811,348,463
102000154,423,657,-234
102000155,70,275,-205
102000156,419,46,373
102000157,104,183,-79
102000158,287,225,62
102000159,1862,338,1524
102000161,5702,1548,4154
102000162,144,103,41
102000163,159,561,-402
102000164,1225,853,372
102000165,229,130,99
102000166,21,111,-90
102000167,208,187,21
102000168,281,108,173
102000169,94,494,-400
102000170,700,112,588
102000171,122,79,43
102000172,67,205,-138
102000173,258,225,33
102000174,21,63,-42
102000175,115,131,-16
102000176,25,32,-7
102000178,263,673,-410
102000179,259,232,27
102000180,497,698,-201
102000181,335,817,-482
102000182,412,797,-385
102000183,1229,2489,-1260
102000184,1159,1089,70
102000185,1858,1979,-121
102000186,735,2465,-1730
102000187,662,2237,-1575
102000188,835,1782,-947
102000189,3690,1209,2481
102000190,817,2854,-2037
102000191,1392,674,718
102000192,695,1042,-347
102000193,38,182,-144
102000194,89,168,-79
102000195,298,771,-473
102000196,105,708,-603
102000197,352,746,-394
102000198,130,1227,-1097
102000199,546,555,-9
102000200,241,1811,-1570
102000201,537,615,-78
102000202,2,159,-157
102000203,200,386,-186
102000204,223,1160,-937
102000205,635,784,-149
102000206,587,996,-409
102000207,778,425,353
102000208,320,734,-414
102000209,56,52,4
102000210,208,611,-403
102000211,280,628,-348
102000212,159,24,135
102000213,2,413,-411
102000214,100,15,85
102000215,3,764,-761
102000216,21,47,-26
102000217,8,265,-257
102000218,118,98,20
102000219,385,435,-50
102000225,718,683,35
102000226,10108,1085,9023
102000227,154,2,152
102000228,1,108,-107
102000229,17,39,-22
102000230,289,817,-528
102000231,336,543,-207
102000232,13,231,-218
102000233,420,955,-535
102000234,105,1486,-1381
102000236,445,65,380
102000237,569,173,396
102000238,123,366,-243
102000240,583,454,129
102000241,232,140,92
102000243,11,47,-36
102000245,17,101,-84
102000246,10,23,-13
102000247,268,926,-658
102000248,161,378,-217
102000249,111,198,-87
102000250,60,500,-440
102000254,63,557,-494
102000266,93,236,-143
102000271,16,0,16
102000286,547,397,150
102000297,1739,993,746
102000301,0,0,0
102000303,0,0,0
102000305,0,2,-2
102000306,0,0,0
102000307,0,6,-6
102000308,0,0,0
102900001,1240,1141,99
102900002,336,29,307
102900003,32,411,-379
102900005,187,403,-216
102900006,452,243,209
102900007,298,33,265
102900008,199,101,98
102900009,436,172,264
102900010,757,472,285
102900011,2378,392,1986
102900012,289,58,231
102900013,28,95,-67
102900015,769,279,490
102900016,38,184,-146
102900017,111,826,-715
102900018,17,172,-155
102900019,460,613,-153
102900020,73,46,27
102900021,23,124,-101
102900022,345,63,282
102900023,13,69,-56
102900024,26,42,-16
102900025,358,104,254
102900026,664,1427,-763
102900027,28,68,-40
102900028,120,415,-295
102900029,113,138,-25
102900030,341,211,130
102900031,85,172,-87
102900032,33,151,-118
102900033,87,230,-143
102900034,256,186,70
102900035,63,595,-532
102900036,222,680,-458
102900037,129,831,-702
102900038,386,854,-468
102900039,26,374,-348
102900040,147,226,-79
102900041,70,259,-189
102900042,167,406,-239
102900043,136,315,-179
102900044,579,2293,-1714
102900045,84,638,-554
102900046,89,401,-312
102900047,43,803,-760
102900048,538,924,-386
102900049,75,461,-386
102900050,275,493,-218
102900051,156,252,-96
102900052,32,27,5
102900053,357,823,-466
102900054,1074,914,160
102900055,74,127,-53
102900056,124,564,-440
102900057,3,42,-39
102900058,329,64,265
102900059,11,55,-44
102900060,90,513,-423
102900061,110,540,-430
102900062,159,1628,-1469
102900063,627,516,111
102900064,183,418,-235
102900065,2129,854,1275
102900066,349,50,299
102900068,90,78,12
102900070,188,745,-557
102900072,3,34,-31
102900073,111,5,106
102900074,282,138,144
102900075,6,38,-32
102900076,332,61,271
102900077,32,13,19
102900078,47,87,-40
102900079,152,17,135
102900080,261,36,225
102900081,71,265,-194
102900082,5,243,-238
102900083,341,17,324
102900084,11,19,-8
102900085,183,94,89
102900086,5,33,-28
102900087,63,123,-60
102900088,28,46,-18
102900089,295,139,156
102900090,1,497,-496
102900091,89,5,84
102900092,181,912,-731
102900093,209,218,-9
102900094,1,65,-64
102900095,118,4,114
102900096,37,7,30
102900097,108,471,-363
103000001,2392,2722,-330
103000002,2010,2192,-182
103000003,4699,2839,1860
103000004,1056,804,252
103000005,2089,2222,-133
103000006,603,1454,-851
103000007,372,951,-579
103000008,957,1167,-210
103000009,677,1144,-467
103000010,109,143,-34
103000011,2024,1276,748
103000012,1141,1347,-206
103000013,7544,2243,5301
103000014,1497,1814,-317
103000015,2853,978,1875
103000016,543,1086,-543
103000017,147,420,-273
103000018,1247,490,757
103000019,218,200,18
103000020,1893,1545,348
103000021,1534,1670,-136
103000022,1151,1351,-200
103000023,533,1315,-782
103000024,128,209,-81
103000025,89,446,-357
103000026,2144,155,1989
103000027,270,478,-208
103000028,872,430,442
103000029,413,231,182
103000030,2404,692,1712
103000031,1811,1629,182
103000032,2223,2009,214
103000033,2979,2656,323
103000034,2082,1170,912
103000035,483,1096,-613
103000036,539,531,8
103000037,625,476,149
103000038,552,980,-428
103000039,247,576,-329
103000040,237,1540,-1303
103000041,1559,3445,-1886
103000042,768,932,-164
103000043,333,1652,-1319
103000044,119,304,-185
103000046,202,419,-217
103000047,475,953,-478
103000048,128,196,-68
103000049,138,266,-128
103000050,667,899,-232
103000051,314,733,-419
103000052,891,569,322
103000053,174,590,-416
103000054,2129,1384,745
103000055,1542,2035,-493
103000056,502,2874,-2372
103000057,358,363,-5
103000058,318,1076,-758
103000059,253,850,-597
103000060,681,927,-246
103000061,286,887,-601
103000062,1038,982,56
103000063,622,798,-176
103000064,87,336,-249
103000065,8,451,-443
103000066,168,7,161
103000069,204,430,-226
103000070,656,1440,-784
103000071,799,376,423
103000072,142,1240,-1098
103000073,533,136,397
103000074,595,103,492
103000075,171,1237,-1066
103000076,190,258,-68
103000077,39,487,-448
103000078,1368,511,857
103000079,1776,507,1269
103000080,1378,295,1083
103000081,581,813,-232
103000082,392,247,145
103000083,118,425,-307
103000084,88,8,80
103000085,2,110,-108
103000086,692,439,253
103000087,145,520,-375
103000088,331,386,-55
103000089,229,351,-122
103000090,1688,1251,437
103000091,610,487,123
103000092,292,268,24
103000093,362,579,-217
103000094,218,135,83
103000095,50,548,-498
103000096,847,139,708
103000097,48,789,-741
103000098,1009,202,807
103000099,406,759,-353
103000100,78,1109,-1031
103000101,670,173,497
103000102,141,830,-689
103000103,506,322,184
103000104,53,191,-138
103000105,105,137,-32
103000106,10,121,-111
103000107,278,88,190
103000108,606,646,-40
103000109,333,395,-62
103000110,384,583,-199
103000111,708,365,343
103000112,284,275,9
103000113,679,612,67
103000114,1002,461,541
103000115,452,669,-217
103000116,500,681,-181
103000117,202,568,-366
103000118,1411,1239,172
103000119,2400,723,1677
103000120,54,89,-35
103000121,303,678,-375
103000122,303,303,0
103000125,9,675,-666
103000126,341,6,335
103000127,1,296,-295
103000128,122,3,119
103000129,2,167,-165
103000130,50,26,24
103000131,307,112,195
103000132,103,173,-70
103000133,7,229,-222
103000134,743,681,62
103000135,956,228,728
103000136,851,359,492
103000137,713,602,111
103000138,895,723,172
103000139,10,67,-57
103000140,132,39,93
103000141,15,104,-89
103000142,135,78,57
103000143,42,219,-177
103000144,164,80,84
103000145,40,49,-9
103000150,83,81,2
103000152,256,259,-3
103000153,167,176,-9
103000156,4,618,-614
103000157,243,3,240
103000159,116,92,24
103000162,59,5,54
103000163,12,18,-6
103000164,13,7,6
103000165,190,501,-311
103000166,118,208,-90
103000167,142,119,23
103000168,47,192,-145
103000169,203,489,-286
103000170,478,613,-135
103000171,44,79,-35
103000172,418,1306,-888
103000173,257,897,-640
103000174,127,408,-281
103000175,210,665,-455
103000176,794,252,542
103000177,1026,456,570
103000178,512,330,182
103000179,106,35,71
103000183,80,42,38
103000185,100,108,-8
103000186,69,187,-118
103000187,338,973,-635
103000188,13,77,-64
103000189,846,1146,-300
103000191,721,882,-161
103000292,3137,1146,1991
103000293,1624,1375,249
103000295,126,53,73
103000296,332,4,328
103000297,206,41,165
103000504,42,24,18
103000505,6,6,0
103000506,1,236,-235
103000507,86,1,85
103000508,48,24,24
103000509,199,637,-438
103900001,2,579,-577
103900002,2062,212,1850
103900003,2215,87,2128
103900004,47,30,17
103900005,3,307,-304
103900006,0,0,0
103900007,46,24,22
103900008,30,3,27
103900009,195,362,-167
103900010,132,337,-205
103900011,128,300,-172
103900012,8,21,-13
103900013,34,116,-82
103900014,33,16,17
103900015,27,16,11
103900016,216,317,-101
103900017,30,96,-66
103900018,625,209,416
103900019,53,207,-154
103900020,160,329,-169
103900021,1137,62,1075
103900022,915,643,272
103900023,91,4,87
103900024,99,927,-828
103900025,7,66,-59
103900026,21,0,21
103900027,487,393,94
103900028,15,232,-217
103900029,772,82,690
103900030,207,38,169
103900031,9,2,7
103900032,58,28,30
103900033,73,7,66
103900034,20,342,-322
103900035,67,84,-17
103900036,72,23,49
103900037,36,43,-7
103900038,57,143,-86
103900039,22,616,-594
103900040,6,312,-306
103900041,20,40,-20
103900042,23,572,-549
103900043,75,140,-65
103900044,282,182,100
103900045,160,193,-33
103900047,37,28,9
103900048,61,20,41
103900049,285,1580,-1295
103900050,3,100,-97
103900051,0,48,-48
103900052,122,723,-601
103900053,77,1329,-1252
103900054,90,779,-689
103900055,248,274,-26
103900056,26,43,-17
103900057,13,361,-348
103900058,124,1056,-932
103900059,0,2,-2
103900060,33,261,-228
103900061,63,65,-2
103900062,168,71,97
103900063,1,0,1
103900064,71,2,69
103900065,963,415,548
103900066,74,15,59
103900067,96,9,87
103900068,1,0,1
103900069,80,9,71
103900070,137,319,-182
103900071,35,216,-181
103900072,0,421,-421
103900073,14,41,-27
103900074,47,100,-53
103900075,67,79,-12
103900076,242,868,-626
103900077,77,63,14
103900078,91,174,-83
103900079,142,328,-186
103900080,15,50,-35
103900081,80,17,63
103900082,13,132,-119
103900083,2488,531,1957
103900084,49,158,-109
103900085,58,93,-35
103900086,336,367,-31
103900087,34,147,-113
103900088,348,224,124
103900089,64,152,-88
103900090,4,292,-288
103900091,1102,319,783
103900092,325,468,-143
103900093,89,463,-374
103900094,5,192,-187
103900095,178,185,-7
103900096,18,404,-386
103900097,8,649,-641
103900098,185,70,115
103900099,40,370,-330
103900100,167,421,-254
103900101,60,1326,-1266
103900102,4,40,-36
103900104,4,47,-43
103900105,87,229,-142
103900106,1,22,-21
103900107,125,354,-229
103900108,47,424,-377
103900109,33,155,-122
103900110,158,51,107
103900111,47,995,-948
103900112,37,62,-25
103900113,148,239,-91
103900114,530,365,165
103900115,302,83,219
103900116,7223,1630,5593
103900117,246,167,79
103900119,41,50,-9
103900120,17,139,-122
103900122,66,423,-357
103900123,1721,517,1204
103900124,30,25,5
103900125,40,86,-46
103900126,323,691,-368
103900127,180,1017,-837
103900128,56,258,-202
103900131,33,150,-117
103900133,897,16,881
103900134,0,8,-8
103900135,6,9,-3
103900137,0,54,-54
103900138,58,505,-447
103900139,223,1192,-969
103900140,0,61,-61
103900141,251,119,132
103900142,64,243,-179
103900143,40,10,30
103900144,0,76,-76
103900145,196,488,-292
103900146,320,459,-139
103900147,302,134,168
103900148,110,295,-185
103900149,101,970,-869
103900150,9667,2396,7271
103900151,52,237,-185
103900152,224,952,-728
103900153,5,0,5
103900154,1441,794,647
103900155,16,292,-276
103900156,18,263,-245
103900157,29,351,-322
103900158,29,267,-238
103900159,61,88,-27
103900160,19,13,6
103900161,76,248,-172
103900162,56,323,-267
103900163,7,570,-563
103900164,171,30,141
103900167,17,91,-74
103900168,63,154,-91
103900169,45,71,-26
103900170,5,148,-143
103900171,2,98,-96
103900172,24,29,-5
103900173,6,15,-9
103900174,93,112,-19
103900175,43,45,-2
103900176,21,24,-3
103900177,19,41,-22
103900178,41,103,-62
103900179,24,214,-190
103900180,9,141,-132
103900181,59,31,28
103900182,41,13,28
103900184,668,76,592
103900185,313,143,170
103900187,90,60,30
103900188,33,23,10
103900189,113,23,90
103900190,65,59,6
103900191,33,96,-63
103900192,66,140,-74
103900193,255,194,61
103900194,84,515,-431
103900195,5,34,-29
103900196,28,27,1
103900197,5,43,-38
103900198,43,82,-39
103900199,117,83,34
103900200,144,209,-65
103900201,139,267,-128
103900202,8,62,-54
103900203,15,27,-12
103900204,3,162,-159
103900207,0,202,-202
103900208,34,0,34
103900209,0,130,-130
103900210,25,50,-25
103900211,403,807,-404
103900212,51,583,-532
103900213,147,241,-94
103900214,248,93,155
103900215,731,247,484
103900216,13,1078,-1065
103900217,409,73,336
103900218,0,241,-241
103900219,105,469,-364
103900233,110,2,108
103900235,20,17,3
103900236,24,0,24
103900242,3,5,-2
103900243,10,6,4
103900244,79,429,-350
103900245,48,326,-278
103900246,61,28,33
103900247,32,103,-71
103900248,2,19,-17
103900249,25,32,-7
103900250,20,31,-11
103900251,2,20,-18
103900253,14,49,-35
103900254,2,9,-7
103900255,9,27,-18
103900256,9,25,-16
103900257,33,96,-63
103900258,36,7,29
103900259,46,6,40
103900261,4,6,-2
103900262,14,3,11
103900263,70,33,37
103900264,73,10,63
103900265,53,7,46
103900266,0,52,-52
103900267,4,49,-45
104000001,2091,2417,-326
104000002,1625,3265,-1640
104000003,2431,2304,127
104000004,3604,3013,591
104000005,1087,1973,-886
104000006,3133,3549,-416
104000007,4448,4015,433
104000008,314,586,-272
104000009,142,140,2
104000010,164,227,-63
104000011,955,564,391
104000012,200,622,-422
104000013,130,181,-51
104000014,230,913,-683
104000015,234,239,-5
104000016,552,584,-32
104000018,615,193,422
104000019,383,127,256
104000020,249,1060,-811
104000021,293,885,-592
104000022,164,394,-230
104000023,455,425,30
104000024,227,523,-296
104000026,48,473,-425
104000027,226,559,-333
104000028,348,246,102
104000029,475,690,-215
104000030,298,310,-12
104000031,779,427,352
104000032,258,504,-246
104000033,572,532,40
104000034,324,603,-279
104000035,601,623,-22
104000036,479,913,-434
104000037,223,440,-217
104000038,268,258,10
104000039,236,477,-241
104000040,585,558,27
104000041,373,400,-27
104000042,191,562,-371
104000043,225,508,-283
104000044,187,971,-784
104000045,998,1484,-486
104000046,1695,1800,-105
104000047,752,1697,-945
104000048,1290,2647,-1357
104000049,354,303,51
104000050,244,715,-471
104000051,63,861,-798
104000052,1067,1667,-600
104000053,637,877,-240
104000054,532,809,-277
104000055,3926,3774,152
104000056,1597,260,1337
104000057,102,617,-515
104000058,611,845,-234
104000059,492,1429,-937
104000060,713,1260,-547
104000061,1166,1716,-550
104000062,202,158,44
104000064,528,316,212
104000065,77,400,-323
104000069,1524,622,902
104000070,40,345,-305
104000071,115,427,-312
104000072,453,251,202
104000075,66,290,-224
104000076,397,111,286
104000082,1998,2818,-820
104000083,735,245,490
104000084,148,657,-509
104000085,218,219,-1
104000086,174,521,-347
104000087,625,1187,-562
104000090,629,2145,-1516
104000092,748,3597,-2849
104000094,853,2789,-1936
104000095,1582,1527,55
104000096,1057,426,631
104000097,1330,1359,-29
104000098,1338,1658,-320
104000100,1110,833,277
104000101,882,2864,-1982
104000106,83,594,-511
104000107,591,568,23
104000108,413,746,-333
104000109,238,79,159
104000110,855,1183,-328
104000111,7319,2095,5224
104000112,3359,705,2654
104000116,5,1672,-1667
104000117,112,1187,-1075
104000118,370,376,-6
104000119,378,307,71
104000120,211,1332,-1121
104000121,202,688,-486
104000122,600,825,-225
104000123,1037,1430,-393
104000124,1809,3358,-1549
104000125,6059,3272,2787
104000126,364,624,-260
104000127,1784,3815,-2031
104000128,844,564,280
104000129,212,7,205
104000130,3,270,-267
104000131,1016,806,210
104000132,769,1151,-382
104000133,1037,962,75
104000134,968,1610,-642
104000135,432,1281,-849
104000136,1001,2621,-1620
104000137,2119,375,1744
104000138,1626,426,1200
104000139,10752,3672,7080
104000141,1572,2170,-598
104000142,637,1346,-709
104000143,554,1020,-466
104000144,55,238,-183
104000145,358,197,161
104000146,465,722,-257
104000147,136,426,-290
104000148,204,178,26
104000149,158,553,-395
104000150,756,570,186
104000151,451,847,-396
104000152,486,964,-478
104000153,344,521,-177
104000154,1229,992,237
104000155,304,546,-242
104000157,1215,2215,-1000
104000158,387,366,21
104000159,518,283,235
104000160,1746,1678,68
104000161,283,212,71
104000162,65,147,-82
104000165,1629,1220,409
104000167,437,686,-249
104000168,573,6,567
104000169,64,78,-14
104000170,921,412,509
104000248,283,1078,-795
104000251,52,491,-439
104000272,0,0,0
104000273,0,0,0
104000274,0,0,0
104000275,0,0,0
104000279,889,638,251
104000290,76,396,-320
104000291,581,1251,-670
104000293,531,827,-296
104000294,12,0,12
104000295,502,997,-495
104000296,314,957,-643
104000297,832,1772,-940
104000298,2238,1124,1114
104000299,582,1592,-1010
104900001,137,566,-429
104900002,25,109,-84
104900003,55,466,-411
104900004,88,407,-319
104900005,158,188,-30
104900006,119,97,22
104900007,176,320,-144
104900009,135,613,-478
104900010,19,38,-19
104900011,23,8,15
104900012,142,9,133
104900013,97,6,91
104900014,4908,521,4387
104900015,125,3,122
104900016,129,438,-309
104900017,64,226,-162
104900018,7,313,-306
104900019,338,1454,-1116
104900020,53,333,-280
104900021,6,415,-409
104900022,54,161,-107
104900023,3,209,-206
104900024,19,133,-114
104900025,57,487,-430
104900026,1,192,-191
104900027,202,289,-87
104900028,38,120,-82
104900029,66,129,-63
104900030,359,187,172
104900031,197,285,-88
104900032,69,256,-187
104900033,113,227,-114
104900034,254,105,149
104900035,187,144,43
104900036,114,74,40
104900037,93,415,-322
104900038,785,491,294
104900039,1420,268,1152
104900040,171,101,70
104900041,178,222,-44
104900042,140,518,-378
104900043,5,48,-43
104900044,351,252,99
104900045,298,55,243
104900046,74,131,-57
104900047,220,154,66
104900048,160,104,56
104900049,11,17,-6
104900050,105,96,9
104900051,150,67,83
104900052,45,0,45
104900053,303,69,234
104900054,211,46,165
104900055,77,0,77
104900056,108,20,88
104900057,24,0,24
104900058,903,224,679
104900059,12,47,-35
104900060,2,547,-545
104900061,313,734,-421
104900063,2,183,-181
104900064,1,131,-130
104900065,0,138,-138
104900066,0,286,-286
104900067,5,349,-344
104900068,30,264,-234
104900070,117,393,-276
104900071,5,1015,-1010
104900072,31,296,-265
104900073,36,385,-349
104900074,44,280,-236
104900075,38,121,-83
104900076,65,480,-415
104900077,1617,128,1489
104900078,147,933,-786
104900079,122,202,-80
104900080,45,667,-622
104900082,8,537,-529
104900085,11,333,-322
104900087,300,6,294
104900089,88,0,88
104900090,558,551,7
104900091,494,1140,-646
104900093,238,763,-525
104900097,3917,1456,2461
104900098,148,38,110
104900099,327,563,-236
104900100,925,302,623
104900102,29,358,-329
104900103,544,141,403
104900104,5255,1487,3768
104900106,60,180,-120
104900107,73,403,-330
104900108,33,426,-393
104900109,73,272,-199
104900110,4,74,-70
104900111,115,176,-61
104900112,200,1301,-1101
104900113,498,617,-119
104900114,166,950,-784
104900115,387,664,-277
104900116,117,370,-253
104900118,15,91,-76
104900119,1,33,-32
104900120,43,63,-20
104900121,3,180,-177
104900122,7,125,-118
104900123,35,2,33
104900124,39,0,39
104900125,486,4,482
104900126,91,69,22
104900127,19,34,-15
104900128,97,229,-132
104900129,3715,1224,2491
105000001,2270,2052,218
105000002,2079,2151,-72
105000003,3179,4444,-1265
105000004,462,1219,-757
105000005,674,1440,-766
105000006,1015,1633,-618
105000007,978,1353,-375
105000008,1084,1940,-856
105000009,1174,2731,-1557
105000010,3186,3236,-50
105000011,2077,2150,-73
105000012,4624,3820,804
105000013,607,903,-296
105000014,1257,2348,-1091
105000015,10897,7069,3828
105000016,4745,2240,2505
105000017,1680,1194,486
105000018,1402,1023,379
105000019,1662,1036,626
105000020,150,412,-262
105000021,258,142,116
105000022,186,34,152
105000023,500,254,246
105000028,67,161,-94
105000029,334,1133,-799
105000030,4737,4515,222
105000033,941,2499,-1558
105000034,151,649,-498
105000037,741,717,24
105000038,1984,1500,484
105000039,3682,2470,1212
105000040,781,938,-157
105000041,944,1787,-843
105000042,3409,1292,2117
105000043,2556,3177,-621
105000044,413,461,-48
105000045,427,1258,-831
105000046,656,444,212
105000047,469,1742,-1273
105000048,492,257,235
105000049,272,950,-678
105000050,442,409,33
105000051,229,606,-377
105000052,757,1120,-363
105000053,167,158,9
105000054,201,1374,-1173
105000055,387,474,-87
105000056,864,3339,-2475
105000057,1118,1317,-199
105000058,1296,1829,-533
105000059,551,685,-134
105000060,478,965,-487
105000061,368,591,-223
105000062,780,1529,-749
105000063,359,855,-496
105000064,973,894,79
105000065,382,1312,-930
105000066,1222,2927,-1705
105000067,808,744,64
105000068,515,1258,-743
105000069,3706,818,2888
105000070,1057,908,149
105000071,223,555,-332
105000072,514,1126,-612
105000073,708,572,136
105000074,1071,1151,-80
105000075,625,958,-333
105000076,1328,1203,125
105000077,2024,774,1250
105000078,1634,1265,369
105000079,2009,2061,-52
105000080,2272,1361,911
105000081,1498,939,559
105000082,615,595,20
105000083,1380,1111,269
105000084,602,1355,-753
105000085,1390,1241,149
105000086,660,1072,-412
105000087,3049,2199,850
105000088,1636,1569,67
105000089,3821,2485,1336
105000090,1150,1003,147
105000091,1828,2062,-234
105000092,717,1199,-482
105000093,322,228,94
105000094,264,227,37
105000095,69,412,-343
105000096,1097,748,349
105000097,1097,680,417
105000098,787,621,166
105000099,942,1097,-155
105000100,916,1326,-410
105000101,1624,2670,-1046
105000102,2793,1801,992
105000103,1905,2772,-867
105000104,1768,1339,429
105000105,1077,2397,-1320
105000106,1298,2356,-1058
105000107,959,1527,-568
105000108,1085,2666,-1581
105000109,1274,2391,-1117
105000110,595,1173,-578
105000111,597,651,-54
105000112,964,1141,-177
105000113,388,699,-311
105000114,4792,1305,3487
105000115,253,753,-500
105000116,477,547,-70
105000117,660,1606,-946
105000118,290,448,-158
105000119,663,1852,-1189
105000120,694,721,-27
105000121,811,1608,-797
105000122,248,475,-227
105000123,1207,1980,-773
105000124,1211,1211,0
105000125,540,2484,-1944
105000126,1743,2835,-1092
105000127,2112,2403,-291
105000128,460,2008,-1548
105000129,787,361,426
105000130,134,1123,-989
105000131,794,480,314
105000132,628,479,149
105000133,335,1444,-1109
105000134,451,608,-157
105000135,430,791,-361
105000136,29,146,-117
105000137,232,347,-115
105000138,32,134,-102
105000139,1036,1268,-232
105000140,125,466,-341
105000141,202,819,-617
105000142,85,576,-491
105000143,253,858,-605
105000144,265,851,-586
105000145,352,639,-287
105000146,612,893,-281
105000147,373,433,-60
105000148,896,762,134
105000149,1840,1981,-141
105000150,2200,1691,509
105000151,307,462,-155
105000152,152,868,-716
105000153,480,557,-77
105000154,701,1147,-446
105000155,241,690,-449
105000156,1002,1137,-135
105000157,1123,2804,-1681
105000158,1838,987,851
105000159,268,1835,-1567
105000160,1301,693,608
105000161,714,2437,-1723
105000162,493,1430,-937
105000163,1747,1668,79
105000164,238,426,-188
105000165,2140,3568,-1428
105000166,10005,426,9579
105000167,3956,1232,2724
105000168,222,1201,-979
105000169,250,629,-379
105000170,134,1462,-1328
105000171,1126,426,700
105000172,53,83,-30
105000173,74,34,40
105000174,30,39,-9
105000175,66,136,-70
105000176,221,103,118
105000177,113,155,-42
105000178,113,964,-851
105000179,185,164,21
105000180,98,99,-1
105000181,66,717,-651
105000182,26,47,-21
105000183,3288,1614,1674
105000184,1559,1012,547
105000185,1993,735,1258
105000186,391,1099,-708
105000187,586,285,301
105000188,290,165,125
105000189,182,618,-436
105000190,142,487,-345
105000191,294,412,-118
105000192,112,65,47
105000193,59,192,-133
105000194,152,85,67
105000195,339,1455,-1116
105000196,24,109,-85
105000197,257,908,-651
105000198,700,369,331
105000199,287,254,33
105000200,136,225,-89
105000201,79,32,47
105000203,7,317,-310
105000204,78,109,-31
105000205,106,281,-175
105000207,934,302,632
105000208,311,486,-175
105000209,199,326,-127
105000212,925,1980,-1055
105000213,234,182,52
105000214,90,314,-224
105000215,174,329,-155
105000216,72,512,-440
105000217,184,432,-248
105000218,776,1139,-363
105000221,171,359,-188
105000222,149,60,89
105000223,155,212,-57
105000226,35,561,-526
105000227,44,302,-258
105000228,292,930,-638
105000229,66,235,-169
105000231,143,280,-137
105000233,530,644,-114
105000234,495,1537,-1042
105000235,263,525,-262
105000237,631,72,559
105000243,19,343,-324
105000248,33,66,-33
105000262,297,2506,-2209
105000269,102,212,-110
105000270,296,110,186
105000271,2,352,-350
105000282,146,87,59
105000287,331,171,160
105000288,611,522,89
105000289,1292,988,304
105000290,5,1,4
105000402,6135,2151,3984
105000426,423,556,-133
105000438,1055,625,430
105000446,18659,5849,12810
105000447,11316,3276,8040
105000454,191,721,-530
105000455,260,268,-8
105000474,12,3,9
105000477,243,454,-211
105000478,1615,2493,-878
105000479,120,200,-80
105000480,1961,2179,-218
105000481,2779,2088,691
105000482,5283,2941,2342
105000483,1171,1364,-193
105000484,2580,2598,-18
105000485,1115,1411,-296
105000486,3556,2493,1063
105000488,3463,3117,346
105000489,654,1043,-389
105000549,39,186,-147
105000550,510,1515,-1005
105000551,11,139,-128
105000552,3850,2073,1777
105900001,6,1072,-1066
105900002,2121,379,1742
105900003,8,98,-90
105900004,485,184,301
105900005,4,238,-234
105900006,7,66,-59
105900007,146,28,118
105900008,72,930,-858
105900009,18,16,2
105900011,306,55,251
105900012,530,125,405
105900013,2,21,-19
105900014,5,87,-82
105900015,205,413,-208
105900016,219,789,-570
105900017,770,54,716
105900018,248,325,-77
105900019,119,533,-414
105900020,39,58,-19
105900021,28,368,-340
105900022,168,496,-328
105900023,8,161,-153
105900024,12,223,-211
105900025,86,70,16
105900026,225,47,178
105900027,5739,6793,-1054
105900028,159,168,-9
105900029,2262,344,1918
105900030,183,336,-153
105900031,564,192,372
105900032,58,155,-97
105900033,52,153,-101
105900034,123,281,-158
105900035,170,298,-128
105900036,41,136,-95
105900037,54,76,-22
105900038,129,338,-209
105900039,85,213,-128
105900040,63,131,-68
105900041,164,566,-402
105900042,31,151,-120
105900043,2242,76,2166
105900044,0,184,-184
105900045,9,751,-742
105900046,3,235,-232
105900047,3,26,-23
105900048,88,543,-455
105900050,5583,1250,4333
105900051,8,1534,-1526
105900052,260,185,75
105900053,4814,1560,3254
105900054,350,401,-51
105900056,973,344,629
105900057,21,206,-185
105900058,10,60,-50
105900059,0,77,-77
106000001,4243,1620,2623
106000002,2879,4802,-1923
106000003,2911,2615,296
106000004,2278,2770,-492
106000005,2396,5291,-2895
106000006,5820,5421,399
106000007,385,545,-160
106000008,456,344,112
106000009,431,397,34
106000010,518,673,-155
106000011,689,1012,-323
106000012,683,2073,-1390
106000013,1647,2010,-363
106000014,2219,2377,-158
106000015,1378,1270,108
106000016,1305,3074,-1769
106000017,747,833,-86
106000018,577,742,-165
106000019,289,524,-235
106000020,240,603,-363
106000021,217,583,-366
106000022,328,414,-86
106000023,614,386,228
106000024,693,944,-251
106000025,121,284,-163
106000026,125,397,-272
106000027,839,1460,-621
106000028,480,886,-406
106000029,859,1770,-911
106000030,993,366,627
106000034,192,643,-451
106000035,847,1169,-322
106000036,477,430,47
106000037,2000,1844,156
106000038,501,96,405
106000039,187,50,137
106000040,208,917,-709
106000041,840,302,538
106000043,606,98,508
106000046,364,56,308
106000047,34,401,-367
106000049,431,205,226
106000050,230,1235,-1005
106000051,361,460,-99
106000052,75,890,-815
106000053,171,156,15
106000054,353,562,-209
106000055,777,1208,-431
106000056,317,600,-283
106000057,189,233,-44
106000058,152,246,-94
106000059,188,296,-108
106000060,596,715,-119
106000061,216,483,-267
106000062,156,775,-619
106000063,468,529,-61
106000064,42,566,-524
106000065,295,259,36
106000066,101,570,-469
106000067,269,143,126
106000068,45,803,-758
106000069,123,122,1
106000070,349,942,-593
106000071,783,398,385
106000072,5221,1437,3784
106000073,1867,2350,-483
106000074,292,768,-476
106000075,284,1348,-1064
106000076,1511,2076,-565
106000077,3663,1565,2098
106000078,685,1159,-474
106000079,570,1188,-618
106000080,1015,1085,-70
106000081,478,1145,-667
106000082,2532,1129,1403
106000083,311,1310,-999
106000084,1049,787,262
106000085,1727,1235,492
106000086,622,849,-227
106000087,721,704,17
106000088,458,849,-391
106000089,774,610,164
106000090,313,609,-296
106000091,243,795,-552
106000092,535,324,211
106000093,264,104,160
106000094,98,462,-364
106000095,458,1470,-1012
106000096,642,793,-151
106000097,608,1769,-1161
106000098,473,1208,-735
106000099,180,1070,-890
106000100,1430,374,1056
106000101,2142,355,1787
106000102,367,709,-342
106000103,222,751,-529
106000104,895,469,426
106000105,421,1079,-658
106000106,497,473,24
106000107,75,514,-439
106000108,151,370,-219
106000109,76,465,-389
106000110,101,366,-265
106000111,128,791,-663
106000112,104,446,-342
106000113,1065,806,259
106000114,427,487,-60
106000115,151,600,-449
106000116,111,288,-177
106000117,964,990,-26
106000118,1057,1269,-212
106000119,3103,1504,1599
106000120,636,931,-295
106000121,184,240,-56
106000122,54,456,-402
106000123,194,390,-196
106000124,47,483,-436
106000125,19,485,-466
106000126,110,227,-117
106000127,560,1105,-545
106000128,430,321,109
106000129,417,1024,-607
106000130,558,479,79
106000131,122,878,-756
106000132,835,170,665
106000133,4568,1211,3357
106000134,1128,2012,-884
106000135,251,1119,-868
106000136,548,754,-206
106000137,78,1957,-1879
106000138,658,83,575
106000139,48,152,-104
106000140,19,136,-117
106000141,37,145,-108
106000142,71,99,-28
106000143,28,126,-98
106000144,44,91,-47
106000145,120,418,-298
106000146,217,214,3
106000147,412,723,-311
106000148,632,982,-350
106000149,446,495,-49
106000150,410,1898,-1488
106000151,5919,1008,4911
106000152,1756,1571,185
106000153,90,1695,-1605
106000154,1872,275,1597
106000155,64,221,-157
106000156,598,438,160
106000157,615,2375,-1760
106000158,3429,832,2597
106000159,5325,1732,3593
106000160,280,2014,-1734
106000161,1776,552,1224
106000162,128,757,-629
106000163,298,790,-492
106000164,216,396,-180
106000165,193,899,-706
106000166,446,374,72
106000167,269,1949,-1680
106000168,252,331,-79
106000169,154,1119,-965
106000170,388,327,61
106000171,118,1050,-932
106000172,2120,1085,1035
106000173,855,3382,-2527
106000174,864,345,519
106000175,302,1310,-1008
106000176,1096,732,364
106000177,850,3090,-2240
106000178,2813,1951,862
106000179,1201,2751,-1550
106000180,798,2375,-1577
106000181,427,2592,-2165
106000182,528,1024,-496
106000183,724,1544,-820
106000184,975,1441,-466
106000185,584,1206,-622
106000186,893,185,708
106000187,264,903,-639
106000188,0,2,-2
106000189,4,65,-61
106000190,10,4,6
106000191,515,222,293
106000192,0,23,-23
106000193,342,130,212
106000194,160,411,-251
106000195,1048,177,871
106000196,241,663,-422
106000197,301,445,-144
106000198,188,349,-161
106000199,865,603,262
106000200,607,167,440
106000201,550,1430,-880
106000202,9220,732,8488
106000203,217,223,-6
106000204,27,7,20
106000205,23,179,-156
106000206,84,18,66
106000207,51,1204,-1153
106000208,644,82,562
106000209,887,347,540
106000210,234,1598,-1364
106000211,386,1933,-1547
106000212,488,190,298
106000213,910,1579,-669
106000214,2982,524,2458
106000215,206,576,-370
106000216,234,403,-169
106000217,318,675,-357
106000218,514,400,114
106000219,162,328,-166
106000220,474,316,158
106000221,79,425,-346
106000222,25,143,-118
106000223,64,143,-79
106000224,106,399,-293
106000225,50,62,-12
106000226,134,364,-230
106000228,55,145,-90
106000229,60,975,-915
106000231,439,155,284
106000232,55,480,-425
106000233,347,145,202
106000234,58,254,-196
106000235,448,97,351
106000236,258,80,178
106000237,0,17,-17
106000238,6,14,-8
106000239,7,154,-147
106000240,18,1,17
106000241,19,816,-797
106000242,169,22,147
106000249,48,92,-44
106000250,54,494,-440
106000251,51,25,26
106000252,30,166,-136
106000253,26,56,-30
106000254,30,55,-25
106000255,11,103,-92
106000256,79,118,-39
106000257,98,380,-282
106000258,216,8,208
106000259,0,29,-29
106000260,24,9,15
106000261,1,95,-94
106000262,44,10,34
106000263,4,89,-85
106000264,184,4,180
106000265,6,177,-171
106000266,128,25,103
106000267,1,132,-131
106000268,445,36,409
106000269,120,85,35
106000270,145,454,-309
106000271,38,220,-182
106000272,104,68,36
106000273,8,234,-226
106000274,130,63,67
106000275,133,172,-39
106000276,148,76,72
106000277,134,174,-40
106000278,146,44,102
106000279,5,81,-76
106000280,35,220,-185
106000281,83,128,-45
106000282,64,69,-5
106000283,103,129,-26
106000284,64,143,-79
106000285,135,181,-46
106000286,83,223,-140
106000287,85,108,-23
106000288,105,152,-47
106000289,71,101,-30
106000290,56,94,-38
106000291,82,132,-50
106000292,59,123,-64
106000293,88,147,-59
106000294,123,189,-66
106000295,48,87,-39
106000296,84,158,-74
106000297,69,275,-206
106000298,182,71,111
106000299,64,182,-118
106000300,40,118,-78
106000301,75,125,-50
106000303,24,64,-40
106000304,26,68,-42
106000305,19,48,-29
106000306,28,116,-88
106000307,59,8,51
106000308,17,229,-212
106000309,10,80,-70
106000310,187,782,-595
106000311,298,158,140
106000312,69,261,-192
106000313,111,290,-179
106000318,229,242,-13
106000319,575,76,499
106000320,0,82,-82
106000321,455,109,346
106000322,88,291,-203
106000324,11,210,-199
106000325,1209,933,276
106000326,1054,2253,-1199
106000327,67,182,-115
106000328,19,147,-128
106000329,46,405,-359
106000330,65,60,5
106000428,45,174,-129
106000429,69,618,-549
106000430,347,1791,-1444
106000431,1150,256,894
106000432,1735,3172,-1437
106000433,1432,691,741
106000434,2629,907,1722
106000435,2475,2979,-504
106000436,41,389,-348
106000437,161,43,118
106000438,331,134,197
106000439,53,622,-569
106000440,283,544,-261
106000441,1,1,0
106000442,110,4,106
106000443,101,766,-665
106000450,0,338,-338
106000451,13,28,-15
106000454,4,108,-104
106000455,13,195,-182
106000456,87,17,70
106000457,4,1594,-1590
106000458,277,260,17
106000459,69,583,-514
106000460,521,45,476
106000461,28,2617,-2589
106000462,1,21,-20
106000463,2,41,-39
106000464,1,760,-759
106000465,225,1,224
106000466,1,1130,-1129
106000467,542,697,-155
106000468,32,257,-225
106000469,340,0,340
106000470,226,1381,-1155
106000471,39,959,-920
106000472,102,8,94
106000473,19,21,-2
106000474,267,872,-605
106000475,220,140,80
106000476,142,162,-20
106000477,18,49,-31
106900001,1,16,-15
106900002,4,842,-838
106900003,334,1226,-892
106900004,2,90,-88
106900006,0,22,-22
106900007,0,24,-24
106900008,134,404,-270
106900009,192,587,-395
106900010,183,516,-333
106900012,2888,2332,556
106900013,790,113,677
106900014,38,1,37
106900015,19,0,19
106900016,168,0,168
106900017,12,0,12
106900018,1,0,1
106900019,47,3,44
106900020,3983,1014,2969
106900021,30,69,-39
106900022,319,0,319
106900023,17,292,-275
106900024,715,37,678
106900025,53,935,-882
106900026,6,1212,-1206
106900027,349,6,343
107000001,4083,1937,2146
107000002,7134,4132,3002
107000003,4165,5427,-1262
107000004,5672,6909,-1237
107000005,1921,4242,-2321
107000006,3548,7618,-4070
107000007,5016,7734,-2718
107000008,18157,13033,5124
107000009,5035,5341,-306
107000010,11523,14100,-2577
107000011,1804,1486,318
107000012,5466,4925,541
107000013,45,161,-116
107000014,31,307,-276
107000015,419,1101,-682
107000016,495,1574,-1079
107000017,8147,1258,6889
107000018,29,636,-607
107000020,5369,863,4506
107000021,1616,975,641
107000022,1491,1867,-376
107000023,1808,385,1423
107000024,505,2313,-1808
107000025,138,461,-323
107000026,143,825,-682
107000027,967,1187,-220
107000028,1224,2064,-840
107000029,1671,2027,-356
107000030,3798,4279,-481
107000031,2517,2458,59
107000032,492,1200,-708
107000033,4656,7238,-2582
107000034,6216,2481,3735
107000035,316,218,98
107000036,380,1248,-868
107000037,47,781,-734
107000038,228,332,-104
107000039,803,625,178
107000040,152,397,-245
107000041,1598,826,772
107000042,886,1974,-1088
107000043,3855,1187,2668
107000044,792,407,385
107000045,107,317,-210
107000046,602,423,179
107000047,395,835,-440
107000048,538,467,71
107000049,479,805,-326
107000050,810,589,221
107000051,564,337,227
107000052,1190,849,341
107000053,331,173,158
107000054,51,302,-251
107000055,122,101,21
107000056,419,967,-548
107000057,1799,215,1584
107000058,2401,2341,60
107000059,2641,4009,-1368
107000060,3530,5781,-2251
107000061,6228,4950,1278
107000062,2667,3170,-503
107000063,4115,7748,-3633
107000064,2742,2223,519
107000065,3832,7309,-3477
107000066,1604,2300,-696
107000067,768,1054,-286
107000068,1548,669,879
107000069,623,426,197
107000070,368,6,362
107000071,1748,26,1722
107000072,37,4863,-4826
107000073,299,158,141
107000074,160,1350,-1190
107000075,1100,353,747
107000076,1011,2185,-1174
107000077,2140,749,1391
107000078,2285,4485,-2200
107000079,1593,610,983
107000080,1269,4242,-2973
107000081,814,599,215
107000082,601,3351,-2750
107000083,920,298,622
107000084,533,3125,-2592
107000085,2625,3277,-652
107000086,4019,3360,659
107000087,2422,2071,351
107000088,3154,4021,-867
107000089,1377,2041,-664
107000090,1097,1299,-202
107000091,994,1060,-66
107000092,667,1246,-579
107000093,931,884,47
107000094,1022,1661,-639
107000095,614,670,-56
107000096,692,1302,-610
107000097,406,204,202
107000098,334,590,-256
107000099,522,330,192
107000100,471,280,191
107000101,86,166,-80
107000102,415,354,61
107000103,246,180,66
107000104,309,461,-152
107000105,357,134,223
107000106,154,378,-224
107000107,413,210,203
107000108,134,969,-835
107000109,378,218,160
107000110,92,813,-721
107000111,179,38,141
107000112,33,556,-523
107000113,310,125,185
107000114,110,973,-863
107000115,313,123,190
107000116,132,1334,-1202
107000117,95,299,-204
107000118,241,367,-126
107000119,2191,1191,1000
107000120,2740,527,2213
107000121,548,875,-327
107000122,1162,1079,83
107000123,296,1033,-737
107000124,403,1076,-673
107000125,451,923,-472
107000126,648,1240,-592
107000127,16,370,-354
107000129,104,171,-67
107000130,181,252,-71
107000131,467,401,66
107000132,437,402,35
107000133,686,186,500
107000134,422,1,421
107000135,1,257,-256
107000136,659,9,650
107000137,15,421,-406
107000138,348,21,327
107000139,20,425,-405
107000140,777,60,717
107000141,130,973,-843
107000142,240,59,181
107000143,56,1165,-1109
107000144,206,418,-212
107000145,102,670,-568
107000146,193,285,-92
107000147,3393,835,2558
107000150,1002,3031,-2029
107000151,47,66,-19
107000152,521,605,-84
107000153,491,614,-123
107000154,244,111,133
107000155,604,43,561
107000156,1020,78,942
107000157,41,3052,-3011
107000158,282,19,263
107000159,31,1673,-1642
107000160,465,167,298
107000161,90,2793,-2703
107000162,152,387,-235
107000163,41,0,41
107000164,188,0,188
107000165,407,1,406
107000166,65,2067,-2002
107000167,347,297,50
107000168,526,358,168
107000169,1191,1127,64
107000170,1124,587,537
107000171,658,3732,-3074
107000172,547,764,-217
107000173,831,1678,-847
107000174,922,3756,-2834
107000175,12666,1931,10735
107000176,7,0,7
107000177,3,7,-4
107000178,7,61,-54
107000179,224,4082,-3858
107000180,893,396,497
107000181,299,1892,-1593
107000182,1133,1399,-266
107000183,122,1484,-1362
107000184,577,995,-418
107000185,551,2044,-1493
107000186,1001,458,543
107000187,1129,1611,-482
107000188,602,573,29
107000189,349,1068,-719
107000190,432,1026,-594
107000191,425,991,-566
107000192,1188,1329,-141
107000193,360,478,-118
107000194,921,1156,-235
107000197,708,268,440
107000198,276,944,-668
107000199,662,715,-53
107000200,1153,667,486
107000201,305,219,86
107000202,203,547,-344
107000203,977,539,438
107000204,1183,600,583
107000205,3041,1331,1710
107000206,901,1259,-358
107000207,911,1358,-447
107000208,1513,379,1134
107000209,2928,793,2135
107000210,1554,448,1106
107000211,23,19,4
107000212,14,316,-302
107000213,21,35,-14
107000214,8,208,-200
107000215,329,651,-322
107000216,214,557,-343
107000217,100,205,-105
107000219,67,150,-83
107000220,93,381,-288
107000222,257,882,-625
107000224,463,56,407
107000225,264,942,-678
107000226,236,93,143
107000227,109,624,-515
107000228,105,149,-44
107000229,252,194,58
107000230,1077,604,473
107000231,2644,605,2039
107000232,67,57,10
107000233,2144,571,1573
107000234,0,16,-16
107000235,49,4,45
107000236,16,796,-780
107000237,6,0,6
107000238,24,2,22
107000239,6653,559,6094
107000240,80,1622,-1542
107000241,149,28,121
107000242,867,65,802
107000243,0,75,-75
107000244,5,73,-68
107000246,1,1473,-1472
107000249,4,1276,-1272
107000251,1,368,-367
107000252,6,1718,-1712
107000255,906,123,783
107000257,3,750,-747
107000258,3,246,-243
107000259,3,346,-343
107000260,199,3,196
107000262,14,1041,-1027
107000263,115,0,115
107000266,10,2,8
107000267,73,253,-180
107000268,192,259,-67
107000269,229,28,201
107000270,0,25,-25
107000271,11,1467,-1456
107000272,5,357,-352
107000273,3,318,-315
107000274,3915,313,3602
107000275,160,1080,-920
107000280,349,25,324
107000281,30,1514,-1484
107000282,32,1782,-1750
107000290,2,41,-39
107000291,9,12,-3
107000292,2,41,-39
107000293,124,2,122
107000294,0,33,-33
107000295,70,6,64
107000296,0,29,-29
107000444,254,11,243
107000496,0,18,-18
107000497,1625,3848,-2223
107000500,244,392,-148
107000501,78,222,-144
107000502,177,421,-244
107000505,610,972,-362
107000506,0,73,-73
107000508,7,942,-935
107000509,212,589,-377
107000510,25,31,-6
107000514,22,294,-272
107000515,18,459,-441
107000516,162,250,-88
107000518,610,542,68
107000519,4780,1289,3491
107000520,40,16,24
107900001,61,263,-202
107900002,57,1,56
107900003,127,10,117
107900004,52,2,50
107900005,494,0,494
107900006,112,1,111
107900007,150,14,136
107900008,56,62,-6
107900009,152,6,146
107900010,14,0,14
107900012,268,11,257
107900013,251,78,173
107900014,10,3,7
107900015,424,1,423
107900016,643,140,503
107900017,4,6,-2
107900018,24,45,-21
107900019,18,119,-101
107900020,92,13,79
107900021,27,195,-168
107900023,1,1,0
107900024,0,40,-40
107900025,211,429,-218
107900026,21,143,-122
107900027,36,81,-45
107900028,17,114,-97
107900030,133,16,117
107900031,44,243,-199
107900032,6,7,-1
107900033,21,7,14
107900034,308,15,293
107900035,554,32,522
107900036,28,5,23
107900037,0,68,-68
107900038,156,158,-2
107900039,7,84,-77
107900040,22,115,-93
107900041,1,0,1
107900043,41,218,-177
107900044,13,1,12
107900045,49,18,31
107900046,78,85,-7
107900047,14,132,-118
107900048,170,8,162
107900049,326,2473,-2147
107900050,71,409,-338
107900051,93,103,-10
107900052,11,62,-51
107900053,18,101,-83
107900055,919,342,577
107900056,118,31,87
107900057,0,1,-1
107900058,20,938,-918
107900060,5,64,-59
107900061,28,5,23
107900063,132,167,-35
107900064,374,53,321
107900065,197,86,111
107900066,6,10,-4
107900067,0,0,0
107900068,134,300,-166
107900069,31,809,-778
107900070,73,25,48
107900071,29,1467,-1438
107900072,37,306,-269
107900073,75,140,-65
107900074,1160,136,1024
107900076,81,122,-41
107900077,23,3,20
107900078,278,8,270
107900079,8,18,-10
107900080,148,270,-122
107900081,11,94,-83
107900082,16,19,-3
107900083,298,139,159
107900084,125,164,-39
107900086,31,88,-57
107900087,527,97,430
107900088,11,14,-3
107900089,329,1272,-943
107900090,559,1348,-789
107900091,187,651,-464
107900092,2556,669,1887
107900093,49,77,-28
107900095,3391,1312,2079
107900097,33,71,-38
107900098,79,208,-129
107900100,1350,835,515
107900101,1377,195,1182
107900102,12,10,2
107900103,32,210,-178
107900104,201,5,196
107900105,1,565,-564
107900106,3,1973,-1970
107900107,1821,213,1608
107900108,403,115,288
107900109,532,7,525
107900110,13,149,-136
107900111,14,1603,-1589
107900112,86,387,-301
107900113,85,149,-64
107900114,98,349,-251
107900115,2,96,-94
107900116,68,286,-218
107900117,303,557,-254
107900118,70,210,-140
107900119,36,220,-184
107900120,30,5,25
107900121,0,150,-150
107900122,1,75,-74
107900123,1,22,-21
107900124,9,39,-30
107900125,22,247,-225
107900126,1,36,-35
107900127,579,122,457
107900128,136,71,65
107900129,26,69,-43
107900130,38,36,2
107900131,701,66,635
107900132,133,597,-464
107900133,2,129,-127
107900134,30,20,10
107900135,2,211,-209
107900136,67,31,36
107900137,82,107,-25
107900138,43,40,3
107900139,12,42,-30
107900140,127,88,39
107900141,37,48,-11
107900142,69,1337,-1268
107900143,47,61,-14
107900144,1,216,-215
107900145,14,124,-110
107900146,54,184,-130
107900147,76,24,52
107900148,155,247,-92
107900149,2152,265,1887
107900150,97,1066,-969
107900151,10,124,-114
107900152,14,380,-366
107900153,167,256,-89
107900154,20,10,10
107900155,19,35,-16
107900156,6,522,-516
107900157,27,80,-53
107900158,344,9,335
107900159,40,1443,-1403
107900160,29,200,-171
107900161,9,294,-285
107900162,1,257,-256
107900163,44,33,11
107900164,4,35,-31
107900165,27,71,-44
107900166,5,396,-391
107900167,7,69,-62
107900168,15,48,-33
107900169,0,187,-187
107900171,18,2436,-2418
107900172,0,452,-452
107900173,12,302,-290
107900174,45,5,40
107900175,13,36,-23
107900176,11,53,-42
107900177,2,354,-352
107900178,0,313,-313
107900179,10,178,-168
107900180,1218,339,879
107900181,289,431,-142
107900182,7,2066,-2059
107900183,23,470,-447
107900184,41,331,-290
107900185,38,3,35
107900186,7,45,-38
107900187,0,150,-150
107900188,919,101,818
107900189,14,134,-120
107900190,130,40,90
107900191,73,174,-101
107900193,5,32,-27
107900194,124,3,121
107900195,5267,632,4635
107900196,49,76,-27
107900197,1178,146,1032
107900199,5,1299,-1294
107900201,83,159,-76
107900203,28,108,-80
107900204,315,332,-17
107900205,207,519,-312
107900206,521,161,360
107900207,0,932,-932
107900208,7,1006,-999
107900209,380,136,244
107900210,81,178,-97
107900213,983,702,281
107900214,6,190,-184
107900215,254,391,-137
107900216,107,65,42
107900217,26,89,-63
107900218,20,1882,-1862
107900219,24,219,-195
107900220,276,124,152
107900221,158,230,-72
107900223,102,759,-657
107900224,205,368,-163
107900225,6,1107,-1101
107900226,39,135,-96
107900227,141,654,-513
107900228,15,168,-153
107900229,7,474,-467
107900230,7,205,-198
107900231,10,225,-215
107900232,26,237,-211
107900233,2,168,-166
107900234,50,229,-179
107900235,45,151,-106
107900236,55,109,-54
107900237,137,654,-517
107900238,8,127,-119
107900239,1647,443,1204
107900240,5,178,-173
107900241,13,103,-90
107900242,13,458,-445
107900243,7,64,-57
107900244,166,11,155
107900245,203,33,170
107900246,120,6,114
107900248,187,648,-461
107900249,328,11,317
107900250,0,770,-770
107900251,70,1773,-1703
107900252,481,19,462
107900253,103,1,102
107900254,69,666,-597
107900255,486,93,393
107900256,3302,642,2660
107900257,89,103,-14
107900258,53,274,-221
107900259,91,800,-709
107900261,9,624,-615
107900262,28,152,-124
107900264,98,5,93
107900265,92,249,-157
107900267,105,19,86
107900268,74,16,58
107900269,0,7,-7
107900270,2,0,2
107900271,4,7,-3
107900272,175,10,165
107900273,12,164,-152
107900274,27,0,27
107900275,4,0,4
107900276,0,125,-125
107900277,3,296,-293
107900278,185,458,-273
107900279,196,99,97
107900280,2217,1676,541
107900281,3948,1177,2771
107900282,66,263,-197
107900283,1767,433,1334
107900284,187,1081,-894
107900285,58,161,-103
107900286,139,106,33
107900287,84,238,-154
107900290,5,57,-52
107900291,427,11,416
107900292,86,358,-272
107900293,49,695,-646
107900295,48,154,-106
107900297,3,409,-406
107900298,923,1215,-292
107900299,4601,2177,2424
107900300,42,307,-265
107900301,580,372,208
107900302,73,13,60
107900303,70,436,-366
107900304,123,769,-646
107900305,180,9,171
107900306,56,19,37
107900307,61,352,-291
107900308,231,111,120
107900309,7,0,7
107900310,0,0,0
107900311,600,113,487
107900312,1,0,1
107900313,2,84,-82
107900314,0,82,-82
107900315,0,72,-72
107900316,27,1,26
107900317,55,7,48
107900318,1,171,-170
107900319,8,364,-356
107900320,4,180,-176
107900321,41,2,39
107900322,3,254,-251
107900323,10,215,-205
107900324,151,2,149
107900325,53,0,53
107900326,111,538,-427
107900327,7,2,5
107900328,0,0,0
107900329,0,0,0
107900330,11,709,-698
107900331,94,53,41
107900332,106,29,77
107900333,36,11,25
107900334,11,359,-348
107900335,42,75,-33
107900336,16,34,-18
107900337,1941,612,1329
107900338,1,189,-188
107900339,1,44,-43
107900340,0,70,-70
107900341,14,0,14
107900342,70,122,-52
107900343,25,1,24
107900344,5,103,-98
107900345,79,24,55
107900346,28,1,27
107900347,33,1,32
107900348,6,5,1
107900349,19,6,13
107900350,54,316,-262
108000001,2504,3237,-733
108000002,2640,4364,-1724
108000003,3049,1989,1060
108000004,18626,20472,-1846
108000005,5672,3223,2449
108000006,7518,8184,-666
108000007,4067,3452,615
108000008,5670,7476,-1806
108000009,2367,3297,-930
108000010,2839,6278,-3439
108000011,11253,8583,2670
108000012,24700,19145,5555
108000014,711,663,48
108000015,472,331,141
108000016,230,780,-550
108000017,690,439,251
108000018,1101,563,538
108000019,1971,663,1308
108000020,1134,454,680
108000021,582,2123,-1541
108000022,611,1995,-1384
108000023,1016,209,807
108000024,185,859,-674
108000025,208,234,-26
108000026,319,866,-547
108000027,310,613,-303
108000028,201,327,-126
108000029,229,659,-430
108000030,377,223,154
108000031,229,741,-512
108000032,855,471,384
108000033,551,1628,-1077
108000034,1146,379,767
108000035,1094,3395,-2301
108000036,382,1927,-1545
108000037,1105,394,711
108000038,1556,485,1071
108000039,568,3359,-2791
108000040,1018,775,243
108000041,837,3622,-2785
108000042,84,260,-176
108000043,173,455,-282
108000044,254,189,65
108000045,210,1017,-807
108000046,1129,303,826
108000047,414,1630,-1216
108000048,119,662,-543
108000049,458,225,233
108000050,128,642,-514
108000051,163,78,85
108000052,306,1009,-703
108000053,231,120,111
108000054,638,1279,-641
108000055,887,348,539
108000056,898,1332,-434
108000057,515,764,-249
108000058,2162,2662,-500
108000059,4311,2348,1963
108000060,148,316,-168
108000061,202,385,-183
108000062,438,409,29
108000063,378,881,-503
108000064,168,244,-76
108000065,455,895,-440
108000066,1926,883,1043
108000067,1574,606,968
108000068,585,376,209
108000069,223,1444,-1221
108000070,1327,687,640
108000071,657,2446,-1789
108000072,1262,916,346
108000073,1734,2743,-1009
108000074,289,409,-120
108000075,387,1067,-680
108000076,620,442,178
108000077,720,1035,-315
108000078,1582,1423,159
108000079,1104,2395,-1291
108000080,630,525,105
108000081,612,3281,-2669
108000082,1153,2299,-1146
108000083,1462,757,705
108000084,404,1732,-1328
108000085,314,322,-8
108000086,1187,1188,-1
108000087,164,1217,-1053
108000088,135,8,127
108000089,278,463,-185
108000090,280,111,169
108000091,107,746,-639
108000092,71,109,-38
108000093,120,1149,-1029
108000094,612,139,473
108000095,165,713,-548
108000096,215,244,-29
108000097,134,829,-695
108000098,822,1628,-806
108000099,179,108,71
108000100,47,214,-167
108000101,774,1149,-375
108000102,1285,2233,-948
108000106,1004,4,1000
108000107,0,867,-867
108000108,507,54,453
108000109,14,1168,-1154
108000110,144,275,-131
108000111,149,1084,-935
108000112,41,92,-51
108000113,587,384,203
108000115,486,474,12
108000117,1261,480,781
108000118,106,133,-27
108000119,759,537,222
108000120,87,684,-597
108000121,156,661,-505
108000122,340,387,-47
108000123,514,375,139
108000124,217,808,-591
108000125,175,503,-328
108000126,80,794,-714
108000127,327,446,-119
108000128,417,982,-565
108000129,219,1903,-1684
108000130,218,373,-155
108000131,596,325,271
108000132,2170,1870,300
108000133,527,540,-13
108000134,694,909,-215
108000135,786,306,480
108000136,1045,1447,-402
108000137,223,515,-292
108000138,250,1357,-1107
108000139,200,405,-205
108000140,20,28,-8
108000141,11,234,-223
108000142,36,150,-114
108000143,21,51,-30
108000144,13,9,4
108000145,20,35,-15
108000146,28,12,16
108000147,62,73,-11
108000148,45,19,26
108000149,8,32,-24
108000150,13,6,7
108000151,13,24,-11
108000152,78,782,-704
108000153,263,125,138
108000154,47,13,34
108000155,10,11,-1
108000156,508,114,394
108000157,116,554,-438
108000158,78,520,-442
108000159,707,154,553
108000160,6137,885,5252
108000161,5954,1405,4549
108000165,2,108,-106
108000172,1,235,-234
108000173,3395,1481,1914
108000175,118,94,24
108000178,448,466,-18
108000179,190,537,-347
108000181,35,28,7
108000182,162,24,138
108000183,38,21,17
108000184,1391,1477,-86
108000185,89,837,-748
108000186,73,70,3
108000187,107,1028,-921
108000188,248,432,-184
108000189,802,784,18
108000190,27,128,-101
108000192,97,865,-768
108000193,974,60,914
108000194,13,15,-2
108000195,4,1457,-1453
108000196,236,217,19
108000198,413,441,-28
108000199,0,126,-126
108000200,190,1192,-1002
108000202,4,178,-174
108000203,70,1129,-1059
108000204,60,45,15
108000205,462,819,-357
108000339,1919,337,1582
108000364,205,247,-42
108000365,49,483,-434
108000367,194,574,-380
108000368,13,67,-54
108000369,1512,115,1397
108000371,2,742,-740
108000372,402,2,400
108000373,123,175,-52
108000376,56,27,29
108000377,271,463,-192
108000378,9245,8383,862
108000379,52,173,-121
108000381,36,12,24
108000382,33,1,32
108000383,0,62,-62
108900001,198,1467,-1269
108900002,177,64,113
108900003,439,1319,-880
108900004,153,188,-35
108900005,29,140,-111
108900006,457,211,246
108900007,134,211,-77
108900008,58,131,-73
108900009,18,117,-99
108900010,110,207,-97
108900011,224,442,-218
108900012,226,639,-413
108900013,118,344,-226
108900014,6,93,-87
108900015,0,25,-25
108900016,1,247,-246
108900017,170,210,-40
108900018,81,775,-694
108900019,55,1735,-1680
108900020,47,401,-354
108900021,72,387,-315
108900022,53,4,49
108900023,0,25,-25
108900024,18,220,-202
108900025,43,178,-135
108900026,15,105,-90
108900027,2,118,-116
108900028,56,676,-620
108900029,50,257,-207
108900030,0,68,-68
108900031,61,737,-676
108900032,7,320,-313
108900033,0,170,-170
108900034,1,343,-342
108900035,238,2342,-2104
108900036,290,453,-163
108900037,33,557,-524
108900038,1,525,-524
108900039,0,744,-744
108900040,3,178,-175
108900041,6778,2453,4325
108900042,8,342,-334
108900043,30,661,-631
108900044,2,954,-952
108900045,21,893,-872
108900046,66,1727,-1661
108900047,0,68,-68
108900048,96,1436,-1340
108900049,7067,863,6204
108900050,1,430,-429
108900051,2,333,-331
108900052,18,374,-356
108900053,113,140,-27
108900054,28,299,-271
108900055,91,599,-508
108900056,0,216,-216
108900057,1,323,-322
108900058,10,738,-728
108900059,209,13,196
108900060,79,140,-61
108900061,60,27,33
108900062,3,469,-466
108900063,2,663,-661
108900064,68,54,14
108900065,7,493,-486
108900066,159,158,1
108900067,57,268,-211
108900068,0,191,-191
108900069,25,145,-120
108900070,25,217,-192
108900071,55,100,-45
108900072,2946,391,2555
108900073,0,117,-117
108900074,114,593,-479
108900075,76,77,-1
108900076,162,124,38
108900077,170,166,4
108900078,13,379,-366
108900079,1187,326,861
108900080,23,520,-497
108900081,72,342,-270
108900082,25,146,-121
108900083,18,192,-174
108900084,412,190,222
108900085,2611,151,2460
108900086,43,473,-430
108900087,145,359,-214
108900088,710,311,399
108900089,18,117,-99
108900090,19,643,-624
108900091,173,179,-6
108900092,292,284,8
108900093,96,66,30
108900094,219,99,120
108900095,103,749,-646
108900096,564,63,501
108900097,345,261,84
108900098,4052,418,3634
108900099,313,507,-194
108900100,92,196,-104
108900101,155,59,96
108900102,146,571,-425
108900103,44,53,-9
108900104,246,437,-191
108900105,3,667,-664
108900106,184,712,-528
108900108,238,45,193
108900109,10,21,-11
108900110,119,710,-591
108900111,249,960,-711
108900112,106,23,83
108900113,36,28,8
108900114,0,2,-2
108900115,38,58,-20
108900116,35,23,12
108900117,50,11,39
108900118,321,6,315
108900119,146,54,92
108900120,114,118,-4
108900121,276,63,213
108900122,75,48,27
108900123,73,69,4
108900124,276,132,144
108900125,163,1,162
108900126,52,13,39
108900127,102,37,65
108900128,75,16,59
108900129,446,112,334
108900130,141,1,140
108900131,187,5,182
108900132,211,45,166
108900133,84,60,24
108900134,136,311,-175
108900135,85,5,80
108900136,2,1,1
108900137,58,1,57
108900138,286,30,256
108900139,318,114,204
108900140,101,295,-194
108900141,163,20,143
108900142,84,1,83
108900143,15,1,14
108900144,38,1,37
108900145,69,7,62
108900146,68,1,67
108900147,102,2,100
108900148,71,23,48
108900149,600,381,219
108900150,153,6,147
108900151,43,1,42
108900152,37,48,-11
108900153,88,658,-570
108900154,3527,661,2866
108900155,212,80,132
108900156,45,11,34
108900157,6,891,-885
108900158,172,34,138
108900159,2,516,-514
108900160,13,347,-334
108900161,7,711,-704
108900162,49,1,48
108900163,1,151,-150
108900164,41,82,-41
108900165,256,115,141
108900167,2414,2910,-496
108900168,12075,2203,9872
108900169,33,222,-189
108900171,12032,1995,10037
108900172,139,39,100
108900173,213,486,-273
108900174,371,521,-150
108900176,201,741,-540
108900177,10539,3391,7148
108900178,6998,2225,4773
108900179,464,976,-512
108900180,79,229,-150
108900182,19,178,-159
108900183,254,274,-20
108900184,461,215,246
108900185,62,364,-302
108900186,133,453,-320
108900187,209,59,150
108900188,334,79,255
108900189,167,179,-12
108900190,69,4816,-4747
108900191,208,23,185
108900192,70,385,-315
108900193,345,43,302
108900194,22,521,-499
108900195,67,530,-463
108900196,19,907,-888
108900198,5,822,-817
108900199,167,408,-241
108900200,255,351,-96
108900201,328,1404,-1076
108900203,343,22,321
108900204,299,9,290
108900205,130,16,114
108900206,226,22,204
108900207,164,53,111
108900208,16,515,-499
108900209,270,893,-623
108900210,158,251,-93
108900211,183,401,-218
108900212,911,850,61
108900215,116,818,-702
108900216,353,121,232
108900217,51,0,51
108900218,93,7,86
108900219,46,1,45
108900220,46,10,36
108900221,59,73,-14
108900222,138,29,109
108900223,13,51,-38
108900224,37,121,-84
108900225,1,233,-232
108900226,141,4,137
108900227,123,129,-6
108900230,500,406,94
108900231,77,325,-248
108900232,2,656,-654
108900233,297,44,253
108900234,239,66,173
108900235,177,819,-642
108900236,47,527,-480
108900237,53,345,-292
108900240,87,123,-36
108900241,23,25,-2
108900245,3,797,-794
108900249,73,21,52
108900250,439,448,-9
108900257,142,976,-834
108900258,14,330,-316
108900259,38,139,-101
108900260,6,128,-122
108900261,136,175,-39
108900262,308,164,144
108900263,48,329,-281
108900264,478,290,188
108900265,1793,329,1464
108900266,1563,292,1271
108900267,3,48,-45
108900268,2,3,-1
108900269,41,7,34
108900270,31,8,23
108900271,32,7,25
108900272,95,7,88
108900273,1210,429,781
108900274,21,73,-52
109000001,3648,976,2672
109000002,3399,1504,1895
109000003,2067,609,1458
109000004,433,3113,-2680
109000005,1533,786,747
109000006,638,2638,-2000
109000007,1081,772,309
109000008,422,2228,-1806
109000009,2738,1311,1427
109000010,1192,4710,-3518
109000011,1964,1463,501
109000012,1585,4748,-3163
109000013,2660,2032,628
109000014,1687,5092,-3405
109000015,3088,4127,-1039
109000016,12376,5468,6908
109000017,1677,1262,415
109000018,984,4531,-3547
109000019,1816,1079,737
109000020,1055,2700,-1645
109000023,269,25,244
109000024,7,171,-164
109000025,391,273,118
109000026,923,352,571
109000027,64,202,-138
109000028,91,132,-41
109000029,146,123,23
109000030,95,801,-706
109000031,113,92,21
109000032,103,797,-694
109000033,200,87,113
109000034,52,37,15
109000035,13,28,-15
109000036,93,435,-342
109000037,194,752,-558
109000038,650,446,204
109000039,726,493,233
109000040,7271,4305,2966
109000041,6859,1328,5531
109000042,1180,1450,-270
109000044,224,77,147
109000045,79,578,-499
109000046,238,80,158
109000047,99,493,-394
109000048,764,144,620
109000049,183,691,-508
109000050,366,295,71
109000051,354,351,3
109000052,417,2374,-1957
109000053,119,72,47
109000054,385,969,-584
109000055,118,225,-107
109000056,290,840,-550
109000057,362,271,91
109000058,952,382,570
109000059,579,949,-370
109000060,561,205,356
109000061,1810,593,1217
109000062,120,162,-42
109000063,160,254,-94
109000064,127,203,-76
109000065,91,462,-371
109000066,194,204,-10
109000067,44,548,-504
109000068,618,7,611
109000069,786,24,762
109000070,11,1016,-1005
109000071,333,86,247
109000072,56,378,-322
109000073,28,116,-88
109000074,26,310,-284
109000075,52,506,-454
109000076,42,159,-117
109000077,333,346,-13
109000078,54,102,-48
109000079,71,290,-219
109000080,60,154,-94
109000081,84,709,-625
109000082,291,335,-44
109000083,190,1016,-826
109000088,151,659,-508
109000089,249,23,226
109000090,158,623,-465
109000091,185,127,58
109000092,465,874,-409
109000093,107,172,-65
109000094,261,3,258
109000095,89,1050,-961
109000096,453,178,275
109000097,71,119,-48
109000098,43,73,-30
109000099,551,510,41
109000100,137,665,-528
109000101,971,1109,-138
109000102,317,1165,-848
109000103,283,765,-482
109000104,771,816,-45
109000105,398,2133,-1735
109000106,1280,685,595
109000107,541,2831,-2290
109000108,1165,574,591
109000109,427,2689,-2262
109000110,1202,502,700
109000111,1070,3271,-2201
109000112,334,171,163
109000113,156,215,-59
109000114,148,360,-212
109000115,1005,38,967
109000116,1,239,-238
109000117,75,124,-49
109000118,14,374,-360
109000119,628,521,107
109000120,127,1767,-1640
109000121,163,73,90
109000122,85,1741,-1656
109000123,10,115,-105
109000124,358,444,-86
109000125,502,379,123
109000126,273,1305,-1032
109000127,484,206,278
109000128,421,3201,-2780
109000129,1306,629,677
109000130,685,3780,-3095
109000131,674,291,383
109000132,696,2457,-1761
109000133,314,1300,-986
109000134,687,1833,-1146
109000135,1154,1622,-468
109000136,221,564,-343
109000137,163,399,-236
109000138,332,691,-359
109000139,306,558,-252
109000140,81,656,-575
109000141,195,514,-319
109000142,110,793,-683
109000143,99,33,66
109000145,47,171,-124
109000146,42,112,-70
109000148,4996,1231,3765
109000149,23,51,-28
109000150,57,187,-130
109000155,430,643,-213
109000156,1490,1147,343
109000158,124,369,-245
109000159,136,886,-750
109000160,574,365,209
109000161,221,1800,-1579
109000162,1559,1209,350
109000163,781,2357,-1576
109000164,894,3360,-2466
109000165,1046,799,247
109000166,456,185,271
109000167,147,1243,-1096
109000170,55,49,6
109000171,36,45,-9
109000172,48,42,6
109000173,23,70,-47
109000174,58,84,-26
109000175,31,152,-121
109000176,156,325,-169
109000177,12,186,-174
109000178,275,72,203
109000179,9463,2864,6599
109000180,6054,2907,3147
109000181,3,53,-50
109000182,25,63,-38
109000183,20,58,-38
109000184,17,29,-12
109000185,16,97,-81
109000188,415,3772,-3357
109000189,1687,1266,421
109000190,436,642,-206
109000191,177,781,-604
109000192,169,346,-177
109000193,118,573,-455
109000194,94,195,-101
109000195,70,631,-561
109000196,196,155,41
109000197,152,730,-578
109000198,255,75,180
109000199,117,709,-592
109000206,179,46,133
109000207,66,47,19
109000208,117,67,50
109000209,195,102,93
109000210,153,590,-437
109000211,90,182,-92
109000214,183,737,-554
109000215,70,78,-8
109000216,163,177,-14
109000217,236,95,141
109000218,242,129,113
109000221,322,1516,-1194
109000222,617,125,492
109000223,268,263,5
109000224,55,378,-323
109000225,60,70,-10
109000226,33,377,-344
109000227,780,2145,-1365
109000228,3,365,-362
109000231,1,620,-619
109000232,196,567,-371
109000236,197,1042,-845
109000241,1536,2407,-871
109000242,1334,1729,-395
109000293,13,42,-29
109000361,105,327,-222
109000364,263,848,-585
109000396,5,1269,-1264
109000397,260,11,249
109000399,147,771,-624
109000400,37,309,-272
109000403,91,407,-316
109000406,229,8,221
109000407,218,286,-68
109000408,1,767,-766
109000410,517,156,361
109000411,15,3,12
109900001,58,0,58
109900002,587,27,560
109900003,121,1,120
109900004,708,333,375
109900005,7,2,5
109900006,323,362,-39
109900007,370,1195,-825
109900008,0,24,-24
109900009,96,1199,-1103
109900010,310,14,296
109900011,32,53,-21
109900012,209,157,52
109900013,238,145,93
109900014,177,52,125
109900015,422,133,289
109900016,81,62,19
109900017,90,164,-74
109900018,205,233,-28
109900019,122,119,3
109900020,9,15,-6
109900021,17,14,3
109900022,34,415,-381
109900023,8,9,-1
109900024,8,2,6
109900025,14,95,-81
109900026,3,266,-263
109900027,30,12,18
109900028,3382,482,2900
109900029,7,819,-812
109900030,26,1,25
109900031,0,151,-151
109900032,11,286,-275
109900033,1,785,-784
109900034,7,0,7
109900035,14,22,-8
109900036,18,120,-102
109900037,23,683,-660
109900038,61,371,-310
109900039,0,0,0
109900040,14,797,-783
109900041,75,717,-642
109900042,21,627,-606
109900044,79,349,-270
109900045,48,42,6
109900046,12,75,-63
109900047,400,375,25
109900048,10,92,-82
109900049,3,29,-26
109900050,0,359,-359
109900051,2,42,-40
109900052,57,375,-318
109900053,6,747,-741
109900054,275,159,116
109900055,28,340,-312
109900056,12,161,-149
109900057,10,287,-277
109900058,0,143,-143
109900059,368,85,283
109900060,427,221,206
109900061,87,371,-284
109900062,1,370,-369
109900063,9,418,-409
109900064,336,329,7
109900065,132,142,-10
109900066,314,1329,-1015
109900067,2,602,-600
109900068,34,6,28
109900069,3,71,-68
109900070,44,348,-304
109900071,0,41,-41
109900072,38,149,-111
109900073,246,1108,-862
109900074,15,72,-57
109900075,9,19,-10
109900076,9,406,-397
109900077,33,69,-36
109900078,96,478,-382
109900080,150,485,-335
109900081,23,113,-90
109900082,46,681,-635
109900083,4,61,-57
109900084,43,156,-113
109900085,182,1490,-1308
109900086,136,231,-95
109900087,306,450,-144
109900089,404,108,296
109900090,499,1860,-1361
109900091,145,144,1
109900092,1559,10,1549
109900093,422,106,316
109900094,50,129,-79
109900095,153,372,-219
109900096,7,1,6
109900097,57,2,55
109900098,226,21,205
109900099,122,2,120
109900100,14,1,13
109900101,256,7,249
109900102,259,23,236
109900103,10,52,-42
109900104,275,1621,-1346
109900105,243,22,221
109900106,334,102,232
109900107,352,100,252
109900108,60,900,-840
109900109,21,209,-188
109900110,54,746,-692
109900111,369,1843,-1474
109900112,523,1377,-854
109900113,572,328,244
109900114,926,510,416
109900115,85,83,2
109900117,508,124,384
109900118,389,633,-244
109900119,526,320,206
109900120,47,13,34
109900121,301,294,7
109900122,302,5,297
109900123,17,252,-235
109900124,34,1082,-1048
109900125,4,344,-340
109900126,146,275,-129
109900128,156,70,86
109900130,15949,1710,14239
109900131,64,170,-106
109900132,42,217,-175
109900133,42,504,-462
109900134,56,53,3
109900135,318,76,242
109900136,44,137,-93
109900137,119,472,-353
109900138,341,571,-230
109900140,79,468,-389
109900141,198,206,-8
109900142,644,247,397
109900145,2,166,-164
109900146,325,29,296
109900148,45,99,-54
109900149,45,82,-37
109900150,7,72,-65
109900151,0,64,-64
109900152,0,22,-22
109900153,0,57,-57
109900154,10,0,10
109900155,31,12,19
109900157,45,371,-326
109900158,61,136,-75
109900159,96,30,66
109900160,95,47,48
109900161,156,92,64
109900162,116,112,4
109900163,965,430,535
109900164,52,258,-206
109900165,199,7,192
109900166,3,219,-216
109900167,82,872,-790
109900168,127,668,-541
109900169,74,158,-84
109900170,262,548,-286
109900171,124,88,36
109900172,111,172,-61
109900173,5552,1516,4036
109900174,45,242,-197
109900175,25,67,-42
109900176,89,265,-176
109900177,54,344,-290
109900178,3,174,-171
109900179,12,39,-27
109900180,4,9,-5
110000001,694,724,-30
110000002,585,571,14
110000003,1006,710,296
110000004,514,540,-26
110000005,664,1581,-917
110000006,622,374,248
110000007,130,200,-70
110000008,11,56,-45
110000009,18,46,-28
110000010,38,68,-30
110000011,24,136,-112
110000012,761,621,140
110000013,34,371,-337
110000014,662,377,285
110000015,272,499,-227
110000016,283,1121,-838
110000017,4825,267,4558
110000018,4857,616,4241
110000019,10,185,-175
110000020,629,220,409
110000021,951,481,470
110000022,1065,259,806
110000023,1,216,-215
110000024,544,457,87
110000025,133,7,126
110000026,4,833,-829
110000027,753,422,331
110000028,589,800,-211
110000029,465,1167,-702
110000030,162,356,-194
110000031,169,806,-637
110000032,548,433,115
110000033,166,148,18
110000034,173,918,-745
110000035,497,1324,-827
110000036,712,931,-219
110000037,127,946,-819
110000038,207,682,-475
110000039,642,2027,-1385
110000040,295,709,-414
110000041,240,928,-688
110000042,92,408,-316
110000043,604,177,427
110000044,181,129,52
110000045,1627,111,1516
110000046,6,9,-3
110000047,34,18,16
110000048,4,11,-7
110000049,21,5,16
110000050,13,19,-6
110000051,19,3,16
110000052,29,38,-9
110000053,45,2,43
110000054,192,301,-109
110000055,526,48,478
110000056,182,55,127
110000057,219,953,-734
110000058,657,742,-85
110000059,644,551,93
110000060,437,936,-499
110000061,1016,947,69
110000062,845,792,53
110000063,18,86,-68
110000064,61,160,-99
110000065,42,115,-73
110000066,79,49,30
110000067,74,525,-451
110000068,153,842,-689
110000069,171,136,35
110000071,64,156,-92
110000073,1,24,-23
110000075,7,125,-118
110000076,284,373,-89
110000077,587,1325,-738
110000078,11,83,-72
110000080,250,887,-637
110000081,17,321,-304
110000082,11,304,-293
110000083,222,692,-470
110000084,716,580,136
110000085,3123,1601,1522
110000086,1333,1218,115
110000087,5,70,-65
110000088,27,250,-223
110000089,247,177,70
110000090,71,414,-343
110000091,2314,358,1956
110000092,24,117,-93
110000093,43,2,41
110000094,488,290,198
110000095,110,573,-463
110000096,4851,1865,2986
110000097,949,1090,-141
110000098,1469,546,923
110000099,899,1780,-881
110000100,402,949,-547
110000101,14,686,-672
110000102,62,42,20
110000104,149,92,57
110000105,47,356,-309
110000106,554,229,325
110000107,434,440,-6
110000108,187,49,138
110000109,319,336,-17
110000110,6053,3241,2812
110000111,10251,2078,8173
110000112,1521,422,1099
110000113,715,1074,-359
110000114,84,349,-265
110000115,181,313,-132
110000116,15,61,-46
110000117,96,872,-776
110000118,244,339,-95
110000119,160,548,-388
110000120,224,225,-1
110000121,92,341,-249
110000122,268,677,-409
110000123,328,437,-109
110000124,4,998,-994
110000125,790,5,785
110000126,282,34,248
110000127,560,45,515
110000128,32,2122,-2090
110000129,0,713,-713
110000130,139,123,16
110000131,114,456,-342
110000132,4,968,-964
110000133,41,300,-259
110000134,24,455,-431
110000135,162,36,126
110000136,32,435,-403
110000137,245,1001,-756
110000138,404,1110,-706
110000139,595,2034,-1439
110000140,741,376,365
110000143,697,465,232
110000144,5024,1274,3750
110000145,1302,898,404
110000146,2514,1187,1327
110000147,278,793,-515
110000148,311,488,-177
110000151,824,515,309
110000152,681,246,435
110000153,76,53,23
110000154,69,25,44
110000155,3064,2455,609
110000156,703,1337,-634
110000157,1853,1880,-27
110000160,289,521,-232
110000161,117,583,-466
110000166,239,182,57
110000167,530,471,59
110000168,729,299,430
110000169,568,313,255
110000170,108,120,-12
110000171,486,189,297
110000172,139,981,-842
110000173,1258,1593,-335
110000174,92,1855,-1763
110000175,363,116,247
110000176,102,279,-177
110000177,167,743,-576
110000178,574,1004,-430
110000179,1822,501,1321
110000180,96,369,-273
110000181,262,523,-261
110000182,607,331,276
110000183,15801,5629,10172
110000184,823,2075,-1252
110000185,2001,885,1116
110000186,734,801,-67
110000191,354,461,-107
110000192,238,4,234
110000193,369,3,366
110000194,11,1813,-1802
110000195,207,549,-342
110000196,273,631,-358
110000197,42,346,-304
110000198,75,131,-56
110000199,38,112,-74
110000200,1679,719,960
110000201,683,638,45
110000202,1091,531,560
110000203,725,974,-249
110000204,7,555,-548
110000205,83,90,-7
110000206,768,2389,-1621
110000207,545,351,194
110000208,350,105,245
110000209,127,1130,-1003
110000210,564,786,-222
110000211,1001,969,32
110000212,281,1007,-726
110000213,83,62,21
110000214,90,80,10
110000215,70,805,-735
110000216,51,837,-786
110000217,178,223,-45
110000218,86,703,-617
110000219,161,95,66
110000220,17,725,-708
110000221,153,123,30
110000222,26,475,-449
110000223,8,129,-121
110000224,82,6,76
110000225,236,677,-441
110000226,157,67,90
110000227,727,432,295
110000228,413,493,-80
110000229,1,334,-333
110000230,846,558,288
110000231,123,237,-114
110000232,186,232,-46
110000233,140,356,-216
110000234,952,492,460
110000235,1048,1061,-13
110000236,386,1158,-772
110000237,2089,1212,877
110000238,964,1510,-546
110000239,1272,1766,-494
110000240,0,125,-125
110000242,0,8,-8
110000243,79,217,-138
110000244,130,462,-332
110000245,34,518,-484
110000246,513,939,-426
110000247,1792,4944,-3152
110000248,2930,1567,1363
110000249,46,6,40
110000250,9,285,-276
110000251,117,618,-501
110000252,167,396,-229
110000253,845,528,317
110000254,629,1728,-1099
110000255,233,1550,-1317
110000256,311,266,45
110000257,712,449,263
110000258,10,694,-684
110000259,55,22,33
110000260,5,588,-583
110000263,714,130,584
110000264,202,911,-709
110000265,1081,1591,-510
110000266,2138,2244,-106
110000267,12,264,-252
110000268,272,867,-595
110000269,6,115,-109
110000270,53,0,53
110000271,2731,384,2347
110000272,771,1199,-428
110000273,3071,1602,1469
110000274,251,998,-747
110000275,4121,608,3513
110000276,187,306,-119
110000277,208,528,-320
110000278,313,1101,-788
110000279,592,808,-216
110000280,189,527,-338
110000281,17,226,-209
110000282,214,52,162
110000283,45,110,-65
110000284,69,43,26
110000285,0,292,-292
110000286,21,1,20
110000287,40,0,40
110000288,5,114,-109
110000289,498,1557,-1059
110000290,1523,640,883
110000291,8102,1587,6515
110000292,1257,3472,-2215
110000293,440,1286,-846
110000294,539,850,-311
110000295,101,1260,-1159
110000296,209,446,-237
110000297,2589,308,2281
110000298,242,528,-286
110000299,611,34,577
110000301,234,8,226
110000302,146,1662,-1516
110000303,216,4,212
110000304,77,337,-260
110000305,514,19,495
110000306,159,2624,-2465
110000307,882,7,875
110000308,360,9,351
110000309,8,1823,-1815
110000310,463,71,392
110000311,17,1214,-1197
110000312,365,52,313
110000313,3175,2240,935
110000314,0,263,-263
110000315,4168,2305,1863
110000316,729,1159,-430
110000317,761,376,385
110000318,2,90,-88
110000319,1,26,-25
110000320,29,72,-43
110000321,21,63,-42
110000322,144,732,-588
110000323,276,293,-17
110000324,5932,1451,4481
110000325,2654,2198,456
110000327,542,321,221
110000328,227,678,-451
110000333,655,534,121
110000334,751,1774,-1023
110000335,1034,624,410
110000336,554,1743,-1189
110000337,1028,693,335
110000338,208,347,-139
110000339,121,288,-167
110000340,24,206,-182
110000341,243,672,-429
110000342,470,2,468
110000343,1,14,-13
110000344,124,240,-116
110000345,129,127,2
110000346,2797,1395,1402
110000347,949,830,119
110000348,7,19,-12
110000349,2,22,-20
110000350,29,5,24
110000351,566,1143,-577
110000352,361,1755,-1394
110000353,3659,935,2724
110000354,1019,2641,-1622
110000355,67,73,-6
110000356,585,4,581
110000357,264,36,228
110000361,1,84,-83
110000362,49,322,-273
110000363,189,134,55
110000364,151,365,-214
110000365,120,1,119
110000366,1,115,-114
110000367,367,456,-89
110000368,20,161,-141
110000369,22,0,22
110000373,7,430,-423
110000374,72,3,69
110000375,253,1053,-800
110000376,38,101,-63
110000377,54,479,-425
110000378,38,342,-304
110000379,4890,1535,3355
110000380,45,12,33
110000383,3,1047,-1044
110000384,2517,883,1634
110000385,0,309,-309
110000387,39,6,33
110000388,41,240,-199
110000389,406,5,401
110000391,233,528,-295
110000396,83,130,-47
110000397,72,311,-239
110000398,3,33,-30
110000399,102,0,102
110000587,40,40,0
110000589,156,182,-26
110000640,124,102,22
110000652,20,164,-144
110000653,89,382,-293
110000654,4,32,-28
110000656,1,930,-929
110000674,18,19,-1
110000675,62,10,52
110000676,10,52,-42
110000679,464,537,-73
110000682,111,110,1
110000683,540,571,-31
110000684,3,77,-74
110000685,10,15,-5
110000686,1,33,-32
110000687,15,2,13
110000688,34,591,-557
110000689,18,84,-66
110000692,102,365,-263
110000693,218,316,-98
110000694,1,98,-97
110000695,180,897,-717
110000696,161,202,-41
110900001,198,12,186
110900002,176,301,-125
110900003,264,1321,-1057
110900004,195,281,-86
110900005,6007,1252,4755
110900006,35,12,23
110900007,39,12,27
110900008,24,27,-3
110900009,319,42,277
110900010,3,136,-133
110900011,9,109,-100
110900012,2,201,-199
110900013,614,224,390
110900014,117,11,106
110900015,1180,428,752
110900016,18,235,-217
110900017,208,59,149
110900018,390,50,340
110900019,66,29,37
110900020,37,690,-653
110900021,67,903,-836
110900022,70,545,-475
110900023,94,780,-686
110900024,24,721,-697
110900025,2,58,-56
110900027,42,447,-405
110900028,36,257,-221
110900029,44,689,-645
110900030,28,574,-546
110900031,1,223,-222
110900032,2,169,-167
110900033,23,402,-379
110900035,22,461,-439
110900036,44,20,24
110900037,42,27,15
110900038,2110,242,1868
110900039,9,320,-311
110900040,166,44,122
110900041,10,196,-186
110900042,56,45,11
110900043,3,227,-224
110900044,312,16,296
110900045,43,889,-846
110900046,150,367,-217
110900047,1005,168,837
110900049,51,40,11
110900050,8,1,7
110900051,43,223,-180
110900052,4,268,-264
110900053,107,61,46
110900054,25,441,-416
110900055,21,3,18
110900056,78,161,-83
110900057,4,245,-241
110900058,115,372,-257
110900059,707,1143,-436
110900060,309,130,179
110900061,26,61,-35
110900062,64,412,-348
110900063,45,174,-129
110900064,3,0,3
110900065,313,118,195
110900066,5,110,-105
110900067,687,617,70
110900068,216,365,-149
110900069,9,42,-33
110900070,90,59,31
110900071,309,533,-224
110900073,1,25,-24
110900074,198,59,139
110900075,231,79,152
110900077,369,527,-158
110900078,16,177,-161
110900079,2208,580,1628
110900080,70,94,-24
110900081,4,152,-148
110900082,47,359,-312
110900083,133,39,94
110900084,28,285,-257
110900085,49,546,-497
110900086,56,173,-117
110900087,153,108,45
110900088,7,0,7
110900090,42,42,0
110900091,0,92,-92
110900093,422,87,335
110900095,30,54,-24
110900097,17,22,-5
110900098,13,128,-115
110900099,79,786,-707
110900100,0,46,-46
110900102,17,28,-11
110900105,960,582,378
110900108,4,177,-173
110900111,321,139,182
110900112,480,5,475
110900113,663,44,619
110900115,5,173,-168
110900116,382,3507,-3125
110900118,111,1372,-1261
110900119,7541,354,7187
110900120,9,155,-146
110900121,33,1,32
110900122,223,132,91
110900125,213,263,-50
110900127,449,699,-250
110900128,131,168,-37
110900129,444,374,70
110900130,1394,214,1180
110900131,115,51,64
110900132,183,88,95
110900133,81,425,-344
110900135,135,792,-657
110900136,178,8,170
110900137,120,2,118
110900138,1416,362,1054
110900139,25,53,-28
110900140,113,2,111
110900141,2,67,-65
110900142,48,373,-325
110900143,79,71,8
110900144,2,988,-986
110900145,78,31,47
110900146,601,51,550
110900147,217,305,-88
110900148,4,479,-475
110900149,1,97,-96
110900150,36,19,17
110900151,1,120,-119
110900152,23,482,-459
110900153,62,48,14
111000001,194,158,36
111000002,350,529,-179
111000003,639,539,100
111000004,464,1304,-840
111000005,1091,925,166
111000006,1063,1649,-586
111000007,4719,1944,2775
111000008,3706,3972,-266
111000009,350,1150,-800
111000010,564,218,346
111000011,367,953,-586
111000012,491,273,218
111000013,407,1216,-809
111000014,763,515,248
111000017,83,773,-690
111000018,232,479,-247
111000020,2856,2629,227
111000021,65,154,-89
111000023,108,171,-63
111000025,8561,2556,6005
111000029,68,161,-93
111000030,30,150,-120
111000031,2226,886,1340
111000032,545,190,355
111000033,369,141,228
111000034,414,197,217
111000037,3843,1491,2352
111000038,3377,2966,411
111000039,1543,3028,-1485
111000040,1686,3324,-1638
111000041,1844,2143,-299
111000042,8358,3580,4778
111000043,1857,1724,133
111000044,1266,748,518
111000045,1366,1754,-388
111000046,995,1258,-263
111000047,1694,2314,-620
111000049,367,595,-228
111000050,2000,1996,4
111000051,646,1335,-689
111000052,647,1586,-939
111000053,338,1287,-949
111000054,225,1382,-1157
111000055,1275,2708,-1433
111000056,89,930,-841
111000057,87,1117,-1030
111000058,126,139,-13
111000059,275,317,-42
111000060,2303,589,1714
111000061,414,388,26
111000062,519,262,257
111000063,1640,828,812
111000064,455,586,-131
111000065,913,749,164
111000066,271,268,3
111000067,397,718,-321
111000068,360,832,-472
111000069,1977,2573,-596
111000070,2582,1296,1286
111000071,244,871,-627
111000072,475,271,204
111000073,140,492,-352
111000074,1418,1373,45
111000075,655,913,-258
111000076,351,977,-626
111000077,1031,1209,-178
111000078,2006,1336,670
111000079,1442,917,525
111000080,427,717,-290
111000081,2696,5433,-2737
111000082,499,780,-281
111000084,574,576,-2
111000085,781,1917,-1136
111000086,3847,1386,2461
111000087,794,998,-204
111000088,8025,1963,6062
111000089,724,1120,-396
111000090,1565,1871,-306
111000091,703,949,-246
111000092,875,1262,-387
111000093,430,917,-487
111000094,1480,914,566
111000095,980,1904,-924
111000096,3200,6868,-3668
111000097,7423,1130,6293
111000098,590,1600,-1010
111000099,438,3138,-2700
111000100,335,3181,-2846
111000101,415,1276,-861
111000102,86,1110,-1024
111000104,258,272,-14
111000107,52,1073,-1021
111000109,340,276,64
111000110,807,609,198
111000111,1198,473,725
111000112,1013,311,702
111000113,517,688,-171
111000114,1052,1339,-287
111000115,8843,973,7870
111000116,824,931,-107
111000117,411,878,-467
111000118,1725,1080,645
111000119,677,1799,-1122
111000120,310,603,-293
111000121,207,725,-518
111000122,411,1327,-916
111000123,847,4459,-3612
111000124,487,4820,-4333
111000125,199,2766,-2567
111000126,72,1243,-1171
111000127,455,164,291
111000128,997,335,662
111000129,1640,448,1192
111000130,1165,749,416
111000131,941,609,332
111000132,575,374,201
111000133,121,150,-29
111000134,95,143,-48
111000135,14,142,-128
111000136,276,298,-22
111000138,9,7,2
111000140,0,6,-6
111000141,181,452,-271
111000142,33,123,-90
111000143,3,65,-62
111000144,35,101,-66
111000145,470,5,465
111000146,29,1,28
111000147,229,14,215
111000148,148,117,31
111000149,1,38,-37
111000150,9,7,2
111000151,1,11,-10
111000153,593,714,-121
111000154,824,263,561
111000155,126,174,-48
111000156,374,369,5
111000157,156,541,-385
111000158,1030,507,523
111000159,2953,627,2326
111000160,209,406,-197
111000161,5,250,-245
111000162,6,250,-244
111000163,333,953,-620
111000164,875,3046,-2171
111000165,1395,489,906
111000166,1959,418,1541
111000167,178,562,-384
111000168,194,536,-342
111000169,271,643,-372
111000170,484,512,-28
111000171,417,1202,-785
111000172,73,659,-586
111000173,184,1520,-1336
111000174,106,931,-825
111000175,27,281,-254
111000176,196,166,30
111000177,140,255,-115
111000178,653,323,330
111000179,62,249,-187
111000180,154,346,-192
111000181,511,414,97
111000182,120,228,-108
111000183,266,310,-44
111000184,297,290,7
111000185,339,548,-209
111000186,178,339,-161
111000187,74,335,-261
111000188,143,527,-384
111000189,1893,645,1248
111000190,205,725,-520
111000191,130,607,-477
111000192,239,726,-487
111000193,420,589,-169
111000194,34,514,-480
111000195,46,665,-619
111000196,25,316,-291
111000197,195,226,-31
111000198,261,121,140
111000199,120,183,-63
111000200,106,350,-244
111000201,281,234,47
111000202,147,224,-77
111000203,173,201,-28
111000204,262,342,-80
111000213,129,382,-253
111000214,1414,1804,-390
111000215,680,1420,-740
111000217,837,985,-148
111000218,782,959,-177
111000219,356,212,144
111000220,3797,1191,2606
111000221,730,286,444
111000224,0,210,-210
111000225,163,47,116
111000226,118,1,117
111000227,51,1,50
111000228,18,209,-191
111000229,25,430,-405
111000230,270,761,-491
111000231,662,1847,-1185
111000232,319,1117,-798
111000233,290,805,-515
111000234,87,333,-246
111000239,183,352,-169
111000240,28,137,-109
111000241,29,556,-527
111000242,73,51,22
111000243,103,1110,-1007
111000244,179,100,79
111000245,524,774,-250
111000246,167,802,-635
111000247,131,1384,-1253
111000248,327,532,-205
111000249,476,1048,-572
111000250,43,230,-187
111000251,37,224,-187
111000253,19,14,5
111000255,13,11,2
111000257,25,17,8
111000260,62,1734,-1672
111000261,514,77,437
111000271,47,314,-267
111000273,8152,1709,6443
111000274,1191,2276,-1085
111000275,70,66,4
111000276,312,3226,-2914
111000277,172,625,-453
111000278,503,281,222
111000291,446,3016,-2570
111000298,281,261,20
111000299,461,117,344
111000300,84,776,-692
111000302,266,73,193
111000303,61,368,-307
111000312,73,59,14
111000315,0,82,-82
111000320,371,765,-394
111000321,189,68,121
111000322,132,622,-490
111000323,81,20,61
111000324,338,307,31
111000325,36,86,-50
111000326,98,414,-316
111000327,338,657,-319
111000328,204,458,-254
111000329,0,19,-19
111000330,15,8,7
111000331,5,7,-2
111000332,327,1267,-940
111000334,408,1704,-1296
111000335,308,140,168
111000337,404,483,-79
111000338,30,221,-191
111000339,162,1066,-904
111000340,74,1037,-963
111000341,535,283,252
111000342,69,301,-232
111000344,714,669,45
111000345,206,34,172
111000346,20,120,-100
111000347,57,3,54
111000350,152,173,-21
111000351,89,288,-199
111000352,97,217,-120
111000353,132,323,-191
111000354,475,191,284
111000355,620,834,-214
111000358,94,2265,-2171
111000360,145,1312,-1167
111000361,124,658,-534
111000546,492,836,-344
111000547,223,960,-737
111000548,79,254,-175
111000549,161,624,-463
111000550,53,415,-362
111000551,687,189,498
111000552,341,63,278
111000907,141,6,135
111000908,3,0,3
111000916,597,262,335
111000917,28,484,-456
111000918,147,1552,-1405
111000920,277,6,271
111000921,10,290,-280
111000922,267,402,-135
111000924,44,1502,-1458
111000925,1601,1808,-207
111000926,905,2763,-1858
111000927,2656,3521,-865
111000928,6850,4223,2627
111000929,785,903,-118
111000930,705,2841,-2136
111000931,1582,1636,-54
111000932,4362,2767,1595
111000933,2941,1670,1271
111000934,2467,3540,-1073
111000935,728,964,-236
111000936,709,2424,-1715
111000937,493,1103,-610
111000938,1702,2578,-876
111000939,169,59,110
111000940,200,223,-23
111000941,212,804,-592
111000943,151,276,-125
111000944,81,693,-612
111000945,66,3102,-3036
111001109,323,173,150
111001110,149,705,-556
111001111,23,7,16
111001112,164,124,40
111001113,13,91,-78
111001114,1348,41,1307
111001115,20,308,-288
111001116,6454,1733,4721
111001117,965,904,61
111001120,60,434,-374
111001121,113,415,-302
111001122,78,411,-333
111001123,40,58,-18
111900001,8,207,-199
111900002,19,1085,-1066
111900003,2,715,-713
111900004,39,282,-243
111900006,4,17,-13
111900007,57,3,54
111900008,87,1,86
111900009,69,257,-188
111900010,363,712,-349
111900012,92,133,-41
111900013,5,96,-91
111900014,10522,2310,8212
111900015,0,117,-117
111900016,0,252,-252
111900017,1,245,-244
111900018,70,4,66
111900019,4,187,-183
111900020,4,88,-84
111900021,20,100,-80
111900022,11,61,-50
111900023,211,69,142
111900024,0,118,-118
111900025,0,71,-71
111900026,0,96,-96
111900027,9,184,-175
111900028,4,614,-610
111900029,5,166,-161
111900030,109,585,-476
111900031,15,128,-113
111900032,2,543,-541
111900033,7,147,-140
111900034,216,664,-448
111900035,26,291,-265
111900036,4,475,-471
111900038,372,696,-324
111900039,50,626,-576
111900040,10,1037,-1027
111900042,46,124,-78
111900043,5,642,-637
111900044,344,326,18
111900046,47,325,-278
111900048,115,1276,-1161
111900049,35,408,-373
111900050,68,20,48
111900051,3,395,-392
111900052,427,744,-317
111900053,1972,542,1430
111900054,82,1,81
111900055,22,1006,-984
111900056,303,127,176
111900057,40,62,-22
111900058,195,1179,-984
111900059,2781,235,2546
111900060,179,2,177
111900061,16,485,-469
111900062,15,26,-11
111900063,87,339,-252
111900064,156,410,-254
111900065,48,32,16
111900066,110,153,-43
111900067,0,454,-454
111900068,12,19,-7
111900069,43,29,14
111900070,38,196,-158
111900071,0,458,-458
111900072,25,19,6
111900073,325,125,200
111900074,15,260,-245
111900075,22,9,13
111900076,66,49,17
111900077,18,2,16
111900078,129,10,119
111900079,29,14,15
111900080,212,141,71
111900081,1055,115,940
111900082,78,21,57
111900083,49,4,45
111900084,31,2,29
111900085,47,53,-6
111900086,26,2,24
111900087,29,0,29
111900088,223,8,215
111900089,38,1,37
111900090,69,34,35
111900091,152,3,149
111900092,18,0,18
111900093,182,1,181
111900094,34,0,34
111900095,118,13,105
111900096,79,1,78
111900097,19,1,18
111900098,94,0,94
111900099,34,0,34
111900100,70,1,69
111900101,46,3,43
111900102,202,1011,-809
111900103,52,40,12
111900104,84,55,29
111900105,317,229,88
111900106,2712,90,2622
111900107,76,143,-67
111900108,125,73,52
111900109,610,142,468
111900110,3984,302,3682
111900111,53,375,-322
111900112,1131,1165,-34
111900113,276,66,210
111900114,208,131,77
111900115,24,35,-11
111900118,137,45,92
111900119,188,78,110
111900122,68,19,49
111900123,8,7,1
111900124,39,138,-99
111900125,227,12,215
111900126,178,1,177
111900127,3,906,-903
111900128,3,858,-855
111900129,98,5,93
111900130,163,20,143
111900131,174,1,173
111900132,32,1933,-1901
111900133,14,564,-550
111900134,17,434,-417
111900135,0,13,-13
111900136,64,109,-45
111900137,48,62,-14
111900138,12,92,-80
111900139,14,179,-165
111900140,20,6,14
111900141,24,6,18
111900142,30,16,14
111900143,5,252,-247
111900144,18,259,-241
111900145,5,932,-927
111900146,6,510,-504
111900147,199,716,-517
111900148,47,1279,-1232
111900149,6,568,-562
111900150,17,250,-233
111900151,1,23,-22
111900152,108,76,32
111900153,2093,286,1807
111900154,20,168,-148
111900155,69,34,35
111900156,49,37,12
111900157,66,11,55
111900158,268,30,238
111900159,118,9,109
111900160,122,2,120
111900161,58,16,42
111900162,81,124,-43
111900163,52,331,-279
111900164,42,46,-4
111901113,171,339,-168
111901114,117,494,-377
111901115,26,2,24
111901116,35,2,33
111901117,27,14,13
111901118,158,124,34
111901119,1889,148,1741
111901120,155,340,-185
111901121,233,510,-277
111901122,7,876,-869
111901123,74,634,-560
111901124,89,1,88
111901125,99,136,-37
111901126,56,16,40
111901127,1368,280,1088
111901128,6,129,-123
111901129,1,242,-241
111901130,12,405,-393
111901131,7,388,-381
111901132,81,4,77
111901133,24,1,23
111901134,60,4,56
111901135,7,13,-6
111901136,11,15,-4
111901137,1,23,-22
111901138,69,50,19
111901139,49,57,-8
111901140,11,206,-195
111901141,11,294,-283
111901142,7,205,-198
111901143,4,229,-225
111901144,11,26,-15
112000001,1319,866,453
112000002,631,3043,-2412
112000003,577,924,-347
112000004,557,1998,-1441
112000005,1854,2010,-156
112000006,1593,2616,-1023
112000007,1390,1324,66
112000008,1843,3044,-1201
112000009,4361,4234,127
112000010,1860,2486,-626
112000011,1961,2807,-846
112000012,6657,2057,4600
112000013,6888,3696,3192
112000014,3149,790,2359
112000015,3622,2907,715
112000016,5997,901,5096
112000017,2597,1638,959
112000024,2521,869,1652
112000026,5161,6187,-1026
112000027,694,446,248
112000028,1666,1999,-333
112000029,369,673,-304
112000030,204,134,70
112000031,1537,2962,-1425
112000032,621,91,530
112000033,2478,1153,1325
112000034,278,91,187
112000035,129,333,-204
112000036,969,736,233
112000037,2011,910,1101
112000038,1124,1017,107
112000039,25,75,-50
112000040,149,387,-238
112000041,365,565,-200
112000042,1244,398,846
112000050,727,1650,-923
112000051,696,901,-205
112000054,1714,3053,-1339
112000057,621,397,224
112000058,358,535,-177
112000059,856,568,288
112000061,5336,2099,3237
112000062,3262,855,2407
112000063,2405,988,1417
112000064,5105,6272,-1167
112000065,2642,3194,-552
112000066,2999,1029,1970
112000067,786,707,79
112000068,1901,1438,463
112000069,647,2895,-2248
112000070,1731,657,1074
112000071,747,3849,-3102
112000072,1045,952,93
112000073,1646,2254,-608
112000074,1309,1011,298
112000075,1037,1147,-110
112000076,3524,3418,106
112000077,365,901,-536
112000078,964,865,99
112000079,1107,1587,-480
112000080,515,1187,-672
112000081,1222,2326,-1104
112000082,1127,875,252
112000083,486,1771,-1285
112000084,987,844,143
112000085,926,1521,-595
112000086,1252,1914,-662
112000087,223,637,-414
112000088,282,858,-576
112000089,230,364,-134
112000090,193,442,-249
112000091,539,1427,-888
112000092,1175,951,224
112000093,1410,1305,105
112000094,342,904,-562
112000095,421,929,-508
112000096,284,793,-509
112000097,577,516,61
112000098,957,1982,-1025
112000099,556,793,-237
112000100,935,1024,-89
112000101,378,1278,-900
112000102,539,624,-85
112000103,245,1722,-1477
112000105,433,2429,-1996
112000106,765,375,390
112000107,18,217,-199
112000108,163,1776,-1613
112000109,47,83,-36
112000110,1074,431,643
112000111,1889,5483,-3594
112000112,7213,648,6565
112000113,1257,2657,-1400
112000114,3208,1173,2035
112000115,207,695,-488
112000116,561,1401,-840
112000117,692,899,-207
112000118,958,1119,-161
112000119,347,1276,-929
112000120,74,468,-394
112000121,82,969,-887
112000122,171,174,-3
112000123,311,121,190
112000124,228,113,115
112000125,70,176,-106
112000126,113,896,-783
112000127,3138,1376,1762
112000128,1515,830,685
112000129,77,133,-56
112000130,95,83,12
112000131,21,518,-497
112000132,65,409,-344
112000133,198,405,-207
112000134,384,409,-25
112000135,1230,762,468
112000136,1398,1578,-180
112000137,2729,1744,985
112000138,4128,1464,2664
112000139,723,273,450
112000140,920,1289,-369
112000141,353,217,136
112000142,136,1227,-1091
112000143,541,233,308
112000144,258,2214,-1956
112000145,1456,744,712
112000146,630,2681,-2051
112000147,1593,1664,-71
112000148,1543,2558,-1015
112000149,181,750,-569
112000150,90,772,-682
112000151,273,801,-528
112000152,187,476,-289
112000153,190,376,-186
112000154,80,256,-176
112000155,105,76,29
112000157,736,546,190
112000158,171,953,-782
112000159,320,442,-122
112000167,153,26,127
112000169,342,285,57
112000173,376,276,100
112000175,268,530,-262
112000176,5663,2318,3345
112000177,268,113,155
112000178,50,713,-663
112000179,108,216,-108
112000180,282,339,-57
112000181,1078,2515,-1437
112000182,483,2912,-2429
112000183,30,56,-26
112000184,222,837,-615
112000185,247,813,-566
112000187,4387,3274,1113
112000195,110,5,105
112000196,186,0,186
112000197,114,128,-14
112000198,27,463,-436
112000199,107,997,-890
112000202,192,2,190
112000216,61,217,-156
112000230,28,5,23
112000231,1,408,-407
112000256,24,166,-142
112000313,141,198,-57
112000314,19,31,-12
112000337,194,698,-504
112000352,309,208,101
112000392,2238,1509,729
112000398,805,822,-17
112000399,3013,1849,1164
112000400,1923,4900,-2977
112000401,2882,3321,-439
112000402,1481,1983,-502
112000403,2427,1831,596
112000404,280,692,-412
112000405,1233,2476,-1243
112000406,3722,3910,-188
112000407,3787,6666,-2879
112000408,9997,8117,1880
112000409,1850,6097,-4247
112000410,374,142,232
112000411,6545,1315,5230
112000412,1430,444,986
112000413,12605,2944,9661
112000414,82,90,-8
112000415,76,51,25
112000416,1444,1375,69
112000417,160,71,89
112000421,33,146,-113
112000422,271,783,-512
112000424,3088,1752,1336
112000425,346,1240,-894
112000426,86,274,-188
112000427,0,15,-15
112000428,100,533,-433
112000429,1938,2986,-1048
112000430,1872,3053,-1181
112000431,38,92,-54
112000432,665,2617,-1952
112000433,645,712,-67
112000437,45,368,-323
112900001,44,0,44
112900002,124,1739,-1615
112900003,27,357,-330
112900004,37,614,-577
112900005,77,266,-189
112900006,5,578,-573
112900007,29,281,-252
112900008,0,19,-19
112900009,394,94,300
112900010,167,1004,-837
112900011,345,324,21
112900012,0,68,-68
112900013,2,206,-204
112900014,3,365,-362
112900015,419,1202,-783
112900016,0,475,-475
112900017,15,287,-272
112900018,4,522,-518
112900019,62,178,-116
112900020,570,1942,-1372
112900021,9,370,-361
112900022,9,113,-104
112900023,2,319,-317
112900024,42,377,-335
112900025,101,338,-237
112900026,9,372,-363
112900027,13,1649,-1636
112900028,21,185,-164
112900029,4,1017,-1013
112900030,305,299,6
112900031,7,745,-738
112900032,111,296,-185
112900034,1,121,-120
112900035,8,668,-660
112900036,25,214,-189
112900037,197,108,89
112900038,382,199,183
112900039,10,451,-441
112900040,3,445,-442
112900041,1361,996,365
112900042,26,600,-574
112900043,11,73,-62
112900044,661,440,221
112900045,677,417,260
112900046,515,52,463
112900047,35,17,18
112900049,57,90,-33
112900050,90,726,-636
112900051,366,992,-626
112900052,6,1423,-1417
112900053,384,152,232
112900054,265,25,240
112900055,217,32,185
112900056,268,185,83
112900057,2,1061,-1059
112900058,348,159,189
112900059,105,130,-25
112900060,16,406,-390
112900061,52,183,-131
112900062,101,190,-89
112900063,82,1,81
112900064,234,221,13
112900065,26,16,10
112900066,204,74,130
112900067,725,210,515
112900068,26,24,2
112900069,3205,555,2650
112900071,17,5,12
112900072,326,1014,-688
112900073,379,59,320
112900074,50,101,-51
112900075,2698,647,2051
112900076,94,6,88
112900078,198,241,-43
112900079,154,19,135
112900080,11,3,8
112900081,46,117,-71
112900082,223,10,213
112900083,74,38,36
112900084,88,56,32
112900085,1,7,-6
112900086,22,0,22
112900087,370,86,284
112900088,50,18,32
112900089,621,20,601
112900090,23,17,6
112900091,58,1,57
112900092,131,152,-21
112900093,1232,9,1223
112900094,37,1,36
112900095,26,0,26
112900096,257,118,139
112900097,25,579,-554
112900098,172,0,172
112900099,420,11,409
112900100,26,0,26
112900101,215,0,215
112900102,166,4,162
112900103,98,1,97
112900104,5,0,5
112900105,3,0,3
112900106,327,131,196
112900107,16,0,16
112900108,54,0,54
112900109,46,0,46
112900110,448,6,442
112900111,296,1,295
112900112,156,1,155
112900113,0,15,-15
112900114,42,50,-8
112900115,433,0,433
112900116,39,47,-8
112900117,95,137,-42
112900118,30,78,-48
112900119,82,0,82
112900120,816,229,587
112900121,311,278,33
112900122,10,192,-182
112900123,158,13,145
112900124,11,212,-201
112900125,62,468,-406
112900126,165,300,-135
112900127,238,45,193
112900128,626,873,-247
112900129,2,1226,-1224
112900130,183,79,104
112900131,47,267,-220
112900132,67,568,-501
112900133,24,1758,-1734
112900134,0,377,-377
112900135,71,31,40
112900136,0,53,-53
112900137,4,866,-862
112900138,7,582,-575
112900139,247,1854,-1607
112900140,0,117,-117
112900141,455,32,423
112900142,107,75,32
112900143,59,865,-806
112900144,4,362,-358
112900145,38,615,-577
112900146,8,1693,-1685
112900147,5,3063,-3058
112900148,17,0,17
112900149,234,458,-224
112900151,18,45,-27
112900152,5930,1252,4678
112900153,2223,1218,1005
112900154,1,94,-93
112900155,115,19,96
112900156,192,2292,-2100
112900157,102,9,93
112900158,14,26,-12
112900159,202,66,136
112900160,28,305,-277
112900161,102,27,75
112900162,39,4,35
112900163,117,13,104
112900164,33,121,-88
112900165,141,44,97
112900166,18,51,-33
112900167,3,34,-31
112900168,3,1,2
112900169,4,6,-2
112900170,34,135,-101
112900172,89,7,82
112900173,277,130,147
112900174,256,23,233
112900175,145,123,22
112900176,10,13,-3
112900177,153,23,130
112900178,589,1289,-700
112900179,47,681,-634
112900180,1101,2543,-1442
112900181,260,3,257
112900182,35,1923,-1888
112900183,130,246,-116
112900184,476,321,155
112900185,394,535,-141
112900186,2131,770,1361
112900187,77,435,-358
112900188,890,383,507
112900189,39,37,2
112900190,4,47,-43
112900192,466,383,83
112900193,1084,327,757
112900194,49,97,-48
112900195,705,33,672
112900196,213,670,-457
112900197,156,513,-357
112900199,301,855,-554
112900200,332,388,-56
112900201,71,124,-53
112900202,301,1419,-1118
112900203,99,420,-321
112900204,1007,451,556
112900205,3,3,0
112900206,8,85,-77
112900207,2,0,2
112900208,50,104,-54
112900209,404,536,-132
112900210,0,15,-15
112900211,68,155,-87
112900212,0,87,-87
112900213,8,4,4
112900214,12,5,7
112900215,2,373,-371
112900216,43,61,-18
112900217,0,90,-90
112900218,26,7,19
112900219,28,16,12
112900220,15,2,13
112900221,13,135,-122
112900222,0,24,-24
112900223,524,9,515
112900224,174,1044,-870
112900225,244,781,-537
112900226,251,357,-106
112900227,215,1760,-1545
112900228,7,31,-24
112900229,75,79,-4
112900230,9690,3255,6435
112900232,179,146,33
112900233,50,255,-205
112900234,7,125,-118
112900235,66,18,48
112900236,128,29,99
112900237,80,442,-362
112900238,7,34,-27
113000001,4995,6126,-1131
113000002,3729,4392,-663
113000003,2104,2366,-262
113000004,2233,2448,-215
113000005,1239,1326,-87
113000006,947,1447,-500
113000007,1451,1610,-159
113000008,1502,2223,-721
113000009,723,1118,-395
113000010,923,1905,-982
113000011,792,2041,-1249
113000012,995,906,89
113000013,1064,608,456
113000014,2019,1734,285
113000015,701,217,484
113000016,328,477,-149
113000017,87,264,-177
113000018,198,50,148
113000019,104,280,-176
113000020,64,30,34
113000021,958,667,291
113000022,504,1492,-988
113000025,64,333,-269
113000026,179,547,-368
113000027,910,440,470
113000028,1456,547,909
113000029,981,580,401
113000030,642,804,-162
113000031,260,308,-48
113000032,277,262,15
113000033,359,404,-45
113000034,531,462,69
113000035,43,45,-2
113000036,32,64,-32
113000037,72,43,29
113000038,10,66,-56
113000039,69,597,-528
113000040,54,93,-39
113000042,919,689,230
113000051,816,2189,-1373
113000052,2422,1709,713
113000053,295,672,-377
113000054,212,902,-690
113000055,710,1211,-501
113000056,541,1586,-1045
113000058,725,1227,-502
113000059,1316,750,566
113000060,154,729,-575
113000061,740,1043,-303
113000062,1545,181,1364
113000063,103,287,-184
113000064,36,558,-522
113000065,174,1519,-1345
113000066,389,113,276
113000067,1239,1438,-199
113000068,397,2561,-2164
113000069,466,1819,-1353
113000070,1107,1022,85
113000071,343,872,-529
113000072,459,532,-73
113000073,619,2091,-1472
113000074,1026,397,629
113000075,2069,627,1442
113000076,1369,1922,-553
113000077,1593,459,1134
113000078,1225,2293,-1068
113000079,983,712,271
113000080,816,545,271
113000081,936,859,77
113000082,1493,932,561
113000083,628,831,-203
113000084,1719,1255,464
113000085,944,643,301
113000086,1012,1386,-374
113000087,1063,766,297
113000088,2318,1462,856
113000089,899,1368,-469
113000090,234,382,-148
113000091,818,336,482
113000094,740,177,563
113000095,243,1472,-1229
113000096,156,1141,-985
113000097,801,329,472
113000098,121,41,80
113000099,812,308,504
113000100,128,477,-349
113000101,390,762,-372
113000102,453,240,213
113000103,2653,750,1903
113000104,270,2529,-2259
113000105,597,523,74
113000106,361,706,-345
113000107,439,865,-426
113000108,753,1630,-877
113000109,477,3710,-3233
113000110,1775,438,1337
113000111,92,553,-461
113000112,201,291,-90
113000113,2322,286,2036
113000114,297,1809,-1512
113000116,852,269,583
113000117,996,190,806
113000118,142,444,-302
113000119,179,510,-331
113000120,48,250,-202
113000121,828,1075,-247
113000124,155,161,-6
113000125,32,506,-474
113000127,4527,684,3843
113000128,590,599,-9
113000129,578,1501,-923
113000133,4772,1409,3363
113000134,3,807,-804
113000135,2797,2894,-97
113000137,2640,1846,794
113000139,501,192,309
113000140,196,289,-93
113000141,629,153,476
113000142,1006,1058,-52
113000143,303,203,100
113000144,333,725,-392
113000145,43,205,-162
113000146,92,90,2
113000147,114,184,-70
113000148,56,204,-148
113000149,66,138,-72
113000150,480,536,-56
113000151,128,87,41
113000152,53,236,-183
113000153,2013,693,1320
113000154,699,1505,-806
113000155,327,550,-223
113000156,214,478,-264
113000157,220,915,-695
113000158,620,253,367
113000159,892,534,358
113000160,632,1513,-881
113000161,285,797,-512
113000162,536,412,124
113000163,84,35,49
113000164,11,112,-101
113000166,76,59,17
113000167,14,279,-265
113000168,66,269,-203
113000169,125,59,66
113000170,68,118,-50
113000171,48,100,-52
113000172,142,65,77
113000173,44,19,25
113000174,118,639,-521
113000175,319,91,228
113000176,420,107,313
113000177,157,521,-364
113000178,205,562,-357
113000179,227,120,107
113000180,613,1547,-934
113000181,689,1189,-500
113000182,178,378,-200
113000183,209,693,-484
113000184,20,145,-125
113000189,467,764,-297
113000190,1589,492,1097
113000192,2801,1422,1379
113000193,6156,905,5251
113000194,2420,1261,1159
113000195,3033,562,2471
113000196,86,101,-15
113000197,1836,1039,797
113000198,48,400,-352
113000199,1517,458,1059
113000201,395,237,158
113000202,4114,2914,1200
113000203,506,236,270
113000204,2351,1459,892
113000205,24,26,-2
113000206,5,39,-34
113000207,65,17,48
113000208,28,66,-38
113000209,23,29,-6
113000210,6,34,-28
113000211,275,141,134
113000212,243,15,228
113000213,27,112,-85
113000214,124,222,-98
113000234,203,1721,-1518
113000410,118,209,-91
113000411,3333,4401,-1068
113000412,10870,2149,8721
113000413,4372,2564,1808
113000414,11026,13248,-2222
113000415,2921,3041,-120
113000416,12129,4085,8044
113000417,3668,3168,500
113000418,4218,2784,1434
113000419,1884,2141,-257
113000420,4274,4178,96
113000421,3774,5122,-1348
113000422,17346,8429,8917
113000423,2522,3868,-1346
113000424,4230,7160,-2930
113000425,12,95,-83
113000428,981,56,925
113000430,100,94,6
113000432,1253,140,1113
113000433,151,1375,-1224
113000434,19,422,-403
113000435,14,1176,-1162
113000436,37,1865,-1828
113000437,394,9,385
113000438,108,13,95
113000439,13,173,-160
113000440,50,21,29
113000441,79,208,-129
113000442,91,335,-244
113000443,66,384,-318
113000444,84,347,-263
113000445,34,141,-107
113000446,8,62,-54
113000448,156,219,-63
113000449,293,663,-370
113000450,908,2977,-2069
113000451,1534,188,1346
113000452,563,378,185
113000453,87,263,-176
113000454,1457,21,1436
113000455,14,113,-99
113000456,4525,2207,2318
113000468,3185,380,2805
113000469,371,140,231
113000470,617,84,533
113000471,13,369,-356
113000472,99,369,-270
113000474,289,776,-487
113000475,1465,2190,-725
113000476,765,1959,-1194
113000477,1912,2039,-127
113000478,4013,7291,-3278
113000479,54,306,-252
113000480,108,109,-1
113000481,0,0,0
113000483,0,0,0
113000485,16,0,16
113000486,7,0,7
113000487,0,1,-1
113000488,0,0,0
113000489,0,0,0
113000490,0,4,-4
113000491,2,24,-22
113000492,1,1,0
113000493,0,0,0
113000495,141,189,-48
113000496,45,73,-28
113000497,0,0,0
113000500,0,7,-7
113900001,4,202,-198
113900002,3,228,-225
113900003,0,164,-164
113900004,0,52,-52
113900005,0,22,-22
113900006,18,41,-23
113900007,80,27,53
113900008,72,0,72
113900009,353,0,353
113900010,191,0,191
113900011,27,1,26
113900012,18,2,16
113900013,903,9,894
113900014,576,3,573
113900015,0,57,-57
113900016,28,0,28
113900017,1,76,-75
113900018,516,73,443
113900019,70,68,2
113900020,82,2,80
113900022,8,0,8
113900023,10,0,10
113900024,29,131,-102
113900025,368,31,337
113900026,34,0,34
113900027,0,80,-80
113900028,20,543,-523
113900029,67,347,-280
113900030,92,4,88
113900031,4,1,3
113900032,13,1,12
113900033,64,100,-36
113900035,32,0,32
113900036,20,157,-137
113900037,57,656,-599
113900038,28,80,-52
113900039,108,9,99
113900040,11,6,5
113900041,1,2,-1
113900042,31,77,-46
113900043,140,140,0
113900044,192,73,119
113900045,26,2,24
113900046,228,906,-678
113900047,33,183,-150
113900048,297,44,253
113900049,956,215,741
113900050,151,461,-310
113900051,149,521,-372
113900052,188,143,45
113900053,548,277,271
113900054,11,12,-1
113900055,90,837,-747
113900056,96,189,-93
113900057,18,158,-140
113900058,54,278,-224
113900059,132,392,-260
113900060,129,298,-169
113900061,1218,162,1056
113900062,46,13,33
113900063,49,142,-93
113900064,24,186,-162
113900065,456,19,437
113900066,246,542,-296
113900067,55,425,-370
113900068,297,349,-52
113900069,80,20,60
113900070,221,575,-354
113900071,21,106,-85
113900072,52,223,-171
113900073,85,510,-425
113900074,35,587,-552
113900075,897,966,-69
113900076,206,13,193
113900077,26,321,-295
113900078,29,90,-61
113900079,10,65,-55
113900080,373,169,204
113900081,45,273,-228
113900082,48,220,-172
113900083,124,853,-729
113900084,191,102,89
113900085,26,422,-396
113900086,5,11,-6
113900087,50,243,-193
113900088,21,48,-27
113900089,353,54,299
113900090,364,386,-22
113900091,24,48,-24
113900092,41,73,-32
113900093,45,460,-415
113900094,284,567,-283
113900095,138,100,38
113900096,133,54,79
113900097,14,152,-138
113900098,445,72,373
113900099,0,106,-106
113900100,1,2,-1
113900101,15,77,-62
113900102,52,90,-38
113900103,231,281,-50
113900104,78,164,-86
113900105,40,449,-409
113900106,0,119,-119
113900107,3,54,-51
113900108,201,213,-12
113900109,388,159,229
113900110,30,7,23
113900111,70,116,-46
113900112,133,152,-19
113900113,625,464,161
113900114,1,142,-141
113900115,2,159,-157
113900116,107,133,-26
113900117,101,12,89
113900118,184,274,-90
113900119,332,348,-16
113900120,51,30,21
113900121,54,97,-43
113900122,319,1281,-962
113900123,364,129,235
113900124,3,88,-85
113900125,1485,266,1219
113900126,162,39,123
113900127,187,416,-229
113900128,93,55,38
113900129,2,118,-116
113900130,6,15,-9
113900131,153,66,87
113900132,27,41,-14
113900133,10,19,-9
113900135,172,533,-361
113900136,78,73,5
113900137,327,197,130
113900138,69,155,-86
113900139,511,102,409
113900140,541,258,283
113900141,208,568,-360
113900142,73,104,-31
113900143,3,31,-28
113900144,465,141,324
113900145,236,195,41
113900146,72,64,8
113900148,102,216,-114
113900149,127,54,73
113900150,1154,679,475
113900151,252,254,-2
113900152,22,51,-29
113900153,411,548,-137
113900154,0,96,-96
113900155,209,108,101
113900156,221,817,-596
113900157,24,212,-188
113900158,650,255,395
113900159,3,264,-261
113900160,496,834,-338
113900161,82,169,-87
113900162,925,669,256
113900163,227,256,-29
113900164,164,78,86
113900165,516,620,-104
113900166,338,162,176
113900167,225,60,165
113900168,146,124,22
113900169,190,467,-277
113900171,76,64,12
113900172,8,237,-229
113900173,73,843,-770
113900174,417,874,-457
113900175,241,119,122
113900176,254,855,-601
113900177,272,258,14
113900178,297,129,168
113900179,23,889,-866
113900180,141,130,11
113900181,436,120,316
113900182,524,1163,-639
113900183,50,103,-53
113900184,18,716,-698
113900185,154,89,65
113900186,23,54,-31
113900187,30,142,-112
113900188,65,245,-180
113900189,306,108,198
113900190,299,120,179
113900191,136,267,-131
113900192,5,305,-300
113900193,33,327,-294
113900194,2493,1070,1423
113900195,321,512,-191
113900196,7,158,-151
113900197,5,397,-392
113900198,35,161,-126
113900199,239,879,-640
113900200,15,358,-343
113900201,1,342,-341
113900202,26,324,-298
113900203,3,308,-305
113900204,57,736,-679
113900205,15,172,-157
113900206,12,167,-155
113900207,0,50,-50
113900208,0,70,-70
113900209,0,98,-98
113900210,575,613,-38
113900211,143,59,84
113900212,97,686,-589
113900214,471,439,32
113900215,32,113,-81
113900216,79,1513,-1434
113900217,24,417,-393
113900218,100,29,71
113900219,105,619,-514
113900220,113,54,59
113900221,305,156,149
113900222,323,461,-138
113900223,93,1272,-1179
113900224,166,54,112
113900225,933,239,694
113900226,292,157,135
113900227,308,207,101
113900228,409,336,73
113900229,31,637,-606
113900230,5606,1714,3892
113900231,146,329,-183
113900232,88,109,-21
113900233,34,66,-32
113900234,202,385,-183
113900235,56,27,29
113900236,41,425,-384
113900237,80,7,73
113900238,173,350,-177
113900239,50,72,-22
113900240,10,128,-118
113900241,101,103,-2
113900242,57,169,-112
113900243,147,410,-263
113900244,538,202,336
113900245,1373,297,1076
113900246,28,10,18
113900247,160,233,-73
113900248,4411,1203,3208
113900249,1556,338,1218
113900250,45,82,-37
113900251,419,260,159
113900252,354,9,345
113900253,511,52,459
113900254,552,118,434
113900255,249,48,201
113900256,196,29,167
113900257,33,902,-869
113900258,21,781,-760
113900259,295,297,-2
113900260,124,12,112
113900261,27,134,-107
113900262,122,915,-793
113900263,177,655,-478
113900264,9,747,-738
113900265,166,349,-183
113900266,13,316,-303
113900267,118,559,-441
113900268,196,322,-126
113900269,31,140,-109
113900270,310,473,-163
113900271,491,1562,-1071
113900273,17,7,10
113900274,37,7,30
113900275,18,36,-18
113900276,3,321,-318
113900277,47,2,45
113900278,365,167,198
113900279,95,125,-30
113900280,1158,490,668
113900281,413,949,-536
113900282,1114,590,524
113900283,253,491,-238
113900284,653,150,503
113900285,57,20,37
113900286,81,203,-122
113900287,8,85,-77
113900288,0,65,-65
113900289,1777,87,1690
113900290,521,97,424
113900291,119,198,-79
113900292,6,12,-6
113900293,1,272,-271
113900294,234,24,210
113900295,387,312,75
113900296,3081,447,2634
113900297,1028,20,1008
113900298,9,1920,-1911
113900299,31,230,-199
113900300,7764,2602,5162
113900301,1063,286,777
113900302,2929,622,2307
113900303,760,224,536
113900304,0,194,-194
113900305,75,0,75
113900306,12,0,12
113900307,82,0,82
113900308,107,128,-21
113900309,5,1137,-1132
113900310,0,28,-28
113900311,1,1,0
113900312,120,111,9
113900313,17,21,-4
114000001,1174,4631,-3457
114000002,129,610,-481
114000003,28,397,-369
114000004,189,542,-353
114000005,146,284,-138
114000006,3331,2423,908
114000007,663,1661,-998
114000008,1575,1174,401
114000009,287,250,37
114000011,2306,4280,-1974
114000012,1679,3701,-2022
114000013,1238,2712,-1474
114000014,299,573,-274
114000015,856,618,238
114000016,214,517,-303
114000017,104,167,-63
114000018,601,87,514
114000026,938,2100,-1162
114000027,1724,2535,-811
114000028,1915,2205,-290
114000038,104,193,-89
114000039,81,153,-72
114000040,55,177,-122
114000042,55,215,-160
114000043,28,231,-203
114000044,91,80,11
114000045,48,137,-89
114000046,2583,5557,-2974
114000047,9,107,-98
114000048,75,70,5
114000049,1580,1283,297
114000050,1647,1261,386
114000051,3356,1561,1795
114000052,3220,1367,1853
114000053,47,544,-497
114000054,86,1893,-1807
114000055,217,37,180
114000056,1554,613,941
114000057,10734,2862,7872
114000058,745,720,25
114000059,353,180,173
114000060,503,854,-351
114000061,3894,1402,2492
114000062,3447,960,2487
114000063,3576,1920,1656
114000064,9956,2910,7046
114000065,2162,2608,-446
114000066,276,874,-598
114000067,30,409,-379
114000068,397,483,-86
114000069,754,641,113
114000070,2438,1358,1080
114000071,377,943,-566
114000072,142,584,-442
114000073,5,173,-168
114000074,13,20,-7
114000075,57,229,-172
114000076,10,288,-278
114000077,8,84,-76
114000078,130,1866,-1736
114000079,92,40,52
114000080,92,111,-19
114000081,43,130,-87
114000082,33,755,-722
114000083,47,373,-326
114000084,111,60,51
114000085,113,1010,-897
114000086,189,751,-562
114000087,28,359,-331
114000088,34,75,-41
114000089,1808,559,1249
114000090,573,578,-5
114000091,1512,434,1078
114000092,851,286,565
114000093,862,666,196
114000094,228,378,-150
114000095,116,110,6
114000096,114,646,-532
114000097,109,1331,-1222
114000098,225,75,150
114000099,274,1181,-907
114000100,766,962,-196
114000101,287,1621,-1334
114000102,192,330,-138
114000103,83,610,-527
114000104,10,382,-372
114000105,29,60,-31
114000106,1194,441,753
114000107,120,176,-56
114000108,3097,1649,1448
114000109,309,619,-310
114000110,552,2240,-1688
114000111,839,684,155
114000112,391,2276,-1885
114000113,527,508,19
114000114,1338,1810,-472
114000115,1250,770,480
114000116,389,665,-276
114000117,1573,366,1207
114000118,1338,446,892
114000119,966,317,649
114000120,519,1392,-873
114000121,399,778,-379
114000122,264,290,-26
114000123,891,331,560
114000124,452,405,47
114000125,936,2741,-1805
114000126,975,263,712
114000127,103,242,-139
114000128,683,657,26
114000130,290,542,-252
114000131,127,88,39
114000132,619,844,-225
114000133,1239,1476,-237
114000134,80,248,-168
114000138,30,231,-201
114000139,297,151,146
114000144,542,316,226
114000145,112,288,-176
114000146,88,406,-318
114000147,929,1106,-177
114000148,2366,1413,953
114000149,315,214,101
114000150,946,427,519
114000151,862,853,9
114000152,87,23,64
114000153,959,1317,-358
114000154,681,524,157
114000155,1338,1722,-384
114000156,704,451,253
114000157,267,878,-611
114000158,2426,692,1734
114000159,208,333,-125
114000160,160,224,-64
114000161,1563,1467,96
114000162,822,1102,-280
114000163,8,192,-184
114000165,189,195,-6
114000166,610,248,362
114000167,5208,1331,3877
114000168,810,814,-4
114000169,1720,777,943
114000170,954,593,361
114000171,825,1237,-412
114000174,199,592,-393
114000176,566,459,107
114000177,3123,961,2162
114000178,37,113,-76
114000179,1241,717,524
114000180,572,692,-120
114000181,1475,2248,-773
114000182,9219,2666,6553
114000183,1141,1003,138
114000184,1062,2157,-1095
114000185,969,987,-18
114000189,509,79,430
114000190,1490,232,1258
114000191,28,53,-25
114000192,424,2243,-1819
114000193,1422,4699,-3277
114000194,1222,1619,-397
114000195,78,34,44
114000196,2,534,-532
114000197,725,87,638
114000198,1445,478,967
114000199,2377,1182,1195
114000200,539,3229,-2690
114000201,175,1444,-1269
114000202,971,1251,-280
114000203,350,1136,-786
114000204,147,631,-484
114000205,252,2272,-2020
114000206,450,1534,-1084
114000207,682,3182,-2500
114000208,561,4815,-4254
114000209,777,4406,-3629
114000210,401,2331,-1930
114000211,817,1708,-891
114000212,501,808,-307
114000213,904,729,175
114000214,77,252,-175
114000215,117,73,44
114000216,891,419,472
114000217,121,381,-260
114000218,94,469,-375
114000219,701,384,317
114000220,4,1712,-1708
114000221,395,156,239
114000222,264,1716,-1452
114000223,326,135,191
114000224,130,1019,-889
114000225,171,779,-608
114000226,88,284,-196
114000227,529,503,26
114000228,648,1200,-552
114000229,702,1558,-856
114000230,1445,1889,-444
114000231,682,1570,-888
114000232,410,188,222
114000233,1507,124,1383
114000234,861,1257,-396
114000235,682,2127,-1445
114000236,0,733,-733
114000237,66,1532,-1466
114000238,35,211,-176
114000239,132,1741,-1609
114000240,640,762,-122
114000241,237,1119,-882
114000242,1122,1069,53
114000243,1260,977,283
114000244,708,439,269
114000245,293,709,-416
114000246,132,45,87
114000247,720,861,-141
114000248,699,589,110
114000249,380,532,-152
114000250,413,774,-361
114000251,271,426,-155
114000252,51,141,-90
114000253,41,277,-236
114000254,30,160,-130
114000255,613,184,429
114000256,2885,817,2068
114000257,565,2349,-1784
114000258,151,614,-463
114000259,52,320,-268
114000260,0,42,-42
114000261,36,25,11
114000262,75,213,-138
114000263,9,0,9
114000264,492,946,-454
114000265,0,22,-22
114000267,1,1728,-1727
114000268,4,3021,-3017
114000270,70,2,68
114000271,461,199,262
114000283,624,660,-36
114000285,72,490,-418
114000288,83,609,-526
114000289,741,97,644
114000293,65,442,-377
114000294,173,419,-246
114000395,1223,66,1157
114000396,340,379,-39
114000402,258,413,-155
114000403,195,712,-517
114000405,105,857,-752
114000423,95,780,-685
114000424,236,333,-97
114000425,297,843,-546
114000426,278,683,-405
114000427,40,119,-79
114000428,292,92,200
114000429,6,283,-277
114000432,50,153,-103
114000434,12,106,-94
114000435,10,179,-169
114000436,6690,1487,5203
114000437,193,956,-763
114900001,313,1857,-1544
114900002,532,139,393
114900003,386,2726,-2340
114900004,123,243,-120
114900005,264,1303,-1039
114900006,36,24,12
114900007,122,3,119
114900008,79,59,20
114900010,2983,1392,1591
114900011,78,145,-67
114900013,130,91,39
114900015,33,241,-208
114900018,804,48,756
114900020,102,56,46
114900022,6,893,-887
114900024,135,189,-54
114900025,208,338,-130
114900026,23,115,-92
114900027,131,295,-164
114900029,12,22,-10
114900030,158,271,-113
114900031,141,29,112
114900032,146,54,92
114900033,1495,281,1214
114900034,68,265,-197
114900035,150,273,-123
114900036,245,1457,-1212
114900037,70,295,-225
114900038,159,1221,-1062
114900039,384,990,-606
114900040,63,319,-256
114900041,338,764,-426
114900042,434,1146,-712
114900043,920,372,548
114900044,47,17,30
114900046,76,172,-96
114900047,188,1139,-951
114900048,68,249,-181
114900049,15,315,-300
114900050,21,744,-723
114900051,36,741,-705
114900052,97,298,-201
114900053,87,273,-186
114900054,36,140,-104
114900057,208,10,198
114900058,0,68,-68
114900059,37,22,15
114900060,1515,463,1052
114900061,97,231,-134
114900062,241,321,-80
114900063,60,339,-279
114900064,720,954,-234
114900065,203,785,-582
114900067,25,450,-425
114900068,68,272,-204
114900069,239,222,17
114900070,227,888,-661
114900072,5,345,-340
114900073,0,263,-263
114900074,250,1162,-912
114900075,171,2,169
114900076,6,406,-400
114900080,3998,524,3474
114900082,4243,1449,2794
114900083,933,997,-64
114900090,156,166,-10
114900091,91,230,-139
114900095,458,135,323
114900096,525,723,-198
114900097,63,0,63
114900098,7,244,-237
114900099,67,3,64
115000001,10371,6811,3560
115000002,3008,2968,40
115000003,4328,5368,-1040
115000004,2314,4215,-1901
115000005,1235,3482,-2247
115000006,542,1311,-769
115000007,50,212,-162
115000008,376,376,0
115000009,165,384,-219
115000010,213,168,45
115000013,92,133,-41
115000015,72,201,-129
115000016,250,298,-48
115000019,12,525,-513
115000020,221,572,-351
115000021,349,532,-183
115000022,554,463,91
115000023,329,429,-100
115000024,1316,575,741
115000025,718,527,191
115000026,192,496,-304
115000027,181,329,-148
115000028,214,829,-615
115000029,338,221,117
115000030,548,1019,-471
115000031,850,352,498
115000032,0,322,-322
115000033,126,16,110
115000034,145,1143,-998
115000035,984,71,913
115000036,1,426,-425
115000037,340,7,333
115000038,29,200,-171
115000039,3456,2151,1305
115000040,7691,3681,4010
115000041,1034,2949,-1915
115000042,1111,829,282
115000043,2853,3188,-335
115000044,3013,5084,-2071
115000045,1854,2900,-1046
115000046,1304,2966,-1662
115000047,1341,2265,-924
115000048,1308,3345,-2037
115000049,1419,3237,-1818
115000050,2902,2093,809
115000051,2341,1998,343
115000052,3350,2217,1133
115000053,1433,1486,-53
115000054,925,1474,-549
115000055,135,375,-240
115000056,147,404,-257
115000057,267,450,-183
115000058,131,149,-18
115000059,185,149,36
115000061,176,113,63
115000062,149,339,-190
115000063,319,391,-72
115000064,266,223,43
115000065,14,250,-236
115000067,225,28,197
115000069,60,428,-368
115000070,51,1012,-961
115000071,115,21,94
115000072,10,84,-74
115000073,1455,51,1404
115000075,35,93,-58
115000076,3821,4120,-299
115000077,1240,4675,-3435
115000078,661,2364,-1703
115000079,1030,2815,-1785
115000080,1836,3375,-1539
115000081,398,1038,-640
115000082,2857,3490,-633
115000083,1655,4246,-2591
115000084,1157,1291,-134
115000085,625,1161,-536
115000086,607,1216,-609
115000087,579,1713,-1134
115000088,1595,758,837
115000089,1821,1753,68
115000090,885,798,87
115000091,318,1452,-1134
115000092,305,410,-105
115000093,402,0,402
115000094,10821,5186,5635
115000095,8194,4771,3423
115000096,507,2925,-2418
115000097,597,805,-208
115000098,645,1062,-417
115000099,1810,4562,-2752
115000100,707,636,71
115000101,318,1980,-1662
115000102,313,256,57
115000103,352,1195,-843
115000105,55,244,-189
115000106,286,309,-23
115000107,173,681,-508
115000108,4870,3033,1837
115000109,7372,3112,4260
115000110,1347,981,366
115000111,832,1667,-835
115000112,595,639,-44
115000113,772,902,-130
115000114,2104,879,1225
115000116,4052,1543,2509
115000117,4654,2121,2533
115000118,1865,1568,297
115000119,1943,2014,-71
115000120,731,830,-99
115000121,1741,973,768
115000122,4636,1477,3159
115000123,2550,1673,877
115000124,724,684,40
115000125,505,634,-129
115000126,139,334,-195
115000127,334,189,145
115000128,1385,957,428
115000129,293,196,97
115000130,273,1450,-1177
115000131,496,307,189
115000132,121,699,-578
115000133,289,516,-227
115000134,235,273,-38
115000135,176,411,-235
115000136,98,285,-187
115000137,80,241,-161
115000138,151,259,-108
115000139,155,321,-166
115000140,180,239,-59
115000141,118,454,-336
115000142,149,467,-318
115000143,388,570,-182
115000144,379,119,260
115000145,153,606,-453
115000146,273,250,23
115000147,482,698,-216
115000148,249,1930,-1681
115000149,351,250,101
115000150,679,1665,-986
115000151,550,484,66
115000152,560,2479,-1919
115000153,496,490,6
115000154,387,370,17
115000155,523,1524,-1001
115000156,1029,659,370
115000157,1163,1110,53
115000158,818,378,440
115000159,867,480,387
115000160,602,753,-151
115000161,596,692,-96
115000162,619,504,115
115000163,771,678,93
115000164,657,562,95
115000165,346,409,-63
115000167,99,63,36
115000168,536,266,270
115000169,794,423,371
115000170,112,149,-37
115000171,231,137,94
115000172,2473,611,1862
115000173,265,324,-59
115000174,33,227,-194
115000175,73,83,-10
115000176,181,169,12
115000177,242,162,80
115000178,8,335,-327
115000179,10,56,-46
115000180,77,1025,-948
115000181,326,176,150
115000182,442,546,-104
115000183,262,1449,-1187
115000186,525,322,203
115000187,153,862,-709
115000188,456,488,-32
115000189,268,472,-204
115000190,844,509,335
115000191,355,472,-117
115000194,208,178,30
115000195,348,222,126
115000196,67,141,-74
115000197,177,643,-466
115000198,189,253,-64
115000199,174,445,-271
115000200,238,146,92
115000201,84,522,-438
115000206,251,139,112
115000207,48,446,-398
115000208,743,1033,-290
115000209,401,177,224
115000210,109,123,-14
115000211,219,334,-115
115000212,1689,316,1373
115000218,75,90,-15
115000219,7,60,-53
115000224,192,64,128
115000225,53,67,-14
115000229,325,171,154
115000230,150,620,-470
115000231,249,3449,-3200
115000232,800,417,383
115000233,112,253,-141
115000234,39,344,-305
115000241,77,326,-249
115000242,81,413,-332
115000243,22,330,-308
115000244,6,127,-121
115000246,35,13,22
115000247,28,11,17
115000248,12,8,4
115000249,49,13,36
115000250,213,68,145
115000251,126,154,-28
115000252,42,203,-161
115000253,18,197,-179
115000258,196,251,-55
115000259,369,171,198
115000261,9,25,-16
115000262,20,27,-7
115000263,16,35,-19
115000264,9,24,-15
115000267,33,72,-39
115000268,48,121,-73
115000269,109,65,44
115000270,12,26,-14
115000272,87,205,-118
115000273,530,28,502
115000274,150,345,-195
115000280,2997,124,2873
115000281,981,236,745
115000282,2200,612,1588
115000284,273,98,175
115000296,794,15,779
115000297,231,100,131
115000298,92,230,-138
115000300,90,218,-128
115000302,185,285,-100
115000303,398,198,200
115000304,466,145,321
115000305,68,1524,-1456
115000306,110,694,-584
115000307,109,316,-207
115000308,44,23,21
115000309,3,9,-6
115000310,566,1512,-946
115000311,488,1722,-1234
115000313,126,1053,-927
115000314,250,93,157
115000315,1268,313,955
115000316,58,97,-39
115000317,149,856,-707
115000318,593,311,282
115000319,60,315,-255
115000320,16,287,-271
115000321,449,15,434
115000322,68,320,-252
115000449,467,151,316
115000557,20,543,-523
115000558,231,89,142
115000587,256,452,-196
115000588,2245,4503,-2258
115000589,2709,3002,-293
115000590,1041,2080,-1039
115000591,1098,795,303
115000592,839,1744,-905
115000593,1560,682,878
115000594,1030,1726,-696
115000609,48,115,-67
115000617,2707,1719,988
115000624,125,49,76
115000633,461,2150,-1689
115000634,2765,993,1772
115000635,290,140,150
115000638,1428,653,775
115000641,64,138,-74
115000642,483,313,170
115000643,149,515,-366
115000644,119,532,-413
115000646,780,1185,-405
115000647,152,625,-473
115000648,1065,2051,-986
115000893,3215,1019,2196
115000894,104,1458,-1354
115000895,267,989,-722
115000896,852,363,489
115000897,560,88,472
115000898,923,282,641
115000899,952,1038,-86
115000900,164,451,-287
115000901,94,96,-2
115000912,212,91,121
115000913,1,64,-63
115000915,11,0,11
115000916,5,0,5
115000917,1,4,-3
115000918,55,390,-335
115000919,19,15,4
115000920,32,46,-14
115000921,1974,136,1838
115000922,836,525,311
115000923,444,761,-317
115000925,40,74,-34
115000927,23,30,-7
115000933,164,113,51
115000934,9,62,-53
115000935,17,15,2
115900001,45,89,-44
115900002,64,270,-206
115900003,135,194,-59
115900004,1,76,-75
115900005,104,7,97
115900006,94,623,-529
115900008,22,21,1
115900009,66,436,-370
115900010,125,292,-167
115900011,331,387,-56
115900012,63,119,-56
115900013,456,246,210
115900014,109,235,-126
115900015,69,210,-141
115900016,80,46,34
115900017,13,1,12
115900018,110,141,-31
115900019,1574,30,1544
115900020,42,0,42
115900021,2397,223,2174
115900022,1847,7,1840
115900023,15,2,13
115900025,83,176,-93
115900026,970,451,519
115900027,2,524,-522
115900028,792,106,686
115900029,2,712,-710
115900030,116,5,111
115900031,297,166,131
115900032,316,1107,-791
115900033,2,63,-61
115900034,31,798,-767
115900035,46,246,-200
115900036,139,304,-165
115900037,20,767,-747
115900038,21,16,5
115900039,111,374,-263
115900041,386,298,88
115900042,5,10,-5
115900043,53,164,-111
115900044,200,236,-36
115900046,215,323,-108
115900047,70,89,-19
115900049,106,243,-137
115900051,4,24,-20
115900052,10,298,-288
115900053,114,377,-263
115900054,52,47,5
115900055,15,183,-168
115900056,104,509,-405
115900057,15,4,11
115900058,22,96,-74
115900060,124,171,-47
115900061,124,1,123
115900062,24,346,-322
115900063,30,18,12
115900064,172,239,-67
115900065,77,176,-99
115900066,205,288,-83
115900067,16,1032,-1016
115900068,4421,259,4162
115900069,49,203,-154
115900070,90,321,-231
115900071,0,954,-954
115900072,107,427,-320
115900073,28,41,-13
115900074,3,485,-482
115900075,11,426,-415
115900076,5,126,-121
115900077,2,388,-386
115900078,41,191,-150
115900079,108,8,100
115900080,673,319,354
115900081,14,90,-76
115900082,168,191,-23
115900084,189,28,161
115900085,82,61,21
115900086,1977,608,1369
115900088,27,46,-19
115900089,128,1003,-875
115900090,117,18,99
115900091,1,24,-23
115900092,12,290,-278
115900093,3,28,-25
115900094,6,545,-539
115900096,1,14,-13
115900097,12,673,-661
115900098,83,689,-606
115900099,60,118,-58
115900100,9,814,-805
115900101,122,690,-568
115900102,32,132,-100
115900103,226,349,-123
115900104,41,243,-202
115900105,90,960,-870
115900106,29,24,5
115900107,30,292,-262
115900108,39,41,-2
115900109,59,541,-482
115900110,2,32,-30
115900111,2,115,-113
115900112,52,1451,-1399
115900113,26,20,6
115900114,2,188,-186
115900115,39,132,-93
115900116,73,1572,-1499
115900117,43,22,21
115900118,8,401,-393
115900119,61,113,-52
115900120,13,524,-511
115900121,76,355,-279
115900124,213,340,-127
115900125,193,52,141
115900126,345,96,249
115900127,381,50,331
115900128,3,72,-69
115900129,586,45,541
115900130,36,164,-128
115900131,303,32,271
115900132,225,14,211
115900134,229,17,212
115900135,599,595,4
115900137,3,6,-3
115900139,146,174,-28
115900140,124,24,100
115900141,27,154,-127
115900142,11,27,-16
115900143,115,412,-297
115900144,43,282,-239
115900146,15,178,-163
115900147,196,214,-18
115900148,6,2,4
115900149,23,23,0
115900150,50,90,-40
115900151,12,71,-59
115900152,68,507,-439
115900153,68,394,-326
115900154,929,357,572
115900155,1,98,-97
115900156,495,871,-376
115900157,62,487,-425
115900158,35,8,27
115900159,66,322,-256
115900160,13,13,0
115900161,108,299,-191
115900163,127,176,-49
115900164,180,16,164
115900165,0,103,-103
115900166,197,372,-175
115900168,27,176,-149
115900171,114,539,-425
115900172,43,193,-150
115900173,181,170,11
115900174,315,262,53
115900175,47,189,-142
115900178,2,922,-920
115900179,119,10,109
115900180,68,491,-423
115900181,92,332,-240
115900182,198,410,-212
115900183,206,55,151
115900184,1992,37,1955
115900187,5,101,-96
115900189,1,187,-186
115900190,515,823,-308
115900191,84,604,-520
115900192,10,75,-65
115900193,90,97,-7
115900194,355,49,306
115900195,569,1034,-465
115900198,243,292,-49
115900199,130,380,-250
115900200,418,497,-79
115900201,455,301,154
115900202,2,29,-27
115900203,6,11,-5
115900204,0,0,0
115900205,36,20,16
115900206,70,186,-116
115900207,10,11,-1
115900208,47,462,-415
115900209,3,172,-169
115900210,6,203,-197
115900211,2,298,-296
115900212,91,305,-214
115900213,18,45,-27
115900214,179,268,-89
115900215,26,50,-24
115900216,8,118,-110
115900217,5,105,-100
115900218,1,60,-59
115900219,30,29,1
115900220,63,11,52
115900221,26,15,11
115900222,15,10,5
115900223,13,111,-98
115900224,1946,398,1548
115900225,79,30,49
115900226,51,46,5
115900227,72,61,11
115900228,4,54,-50
115900229,2,61,-59
115900230,61,135,-74
115900231,81,2,79
115900232,30,1,29
115900233,62,21,41
115900234,41,29,12
115900235,5,29,-24
115900236,40,19,21
115900237,2,27,-25
115900238,10,16,-6
115900239,26,32,-6
115900240,12,71,-59
115900241,93,95,-2
115900242,184,209,-25
115900243,23,15,8
115900244,14,15,-1
115900245,6,18,-12
115900246,24,1,23
115900247,1,2,-1
115900248,16,7,9
115900249,0,8,-8
115900250,10,15,-5
115900251,1,12,-11
115900252,3,3,0
115900253,1,17,-16
115900254,25,23,2
115900255,7,22,-15
115900256,19,14,5
115900257,0,4,-4
115900258,0,2,-2
115900259,1,4,-3
115900260,10,0,10
115900261,12,6,6
115900262,2,1,1
115900263,7,4,3
115900264,17,6,11
115900265,0,5,-5
115900266,6,10,-4
115900267,1,2,-1
115900268,3,11,-8
115900269,227,469,-242
115900270,237,998,-761
115900271,14,0,14
115900272,6,0,6
115900273,0,0,0
115900274,0,22,-22
115900275,0,21,-21
115900276,0,36,-36
115900277,0,37,-37
115900278,2,39,-37
115900279,0,53,-53
115900280,5,64,-59
115900281,66,21,45
116000001,19928,5574,14354
116000002,4185,6250,-2065
116000003,1655,1906,-251
116000004,1627,1989,-362
116000005,3059,3582,-523
116000006,1828,1345,483
116000007,5312,4633,679
116000008,5139,1736,3403
116000009,1956,3217,-1261
116000010,1463,1176,287
116000011,830,2050,-1220
116000012,769,550,219
116000013,19218,5052,14166
116000014,22262,7444,14818
116000015,776,919,-143
116000016,10295,2391,7904
116000017,27,558,-531
116000018,987,527,460
116000019,623,320,303
116000020,460,1373,-913
116000021,314,253,61
116000022,319,640,-321
116000023,678,579,99
116000024,677,2014,-1337
116000025,678,567,111
116000026,1955,2878,-923
116000027,739,542,197
116000028,417,530,-113
116000029,1082,611,471
116000030,418,339,79
116000031,189,221,-32
116000032,266,251,15
116000033,239,505,-266
116000034,496,785,-289
116000035,206,652,-446
116000036,2601,858,1743
116000037,879,603,276
116000038,609,326,283
116000039,843,423,420
116000040,1264,419,845
116000041,468,662,-194
116000042,474,362,112
116000043,82,507,-425
116000044,7,66,-59
116000045,1605,1059,546
116000046,1366,1108,258
116000047,2187,1904,283
116000048,2104,1630,474
116000049,897,1867,-970
116000050,1318,1453,-135
116000051,3446,1584,1862
116000052,4204,3980,224
116000053,1535,1047,488
116000054,704,2263,-1559
116000055,360,1339,-979
116000056,522,1048,-526
116000057,3399,2181,1218
116000058,3898,2099,1799
116000059,3957,4238,-281
116000060,3674,919,2755
116000061,254,753,-499
116000062,652,284,368
116000063,560,1120,-560
116000066,163,488,-325
116000067,303,658,-355
116000068,179,240,-61
116000069,248,466,-218
116000078,295,1005,-710
116000080,1341,1174,167
116000082,23,182,-159
116000083,979,386,593
116000084,2904,4553,-1649
116000085,1712,1201,511
116000086,2602,1454,1148
116000087,1000,1198,-198
116000088,998,1872,-874
116000089,182,133,49
116000090,132,154,-22
116000091,344,89,255
116000093,582,1399,-817
116000094,358,894,-536
116000095,491,1001,-510
116000096,566,1428,-862
116000097,433,1073,-640
116000098,42,4420,-4378
116000099,12517,496,12021
116000100,114,12,102
116000101,448,2025,-1577
116000102,206,1811,-1605
116000103,523,261,262
116000104,207,2167,-1960
116000105,713,235,478
116000106,336,1310,-974
116000107,1511,536,975
116000108,299,206,93
116000111,89,13,76
116000113,105,71,34
116000114,25,151,-126
116000115,124,63,61
116000116,217,678,-461
116000117,1010,1929,-919
116000118,988,2042,-1054
116000119,1918,1675,243
116000120,2874,5788,-2914
116000121,464,451,13
116000122,1517,3117,-1600
116000123,501,502,-1
116000124,281,1548,-1267
116000125,1895,646,1249
116000126,319,1987,-1668
116000127,1239,2108,-869
116000128,1165,832,333
116000129,792,258,534
116000130,292,277,15
116000133,375,1048,-673
116000134,1408,3765,-2357
116000135,1296,1396,-100
116000136,1089,3265,-2176
116000137,584,546,38
116000138,1582,524,1058
116000139,1752,2641,-889
116000140,100,220,-120
116000141,378,1342,-964
116000142,4818,4408,410
116000143,1780,1544,236
116000144,1244,3960,-2716
116000145,1367,1624,-257
116000146,250,502,-252
116000147,232,126,106
116000148,356,470,-114
116000149,413,539,-126
116000151,476,1299,-823
116000153,55,486,-431
116000155,250,254,-4
116000156,669,2307,-1638
116000157,31,27,4
116000158,288,396,-108
116000159,7,14,-7
116000160,4,185,-181
116000161,7,161,-154
116000162,136,61,75
116000163,12,14,-2
116000164,10,18,-8
116000177,291,119,172
116000194,76,550,-474
116000195,1623,693,930
116000196,13,3,10
116000197,3,8,-5
116000198,2834,1198,1636
116000200,863,239,624
116000201,683,778,-95
116000202,5,376,-371
116000203,4,110,-106
116000204,16,50,-34
116000205,2,226,-224
116000206,1,150,-149
116000207,7,40,-33
116000233,127,1087,-960
116000287,98,778,-680
116000288,98,344,-246
116000292,40,230,-190
116000296,10,229,-219
116000297,28,11,17
116000304,73,19,54
116000305,14,156,-142
116000346,170,226,-56
116000352,155,56,99
116000354,83,15,68
116000357,16,14,2
116000358,164,62,102
116000361,114,4,110
116000372,10683,2602,8081
116000381,92,0,92
116000388,5,53,-48
116000389,584,635,-51
116000445,257,1040,-783
116000446,252,1534,-1282
116000447,9,483,-474
116000448,653,326,327
116000563,1606,823,783
116000565,63,500,-437
116000568,43,206,-163
116000579,11,180,-169
116000584,15,28,-13
116000585,10,23,-13
116000586,214,136,78
116000587,379,654,-275
116000589,20,109,-89
116000590,71,89,-18
116000591,101,355,-254
116000592,22,260,-238
116000593,1,48,-47
116000594,343,690,-347
116000595,598,177,421
116000596,68,10,58
116000597,156,86,70
116000598,12,262,-250
116000602,97,413,-316
116000605,233,231,2
116000606,33,131,-98
116000607,7,91,-84
116000609,226,667,-441
116000611,66,761,-695
116000612,562,1797,-1235
116000613,237,310,-73
116000614,522,1097,-575
116000615,22,160,-138
116000616,35,144,-109
116000617,46,144,-98
116000618,4,226,-222
116000619,27,61,-34
116000620,96,31,65
116000621,28,133,-105
116000622,36,145,-109
116000624,121,72,49
116000627,2,11,-9
116000628,8,760,-752
116000629,7,782,-775
116000630,66,13,53
116000631,43,12,31
116000632,175,697,-522
116000633,8,1060,-1052
116000634,141,10,131
116000635,926,620,306
116900001,215,147,68
116900002,389,4,385
116900003,4,86,-82
116900004,45,43,2
116900005,166,60,106
116900006,183,142,41
116900007,111,257,-146
116900008,226,612,-386
116900009,12,2,10
116900010,3,2436,-2433
116900011,19,63,-44
116900012,247,282,-35
116900013,5,339,-334
116900014,39,579,-540
116900015,171,119,52
116900016,95,0,95
116900017,13,1029,-1016
116900018,70,80,-10
116900019,2,602,-600
116900020,2046,453,1593
116900023,50,21,29
116900024,290,82,208
116900025,428,1615,-1187
116900026,237,1064,-827
116900027,22,48,-26
116900028,4,189,-185
116900029,3,21,-18
116900031,1,29,-28
116900032,5,556,-551
116900033,7,6,1
116900034,3,84,-81
116900035,75,200,-125
116900036,4,134,-130
116900038,9,4,5
116900041,57,13,44
116900042,1196,283,913
116900043,9,85,-76
116900045,177,59,118
116900047,136,43,93
116900049,45,376,-331
116900050,85,599,-514
116900051,36,380,-344
116900052,216,138,78
116900055,3,7,-4
116900057,11,446,-435
116900058,20,511,-491
116900059,4,331,-327
116900060,132,292,-160
116900062,0,9,-9
116900064,42,1563,-1521
116900065,17,133,-116
116900067,89,154,-65
116900068,83,411,-328
116900070,1,2,-1
116900072,16,782,-766
116900073,10,293,-283
116900074,5,60,-55
116900076,11,23,-12
116900077,8,301,-293
116900078,216,211,5
116900079,27,592,-565
116900080,13,24,-11
116900081,379,1995,-1616
116900082,260,977,-717
116900083,39,109,-70
116900084,185,73,112
116900085,35,179,-144
116900086,34,317,-283
116900088,479,67,412
116900090,164,97,67
116900091,149,58,91
116900092,84,1030,-946
116900093,2238,2210,28
116900094,8431,2698,5733
116900095,297,191,106
116900096,104,187,-83
116900097,5412,2007,3405
116900098,1076,315,761
116900099,877,426,451
116900100,431,25,406
116900101,341,941,-600
116900103,3,4,-1
116900104,37,80,-43
116900105,207,62,145
116900106,941,506,435
116900107,5808,1389,4419
116900110,36,1,35
116900111,198,1801,-1603
116900112,188,1624,-1436
116900113,4414,913,3501
116900116,84,343,-259
116900117,14,143,-129
116900118,1235,638,597
116900120,145,185,-40
116900121,25,79,-54
116900122,407,1443,-1036
116900123,102,1359,-1257
116900124,164,1065,-901
116900125,206,341,-135
116900126,401,616,-215
116900128,0,56,-56
116900129,1,479,-478
116900130,1236,1923,-687
116900131,74,206,-132
116900132,21,104,-83
116900133,59,160,-101
116900134,182,356,-174
116900136,158,222,-64
116900137,274,270,4
116900138,147,294,-147
116900139,83,507,-424
116900140,151,233,-82
116900141,399,404,-5
116900142,4,21,-17
116900143,239,712,-473
116900144,19,63,-44
116900145,72,478,-406
116900147,735,395,340
116900148,3,23,-20
116900149,24,148,-124
116900150,22,9,13
116900151,66,16,50
116900153,94,65,29
116900154,794,273,521
116900155,79,66,13
116900157,212,374,-162
116900158,77,146,-69
116900159,37,287,-250
116900160,748,286,462
116900161,11661,4211,7450
116900162,5,211,-206
116900163,57,192,-135
116900164,70,42,28
116900165,158,106,52
116900166,20,154,-134
116900167,230,82,148
116900168,122,125,-3
116900169,869,263,606
116900170,272,276,-4
116900171,36,389,-353
116900172,228,130,98
116900173,105,61,44
116900174,18,18,0
116900175,201,102,99
116900178,9,278,-269
116900179,91,119,-28
116900180,80,34,46
116900182,427,232,195
116900183,108,92,16
116900185,18,14,4
116900186,56,533,-477
116900187,31,22,9
116900188,71,16,55
116900189,25,0,25
116900191,332,507,-175
116900192,179,322,-143
116900194,80,648,-568
116900195,18,11,7
116900196,12,152,-140
116900197,49,11,38
116900198,285,121,164
116900200,47,42,5
116900201,27,7,20
116900202,153,83,70
116900203,139,3,136
116900204,51,67,-16
116900206,5,46,-41
116900207,30,35,-5
116900208,14,196,-182
116900209,9,231,-222
116900210,324,239,85
116900211,165,19,146
116900212,26,94,-68
116900213,182,275,-93
116900214,66,178,-112
116900215,38,105,-67
116900216,159,480,-321
116900218,18,452,-434
116900219,1025,361,664
116900220,63,239,-176
116900221,42,283,-241
116900222,336,361,-25
116900223,84,254,-170
116900226,69,124,-55
116900227,145,88,57
116900228,189,378,-189
116900230,52,564,-512
116900231,18,658,-640
116900232,10,817,-807
116900233,165,123,42
116900234,7,8,-1
116900235,118,484,-366
116900238,1637,514,1123
116900239,73,901,-828
116900240,8772,2975,5797
116900241,87,227,-140
116900242,469,300,169
116900243,15,242,-227
116900245,21,10,11
116900246,42,5,37
116900247,336,25,311
116900248,63,29,34
116900249,136,224,-88
116900250,173,46,127
116900251,555,272,283
116900252,52,1489,-1437
116900253,70,133,-63
116900254,3,90,-87
116900255,95,26,69
116900256,204,117,87
116900257,3,927,-924
116900258,6,549,-543
116900259,89,5,84
116900260,0,196,-196
116900261,22,1,21
116900262,72,172,-100
116900263,0,11,-11
116900264,0,6,-6
116900265,7,0,7
116900266,4,119,-115
116900267,1,0,1
116900268,15,18,-3
116900269,297,551,-254
116900271,3060,95,2965
116900272,624,797,-173
116900273,333,54,279
116900274,44,97,-53
116900275,81,170,-89
116900276,1112,38,1074
116900277,963,20,943
116900278,3,21,-18
116900279,1,32,-31
116900280,13,41,-28
116900281,10842,2435,8407
116900282,7,231,-224
116900283,24,177,-153
116900284,21,336,-315
116900285,426,273,153
116900286,266,14,252
116900287,5,148,-143
116900288,33,171,-138
116900289,2,63,-61
116900290,5,60,-55
116900291,3,9,-6
116900292,0,4,-4
116900293,28,113,-85
116900294,23,172,-149
116900295,86,85,1
116900296,13,28,-15
116900297,1,24,-23
116900298,53,28,25
116900299,44,50,-6
116900300,0,272,-272
116900301,66,40,26
116900302,463,131,332
116900303,577,41,536
116900304,0,94,-94
116900305,32,72,-40
116900306,52,94,-42
117000001,1330,1294,36
117000002,1826,5070,-3244
117000003,6577,2658,3919
117000004,4928,6208,-1280
117000005,1299,1487,-188
117000006,1196,4595,-3399
117000007,2394,1088,1306
117000008,1500,5758,-4258
117000009,4097,1553,2544
117000010,3080,5664,-2584
117000011,1399,2080,-681
117000012,1204,2176,-972
117000013,1037,1284,-247
117000014,891,3180,-2289
117000015,3479,1286,2193
117000016,707,72,635
117000017,573,211,362
117000018,208,483,-275
117000019,192,3,189
117000020,831,1190,-359
117000021,4259,463,3796
117000022,797,64,733
117000023,830,114,716
117000024,629,131,498
117000025,1185,871,314
117000026,3534,778,2756
117000027,3435,1279,2156
117000028,4304,683,3621
117000030,645,481,164
117000031,282,117,165
117000032,2036,1988,48
117000033,1746,1576,170
117000034,277,322,-45
117000035,125,115,10
117000036,316,347,-31
117000037,123,130,-7
117000038,223,547,-324
117000039,232,251,-19
117000040,133,2031,-1898
117000041,500,168,332
117000044,33,1717,-1684
117000045,229,52,177
117000046,507,963,-456
117000047,486,510,-24
117000048,2467,2025,442
117000049,190,712,-522
117000050,114,3810,-3696
117000051,1768,169,1599
117000052,21,902,-881
117000053,142,77,65
117000054,1395,6,1389
117000055,22,5295,-5273
117000056,526,19,507
117000057,743,2838,-2095
117000060,455,1993,-1538
117000061,1358,744,614
117000062,177,663,-486
117000063,1347,690,657
117000064,1029,986,43
117000066,1680,1102,578
117000067,119,321,-202
117000074,199,170,29
117000076,112,39,73
117000077,110,113,-3
117000078,136,873,-737
117000079,285,215,70
117000080,1,433,-432
117000081,762,127,635
117000082,9,44,-35
117000083,134,10,124
117000084,395,1,394
117000085,239,647,-408
117000086,1371,908,463
117000087,141,655,-514
117000088,216,228,-12
117000089,1259,376,883
117000090,268,2174,-1906
117000091,507,365,142
117000092,390,2446,-2056
117000093,883,692,191
117000094,874,3595,-2721
117000095,2356,875,1481
117000096,620,3574,-2954
117000097,1008,1348,-340
117000098,3273,7558,-4285
117000099,2349,1125,1224
117000100,157,231,-74
117000101,214,1909,-1695
117000102,1428,719,709
117000103,879,2611,-1732
117000104,1042,601,441
117000105,1006,2455,-1449
117000106,836,937,-101
117000107,586,2829,-2243
117000108,1287,1099,188
117000109,2070,3906,-1836
117000110,1198,860,338
117000111,3848,5786,-1938
117000112,2692,2514,178
117000113,121,468,-347
117000114,139,189,-50
117000115,59,236,-177
117000116,72,323,-251
117000117,1813,703,1110
117000118,320,199,121
117000119,628,72,556
117000120,467,140,327
117000121,257,540,-283
117000122,718,990,-272
117000123,2513,43,2470
117000124,1038,77,961
117000125,510,83,427
117000126,83,40,43
117000127,227,503,-276
117000128,564,837,-273
117000129,427,50,377
117000130,234,0,234
117000131,0,54,-54
117000132,1644,32,1612
117000133,844,278,566
117000134,1,52,-51
117000135,7,38,-31
117000136,1,74,-73
117000137,36,65,-29
117000138,0,755,-755
117000140,539,2191,-1652
117000141,1473,672,801
117000181,1395,547,848
117000182,236,294,-58
117000195,196,1909,-1713
117000196,156,90,66
117000225,186,5,181
117000226,21,135,-114
117000276,220,7,213
117000277,2,892,-890
117000310,2608,3304,-696
117000315,40,944,-904
117000320,63,0,63
117000906,136,17,119
117000907,16,658,-642
117000908,161,14,147
117000909,92,30,62
117000910,209,168,41
117000911,117,205,-88
117000915,10,914,-904
117000916,8,3,5
117000917,609,23,586
117000918,23,42,-19
117000919,10,212,-202
117000920,7,2597,-2590
117000921,7,2979,-2972
117000922,66,129,-63
117000924,482,598,-116
117000926,1721,99,1622
117000927,2758,550,2208
117000928,1,346,-345
117000929,137,676,-539
117000930,98,32,66
117000931,1051,89,962
117900002,170,441,-271
117900003,1123,506,617
117900005,7,8,-1
117900006,1,35,-34
117900007,88,229,-141
117900008,0,36,-36
117900010,257,159,98
117900011,29,13,16
117900012,56,247,-191
117900013,2,444,-442
117900014,319,285,34
117900015,17,232,-215
117900016,1759,555,1204
117900017,485,670,-185
117900018,246,26,220
117900019,251,734,-483
117900020,60,265,-205
117900021,37,162,-125
117900022,18,13,5
117900023,841,177,664
117900024,86,139,-53
117900025,25,14,11
117900026,243,650,-407
117900028,71,10,61
117900029,244,1426,-1182
117900030,270,190,80
117900031,183,103,80
117900032,620,561,59
117900033,159,1202,-1043
117900034,29,37,-8
117900035,125,85,40
117900036,179,932,-753
117900037,67,190,-123
117900038,45,531,-486
117900039,8,123,-115
117900040,82,876,-794
117900041,11,77,-66
117900042,6089,623,5466
117900043,39,66,-27
117900044,291,2958,-2667
117900045,137,99,38
117900048,137,463,-326
117900049,130,1062,-932
117900050,11,20,-9
117900051,44,8,36
117900052,95,290,-195
117900053,823,945,-122
117900054,1,24,-23
117900055,148,214,-66
117900056,615,26,589
117900057,1171,1685,-514
117900058,380,98,282
117900059,403,97,306
117900060,855,7719,-6864
117900061,16,247,-231
117900063,203,287,-84
117900065,963,1566,-603
117900066,6,46,-40
117900067,268,426,-158
117900069,504,660,-156
117900070,403,10,393
117900071,93,163,-70
117900073,235,604,-369
117900074,204,8,196
117900075,27,86,-59
117900076,12,51,-39
117900077,182,214,-32
117900078,291,483,-192
117900080,205,76,129
117900081,655,564,91
117900082,295,266,29
117900083,204,1011,-807
117900086,65,72,-7
117900087,102,72,30
117900088,3442,2589,853
117900089,1224,425,799
117900090,315,1194,-879
117900091,154,200,-46
117900092,74,56,18
117900093,47,89,-42
117900094,16,10,6
117900095,224,681,-457
117900096,64,298,-234
117900097,308,104,204
117900098,13,6,7
117900099,109,623,-514
117900100,119,0,119
117900101,552,1174,-622
117900102,26,76,-50
117900103,19,0,19
117900104,14,246,-232
117900105,171,304,-133
117900106,62,64,-2
117900107,15,0,15
117900109,346,392,-46
117900110,35,0,35
117900111,145,5,140
117900112,42,16,26
117900113,5545,1811,3734
117900114,15,3,12
117900115,342,41,301
117900116,1042,979,63
117900117,409,655,-246
117900118,14,0,14
117900119,95,429,-334
117900120,96,213,-117
117900121,41,42,-1
117900122,1531,1918,-387
117900123,736,1010,-274
117900124,861,915,-54
117900125,1506,1056,450
117900126,378,760,-382
117900127,413,842,-429
117900128,258,1357,-1099
117900129,35,0,35
117900130,1040,445,595
117900131,6,190,-184
117900132,9,137,-128
117900133,3,191,-188
117900134,56,302,-246
117900135,16,323,-307
117900136,0,89,-89
117900137,94,520,-426
117900138,0,93,-93
117900139,36,157,-121
117900140,6627,397,6230
117900141,292,285,7
117900142,137,9,128
117900144,110,118,-8
117900145,93,7,86
117900146,206,112,94
117900147,27,70,-43
117900148,3807,1200,2607
117900149,37,232,-195
117900150,19,138,-119
117900151,29,213,-184
117900152,141,119,22
117900153,19,113,-94
117900154,320,984,-664
117900156,928,774,154
117900157,63,552,-489
117900158,106,128,-22
117900160,470,453,17
117900161,3157,3478,-321
117900162,303,449,-146
117900163,105,9,96
117900165,0,11,-11
117900166,92,202,-110
117900168,58,166,-108
117900169,3,159,-156
117900170,0,30,-30
117900171,4,21,-17
117900172,2,49,-47
117900173,157,79,78
117900174,31,88,-57
117900175,19,37,-18
117900176,3,72,-69
117900177,13,80,-67
117900178,123,53,70
117900180,371,33,338
117900181,221,265,-44
117900182,1,33,-32
117900183,38,149,-111
117900184,28,82,-54
117900185,24,46,-22
117900186,33,24,9
117900187,12,16,-4
117900188,292,34,258
117900189,59,20,39
117900190,13,3,10
117900191,62,2,60
117900192,128,3,125
117900193,34,71,-37
117900194,3,10,-7
117900195,26,88,-62
117900196,11,13,-2
117900207,145,98,47
117900208,46,64,-18
117900209,170,150,20
117900210,297,282,15
117900211,17,263,-246
117900212,113,156,-43
117900213,6,17,-11
117900214,1,92,-91
117900215,2,12,-10
117900216,30,12,18
117900217,94,69,25
117900218,93,165,-72
117900219,4,73,-69
117900220,155,59,96
117900221,7,1,6
118000001,934,488,446
118000002,1441,2218,-777
118000003,1844,1378,466
118000004,2807,2038,769
118000005,7738,2671,5067
118000006,9821,8825,996
118000007,8881,3055,5826
118000008,6779,3346,3433
118000009,2379,3116,-737
118000010,4020,4362,-342
118000011,901,3645,-2744
118000012,1189,3634,-2445
118000013,4117,3727,390
118000014,2455,3634,-1179
118000016,256,525,-269
118000017,221,440,-219
118000018,258,736,-478
118000019,2138,1335,803
118000020,1447,1632,-185
118000021,738,2040,-1302
118000022,1993,592,1401
118000023,1059,237,822
118000024,1966,768,1198
118000025,1470,909,561
118000027,20676,6088,14588
118000029,1445,568,877
118000032,1803,2044,-241
118000033,2982,2611,371
118000034,6378,2149,4229
118000035,1555,1715,-160
118000036,1181,971,210
118000037,695,962,-267
118000038,132,127,5
118000039,63,536,-473
118000040,1509,2459,-950
118000041,1900,1780,120
118000045,880,188,692
118000046,2863,737,2126
118000047,2310,707,1603
118000048,4801,1492,3309
118000051,4701,2162,2539
118000052,4171,1378,2793
118000053,1518,1220,298
118000054,4126,2404,1722
118000055,4070,3200,870
118000056,446,410,36
118000057,648,732,-84
118000058,6721,1603,5118
118000059,3999,1116,2883
118000060,865,968,-103
118000061,750,1612,-862
118000062,705,337,368
118000063,426,536,-110
118000064,1053,1373,-320
118000065,5970,2009,3961
118000066,910,1185,-275
118000067,1535,812,723
118000068,2266,3838,-1572
118000069,4104,1483,2621
118000070,9517,2122,7395
118000071,4919,5893,-974
118000072,2536,1099,1437
118000073,3323,610,2713
118000074,515,582,-67
118000075,1357,357,1000
118000076,1236,1315,-79
118000077,1485,1217,268
118000078,1807,1629,178
118000079,357,410,-53
118000080,1185,903,282
118000081,1453,1143,310
118000082,327,883,-556
118000083,2597,1338,1259
118000084,2715,1592,1123
118000086,225,523,-298
118000087,8065,2813,5252
118000088,1846,1791,55
118000089,4563,2897,1666
118000090,2659,2834,-175
118000091,2111,1880,231
118000092,1498,427,1071
118000093,154,661,-507
118000096,478,601,-123
118000097,632,525,107
118000098,205,204,1
118000099,361,1089,-728
118000101,688,341,347
118000102,332,1826,-1494
118000107,4501,599,3902
118000108,657,1481,-824
118000110,2,31,-29
118000111,1,797,-796
118000112,169,7,162
118000113,6,1484,-1478
118000114,208,7,201
118000115,26,12,14
118000116,52,1,51
118000117,1238,1054,184
118000118,746,658,88
118000119,813,1154,-341
118000120,1801,1936,-135
118000121,75,574,-499
118000122,1080,264,816
118000123,37,294,-257
118000125,2014,1317,697
118000126,656,1530,-874
118000127,1758,749,1009
118000128,750,1404,-654
118000129,717,293,424
118000130,3136,4773,-1637
118000131,642,1125,-483
118000132,1916,1432,484
118000133,460,487,-27
118000135,488,305,183
118000136,94,634,-540
118000137,643,57,586
118000138,258,1336,-1078
118000139,176,76,100
118000140,2510,3438,-928
118000141,1772,2161,-389
118000142,1205,2298,-1093
118000143,1221,1074,147
118000144,1914,1243,671
118000145,1371,3078,-1707
118000146,1003,1500,-497
118000147,630,2044,-1414
118000148,351,1451,-1100
118000149,711,1435,-724
118000150,296,230,66
118000151,220,555,-335
118000153,818,1307,-489
118000154,841,1909,-1068
118000155,773,1425,-652
118000156,2863,2495,368
118000157,448,363,85
118000158,122,519,-397
118000159,20,78,-58
118000160,316,470,-154
118000161,329,1231,-902
118000162,1040,910,130
118000163,488,791,-303
118000164,2502,1489,1013
118000168,1818,379,1439
118000169,1057,2060,-1003
118000170,4294,7722,-3428
118000171,222,840,-618
118000172,130,305,-175
118000173,775,1289,-514
118000175,279,444,-165
118000176,219,421,-202
118000177,140,640,-500
118000178,67,55,12
118000179,1714,751,963
118000180,760,795,-35
118000181,823,435,388
118000182,248,276,-28
118000183,243,301,-58
118000184,509,1210,-701
118000185,1228,823,405
118000186,716,1001,-285
118000187,972,1033,-61
118000188,503,258,245
118000189,335,1160,-825
118000190,10,9,1
118000191,15,75,-60
118000192,209,228,-19
118000193,191,331,-140
118000194,2078,1200,878
118000195,1971,878,1093
118000196,760,120,640
118000197,269,112,157
118000198,660,454,206
118000199,916,428,488
118000200,80,287,-207
118000201,665,383,282
118000202,66,58,8
118000203,1644,411,1233
118000204,174,198,-24
118000205,339,319,20
118000206,212,247,-35
118000207,1,181,-180
118000208,1029,1599,-570
118000209,1503,2145,-642
118000210,30,36,-6
118000211,25,28,-3
118000213,1258,1636,-378
118000214,559,393,166
118000215,229,362,-133
118000216,1793,5886,-4093
118000217,16,146,-130
118000218,38,148,-110
118000219,623,430,193
118000220,6,14,-8
118000221,95,295,-200
118000222,55,20,35
118000223,20,42,-22
118000224,228,139,89
118000225,112,1200,-1088
118000226,771,143,628
118000227,1035,278,757
118000228,192,131,61
118000229,428,38,390
118000230,83,441,-358
118000231,76,239,-163
118000232,551,1225,-674
118000233,642,986,-344
118000234,175,439,-264
118000236,391,608,-217
118000237,33,864,-831
118000238,160,484,-324
118000239,265,348,-83
118000240,767,117,650
118000241,133,254,-121
118000242,328,836,-508
118000243,106,319,-213
118000244,23,245,-222
118000246,0,5,-5
118000255,30,222,-192
118000256,60,231,-171
118000259,7,106,-99
118000260,86,114,-28
118000261,7,164,-157
118000263,68,238,-170
118000266,87,583,-496
118000267,2,104,-102
118000268,406,4,402
118000270,30,65,-35
118000271,158,365,-207
118000272,89,50,39
118000273,68,124,-56
118000274,101,493,-392
118000276,352,409,-57
118000295,0,76,-76
118000298,184,496,-312
118000299,70,204,-134
118000301,0,65,-65
118000302,66,127,-61
118000311,173,133,40
118000312,184,241,-57
118000313,52,254,-202
118000314,57,108,-51
118000315,46,134,-88
118000316,468,600,-132
118000325,26,161,-135
118000326,41,65,-24
118000331,29,97,-68
118000332,15,113,-98
118000333,22,112,-90
118000335,133,0,133
118000336,1,537,-536
118000407,61,91,-30
118000457,17,25,-8
118000465,4822,2654,2168
118000480,8,180,-172
118000489,63,163,-100
118000490,92,541,-449
118000492,112,260,-148
118000510,62,14,48
118000514,197,445,-248
118000515,547,466,81
118000517,459,189,270
118000524,747,214,533
118000525,952,979,-27
118000530,9,143,-134
118000531,113,331,-218
118000532,134,325,-191
118000533,258,154,104
118000534,485,435,50
118000535,227,112,115
118000536,1248,773,475
118000537,33,117,-84
118000538,10,175,-165
118000539,13,73,-60
118000540,263,383,-120
118000541,171,116,55
118000542,79,188,-109
118000543,273,247,26
118000546,26,33,-7
118000560,4275,924,3351
118000562,29,517,-488
118000563,2048,1579,469
118000576,131,281,-150
118000577,128,119,9
118000578,103,130,-27
118000579,749,1139,-390
118000595,92,82,10
118000596,0,100,-100
118000597,91,114,-23
118000598,16,0,16
118000599,14,72,-58
118000600,4,51,-47
118000601,10,0,10
118000602,0,32,-32
118000603,0,17,-17
118900001,1672,1015,657
118900002,1163,754,409
118900003,130,17,113
118900004,32,84,-52
118900005,23,4,19
118900006,60,2,58
118900007,3,2,1
118900008,1429,55,1374
118900009,12,27,-15
118900010,26,2,24
118900011,126,21,105
118900012,368,252,116
118900013,725,39,686
118900015,103,65,38
118900016,15,38,-23
118900017,186,244,-58
118900018,1565,22,1543
118900019,80,14,66
118900020,156,140,16
118900021,79,397,-318
118900022,101,126,-25
118900023,67,101,-34
118900024,48,265,-217
118900025,26,10,16
118900026,45,108,-63
118900027,497,256,241
118900028,79,203,-124
118900029,132,638,-506
118900030,159,52,107
118900031,120,162,-42
118900032,99,305,-206
118900033,333,861,-528
118900034,67,16,51
118900035,111,351,-240
118900036,658,849,-191
118900037,300,376,-76
118900038,182,415,-233
118900039,317,326,-9
118900040,144,213,-69
118900041,265,254,11
118900042,132,123,9
118900045,156,180,-24
118900046,723,115,608
118900047,856,216,640
118900048,109,208,-99
118900049,86,46,40
118900050,12,178,-166
118900051,39,65,-26
118900052,203,350,-147
118900053,37,99,-62
118900054,81,101,-20
118900055,21,170,-149
118900056,15,179,-164
118900057,386,316,70
118900058,309,539,-230
118900059,8,97,-89
118900060,35,125,-90
118900062,226,318,-92
118900064,798,433,365
118900065,53,204,-151
118900066,56,171,-115
118900067,7655,2344,5311
118900068,2,197,-195
118900069,241,286,-45
118900071,3,64,-61
118900072,349,496,-147
118900073,33,113,-80
118900074,69,155,-86
118900075,28,125,-97
118900076,195,89,106
118900077,202,217,-15
118900078,28,3,25
118900079,54,241,-187
118900080,9,121,-112
118900081,37,12,25
118900082,479,191,288
118900083,10,20,-10
118900084,10,23,-13
118900085,500,1132,-632
118900086,21,52,-31
118900087,18,156,-138
118900088,1,16,-15
118900089,21,10,11
118900090,410,597,-187
118900091,273,129,144
118900092,54,148,-94
118900093,110,13,97
118900096,57,15,42
118900097,135,1007,-872
118900099,52,338,-286
118900100,165,320,-155
118900101,35,825,-790
118900102,33,104,-71
118900103,45,68,-23
118900104,95,194,-99
118900105,137,112,25
118900107,167,99,68
118900108,53,128,-75
118900109,1319,152,1167
118900110,2399,576,1823
118900111,295,969,-674
118900112,53,138,-85
118900113,82,898,-816
118900114,13,139,-126
118900115,98,500,-402
118900116,93,178,-85
118900117,77,195,-118
118900118,225,503,-278
118900119,94,290,-196
118900120,74,331,-257
118900121,3,419,-416
118900122,13,658,-645
118900123,100,243,-143
118900124,67,196,-129
118900126,21,291,-270
118900129,159,162,-3
118900130,18,120,-102
118900131,88,353,-265
118900132,451,215,236
118900133,21,81,-60
118900135,87,290,-203
118900136,201,1072,-871
118900137,3,17,-14
118900139,92,788,-696
118900140,416,1048,-632
118900141,46,425,-379
118900144,88,825,-737
118900145,39,275,-236
118900146,225,1126,-901
118900147,145,73,72
118900148,47,111,-64
118900150,123,394,-271
118900152,575,1135,-560
118900157,93,159,-66
118900158,99,142,-43
118900159,5,345,-340
118900161,83,10,73
118900163,360,91,269
118900164,3,120,-117
118900165,46,423,-377
118900166,73,2,71
118900167,66,243,-177
118900168,0,87,-87
118900169,112,467,-355
118900170,70,196,-126
118900171,18,43,-25
118900174,63,67,-4
118900175,252,528,-276
118900176,121,200,-79
118900177,11,75,-64
118900178,59,116,-57
118900179,1,57,-56
118900181,81,127,-46
118900182,96,26,70
118900183,16,79,-63
118900184,154,73,81
118900185,59,145,-86
118900186,61,87,-26
118900187,162,351,-189
118900188,226,312,-86
118900189,44,582,-538
118900190,16,899,-883
118900191,102,65,37
118900192,110,33,77
118900193,219,12,207
118900195,367,1232,-865
118900196,31,217,-186
118900197,92,124,-32
118900198,4,57,-53
118900199,15,76,-61
118900200,4,11,-7
118900201,6,3,3
118900202,7,55,-48
118900203,5,52,-47
118900204,7,41,-34
118900205,26,21,5
118900206,2,57,-55
119000001,1117,1538,-421
119000002,2643,4362,-1719
119000003,1403,2012,-609
119000004,1740,1657,83
119000005,1614,1640,-26
119000006,1805,1661,144
119000007,2673,3236,-563
119000008,1548,2444,-896
119000009,3409,2882,527
119000010,9556,4567,4989
119000011,6971,2432,4539
119000012,5819,3755,2064
119000013,2351,1408,943
119000014,2578,4232,-1654
119000019,247,216,31
119000020,1282,1488,-206
119000021,2688,2133,555
119000022,4753,1873,2880
119000023,231,194,37
119000024,2461,7051,-4590
119000025,14699,1594,13105
119000026,280,262,18
119000027,489,439,50
119000028,2275,1496,779
119000029,150,238,-88
119000030,438,1441,-1003
119000031,587,813,-226
119000032,2785,3049,-264
119000033,1956,2059,-103
119000034,1007,1361,-354
119000035,33,453,-420
119000036,799,1379,-580
119000037,1043,3263,-2220
119000038,132,1710,-1578
119000039,156,355,-199
119000040,1203,479,724
119000041,1045,1156,-111
119000048,4189,4776,-587
119000049,1101,4374,-3273
119000050,1779,2822,-1043
119000051,2149,1098,1051
119000052,2402,3679,-1277
119000053,1818,1434,384
119000054,2639,4851,-2212
119000055,2411,4659,-2248
119000056,1591,2475,-884
119000057,1447,3189,-1742
119000058,1955,2750,-795
119000059,1059,1997,-938
119000060,1004,854,150
119000061,774,1079,-305
119000062,1057,1532,-475
119000063,335,321,14
119000064,1365,1674,-309
119000065,2210,4261,-2051
119000066,1951,1135,816
119000067,1798,3521,-1723
119000068,1053,1261,-208
119000069,1253,3499,-2246
119000070,1374,1358,16
119000071,578,1124,-546
119000072,8557,4666,3891
119000073,7177,6309,868
119000074,792,4815,-4023
119000075,926,2899,-1973
119000076,758,1105,-347
119000077,1280,675,605
119000078,406,353,53
119000079,61,833,-772
119000080,184,289,-105
119000081,292,429,-137
119000082,839,362,477
119000083,341,392,-51
119000084,287,660,-373
119000085,659,400,259
119000086,329,456,-127
119000087,1869,1398,471
119000088,313,241,72
119000089,43,194,-151
119000090,171,212,-41
119000091,157,461,-304
119000092,708,238,470
119000093,4969,4610,359
119000094,2045,6796,-4751
119000095,1270,3949,-2679
119000097,2657,2043,614
119000098,726,1611,-885
119000099,2394,2377,17
119000100,2471,2510,-39
119000101,3951,3073,878
119000102,868,907,-39
119000103,1770,575,1195
119000104,4266,2021,2245
119000105,764,1100,-336
119000106,259,2796,-2537
119000107,402,605,-203
119000108,218,1816,-1598
119000109,189,414,-225
119000110,955,583,372
119000111,107,638,-531
119000112,219,172,47
119000113,4002,391,3611
119000114,781,678,103
119000115,217,224,-7
119000116,82,110,-28
119000117,115,418,-303
119000118,1,2,-1
119000123,4129,803,3326
119000124,458,272,186
119000125,2072,1584,488
119000126,182,1205,-1023
119000127,308,1238,-930
119000128,79,9,70
119000131,678,1482,-804
119000132,3,12,-9
119000133,1,5,-4
119000134,3050,572,2478
119000135,78,300,-222
119000136,136,412,-276
119000137,166,817,-651
119000138,197,719,-522
119000139,187,472,-285
119000140,156,419,-263
119000284,1684,3435,-1751
119000285,2780,2810,-30
119000286,8375,6220,2155
119000287,1396,2776,-1380
119000288,1831,2215,-384
119000289,2393,4963,-2570
119000290,165,702,-537
119000291,2,512,-510
119000293,79,228,-149
119000294,45,36,9
119000295,2902,688,2214
119000296,128,125,3
119000302,4622,1652,2970
119000303,34,190,-156
119000314,1730,6954,-5224
119000315,12,952,-940
119000316,29,167,-138
119000317,33,669,-636
119900001,226,978,-752
119900002,65,363,-298
119900003,59,1729,-1670
119900004,490,470,20
119900005,70,254,-184
119900006,165,388,-223
119900007,670,85,585
119900008,50,38,12
119900009,565,875,-310
119900010,2806,1604,1202
119900011,19,48,-29
119900012,20,55,-35
119900013,1727,868,859
119900014,774,320,454
119900015,67,28,39
119900016,30,144,-114
119900017,13,48,-35
119900018,2202,360,1842
119900019,35,7,28
119900020,94,187,-93
119900021,75,97,-22
119900022,140,357,-217
119900023,1116,644,472
119900025,123,31,92
119900026,1226,70,1156
119900027,14,35,-21
119900028,198,67,131
119900029,2,8,-6
119900030,516,539,-23
119900031,22,254,-232
119900033,2660,210,2450
119900034,120,204,-84
119900037,102,46,56
119900038,32,214,-182
119900039,23,5,18
119900040,75,10,65
119900041,62,69,-7
119900042,70,231,-161
119900043,33,265,-232
119900044,223,382,-159
119900046,52,137,-85
119900047,165,98,67
119900048,11,51,-40
119900049,60,13,47
119900050,89,77,12
119900051,440,7,433
119900052,31,105,-74
119900053,107,332,-225
119900054,101,3,98
119900055,721,345,376
119900057,75,137,-62
119900058,153,5,148
119900059,167,76,91
119900060,143,10,133
119900061,134,4,130
119900062,27,42,-15
119900063,25,69,-44
119900064,250,70,180
119900065,143,7,136
119900066,0,0,0
119900067,32,60,-28
119900068,204,1,203
119900069,44,28,16
119900070,682,83,599
119900071,346,10,336
119900072,115,572,-457
119900073,2425,532,1893
119900074,34,26,8
119900075,8360,2417,5943
119900076,182,814,-632
119900077,403,1880,-1477
119900078,222,1184,-962
119900079,63,386,-323
119900080,279,353,-74
119900081,16,91,-75
119900082,662,309,353
119900083,397,118,279
119900084,870,227,643
119900085,187,111,76
119900086,107,1097,-990
119900087,452,312,140
119900088,61,68,-7
119900089,12,824,-812
119900090,278,93,185
119900091,54,1699,-1645
119900092,18,683,-665
119900093,880,147,733
119900094,37,275,-238
119900095,211,143,68
119900096,49,154,-105
119900097,674,272,402
119900098,34,91,-57
119900099,29,349,-320
119900100,3851,2766,1085
119900101,274,1268,-994
119900102,22,421,-399
119900103,36,743,-707
119900104,39,396,-357
119900105,1436,1869,-433
119900106,19,325,-306
119900107,541,5199,-4658
119900108,2684,918,1766
119900109,22,419,-397
119900110,531,909,-378
119900111,69,540,-471
119900112,3968,670,3298
119900113,86,718,-632
119900114,177,2223,-2046
119900115,115,2048,-1933
119900116,187,382,-195
119900117,197,1309,-1112
119900118,45,1764,-1719
119900119,108,325,-217
119900120,755,962,-207
119900121,189,1991,-1802
119900122,293,582,-289
119900123,245,352,-107
119900124,91,1482,-1391
119900125,81,586,-505
119900126,7129,339,6790
119900127,4184,1295,2889
119900128,279,1089,-810
119900129,105,1430,-1325
119900130,67,420,-353
119900131,45,540,-495
119900132,3,535,-532
119900133,30,74,-44
119900134,3295,393,2902
119900135,3,877,-874
119900136,211,739,-528
119900138,494,916,-422
119900139,37,130,-93
119900140,4,236,-232
119900141,202,494,-292
119900142,17,39,-22
119900143,18,216,-198
119900144,3073,344,2729
119900145,56,395,-339
119900146,184,159,25
119900147,2,163,-161
119900148,86,65,21
119900149,2331,3252,-921
119900150,186,332,-146
119900151,2172,1025,1147
119900152,62,718,-656
119900153,89,71,18
119900154,7,475,-468
119900155,28,49,-21
119900156,4,4,0
119900157,82,411,-329
119900158,68,76,-8
119900159,7,2745,-2738
119900160,30,448,-418
119900161,160,510,-350
119900162,880,888,-8
119900163,200,101,99
119900164,0,4,-4
119900165,66,423,-357
119900166,57,28,29
119900167,106,224,-118
119900168,473,543,-70
119900169,217,386,-169
119900170,178,217,-39
119900171,708,696,12
119900172,170,22,148
119900173,8,812,-804
119900174,13,386,-373
119900175,723,902,-179
119900177,15,315,-300
119900178,13,304,-291
119900179,52,232,-180
119900180,780,832,-52
119900181,60,65,-5
119900182,10,841,-831
119900183,121,1167,-1046
119900184,4878,891,3987
119900185,20,111,-91
119900186,51,412,-361
119900187,8,914,-906
119900188,33,450,-417
119900189,558,281,277
119900190,66,163,-97
119900191,366,160,206
119900192,23,229,-206
119900193,180,298,-118
119900194,9,56,-47
119900195,35,439,-404
119900196,3020,738,2282
119900197,190,166,24
119900198,108,574,-466
119900199,152,28,124
119900200,474,701,-227
119900201,622,312,310
119900202,244,117,127
119900203,129,337,-208
119900204,165,486,-321
119900205,285,1004,-719
119900206,52,185,-133
119900208,134,204,-70
119900209,281,885,-604
119900210,10,90,-80
119900211,126,21,105
119900212,103,346,-243
119900213,3,85,-82
119900214,22,139,-117
119900215,40,157,-117
119900216,14,145,-131
119900217,10,122,-112
119900218,14,109,-95
119900219,9,180,-171
119900220,8,224,-216
119900221,30,690,-660
119900222,13,552,-539
119900223,17,195,-178
119900224,20,57,-37
119900225,1925,69,1856
119900226,1317,1570,-253
119900227,1890,569,1321
119900228,95,415,-320
119900229,328,681,-353
119900230,1667,825,842
119900231,131,302,-171
119900232,224,69,155
119900233,35,0,35
119900234,11,56,-45
119900235,15,37,-22
119900236,16,324,-308
119900237,64,940,-876
119900238,0,132,-132
119900240,40,170,-130
119900241,222,340,-118
119900242,2312,1485,827
119900244,911,2029,-1118
119900245,72,179,-107
119900246,324,376,-52
119900247,29,95,-66
119900248,24,87,-63
119900249,142,80,62
119900253,6133,519,5614
119900254,57,269,-212
119900255,78,605,-527
119900256,167,2061,-1894
119900257,21,2,19
119900258,55,6,49
119900259,3,314,-311
119900260,77,5,72
119900261,183,308,-125
119900262,3,433,-430
119900263,1193,549,644
119900264,40,411,-371
119900265,191,582,-391
119900266,153,375,-222
119900267,119,536,-417
119900268,211,358,-147
119900269,436,2214,-1778
119900271,30,166,-136
119900272,172,75,97
119900275,53,0,53
119900276,21,0,21
119900277,9,4,5
119900278,357,67,290
119900279,175,220,-45
119900280,1268,291,977
119900281,0,118,-118
119900282,55,32,23
119900283,5,540,-535
119900284,59,371,-312
119900285,30,115,-85
119900286,7,34,-27
119900288,0,28,-28
119900289,0,41,-41
119900290,2,36,-34
119900291,0,50,-50
119900292,34,17,17
119900293,3,48,-45
119900294,21,95,-74
119900295,3,39,-36
119900296,17,357,-340
119900297,0,37,-37
119900298,2,8,-6
119900299,30,330,-300
119900300,155,300,-145
119900301,147,81,66
119900302,101,68,33
119900303,185,297,-112
119900304,87,49,38
119900305,19,159,-140
119900306,10,0,10
119900307,56,231,-175
119900308,2,20,-18
119900309,32,55,-23
119900310,242,462,-220
119900311,38,257,-219
119900312,34,134,-100
119900313,228,534,-306
119900314,115,342,-227
119900315,711,4358,-3647
119900318,9,25,-16
119900319,6,507,-501
119900320,157,1141,-984
119900321,35,0,35
120000001,10623,10618,5
120000002,2372,3897,-1525
120000003,4612,2420,2192
120000004,3203,3103,100
120000005,5659,2618,3041
120000006,1348,1574,-226
120000007,4115,2730,1385
120000008,1086,1606,-520
120000009,6071,1359,4712
120000010,1615,4032,-2417
120000011,1367,2825,-1458
120000012,1976,4222,-2246
120000013,2430,3680,-1250
120000014,603,2011,-1408
120000015,2767,1827,940
120000016,3431,2750,681
120000017,2119,2250,-131
120000018,6346,8771,-2425
120000019,758,1311,-553
120000020,3604,2935,669
120000021,2291,2063,228
120000022,3270,3993,-723
120000023,890,2033,-1143
120000024,1701,2835,-1134
120000025,2026,2854,-828
120000026,853,2168,-1315
120000027,1372,1946,-574
120000028,1002,526,476
120000029,6449,702,5747
120000030,569,1073,-504
120000031,2268,9903,-7635
120000032,13327,4589,8738
120000033,3498,2511,987
120000034,1402,3173,-1771
120000035,1715,3428,-1713
120000036,2621,5109,-2488
120000037,611,1126,-515
120000038,13705,3964,9741
120000039,478,1260,-782
120000040,119,214,-95
120000041,775,2652,-1877
120000042,1764,6724,-4960
120000043,5052,4223,829
120000044,3210,1650,1560
120000045,3371,1358,2013
120000046,1863,2472,-609
120000047,2906,3676,-770
120000048,10891,4238,6653
120000049,4018,3608,410
120000050,3959,6249,-2290
120000051,4695,5875,-1180
120000052,19470,3128,16342
120000053,909,5801,-4892
120000054,1775,9162,-7387
120000055,1430,6797,-5367
120000056,3345,7119,-3774
120000057,1618,1161,457
120000058,609,289,320
120000059,106,1310,-1204
120000061,110,1164,-1054
120000062,196,407,-211
120000063,2323,4333,-2010
120000064,239,2555,-2316
120000065,912,2946,-2034
120000066,165,886,-721
120000067,45,1104,-1059
120000068,168,1683,-1515
120000069,606,2282,-1676
120000070,41,1620,-1579
120000071,176,266,-90
120000072,316,741,-425
120000073,320,177,143
120000074,42,144,-102
120000075,349,270,79
120000076,2329,475,1854
120000077,1341,543,798
120000078,2987,887,2100
120000079,106,85,21
120000080,55,93,-38
120000081,193,126,67
120000082,151,112,39
120000083,55,220,-165
120000084,567,765,-198
120000085,323,458,-135
120000086,318,886,-568
120000087,139,1649,-1510
120000088,637,1984,-1347
120000089,914,851,63
120000090,458,637,-179
120000091,642,1245,-603
120000092,951,754,197
120000093,251,631,-380
120000094,108,537,-429
120000095,891,1032,-141
120000096,192,1692,-1500
120000098,832,1509,-677
120000099,340,1028,-688
120000100,619,1175,-556
120000101,471,694,-223
120000102,392,654,-262
120000103,1000,623,377
120000104,1508,367,1141
120000105,1997,389,1608
120000106,1464,458,1006
120000107,1982,562,1420
120000108,659,122,537
120000109,747,95,652
120000110,90,1432,-1342
120000111,150,2025,-1875
120000112,814,6435,-5621
120000113,629,4253,-3624
120000114,809,4126,-3317
120000115,343,3587,-3244
120000116,790,3013,-2223
120000117,1719,2171,-452
120000118,34,56,-22
120000119,45,67,-22
120000120,119,78,41
120000121,28,101,-73
120000122,415,344,71
120000123,8988,4398,4590
120000124,353,770,-417
120000125,277,933,-656
120000126,230,983,-753
120000127,2857,860,1997
120000128,6070,2267,3803
120000129,413,364,49
120000130,763,849,-86
120000131,211,560,-349
120000134,399,2085,-1686
120000135,181,343,-162
120000137,104,3341,-3237
120000138,355,748,-393
120000139,162,1601,-1439
120000140,307,982,-675
120000141,231,832,-601
120000142,296,902,-606
120000143,2,201,-199
120000144,44,3,41
120000145,156,3,153
120000146,2984,1203,1781
120000149,467,1263,-796
120000150,6551,12184,-5633
120000151,374,643,-269
120000152,303,390,-87
120000153,263,1145,-882
120000154,462,459,3
120000155,76,294,-218
120000156,1972,650,1322
120000157,912,857,55
120000158,722,1210,-488
120000159,1668,2919,-1251
120000160,2229,1564,665
120000161,1176,3427,-2251
120000162,69,323,-254
120000163,382,2251,-1869
120000164,270,698,-428
120000165,264,1464,-1200
120000166,685,929,-244
120000167,29,70,-41
120000168,22,187,-165
120000169,107,620,-513
120000170,188,311,-123
120000171,49,81,-32
120000172,11,47,-36
120000173,4483,239,4244
120000174,788,13,775
120000175,721,12,709
120000176,406,68,338
120000177,3042,446,2596
120000178,252,9,243
120000179,917,50,867
120000180,1456,116,1340
120000181,325,282,43
120000182,137,170,-33
120000183,17,306,-289
120000184,146,2047,-1901
120000186,98,80,18
120000187,109,68,41
120000188,358,98,260
120000190,2291,28,2263
120000191,3140,32,3108
120000192,4023,22,4001
120000193,1402,9,1393
120000195,265,9,256
120000196,550,78,472
120000197,148,256,-108
120000198,149,298,-149
120000199,48,0,48
120000200,56,0,56
120000201,11,21,-10
120000202,1,107,-106
120000203,30,546,-516
120000207,1,142,-141
120000208,7,428,-421
120000209,10,172,-162
120000210,258,171,87
120000211,64,3,61
120000212,65,0,65
120000213,84,595,-511
120000214,1,704,-703
120000215,6,316,-310
120000216,59,3,56
120000217,1202,2079,-877
120000218,296,1717,-1421
120000219,11,1296,-1285
120000220,18,4475,-4457
120000225,796,0,796
120000226,195,3,192
120000227,559,38,521
120000228,10833,2727,8106
120000230,160,9,151
120000231,666,3590,-2924
120000233,163,22,141
120000235,157,1142,-985
120000236,602,1,601
120000237,8,3497,-3489
120000238,0,222,-222
120000241,1454,3848,-2394
120000412,2479,22,2457
120000413,144,688,-544
120000414,37,3,34
120000415,4,326,-322
120000416,46,17,29
120000417,2,143,-141
120000418,92,18,74
120000419,19,802,-783
120000420,46,23,23
120000421,20301,7495,12806
120000422,359,491,-132
120000423,2,49,-47
120000424,38,212,-174
120000436,107,417,-310
120000437,187,264,-77
120000438,6455,582,5873
120000439,147,325,-178
120000443,148,0,148
120000444,844,1052,-208
120000445,1357,1350,7
120000446,1346,418,928
120000447,132,1,131
120000449,50,8,42
120000450,5,588,-583
120000451,144,356,-212
120000452,122,0,122
120000453,3,763,-760
120000454,47,23,24
120000455,64,101,-37
120000456,4170,3198,972
120000457,2450,1281,1169
120000458,670,1101,-431
120000459,62,112,-50
120000665,2215,269,1946
120000668,117,331,-214
120000669,121,611,-490
120000670,282,483,-201
120000671,788,322,466
120000672,106,689,-583
120900001,45,52,-7
120900002,529,368,161
120900003,149,35,114
120900004,24,70,-46
120900005,9,2218,-2209
120900006,180,237,-57
120900007,104,245,-141
120900008,148,1806,-1658
120900009,115,41,74
120900010,258,65,193
120900011,511,140,371
120900012,1430,877,553
120900013,246,39,207
120900014,3,1169,-1166
120900015,386,98,288
120900016,386,54,332
120900017,4180,157,4023
120900018,66,703,-637
120900019,478,121,357
120900020,865,773,92
120900021,388,79,309
120900022,34,598,-564
120900023,113,64,49
120900024,1853,620,1233
120900025,2499,1012,1487
120900026,66,315,-249
120900027,798,123,675
120900028,229,52,177
120900029,101,246,-145
120900030,831,653,178
120900031,130,63,67
120900032,473,277,196
120900033,680,34,646
120900034,37,2243,-2206
120900035,43,378,-335
120900037,88,5,83
120900038,53,156,-103
120900039,87,31,56
120900040,147,1,146
120900041,166,32,134
120900042,177,73,104
120900043,42,17,25
120900044,9,709,-700
120900045,147,276,-129
120900046,202,4,198
120900047,56,42,14
120900048,52,12,40
120900049,238,0,238
120900050,5718,1253,4465
120900051,173,161,12
120900052,300,1,299
120900053,125,95,30
120900054,1825,1105,720
120900055,169,2,167
120900056,290,9,281
120900057,69,20,49
120900058,248,1,247
120900059,61,1,60
120900060,40,46,-6
120900061,323,490,-167
120900062,113,3,110
120900063,278,3,275
120900064,224,0,224
120900065,275,35,240
120900066,154,462,-308
120900067,181,33,148
120900068,100,1,99
120900069,95,90,5
120900071,13,1,12
120900072,331,3,328
120900073,214,313,-99
120900074,323,8,315
120900076,179,0,179
120900077,5645,411,5234
120900078,330,1116,-786
120900079,338,128,210
120900080,337,3762,-3425
120900081,469,1804,-1335
120900082,829,402,427
120900083,27,5,22
120900084,157,289,-132
120900085,146,127,19
120900086,222,171,51
120900087,262,146,116
120900088,168,252,-84
120900089,6817,1575,5242
120900090,128,341,-213
120900091,434,338,96
120900092,1102,1002,100
120900093,5530,389,5141
120900094,686,297,389
120900095,391,62,329
120900096,22,201,-179
120900097,784,1535,-751
120900098,348,212,136
120900099,46,105,-59
120900100,83,442,-359
120900101,668,474,194
120900102,23,223,-200
120900103,29,204,-175
120900104,17,77,-60
120900105,30,1144,-1114
120900106,1725,913,812
120900107,514,243,271
120900108,5,1335,-1330
120900109,45,1156,-1111
120900110,7,1180,-1173
120900111,156,603,-447
120900112,10,2134,-2124
120900113,40,1552,-1512
120900114,24,287,-263
120900115,137,230,-93
120900116,157,1031,-874
120900117,2,947,-945
120900118,12,1504,-1492
120900119,4437,5972,-1535
120900120,75,1120,-1045
120900121,131,700,-569
120900122,187,1169,-982
120900123,3,839,-836
120900124,5,1268,-1263
120900125,3,1649,-1646
120900126,1760,1160,600
120900127,11,769,-758
120900128,1065,1470,-405
120900129,63,589,-526
120900130,6,587,-581
120900131,26,97,-71
120900132,510,731,-221
120900133,276,1755,-1479
120900134,599,668,-69
120900135,12,998,-986
120900136,16,50,-34
120900137,113,184,-71
120900138,8,383,-375
120900139,3,1339,-1336
120900140,5,102,-97
120900141,115,148,-33
120900142,34,1376,-1342
120900143,4,1612,-1608
120900144,2,421,-419
120900145,127,1418,-1291
120900146,5,1875,-1870
120900147,0,537,-537
120900148,90,188,-98
120900149,2,715,-713
120900150,26,1042,-1016
120900151,3,1314,-1311
120900152,0,73,-73
120900153,22,113,-91
120900154,1,611,-610
120900155,132,1757,-1625
120900156,16,655,-639
120900157,19,307,-288
120900158,37,820,-783
120900159,18,369,-351
120900160,31,500,-469
120900161,17,1250,-1233
120900162,25,1173,-1148
120900163,18,192,-174
120900164,0,2,-2
120900165,1,3,-2
120900166,41,193,-152
120900167,443,136,307
120900169,31,859,-828
120900170,3239,1652,1587
120900171,1712,592,1120
120900172,2710,257,2453
120900173,2,87,-85
120900174,10,209,-199
120900175,344,306,38
120900176,9,299,-290
120900177,4,564,-560
120900178,0,290,-290
120900179,1081,602,479
120900180,158,102,56
120900181,49,99,-50
120900182,15,748,-733
120900183,480,122,358
120900184,239,111,128
120900185,2,551,-549
120900186,2,783,-781
120900187,306,969,-663
120900188,78,17,61
120900189,215,489,-274
120900190,21,27,-6
120900191,8,37,-29
120900192,18985,3310,15675
120900194,21,91,-70
120900195,204,365,-161
120900196,629,57,572
120900197,561,72,489
120900198,334,992,-658
120900199,342,2129,-1787
120900200,210,133,77
120900201,907,220,687
120900202,1,405,-404
120900203,31,55,-24
120900204,279,559,-280
120900205,88,141,-53
120900206,8,24,-16
121000001,1174,1426,-252
121000002,2613,1346,1267
121000003,5495,2537,2958
121000004,2998,3955,-957
121000005,2526,2955,-429
121000006,3519,1398,2121
121000007,3750,3382,368
121000008,5787,2957,2830
121000009,8165,6214,1951
121000010,10674,4857,5817
121000011,12208,13096,-888
121000012,18020,9031,8989
121000013,5993,8270,-2277
121000014,7332,6696,636
121000015,5266,6724,-1458
121000016,5158,3834,1324
121000017,2028,3971,-1943
121000018,2282,2198,84
121000019,26500,9635,16865
121000020,17377,9777,7600
121000021,3344,3888,-544
121000022,1661,1917,-256
121000023,5416,3676,1740
121000024,3127,3393,-266
121000025,764,1026,-262
121000026,273,132,141
121000027,1584,1107,477
121000028,770,568,202
121000029,936,944,-8
121000030,453,483,-30
121000031,544,647,-103
121000032,227,84,143
121000034,249,183,66
121000035,193,94,99
121000036,1175,875,300
121000037,607,671,-64
121000038,593,644,-51
121000039,385,299,86
121000041,373,523,-150
121000042,209,378,-169
121000043,912,690,222
121000044,1877,726,1151
121000045,444,412,32
121000046,437,975,-538
121000047,30,83,-53
121000049,1950,660,1290
121000050,377,1193,-816
121000051,649,415,234
121000052,275,629,-354
121000053,434,102,332
121000054,71,226,-155
121000055,1601,1097,504
121000056,1041,1143,-102
121000057,127,339,-212
121000058,499,126,373
121000059,2073,919,1154
121000060,419,927,-508
121000061,167,222,-55
121000062,113,324,-211
121000063,632,438,194
121000064,419,387,32
121000065,421,418,3
121000066,351,359,-8
121000067,1078,387,691
121000068,486,264,222
121000069,541,277,264
121000070,1906,1540,366
121000071,993,961,32
121000072,1509,1051,458
121000073,959,1044,-85
121000074,131,143,-12
121000075,79,46,33
121000076,1315,358,957
121000077,115,92,23
121000078,156,144,12
121000080,3518,818,2700
121000081,3114,2169,945
121000082,148,287,-139
121000083,302,112,190
121000084,177,107,70
121000085,349,581,-232
121000086,151,1126,-975
121000087,46,314,-268
121000088,465,950,-485
121000089,598,318,280
121000090,439,390,49
121000091,2070,893,1177
121000092,160,122,38
121000093,158,280,-122
121000094,595,549,46
121000095,300,508,-208
121000096,2448,3038,-590
121000097,1564,2049,-485
121000098,313,1775,-1462
121000099,363,1154,-791
121000100,606,701,-95
121000101,197,327,-130
121000102,165,582,-417
121000103,133,453,-320
121000104,143,240,-97
121000105,264,392,-128
121000106,142,565,-423
121000107,2282,4410,-2128
121000109,1598,1379,219
121000110,333,636,-303
121000114,2961,2730,231
121000115,863,856,7
121000116,483,926,-443
121000117,1167,309,858
121000118,1233,345,888
121000119,215,313,-98
121000120,183,533,-350
121000121,402,1060,-658
121000123,1624,661,963
121000126,99,393,-294
121000127,222,117,105
121000128,636,753,-117
121000129,523,598,-75
121000130,460,1430,-970
121000131,2468,1381,1087
121000132,1785,1532,253
121000135,583,583,0
121000136,1457,664,793
121000137,587,178,409
121000138,978,786,192
121000139,656,175,481
121000141,239,164,75
121000142,958,625,333
121000143,228,16,212
121000144,1706,847,859
121000145,427,1525,-1098
121000146,1065,952,113
121000147,578,524,54
121000148,808,1249,-441
121000149,1808,1305,503
121000152,496,648,-152
121000153,1768,686,1082
121000154,798,634,164
121000155,1276,1215,61
121000156,424,1136,-712
121000157,1917,2318,-401
121000158,392,724,-332
121000159,167,673,-506
121000160,263,959,-696
121000161,92,405,-313
121000162,40,388,-348
121000165,2378,1722,656
121000166,18,401,-383
121000168,192,341,-149
121000169,62,227,-165
121000170,207,110,97
121000171,37,202,-165
121000172,445,558,-113
121000173,1437,859,578
121000174,154,477,-323
121000175,605,606,-1
121000176,347,349,-2
121000177,781,737,44
121000178,146,103,43
121000179,114,98,16
121000181,388,450,-62
121000182,64,152,-88
121000183,43,114,-71
121000184,36,88,-52
121000185,15,155,-140
121000186,92,244,-152
121000187,149,323,-174
121000188,63,377,-314
121000192,548,409,139
121000193,620,505,115
121000194,2957,2348,609
121000195,398,1128,-730
121000196,606,250,356
121000197,315,1088,-773
121000198,283,84,199
121000199,99,593,-494
121000200,308,100,208
121000201,8,243,-235
121000202,153,14,139
121000203,723,3259,-2536
121000204,1849,706,1143
121000205,131,324,-193
121000206,143,41,102
121000207,1251,613,638
121000208,12,548,-536
121000209,169,569,-400
121000210,247,781,-534
121000211,168,162,6
121000212,316,1096,-780
121000213,12139,2891,9248
121000214,948,1876,-928
121000215,1455,1029,426
121000216,471,495,-24
121000217,5081,2675,2406
121000218,675,2161,-1486
121000219,1649,403,1246
121000220,445,104,341
121000221,219,267,-48
121000222,3330,2601,729
121000223,781,331,450
121000224,364,191,173
121000225,1438,961,477
121000226,3306,767,2539
121000227,6,276,-270
121000228,17,1031,-1014
121000229,118,550,-432
121000230,74,2339,-2265
121000231,555,48,507
121000232,364,207,157
121000233,457,387,70
121000234,9,45,-36
121000235,27,74,-47
121000236,7,72,-65
121000237,87,11,76
121000238,0,115,-115
121000239,37,13,24
121000240,9,269,-260
121000241,100,16,84
121000242,61,186,-125
121000243,534,59,475
121000244,3,76,-73
121000245,35,16,19
121000246,4,80,-76
121000247,30,6,24
121000248,649,677,-28
121000249,114,273,-159
121000250,348,77,271
121000251,29,839,-810
121000252,28,30,-2
121000253,141,686,-545
121000254,306,302,4
121000255,168,200,-32
121000256,400,189,211
121000257,65,97,-32
121000258,78,89,-11
121000259,28,54,-26
121000260,63,154,-91
121000261,33,57,-24
121000262,1160,658,502
121000263,466,525,-59
121000271,277,1965,-1688
121000273,106,14,92
121000274,4,60,-56
121000275,2,24,-22
121000276,1,26,-25
121000278,20,76,-56
121000279,42,28,14
121000280,43,65,-22
121000289,309,23,286
121000290,1461,716,745
121000294,96,273,-177
121000297,1156,899,257
121000299,51,246,-195
121000300,741,805,-64
121000302,259,1005,-746
121000303,685,599,86
121000304,440,74,366
121000305,103,67,36
121000306,115,151,-36
121000308,188,467,-279
121000309,531,772,-241
121000310,137,588,-451
121000311,67,1006,-939
121000312,389,265,124
121000313,688,626,62
121000314,169,85,84
121000315,63,116,-53
121000530,904,2020,-1116
121000531,951,1742,-791
121000532,6482,5236,1246
121000533,2535,2709,-174
121000918,36,295,-259
121000919,20,52,-32
121000938,1345,624,721
121000939,1623,452,1171
121000956,589,1972,-1383
121000957,0,5,-5
121000958,181,50,131
121000959,353,1283,-930
121000960,1536,3187,-1651
121000961,141,69,72
121000962,452,890,-438
121000973,1,468,-467
121000976,15,168,-153
121000979,316,83,233
121000981,246,135,111
121000982,173,304,-131
121000983,391,583,-192
121000984,16,62,-46
121000985,355,1042,-687
121000986,100,522,-422
121000987,275,2260,-1985
121000988,497,129,368
121001302,360,131,229
121001308,2,6,-4
121001309,84,75,9
121001313,102,385,-283
121001314,4133,4925,-792
121001315,4512,1779,2733
121900001,88,228,-140
121900002,53,30,23
121900003,295,16,279
121900004,109,559,-450
121900005,12,12,0
121900006,24,6,18
121900007,2560,2270,290
121900008,1098,113,985
121900009,699,23,676
121900010,259,3,256
121900011,363,502,-139
121900012,1,0,1
121900013,1224,58,1166
121900014,1119,415,704
121900015,115,254,-139
121900016,8,28,-20
121900017,359,644,-285
121900018,310,3,307
121900019,190,258,-68
121900020,20,0,20
121900021,599,8,591
121900022,140,175,-35
121900023,100,496,-396
121900024,455,80,375
121900025,497,408,89
121900026,338,64,274
121900027,292,191,101
121900028,252,9,243
121900029,217,241,-24
121900030,645,533,112
121900031,1330,4272,-2942
121900032,77,90,-13
121900033,160,149,11
121900034,251,83,168
121900035,2638,1554,1084
121900036,89,514,-425
121900037,136,712,-576
121900038,27,176,-149
121900039,325,37,288
121900040,46,97,-51
121900041,55,178,-123
121900042,236,125,111
121900043,5,2,3
121900044,305,41,264
121900046,262,235,27
121900047,142,52,90
121900048,33,219,-186
121900050,5,58,-53
121900051,123,179,-56
121900052,109,53,56
121900053,243,221,22
121900054,527,950,-423
121900055,1,16,-15
121900058,110,261,-151
121900059,243,126,117
121900060,95,339,-244
121900061,185,184,1
121900062,117,66,51
121900063,832,425,407
121900064,126,895,-769
121900066,28,34,-6
121900067,13,36,-23
121900069,184,129,55
121900070,140,128,12
121900071,125,247,-122
121900072,16,201,-185
121900073,248,213,35
121900074,945,505,440
121900075,551,372,179
121900076,311,612,-301
121900077,13,93,-80
121900078,39,60,-21
121900079,0,0,0
121900080,664,566,98
121900082,15,162,-147
121900084,5,282,-277
121900085,1,22,-21
121900086,9,64,-55
121900087,230,100,130
121900088,2634,2162,472
121900089,78,431,-353
121900090,8,161,-153
121900091,17,166,-149
121900092,69,153,-84
121900093,39,76,-37
121900094,17,10,7
121900095,165,88,77
121900096,1491,602,889
121900097,286,151,135
121900098,1,9,-8
121900099,137,116,21
121900100,208,244,-36
121900101,104,122,-18
121900102,14,142,-128
121900103,434,298,136
121900104,1071,270,801
121900105,93,97,-4
121900106,4,4,0
121900107,24,35,-11
121900108,0,22,-22
121900109,324,119,205
121900110,234,1590,-1356
121900111,1053,107,946
121900112,75,97,-22
121900113,47,208,-161
121900114,20,50,-30
121900115,125,341,-216
121900117,207,29,178
121900118,2381,389,1992
121900119,122,171,-49
121900120,21,1281,-1260
121900121,577,74,503
121900122,32,35,-3
121900123,223,512,-289
121900124,117,248,-131
121900125,926,1124,-198
121900127,15,114,-99
121900128,55,176,-121
121900129,1050,98,952
121900130,93,218,-125
121900131,225,124,101
121900132,50,175,-125
121900133,71,363,-292
121900134,6,135,-129
121900135,2827,284,2543
121900136,157,484,-327
121900137,52,282,-230
121900138,52,304,-252
121900139,358,398,-40
121900140,55,182,-127
121900141,31,21,10
121900142,62,175,-113
121900143,1,160,-159
121900144,211,351,-140
121900145,212,193,19
121900146,580,799,-219
121900147,48,194,-146
121900148,146,295,-149
121900149,333,846,-513
121900150,92,180,-88
121900151,61,177,-116
121900152,75,137,-62
121900153,114,565,-451
121900154,19,161,-142
121900155,0,93,-93
121900156,162,109,53
121900157,4,534,-530
121900158,79,122,-43
121900159,3,225,-222
121900160,107,225,-118
121900161,446,347,99
121900162,101,134,-33
121900163,110,1000,-890
121900164,392,223,169
121900165,185,251,-66
121900166,78,211,-133
121900167,161,120,41
121900168,202,128,74
121900169,3,354,-351
121900170,4,234,-230
121900171,465,806,-341
121900172,280,349,-69
121900173,1142,195,947
121900174,14,52,-38
121900175,187,145,42
121900176,456,2048,-1592
121900177,161,47,114
121900178,2,13,-11
121900179,201,163,38
121900180,6778,2789,3989
121900182,527,320,207
121900183,457,519,-62
121900184,38,578,-540
121900186,9,378,-369
121900187,17,129,-112
121900188,560,398,162
121900189,28,111,-83
121900190,134,643,-509
121900191,62,134,-72
121900192,403,603,-200
121900193,8,41,-33
121900194,0,167,-167
121900195,90,104,-14
121900196,830,864,-34
121900197,385,2453,-2068
121900198,1000,1061,-61
121900199,1,33,-32
121900200,64,257,-193
121900201,1356,553,803
121900202,131,349,-218
121900203,300,833,-533
121900204,1343,935,408
121900205,10,60,-50
121900206,12,16,-4
121900207,191,52,139
121900208,183,341,-158
121900209,57,24,33
121900210,977,1136,-159
121900211,107,269,-162
121900212,156,157,-1
121900213,66,113,-47
121900214,5,457,-452
121900215,45,53,-8
121900216,39,89,-50
121900217,205,63,142
121900218,294,482,-188
121900219,295,51,244
121900220,211,11,200
121900221,230,657,-427
121900222,161,183,-22
121900223,157,87,70
121900224,58,81,-23
121900225,103,70,33
121900226,295,669,-374
121900227,134,399,-265
121900228,175,286,-111
121900229,195,265,-70
121900230,116,109,7
121900231,427,471,-44
121900232,242,366,-124
121900233,327,262,65
121900234,197,463,-266
121900235,267,300,-33
121900236,190,152,38
121900237,200,240,-40
121900238,166,214,-48
121900239,99,55,44
121900240,112,132,-20
121900241,35,70,-35
121900242,1,2,-1
121900243,8,0,8
121900244,7,3,4
121900245,178,180,-2
121900246,1437,427,1010
121900247,301,279,22
121900248,1698,844,854
121900250,274,312,-38
121900251,373,33,340
121900252,584,142,442
121900253,107,837,-730
121900254,492,278,214
121900255,178,101,77
121900258,3143,1745,1398
121900259,347,481,-134
121900260,69,250,-181
121900261,124,403,-279
121900262,300,764,-464
121900263,97,312,-215
121900264,2793,1432,1361
121900265,135,371,-236
121900266,185,201,-16
121900267,33,31,2
121900269,146,371,-225
121900270,15,162,-147
121900271,28,202,-174
121900273,452,1314,-862
121900274,124,213,-89
121900276,595,149,446
121900277,381,1763,-1382
121900278,99,1058,-959
121900279,210,288,-78
121900280,195,417,-222
121900281,453,91,362
121900284,85,13,72
121900286,68,221,-153
121900287,25,13,12
121900290,259,330,-71
121900291,435,660,-225
121900292,218,103,115
121900293,915,3536,-2621
121900294,267,6,261
121900295,47,278,-231
121900296,66,61,5
121900298,409,442,-33
121900299,0,0,0
121900300,13,0,13
121900301,16,3,13
121900302,0,72,-72
121900303,290,490,-200
121900304,1,3,-2
121900305,0,0,0
121900306,71,3,68
121900307,16,24,-8
121900308,12,385,-373
121900309,19,316,-297
121900310,35,570,-535
121900311,185,10,175
121900312,96,3,93
121900313,153,25,128
121900314,6,73,-67
121900315,3,2,1
121900316,1,43,-42
121900317,4,2,2
121900318,1,28,-27
121900319,25,21,4
121900320,83,99,-16
121900321,1,0,1
121900322,2,35,-33
121900323,20,5,15
121900324,2,31,-29
121900325,3,3,0
121900326,2,13,-11
121900327,3,50,-47
121900328,0,26,-26
121900329,1,263,-262
121900330,5,47,-42
121900331,337,45,292
121900332,34,17,17
121900333,1,0,1
122000001,2605,3733,-1128
122000002,5840,1777,4063
122000003,2539,1680,859
122000004,3837,1315,2522
122000005,3315,1021,2294
122000006,2490,555,1935
122000007,1480,1326,154
122000008,7161,4558,2603
122000009,568,244,324
122000010,2195,2444,-249
122000011,3532,1078,2454
122000012,1436,1092,344
122000013,2214,1272,942
122000014,1734,2131,-397
122000015,1543,985,558
122000016,530,892,-362
122000017,1101,1240,-139
122000018,1505,1209,296
122000019,814,1653,-839
122000020,223,226,-3
122000021,563,478,85
122000022,1370,1421,-51
122000023,463,2798,-2335
122000024,1047,836,211
122000025,1859,1047,812
122000026,2018,655,1363
122000027,741,4617,-3876
122000028,820,377,443
122000029,471,244,227
122000030,405,99,306
122000031,160,278,-118
122000032,1620,3187,-1567
122000033,894,847,47
122000034,634,660,-26
122000035,406,756,-350
122000036,460,649,-189
122000037,400,272,128
122000038,325,402,-77
122000039,600,501,99
122000040,345,322,23
122000041,426,600,-174
122000042,268,391,-123
122000043,145,88,57
122000044,151,156,-5
122000045,1272,568,704
122000046,708,1116,-408
122000047,238,169,69
122000048,3713,4276,-563
122000049,6098,2658,3440
122000050,1854,673,1181
122000051,431,700,-269
122000052,697,261,436
122000053,134,529,-395
122000054,2310,2076,234
122000055,2413,2531,-118
122000056,8311,3238,5073
122000057,5162,2517,2645
122000058,4661,1021,3640
122000059,4184,1338,2846
122000060,1047,473,574
122000061,599,285,314
122000062,1579,384,1195
122000063,1610,437,1173
122000064,3502,3125,377
122000065,5449,3113,2336
122000066,1069,1078,-9
122000067,1673,1542,131
122000068,1249,1472,-223
122000069,609,840,-231
122000070,607,3811,-3204
122000071,1089,2025,-936
122000072,376,267,109
122000073,540,414,126
122000074,1871,1451,420
122000075,518,1398,-880
122000076,1804,1085,719
122000077,1458,579,879
122000078,3458,1621,1837
122000079,1833,767,1066
122000080,1056,350,706
122000081,209,307,-98
122000082,1266,696,570
122000083,1549,3883,-2334
122000084,937,775,162
122000085,271,1918,-1647
122000086,2161,4533,-2372
122000087,473,134,339
122000088,353,344,9
122000089,7618,3185,4433
122000090,286,449,-163
122000091,304,52,252
122000092,176,33,143
122000093,1714,1036,678
122000094,9418,1569,7849
122000095,4533,2326,2207
122000096,3730,1513,2217
122000098,4493,1575,2918
122000099,3226,671,2555
122000100,1366,631,735
122000101,238,906,-668
122000102,1818,1253,565
122000103,1549,1640,-91
122000104,329,236,93
122000105,293,325,-32
122000106,550,583,-33
122000107,968,482,486
122000108,451,883,-432
122000109,296,345,-49
122000110,331,544,-213
122000111,2612,1144,1468
122000112,685,1127,-442
122000113,423,666,-243
122000114,4593,1864,2729
122000115,1710,1707,3
122000116,546,583,-37
122000117,1108,342,766
122000118,391,679,-288
122000119,3707,1437,2270
122000120,2724,2563,161
122000121,3292,2336,956
122000122,830,1201,-371
122000123,2394,1413,981
122000124,1600,472,1128
122000125,568,651,-83
122000126,917,749,168
122000127,1976,864,1112
122000128,651,945,-294
122000129,361,596,-235
122000130,2740,630,2110
122000131,1416,632,784
122000132,771,429,342
122000133,1255,2229,-974
122000134,415,511,-96
122000135,723,867,-144
122000136,465,242,223
122000137,862,774,88
122000139,1795,2440,-645
122000140,1158,498,660
122000141,5853,970,4883
122000142,497,670,-173
122000143,457,266,191
122000144,1698,935,763
122000145,1561,712,849
122000146,642,1002,-360
122000147,1048,417,631
122000148,3867,1178,2689
122000149,2328,1228,1100
122000150,1330,833,497
122000151,234,290,-56
122000152,536,298,238
122000153,476,280,196
122000154,281,164,117
122000155,1429,1971,-542
122000156,2470,1910,560
122000157,2489,1275,1214
122000158,381,624,-243
122000159,1191,1559,-368
122000160,4451,1001,3450
122000161,1184,635,549
122000162,2613,1141,1472
122000163,313,77,236
122000164,52,85,-33
122000165,803,714,89
122000166,950,1114,-164
122000167,268,279,-11
122000168,283,633,-350
122000169,512,179,333
122000170,261,275,-14
122000171,50,76,-26
122000172,1595,1584,11
122000173,1760,2324,-564
122000174,2116,860,1256
122000175,1265,311,954
122000176,308,711,-403
122000177,1686,1308,378
122000178,3798,2484,1314
122000179,2332,2710,-378
122000180,2049,1004,1045
122000181,1939,3083,-1144
122000182,2564,1239,1325
122000183,1716,1037,679
122000184,3204,2148,1056
122000185,1511,1239,272
122000186,755,874,-119
122000187,1716,1167,549
122000188,405,234,171
122000189,263,358,-95
122000190,1035,1012,23
122000191,1175,619,556
122000192,878,366,512
122000193,376,677,-301
122000194,606,168,438
122000195,119,515,-396
122000196,977,669,308
122000197,494,868,-374
122000198,630,1123,-493
122000199,465,385,80
122000200,1638,559,1079
122000201,1307,1418,-111
122000202,1354,1173,181
122000203,2827,1682,1145
122000204,1429,2112,-683
122000205,1859,1171,688
122000206,2119,960,1159
122000207,1248,1470,-222
122000208,2101,1858,243
122000209,2953,358,2595
122000210,1564,2228,-664
122000211,1236,1482,-246
122000212,722,536,186
122000213,1103,1285,-182
122000214,1775,1649,126
122000215,2212,1540,672
122000217,2218,1458,760
122000218,707,63,644
122000219,1599,1057,542
122000220,314,819,-505
122000221,144,470,-326
122000222,689,75,614
122000223,1043,472,571
122000225,700,304,396
122000226,1359,2013,-654
122000227,422,2068,-1646
122000228,343,427,-84
122000229,28,431,-403
122000230,63,917,-854
122000231,250,1019,-769
122000232,641,1164,-523
122000233,0,121,-121
122000234,142,214,-72
122000235,388,329,59
122000236,467,220,247
122000237,135,77,58
122000238,127,198,-71
122000239,487,133,354
122000240,827,468,359
122000241,411,397,14
122000242,500,80,420
122000243,108,41,67
122000244,4,389,-385
122000245,7,88,-81
122000246,16,83,-67
122000247,555,359,196
122000248,1306,2046,-740
122000249,359,688,-329
122000250,1518,685,833
122000251,288,498,-210
122000252,611,135,476
122000253,28,334,-306
122000254,142,114,28
122000255,724,2252,-1528
122000256,398,1601,-1203
122000257,169,461,-292
122000258,146,293,-147
122000259,17,817,-800
122000260,8,148,-140
122000261,11,225,-214
122000262,1,56,-55
122000263,89,128,-39
122000264,682,551,131
122000265,1981,767,1214
122000266,4834,546,4288
122000267,85,156,-71
122000268,157,545,-388
122000269,752,410,342
122000270,798,150,648
122000271,273,1384,-1111
122000272,303,1331,-1028
122000273,256,650,-394
122000274,116,207,-91
122000275,28,187,-159
122000276,517,726,-209
122000277,727,1537,-810
122000278,566,1208,-642
122000279,167,614,-447
122000280,733,1003,-270
122000281,711,947,-236
122000282,190,147,43
122000283,416,72,344
122000284,109,86,23
122000285,528,112,416
122000286,127,176,-49
122000287,904,1568,-664
122000288,334,290,44
122000291,892,541,351
122000293,418,399,19
122000294,115,192,-77
122000295,1393,187,1206
122000296,46,672,-626
122000297,4130,2191,1939
122000299,428,550,-122
122000300,435,585,-150
122000301,18306,2985,15321
122000302,1227,845,382
122000303,5549,1546,4003
122000304,47,227,-180
122000305,772,283,489
122000306,20,894,-874
122000307,113,115,-2
122000309,47,61,-14
122000310,19,16,3
122000311,136,62,74
122000312,99,66,33
122000313,72,46,26
122000314,102,276,-174
122000315,190,27,163
122000316,424,229,195
122000317,791,234,557
122000318,244,482,-238
122000319,282,781,-499
122000320,309,3250,-2941
122000321,90,330,-240
122000322,3195,2615,580
122000323,1853,1583,270
122000324,1536,1468,68
122000325,1072,1088,-16
122000326,27,180,-153
122000327,234,462,-228
122000328,1174,928,246
122000330,2258,763,1495
122000332,205,356,-151
122000333,1,162,-161
122000337,825,2333,-1508
122000338,536,580,-44
122000340,508,325,183
122000342,2918,1312,1606
122000343,375,1030,-655
122000344,37,30,7
122000345,21,68,-47
122000346,360,699,-339
122000348,558,1060,-502
122000349,190,735,-545
122000351,70,258,-188
122000352,232,94,138
122000353,34,130,-96
122000355,101,185,-84
122000356,1946,803,1143
122000357,23,22,1
122000358,1,78,-77
122000359,0,43,-43
122000360,0,72,-72
122000362,16,122,-106
122000364,121,608,-487
122000365,1,39,-38
122000366,4,11,-7
122000368,532,1003,-471
122000370,15,75,-60
122000371,10,0,10
122000372,3,1,2
122000381,57,409,-352
122000382,58,288,-230
122000384,4774,2255,2519
122000385,19,1,18
122000386,579,867,-288
122000387,418,634,-216
122000388,1330,406,924
122000389,215,933,-718
122000390,405,292,113
122000391,301,116,185
122000392,187,313,-126
122000393,16,218,-202
122000394,416,392,24
122000395,121,214,-93
122000396,196,112,84
122000397,60,91,-31
122000398,32,75,-43
122000399,90,121,-31
122000400,182,220,-38
122000401,124,130,-6
122000402,191,135,56
122000403,469,1623,-1154
122000404,125,412,-287
122000408,802,1279,-477
122000503,11,83,-72
122000524,238,141,97
122000544,76,2149,-2073
122000616,701,3,698
122000640,31,271,-240
122000641,58,581,-523
122000642,921,1614,-693
122000643,20,105,-85
122000644,149,20,129
122000645,84,273,-189
122000651,2324,717,1607
122000664,135,46,89
122000665,1010,668,342
122000666,638,1132,-494
122000673,18,445,-427
122000674,83,52,31
122000675,1130,1158,-28
122000686,235,1805,-1570
122000687,620,431,189
122000688,110,1090,-980
122000689,415,858,-443
122000690,679,875,-196
122000691,324,3451,-3127
122000692,916,538,378
122000693,445,2606,-2161
122000695,170,659,-489
122000696,156,455,-299
122000698,183,1425,-1242
122000699,163,180,-17
122000701,971,369,602
122000702,563,2721,-2158
122000703,126,70,56
122000717,286,109,177
122000718,536,427,109
122000719,43,55,-12
122000720,123,354,-231
122900001,18,5,13
122900002,1361,2315,-954
122900003,267,33,234
122900004,877,34,843
122900005,59,45,14
122900006,972,364,608
122900007,148,59,89
122900008,1032,90,942
122900009,858,317,541
122900010,240,165,75
122900012,291,473,-182
122900013,0,0,0
122900014,157,387,-230
122900015,2682,451,2231
122900016,112,482,-370
122900017,431,999,-568
122900018,293,13,280
122900019,10,189,-179
122900020,448,500,-52
122900021,35,842,-807
122900022,415,1091,-676
122900023,246,407,-161
122900024,123,82,41
122900025,8,211,-203
122900026,132,414,-282
122900027,85,810,-725
122900028,134,193,-59
122900029,5997,2293,3704
122900030,1551,534,1017
122900031,114,149,-35
122900032,136,302,-166
122900033,118,247,-129
122900034,4786,4674,112
122900035,17,15,2
122900036,30,194,-164
122900037,293,173,120
122900038,152,1894,-1742
122900039,84,428,-344
122900040,329,484,-155
122900041,248,260,-12
122900042,154,332,-178
122900043,334,245,89
122900044,95,358,-263
122900045,46,145,-99
122900046,127,120,7
122900047,275,130,145
122900048,27,224,-197
122900049,1820,165,1655
122900051,133,122,11
122900052,26,171,-145
122900053,17,20,-3
122900055,296,129,167
122900057,297,29,268
122900061,378,170,208
122900062,333,509,-176
122900063,174,512,-338
122900064,1180,808,372
122900065,371,189,182
122900066,420,279,141
122900067,2046,930,1116
122900068,167,397,-230
122900069,229,1748,-1519
122900070,204,37,167
122900071,104,443,-339
122900072,22,774,-752
122900073,51,367,-316
122900074,236,976,-740
122900075,1,81,-80
122900076,8,239,-231
122900077,1,233,-232
122900078,55,182,-127
122900080,76,15,61
122900081,165,167,-2
122900082,581,216,365
122900083,220,129,91
122900084,9,297,-288
122900086,3,56,-53
122900087,133,748,-615
122900088,72,61,11
122900089,13,157,-144
122900090,9,812,-803
122900091,90,1,89
122900092,2,328,-326
122900093,4,528,-524
122900094,4,346,-342
122900095,119,12,107
122900096,84,328,-244
122900097,43,17,26
122900098,65,159,-94
122900099,20,7,13
122900100,739,301,438
122900101,669,230,439
122900102,6,12,-6
122900103,27,6,21
122900104,90,4,86
122900105,3,1,2
122900106,2,142,-140
122900107,4,255,-251
122900108,1,214,-213
123000001,2690,416,2274
123000002,8054,2981,5073
123000003,4318,3229,1089
123000004,4952,6083,-1131
123000005,2620,2732,-112
123000006,3333,3873,-540
123000007,3025,2528,497
123000008,2734,4630,-1896
123000009,4733,3143,1590
123000010,4066,5169,-1103
123000011,3474,797,2677
123000012,1085,3154,-2069
123000013,3286,889,2397
123000014,1481,4970,-3489
123000015,4962,928,4034
123000016,8221,3508,4713
123000017,3621,1303,2318
123000018,50,80,-30
123000019,102,500,-398
123000020,123,154,-31
123000021,53,175,-122
123000022,522,1096,-574
123000023,1337,1329,8
123000024,1064,511,553
123000025,26,130,-104
123000026,2,91,-89
123000027,265,611,-346
123000028,1167,240,927
123000029,929,562,367
123000030,181,969,-788
123000031,98,607,-509
123000032,163,373,-210
123000033,173,60,113
123000034,781,615,166
123000035,219,298,-79
123000036,286,676,-390
123000037,270,493,-223
123000038,112,220,-108
123000039,563,924,-361
123000040,1338,425,913
123000041,1101,649,452
123000042,999,515,484
123000043,4881,4985,-104
123000044,8713,2602,6111
123000045,14010,2305,11705
123000046,947,905,42
123000047,3009,1420,1589
123000048,85,488,-403
123000049,10322,5188,5134
123000050,927,1243,-316
123000051,80,122,-42
123000052,559,2698,-2139
123000053,2384,3459,-1075
123000054,1043,1326,-283
123000055,2391,1407,984
123000056,1420,2115,-695
123000057,23810,6346,17464
123000058,817,709,108
123000059,489,579,-90
123000060,720,363,357
123000061,207,887,-680
123000063,851,817,34
123000064,869,263,606
123000065,10113,3852,6261
123000066,1162,1003,159
123000067,424,643,-219
123000068,3467,4003,-536
123000069,10981,4573,6408
123000070,390,1088,-698
123000071,627,1420,-793
123000072,956,1906,-950
123000073,777,963,-186
123000074,825,2563,-1738
123000075,351,929,-578
123000076,509,1287,-778
123000077,2077,4620,-2543
123000078,1184,2032,-848
123000079,1089,2344,-1255
123000080,2507,3459,-952
123000081,260,1021,-761
123000082,507,1542,-1035
123000083,804,161,643
123000084,388,797,-409
123000085,114,152,-38
123000086,241,582,-341
123000087,144,684,-540
123000088,945,1676,-731
123000089,426,1670,-1244
123000090,1123,1497,-374
123000091,1751,1670,81
123000092,1144,1301,-157
123000094,373,297,76
123000095,385,796,-411
123000096,356,601,-245
123000097,320,1331,-1011
123000098,428,608,-180
123000099,653,949,-296
123000100,570,685,-115
123000101,720,477,243
123000102,731,691,40
123000104,386,300,86
123000105,596,572,24
123000106,518,348,170
123000107,419,642,-223
123000108,1026,1666,-640
123000111,498,283,215
123000112,650,736,-86
123000113,541,2431,-1890
123000114,511,456,55
123000115,195,277,-82
123000116,11,127,-116
123000117,1466,2891,-1425
123000118,407,1336,-929
123000119,273,1360,-1087
123000120,367,1261,-894
123000121,388,793,-405
123000122,362,229,133
123000123,388,729,-341
123000124,664,633,31
123000125,1204,823,381
123000126,2074,2608,-534
123000127,1566,1153,413
123000128,264,521,-257
123000129,456,241,215
123000130,454,81,373
123000131,699,569,130
123000132,336,702,-366
123000133,410,496,-86
123000134,641,208,433
123000135,1368,1422,-54
123000136,250,1780,-1530
123000137,155,531,-376
123000138,75,665,-590
123000139,320,107,213
123000140,191,1054,-863
123000141,732,97,635
123000142,1062,1331,-269
123000143,1293,3045,-1752
123000144,32,21,11
123000145,248,241,7
123000146,58,121,-63
123000147,86,136,-50
123000149,339,354,-15
123000150,147,206,-59
123000151,276,472,-196
123000152,57,456,-399
123000153,129,481,-352
123000154,2455,1428,1027
123000155,3157,917,2240
123000156,46,111,-65
123000157,592,960,-368
123000158,889,669,220
123000159,3640,2021,1619
123000160,786,489,297
123000161,1277,991,286
123000162,492,1312,-820
123000163,286,81,205
123000164,957,291,666
123000165,349,2429,-2080
123000166,25,215,-190
123000167,85,398,-313
123000168,196,424,-228
123000169,474,110,364
123000170,32,449,-417
123000171,297,99,198
123000172,206,823,-617
123000173,458,209,249
123000174,790,255,535
123000175,1295,1651,-356
123000176,1044,212,832
123000177,423,1567,-1144
123000178,531,151,380
123000179,41,1071,-1030
123000180,1332,319,1013
123000181,382,1941,-1559
123000182,170,853,-683
123000183,174,297,-123
123000184,78,1063,-985
123000185,485,481,4
123000186,7,819,-812
123000187,386,5,381
123000188,191,0,191
123000189,170,233,-63
123000190,49,108,-59
123000192,35,422,-387
123000193,38,757,-719
123000194,533,348,185
123000195,241,28,213
123000196,232,18,214
123000197,72,127,-55
123000198,12,260,-248
123000199,5,637,-632
123000200,328,11,317
123000201,659,19,640
123000202,23,1745,-1722
123000203,692,47,645
123000204,93,1537,-1444
123000205,515,2696,-2181
123000206,1487,153,1334
123000207,74,1184,-1110
123000208,265,80,185
123000209,1545,356,1189
123000210,504,1986,-1482
123000211,628,3761,-3133
123000212,1830,423,1407
123000213,409,80,329
123000215,161,109,52
123000216,264,996,-732
123000217,236,23,213
123000218,141,466,-325
123000219,1321,53,1268
123000220,435,102,333
123000221,188,219,-31
123000222,335,1048,-713
123000223,145,793,-648
123000224,307,705,-398
123000225,437,101,336
123000226,105,488,-383
123000227,56,474,-418
123000228,264,77,187
123000229,1357,2597,-1240
123000232,116,753,-637
123000233,531,228,303
123000234,140,958,-818
123000235,421,469,-48
123000236,199,1343,-1144
123000237,177,72,105
123000238,59,987,-928
123000239,480,2837,-2357
123000240,50,354,-304
123000241,995,154,841
123000242,115,259,-144
123000243,498,1372,-874
123000244,810,610,200
123000245,53,199,-146
123000249,390,762,-372
123000252,587,188,399
123000253,578,470,108
123000254,619,1570,-951
123000255,830,840,-10
123000256,46,321,-275
123000257,4616,3164,1452
123000258,948,1594,-646
123000259,191,545,-354
123000260,349,968,-619
123000261,101,420,-319
123000262,114,351,-237
123000263,312,136,176
123000264,167,60,107
123000265,69,189,-120
123000266,477,930,-453
123000267,410,355,55
123000268,33,73,-40
123000269,30,51,-21
123000270,23,34,-11
123000271,78,110,-32
123000272,898,196,702
123000273,190,560,-370
123000274,1122,504,618
123000275,298,1409,-1111
123000278,4039,2677,1362
123000279,74,125,-51
123000280,319,418,-99
123000281,207,130,77
123000282,99,295,-196
123000283,91,51,40
123000284,42,148,-106
123000286,302,264,38
123000287,506,262,244
123000288,926,619,307
123000289,524,904,-380
123000291,466,1106,-640
123000294,124,257,-133
123000295,731,1169,-438
123000296,252,485,-233
123000297,201,888,-687
123000298,206,733,-527
123000299,27,307,-280
123000300,587,731,-144
123000301,65,217,-152
123000302,86,339,-253
123000303,84,124,-40
123000305,1080,992,88
123000306,57,348,-291
123000309,32,60,-28
123000310,38,40,-2
123000311,0,173,-173
123000312,740,1354,-614
123000313,215,251,-36
123000315,107,553,-446
123000316,2004,31,1973
123000317,236,59,177
123000318,34,351,-317
123000329,10,16,-6
123000337,269,307,-38
123000338,658,64,594
123000339,113,332,-219
123000340,158,543,-385
123000342,5,9,-4
123000343,84,0,84
123000344,1415,582,833
123000345,329,789,-460
123000346,168,65,103
123000352,2765,956,1809
123000353,24,129,-105
123000354,117,7,110
123000355,0,538,-538
123000356,170,11,159
123000357,2,433,-431
123000359,6,326,-320
123000360,181,12,169
123000361,751,372,379
123000362,275,209,66
123000363,59,340,-281
123000364,463,336,127
123000365,25,349,-324
123000366,292,1634,-1342
123000367,234,1501,-1267
123000370,45,411,-366
123000371,793,20,773
123000372,284,9,275
123000373,3,487,-484
123000374,11,280,-269
123000375,200,26,174
123000376,601,540,61
123000377,278,30,248
123000378,13,653,-640
123000379,3,257,-254
123000380,41,282,-241
123000381,146,48,98
123000382,1500,122,1378
123000383,291,786,-495
123000384,416,117,299
123000385,408,847,-439
123000436,45,871,-826
123000507,137,446,-309
123000508,169,423,-254
123000517,384,40,344
123000518,42,338,-296
123000519,169,105,64
123000520,65,332,-267
123000521,443,158,285
123000522,198,914,-716
123000541,3,0,3
123000542,0,41,-41
123000565,262,21,241
123000566,57,1143,-1086
123000567,137,322,-185
123000573,44,1288,-1244
123000574,337,62,275
123000575,959,1935,-976
123000576,667,2715,-2048
123000577,118,663,-545
123000578,843,83,760
123000579,8456,3389,5067
123000580,84,25,59
123000582,225,27,198
123000583,20,849,-829
123000584,89,241,-152
123000585,1,180,-179
123000586,42,0,42
123000596,65,140,-75
123000597,64,80,-16
123000602,9,0,9
123000603,273,837,-564
123000604,292,1688,-1396
123000605,631,107,524
123000606,1,188,-187
123000609,18,375,-357
123000610,201,124,77
123000613,39,159,-120
123000614,148,69,79
123000615,38,211,-173
123000616,283,90,193
123000617,86,847,-761
123000618,46,1043,-997
123000619,552,27,525
123000620,13,799,-786
123000622,264,15,249
123000624,92,34,58
123000630,439,384,55
123000631,218,2405,-2187
123000632,1165,1577,-412
123000633,1,213,-212
123000634,72,31,41
123000635,276,91,185
123000636,19,819,-800
123000637,105,214,-109
123000638,348,140,208
123000639,1366,2142,-776
123000640,38,1363,-1325
123900001,1768,60,1708
123900002,14,1119,-1105
123900003,432,967,-535
123900005,166,118,48
123900006,153,25,128
124000001,1411,134,1277
124000002,135,2323,-2188
124000003,425,159,266
124000004,59,890,-831
124000005,736,243,493
124000006,311,1964,-1653
124000007,714,134,580
124000008,13,571,-558
124000009,215,379,-164
124000010,92,590,-498
124000011,745,452,293
124000012,349,1113,-764
124000017,75,97,-22
124000018,89,124,-35
124000019,52,101,-49
124000020,72,254,-182
124000021,85,73,12
124000022,86,318,-232
124000023,1114,1254,-140
124000024,1030,778,252
124000025,940,1203,-263
124000026,1375,1168,207
124000027,5913,3567,2346
124000028,3691,4444,-753
124000030,3925,1330,2595
124000031,794,1145,-351
124000032,6442,1265,5177
124000033,121,184,-63
124000034,2658,719,1939
124000035,20,94,-74
124000036,60,172,-112
124000037,486,550,-64
124000038,94,70,24
124000039,1251,282,969
124000040,687,673,14
124000041,244,77,167
124000042,101,464,-363
124000043,54,69,-15
124000044,25,403,-378
124000045,383,680,-297
124000046,242,922,-680
124000047,907,1071,-164
124000048,694,2616,-1922
124000049,998,699,299
124000050,591,3403,-2812
124000051,407,505,-98
124000052,555,2026,-1471
124000053,390,1017,-627
124000054,960,891,69
124000055,1215,1400,-185
124000056,5160,1711,3449
124000057,595,516,79
124000058,398,1762,-1364
124000059,437,600,-163
124000060,1116,1127,-11
124000061,1494,2648,-1154
124000062,6627,1911,4716
124000063,1518,1887,-369
124000064,3035,2120,915
124000065,52,214,-162
124000066,156,51,105
124000067,74,377,-303
124000068,6,10,-4
124000069,40,23,17
124000070,38,149,-111
124000071,162,103,59
124000072,163,771,-608
124000073,643,87,556
124000074,240,1131,-891
124000075,161,29,132
124000076,5,354,-349
124000077,2073,718,1355
124000078,2586,534,2052
124000079,711,1091,-380
124000080,319,136,183
124000081,193,954,-761
124000082,14,145,-131
124000083,27,237,-210
124000084,31,131,-100
124000085,114,46,68
124000086,63,116,-53
124000087,163,51,112
124000088,243,606,-363
124000089,416,453,-37
124000090,74,423,-349
124000091,288,132,156
124000092,47,684,-637
124000093,117,103,14
124000094,191,493,-302
124000095,63,66,-3
124000096,86,436,-350
124000097,71,81,-10
124000098,52,155,-103
124000099,104,123,-19
124000100,61,134,-73
124000101,52,106,-54
124000102,65,106,-41
124000103,49,85,-36
124000104,90,86,4
124000105,47,59,-12
124000106,120,130,-10
124000107,7,119,-112
124000108,90,47,43
124000109,73,68,5
124000110,171,163,8
124000111,175,143,32
124000112,484,1001,-517
124000113,44,66,-22
124000114,214,786,-572
124000115,340,1009,-669
124000116,82,84,-2
124000117,65,94,-29
124000118,47,45,2
124000119,859,878,-19
124000120,473,681,-208
124000121,1762,480,1282
124000122,624,1306,-682
124000123,945,412,533
124000124,523,1024,-501
124000125,372,367,5
124000126,322,580,-258
124000127,700,447,253
124000128,612,1146,-534
124000129,1955,1420,535
124000130,850,678,172
124000131,906,498,408
124000132,788,885,-97
124000133,648,902,-254
124000134,722,770,-48
124000135,1721,1768,-47
124000136,1073,1309,-236
124000137,1217,690,527
124000138,1607,1335,272
124000139,480,18,462
124000140,40,535,-495
124000141,82,7,75
124000142,31,175,-144
124000143,29,8,21
124000144,6,72,-66
124000145,82,31,51
124000146,22,181,-159
124000148,30,53,-23
124000149,850,421,429
124000150,374,718,-344
124000151,508,203,305
124000152,701,1375,-674
124000153,780,496,284
124000154,662,935,-273
124000155,989,604,385
124000156,1619,1099,520
124000169,193,292,-99
124000170,810,534,276
124000171,163,240,-77
124000172,340,709,-369
124000173,275,419,-144
124000174,238,923,-685
124000175,10,175,-165
124000176,12,9,3
124000177,8,58,-50
124000178,22,26,-4
124000190,82,33,49
124000191,186,42,144
124000192,2779,384,2395
124000193,667,1534,-867
124000194,329,590,-261
124000195,266,543,-277
124000196,880,1479,-599
124000197,51,64,-13
124000198,21,21,0
124000201,392,1330,-938
124000202,519,219,300
124000203,132,1210,-1078
124000204,390,783,-393
124000205,47,982,-935
124000206,333,591,-258
124000207,0,76,-76
124000209,206,944,-738
124000210,165,244,-79
124000211,211,2,209
124000212,0,916,-916
124000213,210,530,-320
124000214,170,1247,-1077
124000215,117,17,100
124000216,2,714,-712
124000329,112,3251,-3139
124000338,77,1843,-1766
124000339,390,158,232
124000341,492,98,394
124000344,24,2,22
124000357,737,1583,-846
124000358,611,980,-369
124000359,906,480,426
124000360,515,403,112
124000361,1225,699,526
124000362,2074,2604,-530
124000363,317,657,-340
124000364,650,1440,-790
124000365,678,1499,-821
124000366,2277,1124,1153
124000367,123,793,-670
124000368,267,161,106
124000369,140,83,57
124000370,65,799,-734
124000402,19,7,12
124000403,46,5,41
124000404,7,157,-150
124000405,1036,764,272
124000406,1029,930,99
124000407,1,35,-34
124000411,6,479,-473
124000412,179,21,158
124000413,301,57,244
124000414,57,149,-92
124000415,31,250,-219
124000416,95,437,-342
124000417,68,73,-5
124000418,92,133,-41
124000419,67,231,-164
124000420,19,49,-30
124000421,30,325,-295
124000422,27,6,21
124000423,141,43,98
124000424,2,108,-106
124000425,16,11,5
124000426,1,46,-45
124000427,12,9,3
124000428,15,35,-20
124000429,22,59,-37
124000430,490,1088,-598
124000431,266,1043,-777
124000432,132,965,-833
124000439,1,8,-7
124000442,2,260,-258
124000443,0,5,-5
124000445,101,183,-82
124000446,1689,40,1649
124900001,291,248,43
124900002,127,654,-527
124900003,521,529,-8
124900004,322,387,-65
124900005,218,308,-90
124900006,494,407,87
124900008,1129,507,622
124900009,115,206,-91
124900010,102,49,53
124900011,308,180,128
124900012,402,78,324
124900013,316,105,211
124900014,119,160,-41
124900015,125,211,-86
124900016,60,85,-25
124900017,1102,490,612
124900018,11,5,6
124900020,59,84,-25
124900021,196,50,146
124900022,26,14,12
124900024,175,26,149
124900026,103,6,97
124900027,30,213,-183
124900028,1058,168,890
124900029,7,348,-341
124900030,15,272,-257
124900031,47,555,-508
124900032,230,185,45
124900033,84,604,-520
124900034,11,144,-133
124900035,203,634,-431
124900036,0,44,-44
124900037,176,488,-312
124900038,378,405,-27
124900039,0,20,-20
124900040,63,100,-37
124900041,180,1431,-1251
124900042,33,0,33
124900043,359,1441,-1082
124900044,65,2,63
124900045,943,943,0
124900046,2637,242,2395
124900047,92,258,-166
124900048,126,199,-73
124900050,144,369,-225
124900052,100,529,-429
124900053,75,470,-395
124900054,3887,402,3485
124900055,1,168,-167
124900057,14,116,-102
124900060,71,345,-274
124900061,20,8,12
124900062,64,31,33
124900066,0,14,-14
124900067,4,216,-212
124900068,200,344,-144
124900070,67,30,37
124900072,64,23,41
124900074,233,484,-251
124900075,119,254,-135
124900076,23,466,-443
124900077,38,112,-74
124900078,47,13,34
124900079,906,75,831
124900080,262,912,-650
124900081,485,273,212
124900082,367,1081,-714
124900083,171,648,-477
124900084,3134,101,3033
124900085,1313,176,1137
124900086,83,712,-629
124900087,548,78,470
124900088,749,97,652
124900089,1764,33,1731
124900090,194,227,-33
124900091,235,849,-614
124900092,164,631,-467
124900093,210,241,-31
124900094,242,269,-27
124900095,97,453,-356
124900096,571,219,352
124900097,186,88,98
124900098,146,552,-406
124900099,908,476,432
124900100,392,56,336
124900101,16,443,-427
124900102,135,25,110
124900103,104,380,-276
124900104,35,228,-193
124900105,52,223,-171
124900106,333,37,296
124900107,107,37,70
124900108,209,44,165
124900109,20,104,-84
124900110,217,528,-311
124900111,2,64,-62
124900112,59,1128,-1069
124900113,100,148,-48
124900114,176,47,129
124900115,85,67,18
124900116,75,144,-69
124900117,448,118,330
124900118,98,76,22
124900119,256,56,200
124900120,49,489,-440
124900121,101,154,-53
124900122,451,274,177
124900123,238,40,198
124900124,125,157,-32
129000186,99,44,55
204000001,23,3,20
204000002,24,2,22
204000003,46,1,45
204000004,6,1,5
204000005,348,337,11
204000006,885,1069,-184
204000008,853,480,373
204000011,8,78,-70
204000012,30,93,-63
204000013,1,41,-40
204000019,436,572,-136
204000020,387,770,-383
204000021,2169,805,1364
204000022,460,487,-27
204000023,448,1153,-705
204000031,55,21,34
204000032,451,24,427
204000034,22,417,-395
204000035,2,5,-3
204000036,9,19,-10
204000037,1,12,-11
204000038,1,22,-21
204000039,3,50,-47
204000040,4,52,-48
204000041,10,90,-80
204000042,23,13,10
204000043,24,5,19
204000044,10,8,2
204000045,33,4,29
204000046,19,20,-1
204000057,3,53,-50
204000062,6,20,-14
204000068,17,170,-153
204000069,5,208,-203
204000070,45,105,-60
204000080,20,49,-29
204000085,1537,1773,-236
204000086,2506,2292,214
204000087,35,19,16
204000088,5,118,-113
204000090,15,468,-453
204000093,179,59,120
204000096,524,662,-138
204000097,218,10,208
204000099,896,1104,-208
204000100,1000,1063,-63
204000105,1936,1795,141
204000110,856,1531,-675
204000111,351,931,-580
204000112,1129,1058,71
204000113,400,1093,-693
204000114,646,669,-23
204000115,354,355,-1
204000116,1958,563,1395
204000119,1566,1735,-169
204000132,355,200,155
204000133,405,211,194
204000134,283,128,155
204000135,260,62,198
204000136,196,219,-23
204000138,160,345,-185
204000140,147,76,71
204000141,58,55,3
204000144,4,31,-27
204000145,410,48,362
204000146,33,578,-545
204000147,19,130,-111
204000148,222,27,195
204000154,3,1,2
204000155,7,19,-12
204000177,67,35,32
204000179,15,5,10
204000180,0,36,-36
204000222,3,64,-61
204000235,5,16,-11
204000236,82,347,-265
204000238,13,21,-8
204000240,303,84,219
204000263,285,1251,-966
204000308,175,10,165
204000317,8,72,-64
204000322,1,60,-59
204000323,11,6,5
204000328,193,53,140
204000329,55,136,-81
204000330,137,31,106
204000331,16,144,-128
204010341,8,301,-293
205000001,1101,1483,-382
205000013,10,100,-90
205000014,7,123,-116
205000015,22,248,-226
205000016,24,201,-177
205000017,38,114,-76
205000022,294,665,-371
205000025,1632,1065,567
205000029,162,1,161
205000045,78,210,-132
205000047,73,497,-424
205000048,196,1033,-837
205000049,153,825,-672
205000050,926,300,626
205000059,0,291,-291
205000060,0,82,-82
205000061,0,53,-53
205000062,3,34,-31
205000063,16,103,-87
205000064,10,146,-136
205000065,57,845,-788
205000066,116,967,-851
205000067,48,1201,-1153
205000069,164,11,153
205000082,122,210,-88
205000110,40,211,-171
205000111,202,238,-36
205000112,122,171,-49
205000113,168,277,-109
205000121,205,63,142
205000123,50,244,-194
205000126,320,146,174
205000127,623,184,439
205000128,440,69,371
205000129,416,112,304
205000130,336,27,309
205000131,545,8,537
205000132,393,3,390
205000133,278,3,275
205000134,151,1,150
205000137,124,146,-22
205000138,305,348,-43
205000139,28,103,-75
205000144,68,61,7
205000145,367,199,168
205000151,184,30,154
205000152,131,33,98
205000153,114,28,86
205000154,135,69,66
205000155,82,12,70
205000207,13,167,-154
205000233,2,1,1
205000234,0,2,-2
205000243,0,0,0
205000244,0,5,-5
205000245,15,351,-336
205000249,1,48,-47
205000250,0,1,-1
205000251,86,450,-364
205000264,3,94,-91
206000027,6,4,2
206000028,4,0,4
206000043,10,165,-155
206000053,1,11,-10
206000054,3,35,-32
206000055,0,43,-43
206000075,5,3,2
206000076,29,5,24
206000077,11,2,9
206000078,6,4,2
206000079,8,6,2
206000082,597,10,587
206000100,94,836,-742
206000103,3,25,-22
206000104,3,20,-17
206000105,6,33,-27
206000106,7,41,-34
206000108,597,17,580
206000125,43,0,43
206000157,85,952,-867
206000170,1,516,-515
206000171,5,341,-336
206000172,13,1678,-1665
206000173,3,514,-511
206000174,6,251,-245
206000175,4,296,-292
206000176,14,615,-601
206000177,2,418,-416
206000178,3,334,-331
206000179,8,191,-183
206000180,25,356,-331
206000181,15,540,-525
206000182,9,544,-535
206000183,29,1520,-1491
206000184,7,814,-807
206000185,9,588,-579
206000186,154,2701,-2547
206000223,3,516,-513
206000226,11,0,11
206000227,23,0,23
206000237,21,751,-730
206000238,49,952,-903
206000239,737,3616,-2879
206000240,6,66,-60
206000241,0,184,-184
206000242,4,852,-848
206000243,11,717,-706
206000244,57,1685,-1628
206000245,296,30,266
206000246,38,4,34
206000247,48,9,39
206000248,234,11,223
206000252,74,20,54
206000258,18,59,-41
206000315,26,2,24
206000317,285,83,202
206000318,210,25,185
206000319,529,56,473
206000320,57,43,14
206000321,49,6,43
206000322,174,7,167
206000323,69,6,63
206000324,57,5,52
206000325,111,12,99
206000326,123,9,114
206000327,133,10,123
206000328,59,2,57
206000329,98,3,95
206000330,36,5,31
206000331,106,1,105
206000332,9,4,5
206000333,203,5,198
206000334,123,1,122
206000335,0,34,-34
206000361,3,298,-295
206000392,4,43,-39
206000405,94,0,94
206000441,13,17,-4
206000498,50,1,49
206000515,116,19,97
206000530,88,50,38
206000531,128,72,56
206000532,3898,75,3823
206000535,625,2629,-2004
206000536,30,341,-311
206000537,9,255,-246
206000613,1411,187,1224
207000001,149,503,-354
207000002,67,304,-237
207000003,96,281,-185
207000007,493,253,240
207000008,65,8,57
207000009,37,44,-7
207000010,544,905,-361
207000012,218,197,21
207000015,364,2340,-1976
207000019,133,83,50
207000021,475,132,343
207000022,92,114,-22
207000023,138,40,98
207000024,2,15,-13
207000025,10,62,-52
207000026,102,56,46
207000027,14,89,-75
207000028,76,302,-226
207000029,333,548,-215
207000033,213,247,-34
207000034,226,78,148
207000039,230,115,115
207000040,176,107,69
207000041,75,54,21
207000042,207,67,140
207000043,139,175,-36
207000051,113,591,-478
207000052,30,327,-297
207000053,385,691,-306
207000054,23,137,-114
207000055,72,176,-104
207000056,218,480,-262
207000057,118,326,-208
207000058,87,486,-399
207000059,61,815,-754
207000060,55,288,-233
207000061,169,199,-30
207000062,115,32,83
207000063,73,117,-44
207000064,390,203,187
207000065,261,265,-4
207000066,100,183,-83
207000067,39,124,-85
207000068,72,68,4
207000069,573,357,216
207000082,40,549,-509
207000083,67,605,-538
207000084,164,218,-54
207000085,133,16,117
207000086,115,6,109
207000106,50,35,15
207000107,63,23,40
207000108,38,13,25
207000109,28,10,18
207000110,48,55,-7
207000111,69,60,9
207000112,205,287,-82
207000114,13,64,-51
207000115,11,142,-131
207000116,19,427,-408
207000117,8,192,-184
207000118,10,213,-203
207000119,21,262,-241
207000123,175,32,143
207000124,41,23,18
207000125,46,43,3
207000126,67,47,20
207000134,23,346,-323
207000135,22,524,-502
207000148,38,173,-135
207000149,82,76,6
207000152,124,365,-241
207000153,1275,1087,188
207000154,569,121,448
207000159,65,448,-383
207000160,124,919,-795
207000238,1,92,-91
207000242,3,278,-275
207000248,29,35,-6
207000249,210,87,123
207000250,1002,100,902
207000251,58,89,-31
207000252,58,118,-60
207000278,22,79,-57
207000279,14,411,-397
207000280,232,66,166
207000281,89,1828,-1739
207000282,159,30,129
207000283,136,293,-157
207000284,75,62,13
207000285,191,49,142
207000291,14,211,-197
207000304,97,49,48
207000306,38,540,-502
207000310,41,72,-31
207000353,209,4,205
207000356,8,72,-64
207000357,13,4,9
207000358,8,5,3
207000415,3,199,-196
207000417,25,2,23
207000418,1,16,-15
207000437,0,4,-4
207000439,1176,341,835
207000446,99,6,93
207000460,10,8,2
207000466,144,325,-181
207000467,48,89,-41
207000468,16,615,-599
207000476,10,103,-93
207000477,339,144,195
207000523,0,17,-17
207000524,5,1,4
207000527,69,164,-95
207000530,242,9,233
207000531,195,10,185
207000532,82,25,57
207000534,597,37,560
207000535,47,332,-285
207000537,37,175,-138
207000540,11,223,-212
207000541,4,366,-362
207000548,13,351,-338
207000549,217,13,204
207000561,64,137,-73
207000562,47,255,-208
207000567,140,289,-149
207000568,73,130,-57
207000569,211,1570,-1359
207000584,361,198,163
207000585,69,230,-161
207000616,0,291,-291
207000617,88,0,88
207900008,121,360,-239
208000001,400,606,-206
208000002,441,485,-44
208000003,689,527,162
208000004,1073,697,376
208000005,7,21,-14
208000019,461,922,-461
208000020,179,506,-327
208000021,149,744,-595
208000022,558,928,-370
208000028,1573,1072,501
208000033,367,874,-507
208000034,1131,1995,-864
208000040,92,143,-51
208000041,814,513,301
208000042,691,578,113
208000047,107,448,-341
208000064,2803,1331,1472
208000066,1618,957,661
208000070,211,450,-239
208000071,277,938,-661
208000072,229,1372,-1143
208000080,146,386,-240
208000081,151,162,-11
208000082,193,383,-190
208000083,101,424,-323
208000084,25,20,5
208000085,890,561,329
208000086,389,981,-592
208000087,246,793,-547
208000089,727,817,-90
208000090,600,1323,-723
208000093,56,110,-54
208000094,315,646,-331
208000095,459,391,68
208000104,845,909,-64
208000105,646,1042,-396
208000114,66,172,-106
208000115,530,393,137
208000116,229,902,-673
208000117,69,154,-85
208000118,86,115,-29
208000155,505,1064,-559
208000158,1729,3213,-1484
208000186,3507,2203,1304
208000204,354,1087,-733
208000205,857,1468,-611
208000282,4223,1988,2235
209000004,151,223,-72
209000005,13,37,-24
209000006,522,96,426
209000007,310,290,20
209000010,602,125,477
209000011,167,190,-23
209000012,103,223,-120
209000013,174,691,-517
209000014,659,2088,-1429
209000025,176,26,150
209000026,528,105,423
209000027,351,1372,-1021
209000028,288,1361,-1073
209000029,682,1087,-405
209000030,638,2077,-1439
209000031,4752,3280,1472
209000034,109,98,11
209000035,71,121,-50
209000036,83,95,-12
209000037,95,156,-61
209000038,57,167,-110
209000039,32,152,-120
209000040,285,462,-177
209000041,197,419,-222
209000042,234,399,-165
209000043,723,633,90
209000044,231,595,-364
209000045,905,461,444
209000046,311,550,-239
209000047,185,195,-10
209000048,373,269,104
209000049,91,146,-55
209000050,146,196,-50
209000051,295,418,-123
209000052,129,397,-268
209000062,60,249,-189
209000063,19,146,-127
209000064,19,203,-184
209000065,11,23,-12
209000066,23,36,-13
209000067,57,69,-12
209000080,22,183,-161
209000082,56,48,8
209000091,46,118,-72
209000093,106,59,47
209000094,167,211,-44
209000110,32,83,-51
209000111,358,1024,-666
209000112,588,394,194
209000113,1352,373,979
209000114,268,306,-38
209000115,66,224,-158
209000116,788,781,7
209000118,20,48,-28
209000119,39,13,26
209000121,143,840,-697
209000135,54,58,-4
209000142,680,980,-300
209000143,161,97,64
209000144,83,100,-17
209000229,183,198,-15
209000240,39,530,-491
209000259,85,144,-59
209000260,102,1218,-1116
209000261,18,777,-759
209000262,2,655,-653
209000263,1,143,-142
209000264,1,105,-104
209000265,353,3,350
209000266,65,8,57
209000267,845,11,834
209000268,421,51,370
210000037,43,29,14
210000047,56,38,18
210000048,58,40,18
210000049,44,33,11
210000052,31,155,-124
210000053,20,118,-98
210000054,62,122,-60
210000070,79,5,74
210000071,32,3,29
210000072,24,0,24
210000073,0,42,-42
210000074,1,118,-117
210000075,0,56,-56
210000076,21,139,-118
210000077,39,37,2
210000078,18,30,-12
210000079,36,9,27
210000080,110,31,79
210000081,184,21,163
210000082,37,0,37
210000083,68,0,68
210000084,35,0,35
210000085,0,92,-92
210000086,2,130,-128
210000099,34,264,-230
210000100,28,224,-196
210000101,80,264,-184
210000105,46,237,-191
210000159,1,190,-189
210000163,213,202,11
210000164,467,133,334
210000168,135,21,114
210000187,0,7,-7
210000188,0,20,-20
210000214,161,0,161
210000219,26,55,-29
210000220,34,90,-56
210000232,0,41,-41
210000233,33,45,-12
210000234,31,155,-124
210000235,35,165,-130
210000245,3,39,-36
210000246,76,2,74
210000258,9,146,-137
210000259,246,34,212
210000282,54,235,-181
210000285,1,123,-122
210000286,12,178,-166
210000290,1,1,0
210000295,44,223,-179
210000296,58,72,-14
210000320,150,144,6
210000321,72,150,-78
210000338,85,123,-38
210000339,595,929,-334
210000340,86,296,-210
210000341,140,244,-104
210000342,131,195,-64
210000343,155,207,-52
210000344,265,112,153
210000345,257,210,47
210000346,120,111,9
210000347,222,47,175
210000348,203,28,175
210000349,111,17,94
210000350,74,74,0
210000351,79,118,-39
210000352,52,104,-52
210000353,34,104,-70
210000354,90,106,-16
210000355,46,71,-25
210000356,81,63,18
210000357,95,46,49
210000358,330,89,241
210000359,140,58,82
210000360,161,109,52
210000361,135,146,-11
210000362,177,202,-25
210000363,1062,140,922
210000364,95,131,-36
210000365,76,58,18
210000366,102,40,62
210000367,53,16,37
210000368,111,13,98
210000369,41,29,12
210000370,56,57,-1
210000372,37,39,-2
210000373,110,17,93
210000374,47,23,24
210000375,19,98,-79
210000376,48,131,-83
210000404,106,161,-55
210000439,42,63,-21
210000472,96,8,88
210000482,62,79,-17
210000564,579,191,388
210000567,0,2,-2
210000568,656,5,651
211000092,9,89,-80
211000094,22,3,19
211000169,149,30,119
211000172,10,267,-257
211000209,1,23,-22
211000226,0,1,-1
211000270,0,0,0
211000275,10,38,-28
211000276,52,52,0
211000279,11,84,-73
211000281,48,75,-27
211507980,0,36,-36
211977296,24,9,15
212000003,105,62,43
212000004,105,19,86
212000005,29,29,0
212000006,35,82,-47
212000008,123,249,-126
212000009,19,184,-165
212000012,39,87,-48
212000013,9,52,-43
212000014,208,172,36
212000015,198,285,-87
212000016,419,635,-216
212000027,369,469,-100
212000028,254,435,-181
212000029,144,284,-140
212000030,23,25,-2
212000031,31,76,-45
212000048,36,98,-62
212000049,3,75,-72
212000050,9,2,7
212000051,124,263,-139
212000052,128,462,-334
212000053,290,559,-269
212000054,134,172,-38
212000055,201,291,-90
212000056,7,47,-40
212000057,16,32,-16
212000058,352,66,286
212000070,97,370,-273
212000077,114,758,-644
212000099,220,298,-78
212000108,185,180,5
212000111,156,168,-12
212000120,154,127,27
212000138,85,26,59
212000156,6,134,-128
212000158,9,10,-1
212000159,254,74,180
212000160,429,258,171
212000161,49,9,40
212000310,24,23,1
212000311,9,84,-75
212000374,19,16,3
213000001,28,983,-955
213000005,305,120,185
213000006,1027,154,873
213000007,88,18,70
213000009,601,284,317
213000010,145,245,-100
213000011,192,145,47
213000012,94,406,-312
213000014,41,12,29
213000015,151,3,148
213000016,234,0,234
213000017,19,0,19
213000018,1,238,-237
213000019,3,229,-226
213000020,157,464,-307
213000021,8,129,-121
213000023,315,206,109
213000033,255,1008,-753
213000034,540,384,156
213000035,75,195,-120
213000045,131,288,-157
213000046,108,236,-128
213000047,533,863,-330
213000056,37,58,-21
213000069,67,5,62
213000073,0,34,-34
213000074,267,628,-361
213000075,497,9,488
213000085,4,45,-41
213000086,9,232,-223
213000091,106,15,91
213000092,88,6,82
213000099,141,880,-739
213000100,1152,218,934
213000101,137,167,-30
213000102,216,554,-338
213000103,591,985,-394
213000104,54,719,-665
213000105,0,68,-68
213000106,20,216,-196
213000107,102,832,-730
213000108,7,667,-660
213000109,4,343,-339
213000110,19,95,-76
213000111,8,81,-73
213000112,171,128,43
213000115,30,4,26
213000116,140,1064,-924
213000117,21,1493,-1472
213000118,332,345,-13
213000119,54,1077,-1023
213000120,92,937,-845
213000122,189,1131,-942
213000123,768,2198,-1430
213000124,83,2148,-2065
213000125,150,20,130
213000126,113,128,-15
213000127,231,168,63
213000128,945,865,80
213000129,638,274,364
213000130,279,155,124
213000132,215,82,133
213000133,248,86,162
213000134,518,30,488
213000136,283,21,262
213000137,388,85,303
213000139,175,5,170
213000147,61,2,59
213000148,24,2,22
213000149,22,5,17
213000150,0,111,-111
213000151,1,121,-120
213000152,7,93,-86
213000153,1,48,-47
213000154,23,214,-191
213000155,47,445,-398
213000156,117,791,-674
213000157,660,629,31
213000158,256,978,-722
213000159,423,635,-212
213000163,364,73,291
213000165,697,156,541
213000171,1,184,-183
213000172,4,470,-466
213000173,2,410,-408
213000174,2,310,-308
213000175,7,342,-335
213000176,45,11,34
213000177,32,4,28
213000178,60,3,57
213000179,101,0,101
213000180,72,0,72
213000184,106,633,-527
213000188,294,69,225
213000189,226,44,182
213000190,752,884,-132
213000191,177,665,-488
213000192,147,675,-528
213000193,1512,279,1233
213000194,0,43,-43
213000195,16,491,-475
213000196,142,1172,-1030
213000197,244,515,-271
213000198,45,2,43
213000200,101,1372,-1271
213000201,68,45,23
213000202,14,907,-893
213000203,3260,459,2801
213000204,406,52,354
213000205,181,68,113
213000206,541,43,498
213000207,90,10,80
213000208,201,1,200
213000209,118,2,116
213000210,278,0,278
213000211,17,9,8
213000212,7,26,-19
213000213,7,22,-15
213000218,252,1270,-1018
213000219,408,24,384
213000220,271,10,261
213000223,186,86,100
213000224,53,29,24
213000225,66,8,58
213000226,23,19,4
213000227,497,211,286
213000228,160,58,102
213000229,501,15,486
213000230,216,20,196
213000232,88,409,-321
213000233,9,19,-10
213000234,4,29,-25
213000293,9,63,-54
213000294,181,7,174
213000295,14,78,-64
213000296,52,16,36
213000297,9,124,-115
213000298,12,121,-109
213000299,41,40,1
213000300,7,4,3
213000303,6,34,-28
213000304,2,4,-2
213000305,3,9,-6
213000306,77,44,33
213000307,338,86,252
213000308,88,435,-347
213000309,196,57,139
213000310,262,101,161
213000311,291,804,-513
213000315,69,228,-159
213000316,64,69,-5
213000322,88,232,-144
213000323,50,101,-51
213000324,79,193,-114
213000325,43,221,-178
213000326,37,110,-73
213000327,37,219,-182
213000328,38,161,-123
213000329,74,107,-33
213000340,130,1127,-997
213000341,244,54,190
213000347,1097,151,946
213000348,5,250,-245
213000349,36,8,28
213000350,246,1929,-1683
213000366,49,392,-343
213000367,124,20,104
213000379,121,302,-181
213000386,13,244,-231
213000406,103,450,-347
213000417,1249,400,849
213000425,96,53,43
213000426,53,120,-67
213000427,36,609,-573
213000428,21,369,-348
213000429,9,3,6
213000430,98,1541,-1443
213000431,26,2,24
213000432,1,14,-13
213000433,33,178,-145
213000434,49,145,-96
213000435,78,120,-42
213000436,13,102,-89
213000437,6,102,-96
213000438,109,178,-69
213000439,56,11,45
213000440,7,239,-232
213000441,0,2,-2
213000442,5,98,-93
213000443,362,469,-107
213000444,23,153,-130
213000445,2,126,-124
213000446,0,21,-21
213000447,13,12,1
213000448,12,71,-59
213000449,167,4,163
213000450,29,45,-16
213000451,228,108,120
213000452,4,21,-17
213000453,50,455,-405
213000455,318,39,279
213000456,3,161,-158
213000481,18,20,-2
213000484,38,5,33
213000489,626,46,580
213900002,0,77,-77
213900003,300,3,297
213900013,2,228,-226
213900015,1,11,-10
213900016,8,14,-6
213900020,13,262,-249
213900030,2,82,-80
213900032,240,66,174
213900033,90,37,53
213900034,235,138,97
213900035,119,929,-810
213900036,110,368,-258
213900037,43,446,-403
213900038,300,307,-7
213900039,0,157,-157
213900041,3,111,-108
213900042,277,144,133
213900043,176,212,-36
213900244,12,0,12
213900245,0,43,-43
218000003,23,20,3
218000004,47,18,29
218000005,19,62,-43
218000006,56,32,24
218000007,9,12,-3
218000012,264,146,118
218000013,75,106,-31
218000014,440,396,44
218000019,788,552,236
218000020,272,369,-97
218000021,48,180,-132
218000022,15,69,-54
218000023,3,71,-68
218000024,4,38,-34
218000025,4,59,-55
218000026,21,87,-66
218000027,0,33,-33
218000028,4,19,-15
218000029,1,2,-1
218000030,20,35,-15
218000031,1,75,-74
218000032,0,61,-61
218000040,2,5,-3
218000046,46,290,-244
218000047,22,347,-325
218000048,103,318,-215
218000049,340,301,39
218000050,566,518,48
218000051,78,538,-460
218000052,2,188,-186
218000053,1,14,-13
218000054,29,43,-14
218000055,25,23,2
218000056,8,85,-77
218000057,1,70,-69
218000064,0,8,-8
218000065,48,56,-8
218000066,11,44,-33
218000067,26,105,-79
218000068,80,107,-27
218000069,89,209,-120
218000070,82,337,-255
218000071,151,296,-145
218000072,278,247,31
218000078,506,1693,-1187
218000079,48,84,-36
218000080,77,76,1
218000081,243,335,-92
218000082,28,150,-122
218000083,45,72,-27
218000084,83,257,-174
218000085,98,670,-572
218000086,39,296,-257
218000087,128,355,-227
218000090,8,106,-98
218000091,706,452,254
218000092,59,152,-93
218000093,57,100,-43
218000094,452,874,-422
218000099,284,465,-181
218000100,140,251,-111
218000101,169,146,23
218000102,143,333,-190
218000103,80,212,-132
218000104,39,61,-22
218000105,20,5,15
218000106,10,5,5
218000107,37,92,-55
218000108,6,51,-45
218000112,62,14,48
218000117,38,28,10
218000134,590,1174,-584
218000135,32,138,-106
218000136,214,59,155
218000137,101,187,-86
218000138,15,137,-122
218000139,116,404,-288
218000140,176,173,3
218000141,67,97,-30
218000142,114,206,-92
218000143,45,295,-250
218000144,63,77,-14
218000145,228,430,-202
218000146,60,181,-121
218000151,12,17,-5
218000152,68,38,30
218000153,1,3,-2
218000154,7,2,5
218000155,14,3,11
218000156,44,24,20
218000157,20,15,5
218000158,4,3,1
218000159,3,4,-1
218000160,4,2,2
218000161,15,11,4
218000162,13,20,-7
218000163,4,7,-3
218000164,37,18,19
218000165,33,41,-8
218000170,0,40,-40
218000171,40,10,30
218000172,17,35,-18
218000173,64,25,39
218000174,17,3,14
218000176,89,25,64
218000177,350,150,200
218000178,83,160,-77
218000179,65,57,8
218000180,56,24,32
218000181,103,38,65
218000187,1,43,-42
218000188,74,73,1
218000189,14,103,-89
218000190,5,37,-32
218000191,79,115,-36
218000192,135,794,-659
218000193,386,787,-401
218000194,78,709,-631
218000195,137,109,28
218000196,215,305,-90
218000197,194,433,-239
218000198,7,151,-144
218000199,21,48,-27
218000200,90,49,41
218000201,4,18,-14
218000202,132,120,12
218000207,11,97,-86
218000208,48,83,-35
218000211,49,27,22
218000212,0,12,-12
218000213,111,70,41
218000214,6,25,-19
218000215,89,136,-47
218000217,3,168,-165
218000218,363,128,235
218000219,44,25,19
218000220,147,427,-280
218000221,672,151,521
218000222,80,17,63
218000223,42,185,-143
218000224,8,56,-48
218000225,154,17,137
218000226,77,66,11
218000230,0,6,-6
218000232,34,60,-26
218000239,87,1,86
218000240,22,0,22
218000241,14,1,13
218000242,35,0,35
218000243,24,2,22
218000244,10,2,8
218000245,12,1,11
218000246,0,0,0
218000247,0,0,0
218000248,0,33,-33
218000249,0,1,-1
218000250,9,47,-38
218000251,1,30,-29
218000252,18,15,3
218000253,11,8,3
218000254,0,7,-7
218000255,0,9,-9
218000256,4,54,-50
218000267,914,1277,-363
218000268,17,98,-81
218000269,10,12,-2
218000270,23,53,-30
218000271,22,71,-49
218000273,9,12,-3
218000274,7,2,5
218000275,6,31,-25
218000276,9,74,-65
218000278,1,27,-26
218000279,9,27,-18
218000280,19,16,3
218000281,18,13,5
218000282,355,148,207
218000284,95,6,89
218000301,83,131,-48
218000302,136,69,67
218000303,80,52,28
218000316,600,1060,-460
218000317,559,1173,-614
218000318,264,939,-675
218000319,636,2081,-1445
218000320,455,835,-380
218000338,78,36,42
218000345,90,43,47
218000346,27,158,-131
218000459,78,507,-429
218000490,20,72,-52
218000501,52,35,17
218000502,42,85,-43
218000503,37,13,24
218000504,98,16,82
218000505,37,141,-104
218000506,24,153,-129
218000508,1,1,0
218000510,143,14,129
218000520,134,97,37
218000521,2,79,-77
218000522,0,164,-164
218000523,74,1,73
218000524,30,195,-165
218000525,118,14,104
218000526,38,78,-40
218000529,29,327,-298
218000530,7,7,0
218000531,4,29,-25
218000532,8,33,-25
218000534,35,6,29
218000537,21,37,-16
218000538,170,186,-16
218000540,470,87,383
218000543,71,78,-7
218000544,68,147,-79
218000545,16,62,-46
218000546,39,153,-114
218000547,58,93,-35
218000548,118,267,-149
218000549,230,129,101
218000550,137,793,-656
218000551,137,443,-306
218000552,429,46,383
218000553,11,105,-94
218000554,10,26,-16
218000555,9,55,-46
218000556,71,552,-481
218000557,178,130,48
218000558,43,1,42
218000559,0,20,-20
218000560,0,4,-4
218000561,8,0,8
218000562,13,210,-197
218000563,105,28,77
218000564,6,120,-114
218000565,182,16,166
218000566,463,28,435
218000567,2,68,-66
218000568,11,4,7
218000569,8,97,-89
218000570,135,4,131
218000571,0,125,-125
218000572,93,0,93
218000573,18,70,-52
218000574,87,50,37
218000575,93,1,92
218000576,0,55,-55
218000577,65,0,65
218000578,0,66,-66
218000579,94,4,90
218000581,0,91,-91
218000582,14,4,10
218000583,38,0,38
218000584,0,24,-24
218000585,14,3,11
218000586,8,32,-24
218000587,0,5,-5
218000588,0,3,-3
218000589,0,2,-2
218000590,2,1,1
218000591,17,4,13
218000592,3,1,2
218000593,1,0,1
218000594,0,3,-3
218000595,0,0,0
218000596,0,0,0
218000597,0,0,0
218000598,0,0,0
218000599,0,0,0
218000600,0,0,0
218000601,0,0,0
218000602,0,3,-3
218000603,0,5,-5
218000604,3,0,3
218000605,0,32,-32
218000606,36,0,36
218000607,9,37,-28
218000608,28,14,14
218000609,4,40,-36
218000610,56,1,55
218000611,15,4,11
218000612,0,28,-28
218000613,32,8,24
218000614,9,51,-42
218000615,90,2,88
218000616,5,166,-161
218000617,3,2,1
218000618,0,32,-32
218000619,25,26,-1
218000620,2,139,-137
218000621,0,1,-1
218000622,0,26,-26
218000623,12,4,8
218000624,6,22,-16
218000625,15,4,11
218000626,0,4,-4
218000628,37,36,1
218000631,6,16,-10
218000632,0,124,-124
218000633,20,2,18
218000634,33,14,19
218000635,40,13,27
218000636,685,2069,-1384
218000637,972,677,295
218000638,114,52,62
218000639,31,328,-297
218000640,110,37,73
218000641,66,650,-584
218000652,186,199,-13
218000653,146,69,77
218000663,8,131,-123
218000675,51,42,9
218000676,0,67,-67
218000677,1,17,-16
218000680,150,693,-543
218000681,186,59,127
218000691,71,483,-412
218000693,74,75,-1
218000703,8,100,-92
218000718,927,519,408
218000719,1220,92,1128
218000720,1,38,-37
218000721,30,8,22
218000725,11,8,3
218001214,15,56,-41
218001329,37,90,-53
218001330,54,76,-22
218001351,5,10,-5
218001352,3,15,-12
218001353,10,6,4
218001354,0,9,-9
219000001,23,78,-55
219000002,30,61,-31
219000003,37,25,12
219000004,44,36,8
219000017,137,26,111
219000020,80,29,51
219000022,68,4,64
219000023,67,0,67
219000029,2,101,-99
219000034,23,4,19
219000039,43,64,-21
219000040,28,21,7
219000041,59,29,30
219000051,0,88,-88
219000052,0,26,-26
219000053,0,338,-338
219000054,273,445,-172
219000055,66,0,66
219000056,11,0,11
219000057,26,0,26
219000062,19,387,-368
219000063,47,2,45
219000064,0,24,-24
219000110,237,31,206
219000111,83,23,60
219000112,176,50,126
219000113,88,41,47
219000114,242,39,203
219000116,59,25,34
219000117,125,92,33
219000118,72,58,14
219000123,202,92,110
219000124,71,76,-5
219000125,6,15,-9
219000126,48,110,-62
219000127,0,0,0
219000128,28,149,-121
219000129,30,150,-120
219000130,857,852,5
219000131,708,741,-33
219000133,32,19,13
219000134,4,18,-14
219000135,35,60,-25
219000136,118,108,10
219000138,58,18,40
219000139,16,60,-44
219000140,22,1,21
219000141,26,122,-96
219000142,11,67,-56
219000143,14,135,-121
219000145,9,57,-48
219000146,9,106,-97
219000147,0,99,-99
219000148,2,74,-72
219000149,28,293,-265
219000150,3,233,-230
219000151,3,159,-156
219000157,98,126,-28
219000158,119,267,-148
219000161,121,8,113
219000163,1559,375,1184
219000166,59,245,-186
219000167,113,285,-172
219000168,292,65,227
219000174,194,108,86
219000175,45,4,41
219000176,37,10,27
219000177,11,3,8
219000178,13,0,13
219000179,10,11,-1
219000180,28,29,-1
219000182,126,7,119
219000183,20,40,-20
219000184,34,3,31
219000185,0,150,-150
219000186,12,74,-62
219000187,4,191,-187
219000189,212,148,64
219000190,142,222,-80
219000191,1589,1032,557
219000192,152,145,7
219000193,732,203,529
219000195,0,68,-68
219000196,7,158,-151
219000198,33,214,-181
219000199,131,214,-83
219000200,20,195,-175
219000201,59,300,-241
219000203,24,184,-160
219000204,81,256,-175
219000205,31,261,-230
219000207,158,333,-175
219000209,21,83,-62
219000210,36,133,-97
219000213,6,446,-440
219000239,140,189,-49
219000240,182,411,-229
219000241,70,317,-247
219000242,39,220,-181
219000243,50,413,-363
219000244,18,87,-69
219000245,73,50,23
219000246,27,20,7
219000247,59,30,29
219000248,353,259,94
219000249,83,62,21
219000250,85,101,-16
219000251,422,141,281
219000252,169,85,84
219000253,200,20,180
219000255,44,52,-8
219000256,90,67,23
219000257,61,0,61
219000262,62,264,-202
219000263,34,305,-271
219000267,2,215,-213
219000268,2,7,-5
219000269,1,1,0
219000270,8,0,8
219000271,57,2,55
219000278,1,10,-9
219000279,7,2,5
219000283,0,4,-4
219000295,7,100,-93
219000296,85,637,-552
219000297,9,171,-162
219000298,8,306,-298
219000299,345,59,286
219000300,14,341,-327
219000301,167,283,-116
219000302,21,187,-166
219000307,16,44,-28
219000308,28,30,-2
219000311,109,41,68
219000312,363,27,336
219000313,188,29,159
219000314,102,644,-542
219000315,142,27,115
219000316,273,31,242
219000317,47,8,39
219000320,2,38,-36
219000321,0,36,-36
219000323,3,169,-166
219000325,1,56,-55
219000326,73,128,-55
219000327,55,44,11
219000328,19,57,-38
219000329,255,104,151
219000330,48,32,16
219000331,21,38,-17
219000332,48,108,-60
219000333,15,5,10
219000335,101,4,97
219000337,6,1,5
219000338,49,2,47
219000344,25,78,-53
219000345,72,128,-56
219000346,23,164,-141
219000348,76,260,-184
219000349,43,395,-352
219000350,57,97,-40
219000351,10,3,7
219000352,267,60,207
219000353,69,34,35
219000354,98,133,-35
219000355,72,34,38
219000356,1990,506,1484
219000363,348,24,324
219000364,105,17,88
219000365,78,12,66
219000366,211,148,63
219000368,361,305,56
219000370,1183,204,979
219000371,6,13,-7
219000382,3,16,-13
219000383,784,803,-19
219000385,753,516,237
219000386,1032,1511,-479
219000387,1,3,-2
219000390,7,1,6
219000391,0,0,0
219000397,93,85,8
219000398,75,32,43
219000401,13,123,-110
219000402,21,72,-51
219000403,88,116,-28
219000404,13,98,-85
219000407,0,60,-60
219000409,32,30,2
219000410,68,18,50
219000411,27,10,17
219000446,213,576,-363
219000447,1,17,-16
219000448,6,5,1
219000452,87,53,34
219000453,50,128,-78
219000454,292,152,140
219000556,115,89,26
219000558,189,447,-258
219000590,19,266,-247
219000591,24,45,-21
219000592,116,384,-268
219000595,2,48,-46
219000635,45,20,25
219000636,21,80,-59
219000657,16,8,8
219000658,15,74,-59
219000673,0,3,-3
219000676,18,2,16
219000679,54,14,40
219000684,77,3,74
219000685,1,145,-144
219000686,2,2,0
219000688,0,132,-132
219000689,55,193,-138
219000690,186,26,160
219000691,49,123,-74
219000692,157,19,138
219000693,0,36,-36
219000694,20,0,20
219000695,15,1,14
219000698,14,0,14
219000699,0,8,-8
219000727,7,300,-293
219000728,57,2,55
219000770,7,0,7
219000771,0,43,-43
219001150,0,18,-18
219001151,0,5,-5
219001166,3,13,-10
219001167,1,72,-71
220000001,29,64,-35
220000002,17,200,-183
220000003,400,288,112
220000004,613,615,-2
220000005,1644,1730,-86
220000006,179,982,-803
220000007,285,715,-430
220000008,289,1173,-884
220000009,145,561,-416
220000010,199,157,42
220000011,758,2882,-2124
220000012,183,307,-124
220000014,61,69,-8
220000015,22,108,-86
220000017,74,476,-402
220000018,6734,1233,5501
220000019,65,251,-186
220000020,261,215,46
220000021,428,170,258
220000022,274,557,-283
220000023,185,163,22
220000024,1582,264,1318
220000025,802,569,233
220000026,151,166,-15
220000027,22,98,-76
220000028,21,42,-21
220000029,51,205,-154
220000030,121,106,15
220000031,172,282,-110
220000064,16,1313,-1297
221000046,7,0,7
221000047,0,5,-5
221000048,0,1,-1
221000049,0,11,-11
221000050,8,0,8
221000055,44,39,5
221000057,37,8,29
221000068,279,75,204
221000069,285,55,230
221000070,132,22,110
221000071,53,11,42
221000072,165,17,148
221000073,168,58,110
221000074,0,22,-22
221000075,27,24,3
221000076,6,49,-43
221000077,37,82,-45
221000081,15,9,6
221000082,38,8,30
221000083,34,12,22
221000084,3,6,-3
221000085,13,76,-63
221000086,10,171,-161
221000087,8,239,-231
221000088,22,232,-210
221000089,49,298,-249
221000090,134,515,-381
221000098,63,19,44
221000099,76,16,60
221000100,43,8,35
221000101,161,9,152
221000102,94,11,83
221000109,5,88,-83
221000110,9,148,-139
221000111,32,143,-111
221000112,1,116,-115
221000113,17,177,-160
221000114,18,184,-166
221000120,32,66,-34
221000121,0,22,-22
221000122,23,26,-3
221000123,3,9,-6
221000124,22,337,-315
221000155,41,11,30
221000156,10,30,-20
221000175,1,2,-1
221000176,3,0,3
221000182,42,4,38
221000241,437,212,225
221000242,233,350,-117
221000243,242,102,140
221000244,177,366,-189
221000245,23,79,-56
221000246,12,210,-198
221000247,22,134,-112
221000248,72,164,-92
221000267,54,1013,-959
221000325,51,54,-3
221000331,3,95,-92
221000338,16,26,-10
221000378,85,25,60
221000381,77,45,32
222000282,2,2,0
222000296,2,39,-37
222000568,227,17,210
222000569,80,30,50
222000570,103,19,84
222000571,149,11,138
222000577,7,369,-362
222000578,28,308,-280
222000579,44,183,-139
222000580,119,1420,-1301
222000599,1,166,-165
222000600,1,363,-362
222000601,11,1028,-1017
222000603,17,17,0
222000604,9,24,-15
222000605,5,6,-1
222000606,3,8,-5
222000607,9,6,3
222000608,13,14,-1
222000609,53,497,-444
222000616,106,43,63
222000617,5,14,-9
222000618,4,5,-1
222000620,68,20,48
222000621,93,21,72
222000623,339,5,334
222000624,183,3,180
222000625,311,40,271
222000636,86,4,82
222000686,8,8,0
222000687,33,47,-14
222001066,265,1,264
222001067,9,16,-7
222001068,29,38,-9
222001069,20,42,-22
222001082,2,72,-70
222001083,4,113,-109
222001084,0,14,-14
222001085,0,208,-208
222001111,22,281,-259
222001112,23,54,-31
222001313,25,12,13
222001314,4,143,-139
222001464,59,42,17
222001465,11,225,-214
222001484,39,45,-6
222001485,16,67,-51
222001494,166,137,29
222001495,98,647,-549
222001496,157,52,105
222001497,57,941,-884
222001502,26,141,-115
222001503,66,38,28
222001504,28,381,-353
222001505,170,7,163
222001506,57,280,-223
222001507,154,19,135
222001510,203,38,165
222001511,32,544,-512
222001514,518,130,388
222001515,286,999,-713
222001518,92,69,23
222001519,62,494,-432
222001527,151,61,90
222001528,72,280,-208
222001529,164,49,115
222001530,52,352,-300
222001533,153,621,-468
222001534,186,38,148
222001535,64,123,-59
222001536,142,590,-448
222001537,140,27,113
222001538,73,709,-636
222001563,219,78,141
222001564,64,1046,-982
222001568,204,121,83
222001576,0,3,-3
222001579,0,2,-2
222001583,7,455,-448
222001584,50,9,41
222001596,753,2143,-1390
222001597,1603,237,1366
222001626,0,239,-239
222001650,55,70,-15
222001651,75,226,-151
222001914,158,68,90
222001915,52,324,-272
222900004,370,178,192
222900009,440,1248,-808
222900019,113,383,-270
222900024,4,55,-51
222900025,0,45,-45
225000001,287,104,183
225000002,209,101,108
225000003,234,65,169
225000004,212,178,34
225000005,131,54,77
225000006,1,92,-91
225000007,3742,1115,2627
225000010,88,1,87
225000011,496,801,-305
225000012,109,581,-472
225000013,113,146,-33
225000014,925,94,831
225000015,116,244,-128
225000021,537,158,379
225000027,233,537,-304
225000032,478,162,316
225000042,44,751,-707
225000049,44,66,-22
225000050,39,15,24
225000053,2,221,-219
225000058,508,133,375
225000067,130,279,-149
225000068,63,640,-577
225000069,234,569,-335
225000070,79,557,-478
225000071,28,358,-330
225000075,28,970,-942
225000076,70,125,-55
225000078,73,25,48
225000085,33,83,-50
225000086,146,40,106
225000087,122,21,101
225000088,11,179,-168
225000089,306,638,-332
225000090,18,357,-339
225000091,82,263,-181
225000092,74,83,-9
225000093,148,427,-279
225000094,19,585,-566
225000095,320,680,-360
225000096,189,521,-332
225000098,330,135,195
225000099,208,116,92
225000100,96,129,-33
225000104,69,435,-366
225000110,9,537,-528
225000111,155,1258,-1103
225000112,311,1175,-864
225000113,130,748,-618
225000114,44,346,-302
225000115,2846,550,2296
225000116,919,92,827
225000117,783,512,271
225000118,578,400,178
225000119,159,70,89
225000120,486,65,421
225000121,223,20,203
225000123,1451,13,1438
225000125,245,315,-70
225000126,880,201,679
225000127,883,508,375
225000128,313,380,-67
225000132,218,21,197
225000133,205,31,174
225000134,505,98,407
225000135,49,10,39
225000136,133,5,128
225000137,106,59,47
225000138,207,39,168
225000143,67,141,-74
225000144,4,381,-377
225000145,27,66,-39
225000146,30,117,-87
225000147,6,366,-360
225000148,3,280,-277
225000149,84,554,-470
225000151,28,223,-195
225000155,193,382,-189
225000156,221,778,-557
225000157,183,386,-203
225000158,72,406,-334
225000171,3,196,-193
225000180,15,4,11
225000181,0,72,-72
225000182,43,5,38
225000185,5,286,-281
225000187,43,429,-386
225000191,68,0,68
225000194,0,5,-5
225000208,3,82,-79
225000209,30,15,15
225000210,5,211,-206
225000217,0,7,-7
225000218,5,2,3
225000223,0,28,-28
225000224,420,6,414
225000225,3,27,-24
225000226,135,5,130
225000227,22,63,-41
225000228,10,6,4
225000229,0,70,-70
225000230,49,2,47
225000231,0,95,-95
225000232,77,1,76
225000241,48,0,48
225000242,0,30,-30
225000249,1,0,1
225000250,40,968,-928
225000251,269,19,250
225000254,1,36,-35
225000256,2,45,-43
225000257,0,7,-7
226000042,383,424,-41
226000043,78,277,-199
226000044,129,815,-686
226000045,76,514,-438
226000046,292,34,258
226000047,294,56,238
226000048,304,71,233
226000049,171,78,93
226000070,1,58,-57
226000071,0,67,-67
226000072,1,15,-14
226000073,0,9,-9
226000074,0,7,-7
226000084,1,47,-46
226000085,3,3,0
226000086,3,8,-5
226000087,10,18,-8
226000088,58,25,33
226000090,112,26,86
226000091,12,17,-5
226000092,3,11,-8
226000093,35,1,34
226000094,17,3,14
226000095,17,2,15
226000105,11,0,11
226000106,4,1,3
226000107,11,1,10
226000108,15,0,15
226000109,83,0,83
226000124,97,72,25
226000134,257,422,-165
226000135,650,538,112
226000136,194,387,-193
226000137,7,458,-451
226000138,9,263,-254
226000139,0,14,-14
226000156,80,2,78
226000157,101,10,91
226000163,49,31,18
226000202,5,485,-480
226000231,91,6,85
226000232,34,10,24
227000033,210,33,177
227000036,130,25,105
227000037,112,22,90
227000038,69,24,45
227000084,0,58,-58
227000085,1,46,-45
227000088,17,2,15
227000089,81,1,80
227000090,20,0,20
227000091,9,0,9
227000092,17,0,17
227000093,36,0,36
227000094,4,1,3
227000130,24,74,-50
227000131,10,300,-290
227000132,8,269,-261
227000133,10,289,-279
227000134,13,485,-472
227000152,0,0,0
227000153,0,43,-43
227000154,0,15,-15
227000155,1,17,-16
227000156,0,24,-24
227000165,6,27,-21
227000196,154,618,-464
227000199,101,967,-866
227000230,30,655,-625
227000232,131,18,113
227000242,51,558,-507
227000243,290,41,249
227000245,25,418,-393
227000246,69,601,-532
227000247,172,45,127
227000248,28,7,21
227000249,17,235,-218
227000250,146,80,66
227000251,136,224,-88
227000252,21,412,-391
227000253,27,14,13
227000262,213,25,188
227000266,396,16,380
227000267,38,2703,-2665
227000282,5,291,-286
227000284,164,14,150
227000286,2,160,-158
227000291,18,820,-802
227000296,296,299,-3
227000484,227,21,206
227000485,32,980,-948
227000655,25,23,2
227000656,595,32,563
227000657,12,10,2
227000704,135,11,124
229000265,5,7,-2
229000266,0,1,-1
229000267,1,0,1
229000268,13,0,13
229000269,84,0,84
229000274,1,22,-21
229000275,0,30,-30
229000276,0,18,-18
229000277,1,3,-2
229000278,0,12,-12
229000295,9,20,-11
229000296,20,4,16
229000297,8,55,-47
229000298,18,183,-165
229000320,10,12,-2
229000321,31,25,6
229000412,27,72,-45
229000414,7,79,-72
229000415,6,0,6
229000416,1,7,-6
229000417,3,15,-12
229000419,119,381,-262
229000440,277,83,194
229000442,15,5,10
229000443,5,4,1
229000444,1,38,-37
229000445,23,12,11
229000446,51,24,27
229000491,0,40,-40
229000492,10,248,-238
229000493,5,176,-171
229000494,20,11,9
229000495,93,12,81
229000496,20,7,13
229000507,0,57,-57
229000508,1,44,-43
229000509,1,71,-70
229000510,0,36,-36
229000511,1,78,-77
229000512,0,46,-46
229000513,0,8,-8
229000514,1,6,-5
229000517,1,14,-13
229000518,4,44,-40
229000519,2,15,-13
229000520,7,63,-56
229000521,14,19,-5
229000522,2,7,-5
229000523,3,14,-11
229000524,2,6,-4
229000527,7,2,5
229000528,0,0,0
229000529,7,0,7
229000530,71,0,71
229000531,19,3,16
229000532,25,3,22
229000533,68,0,68
229000534,85,0,85
229000564,38,3,35
229000565,2,0,2
229000566,0,28,-28
229000567,0,90,-90
229000582,118,2,116
229000583,2,2,0
229000584,0,51,-51
229000585,0,58,-58
229000718,0,5,-5
229000719,0,0,0
229000720,0,16,-16
229000721,0,13,-13
229000722,1,45,-44
229000723,0,17,-17
229000724,0,2,-2
229000725,0,13,-13
229000738,0,0,0
229000739,0,0,0
229000740,0,0,0
229000741,0,0,0
229000742,1,0,1
229000743,4,1,3
229000744,2,1,1
229000745,0,0,0
229000746,20,0,20
229000847,16,1,15
229000848,7,0,7
229000849,58,0,58
229000851,10,0,10
229000854,0,71,-71
229000856,6,207,-201
229000857,0,61,-61
229000858,1,148,-147
229000919,14,58,-44
229000930,1,213,-212
229000937,43,14,29
229000966,22,19,3
229000981,12,43,-31
229000985,2,49,-47
229000986,0,11,-11
229000987,0,5,-5
229000988,2,14,-12
229000989,8,7,1
229000990,0,4,-4
229000991,1,1,0
229000992,11,7,4
229000993,148,33,115
229000998,22,63,-41
229000999,58,11,47
229001034,3,41,-38
229001035,4,1,3
229001036,3,78,-75
229001037,47,1,46
229001038,0,5,-5
229001039,9,1,8
229001040,0,103,-103
229001041,42,2,40
229001042,10,35,-25
229001047,9,89,-80
229001050,43,10,33
229001168,0,5,-5
229001200,8,4,4
229001338,18,22,-4
229001394,216,1,215
229001422,64,24,40
229001423,40,102,-62
229001431,31,46,-15
229001432,31,41,-10
229001444,128,84,44
229001445,54,257,-203
229001479,2,5,-3
229001503,110,64,46
229001504,72,196,-124
229001505,44,49,-5
229001506,36,170,-134
229001509,47,0,47
229001510,11,44,-33
229001545,36,3,33
229001546,4,72,-68
229001553,27,15,12
229001554,19,87,-68
229001630,65,15,50
229001631,16,51,-35
229001635,0,16,-16
229001636,0,0,0
229001658,0,118,-118
229001659,73,0,73
229001660,0,3,-3
229001661,2,21,-19
229001662,12,1,11
229001663,0,11,-11
229002584,214,179,35
229002831,298,142,156
229002841,4,19,-15
229002842,6,39,-33
229002843,31,30,1
229002844,35,73,-38
229002845,17,97,-80
229002846,3,14,-11
229002847,27,11,16
229002848,12,7,5
229002849,2,101,-99
229002850,12,0,12
229002851,25,133,-108
229002852,73,28,45
229002853,57,24,33
229002854,61,33,28
229002855,4,60,-56
229002856,17,13,4
229002857,2,102,-100
229002858,8,6,2
229002859,28,57,-29
229002860,28,32,-4
229002861,14,49,-35
229002862,16,48,-32
229002863,11,31,-20
229002864,23,39,-16
229002865,40,7,33
229002866,75,13,62
229002867,0,28,-28
229002868,18,11,7
229002869,12,182,-170
229002870,37,6,31
235000066,345,62,283
235000067,116,83,33
235000072,31,75,-44
235000073,54,247,-193
235000074,26,78,-52
235000080,15,106,-91
235000081,56,218,-162
235000082,45,65,-20
235000083,69,99,-30
235000084,31,65,-34
235000085,60,73,-13
235000089,21,26,-5
235000092,13,124,-111
235000093,10,5,5
235000097,2,8,-6
235000098,15,7,8
235000099,9,41,-32
235000116,32,14,18
235000117,901,15,886
235000133,9,214,-205
235000134,10,98,-88
235000206,6,2,4
235000207,0,9,-9
235000208,2,1,1
235000209,5,0,5
235000210,6,3,3
235000212,3,24,-21
235000213,1,6,-5
235000220,1,5,-4
235000221,20,8,12
235000238,6,21,-15
235000239,0,5,-5
235000242,247,234,13
235000245,1042,200,842
235000246,8,54,-46
235000284,5,115,-110
235000295,93,9,84
235000305,98,14,84
235000306,55,9,46
235000307,28,1,27
235000308,16,0,16
235000309,41,0,41
235000310,35,1,34
235000311,47,5,42
235000322,0,36,-36
235000323,2,119,-117
235000324,0,19,-19
235000325,2,36,-34
235000326,5,423,-418
235000351,5,72,-67
235000352,29,165,-136
235000353,0,51,-51
235000354,4,87,-83
235000355,4,89,-85
235000356,54,18,36
235000357,18,14,4
235000358,37,16,21
235000359,4,12,-8
235000360,88,23,65
235000361,54,4,50
235000381,25,369,-344
235000382,65,50,15
235000390,10,5,5
235000391,72,15,57
235000392,70,145,-75
235000393,59,67,-8
235000395,66,20,46
235000396,149,52,97
235000400,169,45,124
235000401,26,227,-201
235000405,75,365,-290
235000406,25,353,-328
235000407,31,148,-117
235000409,197,166,31
235000410,30,227,-197
235000411,1,86,-85
235000485,0,5,-5
235000486,9,0,9
235000549,47,128,-81
235000550,55,245,-190
235000599,63,72,-9
235000600,3,6,-3
235000601,22,44,-22
235000602,31,180,-149
235000614,1,0,1
235000648,0,16,-16
235000649,16,2,14
235000685,0,4,-4
235000815,2,19,-17
235000834,0,17,-17
235000855,20,59,-39
235000862,35,287,-252
235000891,0,20,-20
235000892,43,6,37
235000901,63,99,-36
235000907,1,16,-15
235001010,33,118,-85
235001029,685,362,323
235001030,331,158,173
235001078,50,71,-21
235001079,73,143,-70
235001147,3,41,-38
235001166,4,80,-76
235001167,15,69,-54
235001169,35,400,-365
235001188,2,5,-3
235001189,1,0,1
235001197,5,12,-7
235001200,27,24,3
235001208,31,14,17
235001209,24,56,-32
235001210,34,238,-204
235001239,0,23,-23
235001244,0,9,-9
235016267,0,36,-36
241900007,30,2,28
277101746,0,0,0
277102712,15,5,10
277103813,0,0,0
277103814,1,0,1
277103898,0,6,-6
277104249,0,0,0
277104250,0,6,-6
277104251,0,5,-5
277104252,0,1,-1
990011530,0,265,-265
990014944,3,547,-544
990015176,35,1,34
990015618,1,90,-89
990016032,1,619,-618
990032570,13,138,-125
990070001,49,0,49
990070103,0,0,0
990070601,1,103,-102
990070751,255,1,254
990070766,2,1011,-1009
990071180,449,305,144
990071343,9,0,9
990071387,0,11,-11
990071823,275,2,273
990072600,0,883,-883
990072964,2,845,-843
990073285,0,2,-2
990074393,1,1647,-1646
990074870,479,7,472
990075106,368,6,362
990075746,225,0,225
990076437,476,6,470
990076458,5,1805,-1800
997000007,187,2,185
997000041,0,143,-143
997000058,36,5,31
997000062,20,0,20
997000069,0,5,-5
997000070,0,80,-80
997000100,8,0,8
997000141,16,2688,-2672
997000198,23,1186,-1163
998000475,0,14,-14
998000736,1,430,-429
998000965,0,12,-12
998001031,0,52,-52
998001700,0,33,-33
998001899,0,3,-3
998001900,5,0,5
998003073,1276,51,1225
998101900,0,0,0
998102850,0,100,-100
998501927,435,367,68
998501929,63,12,51
998501930,69,3,66
998501931,82,2,80
998501932,6,0,6
998501933,23,2,21
998501937,9,1,8
998501944,26,14,12
998501950,0,0,0
998501970,46,4,42
998501971,0,68,-68
998501972,360,0,360
998501973,1,101,-100
998501974,0,277,-277
998501975,148,1,147
998501976,37,0,37
998501977,0,24,-24
998501978,24,0,24
998501979,0,15,-15
998501980,111,1,110
998501981,20,3,17
998501982,0,129,-129
998502006,0,0,0
998502024,0,6,-6
998502032,0,3,-3
998502062,10,1,9
998502063,0,0,0
998502173,9,1,8
998502269,0,2,-2
998601159,3,367,-364
998601292,0,26,-26
999033574,3,184,-181
999800001,15,2,13
999800002,0,10,-10
999800003,6,0,6
999800004,0,4,-4
999800005,0,12,-12
