dong,insum,outsum,diff
강남구 개포1동,586,1080,-494
강남구 개포2동,10311,17296,-6985
강남구 개포4동,6174,9469,-3295
강남구 논현1동,30931,28478,2453
강남구 논현2동,20660,19863,797
강남구 대치1동,23223,14526,8697
강남구 대치2동,32396,20845,11551
강남구 대치4동,26742,17993,8749
강남구 도곡1동,17963,16117,1846
강남구 도곡2동,6540,6017,523
강남구 삼성1동,40497,25603,14894
강남구 삼성2동,14883,12081,2802
강남구 세곡동,13403,31526,-18123
강남구 수서동,30543,12492,18051
강남구 신사동,29282,16537,12745
강남구 압구정동,46175,26560,19615
강남구 역삼1동,68751,46496,22255
강남구 역삼2동,20954,19296,1658
강남구 일원1동,7246,10172,-2926
강남구 일원2동,3803,3091,712
강남구 일원본동,7880,12043,-4163
강남구 청담동,28582,23192,5390
강동구 강일동,6851,19309,-12458
강동구 고덕제1동,4480,8022,-3542
강동구 고덕제2동,6374,6253,121
강동구 길동,9519,11041,-1522
강동구 둔촌제1동,168,256,-88
강동구 둔촌제2동,8681,8756,-75
강동구 명일제1동,11442,12197,-755
강동구 명일제2동,10082,7327,2755
강동구 상일동,17817,11938,5879
강동구 성내제1동,7734,9220,-1486
강동구 성내제2동,8581,9246,-665
강동구 성내제3동,10231,10402,-171
강동구 암사제1동,5524,11788,-6264
강동구 암사제2동,2639,2386,253
강동구 암사제3동,1057,894,163
강동구 천호제1동,3865,7903,-4038
강동구 천호제2동,19248,15069,4179
강동구 천호제3동,8244,6636,1608
강북구 미아동,20643,15482,5161
강북구 번1동,44869,35101,9768
강북구 번2동,5994,13067,-7073
강북구 번3동,11312,23435,-12123
강북구 삼각산동,4815,9752,-4937
강북구 삼양동,12234,20566,-8332
강북구 송중동,72837,53002,19835
강북구 송천동,20595,25226,-4631
강북구 수유1동,12584,15879,-3295
강북구 수유2동,8706,15143,-6437
강북구 수유3동,41283,30401,10882
강북구 우이동,12029,12765,-736
강북구 월곡제1동,1254,1331,-77
강북구 인수동,8775,18512,-9737
강서구 가양제1동,16899,12157,4742
강서구 가양제2동,2048,3285,-1237
강서구 가양제3동,2259,3749,-1490
강서구 공항동,13072,11357,1715
강서구 등촌제1동,14151,18683,-4532
강서구 등촌제2동,6307,12411,-6104
강서구 등촌제3동,22094,20698,1396
강서구 발산제1동,20675,21800,-1125
강서구 방화제1동,9850,13118,-3268
강서구 방화제2동,10346,7411,2935
강서구 방화제3동,1787,2129,-342
강서구 염창동,8350,13354,-5004
강서구 우장산동,13569,16579,-3010
강서구 화곡본동,6811,11626,-4815
강서구 화곡제1동,32680,35064,-2384
강서구 화곡제2동,4050,8591,-4541
강서구 화곡제3동,10385,9310,1075
강서구 화곡제4동,5719,10688,-4969
강서구 화곡제6동,15187,19781,-4594
강서구 화곡제8동,17817,12603,5214
관악구 낙성대동,31043,47587,-16544
관악구 난곡동,8716,21442,-12726
관악구 난향동,5171,11285,-6114
관악구 남현동,10621,13064,-2443
관악구 대학동,41026,28734,12292
관악구 미성동,17352,28013,-10661
관악구 보라매동,18208,19562,-1354
관악구 삼성동,12729,30907,-18178
관악구 서림동,15049,25144,-10095
관악구 서원동,52867,38277,14590
관악구 성현동,9053,24477,-15424
관악구 신림동,56781,36729,20052
관악구 신사동,10422,16113,-5691
관악구 신원동,3656,5796,-2140
관악구 은천동,21219,22923,-1704
관악구 인헌동,9977,12241,-2264
관악구 조원동,33646,25574,8072
관악구 중앙동,8084,6598,1486
관악구 청룡동,32743,16419,16324
관악구 청림동,2521,7241,-4720
관악구 행운동,40769,32452,8317
광진구 광장동,5391,6445,-1054
광진구 구의제1동,10373,12568,-2195
광진구 구의제2동,9614,15931,-6317
광진구 구의제3동,14090,8110,5980
광진구 군자동,11734,16278,-4544
광진구 능동,9630,12095,-2465
광진구 자양제1동,3026,3920,-894
광진구 자양제2동,13753,22929,-9176
광진구 자양제3동,6584,6785,-201
광진구 자양제4동,23385,18792,4593
광진구 중곡제1동,5539,6858,-1319
광진구 중곡제2동,7400,10184,-2784
광진구 중곡제3동,6446,9112,-2666
광진구 중곡제4동,5365,8755,-3390
광진구 화양동,20333,16283,4050
구로구 가리봉동,9723,8812,911
구로구 개봉제1동,30922,31429,-507
구로구 개봉제2동,20701,18622,2079
구로구 개봉제3동,4072,10028,-5956
구로구 고척제1동,16941,21959,-5018
구로구 고척제2동,11057,20737,-9680
구로구 구로제1동,6425,10586,-4161
구로구 구로제2동,27762,29171,-1409
구로구 구로제3동,62588,26474,36114
구로구 구로제4동,19473,14062,5411
구로구 구로제5동,30755,22036,8719
구로구 수궁동,23030,22744,286
구로구 신도림동,33471,21995,11476
구로구 오류제1동,10810,14362,-3552
구로구 오류제2동,11166,12473,-1307
구로구 항동,1068,6184,-5116
금천구 가산동,52785,31774,21011
금천구 독산제1동,32189,43033,-10844
금천구 독산제2동,10692,18094,-7402
금천구 독산제3동,17550,23951,-6401
금천구 독산제4동,11435,8936,2499
금천구 미성동,138,429,-291
금천구 시흥제1동,30650,38961,-8311
금천구 시흥제2동,6684,17329,-10645
금천구 시흥제3동,8905,10058,-1153
금천구 시흥제4동,5490,8879,-3389
금천구 시흥제5동,13826,18097,-4271
노원구 공릉1동,16953,18324,-1371
노원구 공릉2동,17338,20204,-2866
노원구 상계10동,12166,5383,6783
노원구 상계1동,13134,15234,-2100
노원구 상계2동,20054,14028,6026
노원구 상계3.4동,2282,4816,-2534
노원구 상계5동,10610,11285,-675
노원구 상계6.7동,20651,13707,6944
노원구 상계8동,3760,5318,-1558
노원구 상계9동,5762,8356,-2594
노원구 월계1동,41600,26227,15373
노원구 월계2동,7990,14780,-6790
노원구 월계3동,9315,12528,-3213
노원구 중계1동,8761,12308,-3547
노원구 중계2.3동,14960,13994,966
노원구 중계4동,8532,8272,260
노원구 중계본동,10387,12131,-1744
노원구 하계1동,17045,15214,1831
노원구 하계2동,10676,10397,279
도봉구 도봉제1동,9837,9998,-161
도봉구 도봉제2동,12990,13770,-780
도봉구 방학제1동,13234,19611,-6377
도봉구 방학제2동,4013,12146,-8133
도봉구 방학제3동,6507,13554,-7047
도봉구 쌍문제1동,8510,17916,-9406
도봉구 쌍문제2동,9456,13996,-4540
도봉구 쌍문제3동,10335,8742,1593
도봉구 쌍문제4동,5330,12927,-7597
도봉구 창제1동,35836,15910,19926
도봉구 창제2동,6467,14777,-8310
도봉구 창제3동,6293,13356,-7063
도봉구 창제4동,22152,17814,4338
도봉구 창제5동,16729,16565,164
동대문구 답십리제1동,11757,17466,-5709
동대문구 답십리제2동,13877,17866,-3989
동대문구 면목제5동,80,56,24
동대문구 용신동,46305,39557,6748
동대문구 이문제1동,11744,13479,-1735
동대문구 이문제2동,5534,6056,-522
동대문구 장안제1동,26720,23557,3163
동대문구 장안제2동,15829,25604,-9775
동대문구 전농제1동,16901,25242,-8341
동대문구 전농제2동,11329,15175,-3846
동대문구 제기동,25889,23960,1929
동대문구 청량리동,51788,30868,20920
동대문구 회기동,10659,8746,1913
동대문구 휘경제1동,20844,18282,2562
동대문구 휘경제2동,12483,16179,-3696
동작구 노량진제1동,55521,44513,11008
동작구 노량진제2동,25528,15612,9916
동작구 대방동,36519,42155,-5636
동작구 사당제1동,14771,17919,-3148
동작구 사당제2동,31292,25024,6268
동작구 사당제3동,5774,14138,-8364
동작구 사당제4동,1250,1403,-153
동작구 사당제5동,5796,10535,-4739
동작구 상도제1동,48462,53172,-4710
동작구 상도제2동,17780,24301,-6521
동작구 상도제3동,12043,20144,-8101
동작구 상도제4동,6562,20892,-14330
동작구 신대방제1동,7102,9158,-2056
동작구 신대방제2동,21151,23011,-1860
동작구 흑석동,30155,30737,-582
마포구 공덕동,13780,17655,-3875
마포구 대흥동,23990,17574,6416
마포구 도화동,9590,9386,204
마포구 망원제1동,8301,11531,-3230
마포구 망원제2동,6139,7971,-1832
마포구 상암동,41942,35205,6737
마포구 서강동,8197,11244,-3047
마포구 서교동,105856,69578,36278
마포구 성산제1동,8926,14358,-5432
마포구 성산제2동,16934,24720,-7786
마포구 신수동,2783,5448,-2665
마포구 아현동,17330,19668,-2338
마포구 연남동,5887,7489,-1602
마포구 염리동,3215,4617,-1402
마포구 용강동,12212,13906,-1694
마포구 합정동,14897,15086,-189
서대문구 남가좌제1동,9071,11634,-2563
서대문구 남가좌제2동,16091,22689,-6598
서대문구 북가좌제1동,3645,8966,-5321
서대문구 북가좌제2동,9278,18482,-9204
서대문구 북아현동,13411,15467,-2056
서대문구 신촌동,98599,55182,43417
서대문구 연희동,42193,55408,-13215
서대문구 천연동,17602,19911,-2309
서대문구 충현동,27876,31170,-3294
서대문구 홍은제1동,12306,20994,-8688
서대문구 홍은제2동,25016,34019,-9003
서대문구 홍제제1동,24809,20471,4338
서대문구 홍제제2동,13136,19326,-6190
서대문구 홍제제3동,14170,13596,574
서초구 내곡동,9878,11590,-1712
서초구 반포1동,19138,19516,-378
서초구 반포2동,10816,7809,3007
서초구 반포3동,34106,17873,16233
서초구 반포4동,30980,20258,10722
서초구 반포본동,9493,8774,719
서초구 방배1동,15294,13228,2066
서초구 방배2동,16287,16600,-313
서초구 방배3동,9212,11571,-2359
서초구 방배4동,12845,14786,-1941
서초구 방배본동,8108,10445,-2337
서초구 서초1동,14524,13454,1070
서초구 서초2동,28868,29358,-490
서초구 서초3동,31154,25248,5906
서초구 서초4동,29743,27501,2242
서초구 양재1동,51267,51408,-141
서초구 양재2동,24562,23441,1121
서초구 잠원동,14666,22843,-8177
성동구 금호1가동,5413,9729,-4316
성동구 금호2.3가동,11694,13347,-1653
성동구 금호4가동,5718,9808,-4090
성동구 마장동,8390,10120,-1730
성동구 사근동,9289,6082,3207
성동구 성수1가제1동,7376,6417,959
성동구 성수1가제2동,5461,4533,928
성동구 성수2가제1동,5609,6286,-677
성동구 성수2가제3동,7381,5014,2367
성동구 송정동,3029,4426,-1397
성동구 옥수동,14412,15672,-1260
성동구 왕십리도선동,14715,10391,4324
성동구 왕십리제2동,7420,13797,-6377
성동구 용답동,9982,8734,1248
성동구 응봉동,3325,10356,-7031
성동구 행당제1동,20764,11815,8949
성동구 행당제2동,10113,11963,-1850
성북구 길음제1동,20199,25031,-4832
성북구 길음제2동,21446,16767,4679
성북구 돈암제1동,23014,20893,2121
성북구 돈암제2동,3599,11001,-7402
성북구 동선동,37635,29955,7680
성북구 보문동,7884,9919,-2035
성북구 삼선동,39692,38024,1668
성북구 석관동,8802,13402,-4600
성북구 성북동,19546,20196,-650
성북구 안암동,13458,13299,159
성북구 월곡제1동,16630,19896,-3266
성북구 월곡제2동,12037,9634,2403
성북구 장위제1동,6858,19241,-12383
성북구 장위제2동,11061,11700,-639
성북구 장위제3동,3951,6222,-2271
성북구 정릉제1동,10564,17435,-6871
성북구 정릉제2동,12833,28450,-15617
성북구 정릉제3동,15726,10606,5120
성북구 정릉제4동,16170,22732,-6562
성북구 종암동,24278,33968,-9690
송파구 가락1동,3298,4164,-866
송파구 가락2동,12085,17129,-5044
송파구 가락본동,16870,15939,931
송파구 거여1동,2931,4979,-2048
송파구 거여2동,1006,1161,-155
송파구 마천1동,2995,4736,-1741
송파구 마천2동,6643,11910,-5267
송파구 문정1동,3898,8100,-4202
송파구 문정2동,24427,20676,3751
송파구 방이1동,5530,7734,-2204
송파구 방이2동,12748,13106,-358
송파구 삼전동,10037,17252,-7215
송파구 석촌동,17590,26076,-8486
송파구 송파1동,11923,13938,-2015
송파구 송파2동,4430,5172,-742
송파구 오금동,14894,17481,-2587
송파구 오륜동,7977,6272,1705
송파구 위례동,7561,15134,-7573
송파구 잠실2동,3464,6741,-3277
송파구 잠실3동,58205,23811,34394
송파구 잠실4동,683,910,-227
송파구 잠실6동,21295,10361,10934
송파구 잠실7동,10082,4678,5404
송파구 잠실본동,22215,23269,-1054
송파구 장지동,9560,10632,-1072
송파구 풍납1동,5053,3694,1359
송파구 풍납2동,7720,10421,-2701
양천구 목1동,47664,22187,25477
양천구 목2동,22253,25756,-3503
양천구 목3동,14916,18090,-3174
양천구 목4동,9345,21088,-11743
양천구 목5동,18330,20435,-2105
양천구 신월1동,3843,4694,-851
양천구 신월2동,4496,11191,-6695
양천구 신월3동,4730,7584,-2854
양천구 신월4동,5378,11746,-6368
양천구 신월5동,4349,9647,-5298
양천구 신월6동,3455,5096,-1641
양천구 신월7동,8038,18432,-10394
양천구 신정1동,7604,9061,-1457
양천구 신정2동,3865,5190,-1325
양천구 신정3동,19869,30776,-10907
양천구 신정4동,26650,18963,7687
양천구 신정6동,4606,5629,-1023
양천구 신정7동,7384,10874,-3490
영등포구 당산제1동,11973,9561,2412
영등포구 당산제2동,33079,22163,10916
영등포구 대림제1동,8599,11274,-2675
영등포구 대림제2동,5611,5963,-352
영등포구 대림제3동,10008,13519,-3511
영등포구 도림동,5567,14043,-8476
영등포구 문래동,16429,15757,672
영등포구 신길제1동,5731,9136,-3405
영등포구 신길제3동,7387,14008,-6621
영등포구 신길제4동,2635,5149,-2514
영등포구 신길제5동,8464,9057,-593
영등포구 신길제6동,9073,15621,-6548
영등포구 신길제7동,9119,14140,-5021
영등포구 양평제1동,7383,8622,-1239
영등포구 양평제2동,11310,12569,-1259
영등포구 여의동,86246,46482,39764
영등포구 영등포동,71044,43206,27838
영등포구 영등포본동,20775,15577,5198
용산구 남영동,32633,28464,4169
용산구 보광동,5599,8717,-3118
용산구 서빙고동,9149,11691,-2542
용산구 용문동,2968,4501,-1533
용산구 용산2가동,9939,15957,-6018
용산구 원효로제1동,9779,12598,-2819
용산구 원효로제2동,6225,9951,-3726
용산구 이촌제1동,9634,10926,-1292
용산구 이촌제2동,1996,4612,-2616
용산구 이태원제1동,13666,16595,-2929
용산구 이태원제2동,6016,8609,-2593
용산구 청파동,12731,16672,-3941
용산구 필동,8713,1389,7324
용산구 한강로동,46398,33166,13232
용산구 한남동,40332,36472,3860
용산구 효창동,4773,9639,-4866
용산구 후암동,7665,11778,-4113
은평구 갈현제1동,5746,13547,-7801
은평구 갈현제2동,18084,18062,22
은평구 구산동,7599,12346,-4747
은평구 녹번동,26154,21078,5076
은평구 대조동,33487,26981,6506
은평구 불광제1동,29251,24016,5235
은평구 불광제2동,12205,19484,-7279
은평구 수색동,5395,9145,-3750
은평구 신사제1동,13298,19051,-5753
은평구 신사제2동,13861,16857,-2996
은평구 역촌동,18149,20429,-2280
은평구 응암제1동,14714,23180,-8466
은평구 응암제2동,4751,11243,-6492
은평구 응암제3동,10316,15827,-5511
은평구 증산동,18885,15779,3106
은평구 진관동,26851,32072,-5221
종로구 가회동,1937,3324,-1387
종로구 교남동,7535,6249,1286
종로구 무악동,4399,5746,-1347
종로구 부암동,15585,14726,859
종로구 사직동,50253,27781,22472
종로구 삼청동,7225,3696,3529
종로구 숭인제1동,922,2460,-1538
종로구 숭인제2동,9710,9311,399
종로구 이화동,20229,13444,6785
종로구 종로1.2.3.4가동,127688,49318,78370
종로구 종로5.6가동,18467,9420,9047
종로구 창신제1동,16470,10658,5812
종로구 창신제2동,3511,6649,-3138
종로구 창신제3동,3705,5026,-1321
종로구 청운효자동,7549,9178,-1629
종로구 충현동,2531,1712,819
종로구 평창동,10830,15581,-4751
종로구 혜화동,34808,24511,10297
중구 광희동,22408,17649,4759
중구 다산동,5248,7662,-2414
중구 동화동,1312,1924,-612
중구 명동,44929,21783,23146
중구 소공동,66952,19802,47150
중구 신당동,5454,6394,-940
중구 신당제5동,13488,8245,5243
중구 약수동,5440,6150,-710
중구 을지로동,6030,3118,2912
중구 장충동,8093,4118,3975
중구 중림동,9740,6666,3074
중구 청구동,5443,4787,656
중구 필동,6059,5184,875
중구 황학동,5662,6003,-341
중구 회현동,50653,37663,12990
중랑구 망우본동,18209,19065,-856
중랑구 망우제3동,4099,8153,-4054
중랑구 면목본동,23476,22969,507
중랑구 면목제2동,4767,9198,-4431
중랑구 면목제3.8동,19559,19267,292
중랑구 면목제4동,6267,9372,-3105
중랑구 면목제5동,4975,7895,-2920
중랑구 면목제7동,3944,6995,-3051
중랑구 묵제1동,12105,14366,-2261
중랑구 묵제2동,3087,3896,-809
중랑구 상봉제1동,8945,10092,-1147
중랑구 상봉제2동,24298,22182,2116
중랑구 신내1동,12215,27302,-15087
중랑구 신내2동,17853,15223,2630
중랑구 중화제1동,5555,9711,-4156
중랑구 중화제2동,15262,15722,-460
NA,340703,457765,-117062
