ID,insum,outsum,diff
100000001,769,996,-227
100000002,4587,2003,2584
100000003,7350,4618,2732
100000004,1604,1371,233
100000005,2716,5291,-2575
100000006,1448,222,1226
100000007,2854,935,1919
100000008,618,643,-25
100000009,1235,836,399
100000010,283,132,151
100000011,1167,146,1021
100000012,138,980,-842
100000013,1089,298,791
100000014,910,437,473
100000015,2154,2568,-414
100000016,1137,1793,-656
100000017,1067,1164,-97
100000018,1959,748,1211
100000019,4755,2135,2620
100000020,2785,8061,-5276
100000021,5837,2838,2999
100000022,2367,2777,-410
100000023,5924,2163,3761
100000025,2281,1585,696
100000028,2803,1417,1386
100000029,311,399,-88
100000030,454,108,346
100000031,5901,7409,-1508
100000032,3194,3968,-774
100000033,962,2495,-1533
100000034,573,549,24
100000035,1947,1669,278
100000036,2772,1487,1285
100000037,730,516,214
100000038,2317,1103,1214
100000039,786,216,570
100000040,191,171,20
100000041,1387,628,759
100000042,1388,568,820
100000043,1251,506,745
100000044,505,928,-423
100000045,622,1510,-888
100000046,1061,1090,-29
100000047,399,673,-274
100000048,643,701,-58
100000049,2058,2233,-175
100000051,474,1150,-676
100000053,281,5,276
100000054,522,38,484
100000055,1239,343,896
100000056,544,545,-1
100000057,2308,778,1530
100000058,1161,1765,-604
100000059,16,154,-138
100000060,362,368,-6
100000061,2733,533,2200
100000062,2857,640,2217
100000063,977,288,689
100000064,1521,293,1228
100000065,542,947,-405
100000066,191,697,-506
100000067,712,870,-158
100000068,647,2046,-1399
100000069,354,1611,-1257
100000072,336,1340,-1004
100000073,1203,1238,-35
100000075,718,345,373
100000076,3048,2961,87
100000077,441,237,204
100000078,51,45,6
100000079,68,54,14
100000080,38,76,-38
100000081,205,283,-78
100000102,3125,2312,813
100000103,4370,1954,2416
100000104,5390,3141,2249
100000105,3580,2054,1526
100000106,3451,2643,808
100000107,918,992,-74
100000108,981,1250,-269
100000109,3585,1632,1953
100000116,1764,1360,404
100000117,113,142,-29
100000118,1855,1375,480
100000119,699,896,-197
100000121,326,505,-179
100000122,1129,1126,3
100000123,4684,5270,-586
100000124,7858,8199,-341
100000125,4662,1997,2665
100000126,953,493,460
100000127,1858,455,1403
100000128,2548,2442,106
100000129,612,451,161
100000130,519,685,-166
100000131,3382,3170,212
100000132,1798,3655,-1857
100000133,7625,3040,4585
100000135,722,1400,-678
100000139,507,306,201
100000140,510,400,110
100000142,684,637,47
100000143,1090,590,500
100000144,3945,1177,2768
100000147,1314,3081,-1767
100000150,50,448,-398
100000151,1497,1118,379
100000153,376,460,-84
100000154,124,279,-155
100000155,50,67,-17
100000156,667,532,135
100000157,149,177,-28
100000158,342,104,238
100000159,314,614,-300
100000165,1639,1054,585
100000169,499,567,-68
100000174,979,630,349
100000179,124,660,-536
100000180,3112,1837,1275
100000181,530,268,262
100000188,85,305,-220
100000189,913,485,428
100000190,931,961,-30
100000191,920,708,212
100000192,103,152,-49
100000193,338,204,134
100000330,1861,1220,641
100000355,345,719,-374
100000362,5872,4204,1668
100000363,4590,5069,-479
100000364,304,291,13
100000365,6314,6855,-541
100000366,6771,3622,3149
100000367,5937,6152,-215
100000368,3737,2061,1676
100000369,1825,2099,-274
100000370,351,889,-538
100000376,152,215,-63
100000379,3103,2027,1076
100000380,6612,4768,1844
100000384,7022,6076,946
100000385,5842,5718,124
100000386,10996,5755,5241
100000387,7225,7177,48
100000388,9762,7941,1821
100000389,10126,7782,2344
100000390,11609,7426,4183
100000391,8696,9309,-613
100000392,4630,4237,393
100000393,3817,5429,-1612
100000394,9890,9625,265
100000395,7075,4292,2783
100000396,9025,4444,4581
100000397,6925,6644,281
100000398,12359,10092,2267
100900002,19,51,-32
100900003,446,260,186
100900004,31,903,-872
100900005,209,24,185
100900006,39,138,-99
100900007,798,30,768
100900008,7,417,-410
100900009,138,159,-21
100900010,135,100,35
100900011,191,252,-61
100900012,2,235,-233
100900013,1082,9,1073
100900014,7,8,-1
100900015,113,138,-25
100900016,4,53,-49
100900017,1206,155,1051
100900018,1,24,-23
100900019,43,187,-144
100900020,421,15,406
100900021,535,4,531
100900022,33,76,-43
100900023,1,75,-74
100900024,949,4,945
100900025,17,29,-12
100900026,190,149,41
100900027,870,3941,-3071
100900028,197,271,-74
100900029,62,14,48
100900030,3,94,-91
100900031,899,105,794
100900032,301,2,299
100900033,385,290,95
100900034,598,2,596
100900035,730,1,729
100900036,38,3,35
100900037,140,281,-141
100900038,128,56,72
100900039,260,586,-326
100900040,621,939,-318
100900041,847,759,88
100900042,1988,1091,897
100900043,0,34,-34
100900044,2683,691,1992
100900045,39,1,38
100900046,1804,18,1786
100900047,1042,343,699
100900048,313,57,256
100900049,189,194,-5
100900050,11,16,-5
100900051,36,135,-99
100900052,747,87,660
100900053,441,43,398
100900054,21,89,-68
100900055,421,835,-414
100900056,294,348,-54
100900057,1104,1642,-538
100900058,418,84,334
100900059,166,5,161
100900060,206,24,182
100900061,377,352,25
100900062,12,40,-28
100900063,296,824,-528
100900064,998,34,964
100900065,144,141,3
100900066,180,213,-33
100900067,7,17,-10
100900068,267,161,106
100900069,869,17,852
100900070,423,9,414
100900071,899,340,559
100900072,4,51,-47
100900073,195,446,-251
100900074,7,17,-10
100900075,2114,521,1593
100900076,48,52,-4
100900077,38,149,-111
100900078,186,483,-297
100900079,18,27,-9
100900080,54,248,-194
100900081,69,188,-119
100900082,247,496,-249
100900083,25,30,-5
100900085,42,296,-254
100900086,287,1160,-873
100900088,190,663,-473
100900089,10,18,-8
100900090,164,647,-483
100900091,8,34,-26
100900092,456,289,167
100900093,261,333,-72
100900094,204,640,-436
100900095,12,28,-16
100900096,74,157,-83
100900097,0,5,-5
100900098,39,22,17
100900099,58,718,-660
100900100,41,652,-611
100900101,453,67,386
100900102,576,303,273
100900103,16,18,-2
100900104,14,171,-157
100900105,41,1023,-982
100900106,44,10,34
100900107,2079,952,1127
100900108,28,96,-68
100900109,19,52,-33
100900110,5,65,-60
100900111,65,224,-159
100900112,12,11,1
100900113,31,38,-7
100900114,17,32,-15
100900115,14,39,-25
100900116,1080,1100,-20
100900117,488,1056,-568
100900118,26,51,-25
100900119,12,27,-15
100900120,9,14,-5
100900121,489,804,-315
100900122,148,277,-129
100900123,108,240,-132
100900124,19,5,14
100900125,30,137,-107
100900126,172,697,-525
100900127,7,10,-3
100900128,114,175,-61
100900129,0,172,-172
100900131,102,498,-396
100900133,74,85,-11
100900134,5,5,0
100900135,1,174,-173
100900137,554,275,279
100900138,596,666,-70
100900139,8,2,6
100900140,4,602,-598
100900141,9,520,-511
100900142,2,29,-27
100900143,1526,590,936
100900144,16,14,2
100900145,329,230,99
100900146,9,112,-103
100900147,4,509,-505
100900148,40,682,-642
100900149,56,256,-200
100900150,6,53,-47
100900151,186,731,-545
100900152,165,3,162
100900153,2,219,-217
100900154,47,160,-113
100900155,22,33,-11
100900156,43,1,42
100900157,15,278,-263
100900158,805,294,511
100900159,23,76,-53
100900160,31,16,15
100900161,104,6,98
100900162,32,623,-591
100900163,272,321,-49
100900164,87,110,-23
100900165,12,57,-45
100900166,30,18,12
100900167,53,134,-81
100900168,50,244,-194
100900169,151,1122,-971
100900170,38,12,26
100900171,25,630,-605
100900172,1,13,-12
100900173,8,383,-375
100900174,1097,84,1013
100900176,2103,320,1783
100900177,891,422,469
100900178,353,163,190
100900179,246,509,-263
100900180,11,6,5
100900181,146,110,36
100900182,41,34,7
100900184,19,198,-179
100900186,961,710,251
100900187,12,77,-65
100900188,56,14,42
100900189,1555,326,1229
100900191,1322,1175,147
100900192,407,415,-8
100900195,172,273,-101
100900197,26,119,-93
100900198,57,252,-195
100900199,26,32,-6
100900200,819,653,166
100900201,136,966,-830
100900202,72,0,72
100900203,0,82,-82
100900204,448,654,-206
100900205,257,614,-357
100900206,186,143,43
100900207,306,169,137
100900210,79,891,-812
100900211,733,307,426
100900213,204,76,128
100900214,915,155,760
100900215,30,116,-86
100900217,247,123,124
101000001,4584,2738,1846
101000002,6659,6296,363
101000003,679,2007,-1328
101000004,9665,7864,1801
101000005,4872,5611,-739
101000006,8791,7673,1118
101000007,3442,4475,-1033
101000008,3803,3317,486
101000009,2387,1592,795
101000010,1046,1358,-312
101000011,2084,942,1142
101000012,1658,992,666
101000013,655,1324,-669
101000014,569,741,-172
101000015,1390,1184,206
101000016,529,556,-27
101000017,803,686,117
101000018,4063,3085,978
101000020,3965,1314,2651
101000021,1146,560,586
101000022,398,114,284
101000023,1833,787,1046
101000025,275,495,-220
101000026,306,33,273
101000027,2355,2747,-392
101000028,1028,252,776
101000029,582,2218,-1636
101000030,1953,178,1775
101000031,1492,979,513
101000032,10998,5617,5381
101000033,3245,3854,-609
101000034,2982,1957,1025
101000035,1246,669,577
101000036,2315,1201,1114
101000037,4168,2314,1854
101000039,3211,2807,404
101000040,4496,4231,265
101000041,14585,9944,4641
101000042,861,1639,-778
101000043,10623,9134,1489
101000045,2301,1168,1133
101000046,5053,1947,3106
101000047,3175,4311,-1136
101000048,945,907,38
101000049,987,2120,-1133
101000050,3267,3194,73
101000051,3090,3280,-190
101000052,1790,1298,492
101000053,1462,1830,-368
101000054,2373,1797,576
101000055,1738,1585,153
101000056,63,134,-71
101000057,2910,1291,1619
101000058,1557,1646,-89
101000059,3330,2507,823
101000060,2245,701,1544
101000061,1272,1641,-369
101000062,979,707,272
101000063,684,986,-302
101000064,1485,1078,407
101000065,467,477,-10
101000066,1221,915,306
101000067,1652,1024,628
101000068,446,516,-70
101000069,382,153,229
101000070,1843,1422,421
101000071,2540,1105,1435
101000072,1302,3892,-2590
101000073,1244,1166,78
101000074,8883,5059,3824
101000075,7448,6313,1135
101000077,2459,1323,1136
101000078,2129,2466,-337
101000079,1064,479,585
101000080,943,501,442
101000081,2102,1792,310
101000082,4068,3752,316
101000083,2936,2484,452
101000084,1763,1153,610
101000085,1887,1422,465
101000086,1341,1311,30
101000087,985,1250,-265
101000088,1397,1295,102
101000089,1273,1913,-640
101000090,2369,1450,919
101000091,508,983,-475
101000092,931,1056,-125
101000093,1675,1042,633
101000094,1224,1259,-35
101000095,515,785,-270
101000096,411,685,-274
101000097,539,486,53
101000098,459,671,-212
101000099,1247,1239,8
101000100,1035,1023,12
101000101,452,515,-63
101000102,1131,570,561
101000103,1101,656,445
101000104,495,683,-188
101000105,676,398,278
101000106,927,837,90
101000107,292,374,-82
101000108,1089,388,701
101000109,394,67,327
101000110,62,618,-556
101000111,175,293,-118
101000113,338,969,-631
101000114,10224,7182,3042
101000115,140,103,37
101000116,216,106,110
101000117,1395,350,1045
101000119,102,94,8
101000120,198,67,131
101000121,75,61,14
101000122,175,129,46
101000123,97,129,-32
101000124,801,274,527
101000125,292,614,-322
101000128,683,421,262
101000130,411,472,-61
101000131,775,612,163
101000132,738,1066,-328
101000135,92,57,35
101000136,681,191,490
101000137,38,443,-405
101000141,1940,3787,-1847
101000147,1056,585,471
101000148,1289,49,1240
101000149,193,243,-50
101000150,99,825,-726
101000151,258,53,205
101000152,405,390,15
101000153,652,455,197
101000154,320,1229,-909
101000155,377,167,210
101000156,32,307,-275
101000157,60,37,23
101000160,136,55,81
101000163,391,439,-48
101000164,528,429,99
101000165,323,459,-136
101000166,394,579,-185
101000168,1055,531,524
101000252,2163,1141,1022
101000254,632,119,513
101000258,64,12,52
101000261,198,55,143
101000262,1504,2282,-778
101000263,603,1571,-968
101000265,134,1066,-932
101000266,467,501,-34
101000269,58,3,55
101000290,1892,2928,-1036
101000293,37,100,-63
101000294,812,548,264
101000295,153,606,-453
101000301,954,639,315
101000304,2288,2826,-538
101000305,3546,1715,1831
101900001,31,47,-16
101900002,0,34,-34
101900003,73,118,-45
101900004,4,82,-78
101900005,4243,2482,1761
101900006,1299,74,1225
101900007,1019,311,708
101900008,120,524,-404
101900009,79,695,-616
101900010,1110,891,219
101900011,346,1782,-1436
101900012,382,509,-127
101900013,1284,247,1037
101900017,18,145,-127
101900018,1434,356,1078
101900019,283,135,148
101900020,235,191,44
101900021,0,71,-71
101900022,180,1176,-996
101900023,211,317,-106
102000001,3003,4864,-1861
102000002,3250,1411,1839
102000003,4410,8825,-4415
102000004,9217,3825,5392
102000005,1548,2147,-599
102000006,1443,2138,-695
102000007,2067,5124,-3057
102000008,4892,1919,2973
102000009,6727,8419,-1692
102000010,6409,3786,2623
102000011,3561,3150,411
102000012,4038,3515,523
102000018,3809,3267,542
102000019,2630,1946,684
102000026,351,705,-354
102000029,373,305,68
102000030,174,481,-307
102000031,93,190,-97
102000032,532,362,170
102000033,284,432,-148
102000034,591,469,122
102000035,1575,1024,551
102000036,28,279,-251
102000037,203,77,126
102000038,221,350,-129
102000039,272,83,189
102000040,614,357,257
102000041,299,406,-107
102000042,390,359,31
102000043,519,288,231
102000044,416,403,13
102000045,1248,1095,153
102000046,1246,734,512
102000047,1144,1250,-106
102000048,461,887,-426
102000049,1272,973,299
102000050,1436,1526,-90
102000051,507,716,-209
102000052,1472,1069,403
102000053,1041,1114,-73
102000054,663,1199,-536
102000055,1271,743,528
102000056,978,1288,-310
102000057,1872,720,1152
102000058,1406,1795,-389
102000059,1718,1732,-14
102000060,1311,1127,184
102000061,1754,2089,-335
102000062,1816,1403,413
102000063,1419,1552,-133
102000064,639,773,-134
102000065,65,143,-78
102000066,970,944,26
102000067,2850,3343,-493
102000068,10237,3082,7155
102000069,116,1843,-1727
102000070,1832,62,1770
102000071,7999,9865,-1866
102000072,4167,4712,-545
102000073,2103,1500,603
102000074,1095,1370,-275
102000075,191,390,-199
102000076,220,552,-332
102000077,697,913,-216
102000078,1256,905,351
102000079,206,303,-97
102000080,329,249,80
102000081,517,849,-332
102000082,783,390,393
102000083,590,423,167
102000084,276,324,-48
102000085,1796,1190,606
102000086,1237,1281,-44
102000087,1208,1965,-757
102000088,485,470,15
102000089,1476,523,953
102000090,1008,1459,-451
102000091,1904,802,1102
102000092,369,912,-543
102000093,821,710,111
102000094,1350,1011,339
102000095,1721,1562,159
102000096,1108,1209,-101
102000097,1373,1208,165
102000098,863,1110,-247
102000099,1126,1034,92
102000100,1179,1748,-569
102000101,1820,1107,713
102000102,818,1964,-1146
102000103,2250,587,1663
102000104,825,377,448
102000105,339,631,-292
102000106,1068,811,257
102000107,1422,686,736
102000108,1188,265,923
102000109,698,723,-25
102000110,1291,1378,-87
102000111,18,337,-319
102000112,376,139,237
102000113,19,58,-39
102000114,946,437,509
102000115,287,411,-124
102000116,1590,992,598
102000117,671,2181,-1510
102000118,2271,1360,911
102000119,2194,1730,464
102000120,301,556,-255
102000121,1240,683,557
102000122,902,990,-88
102000123,1560,1612,-52
102000124,2009,1263,746
102000125,1079,1302,-223
102000126,1053,885,168
102000127,1541,919,622
102000128,989,1229,-240
102000129,1817,1017,800
102000130,883,1086,-203
102000131,2939,1165,1774
102000132,1208,1622,-414
102000133,2045,2051,-6
102000134,927,854,73
102000135,920,1028,-108
102000136,1305,748,557
102000137,1394,1560,-166
102000138,423,616,-193
102000139,205,470,-265
102000140,430,527,-97
102000141,504,692,-188
102000142,426,465,-39
102000143,229,467,-238
102000144,364,454,-90
102000145,626,616,10
102000146,580,407,173
102000147,735,608,127
102000148,297,701,-404
102000149,211,560,-349
102000150,464,160,304
102000151,149,402,-253
102000152,210,170,40
102000153,1199,641,558
102000154,363,755,-392
102000155,172,443,-271
102000156,455,217,238
102000157,142,431,-289
102000158,473,481,-8
102000159,1277,576,701
102000161,4783,2687,2096
102000162,238,230,8
102000163,183,863,-680
102000164,1299,1323,-24
102000165,370,175,195
102000166,145,256,-111
102000167,271,255,16
102000168,375,169,206
102000169,221,522,-301
102000170,655,370,285
102000171,462,495,-33
102000172,599,665,-66
102000173,587,425,162
102000174,108,82,26
102000175,379,131,248
102000176,73,49,24
102000178,274,519,-245
102000179,394,234,160
102000180,1134,567,567
102000181,731,665,66
102000182,695,601,94
102000183,2003,2037,-34
102000184,2158,972,1186
102000185,2887,1539,1348
102000186,1456,2409,-953
102000187,1318,1993,-675
102000188,1679,1578,101
102000189,2935,1081,1854
102000190,836,3298,-2462
102000191,1485,809,676
102000192,1408,1648,-240
102000193,61,176,-115
102000194,75,152,-77
102000195,436,471,-35
102000196,215,462,-247
102000197,688,586,102
102000198,239,884,-645
102000199,1112,440,672
102000200,386,1300,-914
102000201,1198,535,663
102000202,7,123,-116
102000203,416,327,89
102000204,457,740,-283
102000205,1197,516,681
102000206,811,852,-41
102000207,887,485,402
102000208,499,585,-86
102000209,118,85,33
102000210,468,478,-10
102000211,601,362,239
102000212,384,17,367
102000213,17,330,-313
102000214,314,19,295
102000215,16,445,-429
102000216,75,79,-4
102000217,19,156,-137
102000218,310,189,121
102000219,468,361,107
102000225,733,642,91
102000226,4689,1103,3586
102000227,224,3,221
102000228,1,124,-123
102000229,31,68,-37
102000230,311,474,-163
102000231,365,588,-223
102000232,47,219,-172
102000233,527,792,-265
102000234,159,1355,-1196
102000236,283,72,211
102000237,484,170,314
102000238,203,340,-137
102000240,749,814,-65
102000241,251,216,35
102000243,40,118,-78
102000245,46,138,-92
102000246,17,47,-30
102000247,423,998,-575
102000248,307,653,-346
102000249,143,145,-2
102000250,69,445,-376
102000254,100,360,-260
102000266,86,391,-305
102000271,27,0,27
102000286,608,493,115
102000297,2304,1378,926
102000301,0,0,0
102000303,0,0,0
102000305,0,0,0
102000307,0,3,-3
102000308,0,7,-7
102900001,1837,950,887
102900002,571,63,508
102900003,104,304,-200
102900005,436,340,96
102900006,623,238,385
102900007,732,47,685
102900008,228,70,158
102900009,873,421,452
102900010,712,775,-63
102900011,2038,432,1606
102900012,402,124,278
102900013,77,109,-32
102900015,898,630,268
102900016,96,146,-50
102900017,259,795,-536
102900018,42,174,-132
102900019,602,560,42
102900020,196,55,141
102900021,40,139,-99
102900022,571,197,374
102900023,42,61,-19
102900024,43,55,-12
102900025,341,151,190
102900026,611,2253,-1642
102900027,108,74,34
102900028,205,877,-672
102900029,282,264,18
102900030,847,401,446
102900031,241,231,10
102900032,140,144,-4
102900033,181,214,-33
102900034,654,138,516
102900035,189,345,-156
102900036,439,562,-123
102900037,631,586,45
102900038,690,604,86
102900039,44,736,-692
102900040,213,344,-131
102900041,109,288,-179
102900042,240,326,-86
102900043,246,286,-40
102900044,966,1992,-1026
102900045,162,565,-403
102900046,152,287,-135
102900047,99,741,-642
102900048,763,667,96
102900049,173,457,-284
102900050,377,397,-20
102900051,225,248,-23
102900052,89,75,14
102900053,474,753,-279
102900054,942,1459,-517
102900055,171,318,-147
102900056,210,543,-333
102900057,14,68,-54
102900058,400,103,297
102900059,35,61,-26
102900060,187,649,-462
102900061,243,579,-336
102900062,286,1123,-837
102900063,1324,523,801
102900064,212,616,-404
102900065,1612,709,903
102900066,429,45,384
102900068,162,121,41
102900070,346,602,-256
102900072,12,63,-51
102900073,197,18,179
102900074,255,324,-69
102900075,23,83,-60
102900076,254,174,80
102900077,71,73,-2
102900078,53,116,-63
102900079,182,15,167
102900080,399,68,331
102900081,144,483,-339
102900082,34,237,-203
102900083,277,20,257
102900084,20,54,-34
102900085,536,178,358
102900086,26,85,-59
102900087,151,124,27
102900088,49,43,6
102900089,322,161,161
102900090,5,471,-466
102900091,260,8,252
102900092,654,980,-326
102900093,394,318,76
102900094,4,99,-95
102900095,176,3,173
102900096,45,11,34
102900097,112,208,-96
103000001,2505,2732,-227
103000002,2420,2736,-316
103000003,4025,3224,801
103000004,1040,927,113
103000005,1917,3136,-1219
103000006,707,1610,-903
103000007,464,876,-412
103000008,1163,803,360
103000009,1186,1220,-34
103000010,172,115,57
103000011,2032,1811,221
103000012,1715,1736,-21
103000013,5075,2594,2481
103000014,1735,2830,-1095
103000015,1861,868,993
103000016,658,1477,-819
103000017,238,388,-150
103000018,772,510,262
103000019,293,280,13
103000020,2560,1806,754
103000021,1958,1782,176
103000022,859,1120,-261
103000023,766,1586,-820
103000024,129,234,-105
103000025,128,585,-457
103000026,1454,188,1266
103000027,429,639,-210
103000028,519,636,-117
103000029,394,369,25
103000030,1976,1176,800
103000031,1609,1920,-311
103000032,2639,2168,471
103000033,3190,2788,402
103000034,1832,1531,301
103000035,508,1525,-1017
103000036,581,639,-58
103000037,831,631,200
103000038,699,1071,-372
103000039,528,511,17
103000040,496,1040,-544
103000041,1971,2566,-595
103000042,1375,638,737
103000043,851,1125,-274
103000044,207,182,25
103000046,395,610,-215
103000047,735,771,-36
103000048,214,263,-49
103000049,262,190,72
103000050,805,576,229
103000051,592,528,64
103000052,897,423,474
103000053,212,574,-362
103000054,3146,2083,1063
103000055,2184,2718,-534
103000056,746,1758,-1012
103000057,583,304,279
103000058,779,1198,-419
103000059,519,1080,-561
103000060,973,660,313
103000061,494,1097,-603
103000062,1255,693,562
103000063,1004,1102,-98
103000064,150,285,-135
103000065,12,538,-526
103000066,242,20,222
103000069,630,405,225
103000070,1504,888,616
103000071,1403,732,671
103000072,154,830,-676
103000073,667,148,519
103000074,845,119,726
103000075,162,820,-658
103000076,361,386,-25
103000077,65,401,-336
103000078,1090,715,375
103000079,1034,617,417
103000080,1640,485,1155
103000081,738,1411,-673
103000082,658,279,379
103000083,153,366,-213
103000084,139,12,127
103000085,7,138,-131
103000086,842,418,424
103000087,153,634,-481
103000088,321,358,-37
103000089,242,404,-162
103000090,2139,881,1258
103000091,774,447,327
103000092,287,342,-55
103000093,360,473,-113
103000094,252,163,89
103000095,99,440,-341
103000096,752,130,622
103000097,86,738,-652
103000098,1072,289,783
103000099,441,767,-326
103000100,153,903,-750
103000101,955,160,795
103000102,180,746,-566
103000103,697,279,418
103000104,85,127,-42
103000105,151,120,31
103000106,20,149,-129
103000107,261,87,174
103000108,630,555,75
103000109,362,417,-55
103000110,484,438,46
103000111,506,460,46
103000112,398,232,166
103000113,933,704,229
103000114,1253,463,790
103000115,542,482,60
103000116,649,476,173
103000117,382,557,-175
103000118,1057,833,224
103000119,1441,694,747
103000120,119,185,-66
103000121,498,785,-287
103000122,515,575,-60
103000125,24,365,-341
103000126,955,9,946
103000127,1,267,-266
103000128,279,6,273
103000129,4,158,-154
103000130,103,40,63
103000131,227,151,76
103000132,119,221,-102
103000133,16,161,-145
103000134,737,960,-223
103000135,913,460,453
103000136,899,550,349
103000137,584,808,-224
103000138,1059,891,168
103000139,15,88,-73
103000140,178,43,135
103000141,109,176,-67
103000142,228,136,92
103000143,82,179,-97
103000144,260,129,131
103000145,63,100,-37
103000150,90,45,45
103000152,222,298,-76
103000153,204,154,50
103000156,10,443,-433
103000157,573,7,566
103000159,242,85,157
103000162,112,26,86
103000163,17,46,-29
103000164,37,12,25
103000165,99,359,-260
103000166,225,307,-82
103000167,175,111,64
103000168,116,259,-143
103000169,216,469,-253
103000170,836,492,344
103000171,51,100,-49
103000172,636,346,290
103000173,626,770,-144
103000174,215,402,-187
103000175,270,414,-144
103000176,1124,845,279
103000177,762,609,153
103000178,454,429,25
103000179,534,64,470
103000183,158,27,131
103000185,112,70,42
103000186,125,192,-67
103000187,659,507,152
103000188,29,92,-63
103000189,990,865,125
103000191,730,706,24
103000292,1964,2151,-187
103000293,1588,2505,-917
103000295,129,97,32
103000296,376,2,374
103000297,136,94,42
103000504,112,22,90
103000505,9,26,-17
103000506,2,278,-276
103000507,246,11,235
103000508,76,112,-36
103000509,230,565,-335
103900001,16,358,-342
103900002,1581,220,1361
103900003,1954,178,1776
103900004,145,5,140
103900005,3,274,-271
103900006,4,5,-1
103900007,69,2,67
103900008,15,1,14
103900009,382,620,-238
103900010,177,540,-363
103900011,291,232,59
103900012,15,22,-7
103900013,95,114,-19
103900014,85,14,71
103900015,55,13,42
103900016,665,280,385
103900017,58,72,-14
103900018,1054,299,755
103900019,168,428,-260
103900020,264,597,-333
103900021,718,115,603
103900022,1465,994,471
103900023,183,2,181
103900024,108,628,-520
103900025,21,52,-31
103900026,90,0,90
103900027,861,379,482
103900028,38,412,-374
103900029,1277,219,1058
103900030,334,126,208
103900031,42,2,40
103900032,125,82,43
103900033,137,32,105
103900034,39,188,-149
103900035,83,69,14
103900036,62,81,-19
103900037,109,76,33
103900038,172,235,-63
103900039,76,355,-279
103900040,22,251,-229
103900041,57,72,-15
103900042,82,379,-297
103900043,209,109,100
103900044,134,270,-136
103900045,485,243,242
103900047,96,37,59
103900048,400,47,353
103900049,366,1514,-1148
103900050,26,132,-106
103900051,6,47,-41
103900052,270,477,-207
103900053,211,687,-476
103900054,154,467,-313
103900055,495,286,209
103900056,142,89,53
103900057,37,244,-207
103900058,251,693,-442
103900059,1,32,-31
103900060,69,209,-140
103900061,189,49,140
103900062,314,89,225
103900063,8,0,8
103900064,124,7,117
103900065,1044,470,574
103900066,156,34,122
103900067,253,10,243
103900068,13,0,13
103900069,101,49,52
103900070,187,256,-69
103900071,30,141,-111
103900072,21,283,-262
103900073,42,46,-4
103900074,104,87,17
103900075,313,110,203
103900076,538,642,-104
103900077,88,123,-35
103900078,487,132,355
103900079,241,277,-36
103900080,21,59,-38
103900081,70,22,48
103900082,33,143,-110
103900083,1768,1066,702
103900084,142,208,-66
103900085,108,165,-57
103900086,745,511,234
103900087,32,128,-96
103900088,472,675,-203
103900089,75,154,-79
103900090,2,175,-173
103900091,1342,361,981
103900092,711,648,63
103900093,127,473,-346
103900094,28,150,-122
103900095,374,309,65
103900096,31,280,-249
103900097,25,604,-579
103900098,341,148,193
103900099,105,209,-104
103900100,224,333,-109
103900101,91,1169,-1078
103900102,2,54,-52
103900104,4,39,-35
103900105,142,304,-162
103900106,0,41,-41
103900107,165,223,-58
103900108,51,451,-400
103900109,134,85,49
103900110,287,61,226
103900111,110,703,-593
103900112,118,203,-85
103900113,197,326,-129
103900114,457,379,78
103900115,338,296,42
103900116,7074,3537,3537
103900117,195,118,77
103900119,41,100,-59
103900120,104,126,-22
103900122,117,333,-216
103900123,2079,959,1120
103900124,75,572,-497
103900125,115,93,22
103900126,588,493,95
103900127,281,688,-407
103900128,383,180,203
103900131,55,160,-105
103900133,1121,90,1031
103900134,2,11,-9
103900135,13,12,1
103900137,2,59,-57
103900138,150,242,-92
103900139,234,2155,-1921
103900140,26,175,-149
103900141,390,91,299
103900142,199,222,-23
103900143,88,6,82
103900144,0,69,-69
103900145,207,251,-44
103900146,412,322,90
103900147,384,199,185
103900148,280,481,-201
103900149,426,791,-365
103900150,7396,4409,2987
103900151,77,168,-91
103900152,588,720,-132
103900153,18,17,1
103900154,1264,2055,-791
103900155,46,324,-278
103900156,43,217,-174
103900157,53,272,-219
103900158,92,238,-146
103900159,194,88,106
103900160,124,60,64
103900161,127,251,-124
103900162,67,270,-203
103900163,19,419,-400
103900167,46,136,-90
103900168,179,158,21
103900169,70,46,24
103900170,6,115,-109
103900171,6,83,-77
103900172,22,35,-13
103900173,24,21,3
103900174,259,88,171
103900175,76,91,-15
103900176,20,39,-19
103900177,29,109,-80
103900178,69,65,4
103900179,82,151,-69
103900180,45,130,-85
103900181,49,57,-8
103900182,92,39,53
103900184,571,125,446
103900185,169,388,-219
103900187,24,107,-83
103900188,70,21,49
103900189,133,20,113
103900190,83,66,17
103900191,52,81,-29
103900192,39,140,-101
103900193,164,293,-129
103900194,91,387,-296
103900195,21,102,-81
103900196,90,60,30
103900197,16,43,-27
103900198,29,62,-33
103900199,159,57,102
103900200,186,135,51
103900201,240,317,-77
103900202,15,98,-83
103900203,73,27,46
103900204,8,123,-115
103900207,1,144,-143
103900208,139,1,138
103900209,8,141,-133
103900210,49,45,4
103900211,640,549,91
103900212,94,501,-407
103900213,122,279,-157
103900214,251,187,64
103900215,617,424,193
103900216,6,485,-479
103900217,513,86,427
103900218,2,250,-248
103900219,123,213,-90
103900233,91,5,86
103900235,38,32,6
103900236,27,2,25
103900242,15,50,-35
103900243,14,14,0
103900244,150,250,-100
103900245,80,252,-172
103900246,65,44,21
103900247,40,127,-87
103900248,23,59,-36
103900249,118,97,21
103900250,53,25,28
103900251,4,41,-37
103900253,15,118,-103
103900254,6,37,-31
103900255,14,19,-5
103900256,16,60,-44
103900257,106,147,-41
103900258,62,6,56
103900259,59,13,46
103900261,18,11,7
103900262,17,9,8
103900263,37,63,-26
103900264,103,73,30
103900265,70,34,36
103900266,6,130,-124
103900267,12,113,-101
103900268,10,86,-76
103900269,247,179,68
103900270,43,171,-128
103900271,19,24,-5
104000001,2366,2317,49
104000002,1734,2364,-630
104000003,2459,2546,-87
104000004,2997,2978,19
104000005,1501,2241,-740
104000006,2918,3101,-183
104000007,4267,3999,268
104000008,261,359,-98
104000009,233,135,98
104000010,127,297,-170
104000011,473,370,103
104000012,191,458,-267
104000013,259,208,51
104000014,254,708,-454
104000015,361,157,204
104000016,641,518,123
104000018,968,201,767
104000019,672,195,477
104000020,247,773,-526
104000021,258,733,-475
104000022,180,308,-128
104000023,863,355,508
104000024,261,450,-189
104000026,53,493,-440
104000027,262,349,-87
104000028,355,215,140
104000029,383,461,-78
104000030,273,212,61
104000031,1580,525,1055
104000032,175,346,-171
104000033,617,582,35
104000034,338,387,-49
104000035,872,492,380
104000036,744,599,145
104000037,338,242,96
104000038,437,277,160
104000039,249,314,-65
104000040,358,463,-105
104000041,854,351,503
104000042,202,428,-226
104000043,291,368,-77
104000044,259,677,-418
104000045,961,1303,-342
104000046,1259,1962,-703
104000047,1045,1615,-570
104000048,1301,1930,-629
104000049,830,312,518
104000050,210,716,-506
104000051,111,586,-475
104000052,1843,1669,174
104000053,1460,543,917
104000054,929,498,431
104000055,4517,3215,1302
104000056,1596,295,1301
104000057,121,565,-444
104000058,884,655,229
104000059,582,1100,-518
104000060,1266,1240,26
104000061,1577,1416,161
104000062,551,126,425
104000064,437,319,118
104000065,434,766,-332
104000069,1073,1148,-75
104000070,132,652,-520
104000071,145,583,-438
104000072,643,202,441
104000075,155,347,-192
104000076,500,219,281
104000082,2669,3439,-770
104000083,1064,258,806
104000084,155,714,-559
104000085,346,372,-26
104000086,271,530,-259
104000087,552,2269,-1717
104000090,857,1327,-470
104000092,1370,2600,-1230
104000094,1202,1861,-659
104000095,1618,1517,101
104000096,1701,306,1395
104000097,1626,1016,610
104000098,2211,1305,906
104000100,1918,774,1144
104000101,1129,1740,-611
104000106,108,765,-657
104000107,769,522,247
104000108,369,665,-296
104000109,398,109,289
104000110,964,1350,-386
104000111,4957,2844,2113
104000112,2826,737,2089
104000116,5,1143,-1138
104000117,147,706,-559
104000118,640,265,375
104000119,681,313,368
104000120,304,789,-485
104000121,261,777,-516
104000122,697,898,-201
104000123,926,1158,-232
104000124,1226,2520,-1294
104000125,4158,4719,-561
104000126,567,539,28
104000127,1576,3294,-1718
104000128,741,556,185
104000129,477,57,420
104000130,15,312,-297
104000131,667,467,200
104000132,509,597,-88
104000133,1446,952,494
104000134,1107,1814,-707
104000135,546,2166,-1620
104000136,1159,4769,-3610
104000137,1781,523,1258
104000138,1051,350,701
104000139,7666,3826,3840
104000141,1226,1580,-354
104000142,596,908,-312
104000143,512,695,-183
104000144,115,198,-83
104000145,440,223,217
104000146,348,640,-292
104000147,180,444,-264
104000148,472,159,313
104000149,222,336,-114
104000150,1191,590,601
104000151,454,651,-197
104000152,751,821,-70
104000153,884,589,295
104000154,1207,874,333
104000155,626,582,44
104000157,1121,1901,-780
104000158,478,586,-108
104000159,1080,590,490
104000160,2061,2066,-5
104000161,299,268,31
104000162,83,186,-103
104000165,1158,1256,-98
104000167,768,955,-187
104000168,682,14,668
104000169,94,44,50
104000170,652,649,3
104000248,373,818,-445
104000251,40,261,-221
104000272,0,0,0
104000273,0,0,0
104000274,0,0,0
104000275,0,0,0
104000279,815,569,246
104000290,150,361,-211
104000291,586,1178,-592
104000293,772,858,-86
104000294,38,1,37
104000295,547,758,-211
104000296,381,898,-517
104000297,691,1831,-1140
104000298,2747,940,1807
104000299,761,1309,-548
104900001,223,618,-395
104900002,118,214,-96
104900003,74,411,-337
104900004,128,343,-215
104900005,296,282,14
104900006,408,119,289
104900007,322,288,34
104900009,184,435,-251
104900010,114,78,36
104900011,63,17,46
104900012,331,44,287
104900013,142,21,121
104900014,3597,458,3139
104900015,114,7,107
104900016,314,292,22
104900017,217,244,-27
104900018,7,189,-182
104900019,459,2848,-2389
104900020,131,323,-192
104900021,3,226,-223
104900022,18,142,-124
104900023,8,101,-93
104900024,50,117,-67
104900025,59,315,-256
104900026,9,102,-93
104900027,517,363,154
104900028,38,142,-104
104900029,96,116,-20
104900030,592,258,334
104900031,120,246,-126
104900032,60,179,-119
104900033,314,323,-9
104900034,434,219,215
104900035,359,280,79
104900036,215,101,114
104900037,182,261,-79
104900038,636,962,-326
104900039,962,643,319
104900040,455,146,309
104900041,277,230,47
104900042,183,304,-121
104900043,44,189,-145
104900044,647,333,314
104900045,394,67,327
104900046,250,188,62
104900047,339,154,185
104900048,302,113,189
104900049,78,62,16
104900050,450,186,264
104900051,369,69,300
104900052,79,3,76
104900053,613,148,465
104900054,259,56,203
104900055,114,0,114
104900056,289,18,271
104900057,48,3,45
104900058,1482,838,644
104900059,361,195,166
104900060,2,663,-661
104900061,282,675,-393
104900063,2,132,-130
104900064,0,97,-97
104900065,0,240,-240
104900066,7,267,-260
104900067,5,317,-312
104900068,26,256,-230
104900070,225,362,-137
104900071,4,565,-561
104900072,90,356,-266
104900073,129,337,-208
104900074,144,281,-137
104900075,101,82,19
104900076,228,452,-224
104900077,1325,389,936
104900078,285,657,-372
104900079,165,566,-401
104900080,112,617,-505
104900082,11,484,-473
104900085,8,204,-196
104900087,527,11,516
104900089,251,2,249
104900090,1154,689,465
104900091,1748,874,874
104900093,294,649,-355
104900097,2769,2280,489
104900098,214,44,170
104900099,330,803,-473
104900100,569,393,176
104900102,43,244,-201
104900103,553,115,438
104900104,3578,2738,840
104900106,143,137,6
104900107,198,286,-88
104900108,104,290,-186
104900109,155,347,-192
104900110,14,58,-44
104900111,260,156,104
104900112,332,862,-530
104900113,789,399,390
104900114,403,645,-242
104900115,806,485,321
104900116,309,249,60
104900118,35,109,-74
104900119,14,55,-41
104900120,72,267,-195
104900121,1,114,-113
104900122,7,87,-80
104900123,59,11,48
104900124,44,1,43
104900125,550,7,543
104900126,79,81,-2
104900127,45,91,-46
104900128,118,150,-32
104900129,1972,1833,139
105000001,2634,1534,1100
105000002,2375,1686,689
105000003,3644,3957,-313
105000004,558,1003,-445
105000005,911,1122,-211
105000006,1532,1751,-219
105000007,1345,1359,-14
105000008,1994,3074,-1080
105000009,2393,3006,-613
105000010,3237,2431,806
105000011,3649,2580,1069
105000012,4327,3533,794
105000013,1058,1010,48
105000014,2313,2788,-475
105000015,11473,14706,-3233
105000016,3410,2736,674
105000017,1973,1150,823
105000018,1462,1557,-95
105000019,1518,876,642
105000020,216,471,-255
105000021,314,110,204
105000022,360,97,263
105000023,706,524,182
105000028,122,132,-10
105000029,784,1418,-634
105000030,4346,3155,1191
105000033,1046,2137,-1091
105000034,210,1005,-795
105000037,791,476,315
105000038,2404,1817,587
105000039,3213,2206,1007
105000040,1301,1169,132
105000041,1299,1611,-312
105000042,3964,1937,2027
105000043,2257,2549,-292
105000044,657,553,104
105000045,408,1090,-682
105000046,1120,390,730
105000047,641,1790,-1149
105000048,596,188,408
105000049,204,545,-341
105000050,646,407,239
105000051,146,520,-374
105000052,768,908,-140
105000053,126,184,-58
105000054,554,839,-285
105000055,875,398,477
105000056,1508,2266,-758
105000057,1365,1017,348
105000058,1386,1482,-96
105000059,819,637,182
105000060,488,734,-246
105000061,791,588,203
105000062,814,965,-151
105000063,399,517,-118
105000064,1441,900,541
105000065,337,579,-242
105000066,1296,1866,-570
105000067,1657,954,703
105000068,583,1072,-489
105000069,2170,1735,435
105000070,798,1012,-214
105000071,250,950,-700
105000072,926,2210,-1284
105000073,940,746,194
105000074,1618,951,667
105000075,598,1012,-414
105000076,1309,1193,116
105000077,2814,1165,1649
105000078,1866,1506,360
105000079,1582,3391,-1809
105000080,2360,1761,599
105000081,3821,1548,2273
105000082,1238,1856,-618
105000083,4840,3875,965
105000084,798,1000,-202
105000085,2033,2056,-23
105000086,551,951,-400
105000087,1497,1915,-418
105000088,1471,1601,-130
105000089,3284,2599,685
105000090,1378,940,438
105000091,1622,2262,-640
105000092,719,1042,-323
105000093,386,291,95
105000094,288,289,-1
105000095,134,483,-349
105000096,1290,1011,279
105000097,1271,788,483
105000098,1002,840,162
105000099,1089,788,301
105000100,1471,1011,460
105000101,2275,2107,168
105000102,1931,1452,479
105000103,1646,2542,-896
105000104,2614,1120,1494
105000105,1585,2219,-634
105000106,1971,1930,41
105000107,1405,1047,358
105000108,1832,1710,122
105000109,1743,1961,-218
105000110,888,801,87
105000111,821,898,-77
105000112,1393,939,454
105000113,434,890,-456
105000114,3130,1191,1939
105000115,299,1285,-986
105000116,851,616,235
105000117,1035,1221,-186
105000118,554,579,-25
105000119,748,1048,-300
105000120,1050,695,355
105000121,879,1228,-349
105000122,479,668,-189
105000123,1394,1460,-66
105000124,1862,821,1041
105000125,958,1917,-959
105000126,2128,1958,170
105000127,2721,2331,390
105000128,768,1123,-355
105000129,905,377,528
105000130,476,2912,-2436
105000131,827,469,358
105000132,835,645,190
105000133,510,1033,-523
105000134,771,783,-12
105000135,587,603,-16
105000136,139,339,-200
105000137,465,345,120
105000138,221,472,-251
105000139,1199,1217,-18
105000140,383,676,-293
105000141,383,659,-276
105000142,219,612,-393
105000143,439,826,-387
105000144,343,787,-444
105000145,685,458,227
105000146,543,899,-356
105000147,648,333,315
105000148,1500,644,856
105000149,2609,2235,374
105000150,2396,1976,420
105000151,524,471,53
105000152,206,587,-381
105000153,618,844,-226
105000154,691,534,157
105000155,394,1119,-725
105000156,1117,782,335
105000157,1059,2008,-949
105000158,2179,866,1313
105000159,282,1162,-880
105000160,1867,640,1227
105000161,881,1168,-287
105000162,671,1723,-1052
105000163,1119,1071,48
105000164,326,369,-43
105000165,1313,5146,-3833
105000166,5859,1096,4763
105000167,2235,1470,765
105000168,413,749,-336
105000169,499,490,9
105000170,278,1476,-1198
105000171,1109,277,832
105000172,153,98,55
105000173,238,212,26
105000174,71,116,-45
105000175,132,213,-81
105000176,407,156,251
105000177,328,198,130
105000178,184,626,-442
105000179,589,237,352
105000180,169,167,2
105000181,103,323,-220
105000182,69,86,-17
105000183,2469,1940,529
105000184,1790,1095,695
105000185,1772,976,796
105000186,948,744,204
105000187,1164,276,888
105000188,551,181,370
105000189,407,525,-118
105000190,368,481,-113
105000191,414,387,27
105000192,383,81,302
105000193,92,154,-62
105000194,360,158,202
105000195,444,961,-517
105000196,70,258,-188
105000197,298,727,-429
105000198,658,418,240
105000199,332,680,-348
105000200,210,312,-102
105000201,130,47,83
105000203,12,187,-175
105000204,111,101,10
105000205,95,200,-105
105000207,540,333,207
105000208,324,531,-207
105000209,238,464,-226
105000212,1386,1448,-62
105000213,209,237,-28
105000214,262,336,-74
105000215,293,195,98
105000216,128,601,-473
105000217,157,482,-325
105000218,1339,1090,249
105000221,191,220,-29
105000222,858,106,752
105000223,417,202,215
105000226,130,308,-178
105000227,124,213,-89
105000228,411,2114,-1703
105000229,190,566,-376
105000231,444,292,152
105000233,935,684,251
105000234,903,1341,-438
105000235,489,665,-176
105000237,774,97,677
105000243,30,212,-182
105000248,84,120,-36
105000262,381,1437,-1056
105000269,147,271,-124
105000270,524,69,455
105000271,3,240,-237
105000282,91,71,20
105000287,389,107,282
105000288,805,511,294
105000289,3144,2211,933
105000290,36,6,30
105000402,4346,4617,-271
105000426,483,751,-268
105000438,4025,1873,2152
105000446,13720,6761,6959
105000447,8186,3859,4327
105000454,493,902,-409
105000455,355,200,155
105000474,57,1,56
105000477,519,603,-84
105000478,1997,4546,-2549
105000479,187,140,47
105000480,9005,6502,2503
105000481,4886,3349,1537
105000482,6578,8051,-1473
105000483,1682,1834,-152
105000484,2691,3365,-674
105000485,1754,2982,-1228
105000486,3870,2858,1012
105000488,10040,6326,3714
105000489,906,806,100
105000549,135,152,-17
105000550,683,1681,-998
105000551,36,153,-117
105000552,2731,1932,799
105900001,22,1568,-1546
105900002,1601,808,793
105900003,5,97,-92
105900004,282,152,130
105900005,14,232,-218
105900006,41,173,-132
105900007,273,43,230
105900008,70,605,-535
105900009,42,30,12
105900011,431,68,363
105900012,921,228,693
105900013,6,42,-36
105900014,17,95,-78
105900015,175,345,-170
105900016,568,689,-121
105900017,1259,49,1210
105900018,232,237,-5
105900019,100,628,-528
105900020,58,66,-8
105900021,39,343,-304
105900022,483,255,228
105900023,10,128,-118
105900024,50,278,-228
105900025,185,58,127
105900026,228,37,191
105900027,9881,10829,-948
105900028,1066,367,699
105900029,1801,441,1360
105900030,274,344,-70
105900031,413,197,216
105900032,109,175,-66
105900033,86,138,-52
105900034,440,248,192
105900035,269,194,75
105900036,101,187,-86
105900037,76,98,-22
105900038,218,287,-69
105900039,184,139,45
105900040,65,144,-79
105900041,178,235,-57
105900042,96,149,-53
105900043,1485,128,1357
105900044,12,246,-234
105900045,4,823,-819
105900046,16,365,-349
105900047,20,69,-49
105900048,123,630,-507
105900050,8685,4100,4585
105900051,58,1427,-1369
105900052,813,486,327
105900053,3672,2984,688
105900054,423,298,125
105900056,983,507,476
105900057,82,221,-139
105900058,26,27,-1
105900059,0,46,-46
106000001,5083,2751,2332
106000002,3129,6014,-2885
106000003,2943,3693,-750
106000004,1889,2797,-908
106000005,3318,6130,-2812
106000006,6390,4395,1995
106000007,560,667,-107
106000008,509,328,181
106000009,586,419,167
106000010,638,641,-3
106000011,1110,1170,-60
106000012,936,1385,-449
106000013,1860,2286,-426
106000014,2036,1698,338
106000015,1765,1495,270
106000016,1393,2317,-924
106000017,579,807,-228
106000018,626,578,48
106000019,430,545,-115
106000020,299,419,-120
106000021,283,507,-224
106000022,336,216,120
106000023,593,419,174
106000024,694,582,112
106000025,130,212,-82
106000026,132,256,-124
106000027,1375,1326,49
106000028,670,552,118
106000029,931,1439,-508
106000030,736,647,89
106000034,274,587,-313
106000035,1146,2153,-1007
106000036,317,512,-195
106000037,2108,1561,547
106000038,588,147,441
106000039,161,107,54
106000040,159,1037,-878
106000041,779,648,131
106000043,683,240,443
106000046,448,90,358
106000047,60,488,-428
106000049,848,315,533
106000050,409,786,-377
106000051,702,532,170
106000052,112,742,-630
106000053,369,158,211
106000054,414,502,-88
106000055,1225,1121,104
106000056,361,432,-71
106000057,385,370,15
106000058,137,242,-105
106000059,345,395,-50
106000060,419,590,-171
106000061,211,524,-313
106000062,240,652,-412
106000063,674,541,133
106000064,56,446,-390
106000065,393,394,-1
106000066,125,387,-262
106000067,498,143,355
106000068,59,687,-628
106000069,226,95,131
106000070,623,920,-297
106000071,1001,376,625
106000072,2823,1691,1132
106000073,1582,3048,-1466
106000074,675,731,-56
106000075,333,1521,-1188
106000076,2027,2336,-309
106000077,3925,1608,2317
106000078,1213,1141,72
106000079,774,1006,-232
106000080,1329,773,556
106000081,659,1168,-509
106000082,2622,1082,1540
106000083,460,1631,-1171
106000084,1255,785,470
106000085,1511,1796,-285
106000086,750,1109,-359
106000087,1133,637,496
106000088,437,883,-446
106000089,992,448,544
106000090,322,706,-384
106000091,290,562,-272
106000092,639,331,308
106000093,340,141,199
106000094,86,286,-200
106000095,777,896,-119
106000096,893,809,84
106000097,1144,1012,132
106000098,792,1065,-273
106000099,201,792,-591
106000100,1346,313,1033
106000101,1683,343,1340
106000102,282,662,-380
106000103,471,590,-119
106000104,886,517,369
106000105,554,739,-185
106000106,632,540,92
106000107,133,301,-168
106000108,226,325,-99
106000109,176,261,-85
106000110,226,378,-152
106000111,218,435,-217
106000112,196,585,-389
106000113,807,541,266
106000114,523,693,-170
106000115,195,423,-228
106000116,215,219,-4
106000117,1221,794,427
106000118,1298,1549,-251
106000119,1619,1181,438
106000120,931,1191,-260
106000121,214,174,40
106000122,108,247,-139
106000123,497,202,295
106000124,60,261,-201
106000125,16,270,-254
106000126,328,138,190
106000127,873,880,-7
106000128,660,251,409
106000129,466,653,-187
106000130,714,385,329
106000131,145,779,-634
106000132,577,218,359
106000133,2102,1119,983
106000134,690,1987,-1297
106000135,276,614,-338
106000136,704,1006,-302
106000137,82,891,-809
106000138,1081,105,976
106000139,60,124,-64
106000140,48,57,-9
106000141,115,65,50
106000142,86,94,-8
106000143,61,76,-15
106000144,37,69,-32
106000145,296,269,27
106000146,293,199,94
106000147,424,527,-103
106000148,563,802,-239
106000149,516,412,104
106000150,577,1797,-1220
106000151,3628,851,2777
106000152,1523,2183,-660
106000153,85,1512,-1427
106000154,1289,179,1110
106000155,104,234,-130
106000156,924,395,529
106000157,856,1845,-989
106000158,2377,1247,1130
106000159,3342,1831,1511
106000160,480,2784,-2304
106000161,1650,460,1190
106000162,251,962,-711
106000163,469,446,23
106000164,418,392,26
106000165,323,505,-182
106000166,674,391,283
106000167,444,1065,-621
106000168,424,317,107
106000169,321,616,-295
106000170,790,344,446
106000171,336,1297,-961
106000172,3218,1886,1332
106000173,1553,3247,-1694
106000174,1325,509,816
106000175,403,998,-595
106000176,1580,939,641
106000177,862,2542,-1680
106000178,3896,2075,1821
106000179,1371,2618,-1247
106000180,965,1457,-492
106000181,866,1947,-1081
106000182,1384,873,511
106000183,1495,838,657
106000184,2619,887,1732
106000185,1408,1451,-43
106000186,1010,389,621
106000187,348,1190,-842
106000188,0,3,-3
106000189,27,51,-24
106000190,32,4,28
106000191,632,261,371
106000192,2,37,-35
106000193,501,310,191
106000194,231,581,-350
106000195,1438,347,1091
106000196,378,980,-602
106000197,875,429,446
106000198,294,301,-7
106000199,1564,906,658
106000200,240,294,-54
106000201,494,2797,-2303
106000202,4308,810,3498
106000203,85,193,-108
106000204,67,14,53
106000205,17,147,-130
106000206,122,19,103
106000207,35,750,-715
106000208,1401,188,1213
106000209,1604,459,1145
106000210,384,1062,-678
106000211,409,1223,-814
106000212,890,464,426
106000213,865,2270,-1405
106000214,3235,1014,2221
106000215,373,529,-156
106000216,354,371,-17
106000217,297,441,-144
106000218,424,456,-32
106000219,147,291,-144
106000220,452,257,195
106000221,170,276,-106
106000222,101,122,-21
106000223,214,151,63
106000224,240,213,27
106000225,65,109,-44
106000226,134,317,-183
106000228,56,96,-40
106000229,74,755,-681
106000231,1003,156,847
106000232,158,410,-252
106000233,821,91,730
106000234,481,232,249
106000235,1193,112,1081
106000236,450,134,316
106000237,5,14,-9
106000238,63,18,45
106000239,10,138,-128
106000240,66,7,59
106000241,49,744,-695
106000242,229,30,199
106000249,48,82,-34
106000250,111,627,-516
106000251,123,32,91
106000252,57,122,-65
106000253,39,79,-40
106000254,68,68,0
106000255,28,198,-170
106000256,45,53,-8
106000257,191,322,-131
106000258,599,20,579
106000259,19,95,-76
106000260,43,2,41
106000261,14,63,-49
106000262,134,23,111
106000263,17,92,-75
106000264,204,11,193
106000265,25,167,-142
106000266,123,42,81
106000267,7,118,-111
106000268,513,74,439
106000269,76,63,13
106000270,214,538,-324
106000271,107,267,-160
106000272,358,68,290
106000273,15,313,-298
106000274,201,59,142
106000275,154,354,-200
106000276,231,49,182
106000277,150,298,-148
106000278,197,72,125
106000279,22,35,-13
106000280,100,101,-1
106000281,100,81,19
106000282,62,71,-9
106000283,157,60,97
106000284,73,117,-44
106000285,145,81,64
106000286,83,183,-100
106000287,147,109,38
106000288,99,182,-83
106000289,98,63,35
106000290,61,130,-69
106000291,130,104,26
106000292,95,129,-34
106000293,219,138,81
106000294,159,153,6
106000295,71,53,18
106000296,73,137,-64
106000297,124,263,-139
106000298,172,74,98
106000299,115,149,-34
106000300,67,95,-28
106000301,85,98,-13
106000303,51,118,-67
106000304,44,47,-3
106000305,61,81,-20
106000306,63,75,-12
106000307,57,30,27
106000308,40,158,-118
106000309,23,69,-46
106000310,378,521,-143
106000311,421,268,153
106000312,79,204,-125
106000313,186,225,-39
106000318,147,614,-467
106000319,1055,274,781
106000320,1,69,-68
106000321,507,170,337
106000322,150,162,-12
106000324,20,147,-127
106000325,1617,1136,481
106000326,1025,1932,-907
106000327,127,151,-24
106000328,89,157,-68
106000329,221,314,-93
106000330,229,89,140
106000428,67,148,-81
106000429,149,370,-221
106000430,311,1249,-938
106000431,2127,411,1716
106000432,1925,2883,-958
106000433,2303,1399,904
106000434,2891,1708,1183
106000435,1697,2785,-1088
106000436,14,226,-212
106000437,288,48,240
106000438,674,206,468
106000439,130,477,-347
106000440,403,412,-9
106000441,0,1,-1
106000442,125,7,118
106000443,150,376,-226
106000450,6,182,-176
106000451,12,64,-52
106000454,4,249,-245
106000455,12,270,-258
106000456,115,29,86
106000457,12,1017,-1005
106000458,833,115,718
106000459,148,458,-310
106000460,1474,47,1427
106000461,117,1373,-1256
106000462,0,29,-29
106000463,2,24,-22
106000464,12,527,-515
106000465,717,3,714
106000466,5,611,-606
106000467,516,627,-111
106000468,65,171,-106
106000469,201,3,198
106000470,329,1765,-1436
106000471,30,575,-545
106000472,222,22,200
106000473,49,15,34
106000474,260,531,-271
106000475,345,209,136
106000476,164,242,-78
106000477,16,54,-38
106900001,1,21,-20
106900002,3,486,-483
106900003,289,927,-638
106900004,0,41,-41
106900006,0,12,-12
106900007,0,16,-16
106900008,343,321,22
106900009,351,370,-19
106900010,242,267,-25
106900012,1904,2659,-755
106900013,995,218,777
106900014,20,1,19
106900015,10,1,9
106900016,342,15,327
106900017,10,0,10
106900018,1,0,1
106900019,46,1,45
106900020,2510,1652,858
106900021,133,76,57
106900022,728,6,722
106900023,50,281,-231
106900024,780,48,732
106900025,102,708,-606
106900026,3,649,-646
106900027,804,8,796
107000001,4505,4502,3
107000002,4233,5696,-1463
107000003,6175,7013,-838
107000004,5530,5940,-410
107000005,4783,5782,-999
107000006,5829,5582,247
107000007,6154,11100,-4946
107000008,13867,10373,3494
107000009,7727,7742,-15
107000010,11770,11737,33
107000011,1302,1644,-342
107000012,5028,4047,981
107000013,60,117,-57
107000014,46,234,-188
107000015,538,740,-202
107000016,797,875,-78
107000017,3519,1503,2016
107000018,27,978,-951
107000020,1785,1219,566
107000021,1920,517,1403
107000022,981,1668,-687
107000023,2820,297,2523
107000024,642,1670,-1028
107000025,205,440,-235
107000026,351,540,-189
107000027,1502,1479,23
107000028,1506,1810,-304
107000029,3436,3343,93
107000030,3708,3774,-66
107000031,4561,3031,1530
107000032,739,1292,-553
107000033,3268,4925,-1657
107000034,3778,1943,1835
107000035,371,299,72
107000036,496,1402,-906
107000037,119,925,-806
107000038,313,430,-117
107000039,939,935,4
107000040,216,520,-304
107000041,2127,1057,1070
107000042,877,2299,-1422
107000043,2994,1379,1615
107000044,562,484,78
107000045,115,418,-303
107000046,885,498,387
107000047,581,1010,-429
107000048,851,344,507
107000049,706,867,-161
107000050,1178,596,582
107000051,479,447,32
107000052,1394,1114,280
107000053,383,235,148
107000054,79,337,-258
107000055,183,110,73
107000056,428,832,-404
107000057,1159,234,925
107000058,2608,2770,-162
107000059,2692,3929,-1237
107000060,4537,5887,-1350
107000061,5991,4465,1526
107000062,4399,3402,997
107000063,4748,5754,-1006
107000064,4831,2607,2224
107000065,6098,5548,550
107000066,2190,2944,-754
107000067,1435,1334,101
107000068,1608,866,742
107000069,956,490,466
107000070,1283,3,1280
107000071,3486,72,3414
107000072,95,3342,-3247
107000073,977,331,646
107000074,210,1144,-934
107000075,1971,632,1339
107000076,1065,1877,-812
107000077,4155,1760,2395
107000078,3507,4078,-571
107000079,3061,1311,1750
107000080,1531,3740,-2209
107000081,1966,717,1249
107000082,667,2373,-1706
107000083,1704,554,1150
107000084,516,2490,-1974
107000085,3205,3930,-725
107000086,4098,3814,284
107000087,3113,2385,728
107000088,4223,4236,-13
107000089,1727,1952,-225
107000090,1507,1360,147
107000091,1590,1141,449
107000092,1019,1261,-242
107000093,1425,1002,423
107000094,1229,1393,-164
107000095,840,700,140
107000096,692,1093,-401
107000097,616,306,310
107000098,544,627,-83
107000099,514,302,212
107000100,355,417,-62
107000101,80,174,-94
107000102,259,358,-99
107000103,272,230,42
107000104,222,283,-61
107000105,406,159,247
107000106,392,272,120
107000107,593,235,358
107000108,217,619,-402
107000109,704,160,544
107000110,68,521,-453
107000111,366,78,288
107000112,44,339,-295
107000113,627,148,479
107000114,137,568,-431
107000115,619,186,433
107000116,153,782,-629
107000117,166,656,-490
107000118,130,215,-85
107000119,1676,1807,-131
107000120,1456,556,900
107000121,1034,927,107
107000122,1361,1139,222
107000123,476,759,-283
107000124,600,1053,-453
107000125,987,678,309
107000126,1024,939,85
107000129,444,426,18
107000130,820,416,404
107000131,505,560,-55
107000132,680,400,280
107000133,1092,154,938
107000134,427,6,421
107000135,6,432,-426
107000136,975,10,965
107000137,31,536,-505
107000138,471,41,430
107000139,18,520,-502
107000140,2204,176,2028
107000141,180,845,-665
107000142,711,156,555
107000143,78,785,-707
107000144,793,604,189
107000145,220,642,-422
107000146,262,430,-168
107000147,3186,1005,2181
107000150,936,3026,-2090
107000151,54,152,-98
107000152,579,1535,-956
107000153,228,615,-387
107000154,328,334,-6
107000155,920,38,882
107000156,1349,36,1313
107000157,53,1683,-1630
107000158,665,21,644
107000159,56,1022,-966
107000160,1182,159,1023
107000161,126,1931,-1805
107000162,375,547,-172
107000163,229,56,173
107000164,602,3,599
107000165,1044,9,1035
107000166,69,1431,-1362
107000167,762,334,428
107000168,989,622,367
107000169,805,1052,-247
107000170,2647,1297,1350
107000171,1134,2477,-1343
107000172,1175,1530,-355
107000173,782,1167,-385
107000174,1345,5642,-4297
107000175,8456,2239,6217
107000176,1,2,-1
107000177,13,3,10
107000178,30,52,-22
107000179,602,2546,-1944
107000180,1496,829,667
107000181,475,1320,-845
107000182,1907,1119,788
107000183,164,976,-812
107000184,1035,879,156
107000185,541,1688,-1147
107000186,1254,638,616
107000187,1724,1630,94
107000188,681,762,-81
107000189,570,1299,-729
107000190,800,885,-85
107000191,957,1140,-183
107000192,1995,1020,975
107000193,493,645,-152
107000194,1044,949,95
107000197,1050,375,675
107000198,377,857,-480
107000199,875,717,158
107000200,710,889,-179
107000201,701,379,322
107000202,506,547,-41
107000203,1952,1003,949
107000204,1795,1238,557
107000205,2725,1234,1491
107000206,1458,1885,-427
107000207,472,760,-288
107000208,806,400,406
107000209,2963,1557,1406
107000210,1093,482,611
107000211,9,83,-74
107000212,17,315,-298
107000213,10,23,-13
107000214,31,146,-115
107000215,561,481,80
107000216,574,364,210
107000217,605,173,432
107000219,144,197,-53
107000220,762,297,465
107000222,388,1031,-643
107000224,652,93,559
107000225,933,600,333
107000226,478,115,363
107000227,149,319,-170
107000228,113,257,-144
107000229,161,165,-4
107000230,1371,534,837
107000231,2367,2264,103
107000232,160,130,30
107000233,2327,1210,1117
107000234,11,87,-76
107000235,85,14,71
107000236,28,714,-686
107000237,41,3,38
107000238,88,4,84
107000239,3314,643,2671
107000240,187,1372,-1185
107000241,99,33,66
107000242,411,66,345
107000243,0,56,-56
107000244,15,81,-66
107000246,3,1124,-1121
107000249,11,1341,-1330
107000251,10,367,-357
107000252,10,1419,-1409
107000255,544,163,381
107000257,1,368,-367
107000258,0,128,-128
107000259,10,213,-203
107000260,688,21,667
107000262,6,631,-625
107000263,317,30,287
107000266,10,16,-6
107000267,136,234,-98
107000268,133,244,-111
107000269,1047,78,969
107000270,4,31,-27
107000271,33,628,-595
107000272,24,129,-105
107000273,2,261,-259
107000274,1238,323,915
107000275,83,1111,-1028
107000280,956,32,924
107000281,48,1032,-984
107000282,40,882,-842
107000290,13,26,-13
107000291,26,21,5
107000292,4,89,-85
107000293,182,7,175
107000294,1,20,-19
107000295,216,6,210
107000296,0,21,-21
107000444,282,5,277
107000496,9,24,-15
107000497,1743,2889,-1146
107000500,395,347,48
107000501,124,150,-26
107000502,187,374,-187
107000505,444,849,-405
107000506,7,101,-94
107000508,16,829,-813
107000509,309,1159,-850
107000510,147,34,113
107000514,58,416,-358
107000515,30,283,-253
107000516,352,338,14
107000518,1066,1347,-281
107000519,2168,1130,1038
107000520,72,39,33
107900001,130,196,-66
107900002,82,22,60
107900003,320,31,289
107900004,134,3,131
107900005,1408,3,1405
107900006,206,4,202
107900007,495,57,438
107900008,235,41,194
107900009,198,3,195
107900010,32,1,31
107900012,142,12,130
107900013,261,36,225
107900014,44,18,26
107900015,1161,9,1152
107900016,476,123,353
107900017,57,5,52
107900018,115,240,-125
107900019,24,64,-40
107900020,124,14,110
107900021,93,156,-63
107900023,6,0,6
107900024,1,43,-42
107900025,198,351,-153
107900026,88,83,5
107900027,59,94,-35
107900028,91,91,0
107900030,162,40,122
107900031,80,143,-63
107900032,37,16,21
107900033,42,16,26
107900034,480,23,457
107900035,1010,78,932
107900036,94,22,72
107900037,1,47,-46
107900038,151,359,-208
107900039,38,52,-14
107900040,159,440,-281
107900041,6,7,-1
107900043,24,152,-128
107900044,8,29,-21
107900045,169,58,111
107900046,202,224,-22
107900047,71,71,0
107900048,156,7,149
107900049,455,1694,-1239
107900050,166,397,-231
107900051,121,77,44
107900052,36,41,-5
107900053,52,115,-63
107900055,981,492,489
107900056,197,65,132
107900057,4,0,4
107900058,51,735,-684
107900060,79,36,43
107900061,21,14,7
107900063,92,186,-94
107900064,410,175,235
107900065,273,42,231
107900066,51,6,45
107900067,12,0,12
107900068,215,472,-257
107900069,40,1832,-1792
107900070,139,51,88
107900071,24,925,-901
107900072,119,241,-122
107900073,365,114,251
107900074,892,373,519
107900076,124,86,38
107900077,89,4,85
107900078,217,101,116
107900079,21,42,-21
107900080,386,656,-270
107900081,57,115,-58
107900082,25,28,-3
107900083,456,216,240
107900084,136,157,-21
107900086,96,203,-107
107900087,803,279,524
107900088,54,17,37
107900089,288,1438,-1150
107900090,788,2938,-2150
107900091,288,461,-173
107900092,2133,553,1580
107900093,187,118,69
107900095,3922,2907,1015
107900097,24,70,-46
107900098,65,186,-121
107900100,1376,1591,-215
107900101,1205,372,833
107900102,56,12,44
107900103,57,284,-227
107900104,370,17,353
107900105,5,317,-312
107900106,17,1057,-1040
107900107,1622,615,1007
107900108,388,167,221
107900109,1330,22,1308
107900110,72,159,-87
107900111,20,833,-813
107900112,194,368,-174
107900113,293,188,105
107900114,162,155,7
107900115,5,51,-46
107900116,237,232,5
107900117,520,468,52
107900118,109,294,-185
107900119,82,398,-316
107900120,42,44,-2
107900121,5,203,-198
107900122,10,114,-104
107900123,7,55,-48
107900124,26,54,-28
107900125,38,197,-159
107900126,16,54,-38
107900127,624,376,248
107900128,124,92,32
107900129,93,71,22
107900130,106,45,61
107900131,1196,424,772
107900132,155,582,-427
107900133,3,95,-92
107900134,42,120,-78
107900135,5,175,-170
107900136,53,66,-13
107900137,203,138,65
107900138,79,110,-31
107900139,41,121,-80
107900140,125,79,46
107900141,72,62,10
107900142,103,1067,-964
107900143,258,40,218
107900144,5,145,-140
107900145,21,140,-119
107900146,102,144,-42
107900147,69,79,-10
107900148,186,161,25
107900149,1128,412,716
107900150,91,864,-773
107900151,34,93,-59
107900152,9,310,-301
107900153,152,393,-241
107900154,70,31,39
107900155,97,97,0
107900156,11,325,-314
107900157,48,67,-19
107900158,1003,32,971
107900159,59,1024,-965
107900160,119,194,-75
107900161,39,177,-138
107900162,3,178,-175
107900163,198,317,-119
107900164,10,59,-49
107900165,36,134,-98
107900166,23,196,-173
107900167,26,61,-35
107900168,45,76,-31
107900169,5,222,-217
107900171,25,1570,-1545
107900172,16,398,-382
107900173,18,173,-155
107900174,114,4,110
107900175,26,35,-9
107900176,42,54,-12
107900177,8,258,-250
107900178,1,186,-185
107900179,23,191,-168
107900180,826,668,158
107900181,780,332,448
107900182,8,1097,-1089
107900183,49,309,-260
107900184,182,313,-131
107900185,128,3,125
107900186,33,81,-48
107900187,1,142,-141
107900188,738,200,538
107900189,36,163,-127
107900190,107,169,-62
107900191,75,157,-82
107900193,9,59,-50
107900194,254,16,238
107900195,2848,531,2317
107900196,120,137,-17
107900197,1317,576,741
107900199,1,934,-933
107900201,116,139,-23
107900203,49,77,-28
107900204,269,304,-35
107900205,249,549,-300
107900206,1068,313,755
107900207,4,580,-576
107900208,11,629,-618
107900209,539,174,365
107900210,89,154,-65
107900213,1114,870,244
107900214,37,134,-97
107900215,184,384,-200
107900216,272,111,161
107900217,80,129,-49
107900218,24,1557,-1533
107900219,47,157,-110
107900220,296,326,-30
107900221,296,258,38
107900223,91,800,-709
107900224,177,444,-267
107900225,11,698,-687
107900226,98,134,-36
107900227,165,552,-387
107900228,32,164,-132
107900229,36,326,-290
107900230,12,134,-122
107900231,12,286,-274
107900232,71,142,-71
107900233,10,176,-166
107900234,112,162,-50
107900235,51,137,-86
107900236,131,115,16
107900237,16,208,-192
107900238,42,128,-86
107900239,1139,582,557
107900240,28,136,-108
107900241,18,89,-71
107900242,34,237,-203
107900243,1,102,-101
107900244,411,6,405
107900245,777,67,710
107900246,610,26,584
107900248,621,557,64
107900249,783,58,725
107900250,1,588,-587
107900251,113,1670,-1557
107900252,1112,39,1073
107900253,198,3,195
107900254,98,576,-478
107900255,387,151,236
107900256,1955,1186,769
107900257,291,200,91
107900258,174,208,-34
107900259,138,2375,-2237
107900261,1,408,-407
107900262,100,150,-50
107900264,315,7,308
107900265,475,145,330
107900267,206,22,184
107900268,38,8,30
107900269,1,15,-14
107900270,1,1,0
107900271,5,45,-40
107900272,148,48,100
107900273,60,140,-80
107900274,109,4,105
107900275,50,0,50
107900276,1,118,-117
107900277,0,229,-229
107900278,335,463,-128
107900279,145,183,-38
107900280,2151,2903,-752
107900281,1979,2853,-874
107900282,63,609,-546
107900283,1338,673,665
107900284,749,677,72
107900285,110,120,-10
107900286,220,142,78
107900287,245,275,-30
107900290,0,146,-146
107900291,649,18,631
107900292,186,280,-94
107900293,81,494,-413
107900295,51,74,-23
107900297,2,465,-463
107900298,841,918,-77
107900299,3589,2394,1195
107900300,82,246,-164
107900301,1083,633,450
107900302,199,66,133
107900303,374,335,39
107900304,219,453,-234
107900305,298,21,277
107900306,10,27,-17
107900307,58,307,-249
107900308,190,189,1
107900309,105,4,101
107900310,704,7,697
107900311,7,381,-374
107900312,65,1,64
107900313,4,182,-178
107900314,0,50,-50
107900315,0,85,-85
107900316,46,4,42
107900317,107,27,80
107900318,15,190,-175
107900319,8,244,-236
107900320,3,177,-174
107900321,190,1,189
107900322,0,133,-133
107900323,8,149,-141
107900324,193,3,190
107900325,99,0,99
107900326,366,286,80
107900327,1,78,-77
107900328,165,4,161
107900329,148,151,-3
107900330,8,393,-385
107900331,222,27,195
107900332,231,42,189
107900333,45,37,8
107900334,17,183,-166
107900335,123,46,77
107900336,76,63,13
107900337,1167,866,301
107900338,10,182,-172
107900339,4,26,-22
107900340,3,55,-52
107900341,66,1,65
107900342,146,183,-37
107900343,87,8,79
107900344,18,178,-160
107900345,118,42,76
107900346,25,1,24
107900347,24,6,18
107900348,46,2,44
107900349,26,14,12
107900350,27,297,-270
108000001,3320,4161,-841
108000002,2314,3075,-761
108000003,3946,3702,244
108000004,14153,17406,-3253
108000005,8690,6994,1696
108000006,9359,8845,514
108000007,5434,4639,795
108000008,5000,7223,-2223
108000009,4081,4735,-654
108000010,3420,5023,-1603
108000011,13244,13256,-12
108000012,19573,18298,1275
108000014,1232,742,490
108000015,832,306,526
108000016,294,700,-406
108000017,1120,469,651
108000018,2561,763,1798
108000019,2802,972,1830
108000020,1578,686,892
108000021,435,1959,-1524
108000022,629,1506,-877
108000023,1385,384,1001
108000024,314,610,-296
108000025,345,321,24
108000026,609,471,138
108000027,769,519,250
108000028,562,326,236
108000029,710,622,88
108000030,784,329,455
108000031,334,737,-403
108000032,1711,1015,696
108000033,894,1231,-337
108000034,1855,735,1120
108000035,957,2424,-1467
108000036,427,1124,-697
108000037,1771,678,1093
108000038,2681,810,1871
108000039,579,2146,-1567
108000040,2196,1179,1017
108000041,769,2752,-1983
108000042,283,301,-18
108000043,175,328,-153
108000044,531,208,323
108000045,350,580,-230
108000046,1522,482,1040
108000047,482,1130,-648
108000048,284,396,-112
108000049,1447,324,1123
108000050,125,432,-307
108000051,329,121,208
108000052,272,756,-484
108000053,516,243,273
108000054,633,1084,-451
108000055,1375,649,726
108000056,1115,1382,-267
108000057,699,1379,-680
108000058,2364,4197,-1833
108000059,3813,2309,1504
108000060,166,446,-280
108000061,182,294,-112
108000062,991,679,312
108000063,576,641,-65
108000064,222,289,-67
108000065,560,654,-94
108000066,1515,914,601
108000067,1800,662,1138
108000068,784,456,328
108000069,245,1053,-808
108000070,1984,1033,951
108000071,738,1752,-1014
108000072,1767,1601,166
108000073,1500,2097,-597
108000074,675,477,198
108000075,447,1078,-631
108000076,858,713,145
108000077,742,847,-105
108000078,2481,1791,690
108000079,971,1953,-982
108000080,1346,673,673
108000081,749,1791,-1042
108000082,1103,2194,-1091
108000083,2209,1212,997
108000084,577,1369,-792
108000085,816,551,265
108000086,1020,910,110
108000087,220,2169,-1949
108000088,143,27,116
108000089,408,491,-83
108000090,533,287,246
108000091,357,473,-116
108000092,161,107,54
108000093,223,589,-366
108000094,529,119,410
108000095,170,371,-201
108000096,296,167,129
108000097,142,493,-351
108000098,1635,1559,76
108000099,263,73,190
108000100,53,195,-142
108000101,1468,1546,-78
108000102,1915,3246,-1331
108000106,1447,1,1446
108000107,7,1091,-1084
108000108,938,91,847
108000109,20,758,-738
108000110,219,295,-76
108000111,247,682,-435
108000112,74,162,-88
108000113,514,294,220
108000115,393,353,40
108000117,843,402,441
108000118,105,332,-227
108000119,801,419,382
108000120,174,769,-595
108000121,186,514,-328
108000122,587,399,188
108000123,1601,261,1340
108000124,576,611,-35
108000125,358,304,54
108000126,168,468,-300
108000127,607,494,113
108000128,696,602,94
108000129,573,1278,-705
108000130,790,302,488
108000131,1015,857,158
108000132,2431,1702,729
108000133,953,685,268
108000134,551,700,-149
108000135,1245,584,661
108000136,540,1188,-648
108000137,561,461,100
108000138,510,1055,-545
108000139,544,313,231
108000140,109,56,53
108000141,43,102,-59
108000142,55,101,-46
108000143,71,27,44
108000144,58,24,34
108000145,47,27,20
108000146,80,19,61
108000147,75,45,30
108000148,90,35,55
108000149,31,27,4
108000150,32,14,18
108000151,65,21,44
108000152,134,559,-425
108000153,598,215,383
108000154,60,14,46
108000155,35,36,-1
108000156,338,114,224
108000157,146,994,-848
108000158,126,1054,-928
108000159,606,339,267
108000160,3240,1335,1905
108000161,3088,2971,117
108000165,12,217,-205
108000172,7,333,-326
108000173,2292,2139,153
108000175,239,111,128
108000178,451,324,127
108000179,189,971,-782
108000181,71,34,37
108000182,127,23,104
108000183,122,26,96
108000184,1227,2527,-1300
108000185,356,649,-293
108000186,237,89,148
108000187,171,665,-494
108000188,790,298,492
108000189,784,1501,-717
108000190,68,128,-60
108000192,200,613,-413
108000193,942,53,889
108000194,59,12,47
108000195,1,1030,-1029
108000196,668,207,461
108000198,487,400,87
108000199,0,180,-180
108000200,486,626,-140
108000202,0,335,-335
108000203,117,668,-551
108000204,267,128,139
108000205,359,596,-237
108000339,1671,457,1214
108000364,169,363,-194
108000365,103,308,-205
108000367,201,464,-263
108000368,6,73,-67
108000369,1301,312,989
108000371,2,694,-692
108000372,760,5,755
108000373,292,194,98
108000376,111,57,54
108000377,503,291,212
108000378,10068,11467,-1399
108000379,35,267,-232
108000381,83,32,51
108000382,164,0,164
108000383,1,168,-167
108900001,144,1063,-919
108900002,194,82,112
108900003,407,852,-445
108900004,276,442,-166
108900005,78,428,-350
108900006,700,207,493
108900007,280,326,-46
108900008,113,187,-74
108900009,79,153,-74
108900010,262,292,-30
108900011,535,526,9
108900012,365,565,-200
108900013,198,310,-112
108900014,16,152,-136
108900015,0,105,-105
108900016,1,369,-368
108900017,527,506,21
108900018,237,560,-323
108900019,80,1022,-942
108900020,57,297,-240
108900021,150,292,-142
108900022,114,9,105
108900023,6,43,-37
108900024,40,154,-114
108900025,129,160,-31
108900026,43,117,-74
108900027,0,94,-94
108900028,97,313,-216
108900029,79,243,-164
108900030,0,126,-126
108900031,133,397,-264
108900032,32,291,-259
108900033,2,86,-84
108900034,0,210,-210
108900035,411,1374,-963
108900036,222,360,-138
108900037,121,432,-311
108900038,1,396,-395
108900039,1,475,-474
108900040,7,134,-127
108900041,5948,3575,2373
108900042,17,453,-436
108900043,79,510,-431
108900044,2,495,-493
108900045,94,586,-492
108900046,74,849,-775
108900047,0,72,-72
108900048,127,880,-753
108900049,3637,1567,2070
108900050,1,212,-211
108900051,1,176,-175
108900052,40,244,-204
108900053,155,183,-28
108900054,101,246,-145
108900055,107,434,-327
108900056,2,169,-167
108900057,1,212,-211
108900058,54,394,-340
108900059,483,51,432
108900060,143,152,-9
108900061,128,34,94
108900062,2,228,-226
108900063,10,326,-316
108900064,273,93,180
108900065,15,273,-258
108900066,457,113,344
108900067,43,197,-154
108900068,2,97,-95
108900069,69,115,-46
108900070,36,139,-103
108900071,99,87,12
108900072,2594,1075,1519
108900073,18,80,-62
108900074,293,425,-132
108900075,59,62,-3
108900076,422,114,308
108900077,171,164,7
108900078,20,162,-142
108900079,1034,301,733
108900080,64,955,-891
108900081,67,241,-174
108900082,82,120,-38
108900083,48,313,-265
108900084,517,178,339
108900085,2295,320,1975
108900086,111,253,-142
108900087,145,276,-131
108900088,1022,533,489
108900089,34,206,-172
108900090,73,324,-251
108900091,128,131,-3
108900092,559,497,62
108900093,186,129,57
108900094,246,109,137
108900095,56,368,-312
108900096,403,26,377
108900097,255,260,-5
108900098,2619,967,1652
108900099,479,276,203
108900100,153,150,3
108900101,305,197,108
108900102,189,1279,-1090
108900103,115,168,-53
108900104,217,470,-253
108900105,2,1158,-1156
108900106,495,403,92
108900108,534,103,431
108900109,56,35,21
108900110,297,443,-146
108900111,468,665,-197
108900112,339,67,272
108900113,43,76,-33
108900114,0,5,-5
108900115,97,109,-12
108900116,120,38,82
108900117,163,36,127
108900118,655,36,619
108900119,293,42,251
108900120,188,204,-16
108900121,454,184,270
108900122,138,32,106
108900123,159,178,-19
108900124,455,299,156
108900125,456,7,449
108900126,135,59,76
108900127,193,24,169
108900128,135,56,79
108900129,781,196,585
108900130,430,4,426
108900131,450,13,437
108900132,598,128,470
108900133,247,89,158
108900134,357,279,78
108900135,141,13,128
108900136,87,1,86
108900137,238,2,236
108900138,828,89,739
108900139,705,236,469
108900140,301,282,19
108900141,332,12,320
108900142,214,11,203
108900143,57,0,57
108900144,138,0,138
108900145,199,13,186
108900146,56,0,56
108900147,225,3,222
108900148,119,68,51
108900149,574,376,198
108900150,356,5,351
108900151,353,17,336
108900152,255,58,197
108900153,215,375,-160
108900154,5323,675,4648
108900155,307,99,208
108900156,94,6,88
108900157,35,505,-470
108900158,566,62,504
108900159,9,291,-282
108900160,34,288,-254
108900161,27,422,-395
108900162,128,1,127
108900163,8,283,-275
108900164,44,105,-61
108900165,210,130,80
108900167,2162,6598,-4436
108900168,8217,3154,5063
108900169,83,125,-42
108900171,8615,3302,5313
108900172,235,93,142
108900173,199,465,-266
108900174,780,769,11
108900176,168,519,-351
108900177,5874,5346,528
108900178,4447,3754,693
108900179,695,1922,-1227
108900180,118,286,-168
108900182,69,346,-277
108900183,208,319,-111
108900184,567,323,244
108900185,291,488,-197
108900186,126,418,-292
108900187,386,93,293
108900188,560,120,440
108900189,600,216,384
108900190,89,2863,-2774
108900191,253,40,213
108900192,116,245,-129
108900193,559,106,453
108900194,109,459,-350
108900195,140,341,-201
108900196,40,441,-401
108900198,8,406,-398
108900199,307,454,-147
108900200,827,359,468
108900201,689,1637,-948
108900203,580,85,495
108900204,368,23,345
108900205,242,28,214
108900206,574,70,504
108900207,227,93,134
108900208,15,393,-378
108900209,254,603,-349
108900210,240,301,-61
108900211,244,544,-300
108900212,834,1589,-755
108900215,80,475,-395
108900216,538,190,348
108900217,235,1,234
108900218,298,35,263
108900219,161,10,151
108900220,97,62,35
108900221,68,164,-96
108900222,326,23,303
108900223,16,141,-125
108900224,60,328,-268
108900225,4,225,-221
108900226,287,19,268
108900227,157,447,-290
108900230,311,299,12
108900231,55,225,-170
108900232,2,366,-364
108900233,584,181,403
108900234,386,304,82
108900235,277,691,-414
108900236,108,415,-307
108900237,144,257,-113
108900240,278,142,136
108900241,61,88,-27
108900245,19,1553,-1534
108900249,175,101,74
108900250,324,226,98
108900257,235,598,-363
108900258,20,271,-251
108900259,206,63,143
108900260,12,100,-88
108900261,91,156,-65
108900262,149,175,-26
108900263,46,244,-198
108900264,586,367,219
108900265,1201,542,659
108900266,951,633,318
108900267,7,117,-110
108900268,27,18,9
108900269,101,21,80
108900270,111,20,91
108900271,75,24,51
108900272,237,21,216
108900273,1058,899,159
108900274,50,58,-8
109000001,3102,1378,1724
109000002,1472,1526,-54
109000003,2703,504,2199
109000004,514,2134,-1620
109000005,2351,718,1633
109000006,778,2051,-1273
109000007,1618,749,869
109000008,552,1660,-1108
109000009,3888,1377,2511
109000010,1567,3995,-2428
109000011,3279,2521,758
109000012,2050,3582,-1532
109000013,4117,3463,654
109000014,2444,3493,-1049
109000015,3930,7297,-3367
109000016,6725,4015,2710
109000017,2375,1393,982
109000018,886,3011,-2125
109000019,2783,1369,1414
109000020,1016,2100,-1084
109000023,344,33,311
109000024,14,203,-189
109000025,340,453,-113
109000026,670,336,334
109000027,78,287,-209
109000028,159,100,59
109000029,116,267,-151
109000030,90,455,-365
109000031,254,203,51
109000032,141,461,-320
109000033,354,238,116
109000034,91,76,15
109000035,28,101,-73
109000036,180,432,-252
109000037,294,1267,-973
109000038,781,455,326
109000039,1185,1029,156
109000040,5363,8779,-3416
109000041,3791,2021,1770
109000042,653,1494,-841
109000044,398,105,293
109000045,113,338,-225
109000046,433,120,313
109000047,69,489,-420
109000048,1024,315,709
109000049,449,713,-264
109000050,413,368,45
109000051,432,353,79
109000052,630,1152,-522
109000053,318,112,206
109000054,964,718,246
109000055,474,533,-59
109000056,590,978,-388
109000057,1072,630,442
109000058,1211,480,731
109000059,1166,1607,-441
109000060,435,347,88
109000061,1062,1499,-437
109000062,274,392,-118
109000063,351,254,97
109000064,614,242,372
109000065,176,279,-103
109000066,475,128,347
109000067,103,391,-288
109000068,3129,43,3086
109000069,990,34,956
109000070,9,1244,-1235
109000071,379,91,288
109000072,131,377,-246
109000073,62,74,-12
109000074,36,216,-180
109000075,92,383,-291
109000076,145,224,-79
109000077,462,357,105
109000078,89,182,-93
109000079,143,219,-76
109000080,186,138,48
109000081,149,602,-453
109000082,668,282,386
109000083,352,695,-343
109000088,133,582,-449
109000089,351,91,260
109000090,156,517,-361
109000091,399,293,106
109000092,496,570,-74
109000093,269,290,-21
109000094,574,4,570
109000095,114,478,-364
109000096,795,303,492
109000097,81,191,-110
109000098,57,201,-144
109000099,1060,357,703
109000100,224,623,-399
109000101,1932,784,1148
109000102,393,869,-476
109000103,578,811,-233
109000104,1837,628,1209
109000105,519,1395,-876
109000106,2268,1026,1242
109000107,732,2365,-1633
109000108,1919,747,1172
109000109,534,2037,-1503
109000110,1502,628,874
109000111,1050,2299,-1249
109000112,475,192,283
109000113,421,289,132
109000114,250,542,-292
109000115,1322,30,1292
109000116,9,333,-324
109000117,234,68,166
109000118,15,379,-364
109000119,1302,260,1042
109000120,242,943,-701
109000121,515,62,453
109000122,123,912,-789
109000123,51,61,-10
109000124,646,529,117
109000125,1027,417,610
109000126,456,875,-419
109000127,1010,258,752
109000128,515,1640,-1125
109000129,2408,991,1417
109000130,720,2150,-1430
109000131,1073,731,342
109000132,983,2134,-1151
109000133,481,1088,-607
109000134,899,1557,-658
109000135,1490,1804,-314
109000136,363,401,-38
109000137,361,413,-52
109000138,567,407,160
109000139,568,510,58
109000140,286,452,-166
109000141,680,563,117
109000142,143,692,-549
109000143,145,95,50
109000145,159,289,-130
109000146,77,163,-86
109000148,3948,2353,1595
109000149,23,59,-36
109000150,126,391,-265
109000155,883,672,211
109000156,1132,894,238
109000158,382,431,-49
109000159,297,714,-417
109000160,951,316,635
109000161,326,1219,-893
109000162,1988,919,1069
109000163,1215,1970,-755
109000164,1123,2839,-1716
109000165,1296,648,648
109000166,737,158,579
109000167,138,697,-559
109000170,53,68,-15
109000171,91,58,33
109000172,56,102,-46
109000173,32,90,-58
109000174,114,81,33
109000175,79,95,-16
109000176,305,340,-35
109000177,31,175,-144
109000178,657,146,511
109000179,5984,5727,257
109000180,6056,4191,1865
109000181,19,43,-24
109000182,35,38,-3
109000183,53,40,13
109000184,60,18,42
109000185,39,73,-34
109000188,708,2164,-1456
109000189,2871,1281,1590
109000190,643,528,115
109000191,412,491,-79
109000192,433,416,17
109000193,162,359,-197
109000194,270,203,67
109000195,181,398,-217
109000196,333,204,129
109000197,146,500,-354
109000198,397,122,275
109000199,95,523,-428
109000206,240,35,205
109000207,118,70,48
109000208,101,117,-16
109000209,203,124,79
109000210,248,650,-402
109000211,719,627,92
109000214,474,422,52
109000215,185,127,58
109000216,234,306,-72
109000217,581,145,436
109000218,696,240,456
109000221,632,1176,-544
109000222,1104,331,773
109000223,400,424,-24
109000224,35,142,-107
109000225,96,51,45
109000226,62,223,-161
109000227,1195,1419,-224
109000228,5,1046,-1041
109000231,6,320,-314
109000232,328,398,-70
109000236,263,779,-516
109000241,2485,2544,-59
109000242,2130,1661,469
109000293,109,83,26
109000361,178,329,-151
109000364,318,685,-367
109000396,6,635,-629
109000397,621,19,602
109000399,115,470,-355
109000400,77,220,-143
109000403,142,950,-808
109000406,299,6,293
109000407,302,250,52
109000408,2,431,-429
109000410,1385,333,1052
109000411,205,28,177
109900001,89,0,89
109900002,973,25,948
109900003,272,2,270
109900004,1120,208,912
109900005,44,3,41
109900006,631,256,375
109900007,794,605,189
109900008,0,61,-61
109900009,140,579,-439
109900010,560,26,534
109900011,127,58,69
109900012,372,316,56
109900013,456,252,204
109900014,577,90,487
109900015,584,329,255
109900016,212,62,150
109900017,192,339,-147
109900018,413,140,273
109900019,431,106,325
109900020,43,28,15
109900021,36,26,10
109900022,137,272,-135
109900023,42,6,36
109900024,26,5,21
109900025,44,80,-36
109900026,6,198,-192
109900027,44,102,-58
109900028,1732,901,831
109900029,7,344,-337
109900030,53,18,35
109900031,0,265,-265
109900032,15,385,-370
109900033,2,504,-502
109900034,35,2,33
109900035,15,32,-17
109900036,22,94,-72
109900037,28,579,-551
109900038,115,241,-126
109900039,24,0,24
109900040,27,501,-474
109900041,92,438,-346
109900042,138,533,-395
109900044,347,285,62
109900045,311,131,180
109900046,18,79,-61
109900047,472,368,104
109900048,7,93,-86
109900049,7,43,-36
109900050,1,162,-161
109900051,2,68,-66
109900052,210,355,-145
109900053,3,354,-351
109900054,691,307,384
109900055,82,355,-273
109900056,58,258,-200
109900057,13,193,-180
109900058,1,71,-70
109900059,687,169,518
109900060,431,213,218
109900061,82,389,-307
109900062,3,194,-191
109900063,16,446,-430
109900064,658,347,311
109900065,88,169,-81
109900066,345,973,-628
109900067,3,294,-291
109900068,61,6,55
109900069,9,42,-33
109900070,56,462,-406
109900071,3,48,-45
109900072,39,191,-152
109900073,475,608,-133
109900074,19,57,-38
109900075,45,53,-8
109900076,18,218,-200
109900077,42,80,-38
109900078,109,227,-118
109900080,151,403,-252
109900081,50,288,-238
109900082,60,444,-384
109900083,27,82,-55
109900084,66,205,-139
109900085,283,822,-539
109900086,232,479,-247
109900087,390,684,-294
109900089,801,364,437
109900090,659,1238,-579
109900091,391,110,281
109900092,1152,29,1123
109900093,935,239,696
109900094,100,139,-39
109900095,316,307,9
109900096,30,6,24
109900097,107,1,106
109900098,425,61,364
109900099,238,1,237
109900100,52,4,48
109900101,427,14,413
109900102,589,32,557
109900103,58,69,-11
109900104,658,727,-69
109900105,551,31,520
109900106,538,74,464
109900107,524,105,419
109900108,93,335,-242
109900109,44,170,-126
109900110,148,412,-264
109900111,520,982,-462
109900112,361,645,-284
109900113,909,655,254
109900114,1933,1160,773
109900115,204,101,103
109900117,1161,196,965
109900118,242,583,-341
109900119,883,426,457
109900120,104,40,64
109900121,519,647,-128
109900122,537,6,531
109900123,34,172,-138
109900124,71,703,-632
109900125,3,202,-199
109900126,337,129,208
109900128,307,45,262
109900130,7730,3038,4692
109900131,88,211,-123
109900132,31,186,-155
109900133,125,374,-249
109900134,209,122,87
109900135,465,86,379
109900136,127,168,-41
109900137,130,407,-277
109900138,506,449,57
109900140,329,250,79
109900142,1479,425,1054
109900145,4,501,-497
109900146,601,72,529
109900148,54,105,-51
109900149,80,91,-11
109900150,5,90,-85
109900151,13,34,-21
109900152,7,39,-32
109900153,1,57,-56
109900154,73,0,73
109900155,120,44,76
109900157,76,244,-168
109900158,92,181,-89
109900159,190,66,124
109900160,196,78,118
109900161,273,125,148
109900162,282,171,111
109900163,909,397,512
109900164,90,219,-129
109900165,296,10,286
109900166,37,165,-128
109900167,240,714,-474
109900168,282,767,-485
109900169,228,231,-3
109900170,230,758,-528
109900171,218,108,110
109900172,360,338,22
109900173,3339,2505,834
109900174,50,165,-115
109900175,137,97,40
109900176,236,220,16
109900177,80,258,-178
109900178,40,200,-160
109900179,205,16,189
109900180,6,22,-16
110000001,968,568,400
110000002,627,909,-282
110000003,1003,719,284
110000004,579,781,-202
110000005,540,2081,-1541
110000006,378,365,13
110000007,118,145,-27
110000008,28,58,-30
110000009,63,37,26
110000010,42,98,-56
110000011,50,75,-25
110000012,662,447,215
110000013,53,619,-566
110000014,667,474,193
110000015,232,855,-623
110000016,328,1668,-1340
110000017,3029,357,2672
110000018,2663,541,2122
110000019,13,104,-91
110000020,594,249,345
110000021,613,478,135
110000022,1213,335,878
110000023,8,156,-148
110000024,822,418,404
110000025,512,12,500
110000026,17,423,-406
110000027,1604,1000,604
110000028,938,817,121
110000029,561,849,-288
110000030,252,488,-236
110000031,343,581,-238
110000032,824,506,318
110000033,342,122,220
110000034,696,898,-202
110000035,1065,639,426
110000036,1136,852,284
110000037,250,503,-253
110000038,381,763,-382
110000039,759,3226,-2467
110000040,324,421,-97
110000041,312,1439,-1127
110000042,158,329,-171
110000043,932,298,634
110000044,215,251,-36
110000045,1173,116,1057
110000046,3,13,-10
110000047,38,38,0
110000048,13,26,-13
110000049,53,43,10
110000050,9,95,-86
110000051,26,18,8
110000052,29,24,5
110000053,97,17,80
110000054,506,243,263
110000055,1124,79,1045
110000056,227,75,152
110000057,484,673,-189
110000058,1205,581,624
110000059,960,520,440
110000060,943,1296,-353
110000061,1015,847,168
110000062,767,1074,-307
110000063,35,157,-122
110000064,92,96,-4
110000065,98,135,-37
110000066,88,57,31
110000067,160,251,-91
110000068,355,240,115
110000069,320,125,195
110000071,163,144,19
110000073,15,45,-30
110000075,19,129,-110
110000076,333,613,-280
110000077,445,1846,-1401
110000078,32,86,-54
110000080,338,820,-482
110000081,96,341,-245
110000082,63,474,-411
110000083,232,684,-452
110000084,1281,929,352
110000085,2135,1835,300
110000086,1676,2585,-909
110000087,14,90,-76
110000088,116,321,-205
110000089,418,162,256
110000090,1046,322,724
110000091,1536,330,1206
110000092,40,82,-42
110000093,59,9,50
110000094,583,313,270
110000095,258,604,-346
110000096,2430,2343,87
110000097,1226,1464,-238
110000098,2397,760,1637
110000099,927,1890,-963
110000100,1035,650,385
110000101,29,461,-432
110000102,57,30,27
110000104,697,151,546
110000105,138,380,-242
110000106,808,411,397
110000107,321,479,-158
110000108,189,85,104
110000109,345,345,0
110000110,3554,5705,-2151
110000111,7214,3584,3630
110000112,1683,1630,53
110000113,508,2283,-1775
110000114,270,630,-360
110000115,473,369,104
110000116,49,81,-32
110000117,241,489,-248
110000118,485,311,174
110000119,350,408,-58
110000120,470,263,207
110000121,74,440,-366
110000122,556,706,-150
110000123,736,980,-244
110000124,4,1178,-1174
110000125,992,15,977
110000126,314,22,292
110000127,1345,84,1261
110000128,56,1576,-1520
110000129,12,635,-623
110000130,355,206,149
110000131,363,360,3
110000132,2,893,-891
110000133,54,817,-763
110000134,44,493,-449
110000135,228,52,176
110000136,97,358,-261
110000137,563,774,-211
110000138,1005,822,183
110000139,1033,1442,-409
110000140,982,832,150
110000143,735,575,160
110000144,6466,2311,4155
110000145,2493,1608,885
110000146,2799,1352,1447
110000147,695,780,-85
110000148,589,313,276
110000151,1381,1543,-162
110000152,1121,402,719
110000153,124,61,63
110000154,66,38,28
110000155,2310,4682,-2372
110000156,1146,2990,-1844
110000157,2783,2539,244
110000160,466,357,109
110000161,182,328,-146
110000166,660,179,481
110000167,889,637,252
110000168,1229,586,643
110000169,1085,457,628
110000170,209,99,110
110000171,801,228,573
110000172,182,778,-596
110000173,1209,1273,-64
110000174,285,1201,-916
110000175,835,128,707
110000176,976,384,592
110000177,204,1060,-856
110000178,525,1892,-1367
110000179,1352,427,925
110000180,277,301,-24
110000181,467,790,-323
110000182,409,154,255
110000183,9570,7178,2392
110000184,401,2572,-2171
110000185,1624,764,860
110000186,898,858,40
110000191,1023,287,736
110000192,821,15,806
110000193,1427,8,1419
110000194,24,1234,-1210
110000195,524,502,22
110000196,372,354,18
110000197,116,295,-179
110000198,440,101,339
110000199,344,153,191
110000200,2055,482,1573
110000201,1772,1014,758
110000202,1421,577,844
110000203,1105,883,222
110000204,13,269,-256
110000205,161,63,98
110000206,949,1697,-748
110000207,1394,425,969
110000208,241,260,-19
110000209,217,1129,-912
110000210,1172,678,494
110000211,904,726,178
110000212,416,1314,-898
110000213,190,191,-1
110000214,310,223,87
110000215,193,439,-246
110000216,146,388,-242
110000217,354,197,157
110000218,197,412,-215
110000219,381,106,275
110000220,81,337,-256
110000221,347,138,209
110000222,72,220,-148
110000223,6,206,-200
110000224,66,23,43
110000225,456,832,-376
110000226,312,112,200
110000227,948,835,113
110000228,324,264,60
110000229,0,297,-297
110000230,692,658,34
110000231,223,290,-67
110000232,425,232,193
110000233,317,360,-43
110000234,1020,957,63
110000235,1069,1440,-371
110000236,675,687,-12
110000237,2224,1422,802
110000238,1934,1638,296
110000239,2062,1310,752
110000240,2,107,-105
110000242,0,12,-12
110000243,153,169,-16
110000244,186,377,-191
110000245,35,392,-357
110000246,949,614,335
110000247,1574,4888,-3314
110000248,2623,1606,1017
110000249,93,22,71
110000250,114,236,-122
110000251,370,609,-239
110000252,321,220,101
110000253,1791,752,1039
110000254,770,1535,-765
110000255,362,1162,-800
110000256,654,419,235
110000257,822,471,351
110000258,11,487,-476
110000259,187,42,145
110000260,31,318,-287
110000263,697,185,512
110000264,402,525,-123
110000265,1263,2305,-1042
110000266,3178,3578,-400
110000267,43,250,-207
110000268,438,569,-131
110000269,13,76,-63
110000270,78,13,65
110000271,1477,372,1105
110000272,1600,1158,442
110000273,4991,2136,2855
110000274,249,1554,-1305
110000275,2372,555,1817
110000276,307,391,-84
110000277,398,402,-4
110000278,452,822,-370
110000279,1073,856,217
110000280,487,526,-39
110000281,68,448,-380
110000282,504,44,460
110000283,129,202,-73
110000284,77,66,11
110000285,6,849,-843
110000286,48,1,47
110000287,72,0,72
110000288,12,129,-117
110000289,553,1870,-1317
110000290,1209,625,584
110000291,4979,1768,3211
110000292,1688,4822,-3134
110000293,921,1040,-119
110000294,1246,1382,-136
110000295,376,1084,-708
110000296,848,512,336
110000297,2744,445,2299
110000298,298,640,-342
110000299,358,139,219
110000301,299,59,240
110000302,317,1084,-767
110000303,549,9,540
110000304,237,281,-44
110000305,1231,39,1192
110000306,179,1514,-1335
110000307,1792,9,1783
110000308,687,10,677
110000309,10,837,-827
110000310,914,66,848
110000311,24,665,-641
110000312,576,114,462
110000313,3038,3704,-666
110000314,0,251,-251
110000315,3748,3206,542
110000316,564,1441,-877
110000317,740,463,277
110000318,21,99,-78
110000319,35,36,-1
110000320,75,87,-12
110000321,54,64,-10
110000322,324,352,-28
110000323,495,215,280
110000324,3778,1747,2031
110000325,3134,3108,26
110000327,846,487,359
110000328,194,423,-229
110000333,1158,792,366
110000334,1095,1570,-475
110000335,1138,681,457
110000336,1068,1310,-242
110000337,1591,783,808
110000338,570,306,264
110000339,450,277,173
110000340,234,208,26
110000341,533,542,-9
110000342,864,8,856
110000343,0,37,-37
110000344,950,202,748
110000345,991,154,837
110000346,3049,2254,795
110000347,1325,968,357
110000348,32,24,8
110000349,17,20,-3
110000350,63,8,55
110000351,898,869,29
110000352,716,1478,-762
110000353,2502,930,1572
110000354,1301,3056,-1755
110000355,135,110,25
110000356,752,7,745
110000357,392,36,356
110000361,30,45,-15
110000362,86,102,-16
110000363,485,175,310
110000364,230,399,-169
110000365,276,13,263
110000366,2,140,-138
110000367,483,229,254
110000368,5,72,-67
110000369,167,16,151
110000373,5,308,-303
110000374,540,27,513
110000375,218,1378,-1160
110000376,48,93,-45
110000377,93,473,-380
110000378,29,387,-358
110000379,2997,1981,1016
110000380,94,22,72
110000383,2,1280,-1278
110000384,2840,1437,1403
110000385,4,241,-237
110000387,80,15,65
110000388,29,263,-234
110000389,800,15,785
110000391,957,322,635
110000396,172,123,49
110000397,134,216,-82
110000398,3,85,-82
110000399,182,1,181
110000587,235,106,129
110000589,227,162,65
110000640,248,96,152
110000652,31,251,-220
110000653,334,467,-133
110000654,108,198,-90
110000656,1,651,-650
110000674,42,28,14
110000675,31,20,11
110000676,4,34,-30
110000679,369,1340,-971
110000682,95,244,-149
110000683,400,675,-275
110000684,9,39,-30
110000685,11,25,-14
110000686,2,49,-47
110000687,73,8,65
110000688,103,1058,-955
110000689,37,48,-11
110000692,66,176,-110
110000693,103,396,-293
110000694,0,146,-146
110000695,320,722,-402
110000696,111,135,-24
110900001,443,23,420
110900002,502,233,269
110900003,833,644,189
110900004,594,264,330
110900005,3056,3143,-87
110900006,43,27,16
110900007,153,49,104
110900008,9,38,-29
110900009,529,161,368
110900010,14,96,-82
110900011,21,102,-81
110900012,34,132,-98
110900013,1348,265,1083
110900014,776,25,751
110900015,701,666,35
110900016,74,148,-74
110900017,513,53,460
110900018,567,64,503
110900019,276,31,245
110900020,134,251,-117
110900021,147,788,-641
110900022,126,380,-254
110900023,134,480,-346
110900024,35,506,-471
110900025,7,47,-40
110900027,55,298,-243
110900028,65,135,-70
110900029,44,422,-378
110900030,39,238,-199
110900031,8,190,-182
110900032,0,89,-89
110900033,52,306,-254
110900035,54,648,-594
110900036,100,48,52
110900037,63,53,10
110900038,991,237,754
110900039,21,298,-277
110900040,231,71,160
110900041,26,119,-93
110900042,156,64,92
110900043,6,112,-106
110900044,271,24,247
110900045,72,639,-567
110900046,43,254,-211
110900047,527,368,159
110900049,190,122,68
110900050,52,5,47
110900051,73,302,-229
110900052,11,177,-166
110900053,126,41,85
110900054,170,279,-109
110900055,40,7,33
110900056,74,139,-65
110900057,14,185,-171
110900058,327,290,37
110900059,784,655,129
110900060,606,157,449
110900061,33,69,-36
110900062,177,320,-143
110900063,51,266,-215
110900064,31,0,31
110900065,444,170,274
110900066,21,103,-82
110900067,440,652,-212
110900068,181,299,-118
110900069,17,30,-13
110900070,148,137,11
110900071,321,697,-376
110900073,1,32,-31
110900074,449,130,319
110900075,460,127,333
110900077,1003,870,133
110900078,46,63,-17
110900079,2751,1681,1070
110900080,211,123,88
110900081,8,71,-63
110900082,146,156,-10
110900083,142,64,78
110900084,55,95,-40
110900085,97,292,-195
110900086,108,471,-363
110900087,619,141,478
110900088,37,4,33
110900090,54,50,4
110900091,2,63,-61
110900093,383,146,237
110900095,76,73,3
110900097,9,19,-10
110900098,53,58,-5
110900099,90,435,-345
110900100,0,36,-36
110900102,126,35,91
110900105,945,269,676
110900108,26,111,-85
110900111,487,333,154
110900112,1009,12,997
110900113,593,92,501
110900115,18,90,-72
110900116,731,1999,-1268
110900118,281,3640,-3359
110900119,4515,502,4013
110900120,28,69,-41
110900121,229,1,228
110900122,529,234,295
110900125,520,599,-79
110900127,993,1513,-520
110900128,345,340,5
110900129,548,1147,-599
110900130,1368,775,593
110900131,1130,161,969
110900132,474,118,356
110900133,924,309,615
110900135,128,452,-324
110900136,455,16,439
110900137,99,3,96
110900138,1185,498,687
110900139,41,109,-68
110900140,87,8,79
110900141,7,155,-148
110900142,103,189,-86
110900143,210,105,105
110900144,7,737,-730
110900145,346,56,290
110900146,480,201,279
110900147,105,314,-209
110900148,5,310,-305
110900149,5,99,-94
110900150,96,30,66
110900151,24,110,-86
110900152,33,267,-234
110900153,246,79,167
111000001,503,332,171
111000002,627,668,-41
111000003,1060,725,335
111000004,508,979,-471
111000005,1244,1209,35
111000006,951,1656,-705
111000007,4961,3201,1760
111000008,2256,3593,-1337
111000009,410,1172,-762
111000010,837,288,549
111000011,502,1166,-664
111000012,844,445,399
111000013,448,1144,-696
111000014,2032,579,1453
111000017,128,1143,-1015
111000018,296,427,-131
111000020,1190,2532,-1342
111000021,115,123,-8
111000023,106,89,17
111000025,5344,4980,364
111000029,118,170,-52
111000030,60,155,-95
111000031,2297,1839,458
111000032,602,538,64
111000033,300,540,-240
111000034,275,213,62
111000037,1856,1061,795
111000038,4712,3200,1512
111000039,2437,2660,-223
111000040,2390,2960,-570
111000041,2348,2181,167
111000042,3652,2753,899
111000043,2105,3624,-1519
111000044,2085,1455,630
111000045,2620,2671,-51
111000046,1995,1973,22
111000047,3003,4374,-1371
111000049,585,526,59
111000050,1468,1402,66
111000051,608,1075,-467
111000052,725,1694,-969
111000053,438,1033,-595
111000054,464,901,-437
111000055,1107,1810,-703
111000056,162,534,-372
111000057,90,615,-525
111000058,418,64,354
111000059,673,282,391
111000060,4020,958,3062
111000061,660,469,191
111000062,837,397,440
111000063,2648,1215,1433
111000064,629,761,-132
111000065,1113,1091,22
111000066,563,554,9
111000067,758,702,56
111000068,739,1196,-457
111000069,2201,2654,-453
111000070,1507,1341,166
111000071,156,667,-511
111000072,1006,386,620
111000073,306,804,-498
111000074,1738,1953,-215
111000075,1150,856,294
111000076,515,689,-174
111000077,2010,1939,71
111000078,3453,1775,1678
111000079,1572,998,574
111000080,609,795,-186
111000081,1790,5308,-3518
111000082,747,750,-3
111000084,900,671,229
111000085,1124,1420,-296
111000086,2976,1419,1557
111000087,802,823,-21
111000088,6128,2965,3163
111000089,796,1095,-299
111000090,944,1737,-793
111000091,908,556,352
111000092,1455,1047,408
111000093,935,1205,-270
111000094,2288,1227,1061
111000095,856,2405,-1549
111000096,2378,8114,-5736
111000097,4673,1598,3075
111000098,836,1382,-546
111000099,663,2103,-1440
111000100,492,1633,-1141
111000101,497,878,-381
111000102,323,564,-241
111000104,809,238,571
111000107,264,715,-451
111000109,1120,368,752
111000110,1481,756,725
111000111,3120,659,2461
111000112,2376,705,1671
111000113,953,1620,-667
111000114,1836,3909,-2073
111000115,6748,1666,5082
111000116,1119,1122,-3
111000117,541,988,-447
111000118,2100,1102,998
111000119,1229,1386,-157
111000120,477,754,-277
111000121,288,738,-450
111000122,685,1486,-801
111000123,1160,3171,-2011
111000124,449,3008,-2559
111000125,280,1579,-1299
111000126,128,897,-769
111000127,987,211,776
111000128,2454,397,2057
111000129,2969,565,2404
111000130,2305,822,1483
111000131,1719,661,1058
111000132,1614,857,757
111000133,223,194,29
111000134,176,172,4
111000135,80,169,-89
111000136,361,365,-4
111000138,17,15,2
111000140,5,9,-4
111000141,261,411,-150
111000142,14,132,-118
111000143,0,132,-132
111000144,30,344,-314
111000145,1798,28,1770
111000146,80,12,68
111000147,348,33,315
111000148,188,107,81
111000149,9,35,-26
111000150,19,8,11
111000151,6,22,-16
111000153,774,1036,-262
111000154,790,284,506
111000155,107,226,-119
111000156,463,728,-265
111000157,217,1274,-1057
111000158,936,889,47
111000159,2649,814,1835
111000160,410,356,54
111000161,32,289,-257
111000162,189,184,5
111000163,735,868,-133
111000164,806,3581,-2775
111000165,1250,681,569
111000166,2597,484,2113
111000167,250,513,-263
111000168,270,585,-315
111000169,361,790,-429
111000170,595,507,88
111000171,611,892,-281
111000172,222,408,-186
111000173,487,897,-410
111000174,211,400,-189
111000175,70,394,-324
111000176,509,179,330
111000177,361,254,107
111000178,1308,420,888
111000179,223,213,10
111000180,301,518,-217
111000181,1278,306,972
111000182,243,260,-17
111000183,770,366,404
111000184,435,261,174
111000185,495,490,5
111000186,708,317,391
111000187,191,244,-53
111000188,260,504,-244
111000189,1341,760,581
111000190,219,410,-191
111000191,200,442,-242
111000192,206,527,-321
111000193,321,308,13
111000194,70,368,-298
111000195,185,404,-219
111000196,68,192,-124
111000197,513,187,326
111000198,1001,142,859
111000199,258,144,114
111000200,497,350,147
111000201,698,341,357
111000202,286,272,14
111000203,414,433,-19
111000204,402,1420,-1018
111000213,230,489,-259
111000214,1914,1588,326
111000215,1085,1366,-281
111000217,1476,1255,221
111000218,1241,1524,-283
111000219,450,236,214
111000220,1911,950,961
111000221,838,149,689
111000224,1,350,-349
111000225,381,185,196
111000226,138,3,135
111000227,34,7,27
111000228,33,325,-292
111000229,99,826,-727
111000230,263,432,-169
111000231,1180,994,186
111000232,731,1067,-336
111000233,898,836,62
111000234,137,435,-298
111000239,163,189,-26
111000240,35,246,-211
111000241,61,325,-264
111000242,304,81,223
111000243,355,745,-390
111000244,729,97,632
111000245,1877,492,1385
111000246,550,476,74
111000247,303,988,-685
111000248,751,736,15
111000249,507,765,-258
111000250,50,147,-97
111000251,68,168,-100
111000253,8,20,-12
111000255,32,6,26
111000257,38,27,11
111000260,122,1136,-1014
111000261,1337,184,1153
111000271,70,283,-213
111000273,4149,1701,2448
111000274,1329,2504,-1175
111000275,253,86,167
111000276,291,2274,-1983
111000277,227,525,-298
111000278,737,314,423
111000291,651,6190,-5539
111000298,704,312,392
111000299,702,156,546
111000300,187,628,-441
111000302,313,99,214
111000303,102,228,-126
111000312,91,74,17
111000315,0,118,-118
111000320,461,861,-400
111000321,435,158,277
111000322,449,629,-180
111000323,277,43,234
111000324,516,392,124
111000325,76,74,2
111000326,266,380,-114
111000327,994,453,541
111000328,233,608,-375
111000329,3,26,-23
111000330,54,11,43
111000331,57,7,50
111000332,649,1547,-898
111000334,432,1549,-1117
111000335,1525,358,1167
111000337,1237,474,763
111000338,141,183,-42
111000339,739,522,217
111000340,335,697,-362
111000341,1345,852,493
111000342,419,983,-564
111000344,1195,961,234
111000345,278,91,187
111000346,35,121,-86
111000347,176,16,160
111000350,250,153,97
111000351,134,311,-177
111000352,208,131,77
111000353,152,273,-121
111000354,597,160,437
111000355,469,575,-106
111000358,308,1271,-963
111000360,232,731,-499
111000361,118,351,-233
111000546,1687,670,1017
111000547,578,613,-35
111000548,196,428,-232
111000549,376,453,-77
111000550,111,1253,-1142
111000551,888,241,647
111000552,3527,200,3327
111000907,469,63,406
111000908,43,0,43
111000916,1863,345,1518
111000917,51,429,-378
111000918,230,936,-706
111000920,523,20,503
111000921,6,224,-218
111000922,707,360,347
111000924,60,804,-744
111000925,2483,2115,368
111000926,1105,1722,-617
111000927,3173,4699,-1526
111000928,4303,3839,464
111000929,1730,1582,148
111000930,940,2376,-1436
111000931,2228,3202,-974
111000932,4472,2745,1727
111000933,3910,2820,1090
111000934,2136,4088,-1952
111000935,1482,1298,184
111000936,1265,2367,-1102
111000937,878,1652,-774
111000938,1585,1754,-169
111000939,523,47,476
111000940,487,240,247
111000941,435,564,-129
111000943,449,317,132
111000944,155,398,-243
111000945,130,1507,-1377
111001109,559,413,146
111001110,160,518,-358
111001111,88,14,74
111001112,207,26,181
111001113,2,155,-153
111001114,1214,152,1062
111001115,41,571,-530
111001116,5940,4469,1471
111001117,804,3083,-2279
111001120,140,322,-182
111001121,204,282,-78
111001122,228,563,-335
111001123,198,78,120
111001124,47,135,-88
111900001,32,175,-143
111900002,43,820,-777
111900003,4,449,-445
111900004,107,184,-77
111900006,31,98,-67
111900007,132,16,116
111900008,304,4,300
111900009,280,229,51
111900010,389,573,-184
111900012,101,138,-37
111900013,11,108,-97
111900014,5674,4172,1502
111900015,0,79,-79
111900016,0,128,-128
111900017,2,110,-108
111900018,250,5,245
111900019,9,211,-202
111900020,6,71,-65
111900021,42,132,-90
111900022,16,90,-74
111900023,166,145,21
111900024,0,71,-71
111900025,0,34,-34
111900026,1,95,-94
111900027,25,201,-176
111900028,5,362,-357
111900029,4,129,-125
111900030,40,422,-382
111900031,61,66,-5
111900032,4,276,-272
111900033,9,124,-115
111900034,294,586,-292
111900035,204,310,-106
111900036,3,284,-281
111900038,324,587,-263
111900039,91,528,-437
111900040,0,557,-557
111900042,84,176,-92
111900043,3,343,-340
111900044,416,217,199
111900046,48,177,-129
111900048,294,681,-387
111900049,48,238,-190
111900050,153,51,102
111900051,3,203,-200
111900052,513,585,-72
111900053,1470,1789,-319
111900054,212,10,202
111900055,25,427,-402
111900056,263,367,-104
111900057,191,49,142
111900058,413,627,-214
111900059,1914,664,1250
111900060,489,4,485
111900061,16,225,-209
111900062,34,87,-53
111900063,485,318,167
111900064,129,293,-164
111900065,132,53,79
111900066,148,199,-51
111900067,3,368,-365
111900068,50,66,-16
111900069,125,41,84
111900070,187,164,23
111900071,2,341,-339
111900072,60,26,34
111900073,912,190,722
111900074,20,294,-274
111900075,111,17,94
111900076,188,71,117
111900077,46,2,44
111900078,384,31,353
111900079,81,54,27
111900080,267,282,-15
111900081,866,326,540
111900082,123,43,80
111900083,163,27,136
111900084,158,19,139
111900085,59,142,-83
111900086,43,6,37
111900087,57,0,57
111900088,543,9,534
111900089,172,9,163
111900090,129,127,2
111900091,273,3,270
111900092,106,1,105
111900093,431,13,418
111900094,138,1,137
111900095,314,65,249
111900096,203,5,198
111900097,83,0,83
111900098,223,2,221
111900099,108,0,108
111900100,240,6,234
111900101,133,51,82
111900102,1092,661,431
111900103,97,81,16
111900104,326,88,238
111900105,397,228,169
111900106,1356,98,1258
111900107,175,185,-10
111900108,203,220,-17
111900109,681,547,134
111900110,2169,503,1666
111900111,308,205,103
111900112,858,3143,-2285
111900113,298,146,152
111900114,193,192,1
111900115,20,60,-40
111900118,350,100,250
111900119,367,211,156
111900122,183,101,82
111900123,28,46,-18
111900124,36,124,-88
111900125,542,33,509
111900126,386,12,374
111900127,4,608,-604
111900128,4,504,-500
111900129,327,11,316
111900130,322,29,293
111900131,519,5,514
111900132,27,994,-967
111900133,11,407,-396
111900134,14,218,-204
111900135,17,57,-40
111900136,110,180,-70
111900137,93,115,-22
111900138,38,124,-86
111900139,41,167,-126
111900140,169,50,119
111900141,130,12,118
111900142,116,60,56
111900143,78,275,-197
111900144,15,189,-174
111900145,5,548,-543
111900146,2,287,-285
111900147,182,467,-285
111900148,68,674,-606
111900149,12,270,-258
111900150,12,164,-152
111900151,2,28,-26
111900152,99,91,8
111900153,1522,565,957
111900154,22,319,-297
111900155,96,102,-6
111900156,74,85,-11
111900157,143,21,122
111900158,569,109,460
111900159,304,28,276
111900160,279,1,278
111900161,215,7,208
111900162,66,148,-82
111900163,59,208,-149
111900164,84,88,-4
111901113,487,192,295
111901114,590,322,268
111901115,87,5,82
111901116,114,7,107
111901117,36,52,-16
111901118,60,304,-244
111901119,860,91,769
111901120,147,233,-86
111901121,230,264,-34
111901122,8,540,-532
111901123,196,356,-160
111901124,228,3,225
111901125,341,191,150
111901126,164,79,85
111901127,754,618,136
111901128,28,113,-85
111901129,12,158,-146
111901130,12,245,-233
111901131,5,269,-264
111901132,147,14,133
111901133,42,4,38
111901134,94,8,86
111901135,14,8,6
111901136,35,43,-8
111901137,4,46,-42
111901138,285,49,236
111901139,37,42,-5
111901140,16,102,-86
111901141,5,181,-176
111901142,8,119,-111
111901143,9,127,-118
111901144,72,52,20
111901145,144,358,-214
111901146,535,61,474
112000001,2075,1006,1069
112000002,756,2538,-1782
112000003,1344,1069,275
112000004,727,1120,-393
112000005,3268,3538,-270
112000006,2183,2031,152
112000007,3063,2294,769
112000008,2644,4034,-1390
112000009,3683,3376,307
112000010,3023,3431,-408
112000011,1783,1841,-58
112000012,5211,4467,744
112000013,5204,3643,1561
112000014,3488,2296,1192
112000015,4456,3865,591
112000016,6084,1481,4603
112000017,3341,2859,482
112000024,2809,1359,1450
112000026,4282,5104,-822
112000027,1144,649,495
112000028,1645,1878,-233
112000029,690,814,-124
112000030,217,134,83
112000031,2014,5458,-3444
112000032,535,105,430
112000033,2490,2110,380
112000034,358,110,248
112000035,207,465,-258
112000036,1079,1131,-52
112000037,1614,890,724
112000038,1722,865,857
112000039,60,75,-15
112000040,128,359,-231
112000041,559,572,-13
112000042,1436,553,883
112000050,1282,1694,-412
112000051,1118,1487,-369
112000054,1982,2177,-195
112000057,633,500,133
112000058,435,773,-338
112000059,687,1011,-324
112000061,3403,2264,1139
112000062,2025,907,1118
112000063,1489,1687,-198
112000064,4656,6119,-1463
112000065,2134,2849,-715
112000066,4450,1469,2981
112000067,895,868,27
112000068,3550,2439,1111
112000069,895,2123,-1228
112000070,2561,921,1640
112000071,1318,3030,-1712
112000072,2895,992,1903
112000073,2093,2746,-653
112000074,2031,1390,641
112000075,1605,1498,107
112000076,4285,3122,1163
112000077,1255,614,641
112000078,1999,769,1230
112000079,1761,1556,205
112000080,814,984,-170
112000081,1629,2758,-1129
112000082,1597,1007,590
112000083,611,1444,-833
112000084,1391,939,452
112000085,1281,1188,93
112000086,2146,1502,644
112000087,476,412,64
112000088,883,685,198
112000089,436,340,96
112000090,332,313,19
112000091,673,1168,-495
112000092,2090,1415,675
112000093,1851,1179,672
112000094,668,972,-304
112000095,732,1035,-303
112000096,596,713,-117
112000097,1221,882,339
112000098,1457,1399,58
112000099,862,1664,-802
112000100,2200,1059,1141
112000101,792,1209,-417
112000102,1242,618,624
112000103,392,1417,-1025
112000105,557,1814,-1257
112000106,1620,525,1095
112000107,22,420,-398
112000108,211,1628,-1417
112000109,133,98,35
112000110,2163,787,1376
112000111,1495,3999,-2504
112000112,5389,862,4527
112000113,1062,2065,-1003
112000114,3689,1235,2454
112000115,415,578,-163
112000116,1204,1641,-437
112000117,1116,949,167
112000118,1324,1064,260
112000119,498,840,-342
112000120,100,425,-325
112000121,157,524,-367
112000122,311,213,98
112000123,800,228,572
112000124,427,136,291
112000125,284,358,-74
112000126,271,471,-200
112000127,3040,2630,410
112000128,1134,859,275
112000129,142,138,4
112000130,214,91,123
112000131,58,355,-297
112000132,143,291,-148
112000133,465,231,234
112000134,525,456,69
112000135,2282,775,1507
112000136,1833,1509,324
112000137,3379,1882,1497
112000138,3871,1452,2419
112000139,1143,621,522
112000140,1330,1368,-38
112000141,904,421,483
112000142,225,716,-491
112000143,1290,251,1039
112000144,385,1343,-958
112000145,2563,747,1816
112000146,723,2173,-1450
112000147,2801,2301,500
112000148,2146,2449,-303
112000149,626,786,-160
112000150,361,997,-636
112000151,421,463,-42
112000152,490,622,-132
112000153,213,393,-180
112000154,126,291,-165
112000155,166,159,7
112000157,967,662,305
112000158,408,575,-167
112000159,582,499,83
112000167,576,100,476
112000169,331,530,-199
112000173,933,346,587
112000175,622,472,150
112000176,3381,2384,997
112000177,828,253,575
112000178,148,441,-293
112000179,323,142,181
112000180,316,507,-191
112000181,1739,2342,-603
112000182,1486,2158,-672
112000183,60,66,-6
112000184,473,493,-20
112000185,628,773,-145
112000187,4222,2899,1323
112000195,196,19,177
112000196,237,0,237
112000197,234,212,22
112000198,55,342,-287
112000199,1661,1154,507
112000202,460,2,458
112000216,100,345,-245
112000230,126,12,114
112000231,5,257,-252
112000256,61,288,-227
112000313,104,178,-74
112000314,68,42,26
112000337,427,684,-257
112000352,511,448,63
112000392,1551,1421,130
112000398,1306,1086,220
112000399,1897,2410,-513
112000400,1840,3674,-1834
112000401,3215,3132,83
112000402,3682,3425,257
112000403,2191,3095,-904
112000404,853,926,-73
112000405,2114,3168,-1054
112000406,3683,2811,872
112000407,7214,9066,-1852
112000408,8678,7596,1082
112000409,1956,5264,-3308
112000410,590,383,207
112000411,4500,2167,2333
112000412,1890,888,1002
112000413,9281,6503,2778
112000414,125,91,34
112000415,136,80,56
112000416,2634,1904,730
112000417,206,72,134
112000421,60,147,-87
112000422,487,464,23
112000424,2480,2865,-385
112000425,490,847,-357
112000426,214,439,-225
112000427,0,21,-21
112000428,276,363,-87
112000429,2577,2895,-318
112000430,2840,3198,-358
112000431,76,163,-87
112000432,784,1445,-661
112000433,637,1120,-483
112000437,71,195,-124
112900001,85,3,82
112900002,502,1038,-536
112900003,77,380,-303
112900004,52,333,-281
112900005,271,285,-14
112900006,8,383,-375
112900007,61,231,-170
112900008,2,32,-30
112900009,537,133,404
112900010,484,1061,-577
112900011,210,303,-93
112900012,1,49,-48
112900013,7,276,-269
112900014,8,472,-464
112900015,530,865,-335
112900016,34,304,-270
112900017,50,247,-197
112900018,1,317,-316
112900019,55,261,-206
112900020,450,1243,-793
112900021,4,299,-295
112900022,14,91,-77
112900023,2,178,-176
112900024,30,322,-292
112900025,109,247,-138
112900026,4,257,-253
112900027,10,1128,-1118
112900028,31,185,-154
112900029,40,608,-568
112900030,133,194,-61
112900031,13,560,-547
112900032,277,345,-68
112900034,8,57,-49
112900035,1,398,-397
112900036,157,170,-13
112900037,190,242,-52
112900038,699,226,473
112900039,37,305,-268
112900040,6,396,-390
112900041,1004,1492,-488
112900042,59,379,-320
112900043,57,53,4
112900044,732,599,133
112900045,336,431,-95
112900046,317,65,252
112900047,18,37,-19
112900049,271,111,160
112900050,60,653,-593
112900051,440,745,-305
112900052,21,1062,-1041
112900053,824,144,680
112900054,253,78,175
112900055,171,84,87
112900056,500,285,215
112900057,22,671,-649
112900058,388,458,-70
112900059,237,154,83
112900060,31,221,-190
112900061,118,157,-39
112900062,100,192,-92
112900063,200,22,178
112900064,282,252,30
112900065,65,46,19
112900066,347,224,123
112900067,510,203,307
112900068,57,39,18
112900069,1919,975,944
112900071,66,16,50
112900072,210,2169,-1959
112900073,624,129,495
112900074,118,271,-153
112900075,1714,992,722
112900076,134,41,93
112900078,386,563,-177
112900079,379,52,327
112900080,104,10,94
112900081,70,213,-143
112900082,637,35,602
112900083,127,123,4
112900084,307,142,165
112900085,0,22,-22
112900086,164,4,160
112900087,944,196,748
112900088,171,38,133
112900089,1171,54,1117
112900090,59,41,18
112900091,252,5,247
112900092,214,377,-163
112900093,2039,35,2004
112900094,229,4,225
112900095,109,0,109
112900096,651,197,454
112900097,129,420,-291
112900098,371,10,361
112900099,913,20,893
112900100,104,4,100
112900101,622,7,615
112900102,296,17,279
112900103,264,9,255
112900104,39,0,39
112900105,26,0,26
112900106,610,152,458
112900107,7,0,7
112900108,53,3,50
112900109,131,2,129
112900110,1410,31,1379
112900111,731,5,726
112900112,435,6,429
112900113,0,11,-11
112900114,136,51,85
112900115,1522,3,1519
112900116,173,41,132
112900117,147,120,27
112900118,41,92,-51
112900119,194,3,191
112900120,1064,407,657
112900121,155,273,-118
112900122,47,123,-76
112900123,159,27,132
112900124,25,153,-128
112900125,115,661,-546
112900126,267,359,-92
112900127,487,167,320
112900128,412,946,-534
112900129,7,1023,-1016
112900130,351,124,227
112900131,47,291,-244
112900132,353,557,-204
112900133,32,1360,-1328
112900134,1,328,-327
112900135,158,46,112
112900136,0,31,-31
112900137,2,626,-624
112900138,4,306,-302
112900139,251,1364,-1113
112900140,1,83,-82
112900141,824,56,768
112900142,124,202,-78
112900143,36,633,-597
112900144,3,278,-275
112900145,26,554,-528
112900146,11,1381,-1370
112900147,5,1814,-1809
112900148,95,8,87
112900149,355,1007,-652
112900151,42,99,-57
112900152,4560,1206,3354
112900153,2325,2988,-663
112900154,0,186,-186
112900155,166,54,112
112900156,418,1483,-1065
112900157,279,3,276
112900158,97,35,62
112900159,260,175,85
112900160,116,442,-326
112900161,147,57,90
112900162,47,31,16
112900163,175,84,91
112900164,42,313,-271
112900165,380,52,328
112900166,47,78,-31
112900167,10,59,-49
112900168,6,1,5
112900169,13,14,-1
112900170,188,168,20
112900172,64,20,44
112900173,281,127,154
112900174,317,71,246
112900175,254,207,47
112900176,15,78,-63
112900177,245,74,171
112900178,1140,3164,-2024
112900179,55,550,-495
112900180,2480,1848,632
112900181,750,3,747
112900182,45,1281,-1236
112900183,227,463,-236
112900184,486,551,-65
112900185,416,772,-356
112900186,1915,1387,528
112900187,133,716,-583
112900188,851,606,245
112900189,10,61,-51
112900190,12,46,-34
112900192,775,791,-16
112900193,1707,487,1220
112900194,80,117,-37
112900195,1247,69,1178
112900196,246,458,-212
112900197,280,476,-196
112900199,697,615,82
112900200,584,318,266
112900201,150,102,48
112900202,444,873,-429
112900203,293,374,-81
112900204,1154,834,320
112900205,6,10,-4
112900206,21,66,-45
112900207,20,0,20
112900208,101,390,-289
112900209,622,492,130
112900210,1,18,-17
112900211,126,155,-29
112900212,3,152,-149
112900213,58,7,51
112900214,35,22,13
112900215,10,234,-224
112900216,54,94,-40
112900217,0,54,-54
112900218,70,21,49
112900219,199,2,197
112900220,5,0,5
112900221,85,94,-9
112900222,0,26,-26
112900223,1172,47,1125
112900224,376,657,-281
112900225,542,432,110
112900226,445,570,-125
112900227,821,1213,-392
112900228,82,51,31
112900229,257,81,176
112900230,8417,5333,3084
112900232,404,373,31
112900233,64,193,-129
112900234,40,126,-86
112900235,197,49,148
112900236,344,24,320
112900237,269,215,54
112900238,6,46,-40
112900239,804,348,456
113000001,6681,5250,1431
113000002,4218,4049,169
113000003,2045,1708,337
113000004,2137,2667,-530
113000005,1961,1184,777
113000006,1261,1601,-340
113000007,2416,1416,1000
113000008,2161,1987,174
113000009,1144,831,313
113000010,1478,1665,-187
113000011,739,1941,-1202
113000012,2301,902,1399
113000013,1540,757,783
113000014,1768,1731,37
113000015,664,412,252
113000016,422,1054,-632
113000017,110,449,-339
113000018,496,88,408
113000019,336,374,-38
113000020,659,126,533
113000021,1686,612,1074
113000022,798,1224,-426
113000025,111,514,-403
113000026,480,558,-78
113000027,1024,664,360
113000028,1285,717,568
113000029,1214,809,405
113000030,606,917,-311
113000031,362,459,-97
113000032,399,401,-2
113000033,400,507,-107
113000034,560,511,49
113000035,53,84,-31
113000036,31,74,-43
113000037,108,52,56
113000038,35,70,-35
113000039,95,357,-262
113000040,70,67,3
113000042,910,723,187
113000051,998,2577,-1579
113000052,2198,1027,1171
113000053,462,518,-56
113000054,358,825,-467
113000055,1270,727,543
113000056,949,1035,-86
113000058,791,1007,-216
113000059,1372,854,518
113000060,217,620,-403
113000061,749,1116,-367
113000062,1055,314,741
113000063,255,144,111
113000064,47,435,-388
113000065,169,884,-715
113000066,724,119,605
113000067,2254,1617,637
113000068,473,1526,-1053
113000069,761,1302,-541
113000070,2824,1355,1469
113000071,726,811,-85
113000072,850,640,210
113000073,581,1819,-1238
113000074,1242,569,673
113000075,2290,858,1432
113000076,775,2276,-1501
113000077,1450,683,767
113000078,906,2661,-1755
113000079,903,961,-58
113000080,848,768,80
113000081,1127,1006,121
113000082,1870,984,886
113000083,687,990,-303
113000084,1691,1379,312
113000085,989,817,172
113000086,1445,1320,125
113000087,1613,1006,607
113000088,2721,1660,1061
113000089,1103,1878,-775
113000090,430,740,-310
113000091,717,507,210
113000094,1518,237,1281
113000095,243,948,-705
113000096,159,854,-695
113000097,1352,522,830
113000098,162,49,113
113000099,1295,485,810
113000100,168,474,-306
113000101,508,878,-370
113000102,767,516,251
113000103,2007,627,1380
113000104,524,1964,-1440
113000105,944,578,366
113000106,463,627,-164
113000107,892,887,5
113000108,763,1419,-656
113000109,603,1849,-1246
113000110,1612,478,1134
113000111,152,707,-555
113000112,296,354,-58
113000113,1647,428,1219
113000114,459,1701,-1242
113000116,905,410,495
113000117,989,158,831
113000118,113,638,-525
113000119,408,420,-12
113000120,69,267,-198
113000121,888,1101,-213
113000124,297,128,169
113000125,107,868,-761
113000127,3106,450,2656
113000128,564,766,-202
113000129,832,924,-92
113000133,2700,2521,179
113000134,5,1353,-1348
113000135,5146,4949,197
113000137,2375,3828,-1453
113000139,487,294,193
113000140,191,312,-121
113000141,450,346,104
113000142,870,1526,-656
113000143,420,318,102
113000144,391,838,-447
113000145,100,209,-109
113000146,227,126,101
113000147,216,138,78
113000148,195,187,8
113000149,128,147,-19
113000150,687,387,300
113000151,134,72,62
113000152,48,129,-81
113000153,1819,800,1019
113000154,1278,2079,-801
113000155,421,794,-373
113000156,182,543,-361
113000157,365,1081,-716
113000158,920,387,533
113000159,1128,822,306
113000160,710,1268,-558
113000161,283,544,-261
113000162,1040,506,534
113000163,202,68,134
113000164,27,122,-95
113000166,192,146,46
113000167,100,163,-63
113000168,103,171,-68
113000169,181,121,60
113000170,146,121,25
113000171,67,139,-72
113000172,381,114,267
113000173,73,34,39
113000174,139,534,-395
113000175,531,167,364
113000176,697,241,456
113000177,230,544,-314
113000178,241,448,-207
113000179,387,304,83
113000180,792,1176,-384
113000181,1104,1091,13
113000182,186,491,-305
113000183,170,677,-507
113000184,28,196,-168
113000189,631,984,-353
113000190,1344,896,448
113000192,1865,2599,-734
113000193,4988,1425,3563
113000194,2124,1352,772
113000195,2912,1172,1740
113000196,184,86,98
113000197,2282,1254,1028
113000198,105,365,-260
113000199,1739,514,1225
113000201,266,270,-4
113000202,4076,1638,2438
113000203,440,151,289
113000204,1821,2299,-478
113000205,30,47,-17
113000206,20,85,-65
113000207,129,28,101
113000208,58,94,-36
113000209,21,41,-20
113000210,35,42,-7
113000211,198,274,-76
113000212,121,26,95
113000213,64,156,-92
113000214,165,304,-139
113000234,253,1071,-818
113000410,232,291,-59
113000411,3302,5076,-1774
113000412,7008,2874,4134
113000413,3345,3662,-317
113000414,7941,17225,-9284
113000415,2935,3867,-932
113000416,10446,5476,4970
113000417,3931,3703,228
113000418,4877,3983,894
113000419,2405,2738,-333
113000420,5219,7384,-2165
113000421,5041,7255,-2214
113000422,15519,13715,1804
113000423,2855,6092,-3237
113000424,3695,9190,-5495
113000425,6,88,-82
113000428,207,135,72
113000430,31,552,-521
113000432,2420,190,2230
113000433,127,902,-775
113000434,29,205,-176
113000435,54,769,-715
113000436,41,1403,-1362
113000437,1250,29,1221
113000438,300,15,285
113000439,19,129,-110
113000440,132,43,89
113000441,292,214,78
113000442,182,257,-75
113000443,330,282,48
113000444,217,247,-30
113000445,153,134,19
113000446,34,126,-92
113000448,159,214,-55
113000449,294,1069,-775
113000450,734,2262,-1528
113000451,1208,251,957
113000452,556,474,82
113000453,71,380,-309
113000454,973,55,918
113000455,20,271,-251
113000456,4766,3373,1393
113000468,2117,373,1744
113000469,180,198,-18
113000470,416,24,392
113000471,22,419,-397
113000472,123,378,-255
113000474,584,681,-97
113000475,1761,1994,-233
113000476,1278,2107,-829
113000477,3243,2455,788
113000478,4536,6159,-1623
113000479,126,184,-58
113000480,133,212,-79
113000485,5,0,5
113000486,7,1,6
113000487,0,3,-3
113000488,0,6,-6
113000489,2,3,-1
113000490,0,31,-31
113000491,9,4,5
113000492,5,5,0
113000493,0,0,0
113000495,178,195,-17
113000496,164,131,33
113000497,0,0,0
113000499,0,0,0
113000500,0,0,0
113900001,5,199,-194
113900002,0,83,-83
113900003,1,80,-79
113900004,3,49,-46
113900005,0,67,-67
113900006,1,18,-17
113900007,76,15,61
113900008,43,0,43
113900009,148,4,144
113900010,144,2,142
113900011,37,1,36
113900012,36,2,34
113900013,355,1,354
113900014,651,7,644
113900015,0,84,-84
113900016,59,0,59
113900017,11,83,-72
113900018,555,301,254
113900019,227,69,158
113900020,213,1,212
113900022,32,1,31
113900023,35,0,35
113900024,128,62,66
113900025,359,42,317
113900026,73,1,72
113900027,22,97,-75
113900028,42,559,-517
113900029,88,224,-136
113900030,228,5,223
113900031,14,3,11
113900032,28,2,26
113900033,59,121,-62
113900035,54,1,53
113900036,28,180,-152
113900037,234,549,-315
113900038,34,132,-98
113900039,153,27,126
113900040,24,21,3
113900041,9,11,-2
113900042,100,58,42
113900043,218,176,42
113900044,310,329,-19
113900045,92,3,89
113900046,409,744,-335
113900047,77,159,-82
113900048,183,113,70
113900049,652,327,325
113900050,284,469,-185
113900051,354,461,-107
113900052,202,194,8
113900053,953,533,420
113900054,45,2,43
113900055,138,560,-422
113900056,94,284,-190
113900057,48,459,-411
113900058,106,227,-121
113900059,262,406,-144
113900060,215,277,-62
113900061,1305,406,899
113900062,106,11,95
113900063,191,173,18
113900064,55,189,-134
113900065,433,29,404
113900066,472,379,93
113900067,253,297,-44
113900068,570,555,15
113900069,74,37,37
113900070,246,782,-536
113900071,91,111,-20
113900072,84,218,-134
113900073,296,466,-170
113900074,120,336,-216
113900075,1495,1355,140
113900076,252,16,236
113900077,80,243,-163
113900078,78,74,4
113900079,3,63,-60
113900080,572,276,296
113900081,126,276,-150
113900082,128,355,-227
113900083,467,473,-6
113900084,302,138,164
113900085,66,369,-303
113900086,53,24,29
113900087,116,326,-210
113900088,77,105,-28
113900089,583,71,512
113900090,706,493,213
113900091,40,32,8
113900092,65,124,-59
113900093,119,910,-791
113900094,575,506,69
113900095,197,182,15
113900096,344,96,248
113900097,31,123,-92
113900098,735,115,620
113900099,3,60,-57
113900100,3,4,-1
113900101,33,90,-57
113900102,209,228,-19
113900103,355,393,-38
113900104,160,281,-121
113900105,114,256,-142
113900106,0,76,-76
113900107,3,60,-57
113900108,323,328,-5
113900109,504,223,281
113900110,57,21,36
113900111,198,143,55
113900112,171,105,66
113900113,1028,541,487
113900114,0,106,-106
113900115,2,85,-83
113900116,158,214,-56
113900117,148,48,100
113900118,271,496,-225
113900119,258,681,-423
113900120,61,53,8
113900121,92,134,-42
113900122,536,2161,-1625
113900123,536,223,313
113900124,6,70,-64
113900125,1039,159,880
113900126,245,103,142
113900127,430,834,-404
113900128,162,105,57
113900129,30,181,-151
113900130,11,52,-41
113900131,289,126,163
113900132,89,82,7
113900133,61,106,-45
113900135,393,482,-89
113900136,147,105,42
113900137,382,298,84
113900138,109,276,-167
113900139,435,164,271
113900140,446,439,7
113900141,592,362,230
113900142,203,116,87
113900143,25,55,-30
113900144,295,335,-40
113900145,488,231,257
113900146,173,84,89
113900148,197,323,-126
113900149,262,99,163
113900150,956,730,226
113900151,514,268,246
113900152,52,62,-10
113900153,493,624,-131
113900154,6,188,-182
113900155,292,250,42
113900156,249,533,-284
113900157,74,276,-202
113900158,504,576,-72
113900159,22,374,-352
113900160,776,654,122
113900161,78,290,-212
113900162,716,1132,-416
113900163,473,389,84
113900164,310,69,241
113900165,1128,603,525
113900166,422,294,128
113900167,338,66,272
113900168,125,158,-33
113900169,315,455,-140
113900171,253,90,163
113900172,27,254,-227
113900173,70,626,-556
113900174,659,750,-91
113900175,538,189,349
113900176,534,720,-186
113900177,431,304,127
113900178,597,149,448
113900179,21,532,-511
113900180,243,152,91
113900181,843,188,655
113900182,918,1281,-363
113900183,134,102,32
113900184,23,570,-547
113900185,234,114,120
113900186,43,83,-40
113900187,44,151,-107
113900188,59,230,-171
113900189,412,168,244
113900190,372,156,216
113900191,161,315,-154
113900192,8,687,-679
113900193,32,271,-239
113900194,1995,1231,764
113900195,276,492,-216
113900196,19,180,-161
113900197,0,202,-202
113900198,48,267,-219
113900199,255,860,-605
113900200,32,337,-305
113900201,1,227,-226
113900202,43,335,-292
113900203,1,108,-107
113900204,102,629,-527
113900205,16,191,-175
113900206,13,158,-145
113900207,5,70,-65
113900208,1,119,-118
113900209,4,108,-104
113900210,637,1109,-472
113900211,281,109,172
113900212,228,527,-299
113900214,576,582,-6
113900215,79,161,-82
113900216,119,1096,-977
113900217,75,332,-257
113900218,232,83,149
113900219,151,453,-302
113900220,204,146,58
113900221,505,358,147
113900222,424,770,-346
113900223,204,913,-709
113900224,102,91,11
113900225,628,298,330
113900226,463,152,311
113900227,580,292,288
113900228,398,610,-212
113900229,71,901,-830
113900230,5195,4045,1150
113900231,214,253,-39
113900232,110,123,-13
113900233,116,95,21
113900234,403,547,-144
113900235,159,23,136
113900236,192,366,-174
113900237,208,26,182
113900238,354,617,-263
113900239,64,121,-57
113900240,10,184,-174
113900241,154,54,100
113900242,40,213,-173
113900243,142,456,-314
113900244,438,286,152
113900245,1632,451,1181
113900246,26,50,-24
113900247,196,584,-388
113900248,3455,2338,1117
113900249,1016,466,550
113900250,98,182,-84
113900251,740,243,497
113900252,579,37,542
113900253,895,97,798
113900254,982,207,775
113900255,469,45,424
113900256,362,24,338
113900257,40,585,-545
113900258,25,537,-512
113900259,640,177,463
113900260,218,39,179
113900261,26,78,-52
113900262,174,605,-431
113900263,267,848,-581
113900264,18,510,-492
113900265,245,480,-235
113900266,37,208,-171
113900267,137,638,-501
113900268,447,542,-95
113900269,88,186,-98
113900270,304,828,-524
113900271,899,1410,-511
113900273,62,22,40
113900274,53,40,13
113900275,54,86,-32
113900276,2,214,-212
113900277,181,2,179
113900278,364,195,169
113900279,267,200,67
113900280,1664,705,959
113900281,816,1724,-908
113900282,1111,857,254
113900283,512,685,-173
113900284,989,335,654
113900285,166,60,106
113900286,152,161,-9
113900287,53,160,-107
113900288,2,149,-147
113900289,1286,131,1155
113900290,273,237,36
113900291,172,233,-61
113900292,16,5,11
113900293,14,289,-275
113900294,581,33,548
113900295,637,533,104
113900296,2126,571,1555
113900297,2828,62,2766
113900298,16,1753,-1737
113900299,79,163,-84
113900300,6202,4296,1906
113900301,962,637,325
113900302,3085,1286,1799
113900303,701,533,168
113900304,1,133,-132
113900305,104,0,104
113900306,78,2,76
113900307,61,0,61
113900308,125,146,-21
113900309,6,951,-945
113900310,0,11,-11
113900311,9,1,8
113900312,294,331,-37
113900313,17,20,-3
114000001,1276,3435,-2159
114000002,360,388,-28
114000003,43,318,-275
114000004,406,468,-62
114000005,313,224,89
114000006,3441,2333,1108
114000007,1044,1469,-425
114000008,1869,2200,-331
114000009,844,312,532
114000011,2847,2850,-3
114000012,2513,2105,408
114000013,1914,1758,156
114000014,635,370,265
114000015,2249,512,1737
114000016,268,388,-120
114000017,135,366,-231
114000018,276,52,224
114000026,1844,1395,449
114000027,3251,2112,1139
114000028,2514,2912,-398
114000038,352,197,155
114000039,90,78,12
114000040,122,247,-125
114000042,154,175,-21
114000043,81,113,-32
114000044,218,60,158
114000045,63,77,-14
114000046,4651,5364,-713
114000047,16,95,-79
114000048,113,69,44
114000049,1929,1870,59
114000050,1634,2291,-657
114000051,3477,2300,1177
114000052,5568,1936,3632
114000053,154,636,-482
114000054,312,937,-625
114000055,285,57,228
114000056,1490,928,562
114000057,6195,2748,3447
114000058,872,1913,-1041
114000059,488,370,118
114000060,828,1011,-183
114000061,3586,3529,57
114000062,3212,2052,1160
114000063,3386,2131,1255
114000064,8016,4535,3481
114000065,2187,2797,-610
114000066,397,644,-247
114000067,35,763,-728
114000068,632,812,-180
114000069,1342,773,569
114000070,2596,2096,500
114000071,938,706,232
114000072,626,366,260
114000073,27,93,-66
114000074,54,21,33
114000075,50,129,-79
114000076,36,120,-84
114000077,16,54,-38
114000078,661,814,-153
114000079,176,53,123
114000080,78,121,-43
114000081,61,100,-39
114000082,38,501,-463
114000083,107,410,-303
114000084,429,125,304
114000085,187,915,-728
114000086,292,567,-275
114000087,161,203,-42
114000088,57,44,13
114000089,1188,537,651
114000090,1017,1088,-71
114000091,1828,981,847
114000092,1208,639,569
114000093,1612,931,681
114000094,338,444,-106
114000095,308,177,131
114000096,162,526,-364
114000097,149,735,-586
114000098,615,129,486
114000099,713,668,45
114000100,1600,905,695
114000101,472,953,-481
114000102,609,382,227
114000103,190,425,-235
114000104,88,331,-243
114000105,211,121,90
114000106,983,1266,-283
114000107,403,189,214
114000108,1478,1226,252
114000109,561,986,-425
114000110,743,1731,-988
114000111,1938,958,980
114000112,667,2066,-1399
114000113,1167,768,399
114000114,1846,1589,257
114000115,2148,1344,804
114000116,1249,660,589
114000117,3196,558,2638
114000118,2537,581,1956
114000119,1846,564,1282
114000120,535,833,-298
114000121,458,820,-362
114000122,379,356,23
114000123,2054,538,1516
114000124,974,330,644
114000125,839,1341,-502
114000126,2640,294,2346
114000127,366,189,177
114000128,817,466,351
114000130,519,540,-21
114000131,325,133,192
114000132,771,662,109
114000133,1223,1616,-393
114000134,112,238,-126
114000138,44,287,-243
114000139,505,354,151
114000144,1034,626,408
114000145,112,243,-131
114000146,130,326,-196
114000147,1673,1942,-269
114000148,2294,2140,154
114000149,529,320,209
114000150,704,788,-84
114000151,953,1383,-430
114000152,166,48,118
114000153,929,2557,-1628
114000154,1003,977,26
114000155,1883,2538,-655
114000156,979,781,198
114000157,265,1083,-818
114000158,1966,988,978
114000159,259,563,-304
114000160,173,628,-455
114000161,1518,3501,-1983
114000162,1235,2889,-1654
114000163,32,158,-126
114000165,735,313,422
114000166,1015,553,462
114000167,3484,1794,1690
114000168,1064,980,84
114000169,1756,1550,206
114000170,1342,1084,258
114000171,1411,2040,-629
114000174,249,630,-381
114000176,671,642,29
114000177,2219,1145,1074
114000178,87,55,32
114000179,1233,751,482
114000180,574,918,-344
114000181,2243,4066,-1823
114000182,4830,2804,2026
114000183,1079,877,202
114000184,544,1481,-937
114000185,1583,968,615
114000189,1105,186,919
114000190,2954,435,2519
114000191,65,99,-34
114000192,334,1763,-1429
114000193,897,3238,-2341
114000194,1206,1039,167
114000195,201,42,159
114000196,6,281,-275
114000197,1255,39,1216
114000198,928,454,474
114000199,2295,1926,369
114000200,671,1852,-1181
114000201,158,948,-790
114000202,1364,626,738
114000203,490,578,-88
114000204,165,498,-333
114000205,212,1680,-1468
114000206,765,1462,-697
114000207,637,2017,-1380
114000208,555,3043,-2488
114000209,785,2407,-1622
114000210,387,1533,-1146
114000211,986,2040,-1054
114000212,814,968,-154
114000213,1259,583,676
114000214,133,289,-156
114000215,262,107,155
114000216,1510,435,1075
114000217,305,246,59
114000218,171,300,-129
114000219,1257,283,974
114000220,14,883,-869
114000221,793,191,602
114000222,227,1046,-819
114000223,543,146,397
114000224,116,670,-554
114000225,262,766,-504
114000226,188,287,-99
114000227,791,568,223
114000228,920,919,1
114000229,1221,1355,-134
114000230,1818,1435,383
114000231,1043,1273,-230
114000232,738,193,545
114000233,2043,170,1873
114000234,1037,1061,-24
114000235,1074,1458,-384
114000236,1,451,-450
114000237,162,1067,-905
114000238,243,172,71
114000239,262,1276,-1014
114000240,911,882,29
114000241,304,997,-693
114000242,1047,914,133
114000243,1760,958,802
114000244,1330,478,852
114000245,396,617,-221
114000246,116,43,73
114000247,1191,794,397
114000248,2197,562,1635
114000249,459,623,-164
114000250,612,950,-338
114000251,514,315,199
114000252,95,101,-6
114000253,72,205,-133
114000254,57,83,-26
114000255,682,237,445
114000256,2235,2911,-676
114000257,416,1413,-997
114000258,364,486,-122
114000259,210,270,-60
114000260,0,13,-13
114000261,35,29,6
114000262,318,170,148
114000263,13,3,10
114000264,1390,652,738
114000265,0,14,-14
114000267,4,1663,-1659
114000268,10,1668,-1658
114000270,192,4,188
114000271,415,73,342
114000283,1470,570,900
114000285,40,234,-194
114000288,108,324,-216
114000289,1212,201,1011
114000293,191,454,-263
114000294,203,376,-173
114000395,1570,107,1463
114000396,648,589,59
114000402,575,371,204
114000403,302,412,-110
114000405,208,449,-241
114000423,421,469,-48
114000424,569,271,298
114000425,866,492,374
114000426,327,917,-590
114000427,77,108,-31
114000428,238,241,-3
114000429,16,311,-295
114000432,107,129,-22
114000434,43,145,-102
114000435,16,207,-191
114000436,3599,1136,2463
114000437,628,2983,-2355
114900001,830,1168,-338
114900002,1030,166,864
114900003,765,1658,-893
114900004,330,405,-75
114900005,571,967,-396
114900006,142,113,29
114900007,381,38,343
114900008,194,152,42
114900010,2055,2070,-15
114900011,281,167,114
114900013,326,195,131
114900015,98,509,-411
114900018,866,26,840
114900020,216,58,158
114900022,58,728,-670
114900024,358,158,200
114900025,529,218,311
114900026,67,198,-131
114900027,300,278,22
114900029,17,48,-31
114900030,466,241,225
114900031,413,38,375
114900032,499,53,446
114900033,1288,857,431
114900034,62,262,-200
114900035,229,386,-157
114900036,264,777,-513
114900037,182,226,-44
114900038,184,626,-442
114900039,575,620,-45
114900040,82,180,-98
114900041,741,598,143
114900042,909,843,66
114900043,695,360,335
114900044,271,51,220
114900046,75,145,-70
114900047,337,2032,-1695
114900048,136,330,-194
114900049,12,219,-207
114900050,60,492,-432
114900051,21,421,-400
114900052,168,334,-166
114900053,211,371,-160
114900054,61,193,-132
114900057,255,9,246
114900058,0,81,-81
114900059,71,67,4
114900060,1419,990,429
114900061,131,196,-65
114900062,441,490,-49
114900063,54,266,-212
114900064,1586,583,1003
114900065,422,867,-445
114900067,235,523,-288
114900068,116,250,-134
114900069,314,174,140
114900070,638,471,167
114900072,3,341,-338
114900073,2,202,-200
114900074,717,793,-76
114900075,440,10,430
114900076,12,526,-514
114900080,2081,475,1606
114900082,4093,2428,1665
114900083,1416,1323,93
114900090,434,256,178
114900091,197,247,-50
114900095,396,105,291
114900096,612,864,-252
114900097,134,1,133
114900098,11,256,-245
114900099,334,23,311
115000001,6394,4119,2275
115000002,3466,4025,-559
115000003,5769,3616,2153
115000004,4030,6532,-2502
115000005,1691,2274,-583
115000006,1047,1751,-704
115000007,94,176,-82
115000008,761,634,127
115000009,183,259,-76
115000010,300,221,79
115000013,151,195,-44
115000015,83,314,-231
115000016,272,331,-59
115000019,46,503,-457
115000020,149,874,-725
115000021,293,454,-161
115000022,623,571,52
115000023,426,768,-342
115000024,1369,749,620
115000025,1129,1054,75
115000026,219,570,-351
115000027,377,389,-12
115000028,313,1076,-763
115000029,717,192,525
115000030,1173,1474,-301
115000031,1643,611,1032
115000032,14,331,-317
115000033,199,61,138
115000034,137,1415,-1278
115000035,1418,100,1318
115000036,2,498,-496
115000037,740,14,726
115000038,60,203,-143
115000039,3840,3835,5
115000040,7667,3689,3978
115000041,1704,4033,-2329
115000042,1273,812,461
115000043,3824,2315,1509
115000044,4123,4298,-175
115000045,2764,1999,765
115000046,2267,2529,-262
115000047,2171,1760,411
115000048,1759,2530,-771
115000049,1838,3657,-1819
115000050,3340,2577,763
115000051,1993,3355,-1362
115000052,2290,2010,280
115000053,1907,1952,-45
115000054,796,1487,-691
115000055,226,567,-341
115000056,282,580,-298
115000057,842,1121,-279
115000058,608,330,278
115000059,244,166,78
115000061,230,169,61
115000062,203,264,-61
115000063,363,328,35
115000064,209,177,32
115000065,61,488,-427
115000067,215,22,193
115000069,109,390,-281
115000070,61,1127,-1066
115000071,176,28,148
115000072,30,103,-73
115000073,1457,78,1379
115000075,97,77,20
115000076,3707,3383,324
115000077,3002,3013,-11
115000078,1447,1539,-92
115000079,1597,1918,-321
115000080,2794,2670,124
115000081,605,1345,-740
115000082,4348,3986,362
115000083,2435,2953,-518
115000084,2533,1264,1269
115000085,935,1295,-360
115000086,1245,1057,188
115000087,614,1869,-1255
115000088,1980,911,1069
115000089,1424,1609,-185
115000090,601,917,-316
115000091,261,1148,-887
115000092,693,377,316
115000093,534,6,528
115000094,7599,6097,1502
115000095,5625,6498,-873
115000096,831,1843,-1012
115000097,954,1065,-111
115000098,1073,940,133
115000099,2864,3067,-203
115000100,1086,475,611
115000101,473,1684,-1211
115000102,507,271,236
115000103,377,792,-415
115000105,61,209,-148
115000106,671,383,288
115000107,269,519,-250
115000108,4049,2933,1116
115000109,5200,5138,62
115000110,1736,1759,-23
115000111,983,2207,-1224
115000112,973,956,17
115000113,899,1209,-310
115000114,2407,1061,1346
115000116,4829,2963,1866
115000117,5182,4301,881
115000118,3584,2155,1429
115000119,3972,3188,784
115000120,814,1543,-729
115000121,1679,1114,565
115000122,5728,2166,3562
115000123,2323,2814,-491
115000124,1419,1242,177
115000125,592,714,-122
115000126,205,362,-157
115000127,469,189,280
115000128,728,900,-172
115000129,328,414,-86
115000130,523,955,-432
115000131,1037,356,681
115000132,569,479,90
115000133,802,318,484
115000134,598,332,266
115000135,354,248,106
115000136,287,336,-49
115000137,150,246,-96
115000138,389,355,34
115000139,307,271,36
115000140,378,261,117
115000141,199,326,-127
115000142,211,297,-86
115000143,751,700,51
115000144,610,109,501
115000145,266,355,-89
115000146,974,440,534
115000147,799,593,206
115000148,344,1234,-890
115000149,626,247,379
115000150,880,1009,-129
115000151,1342,784,558
115000152,865,1232,-367
115000153,1173,862,311
115000154,921,447,474
115000155,869,1178,-309
115000156,1373,874,499
115000157,1044,897,147
115000158,854,442,412
115000159,944,768,176
115000160,749,724,25
115000161,542,606,-64
115000162,920,929,-9
115000163,633,719,-86
115000164,770,588,182
115000165,471,620,-149
115000167,158,141,17
115000168,776,371,405
115000169,677,441,236
115000170,145,133,12
115000171,343,205,138
115000172,1444,785,659
115000173,455,683,-228
115000174,231,266,-35
115000175,182,179,3
115000176,322,207,115
115000177,221,271,-50
115000178,48,314,-266
115000179,39,47,-8
115000180,166,670,-504
115000181,682,183,499
115000182,965,413,552
115000183,504,882,-378
115000186,776,398,378
115000187,266,818,-552
115000188,529,641,-112
115000189,232,451,-219
115000190,914,485,429
115000191,306,679,-373
115000194,179,278,-99
115000195,394,433,-39
115000196,260,144,116
115000197,415,340,75
115000198,402,271,131
115000199,400,228,172
115000200,469,118,351
115000201,220,472,-252
115000206,653,106,547
115000207,159,386,-227
115000208,576,826,-250
115000209,1123,419,704
115000210,222,170,52
115000211,423,354,69
115000212,1575,451,1124
115000224,494,81,413
115000225,53,125,-72
115000229,198,184,14
115000230,134,470,-336
115000231,389,1949,-1560
115000232,1803,334,1469
115000233,192,291,-99
115000234,53,321,-268
115000241,92,354,-262
115000242,141,354,-213
115000243,45,300,-255
115000244,15,148,-133
115000246,40,44,-4
115000247,41,11,30
115000248,24,36,-12
115000249,52,51,1
115000250,273,41,232
115000251,365,152,213
115000252,134,256,-122
115000253,31,579,-548
115000258,377,240,137
115000259,385,219,166
115000261,28,30,-2
115000262,31,27,4
115000263,18,46,-28
115000264,37,54,-17
115000267,118,91,27
115000268,37,176,-139
115000269,136,96,40
115000270,8,25,-17
115000272,68,233,-165
115000273,441,45,396
115000280,2878,244,2634
115000281,942,674,268
115000282,2530,1060,1470
115000284,371,217,154
115000296,1249,9,1240
115000297,311,173,138
115000298,210,446,-236
115000300,226,238,-12
115000302,622,190,432
115000303,875,195,680
115000304,855,98,757
115000305,110,824,-714
115000306,252,439,-187
115000307,146,240,-94
115000308,62,24,38
115000309,26,65,-39
115000310,1106,1187,-81
115000311,1033,1468,-435
115000313,127,741,-614
115000314,565,156,409
115000315,1059,481,578
115000316,78,165,-87
115000317,219,596,-377
115000318,797,358,439
115000319,80,397,-317
115000320,21,476,-455
115000321,490,15,475
115000322,74,273,-199
115000449,411,218,193
115000557,3,1411,-1408
115000558,510,110,400
115000587,576,489,87
115000588,2106,2814,-708
115000589,3452,2506,946
115000590,1332,1477,-145
115000591,1789,837,952
115000592,798,1767,-969
115000593,1638,642,996
115000594,1032,2214,-1182
115000609,171,177,-6
115000617,2529,3868,-1339
115000624,375,117,258
115000633,502,2288,-1786
115000634,2626,1293,1333
115000635,473,142,331
115000638,985,902,83
115000641,61,146,-85
115000642,426,346,80
115000643,176,575,-399
115000644,211,574,-363
115000646,1078,2158,-1080
115000647,240,656,-416
115000648,1927,2296,-369
115000893,3308,1468,1840
115000894,164,1141,-977
115000895,385,637,-252
115000896,1006,402,604
115000897,710,211,499
115000898,791,279,512
115000899,684,1181,-497
115000900,110,376,-266
115000901,68,145,-77
115000912,373,100,273
115000913,0,25,-25
115000915,31,0,31
115000916,8,1,7
115000917,0,24,-24
115000918,104,388,-284
115000919,30,20,10
115000920,115,56,59
115000921,807,111,696
115000922,983,758,225
115000923,401,919,-518
115000925,80,96,-16
115000927,69,97,-28
115000933,235,200,35
115000934,237,258,-21
115000935,166,151,15
115000936,78,630,-552
115000937,629,133,496
115000938,57,200,-143
115000939,85,135,-50
115900001,104,46,58
115900002,134,159,-25
115900003,241,119,122
115900004,2,76,-74
115900005,141,18,123
115900006,234,346,-112
115900008,53,13,40
115900009,152,277,-125
115900010,447,213,234
115900011,576,356,220
115900012,248,111,137
115900013,596,251,345
115900014,137,224,-87
115900015,149,123,26
115900016,183,33,150
115900017,15,14,1
115900018,217,110,107
115900019,470,25,445
115900020,112,0,112
115900021,1518,166,1352
115900022,1504,23,1481
115900023,35,16,19
115900025,124,419,-295
115900026,889,303,586
115900027,0,344,-344
115900028,953,116,837
115900029,22,440,-418
115900030,40,40,0
115900031,452,527,-75
115900032,602,872,-270
115900033,2,69,-67
115900034,63,565,-502
115900035,51,38,13
115900036,139,719,-580
115900037,56,508,-452
115900038,49,18,31
115900039,268,277,-9
115900041,668,843,-175
115900042,29,12,17
115900043,144,119,25
115900044,314,387,-73
115900046,347,353,-6
115900047,250,168,82
115900049,177,281,-104
115900051,6,43,-37
115900052,18,240,-222
115900053,271,265,6
115900054,264,48,216
115900055,27,160,-133
115900056,370,385,-15
115900057,53,12,41
115900058,47,102,-55
115900060,200,207,-7
115900061,220,2,218
115900062,53,356,-303
115900063,90,14,76
115900064,180,246,-66
115900065,149,156,-7
115900066,221,206,15
115900067,22,649,-627
115900068,3303,957,2346
115900069,94,246,-152
115900070,232,267,-35
115900071,1,400,-399
115900072,54,273,-219
115900073,89,111,-22
115900074,5,306,-301
115900075,39,350,-311
115900076,6,78,-72
115900077,9,302,-293
115900078,133,191,-58
115900079,239,17,222
115900080,566,305,261
115900081,25,78,-53
115900082,156,219,-63
115900084,617,32,585
115900085,77,84,-7
115900086,1746,811,935
115900088,27,74,-47
115900089,401,743,-342
115900090,417,17,400
115900091,22,64,-42
115900092,15,179,-164
115900093,17,35,-18
115900094,7,323,-316
115900096,4,16,-12
115900097,13,424,-411
115900098,196,402,-206
115900099,222,91,131
115900100,19,592,-573
115900101,138,338,-200
115900102,99,103,-4
115900103,314,235,79
115900104,61,149,-88
115900105,435,811,-376
115900106,79,57,22
115900107,159,142,17
115900108,167,77,90
115900109,69,411,-342
115900110,0,30,-30
115900111,7,98,-91
115900112,56,1040,-984
115900113,63,85,-22
115900114,13,171,-158
115900115,128,341,-213
115900116,128,1060,-932
115900117,103,44,59
115900118,4,275,-271
115900119,194,200,-6
115900120,45,442,-397
115900121,170,325,-155
115900124,481,744,-263
115900125,332,68,264
115900126,896,137,759
115900127,806,83,723
115900128,8,119,-111
115900129,1020,85,935
115900130,33,232,-199
115900131,568,44,524
115900132,707,10,697
115900134,399,18,381
115900135,476,1326,-850
115900137,47,10,37
115900139,61,79,-18
115900140,344,60,284
115900141,12,43,-31
115900142,30,25,5
115900143,272,314,-42
115900144,81,256,-175
115900146,56,124,-68
115900147,318,344,-26
115900148,97,12,85
115900149,117,26,91
115900150,89,51,38
115900151,17,130,-113
115900152,166,431,-265
115900153,181,233,-52
115900154,590,440,150
115900155,0,80,-80
115900156,783,989,-206
115900157,239,499,-260
115900158,42,11,31
115900159,163,235,-72
115900160,16,10,6
115900161,144,272,-128
115900163,252,189,63
115900164,622,61,561
115900165,11,166,-155
115900166,360,246,114
115900168,116,223,-107
115900171,176,495,-319
115900172,69,156,-87
115900173,306,206,100
115900174,245,199,46
115900175,184,312,-128
115900178,8,642,-634
115900179,294,20,274
115900180,51,192,-141
115900181,227,275,-48
115900182,533,268,265
115900183,111,21,90
115900184,2393,69,2324
115900187,12,142,-130
115900189,2,329,-327
115900190,315,1717,-1402
115900191,46,434,-388
115900192,11,129,-118
115900193,416,134,282
115900194,755,121,634
115900195,749,2420,-1671
115900198,273,379,-106
115900199,209,289,-80
115900200,410,453,-43
115900201,621,358,263
115900202,3,60,-57
115900203,13,15,-2
115900204,1,7,-6
115900205,91,31,60
115900206,205,251,-46
115900207,56,60,-4
115900208,182,220,-38
115900209,3,164,-161
115900210,3,190,-187
115900211,5,279,-274
115900212,223,391,-168
115900213,155,83,72
115900214,457,335,122
115900215,35,196,-161
115900216,38,125,-87
115900217,55,37,18
115900218,21,31,-10
115900219,101,15,86
115900220,190,30,160
115900221,85,32,53
115900222,103,22,81
115900223,13,457,-444
115900224,1423,1240,183
115900225,104,56,48
115900226,51,77,-26
115900227,9,59,-50
115900228,20,46,-26
115900229,4,52,-48
115900230,57,152,-95
115900231,142,9,133
115900232,47,25,22
115900233,88,15,73
115900234,54,40,14
115900235,34,46,-12
115900236,141,47,94
115900237,92,25,67
115900238,193,26,167
115900239,31,27,4
115900240,17,64,-47
115900241,254,183,71
115900242,324,352,-28
115900243,15,31,-16
115900244,19,22,-3
115900245,73,20,53
115900246,17,16,1
115900247,29,22,7
115900248,18,6,12
115900249,5,27,-22
115900250,17,47,-30
115900251,4,13,-9
115900252,6,5,1
115900253,20,17,3
115900254,20,23,-3
115900255,8,26,-18
115900256,52,32,20
115900257,12,25,-13
115900258,1,8,-7
115900259,4,5,-1
115900260,7,2,5
115900261,16,0,16
115900262,6,2,4
115900263,12,1,11
115900264,20,9,11
115900265,6,13,-7
115900266,7,28,-21
115900267,12,25,-13
115900268,7,18,-11
115900269,535,563,-28
115900270,554,442,112
115900271,128,1,127
115900272,53,6,47
115900273,34,38,-4
115900274,1,20,-19
115900275,3,56,-53
115900276,0,42,-42
115900277,1,83,-82
115900278,58,126,-68
115900279,22,214,-192
115900280,14,380,-366
115900281,416,211,205
115900282,14,8,6
116000001,13690,5795,7895
116000002,5799,10839,-5040
116000003,1821,1952,-131
116000004,2553,3521,-968
116000005,3705,3667,38
116000006,2966,2695,271
116000007,3270,4274,-1004
116000008,3932,2638,1294
116000009,2230,2914,-684
116000010,2376,1772,604
116000011,994,2238,-1244
116000012,1527,1194,333
116000013,9854,4941,4913
116000014,13230,11023,2207
116000015,513,1697,-1184
116000016,7721,4423,3298
116000017,51,929,-878
116000018,986,468,518
116000019,1152,391,761
116000020,794,1236,-442
116000021,488,358,130
116000022,449,442,7
116000023,1327,804,523
116000024,958,1057,-99
116000025,985,873,112
116000026,2249,2843,-594
116000027,1220,664,556
116000028,467,1002,-535
116000029,876,913,-37
116000030,912,503,409
116000031,258,399,-141
116000032,501,283,218
116000033,336,563,-227
116000034,715,988,-273
116000035,446,828,-382
116000036,2606,1589,1017
116000037,778,677,101
116000038,582,563,19
116000039,804,506,298
116000040,970,396,574
116000041,260,576,-316
116000042,643,292,351
116000043,124,712,-588
116000044,19,74,-55
116000045,1994,1254,740
116000046,1338,1712,-374
116000047,1850,2420,-570
116000048,2100,1997,103
116000049,1549,3362,-1813
116000050,1525,1586,-61
116000051,6928,3202,3726
116000052,6843,6157,686
116000053,2381,1061,1320
116000054,850,2919,-2069
116000055,680,1156,-476
116000056,1019,1401,-382
116000057,3888,2300,1588
116000058,4723,3795,928
116000059,4867,6509,-1642
116000060,2272,1135,1137
116000061,637,1016,-379
116000062,700,253,447
116000063,820,1061,-241
116000066,336,672,-336
116000067,271,585,-314
116000068,290,287,3
116000069,292,488,-196
116000078,593,1201,-608
116000080,1972,1157,815
116000082,7,63,-56
116000083,1797,485,1312
116000084,2914,4507,-1593
116000085,2493,2387,106
116000086,2145,1434,711
116000087,1978,1657,321
116000088,803,1292,-489
116000089,214,117,97
116000090,150,161,-11
116000091,361,224,137
116000093,1024,495,529
116000094,903,847,56
116000095,975,737,238
116000096,756,1566,-810
116000097,1340,826,514
116000098,112,6721,-6609
116000099,6924,307,6617
116000100,323,34,289
116000101,1081,1166,-85
116000102,338,1591,-1253
116000103,617,307,310
116000104,288,1564,-1276
116000105,1211,201,1010
116000106,677,1017,-340
116000107,2994,432,2562
116000108,369,164,205
116000111,148,53,95
116000113,243,207,36
116000114,72,206,-134
116000115,547,188,359
116000116,354,751,-397
116000117,1612,2264,-652
116000118,1754,1657,97
116000119,3881,2328,1553
116000120,3357,5318,-1961
116000121,1044,684,360
116000122,1420,2209,-789
116000123,1222,607,615
116000124,502,1396,-894
116000125,3183,1018,2165
116000126,440,1756,-1316
116000127,1241,1573,-332
116000128,1850,1067,783
116000129,1420,314,1106
116000130,624,469,155
116000133,1062,949,113
116000134,2032,2609,-577
116000135,2630,1559,1071
116000136,1299,2566,-1267
116000137,1207,756,451
116000138,1136,826,310
116000139,2078,2145,-67
116000140,138,173,-35
116000141,426,696,-270
116000142,3061,2885,176
116000143,1681,1773,-92
116000144,1477,2193,-716
116000145,1487,1150,337
116000146,461,209,252
116000147,194,106,88
116000148,516,588,-72
116000149,931,972,-41
116000151,648,602,46
116000153,117,327,-210
116000155,241,289,-48
116000156,1030,1292,-262
116000157,86,26,60
116000158,485,424,61
116000159,22,14,8
116000160,48,104,-56
116000161,15,138,-123
116000162,166,161,5
116000163,46,12,34
116000164,17,46,-29
116000177,347,130,217
116000194,106,601,-495
116000195,1644,807,837
116000196,47,16,31
116000197,23,20,3
116000198,2816,1419,1397
116000200,790,526,264
116000201,744,848,-104
116000202,20,296,-276
116000203,5,120,-115
116000204,27,96,-69
116000205,1,198,-197
116000206,3,132,-129
116000207,16,63,-47
116000233,319,606,-287
116000287,192,670,-478
116000288,284,216,68
116000292,79,180,-101
116000296,18,215,-197
116000297,100,14,86
116000304,151,49,102
116000305,7,104,-97
116000346,234,190,44
116000352,130,61,69
116000354,58,12,46
116000357,41,49,-8
116000358,506,65,441
116000361,100,2,98
116000372,5801,3903,1898
116000381,86,2,84
116000388,6,62,-56
116000389,1390,752,638
116000445,489,663,-174
116000446,627,830,-203
116000447,25,620,-595
116000448,582,277,305
116000563,1324,1062,262
116000565,82,501,-419
116000568,77,395,-318
116000579,52,179,-127
116000584,36,13,23
116000585,25,27,-2
116000586,187,235,-48
116000587,604,871,-267
116000589,44,88,-44
116000590,85,71,14
116000591,218,274,-56
116000592,17,124,-107
116000593,0,32,-32
116000594,609,533,76
116000595,687,224,463
116000596,107,13,94
116000597,458,118,340
116000598,45,210,-165
116000602,90,572,-482
116000605,619,195,424
116000606,140,262,-122
116000607,12,83,-71
116000609,281,903,-622
116000611,158,615,-457
116000612,669,1783,-1114
116000613,625,368,257
116000614,542,700,-158
116000615,4,272,-268
116000616,78,139,-61
116000617,119,83,36
116000618,6,120,-114
116000619,129,74,55
116000620,131,66,65
116000621,75,157,-82
116000622,70,204,-134
116000624,195,99,96
116000627,38,33,5
116000628,38,352,-314
116000629,18,377,-359
116000630,398,46,352
116000631,105,36,69
116000632,481,307,174
116000633,73,368,-295
116000634,472,20,452
116000635,2688,1903,785
116000636,706,1096,-390
116000637,280,15,265
116000638,18,346,-328
116900001,333,260,73
116900002,297,4,293
116900003,53,85,-32
116900004,45,85,-40
116900005,354,112,242
116900006,100,237,-137
116900007,163,231,-68
116900008,481,351,130
116900009,34,11,23
116900010,3,1421,-1418
116900011,17,41,-24
116900012,350,263,87
116900013,5,323,-318
116900014,153,326,-173
116900015,424,66,358
116900016,227,1,226
116900017,0,658,-658
116900018,107,59,48
116900019,11,374,-363
116900020,1447,1168,279
116900023,97,24,73
116900024,684,73,611
116900025,1253,1080,173
116900026,267,678,-411
116900027,30,99,-69
116900028,7,116,-109
116900029,0,48,-48
116900031,1,12,-11
116900032,18,373,-355
116900033,34,15,19
116900034,34,108,-74
116900035,168,208,-40
116900036,1,120,-119
116900038,52,6,46
116900041,47,25,22
116900042,855,286,569
116900043,49,95,-46
116900047,58,184,-126
116900049,52,368,-316
116900050,156,481,-325
116900051,153,260,-107
116900052,271,95,176
116900055,1,4,-3
116900057,32,262,-230
116900058,52,459,-407
116900059,5,215,-210
116900060,197,201,-4
116900062,7,10,-3
116900064,108,750,-642
116900065,57,146,-89
116900067,161,153,8
116900068,150,254,-104
116900070,2,12,-10
116900072,31,430,-399
116900073,25,132,-107
116900074,14,61,-47
116900076,11,68,-57
116900077,15,177,-162
116900078,269,178,91
116900079,43,277,-234
116900080,27,43,-16
116900081,546,1333,-787
116900082,532,1122,-590
116900083,90,75,15
116900084,213,102,111
116900085,67,231,-164
116900086,63,264,-201
116900088,537,236,301
116900090,218,57,161
116900091,569,42,527
116900092,114,917,-803
116900093,2180,2540,-360
116900094,5017,3824,1193
116900095,240,123,117
116900096,136,551,-415
116900097,3607,2981,626
116900098,972,612,360
116900099,1156,936,220
116900100,895,60,835
116900101,432,592,-160
116900103,3,0,3
116900104,127,94,33
116900105,260,178,82
116900106,2204,393,1811
116900107,4016,2671,1345
116900110,30,0,30
116900111,503,814,-311
116900112,368,1170,-802
116900113,2373,1449,924
116900116,225,613,-388
116900117,214,132,82
116900118,923,970,-47
116900120,546,137,409
116900121,209,32,177
116900122,1151,1039,112
116900123,297,962,-665
116900124,240,1087,-847
116900125,488,245,243
116900126,279,799,-520
116900128,0,43,-43
116900129,2,431,-429
116900130,877,3591,-2714
116900131,168,523,-355
116900132,80,202,-122
116900133,161,190,-29
116900134,311,372,-61
116900136,419,313,106
116900137,419,210,209
116900138,364,200,164
116900139,222,458,-236
116900140,281,183,98
116900141,1027,649,378
116900142,3,98,-95
116900143,450,535,-85
116900144,59,125,-66
116900145,159,340,-181
116900147,678,529,149
116900148,17,73,-56
116900149,84,292,-208
116900150,29,10,19
116900151,56,22,34
116900153,173,109,64
116900154,978,823,155
116900155,165,107,58
116900157,690,364,326
116900158,183,379,-196
116900159,169,396,-227
116900160,1072,831,241
116900161,7641,6482,1159
116900162,12,108,-96
116900163,227,254,-27
116900164,86,107,-21
116900165,308,287,21
116900166,38,91,-53
116900167,521,112,409
116900168,412,147,265
116900169,823,532,291
116900170,358,579,-221
116900171,54,238,-184
116900172,226,356,-130
116900173,331,70,261
116900174,69,28,41
116900175,272,230,42
116900178,52,170,-118
116900179,124,303,-179
116900180,108,55,53
116900182,529,424,105
116900183,184,203,-19
116900185,30,70,-40
116900186,68,359,-291
116900187,95,85,10
116900188,174,58,116
116900189,118,1,117
116900191,526,988,-462
116900192,287,241,46
116900194,285,1355,-1070
116900195,51,44,7
116900196,28,97,-69
116900197,106,42,64
116900198,308,319,-11
116900200,106,44,62
116900201,131,9,122
116900202,152,86,66
116900203,166,26,140
116900204,87,137,-50
116900206,35,35,0
116900207,43,48,-5
116900208,14,128,-114
116900209,23,127,-104
116900210,660,417,243
116900211,302,18,284
116900212,81,79,2
116900213,255,180,75
116900214,213,304,-91
116900215,72,103,-31
116900216,297,310,-13
116900218,25,322,-297
116900219,1490,559,931
116900220,126,268,-142
116900221,110,536,-426
116900222,425,485,-60
116900223,167,462,-295
116900226,106,86,20
116900227,185,103,82
116900228,354,253,101
116900230,77,290,-213
116900231,44,425,-381
116900232,19,447,-428
116900233,308,117,191
116900234,45,17,28
116900235,162,380,-218
116900238,2018,438,1580
116900239,73,1765,-1692
116900240,6650,3798,2852
116900241,96,219,-123
116900242,352,731,-379
116900243,4,121,-117
116900245,45,33,12
116900246,111,16,95
116900247,1001,114,887
116900248,116,70,46
116900249,366,142,224
116900250,731,71,660
116900251,632,508,124
116900252,192,973,-781
116900253,135,126,9
116900254,49,114,-65
116900255,163,91,72
116900256,445,196,249
116900257,51,579,-528
116900258,3,254,-251
116900259,385,46,339
116900260,8,161,-153
116900261,68,7,61
116900262,440,210,230
116900263,0,25,-25
116900264,4,8,-4
116900265,55,0,55
116900266,17,43,-26
116900267,5,4,1
116900268,374,105,269
116900269,308,674,-366
116900271,1732,217,1515
116900272,429,351,78
116900273,251,123,128
116900274,90,150,-60
116900275,199,97,102
116900276,763,176,587
116900277,790,41,749
116900278,8,26,-18
116900279,3,53,-50
116900280,49,40,9
116900281,6712,4378,2334
116900282,8,144,-136
116900283,27,134,-107
116900284,21,262,-241
116900285,375,204,171
116900286,298,34,264
116900287,11,65,-54
116900288,124,173,-49
116900289,13,19,-6
116900290,2,38,-36
116900291,21,21,0
116900292,0,21,-21
116900293,35,83,-48
116900294,53,189,-136
116900295,145,44,101
116900296,93,70,23
116900297,20,80,-60
116900298,161,58,103
116900299,46,52,-6
116900300,8,77,-69
116900301,66,91,-25
116900302,27,83,-56
116900303,280,139,141
116900304,0,157,-157
116900305,29,48,-19
116900306,179,72,107
117000001,1860,1498,362
117000002,2287,4634,-2347
117000003,6601,3682,2919
117000004,4402,5672,-1270
117000005,2153,1993,160
117000006,1427,3463,-2036
117000007,3802,1455,2347
117000008,1220,3984,-2764
117000009,5502,2247,3255
117000010,3138,4688,-1550
117000011,2330,1715,615
117000012,1128,1432,-304
117000013,1925,895,1030
117000014,1159,2284,-1125
117000015,2688,1295,1393
117000016,471,87,384
117000017,439,164,275
117000018,238,541,-303
117000019,111,3,108
117000020,464,1547,-1083
117000021,1811,585,1226
117000022,678,118,560
117000023,418,201,217
117000024,429,234,195
117000025,638,1024,-386
117000026,2571,1234,1337
117000027,3225,4852,-1627
117000028,4889,2074,2815
117000030,672,568,104
117000031,450,285,165
117000032,2092,1338,754
117000033,1364,764,600
117000034,442,454,-12
117000035,376,274,102
117000036,476,396,80
117000037,313,193,120
117000038,266,689,-423
117000039,406,256,150
117000040,261,1192,-931
117000041,911,241,670
117000044,19,766,-747
117000045,401,102,299
117000046,423,789,-366
117000047,806,671,135
117000048,2309,1210,1099
117000049,183,572,-389
117000050,153,1987,-1834
117000051,1988,150,1838
117000052,50,403,-353
117000053,491,43,448
117000054,2033,13,2020
117000055,11,3535,-3524
117000056,800,33,767
117000057,768,2852,-2084
117000060,647,1724,-1077
117000061,1675,1003,672
117000062,356,764,-408
117000063,1953,1122,831
117000064,1000,944,56
117000066,1461,1260,201
117000067,149,643,-494
117000074,290,210,80
117000076,120,52,68
117000077,213,299,-86
117000078,156,873,-717
117000079,639,298,341
117000080,1,342,-341
117000081,1277,150,1127
117000082,11,87,-76
117000083,116,8,108
117000084,228,0,228
117000085,444,883,-439
117000086,1252,576,676
117000087,113,515,-402
117000088,236,216,20
117000089,1531,296,1235
117000090,353,1335,-982
117000091,839,364,475
117000092,451,1406,-955
117000093,1138,846,292
117000094,1539,3266,-1727
117000095,3724,1092,2632
117000096,805,2592,-1787
117000097,1394,1391,3
117000098,3257,5455,-2198
117000099,3669,1580,2089
117000100,221,413,-192
117000101,269,1424,-1155
117000102,1719,799,920
117000103,746,2003,-1257
117000104,1440,752,688
117000105,1038,1994,-956
117000106,1233,950,283
117000107,726,2292,-1566
117000108,1638,963,675
117000109,1850,3065,-1215
117000110,1549,1094,455
117000111,3949,4586,-637
117000112,3809,2077,1732
117000113,314,446,-132
117000114,313,176,137
117000115,244,177,67
117000116,176,310,-134
117000117,1858,1600,258
117000118,260,141,119
117000119,349,176,173
117000120,241,474,-233
117000121,178,1276,-1098
117000122,389,695,-306
117000123,1933,67,1866
117000124,976,70,906
117000125,440,143,297
117000126,100,31,69
117000127,200,427,-227
117000128,640,1004,-364
117000129,359,376,-17
117000130,131,1,130
117000131,0,41,-41
117000132,3227,16,3211
117000133,1588,69,1519
117000134,2,70,-68
117000135,7,46,-39
117000136,3,45,-42
117000137,130,163,-33
117000138,2,830,-828
117000140,492,1764,-1272
117000141,1690,629,1061
117000181,791,734,57
117000182,401,849,-448
117000195,300,1376,-1076
117000196,323,158,165
117000225,126,22,104
117000226,20,150,-130
117000276,303,20,283
117000277,5,432,-427
117000310,1856,2226,-370
117000315,87,771,-684
117000320,57,0,57
117000906,308,24,284
117000907,26,345,-319
117000908,21,37,-16
117000909,48,51,-3
117000910,227,231,-4
117000911,134,179,-45
117000915,4,621,-617
117000916,49,13,36
117000917,1302,62,1240
117000918,71,93,-22
117000919,12,135,-123
117000920,5,1479,-1474
117000921,8,1505,-1497
117000922,62,146,-84
117000924,263,824,-561
117000926,921,122,799
117000927,2140,1154,986
117000928,0,134,-134
117000929,297,357,-60
117000930,233,21,212
117000931,655,169,486
117900002,125,434,-309
117900003,1440,670,770
117900005,7,33,-26
117900006,0,79,-79
117900007,180,150,30
117900008,0,43,-43
117900010,272,115,157
117900011,132,95,37
117900012,84,93,-9
117900013,2,288,-286
117900014,530,147,383
117900015,56,170,-114
117900016,1664,1191,473
117900017,604,275,329
117900018,328,180,148
117900019,458,274,184
117900020,92,524,-432
117900021,41,100,-59
117900022,69,23,46
117900023,896,238,658
117900024,84,87,-3
117900025,81,17,64
117900026,489,287,202
117900028,78,5,73
117900029,276,681,-405
117900030,558,322,236
117900031,246,111,135
117900032,1123,647,476
117900033,258,521,-263
117900034,41,40,1
117900035,256,112,144
117900036,239,388,-149
117900037,187,220,-33
117900038,22,449,-427
117900039,13,87,-74
117900040,204,602,-398
117900041,14,78,-64
117900042,4584,466,4118
117900043,49,82,-33
117900044,34,2879,-2845
117900045,201,226,-25
117900048,354,361,-7
117900049,187,438,-251
117900050,11,66,-55
117900051,40,4,36
117900052,52,397,-345
117900053,1600,873,727
117900054,1,42,-41
117900055,299,169,130
117900056,451,73,378
117900057,1273,1469,-196
117900058,216,25,191
117900059,387,120,267
117900060,2610,6003,-3393
117900061,30,271,-241
117900063,356,239,117
117900065,1265,1724,-459
117900066,21,94,-73
117900067,445,202,243
117900069,699,314,385
117900070,355,21,334
117900071,99,199,-100
117900073,476,381,95
117900074,99,37,62
117900075,64,83,-19
117900076,15,65,-50
117900077,493,232,261
117900078,382,977,-595
117900080,132,55,77
117900081,622,545,77
117900082,473,467,6
117900083,385,422,-37
117900086,146,37,109
117900087,259,148,111
117900088,3830,2889,941
117900089,2651,844,1807
117900090,457,474,-17
117900091,193,271,-78
117900092,52,44,8
117900093,127,197,-70
117900094,58,21,37
117900095,295,386,-91
117900096,122,263,-141
117900097,360,290,70
117900098,36,7,29
117900099,160,244,-84
117900100,202,8,194
117900101,480,2016,-1536
117900102,104,119,-15
117900103,96,2,94
117900104,23,149,-126
117900105,157,246,-89
117900106,138,92,46
117900107,66,1,65
117900109,691,476,215
117900110,351,18,333
117900111,564,37,527
117900112,122,49,73
117900113,3979,2009,1970
117900114,22,2,20
117900115,373,91,282
117900116,1282,1213,69
117900117,661,411,250
117900118,97,0,97
117900119,225,313,-88
117900120,226,97,129
117900121,220,64,156
117900122,1776,3819,-2043
117900123,762,488,274
117900124,1522,886,636
117900125,2241,2213,28
117900126,263,715,-452
117900127,514,592,-78
117900128,492,720,-228
117900129,199,2,197
117900130,2164,552,1612
117900131,5,147,-142
117900132,23,143,-120
117900133,7,199,-192
117900134,77,386,-309
117900135,36,317,-281
117900136,0,36,-36
117900137,69,475,-406
117900138,0,55,-55
117900139,173,189,-16
117900140,3343,248,3095
117900141,311,230,81
117900142,178,25,153
117900144,142,281,-139
117900145,109,29,80
117900146,201,174,27
117900147,102,86,16
117900148,3219,1701,1518
117900149,290,265,25
117900150,56,64,-8
117900151,44,87,-43
117900152,83,93,-10
117900153,35,106,-71
117900154,435,701,-266
117900156,1149,1165,-16
117900157,102,734,-632
117900158,325,248,77
117900160,714,845,-131
117900161,3356,2816,540
117900162,382,456,-74
117900163,100,129,-29
117900165,1,25,-24
117900166,164,516,-352
117900168,37,225,-188
117900169,2,131,-129
117900170,7,63,-56
117900171,1,35,-34
117900172,15,46,-31
117900173,212,102,110
117900174,56,93,-37
117900175,6,40,-34
117900176,13,33,-20
117900177,27,52,-25
117900178,256,73,183
117900180,231,66,165
117900181,161,500,-339
117900182,7,39,-32
117900183,86,245,-159
117900184,67,89,-22
117900185,54,87,-33
117900186,59,22,37
117900187,27,14,13
117900188,290,54,236
117900189,67,38,29
117900190,19,8,11
117900191,117,0,117
117900192,315,2,313
117900193,21,110,-89
117900194,18,22,-4
117900195,136,80,56
117900196,21,59,-38
117900207,245,197,48
117900208,34,41,-7
117900209,274,238,36
117900210,238,286,-48
117900211,26,269,-243
117900212,151,195,-44
117900213,37,30,7
117900214,11,52,-41
117900215,20,45,-25
117900216,41,37,4
117900217,119,326,-207
117900218,95,171,-76
117900219,5,139,-134
117900220,191,117,74
117900222,249,334,-85
117900223,154,345,-191
118000001,947,912,35
118000002,1191,2504,-1313
118000003,2504,2943,-439
118000004,3363,2967,396
118000005,5934,6346,-412
118000006,7809,11297,-3488
118000007,6662,4538,2124
118000008,5585,4366,1219
118000009,2232,4457,-2225
118000010,8255,5344,2911
118000011,1692,2954,-1262
118000012,1497,2523,-1026
118000013,3234,2667,567
118000014,2653,2972,-319
118000016,167,542,-375
118000017,666,503,163
118000018,499,732,-233
118000019,2738,1650,1088
118000020,2010,4015,-2005
118000021,907,3721,-2814
118000022,2212,1018,1194
118000023,1048,326,722
118000024,2295,1642,653
118000027,18089,15176,2913
118000029,1307,912,395
118000032,1730,4201,-2471
118000033,3903,6479,-2576
118000034,6698,3076,3622
118000035,2113,3089,-976
118000036,1302,1194,108
118000037,949,1004,-55
118000038,242,119,123
118000039,147,301,-154
118000040,2014,1463,551
118000041,2591,1559,1032
118000045,1010,258,752
118000046,1816,689,1127
118000047,1032,876,156
118000048,3927,2203,1724
118000051,3072,1699,1373
118000052,1823,967,856
118000053,747,952,-205
118000054,2242,2131,111
118000055,1656,2374,-718
118000056,1113,577,536
118000057,448,637,-189
118000058,5033,2033,3000
118000059,2734,1322,1412
118000060,1213,658,555
118000061,2047,1605,442
118000062,861,515,346
118000063,466,765,-299
118000064,920,1421,-501
118000065,5283,2205,3078
118000066,1012,1797,-785
118000067,1515,1010,505
118000068,2471,4695,-2224
118000069,4568,1373,3195
118000070,5884,2189,3695
118000071,4166,7116,-2950
118000072,2262,1420,842
118000073,3199,734,2465
118000074,680,597,83
118000075,1225,383,842
118000076,1965,2351,-386
118000077,1591,1470,121
118000078,2086,2435,-349
118000079,384,514,-130
118000080,1287,959,328
118000081,2200,1269,931
118000082,276,1294,-1018
118000083,2032,1947,85
118000084,4176,1910,2266
118000086,388,684,-296
118000087,5167,3036,2131
118000088,2303,1769,534
118000089,4043,2278,1765
118000090,2076,3048,-972
118000091,1423,2406,-983
118000092,1215,539,676
118000093,124,816,-692
118000096,567,767,-200
118000097,907,795,112
118000098,244,217,27
118000099,590,850,-260
118000101,1115,426,689
118000102,393,1593,-1200
118000107,2242,671,1571
118000108,984,2258,-1274
118000110,0,34,-34
118000111,2,363,-361
118000112,473,0,473
118000113,4,665,-661
118000114,493,16,477
118000115,64,47,17
118000116,57,0,57
118000117,1207,864,343
118000118,1003,909,94
118000119,1119,1144,-25
118000120,1859,1401,458
118000121,160,687,-527
118000122,1429,443,986
118000123,65,336,-271
118000125,1738,1103,635
118000126,741,1627,-886
118000127,1948,655,1293
118000128,798,1359,-561
118000129,972,349,623
118000130,2620,3415,-795
118000131,632,845,-213
118000132,2506,1818,688
118000133,880,399,481
118000135,748,491,257
118000136,148,402,-254
118000137,662,145,517
118000138,512,686,-174
118000139,340,142,198
118000140,3156,4758,-1602
118000141,2153,2067,86
118000142,1969,1709,260
118000143,2395,1447,948
118000144,1755,1084,671
118000145,1769,2462,-693
118000146,1466,1172,294
118000147,871,1773,-902
118000148,629,1381,-752
118000149,1130,1173,-43
118000150,492,272,220
118000151,586,533,53
118000153,1339,1236,103
118000154,1457,1670,-213
118000155,1443,1602,-159
118000156,2502,2736,-234
118000157,706,495,211
118000158,285,509,-224
118000159,32,106,-74
118000160,607,476,131
118000161,582,923,-341
118000162,2452,1033,1419
118000163,1073,816,257
118000164,2183,1595,588
118000168,1422,641,781
118000169,1031,1311,-280
118000170,5041,6996,-1955
118000171,472,848,-376
118000172,143,355,-212
118000173,1263,1556,-293
118000175,404,370,34
118000176,291,402,-111
118000177,278,588,-310
118000178,42,53,-11
118000179,1637,1494,143
118000180,1150,895,255
118000181,862,370,492
118000182,345,274,71
118000183,229,308,-79
118000184,916,855,61
118000185,1624,1264,360
118000186,1165,1340,-175
118000187,1400,834,566
118000188,622,246,376
118000189,831,943,-112
118000190,22,47,-25
118000191,50,36,14
118000192,160,300,-140
118000193,115,428,-313
118000194,1422,1232,190
118000195,1325,991,334
118000196,384,233,151
118000197,476,192,284
118000198,629,810,-181
118000199,637,454,183
118000200,138,297,-159
118000201,535,506,29
118000202,109,101,8
118000203,1454,690,764
118000204,214,393,-179
118000205,267,395,-128
118000206,290,208,82
118000207,1,62,-61
118000208,1446,1701,-255
118000209,2157,1996,161
118000210,74,51,23
118000211,31,37,-6
118000213,1228,1613,-385
118000214,731,661,70
118000215,346,199,147
118000216,2318,3413,-1095
118000217,30,160,-130
118000218,63,151,-88
118000219,511,380,131
118000220,4,60,-56
118000221,304,361,-57
118000222,110,12,98
118000223,43,38,5
118000224,197,140,57
118000225,151,822,-671
118000226,1187,227,960
118000227,1081,483,598
118000228,235,275,-40
118000229,231,89,142
118000230,180,265,-85
118000231,103,235,-132
118000232,788,1072,-284
118000233,1232,849,383
118000234,537,346,191
118000236,515,406,109
118000237,122,538,-416
118000238,300,235,65
118000239,308,281,27
118000240,575,273,302
118000241,171,251,-80
118000242,414,791,-377
118000243,317,297,20
118000244,71,161,-90
118000246,1,35,-34
118000255,71,255,-184
118000256,133,299,-166
118000259,12,86,-74
118000260,286,98,188
118000261,56,55,1
118000263,96,243,-147
118000266,89,328,-239
118000267,0,133,-133
118000268,451,8,443
118000270,102,34,68
118000271,188,326,-138
118000272,134,54,80
118000273,177,121,56
118000274,147,414,-267
118000276,578,364,214
118000295,17,156,-139
118000298,199,344,-145
118000299,79,144,-65
118000301,0,71,-71
118000302,103,111,-8
118000311,526,150,376
118000312,352,257,95
118000313,105,209,-104
118000314,93,117,-24
118000315,81,78,3
118000316,745,572,173
118000325,81,60,21
118000326,42,43,-1
118000331,52,82,-30
118000332,32,59,-27
118000333,48,89,-41
118000335,343,4,339
118000336,0,292,-292
118000407,165,80,85
118000457,10,42,-32
118000465,4270,4862,-592
118000480,51,131,-80
118000489,22,328,-306
118000490,54,225,-171
118000492,385,236,149
118000510,87,28,59
118000514,212,366,-154
118000515,944,744,200
118000517,409,251,158
118000524,365,313,52
118000525,979,953,26
118000530,18,109,-91
118000531,351,287,64
118000532,205,377,-172
118000533,372,138,234
118000534,565,527,38
118000535,344,193,151
118000536,1264,2100,-836
118000537,40,219,-179
118000538,40,88,-48
118000539,20,116,-96
118000540,408,237,171
118000541,233,81,152
118000542,116,228,-112
118000543,267,196,71
118000546,69,39,30
118000560,3586,2563,1023
118000562,22,140,-118
118000563,1970,1442,528
118000576,125,172,-47
118000577,116,132,-16
118000578,147,97,50
118000579,727,1384,-657
118000595,209,87,122
118000596,0,68,-68
118000597,76,111,-35
118000598,14,1,13
118000599,95,36,59
118000600,5,56,-51
118000601,16,0,16
118000602,0,49,-49
118000603,0,29,-29
118900001,840,1725,-885
118900002,1078,933,145
118900003,502,25,477
118900004,126,72,54
118900005,102,14,88
118900006,202,5,197
118900007,11,3,8
118900008,1619,80,1539
118900009,93,63,30
118900010,91,6,85
118900011,311,50,261
118900012,463,259,204
118900013,555,165,390
118900015,299,115,184
118900016,12,14,-2
118900017,273,402,-129
118900018,919,41,878
118900019,60,48,12
118900020,274,167,107
118900021,162,426,-264
118900022,159,130,29
118900023,229,94,135
118900024,124,186,-62
118900025,74,62,12
118900026,62,119,-57
118900027,527,193,334
118900028,180,193,-13
118900029,354,353,1
118900030,480,104,376
118900031,190,159,31
118900032,253,211,42
118900033,510,481,29
118900034,236,35,201
118900035,155,251,-96
118900036,1358,907,451
118900037,679,329,350
118900038,462,223,239
118900039,521,217,304
118900040,192,249,-57
118900041,610,177,433
118900042,260,128,132
118900045,338,205,133
118900046,1041,435,606
118900047,693,324,369
118900048,186,237,-51
118900049,68,57,11
118900050,36,129,-93
118900051,95,120,-25
118900052,366,261,105
118900053,71,118,-47
118900054,129,46,83
118900055,135,131,4
118900056,37,398,-361
118900057,815,521,294
118900058,482,385,97
118900059,44,77,-33
118900060,296,138,158
118900062,564,237,327
118900064,778,587,191
118900065,68,167,-99
118900066,103,141,-38
118900067,4681,3509,1172
118900068,33,179,-146
118900069,422,328,94
118900071,15,101,-86
118900072,473,436,37
118900073,115,143,-28
118900074,182,211,-29
118900075,89,130,-41
118900076,248,135,113
118900077,277,273,4
118900078,41,8,33
118900079,69,296,-227
118900080,20,170,-150
118900081,122,46,76
118900082,696,206,490
118900083,73,14,59
118900084,42,38,4
118900085,669,1022,-353
118900086,80,123,-43
118900087,43,254,-211
118900088,0,12,-12
118900089,37,32,5
118900090,439,454,-15
118900091,194,275,-81
118900092,158,150,8
118900093,159,38,121
118900096,87,40,47
118900097,298,647,-349
118900099,112,278,-166
118900100,211,322,-111
118900101,112,757,-645
118900102,81,119,-38
118900103,99,143,-44
118900104,279,171,108
118900105,304,172,132
118900107,293,112,181
118900108,114,161,-47
118900110,1619,971,648
118900111,627,526,101
118900112,98,210,-112
118900113,187,593,-406
118900114,41,108,-67
118900115,224,654,-430
118900116,195,310,-115
118900117,126,194,-68
118900118,321,411,-90
118900119,194,277,-83
118900120,91,403,-312
118900121,7,216,-209
118900122,15,953,-938
118900123,184,284,-100
118900124,101,218,-117
118900126,27,381,-354
118900129,365,211,154
118900130,75,221,-146
118900131,215,259,-44
118900132,429,228,201
118900133,20,162,-142
118900135,299,261,38
118900136,211,552,-341
118900137,17,46,-29
118900139,226,382,-156
118900140,408,662,-254
118900141,176,186,-10
118900144,126,518,-392
118900145,201,198,3
118900146,412,841,-429
118900147,309,190,119
118900148,109,93,16
118900150,136,712,-576
118900152,693,855,-162
118900157,141,186,-45
118900158,85,85,0
118900159,0,211,-211
118900161,106,17,89
118900163,139,167,-28
118900164,11,184,-173
118900165,67,283,-216
118900166,59,1,58
118900167,111,136,-25
118900168,20,230,-210
118900169,159,466,-307
118900170,185,213,-28
118900171,36,65,-29
118900174,83,86,-3
118900175,400,529,-129
118900176,149,251,-102
118900177,126,80,46
118900178,80,242,-162
118900179,1,37,-36
118900181,90,129,-39
118900182,199,63,136
118900183,50,127,-77
118900184,385,222,163
118900185,124,125,-1
118900186,147,127,20
118900187,296,348,-52
118900188,376,304,72
118900189,43,755,-712
118900190,43,370,-327
118900191,139,71,68
118900192,169,33,136
118900193,524,29,495
118900195,375,770,-395
118900196,33,178,-145
118900197,106,71,35
118900198,45,42,3
118900199,104,88,16
118900200,56,28,28
118900201,50,57,-7
118900202,13,75,-62
118900203,14,49,-35
118900204,29,63,-34
118900205,6,18,-12
118900206,4,35,-31
119000001,1402,1924,-522
119000002,5457,4328,1129
119000003,2703,1276,1427
119000004,2806,1295,1511
119000005,1800,1996,-196
119000006,2666,1607,1059
119000007,3561,3304,257
119000008,2156,2244,-88
119000009,4248,4853,-605
119000010,6988,4610,2378
119000011,4718,3267,1451
119000012,3997,4066,-69
119000013,2652,1943,709
119000014,2434,3811,-1377
119000019,362,191,171
119000020,2603,1559,1044
119000021,4785,2658,2127
119000022,3898,2917,981
119000023,359,266,93
119000024,1984,10673,-8689
119000025,7776,1520,6256
119000026,196,512,-316
119000027,346,496,-150
119000028,2117,1084,1033
119000029,131,401,-270
119000030,614,1091,-477
119000031,916,945,-29
119000032,2332,2790,-458
119000033,2164,1567,597
119000034,1116,1070,46
119000035,45,355,-310
119000036,1639,951,688
119000037,1381,1828,-447
119000038,186,1011,-825
119000039,327,329,-2
119000040,961,569,392
119000041,927,1379,-452
119000048,3362,3581,-219
119000049,1887,2776,-889
119000050,2577,2137,440
119000051,2641,1080,1561
119000052,2172,3082,-910
119000053,2062,1448,614
119000054,3615,3540,75
119000055,4580,4157,423
119000056,2669,2419,250
119000057,1757,2274,-517
119000058,2343,2116,227
119000059,1594,1929,-335
119000060,1900,1510,390
119000061,1155,1036,119
119000062,1427,1549,-122
119000063,485,378,107
119000064,1117,1437,-320
119000065,2402,3874,-1472
119000066,2399,1308,1091
119000067,1887,2468,-581
119000068,1873,1289,584
119000069,1581,2600,-1019
119000070,2805,1145,1660
119000071,608,884,-276
119000072,5644,3544,2100
119000073,5438,7057,-1619
119000074,1266,2784,-1518
119000075,2304,2544,-240
119000076,506,1033,-527
119000077,940,639,301
119000078,518,234,284
119000079,248,662,-414
119000080,459,189,270
119000081,311,498,-187
119000082,1112,308,804
119000083,717,420,297
119000084,386,574,-188
119000085,656,262,394
119000086,401,538,-137
119000087,1943,1207,736
119000088,435,261,174
119000089,71,199,-128
119000090,145,158,-13
119000091,148,440,-292
119000092,570,238,332
119000093,3981,3174,807
119000094,3133,5959,-2826
119000095,2134,3125,-991
119000097,2237,1673,564
119000098,1035,2709,-1674
119000099,2904,2078,826
119000100,4021,3281,740
119000101,4816,2403,2413
119000102,1047,1268,-221
119000103,2013,672,1341
119000104,3230,1735,1495
119000105,1428,2308,-880
119000106,439,1775,-1336
119000107,860,538,322
119000108,444,1218,-774
119000109,213,607,-394
119000110,654,479,175
119000111,93,715,-622
119000112,240,165,75
119000113,2839,443,2396
119000114,1239,1429,-190
119000115,172,179,-7
119000116,171,142,29
119000117,240,541,-301
119000118,1,1,0
119000123,5837,2027,3810
119000124,846,177,669
119000125,3524,950,2574
119000126,559,706,-147
119000127,536,655,-119
119000128,19,3,16
119000131,860,876,-16
119000132,8,5,3
119000133,2,6,-4
119000134,2189,590,1599
119000135,138,227,-89
119000136,316,254,62
119000137,259,473,-214
119000138,541,365,176
119000139,371,313,58
119000140,235,439,-204
119000284,1514,3095,-1581
119000285,2553,2540,13
119000286,7913,6231,1682
119000287,1372,2486,-1114
119000288,2203,1593,610
119000289,1976,3525,-1549
119000290,257,506,-249
119000291,4,289,-285
119000293,126,160,-34
119000294,56,48,8
119000295,1640,526,1114
119000296,269,166,103
119000302,2810,1528,1282
119000303,61,173,-112
119000314,1846,9989,-8143
119000315,2,500,-498
119000316,130,156,-26
119000317,89,378,-289
119900001,376,1328,-952
119900002,187,370,-183
119900003,81,1405,-1324
119900004,415,1306,-891
119900005,226,152,74
119900006,289,542,-253
119900007,1397,365,1032
119900008,487,75,412
119900009,1004,991,13
119900010,1521,1432,89
119900011,37,148,-111
119900012,24,133,-109
119900013,2218,1210,1008
119900014,693,336,357
119900015,156,52,104
119900016,59,139,-80
119900017,56,55,1
119900018,2195,1004,1191
119900019,56,23,33
119900020,257,269,-12
119900021,226,345,-119
119900022,172,818,-646
119900023,742,1455,-713
119900025,223,55,168
119900026,1019,235,784
119900027,56,23,33
119900028,532,159,373
119900029,3,16,-13
119900030,681,573,108
119900031,79,346,-267
119900033,2673,467,2206
119900034,483,164,319
119900037,231,85,146
119900038,57,387,-330
119900039,73,25,48
119900040,240,25,215
119900041,155,62,93
119900042,557,179,378
119900043,71,229,-158
119900044,308,1170,-862
119900046,131,110,21
119900047,303,101,202
119900048,60,33,27
119900049,186,15,171
119900050,189,171,18
119900051,706,25,681
119900052,98,87,11
119900053,213,193,20
119900054,128,12,116
119900055,1608,526,1082
119900057,343,120,223
119900058,312,14,298
119900059,150,46,104
119900060,276,30,246
119900062,92,45,47
119900063,43,73,-30
119900064,466,104,362
119900065,336,20,316
119900066,5,1,4
119900067,216,48,168
119900068,517,1,516
119900069,108,47,61
119900070,924,15,909
119900071,810,39,771
119900073,1974,812,1162
119900074,110,49,61
119900075,6174,3389,2785
119900076,964,486,478
119900077,997,1227,-230
119900078,634,1154,-520
119900079,405,385,20
119900080,1963,1555,408
119900081,325,47,278
119900082,1704,448,1256
119900083,568,240,328
119900084,1048,429,619
119900085,65,114,-49
119900087,850,453,397
119900088,47,76,-29
119900089,95,534,-439
119900090,174,100,74
119900091,57,999,-942
119900092,188,516,-328
119900093,1435,327,1108
119900094,89,239,-150
119900095,266,166,100
119900096,73,186,-113
119900097,645,228,417
119900098,78,74,4
119900099,38,303,-265
119900100,2456,2883,-427
119900101,258,1384,-1126
119900102,96,391,-295
119900103,58,475,-417
119900104,60,278,-218
119900105,1177,2417,-1240
119900106,28,207,-179
119900107,372,3170,-2798
119900108,2667,833,1834
119900109,21,176,-155
119900110,745,682,63
119900111,181,383,-202
119900112,1870,740,1130
119900113,113,384,-271
119900114,311,1385,-1074
119900115,423,1166,-743
119900116,299,497,-198
119900117,491,893,-402
119900118,133,1049,-916
119900119,289,227,62
119900120,958,879,79
119900121,455,1326,-871
119900122,654,545,109
119900123,348,404,-56
119900124,252,971,-719
119900125,114,305,-191
119900126,5120,391,4729
119900127,2981,1386,1595
119900128,607,920,-313
119900129,328,723,-395
119900130,49,353,-304
119900131,57,320,-263
119900132,7,302,-295
119900133,84,145,-61
119900134,2212,368,1844
119900135,6,537,-531
119900136,301,424,-123
119900138,538,668,-130
119900139,188,132,56
119900140,2,115,-113
119900141,193,1006,-813
119900142,20,90,-70
119900143,22,239,-217
119900144,1945,363,1582
119900145,149,245,-96
119900146,202,342,-140
119900147,3,227,-224
119900148,246,113,133
119900149,1584,4483,-2899
119900150,202,227,-25
119900151,2098,1057,1041
119900152,199,488,-289
119900153,185,122,63
119900154,15,288,-273
119900155,68,89,-21
119900156,25,10,15
119900157,195,319,-124
119900158,228,138,90
119900159,7,1591,-1584
119900160,46,273,-227
119900161,158,260,-102
119900162,1120,1140,-20
119900163,211,242,-31
119900164,0,2,-2
119900165,217,247,-30
119900166,148,74,74
119900167,133,257,-124
119900168,903,652,251
119900169,183,465,-282
119900170,319,384,-65
119900171,1775,649,1126
119900172,242,35,207
119900173,7,494,-487
119900174,12,326,-314
119900175,1371,1074,297
119900177,43,268,-225
119900178,18,213,-195
119900179,113,566,-453
119900180,1143,1135,8
119900181,92,194,-102
119900182,13,490,-477
119900183,219,798,-579
119900184,3014,770,2244
119900185,51,243,-192
119900186,117,906,-789
119900187,45,583,-538
119900188,163,462,-299
119900189,968,585,383
119900190,98,353,-255
119900191,442,266,176
119900192,126,251,-125
119900193,514,275,239
119900194,54,107,-53
119900195,78,313,-235
119900196,2338,812,1526
119900197,330,199,131
119900198,480,396,84
119900199,215,31,184
119900200,860,880,-20
119900201,439,324,115
119900202,125,250,-125
119900203,297,688,-391
119900204,309,409,-100
119900205,802,642,160
119900206,201,217,-16
119900208,217,229,-12
119900209,605,1487,-882
119900210,53,73,-20
119900211,132,12,120
119900212,157,247,-90
119900213,28,129,-101
119900214,35,129,-94
119900215,106,119,-13
119900216,36,88,-52
119900217,21,99,-78
119900218,48,122,-74
119900219,6,128,-122
119900220,15,142,-127
119900221,30,333,-303
119900222,19,282,-263
119900223,17,85,-68
119900224,44,43,1
119900225,1081,74,1007
119900226,735,2191,-1456
119900227,1400,458,942
119900228,504,389,115
119900229,476,599,-123
119900230,1907,846,1061
119900231,304,270,34
119900232,383,180,203
119900233,102,22,80
119900234,57,131,-74
119900235,64,85,-21
119900236,71,288,-217
119900237,130,791,-661
119900238,11,98,-87
119900240,175,202,-27
119900241,250,338,-88
119900242,2155,2265,-110
119900244,830,1865,-1035
119900245,202,249,-47
119900246,461,803,-342
119900247,41,156,-115
119900248,97,269,-172
119900249,248,135,113
119900253,3497,561,2936
119900254,106,808,-702
119900255,150,732,-582
119900256,802,1307,-505
119900257,132,18,114
119900258,223,16,207
119900259,18,181,-163
119900260,206,14,192
119900261,477,262,215
119900262,2,262,-260
119900263,1186,532,654
119900264,115,304,-189
119900265,841,440,401
119900266,339,437,-98
119900267,337,653,-316
119900268,404,244,160
119900269,1311,1492,-181
119900271,70,170,-100
119900272,568,264,304
119900275,179,17,162
119900276,55,3,52
119900277,20,12,8
119900278,465,133,332
119900279,144,439,-295
119900280,881,254,627
119900281,2,222,-220
119900282,100,132,-32
119900283,16,318,-302
119900284,74,277,-203
119900285,31,48,-17
119900286,5,14,-9
119900288,4,21,-17
119900289,3,47,-44
119900290,7,53,-46
119900291,1,142,-141
119900292,37,29,8
119900293,42,5,37
119900294,50,3,47
119900295,20,0,20
119900296,149,56,93
119900299,119,275,-156
119900300,357,363,-6
119900301,133,119,14
119900302,250,163,87
119900303,443,502,-59
119900304,395,103,292
119900305,32,170,-138
119900306,53,4,49
119900307,120,196,-76
119900308,20,43,-23
119900309,56,143,-87
119900310,360,360,0
119900311,84,169,-85
119900312,119,154,-35
119900313,339,423,-84
119900314,240,596,-356
119900315,1626,2585,-959
119900318,16,48,-32
119900319,65,431,-366
119900320,225,631,-406
119900321,94,6,88
119900322,36,111,-75
119900323,6,178,-172
119900324,0,60,-60
119900325,21,336,-315
119900326,90,75,15
120000001,7511,14136,-6625
120000002,3039,3317,-278
120000003,4065,2083,1982
120000004,3414,2787,627
120000005,4840,2481,2359
120000006,1408,1603,-195
120000007,4138,3724,414
120000008,1239,1629,-390
120000009,3803,1200,2603
120000010,2094,3290,-1196
120000011,1461,2205,-744
120000012,1564,3264,-1700
120000013,3153,3254,-101
120000014,836,1737,-901
120000015,2663,1784,879
120000016,3848,2439,1409
120000017,3825,2562,1263
120000018,4388,11817,-7429
120000019,1144,1488,-344
120000020,3821,3632,189
120000021,2203,2509,-306
120000022,3276,4279,-1003
120000023,1212,1971,-759
120000024,1561,2748,-1187
120000025,2591,2414,177
120000026,2123,2087,36
120000027,2369,2410,-41
120000028,1160,1136,24
120000029,4570,1253,3317
120000030,1698,1222,476
120000031,2774,7277,-4503
120000032,10294,5409,4885
120000033,5456,2633,2823
120000034,1904,2445,-541
120000035,2208,2295,-87
120000036,3555,5904,-2349
120000037,799,1675,-876
120000038,7748,4815,2933
120000039,736,1091,-355
120000040,389,438,-49
120000041,2268,1876,392
120000042,2609,3011,-402
120000043,5519,2386,3133
120000044,5231,2184,3047
120000045,5764,1505,4259
120000046,3301,3017,284
120000047,1481,5353,-3872
120000048,8688,5046,3642
120000049,3196,3121,75
120000050,4711,4332,379
120000051,3771,5167,-1396
120000052,10034,3150,6884
120000053,1475,3226,-1751
120000054,1674,5045,-3371
120000055,2077,5589,-3512
120000056,4768,4561,207
120000057,3206,1011,2195
120000058,4970,995,3975
120000059,64,1832,-1768
120000061,169,725,-556
120000062,269,371,-102
120000063,1821,3010,-1189
120000064,261,1335,-1074
120000065,742,2056,-1314
120000066,255,696,-441
120000067,95,491,-396
120000068,171,982,-811
120000069,631,1251,-620
120000070,86,721,-635
120000071,451,146,305
120000072,828,448,380
120000073,949,135,814
120000074,317,152,165
120000075,941,353,588
120000076,2296,503,1793
120000077,2045,772,1273
120000078,3945,1323,2622
120000079,313,211,102
120000080,187,213,-26
120000081,430,161,269
120000082,234,271,-37
120000083,112,617,-505
120000084,434,505,-71
120000085,408,533,-125
120000086,274,654,-380
120000087,205,767,-562
120000088,920,1439,-519
120000089,1467,909,558
120000090,884,686,198
120000091,1147,1370,-223
120000092,1678,852,826
120000093,521,596,-75
120000094,203,863,-660
120000095,1345,681,664
120000096,347,1124,-777
120000098,1339,1258,81
120000099,607,1090,-483
120000100,911,1176,-265
120000101,614,575,39
120000102,624,907,-283
120000103,1732,1000,732
120000104,1911,605,1306
120000105,3231,860,2371
120000106,2800,842,1958
120000107,3869,746,3123
120000108,1453,200,1253
120000109,1296,98,1198
120000110,127,1100,-973
120000111,493,1337,-844
120000112,940,3532,-2592
120000113,829,2595,-1766
120000114,1166,3341,-2175
120000115,432,2637,-2205
120000116,1029,2417,-1388
120000117,1287,1748,-461
120000118,57,38,19
120000119,33,114,-81
120000120,91,66,25
120000121,50,87,-37
120000122,301,349,-48
120000123,6258,5573,685
120000124,534,454,80
120000125,555,731,-176
120000126,455,815,-360
120000127,3528,966,2562
120000128,4628,4601,27
120000129,346,327,19
120000130,955,746,209
120000131,351,701,-350
120000134,470,1396,-926
120000135,672,648,24
120000137,322,1775,-1453
120000138,920,606,314
120000139,371,902,-531
120000140,803,738,65
120000141,1032,706,326
120000142,1034,768,266
120000143,3,159,-156
120000144,148,3,145
120000145,360,4,356
120000146,1439,1055,384
120000149,861,1691,-830
120000150,4236,13367,-9131
120000151,452,625,-173
120000152,630,263,367
120000153,385,571,-186
120000154,680,499,181
120000155,108,295,-187
120000156,1131,1180,-49
120000157,1153,862,291
120000158,1176,933,243
120000159,2573,3106,-533
120000160,2781,1714,1067
120000161,2216,2667,-451
120000162,87,263,-176
120000163,729,1754,-1025
120000164,599,651,-52
120000165,545,1028,-483
120000166,1413,739,674
120000167,134,215,-81
120000168,34,653,-619
120000169,62,1634,-1572
120000170,65,839,-774
120000171,48,365,-317
120000172,125,190,-65
120000173,2518,737,1781
120000174,403,54,349
120000175,500,46,454
120000176,743,74,669
120000177,1729,164,1565
120000178,158,31,127
120000179,374,78,296
120000180,853,179,674
120000181,179,969,-790
120000182,81,472,-391
120000183,23,434,-411
120000184,183,1146,-963
120000186,113,420,-307
120000187,50,157,-107
120000188,214,334,-120
120000190,1668,69,1599
120000191,1759,120,1639
120000192,1662,45,1617
120000193,744,17,727
120000195,146,15,131
120000196,644,73,571
120000197,140,202,-62
120000198,227,123,104
120000199,167,2,165
120000200,144,1,143
120000201,13,46,-33
120000202,3,57,-54
120000203,69,261,-192
120000207,3,117,-114
120000208,5,289,-284
120000209,5,106,-101
120000210,77,132,-55
120000211,201,3,198
120000212,216,0,216
120000213,177,366,-189
120000214,0,396,-396
120000215,3,197,-194
120000216,80,25,55
120000217,845,1261,-416
120000218,215,890,-675
120000219,5,536,-531
120000220,12,1814,-1802
120000225,1768,5,1763
120000226,460,13,447
120000227,968,83,885
120000228,9876,3712,6164
120000230,409,28,381
120000231,1347,2407,-1060
120000233,334,3,331
120000235,250,767,-517
120000236,1027,2,1025
120000237,3,1524,-1521
120000238,7,679,-672
120000241,1596,4060,-2464
120000412,1236,23,1213
120000413,261,310,-49
120000414,119,10,109
120000415,5,135,-130
120000416,179,14,165
120000417,26,104,-78
120000418,188,24,164
120000419,18,390,-372
120000420,53,40,13
120000421,12499,7364,5135
120000422,162,1386,-1224
120000423,2,66,-64
120000424,97,184,-87
120000436,173,737,-564
120000437,146,202,-56
120000438,3036,365,2671
120000439,262,642,-380
120000443,194,0,194
120000444,1297,576,721
120000445,1938,1213,725
120000446,768,248,520
120000447,207,4,203
120000449,135,17,118
120000450,6,278,-272
120000451,186,249,-63
120000452,217,5,212
120000453,0,266,-266
120000454,71,62,9
120000455,118,66,52
120000456,2646,4222,-1576
120000457,1746,688,1058
120000458,618,768,-150
120000459,143,68,75
120000665,1262,310,952
120000668,209,761,-552
120000669,80,193,-113
120000670,312,738,-426
120000671,2231,484,1747
120000672,117,657,-540
120900001,80,124,-44
120900002,637,738,-101
120900003,388,48,340
120900004,24,75,-51
120900005,122,1335,-1213
120900006,473,252,221
120900007,156,125,31
120900008,424,1639,-1215
120900009,410,32,378
120900010,669,143,526
120900011,313,210,103
120900012,586,1573,-987
120900013,456,154,302
120900014,9,837,-828
120900015,1021,106,915
120900016,910,78,832
120900017,2857,140,2717
120900018,198,605,-407
120900019,781,420,361
120900020,989,1603,-614
120900021,861,292,569
120900022,41,501,-460
120900023,311,35,276
120900024,2693,691,2002
120900025,2032,1181,851
120900026,330,291,39
120900027,924,26,898
120900028,466,122,344
120900029,227,545,-318
120900030,1358,935,423
120900031,290,147,143
120900032,1057,142,915
120900033,1242,103,1139
120900034,30,2891,-2861
120900035,78,254,-176
120900037,297,15,282
120900038,109,311,-202
120900039,109,75,34
120900040,369,12,357
120900041,183,46,137
120900042,575,61,514
120900043,142,42,100
120900044,25,418,-393
120900045,203,200,3
120900046,516,7,509
120900047,230,130,100
120900048,142,43,99
120900049,521,5,516
120900050,3088,1813,1275
120900051,356,137,219
120900052,810,6,804
120900053,338,143,195
120900054,2281,878,1403
120900055,462,4,458
120900056,663,35,628
120900057,179,23,156
120900058,558,4,554
120900059,137,5,132
120900060,79,38,41
120900061,333,389,-56
120900062,287,2,285
120900063,683,7,676
120900064,632,1,631
120900065,524,3,521
120900066,311,332,-21
120900067,265,70,195
120900068,254,1,253
120900069,273,88,185
120900071,100,6,94
120900072,791,7,784
120900073,594,271,323
120900074,761,15,746
120900076,437,2,435
120900077,3882,443,3439
120900078,779,612,167
120900079,795,132,663
120900080,827,2070,-1243
120900081,1061,899,162
120900082,832,481,351
120900083,82,5,77
120900084,321,541,-220
120900085,108,160,-52
120900086,208,412,-204
120900087,537,411,126
120900088,234,411,-177
120900089,4068,3131,937
120900090,256,173,83
120900091,782,1013,-231
120900092,1622,751,871
120900093,3179,315,2864
120900094,652,286,366
120900095,845,39,806
120900096,77,307,-230
120900097,838,937,-99
120900098,347,290,57
120900099,91,122,-31
120900100,182,363,-181
120900101,959,471,488
120900102,88,110,-22
120900103,89,299,-210
120900104,28,69,-41
120900105,53,771,-718
120900106,1495,762,733
120900107,293,213,80
120900108,5,743,-738
120900109,88,888,-800
120900110,20,644,-624
120900111,206,458,-252
120900112,37,1004,-967
120900113,17,1034,-1017
120900114,47,222,-175
120900115,235,263,-28
120900116,429,576,-147
120900117,4,598,-594
120900118,14,738,-724
120900119,4671,6234,-1563
120900120,68,636,-568
120900121,258,677,-419
120900122,589,642,-53
120900123,8,538,-530
120900124,0,594,-594
120900125,4,882,-878
120900126,2186,1554,632
120900127,15,579,-564
120900128,1360,1759,-399
120900129,67,435,-368
120900130,28,698,-670
120900131,62,155,-93
120900132,1078,381,697
120900133,273,1078,-805
120900134,888,517,371
120900135,22,707,-685
120900136,74,153,-79
120900137,316,156,160
120900138,34,262,-228
120900139,1,819,-818
120900140,4,122,-118
120900141,317,283,34
120900142,26,610,-584
120900143,5,1101,-1096
120900144,0,223,-223
120900145,467,933,-466
120900146,12,1290,-1278
120900147,1,705,-704
120900148,150,217,-67
120900149,1,345,-344
120900150,49,625,-576
120900151,0,671,-671
120900152,2,47,-45
120900153,49,112,-63
120900154,0,316,-316
120900155,229,1146,-917
120900156,62,315,-253
120900157,107,197,-90
120900158,69,678,-609
120900159,161,295,-134
120900160,43,743,-700
120900161,49,667,-618
120900162,61,738,-677
120900163,43,680,-637
120900164,4,18,-14
120900165,45,45,0
120900166,234,630,-396
120900167,633,213,420
120900169,79,426,-347
120900170,1491,2878,-1387
120900171,1560,530,1030
120900172,1315,1039,276
120900173,0,99,-99
120900174,9,163,-154
120900175,295,198,97
120900176,36,449,-413
120900177,5,1316,-1311
120900178,2,552,-550
120900179,1114,637,477
120900180,149,151,-2
120900181,204,54,150
120900182,31,291,-260
120900183,361,72,289
120900184,237,133,104
120900185,13,432,-419
120900186,0,440,-440
120900187,652,1594,-942
120900188,277,25,252
120900189,204,1270,-1066
120900190,102,6,96
120900191,22,32,-10
120900192,12604,7718,4886
120900194,62,126,-64
120900195,158,396,-238
120900196,951,51,900
120900197,734,180,554
120900198,274,719,-445
120900199,598,2064,-1466
120900200,95,170,-75
120900201,597,230,367
120900202,4,187,-183
120900203,57,92,-35
120900204,192,374,-182
120900205,68,95,-27
120900206,23,60,-37
120900207,8,106,-98
121000001,935,1147,-212
121000002,2812,1350,1462
121000003,3340,2220,1120
121000004,3289,3670,-381
121000005,1978,3213,-1235
121000006,4183,1894,2289
121000007,2928,3192,-264
121000008,6259,4020,2239
121000009,6719,6171,548
121000010,9299,6582,2717
121000011,11683,14657,-2974
121000012,20450,12128,8322
121000013,5737,8131,-2394
121000014,7151,6542,609
121000015,4863,7765,-2902
121000016,5241,3855,1386
121000017,2414,4559,-2145
121000018,3034,1909,1125
121000019,22560,15128,7432
121000020,16651,18259,-1608
121000021,3646,3533,113
121000022,3376,3438,-62
121000023,5841,3592,2249
121000024,5716,5673,43
121000025,850,1649,-799
121000026,376,157,219
121000027,1764,1354,410
121000028,1020,691,329
121000029,1254,944,310
121000030,806,608,198
121000031,795,813,-18
121000032,246,116,130
121000034,618,231,387
121000035,179,145,34
121000036,1366,1034,332
121000037,659,747,-88
121000038,597,1025,-428
121000039,489,757,-268
121000041,828,650,178
121000042,489,482,7
121000043,940,766,174
121000044,1666,975,691
121000045,630,409,221
121000046,964,1209,-245
121000047,132,135,-3
121000049,2014,725,1289
121000050,364,1207,-843
121000051,797,366,431
121000052,406,729,-323
121000053,525,90,435
121000054,73,398,-325
121000055,1436,1330,106
121000056,862,1163,-301
121000057,514,658,-144
121000058,510,265,245
121000059,2524,1723,801
121000060,673,934,-261
121000061,154,390,-236
121000062,429,380,49
121000063,1023,889,134
121000064,887,1077,-190
121000065,571,620,-49
121000066,795,821,-26
121000067,844,781,63
121000068,998,707,291
121000069,1490,1231,259
121000070,2921,1697,1224
121000071,2315,1586,729
121000072,2788,998,1790
121000073,1492,1055,437
121000074,325,158,167
121000075,117,589,-472
121000076,1727,620,1107
121000077,219,238,-19
121000078,139,203,-64
121000080,2977,885,2092
121000081,5863,3544,2319
121000082,136,367,-231
121000083,252,195,57
121000084,221,203,18
121000085,402,532,-130
121000086,297,845,-548
121000087,97,389,-292
121000088,589,752,-163
121000089,554,541,13
121000090,691,546,145
121000091,1839,1117,722
121000092,186,105,81
121000093,194,289,-95
121000094,685,982,-297
121000095,441,832,-391
121000096,2703,3168,-465
121000097,1462,2788,-1326
121000098,753,1372,-619
121000099,764,961,-197
121000100,1100,580,520
121000101,460,385,75
121000102,352,444,-92
121000103,361,400,-39
121000104,379,229,150
121000105,644,321,323
121000106,497,486,11
121000107,2291,3949,-1658
121000109,1688,1288,400
121000110,422,722,-300
121000114,3177,2224,953
121000115,1242,885,357
121000116,333,1135,-802
121000117,989,278,711
121000118,1456,319,1137
121000119,419,529,-110
121000120,323,583,-260
121000121,748,1442,-694
121000123,2464,900,1564
121000126,108,302,-194
121000127,290,105,185
121000128,1269,553,716
121000129,966,757,209
121000130,710,1076,-366
121000131,3390,2594,796
121000132,2368,2132,236
121000135,726,1022,-296
121000136,2209,1111,1098
121000137,646,381,265
121000138,1476,1277,199
121000139,841,418,423
121000141,284,181,103
121000142,975,1036,-61
121000143,197,28,169
121000144,1597,2441,-844
121000145,661,1430,-769
121000146,1436,1154,282
121000147,1076,693,383
121000148,1121,1363,-242
121000149,2317,1590,727
121000152,762,723,39
121000153,2293,899,1394
121000154,1041,755,286
121000155,1637,1355,282
121000156,455,1028,-573
121000157,1284,2231,-947
121000158,479,607,-128
121000159,193,508,-315
121000160,335,462,-127
121000161,300,382,-82
121000162,141,277,-136
121000165,2043,2201,-158
121000166,27,453,-426
121000168,450,312,138
121000169,65,176,-111
121000170,418,115,303
121000171,131,210,-79
121000172,854,554,300
121000173,1623,1314,309
121000174,428,460,-32
121000175,1024,435,589
121000176,377,260,117
121000177,1328,817,511
121000178,166,75,91
121000179,157,95,62
121000181,603,616,-13
121000182,163,240,-77
121000183,137,121,16
121000184,304,172,132
121000185,71,201,-130
121000186,237,603,-366
121000187,251,263,-12
121000188,269,276,-7
121000192,1091,484,607
121000193,773,708,65
121000194,2835,2608,227
121000195,388,943,-555
121000196,948,350,598
121000197,300,892,-592
121000198,253,117,136
121000199,175,398,-223
121000200,639,88,551
121000201,5,224,-219
121000202,964,173,791
121000203,1083,2533,-1450
121000204,3036,1037,1999
121000205,276,333,-57
121000206,230,45,185
121000207,2826,502,2324
121000208,9,454,-445
121000209,442,366,76
121000210,539,438,101
121000211,408,181,227
121000212,455,622,-167
121000213,10855,3465,7390
121000214,1002,2253,-1251
121000215,1234,1115,119
121000216,557,722,-165
121000217,4453,2513,1940
121000218,497,1627,-1130
121000219,1416,432,984
121000220,229,62,167
121000221,145,202,-57
121000222,2567,2569,-2
121000223,805,441,364
121000224,431,201,230
121000225,1650,1840,-190
121000226,3163,1124,2039
121000227,6,201,-195
121000228,24,675,-651
121000229,347,442,-95
121000230,84,1568,-1484
121000231,1065,40,1025
121000232,464,326,138
121000233,626,410,216
121000234,32,35,-3
121000235,114,86,28
121000236,13,44,-31
121000237,69,42,27
121000238,14,76,-62
121000239,63,11,52
121000240,14,207,-193
121000241,98,29,69
121000242,63,294,-231
121000243,653,181,472
121000244,13,102,-89
121000245,113,30,83
121000246,6,102,-96
121000247,69,12,57
121000248,1685,492,1193
121000249,155,275,-120
121000250,778,211,567
121000251,37,384,-347
121000252,103,82,21
121000253,445,489,-44
121000254,619,215,404
121000255,254,239,15
121000256,559,204,355
121000257,65,89,-24
121000258,182,74,108
121000259,73,62,11
121000260,136,133,3
121000261,153,44,109
121000262,1040,933,107
121000263,657,486,171
121000271,356,1767,-1411
121000273,70,9,61
121000274,9,32,-23
121000275,3,11,-8
121000276,10,10,0
121000278,37,18,19
121000279,117,21,96
121000280,72,42,30
121000289,261,13,248
121000290,1330,1150,180
121000294,177,201,-24
121000297,1290,1321,-31
121000299,266,432,-166
121000300,1070,734,336
121000302,71,1561,-1490
121000303,537,671,-134
121000304,579,83,496
121000305,190,79,111
121000306,110,161,-51
121000308,215,432,-217
121000309,484,695,-211
121000310,125,452,-327
121000311,132,1110,-978
121000312,469,278,191
121000313,478,715,-237
121000314,175,217,-42
121000315,78,158,-80
121000530,1466,1568,-102
121000531,1802,1731,71
121000532,7492,8534,-1042
121000533,3564,3989,-425
121000918,73,165,-92
121000919,48,45,3
121000938,170,437,-267
121000939,266,466,-200
121000956,1549,1302,247
121000957,7,13,-6
121000958,110,62,48
121000959,879,934,-55
121000960,2582,2247,335
121000961,274,173,101
121000962,264,589,-325
121000973,2,170,-168
121000976,63,317,-254
121000979,564,239,325
121000981,417,359,58
121000982,386,191,195
121000983,555,576,-21
121000984,60,89,-29
121000985,719,536,183
121000986,434,255,179
121000987,251,943,-692
121000988,866,132,734
121001302,358,125,233
121001308,7,11,-4
121001309,109,123,-14
121001313,314,225,89
121001314,2225,3338,-1113
121001315,5045,3280,1765
121900001,165,191,-26
121900002,45,31,14
121900003,489,18,471
121900004,164,476,-312
121900005,39,12,27
121900006,183,40,143
121900007,2343,2935,-592
121900008,3791,1261,2530
121900009,686,19,667
121900010,315,5,310
121900011,564,631,-67
121900012,15,0,15
121900013,1876,150,1726
121900014,1351,487,864
121900015,272,270,2
121900016,4,56,-52
121900017,1186,600,586
121900018,548,14,534
121900019,592,319,273
121900020,24,3,21
121900021,1031,35,996
121900022,349,314,35
121900023,202,391,-189
121900024,501,129,372
121900025,897,472,425
121900026,466,86,380
121900027,561,262,299
121900028,430,19,411
121900029,107,215,-108
121900030,578,702,-124
121900031,1366,6800,-5434
121900032,132,106,26
121900033,223,191,32
121900034,398,86,312
121900035,3475,2829,646
121900036,68,336,-268
121900037,242,1076,-834
121900038,65,203,-138
121900039,488,80,408
121900040,109,110,-1
121900041,141,169,-28
121900042,398,177,221
121900043,7,7,0
121900044,294,84,210
121900046,396,543,-147
121900047,271,93,178
121900048,69,167,-98
121900050,52,85,-33
121900051,203,166,37
121900052,226,70,156
121900053,817,399,418
121900054,751,1053,-302
121900055,12,32,-20
121900058,206,230,-24
121900059,697,295,402
121900060,222,356,-134
121900061,283,285,-2
121900062,244,180,64
121900063,1572,456,1116
121900064,338,707,-369
121900066,75,52,23
121900067,101,62,39
121900069,208,207,1
121900070,373,184,189
121900071,432,444,-12
121900072,80,171,-91
121900073,337,287,50
121900074,1106,1357,-251
121900075,548,514,34
121900076,450,791,-341
121900077,27,29,-2
121900078,136,76,60
121900079,0,0,0
121900080,1353,594,759
121900082,105,114,-9
121900084,37,240,-203
121900085,4,26,-22
121900086,7,85,-78
121900087,250,140,110
121900088,2675,4002,-1327
121900089,227,445,-218
121900090,95,183,-88
121900091,75,145,-70
121900092,184,150,34
121900093,83,91,-8
121900094,44,16,28
121900095,298,186,112
121900096,1814,1170,644
121900097,637,412,225
121900098,26,12,14
121900099,279,99,180
121900100,364,661,-297
121900101,268,194,74
121900102,10,243,-233
121900103,756,291,465
121900104,1780,403,1377
121900105,372,356,16
121900106,21,10,11
121900107,57,53,4
121900108,5,32,-27
121900109,379,172,207
121900110,533,1094,-561
121900111,1087,241,846
121900112,298,195,103
121900113,94,467,-373
121900114,158,115,43
121900117,575,143,432
121900118,2474,750,1724
121900119,283,157,126
121900120,83,1716,-1633
121900121,738,64,674
121900122,32,105,-73
121900123,225,536,-311
121900124,208,176,32
121900125,2572,1197,1375
121900127,18,137,-119
121900128,77,160,-83
121900129,730,243,487
121900130,138,348,-210
121900131,356,108,248
121900132,78,130,-52
121900133,141,1019,-878
121900134,80,282,-202
121900135,3026,545,2481
121900136,841,385,456
121900137,91,417,-326
121900138,166,256,-90
121900139,431,676,-245
121900140,122,292,-170
121900141,89,47,42
121900142,193,240,-47
121900143,55,206,-151
121900144,242,315,-73
121900145,286,499,-213
121900146,764,1142,-378
121900147,99,213,-114
121900148,326,429,-103
121900149,528,857,-329
121900150,106,184,-78
121900151,125,288,-163
121900152,126,169,-43
121900153,140,1042,-902
121900154,26,276,-250
121900155,5,249,-244
121900156,249,200,49
121900157,7,504,-497
121900158,140,135,5
121900159,0,313,-313
121900160,15,339,-324
121900161,553,485,68
121900162,91,256,-165
121900163,302,994,-692
121900164,583,291,292
121900165,470,216,254
121900166,151,160,-9
121900167,116,150,-34
121900168,202,313,-111
121900169,4,224,-220
121900170,15,214,-199
121900171,959,827,132
121900172,665,378,287
121900173,1166,329,837
121900174,52,122,-70
121900175,404,334,70
121900176,659,1785,-1126
121900177,298,99,199
121900178,53,76,-23
121900179,632,225,407
121900180,4796,4934,-138
121900182,698,328,370
121900183,990,1185,-195
121900184,128,840,-712
121900186,25,427,-402
121900187,39,241,-202
121900188,667,547,120
121900189,48,156,-108
121900190,348,624,-276
121900191,115,213,-98
121900192,387,830,-443
121900193,91,238,-147
121900194,8,332,-324
121900195,118,130,-12
121900196,1185,1259,-74
121900197,491,1796,-1305
121900198,1439,1147,292
121900199,3,32,-29
121900200,182,316,-134
121900201,1386,1069,317
121900202,264,803,-539
121900203,336,1265,-929
121900204,1131,1624,-493
121900205,31,131,-100
121900206,28,60,-32
121900207,163,48,115
121900208,245,324,-79
121900209,96,65,31
121900210,1576,1296,280
121900211,39,121,-82
121900212,167,129,38
121900213,218,94,124
121900214,12,557,-545
121900215,83,231,-148
121900216,47,276,-229
121900217,417,180,237
121900218,280,489,-209
121900220,199,14,185
121900221,265,785,-520
121900222,191,205,-14
121900223,223,91,132
121900224,106,64,42
121900225,122,98,24
121900226,404,1978,-1574
121900227,409,701,-292
121900228,297,487,-190
121900230,175,452,-277
121900231,795,3437,-2642
121900232,386,600,-214
121900233,276,313,-37
121900234,281,342,-61
121900235,558,236,322
121900236,534,222,312
121900237,226,350,-124
121900238,193,336,-143
121900239,547,61,486
121900240,395,201,194
121900241,95,106,-11
121900242,19,2,17
121900243,24,2,22
121900244,78,5,73
121900245,192,107,85
121900246,2412,351,2061
121900247,594,322,272
121900248,1935,1601,334
121900250,409,301,108
121900251,471,62,409
121900252,694,176,518
121900253,143,728,-585
121900254,653,362,291
121900255,392,144,248
121900258,3570,2597,973
121900259,512,730,-218
121900260,234,221,13
121900261,228,778,-550
121900262,546,939,-393
121900263,447,328,119
121900264,2384,1828,556
121900265,360,311,49
121900266,516,233,283
121900267,89,51,38
121900269,318,880,-562
121900270,39,251,-212
121900271,62,222,-160
121900273,551,2160,-1609
121900274,296,340,-44
121900277,740,1315,-575
121900278,149,1041,-892
121900279,155,210,-55
121900280,170,436,-266
121900281,988,750,238
121900284,287,12,275
121900286,196,107,89
121900287,20,27,-7
121900288,2,0,2
121900290,298,423,-125
121900291,484,680,-196
121900292,257,131,126
121900293,1357,3082,-1725
121900294,357,2,355
121900295,264,286,-22
121900296,70,214,-144
121900298,370,768,-398
121900299,1,5,-4
121900300,195,3,192
121900301,153,14,139
121900302,3,100,-97
121900303,438,522,-84
121900304,0,113,-113
121900305,7,25,-18
121900306,322,9,313
121900307,107,42,65
121900308,40,326,-286
121900309,11,333,-322
121900310,55,491,-436
121900311,559,28,531
121900312,428,17,411
121900313,431,24,407
121900314,8,84,-76
121900315,19,1,18
121900316,0,14,-14
121900317,34,15,19
121900318,7,16,-9
121900319,60,177,-117
121900320,67,77,-10
121900321,7,7,0
121900322,17,25,-8
121900323,15,18,-3
121900324,4,55,-51
121900325,31,14,17
121900326,5,21,-16
121900327,14,86,-72
121900328,0,44,-44
121900329,4,296,-292
121900330,2,46,-44
121900331,52,70,-18
121900332,95,47,48
121900333,27,1,26
122000001,3019,5314,-2295
122000002,5141,2013,3128
122000003,2563,3039,-476
122000004,3520,1945,1575
122000005,2921,2045,876
122000006,2411,1035,1376
122000007,1360,2107,-747
122000008,5313,6235,-922
122000009,557,452,105
122000010,2571,3286,-715
122000011,4095,1771,2324
122000012,1577,1786,-209
122000013,1644,1082,562
122000014,1596,1374,222
122000015,1819,1315,504
122000016,807,1067,-260
122000017,1337,1201,136
122000018,1758,1564,194
122000019,874,1363,-489
122000020,304,300,4
122000021,473,596,-123
122000022,1642,1304,338
122000023,815,2130,-1315
122000024,1120,1528,-408
122000025,1549,1991,-442
122000026,1488,1263,225
122000027,714,2695,-1981
122000028,1160,584,576
122000029,609,573,36
122000030,443,166,277
122000031,429,313,116
122000032,2006,2304,-298
122000033,821,1510,-689
122000034,868,799,69
122000035,391,999,-608
122000036,721,719,2
122000037,423,309,114
122000038,299,475,-176
122000039,653,489,164
122000040,354,337,17
122000041,633,662,-29
122000042,402,529,-127
122000043,163,138,25
122000044,179,180,-1
122000045,1318,596,722
122000046,915,887,28
122000047,460,255,205
122000048,4853,5214,-361
122000049,6884,4027,2857
122000050,1899,903,996
122000051,419,299,120
122000052,782,482,300
122000053,224,745,-521
122000054,3040,2337,703
122000055,2766,3662,-896
122000056,5879,4198,1681
122000057,4201,4196,5
122000058,3544,1590,1954
122000059,3987,2243,1744
122000060,790,770,20
122000061,774,729,45
122000062,1372,465,907
122000063,1732,867,865
122000064,3716,3079,637
122000065,4795,2870,1925
122000066,1427,1152,275
122000067,1782,1394,388
122000068,1601,1206,395
122000069,798,786,12
122000070,1014,1910,-896
122000071,1713,1626,87
122000072,507,526,-19
122000073,521,818,-297
122000074,3326,1842,1484
122000075,1111,1476,-365
122000076,2765,1381,1384
122000077,1563,899,664
122000078,2932,3116,-184
122000079,1780,1478,302
122000080,1089,491,598
122000081,283,401,-118
122000082,969,1051,-82
122000083,1767,2262,-495
122000084,1886,1055,831
122000085,346,1347,-1001
122000086,2615,5855,-3240
122000087,630,247,383
122000088,500,650,-150
122000089,6581,2914,3667
122000090,362,527,-165
122000091,206,101,105
122000092,193,48,145
122000093,2333,1950,383
122000094,7422,3189,4233
122000095,3994,4951,-957
122000096,3415,2333,1082
122000098,4176,2763,1413
122000099,2280,744,1536
122000100,1093,568,525
122000101,513,796,-283
122000102,2386,1457,929
122000103,2490,1972,518
122000104,493,277,216
122000105,939,361,578
122000106,557,702,-145
122000107,1240,568,672
122000108,589,870,-281
122000109,629,360,269
122000110,648,720,-72
122000111,3146,1555,1591
122000112,999,1685,-686
122000113,794,821,-27
122000114,3691,1519,2172
122000115,2172,1493,679
122000116,734,655,79
122000117,2018,500,1518
122000118,685,1080,-395
122000119,4375,3150,1225
122000120,2515,5804,-3289
122000121,2750,4303,-1553
122000122,1070,2494,-1424
122000123,2299,2501,-202
122000124,1350,947,403
122000125,868,966,-98
122000126,947,1648,-701
122000127,1493,1857,-364
122000128,663,1087,-424
122000129,641,1560,-919
122000130,3870,1787,2083
122000131,1888,1823,65
122000132,742,932,-190
122000133,1241,2071,-830
122000134,1167,1088,79
122000135,959,1244,-285
122000136,1056,850,206
122000137,2045,1411,634
122000139,1511,4155,-2644
122000140,1253,784,469
122000141,5217,1244,3973
122000142,690,1097,-407
122000143,793,543,250
122000144,1720,1769,-49
122000145,1749,1072,677
122000146,1787,1288,499
122000147,852,511,341
122000148,2796,2799,-3
122000149,2567,2064,503
122000150,1412,1253,159
122000151,244,461,-217
122000152,443,529,-86
122000153,577,442,135
122000154,356,290,66
122000155,1990,2911,-921
122000156,3055,2868,187
122000157,2163,2477,-314
122000158,439,756,-317
122000159,1100,1973,-873
122000160,4700,2979,1721
122000161,1372,1433,-61
122000162,2747,2298,449
122000163,348,144,204
122000164,49,130,-81
122000165,1519,784,735
122000166,1378,1110,268
122000167,331,292,39
122000168,253,558,-305
122000169,444,192,252
122000170,453,302,151
122000171,66,118,-52
122000172,1667,1602,65
122000173,1791,2693,-902
122000174,2592,1064,1528
122000175,1271,367,904
122000176,530,823,-293
122000177,1824,1766,58
122000178,3113,2647,466
122000179,1996,2757,-761
122000180,2241,1632,609
122000181,2490,3347,-857
122000182,2277,1938,339
122000183,2634,1164,1470
122000184,3726,2588,1138
122000185,1841,1909,-68
122000186,560,825,-265
122000187,2157,1041,1116
122000188,597,284,313
122000189,338,376,-38
122000190,1273,1161,112
122000191,1076,895,181
122000192,1258,386,872
122000193,574,862,-288
122000194,613,201,412
122000195,175,584,-409
122000196,1724,839,885
122000197,659,968,-309
122000198,619,1072,-453
122000199,461,474,-13
122000200,1232,786,446
122000201,1830,1792,38
122000202,1612,1584,28
122000203,4347,1697,2650
122000204,2095,2353,-258
122000205,1720,1765,-45
122000206,2433,1128,1305
122000207,2257,1736,521
122000208,2523,1680,843
122000209,2107,386,1721
122000210,2486,2085,401
122000211,1789,1360,429
122000212,892,648,244
122000213,1381,1536,-155
122000214,2444,1760,684
122000215,2223,1895,328
122000217,2237,1638,599
122000218,814,71,743
122000219,1477,1116,361
122000220,560,835,-275
122000221,117,470,-353
122000222,707,198,509
122000223,1753,668,1085
122000225,935,394,541
122000226,2882,1952,930
122000227,389,2500,-2111
122000228,603,593,10
122000229,104,597,-493
122000230,410,662,-252
122000231,827,1022,-195
122000232,1028,1375,-347
122000233,2,150,-148
122000234,422,140,282
122000235,735,213,522
122000236,1260,198,1062
122000237,272,109,163
122000238,653,394,259
122000239,1314,252,1062
122000240,1442,944,498
122000241,1871,659,1212
122000242,1288,262,1026
122000243,55,60,-5
122000244,23,401,-378
122000245,25,103,-78
122000246,55,109,-54
122000247,1330,368,962
122000248,1246,1753,-507
122000249,2564,1237,1327
122000250,2563,1292,1271
122000251,403,552,-149
122000252,780,296,484
122000253,98,365,-267
122000254,392,203,189
122000255,1064,2181,-1117
122000256,507,1302,-795
122000257,239,402,-163
122000258,384,320,64
122000259,36,520,-484
122000260,5,96,-91
122000261,20,219,-199
122000262,0,67,-67
122000263,683,145,538
122000264,1651,475,1176
122000265,2649,1132,1517
122000266,4890,908,3982
122000267,276,199,77
122000268,205,509,-304
122000269,978,506,472
122000270,813,236,577
122000271,420,1389,-969
122000272,405,1118,-713
122000273,442,493,-51
122000274,286,269,17
122000275,183,247,-64
122000276,937,721,216
122000277,1565,1826,-261
122000278,2134,1059,1075
122000279,374,618,-244
122000280,1162,966,196
122000281,1043,1022,21
122000282,373,275,98
122000283,598,150,448
122000284,278,150,128
122000285,556,127,429
122000286,132,195,-63
122000287,1546,1796,-250
122000288,508,408,100
122000291,2072,887,1185
122000293,443,319,124
122000294,182,260,-78
122000295,2526,300,2226
122000296,98,605,-507
122000297,3522,3008,514
122000299,624,493,131
122000300,679,786,-107
122000301,12412,4236,8176
122000302,991,1670,-679
122000303,4152,1581,2571
122000304,144,302,-158
122000305,1142,294,848
122000306,30,829,-799
122000307,226,176,50
122000309,149,65,84
122000310,32,109,-77
122000311,373,153,220
122000312,172,182,-10
122000313,186,83,103
122000314,119,245,-126
122000315,228,97,131
122000316,768,234,534
122000317,1435,285,1150
122000318,326,847,-521
122000319,295,479,-184
122000320,416,1614,-1198
122000321,153,242,-89
122000322,2797,2433,364
122000323,1999,2657,-658
122000324,1427,1349,78
122000325,1468,1728,-260
122000326,72,118,-46
122000327,616,842,-226
122000328,989,837,152
122000330,2544,992,1552
122000332,294,438,-144
122000333,5,108,-103
122000337,1248,1837,-589
122000338,625,557,68
122000340,509,472,37
122000342,2204,1112,1092
122000343,568,1280,-712
122000344,65,32,33
122000345,55,51,4
122000346,587,659,-72
122000348,892,940,-48
122000349,211,1197,-986
122000351,122,208,-86
122000352,470,161,309
122000353,95,109,-14
122000355,187,296,-109
122000356,1681,1446,235
122000357,127,57,70
122000358,0,77,-77
122000359,0,42,-42
122000360,2,58,-56
122000362,19,112,-93
122000364,229,418,-189
122000365,3,77,-74
122000366,19,9,10
122000368,553,802,-249
122000370,53,70,-17
122000371,26,2,24
122000372,16,4,12
122000381,143,425,-282
122000382,111,281,-170
122000384,3988,1414,2574
122000385,92,0,92
122000386,599,1520,-921
122000387,724,761,-37
122000388,1890,764,1126
122000389,186,698,-512
122000390,556,279,277
122000391,468,284,184
122000392,417,253,164
122000393,84,213,-129
122000394,726,450,276
122000395,263,219,44
122000396,382,163,219
122000397,81,40,41
122000398,102,67,35
122000399,209,100,109
122000400,204,626,-422
122000401,147,126,21
122000402,369,117,252
122000403,513,1017,-504
122000404,161,249,-88
122000408,1033,1384,-351
122000503,12,147,-135
122000524,617,162,455
122000544,160,2663,-2503
122000616,413,3,410
122000640,122,136,-14
122000641,106,407,-301
122000642,1186,1468,-282
122000643,87,166,-79
122000644,194,82,112
122000645,215,244,-29
122000651,1743,1065,678
122000664,128,58,70
122000665,1470,766,704
122000666,826,1375,-549
122000673,32,264,-232
122000674,144,62,82
122000675,2057,1171,886
122000686,910,1289,-379
122000687,1911,458,1453
122000688,403,723,-320
122000689,978,496,482
122000690,2198,608,1590
122000691,1557,1845,-288
122000692,2096,678,1418
122000693,589,2331,-1742
122000695,376,487,-111
122000696,340,389,-49
122000698,414,1088,-674
122000699,264,176,88
122000701,1431,431,1000
122000702,589,1352,-763
122000703,171,86,85
122000717,176,74,102
122000718,400,709,-309
122000719,141,127,14
122000720,473,272,201
122000724,237,27,210
122900001,53,8,45
122900002,1605,5355,-3750
122900003,528,71,457
122900004,1187,104,1083
122900005,139,71,68
122900006,1731,507,1224
122900007,542,91,451
122900008,1102,113,989
122900009,1073,550,523
122900010,380,183,197
122900012,261,545,-284
122900014,268,440,-172
122900015,2711,1435,1276
122900016,121,434,-313
122900017,518,1082,-564
122900018,254,34,220
122900019,42,160,-118
122900020,371,494,-123
122900021,87,589,-502
122900022,1130,795,335
122900023,659,332,327
122900024,233,196,37
122900025,18,394,-376
122900026,114,561,-447
122900027,95,974,-879
122900028,179,318,-139
122900029,4900,3501,1399
122900030,1182,682,500
122900031,117,306,-189
122900032,168,446,-278
122900033,273,211,62
122900034,5220,5632,-412
122900035,65,47,18
122900036,87,167,-80
122900037,406,158,248
122900038,187,3144,-2957
122900039,185,689,-504
122900040,333,588,-255
122900041,472,419,53
122900042,236,422,-186
122900043,563,246,317
122900044,130,390,-260
122900045,116,172,-56
122900046,351,263,88
122900047,229,284,-55
122900048,70,301,-231
122900049,1833,184,1649
122900051,110,201,-91
122900052,78,174,-96
122900053,54,34,20
122900055,684,252,432
122900057,264,164,100
122900061,569,409,160
122900062,662,885,-223
122900063,198,490,-292
122900064,1212,467,745
122900065,651,359,292
122900066,955,511,444
122900067,1811,1125,686
122900068,378,415,-37
122900069,525,1978,-1453
122900070,383,100,283
122900071,161,456,-295
122900072,32,555,-523
122900073,111,248,-137
122900074,1069,883,186
122900075,2,66,-64
122900076,11,190,-179
122900077,2,208,-206
122900078,198,138,60
122900080,73,63,10
122900081,186,244,-58
122900082,902,530,372
122900083,235,464,-229
122900084,14,337,-323
122900086,31,146,-115
122900087,489,819,-330
122900088,66,244,-178
122900089,85,329,-244
122900090,14,513,-499
122900091,278,8,270
122900092,0,266,-266
122900093,0,337,-337
122900094,6,354,-348
122900095,239,21,218
122900096,484,201,283
122900097,29,47,-18
122900098,165,206,-41
122900099,105,38,67
122900100,419,242,177
122900101,620,321,299
122900102,42,127,-85
122900103,130,11,119
122900104,175,29,146
122900105,15,28,-13
122900106,5,112,-107
122900107,11,206,-195
122900108,6,158,-152
123000001,1668,470,1198
123000002,4400,5192,-792
123000003,4195,4061,134
123000004,3285,4604,-1319
123000005,3008,2974,34
123000006,2515,2998,-483
123000007,4655,2920,1735
123000008,3123,3440,-317
123000009,4499,3033,1466
123000010,3775,3325,450
123000011,2614,911,1703
123000012,976,2276,-1300
123000013,3962,1081,2881
123000014,1093,3493,-2400
123000015,4465,1116,3349
123000016,5013,4845,168
123000017,3404,1949,1455
123000018,105,171,-66
123000019,416,285,131
123000020,277,144,133
123000021,182,274,-92
123000022,425,2042,-1617
123000023,1445,1796,-351
123000024,1512,716,796
123000025,183,189,-6
123000026,196,125,71
123000027,237,639,-402
123000028,2399,483,1916
123000029,1645,1133,512
123000030,305,520,-215
123000031,253,356,-103
123000032,395,223,172
123000033,220,68,152
123000034,1324,940,384
123000035,418,452,-34
123000036,382,1030,-648
123000037,366,502,-136
123000038,105,208,-103
123000039,454,1479,-1025
123000040,898,513,385
123000041,1367,1332,35
123000042,1279,819,460
123000043,3959,10012,-6053
123000044,5542,3314,2228
123000045,9891,3770,6121
123000046,1019,1820,-801
123000047,2847,1185,1662
123000048,148,820,-672
123000049,8323,11154,-2831
123000050,1590,1593,-3
123000051,131,236,-105
123000052,887,3841,-2954
123000053,3210,4210,-1000
123000054,1593,2234,-641
123000055,1603,2826,-1223
123000056,1423,2322,-899
123000057,15794,9201,6593
123000058,737,1242,-505
123000059,638,687,-49
123000060,1021,586,435
123000061,371,946,-575
123000063,1101,1135,-34
123000064,1363,403,960
123000065,7832,3848,3984
123000066,947,762,185
123000067,952,732,220
123000068,3645,3655,-10
123000069,8339,4272,4067
123000070,418,802,-384
123000071,1132,1177,-45
123000072,1312,1204,108
123000073,1230,875,355
123000074,1178,1440,-262
123000075,446,1258,-812
123000076,1358,830,528
123000077,2342,3246,-904
123000078,1762,1859,-97
123000079,1651,2047,-396
123000080,2605,2302,303
123000081,210,522,-312
123000082,433,1317,-884
123000083,1135,316,819
123000084,681,547,134
123000085,410,139,271
123000086,606,375,231
123000087,494,441,53
123000088,2155,1191,964
123000089,513,1180,-667
123000090,1378,1044,334
123000091,1567,1445,122
123000092,954,1217,-263
123000094,688,340,348
123000095,722,823,-101
123000096,823,517,306
123000097,617,882,-265
123000098,850,776,74
123000099,824,892,-68
123000100,703,906,-203
123000101,781,853,-72
123000102,747,827,-80
123000104,555,459,96
123000105,704,536,168
123000106,557,368,189
123000107,439,551,-112
123000108,790,1238,-448
123000111,1086,418,668
123000112,1401,744,657
123000113,647,1603,-956
123000114,455,761,-306
123000115,421,307,114
123000116,41,175,-134
123000117,2694,2488,206
123000118,530,1154,-624
123000119,346,1073,-727
123000120,617,1062,-445
123000121,504,535,-31
123000122,389,228,161
123000123,450,558,-108
123000124,615,484,131
123000125,1469,1205,264
123000126,1436,4459,-3023
123000127,898,737,161
123000128,405,344,61
123000129,739,274,465
123000130,733,122,611
123000131,954,738,216
123000132,369,749,-380
123000133,336,418,-82
123000134,365,207,158
123000135,2676,1349,1327
123000136,297,1006,-709
123000137,153,359,-206
123000138,131,527,-396
123000139,615,153,462
123000140,231,1038,-807
123000141,1039,195,844
123000142,996,1324,-328
123000143,1324,2117,-793
123000144,107,37,70
123000145,294,157,137
123000146,96,79,17
123000147,133,134,-1
123000149,345,458,-113
123000150,192,253,-61
123000151,340,487,-147
123000152,216,514,-298
123000153,410,751,-341
123000154,1908,2263,-355
123000155,2562,1581,981
123000156,53,122,-69
123000157,573,1069,-496
123000158,713,850,-137
123000159,3853,2944,909
123000160,1041,865,176
123000161,1861,1374,487
123000162,1059,1959,-900
123000163,651,181,470
123000164,1769,428,1341
123000165,613,1967,-1354
123000166,46,186,-140
123000167,201,333,-132
123000168,313,302,11
123000169,879,164,715
123000170,47,246,-199
123000171,1014,11,1003
123000172,542,718,-176
123000173,761,293,468
123000174,1206,508,698
123000175,1414,1533,-119
123000176,1545,354,1191
123000177,690,1375,-685
123000178,893,209,684
123000179,58,750,-692
123000180,1803,454,1349
123000181,429,1695,-1266
123000182,351,726,-375
123000183,208,567,-359
123000184,243,811,-568
123000185,831,432,399
123000186,9,785,-776
123000187,643,10,633
123000188,222,1,221
123000189,242,191,51
123000190,84,85,-1
123000192,36,639,-603
123000193,130,1128,-998
123000194,658,465,193
123000195,362,46,316
123000196,354,43,311
123000197,69,166,-97
123000198,42,420,-378
123000199,12,765,-753
123000200,781,12,769
123000201,1200,26,1174
123000202,28,1543,-1515
123000203,1076,93,983
123000204,132,1515,-1383
123000205,695,2370,-1675
123000206,2343,337,2006
123000207,120,1154,-1034
123000208,624,233,391
123000209,2252,811,1441
123000210,740,2641,-1901
123000211,826,3287,-2461
123000212,3302,726,2576
123000213,777,127,650
123000215,94,200,-106
123000216,225,1074,-849
123000217,237,68,169
123000218,88,800,-712
123000219,1262,116,1146
123000220,701,128,573
123000221,351,181,170
123000222,488,632,-144
123000223,457,502,-45
123000224,546,607,-61
123000225,488,104,384
123000226,103,484,-381
123000227,162,424,-262
123000228,346,96,250
123000229,1358,1793,-435
123000232,182,788,-606
123000233,945,289,656
123000234,259,823,-564
123000235,1060,501,559
123000236,374,871,-497
123000237,388,124,264
123000238,149,521,-372
123000239,666,1803,-1137
123000240,93,601,-508
123000241,867,169,698
123000242,268,239,29
123000243,851,984,-133
123000244,984,868,116
123000245,78,176,-98
123000249,249,589,-340
123000252,1029,313,716
123000253,1267,640,627
123000254,931,1394,-463
123000255,1482,1146,336
123000256,41,378,-337
123000257,3689,2519,1170
123000258,1550,1121,429
123000259,374,498,-124
123000260,553,560,-7
123000261,343,260,83
123000262,117,259,-142
123000263,439,133,306
123000264,257,100,157
123000265,83,176,-93
123000266,812,981,-169
123000267,862,493,369
123000268,69,80,-11
123000269,85,76,9
123000270,47,70,-23
123000271,92,120,-28
123000272,720,291,429
123000273,303,625,-322
123000274,1355,729,626
123000275,479,1123,-644
123000278,4230,3009,1221
123000279,167,87,80
123000280,576,430,146
123000281,419,148,271
123000282,213,390,-177
123000283,170,73,97
123000284,57,128,-71
123000286,439,371,68
123000287,747,268,479
123000288,1733,1042,691
123000289,494,1332,-838
123000291,380,871,-491
123000294,155,228,-73
123000295,990,1105,-115
123000296,619,476,143
123000297,688,629,59
123000298,685,597,88
123000299,59,207,-148
123000300,1158,950,208
123000301,164,279,-115
123000302,122,255,-133
123000303,122,162,-40
123000305,985,901,84
123000306,166,235,-69
123000309,63,101,-38
123000310,52,63,-11
123000311,0,126,-126
123000312,503,1169,-666
123000313,672,357,315
123000315,146,469,-323
123000316,1175,85,1090
123000317,175,63,112
123000318,71,250,-179
123000329,6,11,-5
123000337,875,342,533
123000338,799,42,757
123000339,277,312,-35
123000340,195,489,-294
123000342,202,27,175
123000343,61,16,45
123000344,1470,701,769
123000345,450,966,-516
123000346,305,41,264
123000352,1851,934,917
123000353,38,88,-50
123000354,489,6,483
123000355,2,499,-497
123000356,410,33,377
123000357,4,194,-190
123000359,5,186,-181
123000360,313,134,179
123000361,443,407,36
123000362,471,137,334
123000363,131,256,-125
123000364,685,563,122
123000365,34,433,-399
123000366,493,2383,-1890
123000367,356,1286,-930
123000370,72,289,-217
123000371,929,55,874
123000372,509,28,481
123000373,8,551,-543
123000374,43,250,-207
123000375,476,56,420
123000376,921,744,177
123000377,471,38,433
123000378,24,310,-286
123000379,2,334,-332
123000380,73,513,-440
123000381,188,97,91
123000382,1380,153,1227
123000383,274,1412,-1138
123000384,476,127,349
123000385,273,550,-277
123000436,39,996,-957
123000507,139,307,-168
123000508,246,1104,-858
123000517,356,69,287
123000518,53,269,-216
123000519,194,67,127
123000520,64,269,-205
123000521,406,120,286
123000522,171,498,-327
123000541,18,12,6
123000542,0,22,-22
123000565,0,0,0
123000566,1053,824,229
123000567,119,309,-190
123000573,64,830,-766
123000574,777,88,689
123000575,1382,1296,86
123000576,934,1469,-535
123000577,133,739,-606
123000578,551,97,454
123000579,3504,5569,-2065
123000580,76,35,41
123000582,458,43,415
123000583,51,404,-353
123000584,197,308,-111
123000585,0,126,-126
123000586,82,1,81
123000596,124,171,-47
123000597,84,155,-71
123000602,39,12,27
123000603,745,690,55
123000604,497,895,-398
123000605,963,172,791
123000606,0,358,-358
123000609,19,375,-356
123000610,256,168,88
123000613,31,208,-177
123000614,231,78,153
123000615,85,153,-68
123000616,834,101,733
123000617,157,432,-275
123000618,135,661,-526
123000619,621,71,550
123000620,44,518,-474
123000622,447,38,409
123000624,220,40,180
123000630,998,537,461
123000631,343,1333,-990
123000632,871,1042,-171
123000633,0,209,-209
123000634,67,185,-118
123000635,153,124,29
123000636,50,675,-625
123000637,154,93,61
123000638,584,68,516
123000639,1126,4173,-3047
123000640,8,966,-958
123900001,1307,73,1234
123900002,74,1412,-1338
123900003,423,425,-2
123900005,223,157,66
123900006,260,42,218
124000001,2179,192,1987
124000002,124,1803,-1679
124000003,919,178,741
124000004,132,684,-552
124000005,1115,423,692
124000006,292,1393,-1101
124000007,580,117,463
124000008,20,540,-520
124000009,668,316,352
124000010,244,521,-277
124000011,1141,419,722
124000012,350,664,-314
124000017,203,174,29
124000018,144,86,58
124000019,138,166,-28
124000020,77,210,-133
124000021,165,101,64
124000022,118,210,-92
124000023,1777,1768,9
124000024,1320,569,751
124000025,1495,2157,-662
124000026,1190,1165,25
124000027,5199,5464,-265
124000028,2451,4295,-1844
124000030,3264,1751,1513
124000031,1263,2698,-1435
124000032,2922,1033,1889
124000033,5,237,-232
124000034,1150,612,538
124000035,51,222,-171
124000036,82,183,-101
124000037,1113,1209,-96
124000038,86,153,-67
124000039,1425,573,852
124000040,722,1570,-848
124000041,585,109,476
124000042,139,524,-385
124000043,167,109,58
124000044,94,243,-149
124000045,786,759,27
124000046,406,690,-284
124000047,1703,1221,482
124000048,1268,1531,-263
124000049,1949,817,1132
124000050,1018,2020,-1002
124000051,1147,667,480
124000052,783,1190,-407
124000053,626,1647,-1021
124000054,998,673,325
124000055,1609,2831,-1222
124000056,2568,1699,869
124000057,1097,773,324
124000058,620,1542,-922
124000059,743,1417,-674
124000060,1480,908,572
124000061,1517,5555,-4038
124000062,4586,2162,2424
124000063,1356,1816,-460
124000064,2667,1582,1085
124000065,47,356,-309
124000066,317,608,-291
124000067,239,251,-12
124000068,6,11,-5
124000069,187,23,164
124000070,51,133,-82
124000071,388,114,274
124000072,230,577,-347
124000073,1131,184,947
124000074,298,843,-545
124000075,428,49,379
124000076,9,281,-272
124000077,1923,1163,760
124000078,4115,1416,2699
124000079,626,1532,-906
124000080,755,301,454
124000081,264,652,-388
124000082,41,161,-120
124000083,77,94,-17
124000084,75,404,-329
124000085,182,48,134
124000086,65,97,-32
124000087,321,102,219
124000088,416,483,-67
124000089,1102,457,645
124000090,147,441,-294
124000091,573,169,404
124000092,109,703,-594
124000093,170,106,64
124000094,272,569,-297
124000095,167,109,58
124000096,167,361,-194
124000097,126,171,-45
124000098,70,113,-43
124000099,249,137,112
124000100,42,119,-77
124000101,92,185,-93
124000102,121,88,33
124000103,82,145,-63
124000104,130,66,64
124000105,76,125,-49
124000106,169,75,94
124000107,26,182,-156
124000108,56,24,32
124000109,149,128,21
124000110,232,145,87
124000111,248,197,51
124000112,728,764,-36
124000113,126,129,-3
124000114,356,525,-169
124000115,533,730,-197
124000116,170,231,-61
124000117,58,101,-43
124000118,61,132,-71
124000119,1278,738,540
124000120,673,546,127
124000121,1561,864,697
124000122,785,1356,-571
124000123,1152,620,532
124000124,438,1327,-889
124000125,518,706,-188
124000126,387,812,-425
124000127,1020,549,471
124000128,712,1121,-409
124000129,2332,1860,472
124000130,1039,744,295
124000131,1112,788,324
124000132,1244,942,302
124000133,913,1038,-125
124000134,1202,756,446
124000135,1915,2054,-139
124000136,1108,1156,-48
124000137,1733,963,770
124000138,2275,1486,789
124000139,782,39,743
124000140,44,635,-591
124000141,166,33,133
124000142,17,223,-206
124000143,121,31,90
124000144,24,57,-33
124000145,231,54,177
124000146,103,74,29
124000148,124,119,5
124000149,1865,621,1244
124000150,564,804,-240
124000151,1100,522,578
124000152,1057,1698,-641
124000153,1073,906,167
124000154,653,945,-292
124000155,1726,1196,530
124000156,2153,1279,874
124000169,231,606,-375
124000170,687,683,4
124000171,393,283,110
124000172,604,740,-136
124000173,553,253,300
124000174,462,790,-328
124000175,10,174,-164
124000176,118,29,89
124000177,11,41,-30
124000178,38,81,-43
124000190,146,48,98
124000191,176,118,58
124000192,2332,476,1856
124000193,765,1074,-309
124000194,429,583,-154
124000195,255,677,-422
124000196,1187,1163,24
124000197,108,57,51
124000198,72,63,9
124000201,601,1132,-531
124000202,782,637,145
124000203,665,636,29
124000204,797,388,409
124000205,190,553,-363
124000206,901,369,532
124000207,1,50,-49
124000209,350,517,-167
124000210,485,286,199
124000211,647,3,644
124000212,0,496,-496
124000213,478,325,153
124000214,416,657,-241
124000215,550,33,517
124000216,2,487,-485
124000329,249,1643,-1394
124000338,273,863,-590
124000339,1018,317,701
124000341,1433,307,1126
124000344,47,1,46
124000357,934,2001,-1067
124000358,871,1324,-453
124000359,961,599,362
124000360,761,473,288
124000361,1631,889,742
124000362,1303,1678,-375
124000363,253,357,-104
124000364,528,769,-241
124000365,813,1072,-259
124000366,1484,983,501
124000367,130,541,-411
124000368,505,354,151
124000369,164,118,46
124000370,73,575,-502
124000402,45,19,26
124000403,163,62,101
124000404,22,150,-128
124000405,1411,1226,185
124000406,1097,1095,2
124000407,9,53,-44
124000411,12,448,-436
124000412,548,15,533
124000413,293,47,246
124000414,61,143,-82
124000415,87,175,-88
124000416,197,251,-54
124000417,238,159,79
124000418,222,134,88
124000419,105,186,-81
124000420,100,95,5
124000421,77,235,-158
124000422,40,19,21
124000423,169,47,122
124000424,8,114,-106
124000425,54,40,14
124000426,10,41,-31
124000427,46,11,35
124000428,26,45,-19
124000429,57,104,-47
124000430,657,614,43
124000431,254,733,-479
124000432,333,561,-228
124000439,7,9,-2
124000443,0,8,-8
124000445,340,817,-477
124000446,1273,113,1160
124900001,526,386,140
124900002,182,357,-175
124900003,1101,760,341
124900004,656,455,201
124900005,274,222,52
124900006,782,425,357
124900008,1380,753,627
124900009,262,413,-151
124900010,245,130,115
124900011,676,201,475
124900012,526,115,411
124900013,550,164,386
124900014,491,81,410
124900015,179,511,-332
124900016,95,155,-60
124900017,661,1272,-611
124900018,61,21,40
124900020,155,83,72
124900021,523,82,441
124900022,187,6,181
124900024,336,40,296
124900026,177,95,82
124900027,152,488,-336
124900028,600,111,489
124900029,18,585,-567
124900030,10,141,-131
124900031,65,400,-335
124900032,236,324,-88
124900033,198,406,-208
124900034,21,123,-102
124900035,202,561,-359
124900036,4,63,-59
124900037,275,377,-102
124900038,354,338,16
124900039,23,101,-78
124900040,148,80,68
124900041,239,1017,-778
124900042,205,3,202
124900043,506,1131,-625
124900044,95,3,92
124900045,951,1256,-305
124900046,1324,345,979
124900047,191,250,-59
124900048,216,163,53
124900050,144,250,-106
124900052,133,514,-381
124900053,212,472,-260
124900054,1830,570,1260
124900055,2,221,-219
124900057,7,117,-110
124900060,140,233,-93
124900061,87,11,76
124900062,276,43,233
124900066,0,16,-16
124900067,9,175,-166
124900068,316,629,-313
124900070,86,29,57
124900072,106,49,57
124900074,735,271,464
124900075,274,254,20
124900076,41,1153,-1112
124900077,40,165,-125
124900078,150,33,117
124900079,662,240,422
124900080,296,607,-311
124900081,914,317,597
124900082,351,812,-461
124900083,332,461,-129
124900084,1846,179,1667
124900085,1276,576,700
124900086,151,1416,-1265
124900087,715,166,549
124900088,773,140,633
124900089,1454,44,1410
124900090,378,359,19
124900091,381,506,-125
124900092,275,362,-87
124900093,374,279,95
124900094,418,427,-9
124900095,95,539,-444
124900096,737,348,389
124900097,367,114,253
124900098,169,351,-182
124900099,870,542,328
124900100,475,115,360
124900101,132,757,-625
124900102,299,44,255
124900103,163,243,-80
124900104,71,218,-147
124900105,123,154,-31
124900106,502,66,436
124900107,137,32,105
124900108,200,97,103
124900109,76,102,-26
124900110,407,420,-13
124900111,4,107,-103
124900112,57,627,-570
124900113,137,321,-184
124900114,248,155,93
124900115,231,64,167
124900116,317,221,96
124900117,591,209,382
124900118,226,308,-82
124900119,455,229,226
124900120,41,387,-346
124900121,194,586,-392
124900122,381,280,101
124900123,347,158,189
124900124,239,411,-172
129000186,161,49,112
204000001,42,1,41
204000002,10,2,8
204000003,31,6,25
204000004,5,3,2
204000005,496,429,67
204000006,1192,1006,186
204000011,12,63,-51
204000012,35,75,-40
204000013,0,35,-35
204000019,476,508,-32
204000020,608,532,76
204000021,1331,783,548
204000022,640,467,173
204000023,637,887,-250
204000031,104,26,78
204000032,514,50,464
204000034,30,231,-201
204000035,2,6,-4
204000036,14,42,-28
204000037,0,21,-21
204000038,0,10,-10
204000039,27,28,-1
204000040,4,25,-21
204000041,7,32,-25
204000042,60,11,49
204000043,34,3,31
204000044,30,5,25
204000045,67,7,60
204000046,12,1,11
204000057,9,26,-17
204000062,6,25,-19
204000068,25,246,-221
204000069,38,329,-291
204000070,151,80,71
204000080,112,50,62
204000085,2072,2078,-6
204000086,2444,1937,507
204000087,39,11,28
204000088,8,80,-72
204000090,38,365,-327
204000093,343,62,281
204000096,803,945,-142
204000097,522,13,509
204000099,1173,1324,-151
204000100,1421,1905,-484
204000105,2316,1572,744
204000110,842,1162,-320
204000111,491,623,-132
204000112,1516,541,975
204000113,460,573,-113
204000114,858,720,138
204000115,548,406,142
204000116,1952,480,1472
204000119,2086,2726,-640
204000132,606,346,260
204000133,766,264,502
204000134,270,153,117
204000135,534,94,440
204000136,679,214,465
204000138,458,428,30
204000140,168,117,51
204000141,144,65,79
204000144,18,29,-11
204000145,593,55,538
204000146,44,386,-342
204000147,17,203,-186
204000148,316,23,293
204000154,8,5,3
204000155,7,5,2
204000177,104,67,37
204000179,31,8,23
204000180,0,18,-18
204000222,4,25,-21
204000235,25,17,8
204000236,94,273,-179
204000238,29,25,4
204000240,397,177,220
204000263,549,1046,-497
204000268,1266,776,490
204000308,236,15,221
204000317,6,128,-122
204000322,4,59,-55
204000323,20,13,7
204000328,327,86,241
204000329,64,221,-157
204000330,195,6,189
204000331,33,134,-101
204010341,16,173,-157
205000001,953,1877,-924
205000013,4,56,-52
205000014,8,124,-116
205000015,19,279,-260
205000016,35,174,-139
205000017,33,112,-79
205000022,267,772,-505
205000025,1039,1077,-38
205000029,211,14,197
205000045,168,374,-206
205000046,82,396,-314
205000047,58,386,-328
205000048,352,874,-522
205000049,238,818,-580
205000050,544,307,237
205000059,2,193,-191
205000060,0,86,-86
205000061,2,76,-74
205000062,0,56,-56
205000063,33,61,-28
205000064,23,82,-59
205000065,57,488,-431
205000066,92,648,-556
205000067,19,765,-746
205000069,179,20,159
205000082,202,171,31
205000110,67,277,-210
205000111,175,220,-45
205000112,229,275,-46
205000113,196,447,-251
205000121,344,55,289
205000123,65,282,-217
205000126,402,84,318
205000127,712,117,595
205000128,383,86,297
205000129,525,78,447
205000130,241,23,218
205000131,139,9,130
205000132,211,2,209
205000133,169,1,168
205000134,200,0,200
205000137,105,175,-70
205000138,176,376,-200
205000139,45,132,-87
205000144,109,95,14
205000145,554,209,345
205000151,196,46,150
205000152,247,42,205
205000153,250,19,231
205000154,136,46,90
205000155,127,12,115
205000207,8,191,-183
205000233,17,0,17
205000234,0,1,-1
205000243,0,0,0
205000244,0,9,-9
205000245,14,172,-158
205000249,0,36,-36
205000250,1,0,1
205000264,6,97,-91
206000027,8,6,2
206000028,3,2,1
206000043,6,51,-45
206000053,1,6,-5
206000054,3,26,-23
206000055,2,30,-28
206000075,9,12,-3
206000076,20,13,7
206000077,42,4,38
206000078,41,9,32
206000079,20,3,17
206000082,360,51,309
206000100,46,593,-547
206000103,6,17,-11
206000104,19,22,-3
206000105,7,19,-12
206000106,10,26,-16
206000108,637,50,587
206000125,48,1,47
206000157,52,641,-589
206000170,0,179,-179
206000171,4,178,-174
206000172,11,401,-390
206000173,1,201,-200
206000174,10,94,-84
206000175,3,127,-124
206000176,20,205,-185
206000177,1,136,-135
206000178,3,148,-145
206000179,9,120,-111
206000180,16,138,-122
206000181,4,122,-118
206000182,15,159,-144
206000183,12,518,-506
206000184,3,380,-377
206000185,6,183,-177
206000186,113,930,-817
206000223,9,204,-195
206000226,19,2,17
206000227,19,2,17
206000237,26,347,-321
206000238,29,440,-411
206000239,245,1882,-1637
206000240,1,52,-51
206000241,0,113,-113
206000242,4,215,-211
206000243,6,206,-200
206000244,38,540,-502
206000245,796,69,727
206000246,201,17,184
206000247,226,12,214
206000248,336,18,318
206000252,108,43,65
206000258,37,52,-15
206000315,34,12,22
206000317,482,106,376
206000318,452,73,379
206000319,1315,96,1219
206000320,203,44,159
206000321,217,11,206
206000322,440,22,418
206000323,174,3,171
206000324,155,5,150
206000325,189,23,166
206000326,280,13,267
206000327,212,11,201
206000328,178,2,176
206000329,271,8,263
206000330,73,3,70
206000331,165,11,154
206000332,42,4,38
206000333,592,4,588
206000334,259,4,255
206000335,0,23,-23
206000361,4,190,-186
206000392,7,24,-17
206000405,111,0,111
206000441,37,21,16
206000498,39,1,38
206000515,111,44,67
206000530,224,49,175
206000531,197,185,12
206000532,1586,319,1267
206000535,287,1653,-1366
206000536,12,147,-135
206000537,13,157,-144
206000613,1451,200,1251
207000001,149,547,-398
207000002,173,339,-166
207000003,103,171,-68
207000007,842,277,565
207000008,121,14,107
207000009,66,49,17
207000010,450,365,85
207000012,369,321,48
207000015,265,1087,-822
207000019,252,83,169
207000021,552,143,409
207000022,154,122,32
207000023,205,47,158
207000024,3,11,-8
207000025,28,37,-9
207000026,50,40,10
207000027,20,72,-52
207000028,65,174,-109
207000029,247,391,-144
207000033,187,362,-175
207000034,333,68,265
207000039,368,142,226
207000040,335,114,221
207000041,198,67,131
207000042,238,61,177
207000043,280,202,78
207000051,137,234,-97
207000052,79,124,-45
207000053,420,479,-59
207000054,47,88,-41
207000055,183,102,81
207000056,368,260,108
207000057,148,218,-70
207000058,112,235,-123
207000059,81,439,-358
207000060,59,164,-105
207000061,170,439,-269
207000062,233,35,198
207000063,280,139,141
207000064,383,157,226
207000065,430,231,199
207000066,166,136,30
207000067,58,75,-17
207000068,167,48,119
207000069,728,339,389
207000082,7,207,-200
207000083,121,245,-124
207000084,191,278,-87
207000085,160,15,145
207000086,121,3,118
207000106,28,41,-13
207000107,92,23,69
207000108,54,18,36
207000109,75,15,60
207000110,77,92,-15
207000111,108,90,18
207000112,184,616,-432
207000114,34,59,-25
207000115,36,120,-84
207000116,23,441,-418
207000117,17,122,-105
207000118,6,106,-100
207000119,47,69,-22
207000123,212,41,171
207000124,52,38,14
207000125,74,64,10
207000126,85,90,-5
207000134,50,130,-80
207000135,31,190,-159
207000148,89,320,-231
207000149,99,53,46
207000152,119,365,-246
207000153,889,1228,-339
207000154,381,162,219
207000159,115,187,-72
207000160,195,426,-231
207000238,0,165,-165
207000242,4,212,-208
207000248,51,61,-10
207000249,210,44,166
207000250,724,97,627
207000251,134,109,25
207000252,120,66,54
207000278,89,83,6
207000279,24,156,-132
207000280,454,59,395
207000281,117,846,-729
207000282,232,81,151
207000283,151,230,-79
207000284,85,202,-117
207000285,102,56,46
207000291,24,120,-96
207000304,105,36,69
207000306,55,319,-264
207000310,82,93,-11
207000353,365,3,362
207000356,19,64,-45
207000357,57,21,36
207000358,62,31,31
207000415,0,191,-191
207000417,43,4,39
207000418,98,125,-27
207000438,0,0,0
207000439,933,729,204
207000446,169,4,165
207000460,21,5,16
207000466,218,170,48
207000467,234,128,106
207000468,51,346,-295
207000476,6,86,-80
207000477,693,125,568
207000478,15,101,-86
207000523,1,22,-21
207000524,42,0,42
207000527,113,107,6
207000530,574,8,566
207000531,314,23,291
207000532,186,41,145
207000534,551,78,473
207000535,47,447,-400
207000537,242,151,91
207000540,16,253,-237
207000541,1,372,-371
207000548,27,298,-271
207000549,473,16,457
207000561,170,219,-49
207000562,48,221,-173
207000567,181,216,-35
207000568,219,87,132
207000569,467,898,-431
207000584,402,285,117
207000585,86,415,-329
207000616,1,137,-136
207000617,189,0,189
207900008,228,94,134
208000001,726,876,-150
208000002,675,390,285
208000003,1008,341,667
208000004,1001,604,397
208000005,7,16,-9
208000019,708,1208,-500
208000020,172,613,-441
208000021,258,415,-157
208000022,1107,545,562
208000028,1415,987,428
208000033,684,873,-189
208000034,1254,1479,-225
208000040,188,170,18
208000041,908,649,259
208000042,1275,760,515
208000047,120,289,-169
208000064,2727,1519,1208
208000066,2123,2502,-379
208000070,299,394,-95
208000071,334,848,-514
208000072,326,1337,-1011
208000080,259,278,-19
208000081,340,136,204
208000082,282,279,3
208000083,139,403,-264
208000084,22,24,-2
208000085,744,553,191
208000086,432,980,-548
208000087,335,764,-429
208000089,1011,373,638
208000090,979,735,244
208000093,209,150,59
208000094,1146,443,703
208000095,617,410,207
208000104,978,964,14
208000105,987,1083,-96
208000114,119,337,-218
208000115,549,507,42
208000116,549,997,-448
208000117,187,197,-10
208000118,106,108,-2
208000155,764,986,-222
208000158,1372,3568,-2196
208000186,3845,4167,-322
208000204,661,965,-304
208000205,1280,973,307
208000282,6148,3224,2924
209000004,491,179,312
209000005,52,35,17
209000006,393,144,249
209000007,263,285,-22
209000010,446,126,320
209000011,178,247,-69
209000012,213,165,48
209000013,451,359,92
209000014,550,1112,-562
209000025,289,52,237
209000026,627,116,511
209000027,398,804,-406
209000028,428,682,-254
209000029,549,684,-135
209000030,556,1281,-725
209000031,2356,2137,219
209000034,213,198,15
209000035,116,110,6
209000036,133,104,29
209000037,252,192,60
209000038,116,146,-30
209000039,62,106,-44
209000040,336,550,-214
209000041,204,428,-224
209000042,320,356,-36
209000043,921,934,-13
209000044,296,690,-394
209000045,1508,646,862
209000046,557,866,-309
209000047,496,260,236
209000048,555,422,133
209000049,68,119,-51
209000050,179,125,54
209000051,231,250,-19
209000052,167,247,-80
209000062,41,84,-43
209000063,61,80,-19
209000064,44,88,-44
209000065,86,33,53
209000066,76,27,49
209000067,83,80,3
209000080,17,246,-229
209000082,84,45,39
209000091,37,118,-81
209000093,36,34,2
209000094,204,217,-13
209000110,53,138,-85
209000111,444,1298,-854
209000112,877,937,-60
209000113,1475,796,679
209000114,651,442,209
209000115,70,127,-57
209000116,458,416,42
209000118,36,41,-5
209000119,44,13,31
209000121,124,480,-356
209000135,98,242,-144
209000142,609,1325,-716
209000143,59,70,-11
209000144,39,121,-82
209000229,313,224,89
209000240,36,351,-315
209000259,92,107,-15
209000260,59,1091,-1032
209000261,3,892,-889
209000262,7,531,-524
209000263,0,162,-162
209000264,1,100,-99
209000265,1163,6,1157
209000266,204,5,199
209000267,1758,20,1738
209000268,785,79,706
210000037,64,40,24
210000047,97,20,77
210000048,120,34,86
210000049,62,16,46
210000052,66,76,-10
210000053,35,72,-37
210000054,55,94,-39
210000070,199,7,192
210000071,119,2,117
210000072,41,0,41
210000073,0,16,-16
210000074,1,89,-88
210000075,3,126,-123
210000076,23,156,-133
210000077,8,24,-16
210000078,41,32,9
210000079,28,10,18
210000080,87,47,40
210000081,199,25,174
210000082,261,5,256
210000083,111,1,110
210000084,51,3,48
210000085,1,57,-56
210000086,4,122,-118
210000099,52,261,-209
210000100,50,147,-97
210000101,74,149,-75
210000105,34,155,-121
210000159,2,146,-144
210000163,192,226,-34
210000164,305,219,86
210000168,125,38,87
210000187,0,15,-15
210000188,1,20,-19
210000214,49,0,49
210000219,32,48,-16
210000220,91,29,62
210000232,4,23,-19
210000233,42,54,-12
210000234,41,123,-82
210000235,64,63,1
210000245,1,39,-38
210000246,44,0,44
210000258,11,105,-94
210000259,332,87,245
210000282,102,230,-128
210000285,2,135,-133
210000286,23,191,-168
210000290,2,6,-4
210000295,41,126,-85
210000296,52,33,19
210000320,138,85,53
210000321,145,87,58
210000338,67,54,13
210000339,374,1034,-660
210000340,156,309,-153
210000341,249,222,27
210000342,236,159,77
210000343,133,148,-15
210000344,166,82,84
210000345,140,148,-8
210000346,37,76,-39
210000347,62,28,34
210000348,97,18,79
210000349,48,14,34
210000350,118,67,51
210000351,128,115,13
210000352,79,71,8
210000353,42,86,-44
210000354,48,63,-15
210000355,65,78,-13
210000356,39,39,0
210000357,37,17,20
210000358,219,96,123
210000359,82,87,-5
210000360,155,129,26
210000361,168,147,21
210000362,228,175,53
210000363,730,246,484
210000364,89,159,-70
210000365,159,67,92
210000366,115,71,44
210000367,76,31,45
210000368,146,72,74
210000369,27,25,2
210000370,37,47,-10
210000372,11,24,-13
210000373,36,11,25
210000374,59,25,34
210000375,30,66,-36
210000376,83,103,-20
210000404,53,80,-27
210000439,17,51,-34
210000472,121,6,115
210000482,51,108,-57
210000564,390,350,40
210000567,0,21,-21
210000568,349,4,345
211000092,33,52,-19
211000094,21,7,14
211000169,189,29,160
211000172,15,188,-173
211000209,2,23,-21
211000226,17,13,4
211000270,13,29,-16
211000275,28,15,13
211000276,70,29,41
211000279,28,37,-9
211000281,46,27,19
211507980,1,41,-40
211977296,48,11,37
212000003,98,39,59
212000004,30,22,8
212000005,12,26,-14
212000006,22,58,-36
212000008,168,153,15
212000009,28,89,-61
212000012,76,89,-13
212000013,34,56,-22
212000014,224,168,56
212000015,212,256,-44
212000016,456,538,-82
212000027,531,440,91
212000028,340,405,-65
212000029,261,256,5
212000030,71,24,47
212000031,81,48,33
212000048,34,165,-131
212000049,14,96,-82
212000050,36,12,24
212000051,180,204,-24
212000052,189,289,-100
212000053,400,581,-181
212000054,246,119,127
212000055,199,203,-4
212000056,21,47,-26
212000057,11,34,-23
212000058,192,45,147
212000070,121,242,-121
212000077,145,553,-408
212000099,234,209,25
212000108,136,153,-17
212000111,162,109,53
212000120,79,71,8
212000138,110,32,78
212000156,27,91,-64
212000158,15,19,-4
212000159,363,42,321
212000160,581,239,342
212000161,38,6,32
212000310,42,9,33
212000311,18,57,-39
212000374,31,16,15
213000001,47,513,-466
213000005,454,172,282
213000006,1354,308,1046
213000007,207,5,202
213000009,853,588,265
213000010,186,324,-138
213000011,217,156,61
213000012,163,420,-257
213000014,118,6,112
213000015,254,8,246
213000016,611,5,606
213000017,89,0,89
213000018,2,234,-232
213000019,2,175,-173
213000020,119,497,-378
213000021,3,143,-140
213000023,329,156,173
213000033,410,1769,-1359
213000034,882,357,525
213000035,143,277,-134
213000045,271,285,-14
213000046,295,189,106
213000047,769,1351,-582
213000056,219,45,174
213000069,71,2,69
213000073,2,67,-65
213000074,105,413,-308
213000075,610,13,597
213000076,47,1,46
213000085,15,50,-35
213000086,17,195,-178
213000091,240,29,211
213000092,76,17,59
213000099,173,1222,-1049
213000100,1216,251,965
213000101,427,178,249
213000102,511,365,146
213000103,1005,993,12
213000104,79,450,-371
213000105,13,224,-211
213000106,48,159,-111
213000107,172,650,-478
213000108,49,541,-492
213000109,7,274,-267
213000110,11,96,-85
213000111,12,66,-54
213000112,190,140,50
213000115,82,15,67
213000116,43,449,-406
213000117,19,686,-667
213000118,415,222,193
213000119,66,658,-592
213000120,126,594,-468
213000122,138,738,-600
213000123,514,1607,-1093
213000124,146,1649,-1503
213000125,118,21,97
213000126,152,182,-30
213000127,248,296,-48
213000128,600,1453,-853
213000129,424,600,-176
213000130,575,250,325
213000132,372,100,272
213000133,495,130,365
213000134,697,44,653
213000136,460,31,429
213000137,740,69,671
213000139,272,24,248
213000147,66,4,62
213000148,18,13,5
213000149,36,1,35
213000150,0,82,-82
213000151,4,88,-84
213000152,3,82,-79
213000153,1,104,-103
213000154,53,353,-300
213000155,53,289,-236
213000156,169,529,-360
213000157,638,447,191
213000158,453,1032,-579
213000159,670,619,51
213000163,910,130,780
213000165,941,330,611
213000171,2,118,-116
213000172,1,376,-375
213000173,1,259,-258
213000174,10,200,-190
213000175,14,122,-108
213000176,46,31,15
213000177,65,16,49
213000178,141,6,135
213000179,239,1,238
213000180,205,1,204
213000184,141,468,-327
213000188,329,99,230
213000189,349,57,292
213000190,1075,1001,74
213000191,412,464,-52
213000192,277,424,-147
213000193,922,431,491
213000194,2,60,-58
213000195,27,386,-359
213000196,302,1349,-1047
213000197,430,548,-118
213000198,54,1,53
213000200,139,1037,-898
213000201,95,61,34
213000202,17,526,-509
213000203,3212,786,2426
213000204,663,80,583
213000205,413,124,289
213000206,642,55,587
213000207,159,9,150
213000208,110,2,108
213000209,130,5,125
213000210,419,0,419
213000211,6,19,-13
213000212,10,26,-16
213000213,24,100,-76
213000218,213,664,-451
213000219,544,28,516
213000220,467,23,444
213000223,226,284,-58
213000224,74,46,28
213000225,231,15,216
213000226,96,18,78
213000227,868,179,689
213000228,497,93,404
213000229,455,51,404
213000230,356,20,336
213000232,115,887,-772
213000233,4,316,-312
213000234,7,46,-39
213000293,18,105,-87
213000294,164,13,151
213000295,22,97,-75
213000296,56,22,34
213000297,10,115,-105
213000298,67,125,-58
213000299,93,68,25
213000300,73,8,65
213000303,10,39,-29
213000304,6,15,-9
213000305,7,11,-4
213000306,90,29,61
213000307,184,84,100
213000308,114,229,-115
213000309,138,60,78
213000310,638,238,400
213000311,391,851,-460
213000315,97,119,-22
213000316,174,57,117
213000322,126,154,-28
213000323,98,74,24
213000324,72,45,27
213000325,33,129,-96
213000326,39,44,-5
213000327,54,61,-7
213000328,60,165,-105
213000329,107,45,62
213000340,173,631,-458
213000341,474,94,380
213000346,300,315,-15
213000347,900,514,386
213000348,16,131,-115
213000349,67,15,52
213000350,354,1169,-815
213000366,94,348,-254
213000367,266,38,228
213000379,188,52,136
213000386,37,346,-309
213000406,118,431,-313
213000417,1322,482,840
213000425,153,40,113
213000426,144,77,67
213000427,39,223,-184
213000428,67,241,-174
213000429,39,2,37
213000430,151,912,-761
213000431,254,2,252
213000432,7,98,-91
213000433,18,187,-169
213000434,83,135,-52
213000435,131,82,49
213000436,42,65,-23
213000437,4,26,-22
213000438,129,95,34
213000439,35,10,25
213000440,5,330,-325
213000441,3,1,2
213000442,3,48,-45
213000443,572,354,218
213000444,45,47,-2
213000445,0,77,-77
213000446,0,147,-147
213000447,4,60,-56
213000448,20,151,-131
213000449,389,16,373
213000450,32,47,-15
213000451,285,111,174
213000452,21,23,-2
213000453,30,288,-258
213000455,660,39,621
213000456,1,404,-403
213000481,5,4,1
213000482,53,2,51
213000489,487,56,431
213000491,0,123,-123
213000492,242,1,241
213000493,2,105,-103
213000494,260,179,81
213000495,0,132,-132
213000496,415,165,250
213000497,50,349,-299
213000498,151,228,-77
213000499,254,612,-358
213000500,578,116,462
213000501,120,34,86
213000502,259,207,52
213000503,1,68,-67
213000504,13,117,-104
213000505,18,10,8
213000506,0,12,-12
213000507,5,136,-131
213900016,0,14,-14
213900244,65,0,65
213900245,0,32,-32
218000003,18,25,-7
218000004,33,26,7
218000005,243,33,210
218000006,56,20,36
218000007,36,17,19
218000012,170,148,22
218000013,124,124,0
218000014,410,412,-2
218000019,999,689,310
218000020,263,472,-209
218000021,33,31,2
218000022,7,22,-15
218000023,2,17,-15
218000024,3,10,-7
218000025,5,11,-6
218000026,10,21,-11
218000027,1,12,-11
218000028,2,8,-6
218000029,20,9,11
218000030,16,30,-14
218000031,2,19,-17
218000032,3,20,-17
218000040,1,5,-4
218000046,36,58,-22
218000047,36,95,-59
218000048,55,88,-33
218000049,94,100,-6
218000050,353,190,163
218000051,56,167,-111
218000052,3,71,-68
218000053,3,6,-3
218000054,16,32,-16
218000055,6,14,-8
218000056,15,32,-17
218000057,0,20,-20
218000064,4,30,-26
218000065,104,52,52
218000066,12,54,-42
218000067,46,74,-28
218000068,128,119,9
218000069,314,133,181
218000070,258,283,-25
218000071,177,199,-22
218000072,279,223,56
218000078,706,893,-187
218000079,85,70,15
218000080,115,95,20
218000081,387,293,94
218000082,57,98,-41
218000083,80,61,19
218000084,150,157,-7
218000085,165,335,-170
218000086,91,171,-80
218000087,204,199,5
218000090,12,109,-97
218000091,784,482,302
218000092,98,131,-33
218000093,54,71,-17
218000094,406,475,-69
218000099,319,732,-413
218000100,293,298,-5
218000101,335,177,158
218000102,326,250,76
218000103,95,155,-60
218000104,63,31,32
218000105,30,28,2
218000106,20,9,11
218000107,80,56,24
218000108,2,30,-28
218000112,52,37,15
218000117,94,40,54
218000134,566,678,-112
218000135,25,118,-93
218000136,210,89,121
218000137,311,152,159
218000138,42,110,-68
218000139,223,334,-111
218000140,547,252,295
218000141,95,64,31
218000142,235,135,100
218000143,101,204,-103
218000144,41,65,-24
218000145,331,348,-17
218000146,75,230,-155
218000151,5,45,-40
218000152,123,68,55
218000153,11,3,8
218000154,15,0,15
218000155,26,3,23
218000156,47,11,36
218000157,34,9,25
218000158,5,14,-9
218000159,1,4,-3
218000160,2,2,0
218000161,36,5,31
218000162,23,7,16
218000163,10,1,9
218000164,34,3,31
218000165,49,21,28
218000170,5,33,-28
218000171,34,14,20
218000172,19,10,9
218000173,68,18,50
218000174,15,6,9
218000176,110,39,71
218000177,252,204,48
218000178,70,220,-150
218000179,65,71,-6
218000180,71,27,44
218000181,124,42,82
218000187,5,22,-17
218000188,44,57,-13
218000189,24,68,-44
218000190,17,28,-11
218000191,138,72,66
218000192,198,258,-60
218000193,462,383,79
218000194,129,325,-196
218000195,123,90,33
218000196,355,358,-3
218000197,349,401,-52
218000198,12,160,-148
218000199,70,71,-1
218000200,94,42,52
218000201,14,25,-11
218000202,77,224,-147
218000207,1,45,-44
218000208,38,37,1
218000211,53,16,37
218000212,2,11,-9
218000213,88,59,29
218000214,3,23,-20
218000215,48,53,-5
218000217,2,79,-77
218000218,200,73,127
218000219,65,20,45
218000220,97,357,-260
218000221,637,163,474
218000222,15,35,-20
218000223,30,277,-247
218000224,10,168,-158
218000225,110,30,80
218000226,112,53,59
218000230,0,0,0
218000232,39,61,-22
218000239,164,14,150
218000240,55,10,45
218000241,136,2,134
218000242,131,2,129
218000243,332,3,329
218000244,129,2,127
218000245,45,2,43
218000246,1,1,0
218000247,3,0,3
218000248,0,20,-20
218000249,1,2,-1
218000250,1,8,-7
218000251,4,46,-42
218000252,4,48,-44
218000253,5,29,-24
218000254,1,24,-23
218000255,1,34,-33
218000256,15,75,-60
218000267,550,949,-399
218000268,17,61,-44
218000269,6,10,-4
218000270,50,58,-8
218000271,13,60,-47
218000273,9,4,5
218000274,15,13,2
218000275,23,39,-16
218000276,8,54,-46
218000278,19,41,-22
218000279,99,57,42
218000280,12,18,-6
218000281,20,4,16
218000282,463,383,80
218000284,94,10,84
218000301,90,105,-15
218000302,128,58,70
218000303,37,38,-1
218000316,733,926,-193
218000317,984,1118,-134
218000318,580,813,-233
218000319,970,1081,-111
218000320,698,603,95
218000338,59,32,27
218000345,75,46,29
218000346,35,122,-87
218000459,49,193,-144
218000490,52,47,5
218000501,92,147,-55
218000502,41,58,-17
218000503,86,44,42
218000504,120,39,81
218000505,48,144,-96
218000506,47,210,-163
218000508,5,3,2
218000510,152,24,128
218000520,146,109,37
218000521,21,38,-17
218000522,0,142,-142
218000523,112,1,111
218000524,45,126,-81
218000525,102,10,92
218000526,42,127,-85
218000529,33,111,-78
218000530,14,1,13
218000531,15,28,-13
218000532,30,34,-4
218000534,122,18,104
218000537,23,45,-22
218000538,106,153,-47
218000540,212,73,139
218000543,107,47,60
218000544,40,86,-46
218000545,34,66,-32
218000546,26,62,-36
218000547,81,155,-74
218000548,165,147,18
218000549,443,618,-175
218000550,171,294,-123
218000551,104,967,-863
218000552,472,53,419
218000553,28,89,-61
218000554,24,35,-11
218000555,24,29,-5
218000556,88,218,-130
218000557,223,76,147
218000558,59,0,59
218000559,0,22,-22
218000560,0,29,-29
218000561,15,0,15
218000562,33,178,-145
218000563,188,17,171
218000564,11,108,-97
218000565,207,32,175
218000566,523,11,512
218000567,0,82,-82
218000568,43,3,40
218000569,12,163,-151
218000570,115,7,108
218000571,4,114,-110
218000572,137,1,136
218000573,13,100,-87
218000574,98,47,51
218000575,114,2,112
218000576,1,91,-90
218000577,107,2,105
218000578,1,61,-60
218000579,29,26,3
218000581,4,50,-46
218000582,52,6,46
218000583,20,0,20
218000584,0,12,-12
218000585,48,11,37
218000586,11,48,-37
218000587,1,0,1
218000588,2,1,1
218000589,0,3,-3
218000590,21,0,21
218000591,20,3,17
218000592,28,0,28
218000593,0,0,0
218000594,2,0,2
218000595,0,0,0
218000596,0,0,0
218000597,0,0,0
218000598,0,0,0
218000599,3,0,3
218000600,4,3,1
218000601,0,0,0
218000602,0,2,-2
218000603,0,14,-14
218000604,16,2,14
218000605,0,43,-43
218000606,65,1,64
218000607,15,59,-44
218000608,56,9,47
218000609,8,40,-32
218000610,64,2,62
218000611,24,2,22
218000612,3,16,-13
218000613,37,1,36
218000614,2,41,-39
218000615,181,1,180
218000616,5,126,-121
218000617,23,3,20
218000618,1,14,-13
218000619,42,37,5
218000620,17,21,-4
218000621,0,2,-2
218000622,0,15,-15
218000623,180,6,174
218000624,8,25,-17
218000625,20,0,20
218000626,1,8,-7
218000628,154,39,115
218000631,29,11,18
218000632,0,90,-90
218000633,129,2,127
218000634,13,32,-19
218000635,18,11,7
218000636,802,1154,-352
218000637,868,596,272
218000638,195,40,155
218000639,29,191,-162
218000640,295,43,252
218000641,67,296,-229
218000652,48,63,-15
218000653,117,52,65
218000663,2,105,-103
218000675,88,47,41
218000676,1,17,-16
218000677,11,7,4
218000680,160,413,-253
218000681,384,110,274
218000691,124,248,-124
218000693,181,95,86
218000703,9,28,-19
218000718,924,1494,-570
218000719,1498,884,614
218000720,24,109,-85
218000721,225,18,207
218000725,12,3,9
218001214,6,43,-37
218001258,15,2,13
218001329,130,75,55
218001330,71,83,-12
218001351,14,12,2
218001352,13,16,-3
218001353,18,8,10
218001354,7,16,-9
218001355,82,2,80
218001356,132,9,123
218001357,35,7,28
218001358,73,3,70
218001361,78,5,73
219000001,45,35,10
219000002,50,54,-4
219000003,66,19,47
219000004,41,39,2
219000017,151,43,108
219000020,129,197,-68
219000022,84,27,57
219000023,454,14,440
219000029,0,64,-64
219000034,33,13,20
219000039,142,122,20
219000040,101,97,4
219000041,108,32,76
219000051,0,41,-41
219000052,0,25,-25
219000053,1,117,-116
219000054,57,71,-14
219000055,190,3,187
219000056,14,0,14
219000057,72,1,71
219000062,22,74,-52
219000063,83,7,76
219000064,0,49,-49
219000110,602,65,537
219000111,137,40,97
219000112,174,72,102
219000113,154,129,25
219000114,292,311,-19
219000116,133,70,63
219000117,171,60,111
219000118,392,54,338
219000123,196,72,124
219000124,103,36,67
219000125,12,10,2
219000126,66,103,-37
219000127,0,4,-4
219000128,10,99,-89
219000129,28,88,-60
219000130,466,478,-12
219000131,517,820,-303
219000133,97,38,59
219000134,27,10,17
219000135,48,64,-16
219000136,95,163,-68
219000138,59,30,29
219000139,36,50,-14
219000140,49,2,47
219000141,27,102,-75
219000142,22,100,-78
219000143,13,87,-74
219000145,36,37,-1
219000146,1,24,-23
219000147,1,20,-19
219000148,4,31,-27
219000149,8,62,-54
219000150,3,76,-73
219000151,5,37,-32
219000157,223,186,37
219000158,390,238,152
219000161,147,9,138
219000163,1699,624,1075
219000166,250,190,60
219000167,154,175,-21
219000168,291,115,176
219000174,337,129,208
219000175,93,9,84
219000176,101,2,99
219000177,48,3,45
219000178,36,0,36
219000179,18,4,14
219000180,54,48,6
219000182,149,16,133
219000183,76,38,38
219000184,133,7,126
219000185,4,60,-56
219000186,55,37,18
219000187,43,78,-35
219000189,105,209,-104
219000190,103,248,-145
219000191,944,1187,-243
219000192,147,157,-10
219000193,239,129,110
219000195,3,52,-49
219000196,11,117,-106
219000198,18,120,-102
219000199,70,225,-155
219000200,68,190,-122
219000201,71,268,-197
219000203,22,124,-102
219000204,197,189,8
219000205,52,145,-93
219000207,117,329,-212
219000209,30,74,-44
219000210,70,80,-10
219000213,3,154,-151
219000239,286,226,60
219000240,240,399,-159
219000241,160,191,-31
219000242,70,155,-85
219000243,92,209,-117
219000244,32,108,-76
219000245,57,28,29
219000246,32,25,7
219000247,138,21,117
219000248,488,311,177
219000249,158,109,49
219000250,153,96,57
219000251,520,240,280
219000252,178,240,-62
219000253,465,85,380
219000255,120,80,40
219000256,223,104,119
219000257,100,0,100
219000262,51,111,-60
219000263,66,151,-85
219000267,9,76,-67
219000268,2,1,1
219000269,2,2,0
219000270,13,1,12
219000271,93,4,89
219000278,3,6,-3
219000279,4,2,2
219000283,1,8,-7
219000295,19,98,-79
219000296,74,488,-414
219000297,21,124,-103
219000298,13,143,-130
219000299,423,83,340
219000300,29,198,-169
219000301,209,394,-185
219000302,49,218,-169
219000307,37,40,-3
219000308,52,56,-4
219000311,214,69,145
219000312,547,141,406
219000313,358,41,317
219000314,60,418,-358
219000315,299,52,247
219000316,569,69,500
219000317,110,34,76
219000320,4,33,-29
219000321,0,30,-30
219000323,8,64,-56
219000325,3,17,-14
219000326,80,71,9
219000327,66,54,12
219000328,22,89,-67
219000329,447,142,305
219000330,61,33,28
219000331,71,67,4
219000332,112,91,21
219000333,24,4,20
219000335,50,0,50
219000337,15,5,10
219000338,69,2,67
219000344,38,86,-48
219000345,45,129,-84
219000346,39,126,-87
219000348,154,100,54
219000349,50,130,-80
219000350,190,235,-45
219000351,1,12,-11
219000352,690,177,513
219000353,116,67,49
219000354,200,98,102
219000355,160,72,88
219000356,1265,1315,-50
219000363,280,73,207
219000364,91,41,50
219000365,143,15,128
219000366,289,298,-9
219000368,341,694,-353
219000370,1220,480,740
219000371,11,25,-14
219000382,27,25,2
219000383,696,1109,-413
219000385,513,411,102
219000386,790,1513,-723
219000387,2,7,-5
219000390,10,1,9
219000391,6,2,4
219000397,79,71,8
219000398,107,68,39
219000401,30,105,-75
219000402,69,82,-13
219000403,223,286,-63
219000404,31,119,-88
219000407,6,36,-30
219000409,35,75,-40
219000410,118,45,73
219000411,44,12,32
219000446,175,337,-162
219000447,8,19,-11
219000448,44,15,29
219000452,137,52,85
219000453,83,151,-68
219000454,222,318,-96
219000556,225,97,128
219000558,227,143,84
219000590,44,170,-126
219000591,66,86,-20
219000592,124,267,-143
219000595,11,12,-1
219000635,172,41,131
219000636,26,69,-43
219000657,65,56,9
219000658,49,139,-90
219000673,0,52,-52
219000676,82,19,63
219000679,44,9,35
219000684,83,3,80
219000685,0,60,-60
219000686,2,2,0
219000688,0,57,-57
219000689,36,264,-228
219000690,162,26,136
219000691,78,224,-146
219000692,194,41,153
219000693,1,20,-19
219000694,20,0,20
219000695,22,5,17
219000698,17,0,17
219000699,0,13,-13
219000727,2,76,-74
219000728,146,1,145
219000770,30,1,29
219000771,1,38,-37
219000788,375,166,209
219001150,2,16,-14
219001151,2,5,-3
219001166,30,47,-17
219001167,1,128,-127
219001178,34,1,33
220000001,69,67,2
220000002,10,85,-75
220000003,356,254,102
220000004,599,518,81
220000005,1517,2004,-487
220000006,155,842,-687
220000007,368,527,-159
220000008,369,812,-443
220000009,266,357,-91
220000010,278,110,168
220000011,548,2971,-2423
220000012,132,289,-157
220000014,120,47,73
220000015,71,169,-98
220000017,50,265,-215
220000018,4225,2021,2204
220000019,49,240,-191
220000020,340,297,43
220000021,573,226,347
220000022,685,433,252
220000023,315,145,170
220000024,2009,322,1687
220000025,1105,1090,15
220000026,305,244,61
220000027,55,88,-33
220000028,31,23,8
220000029,63,149,-86
220000030,109,70,39
220000031,436,262,174
220000064,28,1104,-1076
221000046,8,0,8
221000047,0,7,-7
221000048,0,7,-7
221000049,0,12,-12
221000050,24,0,24
221000055,35,57,-22
221000057,77,13,64
221000068,385,125,260
221000069,281,73,208
221000070,169,28,141
221000071,86,7,79
221000072,171,7,164
221000073,160,34,126
221000074,0,17,-17
221000075,25,26,-1
221000076,9,49,-40
221000077,23,87,-64
221000081,49,9,40
221000082,65,5,60
221000083,25,8,17
221000084,8,4,4
221000085,51,71,-20
221000086,13,94,-81
221000087,2,152,-150
221000088,10,147,-137
221000089,34,243,-209
221000090,128,527,-399
221000098,91,24,67
221000099,164,20,144
221000100,79,10,69
221000101,151,24,127
221000102,106,21,85
221000109,8,113,-105
221000110,16,83,-67
221000111,34,180,-146
221000112,15,142,-127
221000113,27,141,-114
221000114,17,182,-165
221000120,35,26,9
221000121,5,29,-24
221000122,52,37,15
221000123,12,12,0
221000124,24,164,-140
221000155,66,8,58
221000156,33,28,5
221000175,2,4,-2
221000176,3,2,1
221000182,47,7,40
221000241,488,290,198
221000242,234,427,-193
221000243,458,182,276
221000244,386,371,15
221000245,70,84,-14
221000246,52,235,-183
221000247,51,100,-49
221000248,97,107,-10
221000267,61,541,-480
221000325,94,47,47
221000331,18,62,-44
221000338,11,30,-19
221000378,179,18,161
221000381,38,42,-4
222000282,23,1,22
222000296,5,18,-13
222000568,247,35,212
222000569,167,53,114
222000570,135,34,101
222000571,255,30,225
222000577,28,148,-120
222000578,66,142,-76
222000579,44,115,-71
222000580,145,891,-746
222000599,0,130,-130
222000600,2,295,-293
222000601,5,895,-890
222000603,18,25,-7
222000604,8,42,-34
222000605,9,17,-8
222000606,4,17,-13
222000607,3,1,2
222000608,23,15,8
222000609,55,211,-156
222000616,296,43,253
222000617,9,17,-8
222000618,0,3,-3
222000620,23,8,15
222000621,80,19,61
222000623,502,4,498
222000624,251,7,244
222000625,454,22,432
222000636,55,9,46
222000686,37,6,31
222000687,55,16,39
222001066,326,0,326
222001067,26,4,22
222001068,33,44,-11
222001069,39,72,-33
222001082,10,49,-39
222001083,37,57,-20
222001084,1,20,-19
222001085,1,289,-288
222001111,71,167,-96
222001112,102,62,40
222001313,26,12,14
222001314,13,132,-119
222001464,52,56,-4
222001465,22,75,-53
222001484,99,66,33
222001485,19,58,-39
222001494,410,117,293
222001495,215,230,-15
222001496,277,100,177
222001497,186,417,-231
222001502,29,133,-104
222001503,114,52,62
222001504,25,440,-415
222001505,364,25,339
222001506,51,512,-461
222001507,379,50,329
222001510,381,52,329
222001511,75,401,-326
222001514,740,303,437
222001515,376,620,-244
222001518,276,108,168
222001519,79,250,-171
222001527,240,111,129
222001528,92,148,-56
222001529,262,80,182
222001530,48,270,-222
222001533,331,314,17
222001534,361,90,271
222001535,179,189,-10
222001536,98,236,-138
222001537,339,54,285
222001538,100,549,-449
222001563,619,99,520
222001564,111,475,-364
222001568,573,113,460
222001576,10,4,6
222001579,1,6,-5
222001583,26,169,-143
222001584,126,10,116
222001596,1009,987,22
222001597,2788,326,2462
222001626,2,183,-181
222001650,447,121,326
222001651,467,153,314
222001914,219,113,106
222001915,123,261,-138
222001968,417,237,180
222001969,439,756,-317
222001970,168,190,-22
222001971,34,10,24
222001972,4,30,-26
225000001,457,163,294
225000002,487,127,360
225000003,466,63,403
225000004,278,174,104
225000005,113,49,64
225000006,0,151,-151
225000007,1334,1115,219
225000010,282,12,270
225000011,334,759,-425
225000012,184,399,-215
225000013,85,80,5
225000014,650,77,573
225000015,74,161,-87
225000021,635,169,466
225000027,173,397,-224
225000032,607,154,453
225000042,80,558,-478
225000049,41,60,-19
225000050,75,11,64
225000053,8,243,-235
225000058,485,152,333
225000067,232,132,100
225000068,107,234,-127
225000069,106,327,-221
225000070,71,323,-252
225000071,26,128,-102
225000075,18,736,-718
225000076,43,145,-102
225000078,85,40,45
225000085,57,152,-95
225000086,250,72,178
225000087,167,21,146
225000088,19,161,-142
225000089,238,847,-609
225000090,105,402,-297
225000091,203,137,66
225000092,161,52,109
225000093,184,227,-43
225000094,16,197,-181
225000095,272,346,-74
225000096,257,468,-211
225000098,585,291,294
225000099,289,143,146
225000100,295,115,180
225000104,122,349,-227
225000110,14,321,-307
225000111,197,876,-679
225000112,278,935,-657
225000113,274,453,-179
225000114,65,207,-142
225000115,1216,601,615
225000116,955,173,782
225000117,635,234,401
225000118,828,220,608
225000119,204,67,137
225000120,724,49,675
225000121,167,30,137
225000123,446,21,425
225000125,324,156,168
225000126,631,109,522
225000127,561,842,-281
225000128,370,525,-155
225000132,251,45,206
225000133,215,49,166
225000134,546,150,396
225000135,55,22,33
225000136,226,16,210
225000137,238,48,190
225000138,290,75,215
225000143,38,294,-256
225000144,5,303,-298
225000145,46,28,18
225000146,48,79,-31
225000147,18,238,-220
225000148,5,269,-264
225000149,68,472,-404
225000151,40,224,-184
225000155,306,426,-120
225000156,157,687,-530
225000157,199,314,-115
225000158,75,270,-195
225000171,4,159,-155
225000180,27,1,26
225000181,0,58,-58
225000182,68,4,64
225000185,18,301,-283
225000187,73,294,-221
225000191,171,1,170
225000194,0,5,-5
225000208,4,37,-33
225000209,79,15,64
225000210,6,207,-201
225000217,0,15,-15
225000218,19,0,19
225000223,0,35,-35
225000224,76,2,74
225000225,1,18,-17
225000226,61,4,57
225000227,23,80,-57
225000228,5,11,-6
225000229,0,52,-52
225000230,57,1,56
225000231,1,34,-33
225000232,114,0,114
225000241,113,2,111
225000242,0,34,-34
225000249,4,0,4
225000250,68,757,-689
225000251,319,26,293
225000254,5,2,3
225000256,10,15,-5
225000257,0,42,-42
226000042,300,409,-109
226000043,42,223,-181
226000044,116,420,-304
226000045,43,278,-235
226000046,303,85,218
226000047,308,82,226
226000048,297,54,243
226000049,258,145,113
226000070,0,32,-32
226000071,0,45,-45
226000072,0,5,-5
226000073,0,6,-6
226000074,0,13,-13
226000084,0,50,-50
226000085,0,3,-3
226000086,5,11,-6
226000087,0,9,-9
226000088,69,48,21
226000090,257,48,209
226000091,34,52,-18
226000092,9,18,-9
226000093,31,0,31
226000094,12,3,9
226000095,17,12,5
226000105,7,0,7
226000106,7,0,7
226000107,7,0,7
226000108,22,2,20
226000109,72,1,71
226000124,104,60,44
226000134,543,373,170
226000135,1404,466,938
226000136,1533,371,1162
226000137,10,271,-261
226000138,3,171,-168
226000139,1,18,-17
226000156,129,2,127
226000157,109,7,102
226000163,78,155,-77
226000202,13,292,-279
226000231,211,8,203
226000232,53,6,47
227000033,240,63,177
227000036,276,52,224
227000037,235,25,210
227000038,139,25,114
227000084,3,59,-56
227000085,0,41,-41
227000088,36,1,35
227000089,118,3,115
227000090,59,2,57
227000091,21,0,21
227000092,30,0,30
227000093,149,0,149
227000094,13,1,12
227000130,31,56,-25
227000131,38,168,-130
227000132,8,176,-168
227000133,9,163,-154
227000134,10,280,-270
227000152,0,6,-6
227000153,0,45,-45
227000154,0,16,-16
227000155,0,12,-12
227000156,1,17,-16
227000165,10,17,-7
227000196,341,304,37
227000199,330,468,-138
227000230,42,356,-314
227000232,432,36,396
227000242,45,362,-317
227000243,393,79,314
227000245,11,250,-239
227000246,78,283,-205
227000247,269,72,197
227000248,85,28,57
227000249,12,121,-109
227000250,316,100,216
227000251,82,133,-51
227000252,15,218,-203
227000253,113,13,100
227000262,314,78,236
227000266,806,11,795
227000267,74,1276,-1202
227000282,14,210,-196
227000284,366,28,338
227000286,2,82,-80
227000287,11,163,-152
227000291,11,444,-433
227000296,203,193,10
227000484,221,30,191
227000485,33,780,-747
227000655,156,13,143
227000656,586,51,535
227000657,108,13,95
227000661,176,8,168
229000265,10,32,-22
229000266,1,0,1
229000267,4,0,4
229000268,4,0,4
229000269,1,0,1
229000274,0,2,-2
229000275,0,7,-7
229000276,0,4,-4
229000277,0,0,0
229000278,0,1,-1
229000295,1,2,-1
229000296,8,15,-7
229000297,5,18,-13
229000298,2,101,-99
229000320,30,8,22
229000321,39,3,36
229000412,13,50,-37
229000414,6,45,-39
229000415,22,5,17
229000416,2,2,0
229000417,1,13,-12
229000419,90,288,-198
229000440,348,74,274
229000442,22,6,16
229000443,11,2,9
229000444,0,19,-19
229000445,90,7,83
229000446,76,9,67
229000491,1,12,-11
229000492,10,75,-65
229000493,3,64,-61
229000494,37,1,36
229000495,103,5,98
229000496,50,6,44
229000507,1,54,-53
229000508,0,37,-37
229000509,0,43,-43
229000510,1,31,-30
229000511,2,47,-45
229000512,0,20,-20
229000513,0,6,-6
229000514,0,8,-8
229000517,2,5,-3
229000518,17,28,-11
229000519,0,8,-8
229000520,11,18,-7
229000521,33,18,15
229000522,11,7,4
229000523,13,5,8
229000524,2,5,-3
229000527,0,0,0
229000528,0,0,0
229000529,5,0,5
229000530,50,2,48
229000531,22,8,14
229000532,16,3,13
229000533,60,2,58
229000534,64,0,64
229000564,39,0,39
229000565,18,4,14
229000566,0,12,-12
229000567,0,22,-22
229000582,92,4,88
229000583,7,4,3
229000584,0,25,-25
229000585,2,56,-54
229000718,0,2,-2
229000719,0,3,-3
229000720,0,11,-11
229000721,0,12,-12
229000722,0,15,-15
229000723,0,5,-5
229000724,0,3,-3
229000725,0,4,-4
229000738,0,2,-2
229000739,10,0,10
229000740,2,0,2
229000741,17,0,17
229000742,2,0,2
229000743,18,0,18
229000744,2,0,2
229000745,0,0,0
229000746,18,0,18
229000847,45,0,45
229000848,24,0,24
229000849,79,0,79
229000851,21,0,21
229000854,0,31,-31
229000856,0,108,-108
229000857,0,40,-40
229000858,0,61,-61
229000919,40,61,-21
229000930,2,323,-321
229000937,39,18,21
229000966,41,26,15
229000981,23,39,-16
229000985,11,46,-35
229000986,4,6,-2
229000987,0,1,-1
229000988,1,5,-4
229000989,4,0,4
229000990,0,2,-2
229000991,1,5,-4
229000992,12,10,2
229000993,123,28,95
229000998,6,56,-50
229000999,53,23,30
229001034,1,26,-25
229001035,3,3,0
229001036,1,5,-4
229001037,59,4,55
229001038,0,2,-2
229001039,1,0,1
229001040,0,3,-3
229001041,5,0,5
229001042,15,30,-15
229001047,8,46,-38
229001050,34,37,-3
229001168,0,15,-15
229001200,19,1,18
229001338,6,25,-19
229001394,165,6,159
229001422,111,11,100
229001423,52,114,-62
229001431,52,39,13
229001432,50,64,-14
229001444,156,39,117
229001445,42,144,-102
229001479,21,3,18
229001503,154,78,76
229001504,153,154,-1
229001505,93,37,56
229001506,65,131,-66
229001509,38,6,32
229001510,0,8,-8
229001545,57,10,47
229001546,13,96,-83
229001553,70,14,56
229001554,91,94,-3
229001630,65,11,54
229001631,4,28,-24
229001635,0,7,-7
229001636,8,0,8
229001658,0,111,-111
229001659,42,7,35
229001660,14,3,11
229001661,10,32,-22
229001662,19,0,19
229001663,0,16,-16
229002584,228,158,70
229002831,149,108,41
229002841,6,8,-2
229002842,15,17,-2
229002843,93,12,81
229002844,35,52,-17
229002845,11,83,-72
229002846,36,6,30
229002847,2,11,-9
229002848,20,11,9
229002849,1,78,-77
229002850,13,0,13
229002851,37,126,-89
229002852,153,25,128
229002853,152,14,138
229002854,42,57,-15
229002855,6,26,-20
229002856,52,19,33
229002857,9,87,-78
229002858,10,7,3
229002859,21,58,-37
229002860,188,20,168
229002861,64,45,19
229002862,39,47,-8
229002863,17,25,-8
229002864,22,30,-8
229002865,18,10,8
229002866,13,17,-4
229002867,2,27,-25
229002868,14,16,-2
229002869,9,124,-115
229002870,29,13,16
235000066,510,85,425
235000067,115,120,-5
235000072,19,65,-46
235000073,76,329,-253
235000074,31,109,-78
235000080,19,74,-55
235000081,165,138,27
235000082,112,71,41
235000083,154,115,39
235000084,27,76,-49
235000085,82,56,26
235000089,78,26,52
235000092,32,114,-82
235000093,5,7,-2
235000097,3,12,-9
235000098,61,14,47
235000099,36,29,7
235000116,59,22,37
235000117,639,18,621
235000133,10,305,-295
235000134,9,141,-132
235000206,7,1,6
235000207,2,1,1
235000208,1,0,1
235000209,6,0,6
235000210,4,2,2
235000212,1,17,-16
235000213,3,1,2
235000220,2,5,-3
235000221,79,12,67
235000238,8,75,-67
235000239,5,22,-17
235000242,318,479,-161
235000245,406,184,222
235000246,8,54,-46
235000284,8,110,-102
235000295,131,13,118
235000305,322,20,302
235000306,214,5,209
235000307,23,4,19
235000308,17,3,14
235000309,54,2,52
235000310,24,0,24
235000311,130,22,108
235000322,0,22,-22
235000323,0,44,-44
235000324,1,31,-30
235000325,0,8,-8
235000326,6,172,-166
235000351,5,59,-54
235000352,16,30,-14
235000353,2,39,-37
235000354,7,29,-22
235000355,7,35,-28
235000356,92,4,88
235000357,34,6,28
235000358,137,7,130
235000359,15,4,11
235000360,64,21,43
235000361,73,7,66
235000381,63,160,-97
235000382,144,42,102
235000390,20,3,17
235000391,193,21,172
235000392,114,231,-117
235000393,100,113,-13
235000395,111,26,85
235000396,442,71,371
235000400,79,35,44
235000401,19,132,-113
235000405,88,200,-112
235000406,56,226,-170
235000407,117,71,46
235000409,143,113,30
235000410,24,219,-195
235000411,1,42,-41
235000485,0,5,-5
235000486,8,0,8
235000549,220,117,103
235000550,81,142,-61
235000599,71,43,28
235000600,3,11,-8
235000601,35,32,3
235000602,90,55,35
235000614,0,2,-2
235000648,0,24,-24
235000649,38,6,32
235000685,2,3,-1
235000815,15,26,-11
235000834,0,4,-4
235000855,59,58,1
235000862,23,98,-75
235000891,0,9,-9
235000892,15,1,14
235000901,261,103,158
235000907,5,13,-8
235001010,145,97,48
235001029,404,323,81
235001030,314,264,50
235001078,53,69,-16
235001079,87,108,-21
235001147,23,37,-14
235001166,14,76,-62
235001167,26,44,-18
235001169,34,332,-298
235001188,2,3,-1
235001189,6,0,6
235001197,10,8,2
235001200,40,50,-10
235001207,141,17,124
235001210,23,100,-77
235001215,32,64,-32
235001239,1,30,-29
235001244,1,6,-5
235016267,0,68,-68
277101746,0,0,0
277102712,0,0,0
277103813,0,0,0
277103898,0,3,-3
277104249,0,0,0
277104250,0,3,-3
277104251,0,3,-3
277104252,0,2,-2
990011530,0,160,-160
990014944,2,580,-578
990015176,15,5,10
990015618,1,185,-184
990016032,1,302,-301
990032570,0,317,-317
990070001,59,0,59
990070103,0,7,-7
990070601,0,45,-45
990070751,855,1,854
990070766,3,492,-489
990071180,553,237,316
990071343,18,4,14
990071387,1,28,-27
990071823,836,5,831
990072600,1,846,-845
990072964,1,340,-339
990073285,0,6,-6
990074393,3,726,-723
990074870,1418,5,1413
990075106,1785,7,1778
990075746,448,5,443
990076437,1141,4,1137
990076458,3,680,-677
997000007,554,3,551
997000041,1,223,-222
997000058,61,1,60
997000062,56,2,54
997000069,1,4,-3
997000070,0,18,-18
997000100,38,0,38
997000141,19,2510,-2491
997000198,6,1153,-1147
998000475,2,46,-44
998000736,1,146,-145
998000965,0,10,-10
998001031,1,78,-77
998001700,0,18,-18
998001899,0,3,-3
998001900,12,3,9
998003073,1155,15,1140
998101900,0,0,0
998102850,9,200,-191
998501927,1253,595,658
998501929,161,2,159
998501930,99,0,99
998501931,345,43,302
998501932,10,11,-1
998501933,67,3,64
998501937,28,4,24
998501944,7,0,7
998501950,0,0,0
998501970,209,32,177
998501971,0,79,-79
998501973,0,85,-85
998501974,0,248,-248
998501975,94,1,93
998501976,62,1,61
998501977,3,30,-27
998501978,37,1,36
998501979,0,22,-22
998501980,92,1,91
998501981,30,2,28
998501982,1,137,-136
998502006,0,0,0
998502024,0,6,-6
998502032,0,6,-6
998502062,13,0,13
998502063,0,0,0
998502173,36,2,34
998502269,0,5,-5
998601159,4,190,-186
998601292,1,19,-18
999033574,3,317,-314
999800001,55,2,53
999800002,0,8,-8
999800003,0,1,-1
999800004,0,5,-5
999800005,0,11,-11
