ID,insum,outsum,diff
100000001,0,0,0
100000002,1464,2551,-1087
100000003,2903,3889,-986
100000004,182,718,-536
100000005,1683,2461,-778
100000006,77,116,-39
100000007,462,478,-16
100000008,53,14,39
100000009,24,245,-221
100000010,0,69,-69
100000011,98,21,77
100000012,27,45,-18
100000013,0,33,-33
100000014,12,18,-6
100000015,464,767,-303
100000016,91,205,-114
100000017,71,102,-31
100000018,184,195,-11
100000019,399,840,-441
100000020,250,1350,-1100
100000021,329,256,73
100000022,343,908,-565
100000023,558,477,81
100000025,234,985,-751
100000028,363,482,-119
100000029,6,46,-40
100000030,71,6,65
100000031,595,2543,-1948
100000032,313,1217,-904
100000033,183,974,-791
100000034,9,150,-141
100000035,176,451,-275
100000036,177,381,-204
100000037,281,121,160
100000038,847,286,561
100000039,52,36,16
100000040,11,119,-108
100000041,243,167,76
100000042,309,129,180
100000043,166,85,81
100000044,29,13,16
100000045,56,54,2
100000046,221,78,143
100000047,55,39,16
100000048,42,129,-87
100000049,227,144,83
100000051,125,90,35
100000053,27,1,26
100000054,72,3,69
100000055,83,18,65
100000056,78,104,-26
100000057,579,129,450
100000058,69,167,-98
100000059,16,86,-70
100000060,156,144,12
100000061,621,187,434
100000062,337,200,137
100000063,327,126,201
100000064,236,151,85
100000065,134,106,28
100000066,47,67,-20
100000067,61,216,-155
100000068,137,195,-58
100000069,42,160,-118
100000072,10,85,-75
100000073,214,275,-61
100000075,164,40,124
100000076,544,2167,-1623
100000077,68,215,-147
100000078,20,73,-53
100000079,2,34,-32
100000080,0,59,-59
100000081,1,23,-22
100000102,938,2071,-1133
100000103,463,722,-259
100000104,412,398,14
100000105,226,339,-113
100000106,314,1804,-1490
100000107,11,649,-638
100000108,38,98,-60
100000109,755,398,357
100000116,444,471,-27
100000117,4,48,-44
100000118,1911,423,1488
100000119,632,446,186
100000121,12,231,-219
100000122,138,460,-322
100000123,2021,2168,-147
100000124,876,1064,-188
100000125,437,1057,-620
100000126,139,379,-240
100000127,283,391,-108
100000128,20,550,-530
100000129,65,146,-81
100000130,337,330,7
100000131,184,250,-66
100000132,295,976,-681
100000133,936,314,622
100000135,163,308,-145
100000139,155,182,-27
100000140,0,0,0
100000142,174,109,65
100000143,51,86,-35
100000144,478,81,397
100000147,655,3714,-3059
100000150,70,132,-62
100000151,128,833,-705
100000153,1,81,-80
100000154,0,169,-169
100000155,0,47,-47
100000156,33,106,-73
100000157,561,134,427
100000158,49,75,-26
100000159,16,321,-305
100000165,571,291,280
100000169,14,192,-178
100000174,44,137,-93
100000179,35,564,-529
100000180,144,57,87
100000181,50,72,-22
100000188,9,39,-30
100000189,367,101,266
100000190,229,547,-318
100000191,70,198,-128
100000192,1,110,-109
100000193,33,75,-42
100000330,301,394,-93
100000355,11,81,-70
100000362,855,452,403
100000363,3290,3947,-657
100000364,214,69,145
100000365,5258,4573,685
100000366,1190,958,232
100000367,3406,3701,-295
100000368,79,55,24
100000369,154,1298,-1144
100000370,16,646,-630
100000376,3,269,-266
100000379,305,1533,-1228
100000380,1996,3151,-1155
100000384,2039,3359,-1320
100000385,436,2753,-2317
100000386,1147,2512,-1365
100000387,818,4552,-3734
100000388,1631,1361,270
100000389,1593,3405,-1812
100000390,898,823,75
100000391,2356,4533,-2177
100000392,211,645,-434
100000393,192,2353,-2161
100000394,872,1517,-645
100000395,477,1049,-572
100000396,1019,672,347
100000397,533,1469,-936
100000398,7717,2399,5318
100900002,0,0,0
100900003,36,31,5
100900004,1,0,1
100900005,0,0,0
100900006,0,0,0
100900007,0,0,0
100900008,1,1,0
100900009,0,0,0
100900010,0,0,0
100900011,0,0,0
100900012,0,0,0
100900013,0,0,0
100900014,0,0,0
100900015,0,0,0
100900016,0,0,0
100900017,63,23,40
100900018,0,0,0
100900019,0,0,0
100900020,0,0,0
100900021,39,0,39
100900022,0,0,0
100900023,0,0,0
100900024,0,0,0
100900025,1,0,1
100900026,0,0,0
100900027,2,191,-189
100900028,10,1,9
100900029,0,0,0
100900030,0,0,0
100900031,100,39,61
100900032,82,0,82
100900033,0,0,0
100900034,0,0,0
100900035,0,0,0
100900036,0,0,0
100900037,0,0,0
100900038,0,0,0
100900039,36,0,36
100900040,173,23,150
100900041,115,1,114
100900042,13,17,-4
100900043,2,6,-4
100900044,40,6,34
100900045,0,0,0
100900046,64,0,64
100900047,108,10,98
100900048,1,0,1
100900049,0,0,0
100900050,0,0,0
100900051,0,2,-2
100900052,1,0,1
100900053,0,0,0
100900054,0,0,0
100900055,0,0,0
100900056,0,0,0
100900057,37,5,32
100900058,0,0,0
100900059,0,0,0
100900060,0,0,0
100900061,0,0,0
100900062,0,0,0
100900063,5,108,-103
100900064,11,0,11
100900065,0,0,0
100900066,5,1,4
100900067,0,0,0
100900068,0,0,0
100900069,0,0,0
100900070,0,0,0
100900071,0,0,0
100900072,0,0,0
100900073,0,0,0
100900074,0,0,0
100900075,14,1,13
100900076,0,2,-2
100900077,3,1,2
100900078,0,0,0
100900079,0,0,0
100900080,0,13,-13
100900081,0,1,-1
100900082,0,0,0
100900083,0,0,0
100900085,0,0,0
100900086,0,0,0
100900088,0,0,0
100900089,0,0,0
100900090,3,6,-3
100900091,1,0,1
100900092,19,2,17
100900093,0,0,0
100900094,0,0,0
100900095,0,0,0
100900096,1,0,1
100900097,0,0,0
100900098,0,0,0
100900099,0,0,0
100900100,0,0,0
100900101,4,0,4
100900102,0,0,0
100900103,0,0,0
100900104,0,0,0
100900105,0,0,0
100900106,0,0,0
100900107,0,0,0
100900108,0,0,0
100900109,0,0,0
100900110,0,4,-4
100900111,0,0,0
100900112,1,0,1
100900113,0,0,0
100900114,0,0,0
100900115,1,1,0
100900116,25,4,21
100900117,0,0,0
100900118,0,0,0
100900119,0,0,0
100900120,0,1,-1
100900121,10,0,10
100900122,0,0,0
100900123,0,0,0
100900124,0,0,0
100900125,0,0,0
100900126,0,0,0
100900127,0,0,0
100900128,0,0,0
100900129,0,0,0
100900131,2,0,2
100900133,0,0,0
100900134,0,0,0
100900135,0,0,0
100900137,0,0,0
100900138,0,0,0
100900139,0,0,0
100900140,0,0,0
100900141,0,0,0
100900142,0,1,-1
100900143,0,0,0
100900144,0,0,0
100900145,0,0,0
100900146,0,0,0
100900147,0,0,0
100900148,0,0,0
100900149,0,0,0
100900150,0,0,0
100900151,0,0,0
100900152,0,0,0
100900153,0,0,0
100900154,2,0,2
100900155,0,0,0
100900156,0,0,0
100900157,0,0,0
100900158,0,0,0
100900159,0,0,0
100900160,0,0,0
100900161,0,0,0
100900162,0,0,0
100900163,0,0,0
100900164,0,0,0
100900165,0,0,0
100900166,0,0,0
100900167,0,0,0
100900168,0,0,0
100900169,0,0,0
100900170,0,0,0
100900171,0,0,0
100900172,0,0,0
100900173,0,0,0
100900174,0,0,0
100900176,0,0,0
100900177,0,0,0
100900178,33,7,26
100900179,0,0,0
100900180,0,0,0
100900181,0,0,0
100900182,0,1,-1
100900184,0,22,-22
100900186,0,0,0
100900187,0,0,0
100900188,0,0,0
100900189,0,0,0
100900191,0,0,0
100900192,0,0,0
100900195,1,0,1
100900197,358,281,77
100900198,0,0,0
100900199,24,2,22
100900200,0,0,0
100900201,0,0,0
100900202,0,0,0
100900203,0,0,0
100900204,10,1,9
100900205,0,0,0
100900206,0,0,0
100900207,0,0,0
100900210,0,0,0
100900211,0,0,0
100900213,0,0,0
100900214,46,0,46
100900215,0,0,0
101000001,504,962,-458
101000002,223,820,-597
101000003,15,405,-390
101000004,3402,4847,-1445
101000005,2497,4195,-1698
101000006,2546,4073,-1527
101000007,639,2862,-2223
101000008,1305,2512,-1207
101000009,1141,368,773
101000010,175,285,-110
101000011,81,218,-137
101000012,125,57,68
101000013,142,364,-222
101000014,150,615,-465
101000015,705,574,131
101000016,24,403,-379
101000017,68,237,-169
101000018,673,618,55
101000020,762,190,572
101000021,51,306,-255
101000022,1,0,1
101000023,167,261,-94
101000025,92,231,-139
101000026,73,9,64
101000027,1271,1731,-460
101000028,2,5,-3
101000029,20,768,-748
101000030,148,29,119
101000031,84,703,-619
101000032,1516,2220,-704
101000033,297,1319,-1022
101000034,289,1098,-809
101000035,77,158,-81
101000036,257,761,-504
101000037,404,1732,-1328
101000039,206,853,-647
101000040,439,1449,-1010
101000041,2134,3903,-1769
101000042,33,540,-507
101000043,1289,2312,-1023
101000045,111,328,-217
101000046,837,1387,-550
101000047,867,2098,-1231
101000048,41,134,-93
101000049,16,291,-275
101000050,183,1267,-1084
101000051,115,1682,-1567
101000052,549,1435,-886
101000053,115,495,-380
101000054,349,153,196
101000055,590,1676,-1086
101000056,18,133,-115
101000057,174,531,-357
101000058,366,1511,-1145
101000059,954,2342,-1388
101000060,112,145,-33
101000061,159,2415,-2256
101000062,76,185,-109
101000063,137,1257,-1120
101000064,140,450,-310
101000065,35,670,-635
101000066,161,743,-582
101000067,84,163,-79
101000068,149,448,-299
101000069,131,58,73
101000070,277,171,106
101000071,677,748,-71
101000072,1862,1078,784
101000073,1180,876,304
101000074,3972,1986,1986
101000075,5813,920,4893
101000077,2116,556,1560
101000078,1009,797,212
101000079,1244,521,723
101000080,740,32,708
101000081,823,869,-46
101000082,1158,750,408
101000083,1102,795,307
101000084,244,149,95
101000085,1198,737,461
101000086,78,116,-38
101000087,120,170,-50
101000088,745,738,7
101000089,401,747,-346
101000090,280,180,100
101000091,234,218,16
101000092,656,242,414
101000093,661,355,306
101000094,95,82,13
101000095,53,96,-43
101000096,472,372,100
101000097,89,135,-46
101000098,74,364,-290
101000099,412,636,-224
101000100,192,707,-515
101000101,213,246,-33
101000102,92,365,-273
101000103,300,285,15
101000104,51,345,-294
101000105,34,145,-111
101000106,32,173,-141
101000107,12,43,-31
101000108,104,34,70
101000109,63,13,50
101000110,38,28,10
101000111,0,76,-76
101000113,53,363,-310
101000114,992,1537,-545
101000115,1,0,1
101000116,0,0,0
101000117,9,0,9
101000119,5,82,-77
101000120,0,4,-4
101000121,2,6,-4
101000122,0,10,-10
101000123,1,14,-13
101000124,403,116,287
101000125,47,16,31
101000128,46,122,-76
101000130,849,173,676
101000131,496,313,183
101000132,45,119,-74
101000135,0,3,-3
101000136,10,24,-14
101000137,18,363,-345
101000141,267,2767,-2500
101000147,171,69,102
101000148,128,4,124
101000149,0,1,-1
101000150,49,125,-76
101000151,24,3,21
101000152,100,33,67
101000153,203,61,142
101000154,123,97,26
101000155,9,0,9
101000156,0,1,-1
101000157,1,9,-8
101000160,0,0,0
101000163,42,340,-298
101000164,25,49,-24
101000165,218,138,80
101000166,102,182,-80
101000168,35,12,23
101000252,1031,238,793
101000254,0,0,0
101000258,277,5,272
101000261,562,36,526
101000262,289,2323,-2034
101000263,88,928,-840
101000265,4,322,-318
101000266,83,40,43
101000269,0,0,0
101000290,85,1487,-1402
101000293,0,0,0
101000294,202,107,95
101000295,57,112,-55
101000301,21,223,-202
101000304,665,1583,-918
101000305,797,760,37
101900001,4,0,4
101900002,0,0,0
101900003,0,0,0
101900004,0,0,0
101900005,0,0,0
101900006,0,0,0
101900007,0,0,0
101900008,0,0,0
101900009,0,0,0
101900010,0,0,0
101900011,0,0,0
101900012,0,0,0
101900013,0,0,0
101900017,0,0,0
101900018,11,0,11
101900019,0,0,0
101900020,13,0,13
101900021,0,0,0
101900022,20,4,16
101900023,0,0,0
102000001,653,2700,-2047
102000002,1173,305,868
102000003,405,1879,-1474
102000004,668,1239,-571
102000005,263,1471,-1208
102000006,239,1216,-977
102000007,221,2032,-1811
102000008,1672,1016,656
102000009,2479,3271,-792
102000010,912,1039,-127
102000011,1718,3317,-1599
102000012,1400,1522,-122
102000018,454,423,31
102000019,56,421,-365
102000026,6,88,-82
102000029,151,45,106
102000030,8,42,-34
102000031,2,29,-27
102000032,97,104,-7
102000033,93,190,-97
102000034,44,37,7
102000035,117,84,33
102000036,0,84,-84
102000037,4,16,-12
102000038,4,13,-9
102000039,2,31,-29
102000040,26,40,-14
102000041,3,73,-70
102000042,7,93,-86
102000043,7,13,-6
102000044,96,179,-83
102000045,96,350,-254
102000046,226,144,82
102000047,175,254,-79
102000048,118,244,-126
102000049,338,324,14
102000050,166,226,-60
102000051,101,145,-44
102000052,442,200,242
102000053,480,275,205
102000054,151,156,-5
102000055,204,17,187
102000056,447,77,370
102000057,211,115,96
102000058,85,106,-21
102000059,91,105,-14
102000060,423,559,-136
102000061,150,153,-3
102000062,779,549,230
102000063,85,344,-259
102000064,501,695,-194
102000065,23,56,-33
102000066,227,157,70
102000067,568,1679,-1111
102000068,1390,919,471
102000069,33,528,-495
102000070,571,24,547
102000071,3204,4455,-1251
102000072,825,1003,-178
102000073,130,170,-40
102000074,202,96,106
102000075,118,72,46
102000076,56,64,-8
102000077,761,212,549
102000078,596,86,510
102000079,72,22,50
102000080,106,28,78
102000081,85,240,-155
102000082,66,180,-114
102000083,264,65,199
102000084,240,69,171
102000085,322,242,80
102000086,589,250,339
102000087,140,348,-208
102000088,171,56,115
102000089,618,88,530
102000090,140,454,-314
102000091,571,391,180
102000092,187,258,-71
102000093,155,342,-187
102000094,354,70,284
102000095,156,310,-154
102000096,1431,259,1172
102000097,493,298,195
102000098,264,358,-94
102000099,632,264,368
102000100,75,305,-230
102000101,130,263,-133
102000102,139,332,-193
102000103,86,370,-284
102000104,113,223,-110
102000105,89,66,23
102000106,137,49,88
102000107,490,75,415
102000108,161,37,124
102000109,200,59,141
102000110,739,119,620
102000111,17,56,-39
102000112,32,10,22
102000113,9,5,4
102000114,112,107,5
102000115,21,41,-20
102000116,42,235,-193
102000117,10,106,-96
102000118,232,735,-503
102000119,148,231,-83
102000120,49,421,-372
102000121,88,272,-184
102000122,194,571,-377
102000123,168,182,-14
102000124,267,356,-89
102000125,159,104,55
102000126,129,249,-120
102000127,233,71,162
102000128,123,268,-145
102000129,203,122,81
102000130,170,673,-503
102000131,311,673,-362
102000132,56,1216,-1160
102000133,1356,265,1091
102000134,158,217,-59
102000135,31,287,-256
102000136,44,102,-58
102000137,23,39,-16
102000138,61,18,43
102000139,45,74,-29
102000140,7,13,-6
102000141,15,12,3
102000142,63,17,46
102000143,69,28,41
102000144,109,43,66
102000145,37,26,11
102000146,168,44,124
102000147,28,41,-13
102000148,8,97,-89
102000149,56,88,-32
102000150,194,15,179
102000151,34,49,-15
102000152,35,29,6
102000153,234,139,95
102000154,50,30,20
102000155,65,86,-21
102000156,30,3,27
102000157,0,63,-63
102000158,7,117,-110
102000159,26,54,-28
102000161,65,363,-298
102000162,2,31,-29
102000163,4,214,-210
102000164,104,433,-329
102000165,3,0,3
102000166,2,47,-45
102000167,0,0,0
102000168,32,37,-5
102000169,14,180,-166
102000170,0,0,0
102000171,0,0,0
102000172,1,94,-93
102000173,81,154,-73
102000174,5,26,-21
102000175,126,12,114
102000176,24,26,-2
102000178,19,32,-13
102000179,111,76,35
102000180,179,69,110
102000181,398,157,241
102000182,315,114,201
102000183,730,179,551
102000184,270,90,180
102000185,1264,184,1080
102000186,246,174,72
102000187,114,85,29
102000188,488,399,89
102000189,548,76,472
102000190,352,845,-493
102000191,302,79,223
102000192,117,336,-219
102000193,27,31,-4
102000194,4,57,-53
102000195,228,42,186
102000196,73,51,22
102000197,299,22,277
102000198,151,85,66
102000199,314,19,295
102000200,163,177,-14
102000201,295,43,252
102000202,0,1,-1
102000203,39,11,28
102000204,158,147,11
102000205,343,130,213
102000206,67,28,39
102000207,295,118,177
102000208,65,94,-29
102000209,12,22,-10
102000210,84,5,79
102000211,68,0,68
102000212,308,12,296
102000213,0,0,0
102000214,127,7,120
102000215,0,4,-4
102000216,54,42,12
102000217,0,13,-13
102000218,77,87,-10
102000219,0,2,-2
102000225,297,286,11
102000226,2,45,-43
102000227,29,1,28
102000228,0,0,0
102000229,4,13,-9
102000230,74,105,-31
102000231,113,272,-159
102000232,16,127,-111
102000233,30,117,-87
102000234,19,698,-679
102000236,6,16,-10
102000237,50,10,40
102000238,2,11,-9
102000240,0,0,0
102000241,20,2,18
102000243,2,35,-33
102000245,0,0,0
102000246,4,72,-68
102000247,9,163,-154
102000248,110,447,-337
102000249,49,5,44
102000250,24,77,-53
102000254,87,59,28
102000266,0,30,-30
102000271,2,0,2
102000286,90,78,12
102000297,185,132,53
102000300,0,0,0
102000301,0,0,0
102000305,0,0,0
102000306,0,0,0
102000307,0,0,0
102000308,0,0,0
102900001,103,33,70
102900002,52,10,42
102900003,0,0,0
102900005,107,7,100
102900006,56,7,49
102900007,173,0,173
102900008,14,9,5
102900009,26,1,25
102900010,114,0,114
102900011,0,0,0
102900012,0,0,0
102900013,0,0,0
102900015,0,0,0
102900016,0,0,0
102900017,0,0,0
102900018,0,0,0
102900019,0,0,0
102900020,0,0,0
102900021,0,0,0
102900022,0,0,0
102900023,0,0,0
102900024,0,0,0
102900025,0,0,0
102900026,2,147,-145
102900027,0,0,0
102900028,15,49,-34
102900029,0,0,0
102900030,3,24,-21
102900031,39,21,18
102900032,0,0,0
102900033,0,0,0
102900034,98,5,93
102900035,0,0,0
102900036,71,37,34
102900037,51,36,15
102900038,106,10,96
102900039,8,0,8
102900040,0,0,0
102900041,0,0,0
102900042,0,0,0
102900043,0,0,0
102900044,0,0,0
102900045,0,0,0
102900046,0,0,0
102900047,0,0,0
102900048,0,0,0
102900049,0,0,0
102900050,0,0,0
102900051,0,0,0
102900052,0,0,0
102900053,0,0,0
102900054,1,0,1
102900055,0,0,0
102900056,0,0,0
102900057,0,0,0
102900058,0,0,0
102900059,0,0,0
102900060,0,10,-10
102900061,1,11,-10
102900062,24,27,-3
102900063,100,2,98
102900064,0,50,-50
102900065,94,0,94
102900066,5,0,5
102900068,0,0,0
102900070,0,0,0
102900072,0,0,0
102900073,0,0,0
102900074,0,0,0
102900075,0,0,0
102900076,0,0,0
102900077,0,0,0
102900078,0,0,0
102900079,46,0,46
102900080,47,0,47
102900081,0,0,0
102900082,0,0,0
102900083,0,0,0
102900084,0,0,0
102900085,0,0,0
102900086,0,0,0
102900087,0,0,0
102900088,0,0,0
102900089,0,0,0
102900090,0,0,0
102900091,0,0,0
102900092,0,0,0
102900093,0,0,0
102900094,0,0,0
102900095,9,0,9
102900096,0,0,0
102900097,0,0,0
103000001,2439,1467,972
103000002,1223,1214,9
103000003,881,1201,-320
103000004,225,379,-154
103000005,1087,1102,-15
103000006,495,754,-259
103000007,277,323,-46
103000008,154,94,60
103000009,519,398,121
103000010,83,37,46
103000011,525,612,-87
103000012,502,880,-378
103000013,350,528,-178
103000014,766,1713,-947
103000015,179,38,141
103000016,243,489,-246
103000017,106,227,-121
103000018,136,159,-23
103000019,178,148,30
103000020,356,477,-121
103000021,1921,1680,241
103000022,171,361,-190
103000023,384,1317,-933
103000024,14,92,-78
103000025,13,369,-356
103000026,135,87,48
103000027,60,216,-156
103000028,153,114,39
103000029,69,47,22
103000030,296,404,-108
103000031,440,1054,-614
103000032,609,527,82
103000033,2772,2431,341
103000034,665,507,158
103000035,126,663,-537
103000036,81,199,-118
103000037,228,168,60
103000038,418,678,-260
103000039,169,98,71
103000040,109,376,-267
103000041,726,527,199
103000042,560,99,461
103000043,398,383,15
103000044,67,11,56
103000046,33,68,-35
103000047,100,156,-56
103000048,105,22,83
103000049,17,44,-27
103000050,120,3,117
103000051,34,55,-21
103000052,58,4,54
103000053,6,37,-31
103000054,933,147,786
103000055,1217,503,714
103000056,319,364,-45
103000057,475,166,309
103000058,243,118,125
103000059,411,233,178
103000060,351,92,259
103000061,325,376,-51
103000062,179,46,133
103000063,407,325,82
103000064,3,44,-41
103000065,1,10,-9
103000066,32,1,31
103000069,80,26,54
103000070,163,81,82
103000071,335,203,132
103000072,103,80,23
103000073,531,36,495
103000074,190,23,167
103000075,14,134,-120
103000076,106,302,-196
103000077,2,98,-96
103000078,311,276,35
103000079,63,252,-189
103000080,335,158,177
103000081,86,452,-366
103000082,232,15,217
103000083,7,85,-78
103000084,24,3,21
103000085,0,9,-9
103000086,501,205,296
103000087,74,220,-146
103000088,184,139,45
103000089,76,362,-286
103000090,3543,2413,1130
103000091,767,925,-158
103000092,493,178,315
103000093,103,103,0
103000094,145,56,89
103000095,12,68,-56
103000096,318,20,298
103000097,15,79,-64
103000098,431,10,421
103000099,35,77,-42
103000100,29,93,-64
103000101,592,54,538
103000102,10,99,-89
103000103,341,18,323
103000104,38,57,-19
103000105,103,8,95
103000106,4,57,-53
103000107,76,8,68
103000108,651,924,-273
103000109,186,708,-522
103000110,626,806,-180
103000111,57,188,-131
103000112,116,191,-75
103000113,36,517,-481
103000114,709,188,521
103000115,694,584,110
103000116,545,221,324
103000117,421,195,226
103000118,68,114,-46
103000119,103,127,-24
103000120,2,18,-16
103000121,17,97,-80
103000122,662,1009,-347
103000125,0,32,-32
103000126,306,3,303
103000127,0,30,-30
103000128,70,2,68
103000129,0,21,-21
103000130,30,24,6
103000131,40,94,-54
103000132,3,34,-31
103000133,2,11,-9
103000134,70,218,-148
103000135,133,106,27
103000136,106,48,58
103000137,110,263,-153
103000138,198,356,-158
103000139,0,34,-34
103000140,26,13,13
103000141,0,43,-43
103000142,32,37,-5
103000143,2,39,-37
103000144,77,26,51
103000145,1,15,-14
103000150,7,5,2
103000152,33,149,-116
103000153,63,196,-133
103000156,0,48,-48
103000157,115,1,114
103000159,105,48,57
103000162,22,1,21
103000163,0,18,-18
103000164,0,4,-4
103000165,19,100,-81
103000166,68,195,-127
103000167,103,42,61
103000168,82,40,42
103000169,71,184,-113
103000170,698,245,453
103000171,11,24,-13
103000172,524,174,350
103000173,22,20,2
103000174,638,164,474
103000175,40,28,12
103000176,154,243,-89
103000177,60,26,34
103000178,9,13,-4
103000179,65,8,57
103000183,83,1,82
103000185,69,2,67
103000186,140,80,60
103000187,3,3,0
103000188,1,49,-48
103000189,252,273,-21
103000191,189,188,1
103000292,47,136,-89
103000293,43,755,-712
103000295,27,26,1
103000296,19,2,17
103000297,0,2,-2
103000504,0,0,0
103000505,2,0,2
103000506,0,32,-32
103000507,141,1,140
103000508,98,25,73
103000509,58,128,-70
103900001,0,0,0
103900002,0,0,0
103900003,41,10,31
103900004,5,0,5
103900005,3,0,3
103900006,2,0,2
103900007,1,0,1
103900008,1,0,1
103900009,80,2,78
103900010,14,0,14
103900011,0,0,0
103900012,1,40,-39
103900013,0,0,0
103900014,9,12,-3
103900015,25,5,20
103900016,0,0,0
103900017,0,0,0
103900018,0,0,0
103900019,2,53,-51
103900020,0,0,0
103900021,0,0,0
103900022,78,2,76
103900023,35,0,35
103900024,3,38,-35
103900025,1,0,1
103900026,1,0,1
103900027,79,2,77
103900028,4,7,-3
103900029,157,0,157
103900030,26,3,23
103900031,1,1,0
103900032,1,1,0
103900033,2,3,-1
103900034,3,2,1
103900035,0,0,0
103900036,5,6,-1
103900037,0,0,0
103900038,0,33,-33
103900039,0,0,0
103900040,0,0,0
103900041,0,0,0
103900042,0,0,0
103900043,0,0,0
103900044,0,76,-76
103900045,4,6,-2
103900047,0,0,0
103900048,0,0,0
103900049,0,0,0
103900050,4,0,4
103900051,0,0,0
103900052,0,0,0
103900053,0,0,0
103900054,0,0,0
103900055,0,0,0
103900056,0,0,0
103900057,45,1,44
103900058,0,0,0
103900059,0,0,0
103900060,79,6,73
103900061,66,0,66
103900062,0,0,0
103900063,0,0,0
103900064,3,0,3
103900065,32,3,29
103900066,13,1,12
103900067,18,0,18
103900068,0,0,0
103900069,2,0,2
103900070,7,0,7
103900071,0,6,-6
103900072,0,0,0
103900073,0,1,-1
103900074,5,1,4
103900075,0,0,0
103900076,0,0,0
103900077,0,24,-24
103900078,5,1,4
103900079,0,0,0
103900080,0,0,0
103900081,0,0,0
103900082,0,0,0
103900083,4,246,-242
103900084,0,0,0
103900085,0,0,0
103900086,12,26,-14
103900087,0,0,0
103900088,2,30,-28
103900089,0,0,0
103900090,1,0,1
103900091,0,0,0
103900092,0,0,0
103900093,64,2,62
103900094,0,0,0
103900095,0,0,0
103900096,66,2,64
103900097,0,0,0
103900098,0,0,0
103900099,31,0,31
103900100,0,0,0
103900101,0,0,0
103900102,0,0,0
103900104,1,0,1
103900105,0,0,0
103900106,0,0,0
103900107,22,1,21
103900108,3,14,-11
103900109,21,0,21
103900110,0,0,0
103900111,0,0,0
103900112,0,0,0
103900113,0,0,0
103900114,0,0,0
103900115,0,0,0
103900116,4,69,-65
103900117,9,1,8
103900119,0,61,-61
103900120,0,1,-1
103900122,0,0,0
103900123,0,0,0
103900124,0,0,0
103900125,0,0,0
103900126,56,8,48
103900127,0,3,-3
103900128,0,0,0
103900131,0,0,0
103900133,119,0,119
103900134,1,0,1
103900135,0,0,0
103900137,0,0,0
103900138,13,1,12
103900139,9,82,-73
103900140,0,0,0
103900141,14,2,12
103900142,35,0,35
103900143,0,0,0
103900144,0,0,0
103900145,5,9,-4
103900146,12,2,10
103900147,0,0,0
103900148,0,0,0
103900149,16,0,16
103900150,163,84,79
103900151,0,0,0
103900152,208,3,205
103900153,0,0,0
103900154,0,2,-2
103900155,4,1,3
103900156,0,0,0
103900157,0,0,0
103900158,4,0,4
103900159,0,0,0
103900160,0,0,0
103900161,0,2,-2
103900162,0,0,0
103900163,0,0,0
103900164,0,0,0
103900167,0,12,-12
103900168,20,1,19
103900169,0,24,-24
103900170,0,0,0
103900171,0,0,0
103900172,0,0,0
103900173,0,0,0
103900174,24,0,24
103900175,2,17,-15
103900176,0,0,0
103900177,0,0,0
103900178,0,0,0
103900179,0,0,0
103900180,0,0,0
103900181,0,0,0
103900182,0,0,0
103900184,0,0,0
103900185,0,0,0
103900187,1,2,-1
103900188,0,0,0
103900189,1,0,1
103900190,1,1,0
103900191,0,0,0
103900192,0,0,0
103900193,0,0,0
103900194,0,0,0
103900195,0,0,0
103900196,0,0,0
103900197,0,0,0
103900198,0,0,0
103900199,0,0,0
103900200,0,0,0
103900201,0,0,0
103900202,0,0,0
103900203,0,0,0
103900204,0,0,0
103900207,0,0,0
103900208,0,0,0
103900209,0,0,0
103900210,0,0,0
103900211,169,37,132
103900212,0,0,0
103900213,0,0,0
103900214,161,232,-71
103900215,0,0,0
103900216,0,0,0
103900217,12,0,12
103900218,0,0,0
103900219,0,0,0
103900233,0,0,0
103900235,0,0,0
103900236,0,0,0
103900242,0,0,0
103900243,0,0,0
103900244,4,1,3
103900245,0,0,0
103900246,0,0,0
103900247,0,0,0
103900248,0,0,0
103900249,0,0,0
103900250,0,0,0
103900251,0,0,0
103900253,0,0,0
103900254,0,0,0
103900255,0,0,0
103900256,0,0,0
103900257,0,0,0
103900258,0,0,0
103900259,0,0,0
103900261,0,0,0
103900262,0,0,0
103900263,0,0,0
103900264,0,0,0
103900265,0,0,0
103900266,0,1,-1
103900267,0,0,0
104000001,885,576,309
104000002,1277,1592,-315
104000003,787,1100,-313
104000004,1650,1635,15
104000005,962,1314,-352
104000006,1158,1004,154
104000007,2453,1504,949
104000008,45,24,21
104000009,456,316,140
104000010,89,228,-139
104000011,26,19,7
104000012,25,25,0
104000013,166,290,-124
104000014,64,36,28
104000015,272,48,224
104000016,43,14,29
104000018,764,103,661
104000019,839,261,578
104000020,59,270,-211
104000021,114,420,-306
104000022,79,140,-61
104000023,460,94,366
104000024,19,10,9
104000026,1,1,0
104000027,35,18,17
104000028,569,150,419
104000029,19,12,7
104000030,462,417,45
104000031,732,37,695
104000032,13,27,-14
104000033,596,70,526
104000034,65,27,38
104000035,741,85,656
104000036,589,263,326
104000037,19,17,2
104000038,342,69,273
104000039,257,219,38
104000040,46,284,-238
104000041,270,150,120
104000042,243,123,120
104000043,31,124,-93
104000044,145,114,31
104000045,292,108,184
104000046,158,180,-22
104000047,185,454,-269
104000048,363,791,-428
104000049,235,74,161
104000050,63,116,-53
104000051,27,33,-6
104000052,668,627,41
104000053,507,67,440
104000054,304,17,287
104000055,991,318,673
104000056,296,5,291
104000057,2,0,2
104000058,499,223,276
104000059,272,525,-253
104000060,291,199,92
104000061,330,166,164
104000062,41,29,12
104000064,202,60,142
104000065,16,58,-42
104000069,494,627,-133
104000070,21,141,-120
104000071,0,0,0
104000072,122,42,80
104000075,0,0,0
104000076,0,0,0
104000082,575,795,-220
104000083,369,75,294
104000084,28,334,-306
104000085,176,55,121
104000086,133,132,1
104000087,28,103,-75
104000090,59,78,-19
104000092,83,139,-56
104000094,114,57,57
104000095,461,482,-21
104000096,787,1,786
104000097,1065,86,979
104000098,1345,116,1229
104000100,1135,107,1028
104000101,740,657,83
104000106,36,117,-81
104000107,594,152,442
104000108,124,28,96
104000109,58,36,22
104000110,165,325,-160
104000111,293,455,-162
104000112,64,61,3
104000116,0,126,-126
104000117,99,33,66
104000118,328,62,266
104000119,42,70,-28
104000120,104,100,4
104000121,120,173,-53
104000122,357,210,147
104000123,208,217,-9
104000124,274,707,-433
104000125,247,486,-239
104000126,366,369,-3
104000127,530,778,-248
104000128,397,166,231
104000129,29,0,29
104000130,0,77,-77
104000131,9,2,7
104000132,0,1,-1
104000133,327,265,62
104000134,406,767,-361
104000135,92,893,-801
104000136,464,1550,-1086
104000137,702,271,431
104000138,54,19,35
104000139,1599,1566,33
104000141,407,307,100
104000142,202,100,102
104000143,119,19,100
104000144,18,77,-59
104000145,239,114,125
104000146,45,115,-70
104000147,15,100,-85
104000148,130,152,-22
104000149,19,83,-64
104000150,521,132,389
104000151,86,84,2
104000152,195,70,125
104000153,403,374,29
104000154,223,271,-48
104000155,317,413,-96
104000157,516,351,165
104000158,69,153,-84
104000159,233,173,60
104000160,947,1433,-486
104000161,74,35,39
104000162,39,65,-26
104000165,197,234,-37
104000167,291,622,-331
104000168,343,0,343
104000169,62,21,41
104000170,14,9,5
104000248,0,50,-50
104000251,0,0,0
104000272,0,0,0
104000273,0,0,0
104000274,0,0,0
104000275,0,0,0
104000279,280,558,-278
104000290,3,21,-18
104000291,210,558,-348
104000293,404,304,100
104000294,0,0,0
104000295,213,938,-725
104000296,138,163,-25
104000297,217,1575,-1358
104000298,486,320,166
104000299,293,756,-463
104900001,0,0,0
104900002,0,0,0
104900003,0,0,0
104900004,0,0,0
104900005,0,0,0
104900006,0,0,0
104900007,0,0,0
104900009,0,0,0
104900010,0,0,0
104900011,0,0,0
104900012,0,0,0
104900013,0,0,0
104900014,0,0,0
104900015,0,0,0
104900016,0,0,0
104900017,4,0,4
104900018,0,0,0
104900019,0,0,0
104900020,0,0,0
104900021,0,0,0
104900022,0,0,0
104900023,0,0,0
104900024,0,0,0
104900025,0,0,0
104900026,0,0,0
104900027,0,0,0
104900028,0,0,0
104900029,0,0,0
104900030,0,0,0
104900031,2,0,2
104900032,0,0,0
104900033,0,0,0
104900034,0,0,0
104900035,0,0,0
104900036,0,0,0
104900037,0,0,0
104900038,0,0,0
104900039,0,0,0
104900040,1,0,1
104900041,0,0,0
104900042,0,0,0
104900043,0,0,0
104900044,21,0,21
104900045,0,0,0
104900046,0,0,0
104900047,95,3,92
104900048,67,4,63
104900049,0,0,0
104900050,0,0,0
104900051,33,2,31
104900052,0,0,0
104900053,113,1,112
104900054,4,0,4
104900055,0,0,0
104900056,28,1,27
104900057,0,0,0
104900058,15,0,15
104900059,37,8,29
104900060,0,0,0
104900061,0,0,0
104900063,0,0,0
104900064,0,0,0
104900065,0,0,0
104900066,0,0,0
104900067,0,0,0
104900068,0,0,0
104900070,0,0,0
104900071,0,0,0
104900072,0,0,0
104900073,0,0,0
104900074,0,0,0
104900075,0,0,0
104900076,0,0,0
104900077,0,0,0
104900078,0,0,0
104900079,0,0,0
104900080,0,0,0
104900082,0,0,0
104900085,0,0,0
104900087,18,0,18
104900089,0,0,0
104900090,0,0,0
104900091,0,0,0
104900093,0,0,0
104900097,0,0,0
104900098,0,0,0
104900099,0,0,0
104900100,0,0,0
104900102,0,0,0
104900103,0,0,0
104900104,0,0,0
104900106,0,0,0
104900107,0,0,0
104900108,0,0,0
104900109,0,0,0
104900110,0,0,0
104900111,0,0,0
104900112,0,0,0
104900113,0,0,0
104900114,0,0,0
104900115,0,0,0
104900116,0,0,0
104900118,0,0,0
104900119,0,0,0
104900120,0,0,0
104900121,0,0,0
104900122,0,0,0
104900123,0,0,0
104900124,0,0,0
104900125,13,1,12
104900126,0,0,0
104900127,0,0,0
104900128,18,0,18
104900129,0,0,0
105000001,1013,471,542
105000002,659,732,-73
105000003,779,1193,-414
105000004,309,583,-274
105000005,311,609,-298
105000006,596,919,-323
105000007,373,863,-490
105000008,423,1551,-1128
105000009,2104,1619,485
105000010,966,511,455
105000011,1594,1600,-6
105000012,496,796,-300
105000013,359,633,-274
105000014,1647,1314,333
105000015,4072,5699,-1627
105000016,1081,939,142
105000017,1116,519,597
105000018,1346,788,558
105000019,894,861,33
105000020,124,225,-101
105000021,102,6,96
105000022,59,21,38
105000023,176,167,9
105000028,0,127,-127
105000029,131,391,-260
105000030,1457,1243,214
105000033,326,643,-317
105000034,30,314,-284
105000037,195,23,172
105000038,556,568,-12
105000039,201,485,-284
105000040,423,740,-317
105000041,26,301,-275
105000042,877,623,254
105000043,372,308,64
105000044,595,169,426
105000045,125,194,-69
105000046,456,149,307
105000047,156,198,-42
105000048,505,240,265
105000049,222,101,121
105000050,414,178,236
105000051,44,49,-5
105000052,202,234,-32
105000053,150,5,145
105000054,141,193,-52
105000055,344,68,276
105000056,647,369,278
105000057,1139,175,964
105000058,332,347,-15
105000059,596,240,356
105000060,348,85,263
105000061,338,97,241
105000062,226,146,80
105000063,68,47,21
105000064,1005,211,794
105000065,30,64,-34
105000066,181,147,34
105000067,644,419,225
105000068,66,130,-64
105000069,513,502,11
105000070,339,565,-226
105000071,231,960,-729
105000072,586,1164,-578
105000073,485,357,128
105000074,112,101,11
105000075,137,279,-142
105000076,432,278,154
105000077,797,274,523
105000078,326,672,-346
105000079,133,257,-124
105000080,1288,1343,-55
105000081,237,110,127
105000082,466,838,-372
105000083,1781,1508,273
105000084,42,77,-35
105000085,2281,1357,924
105000086,133,108,25
105000087,105,159,-54
105000088,1069,988,81
105000089,525,662,-137
105000090,170,326,-156
105000091,168,193,-25
105000092,83,124,-41
105000093,67,61,6
105000094,208,90,118
105000095,44,89,-45
105000096,455,566,-111
105000097,130,78,52
105000098,562,328,234
105000099,86,49,37
105000100,491,221,270
105000101,1067,684,383
105000102,587,237,350
105000103,588,587,1
105000104,630,172,458
105000105,550,370,180
105000106,711,271,440
105000107,602,218,384
105000108,866,151,715
105000109,727,267,460
105000110,589,140,449
105000111,400,83,317
105000112,463,154,309
105000113,205,404,-199
105000114,576,750,-174
105000115,156,725,-569
105000116,433,280,153
105000117,148,96,52
105000118,231,152,79
105000119,133,83,50
105000120,815,256,559
105000121,245,85,160
105000122,166,126,40
105000123,241,166,75
105000124,838,174,664
105000125,490,159,331
105000126,658,234,424
105000127,1296,233,1063
105000128,84,159,-75
105000129,296,86,210
105000130,179,1578,-1399
105000131,42,54,-12
105000132,476,370,106
105000133,142,133,9
105000134,560,163,397
105000135,38,23,15
105000136,0,0,0
105000137,67,73,-6
105000138,0,0,0
105000139,171,96,75
105000140,222,57,165
105000141,78,76,2
105000142,307,87,220
105000143,97,195,-98
105000144,60,104,-44
105000145,304,88,216
105000146,0,0,0
105000147,427,39,388
105000148,207,144,63
105000149,743,436,307
105000150,32,43,-11
105000151,226,58,168
105000152,90,89,1
105000153,208,98,110
105000154,177,69,108
105000155,114,83,31
105000156,66,62,4
105000157,193,163,30
105000158,780,146,634
105000159,153,76,77
105000160,1030,210,820
105000161,195,96,99
105000162,239,638,-399
105000163,350,157,193
105000164,14,79,-65
105000165,48,2129,-2081
105000166,260,344,-84
105000167,395,898,-503
105000168,98,130,-32
105000169,172,40,132
105000170,35,406,-371
105000171,400,63,337
105000172,106,5,101
105000173,102,16,86
105000174,8,8,0
105000175,0,0,0
105000176,176,15,161
105000177,184,54,130
105000178,53,72,-19
105000179,252,5,247
105000180,0,0,0
105000181,59,37,22
105000182,0,0,0
105000183,712,1364,-652
105000184,2,2,0
105000185,201,373,-172
105000186,1,2,-1
105000187,266,135,131
105000188,23,90,-67
105000189,1,3,-2
105000190,115,115,0
105000191,0,19,-19
105000192,221,35,186
105000193,31,3,28
105000194,236,9,227
105000195,85,105,-20
105000196,45,145,-100
105000197,3,122,-119
105000198,28,30,-2
105000199,30,221,-191
105000200,109,165,-56
105000201,43,11,32
105000203,1,135,-134
105000204,18,43,-25
105000205,37,162,-125
105000207,0,0,0
105000208,69,148,-79
105000209,0,0,0
105000212,358,160,198
105000213,34,17,17
105000214,61,20,41
105000215,72,59,13
105000216,8,15,-7
105000217,0,0,0
105000218,798,219,579
105000221,45,17,28
105000222,40,45,-5
105000223,79,16,63
105000226,36,35,1
105000227,19,49,-30
105000228,12,580,-568
105000229,81,286,-205
105000231,178,44,134
105000233,369,324,45
105000234,262,376,-114
105000235,190,266,-76
105000237,324,39,285
105000243,105,59,46
105000248,19,32,-13
105000262,216,28,188
105000269,9,40,-31
105000270,303,3,300
105000271,0,12,-12
105000282,18,5,13
105000287,154,34,120
105000288,205,99,106
105000289,551,766,-215
105000290,1,81,-80
105000402,392,1074,-682
105000426,41,292,-251
105000438,440,495,-55
105000446,2155,3777,-1622
105000447,2601,479,2122
105000454,0,0,0
105000455,82,87,-5
105000474,57,1,56
105000477,144,172,-28
105000478,873,2438,-1565
105000479,49,58,-9
105000480,2512,3088,-576
105000481,1338,943,395
105000482,899,1398,-499
105000483,580,1368,-788
105000484,634,1299,-665
105000485,1752,1615,137
105000486,441,2055,-1614
105000488,653,1764,-1111
105000489,681,271,410
105000549,23,12,11
105000550,0,0,0
105000551,7,26,-19
105000552,665,280,385
105900001,1,31,-30
105900002,139,52,87
105900003,0,0,0
105900004,0,0,0
105900005,0,0,0
105900006,3,0,3
105900007,0,0,0
105900008,0,0,0
105900009,0,1,-1
105900011,0,0,0
105900012,23,9,14
105900013,0,9,-9
105900014,2,6,-4
105900015,0,0,0
105900016,95,63,32
105900017,0,0,0
105900018,0,0,0
105900019,0,0,0
105900020,0,0,0
105900021,0,4,-4
105900022,0,0,0
105900023,0,2,-2
105900024,0,3,-3
105900025,4,1,3
105900026,0,0,0
105900027,426,92,334
105900028,4,1,3
105900029,289,58,231
105900030,40,19,21
105900031,0,0,0
105900032,0,0,0
105900033,0,0,0
105900034,0,0,0
105900035,0,0,0
105900036,0,0,0
105900037,0,0,0
105900038,0,0,0
105900039,0,0,0
105900040,0,0,0
105900041,0,0,0
105900042,0,0,0
105900043,48,1,47
105900044,0,0,0
105900045,0,0,0
105900046,0,0,0
105900047,0,0,0
105900048,26,5,21
105900050,38,98,-60
105900051,0,22,-22
105900052,8,0,8
105900053,0,0,0
105900054,0,0,0
105900056,19,47,-28
105900057,40,1,39
105900058,0,0,0
105900059,0,0,0
106000001,1043,784,259
106000002,81,598,-517
106000003,1315,1404,-89
106000004,437,1491,-1054
106000005,2162,2327,-165
106000006,1258,1249,9
106000007,539,162,377
106000008,23,114,-91
106000009,411,231,180
106000010,37,118,-81
106000011,945,483,462
106000012,196,280,-84
106000013,1455,843,612
106000014,210,276,-66
106000015,1728,605,1123
106000016,225,365,-140
106000017,1028,319,709
106000018,64,146,-82
106000019,523,264,259
106000020,31,39,-8
106000021,440,294,146
106000022,54,27,27
106000023,793,194,599
106000024,94,60,34
106000025,333,247,86
106000026,8,46,-38
106000027,1603,755,848
106000028,18,27,-9
106000029,10,21,-11
106000030,0,0,0
106000034,0,0,0
106000035,409,602,-193
106000036,0,0,0
106000037,133,76,57
106000038,8,2,6
106000039,25,22,3
106000040,1,72,-71
106000041,349,99,250
106000043,177,59,118
106000046,62,1,61
106000047,0,0,0
106000049,463,5,458
106000050,66,66,0
106000051,501,306,195
106000052,0,0,0
106000053,371,58,313
106000054,0,0,0
106000055,379,58,321
106000056,0,0,0
106000057,230,39,191
106000058,0,0,0
106000059,352,52,300
106000060,0,0,0
106000061,106,399,-293
106000062,0,0,0
106000063,541,536,5
106000064,0,0,0
106000065,432,103,329
106000066,42,10,32
106000067,245,43,202
106000068,34,7,27
106000069,203,42,161
106000070,88,3,85
106000071,430,130,300
106000072,365,598,-233
106000073,529,1106,-577
106000074,264,388,-124
106000075,180,286,-106
106000076,874,360,514
106000077,821,421,400
106000078,538,143,395
106000079,493,168,325
106000080,558,82,476
106000081,505,164,341
106000082,676,58,618
106000083,183,287,-104
106000084,532,81,451
106000085,359,346,13
106000086,212,114,98
106000087,373,91,282
106000088,274,180,94
106000089,468,37,431
106000090,320,236,84
106000091,62,86,-24
106000092,169,80,89
106000093,356,27,329
106000094,0,0,0
106000095,561,62,499
106000096,671,88,583
106000097,458,56,402
106000098,504,94,410
106000099,71,95,-24
106000100,788,36,752
106000101,553,31,522
106000102,27,130,-103
106000103,52,146,-94
106000104,450,188,262
106000105,64,258,-194
106000106,406,138,268
106000107,56,153,-97
106000108,215,89,126
106000109,15,98,-83
106000110,155,55,100
106000111,33,55,-22
106000112,182,217,-35
106000113,90,174,-84
106000114,137,158,-21
106000115,32,152,-120
106000116,195,108,87
106000117,45,115,-70
106000118,513,418,95
106000119,21,110,-89
106000120,347,603,-256
106000121,116,84,32
106000122,140,49,91
106000123,203,21,182
106000124,147,43,104
106000125,34,81,-47
106000126,264,29,235
106000127,271,126,145
106000128,380,45,335
106000129,217,105,112
106000130,503,163,340
106000131,13,375,-362
106000132,335,35,300
106000133,144,558,-414
106000134,175,954,-779
106000135,6,99,-93
106000136,310,496,-186
106000137,2,151,-149
106000138,819,39,780
106000139,127,36,91
106000140,0,0,0
106000141,0,0,0
106000142,156,29,127
106000143,0,0,0
106000144,58,33,25
106000145,0,0,0
106000146,304,117,187
106000147,94,87,7
106000148,148,469,-321
106000149,427,104,323
106000150,229,700,-471
106000151,789,266,523
106000152,527,899,-372
106000153,7,383,-376
106000154,290,90,200
106000155,42,86,-44
106000156,738,50,688
106000157,145,581,-436
106000158,434,344,90
106000159,353,627,-274
106000160,146,878,-732
106000161,154,72,82
106000162,155,446,-291
106000163,60,40,20
106000164,284,61,223
106000165,31,75,-44
106000166,479,76,403
106000167,160,243,-83
106000168,278,56,222
106000169,214,88,126
106000170,306,48,258
106000171,88,375,-287
106000172,804,127,677
106000173,480,570,-90
106000174,511,28,483
106000175,26,7,19
106000176,885,207,678
106000177,186,174,12
106000178,1209,161,1048
106000179,75,63,12
106000180,267,329,-62
106000181,345,441,-96
106000182,1073,80,993
106000183,843,93,750
106000184,457,121,336
106000185,312,304,8
106000186,83,12,71
106000187,22,245,-223
106000188,0,0,0
106000189,3,23,-20
106000190,24,6,18
106000191,95,18,77
106000192,0,0,0
106000193,40,106,-66
106000194,7,81,-74
106000195,24,38,-14
106000196,4,214,-210
106000197,165,24,141
106000198,44,26,18
106000199,216,141,75
106000200,10,87,-77
106000201,63,964,-901
106000202,151,132,19
106000203,0,0,0
106000204,9,2,7
106000205,0,0,0
106000206,35,5,30
106000207,0,6,-6
106000208,596,40,556
106000209,891,139,752
106000210,30,6,24
106000211,13,34,-21
106000212,817,151,666
106000213,7,52,-45
106000214,503,100,403
106000215,46,104,-58
106000216,322,83,239
106000217,24,132,-108
106000218,230,36,194
106000219,32,87,-55
106000220,278,39,239
106000221,145,123,22
106000222,56,25,31
106000223,114,57,57
106000224,117,61,56
106000225,9,62,-53
106000226,28,77,-49
106000228,0,0,0
106000229,0,0,0
106000231,369,3,366
106000232,0,0,0
106000233,108,4,104
106000234,0,0,0
106000235,42,8,34
106000236,0,0,0
106000237,0,0,0
106000238,0,10,-10
106000239,0,0,0
106000240,0,0,0
106000241,0,89,-89
106000242,77,24,53
106000249,102,15,87
106000250,1,151,-150
106000251,40,3,37
106000252,0,0,0
106000253,31,0,31
106000254,0,0,0
106000255,39,0,39
106000256,0,0,0
106000257,12,41,-29
106000258,11,0,11
106000259,0,0,0
106000260,0,0,0
106000261,0,0,0
106000262,6,1,5
106000263,0,0,0
106000264,72,0,72
106000265,0,0,0
106000266,64,0,64
106000267,0,0,0
106000268,97,2,95
106000269,0,0,0
106000270,13,12,1
106000271,2,7,-5
106000272,0,0,0
106000273,0,5,-5
106000274,0,0,0
106000275,10,12,-2
106000276,0,0,0
106000277,8,14,-6
106000278,0,0,0
106000279,0,0,0
106000280,0,0,0
106000281,0,0,0
106000282,0,0,0
106000283,0,0,0
106000284,0,0,0
106000285,0,0,0
106000286,0,0,0
106000287,0,0,0
106000288,0,0,0
106000289,0,0,0
106000290,0,0,0
106000291,0,0,0
106000292,0,0,0
106000293,0,0,0
106000294,0,0,0
106000295,0,0,0
106000296,0,0,0
106000297,0,0,0
106000298,0,0,0
106000299,0,0,0
106000300,0,0,0
106000301,0,0,0
106000303,1,3,-2
106000304,0,0,0
106000305,30,0,30
106000306,0,0,0
106000307,53,0,53
106000308,0,0,0
106000309,0,0,0
106000310,232,34,198
106000311,113,29,84
106000312,44,35,9
106000313,23,12,11
106000318,0,0,0
106000319,363,79,284
106000320,2,34,-32
106000321,26,82,-56
106000322,114,53,61
106000324,14,65,-51
106000325,1635,447,1188
106000326,126,301,-175
106000327,161,4,157
106000328,1,18,-17
106000329,4,54,-50
106000330,0,57,-57
106000428,63,194,-131
106000429,17,138,-121
106000430,23,330,-307
106000431,952,134,818
106000432,43,459,-416
106000433,1220,584,636
106000434,1840,707,1133
106000435,109,500,-391
106000436,0,11,-11
106000437,164,51,113
106000438,70,200,-130
106000439,0,46,-46
106000440,62,178,-116
106000441,0,2,-2
106000442,7,1,6
106000443,235,256,-21
106000450,0,0,0
106000451,13,63,-50
106000454,0,0,0
106000455,0,4,-4
106000456,18,1,17
106000457,0,0,0
106000458,480,43,437
106000459,0,0,0
106000460,512,11,501
106000461,0,0,0
106000462,0,0,0
106000463,0,11,-11
106000464,0,0,0
106000465,337,1,336
106000466,0,0,0
106000467,0,81,-81
106000468,21,57,-36
106000469,54,0,54
106000470,3,36,-33
106000471,0,0,0
106000472,72,2,70
106000473,0,0,0
106000474,73,100,-27
106000475,96,177,-81
106000476,51,148,-97
106000477,0,0,0
106900001,0,0,0
106900002,0,0,0
106900003,0,0,0
106900004,0,0,0
106900006,0,0,0
106900007,0,0,0
106900008,0,0,0
106900009,0,0,0
106900010,0,0,0
106900012,0,0,0
106900013,0,0,0
106900014,0,0,0
106900015,0,0,0
106900016,0,0,0
106900017,0,0,0
106900018,0,0,0
106900019,34,2,32
106900020,0,0,0
106900021,1,0,1
106900022,0,0,0
106900023,0,0,0
106900024,0,0,0
106900025,0,0,0
106900026,0,0,0
106900027,214,3,211
107000001,1588,2170,-582
107000002,453,727,-274
107000003,4404,4457,-53
107000004,1270,608,662
107000005,3773,3074,699
107000006,1354,676,678
107000007,2943,3301,-358
107000008,1419,1201,218
107000009,6727,6409,318
107000010,2085,1361,724
107000011,62,113,-51
107000012,569,260,309
107000013,0,0,0
107000014,0,0,0
107000015,0,0,0
107000016,0,0,0
107000017,83,85,-2
107000018,0,88,-88
107000020,120,309,-189
107000021,176,73,103
107000022,220,381,-161
107000023,585,69,516
107000024,183,519,-336
107000025,76,117,-41
107000026,109,171,-62
107000027,542,170,372
107000028,307,258,49
107000029,1360,980,380
107000030,665,637,28
107000031,1774,823,951
107000032,118,305,-187
107000033,968,979,-11
107000034,564,178,386
107000035,86,105,-19
107000036,127,379,-252
107000037,44,463,-419
107000038,51,32,19
107000039,274,537,-263
107000040,92,42,50
107000041,278,176,102
107000042,189,626,-437
107000043,416,232,184
107000044,114,178,-64
107000045,39,147,-108
107000046,310,159,151
107000047,149,390,-241
107000048,387,184,203
107000049,163,324,-161
107000050,406,219,187
107000051,255,294,-39
107000052,305,379,-74
107000053,187,136,51
107000054,15,177,-162
107000055,94,70,24
107000056,730,774,-44
107000057,349,132,217
107000058,1421,1686,-265
107000059,244,377,-133
107000060,3334,2887,447
107000061,1052,531,521
107000062,3365,1408,1957
107000063,635,584,51
107000064,2498,1957,541
107000065,517,661,-144
107000066,1274,1562,-288
107000067,513,349,164
107000068,517,529,-12
107000069,283,592,-309
107000070,298,0,298
107000071,1323,24,1299
107000072,0,112,-112
107000073,338,108,230
107000074,31,39,-8
107000075,1551,123,1428
107000076,20,78,-58
107000077,1694,126,1568
107000078,23,186,-163
107000079,1425,273,1152
107000080,99,188,-89
107000081,1454,222,1232
107000082,146,274,-128
107000083,732,450,282
107000084,116,377,-261
107000085,1119,1038,81
107000086,629,899,-270
107000087,1213,905,308
107000088,480,659,-179
107000089,662,704,-42
107000090,174,147,27
107000091,535,285,250
107000092,140,212,-72
107000093,390,647,-257
107000094,103,231,-128
107000095,838,408,430
107000096,74,117,-43
107000097,308,219,89
107000098,76,205,-129
107000099,209,270,-61
107000100,25,129,-104
107000101,178,163,15
107000102,157,265,-108
107000103,274,150,124
107000104,61,102,-41
107000105,564,130,434
107000106,59,49,10
107000107,283,69,214
107000108,49,112,-63
107000109,339,43,296
107000110,0,0,0
107000111,150,20,130
107000112,0,0,0
107000113,523,17,506
107000114,0,0,0
107000115,461,40,421
107000116,0,0,0
107000117,77,299,-222
107000118,0,0,0
107000119,319,741,-422
107000120,0,0,0
107000121,445,233,212
107000122,226,179,47
107000123,384,223,161
107000124,97,163,-66
107000125,485,100,385
107000126,215,152,63
107000127,0,0,0
107000129,55,43,12
107000130,181,230,-49
107000131,35,119,-84
107000132,175,152,23
107000133,177,7,170
107000134,150,0,150
107000135,0,68,-68
107000136,465,2,463
107000137,1,173,-172
107000138,17,1,16
107000139,0,120,-120
107000140,460,4,456
107000141,16,62,-46
107000142,59,7,52
107000143,6,56,-50
107000144,130,224,-94
107000145,8,55,-47
107000146,67,77,-10
107000147,200,201,-1
107000150,282,1075,-793
107000151,15,2,13
107000152,66,461,-395
107000153,8,15,-7
107000154,1,66,-65
107000155,371,15,356
107000156,670,2,668
107000157,9,166,-157
107000158,179,2,177
107000159,0,87,-87
107000160,716,55,661
107000161,17,166,-149
107000162,114,204,-90
107000163,104,0,104
107000164,408,0,408
107000165,722,35,687
107000166,1,79,-78
107000167,220,51,169
107000168,476,78,398
107000169,51,106,-55
107000170,1255,366,889
107000171,123,247,-124
107000172,594,575,19
107000173,54,114,-60
107000174,384,1422,-1038
107000175,817,190,627
107000176,21,0,21
107000177,0,0,0
107000178,32,3,29
107000179,145,284,-139
107000180,1044,87,957
107000181,141,76,65
107000182,1331,50,1281
107000183,60,79,-19
107000184,487,62,425
107000185,100,100,0
107000186,451,74,377
107000187,393,442,-49
107000188,55,66,-11
107000189,282,204,78
107000190,117,143,-26
107000191,397,330,67
107000192,287,53,234
107000193,138,190,-52
107000194,119,77,42
107000197,386,72,314
107000198,141,107,34
107000199,305,306,-1
107000200,152,219,-67
107000201,88,96,-8
107000202,117,258,-141
107000203,73,551,-478
107000204,125,1096,-971
107000205,188,94,94
107000206,68,798,-730
107000207,104,181,-77
107000208,64,139,-75
107000209,164,262,-98
107000210,41,40,1
107000211,5,36,-31
107000212,1,35,-34
107000213,0,20,-20
107000214,0,28,-28
107000215,162,71,91
107000216,116,79,37
107000217,31,15,16
107000219,20,83,-63
107000220,35,32,3
107000222,37,54,-17
107000224,139,7,132
107000225,19,74,-55
107000226,186,34,152
107000227,8,61,-53
107000228,24,36,-12
107000229,42,25,17
107000230,122,88,34
107000231,251,284,-33
107000232,45,18,27
107000233,16,116,-100
107000234,0,82,-82
107000235,103,5,98
107000236,0,0,0
107000237,16,0,16
107000238,42,2,40
107000239,483,130,353
107000240,6,41,-35
107000241,2,8,-6
107000242,25,5,20
107000243,0,69,-69
107000244,2,0,2
107000246,0,14,-14
107000249,1,32,-31
107000251,0,0,0
107000252,1,91,-90
107000255,36,0,36
107000257,2,191,-189
107000258,0,41,-41
107000259,1,10,-9
107000260,978,10,968
107000262,0,49,-49
107000263,294,1,293
107000266,13,21,-8
107000267,4,22,-18
107000268,34,25,9
107000269,6,6,0
107000270,69,20,49
107000271,1,0,1
107000272,44,0,44
107000273,0,33,-33
107000274,81,34,47
107000275,1,57,-56
107000280,464,4,460
107000281,1,62,-61
107000282,2,118,-116
107000290,1,1,0
107000291,4,5,-1
107000292,0,1,-1
107000293,1,0,1
107000294,0,19,-19
107000295,12,0,12
107000296,0,10,-10
107000444,125,2,123
107000496,0,14,-14
107000497,167,210,-43
107000500,155,118,37
107000501,25,51,-26
107000502,58,66,-8
107000505,66,349,-283
107000506,0,1,-1
107000508,0,16,-16
107000509,65,366,-301
107000510,19,39,-20
107000514,7,58,-51
107000515,1,25,-24
107000516,313,75,238
107000518,563,401,162
107000519,44,31,13
107000520,15,10,5
107900001,4,0,4
107900002,5,0,5
107900003,49,0,49
107900004,11,1,10
107900005,723,0,723
107900006,12,2,10
107900007,72,2,70
107900008,19,0,19
107900009,2,0,2
107900010,0,0,0
107900012,54,0,54
107900013,22,2,20
107900014,0,0,0
107900015,305,2,303
107900016,33,5,28
107900017,4,0,4
107900018,6,55,-49
107900019,24,3,21
107900020,0,0,0
107900021,5,2,3
107900023,8,0,8
107900024,0,0,0
107900025,33,13,20
107900026,16,1,15
107900027,0,0,0
107900028,55,0,55
107900030,47,1,46
107900031,28,0,28
107900032,8,0,8
107900033,2,0,2
107900034,45,3,42
107900035,324,9,315
107900036,1,15,-14
107900037,0,0,0
107900038,0,53,-53
107900039,2,0,2
107900040,0,0,0
107900041,0,0,0
107900043,16,4,12
107900044,0,3,-3
107900045,14,20,-6
107900046,35,20,15
107900047,0,0,0
107900048,15,2,13
107900049,0,53,-53
107900050,1,4,-3
107900051,5,1,4
107900052,0,0,0
107900053,2,12,-10
107900055,64,18,46
107900056,13,51,-38
107900057,0,0,0
107900058,0,25,-25
107900060,0,0,0
107900061,0,0,0
107900063,3,32,-29
107900064,86,132,-46
107900065,128,1,127
107900066,0,1,-1
107900067,0,0,0
107900068,45,116,-71
107900069,6,498,-492
107900070,10,30,-20
107900071,0,48,-48
107900072,34,7,27
107900073,0,0,0
107900074,0,0,0
107900076,15,10,5
107900077,0,0,0
107900078,34,15,19
107900079,2,8,-6
107900080,2,30,-28
107900081,0,0,0
107900082,0,0,0
107900083,68,34,34
107900084,24,17,7
107900086,3,24,-21
107900087,9,3,6
107900088,1,0,1
107900089,9,82,-73
107900090,8,231,-223
107900091,81,74,7
107900092,137,7,130
107900093,0,0,0
107900095,244,216,28
107900097,0,5,-5
107900098,10,18,-8
107900100,66,405,-339
107900101,25,2,23
107900102,0,0,0
107900103,4,21,-17
107900104,0,0,0
107900105,2,92,-90
107900106,0,101,-101
107900107,0,0,0
107900108,6,4,2
107900109,578,29,549
107900110,19,0,19
107900111,0,29,-29
107900112,2,41,-39
107900113,0,0,0
107900114,92,16,76
107900115,0,0,0
107900116,96,40,56
107900117,54,68,-14
107900118,2,1,1
107900119,18,27,-9
107900120,5,0,5
107900121,0,0,0
107900122,0,0,0
107900123,1,4,-3
107900124,0,0,0
107900125,0,10,-10
107900126,0,3,-3
107900127,0,0,0
107900128,15,21,-6
107900129,5,0,5
107900130,0,0,0
107900131,0,6,-6
107900132,4,37,-33
107900133,0,0,0
107900134,1,1,0
107900135,0,0,0
107900136,0,0,0
107900137,32,12,20
107900138,0,0,0
107900139,0,0,0
107900140,0,1,-1
107900141,10,0,10
107900142,2,40,-38
107900143,13,1,12
107900144,0,0,0
107900145,0,0,0
107900146,2,28,-26
107900147,3,0,3
107900148,0,5,-5
107900149,55,1,54
107900150,0,18,-18
107900151,0,0,0
107900152,0,0,0
107900153,9,60,-51
107900154,5,0,5
107900155,0,0,0
107900156,0,0,0
107900157,1,18,-17
107900158,301,5,296
107900159,0,30,-30
107900160,62,1,61
107900161,7,5,2
107900162,0,0,0
107900163,0,0,0
107900164,0,0,0
107900165,15,51,-36
107900166,1,7,-6
107900167,0,0,0
107900168,0,5,-5
107900169,1,1,0
107900171,0,58,-58
107900172,2,0,2
107900173,1,0,1
107900174,0,0,0
107900175,0,0,0
107900176,0,0,0
107900177,0,0,0
107900178,2,3,-1
107900179,0,0,0
107900180,15,188,-173
107900181,0,3,-3
107900182,0,2,-2
107900183,2,3,-1
107900184,0,0,0
107900185,0,0,0
107900186,1,1,0
107900187,0,3,-3
107900188,287,66,221
107900189,0,0,0
107900190,0,24,-24
107900191,0,0,0
107900193,0,0,0
107900194,0,0,0
107900195,129,12,117
107900196,0,0,0
107900197,6,38,-32
107900199,0,0,0
107900201,0,0,0
107900203,1,0,1
107900204,0,0,0
107900205,9,9,0
107900206,12,68,-56
107900207,0,48,-48
107900208,0,12,-12
107900209,0,0,0
107900210,0,1,-1
107900213,0,0,0
107900214,0,28,-28
107900215,20,44,-24
107900216,0,0,0
107900217,0,0,0
107900218,0,0,0
107900219,1,0,1
107900220,0,0,0
107900221,5,6,-1
107900223,0,0,0
107900224,36,30,6
107900225,0,0,0
107900226,0,0,0
107900227,6,11,-5
107900228,0,0,0
107900229,1,0,1
107900230,0,1,-1
107900231,0,0,0
107900232,11,3,8
107900233,0,0,0
107900234,0,0,0
107900235,0,1,-1
107900236,0,0,0
107900237,1,0,1
107900238,0,0,0
107900239,12,47,-35
107900240,5,0,5
107900241,0,0,0
107900242,0,8,-8
107900243,0,0,0
107900244,0,0,0
107900245,157,4,153
107900246,102,3,99
107900248,204,4,200
107900249,163,17,146
107900250,1,19,-18
107900251,0,41,-41
107900252,76,8,68
107900253,26,4,22
107900254,0,9,-9
107900255,27,15,12
107900256,2,0,2
107900257,15,42,-27
107900258,19,4,15
107900259,5,367,-362
107900261,4,152,-148
107900262,0,0,0
107900264,118,1,117
107900265,30,31,-1
107900267,44,0,44
107900268,0,0,0
107900269,0,0,0
107900270,0,0,0
107900271,0,0,0
107900272,15,0,15
107900273,9,0,9
107900274,54,0,54
107900275,2,0,2
107900276,0,0,0
107900277,0,0,0
107900278,114,1,113
107900279,0,0,0
107900280,336,57,279
107900281,110,805,-695
107900282,2,218,-216
107900283,132,49,83
107900284,207,67,140
107900285,42,11,31
107900286,2,7,-5
107900287,79,37,42
107900290,0,0,0
107900291,130,3,127
107900292,70,78,-8
107900293,50,60,-10
107900295,12,3,9
107900297,0,0,0
107900298,134,89,45
107900299,237,224,13
107900300,87,113,-26
107900301,53,131,-78
107900302,31,3,28
107900303,264,47,217
107900304,85,1,84
107900305,115,3,112
107900306,0,0,0
107900307,0,0,0
107900308,51,16,35
107900309,0,0,0
107900310,0,0,0
107900311,0,0,0
107900312,0,0,0
107900313,0,0,0
107900314,0,0,0
107900315,0,0,0
107900316,0,0,0
107900317,0,0,0
107900318,0,0,0
107900319,1,2,-1
107900320,0,3,-3
107900321,32,0,32
107900322,0,8,-8
107900323,0,3,-3
107900324,21,0,21
107900325,21,0,21
107900326,74,5,69
107900327,0,0,0
107900328,0,0,0
107900329,0,0,0
107900330,0,7,-7
107900331,86,11,75
107900332,164,1,163
107900333,4,0,4
107900334,0,7,-7
107900335,0,0,0
107900336,2,1,1
107900337,160,236,-76
107900338,0,1,-1
107900339,0,0,0
107900340,0,0,0
107900341,0,0,0
107900342,4,24,-20
107900343,7,0,7
107900344,1,61,-60
107900345,24,9,15
107900346,2,0,2
107900347,11,0,11
107900348,0,1,-1
107900349,29,0,29
107900350,0,26,-26
108000001,2252,1352,900
108000002,101,243,-142
108000003,1961,1105,856
108000004,1291,2859,-1568
108000005,5094,2256,2838
108000006,837,1223,-386
108000007,3514,1508,2006
108000008,857,905,-48
108000009,2958,2060,898
108000010,627,871,-244
108000011,8439,4409,4030
108000012,2558,2388,170
108000014,159,388,-229
108000015,415,77,338
108000016,38,120,-82
108000017,749,115,634
108000018,1482,127,1355
108000019,255,87,168
108000020,570,164,406
108000021,85,36,49
108000022,209,272,-63
108000023,606,91,515
108000024,91,95,-4
108000025,187,19,168
108000026,389,58,331
108000027,271,11,260
108000028,554,91,463
108000029,237,9,228
108000030,328,50,278
108000031,85,8,77
108000032,995,129,866
108000033,119,173,-54
108000034,1339,92,1247
108000035,203,497,-294
108000036,67,117,-50
108000037,1072,64,1008
108000038,1778,200,1578
108000039,74,108,-34
108000040,1198,373,825
108000041,79,174,-95
108000042,187,34,153
108000043,61,21,40
108000044,638,26,612
108000045,19,0,19
108000046,1130,115,1015
108000047,195,186,9
108000048,0,0,0
108000049,570,36,534
108000050,8,16,-8
108000051,159,63,96
108000052,9,29,-20
108000053,231,71,160
108000054,43,236,-193
108000055,472,133,339
108000056,78,139,-61
108000057,366,719,-353
108000058,941,1626,-685
108000059,307,687,-380
108000060,100,122,-22
108000061,61,64,-3
108000062,539,180,359
108000063,272,104,168
108000064,149,109,40
108000065,324,181,143
108000066,595,43,552
108000067,847,140,707
108000068,480,135,345
108000069,10,354,-344
108000070,1540,124,1416
108000071,121,365,-244
108000072,1300,260,1040
108000073,324,271,53
108000074,365,128,237
108000075,160,152,8
108000076,977,134,843
108000077,157,103,54
108000078,1511,378,1133
108000079,135,394,-259
108000080,1131,171,960
108000081,108,336,-228
108000082,174,149,25
108000083,936,392,544
108000084,47,101,-54
108000085,581,247,334
108000086,108,39,69
108000087,87,1178,-1091
108000088,94,3,91
108000089,84,65,19
108000090,412,18,394
108000091,10,111,-101
108000092,301,29,272
108000093,86,109,-23
108000094,808,20,788
108000095,63,62,1
108000096,512,93,419
108000097,36,42,-6
108000098,1165,309,856
108000099,150,18,132
108000100,144,91,53
108000101,953,460,493
108000102,532,961,-429
108000106,324,0,324
108000107,2,170,-168
108000108,358,15,343
108000109,2,83,-81
108000110,222,21,201
108000111,40,154,-114
108000112,9,161,-152
108000113,146,113,33
108000115,109,42,67
108000117,211,27,184
108000118,16,32,-16
108000119,320,32,288
108000120,74,285,-211
108000121,117,78,39
108000122,344,67,277
108000123,357,28,329
108000124,77,34,43
108000125,351,53,298
108000126,105,51,54
108000127,338,75,263
108000128,315,24,291
108000129,37,52,-15
108000130,219,78,141
108000131,281,106,175
108000132,117,85,32
108000133,1355,71,1284
108000134,162,65,97
108000135,890,93,797
108000136,16,57,-41
108000137,347,36,311
108000138,56,171,-115
108000139,481,94,387
108000140,404,14,390
108000141,2,31,-29
108000142,11,33,-22
108000143,3,19,-16
108000144,414,5,409
108000145,27,25,2
108000146,338,3,335
108000147,6,12,-6
108000148,163,8,155
108000149,1,4,-3
108000150,31,3,28
108000151,0,1,-1
108000152,10,18,-8
108000153,236,43,193
108000154,24,21,3
108000155,17,40,-23
108000156,216,93,123
108000157,29,719,-690
108000158,11,202,-191
108000159,137,31,106
108000160,776,498,278
108000161,579,750,-171
108000165,36,106,-70
108000172,0,97,-97
108000173,915,474,441
108000175,257,16,241
108000178,110,199,-89
108000179,124,437,-313
108000181,12,11,1
108000182,67,0,67
108000183,2,1,1
108000184,121,1160,-1039
108000185,0,6,-6
108000186,74,19,55
108000187,1,14,-13
108000188,230,0,230
108000189,97,925,-828
108000190,0,0,0
108000192,50,133,-83
108000193,24,15,9
108000194,5,0,5
108000195,1,11,-10
108000196,83,5,78
108000197,36,89,-53
108000198,257,90,167
108000199,0,0,0
108000200,142,11,131
108000202,0,116,-116
108000203,0,10,-10
108000204,8,11,-3
108000205,39,7,32
108000339,670,353,317
108000364,118,164,-46
108000365,17,42,-25
108000367,33,7,26
108000368,0,0,0
108000369,75,10,65
108000371,0,127,-127
108000372,175,0,175
108000373,286,27,259
108000376,113,20,93
108000377,402,201,201
108000378,6342,5319,1023
108000379,0,0,0
108000381,96,21,75
108000382,18,0,18
108000383,0,19,-19
108900001,1,17,-16
108900002,40,2,38
108900003,1,4,-3
108900004,134,155,-21
108900005,22,110,-88
108900006,173,72,101
108900007,175,64,111
108900008,96,23,73
108900009,28,33,-5
108900010,135,43,92
108900011,537,55,482
108900012,319,86,233
108900013,80,63,17
108900014,0,3,-3
108900015,0,0,0
108900016,0,0,0
108900017,29,25,4
108900018,76,78,-2
108900019,1,21,-20
108900020,16,13,3
108900021,37,32,5
108900022,40,0,40
108900023,0,5,-5
108900024,3,5,-2
108900025,113,16,97
108900026,0,0,0
108900027,0,3,-3
108900028,39,19,20
108900029,5,56,-51
108900030,0,0,0
108900031,8,18,-10
108900032,0,0,0
108900033,0,18,-18
108900034,0,1,-1
108900035,14,44,-30
108900036,58,32,26
108900037,0,0,0
108900038,0,52,-52
108900039,0,12,-12
108900040,1,23,-22
108900041,971,1060,-89
108900042,0,28,-28
108900043,0,0,0
108900044,0,24,-24
108900045,45,5,40
108900046,1,29,-28
108900047,0,1,-1
108900048,24,25,-1
108900049,143,338,-195
108900050,5,17,-12
108900051,0,2,-2
108900052,23,11,12
108900053,14,80,-66
108900054,2,4,-2
108900055,5,15,-10
108900056,0,3,-3
108900057,0,10,-10
108900058,10,24,-14
108900059,178,36,142
108900060,20,65,-45
108900061,5,1,4
108900062,0,13,-13
108900063,0,111,-111
108900064,29,10,19
108900065,21,20,1
108900066,313,31,282
108900067,6,9,-3
108900068,0,57,-57
108900069,89,3,86
108900070,2,6,-4
108900071,103,8,95
108900072,174,107,67
108900073,5,8,-3
108900074,79,15,64
108900075,1,2,-1
108900076,150,29,121
108900077,4,50,-46
108900078,4,5,-1
108900079,58,15,43
108900080,4,143,-139
108900081,1,24,-23
108900082,51,4,47
108900083,2,51,-49
108900084,29,14,15
108900085,241,20,221
108900086,27,13,14
108900087,55,5,50
108900088,166,78,88
108900089,1,71,-70
108900090,36,10,26
108900091,5,4,1
108900092,131,59,72
108900093,34,31,3
108900094,54,23,31
108900095,0,37,-37
108900096,20,2,18
108900097,52,28,24
108900098,150,373,-223
108900099,175,25,150
108900100,4,7,-3
108900101,17,19,-2
108900102,6,349,-343
108900103,36,27,9
108900104,11,27,-16
108900105,1,434,-433
108900106,230,32,198
108900108,61,2,59
108900109,24,1,23
108900110,26,26,0
108900111,198,27,171
108900112,93,0,93
108900113,11,38,-27
108900114,0,1,-1
108900115,70,37,33
108900116,3,2,1
108900117,73,2,71
108900118,182,13,169
108900119,121,2,119
108900120,54,42,12
108900121,87,24,63
108900122,165,1,164
108900123,55,34,21
108900124,42,6,36
108900125,144,1,143
108900126,16,7,9
108900127,162,2,160
108900128,56,3,53
108900129,70,6,64
108900130,131,0,131
108900131,262,2,260
108900132,118,1,117
108900133,111,3,108
108900134,215,23,192
108900135,68,0,68
108900136,12,0,12
108900137,102,0,102
108900138,303,10,293
108900139,312,3,309
108900140,303,12,291
108900141,227,0,227
108900142,68,0,68
108900143,39,0,39
108900144,33,0,33
108900145,135,26,109
108900146,17,0,17
108900147,153,2,151
108900148,2,4,-2
108900149,79,24,55
108900150,24,2,22
108900151,4,3,1
108900152,75,10,65
108900153,185,20,165
108900154,1735,111,1624
108900155,68,4,64
108900156,23,10,13
108900157,1,22,-21
108900158,362,124,238
108900159,0,8,-8
108900160,0,42,-42
108900161,0,23,-23
108900162,37,1,36
108900163,0,169,-169
108900164,3,6,-3
108900165,35,8,27
108900167,76,2751,-2675
108900168,932,614,318
108900169,5,2,3
108900171,396,1036,-640
108900172,56,6,50
108900173,23,11,12
108900174,520,65,455
108900176,4,81,-77
108900177,128,716,-588
108900178,262,1001,-739
108900179,38,507,-469
108900180,49,111,-62
108900182,14,157,-143
108900183,23,34,-11
108900184,221,125,96
108900185,2,47,-45
108900186,10,43,-33
108900187,332,2,330
108900188,300,3,297
108900189,101,12,89
108900190,0,96,-96
108900191,18,10,8
108900192,10,51,-41
108900193,1,1,0
108900194,0,20,-20
108900195,19,17,2
108900196,0,13,-13
108900198,0,17,-17
108900199,64,46,18
108900200,144,260,-116
108900201,61,179,-118
108900203,199,10,189
108900204,100,5,95
108900205,124,5,119
108900206,48,4,44
108900207,38,29,9
108900208,1,22,-21
108900209,7,30,-23
108900210,26,6,20
108900211,0,38,-38
108900212,7,97,-90
108900215,0,6,-6
108900216,65,76,-11
108900217,10,0,10
108900218,10,0,10
108900219,25,0,25
108900220,20,4,16
108900221,0,0,0
108900222,79,12,67
108900223,0,0,0
108900224,0,0,0
108900225,0,0,0
108900226,100,2,98
108900227,39,61,-22
108900230,36,16,20
108900231,0,2,-2
108900232,0,17,-17
108900233,151,3,148
108900234,53,20,33
108900235,0,1,-1
108900236,0,0,0
108900237,0,0,0
108900240,11,24,-13
108900241,0,16,-16
108900245,0,138,-138
108900249,7,0,7
108900250,25,0,25
108900257,44,0,44
108900258,0,14,-14
108900259,4,0,4
108900260,1,0,1
108900261,1,2,-1
108900262,5,28,-23
108900263,5,12,-7
108900264,9,39,-30
108900265,22,138,-116
108900266,30,214,-184
108900267,1,111,-110
108900268,5,8,-3
108900269,24,2,22
108900270,32,1,31
108900271,12,0,12
108900272,84,0,84
108900273,40,224,-184
108900274,21,2,19
109000001,830,1922,-1092
109000002,1,213,-212
109000003,1404,318,1086
109000004,1,88,-87
109000005,1238,304,934
109000006,8,112,-104
109000007,1106,312,794
109000008,2,73,-71
109000009,2057,549,1508
109000010,11,134,-123
109000011,2351,865,1486
109000012,23,205,-182
109000013,2761,1644,1117
109000014,76,115,-39
109000015,2809,3517,-708
109000016,86,158,-72
109000017,1934,494,1440
109000018,52,244,-192
109000019,1294,615,679
109000020,14,63,-49
109000023,55,1,54
109000024,0,32,-32
109000025,122,203,-81
109000026,207,232,-25
109000027,52,146,-94
109000028,37,63,-26
109000029,30,120,-90
109000030,0,0,0
109000031,124,51,73
109000032,1,4,-3
109000033,282,55,227
109000034,2,2,0
109000035,0,10,-10
109000036,4,81,-77
109000037,49,1116,-1067
109000038,29,51,-22
109000039,327,405,-78
109000040,417,4946,-4529
109000041,130,691,-561
109000042,135,560,-425
109000044,133,20,113
109000045,34,2,32
109000046,211,37,174
109000047,8,0,8
109000048,272,43,229
109000049,20,5,15
109000050,221,88,133
109000051,33,24,9
109000052,94,46,48
109000053,311,80,231
109000054,12,34,-22
109000055,18,106,-88
109000056,54,16,38
109000057,40,287,-247
109000058,28,5,23
109000059,0,233,-233
109000060,47,147,-100
109000061,18,769,-751
109000062,14,156,-142
109000063,3,21,-18
109000064,102,14,88
109000065,8,13,-5
109000066,155,3,152
109000067,0,44,-44
109000068,79,11,68
109000069,150,2,148
109000070,0,28,-28
109000071,81,76,5
109000072,98,238,-140
109000073,4,40,-36
109000074,7,133,-126
109000075,42,1,41
109000076,28,100,-72
109000077,68,67,1
109000078,36,45,-9
109000079,38,17,21
109000080,24,10,14
109000081,69,47,22
109000082,269,22,247
109000083,119,54,65
109000088,133,38,95
109000089,197,51,146
109000090,178,63,115
109000091,228,59,169
109000092,144,101,43
109000093,180,49,131
109000094,460,2,458
109000095,21,39,-18
109000096,482,41,441
109000097,1,18,-17
109000098,11,31,-20
109000099,244,19,225
109000100,23,113,-90
109000101,827,220,607
109000102,209,113,96
109000103,205,150,55
109000104,1190,163,1027
109000105,100,161,-61
109000106,695,183,512
109000107,140,123,17
109000108,1166,234,932
109000109,143,75,68
109000110,426,244,182
109000111,178,245,-67
109000112,14,19,-5
109000113,69,61,8
109000114,176,135,41
109000115,326,25,301
109000116,0,68,-68
109000117,132,15,117
109000118,0,54,-54
109000119,788,3,785
109000120,12,104,-92
109000121,377,8,369
109000122,13,84,-71
109000123,45,8,37
109000124,296,38,258
109000125,499,134,365
109000126,54,23,31
109000127,603,72,531
109000128,68,41,27
109000129,1477,80,1397
109000130,18,51,-33
109000131,388,311,77
109000132,73,121,-48
109000133,20,65,-45
109000134,34,69,-35
109000135,43,54,-11
109000136,142,103,39
109000137,358,70,288
109000138,116,82,34
109000139,250,46,204
109000140,77,115,-38
109000141,119,46,73
109000142,18,53,-35
109000143,69,36,33
109000145,9,57,-48
109000146,37,187,-150
109000148,82,197,-115
109000149,4,116,-112
109000150,20,90,-70
109000155,143,328,-185
109000156,195,26,169
109000158,3,193,-190
109000159,3,70,-67
109000160,587,29,558
109000161,173,121,52
109000162,807,125,682
109000163,606,66,540
109000164,735,583,152
109000165,603,235,368
109000166,327,25,302
109000167,66,147,-81
109000170,2,5,-3
109000171,33,5,28
109000172,3,11,-8
109000173,0,27,-27
109000174,46,2,44
109000175,33,9,24
109000176,152,87,65
109000177,7,14,-7
109000178,143,47,96
109000179,313,580,-267
109000180,735,681,54
109000181,5,5,0
109000182,15,21,-6
109000183,73,0,73
109000184,7,18,-11
109000185,18,8,10
109000188,159,290,-131
109000189,765,53,712
109000190,182,161,21
109000191,186,75,111
109000192,206,9,197
109000193,110,21,89
109000194,81,8,73
109000195,37,20,17
109000196,93,7,86
109000197,61,12,49
109000198,112,11,101
109000199,24,8,16
109000206,84,8,76
109000207,61,11,50
109000208,94,65,29
109000209,34,35,-1
109000210,20,34,-14
109000211,135,198,-63
109000214,244,169,75
109000215,83,17,66
109000216,182,158,24
109000217,0,0,0
109000218,25,53,-28
109000221,15,97,-82
109000222,367,16,351
109000223,117,171,-54
109000224,106,26,80
109000225,72,14,58
109000226,29,52,-23
109000227,632,261,371
109000228,0,6,-6
109000231,1,11,-10
109000232,343,20,323
109000236,27,46,-19
109000241,435,265,170
109000242,507,68,439
109000293,6,55,-49
109000361,20,21,-1
109000364,8,16,-8
109000396,0,34,-34
109000397,557,11,546
109000399,41,169,-128
109000400,122,37,85
109000403,1,753,-752
109000406,66,4,62
109000407,23,33,-10
109000408,0,42,-42
109000410,0,0,0
109000411,72,4,68
109900001,0,0,0
109900002,247,5,242
109900003,153,0,153
109900004,41,11,30
109900005,0,0,0
109900006,323,18,305
109900007,347,0,347
109900008,0,0,0
109900009,0,2,-2
109900010,0,0,0
109900011,0,6,-6
109900012,35,14,21
109900013,59,18,41
109900014,45,1,44
109900015,23,1,22
109900016,30,2,28
109900017,90,53,37
109900018,10,0,10
109900019,19,5,14
109900020,27,6,21
109900021,14,1,13
109900022,19,19,0
109900023,10,0,10
109900024,0,0,0
109900025,1,0,1
109900026,0,9,-9
109900027,4,9,-5
109900028,37,149,-112
109900029,0,37,-37
109900030,25,3,22
109900031,0,72,-72
109900032,0,0,0
109900033,0,71,-71
109900034,17,4,13
109900035,1,2,-1
109900036,0,0,0
109900037,0,0,0
109900038,1,17,-16
109900039,20,6,14
109900040,0,1,-1
109900041,0,3,-3
109900042,0,0,0
109900044,24,37,-13
109900045,31,2,29
109900046,15,3,12
109900047,17,52,-35
109900048,1,2,-1
109900049,3,1,2
109900050,0,5,-5
109900051,0,0,0
109900052,4,50,-46
109900053,0,13,-13
109900054,476,15,461
109900055,23,42,-19
109900056,0,0,0
109900057,0,4,-4
109900058,0,0,0
109900059,721,9,712
109900060,224,7,217
109900061,6,0,6
109900062,0,0,0
109900063,1,51,-50
109900064,125,11,114
109900065,4,12,-8
109900066,0,14,-14
109900067,0,0,0
109900068,56,3,53
109900069,0,0,0
109900070,1,58,-57
109900071,0,0,0
109900072,0,13,-13
109900073,225,8,217
109900074,0,2,-2
109900075,0,0,0
109900076,0,7,-7
109900077,3,2,1
109900078,6,4,2
109900080,14,23,-9
109900081,2,33,-31
109900082,6,13,-7
109900083,0,8,-8
109900084,0,0,0
109900085,27,40,-13
109900086,4,190,-186
109900087,14,50,-36
109900089,72,16,56
109900090,33,86,-53
109900091,305,21,284
109900092,0,0,0
109900093,81,7,74
109900094,0,0,0
109900095,11,27,-16
109900096,40,2,38
109900097,0,0,0
109900098,209,14,195
109900099,141,0,141
109900100,0,0,0
109900101,438,0,438
109900102,0,0,0
109900103,11,4,7
109900104,390,17,373
109900105,0,0,0
109900106,0,0,0
109900107,0,0,0
109900108,0,0,0
109900109,0,0,0
109900110,17,6,11
109900111,87,30,57
109900112,28,54,-26
109900113,323,182,141
109900114,243,109,134
109900115,104,21,83
109900117,595,37,558
109900118,31,37,-6
109900119,34,20,14
109900120,12,0,12
109900121,4,16,-12
109900122,379,0,379
109900123,0,3,-3
109900124,9,8,1
109900125,0,36,-36
109900126,94,4,90
109900128,159,4,155
109900130,332,569,-237
109900131,0,47,-47
109900132,2,27,-25
109900133,25,35,-10
109900134,0,0,0
109900135,0,0,0
109900136,0,0,0
109900137,10,38,-28
109900138,123,24,99
109900140,33,11,22
109900141,96,18,78
109900142,192,20,172
109900145,0,34,-34
109900146,9,1,8
109900148,30,11,19
109900149,0,1,-1
109900150,0,3,-3
109900151,0,0,0
109900152,0,2,-2
109900153,1,23,-22
109900154,4,2,2
109900155,10,5,5
109900157,86,7,79
109900158,2,8,-6
109900159,19,1,18
109900160,11,2,9
109900161,21,2,19
109900162,48,26,22
109900163,149,47,102
109900164,48,108,-60
109900165,10,0,10
109900166,0,9,-9
109900167,27,50,-23
109900168,30,29,1
109900169,0,0,0
109900170,17,291,-274
109900171,28,27,1
109900172,6,39,-33
109900173,63,225,-162
109900174,2,3,-1
109900175,0,0,0
109900176,0,0,0
109900177,0,0,0
109900178,0,0,0
109900179,0,0,0
109900180,0,1,-1
110000001,104,80,24
110000002,475,724,-249
110000003,146,146,0
110000004,481,721,-240
110000005,259,864,-605
110000006,41,424,-383
110000007,23,2,21
110000008,3,4,-1
110000009,2,8,-6
110000010,29,34,-5
110000011,5,7,-2
110000012,90,277,-187
110000013,46,198,-152
110000014,338,79,259
110000015,101,226,-125
110000016,252,590,-338
110000017,888,270,618
110000018,167,119,48
110000019,14,18,-4
110000020,197,63,134
110000021,60,56,4
110000022,198,4,194
110000023,2,16,-14
110000024,107,70,37
110000025,269,0,269
110000026,0,45,-45
110000027,143,316,-173
110000028,419,109,310
110000029,89,135,-46
110000030,99,208,-109
110000031,22,99,-77
110000032,412,63,349
110000033,5,2,3
110000034,178,134,44
110000035,130,113,17
110000036,427,151,276
110000037,11,110,-99
110000038,84,221,-137
110000039,371,1058,-687
110000040,121,49,72
110000041,236,1012,-776
110000042,42,96,-54
110000043,285,310,-25
110000044,7,53,-46
110000045,14,120,-106
110000046,5,1,4
110000047,0,28,-28
110000048,0,6,-6
110000049,2,4,-2
110000050,3,34,-31
110000051,1,5,-4
110000052,37,50,-13
110000053,6,14,-8
110000054,36,165,-129
110000055,75,40,35
110000056,72,72,0
110000057,35,79,-44
110000058,402,238,164
110000059,72,87,-15
110000060,810,326,484
110000061,110,108,2
110000062,752,243,509
110000063,66,48,18
110000064,26,7,19
110000065,52,41,11
110000066,71,1,70
110000067,6,28,-22
110000068,23,4,19
110000069,200,3,197
110000071,163,4,159
110000073,0,6,-6
110000075,31,2,29
110000076,119,85,34
110000077,89,168,-79
110000078,98,3,95
110000080,74,112,-38
110000081,12,42,-30
110000082,3,57,-54
110000083,63,110,-47
110000084,347,499,-152
110000085,571,303,268
110000086,438,855,-417
110000087,23,17,6
110000088,36,57,-21
110000089,176,8,168
110000090,14,51,-37
110000091,87,32,55
110000092,0,4,-4
110000093,41,11,30
110000094,171,30,141
110000095,83,225,-142
110000096,204,218,-14
110000097,625,650,-25
110000098,690,124,566
110000099,156,218,-62
110000100,485,15,470
110000101,0,34,-34
110000102,53,39,14
110000104,102,65,37
110000105,20,31,-11
110000106,126,213,-87
110000107,20,88,-68
110000108,69,103,-34
110000109,1,26,-25
110000110,746,1455,-709
110000111,1038,1144,-106
110000112,133,142,-9
110000113,30,529,-499
110000114,91,318,-227
110000115,138,66,72
110000116,50,40,10
110000117,150,50,100
110000118,253,66,187
110000119,70,36,34
110000120,88,24,64
110000121,11,58,-47
110000122,58,80,-22
110000123,191,188,3
110000124,1,112,-111
110000125,333,0,333
110000126,175,6,169
110000127,391,10,381
110000128,0,107,-107
110000129,0,21,-21
110000130,84,32,52
110000131,21,29,-8
110000132,0,69,-69
110000133,1,74,-73
110000134,0,64,-64
110000135,50,2,48
110000136,4,10,-6
110000137,283,19,264
110000138,116,44,72
110000139,504,57,447
110000140,422,135,287
110000143,207,73,134
110000144,868,430,438
110000145,295,210,85
110000146,593,157,436
110000147,34,316,-282
110000148,234,79,155
110000151,73,237,-164
110000152,71,399,-328
110000153,0,0,0
110000154,6,46,-40
110000155,345,568,-223
110000156,104,351,-247
110000157,131,466,-335
110000160,124,51,73
110000161,47,46,1
110000166,387,16,371
110000167,876,362,514
110000168,484,335,149
110000169,352,104,248
110000170,36,120,-84
110000171,238,54,184
110000172,89,207,-118
110000173,176,217,-41
110000174,57,166,-109
110000175,431,14,417
110000176,82,273,-191
110000177,82,381,-299
110000178,302,880,-578
110000179,219,68,151
110000180,58,80,-22
110000181,164,111,53
110000182,63,16,47
110000183,2061,2523,-462
110000184,71,1206,-1135
110000185,136,289,-153
110000186,71,177,-106
110000191,760,70,690
110000192,294,5,289
110000193,496,8,488
110000194,0,113,-113
110000195,287,15,272
110000196,88,8,80
110000197,66,29,37
110000198,61,4,57
110000199,14,38,-24
110000200,197,52,145
110000201,171,332,-161
110000202,461,188,273
110000203,39,29,10
110000204,1,57,-56
110000205,159,14,145
110000206,89,61,28
110000207,810,49,761
110000208,24,54,-30
110000209,30,44,-14
110000210,858,172,686
110000211,448,196,252
110000212,153,500,-347
110000213,61,18,43
110000214,86,21,65
110000215,2,95,-93
110000216,21,67,-46
110000217,209,37,172
110000218,40,28,12
110000219,134,3,131
110000220,3,29,-26
110000221,179,4,175
110000222,3,29,-26
110000223,0,44,-44
110000224,2,0,2
110000225,53,115,-62
110000226,124,5,119
110000227,40,121,-81
110000228,80,23,57
110000229,0,19,-19
110000230,317,270,47
110000231,98,84,14
110000232,32,76,-44
110000233,98,90,8
110000234,153,147,6
110000235,237,327,-90
110000236,0,0,0
110000237,333,118,215
110000238,354,186,168
110000239,387,176,211
110000240,0,0,0
110000242,0,0,0
110000243,56,2,54
110000244,3,30,-27
110000245,2,100,-98
110000246,313,89,224
110000247,224,348,-124
110000248,265,98,167
110000249,30,1,29
110000250,8,36,-28
110000251,99,98,1
110000252,135,23,112
110000253,469,200,269
110000254,223,62,161
110000255,29,47,-18
110000256,117,86,31
110000257,82,3,79
110000258,0,9,-9
110000259,78,0,78
110000260,25,37,-12
110000263,123,11,112
110000264,288,81,207
110000265,1028,345,683
110000266,571,543,28
110000267,0,0,0
110000268,62,1,61
110000269,0,0,0
110000270,121,0,121
110000271,225,15,210
110000272,145,190,-45
110000273,127,196,-69
110000274,87,641,-554
110000275,236,60,176
110000276,87,258,-171
110000277,225,34,191
110000278,150,75,75
110000279,552,110,442
110000280,497,109,388
110000281,41,12,29
110000282,78,1,77
110000283,1,31,-30
110000284,0,1,-1
110000285,0,5,-5
110000286,4,0,4
110000287,127,0,127
110000288,0,0,0
110000289,78,860,-782
110000290,54,77,-23
110000291,217,229,-12
110000292,326,1587,-1261
110000293,344,160,184
110000294,657,365,292
110000295,62,155,-93
110000296,282,51,231
110000297,639,37,602
110000298,2,68,-66
110000299,21,2,19
110000301,264,2,262
110000302,22,71,-49
110000303,237,0,237
110000304,13,18,-5
110000305,531,6,525
110000306,25,78,-53
110000307,586,1,585
110000308,414,0,414
110000309,0,90,-90
110000310,500,4,496
110000311,0,99,-99
110000312,272,11,261
110000313,581,96,485
110000314,0,37,-37
110000315,271,601,-330
110000316,10,213,-203
110000317,48,36,12
110000318,0,12,-12
110000319,13,7,6
110000320,0,10,-10
110000321,2,15,-13
110000322,46,96,-50
110000323,213,63,150
110000324,124,70,54
110000325,774,1129,-355
110000327,244,113,131
110000328,52,22,30
110000333,319,408,-89
110000334,39,91,-52
110000335,167,73,94
110000336,65,140,-75
110000337,965,89,876
110000338,222,80,142
110000339,263,34,229
110000340,8,16,-8
110000341,219,9,210
110000342,13,0,13
110000343,0,0,0
110000344,4,32,-28
110000345,21,30,-9
110000346,624,554,70
110000347,834,263,571
110000348,0,7,-7
110000349,0,1,-1
110000350,6,2,4
110000351,685,157,528
110000352,152,468,-316
110000353,997,150,847
110000354,99,698,-599
110000355,54,1,53
110000356,236,0,236
110000357,206,0,206
110000361,0,0,0
110000362,104,12,92
110000363,288,7,281
110000364,145,53,92
110000365,44,0,44
110000366,0,72,-72
110000367,175,70,105
110000368,2,25,-23
110000369,49,0,49
110000373,0,22,-22
110000374,21,28,-7
110000375,38,125,-87
110000376,14,13,1
110000377,28,138,-110
110000378,1,130,-129
110000379,871,1026,-155
110000380,111,27,84
110000383,0,37,-37
110000384,401,66,335
110000385,0,14,-14
110000387,34,4,30
110000388,8,34,-26
110000389,632,0,632
110000391,330,14,316
110000396,60,6,54
110000397,45,5,40
110000398,2,9,-7
110000399,103,0,103
110000587,62,22,40
110000589,65,3,62
110000640,79,2,77
110000652,7,81,-74
110000653,40,40,0
110000654,0,0,0
110000656,0,0,0
110000674,3,5,-2
110000675,0,0,0
110000676,0,0,0
110000679,0,0,0
110000682,76,87,-11
110000683,135,67,68
110000684,0,0,0
110000685,0,7,-7
110000686,0,0,0
110000687,3,0,3
110000688,3,212,-209
110000689,15,17,-2
110000692,2,13,-11
110000693,0,117,-117
110000694,0,0,0
110000695,0,50,-50
110000696,42,6,36
110900001,33,0,33
110900002,44,4,40
110900003,245,0,245
110900004,230,6,224
110900005,0,0,0
110900006,8,1,7
110900007,17,11,6
110900008,0,0,0
110900009,15,56,-41
110900010,0,0,0
110900011,0,1,-1
110900012,0,0,0
110900013,349,14,335
110900014,10,0,10
110900015,8,211,-203
110900016,0,0,0
110900017,203,2,201
110900018,56,0,56
110900019,3,0,3
110900020,0,0,0
110900021,0,0,0
110900022,0,0,0
110900023,3,32,-29
110900024,0,0,0
110900025,0,0,0
110900027,0,0,0
110900028,0,0,0
110900029,0,0,0
110900030,0,0,0
110900031,0,0,0
110900032,0,0,0
110900033,0,1,-1
110900035,0,0,0
110900036,5,1,4
110900037,19,0,19
110900038,0,0,0
110900039,0,0,0
110900040,49,1,48
110900041,0,0,0
110900042,0,0,0
110900043,0,0,0
110900044,0,0,0
110900045,0,0,0
110900046,0,0,0
110900047,0,0,0
110900049,5,12,-7
110900050,6,0,6
110900051,0,0,0
110900052,0,0,0
110900053,0,0,0
110900054,0,0,0
110900055,13,0,13
110900056,0,0,0
110900057,0,0,0
110900058,0,0,0
110900059,0,0,0
110900060,21,5,16
110900061,0,1,-1
110900062,0,0,0
110900063,0,9,-9
110900064,0,0,0
110900065,0,3,-3
110900066,0,6,-6
110900067,0,0,0
110900068,0,0,0
110900069,0,4,-4
110900070,0,0,0
110900071,0,0,0
110900073,0,0,0
110900074,129,0,129
110900075,57,0,57
110900077,274,33,241
110900078,0,0,0
110900079,83,152,-69
110900080,39,17,22
110900081,0,0,0
110900082,66,20,46
110900083,1,3,-2
110900084,0,0,0
110900085,21,16,5
110900086,1,33,-32
110900087,16,4,12
110900088,2,0,2
110900090,0,0,0
110900091,0,0,0
110900093,0,0,0
110900095,10,4,6
110900097,5,2,3
110900098,0,13,-13
110900099,2,18,-16
110900100,0,0,0
110900102,32,1,31
110900105,42,4,38
110900108,12,5,7
110900111,10,0,10
110900112,199,1,198
110900113,45,2,43
110900115,0,0,0
110900116,199,45,154
110900118,0,523,-523
110900119,55,2,53
110900120,0,0,0
110900121,2,1,1
110900122,5,0,5
110900125,86,68,18
110900127,0,0,0
110900128,0,0,0
110900129,4,105,-101
110900130,2,68,-66
110900131,15,14,1
110900132,90,4,86
110900133,1,0,1
110900135,1,0,1
110900136,39,1,38
110900137,0,0,0
110900138,20,14,6
110900139,0,1,-1
110900140,0,0,0
110900141,3,10,-7
110900142,0,0,0
110900143,23,9,14
110900144,0,0,0
110900145,14,30,-16
110900146,34,39,-5
110900147,0,0,0
110900148,0,0,0
110900149,0,0,0
110900150,4,7,-3
110900151,0,1,-1
110900152,0,36,-36
110900153,48,16,32
111000001,193,286,-93
111000002,66,18,48
111000003,710,482,228
111000004,22,73,-51
111000005,907,787,120
111000006,48,70,-22
111000007,1055,1381,-326
111000008,210,168,42
111000009,47,166,-119
111000010,648,282,366
111000011,18,232,-214
111000012,104,208,-104
111000013,82,128,-46
111000014,457,165,292
111000017,1,122,-121
111000018,4,19,-15
111000020,24,187,-163
111000021,12,35,-23
111000023,45,38,7
111000025,196,476,-280
111000029,5,32,-27
111000030,2,4,-2
111000031,876,459,417
111000032,316,72,244
111000033,134,53,81
111000034,17,85,-68
111000037,187,401,-214
111000038,421,394,27
111000039,448,370,78
111000040,451,392,59
111000041,55,163,-108
111000042,286,699,-413
111000043,1167,962,205
111000044,853,114,739
111000045,1531,621,910
111000046,551,551,0
111000047,1180,2289,-1109
111000049,21,33,-12
111000050,38,123,-85
111000051,59,54,5
111000052,21,54,-33
111000053,6,47,-41
111000054,16,69,-53
111000055,218,225,-7
111000056,36,48,-12
111000057,1,28,-27
111000058,264,34,230
111000059,271,88,183
111000060,2718,192,2526
111000061,435,119,316
111000062,702,87,615
111000063,589,362,227
111000064,618,182,436
111000065,826,243,583
111000066,393,91,302
111000067,189,75,114
111000068,49,68,-19
111000069,130,121,9
111000070,14,5,9
111000071,0,2,-2
111000072,657,376,281
111000073,76,466,-390
111000074,808,454,354
111000075,265,78,187
111000076,576,69,507
111000077,738,303,435
111000078,409,155,254
111000079,385,105,280
111000080,227,111,116
111000081,267,506,-239
111000082,264,101,163
111000084,194,111,83
111000085,272,345,-73
111000086,336,198,138
111000087,327,175,152
111000088,396,382,14
111000089,255,247,8
111000090,97,240,-143
111000091,119,90,29
111000092,602,162,440
111000093,269,211,58
111000094,428,199,229
111000095,300,871,-571
111000096,455,2259,-1804
111000097,170,133,37
111000098,50,59,-9
111000099,44,131,-87
111000100,62,86,-24
111000101,58,67,-9
111000102,3,36,-33
111000104,342,30,312
111000107,1,67,-66
111000109,185,22,163
111000110,275,124,151
111000111,1544,52,1492
111000112,1096,74,1022
111000113,427,766,-339
111000114,274,1008,-734
111000115,1059,232,827
111000116,211,77,134
111000117,103,106,-3
111000118,203,84,119
111000119,525,104,421
111000120,213,136,77
111000121,64,115,-51
111000122,122,115,7
111000123,232,342,-110
111000124,59,291,-232
111000125,42,66,-24
111000126,7,80,-73
111000127,443,24,419
111000128,1322,72,1250
111000129,1323,223,1100
111000130,1676,177,1499
111000131,1362,94,1268
111000132,974,515,459
111000133,111,7,104
111000134,93,3,90
111000135,7,21,-14
111000136,269,25,244
111000138,0,1,-1
111000140,0,0,0
111000141,28,30,-2
111000142,0,2,-2
111000143,0,6,-6
111000144,0,13,-13
111000145,14,1,13
111000146,26,0,26
111000147,21,3,18
111000148,18,4,14
111000149,0,25,-25
111000150,22,0,22
111000151,7,1,6
111000153,142,34,108
111000154,45,24,21
111000155,38,24,14
111000156,252,149,103
111000157,65,175,-110
111000158,352,226,126
111000159,474,373,101
111000160,168,54,114
111000161,0,76,-76
111000162,1,10,-9
111000163,106,112,-6
111000164,15,244,-229
111000165,158,35,123
111000166,29,25,4
111000167,29,51,-22
111000168,63,30,33
111000169,123,30,93
111000170,58,38,20
111000171,65,11,54
111000172,40,54,-14
111000173,71,72,-1
111000174,27,8,19
111000175,6,22,-16
111000176,198,40,158
111000177,316,38,278
111000178,768,76,692
111000179,257,18,239
111000180,162,112,50
111000181,315,48,267
111000182,129,26,103
111000183,38,18,20
111000184,108,10,98
111000185,121,39,82
111000186,100,12,88
111000187,94,34,60
111000188,217,51,166
111000189,21,119,-98
111000190,49,31,18
111000191,14,19,-5
111000192,9,50,-41
111000193,19,19,0
111000194,0,16,-16
111000195,0,38,-38
111000196,3,15,-12
111000197,246,20,226
111000198,212,1,211
111000199,152,73,79
111000200,444,104,340
111000201,264,18,246
111000202,180,8,172
111000203,223,92,131
111000204,134,216,-82
111000213,135,130,5
111000214,401,239,162
111000215,271,156,115
111000217,817,157,660
111000218,568,266,302
111000219,19,23,-4
111000220,280,78,202
111000221,94,100,-6
111000224,0,0,0
111000225,332,84,248
111000226,10,0,10
111000227,6,0,6
111000228,3,293,-290
111000229,0,474,-474
111000230,61,18,43
111000231,473,19,454
111000232,293,169,124
111000233,307,97,210
111000234,51,149,-98
111000239,0,0,0
111000240,11,102,-91
111000241,0,0,0
111000242,73,37,36
111000243,0,0,0
111000244,266,13,253
111000245,240,39,201
111000246,245,97,148
111000247,184,65,119
111000248,408,105,303
111000249,236,35,201
111000250,11,35,-24
111000251,108,43,65
111000253,1,7,-6
111000255,1,0,1
111000257,18,2,16
111000260,0,30,-30
111000261,511,33,478
111000271,0,27,-27
111000273,443,332,111
111000274,433,188,245
111000275,22,8,14
111000276,85,278,-193
111000277,123,40,83
111000278,196,31,165
111000291,393,3537,-3144
111000298,109,76,33
111000299,33,2,31
111000300,11,32,-21
111000302,113,21,92
111000303,54,30,24
111000312,65,7,58
111000315,0,8,-8
111000320,45,109,-64
111000321,213,48,165
111000322,218,40,178
111000323,96,26,70
111000324,96,32,64
111000325,5,15,-10
111000326,46,34,12
111000327,132,50,82
111000328,80,70,10
111000329,0,30,-30
111000330,5,8,-3
111000331,0,1,-1
111000332,137,234,-97
111000334,62,120,-58
111000335,385,19,366
111000337,567,1,566
111000338,41,2,39
111000339,208,6,202
111000340,5,44,-39
111000341,604,137,467
111000342,1,5,-4
111000344,562,170,392
111000345,15,9,6
111000346,1,3,-2
111000347,130,0,130
111000350,65,50,15
111000351,4,108,-104
111000352,52,49,3
111000353,3,57,-54
111000354,76,15,61
111000355,33,59,-26
111000358,40,59,-19
111000360,103,18,85
111000361,40,8,32
111000546,75,1,74
111000547,172,23,149
111000548,12,4,8
111000549,90,16,74
111000550,1,72,-71
111000551,17,11,6
111000552,74,26,48
111000907,65,21,44
111000908,50,1,49
111000916,504,2,502
111000917,0,6,-6
111000918,74,37,37
111000920,88,4,84
111000921,0,6,-6
111000922,163,14,149
111000924,1,92,-91
111000925,2234,1102,1132
111000926,377,211,166
111000927,1494,2116,-622
111000928,896,415,481
111000929,1403,426,977
111000930,225,469,-244
111000931,1654,713,941
111000932,715,593,122
111000933,2186,1227,959
111000934,326,554,-228
111000935,1212,354,858
111000936,173,305,-132
111000937,639,457,182
111000938,412,196,216
111000939,452,23,429
111000940,274,13,261
111000941,182,17,165
111000943,294,46,248
111000944,26,41,-15
111000945,147,6,141
111001109,191,196,-5
111001110,38,1,37
111001111,23,2,21
111001112,169,26,143
111001113,0,53,-53
111001114,138,20,118
111001115,0,0,0
111001116,435,2046,-1611
111001117,15,99,-84
111001120,44,23,21
111001121,4,22,-18
111001122,0,0,0
111900001,9,1,8
111900002,0,9,-9
111900003,0,19,-19
111900004,1,18,-17
111900006,0,0,0
111900007,0,0,0
111900008,0,0,0
111900009,64,0,64
111900010,2,6,-4
111900012,3,0,3
111900013,1,12,-11
111900014,358,1518,-1160
111900015,0,1,-1
111900016,0,0,0
111900017,0,2,-2
111900018,41,10,31
111900019,0,65,-65
111900020,0,8,-8
111900021,0,10,-10
111900022,0,1,-1
111900023,71,2,69
111900024,0,1,-1
111900025,0,11,-11
111900026,0,5,-5
111900027,0,0,0
111900028,0,0,0
111900029,0,1,-1
111900030,0,0,0
111900031,13,0,13
111900032,0,0,0
111900033,0,0,0
111900034,0,0,0
111900035,0,0,0
111900036,0,0,0
111900038,0,0,0
111900039,0,0,0
111900040,0,0,0
111900042,0,0,0
111900043,0,0,0
111900044,0,0,0
111900046,0,0,0
111900048,168,56,112
111900049,0,0,0
111900050,0,0,0
111900051,9,5,4
111900052,0,0,0
111900053,70,553,-483
111900054,0,0,0
111900055,4,51,-47
111900056,18,94,-76
111900057,65,5,60
111900058,230,20,210
111900059,74,18,56
111900060,0,0,0
111900061,1,31,-30
111900062,47,7,40
111900063,11,0,11
111900064,10,22,-12
111900065,35,4,31
111900066,4,0,4
111900067,0,0,0
111900068,3,12,-9
111900069,24,50,-26
111900070,30,0,30
111900071,0,0,0
111900072,37,34,3
111900073,61,16,45
111900074,0,0,0
111900075,47,0,47
111900076,10,2,8
111900077,23,2,21
111900078,69,5,64
111900079,37,27,10
111900080,0,0,0
111900081,0,0,0
111900082,273,29,244
111900083,30,1,29
111900084,81,5,76
111900085,0,0,0
111900086,231,8,223
111900087,33,20,13
111900088,166,1,165
111900089,81,0,81
111900090,0,0,0
111900091,491,3,488
111900092,124,0,124
111900093,110,3,107
111900094,86,1,85
111900095,0,0,0
111900096,130,0,130
111900097,29,0,29
111900098,36,1,35
111900099,32,0,32
111900100,0,0,0
111900101,2,0,2
111900102,165,0,165
111900103,0,0,0
111900104,0,0,0
111900105,11,5,6
111900106,35,1,34
111900107,0,0,0
111900108,0,0,0
111900109,0,0,0
111900110,0,0,0
111900111,168,0,168
111900112,0,0,0
111900113,51,2,49
111900114,34,10,24
111900115,12,4,8
111900118,9,0,9
111900119,0,2,-2
111900122,16,50,-34
111900123,0,1,-1
111900124,28,12,16
111900125,25,4,21
111900126,75,0,75
111900127,0,0,0
111900128,0,0,0
111900129,36,0,36
111900130,0,2,-2
111900131,27,0,27
111900132,0,0,0
111900133,3,0,3
111900134,0,0,0
111900135,0,0,0
111900136,0,0,0
111900137,17,19,-2
111900138,2,20,-18
111900139,0,17,-17
111900140,87,6,81
111900141,99,10,89
111900142,56,11,45
111900143,0,0,0
111900144,0,0,0
111900145,0,0,0
111900146,0,0,0
111900147,0,0,0
111900148,0,0,0
111900149,0,0,0
111900150,0,0,0
111900151,0,0,0
111900152,0,0,0
111900153,0,0,0
111900154,0,0,0
111900155,0,0,0
111900156,0,0,0
111900157,0,0,0
111900158,0,0,0
111900159,0,0,0
111900160,0,0,0
111900161,11,0,11
111900162,0,0,0
111900163,0,0,0
111900164,0,0,0
111901113,131,1,130
111901114,72,0,72
111901115,0,0,0
111901116,0,0,0
111901117,0,0,0
111901118,0,0,0
111901119,2,0,2
111901120,0,0,0
111901121,0,0,0
111901122,0,0,0
111901123,66,0,66
111901124,0,0,0
111901125,1,0,1
111901126,0,0,0
111901127,0,0,0
111901128,0,0,0
111901129,0,0,0
111901130,0,0,0
111901131,0,100,-100
111901132,0,0,0
111901133,0,0,0
111901134,0,0,0
111901135,0,0,0
111901136,0,0,0
111901137,0,0,0
111901138,0,0,0
111901139,0,0,0
111901140,0,0,0
111901141,0,0,0
111901142,0,0,0
111901143,0,0,0
111901144,0,0,0
112000001,1315,520,795
112000002,114,173,-59
112000003,785,452,333
112000004,86,41,45
112000005,3010,1785,1225
112000006,148,48,100
112000007,2289,1673,616
112000008,1661,2487,-826
112000009,1745,721,1024
112000010,1007,2734,-1727
112000011,652,470,182
112000012,2408,4447,-2039
112000013,849,587,262
112000014,242,2659,-2417
112000015,212,766,-554
112000016,435,1215,-780
112000017,95,596,-501
112000024,78,82,-4
112000026,481,433,48
112000027,367,492,-125
112000028,374,113,261
112000029,190,583,-393
112000030,8,14,-6
112000031,333,1805,-1472
112000032,15,4,11
112000033,388,1279,-891
112000034,4,0,4
112000035,1,24,-23
112000036,58,377,-319
112000037,64,98,-34
112000038,228,475,-247
112000039,39,24,15
112000040,14,45,-31
112000041,76,143,-67
112000042,370,30,340
112000050,777,748,29
112000051,701,800,-99
112000054,276,450,-174
112000057,33,50,-17
112000058,34,206,-172
112000059,205,244,-39
112000061,689,241,448
112000062,175,496,-321
112000063,303,374,-71
112000064,705,649,56
112000065,355,177,178
112000066,711,651,60
112000067,100,98,2
112000068,1097,861,236
112000069,38,215,-177
112000070,218,285,-67
112000071,155,207,-52
112000072,1084,210,874
112000073,124,263,-139
112000074,373,218,155
112000075,773,553,220
112000076,1072,300,772
112000077,704,218,486
112000078,953,282,671
112000079,1105,502,603
112000080,236,198,38
112000081,237,488,-251
112000082,504,341,163
112000083,238,361,-123
112000084,705,231,474
112000085,571,394,177
112000086,1275,331,944
112000087,250,79,171
112000088,363,132,231
112000089,125,71,54
112000090,83,86,-3
112000091,187,87,100
112000092,1297,123,1174
112000093,346,109,237
112000094,527,156,371
112000095,349,115,234
112000096,706,116,590
112000097,912,206,706
112000098,40,45,-5
112000099,222,1107,-885
112000100,1154,167,987
112000101,60,103,-43
112000102,446,91,355
112000103,105,47,58
112000105,35,136,-101
112000106,851,48,803
112000107,0,39,-39
112000108,181,291,-110
112000109,48,53,-5
112000110,459,155,304
112000111,105,322,-217
112000112,1035,56,979
112000113,139,134,5
112000114,953,142,811
112000115,47,10,37
112000116,40,34,6
112000117,27,73,-46
112000118,130,90,40
112000119,91,62,29
112000120,1,27,-26
112000121,89,181,-92
112000122,188,51,137
112000123,361,31,330
112000124,227,9,218
112000125,161,72,89
112000126,323,163,160
112000127,666,875,-209
112000128,84,285,-201
112000129,121,8,113
112000130,33,18,15
112000131,44,11,33
112000132,6,25,-19
112000133,200,8,192
112000134,106,78,28
112000135,531,63,468
112000136,112,189,-77
112000137,552,147,405
112000138,163,209,-46
112000139,84,262,-178
112000140,22,72,-50
112000141,272,75,197
112000142,9,50,-41
112000143,607,50,557
112000144,45,92,-47
112000145,1459,107,1352
112000146,107,179,-72
112000147,1112,408,704
112000148,126,165,-39
112000149,93,89,4
112000150,3,17,-14
112000151,126,34,92
112000152,26,14,12
112000153,61,27,34
112000154,72,0,72
112000155,50,10,40
112000157,21,236,-215
112000158,151,49,102
112000159,137,34,103
112000167,37,10,27
112000169,63,559,-496
112000173,285,23,262
112000175,152,75,77
112000176,485,363,122
112000177,146,21,125
112000178,35,86,-51
112000179,52,12,40
112000180,8,4,4
112000181,383,122,261
112000182,814,80,734
112000183,26,7,19
112000184,244,46,198
112000185,38,27,11
112000187,902,486,416
112000195,55,6,49
112000196,45,1,44
112000197,2,3,-1
112000198,0,20,-20
112000199,7,51,-44
112000202,211,0,211
112000216,5,11,-6
112000230,79,0,79
112000231,0,2,-2
112000256,47,66,-19
112000313,16,1,15
112000314,14,5,9
112000337,2,63,-61
112000352,1,11,-10
112000392,852,779,73
112000398,829,217,612
112000399,290,2842,-2552
112000400,296,449,-153
112000401,427,556,-129
112000402,1650,3253,-1603
112000403,403,2291,-1888
112000404,319,825,-506
112000405,1623,1452,171
112000406,716,423,293
112000407,3878,3693,185
112000408,1558,724,834
112000409,361,714,-353
112000410,0,0,0
112000411,59,45,14
112000412,18,46,-28
112000413,132,395,-263
112000414,38,9,29
112000415,68,3,65
112000416,1347,527,820
112000417,137,33,104
112000421,3,14,-11
112000422,72,30,42
112000424,187,579,-392
112000425,9,74,-65
112000426,16,73,-57
112000427,0,1,-1
112000428,41,41,0
112000429,630,919,-289
112000430,1165,1545,-380
112000431,78,67,11
112000432,78,102,-24
112000433,253,295,-42
112000437,94,83,11
112900001,13,0,13
112900002,184,0,184
112900003,18,0,18
112900004,24,0,24
112900005,61,0,61
112900006,0,0,0
112900007,81,15,66
112900008,0,2,-2
112900009,32,0,32
112900010,24,0,24
112900011,0,0,0
112900012,0,0,0
112900013,0,23,-23
112900014,0,0,0
112900015,2,9,-7
112900016,0,0,0
112900017,0,5,-5
112900018,0,0,0
112900019,0,0,0
112900020,19,31,-12
112900021,0,0,0
112900022,0,6,-6
112900023,0,0,0
112900024,0,0,0
112900025,1,7,-6
112900026,0,0,0
112900027,0,0,0
112900028,0,0,0
112900029,59,23,36
112900030,0,0,0
112900031,0,0,0
112900032,0,0,0
112900034,3,11,-8
112900035,0,0,0
112900036,0,0,0
112900037,0,0,0
112900038,47,0,47
112900039,0,0,0
112900040,0,0,0
112900041,22,66,-44
112900042,0,0,0
112900043,0,0,0
112900044,19,0,19
112900045,0,0,0
112900046,2,0,2
112900047,0,0,0
112900049,0,0,0
112900050,2,0,2
112900051,5,5,0
112900052,0,0,0
112900053,0,0,0
112900054,7,0,7
112900055,0,0,0
112900056,0,0,0
112900057,0,0,0
112900058,96,104,-8
112900059,0,0,0
112900060,0,0,0
112900061,0,0,0
112900062,0,0,0
112900063,0,0,0
112900064,0,0,0
112900065,0,0,0
112900066,123,104,19
112900067,1,0,1
112900068,1,16,-15
112900069,0,0,0
112900071,0,0,0
112900072,6,62,-56
112900073,146,48,98
112900074,0,0,0
112900075,38,0,38
112900076,0,0,0
112900078,0,0,0
112900079,0,0,0
112900080,0,0,0
112900081,13,15,-2
112900082,325,3,322
112900083,0,0,0
112900084,0,0,0
112900085,0,0,0
112900086,0,0,0
112900087,83,0,83
112900088,33,2,31
112900089,730,2,728
112900090,0,0,0
112900091,0,0,0
112900092,3,0,3
112900093,0,0,0
112900094,0,0,0
112900095,0,0,0
112900096,156,71,85
112900097,5,3,2
112900098,8,0,8
112900099,799,16,783
112900100,0,0,0
112900101,0,0,0
112900102,0,0,0
112900103,0,0,0
112900104,0,0,0
112900105,0,0,0
112900106,44,15,29
112900107,1,0,1
112900108,0,0,0
112900109,0,0,0
112900110,7,0,7
112900111,0,0,0
112900112,6,0,6
112900113,0,0,0
112900114,0,0,0
112900115,731,2,729
112900116,21,2,19
112900117,0,0,0
112900118,0,0,0
112900119,0,0,0
112900120,32,21,11
112900121,0,0,0
112900122,0,0,0
112900123,0,0,0
112900124,0,0,0
112900125,0,0,0
112900126,4,8,-4
112900127,0,0,0
112900128,22,39,-17
112900129,0,79,-79
112900130,0,0,0
112900131,0,108,-108
112900132,0,0,0
112900133,0,105,-105
112900134,0,7,-7
112900135,0,0,0
112900136,0,0,0
112900137,1,38,-37
112900138,0,13,-13
112900139,2,27,-25
112900140,0,0,0
112900141,160,0,160
112900142,0,0,0
112900143,0,10,-10
112900144,0,0,0
112900145,0,8,-8
112900146,0,0,0
112900147,0,10,-10
112900148,0,1,-1
112900149,0,1,-1
112900151,0,0,0
112900152,285,23,262
112900153,2,125,-123
112900154,0,20,-20
112900155,26,0,26
112900156,6,0,6
112900157,151,0,151
112900158,0,0,0
112900159,0,0,0
112900160,0,0,0
112900161,0,0,0
112900162,0,0,0
112900163,0,0,0
112900164,0,0,0
112900165,0,0,0
112900166,0,0,0
112900167,0,0,0
112900168,0,0,0
112900169,2,0,2
112900170,0,0,0
112900172,0,0,0
112900173,0,0,0
112900174,0,0,0
112900175,0,0,0
112900176,0,0,0
112900177,0,0,0
112900178,0,0,0
112900179,0,32,-32
112900180,412,72,340
112900181,5,0,5
112900182,0,0,0
112900183,0,0,0
112900184,19,42,-23
112900185,0,45,-45
112900186,14,59,-45
112900187,0,0,0
112900188,32,32,0
112900189,0,0,0
112900190,0,0,0
112900192,41,23,18
112900193,80,20,60
112900194,0,0,0
112900195,107,3,104
112900196,40,14,26
112900197,2,3,-1
112900199,40,3,37
112900200,18,2,16
112900201,1,3,-2
112900202,3,18,-15
112900203,2,0,2
112900204,9,19,-10
112900205,4,0,4
112900206,1,0,1
112900207,0,0,0
112900208,9,67,-58
112900209,0,0,0
112900210,0,0,0
112900211,0,0,0
112900212,0,0,0
112900213,22,0,22
112900214,0,2,-2
112900215,0,0,0
112900216,0,0,0
112900217,0,0,0
112900218,44,0,44
112900219,2,0,2
112900220,2,0,2
112900221,3,1,2
112900222,0,0,0
112900223,173,2,171
112900224,72,0,72
112900225,4,0,4
112900226,0,0,0
112900227,188,0,188
112900228,32,0,32
112900229,0,0,0
112900230,345,99,246
112900232,119,238,-119
112900233,0,0,0
112900234,0,0,0
112900235,0,0,0
112900236,0,0,0
112900237,41,0,41
112900238,0,0,0
113000001,1449,1491,-42
113000002,1747,1599,148
113000003,360,698,-338
113000004,401,916,-515
113000005,331,312,19
113000006,196,666,-470
113000007,409,229,180
113000008,320,439,-119
113000009,236,218,18
113000010,558,374,184
113000011,354,151,203
113000012,637,109,528
113000013,58,105,-47
113000014,195,435,-240
113000015,155,113,42
113000016,7,37,-30
113000017,43,47,-4
113000018,68,11,57
113000019,55,24,31
113000020,325,7,318
113000021,543,125,418
113000022,134,318,-184
113000025,7,50,-43
113000026,144,452,-308
113000027,141,233,-92
113000028,110,204,-94
113000029,360,279,81
113000030,0,3,-3
113000031,0,5,-5
113000032,165,82,83
113000033,200,100,100
113000034,2,0,2
113000035,1,1,0
113000036,2,71,-69
113000037,8,1,7
113000038,29,79,-50
113000039,1,14,-13
113000040,3,0,3
113000042,164,231,-67
113000051,332,980,-648
113000052,269,153,116
113000053,81,71,10
113000054,121,444,-323
113000055,583,153,430
113000056,700,237,463
113000058,93,465,-372
113000059,330,263,67
113000060,157,233,-76
113000061,142,187,-45
113000062,145,101,44
113000063,103,42,61
113000064,63,74,-11
113000065,112,110,2
113000066,403,40,363
113000067,926,91,835
113000068,177,194,-17
113000069,230,224,6
113000070,638,48,590
113000071,69,134,-65
113000072,248,65,183
113000073,191,225,-34
113000074,251,104,147
113000075,561,106,455
113000076,58,662,-604
113000077,324,317,7
113000078,142,374,-232
113000079,39,159,-120
113000080,95,144,-49
113000081,235,290,-55
113000082,130,53,77
113000083,280,394,-114
113000084,446,337,109
113000085,334,280,54
113000086,248,289,-41
113000087,281,647,-366
113000088,292,404,-112
113000089,456,1041,-585
113000090,41,257,-216
113000091,140,1,139
113000094,552,56,496
113000095,113,68,45
113000096,60,40,20
113000097,257,31,226
113000098,5,5,0
113000099,409,69,340
113000100,56,14,42
113000101,24,24,0
113000102,167,38,129
113000103,625,135,490
113000104,475,782,-307
113000105,504,104,400
113000106,118,79,39
113000107,393,480,-87
113000108,415,196,219
113000109,130,353,-223
113000110,412,184,228
113000111,13,135,-122
113000112,59,144,-85
113000113,522,254,268
113000114,4,323,-319
113000116,106,175,-69
113000117,120,129,-9
113000118,9,205,-196
113000119,72,107,-35
113000120,17,242,-225
113000121,80,131,-51
113000124,98,70,28
113000125,1,362,-361
113000127,105,29,76
113000128,104,296,-192
113000129,0,0,0
113000133,453,4,449
113000134,5,581,-576
113000135,1714,1631,83
113000137,532,885,-353
113000139,201,110,91
113000140,0,0,0
113000141,150,50,100
113000142,141,102,39
113000143,154,181,-27
113000144,22,71,-49
113000145,108,74,34
113000146,4,1,3
113000147,32,9,23
113000148,242,49,193
113000149,67,220,-153
113000150,25,35,-10
113000151,2,0,2
113000152,17,219,-202
113000153,179,93,86
113000154,86,486,-400
113000155,109,264,-155
113000156,93,59,34
113000157,99,140,-41
113000158,58,4,54
113000159,229,15,214
113000160,165,177,-12
113000161,122,73,49
113000162,0,0,0
113000163,45,10,35
113000164,0,0,0
113000166,100,23,77
113000167,0,0,0
113000168,0,0,0
113000169,114,6,108
113000170,98,15,83
113000171,0,0,0
113000172,155,8,147
113000173,28,12,16
113000174,0,0,0
113000175,282,24,258
113000176,363,18,345
113000177,0,0,0
113000178,0,0,0
113000179,125,19,106
113000180,432,665,-233
113000181,396,325,71
113000182,3,32,-29
113000183,10,268,-258
113000184,0,0,0
113000189,32,89,-57
113000190,176,80,96
113000192,192,890,-698
113000193,498,599,-101
113000194,191,521,-330
113000195,499,770,-271
113000196,163,120,43
113000197,354,828,-474
113000198,4,125,-121
113000199,241,122,119
113000201,25,56,-31
113000202,477,206,271
113000203,32,8,24
113000204,109,1065,-956
113000205,0,0,0
113000206,0,14,-14
113000207,0,0,0
113000208,5,33,-28
113000209,0,0,0
113000210,1,10,-9
113000211,43,19,24
113000212,33,1,32
113000213,10,24,-14
113000214,0,8,-8
113000234,1,91,-90
113000410,3,77,-74
113000411,579,1158,-579
113000412,779,461,318
113000413,1039,739,300
113000414,1452,3233,-1781
113000415,362,633,-271
113000416,920,568,352
113000417,212,404,-192
113000418,1699,1780,-81
113000419,524,924,-400
113000420,1398,1657,-259
113000421,2468,3619,-1151
113000422,3096,2562,534
113000423,722,1338,-616
113000424,1008,2899,-1891
113000425,14,17,-3
113000428,4,0,4
113000430,0,0,0
113000432,639,61,578
113000433,24,130,-106
113000434,0,1,-1
113000435,0,5,-5
113000436,0,37,-37
113000437,428,7,421
113000438,38,4,34
113000439,0,0,0
113000440,4,4,0
113000441,108,11,97
113000442,0,0,0
113000443,45,9,36
113000444,0,0,0
113000445,4,10,-6
113000446,0,0,0
113000448,0,0,0
113000449,4,97,-93
113000450,21,484,-463
113000451,10,0,10
113000452,40,77,-37
113000453,0,0,0
113000454,38,24,14
113000455,0,0,0
113000456,102,37,65
113000468,204,44,160
113000469,19,145,-126
113000470,87,32,55
113000471,1,77,-76
113000472,22,31,-9
113000474,432,426,6
113000475,496,525,-29
113000476,613,902,-289
113000477,1928,934,994
113000478,1465,995,470
113000479,11,18,-7
113000480,61,92,-31
113000482,0,0,0
113000483,0,0,0
113000485,0,0,0
113000486,0,0,0
113000487,0,0,0
113000488,0,0,0
113000489,0,0,0
113000490,0,0,0
113000491,0,0,0
113000492,0,0,0
113000493,0,0,0
113000495,0,0,0
113000496,10,12,-2
113000497,0,0,0
113000500,0,0,0
113900001,0,0,0
113900002,0,0,0
113900003,0,0,0
113900004,0,0,0
113900005,0,0,0
113900006,0,0,0
113900007,0,0,0
113900008,0,0,0
113900009,0,0,0
113900010,0,0,0
113900011,0,0,0
113900012,0,0,0
113900013,0,0,0
113900014,219,22,197
113900015,0,0,0
113900016,4,0,4
113900017,0,0,0
113900018,0,0,0
113900019,0,0,0
113900020,72,0,72
113900022,26,0,26
113900023,0,0,0
113900024,0,0,0
113900025,44,3,41
113900026,1,0,1
113900027,0,0,0
113900028,0,0,0
113900029,0,0,0
113900030,100,1,99
113900031,0,0,0
113900032,0,0,0
113900033,0,0,0
113900035,0,0,0
113900036,0,0,0
113900037,0,0,0
113900038,0,0,0
113900039,84,13,71
113900040,1,4,-3
113900041,0,0,0
113900042,0,0,0
113900043,0,0,0
113900044,0,24,-24
113900045,0,0,0
113900046,0,0,0
113900047,0,0,0
113900048,0,0,0
113900049,0,0,0
113900050,10,27,-17
113900051,0,0,0
113900052,24,0,24
113900053,12,103,-91
113900054,0,0,0
113900055,0,0,0
113900056,0,0,0
113900057,0,0,0
113900058,0,0,0
113900059,0,0,0
113900060,0,0,0
113900061,5,38,-33
113900062,0,0,0
113900063,0,0,0
113900064,0,0,0
113900065,204,13,191
113900066,0,0,0
113900067,9,2,7
113900068,130,131,-1
113900069,0,0,0
113900070,0,0,0
113900071,0,0,0
113900072,0,0,0
113900073,0,0,0
113900074,12,7,5
113900075,112,201,-89
113900076,0,0,0
113900077,0,0,0
113900078,0,0,0
113900079,0,0,0
113900080,19,2,17
113900081,0,0,0
113900082,0,0,0
113900083,174,46,128
113900084,3,18,-15
113900085,0,0,0
113900086,0,0,0
113900087,0,0,0
113900088,0,0,0
113900089,71,6,65
113900090,4,3,1
113900091,0,0,0
113900092,0,0,0
113900093,0,0,0
113900094,21,24,-3
113900095,18,6,12
113900096,0,0,0
113900097,0,0,0
113900098,187,15,172
113900099,0,0,0
113900100,0,0,0
113900101,0,0,0
113900102,0,0,0
113900103,24,58,-34
113900104,25,40,-15
113900105,0,0,0
113900106,0,0,0
113900107,0,0,0
113900108,0,0,0
113900109,2,0,2
113900110,0,0,0
113900111,0,0,0
113900112,4,1,3
113900113,16,3,13
113900114,0,0,0
113900115,0,0,0
113900116,0,0,0
113900117,0,0,0
113900118,1,30,-29
113900119,23,87,-64
113900120,0,0,0
113900121,0,0,0
113900122,28,852,-824
113900123,2,0,2
113900124,0,0,0
113900125,17,0,17
113900126,0,0,0
113900127,0,0,0
113900128,0,0,0
113900129,0,42,-42
113900130,0,0,0
113900131,0,0,0
113900132,0,0,0
113900133,0,0,0
113900135,0,0,0
113900136,0,0,0
113900137,0,0,0
113900138,0,0,0
113900139,0,0,0
113900140,52,41,11
113900141,0,0,0
113900142,0,0,0
113900143,0,0,0
113900144,26,9,17
113900145,0,0,0
113900146,0,0,0
113900148,0,0,0
113900149,0,0,0
113900150,146,12,134
113900151,0,0,0
113900152,0,12,-12
113900153,0,0,0
113900154,0,0,0
113900155,0,0,0
113900156,0,0,0
113900157,2,14,-12
113900158,0,0,0
113900159,0,0,0
113900160,0,0,0
113900161,0,0,0
113900162,1,26,-25
113900163,0,0,0
113900164,0,0,0
113900165,0,0,0
113900166,1,11,-10
113900167,0,0,0
113900168,0,0,0
113900169,0,0,0
113900171,0,0,0
113900172,0,0,0
113900173,4,33,-29
113900174,0,0,0
113900175,132,1,131
113900176,0,0,0
113900177,10,4,6
113900178,3,0,3
113900179,0,40,-40
113900180,2,2,0
113900181,63,1,62
113900182,0,0,0
113900183,1,0,1
113900184,1,13,-12
113900185,2,1,1
113900186,0,0,0
113900187,0,2,-2
113900188,0,0,0
113900189,0,0,0
113900190,0,0,0
113900191,0,0,0
113900192,0,0,0
113900193,0,27,-27
113900194,48,8,40
113900195,0,0,0
113900196,0,0,0
113900197,0,17,-17
113900198,0,0,0
113900199,1,19,-18
113900200,0,0,0
113900201,0,14,-14
113900202,0,0,0
113900203,0,1,-1
113900204,0,0,0
113900205,0,0,0
113900206,0,0,0
113900207,0,0,0
113900208,0,0,0
113900209,0,0,0
113900210,0,0,0
113900211,0,0,0
113900212,90,5,85
113900214,4,20,-16
113900215,125,1,124
113900216,0,0,0
113900217,0,0,0
113900218,0,0,0
113900219,0,0,0
113900220,0,0,0
113900221,5,51,-46
113900222,9,3,6
113900223,0,0,0
113900224,0,0,0
113900225,46,5,41
113900226,10,7,3
113900227,9,16,-7
113900228,0,0,0
113900229,0,32,-32
113900230,82,8,74
113900231,0,0,0
113900232,0,0,0
113900233,0,0,0
113900234,0,0,0
113900235,0,0,0
113900236,48,2,46
113900237,0,0,0
113900238,3,53,-50
113900239,0,0,0
113900240,0,0,0
113900241,0,0,0
113900242,0,0,0
113900243,0,4,-4
113900244,24,7,17
113900245,3,4,-1
113900246,1,6,-5
113900247,19,130,-111
113900248,0,0,0
113900249,35,78,-43
113900250,19,24,-5
113900251,171,29,142
113900252,78,2,76
113900253,77,6,71
113900254,122,15,107
113900255,224,10,214
113900256,133,4,129
113900257,0,59,-59
113900258,3,32,-29
113900259,40,12,28
113900260,242,25,217
113900261,7,1,6
113900262,53,37,16
113900263,0,8,-8
113900264,0,2,-2
113900265,2,0,2
113900266,19,0,19
113900267,0,0,0
113900268,13,5,8
113900269,0,0,0
113900270,0,0,0
113900271,0,0,0
113900273,0,1,-1
113900274,20,1,19
113900275,0,0,0
113900276,0,8,-8
113900277,58,0,58
113900278,0,0,0
113900279,0,0,0
113900280,30,9,21
113900281,7,63,-56
113900282,0,3,-3
113900283,0,0,0
113900284,278,81,197
113900285,33,0,33
113900286,0,0,0
113900287,0,0,0
113900288,0,0,0
113900289,0,0,0
113900290,0,0,0
113900291,0,0,0
113900292,0,0,0
113900293,0,0,0
113900294,154,2,152
113900295,52,29,23
113900296,74,20,54
113900297,320,0,320
113900298,0,0,0
113900299,30,0,30
113900300,392,8,384
113900301,18,0,18
113900302,86,7,79
113900303,0,0,0
113900304,0,0,0
113900305,68,1,67
113900306,4,0,4
113900307,1,0,1
113900308,0,0,0
113900309,0,7,-7
113900310,0,0,0
113900311,1,0,1
113900312,0,0,0
113900313,0,0,0
114000001,272,342,-70
114000002,51,55,-4
114000003,18,8,10
114000004,33,6,27
114000005,28,8,20
114000006,254,313,-59
114000007,193,128,65
114000008,332,272,60
114000009,149,106,43
114000011,1339,427,912
114000012,1743,320,1423
114000013,781,410,371
114000014,56,11,45
114000015,184,19,165
114000016,11,39,-28
114000017,7,29,-22
114000018,11,22,-11
114000026,959,291,668
114000027,1385,675,710
114000028,598,1099,-501
114000038,21,5,16
114000039,0,0,0
114000040,6,43,-37
114000042,32,73,-41
114000043,45,8,37
114000044,44,8,36
114000045,0,17,-17
114000046,297,508,-211
114000047,17,28,-11
114000048,30,53,-23
114000049,626,411,215
114000050,263,379,-116
114000051,698,771,-73
114000052,556,822,-266
114000053,120,222,-102
114000054,31,303,-272
114000055,23,3,20
114000056,8,39,-31
114000057,569,691,-122
114000058,7,37,-30
114000059,0,20,-20
114000060,37,139,-102
114000061,634,1226,-592
114000062,173,367,-194
114000063,128,229,-101
114000064,415,461,-46
114000065,204,351,-147
114000066,183,242,-59
114000067,23,190,-167
114000068,74,214,-140
114000069,264,52,212
114000070,1280,622,658
114000071,95,32,63
114000072,137,17,120
114000073,0,50,-50
114000074,12,2,10
114000075,60,9,51
114000076,45,20,25
114000077,2,3,-1
114000078,19,29,-10
114000079,10,0,10
114000080,2,41,-39
114000081,5,56,-51
114000082,42,56,-14
114000083,0,0,0
114000084,71,73,-2
114000085,11,72,-61
114000086,6,44,-38
114000087,0,0,0
114000088,13,9,4
114000089,74,23,51
114000090,258,288,-30
114000091,271,242,29
114000092,115,71,44
114000093,409,188,221
114000094,163,187,-24
114000095,39,141,-102
114000096,14,76,-62
114000097,46,64,-18
114000098,165,68,97
114000099,188,31,157
114000100,1325,131,1194
114000101,264,47,217
114000102,162,56,106
114000103,40,60,-20
114000104,0,38,-38
114000105,18,18,0
114000106,187,305,-118
114000107,213,13,200
114000108,148,24,124
114000109,428,457,-29
114000110,7,42,-35
114000111,966,248,718
114000112,5,65,-60
114000113,510,117,393
114000114,4,33,-29
114000115,808,579,229
114000116,524,1571,-1047
114000117,1925,203,1722
114000118,1956,174,1782
114000119,1753,180,1573
114000120,234,200,34
114000121,0,2,-2
114000122,190,34,156
114000123,968,70,898
114000124,406,98,308
114000125,366,336,30
114000126,685,64,621
114000127,59,41,18
114000128,349,81,268
114000130,132,112,20
114000131,126,46,80
114000132,117,100,17
114000133,69,127,-58
114000134,0,0,0
114000138,0,0,0
114000139,97,107,-10
114000144,246,142,104
114000145,0,0,0
114000146,0,0,0
114000147,857,1492,-635
114000148,261,612,-351
114000149,69,133,-64
114000150,14,19,-5
114000151,104,547,-443
114000152,3,19,-16
114000153,63,428,-365
114000154,210,84,126
114000155,389,788,-399
114000156,203,326,-123
114000157,91,274,-183
114000158,122,79,43
114000159,30,58,-28
114000160,7,52,-45
114000161,203,692,-489
114000162,969,1195,-226
114000163,0,0,0
114000165,56,232,-176
114000166,107,70,37
114000167,609,335,274
114000168,30,2,28
114000169,421,536,-115
114000170,503,293,210
114000171,917,2561,-1644
114000174,3,3,0
114000176,21,0,21
114000177,35,7,28
114000178,44,39,5
114000179,335,409,-74
114000180,47,11,36
114000181,315,1783,-1468
114000182,343,173,170
114000183,215,65,150
114000184,154,112,42
114000185,718,526,192
114000189,806,62,744
114000190,2236,347,1889
114000191,54,245,-191
114000192,0,0,0
114000193,0,0,0
114000194,577,406,171
114000195,205,94,111
114000196,0,0,0
114000197,1386,3,1383
114000198,0,0,0
114000199,12,125,-113
114000200,167,88,79
114000201,31,54,-23
114000202,575,333,242
114000203,134,395,-261
114000204,0,0,0
114000205,8,101,-93
114000206,71,183,-112
114000207,94,119,-25
114000208,76,51,25
114000209,60,163,-103
114000210,39,238,-199
114000211,1210,484,726
114000212,375,523,-148
114000213,1199,407,792
114000214,4,0,4
114000215,50,6,44
114000216,553,147,406
114000217,221,64,157
114000218,43,3,40
114000219,338,66,272
114000220,0,16,-16
114000221,491,53,438
114000222,16,57,-41
114000223,431,42,389
114000224,11,92,-81
114000225,57,55,2
114000226,82,61,21
114000227,634,454,180
114000228,749,129,620
114000229,701,251,450
114000230,1518,320,1198
114000231,575,529,46
114000232,670,122,548
114000233,1392,33,1359
114000234,892,295,597
114000235,621,291,330
114000236,0,0,0
114000237,59,163,-104
114000238,10,342,-332
114000239,66,146,-80
114000240,570,523,47
114000241,54,136,-82
114000242,340,217,123
114000243,1037,626,411
114000244,295,116,179
114000245,153,135,18
114000246,0,0,0
114000247,351,245,106
114000248,778,432,346
114000249,858,369,489
114000250,215,46,169
114000251,199,9,190
114000252,39,10,29
114000253,44,24,20
114000254,0,0,0
114000255,15,111,-96
114000256,79,169,-90
114000257,23,225,-202
114000258,127,59,68
114000259,1,7,-6
114000260,0,0,0
114000261,52,14,38
114000262,0,0,0
114000263,8,2,6
114000264,245,32,213
114000265,0,0,0
114000267,0,285,-285
114000268,0,0,0
114000270,93,0,93
114000271,104,23,81
114000283,490,100,390
114000285,0,0,0
114000288,1,3,-2
114000289,337,12,325
114000293,76,8,68
114000294,34,178,-144
114000395,470,34,436
114000396,180,123,57
114000402,326,68,258
114000403,222,61,161
114000405,131,57,74
114000423,164,46,118
114000424,114,69,45
114000425,415,52,363
114000426,267,348,-81
114000427,18,4,14
114000428,19,65,-46
114000429,40,12,28
114000432,113,7,106
114000434,0,13,-13
114900001,146,66,80
114900002,56,11,45
114900003,178,60,118
114900004,28,70,-42
114900005,55,48,7
114900006,8,8,0
114900007,85,2,83
114900008,27,10,17
114900010,0,0,0
114900011,124,3,121
114900013,20,2,18
114900015,8,55,-47
114900018,16,1,15
114900020,8,3,5
114900021,60,7,53
114900022,15,9,6
114900024,3,5,-2
114900025,74,2,72
114900026,5,4,1
114900027,21,11,10
114900029,8,0,8
114900030,30,3,27
114900031,70,5,65
114900032,90,5,85
114900033,5,95,-90
114900034,0,0,0
114900035,0,14,-14
114900036,59,22,37
114900037,0,0,0
114900038,0,0,0
114900039,0,0,0
114900040,0,0,0
114900041,0,0,0
114900042,0,0,0
114900043,0,0,0
114900044,5,4,1
114900045,0,0,0
114900046,0,0,0
114900047,0,0,0
114900048,0,0,0
114900049,0,0,0
114900050,0,0,0
114900051,0,0,0
114900052,0,0,0
114900053,0,0,0
114900054,0,0,0
114900057,20,0,20
114900058,0,0,0
114900059,5,4,1
114900060,16,9,7
114900061,0,0,0
114900062,7,7,0
114900063,0,0,0
114900064,0,0,0
114900065,0,0,0
114900067,0,0,0
114900068,0,0,0
114900069,0,0,0
114900070,110,5,105
114900072,0,0,0
114900073,0,0,0
114900074,192,1,191
114900075,24,0,24
114900076,0,0,0
114900080,120,9,111
114900082,367,13,354
114900083,0,0,0
114900084,0,0,0
114900090,108,20,88
114900091,0,0,0
114900095,0,0,0
114900096,0,0,0
114900097,58,0,58
114900098,0,11,-11
114900099,15,0,15
115000001,603,648,-45
115000002,1916,2645,-729
115000003,500,334,166
115000004,2016,3450,-1434
115000005,120,132,-12
115000006,512,687,-175
115000007,49,241,-192
115000008,177,177,0
115000009,179,231,-52
115000010,138,189,-51
115000013,0,0,0
115000015,0,0,0
115000016,9,242,-233
115000019,53,226,-173
115000020,15,193,-178
115000021,0,44,-44
115000022,58,18,40
115000023,393,356,37
115000024,29,2,27
115000025,594,259,335
115000026,11,31,-20
115000027,264,102,162
115000028,2,40,-38
115000029,708,12,696
115000030,11,68,-57
115000031,689,28,661
115000032,0,0,0
115000033,71,17,54
115000034,0,0,0
115000035,554,14,540
115000036,0,0,0
115000037,296,5,291
115000038,33,253,-220
115000039,529,1019,-490
115000040,861,470,391
115000041,381,1490,-1109
115000042,275,107,168
115000043,1730,883,847
115000044,963,300,663
115000045,562,173,389
115000046,1736,965,771
115000047,1769,441,1328
115000048,344,333,11
115000049,253,720,-467
115000050,1683,588,1095
115000051,734,1878,-1144
115000052,474,365,109
115000053,1031,1776,-745
115000054,286,169,117
115000055,21,203,-182
115000056,83,87,-4
115000057,104,349,-245
115000058,45,106,-61
115000059,99,254,-155
115000061,35,66,-31
115000062,6,7,-1
115000063,11,2,9
115000064,259,9,250
115000065,1,1,0
115000067,74,4,70
115000069,45,6,39
115000070,0,44,-44
115000071,43,11,32
115000072,0,0,0
115000073,778,49,729
115000075,45,45,0
115000076,572,421,151
115000077,626,335,291
115000078,435,267,168
115000079,482,367,115
115000080,1513,397,1116
115000081,12,28,-16
115000082,2097,1429,668
115000083,585,213,372
115000084,1635,250,1385
115000085,202,161,41
115000086,610,193,417
115000087,137,419,-282
115000088,796,258,538
115000089,146,137,9
115000090,255,164,91
115000091,184,179,5
115000092,404,175,229
115000093,479,0,479
115000094,1844,2576,-732
115000095,965,2381,-1416
115000096,350,245,105
115000097,591,632,-41
115000098,734,76,658
115000099,1407,260,1147
115000100,993,216,777
115000101,22,82,-60
115000102,436,94,342
115000103,177,109,68
115000105,26,13,13
115000106,256,172,84
115000107,6,21,-15
115000108,340,334,6
115000109,1288,2316,-1028
115000110,717,693,24
115000111,97,609,-512
115000112,233,146,87
115000113,200,336,-136
115000114,258,170,88
115000116,401,487,-86
115000117,533,353,180
115000118,290,550,-260
115000119,318,243,75
115000120,77,787,-710
115000121,339,175,164
115000122,282,291,-9
115000123,157,1622,-1465
115000124,153,297,-144
115000125,83,322,-239
115000126,74,174,-100
115000127,122,32,90
115000128,43,289,-246
115000129,110,107,3
115000130,266,114,152
115000131,237,56,181
115000132,205,29,176
115000133,223,49,174
115000134,131,9,122
115000135,35,22,13
115000136,54,52,2
115000137,2,10,-8
115000138,165,66,99
115000139,25,8,17
115000140,273,87,186
115000141,39,27,12
115000142,42,13,29
115000143,731,233,498
115000144,208,9,199
115000145,35,45,-10
115000146,160,128,32
115000147,80,44,36
115000148,75,126,-51
115000149,137,183,-46
115000150,204,72,132
115000151,396,283,113
115000152,243,97,146
115000153,531,181,350
115000154,352,63,289
115000155,125,145,-20
115000156,169,384,-215
115000157,67,83,-16
115000158,82,44,38
115000159,91,82,9
115000160,166,216,-50
115000161,371,202,169
115000162,604,543,61
115000163,134,26,108
115000164,28,95,-67
115000165,158,330,-172
115000167,81,22,59
115000168,223,143,80
115000169,12,9,3
115000170,1,2,-1
115000171,137,202,-65
115000172,23,21,2
115000173,55,152,-97
115000174,30,107,-77
115000175,0,14,-14
115000176,0,23,-23
115000177,0,34,-34
115000178,0,5,-5
115000179,1,55,-54
115000180,0,6,-6
115000181,401,12,389
115000182,526,52,474
115000183,0,2,-2
115000186,160,17,143
115000187,68,17,51
115000188,227,93,134
115000189,87,19,68
115000190,261,172,89
115000191,4,30,-26
115000194,0,0,0
115000195,11,29,-18
115000196,84,6,78
115000197,81,63,18
115000198,320,24,296
115000199,111,66,45
115000200,193,42,151
115000201,22,19,3
115000206,516,3,513
115000207,0,0,0
115000208,46,15,31
115000209,351,139,212
115000210,78,62,16
115000211,12,42,-30
115000212,181,44,137
115000218,3,35,-32
115000219,25,32,-7
115000224,38,18,20
115000225,13,25,-12
115000229,63,13,50
115000230,16,158,-142
115000231,319,171,148
115000232,1163,146,1017
115000233,1,5,-4
115000234,15,28,-13
115000241,43,8,35
115000242,61,2,59
115000243,4,18,-14
115000244,21,2,19
115000246,9,3,6
115000247,0,0,0
115000248,2,0,2
115000249,0,0,0
115000250,88,6,82
115000251,82,8,74
115000252,8,30,-22
115000253,2,79,-77
115000258,135,8,127
115000259,32,9,23
115000261,12,7,5
115000262,1,6,-5
115000263,0,6,-6
115000264,2,3,-1
115000267,2,14,-12
115000268,0,0,0
115000269,29,3,26
115000270,6,6,0
115000272,3,10,-7
115000273,114,8,106
115000274,108,24,84
115000280,198,764,-566
115000281,0,0,0
115000282,254,1137,-883
115000284,17,17,0
115000296,162,3,159
115000297,12,505,-493
115000298,0,0,0
115000300,91,25,66
115000302,187,31,156
115000303,419,27,392
115000304,360,27,333
115000305,9,23,-14
115000306,33,14,19
115000307,9,9,0
115000308,1,1,0
115000310,420,156,264
115000311,905,258,647
115000313,8,28,-20
115000314,101,152,-51
115000315,5,55,-50
115000316,3,25,-22
115000317,64,36,28
115000318,645,60,585
115000319,0,11,-11
115000320,2,40,-38
115000321,111,0,111
115000322,0,14,-14
115000449,23,35,-12
115000557,0,0,0
115000558,113,34,79
115000587,166,158,8
115000588,90,67,23
115000589,1274,913,361
115000590,43,50,-7
115000591,317,276,41
115000592,48,43,5
115000593,697,340,357
115000594,42,50,-8
115000609,41,104,-63
115000617,68,430,-362
115000624,29,0,29
115000633,331,224,107
115000634,1210,361,849
115000635,338,73,265
115000638,4,56,-52
115000641,2,8,-6
115000642,154,26,128
115000643,4,0,4
115000644,5,0,5
115000646,155,197,-42
115000647,59,53,6
115000648,908,88,820
115000893,788,471,317
115000894,0,16,-16
115000895,3,6,-3
115000896,342,277,65
115000897,111,14,97
115000898,223,98,125
115000899,3,91,-88
115000900,2,111,-109
115000901,0,0,0
115000912,91,38,53
115000913,0,0,0
115000915,14,1,13
115000916,4,1,3
115000917,0,15,-15
115000918,4,296,-292
115000919,0,3,-3
115000920,0,0,0
115000921,0,0,0
115000922,111,300,-189
115000923,0,32,-32
115000925,31,20,11
115000927,0,4,-4
115000933,0,21,-21
115900001,60,0,60
115900002,1,2,-1
115900003,27,4,23
115900004,0,0,0
115900005,34,0,34
115900006,4,12,-8
115900008,18,0,18
115900009,0,2,-2
115900010,151,4,147
115900011,49,15,34
115900012,55,2,53
115900013,80,4,76
115900014,32,12,20
115900015,15,2,13
115900016,42,2,40
115900017,0,7,-7
115900018,52,5,47
115900019,1,0,1
115900020,119,23,96
115900021,113,1,112
115900022,48,1,47
115900023,0,0,0
115900025,0,5,-5
115900026,135,3,132
115900027,0,0,0
115900028,24,12,12
115900029,0,5,-5
115900030,0,0,0
115900031,0,42,-42
115900032,100,42,58
115900033,0,0,0
115900034,0,13,-13
115900035,0,0,0
115900036,0,219,-219
115900037,0,29,-29
115900038,0,0,0
115900039,14,4,10
115900041,10,102,-92
115900042,1,0,1
115900043,41,4,37
115900044,79,59,20
115900046,184,31,153
115900047,1,29,-28
115900049,30,20,10
115900051,0,0,0
115900052,0,0,0
115900053,130,15,115
115900054,143,0,143
115900055,0,0,0
115900056,30,16,14
115900057,2,0,2
115900058,0,0,0
115900060,1,7,-6
115900061,23,0,23
115900062,24,6,18
115900063,0,0,0
115900064,3,13,-10
115900065,33,4,29
115900066,3,3,0
115900067,0,6,-6
115900068,0,0,0
115900069,0,1,-1
115900070,30,0,30
115900071,0,0,0
115900072,3,28,-25
115900073,28,31,-3
115900074,0,0,0
115900075,6,5,1
115900076,0,0,0
115900077,0,0,0
115900078,20,1,19
115900079,189,1,188
115900080,31,0,31
115900081,12,9,3
115900082,26,7,19
115900084,100,1,99
115900085,0,0,0
115900086,138,33,105
115900088,0,0,0
115900089,242,14,228
115900090,90,0,90
115900091,0,0,0
115900092,0,0,0
115900093,0,0,0
115900094,0,0,0
115900096,0,0,0
115900097,0,0,0
115900098,0,0,0
115900099,3,0,3
115900100,3,8,-5
115900101,2,0,2
115900102,5,6,-1
115900103,2,0,2
115900104,7,5,2
115900105,87,3,84
115900106,0,0,0
115900107,18,8,10
115900108,0,0,0
115900109,3,62,-59
115900110,0,0,0
115900111,0,0,0
115900112,1,164,-163
115900113,0,0,0
115900114,0,0,0
115900115,0,0,0
115900116,8,87,-79
115900117,0,0,0
115900118,0,0,0
115900119,0,0,0
115900120,1,5,-4
115900121,47,18,29
115900124,25,255,-230
115900125,79,2,77
115900126,173,6,167
115900127,391,6,385
115900128,0,0,0
115900129,142,21,121
115900130,1,5,-4
115900131,81,2,79
115900132,250,0,250
115900134,130,0,130
115900135,4,134,-130
115900137,12,3,9
115900139,0,0,0
115900140,86,1,85
115900141,0,0,0
115900142,0,0,0
115900143,0,0,0
115900144,0,0,0
115900146,28,7,21
115900147,89,111,-22
115900148,1,0,1
115900149,14,0,14
115900150,44,1,43
115900151,8,5,3
115900152,1,33,-32
115900153,29,11,18
115900154,6,37,-31
115900155,0,0,0
115900156,115,102,13
115900157,28,31,-3
115900158,0,0,0
115900159,45,5,40
115900160,0,0,0
115900161,2,24,-22
115900163,39,6,33
115900164,164,0,164
115900165,0,0,0
115900166,4,1,3
115900168,0,0,0
115900171,1,58,-57
115900172,1,12,-11
115900173,82,18,64
115900174,42,33,9
115900175,112,4,108
115900178,0,8,-8
115900179,71,0,71
115900180,19,4,15
115900181,76,24,52
115900182,149,19,130
115900183,0,0,0
115900184,112,0,112
115900187,0,11,-11
115900189,0,14,-14
115900190,0,38,-38
115900191,2,76,-74
115900192,0,15,-15
115900193,23,23,0
115900194,326,2,324
115900195,66,532,-466
115900198,13,37,-24
115900199,33,10,23
115900200,15,2,13
115900201,16,39,-23
115900202,0,68,-68
115900203,13,6,7
115900204,0,0,0
115900205,41,3,38
115900206,0,0,0
115900207,0,0,0
115900208,13,2,11
115900209,2,15,-13
115900210,0,6,-6
115900211,0,17,-17
115900212,0,0,0
115900213,2,42,-40
115900214,92,9,83
115900215,2,22,-20
115900216,0,0,0
115900217,0,0,0
115900218,0,0,0
115900219,13,0,13
115900220,60,0,60
115900221,68,5,63
115900222,21,10,11
115900223,0,85,-85
115900224,12,304,-292
115900225,15,20,-5
115900226,0,0,0
115900227,0,0,0
115900228,0,0,0
115900229,0,0,0
115900230,2,2,0
115900231,0,0,0
115900232,0,0,0
115900233,0,0,0
115900234,0,0,0
115900235,0,0,0
115900236,0,0,0
115900237,0,0,0
115900238,0,0,0
115900239,0,0,0
115900240,0,0,0
115900241,0,0,0
115900242,50,136,-86
115900243,11,3,8
115900244,0,0,0
115900245,0,0,0
115900246,0,0,0
115900247,0,0,0
115900248,9,0,9
115900249,0,4,-4
115900250,1,9,-8
115900251,1,0,1
115900252,2,0,2
115900253,1,1,0
115900254,1,3,-2
115900255,0,2,-2
115900256,0,1,-1
115900257,0,0,0
115900258,0,0,0
115900259,0,0,0
115900260,0,0,0
115900261,0,0,0
115900262,0,0,0
115900263,0,0,0
115900264,0,0,0
115900265,0,0,0
115900266,0,0,0
115900267,0,0,0
115900268,0,0,0
115900269,0,0,0
115900270,53,8,45
116000001,1004,661,343
116000002,2705,10218,-7513
116000003,210,273,-63
116000004,1093,4182,-3089
116000005,95,892,-797
116000006,329,764,-435
116000007,590,514,76
116000008,1182,862,320
116000009,190,704,-514
116000010,1025,599,426
116000011,404,818,-414
116000012,822,402,420
116000013,1113,1074,39
116000014,1855,8088,-6233
116000015,35,246,-211
116000016,662,3755,-3093
116000017,26,355,-329
116000018,115,65,50
116000019,648,85,563
116000020,440,135,305
116000021,219,137,82
116000022,139,122,17
116000023,267,232,35
116000024,222,81,141
116000025,225,280,-55
116000026,502,328,174
116000027,674,655,19
116000028,679,1590,-911
116000029,147,249,-102
116000030,401,790,-389
116000031,0,0,0
116000032,80,8,72
116000033,411,67,344
116000034,2269,372,1897
116000035,86,87,-1
116000036,105,290,-185
116000037,82,257,-175
116000038,86,361,-275
116000039,34,63,-29
116000040,329,351,-22
116000041,30,120,-90
116000042,496,399,97
116000043,58,98,-40
116000045,3329,2638,691
116000046,495,249,246
116000047,520,953,-433
116000048,3610,1437,2173
116000049,2292,988,1304
116000050,850,332,518
116000051,3245,868,2377
116000052,1189,518,671
116000053,3602,691,2911
116000054,348,457,-109
116000055,291,259,32
116000056,1698,1246,452
116000057,459,82,377
116000058,446,577,-131
116000059,722,4583,-3861
116000060,218,332,-114
116000061,64,808,-744
116000062,107,62,45
116000063,275,1090,-815
116000066,48,931,-883
116000067,26,25,1
116000068,56,205,-149
116000069,183,24,159
116000078,285,554,-269
116000080,400,112,288
116000082,1,18,-17
116000083,651,133,518
116000084,763,1212,-449
116000085,526,345,181
116000086,151,169,-18
116000087,868,633,235
116000088,247,195,52
116000089,32,9,23
116000090,59,70,-11
116000091,39,33,6
116000093,329,83,246
116000094,161,29,132
116000095,333,95,238
116000096,379,718,-339
116000097,543,179,364
116000098,8,2814,-2806
116000099,839,35,804
116000100,105,2,103
116000101,473,24,449
116000102,6,43,-37
116000103,217,68,149
116000104,79,259,-180
116000105,538,7,531
116000106,308,116,192
116000107,988,13,975
116000108,2,2,0
116000111,46,37,9
116000113,52,2,50
116000114,8,29,-21
116000115,193,17,176
116000116,8,68,-60
116000117,952,453,499
116000118,339,111,228
116000119,1804,635,1169
116000120,463,236,227
116000121,428,141,287
116000122,58,84,-26
116000123,1208,126,1082
116000124,91,73,18
116000125,1507,106,1401
116000126,58,78,-20
116000127,271,89,182
116000128,952,140,812
116000129,320,24,296
116000130,288,160,128
116000133,338,41,297
116000134,436,181,255
116000135,1511,257,1254
116000136,255,254,1
116000137,514,217,297
116000138,159,223,-64
116000139,1553,1675,-122
116000140,63,167,-104
116000141,69,55,14
116000142,1617,1136,481
116000143,967,773,194
116000144,1087,824,263
116000145,2233,614,1619
116000146,187,9,178
116000147,164,130,34
116000148,188,185,3
116000149,100,79,21
116000151,216,297,-81
116000153,156,597,-441
116000155,234,480,-246
116000156,150,146,4
116000157,1,0,1
116000158,263,37,226
116000159,0,0,0
116000160,14,5,9
116000161,1,59,-58
116000162,4,123,-119
116000163,31,4,27
116000164,2,11,-9
116000177,14,5,9
116000194,22,67,-45
116000195,590,165,425
116000196,0,0,0
116000197,0,0,0
116000198,1138,1057,81
116000200,88,334,-246
116000201,319,66,253
116000202,0,14,-14
116000203,0,2,-2
116000204,0,16,-16
116000205,0,9,-9
116000206,0,5,-5
116000207,0,1,-1
116000233,0,0,0
116000287,41,10,31
116000288,188,120,68
116000292,0,0,0
116000296,0,85,-85
116000297,30,1,29
116000304,109,6,103
116000305,1,386,-385
116000346,0,0,0
116000352,0,0,0
116000354,0,0,0
116000357,0,0,0
116000358,16,5,11
116000361,2,0,2
116000372,1434,3470,-2036
116000381,26,0,26
116000388,0,0,0
116000389,60,0,60
116000445,93,12,81
116000446,524,38,486
116000447,0,78,-78
116000448,293,67,226
116000563,293,1451,-1158
116000565,4,64,-60
116000568,14,130,-116
116000579,1,12,-11
116000584,6,2,4
116000585,4,17,-13
116000586,10,62,-52
116000587,451,162,289
116000589,12,10,2
116000590,36,32,4
116000591,200,34,166
116000592,0,8,-8
116000593,0,1,-1
116000594,348,60,288
116000595,139,8,131
116000596,73,2,71
116000597,253,112,141
116000598,0,45,-45
116000602,0,0,0
116000605,40,5,35
116000606,40,48,-8
116000607,0,0,0
116000609,5,264,-259
116000611,28,38,-10
116000612,1095,1468,-373
116000613,402,123,279
116000614,30,44,-14
116000615,6,5,1
116000616,64,11,53
116000617,93,1,92
116000618,10,3,7
116000619,4,84,-80
116000620,281,122,159
116000621,78,105,-27
116000622,148,89,59
116000624,28,22,6
116900001,1,2,-1
116900002,47,0,47
116900003,0,0,0
116900004,32,23,9
116900005,22,0,22
116900006,14,61,-47
116900007,7,14,-7
116900008,115,4,111
116900009,20,2,18
116900010,0,46,-46
116900011,0,1,-1
116900012,11,37,-26
116900013,1,4,-3
116900014,0,0,0
116900015,121,3,118
116900016,135,3,132
116900017,0,52,-52
116900018,0,0,0
116900019,0,0,0
116900020,106,94,12
116900023,0,0,0
116900024,310,6,304
116900025,298,35,263
116900026,2,85,-83
116900027,0,0,0
116900028,0,0,0
116900029,0,7,-7
116900031,0,0,0
116900032,5,7,-2
116900033,0,0,0
116900034,0,0,0
116900035,29,8,21
116900036,0,9,-9
116900038,0,0,0
116900041,0,0,0
116900042,0,0,0
116900043,8,2,6
116900045,8,8,0
116900047,1,55,-54
116900049,0,0,0
116900050,27,8,19
116900051,31,1,30
116900052,10,8,2
116900055,0,3,-3
116900057,0,0,0
116900058,0,12,-12
116900059,0,1,-1
116900060,23,35,-12
116900062,1,2,-1
116900064,0,0,0
116900065,0,2,-2
116900067,13,3,10
116900068,75,23,52
116900070,8,0,8
116900072,0,0,0
116900073,0,4,-4
116900074,0,0,0
116900076,0,0,0
116900077,0,0,0
116900078,0,0,0
116900079,1,24,-23
116900080,0,0,0
116900081,19,9,10
116900082,11,48,-37
116900083,0,1,-1
116900084,3,2,1
116900085,2,1,1
116900086,1,4,-3
116900088,24,2,22
116900090,3,1,2
116900091,44,11,33
116900092,6,24,-18
116900093,71,42,29
116900094,601,835,-234
116900095,64,3,61
116900096,46,1,45
116900097,228,777,-549
116900098,9,13,-4
116900099,33,12,21
116900100,282,34,248
116900101,4,11,-7
116900103,0,0,0
116900104,1,4,-3
116900105,58,18,40
116900106,959,135,824
116900107,543,924,-381
116900110,0,0,0
116900111,489,83,406
116900112,204,88,116
116900113,171,151,20
116900116,0,9,-9
116900117,12,16,-4
116900118,90,27,63
116900120,153,13,140
116900121,70,7,63
116900122,272,25,247
116900123,92,24,68
116900124,15,8,7
116900125,22,4,18
116900126,0,157,-157
116900128,0,0,0
116900129,0,20,-20
116900130,41,571,-530
116900131,1,0,1
116900132,24,1,23
116900133,0,0,0
116900134,0,0,0
116900136,0,0,0
116900137,0,0,0
116900138,0,0,0
116900139,0,0,0
116900140,0,0,0
116900141,0,0,0
116900142,0,0,0
116900143,28,99,-71
116900144,0,0,0
116900145,0,0,0
116900147,0,0,0
116900148,0,0,0
116900149,0,3,-3
116900150,0,0,0
116900151,0,0,0
116900153,37,1,36
116900154,2,18,-16
116900155,0,0,0
116900157,96,0,96
116900158,1,13,-12
116900159,0,13,-13
116900160,118,139,-21
116900161,374,66,308
116900162,0,13,-13
116900163,52,3,49
116900164,1,3,-2
116900165,159,71,88
116900166,4,0,4
116900167,42,1,41
116900168,108,6,102
116900169,2,23,-21
116900170,180,51,129
116900171,2,10,-8
116900172,2,38,-36
116900173,26,4,22
116900174,5,10,-5
116900175,5,19,-14
116900178,0,1,-1
116900179,1,44,-43
116900180,2,0,2
116900182,233,38,195
116900183,64,23,41
116900185,37,6,31
116900186,19,13,6
116900187,0,5,-5
116900188,25,6,19
116900189,0,0,0
116900191,24,15,9
116900192,104,12,92
116900194,7,225,-218
116900195,30,0,30
116900196,9,3,6
116900197,25,1,24
116900198,11,24,-13
116900200,0,0,0
116900201,84,1,83
116900202,17,1,16
116900203,0,0,0
116900204,6,13,-7
116900206,0,0,0
116900207,3,0,3
116900208,0,18,-18
116900209,15,1,14
116900210,21,3,18
116900211,36,0,36
116900212,0,0,0
116900213,30,8,22
116900214,0,0,0
116900215,0,9,-9
116900216,7,3,4
116900218,0,18,-18
116900219,142,15,127
116900220,11,10,1
116900221,0,0,0
116900222,259,126,133
116900223,4,14,-10
116900226,75,4,71
116900227,16,1,15
116900228,86,10,76
116900230,2,16,-14
116900231,1,8,-7
116900232,0,5,-5
116900233,125,15,110
116900234,1,1,0
116900235,1,0,1
116900238,88,21,67
116900239,4,55,-51
116900240,196,97,99
116900241,0,12,-12
116900242,38,237,-199
116900243,0,1,-1
116900245,9,12,-3
116900246,4,2,2
116900247,196,1,195
116900248,17,2,15
116900249,89,0,89
116900250,54,10,44
116900251,16,75,-59
116900252,100,54,46
116900253,11,1,10
116900254,0,1,-1
116900255,0,0,0
116900256,0,0,0
116900257,0,0,0
116900258,0,0,0
116900259,6,1,5
116900260,0,0,0
116900261,3,0,3
116900262,17,0,17
116900263,0,0,0
116900264,0,0,0
116900265,20,0,20
116900266,0,0,0
116900267,0,0,0
116900268,0,22,-22
116900269,158,137,21
116900271,0,0,0
116900272,54,39,15
116900273,0,16,-16
116900274,13,1,12
116900275,0,1,-1
116900276,103,120,-17
116900277,12,0,12
116900278,0,1,-1
116900279,0,0,0
116900280,0,0,0
116900281,484,708,-224
116900282,0,1,-1
116900283,0,3,-3
116900284,0,6,-6
116900285,17,68,-51
116900286,35,0,35
116900287,0,1,-1
116900288,11,4,7
116900289,0,0,0
116900290,0,0,0
116900291,0,0,0
116900292,0,0,0
116900293,0,0,0
116900294,0,0,0
116900295,0,0,0
116900296,0,0,0
116900297,0,0,0
116900298,0,0,0
116900299,0,0,0
116900300,0,0,0
116900301,0,0,0
116900302,64,165,-101
116900303,13,0,13
116900304,0,0,0
116900305,1,0,1
116900306,114,2,112
117000001,3022,1676,1346
117000002,1619,929,690
117000003,3739,1663,2076
117000004,1090,860,230
117000005,2542,1194,1348
117000006,541,683,-142
117000007,3354,605,2749
117000008,342,740,-398
117000009,2657,632,2025
117000010,544,523,21
117000011,1356,530,826
117000012,570,228,342
117000013,1496,433,1063
117000014,416,1032,-616
117000015,733,820,-87
117000016,54,73,-19
117000017,47,92,-45
117000018,12,613,-601
117000019,9,6,3
117000020,284,1517,-1233
117000021,856,88,768
117000022,88,229,-141
117000023,21,116,-95
117000024,112,227,-115
117000025,14,145,-131
117000026,1253,1653,-400
117000027,66,131,-65
117000028,135,163,-28
117000030,162,41,121
117000032,932,599,333
117000033,779,1018,-239
117000034,219,57,162
117000036,79,62,17
117000038,148,160,-12
117000039,11,19,-8
117000040,20,130,-110
117000041,637,29,608
117000044,2,89,-87
117000045,284,106,178
117000046,123,285,-162
117000047,492,382,110
117000048,301,133,168
117000049,20,339,-319
117000050,64,314,-250
117000051,1479,24,1455
117000052,19,35,-16
117000053,342,3,339
117000054,1340,13,1327
117000055,0,250,-250
117000056,339,24,315
117000057,130,193,-63
117000060,118,58,60
117000061,1884,733,1151
117000062,123,72,51
117000063,1639,466,1173
117000064,396,191,205
117000066,298,195,103
117000067,36,376,-340
117000074,4,101,-97
117000076,12,52,-40
117000077,56,45,11
117000078,158,39,119
117000079,91,32,59
117000080,0,0,0
117000081,297,16,281
117000082,8,21,-13
117000083,53,0,53
117000084,20,0,20
117000085,202,137,65
117000086,197,69,128
117000087,0,195,-195
117000088,253,73,180
117000089,1688,134,1554
117000090,84,239,-155
117000091,1116,86,1030
117000092,140,149,-9
117000093,1707,189,1518
117000094,199,128,71
117000095,3193,141,3052
117000096,217,272,-55
117000097,1950,261,1689
117000098,300,343,-43
117000099,2986,301,2685
117000100,32,82,-50
117000101,25,47,-22
117000102,1783,288,1495
117000103,137,167,-30
117000104,1326,201,1125
117000105,122,178,-56
117000106,1676,166,1510
117000107,109,170,-61
117000108,1788,862,926
117000109,420,328,92
117000110,1728,1593,135
117000111,2506,2520,-14
117000112,1519,718,801
117000113,49,50,-1
117000114,206,44,162
117000115,37,15,22
117000116,159,19,140
117000117,440,184,256
117000118,119,66,53
117000119,63,170,-107
117000120,1,153,-152
117000121,24,283,-259
117000122,12,367,-355
117000123,214,92,122
117000124,8,11,-3
117000125,19,18,1
117000126,0,4,-4
117000127,46,43,3
117000128,12,117,-105
117000129,82,51,31
117000130,12,1,11
117000131,0,0,0
117000132,2236,49,2187
117000133,2016,6,2010
117000134,0,0,0
117000135,0,0,0
117000136,0,0,0
117000137,140,121,19
117000138,0,0,0
117000140,57,116,-59
117000141,1961,228,1733
117000181,11,10,1
117000182,359,407,-48
117000195,1,69,-68
117000196,250,119,131
117000225,2,28,-26
117000226,0,13,-13
117000276,104,1,103
117000277,0,33,-33
117000310,196,1564,-1368
117000315,31,207,-176
117000320,17,0,17
117000906,237,12,225
117000907,0,35,-35
117000908,13,203,-190
117000909,22,100,-78
117000910,253,30,223
117000911,8,87,-79
117000915,5,92,-87
117000916,10,0,10
117000917,1124,19,1105
117000918,36,108,-72
117000919,0,36,-36
117000920,2,155,-153
117000921,0,80,-80
117000922,9,3,6
117000924,288,272,16
117000926,324,52,272
117000927,177,513,-336
117000928,0,0,0
117000929,19,65,-46
117000930,5,0,5
117000931,105,140,-35
117900002,21,444,-423
117900003,0,0,0
117900005,0,4,-4
117900006,0,1,-1
117900007,67,62,5
117900008,0,6,-6
117900010,110,38,72
117900011,1,24,-23
117900012,33,10,23
117900013,0,14,-14
117900014,194,12,182
117900015,0,3,-3
117900016,179,429,-250
117900017,307,37,270
117900018,83,10,73
117900019,285,54,231
117900020,4,46,-42
117900021,19,11,8
117900022,0,0,0
117900023,47,14,33
117900024,15,4,11
117900025,0,0,0
117900026,225,23,202
117900028,1,2,-1
117900029,129,46,83
117900030,50,182,-132
117900031,27,29,-2
117900032,279,115,164
117900033,399,49,350
117900034,0,0,0
117900035,85,5,80
117900036,160,37,123
117900037,58,1,57
117900038,0,0,0
117900039,0,0,0
117900040,0,0,0
117900041,0,0,0
117900042,263,106,157
117900043,0,0,0
117900044,4,1250,-1246
117900045,71,36,35
117900048,257,9,248
117900049,100,36,64
117900050,8,72,-64
117900051,0,0,0
117900052,0,0,0
117900053,538,32,506
117900054,0,12,-12
117900055,92,20,72
117900056,1,0,1
117900057,162,237,-75
117900058,0,0,0
117900059,0,0,0
117900060,794,549,245
117900061,0,145,-145
117900063,102,61,41
117900065,71,155,-84
117900066,0,40,-40
117900067,464,36,428
117900069,319,23,296
117900070,14,63,-49
117900071,180,29,151
117900073,211,11,200
117900074,4,73,-69
117900075,46,3,43
117900076,0,0,0
117900077,48,0,48
117900078,106,170,-64
117900080,102,18,84
117900081,45,17,28
117900082,211,95,116
117900083,157,6,151
117900086,53,30,23
117900087,31,0,31
117900088,311,84,227
117900089,775,100,675
117900090,193,90,103
117900091,188,13,175
117900092,8,21,-13
117900093,59,0,59
117900094,49,24,25
117900095,139,43,96
117900096,91,17,74
117900097,10,2,8
117900098,45,1,44
117900099,128,20,108
117900100,265,0,265
117900101,295,615,-320
117900102,10,28,-18
117900103,70,0,70
117900104,0,20,-20
117900105,80,11,69
117900106,18,16,2
117900107,68,0,68
117900109,353,221,132
117900110,75,0,75
117900111,284,29,255
117900112,26,0,26
117900113,178,99,79
117900114,59,1,58
117900115,12,27,-15
117900116,290,93,197
117900117,167,60,107
117900118,73,1,72
117900119,162,1,161
117900120,266,2,264
117900121,69,1,68
117900122,112,990,-878
117900123,292,54,238
117900124,153,110,43
117900125,346,230,116
117900126,43,50,-7
117900127,148,120,28
117900128,135,56,79
117900129,74,0,74
117900130,146,2,144
117900131,0,0,0
117900132,0,0,0
117900133,0,0,0
117900134,0,0,0
117900135,0,0,0
117900136,0,0,0
117900137,0,0,0
117900138,0,0,0
117900139,1,16,-15
117900140,527,222,305
117900141,25,75,-50
117900142,6,45,-39
117900144,30,72,-42
117900145,1,45,-44
117900146,1,101,-100
117900147,51,28,23
117900148,177,839,-662
117900149,0,6,-6
117900150,22,10,12
117900151,18,11,7
117900152,0,0,0
117900153,0,101,-101
117900154,411,53,358
117900156,129,61,68
117900157,109,41,68
117900158,48,1,47
117900160,252,205,47
117900161,332,96,236
117900162,306,146,160
117900163,6,36,-30
117900165,0,2,-2
117900166,1,31,-30
117900168,58,27,31
117900169,0,6,-6
117900170,0,1,-1
117900171,1,0,1
117900172,0,1,-1
117900173,6,26,-20
117900174,5,7,-2
117900175,0,2,-2
117900176,1,4,-3
117900177,8,3,5
117900178,7,5,2
117900180,20,20,0
117900181,4,345,-341
117900182,3,23,-20
117900183,59,122,-63
117900184,26,7,19
117900185,59,1,58
117900186,45,0,45
117900187,8,1,7
117900188,58,16,42
117900189,47,4,43
117900190,2,0,2
117900191,62,0,62
117900192,191,1,190
117900193,85,11,74
117900194,0,0,0
117900195,1,2,-1
117900196,17,8,9
117900207,68,70,-2
117900208,14,4,10
117900209,56,5,51
117900210,0,0,0
117900211,0,0,0
117900212,120,9,111
117900213,3,1,2
117900214,9,2,7
117900216,0,2,-2
117900217,0,1,-1
117900218,0,0,0
117900219,0,0,0
117900220,0,100,-100
117900221,0,0,0
118000001,248,1001,-753
118000002,43,505,-462
118000003,1601,2948,-1347
118000004,656,587,69
118000005,1301,1991,-690
118000006,1343,1997,-654
118000007,3087,5073,-1986
118000008,2413,2317,96
118000009,615,1212,-597
118000010,1194,1368,-174
118000011,537,351,186
118000012,302,306,-4
118000013,282,461,-179
118000014,369,389,-20
118000016,115,43,72
118000017,603,488,115
118000018,145,68,77
118000019,656,914,-258
118000020,163,1208,-1045
118000021,59,1007,-948
118000022,710,404,306
118000023,371,299,72
118000024,478,546,-68
118000025,353,1277,-924
118000027,3040,3117,-77
118000029,172,826,-654
118000032,174,1257,-1083
118000033,1576,2156,-580
118000034,1877,1524,353
118000035,376,612,-236
118000036,189,405,-216
118000037,199,382,-183
118000038,87,179,-92
118000039,63,23,40
118000040,509,470,39
118000041,272,341,-69
118000045,64,167,-103
118000046,44,945,-901
118000047,93,749,-656
118000048,448,1224,-776
118000051,1252,1288,-36
118000052,727,1236,-509
118000053,253,752,-499
118000054,763,862,-99
118000055,233,718,-485
118000056,27,220,-193
118000057,52,131,-79
118000058,662,415,247
118000059,191,1096,-905
118000060,211,222,-11
118000061,242,270,-28
118000062,87,140,-53
118000063,63,493,-430
118000064,191,797,-606
118000065,649,269,380
118000066,252,1578,-1326
118000067,204,623,-419
118000068,182,2326,-2144
118000069,359,613,-254
118000070,693,1552,-859
118000071,331,2129,-1798
118000072,511,3084,-2573
118000073,302,909,-607
118000074,143,667,-524
118000075,202,506,-304
118000076,2853,5377,-2524
118000077,625,691,-66
118000078,1154,1420,-266
118000079,49,239,-190
118000080,126,330,-204
118000081,1060,976,84
118000082,131,716,-585
118000083,274,1080,-806
118000084,297,285,12
118000086,15,64,-49
118000087,1027,1215,-188
118000088,389,989,-600
118000089,1002,869,133
118000090,143,950,-807
118000091,207,1575,-1368
118000092,231,93,138
118000093,51,525,-474
118000096,92,306,-214
118000097,98,262,-164
118000098,147,186,-39
118000099,0,0,0
118000101,595,138,457
118000102,326,188,138
118000107,15,0,15
118000108,47,417,-370
118000110,0,0,0
118000111,0,0,0
118000112,183,0,183
118000113,0,0,0
118000114,323,6,317
118000115,15,2,13
118000116,13,0,13
118000117,190,230,-40
118000118,616,723,-107
118000119,567,583,-16
118000120,403,240,163
118000121,6,119,-113
118000122,38,61,-23
118000123,129,104,25
118000125,9,139,-130
118000126,164,373,-209
118000127,550,585,-35
118000128,2,365,-363
118000129,125,209,-84
118000130,430,844,-414
118000131,26,143,-117
118000132,1657,1379,278
118000133,441,184,257
118000135,150,357,-207
118000136,28,207,-179
118000137,82,53,29
118000138,69,57,12
118000139,131,49,82
118000140,935,5671,-4736
118000141,3576,1450,2126
118000142,1081,1080,1
118000143,3310,1608,1702
118000144,607,159,448
118000145,722,253,469
118000146,888,127,761
118000147,810,233,577
118000148,121,807,-686
118000149,340,153,187
118000150,644,69,575
118000151,544,103,441
118000153,2089,1136,953
118000154,1059,946,113
118000155,2374,1115,1259
118000156,448,912,-464
118000157,105,68,37
118000158,133,109,24
118000159,61,232,-171
118000160,705,369,336
118000161,303,158,145
118000162,535,423,112
118000163,681,894,-213
118000164,1529,1161,368
118000168,84,0,84
118000169,153,393,-240
118000170,919,1307,-388
118000171,135,210,-75
118000172,22,78,-56
118000173,449,469,-20
118000175,242,268,-26
118000176,410,339,71
118000177,291,436,-145
118000178,2,26,-24
118000179,582,703,-121
118000180,481,336,145
118000181,151,65,86
118000182,55,171,-116
118000183,79,103,-24
118000184,799,380,419
118000185,162,689,-527
118000186,71,632,-561
118000187,1084,175,909
118000188,106,1,105
118000189,49,21,28
118000190,29,0,29
118000191,26,10,16
118000192,0,61,-61
118000193,4,128,-124
118000194,674,1198,-524
118000195,70,811,-741
118000196,6,74,-68
118000197,138,472,-334
118000198,457,1077,-620
118000199,357,675,-318
118000200,0,0,0
118000201,51,245,-194
118000202,0,0,0
118000203,43,200,-157
118000204,5,49,-44
118000205,23,70,-47
118000206,150,108,42
118000207,0,25,-25
118000208,669,851,-182
118000209,1108,301,807
118000210,77,17,60
118000211,34,24,10
118000213,247,1063,-816
118000214,83,40,43
118000215,62,5,57
118000216,476,5,471
118000217,13,22,-9
118000218,6,21,-15
118000219,119,53,66
118000220,24,41,-17
118000221,26,423,-397
118000222,54,1,53
118000223,57,11,46
118000224,65,14,51
118000225,0,0,0
118000226,149,39,110
118000227,29,225,-196
118000228,0,15,-15
118000229,0,0,0
118000230,0,0,0
118000231,0,0,0
118000232,0,0,0
118000233,625,129,496
118000234,0,0,0
118000236,90,1,89
118000237,0,0,0
118000238,200,1,199
118000239,204,180,24
118000240,31,47,-16
118000241,22,2,20
118000242,0,0,0
118000243,0,0,0
118000244,8,4,4
118000246,0,0,0
118000255,24,162,-138
118000256,74,166,-92
118000259,1,4,-3
118000260,48,24,24
118000261,9,0,9
118000263,3,7,-4
118000266,29,37,-8
118000267,0,0,0
118000268,32,1,31
118000270,0,0,0
118000271,76,24,52
118000272,69,2,67
118000273,22,0,22
118000274,0,0,0
118000276,57,15,42
118000295,5,2,3
118000298,15,8,7
118000299,0,1,-1
118000301,0,0,0
118000302,34,19,15
118000311,245,11,234
118000312,7,0,7
118000313,7,12,-5
118000314,4,6,-2
118000315,0,2,-2
118000316,52,0,52
118000325,213,0,213
118000326,4,4,0
118000331,184,12,172
118000332,107,2,105
118000333,125,14,111
118000335,171,0,171
118000336,0,0,0
118000407,145,18,127
118000457,0,0,0
118000465,283,441,-158
118000480,30,2,28
118000489,2,257,-255
118000490,5,51,-46
118000492,148,28,120
118000510,0,0,0
118000514,37,19,18
118000515,51,147,-96
118000517,212,151,61
118000524,22,16,6
118000525,39,110,-71
118000530,18,102,-84
118000531,287,112,175
118000532,0,0,0
118000533,0,0,0
118000534,0,1,-1
118000535,122,26,96
118000536,14,15,-1
118000537,0,5,-5
118000538,1,13,-12
118000539,8,130,-122
118000540,28,15,13
118000541,57,13,44
118000542,29,133,-104
118000543,54,45,9
118000546,18,3,15
118000560,0,3,-3
118000562,0,0,0
118000563,735,924,-189
118000576,57,24,33
118000577,24,72,-48
118000578,17,18,-1
118000579,203,310,-107
118000595,116,48,68
118000596,0,0,0
118000597,12,24,-12
118000598,2,0,2
118000599,184,2,182
118000600,0,1,-1
118000601,0,0,0
118000602,0,0,0
118000603,0,0,0
118900001,0,0,0
118900002,26,0,26
118900003,36,0,36
118900004,20,0,20
118900005,0,0,0
118900006,0,0,0
118900007,0,0,0
118900008,172,2,170
118900009,0,0,0
118900010,0,0,0
118900011,0,0,0
118900012,34,22,12
118900013,0,0,0
118900015,0,0,0
118900016,0,0,0
118900017,0,0,0
118900018,0,0,0
118900019,0,0,0
118900020,0,0,0
118900021,26,10,16
118900022,14,1,13
118900023,0,0,0
118900024,0,0,0
118900025,0,0,0
118900026,27,1,26
118900027,0,0,0
118900028,74,24,50
118900029,0,0,0
118900030,0,0,0
118900031,5,0,5
118900032,0,0,0
118900033,0,0,0
118900034,0,0,0
118900035,19,1,18
118900036,178,22,156
118900037,0,0,0
118900038,94,1,93
118900039,0,0,0
118900040,60,31,29
118900041,0,0,0
118900042,15,1,14
118900045,2,16,-14
118900046,24,10,14
118900047,5,24,-19
118900048,0,0,0
118900049,0,0,0
118900050,0,0,0
118900051,0,0,0
118900052,0,0,0
118900053,0,0,0
118900054,14,15,-1
118900055,0,0,0
118900056,0,0,0
118900057,135,62,73
118900058,0,0,0
118900059,0,0,0
118900060,11,11,0
118900062,0,0,0
118900064,0,0,0
118900065,0,0,0
118900066,0,0,0
118900067,59,125,-66
118900068,0,0,0
118900069,13,0,13
118900071,0,0,0
118900072,0,0,0
118900073,0,0,0
118900074,0,0,0
118900075,0,0,0
118900076,0,0,0
118900077,2,0,2
118900078,0,0,0
118900079,0,0,0
118900080,0,0,0
118900081,0,0,0
118900082,7,1,6
118900083,0,0,0
118900084,0,0,0
118900085,0,0,0
118900086,0,0,0
118900087,7,1,6
118900088,0,0,0
118900089,0,0,0
118900090,0,0,0
118900091,0,0,0
118900092,0,0,0
118900093,0,0,0
118900096,0,0,0
118900097,19,39,-20
118900099,20,8,12
118900100,0,0,0
118900101,0,0,0
118900102,0,0,0
118900103,0,0,0
118900104,29,0,29
118900105,0,0,0
118900107,0,0,0
118900108,0,0,0
118900109,5,5,0
118900110,36,0,36
118900111,0,0,0
118900112,0,0,0
118900113,5,0,5
118900114,0,0,0
118900115,1,4,-3
118900116,5,10,-5
118900117,0,26,-26
118900118,15,65,-50
118900119,18,13,5
118900120,9,9,0
118900121,0,0,0
118900122,0,0,0
118900123,4,4,0
118900124,0,0,0
118900126,0,0,0
118900129,0,0,0
118900130,0,0,0
118900131,47,6,41
118900132,0,0,0
118900133,0,0,0
118900135,0,0,0
118900136,35,17,18
118900137,0,0,0
118900139,0,0,0
118900140,123,38,85
118900141,0,0,0
118900144,19,41,-22
118900145,0,0,0
118900146,39,45,-6
118900147,0,0,0
118900148,0,0,0
118900150,1,0,1
118900152,0,0,0
118900157,0,0,0
118900158,0,0,0
118900159,0,0,0
118900161,0,0,0
118900163,0,0,0
118900164,0,0,0
118900165,0,0,0
118900166,0,0,0
118900167,0,0,0
118900168,0,0,0
118900169,0,0,0
118900170,0,0,0
118900171,0,0,0
118900174,0,0,0
118900175,159,68,91
118900176,2,16,-14
118900177,0,0,0
118900178,0,0,0
118900179,0,0,0
118900181,1,1,0
118900182,0,0,0
118900183,0,0,0
118900184,0,0,0
118900185,5,0,5
118900186,15,29,-14
118900187,12,15,-3
118900188,21,10,11
118900189,0,0,0
118900190,0,0,0
118900191,0,0,0
118900192,0,0,0
118900193,3,0,3
118900195,58,0,58
118900196,0,0,0
118900197,0,0,0
118900198,0,0,0
118900199,0,0,0
118900200,0,0,0
118900201,0,0,0
118900202,0,0,0
118900203,0,0,0
118900204,0,0,0
118900205,0,0,0
118900206,0,0,0
119000001,1095,988,107
119000002,1637,991,646
119000003,805,312,493
119000004,717,1182,-465
119000005,948,1265,-317
119000006,947,673,274
119000007,1895,1626,269
119000008,648,465,183
119000009,992,2148,-1156
119000010,889,1290,-401
119000011,1170,1166,4
119000012,548,1065,-517
119000013,3484,1705,1779
119000014,945,1559,-614
119000019,68,84,-16
119000020,864,980,-116
119000021,1548,1571,-23
119000022,50,415,-365
119000023,83,147,-64
119000024,524,6676,-6152
119000025,1057,463,594
119000026,12,129,-117
119000027,29,220,-191
119000028,1331,285,1046
119000029,62,74,-12
119000030,278,655,-377
119000031,166,490,-324
119000032,155,640,-485
119000033,1091,647,444
119000034,492,201,291
119000035,2,95,-93
119000036,1008,214,794
119000037,541,337,204
119000038,28,165,-137
119000039,445,191,254
119000040,117,441,-324
119000041,232,504,-272
119000048,1421,523,898
119000049,564,261,303
119000050,536,568,-32
119000051,282,205,77
119000052,371,361,10
119000053,654,386,268
119000054,1423,516,907
119000055,2536,495,2041
119000056,1725,530,1195
119000057,729,476,253
119000058,591,613,-22
119000059,864,467,397
119000060,311,157,154
119000061,247,402,-155
119000062,370,246,124
119000063,272,231,41
119000064,223,204,19
119000065,217,303,-86
119000066,639,597,42
119000067,663,563,100
119000068,729,284,445
119000069,529,350,179
119000070,673,239,434
119000071,61,184,-123
119000072,646,367,279
119000073,1003,2234,-1231
119000074,1226,358,868
119000075,1437,810,627
119000076,43,254,-211
119000077,140,117,23
119000078,94,56,38
119000079,10,148,-138
119000080,203,24,179
119000081,128,76,52
119000082,199,9,190
119000083,178,45,133
119000084,81,111,-30
119000085,172,81,91
119000086,79,28,51
119000087,373,172,201
119000088,167,6,161
119000089,34,24,10
119000090,10,81,-71
119000091,24,94,-70
119000092,101,104,-3
119000093,1029,701,328
119000094,1634,1078,556
119000095,739,548,191
119000097,560,589,-29
119000098,565,1987,-1422
119000099,1166,406,760
119000100,1805,751,1054
119000101,869,752,117
119000102,28,126,-98
119000103,511,324,187
119000104,147,57,90
119000105,206,601,-395
119000106,128,75,53
119000107,533,334,199
119000108,75,131,-56
119000109,23,61,-38
119000110,0,0,0
119000111,1,26,-25
119000112,0,0,0
119000113,113,23,90
119000114,86,54,32
119000115,68,161,-93
119000116,17,61,-44
119000117,20,33,-13
119000118,9,0,9
119000123,207,712,-505
119000124,250,58,192
119000125,2027,228,1799
119000126,402,205,197
119000127,111,27,84
119000128,1,1,0
119000131,305,66,239
119000132,0,0,0
119000133,0,3,-3
119000134,280,217,63
119000135,62,31,31
119000136,0,0,0
119000137,22,13,9
119000138,0,0,0
119000139,10,7,3
119000140,0,0,0
119000284,175,633,-458
119000285,297,358,-61
119000286,1297,795,502
119000287,522,483,39
119000288,452,212,240
119000289,244,550,-306
119000290,234,252,-18
119000291,3,45,-42
119000293,197,196,1
119000294,107,92,15
119000295,235,91,144
119000296,27,29,-2
119000302,1106,802,304
119000303,1,42,-41
119000314,207,2517,-2310
119000315,0,5,-5
119000316,0,0,0
119000317,23,7,16
119900001,63,205,-142
119900002,27,34,-7
119900003,0,24,-24
119900004,5,0,5
119900005,0,0,0
119900006,4,48,-44
119900007,13,1,12
119900008,0,0,0
119900009,81,57,24
119900010,206,197,9
119900011,0,0,0
119900012,0,0,0
119900013,158,121,37
119900014,66,69,-3
119900015,0,0,0
119900016,0,0,0
119900017,6,1,5
119900018,146,261,-115
119900019,2,0,2
119900020,0,0,0
119900021,1,0,1
119900022,13,173,-160
119900023,47,618,-571
119900025,0,0,0
119900026,0,0,0
119900027,5,4,1
119900028,10,41,-31
119900029,0,0,0
119900030,0,0,0
119900031,18,269,-251
119900033,245,129,116
119900034,0,0,0
119900037,82,0,82
119900038,74,61,13
119900039,0,0,0
119900040,110,8,102
119900041,0,0,0
119900042,0,0,0
119900043,71,55,16
119900044,4,161,-157
119900046,0,0,0
119900047,0,0,0
119900048,2,0,2
119900049,14,0,14
119900050,136,10,126
119900051,313,1,312
119900052,0,0,0
119900053,0,0,0
119900054,75,3,72
119900055,355,62,293
119900057,0,0,0
119900058,0,0,0
119900059,19,1,18
119900060,105,14,91
119900061,181,1,180
119900062,0,0,0
119900063,0,0,0
119900064,219,25,194
119900065,63,0,63
119900066,0,0,0
119900067,0,0,0
119900068,5,0,5
119900069,14,1,13
119900070,384,3,381
119900071,343,28,315
119900072,143,7,136
119900073,135,9,126
119900074,0,0,0
119900075,197,255,-58
119900076,0,0,0
119900077,164,36,128
119900078,164,4,160
119900079,42,8,34
119900080,122,93,29
119900081,16,2,14
119900082,1076,384,692
119900083,53,35,18
119900084,0,0,0
119900085,0,0,0
119900086,1,31,-30
119900087,0,0,0
119900088,0,0,0
119900089,1,50,-49
119900090,0,0,0
119900091,14,20,-6
119900092,15,2,13
119900093,0,0,0
119900094,0,7,-7
119900095,0,0,0
119900096,0,0,0
119900097,13,1,12
119900098,0,0,0
119900099,0,0,0
119900100,99,101,-2
119900101,0,52,-52
119900102,0,0,0
119900103,0,0,0
119900104,0,0,0
119900105,26,33,-7
119900106,0,0,0
119900107,0,0,0
119900108,364,109,255
119900109,0,0,0
119900110,37,19,18
119900111,3,2,1
119900112,0,0,0
119900113,0,2,-2
119900114,27,43,-16
119900115,19,7,12
119900116,1,5,-4
119900117,13,36,-23
119900118,25,11,14
119900119,1,9,-8
119900120,22,49,-27
119900121,0,0,0
119900122,0,0,0
119900123,13,10,3
119900124,0,2,-2
119900125,0,0,0
119900126,277,71,206
119900127,71,0,71
119900128,8,2,6
119900129,0,11,-11
119900130,0,0,0
119900131,2,21,-19
119900132,8,0,8
119900133,0,0,0
119900134,27,5,22
119900135,0,0,0
119900136,0,0,0
119900138,0,0,0
119900139,0,0,0
119900140,0,10,-10
119900141,0,0,0
119900142,2,4,-2
119900143,16,78,-62
119900144,0,0,0
119900145,0,0,0
119900146,0,0,0
119900147,0,0,0
119900148,92,17,75
119900149,1,670,-669
119900150,0,0,0
119900151,151,153,-2
119900152,0,0,0
119900153,31,1,30
119900154,0,14,-14
119900155,0,0,0
119900156,13,7,6
119900157,0,0,0
119900158,69,17,52
119900159,0,78,-78
119900160,0,0,0
119900161,45,6,39
119900162,138,38,100
119900163,0,0,0
119900164,0,1,-1
119900165,0,0,0
119900166,117,20,97
119900167,0,0,0
119900168,177,22,155
119900169,0,0,0
119900170,0,0,0
119900171,18,0,18
119900172,5,16,-11
119900173,0,11,-11
119900174,0,0,0
119900175,167,25,142
119900177,0,7,-7
119900178,0,0,0
119900179,45,265,-220
119900180,98,27,71
119900181,9,7,2
119900182,11,24,-13
119900183,14,54,-40
119900184,68,135,-67
119900185,1,76,-75
119900186,0,0,0
119900187,26,40,-14
119900188,19,55,-36
119900189,0,0,0
119900190,0,0,0
119900191,10,9,1
119900192,10,8,2
119900193,75,28,47
119900194,19,10,9
119900195,1,19,-18
119900196,0,0,0
119900197,0,0,0
119900198,17,8,9
119900199,124,7,117
119900200,0,0,0
119900201,47,27,20
119900202,17,47,-30
119900203,0,0,0
119900204,82,15,67
119900205,255,36,219
119900206,0,0,0
119900208,2,0,2
119900209,105,223,-118
119900210,0,0,0
119900211,0,0,0
119900212,518,132,386
119900213,0,0,0
119900214,0,0,0
119900215,0,0,0
119900216,0,0,0
119900217,0,0,0
119900218,0,0,0
119900219,0,0,0
119900220,0,0,0
119900221,0,0,0
119900222,0,0,0
119900223,0,0,0
119900224,0,0,0
119900225,0,0,0
119900226,12,157,-145
119900227,28,38,-10
119900228,0,1,-1
119900229,0,0,0
119900230,9,0,9
119900231,77,2,75
119900232,0,0,0
119900233,6,0,6
119900234,0,0,0
119900235,0,0,0
119900236,1,2,-1
119900237,1,5,-4
119900238,0,0,0
119900240,0,0,0
119900241,0,0,0
119900242,71,0,71
119900244,36,116,-80
119900245,0,0,0
119900246,0,0,0
119900247,1,19,-18
119900248,0,0,0
119900249,7,0,7
119900253,142,200,-58
119900254,7,252,-245
119900255,1,10,-9
119900256,234,20,214
119900257,0,0,0
119900258,1,0,1
119900259,0,0,0
119900260,4,1,3
119900261,248,37,211
119900262,2,21,-19
119900263,355,72,283
119900264,0,0,0
119900265,17,0,17
119900266,0,0,0
119900267,0,4,-4
119900268,1,0,1
119900269,56,1,55
119900271,0,0,0
119900272,3,17,-14
119900275,45,6,39
119900276,32,0,32
119900277,0,0,0
119900278,0,0,0
119900279,0,0,0
119900280,150,8,142
119900281,0,0,0
119900282,0,0,0
119900283,0,11,-11
119900284,284,165,119
119900285,1,0,1
119900286,0,0,0
119900288,0,0,0
119900289,0,0,0
119900290,3,0,3
119900291,0,0,0
119900292,14,10,4
119900293,1,8,-7
119900294,3,1,2
119900295,10,5,5
119900296,105,4,101
119900297,7,2,5
119900298,4,4,0
119900299,2,0,2
119900300,6,0,6
119900301,0,0,0
119900302,0,0,0
119900303,0,0,0
119900304,0,0,0
119900305,0,0,0
119900306,0,0,0
119900307,0,0,0
119900308,0,0,0
119900309,2,37,-35
119900310,14,12,2
119900311,0,0,0
119900312,74,18,56
119900313,2,3,-1
119900314,0,0,0
119900315,488,158,330
119900318,0,0,0
119900319,35,23,12
119900320,7,32,-25
119900321,2,0,2
120000001,4782,12685,-7903
120000002,1045,551,494
120000003,570,600,-30
120000004,980,836,144
120000005,1147,526,621
120000006,440,314,126
120000007,895,500,395
120000008,380,401,-21
120000009,628,210,418
120000010,546,433,113
120000011,332,292,40
120000012,464,576,-112
120000013,995,505,490
120000014,247,589,-342
120000015,1190,960,230
120000016,3567,2151,1416
120000017,2116,1576,540
120000018,2245,5788,-3543
120000019,418,755,-337
120000020,1689,1784,-95
120000021,913,1816,-903
120000022,3625,3914,-289
120000023,936,849,87
120000024,771,839,-68
120000025,2060,753,1307
120000026,1578,1691,-113
120000027,2226,1821,405
120000028,449,241,208
120000029,285,624,-339
120000030,38,278,-240
120000031,668,1291,-623
120000032,1831,1339,492
120000033,1245,372,873
120000034,1511,377,1134
120000035,1134,320,814
120000036,1754,2386,-632
120000037,514,1578,-1064
120000038,1019,2381,-1362
120000039,27,222,-195
120000040,2,162,-160
120000041,106,190,-84
120000042,574,380,194
120000043,1945,633,1312
120000044,3917,656,3261
120000045,3170,331,2839
120000046,2131,1696,435
120000047,277,3086,-2809
120000048,2603,1990,613
120000049,1782,682,1100
120000050,1157,1115,42
120000051,680,1665,-985
120000052,1527,1006,521
120000053,458,585,-127
120000054,390,598,-208
120000055,929,777,152
120000056,2201,1008,1193
120000057,1057,266,791
120000058,365,406,-41
120000059,119,969,-850
120000061,25,102,-77
120000062,132,74,58
120000063,299,469,-170
120000064,162,231,-69
120000065,223,215,8
120000066,102,89,13
120000067,45,83,-38
120000068,68,249,-181
120000069,305,201,104
120000070,15,175,-160
120000071,281,59,222
120000072,737,154,583
120000073,471,73,398
120000074,262,14,248
120000075,751,90,661
120000076,1740,121,1619
120000077,1127,150,977
120000078,757,198,559
120000079,269,67,202
120000080,71,60,11
120000081,120,97,23
120000082,172,280,-108
120000083,14,853,-839
120000084,76,78,-2
120000085,73,69,4
120000086,18,62,-44
120000087,30,75,-45
120000088,547,310,237
120000089,981,150,831
120000090,272,190,82
120000091,673,274,399
120000092,838,150,688
120000093,334,215,119
120000094,164,468,-304
120000095,337,109,228
120000096,156,126,30
120000098,464,123,341
120000099,113,108,5
120000100,340,177,163
120000101,326,100,226
120000102,498,1124,-626
120000103,892,650,242
120000104,2006,175,1831
120000105,3505,104,3401
120000106,2284,92,2192
120000107,3591,237,3354
120000108,1290,93,1197
120000109,669,17,652
120000110,1,186,-185
120000111,2,127,-125
120000112,48,310,-262
120000113,40,322,-282
120000114,56,226,-170
120000115,89,186,-97
120000116,72,248,-176
120000117,208,208,0
120000118,1,20,-19
120000119,3,65,-62
120000120,34,44,-10
120000121,38,31,7
120000122,43,235,-192
120000123,542,2739,-2197
120000124,264,240,24
120000125,164,128,36
120000126,158,323,-165
120000127,196,213,-17
120000128,600,1025,-425
120000129,124,98,26
120000130,577,199,378
120000131,184,256,-72
120000134,70,31,39
120000135,74,325,-251
120000137,21,19,2
120000138,259,53,206
120000139,102,39,63
120000140,160,3,157
120000141,328,55,273
120000142,548,129,419
120000143,0,2,-2
120000144,55,0,55
120000145,38,0,38
120000146,362,714,-352
120000149,258,141,117
120000150,211,3452,-3241
120000151,346,132,214
120000152,803,89,714
120000153,102,73,29
120000154,128,60,68
120000155,193,142,51
120000156,170,347,-177
120000157,462,278,184
120000158,147,53,94
120000159,569,762,-193
120000160,1270,989,281
120000161,878,856,22
120000162,32,206,-174
120000163,295,131,164
120000164,146,29,117
120000165,249,76,173
120000166,779,46,733
120000167,0,0,0
120000168,0,0,0
120000169,0,0,0
120000170,0,0,0
120000171,0,0,0
120000172,0,0,0
120000173,31,0,31
120000174,1,0,1
120000175,3,0,3
120000176,0,5,-5
120000177,164,1,163
120000178,1,0,1
120000179,7,1,6
120000180,7,1,6
120000181,14,90,-76
120000182,3,104,-101
120000183,0,110,-110
120000184,16,289,-273
120000186,4,26,-22
120000187,11,28,-17
120000188,3,45,-42
120000190,14,183,-169
120000191,39,129,-90
120000192,38,4,34
120000193,33,7,26
120000195,2,0,2
120000196,5,4,1
120000197,1,2,-1
120000198,21,0,21
120000199,0,0,0
120000200,0,0,0
120000201,0,0,0
120000202,0,0,0
120000203,0,0,0
120000207,0,0,0
120000208,0,0,0
120000209,0,0,0
120000210,0,0,0
120000211,0,0,0
120000212,0,0,0
120000213,0,0,0
120000214,0,0,0
120000215,0,0,0
120000216,0,0,0
120000217,0,0,0
120000218,0,0,0
120000219,0,0,0
120000220,0,0,0
120000225,983,1,982
120000226,72,1,71
120000227,257,31,226
120000228,0,0,0
120000230,68,1,67
120000231,182,18,164
120000233,486,19,467
120000235,0,52,-52
120000236,930,1,929
120000237,1,92,-91
120000238,0,0,0
120000241,750,1613,-863
120000412,63,5,58
120000413,143,14,129
120000414,92,0,92
120000415,0,2,-2
120000416,32,0,32
120000417,0,0,0
120000418,130,0,130
120000419,0,3,-3
120000420,28,9,19
120000421,2237,1430,807
120000422,4,286,-282
120000423,0,0,0
120000424,0,0,0
120000436,36,779,-743
120000437,4,12,-8
120000438,89,141,-52
120000439,272,241,31
120000443,133,0,133
120000444,1142,104,1038
120000445,769,653,116
120000446,233,44,189
120000447,140,1,139
120000449,56,0,56
120000450,0,5,-5
120000451,81,54,27
120000452,245,2,243
120000453,0,0,0
120000454,13,28,-15
120000455,15,16,-1
120000456,87,660,-573
120000457,203,125,78
120000458,175,61,114
120000459,49,15,34
120000665,14,99,-85
120000668,9,255,-246
120000669,121,81,40
120000670,13,209,-196
120000671,482,189,293
120000672,1,77,-76
120900001,42,0,42
120900002,2,16,-14
120900003,0,0,0
120900004,1,52,-51
120900005,100,47,53
120900006,190,19,171
120900007,3,1,2
120900008,288,122,166
120900009,0,0,0
120900010,191,27,164
120900011,0,0,0
120900012,11,449,-438
120900013,0,0,0
120900014,4,25,-21
120900015,530,27,503
120900016,673,6,667
120900017,353,23,330
120900018,68,29,39
120900019,135,122,13
120900020,24,142,-118
120900021,7,0,7
120900022,0,7,-7
120900023,373,2,371
120900024,201,28,173
120900025,140,22,118
120900026,51,6,45
120900027,0,0,0
120900028,343,83,260
120900029,0,0,0
120900030,790,55,735
120900031,7,0,7
120900032,804,38,766
120900033,490,40,450
120900034,2,888,-886
120900035,91,13,78
120900037,228,1,227
120900038,0,0,0
120900039,0,0,0
120900040,0,0,0
120900041,2,1,1
120900042,232,17,215
120900043,20,17,3
120900044,8,151,-143
120900045,17,3,14
120900046,299,1,298
120900047,0,0,0
120900048,0,0,0
120900049,15,0,15
120900050,135,509,-374
120900051,159,27,132
120900052,209,3,206
120900053,161,0,161
120900054,168,15,153
120900055,289,6,283
120900056,0,0,0
120900057,0,0,0
120900058,308,1,307
120900059,95,4,91
120900060,20,2,18
120900061,39,3,36
120900062,148,13,135
120900063,0,0,0
120900064,0,0,0
120900065,8,0,8
120900066,398,0,398
120900067,76,10,66
120900068,198,0,198
120900069,0,0,0
120900071,74,5,69
120900072,0,0,0
120900073,0,0,0
120900074,163,1,162
120900076,193,0,193
120900077,393,146,247
120900078,672,106,566
120900079,202,0,202
120900080,206,8,198
120900081,585,46,539
120900082,115,2,113
120900083,156,28,128
120900084,3,1,2
120900085,0,0,0
120900086,1,236,-235
120900087,300,82,218
120900088,0,1,-1
120900089,337,1261,-924
120900090,61,4,57
120900091,41,343,-302
120900092,3,13,-10
120900093,0,0,0
120900094,30,21,9
120900095,0,0,0
120900096,0,2,-2
120900097,69,26,43
120900098,0,0,0
120900099,0,0,0
120900100,0,0,0
120900101,0,0,0
120900102,0,0,0
120900103,107,25,82
120900104,0,0,0
120900105,0,0,0
120900106,72,28,44
120900107,0,0,0
120900108,0,0,0
120900109,7,35,-28
120900110,0,0,0
120900111,7,6,1
120900112,0,0,0
120900113,2,27,-25
120900114,2,2,0
120900115,78,71,7
120900116,60,6,54
120900117,0,0,0
120900118,1,42,-41
120900119,669,268,401
120900120,8,39,-31
120900121,3,0,3
120900122,64,16,48
120900123,0,0,0
120900124,0,31,-31
120900125,0,41,-41
120900126,7,0,7
120900127,0,0,0
120900128,9,19,-10
120900129,84,1,83
120900130,8,44,-36
120900131,0,0,0
120900132,874,24,850
120900133,11,38,-27
120900134,16,17,-1
120900135,50,0,50
120900136,0,0,0
120900137,159,19,140
120900138,0,6,-6
120900139,0,0,0
120900140,0,0,0
120900141,59,36,23
120900142,0,15,-15
120900143,0,0,0
120900144,0,21,-21
120900145,5,35,-30
120900146,0,0,0
120900147,0,0,0
120900148,27,27,0
120900149,1,47,-46
120900150,0,16,-16
120900151,0,1,-1
120900152,0,0,0
120900153,0,0,0
120900154,0,11,-11
120900155,1,24,-23
120900156,32,1,31
120900157,0,0,0
120900158,2,14,-12
120900159,0,0,0
120900160,1,9,-8
120900161,0,1,-1
120900162,0,0,0
120900163,0,0,0
120900164,0,0,0
120900165,0,0,0
120900166,0,0,0
120900167,0,0,0
120900169,0,0,0
120900170,32,1178,-1146
120900171,92,8,84
120900172,0,0,0
120900173,0,0,0
120900174,0,0,0
120900175,38,16,22
120900176,0,260,-260
120900177,0,741,-741
120900178,0,205,-205
120900179,32,19,13
120900180,2,0,2
120900181,0,0,0
120900182,0,0,0
120900183,1,0,1
120900184,0,0,0
120900185,0,0,0
120900186,0,25,-25
120900187,116,73,43
120900188,2,0,2
120900189,0,0,0
120900190,55,3,52
120900191,8,0,8
120900192,694,2238,-1544
120900194,2,1,1
120900195,0,0,0
120900196,0,0,0
120900197,494,52,442
120900198,2,45,-43
120900199,1,52,-51
120900200,0,0,0
120900201,0,0,0
120900202,0,9,-9
120900203,1,21,-20
120900204,8,23,-15
120900205,9,0,9
120900206,2,8,-6
121000001,104,516,-412
121000002,473,1258,-785
121000003,420,1150,-730
121000004,446,1453,-1007
121000005,1422,2846,-1424
121000006,876,1353,-477
121000007,304,1501,-1197
121000008,784,1692,-908
121000009,908,3226,-2318
121000010,997,1515,-518
121000011,1954,3594,-1640
121000012,3135,1584,1551
121000013,2388,3569,-1181
121000014,2537,1641,896
121000015,2760,4645,-1885
121000016,1056,775,281
121000017,585,1941,-1356
121000018,717,1170,-453
121000019,2061,3178,-1117
121000020,4052,6976,-2924
121000021,336,527,-191
121000022,410,2324,-1914
121000023,933,310,623
121000024,1612,2000,-388
121000025,165,263,-98
121000026,61,143,-82
121000027,146,569,-423
121000028,93,296,-203
121000029,50,257,-207
121000030,0,3,-3
121000031,51,231,-180
121000032,1,2,-1
121000034,33,70,-37
121000035,0,16,-16
121000036,166,296,-130
121000037,160,398,-238
121000038,304,436,-132
121000039,139,39,100
121000041,111,162,-51
121000042,21,267,-246
121000043,319,393,-74
121000044,36,289,-253
121000045,83,210,-127
121000046,0,0,0
121000047,8,18,-10
121000049,505,304,201
121000050,132,1643,-1511
121000051,155,168,-13
121000052,147,954,-807
121000053,33,61,-28
121000054,0,41,-41
121000055,319,570,-251
121000056,793,618,175
121000057,1,5,-4
121000058,22,63,-41
121000059,263,1073,-810
121000060,594,724,-130
121000061,5,582,-577
121000062,348,243,105
121000063,132,813,-681
121000064,165,671,-506
121000065,112,204,-92
121000066,24,85,-61
121000067,64,27,37
121000068,167,620,-453
121000069,10,852,-842
121000070,233,330,-97
121000071,439,1019,-580
121000072,232,104,128
121000073,141,639,-498
121000074,2,80,-78
121000075,0,22,-22
121000076,26,76,-50
121000077,7,103,-96
121000078,20,37,-17
121000080,203,128,75
121000081,432,1532,-1100
121000082,4,15,-11
121000083,30,82,-52
121000084,5,4,1
121000085,12,23,-11
121000086,45,363,-318
121000087,15,303,-288
121000088,251,175,76
121000089,7,343,-336
121000090,48,136,-88
121000091,313,780,-467
121000092,10,38,-28
121000093,36,73,-37
121000094,46,78,-32
121000095,29,172,-143
121000096,492,356,136
121000097,179,656,-477
121000098,165,153,12
121000099,181,210,-29
121000100,318,175,143
121000101,54,71,-17
121000102,3,6,-3
121000103,99,41,58
121000104,7,2,5
121000105,4,2,2
121000106,69,106,-37
121000107,922,1786,-864
121000109,671,1042,-371
121000110,39,560,-521
121000114,882,1482,-600
121000115,115,83,32
121000116,75,110,-35
121000117,241,57,184
121000118,262,33,229
121000119,33,35,-2
121000120,26,338,-312
121000121,47,136,-89
121000123,44,80,-36
121000126,48,241,-193
121000127,19,78,-59
121000128,281,112,169
121000129,137,77,60
121000130,87,172,-85
121000131,78,227,-149
121000132,85,369,-284
121000135,273,812,-539
121000136,249,583,-334
121000137,12,89,-77
121000138,127,1168,-1041
121000139,0,0,0
121000141,74,11,63
121000142,18,70,-52
121000143,4,16,-12
121000144,731,790,-59
121000145,113,194,-81
121000146,216,70,146
121000147,151,63,88
121000148,181,179,2
121000149,460,523,-63
121000152,116,73,43
121000153,325,133,192
121000154,258,231,27
121000155,278,454,-176
121000156,165,223,-58
121000157,321,264,57
121000158,337,307,30
121000159,195,118,77
121000160,335,103,232
121000161,89,268,-179
121000162,142,56,86
121000165,667,2362,-1695
121000166,28,230,-202
121000168,37,65,-28
121000169,4,17,-13
121000170,64,18,46
121000171,31,41,-10
121000172,218,397,-179
121000173,759,824,-65
121000174,420,611,-191
121000175,493,186,307
121000176,216,282,-66
121000177,212,142,70
121000178,46,86,-40
121000179,10,24,-14
121000181,106,99,7
121000182,172,299,-127
121000183,18,157,-139
121000184,26,332,-306
121000185,8,800,-792
121000186,241,957,-716
121000187,122,90,32
121000188,109,31,78
121000192,184,144,40
121000193,50,70,-20
121000194,616,1095,-479
121000195,249,486,-237
121000196,100,119,-19
121000197,21,93,-72
121000198,40,167,-127
121000199,17,166,-149
121000200,304,108,196
121000201,17,127,-110
121000202,57,1,56
121000203,12,97,-85
121000204,706,46,660
121000205,121,286,-165
121000206,225,280,-55
121000207,626,380,246
121000208,0,142,-142
121000209,379,22,357
121000210,426,71,355
121000211,19,10,9
121000212,184,98,86
121000213,450,514,-64
121000214,228,1096,-868
121000215,497,232,265
121000216,90,560,-470
121000217,1291,1650,-359
121000218,45,499,-454
121000219,416,499,-83
121000220,21,5,16
121000221,5,98,-93
121000222,421,792,-371
121000223,0,0,0
121000224,215,190,25
121000225,59,769,-710
121000226,169,870,-701
121000227,6,152,-146
121000228,6,82,-76
121000229,2,15,-13
121000230,22,166,-144
121000231,856,4,852
121000232,24,7,17
121000233,173,116,57
121000234,0,24,-24
121000235,19,40,-21
121000236,0,11,-11
121000237,3,2,1
121000238,2,3,-1
121000239,88,0,88
121000240,1,22,-21
121000241,49,2,47
121000242,0,38,-38
121000243,69,2,67
121000244,1,9,-8
121000245,26,1,25
121000246,0,24,-24
121000247,11,0,11
121000248,60,23,37
121000249,2,5,-3
121000250,168,369,-201
121000251,1,67,-66
121000252,19,43,-24
121000253,36,104,-68
121000254,325,65,260
121000255,6,50,-44
121000256,94,124,-30
121000257,1,32,-31
121000258,43,112,-69
121000259,1,12,-11
121000260,2,21,-19
121000261,13,73,-60
121000262,139,124,15
121000263,384,136,248
121000271,49,977,-928
121000273,5,1,4
121000274,1,42,-41
121000275,0,4,-4
121000276,2,50,-48
121000278,4,6,-2
121000279,2,7,-5
121000280,2,28,-26
121000289,148,19,129
121000290,63,515,-452
121000294,48,17,31
121000297,191,367,-176
121000299,73,188,-115
121000300,368,111,257
121000302,1,293,-292
121000303,69,35,34
121000304,399,164,235
121000305,55,76,-21
121000306,117,157,-40
121000308,0,8,-8
121000309,8,7,1
121000310,2,2,0
121000311,0,1,-1
121000312,105,91,14
121000313,16,10,6
121000314,0,0,0
121000315,0,7,-7
121000530,561,407,154
121000531,926,515,411
121000532,1866,1907,-41
121000533,2399,1672,727
121000918,0,0,0
121000919,25,110,-85
121000938,6,2,4
121000939,8,58,-50
121000956,607,229,378
121000957,0,0,0
121000958,15,56,-41
121000959,167,100,67
121000960,304,137,167
121000961,257,1,256
121000962,35,51,-16
121000973,0,0,0
121000976,0,0,0
121000979,0,0,0
121000981,86,6,80
121000982,438,61,377
121000983,54,15,39
121000984,0,10,-10
121000985,333,91,242
121000986,185,56,129
121000987,70,142,-72
121000988,382,30,352
121001302,20,3,17
121001308,1,9,-8
121001309,77,132,-55
121001313,0,0,0
121001314,669,624,45
121001315,1855,164,1691
121900001,103,490,-387
121900002,1,1,0
121900003,0,0,0
121900004,0,0,0
121900005,12,6,6
121900006,0,0,0
121900007,224,11,213
121900008,0,0,0
121900009,0,0,0
121900010,0,0,0
121900011,5,0,5
121900012,1,0,1
121900013,0,0,0
121900014,0,0,0
121900015,1,0,1
121900016,0,0,0
121900017,0,0,0
121900018,0,0,0
121900019,0,0,0
121900020,1,1,0
121900021,145,0,145
121900022,0,0,0
121900023,0,0,0
121900024,0,0,0
121900025,0,0,0
121900026,1,0,1
121900027,0,0,0
121900028,5,0,5
121900029,0,0,0
121900030,1,3,-2
121900031,0,32,-32
121900032,0,0,0
121900033,0,0,0
121900034,0,0,0
121900035,0,0,0
121900036,0,0,0
121900037,0,0,0
121900038,0,0,0
121900039,0,0,0
121900040,0,0,0
121900041,0,0,0
121900042,0,0,0
121900043,0,0,0
121900044,0,0,0
121900045,0,0,0
121900046,0,0,0
121900047,0,0,0
121900048,0,0,0
121900050,0,0,0
121900051,0,0,0
121900052,0,0,0
121900053,1,27,-26
121900054,0,0,0
121900055,0,0,0
121900058,0,0,0
121900059,0,0,0
121900060,0,0,0
121900061,0,0,0
121900062,0,0,0
121900063,15,4,11
121900064,0,0,0
121900066,0,0,0
121900067,0,0,0
121900069,0,0,0
121900070,5,8,-3
121900071,0,0,0
121900072,0,0,0
121900073,0,0,0
121900074,8,0,8
121900075,2,5,-3
121900076,0,0,0
121900077,0,0,0
121900078,0,0,0
121900079,0,0,0
121900080,0,0,0
121900082,0,0,0
121900083,0,0,0
121900084,0,0,0
121900085,0,0,0
121900086,0,0,0
121900087,0,0,0
121900088,0,0,0
121900089,0,0,0
121900090,0,0,0
121900091,0,0,0
121900092,0,0,0
121900093,0,0,0
121900094,0,0,0
121900095,0,0,0
121900096,0,0,0
121900097,0,0,0
121900098,0,0,0
121900099,0,0,0
121900100,0,0,0
121900101,0,0,0
121900102,0,0,0
121900103,0,0,0
121900104,42,10,32
121900105,0,0,0
121900106,0,0,0
121900107,0,0,0
121900108,0,0,0
121900109,0,0,0
121900110,0,0,0
121900111,0,0,0
121900112,0,0,0
121900113,0,0,0
121900114,0,0,0
121900115,0,0,0
121900117,0,0,0
121900118,0,0,0
121900119,0,0,0
121900120,0,0,0
121900121,0,0,0
121900122,0,0,0
121900123,0,0,0
121900124,0,0,0
121900125,94,5,89
121900127,0,0,0
121900128,0,0,0
121900129,0,0,0
121900130,0,0,0
121900131,0,0,0
121900132,0,0,0
121900133,0,0,0
121900134,0,0,0
121900135,18,1,17
121900136,0,0,0
121900137,0,0,0
121900138,0,0,0
121900139,0,0,0
121900140,0,0,0
121900141,3,0,3
121900142,0,0,0
121900143,0,0,0
121900144,0,0,0
121900145,0,0,0
121900146,0,0,0
121900147,0,0,0
121900148,0,0,0
121900149,0,0,0
121900150,0,0,0
121900151,0,0,0
121900152,0,0,0
121900153,0,0,0
121900154,0,0,0
121900155,0,0,0
121900156,0,0,0
121900157,0,0,0
121900158,0,0,0
121900159,0,0,0
121900160,0,0,0
121900161,0,0,0
121900162,0,0,0
121900163,0,0,0
121900164,0,0,0
121900165,0,0,0
121900166,0,0,0
121900167,0,0,0
121900168,0,0,0
121900169,0,0,0
121900170,0,0,0
121900171,0,0,0
121900172,0,0,0
121900173,0,0,0
121900174,0,0,0
121900175,0,0,0
121900176,0,0,0
121900177,0,0,0
121900178,0,0,0
121900179,0,0,0
121900180,268,843,-575
121900182,0,0,0
121900183,0,0,0
121900184,0,0,0
121900185,0,0,0
121900186,0,0,0
121900187,0,0,0
121900188,0,0,0
121900189,0,0,0
121900190,1,0,1
121900191,1,0,1
121900192,0,0,0
121900193,0,0,0
121900194,0,0,0
121900195,0,0,0
121900196,0,0,0
121900197,0,0,0
121900198,0,0,0
121900199,0,0,0
121900200,0,0,0
121900201,0,0,0
121900202,0,0,0
121900203,0,0,0
121900204,0,0,0
121900205,0,0,0
121900206,0,0,0
121900207,0,0,0
121900208,0,0,0
121900209,0,0,0
121900210,0,0,0
121900211,0,0,0
121900212,0,0,0
121900213,0,0,0
121900214,0,0,0
121900215,0,0,0
121900216,0,0,0
121900217,0,0,0
121900218,0,0,0
121900219,2,6,-4
121900220,0,0,0
121900221,0,0,0
121900222,0,0,0
121900223,0,0,0
121900224,0,0,0
121900225,0,0,0
121900226,7,0,7
121900227,0,0,0
121900228,0,0,0
121900229,0,0,0
121900230,0,1,-1
121900231,0,6,-6
121900232,0,0,0
121900233,0,0,0
121900234,0,0,0
121900235,0,0,0
121900236,0,0,0
121900237,0,0,0
121900238,0,0,0
121900239,0,0,0
121900240,0,0,0
121900241,0,0,0
121900242,0,0,0
121900243,0,0,0
121900244,0,0,0
121900245,0,0,0
121900246,50,13,37
121900247,0,0,0
121900248,0,0,0
121900250,0,0,0
121900251,0,0,0
121900252,0,0,0
121900253,0,0,0
121900254,0,0,0
121900255,0,0,0
121900258,576,358,218
121900259,0,0,0
121900260,0,0,0
121900261,0,0,0
121900262,0,0,0
121900263,0,0,0
121900264,0,0,0
121900265,0,0,0
121900266,0,0,0
121900267,0,0,0
121900269,0,0,0
121900270,0,0,0
121900271,0,0,0
121900273,2,17,-15
121900274,64,5,59
121900276,6,1,5
121900277,0,0,0
121900278,0,0,0
121900279,0,0,0
121900280,0,0,0
121900281,0,0,0
121900284,0,0,0
121900286,55,2,53
121900287,0,3,-3
121900290,0,0,0
121900291,0,0,0
121900292,0,0,0
121900293,0,0,0
121900294,0,0,0
121900295,0,0,0
121900296,0,0,0
121900298,0,2,-2
121900299,0,0,0
121900300,9,0,9
121900301,7,0,7
121900302,0,0,0
121900303,0,0,0
121900304,0,0,0
121900305,0,0,0
121900306,0,0,0
121900307,0,0,0
121900308,0,0,0
121900309,0,0,0
121900310,0,0,0
121900311,72,1,71
121900312,30,0,30
121900313,23,0,23
121900314,0,0,0
121900315,0,0,0
121900316,0,0,0
121900317,0,0,0
121900318,0,0,0
121900319,0,0,0
121900320,0,0,0
121900321,0,0,0
121900322,0,0,0
121900323,0,0,0
121900324,0,0,0
121900325,0,0,0
121900326,0,0,0
121900327,0,0,0
121900328,0,0,0
121900329,0,0,0
121900330,0,0,0
121900331,0,0,0
121900332,0,0,0
122000001,358,740,-382
122000002,553,315,238
122000003,346,704,-358
122000004,428,496,-68
122000005,1246,2642,-1396
122000006,179,694,-515
122000007,240,658,-418
122000008,562,1035,-473
122000009,134,90,44
122000010,1909,1369,540
122000011,405,470,-65
122000012,193,465,-272
122000013,243,827,-584
122000014,586,831,-245
122000015,510,693,-183
122000016,129,506,-377
122000017,333,750,-417
122000018,352,898,-546
122000019,223,673,-450
122000020,55,116,-61
122000021,97,187,-90
122000022,118,122,-4
122000023,100,124,-24
122000024,356,436,-80
122000025,253,537,-284
122000026,411,368,43
122000027,124,324,-200
122000028,186,366,-180
122000029,82,161,-79
122000030,110,5,105
122000031,12,664,-652
122000032,222,385,-163
122000033,147,242,-95
122000034,40,87,-47
122000035,5,40,-35
122000036,55,198,-143
122000037,62,123,-61
122000038,148,216,-68
122000039,65,59,6
122000040,31,12,19
122000041,568,1177,-609
122000042,194,654,-460
122000043,65,195,-130
122000044,76,150,-74
122000045,334,160,174
122000046,305,196,109
122000047,4,23,-19
122000048,1085,2161,-1076
122000049,1829,1205,624
122000050,205,361,-156
122000051,172,816,-644
122000052,50,504,-454
122000053,125,1387,-1262
122000054,548,990,-442
122000055,2191,2449,-258
122000056,912,1305,-393
122000057,999,1118,-119
122000058,519,700,-181
122000059,427,1088,-661
122000060,42,72,-30
122000061,29,77,-48
122000062,265,50,215
122000063,46,447,-401
122000064,1598,2489,-891
122000065,1308,1183,125
122000066,275,218,57
122000067,706,2068,-1362
122000068,327,1975,-1648
122000069,70,121,-51
122000070,824,531,293
122000071,223,544,-321
122000072,15,89,-74
122000073,27,132,-105
122000074,416,636,-220
122000075,155,541,-386
122000076,307,412,-105
122000077,77,326,-249
122000078,490,574,-84
122000079,122,484,-362
122000080,53,310,-257
122000081,2,148,-146
122000082,146,307,-161
122000083,140,234,-94
122000084,67,124,-57
122000085,19,152,-133
122000086,851,2737,-1886
122000087,252,225,27
122000088,82,44,38
122000089,1070,822,248
122000090,84,195,-111
122000091,26,38,-12
122000092,3,9,-6
122000093,977,2443,-1466
122000094,1637,1690,-53
122000095,523,1460,-937
122000096,98,1125,-1027
122000098,1724,3439,-1715
122000099,93,480,-387
122000100,182,128,54
122000101,57,60,-3
122000102,54,270,-216
122000103,104,156,-52
122000104,39,102,-63
122000105,62,124,-62
122000106,119,222,-103
122000107,224,294,-70
122000108,31,63,-32
122000109,55,155,-100
122000110,30,55,-25
122000111,393,226,167
122000112,200,164,36
122000113,172,133,39
122000114,496,2602,-2106
122000115,642,1552,-910
122000116,59,188,-129
122000117,46,25,21
122000118,186,45,141
122000119,116,150,-34
122000120,123,134,-11
122000121,330,529,-199
122000122,65,312,-247
122000123,220,432,-212
122000124,115,339,-224
122000125,97,192,-95
122000126,37,233,-196
122000127,44,159,-115
122000128,91,169,-78
122000129,51,180,-129
122000130,562,409,153
122000131,92,97,-5
122000132,10,12,-2
122000133,65,65,0
122000134,174,267,-93
122000135,113,98,15
122000136,66,255,-189
122000137,256,287,-31
122000139,279,664,-385
122000140,86,287,-201
122000141,379,394,-15
122000142,38,416,-378
122000143,20,124,-104
122000144,247,122,125
122000145,138,63,75
122000146,127,256,-129
122000147,119,252,-133
122000148,189,174,15
122000149,263,74,189
122000150,345,91,254
122000151,0,0,0
122000152,0,0,0
122000153,76,170,-94
122000154,71,36,35
122000155,356,265,91
122000156,1030,1398,-368
122000157,265,769,-504
122000158,55,61,-6
122000159,199,186,13
122000160,406,279,127
122000161,174,200,-26
122000162,193,237,-44
122000163,34,21,13
122000164,2,6,-4
122000165,53,546,-493
122000166,177,184,-7
122000167,3,12,-9
122000168,72,678,-606
122000169,32,58,-26
122000170,51,193,-142
122000171,0,0,0
122000172,279,818,-539
122000173,278,915,-637
122000174,430,1267,-837
122000175,124,64,60
122000176,164,719,-555
122000177,701,1544,-843
122000178,519,398,121
122000179,322,1392,-1070
122000180,388,1131,-743
122000181,375,1591,-1216
122000182,262,249,13
122000183,128,47,81
122000184,1134,965,169
122000185,258,642,-384
122000186,144,423,-279
122000187,448,222,226
122000188,0,0,0
122000189,31,108,-77
122000190,198,339,-141
122000191,99,160,-61
122000192,152,45,107
122000193,137,298,-161
122000194,134,21,113
122000195,49,325,-276
122000196,48,94,-46
122000197,77,54,23
122000198,51,478,-427
122000199,78,104,-26
122000200,131,110,21
122000201,423,609,-186
122000202,186,500,-314
122000203,251,214,37
122000204,432,458,-26
122000205,196,187,9
122000206,460,670,-210
122000207,328,911,-583
122000208,665,390,275
122000209,334,46,288
122000210,248,385,-137
122000211,76,291,-215
122000212,220,166,54
122000213,133,324,-191
122000214,684,911,-227
122000215,1349,650,699
122000217,345,365,-20
122000218,119,112,7
122000219,254,204,50
122000220,52,290,-238
122000221,84,346,-262
122000222,47,87,-40
122000223,97,186,-89
122000225,113,106,7
122000226,19,223,-204
122000227,17,137,-120
122000228,41,68,-27
122000229,2,159,-157
122000230,2,90,-88
122000231,8,135,-127
122000232,72,80,-8
122000233,0,34,-34
122000234,94,162,-68
122000235,137,76,61
122000236,471,44,427
122000237,0,3,-3
122000238,59,89,-30
122000239,122,10,112
122000240,265,82,183
122000241,11,123,-112
122000242,18,8,10
122000243,1,0,1
122000244,0,151,-151
122000245,6,1,5
122000246,14,56,-42
122000247,41,42,-1
122000248,237,117,120
122000249,189,201,-12
122000250,269,197,72
122000251,0,0,0
122000252,35,1,34
122000253,0,0,0
122000254,71,10,61
122000255,70,186,-116
122000256,5,15,-10
122000257,6,7,-1
122000258,61,149,-88
122000259,17,375,-358
122000260,7,48,-41
122000261,18,49,-31
122000262,0,21,-21
122000263,91,2,89
122000264,524,61,463
122000265,455,113,342
122000266,653,62,591
122000267,0,24,-24
122000268,39,6,33
122000269,68,34,34
122000270,20,9,11
122000271,0,0,0
122000272,0,0,0
122000273,6,0,6
122000274,1,10,-9
122000275,0,13,-13
122000276,156,209,-53
122000277,203,470,-267
122000278,327,73,254
122000279,60,24,36
122000280,127,48,79
122000281,121,74,47
122000282,20,275,-255
122000283,13,42,-29
122000284,15,19,-4
122000285,0,0,0
122000286,0,0,0
122000287,833,388,445
122000288,74,27,47
122000291,1125,330,795
122000293,32,63,-31
122000294,47,127,-80
122000295,384,45,339
122000296,40,279,-239
122000297,564,2052,-1488
122000299,180,159,21
122000300,31,93,-62
122000301,345,986,-641
122000302,170,876,-706
122000303,299,37,262
122000304,2,25,-23
122000305,727,144,583
122000306,4,107,-103
122000307,22,24,-2
122000309,0,2,-2
122000310,0,4,-4
122000311,24,19,5
122000312,21,115,-94
122000313,16,112,-96
122000314,82,256,-174
122000315,54,4,50
122000316,235,95,140
122000317,500,85,415
122000318,160,590,-430
122000319,21,97,-76
122000320,18,94,-76
122000321,26,80,-54
122000322,415,336,79
122000323,208,237,-29
122000324,446,784,-338
122000325,219,321,-102
122000326,42,0,42
122000327,44,234,-190
122000328,63,203,-140
122000330,255,708,-453
122000332,12,541,-529
122000333,10,15,-5
122000337,139,76,63
122000338,110,34,76
122000340,22,135,-113
122000342,179,312,-133
122000343,37,91,-54
122000344,43,0,43
122000345,61,152,-91
122000346,27,2,25
122000348,156,278,-122
122000349,1,63,-62
122000351,108,36,72
122000352,7,20,-13
122000353,4,1,3
122000355,44,278,-234
122000356,63,116,-53
122000357,9,9,0
122000358,0,0,0
122000359,0,0,0
122000360,0,0,0
122000362,4,12,-8
122000364,20,16,4
122000365,0,8,-8
122000366,13,0,13
122000368,23,90,-67
122000370,0,2,-2
122000371,0,0,0
122000372,0,0,0
122000381,3,58,-55
122000382,1,47,-46
122000384,266,464,-198
122000385,38,0,38
122000386,46,655,-609
122000387,94,138,-44
122000388,129,416,-287
122000389,85,65,20
122000390,37,259,-222
122000391,2,75,-73
122000392,3,8,-5
122000393,0,25,-25
122000394,50,11,39
122000395,38,1,37
122000396,57,1,56
122000397,0,0,0
122000398,3,42,-39
122000399,16,11,5
122000400,14,107,-93
122000401,7,2,5
122000402,80,23,57
122000403,40,17,23
122000404,257,57,200
122000408,98,223,-125
122000503,0,25,-25
122000524,0,0,0
122000544,8,49,-41
122000616,0,0,0
122000640,14,51,-37
122000641,39,125,-86
122000642,237,81,156
122000643,29,122,-93
122000644,0,0,0
122000645,3,24,-21
122000651,219,542,-323
122000664,12,14,-2
122000665,102,227,-125
122000666,104,226,-122
122000673,1,33,-32
122000674,148,49,99
122000675,859,280,579
122000686,127,99,28
122000687,396,47,349
122000688,179,64,115
122000689,422,35,387
122000690,1120,56,1064
122000691,509,92,417
122000692,143,55,88
122000693,83,134,-51
122000695,16,22,-6
122000696,243,59,184
122000698,16,25,-9
122000699,41,19,22
122000701,231,46,185
122000702,78,126,-48
122000703,17,10,7
122000717,1,46,-45
122000718,18,517,-499
122000719,5,27,-22
122000720,213,29,184
122900001,0,0,0
122900002,58,447,-389
122900003,27,0,27
122900004,0,0,0
122900005,0,0,0
122900006,0,0,0
122900007,0,0,0
122900008,0,0,0
122900009,0,0,0
122900010,33,2,31
122900012,11,7,4
122900014,0,0,0
122900015,25,17,8
122900016,0,0,0
122900017,0,0,0
122900018,0,0,0
122900019,0,0,0
122900020,0,0,0
122900021,0,0,0
122900022,0,0,0
122900023,0,0,0
122900024,0,0,0
122900025,0,0,0
122900026,0,0,0
122900027,0,85,-85
122900028,0,1,-1
122900029,0,0,0
122900030,0,0,0
122900031,1,6,-5
122900032,0,0,0
122900033,32,31,1
122900034,16,33,-17
122900035,28,4,24
122900036,0,0,0
122900037,0,0,0
122900038,11,100,-89
122900039,2,18,-16
122900040,3,12,-9
122900041,2,31,-29
122900042,4,13,-9
122900043,18,46,-28
122900044,1,15,-14
122900045,0,89,-89
122900046,5,66,-61
122900047,1,6,-5
122900048,0,1,-1
122900049,0,0,0
122900051,0,0,0
122900052,59,2,57
122900053,3,7,-4
122900055,4,0,4
122900057,5,0,5
122900061,0,0,0
122900062,0,0,0
122900063,0,0,0
122900064,0,0,0
122900065,0,0,0
122900066,0,0,0
122900067,1,2,-1
122900068,0,0,0
122900069,0,0,0
122900070,100,5,95
122900071,0,0,0
122900072,12,0,12
122900073,0,0,0
122900074,240,2,238
122900075,0,0,0
122900076,0,0,0
122900077,0,0,0
122900078,102,3,99
122900080,0,0,0
122900081,3,0,3
122900082,351,0,351
122900083,0,0,0
122900084,0,0,0
122900086,0,0,0
122900087,24,0,24
122900088,0,0,0
122900089,0,0,0
122900090,0,0,0
122900091,0,0,0
122900092,0,0,0
122900093,0,0,0
122900094,0,0,0
122900095,0,0,0
122900096,32,0,32
122900097,0,0,0
122900098,0,0,0
122900099,0,0,0
122900100,0,0,0
122900101,0,0,0
123000001,605,124,481
123000002,779,2326,-1547
123000003,1260,1158,102
123000004,967,1345,-378
123000005,1364,958,406
123000006,843,1172,-329
123000007,761,737,24
123000008,297,380,-83
123000009,1815,1777,38
123000010,456,444,12
123000011,757,726,31
123000012,4,37,-33
123000013,1056,244,812
123000014,12,181,-169
123000015,1338,451,887
123000016,84,236,-152
123000017,3425,1615,1810
123000018,92,51,41
123000019,261,2,259
123000020,140,2,138
123000021,116,61,55
123000022,638,257,381
123000023,1414,887,527
123000024,628,337,291
123000025,1,112,-111
123000026,0,96,-96
123000027,3,162,-159
123000028,78,1723,-1645
123000029,4,366,-362
123000030,26,16,10
123000031,370,98,272
123000032,442,72,370
123000033,57,36,21
123000034,512,420,92
123000035,126,284,-158
123000036,100,686,-586
123000037,17,35,-18
123000038,24,147,-123
123000039,384,967,-583
123000040,39,36,3
123000041,199,716,-517
123000042,24,80,-56
123000043,1053,3922,-2869
123000044,819,523,296
123000045,338,234,104
123000046,145,554,-409
123000047,263,73,190
123000048,39,585,-546
123000049,3244,2770,474
123000050,396,471,-75
123000051,8,55,-47
123000052,239,700,-461
123000053,1119,1250,-131
123000054,332,1343,-1011
123000055,1572,2659,-1087
123000056,78,250,-172
123000057,613,1023,-410
123000058,74,321,-247
123000059,70,90,-20
123000060,275,148,127
123000061,53,120,-67
123000063,134,146,-12
123000064,200,48,152
123000065,533,689,-156
123000066,166,86,80
123000067,283,228,55
123000068,460,466,-6
123000069,1184,292,892
123000070,93,63,30
123000071,602,225,377
123000072,182,31,151
123000073,558,402,156
123000074,164,36,128
123000075,94,595,-501
123000076,92,192,-100
123000077,463,205,258
123000078,957,415,542
123000079,1218,594,624
123000080,567,124,443
123000081,20,43,-23
123000082,117,117,0
123000083,193,82,111
123000084,179,26,153
123000085,118,12,106
123000086,267,42,225
123000087,98,93,5
123000088,523,109,414
123000089,558,278,280
123000090,0,0,0
123000091,399,270,129
123000092,0,0,0
123000094,240,25,215
123000095,238,178,60
123000096,471,92,379
123000097,279,43,236
123000098,214,129,85
123000099,205,154,51
123000100,114,581,-467
123000101,211,51,160
123000102,393,852,-459
123000104,38,123,-85
123000105,11,20,-9
123000106,193,128,65
123000107,8,2,6
123000108,261,70,191
123000111,264,41,223
123000112,233,83,150
123000113,191,49,142
123000114,97,191,-94
123000115,63,50,13
123000116,4,3,1
123000117,462,405,57
123000118,155,159,-4
123000119,53,109,-56
123000120,77,137,-60
123000121,235,143,92
123000122,0,0,0
123000123,303,125,178
123000124,0,0,0
123000125,554,409,145
123000126,418,1446,-1028
123000127,79,215,-136
123000128,0,0,0
123000129,375,17,358
123000130,248,23,225
123000131,560,200,360
123000132,0,0,0
123000133,0,0,0
123000134,21,5,16
123000135,355,200,155
123000136,0,0,0
123000137,0,0,0
123000138,0,1,-1
123000139,248,29,219
123000140,0,0,0
123000141,100,39,61
123000142,164,43,121
123000143,117,196,-79
123000144,1,8,-7
123000145,43,216,-173
123000146,5,111,-106
123000147,1,41,-40
123000149,55,82,-27
123000150,28,50,-22
123000151,22,282,-260
123000152,10,10,0
123000153,5,252,-247
123000154,116,333,-217
123000155,210,305,-95
123000156,2,1,1
123000157,35,84,-49
123000158,227,232,-5
123000159,323,1409,-1086
123000160,137,396,-259
123000161,505,170,335
123000162,480,699,-219
123000163,331,114,217
123000164,878,57,821
123000165,31,232,-201
123000166,0,1,-1
123000167,9,20,-11
123000168,46,8,38
123000169,401,28,373
123000170,6,0,6
123000171,308,0,308
123000172,3,45,-42
123000173,178,74,104
123000174,252,107,145
123000175,8,45,-37
123000176,358,44,314
123000177,14,46,-32
123000178,246,59,187
123000179,6,35,-29
123000180,874,159,715
123000181,47,204,-157
123000182,34,40,-6
123000183,88,122,-34
123000184,20,37,-17
123000185,494,170,324
123000186,0,0,0
123000187,444,5,439
123000188,223,1,222
123000189,175,105,70
123000190,69,29,40
123000192,0,83,-83
123000193,4,127,-123
123000194,12,41,-29
123000195,161,8,153
123000196,127,2,125
123000197,32,25,7
123000198,0,38,-38
123000199,0,15,-15
123000200,551,10,541
123000201,745,17,728
123000202,1,31,-30
123000203,720,16,704
123000204,17,99,-82
123000205,26,126,-100
123000206,1761,95,1666
123000207,10,93,-83
123000208,323,39,284
123000209,1116,179,937
123000210,35,121,-86
123000211,72,272,-200
123000212,1883,114,1769
123000213,243,12,231
123000215,81,79,2
123000216,72,334,-262
123000217,120,62,58
123000218,6,12,-6
123000219,170,43,127
123000220,282,44,238
123000221,29,40,-11
123000222,198,121,77
123000223,378,76,302
123000224,176,81,95
123000225,125,14,111
123000226,64,11,53
123000227,53,3,50
123000228,137,12,125
123000229,142,66,76
123000232,2,18,-16
123000233,376,22,354
123000234,0,26,-26
123000235,378,123,255
123000236,56,74,-18
123000237,237,24,213
123000238,3,2,1
123000239,93,94,-1
123000240,32,216,-184
123000241,104,33,71
123000242,31,95,-64
123000243,51,105,-54
123000244,58,56,2
123000245,0,0,0
123000249,0,0,0
123000252,309,155,154
123000253,483,249,234
123000254,157,101,56
123000255,167,363,-196
123000256,0,2,-2
123000257,348,255,93
123000258,305,135,170
123000259,217,184,33
123000260,248,141,107
123000261,106,17,89
123000262,12,19,-7
123000263,151,28,123
123000264,90,18,72
123000265,1,17,-16
123000266,108,153,-45
123000267,183,182,1
123000268,24,11,13
123000269,13,62,-49
123000270,30,20,10
123000271,2,17,-15
123000272,307,99,208
123000273,135,526,-391
123000274,461,212,249
123000275,15,100,-85
123000278,215,805,-590
123000279,44,15,29
123000280,71,74,-3
123000281,99,40,59
123000282,27,197,-170
123000283,79,84,-5
123000284,85,15,70
123000286,30,305,-275
123000287,62,152,-90
123000288,389,417,-28
123000289,73,421,-348
123000291,17,7,10
123000294,71,284,-213
123000295,372,955,-583
123000296,385,709,-324
123000297,53,59,-6
123000298,9,68,-59
123000299,7,221,-214
123000300,320,149,171
123000301,24,114,-90
123000302,114,60,54
123000303,10,447,-437
123000305,142,229,-87
123000306,29,5,24
123000309,5,21,-16
123000310,51,11,40
123000311,0,0,0
123000312,23,126,-103
123000313,199,67,132
123000315,340,57,283
123000316,218,5,213
123000317,62,37,25
123000318,1,66,-65
123000329,3,5,-2
123000337,140,91,49
123000338,378,148,230
123000339,48,4,44
123000340,7,85,-78
123000342,0,12,-12
123000343,25,0,25
123000344,298,107,191
123000345,152,147,5
123000346,425,38,387
123000352,51,80,-29
123000353,25,29,-4
123000354,564,5,559
123000355,0,62,-62
123000356,175,7,168
123000357,0,8,-8
123000359,0,12,-12
123000360,135,202,-67
123000361,77,6,71
123000362,195,14,181
123000363,32,3,29
123000364,152,79,73
123000365,0,20,-20
123000366,25,381,-356
123000367,31,214,-183
123000370,0,1,-1
123000371,211,11,200
123000372,176,2,174
123000373,0,4,-4
123000374,0,0,0
123000375,315,30,285
123000376,304,347,-43
123000377,309,2,307
123000378,3,16,-13
123000379,0,31,-31
123000380,0,0,0
123000381,30,65,-35
123000382,192,34,158
123000383,0,0,0
123000384,160,28,132
123000385,0,0,0
123000436,31,246,-215
123000507,9,89,-80
123000508,57,868,-811
123000517,29,2,27
123000518,7,64,-57
123000519,30,3,27
123000520,10,190,-180
123000521,178,22,156
123000522,74,120,-46
123000541,7,6,1
123000542,0,0,0
123000565,240,4,236
123000566,140,95,45
123000567,35,63,-28
123000573,0,0,0
123000574,370,20,350
123000575,632,29,603
123000576,170,3,167
123000577,3,38,-35
123000578,98,37,61
123000579,522,1760,-1238
123000580,38,10,28
123000582,220,2,218
123000583,0,6,-6
123000584,96,69,27
123000585,0,0,0
123000586,58,17,41
123000596,22,22,0
123000597,100,71,29
123000602,30,6,24
123000603,498,39,459
123000604,143,8,135
123000605,162,82,80
123000606,0,0,0
123000609,4,46,-42
123000610,47,74,-27
123000613,0,0,0
123000614,187,2,185
123000615,0,0,0
123000616,229,1,228
123000617,0,0,0
123000618,0,0,0
123000619,39,9,30
123000620,0,0,0
123000622,179,7,172
123000624,52,1,51
123000630,808,142,666
123000631,57,26,31
123000632,144,28,116
123000633,0,70,-70
123000634,4,48,-44
123000635,0,0,0
123000636,4,53,-49
123000637,16,6,10
123000638,58,67,-9
123000639,400,1090,-690
123000640,3,0,3
123900001,0,0,0
123900002,0,0,0
123900003,0,0,0
123900005,0,0,0
123900006,0,0,0
124000001,691,95,596
124000002,1,234,-233
124000003,562,68,494
124000004,0,63,-63
124000005,612,305,307
124000006,17,54,-37
124000007,59,37,22
124000008,1,126,-125
124000009,369,80,289
124000010,7,115,-108
124000011,405,166,239
124000012,9,104,-95
124000017,88,32,56
124000018,0,0,0
124000019,94,34,60
124000020,0,0,0
124000021,48,41,7
124000022,0,0,0
124000023,383,835,-452
124000024,240,72,168
124000025,460,869,-409
124000026,352,840,-488
124000027,2188,1259,929
124000028,70,2718,-2648
124000030,427,132,295
124000031,395,2449,-2054
124000032,2,82,-80
124000033,163,90,73
124000034,48,133,-85
124000035,4,68,-64
124000036,0,78,-78
124000037,54,232,-178
124000038,0,7,-7
124000039,73,11,62
124000040,58,88,-30
124000041,208,11,197
124000042,0,16,-16
124000043,86,14,72
124000044,2,6,-4
124000045,378,87,291
124000046,0,0,0
124000047,546,105,441
124000048,0,0,0
124000049,838,103,735
124000050,0,0,0
124000051,769,88,681
124000052,0,0,0
124000053,247,748,-501
124000054,0,0,0
124000055,758,820,-62
124000056,1,0,1
124000057,715,230,485
124000058,0,0,0
124000059,768,526,242
124000060,245,37,208
124000061,676,1472,-796
124000062,189,75,114
124000063,456,53,403
124000064,222,86,136
124000065,0,0,0
124000066,12,0,12
124000067,22,23,-1
124000068,0,0,0
124000069,196,14,182
124000070,0,0,0
124000071,47,21,26
124000072,0,0,0
124000073,361,51,310
124000074,0,0,0
124000075,288,50,238
124000076,0,0,0
124000077,42,66,-24
124000078,348,242,106
124000079,8,81,-73
124000080,183,51,132
124000081,0,0,0
124000082,8,72,-64
124000083,0,0,0
124000084,0,107,-107
124000085,0,0,0
124000086,42,194,-152
124000087,7,50,-43
124000088,10,114,-104
124000089,327,7,320
124000090,0,0,0
124000091,190,9,181
124000092,0,0,0
124000093,51,109,-58
124000094,26,181,-155
124000095,86,9,77
124000096,42,86,-44
124000097,135,14,121
124000098,15,21,-6
124000099,13,9,4
124000100,0,0,0
124000101,131,36,95
124000102,113,24,89
124000103,158,52,106
124000104,57,25,32
124000105,157,50,107
124000106,54,62,-8
124000107,20,241,-221
124000108,46,16,30
124000109,94,12,82
124000110,56,8,48
124000111,118,29,89
124000112,293,143,150
124000113,115,72,43
124000114,155,115,40
124000115,311,377,-66
124000116,51,49,2
124000117,77,14,63
124000118,10,25,-15
124000119,156,155,1
124000120,190,66,124
124000121,391,138,253
124000122,115,261,-146
124000123,328,126,202
124000124,49,158,-109
124000125,196,92,104
124000126,60,72,-12
124000127,695,43,652
124000128,207,222,-15
124000129,994,497,497
124000130,128,27,101
124000131,352,194,158
124000132,188,87,101
124000133,497,225,272
124000134,174,143,31
124000135,639,497,142
124000136,29,92,-63
124000137,335,211,124
124000138,116,93,23
124000139,106,15,91
124000140,0,74,-74
124000141,2,13,-11
124000142,0,137,-137
124000143,9,0,9
124000144,0,59,-59
124000145,42,3,39
124000146,0,3,-3
124000148,28,20,8
124000149,281,76,205
124000150,32,91,-59
124000151,232,242,-10
124000152,83,49,34
124000153,238,478,-240
124000154,29,96,-67
124000155,255,136,119
124000156,87,124,-37
124000169,120,109,11
124000170,74,115,-41
124000171,110,99,11
124000172,80,105,-25
124000173,230,30,200
124000174,115,101,14
124000175,0,0,0
124000176,7,66,-59
124000177,0,0,0
124000178,5,87,-82
124000190,1,1,0
124000191,0,0,0
124000192,232,182,50
124000193,51,224,-173
124000194,58,49,9
124000195,135,206,-71
124000196,128,94,34
124000197,83,21,62
124000198,65,14,51
124000201,6,0,6
124000202,255,32,223
124000203,68,0,68
124000204,614,3,611
124000205,41,0,41
124000206,668,104,564
124000207,0,0,0
124000209,70,3,67
124000210,562,123,439
124000211,599,24,575
124000212,0,0,0
124000213,65,2,63
124000214,304,5,299
124000215,296,3,293
124000216,0,0,0
124000329,2,49,-47
124000338,0,94,-94
124000339,731,3,728
124000341,491,7,484
124000344,56,18,38
124000357,643,944,-301
124000358,703,926,-223
124000359,777,360,417
124000360,476,212,264
124000361,712,499,213
124000362,342,363,-21
124000363,135,32,103
124000364,168,171,-3
124000365,5,43,-38
124000366,28,168,-140
124000367,10,30,-20
124000368,87,304,-217
124000369,48,46,2
124000370,5,104,-99
124000402,0,4,-4
124000403,133,5,128
124000404,5,16,-11
124000405,531,132,399
124000406,170,163,7
124000407,1,18,-17
124000411,0,14,-14
124000412,134,0,134
124000413,3,32,-29
124000414,110,65,45
124000415,72,13,59
124000416,97,60,37
124000417,125,63,62
124000418,116,27,89
124000419,68,6,62
124000420,83,15,68
124000421,58,2,56
124000422,0,8,-8
124000423,44,6,38
124000424,0,3,-3
124000425,27,4,23
124000426,0,17,-17
124000427,18,0,18
124000428,0,16,-16
124000429,83,49,34
124000430,94,65,29
124000431,16,26,-10
124000432,159,305,-146
124000439,3,2,1
124000442,0,0,0
124000443,0,0,0
124000445,6,123,-117
124000446,0,0,0
124900001,0,0,0
124900002,0,0,0
124900003,0,0,0
124900004,0,0,0
124900005,0,0,0
124900006,0,0,0
124900008,0,0,0
124900009,0,0,0
124900010,0,0,0
124900011,0,0,0
124900012,0,0,0
124900013,0,0,0
124900014,0,0,0
124900015,5,66,-61
124900016,18,3,15
124900017,74,152,-78
124900018,3,0,3
124900019,43,1,42
124900020,19,22,-3
124900021,50,17,33
124900022,10,0,10
124900024,77,0,77
124900026,15,0,15
124900027,0,0,0
124900028,0,0,0
124900029,0,0,0
124900030,0,0,0
124900031,0,0,0
124900032,0,0,0
124900033,0,0,0
124900034,0,0,0
124900035,0,0,0
124900036,0,0,0
124900037,0,0,0
124900038,0,0,0
124900039,0,0,0
124900040,0,0,0
124900041,0,0,0
124900042,0,0,0
124900043,0,0,0
124900044,0,0,0
124900045,0,0,0
124900046,0,0,0
124900047,0,0,0
124900048,0,0,0
124900050,0,0,0
124900052,0,0,0
124900053,0,0,0
124900054,0,0,0
124900055,0,0,0
124900057,0,0,0
124900060,0,0,0
124900061,3,0,3
124900062,13,1,12
124900066,0,0,0
124900067,0,0,0
124900068,0,0,0
124900069,0,0,0
124900070,0,0,0
124900072,0,0,0
124900074,1,0,1
124900075,0,0,0
124900076,0,0,0
124900077,0,0,0
124900078,0,0,0
124900079,0,0,0
124900080,0,0,0
124900081,0,0,0
124900082,0,0,0
124900083,0,0,0
124900084,0,0,0
124900085,0,0,0
124900086,0,0,0
124900087,0,0,0
124900088,0,0,0
124900089,0,0,0
124900090,32,1,31
124900091,0,0,0
124900092,0,0,0
124900093,56,8,48
124900094,80,3,77
124900095,0,5,-5
124900096,36,4,32
124900097,89,3,86
124900098,0,0,0
124900099,0,0,0
124900100,40,2,38
124900101,3,0,3
124900102,87,0,87
124900103,0,0,0
124900104,0,0,0
124900105,0,0,0
124900106,22,19,3
124900107,25,7,18
124900108,0,0,0
124900109,0,0,0
124900110,0,0,0
124900111,0,0,0
124900112,0,0,0
129000186,4,41,-37
204000001,26,0,26
204000002,5,1,4
204000003,3,4,-1
204000004,22,1,21
204000005,535,587,-52
204000006,1039,1592,-553
204000008,644,181,463
204000011,0,0,0
204000012,0,0,0
204000013,0,0,0
204000019,1102,383,719
204000020,381,307,74
204000021,409,301,108
204000022,784,337,447
204000023,0,0,0
204000031,2,11,-9
204000032,146,1,145
204000034,0,0,0
204000035,0,0,0
204000036,0,0,0
204000037,0,0,0
204000038,0,0,0
204000039,0,0,0
204000040,0,0,0
204000041,0,0,0
204000042,6,5,1
204000043,5,29,-24
204000044,22,5,17
204000045,22,6,16
204000046,1,0,1
204000057,0,0,0
204000062,0,0,0
204000068,0,0,0
204000069,0,0,0
204000070,86,111,-25
204000080,0,0,0
204000085,0,0,0
204000086,0,0,0
204000087,21,8,13
204000088,0,0,0
204000090,0,0,0
204000093,389,16,373
204000096,604,331,273
204000097,180,4,176
204000099,931,1278,-347
204000100,993,502,491
204000105,0,0,0
204000110,0,0,0
204000111,0,0,0
204000112,0,0,0
204000113,0,0,0
204000114,291,527,-236
204000115,232,140,92
204000116,164,249,-85
204000119,1871,783,1088
204000132,587,302,285
204000133,871,69,802
204000134,139,60,79
204000135,479,22,457
204000136,349,146,203
204000138,192,429,-237
204000140,149,219,-70
204000141,180,58,122
204000144,0,11,-11
204000145,88,10,78
204000146,0,0,0
204000147,0,0,0
204000148,114,2,112
204000154,3,3,0
204000155,0,0,0
204000177,66,7,59
204000179,6,0,6
204000180,0,0,0
204000222,0,0,0
204000235,0,0,0
204000236,13,13,0
204000238,13,0,13
204000240,34,4,30
204000308,36,0,36
204000317,0,0,0
204000322,0,0,0
204000323,0,0,0
204000328,215,15,200
204000329,0,0,0
204000330,33,3,30
204000331,0,0,0
204010341,5,20,-15
205000001,0,0,0
205000013,0,0,0
205000014,0,0,0
205000015,0,0,0
205000016,0,0,0
205000017,0,0,0
205000022,0,0,0
205000025,0,0,0
205000029,96,22,74
205000045,0,0,0
205000047,0,0,0
205000048,0,0,0
205000049,0,0,0
205000050,0,0,0
205000059,0,0,0
205000060,0,0,0
205000061,0,0,0
205000062,0,0,0
205000063,0,0,0
205000064,0,0,0
205000065,0,0,0
205000066,0,0,0
205000067,0,0,0
205000069,64,44,20
205000082,57,67,-10
205000110,0,0,0
205000111,0,0,0
205000112,71,97,-26
205000113,0,0,0
205000121,80,37,43
205000123,0,0,0
205000126,750,87,663
205000127,833,52,781
205000128,418,29,389
205000129,497,60,437
205000130,59,22,37
205000131,45,9,36
205000132,23,4,19
205000133,20,0,20
205000134,153,0,153
205000137,0,0,0
205000138,0,0,0
205000139,0,0,0
205000144,19,43,-24
205000145,121,53,68
205000151,29,27,2
205000152,54,18,36
205000153,169,20,149
205000154,33,17,16
205000155,65,6,59
205000207,0,0,0
205000233,16,19,-3
205000234,0,0,0
205000243,0,0,0
205000244,0,0,0
205000245,0,0,0
205000249,0,0,0
205000250,1,0,1
205000251,0,0,0
205000264,0,0,0
206000027,7,4,3
206000028,23,5,18
206000043,1,52,-51
206000053,0,0,0
206000054,0,0,0
206000055,0,0,0
206000075,3,19,-16
206000076,3,4,-1
206000077,25,2,23
206000078,0,4,-4
206000079,4,1,3
206000082,103,76,27
206000100,1,172,-171
206000103,0,0,0
206000104,0,0,0
206000105,0,0,0
206000106,0,0,0
206000108,303,87,216
206000125,88,0,88
206000157,0,0,0
206000170,0,0,0
206000171,0,30,-30
206000172,2,22,-20
206000173,0,4,-4
206000174,9,2,7
206000175,0,8,-8
206000176,2,27,-25
206000177,0,17,-17
206000178,0,18,-18
206000179,0,20,-20
206000180,0,24,-24
206000181,0,10,-10
206000182,7,19,-12
206000183,17,69,-52
206000184,0,0,0
206000185,0,0,0
206000186,1,21,-20
206000223,0,0,0
206000226,24,2,22
206000227,12,6,6
206000237,0,6,-6
206000238,0,10,-10
206000239,7,87,-80
206000240,0,0,0
206000241,0,66,-66
206000242,0,0,0
206000243,0,0,0
206000244,0,1,-1
206000245,572,29,543
206000246,202,32,170
206000247,200,15,185
206000248,317,4,313
206000252,34,51,-17
206000258,0,0,0
206000315,43,0,43
206000317,274,82,192
206000318,158,20,138
206000319,717,38,679
206000320,297,10,287
206000321,306,16,290
206000322,334,22,312
206000323,163,18,145
206000324,153,6,147
206000325,107,6,101
206000326,147,22,125
206000327,3,13,-10
206000328,122,0,122
206000329,211,1,210
206000330,48,1,47
206000331,195,0,195
206000332,52,0,52
206000333,530,1,529
206000334,268,0,268
206000335,0,0,0
206000361,0,0,0
206000392,0,0,0
206000405,137,0,137
206000441,25,84,-59
206000498,6,0,6
206000515,64,24,40
206000530,125,46,79
206000531,102,72,30
206000532,330,53,277
206000535,3,171,-168
206000536,0,14,-14
206000537,0,5,-5
206000613,509,109,400
207000001,0,0,0
207000002,0,0,0
207000003,0,0,0
207000007,968,181,787
207000008,120,0,120
207000009,81,6,75
207000010,45,134,-89
207000012,348,103,245
207000015,27,140,-113
207000019,148,20,128
207000021,239,125,114
207000022,163,79,84
207000023,151,38,113
207000024,0,14,-14
207000025,21,30,-9
207000026,0,0,0
207000027,0,0,0
207000028,0,0,0
207000029,0,0,0
207000033,70,268,-198
207000034,101,80,21
207000039,478,52,426
207000040,276,59,217
207000041,189,18,171
207000042,347,22,325
207000043,208,54,154
207000051,0,0,0
207000052,0,0,0
207000053,0,0,0
207000054,0,0,0
207000055,0,0,0
207000056,0,0,0
207000057,0,0,0
207000058,0,0,0
207000059,0,0,0
207000060,0,0,0
207000061,73,1088,-1015
207000062,254,33,221
207000063,386,17,369
207000064,273,44,229
207000065,171,93,78
207000066,239,91,148
207000067,135,22,113
207000068,145,6,139
207000069,551,115,436
207000082,1,124,-123
207000083,42,145,-103
207000084,254,95,159
207000085,223,36,187
207000086,323,6,317
207000106,55,10,45
207000107,169,2,167
207000108,38,0,38
207000109,9,4,5
207000110,56,6,50
207000111,113,1,112
207000112,39,142,-103
207000114,0,0,0
207000115,0,0,0
207000116,0,0,0
207000117,0,0,0
207000118,0,0,0
207000119,0,0,0
207000123,129,3,126
207000124,156,9,147
207000125,40,2,38
207000126,18,10,8
207000134,200,90,110
207000135,18,213,-195
207000148,44,150,-106
207000149,0,0,0
207000152,0,0,0
207000153,0,0,0
207000154,130,31,99
207000159,0,0,0
207000160,0,0,0
207000238,0,0,0
207000242,0,0,0
207000248,0,0,0
207000249,0,0,0
207000250,0,0,0
207000251,0,0,0
207000252,0,0,0
207000278,85,32,53
207000279,0,0,0
207000280,723,38,685
207000281,31,149,-118
207000282,19,154,-135
207000283,1,42,-41
207000284,19,307,-288
207000285,5,78,-73
207000291,0,0,0
207000304,51,14,37
207000306,0,0,0
207000310,93,61,32
207000353,12,0,12
207000356,0,0,0
207000357,1,107,-106
207000415,0,0,0
207000417,1,0,1
207000437,0,0,0
207000439,315,111,204
207000446,52,1,51
207000460,53,5,48
207000466,0,0,0
207000476,12,19,-7
207000477,222,11,211
207000523,0,0,0
207000524,6,0,6
207000527,134,63,71
207000530,182,1,181
207000531,110,1,109
207000532,15,3,12
207000534,43,16,27
207000535,0,0,0
207000537,0,0,0
207000540,0,0,0
207000541,0,0,0
207000548,0,0,0
207000549,57,4,53
207000561,63,18,45
207000562,0,0,0
207000567,0,0,0
207000568,54,1,53
207000569,252,33,219
207000584,0,0,0
207000585,10,23,-13
207000616,0,0,0
207000617,38,0,38
207900008,293,42,251
208000001,276,535,-259
208000002,489,350,139
208000003,516,335,181
208000004,583,366,217
208000005,0,0,0
208000019,583,204,379
208000020,270,130,140
208000021,57,91,-34
208000022,96,75,21
208000028,26,601,-575
208000033,32,25,7
208000034,73,302,-229
208000040,70,57,13
208000041,144,250,-106
208000042,341,348,-7
208000047,0,0,0
208000064,1014,1060,-46
208000066,507,1120,-613
208000070,184,212,-28
208000071,425,142,283
208000072,443,298,145
208000080,145,136,9
208000081,207,63,144
208000082,5,2,3
208000083,7,0,7
208000084,7,36,-29
208000085,25,14,11
208000086,38,29,9
208000087,25,17,8
208000089,0,0,0
208000090,0,0,0
208000093,0,0,0
208000094,80,89,-9
208000095,211,44,167
208000104,1012,245,767
208000105,706,367,339
208000114,31,463,-432
208000115,273,186,87
208000116,464,883,-419
208000117,2,34,-32
208000118,56,130,-74
208000155,21,28,-7
208000158,124,176,-52
208000186,578,1204,-626
208000204,33,64,-31
208000205,117,70,47
208000282,46,46,0
209000004,143,46,97
209000005,24,6,18
209000006,271,60,211
209000007,169,187,-18
209000010,0,0,0
209000011,0,0,0
209000012,0,0,0
209000013,0,0,0
209000014,0,0,0
209000025,250,11,239
209000026,588,25,563
209000027,0,0,0
209000028,0,0,0
209000029,0,0,0
209000030,0,0,0
209000031,0,0,0
209000034,67,137,-70
209000035,219,151,68
209000036,384,47,337
209000037,368,114,254
209000038,275,52,223
209000039,147,53,94
209000040,162,41,121
209000041,130,34,96
209000042,79,24,55
209000043,102,43,59
209000044,218,137,81
209000045,412,100,312
209000046,419,152,267
209000047,306,30,276
209000048,945,206,739
209000049,0,0,0
209000050,0,0,0
209000051,0,0,0
209000052,0,0,0
209000062,0,0,0
209000063,0,0,0
209000064,0,0,0
209000065,136,18,118
209000066,87,10,77
209000067,127,29,98
209000080,0,0,0
209000082,24,18,6
209000091,0,0,0
209000093,0,0,0
209000094,0,0,0
209000110,51,94,-43
209000111,217,598,-381
209000112,559,206,353
209000113,641,176,465
209000114,362,210,152
209000115,0,0,0
209000116,0,0,0
209000118,7,57,-50
209000119,0,0,0
209000121,0,0,0
209000135,35,40,-5
209000142,408,428,-20
209000143,0,0,0
209000144,27,109,-82
209000229,196,32,164
209000240,0,0,0
209000259,0,0,0
209000260,0,0,0
209000261,0,0,0
209000262,0,0,0
209000263,0,0,0
209000264,0,0,0
209000265,156,21,135
209000266,62,0,62
209000267,611,1,610
209000268,426,62,364
210000037,43,1,42
210000047,47,13,34
210000048,17,7,10
210000049,38,9,29
210000052,0,0,0
210000053,0,0,0
210000054,0,0,0
210000070,108,2,106
210000071,53,1,52
210000072,11,0,11
210000073,0,0,0
210000074,0,0,0
210000075,0,0,0
210000076,0,0,0
210000077,0,0,0
210000078,0,0,0
210000079,27,3,24
210000080,18,57,-39
210000081,69,2,67
210000082,10,4,6
210000083,7,14,-7
210000084,50,0,50
210000085,0,0,0
210000086,0,0,0
210000099,0,0,0
210000100,0,0,0
210000101,0,0,0
210000105,0,0,0
210000159,0,0,0
210000163,0,0,0
210000164,71,11,60
210000168,41,3,38
210000187,0,0,0
210000188,0,0,0
210000214,39,0,39
210000219,10,15,-5
210000220,72,21,51
210000232,0,0,0
210000233,0,0,0
210000234,0,0,0
210000235,0,0,0
210000245,0,0,0
210000246,2,0,2
210000258,0,0,0
210000259,64,4,60
210000282,0,0,0
210000285,0,0,0
210000286,0,0,0
210000295,0,0,0
210000296,0,0,0
210000320,174,22,152
210000321,67,9,58
210000338,0,0,0
210000339,0,0,0
210000340,0,0,0
210000341,0,0,0
210000342,0,0,0
210000343,0,0,0
210000344,0,0,0
210000345,0,0,0
210000346,0,0,0
210000347,0,0,0
210000348,0,0,0
210000349,0,0,0
210000350,0,0,0
210000351,0,0,0
210000352,34,17,17
210000353,28,27,1
210000354,35,14,21
210000355,16,22,-6
210000356,5,55,-50
210000357,53,66,-13
210000358,67,71,-4
210000359,32,37,-5
210000360,121,44,77
210000361,120,43,77
210000362,217,101,116
210000363,509,76,433
210000364,162,34,128
210000365,139,38,101
210000366,106,23,83
210000367,68,17,51
210000368,50,7,43
210000369,18,14,4
210000370,86,9,77
210000372,6,5,1
210000373,9,14,-5
210000374,22,5,17
210000375,14,19,-5
210000376,38,19,19
210000404,0,0,0
210000439,39,7,32
210000472,24,0,24
210000482,43,32,11
210000564,302,51,251
210000568,61,0,61
211000092,33,2,31
211000094,17,2,15
211000169,51,3,48
211000172,0,70,-70
211000209,0,0,0
211000275,6,8,-2
211000276,32,0,32
211000279,6,4,2
211000281,12,3,9
211507980,0,1,-1
211977296,1,0,1
212000003,218,41,177
212000004,0,0,0
212000005,0,0,0
212000006,0,0,0
212000008,0,0,0
212000009,0,0,0
212000012,0,0,0
212000013,0,0,0
212000014,0,0,0
212000015,0,0,0
212000016,0,0,0
212000027,547,139,408
212000028,186,226,-40
212000029,127,314,-187
212000030,20,38,-18
212000031,69,17,52
212000048,0,0,0
212000049,0,0,0
212000050,0,0,0
212000051,0,0,0
212000052,0,0,0
212000053,0,0,0
212000054,275,25,250
212000055,393,50,343
212000056,3,22,-19
212000057,3,9,-6
212000058,17,29,-12
212000070,0,0,0
212000077,0,0,0
212000099,345,97,248
212000108,254,108,146
212000111,434,62,372
212000120,0,0,0
212000138,0,0,0
212000156,0,0,0
212000158,22,93,-71
212000159,604,54,550
212000160,763,102,661
212000161,103,42,61
212000310,0,0,0
212000311,13,46,-33
212000374,0,0,0
213000001,1,98,-97
213000005,188,11,177
213000006,337,37,300
213000007,36,1,35
213000009,172,129,43
213000010,278,63,215
213000011,134,87,47
213000012,0,4,-4
213000014,96,19,77
213000015,296,7,289
213000016,248,3,245
213000017,79,0,79
213000018,0,0,0
213000019,0,4,-4
213000020,11,25,-14
213000021,0,2,-2
213000023,676,143,533
213000033,37,132,-95
213000034,551,197,354
213000035,192,231,-39
213000045,41,71,-30
213000046,11,28,-17
213000047,39,453,-414
213000056,81,10,71
213000069,3,0,3
213000073,0,1,-1
213000074,1,34,-33
213000075,363,0,363
213000085,0,0,0
213000086,0,0,0
213000091,105,1,104
213000092,3,2,1
213000099,1,190,-189
213000100,607,165,442
213000101,341,65,276
213000102,332,75,257
213000103,354,169,185
213000104,8,56,-48
213000105,0,24,-24
213000106,0,9,-9
213000107,19,10,9
213000108,1,21,-20
213000109,0,69,-69
213000110,2,68,-66
213000111,1,19,-18
213000112,2,72,-70
213000115,28,1,27
213000116,0,28,-28
213000117,1,62,-61
213000118,542,215,327
213000119,0,30,-30
213000120,8,9,-1
213000122,3,19,-16
213000123,3,76,-73
213000124,16,51,-35
213000125,140,80,60
213000126,0,29,-29
213000127,1,40,-39
213000128,11,108,-97
213000129,159,682,-523
213000130,642,449,193
213000132,381,151,230
213000133,688,67,621
213000134,646,5,641
213000136,527,3,524
213000137,446,46,400
213000139,61,1,60
213000147,13,0,13
213000148,4,0,4
213000149,2,0,2
213000150,0,0,0
213000151,0,0,0
213000152,0,0,0
213000153,0,0,0
213000154,0,0,0
213000155,0,0,0
213000156,0,0,0
213000157,0,0,0
213000158,68,81,-13
213000159,1096,136,960
213000163,732,143,589
213000165,540,123,417
213000171,0,0,0
213000172,0,0,0
213000173,0,0,0
213000174,0,0,0
213000175,0,0,0
213000176,374,58,316
213000177,324,9,315
213000178,304,3,301
213000179,179,0,179
213000180,131,0,131
213000184,9,58,-49
213000188,325,13,312
213000189,315,16,299
213000190,204,5,199
213000191,302,2,300
213000192,174,3,171
213000193,0,0,0
213000194,0,0,0
213000195,0,0,0
213000196,0,0,0
213000197,639,290,349
213000198,11,0,11
213000200,16,58,-42
213000201,0,2,-2
213000202,0,59,-59
213000203,707,326,381
213000204,714,13,701
213000205,464,15,449
213000206,450,20,430
213000207,20,3,17
213000208,3,0,3
213000209,53,0,53
213000210,35,0,35
213000211,0,0,0
213000212,0,0,0
213000213,0,0,0
213000218,128,228,-100
213000219,206,46,160
213000220,352,5,347
213000223,52,138,-86
213000224,2,34,-32
213000225,59,7,52
213000226,68,8,60
213000227,729,144,585
213000228,490,17,473
213000229,34,10,24
213000230,139,4,135
213000232,0,256,-256
213000233,0,0,0
213000234,0,0,0
213000293,0,2,-2
213000294,45,2,43
213000295,0,1,-1
213000296,59,14,45
213000297,0,0,0
213000298,0,0,0
213000299,14,10,4
213000300,0,9,-9
213000303,0,0,0
213000304,0,0,0
213000305,1,22,-21
213000306,0,0,0
213000307,27,19,8
213000308,0,0,0
213000309,102,10,92
213000310,120,51,69
213000311,9,222,-213
213000315,0,0,0
213000316,102,5,97
213000322,7,5,2
213000323,76,8,68
213000324,61,13,48
213000325,118,14,104
213000326,65,2,63
213000327,130,26,104
213000328,6,25,-19
213000329,63,2,61
213000340,1,10,-9
213000341,581,29,552
213000347,154,248,-94
213000348,0,6,-6
213000349,0,0,0
213000350,31,98,-67
213000366,0,31,-31
213000367,292,11,281
213000379,1,2,-1
213000386,0,49,-49
213000406,17,75,-58
213000417,936,180,756
213000425,61,10,51
213000426,59,2,57
213000427,40,17,23
213000428,32,14,18
213000429,7,3,4
213000430,8,14,-6
213000431,1,5,-4
213000432,0,321,-321
213000433,3,7,-4
213000434,30,24,6
213000435,52,6,46
213000436,4,4,0
213000437,0,2,-2
213000438,76,13,63
213000439,0,7,-7
213000440,2,34,-32
213000441,0,1,-1
213000442,1,3,-2
213000443,256,247,9
213000444,5,14,-9
213000445,0,24,-24
213000446,0,100,-100
213000447,0,18,-18
213000448,2,5,-3
213000449,391,0,391
213000450,0,1,-1
213000451,27,17,10
213000452,0,2,-2
213000453,0,0,0
213000455,13,0,13
213000456,0,3,-3
213000481,4,0,4
213000484,8,0,8
213000489,52,16,36
213900002,0,0,0
213900003,19,2,17
213900013,0,3,-3
213900015,0,0,0
213900016,3,0,3
213900020,0,1,-1
213900030,1,6,-5
213900032,65,30,35
213900033,124,20,104
213900034,326,29,297
213900035,10,18,-8
213900036,20,3,17
213900037,0,15,-15
213900038,567,103,464
213900039,0,2,-2
213900041,0,0,0
213900042,45,244,-199
213900043,180,54,126
213900244,43,0,43
213900245,0,0,0
218000003,0,0,0
218000004,0,0,0
218000005,2,22,-20
218000006,30,15,15
218000007,0,6,-6
218000012,30,32,-2
218000013,22,87,-65
218000014,161,158,3
218000019,110,34,76
218000020,201,26,175
218000021,0,0,0
218000022,0,0,0
218000023,0,0,0
218000024,0,0,0
218000025,0,0,0
218000026,0,0,0
218000027,0,0,0
218000028,0,0,0
218000029,0,0,0
218000030,0,0,0
218000031,0,0,0
218000032,0,0,0
218000039,54,34,20
218000040,5,0,5
218000046,63,78,-15
218000047,0,90,-90
218000048,24,27,-3
218000049,21,29,-8
218000050,169,46,123
218000051,40,100,-60
218000052,0,22,-22
218000053,0,1,-1
218000054,0,51,-51
218000055,2,5,-3
218000056,4,59,-55
218000057,2,17,-15
218000064,0,1,-1
218000065,161,8,153
218000066,10,79,-69
218000067,10,52,-42
218000068,27,59,-32
218000069,127,26,101
218000070,110,57,53
218000071,83,21,62
218000072,38,24,14
218000078,39,43,-4
218000079,226,106,120
218000080,174,48,126
218000081,637,109,528
218000082,113,78,35
218000083,0,0,0
218000084,0,0,0
218000085,0,1,-1
218000086,0,1,-1
218000087,1,8,-7
218000090,2,46,-44
218000091,389,101,288
218000092,88,29,59
218000093,57,15,42
218000094,0,0,0
218000099,187,237,-50
218000100,109,110,-1
218000101,108,100,8
218000102,222,90,132
218000103,31,42,-11
218000104,78,18,60
218000105,0,0,0
218000107,0,0,0
218000108,0,0,0
218000112,0,0,0
218000117,113,128,-15
218000134,23,57,-34
218000135,10,19,-9
218000136,12,5,7
218000137,24,1,23
218000138,0,2,-2
218000139,35,23,12
218000140,326,186,140
218000141,74,25,49
218000142,135,17,118
218000143,58,111,-53
218000144,7,51,-44
218000145,349,166,183
218000146,120,113,7
218000151,4,12,-8
218000152,79,45,34
218000153,3,10,-7
218000154,5,0,5
218000155,30,0,30
218000156,149,4,145
218000157,98,0,98
218000158,10,1,9
218000159,1,0,1
218000160,11,2,9
218000161,20,1,19
218000162,96,3,93
218000163,31,0,31
218000164,180,3,177
218000165,146,43,103
218000170,0,56,-56
218000171,26,16,10
218000172,6,24,-18
218000173,5,9,-4
218000174,10,15,-5
218000176,434,8,426
218000177,398,27,371
218000178,147,38,109
218000179,313,1,312
218000180,44,0,44
218000181,266,6,260
218000187,0,0,0
218000188,0,0,0
218000189,0,0,0
218000190,0,0,0
218000191,0,0,0
218000192,0,0,0
218000193,0,0,0
218000194,0,0,0
218000195,100,89,11
218000196,331,149,182
218000197,435,180,255
218000198,33,47,-14
218000199,27,4,23
218000200,21,10,11
218000201,7,0,7
218000202,0,0,0
218000207,0,0,0
218000208,0,0,0
218000211,3,7,-4
218000212,0,0,0
218000213,56,44,12
218000214,0,24,-24
218000215,25,24,1
218000217,2,21,-19
218000218,121,208,-87
218000219,1,49,-48
218000220,24,156,-132
218000221,169,236,-67
218000222,1,30,-29
218000223,153,731,-578
218000224,11,334,-323
218000225,396,58,338
218000226,344,18,326
218000230,0,0,0
218000232,8,2,6
218000234,0,0,0
218000239,34,1,33
218000240,1,0,1
218000241,1,1,0
218000242,1,0,1
218000243,3,0,3
218000244,11,0,11
218000245,1,0,1
218000246,1,0,1
218000247,0,0,0
218000248,0,0,0
218000249,0,0,0
218000250,0,0,0
218000251,0,0,0
218000252,0,3,-3
218000253,0,0,0
218000254,0,0,0
218000255,0,0,0
218000256,0,0,0
218000267,0,0,0
218000268,0,0,0
218000269,0,0,0
218000270,0,0,0
218000271,0,0,0
218000273,58,1,57
218000274,35,3,32
218000275,19,34,-15
218000276,9,7,2
218000278,2,5,-3
218000279,3,2,1
218000280,0,1,-1
218000281,2,0,2
218000282,54,65,-11
218000284,74,10,64
218000301,5,9,-4
218000302,47,13,34
218000303,0,0,0
218000316,724,213,511
218000317,1081,157,924
218000318,609,89,520
218000319,4,9,-5
218000320,0,0,0
218000338,8,4,4
218000339,0,0,0
218000342,76,98,-22
218000343,0,0,0
218000345,0,0,0
218000346,2,18,-16
218000353,0,0,0
218000354,59,129,-70
218000459,24,102,-78
218000490,0,0,0
218000501,66,27,39
218000502,0,0,0
218000503,54,10,44
218000504,98,33,65
218000505,0,0,0
218000506,0,0,0
218000508,0,0,0
218000510,86,42,44
218000520,138,177,-39
218000522,0,1,-1
218000523,16,0,16
218000524,0,29,-29
218000525,14,0,14
218000526,0,13,-13
218000530,87,0,87
218000531,33,7,26
218000532,0,0,0
218000537,7,6,1
218000538,53,62,-9
218000539,0,0,0
218000540,0,3,-3
218000543,43,11,32
218000544,0,0,0
218000545,55,43,12
218000546,0,0,0
218000547,12,74,-62
218000548,0,0,0
218000549,383,71,312
218000550,1,15,-14
218000551,7,81,-74
218000552,155,18,137
218000553,0,0,0
218000554,0,0,0
218000555,26,4,22
218000556,0,0,0
218000557,184,22,162
218000558,11,0,11
218000559,0,7,-7
218000560,0,1,-1
218000561,3,0,3
218000562,0,8,-8
218000563,82,1,81
218000564,0,32,-32
218000565,73,2,71
218000566,42,2,40
218000567,0,44,-44
218000568,2,0,2
218000569,0,35,-35
218000570,2,2,0
218000571,0,14,-14
218000572,23,3,20
218000573,0,62,-62
218000574,0,3,-3
218000575,76,0,76
218000576,0,107,-107
218000577,7,0,7
218000578,0,30,-30
218000579,1,5,-4
218000581,0,0,0
218000582,5,1,4
218000583,0,0,0
218000584,0,0,0
218000585,15,1,14
218000586,37,9,28
218000587,0,0,0
218000588,0,0,0
218000589,0,0,0
218000590,0,0,0
218000591,0,0,0
218000592,0,0,0
218000593,0,0,0
218000594,0,0,0
218000595,0,0,0
218000596,0,0,0
218000597,0,0,0
218000598,0,0,0
218000599,0,0,0
218000600,0,0,0
218000601,0,0,0
218000602,0,0,0
218000603,0,16,-16
218000604,1,1,0
218000605,0,6,-6
218000606,3,0,3
218000607,0,10,-10
218000608,5,8,-3
218000609,0,8,-8
218000610,96,7,89
218000611,5,1,4
218000612,0,1,-1
218000613,49,0,49
218000614,0,5,-5
218000615,75,0,75
218000616,0,15,-15
218000617,2,1,1
218000618,0,0,0
218000619,16,0,16
218000620,0,2,-2
218000621,0,1,-1
218000622,0,12,-12
218000623,1,0,1
218000624,0,17,-17
218000625,7,0,7
218000626,1,31,-30
218000628,67,26,41
218000632,0,23,-23
218000633,5,0,5
218000634,0,0,0
218000635,0,2,-2
218000636,17,24,-7
218000637,413,87,326
218000638,443,36,407
218000639,3,7,-4
218000640,399,14,385
218000641,39,52,-13
218000652,23,22,1
218000653,348,38,310
218000675,0,0,0
218000676,0,0,0
218000677,32,6,26
218000703,0,0,0
218000718,1,65,-64
218000719,4,49,-45
218000720,0,25,-25
218000721,2,1,1
218000725,0,0,0
218001214,0,0,0
219000001,0,0,0
219000002,0,0,0
219000003,17,22,-5
219000004,10,66,-56
219000017,24,73,-49
219000020,127,13,114
219000022,54,0,54
219000023,49,0,49
219000029,0,0,0
219000034,28,20,8
219000039,0,0,0
219000040,3,54,-51
219000041,46,30,16
219000051,0,0,0
219000052,0,0,0
219000053,0,0,0
219000054,0,0,0
219000055,100,0,100
219000056,2,1,1
219000057,49,0,49
219000062,0,0,0
219000063,41,0,41
219000110,127,114,13
219000111,48,77,-29
219000112,85,10,75
219000113,127,25,102
219000114,120,5,115
219000116,80,26,54
219000117,88,26,62
219000118,52,39,13
219000123,33,0,33
219000124,19,0,19
219000125,0,0,0
219000126,0,0,0
219000127,0,0,0
219000128,0,0,0
219000129,0,0,0
219000130,0,0,0
219000131,806,987,-181
219000133,8,40,-32
219000134,9,55,-46
219000135,3,26,-23
219000136,31,84,-53
219000138,89,19,70
219000139,25,0,25
219000140,126,1,125
219000141,11,0,11
219000142,23,0,23
219000143,0,0,0
219000145,6,2,4
219000146,0,0,0
219000147,0,0,0
219000148,0,0,0
219000149,0,0,0
219000150,0,0,0
219000151,0,0,0
219000157,164,63,101
219000158,66,26,40
219000161,76,5,71
219000163,218,215,3
219000166,43,18,25
219000167,12,6,6
219000168,81,41,40
219000174,306,38,268
219000175,131,2,129
219000176,61,3,58
219000177,32,1,31
219000178,70,0,70
219000179,45,32,13
219000180,13,7,6
219000182,87,5,82
219000183,12,9,3
219000184,36,1,35
219000185,0,0,0
219000186,68,3,65
219000187,24,2,22
219000189,0,0,0
219000190,0,0,0
219000191,0,0,0
219000192,168,210,-42
219000193,0,0,0
219000195,0,0,0
219000196,0,0,0
219000198,0,0,0
219000199,0,0,0
219000200,0,0,0
219000201,0,0,0
219000203,0,0,0
219000204,0,0,0
219000205,0,0,0
219000207,0,0,0
219000209,0,0,0
219000210,0,0,0
219000213,0,0,0
219000239,0,0,0
219000240,0,0,0
219000241,0,0,0
219000242,0,0,0
219000243,0,0,0
219000244,0,0,0
219000245,0,0,0
219000246,23,9,14
219000247,175,32,143
219000248,159,121,38
219000249,36,56,-20
219000250,39,37,2
219000251,230,81,149
219000252,123,77,46
219000253,111,40,71
219000255,129,101,28
219000256,146,34,112
219000257,126,0,126
219000262,0,0,0
219000263,0,0,0
219000267,0,0,0
219000268,0,0,0
219000269,0,0,0
219000270,28,0,28
219000271,84,0,84
219000278,0,0,0
219000279,0,0,0
219000283,0,0,0
219000295,0,0,0
219000296,0,0,0
219000297,0,0,0
219000298,0,0,0
219000299,243,28,215
219000300,0,0,0
219000301,0,0,0
219000302,0,0,0
219000307,0,0,0
219000308,20,54,-34
219000311,144,15,129
219000312,204,54,150
219000313,305,38,267
219000314,0,0,0
219000315,268,22,246
219000316,320,20,300
219000317,72,18,54
219000320,0,0,0
219000321,0,0,0
219000323,0,0,0
219000325,0,0,0
219000326,0,0,0
219000327,0,0,0
219000328,0,0,0
219000329,90,128,-38
219000330,12,8,4
219000331,30,6,24
219000332,120,41,79
219000333,7,1,6
219000335,28,0,28
219000337,4,0,4
219000338,15,0,15
219000344,0,0,0
219000345,0,0,0
219000346,0,0,0
219000348,0,0,0
219000349,0,0,0
219000350,0,0,0
219000351,0,0,0
219000352,15,127,-112
219000353,120,84,36
219000354,182,64,118
219000355,101,51,50
219000356,277,748,-471
219000363,107,24,83
219000364,138,21,117
219000365,64,1,63
219000366,173,289,-116
219000368,99,379,-280
219000370,150,711,-561
219000371,0,0,0
219000382,0,11,-11
219000383,0,0,0
219000385,0,0,0
219000386,0,0,0
219000387,0,1,-1
219000390,4,1,3
219000391,5,0,5
219000397,0,0,0
219000398,11,14,-3
219000401,0,0,0
219000402,0,0,0
219000403,0,0,0
219000404,0,0,0
219000409,17,23,-6
219000410,36,9,27
219000411,55,1,54
219000446,0,0,0
219000447,0,0,0
219000448,4,8,-4
219000452,32,23,9
219000453,0,0,0
219000454,143,304,-161
219000556,121,14,107
219000558,0,0,0
219000590,0,0,0
219000591,52,16,36
219000592,0,0,0
219000595,0,0,0
219000635,104,10,94
219000636,0,0,0
219000657,1,0,1
219000658,0,0,0
219000673,0,0,0
219000676,2,0,2
219000679,9,0,9
219000684,97,0,97
219000685,0,0,0
219000686,1,0,1
219000688,0,0,0
219000689,0,0,0
219000690,189,11,178
219000693,0,0,0
219000694,55,0,55
219000695,0,2,-2
219000698,5,0,5
219000699,0,0,0
219000727,0,0,0
219000728,13,0,13
219000770,3,1,2
219000771,0,0,0
219001150,1,26,-25
219001151,0,0,0
220000001,1,39,-38
220000002,0,16,-16
220000003,0,0,0
220000004,0,0,0
220000005,0,0,0
220000006,0,0,0
220000007,0,0,0
220000008,0,0,0
220000009,22,107,-85
220000010,27,8,19
220000011,12,241,-229
220000012,3,42,-39
220000014,0,0,0
220000015,11,227,-216
220000017,29,50,-21
220000018,753,193,560
220000019,205,449,-244
220000020,69,80,-11
220000021,204,114,90
220000022,368,103,265
220000023,44,97,-53
220000024,269,200,69
220000025,479,784,-305
220000026,88,614,-526
220000027,5,77,-72
220000028,79,57,22
220000029,0,0,0
220000030,0,0,0
220000031,162,223,-61
220000064,0,0,0
221000046,0,0,0
221000047,0,0,0
221000048,0,0,0
221000049,0,0,0
221000050,2,0,2
221000055,4,0,4
221000057,98,2,96
221000068,255,127,128
221000069,225,56,169
221000070,177,17,160
221000071,57,23,34
221000072,157,2,155
221000073,132,9,123
221000074,0,0,0
221000075,0,0,0
221000076,0,0,0
221000077,0,0,0
221000081,29,0,29
221000082,34,0,34
221000083,8,3,5
221000084,2,0,2
221000085,4,0,4
221000086,0,0,0
221000087,0,0,0
221000088,0,0,0
221000089,0,0,0
221000090,0,0,0
221000098,88,13,75
221000099,128,16,112
221000100,117,6,111
221000101,112,3,109
221000102,137,4,133
221000109,0,0,0
221000110,0,0,0
221000111,0,0,0
221000112,0,0,0
221000113,0,0,0
221000114,0,0,0
221000120,29,26,3
221000121,1,19,-18
221000122,21,36,-15
221000123,0,56,-56
221000124,8,44,-36
221000155,108,8,100
221000156,3,5,-2
221000175,0,19,-19
221000176,0,1,-1
221000182,23,1,22
221000241,377,253,124
221000242,0,0,0
221000243,280,75,205
221000244,0,0,0
221000245,33,14,19
221000246,0,0,0
221000247,193,21,172
221000248,0,0,0
221000267,13,113,-100
221000325,62,17,45
221000331,12,46,-34
221000338,2,15,-13
221000378,253,24,229
221000381,16,61,-45
222000282,0,2,-2
222000296,0,7,-7
222000568,481,28,453
222000569,86,46,40
222000570,128,31,97
222000571,413,33,380
222000577,0,31,-31
222000578,0,38,-38
222000579,2,35,-33
222000580,4,223,-219
222000599,0,14,-14
222000600,0,48,-48
222000601,0,109,-109
222000603,7,35,-28
222000604,1,7,-6
222000605,2,16,-14
222000606,0,3,-3
222000607,0,3,-3
222000608,24,2,22
222000609,41,3,38
222000616,231,7,224
222000617,1,0,1
222000618,1,2,-1
222000620,0,1,-1
222000621,5,18,-13
222000623,240,0,240
222000624,220,0,220
222000625,269,4,265
222000636,51,9,42
222000686,0,3,-3
222000687,4,2,2
222001066,227,1,226
222001067,43,5,38
222001068,111,1,110
222001069,31,18,13
222001082,11,0,11
222001083,3,1,2
222001084,0,1,-1
222001085,0,19,-19
222001111,3,32,-29
222001112,62,14,48
222001313,0,3,-3
222001314,0,21,-21
222001464,20,10,10
222001465,1,39,-38
222001484,84,1,83
222001485,19,1,18
222001494,378,33,345
222001495,9,39,-30
222001496,287,10,277
222001497,32,31,1
222001502,0,0,0
222001503,41,12,29
222001504,0,0,0
222001505,307,2,305
222001506,0,0,0
222001507,69,2,67
222001510,530,38,492
222001511,0,0,0
222001514,281,86,195
222001515,0,0,0
222001518,239,20,219
222001519,0,0,0
222001527,55,47,8
222001528,0,0,0
222001529,419,9,410
222001530,0,0,0
222001533,0,0,0
222001534,425,22,403
222001535,100,29,71
222001536,3,14,-11
222001537,103,10,93
222001538,0,0,0
222001563,536,10,526
222001564,0,0,0
222001568,89,15,74
222001576,0,5,-5
222001579,5,3,2
222001583,1,9,-8
222001584,47,27,20
222001596,10,171,-161
222001597,662,112,550
222001626,1,20,-19
222001650,0,31,-31
222001651,58,34,24
222001914,101,44,57
222001915,0,0,0
222900004,175,31,144
222900009,51,84,-33
222900019,51,13,38
222900024,36,1,35
222900025,3,1,2
225000001,205,55,150
225000002,433,44,389
225000003,453,19,434
225000004,276,59,217
225000005,6,34,-28
225000006,0,0,0
225000007,0,0,0
225000010,96,19,77
225000011,77,849,-772
225000012,148,708,-560
225000013,37,62,-25
225000014,475,44,431
225000015,0,3,-3
225000021,313,29,284
225000027,0,0,0
225000032,263,48,215
225000042,0,0,0
225000049,0,0,0
225000050,60,1,59
225000053,0,0,0
225000058,321,67,254
225000067,0,0,0
225000068,0,0,0
225000069,0,0,0
225000070,0,0,0
225000071,0,0,0
225000075,0,0,0
225000076,0,0,0
225000078,4,40,-36
225000085,16,60,-44
225000086,79,3,76
225000087,27,3,24
225000088,0,0,0
225000089,0,0,0
225000090,0,0,0
225000091,0,0,0
225000092,0,0,0
225000093,0,0,0
225000094,0,0,0
225000095,0,0,0
225000096,0,0,0
225000098,343,163,180
225000099,488,41,447
225000100,479,54,425
225000104,0,0,0
225000110,0,0,0
225000111,0,0,0
225000112,0,0,0
225000113,0,2,-2
225000114,0,3,-3
225000115,8,17,-9
225000116,219,70,149
225000117,484,209,275
225000118,848,160,688
225000119,51,6,45
225000120,296,9,287
225000121,108,13,95
225000123,753,5,748
225000125,171,37,134
225000126,495,92,403
225000127,582,767,-185
225000128,316,772,-456
225000132,406,17,389
225000133,138,20,118
225000134,289,110,179
225000135,78,4,74
225000136,207,9,198
225000137,173,31,142
225000138,455,10,445
225000143,0,0,0
225000144,0,0,0
225000145,22,34,-12
225000146,0,0,0
225000147,0,0,0
225000148,0,0,0
225000149,0,0,0
225000151,0,0,0
225000155,0,0,0
225000156,4,16,-12
225000157,2,15,-13
225000158,0,0,0
225000171,0,0,0
225000180,2,0,2
225000181,0,0,0
225000182,62,10,52
225000185,0,0,0
225000187,0,0,0
225000191,12,0,12
225000194,0,0,0
225000208,0,0,0
225000209,30,0,30
225000210,0,0,0
225000217,0,0,0
225000218,0,0,0
225000223,0,0,0
225000224,10,0,10
225000225,0,0,0
225000226,48,1,47
225000227,0,0,0
225000228,5,17,-12
225000229,0,0,0
225000230,0,0,0
225000231,0,0,0
225000232,81,0,81
225000241,55,0,55
225000242,0,0,0
225000249,4,0,4
225000250,0,0,0
225000251,298,25,273
225000254,0,0,0
225000256,0,0,0
225000257,0,0,0
226000042,0,0,0
226000043,0,0,0
226000044,0,0,0
226000045,0,0,0
226000046,487,27,460
226000047,233,14,219
226000048,174,9,165
226000049,165,100,65
226000070,0,0,0
226000071,0,0,0
226000072,0,0,0
226000073,0,0,0
226000074,0,0,0
226000084,0,0,0
226000085,0,0,0
226000086,0,0,0
226000087,0,0,0
226000088,0,0,0
226000090,6,6,0
226000091,0,22,-22
226000092,0,27,-27
226000093,3,0,3
226000094,11,4,7
226000095,3,14,-11
226000105,0,0,0
226000106,0,0,0
226000107,11,0,11
226000108,1,0,1
226000109,22,0,22
226000124,101,18,83
226000134,305,324,-19
226000135,823,204,619
226000136,136,96,40
226000137,0,0,0
226000138,0,0,0
226000139,0,0,0
226000156,127,3,124
226000157,173,3,170
226000163,0,0,0
226000202,0,0,0
226000231,106,2,104
226000232,6,0,6
227000033,223,17,206
227000036,348,1,347
227000037,220,5,215
227000038,30,0,30
227000084,0,0,0
227000085,0,0,0
227000088,22,0,22
227000089,6,1,5
227000090,24,0,24
227000091,7,0,7
227000092,2,0,2
227000093,8,0,8
227000094,0,0,0
227000130,0,0,0
227000131,0,0,0
227000132,0,0,0
227000133,0,0,0
227000134,0,0,0
227000152,0,0,0
227000153,0,0,0
227000154,0,0,0
227000155,0,0,0
227000156,0,0,0
227000165,0,0,0
227000196,311,1,310
227000199,349,11,338
227000230,0,0,0
227000232,296,4,292
227000242,0,0,0
227000243,159,13,146
227000245,0,0,0
227000246,0,0,0
227000247,301,40,261
227000248,27,4,23
227000249,0,0,0
227000250,126,107,19
227000251,0,0,0
227000252,0,0,0
227000253,266,4,262
227000262,401,3,398
227000266,802,43,759
227000267,0,0,0
227000282,0,0,0
227000284,303,11,292
227000286,0,0,0
227000291,0,0,0
227000296,44,43,1
227000484,279,1,278
227000485,0,0,0
227000655,97,3,94
227000656,325,6,319
227000657,13,3,10
229000265,4,6,-2
229000266,0,0,0
229000267,9,0,9
229000268,1,0,1
229000269,3,0,3
229000274,0,5,-5
229000275,0,0,0
229000276,0,0,0
229000277,0,0,0
229000278,0,0,0
229000295,0,0,0
229000296,0,1,-1
229000297,4,0,4
229000298,2,6,-4
229000320,2,4,-2
229000321,3,1,2
229000412,1,4,-3
229000414,0,3,-3
229000415,3,1,2
229000416,0,0,0
229000417,1,0,1
229000419,5,22,-17
229000440,91,5,86
229000442,2,3,-1
229000443,0,0,0
229000444,0,0,0
229000445,24,0,24
229000446,6,0,6
229000491,0,0,0
229000492,0,0,0
229000493,0,0,0
229000494,52,1,51
229000495,144,3,141
229000496,100,4,96
229000507,0,0,0
229000508,0,0,0
229000509,0,0,0
229000510,0,0,0
229000511,0,0,0
229000512,0,0,0
229000513,0,0,0
229000514,0,0,0
229000517,0,0,0
229000518,0,0,0
229000519,0,0,0
229000520,0,0,0
229000521,74,8,66
229000522,2,2,0
229000523,2,2,0
229000524,0,0,0
229000527,0,1,-1
229000528,0,0,0
229000529,39,0,39
229000530,109,13,96
229000531,19,25,-6
229000532,14,1,13
229000533,57,0,57
229000534,19,1,18
229000564,69,1,68
229000565,55,0,55
229000566,0,0,0
229000567,0,0,0
229000582,46,6,40
229000583,7,5,2
229000584,0,0,0
229000585,0,0,0
229000718,0,0,0
229000719,0,0,0
229000720,0,0,0
229000721,0,0,0
229000722,0,0,0
229000723,0,0,0
229000724,0,0,0
229000725,0,0,0
229000738,2,0,2
229000739,0,0,0
229000740,0,0,0
229000741,27,0,27
229000742,5,0,5
229000743,50,0,50
229000744,1,0,1
229000745,2,0,2
229000746,54,0,54
229000847,196,0,196
229000848,45,0,45
229000849,77,2,75
229000851,164,0,164
229000854,0,0,0
229000856,0,0,0
229000857,0,0,0
229000858,0,0,0
229000919,0,0,0
229000930,0,0,0
229000937,102,3,99
229000966,30,6,24
229000981,0,0,0
229000985,0,0,0
229000986,0,0,0
229000987,0,0,0
229000988,0,0,0
229000989,0,0,0
229000990,0,0,0
229000991,0,0,0
229000992,3,0,3
229000993,74,7,67
229000998,2,0,2
229000999,5,6,-1
229001034,0,1,-1
229001035,2,0,2
229001036,0,0,0
229001037,8,14,-6
229001038,0,0,0
229001039,0,2,-2
229001040,0,0,0
229001041,77,0,77
229001042,6,3,3
229001047,0,0,0
229001050,29,4,25
229001168,0,0,0
229001200,27,1,26
229001338,0,1,-1
229001394,64,0,64
229001422,118,11,107
229001423,0,0,0
229001431,22,8,14
229001432,0,0,0
229001444,31,13,18
229001445,29,15,14
229001479,34,1,33
229001503,229,1,228
229001504,0,0,0
229001505,51,1,50
229001506,0,0,0
229001509,5,6,-1
229001510,0,0,0
229001545,12,1,11
229001546,0,0,0
229001553,48,2,46
229001554,0,0,0
229001630,42,1,41
229001631,0,0,0
229001635,0,1,-1
229001636,0,0,0
229001658,0,0,0
229001659,25,1,24
229001660,0,0,0
229001661,0,3,-3
229001662,6,0,6
229001663,0,0,0
229002584,65,43,22
229002831,49,6,43
229002841,0,4,-4
229002842,4,0,4
229002843,3,16,-13
229002844,0,22,-22
229002845,0,26,-26
229002846,1,1,0
229002847,0,5,-5
229002848,6,1,5
229002849,0,1,-1
229002850,4,0,4
229002851,1,16,-15
229002852,51,3,48
229002853,31,0,31
229002854,0,1,-1
229002855,1,5,-4
229002856,0,1,-1
229002857,2,2,0
229002858,4,0,4
229002859,0,0,0
229002860,14,0,14
229002861,18,2,16
229002862,0,0,0
229002863,0,0,0
229002864,26,55,-29
229002865,24,3,21
229002866,15,5,10
229002867,0,0,0
229002868,1,21,-20
229002869,0,9,-9
229002870,18,0,18
235000067,79,1,78
235000072,0,0,0
235000080,0,0,0
235000081,0,0,0
235000082,64,5,59
235000083,101,8,93
235000084,4,28,-24
235000085,172,14,158
235000093,0,0,0
235000097,0,0,0
235000098,74,2,72
235000115,38,4,34
235000116,3,0,3
235000117,42,2,40
235000133,0,0,0
235000134,0,0,0
235000206,2,0,2
235000207,0,0,0
235000210,0,1,-1
235000212,0,0,0
235000220,0,0,0
235000221,0,0,0
235000238,7,160,-153
235000239,0,4,-4
235000242,51,731,-680
235000245,0,0,0
235000246,0,0,0
235000284,0,0,0
235000295,6,0,6
235000305,115,3,112
235000306,184,2,182
235000307,2,0,2
235000308,21,0,21
235000309,19,1,18
235000310,36,0,36
235000311,24,7,17
235000322,0,0,0
235000323,0,0,0
235000324,0,0,0
235000325,0,0,0
235000326,0,0,0
235000351,0,0,0
235000352,0,0,0
235000353,0,0,0
235000354,0,0,0
235000355,0,0,0
235000356,8,0,8
235000357,9,0,9
235000358,2,1,1
235000359,0,0,0
235000360,8,1,7
235000361,10,0,10
235000381,0,0,0
235000382,59,22,37
235000390,0,0,0
235000391,165,2,163
235000392,150,64,86
235000393,98,47,51
235000395,82,2,80
235000396,277,21,256
235000399,77,30,47
235000400,28,14,14
235000401,0,0,0
235000402,0,0,0
235000405,0,0,0
235000406,0,0,0
235000407,0,0,0
235000409,0,0,0
235000411,0,0,0
235000485,0,0,0
235000486,1,0,1
235000549,40,3,37
235000550,0,0,0
235000599,0,0,0
235000600,0,0,0
235000601,2,2,0
235000602,21,5,16
235000614,0,0,0
235000648,0,0,0
235000649,8,1,7
235000815,0,0,0
235000834,0,0,0
235000855,26,36,-10
235000862,0,0,0
235000891,0,0,0
235000892,3,0,3
235000901,0,0,0
235000907,0,0,0
235001010,70,20,50
235001030,119,34,85
235001078,38,33,5
235001079,0,0,0
235001147,0,4,-4
235001166,3,11,-8
235001167,0,0,0
235001169,0,0,0
235001200,0,0,0
235001239,0,0,0
235016266,0,0,0
235016267,0,0,0
235900013,0,0,0
235900014,0,0,0
241900007,42,0,42
277101746,0,1,-1
277102712,5,0,5
277103813,0,0,0
277103814,0,0,0
277103898,0,0,0
990010990,0,0,0
990011530,0,0,0
990014944,0,19,-19
990015176,18,1,17
990015618,0,2,-2
990015888,0,0,0
990016032,0,0,0
990032570,0,12,-12
990070001,81,11,70
990070103,2,0,2
990070601,0,16,-16
990070751,866,1,865
990070766,0,0,0
990071180,568,26,542
990071343,11,0,11
990071387,0,0,0
990071823,179,8,171
990072600,0,48,-48
990072964,0,1,-1
990073285,0,0,0
990074393,0,115,-115
990074714,8,3,5
990074870,753,5,748
990075106,202,0,202
990075746,456,6,450
990076437,1411,1,1410
990076458,0,0,0
997000007,56,2,54
997000041,0,31,-31
997000058,27,0,27
997000062,104,0,104
997000069,0,1,-1
997000070,0,0,0
997000100,88,0,88
997000141,0,0,0
997000198,0,0,0
998000475,0,0,0
998000736,0,9,-9
998000965,0,14,-14
998001031,0,16,-16
998001072,0,0,0
998001091,1,0,1
998001093,0,0,0
998001103,0,0,0
998001105,0,0,0
998001700,0,0,0
998001899,0,0,0
998001900,1,35,-34
998003073,604,17,587
998003124,21,11,10
998003125,0,0,0
998101900,0,8,-8
998102850,0,0,0
998501819,0,0,0
998501820,0,0,0
998501832,0,0,0
998501927,322,63,259
998501929,133,1,132
998501930,14,0,14
998501931,53,5,48
998501932,2,0,2
998501933,132,11,121
998501937,10,1,9
998501944,0,0,0
998501950,0,0,0
998501970,35,0,35
998501971,0,37,-37
998501972,71,0,71
998501973,0,3,-3
998501974,0,19,-19
998501975,154,19,135
998501976,52,2,50
998501977,0,4,-4
998501978,8,0,8
998501979,0,0,0
998501980,6,0,6
998501981,50,2,48
998501982,0,0,0
998501983,0,0,0
998502006,0,0,0
998502024,0,4,-4
998502032,0,0,0
998502062,38,28,10
998502063,0,0,0
998502173,7,0,7
998502269,0,0,0
998601159,0,6,-6
998601292,0,0,0
999033574,0,0,0
999800001,29,0,29
999800002,0,0,0
999800003,2,2,0
999800004,0,2,-2
999800005,0,0,0
