ID,insum,outsum,diff
100000001,756,1162,-406
100000002,3942,3648,294
100000003,7369,5975,1394
100000004,1505,1506,-1
100000005,3084,5869,-2785
100000006,667,190,477
100000007,2186,911,1275
100000008,180,567,-387
100000009,546,400,146
100000010,154,102,52
100000011,1403,187,1216
100000012,93,1052,-959
100000013,43,291,-248
100000014,323,384,-61
100000015,1996,2965,-969
100000016,1060,1776,-716
100000017,575,1269,-694
100000018,1714,936,778
100000019,5166,2590,2576
100000020,2646,8488,-5842
100000021,6361,2969,3392
100000022,1682,3662,-1980
100000023,6316,2531,3785
100000025,1248,1871,-623
100000028,1600,1682,-82
100000029,260,515,-255
100000030,233,60,173
100000031,4491,7906,-3415
100000032,2732,4657,-1925
100000033,1101,3464,-2363
100000034,377,709,-332
100000035,1745,2275,-530
100000036,2004,1858,146
100000037,924,555,369
100000038,2566,1245,1321
100000039,835,685,150
100000040,259,169,90
100000041,1712,606,1106
100000042,1280,603,677
100000043,1092,537,555
100000044,427,888,-461
100000045,552,1187,-635
100000046,848,1004,-156
100000047,463,591,-128
100000048,824,647,177
100000049,1763,1709,54
100000051,529,875,-346
100000053,267,10,257
100000054,587,60,527
100000055,1265,326,939
100000056,660,550,110
100000057,2331,793,1538
100000058,1132,975,157
100000059,18,182,-164
100000060,477,401,76
100000061,2834,702,2132
100000062,2483,615,1868
100000063,960,251,709
100000064,1614,343,1271
100000065,386,829,-443
100000066,221,687,-466
100000067,533,659,-126
100000068,550,1498,-948
100000069,375,1216,-841
100000072,236,1024,-788
100000073,1333,1265,68
100000075,870,330,540
100000076,2410,4001,-1591
100000077,244,322,-78
100000078,70,50,20
100000079,35,51,-16
100000080,39,63,-24
100000081,203,219,-16
100000102,2881,3156,-275
100000103,2866,2577,289
100000104,4751,3590,1161
100000105,2531,2181,350
100000106,2742,3046,-304
100000107,721,1513,-792
100000108,747,1394,-647
100000109,2184,1905,279
100000116,1502,1411,91
100000117,128,180,-52
100000118,1429,1911,-482
100000119,808,1078,-270
100000121,568,600,-32
100000122,999,1584,-585
100000123,3413,5099,-1686
100000124,4649,6867,-2218
100000125,4324,2174,2150
100000126,1038,726,312
100000127,1999,502,1497
100000128,1561,3824,-2263
100000129,723,598,125
100000130,578,534,44
100000131,2526,3132,-606
100000132,1531,3867,-2336
100000133,4780,2505,2275
100000135,753,1422,-669
100000139,434,445,-11
100000140,430,441,-11
100000142,560,618,-58
100000143,856,457,399
100000144,3791,869,2922
100000147,1377,3810,-2433
100000150,67,416,-349
100000151,1330,1511,-181
100000153,270,602,-332
100000154,62,358,-296
100000155,16,60,-44
100000156,490,522,-32
100000157,202,198,4
100000158,346,131,215
100000159,208,922,-714
100000165,1894,1100,794
100000169,282,842,-560
100000174,683,840,-157
100000179,77,850,-773
100000180,4450,6011,-1561
100000181,910,403,507
100000188,121,256,-135
100000189,1474,569,905
100000190,1165,1581,-416
100000191,850,829,21
100000192,45,87,-42
100000193,374,231,143
100000330,1255,1040,215
100000355,239,1354,-1115
100000362,4384,3134,1250
100000363,5233,5616,-383
100000364,253,312,-59
100000365,6908,8732,-1824
100000366,6022,3371,2651
100000367,6128,8395,-2267
100000368,2521,1567,954
100000369,1360,2566,-1206
100000370,279,1253,-974
100000376,55,210,-155
100000379,2605,2412,193
100000380,4818,5940,-1122
100000384,6136,6687,-551
100000385,4292,5934,-1642
100000386,7700,6244,1456
100000387,5579,7387,-1808
100000388,7292,8042,-750
100000389,8579,7984,595
100000390,9484,8214,1270
100000391,7364,10885,-3521
100000392,3698,4983,-1285
100000393,3439,6298,-2859
100000394,8131,10883,-2752
100000395,6456,4942,1514
100000396,8510,4790,3720
100000397,6316,8727,-2411
100000398,11838,8923,2915
100900002,5,18,-13
100900003,451,258,193
100900004,33,1240,-1207
100900005,126,23,103
100900006,27,85,-58
100900007,514,17,497
100900008,3,429,-426
100900009,102,140,-38
100900010,108,71,37
100900011,149,198,-49
100900012,2,161,-159
100900013,1302,6,1296
100900014,6,5,1
100900015,127,97,30
100900016,4,35,-31
100900017,1061,100,961
100900018,0,15,-15
100900019,41,207,-166
100900020,373,9,364
100900021,513,3,510
100900022,28,56,-28
100900023,0,39,-39
100900024,761,3,758
100900025,27,13,14
100900026,156,120,36
100900027,664,3297,-2633
100900028,160,287,-127
100900029,53,7,46
100900030,1,137,-136
100900031,654,41,613
100900032,305,1,304
100900033,306,276,30
100900034,596,2,594
100900035,514,4,510
100900036,27,2,25
100900037,136,175,-39
100900038,75,61,14
100900039,258,546,-288
100900040,616,608,8
100900041,992,536,456
100900042,1378,2102,-724
100900043,0,14,-14
100900044,1689,693,996
100900045,4,1,3
100900046,1576,12,1564
100900047,836,270,566
100900048,174,72,102
100900049,101,165,-64
100900050,3,15,-12
100900051,88,154,-66
100900052,425,78,347
100900053,438,25,413
100900054,12,53,-41
100900055,411,833,-422
100900056,178,243,-65
100900057,2177,1238,939
100900058,359,108,251
100900059,151,12,139
100900060,185,9,176
100900061,345,174,171
100900062,14,36,-22
100900063,329,742,-413
100900064,915,24,891
100900065,119,111,8
100900066,191,159,32
100900067,15,17,-2
100900068,127,69,58
100900069,354,15,339
100900070,433,8,425
100900071,727,218,509
100900072,1,63,-62
100900073,153,388,-235
100900074,8,13,-5
100900075,1852,337,1515
100900076,11,40,-29
100900077,35,83,-48
100900078,145,397,-252
100900079,17,16,1
100900080,64,211,-147
100900081,39,163,-124
100900082,136,329,-193
100900083,11,19,-8
100900085,14,516,-502
100900086,181,791,-610
100900088,125,377,-252
100900089,6,17,-11
100900090,157,657,-500
100900091,8,29,-21
100900092,250,214,36
100900093,246,447,-201
100900094,133,331,-198
100900095,6,31,-25
100900096,104,143,-39
100900097,1,3,-2
100900098,19,17,2
100900099,36,471,-435
100900100,19,836,-817
100900101,332,76,256
100900102,82,188,-106
100900103,5,12,-7
100900104,5,217,-212
100900105,45,737,-692
100900106,46,15,31
100900107,2049,799,1250
100900108,8,81,-73
100900109,21,30,-9
100900110,2,26,-24
100900111,74,212,-138
100900112,3,23,-20
100900113,24,39,-15
100900114,13,21,-8
100900115,11,28,-17
100900116,1058,752,306
100900117,318,1044,-726
100900118,210,142,68
100900119,25,15,10
100900120,13,10,3
100900121,456,668,-212
100900122,140,201,-61
100900123,190,179,11
100900124,10,19,-9
100900125,28,92,-64
100900126,182,177,5
100900127,12,20,-8
100900128,127,201,-74
100900129,1,246,-245
100900131,165,248,-83
100900133,79,40,39
100900134,1,4,-3
100900135,2,323,-321
100900137,304,167,137
100900138,535,506,29
100900139,6,6,0
100900140,1,409,-408
100900141,7,684,-677
100900142,0,8,-8
100900143,906,531,375
100900144,20,9,11
100900145,170,254,-84
100900146,9,77,-68
100900147,34,924,-890
100900148,46,445,-399
100900149,35,447,-412
100900150,4,42,-38
100900151,172,559,-387
100900152,463,14,449
100900153,7,263,-256
100900154,10,88,-78
100900155,7,23,-16
100900156,53,9,44
100900157,22,232,-210
100900158,1247,178,1069
100900159,2,30,-28
100900160,46,3,43
100900161,75,14,61
100900162,97,437,-340
100900163,188,188,0
100900164,37,51,-14
100900165,17,6,11
100900166,43,10,33
100900167,14,105,-91
100900168,90,162,-72
100900169,114,1073,-959
100900170,42,7,35
100900171,10,485,-475
100900172,1,77,-76
100900173,13,353,-340
100900174,347,46,301
100900176,1939,210,1729
100900177,594,355,239
100900178,278,200,78
100900179,416,509,-93
100900180,10,1,9
100900181,139,148,-9
100900182,95,37,58
100900184,18,169,-151
100900186,650,419,231
100900187,18,69,-51
100900188,34,11,23
100900189,2061,221,1840
100900191,1099,1365,-266
100900192,300,445,-145
100900195,137,187,-50
100900197,19,53,-34
100900198,66,194,-128
100900199,4,10,-6
100900200,799,555,244
100900201,104,740,-636
100900202,73,0,73
100900203,1,249,-248
100900204,733,2219,-1486
100900205,174,605,-431
100900206,223,112,111
100900207,296,158,138
100900210,156,367,-211
100900211,732,162,570
100900213,256,58,198
100900214,641,136,505
100900215,42,70,-28
101000001,4544,2794,1750
101000002,7108,8637,-1529
101000003,515,1683,-1168
101000004,8351,7177,1174
101000005,5077,5816,-739
101000006,7239,7610,-371
101000007,4089,5028,-939
101000008,2795,2684,111
101000009,2135,1110,1025
101000010,961,1035,-74
101000011,1503,597,906
101000012,1155,877,278
101000013,799,1329,-530
101000014,556,652,-96
101000015,1586,1088,498
101000016,352,614,-262
101000017,684,620,64
101000018,2477,3069,-592
101000020,2377,1333,1044
101000021,962,538,424
101000022,228,128,100
101000023,1403,800,603
101000025,300,488,-188
101000026,318,36,282
101000027,2738,3582,-844
101000028,475,120,355
101000029,319,2786,-2467
101000030,2538,209,2329
101000031,1655,1790,-135
101000032,10348,6162,4186
101000033,2816,5033,-2217
101000034,2315,2093,222
101000035,1163,697,466
101000036,1984,1350,634
101000037,2780,2557,223
101000039,2713,3960,-1247
101000040,3304,4581,-1277
101000041,10312,9795,517
101000042,679,1686,-1007
101000043,7930,10817,-2887
101000045,2057,1263,794
101000046,5054,2753,2301
101000047,3197,6176,-2979
101000048,1021,744,277
101000049,958,2791,-1833
101000050,2980,3706,-726
101000051,2178,3737,-1559
101000052,1807,1528,279
101000053,1860,2067,-207
101000054,3162,1579,1583
101000055,1654,1705,-51
101000056,59,103,-44
101000057,2109,1681,428
101000058,1263,1722,-459
101000059,2515,2636,-121
101000060,1972,858,1114
101000061,1049,1663,-614
101000062,748,838,-90
101000063,549,1132,-583
101000064,1031,1169,-138
101000065,477,594,-117
101000066,1185,1001,184
101000067,1304,1203,101
101000068,314,585,-271
101000069,302,123,179
101000070,988,1276,-288
101000071,2369,1216,1153
101000072,962,4056,-3094
101000073,911,1427,-516
101000074,6874,5079,1795
101000075,4926,7135,-2209
101000077,2092,1513,579
101000078,1164,2019,-855
101000079,941,443,498
101000080,590,770,-180
101000081,2071,1983,88
101000082,3174,2847,327
101000083,2996,2339,657
101000084,1375,810,565
101000085,1877,1302,575
101000086,1077,1137,-60
101000087,860,1030,-170
101000088,1743,1342,401
101000089,1523,1597,-74
101000090,2109,1295,814
101000091,615,761,-146
101000092,1482,946,536
101000093,1637,795,842
101000094,1188,981,207
101000095,548,655,-107
101000096,440,545,-105
101000097,593,599,-6
101000098,548,578,-30
101000099,1487,1545,-58
101000100,1389,1478,-89
101000101,425,576,-151
101000102,959,695,264
101000103,980,708,272
101000104,449,701,-252
101000105,335,710,-375
101000106,1007,1438,-431
101000107,361,409,-48
101000108,700,283,417
101000109,431,98,333
101000110,62,389,-327
101000111,174,402,-228
101000113,327,857,-530
101000114,10971,10537,434
101000115,242,226,16
101000116,203,212,-9
101000117,2402,547,1855
101000119,73,93,-20
101000120,181,92,89
101000121,75,90,-15
101000122,191,162,29
101000123,84,164,-80
101000124,741,321,420
101000125,214,426,-212
101000128,571,731,-160
101000130,267,347,-80
101000131,957,573,384
101000132,835,1123,-288
101000135,35,26,9
101000136,511,255,256
101000137,30,481,-451
101000141,1511,3773,-2262
101000147,663,357,306
101000148,1140,42,1098
101000149,522,731,-209
101000150,139,585,-446
101000151,336,56,280
101000152,301,289,12
101000153,431,264,167
101000154,296,842,-546
101000155,437,165,272
101000156,20,338,-318
101000157,63,59,4
101000160,84,51,33
101000163,276,355,-79
101000164,450,269,181
101000165,289,435,-146
101000166,313,455,-142
101000168,976,399,577
101000252,2329,954,1375
101000254,435,190,245
101000258,40,16,24
101000261,163,72,91
101000262,1441,3323,-1882
101000263,679,1850,-1171
101000265,137,1155,-1018
101000266,458,506,-48
101000269,49,25,24
101000290,1515,3358,-1843
101000293,65,83,-18
101000294,931,500,431
101000295,194,453,-259
101000301,805,693,112
101000304,2267,3200,-933
101000305,3110,1538,1572
101900001,85,98,-13
101900002,0,23,-23
101900003,57,95,-38
101900004,4,60,-56
101900005,3071,3019,52
101900006,1417,136,1281
101900007,928,305,623
101900008,78,368,-290
101900009,73,545,-472
101900010,913,684,229
101900011,229,1305,-1076
101900012,410,265,145
101900013,817,186,631
101900017,15,154,-139
101900018,1041,275,766
101900019,235,141,94
101900020,213,83,130
101900021,1,61,-60
101900022,196,1046,-850
101900023,142,179,-37
102000001,3157,5396,-2239
102000002,3102,1120,1982
102000003,3450,7550,-4100
102000004,6178,3047,3131
102000005,1645,2628,-983
102000006,1080,2023,-943
102000007,2263,5628,-3365
102000008,4850,1817,3033
102000009,8270,9561,-1291
102000010,5748,3832,1916
102000011,4219,3695,524
102000012,3503,3504,-1
102000018,3047,2961,86
102000019,2481,1696,785
102000026,268,570,-302
102000029,275,236,39
102000030,137,417,-280
102000031,71,151,-80
102000032,553,290,263
102000033,316,439,-123
102000034,729,467,262
102000035,2329,854,1475
102000036,40,321,-281
102000037,159,63,96
102000038,194,426,-232
102000039,254,84,170
102000040,435,263,172
102000041,208,366,-158
102000042,264,380,-116
102000043,269,251,18
102000044,344,492,-148
102000045,920,938,-18
102000046,1327,532,795
102000047,945,1015,-70
102000048,562,905,-343
102000049,1157,939,218
102000050,1336,1267,69
102000051,534,708,-174
102000052,1380,816,564
102000053,995,1189,-194
102000054,743,1280,-537
102000055,1477,541,936
102000056,1232,1013,219
102000057,1766,700,1066
102000058,1380,1326,54
102000059,1667,1579,88
102000060,1573,1198,375
102000061,1909,1919,-10
102000062,2042,1219,823
102000063,1236,1501,-265
102000064,650,786,-136
102000065,92,215,-123
102000066,1014,1099,-85
102000067,2644,3591,-947
102000068,10286,2991,7295
102000069,125,2468,-2343
102000070,1503,40,1463
102000071,6786,9547,-2761
102000072,3546,4718,-1172
102000073,2402,1916,486
102000074,1219,1901,-682
102000075,188,464,-276
102000076,210,535,-325
102000077,788,659,129
102000078,1049,701,348
102000079,228,239,-11
102000080,322,280,42
102000081,490,832,-342
102000082,767,457,310
102000083,636,288,348
102000084,387,288,99
102000085,3563,1052,2511
102000086,1535,1532,3
102000087,1106,1932,-826
102000088,379,392,-13
102000089,1660,576,1084
102000090,668,1413,-745
102000091,1751,803,948
102000092,429,825,-396
102000093,618,766,-148
102000094,1079,699,380
102000095,1136,1435,-299
102000096,996,929,67
102000097,1006,1156,-150
102000098,664,886,-222
102000099,1069,1074,-5
102000100,591,1393,-802
102000101,1103,806,297
102000102,296,1635,-1339
102000103,1880,542,1338
102000104,572,356,216
102000105,314,472,-158
102000106,960,530,430
102000107,1435,439,996
102000108,656,194,462
102000109,600,546,54
102000110,1213,922,291
102000111,10,231,-221
102000112,141,112,29
102000113,18,41,-23
102000114,682,367,315
102000115,281,360,-79
102000116,724,785,-61
102000117,351,1273,-922
102000118,1353,1493,-140
102000119,1381,1319,62
102000120,261,482,-221
102000121,1295,669,626
102000122,849,1071,-222
102000123,1353,1562,-209
102000124,1630,1409,221
102000125,1080,1162,-82
102000126,923,835,88
102000127,1386,797,589
102000128,836,923,-87
102000129,1562,853,709
102000130,761,1053,-292
102000131,2887,1150,1737
102000132,1129,1578,-449
102000133,2151,1529,622
102000134,899,866,33
102000135,1264,1127,137
102000136,1665,617,1048
102000137,1039,1637,-598
102000138,493,637,-144
102000139,299,1337,-1038
102000140,459,1260,-801
102000141,807,2612,-1805
102000142,331,513,-182
102000143,194,327,-133
102000144,351,418,-67
102000145,444,452,-8
102000146,522,457,65
102000147,792,490,302
102000148,228,391,-163
102000149,148,364,-216
102000150,512,127,385
102000151,96,208,-112
102000152,251,122,129
102000153,1264,577,687
102000154,195,548,-353
102000155,109,338,-229
102000156,343,179,164
102000157,93,425,-332
102000158,314,341,-27
102000159,911,549,362
102000161,3339,2187,1152
102000162,186,175,11
102000163,121,532,-411
102000164,1054,1231,-177
102000165,339,166,173
102000166,139,171,-32
102000167,337,262,75
102000168,391,144,247
102000169,125,633,-508
102000170,577,297,280
102000171,209,385,-176
102000172,246,618,-372
102000173,548,424,124
102000174,120,78,42
102000175,136,97,39
102000176,101,25,76
102000178,224,487,-263
102000179,378,260,118
102000180,863,414,449
102000181,898,514,384
102000182,750,510,240
102000183,2146,1502,644
102000184,2026,732,1294
102000185,3203,1189,2014
102000186,1470,1457,13
102000187,1060,1367,-307
102000188,1418,1430,-12
102000189,2259,835,1424
102000190,792,2880,-2088
102000191,1403,633,770
102000192,1374,1568,-194
102000193,74,121,-47
102000194,59,121,-62
102000195,472,450,22
102000196,277,313,-36
102000197,776,362,414
102000198,262,601,-339
102000199,1113,250,863
102000200,370,843,-473
102000201,1200,373,827
102000202,3,110,-107
102000203,435,203,232
102000204,603,604,-1
102000205,1135,429,706
102000206,856,535,321
102000207,666,522,144
102000208,433,451,-18
102000209,59,46,13
102000210,433,299,134
102000211,559,254,305
102000212,398,9,389
102000213,10,237,-227
102000214,363,9,354
102000215,8,310,-302
102000216,88,76,12
102000217,14,115,-101
102000218,350,237,113
102000219,310,228,82
102000225,483,779,-296
102000226,5680,2350,3330
102000227,123,2,121
102000228,0,82,-82
102000229,35,55,-20
102000230,347,396,-49
102000231,354,425,-71
102000232,42,147,-105
102000233,518,829,-311
102000234,185,1250,-1065
102000236,444,97,347
102000237,447,149,298
102000238,194,297,-103
102000240,533,714,-181
102000241,598,160,438
102000243,25,71,-46
102000245,18,132,-114
102000246,15,38,-23
102000247,344,582,-238
102000248,322,734,-412
102000249,164,135,29
102000250,113,293,-180
102000254,162,249,-87
102000266,51,629,-578
102000271,19,0,19
102000286,517,408,109
102000297,2080,1062,1018
102000301,0,0,0
102000303,0,0,0
102000305,0,0,0
102000306,0,0,0
102000307,0,0,0
102000308,0,0,0
102900001,1359,747,612
102900002,470,50,420
102900003,68,175,-107
102900005,523,281,242
102900006,510,126,384
102900007,586,15,571
102900008,224,60,164
102900009,494,378,116
102900010,419,921,-502
102900011,1533,348,1185
102900012,379,98,281
102900013,44,67,-23
102900015,650,627,23
102900016,77,93,-16
102900017,214,426,-212
102900018,42,80,-38
102900019,407,565,-158
102900020,164,36,128
102900021,48,73,-25
102900022,522,179,343
102900023,27,39,-12
102900024,38,91,-53
102900025,193,106,87
102900026,470,2010,-1540
102900027,107,88,19
102900028,189,830,-641
102900029,228,253,-25
102900030,380,291,89
102900031,217,159,58
102900032,131,122,9
102900033,129,193,-64
102900034,568,87,481
102900035,155,313,-158
102900036,344,368,-24
102900037,216,438,-222
102900038,461,389,72
102900039,23,621,-598
102900040,217,286,-69
102900041,104,141,-37
102900042,210,275,-65
102900043,260,219,41
102900044,605,1654,-1049
102900045,182,468,-286
102900046,215,213,2
102900047,127,551,-424
102900048,630,460,170
102900049,151,332,-181
102900050,234,327,-93
102900051,233,193,40
102900052,55,76,-21
102900053,328,602,-274
102900054,667,1342,-675
102900055,157,230,-73
102900056,126,381,-255
102900057,7,58,-51
102900058,375,75,300
102900059,19,67,-48
102900060,121,489,-368
102900061,240,342,-102
102900062,335,740,-405
102900063,1302,378,924
102900064,173,425,-252
102900065,1246,582,664
102900066,408,36,372
102900068,123,83,40
102900070,322,925,-603
102900072,8,53,-45
102900073,104,12,92
102900074,221,234,-13
102900075,25,64,-39
102900076,141,161,-20
102900077,40,38,2
102900078,45,83,-38
102900079,246,10,236
102900080,434,60,374
102900081,103,288,-185
102900082,19,282,-263
102900083,155,11,144
102900084,11,40,-29
102900085,391,171,220
102900086,19,68,-49
102900087,233,118,115
102900088,81,31,50
102900089,300,124,176
102900090,3,308,-305
102900091,169,2,167
102900092,364,635,-271
102900093,301,264,37
102900094,2,189,-187
102900095,268,2,266
102900096,79,23,56
102900097,12,108,-96
103000001,2614,2541,73
103000002,2302,2564,-262
103000003,3887,2986,901
103000004,883,633,250
103000005,1949,2932,-983
103000006,805,1317,-512
103000007,498,698,-200
103000008,1150,713,437
103000009,1416,1265,151
103000010,173,125,48
103000011,1694,1310,384
103000012,1749,1524,225
103000013,3841,2193,1648
103000014,1558,2952,-1394
103000015,1623,596,1027
103000016,566,1504,-938
103000017,213,506,-293
103000018,994,303,691
103000019,390,314,76
103000020,2175,1353,822
103000021,1801,1834,-33
103000022,891,1146,-255
103000023,776,1906,-1130
103000024,96,120,-24
103000025,113,695,-582
103000026,926,129,797
103000027,289,753,-464
103000028,412,407,5
103000029,264,414,-150
103000030,1627,1323,304
103000031,1491,2327,-836
103000032,2502,1771,731
103000033,3223,2916,307
103000034,1756,1292,464
103000035,579,1437,-858
103000036,394,475,-81
103000037,666,653,13
103000038,678,1153,-475
103000039,514,360,154
103000040,400,743,-343
103000041,1682,1945,-263
103000042,1422,389,1033
103000043,668,798,-130
103000044,398,179,219
103000046,508,480,28
103000047,584,651,-67
103000048,271,181,90
103000049,112,156,-44
103000050,724,473,251
103000051,578,501,77
103000052,775,340,435
103000053,229,550,-321
103000054,2889,1177,1712
103000055,2004,2051,-47
103000056,911,1269,-358
103000057,947,324,623
103000058,720,802,-82
103000059,560,681,-121
103000060,871,514,357
103000061,494,887,-393
103000062,1299,483,816
103000063,1056,914,142
103000064,126,156,-30
103000065,5,300,-295
103000066,214,15,199
103000069,553,326,227
103000070,1028,804,224
103000071,1473,589,884
103000072,141,642,-501
103000073,655,101,554
103000074,774,95,679
103000075,87,593,-506
103000076,395,436,-41
103000077,45,453,-408
103000078,1045,841,204
103000079,730,880,-150
103000080,1117,456,661
103000081,453,1482,-1029
103000082,467,170,297
103000083,169,306,-137
103000084,113,5,108
103000085,2,142,-140
103000086,575,490,85
103000087,191,599,-408
103000088,228,282,-54
103000089,224,476,-252
103000090,2501,953,1548
103000091,686,446,240
103000092,282,275,7
103000093,284,321,-37
103000094,235,127,108
103000095,68,321,-253
103000096,574,80,494
103000097,63,656,-593
103000098,783,169,614
103000099,274,626,-352
103000100,162,610,-448
103000101,1060,102,958
103000102,122,469,-347
103000103,740,119,621
103000104,89,89,0
103000105,153,44,109
103000106,7,127,-120
103000107,192,56,136
103000108,897,584,313
103000109,441,367,74
103000110,590,556,34
103000111,517,489,28
103000112,422,184,238
103000113,544,631,-87
103000114,1316,526,790
103000115,669,430,239
103000116,660,400,260
103000117,427,511,-84
103000118,648,579,69
103000119,1146,554,592
103000120,73,146,-73
103000121,438,946,-508
103000122,577,984,-407
103000125,56,244,-188
103000126,763,3,760
103000127,2,165,-163
103000128,194,4,190
103000129,8,135,-127
103000130,72,54,18
103000131,251,108,143
103000132,75,289,-214
103000133,22,170,-148
103000134,443,992,-549
103000135,593,273,320
103000136,673,460,213
103000137,520,575,-55
103000138,662,700,-38
103000139,5,74,-69
103000140,144,42,102
103000141,74,134,-60
103000142,158,100,58
103000143,47,168,-121
103000144,243,61,182
103000145,55,313,-258
103000150,135,48,87
103000152,190,240,-50
103000153,281,156,125
103000156,18,288,-270
103000157,521,10,511
103000159,178,57,121
103000162,88,68,20
103000163,29,73,-44
103000164,46,14,32
103000165,120,237,-117
103000166,266,276,-10
103000167,225,85,140
103000168,155,183,-28
103000169,225,518,-293
103000170,936,421,515
103000171,53,126,-73
103000172,847,738,109
103000173,777,324,453
103000174,235,332,-97
103000175,437,285,152
103000176,912,565,347
103000177,515,411,104
103000178,272,294,-22
103000179,217,36,181
103000183,122,16,106
103000185,127,33,94
103000186,192,126,66
103000187,751,310,441
103000188,15,104,-89
103000189,738,677,61
103000191,670,611,59
103000292,1274,1892,-618
103000293,1040,2777,-1737
103000295,77,118,-41
103000296,527,4,523
103000297,118,176,-58
103000504,31,22,9
103000505,6,39,-33
103000506,1,232,-231
103000507,230,4,226
103000508,70,85,-15
103000509,263,453,-190
103900001,4,190,-186
103900002,1045,225,820
103900003,1186,83,1103
103900004,134,0,134
103900005,1,165,-164
103900006,10,0,10
103900007,56,4,52
103900008,12,1,11
103900009,272,456,-184
103900010,162,357,-195
103900011,438,188,250
103900012,25,22,3
103900013,71,60,11
103900014,50,15,35
103900015,80,15,65
103900016,206,236,-30
103900017,32,64,-32
103900018,505,189,316
103900019,90,367,-277
103900020,203,482,-279
103900021,371,49,322
103900022,1087,521,566
103900023,189,2,187
103900024,116,468,-352
103900025,20,65,-45
103900026,26,0,26
103900027,769,206,563
103900028,39,280,-241
103900029,937,78,859
103900030,288,115,173
103900031,43,0,43
103900032,81,55,26
103900033,111,21,90
103900034,41,108,-67
103900035,76,61,15
103900036,59,50,9
103900037,96,80,16
103900038,124,206,-82
103900039,110,224,-114
103900040,5,144,-139
103900041,67,60,7
103900042,78,226,-148
103900043,144,58,86
103900044,79,246,-167
103900045,303,141,162
103900047,88,28,60
103900048,75,27,48
103900049,177,1378,-1201
103900050,20,146,-126
103900051,2,39,-37
103900052,213,357,-144
103900053,190,489,-299
103900054,127,275,-148
103900055,459,221,238
103900056,41,50,-9
103900057,57,148,-91
103900058,323,498,-175
103900059,0,44,-44
103900060,61,171,-110
103900061,160,40,120
103900062,401,131,270
103900063,9,0,9
103900064,116,8,108
103900065,724,426,298
103900066,178,45,133
103900067,211,11,200
103900068,3,0,3
103900069,90,13,77
103900070,194,162,32
103900071,23,118,-95
103900072,25,141,-116
103900073,42,35,7
103900074,92,72,20
103900075,160,50,110
103900076,621,543,78
103900077,50,87,-37
103900078,324,96,228
103900079,174,161,13
103900080,10,40,-30
103900081,49,19,30
103900082,11,130,-119
103900083,1092,1103,-11
103900084,120,182,-62
103900085,73,134,-61
103900086,814,396,418
103900087,33,70,-37
103900088,383,600,-217
103900089,93,135,-42
103900090,138,255,-117
103900091,1063,265,798
103900092,696,549,147
103900093,102,299,-197
103900094,14,81,-67
103900095,375,279,96
103900096,47,147,-100
103900097,9,409,-400
103900098,248,131,117
103900099,99,103,-4
103900100,335,253,82
103900101,154,1034,-880
103900102,0,17,-17
103900104,6,21,-15
103900105,77,145,-68
103900106,6,131,-125
103900107,173,157,16
103900108,52,273,-221
103900109,131,66,65
103900110,326,69,257
103900111,145,508,-363
103900112,107,199,-92
103900113,155,269,-114
103900114,464,282,182
103900115,363,216,147
103900116,3852,2496,1356
103900117,102,49,53
103900119,49,84,-35
103900120,75,80,-5
103900122,109,172,-63
103900123,943,524,419
103900124,24,14,10
103900125,110,42,68
103900126,539,290,249
103900127,163,428,-265
103900128,183,142,41
103900131,45,78,-33
103900133,901,46,855
103900134,0,9,-9
103900135,2,4,-2
103900137,0,19,-19
103900138,132,124,8
103900139,219,2318,-2099
103900140,7,163,-156
103900141,270,67,203
103900142,197,91,106
103900143,62,4,58
103900144,0,26,-26
103900145,217,262,-45
103900146,335,254,81
103900147,439,188,251
103900148,250,185,65
103900149,318,447,-129
103900150,5974,4728,1246
103900151,39,214,-175
103900152,626,390,236
103900153,9,5,4
103900154,675,1681,-1006
103900155,52,176,-124
103900156,65,133,-68
103900157,62,158,-96
103900158,104,124,-20
103900159,224,60,164
103900160,66,37,29
103900161,90,119,-29
103900162,64,188,-124
103900163,14,369,-355
103900164,287,29,258
103900167,25,102,-77
103900168,155,102,53
103900169,41,87,-46
103900170,3,73,-70
103900171,0,39,-39
103900172,5,15,-10
103900173,11,26,-15
103900174,248,63,185
103900175,52,68,-16
103900176,13,26,-13
103900177,7,55,-48
103900178,43,36,7
103900179,48,67,-19
103900180,11,39,-28
103900181,44,32,12
103900182,23,19,4
103900184,345,86,259
103900185,113,436,-323
103900187,15,83,-68
103900188,58,31,27
103900189,138,16,122
103900190,84,60,24
103900191,36,85,-49
103900192,27,105,-78
103900193,112,168,-56
103900194,91,222,-131
103900195,2,86,-84
103900196,56,72,-16
103900197,40,41,-1
103900198,11,53,-42
103900199,177,47,130
103900200,181,98,83
103900201,147,201,-54
103900202,46,88,-42
103900203,49,34,15
103900204,0,64,-64
103900207,0,69,-69
103900208,121,3,118
103900209,11,106,-95
103900210,51,24,27
103900211,538,252,286
103900212,130,282,-152
103900213,46,250,-204
103900214,261,191,70
103900215,246,286,-40
103900216,12,550,-538
103900217,604,45,559
103900218,2,308,-306
103900219,247,293,-46
103900233,106,4,102
103900235,40,19,21
103900236,18,0,18
103900242,3,11,-8
103900243,12,4,8
103900244,161,175,-14
103900245,122,130,-8
103900246,46,38,8
103900247,12,70,-58
103900248,20,172,-152
103900249,11,98,-87
103900250,22,24,-2
103900251,2,38,-36
103900253,14,99,-85
103900254,3,25,-22
103900255,8,23,-15
103900256,13,22,-9
103900257,36,118,-82
103900258,51,5,46
103900259,64,12,52
103900261,9,2,7
103900262,39,8,31
103900263,49,42,7
103900264,40,22,18
103900265,67,28,39
103900266,1,128,-127
103900267,12,52,-40
104000001,2630,2198,432
104000002,2274,2302,-28
104000003,2646,2479,167
104000004,3692,2625,1067
104000005,1828,1891,-63
104000006,3727,2849,878
104000007,4410,4555,-145
104000008,200,270,-70
104000009,229,122,107
104000010,247,309,-62
104000011,377,218,159
104000012,147,246,-99
104000013,267,225,42
104000014,204,454,-250
104000015,436,160,276
104000016,502,328,174
104000018,954,161,793
104000019,690,214,476
104000020,152,443,-291
104000021,209,366,-157
104000022,108,211,-103
104000023,841,343,498
104000024,229,278,-49
104000026,34,260,-226
104000027,265,203,62
104000028,402,206,196
104000029,340,250,90
104000030,337,192,145
104000031,1558,357,1201
104000032,247,225,22
104000033,752,420,332
104000034,380,225,155
104000035,990,383,607
104000036,877,429,448
104000037,307,198,109
104000038,540,272,268
104000039,303,171,132
104000040,192,275,-83
104000041,717,310,407
104000042,217,261,-44
104000043,226,247,-21
104000044,255,472,-217
104000045,937,750,187
104000046,970,1206,-236
104000047,1133,1176,-43
104000048,1165,1156,9
104000049,580,512,68
104000050,229,879,-650
104000051,136,532,-396
104000052,1635,1602,33
104000053,903,452,451
104000054,667,357,310
104000055,3540,2292,1248
104000056,976,259,717
104000057,180,354,-174
104000058,766,702,64
104000059,595,963,-368
104000060,1105,1126,-21
104000061,1391,1113,278
104000062,338,102,236
104000064,508,337,171
104000065,317,791,-474
104000069,844,1203,-359
104000070,75,524,-449
104000071,138,388,-250
104000072,535,209,326
104000075,112,268,-156
104000076,443,81,362
104000082,2490,3508,-1018
104000083,776,181,595
104000084,151,526,-375
104000085,348,358,-10
104000086,231,390,-159
104000087,423,1983,-1560
104000090,767,963,-196
104000092,1344,1487,-143
104000094,912,1250,-338
104000095,2017,1326,691
104000096,1728,179,1549
104000097,2128,655,1473
104000098,2595,827,1768
104000100,2004,542,1462
104000101,1344,1413,-69
104000106,40,590,-550
104000107,653,360,293
104000108,266,498,-232
104000109,387,141,246
104000110,788,1098,-310
104000111,3468,2635,833
104000112,1832,484,1348
104000116,3,841,-838
104000117,202,519,-317
104000118,737,191,546
104000119,775,283,492
104000120,290,699,-409
104000121,212,678,-466
104000122,684,788,-104
104000123,718,763,-45
104000124,775,1701,-926
104000125,3177,4644,-1467
104000126,568,438,130
104000127,1304,1964,-660
104000128,667,378,289
104000129,201,14,187
104000130,3,331,-328
104000131,397,363,34
104000132,401,448,-47
104000133,1410,891,519
104000134,1035,1762,-727
104000135,466,2074,-1608
104000136,942,4091,-3149
104000137,1819,459,1360
104000138,1194,456,738
104000139,5163,2922,2241
104000141,1156,1545,-389
104000142,652,624,28
104000143,676,416,260
104000144,145,175,-30
104000145,377,201,176
104000146,252,449,-197
104000147,164,239,-75
104000148,412,224,188
104000149,144,236,-92
104000150,1172,638,534
104000151,383,390,-7
104000152,639,545,94
104000153,659,572,87
104000154,858,518,340
104000155,491,531,-40
104000157,1217,1223,-6
104000158,619,1212,-593
104000159,946,864,82
104000160,1918,1956,-38
104000161,215,212,3
104000162,95,182,-87
104000165,831,950,-119
104000167,712,1161,-449
104000168,617,17,600
104000169,158,28,130
104000170,442,554,-112
104000248,355,488,-133
104000251,67,161,-94
104000272,0,0,0
104000273,0,0,0
104000274,0,0,0
104000275,0,0,0
104000279,768,463,305
104000290,132,284,-152
104000291,460,1050,-590
104000293,862,690,172
104000294,46,1,45
104000295,642,824,-182
104000296,398,699,-301
104000297,920,2182,-1262
104000298,2134,953,1181
104000299,739,1552,-813
104900001,158,308,-150
104900002,127,178,-51
104900003,68,283,-215
104900004,87,212,-125
104900005,417,257,160
104900006,326,92,234
104900007,290,179,111
104900009,140,273,-133
104900010,73,42,31
104900011,48,13,35
104900012,276,41,235
104900013,159,22,137
104900014,2163,321,1842
104900015,108,12,96
104900016,248,206,42
104900017,213,231,-18
104900018,6,154,-148
104900019,276,3093,-2817
104900020,42,269,-227
104900021,0,125,-125
104900022,6,101,-95
104900023,1,56,-55
104900024,23,65,-42
104900025,105,218,-113
104900026,2,74,-72
104900027,584,271,313
104900028,46,83,-37
104900029,45,57,-12
104900030,549,189,360
104900031,84,216,-132
104900032,56,88,-32
104900033,212,253,-41
104900034,436,227,209
104900035,357,173,184
104900036,277,70,207
104900037,180,162,18
104900038,356,919,-563
104900039,516,493,23
104900040,547,76,471
104900041,344,184,160
104900042,149,228,-79
104900043,20,177,-157
104900044,736,177,559
104900045,466,74,392
104900046,243,123,120
104900047,382,113,269
104900048,368,94,274
104900049,48,37,11
104900050,248,100,148
104900051,319,57,262
104900052,79,1,78
104900053,412,120,292
104900054,259,37,222
104900055,148,1,147
104900056,182,39,143
104900057,53,0,53
104900058,828,712,116
104900059,206,74,132
104900060,0,459,-459
104900061,202,408,-206
104900063,1,90,-89
104900064,1,68,-67
104900065,0,195,-195
104900066,5,94,-89
104900067,7,303,-296
104900068,30,138,-108
104900070,173,264,-91
104900071,0,415,-415
104900072,51,254,-203
104900073,108,181,-73
104900074,69,190,-121
104900075,45,57,-12
104900076,100,197,-97
104900077,801,320,481
104900078,183,330,-147
104900079,196,514,-318
104900080,98,445,-347
104900082,17,356,-339
104900085,1,187,-186
104900087,315,6,309
104900089,230,1,229
104900090,984,882,102
104900091,744,604,140
104900093,193,546,-353
104900097,1995,2367,-372
104900098,207,53,154
104900099,160,611,-451
104900100,437,258,179
104900102,29,114,-85
104900103,426,97,329
104900104,3015,2606,409
104900106,136,112,24
104900107,137,180,-43
104900108,38,201,-163
104900109,126,213,-87
104900110,11,59,-48
104900111,208,213,-5
104900112,299,486,-187
104900113,752,296,456
104900114,413,432,-19
104900115,809,373,436
104900116,323,160,163
104900118,20,54,-34
104900119,11,65,-54
104900120,19,253,-234
104900121,0,74,-74
104900122,4,42,-38
104900123,60,15,45
104900124,50,0,50
104900125,559,8,551
104900126,51,32,19
104900127,33,70,-37
104900128,103,210,-107
104900129,1711,2422,-711
105000001,3005,1556,1449
105000002,2687,1730,957
105000003,3502,4314,-812
105000004,792,911,-119
105000005,1064,1256,-192
105000006,1633,1939,-306
105000007,1335,1875,-540
105000008,1769,3882,-2113
105000009,2712,3634,-922
105000010,2700,1865,835
105000011,4194,3569,625
105000012,3725,2750,975
105000013,1152,1186,-34
105000014,2085,3145,-1060
105000015,10785,17170,-6385
105000016,2567,2514,53
105000017,1883,944,939
105000018,1300,1636,-336
105000019,1279,1092,187
105000020,207,483,-276
105000021,313,124,189
105000022,337,139,198
105000023,611,426,185
105000028,78,115,-37
105000029,648,1737,-1089
105000030,4133,2557,1576
105000033,998,1775,-777
105000034,167,1128,-961
105000037,649,269,380
105000038,2458,2449,9
105000039,2295,1950,345
105000040,1155,1508,-353
105000041,816,1314,-498
105000042,4700,2004,2696
105000043,1791,2446,-655
105000044,919,599,320
105000045,433,644,-211
105000046,1355,414,941
105000047,546,1061,-515
105000048,709,200,509
105000049,216,401,-185
105000050,679,343,336
105000051,164,351,-187
105000052,663,865,-202
105000053,152,145,7
105000054,423,896,-473
105000055,783,304,479
105000056,1488,1867,-379
105000057,1223,777,446
105000058,1203,1063,140
105000059,807,628,179
105000060,594,545,49
105000061,811,544,267
105000062,580,693,-113
105000063,277,427,-150
105000064,1746,789,957
105000065,333,540,-207
105000066,1101,1274,-173
105000067,1632,870,762
105000068,434,774,-340
105000069,1786,1928,-142
105000070,664,1047,-383
105000071,260,907,-647
105000072,785,2374,-1589
105000073,1017,756,261
105000074,1191,772,419
105000075,583,908,-325
105000076,1348,968,380
105000077,2704,1377,1327
105000078,1258,1479,-221
105000079,1207,3489,-2282
105000080,2486,1650,836
105000081,3389,1522,1867
105000082,1122,2058,-936
105000083,4727,4455,272
105000084,580,771,-191
105000085,1974,2437,-463
105000086,621,981,-360
105000087,1458,2117,-659
105000088,1794,1732,62
105000089,3861,2493,1368
105000090,955,1003,-48
105000091,1275,1645,-370
105000092,710,901,-191
105000093,315,290,25
105000094,427,366,61
105000095,141,546,-405
105000096,1188,1269,-81
105000097,924,877,47
105000098,1184,790,394
105000099,897,749,148
105000100,1611,1096,515
105000101,2095,2821,-726
105000102,3016,2055,961
105000103,2063,4065,-2002
105000104,2426,1237,1189
105000105,1166,1730,-564
105000106,1842,1728,114
105000107,1976,993,983
105000108,2216,1544,672
105000109,1989,1677,312
105000110,1063,500,563
105000111,871,512,359
105000112,1230,643,587
105000113,450,680,-230
105000114,2199,1209,990
105000115,312,1067,-755
105000116,888,615,273
105000117,774,770,4
105000118,679,531,148
105000119,794,1005,-211
105000120,1372,690,682
105000121,992,957,35
105000122,435,645,-210
105000123,983,1068,-85
105000124,2373,799,1574
105000125,913,1538,-625
105000126,2589,1608,981
105000127,2566,1742,824
105000128,689,952,-263
105000129,958,397,561
105000130,399,3086,-2687
105000131,851,362,489
105000132,1139,763,376
105000133,529,988,-459
105000134,978,639,339
105000135,423,545,-122
105000136,79,104,-25
105000137,479,272,207
105000138,85,106,-21
105000139,1034,818,216
105000140,379,467,-88
105000141,435,559,-124
105000142,225,393,-168
105000143,300,673,-373
105000144,245,800,-555
105000145,829,381,448
105000146,407,876,-469
105000147,754,349,405
105000148,1285,638,647
105000149,2897,2388,509
105000150,1912,1601,311
105000151,525,368,157
105000152,213,494,-281
105000153,623,594,29
105000154,682,507,175
105000155,358,911,-553
105000156,822,649,173
105000157,812,1618,-806
105000158,1951,745,1206
105000159,346,977,-631
105000160,2084,555,1529
105000161,807,780,27
105000162,626,1759,-1133
105000163,1036,770,266
105000164,255,238,17
105000165,708,5413,-4705
105000166,4804,1081,3723
105000167,1462,1944,-482
105000168,420,548,-128
105000169,542,265,277
105000170,263,1214,-951
105000171,1065,228,837
105000172,190,36,154
105000173,199,32,167
105000174,72,57,15
105000175,107,140,-33
105000176,613,231,382
105000177,359,197,162
105000178,225,489,-264
105000179,682,259,423
105000180,193,204,-11
105000181,155,285,-130
105000182,78,51,27
105000183,2085,2247,-162
105000184,980,1900,-920
105000185,1986,1466,520
105000186,435,1046,-611
105000187,1135,305,830
105000188,289,233,56
105000189,168,650,-482
105000190,460,543,-83
105000191,494,399,95
105000192,431,81,350
105000193,101,206,-105
105000194,418,106,312
105000195,414,842,-428
105000196,71,251,-180
105000197,279,552,-273
105000198,598,345,253
105000199,230,534,-304
105000200,181,352,-171
105000201,166,39,127
105000203,10,134,-124
105000204,84,91,-7
105000205,102,253,-151
105000207,658,188,470
105000208,390,694,-304
105000209,269,258,11
105000212,1288,1074,214
105000213,168,215,-47
105000214,188,300,-112
105000215,377,177,200
105000216,181,302,-121
105000217,167,270,-103
105000218,1513,1118,395
105000221,195,181,14
105000222,528,275,253
105000223,345,238,107
105000226,84,243,-159
105000227,83,174,-91
105000228,240,2091,-1851
105000229,175,630,-455
105000231,328,284,44
105000233,882,760,122
105000234,488,1258,-770
105000235,449,535,-86
105000237,871,57,814
105000243,36,105,-69
105000248,63,78,-15
105000262,395,1035,-640
105000269,180,182,-2
105000270,451,52,399
105000271,1,189,-188
105000282,57,36,21
105000287,433,137,296
105000288,590,392,198
105000289,2585,2093,492
105000290,37,22,15
105000402,3195,4577,-1382
105000426,541,691,-150
105000438,3930,1561,2369
105000446,12767,5869,6898
105000447,6250,2830,3420
105000454,588,287,301
105000455,266,168,98
105000474,91,1,90
105000477,516,631,-115
105000478,2236,5474,-3238
105000479,98,152,-54
105000480,9230,7524,1706
105000481,5505,4239,1266
105000482,4869,7500,-2631
105000483,2058,2370,-312
105000484,2584,3190,-606
105000485,2030,3723,-1693
105000486,3475,2520,955
105000488,8694,4991,3703
105000489,1081,787,294
105000549,97,150,-53
105000550,392,1681,-1289
105000551,54,145,-91
105000552,2330,1338,992
105900001,21,2875,-2854
105900002,1110,674,436
105900003,12,138,-126
105900004,349,117,232
105900005,22,222,-200
105900006,22,129,-107
105900007,169,47,122
105900008,67,463,-396
105900009,24,23,1
105900011,440,83,357
105900012,687,180,507
105900013,3,38,-35
105900014,18,78,-60
105900015,182,507,-325
105900016,633,612,21
105900017,1405,35,1370
105900018,187,178,9
105900019,66,648,-582
105900020,39,72,-33
105900021,39,1427,-1388
105900022,295,244,51
105900023,7,247,-240
105900024,15,472,-457
105900025,277,22,255
105900026,275,20,255
105900027,16721,8885,7836
105900028,625,699,-74
105900029,1886,336,1550
105900030,166,267,-101
105900031,354,211,143
105900032,134,144,-10
105900033,112,132,-20
105900034,179,259,-80
105900035,227,188,39
105900036,105,144,-39
105900037,93,58,35
105900038,157,244,-87
105900039,131,82,49
105900040,66,96,-30
105900041,167,239,-72
105900042,77,130,-53
105900043,1700,73,1627
105900044,6,308,-302
105900045,4,813,-809
105900046,6,230,-224
105900047,24,38,-14
105900048,95,413,-318
105900050,6706,9658,-2952
105900051,77,1226,-1149
105900052,619,192,427
105900053,2779,3131,-352
105900054,349,254,95
105900056,788,440,348
105900057,77,204,-127
105900058,14,10,4
105900059,0,41,-41
106000001,4140,2404,1736
106000002,1996,5109,-3113
106000003,3341,3479,-138
106000004,1545,2599,-1054
106000005,3821,5317,-1496
106000006,5537,3261,2276
106000007,554,588,-34
106000008,590,354,236
106000009,652,387,265
106000010,734,611,123
106000011,1214,1131,83
106000012,984,1183,-199
106000013,2178,1994,184
106000014,1818,1376,442
106000015,1996,1334,662
106000016,1317,1587,-270
106000017,632,757,-125
106000018,598,457,141
106000019,384,377,7
106000020,408,309,99
106000021,310,403,-93
106000022,387,177,210
106000023,681,340,341
106000024,550,421,129
106000025,129,202,-73
106000026,76,183,-107
106000027,1638,1314,324
106000028,591,377,214
106000029,737,926,-189
106000030,522,647,-125
106000034,221,504,-283
106000035,933,1943,-1010
106000036,250,462,-212
106000037,1751,1270,481
106000038,298,119,179
106000039,118,111,7
106000040,129,1000,-871
106000041,709,608,101
106000043,558,279,279
106000046,352,78,274
106000047,53,483,-430
106000049,1083,198,885
106000050,265,497,-232
106000051,787,521,266
106000052,120,454,-334
106000053,490,124,366
106000054,386,387,-1
106000055,1276,1032,244
106000056,243,355,-112
106000057,446,235,211
106000058,143,160,-17
106000059,395,275,120
106000060,352,397,-45
106000061,264,555,-291
106000062,160,528,-368
106000063,779,556,223
106000064,22,344,-322
106000065,415,371,44
106000066,142,284,-142
106000067,473,125,348
106000068,72,547,-475
106000069,293,63,230
106000070,437,619,-182
106000071,1203,328,875
106000072,2662,1432,1230
106000073,1467,2797,-1330
106000074,603,617,-14
106000075,364,1321,-957
106000076,1727,2030,-303
106000077,3306,1206,2100
106000078,1218,879,339
106000079,826,913,-87
106000080,1345,622,723
106000081,744,1057,-313
106000082,2511,871,1640
106000083,529,1400,-871
106000084,1292,658,634
106000085,1488,1419,69
106000086,603,755,-152
106000087,1089,485,604
106000088,426,688,-262
106000089,1052,359,693
106000090,266,603,-337
106000091,283,471,-188
106000092,602,291,311
106000093,304,121,183
106000094,87,235,-148
106000095,889,750,139
106000096,919,586,333
106000097,1347,691,656
106000098,708,892,-184
106000099,269,1258,-989
106000100,1797,257,1540
106000101,1738,699,1039
106000102,302,1384,-1082
106000103,336,672,-336
106000104,963,398,565
106000105,504,618,-114
106000106,680,439,241
106000107,144,182,-38
106000108,292,213,79
106000109,191,182,9
106000110,260,257,3
106000111,203,300,-97
106000112,197,484,-287
106000113,659,503,156
106000114,469,584,-115
106000115,195,324,-129
106000116,338,192,146
106000117,1160,596,564
106000118,1323,1229,94
106000119,1156,790,366
106000120,1040,1175,-135
106000121,160,123,37
106000122,119,159,-40
106000123,476,94,382
106000124,84,190,-106
106000125,36,186,-150
106000126,320,90,230
106000127,982,651,331
106000128,766,166,600
106000129,493,464,29
106000130,875,285,590
106000131,163,587,-424
106000132,581,149,432
106000133,2191,1069,1122
106000134,551,2164,-1613
106000135,188,471,-283
106000136,696,953,-257
106000137,84,687,-603
106000138,1057,93,964
106000139,45,95,-50
106000140,55,54,1
106000141,92,53,39
106000142,107,58,49
106000143,37,36,1
106000144,49,70,-21
106000145,274,202,72
106000146,465,153,312
106000147,405,413,-8
106000148,470,697,-227
106000149,648,292,356
106000150,557,1719,-1162
106000151,3577,794,2783
106000152,1338,1775,-437
106000153,107,1842,-1735
106000154,1368,169,1199
106000155,132,268,-136
106000156,1186,256,930
106000157,626,1376,-750
106000158,2113,843,1270
106000159,2829,1913,916
106000160,559,2888,-2329
106000161,1625,309,1316
106000162,354,952,-598
106000163,472,267,205
106000164,509,264,245
106000165,225,390,-165
106000166,880,236,644
106000167,385,753,-368
106000168,588,229,359
106000169,326,518,-192
106000170,963,214,749
106000171,233,1199,-966
106000172,3035,1317,1718
106000173,1110,2758,-1648
106000174,1296,422,874
106000175,277,819,-542
106000176,1629,778,851
106000177,784,2300,-1516
106000178,3225,1517,1708
106000179,1004,1810,-806
106000180,890,981,-91
106000181,943,1923,-980
106000182,1530,711,819
106000183,1501,607,894
106000184,1613,748,865
106000185,1070,1630,-560
106000186,909,149,760
106000187,230,922,-692
106000188,2,6,-4
106000189,30,32,-2
106000190,28,3,25
106000191,661,178,483
106000192,9,26,-17
106000193,510,202,308
106000194,182,458,-276
106000195,1081,343,738
106000196,300,877,-577
106000197,661,425,236
106000198,180,219,-39
106000199,753,803,-50
106000200,318,228,90
106000201,470,2862,-2392
106000202,3363,627,2736
106000203,46,152,-106
106000204,90,9,81
106000205,21,148,-127
106000206,78,24,54
106000207,57,654,-597
106000208,1513,154,1359
106000209,1700,364,1336
106000210,465,880,-415
106000211,367,1155,-788
106000212,925,400,525
106000213,639,2078,-1439
106000214,2508,783,1725
106000215,278,464,-186
106000216,347,290,57
106000217,299,300,-1
106000218,435,360,75
106000219,157,216,-59
106000220,510,283,227
106000221,137,189,-52
106000222,88,83,5
106000223,330,108,222
106000224,213,145,68
106000225,96,139,-43
106000226,97,226,-129
106000228,71,80,-9
106000229,67,590,-523
106000231,908,113,795
106000232,90,396,-306
106000233,636,126,510
106000234,70,259,-189
106000235,490,117,373
106000236,181,83,98
106000237,0,13,-13
106000238,3,18,-15
106000239,12,74,-62
106000240,77,7,70
106000241,24,527,-503
106000242,259,37,222
106000249,91,73,18
106000250,46,502,-456
106000251,107,20,87
106000252,31,100,-69
106000253,68,58,10
106000254,128,48,80
106000255,26,158,-132
106000256,87,32,55
106000257,151,266,-115
106000258,151,15,136
106000259,0,78,-78
106000260,32,3,29
106000261,6,60,-54
106000262,75,11,64
106000263,12,46,-34
106000264,307,8,299
106000265,12,170,-158
106000266,134,18,116
106000267,4,130,-126
106000268,474,41,433
106000269,49,54,-5
106000270,134,430,-296
106000271,126,161,-35
106000272,188,68,120
106000273,11,266,-255
106000274,156,35,121
106000275,161,256,-95
106000276,195,55,140
106000277,122,303,-181
106000278,215,31,184
106000279,14,32,-18
106000280,87,65,22
106000281,115,46,69
106000282,71,87,-16
106000283,123,49,74
106000284,84,105,-21
106000285,121,68,53
106000286,140,107,33
106000287,119,50,69
106000288,90,130,-40
106000289,111,66,45
106000290,57,71,-14
106000291,105,94,11
106000292,99,82,17
106000293,185,92,93
106000294,147,98,49
106000295,53,51,2
106000296,50,57,-7
106000297,55,227,-172
106000298,89,62,27
106000299,65,119,-54
106000300,51,88,-37
106000301,64,118,-54
106000303,71,121,-50
106000304,37,23,14
106000305,58,40,18
106000306,42,38,4
106000307,69,26,43
106000308,23,119,-96
106000309,13,74,-61
106000310,286,439,-153
106000311,414,211,203
106000312,116,139,-23
106000313,215,211,4
106000318,112,461,-349
106000319,1005,199,806
106000320,5,128,-123
106000321,332,147,185
106000322,183,130,53
106000324,17,167,-150
106000325,1800,1009,791
106000326,1014,1523,-509
106000327,232,101,131
106000328,36,78,-42
106000329,71,230,-159
106000330,38,81,-43
106000428,98,130,-32
106000429,107,384,-277
106000430,366,1081,-715
106000431,2325,340,1985
106000432,1563,2466,-903
106000433,2570,1203,1367
106000434,3445,1576,1869
106000435,1393,2381,-988
106000436,24,180,-156
106000437,318,93,225
106000438,319,198,121
106000439,59,666,-607
106000440,308,736,-428
106000441,5,0,5
106000442,121,7,114
106000443,202,200,2
106000450,4,145,-141
106000451,15,53,-38
106000454,5,102,-97
106000455,6,141,-135
106000456,87,28,59
106000457,35,758,-723
106000458,862,98,764
106000459,158,269,-111
106000460,1629,15,1614
106000461,86,826,-740
106000462,1,26,-25
106000463,2,12,-10
106000464,4,368,-364
106000465,763,9,754
106000466,3,422,-419
106000467,277,385,-108
106000468,112,152,-40
106000469,140,0,140
106000470,300,1879,-1579
106000471,21,507,-486
106000472,156,10,146
106000473,46,14,32
106000474,289,342,-53
106000475,236,135,101
106000476,140,201,-61
106000477,22,28,-6
106900001,0,9,-9
106900002,1,252,-251
106900003,225,2429,-2204
106900004,0,23,-23
106900006,0,10,-10
106900007,0,11,-11
106900008,400,138,262
106900009,364,221,143
106900010,187,216,-29
106900012,1250,2752,-1502
106900013,776,179,597
106900014,14,1,13
106900015,21,1,20
106900016,370,9,361
106900017,9,1,8
106900018,3,0,3
106900019,53,1,52
106900020,3802,1617,2185
106900021,83,102,-19
106900022,837,1,836
106900023,57,269,-212
106900024,1137,51,1086
106900025,43,1057,-1014
106900026,2,379,-377
106900027,834,3,831
107000001,4566,5247,-681
107000002,2978,4471,-1493
107000003,7190,7978,-788
107000004,5061,4597,464
107000005,5444,6113,-669
107000006,3859,3362,497
107000007,7296,10921,-3625
107000008,10595,7151,3444
107000009,9554,9087,467
107000010,9669,8800,869
107000011,1087,1350,-263
107000012,3808,2704,1104
107000013,96,111,-15
107000014,67,211,-144
107000015,647,769,-122
107000016,854,705,149
107000017,6294,6174,120
107000018,87,4255,-4168
107000020,4444,6159,-1715
107000021,1851,573,1278
107000022,1413,3389,-1976
107000023,1898,270,1628
107000024,934,1563,-629
107000025,212,406,-194
107000026,405,425,-20
107000027,1525,1250,275
107000028,1858,1190,668
107000029,3924,3262,662
107000030,3345,2913,432
107000031,4671,3182,1489
107000032,579,966,-387
107000033,3075,5741,-2666
107000034,6284,1620,4664
107000035,447,294,153
107000036,887,1331,-444
107000037,86,909,-823
107000038,226,246,-20
107000039,893,869,24
107000040,217,345,-128
107000041,1829,957,872
107000042,849,2291,-1442
107000043,2923,1235,1688
107000044,555,457,98
107000045,100,297,-197
107000046,952,452,500
107000047,499,806,-307
107000048,673,377,296
107000049,750,811,-61
107000050,1170,575,595
107000051,350,316,34
107000052,1314,1053,261
107000053,454,221,233
107000054,97,287,-190
107000055,167,98,69
107000056,510,889,-379
107000057,1604,242,1362
107000058,2636,2540,96
107000059,1955,2892,-937
107000060,5539,5790,-251
107000061,5159,3312,1847
107000062,5961,3242,2719
107000063,4051,4364,-313
107000064,5413,3295,2118
107000065,3881,4283,-402
107000066,3034,4405,-1371
107000067,1504,1455,49
107000068,1581,941,640
107000069,1049,670,379
107000070,1285,6,1279
107000071,3770,47,3723
107000072,37,2317,-2280
107000073,1030,437,593
107000074,133,746,-613
107000075,2186,506,1680
107000076,644,1281,-637
107000077,4521,1503,3018
107000078,2404,2777,-373
107000079,3299,1281,2018
107000080,1105,2842,-1737
107000081,2308,678,1630
107000082,551,1776,-1225
107000083,1442,505,937
107000084,367,1644,-1277
107000085,3305,3342,-37
107000086,3683,3283,400
107000087,3484,2319,1165
107000088,3567,3795,-228
107000089,1709,1903,-194
107000090,1341,1017,324
107000091,1560,831,729
107000092,970,977,-7
107000093,1273,966,307
107000094,941,1082,-141
107000095,975,690,285
107000096,580,765,-185
107000097,566,233,333
107000098,314,335,-21
107000099,528,304,224
107000100,319,296,23
107000101,89,148,-59
107000102,231,329,-98
107000103,332,195,137
107000104,187,241,-54
107000105,392,162,230
107000106,161,224,-63
107000107,645,151,494
107000108,145,438,-293
107000109,790,198,592
107000110,87,621,-534
107000111,422,72,350
107000112,57,272,-215
107000113,688,157,531
107000114,128,454,-326
107000115,728,175,553
107000116,121,573,-452
107000117,271,585,-314
107000118,187,155,32
107000119,1699,1516,183
107000120,1068,473,595
107000121,1134,624,510
107000122,1285,818,467
107000123,509,610,-101
107000124,577,740,-163
107000125,1130,669,461
107000126,963,620,343
107000127,20,365,-345
107000129,251,164,87
107000130,351,284,67
107000131,570,337,233
107000132,765,446,319
107000133,559,133,426
107000134,450,3,447
107000135,7,416,-409
107000136,948,9,939
107000137,10,551,-541
107000138,398,39,359
107000139,35,665,-630
107000140,1624,142,1482
107000141,163,774,-611
107000142,480,138,342
107000143,93,666,-573
107000144,535,546,-11
107000145,166,497,-331
107000146,275,443,-168
107000147,3456,855,2601
107000150,797,4952,-4155
107000151,39,144,-105
107000152,487,1786,-1299
107000153,210,438,-228
107000154,227,229,-2
107000155,1283,38,1245
107000156,1593,21,1572
107000157,149,1381,-1232
107000158,605,21,584
107000159,32,653,-621
107000160,1285,225,1060
107000161,81,1093,-1012
107000162,440,823,-383
107000163,354,10,344
107000164,996,5,991
107000165,1264,17,1247
107000166,43,934,-891
107000167,783,227,556
107000168,1143,503,640
107000169,859,835,24
107000170,2685,964,1721
107000171,755,1881,-1126
107000172,1155,1553,-398
107000173,690,949,-259
107000174,1283,6398,-5115
107000175,6707,1650,5057
107000176,4,2,2
107000177,15,3,12
107000178,18,108,-90
107000179,313,1703,-1390
107000180,1506,297,1209
107000181,451,836,-385
107000182,2156,916,1240
107000183,234,733,-499
107000184,1180,561,619
107000185,619,1312,-693
107000186,1639,517,1122
107000187,1518,1445,73
107000188,769,608,161
107000189,623,1082,-459
107000190,658,691,-33
107000191,887,885,2
107000192,1801,697,1104
107000193,475,552,-77
107000194,809,586,223
107000197,1116,343,773
107000198,370,617,-247
107000199,1117,661,456
107000200,786,774,12
107000201,528,502,26
107000202,410,486,-76
107000203,886,1537,-651
107000204,1181,1890,-709
107000205,2216,1295,921
107000206,1207,2045,-838
107000207,708,1217,-509
107000208,1222,687,535
107000209,2052,1382,670
107000210,670,317,353
107000211,3,51,-48
107000212,25,308,-283
107000213,8,27,-19
107000214,23,162,-139
107000215,582,320,262
107000216,473,439,34
107000217,176,100,76
107000219,121,264,-143
107000220,198,200,-2
107000222,337,582,-245
107000224,1002,75,927
107000225,189,515,-326
107000226,684,73,611
107000227,85,248,-163
107000228,248,279,-31
107000229,132,167,-35
107000230,1172,503,669
107000231,1429,1984,-555
107000232,101,31,70
107000233,1258,1050,208
107000234,4,82,-78
107000235,128,11,117
107000236,13,652,-639
107000237,47,0,47
107000238,20,3,17
107000239,4560,621,3939
107000240,76,826,-750
107000241,121,18,103
107000242,395,36,359
107000243,0,30,-30
107000244,6,49,-43
107000246,1,900,-899
107000249,4,928,-924
107000251,3,325,-322
107000252,2,892,-890
107000255,348,174,174
107000257,4,369,-365
107000258,3,86,-83
107000259,4,157,-153
107000260,845,5,840
107000262,12,393,-381
107000263,367,4,363
107000266,6,13,-7
107000267,97,120,-23
107000268,197,118,79
107000269,789,117,672
107000270,2,44,-42
107000271,28,521,-493
107000272,33,107,-74
107000273,12,377,-365
107000274,4439,1070,3369
107000275,87,4104,-4017
107000280,932,30,902
107000281,55,639,-584
107000282,89,712,-623
107000290,10,44,-34
107000291,17,21,-4
107000292,1,350,-349
107000293,163,1,162
107000294,2,32,-30
107000295,49,1,48
107000296,1,13,-12
107000444,312,8,304
107000496,1,22,-21
107000497,1438,2056,-618
107000500,449,266,183
107000501,182,182,0
107000502,218,310,-92
107000505,328,788,-460
107000506,2,164,-162
107000508,8,518,-510
107000509,274,814,-540
107000510,29,35,-6
107000514,59,354,-295
107000515,15,153,-138
107000516,417,283,134
107000518,1385,1568,-183
107000519,1414,841,573
107000520,78,24,54
107900001,248,193,55
107900002,113,9,104
107900003,518,18,500
107900004,158,4,154
107900005,1529,3,1526
107900006,208,1,207
107900007,365,42,323
107900008,121,23,98
107900009,367,16,351
107900010,46,8,38
107900012,407,57,350
107900013,279,39,240
107900014,61,9,52
107900015,1038,14,1024
107900016,686,113,573
107900017,57,2,55
107900018,59,168,-109
107900019,36,45,-9
107900020,259,22,237
107900021,89,102,-13
107900023,9,4,5
107900024,1,25,-24
107900025,309,240,69
107900026,77,55,22
107900027,78,60,18
107900028,114,54,60
107900030,189,31,158
107900031,85,61,24
107900032,38,2,36
107900033,40,9,31
107900034,475,25,450
107900035,980,52,928
107900036,75,29,46
107900037,0,12,-12
107900038,143,286,-143
107900039,45,45,0
107900040,71,241,-170
107900041,5,1,4
107900043,36,100,-64
107900044,7,8,-1
107900045,102,44,58
107900046,155,137,18
107900047,35,38,-3
107900048,242,23,219
107900049,381,2013,-1632
107900050,101,349,-248
107900051,107,76,31
107900052,54,54,0
107900053,55,82,-27
107900055,932,342,590
107900056,194,59,135
107900057,6,0,6
107900058,35,542,-507
107900060,75,315,-240
107900061,16,14,2
107900063,100,143,-43
107900064,338,177,161
107900065,246,22,224
107900066,33,5,28
107900067,0,0,0
107900068,113,908,-795
107900069,46,2062,-2016
107900070,137,73,64
107900071,23,528,-505
107900072,160,143,17
107900073,115,74,41
107900074,488,328,160
107900076,138,61,77
107900077,74,1,73
107900078,262,45,217
107900079,12,29,-17
107900080,209,938,-729
107900081,66,82,-16
107900082,22,15,7
107900083,336,220,116
107900084,119,156,-37
107900086,70,191,-121
107900087,668,180,488
107900088,64,7,57
107900089,281,1140,-859
107900090,1491,2956,-1465
107900091,185,322,-137
107900092,2049,451,1598
107900093,68,76,-8
107900095,2952,2078,874
107900097,42,98,-56
107900098,44,227,-183
107900100,986,1298,-312
107900101,952,231,721
107900102,41,8,33
107900103,60,191,-131
107900104,244,4,240
107900105,13,248,-235
107900106,3,838,-835
107900107,2525,553,1972
107900108,199,131,68
107900109,1541,18,1523
107900110,65,69,-4
107900111,7,755,-748
107900112,111,376,-265
107900113,196,73,123
107900114,185,111,74
107900115,2,36,-34
107900116,201,125,76
107900117,302,312,-10
107900118,96,161,-65
107900119,78,371,-293
107900120,46,23,23
107900121,2,207,-205
107900122,1,150,-149
107900123,5,72,-67
107900124,18,66,-48
107900125,17,226,-209
107900126,13,62,-49
107900127,644,333,311
107900128,96,81,15
107900129,68,31,37
107900130,95,20,75
107900131,732,368,364
107900132,124,353,-229
107900133,2,59,-57
107900134,43,107,-64
107900135,18,111,-93
107900136,32,63,-31
107900137,125,115,10
107900138,55,45,10
107900139,35,44,-9
107900140,82,58,24
107900141,51,33,18
107900142,69,736,-667
107900143,84,24,60
107900144,2,110,-108
107900145,14,80,-66
107900146,67,122,-55
107900147,40,32,8
107900148,195,102,93
107900149,979,274,705
107900150,55,512,-457
107900151,43,88,-45
107900152,13,172,-159
107900153,98,275,-177
107900154,63,29,34
107900155,81,64,17
107900156,4,184,-180
107900157,42,61,-19
107900158,896,28,868
107900159,27,824,-797
107900160,118,167,-49
107900161,43,147,-104
107900162,4,118,-114
107900163,69,71,-2
107900164,12,53,-41
107900165,24,107,-83
107900166,20,162,-142
107900167,36,46,-10
107900168,26,40,-14
107900169,5,135,-130
107900171,10,989,-979
107900172,2,331,-329
107900173,20,113,-93
107900174,133,3,130
107900175,30,50,-20
107900176,30,51,-21
107900177,2,405,-403
107900178,0,123,-123
107900179,25,127,-102
107900180,463,740,-277
107900181,322,240,82
107900182,4,1022,-1018
107900183,56,177,-121
107900184,205,232,-27
107900185,148,5,143
107900186,20,38,-18
107900187,1,166,-165
107900188,531,153,378
107900189,13,85,-72
107900190,32,130,-98
107900191,147,109,38
107900193,3,40,-37
107900194,282,23,259
107900195,1881,376,1505
107900196,81,131,-50
107900197,741,548,193
107900199,2,644,-642
107900201,108,65,43
107900203,15,57,-42
107900204,196,261,-65
107900205,205,317,-112
107900206,803,498,305
107900207,0,431,-431
107900208,4,505,-501
107900209,294,85,209
107900210,74,80,-6
107900213,870,679,191
107900214,42,115,-73
107900215,154,339,-185
107900216,180,68,112
107900217,38,132,-94
107900218,9,2990,-2981
107900219,40,78,-38
107900220,233,255,-22
107900221,144,178,-34
107900223,110,434,-324
107900224,119,420,-301
107900225,12,758,-746
107900226,94,95,-1
107900227,94,290,-196
107900228,14,92,-78
107900229,0,215,-215
107900230,20,76,-56
107900231,25,185,-160
107900232,79,110,-31
107900233,20,153,-133
107900234,114,71,43
107900235,40,133,-93
107900236,100,47,53
107900237,55,387,-332
107900238,37,84,-47
107900239,562,611,-49
107900240,37,103,-66
107900241,24,64,-40
107900242,52,156,-104
107900243,1,69,-68
107900244,302,2,300
107900245,712,42,670
107900246,231,21,210
107900248,363,317,46
107900249,910,40,870
107900250,2,421,-419
107900251,56,1185,-1129
107900252,1045,24,1021
107900253,263,1,262
107900254,60,487,-427
107900255,273,97,176
107900256,2154,2985,-831
107900257,245,151,94
107900258,141,189,-48
107900259,71,2325,-2254
107900261,2,263,-261
107900262,43,100,-57
107900264,388,9,379
107900265,120,187,-67
107900267,237,17,220
107900268,16,5,11
107900269,0,13,-13
107900270,2,0,2
107900271,2,20,-18
107900272,82,21,61
107900273,55,110,-55
107900274,117,0,117
107900275,39,0,39
107900276,1,62,-61
107900277,0,166,-166
107900278,391,338,53
107900279,72,201,-129
107900280,2625,1898,727
107900281,1131,3195,-2064
107900282,35,466,-431
107900283,951,819,132
107900284,527,515,12
107900285,144,54,90
107900286,180,80,100
107900287,213,176,37
107900290,0,139,-139
107900291,548,21,527
107900292,137,190,-53
107900293,80,410,-330
107900295,70,46,24
107900297,2,288,-286
107900298,807,839,-32
107900299,2398,2510,-112
107900300,96,312,-216
107900301,573,778,-205
107900302,115,41,74
107900303,211,274,-63
107900304,410,390,20
107900305,395,13,382
107900306,41,47,-6
107900307,48,196,-148
107900308,171,133,38
107900309,92,2,90
107900310,769,8,761
107900311,16,663,-647
107900312,109,1,108
107900313,3,184,-181
107900314,2,50,-48
107900315,6,55,-49
107900316,73,7,66
107900317,89,31,58
107900318,12,176,-164
107900319,9,142,-133
107900320,14,116,-102
107900321,123,4,119
107900322,2,72,-70
107900323,67,153,-86
107900324,147,3,144
107900325,64,1,63
107900326,282,180,102
107900327,4,153,-149
107900328,90,1,89
107900329,100,128,-28
107900330,18,341,-323
107900331,248,19,229
107900332,238,37,201
107900333,46,16,30
107900334,19,123,-104
107900335,206,57,149
107900336,35,40,-5
107900337,867,791,76
107900338,11,222,-211
107900339,2,25,-23
107900340,1,70,-69
107900341,80,2,78
107900342,90,72,18
107900343,69,6,63
107900344,9,67,-58
107900345,108,28,80
107900346,33,3,30
107900347,22,3,19
107900348,9,1,8
107900349,32,6,26
107900350,19,216,-197
108000001,3329,3846,-517
108000002,1988,2244,-256
108000003,4002,3721,281
108000004,11337,13285,-1948
108000005,9258,7019,2239
108000006,7874,6819,1055
108000007,6172,4135,2037
108000008,4432,5383,-951
108000009,4505,4897,-392
108000010,2917,4026,-1109
108000011,13744,12607,1137
108000012,14949,13760,1189
108000014,1005,1037,-32
108000015,783,343,440
108000016,328,531,-203
108000017,1204,452,752
108000018,1941,815,1126
108000019,2676,1274,1402
108000020,1537,580,957
108000021,344,1788,-1444
108000022,488,1302,-814
108000023,1363,244,1119
108000024,433,482,-49
108000025,295,351,-56
108000026,768,353,415
108000027,813,425,388
108000028,789,227,562
108000029,686,488,198
108000030,794,213,581
108000031,258,716,-458
108000032,1827,697,1130
108000033,704,938,-234
108000034,2026,549,1477
108000035,751,2095,-1344
108000036,378,874,-496
108000037,2002,500,1502
108000038,2837,630,2207
108000039,555,1517,-962
108000040,2012,979,1033
108000041,662,1834,-1172
108000042,363,224,139
108000043,179,335,-156
108000044,709,180,529
108000045,383,412,-29
108000046,1795,326,1469
108000047,480,917,-437
108000048,224,316,-92
108000049,1267,316,951
108000050,109,312,-203
108000051,362,164,198
108000052,251,485,-234
108000053,553,255,298
108000054,607,1124,-517
108000055,1278,695,583
108000056,879,1095,-216
108000057,689,1355,-666
108000058,2165,4041,-1876
108000059,2741,1701,1040
108000060,233,424,-191
108000061,158,224,-66
108000062,922,605,317
108000063,629,441,188
108000064,310,240,70
108000065,591,466,125
108000066,1619,842,777
108000067,2048,724,1324
108000068,889,421,468
108000069,213,871,-658
108000070,2188,924,1264
108000071,796,1225,-429
108000072,1930,1176,754
108000073,1272,1615,-343
108000074,767,494,273
108000075,386,715,-329
108000076,944,612,332
108000077,685,655,30
108000078,2784,1250,1534
108000079,779,1210,-431
108000080,1495,520,975
108000081,563,1339,-776
108000082,917,1613,-696
108000083,2081,935,1146
108000084,375,1059,-684
108000085,908,418,490
108000086,832,661,171
108000087,177,2147,-1970
108000088,195,14,181
108000089,373,427,-54
108000090,602,241,361
108000091,368,355,13
108000092,142,69,73
108000093,219,458,-239
108000094,740,83,657
108000095,159,320,-161
108000096,300,164,136
108000097,160,336,-176
108000098,2113,1374,739
108000099,348,175,173
108000100,68,253,-185
108000101,1574,1402,172
108000102,1693,3354,-1661
108000106,921,0,921
108000107,2,997,-995
108000108,1151,60,1091
108000109,12,872,-860
108000110,209,294,-85
108000111,209,539,-330
108000112,44,119,-75
108000113,422,219,203
108000115,394,225,169
108000117,867,606,261
108000118,74,242,-168
108000119,647,316,331
108000120,162,762,-600
108000121,220,356,-136
108000122,615,365,250
108000123,952,198,754
108000124,300,401,-101
108000125,464,328,136
108000126,150,354,-204
108000127,542,264,278
108000128,593,380,213
108000129,344,734,-390
108000130,507,196,311
108000131,928,470,458
108000132,1606,1097,509
108000133,1092,480,612
108000134,453,440,13
108000135,1207,491,716
108000136,334,752,-418
108000137,515,305,210
108000138,468,816,-348
108000139,581,358,223
108000140,137,23,114
108000141,34,62,-28
108000142,51,44,7
108000143,60,31,29
108000144,61,14,47
108000145,41,12,29
108000146,86,33,53
108000147,47,40,7
108000148,99,72,27
108000149,33,14,19
108000150,43,23,20
108000151,34,28,6
108000152,119,477,-358
108000153,578,131,447
108000154,41,5,36
108000155,18,18,0
108000156,317,104,213
108000157,179,1176,-997
108000158,61,769,-708
108000159,319,216,103
108000160,2218,1026,1192
108000161,2157,2924,-767
108000165,8,260,-252
108000172,3,313,-310
108000173,1496,2109,-613
108000175,311,115,196
108000178,428,305,123
108000179,173,982,-809
108000181,89,19,70
108000182,113,17,96
108000183,47,21,26
108000184,879,2151,-1272
108000185,286,351,-65
108000186,181,58,123
108000187,106,365,-259
108000188,751,253,498
108000189,587,1635,-1048
108000190,43,156,-113
108000192,234,458,-224
108000193,902,42,860
108000194,44,10,34
108000195,0,856,-856
108000196,228,160,68
108000198,506,217,289
108000199,2,180,-178
108000200,575,409,166
108000202,1,304,-303
108000203,105,482,-377
108000204,150,74,76
108000205,231,267,-36
108000339,1310,382,928
108000364,124,317,-193
108000365,113,271,-158
108000367,169,385,-216
108000368,2,48,-46
108000369,521,198,323
108000371,2,518,-516
108000372,741,2,739
108000373,259,226,33
108000376,165,49,116
108000377,464,193,271
108000378,10050,10918,-868
108000379,62,256,-194
108000381,55,19,36
108000382,93,1,92
108000383,0,107,-107
108900001,56,774,-718
108900002,228,76,152
108900003,234,537,-303
108900004,280,513,-233
108900005,80,453,-373
108900006,897,260,637
108900007,317,203,114
108900008,167,162,5
108900009,101,113,-12
108900010,331,185,146
108900011,645,329,316
108900012,369,390,-21
108900013,180,245,-65
108900014,20,124,-104
108900015,0,101,-101
108900016,0,272,-272
108900017,304,498,-194
108900018,172,418,-246
108900019,58,794,-736
108900020,61,157,-96
108900021,171,176,-5
108900022,234,8,226
108900023,14,38,-24
108900024,48,77,-29
108900025,124,103,21
108900026,32,133,-101
108900027,0,48,-48
108900028,99,243,-144
108900029,60,194,-134
108900030,1,48,-47
108900031,133,261,-128
108900032,12,172,-160
108900033,1,96,-95
108900034,1,113,-112
108900035,349,989,-640
108900036,231,235,-4
108900037,73,301,-228
108900038,1,225,-224
108900039,0,298,-298
108900040,13,87,-74
108900041,4755,3539,1216
108900042,11,378,-367
108900043,101,414,-313
108900044,2,295,-293
108900045,67,370,-303
108900046,38,518,-480
108900047,0,49,-49
108900048,146,618,-472
108900049,2590,1268,1322
108900050,0,151,-151
108900051,0,137,-137
108900052,44,177,-133
108900053,83,213,-130
108900054,109,167,-58
108900055,35,333,-298
108900056,1,135,-134
108900057,0,187,-187
108900058,49,272,-223
108900059,455,64,391
108900060,112,153,-41
108900061,112,67,45
108900062,5,219,-214
108900063,21,239,-218
108900064,273,53,220
108900065,17,194,-177
108900066,532,136,396
108900067,28,141,-113
108900068,4,55,-51
108900069,79,69,10
108900070,25,80,-55
108900071,106,75,31
108900072,2076,811,1265
108900073,10,58,-48
108900074,236,221,15
108900075,51,35,16
108900076,472,85,387
108900077,87,105,-18
108900078,37,136,-99
108900079,611,180,431
108900080,54,960,-906
108900081,76,197,-121
108900082,101,88,13
108900083,28,351,-323
108900084,373,160,213
108900085,1945,166,1779
108900086,169,172,-3
108900087,80,169,-89
108900088,1039,456,583
108900089,57,167,-110
108900090,51,186,-135
108900091,142,104,38
108900092,521,337,184
108900093,143,85,58
108900094,257,89,168
108900095,46,239,-193
108900096,300,11,289
108900097,290,182,108
108900098,1713,934,779
108900099,481,225,256
108900100,104,112,-8
108900101,203,244,-41
108900102,86,1092,-1006
108900103,113,185,-72
108900104,134,371,-237
108900105,3,1350,-1347
108900106,541,234,307
108900108,431,80,351
108900109,42,37,5
108900110,254,342,-88
108900111,554,441,113
108900112,277,52,225
108900113,54,58,-4
108900114,0,7,-7
108900115,102,82,20
108900116,139,28,111
108900117,181,29,152
108900118,598,25,573
108900119,386,27,359
108900120,172,162,10
108900121,377,112,265
108900122,157,24,133
108900123,175,117,58
108900124,546,202,344
108900125,494,6,488
108900126,119,72,47
108900127,255,43,212
108900128,148,25,123
108900129,894,163,731
108900130,396,6,390
108900131,382,2,380
108900132,448,56,392
108900133,318,55,263
108900134,475,248,227
108900135,191,8,183
108900136,84,2,82
108900137,204,4,200
108900138,792,58,734
108900139,764,191,573
108900140,312,178,134
108900141,525,7,518
108900142,131,5,126
108900143,97,0,97
108900144,114,2,112
108900145,192,14,178
108900146,143,0,143
108900147,282,0,282
108900148,71,28,43
108900149,658,226,432
108900150,338,16,322
108900151,222,19,203
108900152,311,110,201
108900153,201,252,-51
108900154,5305,426,4879
108900155,218,85,133
108900156,101,10,91
108900157,32,379,-347
108900158,413,23,390
108900159,2,179,-177
108900160,19,192,-173
108900161,2,294,-292
108900162,115,2,113
108900163,2,289,-287
108900164,69,71,-2
108900165,154,89,65
108900167,1206,7562,-6356
108900168,5680,2579,3101
108900169,45,139,-94
108900171,5779,3079,2700
108900172,222,32,190
108900173,176,323,-147
108900174,914,562,352
108900176,122,332,-210
108900177,4561,6815,-2254
108900178,3213,3891,-678
108900179,663,1982,-1319
108900180,134,311,-177
108900182,46,345,-299
108900183,268,228,40
108900184,515,249,266
108900185,113,472,-359
108900186,116,438,-322
108900187,470,68,402
108900188,715,80,635
108900189,547,147,400
108900190,40,2128,-2088
108900191,212,37,175
108900192,120,209,-89
108900193,351,91,260
108900194,35,749,-714
108900195,188,227,-39
108900196,37,361,-324
108900198,9,315,-306
108900199,270,367,-97
108900200,630,487,143
108900201,400,1344,-944
108900203,493,89,404
108900204,385,11,374
108900205,209,24,185
108900206,654,129,525
108900207,227,109,118
108900208,31,357,-326
108900209,208,513,-305
108900210,235,199,36
108900211,195,705,-510
108900212,506,1625,-1119
108900215,60,341,-281
108900216,483,235,248
108900217,114,1,113
108900218,168,15,153
108900219,131,10,121
108900220,79,18,61
108900221,45,273,-228
108900222,328,29,299
108900223,17,158,-141
108900224,49,233,-184
108900225,2,249,-247
108900226,294,33,261
108900227,154,400,-246
108900230,159,197,-38
108900231,23,162,-139
108900232,1,223,-222
108900233,667,139,528
108900234,380,167,213
108900235,202,605,-403
108900236,104,504,-400
108900237,79,198,-119
108900240,192,111,81
108900241,73,45,28
108900245,59,1705,-1646
108900249,134,41,93
108900250,441,252,189
108900257,326,464,-138
108900258,12,146,-134
108900259,100,67,33
108900260,5,68,-63
108900261,73,99,-26
108900262,133,125,8
108900263,44,176,-132
108900264,431,252,179
108900265,1098,477,621
108900266,574,663,-89
108900267,11,137,-126
108900268,12,13,-1
108900269,93,23,70
108900270,76,7,69
108900271,64,18,46
108900272,231,15,216
108900273,632,977,-345
108900274,44,57,-13
109000001,3056,1662,1394
109000002,1467,1859,-392
109000003,2922,451,2471
109000004,428,1928,-1500
109000005,2549,611,1938
109000006,551,1899,-1348
109000007,1750,641,1109
109000008,572,1547,-975
109000009,3966,1287,2679
109000010,1241,2962,-1721
109000011,3693,2677,1016
109000012,1820,2727,-907
109000013,4272,3472,800
109000014,1953,3072,-1119
109000015,4285,7883,-3598
109000016,5444,3360,2084
109000017,2728,1470,1258
109000018,1104,2668,-1564
109000019,2695,1232,1463
109000020,927,1712,-785
109000023,282,37,245
109000024,13,221,-208
109000025,334,457,-123
109000026,634,306,328
109000027,98,285,-187
109000028,126,45,81
109000029,140,254,-114
109000030,66,483,-417
109000031,232,146,86
109000032,129,456,-327
109000033,351,192,159
109000034,55,49,6
109000035,14,89,-75
109000036,98,333,-235
109000037,296,1569,-1273
109000038,429,362,67
109000039,1164,1032,132
109000040,4363,10136,-5773
109000041,2324,1884,440
109000042,588,1220,-632
109000044,383,100,283
109000045,116,356,-240
109000046,414,93,321
109000047,76,475,-399
109000048,958,338,620
109000049,358,777,-419
109000050,420,301,119
109000051,326,240,86
109000052,567,693,-126
109000053,300,109,191
109000054,273,476,-203
109000055,208,395,-187
109000056,438,434,4
109000057,724,547,177
109000058,1078,392,686
109000059,766,1714,-948
109000060,417,381,36
109000061,780,1442,-662
109000062,173,367,-194
109000063,245,159,86
109000064,308,209,99
109000065,143,193,-50
109000066,480,102,378
109000067,70,241,-171
109000068,2280,14,2266
109000069,933,39,894
109000070,15,1404,-1389
109000071,382,77,305
109000072,123,293,-170
109000073,47,112,-65
109000074,32,184,-152
109000075,79,358,-279
109000076,88,222,-134
109000077,355,213,142
109000078,59,120,-61
109000079,148,116,32
109000080,148,82,66
109000081,157,318,-161
109000082,617,188,429
109000083,267,483,-216
109000088,135,429,-294
109000089,326,91,235
109000090,165,318,-153
109000091,340,238,102
109000092,339,431,-92
109000093,301,214,87
109000094,751,5,746
109000095,114,317,-203
109000096,832,225,607
109000097,120,117,3
109000098,65,169,-104
109000099,1206,394,812
109000100,384,562,-178
109000101,2119,690,1429
109000102,424,789,-365
109000103,664,631,33
109000104,2204,591,1613
109000105,548,1202,-654
109000106,2361,893,1468
109000107,592,1745,-1153
109000108,2051,640,1411
109000109,561,1540,-979
109000110,1658,580,1078
109000111,1097,1902,-805
109000112,382,157,225
109000113,318,196,122
109000114,282,272,10
109000115,1318,35,1283
109000116,10,247,-237
109000117,304,67,237
109000118,15,263,-248
109000119,1564,249,1315
109000120,200,689,-489
109000121,515,53,462
109000122,167,616,-449
109000123,19,49,-30
109000124,730,387,343
109000125,826,294,532
109000126,429,660,-231
109000127,1014,170,844
109000128,498,1117,-619
109000129,2736,776,1960
109000130,486,1361,-875
109000131,983,645,338
109000132,763,1595,-832
109000133,293,800,-507
109000134,769,1059,-290
109000135,1365,1790,-425
109000136,357,305,52
109000137,362,414,-52
109000138,427,319,108
109000139,537,420,117
109000140,180,322,-142
109000141,614,463,151
109000142,183,522,-339
109000143,136,77,59
109000145,135,206,-71
109000146,40,113,-73
109000148,3192,1896,1296
109000149,17,47,-30
109000150,88,279,-191
109000155,936,686,250
109000156,1124,631,493
109000158,194,355,-161
109000159,194,687,-493
109000160,1176,263,913
109000161,433,939,-506
109000162,2270,599,1671
109000163,1181,1520,-339
109000164,1385,2082,-697
109000165,1456,614,842
109000166,788,115,673
109000167,138,425,-287
109000170,54,36,18
109000171,67,28,39
109000172,41,65,-24
109000173,40,82,-42
109000174,115,52,63
109000175,52,61,-9
109000176,332,248,84
109000177,25,97,-72
109000178,468,98,370
109000179,4245,5316,-1071
109000180,5352,4000,1352
109000181,19,28,-9
109000182,44,38,6
109000183,42,24,18
109000184,43,17,26
109000185,32,40,-8
109000188,446,1432,-986
109000189,2217,948,1269
109000190,612,459,153
109000191,345,445,-100
109000192,478,180,298
109000193,256,203,53
109000194,263,79,184
109000195,145,267,-122
109000196,371,116,255
109000197,240,284,-44
109000198,425,80,345
109000199,203,425,-222
109000206,284,29,255
109000207,150,28,122
109000208,94,109,-15
109000209,179,109,70
109000210,166,544,-378
109000211,239,205,34
109000214,437,243,194
109000215,139,87,52
109000216,305,367,-62
109000217,255,117,138
109000218,541,227,314
109000221,405,910,-505
109000222,1016,250,766
109000223,409,316,93
109000224,47,81,-34
109000225,72,45,27
109000226,49,162,-113
109000227,1139,1020,119
109000228,3,1534,-1531
109000231,0,244,-244
109000232,346,252,94
109000236,317,609,-292
109000241,2334,1651,683
109000242,1945,1258,687
109000293,30,85,-55
109000361,108,250,-142
109000364,365,550,-185
109000396,4,442,-438
109000397,678,15,663
109000399,104,464,-360
109000400,107,186,-79
109000403,187,1150,-963
109000406,416,2,414
109000407,222,174,48
109000408,0,286,-286
109000410,1163,298,865
109000411,121,13,108
109900001,108,0,108
109900002,832,18,814
109900003,266,0,266
109900004,958,136,822
109900005,31,10,21
109900006,797,227,570
109900007,909,358,551
109900008,0,28,-28
109900009,183,492,-309
109900010,643,20,623
109900011,110,64,46
109900012,353,236,117
109900013,449,175,274
109900014,431,68,363
109900015,465,171,294
109900016,137,21,116
109900017,221,251,-30
109900018,293,49,244
109900019,342,60,282
109900020,46,49,-3
109900021,51,18,33
109900022,109,180,-71
109900023,27,13,14
109900024,23,10,13
109900025,20,51,-31
109900026,3,147,-144
109900027,59,51,8
109900028,1116,1022,94
109900029,4,225,-221
109900030,52,18,34
109900031,1,278,-277
109900032,18,258,-240
109900033,11,564,-553
109900034,37,5,32
109900035,13,18,-5
109900036,22,40,-18
109900037,30,357,-327
109900038,128,357,-229
109900039,6,0,6
109900040,33,377,-344
109900041,71,297,-226
109900042,45,1519,-1474
109900044,157,201,-44
109900045,224,134,90
109900046,32,68,-36
109900047,338,246,92
109900048,0,78,-78
109900049,16,33,-17
109900050,1,94,-93
109900051,0,37,-37
109900052,87,313,-226
109900053,6,161,-155
109900054,874,227,647
109900055,83,280,-197
109900056,15,196,-181
109900057,8,124,-116
109900058,0,69,-69
109900059,844,126,718
109900060,516,180,336
109900061,71,228,-157
109900062,1,154,-153
109900063,18,520,-502
109900064,540,225,315
109900065,63,141,-78
109900066,293,776,-483
109900067,0,174,-174
109900068,111,13,98
109900069,1,24,-23
109900070,46,283,-237
109900071,10,33,-23
109900072,17,153,-136
109900073,518,454,64
109900074,13,48,-35
109900075,19,123,-104
109900076,8,120,-112
109900077,43,41,2
109900078,86,181,-95
109900080,134,308,-174
109900081,23,288,-265
109900082,58,313,-255
109900083,12,47,-35
109900084,68,116,-48
109900085,176,530,-354
109900086,175,497,-322
109900087,241,562,-321
109900089,826,223,603
109900090,467,1017,-550
109900091,384,83,301
109900092,1441,42,1399
109900093,1059,170,889
109900094,80,102,-22
109900095,156,225,-69
109900096,33,8,25
109900097,126,4,122
109900098,458,64,394
109900099,227,0,227
109900100,51,1,50
109900101,557,18,539
109900102,557,38,519
109900103,22,43,-21
109900104,604,493,111
109900105,605,22,583
109900106,883,69,814
109900107,1305,108,1197
109900108,146,328,-182
109900109,34,176,-142
109900110,84,264,-180
109900111,262,723,-461
109900112,294,455,-161
109900113,987,611,376
109900114,972,1551,-579
109900115,180,95,85
109900117,990,176,814
109900118,213,406,-193
109900119,533,367,166
109900120,86,31,55
109900121,467,446,21
109900122,518,11,507
109900123,25,147,-122
109900124,40,345,-305
109900125,1,161,-160
109900126,302,92,210
109900128,350,44,306
109900130,5616,2391,3225
109900131,61,153,-92
109900132,39,140,-101
109900133,108,243,-135
109900134,80,84,-4
109900135,287,64,223
109900136,52,121,-69
109900137,180,274,-94
109900138,429,360,69
109900140,195,160,35
109900141,473,251,222
109900142,1466,354,1112
109900145,5,642,-637
109900146,474,62,412
109900148,53,96,-43
109900149,53,59,-6
109900150,13,81,-68
109900151,38,55,-17
109900152,1,35,-34
109900153,2,78,-76
109900154,81,0,81
109900155,79,36,43
109900157,52,149,-97
109900158,55,151,-96
109900159,145,50,95
109900160,162,55,107
109900161,237,70,167
109900162,194,121,73
109900163,705,313,392
109900164,99,188,-89
109900165,276,5,271
109900166,1,123,-122
109900167,194,422,-228
109900168,219,519,-300
109900169,255,174,81
109900170,233,1221,-988
109900171,196,105,91
109900172,207,255,-48
109900173,2324,2389,-65
109900174,96,151,-55
109900175,73,86,-13
109900176,143,143,0
109900177,64,173,-109
109900178,10,286,-276
109900179,89,20,69
109900180,7,14,-7
110000001,970,460,510
110000002,662,843,-181
110000003,922,763,159
110000004,478,872,-394
110000005,397,2068,-1671
110000006,302,365,-63
110000007,166,111,55
110000008,26,81,-55
110000009,66,34,32
110000010,33,54,-21
110000011,59,71,-12
110000012,844,299,545
110000013,54,610,-556
110000014,510,428,82
110000015,293,611,-318
110000016,270,1804,-1534
110000017,3139,245,2894
110000018,2781,402,2379
110000019,15,108,-93
110000020,759,222,537
110000021,600,615,-15
110000022,1252,262,990
110000023,12,185,-173
110000024,666,576,90
110000025,328,4,324
110000026,4,283,-279
110000027,946,1310,-364
110000028,962,675,287
110000029,575,596,-21
110000030,284,352,-68
110000031,348,356,-8
110000032,821,326,495
110000033,327,236,91
110000034,468,714,-246
110000035,1085,643,442
110000036,1042,687,355
110000037,324,483,-159
110000038,260,756,-496
110000039,774,3915,-3141
110000040,332,370,-38
110000041,266,1853,-1587
110000042,195,742,-547
110000043,920,389,531
110000044,252,1073,-821
110000045,1658,224,1434
110000046,5,79,-74
110000047,40,117,-77
110000048,25,134,-109
110000049,51,49,2
110000050,8,72,-64
110000051,24,20,4
110000052,49,16,33
110000053,91,13,78
110000054,144,554,-410
110000055,719,83,636
110000056,261,99,162
110000057,557,640,-83
110000058,1498,513,985
110000059,1180,600,580
110000060,939,1189,-250
110000061,997,754,243
110000062,801,920,-119
110000063,42,138,-96
110000064,101,63,38
110000065,129,90,39
110000066,93,49,44
110000067,74,162,-88
110000068,402,123,279
110000069,361,80,281
110000071,204,89,115
110000073,18,11,7
110000075,16,49,-33
110000076,363,470,-107
110000077,383,1557,-1174
110000078,33,54,-21
110000080,235,661,-426
110000081,40,255,-215
110000082,24,361,-337
110000083,201,596,-395
110000084,1314,968,346
110000085,1511,1638,-127
110000086,1454,2341,-887
110000087,18,60,-42
110000088,110,226,-116
110000089,277,97,180
110000090,280,213,67
110000091,986,244,742
110000092,23,70,-47
110000093,50,15,35
110000094,508,248,260
110000095,316,606,-290
110000096,1839,1888,-49
110000097,1290,1464,-174
110000098,2433,734,1699
110000099,852,1493,-641
110000100,956,393,563
110000101,19,242,-223
110000102,81,15,66
110000104,359,164,195
110000105,40,267,-227
110000106,766,340,426
110000107,190,313,-123
110000108,171,72,99
110000109,246,271,-25
110000110,2891,5107,-2216
110000111,5936,3335,2601
110000112,1139,1167,-28
110000113,283,2095,-1812
110000114,184,554,-370
110000115,331,364,-33
110000116,62,57,5
110000117,296,342,-46
110000118,504,136,368
110000119,237,328,-91
110000120,441,162,279
110000121,72,397,-325
110000122,369,632,-263
110000123,685,799,-114
110000124,2,779,-777
110000125,1139,9,1130
110000126,363,19,344
110000127,1205,41,1164
110000128,44,1295,-1251
110000129,8,498,-490
110000130,245,194,51
110000131,98,234,-136
110000132,5,590,-585
110000133,41,491,-450
110000134,35,311,-276
110000135,205,42,163
110000136,67,247,-180
110000137,511,557,-46
110000138,835,547,288
110000139,995,903,92
110000140,1072,606,466
110000143,556,397,159
110000144,5666,2293,3373
110000145,1970,1475,495
110000146,2513,1046,1467
110000147,549,776,-227
110000148,757,299,458
110000151,1049,1332,-283
110000152,932,413,519
110000153,148,35,113
110000154,65,57,8
110000155,1918,4348,-2430
110000156,1074,2585,-1511
110000157,2012,2757,-745
110000160,471,251,220
110000161,251,234,17
110000166,728,120,608
110000167,1033,458,575
110000168,1088,494,594
110000169,1001,434,567
110000170,128,75,53
110000171,693,130,563
110000172,197,703,-506
110000173,891,977,-86
110000174,164,773,-609
110000175,849,77,772
110000176,282,369,-87
110000177,237,868,-631
110000178,455,1564,-1109
110000179,1307,339,968
110000180,189,289,-100
110000181,521,394,127
110000182,337,135,202
110000183,8822,8333,489
110000184,340,2833,-2493
110000185,1618,963,655
110000186,852,643,209
110000191,1197,271,926
110000192,699,17,682
110000193,1142,6,1136
110000194,11,926,-915
110000195,499,291,208
110000196,462,272,190
110000197,128,140,-12
110000198,103,95,8
110000199,119,147,-28
110000200,1112,508,604
110000201,977,1149,-172
110000202,1419,580,839
110000203,573,608,-35
110000204,8,185,-177
110000205,167,45,122
110000206,684,1122,-438
110000207,1221,487,734
110000208,327,272,55
110000209,150,1707,-1557
110000210,1404,522,882
110000211,1205,1269,-64
110000212,532,1323,-791
110000213,222,97,125
110000214,351,134,217
110000215,166,331,-165
110000216,90,264,-174
110000217,394,120,274
110000218,204,217,-13
110000219,352,88,264
110000220,91,237,-146
110000221,436,72,364
110000222,86,199,-113
110000223,3,222,-219
110000224,71,9,62
110000225,352,735,-383
110000226,329,72,257
110000227,940,915,25
110000228,357,221,136
110000229,1,222,-221
110000230,724,1130,-406
110000231,152,215,-63
110000232,268,295,-27
110000233,251,306,-55
110000234,1041,2223,-1182
110000235,1229,1470,-241
110000236,722,730,-8
110000237,2655,1982,673
110000238,1204,1524,-320
110000239,1915,1185,730
110000240,0,80,-80
110000242,0,20,-20
110000243,126,114,12
110000244,174,1119,-945
110000245,32,460,-428
110000246,984,507,477
110000247,1313,5185,-3872
110000248,2353,1714,639
110000249,80,22,58
110000250,46,180,-134
110000251,343,546,-203
110000252,329,184,145
110000253,1277,658,619
110000254,667,1237,-570
110000255,233,965,-732
110000256,437,311,126
110000257,782,455,327
110000258,8,754,-746
110000259,136,42,94
110000260,32,268,-236
110000263,725,115,610
110000264,325,510,-185
110000265,1485,2292,-807
110000266,2460,3680,-1220
110000267,32,195,-163
110000268,357,518,-161
110000269,7,102,-95
110000270,114,15,99
110000271,1551,310,1241
110000272,1476,1199,277
110000273,3709,1954,1755
110000274,183,1797,-1614
110000275,2162,582,1580
110000276,271,421,-150
110000277,385,452,-67
110000278,472,660,-188
110000279,916,827,89
110000280,512,459,53
110000281,65,393,-328
110000282,310,33,277
110000283,91,148,-57
110000284,76,44,32
110000285,9,806,-797
110000286,36,0,36
110000287,102,3,99
110000288,5,131,-126
110000289,426,2150,-1724
110000290,736,579,157
110000291,4958,1323,3635
110000292,1423,4817,-3394
110000293,608,690,-82
110000294,1150,1086,64
110000295,212,933,-721
110000296,520,396,124
110000297,2677,366,2311
110000298,171,490,-319
110000299,220,103,117
110000301,390,22,368
110000302,216,764,-548
110000303,467,5,462
110000304,165,202,-37
110000305,1330,24,1306
110000306,238,1059,-821
110000307,1772,14,1758
110000308,795,13,782
110000309,9,756,-747
110000310,737,47,690
110000311,21,608,-587
110000312,390,96,294
110000313,2620,3053,-433
110000314,1,232,-231
110000315,3252,3518,-266
110000316,620,1571,-951
110000317,464,1502,-1038
110000318,1,75,-74
110000319,6,44,-38
110000320,31,59,-28
110000321,14,32,-18
110000322,300,386,-86
110000323,461,211,250
110000324,2817,1993,824
110000325,2694,2976,-282
110000327,577,345,232
110000328,223,440,-217
110000333,1121,854,267
110000334,856,1348,-492
110000335,1077,521,556
110000336,708,961,-253
110000337,1643,675,968
110000338,562,276,286
110000339,400,246,154
110000340,75,147,-72
110000341,497,544,-47
110000342,608,4,604
110000343,0,20,-20
110000344,221,281,-60
110000345,258,258,0
110000346,2942,2398,544
110000347,1228,794,434
110000348,23,14,9
110000349,16,16,0
110000350,50,5,45
110000351,1370,754,616
110000352,664,1604,-940
110000353,3830,687,3143
110000354,1148,3623,-2475
110000355,163,78,85
110000356,1349,11,1338
110000357,672,17,655
110000361,57,40,17
110000362,70,68,2
110000363,550,116,434
110000364,327,400,-73
110000365,165,1,164
110000366,0,117,-117
110000367,523,300,223
110000368,46,147,-101
110000369,67,10,57
110000373,9,284,-275
110000374,176,17,159
110000375,131,935,-804
110000376,38,116,-78
110000377,94,619,-525
110000378,11,394,-383
110000379,2988,2095,893
110000380,62,9,53
110000383,2,1448,-1446
110000384,2030,1281,749
110000385,2,271,-269
110000387,140,12,128
110000388,49,249,-200
110000389,822,6,816
110000391,776,323,453
110000396,188,152,36
110000397,133,144,-11
110000398,4,51,-47
110000399,129,1,128
110000587,106,79,27
110000589,201,114,87
110000640,164,56,108
110000652,10,310,-300
110000653,204,312,-108
110000654,61,331,-270
110000656,2,529,-527
110000674,33,33,0
110000675,15,49,-34
110000676,9,55,-46
110000679,264,1329,-1065
110000682,111,215,-104
110000683,322,496,-174
110000684,19,75,-56
110000685,7,24,-17
110000686,4,87,-83
110000687,155,13,142
110000688,69,985,-916
110000689,32,30,2
110000692,51,257,-206
110000693,121,469,-348
110000694,0,167,-167
110000695,187,769,-582
110000696,91,57,34
110900001,403,23,380
110900002,367,238,129
110900003,976,481,495
110900004,560,165,395
110900005,2026,2684,-658
110900006,30,36,-6
110900007,126,42,84
110900008,24,36,-12
110900009,527,167,360
110900010,5,51,-46
110900011,27,56,-29
110900012,12,73,-61
110900013,1073,116,957
110900014,266,31,235
110900015,431,562,-131
110900016,88,124,-36
110900017,518,24,494
110900018,570,49,521
110900019,228,27,201
110900020,133,224,-91
110900021,59,469,-410
110900022,91,278,-187
110900023,171,681,-510
110900024,42,316,-274
110900025,7,41,-34
110900027,83,301,-218
110900028,29,139,-110
110900029,37,278,-241
110900030,51,179,-128
110900031,3,147,-144
110900032,1,66,-65
110900033,47,200,-153
110900035,17,402,-385
110900036,127,18,109
110900037,105,26,79
110900038,1374,169,1205
110900039,7,251,-244
110900040,219,46,173
110900041,26,73,-47
110900042,168,41,127
110900043,7,87,-80
110900044,213,15,198
110900045,74,286,-212
110900046,36,181,-145
110900047,575,350,225
110900049,105,137,-32
110900050,37,4,33
110900051,27,159,-132
110900052,1,140,-139
110900053,117,23,94
110900054,60,174,-114
110900055,52,6,46
110900056,61,86,-25
110900057,11,109,-98
110900058,296,241,55
110900059,485,490,-5
110900060,455,161,294
110900061,17,32,-15
110900062,175,233,-58
110900063,31,143,-112
110900064,11,0,11
110900065,314,117,197
110900066,10,87,-77
110900067,348,641,-293
110900068,242,197,45
110900069,7,35,-28
110900070,139,57,82
110900071,222,886,-664
110900073,1,19,-18
110900074,419,80,339
110900075,400,80,320
110900077,987,549,438
110900078,32,52,-20
110900079,1996,1566,430
110900080,191,84,107
110900081,9,57,-48
110900082,188,93,95
110900083,149,71,78
110900084,47,49,-2
110900085,116,240,-124
110900086,105,371,-266
110900087,400,67,333
110900088,6,1,5
110900090,66,48,18
110900091,2,55,-53
110900093,332,126,206
110900095,87,99,-12
110900097,23,27,-4
110900098,22,56,-34
110900099,109,466,-357
110900100,0,18,-18
110900102,25,15,10
110900105,2118,240,1878
110900108,27,54,-27
110900111,557,186,371
110900112,897,13,884
110900113,422,81,341
110900115,25,67,-42
110900116,812,1330,-518
110900118,97,3114,-3017
110900119,2887,282,2605
110900120,22,35,-13
110900121,156,3,153
110900122,510,188,322
110900125,478,464,14
110900127,656,1586,-930
110900128,231,287,-56
110900129,405,858,-453
110900130,782,475,307
110900131,371,49,322
110900132,437,104,333
110900133,212,163,49
110900135,90,295,-205
110900136,318,30,288
110900137,68,3,65
110900138,1527,1540,-13
110900139,20,461,-441
110900140,52,14,38
110900141,10,338,-328
110900142,36,156,-120
110900143,247,76,171
110900144,4,511,-507
110900145,147,65,82
110900146,402,243,159
110900147,96,726,-630
110900148,5,253,-248
110900149,2,64,-62
110900150,105,19,86
110900151,10,122,-112
110900152,39,184,-145
110900153,159,68,91
111000001,410,300,110
111000002,363,424,-61
111000003,1148,657,491
111000004,390,851,-461
111000005,1476,1207,269
111000006,921,1691,-770
111000007,4796,3070,1726
111000008,1951,3082,-1131
111000009,419,804,-385
111000010,964,288,676
111000011,240,1065,-825
111000012,435,415,20
111000013,389,1124,-735
111000014,1181,502,679
111000017,98,1071,-973
111000018,264,417,-153
111000020,801,2249,-1448
111000021,84,88,-4
111000023,107,126,-19
111000025,4000,3863,137
111000029,85,107,-22
111000030,43,90,-47
111000031,2333,1262,1071
111000032,582,329,253
111000033,349,341,8
111000034,125,270,-145
111000037,1303,743,560
111000038,3383,2235,1148
111000039,1907,2077,-170
111000040,1842,1995,-153
111000041,1408,1495,-87
111000042,2712,2331,381
111000043,2295,3476,-1181
111000044,2391,1088,1303
111000045,2694,2625,69
111000046,1952,1890,62
111000047,3092,4401,-1309
111000049,564,519,45
111000050,1316,1126,190
111000051,612,909,-297
111000052,534,1435,-901
111000053,427,796,-369
111000054,460,707,-247
111000055,1063,1370,-307
111000056,167,405,-238
111000057,106,439,-333
111000058,427,70,357
111000059,610,289,321
111000060,4528,968,3560
111000061,669,317,352
111000062,937,342,595
111000063,1979,959,1020
111000064,825,581,244
111000065,1360,920,440
111000066,611,483,128
111000067,532,544,-12
111000068,657,1021,-364
111000069,1629,1920,-291
111000070,956,872,84
111000071,276,475,-199
111000072,1119,366,753
111000073,346,919,-573
111000074,1841,1571,270
111000075,1180,667,513
111000076,626,770,-144
111000077,1790,1604,186
111000078,2739,1319,1420
111000079,1325,985,340
111000080,608,626,-18
111000081,1761,4738,-2977
111000082,875,635,240
111000084,850,552,298
111000085,1004,1103,-99
111000086,3026,929,2097
111000087,756,593,163
111000088,6818,2622,4196
111000089,931,747,184
111000090,998,1288,-290
111000091,861,439,422
111000092,1444,793,651
111000093,818,1083,-265
111000094,1856,1088,768
111000095,700,2261,-1561
111000096,1618,7582,-5964
111000097,3906,1372,2534
111000098,821,981,-160
111000099,676,1517,-841
111000100,439,1329,-890
111000101,417,962,-545
111000102,288,681,-393
111000104,814,226,588
111000107,155,734,-579
111000109,997,222,775
111000110,1693,717,976
111000111,2610,513,2097
111000112,2204,597,1607
111000113,1000,1571,-571
111000114,1751,3364,-1613
111000115,5448,1150,4298
111000116,1023,806,217
111000117,450,930,-480
111000118,1273,688,585
111000119,1245,926,319
111000120,523,632,-109
111000121,390,851,-461
111000122,529,926,-397
111000123,1150,2174,-1024
111000124,466,2121,-1655
111000125,253,1160,-907
111000126,90,721,-631
111000127,1122,160,962
111000128,2224,290,1934
111000129,3045,467,2578
111000130,2370,596,1774
111000131,2143,523,1620
111000132,1801,957,844
111000133,213,175,38
111000134,209,121,88
111000135,57,143,-86
111000136,411,265,146
111000138,14,8,6
111000140,0,4,-4
111000141,196,412,-216
111000142,21,143,-122
111000143,3,178,-175
111000144,26,785,-759
111000145,797,21,776
111000146,100,17,83
111000147,304,34,270
111000148,203,101,102
111000149,4,31,-27
111000150,23,15,8
111000151,1,17,-16
111000153,599,684,-85
111000154,754,210,544
111000155,102,170,-68
111000156,537,775,-238
111000157,278,1127,-849
111000158,1099,719,380
111000159,3277,867,2410
111000160,543,281,262
111000161,15,354,-339
111000162,83,147,-64
111000163,776,856,-80
111000164,737,3752,-3015
111000165,1031,494,537
111000166,1803,368,1435
111000167,180,378,-198
111000168,236,420,-184
111000169,306,703,-397
111000170,438,445,-7
111000171,596,512,84
111000172,162,357,-195
111000173,321,692,-371
111000174,217,324,-107
111000175,56,476,-420
111000176,451,105,346
111000177,355,186,169
111000178,1253,278,975
111000179,188,138,50
111000180,289,414,-125
111000181,1339,219,1120
111000182,251,218,33
111000183,371,321,50
111000184,376,235,141
111000185,433,404,29
111000186,349,237,112
111000187,159,147,12
111000188,275,275,0
111000189,789,560,229
111000190,173,244,-71
111000191,183,289,-106
111000192,162,427,-265
111000193,340,173,167
111000194,64,274,-210
111000195,137,307,-170
111000196,66,164,-98
111000197,477,110,367
111000198,590,105,485
111000199,256,167,89
111000200,423,337,86
111000201,630,180,450
111000202,341,142,199
111000203,327,220,107
111000204,435,913,-478
111000213,236,412,-176
111000214,1630,1147,483
111000215,1065,1121,-56
111000217,1569,881,688
111000218,1368,1046,322
111000219,361,208,153
111000220,1268,824,444
111000221,494,88,406
111000224,0,190,-190
111000225,279,80,199
111000226,123,0,123
111000227,34,9,25
111000228,33,422,-389
111000229,59,924,-865
111000230,342,309,33
111000231,1074,557,517
111000232,711,844,-133
111000233,1047,609,438
111000234,162,502,-340
111000239,117,150,-33
111000240,50,252,-202
111000241,46,291,-245
111000242,230,74,156
111000243,121,421,-300
111000244,519,80,439
111000245,1053,362,691
111000246,624,326,298
111000247,387,632,-245
111000248,692,377,315
111000249,509,461,48
111000250,41,60,-19
111000251,57,102,-45
111000253,20,15,5
111000255,47,16,31
111000257,51,20,31
111000260,83,930,-847
111000261,1500,138,1362
111000271,50,289,-239
111000273,3209,1194,2015
111000274,1393,2611,-1218
111000275,154,34,120
111000276,276,1408,-1132
111000277,223,313,-90
111000278,668,219,449
111000291,824,6625,-5801
111000298,549,195,354
111000299,757,118,639
111000300,98,485,-387
111000302,308,58,250
111000303,104,179,-75
111000312,33,48,-15
111000315,1,42,-41
111000320,237,616,-379
111000321,530,160,370
111000322,352,379,-27
111000323,294,34,260
111000324,392,208,184
111000325,43,48,-5
111000326,195,268,-73
111000327,505,287,218
111000328,305,522,-217
111000329,0,26,-26
111000330,76,16,60
111000331,18,7,11
111000332,631,1244,-613
111000334,363,1071,-708
111000335,881,251,630
111000337,1342,430,912
111000338,150,125,25
111000339,736,293,443
111000340,127,468,-341
111000341,1424,575,849
111000342,174,819,-645
111000344,1131,643,488
111000345,196,67,129
111000346,26,153,-127
111000347,144,28,116
111000350,157,111,46
111000351,135,365,-230
111000352,260,136,124
111000353,184,277,-93
111000354,733,162,571
111000355,308,696,-388
111000358,155,912,-757
111000360,240,508,-268
111000361,192,192,0
111000546,937,662,275
111000547,454,424,30
111000548,164,298,-134
111000549,304,279,25
111000550,59,903,-844
111000551,684,132,552
111000552,1255,157,1098
111000907,372,46,326
111000908,21,0,21
111000916,1785,285,1500
111000917,27,406,-379
111000918,304,695,-391
111000920,456,16,440
111000921,9,111,-102
111000922,568,246,322
111000924,43,586,-543
111000925,2603,1900,703
111000926,982,1266,-284
111000927,2940,4265,-1325
111000928,4119,2441,1678
111000929,1522,1224,298
111000930,693,1829,-1136
111000931,2573,2857,-284
111000932,3809,2082,1727
111000933,3840,2790,1050
111000934,1821,3258,-1437
111000935,1999,1015,984
111000936,972,1958,-986
111000937,1177,1442,-265
111000938,1400,1372,28
111000939,637,58,579
111000940,606,99,507
111000941,424,398,26
111000943,490,239,251
111000944,142,267,-125
111000945,122,1143,-1021
111001109,570,407,163
111001110,161,428,-267
111001111,76,13,63
111001112,109,9,100
111001113,0,157,-157
111001114,752,83,669
111001115,25,568,-543
111001116,4051,3688,363
111001117,644,2619,-1975
111001120,90,289,-199
111001121,194,163,31
111001122,98,222,-124
111001123,145,33,112
111900001,36,124,-88
111900002,23,551,-528
111900003,3,279,-276
111900004,28,102,-74
111900006,16,28,-12
111900007,140,10,130
111900008,253,4,249
111900009,251,128,123
111900010,302,390,-88
111900012,58,57,1
111900013,13,61,-48
111900014,3775,4443,-668
111900015,1,81,-80
111900016,0,99,-99
111900017,0,95,-95
111900018,222,2,220
111900019,8,171,-163
111900020,3,62,-59
111900021,60,97,-37
111900022,7,74,-67
111900023,140,119,21
111900024,0,85,-85
111900025,1,40,-39
111900026,1,69,-68
111900027,2,91,-89
111900028,2,254,-252
111900029,10,56,-46
111900030,61,401,-340
111900031,100,83,17
111900032,2,218,-216
111900033,14,40,-26
111900034,219,373,-154
111900035,57,161,-104
111900036,0,195,-195
111900038,239,538,-299
111900039,66,323,-257
111900040,6,325,-319
111900042,40,127,-87
111900043,0,231,-231
111900044,313,159,154
111900046,41,140,-99
111900048,280,475,-195
111900049,29,192,-163
111900050,124,37,87
111900051,11,228,-217
111900052,252,357,-105
111900053,1053,1881,-828
111900054,89,4,85
111900055,22,312,-290
111900056,187,325,-138
111900057,202,29,173
111900058,498,421,77
111900059,1374,675,699
111900060,206,4,202
111900061,8,131,-123
111900062,21,75,-54
111900063,214,124,90
111900064,90,183,-93
111900065,132,59,73
111900066,199,150,49
111900067,431,361,70
111900068,60,44,16
111900069,112,36,76
111900070,185,109,76
111900071,1,202,-201
111900072,53,13,40
111900073,1088,198,890
111900074,26,152,-126
111900075,88,8,80
111900076,195,67,128
111900077,53,6,47
111900078,360,30,330
111900079,37,41,-4
111900080,219,228,-9
111900081,506,223,283
111900082,172,41,131
111900083,226,27,199
111900084,141,5,136
111900085,55,134,-79
111900086,71,6,65
111900087,69,2,67
111900088,550,18,532
111900089,110,0,110
111900090,64,58,6
111900091,315,6,309
111900092,134,1,133
111900093,480,3,477
111900094,133,2,131
111900095,285,33,252
111900096,272,1,271
111900097,53,2,51
111900098,276,4,272
111900099,62,0,62
111900100,135,6,129
111900101,162,21,141
111900102,587,349,238
111900103,88,127,-39
111900104,132,95,37
111900105,468,415,53
111900106,1160,60,1100
111900107,109,124,-15
111900108,133,215,-82
111900109,457,460,-3
111900110,1416,380,1036
111900111,227,97,130
111900112,487,3076,-2589
111900113,211,72,139
111900114,169,124,45
111900115,12,32,-20
111900118,250,110,140
111900119,355,187,168
111900122,129,88,41
111900123,31,33,-2
111900124,46,83,-37
111900125,668,32,636
111900126,352,4,348
111900127,3,497,-494
111900128,7,480,-473
111900129,346,7,339
111900130,242,53,189
111900131,520,2,518
111900132,34,847,-813
111900133,20,278,-258
111900134,12,157,-145
111900135,15,46,-31
111900136,76,181,-105
111900137,82,52,30
111900138,13,77,-64
111900139,15,91,-76
111900140,112,24,88
111900141,62,20,42
111900142,114,30,84
111900143,51,184,-133
111900144,0,60,-60
111900145,3,376,-373
111900146,3,186,-183
111900147,117,386,-269
111900148,23,460,-437
111900149,5,232,-227
111900150,22,146,-124
111900151,5,28,-23
111900152,93,103,-10
111900153,1149,791,358
111900154,24,332,-308
111900155,85,100,-15
111900156,77,73,4
111900157,144,18,126
111900158,665,85,580
111900159,374,30,344
111900160,342,4,338
111900161,225,0,225
111900162,92,198,-106
111900163,60,172,-112
111900164,93,57,36
111901113,579,117,462
111901114,214,187,27
111901115,99,3,96
111901116,61,5,56
111901117,12,30,-18
111901118,43,283,-240
111901119,560,55,505
111901120,99,136,-37
111901121,110,171,-61
111901122,6,337,-331
111901123,304,240,64
111901124,208,1,207
111901125,325,135,190
111901126,94,76,18
111901127,502,675,-173
111901128,11,74,-63
111901129,7,128,-121
111901130,1,168,-167
111901131,2,278,-276
111901132,88,23,65
111901133,45,5,40
111901134,159,4,155
111901135,37,15,22
111901136,39,74,-35
111901137,0,29,-29
111901138,217,34,183
111901139,18,25,-7
111901140,4,91,-87
111901141,24,114,-90
111901142,4,75,-71
111901143,1,121,-120
111901144,35,61,-26
112000001,2132,777,1355
112000002,657,1838,-1181
112000003,1801,1138,663
112000004,752,800,-48
112000005,4140,3940,200
112000006,2114,1696,418
112000007,4273,2533,1740
112000008,2921,3985,-1064
112000009,3021,2278,743
112000010,3697,4552,-855
112000011,1686,1518,168
112000012,6172,6658,-486
112000013,3822,4077,-255
112000014,2684,4047,-1363
112000015,2577,4478,-1901
112000016,6608,3332,3276
112000017,2627,5645,-3018
112000024,2411,971,1440
112000026,2785,3425,-640
112000027,923,664,259
112000028,1167,1467,-300
112000029,722,1022,-300
112000030,231,83,148
112000031,1459,5686,-4227
112000032,260,61,199
112000033,2091,3339,-1248
112000034,186,82,104
112000035,101,760,-659
112000036,936,1888,-952
112000037,1451,1193,258
112000038,1420,2119,-699
112000039,123,107,16
112000040,102,204,-102
112000041,454,509,-55
112000042,1182,458,724
112000050,1396,1671,-275
112000051,1346,1931,-585
112000054,1694,1886,-192
112000057,824,492,332
112000058,463,688,-225
112000059,796,960,-164
112000061,3272,1949,1323
112000062,1777,1355,422
112000063,1108,2163,-1055
112000064,3937,4760,-823
112000065,1797,2138,-341
112000066,3921,1667,2254
112000067,851,726,125
112000068,3419,2639,780
112000069,698,1929,-1231
112000070,2405,1032,1373
112000071,1259,2803,-1544
112000072,3022,1044,1978
112000073,2263,3099,-836
112000074,2114,1603,511
112000075,1687,1545,142
112000076,3847,2803,1044
112000077,801,557,244
112000078,1974,797,1177
112000079,1644,1387,257
112000080,942,861,81
112000081,1369,2371,-1002
112000082,1859,952,907
112000083,640,1170,-530
112000084,1636,807,829
112000085,1515,1006,509
112000086,2133,1202,931
112000087,542,356,186
112000088,941,491,450
112000089,478,367,111
112000090,471,444,27
112000091,575,883,-308
112000092,2333,1097,1236
112000093,1662,714,948
112000094,815,843,-28
112000095,771,698,73
112000096,713,563,150
112000097,1490,828,662
112000098,1062,961,101
112000099,948,2120,-1172
112000100,2340,829,1511
112000101,683,753,-70
112000102,1654,529,1125
112000103,361,766,-405
112000105,446,1081,-635
112000106,1924,415,1509
112000107,26,239,-213
112000108,265,1757,-1492
112000109,73,83,-10
112000110,1993,568,1425
112000111,1238,7625,-6387
112000112,6843,967,5876
112000113,1057,1958,-901
112000114,3476,1129,2347
112000115,408,413,-5
112000116,735,1107,-372
112000117,1073,940,133
112000118,985,878,107
112000119,454,638,-184
112000120,110,309,-199
112000121,149,368,-219
112000122,373,179,194
112000123,880,160,720
112000124,516,88,428
112000125,284,380,-96
112000126,345,403,-58
112000127,2717,3098,-381
112000128,1224,1032,192
112000129,135,71,64
112000130,249,108,141
112000131,26,253,-227
112000132,147,259,-112
112000133,398,150,248
112000134,519,314,205
112000135,1636,809,827
112000136,1140,1817,-677
112000137,2636,4459,-1823
112000138,2507,2476,31
112000139,1014,708,306
112000140,747,1120,-373
112000141,1075,391,684
112000142,170,544,-374
112000143,1219,195,1024
112000144,287,885,-598
112000145,3000,481,2519
112000146,570,1364,-794
112000147,2825,1616,1209
112000148,1467,2148,-681
112000149,667,534,133
112000150,355,583,-228
112000151,403,317,86
112000152,374,314,60
112000153,179,191,-12
112000154,153,241,-88
112000155,161,186,-25
112000157,636,635,1
112000158,374,358,16
112000159,602,427,175
112000167,464,97,367
112000169,339,511,-172
112000173,917,263,654
112000175,553,424,129
112000176,2533,2071,462
112000177,935,286,649
112000178,99,340,-241
112000179,291,111,180
112000180,290,365,-75
112000181,1338,1553,-215
112000182,1666,1260,406
112000183,46,34,12
112000184,447,387,60
112000185,603,383,220
112000187,5965,3854,2111
112000195,243,17,226
112000196,275,3,272
112000197,217,245,-28
112000198,34,389,-355
112000199,123,744,-621
112000202,581,13,568
112000216,94,215,-121
112000230,127,13,114
112000231,2,191,-189
112000256,62,298,-236
112000313,83,145,-62
112000314,107,45,62
112000337,522,684,-162
112000352,333,463,-130
112000392,1916,1411,505
112000398,1622,951,671
112000399,1602,2652,-1050
112000400,1743,2370,-627
112000401,2463,2131,332
112000402,3782,4580,-798
112000403,1951,3800,-1849
112000404,1112,1235,-123
112000405,2300,3265,-965
112000406,2999,1898,1101
112000407,8774,9370,-596
112000408,7835,5153,2682
112000409,1539,3564,-2025
112000410,535,457,78
112000411,3354,1932,1422
112000412,1462,650,812
112000413,7041,6664,377
112000414,131,55,76
112000415,102,52,50
112000416,3171,1399,1772
112000417,320,99,221
112000421,47,77,-30
112000422,379,308,71
112000424,2148,3303,-1155
112000425,548,593,-45
112000426,173,339,-166
112000427,1,14,-13
112000428,282,289,-7
112000429,2403,2552,-149
112000430,2673,3145,-472
112000431,106,186,-80
112000432,676,1047,-371
112000433,409,936,-527
112000437,83,171,-88
112900001,86,1,85
112900002,527,784,-257
112900003,90,326,-236
112900004,51,234,-183
112900005,214,163,51
112900006,6,256,-250
112900007,63,201,-138
112900008,5,75,-70
112900009,431,140,291
112900010,340,708,-368
112900011,147,240,-93
112900012,3,67,-64
112900013,11,589,-578
112900014,4,233,-229
112900015,446,691,-245
112900016,12,188,-176
112900017,91,270,-179
112900018,0,187,-187
112900019,37,159,-122
112900020,418,1054,-636
112900021,1,161,-160
112900022,38,103,-65
112900023,1,124,-123
112900024,27,199,-172
112900025,168,309,-141
112900026,1,165,-164
112900027,58,800,-742
112900028,21,122,-101
112900029,26,462,-436
112900030,114,165,-51
112900031,2,341,-339
112900032,217,233,-16
112900034,2,53,-51
112900035,3,263,-260
112900036,53,152,-99
112900037,170,225,-55
112900038,759,187,572
112900039,13,233,-220
112900040,9,855,-846
112900041,750,1175,-425
112900042,111,252,-141
112900043,29,93,-64
112900044,554,517,37
112900045,237,265,-28
112900046,158,67,91
112900047,2,28,-26
112900049,230,75,155
112900050,41,646,-605
112900051,264,451,-187
112900052,11,608,-597
112900053,350,196,154
112900054,225,69,156
112900055,152,52,100
112900056,431,216,215
112900057,21,422,-401
112900058,451,390,61
112900059,116,200,-84
112900060,33,128,-95
112900061,92,125,-33
112900062,56,120,-64
112900063,104,11,93
112900064,209,226,-17
112900065,48,34,14
112900066,395,238,157
112900067,344,191,153
112900068,63,53,10
112900069,1991,888,1103
112900071,34,13,21
112900072,193,2113,-1920
112900073,606,142,464
112900074,88,280,-192
112900075,1300,1153,147
112900076,93,51,42
112900078,359,452,-93
112900079,396,25,371
112900080,93,5,88
112900081,45,200,-155
112900082,661,21,640
112900083,108,122,-14
112900084,331,200,131
112900085,0,9,-9
112900086,111,0,111
112900087,748,189,559
112900088,203,29,174
112900089,1318,49,1269
112900090,64,44,20
112900091,272,8,264
112900092,204,323,-119
112900093,1687,32,1655
112900094,74,2,72
112900095,66,0,66
112900096,644,224,420
112900097,98,397,-299
112900098,309,10,299
112900099,1107,32,1075
112900100,53,0,53
112900101,423,5,418
112900102,269,22,247
112900103,198,12,186
112900104,34,2,32
112900105,30,1,29
112900106,426,158,268
112900107,14,2,12
112900108,27,2,25
112900109,178,1,177
112900110,1428,20,1408
112900111,830,8,822
112900112,396,5,391
112900113,0,10,-10
112900114,178,44,134
112900115,1445,3,1442
112900116,184,26,158
112900117,84,60,24
112900118,40,89,-49
112900119,162,3,159
112900120,717,292,425
112900121,81,178,-97
112900122,10,99,-89
112900123,127,28,99
112900124,15,68,-53
112900125,79,523,-444
112900126,200,248,-48
112900127,366,61,305
112900128,183,693,-510
112900129,2,812,-810
112900130,305,83,222
112900131,48,614,-566
112900132,132,498,-366
112900133,32,1530,-1498
112900134,1,413,-412
112900135,117,40,77
112900136,0,18,-18
112900137,1,399,-398
112900138,8,230,-222
112900139,204,1183,-979
112900140,1,42,-41
112900141,984,80,904
112900142,93,224,-131
112900143,28,397,-369
112900144,3,139,-136
112900145,32,377,-345
112900146,5,810,-805
112900147,3,1111,-1108
112900148,49,2,47
112900149,332,308,24
112900151,23,77,-54
112900152,3991,853,3138
112900153,1688,2765,-1077
112900154,1,87,-86
112900155,284,54,230
112900156,405,944,-539
112900157,480,17,463
112900158,83,57,26
112900159,237,147,90
112900160,88,224,-136
112900161,122,64,58
112900162,48,23,25
112900163,68,52,16
112900164,46,163,-117
112900165,145,34,111
112900166,28,77,-49
112900167,5,112,-107
112900168,8,12,-4
112900169,12,24,-12
112900170,157,109,48
112900172,42,25,17
112900173,194,100,94
112900174,290,38,252
112900175,156,171,-15
112900176,10,44,-34
112900177,200,57,143
112900178,811,2806,-1995
112900179,39,509,-470
112900180,2250,1731,519
112900181,697,8,689
112900182,65,736,-671
112900183,185,324,-139
112900184,592,545,47
112900185,296,927,-631
112900186,1570,1462,108
112900187,105,726,-621
112900188,783,1733,-950
112900189,11,37,-26
112900190,4,138,-134
112900192,890,757,133
112900193,1559,409,1150
112900194,141,84,57
112900195,1497,55,1442
112900196,358,354,4
112900197,253,442,-189
112900199,689,471,218
112900200,636,210,426
112900201,194,80,114
112900202,361,661,-300
112900203,354,227,127
112900204,980,573,407
112900205,10,44,-34
112900206,57,76,-19
112900207,46,0,46
112900208,114,330,-216
112900209,424,303,121
112900210,1,11,-10
112900211,95,65,30
112900212,0,76,-76
112900213,61,15,46
112900214,18,18,0
112900215,20,133,-113
112900216,33,59,-26
112900217,29,60,-31
112900218,118,10,108
112900219,61,12,49
112900220,9,0,9
112900221,92,134,-42
112900222,0,86,-86
112900223,1336,26,1310
112900224,417,396,21
112900225,493,297,196
112900226,316,406,-90
112900227,839,768,71
112900228,92,40,52
112900229,341,59,282
112900230,8284,4586,3698
112900232,470,367,103
112900233,70,177,-107
112900234,22,99,-77
112900235,135,23,112
112900236,396,18,378
112900237,220,172,48
112900238,12,28,-16
113000001,7577,5004,2573
113000002,4731,3970,761
113000003,2264,1519,745
113000004,1852,2484,-632
113000005,2306,1219,1087
113000006,1259,1501,-242
113000007,2604,1310,1294
113000008,1987,1848,139
113000009,1492,754,738
113000010,1355,1616,-261
113000011,847,1546,-699
113000012,2398,802,1596
113000013,1511,778,733
113000014,1663,1940,-277
113000015,492,292,200
113000016,458,1140,-682
113000017,89,447,-358
113000018,435,63,372
113000019,221,346,-125
113000020,372,53,319
113000021,1173,508,665
113000022,759,1249,-490
113000025,139,539,-400
113000026,462,710,-248
113000027,625,890,-265
113000028,1022,845,177
113000029,1046,660,386
113000030,306,712,-406
113000031,217,307,-90
113000032,313,297,16
113000033,373,487,-114
113000034,349,381,-32
113000035,40,50,-10
113000036,54,99,-45
113000037,79,37,42
113000038,34,84,-50
113000039,110,345,-235
113000040,70,79,-9
113000042,922,683,239
113000051,1120,2286,-1166
113000052,2241,783,1458
113000053,571,373,198
113000054,439,661,-222
113000055,1343,539,804
113000056,1179,899,280
113000058,732,946,-214
113000059,1432,569,863
113000060,307,527,-220
113000061,514,799,-285
113000062,782,292,490
113000063,271,80,191
113000064,48,261,-213
113000065,165,747,-582
113000066,970,138,832
113000067,2432,1159,1273
113000068,360,995,-635
113000069,577,962,-385
113000070,2938,989,1949
113000071,452,584,-132
113000072,1031,480,551
113000073,466,1362,-896
113000074,1156,412,744
113000075,1968,728,1240
113000076,581,2301,-1720
113000077,1419,935,484
113000078,748,2503,-1755
113000079,1242,1180,62
113000080,856,1136,-280
113000081,1187,1297,-110
113000082,1558,1353,205
113000083,682,1040,-358
113000084,1787,1465,322
113000085,1022,826,196
113000086,1114,1288,-174
113000087,1091,1015,76
113000088,2757,1595,1162
113000089,1188,1759,-571
113000090,323,598,-275
113000091,528,411,117
113000094,1453,283,1170
113000095,264,790,-526
113000096,195,868,-673
113000097,1178,479,699
113000098,198,64,134
113000099,1294,435,859
113000100,139,460,-321
113000101,381,596,-215
113000102,781,474,307
113000103,1858,516,1342
113000104,764,2207,-1443
113000105,1099,897,202
113000106,428,634,-206
113000107,1101,772,329
113000108,725,1060,-335
113000109,729,2077,-1348
113000110,2501,657,1844
113000111,102,556,-454
113000112,330,371,-41
113000113,2177,317,1860
113000114,298,1894,-1596
113000116,971,377,594
113000117,1921,162,1759
113000118,132,880,-748
113000119,446,643,-197
113000120,89,359,-270
113000121,927,2094,-1167
113000124,341,155,186
113000125,117,877,-760
113000127,1912,327,1585
113000128,768,621,147
113000129,632,910,-278
113000133,2316,1967,349
113000134,7,994,-987
113000135,4912,4888,24
113000137,2180,3817,-1637
113000139,487,324,163
113000140,159,253,-94
113000141,402,342,60
113000142,830,1904,-1074
113000143,376,228,148
113000144,287,712,-425
113000145,130,166,-36
113000146,164,85,79
113000147,229,125,104
113000148,263,147,116
113000149,141,157,-16
113000150,725,331,394
113000151,110,102,8
113000152,51,155,-104
113000153,1610,620,990
113000154,997,1677,-680
113000155,449,690,-241
113000156,195,431,-236
113000157,311,884,-573
113000158,823,242,581
113000159,1216,555,661
113000160,639,1070,-431
113000161,344,425,-81
113000162,1051,396,655
113000163,156,65,91
113000164,33,98,-65
113000166,241,137,104
113000167,45,74,-29
113000168,117,95,22
113000169,191,42,149
113000170,95,90,5
113000171,64,122,-58
113000172,297,64,233
113000173,78,18,60
113000174,144,367,-223
113000175,461,78,383
113000176,567,137,430
113000177,224,397,-173
113000178,221,263,-42
113000179,353,189,164
113000180,777,1213,-436
113000181,1128,855,273
113000182,188,441,-253
113000183,163,692,-529
113000184,29,113,-84
113000189,394,1235,-841
113000190,801,548,253
113000192,927,3452,-2525
113000193,3565,2269,1296
113000194,1235,1493,-258
113000195,2302,1534,768
113000196,215,72,143
113000197,1419,1562,-143
113000198,58,295,-237
113000199,2196,588,1608
113000201,255,359,-104
113000202,4679,1342,3337
113000203,117,153,-36
113000204,1018,2874,-1856
113000205,14,44,-30
113000206,20,77,-57
113000207,91,38,53
113000208,57,92,-35
113000209,15,43,-28
113000210,17,24,-7
113000211,124,205,-81
113000212,61,23,38
113000213,43,224,-181
113000214,131,255,-124
113000234,216,711,-495
113000410,277,312,-35
113000411,3271,5263,-1992
113000412,6487,2716,3771
113000413,2623,3345,-722
113000414,5997,15789,-9792
113000415,2542,3228,-686
113000416,7906,4418,3488
113000417,2972,3084,-112
113000418,5734,4289,1445
113000419,2444,2900,-456
113000420,5131,7089,-1958
113000421,5346,7973,-2627
113000422,13910,11736,2174
113000423,2422,6141,-3719
113000424,3357,10115,-6758
113000425,11,101,-90
113000428,113,134,-21
113000430,16,827,-811
113000432,2161,186,1975
113000433,107,643,-536
113000434,18,145,-127
113000435,30,436,-406
113000436,27,1114,-1087
113000437,1189,33,1156
113000438,273,13,260
113000439,27,95,-68
113000440,90,24,66
113000441,203,160,43
113000442,96,143,-47
113000443,232,177,55
113000444,189,118,71
113000445,119,78,41
113000446,25,70,-45
113000448,210,213,-3
113000449,163,473,-310
113000450,627,1758,-1131
113000451,1158,224,934
113000452,284,334,-50
113000453,64,379,-315
113000454,449,40,409
113000455,4,395,-391
113000456,4203,3188,1015
113000468,1617,191,1426
113000469,100,215,-115
113000470,308,31,277
113000471,9,292,-283
113000472,146,340,-194
113000474,768,642,126
113000475,1629,2016,-387
113000476,1673,2090,-417
113000477,4081,1997,2084
113000478,3912,4920,-1008
113000479,59,179,-120
113000480,96,356,-260
113000481,0,0,0
113000483,0,0,0
113000485,0,0,0
113000486,2,0,2
113000487,0,0,0
113000488,16,7,9
113000489,0,6,-6
113000490,0,28,-28
113000491,13,1,12
113000492,11,3,8
113000493,0,0,0
113000495,136,107,29
113000496,84,58,26
113000497,0,0,0
113000500,0,3,-3
113900001,0,291,-291
113900002,0,61,-61
113900003,1,43,-42
113900004,0,47,-47
113900005,0,92,-92
113900006,0,17,-17
113900007,59,30,29
113900008,18,0,18
113900009,73,0,73
113900010,44,1,43
113900011,70,0,70
113900012,55,0,55
113900013,192,3,189
113900014,632,4,628
113900015,0,75,-75
113900016,43,0,43
113900017,0,31,-31
113900018,369,197,172
113900019,164,43,121
113900020,188,5,183
113900022,49,1,48
113900023,22,0,22
113900024,25,52,-27
113900025,385,31,354
113900026,132,1,131
113900027,8,43,-35
113900028,22,357,-335
113900029,41,137,-96
113900030,270,4,266
113900031,11,0,11
113900032,32,1,31
113900033,74,47,27
113900035,91,1,90
113900036,35,64,-29
113900037,208,390,-182
113900038,20,117,-97
113900039,223,38,185
113900040,11,25,-14
113900041,9,3,6
113900042,69,35,34
113900043,129,104,25
113900044,307,314,-7
113900045,69,0,69
113900046,392,665,-273
113900047,64,101,-37
113900048,185,90,95
113900049,468,303,165
113900050,296,302,-6
113900051,230,364,-134
113900052,171,132,39
113900053,737,508,229
113900054,48,5,43
113900055,122,357,-235
113900056,52,140,-88
113900057,14,92,-78
113900058,93,113,-20
113900059,238,350,-112
113900060,108,253,-145
113900061,916,203,713
113900062,118,26,92
113900063,117,129,-12
113900064,35,138,-103
113900065,450,16,434
113900066,403,237,166
113900067,175,372,-197
113900068,587,521,66
113900069,61,37,24
113900070,208,380,-172
113900071,66,45,21
113900072,83,126,-43
113900073,276,341,-65
113900074,329,833,-504
113900075,1250,1289,-39
113900076,303,20,283
113900077,72,158,-86
113900078,38,40,-2
113900079,2,37,-35
113900080,521,230,291
113900081,67,169,-102
113900082,115,201,-86
113900083,419,273,146
113900084,253,102,151
113900085,65,227,-162
113900086,44,12,32
113900087,105,191,-86
113900088,66,98,-32
113900089,504,62,442
113900090,778,394,384
113900091,27,4,23
113900092,26,100,-74
113900093,79,876,-797
113900094,547,441,106
113900095,178,140,38
113900096,306,90,216
113900097,30,133,-103
113900098,659,120,539
113900099,0,36,-36
113900100,1,6,-5
113900101,2,96,-94
113900102,137,166,-29
113900103,309,370,-61
113900104,177,221,-44
113900105,137,155,-18
113900106,0,41,-41
113900107,1,23,-22
113900108,290,295,-5
113900109,454,170,284
113900110,92,14,78
113900111,170,101,69
113900112,133,62,71
113900113,1177,426,751
113900114,4,73,-69
113900115,1,58,-57
113900116,197,184,13
113900117,130,14,116
113900118,279,401,-122
113900119,157,505,-348
113900120,63,42,21
113900121,96,62,34
113900122,619,2080,-1461
113900123,521,174,347
113900124,1,83,-82
113900125,959,154,805
113900126,144,36,108
113900127,337,828,-491
113900128,135,69,66
113900129,16,196,-180
113900130,19,221,-202
113900131,309,69,240
113900132,53,55,-2
113900133,7,62,-55
113900135,391,353,38
113900136,117,64,53
113900137,340,231,109
113900138,52,328,-276
113900139,308,167,141
113900140,206,552,-346
113900141,655,310,345
113900142,162,56,106
113900143,12,48,-36
113900144,229,476,-247
113900145,484,141,343
113900146,187,87,100
113900148,124,264,-140
113900149,229,94,135
113900150,529,530,-1
113900151,499,203,296
113900152,55,65,-10
113900153,238,714,-476
113900154,1,151,-150
113900155,141,183,-42
113900156,260,431,-171
113900157,65,365,-300
113900158,505,850,-345
113900159,17,279,-262
113900160,541,501,40
113900161,73,297,-224
113900162,623,1626,-1003
113900163,335,249,86
113900164,297,52,245
113900165,697,509,188
113900166,212,175,37
113900167,268,60,208
113900168,119,86,33
113900169,287,360,-73
113900171,204,69,135
113900172,13,153,-140
113900173,43,392,-349
113900174,555,620,-65
113900175,329,158,171
113900176,388,543,-155
113900177,336,193,143
113900178,268,127,141
113900179,28,321,-293
113900180,148,88,60
113900181,778,132,646
113900182,695,860,-165
113900183,38,83,-45
113900184,12,554,-542
113900185,144,85,59
113900186,63,46,17
113900187,40,134,-94
113900188,45,205,-160
113900189,279,124,155
113900190,293,115,178
113900191,111,284,-173
113900192,8,612,-604
113900193,16,156,-140
113900194,1341,773,568
113900195,308,350,-42
113900196,22,264,-242
113900197,1,129,-128
113900198,14,207,-193
113900199,133,650,-517
113900200,24,263,-239
113900201,0,146,-146
113900202,46,241,-195
113900203,0,65,-65
113900204,54,387,-333
113900205,9,175,-166
113900206,9,136,-127
113900207,0,60,-60
113900208,0,57,-57
113900209,0,90,-90
113900210,551,783,-232
113900211,211,69,142
113900212,257,337,-80
113900214,410,420,-10
113900215,266,146,120
113900216,152,588,-436
113900217,59,165,-106
113900218,184,97,87
113900219,131,530,-399
113900220,203,126,77
113900221,458,319,139
113900222,224,559,-335
113900223,203,726,-523
113900224,70,57,13
113900225,823,296,527
113900226,495,165,330
113900227,461,225,236
113900228,348,640,-292
113900229,80,1051,-971
113900230,3929,4005,-76
113900231,171,161,10
113900232,101,56,45
113900233,116,86,30
113900234,365,508,-143
113900235,113,42,71
113900236,188,227,-39
113900237,358,12,346
113900238,255,533,-278
113900239,55,99,-44
113900240,6,200,-194
113900241,98,60,38
113900242,77,145,-68
113900243,93,357,-264
113900244,344,210,134
113900245,998,306,692
113900246,17,15,2
113900247,137,423,-286
113900248,2456,1912,544
113900249,781,412,369
113900250,71,170,-99
113900251,753,103,650
113900252,606,26,580
113900253,633,51,582
113900254,1024,156,868
113900255,541,15,526
113900256,340,31,309
113900257,25,374,-349
113900258,23,376,-353
113900259,610,130,480
113900260,213,9,204
113900261,43,84,-41
113900262,149,373,-224
113900263,136,594,-458
113900264,4,299,-295
113900265,202,315,-113
113900266,70,158,-88
113900267,119,492,-373
113900268,340,403,-63
113900269,68,142,-74
113900270,269,676,-407
113900271,579,905,-326
113900273,48,13,35
113900274,57,27,30
113900275,41,44,-3
113900276,4,121,-117
113900277,143,8,135
113900278,325,192,133
113900279,77,69,8
113900280,1528,541,987
113900281,595,1528,-933
113900282,886,672,214
113900283,405,523,-118
113900284,904,320,584
113900285,162,64,98
113900286,67,95,-28
113900287,54,38,16
113900288,2,144,-142
113900289,809,96,713
113900290,206,224,-18
113900291,133,150,-17
113900292,7,10,-3
113900293,3,278,-275
113900294,446,30,416
113900295,540,395,145
113900296,2238,419,1819
113900297,2065,54,2011
113900298,23,1380,-1357
113900299,81,110,-29
113900300,4179,3762,417
113900301,658,449,209
113900302,1974,1043,931
113900303,483,538,-55
113900304,3,120,-117
113900305,134,2,132
113900306,62,2,60
113900307,18,0,18
113900308,127,158,-31
113900309,2,631,-629
113900310,4,7,-3
113900311,10,3,7
113900312,184,205,-21
113900313,21,10,11
114000001,978,2152,-1174
114000002,367,359,8
114000003,80,365,-285
114000004,372,581,-209
114000005,279,275,4
114000006,2233,2375,-142
114000007,775,1305,-530
114000008,1499,2048,-549
114000009,864,317,547
114000011,3145,2240,905
114000012,3021,1598,1423
114000013,2008,1433,575
114000014,553,250,303
114000015,2019,420,1599
114000016,263,239,24
114000017,135,359,-224
114000018,253,50,203
114000026,2076,1231,845
114000027,3665,2150,1515
114000028,3027,2897,130
114000038,317,192,125
114000039,153,46,107
114000040,170,275,-105
114000042,262,186,76
114000043,51,77,-26
114000044,327,34,293
114000045,30,107,-77
114000046,2671,5245,-2574
114000047,7,136,-129
114000048,81,51,30
114000049,1734,1846,-112
114000050,1761,2194,-433
114000051,3221,2181,1040
114000052,4094,2466,1628
114000053,82,832,-750
114000054,171,971,-800
114000055,249,24,225
114000056,801,1070,-269
114000057,4511,2364,2147
114000058,464,1452,-988
114000059,216,349,-133
114000060,613,812,-199
114000061,3157,3020,137
114000062,2027,2024,3
114000063,2204,1489,715
114000064,4801,3756,1045
114000065,1512,2376,-864
114000066,579,755,-176
114000067,30,932,-902
114000068,556,725,-169
114000069,1186,679,507
114000070,2350,2076,274
114000071,821,522,299
114000072,461,257,204
114000073,26,80,-54
114000074,76,16,60
114000075,52,87,-35
114000076,50,103,-53
114000077,11,24,-13
114000078,304,621,-317
114000079,175,36,139
114000080,73,96,-23
114000081,95,116,-21
114000082,69,389,-320
114000083,73,195,-122
114000084,339,111,228
114000085,84,483,-399
114000086,183,308,-125
114000087,117,149,-32
114000088,46,34,12
114000089,762,293,469
114000090,931,1048,-117
114000091,1585,980,605
114000092,960,487,473
114000093,1536,731,805
114000094,417,469,-52
114000095,336,222,114
114000096,186,444,-258
114000097,145,497,-352
114000098,670,121,549
114000099,811,388,423
114000100,1794,621,1173
114000101,495,626,-131
114000102,594,331,263
114000103,165,317,-152
114000104,62,192,-130
114000105,172,96,76
114000106,904,1267,-363
114000107,511,126,385
114000108,1100,989,111
114000109,673,1165,-492
114000110,628,1109,-481
114000111,2315,949,1366
114000112,515,1639,-1124
114000113,1260,628,632
114000114,1200,1163,37
114000115,2214,1045,1169
114000116,1080,1027,53
114000117,3882,559,3323
114000118,3096,552,2544
114000119,2005,477,1528
114000120,643,674,-31
114000121,506,790,-284
114000122,454,308,146
114000123,2318,341,1977
114000124,1154,255,899
114000125,808,1069,-261
114000126,1926,277,1649
114000127,301,197,104
114000128,855,366,489
114000130,557,465,92
114000131,371,97,274
114000132,707,494,213
114000133,922,1597,-675
114000134,83,122,-39
114000138,48,210,-162
114000139,487,379,108
114000144,1032,567,465
114000145,78,183,-105
114000146,125,206,-81
114000147,1759,2061,-302
114000148,1773,1821,-48
114000149,402,314,88
114000150,457,631,-174
114000151,746,1614,-868
114000152,135,44,91
114000153,703,2731,-2028
114000154,736,660,76
114000155,1414,2425,-1011
114000156,767,798,-31
114000157,327,1259,-932
114000158,1362,785,577
114000159,144,417,-273
114000160,123,502,-379
114000161,1432,3364,-1932
114000162,1312,2841,-1529
114000163,16,85,-69
114000165,584,388,196
114000166,740,580,160
114000167,2878,1564,1314
114000168,688,587,101
114000169,1558,1708,-150
114000170,1169,1163,6
114000171,1626,2674,-1048
114000174,228,468,-240
114000176,451,550,-99
114000177,1576,695,881
114000178,67,48,19
114000179,1211,671,540
114000180,470,567,-97
114000181,1693,4075,-2382
114000182,2754,2297,457
114000183,821,685,136
114000184,724,848,-124
114000185,1226,795,431
114000189,1415,158,1257
114000190,3171,480,2691
114000191,51,116,-65
114000192,187,1055,-868
114000193,503,1733,-1230
114000194,1597,738,859
114000195,167,36,131
114000196,2,133,-131
114000197,1536,16,1520
114000198,814,339,475
114000199,1943,1705,238
114000200,591,1460,-869
114000201,164,685,-521
114000202,1200,479,721
114000203,477,581,-104
114000204,202,434,-232
114000205,212,1250,-1038
114000206,715,1208,-493
114000207,630,1454,-824
114000208,523,1905,-1382
114000209,598,1854,-1256
114000210,250,968,-718
114000211,1104,1255,-151
114000212,948,942,6
114000213,1444,534,910
114000214,78,185,-107
114000215,180,59,121
114000216,1436,393,1043
114000217,369,177,192
114000218,154,203,-49
114000219,1258,187,1071
114000220,22,913,-891
114000221,1001,148,853
114000222,192,897,-705
114000223,564,159,405
114000224,94,481,-387
114000225,278,460,-182
114000226,237,220,17
114000227,983,463,520
114000228,933,691,242
114000229,1215,1361,-146
114000230,2113,1130,983
114000231,1443,1454,-11
114000232,951,159,792
114000233,2603,172,2431
114000234,1125,756,369
114000235,1090,1220,-130
114000236,0,400,-400
114000237,126,760,-634
114000238,113,207,-94
114000239,199,1065,-866
114000240,873,801,72
114000241,299,787,-488
114000242,935,751,184
114000243,1669,861,808
114000244,558,362,196
114000245,334,654,-320
114000246,128,49,79
114000247,563,591,-28
114000248,1164,507,657
114000249,476,432,44
114000250,546,544,2
114000251,419,202,217
114000252,81,61,20
114000253,89,136,-47
114000254,60,67,-7
114000255,697,288,409
114000256,1157,2251,-1094
114000257,338,1130,-792
114000258,261,350,-89
114000259,132,240,-108
114000260,0,29,-29
114000261,55,30,25
114000262,293,111,182
114000263,8,2,6
114000264,1297,629,668
114000265,0,0,0
114000267,1,1590,-1589
114000268,2,1050,-1048
114000270,127,5,122
114000271,356,53,303
114000283,1284,460,824
114000285,40,154,-114
114000288,101,261,-160
114000289,1519,106,1413
114000293,310,497,-187
114000294,258,298,-40
114000395,1371,40,1331
114000396,745,585,160
114000402,597,258,339
114000403,289,282,7
114000405,209,403,-194
114000423,395,307,88
114000424,543,253,290
114000425,1037,334,703
114000426,376,791,-415
114000427,91,96,-5
114000428,124,177,-53
114000429,16,153,-137
114000432,96,84,12
114000434,29,82,-53
114000435,10,102,-92
114000436,1790,688,1102
114000437,297,2838,-2541
114900001,727,647,80
114900002,573,124,449
114900003,818,1025,-207
114900004,226,498,-272
114900005,702,633,69
114900006,82,77,5
114900007,383,21,362
114900008,212,81,131
114900010,1623,1781,-158
114900011,245,126,119
114900013,226,137,89
114900015,83,413,-330
114900018,976,73,903
114900020,203,75,128
114900022,6,653,-647
114900024,280,149,131
114900025,578,225,353
114900026,80,156,-76
114900027,242,272,-30
114900029,18,19,-1
114900030,320,333,-13
114900031,370,27,343
114900032,391,10,381
114900033,895,1068,-173
114900034,43,151,-108
114900035,160,313,-153
114900036,210,501,-291
114900037,106,160,-54
114900038,172,517,-345
114900039,511,465,46
114900040,64,104,-40
114900041,907,418,489
114900042,932,430,502
114900043,548,218,330
114900044,132,42,90
114900046,30,119,-89
114900047,205,2123,-1918
114900048,121,270,-149
114900049,12,214,-202
114900050,54,313,-259
114900051,34,401,-367
114900052,105,247,-142
114900053,88,217,-129
114900054,44,101,-57
114900057,285,5,280
114900058,0,79,-79
114900059,131,65,66
114900060,836,775,61
114900061,115,101,14
114900062,238,362,-124
114900063,69,160,-91
114900064,1590,383,1207
114900065,455,717,-262
114900067,82,375,-293
114900068,55,141,-86
114900069,219,113,106
114900070,593,416,177
114900072,4,340,-336
114900073,0,154,-154
114900074,673,442,231
114900075,370,16,354
114900076,6,354,-348
114900080,1693,328,1365
114900082,3373,2269,1104
114900083,1197,1002,195
114900090,458,206,252
114900091,114,195,-81
114900095,349,98,251
114900096,424,714,-290
114900097,157,1,156
114900098,10,169,-159
114900099,267,13,254
115000001,5277,3529,1748
115000002,4502,4509,-7
115000003,4831,2581,2250
115000004,5155,6489,-1334
115000005,1640,1890,-250
115000006,1058,1768,-710
115000007,147,177,-30
115000008,405,503,-98
115000009,265,222,43
115000010,328,226,102
115000013,101,195,-94
115000015,59,278,-219
115000016,245,362,-117
115000019,50,499,-449
115000020,160,843,-683
115000021,277,422,-145
115000022,483,400,83
115000023,551,663,-112
115000024,1111,424,687
115000025,1037,805,232
115000026,212,367,-155
115000027,294,305,-11
115000028,300,729,-429
115000029,626,128,498
115000030,980,1119,-139
115000031,1515,459,1056
115000032,13,240,-227
115000033,148,42,106
115000034,96,1141,-1045
115000035,1258,81,1177
115000036,1,509,-508
115000037,678,18,660
115000038,84,189,-105
115000039,3285,3763,-478
115000040,5244,3029,2215
115000041,1298,3568,-2270
115000042,858,602,256
115000043,4083,2438,1645
115000044,3499,3389,110
115000045,2779,1339,1440
115000046,3013,2471,542
115000047,2561,1474,1087
115000048,1595,1956,-361
115000049,1510,2892,-1382
115000050,3555,1656,1899
115000051,1738,2972,-1234
115000052,1704,1502,202
115000053,2007,1775,232
115000054,666,1005,-339
115000055,151,704,-553
115000056,159,428,-269
115000057,517,1101,-584
115000058,392,292,100
115000059,191,137,54
115000061,167,207,-40
115000062,164,257,-93
115000063,438,231,207
115000064,213,149,64
115000065,62,468,-406
115000067,196,25,171
115000069,85,320,-235
115000070,29,931,-902
115000071,138,17,121
115000072,6,94,-88
115000073,1445,60,1385
115000075,99,54,45
115000076,3107,2711,396
115000077,2045,2046,-1
115000078,1482,1124,358
115000079,1525,1392,133
115000080,2838,1865,973
115000081,500,812,-312
115000082,4598,3747,851
115000083,2207,1638,569
115000084,2942,1087,1855
115000085,859,860,-1
115000086,1402,788,614
115000087,471,1307,-836
115000088,2166,892,1274
115000089,1465,1266,199
115000090,591,872,-281
115000091,227,698,-471
115000092,629,335,294
115000093,554,7,547
115000094,6101,5609,492
115000095,4445,6160,-1715
115000096,928,1149,-221
115000097,1295,863,432
115000098,1386,661,725
115000099,2895,2138,757
115000100,1129,372,757
115000101,398,1283,-885
115000102,578,213,365
115000103,292,628,-336
115000105,65,109,-44
115000106,689,292,397
115000107,260,434,-174
115000108,3021,1981,1040
115000109,4025,5095,-1070
115000110,1596,1573,23
115000111,706,1498,-792
115000112,1075,734,341
115000113,888,902,-14
115000114,1718,807,911
115000116,4415,2603,1812
115000117,3624,3124,500
115000118,2360,1857,503
115000119,1607,2327,-720
115000120,606,1512,-906
115000121,1307,1073,234
115000122,3336,2165,1171
115000123,1587,2875,-1288
115000124,800,978,-178
115000125,556,682,-126
115000126,193,379,-186
115000127,377,165,212
115000128,440,871,-431
115000129,315,369,-54
115000130,512,734,-222
115000131,892,267,625
115000132,336,313,23
115000133,582,230,352
115000134,329,264,65
115000135,256,258,-2
115000136,288,293,-5
115000137,126,191,-65
115000138,434,255,179
115000139,225,226,-1
115000140,450,216,234
115000141,181,210,-29
115000142,151,189,-38
115000143,854,568,286
115000144,474,78,396
115000145,272,301,-29
115000146,494,366,128
115000147,374,402,-28
115000148,292,778,-486
115000149,675,244,431
115000150,731,746,-15
115000151,1283,426,857
115000152,710,990,-280
115000153,1202,523,679
115000154,996,321,675
115000155,596,735,-139
115000156,1206,678,528
115000157,757,787,-30
115000158,651,381,270
115000159,736,669,67
115000160,637,666,-29
115000161,600,455,145
115000162,811,908,-97
115000163,529,707,-178
115000164,713,569,144
115000165,399,672,-273
115000167,152,79,73
115000168,478,335,143
115000169,554,391,163
115000170,103,174,-71
115000171,251,253,-2
115000172,1240,849,391
115000173,369,686,-317
115000174,299,507,-208
115000175,234,277,-43
115000176,183,217,-34
115000177,192,263,-71
115000178,18,228,-210
115000179,48,47,1
115000180,102,459,-357
115000181,919,140,779
115000182,978,350,628
115000183,440,674,-234
115000186,768,308,460
115000187,200,764,-564
115000188,383,434,-51
115000189,207,385,-178
115000190,711,438,273
115000191,229,515,-286
115000194,135,171,-36
115000195,348,327,21
115000196,188,116,72
115000197,185,255,-70
115000198,437,171,266
115000199,378,195,183
115000200,362,132,230
115000201,159,298,-139
115000206,423,52,371
115000207,172,309,-137
115000208,485,608,-123
115000209,718,356,362
115000210,195,129,66
115000211,268,274,-6
115000212,1329,305,1024
115000218,91,86,5
115000219,15,34,-19
115000224,317,40,277
115000225,58,72,-14
115000229,187,163,24
115000230,86,352,-266
115000231,260,1169,-909
115000232,1949,293,1656
115000233,159,210,-51
115000234,29,318,-289
115000241,120,175,-55
115000242,142,224,-82
115000243,54,170,-116
115000244,14,92,-78
115000246,46,31,15
115000247,74,23,51
115000248,58,23,35
115000249,29,14,15
115000250,277,44,233
115000251,235,122,113
115000252,99,189,-90
115000253,32,416,-384
115000258,444,153,291
115000259,280,128,152
115000261,26,16,10
115000262,23,16,7
115000263,20,38,-18
115000264,31,34,-3
115000267,89,47,42
115000268,40,96,-56
115000269,136,50,86
115000270,3,30,-27
115000272,82,178,-96
115000273,396,39,357
115000274,340,120,220
115000280,2893,376,2517
115000281,854,1090,-236
115000282,1143,1116,27
115000284,225,202,23
115000296,836,9,827
115000297,151,348,-197
115000298,42,815,-773
115000300,252,181,71
115000302,544,127,417
115000303,792,106,686
115000304,913,71,842
115000305,123,572,-449
115000306,201,282,-81
115000307,109,148,-39
115000308,13,11,2
115000309,14,11,3
115000310,1052,705,347
115000311,1147,1077,70
115000313,104,473,-369
115000314,483,136,347
115000315,635,460,175
115000316,58,122,-64
115000317,208,439,-231
115000318,886,353,533
115000319,83,299,-216
115000320,30,313,-283
115000321,335,9,326
115000322,41,176,-135
115000449,217,166,51
115000557,28,1310,-1282
115000558,425,112,313
115000587,540,383,157
115000588,1898,2437,-539
115000589,3851,2258,1593
115000590,1143,1554,-411
115000591,1716,802,914
115000592,729,1788,-1059
115000593,1590,665,925
115000594,790,2373,-1583
115000609,131,97,34
115000617,1565,3455,-1890
115000624,236,20,216
115000633,548,1951,-1403
115000634,3146,1024,2122
115000635,566,137,429
115000638,577,562,15
115000641,57,94,-37
115000642,419,225,194
115000643,99,425,-326
115000644,151,387,-236
115000646,985,1746,-761
115000647,198,571,-373
115000648,2325,1548,777
115000893,2649,1319,1330
115000894,167,1062,-895
115000895,333,768,-435
115000896,959,328,631
115000897,530,171,359
115000898,812,248,564
115000899,343,1019,-676
115000900,82,310,-228
115000901,51,174,-123
115000912,373,113,260
115000913,1,12,-11
115000915,31,0,31
115000916,4,0,4
115000917,0,1,-1
115000918,120,787,-667
115000919,14,21,-7
115000920,15,47,-32
115000921,647,105,542
115000922,595,725,-130
115000923,216,817,-601
115000925,84,106,-22
115000927,20,44,-24
115000933,114,152,-38
115000934,15,53,-38
115000935,13,7,6
115900001,112,25,87
115900002,88,127,-39
115900003,174,124,50
115900004,2,28,-26
115900005,214,14,200
115900006,130,192,-62
115900008,79,9,70
115900009,75,253,-178
115900010,417,142,275
115900011,827,213,614
115900012,186,45,141
115900013,441,132,309
115900014,158,122,36
115900015,129,53,76
115900016,166,46,120
115900017,20,8,12
115900018,156,69,87
115900019,753,23,730
115900020,66,1,65
115900021,995,599,396
115900022,753,13,740
115900023,15,11,4
115900025,40,175,-135
115900026,1002,179,823
115900027,0,227,-227
115900028,614,65,549
115900029,40,300,-260
115900030,42,24,18
115900031,224,314,-90
115900032,537,595,-58
115900033,0,74,-74
115900034,20,269,-249
115900035,67,15,52
115900036,33,828,-795
115900037,53,288,-235
115900038,58,7,51
115900039,173,166,7
115900041,305,628,-323
115900042,33,9,24
115900043,101,80,21
115900044,196,306,-110
115900046,325,184,141
115900047,188,192,-4
115900049,156,186,-30
115900051,4,61,-57
115900052,19,200,-181
115900053,245,163,82
115900054,274,59,215
115900055,19,108,-89
115900056,225,209,16
115900057,55,12,43
115900058,39,53,-14
115900060,97,469,-372
115900061,254,4,250
115900062,31,237,-206
115900063,68,15,53
115900064,213,200,13
115900065,154,193,-39
115900066,207,136,71
115900067,8,416,-408
115900068,2276,1046,1230
115900069,39,156,-117
115900070,191,111,80
115900071,0,339,-339
115900072,44,186,-142
115900073,102,93,9
115900074,5,223,-218
115900075,29,201,-172
115900076,4,52,-48
115900077,8,201,-193
115900078,71,134,-63
115900079,235,18,217
115900080,360,217,143
115900081,26,90,-64
115900082,120,156,-36
115900084,562,41,521
115900085,26,50,-24
115900086,1465,538,927
115900088,8,43,-35
115900089,442,555,-113
115900090,379,16,363
115900091,5,33,-28
115900092,23,86,-63
115900093,7,23,-16
115900094,8,265,-257
115900096,5,10,-5
115900097,8,289,-281
115900098,194,234,-40
115900099,86,64,22
115900100,15,293,-278
115900101,134,165,-31
115900102,102,61,41
115900103,354,166,188
115900104,96,85,11
115900105,290,490,-200
115900106,99,25,74
115900107,102,79,23
115900108,145,40,105
115900109,39,407,-368
115900110,9,18,-9
115900111,2,68,-66
115900112,27,864,-837
115900113,39,25,14
115900114,1,124,-123
115900115,65,181,-116
115900116,57,770,-713
115900117,75,8,67
115900118,5,189,-184
115900119,144,155,-11
115900120,24,240,-216
115900121,201,229,-28
115900124,295,641,-346
115900125,386,58,328
115900126,749,75,674
115900127,713,52,661
115900128,10,381,-371
115900129,862,49,813
115900130,24,230,-206
115900131,341,28,313
115900132,670,12,658
115900134,278,12,266
115900135,427,1265,-838
115900137,25,0,25
115900139,81,157,-76
115900140,356,40,316
115900141,21,95,-74
115900142,29,78,-49
115900143,314,378,-64
115900144,84,266,-182
115900146,9,61,-52
115900147,245,294,-49
115900148,53,6,47
115900149,123,26,97
115900150,84,31,53
115900151,19,108,-89
115900152,133,226,-93
115900153,158,178,-20
115900154,373,335,38
115900155,4,52,-48
115900156,757,833,-76
115900157,203,441,-238
115900158,13,10,3
115900159,141,199,-58
115900160,7,8,-1
115900161,74,466,-392
115900163,222,262,-40
115900164,638,90,548
115900165,3,160,-157
115900166,176,188,-12
115900168,124,154,-30
115900171,135,380,-245
115900172,74,120,-46
115900173,278,95,183
115900174,266,282,-16
115900175,143,165,-22
115900178,8,430,-422
115900179,301,19,282
115900180,25,99,-74
115900181,202,136,66
115900182,365,128,237
115900183,99,160,-61
115900184,1746,18,1728
115900187,16,117,-101
115900189,1,272,-271
115900190,55,1399,-1344
115900191,28,302,-274
115900192,25,111,-86
115900193,286,95,191
115900194,948,72,876
115900195,646,2253,-1607
115900198,232,344,-112
115900199,232,210,22
115900200,187,297,-110
115900201,377,295,82
115900202,1,53,-52
115900203,4,9,-5
115900204,0,8,-8
115900205,54,4,50
115900206,211,147,64
115900207,42,18,24
115900208,133,149,-16
115900209,7,124,-117
115900210,2,130,-128
115900211,3,168,-165
115900212,172,172,0
115900213,120,106,14
115900214,555,172,383
115900215,23,126,-103
115900216,6,82,-76
115900217,4,29,-25
115900218,11,27,-16
115900219,107,8,99
115900220,212,10,202
115900221,121,10,111
115900222,63,38,25
115900223,12,355,-343
115900224,840,1153,-313
115900225,88,81,7
115900226,17,54,-37
115900227,8,57,-49
115900228,9,94,-85
115900229,5,53,-48
115900230,30,106,-76
115900231,114,1,113
115900232,47,2,45
115900233,82,20,62
115900234,52,30,22
115900235,37,38,-1
115900236,47,33,14
115900237,13,30,-17
115900238,25,17,8
115900239,15,32,-17
115900240,6,67,-61
115900241,242,107,135
115900242,221,326,-105
115900243,5,11,-6
115900244,11,14,-3
115900245,8,12,-4
115900246,10,4,6
115900247,22,8,14
115900248,18,5,13
115900249,7,9,-2
115900250,15,21,-6
115900251,0,13,-13
115900252,1,2,-1
115900253,15,15,0
115900254,16,46,-30
115900255,2,15,-13
115900256,4,28,-24
115900257,18,2,16
115900258,0,0,0
115900259,3,1,2
115900260,5,2,3
115900261,7,2,5
115900262,5,1,4
115900263,16,1,15
115900264,23,1,22
115900265,4,2,2
115900266,6,17,-11
115900267,12,23,-11
115900268,11,12,-1
115900269,520,347,173
115900270,381,302,79
115900271,32,0,32
115900272,13,0,13
115900273,5,4,1
115900274,2,10,-8
115900275,0,14,-14
115900276,0,5,-5
115900277,0,6,-6
115900278,13,44,-31
115900279,4,75,-71
115900280,7,198,-191
115900281,38,45,-7
116000001,10220,4133,6087
116000002,5670,12132,-6462
116000003,1788,1453,335
116000004,2622,4275,-1653
116000005,2109,3354,-1245
116000006,2752,3045,-293
116000007,2515,4437,-1922
116000008,5101,3591,1510
116000009,1514,1753,-239
116000010,2605,2164,441
116000011,897,1709,-812
116000012,1906,1143,763
116000013,6976,4046,2930
116000014,9652,12803,-3151
116000015,335,1613,-1278
116000016,6261,4280,1981
116000017,44,844,-800
116000018,801,333,468
116000019,1327,385,942
116000020,773,1056,-283
116000021,550,378,172
116000022,386,298,88
116000023,1336,909,427
116000024,751,813,-62
116000025,934,902,32
116000026,1587,3139,-1552
116000027,684,683,1
116000028,573,1018,-445
116000029,739,721,18
116000030,908,452,456
116000031,248,331,-83
116000032,352,182,170
116000033,362,310,52
116000034,817,648,169
116000035,401,779,-378
116000036,1838,1497,341
116000037,637,615,22
116000038,471,581,-110
116000039,595,585,10
116000040,1030,490,540
116000041,258,630,-372
116000042,754,454,300
116000043,146,846,-700
116000044,5,41,-36
116000045,1959,1582,377
116000046,1154,1775,-621
116000047,1806,2046,-240
116000048,2277,1706,571
116000049,1599,3294,-1695
116000050,1478,1291,187
116000051,6142,3248,2894
116000052,5362,5074,288
116000053,2268,738,1530
116000054,760,2849,-2089
116000055,756,981,-225
116000056,1009,981,28
116000057,3175,1731,1444
116000058,3795,3230,565
116000059,3777,5483,-1706
116000060,2469,1005,1464
116000061,312,1030,-718
116000062,667,267,400
116000063,562,1184,-622
116000066,260,610,-350
116000067,257,419,-162
116000068,299,325,-26
116000069,254,357,-103
116000078,623,1213,-590
116000080,1994,897,1097
116000082,4,40,-36
116000083,1964,454,1510
116000084,1960,3126,-1166
116000085,2372,1938,434
116000086,1454,827,627
116000087,2205,1688,517
116000088,784,1033,-249
116000089,152,74,78
116000090,114,202,-88
116000091,382,250,132
116000093,1060,578,482
116000094,798,568,230
116000095,911,709,202
116000096,806,1472,-666
116000097,1037,770,267
116000098,37,6391,-6354
116000099,6487,216,6271
116000100,258,18,240
116000101,925,672,253
116000102,275,1069,-794
116000103,461,284,177
116000104,219,1221,-1002
116000105,1142,177,965
116000106,383,914,-531
116000107,2519,306,2213
116000108,355,191,164
116000111,142,45,97
116000113,246,88,158
116000114,48,212,-164
116000115,443,99,344
116000116,302,487,-185
116000117,1805,1820,-15
116000118,1726,1126,600
116000119,4187,1892,2295
116000120,2888,3407,-519
116000121,1064,533,531
116000122,1298,1649,-351
116000123,1246,420,826
116000124,460,900,-440
116000125,3272,875,2397
116000126,375,1228,-853
116000127,878,1055,-177
116000128,2084,921,1163
116000129,1730,228,1502
116000130,651,525,126
116000133,1201,748,453
116000134,1748,1795,-47
116000135,2958,1436,1522
116000136,1070,1845,-775
116000137,1201,906,295
116000138,1232,712,520
116000139,2017,2504,-487
116000140,165,240,-75
116000141,323,548,-225
116000142,2978,2344,634
116000143,1861,1816,45
116000144,1666,1873,-207
116000145,1991,1187,804
116000146,597,209,388
116000147,195,140,55
116000148,598,619,-21
116000149,821,958,-137
116000151,534,482,52
116000153,126,379,-253
116000155,236,273,-37
116000156,747,1060,-313
116000157,93,11,82
116000158,327,347,-20
116000159,11,10,1
116000160,14,50,-36
116000161,2,83,-81
116000162,84,127,-43
116000163,30,16,14
116000164,19,25,-6
116000177,367,126,241
116000194,98,409,-311
116000195,1461,575,886
116000196,17,4,13
116000197,15,13,2
116000198,2815,1286,1529
116000200,838,530,308
116000201,652,660,-8
116000202,2,233,-231
116000203,4,77,-73
116000204,3,53,-50
116000205,2,128,-126
116000206,0,80,-80
116000207,6,38,-32
116000233,203,430,-227
116000287,148,309,-161
116000288,318,225,93
116000292,75,127,-52
116000296,12,205,-193
116000297,78,16,62
116000304,217,11,206
116000305,39,87,-48
116000346,191,89,102
116000352,108,47,61
116000354,34,11,23
116000357,19,15,4
116000358,405,66,339
116000361,54,1,53
116000372,4415,4706,-291
116000381,135,3,132
116000388,1,29,-28
116000389,1118,584,534
116000445,463,428,35
116000446,606,475,131
116000447,22,582,-560
116000448,573,208,365
116000563,1156,1019,137
116000565,42,394,-352
116000568,46,381,-335
116000579,24,108,-84
116000584,28,10,18
116000585,42,16,26
116000586,73,123,-50
116000587,417,649,-232
116000589,54,78,-24
116000590,100,69,31
116000591,247,191,56
116000592,45,96,-51
116000593,5,44,-39
116000594,730,439,291
116000595,649,145,504
116000596,136,7,129
116000597,463,114,349
116000598,34,164,-130
116000602,74,426,-352
116000605,227,134,93
116000606,85,212,-127
116000607,4,56,-52
116000609,217,834,-617
116000611,203,352,-149
116000612,785,1934,-1149
116000613,702,278,424
116000614,418,473,-55
116000615,13,388,-375
116000616,60,61,-1
116000617,93,28,65
116000618,6,65,-59
116000619,32,101,-69
116000620,161,99,62
116000621,65,109,-44
116000622,50,141,-91
116000624,210,128,82
116000627,1,6,-5
116000628,16,180,-164
116000629,10,204,-194
116000630,232,9,223
116000631,83,9,74
116000632,487,217,270
116000633,36,304,-268
116000634,506,14,492
116000635,933,1145,-212
116900001,275,216,59
116900002,249,3,246
116900003,22,41,-19
116900004,54,65,-11
116900005,307,75,232
116900006,166,429,-263
116900007,149,211,-62
116900008,562,220,342
116900009,30,14,16
116900010,1,1058,-1057
116900011,12,38,-26
116900012,236,273,-37
116900013,1,168,-167
116900014,152,175,-23
116900015,447,60,387
116900016,268,3,265
116900017,2,399,-397
116900018,93,56,37
116900019,4,299,-295
116900020,780,1051,-271
116900023,52,12,40
116900024,606,37,569
116900025,1307,765,542
116900026,115,479,-364
116900027,28,62,-34
116900028,7,133,-126
116900029,0,42,-42
116900031,0,2,-2
116900032,6,192,-186
116900033,24,10,14
116900034,14,58,-44
116900035,116,191,-75
116900036,5,95,-90
116900038,43,5,38
116900041,87,22,65
116900042,513,272,241
116900043,37,65,-28
116900045,234,92,142
116900047,19,137,-118
116900049,20,276,-256
116900050,154,399,-245
116900051,157,179,-22
116900052,214,79,135
116900055,1,11,-10
116900057,7,187,-180
116900058,43,269,-226
116900059,2,139,-137
116900060,216,206,10
116900062,0,3,-3
116900064,64,519,-455
116900065,20,103,-83
116900067,146,61,85
116900068,158,173,-15
116900070,1,4,-3
116900072,24,310,-286
116900073,17,108,-91
116900074,5,51,-46
116900076,9,47,-38
116900077,14,102,-88
116900078,184,87,97
116900079,30,191,-161
116900080,19,40,-21
116900081,347,966,-619
116900082,305,997,-692
116900083,30,31,-1
116900084,152,73,79
116900085,38,142,-104
116900086,51,156,-105
116900088,378,81,297
116900090,74,39,35
116900091,361,36,325
116900092,73,558,-485
116900093,1876,1960,-84
116900094,4063,4412,-349
116900095,248,105,143
116900096,203,376,-173
116900097,2245,3094,-849
116900098,829,362,467
116900099,794,718,76
116900100,924,50,874
116900101,338,475,-137
116900103,16,1,15
116900104,54,79,-25
116900105,334,177,157
116900106,2060,122,1938
116900107,2744,2822,-78
116900110,19,1,18
116900111,806,588,218
116900112,328,829,-501
116900113,1812,1163,649
116900116,99,651,-552
116900117,159,94,65
116900118,681,820,-139
116900120,406,81,325
116900121,169,17,152
116900122,1025,547,478
116900123,225,613,-388
116900124,203,836,-633
116900125,444,149,295
116900126,129,527,-398
116900128,0,33,-33
116900129,0,336,-336
116900130,615,3981,-3366
116900131,80,382,-302
116900132,70,115,-45
116900133,200,184,16
116900134,220,275,-55
116900136,245,210,35
116900137,308,185,123
116900138,257,228,29
116900139,177,495,-318
116900140,237,163,74
116900141,907,434,473
116900142,1,58,-57
116900143,437,401,36
116900144,32,57,-25
116900145,143,224,-81
116900147,521,608,-87
116900148,5,54,-49
116900149,41,250,-209
116900150,15,17,-2
116900151,16,6,10
116900153,147,84,63
116900154,493,587,-94
116900155,55,65,-10
116900157,637,181,456
116900158,113,323,-210
116900159,61,309,-248
116900160,977,945,32
116900161,4959,7014,-2055
116900162,16,75,-59
116900163,221,109,112
116900164,91,87,4
116900165,318,360,-42
116900166,32,56,-24
116900167,439,58,381
116900168,357,45,312
116900169,571,626,-55
116900170,350,600,-250
116900171,40,191,-151
116900172,181,319,-138
116900173,193,33,160
116900174,70,52,18
116900175,240,241,-1
116900178,42,104,-62
116900179,93,301,-208
116900180,108,24,84
116900182,555,284,271
116900183,235,84,151
116900185,31,36,-5
116900186,108,200,-92
116900187,83,48,35
116900188,181,28,153
116900189,53,2,51
116900191,431,675,-244
116900192,413,130,283
116900194,171,1438,-1267
116900195,43,26,17
116900196,5,62,-57
116900197,125,14,111
116900198,120,251,-131
116900200,44,27,17
116900201,159,7,152
116900202,100,49,51
116900203,174,4,170
116900204,35,105,-70
116900206,16,6,10
116900207,27,28,-1
116900208,8,100,-92
116900209,30,92,-62
116900210,551,325,226
116900211,224,13,211
116900212,50,34,16
116900213,289,120,169
116900214,208,128,80
116900215,67,48,19
116900216,247,160,87
116900218,3,214,-211
116900219,1218,366,852
116900220,102,277,-175
116900221,103,388,-285
116900222,401,391,10
116900223,130,304,-174
116900226,124,51,73
116900227,177,51,126
116900228,339,199,140
116900230,89,180,-91
116900231,24,334,-310
116900232,14,288,-274
116900233,346,84,262
116900234,41,12,29
116900235,173,235,-62
116900238,1241,309,932
116900239,55,1328,-1273
116900240,4377,3099,1278
116900241,134,117,17
116900242,297,601,-304
116900243,4,63,-59
116900245,41,18,23
116900246,97,9,88
116900247,765,21,744
116900248,82,48,34
116900249,460,130,330
116900250,408,54,354
116900251,396,639,-243
116900252,138,704,-566
116900253,154,42,112
116900254,22,73,-51
116900255,84,119,-35
116900256,515,105,410
116900257,3,318,-315
116900258,3,152,-149
116900259,246,12,234
116900260,3,97,-94
116900261,74,2,72
116900262,203,108,95
116900263,1,15,-14
116900264,1,2,-1
116900265,51,1,50
116900266,14,31,-17
116900267,3,1,2
116900268,351,282,69
116900269,355,665,-310
116900271,1451,258,1193
116900272,333,244,89
116900273,162,111,51
116900274,113,66,47
116900275,125,79,46
116900276,448,155,293
116900277,510,45,465
116900278,8,7,1
116900279,3,28,-25
116900280,39,18,21
116900281,4719,4760,-41
116900282,0,72,-72
116900283,19,90,-71
116900284,17,184,-167
116900285,208,223,-15
116900286,177,19,158
116900287,10,31,-21
116900288,79,99,-20
116900289,18,5,13
116900290,4,33,-29
116900291,22,5,17
116900292,0,19,-19
116900293,89,29,60
116900294,29,135,-106
116900295,62,40,22
116900296,20,53,-33
116900297,6,56,-50
116900298,41,28,13
116900299,19,53,-34
116900300,7,65,-58
116900301,33,48,-15
116900302,318,311,7
116900303,159,88,71
116900304,0,126,-126
116900305,8,30,-22
116900306,183,63,120
117000001,2506,1739,767
117000002,1897,3869,-1972
117000003,7392,3371,4021
117000004,4044,4407,-363
117000005,2502,2024,478
117000006,1154,2964,-1810
117000007,4203,1174,3029
117000008,1108,3383,-2275
117000009,5231,2045,3186
117000010,2524,3560,-1036
117000011,2227,1640,587
117000012,1276,1141,135
117000013,1831,841,990
117000014,1180,1942,-762
117000015,2787,1230,1557
117000016,294,146,148
117000017,182,126,56
117000018,152,776,-624
117000019,90,1,89
117000020,380,1738,-1358
117000021,1513,311,1202
117000022,317,156,161
117000023,179,153,26
117000024,217,243,-26
117000025,392,1155,-763
117000026,1943,1319,624
117000027,1829,4655,-2826
117000028,2925,1664,1261
117000030,224,420,-196
117000031,216,159,57
117000032,1405,1329,76
117000033,1567,1291,276
117000034,225,200,25
117000035,247,155,92
117000036,309,212,97
117000037,166,103,63
117000038,164,383,-219
117000039,296,143,153
117000040,218,755,-537
117000041,1215,139,1076
117000044,25,776,-751
117000045,472,91,381
117000046,344,695,-351
117000047,853,597,256
117000048,1776,1029,747
117000049,131,845,-714
117000050,129,1487,-1358
117000051,2604,135,2469
117000052,64,245,-181
117000053,656,76,580
117000054,2188,11,2177
117000055,8,2379,-2371
117000056,887,33,854
117000057,462,2230,-1768
117000060,509,1131,-622
117000061,1861,1011,850
117000062,278,672,-394
117000063,1897,1078,819
117000064,668,555,113
117000066,1191,804,387
117000067,145,749,-604
117000074,120,143,-23
117000076,106,48,58
117000077,171,161,10
117000078,178,641,-463
117000079,458,243,215
117000080,1,279,-278
117000081,1152,128,1024
117000082,20,98,-78
117000083,140,5,135
117000084,196,1,195
117000085,319,810,-491
117000086,950,514,436
117000087,110,515,-405
117000088,323,165,158
117000089,1876,246,1630
117000090,298,1040,-742
117000091,1006,303,703
117000092,428,1114,-686
117000093,1445,831,614
117000094,1344,2595,-1251
117000095,3865,1029,2836
117000096,858,2046,-1188
117000097,2251,1212,1039
117000098,2487,3788,-1301
117000099,4382,1269,3113
117000100,274,373,-99
117000101,204,1008,-804
117000102,2142,696,1446
117000103,695,1365,-670
117000104,1692,659,1033
117000105,865,1355,-490
117000106,1525,775,750
117000107,544,1436,-892
117000108,2118,987,1131
117000109,1302,2187,-885
117000110,1949,1348,601
117000111,3723,4028,-305
117000112,4014,1800,2214
117000113,125,220,-95
117000114,420,161,259
117000115,71,101,-30
117000116,191,229,-38
117000117,1950,1238,712
117000118,259,139,120
117000119,187,220,-33
117000120,174,668,-494
117000121,120,1237,-1117
117000122,256,735,-479
117000123,1487,54,1433
117000124,489,118,371
117000125,306,163,143
117000126,51,31,20
117000127,167,352,-185
117000128,401,848,-447
117000129,156,165,-9
117000130,84,2,82
117000131,0,61,-61
117000132,3413,94,3319
117000133,1931,46,1885
117000134,0,56,-56
117000135,2,51,-49
117000136,5,28,-23
117000137,112,156,-44
117000138,1,685,-684
117000140,494,1252,-758
117000141,2114,601,1513
117000181,521,196,325
117000182,458,706,-248
117000195,281,1132,-851
117000196,575,173,402
117000225,84,20,64
117000226,6,97,-91
117000276,410,23,387
117000277,2,294,-292
117000310,1408,1978,-570
117000315,61,563,-502
117000320,48,0,48
117000906,418,23,395
117000907,14,245,-231
117000908,9,70,-61
117000909,57,38,19
117000910,269,221,48
117000911,109,150,-41
117000915,5,443,-438
117000916,50,10,40
117000917,1374,43,1331
117000918,51,94,-43
117000919,3,81,-78
117000920,2,1109,-1107
117000921,5,1009,-1004
117000922,36,95,-59
117000924,663,822,-159
117000926,785,122,663
117000927,1451,1346,105
117000928,0,139,-139
117000929,302,228,74
117000930,225,17,208
117000931,353,153,200
117900002,107,472,-365
117900003,795,553,242
117900005,4,42,-38
117900006,0,50,-50
117900007,138,107,31
117900008,0,23,-23
117900010,276,64,212
117900011,17,180,-163
117900012,75,118,-43
117900013,0,142,-142
117900014,384,76,308
117900015,10,74,-64
117900016,1132,1259,-127
117900017,532,284,248
117900018,145,127,18
117900019,550,241,309
117900020,69,529,-460
117900021,47,70,-23
117900022,51,24,27
117900023,786,87,699
117900024,73,54,19
117900025,41,11,30
117900026,456,223,233
117900028,32,2,30
117900029,292,477,-185
117900030,632,224,408
117900031,118,122,-4
117900032,931,568,363
117900033,260,437,-177
117900034,37,20,17
117900035,200,112,88
117900036,230,311,-81
117900037,171,75,96
117900038,32,280,-248
117900039,2,67,-65
117900040,144,327,-183
117900041,4,54,-50
117900042,3689,434,3255
117900043,31,51,-20
117900044,48,2959,-2911
117900045,230,142,88
117900048,385,230,155
117900049,224,348,-124
117900050,3,110,-107
117900051,31,4,27
117900052,73,469,-396
117900053,1741,560,1181
117900054,1,19,-18
117900055,278,114,164
117900056,200,42,158
117900057,1273,1161,112
117900058,158,416,-258
117900059,345,101,244
117900060,2627,4207,-1580
117900061,8,213,-205
117900063,383,198,185
117900065,587,1225,-638
117900066,19,104,-85
117900067,530,144,386
117900069,794,268,526
117900070,184,37,147
117900071,83,130,-47
117900073,597,268,329
117900074,109,91,18
117900075,90,82,8
117900076,12,57,-45
117900077,548,138,410
117900078,402,952,-550
117900080,138,62,76
117900081,456,360,96
117900082,455,374,81
117900083,471,342,129
117900086,151,36,115
117900087,165,85,80
117900088,3076,1845,1231
117900089,2707,828,1879
117900090,434,376,58
117900091,161,181,-20
117900092,92,27,65
117900093,97,60,37
117900094,48,32,16
117900095,305,197,108
117900096,116,244,-128
117900097,278,81,197
117900098,64,20,44
117900099,146,177,-31
117900100,347,6,341
117900101,416,2295,-1879
117900102,84,31,53
117900103,78,5,73
117900104,12,100,-88
117900105,178,226,-48
117900106,151,40,111
117900107,47,0,47
117900109,776,468,308
117900110,96,1,95
117900111,334,18,316
117900112,128,14,114
117900113,2227,1896,331
117900114,34,1,33
117900115,189,91,98
117900116,869,725,144
117900117,823,396,427
117900118,100,1,99
117900119,259,141,118
117900120,242,52,190
117900121,85,41,44
117900122,1732,4478,-2746
117900123,754,366,388
117900124,679,648,31
117900125,1940,1948,-8
117900126,246,485,-239
117900127,458,446,12
117900128,362,652,-290
117900129,87,4,83
117900130,873,435,438
117900131,2,165,-163
117900132,14,97,-83
117900133,3,119,-116
117900134,48,442,-394
117900135,36,170,-134
117900136,0,43,-43
117900137,81,392,-311
117900138,2,31,-29
117900139,174,108,66
117900140,2905,294,2611
117900141,155,175,-20
117900142,67,56,11
117900144,54,197,-143
117900145,26,51,-25
117900146,238,200,38
117900147,73,58,15
117900148,2483,1831,652
117900149,124,183,-59
117900150,89,44,45
117900151,31,103,-72
117900152,101,62,39
117900153,28,149,-121
117900154,453,637,-184
117900156,936,653,283
117900157,92,534,-442
117900158,487,118,369
117900160,905,849,56
117900161,2432,2065,367
117900162,522,484,38
117900163,38,169,-131
117900165,0,22,-22
117900166,141,550,-409
117900168,13,133,-120
117900169,2,106,-104
117900170,2,51,-49
117900171,8,26,-18
117900172,14,23,-9
117900173,156,81,75
117900174,33,51,-18
117900175,29,36,-7
117900176,12,28,-16
117900177,24,42,-18
117900178,94,40,54
117900180,241,39,202
117900181,116,469,-353
117900182,3,27,-24
117900183,63,173,-110
117900184,5,66,-61
117900185,49,50,-1
117900186,60,11,49
117900187,39,18,21
117900188,227,33,194
117900189,98,27,71
117900190,38,3,35
117900191,80,2,78
117900192,321,2,319
117900193,34,69,-35
117900194,14,12,2
117900195,11,93,-82
117900196,30,25,5
117900207,170,205,-35
117900208,57,33,24
117900209,145,183,-38
117900210,228,425,-197
117900211,10,242,-232
117900212,99,130,-31
117900213,19,17,2
117900214,24,47,-23
117900215,6,14,-8
117900216,12,27,-15
117900217,44,332,-288
117900218,92,69,23
117900219,4,188,-184
117900220,96,70,26
117900221,3,5,-2
118000001,979,1107,-128
118000002,796,1783,-987
118000003,2187,3141,-954
118000004,1986,2118,-132
118000005,5316,5720,-404
118000006,4697,9353,-4656
118000007,6479,5180,1299
118000008,3499,5242,-1743
118000009,1659,3273,-1614
118000010,5827,4195,1632
118000011,1518,1922,-404
118000012,1160,2090,-930
118000013,2716,2443,273
118000014,1922,2122,-200
118000016,253,285,-32
118000017,558,488,70
118000018,421,477,-56
118000019,2180,1885,295
118000020,1312,4382,-3070
118000021,719,3955,-3236
118000022,1773,932,841
118000023,910,294,616
118000024,1455,1676,-221
118000025,782,2245,-1463
118000027,11323,11481,-158
118000029,1153,842,311
118000032,1041,3474,-2433
118000033,2900,7703,-4803
118000034,5040,3091,1949
118000035,1840,3445,-1605
118000036,1032,1538,-506
118000037,827,1071,-244
118000038,297,166,131
118000039,123,219,-96
118000040,1820,1393,427
118000041,2633,1372,1261
118000045,460,281,179
118000046,1814,1348,466
118000047,1000,1946,-946
118000048,2892,2837,55
118000051,3431,3062,369
118000052,2520,1760,760
118000053,693,1777,-1084
118000054,1872,2683,-811
118000055,2128,3576,-1448
118000056,359,576,-217
118000057,443,917,-474
118000058,2329,2227,102
118000059,2033,1719,314
118000060,1265,628,637
118000061,1294,1576,-282
118000062,637,323,314
118000063,408,1027,-619
118000064,1018,1303,-285
118000065,3134,1767,1367
118000066,943,1753,-810
118000067,1016,1175,-159
118000068,1576,5253,-3677
118000069,2523,1338,1185
118000070,5065,2251,2814
118000071,3690,7740,-4050
118000072,1343,1711,-368
118000073,1298,880,418
118000074,536,735,-199
118000075,735,347,388
118000076,1575,4123,-2548
118000077,1392,1181,211
118000078,1893,2639,-746
118000079,313,505,-192
118000080,896,876,20
118000081,1907,1475,432
118000082,367,1276,-909
118000083,1901,1886,15
118000084,3083,1868,1215
118000086,295,583,-288
118000087,4473,2761,1712
118000088,1755,1739,16
118000089,3749,2408,1341
118000090,2018,3055,-1037
118000091,1315,2670,-1355
118000092,911,537,374
118000093,111,776,-665
118000096,412,612,-200
118000097,766,596,170
118000098,286,250,36
118000099,683,712,-29
118000101,1334,324,1010
118000102,487,1003,-516
118000107,1704,544,1160
118000108,812,2379,-1567
118000110,5,12,-7
118000111,0,232,-232
118000112,586,2,584
118000113,1,433,-432
118000114,641,10,631
118000115,11,1,10
118000116,17,1,16
118000117,792,773,19
118000118,1099,1120,-21
118000119,1078,1244,-166
118000120,1537,1273,264
118000121,88,654,-566
118000122,1374,405,969
118000123,41,272,-231
118000125,1663,850,813
118000126,644,1599,-955
118000127,1797,673,1124
118000128,590,1049,-459
118000129,1064,660,404
118000130,2168,2970,-802
118000131,616,736,-120
118000132,2990,2191,799
118000133,1015,553,462
118000135,659,428,231
118000136,121,471,-350
118000137,673,106,567
118000138,406,549,-143
118000139,423,77,346
118000140,3083,5541,-2458
118000141,2425,1825,600
118000142,2135,1668,467
118000143,2342,1288,1054
118000144,1072,730,342
118000145,1528,1389,139
118000146,1373,607,766
118000147,892,1190,-298
118000148,456,1160,-704
118000149,923,789,134
118000150,571,218,353
118000151,619,457,162
118000153,1730,1222,508
118000154,1587,1506,81
118000155,1634,1385,249
118000156,1981,2649,-668
118000157,762,433,329
118000158,191,413,-222
118000159,40,103,-63
118000160,588,323,265
118000161,490,700,-210
118000162,2025,964,1061
118000163,1061,833,228
118000164,2091,1393,698
118000168,1009,786,223
118000169,1185,1209,-24
118000170,3467,4559,-1092
118000171,401,672,-271
118000172,124,250,-126
118000173,884,1297,-413
118000175,352,401,-49
118000176,384,540,-156
118000177,300,652,-352
118000178,49,46,3
118000179,1440,1516,-76
118000180,956,638,318
118000181,829,308,521
118000182,357,227,130
118000183,285,371,-86
118000184,1125,615,510
118000185,1362,1410,-48
118000186,808,1338,-530
118000187,1494,659,835
118000188,690,175,515
118000189,809,626,183
118000190,14,12,2
118000191,50,27,23
118000192,419,811,-392
118000193,441,818,-377
118000194,1458,971,487
118000195,1148,2206,-1058
118000196,377,336,41
118000197,171,205,-34
118000198,390,998,-608
118000199,450,631,-181
118000200,100,296,-196
118000201,550,569,-19
118000202,116,79,37
118000203,695,855,-160
118000204,132,464,-332
118000205,156,324,-168
118000206,268,187,81
118000207,0,66,-66
118000208,1536,1800,-264
118000209,2252,1398,854
118000210,104,34,70
118000211,49,29,20
118000213,1269,3042,-1773
118000214,526,574,-48
118000215,392,160,232
118000216,2598,2110,488
118000217,27,79,-52
118000218,101,52,49
118000219,393,199,194
118000220,4,39,-35
118000221,263,355,-92
118000222,99,16,83
118000223,42,50,-8
118000224,165,71,94
118000225,152,677,-525
118000226,1037,189,848
118000227,666,446,220
118000228,139,280,-141
118000229,210,135,75
118000230,129,195,-66
118000231,95,220,-125
118000232,856,581,275
118000233,1211,814,397
118000234,508,269,239
118000236,416,250,166
118000237,117,426,-309
118000238,306,134,172
118000239,359,264,95
118000240,330,162,168
118000241,199,247,-48
118000242,436,454,-18
118000243,288,184,104
118000244,43,81,-38
118000246,3,22,-19
118000255,75,216,-141
118000256,134,203,-69
118000259,24,73,-49
118000260,249,81,168
118000261,40,44,-4
118000263,80,221,-141
118000266,146,235,-89
118000267,0,118,-118
118000268,278,11,267
118000270,76,22,54
118000271,168,231,-63
118000272,97,41,56
118000273,166,77,89
118000274,93,247,-154
118000276,584,424,160
118000295,10,116,-106
118000298,150,199,-49
118000299,49,99,-50
118000301,1,66,-65
118000302,100,48,52
118000311,560,89,471
118000312,303,167,136
118000313,61,143,-82
118000314,108,69,39
118000315,53,42,11
118000316,691,448,243
118000325,57,51,6
118000326,34,25,9
118000331,39,41,-2
118000332,13,40,-27
118000333,35,67,-32
118000335,347,2,345
118000336,0,176,-176
118000407,227,56,171
118000457,5,44,-39
118000465,2656,3820,-1164
118000480,28,64,-36
118000489,38,447,-409
118000490,60,295,-235
118000492,218,150,68
118000510,52,24,28
118000514,163,296,-133
118000515,802,638,164
118000517,349,178,171
118000524,395,264,131
118000525,897,848,49
118000530,43,130,-87
118000531,359,323,36
118000532,244,247,-3
118000533,298,128,170
118000534,647,450,197
118000535,323,132,191
118000536,515,1657,-1142
118000537,11,160,-149
118000538,17,82,-65
118000539,35,92,-57
118000540,332,179,153
118000541,216,89,127
118000542,143,225,-82
118000543,252,235,17
118000546,59,39,20
118000560,2133,2322,-189
118000562,31,142,-111
118000563,1488,1202,286
118000576,210,122,88
118000577,122,127,-5
118000578,122,75,47
118000579,501,1176,-675
118000595,263,98,165
118000596,1,70,-69
118000597,96,85,11
118000598,26,1,25
118000599,75,39,36
118000600,1,24,-23
118000601,39,0,39
118000602,0,30,-30
118000603,0,9,-9
118900001,643,1624,-981
118900002,833,1007,-174
118900003,544,12,532
118900004,69,53,16
118900005,90,7,83
118900006,182,8,174
118900007,5,4,1
118900008,1806,72,1734
118900009,103,50,53
118900010,79,6,73
118900011,199,25,174
118900012,562,176,386
118900013,562,201,361
118900015,235,61,174
118900016,9,16,-7
118900017,232,334,-102
118900018,1221,43,1178
118900019,31,24,7
118900020,248,169,79
118900021,228,435,-207
118900022,193,114,79
118900023,191,89,102
118900024,131,206,-75
118900025,72,22,50
118900026,93,76,17
118900027,423,220,203
118900028,223,191,32
118900029,346,585,-239
118900030,551,68,483
118900031,188,83,105
118900032,250,151,99
118900033,327,488,-161
118900034,130,27,103
118900035,137,128,9
118900036,1286,699,587
118900037,337,398,-61
118900038,506,116,390
118900039,561,152,409
118900040,242,184,58
118900041,521,156,365
118900042,188,116,72
118900045,380,169,211
118900046,805,362,443
118900047,472,272,200
118900048,126,269,-143
118900049,44,57,-13
118900050,45,63,-18
118900051,57,128,-71
118900052,305,268,37
118900053,37,112,-75
118900054,142,59,83
118900055,93,51,42
118900056,20,343,-323
118900057,907,547,360
118900058,434,359,75
118900059,18,81,-63
118900060,50,86,-36
118900062,713,227,486
118900064,526,508,18
118900065,47,133,-86
118900066,70,80,-10
118900067,4565,3914,651
118900068,7,190,-183
118900069,443,233,210
118900071,6,58,-52
118900072,482,383,99
118900073,173,119,54
118900074,154,85,69
118900075,65,72,-7
118900076,305,105,200
118900077,299,218,81
118900078,31,5,26
118900079,59,161,-102
118900080,30,134,-104
118900081,66,31,35
118900082,886,136,750
118900083,45,24,21
118900084,16,15,1
118900085,565,742,-177
118900086,39,93,-54
118900087,31,243,-212
118900088,0,10,-10
118900089,19,19,0
118900090,602,353,249
118900091,190,206,-16
118900092,211,81,130
118900093,117,17,100
118900096,79,27,52
118900097,231,407,-176
118900099,135,196,-61
118900100,167,199,-32
118900101,158,376,-218
118900102,57,144,-87
118900103,57,119,-62
118900104,261,134,127
118900105,231,116,115
118900107,160,59,101
118900108,123,104,19
118900109,888,737,151
118900110,1281,952,329
118900111,505,432,73
118900112,77,140,-63
118900113,107,406,-299
118900114,33,81,-48
118900115,127,391,-264
118900116,109,218,-109
118900117,103,166,-63
118900118,316,308,8
118900119,145,170,-25
118900120,99,340,-241
118900121,6,117,-111
118900122,15,1018,-1003
118900123,162,290,-128
118900124,80,150,-70
118900126,28,444,-416
118900129,268,233,35
118900130,37,254,-217
118900131,170,196,-26
118900132,488,217,271
118900133,7,98,-91
118900135,236,226,10
118900136,200,479,-279
118900137,5,49,-44
118900139,232,268,-36
118900140,439,554,-115
118900141,38,128,-90
118900144,145,330,-185
118900145,26,122,-96
118900146,349,626,-277
118900147,188,196,-8
118900148,104,62,42
118900150,196,544,-348
118900152,564,603,-39
118900157,61,202,-141
118900158,106,55,51
118900159,0,141,-141
118900161,70,13,57
118900163,81,66,15
118900164,3,88,-85
118900165,50,209,-159
118900166,48,2,46
118900167,117,102,15
118900168,9,232,-223
118900169,164,264,-100
118900170,284,97,187
118900171,31,30,1
118900174,64,50,14
118900175,604,578,26
118900176,206,281,-75
118900177,60,33,27
118900178,57,178,-121
118900179,4,29,-25
118900181,145,89,56
118900182,92,48,44
118900183,37,148,-111
118900184,293,107,186
118900185,81,108,-27
118900186,104,89,15
118900187,255,314,-59
118900188,374,346,28
118900189,35,819,-784
118900190,17,253,-236
118900191,160,27,133
118900192,281,24,257
118900193,628,10,618
118900195,287,552,-265
118900196,24,118,-94
118900197,182,58,124
118900198,37,21,16
118900199,97,32,65
118900200,27,21,6
118900201,18,40,-22
118900202,6,34,-28
118900203,8,15,-7
118900204,10,17,-7
118900205,1,10,-9
118900206,4,12,-8
119000001,1645,2104,-459
119000002,4732,4088,644
119000003,3250,1180,2070
119000004,2510,1492,1018
119000005,2138,2165,-27
119000006,3077,1664,1413
119000007,3909,3227,682
119000008,2073,1930,143
119000009,3649,5075,-1426
119000010,5683,4324,1359
119000011,4627,3494,1133
119000012,3643,4064,-421
119000013,3397,2165,1232
119000014,1784,2952,-1168
119000019,338,187,151
119000020,2152,1672,480
119000021,5174,2864,2310
119000022,2569,3080,-511
119000023,246,318,-72
119000024,2368,13451,-11083
119000025,6683,1424,5259
119000026,218,605,-387
119000027,292,537,-245
119000028,1709,860,849
119000029,124,392,-268
119000030,600,1006,-406
119000031,917,614,303
119000032,3136,2713,423
119000033,2401,1457,944
119000034,1235,1024,211
119000035,34,306,-272
119000036,2015,598,1417
119000037,1417,1538,-121
119000038,198,749,-551
119000039,355,536,-181
119000040,1415,1244,171
119000041,1137,2192,-1055
119000048,3122,2252,870
119000049,1973,1787,186
119000050,1762,1793,-31
119000051,2391,1101,1290
119000052,1788,2729,-941
119000053,2104,1248,856
119000054,3606,2744,862
119000055,5128,2918,2210
119000056,3260,1910,1350
119000057,1831,1692,139
119000058,2239,1567,672
119000059,1405,1568,-163
119000060,1810,1241,569
119000061,1326,774,552
119000062,1256,1360,-104
119000063,693,457,236
119000064,1073,1173,-100
119000065,1792,3916,-2124
119000066,2612,1250,1362
119000067,2118,2052,66
119000068,1990,1046,944
119000069,1703,2629,-926
119000070,2992,873,2119
119000071,595,915,-320
119000072,5671,4246,1425
119000073,6224,8216,-1992
119000074,1569,1924,-355
119000075,2770,2290,480
119000076,626,2079,-1453
119000077,999,972,27
119000078,549,394,155
119000079,173,1149,-976
119000080,405,316,89
119000081,590,1350,-760
119000082,1181,337,844
119000083,645,416,229
119000084,378,724,-346
119000085,1299,229,1070
119000086,370,489,-119
119000087,1333,764,569
119000088,512,261,251
119000089,81,243,-162
119000090,186,150,36
119000091,169,510,-341
119000092,694,220,474
119000093,3411,2504,907
119000094,3517,5189,-1672
119000095,1942,3099,-1157
119000097,2127,1233,894
119000098,1181,3141,-1960
119000099,2428,1530,898
119000100,4710,3263,1447
119000101,5398,2852,2546
119000102,759,1519,-760
119000103,1629,805,824
119000104,2179,1212,967
119000105,1337,2112,-775
119000106,357,1115,-758
119000107,1114,571,543
119000108,367,802,-435
119000109,146,1078,-932
119000110,639,1095,-456
119000111,68,979,-911
119000112,288,256,32
119000113,3038,442,2596
119000114,1329,1014,315
119000115,146,180,-34
119000116,131,106,25
119000117,187,480,-293
119000118,2,1,1
119000123,3400,2605,795
119000124,857,226,631
119000125,4369,653,3716
119000126,700,527,173
119000127,537,530,7
119000128,44,8,36
119000131,996,561,435
119000132,8,11,-3
119000133,0,16,-16
119000134,1856,672,1184
119000135,171,289,-118
119000136,268,144,124
119000137,269,253,16
119000138,588,239,349
119000139,322,231,91
119000140,326,450,-124
119000284,1131,2392,-1261
119000285,1996,1870,126
119000286,6717,5078,1639
119000287,1193,1885,-692
119000288,1891,1097,794
119000289,1496,2399,-903
119000290,253,412,-159
119000291,12,264,-252
119000293,183,195,-12
119000294,50,28,22
119000295,1544,390,1154
119000296,322,167,155
119000302,1776,1220,556
119000303,40,162,-122
119000314,1864,11107,-9243
119000315,2,324,-322
119000316,166,99,67
119000317,94,215,-121
119900001,309,1254,-945
119900002,143,273,-130
119900003,38,899,-861
119900004,272,1216,-944
119900005,245,91,154
119900006,233,412,-179
119900007,1209,246,963
119900008,52,57,-5
119900009,588,593,-5
119900010,1774,2175,-401
119900011,18,99,-81
119900012,32,102,-70
119900013,2314,1783,531
119900014,767,457,310
119900015,164,25,139
119900016,47,74,-27
119900017,48,31,17
119900018,1940,944,996
119900019,51,10,41
119900020,183,208,-25
119900021,223,99,124
119900022,156,978,-822
119900023,522,1748,-1226
119900025,201,39,162
119900026,805,170,635
119900027,37,8,29
119900028,219,125,94
119900029,4,7,-3
119900030,698,477,221
119900031,88,501,-413
119900033,2407,358,2049
119900034,369,109,260
119900037,149,20,129
119900038,99,345,-246
119900039,52,22,30
119900040,200,33,167
119900041,146,44,102
119900042,181,181,0
119900043,83,154,-71
119900044,226,965,-739
119900046,153,56,97
119900047,404,119,285
119900048,60,14,46
119900049,123,5,118
119900050,238,156,82
119900051,1029,21,1008
119900052,53,40,13
119900053,238,145,93
119900054,245,9,236
119900055,1356,441,915
119900057,217,76,141
119900058,281,4,277
119900059,172,63,109
119900060,269,43,226
119900061,324,3,321
119900062,102,40,62
119900063,21,61,-40
119900064,634,89,545
119900065,263,8,255
119900066,0,0,0
119900067,103,33,70
119900068,542,10,532
119900069,122,31,91
119900070,1366,44,1322
119900071,793,28,765
119900072,351,442,-91
119900073,1590,545,1045
119900074,65,50,15
119900075,4056,2561,1495
119900076,584,304,280
119900077,908,777,131
119900078,468,789,-321
119900079,231,150,81
119900080,378,325,53
119900081,54,23,31
119900082,1783,229,1554
119900083,530,193,337
119900084,694,288,406
119900085,50,66,-16
119900086,245,626,-381
119900087,524,440,84
119900088,22,59,-37
119900089,22,440,-418
119900090,111,74,37
119900091,91,689,-598
119900092,200,489,-289
119900093,1430,280,1150
119900094,43,242,-199
119900095,170,92,78
119900096,78,165,-87
119900097,632,267,365
119900098,47,71,-24
119900099,40,182,-142
119900100,1936,3482,-1546
119900101,211,2092,-1881
119900102,40,205,-165
119900103,49,289,-240
119900104,57,212,-155
119900105,1100,6398,-5298
119900106,8,133,-125
119900107,338,2074,-1736
119900108,5756,766,4990
119900109,13,170,-157
119900110,1062,505,557
119900111,137,221,-84
119900112,1187,512,675
119900113,76,236,-160
119900114,375,983,-608
119900115,432,792,-360
119900116,163,476,-313
119900117,385,719,-334
119900118,120,674,-554
119900119,260,158,102
119900120,824,585,239
119900121,371,753,-382
119900122,428,321,107
119900123,239,267,-28
119900124,231,748,-517
119900125,71,256,-185
119900126,4564,358,4206
119900127,1706,959,747
119900128,589,565,24
119900129,256,391,-135
119900130,20,204,-184
119900131,46,216,-170
119900132,2,204,-202
119900133,74,102,-28
119900134,1404,248,1156
119900135,4,313,-309
119900136,219,325,-106
119900138,373,560,-187
119900139,33,133,-100
119900140,1,115,-114
119900141,110,731,-621
119900142,14,28,-14
119900143,18,297,-279
119900144,1366,253,1113
119900145,98,146,-48
119900146,238,189,49
119900147,3,193,-190
119900148,295,62,233
119900149,1020,4897,-3877
119900150,163,178,-15
119900151,2081,1204,877
119900152,139,254,-115
119900153,155,53,102
119900154,22,192,-170
119900155,43,31,12
119900156,20,6,14
119900157,121,239,-118
119900158,233,96,137
119900159,5,1212,-1207
119900160,44,105,-61
119900161,200,217,-17
119900162,1002,1086,-84
119900163,101,154,-53
119900164,1,0,1
119900165,131,128,3
119900166,96,68,28
119900167,64,62,2
119900168,1035,499,536
119900169,165,302,-137
119900170,247,305,-58
119900171,943,462,481
119900172,151,39,112
119900173,12,356,-344
119900174,6,160,-154
119900175,1481,664,817
119900177,13,171,-158
119900178,9,127,-118
119900179,130,614,-484
119900180,1033,1026,7
119900181,79,131,-52
119900182,3,356,-353
119900183,170,645,-475
119900184,1928,546,1382
119900185,61,205,-144
119900186,71,1243,-1172
119900187,22,390,-368
119900188,83,369,-286
119900189,516,472,44
119900190,79,332,-253
119900191,302,330,-28
119900192,69,198,-129
119900193,407,138,269
119900194,30,90,-60
119900195,170,250,-80
119900196,1205,489,716
119900197,313,170,143
119900198,169,311,-142
119900199,176,24,152
119900200,746,638,108
119900201,351,265,86
119900202,77,302,-225
119900203,237,596,-359
119900204,407,335,72
119900205,892,432,460
119900206,315,205,110
119900208,213,163,50
119900209,579,1418,-839
119900210,41,24,17
119900211,106,5,101
119900212,208,250,-42
119900213,10,96,-86
119900214,40,68,-28
119900215,57,42,15
119900216,10,57,-47
119900217,11,66,-55
119900218,9,59,-50
119900219,9,89,-80
119900220,4,68,-64
119900221,36,177,-141
119900222,9,183,-174
119900223,20,66,-46
119900224,9,23,-14
119900225,738,46,692
119900226,618,2166,-1548
119900227,1174,375,799
119900228,45,252,-207
119900229,323,374,-51
119900230,1272,541,731
119900231,304,150,154
119900232,302,130,172
119900233,116,3,113
119900234,38,109,-71
119900235,18,51,-33
119900236,35,193,-158
119900237,86,570,-484
119900238,1,101,-100
119900240,92,119,-27
119900241,171,261,-90
119900242,1639,1670,-31
119900244,737,1730,-993
119900245,131,205,-74
119900246,359,649,-290
119900247,44,137,-93
119900248,92,268,-176
119900249,311,121,190
119900253,2560,443,2117
119900254,104,868,-764
119900255,168,950,-782
119900256,658,708,-50
119900257,149,11,138
119900258,256,43,213
119900259,6,104,-98
119900260,151,8,143
119900261,332,165,167
119900262,0,171,-171
119900263,1285,349,936
119900264,125,116,9
119900265,719,325,394
119900266,462,271,191
119900267,261,419,-158
119900268,198,143,55
119900269,1407,952,455
119900271,31,97,-66
119900272,391,405,-14
119900275,175,72,103
119900276,53,1,52
119900277,11,4,7
119900278,244,97,147
119900279,136,304,-168
119900280,784,128,656
119900281,3,266,-263
119900282,97,98,-1
119900283,30,161,-131
119900284,53,208,-155
119900285,32,142,-110
119900286,4,34,-30
119900288,3,15,-12
119900289,1,37,-36
119900290,3,15,-12
119900291,8,100,-92
119900292,28,58,-30
119900293,25,72,-47
119900294,37,67,-30
119900295,14,28,-14
119900296,39,137,-98
119900297,2,25,-23
119900298,7,5,2
119900299,59,143,-84
119900300,231,200,31
119900301,127,152,-25
119900302,189,80,109
119900303,274,188,86
119900304,168,47,121
119900305,9,110,-101
119900306,24,5,19
119900307,68,100,-32
119900308,14,25,-11
119900309,82,170,-88
119900310,310,305,5
119900311,125,76,49
119900312,146,71,75
119900313,223,313,-90
119900314,257,405,-148
119900315,1934,1771,163
119900318,13,43,-30
119900319,5,235,-230
119900320,346,520,-174
119900321,126,5,121
120000001,7166,16835,-9669
120000002,3196,2453,743
120000003,3250,1605,1645
120000004,2796,1821,975
120000005,4258,2013,2245
120000006,1249,1143,106
120000007,3754,3105,649
120000008,1253,1291,-38
120000009,2480,1166,1314
120000010,2172,2534,-362
120000011,1121,1630,-509
120000012,1749,2446,-697
120000013,3808,3077,731
120000014,810,1409,-599
120000015,2732,1574,1158
120000016,4286,2504,1782
120000017,3364,2597,767
120000018,3750,12720,-8970
120000019,1227,1573,-346
120000020,3363,3384,-21
120000021,1975,2352,-377
120000022,3330,4091,-761
120000023,1182,1653,-471
120000024,1555,2506,-951
120000025,3194,2110,1084
120000026,2166,1855,311
120000027,2684,2368,316
120000028,1101,2147,-1046
120000029,4272,2301,1971
120000030,321,1362,-1041
120000031,2733,7911,-5178
120000032,8184,3854,4330
120000033,4731,1774,2957
120000034,2313,1534,779
120000035,2493,1924,569
120000036,3283,4895,-1612
120000037,671,1705,-1034
120000038,6967,4650,2317
120000039,839,1014,-175
120000040,114,786,-672
120000041,1631,1863,-232
120000042,2251,2547,-296
120000043,5993,1746,4247
120000044,6186,1588,4598
120000045,6818,1135,5683
120000046,3644,3058,586
120000047,980,6384,-5404
120000048,7673,4922,2751
120000049,4046,3297,749
120000050,3729,3798,-69
120000051,3091,4213,-1122
120000052,8264,2169,6095
120000053,1470,2013,-543
120000054,1443,3425,-1982
120000055,1844,4390,-2546
120000056,5723,4124,1599
120000057,4108,1190,2918
120000058,3597,1591,2006
120000059,17,1984,-1967
120000061,106,510,-404
120000062,250,382,-132
120000063,1479,2512,-1033
120000064,252,944,-692
120000065,511,1386,-875
120000066,414,622,-208
120000067,91,555,-464
120000068,244,665,-421
120000069,644,839,-195
120000070,116,611,-495
120000071,557,130,427
120000072,1012,465,547
120000073,997,139,858
120000074,396,156,240
120000075,1188,461,727
120000076,2399,411,1988
120000077,2407,679,1728
120000078,4276,1240,3036
120000079,308,152,156
120000080,141,221,-80
120000081,326,152,174
120000082,225,232,-7
120000083,81,679,-598
120000084,490,429,61
120000085,485,413,72
120000086,284,438,-154
120000087,209,466,-257
120000088,817,1007,-190
120000089,1354,672,682
120000090,944,603,341
120000091,1104,1133,-29
120000092,1442,703,739
120000093,592,433,159
120000094,204,754,-550
120000095,1235,496,739
120000096,340,635,-295
120000098,1112,796,316
120000099,589,776,-187
120000100,891,748,143
120000101,759,517,242
120000102,631,1069,-438
120000103,1898,891,1007
120000104,2268,515,1753
120000105,3574,618,2956
120000106,2654,649,2005
120000107,4687,559,4128
120000108,1577,163,1414
120000109,1333,91,1242
120000110,78,859,-781
120000111,116,909,-793
120000112,763,2111,-1348
120000113,488,1594,-1106
120000114,882,2155,-1273
120000115,339,1887,-1548
120000116,688,1787,-1099
120000117,857,1329,-472
120000118,52,75,-23
120000119,28,60,-32
120000120,91,71,20
120000121,46,92,-46
120000122,252,415,-163
120000123,3954,6620,-2666
120000124,438,357,81
120000125,588,635,-47
120000126,411,1131,-720
120000127,2472,1186,1286
120000128,3341,5047,-1706
120000129,318,342,-24
120000130,920,487,433
120000131,320,791,-471
120000134,427,878,-451
120000135,684,572,112
120000137,346,1056,-710
120000138,1223,422,801
120000139,293,600,-307
120000140,920,631,289
120000141,396,600,-204
120000142,590,663,-73
120000143,3,129,-126
120000144,145,2,143
120000145,412,3,409
120000146,984,942,42
120000149,734,991,-257
120000150,3125,12828,-9703
120000151,456,447,9
120000152,614,175,439
120000153,438,520,-82
120000154,581,463,118
120000155,142,261,-119
120000156,858,1202,-344
120000157,1030,601,429
120000158,1005,738,267
120000159,1955,2288,-333
120000160,2493,1753,740
120000161,2620,2171,449
120000162,90,261,-171
120000163,837,992,-155
120000164,777,300,477
120000165,687,683,4
120000166,1561,583,978
120000167,306,437,-131
120000168,43,1160,-1117
120000169,123,2747,-2624
120000170,135,1866,-1731
120000171,38,723,-685
120000172,27,331,-304
120000173,2093,2683,-590
120000174,361,29,332
120000175,207,62,145
120000176,167,62,105
120000177,1714,171,1543
120000178,157,39,118
120000179,316,76,240
120000180,1248,151,1097
120000181,283,3155,-2872
120000182,145,1212,-1067
120000183,23,990,-967
120000184,237,2179,-1942
120000186,56,750,-694
120000187,29,432,-403
120000188,123,766,-643
120000190,708,94,614
120000191,1022,112,910
120000192,984,54,930
120000193,458,17,441
120000195,106,13,93
120000196,357,67,290
120000197,209,138,71
120000198,168,67,101
120000199,130,1,129
120000200,147,1,146
120000201,11,35,-24
120000202,1,47,-46
120000203,66,158,-92
120000207,2,64,-62
120000208,11,157,-146
120000209,6,36,-30
120000210,39,52,-13
120000211,212,6,206
120000212,185,0,185
120000213,188,217,-29
120000214,1,158,-157
120000215,4,100,-96
120000216,115,31,84
120000217,645,1462,-817
120000218,164,725,-561
120000219,16,430,-414
120000220,6,1291,-1285
120000225,2039,3,2036
120000226,448,7,441
120000227,1095,109,986
120000228,13984,3735,10249
120000230,461,19,442
120000231,1531,1909,-378
120000233,592,13,579
120000235,284,513,-229
120000236,1302,3,1299
120000237,3,1124,-1121
120000238,9,1537,-1528
120000241,1344,3923,-2579
120000412,757,26,731
120000413,223,255,-32
120000414,189,6,183
120000415,5,63,-58
120000416,133,11,122
120000417,11,63,-52
120000418,250,18,232
120000419,16,193,-177
120000420,48,41,7
120000421,9652,5925,3727
120000422,136,1602,-1466
120000423,6,85,-79
120000424,100,118,-18
120000436,168,770,-602
120000437,164,126,38
120000438,2103,316,1787
120000439,303,564,-261
120000443,175,3,172
120000444,1643,471,1172
120000445,1851,1124,727
120000446,762,226,536
120000447,330,13,317
120000449,171,2,169
120000450,6,189,-183
120000451,167,396,-229
120000452,316,1,315
120000453,0,304,-304
120000454,82,76,6
120000455,85,32,53
120000456,3269,3865,-596
120000457,1246,480,766
120000458,543,694,-151
120000459,113,42,71
120000665,1942,405,1537
120000668,143,2110,-1967
120000669,113,237,-124
120000670,291,1482,-1191
120000671,1401,507,894
120000672,85,399,-314
120900001,117,146,-29
120900002,460,654,-194
120900003,242,35,207
120900004,19,93,-74
120900005,22,776,-754
120900006,402,281,121
120900007,206,74,132
120900008,474,1093,-619
120900009,262,20,242
120900010,499,110,389
120900011,309,187,122
120900012,280,1363,-1083
120900013,497,140,357
120900014,4,471,-467
120900015,804,82,722
120900016,938,106,832
120900017,2295,112,2183
120900018,226,429,-203
120900019,670,303,367
120900020,698,1579,-881
120900021,1030,264,766
120900022,27,257,-230
120900023,395,39,356
120900024,2013,626,1387
120900025,1578,1079,499
120900026,354,209,145
120900027,984,28,956
120900028,427,127,300
120900029,107,507,-400
120900030,1370,892,478
120900031,313,117,196
120900032,1357,105,1252
120900033,1220,96,1124
120900034,43,2927,-2884
120900035,89,155,-66
120900037,232,6,226
120900038,71,356,-285
120900039,132,52,80
120900040,320,3,317
120900041,140,38,102
120900042,597,48,549
120900043,137,48,89
120900044,17,408,-391
120900045,168,117,51
120900046,497,2,495
120900047,102,115,-13
120900048,128,26,102
120900049,579,6,573
120900050,1852,1654,198
120900051,367,117,250
120900052,623,5,618
120900053,377,59,318
120900054,1668,591,1077
120900055,404,5,399
120900056,586,30,556
120900057,182,14,168
120900058,661,1,660
120900059,87,2,85
120900060,114,29,85
120900061,270,264,6
120900062,262,1,261
120900063,628,1,627
120900064,768,1,767
120900065,529,6,523
120900066,466,339,127
120900067,215,61,154
120900068,330,0,330
120900069,256,42,214
120900071,37,0,37
120900072,805,4,801
120900073,540,129,411
120900074,884,16,868
120900076,428,0,428
120900077,3021,278,2743
120900078,1015,611,404
120900079,1000,136,864
120900080,961,1286,-325
120900081,1007,679,328
120900082,400,416,-16
120900083,147,8,139
120900084,391,475,-84
120900085,80,105,-25
120900086,111,416,-305
120900087,533,405,128
120900088,207,519,-312
120900089,2555,3035,-480
120900090,343,119,224
120900091,712,925,-213
120900092,1044,475,569
120900093,1707,157,1550
120900094,473,236,237
120900095,479,19,460
120900096,54,260,-206
120900097,829,646,183
120900098,201,120,81
120900099,94,83,11
120900100,84,225,-141
120900101,541,222,319
120900102,54,68,-14
120900103,63,231,-168
120900104,24,45,-21
120900105,52,394,-342
120900106,928,454,474
120900107,269,165,104
120900108,16,463,-447
120900109,46,496,-450
120900110,7,615,-608
120900111,149,257,-108
120900112,12,574,-562
120900113,30,617,-587
120900114,60,138,-78
120900115,180,251,-71
120900116,473,307,166
120900117,4,365,-361
120900118,16,494,-478
120900119,8845,4535,4310
120900120,59,378,-319
120900121,304,568,-264
120900122,562,363,199
120900123,3,249,-246
120900124,1,429,-428
120900125,9,613,-604
120900126,1399,950,449
120900127,16,354,-338
120900128,1010,1357,-347
120900129,41,253,-212
120900130,17,434,-417
120900131,154,128,26
120900132,1255,245,1010
120900133,198,691,-493
120900134,689,466,223
120900135,8,414,-406
120900136,72,245,-173
120900137,297,116,181
120900138,19,181,-162
120900139,5,526,-521
120900140,18,277,-259
120900141,246,268,-22
120900142,15,322,-307
120900143,4,624,-620
120900144,1,145,-144
120900145,119,604,-485
120900146,1,815,-814
120900147,4,412,-408
120900148,156,129,27
120900149,1,263,-262
120900150,51,408,-357
120900151,3,513,-510
120900152,13,28,-15
120900153,71,143,-72
120900154,3,702,-699
120900155,226,865,-639
120900156,29,203,-174
120900157,133,304,-171
120900158,76,559,-483
120900159,107,394,-287
120900160,33,554,-521
120900161,152,529,-377
120900162,96,896,-800
120900163,177,2140,-1963
120900164,0,27,-27
120900165,18,87,-69
120900166,153,849,-696
120900167,462,180,282
120900169,93,281,-188
120900170,901,2980,-2079
120900171,1034,200,834
120900172,1777,2871,-1094
120900173,32,436,-404
120900174,9,105,-96
120900175,268,210,58
120900176,16,405,-389
120900177,2,1307,-1305
120900178,0,767,-767
120900179,752,433,319
120900180,73,173,-100
120900181,125,55,70
120900182,39,287,-248
120900183,863,144,719
120900184,495,77,418
120900185,13,398,-385
120900186,1,246,-245
120900187,610,1096,-486
120900188,187,4,183
120900189,81,1394,-1313
120900190,87,15,72
120900191,5,28,-23
120900192,8254,7811,443
120900194,87,106,-19
120900195,146,359,-213
120900196,814,30,784
120900197,888,143,745
120900198,293,531,-238
120900199,595,1543,-948
120900200,63,112,-49
120900201,437,187,250
120900202,0,130,-130
120900203,28,76,-48
120900204,155,261,-106
120900205,46,52,-6
120900206,44,58,-14
121000001,885,1358,-473
121000002,2987,1603,1384
121000003,3225,2559,666
121000004,3142,3789,-647
121000005,1882,3175,-1293
121000006,3808,2055,1753
121000007,2664,3423,-759
121000008,5506,3980,1526
121000009,6217,6102,115
121000010,9448,6183,3265
121000011,10120,12868,-2748
121000012,18141,10781,7360
121000013,5698,7354,-1656
121000014,6755,5776,979
121000015,4532,7765,-3233
121000016,4998,3667,1331
121000017,2530,3955,-1425
121000018,3098,1949,1149
121000019,16830,12485,4345
121000020,15401,18748,-3347
121000021,2914,3158,-244
121000022,2979,3625,-646
121000023,3740,2972,768
121000024,5153,5422,-269
121000025,791,1526,-735
121000026,415,171,244
121000027,1813,1485,328
121000028,1031,599,432
121000029,1098,779,319
121000030,801,540,261
121000031,811,845,-34
121000032,270,148,122
121000034,380,290,90
121000035,170,172,-2
121000036,1080,898,182
121000037,661,630,31
121000038,537,1015,-478
121000039,310,434,-124
121000041,502,527,-25
121000042,389,420,-31
121000043,749,663,86
121000044,1522,933,589
121000045,555,389,166
121000046,813,1081,-268
121000047,55,128,-73
121000049,1365,607,758
121000050,352,1277,-925
121000051,663,372,291
121000052,471,673,-202
121000053,512,170,342
121000054,67,495,-428
121000055,1228,1211,17
121000056,947,1153,-206
121000057,288,586,-298
121000058,484,283,201
121000059,2901,1440,1461
121000060,741,1078,-337
121000061,121,586,-465
121000062,189,510,-321
121000063,912,780,132
121000064,672,548,124
121000065,397,479,-82
121000066,374,341,33
121000067,575,632,-57
121000068,881,452,429
121000069,579,849,-270
121000070,1805,1351,454
121000071,1431,1527,-96
121000072,1513,727,786
121000073,1335,1070,265
121000074,270,121,149
121000075,63,328,-265
121000076,663,498,165
121000077,158,255,-97
121000078,141,202,-61
121000080,2000,659,1341
121000081,4406,3428,978
121000082,104,275,-171
121000083,156,152,4
121000084,206,175,31
121000085,319,433,-114
121000086,263,882,-619
121000087,52,337,-285
121000088,495,532,-37
121000089,466,524,-58
121000090,575,388,187
121000091,1753,1166,587
121000092,227,100,127
121000093,249,257,-8
121000094,751,884,-133
121000095,386,872,-486
121000096,2768,2445,323
121000097,1068,2689,-1621
121000098,694,1142,-448
121000099,608,756,-148
121000100,912,422,490
121000101,435,333,102
121000102,358,246,112
121000103,285,281,4
121000104,296,174,122
121000105,573,214,359
121000106,426,484,-58
121000107,2190,3290,-1100
121000109,1250,1212,38
121000110,358,639,-281
121000114,3554,2197,1357
121000115,1072,647,425
121000116,220,841,-621
121000117,651,239,412
121000118,1565,225,1340
121000119,250,468,-218
121000120,410,549,-139
121000121,692,1672,-980
121000123,1442,809,633
121000126,89,390,-301
121000127,206,117,89
121000128,1076,436,640
121000129,963,603,360
121000130,656,931,-275
121000131,2628,2079,549
121000132,1631,2286,-655
121000135,531,1050,-519
121000136,1472,1468,4
121000137,498,419,79
121000138,1057,1940,-883
121000139,496,721,-225
121000141,240,232,8
121000142,708,849,-141
121000143,157,32,125
121000144,1024,1910,-886
121000145,675,1076,-401
121000146,1547,1244,303
121000147,1105,652,453
121000148,924,1102,-178
121000149,2420,1644,776
121000152,526,462,64
121000153,2166,641,1525
121000154,1367,598,769
121000155,1647,986,661
121000156,412,1012,-600
121000157,994,1633,-639
121000158,383,457,-74
121000159,189,351,-162
121000160,375,327,48
121000161,221,363,-142
121000162,155,200,-45
121000165,1887,2205,-318
121000166,31,405,-374
121000168,496,271,225
121000169,92,178,-86
121000170,397,116,281
121000171,98,206,-108
121000172,778,555,223
121000173,1680,1418,262
121000174,445,583,-138
121000175,1095,404,691
121000176,447,345,102
121000177,1016,686,330
121000178,109,69,40
121000179,65,72,-7
121000181,497,429,68
121000182,228,338,-110
121000183,98,229,-131
121000184,127,305,-178
121000185,64,267,-203
121000186,250,680,-430
121000187,232,229,3
121000188,245,223,22
121000192,1248,486,762
121000193,721,535,186
121000194,2369,2508,-139
121000195,264,1142,-878
121000196,429,297,132
121000197,325,886,-561
121000198,253,167,86
121000199,187,371,-184
121000200,769,141,628
121000201,4,223,-219
121000202,280,9,271
121000203,859,1852,-993
121000204,3229,725,2504
121000205,163,255,-92
121000206,303,86,217
121000207,2246,493,1753
121000208,9,254,-245
121000209,434,209,225
121000210,651,358,293
121000211,359,159,200
121000212,520,596,-76
121000213,10858,3138,7720
121000214,898,2226,-1328
121000215,1135,1227,-92
121000216,655,622,33
121000217,4779,2701,2078
121000218,449,2039,-1590
121000219,1762,497,1265
121000220,239,98,141
121000221,182,308,-126
121000222,2473,2702,-229
121000223,374,478,-104
121000224,377,461,-84
121000225,826,2141,-1315
121000226,2159,1355,804
121000227,20,170,-150
121000228,12,544,-532
121000229,385,333,52
121000230,65,1489,-1424
121000231,1178,27,1151
121000232,405,332,73
121000233,594,318,276
121000234,36,68,-32
121000235,89,88,1
121000236,14,53,-39
121000237,53,40,13
121000238,8,86,-78
121000239,89,9,80
121000240,14,161,-147
121000241,111,23,88
121000242,132,455,-323
121000243,723,234,489
121000244,26,105,-79
121000245,105,51,54
121000246,8,121,-113
121000247,150,12,138
121000248,1344,616,728
121000249,152,420,-268
121000250,620,345,275
121000251,37,282,-245
121000252,143,94,49
121000253,314,334,-20
121000254,736,218,518
121000255,132,278,-146
121000256,374,203,171
121000257,52,117,-65
121000258,139,108,31
121000259,68,85,-17
121000260,93,150,-57
121000261,94,78,16
121000262,1022,711,311
121000263,439,419,20
121000271,343,1383,-1040
121000273,23,13,10
121000274,4,44,-40
121000275,2,9,-7
121000276,4,15,-11
121000278,31,50,-19
121000279,44,39,5
121000280,37,59,-22
121000289,314,18,296
121000290,1144,874,270
121000294,176,138,38
121000297,781,1144,-363
121000299,145,878,-733
121000300,937,659,278
121000302,55,1174,-1119
121000303,469,357,112
121000304,528,78,450
121000305,182,48,134
121000306,111,135,-24
121000308,151,380,-229
121000309,336,589,-253
121000310,91,365,-274
121000311,79,710,-631
121000312,493,351,142
121000313,396,456,-60
121000314,104,130,-26
121000315,45,129,-84
121000530,1809,1455,354
121000531,1737,1486,251
121000532,7259,8004,-745
121000533,3564,3455,109
121000918,63,122,-59
121000919,67,80,-13
121000938,122,370,-248
121000939,175,316,-141
121000956,1574,1144,430
121000957,12,24,-12
121000958,44,82,-38
121000959,920,662,258
121000960,1519,1812,-293
121000961,278,164,114
121000962,330,456,-126
121000973,0,185,-185
121000976,20,277,-257
121000979,570,180,390
121000981,488,229,259
121000982,378,184,194
121000983,386,335,51
121000984,21,89,-68
121000985,727,506,221
121000986,482,186,296
121000987,269,904,-635
121000988,862,117,745
121001302,280,147,133
121001308,4,28,-24
121001309,66,135,-69
121001313,181,171,10
121001314,1859,2612,-753
121001315,4939,2882,2057
121900001,117,227,-110
121900002,68,58,10
121900003,386,53,333
121900004,174,513,-339
121900005,39,12,27
121900006,84,31,53
121900007,2380,2097,283
121900008,1075,623,452
121900009,702,21,681
121900010,259,5,254
121900011,362,453,-91
121900012,24,0,24
121900013,1190,110,1080
121900014,1516,328,1188
121900015,221,249,-28
121900016,6,32,-26
121900017,446,465,-19
121900018,341,8,333
121900019,539,258,281
121900020,24,4,20
121900021,1070,15,1055
121900022,307,236,71
121900023,172,467,-295
121900024,389,90,299
121900025,674,505,169
121900026,444,39,405
121900027,461,267,194
121900028,345,22,323
121900029,176,248,-72
121900030,619,491,128
121900031,1056,7015,-5959
121900032,127,86,41
121900033,220,268,-48
121900034,332,104,228
121900035,3195,2534,661
121900036,95,377,-282
121900037,221,1308,-1087
121900038,54,127,-73
121900039,386,54,332
121900040,97,131,-34
121900041,107,208,-101
121900042,465,158,307
121900043,12,13,-1
121900044,120,60,60
121900046,265,420,-155
121900047,299,60,239
121900048,68,129,-61
121900050,54,85,-31
121900051,210,182,28
121900052,162,43,119
121900053,453,339,114
121900054,470,944,-474
121900055,8,26,-18
121900058,249,149,100
121900059,446,158,288
121900060,151,420,-269
121900061,240,201,39
121900062,175,131,44
121900063,2067,489,1578
121900064,365,615,-250
121900066,68,43,25
121900067,89,90,-1
121900069,199,153,46
121900070,293,152,141
121900071,417,260,157
121900072,43,112,-69
121900073,233,231,2
121900074,927,1071,-144
121900075,530,720,-190
121900076,463,732,-269
121900077,21,28,-7
121900078,108,78,30
121900079,0,1,-1
121900080,1078,461,617
121900082,46,118,-72
121900084,29,110,-81
121900085,7,14,-7
121900086,29,111,-82
121900087,201,103,98
121900088,2340,3286,-946
121900089,237,267,-30
121900090,27,83,-56
121900091,74,76,-2
121900092,115,239,-124
121900093,94,107,-13
121900094,25,11,14
121900095,316,201,115
121900096,1390,903,487
121900097,633,178,455
121900098,4,9,-5
121900099,261,78,183
121900100,273,580,-307
121900101,194,159,35
121900102,9,142,-133
121900103,460,341,119
121900104,1688,293,1395
121900105,353,215,138
121900106,9,10,-1
121900107,63,26,37
121900108,1,30,-29
121900109,276,169,107
121900110,641,772,-131
121900111,742,312,430
121900112,157,240,-83
121900113,73,425,-352
121900114,109,55,54
121900115,243,360,-117
121900117,308,258,50
121900118,1829,588,1241
121900119,180,100,80
121900120,65,1280,-1215
121900121,427,46,381
121900122,37,78,-41
121900123,322,432,-110
121900124,162,156,6
121900125,1869,1036,833
121900127,24,111,-87
121900128,142,98,44
121900129,593,197,396
121900130,117,207,-90
121900131,207,115,92
121900132,61,106,-45
121900133,78,1142,-1064
121900134,27,170,-143
121900135,4251,567,3684
121900136,326,308,18
121900137,79,398,-319
121900138,113,264,-151
121900139,409,611,-202
121900140,67,183,-116
121900141,89,66,23
121900142,191,144,47
121900143,36,178,-142
121900144,168,336,-168
121900145,268,315,-47
121900146,662,731,-69
121900147,56,216,-160
121900148,156,351,-195
121900149,361,611,-250
121900150,65,152,-87
121900151,77,238,-161
121900152,113,183,-70
121900153,135,899,-764
121900154,14,222,-208
121900155,13,163,-150
121900156,296,152,144
121900157,1,300,-299
121900158,85,126,-41
121900159,0,192,-192
121900160,90,233,-143
121900161,358,382,-24
121900162,92,196,-104
121900163,288,460,-172
121900164,366,201,165
121900165,279,171,108
121900166,174,176,-2
121900167,93,171,-78
121900168,140,211,-71
121900169,3,186,-183
121900170,14,197,-183
121900171,932,702,230
121900172,664,232,432
121900173,1089,278,811
121900174,54,68,-14
121900175,222,385,-163
121900176,618,1376,-758
121900177,289,87,202
121900178,10,11,-1
121900179,431,239,192
121900180,3505,5083,-1578
121900182,675,356,319
121900183,601,1749,-1148
121900184,83,761,-678
121900186,8,389,-381
121900187,33,210,-177
121900188,794,365,429
121900189,48,119,-71
121900190,277,422,-145
121900191,131,222,-91
121900192,401,870,-469
121900193,21,20,1
121900194,9,390,-381
121900195,76,113,-37
121900196,1024,1180,-156
121900197,383,1354,-971
121900198,1238,988,250
121900199,1,54,-53
121900200,69,244,-175
121900201,1048,866,182
121900202,180,852,-672
121900203,267,1149,-882
121900204,935,1321,-386
121900205,24,39,-15
121900206,29,83,-54
121900207,176,61,115
121900208,169,408,-239
121900209,86,56,30
121900210,1380,962,418
121900211,196,215,-19
121900212,139,148,-9
121900213,197,67,130
121900214,22,503,-481
121900215,43,88,-45
121900216,31,340,-309
121900217,295,226,69
121900218,195,354,-159
121900219,293,78,215
121900220,119,17,102
121900221,346,577,-231
121900222,169,191,-22
121900223,196,69,127
121900224,130,89,41
121900225,135,125,10
121900226,325,614,-289
121900227,320,562,-242
121900228,165,300,-135
121900229,387,306,81
121900230,89,383,-294
121900231,259,1895,-1636
121900232,271,448,-177
121900233,225,236,-11
121900234,418,248,170
121900235,598,149,449
121900236,337,191,146
121900237,217,329,-112
121900238,228,314,-86
121900239,237,47,190
121900240,294,142,152
121900241,75,48,27
121900242,13,0,13
121900243,15,1,14
121900244,40,4,36
121900245,209,103,106
121900246,2769,422,2347
121900247,333,266,67
121900248,1422,1428,-6
121900250,276,338,-62
121900251,536,52,484
121900252,648,128,520
121900253,131,802,-671
121900254,436,269,167
121900255,446,119,327
121900258,4224,2196,2028
121900259,325,581,-256
121900260,164,151,13
121900261,203,537,-334
121900262,377,944,-567
121900263,334,258,76
121900264,1802,1364,438
121900265,331,256,75
121900266,475,142,333
121900267,86,44,42
121900269,330,784,-454
121900270,40,244,-204
121900271,51,178,-127
121900273,515,2060,-1545
121900274,348,257,91
121900276,979,161,818
121900277,660,1629,-969
121900278,127,1073,-946
121900279,158,232,-74
121900280,207,450,-243
121900281,373,477,-104
121900284,201,16,185
121900286,160,85,75
121900287,37,29,8
121900290,316,489,-173
121900291,351,819,-468
121900292,189,130,59
121900293,1011,2944,-1933
121900294,307,8,299
121900295,178,212,-34
121900296,71,301,-230
121900298,332,867,-535
121900299,0,3,-3
121900300,165,16,149
121900301,128,5,123
121900302,0,59,-59
121900303,307,598,-291
121900304,2,9,-7
121900305,7,3,4
121900306,242,2,240
121900307,88,17,71
121900308,27,241,-214
121900309,7,198,-191
121900310,13,333,-320
121900311,494,26,468
121900312,455,18,437
121900313,434,24,410
121900314,6,59,-53
121900315,24,3,21
121900316,0,9,-9
121900317,42,3,39
121900318,1,11,-10
121900319,72,170,-98
121900320,31,59,-28
121900321,14,3,11
121900322,1,20,-19
121900323,31,26,5
121900324,6,48,-42
121900325,16,8,8
121900326,3,22,-19
121900327,7,60,-53
121900328,0,29,-29
121900329,1,107,-106
121900330,1,22,-21
121900331,54,42,12
121900332,96,43,53
121900333,3,0,3
122000001,2138,5209,-3071
122000002,3646,1618,2028
122000003,2030,2940,-910
122000004,2935,1749,1186
122000005,2818,2231,587
122000006,1687,1244,443
122000007,950,1659,-709
122000008,3082,4515,-1433
122000009,486,461,25
122000010,2264,2936,-672
122000011,3515,1726,1789
122000012,1088,1772,-684
122000013,1204,1072,132
122000014,2019,1153,866
122000015,1509,1229,280
122000016,601,915,-314
122000017,1368,1219,149
122000018,1632,1573,59
122000019,948,1157,-209
122000020,242,238,4
122000021,308,520,-212
122000022,1188,1113,75
122000023,751,1982,-1231
122000024,701,1448,-747
122000025,953,1963,-1010
122000026,889,1226,-337
122000027,661,1723,-1062
122000028,998,534,464
122000029,615,627,-12
122000030,277,155,122
122000031,181,311,-130
122000032,1903,1917,-14
122000033,729,1445,-716
122000034,778,769,9
122000035,366,811,-445
122000036,701,535,166
122000037,460,276,184
122000038,239,405,-166
122000039,591,371,220
122000040,262,275,-13
122000041,577,601,-24
122000042,393,450,-57
122000043,121,122,-1
122000044,138,135,3
122000045,1198,555,643
122000046,800,722,78
122000047,256,309,-53
122000048,3936,4939,-1003
122000049,6511,3881,2630
122000050,1374,937,437
122000051,340,355,-15
122000052,573,478,95
122000053,193,975,-782
122000054,2383,2195,188
122000055,2133,3339,-1206
122000056,4525,3364,1161
122000057,3198,3804,-606
122000058,2073,1740,333
122000059,2352,1939,413
122000060,581,795,-214
122000061,465,598,-133
122000062,833,357,476
122000063,1089,809,280
122000064,3389,3322,67
122000065,3496,2564,932
122000066,1066,1166,-100
122000067,1590,1236,354
122000068,1655,1240,415
122000069,845,747,98
122000070,911,1454,-543
122000071,2062,1318,744
122000072,364,474,-110
122000073,328,789,-461
122000074,3248,1888,1360
122000075,917,1272,-355
122000076,3041,1334,1707
122000077,1101,1102,-1
122000078,1628,2982,-1354
122000079,919,1389,-470
122000080,633,459,174
122000081,145,247,-102
122000082,496,1114,-618
122000083,2176,1609,567
122000084,1757,1027,730
122000085,307,1018,-711
122000086,2502,5768,-3266
122000087,419,378,41
122000088,397,550,-153
122000089,4847,2576,2271
122000090,251,610,-359
122000091,175,131,44
122000092,154,27,127
122000093,1877,2635,-758
122000094,5797,3298,2499
122000095,2542,4954,-2412
122000096,1946,2024,-78
122000098,3660,3107,553
122000099,1727,789,938
122000100,966,667,299
122000101,466,683,-217
122000102,2388,1314,1074
122000103,2235,1878,357
122000104,558,242,316
122000105,556,339,217
122000106,546,706,-160
122000107,1189,584,605
122000108,535,796,-261
122000109,487,339,148
122000110,528,541,-13
122000111,2962,1440,1522
122000112,1143,1512,-369
122000113,749,676,73
122000114,3213,1878,1335
122000115,2065,1396,669
122000116,574,578,-4
122000117,1618,499,1119
122000118,693,823,-130
122000119,3465,2583,882
122000120,1864,4218,-2354
122000121,1968,3194,-1226
122000122,728,1963,-1235
122000123,1671,1844,-173
122000124,1160,595,565
122000125,845,845,0
122000126,679,1314,-635
122000127,965,1436,-471
122000128,500,845,-345
122000129,687,1383,-696
122000130,3432,1523,1909
122000131,1413,1165,248
122000132,563,603,-40
122000133,1074,1669,-595
122000134,1116,937,179
122000135,743,802,-59
122000136,929,673,256
122000137,2344,1008,1336
122000139,1312,3846,-2534
122000140,742,702,40
122000141,4474,1368,3106
122000142,330,1060,-730
122000143,440,577,-137
122000144,1540,1146,394
122000145,1443,922,521
122000146,814,1384,-570
122000147,579,486,93
122000148,1587,2384,-797
122000149,2297,1685,612
122000150,1316,1088,228
122000151,151,425,-274
122000152,383,366,17
122000153,391,331,60
122000154,236,209,27
122000155,1552,2485,-933
122000156,2731,3204,-473
122000157,1392,2901,-1509
122000158,371,774,-403
122000159,713,1748,-1035
122000160,3331,2639,692
122000161,1221,1223,-2
122000162,2368,1975,393
122000163,285,99,186
122000164,39,100,-61
122000165,800,738,62
122000166,842,1259,-417
122000167,300,283,17
122000168,243,570,-327
122000169,315,237,78
122000170,347,322,25
122000171,82,119,-37
122000172,1962,1510,452
122000173,1735,2489,-754
122000174,2490,1140,1350
122000175,889,280,609
122000176,343,808,-465
122000177,1511,1709,-198
122000178,3159,2473,686
122000179,1875,2579,-704
122000180,1911,1489,422
122000181,1838,3419,-1581
122000182,2111,1955,156
122000183,2305,1109,1196
122000184,3896,2748,1148
122000185,1841,2168,-327
122000186,558,786,-228
122000187,1883,1008,875
122000188,562,225,337
122000189,338,298,40
122000190,1043,1255,-212
122000191,909,885,24
122000192,1230,385,845
122000193,526,920,-394
122000194,531,175,356
122000195,185,478,-293
122000196,1241,711,530
122000197,526,755,-229
122000198,483,963,-480
122000199,376,381,-5
122000200,952,628,324
122000201,1395,1723,-328
122000202,1485,1999,-514
122000203,2740,1528,1212
122000204,1543,2034,-491
122000205,1286,1433,-147
122000206,2449,1093,1356
122000207,1905,1749,156
122000208,2552,1532,1020
122000209,1859,411,1448
122000210,2245,1929,316
122000211,1641,1577,64
122000212,870,512,358
122000213,1234,1492,-258
122000214,2215,1829,386
122000215,2437,1784,653
122000217,1979,1502,477
122000218,979,81,898
122000219,1241,997,244
122000220,462,811,-349
122000221,115,538,-423
122000222,626,159,467
122000223,1338,592,746
122000225,893,268,625
122000226,1667,2065,-398
122000227,306,2399,-2093
122000228,426,409,17
122000229,22,532,-510
122000230,112,535,-423
122000231,424,806,-382
122000232,731,805,-74
122000233,0,99,-99
122000234,461,70,391
122000235,604,121,483
122000236,1307,88,1219
122000237,164,114,50
122000238,572,349,223
122000239,750,221,529
122000240,1354,726,628
122000241,1201,461,740
122000242,802,160,642
122000243,20,43,-23
122000244,4,301,-297
122000245,11,56,-45
122000246,49,140,-91
122000247,579,242,337
122000248,986,1570,-584
122000249,882,918,-36
122000250,2516,1052,1464
122000251,313,452,-139
122000252,480,163,317
122000253,76,303,-227
122000254,287,125,162
122000255,845,1433,-588
122000256,422,782,-360
122000257,163,247,-84
122000258,365,336,29
122000259,19,476,-457
122000260,7,53,-46
122000261,19,227,-208
122000262,0,43,-43
122000263,499,150,349
122000264,1642,302,1340
122000265,2540,927,1613
122000266,4566,656,3910
122000267,176,136,40
122000268,186,286,-100
122000269,1007,398,609
122000270,546,187,359
122000271,339,1016,-677
122000272,373,775,-402
122000273,417,337,80
122000274,303,219,84
122000275,94,240,-146
122000276,890,628,262
122000277,1404,1671,-267
122000278,2003,661,1342
122000279,281,484,-203
122000280,859,688,171
122000281,1047,809,238
122000282,235,489,-254
122000283,280,210,70
122000284,244,77,167
122000285,300,99,201
122000286,81,205,-124
122000287,1543,1430,113
122000288,542,256,286
122000291,2188,835,1353
122000293,313,230,83
122000294,173,274,-101
122000295,1300,197,1103
122000296,31,479,-448
122000297,2361,3300,-939
122000299,726,411,315
122000300,624,621,3
122000301,8666,3210,5456
122000302,679,1617,-938
122000303,3003,1243,1760
122000304,78,271,-193
122000305,1390,311,1079
122000306,42,431,-389
122000307,124,117,7
122000309,57,47,10
122000310,10,101,-91
122000311,157,125,32
122000312,108,188,-80
122000313,76,86,-10
122000314,156,291,-135
122000315,344,64,280
122000316,961,211,750
122000317,1824,323,1501
122000318,343,928,-585
122000319,237,392,-155
122000320,325,1246,-921
122000321,109,153,-44
122000322,2080,2115,-35
122000323,1338,2320,-982
122000324,1139,1433,-294
122000325,1002,1823,-821
122000326,102,98,4
122000327,557,870,-313
122000328,809,624,185
122000330,2272,1152,1120
122000332,231,366,-135
122000333,9,83,-74
122000337,1140,1184,-44
122000338,578,376,202
122000340,386,761,-375
122000342,1405,989,416
122000343,391,659,-268
122000344,82,21,61
122000345,60,35,25
122000346,379,405,-26
122000348,1002,760,242
122000349,136,809,-673
122000351,126,200,-74
122000352,286,190,96
122000353,139,52,87
122000355,137,456,-319
122000356,1161,1483,-322
122000357,85,32,53
122000358,0,53,-53
122000359,0,32,-32
122000360,0,32,-32
122000362,11,74,-63
122000364,196,390,-194
122000365,7,29,-22
122000366,11,14,-3
122000368,497,745,-248
122000370,27,63,-36
122000371,24,0,24
122000372,13,5,8
122000381,109,381,-272
122000382,96,209,-113
122000384,2337,1168,1169
122000385,64,0,64
122000386,369,1479,-1110
122000387,559,755,-196
122000388,1391,761,630
122000389,225,743,-518
122000390,348,298,50
122000391,405,417,-12
122000392,160,198,-38
122000393,43,124,-81
122000394,581,202,379
122000395,163,134,29
122000396,242,79,163
122000397,39,53,-14
122000398,30,93,-63
122000399,168,92,76
122000400,90,600,-510
122000401,150,55,95
122000402,406,133,273
122000403,523,706,-183
122000404,271,268,3
122000408,1045,1410,-365
122000503,14,105,-91
122000524,210,159,51
122000544,113,2033,-1920
122000616,409,4,405
122000640,93,155,-62
122000641,135,337,-202
122000642,1298,881,417
122000643,67,315,-248
122000644,264,85,179
122000645,86,203,-117
122000651,1178,995,183
122000664,168,33,135
122000665,1391,517,874
122000666,814,1166,-352
122000673,48,203,-155
122000674,266,82,184
122000675,1883,784,1099
122000686,391,1006,-615
122000687,1444,322,1122
122000688,407,481,-74
122000689,966,411,555
122000690,2065,414,1651
122000691,857,1445,-588
122000692,1778,354,1424
122000693,427,1552,-1125
122000695,354,350,4
122000696,512,254,258
122000698,431,460,-29
122000699,217,136,81
122000701,1534,306,1228
122000702,451,973,-522
122000703,181,53,128
122000717,105,89,16
122000718,289,884,-595
122000719,145,79,66
122000720,496,188,308
122900001,47,12,35
122900002,1196,5952,-4756
122900003,415,45,370
122900004,1961,110,1851
122900005,107,151,-44
122900006,595,1160,-565
122900007,137,140,-3
122900008,390,213,177
122900009,898,490,408
122900010,262,151,111
122900012,213,533,-320
122900013,0,0,0
122900014,182,198,-16
122900015,1679,1294,385
122900016,151,314,-163
122900017,401,1027,-626
122900018,212,35,177
122900019,10,141,-131
122900020,188,565,-377
122900021,25,489,-464
122900022,930,838,92
122900023,580,306,274
122900024,153,108,45
122900025,11,466,-455
122900026,48,230,-182
122900027,57,620,-563
122900028,109,161,-52
122900029,4279,3163,1116
122900030,1066,711,355
122900031,60,339,-279
122900032,162,477,-315
122900033,180,158,22
122900034,4303,5082,-779
122900035,24,11,13
122900036,97,99,-2
122900037,399,149,250
122900038,104,3122,-3018
122900039,111,562,-451
122900040,262,604,-342
122900041,283,458,-175
122900042,260,284,-24
122900043,386,205,181
122900044,127,357,-230
122900045,115,118,-3
122900046,194,386,-192
122900047,119,186,-67
122900048,59,224,-165
122900049,1172,147,1025
122900051,92,145,-53
122900052,109,165,-56
122900053,28,43,-15
122900055,393,75,318
122900057,255,51,204
122900061,495,172,323
122900062,627,577,50
122900063,212,229,-17
122900064,834,555,279
122900065,632,204,428
122900066,730,329,401
122900067,1036,632,404
122900068,121,304,-183
122900069,474,1285,-811
122900070,355,60,295
122900071,84,314,-230
122900072,6,420,-414
122900073,31,194,-163
122900074,1086,505,581
122900075,1,69,-68
122900076,13,207,-194
122900077,0,110,-110
122900078,245,71,174
122900080,20,48,-28
122900081,236,181,55
122900082,933,277,656
122900083,135,169,-34
122900084,16,198,-182
122900086,20,126,-106
122900087,272,391,-119
122900088,37,223,-186
122900089,89,287,-198
122900090,14,336,-322
122900091,330,3,327
122900092,0,134,-134
122900093,0,158,-158
122900094,0,135,-135
122900095,199,8,191
122900096,396,96,300
122900097,52,50,2
122900098,43,117,-74
122900099,68,21,47
122900100,251,424,-173
122900101,624,298,326
122900102,22,39,-17
122900103,99,12,87
122900104,249,10,239
122900105,41,15,26
122900106,2,67,-65
122900107,4,121,-117
122900108,0,107,-107
123000001,1383,502,881
123000002,3814,6423,-2609
123000003,4631,5572,-941
123000004,4037,4794,-757
123000005,3019,3680,-661
123000006,2484,2541,-57
123000007,4462,2732,1730
123000008,2895,3154,-259
123000009,4902,2981,1921
123000010,3260,3749,-489
123000011,2420,865,1555
123000012,781,2309,-1528
123000013,4183,996,3187
123000014,730,3378,-2648
123000015,3628,1193,2435
123000016,4549,4364,185
123000017,3883,1899,1984
123000018,132,89,43
123000019,492,190,302
123000020,245,47,198
123000021,155,160,-5
123000022,310,1439,-1129
123000023,1963,2155,-192
123000024,1734,803,931
123000025,135,134,1
123000026,24,105,-81
123000027,94,720,-626
123000028,1084,1227,-143
123000029,529,1787,-1258
123000030,239,209,30
123000031,472,231,241
123000032,460,105,355
123000033,253,71,182
123000034,1044,764,280
123000035,597,413,184
123000036,350,973,-623
123000037,295,364,-69
123000038,151,226,-75
123000039,643,1779,-1136
123000040,661,361,300
123000041,1110,1133,-23
123000042,724,704,20
123000043,3128,11204,-8076
123000044,4533,2849,1684
123000045,7102,3582,3520
123000046,803,1929,-1126
123000047,2133,1234,899
123000048,114,992,-878
123000049,7286,11751,-4465
123000050,1931,1821,110
123000051,69,193,-124
123000052,969,3850,-2881
123000053,3019,3279,-260
123000054,1662,2179,-517
123000055,1692,3691,-1999
123000056,1219,1864,-645
123000057,10331,8113,2218
123000058,648,1237,-589
123000059,431,581,-150
123000060,1101,405,696
123000061,239,708,-469
123000063,941,1028,-87
123000064,1214,314,900
123000065,4642,3242,1400
123000066,767,594,173
123000067,1013,600,413
123000068,2863,2821,42
123000069,6666,3007,3659
123000070,280,687,-407
123000071,1582,953,629
123000072,1234,807,427
123000073,1598,805,793
123000074,1146,977,169
123000075,497,1242,-745
123000076,834,663,171
123000077,2059,2389,-330
123000078,1991,1403,588
123000079,1948,1923,25
123000080,2479,1778,701
123000081,260,428,-168
123000082,416,1052,-636
123000083,1109,271,838
123000084,742,476,266
123000085,383,63,320
123000086,642,136,506
123000087,389,338,51
123000088,1436,733,703
123000089,747,1022,-275
123000090,1126,937,189
123000091,1546,1252,294
123000092,847,1078,-231
123000094,648,245,403
123000095,671,631,40
123000096,836,414,422
123000097,505,656,-151
123000098,801,536,265
123000099,644,647,-3
123000100,490,757,-267
123000101,535,583,-48
123000102,549,746,-197
123000104,504,556,-52
123000105,661,563,98
123000106,539,547,-8
123000107,520,484,36
123000108,843,1124,-281
123000111,1111,324,787
123000112,1533,550,983
123000113,616,1143,-527
123000114,390,576,-186
123000115,266,350,-84
123000116,34,133,-99
123000117,1940,1709,231
123000118,568,764,-196
123000119,321,738,-417
123000120,330,828,-498
123000121,638,507,131
123000122,339,268,71
123000123,583,534,49
123000124,426,408,18
123000125,1337,1504,-167
123000126,1426,5257,-3831
123000127,775,689,86
123000128,402,382,20
123000129,917,242,675
123000130,777,105,672
123000131,1102,735,367
123000132,327,711,-384
123000133,264,381,-117
123000134,389,159,230
123000135,2752,1235,1517
123000136,242,650,-408
123000137,132,304,-172
123000138,92,412,-320
123000139,754,111,643
123000140,127,752,-625
123000141,893,146,747
123000142,1082,1016,66
123000143,912,1835,-923
123000144,47,44,3
123000145,199,281,-82
123000146,35,65,-30
123000147,86,125,-39
123000149,412,470,-58
123000150,158,319,-161
123000151,275,594,-319
123000152,135,434,-299
123000153,240,979,-739
123000154,1804,2332,-528
123000155,2117,1428,689
123000156,45,107,-62
123000157,594,881,-287
123000158,649,808,-159
123000159,3516,3008,508
123000160,1076,829,247
123000161,1995,1234,761
123000162,1215,1620,-405
123000163,674,173,501
123000164,1773,331,1442
123000165,482,1199,-717
123000166,49,148,-99
123000167,222,259,-37
123000168,248,214,34
123000169,1002,155,847
123000170,102,127,-25
123000171,840,28,812
123000172,199,574,-375
123000173,889,280,609
123000174,1264,450,814
123000175,554,1218,-664
123000176,1205,300,905
123000177,331,1020,-689
123000178,860,176,684
123000179,45,557,-512
123000180,2024,314,1710
123000181,327,1135,-808
123000182,260,412,-152
123000183,190,489,-299
123000184,140,481,-341
123000185,1236,326,910
123000186,3,509,-506
123000187,673,10,663
123000188,208,0,208
123000189,194,179,15
123000190,96,73,23
123000192,9,397,-388
123000193,85,735,-650
123000194,352,266,86
123000195,419,47,372
123000196,364,24,340
123000197,52,107,-55
123000198,51,664,-613
123000199,14,633,-619
123000200,585,10,575
123000201,1257,31,1226
123000202,15,896,-881
123000203,1035,52,983
123000204,74,939,-865
123000205,487,1353,-866
123000206,2418,252,2166
123000207,88,736,-648
123000208,634,221,413
123000209,2534,645,1889
123000210,431,1725,-1294
123000211,563,2044,-1481
123000212,3696,566,3130
123000213,731,87,644
123000215,88,199,-111
123000216,195,1225,-1030
123000217,217,27,190
123000218,74,724,-650
123000219,831,91,740
123000220,622,94,528
123000221,152,127,25
123000222,478,454,24
123000223,566,301,265
123000224,419,382,37
123000225,261,57,204
123000226,89,341,-252
123000227,82,306,-224
123000228,327,69,258
123000229,946,1389,-443
123000232,105,500,-395
123000233,884,202,682
123000234,160,558,-398
123000235,1390,293,1097
123000236,316,699,-383
123000237,419,98,321
123000238,50,456,-406
123000239,493,1240,-747
123000240,52,557,-505
123000241,448,92,356
123000242,278,179,99
123000243,718,871,-153
123000244,899,716,183
123000245,57,147,-90
123000249,1502,514,988
123000252,989,286,703
123000253,1467,546,921
123000254,683,923,-240
123000255,1231,953,278
123000256,18,205,-187
123000257,2490,1828,662
123000258,1015,822,193
123000259,383,370,13
123000260,493,351,142
123000261,314,167,147
123000262,79,147,-68
123000263,530,104,426
123000264,239,100,139
123000265,103,115,-12
123000266,510,679,-169
123000267,882,325,557
123000268,73,62,11
123000269,60,106,-46
123000270,38,64,-26
123000271,54,63,-9
123000272,904,288,616
123000273,358,810,-452
123000274,1342,655,687
123000275,279,795,-516
123000278,2232,2698,-466
123000279,116,113,3
123000280,304,311,-7
123000281,315,118,197
123000282,103,265,-162
123000283,137,52,85
123000284,66,46,20
123000286,195,411,-216
123000287,470,292,178
123000288,1751,1078,673
123000289,440,1227,-787
123000291,263,928,-665
123000294,165,307,-142
123000295,984,1075,-91
123000296,658,497,161
123000297,516,382,134
123000298,571,260,311
123000299,49,136,-87
123000300,1196,854,342
123000301,127,279,-152
123000302,124,128,-4
123000303,118,241,-123
123000305,992,824,168
123000306,168,118,50
123000309,68,53,15
123000310,49,63,-14
123000311,0,49,-49
123000312,401,741,-340
123000313,675,326,349
123000315,307,257,50
123000316,937,72,865
123000317,226,78,148
123000318,38,193,-155
123000329,16,16,0
123000337,885,397,488
123000338,354,76,278
123000339,257,101,156
123000340,112,331,-219
123000342,27,25,2
123000343,54,11,43
123000344,1212,450,762
123000345,346,571,-225
123000346,463,51,412
123000352,1232,933,299
123000353,46,108,-62
123000354,304,8,296
123000355,0,259,-259
123000356,450,11,439
123000357,6,130,-124
123000359,3,154,-151
123000360,255,67,188
123000361,220,276,-56
123000362,515,93,422
123000363,123,193,-70
123000364,542,562,-20
123000365,21,412,-391
123000366,446,2200,-1754
123000367,313,1048,-735
123000370,26,291,-265
123000371,680,63,617
123000372,463,42,421
123000373,10,350,-340
123000374,9,175,-166
123000375,407,60,347
123000376,1090,786,304
123000377,556,25,531
123000378,17,254,-237
123000379,10,248,-238
123000380,51,457,-406
123000381,146,90,56
123000382,1010,153,857
123000383,176,1357,-1181
123000384,519,102,417
123000385,178,500,-322
123000436,53,1177,-1124
123000507,135,224,-89
123000508,193,1201,-1008
123000517,302,63,239
123000518,41,249,-208
123000519,263,83,180
123000520,63,254,-191
123000521,487,110,377
123000522,126,584,-458
123000541,9,2,7
123000542,0,15,-15
123000565,786,26,760
123000566,256,332,-76
123000567,111,195,-84
123000573,63,698,-635
123000574,1227,74,1153
123000575,1521,1087,434
123000576,1119,1373,-254
123000577,76,639,-563
123000578,508,86,422
123000579,2078,6428,-4350
123000580,122,37,85
123000582,502,48,454
123000583,28,322,-294
123000584,178,414,-236
123000585,2,102,-100
123000586,143,1,142
123000596,61,77,-16
123000597,69,128,-59
123000602,47,9,38
123000603,980,554,426
123000604,489,559,-70
123000605,826,160,666
123000606,1,371,-370
123000609,19,350,-331
123000610,176,154,22
123000613,22,179,-157
123000614,344,71,273
123000615,60,103,-43
123000616,970,65,905
123000617,140,366,-226
123000618,83,702,-619
123000619,560,43,517
123000620,20,431,-411
123000622,442,20,422
123000624,173,43,130
123000630,1307,450,857
123000631,215,854,-639
123000632,760,679,81
123000633,0,167,-167
123000634,66,129,-63
123000635,92,95,-3
123000636,20,465,-445
123000637,263,103,160
123000638,490,41,449
123000639,1151,4612,-3461
123000640,29,542,-513
123900001,1217,50,1167
123900002,17,1365,-1348
123900003,249,432,-183
123900005,250,235,15
123900006,295,36,259
124000001,2239,164,2075
124000002,80,1592,-1512
124000003,1045,163,882
124000004,78,468,-390
124000005,1243,536,707
124000006,211,869,-658
124000007,398,98,300
124000008,10,489,-479
124000009,602,210,392
124000010,204,367,-163
124000011,861,271,590
124000012,322,439,-117
124000017,236,152,84
124000018,174,81,93
124000019,186,115,71
124000020,62,130,-68
124000021,150,90,60
124000022,129,198,-69
124000023,1283,1743,-460
124000024,1040,402,638
124000025,1270,1881,-611
124000026,1249,1103,146
124000027,5601,5413,188
124000028,2004,4421,-2417
124000030,2603,1319,1284
124000031,1333,3426,-2093
124000032,2125,858,1267
124000033,191,249,-58
124000034,871,573,298
124000035,27,251,-224
124000036,61,216,-155
124000037,550,1221,-671
124000038,54,133,-79
124000039,1025,559,466
124000040,556,1243,-687
124000041,609,98,511
124000042,100,449,-349
124000043,164,71,93
124000044,29,234,-205
124000045,1036,525,511
124000046,321,714,-393
124000047,2052,753,1299
124000048,1024,1293,-269
124000049,1806,533,1273
124000050,895,1562,-667
124000051,1061,574,487
124000052,777,857,-80
124000053,655,1688,-1033
124000054,895,490,405
124000055,1646,3007,-1361
124000056,2133,1218,915
124000057,1093,617,476
124000058,445,993,-548
124000059,825,1377,-552
124000060,1161,576,585
124000061,1525,5623,-4098
124000062,3528,1660,1868
124000063,1214,1389,-175
124000064,1905,1244,661
124000065,17,433,-416
124000066,62,36,26
124000067,218,156,62
124000068,8,16,-8
124000069,145,11,134
124000070,49,127,-78
124000071,200,77,123
124000072,188,346,-158
124000073,989,165,824
124000074,218,683,-465
124000075,401,26,375
124000076,11,200,-189
124000077,1336,1124,212
124000078,2513,1217,1296
124000079,373,1742,-1369
124000080,650,201,449
124000081,258,598,-340
124000082,100,195,-95
124000083,86,147,-61
124000084,56,415,-359
124000085,88,31,57
124000086,88,135,-47
124000087,164,130,34
124000088,399,512,-113
124000089,847,317,530
124000090,118,351,-233
124000091,460,91,369
124000092,111,339,-228
124000093,155,116,39
124000094,196,517,-321
124000095,103,56,47
124000096,162,241,-79
124000097,148,109,39
124000098,82,80,2
124000099,229,112,117
124000100,91,114,-23
124000101,111,120,-9
124000102,56,63,-7
124000103,143,126,17
124000104,76,39,37
124000105,127,107,20
124000106,122,44,78
124000107,21,195,-174
124000108,65,16,49
124000109,147,88,59
124000110,138,49,89
124000111,288,147,141
124000112,764,584,180
124000113,101,108,-7
124000114,348,388,-40
124000115,386,696,-310
124000116,160,166,-6
124000117,71,83,-12
124000118,43,158,-115
124000119,908,568,340
124000120,743,456,287
124000121,1317,681,636
124000122,539,1458,-919
124000123,1159,521,638
124000124,489,1084,-595
124000125,512,427,85
124000126,400,579,-179
124000127,1064,332,732
124000128,551,857,-306
124000129,2879,1517,1362
124000130,924,618,306
124000131,1088,657,431
124000132,881,865,16
124000133,1063,895,168
124000134,1277,640,637
124000135,2071,1918,153
124000136,1341,965,376
124000137,1389,1018,371
124000138,1637,1287,350
124000139,550,36,514
124000140,23,384,-361
124000141,118,13,105
124000142,8,182,-174
124000143,57,11,46
124000144,2,44,-42
124000145,140,35,105
124000146,19,70,-51
124000148,30,87,-57
124000149,1327,408,919
124000150,363,692,-329
124000151,891,346,545
124000152,734,1114,-380
124000153,877,808,69
124000154,590,755,-165
124000155,1429,886,543
124000156,1551,1069,482
124000169,283,548,-265
124000170,459,474,-15
124000171,342,265,77
124000172,407,502,-95
124000173,637,212,425
124000174,391,525,-134
124000175,11,162,-151
124000176,67,14,53
124000177,14,47,-33
124000178,67,45,22
124000190,44,34,10
124000191,60,91,-31
124000192,1326,353,973
124000193,298,1053,-755
124000194,379,482,-103
124000195,368,571,-203
124000196,894,958,-64
124000197,61,65,-4
124000198,44,96,-52
124000201,201,903,-702
124000202,581,357,224
124000203,483,431,52
124000204,988,276,712
124000205,94,368,-274
124000206,871,312,559
124000207,0,52,-52
124000209,176,385,-209
124000210,676,197,479
124000211,845,3,842
124000212,1,355,-354
124000213,534,237,297
124000214,457,538,-81
124000215,419,18,401
124000216,12,304,-292
124000329,138,1282,-1144
124000338,140,622,-482
124000339,1282,92,1190
124000341,1593,88,1505
124000344,35,2,33
124000357,1476,2293,-817
124000358,994,1314,-320
124000359,1564,724,840
124000360,1147,473,674
124000361,1744,833,911
124000362,993,1487,-494
124000363,326,419,-93
124000364,492,981,-489
124000365,495,1061,-566
124000366,1315,890,425
124000367,103,518,-415
124000368,425,357,68
124000369,191,97,94
124000370,90,470,-380
124000402,30,11,19
124000403,188,17,171
124000404,29,99,-70
124000405,1339,790,549
124000406,850,839,11
124000407,1,24,-23
124000411,12,356,-344
124000412,429,14,415
124000413,118,34,84
124000414,71,121,-50
124000415,53,98,-45
124000416,149,161,-12
124000417,177,110,67
124000418,228,76,152
124000419,110,86,24
124000420,105,53,52
124000421,71,122,-51
124000422,22,20,2
124000423,158,44,114
124000424,0,55,-55
124000425,62,9,53
124000426,11,47,-36
124000427,52,5,47
124000428,8,53,-45
124000429,107,73,34
124000430,726,450,276
124000431,284,574,-290
124000432,251,718,-467
124000439,7,5,2
124000442,18,97,-79
124000443,0,10,-10
124000445,78,563,-485
124000446,628,76,552
124900001,466,397,69
124900002,233,274,-41
124900003,1161,492,669
124900004,675,342,333
124900005,237,153,84
124900006,741,256,485
124900008,1230,612,618
124900009,176,354,-178
124900010,272,145,127
124900011,759,258,501
124900012,471,94,377
124900013,502,121,381
124900014,365,55,310
124900015,237,446,-209
124900016,75,132,-57
124900017,576,1741,-1165
124900018,66,10,56
124900020,160,110,50
124900021,383,72,311
124900022,46,10,36
124900024,317,19,298
124900026,142,29,113
124900027,137,514,-377
124900028,597,136,461
124900029,16,570,-554
124900030,12,147,-135
124900031,55,324,-269
124900032,397,273,124
124900033,129,343,-214
124900034,17,171,-154
124900035,180,489,-309
124900036,1,101,-100
124900037,223,286,-63
124900038,316,201,115
124900039,6,273,-267
124900040,155,91,64
124900041,268,702,-434
124900042,186,6,180
124900043,386,718,-332
124900044,104,4,100
124900045,724,1126,-402
124900046,1116,243,873
124900047,87,173,-86
124900048,210,94,116
124900050,153,200,-47
124900052,82,472,-390
124900053,168,315,-147
124900054,1245,493,752
124900055,0,199,-199
124900057,10,43,-33
124900060,71,208,-137
124900061,128,13,115
124900062,227,19,208
124900066,1,17,-16
124900067,6,136,-130
124900068,222,653,-431
124900070,84,33,51
124900072,145,30,115
124900074,610,189,421
124900075,315,180,135
124900076,29,1272,-1243
124900077,49,119,-70
124900078,101,16,85
124900079,433,280,153
124900080,264,417,-153
124900081,897,219,678
124900082,324,514,-190
124900083,252,421,-169
124900084,1335,139,1196
124900085,789,513,276
124900086,78,1352,-1274
124900087,581,103,478
124900088,603,105,498
124900089,1064,32,1032
124900090,440,295,145
124900091,396,306,90
124900092,230,198,32
124900093,431,275,156
124900094,493,281,212
124900095,140,582,-442
124900096,598,348,250
124900097,463,105,358
124900098,216,254,-38
124900099,675,533,142
124900100,351,60,291
124900101,104,471,-367
124900102,309,28,281
124900103,127,192,-65
124900104,80,150,-70
124900105,136,84,52
124900106,552,66,486
124900107,211,21,190
124900108,146,95,51
124900109,94,118,-24
124900110,355,290,65
124900111,4,134,-130
124900112,83,547,-464
124900113,170,247,-77
124900114,144,160,-16
124900115,77,49,28
124900116,204,189,15
124900117,157,199,-42
124900118,111,217,-106
124900119,432,120,312
124900120,29,321,-292
124900121,105,338,-233
124900122,154,204,-50
124900123,223,98,125
124900124,131,207,-76
129000186,152,73,79
204000001,43,1,42
204000002,8,7,1
204000003,25,6,19
204000004,5,2,3
204000005,677,428,249
204000006,1300,1031,269
204000008,974,563,411
204000011,14,23,-9
204000012,69,64,5
204000013,3,28,-25
204000019,725,442,283
204000020,780,841,-61
204000021,2361,990,1371
204000022,615,475,140
204000023,503,571,-68
204000031,17,8,9
204000032,431,24,407
204000034,32,227,-195
204000035,3,4,-1
204000036,5,14,-9
204000037,0,6,-6
204000038,0,3,-3
204000039,0,14,-14
204000040,1,16,-15
204000041,6,29,-23
204000042,46,6,40
204000043,32,5,27
204000044,33,0,33
204000045,50,1,49
204000046,14,1,13
204000057,5,17,-12
204000062,9,9,0
204000068,29,239,-210
204000069,15,330,-315
204000070,83,73,10
204000080,70,44,26
204000085,1859,1328,531
204000086,1866,1658,208
204000087,39,8,31
204000088,8,84,-76
204000090,35,344,-309
204000093,446,43,403
204000096,904,892,12
204000097,588,10,578
204000099,1277,1334,-57
204000100,1597,1668,-71
204000105,1909,1121,788
204000110,779,1365,-586
204000111,464,758,-294
204000112,1225,2208,-983
204000113,500,1286,-786
204000114,842,852,-10
204000115,666,341,325
204000116,2728,1418,1310
204000119,2005,2487,-482
204000132,790,365,425
204000133,829,182,647
204000134,313,116,197
204000135,689,116,573
204000136,762,196,566
204000138,437,553,-116
204000140,237,119,118
204000141,166,67,99
204000144,14,38,-24
204000145,543,34,509
204000146,24,349,-325
204000147,22,136,-114
204000148,246,25,221
204000154,6,2,4
204000155,4,8,-4
204000177,72,58,14
204000179,14,5,9
204000180,1,32,-31
204000222,4,17,-13
204000235,16,22,-6
204000236,78,184,-106
204000238,35,17,18
204000240,364,72,292
204000263,401,753,-352
204000308,175,14,161
204000317,8,84,-76
204000322,6,60,-54
204000323,17,6,11
204000328,236,48,188
204000329,42,171,-129
204000330,168,14,154
204000331,34,98,-64
204010341,10,238,-228
205000001,642,1336,-694
205000013,5,75,-70
205000014,14,100,-86
205000015,24,150,-126
205000016,20,155,-135
205000017,21,102,-81
205000022,188,733,-545
205000025,1021,959,62
205000029,214,15,199
205000045,120,510,-390
205000047,90,623,-533
205000048,270,645,-375
205000049,169,692,-523
205000050,686,326,360
205000059,1,167,-166
205000060,1,80,-79
205000061,5,128,-123
205000062,1,113,-112
205000063,31,143,-112
205000064,23,90,-67
205000065,55,458,-403
205000066,104,473,-369
205000067,30,704,-674
205000069,211,17,194
205000082,171,110,61
205000110,92,228,-136
205000111,147,169,-22
205000112,171,215,-44
205000113,173,357,-184
205000121,256,25,231
205000123,27,188,-161
205000126,473,65,408
205000127,732,113,619
205000128,420,56,364
205000129,593,41,552
205000130,138,26,112
205000131,77,7,70
205000132,117,0,117
205000133,83,1,82
205000134,264,0,264
205000137,63,115,-52
205000138,155,245,-90
205000139,29,101,-72
205000144,85,67,18
205000145,412,125,287
205000151,179,26,153
205000152,169,16,153
205000153,273,29,244
205000154,149,37,112
205000155,107,15,92
205000207,6,163,-157
205000233,16,3,13
205000234,0,0,0
205000243,1,1,0
205000244,0,2,-2
205000245,9,118,-109
205000249,0,24,-24
205000250,14,1,13
205000251,140,433,-293
205000264,5,86,-81
206000027,9,9,0
206000028,3,3,0
206000043,7,56,-49
206000053,4,11,-7
206000054,1,17,-16
206000055,2,24,-22
206000075,14,37,-23
206000076,17,35,-18
206000077,30,10,20
206000078,11,5,6
206000079,20,7,13
206000082,456,59,397
206000100,28,527,-499
206000103,1,15,-14
206000104,9,10,-1
206000105,6,8,-2
206000106,4,16,-12
206000108,689,38,651
206000125,44,1,43
206000157,33,481,-448
206000170,0,156,-156
206000171,4,153,-149
206000172,4,367,-363
206000173,3,173,-170
206000174,16,68,-52
206000175,1,67,-66
206000176,16,139,-123
206000177,0,95,-95
206000178,4,192,-188
206000179,9,114,-105
206000180,8,96,-88
206000181,16,85,-69
206000182,8,90,-82
206000183,12,419,-407
206000184,2,253,-251
206000185,1,128,-127
206000186,85,639,-554
206000223,1,215,-214
206000226,24,2,22
206000227,23,6,17
206000237,28,257,-229
206000238,35,375,-340
206000239,227,1525,-1298
206000240,2,62,-60
206000241,0,74,-74
206000242,7,178,-171
206000243,11,123,-112
206000244,42,349,-307
206000245,903,64,839
206000246,280,12,268
206000247,257,9,248
206000248,502,13,489
206000252,64,45,19
206000258,30,57,-27
206000315,31,10,21
206000317,590,127,463
206000318,557,45,512
206000319,1740,73,1667
206000320,272,42,230
206000321,293,12,281
206000322,638,18,620
206000323,185,8,177
206000324,204,7,197
206000325,293,12,281
206000326,205,11,194
206000327,151,12,139
206000328,204,5,199
206000329,338,4,334
206000330,71,7,64
206000331,235,3,232
206000332,79,2,77
206000333,704,3,701
206000334,298,0,298
206000335,0,9,-9
206000361,4,161,-157
206000392,4,22,-18
206000405,136,0,136
206000441,27,15,12
206000498,31,0,31
206000515,108,38,70
206000530,346,52,294
206000531,283,233,50
206000532,2000,283,1717
206000535,219,1583,-1364
206000536,19,142,-123
206000537,21,125,-104
206000613,1865,272,1593
207000001,120,543,-423
207000002,111,298,-187
207000003,131,126,5
207000007,1021,228,793
207000008,131,5,126
207000009,39,57,-18
207000010,291,334,-43
207000012,433,198,235
207000015,206,997,-791
207000019,285,65,220
207000021,512,163,349
207000022,153,131,22
207000023,198,64,134
207000024,5,18,-13
207000025,27,77,-50
207000026,104,31,73
207000027,26,78,-52
207000028,52,138,-86
207000029,145,361,-216
207000033,211,412,-201
207000034,309,116,193
207000039,507,117,390
207000040,487,51,436
207000041,187,38,149
207000042,282,51,231
207000043,250,147,103
207000051,109,204,-95
207000052,16,109,-93
207000053,401,435,-34
207000054,51,80,-29
207000055,145,79,66
207000056,312,256,56
207000057,154,302,-148
207000058,200,267,-67
207000059,65,332,-267
207000060,56,155,-99
207000061,208,580,-372
207000062,265,42,223
207000063,331,90,241
207000064,519,186,333
207000065,390,224,166
207000066,215,164,51
207000067,85,74,11
207000068,125,61,64
207000069,797,308,489
207000082,7,188,-181
207000083,66,226,-160
207000084,257,218,39
207000085,238,15,223
207000086,209,12,197
207000106,48,26,22
207000107,76,17,59
207000108,91,18,73
207000109,58,17,41
207000110,80,85,-5
207000111,101,128,-27
207000112,196,828,-632
207000114,26,32,-6
207000115,20,68,-48
207000116,22,366,-344
207000117,19,92,-73
207000118,4,99,-95
207000119,43,80,-37
207000123,199,24,175
207000124,102,30,72
207000125,71,49,22
207000126,65,42,23
207000134,62,116,-54
207000135,33,187,-154
207000148,84,330,-246
207000149,78,32,46
207000152,116,349,-233
207000153,703,1248,-545
207000154,415,168,247
207000159,89,164,-75
207000160,107,295,-188
207000238,1,179,-178
207000242,8,119,-111
207000248,35,21,14
207000249,101,40,61
207000250,659,68,591
207000251,65,85,-20
207000252,58,49,9
207000278,107,85,22
207000279,24,112,-88
207000280,673,84,589
207000281,97,674,-577
207000282,158,103,55
207000283,66,141,-75
207000284,57,267,-210
207000285,123,64,59
207000291,21,111,-90
207000304,128,66,62
207000306,65,345,-280
207000310,113,80,33
207000353,248,4,244
207000356,16,65,-49
207000357,13,14,-1
207000358,5,24,-19
207000415,8,127,-119
207000417,44,0,44
207000418,0,26,-26
207000437,0,4,-4
207000439,844,760,84
207000446,159,5,154
207000460,49,5,44
207000466,167,156,11
207000467,148,58,90
207000468,30,142,-112
207000476,12,65,-53
207000477,644,45,599
207000523,0,14,-14
207000524,42,1,41
207000527,167,151,16
207000530,538,8,530
207000531,402,5,397
207000532,110,38,72
207000534,274,51,223
207000535,24,281,-257
207000537,18,106,-88
207000540,13,155,-142
207000541,4,275,-271
207000548,10,209,-199
207000549,592,21,571
207000561,153,213,-60
207000562,33,155,-122
207000567,170,229,-59
207000568,168,53,115
207000569,447,538,-91
207000584,240,202,38
207000585,88,365,-277
207000616,0,85,-85
207000617,137,0,137
207900008,306,90,216
208000001,508,1080,-572
208000002,558,550,8
208000003,1118,381,737
208000004,1242,764,478
208000005,5,31,-26
208000019,711,831,-120
208000020,206,438,-232
208000021,244,293,-49
208000022,1138,476,662
208000028,1527,1541,-14
208000033,686,547,139
208000034,1171,1229,-58
208000040,289,162,127
208000041,807,587,220
208000042,1457,606,851
208000047,118,186,-68
208000064,2312,1437,875
208000066,1680,2838,-1158
208000070,348,271,77
208000071,475,643,-168
208000072,338,895,-557
208000080,295,338,-43
208000081,330,105,225
208000082,258,227,31
208000083,126,316,-190
208000084,8,19,-11
208000085,935,567,368
208000086,396,986,-590
208000087,364,653,-289
208000089,985,304,681
208000090,1001,428,573
208000093,137,187,-50
208000094,469,368,101
208000095,633,403,230
208000104,1002,722,280
208000105,705,909,-204
208000114,98,448,-350
208000115,556,323,233
208000116,577,967,-390
208000117,79,147,-68
208000118,82,121,-39
208000155,597,1033,-436
208000158,1466,3603,-2137
208000186,3139,4160,-1021
208000204,719,985,-266
208000205,1223,886,337
208000282,4489,3047,1442
209000004,423,167,256
209000005,37,35,2
209000006,481,146,335
209000007,296,326,-30
209000010,419,124,295
209000011,187,240,-53
209000012,170,132,38
209000013,271,248,23
209000014,462,809,-347
209000025,365,51,314
209000026,669,72,597
209000027,324,683,-359
209000028,413,573,-160
209000029,539,626,-87
209000030,382,1087,-705
209000031,2013,1694,319
209000034,169,200,-31
209000035,139,166,-27
209000036,207,100,107
209000037,273,184,89
209000038,92,124,-32
209000039,89,99,-10
209000040,258,420,-162
209000041,139,372,-233
209000042,209,332,-123
209000043,540,703,-163
209000044,206,824,-618
209000045,1188,483,705
209000046,537,462,75
209000047,399,195,204
209000048,578,422,156
209000049,69,46,23
209000050,167,71,96
209000051,243,163,80
209000052,174,145,29
209000062,48,82,-34
209000063,48,50,-2
209000064,40,54,-14
209000065,118,36,82
209000066,84,29,55
209000067,117,48,69
209000080,23,165,-142
209000082,92,36,56
209000091,22,86,-64
209000093,39,37,2
209000094,118,176,-58
209000110,42,137,-95
209000111,779,1769,-990
209000112,1190,482,708
209000113,1923,494,1429
209000114,863,495,368
209000115,41,61,-20
209000116,289,272,17
209000118,25,41,-16
209000119,18,15,3
209000121,100,438,-338
209000135,53,174,-121
209000142,870,1893,-1023
209000143,65,81,-16
209000144,66,141,-75
209000229,260,154,106
209000240,56,250,-194
209000259,69,54,15
209000260,28,807,-779
209000261,8,601,-593
209000262,2,389,-387
209000263,0,109,-109
209000264,0,164,-164
209000265,463,1,462
209000266,132,0,132
209000267,2260,4,2256
209000268,700,57,643
210000037,55,16,39
210000047,75,18,57
210000048,116,20,96
210000049,50,14,36
210000052,75,82,-7
210000053,28,42,-14
210000054,35,57,-22
210000070,210,2,208
210000071,114,1,113
210000072,30,0,30
210000073,0,42,-42
210000074,1,110,-109
210000075,2,134,-132
210000076,20,199,-179
210000077,8,52,-44
210000078,30,43,-13
210000079,15,43,-28
210000080,115,119,-4
210000081,185,29,156
210000082,118,3,115
210000083,76,1,75
210000084,77,0,77
210000085,0,78,-78
210000086,1,119,-118
210000099,37,204,-167
210000100,70,141,-71
210000101,99,150,-51
210000105,28,174,-146
210000159,1,191,-190
210000163,128,214,-86
210000164,211,188,23
210000168,194,39,155
210000187,0,30,-30
210000188,1,27,-26
210000214,30,1,29
210000219,31,40,-9
210000220,82,38,44
210000232,4,14,-10
210000233,29,32,-3
210000234,37,100,-63
210000235,72,59,13
210000245,2,55,-53
210000246,31,1,30
210000258,19,94,-75
210000259,403,76,327
210000282,87,237,-150
210000285,2,163,-161
210000286,29,193,-164
210000290,0,2,-2
210000295,30,110,-80
210000296,36,30,6
210000320,221,53,168
210000321,115,40,75
210000338,38,77,-39
210000339,378,1064,-686
210000340,96,345,-249
210000341,182,219,-37
210000342,182,187,-5
210000343,157,160,-3
210000344,137,123,14
210000345,147,204,-57
210000346,92,131,-39
210000347,42,47,-5
210000348,135,40,95
210000349,45,23,22
210000350,103,33,70
210000351,133,90,43
210000352,85,63,22
210000353,62,96,-34
210000354,98,79,19
210000355,52,66,-14
210000356,30,108,-78
210000357,67,96,-29
210000358,289,153,136
210000359,126,124,2
210000360,181,142,39
210000361,212,152,60
210000362,267,192,75
210000363,738,250,488
210000364,132,164,-32
210000365,203,83,120
210000366,151,63,88
210000367,126,31,95
210000368,177,42,135
210000369,23,38,-15
210000370,55,23,32
210000372,30,31,-1
210000373,32,15,17
210000374,52,56,-4
210000375,25,55,-30
210000376,57,77,-20
210000404,53,84,-31
210000439,14,30,-16
210000472,86,3,83
210000482,69,103,-34
210000564,349,322,27
210000567,0,4,-4
210000568,274,2,272
211000092,45,41,4
211000094,26,6,20
211000169,201,16,185
211000172,9,145,-136
211000209,2,32,-30
211000226,0,4,-4
211000270,2,1,1
211000275,23,25,-2
211000276,124,30,94
211000279,14,21,-7
211000281,84,29,55
211507980,1,52,-51
211977296,38,3,35
212000003,134,36,98
212000004,29,22,7
212000005,6,29,-23
212000006,29,40,-11
212000008,189,119,70
212000009,24,88,-64
212000012,68,106,-38
212000013,32,55,-23
212000014,284,131,153
212000015,279,224,55
212000016,515,568,-53
212000027,592,443,149
212000028,362,379,-17
212000029,248,219,29
212000030,47,19,28
212000031,68,43,25
212000048,64,237,-173
212000049,19,150,-131
212000050,35,14,21
212000051,227,181,46
212000052,210,209,1
212000053,346,447,-101
212000054,311,91,220
212000055,282,190,92
212000056,28,41,-13
212000057,11,27,-16
212000058,295,107,188
212000070,137,186,-49
212000077,109,383,-274
212000099,294,241,53
212000108,184,172,12
212000111,196,89,107
212000120,96,50,46
212000138,134,22,112
212000156,5,80,-75
212000158,15,35,-20
212000159,513,38,475
212000160,734,225,509
212000161,71,10,61
212000310,66,19,47
212000311,27,57,-30
212000374,41,9,32
213000001,35,371,-336
213000005,595,143,452
213000006,1138,304,834
213000007,103,9,94
213000009,741,484,257
213000010,242,235,7
213000011,201,105,96
213000012,120,237,-117
213000014,83,10,73
213000015,307,6,301
213000016,455,1,454
213000017,73,0,73
213000018,0,115,-115
213000019,2,140,-138
213000020,148,312,-164
213000021,4,116,-112
213000023,471,223,248
213000033,352,1589,-1237
213000034,846,248,598
213000035,134,188,-54
213000045,176,259,-83
213000046,228,153,75
213000047,543,1340,-797
213000056,115,33,82
213000069,118,6,112
213000073,1,54,-53
213000074,67,328,-261
213000075,577,12,565
213000085,15,37,-22
213000086,18,134,-116
213000091,256,20,236
213000092,84,13,71
213000099,121,1085,-964
213000100,1057,269,788
213000101,467,100,367
213000102,515,251,264
213000103,889,721,168
213000104,40,396,-356
213000105,4,142,-138
213000106,25,99,-74
213000107,118,396,-278
213000108,46,401,-355
213000109,15,189,-174
213000110,17,69,-52
213000111,8,118,-110
213000112,130,122,8
213000115,63,9,54
213000116,34,335,-301
213000117,8,537,-529
213000118,502,270,232
213000119,47,521,-474
213000120,104,375,-271
213000122,135,476,-341
213000123,277,969,-692
213000124,152,1386,-1234
213000125,169,49,120
213000126,66,176,-110
213000127,124,297,-173
213000128,406,1123,-717
213000129,378,709,-331
213000130,750,274,476
213000132,468,111,357
213000133,665,108,557
213000134,917,31,886
213000136,612,23,589
213000137,752,63,689
213000139,137,19,118
213000147,66,9,57
213000148,42,7,35
213000149,45,4,41
213000150,0,170,-170
213000151,4,111,-107
213000152,1,96,-95
213000153,11,142,-131
213000154,68,381,-313
213000155,61,232,-171
213000156,133,394,-261
213000157,749,390,359
213000158,414,938,-524
213000159,801,470,331
213000163,1086,99,987
213000165,1145,348,797
213000171,0,66,-66
213000172,2,209,-207
213000173,3,157,-154
213000174,2,141,-139
213000175,13,104,-91
213000176,139,39,100
213000177,181,3,178
213000178,196,5,191
213000179,254,5,249
213000180,238,0,238
213000184,107,510,-403
213000188,511,114,397
213000189,454,58,396
213000190,901,693,208
213000191,417,315,102
213000192,285,258,27
213000193,596,254,342
213000194,5,79,-74
213000195,31,322,-291
213000196,314,1211,-897
213000197,566,522,44
213000198,82,6,76
213000200,148,745,-597
213000201,42,69,-27
213000202,24,396,-372
213000203,3194,645,2549
213000204,766,89,677
213000205,545,68,477
213000206,480,65,415
213000207,161,11,150
213000208,72,5,67
213000209,195,14,181
213000210,407,3,404
213000211,3,30,-27
213000212,18,37,-19
213000213,12,65,-53
213000218,245,486,-241
213000219,655,17,638
213000220,513,15,498
213000223,206,171,35
213000224,63,62,1
213000225,157,14,143
213000226,98,13,85
213000227,995,188,807
213000228,364,94,270
213000229,213,12,201
213000230,377,24,353
213000232,57,843,-786
213000233,18,641,-623
213000234,3,66,-63
213000293,13,68,-55
213000294,156,23,133
213000295,4,98,-94
213000296,63,22,41
213000297,2,83,-81
213000298,14,63,-49
213000299,65,19,46
213000300,18,7,11
213000303,2,25,-23
213000304,5,23,-18
213000305,4,7,-3
213000306,47,30,17
213000307,91,52,39
213000308,95,196,-101
213000309,176,57,119
213000310,478,256,222
213000311,202,694,-492
213000315,87,95,-8
213000316,211,42,169
213000322,115,115,0
213000323,120,72,48
213000324,135,77,58
213000325,78,81,-3
213000326,101,74,27
213000327,110,70,40
213000328,123,143,-20
213000329,157,39,118
213000340,107,437,-330
213000341,511,84,427
213000347,533,434,99
213000348,12,147,-135
213000349,53,8,45
213000350,275,915,-640
213000366,54,265,-211
213000367,283,29,254
213000379,132,45,87
213000386,17,311,-294
213000406,92,357,-265
213000417,1445,519,926
213000425,289,70,219
213000426,182,57,125
213000427,63,219,-156
213000428,48,131,-83
213000429,9,5,4
213000430,121,504,-383
213000431,62,0,62
213000432,3,63,-60
213000433,38,122,-84
213000434,104,91,13
213000435,174,99,75
213000436,53,43,10
213000437,4,36,-32
213000438,223,96,127
213000439,41,7,34
213000440,23,257,-234
213000441,2,2,0
213000442,3,41,-38
213000443,434,455,-21
213000444,65,48,17
213000445,0,74,-74
213000446,0,53,-53
213000447,0,43,-43
213000448,11,160,-149
213000449,384,9,375
213000450,16,28,-12
213000451,309,88,221
213000452,27,42,-15
213000453,31,209,-178
213000455,528,11,517
213000456,1,428,-427
213000481,7,3,4
213000484,23,0,23
213000489,259,59,200
213900002,0,118,-118
213900003,218,6,212
213900013,1,167,-166
213900015,0,11,-11
213900016,15,14,1
213900020,10,68,-58
213900030,0,93,-93
213900032,227,142,85
213900033,133,54,79
213900034,615,99,516
213900035,235,355,-120
213900036,107,106,1
213900037,38,250,-212
213900038,484,141,343
213900039,1,62,-61
213900041,5,210,-205
213900042,345,274,71
213900043,339,112,227
213900244,51,0,51
213900245,0,22,-22
218000003,20,15,5
218000004,44,35,9
218000005,56,44,12
218000006,49,31,18
218000007,31,14,17
218000012,148,115,33
218000013,133,168,-35
218000014,378,349,29
218000019,627,487,140
218000020,244,354,-110
218000021,28,46,-18
218000022,8,17,-9
218000023,3,9,-6
218000024,1,4,-3
218000025,9,14,-5
218000026,8,22,-14
218000027,4,10,-6
218000028,2,4,-2
218000029,6,5,1
218000030,24,30,-6
218000031,13,20,-7
218000032,5,15,-10
218000040,6,3,3
218000046,59,87,-28
218000047,11,110,-99
218000048,66,87,-21
218000049,107,104,3
218000050,374,245,129
218000051,65,214,-149
218000052,0,84,-84
218000053,3,7,-4
218000054,14,54,-40
218000055,7,27,-20
218000056,27,44,-17
218000057,5,42,-37
218000064,3,17,-14
218000065,93,24,69
218000066,9,26,-17
218000067,45,54,-9
218000068,149,77,72
218000069,226,109,117
218000070,185,189,-4
218000071,174,172,2
218000072,283,172,111
218000078,948,680,268
218000079,137,64,73
218000080,161,63,98
218000081,493,208,285
218000082,50,106,-56
218000083,118,47,71
218000084,184,111,73
218000085,196,310,-114
218000086,85,126,-41
218000087,230,144,86
218000090,19,108,-89
218000091,1016,439,577
218000092,87,95,-8
218000093,93,63,30
218000094,441,438,3
218000099,344,672,-328
218000100,305,242,63
218000101,288,152,136
218000102,496,204,292
218000103,121,171,-50
218000104,92,58,34
218000105,32,18,14
218000106,16,12,4
218000107,54,47,7
218000108,10,42,-32
218000112,64,44,20
218000117,105,51,54
218000134,608,498,110
218000135,21,84,-63
218000136,256,111,145
218000137,261,149,112
218000138,57,97,-40
218000139,204,279,-75
218000140,559,216,343
218000141,95,65,30
218000142,185,162,23
218000143,115,416,-301
218000144,50,114,-64
218000145,435,321,114
218000146,101,154,-53
218000151,12,33,-21
218000152,193,64,129
218000153,14,6,8
218000154,32,6,26
218000155,29,1,28
218000156,73,18,55
218000157,47,21,26
218000158,29,10,19
218000159,4,7,-3
218000160,3,8,-5
218000161,43,8,35
218000162,48,5,43
218000163,9,2,7
218000164,74,5,69
218000165,63,34,29
218000170,8,41,-33
218000171,73,17,56
218000172,20,17,3
218000173,88,19,69
218000174,40,15,25
218000176,266,33,233
218000177,520,254,266
218000178,114,246,-132
218000179,126,72,54
218000180,150,30,120
218000181,209,42,167
218000187,12,38,-26
218000188,30,44,-14
218000189,32,74,-42
218000190,24,24,0
218000191,156,57,99
218000192,227,213,14
218000193,483,294,189
218000194,108,277,-169
218000195,135,45,90
218000196,430,227,203
218000197,468,266,202
218000198,30,83,-53
218000199,69,21,48
218000200,109,20,89
218000201,19,6,13
218000202,69,298,-229
218000207,8,23,-15
218000208,51,28,23
218000211,35,40,-5
218000212,2,9,-7
218000213,87,112,-25
218000214,11,45,-34
218000215,33,53,-20
218000217,10,81,-71
218000218,197,59,138
218000219,28,24,4
218000220,71,370,-299
218000221,573,159,414
218000222,7,34,-27
218000223,37,546,-509
218000224,14,265,-251
218000225,222,16,206
218000226,126,89,37
218000230,0,8,-8
218000232,49,55,-6
218000239,133,11,122
218000240,31,3,28
218000241,58,1,57
218000242,76,5,71
218000243,49,5,44
218000244,57,5,52
218000245,44,3,41
218000246,0,3,-3
218000247,1,1,0
218000248,0,28,-28
218000249,0,5,-5
218000250,2,17,-15
218000251,5,15,-10
218000252,3,36,-33
218000253,1,49,-48
218000254,0,49,-49
218000255,5,25,-20
218000256,6,53,-47
218000267,348,782,-434
218000268,8,38,-30
218000269,4,7,-3
218000270,26,31,-5
218000271,5,33,-28
218000273,37,5,32
218000274,12,2,10
218000275,31,55,-24
218000276,14,49,-35
218000278,10,21,-11
218000279,45,17,28
218000280,4,8,-4
218000281,10,9,1
218000282,321,408,-87
218000284,60,5,55
218000301,115,143,-28
218000302,137,49,88
218000303,29,42,-13
218000316,678,811,-133
218000317,1352,837,515
218000318,891,623,268
218000319,1131,852,279
218000320,1062,650,412
218000338,54,25,29
218000345,106,71,35
218000346,41,197,-156
218000459,25,236,-211
218000490,31,53,-22
218000501,105,60,45
218000502,72,47,25
218000503,81,21,60
218000504,133,26,107
218000505,57,112,-55
218000506,31,161,-130
218000508,5,4,1
218000510,148,7,141
218000520,125,75,50
218000521,5,33,-28
218000522,2,85,-83
218000523,147,3,144
218000524,44,249,-205
218000525,126,9,117
218000526,28,190,-162
218000529,14,101,-87
218000530,19,6,13
218000531,31,21,10
218000532,36,10,26
218000534,126,8,118
218000537,19,46,-27
218000538,180,390,-210
218000540,280,117,163
218000543,139,53,86
218000544,36,62,-26
218000545,76,66,10
218000546,48,43,5
218000547,103,168,-65
218000548,209,104,105
218000549,535,522,13
218000550,216,263,-47
218000551,106,812,-706
218000552,316,48,268
218000553,33,82,-49
218000554,19,33,-14
218000555,30,51,-21
218000556,126,168,-42
218000557,264,109,155
218000558,84,29,55
218000559,0,61,-61
218000560,0,30,-30
218000561,15,0,15
218000562,20,149,-129
218000563,259,43,216
218000564,14,167,-153
218000565,171,32,139
218000566,515,39,476
218000567,3,102,-99
218000568,61,6,55
218000569,12,188,-176
218000570,134,20,114
218000571,1,113,-112
218000572,126,1,125
218000573,14,164,-150
218000574,159,33,126
218000575,129,0,129
218000576,2,78,-76
218000577,154,4,150
218000578,1,65,-64
218000579,65,25,40
218000581,4,33,-29
218000582,52,1,51
218000583,14,1,13
218000584,0,19,-19
218000585,70,9,61
218000586,21,40,-19
218000587,5,1,4
218000588,12,6,6
218000589,1,7,-6
218000590,5,1,4
218000591,4,6,-2
218000592,31,0,31
218000593,0,1,-1
218000594,5,2,3
218000595,0,0,0
218000596,0,0,0
218000597,0,0,0
218000598,9,2,7
218000599,5,0,5
218000600,7,1,6
218000601,0,0,0
218000602,0,11,-11
218000603,0,7,-7
218000604,8,0,8
218000605,0,44,-44
218000606,93,2,91
218000607,14,28,-14
218000608,53,16,37
218000609,2,33,-31
218000610,90,10,80
218000611,19,2,17
218000612,6,15,-9
218000613,43,2,41
218000614,1,46,-45
218000615,160,1,159
218000616,3,92,-89
218000617,38,0,38
218000618,0,22,-22
218000619,27,20,7
218000620,14,30,-16
218000621,1,6,-5
218000622,2,16,-14
218000623,54,0,54
218000624,0,13,-13
218000625,6,1,5
218000626,0,8,-8
218000628,154,45,109
218000631,24,9,15
218000632,4,110,-106
218000633,164,3,161
218000634,4,10,-6
218000635,9,11,-2
218000636,979,814,165
218000637,1086,440,646
218000638,273,23,250
218000639,27,169,-142
218000640,381,53,328
218000641,79,337,-258
218000652,46,61,-15
218000653,192,84,108
218000663,4,87,-83
218000675,61,42,19
218000676,4,19,-15
218000677,7,9,-2
218000680,130,318,-188
218000681,344,87,257
218000691,127,150,-23
218000693,260,70,190
218000703,1,21,-20
218000718,284,917,-633
218000719,528,507,21
218000720,17,280,-263
218000721,181,19,162
218000725,11,6,5
218001214,16,155,-139
218001329,50,70,-20
218001330,31,27,4
218001351,12,6,6
218001352,14,20,-6
218001353,3,7,-4
218001354,1,10,-9
219000001,67,47,20
219000002,36,45,-9
219000003,87,40,47
219000004,59,44,15
219000017,89,56,33
219000020,125,59,66
219000022,124,5,119
219000023,130,2,128
219000029,1,63,-62
219000034,33,29,4
219000039,44,141,-97
219000040,61,132,-71
219000041,95,19,76
219000051,0,29,-29
219000052,0,20,-20
219000053,3,52,-49
219000054,392,312,80
219000055,187,3,184
219000056,12,1,11
219000057,113,8,105
219000062,12,73,-61
219000063,68,4,64
219000064,0,51,-51
219000110,338,104,234
219000111,97,40,57
219000112,197,45,152
219000113,172,38,134
219000114,189,88,101
219000116,84,49,35
219000117,169,40,129
219000118,114,39,75
219000123,170,73,97
219000124,69,56,13
219000125,14,16,-2
219000126,64,112,-48
219000127,0,21,-21
219000128,11,116,-105
219000129,16,107,-91
219000130,367,448,-81
219000131,515,855,-340
219000133,36,42,-6
219000134,10,26,-16
219000135,32,57,-25
219000136,94,150,-56
219000138,80,31,49
219000139,43,35,8
219000140,77,1,76
219000141,16,88,-72
219000142,17,64,-47
219000143,8,90,-82
219000145,26,40,-14
219000146,4,9,-5
219000147,14,26,-12
219000148,3,29,-26
219000149,12,64,-52
219000150,2,51,-49
219000151,2,22,-20
219000157,251,109,142
219000158,226,198,28
219000161,117,3,114
219000163,1100,505,595
219000166,99,176,-77
219000167,133,138,-5
219000168,228,100,128
219000174,398,160,238
219000175,114,4,110
219000176,117,4,113
219000177,43,4,39
219000178,64,1,63
219000179,26,5,21
219000180,31,45,-14
219000182,119,10,109
219000183,70,13,57
219000184,116,12,104
219000185,1,41,-40
219000186,77,39,38
219000187,38,98,-60
219000189,52,168,-116
219000190,76,186,-110
219000191,590,1442,-852
219000192,178,153,25
219000193,152,113,39
219000195,2,46,-44
219000196,9,86,-77
219000198,12,98,-86
219000199,53,210,-157
219000200,23,118,-95
219000201,60,137,-77
219000203,23,110,-87
219000204,46,375,-329
219000205,23,192,-169
219000207,119,244,-125
219000209,34,65,-31
219000210,13,54,-41
219000213,5,117,-112
219000239,157,160,-3
219000240,176,327,-151
219000241,122,127,-5
219000242,60,85,-25
219000243,51,181,-130
219000244,17,86,-69
219000245,33,39,-6
219000246,63,22,41
219000247,147,48,99
219000248,426,463,-37
219000249,133,95,38
219000250,174,97,77
219000251,571,272,299
219000252,198,140,58
219000253,474,97,377
219000255,107,128,-21
219000256,216,60,156
219000257,124,0,124
219000262,86,105,-19
219000263,64,127,-63
219000267,1,40,-39
219000268,2,7,-5
219000269,3,3,0
219000270,5,1,4
219000271,116,2,114
219000278,0,3,-3
219000279,0,1,-1
219000283,0,6,-6
219000295,19,72,-53
219000296,78,317,-239
219000297,12,98,-86
219000298,18,81,-63
219000299,387,69,318
219000300,30,138,-108
219000301,253,286,-33
219000302,38,273,-235
219000307,60,32,28
219000308,46,49,-3
219000311,221,49,172
219000312,637,146,491
219000313,300,68,232
219000314,46,267,-221
219000315,346,35,311
219000316,554,63,491
219000317,107,9,98
219000320,1,53,-52
219000321,2,41,-39
219000323,1,59,-58
219000325,1,20,-19
219000326,123,53,70
219000327,59,34,25
219000328,56,48,8
219000329,253,119,134
219000330,36,21,15
219000331,60,44,16
219000332,117,70,47
219000333,21,4,17
219000335,67,0,67
219000337,29,0,29
219000338,59,0,59
219000344,17,67,-50
219000345,55,81,-26
219000346,20,88,-68
219000348,182,93,89
219000349,27,111,-84
219000350,47,345,-298
219000351,8,7,1
219000352,288,131,157
219000353,113,77,36
219000354,226,55,171
219000355,144,37,107
219000356,1021,1256,-235
219000363,169,47,122
219000364,95,46,49
219000365,134,9,125
219000366,208,302,-94
219000368,327,533,-206
219000370,1023,558,465
219000371,10,31,-21
219000382,13,24,-11
219000383,531,1165,-634
219000385,382,575,-193
219000386,634,1463,-829
219000387,2,9,-7
219000390,3,1,2
219000391,4,0,4
219000397,59,53,6
219000398,57,68,-11
219000401,5,57,-52
219000402,17,56,-39
219000403,202,291,-89
219000404,19,126,-107
219000407,1,49,-48
219000409,64,40,24
219000410,112,48,64
219000411,75,15,60
219000446,109,379,-270
219000447,2,17,-15
219000448,17,14,3
219000452,169,77,92
219000453,64,167,-103
219000454,226,285,-59
219000556,219,54,165
219000558,144,106,38
219000590,27,143,-116
219000591,102,68,34
219000592,69,356,-287
219000595,1,19,-18
219000635,225,72,153
219000636,32,74,-42
219000657,27,35,-8
219000658,45,175,-130
219000673,0,62,-62
219000676,38,10,28
219000679,45,11,34
219000684,123,1,122
219000685,2,19,-17
219000686,0,10,-10
219000688,1,47,-46
219000689,14,176,-162
219000690,162,14,148
219000691,26,187,-161
219000692,189,24,165
219000693,0,19,-19
219000694,16,0,16
219000695,44,2,42
219000698,22,0,22
219000699,0,27,-27
219000727,1,90,-89
219000728,79,4,75
219000770,95,1,94
219000771,8,29,-21
219001150,2,20,-18
219001151,1,8,-7
219001166,5,18,-13
219001167,2,57,-55
220000001,39,66,-27
220000002,8,77,-69
220000003,342,175,167
220000004,425,432,-7
220000005,1068,1430,-362
220000006,172,696,-524
220000007,367,375,-8
220000008,253,611,-358
220000009,273,296,-23
220000010,134,91,43
220000011,369,2907,-2538
220000012,103,333,-230
220000014,109,47,62
220000015,47,167,-120
220000017,75,267,-192
220000018,4813,1626,3187
220000019,107,325,-218
220000020,362,256,106
220000021,767,178,589
220000022,891,380,511
220000023,362,167,195
220000024,1760,400,1360
220000025,980,1104,-124
220000026,269,515,-246
220000027,27,124,-97
220000028,50,47,3
220000029,41,109,-68
220000030,60,58,2
220000031,466,473,-7
220000064,12,816,-804
221000046,11,0,11
221000047,0,4,-4
221000048,0,0,0
221000049,0,10,-10
221000050,26,0,26
221000055,34,39,-5
221000057,52,9,43
221000068,370,96,274
221000069,382,63,319
221000070,233,21,212
221000071,132,5,127
221000072,224,8,216
221000073,186,36,150
221000074,0,13,-13
221000075,10,17,-7
221000076,8,30,-22
221000077,17,92,-75
221000081,18,8,10
221000082,69,7,62
221000083,24,7,17
221000084,3,3,0
221000085,16,43,-27
221000086,10,58,-48
221000087,7,98,-91
221000088,16,135,-119
221000089,29,222,-193
221000090,88,449,-361
221000098,105,6,99
221000099,141,15,126
221000100,73,11,62
221000101,168,21,147
221000102,127,14,113
221000109,2,86,-84
221000110,14,77,-63
221000111,20,129,-109
221000112,8,100,-92
221000113,18,127,-109
221000114,9,114,-105
221000120,84,37,47
221000121,12,33,-21
221000122,89,42,47
221000123,5,8,-3
221000124,37,127,-90
221000155,138,9,129
221000156,19,22,-3
221000175,0,2,-2
221000176,3,1,2
221000182,42,10,32
221000241,444,294,150
221000242,172,328,-156
221000243,381,196,185
221000244,229,352,-123
221000245,71,85,-14
221000246,44,191,-147
221000247,112,86,26
221000248,96,88,8
221000267,39,546,-507
221000325,79,67,12
221000331,12,65,-53
221000338,11,18,-7
221000378,236,26,210
221000381,34,31,3
222000282,8,1,7
222000296,4,22,-18
222000568,331,19,312
222000569,211,52,159
222000570,156,28,128
222000571,390,23,367
222000577,15,114,-99
222000578,41,140,-99
222000579,26,116,-90
222000580,65,760,-695
222000599,0,121,-121
222000600,1,181,-180
222000601,8,739,-731
222000603,21,41,-20
222000604,2,30,-28
222000605,15,20,-5
222000606,3,13,-10
222000607,2,20,-18
222000608,26,19,7
222000609,51,90,-39
222000616,418,51,367
222000617,10,15,-5
222000618,21,7,14
222000620,17,10,7
222000621,42,21,21
222000623,707,10,697
222000624,395,2,393
222000625,672,80,592
222000636,67,4,63
222000686,29,8,21
222000687,39,20,19
222001066,304,3,301
222001067,17,3,14
222001068,58,16,42
222001069,31,22,9
222001082,21,36,-15
222001083,36,43,-7
222001084,0,24,-24
222001085,0,217,-217
222001111,68,105,-37
222001112,135,33,102
222001313,36,13,23
222001314,6,105,-99
222001464,56,34,22
222001465,15,60,-45
222001484,146,83,63
222001485,21,29,-8
222001494,565,97,468
222001495,125,212,-87
222001496,350,78,272
222001497,88,290,-202
222001502,22,68,-46
222001503,119,41,78
222001504,30,280,-250
222001505,287,17,270
222001506,42,365,-323
222001507,277,25,252
222001510,544,48,496
222001511,68,308,-240
222001514,713,235,478
222001515,188,493,-305
222001518,346,76,270
222001519,42,182,-140
222001527,248,41,207
222001528,66,151,-85
222001529,311,25,286
222001530,70,183,-113
222001533,147,220,-73
222001534,340,27,313
222001535,205,221,-16
222001536,73,173,-100
222001537,284,68,216
222001538,83,441,-358
222001563,828,110,718
222001564,98,327,-229
222001568,331,149,182
222001576,2,4,-2
222001579,0,5,-5
222001583,20,169,-149
222001584,108,9,99
222001596,743,1158,-415
222001597,2916,442,2474
222001626,1,129,-128
222001650,102,166,-64
222001651,118,374,-256
222001914,218,55,163
222001915,39,190,-151
222900004,484,259,225
222900009,314,483,-169
222900019,156,159,-3
222900024,27,10,17
222900025,4,24,-20
225000001,362,122,240
225000002,525,147,378
225000003,616,108,508
225000004,467,185,282
225000005,256,81,175
225000006,0,193,-193
225000007,1103,948,155
225000010,294,22,272
225000011,303,896,-593
225000012,231,490,-259
225000013,90,94,-4
225000014,694,96,598
225000015,68,116,-48
225000021,838,152,686
225000027,169,361,-192
225000032,689,80,609
225000042,56,447,-391
225000049,61,59,2
225000050,140,14,126
225000053,6,290,-284
225000058,570,164,406
225000067,186,420,-234
225000068,100,198,-98
225000069,125,374,-249
225000070,96,333,-237
225000071,36,107,-71
225000075,23,468,-445
225000076,33,103,-70
225000078,83,50,33
225000085,78,105,-27
225000086,255,56,199
225000087,182,23,159
225000088,4,166,-162
225000089,142,862,-720
225000090,43,394,-351
225000091,164,126,38
225000092,47,95,-48
225000093,205,243,-38
225000094,11,193,-182
225000095,242,276,-34
225000096,216,355,-139
225000098,788,264,524
225000099,316,137,179
225000100,335,105,230
225000104,83,269,-186
225000110,18,348,-330
225000111,159,804,-645
225000112,172,875,-703
225000113,149,601,-452
225000114,61,215,-154
225000115,1156,520,636
225000116,794,172,622
225000117,693,226,467
225000118,1028,195,833
225000119,249,70,179
225000120,718,35,683
225000121,160,20,140
225000123,462,30,432
225000125,453,101,352
225000126,596,108,488
225000127,625,1051,-426
225000128,450,683,-233
225000132,312,25,287
225000133,253,28,225
225000134,677,148,529
225000135,62,9,53
225000136,295,24,271
225000137,203,56,147
225000138,374,91,283
225000143,52,152,-100
225000144,11,256,-245
225000145,149,85,64
225000146,44,104,-60
225000147,19,161,-142
225000148,11,155,-144
225000149,27,373,-346
225000151,34,146,-112
225000155,293,288,5
225000156,114,690,-576
225000157,257,263,-6
225000158,66,196,-130
225000171,9,147,-138
225000180,32,0,32
225000181,0,56,-56
225000182,55,3,52
225000185,8,260,-252
225000187,30,273,-243
225000191,94,2,92
225000194,0,6,-6
225000208,1,51,-50
225000209,86,26,60
225000210,2,264,-262
225000217,0,21,-21
225000218,9,3,6
225000223,0,20,-20
225000224,48,0,48
225000225,2,12,-10
225000226,41,2,39
225000227,12,43,-31
225000228,14,9,5
225000229,0,56,-56
225000230,30,0,30
225000231,1,37,-36
225000232,169,0,169
225000241,82,1,81
225000242,1,30,-29
225000249,5,1,4
225000250,42,483,-441
225000251,390,34,356
225000254,1,10,-9
225000256,0,20,-20
225000257,0,19,-19
226000042,213,349,-136
226000043,59,236,-177
226000044,125,335,-210
226000045,49,232,-183
226000046,445,62,383
226000047,369,70,299
226000048,375,70,305
226000049,249,144,105
226000070,0,24,-24
226000071,0,62,-62
226000072,0,13,-13
226000073,0,9,-9
226000074,0,6,-6
226000084,11,45,-34
226000085,1,8,-7
226000086,9,9,0
226000087,0,12,-12
226000088,40,59,-19
226000090,164,100,64
226000091,14,82,-68
226000092,2,28,-26
226000093,28,4,24
226000094,4,2,2
226000095,12,1,11
226000105,21,1,20
226000106,9,0,9
226000107,10,0,10
226000108,19,2,17
226000109,100,1,99
226000124,160,60,100
226000134,700,535,165
226000135,1533,513,1020
226000136,651,352,299
226000137,6,271,-265
226000138,18,125,-107
226000139,0,38,-38
226000156,188,2,186
226000157,168,5,163
226000163,98,179,-81
226000202,16,186,-170
226000231,342,11,331
226000232,20,11,9
227000033,295,33,262
227000036,331,29,302
227000037,256,29,227
227000038,153,35,118
227000084,1,51,-50
227000085,1,29,-28
227000088,32,2,30
227000089,123,2,121
227000090,32,0,32
227000091,19,0,19
227000092,25,2,23
227000093,115,1,114
227000094,13,0,13
227000130,18,48,-30
227000131,9,116,-107
227000132,4,136,-132
227000133,14,130,-116
227000134,16,191,-175
227000152,0,2,-2
227000153,0,44,-44
227000154,1,21,-20
227000155,2,15,-13
227000156,0,6,-6
227000165,4,34,-30
227000196,390,206,184
227000199,368,320,48
227000230,17,320,-303
227000232,398,17,381
227000242,49,286,-237
227000243,398,61,337
227000245,11,273,-262
227000246,89,318,-229
227000247,418,53,365
227000248,105,20,85
227000249,21,76,-55
227000250,372,150,222
227000251,65,136,-71
227000252,23,203,-180
227000253,174,13,161
227000262,368,40,328
227000266,1147,19,1128
227000267,30,1137,-1107
227000282,3,111,-108
227000284,434,15,419
227000286,4,59,-55
227000291,12,362,-350
227000296,132,285,-153
227000484,202,17,185
227000485,12,697,-685
227000655,184,4,180
227000656,494,33,461
227000657,90,12,78
227000704,98,7,91
229000265,9,6,3
229000266,3,1,2
229000267,13,1,12
229000268,14,0,14
229000269,17,0,17
229000274,0,19,-19
229000275,2,26,-24
229000276,1,15,-14
229000277,0,5,-5
229000278,1,3,-2
229000295,9,26,-17
229000296,4,11,-7
229000297,6,45,-39
229000298,10,110,-100
229000320,19,11,8
229000321,20,5,15
229000412,16,60,-44
229000414,12,60,-48
229000415,43,5,38
229000416,3,13,-10
229000417,0,12,-12
229000419,107,304,-197
229000440,446,88,358
229000442,23,19,4
229000443,1,4,-3
229000444,5,30,-25
229000445,58,8,50
229000446,71,13,58
229000491,2,13,-11
229000492,10,72,-62
229000493,5,59,-54
229000494,35,1,34
229000495,130,3,127
229000496,60,6,54
229000507,0,66,-66
229000508,0,26,-26
229000509,0,58,-58
229000510,2,30,-28
229000511,2,45,-43
229000512,0,32,-32
229000513,0,18,-18
229000514,0,0,0
229000517,2,7,-5
229000518,4,11,-7
229000519,2,8,-6
229000520,12,29,-17
229000521,62,10,52
229000522,9,9,0
229000523,18,5,13
229000524,11,2,9
229000527,23,0,23
229000528,1,0,1
229000529,12,0,12
229000530,77,1,76
229000531,37,1,36
229000532,23,0,23
229000533,66,2,64
229000534,56,2,54
229000564,82,1,81
229000565,18,0,18
229000566,0,6,-6
229000567,0,19,-19
229000582,73,3,70
229000583,5,4,1
229000584,0,32,-32
229000585,2,73,-71
229000718,0,5,-5
229000719,0,3,-3
229000720,0,3,-3
229000721,0,7,-7
229000722,0,8,-8
229000723,0,9,-9
229000724,0,1,-1
229000725,0,1,-1
229000738,2,0,2
229000739,0,0,0
229000740,3,0,3
229000741,23,0,23
229000742,6,0,6
229000743,17,0,17
229000744,4,0,4
229000745,3,0,3
229000746,21,0,21
229000847,42,0,42
229000848,22,0,22
229000849,79,2,77
229000851,33,0,33
229000854,0,24,-24
229000856,1,67,-66
229000857,1,34,-33
229000858,0,34,-34
229000919,9,67,-58
229000930,2,207,-205
229000937,96,18,78
229000966,67,29,38
229000981,20,23,-3
229000985,20,31,-11
229000986,2,7,-5
229000987,1,3,-2
229000988,4,0,4
229000989,10,10,0
229000990,0,6,-6
229000991,4,0,4
229000992,12,11,1
229000993,146,12,134
229000998,17,63,-46
229000999,104,16,88
229001034,0,23,-23
229001035,4,0,4
229001036,6,39,-33
229001037,36,1,35
229001038,0,10,-10
229001039,1,1,0
229001040,0,56,-56
229001041,45,0,45
229001042,19,7,12
229001047,12,45,-33
229001050,34,8,26
229001168,0,15,-15
229001200,39,10,29
229001338,6,24,-18
229001394,151,2,149
229001422,117,21,96
229001423,47,97,-50
229001431,60,56,4
229001432,39,62,-23
229001444,180,47,133
229001445,44,129,-85
229001479,28,2,26
229001503,163,57,106
229001504,152,117,35
229001505,87,37,50
229001506,79,108,-29
229001509,33,4,29
229001510,7,32,-25
229001545,122,2,120
229001546,8,71,-63
229001553,114,30,84
229001554,49,92,-43
229001630,53,19,34
229001631,9,34,-25
229001635,1,19,-18
229001636,19,1,18
229001658,0,120,-120
229001659,73,1,72
229001660,51,7,44
229001661,15,18,-3
229001662,12,0,12
229001663,0,16,-16
229002584,234,233,1
229002831,176,146,30
229002841,17,23,-6
229002842,25,30,-5
229002843,81,18,63
229002844,43,51,-8
229002845,19,62,-43
229002846,74,29,45
229002847,7,10,-3
229002848,33,18,15
229002849,5,85,-80
229002850,7,0,7
229002851,59,175,-116
229002852,231,57,174
229002853,186,20,166
229002854,47,61,-14
229002855,7,20,-13
229002856,47,17,30
229002857,18,167,-149
229002858,12,12,0
229002859,20,81,-61
229002860,372,21,351
229002861,47,34,13
229002862,19,31,-12
229002863,27,12,15
229002864,34,33,1
229002865,31,35,-4
229002866,22,21,1
229002867,1,24,-23
229002868,12,17,-5
229002869,37,113,-76
229002870,77,16,61
235000066,303,51,252
235000067,94,69,25
235000072,16,70,-54
235000073,91,356,-265
235000074,63,63,0
235000080,19,96,-77
235000081,128,150,-22
235000082,122,49,73
235000083,220,74,146
235000084,54,56,-2
235000085,199,63,136
235000089,18,30,-12
235000092,41,145,-104
235000093,10,16,-6
235000097,6,9,-3
235000098,82,15,67
235000099,30,20,10
235000116,74,17,57
235000117,629,14,615
235000133,14,415,-401
235000134,7,185,-178
235000206,10,5,5
235000207,2,5,-3
235000208,3,0,3
235000209,22,3,19
235000210,18,2,16
235000212,5,17,-12
235000213,4,14,-10
235000220,1,7,-6
235000221,40,22,18
235000238,18,100,-82
235000239,4,45,-41
235000242,347,671,-324
235000245,535,156,379
235000246,23,44,-21
235000284,8,119,-111
235000295,153,15,138
235000305,205,27,178
235000306,268,12,256
235000307,15,1,14
235000308,45,0,45
235000309,58,1,57
235000310,42,1,41
235000311,106,13,93
235000322,0,20,-20
235000323,1,40,-39
235000324,0,26,-26
235000325,0,11,-11
235000326,6,89,-83
235000351,6,82,-76
235000352,20,40,-20
235000353,3,12,-9
235000354,13,25,-12
235000355,10,86,-76
235000356,95,2,93
235000357,26,8,18
235000358,133,10,123
235000359,10,8,2
235000360,37,20,17
235000361,46,13,33
235000381,91,138,-47
235000382,173,41,132
235000390,11,4,7
235000391,151,9,142
235000392,196,282,-86
235000393,150,156,-6
235000395,140,45,95
235000396,471,61,410
235000400,237,42,195
235000401,25,145,-120
235000405,92,212,-120
235000406,46,197,-151
235000407,98,87,11
235000409,210,109,101
235000410,44,216,-172
235000411,3,58,-55
235000485,0,10,-10
235000486,13,0,13
235000549,135,147,-12
235000550,118,214,-96
235000599,149,29,120
235000600,7,16,-9
235000601,22,30,-8
235000602,111,49,62
235000614,1,5,-4
235000648,1,12,-11
235000649,32,3,29
235000685,0,6,-6
235000815,23,44,-21
235000834,0,6,-6
235000855,54,77,-23
235000862,32,153,-121
235000891,0,8,-8
235000892,18,1,17
235000901,155,118,37
235000907,12,5,7
235001010,92,72,20
235001029,454,326,128
235001030,379,269,110
235001078,82,117,-35
235001079,69,67,2
235001147,9,26,-17
235001166,28,74,-46
235001167,49,35,14
235001169,28,238,-210
235001188,1,8,-7
235001189,9,0,9
235001197,3,10,-7
235001200,31,49,-18
235001208,31,15,16
235001209,40,45,-5
235001210,15,104,-89
235001239,1,80,-79
235001244,0,8,-8
235016267,0,68,-68
241900007,44,0,44
277101746,0,0,0
277102712,1,0,1
277103813,0,0,0
277103814,0,0,0
277103898,0,2,-2
277104249,0,4,-4
277104250,0,5,-5
277104251,0,8,-8
277104252,0,3,-3
990011530,0,179,-179
990014944,0,357,-357
990015176,57,3,54
990015618,0,101,-101
990016032,0,282,-282
990032570,2,286,-284
990070001,54,2,52
990070103,0,3,-3
990070601,0,59,-59
990070751,1050,4,1046
990070766,0,361,-361
990071180,508,169,339
990071343,15,2,13
990071387,0,11,-11
990071823,583,6,577
990072600,4,1057,-1053
990072964,0,360,-360
990073285,0,2,-2
990074393,2,680,-678
990074870,1498,19,1479
990075106,1633,11,1622
990075746,626,6,620
990076437,1494,2,1492
990076458,3,520,-517
997000007,612,5,607
997000041,1,281,-280
997000058,62,2,60
997000062,33,1,32
997000069,0,4,-4
997000070,0,28,-28
997000100,52,0,52
997000141,20,3527,-3507
997000198,6,1928,-1922
998000475,7,53,-46
998000736,6,201,-195
998000965,0,16,-16
998001031,0,66,-66
998001700,0,6,-6
998001899,0,1,-1
998001900,5,2,3
998003073,1696,9,1687
998101900,0,0,0
998102850,12,309,-297
998501927,1102,730,372
998501929,141,0,141
998501930,45,0,45
998501931,162,13,149
998501932,5,0,5
998501933,66,2,64
998501937,27,1,26
998501944,37,34,3
998501950,0,0,0
998501970,77,8,69
998501971,0,61,-61
998501972,241,1,240
998501973,0,28,-28
998501974,0,178,-178
998501975,118,0,118
998501976,74,0,74
998501977,1,23,-22
998501978,23,0,23
998501979,0,9,-9
998501980,81,1,80
998501981,44,2,42
998501982,0,120,-120
998502006,0,0,0
998502024,0,8,-8
998502032,0,4,-4
998502062,24,9,15
998502063,0,0,0
998502173,7,0,7
998502269,0,4,-4
998601159,16,115,-99
998601292,3,26,-23
999033574,0,171,-171
999800001,43,4,39
999800002,0,5,-5
999800003,4,2,2
999800004,0,5,-5
999800005,0,5,-5
