ID,insum,outsum,diff
100000001,876,1212,-336
100000002,4261,3022,1239
100000003,6732,5861,871
100000004,1169,1303,-134
100000005,3014,5572,-2558
100000006,784,265,519
100000007,2314,907,1407
100000008,219,660,-441
100000009,552,372,180
100000010,179,111,68
100000011,1530,177,1353
100000012,108,1071,-963
100000013,58,323,-265
100000014,312,446,-134
100000015,2081,3074,-993
100000016,931,1597,-666
100000017,660,1098,-438
100000018,1688,880,808
100000019,4969,2747,2222
100000020,2278,8293,-6015
100000021,6502,3119,3383
100000022,1614,3703,-2089
100000023,7006,2333,4673
100000025,937,1694,-757
100000028,1233,1335,-102
100000029,200,488,-288
100000030,142,78,64
100000031,3894,7480,-3586
100000032,2364,4687,-2323
100000033,1187,3632,-2445
100000034,239,769,-530
100000035,1614,2095,-481
100000036,1854,1780,74
100000037,690,436,254
100000038,2622,1343,1279
100000039,719,1160,-441
100000040,245,251,-6
100000041,1739,742,997
100000042,1333,594,739
100000043,1083,593,490
100000044,335,892,-557
100000045,474,1241,-767
100000046,646,1023,-377
100000047,459,814,-355
100000048,750,754,-4
100000049,1527,1527,0
100000051,357,828,-471
100000053,294,17,277
100000054,507,54,453
100000055,1030,321,709
100000056,656,659,-3
100000057,2452,774,1678
100000058,1059,1055,4
100000059,31,223,-192
100000060,545,353,192
100000061,2949,762,2187
100000062,2738,760,1978
100000063,1098,315,783
100000064,2058,361,1697
100000065,404,859,-455
100000066,206,642,-436
100000067,508,641,-133
100000068,516,1355,-839
100000069,322,1047,-725
100000072,225,949,-724
100000073,1319,1215,104
100000075,930,255,675
100000076,2238,3911,-1673
100000077,194,327,-133
100000078,37,60,-23
100000079,63,51,12
100000080,26,59,-33
100000081,181,250,-69
100000102,2811,3404,-593
100000103,2654,2180,474
100000104,3926,3488,438
100000105,2115,2550,-435
100000106,2631,3533,-902
100000107,560,1784,-1224
100000108,657,1004,-347
100000109,1900,1508,392
100000116,1244,1270,-26
100000117,125,162,-37
100000118,1386,1778,-392
100000119,744,1071,-327
100000121,724,456,268
100000122,934,1305,-371
100000123,2023,4139,-2116
100000124,4064,6629,-2565
100000125,4010,2002,2008
100000126,735,588,147
100000127,1584,533,1051
100000128,1673,3105,-1432
100000129,469,625,-156
100000130,621,550,71
100000131,2265,3128,-863
100000132,1422,3850,-2428
100000133,4155,2399,1756
100000135,730,1377,-647
100000139,463,402,61
100000140,446,525,-79
100000142,573,565,8
100000143,728,471,257
100000144,4212,941,3271
100000147,1439,3781,-2342
100000150,46,473,-427
100000151,1239,1716,-477
100000153,235,565,-330
100000154,41,355,-314
100000155,20,83,-63
100000156,523,613,-90
100000157,391,215,176
100000158,357,115,242
100000159,240,619,-379
100000165,1355,997,358
100000169,178,1093,-915
100000174,510,959,-449
100000179,126,644,-518
100000180,4366,10400,-6034
100000181,733,633,100
100000188,106,662,-556
100000189,1598,751,847
100000190,883,1543,-660
100000191,904,793,111
100000192,70,107,-37
100000193,376,202,174
100000330,1182,1133,49
100000355,261,1171,-910
100000362,3905,2530,1375
100000363,5677,5266,411
100000364,241,311,-70
100000365,6972,9743,-2771
100000366,4853,3204,1649
100000367,5835,8371,-2536
100000368,2865,1335,1530
100000369,1186,2666,-1480
100000370,268,1270,-1002
100000376,74,154,-80
100000379,2204,1938,266
100000380,5173,5581,-408
100000384,5719,6525,-806
100000385,3222,5070,-1848
100000386,5907,6291,-384
100000387,4277,6674,-2397
100000388,5788,8139,-2351
100000389,7119,7926,-807
100000390,7734,8271,-537
100000391,6487,9853,-3366
100000392,3129,5604,-2475
100000393,2875,6180,-3305
100000394,6924,10966,-4042
100000395,5579,5909,-330
100000396,7474,4956,2518
100000397,5264,8656,-3392
100000398,12116,8730,3386
100900002,10,21,-11
100900003,422,253,169
100900004,56,1364,-1308
100900005,133,20,113
100900006,37,97,-60
100900007,451,17,434
100900008,2,413,-411
100900009,105,180,-75
100900010,108,84,24
100900011,184,198,-14
100900012,0,203,-203
100900013,1313,9,1304
100900014,11,7,4
100900015,75,69,6
100900016,1,17,-16
100900017,1470,92,1378
100900018,1,13,-12
100900019,30,157,-127
100900020,420,13,407
100900021,798,7,791
100900022,12,32,-20
100900023,0,37,-37
100900024,664,12,652
100900025,17,22,-5
100900026,188,113,75
100900027,740,3747,-3007
100900028,148,294,-146
100900029,50,6,44
100900030,4,97,-93
100900031,933,62,871
100900032,345,0,345
100900033,349,290,59
100900034,747,4,743
100900035,445,2,443
100900036,20,0,20
100900037,159,150,9
100900038,114,50,64
100900039,245,400,-155
100900040,577,553,24
100900041,1146,543,603
100900042,1502,1568,-66
100900043,1,29,-28
100900044,1556,652,904
100900045,6,2,4
100900046,1593,25,1568
100900047,1154,277,877
100900048,199,77,122
100900049,72,134,-62
100900050,6,22,-16
100900051,83,135,-52
100900052,519,85,434
100900053,554,26,528
100900054,15,63,-48
100900055,448,959,-511
100900056,104,239,-135
100900057,1739,1308,431
100900058,801,59,742
100900059,171,11,160
100900060,240,7,233
100900061,370,206,164
100900062,11,24,-13
100900063,322,896,-574
100900064,922,18,904
100900065,114,145,-31
100900066,172,210,-38
100900067,17,14,3
100900068,182,81,101
100900069,833,17,816
100900070,548,8,540
100900071,694,240,454
100900072,2,14,-12
100900073,185,238,-53
100900074,6,4,2
100900075,1942,439,1503
100900076,6,39,-33
100900077,28,49,-21
100900078,144,503,-359
100900079,15,11,4
100900080,63,275,-212
100900081,35,284,-249
100900082,163,422,-259
100900083,10,38,-28
100900085,29,259,-230
100900086,147,1243,-1096
100900088,99,396,-297
100900089,3,13,-10
100900090,145,655,-510
100900091,6,28,-22
100900092,265,335,-70
100900093,256,475,-219
100900094,162,345,-183
100900095,2,34,-32
100900096,110,135,-25
100900097,1,3,-2
100900098,28,34,-6
100900099,42,564,-522
100900100,23,830,-807
100900101,237,63,174
100900102,85,168,-83
100900103,17,26,-9
100900104,10,186,-176
100900105,58,596,-538
100900106,47,6,41
100900107,2024,879,1145
100900108,19,63,-44
100900109,24,40,-16
100900110,7,37,-30
100900111,37,210,-173
100900112,11,38,-27
100900113,21,37,-16
100900114,15,31,-16
100900115,11,27,-16
100900116,1233,957,276
100900117,375,1157,-782
100900118,28,40,-12
100900119,33,4,29
100900120,9,9,0
100900121,618,797,-179
100900122,113,210,-97
100900123,139,161,-22
100900124,4,22,-18
100900125,29,58,-29
100900126,196,158,38
100900127,5,2,3
100900128,159,190,-31
100900129,1,288,-287
100900131,163,282,-119
100900133,75,39,36
100900134,4,9,-5
100900135,0,304,-304
100900137,459,181,278
100900138,481,490,-9
100900139,13,6,7
100900140,5,461,-456
100900141,10,797,-787
100900142,3,20,-17
100900143,646,568,78
100900144,13,12,1
100900145,154,248,-94
100900146,7,80,-73
100900147,25,699,-674
100900148,35,406,-371
100900149,30,331,-301
100900150,16,33,-17
100900151,177,509,-332
100900152,1135,18,1117
100900153,2,276,-274
100900154,10,95,-85
100900155,12,10,2
100900156,103,7,96
100900157,17,259,-242
100900158,1234,194,1040
100900159,0,21,-21
100900160,45,14,31
100900161,147,7,140
100900162,83,501,-418
100900163,157,179,-22
100900164,66,32,34
100900165,33,71,-38
100900166,178,5,173
100900167,31,93,-62
100900168,92,177,-85
100900169,118,1092,-974
100900170,18,1,17
100900171,29,430,-401
100900172,1,44,-43
100900173,22,347,-325
100900174,483,63,420
100900176,1967,281,1686
100900177,692,454,238
100900178,384,180,204
100900179,298,462,-164
100900180,1,3,-2
100900181,191,128,63
100900182,213,37,176
100900184,24,242,-218
100900186,657,442,215
100900187,17,97,-80
100900188,37,15,22
100900189,2275,318,1957
100900191,946,1322,-376
100900192,287,499,-212
100900195,105,155,-50
100900197,22,66,-44
100900198,44,179,-135
100900199,8,11,-3
100900200,883,403,480
100900201,122,680,-558
100900202,104,0,104
100900203,0,179,-179
100900204,657,2553,-1896
100900205,216,702,-486
100900206,233,142,91
100900207,316,149,167
100900210,112,375,-263
100900211,759,240,519
100900213,317,81,236
100900214,705,91,614
100900215,39,63,-24
101000001,3548,2771,777
101000002,7616,8614,-998
101000003,525,1745,-1220
101000004,8428,7268,1160
101000005,5184,5737,-553
101000006,7415,8564,-1149
101000007,4274,5087,-813
101000008,2562,2562,0
101000009,2462,985,1477
101000010,912,866,46
101000011,1353,495,858
101000012,1007,921,86
101000013,837,1244,-407
101000014,512,657,-145
101000015,1581,935,646
101000016,420,519,-99
101000017,504,500,4
101000018,2038,2836,-798
101000020,2428,1221,1207
101000021,752,447,305
101000022,219,183,36
101000023,1518,752,766
101000025,339,579,-240
101000026,308,47,261
101000027,2938,3845,-907
101000028,518,83,435
101000029,392,2874,-2482
101000030,2346,205,2141
101000031,1320,1833,-513
101000032,8415,6464,1951
101000033,2735,4999,-2264
101000034,1814,2305,-491
101000035,994,631,363
101000036,1469,1252,217
101000037,2026,2201,-175
101000039,2758,3413,-655
101000040,2767,5144,-2377
101000041,8025,11395,-3370
101000042,465,1770,-1305
101000043,6604,10955,-4351
101000045,1600,1476,124
101000046,3998,2961,1037
101000047,2840,7228,-4388
101000048,846,783,63
101000049,845,3121,-2276
101000050,2081,3599,-1518
101000051,1791,3899,-2108
101000052,1493,1502,-9
101000053,1113,1425,-312
101000054,2343,1439,904
101000055,1467,1558,-91
101000056,39,99,-60
101000057,1719,1486,233
101000058,1152,1703,-551
101000059,2059,2546,-487
101000060,1894,805,1089
101000061,837,1596,-759
101000062,694,876,-182
101000063,560,1196,-636
101000064,976,1259,-283
101000065,419,604,-185
101000066,1132,1083,49
101000067,1098,1331,-233
101000068,303,644,-341
101000069,245,121,124
101000070,959,1459,-500
101000071,2249,1199,1050
101000072,829,4323,-3494
101000073,932,1418,-486
101000074,6381,5301,1080
101000075,4189,7679,-3490
101000077,2009,1483,526
101000078,1133,1806,-673
101000079,2002,572,1430
101000080,1848,775,1073
101000081,1990,1939,51
101000082,2823,2955,-132
101000083,3313,2548,765
101000084,1394,906,488
101000085,1655,1306,349
101000086,997,1307,-310
101000087,952,985,-33
101000088,1374,1289,85
101000089,1315,1650,-335
101000090,1915,1287,628
101000091,610,838,-228
101000092,1371,840,531
101000093,1683,664,1019
101000094,1254,1075,179
101000095,594,543,51
101000096,407,420,-13
101000097,577,585,-8
101000098,490,707,-217
101000099,1158,1633,-475
101000100,1134,1384,-250
101000101,333,560,-227
101000102,884,669,215
101000103,810,767,43
101000104,469,738,-269
101000105,557,713,-156
101000106,1015,1380,-365
101000107,350,361,-11
101000108,601,263,338
101000109,457,100,357
101000110,51,320,-269
101000111,153,425,-272
101000113,294,838,-544
101000114,10006,12889,-2883
101000115,161,206,-45
101000116,155,193,-38
101000117,1580,435,1145
101000119,67,97,-30
101000120,140,61,79
101000121,63,87,-24
101000122,131,181,-50
101000123,94,190,-96
101000124,1824,384,1440
101000125,208,407,-199
101000128,475,1067,-592
101000130,275,359,-84
101000131,957,606,351
101000132,1043,882,161
101000135,46,51,-5
101000136,379,238,141
101000137,33,374,-341
101000141,1108,3843,-2735
101000147,742,387,355
101000148,813,63,750
101000149,285,416,-131
101000150,100,520,-420
101000151,276,55,221
101000152,305,286,19
101000153,546,271,275
101000154,336,821,-485
101000155,463,159,304
101000156,19,340,-321
101000157,86,54,32
101000160,76,28,48
101000163,255,353,-98
101000164,367,322,45
101000165,332,422,-90
101000166,306,335,-29
101000168,927,412,515
101000252,2514,983,1531
101000254,286,257,29
101000258,93,9,84
101000261,219,85,134
101000262,1558,3007,-1449
101000263,588,1752,-1164
101000265,107,1099,-992
101000266,487,427,60
101000269,35,17,18
101000290,1216,3515,-2299
101000293,47,81,-34
101000294,859,436,423
101000295,180,370,-190
101000301,623,534,89
101000304,2230,2561,-331
101000305,2939,1337,1602
101900001,37,60,-23
101900002,0,11,-11
101900003,60,95,-35
101900004,4,41,-37
101900005,2828,3121,-293
101900006,1643,97,1546
101900007,1004,298,706
101900008,107,393,-286
101900009,72,441,-369
101900010,726,712,14
101900011,251,1232,-981
101900012,442,269,173
101900013,762,183,579
101900017,8,154,-146
101900018,881,238,643
101900019,228,169,59
101900020,319,130,189
101900021,0,52,-52
101900022,167,822,-655
101900023,117,188,-71
102000001,2958,5654,-2696
102000002,2506,1090,1416
102000003,3290,8635,-5345
102000004,5490,3107,2383
102000005,1402,2813,-1411
102000006,1125,1923,-798
102000007,2055,6254,-4199
102000008,4720,1736,2984
102000009,8870,9885,-1015
102000010,5443,3629,1814
102000011,4048,3656,392
102000012,3269,3134,135
102000018,2689,2871,-182
102000019,3529,1776,1753
102000026,241,652,-411
102000029,288,226,62
102000030,167,420,-253
102000031,55,119,-64
102000032,585,338,247
102000033,273,398,-125
102000034,618,492,126
102000035,2144,782,1362
102000036,22,306,-284
102000037,172,72,100
102000038,200,362,-162
102000039,204,87,117
102000040,393,307,86
102000041,210,397,-187
102000042,266,381,-115
102000043,291,253,38
102000044,330,478,-148
102000045,727,784,-57
102000046,1333,656,677
102000047,870,853,17
102000048,504,885,-381
102000049,1127,911,216
102000050,1049,1126,-77
102000051,553,691,-138
102000052,1207,776,431
102000053,956,1052,-96
102000054,845,1391,-546
102000055,1643,511,1132
102000056,1272,958,314
102000057,1753,609,1144
102000058,1375,1346,29
102000059,1561,1571,-10
102000060,1358,1065,293
102000061,2086,1799,287
102000062,2197,1339,858
102000063,1318,1520,-202
102000064,663,770,-107
102000065,79,204,-125
102000066,916,1004,-88
102000067,2258,3193,-935
102000068,11319,2841,8478
102000069,93,2781,-2688
102000070,1417,52,1365
102000071,6808,8915,-2107
102000072,3415,4117,-702
102000073,2738,1352,1386
102000074,1233,1764,-531
102000075,167,491,-324
102000076,300,436,-136
102000077,804,647,157
102000078,1054,734,320
102000079,241,237,4
102000080,328,318,10
102000081,422,1025,-603
102000082,724,598,126
102000083,674,270,404
102000084,440,306,134
102000085,3427,963,2464
102000086,1391,1301,90
102000087,1047,1583,-536
102000088,450,356,94
102000089,1568,557,1011
102000090,640,1454,-814
102000091,1507,867,640
102000092,416,803,-387
102000093,593,758,-165
102000094,1015,831,184
102000095,996,1511,-515
102000096,878,932,-54
102000097,809,981,-172
102000098,649,935,-286
102000099,809,952,-143
102000100,502,1480,-978
102000101,799,931,-132
102000102,309,1593,-1284
102000103,1785,471,1314
102000104,651,347,304
102000105,333,441,-108
102000106,930,498,432
102000107,1657,412,1245
102000108,730,196,534
102000109,660,522,138
102000110,1240,856,384
102000111,19,218,-199
102000112,142,93,49
102000113,30,23,7
102000114,627,312,315
102000115,234,305,-71
102000116,681,578,103
102000117,258,897,-639
102000118,1271,1389,-118
102000119,1414,1186,228
102000120,250,577,-327
102000121,1217,702,515
102000122,859,1059,-200
102000123,1357,1290,67
102000124,1552,1210,342
102000125,1031,1108,-77
102000126,917,691,226
102000127,1462,747,715
102000128,919,807,112
102000129,1620,807,813
102000130,906,785,121
102000131,2590,773,1817
102000132,1012,1190,-178
102000133,2434,1486,948
102000134,964,787,177
102000135,1173,1125,48
102000136,1670,689,981
102000137,928,1771,-843
102000138,367,690,-323
102000139,201,1258,-1057
102000140,425,1462,-1037
102000141,455,2304,-1849
102000142,405,392,13
102000143,190,295,-105
102000144,399,274,125
102000145,467,387,80
102000146,481,423,58
102000147,599,415,184
102000148,216,465,-249
102000149,245,284,-39
102000150,644,99,545
102000151,137,216,-79
102000152,208,144,64
102000153,1221,657,564
102000154,271,530,-259
102000155,103,354,-251
102000156,315,210,105
102000157,109,390,-281
102000158,284,321,-37
102000159,723,643,80
102000161,2724,2388,336
102000162,160,145,15
102000163,139,552,-413
102000164,994,1268,-274
102000165,305,166,139
102000166,89,197,-108
102000167,406,236,170
102000168,462,198,264
102000169,195,715,-520
102000170,499,321,178
102000171,352,437,-85
102000172,473,672,-199
102000173,540,435,105
102000174,131,87,44
102000175,211,124,87
102000176,91,30,61
102000178,282,402,-120
102000179,480,249,231
102000180,976,420,556
102000181,869,483,386
102000182,692,489,203
102000183,2017,1388,629
102000184,2024,665,1359
102000185,3494,1220,2274
102000186,1586,1394,192
102000187,1604,1211,393
102000188,1964,1592,372
102000189,2034,722,1312
102000190,744,3516,-2772
102000191,1592,540,1052
102000192,1287,1533,-246
102000193,77,119,-42
102000194,74,112,-38
102000195,484,381,103
102000196,241,254,-13
102000197,833,298,535
102000198,301,558,-257
102000199,1201,277,924
102000200,380,855,-475
102000201,1310,460,850
102000202,2,84,-82
102000203,458,187,271
102000204,586,527,59
102000205,1451,383,1068
102000206,779,443,336
102000207,867,435,432
102000208,463,409,54
102000209,71,59,12
102000210,456,266,190
102000211,527,284,243
102000212,412,6,406
102000213,12,299,-287
102000214,345,5,340
102000215,11,314,-303
102000216,60,58,2
102000217,17,81,-64
102000218,349,180,169
102000219,336,210,126
102000225,510,686,-176
102000226,3500,1709,1791
102000227,134,5,129
102000228,2,84,-82
102000229,65,83,-18
102000230,341,329,12
102000231,277,398,-121
102000232,34,155,-121
102000233,449,661,-212
102000234,185,1235,-1050
102000236,343,115,228
102000237,419,156,263
102000238,177,239,-62
102000240,530,698,-168
102000241,391,168,223
102000243,28,83,-55
102000245,22,136,-114
102000246,14,62,-48
102000247,322,480,-158
102000248,236,713,-477
102000249,157,131,26
102000250,138,296,-158
102000254,200,201,-1
102000266,40,764,-724
102000271,14,0,14
102000286,462,389,73
102000297,2061,1064,997
102000299,1,0,1
102000301,0,0,0
102000303,0,0,0
102000305,0,0,0
102000307,0,4,-4
102000308,1,0,1
102900001,1603,768,835
102900002,438,58,380
102900003,76,187,-111
102900005,500,253,247
102900006,602,113,489
102900007,615,33,582
102900008,276,44,232
102900009,577,357,220
102900010,439,1238,-799
102900011,1465,403,1062
102900012,508,98,410
102900013,46,52,-6
102900015,826,576,250
102900016,61,111,-50
102900017,193,416,-223
102900018,63,88,-25
102900019,439,453,-14
102900020,179,34,145
102900021,48,88,-40
102900022,512,206,306
102900023,43,29,14
102900024,57,68,-11
102900025,205,109,96
102900026,392,2355,-1963
102900027,113,66,47
102900028,160,867,-707
102900029,198,245,-47
102900030,493,402,91
102900031,305,159,146
102900032,95,98,-3
102900033,149,160,-11
102900034,721,74,647
102900035,181,276,-95
102900036,335,350,-15
102900037,387,424,-37
102900038,468,337,131
102900039,16,625,-609
102900040,226,315,-89
102900041,114,186,-72
102900042,253,240,13
102900043,217,197,20
102900044,695,1576,-881
102900045,164,491,-327
102900046,177,230,-53
102900047,125,529,-404
102900048,634,427,207
102900049,167,375,-208
102900050,250,298,-48
102900051,188,186,2
102900052,88,65,23
102900053,390,515,-125
102900054,571,1352,-781
102900055,102,232,-130
102900056,174,373,-199
102900057,2,39,-37
102900058,483,106,377
102900059,15,84,-69
102900060,158,389,-231
102900061,234,330,-96
102900062,311,655,-344
102900063,1349,417,932
102900064,163,524,-361
102900065,1202,488,714
102900066,359,10,349
102900068,136,83,53
102900070,295,738,-443
102900072,26,68,-42
102900073,109,7,102
102900074,341,292,49
102900075,17,59,-42
102900076,134,182,-48
102900077,50,41,9
102900078,35,95,-60
102900079,245,15,230
102900080,488,54,434
102900081,96,296,-200
102900082,11,222,-211
102900083,171,14,157
102900084,13,52,-39
102900085,398,154,244
102900086,27,70,-43
102900087,139,105,34
102900088,50,29,21
102900089,225,108,117
102900090,3,264,-261
102900091,249,6,243
102900092,512,603,-91
102900093,336,235,101
102900094,3,202,-199
102900095,173,1,172
102900096,80,17,63
102900097,11,108,-97
103000001,2568,2196,372
103000002,2087,2418,-331
103000003,3488,3077,411
103000004,974,787,187
103000005,1816,3018,-1202
103000006,855,1385,-530
103000007,423,627,-204
103000008,1059,574,485
103000009,1553,1072,481
103000010,149,115,34
103000011,1781,1348,433
103000012,1732,1492,240
103000013,3447,1946,1501
103000014,1684,2985,-1301
103000015,1650,578,1072
103000016,554,1550,-996
103000017,201,487,-286
103000018,795,347,448
103000019,374,324,50
103000020,1916,1326,590
103000021,1904,1886,18
103000022,768,949,-181
103000023,707,1867,-1160
103000024,108,105,3
103000025,101,786,-685
103000026,780,131,649
103000027,316,675,-359
103000028,397,401,-4
103000029,208,403,-195
103000030,1756,1477,279
103000031,1419,2427,-1008
103000032,2383,1731,652
103000033,3370,2856,514
103000034,1581,1251,330
103000035,466,1525,-1059
103000036,393,566,-173
103000037,565,598,-33
103000038,548,1018,-470
103000039,675,328,347
103000040,517,735,-218
103000041,1653,1624,29
103000042,1446,376,1070
103000043,641,761,-120
103000044,307,155,152
103000046,450,551,-101
103000047,579,500,79
103000048,256,206,50
103000049,155,121,34
103000050,807,381,426
103000051,747,480,267
103000052,833,332,501
103000053,263,487,-224
103000054,2953,1222,1731
103000055,2060,1955,105
103000056,942,1319,-377
103000057,863,220,643
103000058,718,744,-26
103000059,549,755,-206
103000060,869,506,363
103000061,502,834,-332
103000062,1456,562,894
103000063,1023,897,126
103000064,162,185,-23
103000065,2,374,-372
103000066,290,14,276
103000069,471,321,150
103000070,1206,696,510
103000071,1376,582,794
103000072,134,516,-382
103000073,745,131,614
103000074,897,94,803
103000075,149,495,-346
103000076,366,447,-81
103000077,56,316,-260
103000078,1082,783,299
103000079,576,701,-125
103000080,1034,451,583
103000081,477,1322,-845
103000082,559,214,345
103000083,148,280,-132
103000084,134,17,117
103000085,3,114,-111
103000086,645,443,202
103000087,184,620,-436
103000088,251,270,-19
103000089,294,524,-230
103000090,2450,878,1572
103000091,698,569,129
103000092,234,231,3
103000093,273,383,-110
103000094,203,95,108
103000095,71,271,-200
103000096,617,69,548
103000097,80,660,-580
103000098,1031,249,782
103000099,292,687,-395
103000100,174,625,-451
103000101,1234,93,1141
103000102,151,439,-288
103000103,778,140,638
103000104,70,83,-13
103000105,208,81,127
103000106,16,157,-141
103000107,215,62,153
103000108,1007,498,509
103000109,428,377,51
103000110,554,516,38
103000111,540,550,-10
103000112,365,213,152
103000113,734,710,24
103000114,1472,625,847
103000115,740,437,303
103000116,793,372,421
103000117,483,506,-23
103000118,450,516,-66
103000119,962,428,534
103000120,88,94,-6
103000121,441,667,-226
103000122,654,839,-185
103000125,42,231,-189
103000126,815,5,810
103000127,7,191,-184
103000128,219,7,212
103000129,8,136,-128
103000130,93,60,33
103000131,297,126,171
103000132,88,282,-194
103000133,21,140,-119
103000134,485,1113,-628
103000135,593,342,251
103000136,598,454,144
103000137,484,661,-177
103000138,675,711,-36
103000139,8,68,-60
103000140,140,35,105
103000141,60,108,-48
103000142,147,64,83
103000143,87,162,-75
103000144,198,52,146
103000145,68,341,-273
103000150,137,32,105
103000152,182,223,-41
103000153,223,162,61
103000156,28,276,-248
103000157,590,8,582
103000159,177,62,115
103000162,91,28,63
103000163,41,72,-31
103000164,114,13,101
103000165,90,180,-90
103000166,299,309,-10
103000167,206,122,84
103000168,142,160,-18
103000169,208,602,-394
103000170,984,381,603
103000171,34,70,-36
103000172,845,709,136
103000173,817,279,538
103000174,254,308,-54
103000175,392,203,189
103000176,772,650,122
103000177,485,427,58
103000178,312,344,-32
103000179,321,39,282
103000183,175,15,160
103000185,122,41,81
103000186,184,132,52
103000187,877,300,577
103000188,18,108,-90
103000189,771,684,87
103000191,634,564,70
103000292,1069,1920,-851
103000293,1090,3391,-2301
103000295,106,97,9
103000296,593,7,586
103000297,195,238,-43
103000504,66,16,50
103000505,6,44,-38
103000506,2,181,-179
103000507,193,4,189
103000508,68,86,-18
103000509,226,561,-335
103900001,10,164,-154
103900002,938,143,795
103900003,1234,136,1098
103900004,140,0,140
103900005,6,109,-103
103900006,8,3,5
103900007,105,2,103
103900008,10,0,10
103900009,403,513,-110
103900010,161,396,-235
103900011,477,140,337
103900012,35,43,-8
103900013,60,55,5
103900014,76,23,53
103900015,78,9,69
103900016,295,189,106
103900017,59,65,-6
103900018,472,152,320
103900019,94,348,-254
103900020,226,495,-269
103900021,383,63,320
103900022,1172,540,632
103900023,167,0,167
103900024,84,317,-233
103900025,16,55,-39
103900026,29,0,29
103900027,902,226,676
103900028,25,296,-271
103900029,1009,125,884
103900030,304,140,164
103900031,38,0,38
103900032,92,51,41
103900033,118,22,96
103900034,36,95,-59
103900035,103,40,63
103900036,40,41,-1
103900037,87,54,33
103900038,159,166,-7
103900039,119,229,-110
103900040,10,126,-116
103900041,62,47,15
103900042,92,190,-98
103900043,177,65,112
103900044,97,234,-137
103900045,520,172,348
103900047,118,25,93
103900048,49,29,20
103900049,226,1011,-785
103900050,14,180,-166
103900051,1,32,-31
103900052,203,304,-101
103900053,191,454,-263
103900054,144,300,-156
103900055,576,176,400
103900056,69,28,41
103900057,43,92,-49
103900058,340,453,-113
103900059,0,19,-19
103900060,59,164,-105
103900061,232,36,196
103900062,513,130,383
103900063,4,0,4
103900064,123,2,121
103900065,897,417,480
103900066,235,32,203
103900067,176,9,167
103900068,2,1,1
103900069,79,10,69
103900070,208,154,54
103900071,26,111,-85
103900072,24,169,-145
103900073,29,32,-3
103900074,76,50,26
103900075,141,35,106
103900076,688,473,215
103900077,53,97,-44
103900078,482,132,350
103900079,156,164,-8
103900080,16,44,-28
103900081,35,13,22
103900082,10,108,-98
103900083,1002,1320,-318
103900084,82,162,-80
103900085,90,128,-38
103900086,1018,345,673
103900087,28,60,-32
103900088,350,610,-260
103900089,39,83,-44
103900090,239,247,-8
103900091,1164,203,961
103900092,914,487,427
103900093,62,294,-232
103900094,11,106,-95
103900095,256,230,26
103900096,54,110,-56
103900097,11,426,-415
103900098,267,101,166
103900099,115,83,32
103900100,393,263,130
103900101,109,988,-879
103900102,5,30,-25
103900104,4,24,-20
103900105,78,174,-96
103900106,0,90,-90
103900107,148,186,-38
103900108,64,220,-156
103900109,152,68,84
103900110,307,54,253
103900111,151,497,-346
103900112,63,109,-46
103900113,159,261,-102
103900114,453,259,194
103900115,282,250,32
103900116,3202,2918,284
103900117,91,65,26
103900119,25,72,-47
103900120,46,80,-34
103900122,144,174,-30
103900123,924,647,277
103900124,32,19,13
103900125,103,39,64
103900126,641,341,300
103900127,225,384,-159
103900128,131,117,14
103900131,40,79,-39
103900133,1048,37,1011
103900134,1,7,-6
103900135,9,5,4
103900137,0,35,-35
103900138,118,104,14
103900139,229,2530,-2301
103900140,3,195,-192
103900141,283,60,223
103900142,337,80,257
103900143,131,3,128
103900144,0,14,-14
103900145,256,205,51
103900146,383,195,188
103900147,462,192,270
103900148,276,206,70
103900149,325,352,-27
103900150,4469,4767,-298
103900151,54,163,-109
103900152,700,286,414
103900153,13,3,10
103900154,674,1930,-1256
103900155,44,169,-125
103900156,93,156,-63
103900157,58,100,-42
103900158,142,96,46
103900159,195,67,128
103900160,75,39,36
103900161,143,176,-33
103900162,86,175,-89
103900163,8,463,-455
103900164,278,38,240
103900167,19,136,-117
103900168,141,92,49
103900169,69,49,20
103900170,5,63,-58
103900171,0,43,-43
103900172,4,20,-16
103900173,18,11,7
103900174,300,61,239
103900175,75,65,10
103900176,12,40,-28
103900177,8,58,-50
103900178,60,41,19
103900179,61,100,-39
103900180,4,40,-36
103900181,44,44,0
103900182,50,15,35
103900184,447,144,303
103900185,138,429,-291
103900187,19,74,-55
103900188,39,29,10
103900189,109,4,105
103900190,96,68,28
103900191,43,32,11
103900192,83,92,-9
103900193,133,152,-19
103900194,58,188,-130
103900195,8,120,-112
103900196,20,42,-22
103900197,19,17,2
103900198,15,34,-19
103900199,187,51,136
103900200,171,86,85
103900201,181,171,10
103900202,11,54,-43
103900203,50,32,18
103900204,1,73,-72
103900207,1,39,-38
103900208,131,1,130
103900209,10,73,-63
103900210,50,32,18
103900211,601,264,337
103900212,137,282,-145
103900213,52,234,-182
103900214,236,152,84
103900215,261,365,-104
103900216,21,665,-644
103900217,433,30,403
103900218,3,326,-323
103900219,211,207,4
103900233,128,6,122
103900235,10,39,-29
103900236,7,3,4
103900242,3,13,-10
103900243,7,5,2
103900244,90,170,-80
103900245,114,145,-31
103900246,55,43,12
103900247,23,77,-54
103900248,17,123,-106
103900249,6,90,-84
103900250,20,22,-2
103900251,3,34,-31
103900253,11,114,-103
103900254,3,35,-32
103900255,3,7,-4
103900256,8,25,-17
103900257,25,125,-100
103900258,29,3,26
103900259,70,12,58
103900261,14,5,9
103900262,22,3,19
103900263,24,34,-10
103900264,69,32,37
103900265,72,24,48
103900266,2,118,-116
103900267,11,23,-12
104000001,2545,2191,354
104000002,1843,2222,-379
104000003,2503,1886,617
104000004,2582,2472,110
104000005,1812,1803,9
104000006,3359,2848,511
104000007,4313,4570,-257
104000008,204,205,-1
104000009,207,83,124
104000010,187,313,-126
104000011,347,221,126
104000012,130,278,-148
104000013,265,249,16
104000014,227,439,-212
104000015,364,132,232
104000016,626,365,261
104000018,1039,153,886
104000019,705,205,500
104000020,144,364,-220
104000021,251,385,-134
104000022,151,234,-83
104000023,879,342,537
104000024,252,288,-36
104000026,45,277,-232
104000027,317,181,136
104000028,473,221,252
104000029,368,247,121
104000030,346,251,95
104000031,1511,325,1186
104000032,255,189,66
104000033,787,485,302
104000034,425,209,216
104000035,1117,382,735
104000036,935,502,433
104000037,307,212,95
104000038,611,285,326
104000039,308,137,171
104000040,230,330,-100
104000041,638,254,384
104000042,311,300,11
104000043,242,287,-45
104000044,304,459,-155
104000045,1088,792,296
104000046,969,1303,-334
104000047,1005,961,44
104000048,1082,1050,32
104000049,630,450,180
104000050,274,782,-508
104000051,150,493,-343
104000052,1782,1623,159
104000053,1032,394,638
104000054,671,305,366
104000055,3387,2167,1220
104000056,920,208,712
104000057,151,273,-122
104000058,891,706,185
104000059,510,965,-455
104000060,1329,1232,97
104000061,1303,979,324
104000062,424,117,307
104000064,456,266,190
104000065,243,700,-457
104000069,662,1108,-446
104000070,43,395,-352
104000071,123,356,-233
104000072,640,190,450
104000075,96,231,-135
104000076,466,124,342
104000082,2321,3386,-1065
104000083,783,208,575
104000084,139,467,-328
104000085,321,409,-88
104000086,228,378,-150
104000087,421,2189,-1768
104000090,870,1042,-172
104000092,1457,1483,-26
104000094,911,1066,-155
104000095,1954,1261,693
104000096,1778,197,1581
104000097,2076,653,1423
104000098,2767,710,2057
104000100,2102,546,1556
104000101,1170,1292,-122
104000106,36,620,-584
104000107,594,404,190
104000108,240,423,-183
104000109,370,102,268
104000110,824,1072,-248
104000111,2865,2863,2
104000112,1611,543,1068
104000116,3,863,-860
104000117,152,391,-239
104000118,838,220,618
104000119,826,256,570
104000120,275,543,-268
104000121,203,602,-399
104000122,652,724,-72
104000123,688,714,-26
104000124,686,1734,-1048
104000125,2771,4935,-2164
104000126,494,429,65
104000127,1216,1667,-451
104000128,621,373,248
104000129,408,28,380
104000130,8,365,-357
104000131,353,332,21
104000132,305,360,-55
104000133,1484,939,545
104000134,1140,1794,-654
104000135,555,2094,-1539
104000136,853,4451,-3598
104000137,1642,482,1160
104000138,1058,473,585
104000139,4239,3025,1214
104000141,1040,1326,-286
104000142,622,498,124
104000143,631,372,259
104000144,138,205,-67
104000145,448,199,249
104000146,260,483,-223
104000147,168,287,-119
104000148,497,194,303
104000149,153,235,-82
104000150,1243,625,618
104000151,419,324,95
104000152,641,603,38
104000153,890,625,265
104000154,823,531,292
104000155,658,567,91
104000157,1172,1098,74
104000158,637,987,-350
104000159,927,709,218
104000160,1906,2107,-201
104000161,213,180,33
104000162,86,158,-72
104000165,921,918,3
104000167,876,1220,-344
104000168,654,14,640
104000169,148,37,111
104000170,292,709,-417
104000248,351,441,-90
104000251,89,199,-110
104000272,0,0,0
104000273,0,0,0
104000274,0,0,0
104000275,0,0,0
104000279,763,511,252
104000290,101,286,-185
104000291,432,922,-490
104000293,899,800,99
104000294,55,0,55
104000295,570,837,-267
104000296,491,826,-335
104000297,758,1907,-1149
104000298,1960,839,1121
104000299,900,1348,-448
104900001,188,285,-97
104900002,97,196,-99
104900003,44,307,-263
104900004,65,192,-127
104900005,446,276,170
104900006,448,94,354
104900007,354,198,156
104900009,169,234,-65
104900010,96,49,47
104900011,41,8,33
104900012,270,53,217
104900013,167,16,151
104900014,2004,300,1704
104900015,84,5,79
104900016,279,166,113
104900017,180,162,18
104900018,9,165,-156
104900019,267,3579,-3312
104900020,53,207,-154
104900021,6,123,-117
104900022,7,91,-84
104900023,1,50,-49
104900024,19,58,-39
104900025,67,172,-105
104900026,3,66,-63
104900027,653,313,340
104900028,39,81,-42
104900029,47,60,-13
104900030,586,220,366
104900031,63,192,-129
104900032,60,98,-38
104900033,200,217,-17
104900034,403,172,231
104900035,402,179,223
104900036,279,60,219
104900037,138,148,-10
104900038,354,1029,-675
104900039,550,588,-38
104900040,655,111,544
104900041,330,152,178
104900042,198,196,2
104900043,62,198,-136
104900044,810,215,595
104900045,431,50,381
104900046,216,84,132
104900047,451,124,327
104900048,436,87,349
104900049,42,37,5
104900050,369,122,247
104900051,309,70,239
104900052,84,1,83
104900053,453,138,315
104900054,195,27,168
104900055,159,0,159
104900056,165,17,148
104900057,91,2,89
104900058,820,549,271
104900059,207,81,126
104900060,0,373,-373
104900061,211,440,-229
104900063,2,116,-114
104900064,1,62,-61
104900065,0,185,-185
104900066,2,127,-125
104900067,4,274,-270
104900068,20,132,-112
104900070,166,234,-68
104900071,0,446,-446
104900072,55,258,-203
104900073,81,169,-88
104900074,74,152,-78
104900075,44,33,11
104900076,112,223,-111
104900077,790,328,462
104900078,230,371,-141
104900079,109,593,-484
104900080,108,537,-429
104900082,18,362,-344
104900085,0,180,-180
104900087,357,3,354
104900089,270,0,270
104900090,1107,739,368
104900091,857,543,314
104900093,214,441,-227
104900097,2217,2614,-397
104900098,177,41,136
104900099,64,491,-427
104900100,330,275,55
104900102,37,126,-89
104900103,460,50,410
104900104,2389,2219,170
104900106,167,117,50
104900107,149,143,6
104900108,69,178,-109
104900109,159,200,-41
104900110,18,68,-50
104900111,187,109,78
104900112,346,494,-148
104900113,760,328,432
104900114,382,380,2
104900115,940,313,627
104900116,312,144,168
104900118,21,42,-21
104900119,29,70,-41
104900120,18,230,-212
104900121,1,56,-55
104900122,9,39,-30
104900123,106,15,91
104900124,59,0,59
104900125,566,3,563
104900126,74,37,37
104900127,32,46,-14
104900128,90,194,-104
104900129,1299,2421,-1122
105000001,2764,1353,1411
105000002,2367,1369,998
105000003,3214,4217,-1003
105000004,726,777,-51
105000005,1204,1129,75
105000006,1570,1887,-317
105000007,1335,1773,-438
105000008,1638,3879,-2241
105000009,2958,3218,-260
105000010,2850,1699,1151
105000011,4444,3306,1138
105000012,4071,2527,1544
105000013,1197,1122,75
105000014,2632,3099,-467
105000015,11067,17565,-6498
105000016,2303,2355,-52
105000017,1611,989,622
105000018,1267,1688,-421
105000019,1114,994,120
105000020,157,503,-346
105000021,250,111,139
105000022,267,151,116
105000023,557,369,188
105000028,99,109,-10
105000029,845,1670,-825
105000030,4633,2424,2209
105000033,1000,1613,-613
105000034,144,1060,-916
105000037,598,212,386
105000038,2327,1883,444
105000039,2396,1684,712
105000040,1287,1279,8
105000041,711,1609,-898
105000042,4426,2281,2145
105000043,1672,3420,-1748
105000044,847,641,206
105000045,538,632,-94
105000046,1520,367,1153
105000047,628,987,-359
105000048,634,205,429
105000049,216,469,-253
105000050,734,418,316
105000051,140,431,-291
105000052,533,756,-223
105000053,93,147,-54
105000054,358,805,-447
105000055,834,302,532
105000056,1865,1795,70
105000057,1420,880,540
105000058,1385,1099,286
105000059,885,619,266
105000060,462,607,-145
105000061,876,462,414
105000062,600,631,-31
105000063,305,331,-26
105000064,1861,772,1089
105000065,358,449,-91
105000066,1024,1102,-78
105000067,1672,718,954
105000068,379,733,-354
105000069,1535,2263,-728
105000070,484,1057,-573
105000071,238,1001,-763
105000072,708,2400,-1692
105000073,979,695,284
105000074,1050,658,392
105000075,485,835,-350
105000076,1059,915,144
105000077,2505,1102,1403
105000078,1226,1363,-137
105000079,1202,3159,-1957
105000080,2292,1793,499
105000081,3227,1346,1881
105000082,1128,2075,-947
105000083,4506,4265,241
105000084,581,712,-131
105000085,1986,2343,-357
105000086,645,932,-287
105000087,1489,1964,-475
105000088,1418,1741,-323
105000089,3552,2136,1416
105000090,1075,782,293
105000091,1327,1391,-64
105000092,738,806,-68
105000093,427,326,101
105000094,372,379,-7
105000095,100,478,-378
105000096,1305,1155,150
105000097,918,793,125
105000098,1000,647,353
105000099,789,659,130
105000100,1727,1089,638
105000101,2137,2704,-567
105000102,3129,1897,1232
105000103,1844,3380,-1536
105000104,3034,1253,1781
105000105,1431,1656,-225
105000106,1947,1721,226
105000107,1989,934,1055
105000108,2289,1448,841
105000109,2203,1542,661
105000110,1046,515,531
105000111,935,580,355
105000112,1524,712,812
105000113,509,683,-174
105000114,2075,1178,897
105000115,340,1221,-881
105000116,970,568,402
105000117,838,640,198
105000118,760,544,216
105000119,740,802,-62
105000120,1412,699,713
105000121,911,831,80
105000122,449,551,-102
105000123,1024,1115,-91
105000124,2292,734,1558
105000125,860,1588,-728
105000126,2414,1339,1075
105000127,2680,1812,868
105000128,762,962,-200
105000129,1014,345,669
105000130,375,2951,-2576
105000131,695,262,433
105000132,1135,618,517
105000133,602,908,-306
105000134,1073,510,563
105000135,353,422,-69
105000136,53,103,-50
105000137,400,229,171
105000138,68,91,-23
105000139,1033,792,241
105000140,327,430,-103
105000141,420,494,-74
105000142,249,419,-170
105000143,347,576,-229
105000144,322,658,-336
105000145,801,364,437
105000146,432,755,-323
105000147,821,341,480
105000148,1275,565,710
105000149,2977,2221,756
105000150,2004,1391,613
105000151,581,407,174
105000152,160,489,-329
105000153,621,600,21
105000154,626,502,124
105000155,329,880,-551
105000156,770,570,200
105000157,887,1449,-562
105000158,2318,686,1632
105000159,606,964,-358
105000160,2337,588,1749
105000161,685,790,-105
105000162,616,1878,-1262
105000163,1108,742,366
105000164,295,240,55
105000165,800,5976,-5176
105000166,4609,1192,3417
105000167,1481,2242,-761
105000168,498,554,-56
105000169,673,268,405
105000170,343,1229,-886
105000171,1013,194,819
105000172,196,48,148
105000173,344,60,284
105000174,112,76,36
105000175,97,100,-3
105000176,667,125,542
105000177,365,183,182
105000178,262,482,-220
105000179,897,177,720
105000180,172,105,67
105000181,266,267,-1
105000182,99,82,17
105000183,2070,2097,-27
105000184,1140,1449,-309
105000185,1967,1056,911
105000186,472,810,-338
105000187,1010,247,763
105000188,342,241,101
105000189,197,510,-313
105000190,474,533,-59
105000191,403,343,60
105000192,444,97,347
105000193,116,183,-67
105000194,427,100,327
105000195,522,699,-177
105000196,75,259,-184
105000197,330,511,-181
105000198,508,335,173
105000199,192,590,-398
105000200,136,343,-207
105000201,134,36,98
105000203,2,174,-172
105000204,66,89,-23
105000205,94,220,-126
105000207,587,199,388
105000208,335,959,-624
105000209,225,225,0
105000212,1285,1070,215
105000213,136,164,-28
105000214,165,219,-54
105000215,350,146,204
105000216,199,242,-43
105000217,227,241,-14
105000218,1772,979,793
105000221,204,155,49
105000222,414,180,234
105000223,392,193,199
105000226,114,279,-165
105000227,138,176,-38
105000228,195,2270,-2075
105000229,203,561,-358
105000231,326,370,-44
105000233,974,675,299
105000234,591,1070,-479
105000235,426,548,-122
105000237,755,63,692
105000243,31,94,-63
105000248,77,95,-18
105000262,373,828,-455
105000269,303,234,69
105000270,599,54,545
105000271,0,131,-131
105000282,48,31,17
105000287,416,159,257
105000288,657,386,271
105000289,2225,1967,258
105000290,40,17,23
105000402,2894,4750,-1856
105000426,504,700,-196
105000438,3499,1578,1921
105000446,11195,5944,5251
105000447,5419,2735,2684
105000454,662,223,439
105000455,279,158,121
105000474,68,1,67
105000477,610,554,56
105000478,2506,5619,-3113
105000479,103,136,-33
105000480,8477,6953,1524
105000481,5128,4285,843
105000482,4585,6503,-1918
105000483,2024,2393,-369
105000484,2378,2964,-586
105000485,1974,3668,-1694
105000486,3140,2442,698
105000488,8096,4483,3613
105000489,1076,808,268
105000549,110,173,-63
105000550,411,1437,-1026
105000551,32,112,-80
105000552,2144,1378,766
105900001,13,2405,-2392
105900002,1000,908,92
105900003,27,145,-118
105900004,375,139,236
105900005,19,211,-192
105900006,14,132,-118
105900007,185,23,162
105900008,78,446,-368
105900009,40,20,20
105900011,279,66,213
105900012,647,142,505
105900013,8,40,-32
105900014,8,78,-70
105900015,224,511,-287
105900016,665,588,77
105900017,1702,55,1647
105900018,203,145,58
105900019,71,568,-497
105900020,61,69,-8
105900021,28,831,-803
105900022,263,182,81
105900023,5,203,-198
105900024,16,461,-445
105900025,310,14,296
105900026,337,24,313
105900027,13487,8568,4919
105900028,440,588,-148
105900029,1586,421,1165
105900030,202,291,-89
105900031,380,188,192
105900032,84,123,-39
105900033,110,144,-34
105900034,260,259,1
105900035,220,176,44
105900036,135,158,-23
105900037,67,70,-3
105900038,185,240,-55
105900039,180,112,68
105900040,60,137,-77
105900041,183,223,-40
105900042,97,142,-45
105900043,1405,65,1340
105900044,12,323,-311
105900045,6,845,-839
105900046,2,253,-251
105900047,30,56,-26
105900048,106,473,-367
105900050,6162,5999,163
105900051,53,1269,-1216
105900052,685,270,415
105900053,2824,3657,-833
105900054,361,294,67
105900056,860,458,402
105900057,41,227,-186
105900058,16,30,-14
105900059,0,45,-45
106000001,4172,2785,1387
106000002,1828,5180,-3352
106000003,3397,3677,-280
106000004,1434,2522,-1088
106000005,3913,5298,-1385
106000006,5452,3051,2401
106000007,724,657,67
106000008,533,368,165
106000009,673,366,307
106000010,750,576,174
106000011,1272,1143,129
106000012,1084,1146,-62
106000013,2167,2060,107
106000014,1934,1475,459
106000015,2215,1247,968
106000016,1371,1617,-246
106000017,583,698,-115
106000018,619,472,147
106000019,379,405,-26
106000020,434,241,193
106000021,356,461,-105
106000022,371,193,178
106000023,587,301,286
106000024,692,382,310
106000025,160,236,-76
106000026,82,164,-82
106000027,1739,1267,472
106000028,630,346,284
106000029,684,831,-147
106000030,508,545,-37
106000034,188,521,-333
106000035,996,2097,-1101
106000036,188,439,-251
106000037,1754,1168,586
106000038,305,156,149
106000039,137,118,19
106000040,140,921,-781
106000041,769,651,118
106000043,582,238,344
106000046,364,86,278
106000047,34,414,-380
106000049,1148,193,955
106000050,411,522,-111
106000051,899,567,332
106000052,109,485,-376
106000053,495,167,328
106000054,362,333,29
106000055,1285,916,369
106000056,287,343,-56
106000057,469,291,178
106000058,130,125,5
106000059,457,249,208
106000060,281,387,-106
106000061,251,540,-289
106000062,127,495,-368
106000063,779,546,233
106000064,42,331,-289
106000065,358,354,4
106000066,117,304,-187
106000067,411,122,289
106000068,60,502,-442
106000069,303,69,234
106000070,450,622,-172
106000071,1287,280,1007
106000072,2381,1413,968
106000073,1286,3151,-1865
106000074,563,628,-65
106000075,271,1281,-1010
106000076,1745,1991,-246
106000077,3214,1282,1932
106000078,1219,783,436
106000079,733,803,-70
106000080,1371,570,801
106000081,750,1017,-267
106000082,2312,777,1535
106000083,449,1282,-833
106000084,1246,639,607
106000085,1418,1428,-10
106000086,684,793,-109
106000087,971,475,496
106000088,403,638,-235
106000089,1292,295,997
106000090,273,564,-291
106000091,262,471,-209
106000092,800,257,543
106000093,406,139,267
106000094,114,221,-107
106000095,962,594,368
106000096,1042,611,431
106000097,1152,610,542
106000098,838,931,-93
106000099,312,1261,-949
106000100,1840,242,1598
106000101,1897,703,1194
106000102,289,1520,-1231
106000103,352,704,-352
106000104,961,407,554
106000105,451,567,-116
106000106,722,380,342
106000107,149,166,-17
106000108,259,201,58
106000109,210,153,57
106000110,272,264,8
106000111,282,280,2
106000112,216,637,-421
106000113,722,572,150
106000114,434,685,-251
106000115,196,360,-164
106000116,238,175,63
106000117,1161,608,553
106000118,1218,1431,-213
106000119,1185,870,315
106000120,1048,1479,-431
106000121,192,181,11
106000122,130,177,-47
106000123,568,102,466
106000124,88,160,-72
106000125,20,195,-175
106000126,407,96,311
106000127,1126,636,490
106000128,916,147,769
106000129,487,403,84
106000130,864,299,565
106000131,135,543,-408
106000132,569,140,429
106000133,2096,1128,968
106000134,542,2344,-1802
106000135,162,432,-270
106000136,680,1017,-337
106000137,80,671,-591
106000138,1125,118,1007
106000139,67,98,-31
106000140,55,40,15
106000141,113,39,74
106000142,92,64,28
106000143,68,40,28
106000144,21,88,-67
106000145,315,226,89
106000146,385,121,264
106000147,381,416,-35
106000148,497,765,-268
106000149,648,314,334
106000150,527,1887,-1360
106000151,3427,843,2584
106000152,1393,1962,-569
106000153,89,2103,-2014
106000154,1368,151,1217
106000155,124,290,-166
106000156,1228,360,868
106000157,768,1501,-733
106000158,2200,1016,1184
106000159,2416,2149,267
106000160,568,2997,-2429
106000161,1443,299,1144
106000162,355,1037,-682
106000163,345,267,78
106000164,530,317,213
106000165,273,380,-107
106000166,997,279,718
106000167,366,712,-346
106000168,667,248,419
106000169,278,459,-181
106000170,933,264,669
106000171,263,1134,-871
106000172,3062,1282,1780
106000173,1115,2252,-1137
106000174,1352,350,1002
106000175,319,663,-344
106000176,2123,877,1246
106000177,885,1937,-1052
106000178,3640,1489,2151
106000179,1030,1700,-670
106000180,862,933,-71
106000181,1185,1620,-435
106000182,1638,594,1044
106000183,1655,494,1161
106000184,2091,525,1566
106000185,1378,1364,14
106000186,817,155,662
106000187,249,1198,-949
106000188,1,2,-1
106000189,19,30,-11
106000190,22,2,20
106000191,610,206,404
106000192,4,29,-25
106000193,366,197,169
106000194,174,468,-294
106000195,980,290,690
106000196,236,686,-450
106000197,646,332,314
106000198,180,256,-76
106000199,654,949,-295
106000200,168,264,-96
106000201,458,3546,-3088
106000202,2758,556,2202
106000203,31,156,-125
106000204,92,8,84
106000205,16,128,-112
106000206,118,25,93
106000207,59,497,-438
106000208,1650,155,1495
106000209,1910,355,1555
106000210,388,807,-419
106000211,399,977,-578
106000212,1068,445,623
106000213,645,2154,-1509
106000214,2559,870,1689
106000215,255,441,-186
106000216,409,281,128
106000217,298,330,-32
106000218,427,364,63
106000219,184,221,-37
106000220,515,331,184
106000221,251,250,1
106000222,71,92,-21
106000223,297,96,201
106000224,266,148,118
106000225,118,135,-17
106000226,154,216,-62
106000228,95,98,-3
106000229,77,574,-497
106000231,1009,127,882
106000232,80,270,-190
106000233,727,89,638
106000234,193,213,-20
106000235,727,111,616
106000236,216,114,102
106000237,1,13,-12
106000238,24,10,14
106000239,5,81,-76
106000240,94,5,89
106000241,11,490,-479
106000242,267,34,233
106000249,93,51,42
106000250,81,689,-608
106000251,107,14,93
106000252,17,66,-49
106000253,71,65,6
106000254,42,27,15
106000255,36,139,-103
106000256,68,44,24
106000257,188,212,-24
106000258,228,19,209
106000259,9,40,-31
106000260,38,7,31
106000261,3,51,-48
106000262,96,5,91
106000263,9,57,-48
106000264,324,6,318
106000265,11,147,-136
106000266,167,16,151
106000267,2,77,-75
106000268,444,50,394
106000269,49,34,15
106000270,131,440,-309
106000271,78,160,-82
106000272,176,76,100
106000273,10,295,-285
106000274,167,49,118
106000275,169,301,-132
106000276,226,52,174
106000277,135,348,-213
106000278,422,27,395
106000279,22,18,4
106000280,91,33,58
106000281,89,48,41
106000282,87,72,15
106000283,149,57,92
106000284,79,86,-7
106000285,118,91,27
106000286,137,111,26
106000287,149,71,78
106000288,97,172,-75
106000289,110,49,61
106000290,55,67,-12
106000291,138,97,41
106000292,57,64,-7
106000293,131,105,26
106000294,131,75,56
106000295,50,55,-5
106000296,36,62,-26
106000297,76,222,-146
106000298,128,82,46
106000299,66,120,-54
106000300,40,68,-28
106000301,58,110,-52
106000303,30,124,-94
106000304,25,32,-7
106000305,36,33,3
106000306,32,37,-5
106000307,66,17,49
106000308,22,89,-67
106000309,17,49,-32
106000310,305,443,-138
106000311,402,157,245
106000312,113,183,-70
106000313,201,159,42
106000318,58,535,-477
106000319,1060,263,797
106000320,3,106,-103
106000321,315,174,141
106000322,178,122,56
106000324,11,116,-105
106000325,1936,1044,892
106000326,1047,1460,-413
106000327,220,95,125
106000328,37,162,-125
106000329,87,227,-140
106000330,44,66,-22
106000428,123,119,4
106000429,154,265,-111
106000430,383,942,-559
106000431,2410,339,2071
106000432,1471,2209,-738
106000433,2830,1343,1487
106000434,3509,1771,1738
106000435,1267,2135,-868
106000436,16,148,-132
106000437,350,63,287
106000438,407,289,118
106000439,66,458,-392
106000440,370,767,-397
106000441,0,1,-1
106000442,91,5,86
106000443,203,229,-26
106000450,3,110,-107
106000451,19,53,-34
106000454,4,136,-132
106000455,6,134,-128
106000456,85,30,55
106000457,16,595,-579
106000458,995,87,908
106000459,139,224,-85
106000460,1875,23,1852
106000461,125,725,-600
106000462,1,21,-20
106000463,5,15,-10
106000464,3,260,-257
106000465,888,4,884
106000466,6,402,-396
106000467,259,410,-151
106000468,97,103,-6
106000469,151,4,147
106000470,314,1993,-1679
106000471,16,380,-364
106000472,180,8,172
106000473,39,11,28
106000474,267,391,-124
106000475,311,209,102
106000476,103,247,-144
106000477,18,23,-5
106900001,0,11,-11
106900002,2,304,-302
106900003,212,2728,-2516
106900004,3,31,-28
106900006,0,5,-5
106900007,0,13,-13
106900008,472,150,322
106900009,401,228,173
106900010,226,253,-27
106900012,1241,2943,-1702
106900013,888,174,714
106900014,35,3,32
106900015,24,0,24
106900016,433,10,423
106900017,15,1,14
106900018,3,1,2
106900019,75,2,73
106900020,4488,1855,2633
106900021,148,107,41
106900022,888,6,882
106900023,66,181,-115
106900024,1088,56,1032
106900025,67,1058,-991
106900026,3,341,-338
106900027,877,5,872
107000001,4817,5909,-1092
107000002,2965,4874,-1909
107000003,7463,7568,-105
107000004,4721,3972,749
107000005,6227,6186,41
107000006,4178,2999,1179
107000007,7373,11901,-4528
107000008,9976,6707,3269
107000009,10036,9474,562
107000010,9439,7588,1851
107000011,1048,1173,-125
107000012,3725,2419,1306
107000013,45,93,-48
107000014,70,222,-152
107000015,743,763,-20
107000016,978,628,350
107000017,4813,5713,-900
107000018,73,4417,-4344
107000020,3462,5092,-1630
107000021,1795,585,1210
107000022,1443,2963,-1520
107000023,2541,297,2244
107000024,1036,1487,-451
107000025,399,427,-28
107000026,481,506,-25
107000027,1605,1190,415
107000028,1802,1017,785
107000029,4050,3281,769
107000030,3109,2606,503
107000031,5213,3001,2212
107000032,528,905,-377
107000033,2735,5177,-2442
107000034,6447,1472,4975
107000035,388,255,133
107000036,823,1221,-398
107000037,118,866,-748
107000038,281,286,-5
107000039,751,786,-35
107000040,215,333,-118
107000041,1493,752,741
107000042,767,2453,-1686
107000043,2548,1128,1420
107000044,505,472,33
107000045,81,317,-236
107000046,899,475,424
107000047,417,769,-352
107000048,669,366,303
107000049,549,739,-190
107000050,1153,542,611
107000051,288,387,-99
107000052,1093,1078,15
107000053,393,248,145
107000054,83,229,-146
107000055,148,104,44
107000056,477,752,-275
107000057,1599,254,1345
107000058,2586,2731,-145
107000059,2041,3177,-1136
107000060,5600,5459,141
107000061,5366,3171,2195
107000062,5791,3035,2756
107000063,4525,4198,327
107000064,5347,2938,2409
107000065,3817,4019,-202
107000066,2339,4147,-1808
107000067,1539,1319,220
107000068,1636,940,696
107000069,1127,601,526
107000070,1316,35,1281
107000071,4012,56,3956
107000072,56,2160,-2104
107000073,1167,492,675
107000074,174,751,-577
107000075,2224,560,1664
107000076,702,1127,-425
107000077,4590,1333,3257
107000078,2420,2810,-390
107000079,3512,1276,2236
107000080,1083,2612,-1529
107000081,2573,592,1981
107000082,553,1444,-891
107000083,1748,542,1206
107000084,333,1401,-1068
107000085,3349,3314,35
107000086,3742,3560,182
107000087,3434,2342,1092
107000088,3421,3761,-340
107000089,1784,1870,-86
107000090,1369,967,402
107000091,1703,878,825
107000092,878,815,63
107000093,1295,896,399
107000094,1111,934,177
107000095,1118,671,447
107000096,679,719,-40
107000097,560,260,300
107000098,343,312,31
107000099,501,312,189
107000100,229,267,-38
107000101,81,189,-108
107000102,228,313,-85
107000103,284,154,130
107000104,187,241,-54
107000105,408,150,258
107000106,255,225,30
107000107,746,166,580
107000108,107,398,-291
107000109,898,163,735
107000110,82,359,-277
107000111,432,50,382
107000112,56,226,-170
107000113,712,159,553
107000114,99,375,-276
107000115,655,166,489
107000116,128,613,-485
107000117,167,649,-482
107000118,146,154,-8
107000119,1513,1734,-221
107000120,877,551,326
107000121,1094,632,462
107000122,1224,833,391
107000123,681,547,134
107000124,702,759,-57
107000125,1144,509,635
107000126,1022,545,477
107000127,34,324,-290
107000129,253,150,103
107000130,338,317,21
107000131,634,414,220
107000132,781,404,377
107000133,798,190,608
107000134,396,7,389
107000135,1,484,-483
107000136,898,13,885
107000137,18,645,-627
107000138,347,39,308
107000139,48,673,-625
107000140,1958,240,1718
107000141,208,749,-541
107000142,597,166,431
107000143,92,605,-513
107000144,620,651,-31
107000145,190,503,-313
107000146,267,397,-130
107000147,4010,905,3105
107000150,691,4182,-3491
107000151,58,137,-79
107000152,476,1857,-1381
107000153,151,427,-276
107000154,201,248,-47
107000155,1318,41,1277
107000156,1625,39,1586
107000157,174,1161,-987
107000158,740,27,713
107000159,28,630,-602
107000160,1427,222,1205
107000161,80,973,-893
107000162,316,691,-375
107000163,296,8,288
107000164,897,3,894
107000165,1575,4,1571
107000166,45,805,-760
107000167,772,212,560
107000168,1181,616,565
107000169,675,732,-57
107000170,3031,871,2160
107000171,759,1445,-686
107000172,1306,1668,-362
107000173,638,727,-89
107000174,1347,6961,-5614
107000175,5820,1376,4444
107000176,0,2,-2
107000177,12,3,9
107000178,38,42,-4
107000179,303,1505,-1202
107000180,1746,254,1492
107000181,404,849,-445
107000182,2531,905,1626
107000183,175,680,-505
107000184,1277,614,663
107000185,620,1301,-681
107000186,1716,459,1257
107000187,1611,1229,382
107000188,945,524,421
107000189,721,1025,-304
107000190,764,611,153
107000191,833,882,-49
107000192,1836,627,1209
107000193,468,512,-44
107000194,841,637,204
107000197,1086,358,728
107000198,347,646,-299
107000199,884,728,156
107000200,671,782,-111
107000201,568,355,213
107000202,370,502,-132
107000203,1137,1170,-33
107000204,1351,1280,71
107000205,2360,1223,1137
107000206,1104,1846,-742
107000207,758,1264,-506
107000208,1173,750,423
107000209,1923,1455,468
107000210,595,268,327
107000211,7,74,-67
107000212,21,366,-345
107000213,6,20,-14
107000214,19,183,-164
107000215,542,321,221
107000216,655,477,178
107000217,165,141,24
107000219,97,231,-134
107000220,209,191,18
107000222,313,591,-278
107000224,1017,100,917
107000225,224,413,-189
107000226,811,106,705
107000227,121,195,-74
107000228,182,350,-168
107000229,85,100,-15
107000230,1073,557,516
107000231,1470,2164,-694
107000232,124,26,98
107000233,1068,1174,-106
107000234,9,90,-81
107000235,112,40,72
107000236,15,623,-608
107000237,22,1,21
107000238,50,5,45
107000239,3526,615,2911
107000240,72,795,-723
107000241,120,26,94
107000242,440,41,399
107000243,0,46,-46
107000244,11,58,-47
107000246,2,1018,-1016
107000249,2,1044,-1042
107000251,3,367,-364
107000252,1,698,-697
107000255,382,143,239
107000257,2,224,-222
107000258,2,115,-113
107000259,6,153,-147
107000260,837,7,830
107000262,13,379,-366
107000263,362,10,352
107000266,12,6,6
107000267,47,108,-61
107000268,153,129,24
107000269,888,90,798
107000270,22,35,-13
107000271,47,378,-331
107000272,63,92,-29
107000273,19,314,-295
107000274,2756,953,1803
107000275,196,3428,-3232
107000280,980,50,930
107000281,53,530,-477
107000282,146,632,-486
107000290,20,34,-14
107000291,28,11,17
107000292,0,220,-220
107000293,36,2,34
107000294,1,62,-61
107000295,29,6,23
107000296,0,20,-20
107000444,419,12,407
107000496,6,20,-14
107000497,1547,1744,-197
107000500,421,306,115
107000501,157,164,-7
107000502,199,281,-82
107000505,277,759,-482
107000506,5,78,-73
107000508,1,437,-436
107000509,244,881,-637
107000510,33,21,12
107000514,153,510,-357
107000515,9,130,-121
107000516,487,331,156
107000518,1300,1870,-570
107000519,1202,826,376
107000520,91,45,46
107900001,89,114,-25
107900002,88,7,81
107900003,674,28,646
107900004,140,2,138
107900005,1561,8,1553
107900006,303,3,300
107900007,505,42,463
107900008,90,10,80
107900009,255,9,246
107900010,50,7,43
107900012,351,76,275
107900013,242,34,208
107900014,75,8,67
107900015,1151,12,1139
107900016,565,125,440
107900017,45,3,42
107900018,79,213,-134
107900019,31,18,13
107900020,147,21,126
107900021,96,101,-5
107900023,15,3,12
107900024,1,26,-25
107900025,226,252,-26
107900026,94,42,52
107900027,39,65,-26
107900028,155,60,95
107900030,224,38,186
107900031,84,91,-7
107900032,36,6,30
107900033,37,14,23
107900034,443,23,420
107900035,1134,51,1083
107900036,110,24,86
107900037,0,22,-22
107900038,108,255,-147
107900039,48,25,23
107900040,67,346,-279
107900041,2,2,0
107900043,65,100,-35
107900044,12,6,6
107900045,142,39,103
107900046,178,206,-28
107900047,75,40,35
107900048,214,16,198
107900049,425,1991,-1566
107900050,105,303,-198
107900051,135,61,74
107900052,69,44,25
107900053,95,78,17
107900055,966,355,611
107900056,200,70,130
107900057,3,0,3
107900058,25,472,-447
107900060,54,70,-16
107900061,15,11,4
107900063,121,120,1
107900064,289,254,35
107900065,336,22,314
107900066,43,4,39
107900067,0,1,-1
107900068,155,575,-420
107900069,28,2848,-2820
107900070,210,82,128
107900071,39,477,-438
107900072,170,109,61
107900073,170,77,93
107900074,552,332,220
107900076,122,43,79
107900077,123,28,95
107900078,245,66,179
107900079,24,11,13
107900080,280,656,-376
107900081,56,111,-55
107900082,19,19,0
107900083,356,177,179
107900084,132,134,-2
107900086,31,201,-170
107900087,521,141,380
107900088,61,14,47
107900089,295,1139,-844
107900090,1678,3435,-1757
107900091,190,276,-86
107900092,1739,489,1250
107900093,70,76,-6
107900095,2985,2340,645
107900097,36,83,-47
107900098,52,223,-171
107900100,922,1558,-636
107900101,862,200,662
107900102,39,5,34
107900103,34,174,-140
107900104,242,6,236
107900105,2,213,-211
107900106,14,656,-642
107900107,1907,551,1356
107900108,218,121,97
107900109,1677,21,1656
107900110,98,60,38
107900111,9,624,-615
107900112,96,331,-235
107900113,296,97,199
107900114,248,133,115
107900115,0,36,-36
107900116,213,106,107
107900117,370,263,107
107900118,80,153,-73
107900119,107,344,-237
107900120,41,40,1
107900121,4,181,-177
107900122,3,145,-142
107900123,13,59,-46
107900124,25,54,-29
107900125,108,277,-169
107900126,14,59,-45
107900127,627,385,242
107900128,70,95,-25
107900129,129,34,95
107900130,100,25,75
107900131,621,433,188
107900132,91,312,-221
107900133,6,95,-89
107900134,44,94,-50
107900135,17,164,-147
107900136,45,66,-21
107900137,122,157,-35
107900138,79,38,41
107900139,70,56,14
107900140,74,50,24
107900141,65,39,26
107900142,52,648,-596
107900143,80,21,59
107900144,3,116,-113
107900145,14,102,-88
107900146,55,150,-95
107900147,53,32,21
107900148,153,84,69
107900149,831,231,600
107900150,60,447,-387
107900151,47,115,-68
107900152,14,171,-157
107900153,115,360,-245
107900154,76,12,64
107900155,93,74,19
107900156,4,197,-193
107900157,58,30,28
107900158,1005,30,975
107900159,32,715,-683
107900160,169,174,-5
107900161,44,120,-76
107900162,2,172,-170
107900163,103,97,6
107900164,11,52,-41
107900165,25,139,-114
107900166,29,144,-115
107900167,45,52,-7
107900168,70,32,38
107900169,0,144,-144
107900171,8,856,-848
107900172,1,276,-275
107900173,30,93,-63
107900174,156,9,147
107900175,70,52,18
107900176,54,28,26
107900177,3,355,-352
107900178,0,118,-118
107900179,17,133,-116
107900180,471,971,-500
107900181,319,228,91
107900182,105,757,-652
107900183,69,191,-122
107900184,121,194,-73
107900185,112,2,110
107900186,53,63,-10
107900187,0,125,-125
107900188,496,134,362
107900189,36,99,-63
107900190,60,154,-94
107900191,148,73,75
107900193,2,40,-38
107900194,427,24,403
107900195,1603,320,1283
107900196,60,112,-52
107900197,627,542,85
107900199,0,638,-638
107900201,101,77,24
107900203,24,71,-47
107900204,155,297,-142
107900205,273,398,-125
107900206,948,278,670
107900207,0,397,-397
107900208,9,398,-389
107900209,382,125,257
107900210,61,91,-30
107900213,842,619,223
107900214,39,152,-113
107900215,168,390,-222
107900216,190,67,123
107900217,46,127,-81
107900218,21,2829,-2808
107900219,41,70,-29
107900220,228,295,-67
107900221,322,230,92
107900223,126,368,-242
107900224,141,493,-352
107900225,8,661,-653
107900226,118,88,30
107900227,139,309,-170
107900228,32,106,-74
107900229,1,179,-178
107900230,26,65,-39
107900231,23,154,-131
107900232,107,110,-3
107900233,11,104,-93
107900234,138,71,67
107900235,22,165,-143
107900236,120,36,84
107900237,56,332,-276
107900238,34,92,-58
107900239,650,636,14
107900240,63,97,-34
107900241,17,50,-33
107900242,54,213,-159
107900243,2,61,-59
107900244,289,4,285
107900245,926,44,882
107900246,364,14,350
107900248,217,329,-112
107900249,969,74,895
107900250,0,375,-375
107900251,61,989,-928
107900252,1214,33,1181
107900253,227,9,218
107900254,87,445,-358
107900255,232,73,159
107900256,1924,2820,-896
107900257,284,139,145
107900258,105,298,-193
107900259,63,2737,-2674
107900261,0,247,-247
107900262,62,107,-45
107900264,633,9,624
107900265,182,154,28
107900267,290,21,269
107900268,23,5,18
107900269,0,10,-10
107900270,2,1,1
107900271,1,27,-26
107900272,94,53,41
107900273,53,114,-61
107900274,114,0,114
107900275,30,0,30
107900276,0,79,-79
107900277,0,171,-171
107900278,316,296,20
107900279,60,198,-138
107900280,2113,2194,-81
107900281,861,3425,-2564
107900282,39,490,-451
107900283,913,817,96
107900284,618,411,207
107900285,122,50,72
107900286,120,82,38
107900287,379,180,199
107900290,1,167,-166
107900291,578,24,554
107900292,108,125,-17
107900293,81,304,-223
107900295,54,51,3
107900297,5,284,-279
107900298,900,719,181
107900299,2176,2937,-761
107900300,126,350,-224
107900301,800,872,-72
107900302,196,40,156
107900303,256,250,6
107900304,412,339,73
107900305,421,5,416
107900306,18,27,-9
107900307,32,220,-188
107900308,206,191,15
107900309,111,1,110
107900310,1057,3,1054
107900311,114,1465,-1351
107900312,69,1,68
107900313,2,247,-245
107900314,0,77,-77
107900315,4,52,-48
107900316,88,8,80
107900317,110,45,65
107900318,48,157,-109
107900319,8,136,-128
107900320,28,113,-85
107900321,147,6,141
107900322,2,64,-62
107900323,173,118,55
107900324,110,3,107
107900325,109,7,102
107900326,477,219,258
107900327,1,70,-69
107900328,117,0,117
107900329,130,189,-59
107900330,10,298,-288
107900331,299,26,273
107900332,308,15,293
107900333,81,28,53
107900334,12,105,-93
107900335,132,42,90
107900336,56,47,9
107900337,765,1143,-378
107900338,11,174,-163
107900339,0,18,-18
107900340,2,64,-62
107900341,68,3,65
107900342,97,82,15
107900343,87,0,87
107900344,8,78,-70
107900345,92,44,48
107900346,21,1,20
107900347,16,2,14
107900348,7,3,4
107900349,30,13,17
107900350,39,233,-194
108000001,3550,3924,-374
108000002,1860,1819,41
108000003,4226,3853,373
108000004,11689,12747,-1058
108000005,9769,7181,2588
108000006,7541,6839,702
108000007,6053,4351,1702
108000008,4061,5299,-1238
108000009,4867,5464,-597
108000010,3321,3869,-548
108000011,14115,13619,496
108000012,13952,13726,226
108000014,903,1278,-375
108000015,836,313,523
108000016,345,808,-463
108000017,1267,409,858
108000018,2149,814,1335
108000019,2518,1216,1302
108000020,1536,610,926
108000021,466,1914,-1448
108000022,582,1385,-803
108000023,1424,308,1116
108000024,376,410,-34
108000025,365,432,-67
108000026,782,325,457
108000027,847,421,426
108000028,662,278,384
108000029,566,450,116
108000030,721,211,510
108000031,274,654,-380
108000032,2028,689,1339
108000033,827,799,28
108000034,2140,551,1589
108000035,727,1679,-952
108000036,346,875,-529
108000037,1979,474,1505
108000038,3021,623,2398
108000039,590,1491,-901
108000040,2459,1002,1457
108000041,784,1826,-1042
108000042,577,217,360
108000043,269,352,-83
108000044,1813,214,1599
108000045,385,838,-453
108000046,1729,326,1403
108000047,488,757,-269
108000048,349,372,-23
108000049,1559,373,1186
108000050,117,385,-268
108000051,405,185,220
108000052,245,524,-279
108000053,496,253,243
108000054,501,1149,-648
108000055,1277,601,676
108000056,867,1086,-219
108000057,767,1458,-691
108000058,2372,4147,-1775
108000059,2946,1738,1208
108000060,204,429,-225
108000061,174,231,-57
108000062,1071,681,390
108000063,606,386,220
108000064,265,263,2
108000065,569,407,162
108000066,1725,799,926
108000067,2023,796,1227
108000068,892,397,495
108000069,299,732,-433
108000070,2255,815,1440
108000071,659,1242,-583
108000072,1981,1079,902
108000073,1346,1378,-32
108000074,650,396,254
108000075,363,637,-274
108000076,1032,535,497
108000077,577,474,103
108000078,2963,1281,1682
108000079,884,1185,-301
108000080,1594,497,1097
108000081,558,1207,-649
108000082,906,1545,-639
108000083,2310,1040,1270
108000084,377,908,-531
108000085,996,465,531
108000086,709,560,149
108000087,174,2543,-2369
108000088,281,17,264
108000089,440,393,47
108000090,525,118,407
108000091,245,361,-116
108000092,146,91,55
108000093,242,387,-145
108000094,598,106,492
108000095,193,271,-78
108000096,412,201,211
108000097,178,373,-195
108000098,2298,1406,892
108000099,425,146,279
108000100,108,232,-124
108000101,1837,1625,212
108000102,1736,3640,-1904
108000106,1165,2,1163
108000107,2,1075,-1073
108000108,1164,63,1101
108000109,10,1098,-1088
108000110,273,260,13
108000111,175,501,-326
108000112,49,130,-81
108000113,397,205,192
108000115,398,245,153
108000117,759,394,365
108000118,61,187,-126
108000119,566,360,206
108000120,184,777,-593
108000121,189,391,-202
108000122,653,276,377
108000123,1063,179,884
108000124,401,530,-129
108000125,573,229,344
108000126,165,299,-134
108000127,570,287,283
108000128,722,351,371
108000129,357,684,-327
108000130,585,223,362
108000131,1205,484,721
108000132,1869,1029,840
108000133,1287,492,795
108000134,495,414,81
108000135,1229,476,753
108000136,366,809,-443
108000137,529,304,225
108000138,475,715,-240
108000139,566,277,289
108000140,153,20,133
108000141,51,48,3
108000142,62,53,9
108000143,25,14,11
108000144,61,6,55
108000145,45,15,30
108000146,105,26,79
108000147,45,46,-1
108000148,100,40,60
108000149,14,14,0
108000150,40,22,18
108000151,32,87,-55
108000152,149,444,-295
108000153,660,123,537
108000154,51,7,44
108000155,38,20,18
108000156,342,95,247
108000157,261,1461,-1200
108000158,100,771,-671
108000159,397,224,173
108000160,2104,1297,807
108000161,2321,3454,-1133
108000165,7,254,-247
108000172,1,261,-260
108000173,1468,2147,-679
108000175,332,179,153
108000178,434,285,149
108000179,179,1045,-866
108000181,53,22,31
108000182,109,14,95
108000183,71,52,19
108000184,746,2692,-1946
108000185,343,361,-18
108000186,237,36,201
108000187,148,397,-249
108000188,762,187,575
108000189,542,1557,-1015
108000190,68,129,-61
108000192,200,419,-219
108000193,1171,36,1135
108000194,50,18,32
108000195,8,795,-787
108000196,342,174,168
108000198,442,255,187
108000199,1,279,-278
108000200,584,322,262
108000202,0,418,-418
108000203,167,427,-260
108000204,199,62,137
108000205,150,354,-204
108000339,1134,379,755
108000364,116,279,-163
108000365,134,325,-191
108000367,128,255,-127
108000368,8,58,-50
108000369,653,287,366
108000371,2,689,-687
108000372,715,4,711
108000373,296,173,123
108000376,141,41,100
108000377,601,192,409
108000378,10329,11690,-1361
108000379,20,255,-235
108000381,74,9,65
108000382,95,1,94
108000383,2,115,-113
108900001,68,670,-602
108900002,228,74,154
108900003,270,544,-274
108900004,152,596,-444
108900005,85,451,-366
108900006,983,240,743
108900007,387,276,111
108900008,238,166,72
108900009,129,129,0
108900010,349,163,186
108900011,816,367,449
108900012,549,515,34
108900013,222,207,15
108900014,33,98,-65
108900015,1,170,-169
108900016,3,261,-258
108900017,302,500,-198
108900018,199,352,-153
108900019,57,544,-487
108900020,80,181,-101
108900021,195,250,-55
108900022,43,212,-169
108900023,435,64,371
108900024,44,67,-23
108900025,187,98,89
108900026,44,135,-91
108900028,118,212,-94
108900029,66,182,-116
108900031,181,292,-111
108900032,17,227,-210
108900034,0,142,-142
108900035,282,879,-597
108900036,204,265,-61
108900037,79,250,-171
108900039,1,229,-228
108900040,8,54,-46
108900041,4881,4055,826
108900042,15,472,-457
108900043,114,496,-382
108900045,108,402,-294
108900046,3,98,-95
108900047,0,35,-35
108900048,92,597,-505
108900049,2236,1677,559
108900050,0,147,-147
108900051,1,116,-115
108900052,40,152,-112
108900053,131,229,-98
108900054,121,202,-81
108900055,55,477,-422
108900056,1,108,-107
108900057,0,134,-134
108900058,44,211,-167
108900059,591,40,551
108900060,136,141,-5
108900061,72,39,33
108900062,4,171,-167
108900063,25,178,-153
108900064,305,49,256
108900065,16,136,-120
108900066,546,169,377
108900067,41,121,-80
108900068,0,50,-50
108900069,75,52,23
108900070,34,81,-47
108900071,153,78,75
108900072,2067,691,1376
108900073,4,66,-62
108900074,296,178,118
108900075,53,29,24
108900076,433,56,377
108900077,76,101,-25
108900078,37,120,-83
108900079,627,180,447
108900080,35,988,-953
108900081,73,229,-156
108900082,107,124,-17
108900083,25,352,-327
108900084,335,176,159
108900085,1878,209,1669
108900086,156,159,-3
108900087,74,160,-86
108900088,1064,462,602
108900089,37,156,-119
108900090,86,171,-85
108900091,115,53,62
108900092,599,275,324
108900093,164,97,67
108900094,370,99,271
108900095,59,269,-210
108900096,262,9,253
108900097,332,181,151
108900098,1715,1045,670
108900099,460,178,282
108900100,99,138,-39
108900101,258,169,89
108900102,118,1226,-1108
108900103,71,129,-58
108900104,115,352,-237
108900105,3,1476,-1473
108900106,544,224,320
108900108,406,73,333
108900109,61,32,29
108900110,285,257,28
108900111,495,383,112
108900112,291,29,262
108900113,60,53,7
108900114,1,2,-1
108900115,101,82,19
108900116,112,25,87
108900117,216,11,205
108900119,336,18,318
108900120,201,228,-27
108900121,421,127,294
108900122,182,29,153
108900123,236,151,85
108900124,560,193,367
108900126,113,88,25
108900127,259,28,231
108900128,145,41,104
108900129,1057,145,912
108900131,471,9,462
108900132,539,44,495
108900133,329,81,248
108900134,500,241,259
108900135,197,12,185
108900137,226,5,221
108900138,970,83,887
108900139,878,127,751
108900140,458,195,263
108900141,434,31,403
108900142,137,6,131
108900143,0,0,0
108900144,101,0,101
108900145,249,14,235
108900146,120,5,115
108900147,242,1,241
108900148,63,32,31
108900149,620,250,370
108900150,276,17,259
108900151,234,26,208
108900152,520,145,375
108900153,240,268,-28
108900154,5950,524,5426
108900155,300,88,212
108900156,103,21,82
108900157,62,443,-381
108900158,535,33,502
108900159,5,126,-121
108900160,13,221,-208
108900161,7,266,-259
108900162,139,0,139
108900163,3,298,-295
108900164,41,76,-35
108900165,160,88,72
108900167,1241,8844,-7603
108900168,5430,2793,2637
108900169,43,131,-88
108900171,5221,3826,1395
108900172,234,52,182
108900173,186,337,-151
108900174,1080,640,440
108900176,183,316,-133
108900177,5050,7243,-2193
108900178,3027,4100,-1073
108900179,619,2109,-1490
108900180,159,273,-114
108900182,61,425,-364
108900183,362,224,138
108900184,742,301,441
108900185,146,421,-275
108900186,156,412,-256
108900187,503,73,430
108900188,839,73,766
108900189,657,165,492
108900190,132,2022,-1890
108900191,190,46,144
108900192,118,239,-121
108900193,328,134,194
108900194,30,786,-756
108900195,135,213,-78
108900196,40,291,-251
108900198,3,326,-323
108900199,292,289,3
108900200,821,466,355
108900201,527,1301,-774
108900203,626,123,503
108900204,446,28,418
108900205,258,29,229
108900206,732,78,654
108900207,274,116,158
108900208,27,297,-270
108900209,189,471,-282
108900210,424,202,222
108900211,178,739,-561
108900212,532,1663,-1131
108900215,106,376,-270
108900216,521,355,166
108900217,144,3,141
108900218,166,30,136
108900219,80,9,71
108900220,66,41,25
108900221,58,294,-236
108900222,354,19,335
108900223,18,213,-195
108900224,43,237,-194
108900225,0,171,-171
108900226,551,33,518
108900227,164,447,-283
108900230,157,248,-91
108900231,32,247,-215
108900232,4,359,-355
108900233,639,124,515
108900234,311,188,123
108900235,240,553,-313
108900236,88,358,-270
108900237,60,178,-118
108900240,152,93,59
108900241,55,45,10
108900245,40,1667,-1627
108900249,150,38,112
108900250,212,87,125
108900257,322,316,6
108900258,33,138,-105
108900259,54,52,2
108900260,6,62,-56
108900261,69,127,-58
108900262,142,153,-11
108900263,35,124,-89
108900264,361,268,93
108900265,1328,623,705
108900266,559,738,-179
108900267,1,156,-155
108900268,25,16,9
108900269,84,28,56
108900270,123,17,106
108900271,66,22,44
108900272,283,21,262
108900273,610,1339,-729
108900274,60,71,-11
108900275,49,12,37
108900276,3,85,-82
109000001,3007,1924,1083
109000002,1187,2154,-967
109000003,3001,434,2567
109000004,494,1920,-1426
109000005,2364,575,1789
109000006,650,1776,-1126
109000007,1787,593,1194
109000008,639,1559,-920
109000009,4403,1378,3025
109000010,1309,3005,-1696
109000011,3911,2127,1784
109000012,1996,2439,-443
109000013,4781,3672,1109
109000014,2247,2480,-233
109000015,4064,8791,-4727
109000016,5130,2991,2139
109000017,3014,1242,1772
109000018,973,2406,-1433
109000019,3119,1182,1937
109000020,1120,1578,-458
109000023,343,34,309
109000024,13,243,-230
109000025,360,564,-204
109000026,511,268,243
109000027,106,296,-190
109000028,134,110,24
109000029,167,241,-74
109000030,109,476,-367
109000031,298,167,131
109000032,147,412,-265
109000033,374,194,180
109000034,71,46,25
109000035,20,54,-34
109000036,87,268,-181
109000037,300,2126,-1826
109000038,541,331,210
109000039,1491,1024,467
109000040,3991,12262,-8271
109000041,2000,1925,75
109000042,531,1327,-796
109000044,437,68,369
109000045,119,299,-180
109000046,434,81,353
109000047,60,342,-282
109000048,1014,288,726
109000049,215,578,-363
109000050,459,290,169
109000051,322,220,102
109000052,639,686,-47
109000053,258,79,179
109000054,407,433,-26
109000055,280,425,-145
109000056,421,429,-8
109000057,928,629,299
109000058,977,331,646
109000059,649,1439,-790
109000060,394,374,20
109000061,716,1473,-757
109000062,192,412,-220
109000063,292,142,150
109000064,358,181,177
109000065,210,203,7
109000066,474,91,383
109000067,88,219,-131
109000068,2116,14,2102
109000069,891,57,834
109000070,18,1747,-1729
109000071,393,101,292
109000072,150,283,-133
109000073,68,104,-36
109000074,42,130,-88
109000075,57,300,-243
109000076,99,248,-149
109000077,454,190,264
109000078,82,159,-77
109000079,174,141,33
109000080,187,89,98
109000081,167,369,-202
109000082,736,170,566
109000083,268,509,-241
109000088,162,436,-274
109000089,360,77,283
109000090,158,345,-187
109000091,399,222,177
109000092,367,402,-35
109000093,341,184,157
109000094,781,2,779
109000095,155,331,-176
109000096,842,242,600
109000097,69,95,-26
109000098,61,167,-106
109000099,1006,448,558
109000100,373,642,-269
109000101,2120,688,1432
109000102,546,828,-282
109000103,663,639,24
109000104,2263,559,1704
109000105,474,1102,-628
109000106,2321,862,1459
109000107,674,1704,-1030
109000108,2237,694,1543
109000109,567,1359,-792
109000110,2203,632,1571
109000111,1027,1787,-760
109000112,336,120,216
109000113,332,160,172
109000114,187,260,-73
109000115,1088,35,1053
109000116,4,233,-229
109000117,235,50,185
109000118,9,310,-301
109000119,1636,212,1424
109000120,221,560,-339
109000121,635,37,598
109000122,184,512,-328
109000123,40,42,-2
109000124,760,349,411
109000125,938,278,660
109000126,444,588,-144
109000127,1128,163,965
109000128,586,959,-373
109000129,3386,766,2620
109000130,653,1218,-565
109000131,1005,610,395
109000132,751,1381,-630
109000133,335,747,-412
109000134,807,1106,-299
109000135,1246,2032,-786
109000136,320,320,0
109000137,395,370,25
109000138,511,296,215
109000139,665,384,281
109000140,202,304,-102
109000141,684,403,281
109000142,149,447,-298
109000143,137,80,57
109000145,118,230,-112
109000146,41,81,-40
109000148,2994,2347,647
109000149,23,44,-21
109000150,85,302,-217
109000155,949,727,222
109000156,950,588,362
109000158,308,326,-18
109000159,234,569,-335
109000160,1135,294,841
109000161,448,996,-548
109000162,2524,673,1851
109000163,1315,1516,-201
109000164,1420,2170,-750
109000165,1572,500,1072
109000166,781,114,667
109000167,114,445,-331
109000170,51,40,11
109000171,66,43,23
109000172,50,47,3
109000173,20,92,-72
109000174,116,36,80
109000175,66,84,-18
109000176,330,215,115
109000177,58,103,-45
109000178,472,109,363
109000179,3851,6105,-2254
109000180,4859,3987,872
109000181,20,24,-4
109000182,52,41,11
109000183,69,26,43
109000184,52,11,41
109000185,14,31,-17
109000188,551,1405,-854
109000189,3286,825,2461
109000190,886,453,433
109000191,431,424,7
109000192,468,187,281
109000193,255,209,46
109000194,287,86,201
109000195,231,275,-44
109000196,351,131,220
109000197,264,244,20
109000198,511,87,424
109000199,192,408,-216
109000206,255,30,225
109000207,141,36,105
109000208,103,113,-10
109000209,191,105,86
109000210,141,531,-390
109000211,215,221,-6
109000214,434,253,181
109000215,174,60,114
109000216,367,319,48
109000217,254,173,81
109000218,345,241,104
109000221,395,777,-382
109000222,1020,265,755
109000223,364,376,-12
109000224,38,92,-54
109000225,99,37,62
109000226,40,185,-145
109000227,1259,901,358
109000228,3,1870,-1867
109000231,1,220,-219
109000232,428,230,198
109000236,357,712,-355
109000241,2268,1702,566
109000242,1999,1123,876
109000293,34,99,-65
109000361,147,178,-31
109000364,229,531,-302
109000396,1,353,-352
109000397,767,13,754
109000399,134,356,-222
109000400,63,183,-120
109000403,154,1147,-993
109000406,329,1,328
109000407,277,141,136
109000408,1,380,-379
109000410,1135,242,893
109000411,175,18,157
109900001,113,0,113
109900002,1044,27,1017
109900003,323,2,321
109900004,831,128,703
109900005,27,3,24
109900006,651,164,487
109900007,961,311,650
109900008,0,50,-50
109900009,173,417,-244
109900010,543,33,510
109900011,96,49,47
109900012,370,218,152
109900013,439,187,252
109900014,430,45,385
109900015,524,189,335
109900016,117,17,100
109900017,274,218,56
109900018,258,57,201
109900019,315,34,281
109900020,45,52,-7
109900021,28,37,-9
109900022,84,187,-103
109900023,27,12,15
109900024,41,4,37
109900025,20,49,-29
109900026,0,206,-206
109900027,31,72,-41
109900028,938,1275,-337
109900029,6,215,-209
109900030,57,21,36
109900031,2,331,-329
109900032,8,270,-262
109900033,5,512,-507
109900034,75,5,70
109900035,22,34,-12
109900036,36,52,-16
109900037,31,352,-321
109900038,112,272,-160
109900039,8,0,8
109900040,17,360,-343
109900041,59,286,-227
109900042,67,1919,-1852
109900044,92,158,-66
109900045,357,157,200
109900046,36,54,-18
109900047,318,307,11
109900048,3,80,-77
109900049,8,32,-24
109900050,1,90,-89
109900051,1,40,-39
109900052,141,280,-139
109900053,0,152,-152
109900054,930,180,750
109900055,85,259,-174
109900056,15,275,-260
109900057,7,114,-107
109900058,1,52,-51
109900059,1059,107,952
109900060,512,118,394
109900061,75,266,-191
109900062,0,110,-110
109900063,17,440,-423
109900064,681,189,492
109900065,63,142,-79
109900066,330,606,-276
109900067,1,167,-166
109900068,100,10,90
109900069,8,34,-26
109900070,37,270,-233
109900071,19,30,-11
109900072,15,140,-125
109900073,440,399,41
109900074,17,36,-19
109900075,26,33,-7
109900076,17,129,-112
109900077,56,47,9
109900078,74,180,-106
109900080,160,256,-96
109900081,40,297,-257
109900082,44,290,-246
109900083,18,65,-47
109900084,104,120,-16
109900085,177,487,-310
109900086,151,535,-384
109900087,276,499,-223
109900089,959,219,740
109900090,509,1008,-499
109900091,459,95,364
109900092,1493,50,1443
109900093,1206,176,1030
109900094,81,89,-8
109900095,136,210,-74
109900096,30,0,30
109900097,151,3,148
109900098,597,50,547
109900099,209,2,207
109900100,51,0,51
109900101,744,10,734
109900102,584,34,550
109900103,26,33,-7
109900104,677,416,261
109900105,624,15,609
109900106,546,59,487
109900107,1218,137,1081
109900108,187,341,-154
109900109,38,233,-195
109900110,76,325,-249
109900111,377,726,-349
109900112,325,433,-108
109900113,1141,605,536
109900114,1135,999,136
109900115,178,105,73
109900117,1271,137,1134
109900118,206,371,-165
109900119,570,303,267
109900120,91,53,38
109900121,439,414,25
109900122,730,13,717
109900123,12,183,-171
109900124,40,270,-230
109900125,0,151,-151
109900126,372,67,305
109900128,449,48,401
109900130,5165,2889,2276
109900131,64,164,-100
109900132,29,140,-111
109900133,74,217,-143
109900134,99,69,30
109900135,256,46,210
109900136,62,132,-70
109900137,144,265,-121
109900138,500,301,199
109900140,249,118,131
109900141,588,246,342
109900142,1705,392,1313
109900145,6,651,-645
109900146,512,69,443
109900148,58,64,-6
109900149,26,65,-39
109900150,16,77,-61
109900151,19,57,-38
109900152,0,39,-39
109900153,4,88,-84
109900154,53,1,52
109900155,95,30,65
109900157,55,139,-84
109900158,72,136,-64
109900159,154,41,113
109900160,181,39,142
109900161,261,77,184
109900162,230,102,128
109900163,685,299,386
109900164,102,229,-127
109900165,559,7,552
109900166,3,117,-114
109900167,215,395,-180
109900168,233,516,-283
109900169,290,171,119
109900170,283,1325,-1042
109900171,232,107,125
109900172,292,308,-16
109900173,2042,2666,-624
109900174,43,101,-58
109900175,68,90,-22
109900176,157,172,-15
109900177,55,159,-104
109900178,18,326,-308
109900179,77,33,44
109900180,7,16,-9
110000001,922,493,429
110000002,697,825,-128
110000003,839,767,72
110000004,571,858,-287
110000005,400,2264,-1864
110000006,266,404,-138
110000007,140,101,39
110000008,20,67,-47
110000009,38,21,17
110000010,37,67,-30
110000011,50,50,0
110000012,678,323,355
110000013,47,539,-492
110000014,562,428,134
110000015,282,749,-467
110000016,301,1913,-1612
110000017,3396,312,3084
110000018,3217,411,2806
110000019,9,113,-104
110000020,567,181,386
110000021,611,659,-48
110000022,1476,279,1197
110000023,16,184,-168
110000024,647,552,95
110000025,517,5,512
110000026,11,295,-284
110000027,1147,1055,92
110000028,999,582,417
110000029,583,532,51
110000030,249,406,-157
110000031,326,336,-10
110000032,887,314,573
110000033,305,320,-15
110000034,704,683,21
110000035,950,488,462
110000036,1404,811,593
110000037,231,500,-269
110000038,269,747,-478
110000039,810,4528,-3718
110000040,383,326,57
110000041,368,1972,-1604
110000042,117,630,-513
110000043,1044,374,670
110000044,183,1168,-985
110000045,1308,233,1075
110000046,11,61,-50
110000047,30,106,-76
110000048,25,164,-139
110000049,90,20,70
110000050,27,51,-24
110000051,48,13,35
110000052,22,17,5
110000053,93,18,75
110000054,376,890,-514
110000055,977,121,856
110000056,184,142,42
110000057,460,575,-115
110000058,1275,524,751
110000059,1177,556,621
110000060,1029,1145,-116
110000061,903,784,119
110000062,744,930,-186
110000063,23,156,-133
110000064,58,51,7
110000065,107,77,30
110000066,116,27,89
110000067,97,108,-11
110000068,346,127,219
110000069,379,73,306
110000071,236,74,162
110000073,17,13,4
110000075,13,80,-67
110000076,336,551,-215
110000077,400,1594,-1194
110000078,34,66,-32
110000080,209,534,-325
110000081,111,303,-192
110000082,22,428,-406
110000083,189,547,-358
110000084,1416,1040,376
110000085,1422,1515,-93
110000086,1200,2497,-1297
110000087,17,69,-52
110000088,94,214,-120
110000089,333,72,261
110000090,185,242,-57
110000091,821,298,523
110000092,19,44,-25
110000093,44,22,22
110000094,468,252,216
110000095,204,602,-398
110000096,1661,1920,-259
110000097,1157,1784,-627
110000098,2132,629,1503
110000099,719,1643,-924
110000100,1237,406,831
110000101,21,238,-217
110000102,87,20,67
110000104,486,151,335
110000105,52,237,-185
110000106,652,482,170
110000107,262,354,-92
110000108,162,120,42
110000109,366,238,128
110000110,2377,5450,-3073
110000111,5289,3411,1878
110000112,897,1398,-501
110000113,265,2368,-2103
110000114,377,958,-581
110000115,401,326,75
110000116,61,79,-18
110000117,285,310,-25
110000118,616,146,470
110000119,352,267,85
110000120,444,126,318
110000121,78,375,-297
110000122,444,493,-49
110000123,677,751,-74
110000124,1,753,-752
110000125,1167,7,1160
110000126,394,27,367
110000127,1226,49,1177
110000128,31,1222,-1191
110000129,4,465,-461
110000130,302,207,95
110000131,124,258,-134
110000132,1,506,-505
110000133,24,429,-405
110000134,19,326,-307
110000135,204,36,168
110000136,76,246,-170
110000137,712,511,201
110000138,863,504,359
110000139,1102,954,148
110000140,857,718,139
110000143,664,357,307
110000144,5237,1833,3404
110000145,2009,1073,936
110000146,2531,834,1697
110000147,674,828,-154
110000148,944,254,690
110000151,931,1084,-153
110000152,780,447,333
110000153,194,26,168
110000154,49,37,12
110000155,1690,4085,-2395
110000156,1035,2395,-1360
110000157,2103,2133,-30
110000160,591,258,333
110000161,243,255,-12
110000166,745,125,620
110000167,1126,488,638
110000168,1240,498,742
110000169,999,387,612
110000170,152,51,101
110000171,683,134,549
110000172,188,662,-474
110000173,951,1003,-52
110000174,161,712,-551
110000175,983,64,919
110000176,268,403,-135
110000177,216,1105,-889
110000178,527,1644,-1117
110000179,1217,357,860
110000180,229,225,4
110000181,587,397,190
110000182,292,117,175
110000183,8186,8482,-296
110000184,353,2892,-2539
110000185,1320,1023,297
110000186,871,635,236
110000191,1425,234,1191
110000192,697,4,693
110000193,1311,11,1300
110000194,6,767,-761
110000195,566,235,331
110000196,517,210,307
110000197,144,156,-12
110000198,117,60,57
110000199,76,134,-58
110000200,1163,492,671
110000201,1242,1203,39
110000202,1562,626,936
110000203,661,638,23
110000204,8,165,-157
110000205,206,47,159
110000206,565,942,-377
110000207,1491,424,1067
110000208,404,232,172
110000209,138,1203,-1065
110000210,1698,534,1164
110000211,1404,1075,329
110000212,441,1226,-785
110000213,282,57,225
110000214,414,130,284
110000215,220,288,-68
110000216,127,226,-99
110000217,436,161,275
110000218,255,253,2
110000219,483,49,434
110000220,90,183,-93
110000221,419,62,357
110000222,36,158,-122
110000223,6,268,-262
110000224,36,10,26
110000225,288,744,-456
110000226,335,57,278
110000227,1069,1182,-113
110000228,381,174,207
110000229,0,188,-188
110000230,823,690,133
110000231,187,250,-63
110000232,345,269,76
110000233,264,363,-99
110000234,839,1993,-1154
110000235,1255,1347,-92
110000236,754,627,127
110000237,3151,1700,1451
110000238,1439,1439,0
110000239,2254,1136,1118
110000240,0,75,-75
110000242,0,13,-13
110000243,125,108,17
110000244,175,642,-467
110000245,29,388,-359
110000246,994,529,465
110000247,1309,3991,-2682
110000248,2201,1385,816
110000249,76,15,61
110000250,60,192,-132
110000251,477,404,73
110000252,382,197,185
110000253,1613,633,980
110000254,617,847,-230
110000255,273,897,-624
110000256,569,388,181
110000257,795,464,331
110000258,2,513,-511
110000259,191,18,173
110000260,37,205,-168
110000263,587,100,487
110000264,466,326,140
110000265,1391,2073,-682
110000266,2164,3490,-1326
110000267,29,212,-183
110000268,372,436,-64
110000269,5,99,-94
110000270,98,3,95
110000271,1433,300,1133
110000272,1165,970,195
110000273,3333,2060,1273
110000274,225,1998,-1773
110000275,2199,752,1447
110000276,273,437,-164
110000277,447,474,-27
110000278,410,736,-326
110000279,1082,933,149
110000280,609,496,113
110000281,60,483,-423
110000282,290,47,243
110000283,74,178,-104
110000284,52,60,-8
110000285,4,978,-974
110000286,28,2,26
110000287,160,4,156
110000288,7,159,-152
110000289,412,2279,-1867
110000290,654,713,-59
110000291,3974,1172,2802
110000292,1504,6313,-4809
110000293,798,628,170
110000294,1307,1268,39
110000295,221,735,-514
110000296,750,361,389
110000297,2864,307,2557
110000298,131,315,-184
110000299,190,70,120
110000301,578,34,544
110000302,340,527,-187
110000303,675,12,663
110000304,122,167,-45
110000305,1859,20,1839
110000306,227,921,-694
110000307,2245,11,2234
110000308,771,25,746
110000309,3,721,-718
110000310,1005,44,961
110000311,25,570,-545
110000312,527,102,425
110000313,3048,2251,797
110000314,3,184,-181
110000315,3168,3368,-200
110000316,549,1475,-926
110000317,474,1295,-821
110000318,29,61,-32
110000319,24,29,-5
110000320,66,52,14
110000321,45,32,13
110000322,343,378,-35
110000323,662,170,492
110000324,2739,1938,801
110000325,3089,3938,-849
110000327,522,311,211
110000328,221,435,-214
110000333,1280,901,379
110000334,941,1256,-315
110000335,1211,559,652
110000336,849,917,-68
110000337,1758,641,1117
110000338,587,263,324
110000339,418,273,145
110000340,80,231,-151
110000341,598,455,143
110000342,440,2,438
110000343,0,23,-23
110000344,254,185,69
110000345,278,266,12
110000346,2494,2265,229
110000347,1393,771,622
110000348,33,15,18
110000349,14,17,-3
110000350,75,11,64
110000351,1420,884,536
110000352,686,1699,-1013
110000353,3274,627,2647
110000354,970,3838,-2868
110000355,192,76,116
110000356,1088,10,1078
110000357,639,20,619
110000361,77,30,47
110000362,120,54,66
110000363,545,122,423
110000364,334,391,-57
110000365,196,3,193
110000366,0,107,-107
110000367,512,252,260
110000368,4,63,-59
110000369,80,3,77
110000373,1,240,-239
110000374,199,25,174
110000375,112,998,-886
110000376,45,89,-44
110000377,113,702,-589
110000378,28,464,-436
110000379,2531,2087,444
110000380,78,12,66
110000383,1,1492,-1491
110000384,1744,1297,447
110000385,2,252,-250
110000387,107,15,92
110000388,34,176,-142
110000389,875,40,835
110000391,952,245,707
110000396,247,131,116
110000397,188,132,56
110000398,4,41,-37
110000399,178,2,176
110000587,146,82,64
110000589,192,127,65
110000640,183,32,151
110000652,21,383,-362
110000653,289,370,-81
110000654,74,420,-346
110000656,1,396,-395
110000674,46,14,32
110000675,77,14,63
110000676,3,31,-28
110000679,237,1522,-1285
110000682,182,246,-64
110000683,317,455,-138
110000684,2,43,-41
110000685,11,16,-5
110000686,7,48,-41
110000687,68,7,61
110000688,73,1164,-1091
110000689,19,36,-17
110000692,73,208,-135
110000693,137,364,-227
110000694,1,122,-121
110000695,245,671,-426
110000696,54,98,-44
110900001,306,26,280
110900002,431,260,171
110900003,971,365,606
110900004,519,119,400
110900005,1991,2737,-746
110900006,23,23,0
110900007,150,42,108
110900008,21,31,-10
110900009,543,166,377
110900010,5,58,-53
110900011,31,54,-23
110900012,16,83,-67
110900013,1167,117,1050
110900014,420,24,396
110900015,507,753,-246
110900016,66,118,-52
110900017,577,38,539
110900018,572,57,515
110900019,251,29,222
110900020,169,171,-2
110900021,80,389,-309
110900022,77,221,-144
110900023,163,714,-551
110900024,18,285,-267
110900025,14,44,-30
110900027,31,220,-189
110900028,49,117,-68
110900029,17,267,-250
110900030,69,217,-148
110900031,2,183,-181
110900032,1,65,-64
110900033,33,196,-163
110900035,28,484,-456
110900036,103,38,65
110900037,94,17,77
110900038,932,187,745
110900039,7,276,-269
110900040,231,55,176
110900041,36,93,-57
110900042,165,47,118
110900043,4,81,-77
110900044,211,23,188
110900045,63,267,-204
110900046,28,170,-142
110900047,471,350,121
110900049,116,102,14
110900050,27,6,21
110900051,26,198,-172
110900052,4,157,-153
110900053,152,24,128
110900054,32,153,-121
110900055,29,4,25
110900056,111,117,-6
110900057,6,108,-102
110900058,306,243,63
110900059,589,447,142
110900060,558,148,410
110900061,25,52,-27
110900062,171,178,-7
110900063,63,161,-98
110900064,21,0,21
110900065,230,113,117
110900066,10,79,-69
110900067,333,837,-504
110900068,213,207,6
110900069,11,26,-15
110900070,124,48,76
110900071,230,944,-714
110900073,1,35,-34
110900074,524,81,443
110900075,452,67,385
110900077,1143,549,594
110900078,54,28,26
110900079,1694,1459,235
110900080,178,88,90
110900081,7,38,-31
110900082,121,90,31
110900083,132,69,63
110900084,78,41,37
110900085,101,215,-114
110900086,90,368,-278
110900087,403,81,322
110900088,14,0,14
110900090,54,62,-8
110900091,2,39,-37
110900093,459,132,327
110900095,74,61,13
110900097,25,29,-4
110900098,27,59,-32
110900099,82,389,-307
110900100,0,15,-15
110900102,68,21,47
110900105,1930,226,1704
110900108,14,38,-24
110900111,627,198,429
110900112,862,20,842
110900113,344,49,295
110900115,1,45,-44
110900116,959,1175,-216
110900118,94,3757,-3663
110900119,2623,286,2337
110900120,28,61,-33
110900121,211,4,207
110900122,495,185,310
110900125,454,426,28
110900127,517,1592,-1075
110900128,211,269,-58
110900129,433,983,-550
110900130,790,554,236
110900131,308,50,258
110900132,468,69,399
110900133,158,129,29
110900135,116,246,-130
110900136,329,10,319
110900137,51,3,48
110900138,1488,1157,331
110900139,32,404,-372
110900140,87,3,84
110900141,9,308,-299
110900142,62,124,-62
110900143,261,110,151
110900144,1,507,-506
110900145,188,91,97
110900146,471,292,179
110900147,94,454,-360
110900148,3,242,-239
110900149,4,63,-59
110900150,123,33,90
110900151,21,98,-77
110900152,40,160,-120
110900153,166,118,48
111000001,499,352,147
111000002,362,394,-32
111000003,1336,704,632
111000004,366,795,-429
111000005,1513,1351,162
111000006,1008,1574,-566
111000007,5074,3480,1594
111000008,1871,3092,-1221
111000009,364,626,-262
111000010,1014,316,698
111000011,289,1186,-897
111000012,538,377,161
111000013,441,1006,-565
111000014,1471,423,1048
111000017,113,1127,-1014
111000018,252,360,-108
111000020,816,1989,-1173
111000021,89,97,-8
111000023,159,85,74
111000025,3764,3970,-206
111000029,126,94,32
111000030,32,99,-67
111000031,2530,1333,1197
111000032,620,291,329
111000033,355,339,16
111000034,103,349,-246
111000037,1307,661,646
111000038,3221,2146,1075
111000039,2303,1783,520
111000040,2457,2001,456
111000041,1449,1402,47
111000042,2607,2134,473
111000043,2150,4301,-2151
111000044,2474,1187,1287
111000045,3062,2384,678
111000046,2266,1769,497
111000047,3115,4836,-1721
111000049,646,586,60
111000050,1128,1009,119
111000051,497,754,-257
111000052,604,1343,-739
111000053,335,676,-341
111000054,466,623,-157
111000055,1263,1564,-301
111000056,227,405,-178
111000057,161,374,-213
111000058,522,100,422
111000059,583,301,282
111000060,4782,1094,3688
111000061,761,314,447
111000062,1025,377,648
111000063,1997,1069,928
111000064,868,619,249
111000065,1251,946,305
111000066,626,466,160
111000067,706,478,228
111000068,694,896,-202
111000069,1627,2003,-376
111000070,911,778,133
111000071,145,419,-274
111000072,1269,459,810
111000073,323,910,-587
111000074,1919,1613,306
111000075,1126,601,525
111000076,521,620,-99
111000077,1883,1503,380
111000078,2903,1286,1617
111000079,1253,768,485
111000080,583,660,-77
111000081,1667,5193,-3526
111000082,824,528,296
111000084,833,574,259
111000085,898,1048,-150
111000086,2900,851,2049
111000087,768,569,199
111000088,5622,2624,2998
111000089,800,812,-12
111000090,897,1346,-449
111000091,869,398,471
111000092,1679,707,972
111000093,943,965,-22
111000094,1995,1107,888
111000095,746,2338,-1592
111000096,1579,8428,-6849
111000097,3872,1431,2441
111000098,793,926,-133
111000099,559,1360,-801
111000100,446,1099,-653
111000101,477,778,-301
111000102,304,609,-305
111000104,914,215,699
111000107,261,936,-675
111000109,1475,326,1149
111000110,1802,792,1010
111000111,2930,523,2407
111000112,2075,612,1463
111000113,914,1715,-801
111000114,1897,3619,-1722
111000115,4814,1282,3532
111000116,1039,910,129
111000117,422,790,-368
111000118,1312,760,552
111000119,1411,856,555
111000120,590,624,-34
111000121,335,755,-420
111000122,575,959,-384
111000123,1203,2191,-988
111000124,582,2067,-1485
111000125,342,1133,-791
111000126,128,687,-559
111000127,1176,168,1008
111000128,2575,311,2264
111000129,3451,496,2955
111000130,2832,598,2234
111000131,2339,534,1805
111000132,2198,1009,1189
111000133,213,123,90
111000134,151,88,63
111000135,58,166,-108
111000136,392,299,93
111000138,26,6,20
111000140,1,7,-6
111000141,244,497,-253
111000142,10,231,-221
111000143,2,246,-244
111000144,25,1089,-1064
111000145,768,25,743
111000146,167,12,155
111000147,232,28,204
111000148,189,74,115
111000149,1,25,-24
111000150,23,10,13
111000151,1,21,-20
111000153,679,769,-90
111000154,681,232,449
111000155,146,169,-23
111000156,552,744,-192
111000157,315,1316,-1001
111000158,1190,907,283
111000159,3602,842,2760
111000160,563,340,223
111000161,15,386,-371
111000162,70,124,-54
111000163,857,748,109
111000164,599,3459,-2860
111000165,886,466,420
111000166,1507,301,1206
111000167,170,341,-171
111000168,240,414,-174
111000169,310,653,-343
111000170,453,362,91
111000171,607,455,152
111000172,155,323,-168
111000173,310,615,-305
111000174,234,239,-5
111000175,55,386,-331
111000176,419,100,319
111000177,489,176,313
111000178,1944,223,1721
111000179,267,134,133
111000180,355,436,-81
111000181,1598,184,1414
111000182,248,196,52
111000183,318,284,34
111000184,412,192,220
111000185,407,283,124
111000186,447,154,293
111000187,145,161,-16
111000188,294,314,-20
111000189,838,523,315
111000190,189,213,-24
111000191,194,223,-29
111000192,203,297,-94
111000193,275,199,76
111000194,61,292,-231
111000195,146,325,-179
111000196,64,118,-54
111000197,516,136,380
111000198,705,109,596
111000199,263,141,122
111000200,487,306,181
111000201,710,208,502
111000202,354,163,191
111000203,331,228,103
111000204,435,970,-535
111000213,225,432,-207
111000214,1562,1195,367
111000215,1020,1089,-69
111000217,1818,789,1029
111000218,1314,965,349
111000219,457,177,280
111000220,1102,785,317
111000221,541,115,426
111000224,1,157,-156
111000225,253,92,161
111000226,163,4,159
111000227,27,3,24
111000228,52,449,-397
111000229,77,1011,-934
111000230,340,308,32
111000231,1270,520,750
111000232,831,787,44
111000233,1334,643,691
111000234,158,520,-362
111000239,104,98,6
111000240,90,239,-149
111000241,26,248,-222
111000242,221,60,161
111000243,191,399,-208
111000244,578,85,493
111000245,1299,311,988
111000246,685,263,422
111000247,455,537,-82
111000248,741,341,400
111000249,439,462,-23
111000250,69,79,-10
111000251,61,95,-34
111000253,25,15,10
111000255,29,14,15
111000257,55,12,43
111000260,111,1001,-890
111000261,1681,92,1589
111000271,42,251,-209
111000273,2804,1152,1652
111000274,1362,2377,-1015
111000275,188,52,136
111000276,317,1225,-908
111000277,200,316,-116
111000278,657,214,443
111000291,767,8418,-7651
111000298,596,277,319
111000299,841,162,679
111000300,144,549,-405
111000302,324,76,248
111000303,72,172,-100
111000312,53,72,-19
111000315,0,40,-40
111000320,251,562,-311
111000321,473,117,356
111000322,362,338,24
111000323,279,23,256
111000324,416,181,235
111000325,65,69,-4
111000326,170,209,-39
111000327,470,297,173
111000328,262,496,-234
111000329,0,19,-19
111000330,51,5,46
111000331,9,1,8
111000332,650,1171,-521
111000334,338,962,-624
111000335,986,231,755
111000337,1638,374,1264
111000338,77,81,-4
111000339,827,225,602
111000340,131,418,-287
111000341,1434,712,722
111000342,320,1058,-738
111000344,1268,541,727
111000345,188,88,100
111000346,26,238,-212
111000347,118,5,113
111000350,187,109,78
111000351,137,277,-140
111000352,211,120,91
111000353,227,249,-22
111000354,676,141,535
111000355,306,598,-292
111000358,172,761,-589
111000360,214,410,-196
111000361,204,159,45
111000546,869,649,220
111000547,482,332,150
111000548,152,282,-130
111000549,371,197,174
111000550,80,912,-832
111000551,754,120,634
111000552,1313,256,1057
111000907,422,9,413
111000908,21,2,19
111000916,2119,268,1851
111000917,52,371,-319
111000918,219,529,-310
111000920,588,19,569
111000921,22,153,-131
111000922,611,253,358
111000924,51,538,-487
111000925,3312,2000,1312
111000926,1225,1251,-26
111000927,3401,4602,-1201
111000928,4160,2469,1691
111000929,1597,1403,194
111000930,824,1673,-849
111000931,2504,2825,-321
111000932,3820,1887,1933
111000933,3833,2893,940
111000934,1589,3080,-1491
111000935,1899,1023,876
111000936,1027,1637,-610
111000937,1312,1375,-63
111000938,1304,1176,128
111000939,784,54,730
111000940,689,100,589
111000941,423,313,110
111000943,611,275,336
111000944,182,247,-65
111000945,124,1154,-1030
111001109,619,564,55
111001110,238,371,-133
111001111,73,16,57
111001112,101,3,98
111001113,0,148,-148
111001114,729,94,635
111001115,14,562,-548
111001116,3788,4342,-554
111001117,590,2954,-2364
111001120,124,249,-125
111001121,181,170,11
111001122,222,274,-52
111001123,216,56,160
111900001,69,162,-93
111900002,31,459,-428
111900003,4,238,-234
111900004,34,109,-75
111900006,14,40,-26
111900007,235,9,226
111900008,353,4,349
111900009,214,85,129
111900010,331,371,-40
111900012,159,69,90
111900013,5,40,-35
111900014,3520,5023,-1503
111900015,0,41,-41
111900016,0,60,-60
111900017,0,77,-77
111900018,282,11,271
111900019,4,144,-140
111900020,4,32,-28
111900021,38,65,-27
111900022,7,46,-39
111900023,65,55,10
111900024,0,72,-72
111900025,1,51,-50
111900026,1,63,-62
111900027,1,78,-77
111900028,13,243,-230
111900029,7,59,-52
111900030,47,309,-262
111900031,123,91,32
111900032,0,199,-199
111900033,17,65,-48
111900034,214,387,-173
111900035,87,169,-82
111900036,1,150,-149
111900038,255,547,-292
111900039,39,325,-286
111900040,10,319,-309
111900042,23,103,-80
111900043,2,195,-193
111900044,310,190,120
111900046,33,151,-118
111900048,209,330,-121
111900049,36,197,-161
111900050,147,44,103
111900051,1,139,-138
111900052,267,377,-110
111900053,737,1945,-1208
111900054,201,2,199
111900055,21,189,-168
111900056,129,272,-143
111900057,143,43,100
111900058,555,418,137
111900059,1280,737,543
111900060,498,5,493
111900061,5,121,-116
111900062,42,67,-25
111900063,401,241,160
111900064,88,131,-43
111900065,140,28,112
111900066,163,142,21
111900067,12,299,-287
111900068,54,59,-5
111900069,73,33,40
111900070,233,107,126
111900071,1,182,-181
111900072,48,34,14
111900073,1473,185,1288
111900074,22,177,-155
111900075,95,9,86
111900076,226,61,165
111900077,72,4,68
111900078,359,29,330
111900079,69,27,42
111900080,250,272,-22
111900081,515,239,276
111900082,176,31,145
111900083,232,14,218
111900084,125,6,119
111900085,40,149,-109
111900086,64,12,52
111900087,104,1,103
111900088,664,6,658
111900089,126,1,125
111900090,64,90,-26
111900091,317,5,312
111900092,186,2,184
111900093,434,7,427
111900094,147,0,147
111900095,308,40,268
111900096,128,1,127
111900097,91,0,91
111900098,291,22,269
111900099,109,1,108
111900100,219,11,208
111900101,137,39,98
111900102,693,280,413
111900103,112,114,-2
111900104,242,96,146
111900105,382,250,132
111900106,1118,77,1041
111900107,129,110,19
111900108,148,218,-70
111900109,393,507,-114
111900110,1440,439,1001
111900111,187,57,130
111900112,494,3966,-3472
111900113,144,87,57
111900114,153,94,59
111900115,21,25,-4
111900118,337,96,241
111900119,405,179,226
111900122,93,52,41
111900123,19,27,-8
111900124,34,29,5
111900125,676,48,628
111900126,265,5,260
111900127,0,477,-477
111900128,3,425,-422
111900129,416,20,396
111900130,276,69,207
111900131,598,5,593
111900132,26,710,-684
111900133,19,245,-226
111900134,48,203,-155
111900135,20,42,-22
111900136,66,119,-53
111900137,40,54,-14
111900138,6,71,-65
111900139,25,50,-25
111900140,166,32,134
111900141,99,11,88
111900142,106,36,70
111900143,81,198,-117
111900144,0,48,-48
111900145,0,253,-253
111900146,0,200,-200
111900147,104,313,-209
111900148,16,459,-443
111900149,5,214,-209
111900150,13,103,-90
111900151,7,42,-35
111900152,91,98,-7
111900153,1138,791,347
111900154,27,423,-396
111900155,70,110,-40
111900156,98,63,35
111900157,168,29,139
111900158,754,86,668
111900159,413,32,381
111900160,380,1,379
111900161,282,0,282
111900162,76,200,-124
111900163,41,190,-149
111900164,105,71,34
111901113,567,84,483
111901114,439,180,259
111901115,124,5,119
111901116,40,7,33
111901117,31,48,-17
111901118,36,405,-369
111901119,595,74,521
111901120,107,124,-17
111901121,136,159,-23
111901122,0,330,-330
111901123,264,238,26
111901124,318,9,309
111901125,508,149,359
111901126,176,77,99
111901127,435,851,-416
111901128,8,65,-57
111901129,4,87,-83
111901130,4,118,-114
111901131,1,144,-143
111901132,108,37,71
111901133,35,5,30
111901134,152,7,145
111901135,42,20,22
111901136,72,78,-6
111901137,0,28,-28
111901138,250,48,202
111901139,36,23,13
111901140,10,77,-67
111901141,4,115,-111
111901142,2,88,-86
111901143,0,82,-82
111901144,47,67,-20
111901145,83,244,-161
112000001,2242,770,1472
112000002,664,1853,-1189
112000003,2175,1180,995
112000004,754,675,79
112000005,4449,3900,549
112000006,1942,1396,546
112000007,4485,2724,1761
112000008,2915,4223,-1308
112000009,2813,2379,434
112000010,3708,4663,-955
112000011,1493,1378,115
112000012,5615,6697,-1082
112000013,4002,4641,-639
112000014,2887,3156,-269
112000015,3097,4591,-1494
112000016,5981,3396,2585
112000017,2176,6097,-3921
112000024,2134,844,1290
112000026,2586,3168,-582
112000027,1066,761,305
112000028,1000,1396,-396
112000029,812,1019,-207
112000030,157,95,62
112000031,1570,6276,-4706
112000032,302,70,232
112000033,2071,3044,-973
112000034,224,79,145
112000035,114,876,-762
112000036,681,1863,-1182
112000037,1644,1861,-217
112000038,1721,2429,-708
112000039,122,82,40
112000040,68,235,-167
112000041,457,429,28
112000042,1019,439,580
112000050,1546,1756,-210
112000051,1436,1813,-377
112000054,1367,1464,-97
112000057,1145,476,669
112000058,534,738,-204
112000059,713,761,-48
112000061,3345,1646,1699
112000062,1527,1589,-62
112000063,843,2176,-1333
112000064,3178,4333,-1155
112000065,1704,2013,-309
112000066,4054,1712,2342
112000067,770,658,112
112000068,3640,2905,735
112000069,788,1773,-985
112000070,2878,1242,1636
112000071,1360,2295,-935
112000072,3142,1061,2081
112000073,1965,2457,-492
112000074,1725,1371,354
112000075,1654,1240,414
112000076,3734,2360,1374
112000077,723,511,212
112000078,1982,789,1193
112000079,1744,1514,230
112000080,1029,838,191
112000081,1491,2227,-736
112000082,1706,910,796
112000083,735,1007,-272
112000084,1764,723,1041
112000085,1305,989,316
112000086,2136,1096,1040
112000087,666,391,275
112000088,918,387,531
112000089,595,473,122
112000090,410,322,88
112000091,557,648,-91
112000092,2518,1158,1360
112000093,1674,757,917
112000094,823,854,-31
112000095,793,691,102
112000096,700,648,52
112000097,1708,694,1014
112000098,959,837,122
112000099,1079,1840,-761
112000100,2392,736,1656
112000101,605,754,-149
112000102,1914,469,1445
112000103,389,796,-407
112000105,456,973,-517
112000106,2046,364,1682
112000107,25,231,-206
112000108,301,1457,-1156
112000109,99,49,50
112000110,2264,618,1646
112000111,1122,6352,-5230
112000112,5491,919,4572
112000113,1153,1795,-642
112000114,3444,1150,2294
112000115,394,476,-82
112000116,913,920,-7
112000117,1199,902,297
112000118,1054,816,238
112000119,539,638,-99
112000120,79,287,-208
112000121,201,345,-144
112000122,372,138,234
112000123,926,149,777
112000124,491,90,401
112000125,270,344,-74
112000126,343,315,28
112000127,2619,2990,-371
112000128,1266,1158,108
112000129,108,77,31
112000130,230,114,116
112000131,30,216,-186
112000132,193,221,-28
112000133,493,158,335
112000134,611,326,285
112000135,1973,692,1281
112000136,1207,1552,-345
112000137,2488,3271,-783
112000138,2305,1993,312
112000139,879,700,179
112000140,673,925,-252
112000141,1175,389,786
112000142,136,457,-321
112000143,1388,202,1186
112000144,319,796,-477
112000145,3201,543,2658
112000146,575,1342,-767
112000147,2919,1764,1155
112000148,1373,1954,-581
112000149,632,555,77
112000150,284,496,-212
112000151,334,305,29
112000152,474,341,133
112000153,183,254,-71
112000154,190,245,-55
112000155,152,120,32
112000157,706,626,80
112000158,287,400,-113
112000159,655,351,304
112000167,721,121,600
112000169,226,387,-161
112000173,993,228,765
112000175,541,372,169
112000176,2142,2051,91
112000177,1093,241,852
112000178,118,316,-198
112000179,337,109,228
112000180,304,345,-41
112000181,1321,1426,-105
112000182,1631,1161,470
112000183,37,86,-49
112000184,404,359,45
112000185,662,369,293
112000187,5725,3629,2096
112000195,181,29,152
112000196,494,5,489
112000197,258,237,21
112000198,189,468,-279
112000199,705,800,-95
112000202,576,1,575
112000216,83,215,-132
112000230,146,10,136
112000231,4,199,-195
112000256,114,296,-182
112000313,49,130,-81
112000314,106,49,57
112000337,259,626,-367
112000352,274,410,-136
112000392,1579,1442,137
112000398,1748,795,953
112000399,1648,2693,-1045
112000400,1797,1978,-181
112000401,2594,1606,988
112000402,4417,3960,457
112000403,2139,3419,-1280
112000404,1166,1014,152
112000405,2517,3265,-748
112000406,2896,1735,1161
112000407,9861,9790,71
112000408,7735,4842,2893
112000409,1579,3116,-1537
112000410,658,397,261
112000411,3895,2123,1772
112000412,1471,648,823
112000413,6802,7621,-819
112000414,100,70,30
112000415,104,64,40
112000416,3394,1389,2005
112000417,268,102,166
112000421,76,104,-28
112000422,364,307,57
112000424,1753,3229,-1476
112000425,492,518,-26
112000426,210,308,-98
112000427,0,12,-12
112000428,299,246,53
112000429,2084,2052,32
112000430,2503,2650,-147
112000431,102,187,-85
112000432,631,875,-244
112000433,439,801,-362
112000437,62,150,-88
112900001,122,1,121
112900002,638,752,-114
112900003,71,315,-244
112900004,43,220,-177
112900005,282,139,143
112900006,27,268,-241
112900007,76,200,-124
112900008,3,86,-83
112900009,447,169,278
112900010,463,890,-427
112900011,90,201,-111
112900012,2,31,-29
112900013,18,407,-389
112900014,4,270,-266
112900015,428,674,-246
112900016,7,154,-147
112900017,69,234,-165
112900018,1,168,-167
112900019,35,174,-139
112900020,459,1022,-563
112900021,5,240,-235
112900022,38,91,-53
112900023,0,108,-108
112900024,13,221,-208
112900025,177,318,-141
112900026,7,154,-147
112900027,10,671,-661
112900028,23,148,-125
112900029,28,421,-393
112900030,68,103,-35
112900031,6,312,-306
112900032,254,176,78
112900034,1,43,-42
112900035,1,270,-269
112900036,39,157,-118
112900037,148,243,-95
112900038,920,164,756
112900039,12,316,-304
112900040,16,1205,-1189
112900041,715,1200,-485
112900042,187,215,-28
112900043,75,38,37
112900044,457,453,4
112900045,236,333,-97
112900046,135,52,83
112900047,9,77,-68
112900049,354,54,300
112900050,29,627,-598
112900051,297,489,-192
112900052,8,531,-523
112900053,250,207,43
112900054,339,105,234
112900055,148,72,76
112900056,445,218,227
112900057,21,402,-381
112900058,366,442,-76
112900059,123,177,-54
112900060,37,124,-87
112900061,73,101,-28
112900062,89,115,-26
112900063,111,37,74
112900064,196,221,-25
112900065,45,50,-5
112900066,399,260,139
112900067,359,142,217
112900068,80,60,20
112900069,2076,1106,970
112900071,54,18,36
112900072,497,2788,-2291
112900073,490,151,339
112900074,121,294,-173
112900075,1181,1027,154
112900076,100,40,60
112900078,360,545,-185
112900079,275,24,251
112900080,137,12,125
112900081,51,276,-225
112900082,673,27,646
112900083,149,148,1
112900084,328,173,155
112900085,0,8,-8
112900086,151,0,151
112900087,1050,183,867
112900088,201,68,133
112900089,1271,37,1234
112900090,87,50,37
112900091,325,4,321
112900092,133,510,-377
112900093,1990,19,1971
112900094,117,6,111
112900095,82,1,81
112900096,736,214,522
112900097,87,346,-259
112900098,529,11,518
112900099,1364,38,1326
112900100,68,1,67
112900101,522,4,518
112900102,297,20,277
112900103,269,12,257
112900104,34,1,33
112900105,32,0,32
112900106,423,170,253
112900107,17,1,16
112900108,34,3,31
112900109,130,2,128
112900110,1491,25,1466
112900111,852,5,847
112900112,379,4,375
112900113,0,7,-7
112900114,198,40,158
112900115,1871,6,1865
112900116,162,25,137
112900117,81,68,13
112900118,38,65,-27
112900119,189,6,183
112900120,906,307,599
112900121,85,170,-85
112900122,16,83,-67
112900123,127,18,109
112900124,20,98,-78
112900125,75,538,-463
112900126,167,169,-2
112900127,413,71,342
112900128,239,717,-478
112900129,3,659,-656
112900130,297,119,178
112900131,50,389,-339
112900132,132,705,-573
112900133,32,1556,-1524
112900134,2,299,-297
112900135,80,52,28
112900136,0,15,-15
112900137,0,404,-404
112900138,8,190,-182
112900139,233,1105,-872
112900140,1,54,-53
112900141,1084,71,1013
112900142,66,196,-130
112900143,32,412,-380
112900144,2,148,-146
112900145,15,415,-400
112900146,6,774,-768
112900147,1,1047,-1046
112900148,36,0,36
112900149,312,460,-148
112900151,34,74,-40
112900152,4391,807,3584
112900153,1663,2923,-1260
112900154,0,102,-102
112900155,292,88,204
112900156,535,875,-340
112900157,340,8,332
112900158,103,23,80
112900159,313,145,168
112900160,71,276,-205
112900161,140,57,83
112900162,63,42,21
112900163,102,68,34
112900164,25,203,-178
112900165,208,33,175
112900166,24,89,-65
112900167,7,102,-95
112900168,5,4,1
112900169,12,23,-11
112900170,300,172,128
112900172,59,36,23
112900173,335,152,183
112900174,363,38,325
112900175,149,190,-41
112900176,9,60,-51
112900177,266,62,204
112900178,965,3160,-2195
112900179,40,493,-453
112900180,2718,1687,1031
112900181,758,13,745
112900182,81,663,-582
112900183,194,438,-244
112900184,526,452,74
112900185,313,896,-583
112900186,1534,1574,-40
112900187,120,686,-566
112900188,783,2439,-1656
112900189,19,31,-12
112900190,11,45,-34
112900192,884,982,-98
112900193,1716,572,1144
112900194,74,75,-1
112900195,1141,75,1066
112900196,270,366,-96
112900197,233,366,-133
112900199,827,425,402
112900200,822,202,620
112900201,195,112,83
112900202,418,678,-260
112900203,343,243,100
112900204,954,625,329
112900205,15,7,8
112900206,41,57,-16
112900207,13,0,13
112900208,100,363,-263
112900209,393,335,58
112900210,1,22,-21
112900211,85,67,18
112900212,2,100,-98
112900213,36,29,7
112900214,19,10,9
112900215,11,127,-116
112900216,31,53,-22
112900217,10,88,-78
112900218,203,28,175
112900219,95,1,94
112900220,12,0,12
112900221,105,192,-87
112900222,9,35,-26
112900223,1429,18,1411
112900224,523,358,165
112900225,573,319,254
112900226,286,428,-142
112900227,847,697,150
112900228,86,46,40
112900229,304,29,275
112900230,8292,4848,3444
112900232,398,422,-24
112900233,69,121,-52
112900234,21,63,-42
112900235,123,31,92
112900236,382,14,368
112900237,218,135,83
112900238,16,36,-20
112900239,316,394,-78
113000001,6709,4896,1813
113000002,4303,3400,903
113000003,2044,1654,390
113000004,1691,2106,-415
113000005,2000,949,1051
113000006,1233,1272,-39
113000007,2138,1046,1092
113000008,1804,1488,316
113000009,1564,717,847
113000010,1292,1170,122
113000011,941,1439,-498
113000012,2274,854,1420
113000013,2438,928,1510
113000014,1649,1860,-211
113000015,699,417,282
113000016,555,1401,-846
113000017,116,388,-272
113000018,594,71,523
113000019,291,345,-54
113000020,441,88,353
113000021,1162,471,691
113000022,758,1102,-344
113000025,232,432,-200
113000026,530,662,-132
113000027,665,796,-131
113000028,946,817,129
113000029,1171,646,525
113000030,365,659,-294
113000031,197,272,-75
113000032,290,310,-20
113000033,293,510,-217
113000034,352,379,-27
113000035,48,67,-19
113000036,38,107,-69
113000037,99,28,71
113000038,26,79,-53
113000039,99,468,-369
113000040,64,121,-57
113000042,835,587,248
113000051,1079,2399,-1320
113000052,2081,816,1265
113000053,600,382,218
113000054,467,687,-220
113000055,1524,493,1031
113000056,1319,799,520
113000058,749,821,-72
113000059,1404,525,879
113000060,293,527,-234
113000061,562,771,-209
113000062,711,309,402
113000063,310,64,246
113000064,58,215,-157
113000065,208,570,-362
113000066,1050,104,946
113000067,2830,1125,1705
113000068,394,962,-568
113000069,616,881,-265
113000070,3005,910,2095
113000071,503,603,-100
113000072,1130,459,671
113000073,437,1459,-1022
113000074,1216,425,791
113000075,1973,734,1239
113000076,588,2218,-1630
113000077,1243,699,544
113000078,771,2415,-1644
113000079,764,1074,-310
113000080,695,836,-141
113000081,1069,1103,-34
113000082,1358,1012,346
113000083,598,946,-348
113000084,1851,1391,460
113000085,926,717,209
113000086,1311,1289,22
113000087,1282,987,295
113000088,2255,1522,733
113000089,1039,1618,-579
113000090,265,718,-453
113000091,390,513,-123
113000094,1554,207,1347
113000095,268,604,-336
113000096,180,627,-447
113000097,1153,378,775
113000098,183,47,136
113000099,1728,467,1261
113000100,162,392,-230
113000101,325,555,-230
113000102,768,491,277
113000103,2007,458,1549
113000104,716,2426,-1710
113000105,1335,539,796
113000106,433,541,-108
113000107,1161,752,409
113000108,846,855,-9
113000109,695,1871,-1176
113000110,2344,536,1808
113000111,116,616,-500
113000112,340,304,36
113000113,1577,296,1281
113000114,367,1982,-1615
113000116,859,395,464
113000117,1153,255,898
113000118,80,719,-639
113000119,658,617,41
113000120,85,309,-224
113000121,823,1446,-623
113000124,259,114,145
113000125,91,950,-859
113000127,2137,286,1851
113000128,627,561,66
113000129,592,833,-241
113000133,1918,1852,66
113000134,10,1205,-1195
113000135,4402,5007,-605
113000137,1851,3833,-1982
113000139,434,304,130
113000140,135,271,-136
113000141,352,299,53
113000142,663,1599,-936
113000143,438,243,195
113000144,271,649,-378
113000145,106,149,-43
113000146,154,73,81
113000147,258,102,156
113000148,244,159,85
113000149,142,114,28
113000150,621,254,367
113000151,87,42,45
113000152,69,115,-46
113000153,1517,628,889
113000154,875,1733,-858
113000155,389,817,-428
113000156,173,381,-208
113000157,336,789,-453
113000158,792,276,516
113000159,1192,676,516
113000160,690,937,-247
113000161,359,320,39
113000162,1080,444,636
113000163,162,43,119
113000164,15,75,-60
113000166,217,98,119
113000167,54,84,-30
113000168,123,102,21
113000169,269,69,200
113000170,133,122,11
113000171,56,79,-23
113000172,313,59,254
113000173,82,23,59
113000174,111,328,-217
113000175,467,130,337
113000176,549,176,373
113000177,208,399,-191
113000178,180,244,-64
113000179,368,184,184
113000180,801,1239,-438
113000181,1025,691,334
113000182,193,454,-261
113000183,137,655,-518
113000184,20,113,-93
113000189,394,1031,-637
113000190,744,548,196
113000192,1015,3369,-2354
113000193,3226,2132,1094
113000194,1109,1262,-153
113000195,2195,1519,676
113000196,241,62,179
113000197,1622,1656,-34
113000198,95,312,-217
113000199,2014,553,1461
113000201,263,290,-27
113000202,4191,1363,2828
113000203,180,116,64
113000204,959,2672,-1713
113000205,22,54,-32
113000206,11,26,-15
113000207,69,21,48
113000208,49,47,2
113000209,19,34,-15
113000210,8,12,-4
113000211,128,235,-107
113000212,53,36,17
113000213,55,221,-166
113000214,183,247,-64
113000234,202,605,-403
113000410,311,319,-8
113000411,2668,4996,-2328
113000412,5343,2380,2963
113000413,2013,3021,-1008
113000414,4873,15787,-10914
113000415,2472,2890,-418
113000416,7239,4255,2984
113000417,2713,3087,-374
113000418,5428,4155,1273
113000419,2149,2476,-327
113000420,4864,7215,-2351
113000421,4843,8033,-3190
113000422,12416,12494,-78
113000423,1921,6243,-4322
113000424,3509,10732,-7223
113000425,4,108,-104
113000428,110,192,-82
113000430,25,950,-925
113000432,2136,148,1988
113000433,113,567,-454
113000434,20,122,-102
113000435,21,387,-366
113000436,27,781,-754
113000437,1273,20,1253
113000438,325,9,316
113000439,45,59,-14
113000440,160,26,134
113000441,190,142,48
113000442,158,96,62
113000443,329,128,201
113000444,263,106,157
113000445,87,94,-7
113000446,22,84,-62
113000448,237,253,-16
113000449,154,625,-471
113000450,570,2018,-1448
113000451,1166,221,945
113000452,293,350,-57
113000453,40,326,-286
113000454,481,39,442
113000455,3,415,-412
113000456,3835,2865,970
113000468,1278,198,1080
113000469,78,245,-167
113000470,358,36,322
113000471,8,396,-388
113000472,126,275,-149
113000474,809,592,217
113000475,1575,1856,-281
113000476,1798,1897,-99
113000477,4093,1920,2173
113000478,4107,4344,-237
113000479,92,172,-80
113000480,136,301,-165
113000482,0,0,0
113000485,0,0,0
113000486,3,0,3
113000487,0,2,-2
113000488,1,1,0
113000489,0,16,-16
113000490,0,47,-47
113000491,28,6,22
113000492,2,0,2
113000493,0,1,-1
113000495,117,108,9
113000496,83,56,27
113000497,0,0,0
113000499,0,1,-1
113000500,0,2,-2
113900001,6,249,-243
113900002,3,66,-63
113900003,2,41,-39
113900004,0,53,-53
113900005,0,68,-68
113900006,5,23,-18
113900007,44,54,-10
113900008,15,0,15
113900009,56,0,56
113900010,61,0,61
113900011,88,0,88
113900012,72,0,72
113900013,207,1,206
113900014,655,4,651
113900015,0,54,-54
113900016,33,0,33
113900017,3,35,-32
113900018,369,235,134
113900019,181,49,132
113900020,154,1,153
113900022,49,0,49
113900023,32,0,32
113900024,54,42,12
113900025,399,35,364
113900026,73,0,73
113900027,9,23,-14
113900028,35,362,-327
113900029,79,153,-74
113900030,307,3,304
113900031,29,0,29
113900032,36,0,36
113900033,68,54,14
113900035,62,1,61
113900036,13,58,-45
113900037,187,333,-146
113900038,24,115,-91
113900039,187,30,157
113900040,13,31,-18
113900041,5,6,-1
113900042,69,26,43
113900043,153,101,52
113900044,370,394,-24
113900045,73,5,68
113900046,490,532,-42
113900047,55,105,-50
113900048,159,140,19
113900049,423,340,83
113900050,306,330,-24
113900051,261,286,-25
113900052,137,160,-23
113900053,667,618,49
113900054,24,1,23
113900055,140,290,-150
113900056,71,144,-73
113900057,15,70,-55
113900058,73,112,-39
113900059,283,200,83
113900060,176,269,-93
113900061,893,259,634
113900062,126,14,112
113900063,147,76,71
113900064,41,86,-45
113900065,600,19,581
113900066,444,186,258
113900067,247,497,-250
113900068,597,582,15
113900069,77,37,40
113900070,153,384,-231
113900071,75,52,23
113900072,67,151,-84
113900073,331,327,4
113900074,502,1188,-686
113900075,1194,1418,-224
113900076,223,15,208
113900077,44,141,-97
113900078,35,45,-10
113900079,1,38,-37
113900080,625,226,399
113900081,65,146,-81
113900082,130,206,-76
113900083,466,256,210
113900084,261,100,161
113900085,54,241,-187
113900086,47,12,35
113900087,88,141,-53
113900088,75,86,-11
113900089,465,58,407
113900090,712,324,388
113900091,15,18,-3
113900092,33,73,-40
113900093,70,917,-847
113900094,592,300,292
113900095,168,132,36
113900096,309,87,222
113900097,37,127,-90
113900098,779,118,661
113900099,2,32,-30
113900100,0,4,-4
113900101,22,77,-55
113900102,156,186,-30
113900103,312,362,-50
113900104,139,198,-59
113900105,126,128,-2
113900106,1,51,-50
113900107,0,25,-25
113900108,194,262,-68
113900109,337,216,121
113900110,74,13,61
113900111,166,76,90
113900112,172,56,116
113900113,1313,433,880
113900114,1,43,-42
113900115,0,80,-80
113900116,97,172,-75
113900117,100,27,73
113900118,216,569,-353
113900119,150,486,-336
113900120,49,30,19
113900121,92,92,0
113900122,584,2628,-2044
113900123,500,207,293
113900124,2,69,-67
113900125,733,131,602
113900126,110,40,70
113900127,308,679,-371
113900128,161,82,79
113900129,11,192,-181
113900130,4,290,-286
113900131,279,73,206
113900132,53,78,-25
113900133,13,65,-52
113900135,289,241,48
113900136,136,71,65
113900137,410,286,124
113900138,72,220,-148
113900139,217,239,-22
113900140,164,446,-282
113900141,663,222,441
113900142,197,79,118
113900143,10,54,-44
113900144,234,374,-140
113900145,366,132,234
113900146,162,45,117
113900148,137,378,-241
113900149,187,91,96
113900150,385,463,-78
113900151,476,192,284
113900152,60,61,-1
113900153,197,834,-637
113900154,3,101,-98
113900155,186,214,-28
113900156,203,348,-145
113900157,67,338,-271
113900158,459,809,-350
113900159,23,287,-264
113900160,469,488,-19
113900161,82,220,-138
113900162,529,1571,-1042
113900163,255,202,53
113900164,372,58,314
113900165,817,347,470
113900166,155,166,-11
113900167,283,51,232
113900168,115,72,43
113900169,288,329,-41
113900171,246,68,178
113900172,11,137,-126
113900173,34,361,-327
113900174,542,555,-13
113900175,367,144,223
113900176,412,432,-20
113900177,322,158,164
113900178,362,142,220
113900179,27,274,-247
113900180,142,72,70
113900181,1173,125,1048
113900182,696,768,-72
113900183,55,73,-18
113900184,17,419,-402
113900185,163,76,87
113900186,70,39,31
113900187,33,116,-83
113900188,68,187,-119
113900189,264,109,155
113900190,217,105,112
113900191,118,214,-96
113900192,5,856,-851
113900193,14,198,-184
113900194,1492,786,706
113900195,245,281,-36
113900196,8,253,-245
113900197,115,124,-9
113900198,28,241,-213
113900199,125,603,-478
113900200,15,275,-260
113900201,0,85,-85
113900202,37,283,-246
113900203,0,58,-58
113900204,47,443,-396
113900205,6,130,-124
113900206,11,144,-133
113900207,1,46,-45
113900208,1,57,-56
113900209,1,62,-61
113900210,631,817,-186
113900211,218,67,151
113900212,206,307,-101
113900214,336,418,-82
113900215,116,105,11
113900216,190,541,-351
113900217,80,147,-67
113900218,222,78,144
113900219,138,314,-176
113900220,156,94,62
113900221,390,382,8
113900222,215,567,-352
113900223,250,575,-325
113900224,81,54,27
113900225,1036,240,796
113900226,416,142,274
113900227,537,236,301
113900228,334,574,-240
113900229,70,960,-890
113900230,4131,4060,71
113900231,177,156,21
113900232,120,98,22
113900233,146,66,80
113900234,427,452,-25
113900235,118,20,98
113900236,200,222,-22
113900237,228,14,214
113900238,270,576,-306
113900239,78,94,-16
113900240,4,188,-184
113900241,110,66,44
113900242,40,139,-99
113900243,113,343,-230
113900244,310,190,120
113900245,914,263,651
113900246,13,25,-12
113900247,136,485,-349
113900248,2042,2232,-190
113900249,930,498,432
113900250,60,224,-164
113900251,794,142,652
113900252,630,24,606
113900253,739,90,649
113900254,869,162,707
113900255,640,11,629
113900256,431,31,400
113900257,33,452,-419
113900258,17,318,-301
113900259,619,146,473
113900260,189,9,180
113900261,97,73,24
113900262,139,401,-262
113900263,172,575,-403
113900264,4,344,-340
113900265,158,240,-82
113900266,39,165,-126
113900267,102,466,-364
113900268,436,439,-3
113900269,72,161,-89
113900270,301,654,-353
113900271,677,746,-69
113900273,126,29,97
113900274,94,34,60
113900275,27,53,-26
113900276,1,127,-126
113900277,178,14,164
113900278,337,177,160
113900279,45,80,-35
113900280,1455,470,985
113900281,656,1575,-919
113900282,778,750,28
113900283,403,490,-87
113900284,982,293,689
113900285,198,46,152
113900286,93,103,-10
113900287,84,83,1
113900288,10,217,-207
113900289,618,139,479
113900290,234,310,-76
113900291,92,170,-78
113900292,26,11,15
113900293,2,164,-162
113900294,553,21,532
113900295,456,420,36
113900296,1875,471,1404
113900297,2327,54,2273
113900298,18,1411,-1393
113900299,115,96,19
113900300,3744,4533,-789
113900301,645,481,164
113900302,1863,1001,862
113900303,439,628,-189
113900304,3,104,-101
113900305,114,0,114
113900306,91,0,91
113900307,35,0,35
113900308,128,110,18
113900309,3,620,-617
113900310,1,11,-10
113900311,9,3,6
113900312,249,189,60
113900313,17,11,6
114000001,1225,1954,-729
114000002,359,340,19
114000003,52,363,-311
114000004,453,393,60
114000005,392,251,141
114000006,2186,1876,310
114000007,778,1178,-400
114000008,1404,2109,-705
114000009,1073,283,790
114000011,3372,2068,1304
114000012,3445,1635,1810
114000013,2269,1423,846
114000014,487,206,281
114000015,2298,326,1972
114000016,236,198,38
114000017,159,448,-289
114000018,224,73,151
114000026,2421,1049,1372
114000027,4106,2062,2044
114000028,2913,3073,-160
114000038,331,163,168
114000039,117,43,74
114000040,217,218,-1
114000042,242,152,90
114000043,50,114,-64
114000044,397,33,364
114000045,55,52,3
114000046,2969,4492,-1523
114000047,13,172,-159
114000048,103,27,76
114000049,1908,1424,484
114000050,2182,1831,351
114000051,3366,1965,1401
114000052,4637,2153,2484
114000053,113,827,-714
114000054,250,733,-483
114000055,318,26,292
114000056,685,1135,-450
114000057,4379,1979,2400
114000058,414,1844,-1430
114000059,226,413,-187
114000060,501,801,-300
114000061,2489,3452,-963
114000062,1681,2268,-587
114000063,1839,1333,506
114000064,4129,4053,76
114000065,1555,1969,-414
114000066,503,571,-68
114000067,48,925,-877
114000068,555,704,-149
114000069,1142,608,534
114000070,2386,1804,582
114000071,916,455,461
114000072,651,232,419
114000073,13,52,-39
114000074,103,31,72
114000075,75,63,12
114000076,45,87,-42
114000077,9,28,-19
114000078,446,429,17
114000079,223,25,198
114000080,78,93,-15
114000081,115,112,3
114000082,48,328,-280
114000083,68,188,-120
114000084,425,79,346
114000085,80,507,-427
114000086,233,263,-30
114000087,214,116,98
114000088,55,28,27
114000089,548,323,225
114000090,1112,1135,-23
114000091,1675,862,813
114000092,1388,433,955
114000093,1716,629,1087
114000094,503,351,152
114000095,348,165,183
114000096,174,282,-108
114000097,143,450,-307
114000098,731,113,618
114000099,868,381,487
114000100,1905,505,1400
114000101,465,482,-17
114000102,678,314,364
114000103,175,271,-96
114000104,45,148,-103
114000105,244,113,131
114000106,825,1511,-686
114000107,539,103,436
114000108,917,899,18
114000109,737,1237,-500
114000110,722,1101,-379
114000111,2411,832,1579
114000112,569,1490,-921
114000113,1403,576,827
114000114,1281,1213,68
114000115,2583,1311,1272
114000116,1225,812,413
114000117,4144,559,3585
114000118,3285,483,2802
114000119,2298,535,1763
114000120,571,709,-138
114000121,450,748,-298
114000122,490,302,188
114000123,2425,349,2076
114000124,1126,292,834
114000125,771,971,-200
114000126,2402,257,2145
114000127,416,174,242
114000128,1092,362,730
114000130,574,518,56
114000131,326,119,207
114000132,751,393,358
114000133,1063,1215,-152
114000134,89,112,-23
114000138,57,195,-138
114000139,527,316,211
114000144,1172,593,579
114000145,104,130,-26
114000146,104,229,-125
114000147,1814,2318,-504
114000148,1681,2125,-444
114000149,391,370,21
114000150,489,732,-243
114000151,655,1683,-1028
114000152,123,40,83
114000153,680,2075,-1395
114000154,704,636,68
114000155,1558,2623,-1065
114000156,721,634,87
114000157,255,1129,-874
114000158,1060,682,378
114000159,143,370,-227
114000160,106,363,-257
114000161,1346,3413,-2067
114000162,1386,3078,-1692
114000163,32,76,-44
114000165,650,333,317
114000166,770,562,208
114000167,2790,1595,1195
114000168,681,591,90
114000169,1497,1675,-178
114000170,1192,1139,53
114000171,1445,2881,-1436
114000174,177,420,-243
114000176,339,390,-51
114000177,1413,686,727
114000178,46,60,-14
114000179,1161,741,420
114000180,468,563,-95
114000181,1773,4143,-2370
114000182,2346,2127,219
114000183,677,590,87
114000184,564,768,-204
114000185,1355,818,537
114000189,1491,143,1348
114000190,3714,505,3209
114000191,77,124,-47
114000192,168,1003,-835
114000193,500,1628,-1128
114000194,1460,759,701
114000195,183,80,103
114000196,2,131,-129
114000197,1785,16,1769
114000198,891,371,520
114000199,1869,1878,-9
114000200,587,1253,-666
114000201,155,629,-474
114000202,1013,421,592
114000203,534,514,20
114000204,165,423,-258
114000205,267,1186,-919
114000206,709,1256,-547
114000207,537,1332,-795
114000208,524,1775,-1251
114000209,510,1512,-1002
114000210,253,921,-668
114000211,1283,1303,-20
114000212,1057,856,201
114000213,1720,616,1104
114000214,113,138,-25
114000215,239,86,153
114000216,1500,428,1072
114000217,426,258,168
114000218,219,187,32
114000219,1558,207,1351
114000220,16,615,-599
114000221,898,147,751
114000222,162,708,-546
114000223,762,148,614
114000224,76,518,-442
114000225,326,489,-163
114000226,294,239,55
114000227,1084,417,667
114000228,966,636,330
114000229,1479,1092,387
114000230,1841,1038,803
114000231,1425,1235,190
114000232,911,180,731
114000233,2679,180,2499
114000234,1211,778,433
114000235,1259,1243,16
114000236,0,356,-356
114000237,120,712,-592
114000238,167,221,-54
114000239,179,864,-685
114000240,915,802,113
114000241,263,660,-397
114000242,782,701,81
114000243,1936,918,1018
114000244,619,267,352
114000245,423,712,-289
114000246,90,47,43
114000247,699,593,106
114000248,1525,537,988
114000249,597,465,132
114000250,668,555,113
114000251,501,182,319
114000252,40,53,-13
114000253,91,130,-39
114000254,142,57,85
114000255,643,263,380
114000256,1131,2869,-1738
114000257,384,1045,-661
114000258,318,335,-17
114000259,126,193,-67
114000260,0,30,-30
114000261,51,48,3
114000262,305,104,201
114000263,7,2,5
114000264,1482,403,1079
114000265,0,1,-1
114000267,5,1619,-1614
114000268,1,1080,-1079
114000270,179,1,178
114000271,353,77,276
114000283,1574,394,1180
114000285,41,137,-96
114000288,132,231,-99
114000289,1787,153,1634
114000293,341,505,-164
114000294,211,350,-139
114000395,1485,25,1460
114000396,753,528,225
114000402,725,234,491
114000403,415,278,137
114000405,204,256,-52
114000423,333,311,22
114000424,665,184,481
114000425,984,264,720
114000426,347,910,-563
114000427,89,98,-9
114000428,137,183,-46
114000429,8,180,-172
114000432,121,62,59
114000434,22,61,-39
114000435,30,140,-110
114000436,1736,606,1130
114000437,433,4354,-3921
114900001,706,628,78
114900002,714,158,556
114900003,917,948,-31
114900004,246,467,-221
114900005,649,583,66
114900006,88,93,-5
114900007,332,11,321
114900008,243,86,157
114900010,1435,1686,-251
114900011,238,133,105
114900013,287,176,111
114900015,78,530,-452
114900018,1013,35,978
114900020,190,85,105
114900022,2,629,-627
114900024,319,162,157
114900025,616,192,424
114900026,65,155,-90
114900027,386,193,193
114900029,21,23,-2
114900030,345,149,196
114900031,471,24,447
114900032,471,32,439
114900033,740,1148,-408
114900034,37,187,-150
114900035,148,254,-106
114900036,210,459,-249
114900037,128,102,26
114900038,241,465,-224
114900039,559,261,298
114900040,80,89,-9
114900041,945,330,615
114900042,1169,431,738
114900043,544,266,278
114900044,189,49,140
114900046,32,84,-52
114900047,288,2616,-2328
114900048,120,209,-89
114900049,19,150,-131
114900050,72,236,-164
114900051,19,344,-325
114900052,69,237,-168
114900053,131,245,-114
114900054,59,112,-53
114900057,213,21,192
114900058,1,75,-74
114900059,97,68,29
114900060,709,683,26
114900061,136,101,35
114900062,244,328,-84
114900063,77,113,-36
114900064,1820,338,1482
114900065,468,749,-281
114900067,171,334,-163
114900068,63,172,-109
114900069,215,99,116
114900070,594,265,329
114900072,1,271,-270
114900073,1,152,-151
114900074,832,437,395
114900075,335,11,324
114900076,16,303,-287
114900080,1462,311,1151
114900082,2961,2305,656
114900083,1056,1022,34
114900090,471,186,285
114900091,103,189,-86
114900095,276,138,138
114900096,424,556,-132
114900097,234,42,192
114900098,4,155,-151
114900099,260,4,256
115000001,4564,2850,1714
115000002,4595,5045,-450
115000003,4109,2322,1787
115000004,5677,6590,-913
115000005,1611,1888,-277
115000006,1371,1581,-210
115000007,144,210,-66
115000008,321,494,-173
115000009,232,226,6
115000010,302,203,99
115000013,87,225,-138
115000015,49,376,-327
115000016,168,401,-233
115000019,185,512,-327
115000020,113,730,-617
115000021,245,469,-224
115000022,583,379,204
115000023,422,785,-363
115000024,1026,367,659
115000025,1019,812,207
115000026,218,360,-142
115000027,295,340,-45
115000028,327,707,-380
115000029,787,155,632
115000030,1207,1119,88
115000031,1638,390,1248
115000032,14,249,-235
115000033,167,49,118
115000034,77,1093,-1016
115000035,1328,84,1244
115000036,0,567,-567
115000037,741,18,723
115000038,74,161,-87
115000039,3357,4253,-896
115000040,4400,2650,1750
115000041,1349,3661,-2312
115000042,954,539,415
115000043,4022,2507,1515
115000044,3561,3033,528
115000045,2487,1329,1158
115000046,2855,2197,658
115000047,2860,1264,1596
115000048,1868,1823,45
115000049,1772,2774,-1002
115000050,3508,1677,1831
115000051,1732,3447,-1715
115000052,1848,1657,191
115000053,2160,1985,175
115000054,667,1009,-342
115000055,166,864,-698
115000056,274,493,-219
115000057,622,1080,-458
115000058,305,416,-111
115000059,204,127,77
115000061,163,193,-30
115000062,211,257,-46
115000063,672,235,437
115000064,278,104,174
115000065,72,568,-496
115000067,190,16,174
115000069,82,353,-271
115000070,32,1076,-1044
115000071,122,22,100
115000072,11,62,-51
115000073,1732,83,1649
115000075,115,55,60
115000076,2813,2535,278
115000077,2308,1728,580
115000078,1403,1043,360
115000079,1729,1256,473
115000080,3037,1769,1268
115000081,474,784,-310
115000082,4738,3568,1170
115000083,2220,1646,574
115000084,3138,1025,2113
115000085,958,781,177
115000086,1324,779,545
115000087,433,1289,-856
115000088,1995,713,1282
115000089,1339,1257,82
115000090,617,903,-286
115000091,237,673,-436
115000092,702,410,292
115000093,608,3,605
115000094,5717,6526,-809
115000095,4274,6511,-2237
115000096,958,1030,-72
115000097,1440,954,486
115000098,1427,661,766
115000099,2894,2119,775
115000100,1290,433,857
115000101,463,1154,-691
115000102,555,225,330
115000103,290,544,-254
115000105,64,104,-40
115000106,842,304,538
115000107,204,360,-156
115000108,2751,1858,893
115000109,3731,5269,-1538
115000110,1526,1905,-379
115000111,726,1479,-753
115000112,992,709,283
115000113,842,806,36
115000114,1774,693,1081
115000116,4069,2283,1786
115000117,3273,3274,-1
115000118,2756,1660,1096
115000119,2094,2316,-222
115000120,656,1671,-1015
115000121,1066,957,109
115000122,2714,2439,275
115000123,1363,3261,-1898
115000124,776,1100,-324
115000125,575,776,-201
115000126,193,294,-101
115000127,387,157,230
115000128,337,759,-422
115000129,405,426,-21
115000130,469,634,-165
115000131,913,269,644
115000132,302,250,52
115000133,673,232,441
115000134,418,217,201
115000135,389,179,210
115000136,371,287,84
115000137,182,179,3
115000138,442,265,177
115000139,305,176,129
115000140,512,219,293
115000141,167,181,-14
115000142,209,201,8
115000143,993,618,375
115000144,458,67,391
115000145,273,211,62
115000146,592,368,224
115000147,441,318,123
115000148,315,677,-362
115000149,726,286,440
115000150,754,637,117
115000151,1501,495,1006
115000152,812,658,154
115000153,1506,552,954
115000154,1077,301,776
115000155,578,698,-120
115000156,1225,679,546
115000157,715,755,-40
115000158,728,402,326
115000159,674,718,-44
115000160,640,710,-70
115000161,563,477,86
115000162,704,908,-204
115000163,511,607,-96
115000164,828,531,297
115000165,451,587,-136
115000167,147,67,80
115000168,456,378,78
115000169,573,367,206
115000170,131,142,-11
115000171,307,247,60
115000172,1009,689,320
115000173,432,835,-403
115000174,227,534,-307
115000175,331,251,80
115000176,313,157,156
115000177,320,226,94
115000178,21,269,-248
115000179,56,44,12
115000180,152,419,-267
115000181,869,116,753
115000182,1144,261,883
115000183,434,612,-178
115000186,735,262,473
115000187,247,627,-380
115000188,422,539,-117
115000189,264,458,-194
115000190,756,584,172
115000191,170,711,-541
115000194,162,192,-30
115000195,350,255,95
115000196,303,86,217
115000197,222,206,16
115000198,463,146,317
115000199,441,154,287
115000200,417,104,313
115000201,186,332,-146
115000206,432,68,364
115000207,227,295,-68
115000208,363,590,-227
115000209,917,326,591
115000210,198,125,73
115000211,272,285,-13
115000212,1370,336,1034
115000224,383,45,338
115000225,60,79,-19
115000229,164,152,12
115000230,110,347,-237
115000231,352,1045,-693
115000232,1863,247,1616
115000233,206,199,7
115000234,29,262,-233
115000241,111,189,-78
115000242,149,179,-30
115000243,81,194,-113
115000244,12,100,-88
115000246,41,23,18
115000247,41,11,30
115000248,52,9,43
115000249,21,20,1
115000250,290,26,264
115000251,270,96,174
115000252,126,200,-74
115000253,14,344,-330
115000258,333,101,232
115000259,362,127,235
115000261,25,25,0
115000262,26,25,1
115000263,24,44,-20
115000264,27,35,-8
115000267,86,53,33
115000268,54,88,-34
115000269,104,55,49
115000270,23,23,0
115000272,79,125,-46
115000273,434,20,414
115000280,1762,587,1175
115000281,424,1349,-925
115000282,938,1205,-267
115000284,233,222,11
115000296,1027,11,1016
115000297,167,336,-169
115000298,40,679,-639
115000300,230,180,50
115000302,587,113,474
115000303,1021,79,942
115000304,1149,65,1084
115000305,169,564,-395
115000306,317,321,-4
115000307,157,195,-38
115000308,18,18,0
115000309,22,41,-19
115000310,1191,638,553
115000311,1250,992,258
115000313,85,449,-364
115000314,635,177,458
115000315,661,488,173
115000316,73,143,-70
115000317,208,371,-163
115000318,878,320,558
115000319,97,250,-153
115000320,32,315,-283
115000321,387,22,365
115000322,47,172,-125
115000449,252,215,37
115000557,22,1633,-1611
115000558,301,116,185
115000587,674,371,303
115000588,1882,2439,-557
115000589,3801,2159,1642
115000590,1210,1338,-128
115000591,1894,708,1186
115000592,762,1832,-1070
115000593,1747,645,1102
115000594,634,2617,-1983
115000609,141,117,24
115000617,1234,4188,-2954
115000624,307,60,247
115000633,636,2052,-1416
115000634,2712,910,1802
115000635,636,118,518
115000638,579,564,15
115000641,55,129,-74
115000642,425,239,186
115000643,139,422,-283
115000644,182,348,-166
115000646,1102,1554,-452
115000647,175,484,-309
115000648,2348,1458,890
115000893,2166,1394,772
115000894,224,960,-736
115000895,361,700,-339
115000896,1083,318,765
115000897,503,164,339
115000898,645,305,340
115000899,336,1077,-741
115000900,83,326,-243
115000901,66,126,-60
115000912,453,113,340
115000913,2,13,-11
115000915,12,1,11
115000916,7,0,7
115000917,0,14,-14
115000918,80,1210,-1130
115000919,6,27,-21
115000920,20,86,-66
115000921,550,165,385
115000922,519,671,-152
115000923,187,877,-690
115000925,106,118,-12
115000927,28,58,-30
115000933,114,185,-71
115000934,153,200,-47
115000935,163,70,93
115900001,147,32,115
115900002,95,102,-7
115900003,214,65,149
115900004,6,37,-31
115900005,213,19,194
115900006,185,216,-31
115900008,98,13,85
115900009,109,187,-78
115900010,407,106,301
115900011,646,341,305
115900012,193,53,140
115900013,382,151,231
115900014,190,141,49
115900015,118,49,69
115900016,113,34,79
115900017,47,8,39
115900018,152,53,99
115900019,505,33,472
115900020,88,6,82
115900021,1101,259,842
115900022,805,27,778
115900023,25,15,10
115900025,28,229,-201
115900026,817,186,631
115900027,0,209,-209
115900028,659,75,584
115900029,27,336,-309
115900030,43,27,16
115900031,210,302,-92
115900032,440,566,-126
115900033,0,80,-80
115900034,35,273,-238
115900035,86,14,72
115900036,40,975,-935
115900037,57,251,-194
115900038,73,11,62
115900039,211,146,65
115900041,328,713,-385
115900042,42,6,36
115900043,104,53,51
115900044,210,279,-69
115900046,370,155,215
115900047,184,222,-38
115900049,153,144,9
115900051,5,48,-43
115900052,6,138,-132
115900053,305,131,174
115900054,291,53,238
115900055,17,63,-46
115900056,281,183,98
115900057,85,6,79
115900058,46,42,4
115900060,297,161,136
115900061,297,3,294
115900062,56,232,-176
115900063,72,5,67
115900064,231,194,37
115900065,154,101,53
115900066,168,103,65
115900067,18,356,-338
115900068,2183,1043,1140
115900069,42,183,-141
115900070,194,101,93
115900071,2,253,-251
115900072,45,143,-98
115900073,81,116,-35
115900074,3,217,-214
115900075,22,204,-182
115900076,5,35,-30
115900077,13,173,-160
115900078,59,121,-62
115900079,312,15,297
115900080,305,142,163
115900081,21,46,-25
115900082,183,120,63
115900084,710,22,688
115900085,46,75,-29
115900086,1343,491,852
115900088,29,67,-38
115900089,506,570,-64
115900090,427,18,409
115900091,19,29,-10
115900092,33,111,-78
115900093,4,23,-19
115900094,5,145,-140
115900096,10,11,-1
115900097,8,213,-205
115900098,223,239,-16
115900099,92,52,40
115900100,13,314,-301
115900101,152,183,-31
115900102,156,80,76
115900103,334,147,187
115900104,93,96,-3
115900105,367,410,-43
115900106,108,22,86
115900107,111,72,39
115900108,218,38,180
115900109,33,361,-328
115900110,4,14,-10
115900111,2,59,-57
115900112,42,727,-685
115900113,103,25,78
115900114,15,136,-121
115900115,94,180,-86
115900116,98,793,-695
115900117,140,19,121
115900118,4,176,-172
115900119,190,121,69
115900120,26,250,-224
115900121,202,186,16
115900124,340,604,-264
115900125,440,51,389
115900126,861,82,779
115900127,839,64,775
115900128,11,152,-141
115900129,827,34,793
115900130,18,234,-216
115900131,363,27,336
115900132,612,14,598
115900134,342,20,322
115900135,417,1632,-1215
115900137,31,5,26
115900139,52,66,-14
115900140,320,34,286
115900141,8,29,-21
115900142,19,48,-29
115900143,304,597,-293
115900144,119,255,-136
115900146,6,38,-32
115900147,259,313,-54
115900148,88,15,73
115900149,157,15,142
115900150,88,29,59
115900151,22,95,-73
115900152,176,259,-83
115900153,151,204,-53
115900154,345,307,38
115900155,0,40,-40
115900156,724,979,-255
115900157,229,459,-230
115900158,4,6,-2
115900159,196,173,23
115900160,1,12,-11
115900161,174,208,-34
115900163,299,160,139
115900164,789,38,751
115900165,3,139,-136
115900166,171,135,36
115900168,162,150,12
115900171,122,294,-172
115900172,74,120,-46
115900173,223,118,105
115900174,223,171,52
115900175,196,171,25
115900178,10,454,-444
115900179,399,15,384
115900180,30,105,-75
115900181,189,93,96
115900182,502,139,363
115900183,59,70,-11
115900184,1074,10,1064
115900187,14,123,-109
115900189,1,298,-297
115900190,302,1470,-1168
115900191,20,262,-242
115900192,10,97,-87
115900193,222,73,149
115900194,682,45,637
115900195,629,2404,-1775
115900198,213,237,-24
115900199,221,182,39
115900200,255,279,-24
115900201,411,275,136
115900202,1,65,-64
115900203,4,21,-17
115900204,0,3,-3
115900205,71,17,54
115900206,265,175,90
115900207,44,16,28
115900208,134,98,36
115900209,5,100,-95
115900210,2,98,-96
115900211,2,162,-160
115900212,188,198,-10
115900213,160,136,24
115900214,530,161,369
115900215,33,175,-142
115900216,3,119,-116
115900217,1,36,-35
115900218,8,29,-21
115900219,133,2,131
115900220,196,5,191
115900221,104,8,96
115900222,88,36,52
115900223,12,444,-432
115900224,640,1352,-712
115900225,63,55,8
115900226,12,36,-24
115900227,15,27,-12
115900228,16,49,-33
115900229,13,39,-26
115900230,27,90,-63
115900231,125,4,121
115900232,66,1,65
115900233,111,27,84
115900234,54,38,16
115900235,35,40,-5
115900236,57,20,37
115900237,24,28,-4
115900238,29,20,9
115900239,20,56,-36
115900240,12,57,-45
115900241,317,104,213
115900242,259,342,-83
115900243,3,6,-3
115900244,21,19,2
115900245,22,6,16
115900246,11,15,-4
115900247,26,22,4
115900248,22,3,19
115900249,4,16,-12
115900250,7,34,-27
115900251,0,11,-11
115900252,3,5,-2
115900253,15,26,-11
115900254,13,33,-20
115900255,2,9,-7
115900256,12,22,-10
115900257,13,8,5
115900258,0,2,-2
115900259,2,3,-1
115900260,8,1,7
115900261,16,0,16
115900262,4,1,3
115900263,11,2,9
115900264,33,3,30
115900265,1,9,-8
115900266,1,11,-10
115900267,10,9,1
115900268,9,12,-3
115900269,664,305,359
115900270,390,238,152
115900271,74,0,74
115900272,53,1,52
115900273,8,18,-10
115900274,3,7,-4
115900275,0,16,-16
115900276,0,17,-17
115900277,0,22,-22
115900278,30,88,-58
115900279,15,186,-171
115900280,26,481,-455
115900281,182,217,-35
116000001,8614,3782,4832
116000002,5263,13877,-8614
116000003,1578,1417,161
116000004,3138,4640,-1502
116000005,1734,3010,-1276
116000006,2671,3142,-471
116000007,2963,3919,-956
116000008,5433,3365,2068
116000009,1339,1705,-366
116000010,2746,2061,685
116000011,964,1900,-936
116000012,2205,1317,888
116000013,6189,3454,2735
116000014,8280,14093,-5813
116000015,301,1623,-1322
116000016,5185,4723,462
116000017,46,818,-772
116000018,640,301,339
116000019,1039,348,691
116000020,580,847,-267
116000021,614,309,305
116000022,403,310,93
116000023,1476,803,673
116000024,644,745,-101
116000025,1066,868,198
116000026,1657,2550,-893
116000027,942,684,258
116000028,509,1018,-509
116000029,636,773,-137
116000030,921,530,391
116000031,255,357,-102
116000032,341,166,175
116000033,390,440,-50
116000034,712,737,-25
116000035,335,922,-587
116000036,1384,1344,40
116000037,522,484,38
116000038,335,542,-207
116000039,539,461,78
116000040,754,442,312
116000041,201,452,-251
116000042,605,382,223
116000043,102,704,-602
116000044,9,47,-38
116000045,1883,1608,275
116000046,1184,1888,-704
116000047,1808,2349,-541
116000048,2009,1820,189
116000049,1634,2924,-1290
116000050,1700,1339,361
116000051,7249,2799,4450
116000052,6265,5017,1248
116000053,2472,734,1738
116000054,840,2400,-1560
116000055,884,861,23
116000056,1066,1168,-102
116000057,3100,1841,1259
116000058,3663,3400,263
116000059,3397,5653,-2256
116000060,1974,951,1023
116000061,362,1229,-867
116000062,638,230,408
116000063,613,1279,-666
116000066,323,719,-396
116000067,250,448,-198
116000068,222,329,-107
116000069,282,372,-90
116000078,642,1278,-636
116000080,2096,855,1241
116000082,17,46,-29
116000083,2169,422,1747
116000084,2177,3219,-1042
116000085,2583,2127,456
116000086,1519,913,606
116000087,2436,1786,650
116000088,770,988,-218
116000089,165,99,66
116000090,94,164,-70
116000091,415,304,111
116000093,1536,812,724
116000094,950,528,422
116000095,1022,648,374
116000096,1050,1741,-691
116000097,1286,637,649
116000098,67,8306,-8239
116000099,5697,220,5477
116000100,266,25,241
116000101,1051,539,512
116000102,248,763,-515
116000103,613,347,266
116000104,219,1035,-816
116000105,1357,163,1194
116000106,626,829,-203
116000107,3415,283,3132
116000108,664,207,457
116000111,176,23,153
116000113,177,120,57
116000114,40,133,-93
116000115,461,143,318
116000116,245,397,-152
116000117,1809,1769,40
116000118,1613,1109,504
116000119,4200,1783,2417
116000120,2861,3085,-224
116000121,1205,530,675
116000122,1183,1322,-139
116000123,1685,483,1202
116000124,512,958,-446
116000125,3622,880,2742
116000126,339,1236,-897
116000127,1011,1063,-52
116000128,2312,915,1397
116000129,1700,281,1419
116000130,709,596,113
116000133,1418,773,645
116000134,1752,1466,286
116000135,3317,1465,1852
116000136,1010,1777,-767
116000137,1514,967,547
116000138,1180,631,549
116000139,1908,2389,-481
116000140,214,258,-44
116000141,336,546,-210
116000142,2980,2081,899
116000143,1928,2061,-133
116000144,1718,1649,69
116000145,1955,1091,864
116000146,726,117,609
116000147,217,134,83
116000148,647,554,93
116000149,729,835,-106
116000151,466,434,32
116000153,110,418,-308
116000155,234,264,-30
116000156,1249,1122,127
116000157,114,17,97
116000158,457,397,60
116000159,16,17,-1
116000160,18,41,-23
116000161,1,71,-70
116000162,91,110,-19
116000163,41,11,30
116000164,8,15,-7
116000177,573,89,484
116000194,92,363,-271
116000195,1382,775,607
116000196,34,4,30
116000197,7,11,-4
116000198,2794,1176,1618
116000200,803,589,214
116000201,770,724,46
116000202,5,202,-197
116000203,3,78,-75
116000204,24,44,-20
116000205,1,167,-166
116000206,2,107,-105
116000207,8,57,-49
116000233,221,359,-138
116000287,206,323,-117
116000288,401,197,204
116000292,82,104,-22
116000296,11,224,-213
116000297,85,25,60
116000304,165,12,153
116000305,6,89,-83
116000346,204,67,137
116000352,132,24,108
116000354,41,16,25
116000357,26,35,-9
116000358,392,73,319
116000361,52,15,37
116000372,3897,5368,-1471
116000381,137,0,137
116000388,0,36,-36
116000389,927,550,377
116000445,505,362,143
116000446,700,479,221
116000447,14,527,-513
116000448,540,153,387
116000563,1009,1230,-221
116000565,28,349,-321
116000568,45,386,-341
116000579,26,106,-80
116000584,31,4,27
116000585,50,23,27
116000586,62,112,-50
116000587,526,700,-174
116000589,40,48,-8
116000590,85,95,-10
116000591,298,203,95
116000592,8,102,-94
116000593,0,40,-40
116000594,829,349,480
116000595,722,150,572
116000596,113,5,108
116000597,474,133,341
116000598,25,117,-92
116000602,67,497,-430
116000605,210,93,117
116000606,60,296,-236
116000607,6,84,-78
116000609,154,929,-775
116000611,163,305,-142
116000612,978,2120,-1142
116000613,807,334,473
116000614,417,400,17
116000615,4,420,-416
116000616,41,62,-21
116000617,70,22,48
116000618,5,45,-40
116000619,32,100,-68
116000620,166,102,64
116000621,72,179,-107
116000622,61,160,-99
116000624,278,107,171
116000627,15,13,2
116000628,28,127,-99
116000629,13,186,-173
116000630,339,20,319
116000631,108,27,81
116000632,629,166,463
116000633,30,326,-296
116000634,676,18,658
116000635,1726,2015,-289
116900001,287,178,109
116900002,256,3,253
116900003,52,35,17
116900004,56,74,-18
116900005,340,49,291
116900006,99,521,-422
116900007,120,170,-50
116900008,474,221,253
116900009,20,11,9
116900010,9,906,-897
116900011,18,26,-8
116900012,231,212,19
116900013,2,137,-135
116900014,146,130,16
116900015,546,40,506
116900016,271,8,263
116900017,0,395,-395
116900018,92,64,28
116900019,7,246,-239
116900020,695,1261,-566
116900023,124,23,101
116900024,814,50,764
116900025,1472,752,720
116900026,115,512,-397
116900027,37,52,-15
116900028,6,142,-136
116900029,0,41,-41
116900031,0,3,-3
116900032,7,237,-230
116900033,17,12,5
116900034,19,67,-48
116900035,154,147,7
116900036,10,75,-65
116900038,32,1,31
116900041,71,24,47
116900042,423,266,157
116900043,27,49,-22
116900045,219,90,129
116900047,16,156,-140
116900049,33,333,-300
116900050,103,356,-253
116900051,186,134,52
116900052,198,75,123
116900055,2,9,-7
116900057,16,175,-159
116900058,29,317,-288
116900059,0,122,-122
116900060,150,190,-40
116900062,1,7,-6
116900064,80,443,-363
116900065,28,117,-89
116900067,96,54,42
116900068,146,181,-35
116900070,2,2,0
116900072,50,286,-236
116900073,11,85,-74
116900074,10,49,-39
116900076,19,16,3
116900077,16,138,-122
116900078,242,100,142
116900079,49,185,-136
116900080,15,25,-10
116900081,372,910,-538
116900082,454,763,-309
116900083,32,26,6
116900084,107,53,54
116900085,38,138,-100
116900086,52,147,-95
116900088,355,69,286
116900090,99,45,54
116900091,420,37,383
116900092,73,538,-465
116900093,1733,1781,-48
116900094,3384,4704,-1320
116900095,197,82,115
116900096,240,427,-187
116900097,2439,3825,-1386
116900098,821,333,488
116900099,722,836,-114
116900100,1053,51,1002
116900101,341,405,-64
116900103,7,0,7
116900104,53,73,-20
116900105,327,199,128
116900106,2477,98,2379
116900107,2742,3191,-449
116900110,16,0,16
116900111,732,485,247
116900112,319,745,-426
116900113,1730,1504,226
116900116,97,566,-469
116900117,170,102,68
116900118,570,830,-260
116900120,486,70,416
116900121,137,26,111
116900122,1124,559,565
116900123,237,648,-411
116900124,233,829,-596
116900125,512,202,310
116900126,118,657,-539
116900128,2,28,-26
116900129,1,276,-275
116900130,421,4716,-4295
116900131,93,381,-288
116900132,81,105,-24
116900133,172,156,16
116900134,244,246,-2
116900136,300,181,119
116900137,337,148,189
116900138,295,149,146
116900139,172,480,-308
116900140,226,150,76
116900141,992,382,610
116900142,3,63,-60
116900143,349,288,61
116900144,36,77,-41
116900145,94,167,-73
116900147,419,591,-172
116900148,1,43,-42
116900149,98,273,-175
116900150,18,18,0
116900151,23,6,17
116900153,161,86,75
116900154,507,681,-174
116900155,67,77,-10
116900157,873,171,702
116900158,157,309,-152
116900159,60,333,-273
116900160,1174,792,382
116900161,4840,8200,-3360
116900162,13,67,-54
116900163,226,94,132
116900164,127,77,50
116900165,285,324,-39
116900166,53,55,-2
116900167,525,68,457
116900168,382,71,311
116900169,411,651,-240
116900170,442,511,-69
116900171,57,123,-66
116900172,167,411,-244
116900173,275,26,249
116900174,59,69,-10
116900175,202,221,-19
116900178,26,136,-110
116900179,121,387,-266
116900180,102,25,77
116900182,499,286,213
116900183,130,96,34
116900185,30,55,-25
116900186,81,184,-103
116900187,82,64,18
116900188,201,27,174
116900189,118,3,115
116900191,466,575,-109
116900192,353,111,242
116900194,206,1497,-1291
116900195,57,26,31
116900196,26,100,-74
116900197,154,20,134
116900198,150,265,-115
116900200,77,22,55
116900201,162,10,152
116900202,142,35,107
116900203,253,7,246
116900204,55,96,-41
116900206,9,4,5
116900207,24,24,0
116900208,4,82,-78
116900209,19,99,-80
116900210,538,298,240
116900211,248,5,243
116900212,117,40,77
116900213,253,96,157
116900214,223,148,75
116900215,110,46,64
116900216,249,184,65
116900218,5,170,-165
116900219,1297,312,985
116900220,109,252,-143
116900221,134,392,-258
116900222,516,419,97
116900223,154,294,-140
116900226,143,62,81
116900227,191,43,148
116900228,360,145,215
116900230,79,232,-153
116900231,24,271,-247
116900232,12,325,-313
116900233,421,94,327
116900234,65,36,29
116900235,135,257,-122
116900238,1300,323,977
116900239,60,1634,-1574
116900240,4508,3537,971
116900241,131,74,57
116900242,218,662,-444
116900243,6,82,-76
116900245,39,19,20
116900246,149,24,125
116900247,917,24,893
116900248,110,34,76
116900249,547,142,405
116900250,433,41,392
116900251,462,808,-346
116900252,190,768,-578
116900253,149,47,102
116900254,25,66,-41
116900255,121,103,18
116900256,485,104,381
116900257,11,242,-231
116900258,2,144,-142
116900259,229,6,223
116900260,4,75,-71
116900261,74,6,68
116900262,287,168,119
116900263,0,4,-4
116900264,0,3,-3
116900265,41,4,37
116900266,27,26,1
116900267,6,1,5
116900268,350,403,-53
116900269,402,547,-145
116900271,1198,331,867
116900272,312,222,90
116900273,141,71,70
116900274,101,37,64
116900275,119,101,18
116900276,588,170,418
116900277,487,34,453
116900278,6,8,-2
116900279,2,13,-11
116900280,28,26,2
116900281,4478,5516,-1038
116900282,9,85,-76
116900283,18,80,-62
116900284,22,164,-142
116900285,187,202,-15
116900286,166,21,145
116900287,3,25,-22
116900288,91,72,19
116900289,18,4,14
116900290,5,17,-12
116900291,22,21,1
116900292,0,26,-26
116900293,67,20,47
116900294,17,161,-144
116900295,76,47,29
116900296,18,37,-19
116900297,1,64,-63
116900298,56,24,32
116900299,15,27,-12
116900300,3,66,-63
116900301,28,55,-27
116900302,15,54,-39
116900303,125,89,36
116900304,0,164,-164
116900305,8,42,-34
116900306,160,54,106
117000001,2518,1747,771
117000002,2078,3718,-1640
117000003,6847,3617,3230
117000004,3442,4538,-1096
117000005,2373,2050,323
117000006,1136,2530,-1394
117000007,4523,1161,3362
117000008,949,2963,-2014
117000009,5095,2036,3059
117000010,2543,3434,-891
117000011,2718,1584,1134
117000012,1468,1087,381
117000013,2010,797,1213
117000014,1342,2007,-665
117000015,2698,1500,1198
117000016,193,128,65
117000017,194,110,84
117000018,144,854,-710
117000019,99,2,97
117000020,494,1940,-1446
117000021,1147,288,859
117000022,295,206,89
117000023,136,198,-62
117000024,175,258,-83
117000025,328,1176,-848
117000026,1749,1754,-5
117000027,1827,6060,-4233
117000028,2537,2985,-448
117000030,374,512,-138
117000031,280,308,-28
117000032,1375,1106,269
117000033,1600,1315,285
117000034,287,276,11
117000035,477,271,206
117000036,426,272,154
117000037,283,168,115
117000038,134,498,-364
117000039,446,213,233
117000040,216,873,-657
117000041,1218,157,1061
117000044,13,655,-642
117000045,501,151,350
117000046,346,603,-257
117000047,886,641,245
117000048,1714,792,922
117000049,156,810,-654
117000050,205,1485,-1280
117000051,2968,139,2829
117000052,75,258,-183
117000053,792,32,760
117000054,2427,15,2412
117000055,13,2283,-2270
117000056,884,22,862
117000057,479,2190,-1711
117000060,585,1099,-514
117000061,2090,1038,1052
117000062,271,606,-335
117000063,2017,995,1022
117000064,586,533,53
117000066,1128,965,163
117000067,117,697,-580
117000074,133,194,-61
117000076,57,36,21
117000077,192,200,-8
117000078,131,631,-500
117000079,479,234,245
117000080,2,294,-292
117000081,980,127,853
117000082,17,90,-73
117000083,144,10,134
117000084,189,2,187
117000085,306,957,-651
117000086,848,463,385
117000087,82,485,-403
117000088,277,166,111
117000089,1929,239,1690
117000090,377,1043,-666
117000091,1073,299,774
117000092,451,1036,-585
117000093,1564,735,829
117000094,1412,2166,-754
117000095,4214,876,3338
117000096,830,1879,-1049
117000097,1972,1086,886
117000098,2445,3620,-1175
117000099,4540,1370,3170
117000100,274,360,-86
117000101,237,875,-638
117000102,2357,731,1626
117000103,696,1354,-658
117000104,1904,599,1305
117000105,860,1241,-381
117000106,1579,691,888
117000107,596,1465,-869
117000108,2335,972,1363
117000109,1293,2029,-736
117000110,2033,1435,598
117000111,3852,4002,-150
117000112,4202,1766,2436
117000113,154,250,-96
117000114,296,125,171
117000115,102,102,0
117000116,212,235,-23
117000117,1851,1337,514
117000118,263,125,138
117000119,226,271,-45
117000120,180,767,-587
117000121,61,1299,-1238
117000122,228,674,-446
117000123,1720,71,1649
117000124,391,131,260
117000125,154,132,22
117000126,35,7,28
117000127,142,360,-218
117000128,335,871,-536
117000129,148,153,-5
117000130,81,0,81
117000131,0,50,-50
117000132,4246,20,4226
117000133,2449,53,2396
117000134,2,81,-79
117000135,3,49,-46
117000136,0,18,-18
117000137,127,110,17
117000138,3,698,-695
117000140,496,1199,-703
117000141,2211,585,1626
117000181,450,198,252
117000182,442,959,-517
117000195,287,923,-636
117000196,380,180,200
117000225,82,49,33
117000226,12,81,-69
117000276,356,20,336
117000277,2,287,-285
117000310,1583,2171,-588
117000315,49,628,-579
117000320,40,0,40
117000906,479,13,466
117000907,24,248,-224
117000908,5,56,-51
117000909,33,41,-8
117000910,242,212,30
117000911,93,126,-33
117000915,8,373,-365
117000916,72,13,59
117000917,1633,58,1575
117000918,87,71,16
117000919,8,48,-40
117000920,2,1100,-1098
117000921,2,816,-814
117000922,31,52,-21
117000924,776,779,-3
117000926,598,87,511
117000927,1157,1593,-436
117000928,1,82,-81
117000929,332,229,103
117000930,250,22,228
117000931,245,212,33
117900002,97,464,-367
117900003,701,476,225
117900005,15,52,-37
117900006,2,122,-120
117900007,158,77,81
117900008,1,28,-27
117900010,281,88,193
117900011,21,105,-84
117900012,52,94,-42
117900013,0,121,-121
117900014,502,105,397
117900015,14,66,-52
117900016,1144,1165,-21
117900017,577,166,411
117900018,113,173,-60
117900019,596,165,431
117900020,77,429,-352
117900021,35,60,-25
117900022,31,14,17
117900023,767,129,638
117900024,55,52,3
117900025,54,8,46
117900026,523,159,364
117900028,26,1,25
117900029,310,436,-126
117900030,542,247,295
117900031,149,115,34
117900032,1226,627,599
117900033,323,408,-85
117900034,54,29,25
117900035,271,100,171
117900036,251,323,-72
117900037,230,89,141
117900038,25,274,-249
117900039,1,40,-39
117900040,193,259,-66
117900041,9,66,-57
117900042,3451,418,3033
117900043,18,36,-18
117900044,18,3340,-3322
117900045,251,134,117
117900048,369,187,182
117900049,241,376,-135
117900050,7,98,-91
117900051,42,2,40
117900052,82,504,-422
117900053,2078,532,1546
117900054,0,32,-32
117900055,299,190,109
117900056,156,62,94
117900057,1295,1378,-83
117900058,33,11,22
117900059,258,114,144
117900060,3379,4416,-1037
117900061,11,212,-201
117900063,486,187,299
117900065,790,1091,-301
117900066,7,114,-107
117900067,687,148,539
117900069,940,242,698
117900070,137,26,111
117900071,86,106,-20
117900073,558,237,321
117900074,137,65,72
117900075,91,87,4
117900076,25,31,-6
117900077,687,182,505
117900078,497,863,-366
117900080,121,31,90
117900081,535,358,177
117900082,533,404,129
117900083,488,326,162
117900086,124,29,95
117900087,277,70,207
117900088,2763,1848,915
117900089,2782,846,1936
117900090,499,396,103
117900091,143,166,-23
117900092,86,28,58
117900093,118,67,51
117900094,53,54,-1
117900095,379,235,144
117900096,109,250,-141
117900097,594,103,491
117900098,55,24,31
117900099,127,173,-46
117900100,394,0,394
117900101,464,2176,-1712
117900102,129,42,87
117900103,128,4,124
117900104,6,109,-103
117900105,135,234,-99
117900106,129,30,99
117900107,60,1,59
117900109,815,461,354
117900110,207,3,204
117900111,505,46,459
117900112,92,13,79
117900113,2097,2396,-299
117900114,25,0,25
117900115,232,86,146
117900116,857,752,105
117900117,903,366,537
117900118,148,0,148
117900119,313,138,175
117900120,280,44,236
117900121,313,131,182
117900122,1191,5531,-4340
117900123,825,310,515
117900124,965,567,398
117900125,1976,2027,-51
117900126,220,479,-259
117900127,507,407,100
117900128,505,517,-12
117900129,139,0,139
117900130,893,355,538
117900131,1,120,-119
117900132,32,68,-36
117900133,6,104,-98
117900134,132,387,-255
117900135,16,165,-149
117900136,0,25,-25
117900137,46,428,-382
117900138,0,21,-21
117900139,172,101,71
117900140,2545,258,2287
117900141,125,173,-48
117900142,53,60,-7
117900144,57,174,-117
117900145,46,45,1
117900146,128,194,-66
117900147,70,56,14
117900148,2452,2084,368
117900149,133,170,-37
117900150,64,42,22
117900151,50,87,-37
117900152,88,62,26
117900153,25,105,-80
117900154,457,469,-12
117900156,937,689,248
117900157,82,527,-445
117900158,414,194,220
117900160,959,959,0
117900161,2604,1904,700
117900162,564,348,216
117900163,29,181,-152
117900165,0,22,-22
117900166,111,523,-412
117900168,40,192,-152
117900169,1,103,-102
117900170,3,31,-28
117900171,4,11,-7
117900172,15,17,-2
117900173,179,97,82
117900174,38,77,-39
117900175,3,17,-14
117900176,24,33,-9
117900177,16,33,-17
117900178,104,33,71
117900180,216,57,159
117900181,71,520,-449
117900182,5,60,-55
117900183,59,172,-113
117900184,33,72,-39
117900185,66,60,6
117900186,73,18,55
117900187,28,12,16
117900188,252,59,193
117900189,68,47,21
117900190,36,3,33
117900191,110,3,107
117900192,279,0,279
117900193,72,77,-5
117900194,9,2,7
117900195,52,73,-21
117900196,22,51,-29
117900207,249,180,69
117900208,28,36,-8
117900209,131,148,-17
117900210,155,212,-57
117900211,13,188,-175
117900212,167,117,50
117900213,36,12,24
117900214,7,24,-17
117900215,8,38,-30
117900216,10,14,-4
117900217,42,411,-369
117900218,48,64,-16
117900219,6,156,-150
117900220,48,101,-53
118000001,920,1215,-295
118000002,790,1799,-1009
118000003,1901,3671,-1770
118000004,2162,1910,252
118000005,4524,6076,-1552
118000006,4141,9580,-5439
118000007,5881,4468,1413
118000008,3135,4122,-987
118000009,1762,3127,-1365
118000010,6176,3736,2440
118000011,1949,1805,144
118000012,1258,1746,-488
118000013,2124,2244,-120
118000014,2066,2455,-389
118000016,247,254,-7
118000017,568,476,92
118000018,446,395,51
118000019,1996,1669,327
118000020,1100,4023,-2923
118000021,598,3457,-2859
118000022,1655,945,710
118000023,732,289,443
118000024,1251,1463,-212
118000025,44,150,-106
118000027,11075,14257,-3182
118000029,966,932,34
118000032,824,4260,-3436
118000033,2877,7021,-4144
118000034,4653,2717,1936
118000035,2244,3368,-1124
118000036,1065,1300,-235
118000037,765,935,-170
118000038,310,75,235
118000039,95,200,-105
118000040,1918,1219,699
118000041,2901,1300,1601
118000045,348,209,139
118000046,1325,875,450
118000047,949,1089,-140
118000048,2026,2302,-276
118000051,3884,2450,1434
118000052,3040,1457,1583
118000053,434,1137,-703
118000054,1586,2078,-492
118000055,1633,2152,-519
118000056,339,555,-216
118000057,350,606,-256
118000058,2768,2210,558
118000059,2082,1365,717
118000060,1437,529,908
118000061,1516,1293,223
118000062,776,364,412
118000063,477,695,-218
118000064,958,1174,-216
118000065,2912,1882,1030
118000066,892,1649,-757
118000067,798,832,-34
118000068,1379,4642,-3263
118000069,2197,999,1198
118000070,4675,2040,2635
118000071,3038,7197,-4159
118000072,1198,1465,-267
118000073,952,773,179
118000074,497,570,-73
118000075,734,399,335
118000076,1421,3001,-1580
118000077,1074,1237,-163
118000078,1995,2469,-474
118000079,295,525,-230
118000080,725,864,-139
118000081,1847,1357,490
118000082,323,1098,-775
118000083,1734,1609,125
118000084,2671,1952,719
118000086,241,491,-250
118000087,3720,2658,1062
118000088,1835,1742,93
118000089,3806,2295,1511
118000090,1971,2877,-906
118000091,1155,2930,-1775
118000092,852,524,328
118000093,120,701,-581
118000096,492,562,-70
118000097,836,585,251
118000098,297,194,103
118000099,704,648,56
118000101,1334,347,987
118000102,451,931,-480
118000107,1318,422,896
118000108,764,2732,-1968
118000110,1,16,-15
118000111,1,181,-180
118000112,638,2,636
118000113,1,360,-359
118000114,564,5,559
118000115,20,11,9
118000116,38,0,38
118000117,736,669,67
118000118,1051,990,61
118000119,966,1159,-193
118000120,1441,1070,371
118000121,74,618,-544
118000122,1262,410,852
118000123,34,265,-231
118000125,1343,825,518
118000126,755,1799,-1044
118000127,1654,774,880
118000128,461,1032,-571
118000129,1165,541,624
118000130,2053,2768,-715
118000131,834,653,181
118000132,3426,2523,903
118000133,1099,469,630
118000135,617,430,187
118000136,168,398,-230
118000137,667,73,594
118000138,435,515,-80
118000139,511,91,420
118000140,2982,5456,-2474
118000141,2581,1676,905
118000142,2052,1445,607
118000143,2690,1193,1497
118000144,1172,639,533
118000145,2029,1336,693
118000146,1309,645,664
118000147,964,1151,-187
118000148,555,1198,-643
118000149,1172,806,366
118000150,604,206,398
118000151,718,413,305
118000153,1618,1228,390
118000154,1587,1368,219
118000155,1613,1363,250
118000156,1750,2755,-1005
118000157,751,444,307
118000158,287,463,-176
118000159,37,145,-108
118000160,660,339,321
118000161,526,637,-111
118000162,2049,836,1213
118000163,1152,931,221
118000164,2117,1371,746
118000168,850,974,-124
118000169,965,865,100
118000170,3315,4271,-956
118000171,398,836,-438
118000172,70,264,-194
118000173,961,1088,-127
118000175,307,407,-100
118000176,390,459,-69
118000177,344,587,-243
118000178,48,57,-9
118000179,1084,1617,-533
118000180,1051,737,314
118000181,834,327,507
118000182,325,281,44
118000183,216,311,-95
118000184,1171,578,593
118000185,1384,1478,-94
118000186,1006,1283,-277
118000187,1689,508,1181
118000188,808,139,669
118000189,960,492,468
118000190,10,7,3
118000191,32,27,5
118000192,386,347,39
118000193,398,484,-86
118000194,1333,881,452
118000195,466,1290,-824
118000196,241,218,23
118000197,116,159,-43
118000198,411,916,-505
118000199,391,420,-29
118000200,94,232,-138
118000201,420,482,-62
118000202,55,76,-21
118000203,563,694,-131
118000204,93,417,-324
118000205,140,244,-104
118000206,276,232,44
118000207,1,66,-65
118000208,1529,1482,47
118000209,2307,1167,1140
118000210,77,33,44
118000211,19,43,-24
118000213,1502,2175,-673
118000214,422,648,-226
118000215,458,108,350
118000216,2563,2093,470
118000217,22,104,-82
118000218,97,84,13
118000219,428,289,139
118000220,4,55,-51
118000221,354,406,-52
118000222,83,14,69
118000223,53,65,-12
118000224,167,92,75
118000225,143,516,-373
118000226,1044,218,826
118000227,773,459,314
118000228,164,245,-81
118000229,124,122,2
118000230,123,154,-31
118000231,81,194,-113
118000232,805,638,167
118000233,1493,774,719
118000234,620,235,385
118000236,446,278,168
118000237,83,323,-240
118000238,323,124,199
118000239,353,249,104
118000240,314,195,119
118000241,173,156,17
118000242,534,354,180
118000243,329,183,146
118000244,86,107,-21
118000246,3,17,-14
118000255,79,274,-195
118000256,135,163,-28
118000259,11,82,-71
118000260,191,75,116
118000261,42,32,10
118000263,111,174,-63
118000266,139,233,-94
118000267,0,149,-149
118000268,250,4,246
118000270,75,25,50
118000271,155,221,-66
118000272,69,52,17
118000273,194,79,115
118000274,107,196,-89
118000276,571,398,173
118000295,9,159,-150
118000298,182,228,-46
118000299,67,128,-61
118000301,0,46,-46
118000302,131,47,84
118000311,739,99,640
118000312,389,176,213
118000313,87,106,-19
118000314,121,38,83
118000315,76,22,54
118000316,792,391,401
118000325,72,54,18
118000326,52,45,7
118000331,20,49,-29
118000332,29,35,-6
118000333,43,66,-23
118000335,424,0,424
118000336,1,193,-192
118000407,241,58,183
118000457,4,44,-40
118000465,2315,4273,-1958
118000480,31,56,-25
118000489,61,472,-411
118000490,36,170,-134
118000492,274,188,86
118000510,49,33,16
118000514,112,212,-100
118000515,928,759,169
118000517,363,177,186
118000524,343,381,-38
118000525,772,736,36
118000530,31,124,-93
118000531,399,256,143
118000532,288,210,78
118000533,325,105,220
118000534,587,396,191
118000535,353,108,245
118000536,511,1923,-1412
118000537,23,183,-160
118000538,23,64,-41
118000539,75,146,-71
118000540,300,133,167
118000541,265,71,194
118000542,136,232,-96
118000543,236,196,40
118000546,56,27,29
118000560,1779,2693,-914
118000562,50,119,-69
118000563,1378,1176,202
118000576,177,104,73
118000577,151,124,27
118000578,101,55,46
118000579,488,1335,-847
118000595,294,87,207
118000596,0,102,-102
118000597,98,69,29
118000598,26,0,26
118000599,50,27,23
118000600,1,36,-35
118000601,26,0,26
118000602,2,34,-32
118000603,0,15,-15
118900001,440,1391,-951
118900002,746,927,-181
118900003,586,19,567
118900004,57,46,11
118900005,92,19,73
118900006,146,4,142
118900007,7,0,7
118900008,1670,71,1599
118900009,80,70,10
118900010,74,5,69
118900011,197,42,155
118900012,483,209,274
118900013,505,235,270
118900015,309,56,253
118900016,12,4,8
118900017,189,298,-109
118900018,1099,32,1067
118900019,43,15,28
118900020,216,161,55
118900021,240,427,-187
118900022,143,103,40
118900023,139,85,54
118900024,153,190,-37
118900025,67,30,37
118900026,72,63,9
118900027,418,168,250
118900028,151,158,-7
118900029,378,434,-56
118900030,521,60,461
118900031,214,101,113
118900032,236,155,81
118900033,324,377,-53
118900034,169,21,148
118900035,140,146,-6
118900036,1677,659,1018
118900037,457,275,182
118900038,482,120,362
118900039,708,153,555
118900040,257,203,54
118900041,817,140,677
118900042,253,85,168
118900045,359,168,191
118900046,972,432,540
118900047,395,290,105
118900048,176,207,-31
118900049,43,56,-13
118900050,39,52,-13
118900051,79,99,-20
118900052,374,255,119
118900053,26,106,-80
118900054,164,41,123
118900055,138,78,60
118900056,22,358,-336
118900057,933,499,434
118900058,450,306,144
118900059,31,92,-61
118900060,78,79,-1
118900062,352,187,165
118900064,469,742,-273
118900065,78,110,-32
118900066,80,66,14
118900067,3750,4565,-815
118900068,10,218,-208
118900069,448,241,207
118900071,12,71,-59
118900072,446,360,86
118900073,196,107,89
118900074,129,117,12
118900075,81,58,23
118900076,233,82,151
118900077,380,176,204
118900078,35,8,27
118900079,43,138,-95
118900080,58,111,-53
118900081,59,37,22
118900082,1031,150,881
118900083,37,8,29
118900084,10,13,-3
118900085,713,695,18
118900086,33,89,-56
118900087,39,352,-313
118900088,1,9,-8
118900089,23,16,7
118900090,438,323,115
118900091,235,219,16
118900092,289,81,208
118900093,122,31,91
118900096,46,22,24
118900097,269,451,-182
118900099,162,211,-49
118900100,145,168,-23
118900101,156,319,-163
118900102,98,120,-22
118900103,96,133,-37
118900104,298,104,194
118900105,258,109,149
118900107,157,70,87
118900108,117,134,-17
118900109,73,116,-43
118900110,1130,881,249
118900111,531,376,155
118900112,80,138,-58
118900113,115,333,-218
118900114,46,76,-30
118900115,112,370,-258
118900116,163,240,-77
118900117,113,214,-101
118900118,340,251,89
118900119,166,190,-24
118900120,86,258,-172
118900121,7,107,-100
118900122,22,1123,-1101
118900123,178,193,-15
118900124,97,159,-62
118900126,30,387,-357
118900129,324,210,114
118900130,43,215,-172
118900131,151,215,-64
118900132,416,196,220
118900133,10,118,-108
118900135,235,194,41
118900136,251,363,-112
118900137,7,60,-53
118900139,247,260,-13
118900140,423,450,-27
118900141,77,106,-29
118900144,134,335,-201
118900145,20,108,-88
118900146,407,527,-120
118900147,175,171,4
118900148,93,47,46
118900150,196,585,-389
118900152,570,568,2
118900157,70,148,-78
118900158,139,62,77
118900159,3,119,-116
118900161,55,7,48
118900163,92,78,14
118900164,1,91,-90
118900165,65,159,-94
118900166,48,3,45
118900167,98,93,5
118900168,19,221,-202
118900169,164,227,-63
118900170,250,114,136
118900171,28,51,-23
118900174,54,70,-16
118900175,444,510,-66
118900176,179,225,-46
118900177,80,66,14
118900178,62,147,-85
118900179,2,28,-26
118900181,110,115,-5
118900182,152,33,119
118900183,29,154,-125
118900184,304,109,195
118900185,125,81,44
118900186,89,92,-3
118900187,294,333,-39
118900188,383,305,78
118900189,43,842,-799
118900190,14,289,-275
118900191,264,42,222
118900192,297,12,285
118900193,710,7,703
118900195,257,528,-271
118900196,39,118,-79
118900197,149,32,117
118900198,45,15,30
118900199,131,30,101
118900200,32,22,10
118900201,38,40,-2
118900202,2,38,-36
118900203,12,17,-5
118900204,29,30,-1
118900205,1,17,-16
118900206,5,12,-7
119000001,1480,1641,-161
119000002,4900,2845,2055
119000003,3295,968,2327
119000004,2913,1488,1425
119000005,2185,2039,146
119000006,3295,1572,1723
119000007,3937,3420,517
119000008,1878,1668,210
119000009,3949,5812,-1863
119000010,5531,4482,1049
119000011,3961,3606,355
119000012,2623,3738,-1115
119000013,3119,1876,1243
119000014,1856,2576,-720
119000019,420,169,251
119000020,2679,1751,928
119000021,5380,2830,2550
119000022,2476,3657,-1181
119000023,240,271,-31
119000024,2496,14570,-12074
119000025,5080,1241,3839
119000026,126,530,-404
119000027,289,388,-99
119000028,1513,759,754
119000029,123,324,-201
119000030,546,914,-368
119000031,848,583,265
119000032,3497,2640,857
119000033,2430,1334,1096
119000034,1284,936,348
119000035,31,258,-227
119000036,2072,662,1410
119000037,1317,1286,31
119000038,208,642,-434
119000039,433,406,27
119000040,1057,933,124
119000041,1210,1828,-618
119000048,2959,2088,871
119000049,2037,1585,452
119000050,1651,1692,-41
119000051,2395,1023,1372
119000052,1715,2740,-1025
119000053,2230,1098,1132
119000054,3570,2052,1518
119000055,5590,2844,2746
119000056,3308,2083,1225
119000057,1630,1472,158
119000058,2286,1484,802
119000059,1531,1303,228
119000060,1758,1211,547
119000061,1208,684,524
119000062,1361,1284,77
119000063,784,455,329
119000064,1065,1149,-84
119000065,2102,3964,-1862
119000066,2980,1308,1672
119000067,2020,1784,236
119000068,2099,992,1107
119000069,1641,2239,-598
119000070,3126,860,2266
119000071,680,719,-39
119000072,5405,3748,1657
119000073,5787,8566,-2779
119000074,1614,1739,-125
119000075,3171,2141,1030
119000076,583,1603,-1020
119000077,893,935,-42
119000078,522,429,93
119000079,219,1147,-928
119000080,576,267,309
119000081,561,1175,-614
119000082,1379,321,1058
119000083,675,336,339
119000084,354,722,-368
119000085,1398,200,1198
119000086,420,576,-156
119000087,1292,710,582
119000088,499,221,278
119000089,103,206,-103
119000090,207,145,62
119000091,158,474,-316
119000092,724,219,505
119000093,3516,2130,1386
119000094,3899,5185,-1286
119000095,2043,2438,-395
119000097,1801,1085,716
119000098,1024,3325,-2301
119000099,2526,1283,1243
119000100,4777,2957,1820
119000101,5578,2556,3022
119000102,865,1269,-404
119000103,1697,899,798
119000104,2181,1267,914
119000105,1357,2408,-1051
119000106,337,1013,-676
119000107,1223,560,663
119000108,411,762,-351
119000109,239,1275,-1036
119000110,743,1345,-602
119000111,65,1094,-1029
119000112,201,309,-108
119000113,2811,493,2318
119000114,1295,1172,123
119000115,161,190,-29
119000116,116,114,2
119000117,197,398,-201
119000118,10,0,10
119000123,3951,2007,1944
119000124,948,165,783
119000125,4427,590,3837
119000126,942,477,465
119000127,648,438,210
119000128,38,1,37
119000131,1135,461,674
119000132,2,6,-4
119000133,5,7,-2
119000134,1549,610,939
119000135,206,229,-23
119000136,293,147,146
119000137,387,200,187
119000138,649,271,378
119000139,369,152,217
119000140,379,394,-15
119000284,1072,2434,-1362
119000285,1941,1873,68
119000286,6598,4677,1921
119000287,1405,1754,-349
119000288,2166,978,1188
119000289,1336,2217,-881
119000290,238,384,-146
119000291,15,218,-203
119000293,215,202,13
119000294,62,45,17
119000295,1439,345,1094
119000296,383,157,226
119000302,1541,1312,229
119000303,54,143,-89
119000314,1702,11568,-9866
119000315,0,329,-329
119000316,140,99,41
119000317,110,223,-113
119900001,275,1258,-983
119900002,194,271,-77
119900003,49,741,-692
119900004,251,1415,-1164
119900005,262,84,178
119900006,254,413,-159
119900007,1349,288,1061
119900008,238,39,199
119900009,734,568,166
119900010,1907,2248,-341
119900011,23,130,-107
119900012,25,113,-88
119900013,2641,1745,896
119900014,751,426,325
119900015,165,41,124
119900016,42,76,-34
119900017,74,66,8
119900018,1903,1106,797
119900019,60,8,52
119900020,203,214,-11
119900021,210,137,73
119900022,87,1018,-931
119900023,531,1685,-1154
119900025,224,38,186
119900026,701,145,556
119900027,53,23,30
119900028,187,160,27
119900029,3,2,1
119900030,698,446,252
119900031,69,437,-368
119900033,2462,430,2032
119900034,500,101,399
119900037,210,29,181
119900038,53,330,-277
119900039,48,9,39
119900040,111,27,84
119900041,140,30,110
119900042,182,316,-134
119900043,89,123,-34
119900044,264,1005,-741
119900046,182,43,139
119900047,379,107,272
119900048,33,19,14
119900049,129,9,120
119900050,246,164,82
119900051,663,9,654
119900052,64,25,39
119900053,247,120,127
119900054,234,14,220
119900055,1573,482,1091
119900057,264,64,200
119900058,359,2,357
119900059,194,50,144
119900060,368,33,335
119900061,16,0,16
119900062,104,24,80
119900063,15,74,-59
119900064,832,84,748
119900065,299,9,290
119900066,1,1,0
119900067,129,39,90
119900068,626,7,619
119900069,171,14,157
119900070,1404,54,1350
119900071,909,42,867
119900072,18,22,-4
119900073,1774,577,1197
119900074,103,66,37
119900075,3515,2584,931
119900076,730,251,479
119900077,1063,732,331
119900078,647,800,-153
119900079,313,123,190
119900080,1854,917,937
119900081,115,26,89
119900082,1980,240,1740
119900083,451,128,323
119900084,675,397,278
119900085,39,52,-13
119900086,172,135,37
119900087,608,456,152
119900088,37,48,-11
119900089,51,357,-306
119900090,147,67,80
119900091,48,587,-539
119900092,64,431,-367
119900093,1367,261,1106
119900094,49,214,-165
119900095,205,81,124
119900096,48,143,-95
119900097,534,203,331
119900098,55,60,-5
119900099,19,185,-166
119900100,1600,3058,-1458
119900101,176,2531,-2355
119900102,63,189,-126
119900103,56,240,-184
119900104,58,207,-149
119900105,1463,7792,-6329
119900106,22,122,-100
119900107,335,1936,-1601
119900108,6845,731,6114
119900109,16,146,-130
119900110,1134,442,692
119900111,152,229,-77
119900112,999,603,396
119900113,63,225,-162
119900114,329,875,-546
119900115,506,752,-246
119900116,139,423,-284
119900117,353,566,-213
119900118,138,615,-477
119900119,321,182,139
119900120,949,522,427
119900121,503,678,-175
119900122,470,296,174
119900123,288,254,34
119900124,213,681,-468
119900125,52,256,-204
119900126,5032,407,4625
119900127,1766,935,831
119900128,540,486,54
119900129,245,405,-160
119900130,26,189,-163
119900131,49,172,-123
119900132,2,172,-170
119900133,90,120,-30
119900134,1211,197,1014
119900135,0,248,-248
119900136,171,285,-114
119900138,325,517,-192
119900139,94,160,-66
119900140,6,109,-103
119900141,103,866,-763
119900142,34,46,-12
119900143,24,236,-212
119900144,1237,203,1034
119900145,116,138,-22
119900146,215,226,-11
119900147,2,169,-167
119900148,369,94,275
119900149,857,5878,-5021
119900150,165,148,17
119900151,2193,951,1242
119900152,128,223,-95
119900153,179,67,112
119900154,27,148,-121
119900155,57,31,26
119900156,25,3,22
119900157,170,183,-13
119900158,263,100,163
119900159,3,960,-957
119900160,17,91,-74
119900161,196,197,-1
119900162,1285,1300,-15
119900163,106,180,-74
119900164,0,10,-10
119900165,203,151,52
119900166,118,75,43
119900167,69,68,1
119900168,1129,562,567
119900169,99,324,-225
119900170,258,293,-35
119900171,1035,399,636
119900172,199,29,170
119900173,5,339,-334
119900174,3,161,-158
119900175,1738,620,1118
119900177,7,158,-151
119900178,16,132,-116
119900179,142,731,-589
119900180,1236,998,238
119900181,97,110,-13
119900182,9,329,-320
119900183,194,504,-310
119900184,1619,482,1137
119900185,62,216,-154
119900186,67,1275,-1208
119900187,22,310,-288
119900188,133,326,-193
119900189,478,577,-99
119900190,89,405,-316
119900191,201,251,-50
119900192,72,151,-79
119900193,509,184,325
119900194,39,88,-49
119900195,150,193,-43
119900196,980,430,550
119900197,350,146,204
119900198,274,271,3
119900199,138,20,118
119900200,830,622,208
119900201,397,222,175
119900202,108,291,-183
119900203,242,590,-348
119900204,299,211,88
119900205,940,409,531
119900206,269,128,141
119900208,223,189,34
119900209,540,1449,-909
119900210,44,27,17
119900211,88,10,78
119900212,272,219,53
119900213,7,82,-75
119900214,36,62,-26
119900215,51,60,-9
119900216,14,54,-40
119900217,13,60,-47
119900218,22,58,-36
119900219,8,77,-69
119900220,3,64,-61
119900221,30,186,-156
119900222,14,136,-122
119900223,33,47,-14
119900224,18,18,0
119900225,738,50,688
119900226,515,2412,-1897
119900227,942,382,560
119900228,149,338,-189
119900229,394,382,12
119900230,1183,485,698
119900231,382,171,211
119900232,308,158,150
119900233,60,6,54
119900234,54,146,-92
119900235,22,69,-47
119900236,16,172,-156
119900237,96,429,-333
119900238,10,78,-68
119900240,134,138,-4
119900241,204,237,-33
119900242,1304,1758,-454
119900244,763,1636,-873
119900245,132,158,-26
119900246,364,702,-338
119900247,37,120,-83
119900248,89,286,-197
119900249,308,126,182
119900253,2015,431,1584
119900254,114,926,-812
119900255,143,1153,-1010
119900256,861,655,206
119900257,154,8,146
119900258,293,29,264
119900259,8,131,-123
119900260,171,13,158
119900261,460,165,295
119900262,3,164,-161
119900263,1166,320,846
119900264,130,113,17
119900265,1146,339,807
119900266,439,215,224
119900267,287,361,-74
119900268,188,105,83
119900269,1814,1093,721
119900271,51,95,-44
119900272,383,255,128
119900275,200,63,137
119900276,46,3,43
119900277,9,6,3
119900278,202,123,79
119900279,209,369,-160
119900280,637,163,474
119900281,1,272,-271
119900282,89,131,-42
119900283,39,187,-148
119900284,69,218,-149
119900285,19,87,-68
119900286,3,27,-24
119900288,11,5,6
119900289,2,12,-10
119900290,2,16,-14
119900291,0,70,-70
119900292,45,54,-9
119900293,29,71,-42
119900294,21,68,-47
119900295,14,24,-10
119900296,93,150,-57
119900297,4,35,-31
119900298,13,9,4
119900299,65,114,-49
119900300,303,170,133
119900301,112,196,-84
119900302,159,81,78
119900303,337,117,220
119900304,225,15,210
119900305,9,121,-112
119900306,28,5,23
119900307,100,79,21
119900308,9,34,-25
119900309,77,162,-85
119900310,294,225,69
119900311,119,99,20
119900312,117,94,23
119900313,221,284,-63
119900314,272,408,-136
119900315,2153,1685,468
119900318,16,41,-25
119900319,77,245,-168
119900320,382,433,-51
119900321,104,9,95
120000001,5983,17839,-11856
120000002,2908,2373,535
120000003,2966,1649,1317
120000004,2651,1638,1013
120000005,3521,2070,1451
120000006,1261,1132,129
120000007,3140,3231,-91
120000008,1117,1192,-75
120000009,2130,1207,923
120000010,2047,2234,-187
120000011,1056,1291,-235
120000012,1838,2388,-550
120000013,3589,3020,569
120000014,878,1472,-594
120000015,2712,1560,1152
120000016,4434,2270,2164
120000017,3658,2739,919
120000018,3724,14341,-10617
120000019,1220,1531,-311
120000020,3217,3639,-422
120000021,2186,2313,-127
120000022,2901,4069,-1168
120000023,1181,1632,-451
120000024,1449,2460,-1011
120000025,2957,1927,1030
120000026,2452,1775,677
120000027,2526,2408,118
120000028,1172,2214,-1042
120000029,4567,2373,2194
120000030,641,1350,-709
120000031,2563,7886,-5323
120000032,7467,3897,3570
120000033,5530,1657,3873
120000034,2665,1597,1068
120000035,2498,1687,811
120000036,3396,4922,-1526
120000037,692,1669,-977
120000038,5919,4194,1725
120000039,890,909,-19
120000040,215,783,-568
120000041,1591,1582,9
120000042,2426,2243,183
120000043,6025,1597,4428
120000044,6306,1606,4700
120000045,7295,998,6297
120000046,4318,3321,997
120000047,1001,8089,-7088
120000048,7037,4356,2681
120000049,3765,2977,788
120000050,4234,3706,528
120000051,3115,4362,-1247
120000052,7744,2329,5415
120000053,1656,1883,-227
120000054,1492,3071,-1579
120000055,1934,4283,-2349
120000056,5919,4057,1862
120000057,4812,1317,3495
120000058,3452,2050,1402
120000059,10,1971,-1961
120000061,107,494,-387
120000062,225,361,-136
120000063,1457,2441,-984
120000064,285,805,-520
120000065,728,1205,-477
120000066,316,577,-261
120000067,107,512,-405
120000068,265,595,-330
120000069,649,738,-89
120000070,96,560,-464
120000071,751,111,640
120000072,1009,430,579
120000073,1114,144,970
120000074,281,115,166
120000075,1366,343,1023
120000076,3310,369,2941
120000077,2932,703,2229
120000078,4321,1349,2972
120000079,280,141,139
120000080,117,215,-98
120000081,343,165,178
120000082,350,269,81
120000083,95,804,-709
120000084,474,368,106
120000085,410,279,131
120000086,253,356,-103
120000087,248,434,-186
120000088,784,1044,-260
120000089,1332,598,734
120000090,902,538,364
120000091,1148,979,169
120000092,1648,638,1010
120000093,701,444,257
120000094,257,707,-450
120000095,1252,411,841
120000096,343,595,-252
120000098,1036,841,195
120000099,543,712,-169
120000100,1014,797,217
120000101,811,464,347
120000102,776,931,-155
120000103,1647,942,705
120000104,2558,520,2038
120000105,3731,665,3066
120000106,3327,571,2756
120000107,5504,587,4917
120000108,1971,158,1813
120000109,1534,99,1435
120000110,108,854,-746
120000111,165,848,-683
120000112,872,2015,-1143
120000113,624,1554,-930
120000114,887,1908,-1021
120000115,319,1707,-1388
120000116,663,1667,-1004
120000117,882,1155,-273
120000118,59,45,14
120000119,19,68,-49
120000120,101,90,11
120000121,25,54,-29
120000122,280,443,-163
120000123,3468,7442,-3974
120000124,500,419,81
120000125,639,649,-10
120000126,408,1135,-727
120000127,2173,1187,986
120000128,3039,4852,-1813
120000129,343,283,60
120000130,887,496,391
120000131,340,753,-413
120000134,394,732,-338
120000135,746,684,62
120000137,270,858,-588
120000138,1428,367,1061
120000139,365,455,-90
120000140,1120,472,648
120000141,836,333,503
120000142,1132,598,534
120000143,1,98,-97
120000144,163,2,161
120000145,440,3,437
120000146,946,908,38
120000149,770,1034,-264
120000150,2950,13871,-10921
120000151,546,399,147
120000152,901,220,681
120000153,467,546,-79
120000154,543,495,48
120000155,169,294,-125
120000156,702,1425,-723
120000157,1263,641,622
120000158,955,743,212
120000159,2035,2161,-126
120000160,2704,1701,1003
120000161,2812,2174,638
120000162,75,280,-205
120000163,925,1069,-144
120000164,761,343,418
120000165,674,609,65
120000166,1698,561,1137
120000167,286,364,-78
120000168,42,1130,-1088
120000169,73,3133,-3060
120000170,71,2299,-2228
120000171,34,716,-682
120000172,25,370,-345
120000173,2180,2363,-183
120000174,488,61,427
120000175,270,30,240
120000176,217,50,167
120000177,1677,211,1466
120000178,180,36,144
120000179,306,94,212
120000180,919,141,778
120000181,393,2614,-2221
120000182,125,1094,-969
120000183,39,972,-933
120000184,267,2573,-2306
120000186,62,667,-605
120000187,43,366,-323
120000188,88,774,-686
120000190,878,107,771
120000191,1072,156,916
120000192,1143,69,1074
120000193,462,13,449
120000195,111,11,100
120000196,474,58,416
120000197,181,133,48
120000198,267,74,193
120000199,138,1,137
120000200,174,4,170
120000201,8,47,-39
120000202,2,58,-56
120000203,68,154,-86
120000207,2,77,-75
120000208,6,206,-200
120000209,5,67,-62
120000210,83,95,-12
120000211,276,8,268
120000212,300,1,299
120000213,289,195,94
120000214,1,201,-200
120000215,4,116,-112
120000216,177,48,129
120000217,598,1399,-801
120000218,129,554,-425
120000219,9,354,-345
120000220,13,1030,-1017
120000225,2364,4,2360
120000226,496,7,489
120000227,1261,83,1178
120000228,14691,4217,10474
120000230,447,32,415
120000231,1720,1970,-250
120000233,599,16,583
120000235,296,474,-178
120000236,1578,5,1573
120000237,0,1008,-1008
120000238,3,1312,-1309
120000241,1347,4296,-2949
120000412,630,22,608
120000413,302,190,112
120000414,181,6,175
120000415,2,55,-53
120000416,145,10,135
120000417,12,82,-70
120000418,249,36,213
120000419,12,201,-189
120000420,65,21,44
120000421,8611,5510,3101
120000422,114,2048,-1934
120000423,3,84,-81
120000424,125,103,22
120000436,128,862,-734
120000437,93,140,-47
120000438,1986,268,1718
120000439,260,595,-335
120000443,220,0,220
120000444,1704,393,1311
120000445,1900,1044,856
120000446,654,214,440
120000447,325,1,324
120000449,168,13,155
120000450,14,156,-142
120000451,173,288,-115
120000452,549,3,546
120000453,0,301,-301
120000454,62,62,0
120000455,87,46,41
120000456,3265,4325,-1060
120000457,1131,458,673
120000458,633,639,-6
120000459,162,73,89
120000665,1499,366,1133
120000668,180,2065,-1885
120000669,147,188,-41
120000670,288,1574,-1286
120000671,1566,510,1056
120000672,86,503,-417
120900001,86,99,-13
120900002,396,741,-345
120900003,248,43,205
120900004,25,128,-103
120900005,33,537,-504
120900006,772,279,493
120900007,227,91,136
120900008,486,1058,-572
120900009,277,26,251
120900010,579,134,445
120900011,212,220,-8
120900012,212,1486,-1274
120900013,466,101,365
120900014,2,420,-418
120900015,1167,102,1065
120900016,1159,79,1080
120900017,2189,90,2099
120900018,236,391,-155
120900019,844,429,415
120900020,760,1608,-848
120900021,1049,266,783
120900022,47,241,-194
120900023,397,52,345
120900024,2213,588,1625
120900025,1476,1010,466
120900026,253,164,89
120900027,1030,38,992
120900028,482,119,363
120900029,128,594,-466
120900030,1670,878,792
120900031,393,126,267
120900032,1339,132,1207
120900033,1451,100,1351
120900034,21,2761,-2740
120900035,58,147,-89
120900037,289,6,283
120900038,114,386,-272
120900039,147,69,78
120900040,475,8,467
120900041,136,33,103
120900042,703,40,663
120900043,149,41,108
120900044,22,334,-312
120900045,153,111,42
120900046,650,5,645
120900047,201,195,6
120900048,189,35,154
120900049,662,5,657
120900050,1637,1923,-286
120900051,379,89,290
120900052,839,4,835
120900053,450,54,396
120900054,1685,510,1175
120900055,532,1,531
120900056,597,32,565
120900057,210,9,201
120900058,777,10,767
120900059,193,3,190
120900060,109,45,64
120900061,301,190,111
120900062,257,1,256
120900063,714,7,707
120900064,843,5,838
120900065,664,12,652
120900066,577,345,232
120900067,271,71,200
120900068,391,0,391
120900069,318,40,278
120900071,65,4,61
120900072,830,7,823
120900073,731,122,609
120900074,1126,28,1098
120900076,410,1,409
120900077,2219,241,1978
120900078,1096,445,651
120900079,944,94,850
120900080,1042,1197,-155
120900081,1050,840,210
120900082,477,415,62
120900083,105,3,102
120900084,450,514,-64
120900085,92,150,-58
120900086,117,385,-268
120900087,547,341,206
120900088,232,628,-396
120900089,2343,3499,-1156
120900090,403,106,297
120900091,834,977,-143
120900092,1110,375,735
120900093,1524,158,1366
120900094,508,203,305
120900095,472,23,449
120900096,48,192,-144
120900097,749,597,152
120900098,269,173,96
120900099,71,90,-19
120900100,75,195,-120
120900101,522,219,303
120900102,49,148,-99
120900103,81,244,-163
120900104,20,51,-31
120900105,47,330,-283
120900106,1049,476,573
120900107,307,133,174
120900108,4,408,-404
120900109,62,483,-421
120900110,42,622,-580
120900111,204,344,-140
120900112,29,548,-519
120900113,11,576,-565
120900114,45,202,-157
120900115,202,287,-85
120900116,532,312,220
120900117,1,356,-355
120900118,5,500,-495
120900119,10182,4633,5549
120900120,144,591,-447
120900121,123,531,-408
120900122,635,299,336
120900123,3,225,-222
120900124,3,403,-400
120900125,3,590,-587
120900126,1408,800,608
120900127,12,340,-328
120900128,1040,1147,-107
120900129,42,196,-154
120900130,25,447,-422
120900131,160,159,1
120900132,1315,210,1105
120900133,162,706,-544
120900134,729,372,357
120900135,5,402,-397
120900136,55,236,-181
120900137,391,94,297
120900138,28,186,-158
120900139,1,500,-499
120900140,11,165,-154
120900141,293,212,81
120900142,20,281,-261
120900143,6,602,-596
120900144,0,149,-149
120900145,214,633,-419
120900146,1,710,-709
120900147,4,352,-348
120900148,154,170,-16
120900149,0,227,-227
120900150,66,393,-327
120900151,2,378,-376
120900152,1,18,-17
120900153,85,126,-41
120900154,1,154,-153
120900155,221,791,-570
120900156,104,271,-167
120900157,153,223,-70
120900158,69,519,-450
120900159,97,397,-300
120900160,35,588,-553
120900161,145,620,-475
120900162,123,997,-874
120900163,191,2366,-2175
120900164,3,45,-42
120900165,6,172,-166
120900166,204,590,-386
120900167,484,178,306
120900169,107,301,-194
120900170,801,3353,-2552
120900171,895,217,678
120900172,1688,3310,-1622
120900173,0,47,-47
120900174,18,132,-114
120900175,274,95,179
120900176,7,473,-466
120900177,0,1621,-1621
120900178,1,845,-844
120900179,673,395,278
120900180,129,196,-67
120900181,273,66,207
120900182,34,374,-340
120900183,852,76,776
120900184,447,91,356
120900185,24,796,-772
120900186,1,313,-312
120900187,706,1098,-392
120900188,291,17,274
120900189,75,1739,-1664
120900190,136,28,108
120900191,19,22,-3
120900192,7266,10002,-2736
120900194,69,149,-80
120900195,124,363,-239
120900196,916,46,870
120900197,1048,149,899
120900198,341,482,-141
120900199,594,1519,-925
120900200,139,134,5
120900201,494,193,301
120900202,0,173,-173
120900203,38,74,-36
120900204,132,225,-93
120900205,56,39,17
120900206,23,58,-35
121000001,798,1090,-292
121000002,2297,1409,888
121000003,3406,1950,1456
121000004,2631,3732,-1101
121000005,1775,2725,-950
121000006,3568,1951,1617
121000007,2509,3137,-628
121000008,5582,4328,1254
121000009,5167,5863,-696
121000010,8361,6719,1642
121000011,8157,11551,-3394
121000012,15856,10705,5151
121000013,4782,6837,-2055
121000014,6307,5250,1057
121000015,3801,7036,-3235
121000016,4399,3476,923
121000017,2571,4166,-1595
121000018,3156,1865,1291
121000019,15070,12756,2314
121000020,14234,19852,-5618
121000021,2898,2525,373
121000022,3128,3445,-317
121000023,3471,2481,990
121000024,4805,4861,-56
121000025,596,1411,-815
121000026,449,198,251
121000027,1555,1210,345
121000028,945,512,433
121000029,1168,720,448
121000030,760,455,305
121000031,776,686,90
121000032,210,114,96
121000034,398,263,135
121000035,140,152,-12
121000036,978,806,172
121000037,594,552,42
121000038,449,969,-520
121000039,276,431,-155
121000041,545,511,34
121000042,293,400,-107
121000043,565,520,45
121000044,1383,907,476
121000045,453,318,135
121000046,784,905,-121
121000047,42,81,-39
121000049,1099,609,490
121000050,353,1248,-895
121000051,607,281,326
121000052,466,644,-178
121000053,371,142,229
121000054,71,368,-297
121000055,1169,1276,-107
121000056,924,1148,-224
121000057,218,570,-352
121000058,392,204,188
121000059,2462,1308,1154
121000060,635,1010,-375
121000061,97,475,-378
121000062,164,424,-260
121000063,926,734,192
121000064,776,514,262
121000065,276,412,-136
121000066,334,338,-4
121000067,496,503,-7
121000068,687,413,274
121000069,476,900,-424
121000070,1934,1062,872
121000071,1755,1383,372
121000072,1180,681,499
121000073,1170,1003,167
121000074,156,138,18
121000075,55,246,-191
121000076,581,450,131
121000077,133,195,-62
121000078,132,167,-35
121000080,2008,627,1381
121000081,3875,3652,223
121000082,100,249,-149
121000083,108,131,-23
121000084,180,136,44
121000085,289,465,-176
121000086,381,677,-296
121000087,65,297,-232
121000088,542,493,49
121000089,318,410,-92
121000090,385,385,0
121000091,1236,1025,211
121000092,216,60,156
121000093,228,227,1
121000094,625,851,-226
121000095,340,678,-338
121000096,2437,2287,150
121000097,861,2368,-1507
121000098,675,813,-138
121000099,557,616,-59
121000100,927,338,589
121000101,449,268,181
121000102,394,230,164
121000103,270,262,8
121000104,306,144,162
121000105,608,200,408
121000106,375,420,-45
121000107,2071,3043,-972
121000109,1089,1088,1
121000110,293,697,-404
121000114,2881,2042,839
121000115,1113,609,504
121000116,259,922,-663
121000117,513,263,250
121000118,1782,242,1540
121000119,326,457,-131
121000120,313,428,-115
121000121,580,1229,-649
121000123,1506,752,754
121000126,93,357,-264
121000127,198,93,105
121000128,1091,412,679
121000129,1299,689,610
121000130,804,716,88
121000131,2104,2222,-118
121000132,1491,2836,-1345
121000135,477,1152,-675
121000136,1363,1408,-45
121000137,539,397,142
121000138,1172,1515,-343
121000139,620,453,167
121000141,276,231,45
121000142,723,809,-86
121000143,164,42,122
121000144,974,2313,-1339
121000145,579,851,-272
121000146,1618,1085,533
121000147,1247,452,795
121000148,993,1006,-13
121000149,2561,1370,1191
121000152,485,414,71
121000153,1951,600,1351
121000154,1114,617,497
121000155,1709,1006,703
121000156,466,974,-508
121000157,959,1645,-686
121000158,401,409,-8
121000159,216,335,-119
121000160,314,310,4
121000161,210,306,-96
121000162,123,129,-6
121000165,1635,2374,-739
121000166,22,409,-387
121000168,567,254,313
121000169,91,123,-32
121000170,480,117,363
121000171,84,190,-106
121000172,905,530,375
121000173,1527,1303,224
121000174,404,476,-72
121000175,1149,300,849
121000176,349,281,68
121000177,1001,703,298
121000178,189,43,146
121000179,145,66,79
121000181,519,418,101
121000182,222,226,-4
121000183,103,182,-79
121000184,394,164,230
121000185,66,256,-190
121000186,304,791,-487
121000187,212,154,58
121000188,144,134,10
121000192,1149,501,648
121000193,711,521,190
121000194,1907,2089,-182
121000195,273,775,-502
121000196,573,232,341
121000197,201,658,-457
121000198,237,148,89
121000199,161,306,-145
121000200,819,107,712
121000201,14,168,-154
121000202,936,130,806
121000203,975,1702,-727
121000204,3367,660,2707
121000205,132,257,-125
121000206,194,78,116
121000207,2336,488,1848
121000208,3,219,-216
121000209,522,148,374
121000210,654,272,382
121000211,545,152,393
121000212,595,607,-12
121000213,10293,2874,7419
121000214,788,2054,-1266
121000215,1005,1003,2
121000216,575,625,-50
121000217,4517,2962,1555
121000218,473,1648,-1175
121000219,1529,495,1034
121000220,202,80,122
121000221,191,289,-98
121000222,2498,2688,-190
121000223,340,418,-78
121000224,241,299,-58
121000225,1079,2636,-1557
121000226,2203,1347,856
121000227,14,157,-143
121000228,28,515,-487
121000229,387,382,5
121000230,55,1238,-1183
121000231,1273,51,1222
121000232,329,310,19
121000233,580,337,243
121000234,33,92,-59
121000235,90,128,-38
121000236,15,96,-81
121000237,68,37,31
121000238,25,120,-95
121000239,92,12,80
121000240,12,244,-232
121000241,116,22,94
121000242,117,589,-472
121000243,546,128,418
121000244,29,118,-89
121000245,84,45,39
121000246,9,153,-144
121000247,112,18,94
121000248,883,999,-116
121000249,121,324,-203
121000250,768,245,523
121000251,31,301,-270
121000252,148,81,67
121000253,343,461,-118
121000254,585,268,317
121000255,141,422,-281
121000256,387,245,142
121000257,33,105,-72
121000258,157,126,31
121000259,46,91,-45
121000260,55,103,-48
121000261,112,101,11
121000262,863,701,162
121000263,477,373,104
121000271,319,1296,-977
121000273,32,11,21
121000274,20,77,-57
121000275,1,18,-17
121000276,3,28,-25
121000278,47,39,8
121000279,22,37,-15
121000280,45,100,-55
121000289,292,25,267
121000290,1063,890,173
121000294,247,124,123
121000297,666,1158,-492
121000299,128,644,-516
121000300,734,646,88
121000302,79,1203,-1124
121000303,594,371,223
121000304,536,70,466
121000305,192,57,135
121000306,122,157,-35
121000308,167,305,-138
121000309,368,561,-193
121000310,123,243,-120
121000311,68,643,-575
121000312,421,336,85
121000313,313,541,-228
121000314,119,141,-22
121000315,44,129,-85
121000530,1827,1231,596
121000531,1889,1342,547
121000532,7033,8188,-1155
121000533,3561,3669,-108
121000918,64,93,-29
121000919,44,79,-35
121000938,157,373,-216
121000939,140,355,-215
121000956,1577,1038,539
121000957,6,15,-9
121000958,39,66,-27
121000959,1017,592,425
121000960,1592,1659,-67
121000961,344,86,258
121000962,580,565,15
121000973,1,229,-228
121000976,27,227,-200
121000979,542,146,396
121000981,402,139,263
121000982,325,104,221
121000983,468,265,203
121000984,16,79,-63
121000985,709,379,330
121000986,455,159,296
121000987,332,835,-503
121000988,998,187,811
121001302,284,156,128
121001308,6,32,-26
121001309,36,155,-119
121001313,203,121,82
121001314,1617,2701,-1084
121001315,5438,2742,2696
121900001,100,187,-87
121900002,46,47,-1
121900003,417,23,394
121900004,132,445,-313
121900005,24,8,16
121900006,167,48,119
121900007,2089,1985,104
121900008,904,532,372
121900009,615,28,587
121900010,213,2,211
121900011,433,365,68
121900012,16,1,15
121900013,994,86,908
121900014,1522,347,1175
121900015,193,188,5
121900016,5,51,-46
121900017,813,463,350
121900018,370,11,359
121900019,526,241,285
121900020,41,3,38
121900021,938,20,918
121900022,310,248,62
121900023,203,350,-147
121900024,275,77,198
121900025,716,537,179
121900026,434,43,391
121900027,582,275,307
121900028,285,12,273
121900029,135,246,-111
121900030,556,575,-19
121900031,910,6932,-6022
121900032,118,86,32
121900033,201,323,-122
121900034,289,91,198
121900035,2974,2751,223
121900036,89,352,-263
121900037,209,941,-732
121900038,44,121,-77
121900039,410,72,338
121900040,85,164,-79
121900041,187,218,-31
121900042,538,162,376
121900043,13,4,9
121900044,77,93,-16
121900046,315,315,0
121900047,225,76,149
121900048,86,128,-42
121900050,68,62,6
121900051,210,183,27
121900052,193,32,161
121900053,520,396,124
121900054,449,851,-402
121900055,11,24,-13
121900058,343,142,201
121900059,478,217,261
121900060,233,388,-155
121900061,195,176,19
121900062,123,141,-18
121900063,2051,388,1663
121900064,302,545,-243
121900066,72,26,46
121900067,30,52,-22
121900069,187,115,72
121900070,252,209,43
121900071,417,254,163
121900072,50,95,-45
121900073,267,260,7
121900074,725,1233,-508
121900075,479,615,-136
121900076,491,733,-242
121900077,21,21,0
121900078,120,63,57
121900079,0,1,-1
121900080,898,417,481
121900082,59,74,-15
121900084,26,91,-65
121900085,8,18,-10
121900086,14,78,-64
121900087,176,126,50
121900088,1874,3105,-1231
121900089,215,205,10
121900090,27,66,-39
121900091,100,68,32
121900092,99,150,-51
121900093,105,73,32
121900094,32,11,21
121900095,324,173,151
121900096,1396,789,607
121900097,790,235,555
121900098,3,3,0
121900099,219,47,172
121900100,215,622,-407
121900101,224,189,35
121900102,6,154,-148
121900103,454,289,165
121900104,1703,245,1458
121900105,451,282,169
121900106,5,9,-4
121900107,58,50,8
121900108,1,20,-19
121900109,247,149,98
121900110,639,633,6
121900111,744,328,416
121900112,172,204,-32
121900113,99,454,-355
121900114,84,78,6
121900115,205,296,-91
121900117,229,209,20
121900118,1706,645,1061
121900119,266,71,195
121900120,99,1260,-1161
121900121,455,49,406
121900122,48,68,-20
121900123,274,419,-145
121900124,189,169,20
121900125,1521,1031,490
121900127,27,57,-30
121900128,102,83,19
121900129,497,163,334
121900130,107,206,-99
121900131,204,76,128
121900132,51,74,-23
121900133,97,1214,-1117
121900134,21,175,-154
121900135,3430,482,2948
121900136,408,270,138
121900137,57,309,-252
121900138,146,342,-196
121900139,384,595,-211
121900140,79,161,-82
121900141,90,33,57
121900142,135,116,19
121900143,28,152,-124
121900144,98,324,-226
121900145,292,405,-113
121900146,646,729,-83
121900147,62,177,-115
121900148,221,324,-103
121900149,351,513,-162
121900150,64,130,-66
121900151,86,240,-154
121900152,105,118,-13
121900153,108,848,-740
121900154,14,234,-220
121900155,8,136,-128
121900156,179,162,17
121900157,2,314,-312
121900158,100,116,-16
121900159,4,223,-219
121900160,79,274,-195
121900161,247,386,-139
121900162,99,248,-149
121900163,432,423,9
121900164,354,223,131
121900165,299,142,157
121900166,205,169,36
121900167,136,176,-40
121900168,145,226,-81
121900169,8,152,-144
121900170,9,194,-185
121900171,888,738,150
121900172,615,212,403
121900173,869,360,509
121900174,55,74,-19
121900175,395,359,36
121900176,573,1491,-918
121900177,203,84,119
121900178,31,34,-3
121900179,446,193,253
121900180,2851,5512,-2661
121900182,717,329,388
121900183,681,1412,-731
121900184,91,614,-523
121900186,8,472,-464
121900187,44,177,-133
121900188,622,298,324
121900189,30,91,-61
121900190,213,374,-161
121900191,137,198,-61
121900192,311,774,-463
121900193,53,116,-63
121900194,8,409,-401
121900195,98,99,-1
121900196,856,916,-60
121900197,442,1261,-819
121900198,1129,942,187
121900199,5,58,-53
121900200,39,199,-160
121900201,964,970,-6
121900202,120,848,-728
121900203,235,1002,-767
121900204,656,1572,-916
121900205,7,79,-72
121900206,25,46,-21
121900207,122,63,59
121900208,135,212,-77
121900209,105,44,61
121900210,1121,992,129
121900211,17,87,-70
121900212,143,102,41
121900213,211,67,144
121900214,13,590,-577
121900215,78,121,-43
121900216,23,386,-363
121900217,274,212,62
121900218,210,393,-183
121900220,126,15,111
121900221,186,537,-351
121900222,148,116,32
121900223,186,44,142
121900224,120,54,66
121900225,125,169,-44
121900226,369,482,-113
121900227,270,542,-272
121900228,168,245,-77
121900229,346,275,71
121900230,102,287,-185
121900231,279,1373,-1094
121900232,213,440,-227
121900233,168,173,-5
121900234,465,232,233
121900235,671,122,549
121900236,409,166,243
121900237,180,274,-94
121900238,133,296,-163
121900239,209,43,166
121900240,328,154,174
121900241,68,31,37
121900242,3,0,3
121900243,9,1,8
121900244,11,9,2
121900245,189,77,112
121900246,2650,345,2305
121900247,327,252,75
121900248,1142,1409,-267
121900250,269,323,-54
121900251,586,58,528
121900252,696,174,522
121900253,103,720,-617
121900254,519,243,276
121900255,426,149,277
121900258,4378,2118,2260
121900259,391,611,-220
121900260,203,136,67
121900261,168,560,-392
121900262,374,1098,-724
121900263,312,275,37
121900264,1677,1264,413
121900265,419,297,122
121900266,583,140,443
121900267,102,57,45
121900269,277,832,-555
121900270,43,239,-196
121900271,46,161,-115
121900273,509,1904,-1395
121900274,349,216,133
121900276,47,5,42
121900277,538,1103,-565
121900278,144,987,-843
121900279,152,241,-89
121900280,160,466,-306
121900281,319,394,-75
121900284,110,15,95
121900286,135,187,-52
121900287,64,34,30
121900290,332,426,-94
121900291,399,744,-345
121900292,141,123,18
121900293,903,2642,-1739
121900294,247,6,241
121900295,166,196,-30
121900296,110,372,-262
121900298,297,900,-603
121900299,3,7,-4
121900300,145,11,134
121900301,97,5,92
121900302,7,40,-33
121900303,379,709,-330
121900304,9,7,2
121900305,12,12,0
121900306,211,1,210
121900307,115,14,101
121900308,11,254,-243
121900309,8,201,-193
121900310,26,366,-340
121900311,473,25,448
121900312,379,30,349
121900313,350,56,294
121900314,4,36,-32
121900315,15,0,15
121900316,0,9,-9
121900317,24,4,20
121900318,1,21,-20
121900319,43,79,-36
121900320,42,76,-34
121900321,17,0,17
121900322,2,19,-17
121900323,25,23,2
121900324,5,39,-34
121900325,11,6,5
121900326,6,40,-34
121900327,6,35,-29
121900328,0,31,-31
121900329,0,99,-99
121900330,3,82,-79
121900331,49,66,-17
121900332,76,30,46
121900333,15,1,14
122000001,1904,5190,-3286
122000002,3711,1627,2084
122000003,1922,2653,-731
122000004,2961,1719,1242
122000005,2452,2016,436
122000006,1582,1114,468
122000007,943,1744,-801
122000008,2537,4604,-2067
122000009,361,471,-110
122000010,1999,2844,-845
122000011,3033,1663,1370
122000012,990,1629,-639
122000013,1029,1222,-193
122000014,1736,1048,688
122000015,1291,1147,144
122000016,607,896,-289
122000017,1144,1100,44
122000018,1454,1430,24
122000019,794,1035,-241
122000020,271,250,21
122000021,235,553,-318
122000022,1175,1096,79
122000023,728,1718,-990
122000024,592,1371,-779
122000025,811,1966,-1155
122000026,718,1284,-566
122000027,588,1578,-990
122000028,1036,505,531
122000029,541,515,26
122000030,229,150,79
122000031,136,312,-176
122000032,1965,1984,-19
122000033,651,1516,-865
122000034,676,709,-33
122000035,305,741,-436
122000036,537,442,95
122000037,389,247,142
122000038,268,308,-40
122000039,477,438,39
122000040,267,215,52
122000041,579,689,-110
122000042,351,381,-30
122000043,127,112,15
122000044,157,141,16
122000045,1145,488,657
122000046,820,681,139
122000047,206,247,-41
122000048,4056,4687,-631
122000049,5924,3507,2417
122000050,1316,863,453
122000051,259,410,-151
122000052,552,517,35
122000053,209,938,-729
122000054,2229,1864,365
122000055,2095,3416,-1321
122000056,4418,3564,854
122000057,2950,3953,-1003
122000058,1755,1725,30
122000059,1875,2202,-327
122000060,527,805,-278
122000061,436,563,-127
122000062,724,380,344
122000063,1049,793,256
122000064,3188,3413,-225
122000065,3184,2357,827
122000066,1087,1072,15
122000067,1496,1174,322
122000068,1632,1145,487
122000069,786,624,162
122000070,954,1473,-519
122000071,1924,1102,822
122000072,473,483,-10
122000073,261,884,-623
122000074,3209,1609,1600
122000075,1012,1261,-249
122000076,3190,1369,1821
122000077,990,1201,-211
122000078,1527,2965,-1438
122000079,834,1483,-649
122000080,657,361,296
122000081,170,251,-81
122000082,499,1104,-605
122000083,2409,1465,944
122000084,1982,1067,915
122000085,327,856,-529
122000086,2363,6320,-3957
122000087,461,451,10
122000088,524,674,-150
122000089,4811,2628,2183
122000090,192,614,-422
122000091,171,91,80
122000092,81,20,61
122000093,1638,2363,-725
122000094,4882,3547,1335
122000095,1992,4670,-2678
122000096,1670,1939,-269
122000098,3227,3442,-215
122000099,1277,767,510
122000100,797,747,50
122000101,457,608,-151
122000102,2055,1167,888
122000103,2040,1710,330
122000104,410,207,203
122000105,566,301,265
122000106,392,758,-366
122000107,1007,430,577
122000108,529,833,-304
122000109,414,282,132
122000110,663,608,55
122000111,2757,1508,1249
122000112,1198,1457,-259
122000113,780,642,138
122000114,2519,1620,899
122000115,1928,1296,632
122000116,533,716,-183
122000117,1268,417,851
122000118,554,803,-249
122000119,2945,2359,586
122000120,1848,3792,-1944
122000121,1632,2902,-1270
122000122,642,1451,-809
122000123,1835,1638,197
122000124,919,620,299
122000125,608,805,-197
122000126,542,990,-448
122000127,974,946,28
122000128,419,621,-202
122000129,555,1673,-1118
122000130,3154,1163,1991
122000131,1666,920,746
122000132,464,421,43
122000133,1012,1264,-252
122000134,995,754,241
122000135,635,630,5
122000136,894,610,284
122000137,2285,906,1379
122000139,1004,3959,-2955
122000140,554,722,-168
122000141,3574,1143,2431
122000142,264,842,-578
122000143,440,437,3
122000144,1598,988,610
122000145,1162,748,414
122000146,717,1064,-347
122000147,608,476,132
122000148,1390,2405,-1015
122000149,2275,1467,808
122000150,1364,964,400
122000151,134,359,-225
122000152,417,297,120
122000153,372,249,123
122000154,287,254,33
122000155,1478,2641,-1163
122000156,2523,2684,-161
122000157,1061,2408,-1347
122000158,262,549,-287
122000159,707,1340,-633
122000160,3897,2048,1849
122000161,1348,1138,210
122000162,2017,2071,-54
122000163,255,103,152
122000164,40,130,-90
122000165,800,649,151
122000166,922,962,-40
122000167,311,279,32
122000168,229,584,-355
122000169,277,203,74
122000170,355,246,109
122000171,79,127,-48
122000172,1863,1356,507
122000173,1475,2405,-930
122000174,2256,1095,1161
122000175,787,256,531
122000176,335,829,-494
122000177,1407,1476,-69
122000178,2697,2455,242
122000179,1558,2416,-858
122000180,1650,1420,230
122000181,1375,3231,-1856
122000182,1667,2114,-447
122000183,2231,1099,1132
122000184,2860,2509,351
122000185,1364,1755,-391
122000186,418,793,-375
122000187,1976,812,1164
122000188,500,245,255
122000189,273,308,-35
122000190,808,1101,-293
122000191,844,879,-35
122000192,1177,423,754
122000193,434,805,-371
122000194,529,208,321
122000195,186,512,-326
122000196,1228,630,598
122000197,531,714,-183
122000198,512,856,-344
122000199,263,372,-109
122000200,932,648,284
122000201,1235,1501,-266
122000202,1296,1683,-387
122000203,2418,1393,1025
122000204,1342,1878,-536
122000205,1158,1285,-127
122000206,2497,985,1512
122000207,2539,1434,1105
122000208,2368,1375,993
122000209,1796,443,1353
122000210,1917,1572,345
122000211,1349,1258,91
122000212,898,576,322
122000213,1265,1393,-128
122000214,2101,1662,439
122000215,2205,1766,439
122000217,1692,1475,217
122000218,758,86,672
122000219,1030,806,224
122000220,369,708,-339
122000221,72,386,-314
122000222,507,159,348
122000223,1305,592,713
122000225,905,339,566
122000226,1771,1761,10
122000227,241,2289,-2048
122000228,352,316,36
122000229,22,493,-471
122000230,94,460,-366
122000231,404,763,-359
122000232,717,814,-97
122000233,2,96,-94
122000234,415,67,348
122000235,567,146,421
122000236,1415,97,1318
122000237,134,98,36
122000238,489,419,70
122000239,839,240,599
122000240,1368,631,737
122000241,1587,499,1088
122000242,1040,141,899
122000243,49,27,22
122000244,12,258,-246
122000245,8,52,-44
122000246,50,122,-72
122000247,718,192,526
122000248,865,1302,-437
122000249,1066,963,103
122000250,2394,1075,1319
122000251,215,414,-199
122000252,506,132,374
122000253,50,205,-155
122000254,250,96,154
122000255,684,1193,-509
122000256,376,733,-357
122000257,198,231,-33
122000258,362,283,79
122000259,24,372,-348
122000260,11,34,-23
122000261,25,302,-277
122000262,0,37,-37
122000263,696,353,343
122000264,1952,355,1597
122000265,2502,869,1633
122000266,4094,738,3356
122000267,150,104,46
122000268,153,245,-92
122000269,930,311,619
122000270,579,147,432
122000271,293,817,-524
122000272,330,759,-429
122000273,457,297,160
122000274,209,131,78
122000275,68,195,-127
122000276,877,630,247
122000277,1319,1685,-366
122000278,1992,618,1374
122000279,326,350,-24
122000280,1311,791,520
122000281,1099,732,367
122000282,256,438,-182
122000283,278,174,104
122000284,407,68,339
122000285,403,74,329
122000286,58,168,-110
122000287,1590,1351,239
122000288,470,218,252
122000291,2155,722,1433
122000293,239,199,40
122000294,145,279,-134
122000295,1239,185,1054
122000296,39,545,-506
122000297,2408,3818,-1410
122000299,612,400,212
122000300,541,741,-200
122000301,8154,3546,4608
122000302,760,2081,-1321
122000303,2803,1353,1450
122000304,89,238,-149
122000305,1346,236,1110
122000306,46,422,-376
122000307,148,103,45
122000309,71,42,29
122000310,20,130,-110
122000311,221,132,89
122000312,159,184,-25
122000313,150,68,82
122000314,114,225,-111
122000315,370,45,325
122000316,1003,262,741
122000317,1870,311,1559
122000318,309,1059,-750
122000319,265,402,-137
122000320,362,1129,-767
122000321,124,148,-24
122000322,1801,2079,-278
122000323,1150,2105,-955
122000324,1110,1142,-32
122000325,1026,1931,-905
122000326,104,104,0
122000327,406,688,-282
122000328,807,513,294
122000330,1717,886,831
122000332,244,410,-166
122000333,13,81,-68
122000337,1351,978,373
122000338,724,417,307
122000340,345,598,-253
122000342,1368,909,459
122000343,501,609,-108
122000344,73,26,47
122000345,64,35,29
122000346,421,350,71
122000348,1150,617,533
122000349,171,676,-505
122000351,224,276,-52
122000352,347,187,160
122000353,145,81,64
122000355,171,300,-129
122000356,1092,1208,-116
122000357,130,27,103
122000358,0,26,-26
122000359,0,20,-20
122000360,0,23,-23
122000362,6,63,-57
122000364,230,318,-88
122000365,2,53,-51
122000366,9,11,-2
122000368,445,593,-148
122000370,25,52,-27
122000371,30,1,29
122000372,12,1,11
122000381,168,318,-150
122000382,89,194,-105
122000384,1916,1226,690
122000385,54,0,54
122000386,348,1531,-1183
122000387,592,762,-170
122000388,1542,704,838
122000389,150,736,-586
122000390,328,194,134
122000391,375,387,-12
122000392,169,139,30
122000393,41,140,-99
122000394,622,227,395
122000395,115,78,37
122000396,310,71,239
122000397,26,50,-24
122000398,19,62,-43
122000399,147,57,90
122000400,112,672,-560
122000401,104,65,39
122000402,387,89,298
122000403,605,638,-33
122000404,192,240,-48
122000408,813,1205,-392
122000503,17,116,-99
122000524,228,181,47
122000544,79,2212,-2133
122000616,311,6,305
122000640,77,100,-23
122000641,115,262,-147
122000642,1209,782,427
122000643,84,226,-142
122000644,169,35,134
122000645,93,181,-88
122000651,1150,1056,94
122000664,108,25,83
122000665,1256,544,712
122000666,662,1142,-480
122000673,63,162,-99
122000674,242,80,162
122000675,2109,696,1413
122000686,450,800,-350
122000687,1471,279,1192
122000688,387,462,-75
122000689,1184,383,801
122000690,2617,397,2220
122000691,843,1225,-382
122000692,2044,344,1700
122000693,467,1530,-1063
122000695,421,321,100
122000696,591,213,378
122000698,484,418,66
122000699,266,91,175
122000701,1823,330,1493
122000702,489,979,-490
122000703,194,56,138
122000717,89,78,11
122000718,444,1067,-623
122000719,174,88,86
122000720,521,164,357
122000724,20,4,16
122900001,55,10,45
122900002,1282,6557,-5275
122900003,484,38,446
122900004,1793,104,1689
122900005,173,90,83
122900006,650,675,-25
122900007,144,73,71
122900008,554,309,245
122900009,751,644,107
122900010,226,99,127
122900012,214,432,-218
122900014,131,216,-85
122900015,1518,1612,-94
122900016,127,278,-151
122900017,321,823,-502
122900018,189,24,165
122900019,9,117,-108
122900020,242,436,-194
122900021,39,428,-389
122900022,1128,832,296
122900023,614,193,421
122900024,162,82,80
122900025,20,385,-365
122900026,42,245,-203
122900027,34,529,-495
122900028,133,192,-59
122900029,4386,2911,1475
122900030,1190,655,535
122900031,68,354,-286
122900032,141,450,-309
122900033,238,139,99
122900034,3898,4900,-1002
122900035,48,41,7
122900036,85,77,8
122900037,422,137,285
122900038,84,3157,-3073
122900039,98,522,-424
122900040,262,469,-207
122900041,338,332,6
122900042,199,264,-65
122900043,457,234,223
122900044,101,336,-235
122900045,142,93,49
122900046,219,258,-39
122900047,120,187,-67
122900048,54,261,-207
122900049,1095,169,926
122900051,67,141,-74
122900052,107,149,-42
122900053,15,28,-13
122900055,314,123,191
122900057,236,49,187
122900061,553,202,351
122900062,647,647,0
122900063,182,223,-41
122900064,796,480,316
122900065,652,235,417
122900066,743,365,378
122900067,1067,577,490
122900068,151,303,-152
122900069,408,1588,-1180
122900070,322,52,270
122900071,121,246,-125
122900072,12,395,-383
122900073,17,165,-148
122900074,1022,429,593
122900075,3,65,-62
122900076,5,154,-149
122900077,1,130,-129
122900078,223,51,172
122900080,47,42,5
122900081,216,168,48
122900082,1067,156,911
122900083,116,106,10
122900084,18,190,-172
122900086,33,112,-79
122900087,351,432,-81
122900088,19,203,-184
122900089,66,267,-201
122900090,7,345,-338
122900091,308,3,305
122900092,0,158,-158
122900093,0,175,-175
122900094,2,123,-121
122900095,237,15,222
122900096,433,115,318
122900097,31,54,-23
122900098,76,136,-60
122900099,66,26,40
122900100,241,427,-186
122900101,583,291,292
122900102,28,52,-24
122900103,132,6,126
122900104,263,6,257
122900105,25,16,9
122900106,6,52,-46
122900107,10,120,-110
122900108,2,115,-113
123000001,1143,458,685
123000002,3239,5989,-2750
123000003,4341,4543,-202
123000004,3065,3842,-777
123000005,3036,2923,113
123000006,2334,2251,83
123000007,4445,2400,2045
123000008,2676,2687,-11
123000009,4532,2832,1700
123000010,3181,3212,-31
123000011,2031,820,1211
123000012,760,2080,-1320
123000013,3754,910,2844
123000014,829,3536,-2707
123000015,3141,1476,1665
123000016,4204,5106,-902
123000017,3194,1658,1536
123000018,107,99,8
123000019,505,166,339
123000020,337,64,273
123000021,169,200,-31
123000022,338,1708,-1370
123000023,2023,1993,30
123000024,1702,788,914
123000025,163,115,48
123000026,30,122,-92
123000027,128,801,-673
123000028,1416,774,642
123000029,571,1537,-966
123000030,312,248,64
123000031,364,217,147
123000032,500,125,375
123000033,291,85,206
123000034,1126,801,325
123000035,468,440,28
123000036,353,1014,-661
123000037,326,348,-22
123000038,350,219,131
123000039,542,1615,-1073
123000040,700,336,364
123000041,1077,1302,-225
123000042,725,664,61
123000043,2505,11578,-9073
123000044,3985,2624,1361
123000045,5520,3260,2260
123000046,735,1794,-1059
123000047,1414,978,436
123000048,158,1229,-1071
123000049,6219,11680,-5461
123000050,1773,1740,33
123000051,76,192,-116
123000052,879,3921,-3042
123000053,2892,3076,-184
123000054,1817,1954,-137
123000055,1656,3351,-1695
123000056,1229,1831,-602
123000057,8049,8431,-382
123000058,743,1443,-700
123000059,381,546,-165
123000060,1053,480,573
123000061,254,701,-447
123000063,1037,1017,20
123000064,1243,275,968
123000065,4643,2847,1796
123000066,660,556,104
123000067,1022,500,522
123000068,2665,2585,80
123000069,6484,2910,3574
123000070,248,646,-398
123000071,1375,792,583
123000072,1233,700,533
123000073,1660,752,908
123000074,1390,854,536
123000075,392,1332,-940
123000076,957,599,358
123000077,1786,1896,-110
123000078,1894,1332,562
123000079,2032,1559,473
123000080,2588,1375,1213
123000081,175,308,-133
123000082,349,914,-565
123000083,1131,283,848
123000084,858,368,490
123000085,509,69,440
123000086,727,95,632
123000087,553,251,302
123000088,1478,670,808
123000089,677,918,-241
123000090,1344,803,541
123000091,1449,1168,281
123000092,923,1075,-152
123000094,717,225,492
123000095,777,594,183
123000096,920,341,579
123000097,583,488,95
123000098,862,475,387
123000099,690,520,170
123000100,447,716,-269
123000101,521,661,-140
123000102,434,764,-330
123000104,539,530,9
123000105,679,463,216
123000106,526,431,95
123000107,395,442,-47
123000108,596,1023,-427
123000111,1258,355,903
123000112,1634,439,1195
123000113,551,958,-407
123000114,352,587,-235
123000115,338,257,81
123000116,62,114,-52
123000117,1977,1504,473
123000118,510,634,-124
123000119,254,616,-362
123000120,427,619,-192
123000121,476,492,-16
123000122,331,290,41
123000123,473,543,-70
123000124,471,396,75
123000125,1313,1319,-6
123000126,1345,4737,-3392
123000127,692,670,22
123000128,357,295,62
123000129,904,212,692
123000130,917,98,819
123000131,1197,797,400
123000132,364,635,-271
123000133,212,342,-130
123000134,312,151,161
123000135,2878,1120,1758
123000136,221,572,-351
123000137,121,231,-110
123000138,74,401,-327
123000139,588,110,478
123000140,110,547,-437
123000141,894,143,751
123000142,1200,1042,158
123000143,984,1629,-645
123000144,52,30,22
123000145,167,156,11
123000146,25,82,-57
123000147,99,103,-4
123000149,486,456,30
123000150,251,239,12
123000151,454,576,-122
123000152,140,378,-238
123000153,179,792,-613
123000154,1703,2192,-489
123000155,2368,1397,971
123000156,80,116,-36
123000157,558,891,-333
123000158,547,818,-271
123000159,3266,2951,315
123000160,1098,814,284
123000161,1971,1272,699
123000162,1277,1703,-426
123000163,741,209,532
123000164,1814,326,1488
123000165,316,1139,-823
123000166,36,123,-87
123000167,204,202,2
123000168,268,203,65
123000169,903,145,758
123000170,94,134,-40
123000171,898,22,876
123000172,152,435,-283
123000173,665,267,398
123000174,1239,434,805
123000175,496,966,-470
123000176,1425,308,1117
123000177,315,824,-509
123000178,925,193,732
123000179,44,494,-450
123000180,1724,361,1363
123000181,344,933,-589
123000182,337,337,0
123000183,159,536,-377
123000184,129,401,-272
123000185,912,336,576
123000186,5,391,-386
123000187,817,4,813
123000188,243,4,239
123000189,243,153,90
123000190,63,79,-16
123000192,25,296,-271
123000193,80,682,-602
123000194,390,259,131
123000195,472,49,423
123000196,390,42,348
123000197,64,108,-44
123000198,42,712,-670
123000199,9,595,-586
123000200,672,15,657
123000201,1291,26,1265
123000202,25,642,-617
123000203,1211,61,1150
123000204,60,785,-725
123000205,419,1193,-774
123000206,2577,262,2315
123000207,65,634,-569
123000208,594,185,409
123000209,2340,667,1673
123000210,463,1419,-956
123000211,535,1803,-1268
123000212,3444,571,2873
123000213,816,135,681
123000215,81,290,-209
123000216,256,1237,-981
123000217,242,47,195
123000218,73,846,-773
123000219,838,70,768
123000220,577,116,461
123000221,191,73,118
123000222,520,366,154
123000223,587,248,339
123000224,387,318,69
123000225,256,61,195
123000226,86,391,-305
123000227,66,330,-264
123000228,263,52,211
123000229,829,1338,-509
123000232,135,542,-407
123000233,808,153,655
123000234,182,580,-398
123000235,1429,312,1117
123000236,321,620,-299
123000237,386,78,308
123000238,69,413,-344
123000239,562,1086,-524
123000240,76,558,-482
123000241,329,91,238
123000242,301,224,77
123000243,903,912,-9
123000244,934,772,162
123000245,61,151,-90
123000249,1092,572,520
123000252,1050,307,743
123000253,1594,521,1073
123000254,773,993,-220
123000255,1366,907,459
123000256,29,178,-149
123000257,2489,1587,902
123000258,1014,600,414
123000259,531,432,99
123000260,628,367,261
123000261,394,135,259
123000262,97,153,-56
123000263,500,83,417
123000264,191,90,101
123000265,41,146,-105
123000266,613,669,-56
123000267,937,438,499
123000268,38,72,-34
123000269,45,67,-22
123000270,39,64,-25
123000271,56,52,4
123000272,779,280,499
123000273,335,813,-478
123000274,1275,573,702
123000275,309,761,-452
123000278,2169,2566,-397
123000279,124,72,52
123000280,322,272,50
123000281,371,94,277
123000282,146,246,-100
123000283,165,52,113
123000284,64,60,4
123000286,189,371,-182
123000287,417,278,139
123000288,1347,1143,204
123000289,422,1454,-1032
123000291,254,841,-587
123000294,189,265,-76
123000295,900,1044,-144
123000296,880,484,396
123000297,647,383,264
123000298,741,268,473
123000299,57,141,-84
123000300,1297,874,423
123000301,164,321,-157
123000302,94,97,-3
123000303,169,188,-19
123000305,1032,980,52
123000306,182,92,90
123000309,65,39,26
123000310,37,17,20
123000311,0,112,-112
123000312,567,562,5
123000313,706,478,228
123000315,227,266,-39
123000316,982,114,868
123000317,213,97,116
123000318,57,134,-77
123000329,18,21,-3
123000337,1302,512,790
123000338,437,104,333
123000339,318,68,250
123000340,142,331,-189
123000342,10,19,-9
123000343,70,13,57
123000344,1113,374,739
123000345,367,569,-202
123000346,418,32,386
123000352,1177,913,264
123000353,43,120,-77
123000354,290,3,287
123000355,0,245,-245
123000356,444,27,417
123000357,3,135,-132
123000359,5,145,-140
123000360,198,86,112
123000361,197,260,-63
123000362,569,84,485
123000363,138,195,-57
123000364,607,515,92
123000365,19,449,-430
123000366,406,2300,-1894
123000367,308,862,-554
123000370,25,258,-233
123000371,862,46,816
123000372,359,23,336
123000373,3,314,-311
123000374,16,179,-163
123000375,396,43,353
123000376,969,636,333
123000377,665,12,653
123000378,25,309,-284
123000379,2,204,-202
123000380,52,557,-505
123000381,126,111,15
123000382,1016,158,858
123000383,140,1454,-1314
123000384,570,124,446
123000385,158,527,-369
123000436,29,1396,-1367
123000507,107,212,-105
123000508,211,1265,-1054
123000517,272,35,237
123000518,55,255,-200
123000519,197,54,143
123000520,46,223,-177
123000521,390,85,305
123000522,117,380,-263
123000541,8,4,4
123000542,0,9,-9
123000565,738,42,696
123000566,381,361,20
123000567,89,209,-120
123000573,39,584,-545
123000574,1004,70,934
123000575,1644,908,736
123000576,1260,1209,51
123000577,71,748,-677
123000578,489,104,385
123000579,1491,6910,-5419
123000580,108,48,60
123000582,505,20,485
123000583,27,360,-333
123000584,302,290,12
123000585,0,77,-77
123000586,139,50,89
123000596,59,77,-18
123000597,85,117,-32
123000602,59,12,47
123000603,922,513,409
123000604,522,507,15
123000605,881,161,720
123000606,2,387,-385
123000609,14,373,-359
123000610,247,161,86
123000613,46,203,-157
123000614,350,70,280
123000615,38,87,-49
123000616,1137,64,1073
123000617,120,278,-158
123000618,78,739,-661
123000619,660,44,616
123000620,32,408,-376
123000622,564,27,537
123000624,193,48,145
123000630,1381,498,883
123000631,263,658,-395
123000632,584,598,-14
123000633,0,174,-174
123000634,54,203,-149
123000635,51,77,-26
123000636,46,514,-468
123000637,367,71,296
123000638,658,45,613
123000639,997,5584,-4587
123000640,25,490,-465
123900001,1115,41,1074
123900002,42,1335,-1293
123900003,219,391,-172
123900005,284,180,104
123900006,349,73,276
124000001,2264,218,2046
124000002,90,1408,-1318
124000003,1035,169,866
124000004,56,414,-358
124000005,1317,613,704
124000006,244,853,-609
124000007,433,121,312
124000008,10,484,-474
124000009,674,260,414
124000010,190,377,-187
124000011,1180,313,867
124000012,369,380,-11
124000017,213,154,59
124000018,138,101,37
124000019,156,115,41
124000020,51,144,-93
124000021,136,109,27
124000022,93,216,-123
124000023,1499,1475,24
124000024,1122,369,753
124000025,1209,1883,-674
124000026,814,872,-58
124000027,5284,5360,-76
124000028,1633,3938,-2305
124000030,2181,1208,973
124000031,1488,4841,-3353
124000032,1830,790,1040
124000033,196,281,-85
124000034,787,531,256
124000035,52,261,-209
124000036,74,172,-98
124000037,669,1058,-389
124000038,57,125,-68
124000039,1095,484,611
124000040,563,1098,-535
124000041,583,85,498
124000042,139,337,-198
124000043,159,107,52
124000044,52,153,-101
124000045,1075,607,468
124000046,294,601,-307
124000047,2224,770,1454
124000048,949,1033,-84
124000049,2228,613,1615
124000050,881,1356,-475
124000051,1265,511,754
124000052,557,734,-177
124000053,658,1748,-1090
124000054,864,381,483
124000055,1544,3201,-1657
124000056,1770,1075,695
124000057,1145,639,506
124000058,436,1019,-583
124000059,858,1438,-580
124000060,1025,561,464
124000061,1492,6075,-4583
124000062,2861,1727,1134
124000063,1181,1490,-309
124000064,1936,1138,798
124000065,9,475,-466
124000066,52,47,5
124000067,221,165,56
124000068,17,18,-1
124000069,143,13,130
124000070,63,104,-41
124000071,259,90,169
124000072,185,379,-194
124000073,1181,158,1023
124000074,196,658,-462
124000075,412,46,366
124000076,27,158,-131
124000077,1241,853,388
124000078,2772,1049,1723
124000079,367,1372,-1005
124000080,676,231,445
124000081,280,520,-240
124000082,82,218,-136
124000083,90,108,-18
124000084,85,470,-385
124000085,140,53,87
124000086,56,125,-69
124000087,117,106,11
124000088,292,450,-158
124000089,880,343,537
124000090,111,258,-147
124000091,424,95,329
124000092,85,303,-218
124000093,237,81,156
124000094,420,476,-56
124000095,124,67,57
124000096,174,191,-17
124000097,154,127,27
124000098,80,74,6
124000099,285,133,152
124000100,86,71,15
124000101,115,145,-30
124000102,117,60,57
124000103,131,117,14
124000104,70,52,18
124000105,138,91,47
124000106,106,66,40
124000107,25,201,-176
124000108,61,18,43
124000109,165,74,91
124000110,157,85,72
124000111,208,147,61
124000112,758,511,247
124000113,107,99,8
124000114,327,342,-15
124000115,319,498,-179
124000116,136,158,-22
124000117,64,91,-27
124000118,35,109,-74
124000119,901,479,422
124000120,756,609,147
124000121,1363,769,594
124000122,566,1295,-729
124000123,1228,469,759
124000124,497,1017,-520
124000125,503,482,21
124000126,340,572,-232
124000127,974,327,647
124000128,643,824,-181
124000129,2380,1525,855
124000130,820,538,282
124000131,1019,639,380
124000132,895,757,138
124000133,1023,910,113
124000134,1223,564,659
124000135,1764,1842,-78
124000136,796,861,-65
124000137,1260,752,508
124000138,1345,1228,117
124000139,579,25,554
124000140,35,407,-372
124000141,209,11,198
124000142,19,176,-157
124000143,63,7,56
124000144,8,51,-43
124000145,147,30,117
124000146,16,60,-44
124000148,27,135,-108
124000149,1068,414,654
124000150,283,591,-308
124000151,969,372,597
124000152,730,1036,-306
124000153,1505,797,708
124000154,888,657,231
124000155,1499,970,529
124000156,1426,978,448
124000169,266,536,-270
124000170,509,412,97
124000171,361,252,109
124000172,298,502,-204
124000173,589,195,394
124000174,365,526,-161
124000175,10,112,-102
124000176,84,17,67
124000177,6,33,-27
124000178,31,82,-51
124000190,62,54,8
124000191,66,121,-55
124000192,1761,410,1351
124000193,441,975,-534
124000194,405,407,-2
124000195,355,485,-130
124000196,835,820,15
124000197,42,42,0
124000198,53,71,-18
124000201,390,772,-382
124000202,712,308,404
124000203,634,422,212
124000204,1209,378,831
124000205,111,400,-289
124000206,971,270,701
124000207,0,64,-64
124000209,214,344,-130
124000210,682,162,520
124000211,802,2,800
124000212,1,304,-303
124000213,733,206,527
124000214,526,395,131
124000215,522,22,500
124000216,2,292,-290
124000329,146,1063,-917
124000338,87,498,-411
124000339,1229,119,1110
124000341,1805,119,1686
124000344,50,8,42
124000357,1313,2659,-1346
124000358,929,1490,-561
124000359,1605,650,955
124000360,1209,514,695
124000361,2066,919,1147
124000362,973,1234,-261
124000363,317,391,-74
124000364,496,882,-386
124000365,535,824,-289
124000366,1106,707,399
124000367,89,411,-322
124000368,422,501,-79
124000369,166,123,43
124000370,75,383,-308
124000402,23,23,0
124000403,150,19,131
124000404,12,107,-95
124000405,1335,915,420
124000406,790,802,-12
124000407,2,29,-27
124000411,4,268,-264
124000412,448,9,439
124000413,127,35,92
124000414,67,74,-7
124000415,64,72,-8
124000416,122,154,-32
124000417,182,132,50
124000418,201,78,123
124000419,78,83,-5
124000420,139,54,85
124000421,56,105,-49
124000422,22,14,8
124000423,156,39,117
124000424,2,54,-52
124000425,23,24,-1
124000426,6,35,-29
124000427,38,13,25
124000428,10,52,-42
124000429,108,44,64
124000430,833,537,296
124000431,342,526,-184
124000432,283,629,-346
124000439,2,5,-3
124000442,17,52,-35
124000443,5,11,-6
124000445,122,726,-604
124000446,516,86,430
124900001,633,378,255
124900002,210,241,-31
124900003,1260,555,705
124900004,710,337,373
124900005,235,130,105
124900006,768,281,487
124900008,1226,638,588
124900009,194,412,-218
124900010,259,118,141
124900011,840,275,565
124900012,537,101,436
124900013,545,146,399
124900014,397,74,323
124900015,177,467,-290
124900016,79,92,-13
124900017,686,2299,-1613
124900018,89,6,83
124900020,124,79,45
124900021,433,52,381
124900022,59,18,41
124900024,339,18,321
124900026,119,32,87
124900027,185,548,-363
124900028,556,109,447
124900029,38,583,-545
124900030,10,85,-75
124900031,67,290,-223
124900032,249,271,-22
124900033,143,265,-122
124900034,11,123,-112
124900035,180,432,-252
124900036,2,67,-65
124900037,210,252,-42
124900038,337,213,124
124900039,3,123,-120
124900040,196,128,68
124900041,279,661,-382
124900042,232,9,223
124900043,609,762,-153
124900044,118,4,114
124900045,826,1071,-245
124900046,1004,292,712
124900047,143,245,-102
124900048,177,87,90
124900050,111,169,-58
124900052,97,400,-303
124900053,199,277,-78
124900054,1211,564,647
124900055,1,154,-153
124900057,10,56,-46
124900060,81,161,-80
124900061,92,9,83
124900062,190,28,162
124900066,0,13,-13
124900067,8,128,-120
124900068,241,699,-458
124900070,88,35,53
124900072,145,28,117
124900074,553,183,370
124900075,261,218,43
124900076,20,1300,-1280
124900077,42,111,-69
124900078,66,23,43
124900079,449,319,130
124900080,327,380,-53
124900081,1081,327,754
124900082,332,511,-179
124900083,306,416,-110
124900084,1250,155,1095
124900085,716,581,135
124900086,86,1472,-1386
124900087,581,151,430
124900088,587,94,493
124900089,1072,27,1045
124900090,620,278,342
124900091,317,220,97
124900092,279,215,64
124900093,521,233,288
124900094,566,270,296
124900095,193,596,-403
124900096,547,339,208
124900097,396,56,340
124900098,143,246,-103
124900099,575,478,97
124900100,350,49,301
124900101,141,574,-433
124900102,255,26,229
124900103,94,157,-63
124900104,57,142,-85
124900105,86,100,-14
124900106,502,67,435
124900107,176,20,156
124900108,120,115,5
124900109,61,116,-55
124900110,376,320,56
124900111,0,133,-133
124900112,66,506,-440
124900113,144,252,-108
124900114,160,111,49
124900115,72,71,1
124900116,261,193,68
124900117,201,183,18
124900118,160,283,-123
124900119,393,171,222
124900120,35,281,-246
124900121,104,371,-267
124900122,187,212,-25
124900123,319,107,212
124900124,164,231,-67
129000186,123,76,47
204000001,36,8,28
204000002,5,6,-1
204000003,22,2,20
204000004,3,6,-3
204000005,614,393,221
204000006,1383,1045,338
204000011,6,33,-27
204000012,68,64,4
204000013,4,36,-32
204000019,717,410,307
204000020,780,741,39
204000021,2115,1105,1010
204000022,659,513,146
204000023,517,569,-52
204000031,32,8,24
204000032,505,29,476
204000034,41,190,-149
204000035,0,1,-1
204000036,8,13,-5
204000037,0,8,-8
204000038,2,7,-5
204000039,5,13,-8
204000040,2,12,-10
204000041,8,27,-19
204000042,37,10,27
204000043,34,1,33
204000044,51,0,51
204000045,69,2,67
204000046,8,4,4
204000057,5,24,-19
204000062,1,7,-6
204000068,29,194,-165
204000069,26,340,-314
204000070,114,95,19
204000080,57,61,-4
204000085,2015,1238,777
204000086,1892,1467,425
204000087,48,11,37
204000088,7,86,-79
204000090,29,238,-209
204000093,556,57,499
204000096,1042,814,228
204000097,678,10,668
204000099,1368,1385,-17
204000100,1637,1681,-44
204000105,1835,1167,668
204000110,851,1399,-548
204000111,411,787,-376
204000112,1267,1579,-312
204000113,662,1100,-438
204000114,1167,812,355
204000115,723,362,361
204000116,2394,1151,1243
204000119,2062,2509,-447
204000132,834,317,517
204000133,868,192,676
204000134,366,104,262
204000135,588,112,476
204000136,773,246,527
204000138,422,569,-147
204000140,233,173,60
204000141,155,62,93
204000144,11,39,-28
204000145,594,38,556
204000146,30,298,-268
204000147,15,126,-111
204000148,524,27,497
204000154,6,7,-1
204000155,7,12,-5
204000177,55,59,-4
204000179,32,4,28
204000180,0,26,-26
204000222,3,33,-30
204000235,40,16,24
204000236,76,155,-79
204000238,37,24,13
204000240,470,75,395
204000263,434,766,-332
204000268,999,595,404
204000308,147,11,136
204000317,13,106,-93
204000322,7,57,-50
204000323,13,5,8
204000328,306,52,254
204000329,36,156,-120
204000330,161,23,138
204000331,28,64,-36
204010341,14,216,-202
205000001,814,1380,-566
205000013,14,83,-69
205000014,29,114,-85
205000015,46,159,-113
205000016,23,136,-113
205000017,16,99,-83
205000022,213,672,-459
205000025,1020,989,31
205000029,242,6,236
205000045,159,631,-472
205000046,194,499,-305
205000047,68,567,-499
205000048,372,647,-275
205000049,142,589,-447
205000050,686,249,437
205000059,0,193,-193
205000060,1,91,-90
205000061,3,135,-132
205000062,5,95,-90
205000063,28,155,-127
205000064,24,92,-68
205000065,75,489,-414
205000066,119,478,-359
205000067,41,704,-663
205000069,207,21,186
205000082,217,136,81
205000110,48,206,-158
205000111,201,181,20
205000112,203,208,-5
205000113,163,363,-200
205000121,279,53,226
205000123,47,204,-157
205000126,408,63,345
205000127,783,89,694
205000128,393,46,347
205000129,661,67,594
205000130,143,32,111
205000131,63,14,49
205000132,115,4,111
205000133,101,0,101
205000134,275,2,273
205000137,56,160,-104
205000138,211,238,-27
205000139,32,102,-70
205000144,99,81,18
205000145,362,136,226
205000151,152,30,122
205000152,250,19,231
205000153,251,23,228
205000154,120,42,78
205000155,87,9,78
205000207,11,121,-110
205000233,20,2,18
205000234,0,0,0
205000243,2,11,-9
205000244,0,5,-5
205000245,10,113,-103
205000249,0,18,-18
205000250,5,1,4
205000264,11,96,-85
206000027,14,2,12
206000028,5,0,5
206000043,17,45,-28
206000053,1,5,-4
206000054,2,10,-8
206000055,3,19,-16
206000075,10,19,-9
206000076,24,11,13
206000077,25,4,21
206000078,18,5,13
206000079,30,5,25
206000082,462,85,377
206000100,24,374,-350
206000103,4,8,-4
206000104,17,21,-4
206000105,10,12,-2
206000106,2,16,-14
206000108,651,50,601
206000125,73,0,73
206000157,56,508,-452
206000170,1,126,-125
206000171,1,141,-140
206000172,10,267,-257
206000173,3,144,-141
206000174,17,58,-41
206000175,3,43,-40
206000176,17,80,-63
206000177,1,90,-89
206000178,1,168,-167
206000179,3,65,-62
206000180,14,101,-87
206000181,9,62,-53
206000182,4,87,-83
206000183,19,214,-195
206000184,16,189,-173
206000185,7,93,-86
206000186,94,415,-321
206000223,10,156,-146
206000226,26,8,18
206000227,24,3,21
206000237,27,235,-208
206000238,19,383,-364
206000239,186,1298,-1112
206000240,3,54,-51
206000241,0,76,-76
206000242,12,120,-108
206000243,10,78,-68
206000244,42,248,-206
206000245,1172,63,1109
206000246,373,5,368
206000247,358,10,348
206000248,610,9,601
206000252,80,34,46
206000258,26,36,-10
206000315,36,5,31
206000317,823,110,713
206000318,828,66,762
206000319,2430,82,2348
206000320,331,27,304
206000321,454,8,446
206000322,669,19,650
206000323,258,8,250
206000324,265,7,258
206000325,256,15,241
206000326,244,16,228
206000327,156,9,147
206000328,229,6,223
206000329,410,6,404
206000330,70,8,62
206000331,254,5,249
206000332,64,1,63
206000333,837,4,833
206000334,370,0,370
206000335,0,12,-12
206000361,8,153,-145
206000392,2,14,-12
206000405,160,2,158
206000441,46,21,25
206000498,38,1,37
206000515,84,47,37
206000530,453,77,376
206000531,335,280,55
206000532,2083,469,1614
206000535,159,1490,-1331
206000536,51,114,-63
206000537,14,94,-80
206000613,2194,271,1923
207000001,108,529,-421
207000002,91,327,-236
207000003,137,123,14
207000007,1294,247,1047
207000008,145,6,139
207000009,64,56,8
207000010,313,250,63
207000012,496,230,266
207000015,209,842,-633
207000019,289,66,223
207000021,555,159,396
207000022,182,109,73
207000023,243,38,205
207000024,5,16,-11
207000025,50,74,-24
207000026,99,29,70
207000027,15,53,-38
207000028,53,115,-62
207000029,156,329,-173
207000033,189,454,-265
207000034,312,101,211
207000039,595,101,494
207000040,546,65,481
207000041,173,32,141
207000042,353,61,292
207000043,274,140,134
207000051,113,188,-75
207000052,22,120,-98
207000053,340,395,-55
207000054,53,110,-57
207000055,144,95,49
207000056,370,241,129
207000057,124,256,-132
207000058,101,190,-89
207000059,79,306,-227
207000060,48,141,-93
207000061,261,666,-405
207000062,345,27,318
207000063,356,96,260
207000064,572,99,473
207000065,405,216,189
207000066,224,147,77
207000067,62,51,11
207000068,143,48,95
207000069,706,270,436
207000082,8,143,-135
207000083,56,203,-147
207000084,372,215,157
207000085,258,25,233
207000086,272,9,263
207000106,46,31,15
207000107,106,14,92
207000108,111,10,101
207000109,56,11,45
207000110,91,58,33
207000111,85,96,-11
207000112,137,833,-696
207000114,18,16,2
207000115,25,62,-37
207000116,36,317,-281
207000117,8,107,-99
207000118,6,85,-79
207000119,17,77,-60
207000123,212,17,195
207000124,80,19,61
207000125,91,28,63
207000126,78,37,41
207000134,94,106,-12
207000135,40,106,-66
207000148,110,291,-181
207000149,81,24,57
207000152,110,281,-171
207000153,614,1127,-513
207000154,263,143,120
207000159,84,99,-15
207000160,115,283,-168
207000238,1,148,-147
207000242,5,131,-126
207000248,35,21,14
207000249,73,26,47
207000250,574,70,504
207000251,63,85,-22
207000252,57,58,-1
207000278,144,94,50
207000279,24,115,-91
207000280,853,68,785
207000281,106,520,-414
207000282,160,154,6
207000283,62,229,-167
207000284,64,341,-277
207000285,89,86,3
207000291,15,99,-84
207000304,112,52,60
207000306,61,322,-261
207000310,98,85,13
207000353,256,2,254
207000356,6,61,-55
207000357,12,16,-4
207000358,5,18,-13
207000415,7,138,-131
207000417,50,4,46
207000418,28,110,-82
207000438,0,1,-1
207000439,771,781,-10
207000446,224,9,215
207000460,52,5,47
207000466,147,116,31
207000467,246,76,170
207000468,54,183,-129
207000476,7,47,-40
207000477,743,79,664
207000478,0,17,-17
207000523,1,8,-7
207000524,31,0,31
207000527,177,144,33
207000530,657,7,650
207000531,407,10,397
207000532,116,33,83
207000534,286,47,239
207000535,17,295,-278
207000537,17,75,-58
207000540,9,137,-128
207000541,3,213,-210
207000548,9,176,-167
207000549,367,18,349
207000561,167,210,-43
207000562,39,123,-84
207000567,153,171,-18
207000568,256,50,206
207000569,606,451,155
207000584,230,204,26
207000585,62,372,-310
207000616,0,79,-79
207000617,152,0,152
207900008,337,81,256
208000001,677,1084,-407
208000002,774,461,313
208000003,1219,357,862
208000004,997,671,326
208000005,5,8,-3
208000019,742,909,-167
208000020,252,446,-194
208000021,246,316,-70
208000022,960,467,493
208000028,1521,1823,-302
208000033,612,605,7
208000034,1150,1475,-325
208000040,340,155,185
208000041,916,601,315
208000042,1211,703,508
208000047,128,194,-66
208000064,2328,1342,986
208000066,1833,2649,-816
208000070,475,340,135
208000071,477,612,-135
208000072,465,947,-482
208000080,282,280,2
208000081,353,106,247
208000082,386,210,176
208000083,192,274,-82
208000084,13,11,2
208000085,752,551,201
208000086,505,797,-292
208000087,658,620,38
208000089,1042,271,771
208000090,925,433,492
208000093,154,150,4
208000094,549,421,128
208000095,850,418,432
208000104,1237,702,535
208000105,816,873,-57
208000114,132,346,-214
208000115,552,344,208
208000116,625,1110,-485
208000117,138,119,19
208000118,97,146,-49
208000155,761,920,-159
208000158,1374,3619,-2245
208000186,3069,3975,-906
208000204,731,961,-230
208000205,1312,831,481
208000282,4479,3075,1404
209000004,403,181,222
209000005,56,43,13
209000006,437,175,262
209000007,298,254,44
209000010,373,108,265
209000011,146,227,-81
209000012,107,102,5
209000013,284,226,58
209000014,440,692,-252
209000025,394,40,354
209000026,825,81,744
209000027,368,554,-186
209000028,471,470,1
209000029,396,479,-83
209000030,427,908,-481
209000031,1766,1375,391
209000034,174,232,-58
209000035,148,164,-16
209000036,178,100,78
209000037,264,149,115
209000038,120,92,28
209000039,56,109,-53
209000040,366,481,-115
209000041,189,402,-213
209000042,303,340,-37
209000043,809,745,64
209000044,315,800,-485
209000045,1166,412,754
209000046,520,447,73
209000047,447,220,227
209000048,622,375,247
209000049,113,61,52
209000050,164,83,81
209000051,226,146,80
209000052,117,121,-4
209000062,48,68,-20
209000063,46,38,8
209000064,36,56,-20
209000065,91,23,68
209000066,108,33,75
209000067,126,43,83
209000080,34,142,-108
209000082,101,25,76
209000091,32,101,-69
209000093,56,26,30
209000094,115,150,-35
209000110,52,151,-99
209000111,589,1584,-995
209000112,1245,414,831
209000113,2029,417,1612
209000114,979,402,577
209000115,62,72,-10
209000116,335,236,99
209000118,21,39,-18
209000119,10,3,7
209000121,109,348,-239
209000135,86,214,-128
209000142,711,2012,-1301
209000143,55,57,-2
209000144,42,103,-61
209000229,228,137,91
209000240,39,200,-161
209000259,56,47,9
209000260,44,1021,-977
209000261,11,792,-781
209000262,2,502,-500
209000263,0,142,-142
209000264,1,407,-406
209000265,477,2,475
209000266,178,0,178
209000267,1607,14,1593
209000268,729,66,663
210000037,77,45,32
210000047,135,14,121
210000048,126,25,101
210000049,50,9,41
210000052,65,68,-3
210000053,34,37,-3
210000054,37,84,-47
210000070,144,10,134
210000071,103,1,102
210000072,58,1,57
210000073,0,14,-14
210000074,0,96,-96
210000075,4,113,-109
210000076,15,153,-138
210000077,8,50,-42
210000078,29,40,-11
210000079,24,19,5
210000080,67,80,-13
210000081,199,25,174
210000082,112,3,109
210000083,100,1,99
210000084,71,0,71
210000085,0,64,-64
210000086,5,97,-92
210000099,43,210,-167
210000100,56,124,-68
210000101,68,147,-79
210000105,31,192,-161
210000159,0,192,-192
210000163,129,182,-53
210000164,217,202,15
210000168,136,30,106
210000187,0,18,-18
210000188,0,18,-18
210000214,24,0,24
210000219,36,39,-3
210000220,123,36,87
210000232,3,12,-9
210000233,35,55,-20
210000234,46,78,-32
210000235,72,73,-1
210000245,1,43,-42
210000246,18,0,18
210000258,12,61,-49
210000259,462,74,388
210000282,91,196,-105
210000285,1,121,-120
210000286,24,160,-136
210000290,4,8,-4
210000295,69,122,-53
210000296,49,49,0
210000320,219,51,168
210000321,144,49,95
210000338,36,74,-38
210000339,245,1231,-986
210000340,112,394,-282
210000341,248,246,2
210000342,239,187,52
210000343,213,140,73
210000344,137,91,46
210000345,113,283,-170
210000346,75,121,-46
210000347,46,53,-7
210000348,134,32,102
210000349,76,35,41
210000350,183,59,124
210000351,173,105,68
210000352,71,48,23
210000353,57,87,-30
210000354,102,98,4
210000355,67,78,-11
210000356,15,87,-72
210000357,35,67,-32
210000358,262,115,147
210000359,104,69,35
210000360,165,112,53
210000361,194,179,15
210000362,285,199,86
210000363,612,241,371
210000364,117,184,-67
210000365,130,84,46
210000366,143,63,80
210000367,91,45,46
210000368,145,46,99
210000369,14,19,-5
210000370,39,28,11
210000372,32,16,16
210000373,28,10,18
210000374,63,17,46
210000375,32,51,-19
210000376,91,84,7
210000404,67,110,-43
210000439,26,17,9
210000472,61,6,55
210000482,53,116,-63
210000564,314,290,24
210000567,0,15,-15
210000568,244,4,240
211000092,54,31,23
211000094,19,2,17
211000169,224,19,205
211000172,8,107,-99
211000209,1,27,-26
211000226,9,12,-3
211000270,8,10,-2
211000275,23,12,11
211000276,113,16,97
211000279,31,21,10
211000281,167,28,139
211507980,2,36,-34
211977296,59,3,56
212000003,129,29,100
212000004,17,40,-23
212000005,10,18,-8
212000006,28,52,-24
212000008,176,112,64
212000009,26,74,-48
212000012,98,67,31
212000013,41,36,5
212000014,285,153,132
212000015,330,213,117
212000016,549,471,78
212000027,647,325,322
212000028,382,336,46
212000029,254,188,66
212000030,63,30,33
212000031,66,30,36
212000048,35,203,-168
212000049,24,140,-116
212000050,16,7,9
212000051,190,162,28
212000052,199,209,-10
212000053,385,364,21
212000054,375,88,287
212000055,303,155,148
212000056,27,30,-3
212000057,14,17,-3
212000058,147,62,85
212000070,115,200,-85
212000077,92,405,-313
212000099,353,233,120
212000108,206,113,93
212000111,247,88,159
212000120,102,47,55
212000138,155,36,119
212000156,3,78,-75
212000158,20,20,0
212000159,593,34,559
212000160,883,198,685
212000161,51,7,44
212000310,58,27,31
212000311,32,43,-11
212000374,37,13,24
213000001,40,346,-306
213000005,625,136,489
213000006,1157,307,850
213000007,112,16,96
213000009,601,480,121
213000010,268,296,-28
213000011,167,105,62
213000012,166,226,-60
213000014,87,18,69
213000015,308,5,303
213000016,432,1,431
213000017,105,46,59
213000018,1,102,-101
213000019,0,124,-124
213000020,123,347,-224
213000021,1,120,-119
213000023,475,176,299
213000033,370,1635,-1265
213000034,799,215,584
213000035,113,176,-63
213000045,169,197,-28
213000046,136,138,-2
213000047,504,1237,-733
213000056,121,34,87
213000069,87,3,84
213000073,3,77,-74
213000074,95,389,-294
213000075,629,8,621
213000076,17,8,9
213000085,9,59,-50
213000086,23,136,-113
213000091,278,16,262
213000092,107,10,97
213000099,180,954,-774
213000100,1120,248,872
213000101,582,131,451
213000102,629,242,387
213000103,1107,713,394
213000104,44,371,-327
213000105,4,178,-174
213000106,35,91,-56
213000107,177,306,-129
213000108,28,331,-303
213000109,18,160,-142
213000110,36,87,-51
213000111,16,102,-86
213000112,129,114,15
213000115,112,9,103
213000116,71,331,-260
213000117,9,556,-547
213000118,540,261,279
213000119,42,602,-560
213000120,102,412,-310
213000122,109,428,-319
213000123,353,1007,-654
213000124,112,1245,-1133
213000125,193,27,166
213000126,86,150,-64
213000127,121,234,-113
213000128,333,953,-620
213000129,339,881,-542
213000130,847,329,518
213000132,538,85,453
213000133,766,104,662
213000134,1105,27,1078
213000136,579,17,562
213000137,805,65,740
213000139,157,28,129
213000147,77,14,63
213000148,29,9,20
213000149,52,17,35
213000150,1,188,-187
213000151,4,118,-114
213000152,3,117,-114
213000153,13,142,-129
213000154,81,409,-328
213000155,74,210,-136
213000156,139,379,-240
213000157,749,363,386
213000158,400,835,-435
213000159,835,342,493
213000163,1259,140,1119
213000165,1194,272,922
213000171,1,44,-43
213000172,1,161,-160
213000173,4,184,-180
213000174,7,116,-109
213000175,24,85,-61
213000176,159,40,119
213000177,195,9,186
213000178,231,10,221
213000179,345,3,342
213000180,291,0,291
213000184,115,381,-266
213000188,453,113,340
213000189,518,55,463
213000190,965,695,270
213000191,488,293,195
213000192,269,270,-1
213000193,668,318,350
213000194,0,111,-111
213000195,26,322,-296
213000196,272,1336,-1064
213000197,544,475,69
213000198,69,8,61
213000200,137,570,-433
213000201,39,63,-24
213000202,15,449,-434
213000203,3006,611,2395
213000204,803,43,760
213000205,509,53,456
213000206,406,68,338
213000207,141,14,127
213000208,104,5,99
213000209,177,8,169
213000210,345,80,265
213000211,6,23,-17
213000212,15,40,-25
213000213,22,61,-39
213000218,287,393,-106
213000219,687,17,670
213000220,569,18,551
213000223,212,179,33
213000224,35,47,-12
213000225,150,14,136
213000226,105,11,94
213000227,1026,172,854
213000228,422,56,366
213000229,136,18,118
213000230,362,34,328
213000232,45,903,-858
213000233,13,691,-678
213000234,7,79,-72
213000293,16,70,-54
213000294,112,20,92
213000295,22,114,-92
213000296,57,28,29
213000297,16,79,-63
213000298,21,77,-56
213000299,56,33,23
213000300,14,9,5
213000303,4,25,-21
213000304,3,12,-9
213000305,0,26,-26
213000306,46,19,27
213000307,113,75,38
213000308,110,131,-21
213000309,186,71,115
213000310,613,130,483
213000311,189,755,-566
213000315,88,75,13
213000316,197,35,162
213000322,105,83,22
213000323,127,57,70
213000324,104,66,38
213000325,87,59,28
213000326,76,48,28
213000327,98,53,45
213000328,54,160,-106
213000329,172,58,114
213000340,125,414,-289
213000341,688,94,594
213000347,619,554,65
213000348,12,185,-173
213000349,33,13,20
213000350,283,800,-517
213000366,59,208,-149
213000367,285,17,268
213000379,67,72,-5
213000386,14,278,-264
213000406,92,445,-353
213000417,1429,575,854
213000425,317,30,287
213000426,221,61,160
213000427,52,171,-119
213000428,67,136,-69
213000429,12,6,6
213000430,135,486,-351
213000431,53,5,48
213000432,5,34,-29
213000433,26,96,-70
213000434,113,101,12
213000435,143,88,55
213000436,60,62,-2
213000437,4,17,-13
213000438,180,89,91
213000439,74,9,65
213000440,14,306,-292
213000441,3,0,3
213000442,4,37,-33
213000443,439,338,101
213000444,43,42,1
213000445,1,75,-74
213000446,1,46,-45
213000447,0,51,-51
213000448,13,159,-146
213000449,654,10,644
213000450,36,40,-4
213000451,388,87,301
213000452,8,28,-20
213000453,19,249,-230
213000455,355,9,346
213000456,1,450,-449
213000481,0,6,-6
213000484,38,6,32
213000489,379,63,316
213900002,0,161,-161
213900003,251,32,219
213900013,4,122,-118
213900015,0,7,-7
213900016,10,10,0
213900020,14,87,-73
213900030,0,77,-77
213900032,194,128,66
213900033,181,29,152
213900034,593,65,528
213900035,261,308,-47
213900036,152,145,7
213900037,40,225,-185
213900038,496,159,337
213900039,0,57,-57
213900041,0,189,-189
213900042,238,309,-71
213900043,317,101,216
213900244,55,1,54
213900245,0,15,-15
218000003,11,26,-15
218000004,20,21,-1
218000005,26,34,-8
218000006,60,29,31
218000007,37,12,25
218000012,143,136,7
218000013,117,120,-3
218000014,375,325,50
218000019,678,551,127
218000020,310,368,-58
218000021,40,39,1
218000022,11,17,-6
218000023,4,12,-8
218000024,2,12,-10
218000025,15,15,0
218000026,8,20,-12
218000027,3,4,-1
218000028,3,5,-2
218000029,13,6,7
218000030,16,19,-3
218000031,3,14,-11
218000032,5,29,-24
218000040,15,6,9
218000046,71,98,-27
218000047,22,129,-107
218000048,91,75,16
218000049,121,82,39
218000050,463,239,224
218000051,96,223,-127
218000052,1,86,-85
218000053,5,20,-15
218000054,13,141,-128
218000055,11,41,-30
218000056,26,49,-23
218000057,6,42,-36
218000064,0,22,-22
218000065,96,26,70
218000066,19,61,-42
218000067,68,67,1
218000068,137,85,52
218000069,274,80,194
218000070,230,152,78
218000071,234,143,91
218000072,199,167,32
218000078,863,536,327
218000079,193,95,98
218000080,168,49,119
218000081,624,167,457
218000082,75,95,-20
218000083,85,46,39
218000084,226,93,133
218000085,208,293,-85
218000086,76,106,-30
218000087,206,144,62
218000090,6,112,-106
218000091,1059,438,621
218000092,112,129,-17
218000093,72,36,36
218000094,362,341,21
218000099,338,627,-289
218000100,331,254,77
218000101,276,103,173
218000102,431,165,266
218000103,104,122,-18
218000104,133,38,95
218000105,17,16,1
218000106,14,3,11
218000107,38,32,6
218000108,11,35,-24
218000112,45,17,28
218000117,75,47,28
218000134,460,430,30
218000135,16,87,-71
218000136,265,165,100
218000137,188,119,69
218000138,56,101,-45
218000139,210,273,-63
218000140,533,223,310
218000141,95,65,30
218000142,229,151,78
218000143,125,397,-272
218000144,50,119,-69
218000145,551,306,245
218000146,151,210,-59
218000151,13,18,-5
218000152,193,43,150
218000153,13,9,4
218000154,41,4,37
218000155,22,2,20
218000156,100,14,86
218000157,54,19,35
218000158,12,7,5
218000159,2,11,-9
218000160,8,3,5
218000161,40,5,35
218000162,40,7,33
218000163,35,3,32
218000164,74,7,67
218000165,96,22,74
218000170,2,36,-34
218000171,49,16,33
218000172,12,23,-11
218000173,40,14,26
218000174,16,15,1
218000176,288,39,249
218000177,447,188,259
218000178,116,230,-114
218000179,129,61,68
218000180,132,23,109
218000181,230,50,180
218000187,16,28,-12
218000188,47,63,-16
218000189,21,52,-31
218000190,24,19,5
218000191,188,52,136
218000192,281,165,116
218000193,477,263,214
218000194,88,253,-165
218000195,149,51,98
218000196,433,236,197
218000197,573,257,316
218000198,34,125,-91
218000199,64,32,32
218000200,84,20,64
218000201,23,14,9
218000202,75,248,-173
218000207,4,20,-16
218000208,33,27,6
218000211,52,22,30
218000212,0,13,-13
218000213,137,131,6
218000214,9,51,-42
218000215,48,46,2
218000217,4,67,-63
218000218,223,60,163
218000219,30,21,9
218000220,61,415,-354
218000221,491,173,318
218000222,8,63,-55
218000223,54,541,-487
218000224,20,209,-189
218000225,278,25,253
218000226,203,58,145
218000230,0,10,-10
218000232,39,24,15
218000239,119,14,105
218000240,43,6,37
218000241,35,1,34
218000242,53,11,42
218000243,24,5,19
218000244,36,2,34
218000245,44,3,41
218000246,0,0,0
218000247,0,0,0
218000248,0,24,-24
218000249,0,1,-1
218000250,0,14,-14
218000251,5,32,-27
218000252,9,68,-59
218000253,7,87,-80
218000254,1,56,-55
218000255,2,40,-38
218000256,7,110,-103
218000267,315,735,-420
218000268,5,40,-35
218000269,3,12,-9
218000270,25,28,-3
218000271,6,17,-11
218000273,41,5,36
218000274,14,4,10
218000275,29,43,-14
218000276,19,21,-2
218000278,16,24,-8
218000279,54,19,35
218000280,9,11,-2
218000281,21,16,5
218000282,428,549,-121
218000284,77,5,72
218000301,133,128,5
218000302,170,58,112
218000303,26,42,-16
218000316,790,829,-39
218000317,1568,774,794
218000318,968,525,443
218000319,1129,591,538
218000320,880,447,433
218000338,45,29,16
218000345,87,44,43
218000346,28,160,-132
218000459,29,248,-219
218000490,27,44,-17
218000501,119,93,26
218000502,44,56,-12
218000503,95,22,73
218000504,176,30,146
218000505,48,104,-56
218000506,45,163,-118
218000508,10,14,-4
218000510,167,12,155
218000520,98,96,2
218000521,13,39,-26
218000522,1,127,-126
218000523,155,3,152
218000524,27,392,-365
218000525,121,15,106
218000526,25,259,-234
218000529,16,120,-104
218000530,27,4,23
218000531,22,25,-3
218000532,23,11,12
218000534,210,19,191
218000537,9,70,-61
218000538,163,374,-211
218000540,386,130,256
218000543,222,67,155
218000544,25,71,-46
218000545,93,92,1
218000546,61,66,-5
218000547,116,176,-60
218000548,129,83,46
218000549,552,511,41
218000550,188,229,-41
218000551,63,963,-900
218000552,306,70,236
218000553,41,115,-74
218000554,28,51,-23
218000555,35,60,-25
218000556,120,165,-45
218000557,375,80,295
218000558,75,6,69
218000559,0,47,-47
218000560,0,27,-27
218000561,15,2,13
218000562,27,166,-139
218000563,216,19,197
218000564,9,164,-155
218000565,141,38,103
218000566,295,77,218
218000567,3,128,-125
218000568,118,3,115
218000569,13,290,-277
218000570,106,17,89
218000571,2,83,-81
218000572,110,1,109
218000573,22,270,-248
218000574,79,39,40
218000575,98,4,94
218000576,2,103,-101
218000577,124,2,122
218000578,0,122,-122
218000579,93,14,79
218000581,4,44,-40
218000582,44,4,40
218000583,14,0,14
218000584,2,29,-27
218000585,42,4,38
218000586,16,44,-28
218000587,2,0,2
218000588,2,7,-5
218000589,1,13,-12
218000590,1,0,1
218000591,3,1,2
218000592,23,0,23
218000593,0,0,0
218000594,0,1,-1
218000595,0,0,0
218000596,0,0,0
218000597,0,0,0
218000598,0,0,0
218000599,3,0,3
218000600,1,2,-1
218000601,1,0,1
218000602,0,4,-4
218000603,0,3,-3
218000604,0,1,-1
218000605,0,16,-16
218000606,51,0,51
218000607,16,24,-8
218000608,66,16,50
218000609,5,31,-26
218000610,75,4,71
218000611,26,3,23
218000612,2,39,-37
218000613,37,0,37
218000614,1,32,-31
218000615,154,1,153
218000616,5,132,-127
218000617,12,3,9
218000618,0,10,-10
218000619,60,19,41
218000620,5,39,-34
218000621,0,2,-2
218000622,0,40,-40
218000623,135,0,135
218000624,3,20,-17
218000625,2,1,1
218000626,0,3,-3
218000628,168,29,139
218000631,33,5,28
218000632,5,125,-120
218000633,174,1,173
218000634,5,16,-11
218000635,11,9,2
218000636,748,741,7
218000637,1175,396,779
218000638,255,27,228
218000639,23,116,-93
218000640,405,26,379
218000641,77,222,-145
218000652,38,54,-16
218000653,229,69,160
218000663,7,63,-56
218000675,47,54,-7
218000676,2,21,-19
218000677,15,9,6
218000680,106,225,-119
218000681,423,98,325
218000691,99,127,-28
218000693,333,97,236
218000703,7,16,-9
218000718,175,1119,-944
218000719,360,769,-409
218000720,15,398,-383
218000721,227,39,188
218000725,8,2,6
218001214,11,138,-127
218001329,77,79,-2
218001330,68,26,42
218001351,28,6,22
218001352,13,10,3
218001353,10,0,10
218001354,9,9,0
219000001,74,41,33
219000002,50,52,-2
219000003,78,41,37
219000004,43,42,1
219000017,97,50,47
219000020,157,18,139
219000022,128,3,125
219000023,70,0,70
219000029,5,61,-56
219000034,32,24,8
219000039,85,148,-63
219000040,61,59,2
219000041,146,21,125
219000051,0,41,-41
219000052,0,28,-28
219000053,0,67,-67
219000054,388,287,101
219000055,257,1,256
219000056,9,2,7
219000057,80,1,79
219000062,10,67,-57
219000063,73,5,68
219000064,0,47,-47
219000110,472,70,402
219000111,171,46,125
219000112,229,54,175
219000113,165,23,142
219000114,188,40,148
219000116,87,49,38
219000117,140,45,95
219000118,126,62,64
219000123,186,72,114
219000124,101,54,47
219000125,20,6,14
219000126,62,102,-40
219000127,2,12,-10
219000128,8,90,-82
219000129,17,101,-84
219000130,253,372,-119
219000131,572,883,-311
219000133,41,31,10
219000134,7,29,-22
219000135,42,65,-23
219000136,67,210,-143
219000138,59,19,40
219000139,35,19,16
219000140,77,2,75
219000141,23,81,-58
219000142,15,58,-43
219000143,13,59,-46
219000145,36,36,0
219000146,3,15,-12
219000147,3,24,-21
219000148,5,19,-14
219000149,7,47,-40
219000150,2,37,-35
219000151,6,26,-20
219000157,207,153,54
219000158,157,152,5
219000161,125,15,110
219000163,1152,454,698
219000166,111,211,-100
219000167,88,128,-40
219000168,292,103,189
219000174,506,131,375
219000175,146,4,142
219000176,145,10,135
219000177,59,6,53
219000178,85,1,84
219000179,24,13,11
219000180,54,31,23
219000182,108,12,96
219000183,76,43,33
219000184,118,19,99
219000185,2,41,-39
219000186,64,29,35
219000187,46,74,-28
219000189,77,173,-96
219000190,46,177,-131
219000191,397,1603,-1206
219000192,133,138,-5
219000193,168,150,18
219000195,1,51,-50
219000196,5,63,-58
219000198,19,51,-32
219000199,45,143,-98
219000200,22,91,-69
219000201,23,109,-86
219000203,18,76,-58
219000204,60,236,-176
219000205,33,184,-151
219000207,116,164,-48
219000209,30,64,-34
219000210,40,94,-54
219000213,4,133,-129
219000239,162,180,-18
219000240,210,260,-50
219000241,118,106,12
219000242,48,74,-26
219000243,37,133,-96
219000244,9,47,-38
219000245,23,50,-27
219000246,44,38,6
219000247,164,38,126
219000248,560,467,93
219000249,158,133,25
219000250,173,105,68
219000251,704,200,504
219000252,213,185,28
219000253,488,144,344
219000255,125,107,18
219000256,276,87,189
219000257,101,0,101
219000262,106,67,39
219000263,50,82,-32
219000267,4,53,-49
219000268,3,4,-1
219000269,4,3,1
219000270,8,0,8
219000271,129,6,123
219000278,0,7,-7
219000279,1,4,-3
219000283,0,14,-14
219000295,18,73,-55
219000296,52,311,-259
219000297,11,60,-49
219000298,21,95,-74
219000299,465,63,402
219000300,39,115,-76
219000301,181,293,-112
219000302,20,244,-224
219000307,35,24,11
219000308,59,33,26
219000311,255,56,199
219000312,756,119,637
219000313,420,85,335
219000314,45,192,-147
219000315,286,34,252
219000316,680,71,609
219000317,126,19,107
219000320,0,27,-27
219000321,1,18,-17
219000323,2,45,-43
219000325,1,8,-7
219000326,100,40,60
219000327,51,21,30
219000328,25,43,-18
219000329,301,118,183
219000330,43,19,24
219000331,79,26,53
219000332,157,78,79
219000333,27,7,20
219000335,92,4,88
219000337,31,0,31
219000338,45,1,44
219000344,15,45,-30
219000345,41,47,-6
219000346,55,69,-14
219000348,130,73,57
219000349,38,117,-79
219000350,87,240,-153
219000351,5,16,-11
219000352,380,99,281
219000353,118,34,84
219000354,197,66,131
219000355,166,36,130
219000356,814,1410,-596
219000363,194,74,120
219000364,105,34,71
219000365,100,21,79
219000366,250,325,-75
219000368,388,614,-226
219000370,925,630,295
219000371,9,27,-18
219000382,6,13,-7
219000383,348,1347,-999
219000385,413,351,62
219000386,554,1339,-785
219000387,7,10,-3
219000390,12,3,9
219000391,3,1,2
219000397,43,36,7
219000398,50,41,9
219000401,5,94,-89
219000402,19,84,-65
219000403,141,233,-92
219000404,16,122,-106
219000407,4,28,-24
219000409,72,55,17
219000410,99,47,52
219000411,58,10,48
219000446,92,339,-247
219000447,0,16,-16
219000448,36,3,33
219000452,103,79,24
219000453,52,191,-139
219000454,164,287,-123
219000556,327,102,225
219000558,180,110,70
219000590,29,119,-90
219000591,129,86,43
219000592,97,225,-128
219000595,2,16,-14
219000635,178,32,146
219000636,10,53,-43
219000657,48,19,29
219000658,52,162,-110
219000673,1,113,-112
219000676,70,28,42
219000679,41,10,31
219000684,123,5,118
219000685,1,26,-25
219000686,1,1,0
219000688,0,47,-47
219000689,24,166,-142
219000690,198,11,187
219000691,27,143,-116
219000692,164,28,136
219000693,1,13,-12
219000694,10,0,10
219000695,32,0,32
219000698,25,1,24
219000699,0,21,-21
219000727,0,52,-52
219000728,58,4,54
219000770,42,0,42
219000771,2,24,-22
219001150,3,22,-19
219001151,0,4,-4
219001166,8,17,-9
219001167,0,56,-56
220000001,43,79,-36
220000002,13,81,-68
220000003,334,159,175
220000004,426,347,79
220000005,839,1279,-440
220000006,193,583,-390
220000007,348,295,53
220000008,284,465,-181
220000009,241,281,-40
220000010,124,74,50
220000011,380,2998,-2618
220000012,84,348,-264
220000014,120,73,47
220000015,41,202,-161
220000017,117,297,-180
220000018,4023,2204,1819
220000019,94,324,-230
220000020,367,228,139
220000021,772,168,604
220000022,893,283,610
220000023,388,137,251
220000024,1810,407,1403
220000025,835,1128,-293
220000026,279,426,-147
220000027,18,129,-111
220000028,60,47,13
220000029,30,95,-65
220000030,59,78,-19
220000031,537,312,225
220000064,26,807,-781
221000046,2,0,2
221000047,0,3,-3
221000048,0,0,0
221000049,0,5,-5
221000050,14,0,14
221000055,21,48,-27
221000057,57,9,48
221000068,340,133,207
221000069,345,43,302
221000070,241,19,222
221000071,111,7,104
221000072,229,4,225
221000073,176,35,141
221000074,2,16,-14
221000075,12,14,-2
221000076,10,20,-10
221000077,17,54,-37
221000081,23,7,16
221000082,83,11,72
221000083,29,2,27
221000084,2,1,1
221000085,13,62,-49
221000086,6,66,-60
221000087,4,96,-92
221000088,21,105,-84
221000089,30,215,-185
221000090,72,393,-321
221000098,98,9,89
221000099,218,9,209
221000100,84,8,76
221000101,180,14,166
221000102,138,13,125
221000109,8,98,-90
221000110,13,51,-38
221000111,21,75,-54
221000112,4,104,-100
221000113,9,94,-85
221000114,5,119,-114
221000120,35,34,1
221000121,0,35,-35
221000122,43,51,-8
221000123,7,16,-9
221000124,36,148,-112
221000155,133,11,122
221000156,24,31,-7
221000175,1,11,-10
221000176,1,6,-5
221000182,65,4,61
221000241,497,276,221
221000242,144,332,-188
221000243,434,146,288
221000244,250,318,-68
221000245,109,99,10
221000246,29,174,-145
221000247,76,84,-8
221000248,107,75,32
221000267,60,779,-719
221000325,71,96,-25
221000331,1,71,-70
221000338,8,47,-39
221000378,249,42,207
221000381,37,47,-10
222000282,10,5,5
222000296,5,20,-15
222000568,425,21,404
222000569,292,40,252
222000570,188,30,158
222000571,459,26,433
222000577,20,96,-76
222000578,41,128,-87
222000579,29,125,-96
222000580,68,647,-579
222000599,0,141,-141
222000600,3,207,-204
222000601,7,745,-738
222000603,17,55,-38
222000604,2,57,-55
222000605,10,20,-10
222000606,0,13,-13
222000607,4,5,-1
222000608,21,22,-1
222000609,49,106,-57
222000616,475,64,411
222000617,11,33,-22
222000618,4,5,-1
222000620,25,9,16
222000621,42,9,33
222000623,644,8,636
222000624,401,1,400
222000625,762,13,749
222000636,62,9,53
222000686,17,21,-4
222000687,57,16,41
222001066,388,2,386
222001067,39,4,35
222001068,111,21,90
222001069,60,27,33
222001082,23,25,-2
222001083,30,30,0
222001084,1,23,-22
222001085,1,197,-196
222001111,61,74,-13
222001112,208,22,186
222001313,40,6,34
222001314,11,123,-112
222001464,77,51,26
222001465,11,63,-52
222001484,147,46,101
222001485,25,59,-34
222001494,720,128,592
222001495,124,151,-27
222001496,489,82,407
222001497,78,269,-191
222001502,16,79,-63
222001503,121,38,83
222001504,44,245,-201
222001505,443,29,414
222001506,44,330,-286
222001507,335,27,308
222001510,707,45,662
222001511,37,252,-215
222001514,990,229,761
222001515,229,412,-183
222001518,454,78,376
222001519,54,162,-108
222001527,226,63,163
222001528,72,114,-42
222001529,396,59,337
222001530,95,156,-61
222001533,122,218,-96
222001534,449,52,397
222001535,311,171,140
222001536,98,140,-42
222001537,366,48,318
222001538,70,359,-289
222001563,1024,122,902
222001564,72,362,-290
222001568,356,196,160
222001576,2,2,0
222001579,0,29,-29
222001583,14,123,-109
222001584,143,16,127
222001596,984,1612,-628
222001597,2982,595,2387
222001626,0,130,-130
222001650,126,202,-76
222001651,187,769,-582
222001914,224,74,150
222001915,63,141,-78
222900004,551,250,301
222900009,405,486,-81
222900019,210,215,-5
222900024,54,10,44
222900025,9,18,-9
225000001,391,113,278
225000002,575,118,457
225000003,657,75,582
225000004,386,183,203
225000005,157,84,73
225000006,0,131,-131
225000007,1059,1157,-98
225000010,337,20,317
225000011,291,1036,-745
225000012,166,566,-400
225000013,92,92,0
225000014,812,65,747
225000015,93,102,-9
225000021,762,170,592
225000027,190,373,-183
225000032,686,112,574
225000042,59,471,-412
225000049,23,44,-21
225000050,106,8,98
225000053,4,254,-250
225000058,552,126,426
225000067,237,183,54
225000068,126,230,-104
225000069,113,309,-196
225000070,59,244,-185
225000071,46,107,-61
225000075,30,835,-805
225000076,27,93,-66
225000078,71,37,34
225000085,91,120,-29
225000086,340,59,281
225000087,154,18,136
225000088,16,174,-158
225000089,177,1009,-832
225000090,79,413,-334
225000091,200,116,84
225000092,93,111,-18
225000093,194,162,32
225000094,13,171,-158
225000095,290,229,61
225000096,212,321,-109
225000098,901,224,677
225000099,467,125,342
225000100,385,88,297
225000104,84,278,-194
225000110,10,305,-295
225000111,187,660,-473
225000112,256,811,-555
225000113,168,546,-378
225000114,65,227,-162
225000115,994,537,457
225000116,800,210,590
225000117,705,248,457
225000118,1008,214,794
225000119,245,86,159
225000120,655,46,609
225000121,200,27,173
225000123,461,15,446
225000125,387,107,280
225000126,501,133,368
225000127,552,1430,-878
225000128,432,801,-369
225000132,335,22,313
225000133,190,19,171
225000134,665,150,515
225000135,73,29,44
225000136,349,13,336
225000137,258,34,224
225000138,358,109,249
225000143,55,169,-114
225000144,3,263,-260
225000145,45,41,4
225000146,51,67,-16
225000147,21,113,-92
225000148,10,141,-131
225000149,53,378,-325
225000151,38,144,-106
225000155,303,299,4
225000156,133,726,-593
225000157,219,234,-15
225000158,56,201,-145
225000171,11,130,-119
225000180,56,24,32
225000181,0,43,-43
225000182,52,14,38
225000185,6,358,-352
225000187,39,319,-280
225000191,72,2,70
225000194,0,12,-12
225000208,0,55,-55
225000209,80,8,72
225000210,10,211,-201
225000217,0,14,-14
225000218,13,2,11
225000223,1,35,-34
225000224,62,3,59
225000225,0,21,-21
225000226,29,5,24
225000227,28,52,-24
225000228,17,17,0
225000229,0,57,-57
225000230,113,0,113
225000231,0,25,-25
225000232,190,1,189
225000241,52,2,50
225000242,0,31,-31
225000249,4,0,4
225000250,35,468,-433
225000251,323,22,301
225000254,5,0,5
225000256,1,27,-26
225000257,1,26,-25
226000042,231,325,-94
226000043,65,198,-133
226000044,136,383,-247
226000045,66,227,-161
226000046,433,117,316
226000047,363,104,259
226000048,305,96,209
226000049,273,167,106
226000070,0,27,-27
226000071,0,53,-53
226000072,0,11,-11
226000073,0,4,-4
226000074,0,18,-18
226000084,1,42,-41
226000085,0,9,-9
226000086,9,3,6
226000087,0,13,-13
226000088,35,47,-12
226000090,330,123,207
226000091,18,55,-37
226000092,20,13,7
226000093,35,0,35
226000094,8,2,6
226000095,5,0,5
226000105,17,1,16
226000106,6,0,6
226000107,5,0,5
226000108,15,0,15
226000109,122,13,109
226000124,170,79,91
226000134,845,425,420
226000135,1738,572,1166
226000136,792,410,382
226000137,24,187,-163
226000138,13,98,-85
226000139,2,21,-19
226000156,181,1,180
226000157,316,31,285
226000163,102,222,-120
226000202,7,203,-196
226000231,358,11,347
226000232,56,5,51
227000033,364,62,302
227000036,516,49,467
227000037,411,24,387
227000038,214,37,177
227000084,2,46,-44
227000085,0,42,-42
227000088,80,2,78
227000089,145,1,144
227000090,45,0,45
227000091,33,0,33
227000092,16,1,15
227000093,116,0,116
227000094,12,0,12
227000130,25,57,-32
227000131,19,120,-101
227000132,6,169,-163
227000133,14,98,-84
227000134,7,143,-136
227000152,0,4,-4
227000153,0,42,-42
227000154,0,34,-34
227000155,0,9,-9
227000156,1,10,-9
227000165,4,45,-41
227000196,447,151,296
227000199,410,301,109
227000230,9,203,-194
227000232,557,20,537
227000242,56,360,-304
227000243,592,109,483
227000245,6,223,-217
227000246,78,248,-170
227000247,533,65,468
227000248,103,33,70
227000249,33,94,-61
227000250,260,148,112
227000251,59,101,-42
227000252,32,166,-134
227000253,222,17,205
227000262,488,49,439
227000266,1355,13,1342
227000267,28,983,-955
227000282,4,95,-91
227000284,589,13,576
227000286,2,39,-37
227000291,12,385,-373
227000296,162,292,-130
227000484,175,12,163
227000485,14,782,-768
227000655,256,6,250
227000656,620,32,588
227000657,98,8,90
227000704,202,10,192
229000265,13,14,-1
229000266,5,0,5
229000267,6,0,6
229000268,28,0,28
229000269,40,0,40
229000274,0,20,-20
229000275,0,18,-18
229000276,0,15,-15
229000277,1,6,-5
229000278,1,2,-1
229000295,24,24,0
229000296,25,9,16
229000297,7,29,-22
229000298,11,137,-126
229000320,33,16,17
229000321,13,12,1
229000412,34,60,-26
229000414,33,31,2
229000415,33,5,28
229000416,2,9,-7
229000417,1,5,-4
229000419,87,390,-303
229000440,451,48,403
229000442,31,16,15
229000443,2,3,-1
229000444,1,23,-22
229000445,59,12,47
229000446,102,20,82
229000491,5,7,-2
229000492,11,62,-51
229000493,6,43,-37
229000494,46,0,46
229000495,153,6,147
229000496,75,7,68
229000507,1,79,-78
229000508,0,25,-25
229000509,0,77,-77
229000510,6,22,-16
229000511,2,46,-44
229000512,0,17,-17
229000513,0,6,-6
229000514,1,0,1
229000517,2,3,-1
229000518,17,13,4
229000519,3,6,-3
229000520,10,25,-15
229000521,61,17,44
229000522,8,8,0
229000523,9,2,7
229000524,9,2,7
229000527,3,0,3
229000528,0,0,0
229000529,16,1,15
229000530,59,3,56
229000531,54,4,50
229000532,36,2,34
229000533,97,2,95
229000534,81,3,78
229000564,86,3,83
229000565,19,0,19
229000566,0,7,-7
229000567,0,21,-21
229000582,102,6,96
229000583,9,5,4
229000584,0,40,-40
229000585,4,79,-75
229000718,0,4,-4
229000719,0,4,-4
229000720,0,11,-11
229000721,0,6,-6
229000722,0,9,-9
229000723,0,5,-5
229000724,0,0,0
229000725,0,2,-2
229000738,2,0,2
229000739,1,0,1
229000740,3,0,3
229000741,15,0,15
229000742,15,0,15
229000743,13,0,13
229000744,3,0,3
229000745,2,0,2
229000746,15,1,14
229000847,66,0,66
229000848,27,0,27
229000849,94,0,94
229000851,41,0,41
229000854,0,13,-13
229000856,0,57,-57
229000857,0,11,-11
229000858,0,15,-15
229000919,12,82,-70
229000930,1,244,-243
229000937,77,13,64
229000966,46,20,26
229000981,19,13,6
229000985,31,35,-4
229000986,2,8,-6
229000987,1,1,0
229000988,5,8,-3
229000989,5,17,-12
229000990,1,2,-1
229000991,3,0,3
229000992,18,13,5
229000993,162,23,139
229000998,13,43,-30
229000999,89,26,63
229001034,3,20,-17
229001035,11,1,10
229001036,8,50,-42
229001037,31,0,31
229001038,0,8,-8
229001039,1,0,1
229001040,1,76,-75
229001041,62,0,62
229001042,20,35,-15
229001047,16,52,-36
229001050,39,28,11
229001168,0,17,-17
229001200,9,0,9
229001338,10,15,-5
229001394,205,2,203
229001422,108,29,79
229001423,40,110,-70
229001431,56,49,7
229001432,39,77,-38
229001444,226,63,163
229001445,30,126,-96
229001479,25,3,22
229001503,193,59,134
229001504,144,123,21
229001505,101,34,67
229001506,52,99,-47
229001509,57,9,48
229001510,2,39,-37
229001545,78,2,76
229001546,8,86,-78
229001553,86,10,76
229001554,54,74,-20
229001630,56,12,44
229001631,13,26,-13
229001635,0,14,-14
229001636,8,2,6
229001658,0,113,-113
229001659,41,5,36
229001660,60,11,49
229001661,27,42,-15
229001662,15,0,15
229001663,0,9,-9
229002584,218,200,18
229002831,140,159,-19
229002841,18,27,-9
229002842,24,23,1
229002843,58,16,42
229002844,65,64,1
229002845,24,80,-56
229002846,23,21,2
229002847,2,24,-22
229002848,5,1,4
229002849,2,91,-89
229002850,18,2,16
229002851,47,194,-147
229002852,249,30,219
229002853,145,17,128
229002854,31,56,-25
229002855,10,29,-19
229002856,34,19,15
229002857,9,180,-171
229002858,16,12,4
229002859,20,156,-136
229002860,285,18,267
229002861,87,31,56
229002862,44,58,-14
229002863,22,15,7
229002864,46,45,1
229002865,18,22,-4
229002866,12,29,-17
229002867,7,26,-19
229002868,6,11,-5
229002869,27,139,-112
229002870,68,17,51
235000066,388,92,296
235000067,123,97,26
235000072,24,40,-16
235000073,102,316,-214
235000074,67,55,12
235000080,28,63,-35
235000081,113,59,54
235000082,156,33,123
235000083,320,77,243
235000084,73,43,30
235000085,224,68,156
235000089,25,35,-10
235000092,31,95,-64
235000093,5,8,-3
235000097,8,6,2
235000098,60,19,41
235000099,58,22,36
235000116,74,22,52
235000117,623,19,604
235000133,19,510,-491
235000134,21,214,-193
235000206,15,6,9
235000207,5,3,2
235000208,3,2,1
235000209,9,2,7
235000210,6,1,5
235000212,5,11,-6
235000213,0,5,-5
235000220,3,8,-5
235000221,28,26,2
235000238,13,92,-79
235000239,2,36,-34
235000242,311,785,-474
235000245,571,152,419
235000246,27,62,-35
235000284,14,173,-159
235000295,90,12,78
235000305,225,18,207
235000306,303,9,294
235000307,18,3,15
235000308,34,2,32
235000309,68,0,68
235000310,43,0,43
235000311,93,40,53
235000322,0,40,-40
235000323,3,44,-41
235000324,3,16,-13
235000325,0,47,-47
235000326,15,119,-104
235000351,4,54,-50
235000352,11,48,-37
235000353,3,33,-30
235000354,24,40,-16
235000355,21,65,-44
235000356,95,3,92
235000357,45,10,35
235000358,117,25,92
235000359,14,6,8
235000360,38,8,30
235000361,45,6,39
235000381,113,86,27
235000382,245,36,209
235000390,13,7,6
235000391,160,20,140
235000392,231,282,-51
235000393,101,163,-62
235000395,140,42,98
235000396,552,90,462
235000400,237,69,168
235000401,21,125,-104
235000405,89,171,-82
235000406,45,170,-125
235000407,46,55,-9
235000409,151,99,52
235000410,29,186,-157
235000411,2,49,-47
235000485,0,14,-14
235000486,2,0,2
235000549,88,92,-4
235000550,103,144,-41
235000599,172,41,131
235000600,20,21,-1
235000601,16,17,-1
235000602,135,29,106
235000614,0,3,-3
235000648,0,12,-12
235000649,44,6,38
235000685,3,3,0
235000815,33,87,-54
235000834,0,10,-10
235000855,68,52,16
235000862,34,85,-51
235000891,0,18,-18
235000892,25,1,24
235000901,78,78,0
235000907,14,17,-3
235001010,102,61,41
235001029,397,307,90
235001030,373,256,117
235001078,94,109,-15
235001079,59,65,-6
235001147,4,37,-33
235001166,14,64,-50
235001167,51,32,19
235001169,33,293,-260
235001188,0,11,-11
235001189,4,0,4
235001197,6,17,-11
235001200,59,33,26
235001208,43,26,17
235001209,14,44,-30
235001210,10,100,-90
235001239,9,48,-39
235001244,1,4,-3
235016267,0,45,-45
241900007,72,44,28
277101746,0,1,-1
277102712,0,0,0
277103813,0,0,0
277103814,0,0,0
277103898,0,4,-4
277104249,2,2,0
277104250,0,6,-6
277104251,0,6,-6
277104252,0,2,-2
990011530,0,196,-196
990014944,1,323,-322
990015176,46,0,46
990015618,0,103,-103
990016032,1,235,-234
990032570,1,299,-298
990070001,61,34,27
990070103,0,0,0
990070601,0,60,-60
990070751,1310,5,1305
990070766,0,328,-328
990071180,452,142,310
990071343,21,4,17
990071387,0,20,-20
990071823,763,6,757
990072600,6,1358,-1352
990072964,3,407,-404
990073285,0,4,-4
990074393,1,595,-594
990074870,1653,84,1569
990075106,1735,20,1715
990075746,596,33,563
990076437,1792,11,1781
990076458,11,476,-465
997000007,825,4,821
997000041,1,277,-276
997000058,68,6,62
997000062,87,66,21
997000069,0,4,-4
997000070,0,29,-29
997000100,42,2,40
997000141,8,2110,-2102
997000198,5,980,-975
998000475,9,81,-72
998000736,0,157,-157
998000965,0,18,-18
998001031,0,70,-70
998001700,0,2,-2
998001899,0,2,-2
998001900,8,0,8
998003073,1675,7,1668
998101900,0,0,0
998102850,6,298,-292
998501927,1055,1136,-81
998501929,82,5,77
998501930,66,2,64
998501931,203,92,111
998501932,5,0,5
998501933,182,86,96
998501937,32,0,32
998501944,75,72,3
998501950,0,0,0
998501970,104,26,78
998501971,0,68,-68
998501973,0,37,-37
998501974,0,143,-143
998501975,97,1,96
998501976,64,5,59
998501977,0,25,-25
998501978,36,0,36
998501979,0,10,-10
998501980,34,0,34
998501981,31,3,28
998501982,0,122,-122
998502006,0,0,0
998502024,0,5,-5
998502032,0,2,-2
998502062,11,2,9
998502063,0,0,0
998502173,13,1,12
998502269,0,5,-5
998601159,5,103,-98
998601292,0,24,-24
999033574,2,153,-151
999800001,120,5,115
999800002,0,6,-6
999800003,5,1,4
999800004,0,2,-2
999800005,0,3,-3
