ID,insum,outsum,diff
100000001,576,1041,-465
100000002,6921,2114,4807
100000003,8688,4355,4333
100000004,1638,1358,280
100000005,2970,5109,-2139
100000006,2093,254,1839
100000007,3987,1238,2749
100000008,1322,590,732
100000009,2474,1108,1366
100000010,548,137,411
100000011,1396,131,1265
100000012,164,932,-768
100000013,1821,344,1477
100000014,2009,377,1632
100000015,1956,3930,-1974
100000016,1616,1673,-57
100000017,2429,1151,1278
100000018,3134,880,2254
100000019,7307,2722,4585
100000020,3372,12936,-9564
100000021,7089,2547,4542
100000022,2712,2631,81
100000023,6349,2056,4293
100000025,2617,1289,1328
100000028,2531,1207,1324
100000029,302,366,-64
100000030,329,87,242
100000031,6123,10055,-3932
100000032,4717,5268,-551
100000033,1257,3507,-2250
100000034,630,529,101
100000035,2623,1529,1094
100000036,3736,1889,1847
100000037,837,647,190
100000038,2976,1352,1624
100000039,2435,364,2071
100000040,309,236,73
100000041,1427,597,830
100000042,1712,633,1079
100000043,1505,473,1032
100000044,479,891,-412
100000045,730,1454,-724
100000046,988,1681,-693
100000047,755,1247,-492
100000048,2612,970,1642
100000049,2508,3188,-680
100000051,735,1631,-896
100000053,493,11,482
100000054,608,76,532
100000055,1767,408,1359
100000056,686,650,36
100000057,2721,939,1782
100000058,1721,1741,-20
100000059,17,163,-146
100000060,422,647,-225
100000061,2748,634,2114
100000062,3362,727,2635
100000063,891,387,504
100000064,1712,485,1227
100000065,519,1589,-1070
100000066,305,1085,-780
100000067,705,1083,-378
100000068,767,2786,-2019
100000069,472,2246,-1774
100000072,791,2397,-1606
100000073,1619,1706,-87
100000075,958,455,503
100000076,4375,3497,878
100000077,377,263,114
100000078,74,71,3
100000079,64,77,-13
100000080,39,73,-34
100000081,196,228,-32
100000102,3505,2472,1033
100000103,6882,1862,5020
100000104,7296,3107,4189
100000105,3326,2034,1292
100000106,3376,2834,542
100000107,1077,1167,-90
100000108,1035,1328,-293
100000109,4390,1622,2768
100000116,2248,1328,920
100000117,124,139,-15
100000118,2308,1347,961
100000119,789,1022,-233
100000121,439,591,-152
100000122,1086,1254,-168
100000123,5667,5618,49
100000124,9221,8010,1211
100000125,4643,1735,2908
100000126,1179,477,702
100000127,2389,492,1897
100000128,2992,2533,459
100000129,693,762,-69
100000130,565,712,-147
100000131,3759,4285,-526
100000132,2141,3721,-1580
100000133,9096,3438,5658
100000135,678,1600,-922
100000139,673,327,346
100000140,639,390,249
100000142,590,845,-255
100000143,1266,615,651
100000144,4915,1358,3557
100000147,1290,3104,-1814
100000150,52,523,-471
100000151,1387,1156,231
100000153,344,461,-117
100000154,168,229,-61
100000155,38,63,-25
100000156,726,478,248
100000157,141,105,36
100000158,339,102,237
100000159,452,632,-180
100000165,2271,1003,1268
100000169,479,322,157
100000174,1234,440,794
100000179,97,651,-554
100000180,12407,3099,9308
100000181,783,408,375
100000188,124,503,-379
100000189,3604,650,2954
100000190,1316,1082,234
100000191,817,633,184
100000192,92,143,-51
100000193,285,207,78
100000330,1564,1242,322
100000355,316,902,-586
100000362,8256,4399,3857
100000363,4810,6799,-1989
100000364,462,213,249
100000365,6795,6682,113
100000366,8958,3681,5277
100000367,6426,6247,179
100000368,4290,2007,2283
100000369,2290,2469,-179
100000370,678,871,-193
100000376,156,147,9
100000379,4022,1762,2260
100000380,7506,4069,3437
100000384,7348,6216,1132
100000385,6183,5433,750
100000386,10135,5493,4642
100000387,6366,6910,-544
100000388,9408,7629,1779
100000389,9776,7496,2280
100000390,11516,6699,4817
100000391,9259,8853,406
100000392,5360,4109,1251
100000393,4025,5202,-1177
100000394,11191,8848,2343
100000395,7473,3950,3523
100000396,12031,4133,7898
100000397,7994,6274,1720
100000398,15223,10199,5024
100900002,13,76,-63
100900003,487,230,257
100900004,44,1082,-1038
100900005,231,26,205
100900006,31,196,-165
100900007,690,69,621
100900008,1,390,-389
100900009,72,180,-108
100900010,213,207,6
100900011,155,293,-138
100900012,4,248,-244
100900013,2500,20,2480
100900014,5,28,-23
100900015,187,146,41
100900016,5,68,-63
100900017,1336,137,1199
100900018,0,45,-45
100900019,67,363,-296
100900020,400,38,362
100900021,472,2,470
100900022,53,158,-105
100900023,8,168,-160
100900024,1173,9,1164
100900025,30,26,4
100900026,105,201,-96
100900027,1225,3644,-2419
100900028,176,289,-113
100900029,93,12,81
100900030,3,54,-51
100900031,1100,122,978
100900032,250,2,248
100900033,408,235,173
100900034,472,12,460
100900035,1014,3,1011
100900036,15,3,12
100900037,93,265,-172
100900038,159,48,111
100900039,469,736,-267
100900040,517,1039,-522
100900041,786,836,-50
100900042,1983,643,1340
100900043,0,24,-24
100900044,3423,846,2577
100900045,133,4,129
100900046,1571,25,1546
100900047,1408,787,621
100900048,277,111,166
100900049,112,280,-168
100900050,6,12,-6
100900051,100,133,-33
100900052,639,88,551
100900053,366,82,284
100900054,11,98,-87
100900055,509,695,-186
100900056,189,336,-147
100900057,859,1706,-847
100900058,300,88,212
100900059,152,24,128
100900060,182,28,154
100900061,481,381,100
100900062,11,70,-59
100900063,253,719,-466
100900064,867,33,834
100900065,109,136,-27
100900066,119,221,-102
100900067,6,27,-21
100900068,367,143,224
100900069,1147,38,1109
100900070,437,12,425
100900071,1129,547,582
100900072,0,66,-66
100900073,181,661,-480
100900074,2,24,-22
100900075,2340,458,1882
100900076,31,36,-5
100900077,28,175,-147
100900078,125,551,-426
100900079,15,64,-49
100900080,33,277,-244
100900081,25,257,-232
100900082,85,761,-676
100900083,7,51,-44
100900085,21,148,-127
100900086,237,1675,-1438
100900088,120,784,-664
100900089,7,22,-15
100900090,276,929,-653
100900091,1,35,-34
100900092,498,392,106
100900093,242,970,-728
100900094,137,683,-546
100900095,6,46,-40
100900096,76,170,-94
100900097,2,9,-7
100900098,25,26,-1
100900099,50,568,-518
100900100,29,509,-480
100900101,405,64,341
100900102,881,256,625
100900103,21,15,6
100900104,10,183,-173
100900105,49,391,-342
100900106,67,3,64
100900107,2254,922,1332
100900108,27,64,-37
100900109,18,57,-39
100900110,8,60,-52
100900111,73,197,-124
100900112,36,18,18
100900113,23,19,4
100900114,10,31,-21
100900115,3,62,-59
100900116,1004,1207,-203
100900117,334,1107,-773
100900118,124,202,-78
100900119,50,47,3
100900120,3,23,-20
100900121,390,1022,-632
100900122,326,368,-42
100900123,77,411,-334
100900124,1,11,-10
100900125,20,93,-73
100900126,247,1314,-1067
100900127,21,24,-3
100900128,142,147,-5
100900129,0,173,-173
100900131,116,291,-175
100900133,103,165,-62
100900134,13,2,11
100900135,1,169,-168
100900137,461,235,226
100900138,904,563,341
100900139,3,14,-11
100900140,10,548,-538
100900141,2,396,-394
100900142,6,22,-16
100900143,2532,500,2032
100900144,46,15,31
100900145,872,296,576
100900146,11,101,-90
100900147,29,484,-455
100900148,40,932,-892
100900149,57,236,-179
100900150,2,47,-45
100900151,168,726,-558
100900152,411,20,391
100900153,13,218,-205
100900154,24,88,-64
100900155,14,24,-10
100900156,54,4,50
100900157,9,199,-190
100900158,1260,410,850
100900159,7,58,-51
100900160,33,13,20
100900161,149,18,131
100900162,44,388,-344
100900163,324,417,-93
100900164,63,128,-65
100900165,6,63,-57
100900166,56,15,41
100900167,16,86,-70
100900168,68,194,-126
100900169,171,1175,-1004
100900170,92,23,69
100900171,19,743,-724
100900172,1,21,-20
100900173,18,630,-612
100900174,715,73,642
100900176,1448,246,1202
100900177,865,389,476
100900178,517,190,327
100900179,271,238,33
100900180,9,6,3
100900181,171,151,20
100900182,52,43,9
100900184,33,285,-252
100900186,1076,825,251
100900187,18,155,-137
100900188,42,14,28
100900189,1485,278,1207
100900191,1599,1623,-24
100900192,447,357,90
100900195,156,185,-29
100900197,16,143,-127
100900198,35,242,-207
100900199,15,26,-11
100900200,882,732,150
100900201,261,1099,-838
100900202,123,1,122
100900203,1,113,-112
100900204,1555,965,590
100900205,253,746,-493
100900206,162,178,-16
100900207,322,221,101
100900210,187,717,-530
100900211,525,292,233
100900213,134,69,65
100900214,1759,160,1599
100900215,10,84,-74
101000001,6039,3161,2878
101000002,6050,6421,-371
101000003,840,3055,-2215
101000004,12404,9718,2686
101000005,5728,6356,-628
101000006,9581,9455,126
101000007,3500,4276,-776
101000008,4911,3625,1286
101000009,3460,1908,1552
101000010,1214,1535,-321
101000011,2794,858,1936
101000012,1650,1067,583
101000013,1047,1591,-544
101000014,878,935,-57
101000015,1243,1086,157
101000016,518,576,-58
101000017,826,635,191
101000018,4383,3627,756
101000020,6980,1460,5520
101000021,1115,521,594
101000022,422,121,301
101000023,1993,957,1036
101000025,213,548,-335
101000026,536,36,500
101000027,2743,3434,-691
101000028,432,128,304
101000029,330,2359,-2029
101000030,2945,158,2787
101000031,1648,1198,450
101000032,13732,5070,8662
101000033,3056,4088,-1032
101000034,3321,1910,1411
101000035,1309,889,420
101000036,2256,1080,1176
101000037,4290,2134,2156
101000039,3146,2590,556
101000040,3805,3408,397
101000041,15893,9089,6804
101000042,1016,1665,-649
101000043,11512,8466,3046
101000045,2671,1123,1548
101000046,6662,1735,4927
101000047,3941,3912,29
101000048,1400,1126,274
101000049,1186,2405,-1219
101000050,4442,4168,274
101000051,3742,3155,587
101000052,2078,1179,899
101000053,1933,2912,-979
101000054,3504,2588,916
101000055,1983,1597,386
101000056,45,128,-83
101000057,2679,1350,1329
101000058,1775,1498,277
101000059,3308,2486,822
101000060,1896,669,1227
101000061,1185,1409,-224
101000062,888,734,154
101000063,720,1041,-321
101000064,1310,972,338
101000065,482,484,-2
101000066,1250,864,386
101000067,1528,921,607
101000068,543,519,24
101000069,500,123,377
101000070,1565,1214,351
101000071,2619,1080,1539
101000072,1207,3903,-2696
101000073,1297,971,326
101000074,9701,4227,5474
101000075,7586,4929,2657
101000077,2491,1282,1209
101000078,2566,2605,-39
101000079,1377,466,911
101000080,1340,504,836
101000081,1922,1828,94
101000082,4225,3943,282
101000083,3047,2786,261
101000084,2000,1178,822
101000085,2147,1556,591
101000086,1235,1439,-204
101000087,1108,1547,-439
101000088,1626,1552,74
101000089,1215,2120,-905
101000090,2775,1817,958
101000091,522,1277,-755
101000092,981,1361,-380
101000093,1933,1110,823
101000094,1188,1496,-308
101000095,541,909,-368
101000096,345,761,-416
101000097,499,567,-68
101000098,689,681,8
101000099,1733,1570,163
101000100,1675,1329,346
101000101,406,566,-160
101000102,1151,600,551
101000103,1520,746,774
101000104,496,656,-160
101000105,1167,586,581
101000106,1590,1096,494
101000107,286,435,-149
101000108,1336,467,869
101000109,318,128,190
101000110,49,731,-682
101000111,302,573,-271
101000113,297,1144,-847
101000114,12529,5815,6714
101000115,325,254,71
101000116,414,317,97
101000117,2281,653,1628
101000119,115,108,7
101000120,151,64,87
101000121,87,58,29
101000122,186,110,76
101000123,146,131,15
101000124,986,273,713
101000125,304,570,-266
101000128,879,470,409
101000130,375,389,-14
101000131,844,824,20
101000132,734,1443,-709
101000135,95,45,50
101000136,723,168,555
101000137,44,420,-376
101000141,1879,3386,-1507
101000147,1096,507,589
101000148,2015,50,1965
101000149,561,514,47
101000150,96,961,-865
101000151,309,72,237
101000152,360,338,22
101000153,1922,540,1382
101000154,287,1482,-1195
101000155,352,199,153
101000156,75,358,-283
101000157,91,55,36
101000160,93,87,6
101000163,344,354,-10
101000164,574,479,95
101000165,356,444,-88
101000166,373,602,-229
101000168,890,433,457
101000252,1830,1031,799
101000254,750,112,638
101000258,119,14,105
101000261,216,56,160
101000262,1778,2052,-274
101000263,476,1977,-1501
101000265,140,1140,-1000
101000266,535,436,99
101000269,70,12,58
101000290,2029,4586,-2557
101000293,70,154,-84
101000294,777,618,159
101000295,163,726,-563
101000301,916,511,405
101000304,2754,3054,-300
101000305,4282,1903,2379
101900001,69,136,-67
101900002,0,22,-22
101900003,76,111,-35
101900004,10,64,-54
101900005,5575,2198,3377
101900006,1033,86,947
101900007,818,259,559
101900008,103,457,-354
101900009,88,746,-658
101900010,1294,932,362
101900011,485,1673,-1188
101900012,304,519,-215
101900013,1503,184,1319
101900017,22,240,-218
101900018,1803,495,1308
101900019,387,178,209
101900020,259,135,124
101900021,2,83,-81
101900022,278,1514,-1236
101900023,374,388,-14
102000001,3930,5293,-1363
102000002,5299,1592,3707
102000003,5076,8293,-3217
102000004,10707,3966,6741
102000005,1546,2932,-1386
102000006,1701,2328,-627
102000007,2201,6192,-3991
102000008,7051,2268,4783
102000009,8864,9466,-602
102000010,10748,4565,6183
102000011,3856,3429,427
102000012,4501,4484,17
102000018,4894,3911,983
102000019,3583,2012,1571
102000026,306,721,-415
102000029,415,285,130
102000030,149,537,-388
102000031,153,215,-62
102000032,474,490,-16
102000033,260,499,-239
102000034,1008,556,452
102000035,1951,780,1171
102000036,27,326,-299
102000037,439,112,327
102000038,262,356,-94
102000039,360,101,259
102000040,745,289,456
102000041,277,344,-67
102000042,365,283,82
102000043,471,323,148
102000044,478,537,-59
102000045,1824,1248,576
102000046,1226,806,420
102000047,1225,1549,-324
102000048,489,1077,-588
102000049,1252,915,337
102000050,1695,1991,-296
102000051,489,750,-261
102000052,1932,1310,622
102000053,1210,1310,-100
102000054,743,1348,-605
102000055,1289,880,409
102000056,1126,1659,-533
102000057,2289,891,1398
102000058,1539,2240,-701
102000059,2077,1968,109
102000060,1627,1438,189
102000061,1971,2725,-754
102000062,1980,1750,230
102000063,1537,1888,-351
102000064,704,1068,-364
102000065,61,191,-130
102000066,2240,1273,967
102000067,3905,4647,-742
102000068,10403,3347,7056
102000069,73,1565,-1492
102000070,2636,91,2545
102000071,9423,12219,-2796
102000072,4528,5160,-632
102000073,3288,2189,1099
102000074,1666,1574,92
102000075,195,575,-380
102000076,342,807,-465
102000077,893,1017,-124
102000078,2341,1084,1257
102000079,268,375,-107
102000080,390,376,14
102000081,671,1044,-373
102000082,937,539,398
102000083,659,486,173
102000084,245,392,-147
102000085,2524,1510,1014
102000086,1449,3330,-1881
102000087,1207,2175,-968
102000088,351,456,-105
102000089,1504,528,976
102000090,809,1639,-830
102000091,1984,750,1234
102000092,588,1167,-579
102000093,864,749,115
102000094,1306,938,368
102000095,1476,1728,-252
102000096,1284,1243,41
102000097,1377,1303,74
102000098,818,1277,-459
102000099,1303,980,323
102000100,982,1396,-414
102000101,1591,905,686
102000102,657,2509,-1852
102000103,2217,675,1542
102000104,732,391,341
102000105,290,680,-390
102000106,911,812,99
102000107,1197,760,437
102000108,1351,281,1070
102000109,853,671,182
102000110,1030,1475,-445
102000111,23,280,-257
102000112,623,151,472
102000113,36,50,-14
102000114,867,437,430
102000115,375,354,21
102000116,1752,681,1071
102000117,751,1455,-704
102000118,2423,1288,1135
102000119,2708,1388,1320
102000120,218,583,-365
102000121,1129,763,366
102000122,710,1066,-356
102000123,1925,1692,233
102000124,2033,1443,590
102000125,1437,1357,80
102000126,1903,971,932
102000127,1880,1123,757
102000128,1096,1301,-205
102000129,1623,1108,515
102000130,755,1158,-403
102000131,2189,1108,1081
102000132,868,1786,-918
102000133,2485,2497,-12
102000134,847,1089,-242
102000135,1044,1103,-59
102000136,1358,650,708
102000137,1989,953,1036
102000138,829,494,335
102000139,842,573,269
102000140,1104,421,683
102000141,2089,969,1120
102000142,569,482,87
102000143,164,588,-424
102000144,392,665,-273
102000145,656,780,-124
102000146,469,459,10
102000147,648,1009,-361
102000148,228,1175,-947
102000149,202,733,-531
102000150,385,213,172
102000151,118,466,-348
102000152,224,160,64
102000153,1303,598,705
102000154,456,947,-491
102000155,147,401,-254
102000156,406,195,211
102000157,179,433,-254
102000158,421,417,4
102000159,1543,536,1007
102000161,4852,2612,2240
102000162,245,188,57
102000163,132,643,-511
102000164,1458,1403,55
102000165,616,228,388
102000166,280,222,58
102000167,449,262,187
102000168,306,194,112
102000169,166,711,-545
102000170,728,271,457
102000171,528,276,252
102000172,529,525,4
102000173,750,483,267
102000174,88,115,-27
102000175,481,157,324
102000176,127,51,76
102000178,559,561,-2
102000179,387,302,85
102000180,1491,765,726
102000181,730,732,-2
102000182,871,733,138
102000183,2439,2338,101
102000184,2522,1307,1215
102000185,3028,2049,979
102000186,1422,2606,-1184
102000187,1504,2022,-518
102000188,1738,1831,-93
102000189,3082,1100,1982
102000190,911,3569,-2658
102000191,1852,749,1103
102000192,1356,1808,-452
102000193,38,212,-174
102000194,77,140,-63
102000195,513,607,-94
102000196,200,598,-398
102000197,647,662,-15
102000198,252,1066,-814
102000199,1268,553,715
102000200,386,1549,-1163
102000201,1071,703,368
102000202,3,126,-123
102000203,434,460,-26
102000204,421,1073,-652
102000205,1300,661,639
102000206,778,1116,-338
102000207,1589,589,1000
102000208,846,763,83
102000209,351,137,214
102000210,527,444,83
102000211,973,655,318
102000212,529,12,517
102000213,19,452,-433
102000214,251,13,238
102000215,6,529,-523
102000216,29,83,-54
102000217,11,170,-159
102000218,285,172,113
102000219,519,456,63
102000225,755,731,24
102000226,10321,1998,8323
102000227,177,1,176
102000228,0,122,-122
102000229,35,74,-39
102000230,349,586,-237
102000231,301,604,-303
102000232,24,184,-160
102000233,754,1064,-310
102000234,158,1683,-1525
102000236,877,111,766
102000237,707,217,490
102000238,187,357,-170
102000240,812,888,-76
102000241,434,176,258
102000243,58,98,-40
102000245,37,101,-64
102000246,39,35,4
102000247,681,1073,-392
102000248,363,663,-300
102000249,209,206,3
102000250,199,467,-268
102000254,99,548,-449
102000266,256,408,-152
102000271,46,0,46
102000286,594,555,39
102000297,2222,1561,661
102000301,0,0,0
102000303,0,0,0
102000305,0,0,0
102000306,0,0,0
102000307,0,7,-7
102000308,0,1,-1
102900001,2695,1067,1628
102900002,473,82,391
102900003,87,259,-172
102900005,412,367,45
102900006,618,196,422
102900007,911,37,874
102900008,275,70,205
102900009,807,366,441
102900010,1327,894,433
102900011,2503,416,2087
102900012,468,115,353
102900013,23,91,-68
102900015,923,585,338
102900016,75,156,-81
102900017,163,801,-638
102900018,24,188,-164
102900019,496,761,-265
102900020,134,45,89
102900021,19,142,-123
102900022,837,238,599
102900023,38,90,-52
102900024,57,57,0
102900025,301,121,180
102900026,673,2560,-1887
102900027,104,108,-4
102900028,270,1157,-887
102900029,225,226,-1
102900030,1002,456,546
102900031,213,231,-18
102900032,139,143,-4
102900033,210,295,-85
102900034,672,95,577
102900035,151,481,-330
102900036,380,505,-125
102900037,899,740,159
102900038,997,791,206
102900039,37,1010,-973
102900040,209,473,-264
102900041,112,250,-138
102900042,246,396,-150
102900043,233,383,-150
102900044,1721,2674,-953
102900045,185,701,-516
102900046,145,358,-213
102900047,93,855,-762
102900048,1095,904,191
102900049,166,461,-295
102900050,544,501,43
102900051,266,276,-10
102900052,70,57,13
102900053,462,982,-520
102900054,1192,2129,-937
102900055,147,230,-83
102900056,114,627,-513
102900057,10,61,-51
102900058,469,92,377
102900059,13,109,-96
102900060,119,807,-688
102900061,178,617,-439
102900062,232,1324,-1092
102900063,1182,692,490
102900064,247,665,-418
102900065,1787,885,902
102900066,388,48,340
102900068,186,85,101
102900070,491,662,-171
102900072,104,75,29
102900073,481,9,472
102900074,302,218,84
102900075,30,82,-52
102900076,212,202,10
102900077,67,73,-6
102900078,51,125,-74
102900079,328,15,313
102900080,315,65,250
102900081,144,368,-224
102900082,11,253,-242
102900083,286,14,272
102900084,10,31,-21
102900085,547,186,361
102900086,22,50,-28
102900087,125,166,-41
102900088,34,37,-3
102900089,365,173,192
102900090,2,445,-443
102900091,189,19,170
102900092,308,1506,-1198
102900093,298,324,-26
102900094,0,117,-117
102900095,178,5,173
102900096,119,43,76
102900097,1,198,-197
103000001,2822,3316,-494
103000002,2758,3316,-558
103000003,4984,3800,1184
103000004,1202,1053,149
103000005,2105,3356,-1251
103000006,673,1863,-1190
103000007,548,937,-389
103000008,1176,904,272
103000009,1189,1540,-351
103000010,206,127,79
103000011,2032,2068,-36
103000012,1630,2056,-426
103000013,5969,2617,3352
103000014,1965,3216,-1251
103000015,2154,857,1297
103000016,676,1482,-806
103000017,256,675,-419
103000018,1228,704,524
103000019,310,364,-54
103000020,3244,1898,1346
103000021,2090,1935,155
103000022,867,1392,-525
103000023,664,2001,-1337
103000024,183,261,-78
103000025,362,706,-344
103000026,2075,245,1830
103000027,797,661,136
103000028,781,570,211
103000029,391,425,-34
103000030,3371,1279,2092
103000031,3136,2287,849
103000032,3086,2864,222
103000033,4823,3900,923
103000034,2398,1669,729
103000035,525,1804,-1279
103000036,546,719,-173
103000037,695,645,50
103000038,684,1367,-683
103000039,504,602,-98
103000040,564,1418,-854
103000041,1881,3084,-1203
103000042,1386,794,592
103000043,967,1414,-447
103000044,454,236,218
103000046,362,690,-328
103000047,829,1059,-230
103000048,281,387,-106
103000049,371,234,137
103000050,717,753,-36
103000051,638,699,-61
103000052,1012,606,406
103000053,181,822,-641
103000054,3099,2203,896
103000055,2370,3259,-889
103000056,678,2160,-1482
103000057,581,448,133
103000058,802,1377,-575
103000059,529,1585,-1056
103000060,930,1090,-160
103000061,578,1379,-801
103000062,1357,992,365
103000063,896,1335,-439
103000064,191,398,-207
103000065,11,549,-538
103000066,199,27,172
103000069,910,524,386
103000070,1605,1345,260
103000071,1291,755,536
103000072,192,1076,-884
103000073,617,183,434
103000074,721,137,584
103000075,189,1068,-879
103000076,454,394,60
103000077,131,635,-504
103000078,1781,767,1014
103000079,1424,1109,315
103000080,1800,425,1375
103000081,915,1439,-524
103000082,937,283,654
103000083,207,401,-194
103000084,223,19,204
103000085,3,204,-201
103000086,1459,499,960
103000087,228,766,-538
103000088,423,449,-26
103000089,249,463,-214
103000090,2326,969,1357
103000091,715,543,172
103000092,331,430,-99
103000093,275,507,-232
103000094,254,160,94
103000095,108,500,-392
103000096,667,167,500
103000097,80,897,-817
103000098,1121,284,837
103000099,400,825,-425
103000100,155,1071,-916
103000101,1078,255,823
103000102,153,932,-779
103000103,779,316,463
103000104,77,226,-149
103000105,149,107,42
103000106,10,143,-133
103000107,329,85,244
103000108,719,585,134
103000109,356,434,-78
103000110,565,509,56
103000111,501,538,-37
103000112,330,279,51
103000113,950,850,100
103000114,1544,536,1008
103000115,748,503,245
103000116,627,558,69
103000117,321,609,-288
103000118,1326,1048,278
103000119,1858,810,1048
103000120,117,195,-78
103000121,1767,1179,588
103000122,1011,1065,-54
103000125,22,460,-438
103000126,674,7,667
103000127,2,183,-181
103000128,174,2,172
103000129,0,158,-158
103000130,75,68,7
103000131,266,142,124
103000132,149,277,-128
103000133,46,150,-104
103000134,933,1012,-79
103000135,1039,312,727
103000136,919,633,286
103000137,757,742,15
103000138,1049,888,161
103000139,8,100,-92
103000140,172,41,131
103000141,136,144,-8
103000142,438,89,349
103000143,100,220,-120
103000144,327,120,207
103000145,203,122,81
103000150,165,63,102
103000152,209,313,-104
103000153,167,215,-48
103000156,10,499,-489
103000157,464,5,459
103000159,183,103,80
103000162,251,65,186
103000163,30,109,-79
103000164,96,20,76
103000165,130,456,-326
103000166,205,410,-205
103000167,191,121,70
103000168,105,334,-229
103000169,286,862,-576
103000170,774,732,42
103000171,281,127,154
103000172,895,1390,-495
103000173,575,755,-180
103000174,198,581,-383
103000175,340,548,-208
103000176,1048,946,102
103000177,923,722,201
103000178,655,426,229
103000179,924,89,835
103000183,157,30,127
103000185,69,53,16
103000186,152,253,-101
103000187,465,691,-226
103000188,22,130,-108
103000189,1023,950,73
103000191,772,857,-85
103000292,2487,1994,493
103000293,1323,2307,-984
103000295,227,126,101
103000296,799,4,795
103000297,280,123,157
103000504,88,24,64
103000505,11,20,-9
103000506,1,295,-294
103000507,254,11,243
103000508,126,132,-6
103000509,229,771,-542
103900001,2,351,-349
103900002,1829,327,1502
103900003,2148,171,1977
103900004,84,0,84
103900005,1,376,-375
103900006,1,1,0
103900007,34,1,33
103900008,19,1,18
103900009,300,715,-415
103900010,155,674,-519
103900011,290,321,-31
103900012,7,25,-18
103900013,184,122,62
103900014,77,26,51
103900015,40,44,-4
103900016,681,336,345
103900017,91,150,-59
103900018,826,285,541
103900019,194,342,-148
103900020,259,637,-378
103900021,913,81,832
103900022,1133,853,280
103900023,139,4,135
103900024,195,548,-353
103900025,10,72,-62
103900026,580,5,575
103900027,789,426,363
103900028,23,465,-442
103900029,1210,140,1070
103900030,491,114,377
103900031,36,12,24
103900032,81,57,24
103900033,140,19,121
103900034,45,229,-184
103900035,112,81,31
103900036,48,47,1
103900037,157,97,60
103900038,129,223,-94
103900039,66,550,-484
103900040,3,224,-221
103900041,99,72,27
103900042,80,439,-359
103900043,182,156,26
103900044,222,266,-44
103900045,443,233,210
103900047,73,46,27
103900048,336,39,297
103900049,516,1741,-1225
103900050,12,181,-169
103900051,1,52,-51
103900052,223,592,-369
103900053,147,977,-830
103900054,109,627,-518
103900055,476,324,152
103900056,152,59,93
103900057,37,254,-217
103900058,289,1001,-712
103900059,0,40,-40
103900060,46,287,-241
103900061,109,70,39
103900062,322,85,237
103900063,79,1,78
103900064,86,11,75
103900065,1556,517,1039
103900066,156,39,117
103900067,179,9,170
103900068,25,1,24
103900069,103,9,94
103900070,141,298,-157
103900071,32,195,-163
103900072,8,296,-288
103900073,38,19,19
103900074,131,99,32
103900075,166,115,51
103900076,461,848,-387
103900077,50,125,-75
103900078,548,147,401
103900079,218,338,-120
103900080,19,77,-58
103900081,159,28,131
103900082,16,171,-155
103900083,2094,1065,1029
103900084,150,268,-118
103900085,109,166,-57
103900086,627,506,121
103900087,26,105,-79
103900088,579,649,-70
103900089,79,153,-74
103900090,2,181,-179
103900091,1490,354,1136
103900092,1127,621,506
103900093,157,477,-320
103900094,24,152,-128
103900095,470,247,223
103900096,35,291,-256
103900097,14,707,-693
103900098,269,178,91
103900099,93,323,-230
103900100,239,733,-494
103900101,150,1279,-1129
103900102,1,48,-47
103900104,2,40,-38
103900105,81,299,-218
103900106,1,90,-89
103900107,95,337,-242
103900108,38,457,-419
103900109,81,99,-18
103900110,281,49,232
103900111,104,933,-829
103900112,89,146,-57
103900113,142,314,-172
103900114,472,417,55
103900115,400,317,83
103900116,6934,2387,4547
103900117,179,130,49
103900119,35,91,-56
103900120,30,137,-107
103900122,88,361,-273
103900123,1875,863,1012
103900124,35,23,12
103900125,86,102,-16
103900126,471,553,-82
103900127,210,716,-506
103900128,534,291,243
103900131,35,111,-76
103900133,1302,380,922
103900134,0,4,-4
103900135,8,16,-8
103900137,2,56,-54
103900138,105,448,-343
103900139,268,2055,-1787
103900140,7,102,-95
103900141,316,103,213
103900142,167,192,-25
103900143,44,10,34
103900144,3,66,-63
103900145,274,362,-88
103900146,298,371,-73
103900147,381,253,128
103900148,217,690,-473
103900149,283,1061,-778
103900150,8966,4241,4725
103900151,84,199,-115
103900152,604,916,-312
103900153,6,2,4
103900154,1478,1729,-251
103900155,61,382,-321
103900156,29,281,-252
103900157,50,286,-236
103900158,83,278,-195
103900159,141,133,8
103900160,82,35,47
103900161,112,244,-132
103900162,79,324,-245
103900163,18,549,-531
103900164,273,44,229
103900167,42,158,-116
103900168,144,169,-25
103900169,46,72,-26
103900170,2,135,-133
103900171,1,90,-89
103900172,12,30,-18
103900173,9,22,-13
103900174,128,113,15
103900175,82,71,11
103900176,23,43,-20
103900177,10,122,-112
103900178,65,98,-33
103900179,46,144,-98
103900180,17,134,-117
103900181,64,63,1
103900182,86,28,58
103900184,582,80,502
103900185,264,347,-83
103900187,27,69,-42
103900188,45,28,17
103900189,150,6,144
103900190,91,113,-22
103900191,67,76,-9
103900192,30,182,-152
103900193,229,246,-17
103900194,73,432,-359
103900195,16,111,-95
103900196,115,55,60
103900197,27,93,-66
103900198,21,103,-82
103900199,131,92,39
103900200,152,306,-154
103900201,271,436,-165
103900202,60,142,-82
103900203,35,22,13
103900204,7,127,-120
103900207,0,157,-157
103900208,120,4,116
103900209,14,130,-116
103900210,57,57,0
103900211,522,525,-3
103900212,143,548,-405
103900213,106,329,-223
103900214,232,204,28
103900215,512,432,80
103900216,32,1045,-1013
103900217,586,103,483
103900218,0,526,-526
103900219,193,543,-350
103900233,207,5,202
103900235,61,26,35
103900236,26,2,24
103900242,69,28,41
103900243,37,18,19
103900244,126,276,-150
103900245,113,308,-195
103900246,68,65,3
103900247,23,114,-91
103900248,50,111,-61
103900249,47,48,-1
103900250,51,26,25
103900251,2,28,-26
103900253,13,111,-98
103900254,4,39,-35
103900255,8,25,-17
103900256,13,48,-35
103900257,55,166,-111
103900258,86,6,80
103900259,139,7,132
103900261,6,5,1
103900262,24,2,22
103900263,50,61,-11
103900264,134,36,98
103900265,173,56,117
103900266,1,136,-135
103900267,11,60,-49
104000001,2368,2601,-233
104000002,1928,3193,-1265
104000003,2774,3458,-684
104000004,3548,3495,53
104000005,1821,3051,-1230
104000006,4167,4239,-72
104000007,5940,5669,271
104000008,339,407,-68
104000009,208,142,66
104000010,137,283,-146
104000011,576,538,38
104000012,143,504,-361
104000013,193,203,-10
104000014,267,859,-592
104000015,342,182,160
104000016,652,633,19
104000018,879,183,696
104000019,616,236,380
104000020,150,757,-607
104000021,311,738,-427
104000022,135,337,-202
104000023,1260,412,848
104000024,317,526,-209
104000026,70,586,-516
104000027,324,416,-92
104000028,410,331,79
104000029,534,582,-48
104000030,280,285,-5
104000031,1420,487,933
104000032,239,379,-140
104000033,671,648,23
104000034,416,369,47
104000035,772,551,221
104000036,769,752,17
104000037,318,317,1
104000038,468,330,138
104000039,173,324,-151
104000040,389,441,-52
104000041,2007,444,1563
104000042,237,537,-300
104000043,545,476,69
104000044,377,784,-407
104000045,1145,1539,-394
104000046,1817,2282,-465
104000047,1731,1742,-11
104000048,1126,2144,-1018
104000049,1131,511,620
104000050,379,1043,-664
104000051,157,704,-547
104000052,2914,1857,1057
104000053,2788,861,1927
104000054,1734,589,1145
104000055,5186,3276,1910
104000056,1580,327,1253
104000057,150,554,-404
104000058,1229,841,388
104000059,667,1577,-910
104000060,1289,1363,-74
104000061,1653,1503,150
104000062,408,206,202
104000064,579,395,184
104000065,369,907,-538
104000069,1374,1127,247
104000070,59,675,-616
104000071,147,879,-732
104000072,658,252,406
104000075,126,429,-303
104000076,664,189,475
104000082,2762,3738,-976
104000083,944,236,708
104000084,171,601,-430
104000085,274,380,-106
104000086,216,513,-297
104000087,676,2081,-1405
104000090,737,1983,-1246
104000092,1255,3214,-1959
104000094,1666,2239,-573
104000095,2205,1908,297
104000096,1880,375,1505
104000097,1915,1120,795
104000098,2075,1435,640
104000100,2185,846,1339
104000101,1725,2459,-734
104000106,146,670,-524
104000107,781,667,114
104000108,406,749,-343
104000109,415,139,276
104000110,1118,1326,-208
104000111,5200,2910,2290
104000112,2909,668,2241
104000116,2,1568,-1566
104000117,170,781,-611
104000118,574,349,225
104000119,939,406,533
104000120,350,1017,-667
104000121,227,969,-742
104000122,824,995,-171
104000123,1001,1234,-233
104000124,1167,2747,-1580
104000125,4616,4377,239
104000126,619,567,52
104000127,1793,3590,-1797
104000128,808,670,138
104000129,216,14,202
104000130,26,412,-386
104000131,747,544,203
104000132,672,633,39
104000133,1485,1076,409
104000134,1335,1790,-455
104000135,541,2063,-1522
104000136,1150,3995,-2845
104000137,1911,480,1431
104000138,1511,415,1096
104000139,8316,3470,4846
104000141,1529,1860,-331
104000142,697,979,-282
104000143,621,797,-176
104000144,87,209,-122
104000145,373,275,98
104000146,352,688,-336
104000147,164,420,-256
104000148,346,176,170
104000149,179,441,-262
104000150,1325,640,685
104000151,609,764,-155
104000152,698,901,-203
104000153,592,685,-93
104000154,1169,845,324
104000155,495,607,-112
104000157,1490,2399,-909
104000158,1205,777,428
104000159,900,657,243
104000160,1853,2013,-160
104000161,191,349,-158
104000162,73,223,-150
104000165,1370,1692,-322
104000167,647,1208,-561
104000168,712,14,698
104000169,93,73,20
104000170,576,541,35
104000248,344,794,-450
104000251,52,393,-341
104000272,0,0,0
104000273,0,0,0
104000274,0,0,0
104000275,0,0,0
104000279,793,603,190
104000290,170,389,-219
104000291,771,1316,-545
104000293,628,917,-289
104000294,27,0,27
104000295,685,1178,-493
104000296,465,1329,-864
104000297,991,2469,-1478
104000298,4024,1208,2816
104000299,887,1989,-1102
104900001,206,872,-666
104900002,93,202,-109
104900003,38,600,-562
104900004,139,554,-415
104900005,281,244,37
104900006,257,153,104
104900007,247,399,-152
104900009,168,440,-272
104900010,95,127,-32
104900011,141,20,121
104900012,408,36,372
104900013,244,15,229
104900014,3831,509,3322
104900015,140,8,132
104900016,314,284,30
104900017,188,306,-118
104900018,15,220,-205
104900019,416,2923,-2507
104900020,109,387,-278
104900021,4,292,-288
104900022,27,150,-123
104900023,1,130,-129
104900024,32,112,-80
104900025,105,426,-321
104900026,4,117,-113
104900027,566,449,117
104900028,27,139,-112
104900029,83,103,-20
104900030,601,304,297
104900031,126,240,-114
104900032,56,169,-113
104900033,147,334,-187
104900034,377,269,108
104900035,288,248,40
104900036,200,160,40
104900037,233,292,-59
104900038,753,1085,-332
104900039,1028,352,676
104900040,474,135,339
104900041,246,260,-14
104900042,183,293,-110
104900043,27,136,-109
104900044,537,353,184
104900045,504,58,446
104900046,240,208,32
104900047,312,205,107
104900048,223,145,78
104900049,40,26,14
104900050,807,194,613
104900051,340,92,248
104900052,58,6,52
104900053,520,155,365
104900054,156,75,81
104900055,112,2,110
104900056,470,21,449
104900057,76,2,74
104900058,1538,650,888
104900059,167,61,106
104900060,3,568,-565
104900061,275,940,-665
104900063,0,148,-148
104900064,1,115,-114
104900065,0,275,-275
104900066,1,253,-252
104900067,5,396,-391
104900068,39,330,-291
104900070,293,476,-183
104900071,3,739,-736
104900072,76,462,-386
104900073,116,304,-188
104900074,113,419,-306
104900075,67,108,-41
104900076,172,625,-453
104900077,1383,377,1006
104900078,244,943,-699
104900079,160,479,-319
104900080,139,760,-621
104900082,12,756,-744
104900085,13,309,-296
104900087,1131,19,1112
104900089,171,3,168
104900090,1968,747,1221
104900091,3787,900,2887
104900093,301,890,-589
104900097,3591,2786,805
104900098,322,64,258
104900099,118,687,-569
104900100,611,443,168
104900102,101,249,-148
104900103,537,87,450
104900104,4317,3074,1243
104900106,177,143,34
104900107,267,323,-56
104900108,94,313,-219
104900109,173,393,-220
104900110,15,61,-46
104900111,240,198,42
104900112,274,914,-640
104900113,681,561,120
104900114,463,651,-188
104900115,775,633,142
104900116,302,275,27
104900118,34,153,-119
104900119,34,70,-36
104900120,43,192,-149
104900121,1,98,-97
104900122,7,86,-79
104900123,60,12,48
104900124,34,0,34
104900125,547,15,532
104900126,85,106,-21
104900127,32,146,-114
104900128,97,183,-86
104900129,2990,2238,752
105000001,2758,1937,821
105000002,2487,2025,462
105000003,4057,4242,-185
105000004,844,1324,-480
105000005,1099,1389,-290
105000006,1724,1902,-178
105000007,1315,1581,-266
105000008,2247,3147,-900
105000009,2407,3788,-1381
105000010,4285,3216,1069
105000011,4199,3241,958
105000012,6632,4282,2350
105000013,1125,1217,-92
105000014,3347,3073,274
105000015,12463,16857,-4394
105000016,4430,2970,1460
105000017,2311,1208,1103
105000018,1807,1703,104
105000019,2292,1148,1144
105000020,259,449,-190
105000021,411,134,277
105000022,392,89,303
105000023,789,540,249
105000028,74,180,-106
105000029,723,1684,-961
105000030,5629,3881,1748
105000033,1574,2697,-1123
105000034,231,1317,-1086
105000037,869,630,239
105000038,3216,1945,1271
105000039,4735,2276,2459
105000040,1532,1257,275
105000041,2221,1934,287
105000042,5479,1819,3660
105000043,3107,3075,32
105000044,815,670,145
105000045,540,1581,-1041
105000046,1088,535,553
105000047,688,2501,-1813
105000048,861,274,587
105000049,327,993,-666
105000050,637,484,153
105000051,216,681,-465
105000052,1077,1110,-33
105000053,222,232,-10
105000054,759,1223,-464
105000055,2156,502,1654
105000056,4389,3213,1176
105000057,3561,1204,2357
105000058,1672,1787,-115
105000059,790,890,-100
105000060,519,845,-326
105000061,651,832,-181
105000062,735,1046,-311
105000063,343,661,-318
105000064,1300,1323,-23
105000065,371,802,-431
105000066,1304,2026,-722
105000067,1335,1322,13
105000068,656,1112,-456
105000069,2460,2026,434
105000070,972,1050,-78
105000071,308,896,-588
105000072,667,1968,-1301
105000073,1026,839,187
105000074,1533,1052,481
105000075,743,993,-250
105000076,1366,1212,154
105000077,3285,1243,2042
105000078,1724,1570,154
105000079,1814,3402,-1588
105000080,2669,1985,684
105000081,4605,1539,3066
105000082,1535,1831,-296
105000083,5469,3620,1849
105000084,1669,1215,454
105000085,2957,2189,768
105000086,730,1472,-742
105000087,2031,2580,-549
105000088,2010,2045,-35
105000089,5192,3326,1866
105000090,1607,1118,489
105000091,2007,1938,69
105000092,1230,1198,32
105000093,411,348,63
105000094,307,277,30
105000095,145,554,-409
105000096,1294,1133,161
105000097,1197,788,409
105000098,984,972,12
105000099,1121,915,206
105000100,1543,1660,-117
105000101,3554,2433,1121
105000102,5902,1857,4045
105000103,3414,2996,418
105000104,5339,1236,4103
105000105,3279,2838,441
105000106,3463,2849,614
105000107,1489,1479,10
105000108,1758,2328,-570
105000109,1823,2821,-998
105000110,763,932,-169
105000111,590,941,-351
105000112,1363,998,365
105000113,432,954,-522
105000114,3660,1399,2261
105000115,391,1308,-917
105000116,769,739,30
105000117,1043,1397,-354
105000118,941,819,122
105000119,1149,1876,-727
105000120,1228,983,245
105000121,1270,2003,-733
105000122,593,1081,-488
105000123,2423,2133,290
105000124,2285,1294,991
105000125,1046,2698,-1652
105000126,2138,2383,-245
105000127,2789,3032,-243
105000128,2233,1676,557
105000129,1671,575,1096
105000130,506,2590,-2084
105000131,1125,515,610
105000132,957,652,305
105000133,853,1329,-476
105000134,719,634,85
105000135,594,868,-274
105000136,56,151,-95
105000137,327,487,-160
105000138,54,180,-126
105000139,1274,1456,-182
105000140,208,530,-322
105000141,331,905,-574
105000142,181,564,-383
105000143,360,1023,-663
105000144,276,1162,-886
105000145,668,545,123
105000146,485,1273,-788
105000147,601,420,181
105000148,1511,712,799
105000149,2864,2572,292
105000150,2440,2479,-39
105000151,607,612,-5
105000152,192,656,-464
105000153,636,1186,-550
105000154,749,739,10
105000155,517,1584,-1067
105000156,1273,834,439
105000157,1175,2125,-950
105000158,2401,1114,1287
105000159,248,1276,-1028
105000160,1844,989,855
105000161,784,1435,-651
105000162,586,2143,-1557
105000163,1267,1151,116
105000164,262,373,-111
105000165,1471,5264,-3793
105000166,7378,1013,6365
105000167,2879,1715,1164
105000168,353,896,-543
105000169,505,948,-443
105000170,225,2366,-2141
105000171,1413,421,992
105000172,370,197,173
105000173,221,415,-194
105000174,81,263,-182
105000175,78,233,-155
105000176,567,251,316
105000177,233,264,-31
105000178,163,686,-523
105000179,511,662,-151
105000180,157,215,-58
105000181,150,510,-360
105000182,138,82,56
105000183,3920,2219,1701
105000184,2245,1484,761
105000185,3004,949,2055
105000186,1602,1059,543
105000187,1375,272,1103
105000188,789,258,531
105000189,568,611,-43
105000190,362,623,-261
105000191,465,464,1
105000192,431,80,351
105000193,137,198,-61
105000194,305,192,113
105000195,642,1049,-407
105000196,60,294,-234
105000197,338,810,-472
105000198,706,471,235
105000199,358,674,-316
105000200,295,322,-27
105000201,305,47,258
105000203,12,256,-244
105000204,116,115,1
105000205,172,254,-82
105000207,961,515,446
105000208,383,698,-315
105000209,259,540,-281
105000212,1563,1980,-417
105000213,265,348,-83
105000214,212,575,-363
105000215,265,270,-5
105000216,148,1116,-968
105000217,214,698,-484
105000218,1445,1605,-160
105000221,143,291,-148
105000222,1330,113,1217
105000223,1118,271,847
105000226,110,408,-298
105000227,117,256,-139
105000228,413,1999,-1586
105000229,235,523,-288
105000231,252,317,-65
105000233,911,916,-5
105000234,1442,1420,22
105000235,595,845,-250
105000237,809,107,702
105000243,45,310,-265
105000248,98,93,5
105000262,404,1828,-1424
105000269,154,284,-130
105000270,418,110,308
105000271,2,271,-269
105000282,60,67,-7
105000287,507,161,346
105000288,1527,706,821
105000289,3566,2488,1078
105000290,105,31,74
105000402,5200,4872,328
105000426,668,825,-157
105000438,4624,1837,2787
105000446,16238,7354,8884
105000447,9771,4080,5691
105000454,432,496,-64
105000455,420,384,36
105000474,14,8,6
105000477,414,746,-332
105000478,2035,4838,-2803
105000479,200,191,9
105000480,9645,6293,3352
105000481,5280,3962,1318
105000482,7536,8461,-925
105000483,1764,2187,-423
105000484,3038,3878,-840
105000485,1907,3055,-1148
105000486,6119,3119,3000
105000488,11522,6898,4624
105000489,981,1196,-215
105000549,378,156,222
105000550,613,2117,-1504
105000551,38,237,-199
105000552,3302,2219,1083
105900001,15,1692,-1677
105900002,1740,838,902
105900003,14,158,-144
105900004,783,153,630
105900005,43,459,-416
105900006,17,82,-65
105900007,441,41,400
105900008,86,794,-708
105900009,35,29,6
105900011,772,76,696
105900012,891,221,670
105900013,9,46,-37
105900014,23,88,-65
105900015,309,388,-79
105900016,580,837,-257
105900017,2133,84,2049
105900018,276,227,49
105900019,77,900,-823
105900020,67,71,-4
105900021,80,669,-589
105900022,554,295,259
105900023,12,222,-210
105900024,104,236,-132
105900025,316,84,232
105900026,412,33,379
105900027,9698,15112,-5414
105900028,1306,361,945
105900029,1976,510,1466
105900030,228,322,-94
105900031,391,271,120
105900032,80,195,-115
105900033,118,180,-62
105900034,573,393,180
105900035,352,289,63
105900036,77,191,-114
105900037,102,87,15
105900038,177,412,-235
105900039,90,166,-76
105900040,74,161,-87
105900041,173,309,-136
105900042,59,159,-100
105900043,1620,69,1551
105900044,8,438,-430
105900045,10,1240,-1230
105900046,8,413,-405
105900047,5,62,-57
105900048,172,795,-623
105900050,12556,4202,8354
105900051,40,1236,-1196
105900052,718,530,188
105900053,5164,4129,1035
105900054,418,336,82
105900056,933,540,393
105900057,100,159,-59
105900058,18,35,-17
105900059,2,29,-27
106000001,5385,3121,2264
106000002,3076,6133,-3057
106000003,3167,4209,-1042
106000004,2016,3143,-1127
106000005,3551,7393,-3842
106000006,6376,5474,902
106000007,661,795,-134
106000008,451,381,70
106000009,586,518,68
106000010,654,686,-32
106000011,1011,1494,-483
106000012,1073,1758,-685
106000013,2217,2784,-567
106000014,2530,2098,432
106000015,1679,1745,-66
106000016,1428,2854,-1426
106000017,675,947,-272
106000018,743,658,85
106000019,480,781,-301
106000020,386,517,-131
106000021,334,614,-280
106000022,402,383,19
106000023,706,549,157
106000024,663,748,-85
106000025,123,262,-139
106000026,196,334,-138
106000027,1382,1874,-492
106000028,691,655,36
106000029,918,1446,-528
106000030,820,552,268
106000034,239,688,-449
106000035,1307,2292,-985
106000036,271,594,-323
106000037,2520,1869,651
106000038,543,125,418
106000039,223,97,126
106000040,177,1292,-1115
106000041,1032,744,288
106000043,768,272,496
106000046,539,152,387
106000047,103,589,-486
106000049,887,415,472
106000050,375,1072,-697
106000051,659,590,69
106000052,108,923,-815
106000053,419,189,230
106000054,436,722,-286
106000055,1322,1804,-482
106000056,336,654,-318
106000057,323,545,-222
106000058,181,254,-73
106000059,250,599,-349
106000060,440,647,-207
106000061,202,642,-440
106000062,156,680,-524
106000063,724,597,127
106000064,41,469,-428
106000065,404,400,4
106000066,194,473,-279
106000067,1107,166,941
106000068,79,765,-686
106000069,278,102,176
106000070,548,1004,-456
106000071,1107,441,666
106000072,4015,1708,2307
106000073,2097,3234,-1137
106000074,562,704,-142
106000075,336,1885,-1549
106000076,2132,2921,-789
106000077,4291,1735,2556
106000078,1049,1150,-101
106000079,752,1404,-652
106000080,1294,942,352
106000081,687,1482,-795
106000082,2766,1099,1667
106000083,414,1940,-1526
106000084,1201,815,386
106000085,1839,1931,-92
106000086,764,1073,-309
106000087,949,669,280
106000088,474,1053,-579
106000089,1049,450,599
106000090,280,837,-557
106000091,331,653,-322
106000092,747,364,383
106000093,323,329,-6
106000094,149,332,-183
106000095,690,1039,-349
106000096,863,1000,-137
106000097,1241,1224,17
106000098,1240,1545,-305
106000099,322,1452,-1130
106000100,2704,351,2353
106000101,4881,484,4397
106000102,1058,1132,-74
106000103,989,723,266
106000104,1939,684,1255
106000105,693,902,-209
106000106,697,691,6
106000107,132,394,-262
106000108,351,433,-82
106000109,124,314,-190
106000110,263,540,-277
106000111,230,483,-253
106000112,171,771,-600
106000113,770,692,78
106000114,566,916,-350
106000115,246,531,-285
106000116,271,289,-18
106000117,1302,954,348
106000118,1455,1803,-348
106000119,2042,1394,648
106000120,999,1510,-511
106000121,155,200,-45
106000122,109,363,-254
106000123,464,305,159
106000124,71,370,-299
106000125,85,449,-364
106000126,240,230,10
106000127,881,1278,-397
106000128,617,389,228
106000129,393,1100,-707
106000130,689,550,139
106000131,132,1223,-1091
106000132,658,323,335
106000133,3211,1693,1518
106000134,842,4329,-3487
106000135,302,875,-573
106000136,775,1433,-658
106000137,97,1345,-1248
106000138,1435,202,1233
106000139,45,125,-80
106000140,40,79,-39
106000141,65,103,-38
106000142,65,81,-16
106000143,134,108,26
106000144,43,86,-43
106000145,187,287,-100
106000146,344,255,89
106000147,602,660,-58
106000148,915,1160,-245
106000149,569,563,6
106000150,535,2384,-1849
106000151,4656,1100,3556
106000152,1854,2517,-663
106000153,110,2433,-2323
106000154,1649,314,1335
106000155,129,322,-193
106000156,822,419,403
106000157,779,2288,-1509
106000158,2769,1169,1600
106000159,4163,2073,2090
106000160,499,3405,-2906
106000161,2069,566,1503
106000162,283,1162,-879
106000163,745,547,198
106000164,314,476,-162
106000165,265,774,-509
106000166,756,558,198
106000167,452,1428,-976
106000168,504,450,54
106000169,314,863,-549
106000170,1529,408,1121
106000171,614,1620,-1006
106000172,3387,2375,1012
106000173,1714,3624,-1910
106000174,1304,462,842
106000175,351,1181,-830
106000176,2043,1230,813
106000177,1076,3471,-2395
106000178,4194,2608,1586
106000179,1528,3520,-1992
106000180,1104,1842,-738
106000181,767,2469,-1702
106000182,1181,1210,-29
106000183,1347,1034,313
106000184,2597,1144,1453
106000185,1508,1731,-223
106000186,1154,316,838
106000187,306,1600,-1294
106000188,1,2,-1
106000189,14,92,-78
106000190,75,0,75
106000191,724,414,310
106000192,6,41,-35
106000193,697,296,401
106000194,238,692,-454
106000195,2053,374,1679
106000196,405,949,-544
106000197,1255,462,793
106000198,282,353,-71
106000199,2714,1196,1518
106000200,369,321,48
106000201,588,2899,-2311
106000202,5713,919,4794
106000203,117,252,-135
106000204,86,3,83
106000205,13,220,-207
106000206,76,24,52
106000207,62,1145,-1083
106000208,1500,205,1295
106000209,1678,439,1239
106000210,463,1449,-986
106000211,507,1531,-1024
106000212,1165,451,714
106000213,956,2327,-1371
106000214,3523,813,2710
106000215,755,560,195
106000216,897,440,457
106000217,299,553,-254
106000218,534,498,36
106000219,169,437,-268
106000220,827,392,435
106000221,149,378,-229
106000222,62,120,-58
106000223,181,155,26
106000224,224,351,-127
106000225,66,165,-99
106000226,144,365,-221
106000228,55,119,-64
106000229,115,854,-739
106000231,961,217,744
106000232,161,461,-300
106000233,1198,106,1092
106000234,769,272,497
106000235,4866,129,4737
106000236,2112,101,2011
106000237,26,30,-4
106000238,813,14,799
106000239,3,365,-362
106000240,83,10,73
106000241,39,952,-913
106000242,241,41,200
106000249,63,79,-16
106000250,88,783,-695
106000251,270,59,211
106000252,86,147,-61
106000253,69,119,-50
106000254,38,55,-17
106000255,30,170,-140
106000256,52,108,-56
106000257,161,438,-277
106000258,2039,27,2012
106000259,77,99,-22
106000260,36,5,31
106000261,6,62,-56
106000262,278,17,261
106000263,43,89,-46
106000264,241,25,216
106000265,29,183,-154
106000266,153,53,100
106000267,5,100,-95
106000268,663,151,512
106000269,86,81,5
106000270,170,722,-552
106000271,119,326,-207
106000272,454,93,361
106000273,10,315,-305
106000274,262,80,182
106000275,205,368,-163
106000276,277,51,226
106000277,190,341,-151
106000278,291,46,245
106000279,21,69,-48
106000280,111,142,-31
106000281,106,72,34
106000282,60,69,-9
106000283,163,101,62
106000284,83,134,-51
106000285,130,133,-3
106000286,88,184,-96
106000287,198,120,78
106000288,94,195,-101
106000289,103,78,25
106000290,59,132,-73
106000291,150,115,35
106000292,113,120,-7
106000293,143,129,14
106000294,151,148,3
106000295,63,56,7
106000296,90,129,-39
106000297,108,281,-173
106000298,171,70,101
106000299,83,187,-104
106000300,44,123,-79
106000301,102,134,-32
106000303,52,184,-132
106000304,23,49,-26
106000305,108,86,22
106000306,46,83,-37
106000307,58,44,14
106000308,49,228,-179
106000309,18,134,-116
106000310,318,732,-414
106000311,412,270,142
106000312,80,211,-131
106000313,143,336,-193
106000318,165,623,-458
106000319,1015,229,786
106000320,9,79,-70
106000321,929,157,772
106000322,177,267,-90
106000324,11,161,-150
106000325,1826,1364,462
106000326,1150,2452,-1302
106000327,129,139,-10
106000328,98,181,-83
106000329,569,378,191
106000330,276,86,190
106000428,119,150,-31
106000429,167,539,-372
106000430,485,1396,-911
106000431,3050,580,2470
106000432,2136,3449,-1313
106000433,2180,1520,660
106000434,3609,2044,1565
106000435,2142,3088,-946
106000436,10,361,-351
106000437,406,48,358
106000438,435,196,239
106000439,145,580,-435
106000440,690,648,42
106000441,4,1,3
106000442,118,7,111
106000443,144,416,-272
106000450,14,306,-292
106000451,25,54,-29
106000454,4,981,-977
106000455,15,289,-274
106000456,137,63,74
106000457,11,1603,-1592
106000458,645,204,441
106000459,127,657,-530
106000460,1940,67,1873
106000461,99,2355,-2256
106000462,0,27,-27
106000463,6,21,-15
106000464,5,708,-703
106000465,577,4,573
106000466,2,930,-928
106000467,749,1103,-354
106000468,85,299,-214
106000469,342,2,340
106000470,314,2018,-1704
106000471,39,921,-882
106000472,190,31,159
106000473,41,25,16
106000474,414,660,-246
106000475,283,231,52
106000476,127,223,-96
106000477,30,54,-24
106900001,1,34,-33
106900002,1,606,-605
106900003,302,1609,-1307
106900004,0,57,-57
106900006,0,15,-15
106900007,0,18,-18
106900008,302,390,-88
106900009,311,548,-237
106900010,359,475,-116
106900012,2476,5185,-2709
106900013,2272,181,2091
106900014,22,5,17
106900015,31,4,27
106900016,317,4,313
106900017,6,1,5
106900018,1,0,1
106900019,39,1,38
106900020,4101,1541,2560
106900021,163,117,46
106900022,750,1,749
106900023,41,281,-240
106900024,2569,53,2516
106900025,81,1088,-1007
106900026,1,742,-741
106900027,760,5,755
107000001,5037,4526,511
107000002,4872,7336,-2464
107000003,6702,8724,-2022
107000004,7651,7937,-286
107000005,4871,7139,-2268
107000006,8737,7480,1257
107000007,6673,13000,-6327
107000008,16809,12487,4322
107000009,8363,9431,-1068
107000010,18213,15571,2642
107000011,1610,2155,-545
107000012,6791,4902,1889
107000013,81,182,-101
107000014,45,366,-321
107000015,638,1075,-437
107000016,835,1177,-342
107000017,14407,2360,12047
107000018,172,1694,-1522
107000020,9472,2133,7339
107000021,3258,711,2547
107000022,3114,2337,777
107000023,4624,413,4211
107000024,950,2086,-1136
107000025,299,638,-339
107000026,512,856,-344
107000027,1288,2023,-735
107000028,1726,2119,-393
107000029,3795,4028,-233
107000030,4890,4937,-47
107000031,4102,4344,-242
107000032,782,1393,-611
107000033,4615,11759,-7144
107000034,5713,2699,3014
107000035,552,357,195
107000036,597,1630,-1033
107000037,102,1130,-1028
107000038,324,470,-146
107000039,936,1085,-149
107000040,214,651,-437
107000041,2276,1131,1145
107000042,1041,2572,-1531
107000043,4351,1606,2745
107000044,865,545,320
107000045,240,448,-208
107000046,1332,530,802
107000047,654,1107,-453
107000048,759,432,327
107000049,601,1009,-408
107000050,1132,723,409
107000051,506,474,32
107000052,1313,1361,-48
107000053,508,289,219
107000054,84,370,-286
107000055,178,161,17
107000056,475,1039,-564
107000057,1484,359,1125
107000058,2628,2828,-200
107000059,2937,4374,-1437
107000060,5006,7315,-2309
107000061,6571,5752,819
107000062,4183,3776,407
107000063,5005,7559,-2554
107000064,5596,3160,2436
107000065,8288,6810,1478
107000066,2904,4070,-1166
107000067,1370,1444,-74
107000068,1885,871,1014
107000069,807,571,236
107000070,1240,7,1233
107000071,3165,53,3112
107000072,141,4112,-3971
107000073,766,295,471
107000074,221,1491,-1270
107000075,1695,570,1125
107000076,1016,2258,-1242
107000077,3829,1505,2324
107000078,3721,4832,-1111
107000079,3240,1107,2133
107000080,1680,4770,-3090
107000081,1850,816,1034
107000082,627,3004,-2377
107000083,1513,661,852
107000084,687,3090,-2403
107000085,3591,4730,-1139
107000086,4817,4612,205
107000087,3469,2969,500
107000088,5287,4892,395
107000089,1596,2398,-802
107000090,1467,1501,-34
107000091,1366,1190,176
107000092,875,1319,-444
107000093,1258,1136,122
107000094,1274,1428,-154
107000095,1226,883,343
107000096,858,1639,-781
107000097,1373,283,1090
107000098,1448,713,735
107000099,861,460,401
107000100,438,426,12
107000101,111,260,-149
107000102,394,538,-144
107000103,314,236,78
107000104,234,412,-178
107000105,426,196,230
107000106,936,382,554
107000107,603,296,307
107000108,334,928,-594
107000109,976,283,693
107000110,91,738,-647
107000111,355,81,274
107000112,78,428,-350
107000113,662,201,461
107000114,127,622,-495
107000115,614,226,388
107000116,150,1035,-885
107000117,142,722,-580
107000118,148,275,-127
107000119,1815,1805,10
107000120,1782,564,1218
107000121,932,948,-16
107000122,1564,1261,303
107000123,478,878,-400
107000124,648,1296,-648
107000125,894,824,70
107000126,943,1172,-229
107000127,96,456,-360
107000129,726,192,534
107000130,808,438,370
107000131,601,435,166
107000132,789,562,227
107000133,1386,142,1244
107000134,486,5,481
107000135,3,380,-377
107000136,1014,9,1005
107000137,11,522,-511
107000138,751,47,704
107000139,40,537,-497
107000140,3344,193,3151
107000141,202,1086,-884
107000142,681,145,536
107000143,105,1012,-907
107000144,1246,799,447
107000145,269,736,-467
107000146,204,588,-384
107000147,3748,1137,2611
107000150,1048,5315,-4267
107000151,74,137,-63
107000152,625,1544,-919
107000153,239,611,-372
107000154,317,321,-4
107000155,1093,50,1043
107000156,1441,37,1404
107000157,98,2307,-2209
107000158,578,33,545
107000159,54,1207,-1153
107000160,832,336,496
107000161,130,2135,-2005
107000162,327,917,-590
107000163,483,5,478
107000164,792,0,792
107000165,914,16,898
107000166,81,1722,-1641
107000167,679,325,354
107000168,999,656,343
107000169,1003,1228,-225
107000170,1999,1366,633
107000171,1050,3044,-1994
107000172,1075,1635,-560
107000173,938,1534,-596
107000174,1139,6335,-5196
107000175,9917,2802,7115
107000176,5,1,4
107000177,23,5,18
107000178,16,98,-82
107000179,296,3033,-2737
107000180,1273,583,690
107000181,380,1504,-1124
107000182,1675,1419,256
107000183,122,1265,-1143
107000184,1033,1083,-50
107000185,676,2139,-1463
107000186,1564,716,848
107000187,1981,1737,244
107000188,886,810,76
107000189,496,1406,-910
107000190,890,1063,-173
107000191,849,1373,-524
107000192,1801,1220,581
107000193,457,713,-256
107000194,826,1028,-202
107000197,1042,518,524
107000198,455,963,-508
107000199,939,1094,-155
107000200,920,956,-36
107000201,830,331,499
107000202,474,686,-212
107000203,2690,950,1740
107000204,2675,997,1678
107000205,3250,1526,1724
107000206,1390,1647,-257
107000207,976,1366,-390
107000208,1602,563,1039
107000209,2917,1426,1491
107000210,1139,483,656
107000211,8,67,-59
107000212,26,467,-441
107000213,8,20,-12
107000214,20,199,-179
107000215,504,575,-71
107000216,446,474,-28
107000217,613,171,442
107000219,156,176,-20
107000220,768,281,487
107000222,298,1078,-780
107000224,943,92,851
107000225,1182,821,361
107000226,559,94,465
107000227,252,511,-259
107000228,103,243,-140
107000229,155,248,-93
107000230,1433,655,778
107000231,2275,1780,495
107000232,125,103,22
107000233,2305,1102,1203
107000234,4,69,-65
107000235,96,4,92
107000236,21,1271,-1250
107000237,25,2,23
107000238,136,2,134
107000239,4520,660,3860
107000240,83,1539,-1456
107000241,121,32,89
107000242,530,72,458
107000243,0,71,-71
107000244,8,91,-83
107000246,4,1336,-1332
107000249,3,1418,-1415
107000251,1,437,-436
107000252,7,1640,-1633
107000255,805,154,651
107000257,5,525,-520
107000258,3,177,-174
107000259,11,267,-256
107000260,631,30,601
107000262,21,691,-670
107000263,257,45,212
107000266,6,22,-16
107000267,119,222,-103
107000268,200,264,-64
107000269,868,57,811
107000270,7,24,-17
107000271,26,912,-886
107000272,34,225,-191
107000273,13,278,-265
107000274,7128,506,6622
107000275,107,1492,-1385
107000280,773,67,706
107000281,67,1267,-1200
107000282,70,1179,-1109
107000290,4,36,-32
107000291,32,37,-5
107000292,1,89,-88
107000293,346,4,342
107000294,0,34,-34
107000295,325,7,318
107000296,0,21,-21
107000444,374,10,364
107000496,3,34,-31
107000497,1844,3582,-1738
107000500,313,431,-118
107000501,175,232,-57
107000502,232,468,-236
107000505,514,1074,-560
107000506,8,73,-65
107000508,6,935,-929
107000509,334,1492,-1158
107000510,220,35,185
107000514,58,429,-371
107000515,35,317,-282
107000516,268,425,-157
107000518,1094,1293,-199
107000519,2731,1414,1317
107000520,57,42,15
107900001,191,321,-130
107900002,69,8,61
107900003,400,22,378
107900004,89,7,82
107900005,1358,7,1351
107900006,161,3,158
107900007,341,50,291
107900008,314,57,257
107900009,247,9,238
107900010,23,0,23
107900012,334,22,312
107900013,366,58,308
107900014,51,22,29
107900015,1031,18,1013
107900016,597,127,470
107900017,43,4,39
107900018,57,131,-74
107900019,32,61,-29
107900020,160,6,154
107900021,65,171,-106
107900023,5,2,3
107900024,0,12,-12
107900025,211,396,-185
107900026,95,102,-7
107900027,125,72,53
107900028,69,100,-31
107900030,171,25,146
107900031,67,154,-87
107900032,34,19,15
107900033,17,12,5
107900034,430,24,406
107900035,827,71,756
107900036,63,18,45
107900037,0,16,-16
107900038,189,299,-110
107900039,32,61,-29
107900040,127,125,2
107900041,5,4,1
107900043,31,220,-189
107900044,33,26,7
107900045,132,44,88
107900046,173,248,-75
107900047,20,27,-7
107900048,198,13,185
107900049,433,3195,-2762
107900050,168,520,-352
107900051,62,94,-32
107900052,27,34,-7
107900053,42,124,-82
107900055,981,484,497
107900056,324,76,248
107900057,0,0,0
107900058,67,758,-691
107900060,253,62,191
107900061,13,8,5
107900063,140,161,-21
107900064,410,227,183
107900065,219,17,202
107900066,28,3,25
107900067,2,0,2
107900068,333,442,-109
107900069,37,1954,-1917
107900070,152,72,80
107900071,28,911,-883
107900072,101,240,-139
107900073,521,161,360
107900074,1122,326,796
107900076,125,72,53
107900077,44,3,41
107900078,211,73,138
107900079,20,35,-15
107900080,366,496,-130
107900081,53,196,-143
107900082,42,33,9
107900083,738,244,494
107900084,112,149,-37
107900086,242,198,44
107900087,965,195,770
107900088,25,5,20
107900089,373,1430,-1057
107900090,1395,3416,-2021
107900091,339,801,-462
107900092,2889,758,2131
107900093,178,176,2
107900095,4855,3280,1575
107900097,34,118,-84
107900098,112,209,-97
107900100,1564,1370,194
107900101,1536,361,1175
107900102,35,8,27
107900103,68,447,-379
107900104,273,8,265
107900105,0,544,-544
107900106,8,1375,-1367
107900107,2823,729,2094
107900108,408,239,169
107900109,1210,22,1188
107900110,59,249,-190
107900111,11,1272,-1261
107900112,123,469,-346
107900113,234,236,-2
107900114,144,259,-115
107900115,6,79,-73
107900116,170,309,-139
107900117,531,784,-253
107900118,118,297,-179
107900119,76,434,-358
107900120,32,25,7
107900121,2,661,-659
107900122,15,179,-164
107900123,5,46,-41
107900124,63,43,20
107900125,33,233,-200
107900126,11,79,-68
107900127,804,394,410
107900128,162,121,41
107900129,89,135,-46
107900130,106,81,25
107900131,1145,401,744
107900132,185,697,-512
107900133,2,86,-84
107900134,48,66,-18
107900135,8,253,-245
107900136,54,104,-50
107900137,345,131,214
107900138,78,142,-64
107900139,43,163,-120
107900140,132,64,68
107900141,64,61,3
107900142,208,1193,-985
107900143,428,58,370
107900144,1,186,-185
107900145,28,186,-158
107900146,90,158,-68
107900147,52,58,-6
107900148,223,206,17
107900149,1570,389,1181
107900150,97,1067,-970
107900151,40,170,-130
107900152,18,409,-391
107900153,181,434,-253
107900154,68,36,32
107900155,67,127,-60
107900156,2,443,-441
107900157,73,64,9
107900158,874,39,835
107900159,61,1222,-1161
107900160,113,215,-102
107900161,33,246,-213
107900162,1,242,-241
107900163,302,65,237
107900164,3,46,-43
107900165,23,97,-74
107900166,22,260,-238
107900167,33,55,-22
107900168,18,56,-38
107900169,4,239,-235
107900171,34,1998,-1964
107900172,6,502,-496
107900173,13,199,-186
107900174,146,5,141
107900175,107,54,53
107900176,20,43,-23
107900177,8,492,-484
107900178,0,216,-216
107900179,18,181,-163
107900180,909,502,407
107900181,1125,367,758
107900182,13,1741,-1728
107900183,55,416,-361
107900184,480,365,115
107900185,109,5,104
107900186,21,43,-22
107900187,0,253,-253
107900188,975,217,758
107900189,51,192,-141
107900190,109,123,-14
107900191,67,198,-131
107900193,4,49,-45
107900194,270,20,250
107900195,4144,696,3448
107900196,63,107,-44
107900197,1160,450,710
107900199,8,1127,-1119
107900201,90,130,-40
107900203,47,140,-93
107900204,282,395,-113
107900205,255,619,-364
107900206,1142,228,914
107900207,1,787,-786
107900208,29,880,-851
107900209,476,220,256
107900210,112,156,-44
107900213,1220,1113,107
107900214,59,127,-68
107900215,195,372,-177
107900216,258,132,126
107900217,117,115,2
107900218,26,3003,-2977
107900219,46,142,-96
107900220,341,456,-115
107900221,269,279,-10
107900223,90,800,-710
107900224,184,469,-285
107900225,38,1059,-1021
107900226,106,181,-75
107900227,147,605,-458
107900228,19,202,-183
107900229,7,429,-422
107900230,18,199,-181
107900231,16,291,-275
107900232,72,209,-137
107900233,7,230,-223
107900234,97,307,-210
107900235,51,165,-114
107900236,71,154,-83
107900237,102,711,-609
107900238,23,152,-129
107900239,1038,568,470
107900240,32,189,-157
107900241,32,116,-84
107900242,38,354,-316
107900243,17,112,-95
107900244,381,7,374
107900245,567,62,505
107900246,1391,18,1373
107900248,318,734,-416
107900249,642,73,569
107900250,2,843,-841
107900251,79,2076,-1997
107900252,966,68,898
107900253,169,11,158
107900254,129,1029,-900
107900255,410,146,264
107900256,4572,3103,1469
107900257,243,174,69
107900258,138,224,-86
107900259,114,1687,-1573
107900261,0,468,-468
107900262,89,189,-100
107900264,405,8,397
107900265,769,246,523
107900267,192,28,164
107900268,13,4,9
107900269,0,5,-5
107900270,0,0,0
107900271,0,11,-11
107900272,81,12,69
107900273,38,182,-144
107900274,51,0,51
107900275,23,0,23
107900276,0,100,-100
107900277,0,271,-271
107900278,397,566,-169
107900279,176,251,-75
107900280,2263,3367,-1104
107900281,2688,2536,152
107900282,58,544,-486
107900283,1513,609,904
107900284,941,978,-37
107900285,94,118,-24
107900286,210,103,107
107900287,172,295,-123
107900290,0,89,-89
107900291,479,14,465
107900292,324,337,-13
107900293,59,708,-649
107900295,66,63,3
107900297,2,604,-602
107900298,1144,1395,-251
107900299,4876,2905,1971
107900300,74,310,-236
107900301,2329,709,1620
107900302,111,80,31
107900303,369,446,-77
107900304,239,782,-543
107900305,338,16,322
107900306,86,38,48
107900307,47,330,-283
107900308,156,162,-6
107900309,131,4,127
107900310,876,10,866
107900311,13,397,-384
107900312,126,0,126
107900313,3,222,-219
107900314,2,67,-65
107900315,1,93,-92
107900316,53,5,48
107900317,196,43,153
107900318,34,296,-262
107900319,7,304,-297
107900320,1,217,-216
107900321,117,9,108
107900322,3,192,-189
107900323,15,209,-194
107900324,216,4,212
107900325,91,0,91
107900326,290,379,-89
107900327,0,84,-84
107900328,225,8,217
107900329,244,157,87
107900330,14,515,-501
107900331,160,49,111
107900332,372,38,334
107900333,44,18,26
107900334,46,265,-219
107900335,128,73,55
107900336,151,45,106
107900337,1887,1165,722
107900338,4,255,-251
107900339,3,39,-36
107900340,0,85,-85
107900341,76,1,75
107900342,123,210,-87
107900343,197,3,194
107900344,13,114,-101
107900345,138,25,113
107900346,56,2,54
107900347,36,5,31
107900348,59,0,59
107900349,14,9,5
107900350,32,360,-328
108000001,3457,4424,-967
108000002,2569,3907,-1338
108000003,4115,3644,471
108000004,16157,21326,-5169
108000005,9716,7264,2452
108000006,11073,11244,-171
108000007,6057,5164,893
108000008,5785,9317,-3532
108000009,4491,5126,-635
108000010,4787,6776,-1989
108000011,14695,13343,1352
108000012,25113,22404,2709
108000014,1165,857,308
108000015,642,413,229
108000016,373,752,-379
108000017,1096,560,536
108000018,2929,840,2089
108000019,4564,1064,3500
108000020,1683,718,965
108000021,531,2330,-1799
108000022,548,1658,-1110
108000023,1326,389,937
108000024,362,877,-515
108000025,384,466,-82
108000026,574,632,-58
108000027,901,751,150
108000028,711,357,354
108000029,750,881,-131
108000030,787,375,412
108000031,297,1071,-774
108000032,1517,984,533
108000033,866,1564,-698
108000034,1884,852,1032
108000035,887,3311,-2424
108000036,421,1330,-909
108000037,1565,854,711
108000038,2460,921,1539
108000039,697,2860,-2163
108000040,1743,1204,539
108000041,1017,3574,-2557
108000042,255,373,-118
108000043,234,456,-222
108000044,468,273,195
108000045,390,805,-415
108000046,1526,541,985
108000047,577,1629,-1052
108000048,668,491,177
108000049,2036,457,1579
108000050,120,540,-420
108000051,296,164,132
108000052,311,814,-503
108000053,449,309,140
108000054,699,1405,-706
108000055,1340,598,742
108000056,1090,1379,-289
108000057,729,1401,-672
108000058,2413,4116,-1703
108000059,3865,2636,1229
108000060,186,455,-269
108000061,174,459,-285
108000062,815,762,53
108000063,592,655,-63
108000064,292,409,-117
108000065,608,999,-391
108000066,1965,1017,948
108000067,1983,801,1182
108000068,818,500,318
108000069,271,1509,-1238
108000070,2073,1072,1001
108000071,830,2405,-1575
108000072,1888,1720,168
108000073,1771,2765,-994
108000074,779,579,200
108000075,460,1360,-900
108000076,894,746,148
108000077,729,1045,-316
108000078,2142,1937,205
108000079,1169,2289,-1120
108000080,1777,954,823
108000081,1135,2406,-1271
108000082,1201,2525,-1324
108000083,1806,1200,606
108000084,727,1559,-832
108000085,995,652,343
108000086,1378,1089,289
108000087,173,2186,-2013
108000088,197,21,176
108000089,474,707,-233
108000090,534,264,270
108000091,455,678,-223
108000092,166,118,48
108000093,244,936,-692
108000094,741,114,627
108000095,175,738,-563
108000096,385,221,164
108000097,170,704,-534
108000098,1739,2218,-479
108000099,594,144,450
108000100,69,290,-221
108000101,2781,1956,825
108000102,1917,3566,-1649
108000106,1185,0,1185
108000107,2,1076,-1074
108000108,1210,87,1123
108000109,16,1030,-1014
108000110,166,514,-348
108000111,226,1058,-832
108000112,69,178,-109
108000113,578,343,235
108000115,504,429,75
108000117,1111,697,414
108000118,87,297,-210
108000119,830,573,257
108000120,158,834,-676
108000121,277,728,-451
108000122,876,417,459
108000123,3233,352,2881
108000124,1190,1207,-17
108000125,529,387,142
108000126,209,622,-413
108000127,545,751,-206
108000128,877,877,0
108000129,1624,1746,-122
108000130,1507,529,978
108000131,853,907,-54
108000132,2546,2112,434
108000133,974,850,124
108000134,590,767,-177
108000135,1107,964,143
108000136,784,1292,-508
108000137,376,534,-158
108000138,426,1409,-983
108000139,516,475,41
108000140,102,41,61
108000141,39,129,-90
108000142,70,107,-37
108000143,34,27,7
108000144,38,13,25
108000145,34,24,10
108000146,59,27,32
108000147,76,53,23
108000148,81,32,49
108000149,24,30,-6
108000150,38,15,23
108000151,86,40,46
108000152,123,661,-538
108000153,403,277,126
108000154,61,20,41
108000155,81,42,39
108000156,411,155,256
108000157,289,1195,-906
108000158,101,748,-647
108000159,561,257,304
108000160,4064,1671,2393
108000161,3801,3350,451
108000165,13,222,-209
108000172,5,330,-325
108000173,2479,2531,-52
108000175,240,125,115
108000178,438,423,15
108000179,274,1042,-768
108000181,53,43,10
108000182,113,26,87
108000183,143,37,106
108000184,1181,2599,-1418
108000185,297,709,-412
108000186,228,142,86
108000187,285,861,-576
108000188,680,377,303
108000189,911,1556,-645
108000190,29,163,-134
108000192,235,727,-492
108000193,1088,44,1044
108000194,38,14,24
108000195,2,1439,-1437
108000196,1446,233,1213
108000198,437,491,-54
108000199,0,161,-161
108000200,660,824,-164
108000202,5,319,-314
108000203,141,822,-681
108000204,236,131,105
108000205,534,648,-114
108000339,1982,456,1526
108000364,158,409,-251
108000365,127,407,-280
108000367,280,567,-287
108000368,14,94,-80
108000369,1438,310,1128
108000371,1,735,-734
108000372,641,7,634
108000373,292,280,12
108000376,83,25,58
108000377,373,349,24
108000378,10831,11678,-847
108000379,48,266,-218
108000381,47,66,-19
108000382,109,1,108
108000383,0,73,-73
108900001,129,1397,-1268
108900002,246,62,184
108900003,365,989,-624
108900004,162,518,-356
108900005,93,371,-278
108900006,1056,257,799
108900007,262,322,-60
108900008,122,269,-147
108900009,67,138,-71
108900010,239,298,-59
108900011,482,594,-112
108900012,335,586,-251
108900013,140,333,-193
108900014,11,143,-132
108900015,1,58,-57
108900016,1,308,-307
108900017,534,479,55
108900018,158,646,-488
108900019,75,1436,-1361
108900020,37,291,-254
108900021,129,364,-235
108900022,136,15,121
108900023,0,77,-77
108900024,66,146,-80
108900025,114,217,-103
108900026,48,130,-82
108900027,0,97,-97
108900028,64,408,-344
108900029,89,359,-270
108900030,0,111,-111
108900031,120,557,-437
108900032,17,249,-232
108900033,0,123,-123
108900034,0,284,-284
108900035,417,1852,-1435
108900036,247,376,-129
108900037,101,403,-302
108900038,1,408,-407
108900039,2,563,-561
108900040,11,183,-172
108900041,7132,3521,3611
108900042,14,518,-504
108900043,74,546,-472
108900044,0,644,-644
108900045,58,794,-736
108900046,94,1086,-992
108900047,0,62,-62
108900048,149,1214,-1065
108900049,5161,2041,3120
108900050,3,282,-279
108900051,0,219,-219
108900052,56,332,-276
108900053,140,275,-135
108900054,74,276,-202
108900055,118,459,-341
108900056,1,222,-221
108900057,3,234,-231
108900058,22,528,-506
108900059,418,35,383
108900060,98,172,-74
108900061,110,65,45
108900062,8,336,-328
108900063,26,433,-407
108900064,168,120,48
108900065,25,317,-292
108900066,384,190,194
108900067,67,208,-141
108900068,0,102,-102
108900069,51,137,-86
108900070,60,168,-108
108900071,86,87,-1
108900072,2668,857,1811
108900073,19,81,-62
108900074,156,536,-380
108900075,84,47,37
108900076,320,88,232
108900077,185,145,40
108900078,22,222,-200
108900079,1233,320,913
108900080,54,1018,-964
108900081,53,279,-226
108900082,43,176,-133
108900083,51,338,-287
108900084,454,190,264
108900085,2783,285,2498
108900086,100,366,-266
108900087,161,258,-97
108900088,1121,588,533
108900089,27,203,-176
108900090,25,378,-353
108900091,135,134,1
108900092,458,475,-17
108900093,134,117,17
108900094,203,111,92
108900095,117,426,-309
108900096,431,46,385
108900097,286,333,-47
108900098,3446,865,2581
108900099,330,394,-64
108900100,100,212,-112
108900101,213,167,46
108900102,121,910,-789
108900103,168,125,43
108900104,206,509,-303
108900105,7,1237,-1230
108900106,416,543,-127
108900108,669,80,589
108900109,232,27,205
108900110,283,699,-416
108900111,434,865,-431
108900112,345,40,305
108900113,55,63,-8
108900114,1,2,-1
108900115,128,131,-3
108900116,180,21,159
108900117,160,34,126
108900118,492,12,480
108900119,255,37,218
108900120,495,260,235
108900121,406,174,232
108900122,109,46,63
108900123,124,169,-45
108900124,307,263,44
108900125,351,2,349
108900126,110,44,66
108900127,159,33,126
108900128,92,86,6
108900129,670,245,425
108900130,286,1,285
108900131,495,5,490
108900132,487,95,392
108900133,208,103,105
108900134,324,433,-109
108900135,124,15,109
108900136,83,2,81
108900137,121,0,121
108900138,637,43,594
108900139,654,243,411
108900140,226,407,-181
108900141,289,19,270
108900142,154,21,133
108900143,40,0,40
108900144,99,1,98
108900145,123,11,112
108900146,117,1,116
108900147,182,1,181
108900148,87,58,29
108900149,736,468,268
108900150,287,14,273
108900151,442,19,423
108900152,210,72,138
108900153,162,509,-347
108900154,6074,708,5366
108900155,283,129,154
108900156,99,7,92
108900157,20,721,-701
108900158,815,62,753
108900159,6,341,-335
108900160,29,339,-310
108900161,23,588,-565
108900162,72,4,68
108900163,2,366,-364
108900164,61,118,-57
108900165,252,123,129
108900167,2389,6310,-3921
108900168,9964,3151,6813
108900169,70,165,-95
108900171,11098,3253,7845
108900172,221,98,123
108900173,308,554,-246
108900174,693,855,-162
108900176,172,608,-436
108900177,7638,7096,542
108900178,5243,3718,1525
108900179,716,1634,-918
108900180,116,298,-182
108900182,39,275,-236
108900183,289,294,-5
108900184,531,371,160
108900185,393,533,-140
108900186,77,560,-483
108900187,382,101,281
108900188,545,142,403
108900189,581,256,325
108900190,77,3906,-3829
108900191,302,61,241
108900192,113,296,-183
108900193,712,125,587
108900194,78,561,-483
108900195,126,498,-372
108900196,18,636,-618
108900198,10,570,-560
108900199,263,535,-272
108900200,626,426,200
108900201,614,1827,-1213
108900203,596,88,508
108900204,421,20,401
108900205,163,30,133
108900206,859,59,800
108900207,200,72,128
108900208,15,395,-380
108900209,335,788,-453
108900210,209,269,-60
108900211,187,696,-509
108900212,799,1686,-887
108900215,105,622,-517
108900216,553,228,325
108900217,180,1,179
108900218,199,99,100
108900219,130,9,121
108900220,64,32,32
108900221,43,197,-154
108900222,268,20,248
108900223,11,124,-113
108900224,36,232,-196
108900225,0,190,-190
108900226,257,19,238
108900227,124,300,-176
108900230,388,339,49
108900231,58,288,-230
108900232,2,398,-396
108900233,640,181,459
108900234,299,233,66
108900235,283,761,-478
108900236,89,463,-374
108900237,116,306,-190
108900240,251,207,44
108900241,53,67,-14
108900245,16,1740,-1724
108900249,172,43,129
108900250,630,533,97
108900257,247,794,-547
108900258,15,284,-269
108900259,230,90,140
108900260,18,138,-120
108900261,131,196,-65
108900262,202,201,1
108900263,36,232,-196
108900264,560,329,231
108900265,1475,364,1111
108900266,1125,511,614
108900267,3,95,-92
108900268,22,6,16
108900269,62,8,54
108900270,77,7,70
108900271,28,12,16
108900272,159,8,151
108900273,1353,740,613
108900274,49,68,-19
109000001,4713,1509,3204
109000002,2231,1808,423
109000003,3001,636,2365
109000004,549,2745,-2196
109000005,2689,897,1792
109000006,846,2441,-1595
109000007,1766,803,963
109000008,539,2184,-1645
109000009,4595,1743,2852
109000010,1618,4599,-2981
109000011,3308,2686,622
109000012,2370,4309,-1939
109000013,3908,3723,185
109000014,2764,4017,-1253
109000015,4105,7805,-3700
109000016,8683,4738,3945
109000017,2238,1728,510
109000018,1209,4114,-2905
109000019,3061,1612,1449
109000020,1186,2321,-1135
109000023,378,34,344
109000024,8,234,-226
109000025,448,555,-107
109000026,1018,454,564
109000027,113,376,-263
109000028,169,180,-11
109000029,165,235,-70
109000030,93,679,-586
109000031,327,346,-19
109000032,115,625,-510
109000033,443,295,148
109000034,96,61,35
109000035,20,105,-85
109000036,446,496,-50
109000037,319,1304,-985
109000038,855,557,298
109000039,1035,748,287
109000040,6177,8325,-2148
109000041,4907,1989,2918
109000042,971,1628,-657
109000044,470,87,383
109000045,134,469,-335
109000046,357,119,238
109000047,96,567,-471
109000048,1049,391,658
109000049,484,761,-277
109000050,580,442,138
109000051,370,481,-111
109000052,687,1500,-813
109000053,340,159,181
109000054,2551,864,1687
109000055,987,500,487
109000056,713,962,-249
109000057,706,648,58
109000058,1513,563,950
109000059,1248,1648,-400
109000060,498,397,101
109000061,1416,1386,30
109000062,520,515,5
109000063,309,374,-65
109000064,762,309,453
109000065,167,422,-255
109000066,498,215,283
109000067,94,479,-385
109000068,3230,14,3216
109000069,2227,40,2187
109000070,8,1279,-1271
109000071,491,105,386
109000072,162,431,-269
109000073,72,123,-51
109000074,58,290,-232
109000075,109,439,-330
109000076,140,310,-170
109000077,535,354,181
109000078,51,200,-149
109000079,113,291,-178
109000080,100,147,-47
109000081,100,674,-574
109000082,517,290,227
109000083,282,1230,-948
109000088,207,670,-463
109000089,296,68,228
109000090,233,575,-342
109000091,397,194,203
109000092,457,678,-221
109000093,235,260,-25
109000094,525,4,521
109000095,105,660,-555
109000096,631,377,254
109000097,117,181,-64
109000098,55,218,-163
109000099,1154,506,648
109000100,326,744,-418
109000101,1884,1031,853
109000102,429,1237,-808
109000103,575,1039,-464
109000104,1757,812,945
109000105,595,1995,-1400
109000106,2165,1182,983
109000107,811,3355,-2544
109000108,1782,892,890
109000109,562,2947,-2385
109000110,1502,759,743
109000111,1210,2992,-1782
109000112,966,254,712
109000113,897,282,615
109000114,491,516,-25
109000115,1933,79,1854
109000116,3,296,-293
109000117,213,122,91
109000118,10,439,-429
109000119,1539,395,1144
109000120,231,1291,-1060
109000121,475,74,401
109000122,152,1134,-982
109000123,39,69,-30
109000124,632,834,-202
109000125,1383,550,833
109000126,561,1197,-636
109000127,796,356,440
109000128,525,2270,-1745
109000129,2056,1056,1000
109000130,778,2954,-2176
109000131,997,676,321
109000132,947,2683,-1736
109000133,369,1303,-934
109000134,1134,2056,-922
109000135,2149,2270,-121
109000136,541,473,68
109000137,457,544,-87
109000138,597,558,39
109000139,605,592,13
109000140,595,487,108
109000141,722,564,158
109000142,158,685,-527
109000143,121,106,15
109000145,116,323,-207
109000146,45,143,-98
109000148,4566,3244,1322
109000149,22,58,-36
109000150,136,319,-183
109000155,813,742,71
109000156,1563,950,613
109000158,227,395,-168
109000159,217,835,-618
109000160,939,475,464
109000161,308,1431,-1123
109000162,2098,1209,889
109000163,1081,2541,-1460
109000164,1466,3317,-1851
109000165,1424,963,461
109000166,766,193,573
109000167,155,839,-684
109000170,55,69,-14
109000171,75,74,1
109000172,68,92,-24
109000173,35,97,-62
109000174,109,79,30
109000175,76,144,-68
109000176,321,335,-14
109000177,36,175,-139
109000178,400,134,266
109000179,7270,6583,687
109000180,6997,4406,2591
109000181,18,50,-32
109000182,20,47,-27
109000183,47,88,-41
109000184,32,19,13
109000185,42,104,-62
109000188,1279,2958,-1679
109000189,5988,1602,4386
109000190,1186,606,580
109000191,582,645,-63
109000192,382,718,-336
109000193,244,455,-211
109000194,287,368,-81
109000195,167,533,-366
109000196,314,346,-32
109000197,229,556,-327
109000198,499,198,301
109000199,187,565,-378
109000206,263,48,215
109000207,142,87,55
109000208,88,115,-27
109000209,199,167,32
109000210,192,773,-581
109000211,213,409,-196
109000214,438,559,-121
109000215,153,97,56
109000216,236,296,-60
109000217,1175,279,896
109000218,2057,369,1688
109000221,500,1457,-957
109000222,1157,332,825
109000223,378,384,-6
109000224,43,200,-157
109000225,88,105,-17
109000226,61,339,-278
109000227,906,1733,-827
109000228,2,850,-848
109000231,0,466,-466
109000232,313,422,-109
109000236,342,1029,-687
109000241,2423,2823,-400
109000242,2095,2130,-35
109000293,89,80,9
109000361,202,473,-271
109000364,527,884,-357
109000396,12,713,-701
109000397,531,10,521
109000399,153,671,-518
109000400,114,308,-194
109000403,253,970,-717
109000406,600,12,588
109000407,373,279,94
109000408,1,463,-462
109000410,1072,400,672
109000411,116,17,99
109900001,90,0,90
109900002,1168,67,1101
109900003,191,1,190
109900004,1524,238,1286
109900005,33,17,16
109900006,576,460,116
109900007,656,715,-59
109900008,1,77,-76
109900009,178,895,-717
109900010,708,29,679
109900011,122,88,34
109900012,901,339,562
109900013,426,350,76
109900014,399,119,280
109900015,733,319,414
109900016,179,36,143
109900017,262,303,-41
109900018,406,162,244
109900019,821,131,690
109900020,48,43,5
109900021,32,20,12
109900022,97,323,-226
109900023,21,8,13
109900024,24,17,7
109900025,15,81,-66
109900026,2,228,-226
109900027,37,55,-18
109900028,2337,919,1418
109900029,6,499,-493
109900030,75,23,52
109900031,1,235,-234
109900032,7,684,-677
109900033,3,705,-702
109900034,17,3,14
109900035,31,39,-8
109900036,76,175,-99
109900037,36,628,-592
109900038,79,379,-300
109900039,8,0,8
109900040,20,638,-618
109900041,108,519,-411
109900042,469,772,-303
109900044,960,416,544
109900045,276,114,162
109900046,20,114,-94
109900047,855,554,301
109900048,6,148,-142
109900049,18,72,-54
109900050,1,207,-206
109900051,1,76,-75
109900052,206,601,-395
109900053,5,457,-452
109900054,562,352,210
109900055,62,430,-368
109900056,63,451,-388
109900057,4,226,-222
109900058,0,108,-108
109900059,565,201,364
109900060,481,299,182
109900061,44,408,-364
109900062,0,228,-228
109900063,12,579,-567
109900064,537,388,149
109900065,147,202,-55
109900066,412,1187,-775
109900067,0,360,-360
109900068,55,6,49
109900069,3,53,-50
109900070,70,575,-505
109900071,3,36,-33
109900072,60,256,-196
109900073,404,750,-346
109900074,11,84,-73
109900075,48,90,-42
109900076,44,268,-224
109900077,44,135,-91
109900078,138,323,-185
109900080,240,485,-245
109900081,30,287,-257
109900082,72,533,-461
109900083,24,112,-88
109900084,91,277,-186
109900085,252,1013,-761
109900086,229,602,-373
109900087,377,748,-371
109900089,836,451,385
109900090,679,1378,-699
109900091,391,145,246
109900092,4525,23,4502
109900093,1007,318,689
109900094,70,164,-94
109900095,767,308,459
109900096,58,2,56
109900097,107,0,107
109900098,414,53,361
109900099,130,1,129
109900100,34,0,34
109900101,430,14,416
109900102,384,28,356
109900103,47,68,-21
109900104,462,992,-530
109900105,507,23,484
109900106,798,99,699
109900107,860,178,682
109900108,157,632,-475
109900109,42,226,-184
109900110,148,554,-406
109900111,457,1241,-784
109900112,434,902,-468
109900113,721,534,187
109900114,1302,843,459
109900115,298,200,98
109900117,1128,234,894
109900118,398,689,-291
109900119,921,506,415
109900120,77,48,29
109900121,568,593,-25
109900122,500,12,488
109900123,12,222,-210
109900124,56,945,-889
109900125,2,253,-251
109900126,230,174,56
109900128,305,83,222
109900130,9657,2432,7225
109900131,86,277,-191
109900132,36,216,-180
109900133,117,396,-279
109900134,226,173,53
109900135,356,85,271
109900136,277,237,40
109900137,135,494,-359
109900138,350,582,-232
109900140,265,293,-28
109900141,519,353,166
109900142,1441,395,1046
109900145,16,670,-654
109900146,561,51,510
109900148,64,165,-101
109900149,39,85,-46
109900150,18,127,-109
109900151,12,58,-46
109900152,0,27,-27
109900153,3,70,-67
109900154,134,3,131
109900155,106,23,83
109900157,76,341,-265
109900158,73,193,-120
109900159,187,100,87
109900160,185,86,99
109900161,227,156,71
109900162,183,228,-45
109900163,905,437,468
109900164,115,288,-173
109900165,852,8,844
109900166,21,201,-180
109900167,244,799,-555
109900168,219,917,-698
109900169,233,233,0
109900170,316,814,-498
109900171,292,150,142
109900172,351,331,20
109900173,4141,2486,1655
109900174,85,189,-104
109900175,336,170,166
109900176,185,354,-169
109900177,65,350,-285
109900178,48,215,-167
109900179,471,31,440
109900180,11,17,-6
110000001,988,602,386
110000002,632,1026,-394
110000003,1139,845,294
110000004,645,967,-322
110000005,556,2358,-1802
110000006,536,439,97
110000007,152,180,-28
110000008,32,69,-37
110000009,58,34,24
110000010,33,106,-73
110000011,49,127,-78
110000012,740,507,233
110000013,41,693,-652
110000014,899,479,420
110000015,374,1358,-984
110000016,338,1994,-1656
110000017,3170,372,2798
110000018,3731,590,3141
110000019,8,111,-103
110000020,459,239,220
110000021,1708,725,983
110000022,1568,324,1244
110000023,7,132,-125
110000024,873,512,361
110000025,293,12,281
110000026,7,371,-364
110000027,1535,574,961
110000028,981,1326,-345
110000029,592,882,-290
110000030,275,791,-516
110000031,257,675,-418
110000032,728,876,-148
110000033,369,147,222
110000034,650,1922,-1272
110000035,1514,807,707
110000036,1370,2161,-791
110000037,322,693,-371
110000038,324,1396,-1072
110000039,1045,4410,-3365
110000040,481,502,-21
110000041,333,1813,-1480
110000042,205,405,-200
110000043,1115,497,618
110000044,673,276,397
110000045,2674,193,2481
110000046,9,23,-14
110000047,68,25,43
110000048,18,16,2
110000049,184,15,169
110000050,20,78,-58
110000051,26,13,13
110000052,20,49,-29
110000053,226,18,208
110000054,929,358,571
110000055,2024,92,1932
110000056,466,80,386
110000057,375,712,-337
110000058,1634,817,817
110000059,1500,675,825
110000060,1233,1555,-322
110000061,1092,899,193
110000062,822,1048,-226
110000063,35,151,-116
110000064,75,134,-59
110000065,132,206,-74
110000066,78,81,-3
110000067,169,318,-149
110000068,339,329,10
110000069,307,194,113
110000071,180,236,-56
110000073,9,25,-16
110000075,8,271,-263
110000076,305,720,-415
110000077,534,2886,-2352
110000078,35,113,-78
110000080,349,941,-592
110000081,188,326,-138
110000082,21,514,-493
110000083,433,828,-395
110000084,1235,966,269
110000085,2562,1948,614
110000086,2356,2592,-236
110000087,15,89,-74
110000088,83,364,-281
110000089,361,166,195
110000090,1147,486,661
110000091,1818,568,1250
110000092,42,97,-55
110000093,86,7,79
110000094,638,405,233
110000095,285,814,-529
110000096,2909,2389,520
110000097,1256,1479,-223
110000098,2569,881,1688
110000099,1022,2140,-1118
110000100,814,763,51
110000101,21,515,-494
110000102,55,31,24
110000104,1495,177,1318
110000105,181,346,-165
110000106,776,410,366
110000107,349,612,-263
110000108,134,75,59
110000109,320,407,-87
110000110,3790,5091,-1301
110000111,8311,3440,4871
110000112,1686,1401,285
110000113,560,2689,-2129
110000114,139,815,-676
110000115,409,593,-184
110000116,58,83,-25
110000117,238,573,-335
110000118,409,344,65
110000119,249,518,-269
110000120,424,285,139
110000121,84,646,-562
110000122,487,716,-229
110000123,611,791,-180
110000124,6,1620,-1614
110000125,1110,20,1090
110000126,346,49,297
110000127,1332,74,1258
110000128,57,2242,-2185
110000129,7,690,-683
110000130,364,186,178
110000131,361,495,-134
110000132,6,1219,-1213
110000133,57,956,-899
110000134,46,582,-536
110000135,194,61,133
110000136,63,399,-336
110000137,608,904,-296
110000138,856,941,-85
110000139,761,1609,-848
110000140,1206,697,509
110000143,798,614,184
110000144,6805,2457,4348
110000145,2515,1328,1187
110000146,2822,1266,1556
110000147,670,1095,-425
110000148,1412,502,910
110000151,1432,1158,274
110000152,1438,396,1042
110000153,113,71,42
110000154,125,39,86
110000155,2665,4668,-2003
110000156,1353,2903,-1550
110000157,2647,2688,-41
110000160,475,401,74
110000161,283,452,-169
110000166,707,241,466
110000167,1006,782,224
110000168,1183,588,595
110000169,887,422,465
110000170,470,117,353
110000171,776,192,584
110000172,162,1073,-911
110000173,1406,1689,-283
110000174,243,1578,-1335
110000175,665,122,543
110000176,824,463,361
110000177,247,993,-746
110000178,660,2872,-2212
110000179,1521,481,1040
110000180,224,319,-95
110000181,527,1199,-672
110000182,413,200,213
110000183,12918,9498,3420
110000184,719,3798,-3079
110000185,2936,986,1950
110000186,994,1627,-633
110000191,827,443,384
110000192,1307,18,1289
110000193,2598,14,2584
110000194,23,1617,-1594
110000195,486,739,-253
110000196,436,556,-120
110000197,111,344,-233
110000198,483,171,312
110000199,304,227,77
110000200,3627,854,2773
110000201,3128,1247,1881
110000202,1688,665,1023
110000203,1335,1111,224
110000204,9,327,-318
110000205,164,83,81
110000206,1098,1924,-826
110000207,1019,523,496
110000208,671,337,334
110000209,192,1418,-1226
110000210,1283,884,399
110000211,2361,1284,1077
110000212,465,1767,-1302
110000213,201,195,6
110000214,347,234,113
110000215,232,539,-307
110000216,93,519,-426
110000217,292,213,79
110000218,160,502,-342
110000219,338,117,221
110000220,65,430,-365
110000221,408,151,257
110000222,40,304,-264
110000223,7,226,-219
110000224,134,23,111
110000225,405,1154,-749
110000226,368,102,266
110000227,1154,1202,-48
110000228,541,448,93
110000229,1,299,-298
110000230,1642,938,704
110000231,227,370,-143
110000232,1392,234,1158
110000233,887,383,504
110000234,1635,1092,543
110000235,1054,1416,-362
110000236,1085,991,94
110000237,4999,1980,3019
110000238,2036,2022,14
110000239,2519,1602,917
110000240,1,110,-109
110000242,0,16,-16
110000243,108,162,-54
110000244,248,524,-276
110000245,47,514,-467
110000246,1822,1173,649
110000247,1910,6005,-4095
110000248,3305,1980,1325
110000249,97,19,78
110000250,343,345,-2
110000251,417,778,-361
110000252,759,287,472
110000253,1471,1196,275
110000254,1054,2075,-1021
110000255,429,1385,-956
110000256,525,561,-36
110000257,921,609,312
110000258,11,537,-526
110000259,149,47,102
110000260,30,447,-417
110000263,842,132,710
110000264,532,719,-187
110000265,2031,3195,-1164
110000266,3181,3993,-812
110000267,23,438,-415
110000268,403,640,-237
110000269,11,158,-147
110000270,99,8,91
110000271,2143,388,1755
110000272,1759,1403,356
110000273,4830,2120,2710
110000274,538,1797,-1259
110000275,3198,771,2427
110000276,1155,581,574
110000277,742,535,207
110000278,1073,1020,53
110000279,1114,927,187
110000280,873,610,263
110000281,63,362,-299
110000282,414,40,374
110000283,107,193,-86
110000284,98,65,33
110000285,6,607,-601
110000286,28,0,28
110000287,119,4,115
110000288,40,129,-89
110000289,557,2275,-1718
110000290,1523,925,598
110000291,6133,1734,4399
110000292,1672,5415,-3743
110000293,1490,989,501
110000294,1277,1423,-146
110000295,326,1072,-746
110000296,552,530,22
110000297,3332,542,2790
110000298,254,745,-491
110000299,422,115,307
110000301,1423,47,1376
110000302,814,1358,-544
110000303,1524,17,1507
110000304,335,352,-17
110000305,2250,36,2214
110000306,176,1818,-1642
110000307,1861,4,1857
110000308,797,24,773
110000309,22,1245,-1223
110000310,1078,66,1012
110000311,20,903,-883
110000312,419,129,290
110000313,3875,4517,-642
110000314,5,361,-356
110000315,5163,3720,1443
110000316,892,2094,-1202
110000317,1414,502,912
110000318,13,105,-92
110000319,182,44,138
110000320,147,44,103
110000321,12,71,-59
110000322,411,640,-229
110000323,747,253,494
110000324,4141,1897,2244
110000325,4321,3876,445
110000327,1045,649,396
110000328,330,568,-238
110000333,1644,974,670
110000334,1246,1769,-523
110000335,1470,775,695
110000336,2290,1538,752
110000337,3505,782,2723
110000338,680,343,337
110000339,728,323,405
110000340,955,247,708
110000341,627,607,20
110000342,770,8,762
110000343,1,49,-48
110000344,3262,211,3051
110000345,3454,274,3180
110000346,3835,2596,1239
110000347,1512,1309,203
110000348,32,55,-23
110000349,23,72,-49
110000350,63,24,39
110000351,1149,1285,-136
110000352,651,2568,-1917
110000353,3939,1166,2773
110000354,1650,5685,-4035
110000355,160,182,-22
110000356,919,10,909
110000357,506,26,480
110000361,69,94,-25
110000362,55,136,-81
110000363,379,211,168
110000364,368,454,-86
110000365,281,7,274
110000366,1,149,-148
110000367,847,329,518
110000368,66,245,-179
110000369,412,5,407
110000373,6,364,-358
110000374,1180,60,1120
110000375,230,2366,-2136
110000376,68,142,-74
110000377,73,780,-707
110000378,34,568,-534
110000379,4315,2788,1527
110000380,171,16,155
110000383,3,1299,-1296
110000384,3544,1420,2124
110000385,2,295,-293
110000387,151,21,130
110000388,46,348,-302
110000389,769,7,762
110000391,1491,536,955
110000396,160,179,-19
110000397,260,307,-47
110000398,0,76,-76
110000399,186,2,184
110000587,466,85,381
110000589,224,376,-152
110000640,290,87,203
110000652,45,226,-181
110000653,353,508,-155
110000654,69,113,-44
110000656,4,824,-820
110000674,35,22,13
110000675,41,15,26
110000676,23,52,-29
110000679,421,1133,-712
110000682,147,215,-68
110000683,698,1024,-326
110000684,14,86,-72
110000685,40,24,16
110000686,5,57,-52
110000687,199,8,191
110000688,78,920,-842
110000689,32,90,-58
110000692,198,267,-69
110000693,202,603,-401
110000694,2,370,-368
110000695,754,810,-56
110000696,96,122,-26
110900001,336,35,301
110900002,1813,334,1479
110900003,760,812,-52
110900004,499,261,238
110900005,4254,2799,1455
110900006,34,10,24
110900007,153,50,103
110900008,16,56,-40
110900009,441,116,325
110900010,21,129,-108
110900011,17,126,-109
110900012,11,138,-127
110900013,1374,281,1093
110900014,764,25,739
110900015,831,648,183
110900016,63,186,-123
110900017,421,78,343
110900018,539,101,438
110900019,189,67,122
110900020,99,416,-317
110900021,87,801,-714
110900022,180,397,-217
110900023,150,612,-462
110900024,20,549,-529
110900025,49,69,-20
110900027,37,309,-272
110900028,69,229,-160
110900029,21,414,-393
110900030,54,326,-272
110900031,1,209,-208
110900032,0,112,-112
110900033,81,324,-243
110900035,34,689,-655
110900036,82,36,46
110900037,52,33,19
110900038,1419,262,1157
110900039,14,358,-344
110900040,225,57,168
110900041,14,149,-135
110900042,123,68,55
110900043,6,126,-120
110900044,264,23,241
110900045,54,610,-556
110900046,54,317,-263
110900047,783,294,489
110900049,108,94,14
110900050,45,10,35
110900051,49,278,-229
110900052,3,182,-179
110900053,87,56,31
110900054,62,321,-259
110900055,36,6,30
110900056,51,128,-77
110900057,20,198,-178
110900058,289,364,-75
110900059,686,756,-70
110900060,419,231,188
110900061,28,57,-29
110900062,151,402,-251
110900063,66,747,-681
110900064,21,1,20
110900065,338,137,201
110900066,18,191,-173
110900067,500,1026,-526
110900068,244,316,-72
110900069,18,38,-20
110900070,145,71,74
110900071,340,827,-487
110900073,1,40,-39
110900074,378,109,269
110900075,389,141,248
110900077,822,1126,-304
110900078,39,105,-66
110900079,2927,1566,1361
110900080,139,143,-4
110900081,2,84,-82
110900082,145,248,-103
110900083,148,101,47
110900084,65,154,-89
110900085,63,409,-346
110900086,62,303,-241
110900087,412,157,255
110900088,32,2,30
110900090,30,50,-20
110900091,2,76,-74
110900093,929,200,729
110900095,45,103,-58
110900097,17,9,8
110900098,31,126,-95
110900099,54,531,-477
110900100,0,31,-31
110900102,59,43,16
110900105,994,296,698
110900108,26,89,-63
110900111,546,1096,-550
110900112,1028,20,1008
110900113,733,79,654
110900115,10,115,-105
110900116,868,2445,-1577
110900118,89,2784,-2695
110900119,4823,437,4386
110900120,24,98,-74
110900121,114,1,113
110900122,483,240,243
110900125,350,536,-186
110900127,1266,1379,-113
110900128,297,246,51
110900129,531,744,-213
110900130,1321,504,817
110900131,971,105,866
110900132,319,118,201
110900133,730,315,415
110900135,130,575,-445
110900136,348,13,335
110900137,137,0,137
110900138,2390,479,1911
110900139,67,81,-14
110900140,198,11,187
110900141,18,126,-108
110900142,80,277,-197
110900143,147,141,6
110900144,6,971,-965
110900145,638,75,563
110900146,1420,232,1188
110900147,192,554,-362
110900148,2,387,-385
110900149,1,102,-101
110900150,96,35,61
110900151,9,119,-110
110900152,32,385,-353
110900153,173,56,117
111000001,550,310,240
111000002,555,685,-130
111000003,1029,930,99
111000004,734,1415,-681
111000005,2089,1490,599
111000006,1406,2267,-861
111000007,5595,3856,1739
111000008,3391,4468,-1077
111000009,412,1527,-1115
111000010,939,261,678
111000011,389,1173,-784
111000012,804,406,398
111000013,750,1257,-507
111000014,2265,657,1608
111000017,137,1158,-1021
111000018,265,504,-239
111000020,1544,3118,-1574
111000021,86,163,-77
111000023,97,120,-23
111000025,6459,5544,915
111000029,190,158,32
111000030,42,169,-127
111000031,2950,1942,1008
111000032,1441,571,870
111000033,397,456,-59
111000034,311,275,36
111000037,2557,1610,947
111000038,5258,3861,1397
111000039,2304,3110,-806
111000040,2231,3326,-1095
111000041,2155,2324,-169
111000042,5225,3605,1620
111000043,2141,3931,-1790
111000044,1969,1499,470
111000045,2564,3001,-437
111000046,1585,2110,-525
111000047,2771,5073,-2302
111000049,667,772,-105
111000050,1669,1715,-46
111000051,555,1332,-777
111000052,932,2191,-1259
111000053,488,1160,-672
111000054,390,1120,-730
111000055,1277,2524,-1247
111000056,292,687,-395
111000057,69,803,-734
111000058,307,88,219
111000059,1801,334,1467
111000060,6832,983,5849
111000061,656,552,104
111000062,834,355,479
111000063,3634,1342,2292
111000064,630,1003,-373
111000065,1135,1653,-518
111000066,544,875,-331
111000067,1420,933,487
111000068,871,1660,-789
111000069,3091,4278,-1187
111000070,1758,1427,331
111000071,459,994,-535
111000072,962,536,426
111000073,333,997,-664
111000074,1807,2152,-345
111000075,1651,1029,622
111000076,765,983,-218
111000077,2095,2265,-170
111000078,3545,2273,1272
111000079,1658,1343,315
111000080,618,1020,-402
111000081,2601,9180,-6579
111000082,872,932,-60
111000084,1157,877,280
111000085,1355,1986,-631
111000086,3606,1592,2014
111000087,869,1039,-170
111000088,8523,2939,5584
111000089,1102,1469,-367
111000090,1499,2008,-509
111000091,832,803,29
111000092,1328,1237,91
111000093,1491,1497,-6
111000094,2937,1428,1509
111000095,737,2858,-2121
111000096,3083,9440,-6357
111000097,6250,1982,4268
111000098,929,1605,-676
111000099,839,2719,-1880
111000100,536,2255,-1719
111000101,583,1128,-545
111000102,286,875,-589
111000104,1252,298,954
111000107,165,1006,-841
111000109,903,437,466
111000110,1718,999,719
111000111,3233,944,2289
111000112,2880,965,1915
111000113,923,1804,-881
111000114,1944,3736,-1792
111000115,8692,1916,6776
111000116,1137,1456,-319
111000117,521,1203,-682
111000118,2666,1311,1355
111000119,1182,1680,-498
111000120,427,893,-466
111000121,262,1035,-773
111000122,645,2068,-1423
111000123,1361,4325,-2964
111000124,625,3888,-3263
111000125,341,2023,-1682
111000126,139,1308,-1169
111000127,1126,250,876
111000128,3322,502,2820
111000129,3090,830,2260
111000130,1934,1275,659
111000131,1699,1056,643
111000132,1240,1107,133
111000133,180,260,-80
111000134,185,195,-10
111000135,67,248,-181
111000136,340,360,-20
111000138,33,11,22
111000140,0,11,-11
111000141,241,517,-276
111000142,16,144,-128
111000143,5,165,-160
111000144,68,248,-180
111000145,2145,33,2112
111000146,86,16,70
111000147,337,47,290
111000148,227,92,135
111000149,6,46,-40
111000150,36,8,28
111000151,2,33,-31
111000153,809,972,-163
111000154,774,343,431
111000155,118,303,-185
111000156,468,735,-267
111000157,310,1243,-933
111000158,1082,1000,82
111000159,3235,865,2370
111000160,415,398,17
111000161,12,334,-322
111000162,78,297,-219
111000163,843,1485,-642
111000164,985,6145,-5160
111000165,1458,724,734
111000166,2988,600,2388
111000167,177,635,-458
111000168,285,674,-389
111000169,355,822,-467
111000170,587,672,-85
111000171,578,1042,-464
111000172,230,552,-322
111000173,485,989,-504
111000174,207,570,-363
111000175,62,471,-409
111000176,1430,233,1197
111000177,352,286,66
111000178,1449,428,1021
111000179,228,388,-160
111000180,248,787,-539
111000181,1231,398,833
111000182,281,274,7
111000183,1800,455,1345
111000184,599,341,258
111000185,858,716,142
111000186,1459,435,1024
111000187,150,271,-121
111000188,238,524,-286
111000189,1372,753,619
111000190,196,412,-216
111000191,214,513,-299
111000192,250,678,-428
111000193,375,429,-54
111000194,77,404,-327
111000195,282,408,-126
111000196,56,274,-218
111000197,561,275,286
111000198,1662,242,1420
111000199,204,239,-35
111000200,410,465,-55
111000201,560,402,158
111000202,233,387,-154
111000203,301,592,-291
111000204,403,1186,-783
111000213,231,600,-369
111000214,2200,1932,268
111000215,1174,1732,-558
111000217,1476,1473,3
111000218,1847,1650,197
111000219,487,272,215
111000220,2700,1894,806
111000221,992,140,852
111000224,0,230,-230
111000225,278,70,208
111000226,213,2,211
111000227,60,4,56
111000228,19,411,-392
111000229,46,974,-928
111000230,565,652,-87
111000231,904,1223,-319
111000232,1639,1222,417
111000233,813,1366,-553
111000234,139,567,-428
111000239,264,299,-35
111000240,50,318,-268
111000241,48,489,-441
111000242,194,89,105
111000243,506,895,-389
111000244,972,133,839
111000245,3523,748,2775
111000246,534,666,-132
111000247,249,1306,-1057
111000248,571,817,-246
111000249,577,994,-417
111000250,78,161,-83
111000251,90,154,-64
111000253,7,29,-22
111000255,41,22,19
111000257,31,36,-5
111000260,125,1482,-1357
111000261,1293,253,1040
111000271,55,366,-311
111000273,5631,2262,3369
111000274,1448,3695,-2247
111000275,300,124,176
111000276,332,2669,-2337
111000277,214,625,-411
111000278,722,449,273
111000291,968,6611,-5643
111000298,671,460,211
111000299,667,241,426
111000300,169,769,-600
111000302,269,180,89
111000303,78,314,-236
111000312,54,129,-75
111000315,0,52,-52
111000320,514,1044,-530
111000321,492,129,363
111000322,404,671,-267
111000323,182,34,148
111000324,451,339,112
111000325,55,112,-57
111000326,142,484,-342
111000327,1389,609,780
111000328,326,691,-365
111000329,6,62,-56
111000330,90,9,81
111000331,180,7,173
111000332,639,1786,-1147
111000334,543,1991,-1448
111000335,2372,392,1980
111000337,1060,657,403
111000338,156,187,-31
111000339,663,631,32
111000340,883,934,-51
111000341,1533,832,701
111000342,297,465,-168
111000344,1476,909,567
111000345,298,73,225
111000346,24,133,-109
111000347,152,13,139
111000350,626,147,479
111000351,207,324,-117
111000352,229,167,62
111000353,194,362,-168
111000354,1196,149,1047
111000355,624,867,-243
111000358,424,1616,-1192
111000360,180,1057,-877
111000361,125,468,-343
111000546,2252,993,1259
111000547,958,738,220
111000548,154,485,-331
111000549,368,573,-205
111000550,82,1193,-1111
111000551,909,217,692
111000552,2491,157,2334
111000907,585,9,576
111000908,24,0,24
111000916,1711,434,1277
111000917,109,546,-437
111000918,245,1199,-954
111000920,774,28,746
111000921,9,381,-372
111000922,716,496,220
111000924,90,1249,-1159
111000925,3628,2637,991
111000926,1414,2105,-691
111000927,3694,6292,-2598
111000928,5432,4329,1103
111000929,4521,1950,2571
111000930,1696,2944,-1248
111000931,2432,3236,-804
111000932,4912,3190,1722
111000933,4132,3178,954
111000934,2574,4363,-1789
111000935,1448,1855,-407
111000936,1084,2696,-1612
111000937,958,2675,-1717
111000938,1913,2236,-323
111000939,614,77,537
111000940,480,202,278
111000941,1021,714,307
111000943,417,599,-182
111000944,199,510,-311
111000945,128,2123,-1995
111001109,610,347,263
111001110,228,710,-482
111001111,82,12,70
111001112,287,114,173
111001113,1,208,-207
111001114,1272,77,1195
111001115,22,457,-435
111001116,6332,4762,1570
111001117,726,3149,-2423
111001120,87,415,-328
111001121,166,354,-188
111001122,92,407,-315
111001123,163,91,72
111900001,6,132,-126
111900002,19,1019,-1000
111900003,7,515,-508
111900004,99,192,-93
111900006,10,33,-23
111900007,105,8,97
111900008,173,5,168
111900009,187,296,-109
111900010,471,723,-252
111900012,68,164,-96
111900013,15,153,-138
111900014,7502,3570,3932
111900015,0,136,-136
111900016,3,169,-166
111900017,3,200,-197
111900018,285,4,281
111900019,8,217,-209
111900020,3,72,-69
111900021,39,139,-100
111900022,20,64,-44
111900023,154,137,17
111900024,1,106,-105
111900025,0,57,-57
111900026,0,186,-186
111900027,7,202,-195
111900028,1,475,-474
111900029,6,124,-118
111900030,66,524,-458
111900031,125,77,48
111900032,0,389,-389
111900033,15,161,-146
111900034,358,545,-187
111900035,287,274,13
111900036,1,325,-324
111900038,388,705,-317
111900039,83,535,-452
111900040,7,688,-681
111900042,79,163,-84
111900043,5,446,-441
111900044,412,301,111
111900046,80,220,-140
111900048,166,890,-724
111900049,51,320,-269
111900050,172,44,128
111900051,2,243,-241
111900052,461,659,-198
111900053,1740,1651,89
111900054,166,3,163
111900055,24,595,-571
111900056,466,345,121
111900057,207,56,151
111900058,409,803,-394
111900059,2373,692,1681
111900060,383,3,380
111900061,20,346,-326
111900062,71,92,-21
111900063,239,161,78
111900064,140,331,-191
111900065,84,45,39
111900066,165,199,-34
111900067,324,501,-177
111900068,53,73,-20
111900069,59,89,-30
111900070,149,194,-45
111900071,2,279,-277
111900072,69,29,40
111900073,665,145,520
111900074,21,239,-218
111900075,118,16,102
111900076,154,47,107
111900077,47,4,43
111900078,298,16,282
111900079,39,52,-13
111900080,306,264,42
111900081,708,319,389
111900082,118,35,83
111900083,125,33,92
111900084,116,11,105
111900085,55,123,-68
111900086,42,9,33
111900087,71,1,70
111900088,382,4,378
111900089,132,17,115
111900090,92,121,-29
111900091,248,3,245
111900092,101,2,99
111900093,337,8,329
111900094,123,0,123
111900095,263,64,199
111900096,148,4,144
111900097,55,1,54
111900098,213,2,211
111900099,130,1,129
111900100,352,16,336
111900101,97,19,78
111900102,827,689,138
111900103,90,89,1
111900104,204,120,84
111900105,499,454,45
111900106,2060,115,1945
111900107,115,227,-112
111900108,216,225,-9
111900109,761,491,270
111900110,2392,498,1894
111900111,401,200,201
111900112,833,3076,-2243
111900113,299,166,133
111900114,188,217,-29
111900115,18,64,-46
111900118,378,134,244
111900119,344,214,130
111900122,215,109,106
111900123,16,67,-51
111900124,58,117,-59
111900125,600,21,579
111900126,353,0,353
111900127,2,830,-828
111900128,10,604,-594
111900129,278,6,272
111900130,353,42,311
111900131,495,4,491
111900132,29,1376,-1347
111900133,7,513,-506
111900134,27,274,-247
111900135,22,41,-19
111900136,97,157,-60
111900137,76,118,-42
111900138,25,104,-79
111900139,17,119,-102
111900140,86,64,22
111900141,57,24,33
111900142,108,54,54
111900143,9,272,-263
111900144,0,88,-88
111900145,1,643,-642
111900146,7,298,-291
111900147,230,550,-320
111900148,33,814,-781
111900149,8,376,-368
111900150,7,237,-230
111900151,5,40,-35
111900152,94,80,14
111900153,2004,447,1557
111900154,15,248,-233
111900155,75,72,3
111900156,69,92,-23
111900157,95,27,68
111900158,583,31,552
111900159,277,19,258
111900160,271,3,268
111900161,159,6,153
111900162,81,221,-140
111900163,44,256,-212
111900164,146,110,36
111901113,552,243,309
111901114,1463,511,952
111901115,85,10,75
111901116,116,27,89
111901117,24,88,-64
111901118,108,1345,-1237
111901119,1105,259,846
111901120,136,383,-247
111901121,204,326,-122
111901122,6,622,-616
111901123,201,481,-280
111901124,135,0,135
111901125,314,181,133
111901126,135,77,58
111901127,996,528,468
111901128,20,108,-88
111901129,6,191,-185
111901130,17,245,-228
111901131,7,371,-364
111901132,123,13,110
111901133,54,7,47
111901134,126,9,117
111901135,30,11,19
111901136,40,49,-9
111901137,0,40,-40
111901138,276,77,199
111901139,39,38,1
111901140,12,146,-134
111901141,18,224,-206
111901142,4,129,-125
111901143,4,127,-123
111901144,34,42,-8
112000001,1884,1047,837
112000002,833,3416,-2583
112000003,1508,1420,88
112000004,946,1639,-693
112000005,3449,4315,-866
112000006,3073,3011,62
112000007,3003,2403,600
112000008,2698,4391,-1693
112000009,4888,4769,119
112000010,3073,3995,-922
112000011,2715,2889,-174
112000012,7349,4227,3122
112000013,8845,4739,4106
112000014,4801,1608,3193
112000015,7133,5184,1949
112000016,11705,1680,10025
112000017,5883,3449,2434
112000024,3335,1786,1549
112000026,5917,7261,-1344
112000027,960,712,248
112000028,2329,2175,154
112000029,563,980,-417
112000030,276,219,57
112000031,2191,5412,-3221
112000032,642,116,526
112000033,4126,1896,2230
112000034,439,169,270
112000035,519,473,46
112000036,1833,1323,510
112000037,5891,1070,4821
112000038,3297,1380,1917
112000039,54,100,-46
112000040,136,354,-218
112000041,699,743,-44
112000042,1682,624,1058
112000050,1421,2534,-1113
112000051,1238,1486,-248
112000054,2027,2410,-383
112000057,652,481,171
112000058,723,912,-189
112000059,913,1221,-308
112000061,3929,2548,1381
112000062,2147,973,1174
112000063,1524,2144,-620
112000064,4894,6397,-1503
112000065,2814,3060,-246
112000066,3704,1880,1824
112000067,973,921,52
112000068,3657,2671,986
112000069,1953,2590,-637
112000070,4726,1114,3612
112000071,1449,3734,-2285
112000072,3306,1367,1939
112000073,2973,3647,-674
112000074,2659,1700,959
112000075,1956,1751,205
112000076,5299,3914,1385
112000077,796,850,-54
112000078,2037,974,1063
112000079,2008,2036,-28
112000080,942,1223,-281
112000081,1928,3303,-1375
112000082,1657,1300,357
112000083,641,1852,-1211
112000084,1355,1474,-119
112000085,1710,1560,150
112000086,2640,2575,65
112000087,467,524,-57
112000088,698,1035,-337
112000089,599,541,58
112000090,486,474,12
112000091,625,1630,-1005
112000092,1848,1754,94
112000093,1866,1298,568
112000094,600,1163,-563
112000095,631,1280,-649
112000096,567,889,-322
112000097,1344,990,354
112000098,1532,1850,-318
112000099,828,2001,-1173
112000100,2356,1256,1100
112000101,886,1456,-570
112000102,1178,723,455
112000103,390,1776,-1386
112000105,593,2315,-1722
112000106,2628,508,2120
112000107,38,505,-467
112000108,633,2265,-1632
112000109,240,133,107
112000110,1980,866,1114
112000111,2459,5447,-2988
112000112,10039,1028,9011
112000113,1439,2602,-1163
112000114,6853,1592,5261
112000115,552,756,-204
112000116,1317,1737,-420
112000117,1262,1080,182
112000118,1503,1305,198
112000119,608,1162,-554
112000120,68,471,-403
112000121,135,778,-643
112000122,320,251,69
112000123,616,207,409
112000124,324,149,175
112000125,192,418,-226
112000126,266,718,-452
112000127,3886,2562,1324
112000128,1728,1076,652
112000129,158,185,-27
112000130,219,127,92
112000131,59,489,-430
112000132,200,349,-149
112000133,514,361,153
112000134,761,469,292
112000135,4465,1012,3453
112000136,3736,1921,1815
112000137,7208,2480,4728
112000138,9418,1866,7552
112000139,1121,697,424
112000140,1818,1293,525
112000141,939,407,532
112000142,192,914,-722
112000143,1170,351,819
112000144,392,1688,-1296
112000145,2401,840,1561
112000146,759,2478,-1719
112000147,3393,2224,1169
112000148,2204,2828,-624
112000149,748,911,-163
112000150,696,1156,-460
112000151,303,624,-321
112000152,391,798,-407
112000153,209,464,-255
112000154,178,542,-364
112000155,169,141,28
112000157,1176,837,339
112000158,409,819,-410
112000159,680,611,69
112000167,490,90,400
112000169,425,490,-65
112000173,907,335,572
112000175,1062,594,468
112000176,3997,2764,1233
112000177,724,249,475
112000178,136,717,-581
112000179,334,137,197
112000180,320,623,-303
112000181,1863,2812,-949
112000182,1168,2596,-1428
112000183,35,70,-35
112000184,377,657,-280
112000185,518,848,-330
112000187,7957,4998,2959
112000195,234,24,210
112000196,303,2,301
112000197,239,235,4
112000198,45,376,-331
112000199,214,1731,-1517
112000202,499,1,498
112000216,94,383,-289
112000230,102,6,96
112000231,7,316,-309
112000256,90,439,-349
112000313,129,388,-259
112000314,102,36,66
112000337,608,841,-233
112000352,623,488,135
112000392,1892,1795,97
112000398,1294,1264,30
112000399,2426,2634,-208
112000400,2154,5159,-3005
112000401,4367,3911,456
112000402,3599,3673,-74
112000403,3013,3725,-712
112000404,816,1068,-252
112000405,2087,4151,-2064
112000406,4363,3298,1065
112000407,7438,11667,-4229
112000408,10725,10938,-213
112000409,1922,7354,-5432
112000410,815,342,473
112000411,6410,2771,3639
112000412,2039,914,1125
112000413,12393,6180,6213
112000414,95,156,-61
112000415,137,69,68
112000416,2639,2194,445
112000417,237,85,152
112000421,66,229,-163
112000422,453,612,-159
112000424,3038,3576,-538
112000425,608,1112,-504
112000426,126,555,-429
112000427,1,23,-22
112000428,317,510,-193
112000429,2877,3657,-780
112000430,2723,3436,-713
112000431,77,220,-143
112000432,793,1782,-989
112000433,594,1118,-524
112000437,73,232,-159
112900001,45,2,43
112900002,393,1692,-1299
112900003,67,441,-374
112900004,57,425,-368
112900005,195,364,-169
112900006,9,532,-523
112900007,67,293,-226
112900008,3,30,-27
112900009,553,169,384
112900010,431,1235,-804
112900011,246,305,-59
112900012,0,64,-64
112900013,14,290,-276
112900014,6,642,-636
112900015,522,1120,-598
112900016,4,426,-422
112900017,59,261,-202
112900018,0,394,-394
112900019,76,320,-244
112900020,600,1678,-1078
112900021,11,328,-317
112900022,20,96,-76
112900023,3,258,-255
112900024,30,293,-263
112900025,106,313,-207
112900026,5,302,-297
112900027,13,1425,-1412
112900028,26,161,-135
112900029,14,840,-826
112900030,255,304,-49
112900031,11,801,-790
112900032,361,434,-73
112900034,8,97,-89
112900035,22,605,-583
112900036,223,196,27
112900037,167,325,-158
112900038,847,274,573
112900039,40,391,-351
112900040,9,551,-542
112900041,1302,1673,-371
112900042,101,473,-372
112900043,322,83,239
112900044,846,739,107
112900045,586,479,107
112900046,314,99,215
112900047,32,38,-6
112900049,254,138,116
112900050,67,817,-750
112900051,462,1028,-566
112900052,42,1497,-1455
112900053,1287,184,1103
112900054,266,51,215
112900055,217,49,168
112900056,457,304,153
112900057,18,896,-878
112900058,427,371,56
112900059,267,181,86
112900060,15,374,-359
112900061,137,171,-34
112900062,127,238,-111
112900063,125,12,113
112900064,261,321,-60
112900065,52,43,9
112900066,368,214,154
112900067,746,273,473
112900068,70,58,12
112900069,2568,1103,1465
112900071,32,8,24
112900072,263,2607,-2344
112900073,1180,111,1069
112900074,162,282,-120
112900075,1953,1021,932
112900076,113,43,70
112900078,289,722,-433
112900079,708,54,654
112900080,70,2,68
112900081,25,288,-263
112900082,619,38,581
112900083,160,87,73
112900084,261,193,68
112900085,0,26,-26
112900086,183,3,180
112900087,677,262,415
112900088,159,14,145
112900089,1073,33,1040
112900090,36,15,21
112900091,236,11,225
112900092,263,262,1
112900093,2986,58,2928
112900094,734,9,725
112900095,57,0,57
112900096,653,327,326
112900097,140,507,-367
112900098,344,5,339
112900099,822,24,798
112900100,58,0,58
112900101,981,9,972
112900102,434,10,424
112900103,431,12,419
112900104,32,2,30
112900105,25,0,25
112900106,499,302,197
112900107,3,0,3
112900108,23,0,23
112900109,104,1,103
112900110,1265,22,1243
112900111,1017,19,998
112900112,366,4,362
112900113,0,10,-10
112900114,136,208,-72
112900115,1097,4,1093
112900116,132,29,103
112900117,145,119,26
112900118,63,114,-51
112900119,221,5,216
112900120,1099,394,705
112900121,202,274,-72
112900122,96,160,-64
112900123,173,37,136
112900124,20,178,-158
112900125,128,722,-594
112900126,314,357,-43
112900127,407,119,288
112900128,626,1155,-529
112900129,7,1264,-1257
112900130,344,117,227
112900131,106,316,-210
112900132,501,556,-55
112900133,37,1490,-1453
112900134,0,404,-404
112900135,192,75,117
112900136,0,26,-26
112900137,6,599,-593
112900138,8,422,-414
112900139,424,1820,-1396
112900140,0,61,-61
112900141,976,86,890
112900142,155,160,-5
112900143,68,735,-667
112900144,0,307,-307
112900145,49,693,-644
112900146,8,1622,-1614
112900147,6,2759,-2753
112900148,89,2,87
112900149,400,659,-259
112900151,17,78,-61
112900152,4834,1404,3430
112900153,2660,2881,-221
112900154,1,192,-191
112900155,309,33,276
112900156,474,1828,-1354
112900157,241,8,233
112900158,52,65,-13
112900159,324,119,205
112900160,102,394,-292
112900161,149,62,87
112900162,50,30,20
112900163,149,51,98
112900164,40,410,-370
112900165,671,75,596
112900166,39,107,-68
112900167,33,62,-29
112900168,6,3,3
112900169,29,21,8
112900170,108,133,-25
112900172,74,9,65
112900173,329,139,190
112900174,394,56,338
112900175,204,186,18
112900176,7,46,-39
112900177,246,69,177
112900178,1172,4309,-3137
112900179,60,572,-512
112900180,3161,2244,917
112900181,592,8,584
112900182,65,1477,-1412
112900183,218,443,-225
112900184,542,521,21
112900185,481,852,-371
112900186,2117,1259,858
112900187,157,962,-805
112900188,1367,483,884
112900189,19,47,-28
112900190,9,76,-67
112900192,769,926,-157
112900193,1457,532,925
112900194,110,132,-22
112900195,1471,80,1391
112900196,409,496,-87
112900197,302,564,-262
112900199,667,812,-145
112900200,640,343,297
112900201,118,109,9
112900202,372,1231,-859
112900203,252,427,-175
112900204,1263,825,438
112900205,28,12,16
112900206,27,94,-67
112900207,12,0,12
112900208,96,327,-231
112900209,581,591,-10
112900210,5,48,-43
112900211,120,245,-125
112900212,3,138,-135
112900213,43,41,2
112900214,50,18,32
112900215,21,261,-240
112900216,84,109,-25
112900217,1,85,-84
112900218,125,22,103
112900219,154,27,127
112900220,21,0,21
112900221,31,175,-144
112900222,0,28,-28
112900223,1166,29,1137
112900224,362,752,-390
112900225,668,538,130
112900226,316,562,-246
112900227,512,1714,-1202
112900228,63,71,-8
112900229,189,86,103
112900230,9014,6531,2483
112900232,469,358,111
112900233,140,232,-92
112900234,11,190,-179
112900235,151,36,115
112900236,260,23,237
112900237,149,298,-149
112900238,13,101,-88
113000001,6297,6896,-599
113000002,4308,5416,-1108
113000003,2337,2236,101
113000004,2448,3198,-750
113000005,1823,1280,543
113000006,1349,1952,-603
113000007,2346,1639,707
113000008,2201,2258,-57
113000009,1215,1022,193
113000010,1986,1897,89
113000011,903,2093,-1190
113000012,2073,1188,885
113000013,2490,965,1525
113000014,2259,1818,441
113000015,1052,308,744
113000016,590,938,-348
113000017,179,577,-398
113000018,557,129,428
113000019,320,404,-84
113000020,734,66,668
113000021,1434,704,730
113000022,894,1695,-801
113000025,238,565,-327
113000026,657,744,-87
113000027,1006,748,258
113000028,1529,717,812
113000029,1001,738,263
113000030,609,845,-236
113000031,279,305,-26
113000032,383,341,42
113000033,347,451,-104
113000034,425,405,20
113000035,69,54,15
113000036,47,83,-36
113000037,87,60,27
113000038,43,95,-52
113000039,87,715,-628
113000040,83,97,-14
113000042,963,1034,-71
113000051,1111,3345,-2234
113000052,2179,1446,733
113000053,450,620,-170
113000054,362,1115,-753
113000055,1504,831,673
113000056,943,1315,-372
113000058,765,1199,-434
113000059,1275,1085,190
113000060,225,664,-439
113000061,561,1491,-930
113000062,1530,381,1149
113000063,146,174,-28
113000064,52,499,-447
113000065,224,1371,-1147
113000066,687,152,535
113000067,2010,2283,-273
113000068,426,2455,-2029
113000069,774,1802,-1028
113000070,3221,2044,1177
113000071,642,925,-283
113000072,689,857,-168
113000073,667,2293,-1626
113000074,1254,769,485
113000075,2256,1078,1178
113000076,999,2347,-1348
113000077,1616,677,939
113000078,1108,3345,-2237
113000079,1692,1108,584
113000080,1133,752,381
113000081,1935,1222,713
113000082,2552,1177,1375
113000083,836,1261,-425
113000084,2352,1726,626
113000085,1256,1254,2
113000086,2781,1955,826
113000087,2690,1275,1415
113000088,3373,1884,1489
113000089,1248,2180,-932
113000090,358,665,-307
113000091,672,467,205
113000094,1752,242,1510
113000095,334,983,-649
113000096,215,916,-701
113000097,1272,563,709
113000098,178,53,125
113000099,1588,517,1071
113000100,353,589,-236
113000101,357,740,-383
113000102,581,433,148
113000103,2638,915,1723
113000104,573,2495,-1922
113000105,1118,616,502
113000106,502,959,-457
113000107,911,908,3
113000108,1006,1842,-836
113000109,696,3107,-2411
113000110,2352,621,1731
113000111,167,732,-565
113000112,429,428,1
113000113,2596,422,2174
113000114,420,2288,-1868
113000116,1176,436,740
113000117,1292,185,1107
113000118,177,1068,-891
113000119,577,510,67
113000120,188,408,-220
113000121,1604,1353,251
113000124,468,201,267
113000125,54,895,-841
113000127,4061,509,3552
113000128,557,728,-171
113000129,731,1203,-472
113000133,3393,2426,967
113000134,17,1441,-1424
113000135,4093,5631,-1538
113000137,2701,3546,-845
113000139,470,294,176
113000140,213,356,-143
113000141,706,284,422
113000142,1194,1514,-320
113000143,350,210,140
113000144,393,796,-403
113000145,93,260,-167
113000146,147,114,33
113000147,237,189,48
113000148,196,176,20
113000149,114,190,-76
113000150,702,419,283
113000151,99,78,21
113000152,33,168,-135
113000153,1701,742,959
113000154,1002,2075,-1073
113000155,537,772,-235
113000156,216,556,-340
113000157,418,1178,-760
113000158,882,371,511
113000159,1145,1003,142
113000160,746,1334,-588
113000161,275,622,-347
113000162,858,722,136
113000163,470,68,402
113000164,27,141,-114
113000166,173,170,3
113000167,74,196,-122
113000168,107,205,-98
113000169,152,145,7
113000170,80,162,-82
113000171,71,111,-40
113000172,260,121,139
113000173,75,23,52
113000174,127,575,-448
113000175,396,160,236
113000176,543,239,304
113000177,226,583,-357
113000178,239,536,-297
113000179,267,301,-34
113000180,881,1629,-748
113000181,1394,1239,155
113000182,247,605,-358
113000183,257,740,-483
113000184,38,141,-103
113000189,498,1036,-538
113000190,1257,675,582
113000192,1994,2552,-558
113000193,5197,1419,3778
113000194,3122,1601,1521
113000195,3892,1074,2818
113000196,279,127,152
113000197,5377,1503,3874
113000198,102,558,-456
113000199,2469,550,1919
113000201,514,362,152
113000202,5170,2281,2889
113000203,335,255,80
113000204,2150,2563,-413
113000205,21,33,-12
113000206,10,63,-53
113000207,74,19,55
113000208,54,87,-33
113000209,23,47,-24
113000210,9,37,-28
113000211,143,201,-58
113000212,110,21,89
113000213,54,142,-88
113000214,168,272,-104
113000234,191,1200,-1009
113000410,424,392,32
113000411,4232,5642,-1410
113000412,9008,3043,5965
113000413,3665,3317,348
113000414,9407,20632,-11225
113000415,3153,4324,-1171
113000416,12117,6293,5824
113000417,3723,4100,-377
113000418,6378,4107,2271
113000419,2398,2788,-390
113000420,5258,6822,-1564
113000421,4984,7930,-2946
113000422,16361,12429,3932
113000423,2655,5855,-3200
113000424,4185,10073,-5888
113000425,13,107,-94
113000428,331,82,249
113000430,125,497,-372
113000432,2489,277,2212
113000433,210,1401,-1191
113000434,34,177,-143
113000435,65,1061,-996
113000436,42,1933,-1891
113000437,1155,24,1131
113000438,263,9,254
113000439,38,134,-96
113000440,100,21,79
113000441,137,286,-149
113000442,96,249,-153
113000443,196,380,-184
113000444,140,297,-157
113000445,80,140,-60
113000446,24,87,-63
113000448,162,210,-48
113000449,371,862,-491
113000450,739,3068,-2329
113000451,1337,225,1112
113000452,496,553,-57
113000453,55,368,-313
113000454,1735,49,1686
113000455,8,289,-281
113000456,5640,3213,2427
113000468,2330,408,1922
113000469,208,205,3
113000470,493,41,452
113000471,11,420,-409
113000472,103,453,-350
113000474,564,736,-172
113000475,1964,2358,-394
113000476,1467,2465,-998
113000477,3765,2738,1027
113000478,6311,7078,-767
113000479,100,305,-205
113000480,94,153,-59
113000481,0,0,0
113000483,0,1,-1
113000485,2,0,2
113000486,0,0,0
113000487,0,2,-2
113000488,0,1,-1
113000489,0,4,-4
113000490,0,19,-19
113000491,15,23,-8
113000492,4,6,-2
113000493,0,0,0
113000495,161,162,-1
113000496,47,106,-59
113000497,0,0,0
113000500,0,10,-10
113900001,3,282,-279
113900002,2,206,-204
113900003,1,172,-171
113900004,4,68,-64
113900005,2,106,-104
113900006,2,28,-26
113900007,168,20,148
113900008,116,1,115
113900009,282,0,282
113900010,208,3,205
113900011,135,0,135
113900012,44,1,43
113900013,614,6,608
113900014,727,4,723
113900015,0,53,-53
113900016,27,0,27
113900017,2,44,-42
113900018,583,326,257
113900019,175,107,68
113900020,201,3,198
113900022,15,0,15
113900023,31,0,31
113900024,156,82,74
113900025,381,43,338
113900026,80,0,80
113900027,2,45,-43
113900028,24,599,-575
113900029,55,253,-198
113900030,276,4,272
113900031,9,0,9
113900032,18,0,18
113900033,70,108,-38
113900035,66,0,66
113900036,26,103,-77
113900037,215,553,-338
113900038,34,165,-131
113900039,168,14,154
113900040,13,14,-1
113900041,5,5,0
113900042,70,60,10
113900043,206,214,-8
113900044,462,365,97
113900045,102,6,96
113900046,533,660,-127
113900047,44,65,-21
113900048,331,133,198
113900049,963,435,528
113900050,251,510,-259
113900051,294,553,-259
113900052,233,235,-2
113900053,897,715,182
113900054,23,7,16
113900055,114,515,-401
113900056,48,88,-40
113900057,17,112,-95
113900058,94,199,-105
113900059,289,474,-185
113900060,451,292,159
113900061,1508,347,1161
113900062,70,20,50
113900063,68,89,-21
113900064,28,153,-125
113900065,663,31,632
113900066,378,440,-62
113900067,285,328,-43
113900068,490,485,5
113900069,52,44,8
113900070,228,629,-401
113900071,37,30,7
113900072,81,226,-145
113900073,284,546,-262
113900074,102,373,-271
113900075,1381,1261,120
113900076,234,16,218
113900077,106,193,-87
113900078,22,29,-7
113900079,4,49,-45
113900080,727,329,398
113900081,116,265,-149
113900082,118,338,-220
113900083,309,652,-343
113900084,304,140,164
113900085,73,292,-219
113900086,6,4,2
113900087,126,290,-164
113900088,48,152,-104
113900089,496,46,450
113900090,764,549,215
113900091,51,24,27
113900092,108,113,-5
113900093,104,942,-838
113900094,545,717,-172
113900095,135,144,-9
113900096,271,115,156
113900097,190,149,41
113900098,664,100,564
113900099,3,55,-52
113900100,0,7,-7
113900101,43,105,-62
113900102,148,192,-44
113900103,362,461,-99
113900104,135,237,-102
113900105,98,357,-259
113900106,2,95,-93
113900107,1,46,-45
113900108,294,381,-87
113900109,423,194,229
113900110,93,13,80
113900111,146,137,9
113900112,191,128,63
113900113,1961,708,1253
113900114,3,110,-107
113900115,1,144,-143
113900116,147,229,-82
113900117,150,37,113
113900118,268,387,-119
113900119,221,511,-290
113900120,59,57,2
113900121,75,148,-73
113900122,445,1967,-1522
113900123,542,262,280
113900124,6,123,-117
113900125,1257,171,1086
113900126,380,69,311
113900127,450,873,-423
113900128,112,104,8
113900129,8,125,-117
113900130,25,54,-29
113900131,278,106,172
113900132,43,59,-16
113900133,38,69,-31
113900135,292,461,-169
113900136,145,88,57
113900137,327,298,29
113900138,98,203,-105
113900139,525,181,344
113900140,351,424,-73
113900141,667,451,216
113900142,122,90,32
113900143,12,63,-51
113900144,484,282,202
113900145,388,277,111
113900146,198,88,110
113900148,187,371,-184
113900149,184,85,99
113900150,874,689,185
113900151,450,295,155
113900152,47,71,-24
113900153,305,772,-467
113900154,4,181,-177
113900155,306,253,53
113900156,237,624,-387
113900157,74,374,-300
113900158,726,616,110
113900159,67,294,-227
113900160,1873,781,1092
113900161,231,241,-10
113900162,980,1157,-177
113900163,285,329,-44
113900164,313,77,236
113900165,1645,661,984
113900166,439,256,183
113900167,224,44,180
113900168,164,158,6
113900169,384,573,-189
113900171,267,105,162
113900172,14,265,-251
113900173,90,699,-609
113900174,625,938,-313
113900175,408,185,223
113900176,626,979,-353
113900177,445,270,175
113900178,1212,191,1021
113900179,14,594,-580
113900180,218,130,88
113900181,590,191,399
113900182,1254,1794,-540
113900183,65,99,-34
113900184,18,818,-800
113900185,182,106,76
113900186,77,61,16
113900187,41,169,-128
113900188,84,248,-164
113900189,347,176,171
113900190,264,120,144
113900191,143,373,-230
113900192,2,633,-631
113900193,36,334,-298
113900194,2039,1428,611
113900195,330,519,-189
113900196,28,205,-177
113900197,2,218,-216
113900198,46,286,-240
113900199,301,899,-598
113900200,19,403,-384
113900201,0,171,-171
113900202,38,344,-306
113900203,0,144,-144
113900204,61,630,-569
113900205,13,191,-178
113900206,5,240,-235
113900207,3,97,-94
113900208,3,90,-87
113900209,0,106,-106
113900210,774,1092,-318
113900211,307,106,201
113900212,247,633,-386
113900214,525,468,57
113900215,56,198,-142
113900216,102,1283,-1181
113900217,69,322,-253
113900218,263,74,189
113900219,110,472,-362
113900220,150,137,13
113900221,495,325,170
113900222,387,955,-568
113900223,190,1463,-1273
113900224,97,106,-9
113900225,705,350,355
113900226,352,156,196
113900227,1065,321,744
113900228,385,572,-187
113900229,79,1084,-1005
113900230,5772,3822,1950
113900231,292,275,17
113900232,112,107,5
113900233,158,110,48
113900234,380,666,-286
113900235,91,28,63
113900236,89,409,-320
113900237,230,35,195
113900238,239,618,-379
113900239,55,126,-71
113900240,9,172,-163
113900241,126,63,63
113900242,50,120,-70
113900243,161,520,-359
113900244,404,220,184
113900245,1401,378,1023
113900246,25,10,15
113900247,170,468,-298
113900248,3409,2393,1016
113900249,1085,433,652
113900250,61,133,-72
113900251,688,284,404
113900252,557,28,529
113900253,701,80,621
113900254,1014,196,818
113900255,432,39,393
113900256,357,35,322
113900257,39,704,-665
113900258,10,569,-559
113900259,527,290,237
113900260,141,5,136
113900261,70,104,-34
113900262,166,742,-576
113900263,261,882,-621
113900264,12,533,-521
113900265,436,430,6
113900266,19,227,-208
113900267,116,627,-511
113900268,395,593,-198
113900269,105,206,-101
113900270,534,971,-437
113900271,840,1890,-1050
113900273,104,26,78
113900274,65,54,11
113900275,62,101,-39
113900276,2,179,-177
113900277,159,6,153
113900278,387,241,146
113900279,134,140,-6
113900280,1825,700,1125
113900281,909,1631,-722
113900282,1009,727,282
113900283,501,746,-245
113900284,1057,167,890
113900285,272,63,209
113900286,130,171,-41
113900287,65,84,-19
113900288,4,247,-243
113900289,1393,122,1271
113900290,445,226,219
113900291,170,279,-109
113900292,21,7,14
113900293,12,455,-443
113900294,429,29,400
113900295,539,439,100
113900296,2628,544,2084
113900297,3957,76,3881
113900298,24,2127,-2103
113900299,67,157,-90
113900300,6224,4671,1553
113900301,782,274,508
113900302,3449,1075,2374
113900303,784,622,162
113900304,4,188,-184
113900305,78,1,77
113900306,28,0,28
113900307,127,0,127
113900308,138,176,-38
113900309,3,1206,-1203
113900310,0,13,-13
113900311,5,0,5
113900312,218,251,-33
113900313,13,16,-3
114000001,1190,3696,-2506
114000002,310,490,-180
114000003,49,481,-432
114000004,482,599,-117
114000005,314,493,-179
114000006,3169,3360,-191
114000007,837,1801,-964
114000008,1711,2408,-697
114000009,722,407,315
114000011,2877,3543,-666
114000012,3458,2703,755
114000013,2121,2263,-142
114000014,622,554,68
114000015,3078,659,2419
114000016,300,369,-69
114000017,129,384,-255
114000018,339,92,247
114000026,1825,1687,138
114000027,3081,2641,440
114000028,3391,3344,47
114000038,315,268,47
114000039,97,65,32
114000040,103,369,-266
114000042,180,263,-83
114000043,75,198,-123
114000044,156,50,106
114000045,88,134,-46
114000046,6359,6662,-303
114000047,35,122,-87
114000048,115,65,50
114000049,1932,2619,-687
114000050,1839,3892,-2053
114000051,3450,2932,518
114000052,7112,1855,5257
114000053,244,657,-413
114000054,303,1137,-834
114000055,892,66,826
114000056,1367,1064,303
114000057,7934,2939,4995
114000058,745,1564,-819
114000059,408,354,54
114000060,829,1182,-353
114000061,4869,3196,1673
114000062,3081,2037,1044
114000063,3400,2241,1159
114000064,7879,4684,3195
114000065,2520,3235,-715
114000066,870,747,123
114000067,45,799,-754
114000068,553,1111,-558
114000069,1150,1219,-69
114000070,2646,2379,267
114000071,813,930,-117
114000072,1347,494,853
114000073,20,90,-70
114000074,48,48,0
114000075,30,222,-192
114000076,14,156,-142
114000077,20,66,-46
114000078,1232,1211,21
114000079,244,74,170
114000080,174,110,64
114000081,125,113,12
114000082,55,633,-578
114000083,125,471,-346
114000084,522,111,411
114000085,151,929,-778
114000086,452,563,-111
114000087,195,265,-70
114000088,65,58,7
114000089,1398,547,851
114000090,1147,1396,-249
114000091,1979,1518,461
114000092,1199,1034,165
114000093,1711,1570,141
114000094,419,504,-85
114000095,305,170,135
114000096,275,532,-257
114000097,178,915,-737
114000098,431,108,323
114000099,712,851,-139
114000100,1411,1017,394
114000101,522,1222,-700
114000102,861,521,340
114000103,311,492,-181
114000104,446,403,43
114000105,449,175,274
114000106,1222,1108,114
114000107,625,174,451
114000108,1932,1487,445
114000109,449,1452,-1003
114000110,778,1978,-1200
114000111,1890,1818,72
114000112,822,2443,-1621
114000113,1876,933,943
114000114,1713,1687,26
114000115,2723,1322,1401
114000116,1479,980,499
114000117,2738,664,2074
114000118,2420,759,1661
114000119,1773,636,1137
114000120,611,1412,-801
114000121,415,952,-537
114000122,472,411,61
114000123,2029,799,1230
114000124,846,480,366
114000125,1164,1906,-742
114000126,6612,452,6160
114000127,602,296,306
114000128,1063,607,456
114000130,747,794,-47
114000131,427,287,140
114000132,783,875,-92
114000133,1343,2077,-734
114000134,82,217,-135
114000138,72,288,-216
114000139,549,305,244
114000144,1036,621,415
114000145,114,307,-193
114000146,139,414,-275
114000147,1421,1903,-482
114000148,2527,2457,70
114000149,570,545,25
114000150,815,960,-145
114000151,1063,1292,-229
114000152,230,48,182
114000153,992,2791,-1799
114000154,1004,1049,-45
114000155,3997,2702,1295
114000156,1283,928,355
114000157,524,1230,-706
114000158,1945,1201,744
114000159,208,688,-480
114000160,120,482,-362
114000161,1480,3413,-1933
114000162,1117,2845,-1728
114000163,16,149,-133
114000165,672,285,387
114000166,1222,701,521
114000167,4559,2147,2412
114000168,1034,965,69
114000169,1889,1449,440
114000170,1716,1194,522
114000171,1433,2246,-813
114000174,276,736,-460
114000176,716,674,42
114000177,2683,1262,1421
114000178,128,70,58
114000179,1316,990,326
114000180,689,1130,-441
114000181,2156,4357,-2201
114000182,6087,3125,2962
114000183,1385,1257,128
114000184,961,1560,-599
114000185,1815,1401,414
114000189,938,154,784
114000190,2765,334,2431
114000191,37,81,-44
114000192,505,2058,-1553
114000193,1099,3941,-2842
114000194,1369,1631,-262
114000195,195,53,142
114000196,4,395,-391
114000197,1315,31,1284
114000198,1019,474,545
114000199,2531,2073,458
114000200,684,2282,-1598
114000201,163,1105,-942
114000202,2714,779,1935
114000203,567,1019,-452
114000204,250,563,-313
114000205,497,1899,-1402
114000206,797,1650,-853
114000207,825,2672,-1847
114000208,545,3792,-3247
114000209,734,3075,-2341
114000210,330,1768,-1438
114000211,1196,3655,-2459
114000212,949,1012,-63
114000213,1759,814,945
114000214,95,297,-202
114000215,213,101,112
114000216,2858,942,1916
114000217,227,516,-289
114000218,141,371,-230
114000219,1347,423,924
114000220,31,1143,-1112
114000221,1009,270,739
114000222,235,1344,-1109
114000223,513,156,357
114000224,136,832,-696
114000225,273,853,-580
114000226,168,266,-98
114000227,1243,700,543
114000228,1013,1102,-89
114000229,1261,1736,-475
114000230,2566,1701,865
114000231,1187,1605,-418
114000232,676,143,533
114000233,2369,186,2183
114000234,1345,1446,-101
114000235,1312,2043,-731
114000236,1,592,-591
114000237,121,1253,-1132
114000238,511,237,274
114000239,484,1557,-1073
114000240,1278,999,279
114000241,383,1178,-795
114000242,1193,1057,136
114000243,2726,1092,1634
114000244,2496,583,1913
114000245,559,784,-225
114000246,253,60,193
114000247,3321,922,2399
114000248,2790,738,2052
114000249,535,950,-415
114000250,583,1126,-543
114000251,401,339,62
114000252,81,111,-30
114000253,215,249,-34
114000254,61,121,-60
114000255,796,356,440
114000256,2067,1984,83
114000257,604,1789,-1185
114000258,1233,708,525
114000259,837,320,517
114000260,0,47,-47
114000261,61,67,-6
114000262,943,194,749
114000263,26,6,20
114000264,1595,805,790
114000265,0,10,-10
114000267,9,4458,-4449
114000268,10,2183,-2173
114000270,169,7,162
114000271,1148,171,977
114000283,2211,712,1499
114000285,37,343,-306
114000288,77,365,-288
114000289,1209,327,882
114000293,232,602,-370
114000294,218,449,-231
114000395,3475,78,3397
114000396,530,588,-58
114000402,467,410,57
114000403,300,521,-221
114000405,165,728,-563
114000423,358,594,-236
114000424,661,260,401
114000425,673,656,17
114000426,319,1268,-949
114000427,70,116,-46
114000428,255,171,84
114000429,13,290,-277
114000432,122,143,-21
114000434,43,174,-131
114000435,10,352,-342
114000436,4026,1386,2640
114000437,314,2268,-1954
114900001,860,1491,-631
114900002,2885,205,2680
114900003,626,2195,-1569
114900004,409,536,-127
114900005,673,1278,-605
114900006,322,119,203
114900007,495,27,468
114900008,211,215,-4
114900010,3150,2130,1020
114900011,241,296,-55
114900013,259,255,4
114900015,69,627,-558
114900018,1131,26,1105
114900020,215,123,92
114900022,60,819,-759
114900024,297,304,-7
114900025,719,317,402
114900026,69,210,-141
114900027,320,326,-6
114900029,14,33,-19
114900030,372,376,-4
114900031,269,31,238
114900032,420,61,359
114900033,1512,730,782
114900034,77,289,-212
114900035,221,420,-199
114900036,268,921,-653
114900037,144,265,-121
114900038,214,875,-661
114900039,624,684,-60
114900040,116,238,-122
114900041,695,661,34
114900042,681,962,-281
114900043,700,344,356
114900044,366,66,300
114900046,83,181,-98
114900047,239,1792,-1553
114900048,134,329,-195
114900049,5,232,-227
114900050,53,593,-540
114900051,25,474,-449
114900052,426,298,128
114900053,489,323,166
114900054,95,232,-137
114900057,274,9,265
114900058,0,117,-117
114900059,76,82,-6
114900060,1504,969,535
114900061,129,242,-113
114900062,339,453,-114
114900063,71,293,-222
114900064,1166,710,456
114900065,451,776,-325
114900067,447,578,-131
114900068,95,186,-91
114900069,221,193,28
114900070,566,614,-48
114900072,6,491,-485
114900073,1,408,-407
114900074,603,894,-291
114900075,342,14,328
114900076,19,615,-596
114900080,2429,587,1842
114900082,4764,2003,2761
114900083,2539,1440,1099
114900090,409,392,17
114900091,172,260,-88
114900095,456,158,298
114900096,556,960,-404
114900097,97,0,97
114900098,5,253,-248
114900099,346,17,329
115000001,7689,5808,1881
115000002,3688,4571,-883
115000003,6202,4726,1476
115000004,4014,7843,-3829
115000005,2298,3044,-746
115000006,1056,2167,-1111
115000007,98,254,-156
115000008,653,609,44
115000009,185,333,-148
115000010,359,228,131
115000013,106,233,-127
115000015,89,342,-253
115000016,311,440,-129
115000019,160,719,-559
115000020,218,928,-710
115000021,358,654,-296
115000022,731,533,198
115000023,436,655,-219
115000024,1502,673,829
115000025,990,896,94
115000026,185,587,-402
115000027,284,392,-108
115000028,307,1283,-976
115000029,555,179,376
115000030,1290,1378,-88
115000031,1364,623,741
115000032,8,255,-247
115000033,336,54,282
115000034,143,1430,-1287
115000035,1679,88,1591
115000036,0,615,-615
115000037,859,11,848
115000038,59,205,-146
115000039,4634,4058,576
115000040,10551,4200,6351
115000041,2409,4135,-1726
115000042,2350,988,1362
115000043,4151,2433,1718
115000044,4572,5105,-533
115000045,3251,2681,570
115000046,2291,2943,-652
115000047,2136,2094,42
115000048,1619,3564,-1945
115000049,2080,4749,-2669
115000050,3605,3255,350
115000051,1958,3940,-1982
115000052,2831,2239,592
115000053,2014,2079,-65
115000054,795,1622,-827
115000055,201,599,-398
115000056,265,753,-488
115000057,856,942,-86
115000058,656,292,364
115000059,376,209,167
115000061,386,180,206
115000062,257,434,-177
115000063,402,554,-152
115000064,355,176,179
115000065,37,507,-470
115000067,328,25,303
115000069,90,385,-295
115000070,39,1337,-1298
115000071,172,24,148
115000072,16,156,-140
115000073,1561,78,1483
115000075,83,84,-1
115000076,5344,4088,1256
115000077,3847,3474,373
115000078,1531,2093,-562
115000079,3248,2798,450
115000080,4193,3528,665
115000081,519,1433,-914
115000082,4159,4536,-377
115000083,2543,3454,-911
115000084,2194,1548,646
115000085,893,1466,-573
115000086,1162,1236,-74
115000087,539,1913,-1374
115000088,1880,932,948
115000089,1751,1661,90
115000090,646,1265,-619
115000091,356,1253,-897
115000092,444,362,82
115000093,466,6,460
115000094,8997,6629,2368
115000095,6324,7233,-909
115000096,639,2303,-1664
115000097,992,1183,-191
115000098,1158,1160,-2
115000099,2718,3947,-1229
115000100,978,553,425
115000101,519,2205,-1686
115000102,432,396,36
115000103,399,937,-538
115000105,65,242,-177
115000106,590,380,210
115000107,271,783,-512
115000108,4237,3225,1012
115000109,5888,4885,1003
115000110,1908,1680,228
115000111,1004,2735,-1731
115000112,821,844,-23
115000113,873,1351,-478
115000114,3601,1131,2470
115000116,6191,3185,3006
115000117,6197,4842,1355
115000118,3534,2435,1099
115000119,3228,3621,-393
115000120,776,1417,-641
115000121,2049,1432,617
115000122,6186,2930,3256
115000123,2443,2860,-417
115000124,1543,1191,352
115000125,736,749,-13
115000126,204,329,-125
115000127,430,188,242
115000128,749,922,-173
115000129,370,456,-86
115000130,462,1240,-778
115000131,879,426,453
115000132,409,551,-142
115000133,882,451,431
115000134,1228,392,836
115000135,1309,328,981
115000136,559,323,236
115000137,232,238,-6
115000138,312,387,-75
115000139,265,326,-61
115000140,327,315,12
115000141,235,382,-147
115000142,242,331,-89
115000143,713,731,-18
115000144,599,86,513
115000145,288,488,-200
115000146,1654,467,1187
115000147,1164,668,496
115000148,304,1543,-1239
115000149,582,370,212
115000150,732,1499,-767
115000151,1086,1129,-43
115000152,843,1790,-947
115000153,1277,1516,-239
115000154,772,669,103
115000155,650,1273,-623
115000156,1257,1041,216
115000157,924,1046,-122
115000158,949,491,458
115000159,959,729,230
115000160,1042,856,186
115000161,598,746,-148
115000162,909,988,-79
115000163,809,799,10
115000164,902,653,249
115000165,511,585,-74
115000167,235,119,116
115000168,911,480,431
115000169,838,429,409
115000170,473,169,304
115000171,355,309,46
115000172,1887,907,980
115000173,528,573,-45
115000174,503,493,10
115000175,424,251,173
115000176,265,166,99
115000177,249,195,54
115000178,35,324,-289
115000179,76,60,16
115000180,145,871,-726
115000181,650,256,394
115000182,1058,446,612
115000183,369,1205,-836
115000186,796,351,445
115000187,255,1119,-864
115000188,481,652,-171
115000189,288,564,-276
115000190,859,524,335
115000191,404,723,-319
115000194,234,356,-122
115000195,475,399,76
115000196,668,154,514
115000197,1017,383,634
115000198,390,266,124
115000199,445,233,212
115000200,663,153,510
115000201,268,534,-266
115000206,917,120,797
115000207,136,437,-301
115000208,675,892,-217
115000209,1848,562,1286
115000210,240,251,-11
115000211,415,339,76
115000212,1736,370,1366
115000218,116,122,-6
115000219,42,77,-35
115000224,507,68,439
115000225,63,108,-45
115000229,271,203,68
115000230,158,548,-390
115000231,324,2193,-1869
115000232,1599,394,1205
115000233,246,301,-55
115000234,28,384,-356
115000241,86,380,-294
115000242,100,501,-401
115000243,56,320,-264
115000244,11,137,-126
115000246,39,21,18
115000247,108,16,92
115000248,23,35,-12
115000249,77,40,37
115000250,322,56,266
115000251,263,245,18
115000252,153,389,-236
115000253,34,577,-543
115000258,320,392,-72
115000259,527,262,265
115000261,8,60,-52
115000262,22,21,1
115000263,10,41,-31
115000264,20,52,-32
115000267,81,95,-14
115000268,40,127,-87
115000269,166,79,87
115000270,138,31,107
115000272,108,199,-91
115000273,593,61,532
115000274,295,271,24
115000280,1911,199,1712
115000281,471,689,-218
115000282,1752,1008,744
115000284,333,212,121
115000296,1542,9,1533
115000297,266,144,122
115000298,125,473,-348
115000300,291,229,62
115000302,755,247,508
115000303,833,245,588
115000304,866,144,722
115000305,135,1167,-1032
115000306,273,565,-292
115000307,243,210,33
115000308,33,17,16
115000309,6,4,2
115000310,1107,1416,-309
115000311,831,1583,-752
115000313,131,914,-783
115000314,494,199,295
115000315,1022,499,523
115000316,98,180,-82
115000317,306,666,-360
115000318,912,546,366
115000319,79,389,-310
115000320,26,400,-374
115000321,468,31,437
115000322,43,257,-214
115000449,384,181,203
115000557,64,1125,-1061
115000558,539,119,420
115000587,486,835,-349
115000588,2841,3743,-902
115000589,4196,2863,1333
115000590,1579,1707,-128
115000591,2601,890,1711
115000592,838,2094,-1256
115000593,1757,756,1001
115000594,1256,2290,-1034
115000609,122,240,-118
115000617,2538,3930,-1392
115000624,223,48,175
115000633,618,3056,-2438
115000634,3413,1095,2318
115000635,596,175,421
115000638,1099,984,115
115000641,62,172,-110
115000642,530,583,-53
115000643,121,794,-673
115000644,175,791,-616
115000646,1172,2022,-850
115000647,239,653,-414
115000648,1818,2779,-961
115000893,3645,1415,2230
115000894,196,1510,-1314
115000895,475,948,-473
115000896,1372,373,999
115000897,737,194,543
115000898,1129,313,816
115000899,748,1225,-477
115000900,223,468,-245
115000901,117,234,-117
115000912,455,175,280
115000913,6,25,-19
115000915,23,0,23
115000916,3,0,3
115000917,0,10,-10
115000918,107,882,-775
115000919,18,18,0
115000920,44,72,-28
115000921,1179,160,1019
115000922,1224,677,547
115000923,541,857,-316
115000925,108,115,-7
115000927,20,71,-51
115000933,207,204,3
115000934,20,53,-33
115000935,19,16,3
115900001,82,57,25
115900002,81,194,-113
115900003,286,194,92
115900004,3,72,-69
115900005,179,25,154
115900006,181,375,-194
115900008,46,16,30
115900009,85,349,-264
115900010,336,198,138
115900011,853,350,503
115900012,145,82,63
115900013,514,204,310
115900014,137,209,-72
115900015,232,88,144
115900016,162,40,122
115900017,19,4,15
115900018,199,93,106
115900019,1136,31,1105
115900020,84,0,84
115900021,2252,437,1815
115900022,1248,14,1234
115900023,33,2,31
115900025,84,251,-167
115900026,1167,445,722
115900027,0,425,-425
115900028,1172,106,1066
115900029,50,625,-575
115900030,36,41,-5
115900031,364,408,-44
115900032,604,987,-383
115900033,0,79,-79
115900034,31,628,-597
115900035,38,50,-12
115900036,84,784,-700
115900037,83,651,-568
115900038,57,14,43
115900039,198,302,-104
115900041,676,720,-44
115900042,32,4,28
115900043,98,102,-4
115900044,594,365,229
115900046,271,459,-188
115900047,222,120,102
115900049,175,391,-216
115900051,2,48,-46
115900052,17,285,-268
115900053,271,342,-71
115900054,211,123,88
115900055,20,174,-154
115900056,316,489,-173
115900057,54,13,41
115900058,56,68,-12
115900060,194,264,-70
115900061,239,2,237
115900062,59,446,-387
115900063,91,19,72
115900064,182,262,-80
115900065,138,263,-125
115900066,245,230,15
115900067,16,828,-812
115900068,4082,1294,2788
115900069,186,198,-12
115900070,200,327,-127
115900071,2,662,-660
115900072,80,270,-190
115900073,90,74,16
115900074,1,350,-349
115900075,66,317,-251
115900076,18,87,-69
115900077,7,370,-363
115900078,383,202,181
115900079,227,38,189
115900080,675,388,287
115900081,15,77,-62
115900082,269,307,-38
115900084,400,46,354
115900085,87,59,28
115900086,2192,868,1324
115900088,8,49,-41
115900089,296,886,-590
115900090,320,34,286
115900091,36,56,-20
115900092,46,271,-225
115900093,6,19,-13
115900094,5,493,-488
115900096,6,18,-12
115900097,23,503,-480
115900098,102,501,-399
115900099,523,97,426
115900100,20,747,-727
115900101,102,421,-319
115900102,123,106,17
115900103,340,233,107
115900104,151,143,8
115900105,271,846,-575
115900106,83,50,33
115900107,247,248,-1
115900108,100,121,-21
115900109,70,616,-546
115900110,1,44,-43
115900111,3,108,-105
115900112,65,1357,-1292
115900113,53,87,-34
115900114,3,226,-223
115900115,103,369,-266
115900116,124,1231,-1107
115900117,49,32,17
115900118,5,375,-370
115900119,136,256,-120
115900120,52,451,-399
115900121,157,512,-355
115900124,859,904,-45
115900125,301,101,200
115900126,610,108,502
115900127,777,86,691
115900128,17,264,-247
115900129,1042,102,940
115900130,39,277,-238
115900131,1529,37,1492
115900132,749,21,728
115900134,373,19,354
115900135,514,1208,-694
115900137,23,1,22
115900139,178,124,54
115900140,249,57,192
115900141,30,125,-95
115900142,19,48,-29
115900143,312,404,-92
115900144,97,314,-217
115900146,35,211,-176
115900147,373,325,48
115900148,50,19,31
115900149,79,25,54
115900150,113,70,43
115900151,24,121,-97
115900152,132,415,-283
115900153,158,312,-154
115900154,637,454,183
115900155,1,83,-82
115900156,733,1345,-612
115900157,169,704,-535
115900158,18,8,10
115900159,149,424,-275
115900160,22,11,11
115900161,145,309,-164
115900163,168,254,-86
115900164,500,36,464
115900165,2,195,-193
115900166,231,271,-40
115900168,87,317,-230
115900171,104,557,-453
115900172,54,171,-117
115900173,252,186,66
115900174,288,262,26
115900175,126,372,-246
115900178,10,822,-812
115900179,247,24,223
115900180,40,290,-250
115900181,205,315,-110
115900182,396,399,-3
115900183,285,100,185
115900184,2029,24,2005
115900187,16,111,-95
115900189,1,266,-265
115900190,894,1327,-433
115900191,59,571,-512
115900192,17,177,-160
115900193,1060,240,820
115900194,789,88,701
115900195,925,2333,-1408
115900198,266,555,-289
115900199,189,421,-232
115900200,299,786,-487
115900201,432,542,-110
115900202,0,47,-47
115900203,13,13,0
115900204,3,1,2
115900205,122,8,114
115900206,218,249,-31
115900207,31,52,-21
115900208,250,279,-29
115900209,6,219,-213
115900210,25,217,-192
115900211,3,319,-316
115900212,153,548,-395
115900213,227,96,131
115900214,452,369,83
115900215,34,141,-107
115900216,41,140,-99
115900217,102,70,32
115900218,6,49,-43
115900219,79,19,60
115900220,100,51,49
115900221,89,30,59
115900222,66,39,27
115900223,15,319,-304
115900224,1909,1313,596
115900225,69,45,24
115900226,25,70,-45
115900227,3,55,-52
115900228,22,72,-50
115900229,10,92,-82
115900230,73,167,-94
115900231,120,8,112
115900232,53,3,50
115900233,116,30,86
115900234,93,43,50
115900235,72,49,23
115900236,464,54,410
115900237,133,39,94
115900238,305,52,253
115900239,54,49,5
115900240,19,74,-55
115900241,235,222,13
115900242,231,457,-226
115900243,17,26,-9
115900244,40,28,12
115900245,26,17,9
115900246,53,15,38
115900247,54,16,38
115900248,17,9,8
115900249,4,23,-19
115900250,16,50,-34
115900251,3,27,-24
115900252,8,8,0
115900253,8,41,-33
115900254,15,31,-16
115900255,7,19,-12
115900256,28,31,-3
115900257,3,21,-18
115900258,0,6,-6
115900259,5,7,-2
115900260,14,2,12
115900261,22,2,20
115900262,2,3,-1
115900263,9,5,4
115900264,15,9,6
115900265,2,10,-8
115900266,0,8,-8
115900267,8,9,-1
115900268,6,6,0
115900269,482,794,-312
115900270,441,575,-134
115900271,12,0,12
115900272,7,2,5
115900273,3,7,-4
115900274,1,15,-14
115900275,0,18,-18
115900276,0,19,-19
115900277,0,17,-17
115900278,6,32,-26
115900279,3,49,-46
115900280,3,134,-131
115900281,63,41,22
116000001,16279,6610,9669
116000002,5872,11961,-6089
116000003,2202,2317,-115
116000004,2333,4128,-1795
116000005,5683,4394,1289
116000006,3722,2834,888
116000007,6421,5679,742
116000008,8960,3056,5904
116000009,3148,3630,-482
116000010,2308,2205,103
116000011,1272,2756,-1484
116000012,1800,1401,399
116000013,12770,5718,7052
116000014,16163,10946,5217
116000015,578,1529,-951
116000016,8622,4097,4525
116000017,38,826,-788
116000018,956,472,484
116000019,904,378,526
116000020,702,1289,-587
116000021,514,320,194
116000022,425,499,-74
116000023,1317,913,404
116000024,1095,1101,-6
116000025,968,900,68
116000026,2330,3268,-938
116000027,1053,754,299
116000028,503,935,-432
116000029,1174,1121,53
116000030,941,548,393
116000031,301,480,-179
116000032,340,286,54
116000033,376,505,-129
116000034,786,953,-167
116000035,349,965,-616
116000036,2227,1353,874
116000037,899,737,162
116000038,541,487,54
116000039,647,425,222
116000040,1178,349,829
116000041,378,587,-209
116000042,808,285,523
116000043,132,697,-565
116000044,30,56,-26
116000045,2294,1639,655
116000046,1576,1932,-356
116000047,2311,2951,-640
116000048,2426,2069,357
116000049,1407,2964,-1557
116000050,1756,1795,-39
116000051,6957,2773,4184
116000052,6876,6175,701
116000053,2388,1139,1249
116000054,809,3381,-2572
116000055,743,1461,-718
116000056,1065,1281,-216
116000057,4086,2513,1573
116000058,4530,3558,972
116000059,4331,6043,-1712
116000060,3333,1193,2140
116000061,438,1093,-655
116000062,961,342,619
116000063,674,1205,-531
116000066,253,635,-382
116000067,490,666,-176
116000068,279,361,-82
116000069,292,544,-252
116000078,575,1238,-663
116000080,2280,1710,570
116000082,10,126,-116
116000083,1651,626,1025
116000084,3291,5180,-1889
116000085,2693,2432,261
116000086,2371,1756,615
116000087,2348,2023,325
116000088,924,1666,-742
116000089,260,164,96
116000090,165,232,-67
116000091,1147,487,660
116000093,948,638,310
116000094,766,1081,-315
116000095,1010,750,260
116000096,1010,2533,-1523
116000097,3222,1132,2090
116000098,56,10044,-9988
116000099,9392,307,9085
116000100,268,32,236
116000101,1210,1396,-186
116000102,291,2042,-1751
116000103,799,501,298
116000104,395,2107,-1712
116000105,1397,274,1123
116000106,2135,1311,824
116000107,6300,553,5747
116000108,3200,332,2868
116000111,167,65,102
116000113,147,163,-16
116000114,91,274,-183
116000115,372,172,200
116000116,420,927,-507
116000117,1600,2362,-762
116000118,1739,2130,-391
116000119,3267,2320,947
116000120,3586,6711,-3125
116000121,979,741,238
116000122,1779,2686,-907
116000123,1160,707,453
116000124,539,1561,-1022
116000125,3364,1125,2239
116000126,587,2204,-1617
116000127,1414,1879,-465
116000128,1869,1251,618
116000129,1245,314,931
116000130,572,494,78
116000133,1231,1141,90
116000134,1965,3176,-1211
116000135,2340,1732,608
116000136,1672,2965,-1293
116000137,1290,931,359
116000138,1246,792,454
116000139,2759,2250,509
116000140,201,264,-63
116000141,418,916,-498
116000142,4273,3772,501
116000143,2152,2200,-48
116000144,1954,3130,-1176
116000145,1847,1791,56
116000146,620,343,277
116000147,332,186,146
116000148,524,721,-197
116000149,890,954,-64
116000151,988,867,121
116000153,129,496,-367
116000155,240,303,-63
116000156,814,1515,-701
116000157,68,18,50
116000158,332,487,-155
116000159,14,15,-1
116000160,39,95,-56
116000161,6,143,-137
116000162,129,111,18
116000163,34,12,22
116000164,17,30,-13
116000177,3246,190,3056
116000194,104,615,-511
116000195,1889,909,980
116000196,53,20,33
116000197,20,8,12
116000198,3328,1418,1910
116000200,879,488,391
116000201,766,900,-134
116000202,24,382,-358
116000203,6,150,-144
116000204,12,89,-77
116000205,0,246,-246
116000206,2,138,-136
116000207,13,70,-57
116000233,314,745,-431
116000287,275,733,-458
116000288,249,369,-120
116000292,71,206,-135
116000296,37,204,-167
116000297,142,31,111
116000304,419,34,385
116000305,9,167,-158
116000346,208,166,42
116000352,133,40,93
116000354,64,16,48
116000357,44,49,-5
116000358,582,55,527
116000361,121,3,118
116000372,7481,4377,3104
116000381,127,0,127
116000388,4,96,-92
116000389,1235,759,476
116000445,400,841,-441
116000446,531,1026,-495
116000447,17,632,-615
116000448,751,366,385
116000563,1428,1116,312
116000565,81,683,-602
116000568,95,407,-312
116000579,44,184,-140
116000584,14,15,-1
116000585,20,24,-4
116000586,177,195,-18
116000587,551,859,-308
116000589,116,155,-39
116000590,160,239,-79
116000591,236,349,-113
116000592,25,160,-135
116000593,0,22,-22
116000594,673,813,-140
116000595,977,248,729
116000596,101,6,95
116000597,371,185,186
116000598,29,329,-300
116000602,101,539,-438
116000605,914,214,700
116000606,140,480,-340
116000607,9,77,-68
116000609,301,1033,-732
116000611,141,788,-647
116000612,801,2541,-1740
116000613,565,395,170
116000614,509,845,-336
116000615,10,328,-318
116000616,41,94,-53
116000617,81,52,29
116000618,2,178,-176
116000619,191,89,102
116000620,76,77,-1
116000621,59,142,-83
116000622,42,168,-126
116000624,656,117,539
116000627,4,8,-4
116000628,5,248,-243
116000629,12,494,-482
116000630,198,9,189
116000631,139,15,124
116000632,680,294,386
116000633,42,436,-394
116000634,758,17,741
116000635,1380,1124,256
116900001,362,200,162
116900002,299,4,295
116900003,16,117,-101
116900004,46,84,-38
116900005,270,77,193
116900006,213,343,-130
116900007,141,194,-53
116900008,483,474,9
116900009,14,10,4
116900010,12,2264,-2252
116900011,29,68,-39
116900012,847,321,526
116900013,6,259,-253
116900014,99,367,-268
116900015,392,110,282
116900016,180,2,178
116900017,12,1021,-1009
116900018,72,62,10
116900019,21,521,-500
116900020,1461,1284,177
116900023,189,22,167
116900024,750,115,635
116900025,1506,1330,176
116900026,241,862,-621
116900027,28,59,-31
116900028,13,170,-157
116900029,0,85,-85
116900031,0,11,-11
116900032,18,466,-448
116900033,14,12,2
116900034,46,89,-43
116900035,202,266,-64
116900036,4,87,-83
116900038,252,3,249
116900041,74,49,25
116900042,1098,367,731
116900043,36,81,-45
116900045,384,85,299
116900047,44,164,-120
116900049,62,530,-468
116900050,170,646,-476
116900051,95,318,-223
116900052,251,83,168
116900055,0,15,-15
116900057,22,398,-376
116900058,48,522,-474
116900059,4,274,-270
116900060,199,277,-78
116900062,0,23,-23
116900064,102,1036,-934
116900065,68,197,-129
116900067,117,103,14
116900068,180,325,-145
116900070,3,8,-5
116900072,37,622,-585
116900073,10,179,-169
116900074,8,55,-47
116900076,20,66,-46
116900077,7,245,-238
116900078,306,169,137
116900079,37,358,-321
116900080,14,31,-17
116900081,607,1678,-1071
116900082,683,1180,-497
116900083,105,68,37
116900084,161,69,92
116900085,43,203,-160
116900086,139,242,-103
116900088,589,212,377
116900090,201,75,126
116900091,498,73,425
116900092,75,797,-722
116900093,2073,2114,-41
116900094,6093,3965,2128
116900095,194,150,44
116900096,160,483,-323
116900097,4507,3242,1265
116900098,872,319,553
116900099,1360,804,556
116900100,974,64,910
116900101,423,768,-345
116900103,7,4,3
116900104,157,115,42
116900105,314,191,123
116900106,2031,324,1707
116900107,5699,2803,2896
116900110,9,2,7
116900111,473,1192,-719
116900112,302,1445,-1143
116900113,2798,1997,801
116900116,149,506,-357
116900117,300,158,142
116900118,864,717,147
116900120,443,140,303
116900121,608,48,560
116900122,1357,1235,122
116900123,222,1138,-916
116900124,185,1404,-1219
116900125,434,296,138
116900126,254,703,-449
116900128,2,46,-44
116900129,2,505,-503
116900130,923,3683,-2760
116900131,147,491,-344
116900132,49,176,-127
116900133,122,203,-81
116900134,313,389,-76
116900136,715,276,439
116900137,416,219,197
116900138,305,267,38
116900139,180,521,-341
116900140,275,208,67
116900141,1126,528,598
116900142,2,55,-53
116900143,430,547,-117
116900144,57,135,-78
116900145,153,311,-158
116900147,736,490,246
116900148,15,45,-30
116900149,67,315,-248
116900150,14,14,0
116900151,23,13,10
116900153,112,147,-35
116900154,758,783,-25
116900155,169,128,41
116900157,526,544,-18
116900158,290,383,-93
116900159,72,364,-292
116900160,1282,772,510
116900161,8276,6004,2272
116900162,7,155,-148
116900163,150,269,-119
116900164,257,113,144
116900165,253,233,20
116900166,23,123,-100
116900167,518,111,407
116900168,356,141,215
116900169,605,456,149
116900170,280,800,-520
116900171,75,310,-235
116900172,287,347,-60
116900173,183,56,127
116900174,104,77,27
116900175,272,229,43
116900178,47,214,-167
116900179,191,391,-200
116900180,151,32,119
116900182,502,585,-83
116900183,225,178,47
116900185,40,62,-22
116900186,116,415,-299
116900187,145,109,36
116900188,171,32,139
116900189,225,3,222
116900191,470,1142,-672
116900192,343,187,156
116900194,165,1258,-1093
116900195,29,15,14
116900196,46,147,-101
116900197,96,53,43
116900198,301,222,79
116900200,66,46,20
116900201,128,15,113
116900202,152,77,75
116900203,173,17,156
116900204,53,126,-73
116900206,7,21,-14
116900207,43,63,-20
116900208,11,144,-133
116900209,35,138,-103
116900210,569,426,143
116900211,401,6,395
116900212,70,148,-78
116900213,268,212,56
116900214,210,226,-16
116900215,57,86,-29
116900216,525,389,136
116900218,14,335,-321
116900219,1874,568,1306
116900220,108,318,-210
116900221,118,490,-372
116900222,428,556,-128
116900223,128,482,-354
116900226,109,127,-18
116900227,163,104,59
116900228,439,358,81
116900230,92,364,-272
116900231,26,487,-461
116900232,8,604,-596
116900233,323,143,180
116900234,19,22,-3
116900235,226,485,-259
116900238,2063,449,1614
116900239,75,1605,-1530
116900240,7923,4268,3655
116900241,278,257,21
116900242,483,529,-46
116900243,4,138,-134
116900245,37,25,12
116900246,140,35,105
116900247,1282,133,1149
116900248,108,61,47
116900249,387,140,247
116900250,898,84,814
116900251,787,617,170
116900252,279,1465,-1186
116900253,155,138,17
116900254,44,116,-72
116900255,107,98,9
116900256,435,153,282
116900257,78,753,-675
116900258,13,460,-447
116900259,654,54,600
116900260,9,172,-163
116900261,142,2,140
116900262,482,338,144
116900263,2,13,-11
116900264,0,4,-4
116900265,48,1,47
116900266,21,71,-50
116900267,8,2,6
116900268,215,97,118
116900269,406,674,-268
116900271,2393,217,2176
116900272,469,398,71
116900273,204,69,135
116900274,78,133,-55
116900275,170,186,-16
116900276,632,122,510
116900277,786,42,744
116900278,1,19,-18
116900279,4,47,-43
116900280,28,87,-59
116900281,9397,4415,4982
116900282,11,210,-199
116900283,20,172,-152
116900284,46,301,-255
116900285,340,194,146
116900286,275,38,237
116900287,9,78,-69
116900288,77,166,-89
116900289,10,20,-10
116900290,6,47,-41
116900291,15,11,4
116900292,0,18,-18
116900293,32,74,-42
116900294,72,186,-114
116900295,108,30,78
116900296,63,31,32
116900297,6,52,-46
116900298,65,27,38
116900299,52,30,22
116900300,5,67,-62
116900301,41,63,-22
116900302,566,283,283
116900303,323,92,231
116900304,6,146,-140
116900305,16,70,-54
116900306,341,112,229
117000001,2220,2180,40
117000002,2477,6300,-3823
117000003,7522,4000,3522
117000004,4742,6616,-1874
117000005,2463,2442,21
117000006,1714,4656,-2942
117000007,3799,1624,2175
117000008,1470,5047,-3577
117000009,6376,2481,3895
117000010,3498,5135,-1637
117000011,3681,2203,1478
117000012,1905,1658,247
117000013,2111,1096,1015
117000014,1589,2876,-1287
117000015,3712,1656,2056
117000016,435,89,346
117000017,419,135,284
117000018,415,715,-300
117000019,169,1,168
117000020,450,2048,-1598
117000021,2459,453,2006
117000022,608,98,510
117000023,391,217,174
117000024,520,256,264
117000025,667,1053,-386
117000026,2862,1089,1773
117000027,3000,3712,-712
117000028,4819,1472,3347
117000030,515,448,67
117000031,321,161,160
117000032,2088,1534,554
117000033,1971,1632,339
117000034,370,296,74
117000035,268,198,70
117000036,331,277,54
117000037,199,173,26
117000038,276,598,-322
117000039,336,214,122
117000040,212,1319,-1107
117000041,859,223,636
117000044,24,1075,-1051
117000045,396,86,310
117000046,567,822,-255
117000047,859,650,209
117000048,2743,1554,1189
117000049,206,831,-625
117000050,199,2981,-2782
117000051,2730,234,2496
117000052,49,517,-468
117000053,544,107,437
117000054,2374,17,2357
117000055,25,4419,-4394
117000056,845,56,789
117000057,850,3088,-2238
117000060,688,2066,-1378
117000061,1697,1139,558
117000062,374,839,-465
117000063,1918,1040,878
117000064,1052,1113,-61
117000066,1710,1180,530
117000067,122,508,-386
117000074,252,186,66
117000076,283,51,232
117000077,302,232,70
117000078,149,995,-846
117000079,921,278,643
117000080,1,369,-368
117000081,1777,172,1605
117000082,14,102,-88
117000083,157,9,148
117000084,366,3,363
117000085,656,1099,-443
117000086,1797,616,1181
117000087,129,621,-492
117000088,377,266,111
117000089,1755,427,1328
117000090,334,1707,-1373
117000091,1037,554,483
117000092,459,1719,-1260
117000093,1167,1014,153
117000094,1686,3902,-2216
117000095,3970,1457,2513
117000096,846,2985,-2139
117000097,1588,1636,-48
117000098,3145,6423,-3278
117000099,3503,1788,1715
117000100,198,425,-227
117000101,213,1662,-1449
117000102,1566,973,593
117000103,764,2487,-1723
117000104,1403,939,464
117000105,919,2265,-1346
117000106,1164,1143,21
117000107,991,2796,-1805
117000108,1884,1169,715
117000109,2089,3585,-1496
117000110,1726,1197,529
117000111,4569,5470,-901
117000112,3786,2391,1395
117000113,734,487,247
117000114,307,229,78
117000115,317,212,105
117000116,147,274,-127
117000117,2210,1354,856
117000118,347,276,71
117000119,326,223,103
117000120,314,443,-129
117000121,196,975,-779
117000122,449,926,-477
117000123,1959,78,1881
117000124,1013,101,912
117000125,510,102,408
117000126,112,29,83
117000127,222,392,-170
117000128,560,958,-398
117000129,290,124,166
117000130,245,2,243
117000131,0,60,-60
117000132,6107,145,5962
117000133,1370,159,1211
117000134,1,65,-64
117000135,3,48,-45
117000136,3,48,-45
117000137,102,105,-3
117000138,1,838,-837
117000140,590,2218,-1628
117000141,1690,775,915
117000181,996,515,481
117000182,347,824,-477
117000195,262,1551,-1289
117000196,415,105,310
117000225,103,12,91
117000226,16,153,-137
117000276,269,13,256
117000277,3,446,-443
117000310,2241,3072,-831
117000315,52,890,-838
117000320,69,0,69
117000906,319,12,307
117000907,28,431,-403
117000908,34,33,1
117000909,53,40,13
117000910,260,205,55
117000911,143,239,-96
117000915,15,683,-668
117000916,34,18,16
117000917,1261,76,1185
117000918,114,149,-35
117000919,21,161,-140
117000920,6,1953,-1947
117000921,6,1733,-1727
117000922,57,135,-78
117000924,689,968,-279
117000926,1426,100,1326
117000927,2690,1054,1636
117000928,1,170,-169
117000929,261,446,-185
117000930,242,18,224
117000931,966,173,793
117900002,181,557,-376
117900003,1040,615,425
117900005,21,34,-13
117900006,0,33,-33
117900007,259,152,107
117900008,1,46,-45
117900010,313,151,162
117900011,59,72,-13
117900012,83,145,-62
117900013,1,319,-318
117900014,370,171,199
117900015,13,96,-83
117900016,1907,1326,581
117900017,1099,368,731
117900018,152,90,62
117900019,424,376,48
117900020,144,467,-323
117900021,55,93,-38
117900022,36,20,16
117900023,787,239,548
117900024,71,97,-26
117900025,41,17,24
117900026,567,329,238
117900028,57,9,48
117900029,331,861,-530
117900030,501,336,165
117900031,288,156,132
117900032,1766,572,1194
117900033,271,766,-495
117900034,27,31,-4
117900035,1016,139,877
117900036,341,606,-265
117900037,133,440,-307
117900038,30,429,-399
117900039,9,95,-86
117900040,148,657,-509
117900041,7,97,-90
117900042,5422,682,4740
117900043,45,73,-28
117900044,39,3458,-3419
117900045,196,183,13
117900048,277,450,-173
117900049,314,561,-247
117900050,9,43,-34
117900051,97,5,92
117900052,67,504,-437
117900053,1472,938,534
117900054,0,19,-19
117900055,205,219,-14
117900056,480,40,440
117900057,1606,2008,-402
117900058,283,276,7
117900059,438,149,289
117900060,2706,8483,-5777
117900061,38,204,-166
117900063,407,242,165
117900065,2353,2047,306
117900066,15,78,-63
117900067,384,291,93
117900069,747,364,383
117900070,215,31,184
117900071,66,213,-147
117900073,473,384,89
117900074,257,31,226
117900075,61,122,-61
117900076,16,64,-48
117900077,486,398,88
117900078,463,983,-520
117900080,111,76,35
117900081,764,501,263
117900082,557,457,100
117900083,344,548,-204
117900086,87,38,49
117900087,289,300,-11
117900088,4407,2526,1881
117900089,2316,782,1534
117900090,573,673,-100
117900091,159,228,-69
117900092,82,52,30
117900093,92,345,-253
117900094,46,9,37
117900095,225,416,-191
117900096,103,355,-252
117900097,325,335,-10
117900098,32,9,23
117900099,139,338,-199
117900100,221,8,213
117900101,569,2709,-2140
117900102,64,237,-173
117900103,206,3,203
117900104,21,121,-100
117900105,146,271,-125
117900106,109,120,-11
117900107,38,1,37
117900109,715,578,137
117900110,431,15,416
117900111,706,8,698
117900112,143,71,72
117900113,4812,1962,2850
117900114,35,0,35
117900115,388,84,304
117900116,1296,1077,219
117900117,654,706,-52
117900118,130,0,130
117900119,139,323,-184
117900120,187,91,96
117900121,113,40,73
117900122,2267,4504,-2237
117900123,748,586,162
117900124,2350,1166,1184
117900125,2267,2126,141
117900126,401,731,-330
117900127,522,717,-195
117900128,442,944,-502
117900129,168,2,166
117900130,4045,575,3470
117900131,3,162,-159
117900132,15,198,-183
117900133,18,159,-141
117900134,69,275,-206
117900135,25,283,-258
117900136,0,46,-46
117900137,103,464,-361
117900138,0,47,-47
117900139,103,182,-79
117900140,4367,454,3913
117900141,342,297,45
117900142,197,34,163
117900144,118,146,-28
117900145,51,32,19
117900146,233,181,52
117900147,50,100,-50
117900148,3455,2058,1397
117900149,171,284,-113
117900150,105,61,44
117900151,45,113,-68
117900152,126,112,14
117900153,35,138,-103
117900154,405,808,-403
117900156,1207,979,228
117900157,150,677,-527
117900158,283,373,-90
117900160,820,746,74
117900161,3806,3048,758
117900162,377,494,-117
117900163,139,82,57
117900165,0,23,-23
117900166,160,573,-413
117900168,18,358,-340
117900169,1,247,-246
117900170,2,50,-48
117900171,3,50,-47
117900172,10,79,-69
117900173,215,149,66
117900174,131,146,-15
117900175,7,81,-74
117900176,17,50,-33
117900177,35,60,-25
117900178,379,51,328
117900180,368,114,254
117900181,213,635,-422
117900182,5,61,-56
117900183,75,270,-195
117900184,132,96,36
117900185,56,100,-44
117900186,48,19,29
117900187,19,12,7
117900188,449,87,362
117900189,159,76,83
117900190,82,7,75
117900191,120,2,118
117900192,385,3,382
117900193,18,174,-156
117900194,22,16,6
117900195,196,160,36
117900196,17,58,-41
117900207,251,151,100
117900208,31,77,-46
117900209,145,332,-187
117900210,328,397,-69
117900211,52,297,-245
117900212,166,259,-93
117900213,28,33,-5
117900214,9,26,-17
117900215,1,13,-12
117900216,15,23,-8
117900217,88,241,-153
117900218,74,121,-47
117900219,8,141,-133
117900220,195,68,127
117900221,6,2,4
118000001,1281,873,408
118000002,1457,2909,-1452
118000003,2504,2643,-139
118000004,3711,3190,521
118000005,7016,4991,2025
118000006,8897,12122,-3225
118000007,9574,4434,5140
118000008,7564,5247,2317
118000009,2927,4795,-1868
118000010,7253,6173,1080
118000011,1706,3811,-2105
118000012,1820,3592,-1772
118000013,4782,3537,1245
118000014,4669,4402,267
118000016,280,647,-367
118000017,501,578,-77
118000018,690,793,-103
118000019,3455,1891,1564
118000020,2634,3526,-892
118000021,1099,3270,-2171
118000022,2783,900,1883
118000023,1317,305,1012
118000024,2705,1347,1358
118000025,1629,1633,-4
118000027,18246,11554,6692
118000029,1505,925,580
118000032,1719,3635,-1916
118000033,3999,5547,-1548
118000034,8063,3239,4824
118000035,2152,3010,-858
118000036,1569,1270,299
118000037,902,1195,-293
118000038,266,134,132
118000039,155,435,-280
118000040,2208,1640,568
118000041,2495,1990,505
118000045,924,408,516
118000046,3052,1143,1909
118000047,1935,1297,638
118000048,5012,2348,2664
118000051,5727,3032,2695
118000052,5016,1471,3545
118000053,1413,2093,-680
118000054,4843,3823,1020
118000055,4355,4118,237
118000056,2564,651,1913
118000057,1093,1078,15
118000058,4322,2026,2296
118000059,2941,1305,1636
118000060,1481,812,669
118000061,3161,2153,1008
118000062,772,474,298
118000063,445,753,-308
118000064,1066,1538,-472
118000065,5397,2546,2851
118000066,971,1903,-932
118000067,1693,1261,432
118000068,2219,5685,-3466
118000069,5353,1713,3640
118000070,7287,2719,4568
118000071,4393,8794,-4401
118000072,2420,1366,1054
118000073,3947,892,3055
118000074,1116,1007,109
118000075,2409,552,1857
118000076,1865,2954,-1089
118000077,1850,1632,218
118000078,2206,2472,-266
118000079,536,613,-77
118000080,1557,1218,339
118000081,1934,1245,689
118000082,371,1412,-1041
118000083,2443,2102,341
118000084,3960,2263,1697
118000086,312,843,-531
118000087,6231,3341,2890
118000088,2332,2207,125
118000089,4187,2797,1390
118000090,2393,3396,-1003
118000091,1783,2666,-883
118000092,1391,626,765
118000093,151,899,-748
118000096,621,920,-299
118000097,1033,796,237
118000098,298,282,16
118000099,668,1128,-460
118000101,1245,399,846
118000102,507,1839,-1332
118000107,2649,693,1956
118000108,823,2656,-1833
118000110,1,31,-30
118000111,2,495,-493
118000112,682,4,678
118000113,12,907,-895
118000114,497,11,486
118000115,11,11,0
118000116,103,0,103
118000117,1482,962,520
118000118,1100,882,218
118000119,1392,1254,138
118000120,2013,1880,133
118000121,103,731,-628
118000122,1753,445,1308
118000123,65,283,-218
118000125,2216,1333,883
118000126,890,1895,-1005
118000127,2977,826,2151
118000128,1223,1531,-308
118000129,1662,667,995
118000130,3934,5635,-1701
118000131,1527,1122,405
118000132,3001,2258,743
118000133,935,614,321
118000135,834,492,342
118000136,137,556,-419
118000137,1005,97,908
118000138,697,830,-133
118000139,345,111,234
118000140,4822,4959,-137
118000141,2493,2401,92
118000142,1966,2092,-126
118000143,2330,1440,890
118000144,2620,1282,1338
118000145,2450,2872,-422
118000146,1522,1340,182
118000147,1203,2337,-1134
118000148,913,1669,-756
118000149,977,1210,-233
118000150,557,290,267
118000151,640,644,-4
118000153,1504,1532,-28
118000154,1621,2015,-394
118000155,1218,1737,-519
118000156,3228,3222,6
118000157,734,449,285
118000158,332,540,-208
118000159,44,114,-70
118000160,601,496,105
118000161,612,1240,-628
118000162,2278,1058,1220
118000163,1082,1082,0
118000164,2606,1808,798
118000168,1928,747,1181
118000169,1465,1712,-247
118000170,6129,9196,-3067
118000171,364,1055,-691
118000172,122,391,-269
118000173,1322,1631,-309
118000175,423,386,37
118000176,361,551,-190
118000177,324,654,-330
118000178,46,76,-30
118000179,1948,1266,682
118000180,1111,993,118
118000181,1134,495,639
118000182,391,342,49
118000183,267,357,-90
118000184,720,1118,-398
118000185,1593,1367,226
118000186,1026,1443,-417
118000187,1384,1075,309
118000188,755,295,460
118000189,795,1197,-402
118000190,20,28,-8
118000191,17,44,-27
118000192,1085,950,135
118000193,1138,1019,119
118000194,2092,1435,657
118000195,1941,1908,33
118000196,514,209,305
118000197,991,236,755
118000198,765,853,-88
118000199,1047,692,355
118000200,164,273,-109
118000201,571,502,69
118000202,92,85,7
118000203,1269,683,586
118000204,250,388,-138
118000205,229,388,-159
118000206,267,215,52
118000207,0,73,-73
118000208,1556,2104,-548
118000209,2616,2518,98
118000210,87,66,21
118000211,26,45,-19
118000213,1924,2490,-566
118000214,805,597,208
118000215,338,342,-4
118000216,2374,4143,-1769
118000217,27,218,-191
118000218,94,249,-155
118000219,756,497,259
118000220,3,40,-37
118000221,151,405,-254
118000222,90,19,71
118000223,52,44,8
118000224,258,174,84
118000225,159,936,-777
118000226,1440,240,1200
118000227,1147,524,623
118000228,295,275,20
118000229,300,112,188
118000230,163,268,-105
118000231,131,308,-177
118000232,839,1242,-403
118000233,1051,1076,-25
118000234,489,324,165
118000236,472,460,12
118000237,135,651,-516
118000238,376,298,78
118000239,297,352,-55
118000240,596,183,413
118000241,223,342,-119
118000242,436,897,-461
118000243,243,282,-39
118000244,73,184,-111
118000246,0,36,-36
118000255,103,271,-168
118000256,136,247,-111
118000259,27,108,-81
118000260,256,173,83
118000261,41,110,-69
118000263,76,253,-177
118000266,257,341,-84
118000267,0,121,-121
118000268,364,5,359
118000270,130,45,85
118000271,178,328,-150
118000272,315,51,264
118000273,209,99,110
118000274,147,359,-212
118000276,546,440,106
118000295,11,143,-132
118000298,244,435,-191
118000299,76,187,-111
118000301,0,56,-56
118000302,126,164,-38
118000311,366,143,223
118000312,271,274,-3
118000313,93,261,-168
118000314,96,83,13
118000315,59,90,-31
118000316,721,642,79
118000325,116,82,34
118000326,62,62,0
118000331,40,107,-67
118000332,12,49,-37
118000333,41,135,-94
118000335,281,4,277
118000336,0,365,-365
118000407,186,140,46
118000457,3,61,-58
118000465,4601,4715,-114
118000480,22,123,-101
118000489,161,442,-281
118000490,183,516,-333
118000492,363,224,139
118000510,96,22,74
118000514,192,403,-211
118000515,823,858,-35
118000517,435,281,154
118000524,513,280,233
118000525,1310,1053,257
118000530,48,128,-80
118000531,290,269,21
118000532,202,455,-253
118000533,462,136,326
118000534,816,697,119
118000535,246,161,85
118000536,1076,1677,-601
118000537,35,162,-127
118000538,43,98,-55
118000539,35,154,-119
118000540,344,231,113
118000541,249,90,159
118000542,170,219,-49
118000543,232,309,-77
118000546,59,37,22
118000560,3708,1975,1733
118000562,39,302,-263
118000563,2651,1963,688
118000576,181,212,-31
118000577,161,176,-15
118000578,141,109,32
118000579,630,1242,-612
118000595,226,111,115
118000596,1,85,-84
118000597,88,145,-57
118000598,27,1,26
118000599,50,42,8
118000600,10,57,-47
118000601,11,0,11
118000602,0,43,-43
118000603,0,26,-26
118900001,1040,1833,-793
118900002,1141,1057,84
118900003,645,25,620
118900004,81,72,9
118900005,71,8,63
118900006,200,10,190
118900007,17,5,12
118900008,1850,53,1797
118900009,67,61,6
118900010,104,10,94
118900011,234,81,153
118900012,529,253,276
118900013,528,172,356
118900015,251,208,43
118900016,12,33,-21
118900017,367,325,42
118900018,1060,45,1015
118900019,107,33,74
118900020,266,203,63
118900021,201,443,-242
118900022,110,128,-18
118900023,195,138,57
118900024,115,293,-178
118900025,43,36,7
118900026,92,93,-1
118900027,589,319,270
118900028,124,229,-105
118900029,421,452,-31
118900030,344,156,188
118900031,168,97,71
118900032,240,264,-24
118900033,512,481,31
118900034,327,38,289
118900035,160,204,-44
118900036,1240,843,397
118900037,618,304,314
118900038,429,225,204
118900039,534,335,199
118900040,202,229,-27
118900041,958,319,639
118900042,213,102,111
118900045,455,225,230
118900046,1097,268,829
118900047,644,251,393
118900048,291,235,56
118900049,86,81,5
118900050,33,137,-104
118900051,87,131,-44
118900052,384,254,130
118900053,79,106,-27
118900054,150,76,74
118900055,57,127,-70
118900056,42,350,-308
118900057,757,510,247
118900058,478,341,137
118900059,23,96,-73
118900060,369,172,197
118900062,738,251,487
118900064,913,799,114
118900065,63,170,-107
118900066,154,124,30
118900067,6561,3648,2913
118900068,18,263,-245
118900069,342,335,7
118900071,11,136,-125
118900072,480,426,54
118900073,107,146,-39
118900074,137,256,-119
118900075,142,134,8
118900076,286,138,148
118900077,251,311,-60
118900078,41,21,20
118900079,72,247,-175
118900080,37,217,-180
118900081,70,44,26
118900082,610,246,364
118900083,36,16,20
118900084,14,22,-8
118900085,808,1227,-419
118900086,37,125,-88
118900087,56,244,-188
118900088,0,23,-23
118900089,30,32,-2
118900090,587,634,-47
118900091,250,292,-42
118900092,135,201,-66
118900093,113,36,77
118900096,98,36,62
118900097,224,588,-364
118900099,108,295,-187
118900100,202,278,-76
118900101,176,1258,-1082
118900102,80,159,-79
118900103,117,153,-36
118900104,317,275,42
118900105,355,149,206
118900107,391,185,206
118900108,181,176,5
118900109,1571,343,1228
118900110,1979,1067,912
118900111,1209,778,431
118900112,67,292,-225
118900113,178,651,-473
118900114,27,113,-86
118900115,197,558,-361
118900116,134,292,-158
118900117,82,215,-133
118900118,245,490,-245
118900119,73,312,-239
118900120,117,340,-223
118900121,18,289,-271
118900122,17,994,-977
118900123,286,279,7
118900124,78,398,-320
118900126,33,517,-484
118900129,375,278,97
118900130,42,189,-147
118900131,169,274,-105
118900132,424,280,144
118900133,27,198,-171
118900135,232,363,-131
118900136,189,582,-393
118900137,50,64,-14
118900139,311,574,-263
118900140,335,638,-303
118900141,167,250,-83
118900144,117,426,-309
118900145,419,186,233
118900146,347,843,-496
118900147,407,165,242
118900148,102,105,-3
118900150,162,789,-627
118900152,856,1106,-250
118900157,114,193,-79
118900158,136,140,-4
118900159,3,328,-325
118900161,94,15,79
118900163,201,231,-30
118900164,9,263,-254
118900165,63,408,-345
118900166,53,8,45
118900167,129,218,-89
118900168,17,231,-214
118900169,98,744,-646
118900170,171,264,-93
118900171,28,70,-42
118900174,128,98,30
118900175,373,581,-208
118900176,180,260,-80
118900177,54,86,-32
118900178,65,235,-170
118900179,1,56,-55
118900181,109,110,-1
118900182,270,81,189
118900183,27,189,-162
118900184,343,281,62
118900185,111,141,-30
118900186,92,121,-29
118900187,236,342,-106
118900188,380,343,37
118900189,58,933,-875
118900190,21,520,-499
118900191,105,67,38
118900192,188,19,169
118900193,404,8,396
118900195,372,1086,-714
118900196,38,183,-145
118900197,135,58,77
118900198,24,43,-19
118900199,56,104,-48
118900200,15,20,-5
118900201,24,27,-3
118900202,6,73,-67
118900203,5,40,-35
118900204,22,35,-13
118900205,5,19,-14
118900206,2,41,-39
119000001,1525,1926,-401
119000002,5277,3824,1453
119000003,2776,1553,1223
119000004,5397,1675,3722
119000005,2036,2425,-389
119000006,2984,2028,956
119000007,4503,4169,334
119000008,2497,2679,-182
119000009,5390,6060,-670
119000010,8911,5742,3169
119000011,5580,4059,1521
119000012,4511,4607,-96
119000013,2803,1836,967
119000014,3084,4840,-1756
119000019,452,230,222
119000020,2646,1772,874
119000021,4906,3153,1753
119000022,4436,3402,1034
119000023,288,305,-17
119000024,1955,11306,-9351
119000025,10192,1965,8227
119000026,213,464,-251
119000027,454,641,-187
119000028,2655,1578,1077
119000029,137,418,-281
119000030,687,1462,-775
119000031,978,932,46
119000032,2803,3367,-564
119000033,2891,2216,675
119000034,1439,1605,-166
119000035,38,480,-442
119000036,1544,1201,343
119000037,1322,2519,-1197
119000038,208,1449,-1241
119000039,298,524,-226
119000040,2500,913,1587
119000041,1746,1894,-148
119000048,3966,4188,-222
119000049,1786,3336,-1550
119000050,3208,2661,547
119000051,4387,1278,3109
119000052,2463,3992,-1529
119000053,2233,1604,629
119000054,3548,4280,-732
119000055,4019,4638,-619
119000056,2378,2969,-591
119000057,1823,2881,-1058
119000058,2420,2526,-106
119000059,1781,2233,-452
119000060,1648,1559,89
119000061,1236,1178,58
119000062,1460,1766,-306
119000063,527,499,28
119000064,1665,1986,-321
119000065,3020,5066,-2046
119000066,3136,1516,1620
119000067,2173,3135,-962
119000068,1710,1598,112
119000069,1546,3486,-1940
119000070,2632,1433,1199
119000071,743,1013,-270
119000072,8268,4767,3501
119000073,10261,9432,829
119000074,1458,3763,-2305
119000075,2160,3268,-1108
119000076,1123,1256,-133
119000077,2583,721,1862
119000078,883,290,593
119000079,410,893,-483
119000080,824,291,533
119000081,650,652,-2
119000082,1893,312,1581
119000083,880,634,246
119000084,494,595,-101
119000085,784,325,459
119000086,412,718,-306
119000087,1876,1382,494
119000088,410,351,59
119000089,91,243,-152
119000090,167,237,-70
119000091,146,587,-441
119000092,622,271,351
119000093,4491,3577,914
119000094,3002,6814,-3812
119000095,1826,3645,-1819
119000097,2704,2031,673
119000098,977,2793,-1816
119000099,2954,2506,448
119000100,3663,3522,141
119000101,7178,2930,4248
119000102,1227,1353,-126
119000103,2485,771,1714
119000104,3719,2461,1258
119000105,1451,2130,-679
119000106,369,2290,-1921
119000107,867,672,195
119000108,571,1259,-688
119000109,384,559,-175
119000110,1473,610,863
119000111,201,868,-667
119000112,373,148,225
119000113,4761,507,4254
119000114,1038,1398,-360
119000115,241,257,-16
119000116,135,131,4
119000117,193,545,-352
119000118,2,1,1
119000123,5614,1240,4374
119000124,783,268,515
119000125,4023,1226,2797
119000126,541,997,-456
119000127,553,980,-427
119000128,81,8,73
119000131,1000,1051,-51
119000132,14,5,9
119000133,3,4,-1
119000134,2465,675,1790
119000135,138,279,-141
119000136,220,279,-59
119000137,205,546,-341
119000138,399,423,-24
119000139,293,420,-127
119000140,208,627,-419
119000284,1597,3662,-2065
119000285,2475,3039,-564
119000286,9998,7904,2094
119000287,2227,3430,-1203
119000288,2311,2164,147
119000289,2295,4848,-2553
119000290,285,705,-420
119000291,20,381,-361
119000293,151,249,-98
119000294,68,38,30
119000295,2299,599,1700
119000296,206,205,1
119000302,3268,2074,1194
119000303,55,214,-159
119000314,1719,11275,-9556
119000315,7,656,-649
119000316,97,154,-57
119000317,68,468,-400
119900001,375,1586,-1211
119900002,310,500,-190
119900003,86,1714,-1628
119900004,440,1297,-857
119900005,204,156,48
119900006,326,622,-296
119900007,1383,280,1103
119900008,1058,132,926
119900009,1133,1256,-123
119900010,3552,1852,1700
119900011,29,125,-96
119900012,36,158,-122
119900013,2386,1278,1108
119900014,1055,447,608
119900015,137,70,67
119900016,70,132,-62
119900017,54,106,-52
119900018,2677,976,1701
119900019,39,8,31
119900020,191,315,-124
119900021,177,384,-207
119900022,194,662,-468
119900023,905,1423,-518
119900025,169,40,129
119900026,1098,193,905
119900027,96,62,34
119900028,830,139,691
119900029,1,9,-8
119900030,781,838,-57
119900031,109,418,-309
119900033,3210,432,2778
119900034,350,189,161
119900037,289,40,249
119900038,96,334,-238
119900039,49,15,34
119900040,796,25,771
119900041,181,73,108
119900042,1147,277,870
119900043,94,210,-116
119900044,270,720,-450
119900046,117,112,5
119900047,348,81,267
119900048,253,62,191
119900049,154,8,146
119900050,259,139,120
119900051,890,21,869
119900052,57,86,-29
119900053,246,246,0
119900054,138,21,117
119900055,1314,615,699
119900057,267,158,109
119900058,250,9,241
119900059,355,92,263
119900060,302,37,265
119900061,403,12,391
119900062,75,56,19
119900063,34,137,-103
119900064,594,150,444
119900065,255,19,236
119900066,0,0,0
119900067,596,69,527
119900068,477,4,473
119900069,100,16,84
119900070,1221,57,1164
119900071,590,25,565
119900072,316,560,-244
119900073,2524,1078,1446
119900074,157,52,105
119900075,7530,4026,3504
119900076,373,558,-185
119900077,758,1458,-700
119900078,790,1054,-264
119900079,228,429,-201
119900080,508,395,113
119900081,66,64,2
119900082,1113,245,868
119900083,469,259,210
119900084,842,522,320
119900085,142,135,7
119900086,328,1323,-995
119900087,871,461,410
119900088,38,101,-63
119900089,27,852,-825
119900090,210,106,104
119900091,129,1356,-1227
119900092,501,635,-134
119900093,1454,457,997
119900094,113,280,-167
119900095,302,171,131
119900096,92,204,-112
119900097,957,307,650
119900098,109,73,36
119900099,64,375,-311
119900100,3369,4109,-740
119900101,369,1555,-1186
119900102,43,487,-444
119900103,39,656,-617
119900104,80,363,-283
119900105,2312,2625,-313
119900106,15,284,-269
119900107,494,4179,-3685
119900108,3147,832,2315
119900109,64,338,-274
119900110,705,799,-94
119900111,125,463,-338
119900112,2562,769,1793
119900113,122,491,-369
119900114,270,1660,-1390
119900115,359,1532,-1173
119900116,419,860,-441
119900117,332,1174,-842
119900118,111,1282,-1171
119900119,285,471,-186
119900120,827,946,-119
119900121,481,1622,-1141
119900122,731,518,213
119900123,452,627,-175
119900124,241,1295,-1054
119900125,87,423,-336
119900126,6129,416,5713
119900127,3296,1489,1807
119900128,867,1398,-531
119900129,321,868,-547
119900130,42,343,-301
119900131,49,343,-294
119900132,4,396,-392
119900133,57,235,-178
119900134,2775,379,2396
119900135,2,640,-638
119900136,309,484,-175
119900138,588,687,-99
119900139,288,314,-26
119900140,5,179,-174
119900141,179,1160,-981
119900142,21,62,-41
119900143,24,477,-453
119900144,2140,355,1785
119900145,139,286,-147
119900146,332,689,-357
119900147,4,268,-264
119900148,163,151,12
119900149,1952,4961,-3009
119900150,256,225,31
119900151,2658,1047,1611
119900152,158,647,-489
119900153,170,140,30
119900154,20,350,-330
119900155,57,60,-3
119900156,27,9,18
119900157,191,410,-219
119900158,176,132,44
119900159,3,2167,-2164
119900160,26,379,-353
119900161,259,310,-51
119900162,924,1191,-267
119900163,239,307,-68
119900164,0,9,-9
119900165,301,315,-14
119900166,88,102,-14
119900167,159,271,-112
119900168,844,773,71
119900169,313,429,-116
119900170,232,398,-166
119900171,3518,636,2882
119900172,255,52,203
119900173,6,674,-668
119900174,10,306,-296
119900175,1204,1215,-11
119900177,42,279,-237
119900178,13,240,-227
119900179,112,575,-463
119900180,1052,1261,-209
119900181,80,175,-95
119900182,34,651,-617
119900183,220,940,-720
119900184,3733,839,2894
119900185,40,190,-150
119900186,128,1064,-936
119900187,30,689,-659
119900188,133,719,-586
119900189,897,704,193
119900190,51,433,-382
119900191,442,267,175
119900192,105,256,-151
119900193,284,350,-66
119900194,23,176,-153
119900195,155,411,-256
119900196,2291,746,1545
119900197,188,206,-18
119900198,1307,526,781
119900199,189,40,149
119900200,1287,1104,183
119900201,546,381,165
119900202,373,269,104
119900203,189,831,-642
119900204,298,433,-135
119900205,694,884,-190
119900206,254,252,2
119900208,258,386,-128
119900209,596,1457,-861
119900210,25,71,-46
119900211,178,16,162
119900212,298,529,-231
119900213,25,122,-97
119900214,36,145,-109
119900215,53,124,-71
119900216,15,128,-113
119900217,29,103,-74
119900218,208,112,96
119900219,32,146,-114
119900220,6,140,-134
119900221,57,432,-375
119900222,30,390,-360
119900223,21,122,-101
119900224,28,42,-14
119900225,1389,96,1293
119900226,872,2193,-1321
119900227,1502,532,970
119900228,1415,580,835
119900229,416,567,-151
119900230,2226,1011,1215
119900231,230,328,-98
119900232,332,136,196
119900233,132,10,122
119900234,50,166,-116
119900235,28,161,-133
119900236,135,351,-216
119900237,100,780,-680
119900238,8,129,-121
119900240,222,302,-80
119900241,208,442,-234
119900242,2177,2115,62
119900244,1077,2587,-1510
119900245,259,314,-55
119900246,471,806,-335
119900247,44,184,-140
119900248,104,257,-153
119900249,289,142,147
119900253,4497,652,3845
119900254,98,720,-622
119900255,164,695,-531
119900256,584,1442,-858
119900257,52,5,47
119900258,151,13,138
119900259,8,272,-264
119900260,149,10,139
119900261,1004,303,701
119900262,4,351,-347
119900263,1350,629,721
119900264,109,371,-262
119900265,830,739,91
119900266,387,429,-42
119900267,349,813,-464
119900268,619,338,281
119900269,1294,2167,-873
119900271,38,177,-139
119900272,501,193,308
119900275,107,1,106
119900276,55,1,54
119900277,11,9,2
119900278,354,154,200
119900279,264,923,-659
119900280,1096,317,779
119900281,0,215,-215
119900282,166,115,51
119900283,29,445,-416
119900284,50,348,-298
119900285,44,87,-43
119900286,2,62,-60
119900288,3,27,-24
119900289,1,55,-54
119900290,4,23,-19
119900291,3,100,-97
119900292,34,40,-6
119900293,30,165,-135
119900294,66,146,-80
119900295,8,58,-50
119900296,41,331,-290
119900297,1,31,-30
119900298,21,14,7
119900299,441,308,133
119900300,1707,283,1424
119900301,226,80,146
119900302,192,213,-21
119900303,756,726,30
119900304,548,140,408
119900305,18,184,-166
119900306,33,3,30
119900307,122,167,-45
119900308,9,42,-33
119900309,57,257,-200
119900310,343,468,-125
119900311,82,192,-110
119900312,131,156,-25
119900313,394,502,-108
119900314,207,587,-380
119900315,1606,3479,-1873
119900318,36,37,-1
119900319,3,384,-381
119900320,232,807,-575
119900321,91,5,86
120000001,8521,15130,-6609
120000002,3622,3788,-166
120000003,4724,2245,2479
120000004,3380,2956,424
120000005,5852,2894,2958
120000006,1532,1838,-306
120000007,5579,3982,1597
120000008,1274,1871,-597
120000009,4543,1318,3225
120000010,2436,3606,-1170
120000011,1985,2713,-728
120000012,1914,3921,-2007
120000013,3424,3799,-375
120000014,854,1916,-1062
120000015,3294,1845,1449
120000016,3800,2783,1017
120000017,5733,2896,2837
120000018,4844,11243,-6399
120000019,987,1681,-694
120000020,3736,4031,-295
120000021,2009,2966,-957
120000022,3576,4683,-1107
120000023,1069,2250,-1181
120000024,1882,3188,-1306
120000025,3230,2942,288
120000026,1693,2340,-647
120000027,2035,2597,-562
120000028,1452,901,551
120000029,8797,1136,7661
120000030,5619,1852,3767
120000031,3110,11497,-8387
120000032,10738,6238,4500
120000033,6133,3066,3067
120000034,2016,3079,-1063
120000035,1867,2932,-1065
120000036,3315,6770,-3455
120000037,839,1668,-829
120000038,9617,4669,4948
120000039,830,1154,-324
120000040,1261,365,896
120000041,3187,2267,920
120000042,4620,3409,1211
120000043,6420,2823,3597
120000044,5671,2671,3000
120000045,5613,1870,3743
120000046,2938,3723,-785
120000047,1735,5958,-4223
120000048,9843,5210,4633
120000049,3755,3983,-228
120000050,4836,5266,-430
120000051,3937,5720,-1783
120000052,11767,3050,8717
120000053,1476,3500,-2024
120000054,1807,6093,-4286
120000055,2309,6701,-4392
120000056,4724,5049,-325
120000057,4671,1004,3667
120000058,4971,743,4228
120000059,80,2088,-2008
120000061,276,749,-473
120000062,244,428,-184
120000063,2086,3503,-1417
120000064,255,1718,-1463
120000065,2122,2595,-473
120000066,681,766,-85
120000067,272,724,-452
120000068,223,1382,-1159
120000069,1028,2130,-1102
120000070,77,1347,-1270
120000071,415,282,133
120000072,691,646,45
120000073,753,132,621
120000074,577,177,400
120000075,1506,516,990
120000076,4788,652,4136
120000077,2915,764,2151
120000078,4176,1487,2689
120000079,207,243,-36
120000080,142,301,-159
120000081,603,296,307
120000082,215,241,-26
120000083,110,665,-555
120000084,464,465,-1
120000085,552,350,202
120000086,418,659,-241
120000087,192,934,-742
120000088,1245,1735,-490
120000089,1294,1040,254
120000090,899,829,70
120000091,2196,1605,591
120000092,1524,975,549
120000093,482,743,-261
120000094,180,1038,-858
120000095,1793,797,996
120000096,285,1100,-815
120000098,2100,1551,549
120000099,950,1125,-175
120000100,882,1363,-481
120000101,655,706,-51
120000102,631,989,-358
120000103,1978,1146,832
120000104,1838,719,1119
120000105,2910,978,1932
120000106,2858,928,1930
120000107,3934,878,3056
120000108,1459,218,1241
120000109,1257,93,1164
120000110,88,1185,-1097
120000111,487,1604,-1117
120000112,1045,4499,-3454
120000113,1033,3221,-2188
120000114,1177,3955,-2778
120000115,435,3383,-2948
120000116,1179,2853,-1674
120000117,1498,2217,-719
120000118,39,31,8
120000119,17,111,-94
120000120,73,64,9
120000121,32,93,-61
120000122,356,374,-18
120000123,7573,5687,1886
120000124,635,543,92
120000125,675,974,-299
120000126,551,1039,-488
120000127,3881,1119,2762
120000128,4667,4171,496
120000129,411,403,8
120000130,1293,778,515
120000131,298,768,-470
120000134,609,1780,-1171
120000135,498,906,-408
120000137,298,2236,-1938
120000138,792,826,-34
120000139,451,1154,-703
120000140,970,855,115
120000141,2112,814,1298
120000142,1991,899,1092
120000143,3,167,-164
120000144,103,6,97
120000145,329,0,329
120000146,1838,1124,714
120000149,829,1836,-1007
120000150,4710,15842,-11132
120000151,480,726,-246
120000152,704,326,378
120000153,367,909,-542
120000154,549,558,-9
120000155,110,409,-299
120000156,1375,1521,-146
120000157,1700,1303,397
120000158,1150,1213,-63
120000159,2398,3441,-1043
120000160,2570,1809,761
120000161,2424,3048,-624
120000162,96,291,-195
120000163,773,2227,-1454
120000164,531,842,-311
120000165,615,1667,-1052
120000166,1514,1097,417
120000167,111,138,-27
120000168,37,397,-360
120000169,76,1165,-1089
120000170,109,668,-559
120000171,32,254,-222
120000172,51,140,-89
120000173,4664,879,3785
120000174,1337,24,1313
120000175,620,36,584
120000176,530,50,480
120000177,2776,168,2608
120000178,528,22,506
120000179,963,48,915
120000180,1911,137,1774
120000181,296,847,-551
120000182,139,397,-258
120000183,29,371,-342
120000184,212,1196,-984
120000186,104,240,-136
120000187,69,154,-85
120000188,357,242,115
120000190,2008,41,1967
120000191,2660,48,2612
120000192,2206,33,2173
120000193,846,8,838
120000195,226,6,220
120000196,594,84,510
120000197,221,261,-40
120000198,165,93,72
120000199,102,1,101
120000200,103,2,101
120000201,26,27,-1
120000202,1,75,-74
120000203,36,310,-274
120000207,8,112,-104
120000208,10,311,-301
120000209,4,100,-96
120000210,143,126,17
120000211,100,1,99
120000212,132,3,129
120000213,232,442,-210
120000214,2,549,-547
120000215,5,212,-207
120000216,65,15,50
120000217,858,1412,-554
120000218,229,1014,-785
120000219,20,644,-624
120000220,31,2213,-2182
120000225,1716,3,1713
120000226,371,3,368
120000227,911,51,860
120000228,9104,3936,5168
120000230,364,35,329
120000231,1479,2960,-1481
120000233,381,3,378
120000235,308,992,-684
120000236,1445,1,1444
120000237,1,1950,-1949
120000238,4,741,-737
120000241,1386,4205,-2819
120000412,1402,26,1376
120000413,398,254,144
120000414,176,2,174
120000415,2,177,-175
120000416,564,8,556
120000417,6,86,-80
120000418,129,35,94
120000419,19,300,-281
120000420,43,40,3
120000421,14881,7795,7086
120000422,171,1211,-1040
120000423,4,69,-65
120000424,44,239,-195
120000436,123,790,-667
120000437,209,167,42
120000438,4358,397,3961
120000439,245,573,-328
120000443,170,0,170
120000444,1802,943,859
120000445,2594,1523,1071
120000446,920,276,644
120000447,269,29,240
120000449,77,13,64
120000450,4,237,-233
120000451,239,329,-90
120000452,154,2,152
120000453,1,499,-498
120000454,90,55,35
120000455,110,82,28
120000456,3204,4542,-1338
120000457,1817,806,1011
120000458,938,1188,-250
120000459,106,98,8
120000665,2691,321,2370
120000668,206,548,-342
120000669,54,231,-177
120000670,388,619,-231
120000671,2597,589,2008
120000672,114,698,-584
120900001,79,98,-19
120900002,598,583,15
120900003,478,39,439
120900004,9,80,-71
120900005,10,1039,-1029
120900006,383,397,-14
120900007,242,170,72
120900008,266,1703,-1437
120900009,792,33,759
120900010,480,93,387
120900011,465,203,262
120900012,686,1589,-903
120900013,469,114,355
120900014,3,839,-836
120900015,2716,157,2559
120900016,777,123,654
120900017,3469,133,3336
120900018,145,746,-601
120900019,733,298,435
120900020,1059,1527,-468
120900021,746,236,510
120900022,36,503,-467
120900023,509,68,441
120900024,2826,759,2067
120900025,2349,1513,836
120900026,464,350,114
120900027,1000,58,942
120900028,354,98,256
120900029,234,407,-173
120900030,1260,978,282
120900031,263,116,147
120900032,1114,188,926
120900033,1377,87,1290
120900034,36,3546,-3510
120900035,75,265,-190
120900037,235,10,225
120900038,97,238,-141
120900039,92,74,18
120900040,314,9,305
120900041,169,63,106
120900042,450,84,366
120900043,213,32,181
120900044,17,585,-568
120900045,229,181,48
120900046,1191,4,1187
120900047,187,86,101
120900048,100,33,67
120900049,402,10,392
120900050,3390,1364,2026
120900051,337,197,140
120900052,653,8,645
120900053,352,198,154
120900054,2530,936,1594
120900055,378,6,372
120900056,519,17,502
120900057,132,20,112
120900058,504,1,503
120900059,109,4,105
120900060,97,53,44
120900061,380,484,-104
120900062,178,3,175
120900063,438,4,434
120900064,486,1,485
120900065,461,24,437
120900066,337,381,-44
120900067,172,43,129
120900068,268,1,267
120900069,199,65,134
120900071,29,3,26
120900072,590,7,583
120900073,489,321,168
120900074,696,11,685
120900076,337,2,335
120900077,4872,498,4374
120900078,805,1442,-637
120900079,665,161,504
120900080,650,2615,-1965
120900081,780,1432,-652
120900082,951,957,-6
120900083,92,5,87
120900084,305,452,-147
120900085,112,195,-83
120900086,168,405,-237
120900087,432,374,58
120900088,198,447,-249
120900089,4832,3371,1461
120900090,276,201,75
120900091,686,1175,-489
120900092,1918,837,1081
120900093,3221,327,2894
120900094,800,259,541
120900095,887,43,844
120900096,53,303,-250
120900097,972,983,-11
120900098,410,324,86
120900099,101,135,-34
120900100,244,433,-189
120900101,1188,467,721
120900102,51,163,-112
120900103,50,288,-238
120900104,40,78,-38
120900105,73,841,-768
120900106,2000,812,1188
120900107,332,199,133
120900108,7,832,-825
120900109,62,949,-887
120900110,21,1157,-1136
120900111,215,542,-327
120900112,13,1255,-1242
120900113,48,1132,-1084
120900114,101,184,-83
120900115,246,373,-127
120900116,378,720,-342
120900117,2,670,-668
120900118,34,1054,-1020
120900119,4964,8745,-3781
120900120,65,765,-700
120900121,369,790,-421
120900122,498,751,-253
120900123,3,526,-523
120900124,3,909,-906
120900125,26,1201,-1175
120900126,2521,1854,667
120900127,22,591,-569
120900128,1441,2025,-584
120900129,90,541,-451
120900130,6,418,-412
120900131,95,152,-57
120900132,867,447,420
120900133,316,1285,-969
120900134,1143,658,485
120900135,27,764,-737
120900136,98,253,-155
120900137,237,167,70
120900138,30,301,-271
120900139,8,962,-954
120900140,18,204,-186
120900141,262,307,-45
120900142,45,860,-815
120900143,2,1394,-1392
120900144,3,250,-247
120900145,1447,1057,390
120900146,4,1581,-1577
120900147,4,616,-612
120900148,109,209,-100
120900149,0,474,-474
120900150,78,713,-635
120900151,1,927,-926
120900152,0,41,-41
120900153,44,194,-150
120900154,10,390,-380
120900155,188,1482,-1294
120900156,49,557,-508
120900157,76,311,-235
120900158,132,939,-807
120900159,109,260,-151
120900160,85,1130,-1045
120900161,59,578,-519
120900162,45,708,-663
120900163,49,648,-599
120900164,0,4,-4
120900165,18,12,6
120900166,161,371,-210
120900167,577,230,347
120900169,83,637,-554
120900170,2196,2975,-779
120900171,1356,423,933
120900172,3713,1116,2597
120900173,24,86,-62
120900174,12,218,-206
120900175,360,272,88
120900176,18,431,-413
120900177,5,1204,-1199
120900178,0,646,-646
120900179,1351,736,615
120900180,136,185,-49
120900181,298,85,213
120900182,23,493,-470
120900183,353,132,221
120900184,253,124,129
120900185,18,703,-685
120900186,1,633,-632
120900187,597,1848,-1251
120900188,154,19,135
120900189,219,1068,-849
120900190,58,13,45
120900191,10,23,-13
120900192,14614,7167,7447
120900194,40,114,-74
120900195,187,414,-227
120900196,1017,60,957
120900197,904,185,719
120900198,470,817,-347
120900199,861,2181,-1320
120900200,120,146,-26
120900201,714,280,434
120900202,8,255,-247
120900203,64,162,-98
120900204,183,368,-185
120900205,32,66,-34
120900206,36,114,-78
121000001,1122,1568,-446
121000002,3059,1928,1131
121000003,4556,2484,2072
121000004,4222,5645,-1423
121000005,2588,3477,-889
121000006,4801,2130,2671
121000007,3314,3594,-280
121000008,6613,4231,2382
121000009,7293,7058,235
121000010,10059,6859,3200
121000011,11108,15023,-3915
121000012,19767,12099,7668
121000013,6086,8684,-2598
121000014,7797,7266,531
121000015,5158,8749,-3591
121000016,5715,4065,1650
121000017,2788,4991,-2203
121000018,3004,2820,184
121000019,24629,14912,9717
121000020,17200,20585,-3385
121000021,6892,4267,2625
121000022,6780,3794,2986
121000023,8123,4557,3566
121000024,7451,7252,199
121000025,822,1711,-889
121000026,364,180,184
121000027,1889,1492,397
121000028,882,667,215
121000029,1228,987,241
121000030,785,729,56
121000031,898,873,25
121000032,417,152,265
121000034,577,357,220
121000035,334,156,178
121000036,1190,1087,103
121000037,710,928,-218
121000038,731,1045,-314
121000039,753,546,207
121000041,870,579,291
121000042,701,465,236
121000043,887,791,96
121000044,1637,1038,599
121000045,884,374,510
121000046,936,1446,-510
121000047,301,123,178
121000049,2591,772,1819
121000050,523,1458,-935
121000051,989,367,622
121000052,801,941,-140
121000053,670,140,530
121000054,64,466,-402
121000055,1519,1372,147
121000056,1113,1337,-224
121000057,465,708,-243
121000058,577,256,321
121000059,3037,1804,1233
121000060,833,1358,-525
121000061,227,326,-99
121000062,291,501,-210
121000063,1144,848,296
121000064,682,786,-104
121000065,525,521,4
121000066,346,404,-58
121000067,1037,653,384
121000068,850,496,354
121000069,924,737,187
121000070,3281,1735,1546
121000071,2963,1768,1195
121000072,4777,1106,3671
121000073,2900,1224,1676
121000074,1094,200,894
121000075,73,278,-205
121000076,1487,472,1015
121000077,178,198,-20
121000078,193,183,10
121000080,3046,890,2156
121000081,4616,4412,204
121000082,130,272,-142
121000083,220,174,46
121000084,237,199,38
121000085,355,549,-194
121000086,198,996,-798
121000087,88,440,-352
121000088,496,791,-295
121000089,555,436,119
121000090,540,484,56
121000091,2006,1005,1001
121000092,212,112,100
121000093,211,267,-56
121000094,618,957,-339
121000095,375,1042,-667
121000096,2503,2871,-368
121000097,1559,2555,-996
121000098,723,1424,-701
121000099,750,1125,-375
121000100,1166,793,373
121000101,393,371,22
121000102,350,576,-226
121000103,323,390,-67
121000104,416,334,82
121000105,563,570,-7
121000106,581,510,71
121000107,2529,4180,-1651
121000109,1618,1401,217
121000110,375,869,-494
121000114,3159,2465,694
121000115,1234,1016,218
121000116,307,1121,-814
121000117,892,277,615
121000118,1622,318,1304
121000119,787,415,372
121000120,378,743,-365
121000121,726,1706,-980
121000123,2686,845,1841
121000126,221,363,-142
121000127,304,156,148
121000128,1335,800,535
121000129,1111,999,112
121000130,681,1302,-621
121000131,3882,2713,1169
121000132,2329,2503,-174
121000135,657,1124,-467
121000136,2810,974,1836
121000137,708,327,381
121000138,1960,1180,780
121000139,1069,340,729
121000141,306,430,-124
121000142,1024,1425,-401
121000143,183,35,148
121000144,1342,2054,-712
121000145,924,1837,-913
121000146,1526,1313,213
121000147,1303,1030,273
121000148,1231,1798,-567
121000149,2265,2107,158
121000152,905,771,134
121000153,2952,1002,1950
121000154,1165,896,269
121000155,1595,1531,64
121000156,526,1235,-709
121000157,1768,2739,-971
121000158,898,823,75
121000159,224,667,-443
121000160,367,676,-309
121000161,281,496,-215
121000162,158,329,-171
121000165,2466,2136,330
121000166,30,695,-665
121000168,489,406,83
121000169,99,281,-182
121000170,451,205,246
121000171,80,270,-190
121000172,1440,689,751
121000173,2324,1545,779
121000174,437,594,-157
121000175,1013,472,541
121000176,446,275,171
121000177,1261,869,392
121000178,171,81,90
121000179,279,81,198
121000181,547,673,-126
121000182,177,324,-147
121000183,414,127,287
121000184,703,171,532
121000185,42,262,-220
121000186,226,584,-358
121000187,299,340,-41
121000188,219,337,-118
121000192,1000,573,427
121000193,827,679,148
121000194,3903,2967,936
121000195,339,1082,-743
121000196,588,288,300
121000197,264,1097,-833
121000198,289,138,151
121000199,215,518,-303
121000200,831,107,724
121000201,7,311,-304
121000202,222,15,207
121000203,1185,3280,-2095
121000204,2756,1192,1564
121000205,297,416,-119
121000206,456,40,416
121000207,3609,538,3071
121000208,13,543,-530
121000209,439,492,-53
121000210,674,664,10
121000211,356,263,93
121000212,426,882,-456
121000213,13223,3557,9666
121000214,1144,3589,-2445
121000215,1477,1263,214
121000216,610,947,-337
121000217,6123,3395,2728
121000218,803,2428,-1625
121000219,2635,559,2076
121000220,372,86,286
121000221,136,257,-121
121000222,3566,2770,796
121000223,909,424,485
121000224,474,265,209
121000225,2607,1908,699
121000226,6578,1527,5051
121000227,8,241,-233
121000228,28,716,-688
121000229,301,461,-160
121000230,74,1768,-1694
121000231,1287,70,1217
121000232,370,404,-34
121000233,719,457,262
121000234,66,61,5
121000235,123,129,-6
121000236,11,74,-63
121000237,97,28,69
121000238,8,133,-125
121000239,89,7,82
121000240,29,224,-195
121000241,143,26,117
121000242,81,326,-245
121000243,630,211,419
121000244,18,119,-101
121000245,136,41,95
121000246,1,140,-139
121000247,183,11,172
121000248,2042,608,1434
121000249,199,426,-227
121000250,1279,244,1035
121000251,17,591,-574
121000252,98,90,8
121000253,477,490,-13
121000254,914,397,517
121000255,1859,275,1584
121000256,1430,452,978
121000257,244,148,96
121000258,327,94,233
121000259,155,138,17
121000260,150,191,-41
121000261,242,93,149
121000262,1006,998,8
121000263,1501,605,896
121000271,426,1809,-1383
121000273,140,9,131
121000274,43,37,6
121000275,4,22,-18
121000276,7,17,-10
121000278,77,42,35
121000279,166,19,147
121000280,253,62,191
121000289,359,51,308
121000290,1464,1256,208
121000294,161,303,-142
121000297,1151,1397,-246
121000299,310,525,-215
121000300,1120,991,129
121000302,135,1663,-1528
121000303,586,704,-118
121000304,604,94,510
121000305,225,56,169
121000306,136,169,-33
121000308,212,553,-341
121000309,490,789,-299
121000310,129,537,-408
121000311,106,1292,-1186
121000312,489,283,206
121000313,557,758,-201
121000314,229,197,32
121000315,87,145,-58
121000530,1656,1869,-213
121000531,4206,2088,2118
121000532,8584,9750,-1166
121000533,3625,4068,-443
121000918,146,233,-87
121000919,89,58,31
121000938,507,750,-243
121000939,710,444,266
121000956,1582,1763,-181
121000957,10,17,-7
121000958,116,86,30
121000959,815,1345,-530
121000960,4253,3130,1123
121000961,321,206,115
121000962,374,851,-477
121000973,2,178,-176
121000976,49,274,-225
121000979,639,259,380
121000981,489,417,72
121000982,300,212,88
121000983,531,645,-114
121000984,73,112,-39
121000985,698,750,-52
121000986,603,292,311
121000987,429,1601,-1172
121000988,772,177,595
121001302,491,185,306
121001308,8,24,-16
121001309,137,152,-15
121001313,295,251,44
121001314,3045,4064,-1019
121001315,5470,3267,2203
121900001,350,266,84
121900002,123,53,70
121900003,491,19,472
121900004,215,562,-347
121900005,34,9,25
121900006,62,10,52
121900007,2462,3030,-568
121900008,1765,581,1184
121900009,760,30,730
121900010,270,3,267
121900011,456,734,-278
121900012,15,1,14
121900013,1934,66,1868
121900014,1416,504,912
121900015,179,313,-134
121900016,8,48,-40
121900017,2841,637,2204
121900018,412,10,402
121900019,490,416,74
121900020,46,7,39
121900021,944,20,924
121900022,389,284,105
121900023,182,428,-246
121900024,460,142,318
121900025,730,432,298
121900026,472,60,412
121900027,485,300,185
121900028,347,14,333
121900029,166,248,-82
121900030,666,724,-58
121900031,1520,7560,-6040
121900032,212,181,31
121900033,170,208,-38
121900034,443,119,324
121900035,3264,3209,55
121900036,99,426,-327
121900037,228,992,-764
121900038,45,211,-166
121900039,569,62,507
121900040,110,141,-31
121900041,96,218,-122
121900042,408,184,224
121900043,22,15,7
121900044,221,80,141
121900046,508,542,-34
121900047,261,94,167
121900048,69,204,-135
121900050,32,56,-24
121900051,167,222,-55
121900052,198,67,131
121900053,1507,482,1025
121900054,933,1349,-416
121900055,1,18,-17
121900058,261,279,-18
121900059,462,265,197
121900060,188,422,-234
121900061,754,335,419
121900062,258,157,101
121900063,2226,516,1710
121900064,350,927,-577
121900066,89,52,37
121900067,161,114,47
121900069,230,169,61
121900070,657,160,497
121900071,429,699,-270
121900072,50,250,-200
121900073,277,282,-5
121900074,1082,1214,-132
121900075,569,511,58
121900076,504,840,-336
121900077,41,55,-14
121900078,305,60,245
121900079,2,0,2
121900080,1543,921,622
121900082,59,158,-99
121900084,14,201,-187
121900085,4,28,-24
121900086,15,70,-55
121900087,246,115,131
121900088,2496,3518,-1022
121900089,181,489,-308
121900090,268,129,139
121900091,76,220,-144
121900092,125,139,-14
121900093,85,166,-81
121900094,11,18,-7
121900095,274,147,127
121900096,1719,1366,353
121900097,636,542,94
121900098,6,5,1
121900099,182,126,56
121900100,416,615,-199
121900101,182,227,-45
121900102,15,224,-209
121900103,981,323,658
121900104,2374,425,1949
121900105,298,422,-124
121900106,11,9,2
121900107,35,58,-23
121900108,18,78,-60
121900109,309,162,147
121900110,584,1281,-697
121900111,1369,179,1190
121900112,210,201,9
121900113,85,420,-335
121900114,131,164,-33
121900115,168,414,-246
121900117,739,103,636
121900118,3110,1050,2060
121900119,457,150,307
121900120,63,1723,-1660
121900121,600,59,541
121900122,30,95,-65
121900123,607,481,126
121900124,335,193,142
121900125,1968,1562,406
121900127,13,136,-123
121900128,91,211,-120
121900129,862,180,682
121900130,132,337,-205
121900131,841,127,714
121900132,91,164,-73
121900133,130,764,-634
121900134,37,186,-149
121900135,3192,707,2485
121900136,1505,487,1018
121900137,53,475,-422
121900138,234,364,-130
121900139,332,501,-169
121900140,113,411,-298
121900141,87,67,20
121900142,273,374,-101
121900143,32,246,-214
121900144,185,366,-181
121900145,558,451,107
121900146,729,1292,-563
121900147,77,213,-136
121900148,281,462,-181
121900149,464,1097,-633
121900150,100,187,-87
121900151,99,280,-181
121900152,99,214,-115
121900153,198,863,-665
121900154,17,328,-311
121900155,3,192,-189
121900156,290,175,115
121900157,7,538,-531
121900158,120,184,-64
121900159,1,367,-366
121900160,24,484,-460
121900161,521,497,24
121900162,93,253,-160
121900163,432,1305,-873
121900164,613,293,320
121900165,507,247,260
121900166,257,268,-11
121900167,111,167,-56
121900168,193,365,-172
121900169,8,369,-361
121900170,12,249,-237
121900171,1194,784,410
121900172,1225,375,850
121900173,1953,305,1648
121900174,37,130,-93
121900175,253,306,-53
121900176,994,1931,-937
121900177,368,116,252
121900178,8,8,0
121900179,1172,258,914
121900180,6185,4874,1311
121900182,768,385,383
121900183,1001,1089,-88
121900184,93,1083,-990
121900186,14,422,-408
121900187,68,304,-236
121900188,558,803,-245
121900189,66,166,-100
121900190,393,532,-139
121900191,175,183,-8
121900192,400,734,-334
121900193,13,43,-30
121900194,8,257,-249
121900195,96,143,-47
121900196,1523,1385,138
121900197,876,2122,-1246
121900198,1354,1055,299
121900199,3,27,-24
121900200,98,424,-326
121900201,1430,945,485
121900202,379,915,-536
121900203,294,1072,-778
121900204,1083,1856,-773
121900205,19,94,-75
121900206,23,27,-4
121900207,161,48,113
121900208,308,344,-36
121900209,136,54,82
121900210,1303,1232,71
121900211,191,294,-103
121900212,697,161,536
121900213,181,109,72
121900214,12,649,-637
121900215,92,138,-46
121900216,55,251,-196
121900217,295,164,131
121900218,258,415,-157
121900219,346,73,273
121900220,180,18,162
121900221,337,810,-473
121900222,227,228,-1
121900223,170,76,94
121900224,119,70,49
121900225,159,97,62
121900226,322,950,-628
121900227,575,745,-170
121900228,345,508,-163
121900229,363,394,-31
121900230,196,458,-262
121900231,562,1934,-1372
121900232,440,528,-88
121900233,298,316,-18
121900234,407,450,-43
121900235,564,282,282
121900236,768,354,414
121900237,193,393,-200
121900238,182,398,-216
121900239,860,62,798
121900240,327,165,162
121900241,45,107,-62
121900242,14,1,13
121900243,25,0,25
121900244,120,3,117
121900245,170,103,67
121900246,2305,413,1892
121900247,1095,312,783
121900248,1961,1944,17
121900250,290,303,-13
121900251,440,85,355
121900252,802,206,596
121900253,182,884,-702
121900254,570,390,180
121900255,332,142,190
121900258,4060,2854,1206
121900259,484,733,-249
121900260,170,297,-127
121900261,267,916,-649
121900262,469,1315,-846
121900263,568,462,106
121900264,2716,1922,794
121900265,284,377,-93
121900266,686,222,464
121900267,79,50,29
121900269,402,1287,-885
121900270,20,303,-283
121900271,76,209,-133
121900273,516,2125,-1609
121900274,306,371,-65
121900276,792,184,608
121900277,935,1867,-932
121900278,149,1194,-1045
121900279,191,279,-88
121900280,343,499,-156
121900281,665,430,235
121900284,269,15,254
121900286,1526,273,1253
121900287,23,83,-60
121900290,259,462,-203
121900291,464,705,-241
121900292,176,141,35
121900293,1234,3175,-1941
121900294,291,4,287
121900295,149,375,-226
121900296,194,265,-71
121900298,314,773,-459
121900299,1,1,0
121900300,155,10,145
121900301,132,9,123
121900302,0,63,-63
121900303,481,547,-66
121900304,2,11,-9
121900305,5,24,-19
121900306,170,5,165
121900307,66,65,1
121900308,34,390,-356
121900309,32,516,-484
121900310,72,737,-665
121900311,446,30,416
121900312,455,29,426
121900313,504,53,451
121900314,1,108,-107
121900315,18,0,18
121900316,0,18,-18
121900317,23,3,20
121900318,1,26,-25
121900319,41,207,-166
121900320,76,110,-34
121900321,14,8,6
121900322,2,37,-35
121900323,15,19,-4
121900324,7,77,-70
121900325,21,4,17
121900326,11,26,-15
121900327,7,133,-126
121900328,2,43,-41
121900329,6,251,-245
121900330,0,10,-10
121900331,36,32,4
121900332,112,35,77
121900333,5,0,5
122000001,3067,5351,-2284
122000002,6547,2321,4226
122000003,3547,3065,482
122000004,4903,2310,2593
122000005,3522,2067,1455
122000006,2165,1045,1120
122000007,1514,2150,-636
122000008,5418,5932,-514
122000009,457,390,67
122000010,2308,2936,-628
122000011,4115,1676,2439
122000012,1484,1662,-178
122000013,1734,1087,647
122000014,1839,1593,246
122000015,1699,1355,344
122000016,719,1119,-400
122000017,1377,1298,79
122000018,1804,1266,538
122000019,943,1616,-673
122000020,253,227,26
122000021,422,587,-165
122000022,1481,1325,156
122000023,800,2461,-1661
122000024,970,1433,-463
122000025,1506,1897,-391
122000026,1371,1185,186
122000027,767,3138,-2371
122000028,957,556,401
122000029,592,544,48
122000030,390,196,194
122000031,561,339,222
122000032,1863,2476,-613
122000033,983,1223,-240
122000034,1026,768,258
122000035,390,887,-497
122000036,721,852,-131
122000037,441,298,143
122000038,289,501,-212
122000039,752,566,186
122000040,435,348,87
122000041,574,813,-239
122000042,400,713,-313
122000043,147,139,8
122000044,178,153,25
122000045,1340,588,752
122000046,869,835,34
122000047,299,301,-2
122000048,6840,5913,927
122000049,8390,4109,4281
122000050,1933,1006,927
122000051,477,325,152
122000052,735,509,226
122000053,317,1045,-728
122000054,2898,2652,246
122000055,2847,3461,-614
122000056,6348,4221,2127
122000057,5123,4149,974
122000058,3617,1444,2173
122000059,3601,1889,1712
122000060,916,735,181
122000061,693,584,109
122000062,1550,422,1128
122000063,2131,843,1288
122000064,3882,3305,577
122000065,5110,3194,1916
122000066,1334,1183,151
122000067,2000,1544,456
122000068,2927,1677,1250
122000069,1106,792,314
122000070,1963,2373,-410
122000071,1842,1623,219
122000072,375,430,-55
122000073,426,628,-202
122000074,3494,1999,1495
122000075,979,1481,-502
122000076,2503,1442,1061
122000077,1632,883,749
122000078,2951,2733,218
122000079,3185,1493,1692
122000080,979,419,560
122000081,215,489,-274
122000082,1138,902,236
122000083,1941,2741,-800
122000084,2384,1177,1207
122000085,584,1644,-1060
122000086,2588,5739,-3151
122000087,653,275,378
122000088,611,481,130
122000089,6913,2952,3961
122000090,324,578,-254
122000091,298,95,203
122000092,198,38,160
122000093,2030,1801,229
122000094,8447,2676,5771
122000095,4649,4505,144
122000096,3307,1947,1360
122000098,4762,2549,2213
122000099,2233,711,1522
122000100,1168,718,450
122000101,505,945,-440
122000102,2296,1654,642
122000103,2963,2282,681
122000104,825,284,541
122000105,2426,432,1994
122000106,686,761,-75
122000107,1483,622,861
122000108,608,1055,-447
122000109,421,375,46
122000110,702,681,21
122000111,3349,1641,1708
122000112,1051,1671,-620
122000113,801,890,-89
122000114,3701,1776,1925
122000115,2326,1682,644
122000116,1141,766,375
122000117,4367,653,3714
122000118,851,1552,-701
122000119,4598,3864,734
122000120,2715,7069,-4354
122000121,2891,5806,-2915
122000122,1074,3198,-2124
122000123,2384,3153,-769
122000124,1395,1213,182
122000125,1269,1106,163
122000126,993,2581,-1588
122000127,1500,2711,-1211
122000128,660,1310,-650
122000129,1118,1603,-485
122000130,4233,2303,1930
122000131,1717,2414,-697
122000132,780,817,-37
122000133,1351,2571,-1220
122000134,1049,1358,-309
122000135,920,1386,-466
122000136,1114,1208,-94
122000137,2086,1794,292
122000139,1732,3536,-1804
122000140,1278,741,537
122000141,6054,1155,4899
122000142,724,1122,-398
122000143,526,700,-174
122000144,1748,2545,-797
122000145,2440,1174,1266
122000146,2966,1681,1285
122000147,1068,642,426
122000148,2765,2242,523
122000149,2535,2623,-88
122000150,1365,1404,-39
122000151,290,542,-252
122000152,404,586,-182
122000153,443,448,-5
122000154,381,381,0
122000155,2643,2797,-154
122000156,3328,2725,603
122000157,1834,2195,-361
122000158,423,1182,-759
122000159,1045,2883,-1838
122000160,4423,3952,471
122000161,1317,1414,-97
122000162,2960,2324,636
122000163,322,93,229
122000164,39,85,-46
122000165,1037,808,229
122000166,1164,1070,94
122000167,303,249,54
122000168,277,635,-358
122000169,572,235,337
122000170,354,370,-16
122000171,71,139,-68
122000172,1950,1701,249
122000173,1876,2721,-845
122000174,2999,1190,1809
122000175,1326,406,920
122000176,336,892,-556
122000177,1700,1521,179
122000178,2997,2639,358
122000179,2192,2818,-626
122000180,2126,1629,497
122000181,2087,3666,-1579
122000182,2383,1941,442
122000183,2039,1175,864
122000184,3678,2415,1263
122000185,1627,1606,21
122000186,554,882,-328
122000187,1853,1497,356
122000188,573,234,339
122000189,319,431,-112
122000190,1267,1320,-53
122000191,965,951,14
122000192,1296,520,776
122000193,553,954,-401
122000194,906,272,634
122000195,214,614,-400
122000196,1396,844,552
122000197,624,1097,-473
122000198,519,1047,-528
122000199,452,353,99
122000200,1211,753,458
122000201,1542,1515,27
122000202,1578,1492,86
122000203,6432,2226,4206
122000204,2464,2853,-389
122000205,1902,2021,-119
122000206,2742,1182,1560
122000207,2362,1767,595
122000208,2683,1923,760
122000209,2241,473,1768
122000210,2718,2394,324
122000211,2062,1362,700
122000212,906,775,131
122000213,1432,1901,-469
122000214,2629,2263,366
122000215,2630,2077,553
122000217,3819,1697,2122
122000218,922,82,840
122000219,1758,1165,593
122000220,522,989,-467
122000221,112,629,-517
122000222,820,167,653
122000223,2550,720,1830
122000225,1422,381,1041
122000226,3332,2391,941
122000227,484,3073,-2589
122000228,922,674,248
122000229,224,814,-590
122000230,494,849,-355
122000231,1777,1134,643
122000232,1130,1325,-195
122000233,2,94,-92
122000234,432,160,272
122000235,2218,231,1987
122000236,1250,207,1043
122000237,296,106,190
122000238,994,375,619
122000239,2469,295,2174
122000240,1586,964,622
122000241,1452,588,864
122000242,1077,190,887
122000243,522,49,473
122000244,112,363,-251
122000245,73,104,-31
122000246,573,176,397
122000247,2114,346,1768
122000248,1499,2117,-618
122000249,4642,1715,2927
122000250,3286,2122,1164
122000251,360,700,-340
122000252,781,444,337
122000253,89,457,-368
122000254,397,316,81
122000255,1024,2763,-1739
122000256,651,1457,-806
122000257,304,424,-120
122000258,390,492,-102
122000259,29,652,-623
122000260,8,103,-95
122000261,21,259,-238
122000262,0,56,-56
122000263,418,165,253
122000264,1335,684,651
122000265,3048,1324,1724
122000266,4989,882,4107
122000267,396,270,126
122000268,196,815,-619
122000269,949,529,420
122000270,825,220,605
122000271,458,1472,-1014
122000272,519,1375,-856
122000273,512,535,-23
122000274,287,278,9
122000275,340,295,45
122000276,979,870,109
122000277,2188,2171,17
122000278,3868,1695,2173
122000279,309,781,-472
122000280,1616,1222,394
122000281,1124,1240,-116
122000282,673,275,398
122000283,967,150,817
122000284,493,179,314
122000285,700,139,561
122000286,129,232,-103
122000287,1689,2062,-373
122000288,852,406,446
122000291,2431,1329,1102
122000293,537,360,177
122000294,194,286,-92
122000295,2774,310,2464
122000296,213,723,-510
122000297,4584,3600,984
122000299,546,574,-28
122000300,544,645,-101
122000301,15989,4197,11792
122000302,1120,2135,-1015
122000303,5053,1762,3291
122000304,116,463,-347
122000305,1169,386,783
122000306,42,1346,-1304
122000307,380,273,107
122000309,205,61,144
122000310,37,96,-59
122000311,329,209,120
122000312,159,163,-4
122000313,103,90,13
122000314,159,311,-152
122000315,472,49,423
122000316,789,279,510
122000317,1699,300,1399
122000318,357,1007,-650
122000319,287,601,-314
122000320,586,2490,-1904
122000321,118,286,-168
122000322,2831,2134,697
122000323,1729,2209,-480
122000324,1280,1328,-48
122000325,1193,1756,-563
122000326,51,173,-122
122000327,617,1024,-407
122000328,1230,1012,218
122000330,2614,1072,1542
122000332,478,546,-68
122000333,8,143,-135
122000337,1316,2307,-991
122000338,576,653,-77
122000340,393,582,-189
122000342,2638,1470,1168
122000343,458,1006,-548
122000344,81,40,41
122000345,311,72,239
122000346,845,659,186
122000348,1040,1146,-106
122000349,174,1037,-863
122000351,115,307,-192
122000352,607,228,379
122000353,93,128,-35
122000355,174,244,-70
122000356,1828,1419,409
122000357,172,42,130
122000358,0,80,-80
122000359,0,32,-32
122000360,1,93,-92
122000362,16,113,-97
122000364,191,497,-306
122000365,19,61,-42
122000366,51,12,39
122000368,559,858,-299
122000370,58,91,-33
122000371,17,0,17
122000372,24,1,23
122000381,91,421,-330
122000382,106,404,-298
122000384,3763,1805,1958
122000385,83,1,82
122000386,469,1518,-1049
122000387,673,714,-41
122000388,1663,1076,587
122000389,230,791,-561
122000390,442,341,101
122000391,399,224,175
122000392,546,330,216
122000393,528,281,247
122000394,777,641,136
122000395,290,274,16
122000396,361,233,128
122000397,64,76,-12
122000398,41,64,-23
122000399,175,102,73
122000400,147,512,-365
122000401,161,120,41
122000402,305,140,165
122000403,647,1385,-738
122000404,236,396,-160
122000408,1035,1552,-517
122000503,30,174,-144
122000524,974,194,780
122000544,182,3264,-3082
122000616,475,5,470
122000640,132,224,-92
122000641,134,449,-315
122000642,1905,1508,397
122000643,65,245,-180
122000644,358,43,315
122000645,158,252,-94
122000651,2200,1027,1173
122000664,290,74,216
122000665,1535,961,574
122000666,888,1460,-572
122000673,32,434,-402
122000674,193,85,108
122000675,2054,1633,421
122000686,1644,1537,107
122000687,3131,491,2640
122000688,466,1320,-854
122000689,1221,851,370
122000690,2836,709,2127
122000691,2073,2721,-648
122000692,1973,616,1357
122000693,682,2545,-1863
122000695,302,702,-400
122000696,462,473,-11
122000698,336,1272,-936
122000699,389,233,156
122000701,1405,457,948
122000702,611,1676,-1065
122000703,187,54,133
122000717,169,74,95
122000718,432,851,-419
122000719,117,139,-22
122000720,423,439,-16
122900001,42,5,37
122900002,2052,5253,-3201
122900003,508,102,406
122900004,1068,66,1002
122900005,264,52,212
122900006,1839,413,1426
122900007,507,107,400
122900008,1316,73,1243
122900009,1110,487,623
122900010,339,157,182
122900012,257,564,-307
122900013,0,0,0
122900014,263,490,-227
122900015,2798,1074,1724
122900016,139,416,-277
122900017,520,1196,-676
122900018,229,32,197
122900019,36,251,-215
122900020,629,566,63
122900021,181,932,-751
122900022,1054,1119,-65
122900023,573,435,138
122900024,236,160,76
122900025,38,338,-300
122900026,141,642,-501
122900027,97,1280,-1183
122900028,203,285,-82
122900029,5843,3785,2058
122900030,1458,835,623
122900031,160,317,-157
122900032,160,431,-271
122900033,266,231,35
122900034,6897,6485,412
122900035,30,21,9
122900036,91,166,-75
122900037,475,189,286
122900038,166,3697,-3531
122900039,141,563,-422
122900040,373,604,-231
122900041,532,362,170
122900042,222,486,-264
122900043,427,341,86
122900044,142,497,-355
122900045,115,155,-40
122900046,338,176,162
122900047,215,278,-63
122900048,67,295,-228
122900049,2020,261,1759
122900051,116,179,-63
122900052,80,172,-92
122900053,91,46,45
122900055,627,297,330
122900057,359,117,242
122900061,619,277,342
122900062,753,1027,-274
122900063,207,503,-296
122900064,1690,688,1002
122900065,742,353,389
122900066,893,551,342
122900067,2308,1168,1140
122900068,399,379,20
122900069,1271,2519,-1248
122900070,591,113,478
122900071,111,596,-485
122900072,25,851,-826
122900073,64,414,-350
122900074,739,1120,-381
122900075,4,81,-77
122900076,13,282,-269
122900077,2,281,-279
122900078,379,208,171
122900080,65,36,29
122900081,373,320,53
122900082,1038,723,315
122900083,243,532,-289
122900084,15,396,-381
122900086,27,154,-127
122900087,584,991,-407
122900088,38,202,-164
122900089,122,288,-166
122900090,31,696,-665
122900091,151,0,151
122900092,9,173,-164
122900093,1,389,-388
122900094,3,293,-290
122900095,180,6,174
122900096,359,326,33
122900097,34,22,12
122900098,167,167,0
122900099,73,18,55
122900100,995,293,702
122900101,561,277,284
122900102,28,22,6
122900103,73,12,61
122900104,129,13,116
122900105,18,8,10
122900106,21,165,-144
122900107,10,302,-292
122900108,8,292,-284
123000001,2184,588,1596
123000002,5757,5773,-16
123000003,4871,5677,-806
123000004,4949,5724,-775
123000005,3429,4150,-721
123000006,3270,3539,-269
123000007,7319,3440,3879
123000008,6230,4408,1822
123000009,5765,3731,2034
123000010,4201,4982,-781
123000011,2971,986,1985
123000012,1074,3107,-2033
123000013,4468,1155,3313
123000014,1749,4387,-2638
123000015,6287,1449,4838
123000016,7474,5924,1550
123000017,3748,2241,1507
123000018,71,181,-110
123000019,343,579,-236
123000020,232,249,-17
123000021,95,359,-264
123000022,426,2555,-2129
123000023,3375,1983,1392
123000024,1526,810,716
123000025,363,296,67
123000026,606,116,490
123000027,684,532,152
123000028,2609,354,2255
123000029,2088,866,1222
123000030,300,757,-457
123000031,244,449,-205
123000032,423,286,137
123000033,319,90,229
123000034,1505,1559,-54
123000035,601,719,-118
123000036,429,1325,-896
123000037,612,837,-225
123000038,210,245,-35
123000039,552,1526,-974
123000040,1108,647,461
123000041,1648,1461,187
123000042,1667,962,705
123000043,4182,9084,-4902
123000044,6410,3363,3047
123000045,12160,4130,8030
123000046,1117,1838,-721
123000047,3397,1585,1812
123000048,87,730,-643
123000049,9980,11014,-1034
123000050,1511,1777,-266
123000051,157,251,-94
123000052,1214,3952,-2738
123000053,3626,4036,-410
123000054,1807,2333,-526
123000055,2427,3504,-1077
123000056,2334,3105,-771
123000057,20079,9411,10668
123000058,1061,1262,-201
123000059,697,868,-171
123000060,1416,737,679
123000061,833,1186,-353
123000063,1055,1196,-141
123000064,1262,552,710
123000065,15785,4540,11245
123000066,1033,910,123
123000067,1258,961,297
123000068,4021,4099,-78
123000069,9354,5356,3998
123000070,346,1091,-745
123000071,1249,1362,-113
123000072,1250,1822,-572
123000073,1236,1067,169
123000074,1322,1762,-440
123000075,405,1292,-887
123000076,1417,1071,346
123000077,2200,4112,-1912
123000078,1584,2201,-617
123000079,1848,2630,-782
123000080,2714,3227,-513
123000081,255,676,-421
123000082,483,1798,-1315
123000083,1103,354,749
123000084,641,760,-119
123000085,341,129,212
123000086,455,382,73
123000087,423,514,-91
123000088,3945,1497,2448
123000089,697,1547,-850
123000090,1566,1288,278
123000091,1948,2001,-53
123000092,1071,1479,-408
123000094,696,461,235
123000095,1158,1179,-21
123000096,855,612,243
123000097,650,1105,-455
123000098,828,748,80
123000099,773,975,-202
123000100,830,1045,-215
123000101,931,836,95
123000102,984,862,122
123000104,486,543,-57
123000105,672,631,41
123000106,512,505,7
123000107,452,569,-117
123000108,1104,1498,-394
123000111,1182,456,726
123000112,1157,995,162
123000113,662,2116,-1454
123000114,924,946,-22
123000115,611,352,259
123000116,35,184,-149
123000117,4332,3342,990
123000118,523,1547,-1024
123000119,509,1226,-717
123000120,1625,1310,315
123000121,592,875,-283
123000122,387,351,36
123000123,515,818,-303
123000124,590,591,-1
123000125,1415,1363,52
123000126,1763,4598,-2835
123000127,1078,911,167
123000128,356,389,-33
123000129,747,317,430
123000130,673,132,541
123000131,871,837,34
123000132,591,859,-268
123000133,387,575,-188
123000134,435,353,82
123000135,2727,1859,868
123000136,370,1210,-840
123000137,184,435,-251
123000138,133,595,-462
123000139,450,150,300
123000140,249,1198,-949
123000141,966,195,771
123000142,1436,1518,-82
123000143,1853,2599,-746
123000144,193,49,144
123000145,818,198,620
123000146,73,131,-58
123000147,261,177,84
123000149,357,626,-269
123000150,240,399,-159
123000151,437,601,-164
123000152,532,615,-83
123000153,1043,891,152
123000154,2636,2505,131
123000155,3247,1634,1613
123000156,48,242,-194
123000157,711,1116,-405
123000158,872,868,4
123000159,4726,3339,1387
123000160,1322,1048,274
123000161,2271,1489,782
123000162,1512,2232,-720
123000163,701,176,525
123000164,1758,425,1333
123000165,568,2600,-2032
123000166,57,239,-182
123000167,173,349,-176
123000168,315,335,-20
123000169,788,152,636
123000170,78,302,-224
123000171,723,98,625
123000172,558,869,-311
123000173,904,356,548
123000174,1251,450,801
123000175,1318,1933,-615
123000176,1752,365,1387
123000177,740,1684,-944
123000178,869,229,640
123000179,70,1018,-948
123000180,2054,449,1605
123000181,469,2335,-1866
123000182,512,870,-358
123000183,173,479,-306
123000184,369,1158,-789
123000185,1105,672,433
123000186,10,1068,-1058
123000187,668,14,654
123000188,207,2,205
123000189,209,274,-65
123000190,45,92,-47
123000192,18,805,-787
123000193,110,1403,-1293
123000194,592,530,62
123000195,425,38,387
123000196,371,40,331
123000197,61,238,-177
123000198,75,447,-372
123000199,61,873,-812
123000200,638,18,620
123000201,1123,28,1095
123000202,23,1924,-1901
123000203,1101,103,998
123000204,152,2027,-1875
123000205,728,3068,-2340
123000206,2187,232,1955
123000207,111,1450,-1339
123000208,695,220,475
123000209,2383,664,1719
123000210,699,3209,-2510
123000211,895,4410,-3515
123000212,3186,676,2510
123000213,829,114,715
123000215,190,273,-83
123000216,334,2155,-1821
123000217,276,60,216
123000218,76,860,-784
123000219,1550,195,1355
123000220,1221,165,1056
123000221,1001,221,780
123000222,636,784,-148
123000223,402,573,-171
123000224,497,736,-239
123000225,712,155,557
123000226,173,565,-392
123000227,118,466,-348
123000228,437,132,305
123000229,1382,2627,-1245
123000232,407,849,-442
123000233,1282,334,948
123000234,204,994,-790
123000235,1043,580,463
123000236,388,1316,-928
123000237,431,131,300
123000238,130,833,-703
123000239,698,2539,-1841
123000240,69,455,-386
123000241,726,135,591
123000242,259,280,-21
123000243,999,1155,-156
123000244,1376,887,489
123000245,74,246,-172
123000249,478,869,-391
123000252,914,348,566
123000253,1162,665,497
123000254,1189,2138,-949
123000255,1427,1393,34
123000256,44,491,-447
123000257,4428,3326,1102
123000258,1864,1662,202
123000259,419,597,-178
123000260,422,623,-201
123000261,254,341,-87
123000262,103,303,-200
123000263,485,152,333
123000264,192,154,38
123000265,123,214,-91
123000266,864,1394,-530
123000267,708,434,274
123000268,39,96,-57
123000269,67,104,-37
123000270,22,70,-48
123000271,112,137,-25
123000272,902,289,613
123000273,303,769,-466
123000274,1351,742,609
123000275,454,1372,-918
123000278,7365,3814,3551
123000279,100,159,-59
123000280,1003,565,438
123000281,431,176,255
123000282,214,402,-188
123000283,104,74,30
123000284,72,123,-51
123000286,335,381,-46
123000287,627,350,277
123000288,1678,1009,669
123000289,600,1575,-975
123000291,423,1041,-618
123000294,179,324,-145
123000295,1256,1316,-60
123000296,770,577,193
123000297,481,861,-380
123000298,624,581,43
123000299,33,241,-208
123000300,1062,1085,-23
123000301,147,285,-138
123000302,77,271,-194
123000303,109,149,-40
123000305,1323,1196,127
123000306,146,352,-206
123000309,38,83,-45
123000310,62,28,34
123000311,0,164,-164
123000312,735,1592,-857
123000313,634,539,95
123000315,85,491,-406
123000316,1848,126,1722
123000317,254,113,141
123000318,74,391,-317
123000329,16,26,-10
123000337,904,332,572
123000338,1181,78,1103
123000339,250,330,-80
123000340,266,894,-628
123000342,235,20,215
123000343,60,9,51
123000344,1765,1193,572
123000345,453,1507,-1054
123000346,299,59,240
123000352,2028,1152,876
123000353,48,145,-97
123000354,739,17,722
123000355,1,948,-947
123000356,710,28,682
123000357,7,230,-223
123000359,2,221,-219
123000360,220,168,52
123000361,502,469,33
123000362,457,200,257
123000363,155,307,-152
123000364,929,659,270
123000365,46,477,-431
123000366,605,2303,-1698
123000367,419,1897,-1478
123000370,90,359,-269
123000371,1861,54,1807
123000372,689,48,641
123000373,17,543,-526
123000374,188,372,-184
123000375,909,66,843
123000376,1059,763,296
123000377,577,61,516
123000378,22,467,-445
123000379,20,312,-292
123000380,75,493,-418
123000381,189,45,144
123000382,1745,278,1467
123000383,307,1529,-1222
123000384,531,122,409
123000385,547,570,-23
123000436,73,1232,-1159
123000507,211,391,-180
123000508,227,1200,-973
123000517,486,91,395
123000518,42,322,-280
123000519,281,120,161
123000520,75,307,-232
123000521,639,155,484
123000522,198,805,-607
123000541,23,7,16
123000542,2,25,-23
123000565,656,54,602
123000566,284,1118,-834
123000567,176,390,-214
123000573,39,1360,-1321
123000574,1177,121,1056
123000575,1378,1777,-399
123000576,895,2310,-1415
123000577,93,923,-830
123000578,729,112,617
123000579,4651,6551,-1900
123000580,101,43,58
123000582,558,61,497
123000583,48,590,-542
123000584,232,374,-142
123000585,0,392,-392
123000586,90,1,89
123000596,153,174,-21
123000597,84,161,-77
123000602,20,7,13
123000603,638,892,-254
123000604,616,1341,-725
123000605,1238,165,1073
123000606,1,526,-525
123000609,50,450,-400
123000610,214,236,-22
123000613,18,249,-231
123000614,339,94,245
123000615,101,173,-72
123000616,889,77,812
123000617,127,854,-727
123000618,139,1150,-1011
123000619,739,56,683
123000620,39,782,-743
123000622,455,34,421
123000624,138,72,66
123000630,1047,562,485
123000631,324,1832,-1508
123000632,1016,1171,-155
123000633,0,285,-285
123000634,91,150,-59
123000635,162,138,24
123000636,35,897,-862
123000637,217,232,-15
123000638,813,61,752
123000639,1597,4325,-2728
123000640,30,1005,-975
123900001,1926,79,1847
123900002,73,1884,-1811
123900003,648,599,49
123900005,272,183,89
123900006,354,83,271
124000001,2456,197,2259
124000002,143,2552,-2409
124000003,931,213,718
124000004,68,914,-846
124000005,1457,606,851
124000006,337,1870,-1533
124000007,944,185,759
124000008,23,943,-920
124000009,926,474,452
124000010,253,573,-320
124000011,2577,636,1941
124000012,450,712,-262
124000017,203,293,-90
124000018,110,126,-16
124000019,151,272,-121
124000020,65,294,-229
124000021,177,233,-56
124000022,105,327,-222
124000023,1984,1916,68
124000024,1466,538,928
124000025,1427,1895,-468
124000026,1269,1294,-25
124000027,5812,5682,130
124000028,2834,5407,-2573
124000030,3707,1674,2033
124000031,1694,3554,-1860
124000032,4053,1382,2671
124000033,337,671,-334
124000034,1772,850,922
124000035,110,259,-149
124000036,154,297,-143
124000037,1562,1559,3
124000038,136,104,32
124000039,2302,694,1608
124000040,1039,1485,-446
124000041,978,102,876
124000042,326,710,-384
124000043,366,138,228
124000044,204,377,-173
124000045,1154,933,221
124000046,409,820,-411
124000047,1580,1444,136
124000048,1297,1949,-652
124000049,2568,1170,1398
124000050,1337,2668,-1331
124000051,1025,929,96
124000052,955,1626,-671
124000053,623,1795,-1172
124000054,1163,775,388
124000055,1527,3318,-1791
124000056,3407,2059,1348
124000057,1103,864,239
124000058,568,1877,-1309
124000059,677,1356,-679
124000060,1556,1090,466
124000061,1812,5313,-3501
124000062,5416,2319,3097
124000063,1750,2299,-549
124000064,3993,2206,1787
124000065,17,1143,-1126
124000066,169,83,86
124000067,336,374,-38
124000068,14,40,-26
124000069,265,22,243
124000070,141,159,-18
124000071,3052,157,2895
124000072,1107,676,431
124000073,1103,234,869
124000074,380,1036,-656
124000075,333,87,246
124000076,9,358,-349
124000077,2308,1045,1263
124000078,4243,1877,2366
124000079,781,1732,-951
124000080,1623,314,1309
124000081,396,742,-346
124000082,51,276,-225
124000083,96,123,-27
124000084,47,330,-283
124000085,224,45,179
124000086,127,133,-6
124000087,877,119,758
124000088,349,528,-179
124000089,1112,515,597
124000090,143,416,-273
124000091,422,110,312
124000092,55,569,-514
124000093,192,289,-97
124000094,404,696,-292
124000095,144,225,-81
124000096,191,477,-286
124000097,120,324,-204
124000098,91,104,-13
124000099,285,194,91
124000100,51,95,-44
124000101,88,179,-91
124000102,122,96,26
124000103,118,155,-37
124000104,110,81,29
124000105,80,91,-11
124000106,154,121,33
124000107,17,175,-158
124000108,102,51,51
124000109,160,201,-41
124000110,259,176,83
124000111,218,226,-8
124000112,753,928,-175
124000113,80,136,-56
124000114,397,585,-188
124000115,428,821,-393
124000116,99,232,-133
124000117,71,88,-17
124000118,29,116,-87
124000119,1225,806,419
124000120,715,566,149
124000121,1928,884,1044
124000122,729,1670,-941
124000123,1796,723,1073
124000124,585,1403,-818
124000125,435,597,-162
124000126,340,889,-549
124000127,1020,592,428
124000128,685,1411,-726
124000129,2498,1933,565
124000130,1014,996,18
124000131,1086,718,368
124000132,1004,1107,-103
124000133,698,1085,-387
124000134,1098,1000,98
124000135,2251,2401,-150
124000136,1360,1500,-140
124000137,1546,1028,518
124000138,2116,1818,298
124000139,2273,49,2224
124000140,126,751,-625
124000141,847,33,814
124000142,11,295,-284
124000143,66,71,-5
124000144,24,69,-45
124000145,543,133,410
124000146,276,97,179
124000148,131,287,-156
124000149,2111,809,1302
124000150,647,834,-187
124000151,997,621,376
124000152,1005,1579,-574
124000153,1136,1039,97
124000154,644,978,-334
124000155,1596,1406,190
124000156,2036,1429,607
124000169,263,538,-275
124000170,1058,652,406
124000171,333,270,63
124000172,440,861,-421
124000173,535,294,241
124000174,448,815,-367
124000175,49,226,-177
124000176,144,48,96
124000177,30,60,-30
124000178,302,77,225
124000190,65,68,-3
124000191,127,52,75
124000192,3961,586,3375
124000193,1767,1256,511
124000194,475,801,-326
124000195,301,728,-427
124000196,1327,1412,-85
124000197,100,69,31
124000198,44,70,-26
124000201,504,1356,-852
124000202,703,539,164
124000203,884,1020,-136
124000204,1010,651,359
124000205,463,724,-261
124000206,1556,668,888
124000207,1,85,-84
124000209,355,739,-384
124000210,573,270,303
124000211,608,5,603
124000212,1,686,-685
124000213,570,471,99
124000214,423,935,-512
124000215,766,47,719
124000216,2,626,-624
124000329,249,2459,-2210
124000338,243,1304,-1061
124000339,1298,324,974
124000341,1422,439,983
124000344,30,5,25
124000357,991,2430,-1439
124000358,872,1666,-794
124000359,1484,1089,395
124000360,950,927,23
124000361,3036,1042,1994
124000362,2171,2209,-38
124000363,402,547,-145
124000364,856,1433,-577
124000365,764,1327,-563
124000366,1927,1063,864
124000367,223,661,-438
124000368,677,542,135
124000369,214,272,-58
124000370,111,679,-568
124000402,55,26,29
124000403,277,117,160
124000404,15,191,-176
124000405,1225,1134,91
124000406,1033,1364,-331
124000407,9,59,-50
124000411,7,488,-481
124000412,570,18,552
124000413,393,61,332
124000414,117,162,-45
124000415,72,164,-92
124000416,170,304,-134
124000417,179,139,40
124000418,161,172,-11
124000419,61,143,-82
124000420,60,136,-76
124000421,81,218,-137
124000422,23,23,0
124000423,205,45,160
124000424,4,87,-83
124000425,46,108,-62
124000426,7,48,-41
124000427,83,33,50
124000428,28,84,-56
124000429,78,98,-20
124000430,952,816,136
124000431,791,779,12
124000432,351,1084,-733
124000439,3,14,-11
124000442,6,180,-174
124000443,3,2,1
124000445,150,741,-591
124000446,1187,55,1132
124900001,483,589,-106
124900002,254,569,-315
124900003,995,1036,-41
124900004,577,609,-32
124900005,869,278,591
124900006,742,581,161
124900008,2582,978,1604
124900009,197,444,-247
124900010,281,292,-11
124900011,647,616,31
124900012,705,227,478
124900013,984,209,775
124900014,1073,128,945
124900015,200,539,-339
124900016,126,135,-9
124900017,1091,1617,-526
124900018,97,12,85
124900020,176,142,34
124900021,874,120,754
124900022,140,10,130
124900024,354,98,256
124900026,450,44,406
124900027,127,552,-425
124900028,949,209,740
124900029,23,741,-718
124900030,30,257,-227
124900031,74,484,-410
124900032,293,395,-102
124900033,500,523,-23
124900034,18,159,-141
124900035,270,756,-486
124900036,3,67,-64
124900037,210,561,-351
124900038,418,456,-38
124900039,2,77,-75
124900040,199,159,40
124900041,259,1193,-934
124900042,386,16,370
124900043,532,1121,-589
124900044,116,5,111
124900045,1487,1387,100
124900046,1813,296,1517
124900047,161,265,-104
124900048,201,118,83
124900050,122,265,-143
124900052,153,640,-487
124900053,431,531,-100
124900054,2618,1123,1495
124900055,3,305,-302
124900057,11,73,-62
124900060,191,356,-165
124900061,140,10,130
124900062,372,56,316
124900066,0,43,-43
124900067,9,280,-271
124900068,289,826,-537
124900070,131,27,104
124900072,107,54,53
124900074,871,366,505
124900075,248,342,-94
124900076,61,1460,-1399
124900077,62,322,-260
124900078,131,35,96
124900079,723,423,300
124900080,275,687,-412
124900081,799,702,97
124900082,374,1043,-669
124900083,259,570,-311
124900084,2448,151,2297
124900085,1448,431,1017
124900086,145,1447,-1302
124900087,893,156,737
124900088,909,171,738
124900089,1544,41,1503
124900090,386,435,-49
124900091,372,684,-312
124900092,303,487,-184
124900093,367,370,-3
124900094,489,481,8
124900095,102,623,-521
124900096,720,513,207
124900097,389,153,236
124900098,171,733,-562
124900099,1143,798,345
124900100,437,234,203
124900101,131,474,-343
124900102,246,152,94
124900103,188,441,-253
124900104,78,309,-231
124900105,109,239,-130
124900106,523,139,384
124900107,200,51,149
124900108,167,125,42
124900109,131,280,-149
124900110,1360,534,826
124900111,7,107,-100
124900112,94,847,-753
124900113,171,284,-113
124900114,248,101,147
124900115,481,56,425
124900116,212,229,-17
124900117,540,175,365
124900118,207,215,-8
124900119,382,216,166
124900120,85,492,-407
124900121,138,489,-351
124900122,274,325,-51
124900123,254,169,85
124900124,157,309,-152
129000186,182,66,116
204000001,74,3,71
204000002,25,3,22
204000003,44,3,41
204000004,20,0,20
204000005,611,525,86
204000006,1541,1226,315
204000008,1297,746,551
204000011,11,52,-41
204000012,62,91,-29
204000013,1,30,-29
204000019,679,576,103
204000020,898,748,150
204000021,3043,897,2146
204000022,703,484,219
204000023,660,1181,-521
204000031,51,26,25
204000032,707,49,658
204000034,17,368,-351
204000035,0,2,-2
204000036,5,42,-37
204000037,0,25,-25
204000038,0,3,-3
204000039,124,40,84
204000040,1,41,-40
204000041,21,49,-28
204000042,66,17,49
204000043,36,2,34
204000044,90,6,84
204000045,56,4,52
204000046,18,1,17
204000057,7,21,-14
204000062,7,18,-11
204000068,49,291,-242
204000069,13,357,-344
204000070,142,213,-71
204000080,139,77,62
204000085,2207,2423,-216
204000086,2589,2563,26
204000087,33,7,26
204000088,6,115,-109
204000090,44,404,-360
204000093,348,69,279
204000096,766,973,-207
204000097,568,18,550
204000099,1210,1353,-143
204000100,1375,1790,-415
204000105,2295,1851,444
204000110,1889,1932,-43
204000111,427,1013,-586
204000112,2478,833,1645
204000113,602,883,-281
204000114,987,947,40
204000115,866,392,474
204000116,5709,704,5005
204000119,1971,2731,-760
204000132,717,492,225
204000133,761,483,278
204000134,693,206,487
204000135,690,161,529
204000136,745,437,308
204000138,406,897,-491
204000140,186,178,8
204000141,161,71,90
204000144,13,40,-27
204000145,682,57,625
204000146,35,429,-394
204000147,40,230,-190
204000148,1478,43,1435
204000154,10,2,8
204000155,1,8,-7
204000177,89,71,18
204000179,23,12,11
204000180,1,32,-31
204000222,13,15,-2
204000235,19,19,0
204000236,84,297,-213
204000238,48,29,19
204000240,419,115,304
204000263,422,1192,-770
204000308,208,34,174
204000317,8,98,-90
204000322,19,57,-38
204000323,30,8,22
204000328,330,52,278
204000329,25,219,-194
204000330,238,21,217
204000331,152,128,24
204010341,6,229,-223
205000001,1151,2110,-959
205000013,8,78,-70
205000014,28,113,-85
205000015,34,223,-189
205000016,79,210,-131
205000017,12,136,-124
205000022,269,885,-616
205000025,1290,1352,-62
205000029,227,8,219
205000045,131,353,-222
205000047,154,434,-280
205000048,383,1023,-640
205000049,167,865,-698
205000050,658,350,308
205000059,0,233,-233
205000060,0,82,-82
205000061,1,66,-65
205000062,1,48,-47
205000063,20,74,-54
205000064,9,121,-112
205000065,37,608,-571
205000066,90,806,-716
205000067,37,1000,-963
205000069,183,14,169
205000082,156,174,-18
205000110,57,271,-214
205000111,190,278,-88
205000112,258,250,8
205000113,238,446,-208
205000121,262,53,209
205000123,56,284,-228
205000126,433,155,278
205000127,625,205,420
205000128,528,83,445
205000129,701,93,608
205000130,577,36,541
205000131,207,16,191
205000132,279,3,276
205000133,223,0,223
205000134,243,0,243
205000137,56,204,-148
205000138,245,362,-117
205000139,39,130,-91
205000144,140,80,60
205000145,715,179,536
205000151,205,41,164
205000152,317,32,285
205000153,204,30,174
205000154,144,58,86
205000155,110,16,94
205000207,12,233,-221
205000233,16,0,16
205000234,0,0,0
205000243,0,0,0
205000244,0,3,-3
205000245,14,229,-215
205000249,1,34,-33
205000250,9,4,5
205000251,169,460,-291
205000264,6,107,-101
206000027,17,3,14
206000028,13,5,8
206000043,15,71,-56
206000053,6,9,-3
206000054,6,13,-7
206000055,3,35,-32
206000075,12,9,3
206000076,19,8,11
206000077,23,2,21
206000078,16,2,14
206000079,19,11,8
206000082,398,29,369
206000100,45,725,-680
206000103,4,24,-20
206000104,10,31,-21
206000105,7,39,-32
206000106,22,28,-6
206000108,741,42,699
206000125,46,0,46
206000157,68,787,-719
206000170,1,270,-269
206000171,2,261,-259
206000172,11,656,-645
206000173,7,303,-296
206000174,22,111,-89
206000175,16,152,-136
206000176,14,280,-266
206000177,0,222,-222
206000178,6,269,-263
206000179,23,149,-126
206000180,17,184,-167
206000181,12,209,-197
206000182,7,204,-197
206000183,16,796,-780
206000184,0,471,-471
206000185,2,273,-271
206000186,87,1406,-1319
206000223,9,279,-270
206000226,28,5,23
206000227,31,6,25
206000237,33,480,-447
206000238,36,630,-594
206000239,330,2667,-2337
206000240,2,77,-75
206000241,0,110,-110
206000242,6,408,-402
206000243,21,295,-274
206000244,83,781,-698
206000245,691,47,644
206000246,186,5,181
206000247,221,16,205
206000248,346,18,328
206000252,91,22,69
206000258,21,45,-24
206000315,27,3,24
206000317,573,97,476
206000318,460,60,400
206000319,1109,98,1011
206000320,157,40,117
206000321,172,17,155
206000322,434,22,412
206000323,125,4,121
206000324,164,2,162
206000325,197,11,186
206000326,226,15,211
206000327,366,7,359
206000328,166,5,161
206000329,335,13,322
206000330,76,18,58
206000331,142,7,135
206000332,41,4,37
206000333,575,3,572
206000334,215,4,211
206000335,0,20,-20
206000361,5,227,-222
206000392,3,34,-31
206000405,130,0,130
206000441,42,20,22
206000498,45,4,41
206000515,147,29,118
206000530,192,55,137
206000531,189,171,18
206000532,1871,220,1651
206000535,369,2211,-1842
206000536,33,258,-225
206000537,29,194,-165
206000613,1404,180,1224
207000001,134,531,-397
207000002,88,339,-251
207000003,150,208,-58
207000007,804,264,540
207000008,74,13,61
207000009,75,24,51
207000010,514,469,45
207000012,355,331,24
207000015,341,1449,-1108
207000019,308,97,211
207000021,782,176,606
207000022,183,129,54
207000023,254,47,207
207000024,8,11,-3
207000025,46,55,-9
207000026,121,65,56
207000027,39,103,-64
207000028,64,201,-137
207000029,391,429,-38
207000033,299,383,-84
207000034,390,86,304
207000039,432,176,256
207000040,228,117,111
207000041,300,69,231
207000042,295,69,226
207000043,431,238,193
207000051,134,370,-236
207000052,175,193,-18
207000053,478,610,-132
207000054,43,115,-72
207000055,168,145,23
207000056,323,407,-84
207000057,187,311,-124
207000058,188,356,-168
207000059,90,602,-512
207000060,83,229,-146
207000061,248,417,-169
207000062,249,46,203
207000063,263,156,107
207000064,780,275,505
207000065,660,286,374
207000066,208,199,9
207000067,46,111,-65
207000068,202,91,111
207000069,755,469,286
207000082,19,238,-219
207000083,120,323,-203
207000084,208,246,-38
207000085,206,12,194
207000086,159,2,157
207000106,36,38,-2
207000107,77,21,56
207000108,56,18,38
207000109,78,12,66
207000110,107,88,19
207000111,93,87,6
207000112,229,600,-371
207000114,32,64,-32
207000115,27,123,-96
207000116,33,497,-464
207000117,11,147,-136
207000118,7,153,-146
207000119,33,147,-114
207000123,161,43,118
207000124,55,42,13
207000125,124,61,63
207000126,68,93,-25
207000134,76,156,-80
207000135,23,235,-212
207000148,76,351,-275
207000149,72,73,-1
207000152,139,429,-290
207000153,1240,1300,-60
207000154,457,130,327
207000159,130,309,-179
207000160,189,524,-335
207000238,1,217,-216
207000242,10,245,-235
207000248,111,48,63
207000249,190,64,126
207000250,985,106,879
207000251,136,97,39
207000252,214,85,129
207000278,91,92,-1
207000279,24,191,-167
207000280,538,68,470
207000281,103,1074,-971
207000282,200,89,111
207000283,133,227,-94
207000284,61,163,-102
207000285,77,53,24
207000291,22,169,-147
207000304,136,54,82
207000306,87,528,-441
207000310,96,91,5
207000353,243,2,241
207000356,15,90,-75
207000357,67,22,45
207000358,27,16,11
207000415,2,297,-295
207000417,64,2,62
207000418,2,16,-14
207000437,0,0,0
207000439,1100,645,455
207000446,171,0,171
207000460,32,4,28
207000466,216,231,-15
207000467,154,112,42
207000468,39,372,-333
207000476,8,88,-80
207000477,693,129,564
207000523,0,5,-5
207000524,118,3,115
207000527,138,233,-95
207000530,465,1,464
207000531,357,7,350
207000532,220,24,196
207000534,463,51,412
207000535,55,407,-352
207000537,386,184,202
207000540,13,286,-273
207000541,7,549,-542
207000548,22,396,-374
207000549,675,18,657
207000561,155,219,-64
207000562,46,330,-284
207000567,191,273,-82
207000568,195,134,61
207000569,461,1144,-683
207000584,392,277,115
207000585,102,451,-349
207000616,1,169,-168
207000617,246,2,244
207900008,193,115,78
208000001,695,1000,-305
208000002,1304,584,720
208000003,1020,466,554
208000004,1847,658,1189
208000005,15,33,-18
208000019,747,1651,-904
208000020,184,810,-626
208000021,250,542,-292
208000022,1126,695,431
208000028,2428,1263,1165
208000033,573,1272,-699
208000034,1318,1789,-471
208000040,314,233,81
208000041,1073,768,305
208000042,1728,978,750
208000047,139,348,-209
208000064,3831,1739,2092
208000066,2580,2578,2
208000070,410,518,-108
208000071,350,1106,-756
208000072,364,1553,-1189
208000080,308,352,-44
208000081,311,175,136
208000082,321,328,-7
208000083,137,472,-335
208000084,41,19,22
208000085,1217,682,535
208000086,533,1140,-607
208000087,763,874,-111
208000089,883,624,259
208000090,898,1012,-114
208000093,153,146,7
208000094,1833,559,1274
208000095,830,526,304
208000104,1061,1238,-177
208000105,1501,1249,252
208000114,125,353,-228
208000115,523,698,-175
208000116,674,1280,-606
208000117,180,166,14
208000118,98,103,-5
208000155,1067,1062,5
208000158,1623,3667,-2044
208000186,4882,3962,920
208000204,653,1080,-427
208000205,1108,1412,-304
208000282,7043,3128,3915
209000004,739,230,509
209000005,80,52,28
209000006,429,197,232
209000007,314,309,5
209000010,571,187,384
209000011,229,322,-93
209000012,889,247,642
209000013,588,511,77
209000014,624,1478,-854
209000025,250,50,200
209000026,689,122,567
209000027,632,1121,-489
209000028,570,914,-344
209000029,638,863,-225
209000030,530,1809,-1279
209000031,3438,2809,629
209000034,171,186,-15
209000035,108,152,-44
209000036,133,104,29
209000037,201,217,-16
209000038,86,151,-65
209000039,65,153,-88
209000040,315,569,-254
209000041,168,525,-357
209000042,240,509,-269
209000043,760,941,-181
209000044,199,803,-604
209000045,1383,828,555
209000046,512,1697,-1185
209000047,640,313,327
209000048,522,406,116
209000049,107,110,-3
209000050,187,176,11
209000051,325,415,-90
209000052,165,359,-194
209000062,34,135,-101
209000063,77,108,-31
209000064,50,129,-79
209000065,74,41,33
209000066,71,36,35
209000067,60,54,6
209000080,62,290,-228
209000082,75,43,32
209000091,30,146,-116
209000093,58,37,21
209000094,220,246,-26
209000110,38,100,-62
209000111,518,1540,-1022
209000112,859,1408,-549
209000113,1686,1227,459
209000114,665,683,-18
209000115,60,180,-120
209000116,642,608,34
209000118,49,34,15
209000119,37,18,19
209000121,135,533,-398
209000135,79,166,-87
209000142,672,1399,-727
209000143,97,119,-22
209000144,65,124,-59
209000229,263,448,-185
209000240,43,417,-374
209000259,92,123,-31
209000260,73,1087,-1014
209000261,4,796,-792
209000262,4,612,-608
209000263,0,182,-182
209000264,0,130,-130
209000265,1309,12,1297
209000266,768,7,761
209000267,1977,22,1955
209000268,768,81,687
210000037,71,11,60
210000047,77,27,50
210000048,100,29,71
210000049,52,17,35
210000052,40,99,-59
210000053,23,60,-37
210000054,63,87,-24
210000070,167,5,162
210000071,115,0,115
210000072,85,0,85
210000073,1,40,-39
210000074,0,142,-142
210000075,7,98,-91
210000076,31,164,-133
210000077,17,45,-28
210000078,53,33,20
210000079,25,26,-1
210000080,127,64,63
210000081,269,46,223
210000082,208,5,203
210000083,76,1,75
210000084,46,0,46
210000085,1,113,-112
210000086,6,144,-138
210000099,58,294,-236
210000100,50,170,-120
210000101,101,210,-109
210000105,33,160,-127
210000159,2,174,-172
210000163,245,216,29
210000164,186,171,15
210000168,144,37,107
210000187,0,8,-8
210000188,0,23,-23
210000214,124,0,124
210000219,35,50,-15
210000220,87,75,12
210000232,4,25,-21
210000233,37,62,-25
210000234,32,110,-78
210000235,53,105,-52
210000245,2,39,-37
210000246,46,2,44
210000258,20,119,-99
210000259,640,73,567
210000282,163,299,-136
210000285,0,112,-112
210000286,13,215,-202
210000290,0,1,-1
210000295,36,159,-123
210000296,31,41,-10
210000320,169,135,34
210000321,115,70,45
210000338,77,64,13
210000339,375,1084,-709
210000340,204,407,-203
210000341,212,280,-68
210000342,198,204,-6
210000343,240,175,65
210000344,228,137,91
210000345,156,196,-40
210000346,132,130,2
210000347,102,48,54
210000348,150,16,134
210000349,82,19,63
210000350,127,87,40
210000351,152,125,27
210000352,81,85,-4
210000353,83,113,-30
210000354,193,112,81
210000355,63,100,-37
210000356,51,64,-13
210000357,99,68,31
210000358,276,129,147
210000359,115,78,37
210000360,169,96,73
210000361,154,162,-8
210000362,294,220,74
210000363,985,256,729
210000364,202,179,23
210000365,138,84,54
210000366,125,70,55
210000367,95,42,53
210000368,204,57,147
210000369,34,20,14
210000370,49,21,28
210000372,58,30,28
210000373,38,17,21
210000374,41,8,33
210000375,31,64,-33
210000376,106,177,-71
210000404,100,125,-25
210000439,20,64,-44
210000472,105,5,100
210000482,88,89,-1
210000564,515,303,212
210000567,0,7,-7
210000568,411,4,407
211000092,77,60,17
211000094,30,5,25
211000169,233,32,201
211000172,21,214,-193
211000209,3,30,-27
211000226,1,2,-1
211000270,3,3,0
211000275,21,27,-6
211000276,97,42,55
211000279,31,54,-23
211000281,74,58,16
211507980,0,53,-53
211977296,102,12,90
212000003,139,42,97
212000004,42,13,29
212000005,20,23,-3
212000006,51,67,-16
212000008,135,157,-22
212000009,25,149,-124
212000012,92,92,0
212000013,33,85,-52
212000014,263,192,71
212000015,303,312,-9
212000016,469,670,-201
212000027,620,603,17
212000028,324,533,-209
212000029,221,319,-98
212000030,71,38,33
212000031,70,90,-20
212000048,141,231,-90
212000049,21,135,-114
212000050,16,11,5
212000051,193,239,-46
212000052,185,331,-146
212000053,405,706,-301
212000054,215,183,32
212000055,272,307,-35
212000056,19,41,-22
212000057,18,30,-12
212000058,429,62,367
212000070,121,262,-141
212000077,160,719,-559
212000099,333,323,10
212000108,207,197,10
212000111,235,111,124
212000120,105,63,42
212000138,116,30,86
212000156,8,178,-170
212000158,22,18,4
212000159,409,66,343
212000160,602,324,278
212000161,62,10,52
212000310,56,10,46
212000311,12,70,-58
212000374,62,19,43
213000001,66,666,-600
213000005,601,158,443
213000006,1281,404,877
213000007,251,6,245
213000009,937,520,417
213000010,187,325,-138
213000011,331,167,164
213000012,166,392,-226
213000014,102,9,93
213000015,260,4,256
213000016,778,59,719
213000017,60,0,60
213000018,6,184,-178
213000019,1,212,-211
213000020,137,530,-393
213000021,8,129,-121
213000023,324,171,153
213000033,370,1852,-1482
213000034,932,417,515
213000035,128,277,-149
213000045,191,346,-155
213000046,257,286,-29
213000047,734,1311,-577
213000056,235,69,166
213000069,133,1,132
213000073,0,40,-40
213000074,101,455,-354
213000075,545,17,528
213000085,11,52,-41
213000086,19,196,-177
213000091,164,18,146
213000092,84,21,63
213000099,205,1176,-971
213000100,1336,260,1076
213000101,275,156,119
213000102,414,358,56
213000103,923,1044,-121
213000104,76,514,-438
213000105,5,102,-97
213000106,88,144,-56
213000107,131,704,-573
213000108,33,605,-572
213000109,17,330,-313
213000110,16,147,-131
213000111,7,78,-71
213000112,119,134,-15
213000115,78,7,71
213000116,75,626,-551
213000117,28,1144,-1116
213000118,406,354,52
213000119,71,762,-691
213000120,141,662,-521
213000122,156,791,-635
213000123,448,1731,-1283
213000124,131,1694,-1563
213000125,193,27,166
213000126,139,213,-74
213000127,188,249,-61
213000128,705,1131,-426
213000129,411,519,-108
213000130,488,284,204
213000132,327,99,228
213000133,559,117,442
213000134,671,29,642
213000136,647,27,620
213000137,678,99,579
213000139,588,26,562
213000147,116,8,108
213000148,38,6,32
213000149,48,6,42
213000150,0,138,-138
213000151,13,114,-101
213000152,2,114,-112
213000153,7,112,-105
213000154,60,324,-264
213000155,87,401,-314
213000156,139,660,-521
213000157,624,627,-3
213000158,418,1257,-839
213000159,592,679,-87
213000163,798,128,670
213000165,804,275,529
213000171,0,138,-138
213000172,2,467,-465
213000173,5,334,-329
213000174,6,290,-284
213000175,34,253,-219
213000176,101,26,75
213000177,108,13,95
213000178,107,4,103
213000179,213,5,208
213000180,137,0,137
213000184,127,588,-461
213000188,574,128,446
213000189,357,49,308
213000190,993,999,-6
213000191,308,495,-187
213000192,235,498,-263
213000193,949,377,572
213000194,3,75,-72
213000195,32,445,-413
213000196,278,1563,-1285
213000197,388,833,-445
213000198,157,8,149
213000200,136,1132,-996
213000201,52,60,-8
213000202,8,604,-596
213000203,3606,838,2768
213000204,712,139,573
213000205,499,148,351
213000206,682,64,618
213000207,288,32,256
213000208,168,5,163
213000209,252,1,251
213000210,855,6,849
213000211,9,22,-13
213000212,26,30,-4
213000213,20,66,-46
213000218,282,899,-617
213000219,524,15,509
213000220,463,10,453
213000223,291,223,68
213000224,91,53,38
213000225,136,8,128
213000226,134,18,116
213000227,1001,289,712
213000228,723,102,621
213000229,444,29,415
213000230,564,26,538
213000232,81,667,-586
213000233,22,241,-219
213000234,8,43,-35
213000293,20,60,-40
213000294,202,16,186
213000295,9,84,-75
213000296,102,24,78
213000297,10,132,-122
213000298,27,111,-84
213000299,72,51,21
213000300,29,2,27
213000303,5,27,-22
213000304,3,6,-3
213000305,6,13,-7
213000306,87,35,52
213000307,233,104,129
213000308,199,295,-96
213000309,173,65,108
213000310,621,173,448
213000311,262,723,-461
213000315,61,157,-96
213000316,150,74,76
213000322,118,206,-88
213000323,86,84,2
213000324,113,130,-17
213000325,89,187,-98
213000326,92,72,20
213000327,66,153,-87
213000328,68,181,-113
213000329,129,104,25
213000340,149,684,-535
213000341,522,133,389
213000347,950,468,482
213000348,19,197,-178
213000349,38,19,19
213000350,299,1307,-1008
213000366,74,415,-341
213000367,236,44,192
213000379,142,81,61
213000386,22,255,-233
213000406,89,468,-379
213000417,1191,596,595
213000425,178,60,118
213000426,154,84,70
213000427,95,341,-246
213000428,36,290,-254
213000429,56,10,46
213000430,79,1090,-1011
213000431,147,4,143
213000432,3,25,-22
213000433,36,204,-168
213000434,117,176,-59
213000435,134,60,74
213000436,34,94,-60
213000437,4,47,-43
213000438,173,176,-3
213000439,54,27,27
213000440,14,378,-364
213000441,7,2,5
213000442,14,75,-61
213000443,586,479,107
213000444,25,85,-60
213000445,1,86,-85
213000446,2,22,-20
213000447,9,71,-62
213000448,5,162,-157
213000449,379,14,365
213000450,39,71,-32
213000451,255,150,105
213000452,42,40,2
213000453,54,375,-321
213000455,518,18,500
213000456,1,266,-265
213000481,6,8,-2
213000484,38,2,36
213000489,523,91,432
213900002,0,103,-103
213900003,442,25,417
213900013,6,180,-174
213900015,0,10,-10
213900016,12,20,-8
213900020,16,142,-126
213900030,1,81,-80
213900032,385,248,137
213900033,100,65,35
213900034,476,121,355
213900035,186,702,-516
213900036,175,236,-61
213900037,47,369,-322
213900038,320,178,142
213900039,0,131,-131
213900041,0,175,-175
213900042,280,260,20
213900043,205,216,-11
213900244,10,0,10
213900245,1,39,-38
218000003,24,39,-15
218000004,61,32,29
218000005,260,57,203
218000006,63,34,29
218000007,14,17,-3
218000012,267,193,74
218000013,93,148,-55
218000014,440,437,3
218000019,796,681,115
218000020,234,507,-273
218000021,42,91,-49
218000022,11,35,-24
218000023,3,25,-22
218000024,7,17,-10
218000025,10,20,-10
218000026,10,43,-33
218000027,2,20,-18
218000028,16,8,8
218000029,17,9,8
218000030,14,40,-26
218000031,11,28,-17
218000032,5,29,-24
218000040,12,6,6
218000046,99,148,-49
218000047,14,211,-197
218000048,68,202,-134
218000049,163,207,-44
218000050,494,402,92
218000051,142,408,-266
218000052,3,183,-180
218000053,6,27,-21
218000054,13,64,-51
218000055,8,15,-7
218000056,27,38,-11
218000057,4,51,-47
218000064,6,52,-46
218000065,56,94,-38
218000066,11,92,-81
218000067,58,101,-43
218000068,128,126,2
218000069,357,156,201
218000070,255,281,-26
218000071,210,173,37
218000072,323,233,90
218000078,731,1213,-482
218000079,125,139,-14
218000080,118,114,4
218000081,389,281,108
218000082,44,160,-116
218000083,58,70,-12
218000084,117,222,-105
218000085,188,539,-351
218000086,101,278,-177
218000087,211,290,-79
218000090,14,214,-200
218000091,705,576,129
218000092,83,211,-128
218000093,47,119,-72
218000094,384,657,-273
218000099,340,750,-410
218000100,260,327,-67
218000101,379,162,217
218000102,358,335,23
218000103,94,183,-89
218000104,95,63,32
218000105,22,22,0
218000106,12,11,1
218000107,53,85,-32
218000108,2,50,-48
218000112,105,34,71
218000117,75,73,2
218000134,675,1093,-418
218000135,63,144,-81
218000136,360,135,225
218000137,316,194,122
218000138,44,164,-120
218000139,166,395,-229
218000140,549,246,303
218000141,140,131,9
218000142,328,223,105
218000143,132,276,-144
218000144,106,80,26
218000145,380,440,-60
218000146,95,253,-158
218000151,9,37,-28
218000152,172,85,87
218000153,15,4,11
218000154,34,1,33
218000155,16,2,14
218000156,50,13,37
218000157,29,10,19
218000158,14,10,4
218000159,1,9,-8
218000160,7,8,-1
218000161,21,6,15
218000162,38,9,29
218000163,14,1,13
218000164,44,10,34
218000165,63,22,41
218000170,10,62,-52
218000171,87,9,78
218000172,37,16,21
218000173,91,23,68
218000174,26,13,13
218000176,233,55,178
218000177,408,350,58
218000178,136,287,-151
218000179,67,118,-51
218000180,76,57,19
218000181,170,82,88
218000187,7,37,-30
218000188,31,62,-31
218000189,21,116,-95
218000190,28,35,-7
218000191,150,85,65
218000192,265,381,-116
218000193,491,473,18
218000194,136,469,-333
218000195,110,94,16
218000196,387,434,-47
218000197,457,451,6
218000198,19,164,-145
218000199,47,55,-8
218000200,83,49,34
218000201,24,12,12
218000202,97,247,-150
218000207,6,51,-45
218000208,54,58,-4
218000211,47,25,22
218000212,1,17,-16
218000213,131,97,34
218000214,7,20,-13
218000215,93,87,6
218000217,7,119,-112
218000218,350,137,213
218000219,56,27,29
218000220,113,363,-250
218000221,817,199,618
218000222,47,57,-10
218000223,42,459,-417
218000224,12,150,-138
218000225,206,51,155
218000226,173,93,80
218000230,7,3,4
218000232,67,57,10
218000239,202,12,190
218000240,94,3,91
218000241,56,1,55
218000242,116,3,113
218000243,118,10,108
218000244,55,4,51
218000245,846,6,840
218000246,7,1,6
218000247,21,0,21
218000248,0,38,-38
218000249,0,5,-5
218000250,4,3,1
218000251,5,26,-21
218000252,1,25,-24
218000253,16,33,-17
218000254,1,19,-18
218000255,7,15,-8
218000256,12,63,-51
218000267,636,1108,-472
218000268,11,66,-55
218000269,5,5,0
218000270,40,16,24
218000271,14,20,-6
218000273,16,4,12
218000274,16,1,15
218000275,29,66,-37
218000276,13,75,-62
218000278,11,22,-11
218000279,22,20,2
218000280,23,10,13
218000281,9,25,-16
218000282,462,353,109
218000284,97,3,94
218000301,138,199,-61
218000302,259,66,193
218000303,65,45,20
218000316,651,1202,-551
218000317,989,1301,-312
218000318,597,1003,-406
218000319,1061,1451,-390
218000320,805,844,-39
218000338,76,23,53
218000345,172,48,124
218000346,36,228,-192
218000459,61,353,-292
218000490,42,35,7
218000501,183,137,46
218000502,49,73,-24
218000503,99,27,72
218000504,129,23,106
218000505,55,163,-108
218000506,41,221,-180
218000508,29,3,26
218000510,119,20,99
218000520,160,126,34
218000521,4,55,-51
218000522,1,216,-215
218000523,193,8,185
218000524,57,167,-110
218000525,244,68,176
218000526,43,183,-140
218000529,39,200,-161
218000530,13,3,10
218000531,16,29,-13
218000532,64,28,36
218000534,146,15,131
218000537,16,80,-64
218000538,358,269,89
218000540,878,101,777
218000543,82,72,10
218000544,52,104,-52
218000545,62,79,-17
218000546,47,85,-38
218000547,132,129,3
218000548,202,141,61
218000549,499,302,197
218000550,195,455,-260
218000551,178,701,-523
218000552,522,52,470
218000553,24,88,-64
218000554,52,37,15
218000555,55,31,24
218000556,130,352,-222
218000557,266,130,136
218000558,102,3,99
218000559,1,42,-41
218000560,0,45,-45
218000561,25,0,25
218000562,53,259,-206
218000563,289,30,259
218000564,12,169,-157
218000565,265,41,224
218000566,459,21,438
218000567,7,109,-102
218000568,75,1,74
218000569,10,126,-116
218000570,141,10,131
218000571,30,135,-105
218000572,165,3,162
218000573,17,92,-75
218000574,146,42,104
218000575,91,2,89
218000576,3,99,-96
218000577,128,1,127
218000578,2,96,-94
218000579,212,18,194
218000581,17,102,-85
218000582,93,5,88
218000583,22,1,21
218000584,3,27,-24
218000585,29,9,20
218000586,6,50,-44
218000587,11,0,11
218000588,0,5,-5
218000589,1,13,-12
218000590,8,0,8
218000591,8,5,3
218000592,53,1,52
218000593,0,3,-3
218000594,1,2,-1
218000595,0,0,0
218000596,0,0,0
218000597,0,0,0
218000598,0,2,-2
218000599,0,0,0
218000600,155,3,152
218000601,0,0,0
218000602,0,21,-21
218000603,0,4,-4
218000604,45,1,44
218000605,0,196,-196
218000606,316,9,307
218000607,12,56,-44
218000608,29,20,9
218000609,8,66,-58
218000610,69,8,61
218000611,14,3,11
218000612,0,49,-49
218000613,54,3,51
218000614,2,70,-68
218000615,205,6,199
218000616,10,186,-176
218000617,54,3,51
218000618,0,31,-31
218000619,62,56,6
218000620,14,24,-10
218000621,0,2,-2
218000622,0,29,-29
218000623,431,3,428
218000624,49,36,13
218000625,35,1,34
218000626,3,17,-14
218000628,157,56,101
218000631,46,7,39
218000632,3,84,-81
218000633,113,1,112
218000634,9,24,-15
218000635,14,24,-10
218000636,1054,1717,-663
218000637,969,635,334
218000638,210,40,170
218000639,47,268,-221
218000640,374,35,339
218000641,152,463,-311
218000652,93,135,-42
218000653,174,90,84
218000663,5,97,-92
218000675,47,52,-5
218000676,2,34,-32
218000677,7,2,5
218000680,225,414,-189
218000681,359,84,275
218000691,186,259,-73
218000693,232,115,117
218000703,11,51,-40
218000718,741,892,-151
218000719,1219,353,866
218000720,42,147,-105
218000721,308,30,278
218000725,9,13,-4
218001214,34,70,-36
218001329,52,82,-30
218001330,86,66,20
218001351,37,7,30
218001352,4,16,-12
218001353,5,4,1
218001354,2,6,-4
219000001,49,32,17
219000002,53,88,-35
219000003,56,30,26
219000004,33,40,-7
219000017,134,15,119
219000020,264,360,-96
219000022,142,42,100
219000023,1104,16,1088
219000029,0,99,-99
219000034,28,26,2
219000039,80,84,-4
219000040,55,28,27
219000041,103,43,60
219000051,0,46,-46
219000052,0,28,-28
219000053,1,159,-158
219000054,975,275,700
219000055,116,2,114
219000056,22,1,21
219000057,55,0,55
219000062,19,112,-93
219000063,92,9,83
219000064,2,66,-64
219000110,558,74,484
219000111,283,62,221
219000112,241,109,132
219000113,125,332,-207
219000114,270,731,-461
219000116,74,110,-36
219000117,182,96,86
219000118,896,76,820
219000123,283,125,158
219000124,256,86,170
219000125,10,19,-9
219000126,143,99,44
219000127,0,8,-8
219000128,23,115,-92
219000129,19,140,-121
219000130,536,412,124
219000131,765,867,-102
219000133,129,45,84
219000134,27,18,9
219000135,46,81,-35
219000136,116,173,-57
219000138,114,25,89
219000139,52,41,11
219000140,62,1,61
219000141,32,135,-103
219000142,17,103,-86
219000143,21,113,-92
219000145,32,42,-10
219000146,5,39,-34
219000147,3,53,-50
219000148,5,46,-41
219000149,18,100,-82
219000150,4,69,-65
219000151,1,58,-57
219000157,317,175,142
219000158,370,279,91
219000161,132,12,120
219000163,1544,643,901
219000166,287,242,45
219000167,306,268,38
219000168,345,209,136
219000174,415,132,283
219000175,81,4,77
219000176,69,21,48
219000177,52,4,48
219000178,53,6,47
219000179,29,4,25
219000180,80,48,32
219000182,127,21,106
219000183,79,49,30
219000184,105,14,91
219000185,4,62,-58
219000186,62,55,7
219000187,49,107,-58
219000189,128,158,-30
219000190,227,216,11
219000191,1082,1299,-217
219000192,194,167,27
219000193,345,163,182
219000195,6,63,-57
219000196,7,123,-116
219000198,19,161,-142
219000199,62,344,-282
219000200,60,349,-289
219000201,86,358,-272
219000203,85,153,-68
219000204,468,212,256
219000205,211,173,38
219000207,147,314,-167
219000209,32,72,-40
219000210,59,105,-46
219000213,8,218,-210
219000239,205,272,-67
219000240,235,457,-222
219000241,128,219,-91
219000242,71,150,-79
219000243,104,295,-191
219000244,42,79,-37
219000245,39,59,-20
219000246,40,22,18
219000247,155,24,131
219000248,802,386,416
219000249,121,74,47
219000250,80,112,-32
219000251,596,294,302
219000252,245,194,51
219000253,563,112,451
219000255,120,104,16
219000256,456,116,340
219000257,132,0,132
219000262,294,144,150
219000263,69,174,-105
219000267,2,120,-118
219000268,0,4,-4
219000269,2,2,0
219000270,1,0,1
219000271,99,4,95
219000278,9,3,6
219000279,9,3,6
219000283,0,23,-23
219000295,11,131,-120
219000296,120,551,-431
219000297,16,127,-111
219000298,15,158,-143
219000299,452,146,306
219000300,24,264,-240
219000301,236,398,-162
219000302,50,297,-247
219000307,92,46,46
219000308,33,145,-112
219000311,242,60,182
219000312,666,124,542
219000313,452,74,378
219000314,58,544,-486
219000315,240,90,150
219000316,535,86,449
219000317,101,25,76
219000320,2,67,-65
219000321,0,34,-34
219000323,4,74,-70
219000325,1,11,-10
219000326,50,100,-50
219000327,56,63,-7
219000328,35,68,-33
219000329,338,106,232
219000330,75,44,31
219000331,60,47,13
219000332,116,116,0
219000333,11,6,5
219000335,70,2,68
219000337,33,2,31
219000338,101,0,101
219000344,119,101,18
219000345,48,114,-66
219000346,38,140,-102
219000348,118,141,-23
219000349,55,249,-194
219000350,97,191,-94
219000351,6,14,-8
219000352,453,180,273
219000353,73,70,3
219000354,220,100,120
219000355,199,78,121
219000356,1756,1363,393
219000363,311,52,259
219000364,95,36,59
219000365,146,13,133
219000366,317,328,-11
219000368,424,621,-197
219000370,1458,492,966
219000371,12,19,-7
219000382,10,29,-19
219000383,734,1028,-294
219000385,745,581,164
219000386,889,1536,-647
219000387,8,7,1
219000390,18,1,17
219000391,5,8,-3
219000397,72,65,7
219000398,73,124,-51
219000401,8,139,-131
219000402,73,168,-95
219000403,196,295,-99
219000404,33,179,-146
219000407,3,54,-51
219000409,71,74,-3
219000410,210,35,175
219000411,85,28,57
219000446,221,399,-178
219000447,0,19,-19
219000448,44,16,28
219000452,103,76,27
219000453,66,137,-71
219000454,289,269,20
219000556,218,101,117
219000558,344,253,91
219000590,65,214,-149
219000591,67,101,-34
219000592,133,370,-237
219000595,1,23,-22
219000635,262,62,200
219000636,32,70,-38
219000657,46,72,-26
219000658,65,150,-85
219000673,0,43,-43
219000676,170,12,158
219000679,30,13,17
219000684,105,4,101
219000685,2,87,-85
219000686,0,5,-5
219000688,1,86,-85
219000689,26,250,-224
219000690,161,33,128
219000691,27,274,-247
219000692,186,22,164
219000693,0,25,-25
219000694,19,2,17
219000695,33,4,29
219000698,29,0,29
219000699,0,38,-38
219000727,2,119,-117
219000728,320,2,318
219000770,50,2,48
219000771,1,40,-39
219001150,9,27,-18
219001151,0,6,-6
219001166,9,18,-9
219001167,4,157,-153
220000001,76,90,-14
220000002,9,149,-140
220000003,867,275,592
220000004,934,668,266
220000005,1571,1996,-425
220000006,456,1030,-574
220000007,466,656,-190
220000008,391,1054,-663
220000009,315,453,-138
220000010,300,133,167
220000011,694,4272,-3578
220000012,106,504,-398
220000014,148,96,52
220000015,66,118,-52
220000017,45,348,-303
220000018,5884,2220,3664
220000019,116,295,-179
220000020,581,361,220
220000021,764,199,565
220000022,738,485,253
220000023,389,214,175
220000024,1807,301,1506
220000025,922,912,10
220000026,273,334,-61
220000027,68,118,-50
220000028,59,45,14
220000029,83,193,-110
220000030,127,78,49
220000031,433,368,65
220000064,21,1281,-1260
221000046,10,0,10
221000047,0,6,-6
221000048,0,3,-3
221000049,0,15,-15
221000050,57,0,57
221000055,61,68,-7
221000057,67,17,50
221000068,313,124,189
221000069,240,72,168
221000070,177,31,146
221000071,69,13,56
221000072,208,20,188
221000073,324,56,268
221000074,2,15,-13
221000075,21,34,-13
221000076,13,50,-37
221000077,33,154,-121
221000081,33,14,19
221000082,53,14,39
221000083,28,10,18
221000084,2,2,0
221000085,111,75,36
221000086,17,133,-116
221000087,3,183,-180
221000088,17,184,-167
221000089,41,276,-235
221000090,127,597,-470
221000098,92,14,78
221000099,164,28,136
221000100,60,12,48
221000101,186,32,154
221000102,94,22,72
221000109,5,145,-140
221000110,15,110,-95
221000111,24,189,-165
221000112,4,165,-161
221000113,17,199,-182
221000114,17,169,-152
221000120,60,39,21
221000121,4,23,-19
221000122,79,32,47
221000123,12,11,1
221000124,47,298,-251
221000155,88,8,80
221000156,44,23,21
221000175,0,7,-7
221000176,1,3,-2
221000182,68,21,47
221000241,575,271,304
221000242,236,490,-254
221000243,477,205,272
221000244,341,457,-116
221000245,223,132,91
221000246,75,235,-160
221000247,71,123,-52
221000248,65,131,-66
221000267,73,791,-718
221000325,108,66,42
221000331,20,145,-125
221000338,12,30,-18
221000378,112,38,74
221000381,25,31,-6
222000282,20,2,18
222000296,2,53,-51
222000568,303,14,289
222000569,215,51,164
222000570,151,21,130
222000571,278,32,246
222000577,14,230,-216
222000578,65,212,-147
222000579,29,188,-159
222000580,112,1249,-1137
222000599,0,227,-227
222000600,3,524,-521
222000601,8,1543,-1535
222000603,41,41,0
222000604,5,36,-31
222000605,12,28,-16
222000606,1,13,-12
222000607,8,1,7
222000608,73,35,38
222000609,86,289,-203
222000616,380,51,329
222000617,15,24,-9
222000618,21,7,14
222000620,55,22,33
222000621,136,5,131
222000623,488,4,484
222000624,312,5,307
222000625,600,57,543
222000636,52,4,48
222000686,55,37,18
222000687,68,38,30
222001066,337,5,332
222001067,22,6,16
222001068,45,45,0
222001069,37,53,-16
222001082,7,75,-68
222001083,13,83,-70
222001084,0,25,-25
222001085,5,273,-268
222001111,41,189,-148
222001112,77,45,32
222001313,37,5,32
222001314,10,190,-180
222001464,65,52,13
222001465,23,125,-102
222001484,104,81,23
222001485,56,66,-10
222001494,427,162,265
222001495,159,393,-234
222001496,320,106,214
222001497,171,615,-444
222001502,25,129,-104
222001503,121,76,45
222001504,45,379,-334
222001505,457,25,432
222001506,68,429,-361
222001507,328,32,296
222001510,326,56,270
222001511,53,516,-463
222001514,601,259,342
222001515,321,809,-488
222001518,285,127,158
222001519,59,402,-343
222001527,192,71,121
222001528,58,223,-165
222001529,253,79,174
222001530,77,331,-254
222001533,292,466,-174
222001534,351,125,226
222001535,233,225,8
222001536,218,381,-163
222001537,241,49,192
222001538,99,630,-531
222001563,600,102,498
222001564,89,792,-703
222001568,553,144,409
222001576,3,2,1
222001579,8,3,5
222001583,10,284,-274
222001584,99,4,95
222001596,1480,1650,-170
222001597,3513,340,3173
222001626,1,317,-316
222001650,232,121,111
222001651,123,157,-34
222001914,241,114,127
222001915,44,328,-284
222900004,429,290,139
222900009,622,868,-246
222900019,172,245,-73
222900024,14,23,-9
222900025,13,44,-31
225000001,528,251,277
225000002,1566,191,1375
225000003,850,113,737
225000004,574,252,322
225000005,381,100,281
225000006,0,238,-238
225000007,2229,1394,835
225000010,393,10,383
225000011,516,870,-354
225000012,180,516,-336
225000013,101,122,-21
225000014,1060,124,936
225000015,76,193,-117
225000021,843,162,681
225000027,237,675,-438
225000032,591,119,472
225000042,68,665,-597
225000049,130,60,70
225000050,132,16,116
225000053,12,295,-283
225000058,541,165,376
225000067,415,411,4
225000068,144,390,-246
225000069,150,528,-378
225000070,73,502,-429
225000071,39,215,-176
225000075,17,1001,-984
225000076,79,111,-32
225000078,68,40,28
225000085,54,143,-89
225000086,262,78,184
225000087,222,30,192
225000088,5,242,-237
225000089,287,939,-652
225000090,78,449,-371
225000091,141,204,-63
225000092,249,136,113
225000093,390,316,74
225000094,19,334,-315
225000095,273,434,-161
225000096,367,564,-197
225000098,563,349,214
225000099,330,270,60
225000100,294,176,118
225000104,94,378,-284
225000110,12,419,-407
225000111,341,1220,-879
225000112,378,1276,-898
225000113,203,554,-351
225000114,62,293,-231
225000115,1728,730,998
225000116,1212,200,1012
225000117,727,304,423
225000118,861,245,616
225000119,210,73,137
225000120,1221,48,1173
225000121,234,31,203
225000123,601,30,571
225000125,340,218,122
225000126,776,188,588
225000127,690,1570,-880
225000128,390,739,-349
225000132,269,62,207
225000133,282,59,223
225000134,613,175,438
225000135,47,30,17
225000136,241,25,216
225000137,283,69,214
225000138,376,108,268
225000143,90,529,-439
225000144,14,569,-555
225000145,199,101,98
225000146,82,149,-67
225000147,37,287,-250
225000148,21,288,-267
225000149,113,610,-497
225000151,26,289,-263
225000155,301,556,-255
225000156,199,895,-696
225000157,211,375,-164
225000158,72,314,-242
225000171,4,209,-205
225000180,53,2,51
225000181,0,61,-61
225000182,65,23,42
225000185,4,371,-367
225000187,164,382,-218
225000191,160,5,155
225000194,0,3,-3
225000208,3,64,-61
225000209,95,28,67
225000210,12,289,-277
225000217,0,16,-16
225000218,24,2,22
225000223,2,23,-21
225000224,43,0,43
225000225,0,11,-11
225000226,43,2,41
225000227,37,115,-78
225000228,6,21,-15
225000229,0,74,-74
225000230,217,1,216
225000231,1,75,-74
225000232,197,2,195
225000241,81,10,71
225000242,0,46,-46
225000249,23,1,22
225000250,42,1030,-988
225000251,345,42,303
225000254,1,0,1
225000256,0,86,-86
225000257,0,85,-85
226000042,363,475,-112
226000043,54,281,-227
226000044,118,649,-531
226000045,106,481,-375
226000046,329,135,194
226000047,333,98,235
226000048,280,101,179
226000049,262,157,105
226000070,0,48,-48
226000071,1,66,-65
226000072,0,22,-22
226000073,0,10,-10
226000074,0,17,-17
226000084,4,60,-56
226000085,8,11,-3
226000086,8,16,-8
226000087,19,19,0
226000088,56,56,0
226000090,274,115,159
226000091,40,88,-48
226000092,41,21,20
226000093,27,3,24
226000094,28,5,23
226000095,23,19,4
226000105,17,0,17
226000106,13,0,13
226000107,6,0,6
226000108,28,0,28
226000109,76,0,76
226000124,149,64,85
226000134,580,465,115
226000135,1424,558,866
226000136,2069,412,1657
226000137,15,399,-384
226000138,11,239,-228
226000139,1,39,-38
226000156,119,3,116
226000157,333,3,330
226000163,118,110,8
226000202,10,405,-395
226000231,266,10,256
226000232,75,6,69
227000033,282,78,204
227000036,247,20,227
227000037,266,22,244
227000038,226,28,198
227000084,1,114,-113
227000085,1,61,-60
227000088,47,7,40
227000089,96,2,94
227000090,67,5,62
227000091,27,0,27
227000092,24,5,19
227000093,111,0,111
227000094,17,0,17
227000130,56,72,-16
227000131,69,202,-133
227000132,18,222,-204
227000133,21,230,-209
227000134,20,448,-428
227000152,0,6,-6
227000153,0,63,-63
227000154,1,31,-30
227000155,0,12,-12
227000156,1,19,-18
227000165,11,42,-31
227000196,341,355,-14
227000199,357,640,-283
227000230,17,496,-479
227000232,650,27,623
227000242,48,507,-459
227000243,398,86,312
227000245,9,516,-507
227000246,140,565,-425
227000247,397,83,314
227000248,104,26,78
227000249,14,190,-176
227000250,426,117,309
227000251,109,173,-64
227000252,34,374,-340
227000253,95,26,69
227000262,282,32,250
227000266,1454,33,1421
227000267,51,1870,-1819
227000282,2,211,-209
227000284,507,22,485
227000286,8,95,-87
227000291,17,653,-636
227000296,293,294,-1
227000484,219,15,204
227000485,25,945,-920
227000655,125,17,108
227000656,720,24,696
227000657,94,7,87
227000704,223,11,212
229000265,7,16,-9
229000266,2,1,1
229000267,6,0,6
229000268,38,0,38
229000269,218,0,218
229000274,0,31,-31
229000275,0,30,-30
229000276,0,17,-17
229000277,1,1,0
229000278,1,5,-4
229000295,16,29,-13
229000296,130,6,124
229000297,21,32,-11
229000298,12,182,-170
229000320,41,22,19
229000321,44,14,30
229000412,34,102,-68
229000414,22,124,-102
229000415,58,5,53
229000416,1,8,-7
229000417,3,37,-34
229000419,242,419,-177
229000440,537,85,452
229000442,27,17,10
229000443,9,5,4
229000444,13,30,-17
229000445,58,18,40
229000446,84,18,66
229000491,2,21,-19
229000492,11,106,-95
229000493,6,109,-103
229000494,19,8,11
229000495,80,9,71
229000496,42,3,39
229000507,0,77,-77
229000508,0,39,-39
229000509,1,68,-67
229000510,2,34,-32
229000511,1,49,-48
229000512,0,47,-47
229000513,0,11,-11
229000514,0,6,-6
229000517,1,11,-10
229000518,5,32,-27
229000519,2,22,-20
229000520,22,36,-14
229000521,39,14,25
229000522,5,9,-4
229000523,14,10,4
229000524,7,3,4
229000527,2,0,2
229000528,0,0,0
229000529,9,1,8
229000530,61,5,56
229000531,53,2,51
229000532,62,0,62
229000533,82,0,82
229000534,79,0,79
229000564,49,1,48
229000565,15,1,14
229000566,0,14,-14
229000567,0,52,-52
229000582,102,2,100
229000583,9,4,5
229000584,1,33,-32
229000585,3,70,-67
229000718,0,7,-7
229000719,0,1,-1
229000720,0,9,-9
229000721,0,7,-7
229000722,0,16,-16
229000723,0,12,-12
229000724,0,2,-2
229000725,0,5,-5
229000738,4,0,4
229000739,1,0,1
229000740,5,0,5
229000741,12,0,12
229000742,2,0,2
229000743,16,0,16
229000744,5,0,5
229000745,4,0,4
229000746,28,1,27
229000847,42,0,42
229000848,21,0,21
229000849,81,0,81
229000851,33,1,32
229000854,0,32,-32
229000856,1,88,-87
229000857,0,53,-53
229000858,0,64,-64
229000919,30,100,-70
229000930,4,349,-345
229000937,74,13,61
229000966,51,22,29
229000981,32,46,-14
229000985,10,40,-30
229000986,6,12,-6
229000987,0,2,-2
229000988,2,14,-12
229000989,8,19,-11
229000990,6,3,3
229000991,1,1,0
229000992,18,22,-4
229000993,189,48,141
229000998,13,75,-62
229000999,70,26,44
229001034,1,29,-28
229001035,20,5,15
229001036,4,68,-64
229001037,46,3,43
229001038,0,2,-2
229001039,5,4,1
229001040,0,50,-50
229001041,84,0,84
229001042,13,32,-19
229001047,7,87,-80
229001050,34,46,-12
229001168,0,23,-23
229001200,19,4,15
229001338,4,72,-68
229001394,143,2,141
229001422,117,18,99
229001423,59,179,-120
229001431,65,49,16
229001432,76,102,-26
229001444,222,51,171
229001445,45,220,-175
229001479,13,6,7
229001503,119,86,33
229001504,102,183,-81
229001505,90,40,50
229001506,123,189,-66
229001509,84,45,39
229001510,5,35,-30
229001545,66,9,57
229001546,46,128,-82
229001553,69,17,52
229001554,159,139,20
229001630,107,61,46
229001631,16,37,-21
229001635,3,17,-14
229001636,10,3,7
229001658,1,168,-167
229001659,75,6,69
229001660,8,6,2
229001661,16,21,-5
229001662,9,0,9
229001663,0,68,-68
229002584,253,233,20
229002831,294,186,108
229002841,7,19,-12
229002842,13,43,-30
229002843,92,24,68
229002844,49,71,-22
229002845,12,70,-58
229002846,39,16,23
229002847,4,10,-6
229002848,2,37,-35
229002849,1,84,-83
229002850,8,2,6
229002851,45,115,-70
229002852,280,28,252
229002853,190,43,147
229002854,47,75,-28
229002855,8,15,-7
229002856,74,24,50
229002857,16,62,-46
229002858,11,15,-4
229002859,41,34,7
229002860,252,22,230
229002861,287,24,263
229002862,83,27,56
229002863,68,18,50
229002864,34,35,-1
229002865,16,22,-6
229002866,10,33,-23
229002867,10,26,-16
229002868,18,35,-17
229002869,30,142,-112
229002870,61,11,50
235000066,561,51,510
235000067,124,106,18
235000072,22,100,-78
235000073,99,468,-369
235000074,75,84,-9
235000080,36,160,-124
235000081,142,183,-41
235000082,174,137,37
235000083,166,163,3
235000084,73,86,-13
235000085,163,101,62
235000089,120,28,92
235000092,68,246,-178
235000093,13,1,12
235000097,5,2,3
235000098,93,21,72
235000099,89,14,75
235000116,68,26,42
235000117,876,16,860
235000133,11,437,-426
235000134,5,146,-141
235000206,16,5,11
235000207,7,2,5
235000208,20,2,18
235000209,6,0,6
235000210,6,3,3
235000212,0,28,-28
235000213,1,9,-8
235000220,2,4,-2
235000221,92,15,77
235000238,21,92,-71
235000239,3,16,-13
235000242,490,506,-16
235000245,750,235,515
235000246,21,84,-63
235000284,19,110,-91
235000295,184,21,163
235000305,246,11,235
235000306,184,5,179
235000307,168,1,167
235000308,57,1,56
235000309,45,0,45
235000310,66,0,66
235000311,149,13,136
235000322,0,34,-34
235000323,0,53,-53
235000324,1,26,-25
235000325,1,11,-10
235000326,7,265,-258
235000351,2,82,-80
235000352,25,36,-11
235000353,1,27,-26
235000354,13,43,-30
235000355,17,70,-53
235000356,847,7,840
235000357,137,13,124
235000358,142,3,139
235000359,11,10,1
235000360,83,17,66
235000361,65,29,36
235000381,75,315,-240
235000382,158,70,88
235000390,8,17,-9
235000391,103,33,70
235000392,138,303,-165
235000393,153,176,-23
235000395,103,42,61
235000396,325,123,202
235000400,267,38,229
235000401,40,200,-160
235000405,89,396,-307
235000406,57,368,-311
235000407,342,154,188
235000409,448,165,283
235000410,37,257,-220
235000411,2,82,-80
235000485,0,8,-8
235000486,16,0,16
235000549,247,179,68
235000550,115,251,-136
235000599,104,35,69
235000600,16,12,4
235000601,9,29,-20
235000602,110,72,38
235000614,2,0,2
235000648,1,20,-19
235000649,29,7,22
235000685,4,8,-4
235000815,17,35,-18
235000834,0,14,-14
235000855,117,92,25
235000862,71,219,-148
235000891,0,9,-9
235000892,65,50,15
235000901,465,112,353
235000907,5,8,-3
235001010,92,135,-43
235001029,597,511,86
235001030,303,308,-5
235001078,81,127,-46
235001079,88,111,-23
235001147,4,91,-87
235001166,34,109,-75
235001167,20,43,-23
235001169,29,329,-300
235001188,1,9,-8
235001189,5,2,3
235001197,3,12,-9
235001200,23,53,-30
235001208,32,15,17
235001209,26,83,-57
235001210,45,207,-162
235001239,3,56,-53
235001244,1,4,-3
235016267,0,49,-49
241900007,73,0,73
277101746,0,0,0
277102712,2,0,2
277103813,0,0,0
277103814,0,0,0
277103898,0,6,-6
277104249,0,1,-1
277104250,0,5,-5
277104251,0,3,-3
277104252,0,0,0
990011530,0,242,-242
990014944,5,814,-809
990015176,73,0,73
990015618,0,280,-280
990016032,1,605,-604
990032570,2,306,-304
990070001,68,2,66
990070103,0,4,-4
990070601,1,89,-88
990070751,871,1,870
990070766,1,566,-565
990071180,551,252,299
990071343,19,2,17
990071387,0,22,-22
990071823,923,11,912
990072600,3,854,-851
990072964,1,665,-664
990073285,0,8,-8
990074393,5,1145,-1140
990074870,1245,13,1232
990075106,1679,15,1664
990075746,517,3,514
990076437,1180,5,1175
990076458,2,976,-974
997000007,565,8,557
997000041,2,221,-219
997000058,55,3,52
997000062,70,0,70
997000069,0,6,-6
997000070,0,38,-38
997000100,53,2,51
997000141,26,4145,-4119
997000198,17,2278,-2261
998000475,6,66,-60
998000736,1,269,-268
998000965,0,21,-21
998001031,1,60,-59
998001700,0,29,-29
998001899,0,1,-1
998001900,16,3,13
998003073,3329,8,3321
998101900,0,0,0
998102850,10,206,-196
998501927,1245,571,674
998501929,79,4,75
998501930,57,0,57
998501931,116,11,105
998501932,3,0,3
998501933,62,4,58
998501937,37,5,32
998501944,15,0,15
998501950,0,0,0
998501970,193,3,190
998501971,1,121,-120
998501972,345,7,338
998501973,0,68,-68
998501974,3,333,-330
998501975,265,14,251
998501976,163,0,163
998501977,5,36,-31
998501978,77,1,76
998501979,0,15,-15
998501980,173,2,171
998501981,40,7,33
998501982,0,123,-123
998502006,0,2,-2
998502024,0,7,-7
998502032,0,6,-6
998502062,25,0,25
998502063,0,0,0
998502173,42,2,40
998502269,0,2,-2
998601159,11,245,-234
998601292,0,18,-18
999033574,1,312,-311
999800001,88,4,84
999800002,0,4,-4
999800003,0,2,-2
999800004,0,4,-4
999800005,0,9,-9
