ID,insum,outsum,diff
100000001,894,1057,-163
100000002,4120,4245,-125
100000003,4906,6679,-1773
100000004,563,1339,-776
100000005,2713,5698,-2985
100000006,688,254,434
100000007,2286,949,1337
100000008,99,616,-517
100000009,467,396,71
100000010,23,156,-133
100000011,568,192,376
100000012,62,1378,-1316
100000013,16,361,-345
100000014,229,444,-215
100000015,1389,2461,-1072
100000016,542,1301,-759
100000017,512,1028,-516
100000018,883,756,127
100000019,3450,2643,807
100000020,1405,6788,-5383
100000021,6308,2629,3679
100000022,804,3337,-2533
100000023,5711,1899,3812
100000025,568,1813,-1245
100000028,893,1285,-392
100000029,113,441,-328
100000030,88,44,44
100000031,2307,5710,-3403
100000032,1547,4178,-2631
100000033,1088,3797,-2709
100000034,103,954,-851
100000035,873,1970,-1097
100000036,933,1794,-861
100000037,670,534,136
100000038,2644,1432,1212
100000039,374,1193,-819
100000040,311,246,65
100000041,1840,613,1227
100000042,1069,493,576
100000043,803,621,182
100000044,232,1031,-799
100000045,336,978,-642
100000046,456,845,-389
100000047,212,941,-729
100000048,406,844,-438
100000049,1682,1166,516
100000051,430,549,-119
100000053,119,4,115
100000054,380,60,320
100000055,656,511,145
100000056,556,921,-365
100000057,2466,752,1714
100000058,918,853,65
100000059,15,291,-276
100000060,545,311,234
100000061,2842,822,2020
100000062,1741,723,1018
100000063,1223,289,934
100000064,1754,452,1302
100000065,373,752,-379
100000066,164,561,-397
100000067,319,588,-269
100000068,393,1190,-797
100000069,317,1070,-753
100000072,154,689,-535
100000073,1047,879,168
100000075,765,243,522
100000076,1535,4480,-2945
100000077,142,345,-203
100000078,35,35,0
100000079,99,53,46
100000080,14,43,-29
100000081,104,318,-214
100000102,3070,4901,-1831
100000103,1495,2009,-514
100000104,3066,3238,-172
100000105,1314,2103,-789
100000106,1449,3184,-1735
100000107,221,1647,-1426
100000108,415,1062,-647
100000109,917,1689,-772
100000116,773,941,-168
100000117,82,203,-121
100000118,751,1594,-843
100000119,640,1249,-609
100000121,345,459,-114
100000122,642,1672,-1030
100000123,1314,3040,-1726
100000124,2988,3791,-803
100000125,4006,2125,1881
100000126,515,652,-137
100000127,1099,519,580
100000128,1332,3299,-1967
100000129,338,730,-392
100000130,705,347,358
100000131,1302,2376,-1074
100000132,814,2558,-1744
100000133,2124,1510,614
100000135,647,1474,-827
100000139,205,654,-449
100000140,173,367,-194
100000142,718,579,139
100000143,661,361,300
100000144,2522,654,1868
100000147,1361,4175,-2814
100000150,97,687,-590
100000151,833,2060,-1227
100000153,138,600,-462
100000154,41,470,-429
100000155,9,54,-45
100000156,466,414,52
100000157,391,291,100
100000158,257,230,27
100000159,115,868,-753
100000165,877,913,-36
100000169,60,1243,-1183
100000174,240,1192,-952
100000179,86,689,-603
100000180,1338,9313,-7975
100000181,543,788,-245
100000188,85,774,-689
100000189,1091,855,236
100000190,553,1717,-1164
100000191,744,1010,-266
100000192,21,117,-96
100000193,255,247,8
100000330,711,878,-167
100000355,237,1560,-1323
100000362,2821,1655,1166
100000363,6290,5707,583
100000364,106,288,-182
100000365,6223,10941,-4718
100000366,2482,2156,326
100000367,5059,8138,-3079
100000368,2822,1072,1750
100000369,613,2673,-2060
100000370,199,1206,-1007
100000376,53,219,-166
100000379,1304,1732,-428
100000380,3940,6037,-2097
100000384,5312,6223,-911
100000385,1548,4039,-2491
100000386,3653,6127,-2474
100000387,2642,5905,-3263
100000388,2778,7286,-4508
100000389,4027,7322,-3295
100000390,4647,6676,-2029
100000391,3440,10419,-6979
100000392,1629,4733,-3104
100000393,1452,6475,-5023
100000394,4366,9786,-5420
100000395,2739,6627,-3888
100000396,4058,4090,-32
100000397,2994,9376,-6382
100000398,7488,6257,1231
100900002,13,12,1
100900003,392,273,119
100900004,20,1381,-1361
100900005,142,22,120
100900006,58,62,-4
100900007,234,16,218
100900008,2,403,-401
100900009,77,261,-184
100900010,100,30,70
100900011,206,145,61
100900012,1,72,-71
100900013,1151,17,1134
100900014,8,1,7
100900015,74,97,-23
100900016,2,34,-32
100900017,1198,108,1090
100900018,0,9,-9
100900019,41,126,-85
100900020,365,8,357
100900021,488,1,487
100900022,28,42,-14
100900023,1,47,-46
100900024,317,6,311
100900025,3,9,-6
100900026,152,92,60
100900027,567,2876,-2309
100900028,108,345,-237
100900029,60,8,52
100900030,4,163,-159
100900031,959,49,910
100900032,437,0,437
100900033,187,378,-191
100900034,900,2,898
100900035,300,3,297
100900036,11,1,10
100900037,139,204,-65
100900038,71,63,8
100900039,269,280,-11
100900040,634,396,238
100900041,1186,380,806
100900042,1659,2405,-746
100900043,0,18,-18
100900044,1409,550,859
100900045,4,0,4
100900046,1325,32,1293
100900047,1162,255,907
100900048,135,72,63
100900049,93,111,-18
100900050,2,17,-15
100900051,61,200,-139
100900052,391,62,329
100900053,709,25,684
100900054,17,55,-38
100900055,212,1039,-827
100900056,48,108,-60
100900057,2191,1285,906
100900058,166,190,-24
100900059,144,2,142
100900060,314,6,308
100900061,225,129,96
100900062,13,41,-28
100900063,395,1036,-641
100900064,724,46,678
100900065,68,146,-78
100900066,196,238,-42
100900067,31,11,20
100900068,129,100,29
100900069,410,8,402
100900070,553,14,539
100900071,472,171,301
100900072,5,53,-48
100900073,168,342,-174
100900074,6,8,-2
100900075,1781,281,1500
100900076,6,25,-19
100900077,62,27,35
100900078,96,251,-155
100900079,19,15,4
100900080,77,162,-85
100900081,40,166,-126
100900082,209,285,-76
100900083,29,20,9
100900085,29,497,-468
100900086,70,588,-518
100900088,193,220,-27
100900089,6,15,-9
100900090,118,711,-593
100900091,3,11,-8
100900092,104,196,-92
100900093,267,388,-121
100900094,252,167,85
100900095,3,13,-10
100900096,75,177,-102
100900097,0,3,-3
100900098,27,53,-26
100900099,22,340,-318
100900100,15,735,-720
100900101,320,54,266
100900102,29,240,-211
100900103,3,18,-15
100900104,4,127,-123
100900105,37,610,-573
100900106,48,7,41
100900107,1917,843,1074
100900108,13,117,-104
100900109,38,30,8
100900110,9,38,-29
100900111,18,197,-179
100900112,11,49,-38
100900113,19,28,-9
100900114,25,10,15
100900115,8,9,-1
100900116,1128,459,669
100900117,351,1381,-1030
100900118,24,57,-33
100900119,13,16,-3
100900120,19,3,16
100900121,656,412,244
100900122,77,128,-51
100900123,129,112,17
100900124,12,22,-10
100900125,18,62,-44
100900126,223,102,121
100900127,2,5,-3
100900128,135,298,-163
100900129,1,400,-399
100900131,49,252,-203
100900133,44,31,13
100900134,13,2,11
100900135,2,446,-444
100900137,319,212,107
100900138,316,569,-253
100900139,4,12,-8
100900140,7,256,-249
100900141,8,766,-758
100900142,0,28,-28
100900143,435,549,-114
100900144,13,11,2
100900145,85,305,-220
100900146,16,103,-87
100900147,14,825,-811
100900148,62,203,-141
100900149,19,246,-227
100900150,8,64,-56
100900151,132,528,-396
100900152,765,21,744
100900153,2,223,-221
100900154,31,180,-149
100900155,39,10,29
100900156,60,12,48
100900157,21,1040,-1019
100900158,951,110,841
100900159,2,46,-44
100900160,49,5,44
100900161,84,15,69
100900162,35,777,-742
100900163,146,126,20
100900164,86,13,73
100900165,26,43,-17
100900166,253,1,252
100900167,20,48,-28
100900168,44,283,-239
100900169,89,890,-801
100900170,42,4,38
100900171,15,319,-304
100900172,1,51,-50
100900173,17,158,-141
100900174,63,21,42
100900176,1765,173,1592
100900177,525,311,214
100900178,224,208,16
100900179,258,539,-281
100900180,7,1,6
100900181,241,66,175
100900182,195,57,138
100900184,26,197,-171
100900186,538,442,96
100900187,23,70,-47
100900188,31,15,16
100900189,3337,264,3073
100900191,625,1450,-825
100900192,188,544,-356
100900195,116,176,-60
100900197,29,39,-10
100900198,29,107,-78
100900199,8,17,-9
100900200,993,331,662
100900201,107,985,-878
100900202,41,0,41
100900203,1,449,-448
100900204,271,2153,-1882
100900205,121,690,-569
100900206,361,133,228
100900207,335,195,140
100900210,101,235,-134
100900211,598,153,445
100900213,311,49,262
100900214,443,108,335
100900215,31,43,-12
100900217,2,11,-9
101000001,2008,2306,-298
101000002,7957,8888,-931
101000003,304,1180,-876
101000004,6316,6664,-348
101000005,4671,5687,-1016
101000006,5434,8196,-2762
101000007,3278,4883,-1605
101000008,1833,1971,-138
101000009,2294,710,1584
101000010,1039,550,489
101000011,900,359,541
101000012,567,791,-224
101000013,709,1232,-523
101000014,328,516,-188
101000015,1827,1104,723
101000016,273,494,-221
101000017,478,495,-17
101000018,1387,2666,-1279
101000020,1593,817,776
101000021,523,427,96
101000022,177,255,-78
101000023,1099,645,454
101000025,298,563,-265
101000026,222,31,191
101000027,2225,3922,-1697
101000028,893,316,577
101000029,173,1957,-1784
101000030,1208,259,949
101000031,444,1343,-899
101000032,3289,5257,-1968
101000033,2093,4054,-1961
101000034,1041,2024,-983
101000035,710,392,318
101000036,1122,1343,-221
101000037,1240,2424,-1184
101000039,2207,3073,-866
101000040,2358,4934,-2576
101000041,2879,8562,-5683
101000042,221,1356,-1135
101000043,3713,9405,-5692
101000045,546,1067,-521
101000046,1624,2840,-1216
101000047,1525,6389,-4864
101000048,606,483,123
101000049,731,2699,-1968
101000050,1398,2464,-1066
101000051,1024,3414,-2390
101000052,1338,1606,-268
101000053,765,1244,-479
101000054,2193,912,1281
101000055,1105,1565,-460
101000056,27,108,-81
101000057,1046,1731,-685
101000058,820,1360,-540
101000059,1875,2498,-623
101000060,1959,963,996
101000061,669,1700,-1031
101000062,421,720,-299
101000063,369,1406,-1037
101000064,667,1192,-525
101000065,296,795,-499
101000066,633,1213,-580
101000067,651,1228,-577
101000068,175,561,-386
101000069,137,57,80
101000070,679,1084,-405
101000071,2495,1214,1281
101000072,662,3708,-3046
101000073,753,1373,-620
101000074,3139,5190,-2051
101000075,2108,6207,-4099
101000077,1702,1582,120
101000078,839,1342,-503
101000079,1128,1209,-81
101000080,1036,1246,-210
101000081,1733,1518,215
101000082,2299,2305,-6
101000083,3207,2273,934
101000084,1114,575,539
101000085,1546,1150,396
101000086,1037,1140,-103
101000087,790,845,-55
101000088,1538,1138,400
101000089,1175,1596,-421
101000090,1747,904,843
101000091,536,630,-94
101000092,1717,620,1097
101000093,1385,711,674
101000094,1140,996,144
101000095,551,565,-14
101000096,513,416,97
101000097,462,760,-298
101000098,358,839,-481
101000099,800,1359,-559
101000100,722,1223,-501
101000101,208,378,-170
101000102,632,745,-113
101000103,532,638,-106
101000104,325,771,-446
101000105,155,751,-596
101000106,613,1660,-1047
101000107,367,416,-49
101000108,512,135,377
101000109,584,84,500
101000110,22,211,-189
101000111,77,207,-130
101000113,230,768,-538
101000114,4854,11668,-6814
101000115,69,46,23
101000116,36,19,17
101000117,1662,265,1397
101000119,57,62,-5
101000120,122,112,10
101000121,58,89,-31
101000122,133,136,-3
101000123,77,166,-89
101000124,1078,553,525
101000125,143,306,-163
101000128,317,1195,-878
101000130,136,254,-118
101000131,1231,391,840
101000132,1075,926,149
101000135,40,51,-11
101000136,250,322,-72
101000137,38,459,-421
101000141,746,3857,-3111
101000147,643,291,352
101000148,619,33,586
101000149,228,606,-378
101000150,101,297,-196
101000151,411,58,353
101000152,319,289,30
101000153,237,195,42
101000154,365,492,-127
101000155,573,226,347
101000156,26,468,-442
101000157,79,35,44
101000160,42,16,26
101000163,180,454,-274
101000164,285,196,89
101000165,344,416,-72
101000166,291,259,32
101000168,937,437,500
101000252,2694,1021,1673
101000254,86,144,-58
101000258,78,9,69
101000261,100,90,10
101000262,1173,3954,-2781
101000263,383,1288,-905
101000265,72,859,-787
101000266,344,428,-84
101000269,14,24,-10
101000290,540,2515,-1975
101000293,28,33,-5
101000294,651,522,129
101000295,181,298,-117
101000301,435,465,-30
101000304,2057,2614,-557
101000305,2481,1070,1411
101900001,20,46,-26
101900002,0,17,-17
101900003,46,133,-87
101900004,7,82,-75
101900005,1636,3458,-1822
101900006,1682,94,1588
101900007,697,268,429
101900008,58,230,-172
101900009,46,346,-300
101900010,615,736,-121
101900011,125,999,-874
101900012,375,127,248
101900013,469,156,313
101900017,12,155,-143
101900018,523,213,310
101900019,129,187,-58
101900020,280,167,113
101900021,3,59,-56
101900022,174,500,-326
101900023,168,131,37
102000001,3250,6152,-2902
102000002,2401,933,1468
102000003,2548,7870,-5322
102000004,3910,2553,1357
102000005,1050,3013,-1963
102000006,760,1540,-780
102000007,1732,5381,-3649
102000008,4028,1487,2541
102000009,7619,10138,-2519
102000010,3766,3266,500
102000011,4441,3599,842
102000012,2823,2641,182
102000018,2444,2879,-435
102000019,3025,1904,1121
102000026,166,403,-237
102000029,230,177,53
102000030,175,366,-191
102000031,87,125,-38
102000032,738,299,439
102000033,320,404,-84
102000034,482,567,-85
102000035,2642,798,1844
102000036,27,276,-249
102000037,164,40,124
102000038,114,392,-278
102000039,118,133,-15
102000040,216,429,-213
102000041,107,563,-456
102000042,138,535,-397
102000043,122,281,-159
102000044,307,734,-427
102000045,519,685,-166
102000046,1398,586,812
102000047,696,766,-70
102000048,542,755,-213
102000049,1029,947,82
102000050,983,1011,-28
102000051,435,705,-270
102000052,1058,740,318
102000053,920,1217,-297
102000054,930,1124,-194
102000055,1652,343,1309
102000056,1382,402,980
102000057,1517,459,1058
102000058,1176,914,262
102000059,1323,1030,293
102000060,963,810,153
102000061,1925,1312,613
102000062,2079,901,1178
102000063,919,1220,-301
102000064,536,639,-103
102000065,75,252,-177
102000066,677,895,-218
102000067,2642,2692,-50
102000068,11417,3018,8399
102000069,133,3359,-3226
102000070,1537,43,1494
102000071,6343,8559,-2216
102000072,3072,3836,-764
102000073,768,1172,-404
102000074,560,1654,-1094
102000075,194,380,-186
102000076,223,274,-51
102000077,816,515,301
102000078,1129,351,778
102000079,185,152,33
102000080,349,184,165
102000081,378,893,-515
102000082,724,432,292
102000083,804,246,558
102000084,573,193,380
102000085,4517,786,3731
102000086,1249,853,396
102000087,1134,1664,-530
102000088,367,289,78
102000089,1536,359,1177
102000090,426,1174,-748
102000091,1127,611,516
102000092,290,635,-345
102000093,497,511,-14
102000094,597,591,6
102000095,786,1156,-370
102000096,586,779,-193
102000097,851,650,201
102000098,460,773,-313
102000099,920,987,-67
102000100,207,1052,-845
102000101,445,612,-167
102000102,323,1022,-699
102000103,1929,400,1529
102000104,676,311,365
102000105,305,512,-207
102000106,994,503,491
102000107,1823,329,1494
102000108,553,163,390
102000109,601,345,256
102000110,1630,524,1106
102000111,10,202,-192
102000112,86,99,-13
102000113,11,16,-5
102000114,501,278,223
102000115,275,360,-85
102000116,329,687,-358
102000117,150,883,-733
102000118,836,1616,-780
102000119,1161,1372,-211
102000120,286,495,-209
102000121,1194,596,598
102000122,851,1017,-166
102000123,1254,1164,90
102000124,1669,1306,363
102000125,649,874,-225
102000126,577,742,-165
102000127,1377,641,736
102000128,876,792,84
102000129,1619,613,1006
102000130,805,987,-182
102000131,2682,1166,1516
102000132,1307,1775,-468
102000133,3004,1441,1563
102000134,1108,765,343
102000135,1864,1017,847
102000136,2780,646,2134
102000137,499,2171,-1672
102000138,185,564,-379
102000139,92,1535,-1443
102000140,178,2473,-2295
102000141,321,4946,-4625
102000142,337,328,9
102000143,239,202,37
102000144,368,212,156
102000145,435,338,97
102000146,443,493,-50
102000147,576,353,223
102000148,196,442,-246
102000149,258,195,63
102000150,710,98,612
102000151,99,132,-33
102000152,224,154,70
102000153,993,658,335
102000154,192,417,-225
102000155,78,405,-327
102000156,287,208,79
102000157,74,577,-503
102000158,132,272,-140
102000159,908,836,72
102000161,1898,2338,-440
102000162,140,175,-35
102000163,95,515,-420
102000164,696,1108,-412
102000165,262,176,86
102000166,75,160,-85
102000167,229,290,-61
102000168,309,192,117
102000169,103,594,-491
102000170,536,191,345
102000171,132,263,-131
102000172,43,587,-544
102000173,472,373,99
102000174,106,85,21
102000175,101,70,31
102000176,68,17,51
102000178,338,276,62
102000179,570,211,359
102000180,1022,296,726
102000181,992,380,612
102000182,640,397,243
102000183,2207,1210,997
102000184,2296,560,1736
102000185,3177,948,2229
102000186,1629,1148,481
102000187,1167,1226,-59
102000188,1559,1174,385
102000189,1986,518,1468
102000190,705,2455,-1750
102000191,1047,435,612
102000192,1464,1629,-165
102000193,96,68,28
102000194,59,116,-57
102000195,439,374,65
102000196,255,256,-1
102000197,1094,253,841
102000198,228,426,-198
102000199,1557,201,1356
102000200,344,578,-234
102000201,1628,366,1262
102000202,3,92,-89
102000203,490,156,334
102000204,667,423,244
102000205,1508,291,1217
102000206,774,240,534
102000207,747,430,317
102000208,387,267,120
102000209,78,66,12
102000210,450,247,203
102000211,508,231,277
102000212,426,9,417
102000213,5,173,-168
102000214,454,7,447
102000215,5,188,-183
102000216,80,82,-2
102000217,10,89,-79
102000218,334,169,165
102000219,245,160,85
102000225,406,607,-201
102000226,676,1314,-638
102000227,212,5,207
102000228,0,64,-64
102000229,66,65,1
102000230,373,280,93
102000231,307,387,-80
102000232,39,163,-124
102000233,420,548,-128
102000234,129,968,-839
102000236,228,109,119
102000237,432,139,293
102000238,179,199,-20
102000240,424,794,-370
102000241,896,151,745
102000243,8,48,-40
102000245,5,111,-106
102000246,17,51,-34
102000247,245,390,-145
102000248,206,667,-461
102000249,135,105,30
102000250,63,221,-158
102000254,226,104,122
102000266,10,1265,-1255
102000271,45,1,44
102000286,451,364,87
102000297,1945,939,1006
102000299,0,0,0
102000301,0,0,0
102000302,0,0,0
102000303,0,0,0
102000304,0,0,0
102000305,0,0,0
102000306,0,0,0
102000307,0,17,-17
102000308,0,0,0
102900001,1285,712,573
102900002,394,59,335
102900003,98,139,-41
102900005,436,228,208
102900006,726,83,643
102900007,609,28,581
102900008,262,30,232
102900009,531,456,75
102900010,221,1130,-909
102900011,1205,488,717
102900012,384,64,320
102900013,62,57,5
102900015,592,561,31
102900016,106,59,47
102900017,251,261,-10
102900018,43,77,-34
102900019,466,418,48
102900020,163,15,148
102900021,39,42,-3
102900022,312,180,132
102900023,20,77,-57
102900024,40,45,-5
102900025,176,97,79
102900026,288,2075,-1787
102900027,57,68,-11
102900028,253,999,-746
102900029,111,230,-119
102900030,399,368,31
102900031,333,110,223
102900032,115,69,46
102900033,125,166,-41
102900034,657,62,595
102900035,164,199,-35
102900036,366,259,107
102900037,275,192,83
102900038,378,219,159
102900039,38,540,-502
102900040,196,223,-27
102900041,144,108,36
102900042,249,158,91
102900043,278,160,118
102900044,512,1350,-838
102900045,215,358,-143
102900046,163,163,0
102900047,166,431,-265
102900048,617,312,305
102900049,117,317,-200
102900050,155,195,-40
102900051,154,145,9
102900052,40,91,-51
102900053,318,525,-207
102900054,319,1363,-1044
102900055,223,286,-63
102900056,95,343,-248
102900057,13,60,-47
102900058,469,56,413
102900059,31,40,-9
102900060,123,295,-172
102900061,264,258,6
102900062,385,459,-74
102900063,1517,363,1154
102900064,116,441,-325
102900065,852,261,591
102900066,377,21,356
102900068,76,107,-31
102900070,280,1211,-931
102900072,8,52,-44
102900073,75,12,63
102900074,239,272,-33
102900075,19,66,-47
102900076,83,130,-47
102900077,56,33,23
102900078,15,58,-43
102900079,246,8,238
102900080,461,51,410
102900081,122,340,-218
102900082,13,224,-211
102900083,131,30,101
102900084,14,64,-50
102900085,324,132,192
102900086,19,134,-115
102900087,172,195,-23
102900088,64,46,18
102900089,184,125,59
102900090,2,151,-149
102900091,212,5,207
102900092,601,347,254
102900093,320,151,169
102900094,10,216,-206
102900095,136,2,134
102900096,113,9,104
102900097,6,55,-49
103000001,2074,2017,57
103000002,2278,2378,-100
103000003,2912,2507,405
103000004,615,531,84
103000005,1921,3337,-1416
103000006,824,1625,-801
103000007,472,585,-113
103000008,1037,506,531
103000009,1759,1103,656
103000010,173,91,82
103000011,1361,974,387
103000012,1528,1653,-125
103000013,2403,1557,846
103000014,1418,2802,-1384
103000015,1325,565,760
103000016,455,1536,-1081
103000017,283,440,-157
103000018,755,218,537
103000019,376,354,22
103000020,1629,1088,541
103000021,1753,2091,-338
103000022,678,845,-167
103000023,752,2072,-1320
103000024,82,80,2
103000025,98,819,-721
103000026,549,124,425
103000027,259,733,-474
103000028,232,301,-69
103000029,138,253,-115
103000030,1288,1549,-261
103000031,937,2452,-1515
103000032,2167,1410,757
103000033,2968,2504,464
103000034,1093,910,183
103000035,362,1352,-990
103000036,295,370,-75
103000037,533,496,37
103000038,657,1063,-406
103000039,735,298,437
103000040,631,502,129
103000041,2034,1428,606
103000042,1606,327,1279
103000043,882,626,256
103000044,374,146,228
103000046,435,419,16
103000047,742,358,384
103000048,383,158,225
103000049,111,90,21
103000050,838,301,537
103000051,703,425,278
103000052,743,246,497
103000053,217,416,-199
103000054,2627,1199,1428
103000055,1943,1730,213
103000056,942,966,-24
103000057,1218,161,1057
103000058,698,600,98
103000059,747,510,237
103000060,825,372,453
103000061,591,810,-219
103000062,1177,339,838
103000063,1037,844,193
103000064,116,118,-2
103000065,9,245,-236
103000066,239,7,232
103000069,428,176,252
103000070,923,505,418
103000071,1552,568,984
103000072,155,472,-317
103000073,884,138,746
103000074,953,129,824
103000075,146,566,-420
103000076,451,607,-156
103000077,21,244,-223
103000078,884,1091,-207
103000079,427,585,-158
103000080,722,488,234
103000081,374,1185,-811
103000082,476,181,295
103000083,140,296,-156
103000084,112,7,105
103000085,3,106,-103
103000086,408,438,-30
103000087,234,566,-332
103000088,295,287,8
103000089,297,632,-335
103000090,3769,983,2786
103000091,917,500,417
103000092,324,291,33
103000093,331,464,-133
103000094,221,139,82
103000095,111,324,-213
103000096,522,66,456
103000097,70,632,-562
103000098,563,179,384
103000099,186,596,-410
103000100,194,470,-276
103000101,1247,103,1144
103000102,136,341,-205
103000103,770,146,624
103000104,88,77,11
103000105,261,87,174
103000106,12,146,-134
103000107,221,62,159
103000108,1009,625,384
103000109,504,395,109
103000110,606,492,114
103000111,404,448,-44
103000112,336,305,31
103000113,360,604,-244
103000114,1383,613,770
103000115,772,445,327
103000116,865,423,442
103000117,468,362,106
103000118,429,451,-22
103000119,744,366,378
103000120,67,137,-70
103000121,149,316,-167
103000122,301,404,-103
103000125,44,104,-60
103000126,839,3,836
103000127,7,99,-92
103000128,187,2,185
103000129,18,120,-102
103000130,83,56,27
103000131,205,128,77
103000132,97,170,-73
103000133,27,130,-103
103000134,282,1051,-769
103000135,635,223,412
103000136,518,499,19
103000137,354,632,-278
103000138,580,764,-184
103000139,1,61,-60
103000140,124,38,86
103000141,41,107,-66
103000142,139,71,68
103000143,78,151,-73
103000144,198,57,141
103000145,39,328,-289
103000150,139,33,106
103000152,193,210,-17
103000153,253,209,44
103000156,38,182,-144
103000157,446,1,445
103000159,117,65,52
103000162,50,25,25
103000163,5,19,-14
103000164,6,15,-9
103000165,102,207,-105
103000166,275,401,-126
103000167,199,95,104
103000168,191,145,46
103000169,226,446,-220
103000170,1137,246,891
103000171,37,104,-67
103000172,1070,398,672
103000173,872,207,665
103000174,314,210,104
103000175,393,151,242
103000176,933,664,269
103000177,403,386,17
103000178,170,361,-191
103000179,202,14,188
103000183,268,20,248
103000185,178,53,125
103000186,181,82,99
103000187,987,220,767
103000188,39,118,-79
103000189,818,537,281
103000191,499,658,-159
103000292,579,1662,-1083
103000293,759,3071,-2312
103000295,82,121,-39
103000296,135,10,125
103000297,26,259,-233
103000504,53,15,38
103000505,11,48,-37
103000506,9,138,-129
103000507,238,0,238
103000508,99,104,-5
103000509,240,420,-180
103900001,26,82,-56
103900002,852,117,735
103900003,1064,153,911
103900004,136,0,136
103900005,2,63,-61
103900006,11,0,11
103900007,143,3,140
103900008,17,2,15
103900009,532,442,90
103900010,218,281,-63
103900011,571,80,491
103900012,25,31,-6
103900013,82,39,43
103900014,100,13,87
103900015,104,23,81
103900016,255,99,156
103900017,70,63,7
103900018,297,116,181
103900019,63,440,-377
103900020,188,504,-316
103900021,178,47,131
103900022,878,468,410
103900023,236,2,234
103900024,100,329,-229
103900025,12,33,-21
103900026,24,4,20
103900027,737,207,530
103900028,29,320,-291
103900029,1157,155,1002
103900030,510,163,347
103900031,48,1,47
103900032,88,96,-8
103900033,66,15,51
103900034,50,67,-17
103900035,75,35,40
103900036,49,101,-52
103900037,116,84,32
103900038,105,238,-133
103900039,161,139,22
103900040,4,91,-87
103900041,80,47,33
103900042,139,100,39
103900043,299,34,265
103900044,54,496,-442
103900045,432,142,290
103900047,136,17,119
103900048,34,32,2
103900049,125,1040,-915
103900050,25,159,-134
103900051,2,41,-39
103900052,291,197,94
103900053,337,252,85
103900054,209,209,0
103900055,477,201,276
103900056,45,34,11
103900057,69,78,-9
103900058,458,288,170
103900059,0,41,-41
103900060,74,86,-12
103900061,244,33,211
103900062,559,142,417
103900063,4,0,4
103900064,172,1,171
103900065,409,304,105
103900066,229,67,162
103900067,180,15,165
103900068,2,0,2
103900069,95,15,80
103900070,143,140,3
103900071,13,56,-43
103900072,25,98,-73
103900073,42,40,2
103900074,88,37,51
103900075,160,39,121
103900076,795,312,483
103900077,43,194,-151
103900078,349,78,271
103900079,123,127,-4
103900080,6,44,-38
103900081,7,11,-4
103900082,13,112,-99
103900083,862,1501,-639
103900084,90,160,-70
103900085,62,154,-92
103900086,1141,382,759
103900087,30,96,-66
103900088,319,670,-351
103900089,86,100,-14
103900090,363,139,224
103900091,878,170,708
103900092,579,395,184
103900093,74,224,-150
103900094,4,75,-71
103900095,244,158,86
103900096,72,102,-30
103900097,18,451,-433
103900098,360,132,228
103900099,165,87,78
103900100,369,154,215
103900101,116,884,-768
103900102,5,43,-38
103900104,1,14,-13
103900105,35,111,-76
103900106,1,85,-84
103900107,165,77,88
103900108,52,147,-95
103900109,159,32,127
103900110,310,54,256
103900111,203,226,-23
103900112,126,173,-47
103900113,130,256,-126
103900114,287,186,101
103900115,211,243,-32
103900116,1695,2452,-757
103900117,103,56,47
103900119,28,102,-74
103900120,53,72,-19
103900122,149,72,77
103900123,637,626,11
103900124,59,55,4
103900125,114,24,90
103900126,716,234,482
103900127,235,174,61
103900128,194,67,127
103900131,32,55,-23
103900133,953,20,933
103900134,0,5,-5
103900135,14,8,6
103900137,1,32,-31
103900138,167,40,127
103900139,215,3274,-3059
103900140,2,289,-287
103900141,224,44,180
103900142,292,48,244
103900143,247,1,246
103900144,0,7,-7
103900145,157,270,-113
103900146,327,216,111
103900147,442,148,294
103900148,348,187,161
103900149,353,192,161
103900150,3692,5370,-1678
103900151,42,165,-123
103900152,954,244,710
103900153,12,1,11
103900154,452,2020,-1568
103900155,43,141,-98
103900156,123,65,58
103900157,137,78,59
103900158,206,64,142
103900159,255,34,221
103900160,79,40,39
103900161,91,157,-66
103900162,64,75,-11
103900163,13,382,-369
103900164,228,16,212
103900167,19,97,-78
103900168,180,56,124
103900169,54,102,-48
103900170,2,51,-49
103900171,1,15,-14
103900172,0,9,-9
103900173,12,19,-7
103900174,389,50,339
103900175,30,89,-59
103900176,12,33,-21
103900177,36,41,-5
103900178,111,24,87
103900179,113,48,65
103900180,7,27,-20
103900181,40,30,10
103900182,27,15,12
103900184,235,161,74
103900185,74,647,-573
103900187,11,91,-80
103900188,60,52,8
103900189,149,12,137
103900190,95,77,18
103900191,41,59,-18
103900192,41,100,-59
103900193,99,129,-30
103900194,108,145,-37
103900195,4,132,-128
103900196,42,61,-19
103900197,19,19,0
103900198,17,40,-23
103900199,126,68,58
103900200,186,50,136
103900201,102,144,-42
103900202,19,58,-39
103900203,45,31,14
103900204,4,40,-36
103900207,0,33,-33
103900208,175,3,172
103900209,8,142,-134
103900210,72,22,50
103900211,662,215,447
103900212,176,186,-10
103900213,65,156,-91
103900214,175,199,-24
103900215,169,267,-98
103900216,20,305,-285
103900217,359,36,323
103900218,2,271,-269
103900219,255,95,160
103900233,100,8,92
103900235,17,43,-26
103900236,9,4,5
103900242,7,3,4
103900243,2,3,-1
103900244,159,78,81
103900245,123,107,16
103900246,38,22,16
103900247,26,38,-12
103900248,6,139,-133
103900249,17,105,-88
103900250,22,33,-11
103900251,5,59,-54
103900253,8,88,-80
103900254,1,10,-9
103900255,0,7,-7
103900256,14,14,0
103900257,39,97,-58
103900258,25,8,17
103900259,23,12,11
103900261,29,4,25
103900262,13,3,10
103900263,16,23,-7
103900264,23,24,-1
103900265,13,5,8
103900266,5,116,-111
103900267,10,57,-47
103900268,1,3,-2
103900269,49,7,42
103900270,23,7,16
104000001,2622,2085,537
104000002,1763,1822,-59
104000003,2393,2023,370
104000004,2312,2248,64
104000005,1946,1823,123
104000006,3109,2276,833
104000007,3567,3719,-152
104000008,147,158,-11
104000009,239,130,109
104000010,177,325,-148
104000011,259,173,86
104000012,164,192,-28
104000013,319,222,97
104000014,239,442,-203
104000015,351,149,202
104000016,400,257,143
104000018,922,201,721
104000019,663,240,423
104000020,129,280,-151
104000021,239,323,-84
104000022,109,230,-121
104000023,952,495,457
104000024,258,304,-46
104000026,54,270,-216
104000027,265,152,113
104000028,447,193,254
104000029,308,205,103
104000030,361,256,105
104000031,1449,296,1153
104000032,180,166,14
104000033,684,403,281
104000034,345,182,163
104000035,1090,302,788
104000036,1008,379,629
104000037,305,144,161
104000038,529,317,212
104000039,224,128,96
104000040,125,332,-207
104000041,459,311,148
104000042,168,234,-66
104000043,187,192,-5
104000044,171,357,-186
104000045,904,558,346
104000046,700,915,-215
104000047,653,831,-178
104000048,962,862,100
104000049,648,350,298
104000050,144,908,-764
104000051,137,562,-425
104000052,1787,1565,222
104000053,956,398,558
104000054,607,236,371
104000055,3053,2028,1025
104000056,723,214,509
104000057,180,220,-40
104000058,700,607,93
104000059,660,906,-246
104000060,1248,1298,-50
104000061,1014,886,128
104000062,402,103,299
104000064,501,267,234
104000065,242,632,-390
104000069,562,1204,-642
104000070,47,435,-388
104000071,112,265,-153
104000072,503,140,363
104000075,135,238,-103
104000076,392,85,307
104000082,2341,3424,-1083
104000083,654,208,446
104000084,121,395,-274
104000085,387,306,81
104000086,207,400,-193
104000087,361,2043,-1682
104000090,988,743,245
104000092,1652,1117,535
104000094,774,834,-60
104000095,1963,1049,914
104000096,1990,88,1902
104000097,2249,583,1666
104000098,2977,539,2438
104000100,2184,535,1649
104000101,1234,1112,122
104000106,39,499,-460
104000107,583,223,360
104000108,205,316,-111
104000109,338,290,48
104000110,656,1006,-350
104000111,2227,2906,-679
104000112,886,492,394
104000116,2,559,-557
104000117,268,268,0
104000118,1073,135,938
104000119,869,281,588
104000120,248,389,-141
104000121,242,518,-276
104000122,975,725,250
104000123,769,499,270
104000124,408,1304,-896
104000125,2092,4772,-2680
104000126,554,478,76
104000127,1185,1415,-230
104000128,573,247,326
104000129,355,9,346
104000130,4,360,-356
104000131,267,243,24
104000132,354,255,99
104000133,1438,845,593
104000134,950,1768,-818
104000135,456,1718,-1262
104000136,662,3560,-2898
104000137,1594,362,1232
104000138,1019,524,495
104000139,3016,2448,568
104000141,695,1035,-340
104000142,595,370,225
104000143,712,306,406
104000144,163,186,-23
104000145,345,224,121
104000146,182,420,-238
104000147,164,270,-106
104000148,472,258,214
104000149,161,164,-3
104000150,1237,689,548
104000151,335,262,73
104000152,631,368,263
104000153,843,601,242
104000154,670,370,300
104000155,509,573,-64
104000157,961,1191,-230
104000158,254,889,-635
104000159,936,690,246
104000160,1775,2018,-243
104000161,196,181,15
104000162,88,168,-80
104000165,584,693,-109
104000167,676,1355,-679
104000168,759,15,744
104000169,187,48,139
104000170,232,497,-265
104000248,401,421,-20
104000251,72,148,-76
104000272,0,0,0
104000273,0,0,0
104000274,0,0,0
104000275,0,0,0
104000279,700,464,236
104000290,94,221,-127
104000291,521,1056,-535
104000293,1030,613,417
104000294,119,1,118
104000295,692,619,73
104000296,480,621,-141
104000297,585,1755,-1170
104000298,2040,912,1128
104000299,740,1181,-441
104900001,143,215,-72
104900002,107,235,-128
104900003,83,210,-127
104900004,117,140,-23
104900005,403,292,111
104900006,496,87,409
104900007,410,176,234
104900009,200,192,8
104900010,108,46,62
104900011,21,45,-24
104900012,261,47,214
104900013,91,15,76
104900014,1756,266,1490
104900015,105,8,97
104900016,244,130,114
104900017,204,104,100
104900018,8,135,-127
104900019,227,4146,-3919
104900020,40,216,-176
104900021,1,61,-60
104900022,15,103,-88
104900023,0,36,-36
104900024,24,66,-42
104900025,53,143,-90
104900026,0,25,-25
104900027,720,358,362
104900028,9,60,-51
104900029,25,45,-20
104900030,505,195,310
104900031,87,207,-120
104900032,48,66,-18
104900033,238,274,-36
104900034,447,145,302
104900035,535,205,330
104900036,304,48,256
104900037,155,117,38
104900038,216,982,-766
104900039,438,553,-115
104900040,540,88,452
104900041,381,157,224
104900042,169,184,-15
104900043,19,293,-274
104900044,888,145,743
104900045,466,55,411
104900046,283,72,211
104900047,441,129,312
104900048,407,80,327
104900049,67,63,4
104900050,359,66,293
104900051,334,54,280
104900052,170,2,168
104900053,452,110,342
104900054,253,26,227
104900055,179,1,178
104900056,202,21,181
104900057,56,0,56
104900058,562,976,-414
104900059,121,72,49
104900060,0,504,-504
104900061,181,284,-103
104900063,0,117,-117
104900064,0,82,-82
104900065,2,252,-250
104900066,2,64,-62
104900067,10,274,-264
104900068,29,142,-113
104900070,150,212,-62
104900071,0,350,-350
104900072,73,214,-141
104900073,140,116,24
104900074,101,183,-82
104900075,59,19,40
104900076,162,206,-44
104900077,580,339,241
104900078,239,278,-39
104900079,141,565,-424
104900080,136,432,-296
104900082,7,307,-300
104900085,4,140,-136
104900087,252,12,240
104900089,282,2,280
104900090,1211,874,337
104900091,526,509,17
104900093,208,314,-106
104900097,1659,2772,-1113
104900098,234,32,202
104900099,70,633,-563
104900100,261,167,94
104900102,42,79,-37
104900103,374,52,322
104900104,1937,2408,-471
104900106,159,105,54
104900107,108,142,-34
104900108,69,152,-83
104900109,144,165,-21
104900110,9,35,-26
104900111,343,106,237
104900112,322,293,29
104900113,847,246,601
104900114,469,241,228
104900115,934,235,699
104900116,439,105,334
104900118,33,19,14
104900119,2,63,-61
104900120,16,397,-381
104900121,0,29,-29
104900122,1,28,-27
104900123,104,37,67
104900124,126,1,125
104900125,444,6,438
104900126,53,19,34
104900127,21,48,-27
104900128,123,113,10
104900129,974,2579,-1605
105000001,2943,1401,1542
105000002,2425,1503,922
105000003,2994,3453,-459
105000004,715,775,-60
105000005,1288,1152,136
105000006,1604,1739,-135
105000007,1606,2167,-561
105000008,1205,4747,-3542
105000009,3398,3515,-117
105000010,2547,1044,1503
105000011,4138,3471,667
105000012,2920,2017,903
105000013,1174,1500,-326
105000014,2637,3606,-969
105000015,9202,15568,-6366
105000016,1253,1500,-247
105000017,1270,770,500
105000018,810,1666,-856
105000019,1036,936,100
105000020,148,483,-335
105000021,171,151,20
105000022,211,187,24
105000023,536,230,306
105000028,38,74,-36
105000029,658,1741,-1083
105000030,3183,1988,1195
105000033,806,1441,-635
105000034,194,1285,-1091
105000037,627,235,392
105000038,1595,1885,-290
105000039,1894,1249,645
105000040,1095,1459,-364
105000041,451,1190,-739
105000042,2863,2347,516
105000043,1066,2766,-1700
105000044,813,698,115
105000045,326,396,-70
105000046,1364,402,962
105000047,525,618,-93
105000048,654,187,467
105000049,175,342,-167
105000050,787,340,447
105000051,136,275,-139
105000052,729,679,50
105000053,71,145,-74
105000054,486,736,-250
105000055,890,220,670
105000056,1555,1376,179
105000057,1175,432,743
105000058,1165,790,375
105000059,829,511,318
105000060,472,429,43
105000061,914,445,469
105000062,461,453,8
105000063,340,261,79
105000064,2396,666,1730
105000065,352,355,-3
105000066,1029,979,50
105000067,1700,720,980
105000068,305,660,-355
105000069,1207,2282,-1075
105000070,362,1087,-725
105000071,253,1187,-934
105000072,668,2795,-2127
105000073,1066,720,346
105000074,733,481,252
105000075,577,545,32
105000076,892,625,267
105000077,1833,1181,652
105000078,1133,1345,-212
105000079,1139,3096,-1957
105000080,1944,1890,54
105000081,2137,1462,675
105000082,918,2414,-1496
105000083,3198,4218,-1020
105000084,470,715,-245
105000085,2018,2526,-508
105000086,697,913,-216
105000087,1266,1833,-567
105000088,1357,1867,-510
105000089,2440,1815,625
105000090,971,711,260
105000091,1027,1276,-249
105000092,622,818,-196
105000093,233,356,-123
105000094,367,252,115
105000095,100,478,-378
105000096,1084,1432,-348
105000097,690,786,-96
105000098,1048,599,449
105000099,702,635,67
105000100,1698,1085,613
105000101,1934,2280,-346
105000102,1863,2018,-155
105000103,1146,3257,-2111
105000104,2312,1154,1158
105000105,985,1209,-224
105000106,1735,1255,480
105000107,2002,941,1061
105000108,2545,1358,1187
105000109,2093,1090,1003
105000110,945,399,546
105000111,1055,435,620
105000112,1271,490,781
105000113,524,693,-169
105000114,1703,1360,343
105000115,335,1300,-965
105000116,1046,556,490
105000117,788,411,377
105000118,988,498,490
105000119,645,566,79
105000120,1678,550,1128
105000121,899,620,279
105000122,469,608,-139
105000123,814,678,136
105000124,2337,638,1699
105000125,928,1031,-103
105000126,2396,1109,1287
105000127,2716,1271,1445
105000128,641,847,-206
105000129,952,193,759
105000130,289,3275,-2986
105000131,553,237,316
105000132,1228,809,419
105000133,528,798,-270
105000134,1151,572,579
105000135,317,292,25
105000136,45,66,-21
105000137,418,162,256
105000138,45,54,-9
105000139,944,547,397
105000140,330,387,-57
105000141,343,332,11
105000142,306,301,5
105000143,206,368,-162
105000144,289,429,-140
105000145,815,304,511
105000146,420,551,-131
105000147,772,283,489
105000148,1117,532,585
105000149,2921,2174,747
105000150,1515,863,652
105000151,691,333,358
105000152,202,348,-146
105000153,663,636,27
105000154,525,371,154
105000155,334,832,-498
105000156,547,486,61
105000157,645,1084,-439
105000158,2132,760,1372
105000159,295,762,-467
105000160,2578,653,1925
105000161,645,887,-242
105000162,707,2094,-1387
105000163,856,664,192
105000164,166,199,-33
105000165,600,6894,-6294
105000166,3622,1590,2032
105000167,1143,2569,-1426
105000168,474,413,61
105000169,783,149,634
105000170,300,1091,-791
105000171,1035,165,870
105000172,167,16,151
105000173,344,38,306
105000174,96,53,43
105000175,142,96,46
105000176,627,85,542
105000177,470,202,268
105000178,311,222,89
105000179,1123,118,1005
105000180,276,84,192
105000181,187,153,34
105000182,49,31,18
105000183,1477,2337,-860
105000184,970,1328,-358
105000185,1257,1418,-161
105000186,377,739,-362
105000187,890,285,605
105000188,215,226,-11
105000189,120,436,-316
105000190,278,291,-13
105000191,422,288,134
105000192,433,72,361
105000193,83,145,-62
105000194,436,102,334
105000195,397,720,-323
105000196,62,234,-172
105000197,287,481,-194
105000198,339,257,82
105000199,142,467,-325
105000200,129,435,-306
105000201,104,73,31
105000203,11,98,-87
105000204,80,61,19
105000205,74,171,-97
105000207,272,158,114
105000208,207,1220,-1013
105000209,140,195,-55
105000212,1308,617,691
105000213,161,218,-57
105000214,207,175,32
105000215,445,151,294
105000216,176,127,49
105000217,196,166,30
105000218,1876,918,958
105000221,167,149,18
105000222,555,114,441
105000223,361,128,233
105000226,95,119,-24
105000227,90,119,-29
105000228,169,2002,-1833
105000229,167,542,-375
105000231,453,421,32
105000233,940,723,217
105000234,598,823,-225
105000235,415,487,-72
105000237,977,54,923
105000243,52,125,-73
105000248,38,87,-49
105000262,507,648,-141
105000269,230,198,32
105000270,689,42,647
105000271,0,107,-107
105000282,37,27,10
105000287,248,153,95
105000288,809,402,407
105000289,1617,2062,-445
105000290,33,4,29
105000402,2354,4314,-1960
105000426,358,754,-396
105000438,2437,1580,857
105000446,7995,4868,3127
105000447,3305,2010,1295
105000454,782,143,639
105000455,183,133,50
105000474,21,0,21
105000477,696,650,46
105000478,2427,5447,-3020
105000479,125,120,5
105000480,6690,8228,-1538
105000481,4504,3830,674
105000482,3086,5381,-2295
105000483,1694,3055,-1361
105000484,1571,2028,-457
105000485,1361,3802,-2441
105000486,2060,2183,-123
105000488,5875,3079,2796
105000489,1065,619,446
105000549,120,111,9
105000550,354,1085,-731
105000551,44,100,-56
105000552,1648,986,662
105900001,11,2246,-2235
105900002,787,935,-148
105900003,29,80,-51
105900004,171,96,75
105900005,7,181,-174
105900006,16,198,-182
105900007,108,40,68
105900008,66,296,-230
105900009,19,7,12
105900011,287,176,111
105900012,479,179,300
105900013,7,54,-47
105900014,10,82,-72
105900015,136,599,-463
105900016,771,528,243
105900017,1775,42,1733
105900018,211,154,57
105900019,81,497,-416
105900020,67,54,13
105900021,46,2031,-1985
105900022,302,187,115
105900023,6,327,-321
105900024,14,423,-409
105900025,344,21,323
105900026,227,17,210
105900027,16419,6913,9506
105900028,582,414,168
105900029,2017,363,1654
105900030,204,280,-76
105900031,324,165,159
105900032,114,104,10
105900033,44,81,-37
105900034,294,158,136
105900035,223,170,53
105900036,161,145,16
105900037,78,52,26
105900038,215,191,24
105900039,159,89,70
105900040,71,110,-39
105900041,182,208,-26
105900042,91,135,-44
105900043,1228,50,1178
105900044,2,235,-233
105900045,0,845,-845
105900046,6,232,-226
105900047,8,26,-18
105900048,57,412,-355
105900050,5375,9854,-4479
105900051,88,1080,-992
105900052,555,261,294
105900053,2155,4075,-1920
105900054,247,319,-72
105900056,857,472,385
105900057,19,200,-181
105900058,28,15,13
105900059,0,75,-75
106000001,2694,2264,430
106000002,940,4031,-3091
106000003,3040,3340,-300
106000004,1218,1881,-663
106000005,4146,4358,-212
106000006,4057,1997,2060
106000007,544,478,66
106000008,443,248,195
106000009,632,297,335
106000010,553,470,83
106000011,1560,1052,508
106000012,905,862,43
106000013,2028,1822,206
106000014,1633,1083,550
106000015,2219,1289,930
106000016,1291,1380,-89
106000017,562,717,-155
106000018,518,402,116
106000019,447,484,-37
106000020,375,259,116
106000021,309,405,-96
106000022,341,166,175
106000023,710,250,460
106000024,587,362,225
106000025,136,167,-31
106000026,99,131,-32
106000027,1706,1206,500
106000028,703,253,450
106000029,650,676,-26
106000030,314,598,-284
106000034,200,339,-139
106000035,976,2260,-1284
106000036,169,397,-228
106000037,1326,996,330
106000038,102,105,-3
106000039,62,109,-47
106000040,91,960,-869
106000041,691,630,61
106000043,465,237,228
106000046,248,64,184
106000047,17,459,-442
106000049,1080,196,884
106000050,239,365,-126
106000051,845,535,310
106000052,85,326,-241
106000053,514,147,367
106000054,312,227,85
106000055,1300,730,570
106000056,255,198,57
106000057,664,265,399
106000058,166,111,55
106000059,457,219,238
106000060,295,322,-27
106000061,285,598,-313
106000062,170,379,-209
106000063,824,620,204
106000064,30,241,-211
106000065,446,300,146
106000066,120,209,-89
106000067,505,102,403
106000068,61,468,-407
106000069,364,86,278
106000070,430,483,-53
106000071,1205,317,888
106000072,2012,1390,622
106000073,1254,3398,-2144
106000074,715,635,80
106000075,325,1153,-828
106000076,1490,1531,-41
106000077,2801,938,1863
106000078,1251,662,589
106000079,779,582,197
106000080,1313,450,863
106000081,784,827,-43
106000082,1994,621,1373
106000083,403,1197,-794
106000084,986,532,454
106000085,1252,1394,-142
106000086,583,674,-91
106000087,1009,425,584
106000088,325,626,-301
106000089,1073,307,766
106000090,295,464,-169
106000091,291,377,-86
106000092,750,237,513
106000093,325,107,218
106000094,70,219,-149
106000095,1102,580,522
106000096,1043,473,570
106000097,1375,466,909
106000098,717,625,92
106000099,230,1104,-874
106000100,1415,230,1185
106000101,1296,509,787
106000102,189,1283,-1094
106000103,357,595,-238
106000104,870,341,529
106000105,475,470,5
106000106,863,314,549
106000107,151,157,-6
106000108,324,145,179
106000109,203,106,97
106000110,332,135,197
106000111,163,208,-45
106000112,359,520,-161
106000113,685,365,320
106000114,518,677,-159
106000115,258,225,33
106000116,370,228,142
106000117,898,456,442
106000118,1391,1212,179
106000119,818,591,227
106000120,1056,1463,-407
106000121,252,140,112
106000122,189,82,107
106000123,738,81,657
106000124,92,79,13
106000125,19,116,-97
106000126,381,47,334
106000127,1054,480,574
106000128,1014,123,891
106000129,567,369,198
106000130,1054,231,823
106000131,156,671,-515
106000132,496,155,341
106000133,1717,1171,546
106000134,371,2228,-1857
106000135,124,378,-254
106000136,702,1052,-350
106000137,45,495,-450
106000138,1511,84,1427
106000139,37,60,-23
106000140,48,47,1
106000141,134,38,96
106000142,104,41,63
106000143,24,37,-13
106000144,25,44,-19
106000145,404,127,277
106000146,571,99,472
106000147,379,292,87
106000148,323,544,-221
106000149,740,285,455
106000150,535,1736,-1201
106000151,2642,699,1943
106000152,1007,2003,-996
106000153,76,1833,-1757
106000154,1089,173,916
106000155,148,182,-34
106000156,1368,229,1139
106000157,656,1368,-712
106000158,2016,866,1150
106000159,1792,1855,-63
106000160,547,3481,-2934
106000161,1035,209,826
106000162,336,1067,-731
106000163,375,212,163
106000164,635,216,419
106000165,278,265,13
106000166,1085,277,808
106000167,503,519,-16
106000168,759,187,572
106000169,303,320,-17
106000170,1059,198,861
106000171,236,959,-723
106000172,2919,1275,1644
106000173,1101,1911,-810
106000174,1389,334,1055
106000175,295,551,-256
106000176,1976,894,1082
106000177,910,1555,-645
106000178,3404,1361,2043
106000179,766,1260,-494
106000180,730,747,-17
106000181,1208,1404,-196
106000182,1822,511,1311
106000183,1938,394,1544
106000184,2041,508,1533
106000185,1314,1307,7
106000186,636,86,550
106000187,143,797,-654
106000188,0,4,-4
106000189,11,17,-6
106000190,29,2,27
106000191,672,116,556
106000192,2,35,-33
106000193,402,190,212
106000194,139,403,-264
106000195,545,354,191
106000196,251,775,-524
106000197,695,325,370
106000198,175,138,37
106000199,486,990,-504
106000200,226,237,-11
106000201,398,3802,-3404
106000202,1978,461,1517
106000203,17,113,-96
106000204,90,10,80
106000205,7,85,-78
106000206,98,25,73
106000207,33,319,-286
106000208,1825,186,1639
106000209,1894,442,1452
106000210,209,521,-312
106000211,204,782,-578
106000212,914,519,395
106000213,283,1744,-1461
106000214,1531,630,901
106000215,291,418,-127
106000216,428,307,121
106000217,242,294,-52
106000218,403,307,96
106000219,157,189,-32
106000220,452,234,218
106000221,216,121,95
106000222,79,62,17
106000223,378,116,262
106000224,316,98,218
106000225,88,157,-69
106000226,92,121,-29
106000228,73,82,-9
106000229,90,502,-412
106000231,1101,105,996
106000232,68,198,-130
106000233,507,78,429
106000234,49,210,-161
106000235,291,145,146
106000236,83,96,-13
106000237,2,16,-14
106000238,3,23,-20
106000239,1,139,-138
106000240,33,11,22
106000241,8,387,-379
106000242,274,48,226
106000249,109,33,76
106000250,85,441,-356
106000251,170,20,150
106000252,16,53,-37
106000253,66,98,-32
106000254,74,24,50
106000255,27,169,-142
106000256,38,34,4
106000257,148,209,-61
106000258,112,18,94
106000259,2,35,-33
106000260,27,7,20
106000261,7,48,-41
106000262,77,13,64
106000263,15,26,-11
106000264,173,5,168
106000265,27,118,-91
106000266,92,29,63
106000267,9,69,-60
106000268,305,43,262
106000269,41,26,15
106000270,103,303,-200
106000271,85,87,-2
106000272,226,46,180
106000273,12,184,-172
106000274,119,44,75
106000275,180,200,-20
106000276,127,54,73
106000277,114,269,-155
106000278,146,23,123
106000279,21,20,1
106000280,105,47,58
106000281,87,50,37
106000282,78,47,31
106000283,131,51,80
106000284,133,103,30
106000285,104,65,39
106000286,120,83,37
106000287,132,43,89
106000288,109,88,21
106000289,116,47,69
106000290,64,77,-13
106000291,115,72,43
106000292,80,63,17
106000293,118,75,43
106000294,92,95,-3
106000295,78,53,25
106000296,38,92,-54
106000297,65,238,-173
106000298,92,86,6
106000299,52,91,-39
106000300,53,81,-28
106000301,54,123,-69
106000303,25,70,-45
106000304,51,41,10
106000305,36,43,-7
106000306,36,43,-7
106000307,106,24,82
106000308,28,80,-52
106000309,20,59,-39
106000310,348,271,77
106000311,398,121,277
106000312,148,86,62
106000313,248,126,122
106000318,62,470,-408
106000319,1330,315,1015
106000320,3,99,-96
106000321,200,170,30
106000322,213,76,137
106000324,22,91,-69
106000325,1944,962,982
106000326,917,1203,-286
106000327,211,72,139
106000328,30,68,-38
106000329,73,189,-116
106000330,50,89,-39
106000428,76,145,-69
106000429,183,250,-67
106000430,345,832,-487
106000431,2021,365,1656
106000432,1144,2027,-883
106000433,2725,1339,1386
106000434,3254,1627,1627
106000435,922,2167,-1245
106000436,9,104,-95
106000437,319,94,225
106000438,415,285,130
106000439,96,349,-253
106000440,263,697,-434
106000441,5,0,5
106000442,153,10,143
106000443,251,150,101
106000450,0,68,-68
106000451,19,106,-87
106000454,6,41,-35
106000455,2,84,-82
106000456,96,57,39
106000457,18,354,-336
106000458,1220,54,1166
106000459,212,125,87
106000460,1940,20,1920
106000461,122,388,-266
106000462,2,29,-27
106000463,3,11,-8
106000464,5,140,-135
106000465,858,7,851
106000466,3,211,-208
106000467,131,236,-105
106000468,111,138,-27
106000469,94,0,94
106000470,235,2037,-1802
106000471,11,248,-237
106000472,145,22,123
106000473,63,14,49
106000474,266,300,-34
106000475,412,128,284
106000476,130,268,-138
106000477,19,26,-7
106900001,0,11,-11
106900002,5,189,-184
106900003,136,2143,-2007
106900004,0,16,-16
106900006,0,17,-17
106900007,0,15,-15
106900008,547,90,457
106900009,395,173,222
106900010,227,211,16
106900012,1016,2593,-1577
106900013,621,211,410
106900014,72,1,71
106900015,19,2,17
106900016,392,9,383
106900017,20,6,14
106900018,7,0,7
106900019,103,3,100
106900020,3447,1844,1603
106900021,262,129,133
106900022,1045,6,1039
106900023,42,279,-237
106900024,714,81,633
106900025,45,833,-788
106900026,2,187,-185
106900027,1120,3,1117
107000001,3320,5226,-1906
107000002,1928,3099,-1171
107000003,8051,6703,1348
107000004,3989,2258,1731
107000005,7229,6285,944
107000006,3408,1754,1654
107000007,6172,10026,-3854
107000008,5565,4300,1265
107000009,9832,8670,1162
107000010,6418,5103,1315
107000011,718,890,-172
107000012,2819,1866,953
107000013,105,52,53
107000014,63,99,-36
107000015,505,421,84
107000016,1014,432,582
107000017,2197,6991,-4794
107000018,31,4801,-4770
107000020,1577,6063,-4486
107000021,1272,462,810
107000022,853,3021,-2168
107000023,1637,186,1451
107000024,946,1480,-534
107000025,222,271,-49
107000026,460,334,126
107000027,1657,942,715
107000028,1454,664,790
107000029,3924,3270,654
107000030,2436,1793,643
107000031,5323,2791,2532
107000032,416,614,-198
107000033,2302,3442,-1140
107000034,6213,1180,5033
107000035,462,201,261
107000036,868,1207,-339
107000037,108,691,-583
107000038,171,172,-1
107000039,1078,847,231
107000040,329,227,102
107000041,1551,874,677
107000042,593,1999,-1406
107000043,1984,1064,920
107000044,300,620,-320
107000045,113,252,-139
107000046,832,419,413
107000047,477,670,-193
107000048,731,316,415
107000049,554,593,-39
107000050,1128,527,601
107000051,197,273,-76
107000052,1066,1088,-22
107000053,527,280,247
107000054,49,192,-143
107000055,182,103,79
107000056,431,556,-125
107000057,1418,189,1229
107000058,2198,2542,-344
107000059,1852,2484,-632
107000060,5613,5610,3
107000061,4615,2450,2165
107000062,6241,2953,3288
107000063,4315,2932,1383
107000064,5825,3111,2714
107000065,3107,3081,26
107000066,1959,4093,-2134
107000067,1660,1777,-117
107000068,1074,1064,10
107000069,1269,669,600
107000070,1317,59,1258
107000071,5124,117,5007
107000072,28,1558,-1530
107000073,1196,617,579
107000074,118,632,-514
107000075,2417,785,1632
107000076,625,883,-258
107000077,4586,1578,3008
107000078,1628,1785,-157
107000079,3535,1318,2217
107000080,920,2168,-1248
107000081,3297,735,2562
107000082,756,764,-8
107000083,1826,614,1212
107000084,324,889,-565
107000085,3045,2812,233
107000086,2774,2520,254
107000087,3297,2011,1286
107000088,2973,2589,384
107000089,1846,1741,105
107000090,1229,708,521
107000091,1907,933,974
107000092,1092,661,431
107000093,1506,999,507
107000094,819,702,117
107000095,1184,651,533
107000096,556,586,-30
107000097,501,351,150
107000098,214,326,-112
107000099,352,407,-55
107000100,241,286,-45
107000101,136,191,-55
107000102,193,310,-117
107000103,184,164,20
107000104,138,183,-45
107000105,425,103,322
107000106,185,149,36
107000107,597,116,481
107000108,137,305,-168
107000109,820,106,714
107000110,64,289,-225
107000111,480,38,442
107000112,45,168,-123
107000113,862,116,746
107000114,113,353,-240
107000115,782,190,592
107000116,128,427,-299
107000117,169,752,-583
107000118,127,131,-4
107000119,1344,1527,-183
107000120,751,681,70
107000121,1104,591,513
107000122,1079,566,513
107000123,549,424,125
107000124,629,474,155
107000125,1375,431,944
107000126,1306,356,950
107000127,23,263,-240
107000129,188,161,27
107000130,393,398,-5
107000131,517,418,99
107000132,704,341,363
107000133,472,134,338
107000134,314,6,308
107000135,4,539,-535
107000136,652,10,642
107000137,7,640,-633
107000138,181,52,129
107000139,31,814,-783
107000140,1592,172,1420
107000141,184,843,-659
107000142,540,93,447
107000143,77,515,-438
107000144,584,522,62
107000145,159,345,-186
107000146,172,331,-159
107000147,4104,781,3323
107000150,540,3329,-2789
107000151,48,78,-30
107000152,563,2008,-1445
107000153,55,306,-251
107000154,82,303,-221
107000155,984,16,968
107000156,1471,17,1454
107000157,107,634,-527
107000158,843,15,828
107000159,43,259,-216
107000160,1795,209,1586
107000161,104,548,-444
107000162,341,761,-420
107000163,174,7,167
107000164,1024,0,1024
107000165,1628,5,1623
107000166,33,499,-466
107000167,817,149,668
107000168,1247,623,624
107000169,607,496,111
107000170,3869,948,2921
107000171,788,992,-204
107000172,1454,1743,-289
107000173,539,420,119
107000174,1303,6815,-5512
107000175,4256,971,3285
107000176,0,0,0
107000177,2,0,2
107000178,35,6,29
107000179,357,1132,-775
107000180,1867,192,1675
107000181,494,551,-57
107000182,2514,669,1845
107000183,200,491,-291
107000184,1541,484,1057
107000185,516,979,-463
107000186,1578,476,1102
107000187,1300,1428,-128
107000188,764,544,220
107000189,747,839,-92
107000190,896,788,108
107000191,920,762,158
107000192,1975,501,1474
107000193,524,530,-6
107000194,671,413,258
107000197,1011,364,647
107000198,320,546,-226
107000199,1475,559,916
107000200,554,659,-105
107000201,536,480,56
107000202,365,425,-60
107000203,963,1733,-770
107000204,1007,1826,-819
107000205,1524,967,557
107000206,667,1997,-1330
107000207,616,1542,-926
107000208,831,732,99
107000209,1240,1625,-385
107000210,263,225,38
107000211,8,58,-50
107000212,40,251,-211
107000213,6,31,-25
107000214,23,103,-80
107000215,574,241,333
107000216,631,443,188
107000217,249,99,150
107000219,144,292,-148
107000220,200,103,97
107000222,249,380,-131
107000224,1072,140,932
107000225,176,314,-138
107000226,957,130,827
107000227,92,155,-63
107000228,376,553,-177
107000229,76,117,-41
107000230,1038,400,638
107000231,787,1947,-1160
107000232,105,21,84
107000233,360,1027,-667
107000234,10,121,-111
107000235,111,22,89
107000236,12,433,-421
107000237,34,0,34
107000238,34,10,24
107000239,2755,580,2175
107000240,56,541,-485
107000241,56,11,45
107000242,237,42,195
107000243,0,60,-60
107000244,2,50,-48
107000246,3,1224,-1221
107000249,10,1292,-1282
107000251,3,536,-533
107000252,1,473,-472
107000255,226,188,38
107000257,4,439,-435
107000258,6,130,-124
107000259,5,149,-144
107000260,2376,37,2339
107000262,9,239,-230
107000263,501,2,499
107000266,14,21,-7
107000267,21,63,-42
107000268,101,71,30
107000269,101,12,89
107000270,151,47,104
107000271,1,0,1
107000272,65,2,63
107000273,13,222,-209
107000274,1212,992,220
107000275,87,3612,-3525
107000280,1367,33,1334
107000281,74,274,-200
107000282,79,472,-393
107000290,39,42,-3
107000291,9,12,-3
107000292,1,553,-552
107000293,44,9,35
107000294,0,25,-25
107000295,33,4,29
107000296,0,19,-19
107000444,252,6,246
107000496,8,1,7
107000497,1332,1066,266
107000500,436,266,170
107000501,93,183,-90
107000502,169,232,-63
107000505,237,622,-385
107000506,0,2,-2
107000508,2,253,-251
107000509,202,667,-465
107000510,35,37,-2
107000514,48,537,-489
107000515,14,77,-63
107000516,564,367,197
107000518,1455,2129,-674
107000519,1234,656,578
107000520,126,72,54
107900001,102,72,30
107900002,113,15,98
107900003,982,34,948
107900004,228,2,226
107900005,2141,2,2139
107900006,319,4,315
107900007,444,55,389
107900008,63,12,51
107900009,191,12,179
107900010,68,4,64
107900012,329,64,265
107900013,247,24,223
107900014,107,15,92
107900015,1651,9,1642
107900016,443,108,335
107900017,49,1,48
107900018,87,229,-142
107900019,33,15,18
107900020,91,26,65
107900021,139,72,67
107900023,5,4,1
107900024,0,8,-8
107900025,271,194,77
107900026,65,37,28
107900027,25,56,-31
107900028,201,66,135
107900030,213,54,159
107900031,68,87,-19
107900032,14,5,9
107900033,31,6,25
107900034,454,30,424
107900035,1451,74,1377
107900036,130,44,86
107900037,0,11,-11
107900038,81,309,-228
107900039,49,28,21
107900040,17,237,-220
107900041,4,1,3
107900043,84,83,1
107900044,8,10,-2
107900045,162,83,79
107900046,240,241,-1
107900047,81,21,60
107900048,299,20,279
107900049,294,1291,-997
107900050,80,211,-131
107900051,108,38,70
107900052,21,38,-17
107900053,88,42,46
107900055,773,366,407
107900056,157,92,65
107900057,5,0,5
107900058,33,467,-434
107900060,19,107,-88
107900061,5,26,-21
107900063,116,158,-42
107900064,270,268,2
107900065,414,34,380
107900066,54,4,50
107900067,1,0,1
107900068,105,939,-834
107900069,30,2997,-2967
107900070,315,142,173
107900071,30,360,-330
107900072,153,112,41
107900073,169,49,120
107900074,384,375,9
107900076,193,56,137
107900077,118,5,113
107900078,183,78,105
107900079,16,28,-12
107900080,271,1064,-793
107900081,69,57,12
107900082,11,7,4
107900083,383,219,164
107900084,178,165,13
107900086,38,215,-177
107900087,305,193,112
107900088,80,26,54
107900089,205,1008,-803
107900090,1015,3021,-2006
107900091,142,182,-40
107900092,1229,261,968
107900093,79,53,26
107900095,1714,2159,-445
107900097,44,60,-16
107900098,83,173,-90
107900100,674,1848,-1174
107900101,496,98,398
107900102,52,11,41
107900103,35,166,-131
107900104,197,8,189
107900105,0,116,-116
107900106,6,398,-392
107900107,1402,497,905
107900108,121,76,45
107900109,1991,40,1951
107900110,101,33,68
107900111,3,340,-337
107900112,88,401,-313
107900113,348,55,293
107900114,305,101,204
107900115,1,23,-22
107900116,238,79,159
107900117,288,173,115
107900118,53,75,-22
107900119,100,318,-218
107900120,54,37,17
107900121,0,116,-116
107900122,1,185,-184
107900123,4,126,-122
107900124,21,41,-20
107900125,19,210,-191
107900126,22,80,-58
107900127,437,396,41
107900128,72,47,25
107900129,99,16,83
107900130,115,15,100
107900131,176,540,-364
107900132,77,171,-94
107900133,2,63,-61
107900134,48,189,-141
107900135,12,93,-81
107900136,27,34,-7
107900137,125,136,-11
107900138,96,32,64
107900139,81,45,36
107900140,84,45,39
107900141,33,80,-47
107900142,33,389,-356
107900143,11,14,-3
107900144,1,152,-151
107900145,9,80,-71
107900146,52,168,-116
107900147,48,58,-10
107900148,148,101,47
107900149,457,110,347
107900150,53,252,-199
107900151,62,68,-6
107900152,5,122,-117
107900153,117,410,-293
107900154,85,40,45
107900155,129,58,71
107900156,33,153,-120
107900157,56,37,19
107900158,1289,40,1249
107900159,18,291,-273
107900160,195,146,49
107900161,78,72,6
107900162,0,105,-105
107900163,30,99,-69
107900164,30,59,-29
107900165,24,153,-129
107900166,44,84,-40
107900167,9,64,-55
107900168,87,21,66
107900169,0,89,-89
107900171,5,340,-335
107900172,2,177,-175
107900173,41,55,-14
107900174,210,6,204
107900175,23,51,-28
107900176,71,9,62
107900177,1,260,-259
107900178,0,77,-77
107900179,29,76,-47
107900180,314,980,-666
107900181,316,282,34
107900182,22,385,-363
107900183,65,157,-92
107900184,139,100,39
107900185,205,6,199
107900186,37,35,2
107900187,0,131,-131
107900188,289,174,115
107900189,46,72,-26
107900190,51,170,-119
107900191,106,77,29
107900193,1,43,-42
107900194,264,24,240
107900195,771,261,510
107900196,74,45,29
107900197,371,464,-93
107900199,5,420,-415
107900201,116,35,81
107900203,34,47,-13
107900204,139,242,-103
107900205,246,280,-34
107900206,980,473,507
107900207,3,278,-275
107900208,4,214,-210
107900209,221,118,103
107900210,53,67,-14
107900213,559,598,-39
107900214,30,56,-26
107900215,152,408,-256
107900216,126,56,70
107900217,61,64,-3
107900218,18,2229,-2211
107900219,69,27,42
107900220,124,241,-117
107900221,116,170,-54
107900223,107,203,-96
107900224,105,410,-305
107900225,12,462,-450
107900226,63,64,-1
107900227,156,259,-103
107900228,45,104,-59
107900229,1,107,-106
107900230,26,43,-17
107900231,37,94,-57
107900232,148,67,81
107900233,7,75,-68
107900234,139,139,0
107900235,21,149,-128
107900236,250,50,200
107900237,31,279,-248
107900238,29,45,-16
107900239,365,726,-361
107900240,77,49,28
107900241,15,48,-33
107900242,41,84,-43
107900243,2,44,-42
107900244,367,8,359
107900245,826,50,776
107900246,315,46,269
107900248,152,120,32
107900249,1177,79,1098
107900250,0,238,-238
107900251,37,560,-523
107900252,1257,27,1230
107900253,349,18,331
107900254,65,276,-211
107900255,163,110,53
107900256,723,1865,-1142
107900257,392,128,264
107900258,100,88,12
107900259,52,3071,-3019
107900261,0,86,-86
107900262,47,47,0
107900264,668,17,651
107900265,153,121,32
107900267,370,10,360
107900268,11,1,10
107900269,1,3,-2
107900270,1,1,0
107900271,5,38,-33
107900272,48,55,-7
107900273,71,80,-9
107900274,190,0,190
107900275,59,0,59
107900276,0,45,-45
107900277,0,138,-138
107900278,413,204,209
107900279,80,131,-51
107900280,2389,1926,463
107900281,438,4508,-4070
107900282,22,761,-739
107900283,733,755,-22
107900284,713,346,367
107900285,154,29,125
107900286,70,62,8
107900287,344,238,106
107900290,1,237,-236
107900291,710,26,684
107900292,138,67,71
107900293,101,220,-119
107900295,66,16,50
107900297,1,323,-322
107900298,598,444,154
107900299,2166,3006,-840
107900300,93,314,-221
107900301,586,933,-347
107900302,124,45,79
107900303,324,160,164
107900304,633,286,347
107900305,517,15,502
107900306,8,43,-35
107900307,39,223,-184
107900308,212,210,2
107900309,94,2,92
107900310,169,6,163
107900311,5,723,-718
107900312,108,1,107
107900313,1,168,-167
107900314,0,63,-63
107900315,3,207,-204
107900316,37,4,33
107900317,115,11,104
107900318,10,288,-278
107900319,9,100,-91
107900320,40,80,-40
107900321,173,1,172
107900322,5,54,-49
107900323,186,103,83
107900324,127,1,126
107900325,149,0,149
107900326,466,138,328
107900327,1,129,-128
107900328,79,5,74
107900329,50,158,-108
107900330,12,143,-131
107900331,455,31,424
107900332,547,11,536
107900333,69,19,50
107900334,5,69,-64
107900335,80,21,59
107900336,25,82,-57
107900337,601,1225,-624
107900338,4,128,-124
107900339,1,9,-8
107900340,0,66,-66
107900341,106,0,106
107900342,111,78,33
107900343,36,0,36
107900344,20,163,-143
107900345,95,26,69
107900346,23,0,23
107900347,15,3,12
107900348,0,2,-2
107900349,23,18,5
107900350,14,203,-189
108000001,3462,3673,-211
108000002,1763,1530,233
108000003,3227,3841,-614
108000004,10208,10493,-285
108000005,7682,6412,1270
108000006,5129,5276,-147
108000007,5161,4098,1063
108000008,3683,4140,-457
108000009,4516,4593,-77
108000010,2475,3036,-561
108000011,12817,11573,1244
108000012,10196,9889,307
108000014,593,1284,-691
108000015,970,170,800
108000016,359,655,-296
108000017,1327,293,1034
108000018,2125,681,1444
108000019,1475,1150,325
108000020,1396,569,827
108000021,337,1546,-1209
108000022,353,902,-549
108000023,1525,285,1240
108000024,414,284,130
108000025,384,143,241
108000026,848,228,620
108000027,815,261,554
108000028,759,162,597
108000029,674,236,438
108000030,620,174,446
108000031,236,366,-130
108000032,2161,575,1586
108000033,798,649,149
108000034,2114,474,1640
108000035,737,1340,-603
108000036,343,667,-324
108000037,2164,336,1828
108000038,3379,565,2814
108000039,481,1166,-685
108000040,2373,1031,1342
108000041,692,1583,-891
108000042,453,170,283
108000043,209,158,51
108000044,1052,118,934
108000045,257,260,-3
108000046,1966,383,1583
108000047,457,569,-112
108000048,124,261,-137
108000049,1093,261,832
108000050,61,321,-260
108000051,440,232,208
108000052,125,404,-279
108000053,498,295,203
108000054,404,982,-578
108000055,1240,852,388
108000056,664,1364,-700
108000057,719,1591,-872
108000058,2076,4156,-2080
108000059,1934,1315,619
108000060,247,464,-217
108000061,146,177,-31
108000062,1265,664,601
108000063,579,354,225
108000064,310,256,54
108000065,515,375,140
108000066,1467,795,672
108000067,2242,736,1506
108000068,976,414,562
108000069,264,617,-353
108000070,2367,671,1696
108000071,584,1049,-465
108000072,2115,1068,1047
108000073,1080,1083,-3
108000074,681,422,259
108000075,292,475,-183
108000076,1029,533,496
108000077,596,467,129
108000078,2820,1158,1662
108000079,674,805,-131
108000080,1803,551,1252
108000081,601,774,-173
108000082,728,1209,-481
108000083,2102,958,1144
108000084,420,704,-284
108000085,1178,485,693
108000086,509,440,69
108000087,199,2466,-2267
108000088,277,9,268
108000089,377,389,-12
108000090,598,198,400
108000091,335,300,35
108000092,247,97,150
108000093,193,251,-58
108000094,738,68,670
108000095,214,128,86
108000096,422,189,233
108000097,126,185,-59
108000098,2283,1036,1247
108000099,319,63,256
108000100,73,186,-113
108000101,1543,1493,50
108000102,1779,3596,-1817
108000106,905,4,901
108000107,4,829,-825
108000108,729,81,648
108000109,7,560,-553
108000110,321,375,-54
108000111,203,420,-217
108000112,55,163,-108
108000113,366,176,190
108000115,332,380,-48
108000117,534,481,53
108000118,47,292,-245
108000119,423,253,170
108000120,136,756,-620
108000121,211,276,-65
108000122,657,299,358
108000123,771,120,651
108000124,352,345,7
108000125,611,176,435
108000126,177,233,-56
108000127,623,175,448
108000128,736,243,493
108000129,309,416,-107
108000130,504,139,365
108000131,915,494,421
108000132,1202,960,242
108000133,1262,508,754
108000134,463,315,148
108000135,1369,549,820
108000136,282,541,-259
108000137,622,157,465
108000138,574,417,157
108000139,712,199,513
108000140,180,18,162
108000141,53,13,40
108000142,56,34,22
108000143,63,15,48
108000144,66,11,55
108000145,71,7,64
108000146,140,20,120
108000147,42,13,29
108000148,115,22,93
108000149,27,8,19
108000150,74,13,61
108000151,11,10,1
108000152,89,172,-83
108000153,821,152,669
108000154,32,3,29
108000155,21,31,-10
108000156,259,126,133
108000157,194,1512,-1318
108000158,59,895,-836
108000159,222,168,54
108000160,1487,1088,399
108000161,1556,4047,-2491
108000165,13,360,-347
108000172,4,291,-287
108000173,788,2286,-1498
108000175,440,104,336
108000178,297,310,-13
108000179,114,951,-837
108000181,69,19,50
108000182,106,22,84
108000183,8,18,-10
108000184,561,2815,-2254
108000185,301,214,87
108000186,277,56,221
108000187,149,229,-80
108000188,1074,201,873
108000189,373,1482,-1109
108000190,31,70,-39
108000192,280,257,23
108000193,468,34,434
108000194,36,18,18
108000195,1,652,-651
108000196,204,158,46
108000198,521,91,430
108000199,0,289,-289
108000200,669,174,495
108000202,2,524,-522
108000203,172,200,-28
108000204,233,83,150
108000205,135,192,-57
108000339,880,416,464
108000364,60,307,-247
108000365,45,289,-244
108000367,193,241,-48
108000368,14,44,-30
108000369,402,202,200
108000371,1,499,-498
108000372,674,1,673
108000373,256,57,199
108000376,106,54,52
108000377,682,143,539
108000378,8979,11459,-2480
108000379,34,144,-110
108000381,97,5,92
108000382,71,3,68
108000383,1,231,-230
108900001,101,464,-363
108900002,199,85,114
108900003,218,497,-279
108900004,259,599,-340
108900005,91,487,-396
108900006,824,199,625
108900007,439,198,241
108900008,246,127,119
108900009,123,113,10
108900010,396,102,294
108900011,996,323,673
108900012,637,316,321
108900013,222,187,35
108900014,27,122,-95
108900015,2,341,-339
108900016,2,238,-236
108900017,302,463,-161
108900018,233,307,-74
108900019,60,406,-346
108900020,45,106,-61
108900021,206,133,73
108900022,166,16,150
108900023,48,52,-4
108900024,61,37,24
108900025,204,60,144
108900026,36,74,-38
108900027,0,32,-32
108900028,150,119,31
108900029,64,122,-58
108900030,0,22,-22
108900031,156,181,-25
108900032,3,134,-131
108900033,2,192,-190
108900034,0,108,-108
108900035,305,540,-235
108900036,148,178,-30
108900037,42,176,-134
108900038,14,143,-129
108900039,1,221,-220
108900040,13,41,-28
108900041,3244,3794,-550
108900042,5,406,-401
108900043,51,357,-306
108900044,2,193,-191
108900045,146,241,-95
108900046,31,303,-272
108900047,0,68,-68
108900048,91,407,-316
108900049,1252,1894,-642
108900050,3,93,-90
108900051,0,119,-119
108900052,44,107,-63
108900053,43,274,-231
108900054,84,157,-73
108900055,46,394,-348
108900056,13,80,-67
108900057,1,97,-96
108900058,34,161,-127
108900059,741,103,638
108900060,120,209,-89
108900061,72,34,38
108900062,7,145,-138
108900063,7,126,-119
108900064,409,37,372
108900065,7,108,-101
108900066,577,157,420
108900067,29,138,-109
108900068,0,54,-54
108900069,109,50,59
108900070,42,59,-17
108900071,122,51,71
108900072,1739,533,1206
108900073,8,33,-25
108900074,345,105,240
108900075,36,25,11
108900076,668,54,614
108900077,59,76,-17
108900078,65,58,7
108900079,489,124,365
108900080,35,1172,-1137
108900081,61,224,-163
108900082,167,53,114
108900083,22,347,-325
108900084,281,176,105
108900085,1108,173,935
108900086,202,81,121
108900087,59,137,-78
108900088,869,389,480
108900089,44,291,-247
108900090,152,117,35
108900091,91,75,16
108900092,560,284,276
108900093,135,136,-1
108900094,272,89,183
108900095,19,161,-142
108900096,200,19,181
108900097,294,143,151
108900098,1159,1112,47
108900099,551,125,426
108900100,112,90,22
108900101,233,331,-98
108900102,54,1490,-1436
108900103,110,159,-49
108900104,96,332,-236
108900105,5,1704,-1699
108900106,692,189,503
108900108,379,62,317
108900109,63,45,18
108900110,272,172,100
108900111,635,205,430
108900112,391,30,361
108900113,35,89,-54
108900114,0,4,-4
108900115,178,96,82
108900116,105,37,68
108900117,259,36,223
108900118,739,23,716
108900119,464,35,429
108900120,201,226,-25
108900121,356,183,173
108900122,182,32,150
108900123,151,213,-62
108900124,750,264,486
108900125,631,9,622
108900126,241,94,147
108900127,278,27,251
108900128,217,49,168
108900129,1007,200,807
108900130,481,7,474
108900131,548,16,532
108900132,589,70,519
108900133,473,55,418
108900134,679,158,521
108900135,290,17,273
108900136,78,7,71
108900137,282,1,281
108900138,964,64,900
108900139,768,110,658
108900140,496,96,400
108900141,556,16,540
108900142,149,5,144
108900143,180,1,179
108900144,195,1,194
108900145,343,16,327
108900146,157,0,157
108900147,356,0,356
108900148,55,18,37
108900149,427,206,221
108900150,335,8,327
108900151,155,94,61
108900152,179,202,-23
108900153,260,157,103
108900154,5383,419,4964
108900155,354,58,296
108900156,121,3,118
108900157,17,303,-286
108900158,559,53,506
108900159,0,117,-117
108900160,21,178,-157
108900161,4,202,-198
108900162,153,1,152
108900163,18,368,-350
108900164,60,49,11
108900165,110,53,57
108900167,927,9393,-8466
108900168,3930,2811,1119
108900169,59,84,-25
108900171,3325,3733,-408
108900172,221,32,189
108900173,141,274,-133
108900174,1178,461,717
108900176,96,213,-117
108900177,3996,7395,-3399
108900178,2643,4303,-1660
108900179,385,2299,-1914
108900180,140,452,-312
108900182,43,442,-399
108900183,289,212,77
108900184,588,261,327
108900185,150,353,-203
108900186,95,300,-205
108900187,543,47,496
108900188,1061,69,992
108900189,515,125,390
108900190,123,1468,-1345
108900191,218,72,146
108900192,89,157,-68
108900193,97,47,50
108900194,16,321,-305
108900195,98,96,2
108900196,43,258,-215
108900198,2,208,-206
108900199,195,279,-84
108900200,759,425,334
108900201,453,1020,-567
108900203,587,87,500
108900204,486,16,470
108900205,243,32,211
108900206,487,94,393
108900207,219,141,78
108900208,19,270,-251
108900209,157,429,-272
108900210,267,203,64
108900211,202,642,-440
108900212,334,1677,-1343
108900215,64,197,-133
108900216,229,355,-126
108900217,113,0,113
108900218,85,16,69
108900219,77,13,64
108900220,83,68,15
108900221,60,193,-133
108900222,395,40,355
108900223,6,92,-86
108900224,57,134,-77
108900225,1,247,-246
108900226,518,25,493
108900227,159,573,-414
108900230,116,191,-75
108900231,16,137,-121
108900232,2,154,-152
108900233,556,99,457
108900234,412,173,239
108900235,181,413,-232
108900236,52,251,-199
108900237,73,142,-69
108900240,166,134,32
108900241,50,85,-35
108900245,12,2057,-2045
108900249,187,52,135
108900250,310,88,222
108900257,360,226,134
108900258,15,106,-91
108900259,33,43,-10
108900260,10,39,-29
108900261,58,68,-10
108900262,101,104,-3
108900263,24,143,-119
108900264,264,237,27
108900265,948,614,334
108900266,362,1069,-707
108900267,3,208,-205
108900268,13,20,-7
108900269,111,27,84
108900270,120,10,110
108900271,125,5,120
108900272,339,12,327
108900273,456,1117,-661
108900274,65,30,35
108900275,5,3,2
108900276,0,2,-2
109000001,2731,2096,635
109000002,985,2399,-1414
109000003,2972,345,2627
109000004,518,1651,-1133
109000005,2548,542,2006
109000006,845,1610,-765
109000007,2105,516,1589
109000008,707,1375,-668
109000009,3409,1149,2260
109000010,978,2993,-2015
109000011,4262,2168,2094
109000012,2033,2477,-444
109000013,4752,3920,832
109000014,2086,2133,-47
109000015,3792,9760,-5968
109000016,4862,2257,2605
109000017,3117,1299,1818
109000018,1314,1820,-506
109000019,2821,1277,1544
109000020,885,1460,-575
109000023,319,21,298
109000024,8,143,-135
109000025,363,585,-222
109000026,472,395,77
109000027,182,348,-166
109000028,102,123,-21
109000029,121,290,-169
109000030,43,377,-334
109000031,267,173,94
109000032,113,393,-280
109000033,348,190,158
109000034,72,38,34
109000035,14,46,-32
109000036,73,288,-215
109000037,315,2319,-2004
109000038,384,327,57
109000039,1162,1183,-21
109000040,3206,13313,-10107
109000041,1603,2308,-705
109000042,465,1321,-856
109000044,450,70,380
109000045,87,327,-240
109000046,490,74,416
109000047,72,307,-235
109000048,743,275,468
109000049,188,482,-294
109000050,448,260,188
109000051,219,145,74
109000052,584,434,150
109000053,329,86,243
109000054,212,319,-107
109000055,263,385,-122
109000056,474,283,191
109000057,1069,535,534
109000058,530,240,290
109000059,375,1335,-960
109000060,215,360,-145
109000061,493,1565,-1072
109000062,138,468,-330
109000063,263,108,155
109000064,440,193,247
109000065,222,97,125
109000066,484,52,432
109000067,89,218,-129
109000068,992,3,989
109000069,785,21,764
109000070,32,1980,-1948
109000071,383,98,285
109000072,101,307,-206
109000073,66,61,5
109000074,24,130,-106
109000075,73,300,-227
109000076,112,303,-191
109000077,255,246,9
109000078,90,152,-62
109000079,143,79,64
109000080,224,83,141
109000081,129,214,-85
109000082,881,139,742
109000083,380,300,80
109000088,167,383,-216
109000089,394,126,268
109000090,145,333,-188
109000091,462,258,204
109000092,324,315,9
109000093,376,261,115
109000094,921,4,917
109000095,94,271,-177
109000096,1010,221,789
109000097,97,101,-4
109000098,63,150,-87
109000099,968,241,727
109000100,300,597,-297
109000101,2013,524,1489
109000102,477,583,-106
109000103,692,491,201
109000104,2396,462,1934
109000105,462,745,-283
109000106,2499,744,1755
109000107,643,1226,-583
109000108,2588,660,1928
109000109,601,895,-294
109000110,1437,543,894
109000111,730,1256,-526
109000112,325,134,191
109000113,293,179,114
109000114,169,246,-77
109000115,1077,30,1047
109000116,10,250,-240
109000117,287,44,243
109000118,13,286,-273
109000119,1945,118,1827
109000120,300,406,-106
109000121,862,25,837
109000122,187,332,-145
109000123,47,42,5
109000124,953,221,732
109000125,1006,224,782
109000126,505,382,123
109000127,1408,175,1233
109000128,653,648,5
109000129,3370,891,2479
109000130,432,802,-370
109000131,1055,803,252
109000132,582,1210,-628
109000133,305,636,-331
109000134,703,887,-184
109000135,743,1593,-850
109000136,278,191,87
109000137,455,348,107
109000138,506,167,339
109000139,631,346,285
109000140,191,161,30
109000141,686,290,396
109000142,166,474,-308
109000143,111,85,26
109000145,106,240,-134
109000146,14,60,-46
109000148,1695,2445,-750
109000149,24,100,-76
109000150,58,310,-252
109000155,1058,812,246
109000156,950,423,527
109000158,122,276,-154
109000159,171,427,-256
109000160,1471,201,1270
109000161,404,656,-252
109000162,2416,461,1955
109000163,1375,1066,309
109000164,1501,1707,-206
109000165,1453,351,1102
109000166,1051,81,970
109000167,125,284,-159
109000170,52,36,16
109000171,81,35,46
109000172,33,43,-10
109000173,20,108,-88
109000174,168,26,142
109000175,37,57,-20
109000176,356,116,240
109000177,24,71,-47
109000178,537,50,487
109000179,2563,5923,-3360
109000180,3572,3837,-265
109000181,44,26,18
109000182,60,24,36
109000183,53,9,44
109000184,74,17,57
109000185,26,10,16
109000188,532,968,-436
109000189,2981,528,2453
109000190,711,443,268
109000191,339,311,28
109000192,550,117,433
109000193,287,115,172
109000194,401,46,355
109000195,255,160,95
109000196,342,87,255
109000197,216,247,-31
109000198,375,60,315
109000199,143,307,-164
109000206,217,27,190
109000207,143,28,115
109000208,111,74,37
109000209,158,84,74
109000210,136,407,-271
109000211,519,231,288
109000214,517,197,320
109000215,150,56,94
109000216,299,375,-76
109000217,187,211,-24
109000218,374,312,62
109000221,370,669,-299
109000222,981,227,754
109000223,513,392,121
109000224,21,56,-35
109000225,106,18,88
109000226,65,109,-44
109000227,1523,563,960
109000228,7,3150,-3143
109000231,1,136,-135
109000232,651,216,435
109000236,409,469,-60
109000241,2191,1237,954
109000242,1598,796,802
109000293,27,98,-71
109000361,81,142,-61
109000364,149,328,-179
109000396,0,298,-298
109000397,895,15,880
109000399,150,253,-103
109000400,102,142,-40
109000403,73,1294,-1221
109000406,357,3,354
109000407,302,180,122
109000408,0,396,-396
109000410,1172,211,961
109000411,193,20,173
109900001,165,0,165
109900002,1194,34,1160
109900003,385,3,382
109900004,595,78,517
109900005,31,6,25
109900006,563,138,425
109900007,1303,234,1069
109900008,0,31,-31
109900009,118,260,-142
109900010,717,39,678
109900011,73,38,35
109900012,373,210,163
109900013,392,177,215
109900014,434,48,386
109900015,340,199,141
109900016,169,16,153
109900017,265,287,-22
109900018,274,38,236
109900019,305,30,275
109900020,32,57,-25
109900021,56,18,38
109900022,63,252,-189
109900023,18,6,12
109900024,31,3,28
109900025,14,28,-14
109900026,7,173,-166
109900027,47,36,11
109900028,538,1597,-1059
109900029,6,169,-163
109900030,67,16,51
109900031,12,360,-348
109900032,11,187,-176
109900033,8,380,-372
109900034,66,13,53
109900035,35,26,9
109900036,26,38,-12
109900037,22,330,-308
109900038,144,222,-78
109900039,7,0,7
109900040,32,312,-280
109900041,59,208,-149
109900042,48,1818,-1770
109900044,88,158,-70
109900045,171,166,5
109900046,20,51,-31
109900047,274,230,44
109900048,3,50,-47
109900049,15,30,-15
109900050,0,58,-58
109900051,1,25,-24
109900052,80,163,-83
109900053,1,116,-115
109900054,1146,247,899
109900055,92,146,-54
109900056,16,304,-288
109900057,2,70,-68
109900058,0,58,-58
109900059,1337,130,1207
109900060,710,95,615
109900061,61,162,-101
109900062,0,106,-106
109900063,6,377,-371
109900064,629,164,465
109900065,37,107,-70
109900066,244,403,-159
109900067,0,94,-94
109900068,136,6,130
109900069,5,27,-22
109900070,48,192,-144
109900071,3,22,-19
109900072,11,84,-73
109900073,683,166,517
109900074,13,20,-7
109900075,34,32,2
109900076,11,75,-64
109900077,41,30,11
109900078,62,147,-85
109900080,115,149,-34
109900081,13,219,-206
109900082,73,168,-95
109900083,23,76,-53
109900084,61,95,-34
109900085,176,306,-130
109900086,151,690,-539
109900087,176,412,-236
109900089,800,191,609
109900090,395,814,-419
109900091,412,50,362
109900092,627,38,589
109900093,1286,184,1102
109900094,83,102,-19
109900095,84,181,-97
109900096,39,9,30
109900097,127,2,125
109900098,625,29,596
109900099,292,5,287
109900100,104,1,103
109900101,886,14,872
109900102,465,30,435
109900103,80,68,12
109900104,1046,241,805
109900105,733,50,683
109900106,420,41,379
109900107,966,73,893
109900108,233,271,-38
109900109,58,286,-228
109900110,79,189,-110
109900111,183,465,-282
109900112,164,267,-103
109900113,975,712,263
109900114,1220,1619,-399
109900115,179,72,107
109900117,1431,94,1337
109900118,182,263,-81
109900119,358,239,119
109900120,118,30,88
109900121,341,439,-98
109900122,674,12,662
109900123,19,81,-62
109900124,89,258,-169
109900125,0,228,-228
109900126,476,44,432
109900128,531,35,496
109900130,3421,3181,240
109900131,37,111,-74
109900132,30,111,-81
109900133,83,170,-87
109900134,65,128,-63
109900135,199,41,158
109900136,35,95,-60
109900137,162,156,6
109900138,426,179,247
109900140,186,71,115
109900141,487,119,368
109900142,1861,292,1569
109900145,7,663,-656
109900146,293,45,248
109900148,39,122,-83
109900149,67,42,25
109900150,24,45,-21
109900151,22,18,4
109900152,0,18,-18
109900153,3,38,-35
109900154,45,0,45
109900155,97,22,75
109900157,70,141,-71
109900158,41,91,-50
109900159,190,64,126
109900160,179,53,126
109900161,319,83,236
109900162,277,151,126
109900163,470,277,193
109900164,63,220,-157
109900165,350,8,342
109900166,1,98,-97
109900167,190,278,-88
109900168,276,417,-141
109900169,283,87,196
109900170,159,1405,-1246
109900171,303,68,235
109900172,251,274,-23
109900173,1372,2909,-1537
109900174,67,87,-20
109900175,104,70,34
109900176,161,55,106
109900177,59,97,-38
109900178,10,241,-231
109900179,33,25,8
109900180,6,7,-1
110000001,610,471,139
110000002,605,687,-82
110000003,762,654,108
110000004,502,628,-126
110000005,318,1789,-1471
110000006,193,303,-110
110000007,125,80,45
110000008,14,99,-85
110000009,53,31,22
110000010,36,83,-47
110000011,53,67,-14
110000012,621,262,359
110000013,33,690,-657
110000014,351,330,21
110000015,261,599,-338
110000016,219,1742,-1523
110000017,3047,272,2775
110000018,2389,287,2102
110000019,15,84,-69
110000020,594,179,415
110000021,308,451,-143
110000022,1145,154,991
110000023,12,101,-89
110000024,534,454,80
110000025,592,7,585
110000026,6,162,-156
110000027,1094,1403,-309
110000028,989,510,479
110000029,452,522,-70
110000030,353,315,38
110000031,294,289,5
110000032,1003,282,721
110000033,332,236,96
110000034,544,449,95
110000035,885,482,403
110000036,1215,516,699
110000037,297,596,-299
110000038,330,628,-298
110000039,812,4104,-3292
110000040,254,215,39
110000041,354,2022,-1668
110000042,50,694,-644
110000043,930,296,634
110000044,84,1662,-1578
110000045,480,282,198
110000046,5,40,-35
110000047,17,184,-167
110000048,3,35,-32
110000049,35,12,23
110000050,7,42,-35
110000051,15,17,-2
110000052,40,24,16
110000053,39,9,30
110000054,99,695,-596
110000055,313,129,184
110000056,85,141,-56
110000057,296,433,-137
110000058,1127,445,682
110000059,1133,454,679
110000060,1227,1124,103
110000061,742,547,195
110000062,681,775,-94
110000063,45,259,-214
110000064,80,41,39
110000065,151,108,43
110000066,111,19,92
110000067,54,93,-39
110000068,287,84,203
110000069,578,52,526
110000071,372,37,335
110000073,36,11,25
110000075,21,35,-14
110000076,304,431,-127
110000077,296,1156,-860
110000078,59,8,51
110000080,259,407,-148
110000081,36,207,-171
110000082,40,360,-320
110000083,268,409,-141
110000084,1248,1081,167
110000085,807,1143,-336
110000086,916,2383,-1467
110000087,22,63,-41
110000088,188,227,-39
110000089,339,62,277
110000090,91,165,-74
110000091,694,175,519
110000092,38,62,-24
110000093,47,31,16
110000094,474,170,304
110000095,168,649,-481
110000096,1401,1933,-532
110000097,1108,1733,-625
110000098,1818,573,1245
110000099,618,1266,-648
110000100,1380,219,1161
110000101,33,115,-82
110000102,95,43,52
110000104,421,125,296
110000105,61,208,-147
110000106,652,509,143
110000107,175,214,-39
110000108,102,143,-41
110000109,206,274,-68
110000110,1516,4189,-2673
110000111,3168,3021,147
110000112,448,1339,-891
110000113,116,2550,-2434
110000114,322,884,-562
110000115,548,396,152
110000116,68,65,3
110000117,269,189,80
110000118,540,105,435
110000119,395,218,177
110000120,385,148,237
110000121,62,325,-263
110000122,404,439,-35
110000123,676,712,-36
110000124,3,629,-626
110000125,1033,5,1028
110000126,297,22,275
110000127,1210,98,1112
110000128,44,796,-752
110000129,5,371,-366
110000130,287,204,83
110000131,126,219,-93
110000132,2,454,-452
110000133,43,331,-288
110000134,29,328,-299
110000135,145,30,115
110000136,85,282,-197
110000137,596,384,212
110000138,1094,451,643
110000139,1172,559,613
110000140,752,718,34
110000143,509,353,156
110000144,3505,2302,1203
110000145,1878,1632,246
110000146,2177,970,1207
110000147,484,648,-164
110000148,639,193,446
110000151,729,1131,-402
110000152,661,392,269
110000153,253,19,234
110000154,43,28,15
110000155,1064,3664,-2600
110000156,991,2407,-1416
110000157,1958,2541,-583
110000160,373,358,15
110000161,187,143,44
110000166,912,71,841
110000167,1065,621,444
110000168,1148,491,657
110000169,933,387,546
110000170,178,67,111
110000171,594,83,511
110000172,229,452,-223
110000173,710,699,11
110000174,155,502,-347
110000175,989,63,926
110000176,66,457,-391
110000177,226,1146,-920
110000178,431,1894,-1463
110000179,971,286,685
110000180,248,260,-12
110000181,675,346,329
110000182,293,124,169
110000183,6066,8223,-2157
110000184,337,2640,-2303
110000185,801,830,-29
110000186,670,614,56
110000191,1465,134,1331
110000192,774,14,760
110000193,1391,16,1375
110000194,8,427,-419
110000195,565,117,448
110000196,484,82,402
110000197,124,74,50
110000198,98,25,73
110000199,88,145,-57
110000200,708,294,414
110000201,974,1262,-288
110000202,1460,489,971
110000203,436,434,2
110000204,2,151,-149
110000205,209,39,170
110000206,493,641,-148
110000207,1459,384,1075
110000208,258,289,-31
110000209,98,1598,-1500
110000210,1538,449,1089
110000211,940,1207,-267
110000212,509,1079,-570
110000213,421,33,388
110000214,334,69,265
110000215,219,184,35
110000216,135,116,19
110000217,542,88,454
110000218,213,143,70
110000219,539,35,504
110000220,95,142,-47
110000221,509,37,472
110000222,57,114,-57
110000223,2,148,-146
110000224,6,4,2
110000225,252,769,-517
110000226,273,58,215
110000227,678,1113,-435
110000228,241,84,157
110000229,1,150,-149
110000230,520,783,-263
110000231,148,175,-27
110000232,186,203,-17
110000233,167,247,-80
110000234,611,1932,-1321
110000235,1178,957,221
110000236,598,548,50
110000237,2081,1930,151
110000238,1112,1050,62
110000239,1876,766,1110
110000240,0,49,-49
110000242,1,28,-27
110000243,169,43,126
110000244,164,682,-518
110000245,33,358,-325
110000246,1021,368,653
110000247,989,2946,-1957
110000248,1408,1077,331
110000249,88,11,77
110000250,30,125,-95
110000251,412,343,69
110000252,426,141,285
110000253,1575,456,1119
110000254,572,646,-74
110000255,185,547,-362
110000256,522,293,229
110000257,591,281,310
110000258,7,293,-286
110000259,204,11,193
110000260,40,102,-62
110000263,481,58,423
110000264,538,300,238
110000265,1087,1771,-684
110000266,1330,2496,-1166
110000267,39,149,-110
110000268,306,405,-99
110000269,7,80,-73
110000270,108,9,99
110000271,1024,201,823
110000272,1189,1010,179
110000273,1678,1405,273
110000274,166,2055,-1889
110000275,1416,628,788
110000276,325,442,-117
110000277,343,217,126
110000278,362,468,-106
110000279,869,604,265
110000280,694,406,288
110000281,90,285,-195
110000282,141,13,128
110000283,31,84,-53
110000284,20,37,-17
110000285,1,641,-640
110000286,10,0,10
110000287,103,4,99
110000288,2,75,-73
110000289,504,2383,-1879
110000290,553,592,-39
110000291,2869,873,1996
110000292,1031,5558,-4527
110000293,762,516,246
110000294,1409,1196,213
110000295,220,643,-423
110000296,676,331,345
110000297,2365,276,2089
110000298,90,336,-246
110000299,94,103,-9
110000301,369,38,331
110000302,292,665,-373
110000303,501,15,486
110000304,143,125,18
110000305,1628,44,1584
110000306,248,776,-528
110000307,2217,17,2200
110000308,682,6,676
110000309,6,516,-510
110000310,847,36,811
110000311,19,509,-490
110000312,437,109,328
110000313,2030,1896,134
110000314,0,142,-142
110000315,2163,2368,-205
110000316,454,1042,-588
110000317,222,1447,-1225
110000318,4,58,-54
110000319,21,28,-7
110000320,57,42,15
110000321,21,59,-38
110000322,339,324,15
110000323,581,185,396
110000324,2159,1565,594
110000325,2299,4282,-1983
110000327,448,318,130
110000328,166,455,-289
110000333,1216,911,305
110000334,958,1140,-182
110000335,945,681,264
110000336,581,798,-217
110000337,1741,752,989
110000338,581,204,377
110000339,469,199,270
110000340,15,153,-138
110000341,584,275,309
110000342,186,5,181
110000343,0,15,-15
110000344,68,151,-83
110000345,150,266,-116
110000346,1748,1672,76
110000347,1444,676,768
110000348,21,23,-2
110000349,6,17,-11
110000350,103,3,100
110000351,1460,547,913
110000352,811,1451,-640
110000353,3167,412,2755
110000354,1008,3267,-2259
110000355,211,62,149
110000356,1292,23,1269
110000357,550,6,544
110000361,76,23,53
110000362,104,29,75
110000363,734,82,652
110000364,308,409,-101
110000365,172,1,171
110000366,0,121,-121
110000367,592,186,406
110000368,6,62,-56
110000369,65,4,61
110000373,5,197,-192
110000374,106,17,89
110000375,119,713,-594
110000376,52,118,-66
110000377,72,425,-353
110000378,10,391,-381
110000379,2379,1949,430
110000380,76,9,67
110000383,1,896,-895
110000384,715,693,22
110000385,0,158,-158
110000387,100,4,96
110000388,52,136,-84
110000389,804,6,798
110000391,1008,127,881
110000396,270,57,213
110000397,157,86,71
110000398,4,24,-20
110000399,144,1,143
110000587,152,116,36
110000589,206,100,106
110000640,211,32,179
110000652,11,303,-292
110000653,352,250,102
110000654,22,1506,-1484
110000656,0,255,-255
110000674,30,51,-21
110000675,21,71,-50
110000676,1,49,-48
110000679,70,1358,-1288
110000682,106,236,-130
110000683,214,353,-139
110000684,5,41,-36
110000685,5,16,-11
110000686,0,43,-43
110000687,21,11,10
110000688,48,1544,-1496
110000689,42,10,32
110000692,34,183,-149
110000693,76,368,-292
110000694,1,140,-139
110000695,170,723,-553
110000696,55,44,11
110900001,302,25,277
110900002,351,285,66
110900003,1174,264,910
110900004,666,63,603
110900005,1324,3461,-2137
110900006,91,34,57
110900007,217,51,166
110900008,15,23,-8
110900009,476,275,201
110900010,19,41,-22
110900011,39,63,-24
110900012,40,52,-12
110900013,1160,141,1019
110900014,221,10,211
110900015,368,823,-455
110900016,87,92,-5
110900017,666,47,619
110900018,440,43,397
110900019,314,26,288
110900020,174,142,32
110900021,88,215,-127
110900022,66,123,-57
110900023,136,513,-377
110900024,19,153,-134
110900025,2,49,-47
110900027,50,142,-92
110900028,47,114,-67
110900029,17,116,-99
110900030,59,138,-79
110900031,7,66,-59
110900032,0,29,-29
110900033,29,164,-135
110900035,9,428,-419
110900036,113,12,101
110900037,101,25,76
110900038,632,141,491
110900039,10,206,-196
110900040,264,36,228
110900041,33,81,-48
110900042,192,32,160
110900043,12,58,-46
110900044,257,22,235
110900045,57,210,-153
110900046,16,94,-78
110900047,294,447,-153
110900049,111,153,-42
110900050,68,6,62
110900051,23,123,-100
110900052,8,79,-71
110900053,149,8,141
110900054,38,94,-56
110900055,35,2,33
110900056,45,153,-108
110900057,8,62,-54
110900058,349,144,205
110900059,396,184,212
110900060,537,176,361
110900061,13,84,-71
110900062,237,95,142
110900063,57,81,-24
110900064,16,0,16
110900065,122,110,12
110900066,4,63,-59
110900067,208,605,-397
110900068,147,150,-3
110900069,16,16,0
110900070,130,35,95
110900071,158,870,-712
110900073,1,11,-10
110900074,613,111,502
110900075,514,69,445
110900077,1207,400,807
110900078,82,30,52
110900079,1106,1394,-288
110900080,215,77,138
110900081,13,28,-15
110900082,199,46,153
110900083,150,32,118
110900084,80,41,39
110900085,116,202,-86
110900086,89,414,-325
110900087,405,77,328
110900088,4,1,3
110900090,62,83,-21
110900091,0,26,-26
110900093,246,112,134
110900095,84,32,52
110900097,19,14,5
110900098,38,55,-17
110900099,55,312,-257
110900100,0,11,-11
110900102,78,3,75
110900105,1873,157,1716
110900108,14,35,-21
110900111,495,125,370
110900112,863,18,845
110900113,325,56,269
110900115,4,46,-42
110900116,1187,836,351
110900118,80,4042,-3962
110900119,1375,223,1152
110900120,56,33,23
110900121,204,1,203
110900122,597,238,359
110900125,461,512,-51
110900127,499,1517,-1018
110900128,241,310,-69
110900129,271,1063,-792
110900130,557,520,37
110900131,388,71,317
110900132,529,106,423
110900133,56,80,-24
110900135,60,167,-107
110900136,413,17,396
110900137,28,1,27
110900138,603,1259,-656
110900139,9,354,-345
110900140,34,2,32
110900141,5,296,-291
110900142,70,105,-35
110900143,182,110,72
110900144,2,291,-289
110900145,186,79,107
110900146,143,303,-160
110900147,77,553,-476
110900148,2,179,-177
110900149,6,26,-20
110900150,34,37,-3
110900151,1,151,-150
110900152,31,107,-76
110900153,146,96,50
111000001,482,275,207
111000002,274,312,-38
111000003,1582,787,795
111000004,420,654,-234
111000005,1405,1486,-81
111000006,827,1681,-854
111000007,4591,3412,1179
111000008,1677,2928,-1251
111000009,353,671,-318
111000010,1246,329,917
111000011,223,776,-553
111000012,301,499,-198
111000013,403,892,-489
111000014,1458,573,885
111000017,179,919,-740
111000018,174,331,-157
111000020,1032,1455,-423
111000021,60,98,-38
111000023,131,91,40
111000025,5483,4083,1400
111000029,62,187,-125
111000030,54,127,-73
111000031,2161,1110,1051
111000032,648,333,315
111000033,286,227,59
111000034,64,226,-162
111000037,987,528,459
111000038,2696,1895,801
111000039,1490,1613,-123
111000040,1660,1571,89
111000041,678,886,-208
111000042,1928,1752,176
111000043,2141,4083,-1942
111000044,1866,1098,768
111000045,3212,2577,635
111000046,2148,1614,534
111000047,3070,5333,-2263
111000049,446,386,60
111000050,938,797,141
111000051,590,695,-105
111000052,609,1146,-537
111000053,302,645,-343
111000054,317,513,-196
111000055,1026,1229,-203
111000056,184,279,-95
111000057,108,261,-153
111000058,536,60,476
111000059,725,260,465
111000060,4705,864,3841
111000061,881,290,591
111000062,1165,379,786
111000063,1843,1101,742
111000064,1010,564,446
111000065,1585,1011,574
111000066,644,443,201
111000067,652,374,278
111000068,718,670,48
111000069,1383,1488,-105
111000070,605,563,42
111000071,135,274,-139
111000072,1345,531,814
111000073,303,1010,-707
111000074,1788,1698,90
111000075,1100,512,588
111000076,586,655,-69
111000077,1583,1569,14
111000078,2544,1146,1398
111000079,1024,536,488
111000080,556,483,73
111000081,1391,4248,-2857
111000082,825,443,382
111000084,848,424,424
111000085,911,866,45
111000086,3006,786,2220
111000087,857,440,417
111000088,5434,2891,2543
111000089,823,601,222
111000090,584,1098,-514
111000091,798,314,484
111000092,1792,657,1135
111000093,886,1035,-149
111000094,1748,1044,704
111000095,650,2335,-1685
111000096,1012,8250,-7238
111000097,3382,1068,2314
111000098,583,670,-87
111000099,482,1054,-572
111000100,369,755,-386
111000101,363,576,-213
111000102,373,423,-50
111000104,920,207,713
111000107,120,749,-629
111000109,1054,269,785
111000110,1970,675,1295
111000111,3243,406,2837
111000112,2381,615,1766
111000113,892,1804,-912
111000114,1534,3805,-2271
111000115,3192,1032,2160
111000116,1010,763,247
111000117,284,770,-486
111000118,943,493,450
111000119,1495,617,878
111000120,642,552,90
111000121,301,750,-449
111000122,625,844,-219
111000123,1215,1587,-372
111000124,486,1599,-1113
111000125,287,728,-441
111000126,92,469,-377
111000127,1289,165,1124
111000128,2693,342,2351
111000129,3806,524,3282
111000130,2889,518,2371
111000131,2781,470,2311
111000132,2258,1122,1136
111000133,203,96,107
111000134,183,84,99
111000135,110,163,-53
111000136,472,247,225
111000138,24,8,16
111000140,2,7,-5
111000141,177,464,-287
111000142,11,385,-374
111000143,3,478,-475
111000144,108,2978,-2870
111000145,262,17,245
111000146,107,14,93
111000147,124,44,80
111000148,158,91,67
111000149,4,10,-6
111000150,47,10,37
111000151,5,10,-5
111000153,493,595,-102
111000154,397,161,236
111000155,125,163,-38
111000156,777,617,160
111000157,208,844,-636
111000158,1014,725,289
111000159,4416,1056,3360
111000160,602,477,125
111000161,17,700,-683
111000162,33,132,-99
111000163,930,698,232
111000164,564,2455,-1891
111000165,707,369,338
111000166,701,223,478
111000167,145,235,-90
111000168,234,291,-57
111000169,383,434,-51
111000170,323,293,30
111000171,415,339,76
111000172,156,203,-47
111000173,318,380,-62
111000174,267,134,133
111000175,76,397,-321
111000176,463,49,414
111000177,670,82,588
111000178,1845,207,1638
111000179,347,104,243
111000180,416,418,-2
111000181,1933,172,1761
111000182,201,122,79
111000183,439,243,196
111000184,386,187,199
111000185,445,258,187
111000186,373,134,239
111000187,180,112,68
111000188,374,329,45
111000189,558,408,150
111000190,182,258,-76
111000191,165,193,-28
111000192,174,223,-49
111000193,283,170,113
111000194,85,219,-134
111000195,153,169,-16
111000196,87,89,-2
111000197,554,77,477
111000198,629,55,574
111000199,326,101,225
111000200,628,199,429
111000201,993,194,799
111000202,417,161,256
111000203,493,235,258
111000204,394,1148,-754
111000213,187,410,-223
111000214,1541,984,557
111000215,850,939,-89
111000217,1828,810,1018
111000218,1296,1033,263
111000219,262,137,125
111000220,900,680,220
111000221,413,162,251
111000224,0,154,-154
111000225,257,64,193
111000226,81,1,80
111000227,20,0,20
111000228,22,607,-585
111000229,43,1339,-1296
111000230,252,173,79
111000231,1198,362,836
111000232,817,537,280
111000233,1591,502,1089
111000234,204,579,-375
111000239,65,85,-20
111000240,82,280,-198
111000241,40,195,-155
111000242,305,68,237
111000243,155,226,-71
111000244,733,66,667
111000245,956,214,742
111000246,703,189,514
111000247,560,345,215
111000248,814,297,517
111000249,546,318,228
111000250,62,74,-12
111000251,65,116,-51
111000253,15,24,-9
111000255,67,8,59
111000257,73,26,47
111000260,106,975,-869
111000261,1924,99,1825
111000271,34,212,-178
111000273,2438,941,1497
111000274,1407,2610,-1203
111000275,132,32,100
111000276,268,890,-622
111000277,249,228,21
111000278,677,242,435
111000291,927,8877,-7950
111000298,722,175,547
111000299,770,194,576
111000300,76,419,-343
111000302,507,73,434
111000303,100,130,-30
111000312,67,86,-19
111000315,0,25,-25
111000320,161,342,-181
111000321,503,175,328
111000322,390,260,130
111000323,366,35,331
111000324,353,166,187
111000325,53,75,-22
111000326,291,184,107
111000327,449,283,166
111000328,270,455,-185
111000329,0,26,-26
111000330,70,11,59
111000331,14,9,5
111000332,644,1051,-407
111000334,286,606,-320
111000335,1253,208,1045
111000337,1915,201,1714
111000338,49,80,-31
111000339,1041,173,868
111000340,109,243,-134
111000341,1576,727,849
111000342,128,1973,-1845
111000344,1255,536,719
111000345,118,169,-51
111000346,29,250,-221
111000347,221,7,214
111000350,185,102,83
111000351,122,275,-153
111000352,211,120,91
111000353,183,194,-11
111000354,613,124,489
111000355,403,389,14
111000358,241,452,-211
111000360,266,198,68
111000361,259,116,143
111000546,866,319,547
111000547,460,262,198
111000548,216,265,-49
111000549,439,141,298
111000550,37,1022,-985
111000551,577,112,465
111000552,549,263,286
111000907,312,12,300
111000908,36,0,36
111000916,2360,155,2205
111000917,28,356,-328
111000918,264,273,-9
111000920,695,22,673
111000921,14,81,-67
111000922,797,146,651
111000924,39,355,-316
111000925,3261,2080,1181
111000926,992,1072,-80
111000927,2701,4516,-1815
111000928,3469,1756,1713
111000929,2107,1349,758
111000930,748,1290,-542
111000931,2455,2554,-99
111000932,2965,1430,1535
111000933,3296,3159,137
111000934,1499,2100,-601
111000935,2093,948,1145
111000936,1233,1290,-57
111000937,1406,1329,77
111000938,1126,816,310
111000939,875,20,855
111000940,694,45,649
111000941,401,244,157
111000943,746,218,528
111000944,187,172,15
111000945,81,765,-684
111001109,590,647,-57
111001110,146,313,-167
111001111,117,8,109
111001112,170,69,101
111001113,2,130,-128
111001114,483,106,377
111001115,11,1056,-1045
111001116,2340,4948,-2608
111001117,362,2855,-2493
111001120,157,170,-13
111001121,147,171,-24
111001122,280,168,112
111001123,338,59,279
111900001,114,96,18
111900002,51,302,-251
111900003,2,161,-159
111900004,39,75,-36
111900006,37,41,-4
111900007,173,8,165
111900008,404,1,403
111900009,249,41,208
111900010,239,282,-43
111900012,34,52,-18
111900013,18,15,3
111900014,2396,5886,-3490
111900015,0,22,-22
111900016,0,20,-20
111900017,0,50,-50
111900018,208,25,183
111900019,5,154,-149
111900020,2,43,-41
111900021,25,84,-59
111900022,20,37,-17
111900023,42,44,-2
111900024,11,63,-52
111900025,0,27,-27
111900026,0,27,-27
111900027,4,57,-53
111900028,1,113,-112
111900029,3,39,-36
111900030,32,278,-246
111900031,99,52,47
111900032,1,131,-130
111900033,5,29,-24
111900034,119,296,-177
111900035,95,109,-14
111900036,0,92,-92
111900038,177,351,-174
111900039,43,130,-87
111900040,3,160,-157
111900042,6,82,-76
111900043,3,148,-145
111900044,136,155,-19
111900046,24,80,-56
111900048,396,270,126
111900049,17,134,-117
111900050,144,45,99
111900051,0,110,-110
111900052,184,297,-113
111900053,392,2282,-1890
111900054,188,6,182
111900055,26,208,-182
111900056,110,372,-262
111900057,236,13,223
111900058,691,307,384
111900059,1300,963,337
111900060,480,8,472
111900061,5,114,-109
111900062,72,88,-16
111900063,350,395,-45
111900064,58,136,-78
111900065,131,35,96
111900066,198,116,82
111900067,1,253,-252
111900068,93,97,-4
111900069,87,56,31
111900070,314,85,229
111900071,1,137,-136
111900072,48,32,16
111900073,1284,222,1062
111900074,15,184,-169
111900075,111,12,99
111900076,263,100,163
111900077,68,4,64
111900078,424,45,379
111900079,73,60,13
111900080,215,277,-62
111900081,618,287,331
111900082,255,67,188
111900083,272,37,235
111900084,233,6,227
111900085,51,158,-107
111900086,99,15,84
111900087,101,2,99
111900088,829,9,820
111900089,167,4,163
111900090,66,69,-3
111900091,534,10,524
111900092,177,0,177
111900093,589,5,584
111900094,184,0,184
111900095,475,76,399
111900096,354,11,343
111900097,88,0,88
111900098,438,4,434
111900099,144,0,144
111900100,225,17,208
111900101,159,31,128
111900102,796,268,528
111900103,45,109,-64
111900104,168,105,63
111900105,276,271,5
111900106,704,45,659
111900107,90,116,-26
111900108,112,263,-151
111900109,236,555,-319
111900110,1029,338,691
111900111,251,42,209
111900112,437,4456,-4019
111900113,202,93,109
111900114,153,76,77
111900115,13,17,-4
111900118,432,107,325
111900119,396,229,167
111900122,138,160,-22
111900123,22,35,-13
111900124,49,62,-13
111900125,733,52,681
111900126,417,8,409
111900127,3,201,-198
111900128,5,248,-243
111900129,348,19,329
111900130,299,70,229
111900131,732,3,729
111900132,15,458,-443
111900133,7,173,-166
111900134,8,149,-141
111900135,22,41,-19
111900136,60,144,-84
111900137,45,57,-12
111900138,27,65,-38
111900139,17,55,-38
111900140,159,57,102
111900141,155,19,136
111900142,101,35,66
111900143,100,121,-21
111900144,66,57,9
111900145,0,196,-196
111900146,2,94,-92
111900147,74,194,-120
111900148,21,361,-340
111900149,5,136,-131
111900150,17,76,-59
111900151,2,24,-22
111900152,134,90,44
111900153,609,943,-334
111900154,25,550,-525
111900155,90,140,-50
111900156,130,85,45
111900157,215,32,183
111900158,822,145,677
111900159,441,42,399
111900160,508,3,505
111900161,404,2,402
111900162,95,190,-95
111900163,18,133,-115
111900164,109,83,26
111901113,787,48,739
111901114,270,215,55
111901115,159,1,158
111901116,47,0,47
111901117,63,49,14
111901118,43,321,-278
111901119,328,65,263
111901120,51,102,-51
111901121,64,65,-1
111901122,3,199,-196
111901123,405,100,305
111901124,394,5,389
111901125,666,190,476
111901126,237,154,83
111901127,351,1148,-797
111901128,9,63,-54
111901129,7,75,-68
111901130,5,84,-79
111901131,3,131,-128
111901132,92,41,51
111901133,58,3,55
111901134,192,9,183
111901135,33,29,4
111901136,66,73,-7
111901137,3,28,-25
111901138,132,60,72
111901139,41,21,20
111901140,12,58,-46
111901141,8,69,-61
111901142,2,56,-54
111901143,0,62,-62
111901144,33,48,-15
111901145,80,328,-248
112000001,2344,788,1556
112000002,593,1635,-1042
112000003,2519,1109,1410
112000004,739,425,314
112000005,4245,4120,125
112000006,1439,929,510
112000007,5337,3302,2035
112000008,3122,4466,-1344
112000009,2471,1550,921
112000010,3840,5305,-1465
112000011,1276,1160,116
112000012,4862,6802,-1940
112000013,2520,3688,-1168
112000014,1948,4272,-2324
112000015,2762,3734,-972
112000016,3683,3952,-269
112000017,1015,5661,-4646
112000024,2076,591,1485
112000026,1973,2063,-90
112000027,816,685,131
112000028,840,905,-65
112000029,954,1131,-177
112000030,207,48,159
112000031,1673,5669,-3996
112000032,204,35,169
112000033,1656,3865,-2209
112000034,203,31,172
112000035,61,838,-777
112000036,363,1597,-1234
112000037,871,1561,-690
112000038,1154,2050,-896
112000039,103,70,33
112000040,54,172,-118
112000041,337,286,51
112000042,857,390,467
112000050,1398,1220,178
112000051,1360,2001,-641
112000054,1139,1034,105
112000057,924,429,495
112000058,338,625,-287
112000059,482,629,-147
112000061,2705,1023,1682
112000062,859,1405,-546
112000063,346,2506,-2160
112000064,2870,3457,-587
112000065,1168,1757,-589
112000066,3536,1719,1817
112000067,588,488,100
112000068,3414,2790,624
112000069,412,1447,-1035
112000070,2295,855,1440
112000071,1100,1965,-865
112000072,3047,791,2256
112000073,1437,1818,-381
112000074,1404,1202,202
112000075,1389,1310,79
112000076,2897,2239,658
112000077,914,392,522
112000078,2462,614,1848
112000079,1992,1257,735
112000080,954,717,237
112000081,1283,2108,-825
112000082,1433,691,742
112000083,673,955,-282
112000084,1350,576,774
112000085,1743,954,789
112000086,1835,878,957
112000087,714,327,387
112000088,966,294,672
112000089,491,409,82
112000090,301,302,-1
112000091,608,497,111
112000092,2527,985,1542
112000093,1568,598,970
112000094,811,755,56
112000095,744,613,131
112000096,711,526,185
112000097,2031,722,1309
112000098,672,504,168
112000099,1003,2091,-1088
112000100,2721,669,2052
112000101,650,486,164
112000102,2113,380,1733
112000103,437,545,-108
112000105,511,648,-137
112000106,2314,334,1980
112000107,30,230,-200
112000108,259,1481,-1222
112000109,86,78,8
112000110,2220,499,1721
112000111,692,8592,-7900
112000112,3360,1055,2305
112000113,940,1341,-401
112000114,2729,1006,1723
112000115,477,320,157
112000116,689,738,-49
112000117,1108,609,499
112000118,888,623,265
112000119,390,493,-103
112000120,86,270,-184
112000121,133,213,-80
112000122,501,115,386
112000123,1067,117,950
112000124,633,62,571
112000125,309,259,50
112000126,447,182,265
112000127,1568,3418,-1850
112000128,582,1006,-424
112000129,130,85,45
112000130,324,65,259
112000131,80,159,-79
112000132,212,166,46
112000133,397,125,272
112000134,448,287,161
112000135,1389,935,454
112000136,843,1620,-777
112000137,1829,4245,-2416
112000138,1374,2294,-920
112000139,798,910,-112
112000140,426,824,-398
112000141,1253,480,773
112000142,204,366,-162
112000143,1549,232,1317
112000144,284,687,-403
112000145,3268,602,2666
112000146,608,1011,-403
112000147,2760,1672,1088
112000148,1100,1629,-529
112000149,617,401,216
112000150,307,334,-27
112000151,397,198,199
112000152,631,300,331
112000153,128,207,-79
112000154,162,237,-75
112000155,121,118,3
112000157,465,626,-161
112000158,344,236,108
112000159,893,290,603
112000167,510,134,376
112000169,232,424,-192
112000173,1228,266,962
112000175,521,302,219
112000176,1142,1461,-319
112000177,1254,349,905
112000178,116,200,-84
112000179,402,115,287
112000180,384,288,96
112000181,1272,1069,203
112000182,2039,772,1267
112000183,27,32,-5
112000184,572,190,382
112000185,830,296,534
112000187,5005,3120,1885
112000195,227,26,201
112000196,263,4,259
112000197,192,375,-183
112000198,83,326,-243
112000199,584,809,-225
112000202,677,2,675
112000216,69,228,-159
112000230,194,7,187
112000231,7,130,-123
112000256,72,273,-201
112000313,60,54,6
112000314,75,61,14
112000337,263,505,-242
112000352,203,412,-209
112000392,1458,867,591
112000398,2178,793,1385
112000399,1253,3393,-2140
112000400,1684,1139,545
112000401,1954,1247,707
112000402,4177,4922,-745
112000403,1626,3979,-2353
112000404,1471,1230,241
112000405,2924,3333,-409
112000406,2387,1146,1241
112000407,9528,8935,593
112000408,6037,2971,3066
112000409,1431,1988,-557
112000410,516,443,73
112000411,3249,2143,1106
112000412,1082,472,610
112000413,4363,8610,-4247
112000414,87,28,59
112000415,174,68,106
112000416,3489,1268,2221
112000417,350,98,252
112000421,54,58,-4
112000422,385,138,247
112000424,1364,3577,-2213
112000425,450,320,130
112000426,232,276,-44
112000427,2,19,-17
112000428,345,184,161
112000429,1964,1692,272
112000430,2375,2580,-205
112000431,106,166,-60
112000432,672,439,233
112000433,280,638,-358
112000437,84,114,-30
112900001,115,0,115
112900002,848,419,429
112900003,88,202,-114
112900004,108,146,-38
112900005,371,129,242
112900006,31,145,-114
112900007,76,217,-141
112900008,4,86,-82
112900009,602,182,420
112900010,673,468,205
112900011,98,118,-20
112900012,1,15,-14
112900013,4,257,-253
112900014,0,102,-102
112900015,236,492,-256
112900016,3,138,-135
112900017,52,127,-75
112900018,0,86,-86
112900019,32,141,-109
112900020,328,783,-455
112900021,4,107,-103
112900022,28,51,-23
112900023,7,42,-35
112900024,16,237,-221
112900025,125,149,-24
112900026,9,81,-72
112900027,138,412,-274
112900028,56,129,-73
112900029,15,236,-221
112900030,46,74,-28
112900031,2,213,-211
112900032,225,194,31
112900034,4,35,-31
112900035,2,172,-170
112900036,27,122,-95
112900037,179,294,-115
112900038,1043,144,899
112900039,6,128,-122
112900040,8,866,-858
112900041,510,1309,-799
112900042,177,212,-35
112900043,77,51,26
112900044,353,320,33
112900045,166,195,-29
112900046,130,58,72
112900047,14,43,-29
112900049,380,60,320
112900050,22,488,-466
112900051,223,314,-91
112900052,4,273,-269
112900053,153,143,10
112900054,261,63,198
112900055,100,63,37
112900056,482,306,176
112900057,27,290,-263
112900058,372,443,-71
112900059,135,273,-138
112900060,49,133,-84
112900061,143,105,38
112900062,70,120,-50
112900063,56,28,28
112900064,97,194,-97
112900065,27,42,-15
112900066,359,294,65
112900067,283,159,124
112900068,69,77,-8
112900069,1622,1117,505
112900071,56,9,47
112900072,619,3138,-2519
112900073,504,226,278
112900074,114,401,-287
112900075,938,1295,-357
112900076,54,39,15
112900078,378,577,-199
112900079,324,28,296
112900080,125,6,119
112900081,92,340,-248
112900082,692,63,629
112900083,212,184,28
112900084,296,251,45
112900085,0,10,-10
112900086,151,3,148
112900087,1191,177,1014
112900088,273,21,252
112900089,1132,66,1066
112900090,150,109,41
112900091,377,13,364
112900092,103,578,-475
112900093,1541,47,1494
112900094,123,2,121
112900095,99,1,98
112900096,746,217,529
112900097,136,203,-67
112900098,201,2,199
112900099,1229,46,1183
112900100,113,6,107
112900101,488,9,479
112900102,148,30,118
112900103,271,7,264
112900104,55,1,54
112900105,24,0,24
112900106,441,117,324
112900107,7,0,7
112900108,11,2,9
112900109,212,1,211
112900110,1965,44,1921
112900111,1009,12,997
112900112,425,2,423
112900113,0,19,-19
112900114,236,13,223
112900115,2362,8,2354
112900116,211,103,108
112900117,51,39,12
112900118,15,67,-52
112900119,239,3,236
112900120,585,289,296
112900121,38,79,-41
112900122,5,86,-81
112900123,152,17,135
112900124,41,87,-46
112900125,59,574,-515
112900126,98,115,-17
112900127,547,164,383
112900128,104,615,-511
112900129,0,580,-580
112900130,258,131,127
112900131,25,492,-467
112900132,94,705,-611
112900133,21,1781,-1760
112900134,0,191,-191
112900135,172,81,91
112900136,2,14,-12
112900137,3,298,-295
112900138,9,102,-93
112900139,102,615,-513
112900140,1,32,-31
112900141,1017,51,966
112900142,80,248,-168
112900143,10,237,-227
112900144,0,90,-90
112900145,9,294,-285
112900146,6,467,-461
112900147,2,556,-554
112900148,82,5,77
112900149,277,259,18
112900151,7,48,-41
112900152,4262,627,3635
112900153,1018,3339,-2321
112900154,1,41,-40
112900155,220,15,205
112900156,600,612,-12
112900157,381,6,375
112900158,123,9,114
112900159,247,177,70
112900160,54,173,-119
112900161,154,63,91
112900162,20,19,1
112900163,65,71,-6
112900164,25,170,-145
112900165,69,42,27
112900166,26,96,-70
112900167,3,111,-108
112900168,4,2,2
112900169,9,25,-16
112900170,90,193,-103
112900172,60,25,35
112900173,197,104,93
112900174,288,58,230
112900175,116,299,-183
112900176,47,66,-19
112900177,277,89,188
112900178,669,2885,-2216
112900179,16,445,-429
112900180,2439,1648,791
112900181,897,7,890
112900182,82,512,-430
112900183,86,378,-292
112900184,387,704,-317
112900185,151,937,-786
112900186,881,1603,-722
112900187,80,764,-684
112900188,669,2988,-2319
112900189,9,10,-1
112900190,9,20,-11
112900192,919,880,39
112900193,1299,521,778
112900194,91,40,51
112900195,1180,56,1124
112900196,331,297,34
112900197,161,278,-117
112900199,851,310,541
112900200,909,168,741
112900201,277,93,184
112900202,661,455,206
112900203,389,157,232
112900204,666,468,198
112900205,11,36,-25
112900206,24,121,-97
112900207,37,0,37
112900208,85,381,-296
112900209,258,222,36
112900210,0,36,-36
112900211,126,28,98
112900212,2,43,-41
112900213,101,14,87
112900214,12,16,-4
112900215,24,118,-94
112900216,16,38,-22
112900217,17,78,-61
112900218,85,22,63
112900219,127,3,124
112900220,3,0,3
112900221,64,170,-106
112900222,4,45,-41
112900223,1377,20,1357
112900224,617,251,366
112900225,566,259,307
112900226,182,488,-306
112900227,1085,415,670
112900228,107,44,63
112900229,454,24,430
112900230,7743,3811,3932
112900232,434,411,23
112900233,42,95,-53
112900234,42,25,17
112900235,65,25,40
112900236,488,7,481
112900237,269,52,217
112900238,9,10,-1
112900239,404,605,-201
113000001,6398,4177,2221
113000002,4204,3227,977
113000003,1779,1430,349
113000004,1367,1926,-559
113000005,1859,1068,791
113000006,1038,1071,-33
113000007,2328,1183,1145
113000008,1731,1328,403
113000009,1430,562,868
113000010,1312,1034,278
113000011,813,995,-182
113000012,2256,703,1553
113000013,1161,671,490
113000014,933,1228,-295
113000015,311,312,-1
113000016,255,910,-655
113000017,81,313,-232
113000018,428,45,383
113000019,280,267,13
113000020,371,75,296
113000021,1415,544,871
113000022,772,1189,-417
113000025,116,289,-173
113000026,547,545,2
113000027,478,939,-461
113000028,772,1292,-520
113000029,1144,747,397
113000030,204,471,-267
113000031,132,263,-131
113000032,228,321,-93
113000033,244,510,-266
113000034,188,184,4
113000035,32,50,-18
113000036,23,50,-27
113000037,65,41,24
113000038,19,73,-54
113000039,54,323,-269
113000040,66,74,-8
113000042,665,458,207
113000051,1092,1940,-848
113000052,2222,677,1545
113000053,572,379,193
113000054,543,616,-73
113000055,1728,344,1384
113000056,1432,732,700
113000058,598,790,-192
113000059,966,403,563
113000060,386,472,-86
113000061,547,742,-195
113000062,534,378,156
113000063,381,73,308
113000064,70,170,-100
113000065,173,373,-200
113000066,1093,104,989
113000067,3182,838,2344
113000068,366,529,-163
113000069,589,506,83
113000070,3436,846,2590
113000071,617,422,195
113000072,1221,454,767
113000073,385,1184,-799
113000074,1029,370,659
113000075,1813,792,1021
113000076,482,2337,-1855
113000077,808,1092,-284
113000078,459,2089,-1630
113000079,421,1290,-869
113000080,463,1341,-878
113000081,708,1124,-416
113000082,992,1602,-610
113000083,533,758,-225
113000084,1928,1449,479
113000085,819,565,254
113000086,751,1009,-258
113000087,806,930,-124
113000088,2028,1376,652
113000089,860,1450,-590
113000090,285,743,-458
113000091,300,328,-28
113000094,1403,252,1151
113000095,194,621,-427
113000096,111,1083,-972
113000097,1208,482,726
113000098,125,48,77
113000099,1193,519,674
113000100,93,515,-422
113000101,231,619,-388
113000102,697,575,122
113000103,1849,306,1543
113000104,641,2328,-1687
113000105,1141,591,550
113000106,367,420,-53
113000107,1070,912,158
113000108,629,783,-154
113000109,612,1270,-658
113000110,2874,695,2179
113000111,202,607,-405
113000112,317,256,61
113000113,1252,317,935
113000114,282,1660,-1378
113000116,979,328,651
113000117,2503,106,2397
113000118,42,647,-605
113000119,342,561,-219
113000120,75,285,-210
113000121,511,3194,-2683
113000124,273,114,159
113000125,100,1017,-917
113000127,1524,215,1309
113000128,809,294,515
113000129,419,730,-311
113000133,2111,1037,1074
113000134,6,1335,-1329
113000135,4611,5368,-757
113000137,1065,3647,-2582
113000139,220,395,-175
113000140,69,208,-139
113000141,162,266,-104
113000142,329,1084,-755
113000143,359,157,202
113000144,192,377,-185
113000145,166,131,35
113000146,134,54,80
113000147,192,54,138
113000148,346,108,238
113000149,213,124,89
113000150,658,302,356
113000151,51,32,19
113000152,42,110,-68
113000153,990,446,544
113000154,663,1603,-940
113000155,418,698,-280
113000156,167,220,-53
113000157,192,520,-328
113000158,722,210,512
113000159,1045,528,517
113000160,490,583,-93
113000161,365,241,124
113000162,1036,286,750
113000163,166,30,136
113000164,20,78,-58
113000166,267,86,181
113000167,67,62,5
113000168,79,76,3
113000169,274,54,220
113000170,104,86,18
113000171,24,69,-45
113000172,390,47,343
113000173,88,25,63
113000174,157,182,-25
113000175,434,73,361
113000176,550,131,419
113000177,163,187,-24
113000178,126,203,-77
113000179,424,131,293
113000180,867,973,-106
113000181,1134,775,359
113000182,127,352,-225
113000183,116,541,-425
113000184,26,92,-66
113000189,328,678,-350
113000190,291,354,-63
113000192,507,4278,-3771
113000193,1978,2828,-850
113000194,739,1404,-665
113000195,1380,1880,-500
113000196,288,50,238
113000197,1571,1800,-229
113000198,91,209,-118
113000199,1729,639,1090
113000201,273,449,-176
113000202,5641,1353,4288
113000203,81,163,-82
113000204,500,3460,-2960
113000205,7,19,-12
113000206,11,42,-31
113000207,85,21,64
113000208,73,52,21
113000209,16,20,-4
113000210,11,27,-16
113000211,81,192,-111
113000212,47,34,13
113000213,30,104,-74
113000214,164,226,-62
113000234,166,716,-550
113000410,86,213,-127
113000411,1671,4106,-2435
113000412,3790,1947,1843
113000413,1201,2724,-1523
113000414,3090,12612,-9522
113000415,1961,1837,124
113000416,3683,2663,1020
113000417,1600,1977,-377
113000418,4211,4266,-55
113000419,1563,2515,-952
113000420,3332,6022,-2690
113000421,4586,7609,-3023
113000422,9886,10207,-321
113000423,1567,5491,-3924
113000424,2553,10100,-7547
113000425,5,98,-93
113000428,46,59,-13
113000430,2,225,-223
113000432,2682,198,2484
113000433,86,395,-309
113000434,18,73,-55
113000435,19,191,-172
113000436,11,546,-535
113000437,1500,18,1482
113000438,381,6,375
113000439,16,51,-35
113000440,142,35,107
113000441,235,153,82
113000442,161,53,108
113000443,369,127,242
113000444,290,69,221
113000445,132,48,84
113000446,25,68,-43
113000448,446,265,181
113000449,123,610,-487
113000450,556,1769,-1213
113000451,1582,225,1357
113000452,147,312,-165
113000453,23,465,-442
113000454,288,35,253
113000455,4,732,-728
113000456,2511,2457,54
113000468,913,87,826
113000469,70,213,-143
113000470,369,19,350
113000471,5,225,-220
113000472,114,208,-94
113000474,1070,615,455
113000475,1350,1363,-13
113000476,1863,2019,-156
113000477,4210,1737,2473
113000478,3011,3051,-40
113000479,89,64,25
113000480,123,435,-312
113000481,0,0,0
113000482,0,1,-1
113000483,0,0,0
113000484,0,0,0
113000485,0,0,0
113000486,3,2,1
113000487,0,0,0
113000488,3,0,3
113000489,0,3,-3
113000490,0,9,-9
113000491,29,11,18
113000492,2,0,2
113000493,0,0,0
113000495,116,63,53
113000496,114,80,34
113000500,0,1,-1
113900001,1,359,-358
113900002,2,30,-28
113900003,1,50,-49
113900004,2,99,-97
113900005,2,146,-144
113900006,0,21,-21
113900007,58,32,26
113900008,11,0,11
113900009,37,1,36
113900010,32,0,32
113900011,98,0,98
113900012,58,3,55
113900013,91,2,89
113900014,818,4,814
113900015,1,146,-145
113900016,53,2,51
113900017,6,40,-34
113900018,237,281,-44
113900019,270,36,234
113900020,255,3,252
113900022,98,2,96
113900023,49,0,49
113900024,29,28,1
113900025,155,22,133
113900026,89,0,89
113900027,12,38,-26
113900028,21,227,-206
113900029,64,81,-17
113900030,288,2,286
113900031,34,5,29
113900032,47,2,45
113900033,42,51,-9
113900035,53,0,53
113900036,25,59,-34
113900037,258,236,22
113900038,10,119,-109
113900039,223,35,188
113900040,17,41,-24
113900041,21,9,12
113900042,56,28,28
113900043,168,71,97
113900044,222,314,-92
113900045,88,1,87
113900046,330,1205,-875
113900047,124,87,37
113900048,102,131,-29
113900049,248,336,-88
113900050,307,280,27
113900051,246,179,67
113900052,90,74,16
113900053,674,771,-97
113900054,34,4,30
113900055,115,347,-232
113900056,67,92,-25
113900057,11,66,-55
113900058,93,56,37
113900059,249,197,52
113900060,75,179,-104
113900061,447,206,241
113900062,115,19,96
113900063,142,100,42
113900064,52,54,-2
113900065,499,50,449
113900066,507,140,367
113900067,235,106,129
113900068,556,686,-130
113900069,40,34,6
113900070,137,262,-125
113900071,102,38,64
113900072,60,87,-27
113900073,340,277,63
113900074,166,129,37
113900075,1041,1694,-653
113900076,182,13,169
113900077,63,108,-45
113900078,54,48,6
113900079,4,28,-24
113900080,585,175,410
113900081,80,81,-1
113900082,176,173,3
113900083,583,126,457
113900084,267,98,169
113900085,52,151,-99
113900086,100,17,83
113900087,137,128,9
113900088,79,76,3
113900089,404,52,352
113900090,662,377,285
113900091,8,14,-6
113900092,23,67,-44
113900093,51,900,-849
113900094,691,190,501
113900095,169,169,0
113900096,378,94,284
113900097,11,43,-32
113900098,815,145,670
113900099,0,30,-30
113900100,0,1,-1
113900101,4,82,-78
113900102,99,182,-83
113900103,310,361,-51
113900104,118,241,-123
113900105,187,75,112
113900106,0,19,-19
113900107,3,20,-17
113900108,130,261,-131
113900109,290,199,91
113900110,103,33,70
113900111,216,63,153
113900112,169,39,130
113900113,1210,367,843
113900114,3,30,-27
113900115,2,48,-46
113900116,67,183,-116
113900117,79,26,53
113900118,214,539,-325
113900119,110,412,-302
113900120,131,49,82
113900121,85,50,35
113900122,510,2701,-2191
113900123,533,196,337
113900124,0,68,-68
113900125,633,114,519
113900126,87,43,44
113900127,444,952,-508
113900128,171,37,134
113900129,15,206,-191
113900130,1,321,-320
113900131,307,59,248
113900132,39,69,-30
113900133,11,35,-24
113900135,432,253,179
113900136,143,44,99
113900137,351,338,13
113900138,45,297,-252
113900139,142,186,-44
113900140,65,439,-374
113900141,720,194,526
113900142,168,46,122
113900143,11,73,-62
113900144,91,432,-341
113900145,417,118,299
113900146,199,68,131
113900148,95,401,-306
113900149,158,80,78
113900150,219,376,-157
113900151,549,161,388
113900152,54,74,-20
113900153,134,501,-367
113900154,0,89,-89
113900155,92,238,-146
113900156,184,272,-88
113900157,51,318,-267
113900158,145,814,-669
113900159,19,208,-189
113900160,315,364,-49
113900161,86,270,-184
113900162,208,1248,-1040
113900163,244,200,44
113900164,431,43,388
113900165,557,652,-95
113900166,72,158,-86
113900167,382,41,341
113900168,66,67,-1
113900169,162,240,-78
113900171,280,66,214
113900172,10,55,-45
113900173,31,251,-220
113900174,443,359,84
113900175,338,110,228
113900176,396,248,148
113900177,293,148,145
113900178,259,201,58
113900179,29,207,-178
113900180,158,48,110
113900181,916,319,597
113900182,659,556,103
113900183,43,55,-12
113900184,7,309,-302
113900185,152,50,102
113900186,89,28,61
113900187,39,90,-51
113900188,69,131,-62
113900189,308,135,173
113900190,135,89,46
113900191,125,134,-9
113900192,5,801,-796
113900193,35,80,-45
113900194,919,521,398
113900195,179,277,-98
113900196,6,212,-206
113900197,1,87,-86
113900198,20,248,-228
113900199,87,400,-313
113900200,30,139,-109
113900201,0,56,-56
113900202,146,120,26
113900203,1,31,-30
113900204,48,229,-181
113900205,3,59,-56
113900206,6,139,-133
113900207,4,133,-129
113900208,0,28,-28
113900209,1,43,-42
113900210,373,759,-386
113900211,260,55,205
113900212,254,314,-60
113900214,258,463,-205
113900215,54,59,-5
113900216,193,323,-130
113900217,134,135,-1
113900218,179,82,97
113900219,132,483,-351
113900220,102,166,-64
113900221,301,296,5
113900222,191,532,-341
113900223,253,303,-50
113900224,45,52,-7
113900225,321,153,168
113900226,518,159,359
113900227,344,180,164
113900228,326,757,-431
113900229,50,1062,-1012
113900230,2077,3632,-1555
113900231,151,110,41
113900232,153,52,101
113900233,124,68,56
113900234,429,407,22
113900235,131,41,90
113900236,340,142,198
113900237,284,20,264
113900238,220,623,-403
113900239,38,129,-91
113900240,8,211,-203
113900241,87,67,20
113900242,34,191,-157
113900243,39,302,-263
113900244,117,192,-75
113900245,633,253,380
113900246,22,35,-13
113900247,98,608,-510
113900248,1970,1924,46
113900249,678,482,196
113900250,38,226,-188
113900251,991,103,888
113900252,758,30,728
113900253,786,69,717
113900254,716,164,552
113900255,664,28,636
113900256,337,33,304
113900257,33,229,-196
113900258,39,257,-218
113900259,704,90,614
113900260,279,7,272
113900261,101,57,44
113900262,151,295,-144
113900263,110,367,-257
113900264,5,171,-166
113900265,124,266,-142
113900266,32,172,-140
113900267,101,723,-622
113900268,291,512,-221
113900269,70,145,-75
113900270,197,596,-399
113900271,615,443,172
113900273,13,13,0
113900274,64,25,39
113900275,28,62,-34
113900276,0,87,-87
113900277,242,7,235
113900278,251,144,107
113900279,37,37,0
113900280,1577,591,986
113900281,475,1472,-997
113900282,373,544,-171
113900283,334,491,-157
113900284,991,216,775
113900285,144,48,96
113900286,118,98,20
113900287,117,36,81
113900288,4,91,-87
113900289,350,126,224
113900290,165,336,-171
113900291,56,119,-63
113900292,2,8,-6
113900293,7,133,-126
113900294,638,19,619
113900295,369,326,43
113900296,2079,363,1716
113900297,2435,55,2380
113900298,17,1079,-1062
113900299,132,60,72
113900300,3859,4107,-248
113900301,563,634,-71
113900302,1408,911,497
113900303,218,565,-347
113900304,2,79,-77
113900305,217,0,217
113900306,127,1,126
113900307,14,1,13
113900308,66,106,-40
113900309,1,333,-332
113900310,0,3,-3
113900311,20,0,20
113900312,183,219,-36
113900313,13,7,6
114000001,902,1724,-822
114000002,319,175,144
114000003,74,173,-99
114000004,459,200,259
114000005,404,181,223
114000006,1530,1385,145
114000007,751,863,-112
114000008,1445,1727,-282
114000009,1189,233,956
114000011,2919,1809,1110
114000012,3346,1206,2140
114000013,2148,1026,1122
114000014,403,110,293
114000015,2294,223,2071
114000016,253,106,147
114000017,176,569,-393
114000018,151,34,117
114000026,2921,781,2140
114000027,4602,1865,2737
114000028,2116,3001,-885
114000038,301,92,209
114000039,98,44,54
114000040,208,251,-43
114000042,159,179,-20
114000043,55,32,23
114000044,428,16,412
114000045,45,47,-2
114000046,2065,3236,-1171
114000047,11,58,-47
114000048,107,50,57
114000049,1877,1274,603
114000050,1851,1539,312
114000051,3153,1850,1303
114000052,3856,2181,1675
114000053,96,614,-518
114000054,194,564,-370
114000055,171,38,133
114000056,262,1068,-806
114000057,3627,2071,1556
114000058,101,1379,-1278
114000059,73,484,-411
114000060,532,645,-113
114000061,1901,2961,-1060
114000062,662,1559,-897
114000063,1064,1140,-76
114000064,1981,3337,-1356
114000065,1170,1820,-650
114000066,451,577,-126
114000067,25,892,-867
114000068,497,738,-241
114000069,1138,536,602
114000070,2167,1800,367
114000071,846,371,475
114000072,555,145,410
114000073,20,21,-1
114000074,70,14,56
114000075,79,35,44
114000076,25,28,-3
114000077,8,18,-10
114000078,305,286,19
114000079,243,27,216
114000080,89,54,35
114000081,75,58,17
114000082,42,231,-189
114000083,58,93,-35
114000084,318,96,222
114000085,75,226,-151
114000086,284,116,168
114000087,216,64,152
114000088,45,37,8
114000089,447,275,172
114000090,1017,961,56
114000091,1332,819,513
114000092,786,403,383
114000093,1478,668,810
114000094,373,263,110
114000095,335,174,161
114000096,67,227,-160
114000097,116,246,-130
114000098,756,103,653
114000099,844,156,688
114000100,2082,402,1680
114000101,519,311,208
114000102,746,270,476
114000103,96,215,-119
114000104,25,148,-123
114000105,157,104,53
114000106,591,1805,-1214
114000107,614,113,501
114000108,690,738,-48
114000109,763,1378,-615
114000110,558,688,-130
114000111,2328,980,1348
114000112,440,1034,-594
114000113,1356,576,780
114000114,794,690,104
114000115,2079,1115,964
114000116,1097,1023,74
114000117,4743,556,4187
114000118,3681,608,3073
114000119,2513,520,1993
114000120,674,417,257
114000121,456,691,-235
114000122,522,349,173
114000123,2755,371,2384
114000124,1167,350,817
114000125,819,806,13
114000126,1823,231,1592
114000127,259,170,89
114000128,858,238,620
114000130,453,457,-4
114000131,366,129,237
114000132,667,455,212
114000133,675,1169,-494
114000134,74,40,34
114000138,33,118,-85
114000139,460,432,28
114000144,734,705,29
114000145,65,88,-23
114000146,99,106,-7
114000147,1444,2595,-1151
114000148,1281,1634,-353
114000149,368,373,-5
114000150,241,495,-254
114000151,603,1708,-1105
114000152,95,42,53
114000153,540,1942,-1402
114000154,703,389,314
114000155,1009,2336,-1327
114000156,750,638,112
114000157,275,1108,-833
114000158,766,639,127
114000159,102,350,-248
114000160,54,495,-441
114000161,1115,2871,-1756
114000162,1423,2869,-1446
114000163,26,38,-12
114000165,665,352,313
114000166,566,521,45
114000167,1892,1247,645
114000168,366,451,-85
114000169,1223,1879,-656
114000170,925,1167,-242
114000171,1729,3310,-1581
114000174,180,346,-166
114000176,279,454,-175
114000177,883,492,391
114000178,45,40,5
114000179,982,640,342
114000180,227,438,-211
114000181,1821,4672,-2851
114000182,1391,2172,-781
114000183,479,524,-45
114000184,477,592,-115
114000185,1201,678,523
114000189,1562,194,1368
114000190,3701,547,3154
114000191,78,178,-100
114000192,140,873,-733
114000193,366,1053,-687
114000194,1448,558,890
114000195,199,76,123
114000196,1,82,-81
114000197,2086,30,2056
114000198,699,339,360
114000199,1518,1707,-189
114000200,521,844,-323
114000201,173,448,-275
114000202,756,379,377
114000203,528,390,138
114000204,176,362,-186
114000205,145,828,-683
114000206,765,1102,-337
114000207,398,815,-417
114000208,436,1199,-763
114000209,403,1089,-686
114000210,164,658,-494
114000211,1310,966,344
114000212,956,861,95
114000213,1661,425,1236
114000214,92,122,-30
114000215,210,79,131
114000216,1547,275,1272
114000217,483,191,292
114000218,203,125,78
114000219,1385,132,1253
114000220,20,480,-460
114000221,1128,211,917
114000222,116,505,-389
114000223,653,118,535
114000224,74,326,-252
114000225,267,410,-143
114000226,231,237,-6
114000227,921,438,483
114000228,900,439,461
114000229,1437,862,575
114000230,1658,799,859
114000231,1127,1082,45
114000232,991,150,841
114000233,2685,126,2559
114000234,1181,546,635
114000235,1274,935,339
114000236,0,249,-249
114000237,102,524,-422
114000238,91,185,-94
114000239,120,738,-618
114000240,812,796,16
114000241,252,630,-378
114000242,629,493,136
114000243,1762,838,924
114000244,498,274,224
114000245,439,613,-174
114000246,120,39,81
114000247,473,454,19
114000248,1251,513,738
114000249,570,303,267
114000250,732,395,337
114000251,502,220,282
114000252,46,33,13
114000253,52,127,-75
114000254,56,27,29
114000255,467,180,287
114000256,494,2029,-1535
114000257,365,735,-370
114000258,354,178,176
114000259,111,160,-49
114000260,0,15,-15
114000261,56,34,22
114000262,298,106,192
114000263,8,0,8
114000264,1411,265,1146
114000265,0,0,0
114000267,1,1218,-1217
114000268,8,622,-614
114000270,235,6,229
114000271,286,37,249
114000283,1614,291,1323
114000285,17,98,-81
114000288,97,194,-97
114000289,2015,113,1902
114000293,290,471,-181
114000294,172,249,-77
114000395,1218,20,1198
114000396,749,686,63
114000402,866,175,691
114000403,462,180,282
114000405,230,166,64
114000423,422,201,221
114000424,587,137,450
114000425,1205,214,991
114000426,314,789,-475
114000427,79,48,31
114000428,118,206,-88
114000429,15,105,-90
114000432,91,41,50
114000434,27,41,-14
114000435,15,57,-42
114000436,1419,453,966
114000437,497,5472,-4975
114900001,713,374,339
114900002,375,232,143
114900003,845,592,253
114900004,219,481,-262
114900005,608,349,259
114900006,112,85,27
114900007,345,31,314
114900008,265,105,160
114900010,886,1695,-809
114900011,304,154,150
114900013,310,126,184
114900015,111,567,-456
114900018,1059,30,1029
114900020,219,77,142
114900022,0,479,-479
114900024,322,107,215
114900025,597,155,442
114900026,99,119,-20
114900027,232,167,65
114900029,34,17,17
114900030,395,220,175
114900031,498,29,469
114900032,529,22,507
114900033,576,1468,-892
114900034,43,45,-2
114900035,116,238,-122
114900036,198,242,-44
114900037,123,95,28
114900038,208,246,-38
114900039,549,201,348
114900040,88,65,23
114900041,1247,207,1040
114900042,1247,287,960
114900043,357,160,197
114900044,172,60,112
114900046,52,51,1
114900047,208,2855,-2647
114900048,65,170,-105
114900049,11,99,-88
114900050,67,134,-67
114900051,30,225,-195
114900052,38,230,-192
114900053,101,179,-78
114900054,33,81,-48
114900057,229,20,209
114900058,0,39,-39
114900059,137,101,36
114900060,393,715,-322
114900061,146,47,99
114900062,195,251,-56
114900063,73,63,10
114900064,2475,233,2242
114900065,539,622,-83
114900067,41,317,-276
114900068,45,125,-80
114900069,137,61,76
114900070,669,227,442
114900072,3,178,-175
114900073,2,75,-73
114900074,897,209,688
114900075,452,20,432
114900076,12,223,-211
114900080,1003,275,728
114900082,2276,2957,-681
114900083,622,1017,-395
114900090,521,201,320
114900091,93,145,-52
114900095,187,67,120
114900096,329,457,-128
114900097,220,6,214
114900098,8,82,-74
114900099,262,17,245
115000001,3571,1924,1647
115000002,4360,5086,-726
115000003,3961,1548,2413
115000004,5551,6300,-749
115000005,1287,1482,-195
115000006,1159,1494,-335
115000007,127,181,-54
115000008,437,539,-102
115000009,310,218,92
115000010,267,177,90
115000013,36,165,-129
115000015,27,206,-179
115000016,163,366,-203
115000019,36,422,-386
115000020,137,1053,-916
115000021,185,325,-140
115000022,553,293,260
115000023,314,666,-352
115000024,835,343,492
115000025,930,835,95
115000026,163,295,-132
115000027,287,413,-126
115000028,253,631,-378
115000029,782,90,692
115000030,892,898,-6
115000031,1209,349,860
115000032,13,200,-187
115000033,138,32,106
115000034,55,1092,-1037
115000035,1120,71,1049
115000036,1,320,-319
115000037,697,21,676
115000038,33,119,-86
115000039,2412,3686,-1274
115000040,3017,2217,800
115000041,1360,3949,-2589
115000042,515,577,-62
115000043,4060,2430,1630
115000044,3223,2668,555
115000045,2413,908,1505
115000046,2763,2294,469
115000047,2715,1262,1453
115000048,1702,1345,357
115000049,1355,2407,-1052
115000050,3317,1544,1773
115000051,1409,3319,-1910
115000052,1127,1323,-196
115000053,2163,2181,-18
115000054,574,736,-162
115000055,185,758,-573
115000056,213,610,-397
115000057,554,1032,-478
115000058,314,424,-110
115000059,389,137,252
115000061,73,172,-99
115000062,195,256,-61
115000063,467,274,193
115000064,274,69,205
115000065,63,509,-446
115000067,172,20,152
115000069,129,285,-156
115000070,42,950,-908
115000071,94,16,78
115000072,14,56,-42
115000073,1667,87,1580
115000075,143,27,116
115000076,2066,1741,325
115000077,2221,1268,953
115000078,1619,817,802
115000079,1329,1125,204
115000080,2795,1449,1346
115000081,337,693,-356
115000082,4677,3919,758
115000083,1857,1139,718
115000084,3344,979,2365
115000085,1016,656,360
115000086,1287,578,709
115000087,427,1223,-796
115000088,1705,557,1148
115000089,1138,1041,97
115000090,436,719,-283
115000091,260,533,-273
115000092,710,477,233
115000093,507,6,501
115000094,4437,6085,-1648
115000095,3629,6852,-3223
115000096,981,839,142
115000097,1757,1109,648
115000098,1646,510,1136
115000099,2927,1621,1306
115000100,1478,340,1138
115000101,617,925,-308
115000102,631,274,357
115000103,312,434,-122
115000105,122,122,0
115000106,834,373,461
115000107,247,279,-32
115000108,2051,1641,410
115000109,3544,5710,-2166
115000110,1279,1979,-700
115000111,558,1134,-576
115000112,897,1041,-144
115000113,731,792,-61
115000114,1326,627,699
115000116,2949,2310,639
115000117,2417,2494,-77
115000118,2126,1890,236
115000119,1427,2082,-655
115000120,584,1386,-802
115000121,862,977,-115
115000122,1096,1597,-501
115000123,801,2386,-1585
115000124,781,1176,-395
115000125,383,760,-377
115000126,140,275,-135
115000127,306,158,148
115000128,371,723,-352
115000129,158,509,-351
115000130,522,389,133
115000131,840,213,627
115000132,461,267,194
115000133,734,169,565
115000134,295,256,39
115000135,182,173,9
115000136,243,223,20
115000137,111,143,-32
115000138,464,223,241
115000139,320,144,176
115000140,540,189,351
115000141,232,112,120
115000142,223,122,101
115000143,1204,509,695
115000144,529,45,484
115000145,229,209,20
115000146,557,362,195
115000147,331,301,30
115000148,314,425,-111
115000149,784,230,554
115000150,696,402,294
115000151,1426,422,1004
115000152,711,446,265
115000153,1417,456,961
115000154,1081,211,870
115000155,588,641,-53
115000156,893,754,139
115000157,501,679,-178
115000158,415,411,4
115000159,507,574,-67
115000160,457,659,-202
115000161,643,393,250
115000162,594,851,-257
115000163,502,747,-245
115000164,621,628,-7
115000165,292,581,-289
115000167,94,79,15
115000168,416,356,60
115000169,425,638,-213
115000170,58,117,-59
115000171,214,232,-18
115000172,711,642,69
115000173,254,867,-613
115000174,77,336,-259
115000175,149,185,-36
115000176,118,147,-29
115000177,83,272,-189
115000178,11,189,-178
115000179,34,48,-14
115000180,168,295,-127
115000181,934,148,786
115000182,1256,275,981
115000183,548,450,98
115000186,600,215,385
115000187,288,524,-236
115000188,400,552,-152
115000189,215,356,-141
115000190,736,518,218
115000191,139,522,-383
115000194,103,162,-59
115000195,203,304,-101
115000196,262,92,170
115000197,213,153,60
115000198,580,154,426
115000199,589,91,498
115000200,447,92,355
115000201,171,213,-42
115000206,503,53,450
115000207,308,201,107
115000208,324,608,-284
115000209,608,340,268
115000210,215,167,48
115000211,219,235,-16
115000212,859,379,480
115000224,307,78,229
115000225,79,78,1
115000229,126,96,30
115000230,88,502,-414
115000231,303,802,-499
115000232,2104,221,1883
115000233,150,145,5
115000234,24,262,-238
115000241,99,163,-64
115000242,188,159,29
115000243,51,104,-53
115000244,14,118,-104
115000246,29,21,8
115000247,23,18,5
115000248,28,25,3
115000249,22,10,12
115000250,272,36,236
115000251,398,58,340
115000252,74,152,-78
115000253,34,469,-435
115000258,336,51,285
115000259,334,114,220
115000261,27,13,14
115000262,8,19,-11
115000263,15,30,-15
115000264,46,15,31
115000267,94,100,-6
115000268,54,114,-60
115000269,105,73,32
115000270,8,30,-22
115000272,68,76,-8
115000273,614,32,582
115000280,1895,274,1621
115000281,334,758,-424
115000282,880,1390,-510
115000284,172,149,23
115000296,977,10,967
115000297,116,199,-83
115000298,68,491,-423
115000300,246,128,118
115000302,526,97,429
115000303,986,75,911
115000304,1172,56,1116
115000305,121,236,-115
115000306,314,114,200
115000307,154,92,62
115000308,13,27,-14
115000309,16,63,-47
115000310,1350,480,870
115000311,1487,956,531
115000313,114,177,-63
115000314,695,155,540
115000315,445,677,-232
115000316,103,168,-65
115000317,180,342,-162
115000318,878,274,604
115000319,61,208,-147
115000320,21,344,-323
115000321,437,12,425
115000322,55,120,-65
115000449,174,133,41
115000557,22,1791,-1769
115000558,255,138,117
115000587,647,208,439
115000588,1588,2008,-420
115000589,3453,1919,1534
115000590,759,1345,-586
115000591,1494,830,664
115000592,457,1584,-1127
115000593,1548,785,763
115000594,460,2002,-1542
115000609,157,93,64
115000617,638,3123,-2485
115000624,404,30,374
115000633,480,1562,-1082
115000634,3261,736,2525
115000635,741,99,642
115000638,307,381,-74
115000641,45,187,-142
115000642,344,294,50
115000643,137,271,-134
115000644,134,280,-146
115000646,900,1660,-760
115000647,206,440,-234
115000648,2849,1173,1676
115000893,1502,1145,357
115000894,155,819,-664
115000895,180,541,-361
115000896,1114,349,765
115000897,481,138,343
115000898,513,336,177
115000899,216,1300,-1084
115000900,36,258,-222
115000901,50,198,-148
115000912,545,101,444
115000913,5,13,-8
115000915,8,0,8
115000916,2,0,2
115000917,0,5,-5
115000918,61,1331,-1270
115000919,16,30,-14
115000920,18,56,-38
115000921,319,100,219
115000922,328,746,-418
115000923,86,850,-764
115000925,142,116,26
115000927,28,55,-27
115000933,55,164,-109
115000934,206,154,52
115000935,219,39,180
115900001,170,15,155
115900002,100,106,-6
115900003,231,22,209
115900004,0,24,-24
115900005,272,8,264
115900006,151,117,34
115900008,90,9,81
115900009,55,118,-63
115900010,495,68,427
115900011,440,212,228
115900012,256,25,231
115900013,367,122,245
115900014,140,151,-11
115900015,199,44,155
115900016,120,38,82
115900017,38,23,15
115900018,144,47,97
115900019,400,33,367
115900020,161,9,152
115900021,734,258,476
115900022,371,18,353
115900023,2,6,-4
115900025,35,285,-250
115900026,713,109,604
115900027,0,108,-108
115900028,399,54,345
115900029,7,231,-224
115900030,75,39,36
115900031,135,401,-266
115900032,477,473,4
115900033,1,56,-55
115900034,43,197,-154
115900035,62,50,12
115900036,18,1376,-1358
115900037,36,169,-133
115900038,53,15,38
115900039,181,129,52
115900041,192,746,-554
115900042,91,7,84
115900043,153,36,117
115900044,170,264,-94
115900046,457,154,303
115900047,143,253,-110
115900049,258,187,71
115900051,6,19,-13
115900052,11,122,-111
115900053,342,97,245
115900054,354,25,329
115900055,36,82,-46
115900056,212,110,102
115900057,19,9,10
115900058,39,42,-3
115900060,125,131,-6
115900061,361,12,349
115900062,54,112,-58
115900063,47,4,43
115900064,149,229,-80
115900065,148,52,96
115900066,97,54,43
115900067,18,175,-157
115900068,1426,1152,274
115900069,25,191,-166
115900070,222,40,182
115900071,1,161,-160
115900072,29,106,-77
115900073,137,132,5
115900074,1,101,-100
115900075,54,139,-85
115900076,4,32,-28
115900077,7,121,-114
115900078,25,82,-57
115900079,417,44,373
115900080,213,124,89
115900081,20,48,-28
115900082,108,118,-10
115900084,703,26,677
115900085,50,52,-2
115900086,943,450,493
115900088,8,66,-58
115900089,551,393,158
115900090,650,7,643
115900091,21,35,-14
115900092,70,55,15
115900093,7,18,-11
115900094,6,120,-114
115900096,4,9,-5
115900097,10,131,-121
115900098,320,175,145
115900099,62,63,-1
115900100,12,198,-186
115900101,169,143,26
115900102,101,59,42
115900103,341,131,210
115900104,88,83,5
115900105,455,208,247
115900106,112,13,99
115900107,110,67,43
115900108,189,9,180
115900109,59,205,-146
115900110,19,8,11
115900111,0,59,-59
115900112,40,521,-481
115900113,102,9,93
115900114,2,79,-77
115900115,137,150,-13
115900116,77,487,-410
115900117,95,8,87
115900118,3,133,-130
115900119,220,109,111
115900120,28,172,-144
115900121,269,92,177
115900124,311,816,-505
115900125,391,63,328
115900126,1059,91,968
115900127,972,66,906
115900128,4,95,-91
115900129,868,50,818
115900130,20,242,-222
115900131,406,26,380
115900132,817,8,809
115900134,422,14,408
115900135,332,1078,-746
115900137,55,2,53
115900139,21,74,-53
115900140,379,26,353
115900141,3,41,-38
115900142,6,31,-25
115900143,284,439,-155
115900144,157,195,-38
115900146,12,40,-28
115900147,249,317,-68
115900148,128,16,112
115900149,206,7,199
115900150,155,17,138
115900151,14,85,-71
115900152,132,207,-75
115900153,127,143,-16
115900154,326,377,-51
115900155,0,14,-14
115900156,728,923,-195
115900157,277,423,-146
115900158,10,3,7
115900159,225,147,78
115900160,3,2,1
115900161,56,174,-118
115900163,291,124,167
115900164,798,21,777
115900165,7,109,-102
115900166,158,96,62
115900168,175,72,103
115900171,80,339,-259
115900172,79,85,-6
115900173,266,84,182
115900174,183,218,-35
115900175,165,177,-12
115900178,6,289,-283
115900179,489,23,466
115900180,51,44,7
115900181,246,65,181
115900182,663,87,576
115900183,31,62,-31
115900184,426,12,414
115900187,10,155,-145
115900189,1,221,-220
115900190,240,973,-733
115900191,22,126,-104
115900192,14,76,-62
115900193,116,134,-18
115900194,797,56,741
115900195,376,2676,-2300
115900198,211,301,-90
115900199,322,120,202
115900200,213,166,47
115900201,310,246,64
115900202,0,76,-76
115900203,7,8,-1
115900204,0,8,-8
115900205,24,22,2
115900206,292,115,177
115900207,72,15,57
115900208,166,58,108
115900209,11,72,-61
115900210,0,76,-76
115900211,1,72,-71
115900212,189,102,87
115900213,68,141,-73
115900214,628,121,507
115900215,28,211,-183
115900216,1,104,-103
115900217,4,21,-17
115900218,2,15,-13
115900219,148,1,147
115900220,287,7,280
115900221,170,7,163
115900222,104,43,61
115900223,6,555,-549
115900224,548,1617,-1069
115900225,47,64,-17
115900226,35,43,-8
115900227,32,33,-1
115900228,17,29,-12
115900229,9,38,-29
115900230,26,100,-74
115900231,111,0,111
115900232,54,1,53
115900233,83,9,74
115900234,60,29,31
115900235,19,48,-29
115900236,39,37,2
115900237,15,21,-6
115900238,23,13,10
115900239,22,42,-20
115900240,14,34,-20
115900241,264,50,214
115900242,186,381,-195
115900243,21,3,18
115900244,15,11,4
115900245,50,7,43
115900246,10,13,-3
115900247,15,16,-1
115900248,12,9,3
115900249,7,15,-8
115900250,16,31,-15
115900251,2,11,-9
115900252,4,1,3
115900253,12,10,2
115900254,20,51,-31
115900255,1,20,-19
115900256,12,22,-10
115900257,9,5,4
115900258,0,0,0
115900259,0,1,-1
115900260,3,2,1
115900261,2,0,2
115900262,6,0,6
115900263,11,0,11
115900264,32,3,29
115900265,2,9,-7
115900266,2,16,-14
115900267,1,17,-16
115900268,3,10,-7
115900269,784,138,646
115900270,592,126,466
115900271,141,1,140
115900272,62,2,60
115900273,17,12,5
115900274,3,11,-8
115900275,3,12,-9
115900276,1,10,-9
115900277,1,16,-15
115900278,44,74,-30
115900279,13,197,-184
115900280,8,612,-604
115900281,139,268,-129
116000001,5614,2488,3126
116000002,4561,14289,-9728
116000003,969,1052,-83
116000004,3000,5031,-2031
116000005,1071,2460,-1389
116000006,2270,3277,-1007
116000007,2108,3491,-1383
116000008,4588,3650,938
116000009,1031,1269,-238
116000010,2650,2022,628
116000011,670,1238,-568
116000012,2027,1159,868
116000013,4501,3233,1268
116000014,7139,17158,-10019
116000015,185,1556,-1371
116000016,4415,4954,-539
116000017,41,909,-868
116000018,627,404,223
116000019,968,387,581
116000020,653,1220,-567
116000021,785,375,410
116000022,460,336,124
116000023,1567,1002,565
116000024,591,701,-110
116000025,1109,949,160
116000026,1505,2639,-1134
116000027,763,728,35
116000028,460,1219,-759
116000029,574,726,-152
116000030,772,698,74
116000031,186,280,-94
116000032,357,126,231
116000033,471,429,42
116000034,877,752,125
116000035,412,620,-208
116000036,739,1744,-1005
116000037,316,461,-145
116000038,233,611,-378
116000039,291,849,-558
116000040,508,687,-179
116000041,109,655,-546
116000042,731,605,126
116000043,146,466,-320
116000044,1,28,-27
116000045,1920,1669,251
116000046,1109,1682,-573
116000047,1644,2384,-740
116000048,2315,1740,575
116000049,1694,3364,-1670
116000050,1608,1329,279
116000051,5849,3182,2667
116000052,5369,4889,480
116000053,2466,677,1789
116000054,1029,2447,-1418
116000055,912,827,85
116000056,1388,1289,99
116000057,2717,1422,1295
116000058,3362,3271,91
116000059,2672,5725,-3053
116000060,1865,1017,848
116000061,225,1176,-951
116000062,425,186,239
116000063,560,1416,-856
116000066,259,783,-524
116000067,231,349,-118
116000068,214,326,-112
116000069,248,282,-34
116000078,506,1074,-568
116000080,1825,624,1201
116000082,10,23,-13
116000083,1827,423,1404
116000084,1404,2154,-750
116000085,2185,2082,103
116000086,886,477,409
116000087,2626,1893,733
116000088,807,936,-129
116000089,190,95,95
116000090,131,164,-33
116000091,257,312,-55
116000093,928,798,130
116000094,844,384,460
116000095,1037,732,305
116000096,1025,1437,-412
116000097,943,570,373
116000098,68,7440,-7372
116000099,4905,204,4701
116000100,239,18,221
116000101,1210,388,822
116000102,276,745,-469
116000103,541,333,208
116000104,260,938,-678
116000105,1243,157,1086
116000106,386,982,-596
116000107,2267,289,1978
116000108,136,172,-36
116000111,165,35,130
116000113,270,137,133
116000114,27,91,-64
116000115,519,137,382
116000116,233,255,-22
116000117,1771,1544,227
116000118,1665,1046,619
116000119,4343,1779,2564
116000120,2801,2443,358
116000121,1225,461,764
116000122,1045,899,146
116000123,1603,466,1137
116000124,409,615,-206
116000125,3677,786,2891
116000126,308,805,-497
116000127,880,747,133
116000128,2389,960,1429
116000129,1733,176,1557
116000130,839,695,144
116000133,1588,687,901
116000134,1615,1084,531
116000135,3417,1308,2109
116000136,870,1189,-319
116000137,1344,795,549
116000138,1044,660,384
116000139,1753,2486,-733
116000140,168,202,-34
116000141,390,320,70
116000142,2608,1865,743
116000143,1901,1936,-35
116000144,1601,1425,176
116000145,2113,950,1163
116000146,885,83,802
116000147,262,157,105
116000148,818,759,59
116000149,829,935,-106
116000151,589,382,207
116000153,117,322,-205
116000155,193,244,-51
116000156,730,969,-239
116000157,98,18,80
116000158,492,371,121
116000159,22,17,5
116000160,24,64,-40
116000161,6,122,-116
116000162,82,187,-105
116000163,49,17,32
116000164,12,42,-30
116000177,102,94,8
116000194,88,346,-258
116000195,1298,582,716
116000196,34,7,27
116000197,35,12,23
116000198,2245,1243,1002
116000200,743,867,-124
116000201,782,626,156
116000202,6,157,-151
116000203,0,56,-56
116000204,20,42,-22
116000205,0,119,-119
116000206,2,122,-120
116000207,8,34,-26
116000233,165,327,-162
116000287,294,224,70
116000288,429,166,263
116000292,70,91,-21
116000296,9,163,-154
116000297,66,11,55
116000304,241,10,231
116000305,16,35,-19
116000346,190,117,73
116000352,148,63,85
116000354,40,15,25
116000357,15,12,3
116000358,409,93,316
116000361,54,2,52
116000372,2885,6621,-3736
116000381,132,2,130
116000388,1,39,-38
116000389,946,530,416
116000445,778,267,511
116000446,739,244,495
116000447,18,550,-532
116000448,457,128,329
116000563,742,1115,-373
116000565,27,209,-182
116000568,65,505,-440
116000579,21,75,-54
116000584,31,3,28
116000585,54,15,39
116000586,70,152,-82
116000587,439,526,-87
116000589,48,42,6
116000590,104,55,49
116000591,296,125,171
116000592,6,48,-42
116000593,2,31,-29
116000594,994,221,773
116000595,847,55,792
116000596,146,4,142
116000597,577,135,442
116000598,15,85,-70
116000602,23,461,-438
116000605,126,102,24
116000606,103,205,-102
116000607,3,76,-73
116000609,117,1081,-964
116000611,210,220,-10
116000612,1017,2050,-1033
116000613,871,280,591
116000614,416,286,130
116000615,0,358,-358
116000616,80,78,2
116000617,148,15,133
116000618,1,33,-32
116000619,45,81,-36
116000620,129,116,13
116000621,75,115,-40
116000622,74,109,-35
116000624,349,75,274
116000627,38,15,23
116000628,27,103,-76
116000629,11,134,-123
116000630,458,37,421
116000631,122,32,90
116000632,786,99,687
116000633,32,164,-132
116000634,758,19,739
116000635,1575,1996,-421
116900001,255,138,117
116900002,275,5,270
116900003,56,24,32
116900004,66,103,-37
116900005,359,60,299
116900006,56,403,-347
116900007,102,220,-118
116900008,666,99,567
116900009,17,12,5
116900010,6,551,-545
116900011,12,24,-12
116900012,196,307,-111
116900013,7,98,-91
116900014,178,67,111
116900015,706,48,658
116900016,307,4,303
116900017,9,303,-294
116900018,122,38,84
116900019,9,150,-141
116900020,594,1663,-1069
116900023,42,11,31
116900024,867,43,824
116900025,1630,580,1050
116900026,89,400,-311
116900027,26,30,-4
116900028,2,64,-62
116900029,0,110,-110
116900031,2,0,2
116900032,1,156,-155
116900033,31,7,24
116900034,6,44,-38
116900035,194,118,76
116900036,4,82,-78
116900038,12,0,12
116900041,103,12,91
116900042,256,198,58
116900043,29,71,-42
116900045,274,104,170
116900047,10,225,-215
116900049,22,225,-203
116900050,145,265,-120
116900051,277,76,201
116900052,157,57,100
116900055,0,7,-7
116900057,20,118,-98
116900058,24,253,-229
116900059,1,64,-63
116900060,146,165,-19
116900062,1,8,-7
116900064,106,234,-128
116900065,20,80,-60
116900067,107,25,82
116900068,175,201,-26
116900070,9,4,5
116900072,32,210,-178
116900073,17,51,-34
116900074,8,53,-45
116900076,7,52,-45
116900077,14,48,-34
116900078,149,79,70
116900079,59,174,-115
116900080,17,33,-16
116900081,315,720,-405
116900082,310,852,-542
116900083,17,12,5
116900084,82,57,25
116900085,22,82,-60
116900086,72,150,-78
116900088,333,79,254
116900090,44,31,13
116900091,410,29,381
116900092,122,430,-308
116900093,2128,1658,470
116900094,2859,5405,-2546
116900095,199,166,33
116900096,118,521,-403
116900097,1510,4057,-2547
116900098,703,412,291
116900099,387,900,-513
116900100,1271,75,1196
116900101,187,380,-193
116900103,5,0,5
116900104,46,117,-71
116900105,346,196,150
116900106,2808,115,2693
116900107,1734,3058,-1324
116900110,35,0,35
116900111,827,291,536
116900112,330,477,-147
116900113,975,1664,-689
116900116,55,692,-637
116900117,177,100,77
116900118,655,875,-220
116900120,583,86,497
116900121,260,25,235
116900122,1328,374,954
116900123,299,350,-51
116900124,161,589,-428
116900125,669,97,572
116900126,62,585,-523
116900128,1,39,-38
116900129,0,181,-181
116900130,527,4654,-4127
116900131,83,303,-220
116900132,86,119,-33
116900133,197,91,106
116900134,297,182,115
116900136,204,174,30
116900137,253,122,131
116900138,213,129,84
116900139,113,271,-158
116900140,271,111,160
116900141,673,317,356
116900142,2,113,-111
116900143,360,212,148
116900144,41,105,-64
116900145,89,157,-68
116900147,298,1013,-715
116900148,4,56,-52
116900149,79,261,-182
116900150,11,9,2
116900151,43,15,28
116900153,155,123,32
116900154,279,665,-386
116900155,95,99,-4
116900157,836,155,681
116900158,86,342,-256
116900159,53,365,-312
116900160,1085,1253,-168
116900161,4179,8624,-4445
116900162,15,81,-66
116900163,291,64,227
116900164,75,77,-2
116900165,499,526,-27
116900166,84,42,42
116900167,509,33,476
116900168,498,77,421
116900169,338,938,-600
116900170,534,661,-127
116900171,45,154,-109
116900172,127,523,-396
116900173,280,26,254
116900174,76,56,20
116900175,255,347,-92
116900178,80,94,-14
116900179,91,469,-378
116900180,76,26,50
116900182,672,326,346
116900183,229,98,131
116900185,58,57,1
116900186,93,107,-14
116900187,68,60,8
116900188,171,29,142
116900189,46,1,45
116900191,332,590,-258
116900192,398,111,287
116900194,203,1787,-1584
116900195,59,26,33
116900196,21,37,-16
116900197,143,14,129
116900198,116,369,-253
116900200,105,8,97
116900201,171,10,161
116900202,87,33,54
116900203,166,8,158
116900204,47,153,-106
116900206,17,5,12
116900207,29,33,-4
116900208,6,42,-36
116900209,24,52,-28
116900210,689,368,321
116900211,392,3,389
116900212,153,36,117
116900213,289,72,217
116900214,243,147,96
116900215,87,58,29
116900216,340,132,208
116900218,5,124,-119
116900219,937,283,654
116900220,179,315,-136
116900221,166,333,-167
116900222,510,349,161
116900223,116,284,-168
116900226,240,44,196
116900227,207,53,154
116900228,366,131,235
116900230,95,141,-46
116900231,51,197,-146
116900232,31,239,-208
116900233,410,102,308
116900234,38,14,24
116900235,161,207,-46
116900238,1084,237,847
116900239,48,1448,-1400
116900240,3428,3096,332
116900241,215,54,161
116900242,250,861,-611
116900243,8,72,-64
116900245,59,61,-2
116900246,163,15,148
116900247,959,25,934
116900248,107,39,68
116900249,520,59,461
116900250,532,31,501
116900251,354,805,-451
116900252,188,445,-257
116900253,205,63,142
116900254,24,44,-20
116900255,118,105,13
116900256,632,123,509
116900257,30,172,-142
116900258,5,104,-99
116900259,343,11,332
116900260,1,67,-66
116900261,109,3,106
116900262,178,136,42
116900263,0,14,-14
116900264,0,2,-2
116900265,56,2,54
116900266,13,35,-22
116900267,3,4,-1
116900268,268,247,21
116900269,351,698,-347
116900271,648,342,306
116900272,315,268,47
116900273,95,127,-32
116900274,133,22,111
116900275,270,77,193
116900276,455,187,268
116900277,373,53,320
116900278,1,6,-5
116900279,0,9,-9
116900280,48,9,39
116900281,3370,6107,-2737
116900282,2,52,-50
116900283,16,38,-22
116900284,15,133,-118
116900285,128,215,-87
116900286,110,21,89
116900287,3,9,-6
116900288,143,51,92
116900289,39,11,28
116900290,9,11,-2
116900291,48,4,44
116900292,0,20,-20
116900293,125,13,112
116900294,24,130,-106
116900295,77,123,-46
116900296,36,65,-29
116900297,2,53,-51
116900298,25,98,-73
116900299,16,100,-84
116900300,2,168,-166
116900301,22,200,-178
116900302,8,80,-72
116900303,73,109,-36
116900304,0,196,-196
116900305,25,34,-9
116900306,239,33,206
117000001,2922,2074,848
117000002,1769,3331,-1562
117000003,6369,3505,2864
117000004,2324,3729,-1405
117000005,3213,2115,1098
117000006,946,2066,-1120
117000007,5386,1297,4089
117000008,876,2282,-1406
117000009,4794,1846,2948
117000010,1771,2478,-707
117000011,2685,1501,1184
117000012,1368,882,486
117000013,2158,863,1295
117000014,1261,1996,-735
117000015,2941,1428,1513
117000016,159,220,-61
117000017,100,213,-113
117000018,118,1041,-923
117000019,53,0,53
117000020,396,2348,-1952
117000021,988,270,718
117000022,198,229,-31
117000023,76,223,-147
117000024,150,390,-240
117000025,220,1347,-1127
117000026,1364,1623,-259
117000027,871,3940,-3069
117000028,962,2580,-1618
117000030,280,468,-188
117000031,382,336,46
117000032,1127,944,183
117000033,1776,1610,166
117000034,359,278,81
117000035,550,356,194
117000036,447,263,184
117000037,390,196,194
117000038,171,459,-288
117000039,440,262,178
117000040,237,629,-392
117000041,1358,151,1207
117000044,9,391,-382
117000045,554,131,423
117000046,346,660,-314
117000047,866,708,158
117000048,1519,692,827
117000049,130,696,-566
117000050,200,1119,-919
117000051,3106,84,3022
117000052,70,233,-163
117000053,869,50,819
117000054,1960,10,1950
117000055,4,1492,-1488
117000056,826,45,781
117000057,428,1762,-1334
117000060,446,1161,-715
117000061,2585,1182,1403
117000062,289,606,-317
117000063,2221,1128,1093
117000064,330,417,-87
117000066,644,788,-144
117000067,96,700,-604
117000074,75,129,-54
117000076,103,39,64
117000077,130,174,-44
117000078,160,558,-398
117000079,532,290,242
117000080,2,373,-371
117000081,1110,153,957
117000082,13,81,-68
117000083,127,9,118
117000084,186,5,181
117000085,419,870,-451
117000086,792,293,499
117000087,75,495,-420
117000088,365,101,264
117000089,2300,246,2054
117000090,348,807,-459
117000091,1257,291,966
117000092,491,941,-450
117000093,1781,663,1118
117000094,1170,1494,-324
117000095,4495,859,3636
117000096,726,1596,-870
117000097,1998,977,1021
117000098,1840,2642,-802
117000099,5532,1266,4266
117000100,274,397,-123
117000101,123,666,-543
117000102,2599,715,1884
117000103,561,1109,-548
117000104,2146,657,1489
117000105,629,1050,-421
117000106,1980,666,1314
117000107,497,1199,-702
117000108,2857,1038,1819
117000109,974,1705,-731
117000110,2285,1662,623
117000111,3725,3644,81
117000112,4165,1577,2588
117000113,111,167,-56
117000114,272,122,150
117000115,89,66,23
117000116,165,136,29
117000117,1355,1286,69
117000118,267,139,128
117000119,106,348,-242
117000120,81,940,-859
117000121,29,1135,-1106
117000122,244,795,-551
117000123,1865,74,1791
117000124,137,132,5
117000125,146,375,-229
117000126,31,36,-5
117000127,85,328,-243
117000128,160,872,-712
117000129,113,156,-43
117000130,30,0,30
117000131,0,67,-67
117000132,3745,34,3711
117000133,2882,65,2817
117000134,0,81,-81
117000135,1,130,-129
117000136,0,38,-38
117000137,245,215,30
117000138,2,695,-693
117000140,474,1152,-678
117000141,2547,537,2010
117000181,315,180,135
117000182,965,1160,-195
117000195,171,628,-457
117000196,365,187,178
117000225,50,116,-66
117000226,4,95,-91
117000276,454,36,418
117000277,0,201,-201
117000310,1451,2241,-790
117000315,161,537,-376
117000320,30,0,30
117000906,614,20,594
117000907,10,132,-122
117000908,5,152,-147
117000909,36,32,4
117000910,278,148,130
117000911,80,131,-51
117000915,1,239,-238
117000916,70,7,63
117000917,1712,60,1652
117000918,87,47,40
117000919,3,34,-31
117000920,6,790,-784
117000921,0,510,-510
117000922,21,36,-15
117000924,712,599,113
117000926,406,131,275
117000927,432,1018,-586
117000928,2,80,-78
117000929,347,145,202
117000930,318,10,308
117000931,98,116,-18
117900002,34,522,-488
117900003,342,408,-66
117900005,3,86,-83
117900006,1,110,-109
117900007,120,45,75
117900008,0,22,-22
117900010,384,70,314
117900011,22,252,-230
117900012,66,62,4
117900013,1,121,-120
117900014,545,111,434
117900015,9,38,-29
117900016,1016,1186,-170
117900017,626,251,375
117900018,156,313,-157
117900019,756,163,593
117900020,97,510,-413
117900021,34,55,-21
117900022,28,6,22
117900023,1004,81,923
117900024,77,38,39
117900025,41,4,37
117900026,522,85,437
117900028,29,4,25
117900029,303,382,-79
117900030,663,298,365
117900031,105,234,-129
117900032,955,643,312
117900033,376,335,41
117900034,44,21,23
117900035,165,122,43
117900036,302,273,29
117900037,251,78,173
117900038,30,145,-115
117900039,4,39,-35
117900040,128,229,-101
117900041,1,42,-41
117900042,2951,373,2578
117900043,19,38,-19
117900044,21,3793,-3772
117900045,266,153,113
117900048,509,183,326
117900049,281,307,-26
117900050,12,153,-141
117900051,12,2,10
117900052,64,503,-439
117900053,2152,304,1848
117900054,1,22,-21
117900055,582,119,463
117900056,38,81,-43
117900057,768,1054,-286
117900058,23,32,-9
117900059,137,95,42
117900060,3413,2695,718
117900061,9,254,-245
117900063,446,134,312
117900065,423,910,-487
117900066,32,110,-78
117900067,748,141,607
117900069,920,189,731
117900070,82,113,-31
117900071,100,95,5
117900073,706,164,542
117900074,59,278,-219
117900075,79,60,19
117900076,19,46,-27
117900077,623,132,491
117900078,418,904,-486
117900080,120,44,76
117900081,360,326,34
117900082,630,466,164
117900083,492,262,230
117900086,118,34,84
117900087,167,23,144
117900088,1746,1582,164
117900089,2778,739,2039
117900090,548,260,288
117900091,110,95,15
117900092,123,22,101
117900093,145,57,88
117900094,39,42,-3
117900095,435,259,176
117900096,131,206,-75
117900097,396,60,336
117900098,63,20,43
117900099,243,237,6
117900100,478,3,475
117900101,516,2319,-1803
117900102,106,34,72
117900103,85,4,81
117900104,6,316,-310
117900105,93,199,-106
117900106,165,42,123
117900107,67,0,67
117900109,1007,404,603
117900110,133,0,133
117900111,534,46,488
117900112,89,16,73
117900113,1332,2023,-691
117900114,42,2,40
117900115,51,126,-75
117900116,830,699,131
117900117,903,205,698
117900118,202,3,199
117900119,305,79,226
117900120,336,17,319
117900121,126,134,-8
117900122,1079,5780,-4701
117900123,675,294,381
117900124,566,574,-8
117900125,1734,1708,26
117900126,178,403,-225
117900127,595,245,350
117900128,443,265,178
117900129,106,2,104
117900130,706,304,402
117900131,2,82,-80
117900132,13,106,-93
117900133,16,67,-51
117900134,85,250,-165
117900135,23,133,-110
117900136,0,23,-23
117900137,31,224,-193
117900138,0,23,-23
117900139,115,71,44
117900140,2717,353,2364
117900141,150,142,8
117900142,31,130,-99
117900144,35,482,-447
117900145,21,74,-53
117900146,93,204,-111
117900147,89,52,37
117900148,2254,2203,51
117900149,158,100,58
117900150,48,75,-27
117900151,48,44,4
117900152,59,110,-51
117900153,20,105,-85
117900154,520,471,49
117900156,653,606,47
117900157,61,490,-429
117900158,408,136,272
117900160,935,940,-5
117900161,1665,1374,291
117900162,720,379,341
117900163,19,282,-263
117900165,1,10,-9
117900166,98,550,-452
117900168,90,135,-45
117900169,2,74,-72
117900170,2,29,-27
117900171,2,28,-26
117900172,14,11,3
117900173,116,90,26
117900174,35,59,-24
117900175,8,24,-16
117900176,22,22,0
117900177,30,16,14
117900178,95,49,46
117900180,255,23,232
117900181,33,575,-542
117900182,2,56,-54
117900183,118,153,-35
117900184,30,63,-33
117900185,94,51,43
117900186,86,10,76
117900187,31,7,24
117900188,147,51,96
117900189,83,30,53
117900190,28,0,28
117900191,130,0,130
117900192,229,2,227
117900193,27,50,-23
117900194,14,11,3
117900195,32,90,-58
117900196,32,22,10
117900207,109,161,-52
117900208,36,25,11
117900209,202,151,51
117900210,133,156,-23
117900211,9,105,-96
117900212,148,108,40
117900213,33,6,27
117900214,10,31,-21
117900215,24,36,-12
117900216,8,27,-19
117900217,27,258,-231
117900218,42,59,-17
117900219,4,183,-179
117900220,33,157,-124
117900222,116,120,-4
117900223,64,225,-161
118000001,714,1268,-554
118000002,478,1401,-923
118000003,1924,3962,-2038
118000004,1416,2021,-605
118000005,2669,5383,-2714
118000006,2333,7381,-5048
118000007,4163,4987,-824
118000008,1544,3432,-1888
118000009,1493,2824,-1331
118000010,5679,3727,1952
118000011,1721,1645,76
118000012,927,1272,-345
118000013,2009,1622,387
118000014,1655,1241,414
118000016,320,212,108
118000017,718,452,266
118000018,382,382,0
118000019,1539,1899,-360
118000020,798,3468,-2670
118000021,511,3439,-2928
118000022,1173,1062,111
118000023,554,242,312
118000024,782,1732,-950
118000027,7420,12494,-5074
118000029,557,958,-401
118000032,341,3915,-3574
118000033,2558,6955,-4397
118000034,3410,2901,509
118000035,2191,3233,-1042
118000036,732,1226,-494
118000037,697,913,-216
118000038,272,104,168
118000039,81,118,-37
118000040,1632,1185,447
118000041,2618,1222,1396
118000045,280,226,54
118000046,867,1057,-190
118000047,613,1394,-781
118000048,1294,2147,-853
118000051,1986,4715,-2729
118000052,1478,2483,-1005
118000053,228,787,-559
118000054,1765,865,900
118000055,2008,1701,307
118000056,97,507,-410
118000057,175,398,-223
118000058,2162,3558,-1396
118000059,1633,2256,-623
118000060,1530,542,988
118000061,1362,1066,296
118000062,571,342,229
118000063,438,1063,-625
118000064,706,1404,-698
118000065,1829,1423,406
118000066,1084,2332,-1248
118000067,400,697,-297
118000068,1055,5709,-4654
118000069,1591,976,615
118000070,3626,1762,1864
118000071,2578,7018,-4440
118000072,734,1568,-834
118000073,645,873,-228
118000074,611,331,280
118000075,544,260,284
118000076,1244,3282,-2038
118000077,1018,1178,-160
118000078,1798,2821,-1023
118000079,220,516,-296
118000080,664,771,-107
118000081,1697,1461,236
118000082,244,1201,-957
118000083,1243,1661,-418
118000084,2431,2004,427
118000086,224,564,-340
118000087,3275,2379,896
118000088,1433,1431,2
118000089,3697,2479,1218
118000090,1095,2739,-1644
118000091,903,3334,-2431
118000092,825,512,313
118000093,73,667,-594
118000096,410,638,-228
118000097,712,659,53
118000098,272,198,74
118000099,943,580,363
118000101,1537,340,1197
118000102,533,788,-255
118000107,1157,395,762
118000108,561,3249,-2688
118000110,0,44,-44
118000111,1,74,-73
118000112,748,0,748
118000113,0,212,-212
118000114,593,5,588
118000115,7,12,-5
118000116,29,0,29
118000117,643,575,68
118000118,877,1267,-390
118000119,885,1224,-339
118000120,1213,950,263
118000121,46,561,-515
118000122,751,317,434
118000123,74,247,-173
118000125,1030,664,366
118000126,621,1724,-1103
118000127,1268,758,510
118000128,461,1112,-651
118000129,1122,540,582
118000130,1498,2240,-742
118000131,265,389,-124
118000132,3115,2446,669
118000133,1260,506,754
118000135,633,655,-22
118000136,145,371,-226
118000137,575,118,457
118000138,580,336,244
118000139,538,73,465
118000140,2808,6943,-4135
118000141,2696,1624,1072
118000142,2257,1476,781
118000143,3183,1237,1946
118000144,925,580,345
118000145,1730,1097,633
118000146,1641,563,1078
118000147,1134,998,136
118000148,589,1067,-478
118000149,1201,932,269
118000150,607,244,363
118000151,876,351,525
118000153,1914,1106,808
118000154,1609,1600,9
118000155,2437,1228,1209
118000156,2113,2812,-699
118000157,677,377,300
118000158,239,411,-172
118000159,45,125,-80
118000160,793,353,440
118000161,876,464,412
118000162,1937,927,1010
118000163,1131,909,222
118000164,2002,1386,616
118000168,683,1079,-396
118000169,834,766,68
118000170,2700,2667,33
118000171,461,390,71
118000172,82,200,-118
118000173,1050,1530,-480
118000175,301,449,-148
118000176,427,732,-305
118000177,340,815,-475
118000178,28,47,-19
118000179,1129,1614,-485
118000180,880,797,83
118000181,790,304,486
118000182,243,262,-19
118000183,273,358,-85
118000184,1282,678,604
118000185,1184,1800,-616
118000186,928,1597,-669
118000187,1980,500,1480
118000188,799,111,688
118000189,782,375,407
118000190,19,8,11
118000191,30,23,7
118000192,38,167,-129
118000193,25,303,-278
118000194,1102,703,399
118000195,279,1533,-1254
118000196,182,249,-67
118000197,56,156,-100
118000198,352,782,-430
118000199,259,437,-178
118000200,118,257,-139
118000201,315,536,-221
118000202,51,57,-6
118000203,293,842,-549
118000204,61,487,-426
118000205,104,296,-192
118000206,265,218,47
118000207,0,61,-61
118000208,1387,1413,-26
118000209,2510,1101,1409
118000210,179,16,163
118000211,51,39,12
118000213,763,3920,-3157
118000214,332,668,-336
118000215,452,73,379
118000216,3396,1419,1977
118000217,41,41,0
118000218,145,39,106
118000219,273,191,82
118000220,9,47,-38
118000221,381,352,29
118000222,72,7,65
118000223,64,48,16
118000224,133,53,80
118000225,88,526,-438
118000226,987,164,823
118000227,557,428,129
118000228,98,258,-160
118000229,88,149,-61
118000230,134,124,10
118000231,109,167,-58
118000232,1011,486,525
118000233,1386,696,690
118000234,579,145,434
118000236,474,193,281
118000237,89,205,-116
118000238,316,134,182
118000239,341,238,103
118000240,185,153,32
118000241,234,163,71
118000242,517,253,264
118000243,332,187,145
118000244,78,69,9
118000246,2,73,-71
118000255,31,254,-223
118000256,145,178,-33
118000259,18,95,-77
118000260,193,74,119
118000261,66,44,22
118000263,117,119,-2
118000266,143,204,-61
118000267,0,136,-136
118000268,197,3,194
118000270,109,15,94
118000271,184,187,-3
118000272,100,26,74
118000273,292,69,223
118000274,96,236,-140
118000276,687,298,389
118000295,20,137,-117
118000298,179,196,-17
118000299,40,93,-53
118000301,1,81,-80
118000302,131,43,88
118000311,928,72,856
118000312,491,132,359
118000313,98,104,-6
118000314,169,32,137
118000315,57,30,27
118000316,908,380,528
118000325,80,27,53
118000326,85,30,55
118000331,59,38,21
118000332,14,19,-5
118000333,43,37,6
118000335,457,2,455
118000336,0,87,-87
118000407,303,35,268
118000457,6,25,-19
118000465,889,3909,-3020
118000480,46,30,16
118000489,11,569,-558
118000490,16,129,-113
118000492,359,168,191
118000510,41,18,23
118000514,67,383,-316
118000515,742,802,-60
118000517,342,128,214
118000524,173,412,-239
118000525,606,687,-81
118000530,44,84,-40
118000531,482,260,222
118000532,303,224,79
118000533,265,95,170
118000534,674,331,343
118000535,383,135,248
118000536,159,1291,-1132
118000537,26,160,-134
118000538,38,112,-74
118000539,37,151,-114
118000540,230,169,61
118000541,168,87,81
118000542,135,165,-30
118000543,237,240,-3
118000546,80,28,52
118000560,1309,2784,-1475
118000562,30,80,-50
118000563,1148,948,200
118000576,147,87,60
118000577,147,161,-14
118000578,102,80,22
118000579,529,1337,-808
118000595,234,87,147
118000596,0,205,-205
118000597,114,87,27
118000598,25,0,25
118000599,113,48,65
118000600,0,21,-21
118000601,17,0,17
118000602,0,20,-20
118000603,0,14,-14
118900001,349,1125,-776
118900002,650,1053,-403
118900003,624,12,612
118900004,60,47,13
118900005,75,8,67
118900006,149,7,142
118900007,25,4,21
118900008,1186,94,1092
118900009,125,85,40
118900010,87,9,78
118900011,181,30,151
118900012,507,162,345
118900013,542,309,233
118900015,331,52,279
118900016,34,6,28
118900017,92,307,-215
118900018,962,48,914
118900019,23,22,1
118900020,86,190,-104
118900021,191,314,-123
118900022,146,92,54
118900023,133,88,45
118900024,139,139,0
118900025,58,15,43
118900026,69,64,5
118900027,344,123,221
118900028,203,151,52
118900029,332,442,-110
118900030,662,29,633
118900031,202,78,124
118900032,302,108,194
118900033,366,555,-189
118900034,221,32,189
118900035,112,84,28
118900036,1394,698,696
118900037,383,400,-17
118900038,584,102,482
118900039,684,134,550
118900040,271,175,96
118900041,689,139,550
118900042,249,103,146
118900045,345,146,199
118900046,734,496,238
118900047,349,274,75
118900048,59,299,-240
118900049,74,48,26
118900050,93,14,79
118900051,63,101,-38
118900052,316,337,-21
118900053,32,70,-38
118900054,144,35,109
118900055,173,51,122
118900056,44,362,-318
118900057,1056,512,544
118900058,457,317,140
118900059,17,90,-73
118900060,35,89,-54
118900062,400,135,265
118900064,171,689,-518
118900065,66,124,-58
118900066,75,86,-11
118900067,2299,4967,-2668
118900068,10,222,-212
118900069,564,196,368
118900071,9,35,-26
118900072,429,328,101
118900073,237,113,124
118900074,180,51,129
118900075,93,29,64
118900076,202,177,25
118900077,393,192,201
118900078,9,3,6
118900079,64,83,-19
118900080,30,77,-47
118900081,35,31,4
118900082,1448,152,1296
118900083,44,10,34
118900084,7,12,-5
118900085,764,445,319
118900086,36,137,-101
118900087,50,359,-309
118900088,0,2,-2
118900089,18,51,-33
118900090,828,213,615
118900091,190,235,-45
118900092,343,72,271
118900093,85,19,66
118900096,69,13,56
118900097,320,457,-137
118900099,125,246,-121
118900100,79,124,-45
118900101,274,286,-12
118900102,52,57,-5
118900103,79,172,-93
118900104,78,15,63
118900105,281,123,158
118900107,146,77,69
118900108,149,143,6
118900110,951,1041,-90
118900111,682,313,369
118900112,110,132,-22
118900113,74,194,-120
118900114,17,73,-56
118900115,134,362,-228
118900116,148,203,-55
118900117,108,152,-44
118900118,315,259,56
118900119,133,198,-65
118900120,84,307,-223
118900121,30,101,-71
118900122,17,1368,-1351
118900123,115,200,-85
118900124,119,106,13
118900126,25,513,-488
118900129,227,245,-18
118900130,45,170,-125
118900131,211,173,38
118900132,349,264,85
118900133,14,93,-79
118900135,253,170,83
118900136,229,337,-108
118900137,8,58,-50
118900139,203,130,73
118900140,574,471,103
118900141,77,82,-5
118900144,135,222,-87
118900145,7,71,-64
118900146,462,704,-242
118900147,108,190,-82
118900148,122,38,84
118900150,136,491,-355
118900152,659,517,142
118900157,54,195,-141
118900158,217,30,187
118900159,1,94,-93
118900161,65,13,52
118900163,70,64,6
118900164,4,43,-39
118900165,100,69,31
118900166,53,3,50
118900167,128,61,67
118900168,22,251,-229
118900169,181,101,80
118900170,332,46,286
118900171,49,29,20
118900174,59,55,4
118900175,655,455,200
118900176,252,281,-29
118900177,116,43,73
118900178,92,188,-96
118900179,18,40,-22
118900181,114,110,4
118900182,103,93,10
118900183,70,140,-70
118900184,271,102,169
118900185,122,70,52
118900186,120,87,33
118900187,285,256,29
118900188,347,252,95
118900189,69,1007,-938
118900190,21,131,-110
118900191,264,41,223
118900192,300,14,286
118900193,841,4,837
118900195,224,361,-137
118900196,40,141,-101
118900197,230,23,207
118900198,35,2,33
118900199,151,12,139
118900200,41,48,-7
118900201,33,64,-31
118900202,12,32,-20
118900203,25,7,18
118900204,24,15,9
118900205,2,8,-6
118900206,6,16,-10
119000001,1542,2660,-1118
119000002,4302,5188,-886
119000003,3743,704,3039
119000004,2547,1426,1121
119000005,2071,2195,-124
119000006,3471,1683,1788
119000007,4101,3472,629
119000008,2107,1364,743
119000009,3609,6045,-2436
119000010,4568,3994,574
119000011,2762,2814,-52
119000012,1449,3225,-1776
119000013,3302,2080,1222
119000014,1370,2254,-884
119000019,283,196,87
119000020,3132,1479,1653
119000021,6010,3244,2766
119000022,1518,3919,-2401
119000023,256,202,54
119000024,1929,15387,-13458
119000025,3687,1026,2661
119000026,56,593,-537
119000027,221,347,-126
119000028,1487,516,971
119000029,80,331,-251
119000030,615,804,-189
119000031,928,520,408
119000032,4571,2298,2273
119000033,2364,1110,1254
119000034,1204,742,462
119000035,44,267,-223
119000036,2665,597,2068
119000037,1626,978,648
119000038,214,427,-213
119000039,494,411,83
119000040,917,939,-22
119000041,786,1305,-519
119000048,2288,1721,567
119000049,2294,1414,880
119000050,1430,1229,201
119000051,2106,956,1150
119000052,1717,2268,-551
119000053,2011,1050,961
119000054,3712,1752,1960
119000055,5854,2311,3543
119000056,3630,1880,1750
119000057,1838,1121,717
119000058,1717,1133,584
119000059,1289,1048,241
119000060,1796,976,820
119000061,1459,595,864
119000062,1194,1145,49
119000063,845,488,357
119000064,894,1186,-292
119000065,1809,4091,-2282
119000066,2668,1396,1272
119000067,2215,1638,577
119000068,2034,871,1163
119000069,1892,2029,-137
119000070,3303,708,2595
119000071,537,621,-84
119000072,4514,4000,514
119000073,4307,8865,-4558
119000074,1607,1505,102
119000075,4103,2033,2070
119000076,301,2206,-1905
119000077,700,1182,-482
119000078,447,337,110
119000079,167,1198,-1031
119000080,649,217,432
119000081,378,1095,-717
119000082,1051,279,772
119000083,821,361,460
119000084,348,551,-203
119000085,1176,177,999
119000086,304,492,-188
119000087,1027,542,485
119000088,385,179,206
119000089,80,221,-141
119000090,165,80,85
119000091,100,406,-306
119000092,482,167,315
119000093,3504,1986,1518
119000094,4021,4650,-629
119000095,2476,2633,-157
119000097,1685,1017,668
119000098,1194,3526,-2332
119000099,2234,1111,1123
119000100,5132,3355,1777
119000101,4588,2328,2260
119000102,725,1613,-888
119000103,1394,891,503
119000104,1519,944,575
119000105,1077,2625,-1548
119000106,360,647,-287
119000107,1324,556,768
119000108,412,485,-73
119000109,179,1731,-1552
119000110,432,1969,-1537
119000111,50,1023,-973
119000112,148,434,-286
119000113,1532,532,1000
119000114,1413,1286,127
119000115,207,145,62
119000116,107,163,-56
119000117,197,394,-197
119000118,3,1,2
119000123,3546,2786,760
119000124,884,123,761
119000125,5456,598,4858
119000126,1080,350,730
119000127,819,338,481
119000128,23,3,20
119000131,1179,317,862
119000132,10,0,10
119000133,1,25,-24
119000134,1210,486,724
119000135,266,305,-39
119000136,425,76,349
119000137,442,161,281
119000138,713,133,580
119000139,393,110,283
119000140,415,360,55
119000284,1031,2055,-1024
119000285,1797,1614,183
119000286,4534,3483,1051
119000287,1163,1370,-207
119000288,1997,799,1198
119000289,1237,1799,-562
119000290,256,255,1
119000291,22,157,-135
119000293,165,197,-32
119000294,71,21,50
119000295,1041,250,791
119000296,282,186,96
119000302,1473,1149,324
119000303,36,174,-138
119000314,1344,12171,-10827
119000315,4,151,-147
119000316,190,55,135
119000317,187,129,58
119900001,211,1372,-1161
119900002,186,161,25
119900003,31,433,-402
119900004,199,2054,-1855
119900005,313,69,244
119900006,291,459,-168
119900007,1002,331,671
119900008,136,40,96
119900009,625,452,173
119900010,1149,2280,-1131
119900011,28,207,-179
119900012,22,148,-126
119900013,2467,2177,290
119900014,457,462,-5
119900015,176,69,107
119900016,60,55,5
119900017,57,42,15
119900018,1400,1317,83
119900019,81,13,68
119900020,199,192,7
119900021,219,79,140
119900022,102,1282,-1180
119900023,354,2488,-2134
119900025,361,33,328
119900026,522,178,344
119900027,24,14,10
119900028,214,181,33
119900029,2,6,-4
119900030,632,326,306
119900031,108,651,-543
119900033,2395,478,1917
119900034,750,81,669
119900037,226,23,203
119900038,62,464,-402
119900039,36,14,22
119900040,96,17,79
119900041,258,14,244
119900042,82,92,-10
119900043,146,167,-21
119900044,174,1366,-1192
119900046,260,38,222
119900047,491,124,367
119900048,58,14,44
119900049,237,6,231
119900050,190,206,-16
119900051,783,15,768
119900052,122,16,106
119900053,308,111,197
119900054,326,12,314
119900055,1678,548,1130
119900057,430,44,386
119900058,451,15,436
119900059,92,63,29
119900060,419,54,365
119900062,159,20,139
119900063,12,59,-47
119900064,858,82,776
119900065,299,5,294
119900066,0,1,-1
119900067,89,21,68
119900068,723,4,719
119900069,166,34,132
119900070,1418,14,1404
119900071,1196,41,1155
119900073,1199,452,747
119900074,21,28,-7
119900075,2012,2268,-256
119900076,813,221,592
119900077,1363,460,903
119900078,758,616,142
119900079,481,109,372
119900080,2161,826,1335
119900081,272,31,241
119900082,2476,239,2237
119900083,361,112,249
119900084,507,315,192
119900085,30,27,3
119900086,19,73,-54
119900087,667,501,166
119900088,28,30,-2
119900089,96,253,-157
119900090,103,33,70
119900091,128,328,-200
119900092,67,317,-250
119900093,1470,241,1229
119900094,28,170,-142
119900095,185,111,74
119900096,29,104,-75
119900097,375,183,192
119900098,37,46,-9
119900099,41,124,-83
119900100,991,2886,-1895
119900101,149,1859,-1710
119900102,59,97,-38
119900103,55,155,-100
119900104,66,143,-77
119900105,988,9937,-8949
119900106,21,97,-76
119900107,192,1226,-1034
119900108,7241,667,6574
119900109,34,126,-92
119900110,1042,337,705
119900111,251,151,100
119900112,738,656,82
119900113,57,235,-178
119900114,366,595,-229
119900115,629,524,105
119900116,152,413,-261
119900117,454,409,45
119900118,178,400,-222
119900119,320,147,173
119900120,647,593,54
119900121,574,454,120
119900122,226,226,0
119900123,219,397,-178
119900124,310,403,-93
119900125,45,240,-195
119900126,4330,283,4047
119900127,1233,712,521
119900128,577,369,208
119900129,340,197,143
119900130,7,193,-186
119900131,50,112,-62
119900132,2,103,-101
119900133,100,62,38
119900134,749,147,602
119900135,0,195,-195
119900136,147,271,-124
119900138,225,374,-149
119900139,29,107,-78
119900140,4,93,-89
119900141,58,823,-765
119900142,24,42,-18
119900143,20,349,-329
119900144,1132,236,896
119900145,83,119,-36
119900146,205,150,55
119900147,6,165,-159
119900148,394,80,314
119900149,571,5845,-5274
119900150,111,93,18
119900151,1896,922,974
119900152,225,143,82
119900153,291,43,248
119900154,65,115,-50
119900155,55,33,22
119900156,18,12,6
119900157,247,146,101
119900158,343,48,295
119900159,13,485,-472
119900160,27,68,-41
119900161,133,74,59
119900162,1229,1383,-154
119900163,73,138,-65
119900164,0,3,-3
119900165,183,66,117
119900166,122,62,60
119900167,31,57,-26
119900168,1272,535,737
119900169,29,301,-272
119900170,167,271,-104
119900171,810,294,516
119900172,135,34,101
119900173,12,182,-170
119900174,1,75,-74
119900175,1920,576,1344
119900177,12,125,-113
119900178,5,87,-82
119900179,178,1006,-828
119900180,1276,1012,264
119900181,33,149,-116
119900182,40,181,-141
119900183,120,549,-429
119900184,922,394,528
119900185,81,304,-223
119900186,28,1609,-1581
119900187,20,174,-154
119900188,157,247,-90
119900189,317,384,-67
119900190,93,407,-314
119900191,244,347,-103
119900192,102,133,-31
119900193,598,109,489
119900194,54,104,-50
119900195,33,127,-94
119900196,433,213,220
119900197,316,195,121
119900198,149,212,-63
119900199,161,33,128
119900200,635,568,67
119900201,240,236,4
119900202,76,283,-207
119900203,228,593,-365
119900204,409,206,203
119900205,1138,236,902
119900206,392,119,273
119900208,177,206,-29
119900209,705,1956,-1251
119900210,54,18,36
119900211,85,7,78
119900212,415,257,158
119900213,9,82,-73
119900214,64,36,28
119900215,35,32,3
119900216,25,35,-10
119900217,10,38,-28
119900218,15,60,-45
119900219,19,44,-25
119900220,13,38,-25
119900221,52,109,-57
119900222,19,89,-70
119900223,13,42,-29
119900224,15,19,-4
119900225,432,27,405
119900226,284,1984,-1700
119900227,436,319,117
119900228,76,238,-162
119900229,239,371,-132
119900230,1017,309,708
119900231,395,93,302
119900232,249,180,69
119900233,92,8,84
119900234,24,156,-132
119900235,22,41,-19
119900236,20,140,-120
119900237,55,588,-533
119900238,6,51,-45
119900240,156,86,70
119900241,167,148,19
119900242,1243,1427,-184
119900244,741,1157,-416
119900245,137,200,-63
119900246,301,620,-319
119900247,40,148,-108
119900248,101,409,-308
119900249,391,150,241
119900253,1065,448,617
119900254,106,1170,-1064
119900255,164,906,-742
119900256,1184,418,766
119900257,164,12,152
119900258,415,26,389
119900259,9,55,-46
119900260,238,13,225
119900261,461,143,318
119900262,1,119,-118
119900263,1174,290,884
119900264,224,79,145
119900265,1031,314,717
119900266,625,175,450
119900267,264,316,-52
119900268,131,73,58
119900269,1738,679,1059
119900271,61,80,-19
119900272,394,433,-39
119900275,202,54,148
119900276,56,9,47
119900277,12,12,0
119900278,224,108,116
119900279,112,301,-189
119900280,447,98,349
119900281,4,335,-331
119900282,59,178,-119
119900283,37,128,-91
119900284,60,141,-81
119900285,110,236,-126
119900286,7,33,-26
119900288,4,7,-3
119900289,2,21,-19
119900290,11,18,-7
119900291,3,72,-69
119900292,44,83,-39
119900293,37,73,-36
119900294,23,52,-29
119900295,22,10,12
119900296,164,105,59
119900297,0,30,-30
119900298,8,43,-35
119900299,32,76,-44
119900300,282,156,126
119900301,51,128,-77
119900302,96,131,-35
119900303,346,91,255
119900304,265,21,244
119900305,7,75,-68
119900306,23,5,18
119900307,91,42,49
119900308,17,18,-1
119900309,82,198,-116
119900310,308,271,37
119900311,141,41,100
119900312,131,83,48
119900313,300,245,55
119900314,279,386,-107
119900315,2747,1078,1669
119900318,24,73,-49
119900319,185,132,53
119900320,260,334,-74
119900321,124,5,119
119900322,1,6,-5
119900323,1,3,-2
119900324,0,0,0
119900325,0,16,-16
120000001,7324,21572,-14248
120000002,2613,2046,567
120000003,2479,1385,1094
120000004,2289,1234,1055
120000005,2365,1524,841
120000006,1001,909,92
120000007,2631,3564,-933
120000008,902,1066,-164
120000009,1719,930,789
120000010,1914,2077,-163
120000011,964,1167,-203
120000012,1567,1880,-313
120000013,3616,2580,1036
120000014,764,1247,-483
120000015,2558,1409,1149
120000016,4310,2116,2194
120000017,3670,3154,516
120000018,3289,15058,-11769
120000019,1226,1557,-331
120000020,2827,3903,-1076
120000021,1993,2333,-340
120000022,2679,3854,-1175
120000023,1346,1705,-359
120000024,1214,2470,-1256
120000025,2984,1720,1264
120000026,3034,1611,1423
120000027,2632,2141,491
120000028,1183,4382,-3199
120000029,1296,3743,-2447
120000030,168,805,-637
120000031,2240,5339,-3099
120000032,5559,3383,2176
120000033,4932,1546,3386
120000034,3076,1259,1817
120000035,3189,1856,1333
120000036,3949,5531,-1582
120000037,638,1746,-1108
120000038,4524,3639,885
120000039,790,815,-25
120000040,74,925,-851
120000041,726,1318,-592
120000042,2093,1350,743
120000043,5216,1127,4089
120000044,6773,1588,5185
120000045,8192,979,7213
120000046,4808,3061,1747
120000047,652,7183,-6531
120000048,6614,4249,2365
120000049,3892,2946,946
120000050,3820,3465,355
120000051,2433,3948,-1515
120000052,6956,1585,5371
120000053,1593,1381,212
120000054,1600,2536,-936
120000055,1839,3284,-1445
120000056,4965,3523,1442
120000057,4548,1924,2624
120000058,1699,3878,-2179
120000059,22,1863,-1841
120000061,94,345,-251
120000062,147,296,-149
120000063,962,1882,-920
120000064,252,735,-483
120000065,557,1034,-477
120000066,209,527,-318
120000067,47,557,-510
120000068,219,402,-183
120000069,596,404,192
120000070,125,393,-268
120000071,912,68,844
120000072,1238,380,858
120000073,1199,115,1084
120000074,184,202,-18
120000075,1268,397,871
120000076,2871,444,2427
120000077,2745,710,2035
120000078,3561,1363,2198
120000079,410,231,179
120000080,163,243,-80
120000081,366,155,211
120000082,369,248,121
120000083,83,819,-736
120000084,428,346,82
120000085,295,353,-58
120000086,215,297,-82
120000087,240,285,-45
120000088,917,986,-69
120000089,1382,568,814
120000090,882,378,504
120000091,1385,721,664
120000092,1611,540,1071
120000093,817,531,286
120000094,274,964,-690
120000095,1129,310,819
120000096,355,506,-151
120000098,1092,551,541
120000099,475,592,-117
120000100,930,689,241
120000101,843,387,456
120000102,759,1104,-345
120000103,1865,1072,793
120000104,2481,528,1953
120000105,3916,630,3286
120000106,3256,671,2585
120000107,5570,604,4966
120000108,1904,127,1777
120000109,1550,104,1446
120000110,59,816,-757
120000111,147,728,-581
120000112,746,1603,-857
120000113,539,1255,-716
120000114,806,1536,-730
120000115,369,1307,-938
120000116,639,1354,-715
120000117,727,1079,-352
120000118,34,62,-28
120000119,20,55,-35
120000120,114,111,3
120000121,22,45,-23
120000122,215,580,-365
120000123,2738,9033,-6295
120000124,445,352,93
120000125,888,483,405
120000126,313,1057,-744
120000127,1467,1490,-23
120000128,2259,4705,-2446
120000129,213,242,-29
120000130,772,493,279
120000131,507,582,-75
120000134,383,441,-58
120000135,1111,617,494
120000137,317,451,-134
120000138,1967,227,1740
120000139,441,257,184
120000140,1554,271,1283
120000141,382,234,148
120000142,852,463,389
120000143,1,62,-61
120000144,212,17,195
120000145,662,2,660
120000146,676,969,-293
120000149,653,671,-18
120000150,2168,12014,-9846
120000151,519,390,129
120000152,1070,147,923
120000153,554,447,107
120000154,552,526,26
120000155,198,275,-77
120000156,470,1696,-1226
120000157,1164,504,660
120000158,949,626,323
120000159,1823,1990,-167
120000160,2407,1891,516
120000161,3096,2061,1035
120000162,71,273,-202
120000163,1106,517,589
120000164,839,231,608
120000165,781,442,339
120000166,1680,289,1391
120000167,484,391,93
120000168,24,1135,-1111
120000169,59,3270,-3211
120000170,31,2633,-2602
120000171,18,1028,-1010
120000172,13,701,-688
120000173,840,3191,-2351
120000174,117,95,22
120000175,98,74,24
120000176,80,69,11
120000177,815,136,679
120000178,52,16,36
120000179,102,56,46
120000180,243,98,145
120000181,122,2242,-2120
120000182,71,1049,-978
120000183,11,730,-719
120000184,244,2056,-1812
120000186,38,1762,-1724
120000187,17,582,-565
120000188,29,1042,-1013
120000190,251,112,139
120000191,323,115,208
120000192,283,36,247
120000193,114,8,106
120000195,27,2,25
120000196,100,23,77
120000197,32,43,-11
120000198,369,42,327
120000199,203,3,200
120000200,278,2,276
120000201,19,50,-31
120000202,0,64,-64
120000203,124,158,-34
120000207,1,39,-38
120000208,11,146,-135
120000209,10,44,-34
120000210,46,56,-10
120000211,276,6,270
120000212,328,3,325
120000213,310,91,219
120000214,2,129,-127
120000215,4,96,-92
120000216,255,62,193
120000217,368,891,-523
120000218,70,550,-480
120000219,2,308,-306
120000220,5,769,-764
120000225,2860,10,2850
120000226,645,6,639
120000227,1097,112,985
120000228,14927,4210,10717
120000230,679,39,640
120000231,2083,1231,852
120000233,548,7,541
120000235,359,448,-89
120000236,1455,3,1452
120000237,1,682,-681
120000238,10,1676,-1666
120000241,1407,3943,-2536
120000412,318,8,310
120000413,376,113,263
120000414,256,0,256
120000415,3,16,-13
120000416,152,3,149
120000417,8,66,-58
120000418,316,23,293
120000419,10,92,-82
120000420,23,14,9
120000421,6673,4704,1969
120000422,75,1801,-1726
120000423,2,100,-98
120000424,206,110,96
120000436,113,856,-743
120000437,92,139,-47
120000438,1583,234,1349
120000439,274,644,-370
120000443,215,0,215
120000444,1849,293,1556
120000445,2012,1070,942
120000446,827,177,650
120000447,284,3,281
120000449,270,2,268
120000450,4,89,-85
120000451,150,254,-104
120000452,478,4,474
120000453,0,112,-112
120000454,53,66,-13
120000455,83,29,54
120000456,3321,4552,-1231
120000457,629,397,232
120000458,489,518,-29
120000459,179,99,80
120000665,494,393,101
120000668,172,3025,-2853
120000669,158,131,27
120000670,130,3024,-2894
120000671,2014,629,1385
120000672,95,469,-374
120900001,109,134,-25
120900002,163,660,-497
120900003,272,29,243
120900004,20,183,-163
120900005,98,349,-251
120900006,667,223,444
120900007,286,73,213
120900008,611,709,-98
120900009,227,23,204
120900010,747,233,514
120900011,152,239,-87
120900012,108,1411,-1303
120900013,480,185,295
120900014,2,276,-274
120900015,1063,115,948
120900016,1552,70,1482
120900017,1828,159,1669
120900018,276,244,32
120900019,715,546,169
120900020,735,1583,-848
120900021,1145,303,842
120900022,28,179,-151
120900023,435,36,399
120900024,1906,484,1422
120900025,1213,941,272
120900026,187,117,70
120900027,893,17,876
120900028,646,189,457
120900029,74,857,-783
120900030,2131,903,1228
120900031,416,178,238
120900032,1781,110,1671
120900033,1502,132,1370
120900034,31,2873,-2842
120900035,108,144,-36
120900037,387,17,370
120900038,114,551,-437
120900039,154,89,65
120900040,574,6,568
120900041,68,49,19
120900042,931,36,895
120900043,79,75,4
120900044,51,400,-349
120900045,142,88,54
120900046,762,11,751
120900047,237,182,55
120900048,231,72,159
120900049,804,2,802
120900050,1144,2339,-1195
120900051,541,47,494
120900052,1038,7,1031
120900053,564,29,535
120900054,1260,414,846
120900055,644,8,636
120900056,829,67,762
120900057,315,31,284
120900058,897,5,892
120900059,205,6,199
120900060,128,26,102
120900061,244,172,72
120900062,292,2,290
120900063,1063,12,1051
120900064,1040,4,1036
120900065,921,12,909
120900066,658,229,429
120900067,251,94,157
120900068,544,1,543
120900069,497,17,480
120900071,73,0,73
120900072,1283,11,1272
120900073,907,66,841
120900074,1364,38,1326
120900076,581,1,580
120900077,1636,192,1444
120900078,1254,413,841
120900079,1365,105,1260
120900080,1288,690,598
120900081,1421,504,917
120900082,352,561,-209
120900083,150,7,143
120900084,690,686,4
120900085,52,105,-53
120900086,67,544,-477
120900087,678,410,268
120900088,292,796,-504
120900089,1804,3756,-1952
120900090,319,19,300
120900091,634,1109,-475
120900092,579,279,300
120900093,1039,133,906
120900094,348,227,121
120900095,407,23,384
120900096,112,230,-118
120900097,661,402,259
120900098,155,137,18
120900099,75,82,-7
120900100,51,178,-127
120900101,368,200,168
120900102,52,59,-7
120900103,87,290,-203
120900104,9,95,-86
120900105,30,239,-209
120900106,693,298,395
120900107,157,154,3
120900108,13,286,-273
120900109,45,366,-321
120900110,11,268,-257
120900111,178,235,-57
120900112,36,290,-254
120900113,19,364,-345
120900114,63,85,-22
120900115,148,244,-96
120900116,707,208,499
120900117,9,163,-154
120900118,34,323,-289
120900119,12114,3163,8951
120900120,62,258,-196
120900121,37,316,-279
120900122,1045,202,843
120900123,10,118,-108
120900124,1,265,-264
120900125,4,420,-416
120900126,1126,639,487
120900127,10,198,-188
120900128,703,1048,-345
120900129,53,232,-179
120900130,15,340,-325
120900131,160,111,49
120900132,1472,191,1281
120900133,67,371,-304
120900134,387,340,47
120900135,6,283,-277
120900136,55,139,-84
120900137,379,75,304
120900138,12,169,-157
120900139,5,438,-433
120900140,9,139,-130
120900141,338,213,125
120900142,10,170,-160
120900143,2,472,-470
120900144,0,95,-95
120900145,267,452,-185
120900146,1,433,-432
120900147,3,440,-437
120900148,167,108,59
120900149,0,99,-99
120900150,76,274,-198
120900151,1,289,-288
120900152,11,14,-3
120900153,3,2,1
120900154,0,138,-138
120900155,299,527,-228
120900156,72,215,-143
120900157,4,7,-3
120900158,115,286,-171
120900159,4,58,-54
120900160,55,522,-467
120900161,117,388,-271
120900162,88,724,-636
120900163,224,2181,-1957
120900164,1,162,-161
120900165,30,947,-917
120900166,73,877,-804
120900167,262,109,153
120900169,140,165,-25
120900170,487,4180,-3693
120900171,469,145,324
120900172,342,3426,-3084
120900173,2,50,-48
120900174,13,132,-119
120900175,155,144,11
120900176,8,418,-410
120900177,5,1778,-1773
120900178,0,848,-848
120900179,552,378,174
120900180,65,233,-168
120900181,97,39,58
120900182,45,123,-78
120900183,760,71,689
120900184,298,93,205
120900185,663,1563,-900
120900186,0,172,-172
120900187,682,974,-292
120900188,328,4,324
120900189,71,2501,-2430
120900190,148,11,137
120900191,36,12,24
120900192,4904,12244,-7340
120900194,64,113,-49
120900195,78,202,-124
120900196,678,27,651
120900197,966,277,689
120900198,242,373,-131
120900199,519,1216,-697
120900200,46,133,-87
120900201,243,162,81
120900202,1,89,-88
120900203,32,99,-67
120900204,68,227,-159
120900205,83,33,50
120900206,36,26,10
121000001,654,1054,-400
121000002,2442,1674,768
121000003,2785,1692,1093
121000004,2488,3598,-1110
121000005,1421,2399,-978
121000006,2951,2730,221
121000007,2189,4274,-2085
121000008,4662,5247,-585
121000009,3474,6138,-2664
121000010,6625,6873,-248
121000011,5678,10165,-4487
121000012,12344,9093,3251
121000013,4950,6201,-1251
121000014,5740,4861,879
121000015,3975,7198,-3223
121000016,3811,3628,183
121000017,2327,2741,-414
121000018,3376,1698,1678
121000019,9521,9544,-23
121000020,9951,17817,-7866
121000021,2098,1949,149
121000022,2841,3918,-1077
121000023,2493,1547,946
121000024,4473,5110,-637
121000025,425,1506,-1081
121000026,348,188,160
121000027,1260,1163,97
121000028,1046,551,495
121000029,955,701,254
121000030,770,583,187
121000031,521,612,-91
121000032,172,151,21
121000034,378,301,77
121000035,133,169,-36
121000036,946,882,64
121000037,551,871,-320
121000038,349,997,-648
121000039,237,360,-123
121000041,594,490,104
121000042,289,381,-92
121000043,537,694,-157
121000044,1178,1076,102
121000045,524,262,262
121000046,895,921,-26
121000047,36,119,-83
121000049,985,663,322
121000050,274,1796,-1522
121000051,647,277,370
121000052,429,920,-491
121000053,413,167,246
121000054,54,422,-368
121000055,903,1536,-633
121000056,860,1115,-255
121000057,419,576,-157
121000058,315,251,64
121000059,2921,1324,1597
121000060,628,1225,-597
121000061,73,516,-443
121000062,160,477,-317
121000063,859,1088,-229
121000064,928,1201,-273
121000065,224,526,-302
121000066,516,737,-221
121000067,397,714,-317
121000068,569,414,155
121000069,191,1154,-963
121000070,1401,1164,237
121000071,1703,1646,57
121000072,935,740,195
121000073,1088,1335,-247
121000074,63,176,-113
121000075,17,390,-373
121000076,344,376,-32
121000077,185,228,-43
121000078,63,195,-132
121000080,1697,643,1054
121000081,4540,3761,779
121000082,75,284,-209
121000083,108,151,-43
121000084,245,189,56
121000085,233,410,-177
121000086,674,679,-5
121000087,106,279,-173
121000088,583,433,150
121000089,236,524,-288
121000090,264,408,-144
121000091,880,790,90
121000092,261,56,205
121000093,249,181,68
121000094,467,841,-374
121000095,319,867,-548
121000096,3327,2294,1033
121000097,571,2435,-1864
121000098,782,499,283
121000099,758,511,247
121000100,1097,176,921
121000101,477,219,258
121000102,400,110,290
121000103,294,135,159
121000104,385,89,296
121000105,624,106,518
121000106,497,193,304
121000107,1972,2584,-612
121000109,1061,831,230
121000110,219,667,-448
121000114,3434,2284,1150
121000115,1923,777,1146
121000116,332,1008,-676
121000117,404,229,175
121000118,2213,240,1973
121000119,310,372,-62
121000120,348,309,39
121000121,610,1304,-694
121000123,1205,642,563
121000126,95,415,-320
121000127,141,129,12
121000128,1216,241,975
121000129,1107,478,629
121000130,849,526,323
121000131,1261,1494,-233
121000132,861,1417,-556
121000135,384,774,-390
121000136,966,1426,-460
121000137,520,441,79
121000138,839,1924,-1085
121000139,422,826,-404
121000141,210,211,-1
121000142,559,818,-259
121000143,138,35,103
121000144,552,1612,-1060
121000145,612,744,-132
121000146,1475,1134,341
121000147,1161,518,643
121000148,798,808,-10
121000149,2330,1595,735
121000152,372,343,29
121000153,1477,449,1028
121000154,1310,586,724
121000155,2069,1129,940
121000156,363,1022,-659
121000157,763,1285,-522
121000158,304,411,-107
121000159,247,347,-100
121000160,391,324,67
121000161,317,332,-15
121000162,187,111,76
121000165,1106,2142,-1036
121000166,24,484,-460
121000168,626,278,348
121000169,106,172,-66
121000170,347,71,276
121000171,76,180,-104
121000172,992,644,348
121000173,1559,1428,131
121000174,463,527,-64
121000175,1476,447,1029
121000176,464,336,128
121000177,749,454,295
121000178,53,55,-2
121000179,33,55,-22
121000181,486,394,92
121000182,191,353,-162
121000183,104,130,-26
121000184,49,233,-184
121000185,31,307,-276
121000186,303,768,-465
121000187,246,123,123
121000188,246,86,160
121000192,1030,396,634
121000193,778,452,326
121000194,1731,1959,-228
121000195,215,1021,-806
121000196,618,233,385
121000197,242,1056,-814
121000198,188,258,-70
121000199,137,278,-141
121000200,842,193,649
121000201,9,210,-201
121000202,836,223,613
121000203,1027,1535,-508
121000204,3684,864,2820
121000205,100,287,-187
121000206,119,115,4
121000207,2248,952,1296
121000208,6,317,-311
121000209,692,87,605
121000210,780,256,524
121000211,550,233,317
121000212,734,369,365
121000213,12439,2923,9516
121000214,794,2036,-1242
121000215,898,1365,-467
121000216,561,597,-36
121000217,3408,2880,528
121000218,329,1526,-1197
121000219,1617,582,1035
121000220,126,78,48
121000221,131,391,-260
121000222,2443,2332,111
121000223,182,761,-579
121000224,99,431,-332
121000225,607,2298,-1691
121000226,1215,1404,-189
121000227,9,159,-150
121000228,27,622,-595
121000229,384,655,-271
121000230,44,1472,-1428
121000231,1451,29,1422
121000232,470,341,129
121000233,565,283,282
121000234,38,63,-25
121000235,64,78,-14
121000236,11,87,-76
121000237,24,29,-5
121000238,17,135,-118
121000239,92,27,65
121000240,16,183,-167
121000241,96,19,77
121000242,149,631,-482
121000243,271,73,198
121000244,20,138,-118
121000245,72,26,46
121000246,2,177,-175
121000247,160,13,147
121000248,472,1983,-1511
121000249,62,310,-248
121000250,618,341,277
121000251,13,258,-245
121000252,142,103,39
121000253,343,247,96
121000254,736,133,603
121000255,151,253,-102
121000256,315,179,136
121000257,50,161,-111
121000258,95,107,-12
121000259,41,82,-41
121000260,52,66,-14
121000261,60,153,-93
121000262,939,522,417
121000263,469,354,115
121000271,553,1594,-1041
121000273,15,13,2
121000274,13,68,-55
121000275,15,12,3
121000276,10,30,-20
121000278,52,37,15
121000279,37,49,-12
121000280,43,49,-6
121000289,354,30,324
121000290,1040,1099,-59
121000294,332,65,267
121000297,499,1176,-677
121000299,70,657,-587
121000300,914,635,279
121000302,16,758,-742
121000303,537,246,291
121000304,503,105,398
121000305,160,45,115
121000306,138,202,-64
121000308,117,298,-181
121000309,297,495,-198
121000310,140,270,-130
121000311,88,524,-436
121000312,426,402,24
121000313,269,308,-39
121000314,51,98,-47
121000315,50,87,-37
121000530,1987,1319,668
121000531,1757,1508,249
121000532,6064,8425,-2361
121000533,3972,4212,-240
121000918,55,51,4
121000919,36,97,-61
121000938,50,255,-205
121000939,48,228,-180
121000956,1875,1208,667
121000957,6,13,-7
121000958,14,73,-59
121000959,1140,425,715
121000960,1508,1594,-86
121000961,347,61,286
121000962,1152,531,621
121000973,2,276,-274
121000976,18,199,-181
121000979,515,155,360
121000981,385,104,281
121000982,369,159,210
121000983,529,232,297
121000984,15,51,-36
121000985,960,292,668
121000986,650,106,544
121000987,274,465,-191
121000988,1235,139,1096
121001302,278,144,134
121001308,0,29,-29
121001309,25,540,-515
121001313,208,65,143
121001314,1255,1883,-628
121001315,6610,3482,3128
121900001,142,230,-88
121900002,21,27,-6
121900003,398,17,381
121900004,71,398,-327
121900005,32,28,4
121900006,167,25,142
121900007,2215,1966,249
121900008,122,603,-481
121900009,848,28,820
121900010,210,6,204
121900011,249,280,-31
121900012,15,0,15
121900013,464,103,361
121900014,1678,356,1322
121900015,206,190,16
121900016,7,28,-21
121900017,528,565,-37
121900018,455,13,442
121900019,675,232,443
121900020,39,3,36
121900021,1056,9,1047
121900022,252,258,-6
121900023,187,471,-284
121900024,322,60,262
121900025,644,566,78
121900026,266,35,231
121900027,487,287,200
121900028,272,14,258
121900029,137,255,-118
121900030,417,518,-101
121900031,991,6672,-5681
121900032,98,45,53
121900033,172,377,-205
121900034,255,148,107
121900035,3275,2786,489
121900036,96,480,-384
121900037,164,877,-713
121900038,48,113,-65
121900039,288,68,220
121900040,104,64,40
121900041,164,359,-195
121900042,420,267,153
121900043,1,11,-10
121900044,89,40,49
121900046,214,410,-196
121900047,249,79,170
121900048,90,102,-12
121900050,45,37,8
121900051,207,167,40
121900052,166,45,121
121900053,491,426,65
121900054,326,871,-545
121900055,3,10,-7
121900058,363,127,236
121900059,417,149,268
121900060,119,489,-370
121900061,175,169,6
121900062,156,155,1
121900063,1840,427,1413
121900064,378,448,-70
121900066,86,16,70
121900067,80,20,60
121900069,121,105,16
121900070,123,173,-50
121900071,567,262,305
121900072,72,93,-21
121900073,231,343,-112
121900074,455,924,-469
121900075,398,802,-404
121900076,543,512,31
121900077,35,10,25
121900078,179,19,160
121900079,1,0,1
121900080,1035,370,665
121900082,88,65,23
121900084,35,34,1
121900085,5,10,-5
121900086,20,48,-28
121900087,97,147,-50
121900088,1313,2844,-1531
121900089,289,189,100
121900090,37,61,-24
121900091,90,46,44
121900092,152,90,62
121900093,102,108,-6
121900094,16,15,1
121900095,432,185,247
121900096,1099,707,392
121900097,901,225,676
121900098,2,2,0
121900099,232,34,198
121900100,112,431,-319
121900101,146,167,-21
121900102,8,135,-127
121900103,452,226,226
121900104,1854,548,1306
121900105,379,263,116
121900106,6,15,-9
121900107,90,35,55
121900108,2,27,-25
121900109,309,222,87
121900110,808,392,416
121900111,671,377,294
121900112,190,173,17
121900113,67,527,-460
121900114,107,93,14
121900117,120,214,-94
121900118,1779,641,1138
121900119,148,67,81
121900120,55,1186,-1131
121900121,356,26,330
121900122,48,60,-12
121900123,210,426,-216
121900124,229,158,71
121900125,1991,1205,786
121900127,12,134,-122
121900128,92,70,22
121900129,224,176,48
121900130,93,219,-126
121900131,231,73,158
121900132,60,65,-5
121900133,29,1059,-1030
121900134,35,241,-206
121900135,3572,453,3119
121900136,453,317,136
121900137,43,292,-249
121900138,95,210,-115
121900139,332,1801,-1469
121900140,109,67,42
121900141,92,35,57
121900142,149,116,33
121900143,12,159,-147
121900144,127,401,-274
121900145,217,381,-164
121900146,517,641,-124
121900147,76,222,-146
121900148,193,350,-157
121900149,362,431,-69
121900150,45,158,-113
121900151,77,319,-242
121900152,159,101,58
121900153,81,605,-524
121900154,10,409,-399
121900155,3,147,-144
121900156,145,175,-30
121900157,3,277,-274
121900158,85,123,-38
121900159,0,201,-201
121900160,74,227,-153
121900161,292,570,-278
121900162,65,193,-128
121900163,414,251,163
121900164,349,230,119
121900165,232,128,104
121900166,163,142,21
121900167,109,197,-88
121900168,154,170,-16
121900169,2,193,-191
121900170,12,180,-168
121900171,882,729,153
121900172,618,280,338
121900173,726,290,436
121900174,71,59,12
121900175,74,345,-271
121900176,510,1516,-1006
121900177,169,57,112
121900178,41,37,4
121900179,434,256,178
121900180,1775,5706,-3931
121900182,705,819,-114
121900183,556,2103,-1547
121900184,54,874,-820
121900186,14,439,-425
121900187,20,142,-122
121900188,767,264,503
121900189,40,118,-78
121900190,237,370,-133
121900191,63,228,-165
121900192,227,1414,-1187
121900193,44,181,-137
121900194,13,328,-315
121900195,21,76,-55
121900196,931,847,84
121900197,262,916,-654
121900198,2069,1375,694
121900199,11,76,-65
121900200,23,176,-153
121900201,622,856,-234
121900202,103,737,-634
121900203,92,989,-897
121900204,772,1142,-370
121900205,5,97,-92
121900206,18,79,-61
121900207,86,56,30
121900208,113,630,-517
121900209,90,77,13
121900210,1534,1105,429
121900211,24,116,-92
121900212,57,162,-105
121900213,284,36,248
121900214,6,480,-474
121900215,41,160,-119
121900216,35,367,-332
121900217,163,242,-79
121900218,151,515,-364
121900220,106,25,81
121900221,527,488,39
121900222,256,94,162
121900223,199,66,133
121900224,124,33,91
121900225,88,179,-91
121900226,291,68,223
121900227,347,624,-277
121900228,202,167,35
121900230,85,478,-393
121900231,96,2354,-2258
121900232,135,432,-297
121900233,217,164,53
121900234,440,141,299
121900235,714,141,573
121900236,294,166,128
121900237,211,420,-209
121900238,152,307,-155
121900239,259,57,202
121900240,366,159,207
121900241,114,32,82
121900242,15,5,10
121900243,16,1,15
121900244,46,7,39
121900245,255,59,196
121900246,3521,311,3210
121900247,346,256,90
121900248,1134,1039,95
121900250,188,423,-235
121900251,486,44,442
121900252,563,150,413
121900253,78,803,-725
121900254,467,363,104
121900255,592,90,502
121900258,4360,1826,2534
121900259,191,574,-383
121900260,196,115,81
121900261,119,611,-492
121900262,484,1189,-705
121900263,357,186,171
121900264,988,1043,-55
121900265,398,171,227
121900266,630,107,523
121900267,87,44,43
121900269,249,804,-555
121900270,64,268,-204
121900271,61,204,-143
121900273,434,1685,-1251
121900274,366,199,167
121900277,384,1364,-980
121900278,110,1133,-1023
121900279,170,172,-2
121900280,102,558,-456
121900281,151,623,-472
121900284,63,4,59
121900286,152,140,12
121900287,14,52,-38
121900290,297,862,-565
121900291,314,950,-636
121900292,152,170,-18
121900293,711,3160,-2449
121900294,283,6,277
121900295,183,137,46
121900296,52,349,-297
121900298,252,991,-739
121900299,0,7,-7
121900300,135,10,125
121900301,57,10,47
121900302,7,68,-61
121900303,313,578,-265
121900304,1,21,-20
121900305,5,22,-17
121900306,336,1,335
121900307,126,6,120
121900308,8,127,-119
121900309,8,108,-100
121900310,45,202,-157
121900311,779,23,756
121900312,446,10,436
121900313,430,28,402
121900314,6,36,-30
121900315,27,0,27
121900316,0,4,-4
121900317,29,5,24
121900318,2,6,-4
121900319,33,158,-125
121900320,45,40,5
121900321,26,3,23
121900322,2,6,-4
121900323,12,31,-19
121900324,1,44,-43
121900325,25,3,22
121900326,13,19,-6
121900327,2,38,-36
121900328,0,18,-18
121900329,0,54,-54
121900330,2,195,-193
121900331,38,138,-100
121900332,81,53,28
121900333,33,0,33
122000001,1407,5201,-3794
122000002,2482,1070,1412
122000003,1343,3172,-1829
122000004,1719,1518,201
122000005,3562,2620,942
122000006,995,1307,-312
122000007,704,1760,-1056
122000008,1298,3502,-2204
122000009,491,509,-18
122000010,2376,2963,-587
122000011,4613,2291,2322
122000012,783,3148,-2365
122000013,743,1625,-882
122000014,3167,1530,1637
122000015,1158,1005,153
122000016,549,720,-171
122000017,1168,1375,-207
122000018,1842,1737,105
122000019,965,1642,-677
122000020,231,369,-138
122000021,178,460,-282
122000022,1102,1358,-256
122000023,809,1791,-982
122000024,527,2335,-1808
122000025,661,2985,-2324
122000026,434,1610,-1176
122000027,521,1150,-629
122000028,1107,625,482
122000029,413,642,-229
122000030,171,171,0
122000031,161,400,-239
122000032,3508,2338,1170
122000033,385,3079,-2694
122000034,420,959,-539
122000035,220,662,-442
122000036,478,431,47
122000037,487,314,173
122000038,210,425,-215
122000039,490,456,34
122000040,243,316,-73
122000041,507,635,-128
122000042,387,474,-87
122000043,82,152,-70
122000044,120,128,-8
122000045,1674,914,760
122000046,806,1018,-212
122000047,150,189,-39
122000048,2659,4322,-1663
122000049,6162,3642,2520
122000050,832,970,-138
122000051,151,499,-348
122000052,468,593,-125
122000053,215,1085,-870
122000054,1999,2160,-161
122000055,1920,4112,-2192
122000056,3028,3277,-249
122000057,2843,4228,-1385
122000058,916,1944,-1028
122000059,1064,3058,-1994
122000060,332,1094,-762
122000061,270,811,-541
122000062,468,281,187
122000063,559,1347,-788
122000064,3023,6065,-3042
122000065,2452,2590,-138
122000066,900,1119,-219
122000067,1081,1265,-184
122000068,1842,985,857
122000069,896,749,147
122000070,934,1364,-430
122000071,2694,1093,1601
122000072,668,698,-30
122000073,247,1276,-1029
122000074,2987,1467,1520
122000075,992,1071,-79
122000076,5332,1852,3480
122000077,680,1862,-1182
122000078,851,3809,-2958
122000079,424,2216,-1792
122000080,443,561,-118
122000081,123,224,-101
122000082,320,1337,-1017
122000083,3547,1067,2480
122000084,2780,1091,1689
122000085,334,740,-406
122000086,1975,6141,-4166
122000087,226,497,-271
122000088,141,465,-324
122000089,3675,2506,1169
122000090,151,754,-603
122000091,120,172,-52
122000092,47,43,4
122000093,1566,3462,-1896
122000094,4630,3628,1002
122000095,821,4367,-3546
122000096,568,1933,-1365
122000098,2701,3625,-924
122000099,708,1161,-453
122000100,684,887,-203
122000101,463,481,-18
122000102,2032,1004,1028
122000103,1709,1433,276
122000104,977,211,766
122000105,419,408,11
122000106,467,1345,-878
122000107,1096,470,626
122000108,511,779,-268
122000109,474,328,146
122000110,550,577,-27
122000111,3106,1593,1513
122000112,1224,1706,-482
122000113,694,665,29
122000114,1593,2682,-1089
122000115,1397,1237,160
122000116,475,517,-42
122000117,1204,401,803
122000118,745,627,118
122000119,2389,2298,91
122000120,921,3757,-2836
122000121,821,2360,-1539
122000122,437,998,-561
122000123,1223,1613,-390
122000124,890,635,255
122000125,545,742,-197
122000126,426,901,-475
122000127,513,898,-385
122000128,279,438,-159
122000129,477,1814,-1337
122000130,2686,1473,1213
122000131,1089,1008,81
122000132,241,442,-201
122000133,995,821,174
122000134,1091,800,291
122000135,629,397,232
122000136,1059,633,426
122000137,2150,906,1244
122000139,768,3835,-3067
122000140,458,929,-471
122000141,2964,1593,1371
122000142,162,1330,-1168
122000143,423,507,-84
122000144,1334,1029,305
122000145,944,898,46
122000146,513,1868,-1355
122000147,497,550,-53
122000148,661,2058,-1397
122000149,1693,1246,447
122000150,1366,974,392
122000151,126,347,-221
122000152,277,399,-122
122000153,384,307,77
122000154,197,209,-12
122000155,1341,2466,-1125
122000156,3891,3474,417
122000157,748,4400,-3652
122000158,290,617,-327
122000159,592,1187,-595
122000160,2098,2477,-379
122000161,1019,1161,-142
122000162,1034,1741,-707
122000163,239,119,120
122000164,38,175,-137
122000165,895,969,-74
122000166,781,1411,-630
122000167,264,435,-171
122000168,166,754,-588
122000169,292,215,77
122000170,313,331,-18
122000171,50,119,-69
122000172,1599,1343,256
122000173,1371,2539,-1168
122000174,1701,1099,602
122000175,692,307,385
122000176,265,1114,-849
122000177,992,1280,-288
122000178,3520,2689,831
122000179,2208,3022,-814
122000180,1007,1200,-193
122000181,894,2201,-1307
122000182,1405,1790,-385
122000183,2383,1021,1362
122000184,2675,2966,-291
122000185,1067,2795,-1728
122000186,532,1560,-1028
122000187,1950,968,982
122000188,442,407,35
122000189,253,401,-148
122000190,688,1623,-935
122000191,845,941,-96
122000192,1339,468,871
122000193,468,748,-280
122000194,545,208,337
122000195,129,530,-401
122000196,1255,495,760
122000197,504,518,-14
122000198,394,1775,-1381
122000199,312,389,-77
122000200,750,597,153
122000201,1060,2241,-1181
122000202,973,2257,-1284
122000203,2011,1204,807
122000204,1151,1462,-311
122000205,698,1055,-357
122000206,2829,965,1864
122000207,2110,1459,651
122000208,2355,1368,987
122000209,1743,497,1246
122000210,1822,1654,168
122000211,1450,1389,61
122000212,835,592,243
122000213,954,1430,-476
122000214,1853,1737,116
122000215,2326,1730,596
122000217,1476,1804,-328
122000218,765,89,676
122000219,994,711,283
122000220,335,557,-222
122000221,68,341,-273
122000222,560,156,404
122000223,1110,532,578
122000225,778,305,473
122000226,1711,1350,361
122000227,220,1731,-1511
122000228,338,274,64
122000229,51,398,-347
122000230,43,380,-337
122000231,253,676,-423
122000232,661,669,-8
122000233,0,73,-73
122000234,522,80,442
122000235,563,81,482
122000236,1926,63,1863
122000237,161,98,63
122000238,386,343,43
122000239,733,130,603
122000240,1360,692,668
122000241,1927,499,1428
122000242,842,209,633
122000243,12,19,-7
122000244,20,279,-259
122000245,8,70,-62
122000246,49,99,-50
122000247,652,177,475
122000248,633,944,-311
122000249,1297,1054,243
122000250,2104,1109,995
122000251,178,498,-320
122000252,338,146,192
122000253,99,250,-151
122000254,359,125,234
122000255,686,845,-159
122000256,302,393,-91
122000257,291,171,120
122000258,355,235,120
122000259,30,277,-247
122000260,7,31,-24
122000261,17,394,-377
122000262,0,24,-24
122000263,402,921,-519
122000264,1558,324,1234
122000265,2744,989,1755
122000266,3835,660,3175
122000267,165,122,43
122000268,123,267,-144
122000269,1010,248,762
122000270,517,130,387
122000271,234,1172,-938
122000272,422,868,-446
122000273,400,383,17
122000274,275,189,86
122000275,63,156,-93
122000276,1059,498,561
122000277,1217,1690,-473
122000278,2036,439,1597
122000279,343,248,95
122000280,774,550,224
122000281,1109,705,404
122000282,220,485,-265
122000283,263,260,3
122000284,283,68,215
122000285,241,70,171
122000286,71,138,-67
122000287,1402,1402,0
122000288,502,258,244
122000291,2768,809,1959
122000293,196,110,86
122000294,142,344,-202
122000295,1234,190,1044
122000296,30,532,-502
122000297,1869,3964,-2095
122000299,603,541,62
122000300,424,456,-32
122000301,5566,3448,2118
122000302,649,2369,-1720
122000303,2233,1169,1064
122000304,71,175,-104
122000305,1495,221,1274
122000306,55,261,-206
122000307,133,118,15
122000309,61,48,13
122000310,19,119,-100
122000311,163,125,38
122000312,153,260,-107
122000313,129,84,45
122000314,121,255,-134
122000315,304,58,246
122000316,1189,272,917
122000317,2076,279,1797
122000318,289,1086,-797
122000319,157,273,-116
122000320,266,818,-552
122000321,112,128,-16
122000322,1464,2113,-649
122000323,813,2741,-1928
122000324,1089,1689,-600
122000325,809,3181,-2372
122000326,122,68,54
122000327,526,794,-268
122000328,480,333,147
122000330,1617,1464,153
122000332,179,299,-120
122000333,14,67,-53
122000337,1217,541,676
122000338,543,348,195
122000340,161,1495,-1334
122000342,1359,601,758
122000343,526,495,31
122000344,110,8,102
122000345,60,27,33
122000346,335,203,132
122000348,1186,816,370
122000349,129,653,-524
122000351,194,309,-115
122000352,319,213,106
122000353,203,75,128
122000355,140,286,-146
122000356,658,1586,-928
122000357,93,37,56
122000358,0,12,-12
122000359,0,6,-6
122000360,0,13,-13
122000362,11,47,-36
122000364,329,244,85
122000365,2,61,-59
122000366,11,10,1
122000368,578,613,-35
122000370,39,15,24
122000371,36,0,36
122000372,27,4,23
122000381,168,312,-144
122000382,81,194,-113
122000384,1301,1137,164
122000385,84,0,84
122000386,215,1755,-1540
122000387,443,908,-465
122000388,1327,974,353
122000389,133,1146,-1013
122000390,316,338,-22
122000391,160,849,-689
122000392,153,167,-14
122000393,38,108,-70
122000394,621,144,477
122000395,153,66,87
122000396,255,86,169
122000397,20,28,-8
122000398,14,62,-48
122000399,169,73,96
122000400,54,747,-693
122000401,125,58,67
122000402,467,157,310
122000403,485,370,115
122000404,272,98,174
122000408,606,910,-304
122000503,18,124,-106
122000524,92,243,-151
122000544,117,2212,-2095
122000616,211,4,207
122000640,98,66,32
122000641,179,165,14
122000642,1276,594,682
122000643,72,202,-130
122000644,136,36,100
122000645,75,232,-157
122000651,554,1659,-1105
122000664,145,36,109
122000665,1088,466,622
122000666,682,1092,-410
122000673,49,143,-94
122000674,239,129,110
122000675,2087,528,1559
122000686,344,715,-371
122000687,1483,274,1209
122000688,403,292,111
122000689,1113,217,896
122000690,3060,248,2812
122000691,977,589,388
122000692,2059,284,1775
122000693,419,774,-355
122000695,470,220,250
122000696,734,102,632
122000698,533,229,304
122000699,169,78,91
122000701,1592,282,1310
122000702,345,872,-527
122000703,209,53,156
122000717,102,51,51
122000718,408,1119,-711
122000719,85,92,-7
122000720,726,98,628
122000724,84,16,68
122900001,62,4,58
122900002,1223,7144,-5921
122900003,468,34,434
122900004,3107,148,2959
122900005,118,183,-65
122900006,529,1484,-955
122900007,97,128,-31
122900008,293,278,15
122900009,688,489,199
122900010,247,95,152
122900012,210,391,-181
122900014,162,135,27
122900015,711,1498,-787
122900016,121,203,-82
122900017,192,755,-563
122900018,183,27,156
122900019,16,97,-81
122900020,154,424,-270
122900021,37,355,-318
122900022,1233,792,441
122900023,873,231,642
122900024,132,134,-2
122900025,8,393,-385
122900026,24,148,-124
122900027,45,431,-386
122900028,71,105,-34
122900029,4214,2818,1396
122900030,1711,559,1152
122900031,27,328,-301
122900032,177,456,-279
122900033,205,177,28
122900034,3578,4646,-1068
122900035,32,31,1
122900036,46,65,-19
122900037,394,112,282
122900038,82,2975,-2893
122900039,105,534,-429
122900040,235,663,-428
122900041,277,404,-127
122900042,182,272,-90
122900043,371,264,107
122900044,111,340,-229
122900045,142,127,15
122900046,182,366,-184
122900047,128,210,-82
122900048,59,228,-169
122900049,1642,180,1462
122900051,47,204,-157
122900052,201,110,91
122900053,40,37,3
122900055,361,59,302
122900057,259,58,201
122900061,557,157,400
122900062,605,746,-141
122900063,250,160,90
122900064,808,399,409
122900065,610,229,381
122900066,752,433,319
122900067,711,423,288
122900068,137,265,-128
122900069,393,1480,-1087
122900070,375,52,323
122900071,130,197,-67
122900072,7,297,-290
122900073,20,121,-101
122900074,1358,314,1044
122900075,2,91,-89
122900076,3,188,-185
122900077,0,66,-66
122900078,222,23,199
122900080,34,44,-10
122900081,184,144,40
122900082,1012,73,939
122900083,119,67,52
122900084,17,153,-136
122900086,17,207,-190
122900087,301,340,-39
122900088,31,403,-372
122900089,34,307,-273
122900090,10,184,-174
122900091,435,2,433
122900092,0,88,-88
122900093,0,70,-70
122900094,1,89,-88
122900095,214,18,196
122900096,406,78,328
122900097,24,62,-38
122900098,30,104,-74
122900099,116,31,85
122900100,132,895,-763
122900101,363,268,95
122900102,28,52,-24
122900103,235,7,228
122900104,403,10,393
122900105,28,19,9
122900106,7,44,-37
122900107,8,88,-80
122900108,8,79,-71
123000001,876,685,191
123000002,2578,6039,-3461
123000003,4156,4359,-203
123000004,2428,3730,-1302
123000005,2960,2780,180
123000006,1871,1916,-45
123000007,4140,2668,1472
123000008,2611,2401,210
123000009,4457,2808,1649
123000010,3150,3065,85
123000011,1786,1142,644
123000012,652,2299,-1647
123000013,3543,1140,2403
123000014,740,3315,-2575
123000015,2060,1189,871
123000016,2655,3864,-1209
123000017,3171,1947,1224
123000018,114,87,27
123000019,572,42,530
123000020,401,40,361
123000021,256,270,-14
123000022,358,1979,-1621
123000023,2046,2291,-245
123000024,1643,613,1030
123000025,73,126,-53
123000026,5,167,-162
123000027,95,769,-674
123000028,1289,951,338
123000029,547,1486,-939
123000030,383,115,268
123000031,418,148,270
123000032,582,80,502
123000033,270,51,219
123000034,1129,693,436
123000035,474,398,76
123000036,278,1003,-725
123000037,262,164,98
123000038,112,215,-103
123000039,489,1558,-1069
123000040,499,239,260
123000041,845,1177,-332
123000042,489,814,-325
123000043,1955,12242,-10287
123000044,2708,2364,344
123000045,3802,2699,1103
123000046,358,1489,-1131
123000047,1137,1128,9
123000048,121,1030,-909
123000049,5229,10318,-5089
123000050,2140,1652,488
123000051,76,176,-100
123000052,852,3676,-2824
123000053,2671,3090,-419
123000054,2023,1638,385
123000055,2008,3941,-1933
123000056,1066,1164,-98
123000057,3984,5983,-1999
123000058,681,1381,-700
123000059,286,419,-133
123000060,1280,435,845
123000061,280,593,-313
123000063,1024,1127,-103
123000064,1304,243,1061
123000065,3356,2372,984
123000066,407,519,-112
123000067,1102,453,649
123000068,1929,1957,-28
123000069,4390,1803,2587
123000070,186,547,-361
123000071,1824,989,835
123000072,1241,569,672
123000073,1953,935,1018
123000074,1097,820,277
123000075,388,1446,-1058
123000076,817,334,483
123000077,1928,1561,367
123000078,2258,1346,912
123000079,2326,1720,606
123000080,2361,1067,1294
123000081,192,346,-154
123000082,315,717,-402
123000083,1142,299,843
123000084,744,413,331
123000085,546,61,485
123000086,751,88,663
123000087,570,307,263
123000088,1256,536,720
123000089,783,937,-154
123000090,1318,752,566
123000091,1348,1233,115
123000092,791,1251,-460
123000094,794,159,635
123000095,691,638,53
123000096,1059,303,756
123000097,702,357,345
123000098,1061,511,550
123000099,755,426,329
123000100,402,724,-322
123000101,486,569,-83
123000102,368,747,-379
123000104,464,541,-77
123000105,431,424,7
123000106,553,499,54
123000107,295,301,-6
123000108,501,817,-316
123000111,1170,366,804
123000112,1746,546,1200
123000113,575,747,-172
123000114,421,684,-263
123000115,330,263,67
123000116,64,54,10
123000117,1883,1147,736
123000118,595,530,65
123000119,206,514,-308
123000120,253,543,-290
123000121,487,602,-115
123000122,298,262,36
123000123,444,491,-47
123000124,372,387,-15
123000125,1429,1346,83
123000126,1232,4857,-3625
123000127,582,597,-15
123000128,328,217,111
123000129,1075,187,888
123000130,909,82,827
123000131,1326,850,476
123000132,236,486,-250
123000133,120,227,-107
123000134,280,94,186
123000135,3165,985,2180
123000136,255,449,-194
123000137,99,190,-91
123000138,104,248,-144
123000139,649,113,536
123000140,75,387,-312
123000141,731,174,557
123000142,903,623,280
123000143,846,1266,-420
123000144,7,38,-31
123000145,192,346,-154
123000146,39,127,-88
123000147,102,141,-39
123000149,346,298,48
123000150,93,238,-145
123000151,168,454,-286
123000152,47,323,-276
123000153,74,794,-720
123000154,1279,1806,-527
123000155,1575,1327,248
123000156,52,81,-29
123000157,626,755,-129
123000158,545,779,-234
123000159,3010,3473,-463
123000160,1064,1001,63
123000161,1807,1248,559
123000162,1322,1727,-405
123000163,787,172,615
123000164,2054,309,1745
123000165,506,958,-452
123000166,62,139,-77
123000167,138,194,-56
123000168,310,184,126
123000169,1106,135,971
123000170,95,62,33
123000171,1224,10,1214
123000172,137,458,-321
123000173,608,377,231
123000174,1164,536,628
123000175,366,897,-531
123000176,1139,346,793
123000177,359,890,-531
123000178,990,199,791
123000179,79,289,-210
123000180,1809,378,1431
123000181,246,875,-629
123000182,322,250,72
123000183,184,582,-398
123000184,130,385,-255
123000185,1030,416,614
123000186,6,333,-327
123000187,709,13,696
123000188,212,0,212
123000189,274,126,148
123000190,68,137,-69
123000192,27,388,-361
123000193,67,688,-621
123000194,294,265,29
123000195,426,59,367
123000196,492,34,458
123000197,74,108,-34
123000198,80,1439,-1359
123000199,21,697,-676
123000200,667,8,659
123000201,1383,17,1366
123000202,29,565,-536
123000203,1253,69,1184
123000204,82,634,-552
123000205,320,916,-596
123000206,2560,306,2254
123000207,69,519,-450
123000208,648,251,397
123000209,2357,726,1631
123000210,408,1236,-828
123000211,569,1545,-976
123000212,4297,633,3664
123000213,709,81,628
123000215,64,206,-142
123000216,225,821,-596
123000217,289,45,244
123000218,30,705,-675
123000219,628,75,553
123000220,573,152,421
123000221,185,63,122
123000222,543,298,245
123000223,723,160,563
123000224,468,240,228
123000225,298,30,268
123000226,97,317,-220
123000227,93,193,-100
123000228,360,58,302
123000229,777,1171,-394
123000232,84,401,-317
123000233,909,156,753
123000234,210,406,-196
123000235,1689,339,1350
123000236,395,436,-41
123000237,358,117,241
123000238,68,346,-278
123000239,368,738,-370
123000240,76,770,-694
123000241,236,74,162
123000242,340,201,139
123000243,832,719,113
123000244,916,591,325
123000245,46,128,-82
123000249,1246,637,609
123000252,1060,307,753
123000253,1737,527,1210
123000254,784,770,14
123000255,1162,945,217
123000256,30,183,-153
123000257,2051,1230,821
123000258,882,561,321
123000259,528,382,146
123000260,582,270,312
123000261,448,144,304
123000262,80,111,-31
123000263,600,86,514
123000264,191,106,85
123000265,35,103,-68
123000266,573,541,32
123000267,866,535,331
123000268,51,55,-4
123000269,44,80,-36
123000270,42,77,-35
123000271,51,39,12
123000272,847,293,554
123000273,300,901,-601
123000274,1160,704,456
123000275,252,640,-388
123000278,1895,2519,-624
123000279,129,60,69
123000280,286,214,72
123000281,359,129,230
123000282,117,192,-75
123000283,190,89,101
123000284,70,52,18
123000286,189,426,-237
123000287,476,305,171
123000288,1493,1203,290
123000289,295,1489,-1194
123000291,173,758,-585
123000294,134,209,-75
123000295,805,1059,-254
123000296,880,477,403
123000297,814,276,538
123000298,949,229,720
123000299,97,72,25
123000300,1264,1010,254
123000301,128,339,-211
123000302,78,116,-38
123000303,138,220,-82
123000305,807,894,-87
123000306,253,61,192
123000309,29,43,-14
123000310,51,45,6
123000311,1,55,-54
123000312,276,484,-208
123000313,733,481,252
123000315,149,205,-56
123000316,700,78,622
123000317,229,104,125
123000318,90,214,-124
123000329,13,16,-3
123000337,596,961,-365
123000338,254,113,141
123000339,422,70,352
123000340,76,186,-110
123000342,10,18,-8
123000343,74,12,62
123000344,632,268,364
123000345,274,482,-208
123000346,442,35,407
123000352,860,701,159
123000353,57,70,-13
123000354,279,26,253
123000355,0,164,-164
123000356,460,7,453
123000357,2,88,-86
123000359,16,66,-50
123000360,267,74,193
123000361,160,210,-50
123000362,628,61,567
123000363,143,155,-12
123000364,491,503,-12
123000365,10,428,-418
123000366,386,2418,-2032
123000367,282,645,-363
123000370,40,155,-115
123000371,626,37,589
123000372,338,33,305
123000373,6,280,-274
123000374,12,118,-106
123000375,427,42,385
123000376,964,652,312
123000377,619,22,597
123000378,31,193,-162
123000379,4,156,-152
123000380,21,425,-404
123000381,79,107,-28
123000382,472,150,322
123000383,88,1175,-1087
123000384,442,110,332
123000385,166,529,-363
123000436,34,1581,-1547
123000507,94,181,-87
123000508,130,1089,-959
123000517,263,28,235
123000518,42,169,-127
123000519,171,132,39
123000520,51,167,-116
123000521,534,110,424
123000522,132,323,-191
123000541,5,2,3
123000542,0,7,-7
123000565,701,20,681
123000566,750,236,514
123000567,83,108,-25
123000573,32,379,-347
123000574,1002,90,912
123000575,1891,647,1244
123000576,1261,772,489
123000577,67,545,-478
123000578,262,98,164
123000579,900,6838,-5938
123000580,116,32,84
123000582,633,18,615
123000583,17,314,-297
123000584,147,261,-114
123000585,0,54,-54
123000586,72,3,69
123000596,75,74,1
123000597,92,199,-107
123000602,77,14,63
123000603,1346,277,1069
123000604,762,266,496
123000605,682,83,599
123000606,1,360,-359
123000609,20,350,-330
123000610,148,96,52
123000613,34,128,-94
123000614,341,41,300
123000615,26,47,-21
123000616,1182,35,1147
123000617,124,139,-15
123000618,71,379,-308
123000619,611,61,550
123000620,36,245,-209
123000622,642,14,628
123000624,201,30,171
123000630,1687,482,1205
123000631,198,420,-222
123000632,530,541,-11
123000633,0,114,-114
123000634,40,238,-198
123000635,68,83,-15
123000636,45,253,-208
123000637,317,65,252
123000638,643,32,611
123000639,637,5995,-5358
123000640,11,341,-330
123900001,1005,54,951
123900002,33,1453,-1420
123900003,254,351,-97
123900005,262,166,96
123900006,341,51,290
124000001,1990,186,1804
124000002,54,976,-922
124000003,1426,170,1256
124000004,53,284,-231
124000005,1395,720,675
124000006,181,582,-401
124000007,339,99,240
124000008,11,417,-406
124000009,840,205,635
124000010,216,287,-71
124000011,1128,340,788
124000012,270,272,-2
124000017,277,125,152
124000018,124,43,81
124000019,175,158,17
124000020,49,87,-38
124000021,159,110,49
124000022,67,117,-50
124000023,1369,1424,-55
124000024,1103,343,760
124000025,1240,1762,-522
124000026,1076,825,251
124000027,4143,4770,-627
124000028,1075,3572,-2497
124000030,1575,1172,403
124000031,1451,5572,-4121
124000032,1100,552,548
124000033,181,259,-78
124000034,456,428,28
124000035,22,317,-295
124000036,28,177,-149
124000037,418,1224,-806
124000038,46,144,-98
124000039,591,402,189
124000040,329,1218,-889
124000041,523,135,388
124000042,111,392,-281
124000043,107,132,-25
124000044,70,140,-70
124000045,1023,355,668
124000046,300,548,-248
124000047,2350,674,1676
124000048,1222,574,648
124000049,2173,417,1756
124000050,910,985,-75
124000051,1348,391,957
124000052,617,579,38
124000053,615,1986,-1371
124000054,757,277,480
124000055,1326,3616,-2290
124000056,1335,809,526
124000057,1273,620,653
124000058,381,753,-372
124000059,852,1357,-505
124000060,534,435,99
124000061,1255,5820,-4565
124000062,1674,1240,434
124000063,1038,1106,-68
124000064,1494,921,573
124000065,15,519,-504
124000066,35,27,8
124000067,244,112,132
124000068,32,12,20
124000069,160,5,155
124000070,61,37,24
124000071,203,91,112
124000072,190,377,-187
124000073,1203,206,997
124000074,216,562,-346
124000075,545,29,516
124000076,8,56,-48
124000077,694,834,-140
124000078,1996,1214,782
124000079,194,1335,-1141
124000080,722,173,549
124000081,258,380,-122
124000082,50,225,-175
124000083,59,84,-25
124000084,79,507,-428
124000085,78,32,46
124000086,45,215,-170
124000087,84,130,-46
124000088,149,661,-512
124000089,863,211,652
124000090,118,212,-94
124000091,453,76,377
124000092,94,282,-188
124000093,147,155,-8
124000094,286,598,-312
124000095,148,71,77
124000096,179,225,-46
124000097,111,125,-14
124000098,61,51,10
124000099,297,118,179
124000100,62,97,-35
124000101,100,119,-19
124000102,66,37,29
124000103,139,125,14
124000104,75,35,40
124000105,133,78,55
124000106,131,42,89
124000107,48,218,-170
124000108,46,19,27
124000109,168,107,61
124000110,113,45,68
124000111,203,117,86
124000112,875,448,427
124000113,115,124,-9
124000114,462,231,231
124000115,324,450,-126
124000116,104,178,-74
124000117,50,95,-45
124000118,43,104,-61
124000119,732,604,128
124000120,532,453,79
124000121,917,784,133
124000122,389,1246,-857
124000123,1089,449,640
124000124,372,850,-478
124000125,460,453,7
124000126,284,515,-231
124000127,1117,312,805
124000128,559,665,-106
124000129,2141,1517,624
124000130,667,522,145
124000131,735,688,47
124000132,669,705,-36
124000133,1016,1074,-58
124000134,917,464,453
124000135,1675,2071,-396
124000136,626,785,-159
124000137,882,1099,-217
124000138,1305,1068,237
124000139,474,28,446
124000140,7,267,-260
124000141,69,11,58
124000142,7,179,-172
124000143,77,7,70
124000144,23,41,-18
124000145,150,42,108
124000146,31,55,-24
124000148,16,94,-78
124000149,1071,373,698
124000150,216,549,-333
124000151,1031,543,488
124000152,637,887,-250
124000153,1199,1230,-31
124000154,677,756,-79
124000155,1353,959,394
124000156,955,1054,-99
124000169,163,438,-275
124000170,521,512,9
124000171,354,240,114
124000172,285,497,-212
124000173,531,187,344
124000174,411,569,-158
124000175,10,58,-48
124000176,49,32,17
124000177,1,53,-52
124000178,56,80,-24
124000190,24,55,-31
124000191,24,103,-79
124000192,1120,478,642
124000193,198,899,-701
124000194,270,352,-82
124000195,335,543,-208
124000196,650,617,33
124000197,34,33,1
124000198,64,55,9
124000201,207,506,-299
124000202,650,266,384
124000203,806,229,577
124000204,1374,198,1176
124000205,126,244,-118
124000206,1071,158,913
124000207,0,34,-34
124000209,184,188,-4
124000210,813,175,638
124000211,994,2,992
124000212,0,186,-186
124000213,814,124,690
124000214,622,219,403
124000215,567,29,538
124000216,4,181,-177
124000329,169,634,-465
124000338,129,385,-256
124000339,1678,97,1581
124000341,1905,98,1807
124000344,55,13,42
124000357,1309,2576,-1267
124000358,896,1694,-798
124000359,1683,713,970
124000360,1266,628,638
124000361,2198,929,1269
124000362,959,1195,-236
124000363,278,355,-77
124000364,434,750,-316
124000365,427,835,-408
124000366,1074,655,419
124000367,54,223,-169
124000368,461,675,-214
124000369,104,120,-16
124000370,41,404,-363
124000402,25,15,10
124000403,171,28,143
124000404,11,61,-50
124000405,1013,818,195
124000406,617,583,34
124000407,2,18,-16
124000411,7,100,-93
124000412,691,8,683
124000413,67,36,31
124000414,169,97,72
124000415,57,64,-7
124000416,204,102,102
124000417,202,67,135
124000418,265,51,214
124000419,143,62,81
124000420,126,35,91
124000421,57,63,-6
124000422,15,15,0
124000423,117,22,95
124000424,5,13,-8
124000425,43,18,25
124000426,3,28,-25
124000427,51,7,44
124000428,4,53,-49
124000429,107,49,58
124000430,837,360,477
124000431,639,404,235
124000432,337,429,-92
124000439,15,0,15
124000442,16,36,-20
124000443,1,10,-9
124000445,78,887,-809
124000446,407,78,329
124900001,758,543,215
124900002,220,210,10
124900003,1169,416,753
124900004,892,265,627
124900005,315,117,198
124900006,1037,228,809
124900008,895,624,271
124900009,187,486,-299
124900010,324,191,133
124900011,833,309,524
124900012,599,99,500
124900013,648,117,531
124900014,410,47,363
124900015,173,526,-353
124900016,103,192,-89
124900017,530,2849,-2319
124900018,112,17,95
124900020,127,108,19
124900021,416,38,378
124900022,52,7,45
124900024,443,16,427
124900026,105,25,80
124900027,133,713,-580
124900028,381,103,278
124900029,16,508,-492
124900030,20,99,-79
124900031,66,234,-168
124900032,199,259,-60
124900033,141,195,-54
124900034,9,73,-64
124900035,259,310,-51
124900036,2,63,-61
124900037,242,199,43
124900038,184,174,10
124900039,1,117,-116
124900040,140,67,73
124900041,259,401,-142
124900042,106,2,104
124900043,506,404,102
124900044,151,5,146
124900045,488,988,-500
124900046,542,208,334
124900047,60,166,-106
124900048,244,94,150
124900050,228,154,74
124900052,96,183,-87
124900053,233,262,-29
124900054,739,586,153
124900055,1,155,-154
124900057,3,33,-30
124900060,56,123,-67
124900061,161,4,157
124900062,293,21,272
124900066,0,10,-10
124900067,4,65,-61
124900068,203,824,-621
124900070,66,21,45
124900072,208,45,163
124900074,660,130,530
124900075,330,181,149
124900076,21,1420,-1399
124900077,11,58,-47
124900078,76,46,30
124900079,323,199,124
124900080,429,277,152
124900081,1168,339,829
124900082,361,338,23
124900083,346,260,86
124900084,818,125,693
124900085,508,651,-143
124900086,55,1455,-1400
124900087,210,133,77
124900088,227,129,98
124900089,690,23,667
124900090,555,264,291
124900091,402,228,174
124900092,278,222,56
124900093,455,216,239
124900094,648,295,353
124900095,174,579,-405
124900096,477,296,181
124900097,415,79,336
124900098,134,300,-166
124900099,333,655,-322
124900100,445,78,367
124900101,58,267,-209
124900102,308,19,289
124900103,171,121,50
124900104,114,78,36
124900105,82,77,5
124900106,506,32,474
124900107,173,61,112
124900108,173,110,63
124900109,101,165,-64
124900110,399,259,140
124900111,2,162,-160
124900112,77,220,-143
124900113,70,376,-306
124900114,87,181,-94
124900115,85,33,52
124900116,311,241,70
124900117,176,198,-22
124900118,108,361,-253
124900119,426,204,222
124900120,48,262,-214
124900121,96,409,-313
124900122,178,157,21
124900123,192,122,70
124900124,120,290,-170
129000186,144,70,74
204000001,18,7,11
204000002,11,4,7
204000003,33,6,27
204000004,2,2,0
204000005,563,339,224
204000006,1141,942,199
204000011,10,20,-10
204000012,46,77,-31
204000013,7,31,-24
204000019,1085,407,678
204000020,911,762,149
204000021,2199,1095,1104
204000022,753,523,230
204000023,629,484,145
204000031,25,13,12
204000032,261,27,234
204000034,24,98,-74
204000035,0,4,-4
204000036,13,29,-16
204000037,0,9,-9
204000038,1,24,-23
204000039,10,12,-2
204000040,14,14,0
204000041,5,23,-18
204000042,52,12,40
204000043,48,18,30
204000044,42,1,41
204000045,48,11,37
204000046,10,3,7
204000057,10,8,2
204000062,9,23,-14
204000068,23,316,-293
204000069,35,343,-308
204000070,84,54,30
204000080,80,68,12
204000085,1530,989,541
204000086,1735,1247,488
204000087,45,9,36
204000088,4,63,-59
204000090,46,201,-155
204000093,623,33,590
204000096,1195,755,440
204000097,618,7,611
204000099,1092,1436,-344
204000100,1778,1448,330
204000105,1341,792,549
204000110,400,1305,-905
204000111,470,651,-181
204000112,644,2340,-1696
204000113,455,1290,-835
204000114,1124,966,158
204000115,687,393,294
204000116,990,1564,-574
204000119,2062,2042,20
204000132,630,368,262
204000133,725,153,572
204000134,200,74,126
204000135,554,89,465
204000136,502,171,331
204000138,375,493,-118
204000140,242,116,126
204000141,168,61,107
204000144,13,33,-20
204000145,564,39,525
204000146,11,228,-217
204000147,15,142,-127
204000148,204,17,187
204000154,11,3,8
204000155,1,10,-9
204000177,60,38,22
204000179,63,5,58
204000180,1,35,-34
204000222,0,5,-5
204000235,42,28,14
204000236,59,139,-80
204000238,42,22,20
204000240,379,59,320
204000263,360,533,-173
204000268,757,433,324
204000308,117,14,103
204000317,5,92,-87
204000322,11,70,-59
204000323,8,8,0
204000328,177,57,120
204000329,43,141,-98
204000330,157,14,143
204000331,29,120,-91
204010341,8,143,-135
205000001,575,999,-424
205000013,13,44,-31
205000014,38,60,-22
205000015,30,112,-82
205000016,20,97,-77
205000017,34,88,-54
205000022,206,535,-329
205000025,824,695,129
205000029,344,16,328
205000045,114,955,-841
205000046,130,552,-422
205000047,67,507,-440
205000048,326,523,-197
205000049,196,479,-283
205000050,821,235,586
205000059,0,116,-116
205000060,0,78,-78
205000061,2,128,-126
205000062,1,200,-199
205000063,32,222,-190
205000064,18,68,-50
205000065,44,364,-320
205000066,102,326,-224
205000067,60,542,-482
205000069,221,19,202
205000082,214,159,55
205000110,65,160,-95
205000111,221,103,118
205000112,168,170,-2
205000113,147,278,-131
205000121,241,44,197
205000123,48,164,-116
205000126,398,91,307
205000127,817,136,681
205000128,439,52,387
205000129,820,50,770
205000130,99,20,79
205000131,39,8,31
205000132,60,4,56
205000133,33,1,32
205000134,299,1,298
205000137,75,132,-57
205000138,129,292,-163
205000139,31,119,-88
205000144,85,65,20
205000145,322,170,152
205000151,174,32,142
205000152,162,26,136
205000153,240,28,212
205000154,122,27,95
205000155,137,15,122
205000207,6,115,-109
205000233,21,0,21
205000234,0,0,0
205000243,0,1,-1
205000244,0,5,-5
205000245,20,104,-84
205000249,0,15,-15
205000250,4,0,4
205000264,11,49,-38
206000027,12,6,6
206000028,16,2,14
206000043,8,42,-34
206000053,6,5,1
206000054,0,14,-14
206000055,1,14,-13
206000075,13,17,-4
206000076,52,6,46
206000077,30,5,25
206000078,27,8,19
206000079,33,3,30
206000082,388,70,318
206000100,23,303,-280
206000103,7,8,-1
206000104,8,14,-6
206000105,5,9,-4
206000106,2,9,-7
206000108,600,48,552
206000125,98,0,98
206000157,30,390,-360
206000170,0,93,-93
206000171,5,156,-151
206000172,11,130,-119
206000173,2,104,-102
206000174,21,29,-8
206000175,3,38,-35
206000176,8,59,-51
206000177,0,61,-61
206000178,0,126,-126
206000179,5,105,-100
206000180,7,50,-43
206000181,12,28,-16
206000182,4,53,-49
206000183,4,77,-73
206000184,5,133,-128
206000185,7,47,-40
206000186,53,255,-202
206000223,6,147,-141
206000226,22,3,19
206000227,31,2,29
206000237,31,127,-96
206000238,15,235,-220
206000239,132,1238,-1106
206000240,1,51,-50
206000241,1,44,-43
206000242,4,63,-59
206000243,11,51,-40
206000244,37,149,-112
206000245,1531,66,1465
206000246,491,23,468
206000247,562,17,545
206000248,658,18,640
206000252,51,35,16
206000258,15,29,-14
206000315,30,3,27
206000317,891,186,705
206000318,1043,86,957
206000319,3339,128,3211
206000320,533,48,485
206000321,541,23,518
206000322,955,30,925
206000323,300,26,274
206000324,374,13,361
206000325,247,14,233
206000326,256,26,230
206000327,67,11,56
206000328,341,8,333
206000329,543,5,538
206000330,89,7,82
206000331,347,2,345
206000332,113,1,112
206000333,1233,6,1227
206000334,477,0,477
206000335,0,17,-17
206000361,3,122,-119
206000392,1,13,-12
206000405,243,0,243
206000441,54,24,30
206000498,66,1,65
206000515,46,45,1
206000530,634,73,561
206000531,262,392,-130
206000532,1617,525,1092
206000535,120,2338,-2218
206000536,11,71,-60
206000537,10,113,-103
206000613,1912,265,1647
207000001,118,621,-503
207000002,72,429,-357
207000003,137,159,-22
207000007,1354,212,1142
207000008,181,6,175
207000009,67,38,29
207000010,281,192,89
207000012,544,152,392
207000015,225,561,-336
207000019,250,70,180
207000021,473,197,276
207000022,234,144,90
207000023,237,51,186
207000024,5,15,-10
207000025,29,73,-44
207000026,50,22,28
207000027,14,61,-47
207000028,45,123,-78
207000029,136,321,-185
207000033,196,452,-256
207000034,294,136,158
207000039,597,75,522
207000040,683,26,657
207000041,153,21,132
207000042,410,38,372
207000043,308,146,162
207000051,131,183,-52
207000052,9,139,-130
207000053,433,309,124
207000054,51,44,7
207000055,166,69,97
207000056,268,193,75
207000057,104,361,-257
207000058,152,201,-49
207000059,104,198,-94
207000060,44,121,-77
207000061,205,836,-631
207000062,430,26,404
207000063,434,48,386
207000064,351,63,288
207000065,324,215,109
207000066,337,133,204
207000067,72,54,18
207000068,137,32,105
207000069,811,259,552
207000082,11,103,-92
207000083,118,158,-40
207000084,415,232,183
207000085,262,16,246
207000086,332,9,323
207000106,50,21,29
207000107,155,10,145
207000108,68,11,57
207000109,75,6,69
207000110,49,74,-25
207000111,104,88,16
207000112,95,815,-720
207000114,14,52,-38
207000115,34,30,4
207000116,20,339,-319
207000117,13,81,-68
207000118,6,46,-40
207000119,25,47,-22
207000123,239,17,222
207000124,129,23,106
207000125,96,41,55
207000126,78,43,35
207000134,118,65,53
207000135,29,118,-89
207000148,117,368,-251
207000149,49,41,8
207000152,104,395,-291
207000153,337,969,-632
207000154,277,183,94
207000159,115,86,29
207000160,168,215,-47
207000238,0,102,-102
207000242,9,87,-78
207000248,23,41,-18
207000249,75,23,52
207000250,409,62,347
207000251,54,84,-30
207000252,36,40,-4
207000278,134,89,45
207000279,23,71,-48
207000280,813,67,746
207000281,105,412,-307
207000282,105,191,-86
207000283,38,172,-134
207000284,34,489,-455
207000285,53,69,-16
207000291,20,108,-88
207000304,85,53,32
207000306,55,291,-236
207000310,168,84,84
207000353,159,2,157
207000356,6,74,-68
207000357,18,29,-11
207000358,11,54,-43
207000415,3,86,-83
207000417,45,8,37
207000418,39,111,-72
207000438,0,3,-3
207000439,605,537,68
207000446,232,6,226
207000460,47,4,43
207000466,80,119,-39
207000467,372,62,310
207000468,51,137,-86
207000476,8,39,-31
207000477,790,35,755
207000478,1,233,-232
207000523,1,4,-3
207000524,27,0,27
207000527,154,169,-15
207000530,692,5,687
207000531,353,10,343
207000532,132,34,98
207000534,166,41,125
207000535,20,260,-240
207000537,16,60,-44
207000540,7,53,-46
207000541,3,132,-129
207000548,18,110,-92
207000549,324,10,314
207000561,216,235,-19
207000562,33,101,-68
207000567,120,256,-136
207000568,318,22,296
207000569,684,299,385
207000584,113,210,-97
207000585,34,282,-248
207000616,0,50,-50
207000617,163,0,163
207900008,397,56,341
208000001,557,1158,-601
208000002,668,552,116
208000003,976,490,486
208000004,711,633,78
208000005,2,13,-11
208000019,789,667,122
208000020,219,318,-99
208000021,298,189,109
208000022,1133,488,645
208000028,974,1727,-753
208000033,718,602,116
208000034,999,1478,-479
208000040,169,112,57
208000041,757,512,245
208000042,910,638,272
208000047,159,177,-18
208000064,1999,1414,585
208000066,1507,2416,-909
208000070,473,250,223
208000071,657,455,202
208000072,429,731,-302
208000080,332,346,-14
208000081,345,106,239
208000082,351,170,181
208000083,145,214,-69
208000084,3,11,-8
208000085,572,437,135
208000086,391,799,-408
208000087,308,623,-315
208000089,1042,271,771
208000090,981,370,611
208000093,106,154,-48
208000094,443,312,131
208000095,794,402,392
208000104,1312,546,766
208000105,743,732,11
208000114,93,398,-305
208000115,575,287,288
208000116,738,906,-168
208000117,94,128,-34
208000118,114,174,-60
208000155,573,1052,-479
208000158,1338,3371,-2033
208000186,1850,3243,-1393
208000204,842,971,-129
208000205,1258,698,560
208000282,2439,2457,-18
209000004,534,221,313
209000005,41,33,8
209000006,432,217,215
209000007,245,348,-103
209000010,332,104,228
209000011,97,236,-139
209000012,113,98,15
209000013,242,170,72
209000014,354,486,-132
209000025,476,47,429
209000026,882,90,792
209000027,297,336,-39
209000028,297,323,-26
209000029,295,567,-272
209000030,290,692,-402
209000031,1707,1284,423
209000034,162,208,-46
209000035,125,161,-36
209000036,261,77,184
209000037,326,128,198
209000038,146,109,37
209000039,67,131,-64
209000040,297,443,-146
209000041,176,287,-111
209000042,291,240,51
209000043,733,474,259
209000044,229,544,-315
209000045,794,316,478
209000046,529,376,153
209000047,395,188,207
209000048,551,383,168
209000049,88,57,31
209000050,138,56,82
209000051,174,119,55
209000052,122,111,11
209000062,43,54,-11
209000063,47,32,15
209000064,46,30,16
209000065,129,16,113
209000066,86,7,79
209000067,138,34,104
209000080,17,173,-156
209000082,50,27,23
209000091,22,78,-56
209000093,36,15,21
209000094,63,121,-58
209000110,44,135,-91
209000111,614,1863,-1249
209000112,1510,517,993
209000113,1957,511,1446
209000114,1149,562,587
209000115,33,55,-22
209000116,328,171,157
209000118,6,47,-41
209000119,10,11,-1
209000121,96,272,-176
209000135,70,159,-89
209000142,598,2004,-1406
209000143,52,43,9
209000144,50,128,-78
209000229,273,112,161
209000240,40,143,-103
209000259,35,36,-1
209000260,53,1018,-965
209000261,2,774,-772
209000262,3,390,-387
209000263,0,154,-154
209000264,0,209,-209
209000265,424,3,421
209000266,115,2,113
209000267,1711,7,1704
209000268,515,79,436
210000037,52,21,31
210000047,82,19,63
210000048,100,17,83
210000049,44,4,40
210000052,84,61,23
210000053,42,22,20
210000054,28,54,-26
210000070,218,7,211
210000071,107,1,106
210000072,18,0,18
210000073,0,21,-21
210000074,0,88,-88
210000075,2,131,-129
210000076,16,152,-136
210000077,6,65,-59
210000078,42,57,-15
210000079,17,17,0
210000080,51,81,-30
210000081,172,38,134
210000082,86,3,83
210000083,94,7,87
210000084,59,0,59
210000085,0,36,-36
210000086,3,65,-62
210000099,52,196,-144
210000100,72,140,-68
210000101,79,168,-89
210000105,36,192,-156
210000159,0,245,-245
210000163,79,229,-150
210000164,160,231,-71
210000168,118,43,75
210000187,0,30,-30
210000188,0,27,-27
210000214,16,0,16
210000219,54,44,10
210000220,167,44,123
210000232,5,18,-13
210000233,37,53,-16
210000234,40,109,-69
210000235,84,31,53
210000245,2,65,-63
210000246,23,0,23
210000258,13,82,-69
210000259,307,46,261
210000282,60,230,-170
210000285,0,112,-112
210000286,25,123,-98
210000290,2,0,2
210000295,66,85,-19
210000296,44,37,7
210000320,296,30,266
210000321,108,26,82
210000338,47,61,-14
210000339,168,1001,-833
210000340,106,385,-279
210000341,214,336,-122
210000342,265,224,41
210000343,197,199,-2
210000344,126,125,1
210000345,158,252,-94
210000346,40,106,-66
210000347,31,44,-13
210000348,101,31,70
210000349,42,21,21
210000350,165,75,90
210000351,173,76,97
210000352,64,41,23
210000353,53,60,-7
210000354,55,81,-26
210000355,32,57,-25
210000356,22,39,-17
210000357,33,62,-29
210000358,268,160,108
210000359,70,85,-15
210000360,173,120,53
210000361,180,107,73
210000362,237,174,63
210000363,399,178,221
210000364,118,166,-48
210000365,139,85,54
210000366,112,69,43
210000367,88,34,54
210000368,134,34,100
210000369,25,24,1
210000370,56,43,13
210000372,3,24,-21
210000373,19,22,-3
210000374,46,17,29
210000375,39,45,-6
210000376,43,62,-19
210000404,43,144,-101
210000439,32,23,9
210000472,87,2,85
210000482,44,161,-117
210000564,148,186,-38
210000567,1,31,-30
210000568,210,3,207
211000092,78,15,63
211000094,35,7,28
211000169,206,42,164
211000172,10,73,-63
211000209,2,41,-39
211000226,15,11,4
211000270,34,3,31
211000275,31,10,21
211000276,153,21,132
211000279,28,27,1
211000281,96,12,84
211507980,1,54,-53
211977296,50,6,44
212000003,141,12,129
212000004,22,16,6
212000005,10,51,-41
212000006,21,47,-26
212000008,152,82,70
212000009,46,55,-9
212000012,83,64,19
212000013,38,34,4
212000014,316,116,200
212000015,345,176,169
212000016,570,386,184
212000027,550,244,306
212000028,379,235,144
212000029,208,148,60
212000030,64,18,46
212000031,87,32,55
212000048,42,229,-187
212000049,17,236,-219
212000050,29,15,14
212000051,280,156,124
212000052,226,140,86
212000053,325,297,28
212000054,401,54,347
212000055,291,84,207
212000056,15,16,-1
212000057,20,16,4
212000058,145,27,118
212000070,160,120,40
212000077,145,286,-141
212000099,309,182,127
212000108,198,89,109
212000111,275,57,218
212000120,109,52,57
212000138,163,31,132
212000156,1,62,-61
212000158,0,7,-7
212000159,518,32,486
212000160,617,134,483
212000161,63,11,52
212000310,64,25,39
212000311,16,45,-29
212000374,48,15,33
213000001,36,438,-402
213000005,549,144,405
213000006,941,321,620
213000007,74,14,60
213000009,402,299,103
213000010,190,208,-18
213000011,165,63,102
213000012,145,196,-51
213000014,95,11,84
213000015,276,6,270
213000016,377,1,376
213000017,95,0,95
213000018,1,46,-45
213000019,1,64,-63
213000020,139,220,-81
213000021,1,64,-63
213000023,444,279,165
213000033,358,1335,-977
213000034,544,208,336
213000035,144,198,-54
213000045,228,269,-41
213000046,167,142,25
213000047,486,1035,-549
213000056,135,29,106
213000069,76,5,71
213000073,1,48,-47
213000074,111,325,-214
213000075,583,3,580
213000076,22,2,20
213000085,1,34,-33
213000086,11,157,-146
213000091,328,19,309
213000092,121,11,110
213000099,165,1196,-1031
213000100,794,246,548
213000101,509,104,405
213000102,633,184,449
213000103,814,681,133
213000104,49,311,-262
213000105,84,925,-841
213000106,13,92,-79
213000107,159,226,-67
213000108,40,208,-168
213000109,17,166,-149
213000110,35,111,-76
213000111,7,90,-83
213000112,91,92,-1
213000115,56,6,50
213000116,56,258,-202
213000117,7,375,-368
213000118,667,207,460
213000119,53,431,-378
213000120,86,188,-102
213000122,104,259,-155
213000123,188,507,-319
213000124,184,1215,-1031
213000125,153,25,128
213000126,48,148,-100
213000127,74,279,-205
213000128,146,1007,-861
213000129,297,674,-377
213000130,1108,288,820
213000132,617,82,535
213000133,880,80,800
213000134,1100,14,1086
213000136,586,17,569
213000137,737,69,668
213000139,101,17,84
213000147,64,15,49
213000148,19,13,6
213000149,29,5,24
213000150,0,216,-216
213000151,3,94,-91
213000152,3,113,-110
213000153,4,146,-142
213000154,76,393,-317
213000155,76,152,-76
213000156,126,243,-117
213000157,830,355,475
213000158,420,664,-244
213000159,811,402,409
213000163,1385,106,1279
213000165,969,428,541
213000171,2,44,-42
213000172,1,137,-136
213000173,5,139,-134
213000174,6,87,-81
213000175,9,55,-46
213000176,183,44,139
213000177,148,8,140
213000178,284,7,277
213000179,281,1,280
213000180,267,0,267
213000184,96,344,-248
213000188,478,100,378
213000189,585,50,535
213000190,915,489,426
213000191,471,221,250
213000192,318,128,190
213000193,394,305,89
213000194,3,97,-94
213000195,22,240,-218
213000196,280,1201,-921
213000197,582,532,50
213000198,42,3,39
213000200,137,451,-314
213000201,25,35,-10
213000202,19,357,-338
213000203,2187,471,1716
213000204,904,56,848
213000205,521,47,474
213000206,416,36,380
213000207,76,11,65
213000208,57,1,56
213000209,128,0,128
213000210,240,2,238
213000211,7,20,-13
213000212,6,43,-37
213000213,15,79,-64
213000218,280,314,-34
213000219,711,12,699
213000220,581,9,572
213000223,158,228,-70
213000224,38,63,-25
213000225,143,29,114
213000226,83,36,47
213000227,1115,147,968
213000228,510,73,437
213000229,76,18,58
213000230,458,12,446
213000232,42,584,-542
213000233,8,556,-548
213000234,5,119,-114
213000293,13,62,-49
213000294,113,27,86
213000295,14,66,-52
213000296,51,21,30
213000297,9,57,-48
213000298,9,69,-60
213000299,55,19,36
213000300,6,3,3
213000303,2,25,-23
213000304,2,13,-11
213000305,3,27,-24
213000306,41,69,-28
213000307,82,82,0
213000308,77,150,-73
213000309,175,57,118
213000310,490,251,239
213000311,154,861,-707
213000315,73,115,-42
213000316,202,57,145
213000322,114,62,52
213000323,171,66,105
213000324,117,47,70
213000325,120,42,78
213000326,124,37,87
213000327,96,40,56
213000328,87,136,-49
213000329,176,36,140
213000340,154,272,-118
213000341,700,74,626
213000347,383,591,-208
213000348,7,191,-184
213000349,18,10,8
213000350,252,632,-380
213000366,58,148,-90
213000367,370,8,362
213000379,80,97,-17
213000386,30,156,-126
213000406,141,220,-79
213000417,1511,494,1017
213000425,362,49,313
213000426,261,33,228
213000427,75,106,-31
213000428,55,86,-31
213000429,7,3,4
213000430,104,340,-236
213000431,37,0,37
213000432,2,29,-27
213000433,18,90,-72
213000434,144,105,39
213000435,187,59,128
213000436,58,41,17
213000437,2,8,-6
213000438,201,58,143
213000439,50,15,35
213000440,11,260,-249
213000441,1,1,0
213000442,6,42,-36
213000443,436,257,179
213000444,37,20,17
213000445,0,68,-68
213000446,0,33,-33
213000447,1,33,-32
213000448,5,138,-133
213000449,750,10,740
213000450,20,37,-17
213000451,308,73,235
213000452,38,15,23
213000453,23,267,-244
213000455,194,2,192
213000456,2,207,-205
213000481,50,16,34
213000484,34,0,34
213000489,203,65,138
213900002,2,130,-128
213900003,143,38,105
213900013,4,116,-112
213900015,0,7,-7
213900016,17,9,8
213900020,28,31,-3
213900030,1,28,-27
213900032,177,145,32
213900033,166,40,126
213900034,694,47,647
213900035,230,157,73
213900036,171,74,97
213900037,35,190,-155
213900038,485,123,362
213900039,0,20,-20
213900041,4,182,-178
213900042,229,327,-98
213900043,278,139,139
213900244,69,0,69
213900245,0,14,-14
218000003,14,45,-31
218000004,22,51,-29
218000005,27,55,-28
218000006,58,30,28
218000007,20,6,14
218000012,113,84,29
218000013,125,175,-50
218000014,333,330,3
218000019,429,453,-24
218000020,235,307,-72
218000021,20,31,-11
218000022,5,6,-1
218000023,2,15,-13
218000024,3,3,0
218000025,3,4,-1
218000026,11,22,-11
218000027,1,4,-3
218000028,4,3,1
218000029,5,3,2
218000030,13,13,0
218000031,8,14,-6
218000032,0,17,-17
218000040,4,4,0
218000046,74,58,16
218000047,9,104,-95
218000048,81,81,0
218000049,76,78,-2
218000050,347,154,193
218000051,74,115,-41
218000052,0,53,-53
218000053,3,14,-11
218000054,3,51,-48
218000055,5,13,-8
218000056,16,30,-14
218000057,5,27,-22
218000064,0,13,-13
218000065,69,17,52
218000066,16,34,-18
218000067,85,45,40
218000068,161,68,93
218000069,319,67,252
218000070,254,144,110
218000071,185,162,23
218000072,180,207,-27
218000078,1120,386,734
218000079,189,59,130
218000080,165,47,118
218000081,739,127,612
218000082,86,56,30
218000083,104,43,61
218000084,241,101,140
218000085,231,240,-9
218000086,89,96,-7
218000087,231,92,139
218000090,24,118,-94
218000091,1169,486,683
218000092,114,80,34
218000093,93,41,52
218000094,383,367,16
218000099,281,614,-333
218000100,383,279,104
218000101,337,174,163
218000102,546,158,388
218000103,107,91,16
218000104,104,27,77
218000105,33,21,12
218000106,13,16,-3
218000107,64,29,35
218000108,7,26,-19
218000112,64,50,14
218000117,66,53,13
218000134,651,263,388
218000135,19,76,-57
218000136,167,111,56
218000137,197,111,86
218000138,47,107,-60
218000139,193,179,14
218000140,555,169,386
218000141,100,38,62
218000142,207,140,67
218000143,86,382,-296
218000144,29,146,-117
218000145,581,371,210
218000146,126,150,-24
218000151,6,31,-25
218000152,107,42,65
218000153,5,7,-2
218000154,11,4,7
218000155,52,1,51
218000156,89,16,73
218000157,54,14,40
218000158,10,13,-3
218000159,5,9,-4
218000160,16,27,-11
218000161,35,2,33
218000162,33,4,29
218000163,16,3,13
218000164,47,8,39
218000165,89,36,53
218000170,8,49,-41
218000171,56,9,47
218000172,16,5,11
218000173,23,15,8
218000174,30,12,18
218000176,312,48,264
218000177,514,273,241
218000178,106,234,-128
218000179,122,93,29
218000180,144,35,109
218000181,297,24,273
218000187,6,43,-37
218000188,27,33,-6
218000189,31,55,-24
218000190,33,23,10
218000191,203,30,173
218000192,344,163,181
218000193,586,231,355
218000194,146,262,-116
218000195,195,54,141
218000196,440,240,200
218000197,641,215,426
218000198,43,82,-39
218000199,77,27,50
218000200,64,26,38
218000201,43,12,31
218000202,47,291,-244
218000207,3,11,-8
218000208,29,42,-13
218000211,32,30,2
218000212,2,13,-11
218000213,117,103,14
218000214,8,26,-18
218000215,43,49,-6
218000217,10,59,-49
218000218,205,44,161
218000219,5,26,-21
218000220,46,432,-386
218000221,476,251,225
218000222,0,44,-44
218000223,37,563,-526
218000224,21,245,-224
218000225,308,41,267
218000226,255,77,178
218000230,0,10,-10
218000232,27,34,-7
218000239,132,9,123
218000240,9,7,2
218000241,15,4,11
218000242,21,3,18
218000243,23,5,18
218000244,25,1,24
218000245,19,1,18
218000246,0,0,0
218000247,4,0,4
218000248,0,31,-31
218000249,0,8,-8
218000250,4,16,-12
218000251,6,145,-139
218000252,15,361,-346
218000253,2,276,-274
218000254,3,80,-77
218000255,6,28,-22
218000256,10,137,-127
218000267,315,730,-415
218000268,5,24,-19
218000269,1,13,-12
218000270,43,8,35
218000271,5,22,-17
218000273,59,0,59
218000274,18,1,17
218000275,38,35,3
218000276,21,18,3
218000278,4,35,-31
218000279,25,25,0
218000280,3,9,-6
218000281,12,6,6
218000282,455,578,-123
218000284,64,6,58
218000301,104,135,-31
218000302,94,37,57
218000303,17,38,-21
218000316,802,589,213
218000317,1578,477,1101
218000318,1094,368,726
218000319,1267,564,703
218000320,874,489,385
218000338,22,25,-3
218000345,80,38,42
218000346,24,218,-194
218000459,30,168,-138
218000490,26,34,-8
218000501,140,40,100
218000502,102,19,83
218000503,123,34,89
218000504,100,23,77
218000505,49,54,-5
218000506,33,136,-103
218000508,0,10,-10
218000510,117,12,105
218000520,129,104,25
218000521,3,29,-26
218000522,0,101,-101
218000523,148,6,142
218000524,9,210,-201
218000525,120,16,104
218000526,12,192,-180
218000529,29,69,-40
218000530,14,2,12
218000531,22,14,8
218000532,43,7,36
218000534,168,10,158
218000537,17,71,-54
218000538,136,514,-378
218000540,171,128,43
218000543,140,47,93
218000544,45,41,4
218000545,121,75,46
218000546,58,41,17
218000547,149,159,-10
218000548,127,88,39
218000549,777,430,347
218000550,203,145,58
218000551,81,589,-508
218000552,298,71,227
218000553,25,87,-62
218000554,28,22,6
218000555,17,48,-31
218000556,159,111,48
218000557,356,110,246
218000558,71,2,69
218000559,0,35,-35
218000560,0,31,-31
218000561,8,0,8
218000562,34,136,-102
218000563,227,27,200
218000564,6,170,-164
218000565,159,38,121
218000566,131,41,90
218000567,4,126,-122
218000568,65,4,61
218000569,10,208,-198
218000570,53,14,39
218000571,2,82,-80
218000572,108,5,103
218000573,3,201,-198
218000574,39,18,21
218000575,96,0,96
218000576,1,71,-70
218000577,88,2,86
218000578,0,102,-102
218000579,35,38,-3
218000581,4,61,-57
218000582,73,1,72
218000583,8,0,8
218000584,0,26,-26
218000585,41,4,37
218000586,3,30,-27
218000587,4,2,2
218000588,1,3,-2
218000589,1,3,-2
218000590,1,0,1
218000591,0,1,-1
218000592,10,2,8
218000593,0,0,0
218000594,0,7,-7
218000595,1,1,0
218000596,0,1,-1
218000597,1,0,1
218000598,0,0,0
218000599,4,2,2
218000600,1,4,-3
218000601,0,5,-5
218000602,1,2,-1
218000603,0,4,-4
218000604,20,13,7
218000605,0,37,-37
218000606,115,0,115
218000607,27,36,-9
218000608,56,23,33
218000609,11,64,-53
218000610,66,6,60
218000611,18,3,15
218000612,8,42,-34
218000613,67,5,62
218000614,1,44,-43
218000615,119,6,113
218000616,2,107,-105
218000617,14,0,14
218000618,1,17,-16
218000619,62,29,33
218000620,18,52,-34
218000621,0,0,0
218000622,2,36,-34
218000623,61,1,60
218000624,0,26,-26
218000625,0,2,-2
218000626,1,16,-15
218000628,199,49,150
218000631,32,15,17
218000632,2,153,-151
218000633,76,1,75
218000634,4,17,-13
218000635,13,21,-8
218000636,788,517,271
218000637,1088,264,824
218000638,380,26,354
218000639,18,63,-45
218000640,475,30,445
218000641,89,121,-32
218000652,51,30,21
218000653,252,76,176
218000663,3,47,-44
218000675,29,44,-15
218000676,4,4,0
218000677,19,4,15
218000680,114,240,-126
218000681,319,114,205
218000691,133,74,59
218000693,465,88,377
218000703,5,18,-13
218000718,84,529,-445
218000719,110,410,-300
218000720,9,394,-385
218000721,71,29,42
218000725,5,7,-2
218001214,7,146,-139
218001329,71,94,-23
218001330,32,37,-5
218001351,17,14,3
218001352,12,21,-9
218001353,8,4,4
218001354,2,13,-11
219000001,58,54,4
219000002,28,53,-25
219000003,84,68,16
219000004,32,42,-10
219000017,67,64,3
219000020,146,45,101
219000022,116,5,111
219000023,69,1,68
219000029,0,70,-70
219000034,34,17,17
219000039,59,217,-158
219000040,46,113,-67
219000041,132,27,105
219000051,0,27,-27
219000052,1,21,-20
219000053,0,42,-42
219000054,334,338,-4
219000055,293,4,289
219000056,5,0,5
219000057,68,0,68
219000062,21,63,-42
219000063,98,5,93
219000064,0,42,-42
219000110,314,105,209
219000111,68,40,28
219000112,190,62,128
219000113,200,37,163
219000114,123,52,71
219000116,151,47,104
219000117,186,85,101
219000118,171,96,75
219000123,146,46,100
219000124,44,28,16
219000125,12,5,7
219000126,28,126,-98
219000127,0,10,-10
219000128,11,101,-90
219000129,22,141,-119
219000130,172,498,-326
219000131,560,958,-398
219000133,41,55,-14
219000134,11,25,-14
219000135,23,93,-70
219000136,82,191,-109
219000138,109,34,75
219000139,94,34,60
219000140,80,0,80
219000141,40,52,-12
219000142,17,52,-35
219000143,9,35,-26
219000145,13,45,-32
219000146,8,21,-13
219000147,5,27,-22
219000148,6,17,-11
219000149,9,29,-20
219000150,0,32,-32
219000151,0,19,-19
219000157,237,88,149
219000158,140,166,-26
219000161,136,4,132
219000163,807,412,395
219000166,99,195,-96
219000167,99,138,-39
219000168,242,66,176
219000174,446,159,287
219000175,120,6,114
219000176,209,4,205
219000177,83,3,80
219000178,80,1,79
219000179,17,2,15
219000180,50,42,8
219000182,145,19,126
219000183,96,25,71
219000184,122,15,107
219000185,2,46,-44
219000186,74,11,63
219000187,20,77,-57
219000189,40,154,-114
219000190,60,199,-139
219000191,176,1581,-1405
219000192,134,159,-25
219000193,118,127,-9
219000195,4,41,-37
219000196,8,86,-78
219000198,25,66,-41
219000199,42,117,-75
219000200,57,97,-40
219000201,53,153,-100
219000203,37,105,-68
219000204,63,297,-234
219000205,46,270,-224
219000207,83,189,-106
219000209,42,29,13
219000210,7,69,-62
219000213,3,119,-116
219000239,145,183,-38
219000240,197,324,-127
219000241,185,98,87
219000242,52,103,-51
219000243,54,222,-168
219000244,19,46,-27
219000245,23,39,-16
219000246,29,26,3
219000247,197,29,168
219000248,476,353,123
219000249,171,128,43
219000250,194,71,123
219000251,573,211,362
219000252,192,136,56
219000253,319,64,255
219000255,133,123,10
219000256,277,44,233
219000257,145,0,145
219000262,59,53,6
219000263,44,66,-22
219000267,4,31,-27
219000268,3,0,3
219000269,0,4,-4
219000270,6,2,4
219000271,163,8,155
219000278,0,3,-3
219000279,0,0,0
219000283,0,14,-14
219000295,18,59,-41
219000296,67,207,-140
219000297,41,51,-10
219000298,17,70,-53
219000299,370,50,320
219000300,45,75,-30
219000301,132,248,-116
219000302,39,164,-125
219000307,21,32,-11
219000308,72,46,26
219000311,221,64,157
219000312,547,120,427
219000313,433,41,392
219000314,47,145,-98
219000315,294,50,244
219000316,627,45,582
219000317,156,13,143
219000320,0,50,-50
219000321,0,10,-10
219000323,0,43,-43
219000325,5,6,-1
219000326,50,33,17
219000327,49,28,21
219000328,21,55,-34
219000329,305,96,209
219000330,44,31,13
219000331,58,35,23
219000332,156,80,76
219000333,39,0,39
219000335,118,1,117
219000337,17,1,16
219000338,43,2,41
219000344,15,63,-48
219000345,62,59,3
219000346,35,52,-17
219000348,178,80,98
219000349,60,97,-37
219000350,90,414,-324
219000351,0,16,-16
219000352,359,77,282
219000353,117,39,78
219000354,226,69,157
219000355,136,42,94
219000356,438,1497,-1059
219000363,134,56,78
219000364,88,54,34
219000365,97,18,79
219000366,168,446,-278
219000368,276,480,-204
219000370,590,581,9
219000371,8,35,-27
219000382,10,14,-4
219000383,204,1312,-1108
219000385,316,484,-168
219000386,424,1727,-1303
219000387,1,22,-21
219000390,9,1,8
219000391,4,2,2
219000397,42,46,-4
219000398,47,69,-22
219000401,11,57,-46
219000402,42,70,-28
219000403,89,315,-226
219000404,17,141,-124
219000407,8,30,-22
219000409,58,35,23
219000410,110,36,74
219000411,111,14,97
219000446,58,333,-275
219000447,2,14,-12
219000448,9,8,1
219000452,97,85,12
219000453,37,215,-178
219000454,154,297,-143
219000556,307,73,234
219000558,126,93,33
219000590,17,157,-140
219000591,134,72,62
219000592,75,225,-150
219000595,7,19,-12
219000635,170,41,129
219000636,27,47,-20
219000657,15,26,-11
219000658,44,158,-114
219000673,0,45,-45
219000676,6,19,-13
219000679,32,4,28
219000684,135,1,134
219000685,1,51,-50
219000686,0,6,-6
219000688,0,40,-40
219000689,18,163,-145
219000690,151,18,133
219000691,36,118,-82
219000692,96,21,75
219000693,0,15,-15
219000694,18,0,18
219000695,31,4,27
219000698,34,2,32
219000699,0,14,-14
219000727,0,65,-65
219000728,70,1,69
219000770,39,1,38
219000771,0,37,-37
219000788,19,17,2
219001150,2,41,-39
219001151,0,4,-4
219001166,10,47,-37
219001167,4,58,-54
220000001,23,91,-68
220000002,7,67,-60
220000003,199,108,91
220000004,383,224,159
220000005,597,1500,-903
220000006,132,642,-510
220000007,375,255,120
220000008,325,333,-8
220000009,246,250,-4
220000010,99,62,37
220000011,353,3139,-2786
220000012,62,274,-212
220000014,101,47,54
220000015,51,285,-234
220000017,40,200,-160
220000018,4552,2352,2200
220000019,62,391,-329
220000020,436,138,298
220000021,727,133,594
220000022,1172,246,926
220000023,342,122,220
220000024,1225,469,756
220000025,1296,1540,-244
220000026,326,622,-296
220000027,27,145,-118
220000028,45,65,-20
220000029,33,104,-71
220000030,50,65,-15
220000031,662,297,365
220000064,22,839,-817
221000046,2,0,2
221000047,0,0,0
221000048,0,0,0
221000049,0,2,-2
221000050,7,0,7
221000055,28,58,-30
221000057,63,5,58
221000068,270,102,168
221000069,373,65,308
221000070,239,9,230
221000071,118,6,112
221000072,233,5,228
221000073,173,25,148
221000074,0,12,-12
221000075,9,23,-14
221000076,11,20,-9
221000077,8,53,-45
221000081,13,5,8
221000082,71,2,69
221000083,11,8,3
221000084,7,4,3
221000085,13,28,-15
221000086,8,71,-63
221000087,4,85,-81
221000088,14,108,-94
221000089,25,206,-181
221000090,49,534,-485
221000098,139,16,123
221000099,155,9,146
221000100,106,5,101
221000101,169,18,151
221000102,164,11,153
221000109,13,73,-60
221000110,5,38,-33
221000111,8,73,-65
221000112,4,83,-79
221000113,8,93,-85
221000114,10,91,-81
221000120,27,38,-11
221000121,3,48,-45
221000122,44,45,-1
221000123,1,10,-9
221000124,15,71,-56
221000155,136,9,127
221000156,26,34,-8
221000175,0,5,-5
221000176,2,4,-2
221000182,41,3,38
221000241,446,284,162
221000242,126,280,-154
221000243,456,201,255
221000244,279,303,-24
221000245,61,58,3
221000246,33,179,-146
221000247,72,75,-3
221000248,131,75,56
221000267,42,470,-428
221000325,13,70,-57
221000331,2,37,-35
221000338,26,42,-16
221000378,284,44,240
221000381,52,34,18
222000282,3,6,-3
222000296,6,31,-25
222000568,440,20,420
222000569,176,69,107
222000570,173,38,135
222000571,555,20,535
222000577,13,67,-54
222000578,27,67,-40
222000579,17,52,-35
222000580,79,480,-401
222000599,0,127,-127
222000600,2,176,-174
222000601,4,549,-545
222000603,6,43,-37
222000604,7,55,-48
222000605,26,27,-1
222000606,1,20,-19
222000607,7,7,0
222000608,21,25,-4
222000609,57,74,-17
222000616,508,46,462
222000617,6,14,-8
222000618,9,8,1
222000620,5,23,-18
222000621,57,13,44
222000623,660,10,650
222000624,433,3,430
222000625,881,20,861
222000636,64,0,64
222000686,14,35,-21
222000687,38,16,22
222001066,471,3,468
222001067,44,2,42
222001068,67,14,53
222001069,81,16,65
222001082,20,31,-11
222001083,31,20,11
222001084,0,20,-20
222001085,3,185,-182
222001111,73,44,29
222001112,226,35,191
222001313,82,10,72
222001314,16,102,-86
222001464,40,19,21
222001465,8,42,-34
222001484,187,40,147
222001485,26,34,-8
222001494,822,101,721
222001495,124,108,16
222001496,438,59,379
222001497,108,149,-41
222001502,18,55,-37
222001503,173,19,154
222001504,35,225,-190
222001505,451,11,440
222001506,59,263,-204
222001507,284,41,243
222001510,779,53,726
222001511,70,139,-69
222001514,835,179,656
222001515,137,254,-117
222001518,568,61,507
222001519,79,82,-3
222001527,183,51,132
222001528,35,98,-63
222001529,422,24,398
222001530,92,112,-20
222001533,108,184,-76
222001534,453,31,422
222001535,293,237,56
222001536,76,83,-7
222001537,400,56,344
222001538,81,304,-223
222001563,1087,105,982
222001564,66,153,-87
222001568,194,283,-89
222001576,0,3,-3
222001579,0,24,-24
222001583,12,74,-62
222001584,133,2,131
222001596,427,1075,-648
222001597,1534,431,1103
222001626,0,85,-85
222001650,34,227,-193
222001651,31,466,-435
222001914,260,45,215
222001915,59,135,-76
222900004,454,234,220
222900009,265,280,-15
222900019,166,272,-106
222900024,55,8,47
222900025,18,12,6
225000001,379,110,269
225000002,593,160,433
225000003,707,58,649
225000004,417,158,259
225000005,69,54,15
225000006,0,124,-124
225000007,727,882,-155
225000010,319,22,297
225000011,322,1111,-789
225000012,258,610,-352
225000013,104,63,41
225000014,662,121,541
225000015,64,77,-13
225000021,712,131,581
225000027,131,308,-177
225000032,656,80,576
225000042,45,369,-324
225000049,63,32,31
225000050,80,19,61
225000053,3,269,-266
225000058,591,148,443
225000067,257,98,159
225000068,74,124,-50
225000069,81,251,-170
225000070,76,203,-127
225000071,22,46,-24
225000075,14,487,-473
225000076,35,118,-83
225000078,59,21,38
225000085,83,75,8
225000086,253,65,188
225000087,132,9,123
225000088,26,167,-141
225000089,78,725,-647
225000090,51,356,-305
225000091,150,79,71
225000092,47,38,9
225000093,187,153,34
225000094,14,113,-99
225000095,200,186,14
225000096,170,236,-66
225000098,772,221,551
225000099,367,92,275
225000100,484,114,370
225000104,102,257,-155
225000110,6,244,-238
225000111,192,564,-372
225000112,173,671,-498
225000113,168,465,-297
225000114,57,200,-143
225000115,845,421,424
225000116,542,150,392
225000117,649,228,421
225000118,1126,228,898
225000119,306,74,232
225000120,852,31,821
225000121,143,30,113
225000123,504,14,490
225000125,535,100,435
225000126,547,75,472
225000127,462,1320,-858
225000128,368,820,-452
225000132,352,21,331
225000133,294,30,264
225000134,624,126,498
225000135,75,17,58
225000136,431,16,415
225000137,262,41,221
225000138,418,111,307
225000143,33,159,-126
225000144,7,229,-222
225000145,35,15,20
225000146,64,29,35
225000147,46,108,-62
225000148,11,100,-89
225000149,46,213,-167
225000151,20,93,-73
225000155,205,208,-3
225000156,176,704,-528
225000157,264,215,49
225000158,69,114,-45
225000171,6,88,-82
225000180,11,2,9
225000181,0,47,-47
225000182,56,3,53
225000185,6,282,-276
225000187,30,276,-246
225000191,84,1,83
225000194,0,10,-10
225000208,3,41,-38
225000209,83,8,75
225000210,4,199,-195
225000217,1,8,-7
225000218,5,1,4
225000223,0,22,-22
225000224,27,0,27
225000225,0,9,-9
225000226,15,1,14
225000227,25,43,-18
225000228,8,9,-1
225000229,1,30,-29
225000230,10,2,8
225000231,0,17,-17
225000232,109,1,108
225000241,66,3,63
225000242,0,17,-17
225000249,10,0,10
225000250,61,385,-324
225000251,475,22,453
225000254,5,4,1
225000256,2,28,-26
225000257,0,8,-8
226000042,159,236,-77
226000043,42,192,-150
226000044,76,241,-165
226000045,40,158,-118
226000046,542,58,484
226000047,408,81,327
226000048,379,65,314
226000049,340,127,213
226000070,0,8,-8
226000071,0,32,-32
226000072,0,10,-10
226000073,0,3,-3
226000074,0,11,-11
226000084,2,10,-8
226000085,0,3,-3
226000086,2,6,-4
226000087,0,10,-10
226000088,13,49,-36
226000090,95,114,-19
226000091,22,77,-55
226000092,3,32,-29
226000093,5,0,5
226000094,3,3,0
226000095,11,5,6
226000105,10,0,10
226000106,5,1,4
226000107,13,1,12
226000108,15,0,15
226000109,141,2,139
226000124,160,58,102
226000134,1034,581,453
226000135,1899,436,1463
226000136,696,327,369
226000137,2,88,-86
226000138,7,94,-87
226000139,0,39,-39
226000156,188,14,174
226000157,240,12,228
226000163,34,158,-124
226000202,15,93,-78
226000231,404,6,398
226000232,46,7,39
227000033,372,44,328
227000036,504,25,479
227000037,436,29,407
227000038,140,32,108
227000084,0,56,-56
227000085,0,42,-42
227000088,31,3,28
227000089,57,1,56
227000090,24,1,23
227000091,16,0,16
227000092,18,0,18
227000093,122,0,122
227000094,8,0,8
227000130,29,133,-104
227000131,16,89,-73
227000132,11,84,-73
227000133,11,97,-86
227000134,27,158,-131
227000152,0,7,-7
227000153,0,95,-95
227000154,0,39,-39
227000155,0,18,-18
227000156,0,8,-8
227000165,9,114,-105
227000196,594,107,487
227000199,518,222,296
227000230,14,160,-146
227000232,740,18,722
227000242,50,326,-276
227000243,382,51,331
227000245,13,189,-176
227000246,94,171,-77
227000247,461,58,403
227000248,173,35,138
227000249,10,53,-43
227000250,303,162,141
227000251,68,135,-67
227000252,26,100,-74
227000253,196,14,182
227000262,521,32,489
227000266,1979,23,1956
227000267,26,502,-476
227000282,5,64,-59
227000284,742,9,733
227000286,3,22,-19
227000291,10,234,-224
227000296,147,200,-53
227000484,225,13,212
227000485,9,462,-453
227000655,253,5,248
227000656,676,19,657
227000657,100,13,87
227000704,202,20,182
229000265,14,8,6
229000266,2,0,2
229000267,12,0,12
229000268,14,0,14
229000269,26,0,26
229000274,0,23,-23
229000275,1,26,-25
229000276,0,17,-17
229000277,3,4,-1
229000278,0,4,-4
229000295,14,24,-10
229000296,2,21,-19
229000297,6,26,-20
229000298,8,89,-81
229000320,13,12,1
229000321,12,5,7
229000412,16,58,-42
229000414,5,40,-35
229000415,14,5,9
229000416,1,11,-10
229000417,0,9,-9
229000419,92,324,-232
229000440,344,83,261
229000442,32,10,22
229000443,6,3,3
229000444,2,47,-45
229000445,139,12,127
229000446,104,13,91
229000491,1,9,-8
229000492,3,31,-28
229000493,9,47,-38
229000494,43,1,42
229000495,155,8,147
229000496,98,0,98
229000507,0,47,-47
229000508,0,25,-25
229000509,0,67,-67
229000510,7,20,-13
229000511,2,28,-26
229000512,1,15,-14
229000513,1,4,-3
229000514,0,2,-2
229000517,1,4,-3
229000518,8,6,2
229000519,0,2,-2
229000520,12,13,-1
229000521,41,15,26
229000522,8,2,6
229000523,8,4,4
229000524,8,5,3
229000527,2,0,2
229000528,0,0,0
229000529,15,0,15
229000530,117,0,117
229000531,54,1,53
229000532,19,2,17
229000533,86,0,86
229000534,62,0,62
229000564,101,1,100
229000565,40,0,40
229000566,0,3,-3
229000567,0,10,-10
229000582,82,2,80
229000583,4,2,2
229000584,0,16,-16
229000585,1,69,-68
229000718,0,2,-2
229000719,0,0,0
229000720,0,3,-3
229000721,0,14,-14
229000722,0,7,-7
229000723,0,2,-2
229000724,0,2,-2
229000725,0,2,-2
229000738,3,0,3
229000739,1,0,1
229000740,2,1,1
229000741,34,0,34
229000742,7,0,7
229000743,20,0,20
229000744,3,0,3
229000745,2,0,2
229000746,17,0,17
229000847,93,0,93
229000848,27,0,27
229000849,154,1,153
229000851,58,1,57
229000854,0,5,-5
229000856,0,27,-27
229000857,0,11,-11
229000858,0,17,-17
229000919,5,59,-54
229000930,0,188,-188
229000937,78,13,65
229000966,35,67,-32
229000981,24,13,11
229000985,18,26,-8
229000986,2,4,-2
229000987,0,3,-3
229000988,5,2,3
229000989,12,7,5
229000990,2,5,-3
229000991,1,1,0
229000992,27,5,22
229000993,157,16,141
229000998,17,36,-19
229000999,108,19,89
229001034,0,14,-14
229001035,3,3,0
229001036,6,34,-28
229001037,55,2,53
229001038,1,9,-8
229001039,1,0,1
229001040,1,55,-54
229001041,70,1,69
229001042,39,11,28
229001047,11,32,-21
229001050,33,15,18
229001168,0,21,-21
229001200,16,7,9
229001338,8,12,-4
229001394,191,5,186
229001422,109,15,94
229001423,29,71,-42
229001431,49,31,18
229001432,40,44,-4
229001444,266,44,222
229001445,39,118,-79
229001479,28,2,26
229001503,224,52,172
229001504,130,51,79
229001505,150,14,136
229001506,68,54,14
229001509,48,3,45
229001510,3,32,-29
229001545,113,4,109
229001546,5,54,-49
229001553,95,12,83
229001554,40,38,2
229001630,44,14,30
229001631,19,19,0
229001635,2,10,-8
229001636,4,0,4
229001658,0,75,-75
229001659,58,4,54
229001660,13,9,4
229001661,12,33,-21
229001662,10,1,9
229001663,0,10,-10
229002584,199,233,-34
229002831,119,122,-3
229002841,9,15,-6
229002842,44,19,25
229002843,76,20,56
229002844,33,46,-13
229002845,12,80,-68
229002846,19,8,11
229002847,7,5,2
229002848,9,14,-5
229002849,2,52,-50
229002850,5,2,3
229002851,29,158,-129
229002852,184,17,167
229002853,155,18,137
229002854,39,61,-22
229002855,7,16,-9
229002856,52,10,42
229002857,10,115,-105
229002858,27,10,17
229002859,27,53,-26
229002860,87,13,74
229002861,56,49,7
229002862,18,21,-3
229002863,29,11,18
229002864,28,30,-2
229002865,19,10,9
229002866,27,14,13
229002867,4,23,-19
229002868,7,18,-11
229002869,17,115,-98
229002870,73,8,65
235000066,188,30,158
235000067,73,69,4
235000072,26,61,-35
235000073,61,322,-261
235000074,72,16,56
235000080,19,60,-41
235000081,149,73,76
235000082,159,16,143
235000083,277,27,250
235000084,46,47,-1
235000085,194,40,154
235000089,24,11,13
235000092,43,90,-47
235000093,12,6,6
235000097,0,8,-8
235000098,60,6,54
235000099,44,14,30
235000116,29,16,13
235000117,317,15,302
235000133,9,397,-388
235000134,7,168,-161
235000206,6,17,-11
235000207,3,10,-7
235000208,1,8,-7
235000209,3,0,3
235000210,6,4,2
235000212,0,9,-9
235000213,1,5,-4
235000220,0,2,-2
235000221,50,22,28
235000238,8,119,-111
235000239,2,47,-45
235000242,328,819,-491
235000245,278,152,126
235000246,7,58,-51
235000284,4,179,-175
235000295,66,13,53
235000305,282,21,261
235000306,395,13,382
235000307,18,2,16
235000308,11,0,11
235000309,59,3,56
235000310,56,1,55
235000311,66,23,43
235000322,0,33,-33
235000323,0,25,-25
235000324,0,20,-20
235000325,2,134,-132
235000326,5,74,-69
235000351,3,81,-78
235000352,15,44,-29
235000353,4,29,-25
235000354,13,76,-63
235000355,25,55,-30
235000356,48,6,42
235000357,41,10,31
235000358,48,13,35
235000359,27,6,21
235000360,52,13,39
235000361,41,2,39
235000381,97,57,40
235000382,181,25,156
235000390,6,2,4
235000391,212,25,187
235000392,217,264,-47
235000393,131,96,35
235000395,155,28,127
235000396,581,55,526
235000400,113,29,84
235000401,13,76,-63
235000405,88,105,-17
235000406,20,114,-94
235000407,26,57,-31
235000409,97,46,51
235000410,39,108,-69
235000411,1,18,-17
235000485,0,6,-6
235000486,10,0,10
235000549,111,73,38
235000550,130,62,68
235000599,145,23,122
235000600,6,16,-10
235000601,20,12,8
235000602,88,36,52
235000614,0,5,-5
235000648,0,7,-7
235000649,26,5,21
235000685,2,4,-2
235000815,26,283,-257
235000834,0,13,-13
235000855,46,25,21
235000862,34,69,-35
235000891,0,14,-14
235000892,9,0,9
235000901,62,25,37
235000907,6,10,-4
235001010,75,22,53
235001029,248,145,103
235001030,295,183,112
235001078,95,57,38
235001079,34,54,-20
235001147,1,26,-25
235001166,20,31,-11
235001167,53,21,32
235001169,21,374,-353
235001188,0,10,-10
235001189,9,26,-17
235001197,7,22,-15
235001200,44,46,-2
235001207,114,10,104
235001208,3,5,-2
235001209,11,13,-2
235001210,16,68,-52
235001215,8,32,-24
235001239,1,39,-38
235001244,1,15,-14
235016267,0,51,-51
241900007,62,1,61
277101746,0,1,-1
277102712,1,1,0
277103813,0,0,0
277103898,0,1,-1
277104249,0,0,0
277104250,0,8,-8
277104251,0,3,-3
277104252,0,0,0
990011530,1,157,-156
990014944,0,254,-254
990015176,22,7,15
990015618,0,120,-120
990016032,2,269,-267
990032570,1,365,-364
990070001,78,37,41
990070103,0,7,-7
990070601,0,50,-50
990070751,1597,4,1593
990070766,0,221,-221
990071180,416,150,266
990071343,19,5,14
990071387,0,7,-7
990071823,458,4,454
990072600,5,1557,-1552
990072964,1,302,-301
990073285,0,3,-3
990074393,0,468,-468
990074870,1914,26,1888
990075106,729,69,660
990075746,668,3,665
990076437,2142,18,2124
990076458,0,249,-249
997000007,379,5,374
997000041,1,274,-273
997000058,55,0,55
997000062,34,0,34
997000069,0,8,-8
997000070,0,38,-38
997000100,56,1,55
997000141,5,1566,-1561
997000198,2,798,-796
998000475,0,4,-4
998000736,2,77,-75
998000965,1,11,-10
998001031,2,61,-59
998001700,0,25,-25
998001899,0,0,0
998001900,6,1,5
998003073,1081,52,1029
998101900,0,0,0
998102850,5,343,-338
998501927,533,1180,-647
998501929,121,6,115
998501930,28,0,28
998501931,126,3,123
998501932,1,1,0
998501933,59,5,54
998501937,4,0,4
998501944,0,0,0
998501950,0,0,0
998501970,53,5,48
998501971,0,55,-55
998501973,0,24,-24
998501974,1,198,-197
998501975,87,0,87
998501976,88,1,87
998501977,3,16,-13
998501978,25,1,24
998501979,0,10,-10
998501980,81,27,54
998501981,62,26,36
998501982,1,108,-107
998501983,0,1,-1
998502006,0,0,0
998502024,0,0,0
998502032,0,4,-4
998502062,8,5,3
998502063,0,0,0
998502173,10,0,10
998502269,0,3,-3
998601159,1,63,-62
998601292,0,12,-12
999033574,1,107,-106
999800001,102,47,55
999800002,0,4,-4
999800003,6,2,4
999800004,0,11,-11
999800005,0,5,-5
