ID,insum,outsum,diff
100000001,773,1631,-858
100000002,5476,1220,4256
100000003,9334,4694,4640
100000004,1988,1723,265
100000005,2913,6658,-3745
100000006,1066,170,896
100000007,4780,882,3898
100000008,244,891,-647
100000009,801,354,447
100000010,90,70,20
100000011,962,90,872
100000012,123,1045,-922
100000013,71,391,-320
100000014,550,360,190
100000015,2877,3275,-398
100000016,1614,2300,-686
100000017,1486,1423,63
100000018,2129,938,1191
100000019,8930,3264,5666
100000020,3343,10924,-7581
100000021,9670,4717,4953
100000022,4704,2410,2294
100000023,10693,2761,7932
100000025,5307,1924,3383
100000028,4290,1653,2637
100000029,555,409,146
100000030,943,213,730
100000031,12882,13066,-184
100000032,4473,7207,-2734
100000033,1849,4393,-2544
100000034,1533,988,545
100000035,3295,1432,1863
100000036,4353,1644,2709
100000037,713,682,31
100000038,2262,1490,772
100000039,1540,308,1232
100000040,401,306,95
100000041,1884,576,1308
100000042,2056,559,1497
100000043,1431,502,929
100000044,483,1025,-542
100000045,864,2153,-1289
100000046,1196,2136,-940
100000047,850,1320,-470
100000048,1523,1011,512
100000049,2891,3663,-772
100000051,881,1582,-701
100000053,101,9,92
100000054,459,57,402
100000055,1403,309,1094
100000056,721,882,-161
100000057,2814,1205,1609
100000058,1577,1850,-273
100000059,28,190,-162
100000060,541,739,-198
100000061,3167,852,2315
100000062,2888,788,2100
100000063,766,438,328
100000064,2048,615,1433
100000065,748,1470,-722
100000066,366,1277,-911
100000067,748,1289,-541
100000068,898,2498,-1600
100000069,465,2436,-1971
100000072,658,1598,-940
100000073,2354,2099,255
100000075,836,531,305
100000076,4749,4292,457
100000077,1254,329,925
100000078,145,166,-21
100000079,114,169,-55
100000080,42,29,13
100000081,218,106,112
100000102,10392,2529,7863
100000103,7096,1611,5485
100000104,7799,3523,4276
100000105,6111,2003,4108
100000106,5713,3672,2041
100000107,1789,1181,608
100000108,2571,1608,963
100000109,8538,2143,6395
100000116,2418,1514,904
100000117,110,71,39
100000118,2966,1793,1173
100000119,1258,898,360
100000121,446,730,-284
100000122,4192,1492,2700
100000123,5479,9325,-3846
100000124,8356,15076,-6720
100000125,5256,1759,3497
100000126,2218,483,1735
100000127,4897,522,4375
100000128,2076,2650,-574
100000129,1011,671,340
100000130,468,844,-376
100000131,4338,6332,-1994
100000132,2566,4722,-2156
100000133,9521,4898,4623
100000135,734,1232,-498
100000139,555,298,257
100000140,685,345,340
100000142,670,717,-47
100000143,2537,1179,1358
100000144,6358,1301,5057
100000147,1785,3802,-2017
100000150,102,635,-533
100000151,1415,1548,-133
100000153,1599,621,978
100000154,695,269,426
100000155,45,90,-45
100000156,376,217,159
100000157,64,96,-32
100000158,244,117,127
100000159,1507,764,743
100000165,2126,1158,968
100000169,1478,668,810
100000174,2922,818,2104
100000179,155,805,-650
100000180,5227,2636,2591
100000181,372,366,6
100000188,172,661,-489
100000189,2136,542,1594
100000190,1073,767,306
100000191,1504,613,891
100000192,133,334,-201
100000193,288,227,61
100000330,2922,1667,1255
100000355,359,1030,-671
100000362,7753,5141,2612
100000363,4570,6412,-1842
100000364,784,219,565
100000365,6139,7084,-945
100000366,8000,3745,4255
100000367,6700,5813,887
100000368,3456,2533,923
100000369,2326,2911,-585
100000370,524,762,-238
100000376,240,242,-2
100000379,7883,2604,5279
100000380,12089,5113,6976
100000384,12481,9270,3211
100000385,11231,8020,3211
100000386,16783,10857,5926
100000387,14233,9340,4893
100000388,13545,12995,550
100000389,13382,11651,1731
100000390,14047,7660,6387
100000391,9781,11973,-2192
100000392,7556,3992,3564
100000393,4275,5020,-745
100000394,14584,8550,6034
100000395,9339,3137,6202
100000396,9879,3814,6065
100000397,6928,3861,3067
100000398,16733,11051,5682
100900002,59,62,-3
100900003,439,152,287
100900004,46,1304,-1258
100900005,213,25,188
100900006,10,188,-178
100900007,808,26,782
100900008,7,560,-553
100900009,131,112,19
100900010,83,161,-78
100900011,150,504,-354
100900012,1,331,-330
100900013,1269,15,1254
100900014,6,10,-4
100900015,178,226,-48
100900016,1,71,-70
100900017,1477,123,1354
100900018,0,18,-18
100900019,40,195,-155
100900020,765,9,756
100900021,639,1,638
100900022,7,26,-19
100900023,0,50,-50
100900024,1701,21,1680
100900025,23,34,-11
100900026,186,222,-36
100900027,976,4802,-3826
100900028,224,295,-71
100900029,106,28,78
100900030,18,49,-31
100900031,953,125,828
100900032,217,0,217
100900033,426,378,48
100900034,622,0,622
100900035,1116,3,1113
100900036,28,0,28
100900037,92,391,-299
100900038,378,27,351
100900039,398,791,-393
100900040,405,1120,-715
100900041,709,1212,-503
100900042,1165,439,726
100900043,0,43,-43
100900044,5064,829,4235
100900045,300,1,299
100900046,1649,13,1636
100900047,1128,191,937
100900048,270,56,214
100900049,85,293,-208
100900050,14,43,-29
100900051,132,82,50
100900052,503,51,452
100900053,415,42,373
100900054,30,158,-128
100900055,609,841,-232
100900056,207,386,-179
100900057,1229,1889,-660
100900058,599,62,537
100900059,178,8,170
100900060,173,11,162
100900061,487,510,-23
100900062,8,95,-87
100900063,262,702,-440
100900064,1207,28,1179
100900065,296,156,140
100900066,131,206,-75
100900067,7,23,-16
100900068,210,150,60
100900069,2917,12,2905
100900070,357,4,353
100900071,897,541,356
100900072,2,63,-61
100900073,218,800,-582
100900074,2,10,-8
100900075,3236,701,2535
100900076,44,119,-75
100900077,17,172,-155
100900078,151,880,-729
100900079,3,43,-40
100900080,47,255,-208
100900081,86,353,-267
100900082,105,996,-891
100900083,7,41,-34
100900085,12,157,-145
100900086,435,2525,-2090
100900088,130,1084,-954
100900089,8,26,-18
100900090,284,809,-525
100900091,5,36,-31
100900092,488,344,144
100900093,254,536,-282
100900094,137,960,-823
100900095,6,24,-18
100900096,69,150,-81
100900097,2,12,-10
100900098,21,16,5
100900099,54,1015,-961
100900100,15,541,-526
100900101,520,100,420
100900102,114,115,-1
100900103,7,17,-10
100900104,17,316,-299
100900105,23,353,-330
100900106,75,10,65
100900107,3402,1207,2195
100900108,5,41,-36
100900109,21,56,-35
100900110,6,99,-93
100900111,63,311,-248
100900112,1,12,-11
100900113,11,26,-15
100900114,15,33,-18
100900115,22,54,-32
100900116,1156,2105,-949
100900117,415,1172,-757
100900118,120,106,14
100900119,7,36,-29
100900120,10,25,-15
100900121,388,1288,-900
100900122,191,278,-87
100900123,124,202,-78
100900124,2,12,-10
100900125,23,132,-109
100900126,179,308,-129
100900127,1,8,-7
100900128,158,295,-137
100900129,1,239,-238
100900131,104,337,-233
100900133,140,83,57
100900134,5,5,0
100900135,3,273,-270
100900137,489,277,212
100900138,771,733,38
100900139,18,8,10
100900140,4,1157,-1153
100900141,4,664,-660
100900142,6,37,-31
100900143,1492,668,824
100900144,17,14,3
100900145,117,224,-107
100900146,3,49,-46
100900147,54,420,-366
100900148,33,1541,-1508
100900149,21,211,-190
100900150,7,49,-42
100900151,177,930,-753
100900152,159,18,141
100900153,7,275,-268
100900154,14,38,-24
100900155,8,14,-6
100900156,27,3,24
100900157,13,219,-206
100900159,13,43,-30
100900160,20,29,-9
100900161,134,4,130
100900162,41,290,-249
100900163,230,342,-112
100900164,69,65,4
100900165,38,71,-33
100900166,46,2,44
100900167,23,140,-117
100900168,73,178,-105
100900169,211,1481,-1270
100900170,29,15,14
100900171,42,930,-888
100900172,0,16,-16
100900173,5,920,-915
100900174,568,65,503
100900176,2496,448,2048
100900177,1307,742,565
100900178,948,208,740
100900179,254,230,24
100900180,3,7,-4
100900181,120,40,80
100900182,65,35,30
100900184,12,209,-197
100900186,1334,1284,50
100900187,10,237,-227
100900188,35,29,6
100900189,1723,342,1381
100900191,2251,1703,548
100900192,421,367,54
100900195,261,266,-5
100900197,27,191,-164
100900198,22,606,-584
100900199,33,38,-5
100900200,812,606,206
100900201,151,1487,-1336
100900202,35,0,35
100900203,2,64,-62
100900204,1037,1243,-206
100900205,292,645,-353
100900206,195,111,84
100900207,250,137,113
100900210,83,1015,-932
100900211,761,335,426
100900213,83,63,20
100900214,1438,259,1179
100900215,34,67,-33
100900217,221,129,92
101000001,6713,2762,3951
101000002,6201,8083,-1882
101000003,1341,3964,-2623
101000004,14625,15364,-739
101000005,6593,9553,-2960
101000006,12100,15539,-3439
101000007,5009,5359,-350
101000008,9166,5219,3947
101000009,2915,2838,77
101000010,1487,2266,-779
101000011,3722,1184,2538
101000012,3122,996,2126
101000013,894,1798,-904
101000014,1213,1176,37
101000015,1911,1183,728
101000016,2259,890,1369
101000017,1839,1055,784
101000018,11121,4507,6614
101000020,8825,1725,7100
101000021,4041,523,3518
101000022,826,128,698
101000023,3813,1285,2528
101000025,453,673,-220
101000026,615,40,575
101000027,4745,2432,2313
101000028,2175,279,1896
101000029,354,1222,-868
101000030,2362,138,2224
101000031,1095,742,353
101000032,12327,4229,8098
101000033,6524,4973,1551
101000034,8001,2374,5627
101000035,2939,877,2062
101000036,4464,1008,3456
101000037,9312,2103,7209
101000039,7248,5045,2203
101000040,8338,5629,2709
101000041,22781,10426,12355
101000042,2435,1890,545
101000043,16674,10323,6351
101000045,2960,1061,1899
101000046,4361,1220,3141
101000047,3205,2458,747
101000048,1966,1617,349
101000049,1772,2237,-465
101000050,4467,4252,215
101000051,3984,3610,374
101000052,2917,1223,1694
101000053,2123,2816,-693
101000054,3006,2080,926
101000055,2360,3138,-778
101000056,118,129,-11
101000057,4902,1621,3281
101000058,4621,1960,2661
101000059,7655,2385,5270
101000060,3146,871,2275
101000061,1506,2012,-506
101000062,1570,1199,371
101000063,1097,1253,-156
101000064,2466,959,1507
101000065,664,609,55
101000066,744,555,189
101000067,1520,933,587
101000068,808,597,211
101000069,830,148,682
101000070,2357,1719,638
101000071,3648,1577,2071
101000072,1916,6526,-4610
101000073,1095,1074,21
101000074,8487,5819,2668
101000075,9654,5039,4615
101000077,2130,1763,367
101000078,1550,3004,-1454
101000079,577,544,33
101000080,808,424,384
101000081,1735,2510,-775
101000082,5161,3913,1248
101000083,3201,3383,-182
101000084,1865,1452,413
101000085,2416,1716,700
101000086,1599,1596,3
101000087,1220,1823,-603
101000088,1384,1696,-312
101000089,1325,2525,-1200
101000090,3773,1950,1823
101000091,490,1868,-1378
101000092,812,1649,-837
101000093,2626,1361,1265
101000094,1057,2130,-1073
101000095,366,1207,-841
101000096,417,973,-556
101000097,1692,645,1047
101000098,1327,1041,286
101000099,2012,2531,-519
101000100,1560,1356,204
101000101,990,682,308
101000102,3723,592,3131
101000103,1475,764,711
101000104,744,953,-209
101000105,2671,460,2211
101000106,1754,582,1172
101000107,285,616,-331
101000108,2435,597,1838
101000109,381,160,221
101000110,63,1177,-1114
101000111,177,358,-181
101000113,495,1662,-1167
101000114,8946,4445,4501
101000115,148,225,-77
101000116,267,335,-68
101000117,1915,386,1529
101000119,335,189,146
101000120,423,65,358
101000121,203,70,133
101000122,316,163,153
101000123,119,136,-17
101000124,364,235,129
101000125,235,711,-476
101000128,2167,430,1737
101000130,433,553,-120
101000131,1076,1045,31
101000132,738,2955,-2217
101000135,153,49,104
101000136,604,226,378
101000137,53,407,-354
101000141,4698,5648,-950
101000147,1506,803,703
101000148,2496,60,2436
101000149,56,105,-49
101000150,110,1708,-1598
101000151,233,104,129
101000152,647,617,30
101000153,865,723,142
101000154,324,2698,-2374
101000155,311,242,69
101000156,54,519,-465
101000157,120,62,58
101000160,150,78,72
101000163,315,140,175
101000164,661,701,-40
101000165,345,589,-244
101000166,400,730,-330
101000168,1268,593,675
101000252,2360,1347,1013
101000254,880,94,786
101000258,37,22,15
101000261,104,50,54
101000262,4409,2063,2346
101000263,865,1669,-804
101000265,153,1064,-911
101000266,737,534,203
101000269,359,18,341
101000290,3988,5910,-1922
101000293,43,128,-85
101000294,1061,758,303
101000295,201,1022,-821
101000301,1668,673,995
101000304,6718,4202,2516
101000305,5340,3156,2184
101000328,105,570,-465
101900001,41,81,-40
101900002,0,18,-18
101900003,237,165,72
101900004,14,58,-44
101900005,8942,2713,6229
101900006,1723,178,1545
101900007,1242,187,1055
101900008,343,534,-191
101900009,146,1004,-858
101900010,1495,1075,420
101900011,666,2878,-2212
101900012,294,779,-485
101900013,1963,234,1729
101900017,49,291,-242
101900018,3156,467,2689
101900019,453,193,260
101900020,183,244,-61
101900021,3,87,-84
101900022,135,2028,-1893
101900023,149,312,-163
101900026,188,58,130
101900027,19,147,-128
102000001,9528,6864,2664
102000002,6202,2241,3961
102000003,5901,12312,-6411
102000004,13152,5880,7272
102000005,3302,4365,-1063
102000006,3915,4282,-367
102000007,3034,10143,-7109
102000008,9258,3901,5357
102000009,9014,12121,-3107
102000010,8564,8292,272
102000011,6035,4143,1892
102000012,7027,6794,233
102000018,6438,4679,1759
102000019,4757,3822,935
102000026,584,2157,-1573
102000029,567,398,169
102000030,190,682,-492
102000031,91,326,-235
102000032,560,786,-226
102000033,359,793,-434
102000034,837,1177,-340
102000035,1880,1134,746
102000036,18,987,-969
102000037,319,154,165
102000038,740,311,429
102000039,847,178,669
102000040,1003,413,590
102000041,491,614,-123
102000042,626,542,84
102000043,847,540,307
102000044,2256,1022,1234
102000045,1544,2369,-825
102000046,2368,1219,1149
102000047,1016,2533,-1517
102000048,514,1537,-1023
102000049,2390,1383,1007
102000050,2368,2062,306
102000051,727,1291,-564
102000052,2536,1623,913
102000053,2614,1708,906
102000054,721,1474,-753
102000055,1132,1592,-460
102000056,824,3260,-2436
102000057,1771,1197,574
102000058,1634,3313,-1679
102000059,2217,3021,-804
102000060,2175,1871,304
102000061,2045,3716,-1671
102000062,2017,2096,-79
102000063,1840,2637,-797
102000064,948,1318,-370
102000065,47,295,-248
102000066,1255,3258,-2003
102000067,4052,5879,-1827
102000068,19854,5765,14089
102000069,108,2905,-2797
102000070,2490,132,2358
102000071,13945,15766,-1821
102000072,4670,9573,-4903
102000073,2148,1499,649
102000074,999,1456,-457
102000075,375,534,-159
102000076,261,951,-690
102000077,618,1669,-1051
102000078,935,1567,-632
102000079,147,387,-240
102000080,308,443,-135
102000081,546,1292,-746
102000082,1409,581,828
102000083,770,559,211
102000084,243,624,-381
102000085,2788,2064,724
102000086,1555,2266,-711
102000087,1648,2613,-965
102000088,358,526,-168
102000089,1667,716,951
102000090,648,1755,-1107
102000091,3017,779,2238
102000092,476,1437,-961
102000093,720,1039,-319
102000094,1735,1031,704
102000095,1514,2355,-841
102000096,1290,1588,-298
102000097,1817,1847,-30
102000098,865,1746,-881
102000099,1974,1113,861
102000100,1330,2036,-706
102000101,2486,1244,1242
102000102,471,5857,-5386
102000103,2675,827,1848
102000104,1923,608,1315
102000105,460,1425,-965
102000106,962,1729,-767
102000107,1561,942,619
102000108,863,637,226
102000109,969,982,-13
102000110,962,2752,-1790
102000111,11,657,-646
102000112,220,165,55
102000113,6,47,-41
102000114,1752,583,1169
102000115,318,422,-104
102000116,927,565,362
102000117,427,797,-370
102000118,3635,1687,1948
102000119,3874,1242,2632
102000120,330,939,-609
102000121,1469,838,631
102000122,841,1430,-589
102000123,2155,1961,194
102000124,2359,1788,571
102000125,1120,1997,-877
102000126,949,1080,-131
102000127,1525,1316,209
102000128,1007,1778,-771
102000129,1711,1358,353
102000130,786,1293,-507
102000131,3638,1418,2220
102000132,1424,1611,-187
102000133,1963,3652,-1689
102000134,899,1516,-617
102000135,1400,2194,-794
102000136,1948,1268,680
102000137,1572,1433,139
102000138,369,653,-284
102000139,213,666,-453
102000140,516,531,-15
102000141,695,1021,-326
102000142,490,614,-124
102000143,207,695,-488
102000144,316,622,-306
102000145,487,723,-236
102000146,563,524,39
102000147,609,644,-35
102000148,298,719,-421
102000149,265,1089,-824
102000150,390,526,-136
102000151,222,574,-352
102000152,179,284,-105
102000153,1545,719,826
102000154,860,1148,-288
102000155,209,548,-339
102000156,1046,167,879
102000157,335,421,-86
102000158,1415,1137,278
102000159,2491,783,1708
102000161,6727,3443,3284
102000162,317,234,83
102000163,195,875,-680
102000164,1936,1546,390
102000165,382,226,156
102000166,52,257,-205
102000167,392,278,114
102000168,402,172,230
102000169,179,1375,-1196
102000170,1187,258,929
102000171,441,120,321
102000172,421,606,-185
102000173,1176,363,813
102000174,59,87,-28
102000175,189,269,-80
102000176,81,65,16
102000178,396,784,-388
102000179,791,301,490
102000180,944,930,14
102000181,706,971,-265
102000182,562,995,-433
102000183,2109,2936,-827
102000184,2142,1340,802
102000185,3168,2152,1016
102000186,1450,3079,-1629
102000187,949,2641,-1692
102000188,1246,2488,-1242
102000189,4534,1494,3040
102000190,1053,5110,-4057
102000191,1825,894,931
102000192,1484,2086,-602
102000193,104,235,-131
102000194,164,234,-70
102000195,956,894,62
102000196,274,861,-587
102000197,735,832,-97
102000198,265,1408,-1143
102000199,1160,606,554
102000200,600,2065,-1465
102000201,925,788,137
102000202,7,241,-234
102000203,521,514,7
102000204,623,1817,-1194
102000205,1608,1009,599
102000206,1489,1193,296
102000207,2101,792,1309
102000208,906,978,-72
102000209,71,91,-20
102000210,504,928,-424
102000211,830,652,178
102000212,263,28,235
102000213,3,660,-657
102000214,284,22,262
102000215,6,770,-764
102000216,91,85,6
102000217,14,316,-302
102000218,298,236,62
102000219,686,485,201
102000225,1020,1324,-304
102000226,7979,1805,6174
102000227,471,3,468
102000228,1,177,-176
102000229,85,50,35
102000230,379,868,-489
102000231,508,858,-350
102000232,18,529,-511
102000233,762,1744,-982
102000234,165,1585,-1420
102000236,465,140,325
102000237,1439,258,1181
102000238,278,652,-374
102000240,1090,907,183
102000241,375,213,162
102000243,18,159,-141
102000245,27,161,-134
102000246,14,59,-45
102000247,1442,1855,-413
102000248,1031,1094,-63
102000249,167,257,-90
102000250,77,650,-573
102000254,101,687,-586
102000266,82,368,-286
102000271,79,0,79
102000286,864,680,184
102000297,3317,2090,1227
102000299,1,0,1
102000301,0,0,0
102000303,0,0,0
102000305,0,1,-1
102000307,0,2,-2
102900001,1595,1647,-52
102900002,422,52,370
102900003,63,370,-307
102900005,399,640,-241
102900006,706,426,280
102900007,368,42,326
102900008,314,189,125
102900009,780,468,312
102900010,978,562,416
102900011,3188,828,2360
102900012,557,127,430
102900013,41,71,-30
102900015,1180,637,543
102900016,89,158,-69
102900017,174,965,-791
102900018,49,195,-146
102900019,1024,1259,-235
102900020,185,60,125
102900021,27,179,-152
102900022,752,139,613
102900023,37,100,-63
102900024,51,74,-23
102900025,459,197,262
102900026,1495,2145,-650
102900027,90,121,-31
102900028,233,1168,-935
102900029,220,287,-67
102900030,706,460,246
102900031,162,229,-67
102900032,106,165,-59
102900033,134,379,-245
102900034,484,184,300
102900035,206,595,-389
102900036,314,1006,-692
102900037,317,1149,-832
102900038,689,1135,-446
102900039,144,642,-498
102900040,220,437,-217
102900041,101,329,-228
102900042,287,640,-353
102900043,230,465,-235
102900044,1123,3007,-1884
102900045,155,996,-841
102900046,111,456,-345
102900047,180,1133,-953
102900048,818,1017,-199
102900049,152,610,-458
102900050,460,605,-145
102900051,249,404,-155
102900052,84,42,42
102900053,491,1326,-835
102900054,1507,1697,-190
102900055,280,254,26
102900056,193,827,-634
102900057,8,63,-55
102900058,501,116,385
102900059,48,58,-10
102900060,203,704,-501
102900061,203,776,-573
102900062,246,1821,-1575
102900063,1419,647,772
102900064,287,818,-531
102900065,2690,630,2060
102900066,452,94,358
102900068,202,109,93
102900070,432,979,-547
102900072,33,68,-35
102900073,194,11,183
102900075,38,83,-45
102900076,365,155,210
102900077,63,57,6
102900078,96,157,-61
102900079,302,11,291
102900080,420,53,367
102900081,92,483,-391
102900082,28,290,-262
102900083,560,28,532
102900084,17,40,-23
102900085,345,167,178
102900086,11,104,-93
102900087,135,156,-21
102900088,111,49,62
102900089,451,247,204
102900090,4,743,-739
102900091,247,4,243
102900092,500,1531,-1031
102900093,510,478,32
102900094,5,117,-112
102900095,229,1,228
102900096,71,17,54
102900097,4,179,-175
103000001,3638,4724,-1086
103000002,4868,4227,641
103000003,9461,4901,4560
103000004,1346,1161,185
103000005,3530,5524,-1994
103000006,1011,2452,-1441
103000007,732,1337,-605
103000008,2181,1551,630
103000009,2267,1836,431
103000010,189,259,-70
103000011,2353,1963,390
103000012,1601,2200,-599
103000013,10222,3236,6986
103000014,2073,5095,-3022
103000015,4132,1342,2790
103000016,715,2433,-1718
103000017,256,674,-418
103000018,1791,715,1076
103000019,310,407,-97
103000020,4168,2817,1351
103000021,3561,2549,1012
103000022,1508,2171,-663
103000023,907,3137,-2230
103000024,147,298,-151
103000025,133,860,-727
103000026,2151,237,1914
103000027,410,973,-563
103000028,878,593,285
103000029,476,433,43
103000030,2903,1312,1591
103000031,2661,3827,-1166
103000032,2625,2928,-303
103000033,3857,4767,-910
103000034,2407,1744,663
103000035,727,2461,-1734
103000036,666,848,-182
103000037,969,824,145
103000038,814,2079,-1265
103000039,441,772,-331
103000040,614,2234,-1620
103000041,2173,4045,-1872
103000042,1420,1117,303
103000043,626,2040,-1414
103000044,200,382,-182
103000046,375,965,-590
103000047,958,1017,-59
103000048,246,323,-77
103000049,113,320,-207
103000050,1255,1143,112
103000051,783,940,-157
103000052,1180,731,449
103000053,253,847,-594
103000054,3536,1979,1557
103000055,2484,3605,-1121
103000056,749,3004,-2255
103000057,364,470,-106
103000058,851,1480,-629
103000059,539,1327,-788
103000060,1177,1252,-75
103000061,660,1566,-906
103000062,1635,1103,532
103000063,1110,1316,-206
103000064,216,421,-205
103000065,15,548,-533
103000066,248,20,228
103000069,285,677,-392
103000070,1483,1577,-94
103000071,1559,556,1003
103000072,167,1601,-1434
103000073,900,217,683
103000074,1289,200,1089
103000075,176,1464,-1288
103000076,423,624,-201
103000077,60,619,-559
103000078,2854,1060,1794
103000079,2441,1013,1428
103000080,1608,585,1023
103000081,809,1510,-701
103000082,881,386,495
103000083,229,590,-361
103000084,251,18,233
103000085,3,193,-190
103000086,1603,677,926
103000087,412,860,-448
103000088,687,479,208
103000089,550,1044,-494
103000090,2769,1170,1599
103000091,844,694,150
103000092,537,392,145
103000093,497,738,-241
103000094,241,162,79
103000095,113,660,-547
103000096,975,222,753
103000097,133,1099,-966
103000098,1335,316,1019
103000099,684,892,-208
103000100,170,1547,-1377
103000101,1377,275,1102
103000102,155,1106,-951
103000103,1019,456,563
103000104,135,215,-80
103000105,187,300,-113
103000106,16,119,-103
103000107,546,112,434
103000108,877,863,14
103000109,817,575,242
103000110,732,636,96
103000111,1372,686,686
103000112,896,337,559
103000113,1864,1156,708
103000114,3949,698,3251
103000115,608,925,-317
103000116,627,876,-249
103000117,397,830,-433
103000118,2738,1482,1256
103000119,2753,981,1772
103000120,179,147,32
103000121,450,892,-442
103000122,654,422,232
103000125,18,613,-595
103000126,696,26,670
103000127,3,299,-296
103000128,195,2,193
103000129,1,187,-186
103000130,60,60,0
103000131,258,189,69
103000132,116,230,-114
103000133,13,173,-160
103000134,990,1301,-311
103000135,1429,496,933
103000136,1496,649,847
103000137,1296,982,314
103000138,1640,1274,366
103000139,9,118,-109
103000140,296,33,263
103000141,74,204,-130
103000142,193,161,32
103000143,217,348,-131
103000144,295,153,142
103000145,69,70,-1
103000150,123,89,34
103000152,656,397,259
103000153,528,246,282
103000156,5,664,-659
103000157,546,3,543
103000159,306,201,105
103000162,156,28,128
103000163,15,46,-31
103000164,37,26,11
103000165,362,655,-293
103000166,298,480,-182
103000167,690,131,559
103000168,141,228,-87
103000169,330,794,-464
103000170,754,890,-136
103000171,69,97,-28
103000172,559,531,28
103000173,705,1324,-619
103000174,262,659,-397
103000175,191,573,-382
103000176,1653,788,865
103000177,1364,656,708
103000178,416,512,-96
103000179,293,70,223
103000183,164,46,118
103000185,129,193,-64
103000186,148,316,-168
103000187,708,1057,-349
103000188,20,83,-63
103000189,2691,1522,1169
103000191,983,1283,-300
103000292,3947,2209,1738
103000293,2056,2864,-808
103000295,177,126,51
103000296,504,15,489
103000297,209,51,158
103000504,220,79,141
103000505,27,24,3
103000506,3,384,-381
103000507,249,7,242
103000508,93,72,21
103000509,332,945,-613
103900001,4,612,-608
103900002,3412,290,3122
103900003,3547,261,3286
103900004,141,1,140
103900005,2,417,-415
103900006,1,3,-2
103900007,25,1,24
103900008,40,2,38
103900009,330,517,-187
103900010,220,432,-212
103900011,331,350,-19
103900012,10,42,-32
103900013,52,144,-92
103900014,57,51,6
103900015,43,15,28
103900016,412,322,90
103900017,48,138,-90
103900018,1019,361,658
103900019,71,484,-413
103900020,344,713,-369
103900021,1343,103,1240
103900022,1797,1031,766
103900023,144,3,141
103900024,188,1213,-1025
103900025,22,109,-87
103900026,61,0,61
103900027,850,547,303
103900028,28,392,-364
103900029,1599,253,1346
103900030,804,61,743
103900031,35,4,31
103900032,107,99,8
103900033,606,19,587
103900034,34,471,-437
103900035,98,107,-9
103900036,169,72,97
103900037,178,53,125
103900038,124,312,-188
103900039,76,623,-547
103900040,22,365,-343
103900041,57,55,2
103900042,72,584,-512
103900043,218,257,-39
103900044,442,536,-94
103900045,380,277,103
103900047,117,42,75
103900048,84,28,56
103900049,295,2307,-2012
103900050,8,159,-151
103900051,1,42,-41
103900052,287,849,-562
103900053,290,1751,-1461
103900054,114,836,-722
103900055,694,435,259
103900056,56,95,-39
103900057,47,350,-303
103900058,263,1234,-971
103900059,2,3,-1
103900060,55,402,-347
103900061,132,103,29
103900062,505,189,316
103900063,3,0,3
103900064,145,4,141
103900065,925,656,269
103900066,184,24,160
103900067,240,13,227
103900068,5,0,5
103900069,171,32,139
103900070,241,504,-263
103900071,16,258,-242
103900072,16,414,-398
103900073,56,57,-1
103900074,103,159,-56
103900075,269,225,44
103900076,526,1172,-646
103900077,165,181,-16
103900078,240,211,29
103900079,182,423,-241
103900080,22,61,-39
103900081,139,29,110
103900082,11,182,-171
103900083,2656,1948,708
103900084,94,332,-238
103900085,143,202,-59
103900086,930,540,390
103900088,517,514,3
103900089,58,303,-245
103900090,8,353,-345
103900091,1321,402,919
103900092,1749,732,1017
103900093,132,475,-343
103900094,10,176,-166
103900095,1380,291,1089
103900096,46,382,-336
103900097,22,876,-854
103900098,291,175,116
103900099,92,379,-287
103900100,284,641,-357
103900101,97,1716,-1619
103900102,0,72,-72
103900104,2,57,-55
103900105,169,320,-151
103900106,0,21,-21
103900107,189,457,-268
103900108,49,645,-596
103900109,115,140,-25
103900110,412,87,325
103900111,117,1393,-1276
103900112,57,78,-21
103900113,175,357,-182
103900114,885,573,312
103900115,335,459,-124
103900116,11254,3933,7321
103900117,221,187,34
103900119,38,71,-33
103900120,113,230,-117
103900122,100,445,-345
103900123,3170,970,2200
103900124,85,748,-663
103900125,155,159,-4
103900126,685,878,-193
103900127,189,1135,-946
103900128,116,278,-162
103900131,31,222,-191
103900133,1742,60,1682
103900134,0,3,-3
103900135,8,5,3
103900137,0,50,-50
103900138,174,636,-462
103900139,377,2273,-1896
103900140,7,146,-139
103900141,459,131,328
103900142,338,426,-88
103900143,58,4,54
103900144,1,214,-213
103900145,256,563,-307
103900146,469,671,-202
103900147,643,229,414
103900148,302,379,-77
103900149,313,1255,-942
103900150,13340,6046,7294
103900151,79,283,-204
103900152,585,1025,-440
103900153,18,2,16
103900154,2104,3705,-1601
103900155,36,403,-367
103900156,35,303,-268
103900157,50,524,-474
103900158,108,423,-315
103900159,147,127,20
103900160,69,29,40
103900161,118,337,-219
103900162,67,436,-369
103900163,24,862,-838
103900167,27,135,-108
103900168,144,228,-84
103900169,58,78,-20
103900170,2,162,-160
103900171,4,121,-117
103900172,14,72,-58
103900173,9,19,-10
103900174,163,85,78
103900175,104,91,13
103900176,9,38,-29
103900177,16,70,-54
103900178,74,161,-87
103900179,52,432,-380
103900180,17,244,-227
103900181,112,110,2
103900182,56,36,20
103900184,1003,130,873
103900185,661,341,320
103900187,178,80,98
103900188,70,29,41
103900189,112,5,107
103900190,189,88,101
103900191,62,100,-38
103900192,25,152,-127
103900193,248,281,-33
103900194,139,449,-310
103900195,3,48,-45
103900196,36,47,-11
103900197,23,42,-19
103900198,24,98,-74
103900199,229,102,127
103900200,195,228,-33
103900201,127,340,-213
103900202,14,79,-65
103900203,33,43,-10
103900204,2,210,-208
103900207,5,318,-313
103900208,155,4,151
103900209,13,169,-156
103900210,78,30,48
103900211,733,1184,-451
103900212,151,685,-534
103900213,368,450,-82
103900214,906,262,644
103900215,951,361,590
103900216,14,767,-753
103900217,589,153,436
103900218,6,632,-626
103900219,234,690,-456
103900233,171,8,163
103900235,137,44,93
103900236,46,1,45
103900242,1,20,-19
103900243,13,34,-21
103900244,149,643,-494
103900245,176,330,-154
103900246,75,77,-2
103900247,227,175,52
103900248,6,41,-35
103900249,56,87,-31
103900250,90,59,31
103900251,6,47,-41
103900253,68,123,-55
103900254,40,37,3
103900255,99,21,78
103900256,92,55,37
103900257,263,336,-73
103900258,162,13,149
103900259,160,10,150
103900261,13,14,-1
103900262,42,23,19
103900263,154,183,-29
103900264,144,95,49
103900265,91,24,67
103900266,3,124,-121
103900267,17,96,-79
103900268,8,165,-157
103900269,157,56,101
103900270,66,259,-193
103900271,24,305,-281
103900272,91,150,-59
103900273,46,167,-121
103900274,96,40,56
103900275,67,14,53
103900276,8,292,-284
103900277,16,462,-446
103900278,15,137,-122
103900279,1,32,-31
104000001,3220,3642,-422
104000002,2931,5996,-3065
104000003,3583,4083,-500
104000004,4768,4954,-186
104000005,2150,3371,-1221
104000006,3796,5372,-1576
104000007,6380,6574,-194
104000008,567,686,-119
104000009,270,204,66
104000010,219,334,-115
104000011,1386,523,863
104000012,311,768,-457
104000013,226,246,-20
104000014,356,1241,-885
104000015,353,253,100
104000016,837,785,52
104000018,977,237,740
104000019,733,212,521
104000020,251,977,-726
104000021,443,884,-441
104000022,208,400,-192
104000023,787,628,159
104000024,393,581,-188
104000026,97,520,-423
104000027,514,775,-261
104000028,543,493,50
104000029,624,923,-299
104000030,366,357,9
104000031,1369,556,813
104000032,321,546,-225
104000033,769,682,87
104000034,376,538,-162
104000035,1147,675,472
104000036,960,908,52
104000037,393,425,-32
104000038,442,460,-18
104000039,253,474,-221
104000040,767,630,137
104000041,724,574,150
104000042,360,694,-334
104000043,337,719,-382
104000044,373,1110,-737
104000045,1741,2131,-390
104000046,2345,2788,-443
104000047,1295,2007,-712
104000048,1746,2699,-953
104000049,754,651,103
104000050,282,1366,-1084
104000051,166,1033,-867
104000052,2079,2811,-732
104000053,1314,1021,293
104000054,873,881,-8
104000055,7196,4251,2945
104000056,2428,490,1938
104000057,220,624,-404
104000058,960,1360,-400
104000059,1060,2313,-1253
104000060,1529,1891,-362
104000061,2311,2004,307
104000062,415,338,77
104000064,889,615,274
104000065,366,799,-433
104000069,2595,1662,933
104000070,134,706,-572
104000071,177,718,-541
104000072,868,424,444
104000075,115,654,-539
104000076,975,191,784
104000082,4001,4772,-771
104000083,1204,395,809
104000084,220,885,-665
104000085,418,446,-28
104000086,308,651,-343
104000087,606,2668,-2062
104000090,1095,2592,-1497
104000092,1461,4545,-3084
104000094,1734,3338,-1604
104000095,2816,2287,529
104000096,2057,860,1197
104000097,2368,1846,522
104000098,2361,2093,268
104000100,2398,1139,1259
104000101,1778,4866,-3088
104000106,326,955,-629
104000107,948,801,147
104000108,548,1174,-626
104000109,498,157,341
104000110,1188,1718,-530
104000111,8732,4148,4584
104000112,3594,946,2648
104000116,8,2150,-2142
104000117,211,1900,-1689
104000118,789,441,348
104000119,757,439,318
104000120,330,1879,-1549
104000121,239,1238,-999
104000122,715,992,-277
104000123,1790,2067,-277
104000124,1739,4335,-2596
104000125,9184,5997,3187
104000126,506,685,-179
104000127,2326,5504,-3178
104000128,1337,710,627
104000129,847,66,781
104000130,16,461,-445
104000131,2549,871,1678
104000132,1566,1002,564
104000133,1746,1623,123
104000134,1226,2624,-1398
104000135,526,2527,-2001
104000136,1103,5781,-4678
104000137,1993,563,1430
104000138,1847,878,969
104000139,13170,5075,8095
104000141,1373,2844,-1471
104000142,973,1449,-476
104000143,918,1055,-137
104000144,136,399,-263
104000145,684,355,329
104000146,637,1140,-503
104000147,177,582,-405
104000148,453,218,235
104000149,272,530,-258
104000150,1481,836,645
104000151,558,843,-285
104000152,860,1091,-231
104000153,763,841,-78
104000154,1658,1130,528
104000155,544,716,-172
104000157,1618,2931,-1313
104000158,742,802,-60
104000159,1269,686,583
104000160,2382,2716,-334
104000161,444,297,147
104000162,70,240,-170
104000165,2171,1821,350
104000167,796,1381,-585
104000168,1068,15,1053
104000169,174,82,92
104000170,877,813,64
104000248,515,1650,-1135
104000251,113,525,-412
104000272,0,0,0
104000273,0,0,0
104000274,0,0,0
104000275,0,0,0
104000279,1006,748,258
104000290,152,575,-423
104000291,1090,2257,-1167
104000293,1431,1042,389
104000294,30,0,30
104000295,931,1445,-514
104000296,598,1624,-1026
104000297,1365,2920,-1555
104000298,3180,1685,1495
104000299,1238,2894,-1656
104900001,194,697,-503
104900002,68,246,-178
104900003,71,608,-537
104900004,153,608,-455
104900005,357,383,-26
104900006,439,157,282
104900007,369,400,-31
104900009,182,661,-479
104900010,79,65,14
104900011,16,4,12
104900012,283,16,267
104900013,172,27,145
104900014,5717,546,5171
104900015,194,12,182
104900016,245,563,-318
104900017,188,296,-108
104900018,16,339,-323
104900019,615,3670,-3055
104900020,86,535,-449
104900021,4,444,-440
104900022,22,191,-169
104900023,4,181,-177
104900024,40,188,-148
104900025,135,796,-661
104900026,1,239,-238
104900027,653,417,236
104900028,35,125,-90
104900029,45,163,-118
104900030,774,343,431
104900031,184,341,-157
104900032,40,298,-258
104900033,210,359,-149
104900034,435,226,209
104900035,311,256,55
104900036,198,133,65
104900037,172,585,-413
104900038,1060,1133,-73
104900039,1226,293,933
104900040,435,131,304
104900041,334,285,49
104900042,216,750,-534
104900043,5,86,-81
104900044,534,346,188
104900045,522,94,428
104900046,216,236,-20
104900047,366,225,141
104900048,411,147,264
104900049,33,25,8
104900050,245,199,46
104900051,395,73,322
104900052,54,2,52
104900053,653,124,529
104900054,243,173,70
104900055,99,0,99
104900056,214,11,203
104900057,38,3,35
104900058,2052,359,1693
104900059,59,59,0
104900060,2,631,-629
104900061,448,972,-524
104900063,1,196,-195
104900064,2,178,-176
104900065,0,247,-247
104900066,0,393,-393
104900067,5,392,-387
104900068,14,445,-431
104900070,242,431,-189
104900071,5,1249,-1244
104900072,68,355,-287
104900073,63,484,-421
104900074,116,362,-246
104900075,70,181,-111
104900076,124,554,-430
104900077,2584,247,2337
104900078,220,1046,-826
104900079,244,705,-461
104900080,93,816,-723
104900082,10,645,-635
104900085,20,425,-405
104900087,582,15,567
104900089,163,0,163
104900090,1172,946,226
104900091,647,1487,-840
104900093,358,999,-641
104900097,5557,2957,2600
104900098,88,68,20
104900099,323,925,-602
104900100,1515,590,925
104900102,29,449,-420
104900103,754,207,547
104900104,6263,2618,3645
104900106,94,211,-117
104900107,141,472,-331
104900108,56,508,-452
104900109,154,824,-670
104900110,17,83,-66
104900111,218,275,-57
104900112,365,1577,-1212
104900113,838,769,69
104900114,436,1071,-635
104900115,913,899,14
104900116,402,427,-25
104900118,41,136,-95
104900119,1,58,-57
104900120,170,170,0
104900121,4,163,-159
104900122,5,158,-153
104900123,49,13,36
104900124,54,0,54
104900125,614,6,608
104900126,110,124,-14
104900127,47,83,-36
104900128,140,207,-67
104900129,4814,3229,1585
105000001,3781,2785,996
105000002,4350,3073,1277
105000003,7008,6060,948
105000004,1042,2404,-1362
105000005,993,2189,-1196
105000006,2320,2950,-630
105000007,2414,2437,-23
105000008,3405,4110,-705
105000009,2722,4642,-1920
105000010,5872,5025,847
105000011,3390,3889,-499
105000012,6256,5246,1010
105000013,1394,1841,-447
105000014,2264,3574,-1310
105000015,12701,14544,-1843
105000016,6415,3675,2740
105000017,3924,1643,2281
105000018,2783,2329,454
105000019,3279,1776,1503
105000020,495,572,-77
105000021,674,279,395
105000022,332,89,243
105000023,729,351,378
105000028,129,224,-95
105000029,659,1760,-1101
105000030,6802,6175,627
105000033,1800,3627,-1827
105000034,423,1235,-812
105000037,986,857,129
105000038,2677,2653,24
105000039,3978,3114,864
105000040,1248,1653,-405
105000041,896,2400,-1504
105000042,4803,2185,2618
105000043,3049,3376,-327
105000044,541,606,-65
105000045,529,1482,-953
105000046,1169,605,564
105000047,656,2266,-1610
105000048,1031,430,601
105000049,480,1455,-975
105000050,878,639,239
105000051,368,1092,-724
105000052,764,1641,-877
105000053,204,379,-175
105000054,560,1519,-959
105000055,1659,751,908
105000056,1583,4612,-3029
105000057,1703,1613,90
105000058,2729,2524,205
105000059,1041,1054,-13
105000060,955,1168,-213
105000061,945,994,-49
105000062,1540,1865,-325
105000063,499,1194,-695
105000064,1997,1126,871
105000065,699,1462,-763
105000066,2173,3359,-1186
105000067,2021,1030,991
105000068,1501,1797,-296
105000069,6926,2164,4762
105000070,1680,1276,404
105000071,1145,1334,-189
105000072,1823,3427,-1604
105000073,1621,1029,592
105000074,2189,1464,725
105000075,1432,1321,111
105000076,2767,1656,1111
105000077,4008,1512,2496
105000078,2791,2002,789
105000079,3379,2585,794
105000080,3798,1757,2041
105000081,3347,1137,2210
105000082,2151,1039,1112
105000083,3737,1579,2158
105000084,1449,1644,-195
105000085,2418,1702,716
105000086,790,1652,-862
105000087,4679,3161,1518
105000088,2440,2789,-349
105000089,4965,3766,1199
105000090,1535,1416,119
105000091,2329,2675,-346
105000092,1542,1852,-310
105000093,859,328,531
105000094,500,474,26
105000095,179,783,-604
105000096,2068,1205,863
105000097,1881,1269,612
105000098,2566,966,1600
105000099,2735,1499,1236
105000100,1831,2263,-432
105000101,2856,4091,-1235
105000102,3931,2690,1241
105000103,2988,4849,-1861
105000104,3213,1978,1235
105000105,1769,4072,-2303
105000106,2048,2854,-806
105000107,1638,2060,-422
105000108,1737,3536,-1799
105000109,2127,3011,-884
105000110,900,1886,-986
105000111,1067,1287,-220
105000112,1744,1821,-77
105000113,687,1265,-578
105000114,8175,2124,6051
105000115,610,1645,-1035
105000116,1311,961,350
105000117,1446,2329,-883
105000118,678,646,32
105000119,864,2181,-1317
105000120,1262,1030,232
105000121,1390,2393,-1003
105000122,513,973,-460
105000123,2148,2593,-445
105000124,2536,1393,1143
105000125,1372,3671,-2299
105000126,3361,3752,-391
105000127,4020,3589,431
105000128,1220,2449,-1229
105000129,1709,605,1104
105000130,372,3090,-2718
105000131,1073,913,160
105000132,1197,920,277
105000133,694,2080,-1386
105000134,1428,1007,421
105000135,806,1307,-501
105000136,196,679,-483
105000137,438,395,43
105000138,336,662,-326
105000139,1624,1844,-220
105000140,323,863,-540
105000141,403,1192,-789
105000142,182,804,-622
105000143,414,1416,-1002
105000144,620,1470,-850
105000145,999,809,190
105000146,845,1494,-649
105000147,855,699,156
105000148,1714,1161,553
105000149,3389,3498,-109
105000150,3299,2570,729
105000151,760,647,113
105000152,301,1162,-861
105000153,1200,1101,99
105000154,1575,1615,-40
105000155,520,1253,-733
105000156,1515,1677,-162
105000157,1556,4055,-2499
105000158,3488,1445,2043
105000159,397,2628,-2231
105000160,2876,1155,1721
105000161,1372,3098,-1726
105000162,1260,3059,-1799
105000163,3688,2040,1648
105000164,278,484,-206
105000165,4128,8931,-4803
105000166,13305,895,12410
105000167,6407,2700,3707
105000168,503,1537,-1034
105000169,789,721,68
105000170,367,2713,-2346
105000171,1686,628,1058
105000172,227,101,126
105000173,217,70,147
105000174,87,46,41
105000175,94,238,-144
105000176,409,141,268
105000177,378,241,137
105000178,191,1420,-1229
105000179,450,216,234
105000180,194,196,-2
105000181,129,913,-784
105000182,60,88,-28
105000183,4963,3518,1445
105000184,1515,1640,-125
105000185,2060,1375,685
105000186,581,1513,-932
105000187,1092,372,720
105000188,736,223,513
105000189,428,879,-451
105000190,608,623,-15
105000191,559,482,77
105000192,589,107,482
105000193,252,271,-19
105000194,308,128,180
105000195,520,1857,-1337
105000196,28,233,-205
105000197,397,1301,-904
105000198,906,624,282
105000199,596,815,-219
105000200,283,317,-34
105000201,255,37,218
105000203,26,556,-530
105000204,75,166,-91
105000205,134,357,-223
105000207,905,339,566
105000208,472,886,-414
105000209,372,461,-89
105000212,1809,2835,-1026
105000213,278,309,-31
105000214,145,505,-360
105000215,400,465,-65
105000216,163,510,-347
105000217,233,494,-261
105000218,1357,1764,-407
105000221,389,556,-167
105000222,539,70,469
105000223,379,325,54
105000226,114,686,-572
105000227,85,415,-330
105000228,510,1947,-1437
105000229,213,459,-246
105000231,378,538,-160
105000233,889,930,-41
105000234,869,2212,-1343
105000235,578,873,-295
105000237,1296,158,1138
105000243,33,543,-510
105000248,258,105,153
105000262,383,3003,-2620
105000269,123,299,-176
105000270,596,176,420
105000271,4,397,-393
105000282,381,100,281
105000287,445,340,105
105000288,540,981,-441
105000289,4298,2040,2258
105000290,19,3,16
105000402,7956,4538,3418
105000426,1165,852,313
105000438,3468,1089,2379
105000446,25477,8989,16488
105000447,13132,5443,7689
105000454,567,1487,-920
105000455,391,373,18
105000474,27,2,25
105000477,539,832,-293
105000478,2580,4756,-2176
105000479,415,222,193
105000480,5339,4067,1272
105000481,4932,3804,1128
105000482,9289,5664,3625
105000483,2287,2474,-187
105000484,4591,4451,140
105000485,2523,2924,-401
105000486,7869,4167,3702
105000488,8278,6695,1583
105000489,1409,1397,12
105000549,96,277,-181
105000550,1155,2391,-1236
105000551,54,206,-152
105000552,6718,3658,3060
105000555,968,1007,-39
105900001,22,2688,-2666
105900002,2926,896,2030
105900003,24,174,-150
105900004,628,196,432
105900005,26,387,-361
105900006,11,121,-110
105900007,200,49,151
105900008,78,1117,-1039
105900009,35,27,8
105900011,423,96,327
105900012,820,324,496
105900013,4,25,-21
105900014,10,126,-116
105900015,348,696,-348
105900016,513,1110,-597
105900017,1406,106,1300
105900018,380,600,-220
105900019,94,1087,-993
105900020,48,103,-55
105900021,63,786,-723
105900022,418,584,-166
105900023,4,195,-191
105900024,12,235,-223
105900025,152,77,75
105900026,524,146,378
105900027,12951,9932,3019
105900028,503,235,268
105900029,3486,637,2849
105900030,459,474,-15
105900031,817,293,524
105900032,104,226,-122
105900033,229,234,-5
105900034,329,423,-94
105900035,344,371,-27
105900036,68,294,-226
105900037,123,100,23
105900038,211,627,-416
105900039,107,316,-209
105900040,100,161,-61
105900041,267,853,-586
105900042,124,199,-75
105900043,4259,164,4095
105900044,3,393,-390
105900045,8,1410,-1402
105900046,25,449,-424
105900047,9,81,-72
105900048,106,912,-806
105900050,6513,3651,2862
105900051,16,2796,-2780
105900052,778,272,506
105900053,6994,4231,2763
105900054,461,605,-144
105900056,1611,506,1105
105900057,57,222,-165
105900058,23,95,-72
105900059,0,47,-47
106000001,6331,3952,2379
106000002,4554,8363,-3809
106000003,4959,5930,-971
106000004,3718,5193,-1475
106000005,3796,8964,-5168
106000006,9464,8564,900
106000007,569,849,-280
106000008,595,577,18
106000009,630,559,71
106000010,974,979,-5
106000011,1179,1641,-462
106000012,1384,2695,-1311
106000013,2489,2802,-313
106000014,3165,3101,64
106000015,1898,1907,-9
106000016,1951,4079,-2128
106000017,856,1116,-260
106000018,1126,995,131
106000019,485,685,-200
106000020,458,758,-300
106000021,344,787,-443
106000022,573,454,119
106000023,962,575,387
106000024,1174,1303,-129
106000025,149,352,-203
106000026,153,475,-322
106000027,1372,2254,-882
106000028,847,1091,-244
106000029,1291,1977,-686
106000030,1221,586,635
106000034,306,1113,-807
106000035,1233,2457,-1224
106000036,460,680,-220
106000037,2995,2527,468
106000038,671,167,504
106000039,329,147,182
106000040,417,1201,-784
106000041,1384,694,690
106000043,971,231,740
106000046,567,79,488
106000047,81,652,-571
106000049,1099,334,765
106000050,554,1554,-1000
106000051,1212,689,523
106000052,124,1172,-1048
106000053,278,238,40
106000054,517,762,-245
106000055,1187,1946,-759
106000056,405,690,-285
106000057,297,415,-118
106000058,209,352,-143
106000059,369,438,-69
106000060,856,885,-29
106000061,281,842,-561
106000062,154,982,-828
106000063,818,1042,-224
106000064,54,641,-587
106000065,537,461,76
106000066,199,614,-415
106000067,514,170,344
106000068,103,1101,-998
106000069,308,167,141
106000070,548,1405,-857
106000071,1494,533,961
106000072,7788,2872,4916
106000073,3123,4747,-1624
106000074,697,1285,-588
106000075,527,2060,-1533
106000076,2202,3103,-901
106000077,5907,2129,3778
106000078,1341,1558,-217
106000079,891,1689,-798
106000080,1613,1298,315
106000081,811,1889,-1078
106000082,3484,1505,1979
106000083,449,2335,-1886
106000084,1687,1205,482
106000085,2355,2333,22
106000086,944,1310,-366
106000087,1369,1048,321
106000088,503,1247,-744
106000089,1446,761,685
106000090,346,979,-633
106000091,457,1402,-945
106000092,1051,411,640
106000093,362,127,235
106000094,158,627,-469
106000095,796,1806,-1010
106000096,1318,1155,163
106000097,1311,2067,-756
106000098,899,1676,-777
106000099,310,1379,-1069
106000100,1409,409,1000
106000101,1660,434,1226
106000102,244,1067,-823
106000103,339,1020,-681
106000104,976,665,311
106000105,652,1305,-653
106000106,671,715,-44
106000107,188,682,-494
106000108,247,480,-233
106000109,150,601,-451
106000110,243,388,-145
106000111,232,923,-691
106000112,210,689,-479
106000113,1824,1041,783
106000114,690,713,-23
106000115,389,933,-544
106000116,268,405,-137
106000117,1285,1386,-101
106000118,1690,2055,-365
106000119,3240,2138,1102
106000120,1133,1525,-392
106000121,235,278,-43
106000122,185,538,-353
106000123,415,400,15
106000124,62,458,-396
106000125,62,498,-436
106000126,286,327,-41
106000127,1312,1552,-240
106000128,946,502,444
106000129,698,1031,-333
106000130,914,703,211
106000131,222,1458,-1236
106000132,1443,264,1179
106000133,5469,1978,3491
106000134,1214,2507,-1293
106000135,284,1324,-1040
106000136,756,1133,-377
106000137,135,2165,-2030
106000138,1515,148,1367
106000139,58,258,-200
106000140,51,150,-99
106000141,144,186,-42
106000142,90,146,-56
106000143,44,151,-107
106000144,38,167,-129
106000145,327,559,-232
106000146,419,338,81
106000147,684,887,-203
106000148,923,1409,-486
106000149,661,746,-85
106000150,916,3523,-2607
106000151,7877,1321,6556
106000152,2156,3564,-1408
106000153,141,2455,-2314
106000154,2199,429,1770
106000155,111,417,-306
106000156,1039,639,400
106000157,1080,3592,-2512
106000158,5205,1360,3845
106000159,7422,2937,4485
106000160,476,4483,-4007
106000161,2299,802,1497
106000162,276,1476,-1200
106000163,499,897,-398
106000164,428,555,-127
106000165,278,1289,-1011
106000166,1617,486,1131
106000167,647,2195,-1548
106000168,541,402,139
106000169,226,1211,-985
106000170,1130,403,727
106000171,200,1781,-1581
106000172,5004,1682,3322
106000173,1993,4649,-2656
106000174,1476,570,906
106000175,547,1833,-1286
106000176,2199,1316,883
106000177,1256,4249,-2993
106000178,4715,2894,1821
106000179,1773,3956,-2183
106000180,1385,2623,-1238
106000181,951,3158,-2207
106000182,1337,1371,-34
106000183,1395,1694,-299
106000184,2096,1698,398
106000185,1410,1869,-459
106000186,1582,222,1360
106000187,348,1604,-1256
106000188,1,0,1
106000189,9,81,-72
106000190,17,1,16
106000191,841,276,565
106000192,1,57,-56
106000193,520,322,198
106000194,234,617,-383
106000195,665,191,474
106000196,190,724,-534
106000197,536,560,-24
106000198,208,452,-244
106000199,1406,1206,200
106000200,669,354,315
106000201,900,3806,-2906
106000202,11500,1192,10308
106000203,234,298,-64
106000204,139,9,130
106000205,32,239,-207
106000206,145,37,108
106000207,79,1356,-1277
106000208,1375,312,1063
106000209,1880,563,1317
106000210,362,2147,-1785
106000211,534,2231,-1697
106000212,1231,430,801
106000213,1232,2336,-1104
106000214,4530,990,3540
106000215,438,882,-444
106000216,457,565,-108
106000217,494,799,-305
106000218,621,619,2
106000219,210,464,-254
106000220,519,444,75
106000221,184,383,-199
106000222,74,265,-191
106000223,147,218,-71
106000224,353,454,-101
106000225,153,117,36
106000226,262,520,-258
106000228,90,209,-119
106000229,104,1257,-1153
106000231,1138,271,867
106000232,112,629,-517
106000233,732,252,480
106000234,142,284,-142
106000235,556,180,376
106000236,240,99,141
106000237,4,10,-6
106000238,51,18,33
106000239,5,193,-188
106000240,86,12,74
106000241,21,1183,-1162
106000242,346,44,302
106000249,122,136,-14
106000250,121,829,-708
106000251,93,64,29
106000252,50,156,-106
106000253,51,110,-59
106000254,67,84,-17
106000255,48,208,-160
106000256,103,137,-34
106000257,323,447,-124
106000258,260,36,224
106000259,5,53,-48
106000260,57,15,42
106000261,9,72,-63
106000262,98,30,68
106000263,15,87,-72
106000264,227,22,205
106000265,13,218,-205
106000266,234,26,208
106000267,4,163,-159
106000268,842,40,802
106000269,86,121,-35
106000270,274,821,-547
106000271,91,308,-217
106000272,230,99,131
106000273,19,331,-312
106000274,322,56,266
106000275,277,463,-186
106000276,256,107,149
106000277,218,268,-50
106000278,256,79,177
106000279,11,129,-118
106000280,85,255,-170
106000281,118,159,-41
106000282,101,105,-4
106000283,158,234,-76
106000284,62,185,-123
106000285,190,239,-49
106000286,107,276,-169
106000287,120,203,-83
106000288,112,260,-148
106000289,91,134,-43
106000290,132,147,-15
106000291,125,204,-79
106000292,163,238,-75
106000293,199,161,38
106000294,200,223,-23
106000295,45,85,-40
106000296,102,190,-88
106000297,107,400,-293
106000298,264,118,146
106000299,144,304,-160
106000300,119,167,-48
106000301,80,168,-88
106000303,40,145,-105
106000304,67,88,-21
106000305,51,61,-10
106000306,78,155,-77
106000307,54,21,33
106000308,43,296,-253
106000309,29,121,-92
106000310,389,935,-546
106000311,431,326,105
106000312,147,340,-193
106000313,223,341,-118
106000318,320,497,-177
106000319,1301,254,1047
106000320,2,49,-47
106000321,698,114,584
106000322,155,296,-141
106000324,14,222,-208
106000325,2045,1385,660
106000326,1621,3398,-1777
106000327,176,228,-52
106000328,19,168,-149
106000329,176,548,-372
106000330,61,83,-22
106000428,61,271,-210
106000429,212,847,-635
106000430,611,2225,-1614
106000431,2454,612,1842
106000432,2722,4910,-2188
106000433,2688,1761,927
106000434,5444,2299,3145
106000435,3574,4639,-1065
106000436,28,620,-592
106000437,462,50,412
106000438,673,267,406
106000439,71,907,-836
106000440,308,732,-424
106000441,0,1,-1
106000442,288,5,283
106000443,171,719,-548
106000450,3,361,-358
106000451,51,94,-43
106000454,8,171,-163
106000455,17,263,-246
106000456,204,56,148
106000457,15,1556,-1541
106000458,707,351,356
106000459,149,605,-456
106000460,1229,72,1157
106000461,121,2587,-2466
106000462,1,31,-30
106000463,0,50,-50
106000464,6,698,-692
106000465,592,4,588
106000466,5,1034,-1029
106000467,796,1088,-292
106000468,72,358,-286
106000469,488,5,483
106000470,433,2894,-2461
106000471,38,1081,-1043
106000472,255,31,224
106000473,43,36,7
106000474,461,1141,-680
106000475,348,208,140
106000476,273,282,-9
106000477,26,141,-115
106000480,1,257,-256
106900001,0,29,-29
106900002,5,883,-878
106900003,375,1688,-1313
106900004,0,122,-122
106900006,2,28,-26
106900007,1,34,-33
106900008,356,451,-95
106900009,424,626,-202
106900010,287,555,-268
106900012,3856,2987,869
106900013,911,162,749
106900014,34,5,29
106900015,22,0,22
106900016,350,2,348
106900017,5,1,4
106900018,5,0,5
106900019,42,2,40
106900020,4818,2104,2714
106900021,110,79,31
106900022,600,2,598
106900023,64,404,-340
106900024,711,40,671
106900025,97,1105,-1008
106900026,4,1173,-1169
106900027,868,11,857
107000001,5818,3822,1996
107000002,7471,8279,-808
107000003,6581,7962,-1381
107000004,8741,9440,-699
107000005,4466,7623,-3157
107000006,6268,10644,-4376
107000007,6870,15326,-8456
107000008,22516,17810,4706
107000009,7824,9483,-1659
107000010,16079,18307,-2228
107000011,1575,2224,-649
107000012,6891,6688,203
107000013,62,204,-142
107000014,32,375,-343
107000015,659,1353,-694
107000016,821,1723,-902
107000017,6984,2287,4697
107000018,99,1479,-1380
107000020,3886,1367,2519
107000021,1978,1130,848
107000022,1896,2278,-382
107000023,2702,601,2101
107000024,884,2671,-1787
107000025,262,655,-393
107000026,294,1034,-740
107000027,1694,1975,-281
107000028,1879,2995,-1116
107000029,3580,3543,37
107000030,4465,5557,-1092
107000031,4867,3576,1291
107000032,655,1499,-844
107000033,6439,9267,-2828
107000034,8902,3641,5261
107000035,651,405,246
107000036,770,2652,-1882
107000037,140,1303,-1163
107000038,489,381,108
107000039,1345,1241,104
107000040,243,535,-292
107000041,2712,1087,1625
107000042,1189,2881,-1692
107000043,4810,1558,3252
107000044,1177,458,719
107000045,218,499,-281
107000046,1094,651,443
107000047,715,1320,-605
107000048,941,531,410
107000049,807,1323,-516
107000050,1450,811,639
107000051,887,593,294
107000052,1787,1507,280
107000053,640,425,215
107000054,80,499,-419
107000055,168,161,7
107000056,589,1313,-724
107000057,2469,401,2068
107000058,3292,3471,-179
107000059,3897,6011,-2114
107000060,5765,8293,-2528
107000061,9622,6564,3058
107000062,5118,4783,335
107000063,5953,9656,-3703
107000064,5778,3864,1914
107000065,6428,9162,-2734
107000066,2923,4100,-1177
107000067,1490,1681,-191
107000068,2678,1057,1621
107000069,1516,944,572
107000070,875,52,823
107000071,3163,53,3110
107000072,54,5627,-5573
107000073,648,396,252
107000074,196,1567,-1371
107000075,1887,790,1097
107000076,1179,2631,-1452
107000077,4413,1515,2898
107000078,3138,5030,-1892
107000079,3432,1034,2398
107000080,1803,4896,-3093
107000081,1862,871,991
107000082,855,3636,-2781
107000083,1542,557,985
107000084,659,3304,-2645
107000085,4112,4915,-803
107000086,5164,5856,-692
107000087,4901,3464,1437
107000088,5020,6523,-1503
107000089,1962,3307,-1345
107000090,1823,2329,-506
107000091,1737,1483,254
107000092,1237,2276,-1039
107000093,1799,1346,453
107000094,2357,2403,-46
107000095,960,1097,-137
107000096,1007,1715,-708
107000097,908,632,276
107000098,744,1308,-564
107000099,664,555,109
107000100,570,613,-43
107000101,111,351,-240
107000102,673,605,68
107000103,481,337,144
107000104,389,655,-266
107000105,517,276,241
107000106,282,749,-467
107000107,748,336,412
107000108,336,1298,-962
107000109,683,257,426
107000110,125,848,-723
107000111,347,57,290
107000112,54,649,-595
107000113,783,198,585
107000114,167,1373,-1206
107000115,558,224,334
107000116,137,1687,-1550
107000117,126,801,-675
107000118,158,512,-354
107000119,3435,2132,1303
107000120,4781,669,4112
107000121,861,1147,-286
107000122,1566,1683,-117
107000123,413,1447,-1034
107000124,697,1576,-879
107000125,999,1519,-520
107000126,1148,1481,-333
107000129,413,1565,-1152
107000130,659,375,284
107000131,754,1274,-520
107000132,752,483,269
107000133,866,154,712
107000134,465,6,459
107000135,6,454,-448
107000136,978,15,963
107000137,28,688,-660
107000138,484,27,457
107000139,26,747,-721
107000140,1773,112,1661
107000141,178,1378,-1200
107000142,614,97,517
107000143,79,1448,-1369
107000144,609,698,-89
107000145,220,1057,-837
107000146,199,576,-377
107000147,4639,1318,3321
107000150,1459,4649,-3190
107000151,64,141,-77
107000152,1173,1508,-335
107000153,753,741,12
107000154,305,239,66
107000155,1062,49,1013
107000156,1632,70,1562
107000157,110,3208,-3098
107000158,844,36,808
107000159,50,2177,-2127
107000160,1086,229,857
107000161,149,2675,-2526
107000162,278,738,-460
107000163,142,43,99
107000164,592,1,591
107000165,966,5,961
107000166,83,2093,-2010
107000167,718,466,252
107000168,1194,647,547
107000169,1411,1305,106
107000170,2611,1171,1440
107000171,916,3827,-2911
107000172,1334,1920,-586
107000173,863,2114,-1251
107000174,1217,7404,-6187
107000175,14167,2854,11313
107000176,3,1,2
107000177,6,3,3
107000178,16,83,-67
107000179,384,4314,-3930
107000180,1529,531,998
107000181,416,2189,-1773
107000182,1888,1547,341
107000183,172,1492,-1320
107000184,1235,1128,107
107000185,603,1997,-1394
107000186,1461,513,948
107000187,1736,2159,-423
107000188,708,920,-212
107000189,568,1751,-1183
107000190,832,1289,-457
107000191,925,1714,-789
107000192,2493,1711,782
107000193,612,774,-162
107000194,1611,1315,296
107000197,1127,356,771
107000198,384,1181,-797
107000199,992,1397,-405
107000200,2051,1100,951
107000201,502,421,81
107000202,433,815,-382
107000203,1362,912,450
107000204,2239,981,1258
107000205,3111,1733,1378
107000206,1580,2029,-449
107000207,1438,1992,-554
107000208,2470,840,1630
107000209,3565,1725,1840
107000210,1375,774,601
107000211,25,46,-21
107000212,26,872,-846
107000213,16,68,-52
107000214,33,469,-436
107000215,568,749,-181
107000216,527,770,-243
107000217,174,265,-91
107000219,119,198,-79
107000220,298,515,-217
107000222,348,1319,-971
107000224,576,159,417
107000225,318,993,-675
107000226,433,124,309
107000227,130,645,-515
107000228,127,300,-173
107000229,730,407,323
107000230,2146,1006,1140
107000231,2642,1535,1107
107000232,159,128,31
107000233,1940,1157,783
107000234,3,89,-86
107000235,112,11,101
107000236,25,930,-905
107000237,25,2,23
107000238,21,1,20
107000239,8313,1033,7280
107000240,164,1682,-1518
107000241,162,35,127
107000242,998,94,904
107000243,1,167,-166
107000244,6,105,-99
107000246,7,1684,-1677
107000249,6,1529,-1523
107000251,0,426,-426
107000252,4,1961,-1957
107000255,1374,161,1213
107000257,8,859,-851
107000258,3,299,-296
107000259,5,384,-379
107000260,637,7,630
107000262,11,1006,-995
107000263,347,10,337
107000266,23,18,5
107000267,91,297,-206
107000268,199,248,-49
107000269,708,41,667
107000270,0,16,-16
107000271,19,1218,-1199
107000272,14,259,-245
107000273,15,283,-268
107000274,3864,475,3389
107000275,198,1510,-1312
107000280,817,45,772
107000281,49,1812,-1763
107000282,67,1570,-1503
107000290,9,34,-25
107000291,31,24,7
107000292,0,72,-72
107000293,212,3,209
107000294,2,29,-27
107000295,49,0,49
107000296,0,18,-18
107000444,510,19,491
107000496,1,33,-32
107000497,1802,4348,-2546
107000500,591,610,-19
107000501,155,294,-139
107000502,659,626,33
107000505,1350,1479,-129
107000506,4,31,-27
107000508,11,1065,-1054
107000509,334,1126,-792
107000510,34,37,-3
107000514,100,443,-343
107000515,27,444,-417
107000516,305,485,-180
107000518,1541,1561,-20
107000519,5855,1748,4107
107000520,163,31,132
107000521,655,820,-165
107000522,928,1446,-518
107900001,53,293,-240
107900002,62,6,56
107900003,251,15,236
107900004,81,0,81
107900005,1338,2,1336
107900006,352,5,347
107900007,429,49,380
107900008,66,58,8
107900009,240,5,235
107900010,39,0,39
107900012,362,26,336
107900013,317,85,232
107900014,34,8,26
107900015,1074,15,1059
107900016,805,191,614
107900017,20,6,14
107900018,109,181,-72
107900019,23,110,-87
107900020,138,17,121
107900021,87,263,-176
107900023,2,9,-7
107900024,0,50,-50
107900025,328,533,-205
107900026,58,171,-113
107900027,91,112,-21
107900028,53,124,-71
107900030,287,37,250
107900031,80,355,-275
107900032,19,12,7
107900033,23,6,17
107900034,620,28,592
107900035,1061,70,991
107900036,38,10,28
107900037,1,52,-51
107900038,204,329,-125
107900039,31,133,-102
107900040,128,513,-385
107900041,4,3,1
107900043,57,340,-283
107900044,16,5,11
107900045,127,58,69
107900046,189,183,6
107900047,20,126,-106
107900048,233,9,224
107900049,504,1937,-1433
107900050,114,572,-458
107900051,128,156,-28
107900052,27,18,9
107900053,48,153,-105
107900055,905,391,514
107900056,197,43,154
107900057,2,0,2
107900058,33,1231,-1198
107900060,32,90,-58
107900061,44,17,27
107900063,148,180,-32
107900064,634,125,509
107900065,270,18,252
107900066,8,12,-4
107900067,0,0,0
107900068,321,449,-128
107900069,66,2338,-2272
107900070,141,70,71
107900071,61,1467,-1406
107900072,105,332,-227
107900073,93,234,-141
107900074,1306,256,1050
107900076,175,95,80
107900077,70,1,69
107900078,467,45,422
107900079,9,35,-26
107900080,254,486,-232
107900081,45,144,-99
107900082,30,35,-5
107900083,680,162,518
107900084,202,188,14
107900086,54,245,-191
107900087,867,148,719
107900088,26,41,-15
107900089,497,1612,-1115
107900090,963,3116,-2153
107900091,350,772,-422
107900092,2767,739,2028
107900093,110,116,-6
107900095,4754,2754,2000
107900097,31,121,-90
107900098,104,231,-127
107900100,1514,1824,-310
107900101,1647,247,1400
107900102,30,10,20
107900103,64,240,-176
107900104,299,10,289
107900105,0,832,-832
107900106,5,1986,-1981
107900107,2091,542,1549
107900108,611,185,426
107900109,1223,27,1196
107900110,33,166,-133
107900111,5,1779,-1774
107900112,181,518,-337
107900113,232,210,22
107900114,158,304,-146
107900115,2,69,-67
107900116,132,356,-224
107900117,531,736,-205
107900118,95,283,-188
107900119,149,307,-158
107900120,35,18,17
107900121,6,280,-274
107900122,13,99,-86
107900123,4,43,-39
107900124,41,63,-22
107900125,35,271,-236
107900126,6,63,-57
107900127,741,308,433
107900128,183,132,51
107900129,69,63,6
107900130,96,43,53
107900131,809,258,551
107900132,156,741,-585
107900133,1,118,-117
107900134,34,38,-4
107900135,8,299,-291
107900136,70,42,28
107900137,157,204,-47
107900138,64,49,15
107900139,44,75,-31
107900140,153,135,18
107900141,71,65,6
107900142,100,1846,-1746
107900143,82,47,35
107900144,1,231,-230
107900145,18,150,-132
107900146,43,253,-210
107900147,114,28,86
107900148,238,302,-64
107900149,2752,326,2426
107900150,107,1589,-1482
107900151,38,130,-92
107900152,10,410,-400
107900153,252,453,-201
107900154,75,21,54
107900155,98,62,36
107900156,7,548,-541
107900157,74,135,-61
107900158,1025,29,996
107900159,51,1840,-1789
107900160,86,206,-120
107900161,49,315,-266
107900162,0,203,-203
107900163,225,311,-86
107900164,12,49,-37
107900165,25,105,-80
107900166,27,385,-358
107900167,46,41,5
107900168,23,82,-59
107900169,3,199,-196
107900171,12,3268,-3256
107900172,5,560,-555
107900173,21,332,-311
107900174,77,7,70
107900175,36,28,8
107900176,30,54,-24
107900177,5,288,-283
107900178,1,358,-357
107900179,35,236,-201
107900180,1450,653,797
107900181,467,690,-223
107900182,10,2209,-2199
107900183,33,495,-462
107900184,105,296,-191
107900185,119,5,114
107900186,15,54,-39
107900187,3,203,-200
107900188,1130,174,956
107900189,21,166,-145
107900190,186,139,47
107900191,79,197,-118
107900193,11,50,-39
107900194,278,8,270
107900195,6441,915,5526
107900196,121,88,33
107900197,1612,362,1250
107900199,2,1469,-1467
107900201,132,163,-31
107900203,52,129,-77
107900204,347,337,10
107900205,261,697,-436
107900206,1053,243,810
107900207,3,1051,-1048
107900208,9,1084,-1075
107900209,583,202,381
107900210,141,206,-65
107900213,972,750,222
107900214,10,276,-266
107900215,182,451,-269
107900216,146,144,2
107900217,36,74,-38
107900218,31,2292,-2261
107900219,38,167,-129
107900220,311,298,13
107900221,308,285,23
107900223,112,869,-757
107900224,248,545,-297
107900225,14,1405,-1391
107900226,83,196,-113
107900227,188,735,-547
107900228,22,145,-123
107900229,3,474,-471
107900230,16,258,-242
107900231,21,309,-288
107900232,71,303,-232
107900233,7,235,-228
107900234,108,264,-156
107900235,29,118,-89
107900236,96,138,-42
107900237,155,770,-615
107900238,23,205,-182
107900239,1778,667,1111
107900240,27,232,-205
107900241,22,176,-154
107900242,17,574,-557
107900243,1,57,-56
107900244,453,8,445
107900245,753,85,668
107900246,278,9,269
107900248,535,816,-281
107900249,803,38,765
107900250,2,983,-981
107900251,107,2277,-2170
107900252,1380,26,1354
107900253,202,0,202
107900254,72,581,-509
107900255,526,113,413
107900256,2121,1046,1075
107900257,257,160,97
107900258,109,624,-515
107900259,182,2274,-2092
107900261,3,661,-658
107900262,72,264,-192
107900264,418,5,413
107900265,161,331,-170
107900267,221,35,186
107900268,83,20,63
107900269,0,6,-6
107900270,3,1,2
107900271,3,19,-16
107900272,205,7,198
107900273,29,117,-88
107900274,60,1,59
107900275,20,0,20
107900276,1,106,-105
107900277,0,393,-393
107900278,317,570,-253
107900279,205,153,52
107900280,2926,3180,-254
107900281,6161,3111,3050
107900282,162,601,-439
107900283,2386,732,1654
107900284,486,1189,-703
107900285,100,203,-103
107900286,160,174,-14
107900287,206,305,-99
107900290,0,142,-142
107900291,634,25,609
107900292,147,420,-273
107900293,90,937,-847
107900295,51,164,-113
107900297,2,456,-454
107900298,1088,1272,-184
107900299,6131,3249,2882
107900300,58,396,-338
107900301,812,743,69
107900302,153,42,111
107900303,163,421,-258
107900304,287,828,-541
107900305,324,19,305
107900306,17,41,-24
107900307,57,407,-350
107900308,222,83,139
107900309,202,0,202
107900310,195,1,194
107900311,3,75,-72
107900312,72,3,69
107900313,1,98,-97
107900314,0,51,-51
107900315,1,90,-89
107900316,79,2,77
107900317,191,15,176
107900318,2,267,-265
107900319,3,396,-393
107900320,3,338,-335
107900321,180,5,175
107900322,3,205,-202
107900323,10,297,-287
107900324,241,1,240
107900325,101,0,101
107900326,284,504,-220
107900327,2,69,-67
107900328,190,3,187
107900329,187,72,115
107900330,11,1008,-997
107900331,301,59,242
107900332,283,66,217
107900333,62,30,32
107900334,10,405,-395
107900335,75,140,-65
107900336,40,38,2
107900337,2277,1120,1157
107900338,5,198,-193
107900339,1,29,-28
107900340,0,96,-96
107900341,66,1,65
107900342,180,309,-129
107900343,90,1,89
107900344,9,182,-173
107900345,201,50,151
107900346,27,3,24
107900347,53,2,51
107900348,10,2,8
107900349,51,13,38
107900350,38,381,-343
107900351,2,183,-181
108000001,3799,6287,-2488
108000002,3632,5010,-1378
108000003,6369,3796,2573
108000004,25306,25445,-139
108000005,9504,6202,3302
108000006,11545,11737,-192
108000007,6732,5713,1019
108000008,8364,10046,-1682
108000009,4964,6216,-1252
108000010,5442,7934,-2492
108000011,14625,17766,-3141
108000012,27436,27655,-219
108000014,1077,859,218
108000015,693,453,240
108000016,267,788,-521
108000017,1172,586,586
108000018,2146,878,1268
108000019,2741,1105,1636
108000020,1826,676,1150
108000021,616,2587,-1971
108000022,812,2408,-1596
108000023,1530,314,1216
108000024,222,1003,-781
108000025,313,434,-121
108000026,573,842,-269
108000027,830,699,131
108000028,537,399,138
108000029,673,696,-23
108000030,794,306,488
108000031,355,831,-476
108000032,1599,855,744
108000033,946,1840,-894
108000034,2065,697,1368
108000035,1396,3848,-2452
108000036,536,2396,-1860
108000037,2101,544,1557
108000038,3082,692,2390
108000039,747,4172,-3425
108000040,2447,1215,1232
108000041,927,4467,-3540
108000042,322,345,-23
108000043,208,441,-233
108000044,480,219,261
108000045,357,933,-576
108000046,1529,442,1087
108000047,615,1649,-1034
108000048,209,673,-464
108000049,717,339,378
108000050,137,732,-595
108000051,307,190,117
108000052,395,1162,-767
108000053,440,215,225
108000054,818,1783,-965
108000055,1509,647,862
108000056,1756,1687,69
108000057,842,1387,-545
108000058,2774,4931,-2157
108000059,5896,3367,2529
108000060,286,613,-327
108000061,243,495,-252
108000062,881,828,53
108000063,512,984,-472
108000064,212,366,-154
108000065,833,1049,-216
108000066,3066,1273,1793
108000067,2588,871,1717
108000068,885,454,431
108000069,326,1657,-1331
108000070,2096,1103,993
108000071,1018,2616,-1598
108000072,1998,1550,448
108000073,2178,3048,-870
108000074,484,585,-101
108000075,415,1291,-876
108000076,1068,778,290
108000077,1075,1170,-95
108000078,2394,2260,134
108000079,1232,2585,-1353
108000080,1292,924,368
108000081,654,3574,-2920
108000082,1550,3173,-1623
108000083,2795,1247,1548
108000084,625,2146,-1521
108000085,785,733,52
108000086,1387,1533,-146
108000087,183,2874,-2691
108000088,328,16,312
108000089,694,535,159
108000090,781,226,555
108000091,336,1062,-726
108000092,202,161,41
108000093,206,1432,-1226
108000094,828,225,603
108000095,231,842,-611
108000096,300,313,-13
108000097,205,907,-702
108000098,1811,2270,-459
108000099,229,142,87
108000100,49,343,-294
108000101,1326,1985,-659
108000102,2032,4001,-1969
108000106,986,1,985
108000107,4,1235,-1231
108000108,813,76,737
108000109,7,1207,-1200
108000110,179,486,-307
108000111,300,1377,-1077
108000112,87,230,-143
108000113,844,478,366
108000115,594,731,-137
108000117,1603,705,898
108000118,406,361,45
108000119,1197,670,527
108000120,205,1326,-1121
108000121,317,927,-610
108000122,565,574,-9
108000123,658,459,199
108000124,307,864,-557
108000125,343,566,-223
108000126,132,893,-761
108000127,548,511,37
108000128,692,888,-196
108000129,343,1750,-1407
108000130,399,437,-38
108000131,1219,519,700
108000132,2540,2144,396
108000133,1107,820,287
108000134,766,996,-230
108000135,1472,612,860
108000136,1393,1490,-97
108000137,495,624,-129
108000138,482,1687,-1205
108000139,376,571,-195
108000140,74,32,42
108000141,45,244,-199
108000142,73,225,-152
108000143,35,83,-48
108000144,24,16,8
108000145,82,86,-4
108000146,54,17,37
108000147,52,105,-53
108000148,81,6,75
108000149,40,64,-24
108000150,21,12,9
108000151,30,16,14
108000152,157,978,-821
108000153,505,232,273
108000154,102,31,71
108000155,27,39,-12
108000156,553,210,343
108000157,289,1098,-809
108000158,154,996,-842
108000159,947,306,641
108000160,8218,1534,6684
108000161,7010,2792,4218
108000165,5,244,-239
108000172,4,371,-367
108000173,4217,2703,1514
108000175,225,141,84
108000178,769,560,209
108000179,477,975,-498
108000181,80,88,-8
108000182,201,27,174
108000183,29,39,-10
108000184,2067,2985,-918
108000185,398,994,-596
108000186,142,78,64
108000187,103,1235,-1132
108000188,541,353,188
108000189,1117,1865,-748
108000190,57,188,-131
108000192,263,886,-623
108000193,1447,96,1351
108000194,44,24,20
108000195,7,2233,-2226
108000196,259,215,44
108000198,673,504,169
108000199,2,230,-228
108000200,406,1015,-609
108000202,7,282,-275
108000203,154,1433,-1279
108000204,120,59,61
108000205,421,904,-483
108000339,2445,536,1909
108000364,247,445,-198
108000365,82,525,-443
108000367,280,537,-257
108000368,12,116,-104
108000369,1927,249,1678
108000371,3,926,-923
108000372,606,3,603
108000373,223,232,-9
108000376,65,38,27
108000377,433,440,-7
108000378,13031,15464,-2433
108000379,47,349,-302
108000381,69,18,51
108000382,135,0,135
108000383,1,175,-174
108900001,196,1782,-1586
108900002,364,114,250
108900003,565,1702,-1137
108900004,152,490,-338
108900005,99,433,-334
108900006,853,239,614
108900007,268,308,-40
108900008,105,234,-129
108900009,94,177,-83
108900010,225,315,-90
108900011,567,578,-11
108900012,384,720,-336
108900013,120,370,-250
108900014,6,172,-166
108900015,0,32,-32
108900016,0,295,-295
108900017,260,337,-77
108900018,99,724,-625
108900019,62,1600,-1538
108900020,38,369,-331
108900021,100,504,-404
108900022,165,15,150
108900023,11,50,-39
108900024,36,183,-147
108900025,104,199,-95
108900026,21,154,-133
108900027,1,133,-132
108900028,99,669,-570
108900029,121,347,-226
108900030,0,159,-159
108900031,100,764,-664
108900032,13,425,-412
108900033,0,95,-95
108900034,1,343,-342
108900035,460,2103,-1643
108900036,246,551,-305
108900037,75,768,-693
108900038,2,629,-627
108900039,2,862,-860
108900040,4,178,-174
108900041,8628,4177,4451
108900042,9,495,-486
108900043,105,775,-670
108900044,4,965,-961
108900045,49,965,-916
108900046,113,1609,-1496
108900047,0,128,-128
108900048,145,1593,-1448
108900049,8669,1686,6983
108900050,4,398,-394
108900051,2,366,-364
108900052,23,369,-346
108900053,176,299,-123
108900054,136,403,-267
108900055,89,711,-622
108900056,0,304,-304
108900057,2,232,-230
108900058,23,621,-598
108900059,533,65,468
108900060,141,202,-61
108900061,75,65,10
108900062,6,562,-556
108900063,16,541,-525
108900064,191,90,101
108900065,10,498,-488
108900066,326,187,139
108900067,25,349,-324
108900068,7,305,-298
108900069,49,190,-141
108900070,43,204,-161
108900071,97,67,30
108900072,3803,553,3250
108900073,37,690,-653
108900074,234,862,-628
108900075,66,71,-5
108900076,322,108,214
108900077,150,826,-676
108900078,34,267,-233
108900079,1289,454,835
108900080,32,1154,-1122
108900081,91,453,-362
108900082,65,181,-116
108900083,18,384,-366
108900084,641,230,411
108900085,3692,259,3433
108900086,134,445,-311
108900087,117,389,-272
108900088,1325,401,924
108900089,27,196,-169
108900090,64,618,-554
108900091,173,178,-5
108900092,521,474,47
108900093,138,120,18
108900094,290,126,164
108900095,100,867,-767
108900096,598,53,545
108900097,594,355,239
108900098,5133,773,4360
108900099,414,453,-39
108900100,63,297,-234
108900101,333,165,168
108900102,306,1389,-1083
108900103,122,106,16
108900104,281,748,-467
108900105,12,1494,-1482
108900106,444,665,-221
108900108,566,72,494
108900109,434,77,357
108900110,210,688,-478
108900111,423,992,-569
108900112,233,26,207
108900113,73,89,-16
108900114,62,23,39
108900115,106,121,-15
108900116,53,13,40
108900117,199,41,158
108900118,762,10,752
108900119,209,68,141
108900120,312,214,98
108900121,502,133,369
108900122,128,28,100
108900123,139,124,15
108900124,536,279,257
108900125,417,2,415
108900126,157,22,135
108900127,243,47,196
108900128,117,39,78
108900129,890,160,730
108900130,249,7,242
108900131,540,6,534
108900132,501,82,419
108900133,241,101,140
108900134,290,352,-62
108900135,153,20,133
108900136,7,0,7
108900137,147,1,146
108900138,722,33,689
108900139,478,126,352
108900140,315,359,-44
108900141,355,16,339
108900142,65,5,60
108900143,42,0,42
108900144,87,0,87
108900145,133,6,127
108900146,90,1,89
108900147,238,1,237
108900148,85,50,35
108900149,652,774,-122
108900150,335,13,322
108900151,123,4,119
108900152,102,7,95
108900153,126,725,-599
108900154,5849,649,5200
108900155,466,164,302
108900156,96,16,80
108900157,17,888,-871
108900158,400,56,344
108900159,6,543,-537
108900160,16,366,-350
108900161,10,783,-773
108900162,74,0,74
108900163,3,356,-353
108900164,62,103,-41
108900165,253,148,105
108900167,3403,7391,-3988
108900168,14830,3200,11630
108900169,55,226,-171
108900171,14761,3801,10960
108900172,280,66,214
108900173,269,665,-396
108900174,923,829,94
108900176,204,923,-719
108900177,12775,6342,6433
108900178,8322,4072,4250
108900179,1137,2175,-1038
108900180,201,369,-168
108900182,38,427,-389
108900183,307,371,-64
108900184,637,298,339
108900185,102,503,-401
108900186,71,671,-600
108900187,419,94,325
108900188,558,90,468
108900189,558,196,362
108900190,66,5244,-5178
108900191,312,71,241
108900192,151,372,-221
108900193,205,91,114
108900194,17,596,-579
108900195,105,546,-441
108900196,31,797,-766
108900198,6,1040,-1034
108900199,260,470,-210
108900200,828,482,346
108900201,625,2187,-1562
108900203,649,90,559
108900204,540,23,517
108900205,282,34,248
108900206,471,60,411
108900207,298,108,190
108900208,23,645,-622
108900209,319,1116,-797
108900210,214,382,-168
108900211,262,659,-397
108900212,1174,1652,-478
108900215,142,961,-819
108900216,588,172,416
108900217,109,1,108
108900218,161,14,147
108900219,73,9,64
108900220,49,14,35
108900221,55,188,-133
108900222,223,14,209
108900223,9,143,-134
108900224,46,246,-200
108900225,2,244,-242
108900226,367,15,352
108900227,239,350,-111
108900230,670,556,114
108900231,69,455,-386
108900232,5,636,-631
108900233,594,91,503
108900234,394,141,253
108900235,416,1052,-636
108900236,76,566,-490
108900237,82,416,-334
108900240,113,133,-20
108900241,42,60,-18
108900245,11,1822,-1811
108900249,213,27,186
108900250,292,169,123
108900257,253,817,-564
108900258,8,396,-388
108900259,95,145,-50
108900260,14,145,-131
108900261,182,216,-34
108900262,371,201,170
108900263,57,370,-313
108900264,652,452,200
108900265,2156,485,1671
108900266,2023,652,1371
108900267,1,152,-151
108900268,35,10,25
108900269,79,9,70
108900270,66,10,56
108900271,42,9,33
108900272,241,12,229
108900273,1505,876,629
108900274,59,111,-52
109000001,6057,1934,4123
109000002,3580,2512,1068
109000003,3697,1028,2669
109000004,815,4245,-3430
109000005,3488,1258,2230
109000006,1191,3744,-2553
109000007,2031,1127,904
109000008,739,3102,-2363
109000009,5292,2079,3213
109000010,2258,6658,-4400
109000011,4586,3058,1528
109000012,2929,6519,-3590
109000013,4865,4572,293
109000014,2496,6159,-3663
109000015,4445,9718,-5273
109000016,15851,7176,8675
109000017,3067,2176,891
109000018,1461,5890,-4429
109000019,4409,2047,2362
109000020,1999,3217,-1218
109000023,300,53,247
109000024,17,249,-232
109000025,582,606,-24
109000026,1388,508,880
109000027,123,405,-282
109000028,213,170,43
109000029,203,341,-138
109000030,83,737,-654
109000031,320,196,124
109000032,221,670,-449
109000033,610,208,402
109000034,76,56,20
109000035,16,71,-55
109000036,126,542,-416
109000037,265,1664,-1399
109000038,829,670,159
109000039,1266,952,314
109000040,9645,9150,495
109000041,7539,2120,5419
109000042,1884,1978,-94
109000044,733,82,651
109000045,161,646,-485
109000046,412,139,273
109000047,120,682,-562
109000048,1603,246,1357
109000049,603,755,-152
109000050,629,402,227
109000051,587,461,126
109000052,675,2616,-1941
109000053,252,143,109
109000054,463,1529,-1066
109000055,392,463,-71
109000056,339,1091,-752
109000057,916,441,475
109000058,1100,442,658
109000059,1064,1293,-229
109000060,738,316,422
109000061,2439,1263,1176
109000062,191,355,-164
109000063,509,410,99
109000064,274,305,-31
109000065,149,571,-422
109000066,398,214,184
109000067,49,629,-580
109000068,1199,50,1149
109000069,1118,40,1078
109000070,24,1564,-1540
109000071,563,96,467
109000072,157,590,-433
109000073,82,180,-98
109000074,46,365,-319
109000075,109,573,-464
109000076,173,274,-101
109000077,534,417,117
109000078,107,202,-95
109000079,113,264,-151
109000080,191,191,0
109000081,89,836,-747
109000082,742,342,400
109000083,320,1308,-988
109000088,180,781,-601
109000089,329,60,269
109000090,352,709,-357
109000091,423,218,205
109000092,527,833,-306
109000093,246,264,-18
109000094,429,2,427
109000095,131,872,-741
109000096,799,315,484
109000097,110,234,-124
109000098,138,118,20
109000099,967,696,271
109000100,257,886,-629
109000101,1680,1521,159
109000102,410,1409,-999
109000103,504,1054,-550
109000104,1866,1098,768
109000105,670,2373,-1703
109000106,2632,1273,1359
109000107,792,3313,-2521
109000108,2334,1069,1265
109000109,620,3068,-2448
109000110,2423,920,1503
109000111,1786,4068,-2282
109000112,662,266,396
109000113,634,303,331
109000114,254,634,-380
109000115,1959,92,1867
109000116,6,329,-323
109000117,175,153,22
109000118,11,421,-410
109000119,1324,709,615
109000120,208,1740,-1532
109000121,469,105,364
109000122,156,1601,-1445
109000123,35,132,-97
109000124,706,630,76
109000125,807,598,209
109000126,485,1593,-1108
109000127,1002,366,636
109000128,703,3342,-2639
109000129,2543,977,1566
109000130,860,3842,-2982
109000131,1058,567,491
109000132,879,3006,-2127
109000133,617,1752,-1135
109000134,1146,2423,-1277
109000135,1756,2045,-289
109000136,398,597,-199
109000137,447,450,-3
109000138,723,607,116
109000139,624,731,-107
109000140,273,851,-578
109000141,627,706,-79
109000142,152,893,-741
109000143,129,122,7
109000145,110,310,-200
109000146,53,207,-154
109000148,7371,2452,4919
109000149,45,68,-23
109000150,181,348,-167
109000155,933,950,-17
109000156,2132,1422,710
109000158,260,391,-131
109000159,208,1065,-857
109000160,1474,359,1115
109000161,503,2160,-1657
109000162,2721,1311,1410
109000163,1494,3003,-1509
109000164,1494,4281,-2787
109000165,1572,939,633
109000166,778,217,561
109000167,146,1458,-1312
109000170,41,122,-81
109000171,96,70,26
109000172,46,116,-70
109000173,25,153,-128
109000174,105,82,23
109000175,71,192,-121
109000176,372,402,-30
109000177,38,207,-169
109000178,1113,818,295
109000179,12920,6378,6542
109000180,10082,5447,4635
109000181,26,80,-54
109000182,71,68,3
109000183,50,68,-18
109000184,58,34,24
109000185,30,124,-94
109000188,692,3960,-3268
109000189,2796,1467,1329
109000190,764,880,-116
109000191,387,959,-572
109000192,431,347,84
109000193,226,695,-469
109000194,302,184,118
109000195,159,769,-610
109000196,365,226,139
109000197,228,767,-539
109000198,385,113,272
109000199,178,891,-713
109000206,341,48,293
109000207,163,74,89
109000208,137,157,-20
109000209,216,164,52
109000210,227,957,-730
109000211,637,739,-102
109000214,474,870,-396
109000215,320,180,140
109000216,442,274,168
109000217,262,167,95
109000218,368,276,92
109000221,620,1638,-1018
109000222,994,218,776
109000223,349,409,-60
109000224,99,390,-291
109000225,92,83,9
109000226,62,439,-377
109000227,1297,2061,-764
109000228,1,441,-440
109000231,7,642,-635
109000232,314,626,-312
109000236,471,1197,-726
109000241,2820,3298,-478
109000242,2207,2448,-241
109000293,16,114,-98
109000361,151,361,-210
109000364,274,1024,-750
109000396,9,1168,-1159
109000397,538,12,526
109000399,175,1041,-866
109000400,114,419,-305
109000403,109,767,-658
109000406,531,5,526
109000407,407,351,56
109000408,1,1437,-1436
109000410,1531,344,1187
109000411,185,69,116
109900001,118,0,118
109900002,866,23,843
109900003,224,2,222
109900004,843,388,455
109900005,42,4,38
109900006,427,363,64
109900007,793,1293,-500
109900008,0,74,-74
109900009,163,1211,-1048
109900010,544,33,511
109900011,176,53,123
109900012,415,315,100
109900013,546,228,318
109900014,371,90,281
109900015,711,238,473
109900016,174,64,110
109900017,185,189,-4
109900018,315,149,166
109900019,165,95,70
109900020,37,19,18
109900021,23,16,7
109900022,121,470,-349
109900023,11,2,9
109900024,13,2,11
109900025,5,101,-96
109900026,10,344,-334
109900027,40,21,19
109900028,3694,1078,2616
109900029,12,793,-781
109900030,26,2,24
109900031,0,106,-106
109900032,15,495,-480
109900033,1,960,-959
109900034,29,2,27
109900035,19,21,-2
109900036,29,147,-118
109900037,25,972,-947
109900038,82,454,-372
109900039,7,0,7
109900040,33,989,-956
109900041,70,664,-594
109900042,55,674,-619
109900044,133,408,-275
109900045,60,56,4
109900046,31,107,-76
109900047,563,599,-36
109900048,19,135,-116
109900049,11,37,-26
109900050,2,329,-327
109900051,0,76,-76
109900052,152,491,-339
109900053,7,689,-682
109900054,722,344,378
109900055,58,445,-387
109900056,19,215,-196
109900057,12,387,-375
109900058,1,164,-163
109900059,769,176,593
109900060,604,232,372
109900061,190,566,-376
109900062,2,454,-452
109900063,14,586,-572
109900064,586,450,136
109900065,226,225,1
109900066,423,1721,-1298
109900067,3,612,-609
109900068,77,10,67
109900069,6,79,-73
109900070,92,488,-396
109900071,8,53,-45
109900072,31,214,-183
109900073,427,1140,-713
109900074,5,60,-55
109900075,27,47,-20
109900076,24,408,-384
109900077,35,96,-61
109900078,127,434,-307
109900080,171,588,-417
109900081,54,177,-123
109900082,45,826,-781
109900083,34,91,-57
109900084,108,282,-174
109900085,303,1571,-1268
109900086,132,502,-370
109900087,405,706,-301
109900089,817,155,662
109900090,685,2132,-1447
109900091,396,153,243
109900092,1394,15,1379
109900093,956,175,781
109900094,102,147,-45
109900095,149,449,-300
109900096,46,4,42
109900097,118,2,116
109900098,506,71,435
109900099,219,1,218
109900100,48,0,48
109900101,512,19,493
109900102,410,37,373
109900103,54,102,-48
109900104,513,1464,-951
109900105,657,44,613
109900106,587,124,463
109900107,835,144,691
109900108,153,966,-813
109900109,24,287,-263
109900110,134,817,-683
109900111,478,2185,-1707
109900112,550,1504,-954
109900113,934,573,361
109900114,1307,876,431
109900115,169,121,48
109900117,1105,222,883
109900118,369,752,-383
109900119,1067,514,553
109900120,69,13,56
109900121,933,443,490
109900122,433,9,424
109900123,30,263,-233
109900124,53,1075,-1022
109900125,1,302,-301
109900126,276,344,-68
109900128,297,106,191
109900130,18321,3218,15103
109900131,78,230,-152
109900132,39,292,-253
109900133,86,626,-540
109900134,76,94,-18
109900135,591,122,469
109900136,101,278,-177
109900137,125,669,-544
109900140,255,572,-317
109900142,1560,557,1003
109900145,7,394,-387
109900146,608,52,556
109900148,48,158,-110
109900149,69,108,-39
109900150,3,113,-110
109900151,7,89,-82
109900152,0,27,-27
109900153,0,74,-74
109900154,20,0,20
109900155,67,18,49
109900157,95,479,-384
109900158,81,182,-101
109900159,259,47,212
109900160,201,89,112
109900161,319,92,227
109900162,224,112,112
109900163,1285,698,587
109900164,62,320,-258
109900165,304,12,292
109900166,6,269,-263
109900167,195,987,-792
109900168,291,855,-564
109900169,282,268,14
109900170,505,1220,-715
109900171,187,193,-6
109900172,238,385,-147
109900173,6606,3203,3403
109900174,43,303,-260
109900175,74,109,-35
109900176,101,289,-188
109900177,47,590,-543
109900178,6,170,-164
109900179,26,32,-6
109900180,23,9,14
110000001,1245,955,290
110000002,896,903,-7
110000003,1458,1040,418
110000004,870,921,-51
110000005,961,2305,-1344
110000006,868,565,303
110000007,243,329,-86
110000008,17,69,-52
110000009,69,76,-7
110000010,71,89,-18
110000011,63,182,-119
110000012,1325,816,509
110000013,43,805,-762
110000014,835,601,234
110000015,447,960,-513
110000016,497,2024,-1527
110000017,4763,428,4335
110000018,5467,773,4694
110000019,16,261,-245
110000020,814,349,465
110000021,1596,695,901
110000022,1733,384,1349
110000023,8,296,-288
110000024,1034,715,319
110000025,265,8,257
110000026,7,887,-880
110000027,1296,630,666
110000028,1072,1019,53
110000029,730,1605,-875
110000030,324,603,-279
110000031,353,1019,-666
110000032,1111,609,502
110000033,401,152,249
110000034,683,1013,-330
110000035,1170,1319,-149
110000036,1284,1103,181
110000037,291,1020,-729
110000038,285,1123,-838
110000039,1034,4179,-3145
110000040,436,733,-297
110000041,386,1781,-1395
110000042,198,624,-426
110000043,1194,509,685
110000044,196,234,-38
110000045,1313,201,1112
110000046,4,12,-8
110000047,25,39,-14
110000048,13,20,-7
110000049,83,7,76
110000050,13,34,-21
110000051,86,14,72
110000052,42,32,10
110000053,588,7,581
110000054,177,420,-243
110000055,460,40,420
110000056,411,75,336
110000057,558,1258,-700
110000058,1700,973,727
110000059,1254,753,501
110000060,935,1549,-614
110000061,1353,1284,69
110000062,912,1183,-271
110000063,58,150,-92
110000064,105,223,-118
110000065,114,123,-9
110000066,123,59,64
110000067,105,634,-529
110000068,358,819,-461
110000069,251,181,70
110000071,150,209,-59
110000073,6,45,-39
110000075,6,135,-129
110000076,374,624,-250
110000077,699,2398,-1699
110000078,32,87,-55
110000080,414,1056,-642
110000081,54,509,-455
110000082,54,639,-585
110000083,310,876,-566
110000084,1335,1035,300
110000085,3423,2210,1213
110000086,1759,2923,-1164
110000087,5,148,-143
110000088,57,448,-391
110000089,351,277,74
110000090,138,585,-447
110000091,2943,526,2417
110000092,26,180,-154
110000093,51,19,32
110000094,735,357,378
110000095,245,1214,-969
110000096,4883,2720,2163
110000097,1370,1841,-471
110000098,2620,1097,1523
110000099,1296,2602,-1306
110000100,1051,1128,-77
110000101,29,719,-690
110000102,48,77,-29
110000104,333,150,183
110000105,145,359,-214
110000106,749,444,305
110000107,603,648,-45
110000108,240,65,175
110000109,375,477,-102
110000110,6438,6904,-466
110000111,11753,4120,7633
110000112,2184,1379,805
110000113,1099,3442,-2343
110000114,211,938,-727
110000115,360,535,-175
110000116,48,68,-20
110000117,221,772,-551
110000118,472,383,89
110000119,226,585,-359
110000120,478,343,135
110000121,181,528,-347
110000122,473,951,-478
110000123,666,976,-310
110000124,1,1185,-1184
110000125,1290,6,1284
110000126,305,24,281
110000127,1574,111,1463
110000128,55,2303,-2248
110000129,5,788,-783
110000130,264,270,-6
110000131,134,565,-431
110000132,2,834,-832
110000133,121,581,-460
110000134,47,497,-450
110000135,262,46,216
110000136,76,468,-392
110000137,862,1062,-200
110000138,1102,1200,-98
110000139,1006,2434,-1428
110000140,1621,863,758
110000143,1019,611,408
110000144,6799,2162,4637
110000145,1851,1564,287
110000146,2748,1909,839
110000147,569,1311,-742
110000148,543,552,-9
110000151,2049,896,1153
110000152,1466,652,814
110000153,155,86,69
110000154,75,61,14
110000155,3166,5187,-2021
110000156,1350,3120,-1770
110000157,2363,2772,-409
110000160,456,591,-135
110000161,216,715,-499
110000166,617,169,448
110000167,1040,894,146
110000168,1171,602,569
110000169,878,454,424
110000170,146,164,-18
110000171,851,244,607
110000172,242,1415,-1173
110000173,1831,1905,-74
110000174,262,2097,-1835
110000175,618,155,463
110000176,97,434,-337
110000177,244,1270,-1026
110000178,874,1625,-751
110000179,2295,592,1703
110000180,176,460,-284
110000181,471,753,-282
110000182,465,420,45
110000183,20554,9596,10958
110000184,1862,3611,-1749
110000185,1947,1100,847
110000186,1232,1280,-48
110000191,671,530,141
110000192,509,10,499
110000193,938,13,925
110000194,20,2008,-1988
110000195,477,572,-95
110000196,395,805,-410
110000197,150,376,-226
110000198,190,162,28
110000199,82,172,-90
110000200,2062,812,1250
110000201,1034,1149,-115
110000202,1809,703,1106
110000203,1134,1343,-209
110000204,11,520,-509
110000205,138,93,45
110000206,939,2487,-1548
110000207,830,508,322
110000208,284,194,90
110000209,189,1398,-1209
110000210,1017,970,47
110000211,1208,1450,-242
110000212,651,1576,-925
110000213,167,101,66
110000214,217,123,94
110000215,179,873,-694
110000216,94,927,-833
110000217,333,325,8
110000218,175,755,-580
110000219,366,119,247
110000220,97,579,-482
110000221,381,132,249
110000222,61,400,-339
110000223,4,170,-166
110000224,76,27,49
110000225,255,965,-710
110000226,302,74,228
110000227,1219,1023,196
110000228,642,397,245
110000229,3,390,-387
110000230,1125,836,289
110000231,228,359,-131
110000232,226,292,-66
110000233,225,501,-276
110000234,1059,801,258
110000235,1986,1503,483
110000236,712,1432,-720
110000237,3130,1730,1400
110000238,1373,2013,-640
110000239,2546,1783,763
110000240,1,123,-122
110000242,1,18,-17
110000243,123,261,-138
110000244,230,739,-509
110000245,60,808,-748
110000246,1020,914,106
110000247,2055,8570,-6515
110000248,3569,2785,784
110000249,119,28,91
110000250,50,441,-391
110000251,374,1022,-648
110000252,210,371,-161
110000253,1724,874,850
110000254,857,2567,-1710
110000255,399,1875,-1476
110000256,847,427,420
110000257,1040,657,383
110000258,7,891,-884
110000259,121,55,66
110000260,39,604,-565
110000263,845,211,634
110000264,368,973,-605
110000265,1496,3029,-1533
110000266,3128,3769,-641
110000267,24,391,-367
110000268,436,882,-446
110000269,2,201,-199
110000270,83,12,71
110000271,3463,476,2987
110000272,1572,1465,107
110000273,5085,2231,2854
110000274,307,1852,-1545
110000275,4731,789,3942
110000276,294,531,-237
110000277,306,696,-390
110000278,347,1413,-1066
110000279,929,1073,-144
110000280,511,608,-97
110000281,35,363,-328
110000282,516,57,459
110000283,86,164,-78
110000284,78,76,2
110000285,2,512,-510
110000286,31,0,31
110000287,92,3,89
110000288,3,184,-181
110000289,804,2436,-1632
110000290,1723,856,867
110000291,10444,2227,8217
110000292,1961,6098,-4137
110000293,729,1412,-683
110000294,1013,1606,-593
110000295,154,1611,-1457
110000296,411,541,-130
110000297,3494,460,3034
110000298,441,1013,-572
110000299,677,92,585
110000301,355,18,337
110000302,428,2068,-1640
110000303,616,8,608
110000304,272,531,-259
110000305,1423,43,1380
110000306,186,2588,-2402
110000307,1939,14,1925
110000308,822,75,747
110000309,12,1954,-1942
110000310,916,125,791
110000311,25,1430,-1405
110000312,758,178,580
110000313,4619,4790,-171
110000314,0,479,-479
110000315,4848,3108,1740
110000316,888,1855,-967
110000317,1039,654,385
110000318,7,150,-143
110000319,1,36,-35
110000320,54,77,-23
110000321,21,72,-51
110000322,407,832,-425
110000323,500,339,161
110000324,7226,1853,5373
110000325,3544,3960,-416
110000327,783,515,268
110000328,284,820,-536
110000333,1299,1126,173
110000334,1068,2325,-1257
110000335,1135,1001,134
110000336,1018,1700,-682
110000337,2089,1020,1069
110000338,550,356,194
110000339,334,405,-71
110000340,51,307,-256
110000341,677,764,-87
110000342,784,10,774
110000343,1,21,-20
110000344,273,318,-45
110000345,230,216,14
110000346,3230,2218,1012
110000347,1564,1173,391
110000348,26,31,-5
110000349,0,29,-29
110000350,68,11,57
110000351,1080,1299,-219
110000352,747,2454,-1707
110000353,4890,1020,3870
110000354,1648,4590,-2942
110000355,172,183,-11
110000356,1206,12,1194
110000357,528,16,512
110000361,32,126,-94
110000362,73,239,-166
110000363,422,179,243
110000364,173,689,-516
110000365,226,0,226
110000366,2,175,-173
110000367,438,405,33
110000368,3,100,-97
110000369,58,4,54
110000373,6,475,-469
110000374,225,7,218
110000375,229,1481,-1252
110000376,75,107,-32
110000377,90,806,-716
110000378,18,523,-505
110000379,5006,2101,2905
110000380,64,20,44
110000383,2,1195,-1193
110000384,2640,1166,1474
110000385,1,329,-328
110000387,67,22,45
110000388,47,359,-312
110000389,912,7,905
110000391,609,551,58
110000396,227,200,27
110000397,119,312,-193
110000398,10,47,-37
110000399,282,1,281
110000587,164,52,112
110000589,230,251,-21
110000640,244,148,96
110000652,41,182,-141
110000653,312,653,-341
110000654,10,49,-39
110000656,3,1028,-1025
110000674,35,35,0
110000675,50,33,17
110000676,24,91,-67
110000679,620,1633,-1013
110000682,144,293,-149
110000683,703,886,-183
110000684,25,125,-100
110000685,4,10,-6
110000686,17,75,-58
110000687,33,2,31
110000688,67,1249,-1182
110000689,30,65,-35
110000692,416,454,-38
110000693,444,365,79
110000694,0,305,-305
110000695,258,1384,-1126
110000696,205,246,-41
110900001,364,25,339
110900002,814,531,283
110900003,806,1541,-735
110900004,437,311,126
110900005,6683,2898,3785
110900006,59,19,40
110900007,181,45,136
110900008,10,45,-35
110900009,562,130,432
110900010,7,130,-123
110900011,43,189,-146
110900012,22,194,-172
110900013,1246,253,993
110900014,203,18,185
110900015,1397,834,563
110900016,63,303,-240
110900017,459,46,413
110900018,628,75,553
110900019,195,36,159
110900020,107,707,-600
110900021,136,1029,-893
110900022,154,573,-419
110900023,162,1086,-924
110900024,35,860,-825
110900025,35,113,-78
110900027,78,414,-336
110900028,43,261,-218
110900029,32,805,-773
110900030,41,537,-496
110900031,4,241,-237
110900032,0,180,-180
110900033,44,478,-434
110900035,48,903,-855
110900036,166,36,130
110900037,83,50,33
110900038,2101,392,1709
110900039,13,467,-454
110900040,288,76,212
110900041,25,305,-280
110900042,163,97,66
110900043,3,313,-310
110900044,431,49,382
110900045,67,908,-841
110900046,151,592,-441
110900047,1329,351,978
110900049,210,117,93
110900050,21,9,12
110900051,62,331,-269
110900052,10,318,-308
110900053,137,83,54
110900054,38,454,-416
110900055,36,3,33
110900056,76,210,-134
110900057,14,382,-368
110900058,311,435,-124
110900059,1027,1174,-147
110900060,706,240,466
110900061,30,83,-53
110900062,177,485,-308
110900063,67,249,-182
110900064,17,0,17
110900065,581,279,302
110900066,17,183,-166
110900067,888,1137,-249
110900068,274,350,-76
110900069,3,45,-42
110900070,82,50,32
110900071,489,884,-395
110900073,0,37,-37
110900074,441,132,309
110900075,565,152,413
110900077,966,853,113
110900078,44,194,-150
110900079,3034,1252,1782
110900080,184,102,82
110900081,8,148,-140
110900082,160,418,-258
110900083,166,89,77
110900084,68,198,-130
110900085,77,648,-571
110900086,93,448,-355
110900087,429,140,289
110900088,21,0,21
110900090,53,60,-7
110900091,5,88,-83
110900093,646,139,507
110900095,95,107,-12
110900097,9,29,-20
110900098,59,224,-165
110900099,90,1025,-935
110900100,0,23,-23
110900102,60,24,36
110900105,1420,679,741
110900108,18,185,-167
110900111,544,242,302
110900112,950,20,930
110900113,864,68,796
110900115,41,155,-114
110900116,667,4043,-3376
110900118,155,3464,-3309
110900119,8738,780,7958
110900120,26,200,-174
110900121,91,1,90
110900122,531,226,305
110900125,498,599,-101
110900127,1131,1565,-434
110900128,305,317,-12
110900129,569,867,-298
110900130,1865,870,995
110900131,372,76,296
110900132,397,79,318
110900133,106,452,-346
110900135,186,857,-671
110900136,348,28,320
110900137,160,1,159
110900138,1741,512,1229
110900139,95,73,22
110900140,105,13,92
110900141,5,142,-137
110900142,104,328,-224
110900143,206,149,57
110900144,4,1174,-1170
110900145,191,56,135
110900146,735,244,491
110900147,305,491,-186
110900148,9,543,-534
110900149,0,133,-133
110900150,105,25,80
110900151,6,119,-113
110900152,35,633,-598
110900153,148,62,86
111000001,799,609,190
111000002,909,1125,-216
111000003,1731,1540,191
111000004,1106,1867,-761
111000005,2164,1987,177
111000006,1540,2049,-509
111000007,8909,5723,3186
111000008,6034,6067,-33
111000009,452,1320,-868
111000010,1013,518,495
111000011,520,1325,-805
111000012,960,659,301
111000013,454,1687,-1233
111000014,1590,977,613
111000017,166,971,-805
111000018,307,525,-218
111000020,3568,3677,-109
111000021,151,264,-113
111000023,162,285,-123
111000025,11603,4910,6693
111000029,101,155,-54
111000030,41,155,-114
111000031,2868,1442,1426
111000032,694,364,330
111000033,466,340,126
111000034,626,377,249
111000037,4667,2064,2603
111000038,5700,4771,929
111000039,2823,4474,-1651
111000040,2388,4785,-2397
111000041,2122,2859,-737
111000042,9184,3932,5252
111000043,3758,4088,-330
111000044,1829,1518,311
111000045,3299,3274,25
111000046,2333,2243,90
111000047,3500,5145,-1645
111000049,621,922,-301
111000050,2932,2426,506
111000051,706,1969,-1263
111000052,903,2636,-1733
111000053,613,1793,-1180
111000054,492,1812,-1320
111000055,1506,3008,-1502
111000056,132,900,-768
111000057,86,1082,-996
111000058,337,163,174
111000059,414,385,29
111000060,4542,1175,3367
111000061,732,537,195
111000062,1112,430,682
111000063,2503,1414,1089
111000064,755,961,-206
111000065,1363,1324,39
111000066,586,564,22
111000067,771,1026,-255
111000068,565,1344,-779
111000069,2487,3253,-766
111000070,3687,1764,1923
111000071,381,1265,-884
111000072,1330,683,647
111000073,343,1119,-776
111000074,2009,2563,-554
111000075,1016,1434,-418
111000076,655,1335,-680
111000077,1726,2226,-500
111000078,3251,1860,1391
111000079,1980,1340,640
111000080,612,1196,-584
111000081,3511,6679,-3168
111000082,934,1138,-204
111000084,1086,919,167
111000085,1724,2457,-733
111000086,6163,2212,3951
111000087,957,1374,-417
111000088,12756,3273,9483
111000089,955,1183,-228
111000090,1532,1769,-237
111000091,1091,933,158
111000092,1791,1538,253
111000093,775,1294,-519
111000094,3254,1370,1884
111000095,1015,3399,-2384
111000096,3602,10251,-6649
111000097,9643,1643,8000
111000098,873,2241,-1368
111000099,666,3604,-2938
111000100,531,3265,-2734
111000101,591,1496,-905
111000102,239,1292,-1053
111000104,667,422,245
111000107,117,1280,-1163
111000109,607,409,198
111000110,1924,972,952
111000111,2457,780,1677
111000112,2307,657,1650
111000113,1065,1712,-647
111000114,2681,4334,-1653
111000115,11617,1949,9668
111000116,1119,1585,-466
111000117,634,1315,-681
111000118,2193,1624,569
111000119,1228,2406,-1178
111000120,593,876,-283
111000121,395,1021,-626
111000122,979,1633,-654
111000123,1398,4702,-3304
111000124,738,4850,-4112
111000125,286,2763,-2477
111000126,110,1405,-1295
111000127,936,261,675
111000128,1913,573,1340
111000129,3346,682,2664
111000130,2208,1005,1203
111000131,1884,725,1159
111000132,1787,876,911
111000133,165,226,-61
111000134,160,203,-43
111000135,55,242,-187
111000136,455,533,-78
111000138,4,35,-31
111000140,1,12,-11
111000141,401,523,-122
111000142,11,147,-136
111000143,1,99,-98
111000144,5,133,-128
111000145,652,6,646
111000146,72,17,55
111000147,198,47,151
111000148,290,219,71
111000149,6,39,-33
111000150,2,16,-14
111000151,11,34,-23
111000153,823,855,-32
111000154,1271,308,963
111000155,159,295,-136
111000156,687,905,-218
111000157,214,1294,-1080
111000158,1323,1046,277
111000159,4602,1065,3537
111000160,317,537,-220
111000161,10,441,-431
111000162,9,305,-296
111000163,629,1440,-811
111000164,1282,5173,-3891
111000165,1938,724,1214
111000166,2497,604,1893
111000167,263,870,-607
111000168,392,697,-305
111000169,434,874,-440
111000170,558,704,-146
111000171,650,1357,-707
111000172,169,1019,-850
111000173,505,2180,-1675
111000174,236,1051,-815
111000175,64,523,-459
111000176,381,187,194
111000177,293,431,-138
111000178,1547,534,1013
111000179,202,332,-130
111000180,320,524,-204
111000181,1083,472,611
111000182,181,372,-191
111000183,385,509,-124
111000184,419,484,-65
111000185,450,748,-298
111000186,438,388,50
111000187,169,420,-251
111000188,176,693,-517
111000189,2396,803,1593
111000190,225,698,-473
111000191,180,658,-478
111000192,338,918,-580
111000193,617,633,-16
111000194,77,621,-544
111000195,181,668,-487
111000196,49,427,-378
111000197,380,243,137
111000198,518,149,369
111000199,225,211,14
111000200,331,438,-107
111000201,718,376,342
111000202,291,299,-8
111000203,390,346,44
111000204,592,1269,-677
111000213,260,664,-404
111000214,1869,2864,-995
111000215,1409,2427,-1018
111000217,1686,1741,-55
111000218,1332,1596,-264
111000219,681,332,349
111000220,4344,1083,3261
111000221,1537,226,1311
111000224,120,756,-636
111000225,412,247,165
111000226,283,8,275
111000227,67,11,56
111000228,14,348,-334
111000229,43,855,-812
111000230,380,820,-440
111000231,1011,2019,-1008
111000232,522,1332,-810
111000233,832,1101,-269
111000234,143,407,-264
111000239,198,405,-207
111000240,48,261,-213
111000241,43,714,-671
111000242,135,139,-4
111000243,156,1336,-1180
111000244,533,169,364
111000245,1195,932,263
111000246,438,914,-476
111000247,318,1356,-1038
111000248,690,750,-60
111000249,680,1183,-503
111000250,46,176,-130
111000251,47,181,-134
111000253,40,13,27
111000255,27,9,18
111000257,36,17,19
111000260,109,1770,-1661
111000261,1299,120,1179
111000271,59,469,-410
111000273,11750,2452,9298
111000274,1849,3587,-1738
111000275,164,124,40
111000276,384,3281,-2897
111000277,313,758,-445
111000278,794,399,395
111000291,771,7878,-7107
111000298,793,343,450
111000299,1005,199,806
111000300,123,988,-865
111000302,276,124,152
111000303,147,459,-312
111000312,58,111,-53
111000315,40,528,-488
111000320,531,1088,-557
111000321,424,138,286
111000322,320,852,-532
111000323,196,40,156
111000324,521,485,36
111000325,57,136,-79
111000326,199,529,-330
111000327,450,957,-507
111000328,307,776,-469
111000329,0,28,-28
111000330,49,36,13
111000331,10,14,-4
111000332,575,2109,-1534
111000334,485,2624,-2139
111000335,875,306,569
111000337,1155,560,595
111000338,55,184,-129
111000339,527,904,-377
111000340,131,1343,-1212
111000341,1313,795,518
111000342,189,404,-215
111000344,1342,1265,77
111000345,273,68,205
111000346,14,170,-156
111000347,180,14,166
111000350,281,251,30
111000351,150,357,-207
111000352,190,243,-53
111000353,179,396,-217
111000354,644,431,213
111000355,436,1080,-644
111000358,160,2804,-2644
111000360,193,1540,-1347
111000361,132,696,-564
111000546,795,1038,-243
111000547,386,1416,-1030
111000548,141,342,-201
111000549,373,817,-444
111000550,143,847,-704
111000551,1156,363,793
111000552,1157,97,1060
111000907,591,21,570
111000908,51,33,18
111000916,1779,345,1434
111000917,47,726,-679
111000918,204,1736,-1532
111000920,493,25,468
111000921,1,586,-585
111000922,489,439,50
111000924,37,1771,-1734
111000925,2533,3466,-933
111000926,1138,3967,-2829
111000927,3855,7435,-3580
111000928,8146,6474,1672
111000929,1206,1584,-378
111000930,1074,4259,-3185
111000931,2279,3270,-991
111000932,6028,3596,2432
111000933,4943,2898,2045
111000934,3949,4955,-1006
111000935,1899,1470,429
111000936,1689,3475,-1786
111000937,1060,1804,-744
111000938,2765,3385,-620
111000939,446,56,390
111000940,464,297,167
111000941,307,1115,-808
111000943,384,409,-25
111000944,178,791,-613
111000945,108,3381,-3273
111001109,809,407,402
111001110,262,875,-613
111001111,82,4,78
111001112,284,8,276
111001113,8,248,-240
111001114,1952,197,1755
111001115,173,522,-349
111001116,8743,5027,3716
111001117,1198,2245,-1047
111001120,148,633,-485
111001121,262,488,-226
111001122,234,1124,-890
111001123,296,233,63
111001124,87,400,-313
111001125,0,40,-40
111900001,10,180,-170
111900002,33,1392,-1359
111900003,6,726,-720
111900004,37,298,-261
111900006,8,46,-38
111900007,85,14,71
111900008,220,2,218
111900009,237,353,-116
111900010,355,867,-512
111900012,81,218,-137
111900013,9,109,-100
111900014,10957,3884,7073
111900015,0,94,-94
111900016,1,214,-213
111900017,2,189,-187
111900018,202,2,200
111900019,5,151,-146
111900020,5,66,-61
111900021,40,145,-105
111900022,21,79,-58
111900023,149,85,64
111900024,2,75,-73
111900025,0,55,-55
111900026,2,136,-134
111900027,15,250,-235
111900028,1,557,-556
111900029,0,144,-144
111900030,91,690,-599
111900031,12,42,-30
111900032,1,597,-596
111900033,2,116,-114
111900034,314,1236,-922
111900035,61,323,-262
111900036,2,560,-558
111900038,461,1068,-607
111900039,80,643,-563
111900040,5,895,-890
111900042,48,195,-147
111900043,4,694,-690
111900044,448,546,-98
111900046,66,422,-356
111900048,184,1427,-1243
111900049,51,451,-400
111900050,143,26,117
111900051,5,492,-487
111900052,513,796,-283
111900053,2233,1436,797
111900054,167,6,161
111900055,47,1024,-977
111900056,519,283,236
111900057,84,53,31
111900058,325,1148,-823
111900059,5141,669,4472
111900060,394,0,394
111900061,16,449,-433
111900062,24,68,-44
111900063,215,374,-159
111900064,195,467,-272
111900065,72,37,35
111900066,131,265,-134
111900067,4,526,-522
111900068,64,51,13
111900069,65,25,40
111900070,197,170,27
111900071,4,453,-449
111900072,49,18,31
111900073,855,150,705
111900074,13,337,-324
111900075,86,12,74
111900076,141,54,87
111900077,36,0,36
111900078,258,23,235
111900079,23,26,-3
111900080,352,278,74
111900082,178,20,158
111900083,133,15,118
111900084,88,5,83
111900085,39,118,-79
111900086,27,6,21
111900087,38,0,38
111900088,466,11,455
111900089,76,9,67
111900090,110,47,63
111900091,140,2,138
111900092,115,1,114
111900093,387,4,383
111900094,110,1,109
111900095,218,23,195
111900096,129,0,129
111900097,29,0,29
111900098,159,2,157
111900099,72,0,72
111900100,112,4,108
111900101,114,23,91
111900102,552,1214,-662
111900103,86,106,-20
111900104,225,106,119
111900105,438,230,208
111900106,2514,97,2417
111900110,4020,542,3478
111900111,138,328,-190
111900112,1575,2698,-1123
111900113,407,122,285
111900118,443,89,354
111900119,398,135,263
111900122,118,33,85
111900123,16,33,-17
111900124,42,101,-59
111900125,561,27,534
111900126,301,1,300
111900127,8,1102,-1094
111900128,6,820,-814
111900129,224,8,216
111900130,343,27,316
111900131,385,0,385
111900132,41,2082,-2041
111900133,9,706,-697
111900134,27,469,-442
111900135,16,53,-37
111900136,99,214,-115
111900137,66,100,-34
111900138,7,107,-100
111900139,8,158,-150
111900140,127,32,95
111900141,71,17,54
111900142,98,45,53
111900143,69,318,-249
111900144,0,175,-175
111900145,8,777,-769
111900146,3,457,-454
111900147,255,734,-479
111900148,30,1275,-1245
111900149,15,489,-474
111900150,13,285,-272
111900151,2,34,-32
111900152,127,121,6
111900153,2124,466,1658
111900154,17,309,-292
111900155,86,121,-35
111900156,41,80,-39
111900157,80,15,65
111900158,504,31,473
111900159,319,20,299
111900160,326,3,323
111900161,139,0,139
111900162,140,230,-90
111900163,35,518,-483
111900164,178,77,101
111901113,410,391,19
111901114,282,632,-350
111901115,88,1,87
111901116,65,1,64
111901117,17,37,-20
111901118,293,281,12
111901119,1815,162,1653
111901121,290,576,-286
111901122,9,828,-819
111901123,116,647,-531
111901124,139,0,139
111901125,344,371,-27
111901127,1555,543,1012
111901128,15,169,-154
111901129,11,264,-253
111901130,15,431,-416
111901131,3,274,-271
111901132,156,14,142
111901133,91,6,85
111901134,135,4,131
111901135,20,20,0
111901136,57,46,11
111901137,0,34,-34
111901138,139,61,78
111901139,27,109,-82
111901140,9,311,-302
111901141,13,640,-627
111901142,7,341,-334
111901143,1,188,-187
111901144,63,56,7
111901145,329,457,-128
111901146,655,43,612
112000001,2570,1658,912
112000002,1040,4253,-3213
112000003,1618,1783,-165
112000004,1103,2699,-1596
112000005,3478,3600,-122
112000006,2950,3663,-713
112000007,3095,2476,619
112000008,3767,5795,-2028
112000009,6109,6726,-617
112000010,4122,5072,-950
112000011,3117,4049,-932
112000012,7986,5146,2840
112000013,7714,5189,2525
112000014,4440,1562,2878
112000015,4344,5363,-1019
112000016,10789,1892,8897
112000017,4674,3410,1264
112000024,3430,1211,2219
112000026,6977,8258,-1281
112000027,1586,905,681
112000028,3116,2751,365
112000029,603,1298,-695
112000030,401,267,134
112000031,2959,7568,-4609
112000032,793,102,691
112000033,3008,2197,811
112000034,410,72,338
112000035,129,572,-443
112000036,1598,1419,179
112000037,1971,1412,559
112000038,2022,1659,363
112000039,84,110,-26
112000040,158,406,-248
112000041,746,734,12
112000042,2201,614,1587
112000050,1389,2629,-1240
112000051,1488,1919,-431
112000054,3393,4206,-813
112000057,841,551,290
112000058,647,1045,-398
112000059,842,1341,-499
112000061,6656,3404,3252
112000062,2198,1253,945
112000063,2101,1986,115
112000064,6814,9492,-2678
112000065,3144,4319,-1175
112000066,5192,2305,2887
112000067,1130,1211,-81
112000068,4710,2918,1792
112000069,1151,3444,-2293
112000070,3127,1476,1651
112000071,1357,4085,-2728
112000072,2531,1561,970
112000073,3043,2870,173
112000074,2838,1521,1317
112000075,1936,1864,72
112000076,4893,4147,746
112000077,676,1107,-431
112000078,1988,1162,826
112000079,2005,2104,-99
112000080,997,1473,-476
112000081,2068,3105,-1037
112000082,1899,1307,592
112000083,692,2199,-1507
112000084,1551,1228,323
112000085,1523,1889,-366
112000086,2235,2430,-195
112000087,410,725,-315
112000088,581,1034,-453
112000089,421,478,-57
112000090,409,518,-109
112000091,829,1807,-978
112000092,2057,1569,488
112000093,2286,1560,726
112000094,733,1328,-595
112000095,866,1234,-368
112000096,567,1154,-587
112000097,1670,850,820
112000098,1545,2482,-937
112000099,1113,1529,-416
112000100,1877,1563,314
112000101,711,1596,-885
112000102,1229,934,295
112000103,455,1880,-1425
112000105,734,2867,-2133
112000106,1707,688,1019
112000107,22,332,-310
112000108,300,2649,-2349
112000109,85,122,-37
112000110,2284,843,1441
112000111,2250,6364,-4114
112000112,6736,1070,5666
112000113,1368,2824,-1456
112000114,4653,1852,2801
112000115,514,904,-390
112000116,814,1939,-1125
112000117,1731,1532,199
112000118,1626,1448,178
112000119,732,1469,-737
112000120,86,668,-582
112000121,142,1095,-953
112000122,310,250,60
112000123,738,223,515
112000124,372,103,269
112000125,212,277,-65
112000126,254,1118,-864
112000127,4167,2804,1363
112000128,1444,1413,31
112000129,137,211,-74
112000130,186,73,113
112000131,29,736,-707
112000132,180,448,-268
112000133,472,573,-101
112000134,622,554,68
112000135,1409,1061,348
112000136,1663,1852,-189
112000137,2336,3149,-813
112000138,2657,2093,564
112000139,1455,653,802
112000140,1446,1689,-243
112000141,1126,462,664
112000142,241,1369,-1128
112000143,1480,475,1005
112000144,525,2725,-2200
112000145,2595,1147,1448
112000146,1026,3542,-2516
112000147,2769,2765,4
112000148,2436,3504,-1068
112000149,403,1244,-841
112000150,258,1068,-810
112000151,465,1079,-614
112000152,380,721,-341
112000153,252,514,-262
112000154,153,384,-231
112000155,434,165,269
112000157,2136,873,1263
112000158,310,1369,-1059
112000159,622,591,31
112000167,523,77,446
112000169,1590,780,810
112000173,817,326,491
112000175,698,687,11
112000176,5659,3645,2014
112000177,891,227,664
112000178,119,967,-848
112000179,291,241,50
112000180,439,480,-41
112000181,1837,2899,-1062
112000182,1325,3056,-1731
112000183,96,88,8
112000184,376,1085,-709
112000185,606,876,-270
112000187,5195,3619,1576
112000195,279,37,242
112000196,343,5,338
112000197,321,131,190
112000198,51,425,-374
112000199,1850,1580,270
112000202,418,3,415
112000216,66,383,-317
112000230,93,13,80
112000231,7,381,-374
112000256,79,255,-176
112000313,158,236,-78
112000314,50,37,13
112000337,418,951,-533
112000352,617,525,92
112000392,2494,2363,131
112000398,1654,1262,392
112000399,12042,4177,7865
112000400,2730,6506,-3776
112000401,3731,4675,-944
112000402,3502,3567,-65
112000403,6543,4237,2306
112000404,843,987,-144
112000405,2119,3873,-1754
112000406,5505,5018,487
112000407,7099,10188,-3089
112000408,12359,11597,762
112000409,2410,8386,-5976
112000410,611,249,362
112000411,8779,2063,6716
112000412,2000,809,1191
112000413,15973,6300,9673
112000414,123,167,-44
112000415,141,89,52
112000416,2824,1930,894
112000417,372,109,263
112000421,52,320,-268
112000422,577,1097,-520
112000424,5354,4399,955
112000425,616,1667,-1051
112000426,230,545,-315
112000427,0,6,-6
112000428,232,757,-525
112000429,4383,5326,-943
112000430,5901,5139,762
112000431,100,224,-124
112000432,819,2908,-2089
112000433,885,1772,-887
112000437,63,342,-279
112900001,69,2,67
112900002,380,1700,-1320
112900003,49,478,-429
112900004,46,419,-373
112900005,200,314,-114
112900006,15,634,-619
112900007,28,322,-294
112900008,1,48,-47
112900009,507,137,370
112900010,349,1174,-825
112900011,469,525,-56
112900012,0,56,-56
112900013,4,372,-368
112900014,12,457,-445
112900015,464,1571,-1107
112900016,2,392,-390
112900017,57,454,-397
112900018,2,446,-444
112900019,90,338,-248
112900020,657,2170,-1513
112900021,6,355,-349
112900022,20,152,-132
112900023,3,310,-307
112900024,33,401,-368
112900025,185,484,-299
112900026,10,458,-448
112900027,9,1847,-1838
112900028,24,237,-213
112900029,6,1157,-1151
112900030,322,404,-82
112900031,7,861,-854
112900032,224,431,-207
112900034,2,114,-112
112900035,18,803,-785
112900036,72,237,-165
112900037,345,166,179
112900038,803,248,555
112900039,22,536,-514
112900040,5,666,-661
112900041,2653,1918,735
112900042,70,802,-732
112900043,47,64,-17
112900044,1123,636,487
112900045,649,558,91
112900046,333,167,166
112900047,18,26,-8
112900049,208,146,62
112900050,135,980,-845
112900051,473,1334,-861
112900052,100,1931,-1831
112900053,477,210,267
112900054,367,55,312
112900055,225,40,185
112900056,785,250,535
112900057,11,1149,-1138
112900058,384,387,-3
112900059,227,282,-55
112900060,16,516,-500
112900061,108,317,-209
112900062,80,231,-151
112900063,146,13,133
112900064,332,319,13
112900065,74,46,28
112900066,239,192,47
112900067,876,299,577
112900068,51,56,-5
112900069,4306,1005,3301
112900071,29,5,24
112900072,464,2438,-1974
112900073,433,111,322
112900074,148,259,-111
112900075,3548,1332,2216
112900076,153,19,134
112900078,337,506,-169
112900079,262,26,236
112900080,38,2,36
112900081,62,252,-190
112900082,556,22,534
112900083,161,100,61
112900084,345,130,215
112900086,60,1,59
112900087,802,199,603
112900088,133,5,128
112900089,934,36,898
112900090,41,19,22
112900091,223,0,223
112900092,297,375,-78
112900093,1825,39,1786
112900095,46,0,46
112900096,454,198,256
112900097,95,673,-578
112900098,220,3,217
112900099,790,13,777
112900100,48,0,48
112900101,307,4,303
112900102,287,12,275
112900103,207,4,203
112900104,190,8,182
112900105,13,0,13
112900106,642,149,493
112900107,3,0,3
112900108,11,0,11
112900109,109,1,108
112900110,1091,7,1084
112900111,711,3,708
112900112,425,1,424
112900113,0,15,-15
112900114,142,84,58
112900115,1012,2,1010
112900116,57,52,5
112900117,179,154,25
112900118,38,155,-117
112900119,210,4,206
112900120,1152,439,713
112900121,449,310,139
112900122,21,251,-230
112900123,205,15,190
112900124,17,271,-254
112900125,86,856,-770
112900126,191,367,-176
112900127,454,81,373
112900128,719,1361,-642
112900129,3,1555,-1552
112900130,332,107,225
112900131,92,322,-230
112900132,121,769,-648
112900133,39,1988,-1949
112900134,0,422,-422
112900135,127,88,39
112900137,8,1134,-1126
112900138,12,801,-789
112900139,383,1846,-1463
112900141,1219,95,1124
112900142,116,226,-110
112900143,49,949,-900
112900144,3,662,-659
112900145,40,763,-723
112900146,15,2293,-2278
112900147,5,3624,-3619
112900148,68,1,67
112900149,305,952,-647
112900151,28,76,-48
112900152,6818,1446,5372
112900153,2723,2576,147
112900154,3,184,-181
112900155,403,23,380
112900156,441,2676,-2235
112900157,258,148,110
112900158,79,28,51
112900159,314,102,212
112900160,52,517,-465
112900161,125,40,85
112900162,52,13,39
112900163,174,58,116
112900164,38,208,-170
112900165,174,93,81
112900166,75,99,-24
112900167,11,76,-65
112900168,3,2,1
112900169,12,18,-6
112900170,61,153,-92
112900172,105,27,78
112900173,341,199,142
112900174,481,60,421
112900175,201,301,-100
112900176,10,33,-23
112900177,323,63,260
112900178,989,3677,-2688
112900179,47,768,-721
112900180,3188,2919,269
112900181,598,3,595
112900182,52,2078,-2026
112900183,228,467,-239
112900184,884,801,83
112900185,548,948,-400
112900186,2538,1498,1040
112900187,134,715,-581
112900188,929,826,103
112900189,38,77,-39
112900190,148,78,70
112900192,960,946,14
112900193,2074,636,1438
112900194,102,226,-124
112900195,1940,56,1884
112900196,345,721,-376
112900197,273,731,-458
112900199,606,964,-358
112900200,672,478,194
112900201,54,163,-109
112900202,418,1580,-1162
112900203,276,632,-356
112900204,1526,806,720
112900205,3,15,-12
112900206,8,78,-70
112900207,18,0,18
112900208,83,268,-185
112900209,653,716,-63
112900210,0,42,-42
112900211,180,143,37
112900212,2,155,-153
112900213,21,11,10
112900214,57,19,38
112900215,8,355,-347
112900216,47,154,-107
112900217,0,79,-79
112900218,35,50,-15
112900219,30,17,13
112900220,1,0,1
112900221,27,194,-167
112900222,2,64,-62
112900223,1491,29,1462
112900224,268,1350,-1082
112900225,486,896,-410
112900226,337,566,-229
112900227,572,1950,-1378
112900228,40,57,-17
112900229,159,86,73
112900230,13487,7434,6053
112900232,329,291,38
112900233,83,321,-238
112900234,12,237,-225
112900235,116,49,67
112900236,253,23,230
112900237,166,424,-258
112900238,8,100,-92
112900239,1298,700,598
113000001,8361,13833,-5472
113000002,5788,6948,-1160
113000003,3081,5569,-2488
113000004,3459,5111,-1652
113000005,3008,2520,488
113000006,2509,3125,-616
113000007,3170,2472,698
113000008,3404,3619,-215
113000009,1604,1861,-257
113000010,1659,2814,-1155
113000011,1531,2164,-633
113000012,2175,2151,24
113000013,1748,1149,599
113000014,2074,1706,368
113000015,753,304,449
113000016,740,903,-163
113000017,133,422,-289
113000018,565,114,451
113000019,269,266,3
113000020,163,61,102
113000021,4517,1037,3480
113000022,1014,1949,-935
113000025,104,437,-333
113000026,932,773,159
113000027,4489,677,3812
113000028,3748,762,2986
113000029,1396,1027,369
113000030,859,965,-106
113000031,404,551,-147
113000032,452,551,-99
113000033,447,710,-263
113000034,647,611,36
113000035,47,64,-17
113000036,34,66,-32
113000037,119,57,62
113000038,24,68,-44
113000039,108,1530,-1422
113000040,140,145,-5
113000042,1494,1093,401
113000051,1302,4248,-2946
113000052,3677,2483,1194
113000053,615,1114,-499
113000054,556,1741,-1185
113000055,1676,1548,128
113000056,1340,2126,-786
113000058,1277,1197,80
113000059,1917,1088,829
113000060,279,859,-580
113000061,1370,1751,-381
113000062,2241,427,1814
113000063,147,546,-399
113000064,35,820,-785
113000065,256,1851,-1595
113000066,918,244,674
113000067,2464,2330,134
113000068,581,3188,-2607
113000069,936,2412,-1476
113000070,3038,1796,1242
113000071,506,1226,-720
113000072,960,982,-22
113000073,1149,2902,-1753
113000074,1618,865,753
113000075,3618,1272,2346
113000076,2296,3149,-853
113000077,2059,979,1080
113000078,1527,4464,-2937
113000079,1303,1555,-252
113000080,1146,1077,69
113000081,1418,1607,-189
113000082,2544,1264,1280
113000083,875,1581,-706
113000084,2876,1798,1078
113000085,1172,1181,-9
113000086,2028,2244,-216
113000087,1329,1659,-330
113000088,5310,2279,3031
113000089,1463,2811,-1348
113000090,496,1283,-787
113000091,1230,701,529
113000094,2666,384,2282
113000095,685,1490,-805
113000096,443,1484,-1041
113000097,2319,712,1607
113000098,193,79,114
113000099,2839,571,2268
113000100,252,789,-537
113000101,854,1041,-187
113000102,1259,748,511
113000103,4435,878,3557
113000104,649,5467,-4818
113000105,1232,781,451
113000106,634,943,-309
113000107,1409,1672,-263
113000108,1827,2640,-813
113000109,1260,9455,-8195
113000110,2576,972,1604
113000111,470,2173,-1703
113000112,565,623,-58
113000113,2494,518,1976
113000114,420,2988,-2568
113000116,1258,363,895
113000117,1392,186,1206
113000118,343,934,-591
113000119,461,651,-190
113000120,92,448,-356
113000121,1087,1625,-538
113000124,424,198,226
113000125,114,1040,-926
113000127,5536,844,4692
113000128,1096,1272,-176
113000129,919,2347,-1428
113000133,6555,2862,3693
113000134,17,2700,-2683
113000135,5416,6890,-1474
113000137,3232,4854,-1622
113000139,713,335,378
113000140,274,515,-241
113000141,590,299,291
113000142,1086,2064,-978
113000143,390,353,37
113000144,556,1320,-764
113000145,91,221,-130
113000146,165,206,-41
113000147,250,267,-17
113000148,172,196,-24
113000149,103,204,-101
113000150,976,803,173
113000151,187,160,27
113000152,58,241,-183
113000153,3095,1103,1992
113000154,1193,2815,-1622
113000155,530,924,-394
113000156,188,731,-543
113000157,379,1613,-1234
113000158,916,421,495
113000159,1349,1212,137
113000160,854,2188,-1334
113000161,374,1081,-707
113000162,1151,878,273
113000163,136,134,2
113000164,47,145,-98
113000166,200,165,35
113000167,41,209,-168
113000168,80,243,-163
113000169,213,130,83
113000170,197,193,4
113000171,82,155,-73
113000172,372,124,248
113000173,77,48,29
113000174,119,840,-721
113000175,561,277,284
113000176,630,296,334
113000177,199,770,-571
113000178,200,593,-393
113000179,460,254,206
113000180,1673,2749,-1076
113000181,1422,1370,52
113000182,371,1051,-680
113000183,297,896,-599
113000184,22,156,-134
113000189,797,1456,-659
113000190,2137,990,1147
113000192,3946,2282,1664
113000193,10930,1671,9259
113000194,4732,1693,3039
113000195,6514,1150,5364
113000196,328,240,88
113000197,4399,1892,2507
113000198,82,540,-458
113000199,2578,845,1733
113000201,2816,347,2469
113000202,7636,8906,-1270
113000203,985,412,573
113000204,3383,2670,713
113000205,43,56,-13
113000206,12,50,-38
113000207,124,25,99
113000208,54,80,-26
113000209,44,41,3
113000210,5,30,-25
113000211,686,430,256
113000212,710,60,650
113000213,66,431,-365
113000214,335,701,-366
113000234,212,1969,-1757
113000410,304,386,-82
113000411,4624,8016,-3392
113000412,14171,3997,10174
113000413,6537,5439,1098
113000414,13506,23039,-9533
113000415,4533,6150,-1617
113000416,14456,8123,6333
113000417,5343,7116,-1773
113000418,5952,4664,1288
113000419,2691,3548,-857
113000420,5874,8990,-3116
113000421,6386,11005,-4619
113000422,23371,19297,4074
113000423,4811,8261,-3450
113000424,6257,17810,-11553
113000425,32,269,-237
113000428,113,28,85
113000430,40,44,-4
113000432,3446,296,3150
113000433,146,1452,-1306
113000434,29,349,-320
113000435,44,1262,-1218
113000436,75,2092,-2017
113000437,1195,30,1165
113000438,332,15,317
113000439,43,293,-250
113000440,201,51,150
113000441,289,526,-237
113000442,215,369,-154
113000443,260,706,-446
113000444,306,431,-125
113000445,165,368,-203
113000446,80,181,-101
113000448,464,400,64
113000449,673,2312,-1639
113000450,2047,12051,-10004
113000451,3140,420,2720
113000452,786,1416,-630
113000453,226,537,-311
113000454,4284,103,4181
113000455,160,217,-57
113000456,6500,4299,2201
113000468,4635,515,4120
113000469,1425,677,748
113000470,1185,191,994
113000471,19,1137,-1118
113000472,149,606,-457
113000474,556,1209,-653
113000475,2223,3308,-1085
113000476,1439,2859,-1420
113000477,3389,3171,218
113000478,5987,9813,-3826
113000479,132,370,-238
113000480,320,237,83
113000484,0,0,0
113000485,0,0,0
113000486,9,0,9
113000487,0,0,0
113000488,0,0,0
113000489,0,0,0
113000490,0,0,0
113000491,6,16,-10
113000492,0,2,-2
113000493,2,0,2
113000495,314,393,-79
113000496,217,216,1
113000499,0,0,0
113900001,3,494,-491
113900002,5,447,-442
113900003,5,363,-358
113900004,5,206,-201
113900005,4,148,-144
113900006,1,81,-80
113900007,634,49,585
113900008,1132,0,1132
113900009,2109,5,2104
113900010,1280,6,1274
113900011,137,11,126
113900012,34,12,22
113900013,2706,58,2648
113900014,744,5,739
113900015,0,49,-49
113900016,34,0,34
113900017,0,101,-101
113900018,691,253,438
113900019,150,56,94
113900020,185,1,184
113900022,24,0,24
113900023,17,0,17
113900024,61,146,-85
113900025,498,56,442
113900026,102,0,102
113900027,3,163,-160
113900028,32,710,-678
113900029,75,353,-278
113900030,278,3,275
113900031,24,2,22
113900032,36,0,36
113900033,132,163,-31
113900035,62,0,62
113900036,27,217,-190
113900037,121,852,-731
113900038,144,287,-143
113900039,214,23,191
113900040,6,11,-5
113900041,6,8,-2
113900042,156,62,94
113900043,380,222,158
113900044,263,229,34
113900045,112,4,108
113900046,360,931,-571
113900047,71,256,-185
113900048,374,113,261
113900049,1250,558,692
113900050,327,663,-336
113900051,501,776,-275
113900052,225,237,-12
113900053,924,979,-55
113900054,84,5,79
113900055,169,790,-621
113900056,181,335,-154
113900057,17,224,-207
113900058,125,386,-261
113900059,552,678,-126
113900060,189,435,-246
113900061,1622,289,1333
113900062,125,43,82
113900063,165,280,-115
113900064,58,321,-263
113900065,670,50,620
113900066,589,784,-195
113900067,151,434,-283
113900068,791,718,73
113900069,140,62,78
113900070,238,662,-424
113900071,122,135,-13
113900072,96,279,-183
113900073,424,741,-317
113900074,97,597,-500
113900075,1885,1694,191
113900076,250,20,230
113900077,56,388,-332
113900078,152,121,31
113900079,2,105,-103
113900080,683,337,346
113900081,96,348,-252
113900082,276,509,-233
113900083,301,915,-614
113900084,540,166,374
113900085,58,501,-443
113900086,41,43,-2
113900087,82,238,-156
113900088,87,92,-5
113900089,629,117,512
113900090,1026,584,442
113900091,52,69,-17
113900092,61,149,-88
113900093,228,1653,-1425
113900094,482,678,-196
113900095,298,210,88
113900096,403,53,350
113900097,7,172,-165
113900098,1039,186,853
113900099,2,137,-135
113900100,0,3,-3
113900101,33,111,-78
113900102,268,191,77
113900103,642,378,264
113900104,270,319,-49
113900105,141,660,-519
113900106,0,197,-197
113900107,0,60,-60
113900108,482,388,94
113900109,684,255,429
113900110,77,10,67
113900111,202,176,26
113900112,172,137,35
113900113,1393,856,537
113900114,6,254,-248
113900115,1,134,-133
113900116,214,286,-72
113900117,191,54,137
113900118,390,511,-121
113900119,414,800,-386
113900120,147,63,84
113900121,51,158,-107
113900122,770,2790,-2020
113900123,864,356,508
113900124,1,112,-111
113900125,2734,309,2425
113900126,240,98,142
113900127,323,1006,-683
113900128,198,86,112
113900129,11,221,-210
113900130,10,30,-20
113900131,338,157,181
113900132,147,116,31
113900133,14,44,-30
113900135,614,975,-361
113900136,172,117,55
113900137,757,451,306
113900138,106,345,-239
113900139,757,202,555
113900140,572,470,102
113900141,697,944,-247
113900142,200,174,26
113900143,8,42,-34
113900144,518,387,131
113900145,635,414,221
113900146,215,102,113
113900148,377,630,-253
113900149,330,168,162
113900150,1497,1195,302
113900151,600,423,177
113900152,38,97,-59
113900153,721,1121,-400
113900154,1,207,-206
113900155,334,202,132
113900156,402,965,-563
113900157,43,401,-358
113900158,888,545,343
113900159,36,334,-298
113900160,881,1086,-205
113900161,120,434,-314
113900162,826,1266,-440
113900163,553,483,70
113900164,450,102,348
113900165,1210,789,421
113900166,362,279,83
113900167,365,96,269
113900168,213,172,41
113900169,478,665,-187
113900171,220,106,114
113900172,16,260,-244
113900173,67,1022,-955
113900174,756,1023,-267
113900175,551,221,330
113900176,417,1041,-624
113900177,679,337,342
113900178,516,216,300
113900179,27,1074,-1047
113900180,303,143,160
113900181,1254,185,1069
113900182,965,1464,-499
113900183,146,129,17
113900184,11,906,-895
113900185,378,117,261
113900186,38,102,-64
113900187,57,253,-196
113900188,77,247,-170
113900189,398,158,240
113900190,591,223,368
113900191,195,364,-169
113900192,13,912,-899
113900193,41,396,-355
113900194,3634,1908,1726
113900195,518,806,-288
113900196,14,189,-175
113900197,6,454,-448
113900198,34,233,-199
113900199,256,1200,-944
113900200,23,436,-413
113900201,2,434,-432
113900202,51,562,-511
113900203,1,295,-294
113900204,75,848,-773
113900205,13,317,-304
113900206,7,234,-227
113900207,0,84,-84
113900208,0,76,-76
113900209,1,128,-127
113900210,1024,1319,-295
113900211,209,94,115
113900212,230,935,-705
113900214,834,671,163
113900215,110,263,-153
113900216,103,1853,-1750
113900217,62,401,-339
113900218,139,74,65
113900219,131,751,-620
113900220,323,220,103
113900221,672,284,388
113900222,478,879,-401
113900223,135,1427,-1292
113900224,143,108,35
113900225,1088,403,685
113900226,491,291,200
113900227,569,354,215
113900228,415,574,-159
113900229,86,1231,-1145
113900230,7821,5237,2584
113900231,309,434,-125
113900232,142,180,-38
113900233,135,98,37
113900234,654,963,-309
113900235,131,34,97
113900236,190,605,-415
113900237,255,19,236
113900238,484,898,-414
113900239,265,178,87
113900240,5,266,-261
113900241,184,139,45
113900242,100,331,-231
113900243,179,845,-666
113900244,783,365,418
113900245,2131,433,1698
113900246,43,36,7
113900247,260,611,-351
113900248,5520,3065,2455
113900249,1913,568,1345
113900250,105,242,-137
113900251,891,383,508
113900252,690,13,677
113900253,1044,77,967
113900254,1113,278,835
113900255,556,46,510
113900256,488,51,437
113900257,48,1048,-1000
113900258,28,976,-948
113900259,625,423,202
113900260,277,44,233
113900261,42,109,-67
113900262,237,1115,-878
113900263,284,958,-674
113900264,22,894,-872
113900265,243,501,-258
113900266,34,368,-334
113900267,210,749,-539
113900268,588,606,-18
113900269,68,258,-190
113900270,564,700,-136
113900271,998,2040,-1042
113900273,194,16,178
113900274,67,38,29
113900275,54,87,-33
113900276,6,368,-362
113900277,172,8,164
113900278,376,269,107
113900279,96,127,-31
113900280,1707,841,866
113900281,681,2196,-1515
113900282,1371,823,548
113900283,640,682,-42
113900284,1117,285,832
113900285,118,21,97
113900286,11,147,-136
113900287,47,214,-167
113900288,4,157,-153
113900289,2093,158,1935
113900290,743,273,470
113900291,143,256,-113
113900292,18,33,-15
113900293,23,470,-447
113900294,686,61,625
113900295,748,651,97
113900296,3759,513,3246
113900297,2516,83,2433
113900298,22,2385,-2363
113900299,96,338,-242
113900300,9782,5464,4318
113900301,1811,773,1038
113900302,3731,1511,2220
113900303,917,489,428
113900304,2,181,-179
113900305,139,1,138
113900306,52,0,52
113900307,116,0,116
113900308,151,257,-106
113900309,2,1325,-1323
113900310,0,40,-40
113900311,4,0,4
113900312,261,273,-12
113900313,38,27,11
114000001,1648,6901,-5253
114000002,282,753,-471
114000003,57,543,-486
114000004,394,536,-142
114000005,358,434,-76
114000006,4133,3707,426
114000007,1228,2461,-1233
114000008,2665,2578,87
114000009,1011,426,585
114000011,3815,6211,-2396
114000012,3122,4805,-1683
114000013,2292,3689,-1397
114000014,602,679,-77
114000015,2086,847,1239
114000016,307,682,-375
114000017,224,556,-332
114000018,892,79,813
114000026,2111,2955,-844
114000027,3831,3956,-125
114000028,3566,4009,-443
114000038,405,242,163
114000039,131,166,-35
114000040,125,380,-255
114000042,280,274,6
114000043,109,265,-156
114000044,155,101,54
114000045,109,169,-60
114000046,4853,8411,-3558
114000047,51,119,-68
114000048,312,94,218
114000049,2549,2459,90
114000050,2554,2921,-367
114000051,4751,3002,1749
114000052,5195,2370,2825
114000053,150,974,-824
114000054,284,2253,-1969
114000055,448,150,298
114000056,1936,1073,863
114000057,17343,3906,13437
114000058,1124,2420,-1296
114000059,544,582,-38
114000060,1257,1404,-147
114000061,6718,3844,2874
114000062,4321,2096,2225
114000063,4595,2801,1794
114000064,10768,5883,4885
114000065,2746,4777,-2031
114000066,658,1001,-343
114000067,50,1261,-1211
114000068,565,1202,-637
114000069,1971,1017,954
114000070,3951,2709,1242
114000071,1176,962,214
114000072,559,817,-258
114000073,17,187,-170
114000074,47,28,19
114000075,74,293,-219
114000076,40,298,-258
114000077,17,101,-84
114000078,425,1457,-1032
114000079,113,43,70
114000080,122,170,-48
114000081,86,129,-43
114000082,40,974,-934
114000083,73,518,-445
114000084,414,136,278
114000085,169,1356,-1187
114000086,307,964,-657
114000087,121,439,-318
114000088,73,105,-32
114000089,3175,1018,2157
114000090,1146,1099,47
114000091,3116,1086,2030
114000092,1664,726,938
114000093,1703,1104,599
114000094,622,791,-169
114000095,383,185,198
114000096,280,701,-421
114000097,200,1270,-1070
114000098,608,134,474
114000099,662,1392,-730
114000100,1569,1544,25
114000101,527,1562,-1035
114000102,663,502,161
114000103,199,804,-605
114000104,31,663,-632
114000105,152,80,72
114000106,2547,1318,1229
114000107,395,182,213
114000108,4666,1885,2781
114000109,538,1445,-907
114000110,802,2781,-1979
114000111,1950,1016,934
114000112,557,3054,-2497
114000113,1393,624,769
114000114,1707,2489,-782
114000115,2701,1201,1500
114000116,792,2092,-1300
114000117,3498,746,2752
114000118,3105,746,2359
114000119,2277,633,1644
114000120,1082,1481,-399
114000121,737,1155,-418
114000122,615,423,192
114000123,2199,506,1693
114000124,1839,571,1268
114000125,1225,2767,-1542
114000126,1892,342,1550
114000127,208,307,-99
114000128,1361,920,441
114000130,719,835,-116
114000131,334,120,214
114000132,884,1103,-219
114000133,1455,2682,-1227
114000134,86,303,-217
114000138,82,399,-317
114000139,620,265,355
114000144,1121,741,380
114000145,132,325,-193
114000146,164,614,-450
114000147,1755,2432,-677
114000148,3249,2707,542
114000149,418,438,-20
114000150,1277,1040,237
114000151,1586,1576,10
114000152,244,64,180
114000153,1283,2468,-1185
114000154,1479,1003,476
114000155,1807,3539,-1732
114000156,1943,873,1070
114000157,472,1711,-1239
114000158,3716,1264,2452
114000159,259,600,-341
114000160,180,354,-174
114000161,2902,3807,-905
114000162,1537,3106,-1569
114000163,19,208,-189
114000165,789,257,532
114000166,1085,513,572
114000167,7163,1831,5332
114000168,1199,1011,188
114000169,3363,1448,1915
114000170,1826,1510,316
114000171,1253,4464,-3211
114000174,323,786,-463
114000176,1239,596,643
114000177,3639,1322,2317
114000178,43,119,-76
114000179,2156,1370,786
114000180,767,1024,-257
114000181,2634,4960,-2326
114000182,9560,3704,5856
114000183,1501,1563,-62
114000184,10019,2173,7846
114000185,1529,1483,46
114000189,1021,153,868
114000190,2819,420,2399
114000191,52,111,-59
114000192,427,3015,-2588
114000193,1188,4835,-3647
114000194,2031,1869,162
114000195,229,32,197
114000196,2,494,-492
114000197,1449,78,1371
114000198,1933,621,1312
114000199,3349,1964,1385
114000200,893,3610,-2717
114000201,456,1738,-1282
114000202,1702,1222,480
114000203,712,1438,-726
114000204,171,781,-610
114000205,335,2784,-2449
114000206,742,2126,-1384
114000207,1192,3570,-2378
114000208,913,5470,-4557
114000209,1072,4976,-3904
114000210,468,2693,-2225
114000211,1504,2476,-972
114000212,1276,1050,226
114000213,1845,1118,727
114000214,146,352,-206
114000215,231,135,96
114000216,2196,535,1661
114000217,290,546,-256
114000218,144,453,-309
114000219,1899,371,1528
114000220,23,2207,-2184
114000221,1008,354,654
114000222,281,2072,-1791
114000223,614,182,432
114000224,207,1419,-1212
114000225,318,951,-633
114000226,153,385,-232
114000227,1056,697,359
114000228,1065,1493,-428
114000229,1548,1974,-426
114000230,2400,2170,230
114000231,1340,2140,-800
114000232,806,263,543
114000233,2618,225,2393
114000234,1504,1449,55
114000235,1425,2447,-1022
114000236,1,912,-911
114000237,133,1648,-1515
114000238,166,377,-211
114000239,250,2300,-2050
114000240,1039,1051,-12
114000241,352,1966,-1614
114000242,1250,1659,-409
114000243,2779,1372,1407
114000244,1042,577,465
114000245,598,906,-308
114000246,262,60,202
114000247,1060,1114,-54
114000248,1551,1094,457
114000249,729,751,-22
114000250,671,1056,-385
114000251,427,580,-153
114000252,105,150,-45
114000253,78,484,-406
114000254,39,151,-112
114000255,1569,416,1153
114000256,4292,2593,1699
114000257,773,2681,-1908
114000258,372,727,-355
114000259,109,432,-323
114000260,0,25,-25
114000261,50,82,-32
114000262,191,269,-78
114000263,29,5,24
114000264,1568,1119,449
114000265,0,2,-2
114000267,3,2381,-2378
114000268,5,2555,-2550
114000270,174,2,172
114000271,844,133,711
114000283,1188,691,497
114000285,47,423,-376
114000288,81,601,-520
114000289,1559,199,1360
114000293,159,741,-582
114000294,197,360,-163
114000395,2288,108,2180
114000396,579,759,-180
114000402,644,499,145
114000403,366,985,-619
114000405,169,838,-669
114000423,342,723,-381
114000424,412,332,80
114000425,742,780,-38
114000426,431,1333,-902
114000427,52,155,-103
114000428,421,236,185
114000429,32,404,-372
114000432,143,237,-94
114000434,60,198,-138
114000435,11,257,-246
114900001,786,2200,-1414
114900002,687,130,557
114900003,660,3297,-2637
114900004,263,629,-366
114900005,697,1456,-759
114900006,96,131,-35
114900007,237,25,212
114900008,250,148,102
114900010,4342,3164,1178
114900011,191,201,-10
114900013,290,184,106
114900015,107,563,-456
114900018,1262,60,1202
114900020,391,116,275
114900022,31,1204,-1173
114900024,519,202,317
114900025,454,452,2
114900026,58,152,-94
114900027,391,363,28
114900029,40,49,-9
114900030,422,398,24
114900031,474,53,421
114900032,400,82,318
114900033,2820,879,1941
114900034,104,332,-228
114900035,204,502,-298
114900036,486,1465,-979
114900037,156,384,-228
114900038,288,1183,-895
114900039,625,999,-374
114900040,111,508,-397
114900041,730,982,-252
114900042,928,1036,-108
114900043,1647,577,1070
114900044,188,28,160
114900046,151,265,-114
114900047,397,2190,-1793
114900048,116,456,-340
114900049,20,351,-331
114900050,44,975,-931
114900051,31,737,-706
114900052,109,325,-216
114900053,108,467,-359
114900054,69,225,-156
114900057,390,23,367
114900058,0,128,-128
114900059,114,87,27
114900060,2253,1025,1228
114900061,169,242,-73
114900062,480,587,-107
114900063,89,404,-315
114900064,1423,912,511
114900065,438,1106,-668
114900067,78,555,-477
114900068,86,275,-189
114900069,395,363,32
114900070,678,818,-140
114900072,7,483,-476
114900073,3,344,-341
114900074,617,1439,-822
114900075,288,10,278
114900076,10,551,-541
114900080,4810,666,4144
114900082,5771,2360,3411
114900083,1822,1614,208
114900090,485,331,154
114900091,240,446,-206
114900095,761,222,539
114900096,739,1108,-369
114900097,173,0,173
114900098,6,392,-386
114900099,253,5,248
115000001,13426,9200,4226
115000002,5763,5873,-110
115000003,7963,6599,1364
115000004,5897,7968,-2071
115000005,3128,4496,-1368
115000006,1743,2536,-793
115000007,126,342,-216
115000008,923,892,31
115000009,333,649,-316
115000010,749,303,446
115000013,175,427,-252
115000015,81,603,-522
115000016,350,416,-66
115000019,48,772,-724
115000020,311,862,-551
115000021,440,783,-343
115000022,821,649,172
115000023,447,937,-490
115000024,1902,930,972
115000025,1392,1047,345
115000026,234,782,-548
115000027,355,475,-120
115000028,297,1289,-992
115000029,912,256,656
115000030,933,1436,-503
115000031,1704,557,1147
115000032,13,367,-354
115000033,177,36,141
115000034,215,1614,-1399
115000035,1436,88,1348
115000036,0,483,-483
115000037,624,18,606
115000038,67,279,-212
115000039,4899,4093,806
115000040,10609,5248,5361
115000041,1824,4295,-2471
115000042,1289,1348,-59
115000043,5319,4033,1286
115000044,5329,6700,-1371
115000045,4298,3705,593
115000046,2665,4523,-1858
115000047,2236,3247,-1011
115000048,2165,4678,-2513
115000049,2270,5635,-3365
115000050,4755,3245,1510
115000051,3402,4355,-953
115000052,5370,3324,2046
115000053,2327,2946,-619
115000054,929,2413,-1484
115000055,252,619,-367
115000056,354,426,-72
115000057,761,990,-229
115000058,225,222,3
115000059,193,233,-40
115000061,387,149,238
115000062,499,524,-25
115000063,395,620,-225
115000064,254,249,5
115000065,226,605,-379
115000067,358,42,316
115000069,124,496,-372
115000070,47,1503,-1456
115000071,126,20,106
115000072,21,105,-84
115000073,2486,97,2389
115000075,149,121,28
115000076,7433,5238,2195
115000077,2672,4684,-2012
115000078,1479,2771,-1292
115000079,1913,3691,-1778
115000080,3252,4519,-1267
115000081,512,1470,-958
115000082,5113,5575,-462
115000083,3052,4422,-1370
115000084,2592,2125,467
115000085,946,1569,-623
115000086,1482,1736,-254
115000087,645,2624,-1979
115000088,2709,1074,1635
115000089,2468,2067,401
115000090,1218,1512,-294
115000091,597,1839,-1242
115000092,499,628,-129
115000093,685,1,684
115000094,14128,7816,6312
115000095,10374,7447,2927
115000096,1024,3508,-2484
115000097,946,1389,-443
115000098,1326,1318,8
115000099,2994,5674,-2680
115000100,1369,893,476
115000101,643,2441,-1798
115000102,714,383,331
115000103,453,1229,-776
115000105,70,343,-273
115000106,595,486,109
115000107,220,1025,-805
115000108,6471,4022,2449
115000109,9365,5320,4045
115000110,2097,1794,303
115000111,965,2678,-1713
115000112,972,1047,-75
115000113,910,1442,-532
115000114,2342,1243,1099
115000116,6276,3016,3260
115000117,6206,4052,2154
115000118,2739,2887,-148
115000119,2654,3164,-510
115000120,819,1961,-1142
115000121,1988,1481,507
115000122,5740,4338,1402
115000123,3186,3158,28
115000124,1418,1913,-495
115000125,856,901,-45
115000126,398,449,-51
115000127,988,273,715
115000128,1847,1264,583
115000129,612,462,150
115000130,513,1803,-1290
115000131,1111,505,606
115000132,261,899,-638
115000133,750,585,165
115000134,394,385,9
115000135,456,394,62
115000136,327,381,-54
115000137,205,273,-68
115000138,288,449,-161
115000139,452,353,99
115000140,298,303,-5
115000141,270,502,-232
115000142,261,494,-233
115000143,715,929,-214
115000144,637,170,467
115000145,490,666,-176
115000146,797,416,381
115000147,1144,841,303
115000148,551,2524,-1973
115000149,1047,445,602
115000150,1078,2287,-1209
115000151,1314,825,489
115000152,1307,2620,-1313
115000153,2411,1002,1409
115000154,1197,659,538
115000155,1417,1923,-506
115000156,2729,1101,1628
115000157,2491,1554,937
115000158,1682,717,965
115000159,1820,805,1015
115000160,1193,1295,-102
115000161,945,990,-45
115000162,1139,1036,103
115000163,1056,682,374
115000164,1037,702,335
115000165,732,666,66
115000167,313,131,182
115000168,1555,504,1051
115000169,2343,453,1890
115000170,434,196,238
115000171,730,307,423
115000172,3164,1079,2085
115000173,795,812,-17
115000174,322,441,-119
115000175,406,145,261
115000176,319,170,149
115000177,296,171,125
115000178,42,499,-457
115000179,57,33,24
115000180,188,1295,-1107
115000181,876,265,611
115000182,971,691,280
115000183,376,1653,-1277
115000186,991,566,425
115000187,287,1308,-1021
115000188,711,1003,-292
115000189,448,755,-307
115000190,1654,908,746
115000191,636,800,-164
115000194,303,266,37
115000195,553,486,67
115000196,198,255,-57
115000197,242,580,-338
115000198,344,378,-34
115000199,403,424,-21
115000200,416,218,198
115000201,211,652,-441
115000206,561,142,419
115000207,242,673,-431
115000208,950,1199,-249
115000209,812,476,336
115000210,171,219,-48
115000211,313,416,-103
115000212,4198,530,3668
115000224,569,89,480
115000225,90,109,-19
115000229,413,277,136
115000230,119,979,-860
115000231,450,4049,-3599
115000232,1874,536,1338
115000233,342,304,38
115000234,53,406,-353
115000241,93,405,-312
115000242,151,569,-418
115000243,68,349,-281
115000244,8,142,-134
115000246,68,24,44
115000247,25,36,-11
115000248,25,24,1
115000249,62,53,9
115000250,749,92,657
115000251,299,262,37
115000252,136,334,-198
115000253,27,634,-607
115000258,389,436,-47
115000259,513,251,262
115000261,24,51,-27
115000262,22,70,-48
115000263,24,146,-122
115000264,24,81,-57
115000267,102,135,-33
115000268,23,200,-177
115000269,195,87,108
115000270,15,37,-22
115000272,59,331,-272
115000273,496,54,442
115000280,3337,288,3049
115000281,975,634,341
115000282,2724,842,1882
115000284,545,299,246
115000296,1149,14,1135
115000297,930,176,754
115000298,302,428,-126
115000300,245,298,-53
115000302,589,343,246
115000303,1034,249,785
115000304,1079,175,904
115000305,157,1838,-1681
115000306,228,1001,-773
115000307,107,464,-357
115000308,126,32,94
115000309,35,67,-32
115000310,1402,1532,-130
115000311,1041,2417,-1376
115000313,211,1429,-1218
115000314,531,247,284
115000315,1972,574,1398
115000316,79,146,-67
115000317,212,1045,-833
115000318,1363,611,752
115000319,127,533,-406
115000320,18,461,-443
115000321,716,12,704
115000322,64,419,-355
115000449,526,382,144
115000557,6,1835,-1829
115000558,706,129,577
115000587,787,750,37
115000588,4906,6084,-1178
115000589,5707,4316,1391
115000590,1915,2747,-832
115000591,2506,1650,856
115000592,1370,3323,-1953
115000593,2491,1396,1095
115000594,1349,4079,-2730
115000609,175,255,-80
115000617,3261,4888,-1627
115000624,294,153,141
115000633,690,3439,-2749
115000634,5047,1539,3508
115000635,743,223,520
115000638,2185,1371,814
115000641,139,220,-81
115000642,579,531,48
115000643,146,982,-836
115000644,260,622,-362
115000646,1187,1994,-807
115000647,298,989,-691
115000648,2015,2928,-913
115000893,5121,2884,2237
115000894,170,1787,-1617
115000895,700,1240,-540
115000896,2252,696,1556
115000897,842,182,660
115000898,1319,429,890
115000899,1526,2350,-824
115000900,180,810,-630
115000901,161,239,-78
115000912,480,176,304
115000913,2,82,-80
115000915,90,2,88
115000916,46,0,46
115000917,0,17,-17
115000918,135,484,-349
115000919,34,29,5
115000920,223,136,87
115000921,1834,478,1356
115000922,2937,1663,1274
115000923,1114,1339,-225
115000925,111,139,-28
115000927,114,75,39
115000933,1000,238,762
115000934,198,334,-136
115000935,161,229,-68
115000936,97,853,-756
115000937,2045,369,1676
115000938,206,364,-158
115000939,138,281,-143
115900001,106,81,25
115900002,115,350,-235
115900003,187,188,-1
115900004,1,90,-89
115900005,280,11,269
115900006,230,756,-526
115900008,46,21,25
115900009,92,599,-507
115900010,339,354,-15
115900011,498,498,0
115900012,163,169,-6
115900013,616,322,294
115900014,148,308,-160
115900015,113,153,-40
115900016,86,67,19
115900017,11,2,9
115900018,248,141,107
115900019,849,68,781
115900020,27,0,27
115900021,2716,271,2445
115900022,3987,30,3957
115900023,19,4,15
115900025,138,473,-335
115900026,1280,413,867
115900027,4,499,-495
115900028,866,117,749
115900029,27,719,-692
115900030,108,26,82
115900031,721,424,297
115900032,726,1465,-739
115900033,1,39,-38
115900034,60,813,-753
115900035,59,27,32
115900036,412,969,-557
115900037,73,774,-701
115900038,148,9,139
115900039,249,543,-294
115900041,664,665,-1
115900042,90,6,84
115900043,185,218,-33
115900044,413,412,1
115900046,255,433,-178
115900047,182,150,32
115900049,211,427,-216
115900051,4,126,-122
115900052,26,368,-342
115900053,309,432,-123
115900054,234,76,158
115900055,17,209,-192
115900056,306,570,-264
115900057,130,13,117
115900058,18,84,-66
115900060,100,291,-191
115900061,283,1,282
115900062,42,443,-401
115900063,38,29,9
115900064,218,611,-393
115900065,158,186,-28
115900066,264,324,-60
115900067,15,1298,-1283
115900068,5005,991,4014
115900069,98,396,-298
115900070,271,337,-66
115900071,1,973,-972
115900072,84,339,-255
115900073,80,124,-44
115900074,1,476,-475
115900075,38,426,-388
115900076,2,137,-135
115900077,4,365,-361
115900078,42,192,-150
115900079,263,35,228
115900080,755,436,319
115900081,15,93,-78
115900082,242,205,37
115900084,397,49,348
115900085,117,93,24
115900086,2565,716,1849
115900088,48,90,-42
115900089,279,1010,-731
115900090,344,28,316
115900091,31,55,-24
115900092,40,358,-318
115900093,7,65,-58
115900094,6,649,-643
115900096,7,27,-20
115900097,16,766,-750
115900098,215,838,-623
115900099,79,94,-15
115900100,10,825,-815
115900101,190,791,-601
115900102,44,119,-75
115900103,407,497,-90
115900104,73,269,-196
115900105,223,1210,-987
115900106,44,50,-6
115900107,63,218,-155
115900108,120,77,43
115900109,57,640,-583
115900110,1,35,-34
115900111,1,120,-119
115900112,87,1769,-1682
115900113,47,48,-1
115900114,6,218,-212
115900115,74,242,-168
115900116,151,1732,-1581
115900117,71,33,38
115900118,8,449,-441
115900119,508,209,299
115900120,45,700,-655
115900121,227,419,-192
115900124,237,739,-502
115900125,312,51,261
115900126,901,80,821
115900127,886,84,802
115900128,11,92,-81
115900129,721,50,671
115900130,53,328,-275
115900131,306,35,271
115900132,607,11,596
115900134,402,7,395
115900135,849,1407,-558
115900137,10,2,8
115900139,122,114,8
115900140,228,49,179
115900141,14,71,-57
115900142,27,29,-2
115900143,316,620,-304
115900144,133,399,-266
115900146,8,234,-226
115900147,482,429,53
115900148,36,4,32
115900149,82,53,29
115900150,66,121,-55
115900151,13,115,-102
115900152,181,586,-405
115900153,188,417,-229
115900154,1138,458,680
115900155,1,140,-139
115900156,906,1197,-291
115900157,203,765,-562
115900158,34,9,25
115900159,132,409,-277
115900160,13,22,-9
115900161,94,318,-224
115900163,219,235,-16
115900164,582,39,543
115900165,3,231,-228
115900166,337,446,-109
115900168,147,284,-137
115900171,249,741,-492
115900172,123,190,-67
115900173,311,294,17
115900174,669,258,411
115900175,136,350,-214
115900178,12,1037,-1025
115900179,289,30,259
115900180,58,483,-425
115900181,188,403,-215
115900182,399,481,-82
115900183,176,74,102
115900184,2163,20,2143
115900187,7,171,-164
115900189,1,243,-242
115900190,1273,2148,-875
115900191,75,630,-555
115900192,20,130,-110
115900193,181,143,38
115900194,642,64,578
115900195,813,2108,-1295
115900198,310,553,-243
115900199,263,443,-180
115900200,326,552,-226
115900201,565,481,84
115900202,2,25,-23
115900203,6,8,-2
115900204,1,3,-2
115900205,154,13,141
115900206,235,270,-35
115900207,45,39,6
115900208,167,544,-377
115900209,13,212,-199
115900210,9,199,-190
115900211,4,375,-371
115900212,213,468,-255
115900213,147,94,53
115900214,397,360,37
115900215,43,117,-74
115900216,3,114,-111
115900217,4,94,-90
115900218,4,81,-77
115900219,68,9,59
115900220,125,24,101
115900221,118,27,91
115900222,63,29,34
115900223,8,269,-261
115900224,2774,1052,1722
115900225,101,62,39
115900226,25,83,-58
115900227,4,62,-58
115900228,7,64,-57
115900229,24,116,-92
115900230,42,171,-129
115900231,222,7,215
115900232,101,3,98
115900233,67,13,54
115900234,48,40,8
115900235,26,58,-32
115900236,45,26,19
115900237,27,32,-5
115900238,33,53,-20
115900239,25,51,-26
115900240,18,91,-73
115900241,281,164,117
115900242,588,606,-18
115900243,30,7,23
115900244,9,19,-10
115900245,92,20,72
115900246,16,7,9
115900247,40,8,32
115900248,15,7,8
115900249,15,7,8
115900250,26,29,-3
115900251,6,16,-10
115900252,2,4,-2
115900253,21,8,13
115900254,53,40,13
115900255,14,43,-29
115900256,46,83,-37
115900257,6,11,-5
115900258,0,7,-7
115900259,9,6,3
115900260,21,10,11
115900261,15,3,12
115900262,0,5,-5
115900263,13,3,10
115900264,10,13,-3
115900265,3,11,-8
115900266,4,21,-17
115900267,6,18,-12
115900268,22,20,2
115900269,563,715,-152
115900270,558,1272,-714
115900271,145,0,145
115900272,83,2,81
115900273,19,30,-11
115900274,5,41,-36
115900275,1,61,-60
115900276,2,115,-113
115900277,0,228,-228
115900278,27,242,-215
115900279,10,265,-255
115900280,22,426,-404
115900281,999,227,772
115900282,28,12,16
115900283,7,16,-9
115900284,12,19,-7
116000001,20249,10743,9506
116000002,6968,17921,-10953
116000003,2433,3265,-832
116000004,5912,5588,324
116000005,7889,5906,1983
116000006,8294,2530,5764
116000007,5626,7237,-1611
116000008,6259,2764,3495
116000009,3091,4235,-1144
116000010,2712,1864,848
116000011,1199,3215,-2016
116000012,1277,1278,-1
116000013,30716,8483,22233
116000014,30343,21320,9023
116000015,981,2572,-1591
116000016,14072,7081,6991
116000017,52,1368,-1316
116000018,1093,1039,54
116000019,1776,608,1168
116000020,819,2240,-1421
116000021,895,557,338
116000022,446,859,-413
116000023,2252,1356,896
116000024,1064,1977,-913
116000025,2205,1024,1181
116000026,2636,3880,-1244
116000027,1641,1052,589
116000028,710,1485,-775
116000029,1406,939,467
116000030,1076,744,332
116000031,202,287,-85
116000032,831,381,450
116000033,643,827,-184
116000034,1425,1806,-381
116000035,1004,1085,-81
116000036,3220,1095,2125
116000037,1265,1277,-12
116000038,1103,772,331
116000039,1192,380,812
116000040,3158,398,2760
116000041,427,670,-243
116000042,949,436,513
116000043,68,840,-772
116000044,47,132,-85
116000045,3298,2274,1024
116000046,2351,2146,205
116000047,3777,4528,-751
116000048,3821,2733,1088
116000049,1603,3702,-2099
116000050,1974,2639,-665
116000051,6688,3455,3233
116000052,6442,6527,-85
116000053,3542,2039,1503
116000054,1620,4007,-2387
116000055,796,2288,-1492
116000056,963,1986,-1023
116000057,5903,3171,2732
116000058,5134,3598,1536
116000059,3707,9305,-5598
116000060,3657,1320,2337
116000061,1630,2022,-392
116000062,1890,321,1569
116000063,1544,2196,-652
116000066,434,1168,-734
116000067,336,1101,-765
116000068,591,716,-125
116000069,477,770,-293
116000078,490,1719,-1229
116000080,2375,1731,644
116000082,8,146,-138
116000083,1895,683,1212
116000084,3745,6260,-2515
116000085,2685,2194,491
116000086,3301,2023,1278
116000087,1926,1972,-46
116000088,1394,2173,-779
116000089,324,174,150
116000090,244,265,-21
116000091,373,216,157
116000093,988,1500,-512
116000094,1008,1139,-131
116000095,959,1630,-671
116000096,1199,2380,-1181
116000097,936,1861,-925
116000098,682,8083,-7401
116000099,18839,708,18131
116000100,212,24,188
116000101,895,2421,-1526
116000102,372,2638,-2266
116000103,547,437,110
116000104,218,3217,-2999
116000105,1225,307,918
116000106,588,2055,-1467
116000107,2491,673,1818
116000108,409,260,149
116000111,259,18,241
116000113,117,134,-17
116000114,28,205,-177
116000115,288,157,131
116000116,354,728,-374
116000117,2029,3996,-1967
116000118,1786,2628,-842
116000119,3302,3180,122
116000120,4177,7778,-3601
116000121,1005,869,136
116000122,2032,3113,-1081
116000123,1088,896,192
116000124,491,1625,-1134
116000125,3054,1059,1995
116000126,412,2113,-1701
116000127,1770,2493,-723
116000128,2173,1601,572
116000129,1299,322,977
116000130,592,590,2
116000133,1081,1866,-785
116000134,2571,4401,-1830
116000135,2958,2284,674
116000136,1710,3721,-2011
116000137,1470,1169,301
116000138,1046,863,183
116000139,2831,3277,-446
116000140,347,397,-50
116000141,599,1530,-931
116000142,6439,6051,388
116000143,2802,2845,-43
116000144,1988,4620,-2632
116000145,2233,2454,-221
116000146,532,612,-80
116000147,750,232,518
116000148,910,679,231
116000149,799,860,-61
116000151,1055,1446,-391
116000153,156,1282,-1126
116000155,528,562,-34
116000156,969,2105,-1136
116000157,54,47,7
116000158,765,597,168
116000159,30,25,5
116000160,24,167,-143
116000161,12,190,-178
116000162,123,130,-7
116000163,38,22,16
116000164,24,42,-18
116000177,287,217,70
116000194,150,652,-502
116000195,3270,1035,2235
116000196,16,13,3
116000197,13,29,-16
116000198,6392,2313,4079
116000200,1270,674,596
116000201,1102,1064,38
116000202,12,580,-568
116000203,4,139,-135
116000204,14,76,-62
116000205,0,226,-226
116000206,0,138,-138
116000207,6,43,-37
116000233,385,1446,-1061
116000287,200,764,-564
116000288,283,471,-188
116000292,185,290,-105
116000296,14,396,-382
116000297,75,12,63
116000304,108,80,28
116000305,47,151,-104
116000346,309,318,-9
116000352,306,74,232
116000354,288,22,266
116000357,56,28,28
116000358,304,52,252
116000361,168,0,168
116000372,17761,6394,11367
116000381,239,51,188
116000388,0,57,-57
116000389,1114,934,180
116000445,379,999,-620
116000446,618,1699,-1081
116000447,24,666,-642
116000448,1185,588,597
116000563,1465,1557,-92
116000565,118,508,-390
116000568,60,393,-333
116000579,31,156,-125
116000584,44,16,28
116000585,44,39,5
116000586,296,184,112
116000587,755,1019,-264
116000589,39,68,-29
116000590,82,79,3
116000591,205,502,-297
116000592,16,185,-169
116000593,0,57,-57
116000594,781,653,128
116000595,1129,239,890
116000596,106,7,99
116000597,351,89,262
116000598,24,265,-241
116000602,111,1084,-973
116000605,514,268,246
116000606,72,317,-245
116000607,7,100,-93
116000609,390,1256,-866
116000611,161,845,-684
116000612,846,3232,-2386
116000613,623,616,7
116000614,765,1197,-432
116000615,3,360,-357
116000616,100,223,-123
116000617,100,149,-49
116000618,4,281,-277
116000619,53,69,-16
116000620,120,107,13
116000621,30,199,-169
116000622,51,271,-220
116000624,101,105,-4
116000627,62,81,-19
116000628,75,1226,-1151
116000629,32,938,-906
116000630,423,158,265
116000631,146,170,-24
116000632,457,730,-273
116000633,90,981,-891
116000634,455,83,372
116000635,5688,2889,2799
116000636,3430,1732,1698
116000637,349,20,329
116000638,41,835,-794
116900001,320,249,71
116900002,386,3,383
116900003,30,125,-95
116900004,57,83,-26
116900005,257,98,159
116900006,233,181,52
116900007,244,342,-98
116900008,390,698,-308
116900009,26,6,20
116900010,6,2879,-2873
116900011,23,92,-69
116900012,278,338,-60
116900013,17,261,-244
116900014,139,458,-319
116900015,393,123,270
116900016,198,1,197
116900017,3,1399,-1396
116900018,97,74,23
116900019,34,777,-743
116900020,3027,1180,1847
116900023,105,20,85
116900024,648,129,519
116900025,1203,1531,-328
116900026,339,1489,-1150
116900027,41,127,-86
116900028,8,268,-260
116900029,2,113,-111
116900031,2,14,-12
116900032,7,676,-669
116900033,20,19,1
116900034,25,131,-106
116900035,228,500,-272
116900036,2,215,-213
116900038,25,1,24
116900041,76,33,43
116900042,1357,380,977
116900043,12,183,-171
116900047,162,130,32
116900049,64,626,-562
116900050,176,1076,-900
116900051,143,453,-310
116900052,370,117,253
116900055,0,8,-8
116900057,56,598,-542
116900058,38,991,-953
116900059,5,309,-304
116900060,452,332,120
116900062,1,10,-9
116900064,118,1714,-1596
116900065,15,309,-294
116900067,123,225,-102
116900068,138,504,-366
116900070,0,5,-5
116900072,35,686,-651
116900073,5,345,-340
116900074,33,98,-65
116900076,8,42,-34
116900077,2,314,-312
116900078,331,240,91
116900079,41,826,-785
116900080,19,32,-13
116900081,530,2603,-2073
116900082,487,1387,-900
116900083,49,120,-71
116900084,567,81,486
116900085,40,207,-167
116900086,44,479,-435
116900088,688,167,521
116900090,175,113,62
116900091,311,162,149
116900092,120,1522,-1402
116900093,2278,4156,-1878
116900094,9297,6941,2356
116900095,862,257,605
116900096,160,500,-340
116900097,8176,3864,4312
116900098,1328,446,882
116900099,1051,1086,-35
116900100,1121,26,1095
116900101,360,1182,-822
116900103,4,1,3
116900104,68,165,-97
116900105,452,116,336
116900106,1823,937,886
116900107,7543,3215,4328
116900110,40,5,35
116900111,533,1940,-1407
116900112,321,2178,-1857
116900113,5952,2051,3901
116900116,282,621,-339
116900117,66,161,-95
116900118,1371,1373,-2
116900120,344,243,101
116900121,79,108,-29
116900122,857,1200,-343
116900123,231,1318,-1087
116900124,183,1989,-1806
116900125,426,483,-57
116900126,465,1007,-542
116900128,2,61,-59
116900129,5,534,-529
116900130,1833,5012,-3179
116900131,155,332,-177
116900132,62,127,-65
116900133,155,110,45
116900134,443,246,197
116900136,310,322,-12
116900137,768,293,475
116900138,233,380,-147
116900139,100,617,-517
116900140,196,246,-50
116900141,819,464,355
116900142,5,75,-70
116900143,319,587,-268
116900144,33,99,-66
116900145,245,487,-242
116900147,1409,418,991
116900148,2,36,-34
116900149,53,353,-300
116900150,22,12,10
116900151,98,27,71
116900153,130,157,-27
116900154,1153,650,503
116900155,116,99,17
116900157,658,560,98
116900158,637,318,319
116900159,67,527,-460
116900160,1926,647,1279
116900161,16378,9513,6865
116900162,38,232,-194
116900163,160,301,-141
116900164,105,69,36
116900165,308,208,100
116900166,34,189,-155
116900167,494,106,388
116900168,516,126,390
116900169,1672,597,1075
116900170,345,459,-114
116900171,52,427,-375
116900172,575,322,253
116900173,274,106,168
116900174,36,23,13
116900175,690,252,438
116900178,57,338,-281
116900179,218,344,-126
116900180,162,57,105
116900182,583,442,141
116900183,199,158,41
116900185,42,44,-2
116900186,161,542,-381
116900187,51,68,-17
116900188,198,31,167
116900189,39,1,38
116900191,501,805,-304
116900192,272,316,-44
116900194,126,1187,-1061
116900195,53,14,39
116900196,17,147,-130
116900197,135,3,132
116900198,453,281,172
116900200,47,55,-8
116900201,146,17,129
116900202,185,77,108
116900203,189,5,184
116900204,47,133,-86
116900206,10,32,-22
116900207,38,44,-6
116900208,15,230,-215
116900209,39,251,-212
116900210,808,364,444
116900211,366,18,348
116900212,50,196,-146
116900213,221,362,-141
116900214,216,142,74
116900215,93,188,-95
116900216,742,463,279
116900218,5,571,-566
116900219,1318,621,697
116900220,132,405,-273
116900221,76,552,-476
116900222,535,541,-6
116900223,139,355,-216
116900226,67,129,-62
116900227,232,138,94
116900228,436,442,-6
116900230,70,661,-591
116900231,55,842,-787
116900232,20,1039,-1019
116900233,291,174,117
116900234,24,8,16
116900235,233,497,-264
116900238,2196,670,1526
116900239,63,1902,-1839
116900240,13185,5326,7859
116900241,72,598,-526
116900242,555,841,-286
116900243,8,63,-55
116900245,55,36,19
116900246,95,14,81
116900247,625,30,595
116900248,107,54,53
116900249,396,265,131
116900250,373,60,313
116900251,825,748,77
116900252,98,1953,-1855
116900253,160,230,-70
116900254,23,175,-152
116900255,138,97,41
116900256,354,226,128
116900257,29,1013,-984
116900258,8,588,-580
116900259,165,12,153
116900260,6,265,-259
116900261,40,1,39
116900262,197,232,-35
116900263,1,23,-22
116900264,0,17,-17
116900265,50,0,50
116900266,8,111,-103
116900267,3,1,2
116900268,336,10,326
116900269,624,1066,-442
116900271,2390,328,2062
116900272,821,1087,-266
116900273,838,101,737
116900274,156,200,-44
116900275,206,262,-56
116900276,1986,171,1815
116900277,1214,58,1156
116900278,4,47,-43
116900279,0,37,-37
116900280,38,62,-24
116900281,15120,5866,9254
116900282,6,253,-247
116900283,28,275,-247
116900284,26,414,-388
116900285,687,889,-202
116900286,338,25,313
116900287,6,136,-130
116900288,29,177,-148
116900289,16,52,-36
116900290,5,90,-85
116900291,11,15,-4
116900292,0,13,-13
116900293,50,114,-64
116900294,99,233,-134
116900295,944,85,859
116900296,311,140,171
116900297,27,270,-243
116900298,310,77,233
116900299,181,92,89
116900300,14,243,-229
116900301,225,176,49
116900302,171,106,65
116900303,1260,145,1115
116900304,0,238,-238
116900305,67,173,-106
116900306,85,249,-164
117000001,3360,3354,6
117000002,3869,8811,-4942
117000003,15423,5150,10273
117000004,8851,10560,-1709
117000005,3205,2981,224
117000006,2207,8101,-5894
117000007,5911,2239,3672
117000008,2262,9668,-7406
117000009,7817,3118,4699
117000010,4695,9108,-4413
117000011,2988,3518,-530
117000012,2399,3302,-903
117000013,3242,2115,1127
117000014,2951,4864,-1913
117000015,7088,2205,4883
117000016,2700,77,2623
117000017,1518,272,1246
117000018,512,766,-254
117000019,632,4,628
117000020,1061,3235,-2174
117000021,4503,1231,3272
117000022,1580,97,1483
117000023,1820,311,1509
117000024,1742,132,1610
117000025,5208,833,4375
117000026,11222,1512,9710
117000027,4978,3297,1681
117000028,7478,2645,4833
117000030,1727,1251,476
117000031,666,408,258
117000032,5192,2386,2806
117000033,2301,1953,348
117000034,665,769,-104
117000035,501,511,-10
117000036,620,915,-295
117000037,480,454,26
117000038,594,1378,-784
117000039,731,478,253
117000040,291,2099,-1808
117000041,1072,323,749
117000044,63,1894,-1831
117000045,870,104,766
117000046,1137,1121,16
117000047,1404,1082,322
117000048,3970,3043,927
117000049,182,1007,-825
117000050,249,3882,-3633
117000051,2776,234,2542
117000052,47,896,-849
117000053,392,129,263
117000054,2074,10,2064
117000055,33,6286,-6253
117000056,854,33,821
117000057,1089,4249,-3160
117000060,577,3272,-2695
117000061,3301,2073,1228
117000062,397,981,-584
117000063,3799,1406,2393
117000064,1367,1743,-376
117000066,2080,1414,666
117000067,433,719,-286
117000074,227,521,-294
117000076,112,82,30
117000077,176,221,-45
117000078,199,1335,-1136
117000079,486,431,55
117000080,3,578,-575
117000081,1737,178,1559
117000082,38,115,-77
117000083,186,19,167
117000084,757,8,749
117000085,304,1043,-739
117000086,1720,1130,590
117000087,159,936,-777
117000088,323,468,-145
117000089,2059,620,1439
117000090,420,2547,-2127
117000091,857,597,260
117000092,551,2629,-2078
117000093,1479,1078,401
117000094,1586,5019,-3433
117000095,4046,1462,2584
117000096,856,4451,-3595
117000097,1591,2028,-437
117000098,4229,9479,-5250
117000099,4007,1789,2218
117000100,193,372,-179
117000101,275,2364,-2089
117000102,1944,1065,879
117000103,1239,3419,-2180
117000104,1825,1075,750
117000105,1371,2909,-1538
117000106,1548,1523,25
117000107,870,3481,-2611
117000108,2030,1513,517
117000109,3233,4576,-1343
117000110,1742,1586,156
117000111,6264,9578,-3314
117000112,4717,4272,445
117000113,155,514,-359
117000114,276,326,-50
117000115,90,246,-156
117000116,121,467,-346
117000117,3684,1093,2591
117000118,948,228,720
117000119,1093,222,871
117000120,1449,646,803
117000121,356,2248,-1892
117000122,1365,2499,-1134
117000123,4510,73,4437
117000124,1629,118,1511
117000125,1635,142,1493
117000126,215,42,173
117000127,515,649,-134
117000128,865,1359,-494
117000129,2162,794,1368
117000130,206,1,205
117000131,1,226,-225
117000132,3351,127,3224
117000133,1459,175,1284
117000134,1,75,-74
117000135,8,36,-28
117000136,6,69,-63
117000137,152,123,29
117000138,2,955,-953
117000140,688,2823,-2135
117000141,2041,1114,927
117000181,1654,523,1131
117000182,413,695,-282
117000195,282,2240,-1958
117000196,318,135,183
117000225,523,28,495
117000226,20,424,-404
117000276,332,12,320
117000277,4,941,-937
117000310,4700,6128,-1428
117000315,91,2885,-2794
117000320,231,0,231
117000906,376,17,359
117000907,23,801,-778
117000908,258,29,229
117000909,213,85,128
117000910,272,249,23
117000911,129,393,-264
117000915,16,1171,-1155
117000916,44,29,15
117000917,1242,65,1177
117000918,86,109,-23
117000919,9,244,-235
117000920,7,2516,-2509
117000921,13,2861,-2848
117000922,106,307,-201
117000924,1611,1696,-85
117000926,1621,102,1519
117000927,2848,951,1897
117000928,0,385,-385
117000929,255,1095,-840
117000930,253,35,218
117000931,820,321,499
117900002,575,663,-88
117900003,1215,937,278
117900005,25,309,-284
117900006,0,38,-38
117900007,267,224,43
117900008,0,77,-77
117900010,1046,183,863
117900011,91,45,46
117900012,70,234,-164
117900013,1,775,-774
117900014,1618,337,1281
117900015,135,358,-223
117900016,3507,1124,2383
117900017,997,758,239
117900018,530,87,443
117900019,606,776,-170
117900020,97,534,-437
117900021,51,181,-130
117900022,37,11,26
117900023,1058,1278,-220
117900024,161,247,-86
117900025,64,7,57
117900026,432,704,-272
117900028,478,16,462
117900029,289,1792,-1503
117900030,465,432,33
117900031,1041,235,806
117900032,1232,869,363
117900033,249,1407,-1158
117900034,125,139,-14
117900035,278,117,161
117900036,332,1143,-811
117900037,111,224,-113
117900038,37,633,-596
117900039,10,164,-154
117900040,178,1136,-958
117900041,6,81,-75
117900042,8786,1048,7738
117900043,64,105,-41
117900044,61,6926,-6865
117900045,359,305,54
117900048,206,452,-246
117900049,254,1206,-952
117900050,33,68,-35
117900051,135,2,133
117900052,95,566,-471
117900053,1822,959,863
117900054,2,49,-47
117900055,239,733,-494
117900056,763,93,670
117900057,1450,2240,-790
117900058,411,38,373
117900059,1263,149,1114
117900060,2032,8974,-6942
117900061,28,506,-478
117900063,644,428,216
117900065,1032,2080,-1048
117900066,9,85,-76
117900067,546,497,49
117900069,1124,738,386
117900070,805,14,791
117900071,210,251,-41
117900073,581,874,-293
117900074,694,54,640
117900075,184,166,18
117900076,68,101,-33
117900077,364,242,122
117900078,396,905,-509
117900080,518,73,445
117900081,710,734,-24
117900082,492,583,-91
117900083,564,1306,-742
117900086,260,80,180
117900087,102,104,-2
117900088,4123,4536,-413
117900089,2198,734,1464
117900090,830,1394,-564
117900091,477,267,210
117900092,104,54,50
117900093,72,140,-68
117900094,42,43,-1
117900095,910,995,-85
117900096,101,443,-342
117900097,203,170,33
117900098,30,5,25
117900099,271,627,-356
117900100,282,1,281
117900101,856,2179,-1323
117900102,74,121,-47
117900103,59,0,59
117900104,27,244,-217
117900105,179,499,-320
117900106,93,95,-2
117900107,44,0,44
117900109,669,500,169
117900110,94,0,94
117900111,449,28,421
117900112,62,22,40
117900113,11401,3791,7610
117900114,11,0,11
117900115,418,79,339
117900116,1468,2178,-710
117900117,589,627,-38
117900118,82,2,80
117900119,128,533,-405
117900120,196,263,-67
117900121,177,38,139
117900122,2611,3956,-1345
117900123,1430,1042,388
117900124,1038,1162,-124
117900125,2149,1979,170
117900126,409,1183,-774
117900127,783,1174,-391
117900128,451,1730,-1279
117900129,78,0,78
117900130,1385,781,604
117900131,1,199,-198
117900132,13,206,-193
117900133,9,201,-192
117900134,81,336,-255
117900135,28,323,-295
117900136,0,66,-66
117900137,63,510,-447
117900138,1,83,-82
117900139,91,264,-173
117900140,9882,506,9376
117900141,967,399,568
117900142,144,53,91
117900144,263,179,84
117900145,41,74,-33
117900146,911,145,766
117900147,179,187,-8
117900148,7146,1909,5237
117900149,81,263,-182
117900150,74,148,-74
117900151,101,182,-81
117900152,249,196,53
117900153,72,196,-124
117900154,930,1305,-375
117900156,1382,1974,-592
117900157,142,788,-646
117900158,245,187,58
117900160,879,667,212
117900161,4029,4685,-656
117900162,648,866,-218
117900163,418,60,358
117900165,2,18,-16
117900166,213,553,-340
117900168,54,242,-188
117900169,0,215,-215
117900170,1,50,-49
117900171,1,50,-49
117900172,18,79,-61
117900173,238,138,100
117900174,42,104,-62
117900175,9,119,-110
117900176,13,98,-85
117900177,17,100,-83
117900178,152,75,77
117900180,538,102,436
117900181,410,543,-133
117900182,8,55,-47
117900183,101,291,-190
117900184,20,76,-56
117900185,60,52,8
117900186,43,26,17
117900187,23,27,-4
117900188,347,71,276
117900189,86,47,39
117900190,19,2,17
117900191,155,3,152
117900192,328,1,327
117900193,0,95,-95
117900194,33,8,25
117900195,23,57,-34
117900196,18,39,-21
117900207,261,241,20
117900208,45,64,-19
117900209,270,308,-38
117900210,209,369,-160
117900211,29,506,-477
117900212,151,432,-281
117900213,35,21,14
117900214,3,89,-86
117900215,37,72,-35
117900216,114,28,86
117900217,426,332,94
117900218,538,514,24
117900219,16,141,-125
117900220,302,144,158
117900222,218,403,-185
117900223,244,511,-267
118000001,1815,1282,533
118000002,2491,4381,-1890
118000003,9490,4020,5470
118000004,8557,3122,5435
118000005,9728,9211,517
118000006,12740,18157,-5417
118000007,14694,4841,9853
118000008,11870,5835,6035
118000009,4452,6462,-2010
118000010,7447,7398,49
118000011,1945,4715,-2770
118000012,2985,4824,-1839
118000013,6861,5601,1260
118000014,3018,5646,-2628
118000016,315,696,-381
118000017,369,709,-340
118000018,527,673,-146
118000019,3839,2260,1579
118000020,3490,3645,-155
118000021,2398,4441,-2043
118000022,4963,1344,3619
118000023,2654,528,2126
118000024,4040,1790,2250
118000027,32229,20222,12007
118000029,2001,1353,648
118000032,2496,8370,-5874
118000033,5146,7457,-2311
118000034,9546,3660,5886
118000035,2428,4018,-1590
118000036,3694,1751,1943
118000037,1860,1691,169
118000038,219,155,64
118000039,265,982,-717
118000040,3098,3214,-116
118000041,4591,3006,1585
118000045,1806,349,1457
118000046,3801,963,2838
118000047,6209,1035,5174
118000048,12307,2544,9763
118000051,6522,1828,4694
118000052,4945,1215,3730
118000053,3844,1743,2101
118000054,3880,6110,-2230
118000055,2771,6259,-3488
118000056,324,1070,-746
118000057,282,1328,-1046
118000058,12175,3062,9113
118000059,9917,1674,8243
118000060,2418,1235,1183
118000061,1236,2874,-1638
118000062,844,860,-16
118000063,824,1057,-233
118000064,2110,2225,-115
118000065,9738,5065,4673
118000066,2500,2951,-451
118000067,2482,1400,1082
118000068,4771,8033,-3262
118000069,7037,2783,4254
118000070,13107,3591,9516
118000071,7028,15234,-8206
118000072,6242,1782,4460
118000073,5809,930,4879
118000074,952,649,303
118000075,889,454,435
118000076,4325,2836,1489
118000077,3113,2195,918
118000078,4617,3195,1422
118000079,743,915,-172
118000080,2505,1628,877
118000081,4282,1538,2744
118000082,607,2010,-1403
118000083,3880,2719,1161
118000084,5505,3148,2357
118000086,637,907,-270
118000087,11083,4333,6750
118000088,3977,3754,223
118000089,6732,3809,2923
118000090,3337,6383,-3046
118000091,3366,5295,-1929
118000092,2138,868,1270
118000093,216,1571,-1355
118000096,1188,1162,26
118000097,1917,1277,640
118000098,529,346,183
118000099,774,1520,-746
118000101,1348,542,806
118000102,473,2488,-2015
118000107,5834,960,4874
118000108,1607,4979,-3372
118000110,0,52,-52
118000111,3,900,-897
118000112,627,18,609
118000113,10,1743,-1733
118000114,503,25,478
118000115,32,41,-9
118000116,146,0,146
118000117,3367,1850,1517
118000118,3523,1152,2371
118000119,1776,1921,-145
118000120,3152,2496,656
118000121,153,696,-543
118000122,2724,430,2294
118000123,134,419,-285
118000125,4276,1968,2308
118000126,3036,2783,253
118000127,5123,1349,3774
118000128,1532,1908,-376
118000129,2696,706,1990
118000130,4767,7346,-2579
118000131,1292,1559,-267
118000132,3237,2466,771
118000133,2967,716,2251
118000135,1590,602,988
118000136,287,905,-618
118000137,3116,214,2902
118000138,739,1365,-626
118000139,868,216,652
118000140,4028,7145,-3117
118000141,2890,3744,-854
118000142,2603,3590,-987
118000143,2806,2135,671
118000144,2680,2149,531
118000145,2405,4254,-1849
118000146,1785,2080,-295
118000147,1405,2891,-1486
118000148,574,2728,-2154
118000149,1237,2155,-918
118000150,580,570,10
118000151,494,946,-452
118000153,1589,2423,-834
118000154,1580,3104,-1524
118000155,1494,2466,-972
118000156,5405,4678,727
118000157,1123,857,266
118000158,251,901,-650
118000159,40,149,-109
118000160,692,762,-70
118000161,652,1260,-608
118000162,1878,1437,441
118000163,1173,1464,-291
118000164,4843,2772,2071
118000168,2952,805,2147
118000169,1734,2732,-998
118000170,6889,11531,-4642
118000171,571,1244,-673
118000172,129,741,-612
118000173,1571,2447,-876
118000175,447,601,-154
118000176,360,701,-341
118000177,352,841,-489
118000178,297,78,219
118000179,2686,2177,509
118000180,1506,1507,-1
118000181,1505,485,1020
118000182,430,497,-67
118000183,333,628,-295
118000184,870,1921,-1051
118000185,1703,1625,78
118000186,960,1348,-388
118000187,1806,1178,628
118000188,1749,447,1302
118000189,877,1800,-923
118000190,21,19,2
118000191,36,66,-30
118000192,53,134,-81
118000193,56,820,-764
118000194,5306,2300,3006
118000195,2559,1368,1191
118000196,1739,254,1485
118000197,812,171,641
118000198,1393,1075,318
118000199,2780,851,1929
118000200,228,448,-220
118000201,1305,981,324
118000202,133,132,1
118000203,3140,721,2419
118000204,485,616,-131
118000205,536,687,-151
118000206,446,342,104
118000207,2,178,-176
118000208,2011,3238,-1227
118000209,2616,3116,-500
118000210,80,61,19
118000211,27,64,-37
118000213,3698,2033,1665
118000214,1244,1363,-119
118000215,327,1072,-745
118000216,3938,9350,-5412
118000217,44,221,-177
118000218,95,227,-132
118000219,1153,944,209
118000220,6,52,-46
118000221,228,720,-492
118000222,206,23,183
118000223,50,67,-17
118000224,688,163,525
118000225,222,1721,-1499
118000226,3358,217,3141
118000227,1509,741,768
118000228,287,314,-27
118000229,690,102,588
118000230,258,479,-221
118000231,165,443,-278
118000232,1213,2005,-792
118000233,1265,1580,-315
118000234,535,470,65
118000236,851,721,130
118000237,82,931,-849
118000238,300,454,-154
118000239,449,582,-133
118000240,959,223,736
118000241,291,578,-287
118000242,694,1207,-513
118000243,291,399,-108
118000244,75,249,-174
118000246,0,18,-18
118000255,78,448,-370
118000256,162,438,-276
118000259,11,148,-137
118000260,497,230,267
118000261,39,192,-153
118000263,244,442,-198
118000266,141,831,-690
118000267,0,152,-152
118000268,1816,2,1814
118000270,94,70,24
118000271,165,530,-365
118000272,196,55,141
118000273,196,138,58
118000274,177,723,-546
118000276,522,551,-29
118000295,15,178,-163
118000298,275,718,-443
118000299,98,275,-177
118000301,0,157,-157
118000302,150,166,-16
118000311,530,241,289
118000312,399,350,49
118000313,144,319,-175
118000314,106,170,-64
118000315,89,163,-74
118000316,1100,1117,-17
118000325,69,104,-35
118000326,58,77,-19
118000331,23,99,-76
118000332,20,98,-78
118000333,54,111,-57
118000335,374,0,374
118000336,0,596,-596
118000407,256,124,132
118000457,13,49,-36
118000465,5430,8361,-2931
118000480,66,316,-250
118000489,60,701,-641
118000490,41,775,-734
118000492,275,426,-151
118000510,215,29,186
118000514,351,700,-349
118000515,1845,1429,416
118000517,767,532,235
118000524,1466,303,1163
118000525,1383,1419,-36
118000530,28,220,-192
118000531,323,503,-180
118000532,316,506,-190
118000533,749,255,494
118000534,1245,685,560
118000535,328,223,105
118000536,1599,3119,-1520
118000537,149,259,-110
118000538,65,252,-187
118000539,49,328,-279
118000540,767,507,260
118000541,674,115,559
118000542,323,366,-43
118000543,787,425,362
118000546,54,54,0
118000553,0,0,0
118000557,0,0,0
118000560,6340,2876,3464
118000562,51,686,-635
118000563,4060,2842,1218
118000576,226,342,-116
118000577,229,166,63
118000578,202,186,16
118000579,1417,2043,-626
118000583,0,0,0
118000595,198,139,59
118000596,0,102,-102
118000597,119,244,-125
118000598,10,0,10
118000599,25,108,-83
118000600,3,25,-22
118000601,6,1,5
118000602,1,36,-35
118000603,0,104,-104
118900001,1972,2447,-475
118900002,1832,1477,355
118900003,427,61,366
118900004,47,114,-67
118900005,92,5,87
118900006,185,4,181
118900007,14,8,6
118900008,2368,91,2277
118900009,52,59,-7
118900010,27,6,21
118900011,296,58,238
118900012,559,446,113
118900013,1022,197,825
118900015,338,93,245
118900016,7,34,-27
118900017,331,329,2
118900018,1957,31,1926
118900019,63,40,23
118900020,325,168,157
118900021,361,692,-331
118900022,223,129,94
118900023,411,182,229
118900024,167,308,-141
118900025,141,45,96
118900026,83,132,-49
118900027,826,579,247
118900028,297,306,-9
118900029,466,782,-316
118900030,372,220,152
118900031,229,194,35
118900032,388,343,45
118900033,1736,1031,705
118900034,258,29,229
118900035,230,426,-196
118900036,1501,1374,127
118900037,887,410,477
118900038,541,424,117
118900039,734,404,330
118900040,226,383,-157
118900041,762,314,448
118900042,316,239,77
118900045,412,356,56
118900046,1543,430,1113
118900047,1429,552,877
118900048,1596,285,1311
118900049,158,75,83
118900050,20,256,-236
118900051,83,147,-64
118900052,656,426,230
118900053,70,201,-131
118900054,174,146,28
118900055,95,223,-128
118900056,38,597,-559
118900057,895,695,200
118900058,1009,619,390
118900059,51,194,-143
118900060,142,297,-155
118900062,335,358,-23
118900064,1030,1016,14
118900065,51,443,-392
118900066,198,213,-15
118900067,8663,5383,3280
118900068,14,1419,-1405
118900069,594,533,61
118900071,4,122,-118
118900072,731,785,-54
118900073,113,247,-134
118900074,227,421,-194
118900075,77,179,-102
118900076,777,140,637
118900077,355,415,-60
118900078,37,16,21
118900079,119,420,-301
118900080,43,209,-166
118900081,106,40,66
118900082,1260,346,914
118900083,30,21,9
118900084,20,42,-22
118900085,782,1899,-1117
118900086,67,143,-76
118900087,37,515,-478
118900088,1,31,-30
118900089,84,34,50
118900090,691,899,-208
118900091,303,434,-131
118900092,178,143,35
118900093,293,46,247
118900096,59,27,32
118900097,358,1419,-1061
118900099,76,648,-572
118900100,256,451,-195
118900101,160,1122,-962
118900102,69,142,-73
118900103,54,212,-158
118900104,260,343,-83
118900105,298,179,119
118900107,268,191,77
118900108,122,149,-27
118900110,2615,1282,1333
118900111,586,1146,-560
118900112,175,246,-71
118900113,183,1123,-940
118900114,21,163,-142
118900115,149,824,-675
118900116,190,254,-64
118900117,146,278,-132
118900118,407,781,-374
118900119,173,447,-274
118900120,173,576,-403
118900121,49,472,-423
118900122,16,1365,-1349
118900123,222,487,-265
118900124,225,401,-176
118900126,29,615,-586
118900129,511,399,112
118900130,119,236,-117
118900131,209,456,-247
118900132,1115,451,664
118900133,36,147,-111
118900135,261,362,-101
118900136,353,1223,-870
118900137,10,36,-26
118900139,364,1020,-656
118900140,640,1308,-668
118900141,93,349,-256
118900144,380,903,-523
118900145,43,313,-270
118900146,482,1430,-948
118900147,856,247,609
118900148,74,125,-51
118900150,301,958,-657
118900152,751,1627,-876
118900157,367,386,-19
118900158,114,151,-37
118900159,5,383,-378
118900161,362,7,355
118900163,449,123,326
118900164,10,149,-139
118900165,77,414,-337
118900166,41,2,39
118900167,133,253,-120
118900168,26,146,-120
118900169,152,797,-645
118900170,151,253,-102
118900171,18,38,-20
118900174,81,157,-76
118900175,474,686,-212
118900176,156,371,-215
118900177,67,117,-50
118900178,61,200,-139
118900179,1,95,-94
118900181,134,235,-101
118900182,212,82,130
118900183,28,153,-125
118900184,418,121,297
118900185,108,244,-136
118900186,106,138,-32
118900187,294,635,-341
118900188,481,512,-31
118900189,29,1203,-1174
118900190,53,1013,-960
118900191,227,132,95
118900192,327,76,251
118900193,750,16,734
118900195,660,1709,-1049
118900196,39,347,-308
118900197,197,188,9
118900198,31,62,-31
118900199,101,100,1
118900200,48,43,5
118900201,57,42,15
118900202,16,137,-121
118900203,15,64,-49
118900204,26,64,-38
118900205,6,19,-13
118900206,4,33,-29
119000001,2090,3234,-1144
119000002,4967,6812,-1845
119000003,3213,2817,396
119000004,4791,3132,1659
119000005,5158,4351,807
119000006,3295,2657,638
119000007,5957,6359,-402
119000008,3487,3475,12
119000009,5715,7032,-1317
119000010,12881,6943,5938
119000011,9349,4515,4834
119000012,6786,5767,1019
119000013,3098,1959,1139
119000014,4443,5786,-1343
119000019,434,403,31
119000020,2760,2616,144
119000021,5713,4413,1300
119000022,7678,5289,2389
119000023,705,548,157
119000024,3921,15634,-11713
119000025,23363,2522,20841
119000026,371,479,-108
119000027,858,832,26
119000028,3628,2800,828
119000029,209,475,-266
119000030,759,2301,-1542
119000031,1366,1129,237
119000032,3657,4419,-762
119000033,3291,3430,-139
119000034,1547,1696,-149
119000035,68,618,-550
119000036,2155,1941,214
119000037,1494,3627,-2133
119000038,198,1990,-1792
119000039,430,573,-143
119000040,2232,994,1238
119000041,1871,2374,-503
119000048,5179,6095,-916
119000049,2871,5432,-2561
119000050,3208,4728,-1520
119000051,4093,1618,2475
119000052,3677,5872,-2195
119000053,2580,1750,830
119000054,3984,6961,-2977
119000055,4463,5789,-1326
119000056,3004,3219,-215
119000057,1922,4715,-2793
119000058,3109,4421,-1312
119000059,1721,3423,-1702
119000060,2133,1506,627
119000061,1471,1554,-83
119000062,1723,2174,-451
119000063,629,641,-12
119000064,2768,3246,-478
119000065,2980,5435,-2455
119000066,3713,1643,2070
119000067,3081,4475,-1394
119000068,2057,1698,359
119000069,2099,5102,-3003
119000070,2761,1725,1036
119000071,739,1551,-812
119000072,12659,6421,6238
119000073,9766,10090,-324
119000074,1780,6023,-4243
119000075,2158,4305,-2147
119000076,694,1529,-835
119000077,1355,819,536
119000078,641,362,279
119000079,190,1126,-936
119000080,440,424,16
119000081,512,693,-181
119000082,1394,438,956
119000083,684,534,150
119000084,423,896,-473
119000085,956,528,428
119000086,344,651,-307
119000087,2679,1648,1031
119000088,316,312,4
119000089,81,295,-214
119000090,224,283,-59
119000091,204,614,-410
119000092,882,348,534
119000093,7155,6157,998
119000094,3504,13187,-9683
119000095,1973,5338,-3365
119000097,4902,3106,1796
119000098,1151,3882,-2731
119000099,3623,4100,-477
119000100,4708,3432,1276
119000101,5868,3211,2657
119000102,1302,1440,-138
119000103,2466,842,1624
119000104,5397,2547,2850
119000105,1618,2309,-691
119000106,529,3405,-2876
119000107,1017,842,175
119000108,552,2051,-1499
119000109,261,833,-572
119000110,1070,894,176
119000111,149,989,-840
119000112,244,217,27
119000113,4135,534,3601
119000114,1374,1815,-441
119000115,190,442,-252
119000116,229,169,60
119000117,205,603,-398
119000118,6,8,-2
119000123,10300,1262,9038
119000124,1037,335,702
119000125,3519,1846,1673
119000126,1035,1579,-544
119000127,744,1456,-712
119000128,46,8,38
119000131,1301,1439,-138
119000132,2,3,-1
119000133,6,17,-11
119000134,5960,1161,4799
119000135,228,293,-65
119000136,210,359,-149
119000137,242,779,-537
119000138,432,606,-174
119000139,313,518,-205
119000140,209,462,-253
119000284,2002,5882,-3880
119000285,3897,4008,-111
119000286,10570,9440,1130
119000287,2083,3984,-1901
119000288,4054,2643,1411
119000289,5472,6913,-1441
119000290,259,1179,-920
119000291,10,587,-577
119000293,125,391,-266
119000294,31,60,-29
119000295,4237,1033,3204
119000296,202,242,-40
119000302,6263,2601,3662
119000303,103,430,-327
119000304,0,0,0
119000310,0,0,0
119000314,2331,13135,-10804
119000315,2,836,-834
119000316,124,227,-103
119000317,83,836,-753
119900001,365,1584,-1219
119900002,245,531,-286
119900003,74,2022,-1948
119900004,503,1135,-632
119900005,252,292,-40
119900006,349,601,-252
119900007,1097,168,929
119900008,80,40,40
119900009,804,884,-80
119900010,2555,2316,239
119900011,24,114,-90
119900012,45,212,-167
119900013,2721,1472,1249
119900014,945,434,511
119900015,173,94,79
119900016,67,192,-125
119900017,23,56,-33
119900018,2788,1003,1785
119900019,64,8,56
119900020,194,250,-56
119900021,280,147,133
119900022,226,793,-567
119900023,1758,1612,146
119900025,162,36,126
119900026,1769,203,1566
119900027,23,43,-20
119900028,223,149,74
119900029,6,6,0
119900030,716,907,-191
119900031,56,414,-358
119900033,3050,364,2686
119900034,482,189,293
119900037,147,103,44
119900038,71,515,-444
119900039,101,14,87
119900040,98,12,86
119900041,160,53,107
119900042,86,323,-237
119900043,139,362,-223
119900044,461,1049,-588
119900046,126,100,26
119900047,377,61,316
119900048,27,50,-23
119900049,132,24,108
119900050,119,166,-47
119900051,679,17,662
119900052,75,60,15
119900053,190,376,-186
119900054,107,6,101
119900055,1862,698,1164
119900057,226,132,94
119900058,228,2,226
119900059,355,62,293
119900060,354,29,325
119900062,47,33,14
119900063,19,87,-68
119900065,327,4,323
119900066,0,0,0
119900067,103,49,54
119900068,443,5,438
119900069,100,38,62
119900070,961,68,893
119900071,801,17,784
119900073,3521,950,2571
119900074,134,64,70
119900075,10566,3898,6668
119900076,983,758,225
119900077,1030,2175,-1145
119900078,468,1406,-938
119900079,227,573,-346
119900080,1853,2358,-505
119900081,354,126,228
119900082,1708,677,1031
119900083,634,176,458
119900084,2171,516,1655
119900085,263,134,129
119900087,2725,610,2115
119900088,70,95,-25
119900089,47,780,-733
119900090,288,118,170
119900091,110,2124,-2014
119900092,78,700,-622
119900093,1748,360,1388
119900094,57,321,-264
119900095,308,134,174
119900096,59,189,-130
119900097,831,266,565
119900098,60,105,-45
119900099,37,451,-414
119900100,4602,3903,699
119900101,281,2178,-1897
119900102,53,540,-487
119900103,37,956,-919
119900104,54,465,-411
119900105,2044,5090,-3046
119900106,32,381,-349
119900107,662,6637,-5975
119900108,5519,1154,4365
119900109,67,627,-560
119900110,718,1656,-938
119900111,110,649,-539
119900112,5379,1133,4246
119900113,148,649,-501
119900114,306,3066,-2760
119900115,312,1998,-1686
119900116,246,855,-609
119900117,347,1764,-1417
119900118,125,1866,-1741
119900119,360,517,-157
119900120,974,1274,-300
119900121,424,2552,-2128
119900122,514,577,-63
119900123,425,553,-128
119900124,286,1933,-1647
119900125,140,801,-661
119900126,10826,600,10226
119900127,4501,1760,2741
119900128,510,1559,-1049
119900129,305,1674,-1369
119900130,78,730,-652
119900131,93,612,-519
119900132,4,660,-656
119900133,45,91,-46
119900134,4116,517,3599
119900135,3,935,-932
119900136,268,910,-642
119900138,512,1292,-780
119900139,44,144,-100
119900140,2,258,-256
119900141,274,1159,-885
119900142,15,53,-38
119900143,49,349,-300
119900144,4163,483,3680
119900145,216,358,-142
119900146,257,375,-118
119900147,4,349,-345
119900148,271,91,180
119900149,3600,5461,-1861
119900150,316,315,1
119900151,4108,1770,2338
119900152,140,924,-784
119900153,192,121,71
119900154,114,675,-561
119900155,39,55,-16
119900156,18,4,14
119900157,147,539,-392
119900158,204,96,108
119900159,8,2853,-2845
119900160,49,405,-356
119900161,260,605,-345
119900162,1207,1510,-303
119900163,225,288,-63
119900164,1,1,0
119900165,196,526,-330
119900166,111,58,53
119900167,170,201,-31
119900168,1015,739,276
119900169,247,856,-609
119900170,296,303,-7
119900171,1285,942,343
119900172,187,27,160
119900173,7,896,-889
119900174,7,396,-389
119900175,1324,1038,286
119900177,59,348,-289
119900178,21,428,-407
119900179,160,511,-351
119900180,1537,1195,342
119900181,70,120,-50
119900182,9,1151,-1142
119900183,214,1568,-1354
119900184,6038,1052,4986
119900185,76,247,-171
119900186,195,1094,-899
119900187,19,1102,-1083
119900188,110,463,-353
119900189,619,437,182
119900190,112,414,-302
119900191,710,212,498
119900192,44,395,-351
119900193,456,390,66
119900194,19,98,-79
119900195,50,447,-397
119900196,2801,738,2063
119900197,499,193,306
119900198,136,681,-545
119900199,228,50,178
119900200,697,1127,-430
119900201,514,330,184
119900202,277,241,36
119900203,308,604,-296
119900204,297,510,-213
119900205,750,1200,-450
119900206,162,304,-142
119900208,297,267,30
119900209,885,1787,-902
119900210,36,63,-27
119900211,125,16,109
119900212,198,579,-381
119900213,8,87,-79
119900214,32,176,-144
119900215,55,122,-67
119900216,20,122,-102
119900217,23,115,-92
119900218,30,127,-97
119900219,12,247,-235
119900220,10,181,-171
119900221,40,699,-659
119900222,24,541,-517
119900223,32,193,-161
119900224,21,60,-39
119900225,2202,91,2111
119900226,1510,2632,-1122
119900227,1876,720,1156
119900228,137,565,-428
119900229,469,1020,-551
119900230,3011,1239,1772
119900231,288,338,-50
119900232,295,172,123
119900233,72,2,70
119900234,62,135,-73
119900235,63,99,-36
119900236,28,403,-375
119900237,77,1180,-1103
119900238,3,161,-158
119900240,92,226,-134
119900241,234,392,-158
119900242,3597,5631,-2034
119900244,1694,2408,-714
119900245,210,322,-112
119900246,368,672,-304
119900247,30,133,-103
119900248,100,154,-54
119900249,283,198,85
119900253,7467,709,6758
119900254,118,812,-694
119900255,195,966,-771
119900256,699,1974,-1275
119900257,116,9,107
119900258,131,10,121
119900259,6,322,-316
119900260,178,8,170
119900261,288,369,-81
119900262,1,459,-458
119900263,1757,702,1055
119900264,113,577,-464
119900265,623,770,-147
119900266,362,597,-235
119900267,394,833,-439
119900268,161,418,-257
119900269,1351,3076,-1725
119900271,34,196,-162
119900272,705,143,562
119900275,183,10,173
119900276,49,2,47
119900277,12,5,7
119900278,745,142,603
119900279,313,688,-375
119900280,1761,416,1345
119900281,1,207,-206
119900282,56,70,-14
119900283,13,604,-591
119900284,80,391,-311
119900285,33,121,-88
119900286,21,53,-32
119900288,9,75,-66
119900289,1,45,-44
119900290,2,63,-61
119900291,1,99,-98
119900292,19,29,-10
119900293,20,4,16
119900294,28,0,28
119900295,0,0,0
119900296,0,0,0
119900299,79,441,-362
119900300,335,372,-37
119900301,424,119,305
119900302,338,259,79
119900303,335,512,-177
119900304,247,43,204
119900305,36,209,-173
119900306,28,1,27
119900307,69,391,-322
119900308,8,44,-36
119900309,35,105,-70
119900310,495,543,-48
119900311,65,306,-241
119900312,164,182,-18
119900313,403,741,-338
119900314,239,575,-336
119900315,1675,4683,-3008
119900318,7,61,-54
119900319,1,663,-662
119900320,317,1154,-837
119900321,89,3,86
119900322,71,132,-61
119900323,6,261,-255
119900324,1,96,-95
119900325,134,768,-634
119900326,366,149,217
120000001,18121,23720,-5599
120000002,3215,5589,-2374
120000003,5029,2875,2154
120000004,4012,3720,292
120000005,7736,3234,4502
120000006,2107,2077,30
120000007,6029,4306,1723
120000008,1432,2584,-1152
120000009,7603,1521,6082
120000010,2349,4562,-2213
120000011,1646,3705,-2059
120000012,2388,5632,-3244
120000013,3564,4996,-1432
120000014,925,3064,-2139
120000015,3950,2834,1116
120000016,5679,5041,638
120000017,4139,4643,-504
120000018,8612,17008,-8396
120000019,1389,2308,-919
120000020,4883,4930,-47
120000021,2919,3846,-927
120000022,4162,6000,-1838
120000023,1191,2980,-1789
120000024,2143,3615,-1472
120000025,3098,3662,-564
120000026,1907,3345,-1438
120000027,2138,3198,-1060
120000028,1645,795,850
120000029,9343,1082,8261
120000030,342,2490,-2148
120000031,3290,20899,-17609
120000032,17421,5814,11607
120000033,5667,3483,2184
120000034,2473,4107,-1634
120000035,2940,4549,-1609
120000036,4466,8562,-4096
120000037,980,2591,-1611
120000038,17272,5867,11405
120000039,808,1467,-659
120000040,112,305,-193
120000041,1347,2814,-1467
120000042,2567,6012,-3445
120000043,7169,4917,2252
120000044,6354,2294,4060
120000045,6457,1670,4787
120000046,2807,3836,-1029
120000047,3550,7237,-3687
120000048,14949,6763,8186
120000049,8414,4870,3544
120000050,9015,8715,300
120000051,5828,9835,-4007
120000052,22829,4351,18478
120000053,1249,6326,-5077
120000054,1920,10518,-8598
120000055,2205,9320,-7115
120000056,4887,7295,-2408
120000057,3603,973,2630
120000058,1619,409,1210
120000059,68,1572,-1504
120000061,290,1189,-899
120000062,276,594,-318
120000063,2909,4625,-1716
120000064,337,2561,-2224
120000065,883,3144,-2261
120000066,255,840,-585
120000067,85,971,-886
120000068,281,1740,-1459
120000069,1118,2652,-1534
120000070,92,1668,-1576
120000071,386,361,25
120000072,673,891,-218
120000073,832,191,641
120000074,125,111,14
120000075,766,486,280
120000076,2226,728,1498
120000077,2030,957,1073
120000078,5398,1558,3840
120000079,367,263,104
120000080,197,344,-147
120000081,391,201,190
120000082,247,247,0
120000083,133,669,-536
120000084,580,905,-325
120000085,455,748,-293
120000086,489,1029,-540
120000087,297,1830,-1533
120000088,1039,2438,-1399
120000089,1540,1179,361
120000090,816,918,-102
120000091,1118,1916,-798
120000092,1786,998,788
120000093,475,863,-388
120000094,203,947,-744
120000095,1465,1109,356
120000096,380,1783,-1403
120000098,1203,1941,-738
120000099,644,1318,-674
120000100,1013,1456,-443
120000101,722,898,-176
120000102,663,1117,-454
120000103,1677,994,683
120000104,2272,678,1594
120000105,3746,792,2954
120000106,2653,770,1883
120000107,4132,1052,3080
120000108,1210,230,980
120000109,1232,123,1109
120000110,127,1723,-1596
120000111,184,2355,-2171
120000112,1136,7343,-6207
120000113,852,5502,-4650
120000114,1182,5874,-4692
120000115,520,4862,-4342
120000116,1006,3670,-2664
120000117,2561,2842,-281
120000118,117,48,69
120000119,43,127,-84
120000120,112,123,-11
120000121,50,123,-73
120000122,556,628,-72
120000123,10983,8393,2590
120000124,598,956,-358
120000125,639,1853,-1214
120000126,575,1354,-779
120000127,4655,1729,2926
120000128,10539,4797,5742
120000129,297,503,-206
120000130,1348,1339,9
120000131,404,1005,-601
120000134,604,2460,-1856
120000135,530,614,-84
120000137,306,3727,-3421
120000138,1023,885,138
120000139,358,1835,-1477
120000140,907,1200,-293
120000141,292,881,-589
120000142,494,1094,-600
120000143,3,150,-147
120000144,120,1,119
120000145,424,3,421
120000146,4886,2092,2794
120000149,823,1790,-967
120000150,7730,12028,-4298
120000151,590,911,-321
120000152,577,511,66
120000153,223,1668,-1445
120000154,870,946,-76
120000155,151,518,-367
120000156,3045,1353,1692
120000157,1437,987,450
120000158,1136,1865,-729
120000159,2590,4336,-1746
120000160,3188,2689,499
120000161,2961,5409,-2448
120000162,274,644,-370
120000163,796,2618,-1822
120000164,530,805,-275
120000165,620,1776,-1156
120000166,1541,1254,287
120000167,77,131,-54
120000168,17,459,-442
120000169,190,865,-675
120000170,295,548,-253
120000171,65,173,-108
120000172,109,125,-16
120000173,7224,623,6601
120000174,1021,13,1008
120000175,2059,32,2027
120000176,943,83,860
120000177,3667,349,3318
120000178,371,20,351
120000179,980,59,921
120000180,1115,159,956
120000181,337,720,-383
120000182,211,348,-137
120000183,30,423,-393
120000184,242,1492,-1250
120000186,125,133,-8
120000187,232,84,148
120000188,1330,180,1150
120000190,3284,55,3229
120000191,3167,55,3112
120000192,2014,35,1979
120000193,794,13,781
120000195,98,8,90
120000196,359,202,157
120000197,135,605,-470
120000198,165,251,-86
120000199,117,0,117
120000200,135,3,132
120000201,19,33,-14
120000202,3,101,-98
120000203,59,511,-452
120000207,5,138,-133
120000208,25,489,-464
120000209,8,107,-99
120000210,228,113,115
120000211,131,2,129
120000212,120,1,119
120000213,110,585,-475
120000214,5,644,-639
120000215,3,269,-266
120000216,74,15,59
120000217,1300,2064,-764
120000218,267,1481,-1214
120000219,12,1069,-1057
120000220,20,3445,-3425
120000225,1329,2,1327
120000226,302,3,299
120000227,857,32,825
120000228,10188,4529,5659
120000230,384,17,367
120000231,1616,4198,-2582
120000233,245,48,197
120000235,208,1330,-1122
120000236,1019,2,1017
120000237,5,3445,-3440
120000238,4,415,-411
120000241,1893,6986,-5093
120000412,2939,39,2900
120000413,323,689,-366
120000414,122,5,117
120000415,2,336,-334
120000416,74,7,67
120000417,6,210,-204
120000418,162,34,128
120000419,21,842,-821
120000420,108,49,59
120000421,23332,9168,14164
120000422,347,1351,-1004
120000423,5,91,-86
120000424,138,272,-134
120000436,189,841,-652
120000437,261,301,-40
120000438,7875,917,6958
120000439,226,688,-462
120000443,349,3,346
120000444,1507,1310,197
120000445,2666,2280,386
120000446,1921,600,1321
120000447,193,15,178
120000449,119,17,102
120000450,5,510,-505
120000451,175,580,-405
120000452,141,7,134
120000453,2,848,-846
120000454,173,94,79
120000455,115,131,-16
120000456,4773,5931,-1158
120000457,2239,1482,757
120000458,827,1162,-335
120000459,112,147,-35
120000665,3857,314,3543
120000668,169,473,-304
120000669,92,551,-459
120000670,364,637,-273
120000671,2511,912,1599
120000672,158,804,-646
120900001,63,74,-11
120900002,1658,801,857
120900003,469,97,372
120900004,20,162,-142
120900005,116,2217,-2101
120900006,359,349,10
120900007,171,319,-148
120900008,337,1998,-1661
120900009,937,111,826
120900010,521,123,398
120900011,738,262,476
120900012,1928,1809,119
120900013,357,130,227
120900014,4,1544,-1540
120900015,664,188,476
120900016,894,98,796
120900017,5525,244,5281
120900018,155,899,-744
120900019,924,281,643
120900020,1459,1425,34
120900021,733,220,513
120900022,35,828,-793
120900023,233,73,160
120900024,2718,624,2094
120900025,3223,1887,1336
120900026,328,431,-103
120900027,1654,125,1529
120900028,416,83,333
120900029,289,517,-228
120900030,1617,977,640
120900031,306,111,195
120900032,965,293,672
120900033,1282,77,1205
120900034,168,3805,-3637
120900035,71,200,-129
120900037,314,4,310
120900038,91,356,-265
120900039,84,62,22
120900040,294,7,287
120900041,238,69,169
120900042,471,116,355
120900043,47,40,7
120900044,181,1162,-981
120900045,200,263,-63
120900046,375,11,364
120900047,243,113,130
120900048,127,40,87
120900049,415,4,411
120900050,6648,2376,4272
120900051,375,228,147
120900052,611,2,609
120900053,268,231,37
120900054,2240,1439,801
120900055,370,10,360
120900056,624,29,595
120900057,149,37,112
120900058,493,4,489
120900059,85,3,82
120900060,100,59,41
120900061,244,895,-651
120900062,245,1,244
120900063,549,7,542
120900064,517,4,513
120900065,513,2,511
120900066,284,363,-79
120900067,260,78,182
120900068,258,1,257
120900069,200,85,115
120900071,26,7,19
120900072,659,8,651
120900073,565,363,202
120900074,807,7,800
120900076,271,1,270
120900077,7366,575,6791
120900078,681,1105,-424
120900079,798,176,622
120900080,652,3488,-2836
120900081,1164,2024,-860
120900082,1271,526,745
120900083,64,7,57
120900084,403,538,-135
120900085,232,252,-20
120900086,276,373,-97
120900087,501,250,251
120900088,278,478,-200
120900089,7757,3041,4716
120900090,196,395,-199
120900091,749,699,50
120900092,1730,1179,551
120900093,6318,499,5819
120900094,777,435,342
120900095,774,76,698
120900096,76,548,-472
120900097,1097,1683,-586
120900098,354,270,84
120900099,114,116,-2
120900100,104,622,-518
120900101,895,532,363
120900102,24,383,-359
120900103,77,355,-278
120900104,45,81,-36
120900105,51,1191,-1140
120900106,2087,1082,1005
120900107,446,233,213
120900108,5,1572,-1567
120900109,42,1206,-1164
120900110,22,2461,-2439
120900111,220,706,-486
120900112,10,2330,-2320
120900113,23,1565,-1542
120900114,39,288,-249
120900115,276,339,-63
120900116,474,1163,-689
120900117,7,1147,-1140
120900118,39,1472,-1433
120900119,5408,12239,-6831
120900120,91,1234,-1143
120900121,184,892,-708
120900122,459,1289,-830
120900123,8,824,-816
120900124,4,1220,-1216
120900125,6,2230,-2224
120900126,2096,1582,514
120900127,12,929,-917
120900128,1368,1911,-543
120900129,65,584,-519
120900130,18,774,-756
120900131,72,154,-82
120900132,906,631,275
120900133,310,2163,-1853
120900134,751,730,21
120900135,9,1188,-1179
120900136,51,100,-49
120900137,299,220,79
120900138,20,341,-321
120900139,4,1404,-1400
120900140,1,121,-120
120900141,399,251,148
120900142,30,1518,-1488
120900143,5,1514,-1509
120900144,1,318,-317
120900145,149,1370,-1221
120900146,11,1835,-1824
120900147,1,637,-636
120900148,232,322,-90
120900149,4,662,-658
120900150,33,1016,-983
120900151,8,1197,-1189
120900152,2,76,-74
120900153,26,122,-96
120900154,2,564,-562
120900155,224,1804,-1580
120900156,82,645,-563
120900157,96,332,-236
120900158,67,856,-789
120900159,161,624,-463
120900160,69,809,-740
120900161,56,994,-938
120900162,36,1012,-976
120900163,66,573,-507
120900164,1,6,-5
120900165,0,14,-14
120900166,657,449,208
120900167,713,191,522
120900169,92,1017,-925
120900170,4634,3381,1253
120900171,2064,686,1378
120900172,3952,511,3441
120900173,2,98,-96
120900174,11,230,-219
120900175,389,503,-114
120900176,11,631,-620
120900177,3,1574,-1571
120900178,1,558,-557
120900179,1242,885,357
120900180,299,219,80
120900181,63,133,-70
120900182,27,2361,-2334
120900183,521,464,57
120900184,214,211,3
120900185,34,834,-800
120900186,2,869,-867
120900187,794,1459,-665
120900188,180,32,148
120900189,378,1254,-876
120900190,61,38,23
120900191,7,35,-28
120900192,22540,6812,15728
120900194,67,155,-88
120900195,186,441,-255
120900196,1221,83,1138
120900197,690,139,551
120900198,328,1047,-719
120900199,579,521,58
120900200,172,260,-88
120900201,931,219,712
120900202,0,367,-367
120900203,51,90,-39
120900204,290,580,-290
120900205,72,183,-111
120900206,27,33,-6
120900207,81,2710,-2629
121000001,2431,2053,378
121000002,8587,4806,3781
121000003,7166,3820,3346
121000004,6030,17091,-11061
121000005,3752,5340,-1588
121000006,7452,3602,3850
121000007,6334,4661,1673
121000008,16685,7295,9390
121000009,11627,11182,445
121000010,20295,15655,4640
121000011,15365,25835,-10470
121000012,28466,23784,4682
121000013,9102,15836,-6734
121000014,11924,15164,-3240
121000015,12325,13583,-1258
121000016,8455,9553,-1098
121000017,3602,6113,-2511
121000018,3823,3358,465
121000019,30806,16751,14055
121000020,20256,20465,-209
121000021,5170,5404,-234
121000022,3575,3813,-238
121000023,6157,5548,609
121000024,5623,6802,-1179
121000025,1263,3068,-1805
121000026,574,262,312
121000027,2865,1801,1064
121000028,1734,832,902
121000029,1933,1326,607
121000030,1348,866,482
121000031,1495,1246,249
121000032,420,126,294
121000034,1858,286,1572
121000035,753,133,620
121000036,3232,1832,1400
121000037,1689,1065,624
121000038,1530,1451,79
121000039,1389,816,573
121000041,988,782,206
121000042,423,587,-164
121000043,1667,1311,356
121000044,4064,1439,2625
121000045,888,586,302
121000046,1004,1698,-694
121000047,99,127,-28
121000049,3604,990,2614
121000050,573,2014,-1441
121000051,1461,565,896
121000052,616,1206,-590
121000053,1007,188,819
121000054,77,577,-500
121000055,2670,1955,715
121000056,1446,1868,-422
121000057,512,844,-332
121000058,567,253,314
121000059,4116,2275,1841
121000060,760,1588,-828
121000061,996,345,651
121000062,374,494,-120
121000063,1159,1030,129
121000064,1357,1508,-151
121000065,1000,687,313
121000066,1198,935,263
121000067,2010,675,1335
121000068,1290,667,623
121000069,1369,1057,312
121000070,4013,1970,2043
121000071,2582,2530,52
121000072,2805,1270,1535
121000073,4200,1287,2913
121000074,252,196,56
121000075,140,389,-249
121000076,2144,692,1452
121000077,324,386,-62
121000078,223,206,17
121000080,4111,1206,2905
121000081,6864,7791,-927
121000082,253,400,-147
121000083,557,287,270
121000084,360,192,168
121000085,425,1001,-576
121000086,272,1268,-996
121000087,164,389,-225
121000088,667,1451,-784
121000089,820,570,250
121000090,976,673,303
121000091,2748,1618,1130
121000092,259,159,100
121000093,205,398,-193
121000094,513,1494,-981
121000095,569,885,-316
121000096,3628,4533,-905
121000097,2127,3385,-1258
121000098,747,2090,-1343
121000099,925,1433,-508
121000100,1408,827,581
121000101,554,514,40
121000102,316,546,-230
121000103,201,506,-305
121000104,377,286,91
121000105,540,408,132
121000106,345,616,-271
121000107,4975,6012,-1037
121000109,2679,2000,679
121000110,560,1280,-720
121000114,5705,3462,2243
121000115,1757,1389,368
121000116,577,1841,-1264
121000117,1384,554,830
121000118,2249,546,1703
121000119,473,696,-223
121000120,436,724,-288
121000121,989,1792,-803
121000123,3012,909,2103
121000126,211,665,-454
121000127,592,181,411
121000128,1151,736,415
121000129,1129,725,404
121000130,833,1792,-959
121000131,3437,2807,630
121000132,2447,2331,116
121000135,783,1141,-358
121000136,2424,832,1592
121000137,680,446,234
121000138,1757,1460,297
121000139,1031,241,790
121000141,659,261,398
121000142,1710,1151,559
121000143,183,40,143
121000144,1579,2687,-1108
121000145,1096,2001,-905
121000146,2626,1656,970
121000147,1734,1001,733
121000148,1903,1696,207
121000149,5134,2484,2650
121000152,1162,1428,-266
121000153,3352,1711,1641
121000154,1429,2341,-912
121000155,2846,2282,564
121000156,717,2298,-1581
121000157,2226,4911,-2685
121000158,499,1720,-1221
121000159,309,1385,-1076
121000160,436,1129,-693
121000161,314,571,-257
121000162,100,401,-301
121000165,3342,2892,450
121000166,34,1277,-1243
121000168,928,615,313
121000169,156,270,-114
121000170,668,532,136
121000171,118,324,-206
121000172,1192,854,338
121000173,2276,1712,564
121000174,477,605,-128
121000175,1698,678,1020
121000176,663,323,340
121000177,2855,1102,1753
121000178,240,82,158
121000179,144,98,46
121000181,572,1111,-539
121000182,211,221,-10
121000183,90,104,-14
121000184,280,94,186
121000185,92,187,-95
121000186,332,726,-394
121000187,299,383,-84
121000188,328,416,-88
121000192,1201,782,419
121000193,1179,855,324
121000194,4605,4068,537
121000195,1063,1692,-629
121000196,2707,463,2244
121000197,857,1441,-584
121000198,1055,196,859
121000199,513,888,-375
121000200,1599,153,1446
121000201,27,386,-359
121000202,4303,230,4073
121000203,1518,3730,-2212
121000204,4534,1096,3438
121000205,623,633,-10
121000206,607,87,520
121000207,2994,681,2313
121000208,23,711,-688
121000209,443,658,-215
121000210,556,1202,-646
121000211,443,332,111
121000212,490,1469,-979
121000213,16024,5747,10277
121000214,1464,6293,-4829
121000215,2359,1777,582
121000216,1274,1561,-287
121000217,11751,6149,5602
121000218,1210,3187,-1977
121000219,4976,944,4032
121000220,545,74,471
121000221,310,604,-294
121000222,4901,3880,1021
121000223,1526,436,1090
121000224,640,220,420
121000225,4693,1713,2980
121000226,15852,1707,14145
121000227,7,468,-461
121000228,31,1226,-1195
121000229,475,735,-260
121000230,100,3221,-3121
121000231,1338,56,1282
121000232,693,654,39
121000233,978,452,526
121000234,21,60,-39
121000235,105,45,60
121000236,13,80,-67
121000237,31,7,24
121000238,14,143,-129
121000239,33,9,24
121000240,11,561,-550
121000241,76,22,54
121000242,63,268,-205
121000243,254,60,194
121000244,8,74,-66
121000245,33,11,22
121000246,4,151,-147
121000247,98,3,95
121000248,1037,944,93
121000249,234,366,-132
121000250,988,192,796
121000251,25,867,-842
121000252,120,98,22
121000253,860,904,-44
121000254,1614,544,1070
121000255,603,283,320
121000256,1090,356,734
121000257,172,115,57
121000258,395,94,301
121000259,148,85,63
121000260,375,276,99
121000261,339,67,272
121000262,1824,1886,-62
121000263,496,688,-192
121000271,514,2806,-2292
121000273,398,14,384
121000274,99,61,38
121000275,2,41,-39
121000276,1,28,-27
121000278,317,108,209
121000279,234,32,202
121000280,497,94,403
121000289,289,43,246
121000290,2447,1235,1212
121000294,189,294,-105
121000297,1932,2626,-694
121000299,988,370,618
121000300,1347,1041,306
121000302,125,1707,-1582
121000303,857,794,63
121000304,729,118,611
121000305,262,69,193
121000306,190,204,-14
121000308,304,1036,-732
121000309,912,1116,-204
121000310,331,655,-324
121000311,136,1457,-1321
121000312,663,528,135
121000313,820,1103,-283
121000314,161,222,-61
121000315,66,170,-104
121000530,1974,2558,-584
121000531,1967,2597,-630
121000532,10027,9029,998
121000533,3865,5494,-1629
121000918,110,259,-149
121000919,69,84,-15
121000938,188,233,-45
121000939,186,262,-76
121000956,1439,2595,-1156
121000957,15,26,-11
121000958,958,90,868
121000959,999,1530,-531
121000960,3119,3346,-227
121000961,308,184,124
121000962,527,2023,-1496
121000973,1,227,-226
121000976,44,329,-285
121000979,590,224,366
121000981,429,282,147
121000982,465,347,118
121000983,887,718,169
121000984,307,85,222
121000985,806,1576,-770
121000986,697,735,-38
121000987,383,2490,-2107
121000988,1377,214,1163
121001302,666,273,393
121001308,89,19,70
121001309,281,101,180
121001311,0,0,0
121001313,406,488,-82
121001314,4892,6127,-1235
121001315,7023,5421,1602
121001318,0,0,0
121900001,120,256,-136
121900002,263,28,235
121900003,719,24,695
121900004,376,610,-234
121900005,15,6,9
121900006,216,38,178
121900007,3989,4144,-155
121900008,1787,750,1037
121900009,976,23,953
121900010,364,4,360
121900011,470,715,-245
121900012,47,0,47
121900013,2778,92,2686
121900014,2541,621,1920
121900015,374,328,46
121900016,25,52,-27
121900017,643,837,-194
121900018,475,8,467
121900019,640,493,147
121900020,55,0,55
121900021,1203,43,1160
121900022,358,353,5
121900023,196,706,-510
121900024,675,146,529
121900025,1029,709,320
121900026,658,78,580
121900027,616,254,362
121900028,406,41,365
121900029,273,376,-103
121900030,1252,1681,-429
121900031,2658,14610,-11952
121900032,126,164,-38
121900033,272,276,-4
121900034,1356,150,1206
121900035,4589,4367,222
121900036,111,491,-380
121900037,270,1043,-773
121900038,56,272,-216
121900039,629,90,539
121900040,91,122,-31
121900041,148,326,-178
121900042,500,266,234
121900043,2,12,-10
121900044,380,132,248
121900046,540,356,184
121900047,326,68,258
121900048,99,264,-165
121900050,47,62,-15
121900051,260,216,44
121900052,325,72,253
121900053,613,815,-202
121900054,1228,1353,-125
121900055,22,15,7
121900058,834,388,446
121900059,687,312,375
121900060,184,555,-371
121900061,332,228,104
121900062,200,251,-51
121900063,2146,501,1645
121900064,369,1180,-811
121900066,98,33,65
121900067,67,79,-12
121900069,206,309,-103
121900070,734,232,502
121900071,369,467,-98
121900072,40,248,-208
121900073,465,395,70
121900074,1099,1690,-591
121900075,1676,590,1086
121900076,1516,1027,489
121900077,48,39,9
121900078,109,66,43
121900079,0,0,0
121900080,1458,714,744
121900082,106,212,-106
121900084,19,355,-336
121900085,4,32,-28
121900086,22,80,-58
121900087,263,193,70
121900088,3604,5361,-1757
121900089,269,622,-353
121900090,25,178,-153
121900091,62,199,-137
121900092,132,141,-9
121900093,78,133,-55
121900094,31,26,5
121900095,370,308,62
121900096,2851,1060,1791
121900097,1015,270,745
121900098,10,12,-2
121900099,354,114,240
121900100,313,511,-198
121900101,264,195,69
121900102,12,213,-201
121900103,1089,305,784
121900104,1881,620,1261
121900105,384,405,-21
121900106,7,7,0
121900107,76,64,12
121900108,2,55,-53
121900109,733,216,517
121900110,562,1725,-1163
121900111,1671,158,1513
121900112,210,154,56
121900113,221,1153,-932
121900114,45,187,-142
121900117,651,93,558
121900118,4169,862,3307
121900119,205,200,5
121900120,67,3042,-2975
121900121,1655,185,1470
121900122,27,104,-77
121900123,387,904,-517
121900124,168,203,-35
121900125,2023,2506,-483
121900127,24,161,-137
121900128,163,229,-66
121900129,1136,290,846
121900130,292,490,-198
121900131,506,89,417
121900132,122,205,-83
121900133,167,621,-454
121900134,26,252,-226
121900135,3645,622,3023
121900136,507,726,-219
121900137,93,649,-556
121900138,244,346,-102
121900139,698,844,-146
121900140,101,298,-197
121900141,116,45,71
121900142,200,281,-81
121900143,20,353,-333
121900144,244,505,-261
121900145,324,525,-201
121900146,1414,1269,145
121900147,109,248,-139
121900148,352,408,-56
121900149,796,1256,-460
121900150,138,273,-135
121900151,104,372,-268
121900152,168,212,-44
121900153,142,954,-812
121900154,26,359,-333
121900155,4,204,-200
121900156,244,158,86
121900157,5,686,-681
121900158,164,149,15
121900159,1,365,-364
121900160,40,417,-377
121900161,733,701,32
121900162,199,267,-68
121900163,334,1133,-799
121900164,658,325,333
121900165,305,294,11
121900166,274,318,-44
121900167,245,227,18
121900168,415,300,115
121900169,12,553,-541
121900170,10,416,-406
121900171,925,1109,-184
121900172,741,483,258
121900173,1647,440,1207
121900174,47,111,-64
121900175,664,251,413
121900176,1057,2843,-1786
121900177,324,113,211
121900178,90,101,-11
121900179,692,228,464
121900180,8622,6633,1989
121900182,2382,538,1844
121900183,806,1407,-601
121900184,85,851,-766
121900186,22,569,-547
121900187,38,308,-270
121900188,800,1124,-324
121900189,78,141,-63
121900190,962,837,125
121900191,89,696,-607
121900192,617,1297,-680
121900193,155,296,-141
121900194,12,437,-425
121900195,158,130,28
121900196,1720,2184,-464
121900197,758,3320,-2562
121900198,1840,2862,-1022
121900199,8,48,-40
121900200,409,375,34
121900201,2048,1134,914
121900202,328,995,-667
121900203,430,2225,-1795
121900204,1648,2653,-1005
121900205,21,145,-124
121900206,20,26,-6
121900207,399,84,315
121900208,413,400,13
121900209,60,30,30
121900210,3412,2428,984
121900211,48,160,-112
121900212,214,207,7
121900213,231,154,77
121900214,9,1248,-1239
121900215,96,118,-22
121900216,378,273,105
121900217,421,254,167
121900218,328,1220,-892
121900220,251,27,224
121900221,411,1254,-843
121900222,387,285,102
121900223,462,121,341
121900224,184,83,101
121900225,591,118,473
121900226,416,936,-520
121900227,284,719,-435
121900228,409,602,-193
121900230,306,549,-243
121900231,636,2804,-2168
121900232,682,642,40
121900233,488,413,75
121900234,754,672,82
121900235,737,436,301
121900236,543,277,266
121900237,344,404,-60
121900238,269,591,-322
121900239,276,91,185
121900240,303,315,-12
121900241,49,116,-67
121900242,2,2,0
121900243,12,0,12
121900244,17,0,17
121900245,357,132,225
121900246,4535,835,3700
121900247,420,460,-40
121900248,2595,2063,532
121900250,346,556,-210
121900251,525,69,456
121900252,862,302,560
121900253,214,1450,-1236
121900254,878,527,351
121900255,374,244,130
121900258,5438,3724,1714
121900259,509,1130,-621
121900260,267,354,-87
121900261,252,1220,-968
121900262,671,2708,-2037
121900263,203,853,-650
121900264,3536,2987,549
121900265,504,538,-34
121900266,435,329,106
121900267,136,81,55
121900269,340,1076,-736
121900270,49,309,-260
121900271,66,265,-199
121900273,1229,3710,-2481
121900274,538,455,83
121900277,803,1949,-1146
121900278,480,1170,-690
121900279,256,279,-23
121900280,563,559,4
121900281,988,591,397
121900284,96,24,72
121900286,334,246,88
121900287,27,59,-32
121900288,2,1,1
121900290,383,487,-104
121900291,747,1141,-394
121900292,625,288,337
121900293,1722,5561,-3839
121900294,433,8,425
121900295,184,432,-248
121900296,305,371,-66
121900298,820,946,-126
121900299,0,0,0
121900300,27,2,25
121900301,46,6,40
121900302,0,31,-31
121900303,1331,722,609
121900304,22,20,2
121900305,5,8,-3
121900306,204,2,202
121900307,31,2,29
121900308,39,458,-419
121900309,25,401,-376
121900310,48,657,-609
121900311,419,41,378
121900312,248,15,233
121900313,738,46,692
121900314,12,129,-117
121900315,8,2,6
121900316,1,16,-15
121900317,6,5,1
121900318,3,30,-27
121900319,18,306,-288
121900320,81,152,-71
121900321,7,3,4
121900322,0,35,-35
121900323,43,45,-2
121900324,32,156,-124
121900325,8,2,6
121900326,1,23,-22
121900327,1,23,-22
121900328,1,15,-14
121900329,0,138,-138
121900330,1,16,-15
121900331,133,39,94
121900332,139,75,64
121900333,36,1,35
121900334,1,20,-19
122000001,3684,6412,-2728
122000002,7499,2845,4654
122000003,3083,3104,-21
122000004,4879,2645,2234
122000005,5029,2173,2856
122000006,4490,1082,3408
122000007,2462,3168,-706
122000008,9725,9734,-9
122000009,760,665,95
122000010,3403,5941,-2538
122000011,5893,2520,3373
122000012,2554,2343,211
122000013,6273,2458,3815
122000014,3061,4690,-1629
122000015,2949,1757,1192
122000016,1114,1348,-234
122000017,1794,1788,6
122000018,2444,1622,822
122000019,1715,2414,-699
122000020,342,459,-117
122000021,878,922,-44
122000022,3076,2903,173
122000023,1155,5990,-4835
122000024,1729,2031,-302
122000025,4359,2574,1785
122000026,2031,1468,563
122000027,895,9359,-8464
122000028,1319,877,442
122000029,1091,645,446
122000030,604,296,308
122000031,459,549,-90
122000032,4039,6752,-2713
122000033,2293,1981,312
122000034,2286,1159,1127
122000035,493,1883,-1390
122000036,1135,812,323
122000037,592,506,86
122000038,483,546,-63
122000039,887,1128,-241
122000040,621,1799,-1178
122000041,1219,843,376
122000042,932,710,222
122000043,273,252,21
122000044,263,359,-96
122000045,2878,899,1979
122000046,1839,2023,-184
122000047,739,363,376
122000048,6125,9383,-3258
122000049,11027,3811,7216
122000050,3642,1147,2495
122000051,1057,439,618
122000052,1081,422,659
122000053,419,810,-391
122000054,4214,3589,625
122000055,5628,4342,1286
122000056,8274,7655,619
122000057,5948,5562,386
122000058,7082,1692,5390
122000059,5790,3191,2599
122000060,1570,1186,384
122000061,885,793,92
122000062,2244,379,1865
122000063,2942,1416,1526
122000064,10006,4311,5695
122000065,13904,4680,9224
122000066,3475,2269,1206
122000067,6499,2303,4196
122000068,2993,3824,-831
122000069,1208,1487,-279
122000070,1295,10524,-9229
122000071,1972,4196,-2224
122000072,845,694,151
122000073,824,1058,-234
122000074,5327,2856,2471
122000075,1043,4055,-3012
122000076,4059,2252,1807
122000077,2582,1135,1447
122000078,4199,3868,331
122000079,3020,1780,1240
122000080,2286,609,1677
122000081,569,619,-50
122000082,1360,1220,140
122000083,2603,6357,-3754
122000084,2494,1590,904
122000085,501,5667,-5166
122000086,4174,11769,-7595
122000087,1016,366,650
122000088,457,806,-349
122000089,16674,7468,9206
122000090,621,857,-236
122000091,1041,138,903
122000092,581,41,540
122000093,5350,1731,3619
122000094,17657,3746,13911
122000095,7273,6586,687
122000096,5358,3979,1379
122000098,6724,2899,3825
122000099,8342,1262,7080
122000100,2324,1629,695
122000101,522,2770,-2248
122000102,3088,1526,1562
122000103,3927,2077,1850
122000104,625,306,319
122000105,661,496,165
122000106,872,903,-31
122000107,1697,1057,640
122000108,597,1241,-644
122000109,581,759,-178
122000110,744,736,8
122000111,5088,1743,3345
122000112,1501,2550,-1049
122000113,1378,1209,169
122000114,10566,2917,7649
122000115,2791,4622,-1831
122000116,772,884,-112
122000117,2347,729,1618
122000118,642,1106,-464
122000119,4732,3484,1248
122000120,3604,6106,-2502
122000121,4702,4512,190
122000122,1180,2568,-1388
122000123,3250,3173,77
122000124,1767,1060,707
122000125,922,1085,-163
122000126,1053,1672,-619
122000127,1860,1703,157
122000128,1051,1542,-491
122000129,647,2700,-2053
122000130,4895,1698,3197
122000131,2433,1926,507
122000132,1058,892,166
122000133,1964,3517,-1553
122000134,1188,1285,-97
122000135,1078,1144,-66
122000136,1142,805,337
122000137,3001,1496,1505
122000139,4261,8129,-3868
122000140,3506,971,2535
122000141,8908,2152,6756
122000142,1229,1416,-187
122000143,979,750,229
122000144,3772,2073,1699
122000145,4241,1449,2792
122000146,1404,1840,-436
122000147,2159,816,1343
122000148,4939,2552,2387
122000149,2943,2441,502
122000150,2267,1783,484
122000151,390,665,-275
122000152,852,646,206
122000153,751,531,220
122000154,531,339,192
122000155,2351,4646,-2295
122000156,3064,2962,102
122000157,3315,2262,1053
122000158,977,923,54
122000159,2153,3010,-857
122000160,6332,3360,2972
122000161,1666,1563,103
122000162,3457,3065,392
122000163,379,159,220
122000164,41,105,-64
122000165,1546,1237,309
122000166,2301,2370,-69
122000167,294,309,-15
122000168,387,942,-555
122000169,1247,362,885
122000170,406,401,5
122000171,88,111,-23
122000172,2267,2927,-660
122000173,2013,3856,-1843
122000174,4906,1430,3476
122000175,2494,672,1822
122000176,560,1167,-607
122000177,2810,2547,263
122000178,5982,7856,-1874
122000179,3624,4897,-1273
122000180,2886,2256,630
122000181,3119,6077,-2958
122000182,3471,3564,-93
122000183,3070,2691,379
122000184,3659,3105,554
122000185,1816,2086,-270
122000186,1224,1384,-160
122000187,4919,1877,3042
122000188,705,360,345
122000189,504,761,-257
122000190,2606,1663,943
122000191,2669,1565,1104
122000192,2046,667,1379
122000193,742,948,-206
122000194,2378,351,2027
122000195,601,702,-101
122000196,1496,949,547
122000197,864,1079,-215
122000198,1184,1234,-50
122000199,991,620,371
122000200,2732,1622,1110
122000201,2020,2207,-187
122000202,1830,1815,15
122000203,5047,2415,2632
122000204,2716,3415,-699
122000205,2217,3109,-892
122000206,4061,1493,2568
122000207,2922,2360,562
122000208,6910,2400,4510
122000209,6173,843,5330
122000210,4700,2896,1804
122000211,4108,1775,2333
122000212,1804,947,857
122000213,2322,2514,-192
122000214,3898,3641,257
122000215,3567,2371,1196
122000217,4423,2088,2335
122000218,1813,279,1534
122000219,2839,1604,1235
122000220,522,1079,-557
122000221,200,917,-717
122000222,868,289,579
122000223,2383,755,1628
122000225,2044,487,1557
122000226,2988,3689,-701
122000227,597,6521,-5924
122000228,641,635,6
122000229,51,882,-831
122000230,68,1048,-980
122000231,485,1388,-903
122000232,949,1836,-887
122000233,5,226,-221
122000234,501,351,150
122000235,1106,346,760
122000236,1514,329,1185
122000237,109,168,-59
122000238,392,556,-164
122000239,920,258,662
122000240,1898,861,1037
122000241,2300,760,1540
122000242,1121,189,932
122000243,426,136,290
122000244,83,888,-805
122000245,120,410,-290
122000246,352,288,64
122000247,932,1428,-496
122000248,2564,3374,-810
122000249,1219,1506,-287
122000250,2957,2050,907
122000251,338,728,-390
122000252,845,196,649
122000253,64,457,-393
122000254,345,180,165
122000255,1142,2914,-1772
122000256,576,2561,-1985
122000257,228,682,-454
122000258,341,445,-104
122000259,13,1120,-1107
122000260,13,141,-128
122000261,16,397,-381
122000262,3,134,-131
122000263,330,220,110
122000264,2692,824,1868
122000265,7025,1518,5507
122000266,15177,1186,13991
122000267,229,187,42
122000268,355,636,-281
122000269,2463,532,1931
122000270,4419,249,4170
122000271,1198,1904,-706
122000272,572,1905,-1333
122000273,701,757,-56
122000274,273,326,-53
122000275,60,409,-349
122000276,1075,1069,6
122000277,1736,2483,-747
122000278,1897,1558,339
122000279,371,774,-403
122000280,1469,1206,263
122000281,1404,1429,-25
122000282,241,315,-74
122000283,573,130,443
122000284,304,141,163
122000285,698,149,549
122000286,173,280,-107
122000287,1677,2430,-753
122000288,770,442,328
122000291,2424,989,1435
122000293,618,417,201
122000294,199,387,-188
122000295,2328,412,1916
122000296,77,1019,-942
122000297,5684,4324,1360
122000299,521,816,-295
122000300,763,1156,-393
122000301,24342,5046,19296
122000302,1608,2178,-570
122000303,7501,2209,5292
122000304,99,435,-336
122000305,1417,662,755
122000306,55,1260,-1205
122000307,263,235,28
122000309,133,92,41
122000310,61,76,-15
122000311,444,322,122
122000312,298,170,128
122000313,119,97,22
122000314,210,373,-163
122000315,349,36,313
122000316,944,379,565
122000317,1843,477,1366
122000318,504,1504,-1000
122000319,431,1159,-728
122000320,526,3672,-3146
122000321,241,494,-253
122000322,3872,6178,-2306
122000323,2292,4690,-2398
122000324,2829,2710,119
122000325,1744,3247,-1503
122000326,76,271,-195
122000327,817,1067,-250
122000328,2641,1256,1385
122000330,4042,1382,2660
122000332,393,609,-216
122000333,9,252,-243
122000337,1347,2828,-1481
122000338,632,805,-173
122000340,938,593,345
122000342,5107,1929,3178
122000343,684,2592,-1908
122000344,98,51,47
122000345,32,111,-79
122000346,458,1062,-604
122000348,928,1404,-476
122000349,148,1268,-1120
122000351,245,363,-118
122000352,544,256,288
122000353,134,177,-43
122000355,225,282,-57
122000356,5080,1377,3703
122000357,72,32,40
122000358,0,114,-114
122000359,0,72,-72
122000360,2,89,-87
122000362,12,171,-159
122000364,202,768,-566
122000365,4,77,-73
122000366,21,12,9
122000368,998,1094,-96
122000370,21,104,-83
122000371,19,0,19
122000372,13,6,7
122000381,89,843,-754
122000382,127,352,-225
122000384,9347,3781,5566
122000385,66,0,66
122000386,2365,2713,-348
122000387,2768,831,1937
122000388,7552,971,6581
122000389,595,1084,-489
122000390,1591,393,1198
122000391,944,283,661
122000392,344,363,-19
122000393,90,288,-198
122000394,834,565,269
122000395,259,313,-54
122000396,632,183,449
122000397,108,184,-76
122000398,99,149,-50
122000399,232,130,102
122000400,346,746,-400
122000401,296,161,135
122000402,406,299,107
122000403,913,1910,-997
122000404,249,717,-468
122000408,1127,2518,-1391
122000503,18,317,-299
122000524,298,189,109
122000544,179,9150,-8971
122000616,436,7,429
122000640,62,201,-139
122000641,90,609,-519
122000642,1712,2013,-301
122000643,59,299,-240
122000644,333,31,302
122000645,106,675,-569
122000651,5488,1293,4195
122000664,484,86,398
122000665,1775,781,994
122000666,1141,1991,-850
122000673,54,542,-488
122000674,199,83,116
122000675,2513,2239,274
122000686,601,2280,-1679
122000687,4563,612,3951
122000688,339,1232,-893
122000689,1293,1185,108
122000690,1579,1040,539
122000691,661,3992,-3331
122000692,2304,807,1497
122000693,883,3389,-2506
122000695,377,1039,-662
122000696,506,639,-133
122000698,470,1701,-1231
122000699,275,236,39
122000701,2096,576,1520
122000702,758,3280,-2522
122000703,230,183,47
122000717,350,125,225
122000718,577,2063,-1486
122000719,268,143,125
122000720,377,557,-180
122000724,205,44,161
122900001,52,15,37
122900002,2475,8346,-5871
122900003,753,129,624
122900004,2018,73,1945
122900005,138,115,23
122900006,1441,872,569
122900007,289,61,228
122900008,1163,167,996
122900009,1751,1018,733
122900010,371,327,44
122900012,338,549,-211
122900014,251,504,-253
122900015,4809,1578,3231
122900016,253,555,-302
122900017,1063,1769,-706
122900018,510,28,482
122900019,14,256,-242
122900020,621,640,-19
122900021,74,1262,-1188
122900022,1061,1521,-460
122900023,714,505,209
122900024,173,151,22
122900025,20,359,-339
122900026,236,536,-300
122900027,105,1226,-1121
122900028,197,336,-139
122900029,8219,4744,3475
122900030,2455,773,1682
122900031,359,408,-49
122900032,202,641,-439
122900033,358,258,100
122900034,6911,14783,-7872
122900035,178,26,152
122900036,122,589,-467
122900037,951,221,730
122900038,380,6039,-5659
122900039,130,763,-633
122900040,888,549,339
122900041,395,330,65
122900042,323,395,-72
122900043,1052,313,739
122900044,190,656,-466
122900045,205,210,-5
122900046,316,180,136
122900047,994,427,567
122900048,68,638,-570
122900049,2784,218,2566
122900051,126,219,-93
122900052,67,195,-128
122900053,27,36,-9
122900055,747,261,486
122900057,840,59,781
122900061,736,393,343
122900062,778,1058,-280
122900063,317,583,-266
122900064,1860,920,940
122900065,1168,275,893
122900066,923,406,517
122900067,2973,1395,1578
122900068,210,688,-478
122900069,570,2770,-2200
122900070,460,66,394
122900071,214,691,-477
122900072,18,968,-950
122900073,49,447,-398
122900074,907,1198,-291
122900075,1,129,-128
122900076,20,331,-311
122900077,4,246,-242
122900078,174,212,-38
122900080,99,32,67
122900081,925,268,657
122900082,1265,381,884
122900083,320,247,73
122900084,31,448,-417
122900086,28,71,-43
122900087,312,694,-382
122900088,51,185,-134
122900089,208,253,-45
122900090,18,1017,-999
122900091,299,2,297
122900092,3,341,-338
122900093,1,569,-568
122900094,8,468,-460
122900095,224,13,211
122900096,434,537,-103
122900097,44,34,10
122900098,139,230,-91
122900099,38,15,23
122900100,880,696,184
122900101,1900,625,1275
122900102,15,36,-21
122900103,165,9,156
122900104,105,12,93
122900105,10,16,-6
122900106,6,169,-163
122900107,6,404,-398
122900108,5,347,-342
123000001,4028,565,3463
123000002,10507,5890,4617
123000003,6229,6522,-293
123000004,4771,7890,-3119
123000005,4306,5347,-1041
123000006,4473,5051,-578
123000007,5397,5198,199
123000008,4468,6326,-1858
123000009,8849,5446,3403
123000010,6250,6369,-119
123000011,11056,1696,9360
123000012,2757,4022,-1265
123000013,7065,1572,5493
123000014,2695,6835,-4140
123000015,8937,1738,7199
123000016,12116,6739,5377
123000017,5233,2162,3071
123000018,53,207,-154
123000019,381,427,-46
123000020,201,177,24
123000021,113,516,-403
123000022,704,3382,-2678
123000023,2395,2246,149
123000024,3050,937,2113
123000025,216,251,-35
123000026,19,118,-99
123000027,586,706,-120
123000028,1951,330,1621
123000029,1858,842,1016
123000030,808,859,-51
123000031,227,706,-479
123000032,479,491,-12
123000033,737,123,614
123000034,1654,1399,255
123000035,385,651,-266
123000036,370,1572,-1202
123000037,399,485,-86
123000038,159,467,-308
123000039,700,1993,-1293
123000040,1957,528,1429
123000041,2926,1363,1563
123000042,2141,670,1471
123000043,7154,13333,-6179
123000044,9537,3586,5951
123000045,18124,4435,13689
123000046,1725,2153,-428
123000047,3920,2584,1336
123000048,123,824,-701
123000049,13590,12504,1086
123000050,1888,2695,-807
123000051,188,345,-157
123000052,945,5833,-4888
123000053,3269,6109,-2840
123000054,2024,2703,-679
123000055,1724,3046,-1322
123000056,2201,3474,-1273
123000057,29912,12295,17617
123000058,1301,1731,-430
123000059,738,918,-180
123000060,1360,569,791
123000061,317,1385,-1068
123000063,1361,1511,-150
123000064,1811,461,1350
123000065,12717,6765,5952
123000066,1549,1903,-354
123000067,1229,907,322
123000068,5658,6966,-1308
123000069,10949,6724,4225
123000070,442,1549,-1107
123000071,1394,2120,-726
123000072,1515,2477,-962
123000073,1819,1685,134
123000074,1650,3370,-1720
123000075,626,2018,-1392
123000076,1113,1681,-568
123000077,3640,5724,-2084
123000078,1956,3040,-1084
123000079,2297,3810,-1513
123000080,3736,4122,-386
123000081,260,1043,-783
123000082,645,2088,-1443
123000083,1756,310,1446
123000084,1012,1447,-435
123000085,412,217,195
123000086,809,599,210
123000087,582,727,-145
123000088,1994,1786,208
123000089,739,2715,-1976
123000090,2303,2026,277
123000091,2672,2767,-95
123000092,1681,2230,-549
123000094,970,522,448
123000095,743,1309,-566
123000096,1119,796,323
123000097,867,1805,-938
123000098,1120,1130,-10
123000099,908,1513,-605
123000100,836,1102,-266
123000101,1010,1098,-88
123000102,1056,1277,-221
123000104,598,693,-95
123000105,843,853,-10
123000106,703,695,8
123000107,559,915,-356
123000108,1131,2496,-1365
123000111,1242,570,672
123000112,1533,1080,453
123000113,1101,3144,-2043
123000114,741,1039,-298
123000115,458,548,-90
123000116,40,328,-288
123000117,2840,4520,-1680
123000118,784,1615,-831
123000119,431,1851,-1420
123000120,829,1651,-822
123000121,853,1054,-201
123000122,825,351,474
123000123,782,999,-217
123000124,1103,790,313
123000125,2400,2158,242
123000126,2993,6195,-3202
123000127,1756,1191,565
123000128,499,721,-222
123000129,868,447,421
123000130,853,162,691
123000131,1691,1363,328
123000132,794,1203,-409
123000133,603,798,-195
123000134,777,432,345
123000135,3193,2626,567
123000136,377,1984,-1607
123000137,198,716,-518
123000138,211,818,-607
123000139,863,299,564
123000140,219,1356,-1137
123000141,1546,264,1282
123000142,1518,1735,-217
123000143,2957,3976,-1019
123000144,50,59,-9
123000145,492,376,116
123000146,131,181,-50
123000147,195,294,-99
123000149,588,647,-59
123000150,481,412,69
123000151,474,773,-299
123000152,134,682,-548
123000153,325,1165,-840
123000154,3140,3890,-750
123000155,4167,1709,2458
123000156,93,260,-167
123000157,1047,1625,-578
123000158,1116,1418,-302
123000159,8185,4132,4053
123000160,1669,1294,375
123000161,2464,2219,245
123000162,1203,2801,-1598
123000163,782,142,640
123000164,1965,443,1522
123000165,597,3129,-2532
123000166,41,216,-175
123000167,242,527,-285
123000168,340,489,-149
123000169,1118,229,889
123000170,110,620,-510
123000171,734,88,646
123000172,309,1150,-841
123000173,1114,404,710
123000174,1575,644,931
123000175,1274,2321,-1047
123000176,1567,475,1092
123000177,557,1788,-1231
123000178,1522,289,1233
123000179,30,1213,-1183
123000180,2313,503,1810
123000181,586,2800,-2214
123000182,295,845,-550
123000183,211,724,-513
123000184,196,1258,-1062
123000185,782,942,-160
123000186,3,1001,-998
123000187,696,5,691
123000188,340,0,340
123000189,252,361,-109
123000190,84,132,-48
123000192,22,619,-597
123000193,63,1055,-992
123000194,828,581,247
123000195,391,46,345
123000196,399,21,378
123000197,67,195,-128
123000198,50,378,-328
123000199,10,888,-878
123000200,791,19,772
123000201,1158,38,1120
123000202,59,1953,-1894
123000203,1123,127,996
123000204,82,1753,-1671
123000205,752,3381,-2629
123000206,2130,323,1807
123000207,164,1510,-1346
123000208,836,209,627
123000209,3163,687,2476
123000210,749,2786,-2037
123000211,879,4587,-3708
123000212,4232,697,3535
123000213,1059,116,943
123000215,350,326,24
123000216,296,1391,-1095
123000217,332,66,266
123000218,220,961,-741
123000219,1879,164,1715
123000220,833,157,676
123000221,312,294,18
123000222,849,1034,-185
123000223,432,1100,-668
123000224,627,1057,-430
123000225,431,172,259
123000226,67,654,-587
123000227,132,578,-446
123000228,334,109,225
123000229,2353,3272,-919
123000232,150,1105,-955
123000233,1169,332,837
123000234,263,1269,-1006
123000235,1122,598,524
123000236,396,1559,-1163
123000237,556,106,450
123000238,142,1088,-946
123000239,903,3178,-2275
123000240,108,830,-722
123000241,1940,269,1671
123000242,276,376,-100
123000243,1188,1484,-296
123000244,1533,1109,424
123000245,136,235,-99
123000249,793,1622,-829
123000252,1694,442,1252
123000253,1517,757,760
123000254,886,1837,-951
123000255,1635,1373,262
123000256,50,508,-458
123000257,6414,4448,1966
123000258,1670,1992,-322
123000259,474,663,-189
123000260,782,934,-152
123000261,303,460,-157
123000262,195,456,-261
123000263,636,174,462
123000264,274,110,164
123000265,110,287,-177
123000266,845,1441,-596
123000267,761,516,245
123000268,71,104,-33
123000269,69,92,-23
123000270,37,92,-55
123000271,220,109,111
123000272,1463,427,1036
123000273,533,1038,-505
123000274,1995,794,1201
123000275,486,1767,-1281
123000278,6093,4653,1440
123000279,210,302,-92
123000280,721,675,46
123000281,549,170,379
123000282,295,440,-145
123000283,175,103,72
123000284,75,202,-127
123000286,535,431,104
123000287,963,495,468
123000288,2397,1309,1088
123000289,1001,1909,-908
123000291,600,1343,-743
123000294,273,393,-120
123000295,1304,1383,-79
123000296,643,491,152
123000297,789,1600,-811
123000298,838,1273,-435
123000299,73,472,-399
123000300,1696,1567,129
123000301,291,481,-190
123000302,122,437,-315
123000303,430,128,302
123000305,1845,1487,358
123000306,193,403,-210
123000309,74,95,-21
123000310,208,101,107
123000311,1,138,-137
123000312,1637,1523,114
123000313,576,712,-136
123000315,113,609,-496
123000316,4002,135,3867
123000317,396,107,289
123000318,103,500,-397
123000329,20,24,-4
123000337,359,348,11
123000338,1050,72,978
123000339,265,401,-136
123000340,300,1031,-731
123000342,14,106,-92
123000343,230,8,222
123000344,1796,810,986
123000345,454,1125,-671
123000346,608,156,452
123000352,3882,1379,2503
123000353,29,202,-173
123000354,501,10,491
123000355,3,1137,-1134
123000356,448,17,431
123000357,4,501,-497
123000359,5,369,-364
123000360,308,159,149
123000361,1041,457,584
123000362,466,271,195
123000363,140,394,-254
123000364,1348,833,515
123000365,33,584,-551
123000366,448,3291,-2843
123000367,470,2299,-1829
123000370,64,506,-442
123000371,504,38,466
123000372,460,23,437
123000373,24,733,-709
123000374,22,391,-369
123000375,387,76,311
123000376,1431,1045,386
123000377,653,16,637
123000378,29,602,-573
123000379,5,400,-395
123000380,135,573,-438
123000381,480,96,384
123000382,2061,182,1879
123000383,549,1714,-1165
123000384,1153,139,1014
123000385,771,1051,-280
123000436,220,1918,-1698
123000507,131,856,-725
123000508,207,1381,-1174
123000517,463,68,395
123000518,40,456,-416
123000519,191,143,48
123000520,100,392,-292
123000521,499,226,273
123000522,233,874,-641
123000541,10,3,7
123000542,0,43,-43
123000565,701,55,646
123000566,191,1240,-1049
123000567,181,473,-292
123000573,95,1501,-1406
123000574,912,155,757
123000575,1829,2100,-271
123000576,1138,3946,-2808
123000577,285,1710,-1425
123000578,1485,119,1366
123000579,7150,8068,-918
123000580,109,41,68
123000582,736,60,676
123000583,36,830,-794
123000584,294,544,-250
123000585,1,285,-284
123000586,110,0,110
123000596,215,257,-42
123000597,92,253,-161
123000602,58,12,46
123000603,623,1377,-754
123000604,718,1701,-983
123000605,1724,276,1448
123000606,6,500,-494
123000609,28,686,-658
123000610,343,187,156
123000613,29,282,-253
123000614,181,111,70
123000615,48,245,-197
123000616,783,128,655
123000617,229,1090,-861
123000618,128,1138,-1010
123000619,1197,90,1107
123000620,38,1067,-1029
123000622,450,48,402
123000624,127,100,27
123000630,1010,863,147
123000631,574,3829,-3255
123000632,1930,1943,-13
123000633,0,500,-500
123000634,242,178,64
123000635,466,173,293
123000636,78,1366,-1288
123000637,203,292,-89
123000638,921,169,752
123000639,1828,5436,-3608
123000640,39,1702,-1663
123000648,665,130,535
123000649,45,978,-933
123900001,2520,108,2412
123900002,43,2256,-2213
123900003,734,1152,-418
123900005,528,210,318
123900006,878,68,810
124000001,3010,271,2739
124000002,132,3128,-2996
124000003,1030,334,696
124000004,95,1206,-1111
124000005,1277,639,638
124000006,424,2129,-1705
124000007,1144,239,905
124000008,27,1094,-1067
124000009,855,564,291
124000010,267,910,-643
124000011,2761,726,2035
124000012,926,1213,-287
124000017,295,184,111
124000018,178,131,47
124000019,193,176,17
124000020,76,262,-186
124000021,203,140,63
124000022,131,413,-282
124000023,2548,2218,330
124000024,1750,1090,660
124000025,1749,2612,-863
124000026,1765,1773,-8
124000027,7766,7699,67
124000028,4374,6822,-2448
124000030,5286,1988,3298
124000031,1534,3727,-2193
124000032,7665,1421,6244
124000033,800,1099,-299
124000034,5118,1088,4030
124000035,333,237,96
124000036,215,827,-612
124000037,890,1358,-468
124000038,59,178,-119
124000039,1602,596,1006
124000040,898,1289,-391
124000041,441,142,299
124000042,88,706,-618
124000043,188,205,-17
124000044,96,475,-379
124000045,967,1111,-144
124000046,446,1304,-858
124000047,2038,1556,482
124000048,1318,3300,-1982
124000049,2250,1127,1123
124000050,914,3822,-2908
124000051,1155,914,241
124000052,785,2101,-1316
124000053,730,1941,-1211
124000054,1151,1112,39
124000055,1767,3337,-1570
124000056,6532,2314,4218
124000057,975,788,187
124000058,644,2311,-1667
124000059,852,1462,-610
124000060,2043,1501,542
124000061,2542,6487,-3945
124000062,12773,3118,9655
124000063,2169,3572,-1403
124000064,4581,2932,1649
124000065,411,401,10
124000066,517,111,406
124000067,161,372,-211
124000068,86,179,-93
124000069,806,452,354
124000070,282,874,-592
124000071,208,158,50
124000072,241,765,-524
124000073,1377,257,1120
124000074,366,1323,-957
124000075,324,81,243
124000076,6,361,-355
124000077,3014,1250,1764
124000078,3663,1439,2224
124000079,798,1926,-1128
124000080,548,241,307
124000081,318,1270,-952
124000082,23,200,-177
124000083,59,279,-220
124000084,94,775,-681
124000085,110,141,-31
124000086,128,184,-56
124000087,196,152,44
124000088,450,841,-391
124000089,1212,578,634
124000090,201,671,-470
124000091,1415,286,1129
124000092,315,1452,-1137
124000093,157,178,-21
124000094,189,933,-744
124000095,84,197,-113
124000096,150,538,-388
124000097,138,281,-143
124000098,72,177,-105
124000099,275,222,53
124000100,79,188,-109
124000101,120,187,-67
124000102,149,141,8
124000103,104,133,-29
124000104,189,160,29
124000105,86,102,-16
124000106,310,163,147
124000107,31,185,-154
124000108,120,87,33
124000109,162,136,26
124000110,238,242,-4
124000111,347,220,127
124000112,975,1312,-337
124000113,77,148,-71
124000114,412,884,-472
124000115,626,1274,-648
124000116,204,184,20
124000117,129,179,-50
124000118,66,101,-35
124000119,2939,1208,1731
124000120,1591,956,635
124000121,2881,1088,1793
124000122,1030,1839,-809
124000123,1249,724,525
124000124,723,1770,-1047
124000125,636,805,-169
124000126,465,961,-496
124000127,1200,620,580
124000128,984,1640,-656
124000129,2936,2061,875
124000130,1246,1017,229
124000131,1650,831,819
124000132,1412,1235,177
124000133,1211,1480,-269
124000134,1242,1314,-72
124000135,2378,2756,-378
124000136,1373,1700,-327
124000137,2316,1030,1286
124000138,2853,2000,853
124000139,986,34,952
124000140,52,704,-652
124000141,186,21,165
124000142,25,224,-199
124000143,62,22,40
124000144,6,88,-82
124000145,141,56,85
124000146,18,140,-122
124000148,26,114,-88
124000149,1434,608,826
124000150,432,893,-461
124000151,1021,630,391
124000152,1243,2132,-889
124000153,923,1200,-277
124000154,591,1425,-834
124000155,1983,1333,650
124000156,2597,1605,992
124000169,521,1015,-494
124000170,1549,686,863
124000171,522,589,-67
124000172,888,987,-99
124000173,744,479,265
124000174,660,1401,-741
124000175,10,206,-196
124000176,89,15,74
124000177,18,58,-40
124000178,31,43,-12
124000190,257,79,178
124000191,1591,190,1401
124000192,4835,745,4090
124000193,1182,1680,-498
124000194,568,874,-306
124000195,416,930,-514
124000196,1833,1831,2
124000197,48,95,-47
124000198,29,73,-44
124000201,472,1608,-1136
124000202,971,398,573
124000203,384,1576,-1192
124000204,828,926,-98
124000205,86,1017,-931
124000206,602,709,-107
124000207,0,88,-88
124000209,577,1097,-520
124000210,451,358,93
124000211,671,1,670
124000212,2,848,-846
124000213,358,619,-261
124000214,359,1371,-1012
124000215,466,28,438
124000216,6,854,-848
124000329,177,4008,-3831
124000338,144,2002,-1858
124000339,899,213,686
124000341,1350,149,1201
124000344,49,2,47
124000357,1511,4283,-2772
124000358,1084,2262,-1178
124000359,1447,1168,279
124000360,871,867,4
124000361,3722,1151,2571
124000362,2739,3490,-751
124000363,353,570,-217
124000364,804,1318,-514
124000365,1034,1716,-682
124000366,2770,1199,1571
124000367,280,1174,-894
124000368,619,480,139
124000369,264,219,45
124000370,108,1574,-1466
124000402,49,13,36
124000403,156,10,146
124000404,14,220,-206
124000405,1496,1329,167
124000406,1405,1372,33
124000407,7,43,-36
124000411,11,728,-717
124000412,637,24,613
124000413,1182,52,1130
124000414,116,213,-97
124000415,62,320,-258
124000416,163,579,-416
124000417,189,195,-6
124000418,185,187,-2
124000419,131,241,-110
124000420,81,124,-43
124000421,53,400,-347
124000422,78,47,31
124000423,209,55,154
124000424,4,192,-188
124000425,29,90,-61
124000426,12,105,-93
124000427,48,26,22
124000428,77,69,8
124000429,79,88,-9
124000430,929,1202,-273
124000431,456,1284,-828
124000432,282,1659,-1377
124000439,1,32,-31
124000443,0,10,-10
124000445,470,2156,-1686
124000446,4407,154,4253
124900001,606,510,96
124900002,286,738,-452
124900003,1331,871,460
124900004,655,582,73
124900005,476,431,45
124900006,715,572,143
124900008,1854,785,1069
124900009,196,429,-233
124900010,194,99,95
124900011,647,353,294
124900012,583,177,406
124900013,522,210,312
124900014,433,112,321
124900015,253,495,-242
124900016,79,181,-102
124900017,1076,1430,-354
124900018,56,7,49
124900020,115,97,18
124900021,293,86,207
124900022,103,16,87
124900024,346,74,272
124900026,134,4,130
124900027,117,426,-309
124900028,1223,245,978
124900029,19,611,-592
124900030,12,315,-303
124900031,67,675,-608
124900032,313,314,-1
124900033,171,717,-546
124900034,3,171,-168
124900035,316,852,-536
124900036,2,59,-57
124900037,379,715,-336
124900038,447,726,-279
124900039,0,26,-26
124900040,182,124,58
124900041,462,1925,-1463
124900042,63,3,60
124900043,687,1954,-1267
124900044,191,2,189
124900045,1152,1551,-399
124900046,2292,438,1854
124900047,179,443,-264
124900048,201,276,-75
124900050,227,504,-277
124900052,166,617,-451
124900053,125,614,-489
124900054,5127,576,4551
124900055,5,213,-208
124900057,18,116,-98
124900060,135,369,-234
124900061,50,13,37
124900062,153,25,128
124900066,1,11,-10
124900067,2,316,-314
124900068,316,665,-349
124900070,77,50,27
124900072,133,63,70
124900075,244,362,-118
124900076,43,1124,-1081
124900077,35,192,-157
124900078,145,23,122
124900079,1472,294,1178
124900080,462,1277,-815
124900081,1246,412,834
124900082,515,1677,-1162
124900083,263,1048,-785
124900085,1749,489,1260
124900086,180,1616,-1436
124900087,927,152,775
124900088,1056,177,879
124900089,2249,55,2194
124900090,381,369,12
124900091,588,986,-398
124900092,455,669,-214
124900093,516,300,216
124900094,447,443,4
124900095,139,710,-571
124900096,991,368,623
124900097,402,125,277
124900098,158,819,-661
124900099,1107,894,213
124900100,360,122,238
124900101,47,333,-286
124900102,310,95,215
124900103,202,460,-258
124900104,84,331,-247
124900105,139,242,-103
124900106,531,91,440
124900107,128,32,96
124900108,292,99,193
124900111,1,80,-79
124900112,108,1176,-1068
124900113,188,360,-172
124900114,303,176,127
124900115,58,65,-7
124900116,290,281,9
124900117,1196,246,950
124900118,286,378,-92
124900119,576,235,341
124900120,44,683,-639
124900121,198,459,-261
124900122,878,394,484
124900123,555,163,392
124900124,171,401,-230
204000001,99,27,72
204000002,29,13,16
204000003,57,12,45
204000004,18,1,17
204000005,873,1116,-243
204000006,1806,3933,-2127
204000011,13,85,-72
204000012,81,188,-107
204000019,741,920,-179
204000020,1071,1071,0
204000021,3232,1370,1862
204000022,695,735,-40
204000023,793,1673,-880
204000031,133,40,93
204000032,898,90,808
204000034,39,365,-326
204000035,9,4,5
204000036,14,39,-25
204000037,4,40,-36
204000038,0,25,-25
204000039,12,53,-41
204000040,7,36,-29
204000041,12,67,-55
204000042,112,19,93
204000043,46,3,43
204000044,67,6,61
204000045,166,10,156
204000046,28,13,15
204000057,15,47,-32
204000062,32,115,-83
204000068,81,305,-224
204000069,51,444,-393
204000070,108,224,-116
204000080,45,105,-60
204000085,2570,3075,-505
204000086,5046,3830,1216
204000087,60,34,26
204000088,4,131,-127
204000090,32,584,-552
204000093,315,114,201
204000096,1323,1689,-366
204000097,449,55,394
204000099,1180,2635,-1455
204000100,1503,2809,-1306
204000105,3007,2731,276
204000110,1349,2045,-696
204000111,715,1212,-497
204000112,1321,1416,-95
204000113,898,1554,-656
204000114,1344,1031,313
204000115,975,625,350
204000116,1443,875,568
204000119,2738,4507,-1769
204000132,858,497,361
204000133,1023,491,532
204000134,461,237,224
204000135,800,209,591
204000136,430,379,51
204000138,576,831,-255
204000140,306,242,64
204000141,234,121,113
204000144,10,36,-26
204000145,768,59,709
204000146,31,618,-587
204000147,105,280,-175
204000148,638,58,580
204000154,4,10,-6
204000155,12,13,-1
204000177,95,120,-25
204000179,30,16,14
204000180,0,41,-41
204000222,9,15,-6
204000235,30,19,11
204000236,123,556,-433
204000238,24,77,-53
204000240,515,157,358
204000263,950,2073,-1123
204000268,1737,1491,246
204000308,417,37,380
204000317,17,128,-111
204000322,11,59,-48
204000323,33,25,8
204000328,297,136,161
204000329,56,275,-219
204000330,342,74,268
204000331,35,199,-164
204010341,37,641,-604
205000001,1699,2506,-807
205000013,19,115,-96
205000014,24,115,-91
205000015,61,276,-215
205000016,34,263,-229
205000017,72,127,-55
205000022,457,1123,-666
205000025,2085,1590,495
205000029,393,9,384
205000045,325,369,-44
205000046,157,908,-751
205000047,94,830,-736
205000048,333,1683,-1350
205000049,240,1270,-1030
205000050,1869,485,1384
205000059,0,453,-453
205000060,0,136,-136
205000061,8,52,-44
205000062,13,44,-31
205000063,48,340,-292
205000064,22,276,-254
205000065,78,878,-800
205000066,133,1129,-996
205000067,50,1421,-1371
205000069,173,47,126
205000082,280,714,-434
205000110,87,360,-273
205000111,317,426,-109
205000112,216,353,-137
205000113,277,418,-141
205000121,480,286,194
205000123,99,341,-242
205000126,644,574,70
205000127,1028,841,187
205000128,879,642,237
205000129,1210,641,569
205000130,1601,205,1396
205000131,2034,38,1996
205000132,2499,16,2483
205000133,2297,6,2291
205000134,1148,3,1145
205000137,105,235,-130
205000138,241,496,-255
205000139,34,189,-155
205000144,78,182,-104
205000145,438,610,-172
205000151,301,265,36
205000152,252,161,91
205000153,286,279,7
205000154,123,257,-134
205000155,245,110,135
205000207,6,281,-275
205000233,143,62,81
205000234,0,1,-1
205000243,0,4,-4
205000244,0,2,-2
205000245,31,554,-523
205000249,0,51,-51
205000250,11,0,11
205000264,8,104,-96
206000027,11,5,6
206000028,7,14,-7
206000043,15,159,-144
206000053,2,13,-11
206000054,12,44,-32
206000055,2,60,-58
206000075,13,10,3
206000076,48,12,36
206000077,26,6,20
206000078,14,8,6
206000079,7,5,2
206000082,1015,42,973
206000100,120,1290,-1170
206000103,7,25,-18
206000104,6,25,-19
206000105,10,29,-19
206000106,15,53,-38
206000108,913,58,855
206000125,55,0,55
206000157,104,1135,-1031
206000170,1,308,-307
206000171,3,257,-254
206000172,14,1123,-1109
206000173,1,418,-417
206000174,10,149,-139
206000175,11,245,-234
206000176,22,397,-375
206000177,3,242,-239
206000178,15,219,-204
206000179,17,167,-150
206000180,33,290,-257
206000181,6,484,-478
206000182,21,425,-404
206000183,16,1344,-1328
206000184,12,493,-481
206000185,10,361,-351
206000186,224,1858,-1634
206000223,11,256,-245
206000226,39,10,29
206000227,33,7,26
206000237,52,494,-442
206000238,51,849,-798
206000239,710,2974,-2264
206000240,2,67,-65
206000241,0,211,-211
206000242,6,426,-420
206000243,7,380,-373
206000244,78,1081,-1003
206000245,656,58,598
206000246,134,9,125
206000247,170,12,158
206000248,636,31,605
206000252,105,49,56
206000258,47,53,-6
206000315,66,6,60
206000317,551,142,409
206000318,404,81,323
206000319,1066,170,896
206000320,123,65,58
206000321,110,16,94
206000322,442,27,415
206000323,152,11,141
206000324,141,16,125
206000325,257,24,233
206000326,316,15,301
206000327,722,16,706
206000328,95,7,88
206000329,196,12,184
206000330,50,13,37
206000331,107,1,106
206000332,24,15,9
206000333,552,1,551
206000334,217,2,215
206000335,0,20,-20
206000361,8,339,-331
206000392,2,47,-45
206000405,180,0,180
206000441,16,24,-8
206000498,49,2,47
206000515,185,44,141
206000530,196,97,99
206000531,258,306,-48
206000532,3826,457,3369
206000535,431,3709,-3278
206000536,31,323,-292
206000537,30,287,-257
206000613,2032,366,1666
207000001,230,797,-567
207000002,177,442,-265
207000003,271,302,-31
207000007,838,369,469
207000008,55,8,47
207000009,137,59,78
207000010,655,725,-70
207000012,466,458,8
207000015,504,2174,-1670
207000019,312,140,172
207000021,919,215,704
207000022,207,181,26
207000023,309,126,183
207000024,7,30,-23
207000025,49,100,-51
207000026,146,67,79
207000027,41,136,-95
207000028,81,367,-286
207000029,387,685,-298
207000033,368,465,-97
207000034,434,114,320
207000039,396,216,180
207000040,275,208,67
207000041,155,58,97
207000042,367,121,246
207000043,414,242,172
207000051,192,426,-234
207000052,44,266,-222
207000053,613,1055,-442
207000054,101,202,-101
207000055,223,246,-23
207000056,510,602,-92
207000057,176,454,-278
207000058,246,642,-396
207000059,146,1074,-928
207000060,135,407,-272
207000061,349,503,-154
207000062,310,56,254
207000063,322,172,150
207000064,504,235,269
207000065,377,353,24
207000066,254,273,-19
207000067,101,179,-78
207000068,174,107,67
207000069,947,615,332
207000082,22,349,-327
207000083,150,513,-363
207000084,273,468,-195
207000085,256,26,230
207000086,190,4,186
207000106,41,42,-1
207000107,66,35,31
207000108,86,13,73
207000109,104,27,77
207000110,58,72,-14
207000111,152,163,-11
207000112,513,739,-226
207000114,40,51,-11
207000115,26,115,-89
207000116,23,510,-487
207000117,19,177,-158
207000118,7,155,-148
207000119,35,137,-102
207000123,237,41,196
207000124,111,47,64
207000125,99,63,36
207000126,95,70,25
207000134,63,214,-151
207000135,27,380,-353
207000148,59,288,-229
207000149,147,68,79
207000152,228,682,-454
207000153,1502,1837,-335
207000154,663,181,482
207000159,156,321,-165
207000160,244,877,-633
207000238,0,218,-218
207000242,4,405,-401
207000248,48,74,-26
207000249,301,64,237
207000250,2018,128,1890
207000251,210,164,46
207000252,94,93,1
207000278,169,204,-35
207000279,16,366,-350
207000280,445,97,348
207000281,138,1701,-1563
207000282,197,86,111
207000283,185,401,-216
207000284,67,220,-153
207000285,224,48,176
207000291,21,180,-159
207000304,220,111,109
207000306,91,652,-561
207000310,139,132,7
207000353,311,1,310
207000356,21,61,-40
207000357,149,13,136
207000358,77,25,52
207000415,7,439,-432
207000417,58,3,55
207000418,143,213,-70
207000438,0,1,-1
207000439,1351,830,521
207000446,185,10,175
207000460,15,19,-4
207000466,315,229,86
207000467,279,165,114
207000468,85,680,-595
207000476,5,132,-127
207000477,712,172,540
207000478,3,61,-58
207000523,0,16,-16
207000524,28,0,28
207000527,193,394,-201
207000530,459,13,446
207000531,383,17,366
207000532,142,38,104
207000534,899,78,821
207000535,111,534,-423
207000537,50,209,-159
207000540,20,478,-458
207000541,1,632,-631
207000548,12,660,-648
207000549,406,19,387
207000561,192,299,-107
207000562,76,445,-369
207000567,273,364,-91
207000568,162,162,0
207000569,541,1753,-1212
207000584,707,465,242
207000585,173,492,-319
207000587,2,9,-7
207000616,0,308,-308
207000617,208,0,208
207900008,235,226,9
208000001,867,1633,-766
208000002,933,1124,-191
208000003,1851,1081,770
208000004,2549,1401,1148
208000005,34,27,7
208000019,683,1564,-881
208000020,252,723,-471
208000021,322,977,-655
208000022,1241,1065,176
208000028,2508,1686,822
208000033,702,1303,-601
208000034,2046,3443,-1397
208000037,757,93,664
208000040,158,267,-109
208000041,1231,819,412
208000042,1339,1038,301
208000047,245,749,-504
208000064,3921,2878,1043
208000066,2480,3296,-816
208000070,493,643,-150
208000071,636,1364,-728
208000072,625,2138,-1513
208000080,339,806,-467
208000081,424,374,50
208000082,457,481,-24
208000083,249,609,-360
208000084,156,32,124
208000085,2139,906,1233
208000086,1084,1293,-209
208000087,622,1161,-539
208000089,1389,1299,90
208000090,1231,1673,-442
208000093,134,228,-94
208000094,711,1034,-323
208000095,1237,760,477
208000104,1310,1939,-629
208000105,969,2076,-1107
208000114,151,450,-299
208000115,823,671,152
208000116,704,1621,-917
208000117,159,199,-40
208000118,149,183,-34
208000155,1237,1505,-268
208000158,2557,5598,-3041
208000186,4771,5844,-1073
208000204,830,2080,-1250
208000205,1530,2528,-998
208000282,6900,3601,3299
209000004,357,377,-20
209000005,48,74,-26
209000006,1021,255,766
209000007,851,513,338
209000010,1164,225,939
209000011,256,378,-122
209000012,209,350,-141
209000013,365,971,-606
209000014,918,2251,-1333
209000025,475,84,391
209000026,1070,216,854
209000027,608,1962,-1354
209000028,657,1709,-1052
209000029,2050,1501,549
209000030,1347,3024,-1677
209000031,7137,4662,2475
209000034,370,474,-104
209000035,214,357,-143
209000036,370,222,148
209000037,410,466,-56
209000038,182,304,-122
209000039,125,315,-190
209000040,531,1005,-474
209000041,270,693,-423
209000042,384,673,-289
209000043,1365,1200,165
209000044,354,1124,-770
209000045,1979,710,1269
209000046,743,733,10
209000047,789,318,471
209000048,1093,409,684
209000049,160,251,-91
209000050,305,337,-32
209000051,471,709,-238
209000052,302,664,-362
209000062,45,230,-185
209000063,48,247,-199
209000064,71,309,-238
209000065,104,90,14
209000066,72,82,-10
209000067,100,123,-23
209000080,38,395,-357
209000082,110,99,11
209000091,78,172,-94
209000093,145,63,82
209000094,309,259,50
209000110,48,151,-103
209000111,670,3020,-2350
209000112,1199,1252,-53
209000113,5161,1157,4004
209000114,740,817,-77
209000115,177,300,-123
209000116,1531,1113,418
209000118,151,66,85
209000119,186,16,170
209000121,246,1007,-761
209000135,130,221,-91
209000142,1119,3878,-2759
209000143,414,218,196
209000144,279,201,78
209000229,323,276,47
209000240,89,683,-594
209000259,189,240,-51
209000260,95,1978,-1883
209000261,11,1034,-1023
209000262,6,832,-826
209000263,1,264,-263
209000264,1,184,-183
209000265,569,1,568
209000266,95,3,92
209000267,820,36,784
209000268,1107,173,934
210000037,116,60,56
210000047,107,72,35
210000048,159,83,76
210000049,128,58,70
210000052,60,214,-154
210000053,46,114,-68
210000054,94,122,-28
210000070,243,5,238
210000071,83,1,82
210000072,52,0,52
210000073,0,63,-63
210000074,1,177,-176
210000075,3,80,-77
210000076,20,225,-205
210000077,188,60,128
210000078,122,60,62
210000079,200,25,175
210000080,575,113,462
210000081,415,17,398
210000082,359,10,349
210000083,186,1,185
210000084,40,1,39
210000085,0,130,-130
210000086,3,241,-238
210000099,62,457,-395
210000100,81,474,-393
210000101,138,559,-421
210000105,68,612,-544
210000159,3,259,-256
210000163,264,423,-159
210000164,600,307,293
210000168,316,63,253
210000187,0,32,-32
210000188,0,22,-22
210000214,64,0,64
210000219,28,105,-77
210000220,107,113,-6
210000232,3,42,-39
210000233,36,121,-85
210000234,48,296,-248
210000235,52,252,-200
210000245,0,122,-122
210000246,32,5,27
210000258,21,160,-139
210000259,410,50,360
210000282,94,446,-352
210000285,2,180,-178
210000286,30,275,-245
210000290,5,8,-3
210000295,100,348,-248
210000296,202,106,96
210000320,274,207,67
210000321,92,150,-58
210000338,344,176,168
210000339,772,2331,-1559
210000340,236,961,-725
210000341,319,595,-276
210000342,313,441,-128
210000343,496,369,127
210000344,1030,269,761
210000345,455,626,-171
210000346,197,289,-92
210000347,609,66,543
210000348,423,30,393
210000349,503,26,477
210000350,177,98,79
210000351,209,177,32
210000352,97,255,-158
210000353,58,333,-275
210000354,100,255,-155
210000355,145,229,-84
210000356,370,138,232
210000357,153,103,50
210000358,876,198,678
210000359,407,176,231
210000360,378,233,145
210000361,362,282,80
210000362,365,374,-9
210000363,1343,310,1033
210000364,199,291,-92
210000365,187,139,48
210000366,201,113,88
210000367,133,69,64
210000368,224,73,151
210000369,102,42,60
210000370,191,86,105
210000372,152,70,82
210000373,288,41,247
210000374,136,33,103
210000375,63,213,-150
210000376,188,353,-165
210000404,129,373,-244
210000439,40,118,-78
210000472,367,12,355
210000482,147,165,-18
210000564,841,485,356
210000567,3,50,-47
210000568,957,7,950
211000092,54,100,-46
211000094,30,26,4
211000169,332,25,307
211000172,16,421,-405
211000209,1,21,-20
211000226,40,71,-31
211000270,32,28,4
211000275,55,20,35
211000276,146,48,98
211000279,14,76,-62
211000281,38,102,-64
211507980,0,80,-80
211977296,63,2,61
212000003,348,183,165
212000004,235,47,188
212000005,72,52,20
212000006,89,167,-78
212000008,196,233,-37
212000009,20,201,-181
212000012,86,130,-44
212000013,17,88,-71
212000014,411,248,163
212000015,390,332,58
212000016,712,774,-62
212000027,726,947,-221
212000028,339,853,-514
212000029,279,756,-477
212000030,42,93,-51
212000031,84,126,-42
212000048,74,273,-199
212000049,31,190,-159
212000050,19,14,5
212000051,251,376,-125
212000052,192,579,-387
212000053,427,890,-463
212000054,261,266,-5
212000055,299,516,-217
212000056,24,86,-62
212000057,20,56,-36
212000058,655,54,601
212000070,133,484,-351
212000077,135,1181,-1046
212000099,417,594,-177
212000108,525,503,22
212000111,299,237,62
212000120,312,161,151
212000138,389,39,350
212000156,3,280,-277
212000158,9,25,-16
212000159,386,93,293
212000160,626,456,170
212000161,100,28,72
212000310,52,21,31
212000311,20,163,-143
212000374,45,10,35
213000001,65,968,-903
213000005,641,244,397
213000006,1656,398,1258
213000007,299,34,265
213000009,903,644,259
213000010,267,431,-164
213000011,456,295,161
213000012,332,633,-301
213000014,97,30,67
213000015,288,9,279
213000016,511,4,507
213000017,113,0,113
213000018,3,328,-325
213000019,2,300,-298
213000020,153,611,-458
213000021,5,203,-198
213000023,383,415,-32
213000033,409,2097,-1688
213000034,968,593,375
213000035,98,693,-595
213000045,190,457,-267
213000046,232,290,-58
213000047,906,1421,-515
213000056,139,128,11
213000069,263,5,258
213000073,2,53,-51
213000074,170,781,-611
213000075,954,13,941
213000076,38,4,34
213000085,8,54,-46
213000086,26,414,-388
213000091,138,20,118
213000092,49,11,38
213000099,292,1721,-1429
213000100,1937,494,1443
213000101,379,256,123
213000102,513,519,-6
213000103,1460,1494,-34
213000104,59,786,-727
213000105,4,142,-138
213000106,28,326,-298
213000107,204,1066,-862
213000108,32,915,-883
213000109,8,390,-382
213000110,10,168,-158
213000111,30,131,-101
213000112,255,227,28
213000115,63,5,58
213000116,112,1347,-1235
213000117,16,1728,-1712
213000118,574,569,5
213000119,108,1503,-1395
213000120,157,1316,-1159
213000122,525,1296,-771
213000123,1230,2774,-1544
213000124,177,2451,-2274
213000125,208,26,182
213000126,149,155,-6
213000127,268,203,65
213000128,1210,1553,-343
213000129,828,1033,-205
213000130,520,605,-85
213000132,383,198,185
213000133,474,199,275
213000134,1297,30,1267
213000136,589,34,555
213000137,933,163,770
213000139,585,60,525
213000147,173,2,171
213000148,91,2,89
213000149,302,10,292
213000150,2,153,-151
213000151,14,149,-135
213000152,1,101,-100
213000153,2,61,-59
213000154,25,411,-386
213000155,68,631,-563
213000156,126,1404,-1278
213000157,1537,714,823
213000158,386,1336,-950
213000159,596,1179,-583
213000163,712,182,530
213000165,1280,552,728
213000171,0,166,-166
213000172,5,497,-492
213000173,3,340,-337
213000174,1,246,-245
213000175,7,175,-168
213000176,27,62,-35
213000177,39,8,31
213000178,115,7,108
213000179,261,1,260
213000180,140,0,140
213000184,173,912,-739
213000188,618,162,456
213000189,429,72,357
213000190,1285,1657,-372
213000191,365,991,-626
213000192,309,1039,-730
213000193,2821,376,2445
213000194,1,57,-56
213000195,11,755,-744
213000196,304,1783,-1479
213000197,422,1832,-1410
213000198,173,1,172
213000200,235,1710,-1475
213000201,147,94,53
213000202,44,1469,-1425
213000203,5759,1177,4582
213000204,731,245,486
213000205,395,314,81
213000206,1247,234,1013
213000207,245,25,220
213000208,319,2,317
213000209,381,3,378
213000210,1312,11,1301
213000211,68,11,57
213000212,35,16,19
213000213,40,45,-5
213000218,400,1531,-1131
213000219,750,26,724
213000220,765,14,751
213000223,526,370,156
213000224,112,69,43
213000225,85,28,57
213000226,104,43,61
213000227,1234,472,762
213000228,330,169,161
213000229,452,58,394
213000230,405,69,336
213000232,160,841,-681
213000233,24,86,-62
213000234,7,75,-68
213000293,37,81,-44
213000294,300,15,285
213000295,62,110,-48
213000296,93,45,48
213000297,18,201,-183
213000298,24,207,-183
213000299,131,106,25
213000300,10,15,-5
213000303,5,60,-55
213000304,2,14,-12
213000305,3,11,-8
213000306,342,42,300
213000307,1351,116,1235
213000308,181,376,-195
213000309,268,109,159
213000310,1400,184,1216
213000311,437,1232,-795
213000315,133,246,-113
213000316,114,107,7
213000322,134,249,-115
213000323,106,142,-36
213000324,50,93,-43
213000325,23,170,-147
213000326,52,44,8
213000327,28,110,-82
213000328,13,171,-158
213000329,74,89,-15
213000340,218,1400,-1182
213000341,473,237,236
213000346,355,287,68
213000347,1488,564,924
213000348,15,252,-237
213000349,25,12,13
213000350,466,2307,-1841
213000366,84,639,-555
213000367,247,63,184
213000379,106,147,-41
213000386,26,381,-355
213000406,129,721,-592
213000417,2141,810,1331
213000425,163,59,104
213000426,126,166,-40
213000427,53,568,-515
213000428,57,353,-296
213000429,42,11,31
213000430,174,1563,-1389
213000431,51,1,50
213000432,1,25,-24
213000433,26,310,-284
213000434,82,204,-122
213000435,77,185,-108
213000436,20,143,-123
213000437,1,42,-41
213000438,145,133,12
213000439,98,24,74
213000440,8,408,-400
213000441,0,1,-1
213000442,1,43,-42
213000443,701,932,-231
213000444,50,90,-40
213000445,0,127,-127
213000446,1,15,-14
213000447,21,128,-107
213000448,8,172,-164
213000449,348,4,344
213000450,33,77,-44
213000451,363,137,226
213000452,40,47,-7
213000453,56,540,-484
213000455,489,5,484
213000456,1,259,-258
213000481,3,17,-14
213000482,42,7,35
213000489,585,292,293
213000491,1,210,-209
213000492,1161,5,1156
213000493,0,208,-208
213000494,247,254,-7
213000495,0,237,-237
213000496,384,428,-44
213000497,88,611,-523
213000498,140,440,-300
213000499,210,970,-760
213000500,477,119,358
213000501,87,55,32
213000502,607,185,422
213000503,5,124,-119
213000504,7,307,-300
213000505,22,3,19
213000506,0,20,-20
213000507,5,209,-204
213900016,0,11,-11
213900244,16,0,16
213900245,0,35,-35
218000003,41,14,27
218000004,49,24,25
218000005,68,69,-1
218000006,131,41,90
218000007,11,22,-11
218000012,668,382,286
218000013,128,185,-57
218000014,562,636,-74
218000019,959,1025,-66
218000020,385,910,-525
218000021,50,127,-77
218000022,30,83,-53
218000023,7,77,-70
218000024,3,37,-34
218000025,48,50,-2
218000026,10,94,-84
218000027,4,22,-18
218000028,4,11,-7
218000029,4,6,-2
218000030,35,60,-25
218000031,9,86,-77
218000032,3,53,-50
218000040,0,7,-7
218000046,60,176,-116
218000047,32,279,-247
218000048,102,239,-137
218000049,157,238,-81
218000050,516,436,80
218000051,91,456,-365
218000052,0,196,-196
218000053,6,24,-18
218000054,28,57,-29
218000055,15,29,-14
218000056,31,19,12
218000057,5,44,-39
218000064,1,15,-14
218000065,69,83,-14
218000066,5,129,-124
218000067,71,204,-133
218000068,187,205,-18
218000069,177,280,-103
218000070,167,432,-265
218000071,245,339,-94
218000072,404,408,-4
218000078,1219,2034,-815
218000079,62,142,-80
218000080,122,180,-58
218000081,370,488,-118
218000082,55,231,-176
218000083,56,124,-68
218000084,174,328,-154
218000085,138,727,-589
218000086,52,289,-237
218000087,233,309,-76
218000090,10,180,-170
218000091,1451,908,543
218000092,136,293,-157
218000093,127,119,8
218000094,731,1118,-387
218000099,467,893,-426
218000100,322,454,-132
218000101,339,253,86
218000102,410,402,8
218000103,141,259,-118
218000104,128,74,54
218000105,63,21,42
218000106,22,10,12
218000107,51,100,-49
218000108,4,83,-79
218000112,113,25,88
218000117,81,132,-51
218000134,918,1522,-604
218000135,83,227,-144
218000136,463,100,363
218000137,317,155,162
218000138,33,147,-114
218000139,271,509,-238
218000140,573,436,137
218000141,122,109,13
218000142,198,296,-98
218000143,155,395,-240
218000144,90,137,-47
218000145,519,587,-68
218000146,77,295,-218
218000151,84,45,39
218000152,148,97,51
218000153,3,6,-3
218000154,7,1,6
218000155,10,6,4
218000156,72,30,42
218000157,19,35,-16
218000158,10,16,-6
218000159,8,1,7
218000160,5,6,-1
218000161,25,10,15
218000162,34,20,14
218000163,11,2,9
218000164,47,12,35
218000165,78,73,5
218000170,2,66,-64
218000171,83,26,57
218000172,48,32,16
218000173,83,29,54
218000174,60,16,44
218000176,152,46,106
218000177,326,343,-17
218000178,104,357,-253
218000179,84,145,-61
218000180,103,70,33
218000181,173,128,45
218000187,16,16,0
218000188,94,93,1
218000189,17,75,-58
218000190,16,22,-6
218000191,138,82,56
218000192,233,536,-303
218000193,530,727,-197
218000194,150,694,-544
218000195,172,174,-2
218000196,376,506,-130
218000197,349,590,-241
218000198,2,263,-261
218000199,64,37,27
218000200,144,96,48
218000201,18,5,13
218000202,329,486,-157
218000207,9,94,-85
218000208,100,75,25
218000211,96,15,81
218000212,4,18,-14
218000213,166,81,85
218000214,6,38,-32
218000215,58,95,-37
218000217,8,220,-212
218000218,286,196,90
218000219,301,69,232
218000220,541,491,50
218000221,4857,327,4530
218000222,134,40,94
218000223,49,345,-296
218000224,5,230,-225
218000225,287,45,242
218000226,131,98,33
218000230,0,4,-4
218000232,55,146,-91
218000239,139,12,127
218000240,22,5,17
218000241,40,0,40
218000242,42,0,42
218000243,11,0,11
218000244,15,2,13
218000245,27,7,20
218000246,2,1,1
218000247,0,0,0
218000248,0,24,-24
218000249,0,4,-4
218000250,13,33,-20
218000251,3,17,-14
218000252,1,12,-11
218000253,1,16,-15
218000254,0,20,-20
218000255,6,24,-18
218000256,8,61,-53
218000267,1290,1746,-456
218000268,9,113,-104
218000269,6,11,-5
218000270,104,93,11
218000271,28,116,-88
218000273,19,14,5
218000274,25,18,7
218000275,33,85,-52
218000276,12,66,-54
218000278,15,34,-19
218000279,77,120,-43
218000280,2,61,-59
218000281,30,12,18
218000282,943,590,353
218000284,144,30,114
218000301,129,132,-3
218000302,121,53,68
218000303,61,61,0
218000316,972,2171,-1199
218000317,1142,2218,-1076
218000318,646,1630,-984
218000319,1485,2616,-1131
218000320,1122,1308,-186
218000338,199,29,170
218000345,287,76,211
218000346,162,340,-178
218000459,54,403,-349
218000490,196,81,115
218000501,72,96,-24
218000502,59,159,-100
218000503,139,35,104
218000504,276,33,243
218000505,101,284,-183
218000506,63,347,-284
218000508,1,4,-3
218000510,313,24,289
218000520,236,164,72
218000521,7,100,-93
218000522,2,191,-189
218000523,318,2,316
218000524,72,282,-210
218000525,166,22,144
218000526,54,130,-76
218000529,51,375,-324
218000530,6,9,-3
218000531,18,41,-23
218000532,27,33,-6
218000534,170,27,143
218000537,71,119,-48
218000538,243,226,17
218000540,656,88,568
218000543,239,80,159
218000544,84,143,-59
218000545,65,93,-28
218000546,82,166,-84
218000547,120,132,-12
218000548,184,296,-112
218000549,501,399,102
218000550,305,592,-287
218000551,259,894,-635
218000552,922,82,840
218000553,76,136,-60
218000554,68,37,31
218000555,22,79,-57
218000556,152,682,-530
218000557,287,399,-112
218000558,134,0,134
218000559,0,49,-49
218000560,0,23,-23
218000561,34,1,33
218000562,58,303,-245
218000563,255,36,219
218000564,28,188,-160
218000565,191,24,167
218000566,394,36,358
218000567,2,70,-68
218000568,4,4,0
218000569,7,165,-158
218000570,91,14,77
218000571,1,167,-166
218000572,222,17,205
218000573,19,97,-78
218000574,122,79,43
218000575,123,1,122
218000576,0,66,-66
218000577,420,0,420
218000578,4,80,-76
218000579,171,50,121
218000581,11,111,-100
218000582,75,3,72
218000583,2,1,1
218000584,0,19,-19
218000585,72,2,70
218000586,16,53,-37
218000587,3,2,1
218000588,0,11,-11
218000589,4,3,1
218000590,14,0,14
218000591,2,11,-9
218000592,4,0,4
218000593,0,0,0
218000594,0,0,0
218000597,0,1,-1
218000598,0,1,-1
218000599,1,0,1
218000600,0,1,-1
218000601,0,0,0
218000602,0,2,-2
218000603,0,11,-11
218000604,25,1,24
218000605,0,36,-36
218000606,105,1,104
218000607,7,74,-67
218000608,102,28,74
218000609,5,45,-40
218000610,220,14,206
218000611,101,9,92
218000612,2,40,-38
218000613,63,2,61
218000614,19,66,-47
218000615,336,1,335
218000616,19,179,-160
218000617,39,1,38
218000618,0,23,-23
218000619,61,70,-9
218000620,9,25,-16
218000621,0,9,-9
218000622,0,16,-16
218000623,113,5,108
218000624,7,44,-37
218000625,20,1,19
218000626,0,14,-14
218000628,171,64,107
218000631,41,41,0
218000632,0,169,-169
218000633,95,1,94
218000634,2,19,-17
218000635,13,23,-10
218000636,1216,2635,-1419
218000637,949,1143,-194
218000638,158,91,67
218000639,24,276,-252
218000640,335,34,301
218000641,112,604,-492
218000652,98,145,-47
218000653,208,104,104
218000663,6,216,-210
218000675,92,62,30
218000676,3,53,-50
218000677,7,16,-9
218000680,284,754,-470
218000681,443,306,137
218000691,170,532,-362
218000693,200,284,-84
218000703,17,99,-82
218000718,1120,897,223
218000719,2050,448,1602
218000720,10,98,-88
218000721,60,11,49
218000725,14,13,1
218001147,1,231,-230
218001214,16,68,-52
218001258,74,6,68
218001329,173,209,-36
218001330,222,118,104
218001351,61,8,53
218001352,31,21,10
218001353,8,18,-10
218001354,1,23,-22
218001355,17,597,-580
218001356,328,9,319
218001357,12,357,-345
218001358,181,4,177
218001361,174,44,130
218001362,1,328,-327
219000001,39,96,-57
219000002,70,97,-27
219000003,80,37,43
219000004,73,60,13
219000017,604,52,552
219000020,186,64,122
219000022,179,7,172
219000023,114,2,112
219000029,0,113,-113
219000034,84,35,49
219000039,84,100,-16
219000040,148,48,100
219000041,204,61,143
219000051,0,61,-61
219000052,0,22,-22
219000053,3,298,-295
219000054,54,188,-134
219000055,211,3,208
219000056,94,2,92
219000057,292,0,292
219000062,26,285,-259
219000063,107,13,94
219000064,7,74,-67
219000110,415,86,329
219000111,141,50,91
219000112,230,83,147
219000113,184,82,102
219000114,370,135,235
219000116,122,62,60
219000117,162,111,51
219000118,156,101,55
219000123,430,133,297
219000124,141,100,41
219000125,19,31,-12
219000126,98,168,-70
219000127,0,7,-7
219000128,21,152,-131
219000129,38,212,-174
219000130,1067,1171,-104
219000131,1248,1414,-166
219000133,82,74,8
219000134,10,34,-24
219000135,67,70,-3
219000136,194,223,-29
219000138,87,50,37
219000139,21,83,-62
219000140,68,9,59
219000141,15,177,-162
219000142,35,212,-177
219000143,22,185,-163
219000145,34,108,-74
219000146,8,79,-71
219000147,2,89,-87
219000148,5,96,-91
219000149,15,193,-178
219000150,4,166,-162
219000151,6,82,-76
219000157,265,245,20
219000158,220,457,-237
219000161,208,14,194
219000163,2382,674,1708
219000166,207,247,-40
219000167,145,377,-232
219000168,366,122,244
219000174,439,162,277
219000175,92,2,90
219000176,65,11,54
219000177,28,8,20
219000178,38,4,34
219000179,12,25,-13
219000180,50,46,4
219000182,146,23,123
219000183,78,48,30
219000184,121,9,112
219000185,3,116,-113
219000186,51,91,-40
219000187,18,174,-156
219000189,207,279,-72
219000190,145,364,-219
219000191,2424,1962,462
219000192,208,195,13
219000193,658,231,427
219000195,2,106,-104
219000196,20,203,-183
219000198,31,218,-187
219000199,159,353,-194
219000200,74,315,-241
219000201,143,390,-247
219000203,52,192,-140
219000204,183,322,-139
219000205,75,239,-164
219000207,213,406,-193
219000209,32,154,-122
219000210,293,178,115
219000213,14,418,-404
219000239,244,446,-202
219000240,360,611,-251
219000241,131,374,-243
219000242,155,324,-169
219000243,168,470,-302
219000244,46,165,-119
219000245,37,77,-40
219000246,73,20,53
219000247,140,57,83
219000248,854,428,426
219000249,243,129,114
219000250,220,122,98
219000251,800,281,519
219000252,362,213,149
219000253,383,63,320
219000255,126,164,-38
219000256,197,127,70
219000257,300,7,293
219000262,77,312,-235
219000263,45,382,-337
219000267,2,253,-251
219000268,10,7,3
219000269,32,6,26
219000270,30,0,30
219000271,186,43,143
219000278,0,21,-21
219000279,3,9,-6
219000283,0,17,-17
219000295,12,134,-122
219000296,133,797,-664
219000297,23,243,-220
219000298,41,295,-254
219000299,630,171,459
219000300,32,402,-370
219000301,283,478,-195
219000302,50,344,-294
219000307,61,67,-6
219000308,45,39,6
219000311,213,81,132
219000312,698,104,594
219000313,372,79,293
219000314,115,953,-838
219000315,265,85,180
219000316,565,115,450
219000317,104,30,74
219000320,0,72,-72
219000321,0,31,-31
219000323,7,101,-94
219000325,3,37,-34
219000326,82,192,-110
219000327,141,72,69
219000328,82,93,-11
219000329,415,257,158
219000330,55,61,-6
219000331,110,60,50
219000332,88,141,-53
219000333,12,7,5
219000335,106,10,96
219000337,27,2,25
219000338,167,2,165
219000344,65,107,-42
219000345,65,190,-125
219000346,62,266,-204
219000348,204,227,-23
219000349,46,339,-293
219000350,116,205,-89
219000351,2,6,-4
219000352,404,110,294
219000353,136,81,55
219000354,145,242,-97
219000355,203,79,124
219000356,2869,1387,1482
219000363,407,99,308
219000364,90,60,30
219000365,150,17,133
219000366,362,680,-318
219000368,752,655,97
219000370,2023,572,1451
219000371,20,29,-9
219000382,9,21,-12
219000383,1166,1322,-156
219000385,853,827,26
219000386,1336,2407,-1071
219000387,9,27,-18
219000390,23,11,12
219000391,9,1,8
219000397,127,126,1
219000398,101,74,27
219000401,10,197,-187
219000402,38,171,-133
219000403,185,317,-132
219000404,33,152,-119
219000407,4,53,-49
219000409,59,72,-13
219000410,118,70,48
219000411,91,23,68
219000446,289,681,-392
219000447,0,43,-43
219000448,9,28,-19
219000452,173,125,48
219000453,144,228,-84
219000454,586,305,281
219000556,318,127,191
219000558,234,351,-117
219000590,51,293,-242
219000591,85,138,-53
219000592,205,596,-391
219000595,2,48,-46
219000635,156,127,29
219000636,21,150,-129
219000657,29,23,6
219000658,40,134,-94
219000673,0,19,-19
219000676,302,4,298
219000679,114,12,102
219000684,282,3,279
219000685,3,116,-113
219000686,3,3,0
219000688,0,173,-173
219000689,38,388,-350
219000690,268,38,230
219000691,76,323,-247
219000692,219,42,177
219000693,0,37,-37
219000694,4,1,3
219000695,14,12,2
219000698,120,0,120
219000699,0,8,-8
219000727,6,251,-245
219000728,174,6,168
219000770,97,3,94
219000771,0,49,-49
219000788,509,310,199
219001150,2,47,-45
219001151,6,3,3
219001166,65,25,40
219001167,5,141,-136
219001178,58,1,57
220000001,123,112,11
220000002,38,270,-232
220000003,1019,433,586
220000004,1716,922,794
220000005,2526,2716,-190
220000006,340,1367,-1027
220000007,498,825,-327
220000008,567,1594,-1027
220000009,441,789,-348
220000010,389,326,63
220000011,1559,6147,-4588
220000012,162,1053,-891
220000014,148,68,80
220000015,136,326,-190
220000017,74,672,-598
220000018,10912,4567,6345
220000019,167,542,-375
220000020,925,468,457
220000021,737,402,335
220000022,769,839,-70
220000023,295,324,-29
220000024,3078,477,2601
220000025,2159,1525,634
220000026,406,418,-12
220000027,21,188,-167
220000028,57,59,-2
220000029,97,449,-352
220000030,188,142,46
220000031,663,621,42
220000064,48,1405,-1357
221000046,2,0,2
221000047,0,8,-8
221000048,0,2,-2
221000049,0,22,-22
221000050,31,0,31
221000055,89,75,14
221000057,68,16,52
221000068,558,215,343
221000069,494,89,405
221000070,257,39,218
221000071,137,9,128
221000072,425,20,405
221000073,243,101,142
221000074,1,39,-38
221000075,69,38,31
221000076,8,73,-65
221000077,75,154,-79
221000081,43,24,19
221000082,66,15,51
221000083,54,13,41
221000084,12,6,6
221000085,32,88,-56
221000086,22,188,-166
221000087,8,280,-272
221000088,11,338,-327
221000089,40,469,-429
221000090,176,742,-566
221000098,171,27,144
221000099,179,27,152
221000100,119,12,107
221000101,229,12,217
221000102,165,28,137
221000109,18,152,-134
221000110,13,169,-156
221000111,29,268,-239
221000112,12,208,-196
221000113,39,264,-225
221000114,24,261,-237
221000120,41,58,-17
221000121,4,51,-47
221000122,106,51,55
221000123,10,12,-2
221000124,86,346,-260
221000155,113,12,101
221000156,89,57,32
221000175,0,15,-15
221000176,2,2,0
221000182,47,7,40
221000241,842,374,468
221000242,244,665,-421
221000243,719,241,478
221000244,354,786,-432
221000245,134,147,-13
221000246,65,472,-407
221000247,186,155,31
221000248,277,261,16
221000267,93,1114,-1021
221000325,84,84,0
221000331,40,170,-130
221000338,104,60,44
221000378,330,37,293
221000381,111,97,14
222000282,18,0,18
222000296,1,48,-47
222000568,458,23,435
222000569,188,39,149
222000570,174,14,160
222000571,387,26,361
222000577,23,361,-338
222000578,41,298,-257
222000579,50,216,-166
222000580,168,1269,-1101
222000599,2,126,-124
222000600,4,455,-451
222000601,14,1369,-1355
222000603,31,34,-3
222000604,13,33,-20
222000605,25,19,6
222000606,2,8,-6
222000607,6,2,4
222000608,45,14,31
222000609,65,382,-317
222000616,288,63,225
222000617,5,23,-18
222000618,1,3,-2
222000620,54,7,47
222000621,194,9,185
222000623,647,8,639
222000624,299,2,297
222000625,461,53,408
222000636,126,4,122
222000686,82,11,71
222000687,54,41,13
222001066,424,0,424
222001067,24,10,14
222001068,52,45,7
222001069,18,51,-33
222001082,24,64,-40
222001083,20,90,-70
222001084,0,74,-74
222001085,0,190,-190
222001111,42,253,-211
222001112,124,61,63
222001313,59,3,56
222001314,8,166,-158
222001464,82,93,-11
222001465,32,186,-154
222001484,108,59,49
222001485,23,56,-33
222001494,410,205,205
222001495,156,497,-341
222001496,295,137,158
222001497,145,776,-631
222001502,24,154,-130
222001503,119,82,37
222001504,25,414,-389
222001505,359,18,341
222001506,39,386,-347
222001507,386,55,331
222001510,449,46,403
222001511,42,627,-585
222001514,721,294,427
222001515,455,1030,-575
222001518,241,115,126
222001519,65,453,-388
222001527,350,139,211
222001528,96,280,-184
222001529,225,71,154
222001530,55,355,-300
222001533,179,567,-388
222001534,335,120,215
222001535,214,275,-61
222001536,101,458,-357
222001537,391,56,335
222001538,116,807,-691
222001563,505,103,402
222001564,59,1015,-956
222001568,412,138,274
222001576,2,3,-1
222001579,3,9,-6
222001583,45,293,-248
222001584,142,15,127
222001596,890,2164,-1274
222001597,1778,319,1459
222001626,0,240,-240
222001650,78,130,-52
222001651,111,252,-141
222001914,244,139,105
222001915,107,399,-292
222001968,472,233,239
222001969,639,1119,-480
222001970,378,464,-86
222001971,9,58,-49
222001972,1,39,-38
225000001,720,306,414
225000002,624,266,358
225000003,757,208,549
225000004,394,560,-166
225000005,68,116,-48
225000006,1,230,-229
225000007,4911,2295,2616
225000010,412,21,391
225000011,844,2320,-1476
225000012,237,1098,-861
225000013,273,301,-28
225000014,2484,167,2317
225000015,144,371,-227
225000021,1203,532,671
225000027,497,888,-391
225000032,996,363,633
225000042,137,1287,-1150
225000049,60,90,-30
225000050,92,30,62
225000053,9,674,-665
225000058,1154,267,887
225000067,323,296,27
225000068,135,775,-640
225000069,142,986,-844
225000070,122,806,-684
225000071,63,453,-390
225000075,76,1710,-1634
225000076,163,216,-53
225000078,252,104,148
225000085,78,203,-125
225000086,997,90,907
225000087,341,78,263
225000088,13,286,-273
225000089,435,1350,-915
225000090,38,681,-643
225000091,223,352,-129
225000092,41,89,-48
225000093,245,665,-420
225000094,15,713,-698
225000095,507,845,-338
225000096,421,934,-513
225000098,961,342,619
225000099,454,236,218
225000100,346,219,127
225000104,174,750,-576
225000110,17,770,-753
225000111,580,2079,-1499
225000112,811,1797,-986
225000113,287,958,-671
225000114,153,549,-396
225000115,3773,1009,2764
225000116,1567,388,1179
225000117,1408,801,607
225000118,1439,667,772
225000119,269,207,62
225000120,926,113,813
225000121,404,74,330
225000123,3285,34,3251
225000125,646,511,135
225000126,2074,455,1619
225000127,1474,1742,-268
225000128,532,1283,-751
225000132,312,76,236
225000133,442,51,391
225000134,771,197,574
225000135,54,13,41
225000136,277,38,239
225000137,193,115,78
225000138,557,93,464
225000143,174,333,-159
225000144,1,573,-572
225000145,81,117,-36
225000146,43,228,-185
225000147,25,511,-486
225000148,12,417,-405
225000149,140,802,-662
225000151,38,520,-482
225000155,392,858,-466
225000156,598,1686,-1088
225000157,517,628,-111
225000158,155,612,-457
225000171,12,283,-271
225000180,35,0,35
225000181,0,130,-130
225000182,106,20,86
225000185,9,610,-601
225000187,62,713,-651
225000191,196,5,191
225000194,1,30,-29
225000208,1,95,-94
225000209,118,38,80
225000210,4,536,-532
225000217,6,43,-37
225000218,23,5,18
225000223,3,146,-143
225000224,370,0,370
225000225,7,82,-75
225000226,384,1,383
225000227,87,160,-73
225000228,14,14,0
225000229,0,163,-163
225000230,33,3,30
225000231,0,132,-132
225000232,180,0,180
225000241,181,0,181
225000242,1,68,-67
225000249,15,1,14
225000250,66,1431,-1365
225000251,532,54,478
225000254,46,2,44
225000256,52,122,-70
225000257,9,300,-291
226000042,784,757,27
226000043,127,497,-370
226000044,402,1130,-728
226000045,145,773,-628
226000046,793,168,625
226000047,756,196,560
226000048,499,116,383
226000049,538,270,268
226000070,0,159,-159
226000071,1,139,-138
226000072,0,29,-29
226000073,0,41,-41
226000074,1,34,-33
226000084,0,101,-101
226000085,9,16,-7
226000086,11,19,-8
226000087,2,16,-14
226000088,113,44,69
226000090,520,84,436
226000091,46,30,16
226000092,5,14,-9
226000093,41,4,37
226000094,61,0,61
226000095,51,4,47
226000105,18,1,17
226000106,23,2,21
226000107,10,0,10
226000108,56,0,56
226000109,102,4,98
226000124,301,113,188
226000134,617,752,-135
226000135,1320,1247,73
226000136,546,822,-276
226000137,4,885,-881
226000138,15,543,-528
226000139,1,24,-23
226000156,179,6,173
226000157,140,8,132
226000163,96,89,7
226000202,18,942,-924
226000231,347,14,333
226000232,138,14,124
227000033,397,105,292
227000036,270,70,200
227000037,227,58,169
227000038,310,77,233
227000084,0,58,-58
227000085,0,65,-65
227000088,220,7,213
227000089,149,1,148
227000090,148,0,148
227000091,22,1,21
227000092,65,1,64
227000093,273,0,273
227000094,19,0,19
227000130,36,102,-66
227000131,22,341,-319
227000132,19,351,-332
227000133,15,328,-313
227000134,26,574,-548
227000152,0,1,-1
227000153,0,49,-49
227000154,2,26,-24
227000155,1,30,-29
227000156,0,24,-24
227000165,3,45,-42
227000196,351,497,-146
227000199,308,937,-629
227000230,53,1023,-970
227000232,421,64,357
227000242,72,717,-645
227000243,633,113,520
227000245,18,505,-487
227000246,118,702,-584
227000247,421,120,301
227000248,329,50,279
227000249,52,347,-295
227000250,983,258,725
227000251,298,287,11
227000252,23,537,-514
227000253,111,30,81
227000262,358,83,275
227000266,1137,21,1116
227000267,80,3842,-3762
227000282,7,442,-435
227000284,447,52,395
227000286,2,154,-152
227000287,17,189,-172
227000291,20,1092,-1072
227000296,630,559,71
227000484,502,23,479
227000485,21,1411,-1390
227000655,115,51,64
227000656,768,54,714
227000657,48,49,-1
227000661,493,27,466
227000680,511,73,438
229000265,27,77,-50
229000296,2,85,-83
229000297,8,96,-88
229000298,21,345,-324
229000320,18,8,10
229000321,20,18,2
229000412,36,87,-51
229000414,10,89,-79
229000415,47,2,45
229000416,4,3,1
229000417,5,23,-18
229000419,179,562,-383
229000440,370,110,260
229000442,22,3,19
229000443,0,5,-5
229000444,4,41,-37
229000445,67,19,48
229000446,125,20,105
229000491,0,28,-28
229000492,23,174,-151
229000493,3,166,-163
229000494,42,5,37
229000495,127,11,116
229000496,66,11,55
229000507,0,95,-95
229000508,1,71,-70
229000509,1,91,-90
229000510,1,46,-45
229000511,5,99,-94
229000512,2,47,-45
229000513,0,13,-13
229000514,0,5,-5
229000517,2,16,-14
229000518,20,67,-47
229000519,2,33,-31
229000520,10,43,-33
229000521,31,36,-5
229000522,7,9,-2
229000523,19,10,9
229000524,4,9,-5
229000527,7,0,7
229000528,0,0,0
229000529,7,0,7
229000530,86,1,85
229000531,63,4,59
229000532,78,1,77
229000533,113,0,113
229000534,88,4,84
229000564,51,0,51
229000565,10,0,10
229000566,0,24,-24
229000567,1,58,-57
229000582,163,3,160
229000583,16,4,12
229000584,0,52,-52
229000585,2,107,-105
229000718,0,2,-2
229000719,0,0,0
229000720,0,4,-4
229000721,0,16,-16
229000722,0,22,-22
229000723,0,16,-16
229000724,0,2,-2
229000725,0,12,-12
229000738,1,0,1
229000739,2,0,2
229000740,1,0,1
229000741,12,1,11
229000742,7,0,7
229000743,20,0,20
229000744,4,0,4
229000745,4,0,4
229000746,25,1,24
229000847,51,0,51
229000848,16,0,16
229000849,143,5,138
229000851,42,0,42
229000854,0,66,-66
229000856,5,266,-261
229000857,0,57,-57
229000858,0,182,-182
229000919,31,119,-88
229000930,4,311,-307
229000937,88,23,65
229000966,80,28,52
229000981,22,69,-47
229000985,4,110,-106
229000986,3,14,-11
229000987,0,6,-6
229000988,23,5,18
229000989,41,29,12
229000990,0,4,-4
229000991,7,2,5
229000992,10,13,-3
229000993,292,21,271
229000998,7,110,-103
229000999,95,18,77
229001034,1,20,-19
229001035,10,1,9
229001037,88,15,73
229001042,7,37,-30
229001047,8,147,-139
229001050,59,112,-53
229001168,0,11,-11
229001200,13,3,10
229001338,10,30,-20
229001394,323,10,313
229001422,163,34,129
229001423,46,190,-144
229001431,63,60,3
229001432,51,123,-72
229001444,135,58,77
229001445,74,366,-292
229001479,11,7,4
229001503,198,157,41
229001504,126,310,-184
229001505,101,56,45
229001506,44,275,-231
229001509,42,58,-16
229001545,83,9,74
229001546,4,107,-103
229001553,77,26,51
229001554,31,140,-109
229001559,4,12,-8
229001560,2,27,-25
229001630,124,14,110
229001631,5,94,-89
229001635,0,18,-18
229001636,0,6,-6
229001658,1,160,-159
229001659,88,6,82
229001660,2,3,-1
229001661,1,38,-37
229001662,57,0,57
229001663,0,40,-40
229002584,249,324,-75
229002831,402,227,175
229002841,25,21,4
229002842,7,19,-12
229002843,133,27,106
229002844,194,61,133
229002845,21,63,-42
229002846,20,27,-7
229002847,43,20,23
229002848,10,27,-17
229002849,45,104,-59
229002850,11,1,10
229002851,120,139,-19
229002852,162,41,121
229002853,158,16,142
229002854,239,47,192
229002855,22,45,-23
229002856,74,39,35
229002857,8,52,-44
229002858,22,27,-5
229002859,133,38,95
229002860,153,24,129
229002861,77,34,43
229002862,53,114,-61
229002863,47,25,22
229002864,40,38,2
229002865,14,13,1
229002866,21,21,0
229002867,13,31,-18
229002868,30,11,19
229002869,52,225,-173
229002870,89,16,73
235000066,489,75,414
235000067,173,120,53
235000072,30,90,-60
235000073,79,493,-414
235000074,45,127,-82
235000080,65,113,-48
235000081,110,176,-66
235000082,142,144,-2
235000083,159,161,-2
235000084,74,95,-21
235000085,92,71,21
235000089,35,53,-18
235000092,12,198,-186
235000093,10,4,6
235000097,6,8,-2
235000098,44,16,28
235000099,62,42,20
235000116,70,48,22
235000117,1095,29,1066
235000133,17,445,-428
235000134,16,164,-148
235000206,12,9,3
235000207,0,5,-5
235000208,4,0,4
235000209,5,1,4
235000210,13,2,11
235000212,3,28,-25
235000213,3,8,-5
235000220,1,8,-7
235000221,181,34,147
235000238,38,93,-55
235000239,4,6,-2
235000242,392,571,-179
235000245,937,228,709
235000246,34,97,-63
235000284,10,132,-122
235000295,113,27,86
235000305,146,38,108
235000306,76,7,69
235000307,17,1,16
235000308,37,4,33
235000309,78,3,75
235000310,150,2,148
235000311,381,11,370
235000322,0,52,-52
235000323,0,64,-64
235000324,0,22,-22
235000325,0,14,-14
235000326,8,315,-307
235000351,3,80,-77
235000352,27,74,-47
235000353,3,43,-40
235000354,6,31,-25
235000355,15,101,-86
235000356,138,4,134
235000357,31,12,19
235000358,27,14,13
235000359,5,5,0
235000360,152,17,135
235000361,87,9,78
235000381,94,332,-238
235000382,92,83,9
235000390,18,3,15
235000391,126,31,95
235000392,111,278,-167
235000393,125,190,-65
235000395,108,37,71
235000396,429,101,328
235000400,296,25,271
235000401,215,199,16
235000405,138,316,-178
235000406,52,384,-332
235000407,107,165,-58
235000409,182,241,-59
235000410,63,343,-280
235000411,2,131,-129
235000485,0,13,-13
235000486,11,1,10
235000549,57,149,-92
235000550,63,264,-201
235000599,120,95,25
235000600,12,41,-29
235000601,43,43,0
235000602,82,170,-88
235000614,1,7,-6
235000648,0,27,-27
235000649,95,26,69
235000685,0,4,-4
235000815,3,33,-30
235000834,0,8,-8
235000855,41,95,-54
235000862,128,254,-126
235000891,0,10,-10
235000892,84,4,80
235000901,89,154,-65
235000907,9,16,-7
235001010,77,169,-92
235001029,778,627,151
235001030,436,326,110
235001078,110,116,-6
235001079,101,176,-75
235001147,1,91,-90
235001166,30,131,-101
235001167,27,84,-57
235001169,35,342,-307
235001188,2,13,-11
235001189,1,0,1
235001197,35,15,20
235001200,42,56,-14
235001207,142,18,124
235001210,64,154,-90
235001215,61,198,-137
235001239,2,89,-87
235001244,0,3,-3
235016267,0,32,-32
277101746,0,5,-5
277102712,8,1,7
277103813,0,0,0
277103814,0,0,0
277103898,0,3,-3
277104249,0,7,-7
277104250,0,16,-16
277104251,0,22,-22
277104252,0,15,-15
990011530,0,372,-372
990014944,4,738,-734
990015176,159,6,153
990015618,0,207,-207
990016032,0,735,-735
990032570,13,109,-96
990070001,80,1,79
990070103,0,1,-1
990070601,1,98,-97
990070751,561,4,557
990070766,0,885,-885
990071180,1017,299,718
990071343,36,5,31
990071387,7,20,-13
990071823,500,2,498
990072600,7,994,-987
990072964,3,742,-739
990073285,0,12,-12
990074393,7,1672,-1665
990074870,1178,38,1140
990075106,888,4,884
990075746,543,2,541
990076437,1227,5,1222
990076458,11,1606,-1595
997000007,290,17,273
997000041,1,194,-193
997000058,49,0,49
997000062,205,1,204
997000069,0,12,-12
997000070,0,129,-129
997000100,36,0,36
997000141,23,3290,-3267
997000198,156,1582,-1426
998000475,4,26,-22
998000736,2,375,-373
998000965,0,39,-39
998001031,0,61,-61
998001700,0,53,-53
998001899,0,1,-1
998001900,4,2,2
998003073,2378,77,2301
998101900,0,0,0
998102850,7,123,-116
998501927,863,653,210
998501929,139,2,137
998501930,86,0,86
998501931,159,15,144
998501932,9,3,6
998501933,103,0,103
998501937,9,0,9
998501944,10,1,9
998501950,0,0,0
998501970,52,3,49
998501971,0,101,-101
998501973,0,74,-74
998501974,0,403,-403
998501975,697,5,692
998501976,284,0,284
998501977,0,19,-19
998501978,31,1,30
998501979,0,14,-14
998501980,281,31,250
998501981,48,37,11
998501982,0,184,-184
998501983,0,0,0
998502006,0,1,-1
998502024,0,5,-5
998502032,0,5,-5
998502062,19,3,16
998502063,0,0,0
998502173,18,0,18
998502269,0,4,-4
998502546,4,309,-305
998601159,0,305,-305
998601292,0,16,-16
999033574,1,1342,-1341
999800001,33,1,32
999800002,0,3,-3
999800003,3,3,0
999800004,0,3,-3
999800005,0,10,-10
