ID,insum,outsum,diff
100000001,809,1041,-232
100000002,4645,1957,2688
100000003,8175,4626,3549
100000004,1685,1394,291
100000005,2735,5058,-2323
100000006,785,224,561
100000007,2576,999,1577
100000008,416,558,-142
100000009,1045,504,541
100000010,288,116,172
100000011,961,132,829
100000012,131,981,-850
100000013,1302,288,1014
100000014,901,418,483
100000015,2351,2581,-230
100000016,1198,1677,-479
100000017,997,1146,-149
100000018,1831,778,1053
100000019,4871,2363,2508
100000020,2834,7506,-4672
100000021,5916,3023,2893
100000022,2198,2622,-424
100000023,5944,2193,3751
100000025,2246,1438,808
100000028,2808,1405,1403
100000029,387,394,-7
100000030,410,115,295
100000031,5888,7353,-1465
100000032,3004,4254,-1250
100000033,1091,2894,-1803
100000034,618,589,29
100000035,2021,1808,213
100000036,2741,1430,1311
100000037,869,500,369
100000038,2411,1104,1307
100000039,837,254,583
100000040,175,140,35
100000041,1425,665,760
100000042,1384,584,800
100000043,1301,500,801
100000044,481,1021,-540
100000045,575,1325,-750
100000046,962,1074,-112
100000047,353,767,-414
100000048,739,671,68
100000049,2184,2552,-368
100000051,507,1273,-766
100000053,268,7,261
100000054,469,42,427
100000055,1212,352,860
100000056,621,549,72
100000057,2392,857,1535
100000058,1227,1820,-593
100000059,15,177,-162
100000060,390,356,34
100000061,2790,534,2256
100000062,2537,694,1843
100000063,928,273,655
100000064,1402,265,1137
100000065,629,1010,-381
100000066,195,724,-529
100000067,724,904,-180
100000068,676,2358,-1682
100000069,394,1748,-1354
100000072,405,1148,-743
100000073,1371,1354,17
100000075,725,318,407
100000076,3047,2828,219
100000077,498,216,282
100000078,44,52,-8
100000079,54,81,-27
100000080,55,68,-13
100000081,237,307,-70
100000102,3073,2312,761
100000103,4772,1928,2844
100000104,5379,3056,2323
100000105,3852,2083,1769
100000106,3475,2485,990
100000107,922,1087,-165
100000108,962,1234,-272
100000109,3728,1729,1999
100000116,1915,1374,541
100000117,125,152,-27
100000118,1974,1424,550
100000119,758,1108,-350
100000121,371,600,-229
100000122,1047,1123,-76
100000123,4925,5121,-196
100000124,8296,8048,248
100000125,4630,1937,2693
100000126,1057,488,569
100000127,1883,465,1418
100000128,2703,2554,149
100000129,576,557,19
100000130,540,671,-131
100000131,3651,3444,207
100000132,1817,3566,-1749
100000133,7964,3169,4795
100000135,856,1474,-618
100000139,509,325,184
100000140,478,384,94
100000142,589,633,-44
100000143,1179,586,593
100000144,3985,1186,2799
100000147,1420,3089,-1669
100000150,56,452,-396
100000151,1482,1155,327
100000153,378,482,-104
100000154,109,250,-141
100000155,36,69,-33
100000156,763,717,46
100000157,202,177,25
100000158,408,139,269
100000159,339,602,-263
100000165,1637,1032,605
100000169,508,582,-74
100000174,1144,635,509
100000179,129,675,-546
100000180,3893,1838,2055
100000181,545,263,282
100000188,85,260,-175
100000189,1195,406,789
100000190,1070,1107,-37
100000191,898,651,247
100000192,116,147,-31
100000193,427,210,217
100000330,1910,1101,809
100000355,312,690,-378
100000362,5917,4319,1598
100000363,4480,5192,-712
100000364,352,270,82
100000365,6486,7007,-521
100000366,6648,3817,2831
100000367,5862,6185,-323
100000368,4038,2175,1863
100000369,1813,1941,-128
100000370,361,816,-455
100000376,154,213,-59
100000379,3140,2014,1126
100000380,6296,4573,1723
100000384,7192,5951,1241
100000385,5732,5403,329
100000386,11127,5667,5460
100000387,7291,7115,176
100000388,9954,7910,2044
100000389,10005,7764,2241
100000390,12096,7743,4353
100000391,9259,9127,132
100000392,4917,4570,347
100000393,3913,5326,-1413
100000394,10205,9768,437
100000395,7094,4273,2821
100000396,10426,4729,5697
100000397,7139,7191,-52
100000398,13025,10276,2749
100900002,5,47,-42
100900003,517,212,305
100900004,33,1070,-1037
100900005,235,25,210
100900006,51,169,-118
100900007,687,23,664
100900008,4,413,-409
100900009,112,184,-72
100900010,155,139,16
100900011,140,215,-75
100900012,4,236,-232
100900013,1092,15,1077
100900014,1,22,-21
100900015,130,130,0
100900016,3,59,-56
100900017,1103,118,985
100900018,2,34,-32
100900019,49,208,-159
100900020,457,12,445
100900021,544,2,542
100900022,43,110,-67
100900023,0,76,-76
100900024,977,6,971
100900025,33,25,8
100900026,184,127,57
100900027,873,4030,-3157
100900028,192,327,-135
100900029,114,26,88
100900030,4,121,-117
100900031,827,101,726
100900032,257,0,257
100900033,417,260,157
100900034,609,2,607
100900035,704,0,704
100900036,24,3,21
100900037,160,206,-46
100900038,148,88,60
100900039,200,529,-329
100900040,449,875,-426
100900041,782,746,36
100900042,2272,1129,1143
100900043,0,32,-32
100900044,2674,679,1995
100900045,36,1,35
100900046,2386,28,2358
100900047,1247,586,661
100900048,274,69,205
100900049,216,213,3
100900050,7,25,-18
100900051,77,138,-61
100900052,698,75,623
100900053,414,26,388
100900054,27,102,-75
100900055,432,842,-410
100900056,250,326,-76
100900057,1278,1741,-463
100900058,328,114,214
100900059,160,5,155
100900060,219,17,202
100900061,404,276,128
100900062,8,56,-48
100900063,300,806,-506
100900064,947,46,901
100900065,126,141,-15
100900066,168,226,-58
100900067,7,13,-6
100900068,281,136,145
100900069,940,12,928
100900070,436,9,427
100900071,877,368,509
100900072,6,73,-67
100900073,164,454,-290
100900074,1,9,-8
100900075,2081,464,1617
100900076,44,62,-18
100900077,63,163,-100
100900078,139,385,-246
100900079,16,44,-28
100900080,55,237,-182
100900081,58,173,-115
100900082,166,553,-387
100900083,27,36,-9
100900085,51,351,-300
100900086,235,1152,-917
100900088,131,703,-572
100900089,3,30,-27
100900090,197,753,-556
100900091,3,40,-37
100900092,397,281,116
100900093,245,391,-146
100900094,170,596,-426
100900095,19,27,-8
100900096,62,160,-98
100900097,1,8,-7
100900098,28,30,-2
100900099,60,726,-666
100900100,31,709,-678
100900101,361,69,292
100900102,403,232,171
100900103,17,33,-16
100900104,12,224,-212
100900105,60,907,-847
100900106,57,8,49
100900107,2048,1052,996
100900108,7,94,-87
100900109,24,70,-46
100900110,13,54,-41
100900111,77,212,-135
100900112,9,14,-5
100900113,10,40,-30
100900114,15,30,-15
100900115,8,45,-37
100900116,1029,1088,-59
100900117,432,934,-502
100900118,25,49,-24
100900119,19,37,-18
100900120,6,18,-12
100900121,430,779,-349
100900122,227,296,-69
100900123,111,207,-96
100900124,13,13,0
100900125,25,119,-94
100900126,185,506,-321
100900127,7,17,-10
100900128,96,173,-77
100900129,0,158,-158
100900131,123,404,-281
100900133,63,86,-23
100900134,10,14,-4
100900135,0,204,-204
100900137,499,250,249
100900138,619,597,22
100900139,9,4,5
100900140,9,603,-594
100900141,10,514,-504
100900142,1,11,-10
100900143,1709,547,1162
100900144,73,10,63
100900145,259,249,10
100900146,12,69,-57
100900147,13,461,-448
100900148,31,669,-638
100900149,40,232,-192
100900150,9,68,-59
100900151,169,643,-474
100900152,190,8,182
100900153,2,222,-220
100900154,76,136,-60
100900155,25,31,-6
100900156,57,7,50
100900157,6,250,-244
100900158,719,294,425
100900159,10,53,-43
100900160,26,11,15
100900161,132,9,123
100900162,43,517,-474
100900163,303,334,-31
100900164,79,72,7
100900165,10,48,-38
100900166,28,9,19
100900167,27,104,-77
100900168,58,221,-163
100900169,206,1156,-950
100900170,43,16,27
100900171,24,637,-613
100900172,0,15,-15
100900173,12,414,-402
100900174,948,66,882
100900176,1976,329,1647
100900177,840,410,430
100900178,328,183,145
100900179,303,520,-217
100900180,28,4,24
100900181,155,116,39
100900182,72,40,32
100900184,23,244,-221
100900186,901,620,281
100900187,24,119,-95
100900188,43,18,25
100900189,1501,325,1176
100900191,1339,1226,113
100900192,405,472,-67
100900195,155,289,-134
100900197,26,115,-89
100900198,48,277,-229
100900199,13,32,-19
100900200,777,603,174
100900201,228,932,-704
100900202,47,0,47
100900203,0,106,-106
100900204,637,820,-183
100900205,217,578,-361
100900206,194,98,96
100900207,324,171,153
100900210,76,971,-895
100900211,619,327,292
100900213,148,66,82
100900214,925,144,781
100900215,21,60,-39
100900217,173,144,29
101000001,4782,3132,1650
101000002,6322,5870,452
101000003,651,1909,-1258
101000004,9819,7856,1963
101000005,4913,5615,-702
101000006,8538,7251,1287
101000007,3371,4407,-1036
101000008,4003,3291,712
101000009,2453,1601,852
101000010,1067,1455,-388
101000011,1932,909,1023
101000012,1807,1005,802
101000013,782,1291,-509
101000014,628,793,-165
101000015,1391,1110,281
101000016,553,558,-5
101000017,782,648,134
101000018,4332,3164,1168
101000020,3968,1422,2546
101000021,1117,519,598
101000022,326,105,221
101000023,1951,855,1096
101000025,336,456,-120
101000026,385,37,348
101000027,2442,2939,-497
101000028,922,232,690
101000029,532,2357,-1825
101000030,2489,188,2301
101000031,1611,1059,552
101000032,12449,5970,6479
101000033,3185,4049,-864
101000034,3244,2074,1170
101000035,1317,569,748
101000036,2629,1238,1391
101000037,4390,2460,1930
101000039,3226,2971,255
101000040,4732,3965,767
101000041,15048,9878,5170
101000042,900,1679,-779
101000043,10545,9370,1175
101000045,2459,1240,1219
101000046,5776,2173,3603
101000047,3495,4675,-1180
101000048,936,753,183
101000049,1037,2367,-1330
101000050,3315,3288,27
101000051,2923,3498,-575
101000052,1928,1309,619
101000053,1457,1820,-363
101000054,2223,1765,458
101000055,1898,1674,224
101000056,58,119,-61
101000057,3181,1399,1782
101000058,1691,1529,162
101000059,3492,2518,974
101000060,2219,796,1423
101000061,1262,1619,-357
101000062,1138,762,376
101000063,753,1089,-336
101000064,1510,1181,329
101000065,473,467,6
101000066,1202,948,254
101000067,1567,1132,435
101000068,457,536,-79
101000069,390,133,257
101000070,1714,1372,342
101000071,2451,1178,1273
101000072,1142,3899,-2757
101000073,1196,1124,72
101000074,9408,4812,4596
101000075,7545,6689,856
101000077,2490,1257,1233
101000078,2162,2606,-444
101000079,1154,501,653
101000080,1064,517,547
101000081,2175,1857,318
101000082,4186,3978,208
101000083,3006,2506,500
101000084,1851,1227,624
101000085,1960,1582,378
101000086,1346,1363,-17
101000087,1089,1180,-91
101000088,1406,1352,54
101000089,1266,1931,-665
101000090,2475,1597,878
101000091,519,1026,-507
101000092,919,1186,-267
101000093,1677,1120,557
101000094,1194,1324,-130
101000095,539,811,-272
101000096,399,709,-310
101000097,645,509,136
101000098,492,721,-229
101000099,1383,1227,156
101000100,1082,1023,59
101000101,400,554,-154
101000102,1205,536,669
101000103,1277,757,520
101000104,495,711,-216
101000105,569,363,206
101000106,984,866,118
101000107,321,383,-62
101000108,1211,456,755
101000109,461,92,369
101000110,54,683,-629
101000111,165,294,-129
101000113,316,817,-501
101000114,11550,7683,3867
101000115,333,118,215
101000116,253,136,117
101000117,1178,281,897
101000119,89,86,3
101000120,222,60,162
101000121,80,71,9
101000122,176,102,74
101000123,90,158,-68
101000124,970,325,645
101000125,291,632,-341
101000128,749,499,250
101000130,331,427,-96
101000131,801,735,66
101000132,766,1162,-396
101000135,58,44,14
101000136,762,242,520
101000137,51,399,-348
101000141,1993,3689,-1696
101000147,1066,584,482
101000148,1365,87,1278
101000149,209,226,-17
101000150,104,877,-773
101000151,274,68,206
101000152,408,521,-113
101000153,1028,470,558
101000154,273,1454,-1181
101000155,442,211,231
101000156,58,351,-293
101000157,74,44,30
101000160,139,107,32
101000163,350,391,-41
101000164,588,486,102
101000165,331,482,-151
101000166,388,492,-104
101000168,1077,495,582
101000252,2113,1149,964
101000254,683,98,585
101000258,63,9,54
101000261,239,42,197
101000262,1497,2168,-671
101000263,557,1659,-1102
101000265,116,1032,-916
101000266,471,457,14
101000269,54,6,48
101000290,1904,3076,-1172
101000293,19,87,-68
101000294,795,518,277
101000295,169,598,-429
101000301,1079,580,499
101000304,2369,2939,-570
101000305,3601,1797,1804
101900001,29,86,-57
101900002,0,20,-20
101900003,66,128,-62
101900004,9,83,-74
101900005,4626,2496,2130
101900006,1365,80,1285
101900007,1048,299,749
101900008,135,476,-341
101900009,87,536,-449
101900010,1153,799,354
101900011,410,1719,-1309
101900012,304,431,-127
101900013,1255,196,1059
101900017,33,201,-168
101900018,1270,346,924
101900019,316,139,177
101900020,500,279,221
101900021,4,72,-68
101900022,253,1204,-951
101900023,301,332,-31
102000001,2926,4927,-2001
102000002,3351,1378,1973
102000003,4603,8856,-4253
102000004,9433,3912,5521
102000005,1666,2065,-399
102000006,1477,2301,-824
102000007,1931,5035,-3104
102000008,4995,1961,3034
102000009,7138,9013,-1875
102000010,7523,4108,3415
102000011,3664,3229,435
102000012,4116,3579,537
102000018,3939,3250,689
102000019,2660,2005,655
102000026,301,721,-420
102000029,444,323,121
102000030,169,480,-311
102000031,98,165,-67
102000032,466,399,67
102000033,299,517,-218
102000034,616,518,98
102000035,1611,964,647
102000036,20,276,-256
102000037,255,67,188
102000038,213,412,-199
102000039,321,87,234
102000040,620,401,219
102000041,348,401,-53
102000042,440,393,47
102000043,723,324,399
102000044,376,494,-118
102000045,1347,1143,204
102000046,1341,773,568
102000047,1136,1318,-182
102000048,512,933,-421
102000049,1298,914,384
102000050,1463,1687,-224
102000051,544,722,-178
102000052,1664,1154,510
102000053,986,1155,-169
102000054,655,1067,-412
102000055,1279,737,542
102000056,997,1353,-356
102000057,1991,789,1202
102000058,1456,1939,-483
102000059,1787,1669,118
102000060,1416,1175,241
102000061,1736,2324,-588
102000062,1785,1338,447
102000063,1494,1713,-219
102000064,657,853,-196
102000065,48,146,-98
102000066,1001,1007,-6
102000067,2312,3451,-1139
102000068,9710,2954,6756
102000069,80,1647,-1567
102000070,1914,60,1854
102000071,7977,10068,-2091
102000072,4479,4706,-227
102000073,2101,1407,694
102000074,1232,1473,-241
102000075,195,389,-194
102000076,191,527,-336
102000077,796,945,-149
102000078,1318,970,348
102000079,201,337,-136
102000080,274,323,-49
102000081,458,814,-356
102000082,847,477,370
102000083,594,410,184
102000084,302,354,-52
102000085,1863,1162,701
102000086,1299,1552,-253
102000087,1193,2040,-847
102000088,537,478,59
102000089,1537,504,1033
102000090,955,1457,-502
102000091,1769,837,932
102000092,458,962,-504
102000093,763,763,0
102000094,1500,891,609
102000095,1740,1690,50
102000096,1198,1113,85
102000097,1327,1237,90
102000098,775,1090,-315
102000099,1153,1026,127
102000100,1143,1515,-372
102000101,1666,991,675
102000102,469,1654,-1185
102000103,1775,513,1262
102000104,875,371,504
102000105,322,673,-351
102000106,983,861,122
102000107,1349,682,667
102000108,1095,273,822
102000109,596,717,-121
102000110,1176,1516,-340
102000111,25,285,-260
102000112,313,142,171
102000113,11,45,-34
102000114,1013,475,538
102000115,303,369,-66
102000116,950,697,253
102000117,456,1308,-852
102000118,1956,1338,618
102000119,2070,1430,640
102000120,245,611,-366
102000121,1300,754,546
102000122,866,1134,-268
102000123,1653,1608,45
102000124,1927,1347,580
102000125,1273,1235,38
102000126,1148,898,250
102000127,1706,948,758
102000128,995,1273,-278
102000129,1789,1043,746
102000130,874,1111,-237
102000131,2866,1167,1699
102000132,1212,1529,-317
102000133,1987,2159,-172
102000134,957,923,34
102000135,969,1073,-104
102000136,1294,773,521
102000137,1461,1368,93
102000138,405,655,-250
102000139,217,508,-291
102000140,422,575,-153
102000141,591,819,-228
102000142,485,496,-11
102000143,198,461,-263
102000144,326,530,-204
102000145,642,657,-15
102000146,582,472,110
102000147,813,680,133
102000148,331,690,-359
102000149,236,636,-400
102000150,440,153,287
102000151,110,439,-329
102000152,240,187,53
102000153,1315,652,663
102000154,415,826,-411
102000155,137,400,-263
102000156,446,186,260
102000157,168,481,-313
102000158,430,443,-13
102000159,1413,576,837
102000161,4829,2938,1891
102000162,286,238,48
102000163,179,773,-594
102000164,1499,1414,85
102000165,349,224,125
102000166,87,210,-123
102000167,286,294,-8
102000168,447,183,264
102000169,173,495,-322
102000170,688,266,422
102000171,350,380,-30
102000172,461,501,-40
102000173,515,320,195
102000174,87,87,0
102000175,345,142,203
102000176,83,57,26
102000178,276,549,-273
102000179,377,294,83
102000180,1151,546,605
102000181,739,673,66
102000182,739,662,77
102000183,1908,2241,-333
102000184,2127,1139,988
102000185,2925,1697,1228
102000186,1481,2434,-953
102000187,1050,1862,-812
102000188,1266,1607,-341
102000189,2908,1068,1840
102000190,856,2991,-2135
102000191,1813,684,1129
102000192,1380,1601,-221
102000193,72,215,-143
102000194,112,144,-32
102000195,564,648,-84
102000196,225,485,-260
102000197,729,633,96
102000198,215,903,-688
102000199,1056,466,590
102000200,342,1364,-1022
102000201,1193,614,579
102000202,8,169,-161
102000203,385,344,41
102000204,497,803,-306
102000205,1262,562,700
102000206,858,1013,-155
102000207,1199,567,632
102000208,666,637,29
102000209,226,90,136
102000210,620,505,115
102000211,706,418,288
102000212,495,22,473
102000213,7,372,-365
102000214,360,11,349
102000215,10,528,-518
102000216,87,93,-6
102000217,13,159,-146
102000218,374,245,129
102000219,561,423,138
102000225,807,755,52
102000226,4744,1066,3678
102000227,217,1,216
102000228,1,144,-143
102000229,40,67,-27
102000230,327,516,-189
102000231,393,536,-143
102000232,56,184,-128
102000233,580,831,-251
102000234,129,1320,-1191
102000236,356,95,261
102000237,622,209,413
102000238,241,313,-72
102000240,837,763,74
102000241,265,168,97
102000243,40,100,-60
102000245,20,107,-87
102000246,19,40,-21
102000247,335,755,-420
102000248,264,496,-232
102000249,145,168,-23
102000250,79,447,-368
102000254,119,374,-255
102000266,123,419,-296
102000271,34,0,34
102000286,587,546,41
102000297,2443,1349,1094
102000299,0,0,0
102000300,0,0,0
102000301,0,0,0
102000303,0,0,0
102000305,0,0,0
102000306,0,0,0
102000307,0,1,-1
102000308,2,4,-2
102900001,2026,947,1079
102900002,576,80,496
102900003,80,252,-172
102900005,462,355,107
102900006,607,263,344
102900007,682,59,623
102900008,245,107,138
102900009,894,447,447
102900010,817,808,9
102900011,2134,470,1664
102900012,433,118,315
102900013,41,88,-47
102900015,998,706,292
102900016,87,160,-73
102900017,220,822,-602
102900018,39,133,-94
102900019,685,571,114
102900020,206,33,173
102900021,31,153,-122
102900022,663,203,460
102900023,81,61,20
102900024,37,85,-48
102900025,351,135,216
102900026,594,2281,-1687
102900027,111,79,32
102900028,246,875,-629
102900029,275,290,-15
102900030,649,404,245
102900031,234,234,0
102900032,105,111,-6
102900033,192,251,-59
102900034,618,149,469
102900035,165,386,-221
102900036,435,576,-141
102900037,623,685,-62
102900038,766,633,133
102900039,42,765,-723
102900040,236,353,-117
102900041,76,243,-167
102900042,221,334,-113
102900043,250,337,-87
102900044,1074,2141,-1067
102900045,166,616,-450
102900046,182,306,-124
102900047,105,667,-562
102900048,744,701,43
102900049,146,484,-338
102900050,355,380,-25
102900051,262,270,-8
102900052,69,71,-2
102900053,472,793,-321
102900054,1023,1575,-552
102900055,174,255,-81
102900056,148,487,-339
102900057,6,67,-61
102900058,408,112,296
102900059,23,93,-70
102900060,162,618,-456
102900061,228,563,-335
102900062,292,1213,-921
102900063,1291,574,717
102900064,216,567,-351
102900065,1607,732,875
102900066,370,53,317
102900068,202,100,102
102900070,319,628,-309
102900072,54,37,17
102900073,199,22,177
102900074,280,331,-51
102900075,17,76,-59
102900076,245,193,52
102900077,60,75,-15
102900078,61,112,-51
102900079,228,24,204
102900080,427,75,352
102900081,141,646,-505
102900082,25,271,-246
102900083,364,18,346
102900084,24,44,-20
102900085,573,203,370
102900086,16,102,-86
102900087,139,124,15
102900088,63,46,17
102900089,310,169,141
102900090,7,474,-467
102900091,257,13,244
102900092,423,702,-279
102900093,397,263,134
102900094,0,95,-95
102900095,183,7,176
102900096,41,11,30
102900097,466,836,-370
103000001,2664,2976,-312
103000002,2401,2708,-307
103000003,4111,3358,753
103000004,1069,990,79
103000005,1835,3057,-1222
103000006,768,1514,-746
103000007,477,925,-448
103000008,1182,909,273
103000009,1188,1281,-93
103000010,173,108,65
103000011,2088,1889,199
103000012,1698,1764,-66
103000013,5110,2569,2541
103000014,1739,2987,-1248
103000015,1923,873,1050
103000016,543,1499,-956
103000017,235,407,-172
103000018,764,542,222
103000019,313,312,1
103000020,2827,1666,1161
103000021,1947,1746,201
103000022,936,1241,-305
103000023,703,1662,-959
103000024,124,217,-93
103000025,149,657,-508
103000026,1516,186,1330
103000027,405,593,-188
103000028,496,520,-24
103000029,476,351,125
103000030,2103,1142,961
103000031,1786,1998,-212
103000032,2894,2345,549
103000033,3541,3161,380
103000034,1998,1642,356
103000035,599,1690,-1091
103000036,559,753,-194
103000037,796,649,147
103000038,709,1290,-581
103000039,515,474,41
103000040,515,1141,-626
103000041,2084,2835,-751
103000042,1465,608,857
103000043,899,1098,-199
103000044,265,186,79
103000046,366,575,-209
103000047,754,763,-9
103000048,212,284,-72
103000049,250,203,47
103000050,789,614,175
103000051,557,601,-44
103000052,981,471,510
103000053,210,706,-496
103000054,3094,1986,1108
103000055,2314,2843,-529
103000056,767,1869,-1102
103000057,703,337,366
103000058,795,1114,-319
103000059,579,1266,-687
103000060,1009,738,271
103000061,467,1185,-718
103000062,1233,650,583
103000063,982,1242,-260
103000064,159,252,-93
103000065,8,490,-482
103000066,227,18,209
103000069,681,463,218
103000070,1380,911,469
103000071,1290,704,586
103000072,149,974,-825
103000073,639,141,498
103000074,853,114,739
103000075,196,933,-737
103000076,435,402,33
103000077,48,458,-410
103000078,1069,700,369
103000079,1000,638,362
103000080,1541,465,1076
103000081,671,1288,-617
103000082,562,266,296
103000083,145,372,-227
103000084,163,13,150
103000085,7,153,-146
103000086,915,429,486
103000087,170,617,-447
103000088,343,394,-51
103000089,292,409,-117
103000090,2162,894,1268
103000091,808,431,377
103000092,297,343,-46
103000093,362,513,-151
103000094,224,132,92
103000095,70,494,-424
103000096,719,143,576
103000097,104,827,-723
103000098,1083,335,748
103000099,432,741,-309
103000100,154,840,-686
103000101,907,169,738
103000102,161,671,-510
103000103,657,246,411
103000104,88,103,-15
103000105,145,122,23
103000106,10,170,-160
103000107,274,103,171
103000108,703,666,37
103000109,392,413,-21
103000110,446,474,-28
103000111,603,579,24
103000112,386,237,149
103000113,1081,780,301
103000114,1437,608,829
103000115,547,475,72
103000116,620,479,141
103000117,421,538,-117
103000118,1101,914,187
103000119,1524,795,729
103000120,90,203,-113
103000121,564,783,-219
103000122,473,527,-54
103000125,29,335,-306
103000126,906,6,900
103000127,2,221,-219
103000128,258,7,251
103000129,2,134,-132
103000130,88,42,46
103000131,222,114,108
103000132,108,211,-103
103000133,25,137,-112
103000134,720,977,-257
103000135,910,403,507
103000136,890,585,305
103000137,645,770,-125
103000138,1191,886,305
103000139,14,86,-72
103000140,168,30,138
103000141,122,177,-55
103000142,212,121,91
103000143,102,206,-104
103000144,226,82,144
103000145,63,89,-26
103000150,84,52,32
103000152,227,301,-74
103000153,226,155,71
103000156,11,370,-359
103000157,493,2,491
103000159,184,76,108
103000162,124,28,96
103000163,25,35,-10
103000164,36,15,21
103000165,130,367,-237
103000166,175,290,-115
103000167,200,105,95
103000168,99,226,-127
103000169,279,467,-188
103000170,808,547,261
103000171,65,103,-38
103000172,636,369,267
103000173,662,834,-172
103000174,248,394,-146
103000175,323,457,-134
103000176,1075,739,336
103000177,836,685,151
103000178,535,360,175
103000179,322,67,255
103000183,160,31,129
103000185,108,87,21
103000186,144,171,-27
103000187,606,482,124
103000188,17,115,-98
103000189,1026,864,162
103000191,647,674,-27
103000292,2164,2085,79
103000293,1368,2573,-1205
103000295,111,105,6
103000296,297,9,288
103000297,96,74,22
103000504,129,25,104
103000505,14,35,-21
103000506,10,286,-276
103000507,272,13,259
103000508,72,108,-36
103000509,240,759,-519
103900001,4,283,-279
103900002,1600,189,1411
103900003,1912,179,1733
103900004,155,17,138
103900005,16,249,-233
103900006,1,4,-3
103900007,68,1,67
103900008,26,2,24
103900009,314,735,-421
103900010,157,661,-504
103900011,340,314,26
103900012,11,21,-10
103900013,122,134,-12
103900014,78,17,61
103900015,66,23,43
103900016,773,337,436
103900017,51,93,-42
103900018,1005,319,686
103900019,142,456,-314
103900020,237,621,-384
103900021,729,111,618
103900022,1360,969,391
103900023,165,2,163
103900024,133,593,-460
103900025,24,45,-21
103900026,157,0,157
103900027,907,378,529
103900028,29,420,-391
103900029,1363,203,1160
103900030,337,136,201
103900031,47,9,38
103900032,114,70,44
103900033,128,26,102
103900034,34,183,-149
103900035,79,40,39
103900036,78,71,7
103900037,96,62,34
103900038,143,220,-77
103900039,73,461,-388
103900040,25,242,-217
103900041,66,79,-13
103900042,70,440,-370
103900043,187,109,78
103900044,153,250,-97
103900045,575,242,333
103900047,90,41,49
103900048,253,30,223
103900049,302,1583,-1281
103900050,15,136,-121
103900051,0,34,-34
103900052,304,495,-191
103900053,152,783,-631
103900054,132,527,-395
103900055,488,326,162
103900056,120,95,25
103900057,34,205,-171
103900058,244,705,-461
103900059,1,38,-37
103900060,71,231,-160
103900061,179,46,133
103900062,282,112,170
103900063,20,0,20
103900064,98,8,90
103900065,1217,502,715
103900066,155,30,125
103900067,224,18,206
103900068,22,1,21
103900069,94,40,54
103900070,185,247,-62
103900071,23,157,-134
103900072,18,249,-231
103900073,44,51,-7
103900074,95,80,15
103900075,345,138,207
103900076,495,666,-171
103900077,65,108,-43
103900078,599,158,441
103900079,277,250,27
103900080,9,49,-40
103900081,130,30,100
103900082,36,152,-116
103900083,1739,1047,692
103900084,101,224,-123
103900085,116,160,-44
103900086,776,585,191
103900087,30,92,-62
103900088,562,753,-191
103900089,84,177,-93
103900090,12,199,-187
103900091,1328,366,962
103900092,908,637,271
103900093,113,386,-273
103900094,21,171,-150
103900095,443,315,128
103900096,30,262,-232
103900097,22,643,-621
103900098,337,181,156
103900099,96,211,-115
103900100,204,443,-239
103900101,85,1183,-1098
103900102,4,49,-45
103900104,4,43,-39
103900105,170,354,-184
103900106,1,51,-50
103900107,112,261,-149
103900108,51,471,-420
103900109,116,122,-6
103900110,249,73,176
103900111,102,679,-577
103900112,153,190,-37
103900113,184,314,-130
103900114,404,480,-76
103900115,388,356,32
103900116,7306,3333,3973
103900117,228,138,90
103900119,24,95,-71
103900120,91,141,-50
103900122,125,387,-262
103900123,2048,1050,998
103900124,78,510,-432
103900125,108,103,5
103900126,605,513,92
103900127,278,634,-356
103900128,577,203,374
103900131,43,152,-109
103900133,1081,83,998
103900134,0,5,-5
103900135,6,9,-3
103900137,2,49,-47
103900138,149,412,-263
103900139,272,2171,-1899
103900140,19,133,-114
103900141,435,107,328
103900142,153,180,-27
103900143,84,2,82
103900144,0,73,-73
103900145,203,304,-101
103900146,395,316,79
103900147,379,181,198
103900148,257,666,-409
103900149,482,814,-332
103900150,7628,4389,3239
103900151,63,223,-160
103900152,697,762,-65
103900153,3,0,3
103900154,1420,2049,-629
103900155,64,290,-226
103900156,57,226,-169
103900157,70,273,-203
103900158,127,291,-164
103900159,160,116,44
103900160,127,47,80
103900161,149,247,-98
103900162,92,304,-212
103900163,29,469,-440
103900164,26,7,19
103900167,31,172,-141
103900168,134,162,-28
103900169,81,68,13
103900170,2,134,-132
103900171,2,90,-88
103900172,12,32,-20
103900173,10,29,-19
103900174,241,107,134
103900175,79,69,10
103900176,14,39,-25
103900177,6,91,-85
103900178,61,74,-13
103900179,66,144,-78
103900180,35,139,-104
103900181,83,64,19
103900182,68,32,36
103900184,524,119,405
103900185,197,388,-191
103900187,43,83,-40
103900188,65,15,50
103900189,107,15,92
103900190,83,72,11
103900191,53,86,-33
103900192,40,155,-115
103900193,215,360,-145
103900194,86,329,-243
103900195,27,104,-77
103900196,92,55,37
103900197,23,49,-26
103900198,28,85,-57
103900199,147,63,84
103900200,239,212,27
103900201,254,326,-72
103900202,32,90,-58
103900203,54,29,25
103900204,1,125,-124
103900207,1,152,-151
103900208,137,0,137
103900209,9,138,-129
103900210,52,52,0
103900211,630,537,93
103900212,144,547,-403
103900213,131,284,-153
103900214,282,234,48
103900215,603,435,168
103900216,12,434,-422
103900217,460,64,396
103900218,5,284,-279
103900219,129,314,-185
103900233,138,3,135
103900235,31,26,5
103900236,14,0,14
103900242,10,15,-5
103900243,12,2,10
103900244,161,255,-94
103900245,99,224,-125
103900246,64,30,34
103900247,38,138,-100
103900248,12,50,-38
103900249,37,83,-46
103900250,56,33,23
103900251,5,35,-30
103900253,31,94,-63
103900254,1,15,-14
103900255,15,21,-6
103900256,11,35,-24
103900257,65,98,-33
103900258,87,4,83
103900259,79,14,65
103900261,14,9,5
103900262,22,4,18
103900263,35,48,-13
103900264,91,59,32
103900265,80,21,59
103900266,3,139,-136
103900267,20,85,-65
103900268,12,95,-83
103900269,186,183,3
103900270,93,216,-123
104000001,2174,2335,-161
104000002,1792,2368,-576
104000003,2493,2649,-156
104000004,3081,2976,105
104000005,1383,2411,-1028
104000006,2978,3047,-69
104000007,4130,4205,-75
104000008,278,383,-105
104000009,226,132,94
104000010,153,250,-97
104000011,442,400,42
104000012,193,465,-272
104000013,234,214,20
104000014,277,800,-523
104000015,332,141,191
104000016,642,498,144
104000018,899,173,726
104000019,704,235,469
104000020,232,783,-551
104000021,277,741,-464
104000022,131,292,-161
104000023,876,365,511
104000024,234,425,-191
104000026,58,508,-450
104000027,278,410,-132
104000028,331,262,69
104000029,365,505,-140
104000030,273,205,68
104000031,1362,437,925
104000032,227,299,-72
104000033,638,662,-24
104000034,340,365,-25
104000035,883,539,344
104000036,767,675,92
104000037,343,272,71
104000038,408,260,148
104000039,236,304,-68
104000040,400,453,-53
104000041,699,393,306
104000042,237,388,-151
104000043,284,404,-120
104000044,305,713,-408
104000045,983,1259,-276
104000046,1314,1910,-596
104000047,1005,1681,-676
104000048,1353,2020,-667
104000049,922,310,612
104000050,233,715,-482
104000051,117,652,-535
104000052,1750,1771,-21
104000053,1605,572,1033
104000054,934,557,377
104000055,4946,3336,1610
104000056,1637,263,1374
104000057,140,558,-418
104000058,811,694,117
104000059,541,1120,-579
104000060,1166,1294,-128
104000061,1486,1325,161
104000062,458,172,286
104000064,423,326,97
104000065,430,869,-439
104000069,998,1172,-174
104000070,98,661,-563
104000071,154,584,-430
104000072,674,232,442
104000075,171,433,-262
104000076,570,225,345
104000082,2727,3527,-800
104000083,1062,272,790
104000084,175,692,-517
104000085,367,353,14
104000086,276,573,-297
104000087,581,2294,-1713
104000090,862,1416,-554
104000092,1290,2604,-1314
104000094,1110,1999,-889
104000095,1629,1438,191
104000096,1614,363,1251
104000097,1618,1019,599
104000098,2262,1295,967
104000100,1838,777,1061
104000101,1231,1884,-653
104000106,72,688,-616
104000107,747,564,183
104000108,344,630,-286
104000109,407,108,299
104000110,863,1259,-396
104000111,4979,2826,2153
104000112,2872,667,2205
104000116,5,1225,-1220
104000117,160,735,-575
104000118,627,233,394
104000119,819,321,498
104000120,361,822,-461
104000121,301,868,-567
104000122,724,857,-133
104000123,1039,1287,-248
104000124,1233,2721,-1488
104000125,4257,4591,-334
104000126,572,594,-22
104000127,1575,3374,-1799
104000128,785,543,242
104000129,416,44,372
104000130,9,319,-310
104000131,687,467,220
104000132,548,710,-162
104000133,1378,974,404
104000134,1101,1912,-811
104000135,532,2127,-1595
104000136,1092,4584,-3492
104000137,1950,498,1452
104000138,988,347,641
104000139,8001,3747,4254
104000141,1165,1514,-349
104000142,609,977,-368
104000143,527,661,-134
104000144,110,233,-123
104000145,422,220,202
104000146,306,652,-346
104000147,172,426,-254
104000148,419,167,252
104000149,193,351,-158
104000150,1104,572,532
104000151,426,603,-177
104000152,758,731,27
104000153,807,621,186
104000154,1295,782,513
104000155,564,513,51
104000157,1189,1989,-800
104000158,510,427,83
104000159,951,573,378
104000160,1938,2050,-112
104000161,250,255,-5
104000162,66,156,-90
104000165,1125,1302,-177
104000167,761,915,-154
104000168,627,5,622
104000169,104,32,72
104000170,698,608,90
104000248,328,811,-483
104000251,65,306,-241
104000272,0,0,0
104000273,0,0,0
104000274,0,0,0
104000275,0,0,0
104000279,833,559,274
104000290,152,312,-160
104000291,666,1184,-518
104000293,810,892,-82
104000294,44,0,44
104000295,557,820,-263
104000296,371,885,-514
104000297,776,1931,-1155
104000298,2973,1010,1963
104000299,786,1475,-689
104900001,189,600,-411
104900002,88,163,-75
104900003,78,418,-340
104900004,133,443,-310
104900005,247,270,-23
104900006,407,117,290
104900007,281,339,-58
104900009,145,412,-267
104900010,105,81,24
104900011,85,24,61
104900012,302,29,273
104900013,193,13,180
104900014,3436,407,3029
104900015,97,18,79
104900016,323,277,46
104900017,169,300,-131
104900018,17,233,-216
104900019,465,2688,-2223
104900020,158,332,-174
104900021,3,242,-239
104900022,19,159,-140
104900023,3,88,-85
104900024,42,115,-73
104900025,78,348,-270
104900026,7,131,-124
104900027,540,357,183
104900028,43,108,-65
104900029,103,117,-14
104900030,541,275,266
104900031,115,276,-161
104900032,51,152,-101
104900033,233,364,-131
104900034,394,189,205
104900035,346,223,123
104900036,254,96,158
104900037,220,279,-59
104900038,672,959,-287
104900039,1033,442,591
104900040,435,152,283
104900041,320,238,82
104900042,196,289,-93
104900043,33,179,-146
104900044,669,288,381
104900045,478,64,414
104900046,285,225,60
104900047,348,140,208
104900048,361,119,242
104900049,49,64,-15
104900050,477,162,315
104900051,377,57,320
104900052,92,9,83
104900053,564,172,392
104900054,199,48,151
104900055,120,2,118
104900056,258,28,230
104900057,59,1,58
104900058,1446,877,569
104900059,170,105,65
104900060,5,668,-663
104900061,340,715,-375
104900063,6,176,-170
104900064,1,96,-95
104900065,1,246,-245
104900066,7,278,-271
104900067,8,373,-365
104900068,31,287,-256
104900070,247,374,-127
104900071,3,621,-618
104900072,105,362,-257
104900073,139,300,-161
104900074,148,309,-161
104900075,113,87,26
104900076,174,507,-333
104900077,1482,402,1080
104900078,332,737,-405
104900079,195,569,-374
104900080,115,635,-520
104900082,22,512,-490
104900085,7,206,-199
104900087,454,7,447
104900089,259,4,255
104900090,1237,688,549
104900091,2027,873,1154
104900093,303,672,-369
104900097,2935,2195,740
104900098,210,55,155
104900099,356,813,-457
104900100,634,397,237
104900102,66,237,-171
104900103,539,106,433
104900104,3646,2554,1092
104900106,120,152,-32
104900107,350,293,57
104900108,120,331,-211
104900109,104,340,-236
104900110,14,74,-60
104900111,279,202,77
104900112,346,943,-597
104900113,726,434,292
104900114,347,644,-297
104900115,824,604,220
104900116,271,268,3
104900118,51,109,-58
104900119,14,57,-43
104900120,34,218,-184
104900121,2,120,-118
104900122,9,95,-86
104900123,58,11,47
104900124,48,0,48
104900125,515,10,505
104900126,62,105,-43
104900127,39,95,-56
104900128,114,132,-18
104900129,2090,1912,178
105000001,2731,1531,1200
105000002,2600,1760,840
105000003,3645,3991,-346
105000004,607,935,-328
105000005,873,1083,-210
105000006,1631,1812,-181
105000007,1455,1379,76
105000008,1906,2979,-1073
105000009,2352,3163,-811
105000010,3203,2452,751
105000011,3596,2790,806
105000012,4265,3663,602
105000013,1075,1109,-34
105000014,2371,2810,-439
105000015,11539,14742,-3203
105000016,3444,2769,675
105000017,2068,1197,871
105000018,1544,1596,-52
105000019,1693,884,809
105000020,255,421,-166
105000021,325,125,200
105000022,327,101,226
105000023,738,574,164
105000028,95,121,-26
105000029,762,1446,-684
105000030,4574,3088,1486
105000033,1020,2142,-1122
105000034,197,1045,-848
105000037,831,417,414
105000038,2398,1804,594
105000039,3321,2260,1061
105000040,1140,1282,-142
105000041,1323,1699,-376
105000042,4896,1860,3036
105000043,2281,2595,-314
105000044,678,526,152
105000045,435,1145,-710
105000046,1143,390,753
105000047,549,1835,-1286
105000048,706,193,513
105000049,262,620,-358
105000050,665,399,266
105000051,160,528,-368
105000052,810,941,-131
105000053,133,192,-59
105000054,498,981,-483
105000055,794,379,415
105000056,1977,2412,-435
105000057,1573,1102,471
105000058,1465,1428,37
105000059,867,651,216
105000060,450,690,-240
105000061,729,621,108
105000062,694,970,-276
105000063,348,593,-245
105000064,1473,973,500
105000065,377,688,-311
105000066,1448,2040,-592
105000067,1682,954,728
105000068,612,1067,-455
105000069,2317,1708,609
105000070,825,1014,-189
105000071,297,935,-638
105000072,696,1939,-1243
105000073,893,635,258
105000074,1689,1016,673
105000075,600,1053,-453
105000076,1463,1277,186
105000077,2825,1292,1533
105000078,1888,1573,315
105000079,1710,3295,-1585
105000080,2353,1791,562
105000081,3783,1511,2272
105000082,1320,1802,-482
105000083,4915,3918,997
105000084,799,1059,-260
105000085,1940,2018,-78
105000086,570,1079,-509
105000087,1583,2042,-459
105000088,1655,1584,71
105000089,3468,2551,917
105000090,1263,902,361
105000091,1452,1847,-395
105000092,849,1072,-223
105000093,384,287,97
105000094,333,282,51
105000095,111,460,-349
105000096,1448,1103,345
105000097,1352,842,510
105000098,1008,886,122
105000099,1108,833,275
105000100,1453,1155,298
105000101,2471,2263,208
105000102,2254,1498,756
105000103,1748,2553,-805
105000104,2875,1128,1747
105000105,1702,2245,-543
105000106,2140,2209,-69
105000107,1616,1377,239
105000108,1806,1945,-139
105000109,1984,2228,-244
105000110,919,785,134
105000111,763,897,-134
105000112,1425,977,448
105000113,443,848,-405
105000114,3249,1271,1978
105000115,325,1237,-912
105000116,787,640,147
105000117,980,1259,-279
105000118,703,649,54
105000119,1031,1208,-177
105000120,1111,843,268
105000121,1073,1305,-232
105000122,516,664,-148
105000123,1386,1644,-258
105000124,1937,835,1102
105000125,932,2190,-1258
105000126,2103,1969,134
105000127,2731,2399,332
105000128,687,1221,-534
105000129,957,438,519
105000130,442,2524,-2082
105000131,827,398,429
105000132,804,635,169
105000133,536,1000,-464
105000134,750,738,12
105000135,510,583,-73
105000136,96,228,-132
105000137,323,422,-99
105000138,85,258,-173
105000139,1222,1218,4
105000140,300,616,-316
105000141,376,683,-307
105000142,198,556,-358
105000143,411,722,-311
105000144,337,865,-528
105000145,753,510,243
105000146,530,1016,-486
105000147,673,390,283
105000148,1538,701,837
105000149,2717,2449,268
105000150,2477,2002,475
105000151,507,478,29
105000152,194,547,-353
105000153,561,878,-317
105000154,747,624,123
105000155,373,1155,-782
105000156,1103,783,320
105000157,1071,2039,-968
105000158,2207,931,1276
105000159,271,1186,-915
105000160,1784,751,1033
105000161,806,1220,-414
105000162,670,1795,-1125
105000163,1218,1137,81
105000164,307,365,-58
105000165,1345,4939,-3594
105000166,6042,978,5064
105000167,2370,1611,759
105000168,414,712,-298
105000169,484,565,-81
105000170,265,1473,-1208
105000171,1200,285,915
105000172,179,108,71
105000173,194,285,-91
105000174,75,137,-62
105000175,122,172,-50
105000176,365,144,221
105000177,281,171,110
105000178,173,652,-479
105000179,512,247,265
105000180,130,132,-2
105000181,139,353,-214
105000182,77,63,14
105000183,2553,1932,621
105000184,1757,1183,574
105000185,1939,1033,906
105000186,962,758,204
105000187,1098,274,824
105000188,725,215,510
105000189,455,543,-88
105000190,370,490,-120
105000191,429,417,12
105000192,435,65,370
105000193,113,184,-71
105000194,313,174,139
105000195,510,1036,-526
105000196,97,268,-171
105000197,345,771,-426
105000198,662,472,190
105000199,289,615,-326
105000200,182,337,-155
105000201,127,39,88
105000203,26,182,-156
105000204,100,99,1
105000205,142,218,-76
105000207,654,436,218
105000208,362,601,-239
105000209,251,563,-312
105000212,1320,1523,-203
105000213,225,288,-63
105000214,263,369,-106
105000215,299,222,77
105000216,155,636,-481
105000217,160,550,-390
105000218,1317,1155,162
105000221,204,220,-16
105000222,923,130,793
105000223,366,182,184
105000226,130,332,-202
105000227,126,184,-58
105000228,458,2164,-1706
105000229,184,546,-362
105000231,374,311,63
105000233,981,712,269
105000234,1145,1384,-239
105000235,446,657,-211
105000237,762,100,662
105000243,35,243,-208
105000248,79,106,-27
105000262,365,1459,-1094
105000269,145,277,-132
105000270,472,73,399
105000271,2,246,-244
105000282,76,91,-15
105000287,416,130,286
105000288,1017,428,589
105000289,3131,2177,954
105000290,42,6,36
105000402,4486,4432,54
105000426,602,791,-189
105000438,4087,1873,2214
105000446,14006,6757,7249
105000447,8367,3915,4452
105000454,492,810,-318
105000455,355,223,132
105000474,58,1,57
105000477,481,638,-157
105000478,2022,4651,-2629
105000479,179,188,-9
105000480,9015,6500,2515
105000481,4970,3496,1474
105000482,6797,8253,-1456
105000483,1749,1922,-173
105000484,2631,3347,-716
105000485,1817,2941,-1124
105000486,4191,2804,1387
105000488,10082,6128,3954
105000489,963,879,84
105000549,148,145,3
105000550,701,1731,-1030
105000551,39,163,-124
105000552,2688,1923,765
105900001,26,1655,-1629
105900002,1679,720,959
105900003,10,122,-112
105900004,363,176,187
105900005,20,270,-250
105900006,22,149,-127
105900007,207,42,165
105900008,95,663,-568
105900009,37,16,21
105900011,405,76,329
105900012,1009,180,829
105900013,2,53,-51
105900014,25,108,-83
105900015,190,366,-176
105900016,535,695,-160
105900017,1412,69,1343
105900018,202,209,-7
105900019,92,780,-688
105900020,53,66,-13
105900021,37,403,-366
105900022,471,275,196
105900023,19,147,-128
105900024,46,232,-186
105900025,298,74,224
105900026,277,26,251
105900027,10244,11962,-1718
105900028,999,374,625
105900029,1728,451,1277
105900030,231,316,-85
105900031,446,230,216
105900032,102,202,-100
105900033,113,159,-46
105900034,385,275,110
105900035,253,273,-20
105900036,103,150,-47
105900037,77,92,-15
105900038,207,281,-74
105900039,176,128,48
105900040,74,131,-57
105900041,170,245,-75
105900042,81,184,-103
105900043,1504,93,1411
105900044,9,243,-234
105900045,7,878,-871
105900046,5,314,-309
105900047,20,81,-61
105900048,91,640,-549
105900050,9722,4417,5305
105900051,60,1281,-1221
105900052,849,515,334
105900053,3786,3053,733
105900054,404,331,73
105900056,983,494,489
105900057,119,178,-59
105900058,21,21,0
105900059,1,42,-41
106000001,5191,2963,2228
106000002,3110,5883,-2773
106000003,2932,3782,-850
106000004,1947,2703,-756
106000005,3390,6777,-3387
106000006,6656,4517,2139
106000007,584,633,-49
106000008,467,294,173
106000009,630,416,214
106000010,613,630,-17
106000011,1099,1210,-111
106000012,1002,1444,-442
106000013,2012,2504,-492
106000014,2008,1806,202
106000015,1851,1517,334
106000016,1369,2394,-1025
106000017,614,873,-259
106000018,598,514,84
106000019,457,536,-79
106000020,339,419,-80
106000021,318,553,-235
106000022,281,220,61
106000023,672,463,209
106000024,825,600,225
106000025,158,224,-66
106000026,135,273,-138
106000027,1380,1503,-123
106000028,639,556,83
106000029,991,1458,-467
106000030,729,614,115
106000034,296,633,-337
106000035,1109,2264,-1155
106000036,283,457,-174
106000037,2148,1785,363
106000038,607,161,446
106000039,180,99,81
106000040,175,881,-706
106000041,807,673,134
106000043,670,250,420
106000046,467,104,363
106000047,48,498,-450
106000049,819,321,498
106000050,367,833,-466
106000051,718,545,173
106000052,106,733,-627
106000053,358,167,191
106000054,427,582,-155
106000055,1191,1305,-114
106000056,300,433,-133
106000057,319,389,-70
106000058,148,223,-75
106000059,353,371,-18
106000060,411,572,-161
106000061,219,548,-329
106000062,224,643,-419
106000063,644,594,50
106000064,46,403,-357
106000065,414,365,49
106000066,117,385,-268
106000067,646,124,522
106000068,57,671,-614
106000069,224,87,137
106000070,572,883,-311
106000071,1075,396,679
106000072,3033,1669,1364
106000073,1798,3247,-1449
106000074,660,732,-72
106000075,381,1591,-1210
106000076,1995,2507,-512
106000077,3966,1571,2395
106000078,1178,1175,3
106000079,717,1070,-353
106000080,1450,838,612
106000081,722,1238,-516
106000082,2626,1008,1618
106000083,501,1785,-1284
106000084,1388,823,565
106000085,1608,1843,-235
106000086,750,1105,-355
106000087,1133,654,479
106000088,438,937,-499
106000089,1047,440,607
106000090,350,781,-431
106000091,288,623,-335
106000092,738,312,426
106000093,305,201,104
106000094,111,259,-148
106000095,834,907,-73
106000096,927,822,105
106000097,1183,1047,136
106000098,813,1144,-331
106000099,224,772,-548
106000100,1079,356,723
106000101,983,269,714
106000102,156,580,-424
106000103,417,574,-157
106000104,723,499,224
106000105,555,739,-184
106000106,700,540,160
106000107,141,330,-189
106000108,251,365,-114
106000109,214,256,-42
106000110,236,360,-124
106000111,209,419,-210
106000112,203,550,-347
106000113,732,549,183
106000114,501,630,-129
106000115,239,489,-250
106000116,234,202,32
106000117,1147,805,342
106000118,1397,1469,-72
106000119,1673,1208,465
106000120,964,1185,-221
106000121,189,181,8
106000122,129,302,-173
106000123,443,191,252
106000124,75,284,-209
106000125,17,375,-358
106000126,302,134,168
106000127,784,921,-137
106000128,739,257,482
106000129,412,701,-289
106000130,739,338,401
106000131,149,789,-640
106000132,556,218,338
106000133,2120,1204,916
106000134,639,1495,-856
106000135,255,695,-440
106000136,767,935,-168
106000137,68,859,-791
106000138,1120,106,1014
106000139,54,124,-70
106000140,59,44,15
106000141,127,76,51
106000142,53,79,-26
106000143,66,80,-14
106000144,19,74,-55
106000145,279,255,24
106000146,324,183,141
106000147,434,532,-98
106000148,593,908,-315
106000149,497,455,42
106000150,575,1941,-1366
106000151,3809,861,2948
106000152,1572,2141,-569
106000153,68,1404,-1336
106000154,1439,217,1222
106000155,96,214,-118
106000156,926,457,469
106000157,825,1864,-1039
106000158,2380,1172,1208
106000159,3248,1848,1400
106000160,443,2743,-2300
106000161,1884,449,1435
106000162,250,1061,-811
106000163,599,428,171
106000164,338,421,-83
106000165,324,568,-244
106000166,696,400,296
106000167,470,988,-518
106000168,499,353,146
106000169,305,661,-356
106000170,865,352,513
106000171,447,1312,-865
106000172,3461,1813,1648
106000173,1576,3223,-1647
106000174,1278,494,784
106000175,438,1058,-620
106000176,1671,904,767
106000177,897,2620,-1723
106000178,3758,2244,1514
106000179,1481,2650,-1169
106000180,1060,1530,-470
106000181,851,2063,-1212
106000182,1375,1010,365
106000183,1450,803,647
106000184,2831,1021,1810
106000185,1447,1544,-97
106000186,995,337,658
106000187,333,1232,-899
106000188,1,11,-10
106000189,17,61,-44
106000190,32,4,28
106000191,658,286,372
106000192,3,41,-38
106000193,624,304,320
106000194,233,592,-359
106000195,1379,348,1031
106000196,330,910,-580
106000197,903,398,505
106000198,239,335,-96
106000199,1578,1040,538
106000200,313,312,1
106000201,483,2615,-2132
106000202,4518,778,3740
106000203,94,204,-110
106000204,59,10,49
106000205,26,152,-126
106000206,100,19,81
106000207,54,941,-887
106000208,1384,213,1171
106000209,1657,523,1134
106000210,508,1120,-612
106000211,400,1270,-870
106000212,887,487,400
106000213,919,2149,-1230
106000214,2995,977,2018
106000215,345,471,-126
106000216,358,381,-23
106000217,279,390,-111
106000218,480,460,20
106000219,147,285,-138
106000220,425,274,151
106000221,184,314,-130
106000222,71,143,-72
106000223,195,203,-8
106000224,195,261,-66
106000225,69,138,-69
106000226,178,268,-90
106000228,66,82,-16
106000229,80,781,-701
106000231,998,169,829
106000232,168,401,-233
106000233,937,91,846
106000234,458,265,193
106000235,1625,125,1500
106000236,596,111,485
106000237,20,20,0
106000238,272,38,234
106000239,3,170,-167
106000240,50,9,41
106000241,46,789,-743
106000242,235,35,200
106000249,64,75,-11
106000250,149,640,-491
106000251,145,35,110
106000252,34,123,-89
106000253,47,121,-74
106000254,64,42,22
106000255,18,239,-221
106000256,67,63,4
106000257,219,390,-171
106000258,592,15,577
106000259,19,82,-63
106000260,35,5,30
106000261,12,57,-45
106000262,155,16,139
106000263,17,91,-74
106000264,212,12,200
106000265,24,175,-151
106000266,150,65,85
106000267,1,105,-104
106000268,584,86,498
106000269,81,63,18
106000270,179,617,-438
106000271,88,279,-191
106000272,435,84,351
106000273,9,321,-312
106000274,208,56,152
106000275,162,333,-171
106000276,238,41,197
106000277,149,328,-179
106000278,209,48,161
106000279,23,67,-44
106000280,104,88,16
106000281,94,87,7
106000282,45,69,-24
106000283,149,76,73
106000284,66,133,-67
106000285,181,91,90
106000286,91,171,-80
106000287,165,127,38
106000288,105,207,-102
106000289,103,54,49
106000290,61,142,-81
106000291,162,119,43
106000292,80,148,-68
106000293,188,125,63
106000294,143,175,-32
106000295,56,73,-17
106000296,55,115,-60
106000297,86,272,-186
106000298,186,75,111
106000299,77,171,-94
106000300,66,75,-9
106000301,96,128,-32
106000303,54,128,-74
106000304,41,41,0
106000305,79,78,1
106000306,47,75,-28
106000307,50,34,16
106000308,48,157,-109
106000309,36,94,-58
106000310,331,558,-227
106000311,463,261,202
106000312,117,191,-74
106000313,180,295,-115
106000318,135,570,-435
106000319,1101,289,812
106000320,6,94,-88
106000321,552,154,398
106000322,162,207,-45
106000324,14,162,-148
106000325,1686,1162,524
106000326,1036,2035,-999
106000327,146,158,-12
106000328,82,171,-89
106000329,216,332,-116
106000330,163,86,77
106000428,136,142,-6
106000429,143,414,-271
106000430,375,1289,-914
106000431,2432,445,1987
106000432,1988,2957,-969
106000433,2405,1503,902
106000434,3294,1780,1514
106000435,1765,3036,-1271
106000436,23,267,-244
106000437,354,53,301
106000438,597,158,439
106000439,113,542,-429
106000440,295,423,-128
106000441,2,0,2
106000442,126,10,116
106000443,144,393,-249
106000450,7,155,-148
106000451,16,59,-43
106000454,1,331,-330
106000455,23,283,-260
106000456,120,77,43
106000457,9,1101,-1092
106000458,812,167,645
106000459,169,489,-320
106000460,1592,52,1540
106000461,88,1583,-1495
106000462,1,32,-31
106000463,6,29,-23
106000464,15,515,-500
106000465,713,4,709
106000466,5,693,-688
106000467,511,693,-182
106000468,111,222,-111
106000469,254,0,254
106000470,382,1891,-1509
106000471,30,675,-645
106000472,241,29,212
106000473,53,21,32
106000474,300,554,-254
106000475,295,206,89
106000476,168,243,-75
106000477,19,38,-19
106900001,0,28,-28
106900002,4,525,-521
106900003,354,870,-516
106900004,2,42,-40
106900006,0,14,-14
106900007,0,21,-21
106900008,312,349,-37
106900009,308,405,-97
106900010,240,351,-111
106900012,2134,2176,-42
106900013,725,201,524
106900014,27,10,17
106900015,23,1,22
106900016,326,16,310
106900017,12,1,11
106900018,4,1,3
106900019,70,4,66
106900020,2423,1483,940
106900021,122,93,29
106900022,724,7,717
106900023,67,342,-275
106900024,591,52,539
106900025,63,646,-583
106900026,4,638,-634
106900027,746,10,736
107000001,4794,4493,301
107000002,4235,5823,-1588
107000003,6405,7524,-1119
107000004,6023,6293,-270
107000005,4535,6022,-1487
107000006,5864,5896,-32
107000007,5943,11406,-5463
107000008,14030,10848,3182
107000009,7938,7829,109
107000010,12047,12347,-300
107000011,1367,1588,-221
107000012,5043,3996,1047
107000013,57,102,-45
107000014,45,239,-194
107000015,432,883,-451
107000016,733,956,-223
107000017,4105,1517,2588
107000018,24,1132,-1108
107000020,2003,1371,632
107000021,1860,589,1271
107000022,1122,1715,-593
107000023,2689,250,2439
107000024,652,1671,-1019
107000025,207,500,-293
107000026,403,568,-165
107000027,1531,1358,173
107000028,1525,1875,-350
107000029,3510,3206,304
107000030,3720,3923,-203
107000031,4543,3207,1336
107000032,664,1371,-707
107000033,3449,5389,-1940
107000034,3921,1988,1933
107000035,397,273,124
107000036,518,1400,-882
107000037,113,918,-805
107000038,281,375,-94
107000039,1047,950,97
107000040,186,507,-321
107000041,2242,1167,1075
107000042,826,2427,-1601
107000043,3063,1312,1751
107000044,621,523,98
107000045,116,347,-231
107000046,979,503,476
107000047,549,1095,-546
107000048,845,357,488
107000049,657,864,-207
107000050,1281,587,694
107000051,511,486,25
107000052,1322,1177,145
107000053,486,280,206
107000054,105,349,-244
107000055,171,104,67
107000056,384,804,-420
107000057,1274,295,979
107000058,2471,2945,-474
107000059,2556,3872,-1316
107000060,4556,6235,-1679
107000061,6310,4379,1931
107000062,4369,3522,847
107000063,4728,6070,-1342
107000064,4649,2684,1965
107000065,5972,5610,362
107000066,2355,3066,-711
107000067,1350,1340,10
107000068,1778,836,942
107000069,923,492,431
107000070,1293,4,1289
107000071,3403,71,3332
107000072,75,3333,-3258
107000073,922,345,577
107000074,217,1173,-956
107000075,1888,645,1243
107000076,994,1862,-868
107000077,3873,1702,2171
107000078,3304,4111,-807
107000079,3132,1356,1776
107000080,1610,3729,-2119
107000081,1896,743,1153
107000082,714,2490,-1776
107000083,1700,550,1150
107000084,510,2514,-2004
107000085,3330,4060,-730
107000086,4143,3981,162
107000087,3297,2571,726
107000088,4000,4110,-110
107000089,1683,1984,-301
107000090,1359,1310,49
107000091,1584,1139,445
107000092,1066,1291,-225
107000093,1359,961,398
107000094,1290,1347,-57
107000095,910,774,136
107000096,746,1117,-371
107000097,987,316,671
107000098,854,509,345
107000099,609,324,285
107000100,382,343,39
107000101,98,199,-101
107000102,265,327,-62
107000103,264,225,39
107000104,214,273,-59
107000105,361,180,181
107000106,259,295,-36
107000107,631,231,400
107000108,188,662,-474
107000109,690,170,520
107000110,66,443,-377
107000111,352,70,282
107000112,44,334,-290
107000113,601,164,437
107000114,126,610,-484
107000115,609,146,463
107000116,150,865,-715
107000117,143,615,-472
107000118,150,232,-82
107000119,1743,1662,81
107000120,1429,470,959
107000121,1000,845,155
107000122,1376,1145,231
107000123,448,786,-338
107000124,630,1022,-392
107000125,933,757,176
107000126,1006,932,74
107000127,94,387,-293
107000129,391,332,59
107000130,640,380,260
107000131,542,504,38
107000132,713,439,274
107000133,1187,117,1070
107000134,406,5,401
107000135,5,412,-407
107000136,922,17,905
107000137,19,543,-524
107000138,540,30,510
107000139,31,604,-573
107000140,2351,161,2190
107000141,188,945,-757
107000142,677,137,540
107000143,76,846,-770
107000144,873,564,309
107000145,228,685,-457
107000146,272,490,-218
107000147,3249,1095,2154
107000150,1057,3330,-2273
107000151,60,220,-160
107000152,546,1380,-834
107000153,232,609,-377
107000154,357,337,20
107000155,981,41,940
107000156,1415,25,1390
107000157,62,1815,-1753
107000158,668,12,656
107000159,33,1107,-1074
107000160,1145,193,952
107000161,116,2015,-1899
107000162,383,565,-182
107000163,212,1,211
107000164,702,5,697
107000165,1154,25,1129
107000166,89,1414,-1325
107000167,814,342,472
107000168,1067,551,516
107000169,849,1052,-203
107000170,2550,1278,1272
107000171,1116,2510,-1394
107000172,1175,1566,-391
107000173,783,1242,-459
107000174,1307,5443,-4136
107000175,8639,2232,6407
107000176,1,0,1
107000177,7,3,4
107000178,26,54,-28
107000179,420,2590,-2170
107000180,1427,757,670
107000181,534,1381,-847
107000182,2073,1280,793
107000183,170,1022,-852
107000184,1074,904,170
107000185,614,1834,-1220
107000186,1421,663,758
107000187,1854,1702,152
107000188,867,800,67
107000189,546,1417,-871
107000190,869,932,-63
107000191,872,1253,-381
107000192,2009,1053,956
107000193,500,665,-165
107000194,960,917,43
107000197,1218,378,840
107000198,419,912,-493
107000199,813,816,-3
107000200,720,854,-134
107000201,543,380,163
107000202,374,642,-268
107000203,1799,1065,734
107000204,1837,1301,536
107000205,2778,1251,1527
107000206,1285,1705,-420
107000207,862,1214,-352
107000208,1288,656,632
107000209,2959,1551,1408
107000210,1089,503,586
107000211,8,71,-63
107000212,30,363,-333
107000213,6,32,-26
107000214,40,183,-143
107000215,559,493,66
107000216,578,386,192
107000217,377,182,195
107000219,146,210,-64
107000220,364,269,95
107000222,318,1016,-698
107000224,638,89,549
107000225,775,594,181
107000226,468,102,366
107000227,162,350,-188
107000228,106,254,-148
107000229,154,175,-21
107000230,1287,531,756
107000231,2287,2066,221
107000232,171,103,68
107000233,2212,1204,1008
107000234,7,75,-68
107000235,85,6,79
107000236,25,608,-583
107000237,60,3,57
107000238,43,2,41
107000239,3733,637,3096
107000240,181,1321,-1140
107000241,123,24,99
107000242,372,45,327
107000243,1,55,-54
107000244,8,105,-97
107000246,3,1060,-1057
107000249,3,1229,-1226
107000251,4,392,-388
107000252,4,1412,-1408
107000255,628,181,447
107000257,3,406,-403
107000258,1,108,-107
107000259,8,237,-229
107000260,652,17,635
107000262,11,636,-625
107000263,292,30,262
107000266,5,17,-12
107000267,138,239,-101
107000268,167,206,-39
107000269,968,61,907
107000270,7,30,-23
107000271,13,707,-694
107000272,31,159,-128
107000273,2,231,-229
107000274,1670,330,1340
107000275,105,1025,-920
107000280,896,37,859
107000281,54,1071,-1017
107000282,43,930,-887
107000290,7,36,-29
107000291,22,25,-3
107000292,4,84,-80
107000293,237,7,230
107000294,1,34,-33
107000295,207,6,201
107000296,2,17,-15
107000444,231,8,223
107000496,2,15,-13
107000497,1863,2915,-1052
107000500,349,414,-65
107000501,209,187,22
107000502,198,379,-181
107000505,455,913,-458
107000506,3,72,-69
107000508,5,785,-780
107000509,287,1133,-846
107000510,72,32,40
107000514,51,377,-326
107000515,20,248,-228
107000516,353,338,15
107000518,1080,1473,-393
107000519,2207,1206,1001
107000520,77,40,37
107900001,88,194,-106
107900002,92,7,85
107900003,250,22,228
107900004,147,4,143
107900005,1559,8,1551
107900006,203,2,201
107900007,427,60,367
107900008,247,53,194
107900009,188,6,182
107900010,49,4,45
107900012,290,33,257
107900013,306,47,259
107900014,62,17,45
107900015,1162,30,1132
107900016,392,137,255
107900017,42,5,37
107900018,96,198,-102
107900019,37,57,-20
107900020,113,8,105
107900021,97,177,-80
107900023,4,2,2
107900024,0,39,-39
107900025,215,329,-114
107900026,62,106,-44
107900027,58,98,-40
107900028,90,107,-17
107900030,151,34,117
107900031,90,153,-63
107900032,26,8,18
107900033,25,6,19
107900034,480,34,446
107900035,991,84,907
107900036,71,25,46
107900037,0,49,-49
107900038,150,340,-190
107900039,30,54,-24
107900040,101,388,-287
107900041,13,2,11
107900043,31,172,-141
107900044,65,37,28
107900045,158,67,91
107900046,196,268,-72
107900047,50,64,-14
107900048,161,11,150
107900049,424,1916,-1492
107900050,252,424,-172
107900051,101,65,36
107900052,40,62,-22
107900053,32,128,-96
107900055,1049,524,525
107900056,197,72,125
107900057,3,0,3
107900058,52,674,-622
107900060,137,56,81
107900061,24,8,16
107900063,81,149,-68
107900064,390,197,193
107900065,216,30,186
107900066,42,7,35
107900067,8,0,8
107900068,198,506,-308
107900069,48,1845,-1797
107900070,131,54,77
107900071,34,1039,-1005
107900072,106,262,-156
107900073,327,111,216
107900074,1029,384,645
107900076,136,81,55
107900077,112,3,109
107900078,218,113,105
107900079,16,48,-32
107900080,401,661,-260
107900081,54,117,-63
107900082,26,38,-12
107900083,440,201,239
107900084,121,189,-68
107900086,105,219,-114
107900087,752,217,535
107900088,36,9,27
107900089,319,1238,-919
107900090,730,2867,-2137
107900091,344,535,-191
107900092,2310,600,1710
107900093,199,127,72
107900095,3956,2746,1210
107900097,38,87,-49
107900098,67,222,-155
107900100,1357,1484,-127
107900101,1311,346,965
107900102,63,14,49
107900103,57,255,-198
107900104,370,19,351
107900105,1,470,-469
107900106,5,1349,-1344
107900107,1517,593,924
107900108,339,205,134
107900109,1303,17,1286
107900110,65,176,-111
107900111,21,849,-828
107900112,128,397,-269
107900113,291,153,138
107900114,198,232,-34
107900115,3,57,-54
107900116,212,244,-32
107900117,487,458,29
107900118,97,241,-144
107900119,87,455,-368
107900120,40,22,18
107900121,4,218,-214
107900122,2,119,-117
107900123,6,35,-29
107900124,22,42,-20
107900125,36,238,-202
107900126,11,73,-62
107900127,537,419,118
107900128,109,106,3
107900129,67,54,13
107900130,115,58,57
107900131,1019,388,631
107900132,149,538,-389
107900133,1,98,-97
107900134,43,89,-46
107900135,13,199,-186
107900136,47,53,-6
107900137,197,124,73
107900138,92,111,-19
107900139,38,135,-97
107900140,123,81,42
107900141,55,52,3
107900142,131,1091,-960
107900143,213,40,173
107900144,6,112,-106
107900145,18,157,-139
107900146,87,167,-80
107900147,92,82,10
107900148,182,164,18
107900149,1189,335,854
107900150,95,826,-731
107900151,15,104,-89
107900152,22,291,-269
107900153,179,340,-161
107900154,41,43,-2
107900155,88,81,7
107900156,11,385,-374
107900157,70,62,8
107900158,995,48,947
107900159,45,1145,-1100
107900160,141,201,-60
107900161,33,231,-198
107900162,2,170,-168
107900163,99,207,-108
107900164,6,71,-65
107900165,50,148,-98
107900166,22,246,-224
107900167,29,67,-38
107900168,31,59,-28
107900169,1,192,-191
107900171,13,1489,-1476
107900172,0,371,-371
107900173,25,202,-177
107900174,117,5,112
107900175,82,46,36
107900176,34,59,-25
107900177,3,231,-228
107900178,0,172,-172
107900179,29,187,-158
107900180,856,567,289
107900181,801,333,468
107900182,4,1228,-1224
107900183,55,332,-277
107900184,151,348,-197
107900185,131,10,121
107900186,32,83,-51
107900187,2,155,-153
107900188,808,203,605
107900189,35,170,-135
107900190,99,142,-43
107900191,75,126,-51
107900193,18,49,-31
107900194,267,12,255
107900195,2912,512,2400
107900196,85,143,-58
107900197,1257,514,743
107900199,4,1088,-1084
107900201,116,96,20
107900203,67,90,-23
107900204,241,332,-91
107900205,281,449,-168
107900206,1292,307,985
107900207,1,525,-524
107900208,23,698,-675
107900209,531,207,324
107900210,111,155,-44
107900213,1215,809,406
107900214,37,158,-121
107900215,190,385,-195
107900216,225,101,124
107900217,48,124,-76
107900218,15,1424,-1409
107900219,51,169,-118
107900220,348,348,0
107900221,283,279,4
107900223,102,835,-733
107900224,197,423,-226
107900225,15,621,-606
107900226,128,191,-63
107900227,145,585,-440
107900228,20,146,-126
107900229,6,332,-326
107900230,8,109,-101
107900231,18,276,-258
107900232,65,161,-96
107900233,8,226,-218
107900234,116,161,-45
107900235,61,119,-58
107900236,109,114,-5
107900237,79,452,-373
107900238,40,130,-90
107900239,1073,588,485
107900240,37,110,-73
107900241,22,120,-98
107900242,21,271,-250
107900243,18,67,-49
107900244,401,1,400
107900245,659,66,593
107900246,674,26,648
107900248,684,614,70
107900249,696,49,647
107900250,2,555,-553
107900251,85,1462,-1377
107900252,1100,48,1052
107900253,167,8,159
107900254,105,560,-455
107900255,410,152,258
107900256,2347,1144,1203
107900257,317,211,106
107900258,181,211,-30
107900259,157,2226,-2069
107900261,23,611,-588
107900262,140,147,-7
107900264,318,9,309
107900265,418,165,253
107900267,177,16,161
107900268,48,12,36
107900269,0,20,-20
107900270,1,0,1
107900271,7,31,-24
107900272,165,33,132
107900273,53,130,-77
107900274,88,1,87
107900275,48,0,48
107900276,3,119,-116
107900277,1,213,-212
107900278,289,444,-155
107900279,131,178,-47
107900280,2359,2942,-583
107900281,2169,2925,-756
107900282,71,596,-525
107900283,1261,679,582
107900284,768,735,33
107900285,101,135,-34
107900286,205,129,76
107900287,251,234,17
107900290,0,134,-134
107900291,694,17,677
107900292,164,287,-123
107900293,75,472,-397
107900295,41,66,-25
107900297,5,428,-423
107900298,871,934,-63
107900299,3269,2417,852
107900300,66,294,-228
107900301,1507,748,759
107900302,171,54,117
107900303,359,312,47
107900304,336,695,-359
107900305,321,11,310
107900306,25,37,-12
107900307,80,265,-185
107900308,177,178,-1
107900309,96,2,94
107900310,568,15,553
107900311,9,326,-317
107900312,81,0,81
107900313,2,141,-139
107900314,0,51,-51
107900315,2,91,-89
107900316,58,0,58
107900317,162,18,144
107900318,27,173,-146
107900319,6,255,-249
107900320,2,188,-186
107900321,141,2,139
107900322,14,163,-149
107900323,28,204,-176
107900324,149,1,148
107900325,86,0,86
107900326,544,226,318
107900327,9,100,-91
107900328,159,1,158
107900329,128,159,-31
107900330,4,314,-310
107900331,183,33,150
107900332,237,49,188
107900333,48,22,26
107900334,31,175,-144
107900335,141,34,107
107900336,162,76,86
107900337,1199,895,304
107900338,0,174,-174
107900339,3,46,-43
107900340,3,54,-51
107900341,75,0,75
107900342,111,145,-34
107900343,83,5,78
107900344,8,144,-136
107900345,144,28,116
107900346,51,2,49
107900347,24,2,22
107900348,38,3,35
107900349,29,14,15
107900350,31,304,-273
108000001,3324,4087,-763
108000002,2421,3259,-838
108000003,4034,3685,349
108000004,14432,17868,-3436
108000005,8777,7103,1674
108000006,9835,8973,862
108000007,5382,4703,679
108000008,5149,7293,-2144
108000009,4264,4895,-631
108000010,3771,5335,-1564
108000011,13784,13466,318
108000012,20288,18684,1604
108000014,1086,713,373
108000015,812,342,470
108000016,282,711,-429
108000017,1188,466,722
108000018,2527,795,1732
108000019,2760,1011,1749
108000020,1642,658,984
108000021,457,1960,-1503
108000022,595,1512,-917
108000023,1373,350,1023
108000024,333,738,-405
108000025,328,308,20
108000026,678,518,160
108000027,851,598,253
108000028,641,305,336
108000029,691,718,-27
108000030,803,281,522
108000031,314,765,-451
108000032,1715,943,772
108000033,936,1367,-431
108000034,1816,694,1122
108000035,973,2680,-1707
108000036,466,1138,-672
108000037,1654,690,964
108000038,2721,829,1892
108000039,600,2202,-1602
108000040,2152,1170,982
108000041,779,2863,-2084
108000042,308,330,-22
108000043,252,304,-52
108000044,537,233,304
108000045,325,659,-334
108000046,1540,446,1094
108000047,588,1211,-623
108000048,320,445,-125
108000049,1437,355,1082
108000050,121,473,-352
108000051,360,118,242
108000052,267,748,-481
108000053,562,272,290
108000054,643,1243,-600
108000055,1541,755,786
108000056,1199,1383,-184
108000057,697,1354,-657
108000058,2146,4297,-2151
108000059,3751,2518,1233
108000060,144,436,-292
108000061,180,345,-165
108000062,895,610,285
108000063,593,662,-69
108000064,222,261,-39
108000065,577,669,-92
108000066,1707,1002,705
108000067,1928,745,1183
108000068,798,471,327
108000069,235,1153,-918
108000070,1996,989,1007
108000071,694,1851,-1157
108000072,1767,1501,266
108000073,1530,2080,-550
108000074,641,482,159
108000075,439,1059,-620
108000076,920,725,195
108000077,895,858,37
108000078,2589,1871,718
108000079,944,1841,-897
108000080,1395,668,727
108000081,770,1796,-1026
108000082,1109,2232,-1123
108000083,2129,1275,854
108000084,587,1379,-792
108000085,840,595,245
108000086,978,988,-10
108000087,239,2221,-1982
108000088,153,27,126
108000089,456,567,-111
108000090,556,242,314
108000091,410,568,-158
108000092,140,98,42
108000093,191,640,-449
108000094,525,132,393
108000095,148,403,-255
108000096,288,184,104
108000097,175,481,-306
108000098,1624,1696,-72
108000099,291,64,227
108000100,52,178,-126
108000101,2025,1577,448
108000102,1921,3479,-1558
108000106,1235,2,1233
108000107,1,1022,-1021
108000108,926,81,845
108000109,14,753,-739
108000110,190,341,-151
108000111,246,710,-464
108000112,61,148,-87
108000113,526,347,179
108000115,370,392,-22
108000117,745,415,330
108000118,85,289,-204
108000119,751,437,314
108000120,170,825,-655
108000121,255,527,-272
108000122,695,387,308
108000123,1696,285,1411
108000124,713,686,27
108000125,363,344,19
108000126,161,487,-326
108000127,593,561,32
108000128,776,688,88
108000129,557,1219,-662
108000130,793,337,456
108000131,986,847,139
108000132,2433,1767,666
108000133,1001,691,310
108000134,603,653,-50
108000135,1272,565,707
108000136,575,1163,-588
108000137,490,488,2
108000138,439,1137,-698
108000139,559,342,217
108000140,168,38,130
108000141,53,91,-38
108000142,79,104,-25
108000143,71,26,45
108000144,61,31,30
108000145,42,14,28
108000146,90,32,58
108000147,67,64,3
108000148,112,30,82
108000149,35,12,23
108000150,39,4,35
108000151,72,16,56
108000152,122,585,-463
108000153,569,213,356
108000154,60,16,44
108000155,33,32,1
108000156,351,121,230
108000157,231,1003,-772
108000158,135,1064,-929
108000159,583,305,278
108000160,3344,1420,1924
108000161,3445,3084,361
108000165,8,259,-251
108000172,3,317,-314
108000173,2271,2267,4
108000175,297,130,167
108000178,430,394,36
108000179,205,900,-695
108000181,67,40,27
108000182,132,30,102
108000183,72,32,40
108000184,1271,2339,-1068
108000185,286,697,-411
108000186,254,85,169
108000187,173,690,-517
108000188,733,310,423
108000189,751,1675,-924
108000190,64,138,-74
108000192,220,661,-441
108000193,898,47,851
108000194,74,8,66
108000195,1,1072,-1071
108000196,720,230,490
108000198,521,378,143
108000199,0,206,-206
108000200,524,597,-73
108000202,1,249,-248
108000203,144,820,-676
108000204,241,131,110
108000205,436,592,-156
108000339,1817,458,1359
108000364,157,387,-230
108000365,82,358,-276
108000367,190,477,-287
108000368,7,85,-78
108000369,1318,323,995
108000371,1,758,-757
108000372,739,6,733
108000373,222,182,40
108000376,99,47,52
108000377,482,356,126
108000378,10395,11530,-1135
108000379,41,252,-211
108000381,69,31,38
108000382,160,2,158
108000383,1,139,-138
108900001,126,1142,-1016
108900002,203,75,128
108900003,379,806,-427
108900004,277,481,-204
108900005,115,395,-280
108900006,739,211,528
108900007,333,329,4
108900008,164,197,-33
108900009,72,146,-74
108900010,278,201,77
108900011,541,505,36
108900012,392,521,-129
108900013,178,320,-142
108900014,11,126,-115
108900015,1,82,-81
108900016,3,323,-320
108900017,602,612,-10
108900018,200,531,-331
108900019,76,1102,-1026
108900020,47,279,-232
108900021,140,277,-137
108900022,150,10,140
108900023,9,61,-52
108900024,47,208,-161
108900025,97,188,-91
108900026,55,104,-49
108900027,1,106,-105
108900028,95,313,-218
108900029,100,286,-186
108900030,0,110,-110
108900031,132,371,-239
108900032,40,290,-250
108900033,0,91,-91
108900034,2,277,-275
108900035,433,1468,-1035
108900036,237,325,-88
108900037,87,409,-322
108900038,2,352,-350
108900039,3,475,-472
108900040,17,144,-127
108900041,6130,3676,2454
108900042,15,393,-378
108900043,90,578,-488
108900044,11,528,-517
108900045,74,560,-486
108900046,81,884,-803
108900047,1,66,-65
108900048,135,930,-795
108900049,3666,1692,1974
108900050,1,251,-250
108900051,2,200,-198
108900052,40,297,-257
108900053,143,210,-67
108900054,79,281,-202
108900055,100,426,-326
108900056,0,182,-182
108900057,2,189,-187
108900058,35,421,-386
108900059,447,48,399
108900060,160,143,17
108900061,129,41,88
108900062,9,294,-285
108900063,17,335,-318
108900064,254,102,152
108900065,9,254,-245
108900066,393,174,219
108900067,48,204,-156
108900068,0,97,-97
108900069,60,95,-35
108900070,51,182,-131
108900071,82,90,-8
108900072,2583,1041,1542
108900073,21,74,-53
108900074,305,465,-160
108900075,87,60,27
108900076,380,99,281
108900077,123,144,-21
108900078,14,178,-164
108900079,1055,294,761
108900080,78,870,-792
108900081,63,285,-222
108900082,80,163,-83
108900083,41,271,-230
108900084,457,182,275
108900085,2431,320,2111
108900086,114,277,-163
108900087,119,235,-116
108900088,1122,518,604
108900089,32,199,-167
108900090,54,297,-243
108900091,132,149,-17
108900092,563,495,68
108900093,155,122,33
108900094,218,99,119
108900095,68,352,-284
108900096,432,48,384
108900097,238,271,-33
108900098,2750,930,1820
108900099,418,310,108
108900100,133,213,-80
108900101,298,160,138
108900102,182,1183,-1001
108900103,130,144,-14
108900104,181,486,-305
108900105,9,1036,-1027
108900106,481,388,93
108900108,547,78,469
108900109,36,36,0
108900110,260,511,-251
108900111,520,614,-94
108900112,322,42,280
108900113,44,76,-32
108900114,1,5,-4
108900115,95,97,-2
108900116,122,25,97
108900117,180,46,134
108900118,552,17,535
108900119,313,49,264
108900120,136,184,-48
108900121,326,190,136
108900122,123,37,86
108900123,124,202,-78
108900124,495,245,250
108900125,464,6,458
108900126,118,58,60
108900127,167,38,129
108900128,118,56,62
108900129,788,273,515
108900130,398,1,397
108900131,506,16,490
108900132,781,281,500
108900133,232,63,169
108900134,293,265,28
108900135,126,18,108
108900136,62,3,59
108900137,209,7,202
108900138,801,82,719
108900139,681,233,448
108900140,246,293,-47
108900141,314,18,296
108900142,176,11,165
108900143,61,0,61
108900144,137,2,135
108900145,205,9,196
108900146,68,0,68
108900147,224,2,222
108900148,140,76,64
108900149,734,451,283
108900150,339,8,331
108900151,321,21,300
108900152,224,70,154
108900153,202,435,-233
108900154,5283,675,4608
108900155,287,141,146
108900156,72,12,60
108900157,41,513,-472
108900158,573,70,503
108900159,4,267,-263
108900160,35,338,-303
108900161,19,536,-517
108900162,104,1,103
108900163,13,285,-272
108900164,45,115,-70
108900165,272,106,166
108900167,2164,6175,-4011
108900168,8362,3018,5344
108900169,80,146,-66
108900171,9169,3545,5624
108900172,250,64,186
108900173,265,463,-198
108900174,605,654,-49
108900176,156,510,-354
108900177,6009,5441,568
108900178,4629,3797,832
108900179,727,1877,-1150
108900180,141,298,-157
108900182,53,304,-251
108900183,267,347,-80
108900184,480,329,151
108900185,268,504,-236
108900186,115,441,-326
108900187,357,78,279
108900188,552,108,444
108900189,641,249,392
108900190,76,2904,-2828
108900191,274,47,227
108900192,127,236,-109
108900193,465,108,357
108900194,63,435,-372
108900195,129,312,-183
108900196,34,481,-447
108900198,6,512,-506
108900199,314,472,-158
108900200,892,412,480
108900201,607,1658,-1051
108900203,543,98,445
108900204,393,19,374
108900205,189,34,155
108900206,685,86,599
108900207,204,81,123
108900208,16,330,-314
108900209,241,677,-436
108900210,277,267,10
108900211,223,570,-347
108900212,814,1621,-807
108900215,84,458,-374
108900216,541,182,359
108900217,204,6,198
108900218,211,18,193
108900219,100,10,90
108900220,81,50,31
108900221,49,153,-104
108900222,307,26,281
108900223,10,188,-178
108900224,53,287,-234
108900225,1,251,-250
108900226,335,30,305
108900227,129,414,-285
108900230,298,322,-24
108900231,44,218,-174
108900232,4,295,-291
108900233,545,173,372
108900234,385,263,122
108900235,232,707,-475
108900236,108,419,-311
108900237,145,234,-89
108900240,237,131,106
108900241,68,76,-8
108900245,20,1420,-1400
108900249,140,82,58
108900250,279,182,97
108900257,233,609,-376
108900258,14,243,-229
108900259,257,84,173
108900260,7,129,-122
108900261,107,173,-66
108900262,168,190,-22
108900263,57,211,-154
108900264,661,339,322
108900265,1209,456,753
108900266,1033,662,371
108900267,4,109,-105
108900268,26,20,6
108900269,112,39,73
108900270,112,12,100
108900271,56,16,40
108900272,227,14,213
108900273,1075,922,153
108900274,32,62,-30
109000001,2939,1301,1638
109000002,1465,1541,-76
109000003,2742,482,2260
109000004,484,2220,-1736
109000005,2448,701,1747
109000006,726,2090,-1364
109000007,1653,717,936
109000008,539,1919,-1380
109000009,4155,1429,2726
109000010,1626,3954,-2328
109000011,3459,2466,993
109000012,2306,3856,-1550
109000013,4128,3322,806
109000014,2500,3436,-936
109000015,3883,7194,-3311
109000016,6745,3980,2765
109000017,2690,1439,1251
109000018,846,3191,-2345
109000019,2738,1442,1296
109000020,1071,2165,-1094
109000023,374,25,349
109000024,10,197,-187
109000025,397,506,-109
109000026,761,378,383
109000027,79,314,-235
109000028,155,126,29
109000029,158,253,-95
109000030,90,600,-510
109000031,291,257,34
109000032,160,494,-334
109000033,367,238,129
109000034,105,61,44
109000035,29,131,-102
109000036,223,456,-233
109000037,290,1303,-1013
109000038,807,565,242
109000039,1160,900,260
109000040,5584,8801,-3217
109000041,4099,1971,2128
109000042,787,1743,-956
109000044,361,102,259
109000045,134,393,-259
109000046,481,113,368
109000047,85,465,-380
109000048,1085,354,731
109000049,448,640,-192
109000050,482,372,110
109000051,479,387,92
109000052,679,1265,-586
109000053,286,142,144
109000054,1176,784,392
109000055,481,520,-39
109000056,612,973,-361
109000057,966,567,399
109000058,1304,522,782
109000059,1086,1518,-432
109000060,399,323,76
109000061,1150,1309,-159
109000062,278,433,-155
109000063,277,311,-34
109000064,581,246,335
109000065,170,247,-77
109000066,541,149,392
109000067,68,433,-365
109000068,2395,23,2372
109000069,1282,43,1239
109000070,10,1187,-1177
109000071,370,83,287
109000072,139,384,-245
109000073,67,113,-46
109000074,24,221,-197
109000075,111,383,-272
109000076,139,229,-90
109000077,460,372,88
109000078,85,220,-135
109000079,128,211,-83
109000080,151,139,12
109000081,125,611,-486
109000082,620,303,317
109000083,285,854,-569
109000088,161,605,-444
109000089,309,95,214
109000090,185,538,-353
109000091,436,290,146
109000092,515,644,-129
109000093,295,271,24
109000094,595,5,590
109000095,104,518,-414
109000096,738,318,420
109000097,123,176,-53
109000098,52,181,-129
109000099,1078,340,738
109000100,282,612,-330
109000101,1875,826,1049
109000102,370,906,-536
109000103,584,834,-250
109000104,1783,646,1137
109000105,496,1528,-1032
109000106,2476,1071,1405
109000107,686,2604,-1918
109000108,1769,739,1030
109000109,558,2284,-1726
109000110,1458,707,751
109000111,1154,2252,-1098
109000112,627,192,435
109000113,506,228,278
109000114,279,469,-190
109000115,1375,47,1328
109000116,6,365,-359
109000117,257,92,165
109000118,13,357,-344
109000119,1480,296,1184
109000120,266,1109,-843
109000121,496,77,419
109000122,183,1030,-847
109000123,28,74,-46
109000124,700,583,117
109000125,961,432,529
109000126,442,978,-536
109000127,868,270,598
109000128,484,1783,-1299
109000129,2318,1073,1245
109000130,828,2284,-1456
109000131,1112,749,363
109000132,999,2125,-1126
109000133,488,1092,-604
109000134,914,1533,-619
109000135,1649,2035,-386
109000136,418,380,38
109000137,369,445,-76
109000138,609,439,170
109000139,575,528,47
109000140,327,516,-189
109000141,687,580,107
109000142,167,647,-480
109000143,160,102,58
109000145,158,311,-153
109000146,57,149,-92
109000148,4086,2384,1702
109000149,28,36,-8
109000150,123,349,-226
109000155,825,620,205
109000156,1131,860,271
109000158,284,421,-137
109000159,237,797,-560
109000160,993,352,641
109000161,304,1229,-925
109000162,2092,973,1119
109000163,1180,2002,-822
109000164,1260,2995,-1735
109000165,1261,664,597
109000166,698,176,522
109000167,186,627,-441
109000170,48,88,-40
109000171,120,55,65
109000172,55,96,-41
109000173,42,90,-48
109000174,115,75,40
109000175,66,145,-79
109000176,403,343,60
109000177,36,185,-149
109000178,696,125,571
109000179,6434,5651,783
109000180,6248,4208,2040
109000181,26,47,-21
109000182,39,30,9
109000183,33,44,-11
109000184,63,29,34
109000185,27,68,-41
109000188,822,2184,-1362
109000189,3113,1236,1877
109000190,772,555,217
109000191,408,570,-162
109000192,413,440,-27
109000193,162,394,-232
109000194,310,257,53
109000195,167,405,-238
109000196,389,201,188
109000197,195,517,-322
109000198,395,128,267
109000199,137,501,-364
109000206,231,54,177
109000207,145,69,76
109000208,95,103,-8
109000209,216,187,29
109000210,250,605,-355
109000211,654,598,56
109000214,484,442,42
109000215,176,121,55
109000216,211,356,-145
109000217,712,201,511
109000218,682,242,440
109000221,569,1314,-745
109000222,1094,283,811
109000223,445,449,-4
109000224,41,131,-90
109000225,88,50,38
109000226,90,270,-180
109000227,1217,1488,-271
109000228,3,956,-953
109000231,3,368,-365
109000232,366,373,-7
109000236,338,826,-488
109000241,2459,2433,26
109000242,2258,1623,635
109000293,88,118,-30
109000361,159,391,-232
109000364,374,678,-304
109000396,10,657,-647
109000397,586,14,572
109000399,115,481,-366
109000400,103,224,-121
109000403,157,927,-770
109000406,390,4,386
109000407,342,253,89
109000408,0,470,-470
109000410,1289,411,878
109000411,147,23,124
109900001,99,0,99
109900002,994,28,966
109900003,275,3,272
109900004,1055,222,833
109900005,31,9,22
109900006,599,287,312
109900007,783,568,215
109900008,1,71,-70
109900009,144,588,-444
109900010,558,25,533
109900011,124,78,46
109900012,428,332,96
109900013,471,256,215
109900014,569,103,466
109900015,659,257,402
109900016,198,41,157
109900017,192,335,-143
109900018,357,113,244
109900019,439,84,355
109900020,42,33,9
109900021,38,22,16
109900022,141,280,-139
109900023,27,5,22
109900024,25,13,12
109900025,34,97,-63
109900026,1,220,-219
109900027,49,56,-7
109900028,1757,885,872
109900029,6,413,-407
109900030,52,13,39
109900031,1,250,-249
109900032,13,450,-437
109900033,6,579,-573
109900034,37,4,33
109900035,33,30,3
109900036,20,110,-90
109900037,30,552,-522
109900038,113,260,-147
109900039,16,1,15
109900040,28,567,-539
109900041,91,419,-328
109900042,133,604,-471
109900044,360,320,40
109900045,231,72,159
109900046,12,63,-51
109900047,589,429,160
109900048,9,110,-101
109900049,12,43,-31
109900050,0,172,-172
109900051,0,52,-52
109900052,222,363,-141
109900053,3,333,-330
109900054,691,299,392
109900055,74,359,-285
109900056,42,252,-210
109900057,10,147,-137
109900058,2,103,-101
109900059,703,181,522
109900060,492,215,277
109900061,91,405,-314
109900062,1,191,-190
109900063,9,600,-591
109900064,588,348,240
109900065,110,167,-57
109900066,408,955,-547
109900067,1,312,-311
109900068,81,11,70
109900069,0,37,-37
109900070,53,431,-378
109900071,1,49,-48
109900072,23,176,-153
109900073,517,589,-72
109900074,16,51,-35
109900075,37,77,-40
109900076,21,280,-259
109900077,51,104,-53
109900078,108,255,-147
109900080,166,390,-224
109900081,28,303,-275
109900082,67,452,-385
109900083,24,73,-49
109900084,48,241,-193
109900085,292,839,-547
109900086,254,487,-233
109900087,415,640,-225
109900089,789,309,480
109900090,663,1188,-525
109900091,425,105,320
109900092,1171,26,1145
109900093,855,249,606
109900094,125,145,-20
109900095,441,269,172
109900096,39,5,34
109900097,84,10,74
109900098,428,72,356
109900099,235,5,230
109900100,48,1,47
109900101,435,22,413
109900102,635,44,591
109900103,46,69,-23
109900104,636,775,-139
109900105,526,46,480
109900106,653,90,563
109900107,569,128,441
109900108,135,333,-198
109900109,47,200,-153
109900110,86,443,-357
109900111,489,973,-484
109900112,439,676,-237
109900113,940,710,230
109900114,1910,1215,695
109900115,203,147,56
109900117,1160,184,976
109900118,317,583,-266
109900119,864,540,324
109900120,82,46,36
109900121,615,653,-38
109900122,564,8,556
109900123,26,225,-199
109900124,69,628,-559
109900125,4,212,-208
109900126,293,111,182
109900128,331,60,271
109900130,7771,3067,4704
109900131,56,192,-136
109900132,49,197,-148
109900133,109,377,-268
109900134,179,128,51
109900135,456,94,362
109900136,148,191,-43
109900137,144,407,-263
109900138,656,452,204
109900140,268,229,39
109900142,1326,427,899
109900145,6,580,-574
109900146,552,78,474
109900148,47,138,-91
109900149,47,91,-44
109900150,9,131,-122
109900151,17,59,-42
109900152,2,41,-39
109900153,1,60,-59
109900154,84,1,83
109900155,115,39,76
109900157,69,297,-228
109900158,83,138,-55
109900159,181,47,134
109900160,164,70,94
109900161,290,99,191
109900162,216,181,35
109900163,931,364,567
109900164,83,249,-166
109900165,368,9,359
109900166,2,160,-158
109900167,197,650,-453
109900168,342,772,-430
109900169,241,228,13
109900170,277,816,-539
109900171,203,111,92
109900172,335,306,29
109900173,3149,2327,822
109900174,75,184,-109
109900175,127,120,7
109900176,183,231,-48
109900177,66,304,-238
109900178,58,216,-158
109900179,309,33,276
109900180,4,23,-19
110000001,943,573,370
110000002,616,895,-279
110000003,1043,771,272
110000004,560,822,-262
110000005,485,2089,-1604
110000006,368,365,3
110000007,139,147,-8
110000008,31,67,-36
110000009,45,27,18
110000010,36,75,-39
110000011,73,88,-15
110000012,700,481,219
110000013,48,595,-547
110000014,581,467,114
110000015,233,736,-503
110000016,281,1614,-1333
110000017,2868,280,2588
110000018,2628,551,2077
110000019,21,121,-100
110000020,571,254,317
110000021,774,541,233
110000022,1108,359,749
110000023,13,170,-157
110000024,762,411,351
110000025,528,12,516
110000026,18,419,-401
110000027,1677,1084,593
110000028,934,903,31
110000029,597,817,-220
110000030,257,493,-236
110000031,326,560,-234
110000032,732,557,175
110000033,374,115,259
110000034,598,864,-266
110000035,1108,607,501
110000036,1302,892,410
110000037,270,465,-195
110000038,368,822,-454
110000039,781,3220,-2439
110000040,344,364,-20
110000041,305,1456,-1151
110000042,169,336,-167
110000043,923,292,631
110000044,205,276,-71
110000045,1520,97,1423
110000046,2,20,-18
110000047,51,36,15
110000048,3,26,-23
110000049,36,7,29
110000050,3,86,-83
110000051,33,5,28
110000052,30,18,12
110000053,127,20,107
110000054,432,256,176
110000055,956,68,888
110000056,299,99,200
110000057,423,719,-296
110000058,1342,612,730
110000059,1012,524,488
110000060,942,1221,-279
110000061,1097,860,237
110000062,777,1110,-333
110000063,26,123,-97
110000064,112,80,32
110000065,84,127,-43
110000066,84,72,12
110000067,155,233,-78
110000068,373,215,158
110000069,291,120,171
110000071,144,163,-19
110000073,13,47,-34
110000075,14,146,-132
110000076,363,577,-214
110000077,441,2025,-1584
110000078,27,55,-28
110000080,334,837,-503
110000081,89,357,-268
110000082,37,466,-429
110000083,267,675,-408
110000084,1326,1005,321
110000085,2302,1884,418
110000086,1850,2439,-589
110000087,8,71,-63
110000088,87,290,-203
110000089,401,148,253
110000090,820,380,440
110000091,1536,343,1193
110000092,45,92,-47
110000093,59,12,47
110000094,579,291,288
110000095,270,604,-334
110000096,2477,2459,18
110000097,1202,1434,-232
110000098,2365,725,1640
110000099,916,1884,-968
110000100,1035,655,380
110000101,25,422,-397
110000102,71,40,31
110000104,543,131,412
110000105,131,375,-244
110000106,771,411,360
110000107,323,556,-233
110000108,185,89,96
110000109,354,376,-22
110000110,3790,5882,-2092
110000111,7342,3631,3711
110000112,1631,1532,99
110000113,595,2260,-1665
110000114,215,644,-429
110000115,434,385,49
110000116,59,73,-14
110000117,263,423,-160
110000118,445,246,199
110000119,301,397,-96
110000120,452,304,148
110000121,76,472,-396
110000122,540,725,-185
110000123,657,987,-330
110000124,6,1338,-1332
110000125,1096,28,1068
110000126,343,41,302
110000127,1397,69,1328
110000128,61,1693,-1632
110000129,9,558,-549
110000130,349,250,99
110000131,248,375,-127
110000132,1,862,-861
110000133,49,749,-700
110000134,39,519,-480
110000135,241,88,153
110000136,76,329,-253
110000137,587,821,-234
110000138,1014,893,121
110000139,880,1499,-619
110000140,1079,726,353
110000143,779,709,70
110000144,6710,2364,4346
110000145,2622,1471,1151
110000146,2938,1215,1723
110000147,682,838,-156
110000148,601,356,245
110000151,1404,1441,-37
110000152,1245,400,845
110000153,96,91,5
110000154,60,31,29
110000155,2345,4603,-2258
110000156,1235,3026,-1791
110000157,3077,2454,623
110000160,451,356,95
110000161,185,318,-133
110000166,692,147,545
110000167,994,554,440
110000168,1183,556,627
110000169,974,485,489
110000170,183,96,87
110000171,772,217,555
110000172,200,909,-709
110000173,1189,1431,-242
110000174,258,1201,-943
110000175,799,80,719
110000176,675,410,265
110000177,188,999,-811
110000178,488,1932,-1444
110000179,1340,382,958
110000180,227,279,-52
110000181,430,840,-410
110000182,394,171,223
110000183,9735,7252,2483
110000184,432,2629,-2197
110000185,1422,843,579
110000186,843,993,-150
110000191,969,327,642
110000192,725,11,714
110000193,1370,9,1361
110000194,22,1391,-1369
110000195,533,544,-11
110000196,403,391,12
110000197,121,284,-163
110000198,476,84,392
110000199,323,181,142
110000200,2358,610,1748
110000201,1819,1035,784
110000202,1439,643,796
110000203,1079,872,207
110000204,6,301,-295
110000205,161,65,96
110000206,921,1721,-800
110000207,1304,403,901
110000208,260,248,12
110000209,200,1074,-874
110000210,1176,660,516
110000211,977,755,222
110000212,412,1261,-849
110000213,186,217,-31
110000214,309,214,95
110000215,194,434,-240
110000216,136,407,-271
110000217,377,199,178
110000218,227,421,-194
110000219,407,105,302
110000220,56,324,-268
110000221,325,113,212
110000222,66,218,-152
110000223,5,234,-229
110000224,99,12,87
110000225,413,798,-385
110000226,298,113,185
110000227,976,805,171
110000228,358,262,96
110000229,4,336,-332
110000230,837,636,201
110000231,169,292,-123
110000232,744,221,523
110000233,506,342,164
110000234,884,808,76
110000235,1060,1366,-306
110000236,749,719,30
110000237,2420,1418,1002
110000238,1696,1641,55
110000239,2014,1311,703
110000240,1,120,-119
110000242,1,9,-8
110000243,155,166,-11
110000244,204,395,-191
110000245,36,388,-352
110000246,1081,816,265
110000247,1635,5410,-3775
110000248,2641,1644,997
110000249,124,15,109
110000250,127,270,-143
110000251,355,595,-240
110000252,363,274,89
110000253,1647,724,923
110000254,847,1597,-750
110000255,349,1234,-885
110000256,509,417,92
110000257,885,559,326
110000258,11,505,-494
110000259,151,29,122
110000260,48,323,-275
110000263,835,176,659
110000264,397,579,-182
110000265,1467,2426,-959
110000266,3058,3817,-759
110000267,49,251,-202
110000268,454,564,-110
110000269,10,81,-71
110000270,100,7,93
110000271,1559,339,1220
110000272,1671,1227,444
110000273,4883,2068,2815
110000274,292,1739,-1447
110000275,2441,670,1771
110000276,378,382,-4
110000277,449,499,-50
110000278,428,819,-391
110000279,1061,855,206
110000280,538,498,40
110000281,101,463,-362
110000282,551,34,517
110000283,130,237,-107
110000284,71,59,12
110000285,10,796,-786
110000286,40,0,40
110000287,88,3,85
110000288,16,125,-109
110000289,494,1804,-1310
110000290,1112,615,497
110000291,5097,1659,3438
110000292,1638,4915,-3277
110000293,962,901,61
110000294,1158,1355,-197
110000295,413,1199,-786
110000296,797,496,301
110000297,2919,482,2437
110000298,239,648,-409
110000299,366,146,220
110000301,523,35,488
110000302,377,1015,-638
110000303,705,9,696
110000304,137,251,-114
110000305,1425,29,1396
110000306,151,1621,-1470
110000307,1943,10,1933
110000308,631,10,621
110000309,8,919,-911
110000310,914,69,845
110000311,28,758,-730
110000312,622,106,516
110000313,3158,3407,-249
110000314,1,241,-240
110000315,3959,3271,688
110000316,536,1468,-932
110000317,809,473,336
110000318,9,92,-83
110000319,38,61,-23
110000320,83,66,17
110000321,33,71,-38
110000322,372,337,35
110000323,442,248,194
110000324,3788,1747,2041
110000325,3400,3417,-17
110000327,828,551,277
110000328,235,482,-247
110000333,1189,808,381
110000334,996,1607,-611
110000335,1145,681,464
110000336,1055,1255,-200
110000337,1686,697,989
110000338,634,321,313
110000339,365,256,109
110000340,150,232,-82
110000341,494,541,-47
110000342,744,12,732
110000343,0,21,-21
110000344,840,170,670
110000345,852,162,690
110000346,3066,2502,564
110000347,1405,959,446
110000348,23,13,10
110000349,20,26,-6
110000350,62,9,53
110000351,976,952,24
110000352,647,1506,-859
110000353,2512,901,1611
110000354,1253,3163,-1910
110000355,140,144,-4
110000356,614,18,596
110000357,489,21,468
110000361,42,54,-12
110000362,77,87,-10
110000363,440,165,275
110000364,287,400,-113
110000365,221,8,213
110000366,2,119,-117
110000367,657,300,357
110000368,8,85,-77
110000369,126,5,121
110000373,11,339,-328
110000374,397,22,375
110000375,164,1509,-1345
110000376,44,90,-46
110000377,103,466,-363
110000378,27,372,-345
110000379,3173,1935,1238
110000380,77,15,62
110000383,4,1145,-1141
110000384,2695,1333,1362
110000385,2,299,-297
110000387,86,9,77
110000388,42,228,-186
110000389,747,17,730
110000391,917,414,503
110000396,193,150,43
110000397,141,219,-78
110000398,2,69,-67
110000399,182,11,171
110000587,173,81,92
110000589,223,195,28
110000640,228,117,111
110000652,24,247,-223
110000653,295,460,-165
110000654,105,162,-57
110000656,4,754,-750
110000674,37,46,-9
110000675,22,90,-68
110000676,7,38,-31
110000679,453,1315,-862
110000682,105,243,-138
110000683,442,634,-192
110000684,9,58,-49
110000685,21,24,-3
110000686,3,45,-42
110000687,90,5,85
110000688,66,1024,-958
110000689,57,54,3
110000692,94,187,-93
110000693,151,348,-197
110000694,1,189,-188
110000695,300,716,-416
110000696,100,111,-11
110900001,463,20,443
110900002,377,232,145
110900003,804,757,47
110900004,548,290,258
110900005,3165,2824,341
110900006,69,23,46
110900007,153,37,116
110900008,17,59,-42
110900009,444,146,298
110900010,12,94,-82
110900011,15,109,-94
110900012,22,115,-93
110900013,1241,225,1016
110900014,551,17,534
110900015,634,626,8
110900016,48,127,-79
110900017,467,63,404
110900018,534,71,463
110900019,229,37,192
110900020,126,304,-178
110900021,143,832,-689
110900022,155,404,-249
110900023,170,500,-330
110900024,24,513,-489
110900025,17,88,-71
110900027,59,336,-277
110900028,82,183,-101
110900029,41,429,-388
110900030,37,258,-221
110900031,1,189,-188
110900032,1,107,-106
110900033,56,324,-268
110900035,43,592,-549
110900036,114,32,82
110900037,60,33,27
110900038,1103,251,852
110900039,18,283,-265
110900040,239,59,180
110900041,22,125,-103
110900042,141,72,69
110900043,6,117,-111
110900044,280,25,255
110900045,77,631,-554
110900046,52,287,-235
110900047,545,284,261
110900049,179,101,78
110900050,41,12,29
110900051,57,248,-191
110900052,13,210,-197
110900053,134,54,80
110900054,134,287,-153
110900055,34,5,29
110900056,81,164,-83
110900057,11,156,-145
110900058,290,320,-30
110900059,760,707,53
110900060,503,157,346
110900061,33,66,-33
110900062,175,320,-145
110900063,49,293,-244
110900064,38,0,38
110900065,366,189,177
110900066,12,104,-92
110900067,465,667,-202
110900068,225,283,-58
110900069,12,29,-17
110900070,203,128,75
110900071,288,704,-416
110900073,0,47,-47
110900074,406,114,292
110900075,465,111,354
110900077,919,813,106
110900078,57,61,-4
110900079,2749,1819,930
110900080,177,106,71
110900081,10,69,-59
110900082,149,149,0
110900083,140,92,48
110900084,71,110,-39
110900085,65,330,-265
110900086,107,410,-303
110900087,528,134,394
110900088,29,0,29
110900090,56,52,4
110900091,9,80,-71
110900093,380,168,212
110900095,65,61,4
110900097,6,16,-10
110900098,46,65,-19
110900099,75,390,-315
110900100,1,38,-37
110900102,74,20,54
110900105,931,314,617
110900108,15,86,-71
110900111,534,377,157
110900112,921,19,902
110900113,547,91,456
110900115,8,90,-82
110900116,777,1948,-1171
110900118,159,3001,-2842
110900119,4737,456,4281
110900120,27,60,-33
110900121,213,1,212
110900122,484,221,263
110900125,501,527,-26
110900127,1036,1470,-434
110900128,390,327,63
110900129,588,1071,-483
110900130,1296,724,572
110900131,769,87,682
110900132,436,111,325
110900133,671,291,380
110900135,134,475,-341
110900136,420,20,400
110900137,77,0,77
110900138,1553,503,1050
110900139,26,127,-101
110900140,153,5,148
110900141,10,133,-123
110900142,92,227,-135
110900143,252,115,137
110900144,5,749,-744
110900145,333,40,293
110900146,535,173,362
110900147,144,346,-202
110900148,4,347,-343
110900149,2,81,-79
110900150,88,39,49
110900151,8,118,-110
110900152,35,281,-246
110900153,203,86,117
111000001,452,259,193
111000002,584,593,-9
111000003,1062,718,344
111000004,531,1047,-516
111000005,1457,1296,161
111000006,997,1792,-795
111000007,4931,3187,1744
111000008,2264,3620,-1356
111000009,442,1126,-684
111000010,786,286,500
111000011,455,1165,-710
111000012,809,445,364
111000013,464,1262,-798
111000014,2001,634,1367
111000017,139,1057,-918
111000018,353,446,-93
111000020,1118,2684,-1566
111000021,102,128,-26
111000023,104,122,-18
111000025,5450,4916,534
111000029,106,172,-66
111000030,59,151,-92
111000031,2487,1679,808
111000032,731,482,249
111000033,314,471,-157
111000034,340,249,91
111000037,1919,1223,696
111000038,4803,3162,1641
111000039,2464,2774,-310
111000040,2314,2893,-579
111000041,2195,2135,60
111000042,3618,2698,920
111000043,2123,3472,-1349
111000044,2066,1424,642
111000045,2537,2822,-285
111000046,1864,2181,-317
111000047,2880,4578,-1698
111000049,696,651,45
111000050,1515,1681,-166
111000051,567,1122,-555
111000052,803,1776,-973
111000053,497,1086,-589
111000054,377,912,-535
111000055,1131,1830,-699
111000056,147,602,-455
111000057,73,625,-552
111000058,418,86,332
111000059,756,301,455
111000060,4418,962,3456
111000061,698,441,257
111000062,869,434,435
111000063,2615,1141,1474
111000064,640,727,-87
111000065,1226,1204,22
111000066,534,617,-83
111000067,696,727,-31
111000068,747,1197,-450
111000069,2079,2439,-360
111000070,1348,1225,123
111000071,144,611,-467
111000072,1060,448,612
111000073,395,824,-429
111000074,1572,2019,-447
111000075,1279,895,384
111000076,556,716,-160
111000077,2002,2057,-55
111000078,3397,1819,1578
111000079,1545,959,586
111000080,579,803,-224
111000081,1876,4402,-2526
111000082,653,802,-149
111000084,1012,694,318
111000085,1102,1566,-464
111000086,3092,1426,1666
111000087,734,938,-204
111000088,5964,2753,3211
111000089,834,1112,-278
111000090,1095,1757,-662
111000091,970,590,380
111000092,1485,990,495
111000093,901,1200,-299
111000094,2339,1218,1121
111000095,771,2401,-1630
111000096,2608,8089,-5481
111000097,4846,1684,3162
111000098,867,1403,-536
111000099,732,2262,-1530
111000100,497,1811,-1314
111000101,539,924,-385
111000102,298,707,-409
111000104,777,271,506
111000107,207,781,-574
111000109,949,321,628
111000110,1448,810,638
111000111,2968,640,2328
111000112,2228,725,1503
111000113,988,1546,-558
111000114,1777,3761,-1984
111000115,6805,1719,5086
111000116,1116,1140,-24
111000117,580,1077,-497
111000118,2208,1191,1017
111000119,1170,1375,-205
111000120,482,762,-280
111000121,312,803,-491
111000122,636,1505,-869
111000123,1243,3273,-2030
111000124,521,3071,-2550
111000125,341,1660,-1319
111000126,91,978,-887
111000127,1023,204,819
111000128,2224,406,1818
111000129,2982,572,2410
111000130,2389,911,1478
111000131,1595,762,833
111000132,1680,857,823
111000133,253,237,16
111000134,179,171,8
111000135,77,167,-90
111000136,392,336,56
111000138,22,12,10
111000140,2,6,-4
111000141,183,375,-192
111000142,17,138,-121
111000143,5,130,-125
111000144,57,383,-326
111000145,1552,29,1523
111000146,97,5,92
111000147,382,25,357
111000148,165,103,62
111000149,6,32,-26
111000150,22,2,20
111000151,3,15,-12
111000153,758,967,-209
111000154,805,289,516
111000155,107,224,-117
111000156,406,766,-360
111000157,259,1337,-1078
111000158,996,915,81
111000159,2690,831,1859
111000160,382,317,65
111000161,12,263,-251
111000162,85,189,-104
111000163,790,987,-197
111000164,940,3773,-2833
111000165,1301,698,603
111000166,2542,488,2054
111000167,222,539,-317
111000168,212,578,-366
111000169,398,844,-446
111000170,608,474,134
111000171,634,934,-300
111000172,203,465,-262
111000173,412,1005,-593
111000174,169,436,-267
111000175,49,346,-297
111000176,490,173,317
111000177,355,269,86
111000178,1414,428,986
111000179,221,244,-23
111000180,285,508,-223
111000181,1211,289,922
111000182,226,261,-35
111000183,958,360,598
111000184,453,239,214
111000185,559,533,26
111000186,732,371,361
111000187,185,287,-102
111000188,259,482,-223
111000189,1355,728,627
111000190,224,420,-196
111000191,193,415,-222
111000192,260,644,-384
111000193,349,367,-18
111000194,78,348,-270
111000195,228,402,-174
111000196,53,196,-143
111000197,558,164,394
111000198,1139,174,965
111000199,254,171,83
111000200,428,400,28
111000201,675,417,258
111000202,280,273,7
111000203,358,446,-88
111000204,406,1297,-891
111000213,231,486,-255
111000214,1887,1641,246
111000215,1098,1421,-323
111000217,1442,1251,191
111000218,1258,1554,-296
111000219,437,274,163
111000220,1888,688,1200
111000221,905,168,737
111000224,5,273,-268
111000225,318,100,218
111000226,123,2,121
111000227,48,2,46
111000228,50,376,-326
111000229,71,1004,-933
111000230,288,437,-149
111000231,1256,902,354
111000232,774,1143,-369
111000233,957,843,114
111000234,170,388,-218
111000239,179,212,-33
111000240,50,226,-176
111000241,61,370,-309
111000242,250,79,171
111000243,378,702,-324
111000244,789,124,665
111000245,1958,528,1430
111000246,562,488,74
111000247,278,1000,-722
111000248,703,749,-46
111000249,518,762,-244
111000250,64,170,-106
111000251,71,168,-97
111000253,11,22,-11
111000255,32,13,19
111000257,33,24,9
111000260,134,1124,-990
111000261,1357,179,1178
111000271,60,328,-268
111000273,4525,1769,2756
111000274,1311,2441,-1130
111000275,182,65,117
111000276,300,2171,-1871
111000277,272,579,-307
111000278,809,359,450
111000291,691,5920,-5229
111000298,651,314,337
111000299,680,196,484
111000300,217,611,-394
111000302,362,97,265
111000303,91,299,-208
111000312,83,84,-1
111000315,0,102,-102
111000320,426,861,-435
111000321,448,136,312
111000322,385,612,-227
111000323,217,26,191
111000324,440,424,16
111000325,75,97,-22
111000326,232,377,-145
111000327,884,443,441
111000328,244,611,-367
111000329,2,37,-35
111000330,70,10,60
111000331,70,9,61
111000332,622,1606,-984
111000334,535,1587,-1052
111000335,1507,317,1190
111000337,1284,537,747
111000338,170,220,-50
111000339,855,546,309
111000340,380,777,-397
111000341,1390,850,540
111000342,280,618,-338
111000344,1240,938,302
111000345,303,62,241
111000346,31,116,-85
111000347,194,27,167
111000350,285,142,143
111000351,183,335,-152
111000352,233,115,118
111000353,140,285,-145
111000354,714,153,561
111000355,535,641,-106
111000358,365,1358,-993
111000360,225,807,-582
111000361,111,373,-262
111000546,1684,716,968
111000547,701,672,29
111000548,199,439,-240
111000549,413,507,-94
111000550,116,1130,-1014
111000551,904,271,633
111000552,2531,179,2352
111000907,488,74,414
111000908,22,0,22
111000916,1826,414,1412
111000917,80,497,-417
111000918,185,1050,-865
111000920,538,18,520
111000921,9,253,-244
111000922,748,398,350
111000924,60,875,-815
111000925,2530,2191,339
111000926,1061,1859,-798
111000927,3348,4974,-1626
111000928,4806,3895,911
111000929,2019,1655,364
111000930,1089,2553,-1464
111000931,2378,3230,-852
111000932,4542,2990,1552
111000933,4091,2982,1109
111000934,2255,4193,-1938
111000935,1477,1459,18
111000936,1228,2460,-1232
111000937,928,1742,-814
111000938,1695,1788,-93
111000939,511,40,471
111000940,509,238,271
111000941,559,621,-62
111000943,417,321,96
111000944,157,402,-245
111000945,164,1743,-1579
111001109,587,403,184
111001110,180,515,-335
111001111,56,10,46
111001112,197,3,194
111001113,1,200,-199
111001114,1194,125,1069
111001115,21,513,-492
111001116,6069,4430,1639
111001117,779,2973,-2194
111001120,124,325,-201
111001121,205,299,-94
111001122,242,470,-228
111001123,163,69,94
111900001,26,155,-129
111900002,36,858,-822
111900003,7,467,-460
111900004,89,166,-77
111900006,27,44,-17
111900007,139,9,130
111900008,229,8,221
111900009,260,259,1
111900010,461,634,-173
111900012,75,121,-46
111900013,8,107,-99
111900014,6072,3926,2146
111900015,0,88,-88
111900016,1,127,-126
111900017,0,141,-141
111900018,252,6,246
111900019,4,215,-211
111900020,5,68,-63
111900021,45,99,-54
111900022,20,75,-55
111900023,184,128,56
111900024,6,84,-78
111900025,0,45,-45
111900026,0,120,-120
111900027,19,208,-189
111900028,0,430,-430
111900029,3,112,-109
111900030,42,464,-422
111900031,91,85,6
111900032,2,351,-349
111900033,12,130,-118
111900034,324,596,-272
111900035,145,238,-93
111900036,0,300,-300
111900038,330,597,-267
111900039,98,582,-484
111900040,0,548,-548
111900042,100,175,-75
111900043,4,342,-338
111900044,427,328,99
111900046,50,187,-137
111900048,205,720,-515
111900049,46,269,-223
111900050,150,46,104
111900051,4,244,-240
111900052,540,545,-5
111900053,1440,1761,-321
111900054,213,17,196
111900055,43,485,-442
111900056,288,370,-82
111900057,229,66,163
111900058,375,658,-283
111900059,2027,726,1301
111900060,520,8,512
111900061,14,254,-240
111900062,48,58,-10
111900063,463,292,171
111900064,134,284,-150
111900065,143,58,85
111900066,146,194,-48
111900067,4,451,-447
111900068,51,62,-11
111900069,111,49,62
111900070,171,163,8
111900071,1,327,-326
111900072,51,33,18
111900073,858,142,716
111900074,25,277,-252
111900075,120,20,100
111900076,179,71,108
111900077,54,4,50
111900078,312,22,290
111900079,53,59,-6
111900080,282,311,-29
111900081,888,267,621
111900082,127,42,85
111900083,136,22,114
111900084,137,19,118
111900085,57,125,-68
111900086,35,3,32
111900087,72,0,72
111900088,454,3,451
111900089,148,4,144
111900090,93,100,-7
111900091,237,1,236
111900092,88,4,84
111900093,400,6,394
111900094,133,0,133
111900095,418,63,355
111900096,174,5,169
111900097,79,0,79
111900098,235,4,231
111900099,110,0,110
111900100,260,8,252
111900101,97,42,55
111900102,951,690,261
111900103,121,141,-20
111900104,350,89,261
111900105,411,211,200
111900106,1562,107,1455
111900107,162,167,-5
111900108,208,205,3
111900109,686,596,90
111900110,2097,515,1582
111900111,326,163,163
111900112,812,3077,-2265
111900113,295,118,177
111900114,232,163,69
111900115,13,43,-30
111900118,380,107,273
111900119,327,195,132
111900122,218,108,110
111900123,36,83,-47
111900124,55,137,-82
111900125,625,39,586
111900126,368,6,362
111900127,3,673,-670
111900128,5,511,-506
111900129,323,13,310
111900130,373,41,332
111900131,495,8,487
111900132,25,1107,-1082
111900133,7,354,-347
111900134,62,279,-217
111900135,24,54,-30
111900136,120,205,-85
111900137,73,103,-30
111900138,14,115,-101
111900139,28,137,-109
111900140,161,71,90
111900141,129,15,114
111900142,134,46,88
111900143,22,206,-184
111900144,38,169,-131
111900145,4,537,-533
111900146,3,310,-307
111900147,193,506,-313
111900148,37,614,-577
111900149,20,316,-296
111900150,14,190,-176
111900151,3,31,-28
111900152,108,107,1
111900153,1594,573,1021
111900154,18,257,-239
111900155,80,98,-18
111900156,49,63,-14
111900157,129,21,108
111900158,551,84,467
111900159,270,23,247
111900160,291,0,291
111900161,226,36,190
111900162,72,183,-111
111900163,50,214,-164
111900164,82,125,-43
111901113,405,214,191
111901114,571,332,239
111901115,77,5,72
111901116,122,5,117
111901117,37,38,-1
111901118,72,335,-263
111901119,832,90,742
111901120,172,230,-58
111901121,261,242,19
111901122,8,566,-558
111901123,222,353,-131
111901124,202,4,198
111901125,394,192,202
111901126,157,78,79
111901127,732,645,87
111901128,26,98,-72
111901129,15,149,-134
111901130,17,241,-224
111901131,2,260,-258
111901132,174,26,148
111901133,50,3,47
111901134,75,6,69
111901135,27,11,16
111901136,42,60,-18
111901137,0,36,-36
111901138,262,44,218
111901139,32,43,-11
111901140,8,129,-121
111901141,18,192,-174
111901142,20,114,-94
111901143,7,174,-167
111901144,48,62,-14
111901145,85,287,-202
111901146,353,21,332
112000001,2211,1004,1207
112000002,757,2701,-1944
112000003,1518,1225,293
112000004,797,1218,-421
112000005,3564,3610,-46
112000006,2352,2304,48
112000007,3003,2245,758
112000008,2651,3964,-1313
112000009,3715,3398,317
112000010,3067,3430,-363
112000011,1940,1876,64
112000012,5852,4683,1169
112000013,5856,3681,2175
112000014,3927,2390,1537
112000015,4941,4127,814
112000016,7752,1750,6002
112000017,3675,3167,508
112000024,2934,1350,1584
112000026,4373,5184,-811
112000027,1097,625,472
112000028,1638,1816,-178
112000029,666,814,-148
112000030,202,144,58
112000031,1896,5086,-3190
112000032,552,90,462
112000033,2803,2298,505
112000034,367,145,222
112000035,236,521,-285
112000036,1173,1347,-174
112000037,2155,942,1213
112000038,2072,1146,926
112000039,113,138,-25
112000040,135,393,-258
112000041,583,675,-92
112000042,1506,634,872
112000050,1411,1745,-334
112000051,1215,1502,-287
112000054,2128,2226,-98
112000057,634,549,85
112000058,458,755,-297
112000059,633,987,-354
112000061,3347,2222,1125
112000062,2271,1049,1222
112000063,1563,2012,-449
112000064,4553,5842,-1289
112000065,2345,2798,-453
112000066,4062,1548,2514
112000067,857,818,39
112000068,3527,2510,1017
112000069,791,2043,-1252
112000070,2212,901,1311
112000071,1314,3075,-1761
112000072,2855,1014,1841
112000073,2303,3021,-718
112000074,2053,1482,571
112000075,1636,1587,49
112000076,4234,3314,920
112000077,1266,657,609
112000078,2137,784,1353
112000079,2041,1451,590
112000080,865,1021,-156
112000081,1707,2931,-1224
112000082,1764,1031,733
112000083,572,1472,-900
112000084,1375,998,377
112000085,1101,1188,-87
112000086,1927,1568,359
112000087,521,451,70
112000088,796,700,96
112000089,452,326,126
112000090,315,325,-10
112000091,754,1269,-515
112000092,1993,1443,550
112000093,1818,1275,543
112000094,741,950,-209
112000095,703,1085,-382
112000096,604,668,-64
112000097,1296,933,363
112000098,1458,1430,28
112000099,843,1776,-933
112000100,2282,1053,1229
112000101,830,1336,-506
112000102,1369,645,724
112000103,390,1513,-1123
112000105,579,1767,-1188
112000106,1788,580,1208
112000107,20,394,-374
112000108,222,1661,-1439
112000109,119,139,-20
112000110,2030,877,1153
112000111,1416,4088,-2672
112000112,5197,858,4339
112000113,1143,2141,-998
112000114,3419,1214,2205
112000115,553,613,-60
112000116,1050,1539,-489
112000117,1208,1037,171
112000118,1400,1110,290
112000119,599,891,-292
112000120,104,450,-346
112000121,137,537,-400
112000122,362,189,173
112000123,671,226,445
112000124,442,124,318
112000125,289,344,-55
112000126,280,431,-151
112000127,3454,2738,716
112000128,1190,995,195
112000129,163,141,22
112000130,222,119,103
112000131,49,340,-291
112000132,179,343,-164
112000133,476,251,225
112000134,531,455,76
112000135,2560,756,1804
112000136,1870,1435,435
112000137,2169,1563,606
112000138,2304,1390,914
112000139,1234,618,616
112000140,1560,1353,207
112000141,925,441,484
112000142,202,705,-503
112000143,1240,263,977
112000144,396,1489,-1093
112000145,2555,855,1700
112000146,723,2243,-1520
112000147,2790,2334,456
112000148,2301,2589,-288
112000149,828,894,-66
112000150,381,990,-609
112000151,350,537,-187
112000152,467,637,-170
112000153,196,487,-291
112000154,160,293,-133
112000155,156,122,34
112000157,1089,651,438
112000158,384,594,-210
112000159,606,527,79
112000167,493,98,395
112000169,318,583,-265
112000173,918,332,586
112000175,554,478,76
112000176,3363,2356,1007
112000177,839,291,548
112000178,138,485,-347
112000179,362,148,214
112000180,354,579,-225
112000181,1861,2481,-620
112000182,1415,2126,-711
112000183,66,68,-2
112000184,454,577,-123
112000185,666,757,-91
112000187,4205,3040,1165
112000195,204,13,191
112000196,252,2,250
112000197,201,196,5
112000198,46,275,-229
112000199,1636,1235,401
112000202,433,6,427
112000216,95,283,-188
112000230,102,6,96
112000231,6,313,-307
112000256,74,276,-202
112000313,141,184,-43
112000314,61,43,18
112000337,577,707,-130
112000352,501,491,10
112000392,1726,1417,309
112000398,1326,1139,187
112000399,1892,2416,-524
112000400,1896,3673,-1777
112000401,3421,2988,433
112000402,3498,3395,103
112000403,2168,3153,-985
112000404,778,851,-73
112000405,1951,3178,-1227
112000406,4045,2862,1183
112000407,7235,9494,-2259
112000408,9092,8020,1072
112000409,1916,5538,-3622
112000410,638,327,311
112000411,4617,2151,2466
112000412,1859,873,986
112000413,9535,6306,3229
112000414,111,105,6
112000415,143,61,82
112000416,2745,1920,825
112000417,257,73,184
112000421,51,207,-156
112000422,551,421,130
112000424,2462,2903,-441
112000425,554,916,-362
112000426,198,428,-230
112000427,1,21,-20
112000428,309,409,-100
112000429,2628,2838,-210
112000430,2908,3187,-279
112000431,90,170,-80
112000432,867,1498,-631
112000433,652,1144,-492
112000437,62,220,-158
112900001,49,2,47
112900002,467,1161,-694
112900003,85,425,-340
112900004,50,411,-361
112900005,265,296,-31
112900006,7,439,-432
112900007,159,357,-198
112900008,0,40,-40
112900009,482,153,329
112900010,398,1029,-631
112900011,255,302,-47
112900012,2,66,-64
112900013,12,264,-252
112900014,7,485,-478
112900015,507,941,-434
112900016,5,314,-309
112900017,64,236,-172
112900018,3,346,-343
112900019,56,334,-278
112900020,497,1320,-823
112900021,5,260,-255
112900022,13,74,-61
112900023,1,238,-237
112900024,25,334,-309
112900025,122,288,-166
112900026,11,262,-251
112900027,5,1293,-1288
112900028,69,184,-115
112900029,21,577,-556
112900030,215,204,11
112900031,9,560,-551
112900032,354,367,-13
112900034,3,60,-57
112900035,8,426,-418
112900036,141,193,-52
112900037,232,198,34
112900038,865,247,618
112900039,38,300,-262
112900040,11,448,-437
112900041,1057,1449,-392
112900042,45,378,-333
112900043,43,68,-25
112900044,670,577,93
112900045,387,421,-34
112900046,310,93,217
112900047,12,31,-19
112900049,256,129,127
112900050,70,661,-591
112900051,429,841,-412
112900052,30,871,-841
112900053,1136,173,963
112900054,292,98,194
112900055,208,68,140
112900056,538,259,279
112900057,56,809,-753
112900058,435,425,10
112900059,221,151,70
112900060,16,330,-314
112900061,125,154,-29
112900062,93,211,-118
112900063,204,25,179
112900064,308,258,50
112900065,71,40,31
112900066,402,175,227
112900067,587,194,393
112900068,53,48,5
112900069,2082,844,1238
112900071,32,3,29
112900072,200,2108,-1908
112900073,396,92,304
112900074,119,333,-214
112900075,1736,1017,719
112900076,141,34,107
112900078,441,508,-67
112900079,356,53,303
112900080,99,2,97
112900081,56,221,-165
112900082,636,39,597
112900083,130,138,-8
112900084,314,133,181
112900085,0,15,-15
112900086,111,0,111
112900087,862,196,666
112900088,191,18,173
112900089,1132,39,1093
112900090,73,35,38
112900091,230,8,222
112900092,332,329,3
112900093,1691,34,1657
112900094,196,2,194
112900095,56,0,56
112900096,576,175,401
112900097,156,414,-258
112900098,258,15,243
112900099,962,17,945
112900100,128,1,127
112900101,593,4,589
112900102,240,23,217
112900103,269,12,257
112900104,13,1,12
112900105,28,0,28
112900106,455,169,286
112900107,4,0,4
112900108,45,1,44
112900109,190,0,190
112900110,1366,21,1345
112900111,808,7,801
112900112,439,5,434
112900113,0,16,-16
112900114,168,47,121
112900115,1468,4,1464
112900116,180,40,140
112900117,130,136,-6
112900118,51,119,-68
112900119,212,6,206
112900120,1013,361,652
112900121,148,266,-118
112900122,139,191,-52
112900123,153,23,130
112900124,18,186,-168
112900125,150,707,-557
112900126,295,302,-7
112900127,431,141,290
112900128,468,864,-396
112900129,13,1068,-1055
112900130,351,162,189
112900131,69,291,-222
112900132,236,450,-214
112900133,40,1298,-1258
112900134,0,420,-420
112900135,142,65,77
112900136,1,40,-39
112900137,1,631,-630
112900138,10,355,-345
112900139,280,1357,-1077
112900140,1,118,-117
112900141,891,63,828
112900142,126,163,-37
112900143,47,621,-574
112900144,5,223,-218
112900145,28,565,-537
112900146,14,1355,-1341
112900147,6,2059,-2053
112900148,90,1,89
112900149,343,1188,-845
112900151,38,95,-57
112900152,4388,1215,3173
112900153,2490,2893,-403
112900154,0,174,-174
112900155,219,33,186
112900156,417,1780,-1363
112900157,281,3,278
112900158,107,34,73
112900159,268,150,118
112900160,117,452,-335
112900161,143,41,102
112900162,64,51,13
112900163,171,72,99
112900164,41,324,-283
112900165,489,53,436
112900166,55,82,-27
112900167,14,68,-54
112900168,10,8,2
112900169,11,21,-10
112900170,154,152,2
112900172,58,32,26
112900173,309,126,183
112900174,337,64,273
112900175,201,194,7
112900176,22,74,-52
112900177,227,61,166
112900178,1079,3095,-2016
112900179,37,487,-450
112900180,2348,1899,449
112900181,647,7,640
112900182,49,1265,-1216
112900183,205,499,-294
112900184,586,566,20
112900185,470,883,-413
112900186,2127,1414,713
112900187,118,644,-526
112900188,941,632,309
112900189,9,59,-50
112900190,15,63,-48
112900192,793,842,-49
112900193,1643,506,1137
112900194,62,163,-101
112900195,1274,75,1199
112900196,291,425,-134
112900197,332,536,-204
112900199,660,631,29
112900200,580,302,278
112900201,160,125,35
112900202,473,1021,-548
112900203,267,334,-67
112900204,1206,864,342
112900205,6,6,0
112900206,43,116,-73
112900207,38,0,38
112900208,122,375,-253
112900209,581,505,76
112900210,1,20,-19
112900211,150,143,7
112900212,1,144,-143
112900213,43,6,37
112900214,52,20,32
112900215,6,209,-203
112900216,45,83,-38
112900217,1,80,-79
112900218,59,10,49
112900219,275,22,253
112900220,13,0,13
112900221,53,100,-47
112900222,0,23,-23
112900223,1403,41,1362
112900224,352,634,-282
112900225,494,508,-14
112900226,412,541,-129
112900227,750,1264,-514
112900228,70,49,21
112900229,241,138,103
112900230,8207,4899,3308
112900232,475,379,96
112900233,74,222,-148
112900234,35,155,-120
112900235,199,66,133
112900236,310,18,292
112900237,311,325,-14
112900238,2,43,-41
112900239,803,322,481
113000001,6934,5349,1585
113000002,4237,4402,-165
113000003,2137,1751,386
113000004,2223,2795,-572
113000005,1985,1227,758
113000006,1379,1746,-367
113000007,2543,1499,1044
113000008,2323,2162,161
113000009,1142,956,186
113000010,1432,1832,-400
113000011,780,1946,-1166
113000012,2326,949,1377
113000013,1595,800,795
113000014,1863,1884,-21
113000015,702,341,361
113000016,379,960,-581
113000017,86,474,-388
113000018,568,83,485
113000019,315,373,-58
113000020,709,89,620
113000021,1652,667,985
113000022,835,1268,-433
113000025,136,441,-305
113000026,445,613,-168
113000027,1026,629,397
113000028,1440,745,695
113000029,1190,756,434
113000030,508,937,-429
113000031,361,391,-30
113000032,429,402,27
113000033,464,514,-50
113000034,525,506,19
113000035,41,94,-53
113000036,35,71,-36
113000037,77,76,1
113000038,42,79,-37
113000039,79,298,-219
113000040,79,77,2
113000042,973,820,153
113000051,1073,2493,-1420
113000052,2335,1111,1224
113000053,490,566,-76
113000054,419,957,-538
113000055,1262,726,536
113000056,930,1034,-104
113000058,881,989,-108
113000059,1326,931,395
113000060,194,576,-382
113000061,503,1057,-554
113000062,1215,324,891
113000063,218,177,41
113000064,55,426,-371
113000065,172,984,-812
113000066,741,104,637
113000067,2183,1757,426
113000068,464,1538,-1074
113000069,787,1358,-571
113000070,3039,1439,1600
113000071,713,870,-157
113000072,885,615,270
113000073,643,1892,-1249
113000074,1274,614,660
113000075,2375,795,1580
113000076,845,2203,-1358
113000077,1589,773,816
113000078,977,2797,-1820
113000079,1040,956,84
113000080,832,826,6
113000081,1290,1061,229
113000082,2028,1043,985
113000083,693,998,-305
113000084,1798,1475,323
113000085,1016,883,133
113000086,1756,1381,375
113000087,1646,1141,505
113000088,2835,1836,999
113000089,1179,1859,-680
113000090,405,672,-267
113000091,692,543,149
113000094,1380,246,1134
113000095,269,965,-696
113000096,158,847,-689
113000097,1175,482,693
113000098,223,48,175
113000099,1216,472,744
113000100,203,443,-240
113000101,504,852,-348
113000102,780,482,298
113000103,1997,614,1383
113000104,504,1934,-1430
113000105,901,600,301
113000106,463,661,-198
113000107,909,829,80
113000108,796,1485,-689
113000109,550,1855,-1305
113000110,1667,519,1148
113000111,145,605,-460
113000112,260,317,-57
113000113,1669,482,1187
113000114,409,1734,-1325
113000116,903,366,537
113000117,1052,185,867
113000118,137,726,-589
113000119,416,460,-44
113000120,100,288,-188
113000121,984,1209,-225
113000124,318,189,129
113000125,88,835,-747
113000127,3175,442,2733
113000128,480,751,-271
113000129,784,1006,-222
113000133,2666,2462,204
113000134,13,1379,-1366
113000135,4867,4788,79
113000137,2401,3884,-1483
113000139,580,298,282
113000140,170,328,-158
113000141,395,303,92
113000142,778,1570,-792
113000143,386,347,39
113000144,373,823,-450
113000145,94,208,-114
113000146,272,140,132
113000147,228,173,55
113000148,197,228,-31
113000149,145,156,-11
113000150,736,477,259
113000151,109,87,22
113000152,59,142,-83
113000153,1805,776,1029
113000154,1186,1978,-792
113000155,452,823,-371
113000156,185,505,-320
113000157,337,1105,-768
113000158,896,320,576
113000159,1186,960,226
113000160,770,1326,-556
113000161,295,546,-251
113000162,1103,727,376
113000163,250,82,168
113000164,24,140,-116
113000166,150,150,0
113000167,90,149,-59
113000168,112,162,-50
113000169,181,86,95
113000170,127,156,-29
113000171,44,128,-84
113000172,264,108,156
113000173,83,32,51
113000174,152,488,-336
113000175,491,162,329
113000176,603,210,393
113000177,189,491,-302
113000178,289,452,-163
113000179,347,247,100
113000180,866,1258,-392
113000181,1171,1082,89
113000182,193,638,-445
113000183,161,711,-550
113000184,40,220,-180
113000189,604,1027,-423
113000190,1377,852,525
113000192,1867,2762,-895
113000193,5237,1454,3783
113000194,2272,1564,708
113000195,3109,1312,1797
113000196,206,97,109
113000197,2076,1278,798
113000198,133,430,-297
113000199,2100,495,1605
113000201,327,304,23
113000202,4137,1596,2541
113000203,492,154,338
113000204,1831,2536,-705
113000205,22,51,-29
113000206,17,57,-40
113000207,107,53,54
113000208,74,64,10
113000209,25,35,-10
113000210,10,54,-44
113000211,179,231,-52
113000212,121,43,78
113000213,47,145,-98
113000214,179,336,-157
113000234,249,1168,-919
113000410,225,329,-104
113000411,3441,5346,-1905
113000412,7209,2845,4364
113000413,3338,3645,-307
113000414,7943,16089,-8146
113000415,2961,3850,-889
113000416,10876,5407,5469
113000417,3808,3840,-32
113000418,5280,4259,1021
113000419,2449,2718,-269
113000420,5103,7180,-2077
113000421,4949,7119,-2170
113000422,15082,13062,2020
113000423,2788,6011,-3223
113000424,3658,9074,-5416
113000425,18,102,-84
113000428,198,51,147
113000430,20,191,-171
113000432,2554,202,2352
113000433,143,1003,-860
113000434,36,193,-157
113000435,52,776,-724
113000436,27,1472,-1445
113000437,1230,29,1201
113000438,333,16,317
113000439,16,162,-146
113000440,116,53,63
113000441,247,218,29
113000442,193,206,-13
113000443,326,280,46
113000444,221,239,-18
113000445,122,157,-35
113000446,38,124,-86
113000448,173,215,-42
113000449,278,1077,-799
113000450,681,2367,-1686
113000451,1087,225,862
113000452,652,431,221
113000453,51,356,-305
113000454,1030,42,988
113000455,8,285,-277
113000456,4991,3536,1455
113000468,1924,346,1578
113000469,153,193,-40
113000470,498,17,481
113000471,10,438,-428
113000472,148,399,-251
113000474,559,648,-89
113000475,1738,1968,-230
113000476,1388,2262,-874
113000477,3207,2413,794
113000478,4601,6464,-1863
113000479,100,236,-136
113000480,110,218,-108
113000481,0,0,0
113000482,0,0,0
113000483,0,1,-1
113000484,0,0,0
113000485,2,0,2
113000486,15,0,15
113000487,1,0,1
113000488,2,1,1
113000489,0,4,-4
113000490,0,39,-39
113000491,12,16,-4
113000492,0,0,0
113000493,0,1,-1
113000495,182,193,-11
113000496,123,136,-13
113000497,0,0,0
113000499,0,0,0
113000500,0,3,-3
113900001,4,263,-259
113900002,1,81,-80
113900003,2,64,-62
113900004,1,43,-42
113900005,4,78,-74
113900006,6,12,-6
113900007,94,25,69
113900008,37,0,37
113900009,158,2,156
113900010,148,2,146
113900011,50,1,49
113900012,36,7,29
113900013,323,9,314
113900014,595,7,588
113900015,0,82,-82
113900016,32,0,32
113900017,10,75,-65
113900018,575,356,219
113900019,223,110,113
113900020,184,1,183
113900022,34,0,34
113900023,34,0,34
113900024,115,82,33
113900025,355,27,328
113900026,62,0,62
113900027,11,139,-128
113900028,27,547,-520
113900029,76,237,-161
113900030,244,3,241
113900031,28,5,23
113900032,31,1,30
113900033,48,107,-59
113900035,94,2,92
113900036,28,141,-113
113900037,243,556,-313
113900038,47,134,-87
113900039,151,23,128
113900040,15,12,3
113900041,8,3,5
113900042,90,80,10
113900043,239,152,87
113900044,364,337,27
113900045,163,4,159
113900046,409,755,-346
113900047,83,120,-37
113900048,257,114,143
113900049,797,339,458
113900050,277,481,-204
113900051,314,464,-150
113900052,241,196,45
113900053,905,567,338
113900054,40,4,36
113900055,144,513,-369
113900056,98,226,-128
113900057,26,103,-77
113900058,100,181,-81
113900059,245,429,-184
113900060,303,317,-14
113900061,1310,403,907
113900062,103,21,82
113900063,181,174,7
113900064,18,175,-157
113900065,446,14,432
113900066,487,396,91
113900067,210,319,-109
113900068,516,440,76
113900069,91,43,48
113900070,243,772,-529
113900071,95,85,10
113900072,101,195,-94
113900073,279,511,-232
113900074,166,396,-230
113900075,1490,1186,304
113900076,263,17,246
113900077,77,245,-168
113900078,69,58,11
113900079,3,57,-54
113900080,589,304,285
113900081,114,259,-145
113900082,145,335,-190
113900083,436,533,-97
113900084,284,144,140
113900085,70,341,-271
113900086,51,20,31
113900087,117,318,-201
113900088,86,96,-10
113900089,566,72,494
113900090,728,520,208
113900091,56,32,24
113900092,99,132,-33
113900093,118,874,-756
113900094,461,520,-59
113900095,145,126,19
113900096,398,119,279
113900097,31,114,-83
113900098,723,123,600
113900099,1,60,-59
113900100,0,7,-7
113900101,40,103,-63
113900102,208,192,16
113900103,391,391,0
113900104,188,277,-89
113900105,104,259,-155
113900106,1,76,-75
113900107,3,51,-48
113900108,348,342,6
113900109,515,273,242
113900110,54,9,45
113900111,219,126,93
113900112,153,122,31
113900113,1160,635,525
113900114,2,117,-115
113900115,1,77,-76
113900116,173,194,-21
113900117,117,33,84
113900118,267,437,-170
113900119,296,626,-330
113900120,55,73,-18
113900121,114,128,-14
113900122,556,2096,-1540
113900123,529,255,274
113900124,3,83,-80
113900125,1110,150,960
113900126,275,90,185
113900127,354,960,-606
113900128,187,69,118
113900129,27,199,-172
113900130,8,79,-71
113900131,319,120,199
113900132,56,65,-9
113900133,10,57,-47
113900135,352,489,-137
113900136,133,121,12
113900137,396,308,88
113900138,102,280,-178
113900139,417,165,252
113900140,443,541,-98
113900141,610,435,175
113900142,210,149,61
113900143,9,40,-31
113900144,303,319,-16
113900145,515,265,250
113900146,169,71,98
113900148,163,321,-158
113900149,232,134,98
113900150,949,718,231
113900151,520,285,235
113900152,56,66,-10
113900153,376,735,-359
113900154,7,204,-197
113900155,317,270,47
113900156,229,572,-343
113900157,53,314,-261
113900158,497,550,-53
113900159,21,380,-359
113900160,1079,653,426
113900161,103,287,-184
113900162,744,1119,-375
113900163,421,313,108
113900164,279,70,209
113900165,1065,570,495
113900166,439,248,191
113900167,289,51,238
113900168,181,135,46
113900169,282,466,-184
113900171,219,86,133
113900172,22,249,-227
113900173,60,587,-527
113900174,601,729,-128
113900175,537,162,375
113900176,682,755,-73
113900177,437,293,144
113900178,668,154,514
113900179,27,468,-441
113900180,219,153,66
113900181,869,176,693
113900182,964,1376,-412
113900183,95,97,-2
113900184,24,589,-565
113900185,224,119,105
113900186,62,60,2
113900187,47,171,-124
113900188,63,260,-197
113900189,344,161,183
113900190,328,140,188
113900191,165,339,-174
113900192,11,624,-613
113900193,36,262,-226
113900194,1931,1312,619
113900195,267,467,-200
113900196,19,210,-191
113900197,3,213,-210
113900198,53,292,-239
113900199,254,907,-653
113900200,23,323,-300
113900201,0,215,-215
113900202,53,352,-299
113900203,1,124,-123
113900204,85,631,-546
113900205,31,196,-165
113900206,11,199,-188
113900207,13,154,-141
113900208,4,73,-69
113900209,0,87,-87
113900210,722,980,-258
113900211,266,95,171
113900212,202,518,-316
113900214,479,554,-75
113900215,55,142,-87
113900216,121,1038,-917
113900217,97,318,-221
113900218,246,75,171
113900219,146,427,-281
113900220,206,152,54
113900221,585,354,231
113900222,402,745,-343
113900223,105,1059,-954
113900224,110,88,22
113900225,665,311,354
113900226,479,183,296
113900227,763,288,475
113900228,420,629,-209
113900229,92,888,-796
113900230,5316,4229,1087
113900231,239,213,26
113900232,138,113,25
113900233,128,80,48
113900234,448,581,-133
113900235,154,39,115
113900236,157,392,-235
113900237,219,15,204
113900238,355,607,-252
113900239,75,111,-36
113900240,22,223,-201
113900241,137,72,65
113900242,52,131,-79
113900243,165,506,-341
113900244,367,270,97
113900245,1733,401,1332
113900246,14,35,-21
113900247,193,565,-372
113900248,3198,2153,1045
113900249,1082,423,659
113900250,69,165,-96
113900251,682,230,452
113900252,548,28,520
113900253,773,74,699
113900254,956,169,787
113900255,473,36,437
113900256,357,30,327
113900257,31,598,-567
113900258,27,469,-442
113900259,521,264,257
113900260,215,17,198
113900261,29,120,-91
113900262,157,676,-519
113900263,256,839,-583
113900264,10,487,-477
113900265,264,476,-212
113900266,41,216,-175
113900267,139,608,-469
113900268,426,513,-87
113900269,80,205,-125
113900270,355,911,-556
113900271,813,1391,-578
113900273,73,27,46
113900274,66,49,17
113900275,48,77,-29
113900276,2,191,-189
113900277,168,8,160
113900278,357,285,72
113900279,145,143,2
113900280,1681,718,963
113900281,833,1610,-777
113900282,1238,896,342
113900283,563,683,-120
113900284,853,406,447
113900285,145,59,86
113900286,150,165,-15
113900287,47,112,-65
113900288,5,175,-170
113900289,1196,131,1065
113900290,328,304,24
113900291,160,288,-128
113900292,25,6,19
113900293,6,327,-321
113900294,447,25,422
113900295,584,480,104
113900296,2143,541,1602
113900297,2938,65,2873
113900298,10,1937,-1927
113900299,65,179,-114
113900300,6064,4279,1785
113900301,840,605,235
113900302,2926,1348,1578
113900303,673,551,122
113900304,4,141,-137
113900305,123,4,119
113900306,79,1,78
113900307,67,0,67
113900308,109,141,-32
113900309,3,904,-901
113900310,2,19,-17
113900311,13,0,13
113900312,285,256,29
113900313,22,16,6
114000001,1318,3538,-2220
114000002,339,413,-74
114000003,68,433,-365
114000004,436,548,-112
114000005,282,334,-52
114000006,3145,2410,735
114000007,953,1328,-375
114000008,1726,2097,-371
114000009,839,303,536
114000011,2965,2957,8
114000012,2640,2209,431
114000013,2031,1837,194
114000014,632,435,197
114000015,2238,503,1735
114000016,256,404,-148
114000017,101,370,-269
114000018,314,55,259
114000026,1822,1580,242
114000027,3239,2364,875
114000028,2729,3132,-403
114000038,354,227,127
114000039,124,76,48
114000040,90,323,-233
114000042,174,179,-5
114000043,90,141,-51
114000044,215,53,162
114000045,61,100,-39
114000046,4669,5745,-1076
114000047,20,117,-97
114000048,94,57,37
114000049,1743,1837,-94
114000050,1773,2536,-763
114000051,3475,2417,1058
114000052,5690,2111,3579
114000053,149,600,-451
114000054,324,998,-674
114000055,335,55,280
114000056,1672,1077,595
114000057,6597,2841,3756
114000058,854,1842,-988
114000059,465,425,40
114000060,859,1019,-160
114000061,3724,3579,145
114000062,3321,2084,1237
114000063,3558,2118,1440
114000064,8212,4459,3753
114000065,2183,2776,-593
114000066,480,651,-171
114000067,32,777,-745
114000068,620,799,-179
114000069,1205,783,422
114000070,2591,2185,406
114000071,950,710,240
114000072,594,364,230
114000073,17,106,-89
114000074,56,19,37
114000075,63,117,-54
114000076,61,135,-74
114000077,10,52,-42
114000078,524,814,-290
114000079,157,70,87
114000080,85,143,-58
114000081,68,100,-32
114000082,46,569,-523
114000083,115,404,-289
114000084,413,121,292
114000085,202,840,-638
114000086,286,607,-321
114000087,163,211,-48
114000088,45,57,-12
114000089,1135,557,578
114000090,1004,1093,-89
114000091,2153,1055,1098
114000092,1329,592,737
114000093,1676,965,711
114000094,348,482,-134
114000095,317,191,126
114000096,179,539,-360
114000097,135,763,-628
114000098,631,132,499
114000099,649,671,-22
114000100,1623,900,723
114000101,481,1011,-530
114000102,640,374,266
114000103,211,403,-192
114000104,77,319,-242
114000105,195,113,82
114000106,1047,1130,-83
114000107,446,120,326
114000108,1656,1456,200
114000109,556,1050,-494
114000110,786,1834,-1048
114000111,1900,1018,882
114000112,712,2167,-1455
114000113,1241,685,556
114000114,1884,1678,206
114000115,2219,1466,753
114000116,1259,754,505
114000117,3238,587,2651
114000118,2751,606,2145
114000119,1663,557,1106
114000120,589,947,-358
114000121,436,815,-379
114000122,437,373,64
114000123,2128,550,1578
114000124,977,337,640
114000125,901,1475,-574
114000126,2661,305,2356
114000127,369,214,155
114000128,846,504,342
114000130,611,578,33
114000131,329,132,197
114000132,791,667,124
114000133,1277,1737,-460
114000134,109,248,-139
114000138,61,315,-254
114000139,540,328,212
114000144,1071,620,451
114000145,114,241,-127
114000146,176,372,-196
114000147,1701,2011,-310
114000148,2274,2171,103
114000149,458,363,95
114000150,663,839,-176
114000151,949,1512,-563
114000152,188,49,139
114000153,934,2651,-1717
114000154,930,930,0
114000155,2853,2496,357
114000156,1137,820,317
114000157,411,1090,-679
114000158,2049,1007,1042
114000159,254,533,-279
114000160,147,549,-402
114000161,1651,3748,-2097
114000162,1311,2892,-1581
114000163,21,184,-163
114000165,859,348,511
114000166,1038,555,483
114000167,3945,1933,2012
114000168,1044,1026,18
114000169,1795,1578,217
114000170,1241,1132,109
114000171,1255,1908,-653
114000174,265,630,-365
114000176,650,624,26
114000177,2338,1266,1072
114000178,100,70,30
114000179,1269,779,490
114000180,637,916,-279
114000181,2251,4195,-1944
114000182,4862,2827,2035
114000183,1160,907,253
114000184,524,1453,-929
114000185,1742,984,758
114000189,1093,203,890
114000190,2821,471,2350
114000191,65,74,-9
114000192,358,1739,-1381
114000193,950,3411,-2461
114000194,1286,1111,175
114000195,178,47,131
114000196,2,249,-247
114000197,1257,76,1181
114000198,963,408,555
114000199,2347,2052,295
114000200,678,2063,-1385
114000201,186,943,-757
114000202,1411,578,833
114000203,512,596,-84
114000204,239,534,-295
114000205,318,1784,-1466
114000206,773,1511,-738
114000207,661,2192,-1531
114000208,551,3131,-2580
114000209,821,2542,-1721
114000210,376,1499,-1123
114000211,1059,2601,-1542
114000212,835,967,-132
114000213,1322,615,707
114000214,150,278,-128
114000215,289,130,159
114000216,1666,530,1136
114000217,338,306,32
114000218,164,288,-124
114000219,1374,315,1059
114000220,43,957,-914
114000221,906,238,668
114000222,219,1181,-962
114000223,445,169,276
114000224,137,712,-575
114000225,217,742,-525
114000226,172,282,-110
114000227,878,602,276
114000228,1008,1017,-9
114000229,1282,1525,-243
114000230,2004,1462,542
114000231,993,1445,-452
114000232,766,179,587
114000233,2267,197,2070
114000234,1077,1148,-71
114000235,1160,1510,-350
114000236,1,480,-479
114000237,137,996,-859
114000238,326,184,142
114000239,364,1260,-896
114000240,973,1009,-36
114000241,314,1077,-763
114000242,1040,929,111
114000243,1932,972,960
114000244,1735,468,1267
114000245,434,644,-210
114000246,152,46,106
114000247,1775,905,870
114000248,2120,616,1504
114000249,539,797,-258
114000250,644,1026,-382
114000251,519,281,238
114000252,63,92,-29
114000253,83,165,-82
114000254,66,109,-43
114000255,652,240,412
114000256,2280,2719,-439
114000257,483,1534,-1051
114000258,380,580,-200
114000259,228,268,-40
114000260,0,34,-34
114000261,41,47,-6
114000262,262,166,96
114000263,20,4,16
114000264,1306,666,640
114000265,0,9,-9
114000267,2,2226,-2224
114000268,3,1705,-1702
114000270,226,43,183
114000271,583,78,505
114000283,1398,610,788
114000285,39,248,-209
114000288,148,394,-246
114000289,1250,206,1044
114000293,223,490,-267
114000294,218,414,-196
114000395,1933,79,1854
114000396,645,649,-4
114000402,530,370,160
114000403,308,417,-109
114000405,186,513,-327
114000423,410,526,-116
114000424,610,248,362
114000425,857,512,345
114000426,369,936,-567
114000427,68,80,-12
114000428,257,234,23
114000429,24,307,-283
114000432,138,109,29
114000434,45,124,-79
114000435,13,232,-219
114000436,3535,1186,2349
114000437,639,2713,-2074
114900001,867,1268,-401
114900002,1054,195,859
114900003,688,1607,-919
114900004,315,567,-252
114900005,636,912,-276
114900006,117,122,-5
114900007,419,36,383
114900008,214,148,66
114900010,2341,2131,210
114900011,246,169,77
114900013,312,191,121
114900015,118,522,-404
114900018,928,23,905
114900020,225,76,149
114900022,57,719,-662
114900024,339,241,98
114900025,522,214,308
114900026,58,164,-106
114900027,310,275,35
114900029,21,45,-24
114900030,383,214,169
114900031,439,45,394
114900032,475,45,430
114900033,1228,877,351
114900034,72,286,-214
114900035,239,373,-134
114900036,291,777,-486
114900037,149,235,-86
114900038,185,652,-467
114900039,600,712,-112
114900040,87,199,-112
114900041,661,610,51
114900042,922,840,82
114900043,628,357,271
114900044,264,56,208
114900046,84,177,-93
114900047,315,2062,-1747
114900048,153,310,-157
114900049,6,207,-201
114900050,64,483,-419
114900051,27,397,-370
114900052,164,298,-134
114900053,206,364,-158
114900054,56,217,-161
114900057,307,34,273
114900058,3,85,-82
114900059,97,62,35
114900060,1599,974,625
114900061,149,302,-153
114900062,355,506,-151
114900063,68,266,-198
114900064,1471,625,846
114900065,417,761,-344
114900067,159,503,-344
114900068,105,205,-100
114900069,262,161,101
114900070,642,483,159
114900072,15,391,-376
114900073,8,222,-214
114900074,737,808,-71
114900075,511,17,494
114900076,24,496,-472
114900080,2211,493,1718
114900082,3993,2213,1780
114900083,1581,1412,169
114900090,412,248,164
114900091,221,288,-67
114900095,475,160,315
114900096,568,814,-246
114900097,181,2,179
114900098,7,284,-277
114900099,319,4,315
115000001,6828,4415,2413
115000002,3546,4363,-817
115000003,5596,3662,1934
115000004,3874,6670,-2796
115000005,1795,2466,-671
115000006,1022,1815,-793
115000007,121,194,-73
115000008,850,672,178
115000009,185,259,-74
115000010,303,179,124
115000013,95,183,-88
115000015,63,326,-263
115000016,377,299,78
115000019,53,501,-448
115000020,133,898,-765
115000021,322,486,-164
115000022,702,538,164
115000023,467,765,-298
115000024,1434,719,715
115000025,947,1019,-72
115000026,211,564,-353
115000027,324,451,-127
115000028,364,1129,-765
115000029,666,207,459
115000030,1231,1505,-274
115000031,1533,625,908
115000032,15,348,-333
115000033,159,54,105
115000034,120,1444,-1324
115000035,1352,82,1270
115000036,0,537,-537
115000037,792,16,776
115000038,66,212,-146
115000039,3950,3607,343
115000040,8232,3549,4683
115000041,1689,4073,-2384
115000042,1558,887,671
115000043,4054,2538,1516
115000044,4383,4615,-232
115000045,2819,2117,702
115000046,2343,2545,-202
115000047,2106,1891,215
115000048,1605,2763,-1158
115000049,1857,3942,-2085
115000050,3337,2617,720
115000051,1941,3432,-1491
115000052,2373,2229,144
115000053,1908,1944,-36
115000054,749,1484,-735
115000055,230,629,-399
115000056,298,686,-388
115000057,892,1112,-220
115000058,677,328,349
115000059,284,152,132
115000061,224,200,24
115000062,221,337,-116
115000063,354,375,-21
115000064,264,137,127
115000065,53,470,-417
115000067,247,30,217
115000069,97,383,-286
115000070,51,1148,-1097
115000071,159,21,138
115000072,22,108,-86
115000073,1447,79,1368
115000075,105,124,-19
115000076,4220,3709,511
115000077,2837,3123,-286
115000078,1549,1689,-140
115000079,2346,2065,281
115000080,3115,2706,409
115000081,673,1236,-563
115000082,4322,4220,102
115000083,2354,2945,-591
115000084,2394,1314,1080
115000085,976,1299,-323
115000086,1224,1178,46
115000087,604,2010,-1406
115000088,2079,989,1090
115000089,1503,1737,-234
115000090,701,1049,-348
115000091,258,1128,-870
115000092,621,371,250
115000093,588,4,584
115000094,7838,6101,1737
115000095,5542,6778,-1236
115000096,859,1776,-917
115000097,820,969,-149
115000098,1082,985,97
115000099,3002,2981,21
115000100,1054,493,561
115000101,456,1792,-1336
115000102,464,333,131
115000103,322,832,-510
115000105,64,186,-122
115000106,632,369,263
115000107,289,540,-251
115000108,4148,3025,1123
115000109,5058,5297,-239
115000110,1782,1741,41
115000111,975,2313,-1338
115000112,1000,1014,-14
115000113,1002,1232,-230
115000114,2385,1127,1258
115000116,4904,3134,1770
115000117,5075,4394,681
115000118,3728,2186,1542
115000119,4087,3274,813
115000120,874,1524,-650
115000121,1907,1297,610
115000122,5933,2121,3812
115000123,2312,2794,-482
115000124,1295,1176,119
115000125,577,755,-178
115000126,203,368,-165
115000127,472,156,316
115000128,740,920,-180
115000129,323,403,-80
115000130,551,1072,-521
115000131,998,341,657
115000132,569,541,28
115000133,869,371,498
115000134,773,437,336
115000135,432,266,166
115000136,357,395,-38
115000137,136,229,-93
115000138,375,314,61
115000139,286,265,21
115000140,341,302,39
115000141,208,360,-152
115000142,211,284,-73
115000143,797,701,96
115000144,645,96,549
115000145,301,363,-62
115000146,635,487,148
115000147,719,588,131
115000148,330,1243,-913
115000149,586,292,294
115000150,953,1073,-120
115000151,1319,752,567
115000152,1008,1302,-294
115000153,1218,981,237
115000154,825,512,313
115000155,882,1163,-281
115000156,1340,1034,306
115000157,1076,972,104
115000158,870,469,401
115000159,987,780,207
115000160,846,747,99
115000161,543,675,-132
115000162,967,912,55
115000163,685,740,-55
115000164,809,655,154
115000165,555,639,-84
115000167,167,96,71
115000168,739,420,319
115000169,649,469,180
115000170,164,137,27
115000171,331,240,91
115000172,1687,730,957
115000173,390,588,-198
115000174,224,273,-49
115000175,224,172,52
115000176,247,144,103
115000177,226,246,-20
115000178,52,302,-250
115000179,39,67,-28
115000180,163,685,-522
115000181,674,245,429
115000182,910,435,475
115000183,506,937,-431
115000186,799,395,404
115000187,257,883,-626
115000188,566,617,-51
115000189,275,547,-272
115000190,943,476,467
115000191,282,608,-326
115000194,197,253,-56
115000195,478,474,4
115000196,206,119,87
115000197,360,326,34
115000198,444,252,192
115000199,405,224,181
115000200,436,160,276
115000201,194,488,-294
115000206,601,98,503
115000207,168,437,-269
115000208,574,847,-273
115000209,983,410,573
115000210,224,190,34
115000211,450,337,113
115000212,1576,413,1163
115000224,535,69,466
115000225,53,116,-63
115000229,200,196,4
115000230,155,494,-339
115000231,350,1939,-1589
115000232,1753,349,1404
115000233,191,308,-117
115000234,28,323,-295
115000241,90,329,-239
115000242,131,313,-182
115000243,48,260,-212
115000244,18,130,-112
115000246,32,36,-4
115000247,57,16,41
115000248,23,26,-3
115000249,42,34,8
115000250,298,52,246
115000251,347,198,149
115000252,128,317,-189
115000253,19,582,-563
115000258,360,198,162
115000259,398,248,150
115000261,25,33,-8
115000262,19,49,-30
115000263,16,43,-27
115000264,51,34,17
115000267,102,71,31
115000268,47,166,-119
115000269,152,94,58
115000270,43,22,21
115000272,57,182,-125
115000273,411,43,368
115000280,2702,225,2477
115000281,815,693,122
115000282,2405,1083,1322
115000284,379,193,186
115000296,1435,14,1421
115000297,300,146,154
115000298,217,467,-250
115000300,232,211,21
115000302,615,231,384
115000303,727,199,528
115000304,840,122,718
115000305,107,898,-791
115000306,238,465,-227
115000307,152,216,-64
115000308,43,25,18
115000309,37,46,-9
115000310,1075,1266,-191
115000311,901,1439,-538
115000313,133,770,-637
115000314,563,154,409
115000315,1107,505,602
115000316,104,147,-43
115000317,225,599,-374
115000318,870,352,518
115000319,61,337,-276
115000320,21,477,-456
115000321,566,66,500
115000322,56,256,-200
115000449,390,255,135
115000557,8,1174,-1166
115000558,501,115,386
115000587,560,646,-86
115000588,2365,2976,-611
115000589,3511,2708,803
115000590,1380,1725,-345
115000591,2013,818,1195
115000592,789,1810,-1021
115000593,1559,689,870
115000594,1171,2386,-1215
115000609,150,153,-3
115000617,2521,3888,-1367
115000624,420,113,307
115000633,503,2457,-1954
115000634,2843,1248,1595
115000635,531,139,392
115000638,1031,901,130
115000641,51,162,-111
115000642,397,466,-69
115000643,180,625,-445
115000644,219,577,-358
115000646,1249,2107,-858
115000647,249,654,-405
115000648,1866,2505,-639
115000893,3561,1577,1984
115000894,161,1206,-1045
115000895,427,769,-342
115000896,1088,394,694
115000897,702,194,508
115000898,1074,297,777
115000899,670,1194,-524
115000900,139,412,-273
115000901,72,106,-34
115000912,388,111,277
115000913,1,26,-25
115000915,22,0,22
115000916,20,0,20
115000917,0,12,-12
115000918,110,585,-475
115000919,22,23,-1
115000920,118,63,55
115000921,973,148,825
115000922,958,777,181
115000923,388,956,-568
115000925,91,91,0
115000927,47,71,-24
115000933,176,207,-31
115000934,241,264,-23
115000935,165,167,-2
115000936,30,408,-378
115000937,270,89,181
115000938,27,120,-93
115000939,33,104,-71
115900001,109,61,48
115900002,111,140,-29
115900003,229,133,96
115900004,0,73,-73
115900005,136,12,124
115900006,246,330,-84
115900008,56,15,41
115900009,110,335,-225
115900010,380,223,157
115900011,565,290,275
115900012,153,103,50
115900013,471,208,263
115900014,168,227,-59
115900015,128,77,51
115900016,180,32,148
115900017,18,16,2
115900018,221,114,107
115900019,732,22,710
115900020,95,3,92
115900021,1628,190,1438
115900022,1457,16,1441
115900023,46,4,42
115900025,124,411,-287
115900026,957,334,623
115900027,0,370,-370
115900028,985,99,886
115900029,20,474,-454
115900030,64,58,6
115900031,446,492,-46
115900032,636,914,-278
115900033,2,91,-89
115900034,46,569,-523
115900035,60,32,28
115900036,142,727,-585
115900037,80,519,-439
115900038,46,24,22
115900039,261,291,-30
115900041,608,705,-97
115900042,26,12,14
115900043,144,108,36
115900044,370,357,13
115900046,302,367,-65
115900047,212,160,52
115900049,202,294,-92
115900051,3,59,-56
115900052,20,244,-224
115900053,279,252,27
115900054,249,72,177
115900055,28,171,-143
115900056,289,419,-130
115900057,28,14,14
115900058,43,98,-55
115900060,238,232,6
115900061,185,2,183
115900062,44,247,-203
115900063,83,32,51
115900064,220,292,-72
115900065,135,192,-57
115900066,225,206,19
115900067,16,760,-744
115900068,3324,1017,2307
115900069,183,251,-68
115900070,179,246,-67
115900071,0,505,-505
115900072,51,285,-234
115900073,104,104,0
115900074,5,333,-328
115900075,36,338,-302
115900076,3,71,-68
115900077,9,314,-305
115900078,133,165,-32
115900079,238,30,208
115900080,517,274,243
115900081,19,81,-62
115900082,188,233,-45
115900084,579,29,550
115900085,81,104,-23
115900086,1756,773,983
115900088,25,106,-81
115900089,400,732,-332
115900090,425,24,401
115900091,36,60,-24
115900092,10,179,-169
115900093,15,37,-22
115900094,4,358,-354
115900096,21,25,-4
115900097,9,399,-390
115900098,184,419,-235
115900099,224,78,146
115900100,13,620,-607
115900101,172,319,-147
115900102,103,58,45
115900103,390,221,169
115900104,58,140,-82
115900105,372,794,-422
115900106,79,62,17
115900107,153,163,-10
115900108,158,86,72
115900109,77,481,-404
115900110,4,24,-20
115900111,2,98,-96
115900112,42,1022,-980
115900113,64,61,3
115900114,15,173,-158
115900115,107,314,-207
115900116,95,1068,-973
115900117,85,43,42
115900118,7,325,-318
115900119,184,184,0
115900120,31,510,-479
115900121,158,387,-229
115900124,707,775,-68
115900125,321,70,251
115900126,761,126,635
115900127,835,83,752
115900128,18,158,-140
115900129,1019,75,944
115900130,32,233,-201
115900131,516,43,473
115900132,783,10,773
115900134,460,25,435
115900135,455,1256,-801
115900137,74,13,61
115900139,62,74,-12
115900140,319,40,279
115900141,10,48,-38
115900142,27,30,-3
115900143,233,364,-131
115900144,80,238,-158
115900146,31,116,-85
115900147,347,339,8
115900148,137,13,124
115900149,98,30,68
115900150,72,29,43
115900151,11,104,-93
115900152,156,348,-192
115900153,148,263,-115
115900154,677,502,175
115900155,0,59,-59
115900156,819,978,-159
115900157,205,514,-309
115900158,19,7,12
115900159,142,265,-123
115900160,17,10,7
115900161,171,233,-62
115900163,259,163,96
115900164,598,40,558
115900165,6,188,-182
115900166,318,253,65
115900168,96,206,-110
115900171,145,543,-398
115900172,81,173,-92
115900173,330,222,108
115900174,275,263,12
115900175,151,320,-169
115900178,12,657,-645
115900179,308,11,297
115900180,55,192,-137
115900181,212,261,-49
115900182,474,323,151
115900183,129,28,101
115900184,2302,18,2284
115900187,23,125,-102
115900189,3,291,-288
115900190,397,1615,-1218
115900191,42,491,-449
115900192,16,126,-110
115900193,444,180,264
115900194,760,105,655
115900195,780,2388,-1608
115900198,307,418,-111
115900199,176,304,-128
115900200,464,561,-97
115900201,584,359,225
115900202,1,57,-56
115900203,17,17,0
115900204,0,2,-2
115900205,110,51,59
115900206,198,196,2
115900207,47,37,10
115900208,158,221,-63
115900209,7,143,-136
115900210,6,189,-183
115900211,2,309,-307
115900212,163,380,-217
115900213,145,85,60
115900214,495,381,114
115900215,32,155,-123
115900216,8,114,-106
115900217,34,54,-20
115900218,17,41,-24
115900219,101,12,89
115900220,193,47,146
115900221,88,27,61
115900222,94,46,48
115900223,12,458,-446
115900224,1304,1226,78
115900225,88,73,15
115900226,35,72,-37
115900227,13,65,-52
115900228,9,39,-30
115900229,1,49,-48
115900230,50,137,-87
115900231,92,5,87
115900232,51,3,48
115900233,97,15,82
115900234,69,32,37
115900235,39,41,-2
115900236,188,38,150
115900237,92,30,62
115900238,173,24,149
115900239,28,40,-12
115900240,22,56,-34
115900241,288,210,78
115900242,267,393,-126
115900243,8,22,-14
115900244,15,26,-11
115900245,59,16,43
115900246,20,18,2
115900247,44,14,30
115900248,16,6,10
115900249,9,20,-11
115900250,14,61,-47
115900251,4,19,-15
115900252,12,2,10
115900253,25,20,5
115900254,11,31,-20
115900255,2,23,-21
115900256,50,23,27
115900257,4,20,-16
115900258,0,1,-1
115900259,9,3,6
115900260,14,4,10
115900261,22,7,15
115900262,4,3,1
115900263,9,0,9
115900264,33,4,29
115900265,2,24,-22
115900266,6,37,-31
115900267,11,14,-3
115900268,4,14,-10
115900269,423,579,-156
115900270,553,497,56
115900271,83,0,83
115900272,25,5,20
115900273,22,21,1
115900274,0,14,-14
115900275,1,38,-37
115900276,0,28,-28
115900277,0,47,-47
115900278,69,144,-75
115900279,18,186,-168
115900280,22,426,-404
115900281,390,223,167
115900282,4,11,-7
116000001,14269,5943,8326
116000002,5600,10826,-5226
116000003,1846,2094,-248
116000004,2344,3542,-1198
116000005,3499,3677,-178
116000006,2913,2654,259
116000007,3355,4190,-835
116000008,4236,2575,1661
116000009,2431,2948,-517
116000010,2371,1873,498
116000011,977,2217,-1240
116000012,1608,1242,366
116000013,10241,5173,5068
116000014,13891,10620,3271
116000015,473,1668,-1195
116000016,7926,4360,3566
116000017,40,836,-796
116000018,960,424,536
116000019,1120,408,712
116000020,815,1079,-264
116000021,521,351,170
116000022,516,391,125
116000023,1342,904,438
116000024,950,956,-6
116000025,978,976,2
116000026,2352,3285,-933
116000027,1165,750,415
116000028,546,995,-449
116000029,1019,962,57
116000030,935,558,377
116000031,251,427,-176
116000032,522,295,227
116000033,379,635,-256
116000034,734,996,-262
116000035,413,799,-386
116000036,2566,1410,1156
116000037,843,703,140
116000038,674,531,143
116000039,804,558,246
116000040,1073,364,709
116000041,309,580,-271
116000042,615,313,302
116000043,126,704,-578
116000044,20,78,-58
116000045,2054,1353,701
116000046,1334,1674,-340
116000047,1873,2585,-712
116000048,2110,2074,36
116000049,1508,3353,-1845
116000050,1682,1777,-95
116000051,7301,3322,3979
116000052,6947,6360,587
116000053,2285,1047,1238
116000054,819,3139,-2320
116000055,746,1205,-459
116000056,891,1339,-448
116000057,3726,2356,1370
116000058,4421,3638,783
116000059,4537,6268,-1731
116000060,2217,1145,1072
116000061,430,917,-487
116000062,747,305,442
116000063,780,1062,-282
116000066,336,626,-290
116000067,268,546,-278
116000068,291,349,-58
116000069,268,496,-228
116000078,596,1218,-622
116000080,1947,1229,718
116000082,5,67,-62
116000083,1752,463,1289
116000084,2882,4561,-1679
116000085,2633,2390,243
116000086,2178,1421,757
116000087,1978,1792,186
116000088,841,1431,-590
116000089,246,125,121
116000090,160,178,-18
116000091,459,258,201
116000093,997,571,426
116000094,958,858,100
116000095,1038,786,252
116000096,759,1767,-1008
116000097,1398,934,464
116000098,107,7167,-7060
116000099,7283,281,7002
116000100,356,38,318
116000101,1183,1137,46
116000102,312,1545,-1233
116000103,628,345,283
116000104,278,1756,-1478
116000105,1240,243,997
116000106,1013,1047,-34
116000107,3198,478,2720
116000108,748,220,528
116000111,155,42,113
116000113,175,156,19
116000114,59,181,-122
116000115,540,182,358
116000116,346,774,-428
116000117,1599,2422,-823
116000118,1839,1748,91
116000119,3812,2435,1377
116000120,3522,5493,-1971
116000121,1029,664,365
116000122,1541,2139,-598
116000123,1259,622,637
116000124,484,1298,-814
116000125,3414,1048,2366
116000126,456,1781,-1325
116000127,1261,1572,-311
116000128,1835,1090,745
116000129,1341,358,983
116000130,527,430,97
116000133,1154,1000,154
116000134,2080,2672,-592
116000135,2690,1671,1019
116000136,1339,2543,-1204
116000137,1281,830,451
116000138,1239,807,432
116000139,2278,2201,77
116000140,173,186,-13
116000141,457,775,-318
116000142,3270,3185,85
116000143,1795,1781,14
116000144,1526,2233,-707
116000145,1474,1255,219
116000146,477,297,180
116000147,214,143,71
116000148,548,727,-179
116000149,957,1002,-45
116000151,681,653,28
116000153,154,407,-253
116000155,354,271,83
116000156,986,1484,-498
116000157,78,25,53
116000158,507,447,60
116000159,27,11,16
116000160,26,104,-78
116000161,13,139,-126
116000162,134,130,4
116000163,35,21,14
116000164,7,39,-32
116000177,809,127,682
116000194,131,588,-457
116000195,1709,908,801
116000196,27,16,11
116000197,21,21,0
116000198,2991,1417,1574
116000200,869,469,400
116000201,860,871,-11
116000202,17,338,-321
116000203,5,146,-141
116000204,27,90,-63
116000205,1,201,-200
116000206,3,126,-123
116000207,12,78,-66
116000233,283,643,-360
116000287,180,601,-421
116000288,261,260,1
116000292,69,225,-156
116000296,23,173,-150
116000297,94,20,74
116000304,172,42,130
116000305,20,108,-88
116000346,257,203,54
116000352,103,59,44
116000354,45,16,29
116000357,33,62,-29
116000358,499,54,445
116000361,103,3,100
116000372,6214,3905,2309
116000381,110,0,110
116000388,2,72,-70
116000389,1448,792,656
116000445,483,746,-263
116000446,674,820,-146
116000447,12,674,-662
116000448,655,246,409
116000563,1465,1075,390
116000565,81,548,-467
116000568,73,371,-298
116000579,59,159,-100
116000584,23,9,14
116000585,40,17,23
116000586,190,171,19
116000587,649,837,-188
116000589,47,82,-35
116000590,142,72,70
116000591,254,282,-28
116000592,15,115,-100
116000593,0,37,-37
116000594,593,569,24
116000595,769,215,554
116000596,100,8,92
116000597,461,116,345
116000598,53,241,-188
116000602,86,509,-423
116000605,486,196,290
116000606,148,292,-144
116000607,10,65,-55
116000609,253,963,-710
116000611,155,610,-455
116000612,675,1935,-1260
116000613,650,452,198
116000614,521,757,-236
116000615,2,307,-305
116000616,71,130,-59
116000617,93,84,9
116000618,4,156,-152
116000619,93,94,-1
116000620,134,99,35
116000621,91,155,-64
116000622,80,223,-143
116000624,287,127,160
116000627,21,39,-18
116000628,50,277,-227
116000629,18,365,-347
116000630,380,20,360
116000631,94,25,69
116000632,497,276,221
116000633,58,422,-364
116000634,535,28,507
116000635,2348,1740,608
116000636,386,805,-419
116000637,19,1,18
116000638,3,45,-42
116900001,322,243,79
116900002,293,10,283
116900003,26,98,-72
116900004,47,64,-17
116900005,348,89,259
116900006,126,207,-81
116900007,173,196,-23
116900008,503,436,67
116900009,22,4,18
116900010,13,1405,-1392
116900011,21,53,-32
116900012,398,275,123
116900013,11,232,-221
116900014,145,253,-108
116900015,441,81,360
116900016,187,4,183
116900017,7,725,-718
116900018,97,62,35
116900019,8,406,-398
116900020,1238,1048,190
116900023,106,21,85
116900024,626,69,557
116900025,1234,988,246
116900026,238,707,-469
116900027,66,87,-21
116900028,15,119,-104
116900029,3,47,-44
116900031,5,8,-3
116900032,5,385,-380
116900033,25,16,9
116900034,39,93,-54
116900035,210,220,-10
116900036,3,139,-136
116900038,83,4,79
116900041,40,42,-2
116900042,884,342,542
116900043,41,85,-44
116900045,273,111,162
116900047,42,213,-171
116900049,63,351,-288
116900050,135,502,-367
116900051,150,205,-55
116900052,236,100,136
116900055,1,14,-13
116900057,22,270,-248
116900058,58,433,-375
116900059,9,200,-191
116900060,233,252,-19
116900062,10,19,-9
116900064,114,791,-677
116900065,43,119,-76
116900067,142,115,27
116900068,156,272,-116
116900070,8,27,-19
116900072,28,400,-372
116900073,18,128,-110
116900074,8,63,-55
116900076,18,68,-50
116900077,27,250,-223
116900078,243,159,84
116900079,51,261,-210
116900080,19,39,-20
116900081,543,1479,-936
116900082,565,1226,-661
116900083,91,56,35
116900084,201,76,125
116900085,67,225,-158
116900086,72,270,-198
116900088,523,207,316
116900090,182,48,134
116900091,576,40,536
116900092,112,776,-664
116900093,2071,2571,-500
116900094,5242,3850,1392
116900095,227,156,71
116900096,177,526,-349
116900097,3755,2963,792
116900098,977,497,480
116900099,1207,858,349
116900100,949,45,904
116900101,496,626,-130
116900103,7,1,6
116900104,137,91,46
116900105,257,156,101
116900106,1965,427,1538
116900107,4013,2769,1244
116900110,38,5,33
116900111,455,915,-460
116900112,350,1254,-904
116900113,2481,1600,881
116900116,209,623,-414
116900117,146,150,-4
116900118,871,947,-76
116900120,558,141,417
116900121,215,41,174
116900122,1091,1066,25
116900123,269,962,-693
116900124,226,1088,-862
116900125,391,270,121
116900126,275,763,-488
116900128,0,33,-33
116900129,4,448,-444
116900130,875,3525,-2650
116900131,169,506,-337
116900132,62,168,-106
116900133,185,225,-40
116900134,288,373,-85
116900136,440,309,131
116900137,381,215,166
116900138,322,207,115
116900139,238,556,-318
116900140,302,200,102
116900141,1008,666,342
116900142,4,95,-91
116900143,488,434,54
116900144,66,112,-46
116900145,160,342,-182
116900147,786,562,224
116900148,12,64,-52
116900149,78,305,-227
116900150,19,21,-2
116900151,28,17,11
116900153,147,116,31
116900154,933,813,120
116900155,124,83,41
116900157,659,409,250
116900158,152,359,-207
116900159,183,359,-176
116900160,1085,866,219
116900161,7656,6223,1433
116900162,15,94,-79
116900163,242,217,25
116900164,104,100,4
116900165,231,352,-121
116900166,45,93,-48
116900167,546,135,411
116900168,338,112,226
116900169,910,648,262
116900170,385,713,-328
116900171,56,220,-164
116900172,267,347,-80
116900173,321,50,271
116900174,84,45,39
116900175,284,229,55
116900178,35,178,-143
116900179,121,277,-156
116900180,160,34,126
116900182,568,393,175
116900183,193,218,-25
116900185,24,60,-36
116900186,94,331,-237
116900187,110,101,9
116900188,151,43,108
116900189,89,2,87
116900191,569,936,-367
116900192,384,216,168
116900194,254,1315,-1061
116900195,42,19,23
116900196,20,104,-84
116900197,127,32,95
116900198,248,324,-76
116900200,83,43,40
116900201,137,5,132
116900202,172,64,108
116900203,171,19,152
116900204,66,102,-36
116900206,14,24,-10
116900207,49,56,-7
116900208,11,112,-101
116900209,29,149,-120
116900210,667,412,255
116900211,285,5,280
116900212,77,97,-20
116900213,364,222,142
116900214,223,276,-53
116900215,61,94,-33
116900216,274,328,-54
116900218,35,339,-304
116900219,1668,531,1137
116900220,110,303,-193
116900221,99,474,-375
116900222,449,521,-72
116900223,139,420,-281
116900226,143,105,38
116900227,173,81,92
116900228,361,282,79
116900230,88,279,-191
116900231,30,358,-328
116900232,17,522,-505
116900233,266,130,136
116900234,45,27,18
116900235,192,408,-216
116900238,2022,466,1556
116900239,33,1657,-1624
116900240,6449,3796,2653
116900241,147,182,-35
116900242,399,790,-391
116900243,5,101,-96
116900245,41,24,17
116900246,111,11,100
116900247,984,75,909
116900248,101,73,28
116900249,402,159,243
116900250,682,57,625
116900251,571,646,-75
116900252,211,1030,-819
116900253,139,125,14
116900254,60,102,-42
116900255,192,84,108
116900256,434,191,243
116900257,60,569,-509
116900258,14,308,-294
116900259,431,40,391
116900260,1,120,-119
116900261,101,4,97
116900262,436,280,156
116900263,3,22,-19
116900264,1,3,-2
116900265,31,2,29
116900266,16,83,-67
116900267,2,1,1
116900268,441,136,305
116900269,349,733,-384
116900271,1771,251,1520
116900272,425,348,77
116900273,226,101,125
116900274,109,126,-17
116900275,201,132,69
116900276,600,149,451
116900277,702,51,651
116900278,5,24,-19
116900279,2,52,-50
116900280,61,45,16
116900281,6955,4319,2636
116900282,7,140,-133
116900283,17,143,-126
116900284,33,252,-219
116900285,337,174,163
116900286,335,37,298
116900287,7,41,-34
116900288,110,152,-42
116900289,15,25,-10
116900290,7,35,-28
116900291,37,10,27
116900292,0,25,-25
116900293,68,103,-35
116900294,41,226,-185
116900295,109,64,45
116900296,65,51,14
116900297,6,72,-66
116900298,153,69,84
116900299,41,46,-5
116900300,5,93,-88
116900301,65,118,-53
116900302,57,80,-23
116900303,311,61,250
116900304,1,225,-224
116900305,25,54,-29
116900306,184,76,108
117000001,1905,1593,312
117000002,2244,4910,-2666
117000003,6942,3515,3427
117000004,4474,6008,-1534
117000005,2232,2185,47
117000006,1554,3882,-2328
117000007,3773,1426,2347
117000008,1284,4259,-2975
117000009,5581,2192,3389
117000010,3413,4796,-1383
117000011,2389,1725,664
117000012,1393,1481,-88
117000013,2086,957,1129
117000014,1257,2422,-1165
117000015,2729,1324,1405
117000016,426,86,340
117000017,431,143,288
117000018,222,628,-406
117000019,134,4,130
117000020,488,1576,-1088
117000021,2082,488,1594
117000022,752,141,611
117000023,441,187,254
117000024,443,263,180
117000025,743,1075,-332
117000026,2831,1465,1366
117000027,3432,4887,-1455
117000028,4730,2101,2629
117000030,654,558,96
117000031,403,240,163
117000032,2184,1395,789
117000033,1599,986,613
117000034,498,439,59
117000035,326,299,27
117000036,477,414,63
117000037,241,204,37
117000038,306,705,-399
117000039,427,257,170
117000040,236,1227,-991
117000041,1024,196,828
117000044,28,855,-827
117000045,451,116,335
117000046,456,849,-393
117000047,741,724,17
117000048,2371,1333,1038
117000049,232,768,-536
117000050,118,2120,-2002
117000051,1973,108,1865
117000052,74,394,-320
117000053,539,42,497
117000054,2179,30,2149
117000055,21,3709,-3688
117000056,782,35,747
117000057,833,2912,-2079
117000060,681,1829,-1148
117000061,1615,961,654
117000062,356,778,-422
117000063,1968,1095,873
117000064,937,960,-23
117000066,1463,1254,209
117000067,195,632,-437
117000074,293,195,98
117000076,204,52,152
117000077,233,294,-61
117000078,135,934,-799
117000079,612,306,306
117000080,1,374,-373
117000081,1221,174,1047
117000082,17,90,-73
117000083,171,7,164
117000084,282,4,278
117000085,412,893,-481
117000086,1262,574,688
117000087,105,540,-435
117000088,288,238,50
117000089,1630,343,1287
117000090,378,1463,-1085
117000091,863,348,515
117000092,468,1526,-1058
117000093,1088,817,271
117000094,1631,3350,-1719
117000095,3835,1179,2656
117000096,846,2638,-1792
117000097,1420,1482,-62
117000098,3205,5576,-2371
117000099,3615,1538,2077
117000100,199,408,-209
117000101,286,1375,-1089
117000102,1668,797,871
117000103,811,1968,-1157
117000104,1394,770,624
117000105,1056,1949,-893
117000106,1293,991,302
117000107,658,2280,-1622
117000108,1603,987,616
117000109,1919,3079,-1160
117000110,1523,1049,474
117000111,4256,4824,-568
117000112,3796,2151,1645
117000113,299,334,-35
117000114,357,177,180
117000115,215,162,53
117000116,176,342,-166
117000117,1879,1423,456
117000118,238,148,90
117000119,338,157,181
117000120,247,554,-307
117000121,174,1195,-1021
117000122,291,719,-428
117000123,1931,90,1841
117000124,1041,73,968
117000125,544,121,423
117000126,88,20,68
117000127,219,361,-142
117000128,618,940,-322
117000129,261,74,187
117000130,114,10,104
117000131,1,79,-78
117000132,3466,19,3447
117000133,1580,105,1475
117000134,0,76,-76
117000135,6,43,-37
117000136,1,40,-39
117000137,117,200,-83
117000138,2,827,-825
117000140,564,1960,-1396
117000141,1699,704,995
117000181,774,697,77
117000182,407,774,-367
117000195,327,1360,-1033
117000196,335,155,180
117000225,132,24,108
117000226,37,221,-184
117000276,276,16,260
117000277,3,439,-436
117000310,2106,2551,-445
117000315,75,914,-839
117000320,58,1,57
117000906,269,28,241
117000907,24,315,-291
117000908,20,53,-33
117000909,72,38,34
117000910,223,213,10
117000911,165,216,-51
117000915,14,586,-572
117000916,65,7,58
117000917,1345,55,1290
117000918,66,98,-32
117000919,6,134,-128
117000920,4,1605,-1601
117000921,8,1540,-1532
117000922,46,151,-105
117000924,219,480,-261
117000926,1037,119,918
117000927,2252,1208,1044
117000928,1,178,-177
117000929,275,362,-87
117000930,248,17,231
117000931,756,183,573
117900002,176,446,-270
117900003,1251,697,554
117900005,4,34,-30
117900006,2,67,-65
117900007,207,143,64
117900008,0,45,-45
117900010,189,106,83
117900011,106,91,15
117900012,85,105,-20
117900013,1,272,-271
117900014,485,167,318
117900015,11,106,-95
117900016,1653,1074,579
117900017,529,284,245
117900018,353,187,166
117900019,452,290,162
117900020,102,567,-465
117900021,43,101,-58
117900022,74,25,49
117900023,848,157,691
117900024,84,101,-17
117900025,41,16,25
117900026,442,307,135
117900028,110,7,103
117900029,307,649,-342
117900030,592,417,175
117900031,230,133,97
117900032,1230,672,558
117900033,266,574,-308
117900034,37,51,-14
117900035,300,105,195
117900036,228,428,-200
117900037,207,238,-31
117900038,32,480,-448
117900039,5,109,-104
117900040,212,573,-361
117900041,14,89,-75
117900042,4581,517,4064
117900043,48,79,-31
117900044,54,2801,-2747
117900045,199,167,32
117900048,269,332,-63
117900049,225,418,-193
117900050,6,73,-67
117900051,49,3,46
117900052,67,390,-323
117900053,1804,939,865
117900054,6,44,-38
117900055,278,197,81
117900056,472,57,415
117900057,1294,1386,-92
117900058,217,25,192
117900059,368,120,248
117900060,2578,6887,-4309
117900061,29,251,-222
117900063,399,253,146
117900065,1278,1616,-338
117900066,15,90,-75
117900067,398,203,195
117900069,744,318,426
117900070,363,27,336
117900071,96,151,-55
117900073,483,331,152
117900074,186,39,147
117900075,59,100,-41
117900076,7,67,-60
117900077,506,217,289
117900078,329,927,-598
117900080,111,65,46
117900081,794,478,316
117900082,448,450,-2
117900083,277,487,-210
117900086,126,38,88
117900087,247,175,72
117900088,4182,2761,1421
117900089,2672,898,1774
117900090,430,543,-113
117900091,189,257,-68
117900092,61,45,16
117900093,94,238,-144
117900094,46,35,11
117900095,266,330,-64
117900096,147,289,-142
117900097,289,244,45
117900098,56,12,44
117900099,149,205,-56
117900100,223,2,221
117900101,487,2028,-1541
117900102,93,143,-50
117900103,102,1,101
117900104,26,146,-120
117900105,173,305,-132
117900106,163,111,52
117900107,54,1,53
117900109,667,456,211
117900110,336,14,322
117900111,539,36,503
117900112,109,52,57
117900113,4194,2014,2180
117900114,28,1,27
117900115,418,83,335
117900116,1147,1161,-14
117900117,639,445,194
117900118,91,0,91
117900119,226,300,-74
117900120,233,111,122
117900121,231,32,199
117900122,1967,3981,-2014
117900123,724,492,232
117900124,1638,940,698
117900125,2228,2221,7
117900126,321,671,-350
117900127,524,673,-149
117900128,465,860,-395
117900129,159,3,156
117900130,2029,504,1525
117900131,10,175,-165
117900132,17,145,-128
117900133,18,184,-166
117900134,71,371,-300
117900135,60,286,-226
117900136,0,37,-37
117900137,79,451,-372
117900138,2,57,-55
117900139,143,198,-55
117900140,3335,209,3126
117900141,333,218,115
117900142,206,35,171
117900144,156,254,-98
117900145,122,38,84
117900146,230,188,42
117900147,49,83,-34
117900148,3116,1691,1425
117900149,221,254,-33
117900150,33,59,-26
117900151,39,77,-38
117900152,93,108,-15
117900153,31,119,-88
117900154,397,724,-327
117900156,1293,1152,141
117900157,120,741,-621
117900158,292,186,106
117900160,751,828,-77
117900161,3408,2874,534
117900162,370,487,-117
117900163,92,112,-20
117900165,1,28,-27
117900166,149,618,-469
117900168,41,261,-220
117900169,3,137,-134
117900170,9,75,-66
117900171,2,39,-37
117900172,26,68,-42
117900173,183,103,80
117900174,59,87,-28
117900175,7,40,-33
117900176,44,30,14
117900177,36,55,-19
117900178,185,55,130
117900180,260,67,193
117900181,169,440,-271
117900182,7,71,-64
117900183,75,251,-176
117900184,42,85,-43
117900185,44,87,-43
117900186,67,23,44
117900187,20,13,7
117900188,234,46,188
117900189,61,44,17
117900190,39,9,30
117900191,118,1,117
117900192,282,3,279
117900193,50,99,-49
117900194,14,14,0
117900195,108,73,35
117900196,21,74,-53
117900207,270,182,88
117900208,56,49,7
117900209,245,261,-16
117900210,188,273,-85
117900211,28,282,-254
117900212,174,217,-43
117900213,39,12,27
117900214,15,38,-23
117900215,12,40,-28
117900216,36,27,9
117900217,116,382,-266
117900218,112,157,-45
117900219,12,124,-112
117900220,193,110,83
117900222,260,363,-103
117900223,137,320,-183
118000001,983,981,2
118000002,1358,2483,-1125
118000003,2616,3095,-479
118000004,3637,3033,604
118000005,6156,6286,-130
118000006,8100,11651,-3551
118000007,7078,4417,2661
118000008,5965,4596,1369
118000009,2272,4258,-1986
118000010,8235,5601,2634
118000011,1614,3164,-1550
118000012,1546,2673,-1127
118000013,3173,2823,350
118000014,3165,3024,141
118000016,180,573,-393
118000017,640,541,99
118000018,496,793,-297
118000019,2717,1758,959
118000020,2124,3940,-1816
118000021,887,3566,-2679
118000022,2378,1056,1322
118000023,1026,290,736
118000024,2236,1684,552
118000027,17874,14912,2962
118000029,1423,960,463
118000032,1650,4260,-2610
118000033,4160,6896,-2736
118000034,6959,3101,3858
118000035,2098,3172,-1074
118000036,1535,1218,317
118000037,950,1026,-76
118000038,246,115,131
118000039,164,290,-126
118000040,1910,1408,502
118000041,2553,1683,870
118000045,1058,254,804
118000046,1761,626,1135
118000047,1070,841,229
118000048,4220,2168,2052
118000051,3088,1580,1508
118000052,1988,999,989
118000053,721,861,-140
118000054,2205,1887,318
118000055,1518,2063,-545
118000056,966,567,399
118000057,396,525,-129
118000058,5050,2294,2756
118000059,2632,1261,1371
118000060,1241,773,468
118000061,2020,1545,475
118000062,822,496,326
118000063,492,787,-295
118000064,949,1430,-481
118000065,5552,2239,3313
118000066,1119,1813,-694
118000067,1663,1021,642
118000068,2791,4842,-2051
118000069,4894,1519,3375
118000070,6210,2228,3982
118000071,4288,7352,-3064
118000072,2185,1465,720
118000073,3369,858,2511
118000074,670,490,180
118000075,971,445,526
118000076,1953,2461,-508
118000077,1623,1557,66
118000078,2140,2643,-503
118000079,382,552,-170
118000080,1382,1054,328
118000081,2242,1321,921
118000082,350,1433,-1083
118000083,2140,2111,29
118000084,4798,1986,2812
118000086,439,647,-208
118000087,5413,3032,2381
118000088,2163,1714,449
118000089,3866,2232,1634
118000090,1725,3009,-1284
118000091,1319,2436,-1117
118000092,1236,616,620
118000093,99,810,-711
118000096,582,719,-137
118000097,1028,839,189
118000098,302,225,77
118000099,703,945,-242
118000101,1215,403,812
118000102,432,1787,-1355
118000107,2340,618,1722
118000108,892,2289,-1397
118000110,0,36,-36
118000111,0,411,-411
118000112,432,6,426
118000113,8,737,-729
118000114,462,8,454
118000115,16,17,-1
118000116,66,0,66
118000117,1293,906,387
118000118,1065,921,144
118000119,1111,1135,-24
118000120,1906,1551,355
118000121,123,745,-622
118000122,1461,417,1044
118000123,142,329,-187
118000125,1985,1160,825
118000126,810,1580,-770
118000127,2263,645,1618
118000128,921,1419,-498
118000129,1060,345,715
118000130,2639,3502,-863
118000131,764,891,-127
118000132,2486,1940,546
118000133,946,445,501
118000135,769,437,332
118000136,130,468,-338
118000137,729,102,627
118000138,582,783,-201
118000139,378,113,265
118000140,3179,4829,-1650
118000141,2167,2208,-41
118000142,1916,1727,189
118000143,2421,1350,1071
118000144,1572,1064,508
118000145,1923,2528,-605
118000146,1519,1139,380
118000147,934,1947,-1013
118000148,659,1310,-651
118000149,1118,1211,-93
118000150,574,225,349
118000151,578,516,62
118000153,1425,1341,84
118000154,1482,1727,-245
118000155,1554,1570,-16
118000156,2495,2911,-416
118000157,739,523,216
118000158,292,554,-262
118000159,22,91,-69
118000160,574,447,127
118000161,595,975,-380
118000162,2409,1003,1406
118000163,1082,896,186
118000164,2280,1689,591
118000168,1600,757,843
118000169,1168,1399,-231
118000170,5349,7543,-2194
118000171,471,961,-490
118000172,97,361,-264
118000173,1224,1642,-418
118000175,417,403,14
118000176,287,508,-221
118000177,259,594,-335
118000178,60,74,-14
118000179,1579,1588,-9
118000180,1166,883,283
118000181,983,412,571
118000182,308,298,10
118000183,269,344,-75
118000184,987,916,71
118000185,1706,1243,463
118000186,1094,1362,-268
118000187,1369,971,398
118000188,671,234,437
118000189,889,916,-27
118000190,26,30,-4
118000191,51,47,4
118000192,172,192,-20
118000193,92,375,-283
118000194,1473,1120,353
118000195,1311,1081,230
118000196,477,213,264
118000197,411,189,222
118000198,669,724,-55
118000199,647,417,230
118000200,161,328,-167
118000201,564,589,-25
118000202,121,96,25
118000203,1557,756,801
118000204,207,413,-206
118000205,264,404,-140
118000206,307,230,77
118000207,0,64,-64
118000208,1479,1828,-349
118000209,2136,2138,-2
118000210,104,47,57
118000211,26,49,-23
118000213,1404,1750,-346
118000214,736,701,35
118000215,359,227,132
118000216,2343,3604,-1261
118000217,48,171,-123
118000218,101,172,-71
118000219,519,379,140
118000220,7,51,-44
118000221,260,434,-174
118000222,69,16,53
118000223,34,50,-16
118000224,198,139,59
118000225,149,819,-670
118000226,1181,239,942
118000227,1139,468,671
118000228,236,303,-67
118000229,227,93,134
118000230,158,257,-99
118000231,106,241,-135
118000232,896,1126,-230
118000233,1215,905,310
118000234,568,327,241
118000236,476,425,51
118000237,151,504,-353
118000238,330,276,54
118000239,295,332,-37
118000240,609,234,375
118000241,156,221,-65
118000242,376,893,-517
118000243,373,312,61
118000244,61,172,-111
118000246,0,36,-36
118000255,56,271,-215
118000256,139,266,-127
118000259,29,101,-72
118000260,270,110,160
118000261,27,100,-73
118000263,124,218,-94
118000266,113,319,-206
118000267,0,119,-119
118000268,444,4,440
118000270,88,43,45
118000271,183,306,-123
118000272,186,53,133
118000273,160,118,42
118000274,123,432,-309
118000276,599,433,166
118000295,19,154,-135
118000298,204,417,-213
118000299,54,197,-143
118000301,2,62,-60
118000302,110,117,-7
118000311,485,145,340
118000312,349,219,130
118000313,113,190,-77
118000314,75,93,-18
118000315,78,69,9
118000316,718,587,131
118000325,60,85,-25
118000326,81,53,28
118000331,59,79,-20
118000332,20,63,-43
118000333,51,103,-52
118000335,291,2,289
118000336,1,286,-285
118000407,167,85,82
118000457,8,31,-23
118000465,4270,4959,-689
118000480,50,127,-77
118000489,25,308,-283
118000490,41,237,-196
118000492,333,229,104
118000510,106,19,87
118000514,212,436,-224
118000515,986,738,248
118000517,382,245,137
118000524,369,259,110
118000525,1081,975,106
118000530,16,120,-104
118000531,301,283,18
118000532,201,411,-210
118000533,371,184,187
118000534,630,618,12
118000535,347,195,152
118000536,1277,2041,-764
118000537,23,218,-195
118000538,36,103,-67
118000539,47,129,-82
118000540,367,200,167
118000541,336,69,267
118000542,119,250,-131
118000543,274,260,14
118000546,83,30,53
118000560,3569,2452,1117
118000562,26,149,-123
118000563,1958,1428,530
118000576,148,159,-11
118000577,142,127,15
118000578,144,110,34
118000579,647,1311,-664
118000595,221,77,144
118000596,0,89,-89
118000597,99,108,-9
118000598,18,3,15
118000599,89,33,56
118000600,2,52,-50
118000601,16,1,15
118000602,0,37,-37
118000603,0,23,-23
118900001,870,1667,-797
118900002,1105,895,210
118900003,524,33,491
118900004,96,68,28
118900005,131,14,117
118900006,174,7,167
118900007,13,4,9
118900008,1653,58,1595
118900009,80,57,23
118900010,85,6,79
118900011,280,57,223
118900012,585,278,307
118900013,581,155,426
118900015,292,154,138
118900016,10,12,-2
118900017,275,342,-67
118900018,943,49,894
118900019,96,46,50
118900020,300,171,129
118900021,183,427,-244
118900022,213,165,48
118900023,243,118,125
118900024,141,213,-72
118900025,48,36,12
118900026,72,115,-43
118900027,468,224,244
118900028,183,195,-12
118900029,366,369,-3
118900030,451,89,362
118900031,154,144,10
118900032,239,227,12
118900033,464,523,-59
118900034,314,39,275
118900035,112,236,-124
118900036,1328,921,407
118900037,597,352,245
118900038,417,258,159
118900039,580,241,339
118900040,202,215,-13
118900041,663,206,457
118900042,282,121,161
118900045,359,211,148
118900046,1163,472,691
118900047,657,285,372
118900048,237,249,-12
118900049,84,67,17
118900050,38,141,-103
118900051,99,119,-20
118900052,417,247,170
118900053,56,120,-64
118900054,115,53,62
118900055,128,161,-33
118900056,44,366,-322
118900057,797,580,217
118900058,455,377,78
118900059,37,74,-37
118900060,267,165,102
118900062,585,275,310
118900064,825,668,157
118900065,85,167,-82
118900066,122,145,-23
118900067,5083,3557,1526
118900068,26,217,-191
118900069,462,311,151
118900071,6,111,-105
118900072,432,430,2
118900073,110,109,1
118900074,123,266,-143
118900075,92,113,-21
118900076,187,119,68
118900077,307,266,41
118900078,50,21,29
118900079,55,256,-201
118900080,28,218,-190
118900081,118,27,91
118900082,656,173,483
118900083,50,12,38
118900084,39,29,10
118900085,718,1045,-327
118900086,49,97,-48
118900087,43,217,-174
118900088,3,19,-16
118900089,42,22,20
118900090,504,473,31
118900091,274,255,19
118900092,171,141,30
118900093,159,34,125
118900096,84,34,50
118900097,265,631,-366
118900099,115,259,-144
118900100,208,312,-104
118900101,124,829,-705
118900102,99,139,-40
118900103,96,129,-33
118900104,286,203,83
118900105,350,154,196
118900107,291,112,179
118900108,143,180,-37
118900110,1659,869,790
118900111,618,557,61
118900112,64,160,-96
118900113,159,637,-478
118900114,34,87,-53
118900115,236,698,-462
118900116,181,306,-125
118900117,103,206,-103
118900118,285,365,-80
118900119,160,266,-106
118900120,143,421,-278
118900121,3,235,-232
118900122,23,983,-960
118900123,200,325,-125
118900124,82,274,-192
118900126,36,415,-379
118900129,317,241,76
118900130,55,229,-174
118900131,205,309,-104
118900132,455,216,239
118900133,37,150,-113
118900135,303,301,2
118900136,233,551,-318
118900137,29,47,-18
118900139,206,386,-180
118900140,494,688,-194
118900141,178,190,-12
118900144,122,487,-365
118900145,281,179,102
118900146,406,898,-492
118900147,259,189,70
118900148,123,110,13
118900150,161,632,-471
118900152,726,927,-201
118900157,127,213,-86
118900158,95,102,-7
118900159,2,234,-232
118900161,85,12,73
118900163,149,219,-70
118900164,4,215,-211
118900165,73,326,-253
118900166,60,6,54
118900167,117,127,-10
118900168,18,254,-236
118900169,181,525,-344
118900170,191,223,-32
118900171,39,73,-34
118900174,64,84,-20
118900175,438,576,-138
118900176,154,285,-131
118900177,129,97,32
118900178,70,218,-148
118900179,2,39,-37
118900181,130,126,4
118900182,192,58,134
118900183,40,170,-130
118900184,356,255,101
118900185,138,121,17
118900186,127,120,7
118900187,245,356,-111
118900188,312,326,-14
118900189,53,821,-768
118900190,23,348,-325
118900191,136,66,70
118900192,177,26,151
118900193,536,15,521
118900195,346,745,-399
118900196,55,184,-129
118900197,125,68,57
118900198,32,42,-10
118900199,119,77,42
118900200,66,36,30
118900201,38,60,-22
118900202,7,89,-82
118900203,18,47,-29
118900204,52,48,4
118900205,3,18,-15
118900206,7,23,-16
119000001,1343,1966,-623
119000002,5065,4395,670
119000003,2647,1295,1352
119000004,2894,1343,1551
119000005,1873,1901,-28
119000006,2693,1789,904
119000007,3582,3567,15
119000008,2206,2276,-70
119000009,4038,4763,-725
119000010,7381,4834,2547
119000011,4887,3425,1462
119000012,4085,4032,53
119000013,2738,1885,853
119000014,2718,4076,-1358
119000019,337,182,155
119000020,2640,1625,1015
119000021,4914,2631,2283
119000022,3954,2914,1040
119000023,341,268,73
119000024,2042,10432,-8390
119000025,7794,1554,6240
119000026,190,509,-319
119000027,317,450,-133
119000028,2204,1241,963
119000029,152,431,-279
119000030,771,1296,-525
119000031,920,966,-46
119000032,2408,2870,-462
119000033,2320,1653,667
119000034,1107,1184,-77
119000035,56,406,-350
119000036,1710,1032,678
119000037,1373,1978,-605
119000038,169,1042,-873
119000039,325,363,-38
119000040,1006,613,393
119000041,932,1372,-440
119000048,3487,3703,-216
119000049,1942,2859,-917
119000050,2199,2252,-53
119000051,2466,1111,1355
119000052,2344,3328,-984
119000053,2268,1481,787
119000054,3738,3720,18
119000055,4615,4187,428
119000056,2562,2682,-120
119000057,1773,2311,-538
119000058,2337,2100,237
119000059,1666,2136,-470
119000060,1817,1371,446
119000061,1218,1059,159
119000062,1494,1567,-73
119000063,528,392,136
119000064,1075,1473,-398
119000065,2680,4104,-1424
119000066,2499,1363,1136
119000067,2057,2449,-392
119000068,1685,1414,271
119000069,1645,2848,-1203
119000070,2601,1269,1332
119000071,607,810,-203
119000072,5607,3607,2000
119000073,5348,7696,-2348
119000074,1252,3044,-1792
119000075,2252,2429,-177
119000076,467,1066,-599
119000077,910,667,243
119000078,526,249,277
119000079,320,736,-416
119000080,443,236,207
119000081,445,480,-35
119000082,1291,258,1033
119000083,803,479,324
119000084,425,594,-169
119000085,698,257,441
119000086,459,582,-123
119000087,1767,1216,551
119000088,335,260,75
119000089,79,238,-159
119000090,176,169,7
119000091,159,560,-401
119000092,559,218,341
119000093,4041,3284,757
119000094,2986,6208,-3222
119000095,2264,3271,-1007
119000097,2413,1859,554
119000098,972,2656,-1684
119000099,2983,2189,794
119000100,3987,3320,667
119000101,5379,2447,2932
119000102,1167,1340,-173
119000103,2075,667,1408
119000104,3099,1843,1256
119000105,1417,2266,-849
119000106,406,1718,-1312
119000107,838,513,325
119000108,428,1295,-867
119000109,215,627,-412
119000110,763,515,248
119000111,123,778,-655
119000112,246,159,87
119000113,3113,449,2664
119000114,1277,1327,-50
119000115,178,181,-3
119000116,124,154,-30
119000117,243,576,-333
119000118,4,0,4
119000123,6285,2019,4266
119000124,850,216,634
119000125,3751,960,2791
119000126,577,686,-109
119000127,496,618,-122
119000128,46,4,42
119000131,975,880,95
119000132,2,4,-2
119000133,7,8,-1
119000134,2415,616,1799
119000135,151,278,-127
119000136,300,261,39
119000137,254,479,-225
119000138,528,419,109
119000139,379,343,36
119000140,209,455,-246
119000284,1512,3038,-1526
119000285,2535,2751,-216
119000286,8183,6717,1466
119000287,1427,2746,-1319
119000288,2204,1755,449
119000289,1999,3689,-1690
119000290,214,520,-306
119000291,14,329,-315
119000293,130,168,-38
119000294,52,32,20
119000295,1766,557,1209
119000296,280,197,83
119000302,2829,1535,1294
119000303,78,181,-103
119000314,1750,9649,-7899
119000315,1,544,-543
119000316,131,180,-49
119000317,79,437,-358
119900001,359,1465,-1106
119900002,207,412,-205
119900003,71,1362,-1291
119900004,375,1291,-916
119900005,239,175,64
119900006,259,521,-262
119900007,1355,307,1048
119900008,292,124,168
119900009,1083,1047,36
119900010,1660,1464,196
119900011,27,105,-78
119900012,31,149,-118
119900013,2206,1179,1027
119900014,730,324,406
119900015,138,56,82
119900016,61,110,-49
119900017,47,48,-1
119900018,2206,982,1224
119900019,61,20,41
119900020,252,274,-22
119900021,192,317,-125
119900022,166,931,-765
119900023,757,1478,-721
119900025,190,57,133
119900026,1002,213,789
119900027,56,22,34
119900028,593,189,404
119900029,0,13,-13
119900030,814,672,142
119900031,94,357,-263
119900033,2774,417,2357
119900034,505,191,314
119900037,197,78,119
119900038,59,417,-358
119900039,58,38,20
119900040,408,25,383
119900041,128,80,48
119900042,687,203,484
119900043,78,203,-125
119900044,321,1104,-783
119900046,117,103,14
119900047,344,92,252
119900048,55,38,17
119900049,175,19,156
119900050,193,138,55
119900051,693,23,670
119900052,70,61,9
119900053,282,208,74
119900054,130,10,120
119900055,1590,611,979
119900057,297,97,200
119900058,286,4,282
119900059,164,70,94
119900060,283,43,240
119900062,116,46,70
119900063,79,69,10
119900064,570,104,466
119900065,290,27,263
119900066,6,1,5
119900067,175,59,116
119900068,505,6,499
119900069,82,56,26
119900070,969,7,962
119900071,699,21,678
119900073,2133,802,1331
119900074,129,65,64
119900075,6755,3565,3190
119900076,621,383,238
119900077,1029,1270,-241
119900078,677,1275,-598
119900079,352,262,90
119900080,1840,1620,220
119900081,747,533,214
119900082,1476,295,1181
119900083,533,261,272
119900084,1053,481,572
119900085,96,115,-19
119900087,918,476,442
119900088,44,91,-47
119900089,117,690,-573
119900090,193,119,74
119900091,68,1108,-1040
119900092,307,536,-229
119900093,1409,324,1085
119900094,108,248,-140
119900095,308,145,163
119900096,59,178,-119
119900097,722,280,442
119900098,69,86,-17
119900099,45,325,-280
119900100,2157,2955,-798
119900101,300,1375,-1075
119900102,120,342,-222
119900103,75,508,-433
119900104,78,276,-198
119900105,1381,2493,-1112
119900106,19,206,-187
119900107,407,3242,-2835
119900108,2905,860,2045
119900109,36,208,-172
119900110,762,736,26
119900111,167,352,-185
119900112,1924,783,1141
119900113,101,364,-263
119900114,290,1494,-1204
119900115,387,1181,-794
119900116,276,459,-183
119900117,493,907,-414
119900118,155,1081,-926
119900119,339,304,35
119900120,955,818,137
119900121,444,1352,-908
119900122,692,527,165
119900123,365,411,-46
119900124,229,968,-739
119900125,94,352,-258
119900126,5285,395,4890
119900127,2970,1329,1641
119900128,652,983,-331
119900129,304,744,-440
119900130,30,283,-253
119900131,57,357,-300
119900132,14,256,-242
119900133,121,158,-37
119900134,2220,391,1829
119900135,2,484,-482
119900136,271,426,-155
119900138,470,725,-255
119900139,86,254,-168
119900140,7,153,-146
119900141,141,1078,-937
119900142,35,98,-63
119900143,21,277,-256
119900144,2008,364,1644
119900145,159,263,-104
119900146,216,320,-104
119900147,3,203,-200
119900148,239,132,107
119900149,1568,4503,-2935
119900150,236,256,-20
119900151,2240,1071,1169
119900152,178,518,-340
119900153,182,106,76
119900154,31,332,-301
119900155,67,103,-36
119900156,20,9,11
119900157,186,328,-142
119900158,194,135,59
119900159,10,1609,-1599
119900160,30,315,-285
119900161,183,278,-95
119900162,1208,1189,19
119900163,260,254,6
119900164,0,0,0
119900165,201,265,-64
119900166,88,81,7
119900167,121,244,-123
119900168,883,673,210
119900169,228,446,-218
119900170,322,376,-54
119900171,1761,657,1104
119900172,340,43,297
119900173,0,498,-498
119900174,17,379,-362
119900175,1419,1030,389
119900177,33,227,-194
119900178,35,212,-177
119900179,138,557,-419
119900180,1008,1128,-120
119900181,93,189,-96
119900182,29,484,-455
119900183,227,798,-571
119900184,3106,805,2301
119900185,33,191,-158
119900186,136,962,-826
119900187,68,630,-562
119900188,164,538,-374
119900189,912,649,263
119900190,104,360,-256
119900191,493,291,202
119900192,79,259,-180
119900193,450,286,164
119900194,31,130,-99
119900195,137,335,-198
119900196,2290,718,1572
119900197,307,215,92
119900198,581,319,262
119900199,197,25,172
119900200,780,857,-77
119900201,508,348,160
119900202,162,312,-150
119900203,328,722,-394
119900204,335,459,-124
119900205,764,637,127
119900206,162,190,-28
119900208,268,273,-5
119900209,580,1338,-758
119900210,44,67,-23
119900211,109,6,103
119900212,228,380,-152
119900213,12,133,-121
119900214,51,117,-66
119900215,85,93,-8
119900216,37,109,-72
119900217,13,69,-56
119900218,48,151,-103
119900219,13,134,-121
119900220,4,138,-134
119900221,52,366,-314
119900222,16,289,-273
119900223,21,103,-82
119900224,32,31,1
119900225,1199,84,1115
119900226,725,2210,-1485
119900227,1490,484,1006
119900228,222,435,-213
119900229,470,577,-107
119900230,1992,876,1116
119900231,263,297,-34
119900232,378,127,251
119900233,115,25,90
119900234,30,141,-111
119900235,86,113,-27
119900236,70,296,-226
119900237,109,957,-848
119900238,9,107,-98
119900240,168,240,-72
119900241,200,371,-171
119900242,2303,2254,49
119900244,896,2012,-1116
119900245,213,266,-53
119900246,469,769,-300
119900247,40,179,-139
119900248,114,255,-141
119900249,294,114,180
119900253,3529,594,2935
119900254,85,842,-757
119900255,148,734,-586
119900256,801,1397,-596
119900257,79,2,77
119900258,258,32,226
119900259,9,198,-189
119900260,170,22,148
119900261,454,217,237
119900262,2,288,-286
119900263,1220,544,676
119900264,97,264,-167
119900265,675,465,210
119900266,342,430,-88
119900267,399,710,-311
119900268,455,229,226
119900269,1288,1611,-323
119900271,60,170,-110
119900272,617,275,342
119900275,157,31,126
119900276,26,4,22
119900277,2,7,-5
119900278,371,154,217
119900279,191,457,-266
119900280,860,244,616
119900281,2,206,-204
119900282,80,167,-87
119900283,13,300,-287
119900284,49,297,-248
119900285,300,311,-11
119900286,124,141,-17
119900288,1,30,-29
119900289,0,33,-33
119900290,2,45,-43
119900291,3,117,-114
119900292,35,37,-2
119900293,49,5,44
119900294,44,6,38
119900295,18,1,17
119900296,102,29,73
119900299,141,267,-126
119900300,447,345,102
119900301,131,156,-25
119900302,193,153,40
119900303,434,492,-58
119900304,508,89,419
119900305,34,172,-138
119900306,51,10,41
119900307,116,198,-82
119900308,10,46,-36
119900309,63,161,-98
119900310,390,413,-23
119900311,96,163,-67
119900312,130,121,9
119900313,325,430,-105
119900314,206,544,-338
119900315,1857,2761,-904
119900318,23,42,-19
119900319,78,445,-367
119900320,186,691,-505
119900321,128,11,117
119900322,83,95,-12
119900323,12,115,-103
119900324,1,36,-35
119900325,21,306,-285
119900326,0,6,-6
120000001,7834,14295,-6461
120000002,3019,3514,-495
120000003,4299,2199,2100
120000004,3403,2719,684
120000005,5097,2605,2492
120000006,1445,1648,-203
120000007,4213,3684,529
120000008,1186,1754,-568
120000009,4044,1264,2780
120000010,2116,3401,-1285
120000011,1417,2195,-778
120000012,1575,3347,-1772
120000013,3262,3424,-162
120000014,784,1765,-981
120000015,2773,1696,1077
120000016,3730,2547,1183
120000017,3557,2558,999
120000018,4552,11445,-6893
120000019,1124,1486,-362
120000020,3624,3654,-30
120000021,2281,2679,-398
120000022,3481,4231,-750
120000023,1144,1926,-782
120000024,1666,2718,-1052
120000025,2603,2564,39
120000026,1999,2054,-55
120000027,2213,2445,-232
120000028,988,1035,-47
120000029,4876,1185,3691
120000030,1550,1107,443
120000031,2832,7515,-4683
120000032,10327,5485,4842
120000033,5596,2689,2907
120000034,1907,2404,-497
120000035,2123,2449,-326
120000036,3435,6111,-2676
120000037,755,1654,-899
120000038,8351,4874,3477
120000039,778,1161,-383
120000040,369,420,-51
120000041,1933,1765,168
120000042,2513,2893,-380
120000043,5588,2244,3344
120000044,5126,2089,3037
120000045,5496,1426,4070
120000046,3264,3015,249
120000047,1695,5774,-4079
120000048,8857,5164,3693
120000049,3217,3334,-117
120000050,4924,4568,356
120000051,3773,5166,-1393
120000052,10289,2827,7462
120000053,1384,3239,-1855
120000054,1685,5227,-3542
120000055,2177,5692,-3515
120000056,4540,4581,-41
120000057,3052,994,2058
120000058,3634,890,2744
120000059,57,1879,-1822
120000061,152,667,-515
120000062,286,354,-68
120000063,1857,3205,-1348
120000064,259,1395,-1136
120000065,743,2104,-1361
120000066,406,766,-360
120000067,149,562,-413
120000068,218,990,-772
120000069,674,1391,-717
120000070,56,813,-757
120000071,450,133,317
120000072,799,431,368
120000073,833,128,705
120000074,429,135,294
120000075,1114,333,781
120000076,2380,497,1883
120000077,2152,814,1338
120000078,3819,1266,2553
120000079,305,218,87
120000080,152,211,-59
120000081,397,151,246
120000082,233,232,1
120000083,115,632,-517
120000084,490,494,-4
120000085,461,421,40
120000086,357,614,-257
120000087,181,722,-541
120000088,826,1431,-605
120000089,1334,971,363
120000090,890,793,97
120000091,1138,1302,-164
120000092,1674,896,778
120000093,552,577,-25
120000094,201,931,-730
120000095,1380,672,708
120000096,353,1073,-720
120000098,1421,1159,262
120000099,628,1031,-403
120000100,913,1233,-320
120000101,583,617,-34
120000102,638,868,-230
120000103,1710,1010,700
120000104,1974,590,1384
120000105,3217,835,2382
120000106,2500,847,1653
120000107,3730,788,2942
120000108,1395,215,1180
120000109,1272,94,1178
120000110,114,1133,-1019
120000111,406,1299,-893
120000112,944,3666,-2722
120000113,868,2655,-1787
120000114,1190,3423,-2233
120000115,410,2873,-2463
120000116,1079,2588,-1509
120000117,1317,1935,-618
120000118,62,41,21
120000119,18,105,-87
120000120,91,69,22
120000121,64,88,-24
120000122,315,353,-38
120000123,6526,5132,1394
120000124,538,483,55
120000125,568,863,-295
120000126,422,1023,-601
120000127,3607,1025,2582
120000128,4641,4702,-61
120000129,322,287,35
120000130,959,694,265
120000131,326,780,-454
120000134,513,1454,-941
120000135,640,668,-28
120000137,306,1882,-1576
120000138,990,709,281
120000139,374,863,-489
120000140,956,763,193
120000141,884,624,260
120000142,960,784,176
120000143,6,170,-164
120000144,156,3,153
120000145,384,5,379
120000146,1346,1039,307
120000149,879,1727,-848
120000150,4382,13850,-9468
120000151,438,643,-205
120000152,608,236,372
120000153,423,629,-206
120000154,655,471,184
120000155,115,237,-122
120000156,1085,1161,-76
120000157,1078,841,237
120000158,1093,919,174
120000159,2544,3239,-695
120000160,2865,1731,1134
120000161,2183,2642,-459
120000162,91,252,-161
120000163,751,1780,-1029
120000164,513,656,-143
120000165,580,1028,-448
120000166,1433,735,698
120000167,132,203,-71
120000168,20,553,-533
120000169,46,1545,-1499
120000170,93,949,-856
120000171,34,454,-420
120000172,68,150,-82
120000173,2058,668,1390
120000174,467,53,414
120000175,408,27,381
120000176,540,49,491
120000177,1884,145,1739
120000178,325,33,292
120000179,450,63,387
120000180,1330,117,1213
120000181,220,1092,-872
120000182,97,519,-422
120000183,23,376,-353
120000184,129,1139,-1010
120000186,142,490,-348
120000187,42,176,-134
120000188,235,329,-94
120000190,1533,41,1492
120000191,1623,85,1538
120000192,1434,27,1407
120000193,598,9,589
120000195,203,5,198
120000196,802,60,742
120000197,167,171,-4
120000198,179,130,49
120000199,163,1,162
120000200,138,0,138
120000201,19,26,-7
120000202,0,53,-53
120000203,64,246,-182
120000207,2,98,-96
120000208,18,261,-243
120000209,4,75,-71
120000210,92,143,-51
120000211,186,3,183
120000212,184,2,182
120000213,203,365,-162
120000214,1,425,-424
120000215,5,196,-191
120000216,81,19,62
120000217,898,1201,-303
120000218,238,784,-546
120000219,13,530,-517
120000220,11,1943,-1932
120000225,1703,1,1702
120000226,399,5,394
120000227,913,76,837
120000228,9533,4039,5494
120000230,435,30,405
120000231,1479,2561,-1082
120000233,288,3,285
120000235,270,695,-425
120000236,1076,65,1011
120000237,5,1472,-1467
120000238,1,448,-447
120000241,1475,4080,-2605
120000412,1196,24,1172
120000413,247,298,-51
120000414,133,10,123
120000415,3,124,-121
120000416,182,7,175
120000417,31,124,-93
120000418,166,17,149
120000419,5,372,-367
120000420,67,39,28
120000421,12848,7587,5261
120000422,192,1212,-1020
120000423,5,81,-76
120000424,99,162,-63
120000436,183,694,-511
120000437,150,189,-39
120000438,3316,385,2931
120000439,318,573,-255
120000443,270,1,269
120000444,1426,624,802
120000445,1830,1235,595
120000446,788,254,534
120000447,238,4,234
120000449,120,9,111
120000450,7,264,-257
120000451,237,237,0
120000452,116,2,114
120000453,1,292,-291
120000454,76,57,19
120000455,109,68,41
120000456,2714,4366,-1652
120000457,1836,706,1130
120000458,662,814,-152
120000459,106,66,40
120000665,1531,331,1200
120000668,210,830,-620
120000669,65,204,-139
120000670,257,591,-334
120000671,1576,538,1038
120000672,151,675,-524
120900001,95,101,-6
120900002,648,791,-143
120900003,402,36,366
120900004,15,77,-62
120900005,12,1500,-1488
120900006,477,256,221
120900007,200,103,97
120900008,294,1379,-1085
120900009,301,27,274
120900010,608,155,453
120900011,422,211,211
120900012,589,1420,-831
120900013,422,125,297
120900014,8,785,-777
120900015,1139,139,1000
120900016,892,88,804
120900017,2607,137,2470
120900018,167,640,-473
120900019,753,449,304
120900020,970,1607,-637
120900021,811,245,566
120900022,33,488,-455
120900023,316,50,266
120900024,2600,737,1863
120900025,1989,1286,703
120900026,389,290,99
120900027,889,22,867
120900028,446,115,331
120900029,246,555,-309
120900030,1314,935,379
120900031,248,100,148
120900032,1125,121,1004
120900033,1188,96,1092
120900034,33,2820,-2787
120900035,78,274,-196
120900037,252,12,240
120900038,105,257,-152
120900039,100,82,18
120900040,287,7,280
120900041,280,54,226
120900042,547,56,491
120900043,103,48,55
120900044,10,484,-474
120900045,214,230,-16
120900046,534,6,528
120900047,225,96,129
120900048,115,31,84
120900049,477,4,473
120900050,3078,1795,1283
120900051,351,149,202
120900052,748,2,746
120900053,355,139,216
120900054,2374,854,1520
120900055,403,8,395
120900056,576,30,546
120900057,160,20,140
120900058,537,4,533
120900059,114,2,112
120900060,82,40,42
120900061,353,333,20
120900062,301,23,278
120900063,644,4,640
120900064,561,3,558
120900065,477,6,471
120900066,461,505,-44
120900067,224,59,165
120900068,289,0,289
120900069,187,81,106
120900071,41,14,27
120900072,679,4,675
120900073,540,229,311
120900074,706,8,698
120900076,409,1,408
120900077,4151,592,3559
120900078,845,893,-48
120900079,812,126,686
120900080,724,1947,-1223
120900081,1188,853,335
120900082,813,578,235
120900083,89,5,84
120900084,308,486,-178
120900085,100,228,-128
120900086,189,383,-194
120900087,540,334,206
120900088,242,412,-170
120900089,4017,2844,1173
120900090,293,166,127
120900091,773,972,-199
120900092,1564,714,850
120900093,3039,261,2778
120900094,681,241,440
120900095,975,38,937
120900096,98,309,-211
120900097,848,955,-107
120900098,426,257,169
120900099,105,111,-6
120900100,230,362,-132
120900101,954,409,545
120900102,64,136,-72
120900103,94,274,-180
120900104,31,61,-30
120900105,55,646,-591
120900106,1695,706,989
120900107,334,197,137
120900108,6,707,-701
120900109,70,832,-762
120900110,15,787,-772
120900111,234,560,-326
120900112,36,1038,-1002
120900113,11,1106,-1095
120900114,45,175,-130
120900115,195,242,-47
120900116,390,577,-187
120900117,4,648,-644
120900118,19,845,-826
120900119,4779,6727,-1948
120900120,85,678,-593
120900121,330,732,-402
120900122,514,663,-149
120900123,6,545,-539
120900124,2,604,-602
120900125,6,932,-926
120900126,2242,1619,623
120900127,19,575,-556
120900128,1392,1913,-521
120900129,81,469,-388
120900130,41,525,-484
120900131,59,148,-89
120900132,996,365,631
120900133,364,1256,-892
120900134,917,571,346
120900135,26,731,-705
120900136,67,168,-101
120900137,342,141,201
120900138,31,286,-255
120900139,8,861,-853
120900140,2,148,-146
120900141,252,286,-34
120900142,39,710,-671
120900143,6,1133,-1127
120900144,2,237,-235
120900145,459,1002,-543
120900146,5,1492,-1487
120900147,15,729,-714
120900148,156,164,-8
120900149,0,377,-377
120900150,66,721,-655
120900151,3,737,-734
120900152,23,64,-41
120900153,49,159,-110
120900154,6,343,-337
120900155,232,1188,-956
120900156,91,311,-220
120900157,62,253,-191
120900158,76,732,-656
120900159,162,204,-42
120900160,43,748,-705
120900161,40,642,-602
120900162,44,727,-683
120900163,44,727,-683
120900164,2,23,-21
120900165,7,19,-12
120900166,240,616,-376
120900167,721,247,474
120900169,79,445,-366
120900170,1643,2864,-1221
120900171,1600,484,1116
120900172,1584,1025,559
120900173,1,93,-92
120900174,12,161,-149
120900175,328,217,111
120900176,30,389,-359
120900177,1,1284,-1283
120900178,0,609,-609
120900179,1249,631,618
120900180,166,200,-34
120900181,225,67,158
120900182,38,308,-270
120900183,336,105,231
120900184,281,127,154
120900185,13,458,-445
120900186,0,458,-458
120900187,671,1470,-799
120900188,285,28,257
120900189,196,1237,-1041
120900190,85,12,73
120900191,17,30,-13
120900192,13215,7508,5707
120900194,34,115,-81
120900195,201,360,-159
120900196,997,32,965
120900197,739,179,560
120900198,275,732,-457
120900199,650,2164,-1514
120900200,78,150,-72
120900201,588,259,329
120900202,8,222,-214
120900203,44,106,-62
120900204,150,376,-226
120900205,71,84,-13
120900206,31,46,-15
121000001,1088,1273,-185
121000002,2761,1389,1372
121000003,3585,2337,1248
121000004,3496,3753,-257
121000005,2084,3206,-1122
121000006,4520,1990,2530
121000007,3135,3232,-97
121000008,6537,4106,2431
121000009,6849,6487,362
121000010,9709,6894,2815
121000011,12195,14784,-2589
121000012,20762,12904,7858
121000013,6022,8517,-2495
121000014,7364,6777,587
121000015,5030,8169,-3139
121000016,5087,4204,883
121000017,2569,4825,-2256
121000018,3402,2094,1308
121000019,22812,14887,7925
121000020,17025,19100,-2075
121000021,4558,3749,809
121000022,3409,3431,-22
121000023,5628,3806,1822
121000024,5832,5676,156
121000025,909,1731,-822
121000026,405,166,239
121000027,1949,1407,542
121000028,1037,720,317
121000029,1361,899,462
121000030,795,718,77
121000031,885,915,-30
121000032,297,117,180
121000034,684,328,356
121000035,206,168,38
121000036,1333,1072,261
121000037,646,825,-179
121000038,647,1094,-447
121000039,479,675,-196
121000041,800,646,154
121000042,543,452,91
121000043,883,715,168
121000044,1765,1016,749
121000045,698,393,305
121000046,1056,1219,-163
121000047,126,115,11
121000049,2065,718,1347
121000050,352,1342,-990
121000051,808,361,447
121000052,444,854,-410
121000053,570,116,454
121000054,102,436,-334
121000055,1462,1403,59
121000056,974,1358,-384
121000057,596,633,-37
121000058,512,274,238
121000059,2535,1663,872
121000060,735,1085,-350
121000061,155,392,-237
121000062,396,404,-8
121000063,1044,838,206
121000064,886,1129,-243
121000065,564,681,-117
121000066,840,878,-38
121000067,928,690,238
121000068,1147,660,487
121000069,1238,1067,171
121000070,3033,1763,1270
121000071,2249,1534,715
121000072,2787,1138,1649
121000073,1606,1178,428
121000074,282,193,89
121000075,135,509,-374
121000076,1686,618,1068
121000077,242,236,6
121000078,155,188,-33
121000080,2975,867,2108
121000081,5297,3628,1669
121000082,138,380,-242
121000083,274,211,63
121000084,190,239,-49
121000085,429,516,-87
121000086,298,960,-662
121000087,76,437,-361
121000088,640,768,-128
121000089,618,548,70
121000090,615,550,65
121000091,1768,1257,511
121000092,236,107,129
121000093,250,290,-40
121000094,658,1115,-457
121000095,466,916,-450
121000096,2864,3208,-344
121000097,1595,2902,-1307
121000098,814,1292,-478
121000099,673,892,-219
121000100,1032,528,504
121000101,462,411,51
121000102,347,515,-168
121000103,371,387,-16
121000104,389,283,106
121000105,638,395,243
121000106,514,538,-24
121000107,2375,3997,-1622
121000109,1796,1307,489
121000110,463,764,-301
121000114,3226,2361,865
121000115,1240,972,268
121000116,317,1056,-739
121000117,1004,303,701
121000118,1500,350,1150
121000119,423,541,-118
121000120,348,595,-247
121000121,770,1475,-705
121000123,2332,923,1409
121000126,167,312,-145
121000127,310,99,211
121000128,1102,648,454
121000129,840,872,-32
121000130,742,1152,-410
121000131,3593,2644,949
121000132,2466,2255,211
121000135,734,1119,-385
121000136,2326,1091,1235
121000137,737,370,367
121000138,1415,1380,35
121000139,871,510,361
121000141,346,200,146
121000142,958,1146,-188
121000143,194,46,148
121000144,1527,2407,-880
121000145,753,1443,-690
121000146,1586,1116,470
121000147,1064,644,420
121000148,1163,1432,-269
121000149,2341,1539,802
121000152,844,690,154
121000153,2142,892,1250
121000154,1116,770,346
121000155,1716,1403,313
121000156,528,1093,-565
121000157,1365,2398,-1033
121000158,584,640,-56
121000159,267,578,-311
121000160,303,605,-302
121000161,280,403,-123
121000162,171,287,-116
121000165,2073,2291,-218
121000166,34,481,-447
121000168,429,361,68
121000169,66,224,-158
121000170,360,129,231
121000171,95,200,-105
121000172,868,637,231
121000173,1628,1217,411
121000174,483,433,50
121000175,952,471,481
121000176,389,302,87
121000177,1288,813,475
121000178,162,90,72
121000179,136,113,23
121000181,691,599,92
121000182,189,282,-93
121000183,235,146,89
121000184,197,300,-103
121000185,86,198,-112
121000186,265,633,-368
121000187,244,229,15
121000188,253,285,-32
121000192,1082,558,524
121000193,749,770,-21
121000194,2583,2659,-76
121000195,417,1057,-640
121000196,1060,356,704
121000197,289,906,-617
121000198,253,109,144
121000199,172,439,-267
121000200,626,105,521
121000201,7,253,-246
121000202,1013,173,840
121000203,1089,2669,-1580
121000204,3090,1177,1913
121000205,228,338,-110
121000206,300,69,231
121000207,2927,530,2397
121000208,7,421,-414
121000209,468,426,42
121000210,575,469,106
121000211,415,198,217
121000212,426,704,-278
121000213,11729,3789,7940
121000214,1027,2530,-1503
121000215,1279,1209,70
121000216,610,723,-113
121000217,4393,2612,1781
121000218,537,1831,-1294
121000219,1702,438,1264
121000220,209,69,140
121000221,123,209,-86
121000222,2633,2692,-59
121000223,941,439,502
121000224,363,171,192
121000225,1819,1861,-42
121000226,3475,1241,2234
121000227,18,188,-170
121000228,28,716,-688
121000229,328,400,-72
121000230,80,1700,-1620
121000231,1079,51,1028
121000232,463,321,142
121000233,629,518,111
121000234,16,38,-22
121000235,102,90,12
121000236,13,59,-46
121000237,75,33,42
121000238,11,75,-64
121000239,98,12,86
121000240,9,201,-192
121000241,118,32,86
121000242,34,300,-266
121000243,604,160,444
121000244,15,115,-100
121000245,87,29,58
121000246,3,133,-130
121000247,55,8,47
121000248,1496,467,1029
121000249,219,325,-106
121000250,876,257,619
121000251,28,440,-412
121000252,123,76,47
121000253,525,465,60
121000254,565,220,345
121000255,620,216,404
121000256,670,219,451
121000257,132,131,1
121000258,223,83,140
121000259,82,58,24
121000260,240,160,80
121000261,291,60,231
121000262,1113,958,155
121000263,824,473,351
121000271,371,1663,-1292
121000273,70,8,62
121000274,23,38,-15
121000275,2,14,-12
121000276,9,13,-4
121000278,31,30,1
121000279,92,9,83
121000280,125,46,79
121000289,266,35,231
121000290,1228,1090,138
121000294,214,213,1
121000297,1379,1339,40
121000299,246,572,-326
121000300,1044,714,330
121000302,84,1327,-1243
121000303,457,489,-32
121000304,623,77,546
121000305,232,72,160
121000306,104,173,-69
121000308,217,465,-248
121000309,497,766,-269
121000310,109,460,-351
121000311,114,1112,-998
121000312,429,294,135
121000313,496,704,-208
121000314,174,214,-40
121000315,78,142,-64
121000530,1487,1543,-56
121000531,1901,1772,129
121000532,7692,8685,-993
121000533,3796,4214,-418
121000918,113,197,-84
121000919,60,52,8
121000938,161,301,-140
121000939,198,272,-74
121000956,1675,1386,289
121000957,10,11,-1
121000958,112,69,43
121000959,785,1053,-268
121000960,2686,2677,9
121000961,304,176,128
121000962,256,566,-310
121000973,3,157,-154
121000976,37,315,-278
121000979,580,252,328
121000981,383,356,27
121000982,413,181,232
121000983,599,547,52
121000984,69,96,-27
121000985,686,533,153
121000986,413,310,103
121000987,282,1065,-783
121000988,775,126,649
121001302,425,156,269
121001308,5,19,-14
121001309,81,96,-15
121001313,344,268,76
121001314,2381,3370,-989
121001315,4796,2742,2054
121900001,213,160,53
121900002,42,35,7
121900003,535,26,509
121900004,186,488,-302
121900005,59,10,49
121900006,159,51,108
121900007,2551,3027,-476
121900008,3128,1159,1969
121900009,712,34,678
121900010,329,2,327
121900011,500,689,-189
121900012,27,1,26
121900013,1860,123,1737
121900014,1419,450,969
121900015,307,321,-14
121900016,5,43,-38
121900017,1498,593,905
121900018,467,12,455
121900019,601,302,299
121900020,26,1,25
121900021,1058,27,1031
121900022,389,299,90
121900023,188,391,-203
121900024,525,139,386
121900025,935,511,424
121900026,413,59,354
121900027,622,228,394
121900028,392,23,369
121900029,118,224,-106
121900030,640,738,-98
121900031,1396,6704,-5308
121900032,123,113,10
121900033,196,233,-37
121900034,434,85,349
121900035,3376,2792,584
121900036,87,378,-291
121900037,246,1060,-814
121900038,63,233,-170
121900039,467,101,366
121900040,106,151,-45
121900041,100,189,-89
121900042,423,169,254
121900043,24,13,11
121900044,289,61,228
121900046,462,606,-144
121900047,228,91,137
121900048,71,142,-71
121900050,44,70,-26
121900051,181,168,13
121900052,268,52,216
121900053,862,403,459
121900054,686,1263,-577
121900055,5,24,-19
121900058,232,239,-7
121900059,668,272,396
121900060,202,439,-237
121900061,369,270,99
121900062,273,162,111
121900063,1532,478,1054
121900064,324,710,-386
121900066,111,72,39
121900067,96,118,-22
121900069,253,221,32
121900070,315,156,159
121900071,471,538,-67
121900072,66,192,-126
121900073,367,242,125
121900074,1168,1408,-240
121900075,602,539,63
121900076,468,754,-286
121900077,28,20,8
121900078,150,101,49
121900079,1,0,1
121900080,1463,717,746
121900082,67,126,-59
121900084,44,198,-154
121900085,2,19,-17
121900086,27,78,-51
121900087,270,125,145
121900088,2994,4346,-1352
121900089,215,489,-274
121900090,129,173,-44
121900091,74,160,-86
121900092,210,160,50
121900093,116,119,-3
121900094,28,13,15
121900095,293,213,80
121900096,1757,1339,418
121900097,636,378,258
121900098,20,7,13
121900099,271,112,159
121900100,390,665,-275
121900101,198,165,33
121900102,14,309,-295
121900103,717,339,378
121900104,1727,416,1311
121900105,375,361,14
121900106,8,2,6
121900107,59,81,-22
121900108,5,36,-31
121900109,333,184,149
121900110,615,1212,-597
121900111,1130,258,872
121900112,281,224,57
121900113,94,466,-372
121900114,138,126,12
121900117,646,130,516
121900118,2535,905,1630
121900119,247,127,120
121900120,106,1724,-1618
121900121,648,90,558
121900122,51,116,-65
121900123,307,539,-232
121900124,204,261,-57
121900125,2541,1342,1199
121900127,13,128,-115
121900128,114,196,-82
121900129,885,271,614
121900130,144,371,-227
121900131,376,108,268
121900132,80,169,-89
121900133,143,1025,-882
121900134,57,304,-247
121900135,3157,560,2597
121900136,1038,401,637
121900137,88,462,-374
121900138,182,288,-106
121900139,470,620,-150
121900140,137,382,-245
121900141,91,67,24
121900142,254,329,-75
121900143,65,227,-162
121900144,162,331,-169
121900145,252,387,-135
121900146,779,1142,-363
121900147,99,187,-88
121900148,303,441,-138
121900149,495,886,-391
121900150,89,183,-94
121900151,108,302,-194
121900152,136,187,-51
121900153,185,1011,-826
121900154,20,290,-270
121900155,8,330,-322
121900156,257,171,86
121900157,9,467,-458
121900158,115,145,-30
121900159,2,319,-317
121900160,53,416,-363
121900161,500,476,24
121900162,83,246,-163
121900163,288,1010,-722
121900164,461,239,222
121900165,507,224,283
121900166,186,236,-50
121900167,100,150,-50
121900168,192,314,-122
121900169,7,261,-254
121900170,22,229,-207
121900171,947,802,145
121900172,742,390,352
121900173,1302,306,996
121900174,63,115,-52
121900175,378,328,50
121900176,735,1741,-1006
121900177,342,109,233
121900178,62,65,-3
121900179,534,260,274
121900180,5120,4867,253
121900182,775,385,390
121900183,1020,1239,-219
121900184,129,798,-669
121900186,21,486,-465
121900187,52,257,-205
121900188,746,585,161
121900189,51,197,-146
121900190,411,677,-266
121900191,173,214,-41
121900192,423,806,-383
121900193,87,248,-161
121900194,7,289,-282
121900195,142,184,-42
121900196,1295,1342,-47
121900197,509,1972,-1463
121900198,1493,1129,364
121900199,4,29,-25
121900200,126,431,-305
121900201,1473,1088,385
121900202,319,895,-576
121900203,350,1225,-875
121900204,1231,1608,-377
121900205,38,129,-91
121900206,19,93,-74
121900207,205,78,127
121900208,250,361,-111
121900209,102,53,49
121900210,1620,1287,333
121900211,31,108,-77
121900212,309,137,172
121900213,245,100,145
121900214,13,508,-495
121900215,73,159,-86
121900216,55,274,-219
121900217,419,212,207
121900218,296,501,-205
121900220,261,11,250
121900221,332,857,-525
121900222,203,246,-43
121900223,286,74,212
121900224,151,67,84
121900225,150,106,44
121900226,403,1467,-1064
121900227,375,753,-378
121900228,299,531,-232
121900230,177,479,-302
121900231,648,3023,-2375
121900232,366,552,-186
121900233,281,303,-22
121900234,323,349,-26
121900235,584,231,353
121900236,514,267,247
121900237,199,333,-134
121900238,206,363,-157
121900239,525,86,439
121900240,367,203,164
121900241,85,101,-16
121900242,11,3,8
121900243,39,0,39
121900244,86,7,79
121900245,212,112,100
121900246,2286,360,1926
121900247,738,294,444
121900248,1973,1545,428
121900250,387,341,46
121900251,572,92,480
121900252,714,188,526
121900253,191,787,-596
121900254,621,372,249
121900255,395,159,236
121900258,3892,2633,1259
121900259,523,748,-225
121900260,176,196,-20
121900261,241,732,-491
121900262,547,1019,-472
121900263,483,346,137
121900264,2437,1768,669
121900265,342,337,5
121900266,585,238,347
121900267,117,41,76
121900269,327,966,-639
121900270,43,269,-226
121900271,63,217,-154
121900273,606,2134,-1528
121900274,292,363,-71
121900277,865,1406,-541
121900278,177,1232,-1055
121900279,172,258,-86
121900280,241,483,-242
121900281,846,616,230
121900284,149,17,132
121900286,342,150,192
121900287,14,39,-25
121900288,4,0,4
121900290,317,516,-199
121900291,544,789,-245
121900292,241,178,63
121900293,1380,3186,-1806
121900294,337,6,331
121900295,211,299,-88
121900296,83,172,-89
121900298,384,877,-493
121900299,5,1,4
121900300,179,11,168
121900301,140,10,130
121900302,4,38,-34
121900303,427,490,-63
121900304,1,144,-143
121900305,7,24,-17
121900306,334,3,331
121900307,116,29,87
121900308,41,347,-306
121900309,21,324,-303
121900310,58,525,-467
121900311,525,15,510
121900312,429,20,409
121900313,324,28,296
121900314,6,72,-66
121900315,14,3,11
121900316,0,12,-12
121900317,19,6,13
121900318,3,25,-22
121900319,39,151,-112
121900320,52,92,-40
121900321,13,6,7
121900322,6,23,-17
121900323,26,20,6
121900324,4,60,-56
121900325,23,20,3
121900326,16,26,-10
121900327,18,79,-61
121900328,1,40,-39
121900329,6,315,-309
121900330,0,25,-25
121900331,85,58,27
121900332,116,50,66
121900333,16,1,15
122000001,3073,5543,-2470
122000002,5393,2105,3288
122000003,3038,3073,-35
122000004,3926,2073,1853
122000005,3086,1898,1188
122000006,2443,1132,1311
122000007,1252,2193,-941
122000008,5180,6022,-842
122000009,527,518,9
122000010,2704,3449,-745
122000011,4400,1738,2662
122000012,1607,1754,-147
122000013,1601,1025,576
122000014,1680,1323,357
122000015,1853,1396,457
122000016,757,1204,-447
122000017,1508,1283,225
122000018,1935,1612,323
122000019,864,1378,-514
122000020,343,309,34
122000021,397,614,-217
122000022,1461,1337,124
122000023,827,2114,-1287
122000024,1089,1443,-354
122000025,1622,2036,-414
122000026,1552,1325,227
122000027,792,2616,-1824
122000028,1261,638,623
122000029,680,599,81
122000030,471,200,271
122000031,328,292,36
122000032,2124,2504,-380
122000033,790,1472,-682
122000034,944,802,142
122000035,516,985,-469
122000036,735,646,89
122000037,460,299,161
122000038,279,440,-161
122000039,705,531,174
122000040,325,347,-22
122000041,649,625,24
122000042,405,546,-141
122000043,186,124,62
122000044,213,154,59
122000045,1316,616,700
122000046,885,960,-75
122000047,468,262,206
122000048,5462,5425,37
122000049,7471,4375,3096
122000050,1821,1006,815
122000051,443,306,137
122000052,802,502,300
122000053,259,754,-495
122000054,2986,2604,382
122000055,2763,3640,-877
122000056,5926,4186,1740
122000057,4198,4317,-119
122000058,3379,1651,1728
122000059,3884,2106,1778
122000060,829,778,51
122000061,790,668,122
122000062,1479,458,1021
122000063,1704,829,875
122000064,3789,3167,622
122000065,4976,2941,2035
122000066,1533,1132,401
122000067,1931,1474,457
122000068,1738,1318,420
122000069,935,832,103
122000070,1115,2027,-912
122000071,1609,1605,4
122000072,449,523,-74
122000073,454,775,-321
122000074,3657,1976,1681
122000075,1116,1523,-407
122000076,2462,1278,1184
122000077,1441,891,550
122000078,2940,3152,-212
122000079,1797,1446,351
122000080,1014,444,570
122000081,292,440,-148
122000082,932,1024,-92
122000083,1933,2487,-554
122000084,1879,1059,820
122000085,375,1350,-975
122000086,2570,5981,-3411
122000087,668,246,422
122000088,604,743,-139
122000089,6850,2961,3889
122000090,339,601,-262
122000091,268,101,167
122000092,217,57,160
122000093,2511,2191,320
122000094,7840,3365,4475
122000095,4745,5593,-848
122000096,3784,2415,1369
122000098,4603,2890,1713
122000099,2532,803,1729
122000100,1135,648,487
122000101,526,770,-244
122000102,2517,1619,898
122000103,2617,2223,394
122000104,483,258,225
122000105,960,344,616
122000106,645,874,-229
122000107,1280,604,676
122000108,671,1041,-370
122000109,557,397,160
122000110,724,731,-7
122000111,3155,1812,1343
122000112,1117,1715,-598
122000113,729,826,-97
122000114,4203,1739,2464
122000115,2442,1593,849
122000116,897,687,210
122000117,2925,613,2312
122000118,738,1181,-443
122000119,4484,3493,991
122000120,2741,6086,-3345
122000121,2709,4560,-1851
122000122,1141,2724,-1583
122000123,2514,2508,6
122000124,1438,953,485
122000125,950,986,-36
122000126,985,1716,-731
122000127,1332,1908,-576
122000128,672,1087,-415
122000129,710,1596,-886
122000130,3878,1714,2164
122000131,2004,1763,241
122000132,711,987,-276
122000133,1306,2189,-883
122000134,1183,1112,71
122000135,992,1260,-268
122000136,1029,799,230
122000137,2191,1360,831
122000139,1689,4588,-2899
122000140,1403,840,563
122000141,5520,1275,4245
122000142,587,1117,-530
122000143,749,535,214
122000144,1795,1855,-60
122000145,2057,1045,1012
122000146,2134,1545,589
122000147,965,581,384
122000148,2973,2980,-7
122000149,2879,2353,526
122000150,1472,1340,132
122000151,294,439,-145
122000152,462,570,-108
122000153,579,458,121
122000154,382,370,12
122000155,2148,3117,-969
122000156,3249,3075,174
122000157,2359,2783,-424
122000158,453,826,-373
122000159,1208,2102,-894
122000160,4572,2952,1620
122000161,1383,1443,-60
122000162,3110,2181,929
122000163,403,119,284
122000164,49,124,-75
122000165,1604,862,742
122000166,1430,1204,226
122000167,406,318,88
122000168,280,636,-356
122000169,434,214,220
122000170,474,317,157
122000171,66,111,-45
122000172,1852,1808,44
122000173,1877,2886,-1009
122000174,2729,1200,1529
122000175,1353,432,921
122000176,479,933,-454
122000177,1855,1886,-31
122000178,3342,2708,634
122000179,2047,2922,-875
122000180,2315,1772,543
122000181,2436,3482,-1046
122000182,2548,1974,574
122000183,2547,1259,1288
122000184,4133,2680,1453
122000185,1980,2051,-71
122000186,602,855,-253
122000187,2231,1223,1008
122000188,655,282,373
122000189,384,437,-53
122000190,1177,1274,-97
122000191,1221,942,279
122000192,1364,420,944
122000193,596,936,-340
122000194,686,270,416
122000195,166,567,-401
122000196,1679,839,840
122000197,616,1007,-391
122000198,605,1122,-517
122000199,510,467,43
122000200,1321,814,507
122000201,1960,1941,19
122000202,1762,1760,2
122000203,4542,1809,2733
122000204,2277,2562,-285
122000205,1994,1916,78
122000206,2616,1161,1455
122000207,2403,1758,645
122000208,2765,1793,972
122000209,2252,419,1833
122000210,2617,2205,412
122000211,1962,1539,423
122000212,951,643,308
122000213,1382,1623,-241
122000214,2613,2060,553
122000215,2451,2059,392
122000217,2264,1634,630
122000218,904,116,788
122000219,1544,1123,421
122000220,542,920,-378
122000221,126,527,-401
122000222,715,172,543
122000223,1885,653,1232
122000225,1063,388,675
122000226,2964,2152,812
122000227,472,2720,-2248
122000228,596,504,92
122000229,118,643,-525
122000230,407,676,-269
122000231,706,1100,-394
122000232,1041,1510,-469
122000233,3,181,-178
122000234,428,164,264
122000235,815,211,604
122000236,1417,198,1219
122000237,280,144,136
122000238,754,363,391
122000239,1138,235,903
122000240,1511,946,565
122000241,1826,671,1155
122000242,1176,254,922
122000243,92,54,38
122000244,41,325,-284
122000245,24,83,-59
122000246,40,102,-62
122000247,1593,351,1242
122000248,1351,1808,-457
122000249,2717,1173,1544
122000250,2730,1289,1441
122000251,425,530,-105
122000252,750,234,516
122000253,134,385,-251
122000254,401,189,212
122000255,1160,2433,-1273
122000256,515,1378,-863
122000257,232,485,-253
122000258,424,338,86
122000259,49,528,-479
122000260,9,73,-64
122000261,22,269,-247
122000262,2,44,-42
122000263,560,149,411
122000264,1669,492,1177
122000265,2860,1185,1675
122000266,5256,965,4291
122000267,281,211,70
122000268,184,636,-452
122000269,1033,545,488
122000270,846,199,647
122000271,436,1328,-892
122000272,477,1166,-689
122000273,542,545,-3
122000274,289,268,21
122000275,208,280,-72
122000276,976,766,210
122000277,1572,1780,-208
122000278,1988,1068,920
122000279,359,753,-394
122000280,1146,1085,61
122000281,1085,1114,-29
122000282,339,351,-12
122000283,709,185,524
122000284,297,137,160
122000285,563,136,427
122000286,144,251,-107
122000287,1478,1674,-196
122000288,694,385,309
122000291,2094,885,1209
122000293,465,334,131
122000294,169,220,-51
122000295,1934,293,1641
122000296,68,523,-455
122000297,3214,3192,22
122000299,659,561,98
122000300,738,745,-7
122000301,12153,4334,7819
122000302,976,1475,-499
122000303,4159,1609,2550
122000304,142,320,-178
122000305,1260,320,940
122000306,48,940,-892
122000307,184,164,20
122000309,105,69,36
122000310,25,96,-71
122000311,342,148,194
122000312,193,180,13
122000313,182,99,83
122000314,113,231,-118
122000315,249,84,165
122000316,815,259,556
122000317,1520,337,1183
122000318,290,859,-569
122000319,326,476,-150
122000320,474,1598,-1124
122000321,147,234,-87
122000322,2847,2419,428
122000323,2065,2821,-756
122000324,1399,1351,48
122000325,1143,1738,-595
122000326,83,133,-50
122000327,599,869,-270
122000328,943,844,99
122000330,2765,1019,1746
122000332,291,409,-118
122000333,9,117,-108
122000337,1127,1959,-832
122000338,599,650,-51
122000340,575,529,46
122000342,2384,1203,1181
122000343,608,1356,-748
122000344,76,25,51
122000345,78,37,41
122000346,630,688,-58
122000348,931,1000,-69
122000349,191,1089,-898
122000351,139,224,-85
122000352,533,190,343
122000353,114,103,11
122000355,201,309,-108
122000356,1763,1458,305
122000357,128,24,104
122000358,1,80,-79
122000359,0,42,-42
122000360,1,104,-103
122000362,14,112,-98
122000364,196,420,-224
122000365,3,70,-67
122000366,20,14,6
122000368,566,881,-315
122000370,36,58,-22
122000371,27,0,27
122000372,12,2,10
122000381,137,415,-278
122000382,100,319,-219
122000384,3476,1471,2005
122000385,94,1,93
122000386,646,1513,-867
122000387,737,802,-65
122000388,1858,746,1112
122000389,199,767,-568
122000390,526,356,170
122000391,523,275,248
122000392,481,323,158
122000393,78,245,-167
122000394,772,414,358
122000395,241,190,51
122000396,366,169,197
122000397,106,48,58
122000398,98,69,29
122000399,203,99,104
122000400,215,566,-351
122000401,174,132,42
122000402,376,144,232
122000403,629,1068,-439
122000404,197,318,-121
122000408,976,1328,-352
122000503,21,131,-110
122000524,477,159,318
122000544,172,2562,-2390
122000616,473,6,467
122000640,132,171,-39
122000641,115,425,-310
122000642,1179,1481,-302
122000643,86,135,-49
122000644,164,55,109
122000645,170,236,-66
122000651,1876,922,954
122000664,143,37,106
122000665,1513,730,783
122000666,939,1365,-426
122000673,30,290,-260
122000674,92,60,32
122000675,2060,1234,826
122000686,1047,1249,-202
122000687,1984,497,1487
122000688,380,858,-478
122000689,1020,530,490
122000690,2309,648,1661
122000691,1495,2004,-509
122000692,2184,691,1493
122000693,705,2414,-1709
122000695,413,537,-124
122000696,381,354,27
122000698,438,920,-482
122000699,259,190,69
122000701,1370,381,989
122000702,601,1387,-786
122000703,174,102,72
122000717,211,73,138
122000718,419,782,-363
122000719,169,114,55
122000720,482,315,167
122000724,181,19,162
122900001,69,13,56
122900002,1569,5554,-3985
122900003,496,72,424
122900004,1179,65,1114
122900005,163,102,61
122900006,1744,531,1213
122900007,462,97,365
122900008,1137,128,1009
122900009,1076,633,443
122900010,411,168,243
122900012,259,561,-302
122900014,290,409,-119
122900015,3172,1414,1758
122900016,105,433,-328
122900017,567,1194,-627
122900018,208,26,182
122900019,24,206,-182
122900020,375,500,-125
122900021,68,671,-603
122900022,1198,882,316
122900023,639,297,342
122900024,201,164,37
122900025,23,457,-434
122900026,141,620,-479
122900027,87,810,-723
122900028,159,328,-169
122900029,5138,3551,1587
122900030,1202,747,455
122900031,122,312,-190
122900032,173,514,-341
122900033,301,215,86
122900034,5469,5963,-494
122900035,154,57,97
122900036,92,139,-47
122900037,406,193,213
122900038,180,3413,-3233
122900039,169,741,-572
122900040,364,560,-196
122900041,451,422,29
122900042,221,471,-250
122900043,556,236,320
122900044,149,422,-273
122900045,145,170,-25
122900046,315,300,15
122900047,196,270,-74
122900048,87,281,-194
122900049,1876,185,1691
122900051,131,163,-32
122900052,100,193,-93
122900053,56,25,31
122900055,537,222,315
122900057,296,101,195
122900061,618,338,280
122900062,680,878,-198
122900063,136,449,-313
122900064,1249,583,666
122900065,686,322,364
122900066,964,475,489
122900067,1801,1218,583
122900068,407,457,-50
122900069,487,2060,-1573
122900070,478,122,356
122900071,170,454,-284
122900072,36,529,-493
122900073,97,271,-174
122900074,961,813,148
122900075,1,86,-85
122900076,11,197,-186
122900077,3,211,-208
122900078,186,152,34
122900080,72,42,30
122900081,299,273,26
122900082,1024,634,390
122900083,232,510,-278
122900084,24,335,-311
122900086,24,164,-140
122900087,355,814,-459
122900088,43,223,-180
122900089,140,325,-185
122900090,14,560,-546
122900091,234,3,231
122900092,2,324,-322
122900093,1,383,-382
122900094,4,248,-244
122900095,236,12,224
122900096,550,178,372
122900097,36,53,-17
122900098,182,195,-13
122900099,95,27,68
122900100,504,307,197
122900101,641,336,305
122900102,17,93,-76
122900103,116,13,103
122900104,152,14,138
122900105,17,38,-21
122900106,7,93,-86
122900107,12,239,-227
122900108,9,216,-207
123000001,1780,450,1330
123000002,4447,4986,-539
123000003,4139,4060,79
123000004,3459,4526,-1067
123000005,2952,2950,2
123000006,2627,2904,-277
123000007,4945,3007,1938
123000008,3394,3634,-240
123000009,4842,3077,1765
123000010,3882,3686,196
123000011,2762,821,1941
123000012,983,2341,-1358
123000013,3953,1039,2914
123000014,1153,3605,-2452
123000015,4730,1115,3615
123000016,5362,4890,472
123000017,3553,2027,1526
123000018,70,159,-89
123000019,429,301,128
123000020,250,161,89
123000021,125,253,-128
123000022,425,2042,-1617
123000023,1710,1807,-97
123000024,1591,802,789
123000025,224,204,20
123000026,320,135,185
123000027,253,703,-450
123000028,2618,504,2114
123000029,1636,1317,319
123000030,291,579,-288
123000031,278,393,-115
123000032,416,238,178
123000033,254,67,187
123000034,1247,1011,236
123000035,468,579,-111
123000036,385,1163,-778
123000037,295,613,-318
123000038,112,201,-89
123000039,429,1542,-1113
123000040,1007,511,496
123000041,1491,1379,112
123000042,1348,889,459
123000043,4027,9911,-5884
123000044,6025,3570,2455
123000045,10048,3872,6176
123000046,1125,1931,-806
123000047,3165,1301,1864
123000048,160,782,-622
123000049,8458,11324,-2866
123000050,1575,1629,-54
123000051,110,223,-113
123000052,933,3698,-2765
123000053,3271,4117,-846
123000054,1516,1963,-447
123000055,1747,2709,-962
123000056,1504,2649,-1145
123000057,16136,9241,6895
123000058,826,1213,-387
123000059,636,684,-48
123000060,1104,630,474
123000061,451,1004,-553
123000063,1079,1070,9
123000064,1310,422,888
123000065,9509,4074,5435
123000066,1035,778,257
123000067,974,768,206
123000068,3909,3741,168
123000069,8658,4595,4063
123000070,431,883,-452
123000071,1107,1227,-120
123000072,1269,1398,-129
123000073,1262,957,305
123000074,1155,1500,-345
123000075,413,1193,-780
123000076,1268,852,416
123000077,2411,3391,-980
123000078,1713,1878,-165
123000079,1672,2129,-457
123000080,2780,2519,261
123000081,177,547,-370
123000082,476,1371,-895
123000083,1115,292,823
123000084,662,617,45
123000085,386,125,261
123000086,615,303,312
123000087,501,435,66
123000088,2193,1207,986
123000089,536,1211,-675
123000090,1371,1065,306
123000091,1484,1349,135
123000092,1054,1318,-264
123000094,588,377,211
123000095,729,846,-117
123000096,757,557,200
123000097,592,959,-367
123000098,838,751,87
123000099,776,878,-102
123000100,708,941,-233
123000101,833,870,-37
123000102,821,811,10
123000104,607,486,121
123000105,923,553,370
123000106,606,514,92
123000107,483,527,-44
123000108,843,1199,-356
123000111,1107,454,653
123000112,1348,737,611
123000113,626,1778,-1152
123000114,475,732,-257
123000115,395,359,36
123000116,43,167,-124
123000117,2580,2560,20
123000118,563,1126,-563
123000119,410,1120,-710
123000120,680,954,-274
123000121,519,556,-37
123000122,396,272,124
123000123,437,561,-124
123000124,570,499,71
123000125,1334,1237,97
123000126,1529,4686,-3157
123000127,1036,789,247
123000128,335,301,34
123000129,756,254,502
123000130,686,116,570
123000131,936,746,190
123000132,439,723,-284
123000133,364,409,-45
123000134,456,220,236
123000135,2629,1373,1256
123000136,296,945,-649
123000137,191,380,-189
123000138,142,512,-370
123000139,635,172,463
123000140,235,990,-755
123000141,1047,171,876
123000142,1115,1287,-172
123000143,1530,2235,-705
123000144,102,52,50
123000145,295,158,137
123000146,85,93,-8
123000147,126,101,25
123000149,443,496,-53
123000150,207,280,-73
123000151,360,481,-121
123000152,291,542,-251
123000153,482,801,-319
123000154,2220,2379,-159
123000155,2764,1635,1129
123000156,25,153,-128
123000157,643,1070,-427
123000158,713,832,-119
123000159,4164,2962,1202
123000160,1072,929,143
123000161,1880,1432,448
123000162,1085,2026,-941
123000163,690,205,485
123000164,1726,439,1287
123000165,570,1943,-1373
123000166,48,221,-173
123000167,181,371,-190
123000168,382,363,19
123000169,904,172,732
123000170,75,265,-190
123000171,818,28,790
123000172,486,728,-242
123000173,745,268,477
123000174,1232,427,805
123000175,1295,1617,-322
123000176,1448,310,1138
123000177,598,1338,-740
123000178,877,186,691
123000179,55,797,-742
123000180,1861,425,1436
123000181,422,1798,-1376
123000182,311,706,-395
123000183,208,620,-412
123000184,263,870,-607
123000185,874,495,379
123000186,7,802,-795
123000187,624,7,617
123000188,217,1,216
123000189,251,249,2
123000190,66,105,-39
123000192,39,583,-544
123000193,96,1067,-971
123000194,639,465,174
123000195,386,63,323
123000196,362,40,322
123000197,69,154,-85
123000198,47,414,-367
123000199,13,759,-746
123000200,665,11,654
123000201,1154,21,1133
123000202,26,1473,-1447
123000203,1098,89,1009
123000204,140,1597,-1457
123000205,701,2401,-1700
123000206,2298,283,2015
123000207,135,1158,-1023
123000208,550,287,263
123000209,2271,774,1497
123000210,765,2731,-1966
123000211,791,3502,-2711
123000212,3223,746,2477
123000213,806,126,680
123000215,107,228,-121
123000216,234,754,-520
123000217,241,70,171
123000218,123,845,-722
123000219,1320,120,1200
123000220,673,144,529
123000221,358,173,185
123000222,477,634,-157
123000223,428,476,-48
123000224,554,645,-91
123000225,493,102,391
123000226,154,478,-324
123000227,115,422,-307
123000228,266,110,156
123000229,1400,1987,-587
123000232,182,726,-544
123000233,881,289,592
123000234,263,759,-496
123000235,1117,512,605
123000236,335,849,-514
123000237,375,132,243
123000238,136,588,-452
123000239,690,1841,-1151
123000240,115,524,-409
123000241,900,152,748
123000242,251,224,27
123000243,871,881,-10
123000244,987,816,171
123000245,72,200,-128
123000249,296,725,-429
123000252,1070,316,754
123000253,1141,664,477
123000254,962,1360,-398
123000255,1418,1170,248
123000256,57,385,-328
123000257,3559,2727,832
123000258,1596,1186,410
123000259,385,459,-74
123000260,527,541,-14
123000261,271,214,57
123000262,130,274,-144
123000263,478,144,334
123000264,231,98,133
123000265,87,192,-105
123000266,830,937,-107
123000267,757,472,285
123000268,67,77,-10
123000269,89,72,17
123000270,53,52,1
123000271,104,96,8
123000272,816,349,467
123000273,305,656,-351
123000274,1328,665,663
123000275,510,1094,-584
123000278,4331,3260,1071
123000279,121,132,-11
123000280,600,447,153
123000281,469,158,311
123000282,253,412,-159
123000283,167,83,84
123000284,45,142,-97
123000286,434,359,75
123000287,852,321,531
123000288,1831,950,881
123000289,565,1329,-764
123000291,383,867,-484
123000294,177,247,-70
123000295,1005,1077,-72
123000296,625,464,161
123000297,722,668,54
123000298,691,608,83
123000299,71,207,-136
123000300,1041,914,127
123000301,180,269,-89
123000302,100,254,-154
123000303,160,173,-13
123000305,961,836,125
123000306,158,239,-81
123000309,50,97,-47
123000310,50,41,9
123000311,0,139,-139
123000312,563,1211,-648
123000313,608,300,308
123000315,115,429,-314
123000316,1171,73,1098
123000317,183,72,111
123000318,79,251,-172
123000329,15,14,1
123000337,838,351,487
123000338,801,45,756
123000339,255,328,-73
123000340,209,570,-361
123000342,131,31,100
123000343,57,6,51
123000344,1580,749,831
123000345,431,991,-560
123000346,319,58,261
123000352,1790,925,865
123000353,44,128,-84
123000354,403,19,384
123000355,3,578,-575
123000356,398,45,353
123000357,3,227,-224
123000359,6,223,-217
123000360,308,119,189
123000361,449,431,18
123000362,576,118,458
123000363,134,298,-164
123000364,686,594,92
123000365,46,462,-416
123000366,517,2203,-1686
123000367,386,1375,-989
123000370,97,347,-250
123000371,1320,72,1248
123000372,543,38,505
123000373,19,547,-528
123000374,77,234,-157
123000375,566,56,510
123000376,932,721,211
123000377,495,33,462
123000378,31,343,-312
123000379,6,309,-303
123000380,70,541,-471
123000381,193,65,128
123000382,1543,182,1361
123000383,307,1474,-1167
123000384,484,135,349
123000385,287,616,-329
123000436,39,981,-942
123000507,148,321,-173
123000508,182,898,-716
123000517,334,42,292
123000518,36,265,-229
123000519,188,73,115
123000520,59,251,-192
123000521,371,110,261
123000522,189,512,-323
123000541,17,5,12
123000542,0,29,-29
123000565,4,2,2
123000566,1082,947,135
123000567,120,290,-170
123000573,74,913,-839
123000574,880,81,799
123000575,1428,1454,-26
123000576,1008,1631,-623
123000577,169,788,-619
123000578,600,91,509
123000579,3493,5334,-1841
123000580,40,31,9
123000582,449,32,417
123000583,49,429,-380
123000584,189,341,-152
123000585,0,144,-144
123000586,109,0,109
123000596,142,163,-21
123000597,90,141,-51
123000602,40,29,11
123000603,779,737,42
123000604,505,952,-447
123000605,823,144,679
123000606,4,308,-304
123000609,20,410,-390
123000610,239,181,58
123000613,25,211,-186
123000614,293,74,219
123000615,58,167,-109
123000616,827,94,733
123000617,144,500,-356
123000618,147,758,-611
123000619,752,61,691
123000620,29,529,-500
123000622,479,41,438
123000624,161,39,122
123000630,969,463,506
123000631,355,1411,-1056
123000632,935,976,-41
123000633,2,176,-174
123000634,74,150,-76
123000635,183,156,27
123000636,31,661,-630
123000637,166,107,59
123000638,610,63,547
123000639,1260,4087,-2827
123000640,24,1063,-1039
123900001,1426,70,1356
123900002,60,1364,-1304
123900003,415,454,-39
123900005,251,208,43
123900006,247,44,203
124000001,2205,158,2047
124000002,134,1927,-1793
124000003,1035,186,849
124000004,126,632,-506
124000005,1093,442,651
124000006,325,1446,-1121
124000007,600,130,470
124000008,22,611,-589
124000009,662,341,321
124000010,226,538,-312
124000011,1062,397,665
124000012,386,675,-289
124000017,177,226,-49
124000018,112,98,14
124000019,186,198,-12
124000020,75,199,-124
124000021,151,133,18
124000022,117,265,-148
124000023,1823,1660,163
124000024,1277,598,679
124000025,1432,2132,-700
124000026,1272,1166,106
124000027,5073,5667,-594
124000028,2512,4380,-1868
124000030,3465,1643,1822
124000031,1450,2854,-1404
124000032,2985,1179,1806
124000033,49,316,-267
124000034,1141,738,403
124000035,46,219,-173
124000036,66,210,-144
124000037,1190,1207,-17
124000038,99,126,-27
124000039,1659,603,1056
124000040,829,1552,-723
124000041,601,97,504
124000042,201,613,-412
124000043,155,142,13
124000044,91,235,-144
124000045,759,773,-14
124000046,426,739,-313
124000047,1587,1295,292
124000048,1233,1684,-451
124000049,2075,878,1197
124000050,1235,2232,-997
124000051,1176,706,470
124000052,836,1339,-503
124000053,580,1597,-1017
124000054,1089,646,443
124000055,1608,2795,-1187
124000056,2864,1759,1105
124000057,983,796,187
124000058,601,1635,-1034
124000059,720,1430,-710
124000060,1553,904,649
124000061,1698,5478,-3780
124000062,4640,2201,2439
124000063,1379,1964,-585
124000064,2998,1691,1307
124000065,12,358,-346
124000066,174,243,-69
124000067,241,226,15
124000068,12,21,-9
124000069,175,15,160
124000070,73,147,-74
124000071,1040,139,901
124000072,419,606,-187
124000073,1170,207,963
124000074,302,867,-565
124000075,441,42,399
124000076,13,259,-246
124000077,1948,1104,844
124000078,4024,1432,2592
124000079,573,1546,-973
124000080,694,304,390
124000081,274,613,-339
124000082,56,178,-122
124000083,75,130,-55
124000084,61,320,-259
124000085,192,46,146
124000086,74,80,-6
124000087,257,99,158
124000088,362,454,-92
124000089,1080,441,639
124000090,118,396,-278
124000091,448,134,314
124000092,88,559,-471
124000093,122,141,-19
124000094,273,613,-340
124000095,133,121,12
124000096,179,359,-180
124000097,121,153,-32
124000098,78,135,-57
124000099,238,141,97
124000100,51,94,-43
124000101,77,194,-117
124000102,121,86,35
124000103,110,161,-51
124000104,106,68,38
124000105,89,123,-34
124000106,185,75,110
124000107,13,181,-168
124000108,69,25,44
124000109,115,114,1
124000110,199,168,31
124000111,274,192,82
124000112,736,796,-60
124000113,135,111,24
124000114,275,545,-270
124000115,495,809,-314
124000116,153,235,-82
124000117,72,99,-27
124000118,56,121,-65
124000119,1156,731,425
124000120,670,502,168
124000121,1686,862,824
124000122,660,1466,-806
124000123,1274,675,599
124000124,558,1446,-888
124000125,454,717,-263
124000126,383,848,-465
124000127,1051,547,504
124000128,725,1287,-562
124000129,2304,1900,404
124000130,1008,770,238
124000131,1117,826,291
124000132,1215,974,241
124000133,917,1099,-182
124000134,1321,786,535
124000135,2070,2135,-65
124000136,1182,1212,-30
124000137,1789,967,822
124000138,2280,1624,656
124000139,826,33,793
124000140,53,633,-580
124000141,242,24,218
124000142,15,217,-202
124000143,94,44,50
124000144,22,51,-29
124000145,230,83,147
124000146,145,118,27
124000148,87,132,-45
124000149,1739,636,1103
124000150,532,806,-274
124000151,1037,569,468
124000152,1108,1641,-533
124000153,943,933,10
124000154,597,941,-344
124000155,1769,1219,550
124000156,2039,1479,560
124000169,226,535,-309
124000170,699,690,9
124000171,369,334,35
124000172,619,780,-161
124000173,537,290,247
124000174,451,816,-365
124000175,26,173,-147
124000176,119,34,85
124000177,9,56,-47
124000178,70,85,-15
124000190,79,58,21
124000191,157,89,68
124000192,2428,490,1938
124000193,786,1081,-295
124000194,465,577,-112
124000195,272,668,-396
124000196,1267,1220,47
124000197,128,63,65
124000198,53,64,-11
124000201,632,1096,-464
124000202,768,600,168
124000203,765,676,89
124000204,796,457,339
124000205,161,541,-380
124000206,817,466,351
124000207,1,63,-62
124000209,297,540,-243
124000210,432,241,191
124000211,615,10,605
124000212,1,534,-533
124000213,442,368,74
124000214,412,683,-271
124000215,472,42,430
124000216,0,458,-458
124000329,295,1769,-1474
124000338,251,891,-640
124000339,1151,313,838
124000341,1418,290,1128
124000344,94,34,60
124000357,1019,2012,-993
124000358,911,1413,-502
124000359,1314,707,607
124000360,925,525,400
124000361,1757,880,877
124000362,1415,1707,-292
124000363,289,444,-155
124000364,647,1124,-477
124000365,838,1175,-337
124000366,1657,1037,620
124000367,113,584,-471
124000368,497,401,96
124000369,169,130,39
124000370,76,516,-440
124000402,62,14,48
124000403,237,45,192
124000404,9,173,-164
124000405,1424,1185,239
124000406,922,1144,-222
124000407,6,43,-37
124000411,19,440,-421
124000412,515,10,505
124000413,273,34,239
124000414,101,132,-31
124000415,83,150,-67
124000416,177,247,-70
124000417,183,119,64
124000418,218,147,71
124000419,118,164,-46
124000420,106,88,18
124000421,77,212,-135
124000422,32,24,8
124000423,163,49,114
124000424,12,77,-65
124000425,49,40,9
124000426,20,47,-27
124000427,46,14,32
124000428,16,66,-50
124000429,74,93,-19
124000430,721,637,84
124000431,293,757,-464
124000432,352,661,-309
124000439,11,11,0
124000442,9,155,-146
124000443,0,12,-12
124000445,279,593,-314
124000446,1031,81,950
124900001,445,443,2
124900002,202,404,-202
124900003,1093,802,291
124900004,648,461,187
124900005,285,207,78
124900006,676,447,229
124900008,1506,791,715
124900009,194,469,-275
124900010,247,195,52
124900011,745,319,426
124900012,604,136,468
124900013,684,191,493
124900014,532,107,425
124900015,209,480,-271
124900016,81,132,-51
124900017,769,1454,-685
124900018,75,24,51
124900020,140,91,49
124900021,536,92,444
124900022,113,7,106
124900024,328,66,262
124900026,155,51,104
124900027,170,479,-309
124900028,655,134,521
124900029,16,582,-566
124900030,4,169,-165
124900031,73,393,-320
124900032,252,324,-72
124900033,299,419,-120
124900034,17,143,-126
124900035,215,607,-392
124900036,3,82,-79
124900037,242,343,-101
124900038,323,374,-51
124900039,0,66,-66
124900040,123,96,27
124900041,266,1147,-881
124900042,278,3,275
124900043,574,1054,-480
124900044,86,6,80
124900045,998,1371,-373
124900046,1386,320,1066
124900047,224,242,-18
124900048,258,148,110
124900050,164,318,-154
124900052,123,579,-456
124900053,283,511,-228
124900054,2093,710,1383
124900055,3,302,-299
124900057,16,61,-45
124900060,183,291,-108
124900061,125,13,112
124900062,257,55,202
124900066,0,26,-26
124900067,7,155,-148
124900068,317,672,-355
124900070,100,40,60
124900072,133,42,91
124900074,774,320,454
124900075,308,265,43
124900076,39,1208,-1169
124900077,28,168,-140
124900078,177,39,138
124900079,656,173,483
124900080,309,593,-284
124900081,864,323,541
124900082,383,950,-567
124900083,297,532,-235
124900084,2196,186,2010
124900085,1371,532,839
124900086,186,1406,-1220
124900087,728,184,544
124900088,831,162,669
124900089,1459,45,1414
124900090,377,342,35
124900091,420,481,-61
124900092,326,366,-40
124900093,390,292,98
124900094,502,405,97
124900095,93,613,-520
124900096,693,337,356
124900097,363,118,245
124900098,153,375,-222
124900099,876,567,309
124900100,432,137,295
124900101,180,651,-471
124900102,295,63,232
124900103,187,275,-88
124900104,96,233,-137
124900105,77,144,-67
124900106,448,93,355
124900107,184,31,153
124900108,199,104,95
124900109,75,118,-43
124900110,409,481,-72
124900111,1,104,-103
124900112,71,754,-683
124900113,132,325,-193
124900114,257,157,100
124900115,199,71,128
124900116,285,201,84
124900117,584,200,384
124900118,281,305,-24
124900119,463,223,240
124900120,57,425,-368
124900121,136,602,-466
124900122,401,270,131
124900123,357,164,193
124900124,228,400,-172
129000186,157,50,107
204000001,29,4,25
204000002,5,6,-1
204000003,31,10,21
204000004,8,2,6
204000005,588,415,173
204000006,1367,1007,360
204000011,7,35,-28
204000012,66,67,-1
204000013,3,27,-24
204000019,565,588,-23
204000020,693,508,185
204000021,1276,729,547
204000022,592,489,103
204000023,591,902,-311
204000031,118,23,95
204000032,534,34,500
204000034,19,271,-252
204000035,9,2,7
204000036,6,31,-25
204000037,0,26,-26
204000038,0,6,-6
204000039,6,45,-39
204000040,5,25,-20
204000041,7,33,-26
204000042,38,9,29
204000043,45,8,37
204000044,49,2,47
204000045,41,8,33
204000046,13,5,8
204000057,8,22,-14
204000062,5,10,-5
204000068,23,251,-228
204000069,52,323,-271
204000070,117,90,27
204000080,69,54,15
204000085,2233,1984,249
204000086,2313,2024,289
204000087,29,7,22
204000088,7,104,-97
204000090,34,399,-365
204000093,330,70,260
204000096,787,1061,-274
204000097,526,14,512
204000099,1257,1361,-104
204000100,1417,1895,-478
204000105,2440,1535,905
204000110,750,1023,-273
204000111,498,629,-131
204000112,1274,526,748
204000113,530,617,-87
204000114,760,665,95
204000115,554,387,167
204000116,1137,472,665
204000119,1941,2825,-884
204000132,599,305,294
204000133,693,309,384
204000134,203,141,62
204000135,498,103,395
204000136,666,198,468
204000138,461,363,98
204000140,180,137,43
204000141,145,69,76
204000144,11,29,-18
204000145,742,44,698
204000146,47,425,-378
204000147,9,159,-150
204000148,363,18,345
204000154,14,4,10
204000155,4,4,0
204000177,93,48,45
204000179,28,5,23
204000180,0,21,-21
204000222,1,23,-22
204000235,11,21,-10
204000236,132,256,-124
204000238,44,27,17
204000240,363,119,244
204000263,563,1039,-476
204000268,1242,713,529
204000308,221,15,206
204000317,5,62,-57
204000322,4,53,-49
204000323,19,13,6
204000328,273,54,219
204000329,38,255,-217
204000330,188,12,176
204000331,37,141,-104
204010341,5,134,-129
205000001,1066,1938,-872
205000013,4,78,-74
205000014,16,151,-135
205000015,47,259,-212
205000016,50,201,-151
205000017,24,101,-77
205000022,283,854,-571
205000025,1196,1168,28
205000029,176,11,165
205000045,144,361,-217
205000046,90,458,-368
205000047,67,446,-379
205000048,344,1016,-672
205000049,228,852,-624
205000050,658,314,344
205000059,0,233,-233
205000060,0,110,-110
205000061,5,63,-58
205000062,4,54,-50
205000063,29,77,-48
205000064,20,94,-74
205000065,44,515,-471
205000066,111,626,-515
205000067,32,776,-744
205000069,174,22,152
205000082,181,229,-48
205000110,65,256,-191
205000111,186,257,-71
205000112,250,280,-30
205000113,221,419,-198
205000121,269,60,209
205000123,73,269,-196
205000126,407,77,330
205000127,622,122,500
205000128,422,53,369
205000129,495,42,453
205000130,230,21,209
205000131,175,11,164
205000132,223,10,213
205000133,139,0,139
205000134,217,0,217
205000137,97,197,-100
205000138,229,376,-147
205000139,42,144,-102
205000144,136,95,41
205000145,560,209,351
205000151,212,36,176
205000152,317,34,283
205000153,358,39,319
205000154,163,45,118
205000155,155,7,148
205000207,9,198,-189
205000233,42,24,18
205000234,0,1,-1
205000243,0,0,0
205000244,2,8,-6
205000245,16,194,-178
205000249,0,33,-33
205000250,6,1,5
205000264,8,98,-90
206000027,9,6,3
206000028,8,4,4
206000043,12,83,-71
206000053,7,16,-9
206000054,3,24,-21
206000055,4,36,-32
206000075,10,14,-4
206000076,12,7,5
206000077,40,5,35
206000078,22,8,14
206000079,19,3,16
206000082,386,49,337
206000100,24,579,-555
206000103,3,12,-9
206000104,13,20,-7
206000105,7,11,-4
206000106,7,29,-22
206000108,591,47,544
206000125,58,0,58
206000157,60,632,-572
206000170,1,190,-189
206000171,5,189,-184
206000172,11,420,-409
206000173,2,229,-227
206000174,15,90,-75
206000175,8,160,-152
206000176,22,195,-173
206000177,2,171,-169
206000178,2,215,-213
206000179,12,127,-115
206000180,14,137,-123
206000181,13,158,-145
206000182,14,162,-148
206000183,9,526,-517
206000184,3,385,-382
206000185,6,198,-192
206000186,124,996,-872
206000223,8,234,-226
206000226,12,4,8
206000227,18,3,15
206000237,25,353,-328
206000238,33,516,-483
206000239,223,1896,-1673
206000240,2,44,-42
206000241,0,100,-100
206000242,9,252,-243
206000243,8,200,-192
206000244,52,595,-543
206000245,750,76,674
206000246,198,13,185
206000247,213,12,201
206000248,355,19,336
206000252,124,57,67
206000258,38,41,-3
206000315,28,3,25
206000317,487,102,385
206000318,348,63,285
206000319,1186,92,1094
206000320,191,47,144
206000321,180,6,174
206000322,443,23,420
206000323,126,10,116
206000324,135,8,127
206000325,188,18,170
206000326,193,14,179
206000327,246,17,229
206000328,136,2,134
206000329,252,7,245
206000330,74,9,65
206000331,175,2,173
206000332,38,3,35
206000333,594,2,592
206000334,282,4,278
206000335,0,19,-19
206000361,2,199,-197
206000392,5,27,-22
206000405,107,0,107
206000441,20,17,3
206000498,35,2,33
206000515,122,40,82
206000530,226,46,180
206000531,192,202,-10
206000532,1486,287,1199
206000535,335,1718,-1383
206000536,15,190,-175
206000537,10,170,-160
206000613,1386,207,1179
207000001,161,492,-331
207000002,160,325,-165
207000003,146,161,-15
207000007,795,235,560
207000008,97,10,87
207000009,60,34,26
207000010,475,403,72
207000012,378,232,146
207000015,283,1152,-869
207000019,259,69,190
207000021,533,168,365
207000022,183,110,73
207000023,182,41,141
207000024,1,17,-16
207000025,28,49,-21
207000026,102,31,71
207000027,19,76,-57
207000028,68,168,-100
207000029,226,445,-219
207000033,188,370,-182
207000034,321,74,247
207000039,376,184,192
207000040,306,128,178
207000041,129,58,71
207000042,280,71,209
207000043,338,226,112
207000051,161,266,-105
207000052,52,167,-115
207000053,425,477,-52
207000054,45,97,-52
207000055,170,109,61
207000056,315,278,37
207000057,121,252,-131
207000058,133,228,-95
207000059,78,440,-362
207000060,53,191,-138
207000061,217,445,-228
207000062,252,53,199
207000063,255,105,150
207000064,347,127,220
207000065,429,230,199
207000066,190,157,33
207000067,46,85,-39
207000068,142,54,88
207000069,662,363,299
207000082,11,219,-208
207000083,90,256,-166
207000084,173,260,-87
207000085,184,14,170
207000086,120,5,115
207000106,52,40,12
207000107,77,27,50
207000108,47,16,31
207000109,64,22,42
207000110,90,100,-10
207000111,122,114,8
207000112,179,543,-364
207000114,34,51,-17
207000115,30,103,-73
207000116,23,431,-408
207000117,7,131,-124
207000118,3,87,-84
207000119,58,87,-29
207000123,249,32,217
207000124,93,33,60
207000125,96,74,22
207000126,72,63,9
207000134,42,162,-120
207000135,37,208,-171
207000148,69,314,-245
207000149,76,45,31
207000152,140,369,-229
207000153,957,1224,-267
207000154,397,171,226
207000159,115,205,-90
207000160,194,439,-245
207000238,0,199,-199
207000242,3,215,-212
207000248,35,41,-6
207000249,181,61,120
207000250,791,98,693
207000251,123,75,48
207000252,115,74,41
207000278,87,60,27
207000279,18,128,-110
207000280,532,74,458
207000281,131,823,-692
207000282,197,87,110
207000283,144,221,-77
207000284,71,200,-129
207000285,125,48,77
207000291,22,144,-122
207000304,112,31,81
207000306,74,346,-272
207000310,111,103,8
207000353,331,3,328
207000356,23,43,-20
207000357,48,16,32
207000358,38,29,9
207000415,3,226,-223
207000417,63,6,57
207000418,97,119,-22
207000438,0,9,-9
207000439,928,664,264
207000446,178,2,176
207000460,36,8,28
207000466,203,196,7
207000467,247,151,96
207000468,43,381,-338
207000476,14,85,-71
207000477,757,109,648
207000478,8,70,-62
207000523,0,18,-18
207000524,48,0,48
207000527,107,146,-39
207000530,501,7,494
207000531,372,21,351
207000532,178,37,141
207000534,561,77,484
207000535,35,370,-335
207000537,201,143,58
207000540,11,193,-182
207000541,2,364,-362
207000548,23,273,-250
207000549,472,18,454
207000561,157,245,-88
207000562,39,221,-182
207000567,120,196,-76
207000568,199,96,103
207000569,483,892,-409
207000584,363,287,76
207000585,65,406,-341
207000616,0,143,-143
207000617,161,0,161
207900008,217,109,108
208000001,693,918,-225
208000002,699,444,255
208000003,1239,401,838
208000004,1197,601,596
208000005,3,12,-9
208000019,653,1171,-518
208000020,164,594,-430
208000021,275,427,-152
208000022,1090,603,487
208000028,1118,938,180
208000033,767,986,-219
208000034,1363,1493,-130
208000040,151,192,-41
208000041,863,644,219
208000042,1036,764,272
208000047,162,312,-150
208000064,2541,1541,1000
208000066,2100,2409,-309
208000070,367,415,-48
208000071,363,910,-547
208000072,330,1392,-1062
208000080,322,298,24
208000081,379,147,232
208000082,314,323,-9
208000083,133,430,-297
208000084,19,20,-1
208000085,765,573,192
208000086,483,1075,-592
208000087,361,800,-439
208000089,981,385,596
208000090,954,725,229
208000093,190,206,-16
208000094,1291,461,830
208000095,686,396,290
208000104,1065,1059,6
208000105,860,1047,-187
208000114,105,317,-212
208000115,593,433,160
208000116,584,1043,-459
208000117,212,161,51
208000118,109,132,-23
208000155,871,1073,-202
208000158,1449,3720,-2271
208000186,4180,4455,-275
208000204,742,992,-250
208000205,1265,1133,132
208000282,6303,3433,2870
209000004,485,211,274
209000005,45,35,10
209000006,435,175,260
209000007,291,302,-11
209000010,451,145,306
209000011,188,321,-133
209000012,246,180,66
209000013,727,405,322
209000014,563,1101,-538
209000025,278,48,230
209000026,625,105,520
209000027,396,850,-454
209000028,493,815,-322
209000029,590,760,-170
209000030,596,1416,-820
209000031,2474,2338,136
209000034,193,175,18
209000035,127,133,-6
209000036,174,91,83
209000037,241,206,35
209000038,114,169,-55
209000039,62,108,-46
209000040,307,575,-268
209000041,182,457,-275
209000042,280,394,-114
209000043,868,863,5
209000044,258,811,-553
209000045,1504,594,910
209000046,626,751,-125
209000047,386,213,173
209000048,577,391,186
209000049,82,117,-35
209000050,170,144,26
209000051,240,268,-28
209000052,142,275,-133
209000062,54,105,-51
209000063,56,100,-44
209000064,40,105,-65
209000065,79,42,37
209000066,72,30,42
209000067,91,69,22
209000080,28,299,-271
209000082,84,36,48
209000091,58,113,-55
209000093,55,33,22
209000094,257,218,39
209000110,67,156,-89
209000111,462,1416,-954
209000112,878,835,43
209000113,1494,679,815
209000114,659,503,156
209000115,77,126,-49
209000116,480,453,27
209000118,29,45,-16
209000119,53,23,30
209000121,120,516,-396
209000135,110,200,-90
209000142,637,1331,-694
209000143,64,101,-37
209000144,56,120,-64
209000229,268,254,14
209000240,40,394,-354
209000259,88,129,-41
209000260,64,1148,-1084
209000261,4,792,-788
209000262,2,515,-513
209000263,0,166,-166
209000264,1,129,-128
209000265,1089,29,1060
209000266,314,4,310
209000267,1470,27,1443
209000268,649,62,587
210000037,68,29,39
210000047,100,28,72
210000048,134,30,104
210000049,56,24,32
210000052,47,104,-57
210000053,35,53,-18
210000054,50,107,-57
210000070,170,6,164
210000071,133,3,130
210000072,27,0,27
210000073,0,25,-25
210000074,0,85,-85
210000075,4,119,-115
210000076,20,129,-109
210000077,15,38,-23
210000078,30,25,5
210000079,18,14,4
210000080,132,50,82
210000081,255,28,227
210000082,237,2,235
210000083,100,6,94
210000084,39,1,38
210000085,0,55,-55
210000086,1,108,-107
210000099,34,229,-195
210000100,52,132,-80
210000101,95,174,-79
210000105,56,198,-142
210000159,5,152,-147
210000163,193,182,11
210000164,421,215,206
210000168,90,36,54
210000187,0,21,-21
210000188,0,16,-16
210000214,48,1,47
210000219,28,38,-10
210000220,67,45,22
210000232,4,25,-21
210000233,40,73,-33
210000234,38,115,-77
210000235,62,86,-24
210000245,0,43,-43
210000246,27,2,25
210000258,16,94,-78
210000259,359,106,253
210000282,94,233,-139
210000285,1,133,-132
210000286,15,207,-192
210000290,6,4,2
210000295,57,111,-54
210000296,33,31,2
210000320,159,89,70
210000321,138,88,50
210000338,82,63,19
210000339,396,1087,-691
210000340,109,318,-209
210000341,209,237,-28
210000342,220,173,47
210000343,129,169,-40
210000344,178,80,98
210000345,140,164,-24
210000346,54,88,-34
210000347,70,29,41
210000348,92,19,73
210000349,38,13,25
210000350,107,71,36
210000351,110,118,-8
210000352,71,64,7
210000353,61,111,-50
210000354,97,91,6
210000355,41,68,-27
210000356,27,40,-13
210000357,44,27,17
210000358,221,111,110
210000359,73,74,-1
210000360,146,114,32
210000361,189,171,18
210000362,254,190,64
210000363,814,238,576
210000364,127,161,-34
210000365,137,109,28
210000366,124,66,58
210000367,97,37,60
210000368,146,67,79
210000369,13,17,-4
210000370,50,39,11
210000372,22,32,-10
210000373,28,20,8
210000374,47,12,35
210000375,42,67,-25
210000376,85,122,-37
210000404,65,86,-21
210000439,17,49,-32
210000472,118,5,113
210000482,61,111,-50
210000564,376,365,11
210000567,0,23,-23
210000568,354,6,348
211000092,60,49,11
211000094,31,3,28
211000169,192,29,163
211000172,17,221,-204
211000209,1,28,-27
211000226,15,7,8
211000270,18,18,0
211000275,19,17,2
211000276,85,37,48
211000279,25,34,-9
211000281,69,38,31
211507980,1,36,-35
211977296,49,12,37
212000003,93,55,38
212000004,38,23,15
212000005,15,30,-15
212000006,37,65,-28
212000008,162,135,27
212000009,16,87,-71
212000012,89,89,0
212000013,24,54,-30
212000014,238,183,55
212000015,284,249,35
212000016,490,525,-35
212000027,558,461,97
212000028,343,403,-60
212000029,214,239,-25
212000030,60,32,28
212000031,69,60,9
212000048,43,176,-133
212000049,18,111,-93
212000050,31,15,16
212000051,186,204,-18
212000052,164,272,-108
212000053,402,575,-173
212000054,248,156,92
212000055,235,214,21
212000056,19,44,-25
212000057,16,24,-8
212000058,223,37,186
212000070,98,239,-141
212000077,124,612,-488
212000099,242,272,-30
212000108,185,157,28
212000111,145,130,15
212000120,96,54,42
212000138,118,39,79
212000156,29,91,-62
212000158,24,12,12
212000159,413,56,357
212000160,572,258,314
212000161,43,7,36
212000310,45,18,27
212000311,13,68,-55
212000374,34,11,23
213000001,42,544,-502
213000005,482,130,352
213000006,1341,312,1029
213000007,196,9,187
213000009,898,623,275
213000010,212,353,-141
213000011,222,177,45
213000012,144,471,-327
213000014,134,16,118
213000015,287,8,279
213000016,623,4,619
213000017,69,0,69
213000018,2,248,-246
213000019,0,189,-189
213000020,134,444,-310
213000021,9,156,-147
213000023,372,151,221
213000033,419,1747,-1328
213000034,861,356,505
213000035,168,255,-87
213000045,219,291,-72
213000046,241,184,57
213000047,723,1385,-662
213000056,245,44,201
213000069,81,8,73
213000073,1,53,-52
213000074,88,385,-297
213000075,609,29,580
213000076,34,1,33
213000085,15,59,-44
213000086,13,223,-210
213000091,214,21,193
213000092,113,11,102
213000099,157,1175,-1018
213000100,1252,216,1036
213000101,423,168,255
213000102,524,323,201
213000103,1150,994,156
213000104,72,499,-427
213000105,5,213,-208
213000106,44,140,-96
213000107,148,631,-483
213000108,25,567,-542
213000109,7,236,-229
213000110,3,92,-89
213000111,9,59,-50
213000112,203,157,46
213000115,88,31,57
213000116,81,448,-367
213000117,11,768,-757
213000118,389,234,155
213000119,74,754,-680
213000120,140,574,-434
213000122,160,794,-634
213000123,566,1699,-1133
213000124,166,1753,-1587
213000125,131,28,103
213000126,143,202,-59
213000127,231,265,-34
213000128,598,1276,-678
213000129,464,543,-79
213000130,572,256,316
213000132,333,89,244
213000133,561,142,419
213000134,704,29,675
213000136,535,30,505
213000137,709,83,626
213000139,223,23,200
213000147,76,6,70
213000148,29,7,22
213000149,38,4,34
213000150,1,127,-126
213000151,6,113,-107
213000152,2,75,-73
213000153,8,100,-92
213000154,61,301,-240
213000155,54,244,-190
213000156,142,491,-349
213000157,558,458,100
213000158,391,995,-604
213000159,674,682,-8
213000163,873,125,748
213000165,911,336,575
213000171,1,119,-118
213000172,2,402,-400
213000173,3,278,-275
213000174,14,195,-181
213000175,17,128,-111
213000176,82,39,43
213000177,82,9,73
213000178,132,4,128
213000179,202,3,199
213000180,170,2,168
213000184,143,502,-359
213000188,347,135,212
213000189,328,62,266
213000190,1127,972,155
213000191,383,547,-164
213000192,295,417,-122
213000193,923,394,529
213000194,0,65,-65
213000195,19,416,-397
213000196,312,1371,-1059
213000197,449,672,-223
213000198,66,1,65
213000200,156,1071,-915
213000201,97,62,35
213000202,11,553,-542
213000203,3562,718,2844
213000204,737,107,630
213000205,395,126,269
213000206,553,52,501
213000207,171,9,162
213000208,116,2,114
213000209,136,3,133
213000210,457,4,453
213000211,11,19,-8
213000212,14,31,-17
213000213,25,87,-62
213000218,263,687,-424
213000219,532,25,507
213000220,481,20,461
213000223,175,270,-95
213000224,91,57,34
213000225,192,16,176
213000226,83,15,68
213000227,887,196,691
213000228,400,98,302
213000229,393,26,367
213000230,393,21,372
213000232,101,766,-665
213000233,8,286,-278
213000234,5,61,-56
213000293,27,80,-53
213000294,135,20,115
213000295,20,99,-79
213000296,59,21,38
213000297,20,102,-82
213000298,77,112,-35
213000299,86,46,40
213000300,84,7,77
213000303,14,38,-24
213000304,4,29,-25
213000305,10,21,-11
213000306,81,39,42
213000307,220,86,134
213000308,124,217,-93
213000309,136,45,91
213000310,662,198,464
213000311,301,794,-493
213000315,96,116,-20
213000316,149,48,101
213000322,94,162,-68
213000323,85,66,19
213000324,70,67,3
213000325,53,139,-86
213000326,35,19,16
213000327,66,63,3
213000328,50,186,-136
213000329,120,47,73
213000340,225,630,-405
213000341,531,124,407
213000346,310,316,-6
213000347,913,462,451
213000348,25,141,-116
213000349,79,24,55
213000350,311,1150,-839
213000366,76,343,-267
213000367,293,39,254
213000379,179,63,116
213000386,10,318,-308
213000406,129,336,-207
213000417,1241,578,663
213000425,226,42,184
213000426,125,62,63
213000427,46,330,-284
213000428,80,218,-138
213000429,59,7,52
213000430,130,946,-816
213000431,333,12,321
213000432,6,94,-88
213000433,24,163,-139
213000434,111,118,-7
213000435,110,96,14
213000436,39,88,-49
213000437,11,29,-18
213000438,158,96,62
213000439,45,20,25
213000440,10,355,-345
213000441,3,5,-2
213000442,4,52,-48
213000443,691,370,321
213000444,56,59,-3
213000445,0,83,-83
213000446,3,168,-165
213000447,1,66,-65
213000448,5,140,-135
213000449,356,10,346
213000450,31,56,-25
213000451,324,131,193
213000452,36,24,12
213000453,49,363,-314
213000455,685,71,614
213000456,1,405,-404
213000481,2,10,-8
213000484,42,1,41
213000489,364,68,296
213000491,3,159,-156
213000492,309,49,260
213000493,1,115,-114
213000494,287,178,109
213000495,0,145,-145
213000496,380,178,202
213000497,41,385,-344
213000498,189,219,-30
213000499,235,600,-365
213000500,546,111,435
213000501,121,42,79
213000502,261,220,41
213000503,1,76,-75
213000504,19,156,-137
213000505,22,8,14
213000506,0,13,-13
213000507,3,144,-141
213900016,0,7,-7
213900244,68,0,68
213900245,0,28,-28
218000003,22,20,2
218000004,22,17,5
218000005,186,40,146
218000006,51,38,13
218000007,19,20,-1
218000012,191,202,-11
218000013,118,146,-28
218000014,460,435,25
218000019,950,741,209
218000020,278,521,-243
218000021,31,53,-22
218000022,6,19,-13
218000023,1,27,-26
218000024,2,5,-3
218000025,6,15,-9
218000026,11,33,-22
218000027,3,19,-16
218000028,2,3,-1
218000029,15,5,10
218000030,14,22,-8
218000031,4,25,-21
218000032,1,23,-22
218000040,12,5,7
218000046,37,104,-67
218000047,15,154,-139
218000048,69,128,-59
218000049,115,143,-28
218000050,355,289,66
218000051,95,277,-182
218000052,2,117,-115
218000053,4,15,-11
218000054,7,40,-33
218000055,8,20,-12
218000056,12,60,-48
218000057,2,40,-38
218000064,2,28,-26
218000065,77,73,4
218000066,12,66,-54
218000067,40,71,-31
218000068,131,141,-10
218000069,287,143,144
218000070,272,265,7
218000071,164,151,13
218000072,330,227,103
218000078,723,931,-208
218000079,87,90,-3
218000080,94,75,19
218000081,420,315,105
218000082,48,153,-105
218000083,83,58,25
218000084,123,128,-5
218000085,182,378,-196
218000086,64,159,-95
218000087,198,194,4
218000090,19,109,-90
218000091,837,493,344
218000092,65,147,-82
218000093,71,85,-14
218000094,447,520,-73
218000099,324,703,-379
218000100,283,279,4
218000101,387,153,234
218000102,405,262,143
218000103,104,166,-62
218000104,81,59,22
218000105,22,35,-13
218000106,10,13,-3
218000107,60,70,-10
218000108,5,48,-43
218000112,54,44,10
218000117,102,69,33
218000134,614,629,-15
218000135,40,123,-83
218000136,282,103,179
218000137,317,157,160
218000138,67,113,-46
218000139,275,350,-75
218000140,663,232,431
218000141,85,68,17
218000142,197,162,35
218000143,128,255,-127
218000144,76,83,-7
218000145,315,397,-82
218000146,67,239,-172
218000151,10,42,-32
218000152,155,66,89
218000153,6,4,2
218000154,9,3,6
218000155,14,0,14
218000156,51,14,37
218000157,27,26,1
218000158,10,7,3
218000159,4,5,-1
218000160,3,4,-1
218000161,35,6,29
218000162,25,11,14
218000163,7,2,5
218000164,32,10,22
218000165,53,20,33
218000170,10,49,-39
218000171,45,13,32
218000172,14,10,4
218000173,100,28,72
218000174,21,15,6
218000176,194,43,151
218000177,339,232,107
218000178,81,235,-154
218000179,84,67,17
218000180,95,27,68
218000181,187,45,142
218000187,5,31,-26
218000188,42,53,-11
218000189,14,82,-68
218000190,15,29,-14
218000191,160,64,96
218000192,188,268,-80
218000193,458,378,80
218000194,123,344,-221
218000195,128,86,42
218000196,366,385,-19
218000197,380,479,-99
218000198,16,167,-151
218000199,70,71,-1
218000200,141,38,103
218000201,10,24,-14
218000202,71,211,-140
218000207,4,33,-29
218000208,44,23,21
218000211,38,9,29
218000212,0,4,-4
218000213,77,84,-7
218000214,1,26,-25
218000215,53,85,-32
218000217,4,117,-113
218000218,244,101,143
218000219,88,24,64
218000220,129,356,-227
218000221,663,179,484
218000222,27,49,-22
218000223,61,383,-322
218000224,11,96,-85
218000225,148,27,121
218000226,132,75,57
218000230,0,7,-7
218000232,48,61,-13
218000239,148,21,127
218000240,22,5,17
218000241,42,0,42
218000242,119,0,119
218000243,176,0,176
218000244,86,3,83
218000245,203,1,202
218000246,7,0,7
218000247,5,1,4
218000248,0,18,-18
218000249,0,3,-3
218000250,1,7,-6
218000251,5,27,-22
218000252,5,28,-23
218000253,6,51,-45
218000254,0,13,-13
218000255,0,30,-30
218000256,8,99,-91
218000267,485,938,-453
218000268,8,45,-37
218000269,2,10,-8
218000270,30,19,11
218000271,38,44,-6
218000273,14,9,5
218000274,16,9,7
218000275,18,49,-31
218000276,6,43,-37
218000278,30,36,-6
218000279,40,42,-2
218000280,14,8,6
218000281,12,20,-8
218000282,469,356,113
218000284,147,13,134
218000301,76,122,-46
218000302,136,61,75
218000303,52,41,11
218000316,721,1034,-313
218000317,958,1168,-210
218000318,568,846,-278
218000319,1049,1162,-113
218000320,712,654,58
218000338,80,27,53
218000345,61,60,1
218000346,36,153,-117
218000459,50,354,-304
218000490,53,48,5
218000501,87,130,-43
218000502,45,96,-51
218000503,71,27,44
218000504,108,34,74
218000505,58,123,-65
218000506,30,252,-222
218000508,6,3,3
218000510,159,15,144
218000520,132,140,-8
218000521,3,42,-39
218000522,0,144,-144
218000523,123,1,122
218000524,48,144,-96
218000525,128,12,116
218000526,36,140,-104
218000529,17,144,-127
218000530,14,6,8
218000531,5,35,-30
218000532,43,16,27
218000534,139,15,124
218000537,19,62,-43
218000538,105,198,-93
218000540,204,80,124
218000543,134,40,94
218000544,44,70,-26
218000545,48,59,-11
218000546,36,84,-48
218000547,70,189,-119
218000548,191,130,61
218000549,472,558,-86
218000550,227,330,-103
218000551,143,909,-766
218000552,499,54,445
218000553,33,71,-38
218000554,33,40,-7
218000555,41,35,6
218000556,137,195,-58
218000557,229,81,148
218000558,72,0,72
218000559,0,29,-29
218000560,0,31,-31
218000561,22,0,22
218000562,39,148,-109
218000563,229,27,202
218000564,5,115,-110
218000565,166,29,137
218000566,540,29,511
218000567,2,85,-83
218000568,40,5,35
218000569,11,120,-109
218000570,97,10,87
218000571,10,91,-81
218000572,173,4,169
218000573,21,105,-84
218000574,203,50,153
218000575,99,0,99
218000576,0,63,-63
218000577,125,4,121
218000578,0,82,-82
218000579,41,35,6
218000581,2,65,-63
218000582,74,5,69
218000583,27,0,27
218000584,0,18,-18
218000585,39,19,20
218000586,13,47,-34
218000587,3,1,2
218000588,0,0,0
218000589,3,4,-1
218000590,12,2,10
218000591,24,1,23
218000592,18,0,18
218000593,0,0,0
218000594,0,0,0
218000595,0,0,0
218000596,0,0,0
218000597,0,0,0
218000598,0,0,0
218000599,0,0,0
218000600,1,0,1
218000601,0,1,-1
218000602,0,2,-2
218000603,1,12,-11
218000604,12,5,7
218000605,0,60,-60
218000606,71,1,70
218000607,18,57,-39
218000608,31,13,18
218000609,5,77,-72
218000610,63,11,52
218000611,33,0,33
218000612,1,25,-24
218000613,42,0,42
218000614,0,43,-43
218000615,199,0,199
218000616,2,138,-136
218000617,27,0,27
218000618,3,20,-17
218000619,61,32,29
218000620,15,31,-16
218000621,0,7,-7
218000622,1,14,-13
218000623,287,3,284
218000624,16,34,-18
218000625,15,2,13
218000626,1,9,-8
218000628,159,35,124
218000631,37,12,25
218000632,3,120,-117
218000633,154,1,153
218000634,7,19,-12
218000635,20,11,9
218000636,906,1178,-272
218000637,939,637,302
218000638,160,58,102
218000639,46,209,-163
218000640,325,47,278
218000641,69,362,-293
218000652,63,80,-17
218000653,173,71,102
218000663,2,80,-78
218000675,115,65,50
218000676,1,21,-20
218000677,13,4,9
218000680,175,421,-246
218000681,348,111,237
218000691,96,231,-135
218000693,204,84,120
218000703,7,32,-25
218000718,728,1188,-460
218000719,1252,842,410
218000720,11,145,-134
218000721,211,20,191
218000725,7,9,-2
218001214,20,53,-33
218001329,115,88,27
218001330,67,80,-13
218001351,26,8,18
218001352,11,9,2
218001353,18,7,11
218001354,8,21,-13
218001355,81,10,71
218001357,45,3,42
219000001,35,44,-9
219000002,49,59,-10
219000003,84,27,57
219000004,33,28,5
219000017,123,46,77
219000020,154,148,6
219000022,112,25,87
219000023,365,6,359
219000029,0,65,-65
219000034,54,21,33
219000039,117,149,-32
219000040,96,91,5
219000041,137,33,104
219000051,0,36,-36
219000052,0,27,-27
219000053,2,137,-135
219000054,47,104,-57
219000055,159,3,156
219000056,21,2,19
219000057,64,3,61
219000062,25,98,-73
219000063,75,11,64
219000064,0,59,-59
219000110,575,63,512
219000111,139,30,109
219000112,186,48,138
219000113,137,91,46
219000114,228,239,-11
219000116,107,56,51
219000117,160,59,101
219000118,326,39,287
219000123,228,78,150
219000124,165,36,129
219000125,10,10,0
219000126,79,83,-4
219000127,0,11,-11
219000128,22,116,-94
219000129,20,121,-101
219000130,547,488,59
219000131,619,921,-302
219000133,94,20,74
219000134,25,16,9
219000135,47,73,-26
219000136,93,195,-102
219000138,76,21,55
219000139,33,66,-33
219000140,66,2,64
219000141,15,97,-82
219000142,28,108,-80
219000143,19,144,-125
219000145,38,61,-23
219000146,2,23,-21
219000147,1,24,-23
219000148,4,28,-24
219000149,10,65,-55
219000150,0,55,-55
219000151,1,33,-32
219000157,253,166,87
219000158,341,267,74
219000161,112,11,101
219000163,1750,676,1074
219000166,276,207,69
219000167,164,233,-69
219000168,298,120,178
219000174,352,131,221
219000175,80,15,65
219000176,95,8,87
219000177,42,3,39
219000178,33,2,31
219000179,14,3,11
219000180,29,59,-30
219000182,145,23,122
219000183,85,49,36
219000184,133,15,118
219000185,1,83,-82
219000186,55,59,-4
219000187,46,74,-28
219000189,102,173,-71
219000190,157,252,-95
219000191,1076,1304,-228
219000192,184,123,61
219000193,268,151,117
219000195,1,50,-49
219000196,4,109,-105
219000198,19,134,-115
219000199,72,253,-181
219000200,53,216,-163
219000201,87,258,-171
219000203,39,141,-102
219000204,220,226,-6
219000205,83,159,-76
219000207,100,290,-190
219000209,31,58,-27
219000210,60,78,-18
219000213,13,147,-134
219000239,306,212,94
219000240,255,371,-116
219000241,144,170,-26
219000242,79,117,-38
219000243,101,199,-98
219000244,18,91,-73
219000245,40,46,-6
219000246,26,35,-9
219000247,165,43,122
219000248,631,375,256
219000249,185,115,70
219000250,114,138,-24
219000251,602,227,375
219000252,215,222,-7
219000253,450,123,327
219000255,120,123,-3
219000256,315,99,216
219000257,113,1,112
219000262,203,162,41
219000263,53,156,-103
219000267,5,62,-57
219000268,3,6,-3
219000269,7,1,6
219000270,9,0,9
219000271,94,7,87
219000278,6,3,3
219000279,6,5,1
219000283,0,14,-14
219000295,18,94,-76
219000296,83,525,-442
219000297,26,138,-112
219000298,14,152,-138
219000299,543,164,379
219000300,27,186,-159
219000301,214,409,-195
219000302,43,312,-269
219000307,87,46,41
219000308,59,55,4
219000311,214,72,142
219000312,633,170,463
219000313,462,59,403
219000314,71,435,-364
219000315,338,49,289
219000316,550,74,476
219000317,101,37,64
219000320,2,50,-48
219000321,0,25,-25
219000323,3,71,-68
219000325,0,15,-15
219000326,68,59,9
219000327,60,64,-4
219000328,27,66,-39
219000329,408,115,293
219000330,64,41,23
219000331,79,57,22
219000332,97,121,-24
219000333,16,4,12
219000335,71,3,68
219000337,21,3,18
219000338,73,0,73
219000344,59,81,-22
219000345,67,134,-67
219000346,37,143,-106
219000348,156,109,47
219000349,73,137,-64
219000350,210,237,-27
219000351,9,7,2
219000352,657,152,505
219000353,102,73,29
219000354,225,82,143
219000355,177,60,117
219000356,1366,1455,-89
219000363,290,55,235
219000364,68,45,23
219000365,147,9,138
219000366,244,274,-30
219000368,343,690,-347
219000370,1344,520,824
219000371,9,37,-28
219000382,30,13,17
219000383,684,1032,-348
219000385,523,436,87
219000386,710,1624,-914
219000387,3,13,-10
219000390,2,0,2
219000391,1,2,-1
219000397,88,93,-5
219000398,83,99,-16
219000401,21,121,-100
219000402,97,127,-30
219000403,191,331,-140
219000404,35,121,-86
219000407,1,42,-41
219000409,27,54,-27
219000410,177,47,130
219000411,64,18,46
219000446,154,344,-190
219000447,6,25,-19
219000448,35,6,29
219000452,147,80,67
219000453,67,144,-77
219000454,244,298,-54
219000556,253,85,168
219000558,245,155,90
219000590,46,152,-106
219000591,53,76,-23
219000592,171,347,-176
219000595,5,24,-19
219000635,294,48,246
219000636,36,74,-38
219000657,73,48,25
219000658,64,119,-55
219000673,0,30,-30
219000676,97,22,75
219000679,46,11,35
219000684,80,1,79
219000685,0,74,-74
219000686,9,6,3
219000688,0,57,-57
219000689,21,260,-239
219000690,222,40,182
219000691,52,212,-160
219000692,183,47,136
219000693,1,16,-15
219000694,20,0,20
219000695,25,4,21
219000698,21,0,21
219000699,0,27,-27
219000727,7,74,-67
219000728,129,2,127
219000770,42,1,41
219000771,2,43,-41
219000788,443,180,263
219001150,4,22,-18
219001151,1,4,-3
219001166,41,40,1
219001167,0,104,-104
219001178,56,3,53
220000001,45,49,-4
220000002,10,105,-95
220000003,402,269,133
220000004,693,515,178
220000005,1658,2181,-523
220000006,175,864,-689
220000007,440,611,-171
220000008,305,874,-569
220000009,238,369,-131
220000010,322,114,208
220000011,539,3037,-2498
220000012,121,367,-246
220000014,143,61,82
220000015,37,156,-119
220000017,36,256,-220
220000018,4580,2028,2552
220000019,64,260,-196
220000020,283,309,-26
220000021,598,202,396
220000022,658,430,228
220000023,363,143,220
220000024,2025,375,1650
220000025,1092,1101,-9
220000026,280,303,-23
220000027,38,107,-69
220000028,32,34,-2
220000029,73,130,-57
220000030,142,58,84
220000031,491,303,188
220000064,16,1243,-1227
221000046,19,6,13
221000047,0,4,-4
221000048,0,1,-1
221000049,0,12,-12
221000050,19,0,19
221000055,41,70,-29
221000057,79,19,60
221000068,334,168,166
221000069,325,73,252
221000070,152,25,127
221000071,90,8,82
221000072,206,7,199
221000073,228,48,180
221000074,1,18,-17
221000075,21,17,4
221000076,14,23,-9
221000077,20,106,-86
221000081,69,24,45
221000082,61,12,49
221000083,30,9,21
221000084,5,6,-1
221000085,51,78,-27
221000086,22,77,-55
221000087,7,148,-141
221000088,14,156,-142
221000089,38,266,-228
221000090,131,513,-382
221000098,79,12,67
221000099,180,13,167
221000100,73,12,61
221000101,176,18,158
221000102,114,17,97
221000109,8,108,-100
221000110,9,71,-62
221000111,21,182,-161
221000112,15,157,-142
221000113,28,140,-112
221000114,16,135,-119
221000120,32,27,5
221000121,8,40,-32
221000122,28,40,-12
221000123,6,10,-4
221000124,23,161,-138
221000155,87,11,76
221000156,41,16,25
221000175,1,5,-4
221000176,0,1,-1
221000182,57,9,48
221000241,584,374,210
221000242,199,443,-244
221000243,483,211,272
221000244,418,459,-41
221000245,72,82,-10
221000246,53,204,-151
221000247,63,88,-25
221000248,107,88,19
221000267,56,568,-512
221000325,135,51,84
221000331,4,57,-53
221000338,12,19,-7
221000378,148,21,127
221000381,39,50,-11
222000282,23,1,22
222000296,4,17,-13
222000568,253,36,217
222000569,118,43,75
222000570,130,40,90
222000571,232,27,205
222000577,31,183,-152
222000578,90,185,-95
222000579,49,138,-89
222000580,138,853,-715
222000599,0,125,-125
222000600,2,300,-298
222000601,7,851,-844
222000603,8,36,-28
222000604,6,22,-16
222000605,14,24,-10
222000606,6,16,-10
222000607,6,6,0
222000608,17,11,6
222000609,70,274,-204
222000616,335,45,290
222000617,11,27,-16
222000618,14,8,6
222000620,33,12,21
222000621,61,10,51
222000623,519,4,515
222000624,256,5,251
222000625,459,32,427
222000636,45,0,45
222000686,20,12,8
222000687,42,29,13
222001066,317,6,311
222001067,17,7,10
222001068,43,34,9
222001069,28,45,-17
222001082,17,53,-36
222001083,32,70,-38
222001084,1,20,-19
222001085,1,252,-251
222001111,50,162,-112
222001112,80,61,19
222001313,24,11,13
222001314,7,133,-126
222001464,59,41,18
222001465,32,78,-46
222001484,100,78,22
222001485,26,54,-28
222001494,407,128,279
222001495,215,312,-97
222001496,284,88,196
222001497,123,381,-258
222001502,16,124,-108
222001503,117,62,55
222001504,27,326,-299
222001505,340,25,315
222001506,45,502,-457
222001507,359,44,315
222001510,341,53,288
222001511,71,436,-365
222001514,701,320,381
222001515,333,558,-225
222001518,303,91,212
222001519,86,236,-150
222001527,232,113,119
222001528,60,153,-93
222001529,245,79,166
222001530,64,237,-173
222001533,298,343,-45
222001534,358,85,273
222001535,187,176,11
222001536,112,231,-119
222001537,333,51,282
222001538,126,539,-413
222001563,568,105,463
222001564,105,506,-401
222001568,507,126,381
222001576,2,1,1
222001579,0,6,-6
222001583,18,171,-153
222001584,96,10,86
222001596,798,1029,-231
222001597,2490,273,2217
222001626,1,155,-154
222001650,421,140,281
222001651,416,152,264
222001914,188,90,98
222001915,109,262,-153
222001968,392,250,142
222001969,439,654,-215
222001970,176,174,2
222001971,25,18,7
222001972,4,34,-30
225000001,425,139,286
225000002,582,129,453
225000003,556,80,476
225000004,358,216,142
225000005,140,62,78
225000006,0,203,-203
225000007,1488,1160,328
225000010,303,9,294
225000011,347,705,-358
225000012,188,403,-215
225000013,104,95,9
225000014,790,90,700
225000015,84,145,-61
225000021,622,154,468
225000027,236,434,-198
225000032,578,132,446
225000042,73,578,-505
225000049,48,80,-32
225000050,57,10,47
225000053,7,219,-212
225000058,500,156,344
225000067,358,155,203
225000068,111,284,-173
225000069,138,402,-264
225000070,87,322,-235
225000071,31,165,-134
225000075,11,729,-718
225000076,65,124,-59
225000078,76,29,47
225000085,62,145,-83
225000086,258,95,163
225000087,178,24,154
225000088,13,192,-179
225000089,235,830,-595
225000090,97,417,-320
225000091,192,141,51
225000092,144,77,67
225000093,287,255,32
225000094,22,238,-216
225000095,251,402,-151
225000096,259,470,-211
225000098,635,312,323
225000099,300,181,119
225000100,321,121,200
225000104,116,311,-195
225000110,15,353,-338
225000111,198,920,-722
225000112,254,1041,-787
225000113,277,445,-168
225000114,81,221,-140
225000115,1240,563,677
225000116,1025,197,828
225000117,614,194,420
225000118,785,232,553
225000119,204,74,130
225000120,717,34,683
225000121,188,23,165
225000123,453,12,441
225000125,316,185,131
225000126,654,179,475
225000127,600,900,-300
225000128,403,588,-185
225000132,311,47,264
225000133,231,35,196
225000134,604,148,456
225000135,65,18,47
225000136,319,10,309
225000137,209,38,171
225000138,289,72,217
225000143,58,324,-266
225000144,2,370,-368
225000145,47,35,12
225000146,58,88,-30
225000147,31,233,-202
225000148,10,236,-226
225000149,56,507,-451
225000151,45,221,-176
225000155,321,371,-50
225000156,175,743,-568
225000157,189,334,-145
225000158,73,267,-194
225000171,1,154,-153
225000180,139,90,49
225000181,0,58,-58
225000182,72,8,64
225000185,4,337,-333
225000187,55,307,-252
225000191,188,3,185
225000194,0,3,-3
225000208,6,53,-47
225000209,100,19,81
225000210,13,213,-200
225000217,1,11,-10
225000218,28,1,27
225000223,0,31,-31
225000224,51,0,51
225000225,0,11,-11
225000226,47,2,45
225000227,25,78,-53
225000228,6,12,-6
225000229,0,71,-71
225000230,48,0,48
225000231,0,57,-57
225000232,96,0,96
225000241,104,1,103
225000242,0,23,-23
225000249,7,1,6
225000250,58,811,-753
225000251,324,35,289
225000254,0,0,0
225000256,9,16,-7
225000257,0,42,-42
226000042,325,469,-144
226000043,69,252,-183
226000044,144,459,-315
226000045,58,316,-258
226000046,291,88,203
226000047,334,102,232
226000048,299,60,239
226000049,231,125,106
226000070,0,30,-30
226000071,0,36,-36
226000072,0,7,-7
226000073,0,8,-8
226000074,0,12,-12
226000084,2,51,-49
226000085,1,6,-5
226000086,4,10,-6
226000087,0,10,-10
226000088,74,61,13
226000090,205,86,119
226000091,16,53,-37
226000092,6,20,-14
226000093,38,2,36
226000094,15,2,13
226000095,16,24,-8
226000105,13,0,13
226000106,10,0,10
226000107,6,0,6
226000108,32,0,32
226000109,75,0,75
226000124,100,45,55
226000134,467,390,77
226000135,1469,487,982
226000136,1470,373,1097
226000137,4,277,-273
226000138,7,171,-164
226000139,0,23,-23
226000156,142,3,139
226000157,179,12,167
226000163,98,134,-36
226000202,12,326,-314
226000231,273,15,258
226000232,32,5,27
227000033,246,74,172
227000036,316,57,259
227000037,313,34,279
227000038,188,28,160
227000084,5,76,-71
227000085,2,45,-43
227000088,41,0,41
227000089,137,0,137
227000090,63,1,62
227000091,25,0,25
227000092,44,4,40
227000093,173,0,173
227000094,14,0,14
227000130,19,69,-50
227000131,76,192,-116
227000132,12,168,-156
227000133,12,179,-167
227000134,15,339,-324
227000152,0,7,-7
227000153,0,52,-52
227000154,0,29,-29
227000155,0,17,-17
227000156,2,10,-8
227000165,6,29,-23
227000196,326,221,105
227000199,273,436,-163
227000230,36,416,-380
227000232,435,23,412
227000242,67,487,-420
227000243,425,89,336
227000245,12,304,-292
227000246,111,342,-231
227000247,289,89,200
227000248,77,23,54
227000249,23,143,-120
227000250,277,124,153
227000251,119,173,-54
227000252,25,254,-229
227000253,126,19,107
227000262,290,60,230
227000266,887,20,867
227000267,50,1375,-1325
227000282,19,148,-129
227000284,470,30,440
227000286,4,82,-78
227000291,23,485,-462
227000296,195,147,48
227000484,201,31,170
227000485,28,740,-712
227000655,160,9,151
227000656,541,52,489
227000657,71,20,51
227000704,192,14,178
229000265,11,6,5
229000266,3,2,1
229000267,7,0,7
229000268,25,0,25
229000269,58,0,58
229000274,0,27,-27
229000275,0,20,-20
229000276,1,27,-26
229000277,2,5,-3
229000278,1,7,-6
229000295,23,23,0
229000296,29,12,17
229000297,14,20,-6
229000298,3,142,-139
229000320,20,14,6
229000321,19,7,12
229000412,23,52,-29
229000414,8,43,-35
229000415,14,4,10
229000416,3,7,-4
229000417,3,22,-19
229000419,126,291,-165
229000440,387,84,303
229000442,24,10,14
229000443,7,3,4
229000444,3,28,-25
229000445,114,15,99
229000446,79,11,68
229000491,3,14,-11
229000492,4,82,-78
229000493,5,80,-75
229000494,45,4,41
229000495,127,6,121
229000496,36,3,33
229000507,0,44,-44
229000508,1,21,-20
229000509,0,58,-58
229000510,2,28,-26
229000511,3,42,-39
229000512,0,32,-32
229000513,0,8,-8
229000514,0,3,-3
229000517,4,9,-5
229000518,15,17,-2
229000519,0,6,-6
229000520,20,20,0
229000521,41,11,30
229000522,8,7,1
229000523,11,6,5
229000524,6,4,2
229000527,4,0,4
229000528,2,0,2
229000529,6,1,5
229000530,43,3,40
229000531,29,2,27
229000532,21,0,21
229000533,51,1,50
229000534,50,0,50
229000564,54,1,53
229000565,20,0,20
229000566,0,17,-17
229000567,0,31,-31
229000582,78,1,77
229000583,3,4,-1
229000584,0,20,-20
229000585,1,59,-58
229000718,0,0,0
229000719,0,1,-1
229000720,0,13,-13
229000721,0,6,-6
229000722,0,13,-13
229000723,0,3,-3
229000724,0,4,-4
229000725,0,3,-3
229000738,1,0,1
229000739,0,0,0
229000740,2,0,2
229000741,9,0,9
229000742,4,0,4
229000743,17,0,17
229000744,8,0,8
229000745,1,0,1
229000746,15,0,15
229000847,41,0,41
229000848,25,0,25
229000849,100,3,97
229000851,40,0,40
229000854,0,28,-28
229000856,2,85,-83
229000857,0,44,-44
229000858,0,67,-67
229000919,19,80,-61
229000930,1,285,-284
229000937,61,30,31
229000966,48,32,16
229000981,20,31,-11
229000985,13,41,-28
229000986,0,9,-9
229000987,0,2,-2
229000988,4,9,-5
229000989,2,7,-5
229000990,0,5,-5
229000991,2,1,1
229000992,17,15,2
229000993,143,29,114
229000998,15,67,-52
229000999,56,20,36
229001034,0,28,-28
229001035,4,2,2
229001036,4,58,-54
229001037,55,1,54
229001038,0,4,-4
229001039,4,0,4
229001040,0,96,-96
229001041,53,0,53
229001042,13,29,-16
229001047,22,51,-29
229001050,36,8,28
229001168,0,13,-13
229001200,29,3,26
229001338,7,40,-33
229001394,194,0,194
229001422,116,24,92
229001423,53,146,-93
229001431,55,64,-9
229001432,39,73,-34
229001444,171,39,132
229001445,29,129,-100
229001479,12,5,7
229001503,167,90,77
229001504,159,186,-27
229001505,84,32,52
229001506,63,147,-84
229001509,49,1,48
229001510,5,39,-34
229001545,67,5,62
229001546,13,119,-106
229001553,66,21,45
229001554,96,109,-13
229001630,61,16,45
229001631,25,19,6
229001635,0,12,-12
229001636,12,0,12
229001658,1,138,-137
229001659,57,12,45
229001660,3,12,-9
229001661,17,18,-1
229001662,31,0,31
229001663,0,21,-21
229002584,202,200,2
229002831,193,167,26
229002841,10,28,-18
229002842,12,25,-13
229002843,70,14,56
229002844,33,54,-21
229002845,9,74,-65
229002846,21,23,-2
229002847,3,6,-3
229002848,13,27,-14
229002849,8,59,-51
229002850,17,0,17
229002851,23,125,-102
229002852,157,29,128
229002853,115,11,104
229002854,25,56,-31
229002855,6,24,-18
229002856,58,10,48
229002857,6,82,-76
229002858,13,6,7
229002859,11,26,-15
229002860,123,13,110
229002861,65,33,32
229002862,70,32,38
229002863,22,26,-4
229002864,20,41,-21
229002865,19,5,14
229002866,12,21,-9
229002867,1,16,-15
229002868,13,19,-6
229002869,19,112,-93
229002870,43,12,31
235000066,466,86,380
235000067,123,134,-11
235000072,35,94,-59
235000073,66,369,-303
235000074,34,119,-85
235000080,40,99,-59
235000081,170,141,29
235000082,119,81,38
235000083,165,121,44
235000084,18,72,-54
235000085,103,62,41
235000089,94,39,55
235000092,33,174,-141
235000093,10,3,7
235000097,8,8,0
235000098,86,15,71
235000099,56,37,19
235000116,75,30,45
235000117,692,16,676
235000133,14,371,-357
235000134,19,160,-141
235000206,4,5,-1
235000207,0,0,0
235000208,4,1,3
235000209,6,0,6
235000210,7,5,2
235000212,2,22,-20
235000213,1,4,-3
235000220,2,7,-5
235000221,76,11,65
235000238,22,77,-55
235000239,1,12,-11
235000242,260,422,-162
235000245,456,165,291
235000246,12,65,-53
235000284,42,107,-65
235000295,156,24,132
235000305,272,19,253
235000306,210,9,201
235000307,6,1,5
235000308,15,0,15
235000309,55,0,55
235000310,53,0,53
235000311,126,25,101
235000322,0,18,-18
235000323,0,39,-39
235000324,1,31,-30
235000325,0,13,-13
235000326,7,207,-200
235000351,2,60,-58
235000352,14,49,-35
235000353,6,37,-31
235000354,2,42,-40
235000355,11,51,-40
235000356,282,12,270
235000357,42,15,27
235000358,103,8,95
235000359,14,6,8
235000360,29,19,10
235000361,70,22,48
235000381,87,162,-75
235000382,148,52,96
235000390,7,3,4
235000391,209,32,177
235000392,173,230,-57
235000393,113,137,-24
235000395,111,28,83
235000396,426,77,349
235000400,82,58,24
235000401,25,132,-107
235000405,106,308,-202
235000406,58,259,-201
235000407,167,79,88
235000409,207,121,86
235000410,33,210,-177
235000411,0,46,-46
235000485,0,14,-14
235000486,8,0,8
235000549,100,129,-29
235000550,61,176,-115
235000599,94,48,46
235000600,5,6,-1
235000601,18,36,-18
235000602,106,82,24
235000614,1,4,-3
235000648,0,14,-14
235000649,41,6,35
235000685,3,5,-2
235000815,7,29,-22
235000834,0,13,-13
235000855,57,54,3
235000862,30,124,-94
235000891,0,10,-10
235000892,17,2,15
235000901,137,99,38
235000907,1,7,-6
235001010,93,80,13
235001029,490,356,134
235001030,344,254,90
235001078,73,103,-30
235001079,98,96,2
235001147,11,67,-56
235001166,14,76,-62
235001167,25,55,-30
235001169,15,287,-272
235001188,1,3,-2
235001189,5,1,4
235001197,8,9,-1
235001200,44,49,-5
235001207,136,23,113
235001210,26,94,-68
235001215,18,87,-69
235001239,4,41,-37
235001244,0,3,-3
235016267,0,51,-51
277101746,0,3,-3
277102712,0,0,0
277103813,0,0,0
277103814,0,0,0
277103898,0,7,-7
277104249,0,3,-3
277104250,0,3,-3
277104251,0,10,-10
277104252,0,3,-3
990011530,0,195,-195
990014944,3,621,-618
990015176,20,11,9
990015618,0,203,-203
990016032,0,339,-339
990032570,0,307,-307
990070001,66,5,61
990070103,1,10,-9
990070601,0,48,-48
990070751,752,2,750
990070766,2,537,-535
990071180,579,234,345
990071343,27,0,27
990071387,0,24,-24
990071823,704,1,703
990072600,7,832,-825
990072964,0,383,-383
990073285,0,5,-5
990074393,3,829,-826
990074870,1242,11,1231
990075106,1519,32,1487
990075746,503,5,498
990076437,1216,8,1208
990076458,2,744,-742
997000007,509,5,504
997000041,1,213,-212
997000058,64,0,64
997000062,58,0,58
997000069,0,2,-2
997000070,0,32,-32
997000100,46,0,46
997000141,10,2271,-2261
997000198,41,1071,-1030
998000475,6,46,-40
998000736,1,192,-191
998000965,0,16,-16
998001031,0,68,-68
998001700,0,16,-16
998001899,0,4,-4
998001900,12,3,9
998003073,1206,32,1174
998101900,0,0,0
998102850,1,229,-228
998501927,1135,588,547
998501929,95,6,89
998501930,68,1,67
998501931,317,19,298
998501932,6,1,5
998501933,74,6,68
998501937,25,5,20
998501944,16,1,15
998501950,0,0,0
998501970,113,8,105
998501971,1,83,-82
998501973,0,83,-83
998501974,5,263,-258
998501975,198,35,163
998501976,83,1,82
998501977,0,25,-25
998501978,31,0,31
998501979,0,17,-17
998501980,61,0,61
998501981,18,3,15
998501982,0,143,-143
998502006,0,0,0
998502024,0,2,-2
998502032,0,9,-9
998502062,69,38,31
998502063,0,0,0
998502173,9,0,9
998502269,0,3,-3
998601159,3,195,-192
998601292,0,23,-23
999033574,0,270,-270
999800001,57,2,55
999800002,0,6,-6
999800003,0,1,-1
999800004,0,1,-1
999800005,0,5,-5
