dong,insum,outsum,diff
강남구 개포1동,2385,1768,617
강남구 개포2동,30597,24109,6488
강남구 개포4동,14898,12411,2487
강남구 논현1동,36036,33267,2769
강남구 논현2동,23922,23660,262
강남구 대치1동,32755,39459,-6704
강남구 대치2동,44586,40997,3589
강남구 대치4동,39715,33630,6085
강남구 도곡1동,28703,22589,6114
강남구 도곡2동,11020,10091,929
강남구 삼성1동,50037,35863,14174
강남구 삼성2동,20512,17011,3501
강남구 세곡동,32987,36079,-3092
강남구 수서동,33737,21847,11890
강남구 신사동,34707,27938,6769
강남구 압구정동,54571,38762,15809
강남구 역삼1동,82789,65163,17626
강남구 역삼2동,29864,25804,4060
강남구 일원1동,14208,12488,1720
강남구 일원2동,6087,4702,1385
강남구 일원본동,19769,15679,4090
강남구 청담동,40367,29891,10476
강동구 강일동,19641,20551,-910
강동구 고덕제1동,8651,9615,-964
강동구 고덕제2동,13569,13361,208
강동구 길동,15800,16520,-720
강동구 둔촌제1동,889,367,522
강동구 둔촌제2동,11799,11469,330
강동구 명일제1동,19392,18593,799
강동구 명일제2동,19389,12451,6938
강동구 상일동,26209,14708,11501
강동구 성내제1동,12106,10031,2075
강동구 성내제2동,9736,12830,-3094
강동구 성내제3동,15157,14879,278
강동구 암사제1동,10675,13192,-2517
강동구 암사제2동,3591,5502,-1911
강동구 암사제3동,2743,1525,1218
강동구 천호제1동,6018,9077,-3059
강동구 천호제2동,21120,24990,-3870
강동구 천호제3동,9453,10632,-1179
강북구 미아동,26198,22333,3865
강북구 번1동,45092,44322,770
강북구 번2동,10363,14305,-3942
강북구 번3동,20187,24171,-3984
강북구 삼각산동,7603,11166,-3563
강북구 삼양동,20900,23244,-2344
강북구 송중동,79952,68016,11936
강북구 송천동,34073,36416,-2343
강북구 수유1동,27639,21537,6102
강북구 수유2동,12813,16981,-4168
강북구 수유3동,41479,48012,-6533
강북구 우이동,21826,16670,5156
강북구 월곡제1동,4582,2478,2104
강북구 인수동,16483,19377,-2894
강서구 가양제1동,23243,17007,6236
강서구 가양제2동,5691,3966,1725
강서구 가양제3동,5115,3939,1176
강서구 공항동,15210,15731,-521
강서구 등촌제1동,23073,24224,-1151
강서구 등촌제2동,13550,11875,1675
강서구 등촌제3동,33257,28398,4859
강서구 발산제1동,36640,30072,6568
강서구 방화제1동,15162,17666,-2504
강서구 방화제2동,12798,12452,346
강서구 방화제3동,3672,2393,1279
강서구 염창동,12125,16124,-3999
강서구 우장산동,22846,25631,-2785
강서구 화곡본동,10698,12877,-2179
강서구 화곡제1동,36818,44345,-7527
강서구 화곡제2동,7603,9744,-2141
강서구 화곡제3동,13544,14657,-1113
강서구 화곡제4동,11908,11578,330
강서구 화곡제6동,24133,21255,2878
강서구 화곡제8동,17466,16569,897
관악구 낙성대동,33330,55914,-22584
관악구 난곡동,16839,18789,-1950
관악구 난향동,10315,12348,-2033
관악구 남현동,12457,15793,-3336
관악구 대학동,57619,29043,28576
관악구 미성동,30154,31319,-1165
관악구 보라매동,22598,21677,921
관악구 삼성동,29267,32594,-3327
관악구 서림동,25903,19741,6162
관악구 서원동,47334,52073,-4739
관악구 성현동,18620,23191,-4571
관악구 신림동,52821,47151,5670
관악구 신사동,13452,15978,-2526
관악구 신원동,6146,6278,-132
관악구 은천동,29168,28877,291
관악구 인헌동,11654,11758,-104
관악구 조원동,31330,35781,-4451
관악구 중앙동,10016,7911,2105
관악구 청룡동,37399,22645,14754
관악구 청림동,4685,6828,-2143
관악구 행운동,43771,38912,4859
광진구 광장동,10544,8740,1804
광진구 구의제1동,20130,14015,6115
광진구 구의제2동,14802,19290,-4488
광진구 구의제3동,14248,13929,319
광진구 군자동,15673,18169,-2496
광진구 능동,11873,14114,-2241
광진구 자양제1동,4421,4582,-161
광진구 자양제2동,22363,23099,-736
광진구 자양제3동,7996,7479,517
광진구 자양제4동,22741,22284,457
광진구 중곡제1동,6933,7270,-337
광진구 중곡제2동,11613,13400,-1787
광진구 중곡제3동,9941,8523,1418
광진구 중곡제4동,8438,10773,-2335
광진구 화양동,19277,19521,-244
구로구 가리봉동,12255,11643,612
구로구 개봉제1동,41357,40529,828
구로구 개봉제2동,24395,24519,-124
구로구 개봉제3동,8220,10818,-2598
구로구 고척제1동,27497,27784,-287
구로구 고척제2동,22410,23837,-1427
구로구 구로제1동,12288,11140,1148
구로구 구로제2동,44566,40771,3795
구로구 구로제3동,52801,36745,16056
구로구 구로제4동,26152,22258,3894
구로구 구로제5동,35665,30692,4973
구로구 수궁동,41550,31333,10217
구로구 신도림동,35942,34319,1623
구로구 오류제1동,15120,17514,-2394
구로구 오류제2동,15299,16385,-1086
구로구 항동,3481,3197,284
금천구 가산동,50434,37522,12912
금천구 독산제1동,41361,49429,-8068
금천구 독산제2동,16074,20029,-3955
금천구 독산제3동,27362,25019,2343
금천구 독산제4동,13896,12384,1512
금천구 미성동,636,472,164
금천구 시흥제1동,43886,48975,-5089
금천구 시흥제2동,17941,19465,-1524
금천구 시흥제3동,13070,11265,1805
금천구 시흥제4동,9785,9133,652
금천구 시흥제5동,28385,19956,8429
노원구 공릉1동,20485,24853,-4368
노원구 공릉2동,33874,27923,5951
노원구 상계10동,14520,8785,5735
노원구 상계1동,18097,17332,765
노원구 상계2동,19823,25402,-5579
노원구 상계3.4동,4325,6215,-1890
노원구 상계5동,13532,14872,-1340
노원구 상계6.7동,31930,25569,6361
노원구 상계8동,7215,6088,1127
노원구 상계9동,11433,9513,1920
노원구 월계1동,51997,42439,9558
노원구 월계2동,24353,16664,7689
노원구 월계3동,14698,16921,-2223
노원구 중계1동,15468,15794,-326
노원구 중계2.3동,25681,22145,3536
노원구 중계4동,10860,11443,-583
노원구 중계본동,19374,14516,4858
노원구 하계1동,33880,21550,12330
노원구 하계2동,15964,18055,-2091
도봉구 도봉제1동,20098,12552,7546
도봉구 도봉제2동,16427,17422,-995
도봉구 방학제1동,22725,25142,-2417
도봉구 방학제2동,7248,13168,-5920
도봉구 방학제3동,13783,13851,-68
도봉구 쌍문제1동,18149,18768,-619
도봉구 쌍문제2동,15577,18587,-3010
도봉구 쌍문제3동,15436,15416,20
도봉구 쌍문제4동,15742,12660,3082
도봉구 창제1동,31398,22820,8578
도봉구 창제2동,9518,14956,-5438
도봉구 창제3동,11441,14788,-3347
도봉구 창제4동,32262,27564,4698
도봉구 창제5동,21457,21339,118
동대문구 답십리제1동,16708,21650,-4942
동대문구 답십리제2동,18797,20790,-1993
동대문구 면목제5동,1192,106,1086
동대문구 용신동,73653,63426,10227
동대문구 이문제1동,19994,17754,2240
동대문구 이문제2동,6259,8110,-1851
동대문구 장안제1동,30609,30603,6
동대문구 장안제2동,24149,28600,-4451
동대문구 전농제1동,31009,34381,-3372
동대문구 전농제2동,29524,18175,11349
동대문구 제기동,54485,40848,13637
동대문구 청량리동,56534,50753,5781
동대문구 회기동,22833,12485,10348
동대문구 휘경제1동,30582,32176,-1594
동대문구 휘경제2동,23916,19552,4364
동작구 노량진제1동,55249,61384,-6135
동작구 노량진제2동,29073,22980,6093
동작구 대방동,65784,55664,10120
동작구 사당제1동,15214,19671,-4457
동작구 사당제2동,35615,30134,5481
동작구 사당제3동,9195,13766,-4571
동작구 사당제4동,2126,2527,-401
동작구 사당제5동,12712,10466,2246
동작구 상도제1동,62996,61720,1276
동작구 상도제2동,26052,30877,-4825
동작구 상도제3동,18385,20730,-2345
동작구 상도제4동,14138,18599,-4461
동작구 신대방제1동,11780,11522,258
동작구 신대방제2동,33736,27386,6350
동작구 흑석동,42564,36107,6457
마포구 공덕동,17116,19824,-2708
마포구 대흥동,34604,27265,7339
마포구 도화동,10215,11300,-1085
마포구 망원제1동,12099,12884,-785
마포구 망원제2동,8117,9124,-1007
마포구 상암동,58329,46373,11956
마포구 서강동,11297,13322,-2025
마포구 서교동,107550,114087,-6537
마포구 성산제1동,19649,15880,3769
마포구 성산제2동,29198,33889,-4691
마포구 신수동,5923,7353,-1430
마포구 아현동,26901,24959,1942
마포구 연남동,11139,11376,-237
마포구 염리동,8146,5608,2538
마포구 용강동,16874,17689,-815
마포구 합정동,16629,20763,-4134
서대문구 남가좌제1동,15543,15614,-71
서대문구 남가좌제2동,27426,24503,2923
서대문구 북가좌제1동,6072,11192,-5120
서대문구 북가좌제2동,17527,23099,-5572
서대문구 북아현동,18619,20221,-1602
서대문구 신촌동,124237,89869,34368
서대문구 연희동,66186,67515,-1329
서대문구 천연동,33632,31325,2307
서대문구 충현동,40296,37554,2742
서대문구 홍은제1동,20912,25081,-4169
서대문구 홍은제2동,52745,39089,13656
서대문구 홍제제1동,35058,35265,-207
서대문구 홍제제2동,16601,25164,-8563
서대문구 홍제제3동,21400,21406,-6
서초구 내곡동,25788,14359,11429
서초구 반포1동,26089,24024,2065
서초구 반포2동,14627,10248,4379
서초구 반포3동,36819,29771,7048
서초구 반포4동,39454,38952,502
서초구 반포본동,23143,15716,7427
서초구 방배1동,22268,21207,1061
서초구 방배2동,23163,22732,431
서초구 방배3동,23301,17664,5637
서초구 방배4동,24211,24115,96
서초구 방배본동,13778,15855,-2077
서초구 서초1동,18496,19816,-1320
서초구 서초2동,38094,36346,1748
서초구 서초3동,57617,44672,12945
서초구 서초4동,34085,38302,-4217
서초구 양재1동,71567,67944,3623
서초구 양재2동,35938,26945,8993
서초구 잠원동,21028,29117,-8089
성동구 금호1가동,8752,11660,-2908
성동구 금호2.3가동,17038,19238,-2200
성동구 금호4가동,8582,11164,-2582
성동구 마장동,12883,13639,-756
성동구 사근동,13320,7670,5650
성동구 성수1가제1동,11800,8894,2906
성동구 성수1가제2동,7492,7017,475
성동구 성수2가제1동,7383,7306,77
성동구 성수2가제3동,8488,7009,1479
성동구 송정동,5795,4907,888
성동구 옥수동,20265,19496,769
성동구 왕십리도선동,16294,14049,2245
성동구 왕십리제2동,9879,15982,-6103
성동구 용답동,12132,11451,681
성동구 응봉동,7861,10375,-2514
성동구 행당제1동,23186,20898,2288
성동구 행당제2동,14798,14457,341
성북구 길음제1동,29800,35569,-5769
성북구 길음제2동,22965,27329,-4364
성북구 돈암제1동,31401,29062,2339
성북구 돈암제2동,9359,10830,-1471
성북구 동선동,39238,42030,-2792
성북구 보문동,11081,11888,-807
성북구 삼선동,57938,54640,3298
성북구 석관동,12492,16211,-3719
성북구 성북동,33414,32767,647
성북구 안암동,24047,18235,5812
성북구 월곡제1동,22569,24882,-2313
성북구 월곡제2동,15376,12898,2478
성북구 장위제1동,12624,20287,-7663
성북구 장위제2동,14251,14589,-338
성북구 장위제3동,9434,6693,2741
성북구 정릉제1동,17145,23242,-6097
성북구 정릉제2동,22608,29203,-6595
성북구 정릉제3동,29524,13972,15552
성북구 정릉제4동,26187,26201,-14
성북구 종암동,38239,39632,-1393
송파구 가락1동,5333,5576,-243
송파구 가락2동,21540,22958,-1418
송파구 가락본동,20855,20406,449
송파구 거여1동,5405,6767,-1362
송파구 거여2동,1571,1809,-238
송파구 마천1동,6985,6807,178
송파구 마천2동,11756,16856,-5100
송파구 문정1동,7545,9071,-1526
송파구 문정2동,28467,29685,-1218
송파구 방이1동,11147,10450,697
송파구 방이2동,15399,18197,-2798
송파구 삼전동,17596,18077,-481
송파구 석촌동,25418,27866,-2448
송파구 송파1동,15485,17600,-2115
송파구 송파2동,10290,7190,3100
송파구 오금동,26062,22769,3293
송파구 오륜동,11928,11002,926
송파구 위례동,12941,16086,-3145
송파구 잠실2동,6272,9709,-3437
송파구 잠실3동,53787,45270,8517
송파구 잠실4동,1541,1837,-296
송파구 잠실6동,22934,22048,886
송파구 잠실7동,16840,10158,6682
송파구 잠실본동,29771,30026,-255
송파구 장지동,19162,13051,6111
송파구 풍납1동,6296,5628,668
송파구 풍납2동,17445,11794,5651
양천구 목1동,49139,41806,7333
양천구 목2동,25191,28777,-3586
양천구 목3동,27423,24709,2714
양천구 목4동,19929,20322,-393
양천구 목5동,31812,30256,1556
양천구 신월1동,6808,5302,1506
양천구 신월2동,8919,12599,-3680
양천구 신월3동,11028,8660,2368
양천구 신월4동,9051,11958,-2907
양천구 신월5동,11775,9838,1937
양천구 신월6동,6856,6219,637
양천구 신월7동,13401,21076,-7675
양천구 신정1동,11671,15714,-4043
양천구 신정2동,7269,7118,151
양천구 신정3동,48259,36086,12173
양천구 신정4동,33418,28984,4434
양천구 신정6동,9855,8387,1468
양천구 신정7동,13366,13440,-74
영등포구 당산제1동,15623,14125,1498
영등포구 당산제2동,33543,30313,3230
영등포구 대림제1동,15562,13741,1821
영등포구 대림제2동,7132,8557,-1425
영등포구 대림제3동,16456,16917,-461
영등포구 도림동,9383,13436,-4053
영등포구 문래동,21758,22120,-362
영등포구 신길제1동,10674,11136,-462
영등포구 신길제3동,14519,15821,-1302
영등포구 신길제4동,4686,6229,-1543
영등포구 신길제5동,11698,11521,177
영등포구 신길제6동,15534,17165,-1631
영등포구 신길제7동,16422,16813,-391
영등포구 양평제1동,11841,9515,2326
영등포구 양평제2동,19258,15166,4092
영등포구 여의동,97762,67790,29972
영등포구 영등포동,84373,72125,12248
영등포구 영등포본동,27418,23126,4292
용산구 남영동,46062,40903,5159
용산구 보광동,11879,9906,1973
용산구 서빙고동,15828,15106,722
용산구 용문동,5889,6849,-960
용산구 용산2가동,18815,19725,-910
용산구 원효로제1동,16394,16524,-130
용산구 원효로제2동,12560,10976,1584
용산구 이촌제1동,15970,14603,1367
용산구 이촌제2동,4174,4635,-461
용산구 이태원제1동,18089,20340,-2251
용산구 이태원제2동,10832,9679,1153
용산구 청파동,23219,18599,4620
용산구 필동,6691,1470,5221
용산구 한강로동,59840,50862,8978
용산구 한남동,55094,48695,6399
용산구 효창동,8622,10937,-2315
용산구 후암동,15850,13547,2303
은평구 갈현제1동,12391,14535,-2144
은평구 갈현제2동,23914,18802,5112
은평구 구산동,21507,12032,9475
은평구 녹번동,29528,30759,-1231
은평구 대조동,43478,46062,-2584
은평구 불광제1동,31150,31193,-43
은평구 불광제2동,24935,27867,-2932
은평구 수색동,9992,10939,-947
은평구 신사제1동,16978,25137,-8159
은평구 신사제2동,23664,22795,869
은평구 역촌동,25695,26130,-435
은평구 응암제1동,25309,36401,-11092
은평구 응암제2동,9784,10860,-1076
은평구 응암제3동,20656,22113,-1457
은평구 증산동,21368,21612,-244
은평구 진관동,52718,46460,6258
종로구 가회동,5043,5553,-510
종로구 교남동,10554,8963,1591
종로구 무악동,6740,6802,-62
종로구 부암동,32092,19892,12200
종로구 사직동,63844,55327,8517
종로구 삼청동,10877,6732,4145
종로구 숭인제1동,1528,2599,-1071
종로구 숭인제2동,19768,14919,4849
종로구 이화동,25829,20700,5129
종로구 종로1.2.3.4가동,152089,113076,39013
종로구 종로5.6가동,33499,20260,13239
종로구 창신제1동,21656,14543,7113
종로구 창신제2동,6931,7867,-936
종로구 창신제3동,5008,5857,-849
종로구 청운효자동,24537,13967,10570
종로구 충현동,4462,2014,2448
종로구 평창동,23485,20470,3015
종로구 혜화동,39580,36705,2875
중구 광희동,32265,23019,9246
중구 다산동,7495,9111,-1616
중구 동화동,1645,2317,-672
중구 명동,41636,37832,3804
중구 소공동,81923,49389,32534
중구 신당동,11351,6749,4602
중구 신당제5동,16183,10921,5262
중구 약수동,7196,7018,178
중구 을지로동,8475,7595,880
중구 장충동,8683,6184,2499
중구 중림동,11769,8876,2893
중구 청구동,6507,5372,1135
중구 필동,7437,6789,648
중구 황학동,8854,8137,717
중구 회현동,66417,57792,8625
중랑구 망우본동,38288,27426,10862
중랑구 망우제3동,8973,8718,255
중랑구 면목본동,28218,31753,-3535
중랑구 면목제2동,7832,10879,-3047
중랑구 면목제3.8동,26702,23266,3436
중랑구 면목제4동,8768,10105,-1337
중랑구 면목제5동,7140,8404,-1264
중랑구 면목제7동,5511,8219,-2708
중랑구 묵제1동,19489,18260,1229
중랑구 묵제2동,4734,4828,-94
중랑구 상봉제1동,14179,14843,-664
중랑구 상봉제2동,27327,29529,-2202
중랑구 신내1동,23284,31003,-7719
중랑구 신내2동,24669,22025,2644
중랑구 중화제1동,7947,11564,-3617
중랑구 중화제2동,18328,20724,-2396
NA,521778,517986,3792
