ID,insum,outsum,diff
100000001,695,1190,-495
100000002,5444,1688,3756
100000003,7762,4581,3181
100000004,1918,1362,556
100000005,2535,5614,-3079
100000006,875,180,695
100000007,2381,1035,1346
100000008,228,589,-361
100000009,833,1132,-299
100000010,64,128,-64
100000011,1032,88,944
100000012,120,867,-747
100000013,113,251,-138
100000014,474,308,166
100000015,2241,2686,-445
100000016,1334,1654,-320
100000017,756,990,-234
100000018,1769,645,1124
100000019,5460,2518,2942
100000020,2726,7047,-4321
100000021,6048,3057,2991
100000022,2654,2161,493
100000023,6997,2257,4740
100000025,2508,1380,1128
100000028,2687,1238,1449
100000029,236,371,-135
100000030,400,104,296
100000031,7759,8285,-526
100000032,2975,4609,-1634
100000033,1133,2779,-1646
100000034,787,574,213
100000035,2001,1311,690
100000036,3215,1647,1568
100000037,741,620,121
100000038,2344,1193,1151
100000039,820,198,622
100000040,205,183,22
100000041,1470,634,836
100000042,2427,602,1825
100000043,1546,450,1096
100000044,397,886,-489
100000045,778,1387,-609
100000046,841,1176,-335
100000047,404,742,-338
100000048,662,782,-120
100000049,2060,2443,-383
100000051,577,1181,-604
100000053,251,10,241
100000054,579,60,519
100000055,1972,333,1639
100000056,789,571,218
100000057,2505,847,1658
100000058,1308,1445,-137
100000059,17,131,-114
100000060,404,437,-33
100000061,3034,674,2360
100000062,2216,676,1540
100000063,969,351,618
100000064,1661,374,1287
100000065,432,1039,-607
100000066,229,835,-606
100000067,538,861,-323
100000068,711,2106,-1395
100000069,409,1787,-1378
100000072,381,1433,-1052
100000073,1396,1439,-43
100000075,834,356,478
100000076,3078,3136,-58
100000077,404,257,147
100000078,82,63,19
100000079,65,64,1
100000080,38,63,-25
100000081,220,312,-92
100000102,3248,2291,957
100000103,4172,1564,2608
100000104,6158,2824,3334
100000105,3753,2159,1594
100000106,3343,2837,506
100000107,1045,1062,-17
100000108,1131,1363,-232
100000109,4400,1647,2753
100000116,2218,1282,936
100000117,81,151,-70
100000118,2172,1241,931
100000119,693,770,-77
100000121,286,572,-286
100000122,1141,1130,11
100000123,4030,5790,-1760
100000124,9645,8709,936
100000125,5053,1901,3152
100000126,1210,542,668
100000127,2020,455,1565
100000128,2441,2391,50
100000129,599,487,112
100000130,457,538,-81
100000131,3839,3588,251
100000132,1953,3713,-1760
100000133,7996,3372,4624
100000135,811,1325,-514
100000139,614,303,311
100000140,665,399,266
100000142,649,717,-68
100000143,963,540,423
100000144,4368,1034,3334
100000147,1283,2994,-1711
100000150,71,471,-400
100000151,1491,1299,192
100000153,389,571,-182
100000154,179,252,-73
100000155,30,63,-33
100000156,698,464,234
100000157,193,120,73
100000158,376,95,281
100000159,560,570,-10
100000165,1896,976,920
100000169,747,428,319
100000174,1426,601,825
100000179,134,664,-530
100000180,3257,1808,1449
100000181,715,310,405
100000188,80,287,-207
100000189,1145,448,697
100000190,1119,891,228
100000191,800,564,236
100000192,117,157,-40
100000193,292,176,116
100000330,1962,1273,689
100000355,337,702,-365
100000362,7016,4436,2580
100000363,4683,6398,-1715
100000364,419,236,183
100000365,6614,6593,21
100000366,8619,3679,4940
100000367,6330,5833,497
100000368,3888,2192,1696
100000369,1713,2197,-484
100000370,325,956,-631
100000376,162,149,13
100000379,3596,1869,1727
100000380,6591,4234,2357
100000384,8094,6022,2072
100000385,6526,5836,690
100000386,10951,5898,5053
100000387,6619,7252,-633
100000388,10838,8362,2476
100000389,11060,8381,2679
100000390,14125,7575,6550
100000391,10290,10099,191
100000392,5374,4624,750
100000393,3917,5278,-1361
100000394,12045,9584,2461
100000395,8016,4078,3938
100000396,10922,3726,7196
100000397,7532,5971,1561
100000398,14719,9509,5210
100900002,19,57,-38
100900003,401,193,208
100900004,32,889,-857
100900005,158,40,118
100900006,62,157,-95
100900007,692,20,672
100900008,8,411,-403
100900009,108,219,-111
100900010,118,174,-56
100900011,141,344,-203
100900012,2,234,-232
100900013,1111,24,1087
100900014,3,22,-19
100900015,145,124,21
100900016,1,51,-50
100900017,1137,129,1008
100900018,1,30,-29
100900019,47,175,-128
100900020,421,11,410
100900021,500,2,498
100900022,33,51,-18
100900023,0,50,-50
100900024,1148,2,1146
100900025,17,20,-3
100900026,126,166,-40
100900027,704,3409,-2705
100900028,195,279,-84
100900029,101,25,76
100900030,0,55,-55
100900031,816,83,733
100900032,285,0,285
100900033,373,234,139
100900034,457,3,454
100900035,710,3,707
100900036,21,6,15
100900037,127,299,-172
100900038,147,60,87
100900039,282,543,-261
100900040,510,979,-469
100900041,976,799,177
100900042,2152,722,1430
100900043,0,16,-16
100900044,3009,661,2348
100900045,137,0,137
100900046,1397,19,1378
100900047,1230,297,933
100900048,235,51,184
100900049,50,255,-205
100900050,8,31,-23
100900051,88,104,-16
100900052,633,76,557
100900053,440,42,398
100900054,9,94,-85
100900055,386,686,-300
100900056,282,280,2
100900057,912,1763,-851
100900058,287,92,195
100900059,152,4,148
100900060,150,12,138
100900061,457,362,95
100900062,14,84,-70
100900063,297,692,-395
100900064,973,29,944
100900065,162,128,34
100900066,84,256,-172
100900067,3,17,-14
100900068,172,113,59
100900069,885,14,871
100900070,418,10,408
100900071,1063,435,628
100900072,2,53,-51
100900073,165,682,-517
100900074,15,11,4
100900075,2128,523,1605
100900076,27,64,-37
100900077,33,148,-115
100900078,158,463,-305
100900079,10,30,-20
100900080,28,206,-178
100900081,32,204,-172
100900082,125,685,-560
100900083,5,37,-32
100900085,17,167,-150
100900086,178,1084,-906
100900088,127,679,-552
100900089,8,22,-14
100900090,189,540,-351
100900091,5,33,-28
100900092,447,282,165
100900093,216,380,-164
100900094,172,671,-499
100900095,4,26,-22
100900096,37,141,-104
100900097,1,5,-4
100900098,24,22,2
100900099,28,633,-605
100900100,24,483,-459
100900101,495,84,411
100900102,135,134,1
100900103,17,18,-1
100900104,7,202,-195
100900105,38,352,-314
100900106,60,10,50
100900107,2241,942,1299
100900108,29,58,-29
100900109,12,45,-33
100900110,7,57,-50
100900111,72,207,-135
100900112,6,12,-6
100900113,36,36,0
100900114,11,29,-18
100900115,0,77,-77
100900116,906,987,-81
100900117,376,909,-533
100900118,157,249,-92
100900119,37,38,-1
100900120,2,18,-16
100900121,392,769,-377
100900122,232,231,1
100900123,95,245,-150
100900124,13,8,5
100900125,24,99,-75
100900126,154,250,-96
100900127,15,12,3
100900128,109,190,-81
100900129,0,149,-149
100900131,135,281,-146
100900133,74,73,1
100900134,13,2,11
100900135,1,213,-212
100900137,514,233,281
100900138,596,508,88
100900139,3,11,-8
100900140,2,677,-675
100900141,1,472,-471
100900142,1,17,-16
100900143,932,492,440
100900144,38,22,16
100900145,74,213,-139
100900146,19,101,-82
100900147,22,476,-454
100900148,29,830,-801
100900149,28,172,-144
100900150,8,76,-68
100900151,179,577,-398
100900152,177,8,169
100900153,3,188,-185
100900154,22,55,-33
100900155,29,31,-2
100900156,39,9,30
100900157,4,177,-173
100900158,666,303,363
100900159,8,25,-17
100900160,34,24,10
100900161,118,11,107
100900162,42,425,-383
100900163,250,268,-18
100900164,34,41,-7
100900165,14,62,-48
100900166,32,4,28
100900167,19,108,-89
100900168,39,200,-161
100900169,176,1108,-932
100900170,44,15,29
100900171,25,717,-692
100900172,0,20,-20
100900173,18,581,-563
100900174,903,66,837
100900176,1674,269,1405
100900177,825,414,411
100900178,444,199,245
100900179,243,353,-110
100900180,12,6,6
100900181,114,112,2
100900182,64,70,-6
100900184,28,173,-145
100900186,905,681,224
100900187,24,143,-119
100900188,49,19,30
100900189,1346,265,1081
100900191,1607,1591,16
100900192,349,403,-54
100900195,161,121,40
100900197,19,112,-93
100900198,35,212,-177
100900199,21,35,-14
100900200,841,478,363
100900201,180,1014,-834
100900202,62,0,62
100900203,1,104,-103
100900204,674,556,118
100900205,217,591,-374
100900206,148,101,47
100900207,335,146,189
100900210,53,692,-639
100900211,446,197,249
100900213,78,49,29
100900214,1050,151,899
100900215,23,50,-27
101000001,5049,2762,2287
101000002,5738,5753,-15
101000003,753,2285,-1532
101000004,11484,9001,2483
101000005,5366,5959,-593
101000006,9110,8286,824
101000007,3558,4111,-553
101000008,4656,3640,1016
101000009,2383,2011,372
101000010,1077,1505,-428
101000011,2191,833,1358
101000012,1982,980,1002
101000013,664,1238,-574
101000014,659,872,-213
101000015,1176,1079,97
101000016,509,573,-64
101000017,770,603,167
101000018,3926,3184,742
101000020,3920,1529,2391
101000021,1060,513,547
101000022,479,156,323
101000023,1940,812,1128
101000025,238,506,-268
101000026,399,32,367
101000027,2683,2681,2
101000028,50,84,-34
101000029,307,1896,-1589
101000030,2656,160,2496
101000031,1369,773,596
101000032,13287,4839,8448
101000033,2825,3992,-1167
101000034,2968,1881,1087
101000035,1164,621,543
101000036,1666,922,744
101000037,3819,2076,1743
101000039,3052,2886,166
101000040,4059,3980,79
101000041,17180,9819,7361
101000042,1005,1735,-730
101000043,12105,9149,2956
101000045,2664,1143,1521
101000046,6340,1641,4699
101000047,3710,3560,150
101000048,1046,1063,-17
101000049,1071,2108,-1037
101000050,3511,3264,247
101000051,3174,3045,129
101000052,1754,1091,663
101000053,1243,2284,-1041
101000054,2656,1843,813
101000055,1860,1520,340
101000056,65,132,-67
101000057,2520,1303,1217
101000058,1739,1596,143
101000059,3194,2570,624
101000060,1910,731,1179
101000061,1292,1526,-234
101000062,985,835,150
101000063,770,1008,-238
101000064,1382,1046,336
101000065,466,486,-20
101000066,1372,861,511
101000067,1797,1024,773
101000068,561,557,4
101000069,552,123,429
101000070,1627,1216,411
101000071,2464,997,1467
101000072,1072,3758,-2686
101000073,1182,995,187
101000074,9609,4302,5307
101000075,7643,4919,2724
101000077,1782,1302,480
101000078,1338,2473,-1135
101000079,964,452,512
101000080,864,493,371
101000081,2116,1928,188
101000082,4428,3852,576
101000083,3010,2718,292
101000084,1696,1112,584
101000085,2006,1527,479
101000086,1304,1310,-6
101000087,1073,1285,-212
101000088,1369,1511,-142
101000089,1108,1952,-844
101000090,2348,1557,791
101000091,503,1188,-685
101000092,1104,1325,-221
101000093,1776,1171,605
101000094,1224,1367,-143
101000095,623,932,-309
101000096,413,713,-300
101000097,558,426,132
101000098,495,706,-211
101000099,1381,1378,3
101000100,1279,975,304
101000101,363,520,-157
101000102,1050,584,466
101000103,1428,658,770
101000104,510,660,-150
101000105,1097,346,751
101000106,1057,688,369
101000107,248,416,-168
101000108,1006,433,573
101000109,393,87,306
101000110,53,636,-583
101000111,267,337,-70
101000113,266,850,-584
101000114,12001,5983,6018
101000115,105,90,15
101000116,266,195,71
101000117,1634,308,1326
101000119,143,79,64
101000120,176,49,127
101000121,81,58,23
101000122,166,142,24
101000123,126,130,-4
101000124,934,245,689
101000125,356,546,-190
101000128,844,482,362
101000130,340,366,-26
101000131,810,649,161
101000132,659,1222,-563
101000135,84,47,37
101000136,630,196,434
101000137,61,422,-361
101000141,1940,3613,-1673
101000147,842,522,320
101000148,1721,49,1672
101000149,119,145,-26
101000150,106,828,-722
101000151,231,78,153
101000152,334,391,-57
101000153,592,525,67
101000154,288,1503,-1215
101000155,358,172,186
101000156,51,309,-258
101000157,65,38,27
101000160,86,34,52
101000163,384,383,1
101000164,603,370,233
101000165,383,409,-26
101000166,335,500,-165
101000168,1101,389,712
101000252,1993,973,1020
101000254,785,95,690
101000258,45,6,39
101000261,212,57,155
101000262,1571,1891,-320
101000263,426,1539,-1113
101000265,95,915,-820
101000266,402,343,59
101000269,76,10,66
101000290,1992,3391,-1399
101000293,29,62,-33
101000294,719,542,177
101000295,162,744,-582
101000301,835,587,248
101000304,2324,2746,-422
101000305,3508,2116,1392
101900001,16,82,-66
101900002,0,20,-20
101900003,63,93,-30
101900004,3,56,-53
101900005,5514,2368,3146
101900006,1092,104,988
101900007,894,316,578
101900008,106,419,-313
101900009,91,802,-711
101900010,1009,759,250
101900011,437,1699,-1262
101900012,300,555,-255
101900013,1324,224,1100
101900017,21,165,-144
101900018,735,141,594
101900019,381,141,240
101900020,981,256,725
101900021,1,74,-73
101900022,151,1225,-1074
101900023,116,307,-191
102000001,3593,5040,-1447
102000002,3823,1222,2601
102000003,4736,8637,-3901
102000004,10346,4234,6112
102000005,1558,2790,-1232
102000006,1643,2327,-684
102000007,2149,5403,-3254
102000008,6072,2040,4032
102000009,7068,8733,-1665
102000010,7084,4400,2684
102000011,3650,3303,347
102000012,4023,3952,71
102000018,4262,3453,809
102000019,3091,2043,1048
102000026,249,663,-414
102000029,338,292,46
102000030,107,467,-360
102000031,126,206,-80
102000032,473,388,85
102000033,300,484,-184
102000034,664,513,151
102000035,1242,906,336
102000036,13,341,-328
102000037,168,67,101
102000038,291,408,-117
102000039,379,87,292
102000040,703,264,439
102000041,293,327,-34
102000042,349,304,45
102000043,437,238,199
102000044,500,475,25
102000045,1002,1147,-145
102000046,1283,817,466
102000047,1052,1434,-382
102000048,490,811,-321
102000049,1255,871,384
102000050,1447,1674,-227
102000051,518,761,-243
102000052,1556,1122,434
102000053,1034,1091,-57
102000054,689,1011,-322
102000055,1292,863,429
102000056,953,1673,-720
102000057,1870,843,1027
102000058,1479,2076,-597
102000059,2078,1866,212
102000060,1582,1303,279
102000061,1802,2560,-758
102000062,1865,1256,609
102000063,1222,1490,-268
102000064,539,772,-233
102000065,62,132,-70
102000066,1173,1100,73
102000067,3026,3799,-773
102000068,9660,3258,6402
102000069,76,1391,-1315
102000070,2011,70,1941
102000071,8414,10571,-2157
102000072,4110,4791,-681
102000073,2837,1237,1600
102000074,1425,1276,149
102000075,193,402,-209
102000076,277,671,-394
102000077,607,1078,-471
102000078,974,994,-20
102000079,244,365,-121
102000080,341,265,76
102000081,531,946,-415
102000082,880,374,506
102000083,677,457,220
102000084,274,444,-170
102000085,1864,1374,490
102000086,1317,1583,-266
102000087,1123,2013,-890
102000088,358,405,-47
102000089,1350,524,826
102000090,837,1586,-749
102000091,1770,651,1119
102000092,585,990,-405
102000093,648,744,-96
102000094,1219,816,403
102000095,1320,1658,-338
102000096,1159,1116,43
102000097,1335,1252,83
102000098,633,1116,-483
102000099,1199,852,347
102000100,931,1303,-372
102000101,1395,857,538
102000102,583,2053,-1470
102000103,1524,597,927
102000104,872,398,474
102000105,213,687,-474
102000106,999,707,292
102000107,1323,784,539
102000108,658,268,390
102000109,650,705,-55
102000110,1066,1509,-443
102000111,24,256,-232
102000112,156,123,33
102000113,20,42,-22
102000114,778,454,324
102000115,218,355,-137
102000116,978,384,594
102000117,739,649,90
102000118,1939,1226,713
102000119,2349,809,1540
102000120,211,640,-429
102000121,1266,837,429
102000122,889,1042,-153
102000123,1608,1618,-10
102000124,2059,1410,649
102000125,1051,1248,-197
102000126,911,871,40
102000127,1617,862,755
102000128,888,1389,-501
102000129,1762,926,836
102000130,758,1053,-295
102000131,2029,1116,913
102000132,744,1789,-1045
102000133,2270,2314,-44
102000134,818,882,-64
102000135,874,1043,-169
102000136,1091,653,438
102000137,1384,797,587
102000138,401,482,-81
102000139,206,423,-217
102000140,430,336,94
102000141,629,633,-4
102000142,413,363,50
102000143,149,432,-283
102000144,341,506,-165
102000145,423,633,-210
102000146,538,388,150
102000147,647,552,95
102000148,311,505,-194
102000149,227,559,-332
102000150,389,196,193
102000151,156,388,-232
102000152,221,172,49
102000153,1265,527,738
102000154,415,892,-477
102000155,131,409,-278
102000156,327,134,193
102000157,177,448,-271
102000158,483,353,130
102000159,1478,568,910
102000161,4707,2498,2209
102000162,184,185,-1
102000163,69,715,-646
102000164,1434,1493,-59
102000165,331,185,146
102000166,82,227,-145
102000167,416,260,156
102000168,389,189,200
102000169,219,599,-380
102000170,705,250,455
102000171,566,235,331
102000172,567,406,161
102000173,586,320,266
102000174,72,95,-23
102000175,161,124,37
102000176,33,27,6
102000178,229,543,-314
102000179,381,271,110
102000180,782,613,169
102000181,729,809,-80
102000182,684,718,-34
102000183,1751,2231,-480
102000184,2052,1035,1017
102000185,3035,1828,1207
102000186,1408,2431,-1023
102000187,926,1918,-992
102000188,968,1680,-712
102000189,2999,1047,1952
102000190,828,3079,-2251
102000191,1736,658,1078
102000192,1088,1335,-247
102000193,41,186,-145
102000194,79,188,-109
102000195,509,570,-61
102000196,287,506,-219
102000197,710,515,195
102000198,350,898,-548
102000199,1368,421,947
102000200,375,1330,-955
102000201,1056,584,472
102000202,8,136,-128
102000203,438,301,137
102000204,429,857,-428
102000205,1318,572,746
102000206,787,824,-37
102000207,822,508,314
102000208,405,638,-233
102000209,59,91,-32
102000210,410,496,-86
102000211,615,434,181
102000212,312,11,301
102000213,5,408,-403
102000214,217,12,205
102000215,8,480,-472
102000216,58,51,7
102000217,22,152,-130
102000218,347,160,187
102000219,526,461,65
102000225,640,713,-73
102000226,5387,1172,4215
102000227,193,1,192
102000228,0,135,-135
102000229,39,48,-9
102000230,292,581,-289
102000231,322,455,-133
102000232,20,182,-162
102000233,613,859,-246
102000234,110,1323,-1213
102000236,470,80,390
102000237,494,170,324
102000238,181,348,-167
102000240,642,661,-19
102000241,291,144,147
102000243,24,73,-49
102000245,24,88,-64
102000246,18,42,-24
102000247,491,877,-386
102000248,241,504,-263
102000249,195,163,32
102000250,152,466,-314
102000254,102,450,-348
102000266,62,281,-219
102000271,35,0,35
102000286,553,468,85
102000297,2207,1147,1060
102000300,0,0,0
102000301,0,1,-1
102000305,0,0,0
102000306,0,0,0
102000307,0,3,-3
102000308,0,0,0
102900001,1542,1045,497
102900002,385,65,320
102900003,68,227,-159
102900005,456,434,22
102900006,629,230,399
102900007,514,42,472
102900008,224,98,126
102900009,792,370,422
102900010,1283,605,678
102900011,2557,468,2089
102900012,474,92,382
102900013,61,61,0
102900015,968,589,379
102900016,64,126,-62
102900017,177,747,-570
102900018,42,169,-127
102900019,570,696,-126
102900020,185,50,135
102900021,24,154,-130
102900022,957,224,733
102900023,17,75,-58
102900024,28,83,-55
102900025,295,121,174
102900026,676,2189,-1513
102900027,91,80,11
102900028,173,864,-691
102900029,173,177,-4
102900030,487,330,157
102900031,214,190,24
102900032,121,149,-28
102900033,134,253,-119
102900034,731,106,625
102900035,141,410,-269
102900036,353,613,-260
102900037,307,800,-493
102900038,532,775,-243
102900039,31,578,-547
102900040,221,305,-84
102900041,128,246,-118
102900042,233,300,-67
102900043,210,268,-58
102900044,724,2546,-1822
102900045,169,742,-573
102900046,201,377,-176
102900047,78,832,-754
102900048,785,833,-48
102900049,152,529,-377
102900050,286,415,-129
102900051,332,226,106
102900052,61,64,-3
102900053,478,952,-474
102900054,1092,1394,-302
102900055,165,241,-76
102900056,137,571,-434
102900057,8,57,-49
102900058,384,117,267
102900059,29,95,-66
102900060,182,625,-443
102900061,199,570,-371
102900062,270,1055,-785
102900063,1216,490,726
102900064,240,612,-372
102900065,1926,909,1017
102900066,449,65,384
102900068,145,101,44
102900070,270,585,-315
102900072,16,68,-52
102900073,216,19,197
102900074,356,317,39
102900075,18,64,-46
102900076,167,158,9
102900077,57,54,3
102900078,41,81,-40
102900079,177,15,162
102900080,409,65,344
102900081,105,381,-276
102900082,22,295,-273
102900083,273,23,250
102900084,10,28,-18
102900085,491,189,302
102900086,23,54,-31
102900087,140,122,18
102900088,33,51,-18
102900089,317,185,132
102900090,2,403,-401
102900091,157,7,150
102900092,499,1235,-736
102900093,278,338,-60
102900094,3,96,-93
102900095,164,5,159
102900096,90,37,53
102900097,14,214,-200
103000001,2779,3031,-252
103000002,2805,3278,-473
103000003,4634,3529,1105
103000004,1039,983,56
103000005,2015,2958,-943
103000006,725,1690,-965
103000007,448,875,-427
103000008,1180,982,198
103000009,1462,1544,-82
103000010,179,117,62
103000011,2089,1759,330
103000012,1689,1798,-109
103000013,5856,2408,3448
103000014,1693,3202,-1509
103000015,2117,924,1193
103000016,546,1486,-940
103000017,295,490,-195
103000018,902,457,445
103000019,335,330,5
103000020,3448,1831,1617
103000021,2372,2088,284
103000022,977,1331,-354
103000023,675,1929,-1254
103000024,108,191,-83
103000025,125,597,-472
103000026,1504,161,1343
103000027,340,613,-273
103000028,489,458,31
103000029,365,286,79
103000030,2248,1129,1119
103000031,1830,1954,-124
103000032,2502,2221,281
103000033,3521,3244,277
103000034,2298,1594,704
103000035,527,1671,-1144
103000036,470,621,-151
103000037,675,634,41
103000038,658,1267,-609
103000039,488,499,-11
103000040,474,1299,-825
103000041,1750,2717,-967
103000042,1373,704,669
103000043,627,1136,-509
103000044,238,232,6
103000046,340,605,-265
103000047,663,821,-158
103000048,185,252,-67
103000049,121,217,-96
103000050,740,726,14
103000051,568,683,-115
103000052,1012,526,486
103000053,252,684,-432
103000054,3176,1840,1336
103000055,2589,2999,-410
103000056,738,2138,-1400
103000057,565,367,198
103000058,769,1080,-311
103000059,586,1011,-425
103000060,952,778,174
103000061,471,1079,-608
103000062,1275,737,538
103000063,816,1131,-315
103000064,176,250,-74
103000065,12,575,-563
103000066,238,20,218
103000069,433,513,-80
103000070,1309,1089,220
103000071,1215,619,596
103000072,204,940,-736
103000073,679,202,477
103000074,881,131,750
103000075,192,895,-703
103000076,316,407,-91
103000077,33,465,-432
103000078,1076,682,394
103000079,1167,602,565
103000080,1230,399,831
103000081,624,1038,-414
103000082,560,233,327
103000083,139,415,-276
103000084,122,11,111
103000085,4,122,-118
103000086,697,435,262
103000087,181,700,-519
103000088,296,423,-127
103000089,279,526,-247
103000090,2150,889,1261
103000091,694,495,199
103000092,338,341,-3
103000093,362,534,-172
103000094,230,141,89
103000095,98,514,-416
103000096,650,143,507
103000097,72,844,-772
103000098,1152,247,905
103000099,437,820,-383
103000100,164,984,-820
103000101,1061,208,853
103000102,179,854,-675
103000103,843,277,566
103000104,68,162,-94
103000105,173,112,61
103000106,21,154,-133
103000107,276,66,210
103000108,797,663,134
103000109,348,375,-27
103000110,434,469,-35
103000111,511,617,-106
103000112,374,263,111
103000113,998,952,46
103000114,1810,630,1180
103000115,598,505,93
103000116,650,585,65
103000117,353,550,-197
103000118,1174,1030,144
103000119,1583,712,871
103000120,92,169,-77
103000121,277,547,-270
103000122,449,398,51
103000125,12,400,-388
103000126,651,9,642
103000127,2,223,-221
103000128,205,1,204
103000129,1,154,-153
103000130,73,55,18
103000131,187,126,61
103000132,108,159,-51
103000133,15,97,-82
103000134,541,964,-423
103000135,810,249,561
103000136,840,509,331
103000137,604,774,-170
103000138,923,792,131
103000139,13,90,-77
103000140,133,38,95
103000141,75,145,-70
103000142,194,84,110
103000143,81,238,-157
103000144,388,94,294
103000145,122,107,15
103000150,132,49,83
103000152,215,285,-70
103000153,184,226,-42
103000156,11,360,-349
103000157,413,2,411
103000159,175,60,115
103000162,77,16,61
103000163,6,34,-28
103000164,21,14,7
103000165,114,333,-219
103000166,199,349,-150
103000167,171,106,65
103000168,126,259,-133
103000169,237,545,-308
103000170,859,465,394
103000171,51,108,-57
103000172,809,1202,-393
103000173,590,530,60
103000174,241,483,-242
103000175,303,492,-189
103000176,986,687,299
103000177,793,578,215
103000178,377,428,-51
103000179,174,59,115
103000183,134,47,87
103000185,98,63,35
103000186,186,219,-33
103000187,561,512,49
103000188,16,127,-111
103000189,1051,927,124
103000191,777,767,10
103000292,2308,2053,255
103000293,1206,2470,-1264
103000295,137,105,32
103000296,572,9,563
103000297,111,57,54
103000504,233,16,217
103000505,20,24,-4
103000506,3,252,-249
103000507,300,11,289
103000508,78,75,3
103000509,255,683,-428
103900001,2,281,-279
103900002,1680,223,1457
103900003,2005,129,1876
103900004,114,0,114
103900005,6,316,-310
103900006,2,1,1
103900007,19,65,-46
103900008,26,0,26
103900009,244,623,-379
103900010,147,488,-341
103900011,313,253,60
103900012,20,31,-11
103900013,70,87,-17
103900014,74,15,59
103900015,69,12,57
103900016,262,281,-19
103900017,32,96,-64
103900018,673,225,448
103900019,59,303,-244
103900020,258,600,-342
103900021,644,49,595
103900022,1115,823,292
103900023,201,2,199
103900024,179,495,-316
103900025,11,57,-46
103900026,54,0,54
103900027,892,354,538
103900028,14,353,-339
103900029,1111,119,992
103900030,363,101,262
103900031,33,6,27
103900032,112,70,42
103900033,139,24,115
103900034,25,206,-181
103900035,99,61,38
103900036,42,40,2
103900037,180,85,95
103900038,126,188,-62
103900039,76,428,-352
103900040,11,222,-211
103900041,62,68,-6
103900042,71,419,-348
103900043,187,127,60
103900044,131,263,-132
103900045,303,222,81
103900047,67,47,20
103900048,58,21,37
103900049,233,1629,-1396
103900050,10,137,-127
103900051,0,44,-44
103900052,203,514,-311
103900053,137,986,-849
103900054,134,482,-348
103900055,512,301,211
103900056,55,39,16
103900057,36,247,-211
103900058,306,896,-590
103900059,0,31,-31
103900060,55,255,-200
103900061,145,66,79
103900062,441,107,334
103900063,11,0,11
103900064,93,6,87
103900065,1102,520,582
103900066,193,38,155
103900067,191,10,181
103900068,50,2,48
103900069,107,19,88
103900070,190,256,-66
103900071,21,140,-119
103900072,16,298,-282
103900073,60,41,19
103900074,68,105,-37
103900075,114,82,32
103900076,434,785,-351
103900077,80,127,-47
103900078,352,156,196
103900079,242,319,-77
103900080,19,42,-23
103900081,249,53,196
103900082,20,163,-143
103900083,1703,1097,606
103900084,143,259,-116
103900085,123,155,-32
103900086,663,481,182
103900087,40,150,-110
103900088,351,553,-202
103900089,71,148,-77
103900090,2,204,-202
103900091,1429,318,1111
103900092,1406,593,813
103900093,162,380,-218
103900094,21,144,-123
103900095,535,284,251
103900096,41,233,-192
103900097,5,580,-575
103900098,262,195,67
103900099,124,227,-103
103900100,278,477,-199
103900101,109,1289,-1180
103900102,1,41,-40
103900104,3,38,-35
103900105,96,248,-152
103900106,1,18,-17
103900107,123,292,-169
103900108,34,378,-344
103900109,120,97,23
103900110,329,57,272
103900111,134,818,-684
103900112,83,142,-59
103900113,191,280,-89
103900114,467,332,135
103900115,423,337,86
103900116,6460,2754,3706
103900117,150,122,28
103900119,40,81,-41
103900120,30,98,-68
103900122,124,371,-247
103900123,1624,751,873
103900124,46,37,9
103900125,115,74,41
103900126,602,500,102
103900127,195,634,-439
103900128,168,228,-60
103900131,30,94,-64
103900133,1196,51,1145
103900134,3,4,-1
103900135,4,12,-8
103900137,0,57,-57
103900138,134,392,-258
103900139,248,1889,-1641
103900140,8,131,-123
103900141,327,79,248
103900142,163,215,-52
103900143,54,5,49
103900144,0,51,-51
103900145,197,297,-100
103900146,366,358,8
103900147,456,195,261
103900148,241,306,-65
103900149,376,963,-587
103900150,8147,4566,3581
103900151,99,214,-115
103900152,579,570,9
103900153,7,1,6
103900154,1326,1961,-635
103900155,45,319,-274
103900156,52,207,-155
103900157,62,255,-193
103900158,106,243,-137
103900159,160,114,46
103900160,85,55,30
103900161,115,203,-88
103900162,59,343,-284
103900163,27,547,-520
103900164,286,46,240
103900167,32,156,-124
103900168,149,152,-3
103900169,36,57,-21
103900170,1,115,-114
103900171,2,60,-58
103900172,4,22,-18
103900173,10,14,-4
103900174,190,78,112
103900175,54,68,-14
103900176,15,46,-31
103900177,16,117,-101
103900178,68,82,-14
103900179,70,148,-78
103900180,32,104,-72
103900181,56,62,-6
103900182,41,32,9
103900184,626,90,536
103900185,240,403,-163
103900187,32,59,-27
103900188,59,35,24
103900189,148,8,140
103900190,96,81,15
103900191,53,61,-8
103900192,33,117,-84
103900193,204,276,-72
103900194,94,386,-292
103900195,7,87,-80
103900196,67,70,-3
103900197,11,47,-36
103900198,29,63,-34
103900199,141,78,63
103900200,154,158,-4
103900201,223,230,-7
103900202,19,89,-70
103900203,46,33,13
103900204,1,120,-119
103900207,1,173,-172
103900208,107,4,103
103900209,11,125,-114
103900210,68,43,25
103900211,735,591,144
103900212,84,437,-353
103900213,122,258,-136
103900214,208,176,32
103900215,437,362,75
103900216,48,1000,-952
103900217,441,90,351
103900218,2,419,-417
103900219,165,386,-221
103900233,174,8,166
103900235,58,35,23
103900236,24,0,24
103900242,2,9,-7
103900243,7,4,3
103900244,142,301,-159
103900245,135,260,-125
103900246,48,46,2
103900247,45,152,-107
103900248,17,45,-28
103900249,27,49,-22
103900250,26,19,7
103900251,2,15,-13
103900253,13,88,-75
103900254,6,19,-13
103900255,8,15,-7
103900256,14,29,-15
103900257,36,112,-76
103900258,87,7,80
103900259,100,9,91
103900261,7,11,-4
103900262,10,5,5
103900263,33,43,-10
103900264,86,17,69
103900265,27,10,17
103900266,3,107,-104
103900267,6,73,-67
104000001,2232,2363,-131
104000002,1807,3206,-1399
104000003,2758,2476,282
104000004,3529,3525,4
104000005,1508,2207,-699
104000006,3286,2926,360
104000007,4683,4537,146
104000008,323,396,-73
104000009,166,133,33
104000010,196,286,-90
104000011,589,434,155
104000012,190,512,-322
104000013,219,202,17
104000014,262,801,-539
104000015,316,217,99
104000016,767,629,138
104000018,894,192,702
104000019,618,173,445
104000020,163,733,-570
104000021,268,734,-466
104000022,192,306,-114
104000023,740,405,335
104000024,237,418,-181
104000026,54,466,-412
104000027,322,365,-43
104000028,389,278,111
104000029,522,473,49
104000030,265,262,3
104000031,1469,516,953
104000032,260,395,-135
104000033,602,611,-9
104000034,405,370,35
104000035,820,526,294
104000036,777,733,44
104000037,300,286,14
104000038,408,296,112
104000039,202,302,-100
104000040,377,439,-62
104000041,703,379,324
104000042,241,460,-219
104000043,381,442,-61
104000044,274,744,-470
104000045,1170,1363,-193
104000046,1457,2072,-615
104000047,1025,1361,-336
104000048,1155,1966,-811
104000049,471,297,174
104000050,371,745,-374
104000051,125,619,-494
104000052,1682,1859,-177
104000053,1082,662,420
104000054,712,603,109
104000055,4987,3399,1588
104000056,1601,297,1304
104000057,149,558,-409
104000058,798,891,-93
104000059,667,1321,-654
104000060,1127,1334,-207
104000061,1404,1361,43
104000062,403,178,225
104000064,580,325,255
104000065,246,690,-444
104000069,1219,1047,172
104000070,71,568,-497
104000071,155,541,-386
104000072,769,240,529
104000075,106,343,-237
104000076,528,160,368
104000082,2632,3547,-915
104000083,1000,229,771
104000084,177,658,-481
104000085,288,385,-97
104000086,231,491,-260
104000087,556,2302,-1746
104000090,917,1576,-659
104000092,1467,2828,-1361
104000094,1124,2124,-1000
104000095,2088,1543,545
104000096,1998,338,1660
104000097,1902,1170,732
104000098,2177,1351,826
104000100,1937,876,1061
104000101,1376,2146,-770
104000106,92,678,-586
104000107,866,471,395
104000108,366,639,-273
104000109,354,132,222
104000110,1100,1360,-260
104000111,5109,3174,1935
104000112,3121,719,2402
104000116,3,1283,-1280
104000117,146,747,-601
104000118,666,280,386
104000119,680,357,323
104000120,276,928,-652
104000121,230,860,-630
104000122,713,957,-244
104000123,967,1199,-232
104000124,1271,2752,-1481
104000125,4632,5020,-388
104000126,622,586,36
104000127,1676,3317,-1641
104000128,842,545,297
104000129,66,1,65
104000130,0,320,-320
104000131,808,603,205
104000132,584,658,-74
104000133,1423,962,461
104000134,1075,1842,-767
104000135,389,2155,-1766
104000136,1018,4636,-3618
104000137,1836,431,1405
104000138,1154,355,799
104000139,8593,3642,4951
104000141,1260,1403,-143
104000142,653,945,-292
104000143,593,702,-109
104000144,73,174,-101
104000145,392,245,147
104000146,369,695,-326
104000147,163,456,-293
104000148,373,184,189
104000149,182,397,-215
104000150,1235,533,702
104000151,542,654,-112
104000152,741,868,-127
104000153,648,534,114
104000154,1103,833,270
104000155,472,519,-47
104000157,1227,1673,-446
104000158,606,416,190
104000159,915,421,494
104000160,1886,2185,-299
104000161,245,257,-12
104000162,59,158,-99
104000165,1126,1262,-136
104000167,622,921,-299
104000168,754,13,741
104000169,98,35,63
104000170,710,828,-118
104000248,345,859,-514
104000251,59,284,-225
104000272,0,0,0
104000273,0,0,0
104000274,0,0,0
104000275,0,0,0
104000279,852,548,304
104000290,166,337,-171
104000291,727,1284,-557
104000293,643,776,-133
104000294,47,0,47
104000295,632,1041,-409
104000296,373,839,-466
104000297,779,2191,-1412
104000298,2358,901,1457
104000299,848,1804,-956
104900001,228,577,-349
104900002,46,183,-137
104900003,65,384,-319
104900004,123,399,-276
104900005,309,279,30
104900006,317,99,218
104900007,322,290,32
104900009,189,440,-251
104900010,65,62,3
104900011,17,11,6
104900012,280,22,258
104900013,147,10,137
104900014,3879,447,3432
104900015,109,9,100
104900016,228,325,-97
104900017,137,278,-141
104900018,9,218,-209
104900019,469,2835,-2366
104900020,85,333,-248
104900021,2,290,-288
104900022,18,132,-114
104900023,1,114,-113
104900024,44,120,-76
104900025,106,271,-165
104900026,1,104,-103
104900027,552,344,208
104900028,41,106,-65
104900029,83,128,-45
104900030,506,297,209
104900031,150,243,-93
104900032,61,183,-122
104900033,151,357,-206
104900034,515,166,349
104900035,375,220,155
104900036,221,88,133
104900037,146,262,-116
104900038,715,915,-200
104900039,975,465,510
104900040,398,110,288
104900041,273,231,42
104900042,226,333,-107
104900043,20,163,-143
104900044,673,248,425
104900045,626,56,570
104900046,218,214,4
104900047,410,153,257
104900048,275,133,142
104900049,41,43,-2
104900050,316,195,121
104900051,375,81,294
104900052,81,1,80
104900053,580,167,413
104900054,183,69,114
104900055,143,1,142
104900056,201,28,173
104900057,49,1,48
104900058,1677,527,1150
104900059,146,50,96
104900060,3,682,-679
104900061,257,732,-475
104900063,1,104,-103
104900064,1,119,-118
104900065,1,248,-247
104900066,6,301,-295
104900067,9,369,-360
104900068,29,344,-315
104900070,269,381,-112
104900071,3,680,-677
104900072,112,415,-303
104900073,87,242,-155
104900074,137,339,-202
104900075,82,86,-4
104900076,125,397,-272
104900077,1359,264,1095
104900078,275,599,-324
104900079,130,416,-286
104900080,123,541,-418
104900082,16,536,-520
104900085,11,262,-251
104900087,398,5,393
104900089,216,3,213
104900090,996,727,269
104900091,616,876,-260
104900093,324,713,-389
104900097,3329,2533,796
104900098,151,40,111
104900099,218,713,-495
104900100,547,317,230
104900102,40,249,-209
104900103,624,120,504
104900104,4187,2588,1599
104900106,155,164,-9
104900107,143,248,-105
104900108,41,286,-245
104900109,132,414,-282
104900110,9,51,-42
104900111,207,172,35
104900112,269,975,-706
104900113,863,468,395
104900114,394,712,-318
104900115,801,609,192
104900116,284,321,-37
104900118,32,95,-63
104900119,4,51,-47
104900120,31,197,-166
104900121,1,122,-121
104900122,6,106,-100
104900123,52,12,40
104900124,43,0,43
104900125,601,10,591
104900126,72,88,-16
104900127,55,134,-79
104900128,107,183,-76
104900129,2937,2355,582
105000001,2801,1897,904
105000002,2429,1861,568
105000003,3873,4304,-431
105000004,662,1363,-701
105000005,1090,1218,-128
105000006,1701,1790,-89
105000007,1346,1751,-405
105000008,2379,3082,-703
105000009,2101,3086,-985
105000010,3429,3130,299
105000011,3619,2716,903
105000012,5030,4069,961
105000013,936,970,-34
105000014,1964,2483,-519
105000015,12243,15392,-3149
105000016,4694,3122,1572
105000017,2398,1200,1198
105000018,1580,1702,-122
105000019,1549,1077,472
105000020,185,447,-262
105000021,360,141,219
105000022,443,105,338
105000023,756,418,338
105000028,92,158,-66
105000029,716,1442,-726
105000030,5001,3770,1231
105000033,1346,2549,-1203
105000034,150,959,-809
105000037,864,439,425
105000038,2415,1792,623
105000039,3493,2294,1199
105000040,1088,1275,-187
105000041,716,1846,-1130
105000042,4876,1593,3283
105000043,2400,3083,-683
105000044,1121,675,446
105000045,701,1552,-851
105000046,1140,587,553
105000047,595,1609,-1014
105000048,859,239,620
105000049,308,802,-494
105000050,595,410,185
105000051,171,495,-324
105000052,712,908,-196
105000053,122,196,-74
105000054,314,1154,-840
105000055,774,455,319
105000056,1581,2890,-1309
105000057,1281,1241,40
105000058,1624,1866,-242
105000059,851,773,78
105000060,512,843,-331
105000061,760,649,111
105000062,846,1076,-230
105000063,418,652,-234
105000064,1435,1039,396
105000065,360,771,-411
105000066,1339,1972,-633
105000067,1462,956,506
105000068,567,1106,-539
105000069,2768,1795,973
105000070,920,994,-74
105000071,356,971,-615
105000072,757,1882,-1125
105000073,1098,741,357
105000074,1499,1076,423
105000075,779,1053,-274
105000076,1560,1277,283
105000077,3257,1260,1997
105000078,1777,1578,199
105000079,1827,3556,-1729
105000080,2675,1967,708
105000081,5440,1537,3903
105000082,1627,1903,-276
105000083,6349,3751,2598
105000084,1014,1180,-166
105000085,1973,2017,-44
105000086,636,1133,-497
105000087,1745,2250,-505
105000088,1723,1836,-113
105000089,4334,2743,1591
105000090,1380,1058,322
105000091,1946,1940,6
105000092,877,1247,-370
105000093,450,259,191
105000094,362,261,101
105000095,148,504,-356
105000096,1530,1082,448
105000097,1205,762,443
105000098,1164,1024,140
105000099,1227,919,308
105000100,1398,1355,43
105000101,2073,2520,-447
105000102,2594,1646,948
105000103,1870,2706,-836
105000104,2761,1126,1635
105000105,1477,2794,-1317
105000106,2235,2782,-547
105000107,1757,1318,439
105000108,1873,2227,-354
105000109,1858,2544,-686
105000110,839,807,32
105000111,700,785,-85
105000112,1247,851,396
105000113,442,830,-388
105000114,3745,1243,2502
105000115,349,1162,-813
105000116,858,674,184
105000117,1019,1121,-102
105000118,717,605,112
105000119,1002,1508,-506
105000120,1208,738,470
105000121,1137,1676,-539
105000122,441,785,-344
105000123,1618,1715,-97
105000124,2093,1126,967
105000125,916,2570,-1654
105000126,2292,2323,-31
105000127,2862,2607,255
105000128,1004,1214,-210
105000129,1150,385,765
105000130,578,3036,-2458
105000131,1462,556,906
105000132,846,695,151
105000133,630,1201,-571
105000134,816,727,89
105000135,654,679,-25
105000136,60,147,-87
105000137,420,354,66
105000138,61,164,-103
105000139,1190,1234,-44
105000140,255,566,-311
105000141,340,682,-342
105000142,223,490,-267
105000143,378,880,-502
105000144,382,1095,-713
105000145,829,512,317
105000146,491,1140,-649
105000147,631,425,206
105000148,1660,672,988
105000149,2839,2407,432
105000150,2581,2069,512
105000151,537,458,79
105000152,190,651,-461
105000153,923,766,157
105000154,896,683,213
105000155,451,1186,-735
105000156,1347,746,601
105000157,1136,2074,-938
105000158,2457,882,1575
105000159,278,1351,-1073
105000160,1912,704,1208
105000161,810,1414,-604
105000162,623,1923,-1300
105000163,1402,1152,250
105000164,241,324,-83
105000165,1420,5854,-4434
105000166,6626,874,5752
105000167,2774,1615,1159
105000168,384,747,-363
105000169,531,478,53
105000170,299,1461,-1162
105000171,1277,321,956
105000172,221,52,169
105000173,180,66,114
105000174,65,63,2
105000175,112,169,-57
105000176,457,141,316
105000177,314,237,77
105000178,197,719,-522
105000179,528,252,276
105000180,162,154,8
105000181,116,446,-330
105000182,84,78,6
105000183,2918,2078,840
105000184,1690,1121,569
105000185,1856,873,983
105000186,619,920,-301
105000187,1198,170,1028
105000188,539,170,369
105000189,312,526,-214
105000190,368,529,-161
105000191,377,399,-22
105000192,365,103,262
105000193,121,161,-40
105000194,302,158,144
105000195,383,1014,-631
105000196,66,255,-189
105000197,319,772,-453
105000198,711,427,284
105000199,368,647,-279
105000200,183,273,-90
105000201,187,35,152
105000203,13,190,-177
105000204,93,98,-5
105000205,100,205,-105
105000207,816,310,506
105000208,358,616,-258
105000209,267,437,-170
105000212,1469,1776,-307
105000213,252,254,-2
105000214,185,362,-177
105000215,321,260,61
105000216,146,426,-280
105000217,263,448,-185
105000218,1410,1376,34
105000221,134,275,-141
105000222,501,95,406
105000223,387,235,152
105000226,91,380,-289
105000227,132,197,-65
105000228,370,2062,-1692
105000229,196,574,-378
105000231,352,332,20
105000233,930,823,107
105000234,577,1562,-985
105000235,488,678,-190
105000237,789,101,688
105000243,37,272,-235
105000248,94,99,-5
105000262,380,1786,-1406
105000269,181,237,-56
105000270,419,87,332
105000271,0,285,-285
105000282,95,53,42
105000287,425,125,300
105000288,717,473,244
105000289,3794,2253,1541
105000290,22,8,14
105000402,5041,4480,561
105000426,658,802,-144
105000438,5719,2062,3657
105000446,16407,7551,8856
105000447,10893,4348,6545
105000454,431,472,-41
105000455,346,228,118
105000474,28,4,24
105000477,488,580,-92
105000478,1972,4565,-2593
105000479,252,156,96
105000480,11103,6563,4540
105000481,5864,3597,2267
105000482,8278,8859,-581
105000483,1790,2156,-366
105000484,3040,3757,-717
105000485,1798,2867,-1069
105000486,4700,3204,1496
105000488,13884,7409,6475
105000489,867,989,-122
105000549,126,114,12
105000550,719,2018,-1299
105000551,39,150,-111
105000552,3183,2159,1024
105900001,16,1354,-1338
105900002,1674,893,781
105900003,13,141,-128
105900004,350,179,171
105900005,10,248,-238
105900006,29,137,-108
105900007,137,30,107
105900008,68,731,-663
105900009,34,16,18
105900011,366,72,294
105900012,761,168,593
105900013,13,34,-21
105900014,23,107,-84
105900015,206,335,-129
105900016,589,903,-314
105900017,1316,66,1250
105900018,221,194,27
105900019,100,746,-646
105900020,36,73,-37
105900021,54,359,-305
105900022,403,263,140
105900023,17,129,-112
105900024,9,193,-184
105900025,233,57,176
105900026,440,30,410
105900027,7674,11469,-3795
105900028,606,268,338
105900029,2011,558,1453
105900030,261,285,-24
105900031,447,229,218
105900032,85,152,-67
105900033,144,120,24
105900034,215,289,-74
105900035,256,192,64
105900036,104,143,-39
105900037,80,68,12
105900038,201,366,-165
105900039,101,136,-35
105900040,105,136,-31
105900041,245,273,-28
105900042,70,137,-67
105900043,1567,82,1485
105900044,5,288,-283
105900045,7,949,-942
105900046,5,262,-257
105900047,11,45,-34
105900048,78,678,-600
105900050,9454,2967,6487
105900051,30,1318,-1288
105900052,699,436,263
105900053,4274,3036,1238
105900054,449,327,122
105900056,990,496,494
105900057,68,159,-91
105900058,14,34,-20
105900059,0,38,-38
106000001,5960,2765,3195
106000002,3573,6622,-3049
106000003,2973,3909,-936
106000004,2048,3141,-1093
106000005,3662,6243,-2581
106000006,7070,5503,1567
106000007,598,767,-169
106000008,504,361,143
106000009,615,513,102
106000010,673,650,23
106000011,996,1298,-302
106000012,1098,1863,-765
106000013,1748,2396,-648
106000014,2431,2210,221
106000015,1658,1480,178
106000016,1387,2863,-1476
106000017,603,798,-195
106000018,691,557,134
106000019,371,501,-130
106000020,342,604,-262
106000021,308,473,-165
106000022,421,338,83
106000023,669,378,291
106000024,703,802,-99
106000025,142,260,-118
106000026,189,262,-73
106000027,1351,1430,-79
106000028,798,731,67
106000029,811,1432,-621
106000030,928,579,349
106000034,286,766,-480
106000035,1183,2178,-995
106000036,266,563,-297
106000037,2651,2036,615
106000038,560,136,424
106000039,257,118,139
106000040,196,961,-765
106000041,856,577,279
106000043,638,263,375
106000046,401,80,321
106000047,46,390,-344
106000049,896,252,644
106000050,341,955,-614
106000051,723,506,217
106000052,148,827,-679
106000053,386,174,212
106000054,427,726,-299
106000055,1176,1239,-63
106000056,264,610,-346
106000057,308,319,-11
106000058,183,263,-80
106000059,294,280,14
106000060,410,654,-244
106000061,193,560,-367
106000062,165,661,-496
106000063,695,553,142
106000064,62,509,-447
106000065,394,339,55
106000066,78,373,-295
106000067,351,133,218
106000068,91,797,-706
106000069,230,93,137
106000070,492,977,-485
106000071,1015,384,631
106000072,3542,1737,1805
106000073,1854,3071,-1217
106000074,576,861,-285
106000075,379,1793,-1414
106000076,2075,2799,-724
106000077,4295,1730,2565
106000078,1084,1221,-137
106000079,770,1255,-485
106000080,1407,846,561
106000081,739,1553,-814
106000082,2757,1071,1686
106000083,480,1922,-1442
106000084,1259,797,462
106000085,1717,1816,-99
106000086,706,1078,-372
106000087,1021,707,314
106000088,472,1032,-560
106000089,979,458,521
106000090,347,868,-521
106000091,285,643,-358
106000092,764,348,416
106000093,268,115,153
106000094,107,309,-202
106000095,640,853,-213
106000096,811,838,-27
106000097,1066,1084,-18
106000098,748,1156,-408
106000099,176,872,-696
106000100,1157,342,815
106000101,1372,295,1077
106000102,187,672,-485
106000103,383,568,-185
106000104,981,437,544
106000105,593,725,-132
106000106,642,525,117
106000107,148,330,-182
106000108,265,331,-66
106000109,165,338,-173
106000110,186,316,-130
106000111,208,467,-259
106000112,159,596,-437
106000113,692,646,46
106000114,487,708,-221
106000115,237,550,-313
106000116,229,230,-1
106000117,1260,982,278
106000118,1341,1533,-192
106000119,2189,1447,742
106000120,1005,1289,-284
106000121,164,161,3
106000122,127,286,-159
106000123,421,191,230
106000124,68,322,-254
106000125,31,390,-359
106000126,237,146,91
106000127,966,1165,-199
106000128,651,208,443
106000129,450,761,-311
106000130,736,411,325
106000131,120,965,-845
106000132,559,174,385
106000133,2352,1417,935
106000134,748,1820,-1072
106000135,259,756,-497
106000136,681,994,-313
106000137,64,1009,-945
106000138,1099,99,1000
106000139,96,150,-54
106000140,39,107,-68
106000141,84,88,-4
106000142,69,63,6
106000143,125,82,43
106000144,9,74,-65
106000145,210,331,-121
106000146,317,205,112
106000147,719,534,185
106000148,798,1062,-264
106000149,669,458,211
106000150,586,2240,-1654
106000151,4479,995,3484
106000152,1510,1936,-426
106000153,114,1557,-1443
106000154,1224,237,987
106000155,104,224,-120
106000156,985,366,619
106000157,786,2153,-1367
106000158,2456,983,1473
106000159,3752,1991,1761
106000160,450,3013,-2563
106000161,1835,502,1333
106000162,285,967,-682
106000163,470,629,-159
106000164,326,404,-78
106000165,246,765,-519
106000166,711,380,331
106000167,470,1316,-846
106000168,504,371,133
106000169,322,752,-430
106000170,760,311,449
106000171,263,1344,-1081
106000172,3249,1652,1597
106000173,1355,3389,-2034
106000174,1231,442,789
106000175,400,1122,-722
106000176,1902,894,1008
106000177,1046,3059,-2013
106000178,3623,1864,1759
106000179,1571,2929,-1358
106000180,1008,1741,-733
106000181,840,2134,-1294
106000182,1282,883,399
106000183,1406,868,538
106000184,2540,1004,1536
106000185,1415,1503,-88
106000186,1186,227,959
106000187,345,1492,-1147
106000188,0,5,-5
106000189,12,58,-46
106000190,29,1,28
106000191,645,296,349
106000192,1,29,-28
106000193,496,238,258
106000194,143,586,-443
106000195,1129,278,851
106000196,304,801,-497
106000197,550,431,119
106000198,159,339,-180
106000199,999,913,86
106000200,312,244,68
106000201,544,2797,-2253
106000202,5301,774,4527
106000203,91,173,-82
106000204,77,24,53
106000205,16,144,-128
106000206,89,23,66
106000207,45,876,-831
106000208,1384,187,1197
106000209,1573,400,1173
106000210,346,1269,-923
106000211,388,1447,-1059
106000212,974,441,533
106000213,947,1978,-1031
106000214,3313,872,2441
106000215,274,537,-263
106000216,354,415,-61
106000217,325,502,-177
106000218,544,472,72
106000219,135,370,-235
106000220,362,261,101
106000221,184,359,-175
106000222,70,116,-46
106000223,242,154,88
106000224,199,304,-105
106000225,62,144,-82
106000226,142,396,-254
106000228,36,76,-40
106000229,74,738,-664
106000231,874,126,748
106000232,61,339,-278
106000233,635,86,549
106000234,99,205,-106
106000235,541,104,437
106000236,225,66,159
106000237,32,11,21
106000238,20,9,11
106000239,3,124,-121
106000240,54,1,53
106000241,25,719,-694
106000242,208,44,164
106000249,56,62,-6
106000250,93,705,-612
106000251,103,33,70
106000252,30,88,-58
106000253,93,65,28
106000254,37,52,-15
106000255,41,156,-115
106000256,36,90,-54
106000257,200,302,-102
106000258,250,10,240
106000259,5,51,-46
106000260,20,9,11
106000261,9,48,-39
106000262,88,18,70
106000263,14,83,-69
106000264,209,10,199
106000265,23,128,-105
106000266,110,33,77
106000267,5,142,-137
106000268,608,42,566
106000269,61,63,-2
106000270,193,611,-418
106000271,106,244,-138
106000272,206,89,117
106000273,14,304,-290
106000274,203,41,162
106000275,153,354,-201
106000276,270,48,222
106000277,146,251,-105
106000278,207,62,145
106000279,37,47,-10
106000280,69,122,-53
106000281,89,58,31
106000282,55,62,-7
106000283,178,78,100
106000284,75,94,-19
106000285,140,96,44
106000286,106,209,-103
106000287,162,82,80
106000288,103,194,-91
106000289,107,56,51
106000290,83,125,-42
106000291,93,123,-30
106000292,87,136,-49
106000293,153,115,38
106000294,179,166,13
106000295,69,65,4
106000296,79,156,-77
106000297,86,238,-152
106000298,157,91,66
106000299,86,145,-59
106000300,75,108,-33
106000301,83,127,-44
106000303,27,78,-51
106000304,37,42,-5
106000305,114,55,59
106000306,32,67,-35
106000307,42,20,22
106000308,34,164,-130
106000309,19,77,-58
106000310,377,621,-244
106000311,389,201,188
106000312,88,218,-130
106000313,215,257,-42
106000318,129,509,-380
106000319,1060,213,847
106000320,3,62,-59
106000321,336,113,223
106000322,182,238,-56
106000324,24,150,-126
106000325,1702,1132,570
106000326,1160,2484,-1324
106000327,130,95,35
106000328,26,139,-113
106000329,66,330,-264
106000330,80,67,13
106000428,97,161,-64
106000429,134,467,-333
106000430,366,1377,-1011
106000431,1870,408,1462
106000432,2083,3234,-1151
106000433,2311,1329,982
106000434,3471,1683,1788
106000435,2098,3099,-1001
106000436,30,284,-254
106000437,291,41,250
106000438,445,188,257
106000439,136,559,-423
106000440,285,485,-200
106000441,0,0,0
106000442,151,13,138
106000443,177,356,-179
106000450,3,254,-251
106000451,24,49,-25
106000454,5,183,-178
106000455,18,223,-205
106000456,117,57,60
106000457,16,1195,-1179
106000458,724,136,588
106000459,118,481,-363
106000460,1783,30,1753
106000461,108,1504,-1396
106000462,0,42,-42
106000463,1,22,-21
106000464,4,534,-530
106000465,737,0,737
106000466,4,786,-782
106000467,419,587,-168
106000468,64,159,-95
106000469,213,9,204
106000470,346,2016,-1670
106000471,48,733,-685
106000472,203,18,185
106000473,66,17,49
106000474,445,571,-126
106000475,395,166,229
106000476,173,198,-25
106000477,33,61,-28
106900001,0,8,-8
106900002,3,540,-537
106900003,260,965,-705
106900004,0,64,-64
106900006,0,18,-18
106900007,1,14,-13
106900008,360,310,50
106900009,467,479,-12
106900010,311,337,-26
106900012,2374,2435,-61
106900013,642,187,455
106900014,33,10,23
106900015,29,4,25
106900016,320,10,310
106900017,8,3,5
106900018,0,0,0
106900019,35,2,33
106900020,2795,1841,954
106900021,110,63,47
106900022,828,4,824
106900023,82,275,-193
106900024,691,36,655
106900025,71,715,-644
106900026,4,744,-740
106900027,818,4,814
107000001,5061,4133,928
107000002,4828,6626,-1798
107000003,6434,7609,-1175
107000004,7376,7056,320
107000005,4531,6150,-1619
107000006,5583,6596,-1013
107000007,6635,11987,-5352
107000008,15879,12240,3639
107000009,8092,8498,-406
107000010,12836,13640,-804
107000011,1310,1703,-393
107000012,5290,4241,1049
107000013,82,122,-40
107000014,61,249,-188
107000015,474,887,-413
107000016,716,1192,-476
107000017,5579,1153,4426
107000018,23,611,-588
107000020,3776,785,2991
107000021,1776,533,1243
107000022,1239,1364,-125
107000023,2144,286,1858
107000024,651,1809,-1158
107000025,208,456,-248
107000026,187,687,-500
107000027,1528,1122,406
107000028,1403,1932,-529
107000029,3459,2765,694
107000030,3587,4284,-697
107000031,4443,3167,1276
107000032,740,1280,-540
107000033,3840,6878,-3038
107000034,4450,2437,2013
107000035,459,281,178
107000036,471,1424,-953
107000037,74,1021,-947
107000038,284,340,-56
107000039,865,786,79
107000040,209,477,-268
107000041,2263,1022,1241
107000042,1052,2537,-1485
107000043,3249,1323,1926
107000044,706,439,267
107000045,218,374,-156
107000046,835,424,411
107000047,495,1065,-570
107000048,704,361,343
107000049,696,957,-261
107000050,1177,604,573
107000051,497,455,42
107000052,1217,1243,-26
107000053,422,212,210
107000054,46,330,-284
107000055,151,130,21
107000056,448,940,-492
107000057,1277,324,953
107000058,2524,2593,-69
107000059,3056,4339,-1283
107000060,4780,6304,-1524
107000061,6157,4783,1374
107000062,4705,3382,1323
107000063,5008,6846,-1838
107000064,4641,2719,1922
107000065,5130,6345,-1215
107000066,2439,3171,-732
107000067,1378,1365,13
107000068,1736,823,913
107000069,814,568,246
107000070,1228,5,1223
107000071,3438,57,3381
107000072,73,3723,-3650
107000073,824,376,448
107000074,250,1155,-905
107000075,2007,630,1377
107000076,936,2051,-1115
107000077,4001,1553,2448
107000078,3405,4486,-1081
107000079,3082,1211,1871
107000080,1524,4039,-2515
107000081,2091,776,1315
107000082,685,2431,-1746
107000083,1502,609,893
107000084,534,2473,-1939
107000085,3316,4126,-810
107000086,4394,4574,-180
107000087,3255,2603,652
107000088,4169,4883,-714
107000089,1458,2094,-636
107000090,1243,1465,-222
107000091,1413,976,437
107000092,944,1425,-481
107000093,1316,951,365
107000094,1288,1559,-271
107000095,950,649,301
107000096,689,1117,-428
107000097,666,211,455
107000098,437,478,-41
107000099,589,501,88
107000100,481,278,203
107000101,93,226,-133
107000102,346,464,-118
107000103,281,237,44
107000104,210,382,-172
107000105,352,140,212
107000106,267,296,-29
107000107,524,282,242
107000108,218,660,-442
107000109,638,148,490
107000110,63,511,-448
107000111,365,65,300
107000112,60,387,-327
107000113,609,115,494
107000114,120,675,-555
107000115,572,177,395
107000116,139,1056,-917
107000117,185,590,-405
107000118,168,309,-141
107000119,1676,1560,116
107000120,1589,636,953
107000121,981,863,118
107000122,1303,1305,-2
107000123,660,586,74
107000124,780,1304,-524
107000125,684,619,65
107000126,580,796,-216
107000127,30,365,-335
107000129,802,174,628
107000130,655,339,316
107000131,646,408,238
107000132,797,485,312
107000133,1025,119,906
107000134,397,10,387
107000135,8,331,-323
107000136,1001,11,990
107000137,14,533,-519
107000138,471,22,449
107000139,24,534,-510
107000140,1606,169,1437
107000141,142,975,-833
107000142,502,120,382
107000143,84,958,-874
107000144,503,607,-104
107000145,207,669,-462
107000146,249,466,-217
107000147,3712,1029,2683
107000150,1166,3462,-2296
107000151,85,182,-97
107000152,556,1298,-742
107000153,258,590,-332
107000154,334,315,19
107000155,874,36,838
107000156,1427,35,1392
107000157,56,1985,-1929
107000158,530,26,504
107000159,35,840,-805
107000160,1032,203,829
107000161,101,1831,-1730
107000162,315,605,-290
107000163,284,1,283
107000164,836,1,835
107000165,1155,10,1145
107000166,77,1401,-1324
107000167,591,323,268
107000168,911,538,373
107000169,768,1145,-377
107000170,2401,1091,1310
107000171,874,2598,-1724
107000172,1237,1629,-392
107000173,811,1284,-473
107000174,1257,5733,-4476
107000175,9221,2345,6876
107000176,2,0,2
107000177,46,4,42
107000178,19,53,-34
107000179,323,2736,-2413
107000180,1484,451,1033
107000181,507,1462,-955
107000182,1936,1171,765
107000183,126,1199,-1073
107000184,1140,863,277
107000185,596,2112,-1516
107000186,1587,649,938
107000187,1631,1583,48
107000188,670,753,-83
107000189,487,1333,-846
107000190,788,933,-145
107000191,789,1221,-432
107000192,2014,1030,984
107000193,472,682,-210
107000194,1005,873,132
107000197,1154,445,709
107000198,451,906,-455
107000199,788,907,-119
107000200,896,848,48
107000201,470,280,190
107000202,335,607,-272
107000203,1745,908,837
107000204,2452,899,1553
107000205,2948,1410,1538
107000206,1263,1317,-54
107000207,1006,1290,-284
107000208,1409,575,834
107000209,3060,1436,1624
107000210,1162,496,666
107000211,4,38,-34
107000212,34,444,-410
107000213,21,20,1
107000214,38,226,-188
107000215,435,478,-43
107000216,436,451,-15
107000217,150,197,-47
107000219,119,185,-66
107000220,264,256,8
107000222,354,956,-602
107000224,439,104,335
107000225,227,747,-520
107000226,446,97,349
107000227,104,423,-319
107000228,66,250,-184
107000229,86,132,-46
107000230,1312,620,692
107000231,2149,1749,400
107000232,113,21,92
107000233,2020,1116,904
107000234,3,56,-53
107000235,69,6,63
107000236,14,731,-717
107000237,25,6,19
107000238,45,2,43
107000239,3851,619,3232
107000240,106,1128,-1022
107000241,88,20,68
107000242,462,74,388
107000243,1,86,-85
107000244,3,86,-83
107000246,6,1227,-1221
107000249,7,1201,-1194
107000251,3,316,-313
107000252,2,1351,-1349
107000255,548,96,452
107000257,3,509,-506
107000258,0,161,-161
107000259,11,237,-226
107000260,806,4,802
107000262,14,600,-586
107000263,294,3,291
107000266,7,17,-10
107000267,100,163,-63
107000268,164,227,-63
107000269,758,99,659
107000270,2,32,-30
107000271,33,880,-847
107000272,36,214,-178
107000273,3,256,-253
107000274,2900,341,2559
107000275,38,922,-884
107000280,712,55,657
107000281,29,832,-803
107000282,39,953,-914
107000290,4,21,-17
107000291,8,7,1
107000292,2,29,-27
107000293,158,1,157
107000294,1,12,-11
107000295,42,4,38
107000296,0,31,-31
107000444,261,9,252
107000496,0,43,-43
107000497,1893,3166,-1273
107000500,370,366,4
107000501,100,183,-83
107000502,201,402,-201
107000505,471,936,-465
107000506,2,69,-67
107000508,14,836,-822
107000509,270,1087,-817
107000510,45,23,22
107000514,88,389,-301
107000515,35,291,-256
107000516,316,330,-14
107000518,1059,1526,-467
107000519,2518,1180,1338
107000520,79,31,48
107900001,74,224,-150
107900002,85,13,72
107900003,351,23,328
107900004,121,3,118
107900005,1422,17,1405
107900006,158,4,154
107900007,365,50,315
107900008,102,41,61
107900009,142,3,139
107900010,37,1,36
107900012,396,25,371
107900013,332,59,273
107900014,40,17,23
107900015,1174,15,1159
107900016,530,154,376
107900017,54,5,49
107900018,55,164,-109
107900019,36,70,-34
107900020,137,12,125
107900021,71,171,-100
107900023,2,5,-3
107900024,0,12,-12
107900025,214,348,-134
107900026,54,93,-39
107900027,162,114,48
107900028,106,100,6
107900030,150,19,131
107900031,64,125,-61
107900032,27,9,18
107900033,35,6,29
107900034,456,22,434
107900035,843,84,759
107900036,49,21,28
107900037,0,14,-14
107900038,229,314,-85
107900039,39,53,-14
107900040,168,148,20
107900041,4,5,-1
107900043,37,148,-111
107900044,12,4,8
107900045,118,61,57
107900046,128,278,-150
107900047,25,26,-1
107900048,187,8,179
107900049,402,1895,-1493
107900050,143,466,-323
107900051,93,82,11
107900052,15,21,-6
107900053,64,103,-39
107900055,1178,425,753
107900056,206,66,140
107900057,0,0,0
107900058,45,785,-740
107900060,46,73,-27
107900061,31,12,19
107900063,128,144,-16
107900064,491,162,329
107900065,277,16,261
107900066,32,6,26
107900067,1,0,1
107900068,259,416,-157
107900069,37,1973,-1936
107900070,148,71,77
107900071,32,917,-885
107900072,101,244,-143
107900073,166,128,38
107900074,1173,427,746
107900076,120,73,47
107900077,73,0,73
107900078,263,44,219
107900079,15,11,4
107900080,387,514,-127
107900081,33,154,-121
107900082,24,29,-5
107900083,600,233,367
107900084,96,154,-58
107900086,56,168,-112
107900087,1087,188,899
107900088,27,15,12
107900089,339,1130,-791
107900090,654,2702,-2048
107900091,311,593,-282
107900092,2503,723,1780
107900093,109,155,-46
107900095,4465,2837,1628
107900097,32,107,-75
107900098,95,209,-114
107900100,1344,1490,-146
107900101,1454,306,1148
107900102,21,9,12
107900103,62,253,-191
107900104,255,17,238
107900105,5,495,-490
107900106,2,1411,-1409
107900107,1363,584,779
107900108,378,129,249
107900109,1333,21,1312
107900110,59,110,-51
107900111,8,1029,-1021
107900112,73,427,-354
107900113,267,153,114
107900114,172,209,-37
107900115,3,67,-64
107900116,219,249,-30
107900117,399,504,-105
107900118,104,250,-146
107900119,106,372,-266
107900120,43,22,21
107900121,5,367,-362
107900122,15,93,-78
107900123,4,36,-32
107900124,112,31,81
107900125,21,254,-233
107900126,17,52,-35
107900127,636,299,337
107900128,133,124,9
107900129,67,45,22
107900130,107,45,62
107900131,921,412,509
107900132,163,537,-374
107900133,1,83,-82
107900134,63,71,-8
107900135,4,215,-211
107900136,53,57,-4
107900137,192,150,42
107900138,74,65,9
107900139,50,82,-32
107900140,127,64,63
107900141,77,43,34
107900142,108,1141,-1033
107900143,51,42,9
107900144,7,232,-225
107900145,15,130,-115
107900146,67,160,-93
107900147,62,53,9
107900148,223,240,-17
107900149,1544,329,1215
107900150,110,969,-859
107900151,31,163,-132
107900152,15,265,-250
107900153,132,423,-291
107900154,64,16,48
107900155,49,61,-12
107900156,12,391,-379
107900157,86,69,17
107900158,1037,34,1003
107900159,46,1156,-1110
107900160,82,253,-171
107900161,22,201,-179
107900162,10,192,-182
107900163,345,53,292
107900164,6,44,-38
107900165,19,93,-74
107900166,28,303,-275
107900167,37,55,-18
107900168,29,47,-18
107900169,1,205,-204
107900171,23,1855,-1832
107900172,2,415,-413
107900173,20,249,-229
107900174,139,6,133
107900175,27,41,-14
107900176,24,54,-30
107900177,3,200,-197
107900178,1,207,-206
107900179,29,170,-141
107900180,876,591,285
107900181,408,394,14
107900182,7,1534,-1527
107900183,53,446,-393
107900184,132,316,-184
107900185,115,5,110
107900186,24,65,-41
107900187,1,169,-168
107900188,854,200,654
107900189,56,145,-89
107900190,102,109,-7
107900191,112,166,-54
107900193,17,87,-70
107900194,324,26,298
107900195,3674,666,3008
107900196,37,160,-123
107900197,1127,432,695
107900199,4,1044,-1040
107900201,98,100,-2
107900203,47,106,-59
107900204,288,323,-35
107900205,267,523,-256
107900206,1191,210,981
107900207,1,710,-709
107900208,12,660,-648
107900209,494,182,312
107900210,111,154,-43
107900213,1286,905,381
107900214,48,150,-102
107900215,201,459,-258
107900216,226,136,90
107900217,58,131,-73
107900218,20,1603,-1583
107900219,40,138,-98
107900220,359,270,89
107900221,262,255,7
107900223,124,676,-552
107900224,189,531,-342
107900225,21,792,-771
107900226,111,177,-66
107900227,142,550,-408
107900228,15,108,-93
107900229,4,389,-385
107900230,20,171,-151
107900231,20,266,-246
107900232,59,177,-118
107900233,5,246,-241
107900234,92,129,-37
107900235,54,153,-99
107900236,115,90,25
107900237,91,638,-547
107900238,32,131,-99
107900239,1086,589,497
107900240,40,184,-144
107900241,20,117,-97
107900242,38,348,-310
107900243,15,112,-97
107900244,375,3,372
107900245,606,59,547
107900246,288,11,277
107900248,566,632,-66
107900249,770,58,712
107900250,5,728,-723
107900251,73,1768,-1695
107900252,1077,28,1049
107900253,234,9,225
107900254,89,618,-529
107900255,489,108,381
107900256,2061,730,1331
107900257,260,171,89
107900258,116,213,-97
107900259,119,1956,-1837
107900261,4,425,-421
107900262,48,155,-107
107900264,390,1,389
107900265,195,181,14
107900267,259,51,208
107900268,11,3,8
107900269,0,2,-2
107900270,0,0,0
107900271,0,10,-10
107900272,92,17,75
107900273,40,131,-91
107900274,69,0,69
107900275,38,0,38
107900276,0,98,-98
107900277,2,238,-236
107900278,416,486,-70
107900279,122,229,-107
107900280,2312,2839,-527
107900281,2326,2572,-246
107900282,55,548,-493
107900283,1593,763,830
107900284,653,860,-207
107900285,146,124,22
107900286,183,123,60
107900287,203,278,-75
107900290,1,102,-101
107900291,570,17,553
107900292,144,292,-148
107900293,78,523,-445
107900295,56,62,-6
107900297,2,418,-416
107900298,1000,855,145
107900299,3800,3035,765
107900300,67,345,-278
107900301,805,693,112
107900302,165,67,98
107900303,223,368,-145
107900304,268,702,-434
107900305,377,17,360
107900306,34,20,14
107900307,43,257,-214
107900308,173,158,15
107900309,130,2,128
107900310,556,8,548
107900311,11,270,-259
107900312,122,3,119
107900313,1,163,-162
107900314,0,72,-72
107900315,0,90,-90
107900316,48,0,48
107900317,190,15,175
107900318,27,239,-212
107900319,8,324,-316
107900320,1,219,-218
107900321,198,8,190
107900322,4,137,-133
107900323,4,176,-172
107900324,221,3,218
107900325,123,1,122
107900326,363,412,-49
107900327,2,69,-67
107900328,158,1,157
107900329,199,113,86
107900330,11,536,-525
107900331,220,58,162
107900332,267,48,219
107900333,62,24,38
107900334,8,196,-188
107900335,86,49,37
107900336,38,58,-20
107900337,1404,939,465
107900338,5,196,-191
107900339,0,42,-42
107900340,1,86,-85
107900341,79,3,76
107900342,134,101,33
107900343,268,1,267
107900344,2,56,-54
107900345,164,35,129
107900346,60,7,53
107900347,48,4,44
107900348,17,1,16
107900349,32,9,23
107900350,44,350,-306
108000001,3293,4383,-1090
108000002,2380,3636,-1256
108000003,4274,3816,458
108000004,16309,21056,-4747
108000005,9616,6721,2895
108000006,11074,10796,278
108000007,5808,4848,960
108000008,5983,8984,-3001
108000009,3950,5379,-1429
108000010,3772,6598,-2826
108000011,14272,14046,226
108000012,23597,21421,2176
108000014,1009,711,298
108000015,774,352,422
108000016,347,621,-274
108000017,1215,525,690
108000018,2064,728,1336
108000019,2355,932,1423
108000020,1578,718,860
108000021,467,2154,-1687
108000022,587,1629,-1042
108000023,1295,272,1023
108000024,304,754,-450
108000025,369,305,64
108000026,597,582,15
108000027,807,563,244
108000028,570,293,277
108000029,575,707,-132
108000030,867,324,543
108000031,282,892,-610
108000032,1612,859,753
108000033,870,1367,-497
108000034,1757,581,1176
108000035,908,3104,-2196
108000036,389,1344,-955
108000037,1660,466,1194
108000038,2810,670,2140
108000039,855,2764,-1909
108000040,1950,1055,895
108000041,785,3118,-2333
108000042,229,307,-78
108000043,220,352,-132
108000044,483,245,238
108000045,351,718,-367
108000046,1561,433,1128
108000047,584,1424,-840
108000048,183,470,-287
108000049,1119,329,790
108000050,120,520,-400
108000051,317,154,163
108000052,230,846,-616
108000053,429,214,215
108000054,618,1310,-692
108000055,1377,577,800
108000056,1129,1490,-361
108000057,655,1215,-560
108000058,2164,3981,-1817
108000059,3836,2451,1385
108000060,219,423,-204
108000061,147,388,-241
108000062,831,677,154
108000063,616,679,-63
108000064,193,300,-107
108000065,638,743,-105
108000066,2069,1087,982
108000067,1898,693,1205
108000068,823,385,438
108000069,279,1325,-1046
108000070,2134,877,1257
108000071,748,2162,-1414
108000072,1944,1461,483
108000073,1766,2647,-881
108000074,751,438,313
108000075,475,1401,-926
108000076,889,634,255
108000077,737,882,-145
108000078,2436,1666,770
108000079,1121,2342,-1221
108000080,1130,623,507
108000081,673,2156,-1483
108000082,1287,2518,-1231
108000083,2307,1083,1224
108000084,466,1510,-1044
108000085,878,557,321
108000086,1081,1007,74
108000087,217,2323,-2106
108000088,171,9,162
108000089,438,462,-24
108000090,530,196,334
108000091,403,573,-170
108000092,230,114,116
108000093,187,850,-663
108000094,699,133,566
108000095,113,489,-376
108000096,269,194,75
108000097,156,610,-454
108000098,1684,1680,4
108000099,227,82,145
108000100,66,212,-146
108000101,1591,1499,92
108000102,1794,3314,-1520
108000106,1041,0,1041
108000107,3,982,-979
108000108,830,67,763
108000109,14,739,-725
108000110,169,381,-212
108000111,205,738,-533
108000112,83,147,-64
108000113,566,297,269
108000115,464,412,52
108000117,875,437,438
108000118,93,249,-156
108000119,901,523,378
108000120,176,797,-621
108000121,264,620,-356
108000122,632,397,235
108000123,1005,299,706
108000124,398,654,-256
108000125,478,387,91
108000126,236,570,-334
108000127,597,457,140
108000128,692,673,19
108000129,337,1424,-1087
108000130,374,303,71
108000131,1039,563,476
108000132,2525,1991,534
108000133,1089,653,436
108000134,639,708,-69
108000135,1194,567,627
108000136,657,1254,-597
108000137,482,432,50
108000138,299,610,-311
108000139,511,370,141
108000140,97,60,37
108000141,42,121,-79
108000142,58,126,-68
108000143,28,38,-10
108000144,40,25,15
108000145,58,24,34
108000146,50,21,29
108000147,65,44,21
108000148,97,41,56
108000149,19,19,0
108000150,39,6,33
108000151,29,15,14
108000152,111,516,-405
108000153,501,196,305
108000154,74,17,57
108000155,90,21,69
108000156,306,142,164
108000157,211,1085,-874
108000158,111,826,-715
108000159,712,247,465
108000160,4005,1369,2636
108000161,3682,2925,757
108000165,13,188,-175
108000172,5,389,-384
108000173,2508,2526,-18
108000175,285,122,163
108000178,530,400,130
108000179,211,903,-692
108000181,69,23,46
108000182,114,18,96
108000183,20,20,0
108000184,1268,2369,-1101
108000185,284,637,-353
108000186,223,51,172
108000187,173,749,-576
108000188,707,338,369
108000189,763,1656,-893
108000190,47,162,-115
108000192,217,706,-489
108000193,911,47,864
108000194,111,8,103
108000195,1,1472,-1471
108000196,267,241,26
108000197,142,591,-449
108000198,477,446,31
108000199,1,177,-176
108000200,485,723,-238
108000202,2,192,-190
108000203,140,810,-670
108000204,152,58,94
108000205,346,617,-271
108000339,1679,410,1269
108000364,150,366,-216
108000365,99,366,-267
108000367,204,554,-350
108000368,13,65,-52
108000369,1052,229,823
108000371,2,765,-763
108000372,578,2,576
108000373,229,167,62
108000376,101,23,78
108000377,396,391,5
108000378,11422,12318,-896
108000379,37,234,-197
108000381,53,9,44
108000382,73,1,72
108000383,0,87,-87
108900001,132,1145,-1013
108900002,209,70,139
108900003,449,912,-463
108900004,155,426,-271
108900005,100,359,-259
108900006,742,190,552
108900007,292,258,34
108900008,120,215,-95
108900009,88,139,-51
108900010,258,255,3
108900011,577,581,-4
108900012,358,552,-194
108900013,184,341,-157
108900014,14,158,-144
108900015,0,24,-24
108900016,1,270,-269
108900017,286,560,-274
108900018,125,625,-500
108900019,98,1119,-1021
108900020,53,294,-241
108900021,168,371,-203
108900022,127,17,110
108900023,2,49,-47
108900024,54,146,-92
108900025,110,191,-81
108900026,26,105,-79
108900027,0,104,-104
108900028,136,444,-308
108900029,104,254,-150
108900030,0,153,-153
108900031,191,516,-325
108900032,24,325,-301
108900033,0,106,-106
108900034,0,259,-259
108900035,422,1775,-1353
108900036,236,354,-118
108900037,76,405,-329
108900038,0,386,-386
108900039,3,459,-456
108900040,11,156,-145
108900041,6901,3674,3227
108900042,10,401,-391
108900043,75,628,-553
108900044,2,608,-606
108900045,49,707,-658
108900046,57,976,-919
108900047,0,51,-51
108900048,155,1164,-1009
108900049,4545,1485,3060
108900050,0,264,-264
108900051,0,252,-252
108900052,66,315,-249
108900053,154,260,-106
108900054,139,262,-123
108900055,87,466,-379
108900056,1,210,-209
108900057,1,239,-238
108900058,34,521,-487
108900059,483,47,436
108900060,110,186,-76
108900061,92,56,36
108900062,12,320,-308
108900063,22,348,-326
108900064,237,101,136
108900065,11,333,-322
108900066,372,197,175
108900067,71,201,-130
108900068,1,118,-117
108900069,63,138,-75
108900070,63,175,-112
108900071,92,111,-19
108900072,2705,885,1820
108900073,11,100,-89
108900074,183,522,-339
108900075,69,65,4
108900076,348,132,216
108900077,168,140,28
108900078,25,189,-164
108900079,1150,289,861
108900080,59,1114,-1055
108900081,59,298,-239
108900082,64,101,-37
108900083,46,332,-286
108900084,519,193,326
108900085,2338,219,2119
108900086,103,359,-256
108900087,160,282,-122
108900088,1302,527,775
108900089,30,145,-115
108900090,60,376,-316
108900091,154,140,14
108900092,599,478,121
108900093,155,118,37
108900094,222,115,107
108900095,51,443,-392
108900096,451,35,416
108900097,280,343,-63
108900098,3087,1064,2023
108900099,469,360,109
108900100,90,184,-94
108900101,196,149,47
108900102,149,1049,-900
108900103,275,136,139
108900104,194,522,-328
108900105,3,1004,-1001
108900106,500,470,30
108900108,653,75,578
108900109,38,23,15
108900110,261,646,-385
108900111,480,755,-275
108900112,372,47,325
108900113,56,51,5
108900114,2,5,-3
108900115,139,67,72
108900116,127,15,112
108900117,266,13,253
108900118,580,19,561
108900119,264,48,216
108900120,706,180,526
108900121,399,103,296
108900122,144,44,100
108900123,159,158,1
108900124,389,199,190
108900125,375,10,365
108900126,120,38,82
108900127,183,37,146
108900128,120,63,57
108900129,830,196,634
108900130,313,4,309
108900131,450,9,441
108900132,483,88,395
108900133,169,63,106
108900134,312,308,4
108900135,141,20,121
108900136,40,1,39
108900137,143,3,140
108900138,726,69,657
108900139,783,154,629
108900140,272,331,-59
108900141,309,15,294
108900142,102,27,75
108900143,82,0,82
108900144,116,0,116
108900145,146,14,132
108900146,70,0,70
108900147,229,0,229
108900148,99,51,48
108900149,622,428,194
108900150,253,13,240
108900151,193,3,190
108900152,166,66,100
108900153,168,464,-296
108900154,5898,704,5194
108900155,298,135,163
108900156,100,15,85
108900157,27,631,-604
108900158,379,60,319
108900159,10,374,-364
108900160,13,336,-323
108900161,18,537,-519
108900162,90,1,89
108900163,4,252,-248
108900164,42,114,-72
108900165,217,130,87
108900167,2355,6964,-4609
108900168,9593,3452,6141
108900169,50,146,-96
108900171,10519,3277,7242
108900172,212,46,166
108900173,352,554,-202
108900174,916,693,223
108900176,176,563,-387
108900177,7268,5457,1811
108900178,5223,3659,1564
108900179,671,1713,-1042
108900180,134,311,-177
108900182,39,291,-252
108900183,212,314,-102
108900184,632,395,237
108900185,177,495,-318
108900186,83,489,-406
108900187,401,91,310
108900188,544,102,442
108900189,497,248,249
108900190,98,3692,-3594
108900191,266,65,201
108900192,142,294,-152
108900193,238,67,171
108900194,30,344,-314
108900195,112,398,-286
108900196,40,566,-526
108900198,2,561,-559
108900199,275,494,-219
108900200,682,366,316
108900201,739,1854,-1115
108900203,686,72,614
108900204,485,16,469
108900205,189,35,154
108900206,541,47,494
108900207,197,66,131
108900208,17,442,-425
108900209,269,831,-562
108900210,185,266,-81
108900211,154,498,-344
108900212,852,1393,-541
108900215,126,543,-417
108900216,503,150,353
108900217,171,0,171
108900218,202,73,129
108900219,133,8,125
108900220,45,30,15
108900221,37,176,-139
108900222,294,22,272
108900223,12,120,-108
108900224,50,220,-170
108900225,3,181,-178
108900226,230,20,210
108900227,110,291,-181
108900230,329,349,-20
108900231,53,289,-236
108900232,2,371,-369
108900233,553,129,424
108900234,344,174,170
108900235,225,793,-568
108900236,81,501,-420
108900237,103,302,-199
108900240,165,175,-10
108900241,57,44,13
108900245,11,1859,-1848
108900249,160,54,106
108900250,256,146,110
108900257,260,653,-393
108900258,17,267,-250
108900259,89,97,-8
108900260,14,132,-118
108900261,80,148,-68
108900262,207,183,24
108900263,37,244,-207
108900264,683,330,353
108900265,1131,395,736
108900266,1021,564,457
108900267,2,116,-114
108900268,15,5,10
108900269,59,7,52
108900270,85,10,75
108900271,48,14,34
108900272,193,12,181
108900273,1312,697,615
108900274,46,55,-9
109000001,3241,1406,1835
109000002,1784,1473,311
109000003,2744,592,2152
109000004,407,2494,-2087
109000005,2885,790,2095
109000006,809,2498,-1689
109000007,1845,686,1159
109000008,584,2250,-1666
109000009,4174,1498,2676
109000010,1547,4401,-2854
109000011,3706,2280,1426
109000012,2272,4036,-1764
109000013,4402,3516,886
109000014,2210,4200,-1990
109000015,4029,7635,-3606
109000016,7770,5130,2640
109000017,2585,1286,1299
109000018,1095,3903,-2808
109000019,2904,1264,1640
109000020,1059,2324,-1265
109000023,282,33,249
109000024,7,201,-194
109000025,379,528,-149
109000026,802,470,332
109000027,119,365,-246
109000028,225,146,79
109000029,177,189,-12
109000030,96,616,-520
109000031,255,232,23
109000032,123,594,-471
109000033,444,232,212
109000034,62,52,10
109000035,31,86,-55
109000036,87,475,-388
109000037,248,1455,-1207
109000038,836,602,234
109000039,1124,814,310
109000040,5588,8370,-2782
109000041,4468,2005,2463
109000042,831,1520,-689
109000044,466,119,347
109000045,134,503,-369
109000046,470,123,347
109000047,80,519,-439
109000048,1147,249,898
109000049,428,766,-338
109000050,566,335,231
109000051,426,387,39
109000052,683,1392,-709
109000053,292,111,181
109000054,358,771,-413
109000055,298,390,-92
109000056,448,574,-126
109000057,729,582,147
109000058,1661,506,1155
109000059,1448,1592,-144
109000060,501,311,190
109000061,1373,1336,37
109000062,271,370,-99
109000063,232,246,-14
109000064,274,282,-8
109000065,151,299,-148
109000066,374,145,229
109000067,79,408,-329
109000068,2289,4,2285
109000069,1077,30,1047
109000070,8,1237,-1229
109000071,481,86,395
109000072,117,479,-362
109000073,128,117,11
109000074,39,256,-217
109000075,113,447,-334
109000076,84,261,-177
109000077,401,378,23
109000078,38,165,-127
109000079,140,176,-36
109000080,102,115,-13
109000081,100,567,-467
109000082,506,231,275
109000083,381,854,-473
109000088,182,671,-489
109000089,317,80,237
109000090,237,519,-282
109000091,434,250,184
109000092,476,632,-156
109000093,240,277,-37
109000094,544,5,539
109000095,123,532,-409
109000096,714,252,462
109000097,96,195,-99
109000098,59,160,-101
109000099,990,383,607
109000100,194,560,-366
109000101,1902,948,954
109000102,469,1008,-539
109000103,548,851,-303
109000104,1952,845,1107
109000105,613,1585,-972
109000106,2586,984,1602
109000107,757,2836,-2079
109000108,1942,769,1173
109000109,557,2504,-1947
109000110,1410,640,770
109000111,1181,2846,-1665
109000112,476,187,289
109000113,315,218,97
109000114,199,315,-116
109000115,1468,61,1407
109000116,2,303,-301
109000117,191,85,106
109000118,7,396,-389
109000119,1598,311,1287
109000120,205,1101,-896
109000121,476,77,399
109000122,127,1088,-961
109000123,31,81,-50
109000124,628,579,49
109000125,937,451,486
109000126,426,1082,-656
109000127,910,304,606
109000128,531,2084,-1553
109000129,2433,1076,1357
109000130,802,2774,-1972
109000131,974,653,321
109000132,912,2388,-1476
109000133,360,1265,-905
109000134,977,1940,-963
109000135,1581,1931,-350
109000136,356,502,-146
109000137,300,443,-143
109000138,643,479,164
109000139,557,464,93
109000140,234,519,-285
109000141,616,541,75
109000142,132,637,-505
109000143,98,62,36
109000145,126,257,-131
109000146,46,118,-72
109000148,4503,2074,2429
109000149,31,67,-36
109000150,76,271,-195
109000155,870,680,190
109000156,1428,910,518
109000158,320,419,-99
109000159,252,741,-489
109000160,1077,289,788
109000161,343,1273,-930
109000162,2246,906,1340
109000163,1198,2142,-944
109000164,1276,3108,-1832
109000165,1425,659,766
109000166,790,179,611
109000167,150,743,-593
109000170,57,43,14
109000171,96,44,52
109000172,64,85,-21
109000173,37,83,-46
109000174,89,58,31
109000175,49,85,-36
109000176,271,325,-54
109000177,24,131,-107
109000178,373,138,235
109000179,6716,5620,1096
109000180,6639,4290,2349
109000181,21,48,-27
109000182,34,50,-16
109000183,67,38,29
109000184,43,17,26
109000185,36,70,-34
109000188,662,2510,-1848
109000189,3164,1182,1982
109000190,611,528,83
109000191,287,606,-319
109000192,421,278,143
109000193,218,410,-192
109000194,323,148,175
109000195,183,461,-278
109000196,359,124,235
109000197,206,493,-287
109000198,468,76,392
109000199,152,577,-425
109000206,325,52,273
109000207,115,49,66
109000208,143,107,36
109000209,203,128,75
109000210,152,649,-497
109000211,219,263,-44
109000214,393,500,-107
109000215,235,102,133
109000216,218,338,-120
109000217,274,149,125
109000218,450,225,225
109000221,634,1425,-791
109000222,1052,296,756
109000223,314,340,-26
109000224,53,168,-115
109000225,79,48,31
109000226,86,276,-190
109000227,1117,1384,-267
109000228,2,636,-634
109000231,3,414,-411
109000232,334,394,-60
109000236,439,947,-508
109000241,2339,2954,-615
109000242,2208,1860,348
109000293,22,57,-35
109000361,132,374,-242
109000364,248,680,-432
109000396,8,762,-754
109000397,704,10,694
109000399,136,530,-394
109000400,66,237,-171
109000403,256,944,-688
109000406,349,3,346
109000407,369,310,59
109000408,0,326,-326
109000410,1256,325,931
109000411,91,27,64
109900001,92,0,92
109900002,1152,41,1111
109900003,298,2,296
109900004,1423,218,1205
109900005,26,6,20
109900006,451,282,169
109900007,934,777,157
109900008,0,73,-73
109900009,180,692,-512
109900010,606,15,591
109900011,113,74,39
109900012,364,334,30
109900013,479,241,238
109900014,507,85,422
109900015,769,251,518
109900016,177,36,141
109900017,279,251,28
109900018,331,128,203
109900019,248,107,141
109900020,61,40,21
109900021,47,15,32
109900022,76,241,-165
109900023,14,6,8
109900024,18,7,11
109900025,11,93,-82
109900026,1,215,-214
109900027,38,47,-9
109900028,2016,1065,951
109900029,2,428,-426
109900030,70,8,62
109900031,1,253,-252
109900032,13,382,-369
109900033,3,574,-571
109900034,37,0,37
109900035,25,62,-37
109900036,29,89,-60
109900037,31,624,-593
109900038,101,282,-181
109900039,5,1,4
109900040,27,654,-627
109900041,54,480,-426
109900042,56,467,-411
109900044,125,324,-199
109900045,174,54,120
109900046,18,95,-77
109900047,365,459,-94
109900048,3,116,-113
109900049,9,52,-43
109900050,2,255,-253
109900051,0,52,-52
109900052,235,462,-227
109900053,7,481,-474
109900054,734,346,388
109900055,79,467,-388
109900056,38,203,-165
109900057,15,271,-256
109900058,0,109,-109
109900059,691,208,483
109900060,472,143,329
109900061,60,384,-324
109900062,0,241,-241
109900063,11,552,-541
109900064,639,320,319
109900065,162,187,-25
109900066,366,1117,-751
109900067,4,364,-360
109900068,139,6,133
109900069,3,58,-55
109900070,81,412,-331
109900071,3,39,-36
109900072,57,251,-194
109900073,441,735,-294
109900074,8,41,-33
109900075,15,51,-36
109900076,23,261,-238
109900077,32,49,-17
109900078,115,240,-125
109900080,158,488,-330
109900081,75,286,-211
109900082,60,525,-465
109900083,16,90,-74
109900084,93,195,-102
109900085,364,1067,-703
109900086,159,469,-310
109900087,448,663,-215
109900089,790,250,540
109900090,688,1420,-732
109900091,348,73,275
109900092,1045,14,1031
109900093,937,197,740
109900094,85,137,-52
109900095,146,308,-162
109900096,64,2,62
109900097,107,7,100
109900098,426,60,366
109900099,186,2,184
109900100,38,1,37
109900101,423,15,408
109900102,475,28,447
109900103,32,29,3
109900104,607,1031,-424
109900105,636,29,607
109900106,479,71,408
109900107,574,129,445
109900108,111,423,-312
109900109,60,131,-71
109900110,137,447,-310
109900111,469,1176,-707
109900112,537,899,-362
109900113,827,598,229
109900114,1473,928,545
109900115,240,156,84
109900117,1148,183,965
109900118,343,578,-235
109900119,849,382,467
109900120,79,27,52
109900121,625,476,149
109900122,509,2,507
109900123,23,232,-209
109900124,44,624,-580
109900125,2,215,-213
109900126,313,157,156
109900128,338,70,268
109900130,9708,2865,6843
109900131,57,173,-116
109900132,56,151,-95
109900133,72,314,-242
109900134,62,129,-67
109900135,340,74,266
109900136,51,204,-153
109900137,134,397,-263
109900138,393,446,-53
109900140,219,247,-28
109900141,525,325,200
109900142,1493,428,1065
109900145,9,599,-590
109900146,674,73,601
109900148,54,95,-41
109900149,77,90,-13
109900150,18,112,-94
109900151,6,81,-75
109900152,0,53,-53
109900153,1,85,-84
109900154,55,0,55
109900155,85,16,69
109900157,82,275,-193
109900158,75,172,-97
109900159,200,64,136
109900160,211,61,150
109900161,225,73,152
109900162,209,140,69
109900163,996,378,618
109900164,73,237,-164
109900165,319,6,313
109900166,0,163,-163
109900167,192,723,-531
109900168,190,759,-569
109900169,277,216,61
109900170,318,837,-519
109900171,273,164,109
109900172,250,333,-83
109900173,3781,2810,971
109900174,80,164,-84
109900175,86,109,-23
109900176,123,211,-88
109900177,50,297,-247
109900178,5,134,-129
109900179,76,25,51
109900180,7,15,-8
110000001,1041,666,375
110000002,636,820,-184
110000003,1115,918,197
110000004,595,859,-264
110000005,524,2216,-1692
110000006,400,400,0
110000007,143,144,-1
110000008,24,73,-49
110000009,79,41,38
110000010,35,81,-46
110000011,48,119,-71
110000012,686,560,126
110000013,42,544,-502
110000014,684,450,234
110000015,279,650,-371
110000016,277,1595,-1318
110000017,3209,280,2929
110000018,3251,645,2606
110000019,9,83,-74
110000020,466,202,264
110000021,670,595,75
110000022,1243,329,914
110000023,5,116,-111
110000024,917,418,499
110000025,343,5,338
110000026,10,401,-391
110000027,1520,609,911
110000028,1015,952,63
110000029,645,996,-351
110000030,276,465,-189
110000031,284,652,-368
110000032,752,509,243
110000033,394,106,288
110000034,569,1009,-440
110000035,1245,777,468
110000036,1160,892,268
110000037,295,600,-305
110000038,312,912,-600
110000039,871,3433,-2562
110000040,464,445,19
110000041,279,1551,-1272
110000042,111,295,-184
110000043,799,272,527
110000044,191,172,19
110000045,1228,74,1154
110000046,24,21,3
110000047,218,24,194
110000048,6,21,-15
110000049,38,8,30
110000050,12,84,-72
110000051,38,11,27
110000052,22,22,0
110000053,554,18,536
110000054,158,369,-211
110000055,809,44,765
110000056,215,68,147
110000057,434,766,-332
110000058,1249,670,579
110000059,1138,679,459
110000060,843,1385,-542
110000061,1140,1006,134
110000062,767,1011,-244
110000063,32,140,-108
110000064,115,119,-4
110000065,122,131,-9
110000066,72,77,-5
110000067,126,261,-135
110000068,406,324,82
110000069,253,146,107
110000071,195,166,29
110000073,10,36,-26
110000075,10,149,-139
110000076,400,586,-186
110000077,519,1782,-1263
110000078,55,75,-20
110000080,291,933,-642
110000081,32,353,-321
110000082,23,448,-425
110000083,267,794,-527
110000084,1212,954,258
110000085,2315,1929,386
110000086,1678,2419,-741
110000087,14,102,-88
110000088,73,256,-183
110000089,302,182,120
110000090,152,398,-246
110000091,1550,433,1117
110000092,34,100,-66
110000093,52,19,33
110000094,633,337,296
110000095,233,785,-552
110000096,2933,2353,580
110000097,1173,1575,-402
110000098,2310,764,1546
110000099,1000,2061,-1061
110000100,988,586,402
110000101,26,517,-491
110000102,52,19,33
110000104,427,149,278
110000105,56,286,-230
110000106,691,410,281
110000107,349,585,-236
110000108,176,97,79
110000109,367,392,-25
110000110,3921,5972,-2051
110000111,8209,3164,5045
110000112,1631,1498,133
110000113,571,2453,-1882
110000114,156,708,-552
110000115,319,411,-92
110000116,49,64,-15
110000117,182,416,-234
110000118,465,209,256
110000119,250,393,-143
110000120,437,214,223
110000121,91,393,-302
110000122,486,746,-260
110000123,589,837,-248
110000124,1,1156,-1155
110000125,1159,14,1145
110000126,399,42,357
110000127,1132,84,1048
110000128,48,1802,-1754
110000129,5,534,-529
110000130,316,218,98
110000131,86,474,-388
110000132,3,793,-790
110000133,59,593,-534
110000134,36,445,-409
110000135,202,44,158
110000136,103,362,-259
110000137,576,819,-243
110000138,968,805,163
110000139,825,1566,-741
110000140,1077,718,359
110000143,778,524,254
110000144,7342,2153,5189
110000145,2430,1207,1223
110000146,2586,1213,1373
110000147,531,870,-339
110000148,615,400,215
110000151,1364,1228,136
110000152,1291,467,824
110000153,123,66,57
110000154,85,39,46
110000155,2894,5086,-2192
110000156,1332,2824,-1492
110000157,2454,2411,43
110000160,379,321,58
110000161,172,327,-155
110000166,701,147,554
110000167,1007,628,379
110000168,1082,562,520
110000169,872,386,486
110000170,100,94,6
110000171,722,161,561
110000172,156,961,-805
110000173,1241,1682,-441
110000174,201,1371,-1170
110000175,698,78,620
110000176,109,370,-261
110000177,164,1062,-898
110000178,517,1518,-1001
110000179,1559,438,1121
110000180,232,343,-111
110000181,439,519,-80
110000182,420,194,226
110000183,12401,7931,4470
110000184,556,2699,-2143
110000185,1822,798,1024
110000186,993,1144,-151
110000191,917,458,459
110000192,617,12,605
110000193,1045,13,1032
110000194,23,1634,-1611
110000195,483,423,60
110000196,452,426,26
110000197,162,216,-54
110000198,156,133,23
110000199,124,191,-67
110000200,1559,724,835
110000201,1004,1157,-153
110000202,1496,664,832
110000203,958,1050,-92
110000204,11,343,-332
110000205,96,69,27
110000206,833,1792,-959
110000207,962,469,493
110000208,269,191,78
110000209,198,1017,-819
110000210,979,681,298
110000211,967,730,237
110000212,387,1343,-956
110000213,225,107,118
110000214,303,166,137
110000215,234,497,-263
110000216,153,518,-365
110000217,352,222,130
110000218,172,550,-378
110000219,363,106,257
110000220,78,393,-315
110000221,354,122,232
110000222,66,258,-192
110000223,10,139,-129
110000224,58,10,48
110000225,364,872,-508
110000226,243,77,166
110000227,751,765,-14
110000228,323,276,47
110000229,2,334,-332
110000230,699,678,21
110000231,173,271,-98
110000232,214,187,27
110000233,215,331,-116
110000234,1218,622,596
110000235,1064,1244,-180
110000236,658,919,-261
110000237,2263,1298,965
110000238,1421,1617,-196
110000239,2140,1479,661
110000240,3,111,-108
110000242,0,19,-19
110000243,141,227,-86
110000244,217,427,-210
110000245,36,460,-424
110000246,956,696,260
110000247,1630,5824,-4194
110000248,3281,1904,1377
110000249,106,11,95
110000250,61,254,-193
110000251,454,647,-193
110000252,517,283,234
110000253,1671,859,812
110000254,781,1538,-757
110000255,302,1222,-920
110000256,546,434,112
110000257,898,511,387
110000258,12,478,-466
110000259,140,30,110
110000260,28,382,-354
110000263,826,147,679
110000264,331,689,-358
110000265,1142,2247,-1105
110000266,2773,3564,-791
110000267,24,372,-348
110000268,439,654,-215
110000269,5,119,-114
110000270,85,6,79
110000271,1730,356,1374
110000272,1283,1302,-19
110000273,5278,2050,3228
110000274,259,1732,-1473
110000275,2288,560,1728
110000276,262,435,-173
110000277,317,435,-118
110000278,364,851,-487
110000279,887,851,36
110000280,570,468,102
110000281,33,315,-282
110000282,392,47,345
110000283,83,164,-81
110000284,94,59,35
110000285,5,541,-536
110000286,34,1,33
110000287,105,8,97
110000288,5,111,-106
110000289,470,1883,-1413
110000290,1087,765,322
110000291,5751,1705,4046
110000292,1617,4994,-3377
110000293,771,1039,-268
110000294,969,1449,-480
110000295,259,1141,-882
110000296,735,483,252
110000297,3446,437,3009
110000298,251,634,-383
110000299,646,155,491
110000301,348,40,308
110000302,213,1210,-997
110000303,598,8,590
110000304,94,281,-187
110000305,1415,20,1395
110000306,183,1548,-1365
110000307,1785,9,1776
110000308,778,10,768
110000309,9,1005,-996
110000310,774,56,718
110000311,18,817,-799
110000312,452,113,339
110000313,3954,4021,-67
110000314,9,340,-331
110000315,4714,3113,1601
110000316,632,1548,-916
110000317,573,390,183
110000318,11,89,-78
110000319,22,37,-15
110000320,69,37,32
110000321,33,65,-32
110000322,391,507,-116
110000323,461,277,184
110000324,4048,1694,2354
110000325,3785,3363,422
110000327,749,366,383
110000328,254,494,-240
110000333,937,762,175
110000334,1105,1598,-493
110000335,1250,712,538
110000336,890,1328,-438
110000337,1536,726,810
110000338,554,325,229
110000339,532,342,190
110000340,90,234,-144
110000341,650,607,43
110000342,774,5,769
110000343,0,24,-24
110000344,76,175,-99
110000345,360,115,245
110000346,3300,2038,1262
110000347,1254,1037,217
110000348,38,21,17
110000349,29,40,-11
110000350,60,6,54
110000351,1140,984,156
110000352,745,1818,-1073
110000353,2572,843,1729
110000354,1402,3197,-1795
110000355,149,119,30
110000356,704,7,697
110000357,505,25,480
110000361,45,73,-28
110000362,82,104,-22
110000363,469,125,344
110000364,233,378,-145
110000365,200,4,196
110000366,1,123,-122
110000367,471,269,202
110000368,2,95,-93
110000369,65,3,62
110000373,9,384,-375
110000374,305,10,295
110000375,143,1116,-973
110000376,27,120,-93
110000377,76,513,-437
110000378,45,476,-431
110000379,3343,1782,1561
110000380,108,25,83
110000383,5,1059,-1054
110000384,2221,693,1528
110000385,3,366,-363
110000387,99,8,91
110000388,48,264,-216
110000389,879,7,872
110000391,575,465,110
110000396,189,158,31
110000397,171,287,-116
110000398,3,34,-31
110000399,148,1,147
110000587,140,66,74
110000589,231,187,44
110000640,258,79,179
110000652,80,236,-156
110000653,275,512,-237
110000654,82,86,-4
110000656,1,916,-915
110000674,56,31,25
110000675,51,22,29
110000676,15,42,-27
110000679,387,1462,-1075
110000682,165,234,-69
110000683,366,640,-274
110000684,8,82,-74
110000685,10,20,-10
110000686,8,41,-33
110000687,66,10,56
110000688,79,959,-880
110000689,27,60,-33
110000692,153,213,-60
110000693,67,319,-252
110000694,0,208,-208
110000695,264,700,-436
110000696,84,115,-31
110900001,274,11,263
110900002,611,268,343
110900003,847,936,-89
110900004,554,315,239
110900005,3742,2255,1487
110900006,22,9,13
110900007,106,53,53
110900008,36,23,13
110900009,507,130,377
110900010,25,77,-52
110900011,13,112,-99
110900012,12,124,-112
110900013,1112,187,925
110900014,181,9,172
110900015,574,673,-99
110900016,51,159,-108
110900017,473,43,430
110900018,580,62,518
110900019,208,21,187
110900020,125,440,-315
110900021,91,718,-627
110900022,120,369,-249
110900023,140,649,-509
110900024,20,530,-510
110900025,14,89,-75
110900027,37,362,-325
110900028,51,248,-197
110900029,39,408,-369
110900030,49,414,-365
110900031,5,215,-210
110900032,2,108,-106
110900033,78,371,-293
110900035,31,533,-502
110900036,77,41,36
110900037,76,30,46
110900038,1420,243,1177
110900039,2,363,-361
110900040,292,51,241
110900041,10,122,-112
110900042,208,50,158
110900043,8,170,-162
110900044,332,17,315
110900045,39,628,-589
110900046,48,342,-294
110900047,699,298,401
110900049,111,89,22
110900050,39,10,29
110900051,40,286,-246
110900052,3,236,-233
110900053,88,27,61
110900054,26,306,-280
110900055,27,5,22
110900056,48,129,-81
110900057,7,136,-129
110900058,286,252,34
110900059,759,716,43
110900060,529,183,346
110900061,28,41,-13
110900062,185,263,-78
110900063,34,127,-93
110900064,10,0,10
110900065,334,156,178
110900066,16,84,-68
110900067,391,739,-348
110900068,210,331,-121
110900069,24,31,-7
110900070,166,61,105
110900071,277,732,-455
110900073,0,42,-42
110900074,368,138,230
110900075,530,101,429
110900077,821,626,195
110900078,48,90,-42
110900079,2792,1650,1142
110900080,121,81,40
110900081,3,68,-65
110900082,172,122,50
110900083,162,78,84
110900084,54,143,-89
110900085,63,460,-397
110900086,67,330,-263
110900087,384,83,301
110900088,20,2,18
110900090,50,58,-8
110900091,0,59,-59
110900093,291,123,168
110900095,53,67,-14
110900097,19,30,-11
110900098,39,112,-73
110900099,59,541,-482
110900100,0,42,-42
110900102,80,46,34
110900105,944,362,582
110900108,7,100,-93
110900111,558,168,390
110900112,910,8,902
110900113,575,58,517
110900115,10,77,-67
110900116,888,2375,-1487
110900118,130,2819,-2689
110900119,5189,553,4636
110900120,22,95,-73
110900121,165,0,165
110900122,457,212,245
110900125,394,445,-51
110900127,1010,1556,-546
110900128,272,374,-102
110900129,563,903,-340
110900130,1407,575,832
110900131,306,73,233
110900132,368,85,283
110900133,175,272,-97
110900135,175,518,-343
110900136,379,22,357
110900137,84,0,84
110900138,1316,382,934
110900139,18,63,-45
110900140,100,10,90
110900141,5,115,-110
110900142,76,234,-158
110900143,194,80,114
110900144,4,847,-843
110900145,162,50,112
110900146,488,179,309
110900147,160,397,-237
110900148,2,406,-404
110900149,15,95,-80
110900150,74,37,37
110900151,5,96,-91
110900152,41,239,-198
110900153,130,38,92
111000001,494,282,212
111000002,461,688,-227
111000003,1209,944,265
111000004,556,1262,-706
111000005,2091,1662,429
111000006,1307,2184,-877
111000007,5425,4126,1299
111000008,3055,4646,-1591
111000009,324,1040,-716
111000010,1017,300,717
111000011,283,1076,-793
111000012,664,359,305
111000013,369,814,-445
111000014,1010,611,399
111000017,154,1033,-879
111000018,274,476,-202
111000020,1235,3149,-1914
111000021,100,118,-18
111000023,91,101,-10
111000025,6075,4255,1820
111000029,59,169,-110
111000030,56,133,-77
111000031,2460,1517,943
111000032,559,399,160
111000033,367,367,0
111000034,326,211,115
111000037,2466,1408,1058
111000038,5150,3352,1798
111000039,2571,3205,-634
111000040,2378,3318,-940
111000041,2391,2363,28
111000042,4653,3610,1043
111000043,2232,3590,-1358
111000044,1895,1302,593
111000045,2680,2532,148
111000046,1754,1781,-27
111000047,2706,4252,-1546
111000049,656,736,-80
111000050,1776,1684,92
111000051,586,1345,-759
111000052,776,2155,-1379
111000053,510,1160,-650
111000054,396,1145,-749
111000055,1306,2365,-1059
111000056,138,765,-627
111000057,88,708,-620
111000058,357,107,250
111000059,417,340,77
111000060,4125,960,3165
111000061,660,444,216
111000062,849,327,522
111000063,2258,1117,1141
111000064,764,686,78
111000065,1284,1076,208
111000066,579,569,10
111000067,684,950,-266
111000068,740,1334,-594
111000069,2161,2607,-446
111000070,1058,1100,-42
111000071,153,789,-636
111000072,880,370,510
111000073,280,635,-355
111000074,1731,1971,-240
111000075,1346,874,472
111000076,604,675,-71
111000077,2116,1982,134
111000078,3658,2253,1405
111000079,1607,1002,605
111000080,666,814,-148
111000081,2039,4420,-2381
111000082,744,753,-9
111000084,858,601,257
111000085,997,1750,-753
111000086,2727,1389,1338
111000087,773,812,-39
111000088,6096,2715,3381
111000089,876,1046,-170
111000090,1117,1798,-681
111000091,1003,777,226
111000092,1401,1096,305
111000093,743,1177,-434
111000094,2233,1299,934
111000095,855,2684,-1829
111000096,2575,8746,-6171
111000097,5872,1811,4061
111000098,908,1565,-657
111000099,797,2595,-1798
111000100,442,2040,-1598
111000101,423,891,-468
111000102,303,769,-466
111000104,912,203,709
111000107,139,808,-669
111000109,858,301,557
111000110,1647,868,779
111000111,2439,571,1868
111000112,1894,679,1215
111000113,882,1508,-626
111000114,1845,3547,-1702
111000115,7272,1580,5692
111000116,1163,1271,-108
111000117,445,915,-470
111000118,1731,1096,635
111000119,1192,1531,-339
111000120,390,683,-293
111000121,250,781,-531
111000122,713,1564,-851
111000123,1375,3893,-2518
111000124,558,3752,-3194
111000125,228,1907,-1679
111000126,124,1100,-976
111000127,982,201,781
111000128,1855,393,1462
111000129,3039,572,2467
111000130,2184,838,1346
111000131,1894,687,1207
111000132,1537,915,622
111000133,200,201,-1
111000134,134,170,-36
111000135,94,188,-94
111000136,332,376,-44
111000138,16,11,5
111000140,1,3,-2
111000141,211,446,-235
111000142,16,126,-110
111000143,4,91,-87
111000144,35,167,-132
111000145,1723,17,1706
111000146,183,20,163
111000147,395,38,357
111000148,220,75,145
111000149,1,36,-35
111000150,34,10,24
111000151,5,22,-17
111000153,745,957,-212
111000154,929,205,724
111000155,117,233,-116
111000156,496,698,-202
111000157,278,1157,-879
111000158,1088,786,302
111000159,2948,848,2100
111000160,386,358,28
111000161,15,381,-366
111000162,51,228,-177
111000163,860,1185,-325
111000164,801,4323,-3522
111000165,1315,628,687
111000166,3003,550,2453
111000167,185,582,-397
111000168,322,554,-232
111000169,333,708,-375
111000170,674,486,188
111000171,541,982,-441
111000172,149,436,-287
111000173,391,771,-380
111000174,247,475,-228
111000175,54,348,-294
111000176,442,139,303
111000177,318,236,82
111000178,1336,290,1046
111000179,218,192,26
111000180,289,520,-231
111000181,1108,349,759
111000182,201,270,-69
111000183,486,408,78
111000184,413,301,112
111000185,480,657,-177
111000186,424,363,61
111000187,216,304,-88
111000188,193,442,-249
111000189,1342,731,611
111000190,233,473,-240
111000191,217,466,-249
111000192,297,639,-342
111000193,286,370,-84
111000194,43,380,-337
111000195,158,399,-241
111000196,71,214,-143
111000197,401,170,231
111000198,470,107,363
111000199,180,173,7
111000200,332,321,11
111000201,615,252,363
111000202,275,227,48
111000203,295,264,31
111000204,392,766,-374
111000213,229,497,-268
111000214,2007,1781,226
111000215,1260,1573,-313
111000217,1556,1335,221
111000218,1826,1489,337
111000219,506,273,233
111000220,2852,869,1983
111000221,1002,173,829
111000224,2,245,-243
111000225,253,47,206
111000226,210,4,206
111000227,34,7,27
111000228,30,383,-353
111000229,53,921,-868
111000230,568,688,-120
111000231,999,1182,-183
111000232,606,948,-342
111000233,999,947,52
111000234,207,568,-361
111000239,136,270,-134
111000240,53,247,-194
111000241,67,414,-347
111000242,233,107,126
111000243,146,751,-605
111000244,506,125,381
111000245,1081,676,405
111000246,552,590,-38
111000247,315,1045,-730
111000248,722,662,60
111000249,561,907,-346
111000250,38,143,-105
111000251,73,157,-84
111000253,15,21,-6
111000255,44,19,25
111000257,18,24,-6
111000260,71,1169,-1098
111000261,1395,132,1263
111000271,57,283,-226
111000273,5128,1969,3159
111000274,1430,2346,-916
111000275,137,64,73
111000276,322,2642,-2320
111000277,197,447,-250
111000278,733,331,402
111000291,998,5900,-4902
111000298,592,292,300
111000299,666,163,503
111000300,139,750,-611
111000302,307,105,202
111000303,94,271,-177
111000312,45,67,-22
111000315,1,26,-25
111000320,495,1038,-543
111000321,452,113,339
111000322,411,655,-244
111000323,187,34,153
111000324,404,368,36
111000325,48,127,-79
111000326,195,410,-215
111000327,377,538,-161
111000328,261,597,-336
111000329,0,34,-34
111000330,57,7,50
111000331,14,10,4
111000332,649,1680,-1031
111000334,429,1503,-1074
111000335,811,323,488
111000337,1296,628,668
111000338,79,176,-97
111000339,731,565,166
111000340,143,732,-589
111000341,1289,740,549
111000342,220,381,-161
111000344,1282,813,469
111000345,178,44,134
111000346,14,101,-87
111000347,133,8,125
111000350,104,122,-18
111000351,130,275,-145
111000352,186,111,75
111000353,154,294,-140
111000354,651,129,522
111000355,454,664,-210
111000358,190,1628,-1438
111000360,207,913,-706
111000361,154,395,-241
111000546,931,852,79
111000547,378,662,-284
111000548,165,361,-196
111000549,387,509,-122
111000550,99,900,-801
111000551,875,202,673
111000552,2122,119,2003
111000907,830,66,764
111000908,12,0,12
111000916,1902,427,1475
111000917,40,596,-556
111000918,207,1112,-905
111000920,490,16,474
111000921,2,262,-260
111000922,648,488,160
111000924,80,1053,-973
111000925,2091,2040,51
111000926,1114,1906,-792
111000927,3476,4850,-1374
111000928,5340,4496,844
111000929,1244,1442,-198
111000930,869,2929,-2060
111000931,2490,2929,-439
111000932,5244,3218,2026
111000933,3944,2602,1342
111000934,2484,4331,-1847
111000935,1614,1075,539
111000936,1116,2466,-1350
111000937,905,1570,-665
111000938,1688,1879,-191
111000939,488,60,428
111000940,465,151,314
111000941,422,533,-111
111000943,492,345,147
111000944,190,508,-318
111000945,80,1844,-1764
111001109,510,347,163
111001110,196,775,-579
111001111,54,6,48
111001112,143,2,141
111001113,2,225,-223
111001114,1463,90,1373
111001115,16,442,-426
111001116,6098,4058,2040
111001117,695,2839,-2144
111001120,117,321,-204
111001121,193,312,-119
111001122,29,420,-391
111900001,11,152,-141
111900002,27,827,-800
111900003,5,479,-474
111900004,59,200,-141
111900006,7,35,-28
111900007,123,7,116
111900008,181,5,176
111900009,212,313,-101
111900010,563,712,-149
111900012,87,178,-91
111900013,12,160,-148
111900014,7626,3936,3690
111900015,2,98,-96
111900016,3,172,-169
111900017,1,183,-182
111900018,233,9,224
111900019,9,193,-184
111900020,5,56,-51
111900021,47,146,-99
111900022,16,78,-62
111900023,126,100,26
111900024,0,94,-94
111900025,0,55,-55
111900026,3,129,-126
111900027,9,199,-190
111900028,1,475,-474
111900029,0,110,-110
111900030,67,437,-370
111900031,18,36,-18
111900032,1,406,-405
111900033,14,140,-126
111900034,351,450,-99
111900035,65,268,-203
111900036,4,404,-400
111900038,444,652,-208
111900039,85,480,-395
111900040,2,673,-671
111900042,44,157,-113
111900043,4,461,-457
111900044,391,341,50
111900046,87,267,-180
111900048,207,891,-684
111900049,52,309,-257
111900050,172,41,131
111900051,2,240,-238
111900052,500,608,-108
111900053,1662,1552,110
111900054,211,13,198
111900055,23,617,-594
111900056,251,365,-114
111900057,174,36,138
111900058,463,807,-344
111900059,1853,513,1340
111900060,443,2,441
111900061,11,345,-334
111900062,32,105,-73
111900063,372,285,87
111900064,127,294,-167
111900065,91,51,40
111900066,181,226,-45
111900067,1,382,-381
111900068,77,83,-6
111900069,77,31,46
111900070,152,165,-13
111900071,4,311,-307
111900072,54,37,17
111900073,799,178,621
111900074,20,195,-175
111900075,132,5,127
111900076,153,70,83
111900077,53,0,53
111900078,308,29,279
111900079,44,61,-17
111900080,289,279,10
111900081,762,237,525
111900082,118,29,89
111900083,125,22,103
111900084,130,13,117
111900085,31,131,-100
111900086,34,6,28
111900087,70,2,68
111900088,470,7,463
111900089,111,3,108
111900090,79,44,35
111900091,246,1,245
111900092,92,0,92
111900093,403,8,395
111900094,113,1,112
111900095,213,27,186
111900096,145,1,144
111900097,88,0,88
111900098,199,1,198
111900099,79,0,79
111900100,129,8,121
111900101,120,23,97
111900102,654,659,-5
111900103,115,84,31
111900104,167,108,59
111900105,452,478,-26
111900106,1927,92,1835
111900107,149,177,-28
111900108,204,202,2
111900109,733,511,222
111900110,2335,510,1825
111900111,265,192,73
111900112,738,2610,-1872
111900113,347,75,272
111900114,202,177,25
111900115,18,51,-33
111900118,298,149,149
111900119,390,201,189
111900122,135,82,53
111900123,18,35,-17
111900124,38,148,-110
111900125,610,39,571
111900126,374,3,371
111900127,5,870,-865
111900128,4,587,-583
111900129,317,2,315
111900130,272,36,236
111900131,505,2,503
111900132,34,1190,-1156
111900133,7,460,-453
111900134,12,329,-317
111900135,21,42,-21
111900136,113,172,-59
111900137,56,65,-9
111900138,36,78,-42
111900139,9,139,-130
111900140,88,27,61
111900141,66,22,44
111900142,84,44,40
111900143,19,232,-213
111900144,3,146,-143
111900145,3,571,-568
111900146,9,327,-318
111900147,233,672,-439
111900148,28,863,-835
111900149,12,387,-375
111900150,8,206,-198
111900151,1,48,-47
111900152,119,78,41
111900153,2271,479,1792
111900154,21,258,-237
111900155,87,104,-17
111900156,38,88,-50
111900157,116,32,84
111900158,509,66,443
111900159,292,12,280
111900160,284,2,282
111900161,207,0,207
111900162,73,186,-113
111900163,44,236,-192
111900164,182,85,97
111901113,515,297,218
111901114,188,375,-187
111901115,54,2,52
111901116,46,1,45
111901117,12,28,-16
111901118,88,198,-110
111901119,1076,85,991
111901120,138,226,-88
111901121,227,287,-60
111901122,4,560,-556
111901123,267,427,-160
111901124,155,4,151
111901125,297,49,248
111901126,194,75,119
111901127,761,666,95
111901128,12,131,-119
111901129,8,156,-148
111901130,5,194,-189
111901131,3,330,-327
111901132,88,17,71
111901133,60,3,57
111901134,94,8,86
111901135,22,18,4
111901136,29,92,-63
111901137,0,30,-30
111901138,276,52,224
111901139,22,36,-14
111901140,15,133,-118
111901141,6,183,-177
111901142,8,125,-117
111901143,0,87,-87
111901144,27,38,-11
112000001,2056,845,1211
112000002,803,3372,-2569
112000003,1445,1172,273
112000004,889,1436,-547
112000005,3684,3798,-114
112000006,3149,2875,274
112000007,3124,2156,968
112000008,2775,4342,-1567
112000009,4062,4321,-259
112000010,2975,3621,-646
112000011,2168,2326,-158
112000012,6172,4329,1843
112000013,7985,3905,4080
112000014,4962,1805,3157
112000015,7245,4191,3054
112000016,7490,1422,6068
112000017,3603,2839,764
112000024,3551,1701,1850
112000026,5287,6794,-1507
112000027,1044,683,361
112000028,1831,2137,-306
112000029,647,846,-199
112000030,227,156,71
112000031,1937,5067,-3130
112000032,593,90,503
112000033,3276,1832,1444
112000034,459,94,365
112000035,246,357,-111
112000036,1443,1016,427
112000037,1415,880,535
112000038,1523,1160,363
112000039,62,98,-36
112000040,161,294,-133
112000041,657,621,36
112000042,1575,503,1072
112000050,1387,2166,-779
112000051,1106,1250,-144
112000054,1965,2441,-476
112000057,528,492,36
112000058,549,835,-286
112000059,736,1081,-345
112000061,3878,2213,1665
112000062,2079,864,1215
112000063,1713,1965,-252
112000064,4893,6527,-1634
112000065,2673,3003,-330
112000066,4286,1602,2684
112000067,1065,801,264
112000068,3811,2428,1383
112000069,1124,2351,-1227
112000070,2447,1017,1430
112000071,1614,3427,-1813
112000072,3198,1189,2009
112000073,2351,2864,-513
112000074,2098,1367,731
112000075,1596,1386,210
112000076,4007,3424,583
112000077,657,716,-59
112000078,2034,761,1273
112000079,1683,1657,26
112000080,829,908,-79
112000081,1859,3066,-1207
112000082,1544,947,597
112000083,635,1650,-1015
112000084,1537,970,567
112000085,1486,1394,92
112000086,2323,1686,637
112000087,424,525,-101
112000088,769,704,65
112000089,354,442,-88
112000090,241,293,-52
112000091,711,1576,-865
112000092,2316,1559,757
112000093,1897,1441,456
112000094,719,1156,-437
112000095,764,1336,-572
112000096,637,835,-198
112000097,1495,714,781
112000098,1596,1708,-112
112000099,887,1719,-832
112000100,2077,1129,948
112000101,637,1481,-844
112000102,1304,680,624
112000103,476,1745,-1269
112000105,730,2314,-1584
112000106,2869,450,2419
112000107,27,306,-279
112000108,469,1957,-1488
112000109,164,114,50
112000110,1694,626,1068
112000111,1439,4395,-2956
112000112,5510,776,4734
112000113,1071,2323,-1252
112000114,3224,1287,1937
112000115,362,562,-200
112000116,1066,1536,-470
112000117,1305,1144,161
112000118,1263,1115,148
112000119,572,888,-316
112000120,85,462,-377
112000121,116,628,-512
112000122,275,214,61
112000123,751,248,503
112000124,297,98,199
112000125,204,284,-80
112000126,246,719,-473
112000127,3019,2448,571
112000128,1293,851,442
112000129,145,126,19
112000130,212,112,100
112000131,53,405,-352
112000132,125,344,-219
112000133,402,248,154
112000134,473,484,-11
112000135,1350,837,513
112000136,1240,1365,-125
112000137,2125,1776,349
112000138,2048,1433,615
112000139,1050,632,418
112000140,1214,1283,-69
112000141,963,333,630
112000142,167,719,-552
112000143,1270,282,988
112000144,373,1370,-997
112000145,2712,756,1956
112000146,773,2376,-1603
112000147,3018,2279,739
112000148,2160,2521,-361
112000149,516,800,-284
112000150,303,818,-515
112000151,314,521,-207
112000152,371,566,-195
112000153,221,354,-133
112000154,154,227,-73
112000155,176,87,89
112000157,890,713,177
112000158,353,789,-436
112000159,625,500,125
112000167,465,83,382
112000169,370,555,-185
112000173,1009,332,677
112000175,556,422,134
112000176,4319,2426,1893
112000177,846,234,612
112000178,178,481,-303
112000179,297,147,150
112000180,341,519,-178
112000181,1807,2791,-984
112000182,1328,2482,-1154
112000183,43,74,-31
112000184,355,532,-177
112000185,574,649,-75
112000187,6315,3805,2510
112000195,230,31,199
112000196,406,3,403
112000197,290,253,37
112000198,54,387,-333
112000199,195,1141,-946
112000202,463,1,462
112000216,69,334,-265
112000230,131,13,118
112000231,4,317,-313
112000256,100,272,-172
112000313,123,193,-70
112000314,81,32,49
112000337,446,754,-308
112000352,548,431,117
112000392,1888,1785,103
112000398,1368,1132,236
112000399,2110,2524,-414
112000400,1940,3735,-1795
112000401,3593,3077,516
112000402,3460,3292,168
112000403,2396,2991,-595
112000404,830,956,-126
112000405,2086,3422,-1336
112000406,4350,3293,1057
112000407,7638,9294,-1656
112000408,10326,8946,1380
112000409,2073,5836,-3763
112000410,517,287,230
112000411,5346,1961,3385
112000412,2024,768,1256
112000413,11285,5889,5396
112000414,133,98,35
112000415,113,54,59
112000416,2658,1659,999
112000417,249,78,171
112000421,59,158,-99
112000422,380,575,-195
112000424,2672,3121,-449
112000425,609,1074,-465
112000426,116,428,-312
112000427,2,9,-7
112000428,244,364,-120
112000429,2502,3242,-740
112000430,2554,3254,-700
112000431,77,157,-80
112000432,759,1586,-827
112000433,632,1099,-467
112000437,62,231,-169
112900001,54,0,54
112900002,499,1387,-888
112900003,48,448,-400
112900004,64,391,-327
112900005,220,253,-33
112900006,8,492,-484
112900007,40,285,-245
112900008,1,18,-17
112900009,559,176,383
112900010,466,1141,-675
112900011,240,336,-96
112900012,0,63,-63
112900013,1,196,-195
112900014,5,444,-439
112900015,556,996,-440
112900016,8,394,-386
112900017,57,259,-202
112900018,5,351,-346
112900019,84,200,-116
112900020,565,1554,-989
112900021,4,250,-246
112900022,6,96,-90
112900023,5,257,-252
112900024,43,266,-223
112900025,98,307,-209
112900026,6,301,-295
112900027,9,1310,-1301
112900028,37,180,-143
112900029,12,798,-786
112900030,195,264,-69
112900031,3,637,-634
112900032,236,314,-78
112900034,3,78,-75
112900035,6,504,-498
112900036,76,168,-92
112900037,169,178,-9
112900038,1025,295,730
112900039,48,354,-306
112900040,15,467,-452
112900041,1326,1586,-260
112900042,71,541,-470
112900043,58,81,-23
112900044,955,694,261
112900045,465,459,6
112900046,296,94,202
112900047,15,21,-6
112900049,244,123,121
112900050,61,641,-580
112900051,381,834,-453
112900052,11,1210,-1199
112900053,314,130,184
112900054,209,66,143
112900055,164,42,122
112900056,513,224,289
112900057,16,604,-588
112900058,387,427,-40
112900059,188,152,36
112900060,20,253,-233
112900061,99,151,-52
112900062,69,219,-150
112900063,128,14,114
112900064,313,295,18
112900065,52,24,28
112900066,417,224,193
112900067,581,245,336
112900068,45,56,-11
112900069,2184,852,1332
112900071,20,3,17
112900072,216,2266,-2050
112900073,311,139,172
112900074,114,279,-165
112900075,1958,945,1013
112900076,111,30,81
112900078,358,739,-381
112900079,362,36,326
112900080,65,1,64
112900081,48,252,-204
112900082,824,36,788
112900083,175,113,62
112900084,230,180,50
112900085,2,14,-12
112900086,70,1,69
112900087,875,249,626
112900088,163,14,149
112900089,1331,39,1292
112900090,79,26,53
112900091,266,3,263
112900092,186,263,-77
112900093,1573,32,1541
112900094,646,8,638
112900095,71,0,71
112900096,781,178,603
112900097,133,532,-399
112900098,179,4,175
112900099,986,56,930
112900100,49,3,46
112900101,357,1,356
112900102,134,11,123
112900103,207,9,198
112900104,73,1,72
112900105,22,0,22
112900106,667,200,467
112900107,9,0,9
112900108,28,1,27
112900109,143,2,141
112900110,1331,10,1321
112900111,930,31,899
112900112,379,3,376
112900113,0,7,-7
112900114,148,53,95
112900115,1322,4,1318
112900116,139,38,101
112900117,98,92,6
112900118,35,114,-79
112900119,194,2,192
112900120,1017,396,621
112900121,212,271,-59
112900122,13,161,-148
112900123,158,35,123
112900124,26,203,-177
112900125,98,611,-513
112900126,243,319,-76
112900127,453,140,313
112900128,398,973,-575
112900129,12,1354,-1342
112900130,380,141,239
112900131,88,285,-197
112900132,141,429,-288
112900133,53,1405,-1352
112900134,1,453,-452
112900135,111,77,34
112900136,0,44,-44
112900137,3,607,-604
112900138,8,438,-430
112900139,348,2113,-1765
112900140,0,68,-68
112900141,943,71,872
112900142,114,152,-38
112900143,72,738,-666
112900144,8,282,-274
112900145,31,790,-759
112900146,11,1325,-1314
112900147,4,2174,-2170
112900148,91,0,91
112900149,389,344,45
112900151,11,48,-37
112900152,4563,1379,3184
112900153,2605,2510,95
112900154,1,96,-95
112900155,323,31,292
112900156,378,1608,-1230
112900157,228,18,210
112900158,55,24,31
112900159,357,170,187
112900160,122,317,-195
112900161,158,75,83
112900162,36,29,7
112900163,126,51,75
112900164,34,206,-172
112900165,147,44,103
112900166,33,66,-33
112900167,6,55,-49
112900168,2,5,-3
112900169,12,12,0
112900170,92,114,-22
112900172,68,13,55
112900173,298,112,186
112900174,411,65,346
112900175,217,157,60
112900176,9,21,-12
112900177,179,69,110
112900178,900,3730,-2830
112900179,38,565,-527
112900180,2734,2150,584
112900181,586,6,580
112900182,61,1490,-1429
112900183,228,408,-180
112900184,472,513,-41
112900185,447,815,-368
112900186,1995,1211,784
112900187,158,555,-397
112900188,1267,455,812
112900189,9,57,-48
112900190,27,73,-46
112900192,779,777,2
112900193,1628,457,1171
112900194,68,164,-96
112900195,1112,73,1039
112900196,335,486,-151
112900197,320,557,-237
112900199,611,854,-243
112900200,604,383,221
112900201,133,147,-14
112900202,408,1087,-679
112900203,278,369,-91
112900204,1382,737,645
112900205,10,28,-18
112900206,33,93,-60
112900207,19,0,19
112900208,114,329,-215
112900209,666,538,128
112900210,1,60,-59
112900211,99,86,13
112900212,4,79,-75
112900213,23,11,12
112900214,40,11,29
112900215,13,202,-189
112900216,35,105,-70
112900217,5,77,-72
112900218,66,23,43
112900219,94,27,67
112900220,0,0,0
112900221,33,166,-133
112900222,0,31,-31
112900223,1200,45,1155
112900224,434,735,-301
112900225,593,572,21
112900226,403,529,-126
112900227,573,1574,-1001
112900228,72,70,2
112900229,226,51,175
112900230,9040,5373,3667
112900232,413,325,88
112900233,136,253,-117
112900234,17,174,-157
112900235,164,35,129
112900236,339,21,318
112900237,143,240,-97
112900238,9,68,-59
113000001,6328,5822,506
113000002,3779,4636,-857
113000003,2124,1939,185
113000004,2168,3108,-940
113000005,1963,1158,805
113000006,1324,1692,-368
113000007,2242,1359,883
113000008,2098,1984,114
113000009,1215,955,260
113000010,1336,1675,-339
113000011,958,1989,-1031
113000012,2085,1004,1081
113000013,1734,672,1062
113000014,2067,1819,248
113000015,849,269,580
113000016,372,773,-401
113000017,98,374,-276
113000018,500,68,432
113000019,314,320,-6
113000020,602,61,541
113000021,1472,569,903
113000022,784,1496,-712
113000025,127,365,-238
113000026,776,674,102
113000027,1191,781,410
113000028,1470,657,813
113000029,919,741,178
113000030,463,858,-395
113000031,273,373,-100
113000032,321,341,-20
113000033,428,509,-81
113000034,476,422,54
113000035,59,49,10
113000036,37,77,-40
113000037,76,56,20
113000038,31,95,-64
113000039,123,521,-398
113000040,68,81,-13
113000042,939,847,92
113000051,972,2810,-1838
113000052,2238,1354,884
113000053,426,498,-72
113000054,312,1135,-823
113000055,1328,713,615
113000056,964,1260,-296
113000058,810,1028,-218
113000059,1249,878,371
113000060,240,605,-365
113000061,589,1174,-585
113000062,1164,379,785
113000063,175,161,14
113000064,59,400,-341
113000065,213,1139,-926
113000066,862,117,745
113000067,2316,1769,547
113000068,443,1833,-1390
113000069,779,1565,-786
113000070,3097,1535,1562
113000071,441,813,-372
113000072,786,722,64
113000073,679,1945,-1266
113000074,1292,647,645
113000075,2240,929,1311
113000076,915,2186,-1271
113000077,1871,688,1183
113000078,1061,3053,-1992
113000079,1262,889,373
113000080,872,720,152
113000081,1094,1126,-32
113000082,1794,903,891
113000083,619,1167,-548
113000084,2100,1565,535
113000085,1160,942,218
113000086,1432,1407,25
113000087,1160,976,184
113000088,3011,1703,1308
113000089,1119,2141,-1022
113000090,308,715,-407
113000091,724,468,256
113000094,1613,270,1343
113000095,354,1056,-702
113000096,156,948,-792
113000097,1610,466,1144
113000098,180,53,127
113000099,1085,484,601
113000100,193,508,-315
113000101,502,721,-219
113000102,702,530,172
113000103,2474,851,1623
113000104,528,2353,-1825
113000105,1195,529,666
113000106,582,911,-329
113000107,867,823,44
113000108,880,1647,-767
113000109,689,2539,-1850
113000110,1688,518,1170
113000111,161,660,-499
113000112,320,329,-9
113000113,1804,386,1418
113000114,425,1852,-1427
113000116,900,395,505
113000117,971,210,761
113000118,155,829,-674
113000119,478,379,99
113000120,104,329,-225
113000121,950,998,-48
113000124,251,151,100
113000125,79,983,-904
113000127,3127,523,2604
113000128,568,844,-276
113000129,771,1161,-390
113000133,3376,2357,1019
113000134,5,1582,-1577
113000135,4393,5096,-703
113000137,2614,3851,-1237
113000139,552,267,285
113000140,157,305,-148
113000141,542,266,276
113000142,848,1464,-616
113000143,294,252,42
113000144,337,706,-369
113000145,92,244,-152
113000146,172,112,60
113000147,277,259,18
113000148,182,205,-23
113000149,136,215,-79
113000150,849,459,390
113000151,80,95,-15
113000152,44,124,-80
113000153,1806,805,1001
113000154,1008,2006,-998
113000155,327,664,-337
113000156,198,598,-400
113000157,359,1198,-839
113000158,826,242,584
113000159,1162,749,413
113000160,774,1552,-778
113000161,282,621,-339
113000162,828,587,241
113000163,137,57,80
113000164,24,144,-120
113000166,154,124,30
113000167,55,138,-83
113000168,73,144,-71
113000169,182,74,108
113000170,96,115,-19
113000171,62,119,-57
113000172,246,87,159
113000173,81,21,60
113000174,152,545,-393
113000175,494,153,341
113000176,668,226,442
113000177,211,489,-278
113000178,199,443,-244
113000179,388,273,115
113000180,856,1253,-397
113000181,1358,1136,222
113000182,234,588,-354
113000183,168,667,-499
113000184,18,192,-174
113000189,538,1014,-476
113000190,1472,791,681
113000192,2052,2440,-388
113000193,5641,1292,4349
113000194,2108,1486,622
113000195,3243,1017,2226
113000196,239,104,135
113000197,2327,1283,1044
113000198,108,427,-319
113000199,1936,404,1532
113000201,577,275,302
113000202,4512,2380,2132
113000203,315,240,75
113000204,2069,2389,-320
113000205,15,36,-21
113000206,12,62,-50
113000207,113,33,80
113000208,83,85,-2
113000209,17,32,-15
113000210,6,38,-32
113000211,163,203,-40
113000212,144,34,110
113000213,34,143,-109
113000214,191,339,-148
113000234,198,1253,-1055
113000410,273,266,7
113000411,3853,5503,-1650
113000412,8423,2985,5438
113000413,3706,3611,95
113000414,9503,17411,-7908
113000415,2921,4130,-1209
113000416,12716,5718,6998
113000417,4424,4522,-98
113000418,5571,4124,1447
113000419,2664,2732,-68
113000420,5286,7224,-1938
113000421,4491,7626,-3135
113000422,16001,14222,1779
113000423,2748,6324,-3576
113000424,4258,9528,-5270
113000425,10,84,-74
113000428,96,12,84
113000430,13,49,-36
113000432,2839,237,2602
113000433,147,1135,-988
113000434,39,169,-130
113000435,46,829,-783
113000436,42,1606,-1564
113000437,1119,23,1096
113000438,239,16,223
113000439,19,112,-93
113000440,134,30,104
113000441,194,253,-59
113000442,136,260,-124
113000443,273,241,32
113000444,199,269,-70
113000445,99,107,-8
113000446,22,89,-67
113000448,127,302,-175
113000449,244,909,-665
113000450,782,3078,-2296
113000451,1395,217,1178
113000452,419,545,-126
113000453,71,342,-271
113000454,1528,22,1506
113000455,12,294,-282
113000456,5995,3694,2301
113000468,2126,355,1771
113000469,168,188,-20
113000470,453,50,403
113000471,24,463,-439
113000472,147,417,-270
113000474,565,750,-185
113000475,1837,2224,-387
113000476,1507,2358,-851
113000477,3098,2459,639
113000478,4717,6599,-1882
113000479,107,250,-143
113000480,163,126,37
113000482,0,0,0
113000483,0,0,0
113000485,0,0,0
113000486,3,0,3
113000487,0,1,-1
113000488,0,0,0
113000489,2,0,2
113000490,0,1,-1
113000491,3,5,-2
113000492,1,6,-5
113000493,1,0,1
113000495,147,167,-20
113000496,67,82,-15
113000497,0,0,0
113000500,0,2,-2
113900001,3,298,-295
113900002,8,169,-161
113900003,1,141,-140
113900004,0,84,-84
113900005,1,100,-99
113900006,2,29,-27
113900007,206,15,191
113900008,78,1,77
113900009,255,1,254
113900010,214,2,212
113900011,79,3,76
113900012,48,2,46
113900013,603,2,601
113900014,623,2,621
113900015,0,78,-78
113900016,26,0,26
113900017,0,29,-29
113900018,623,265,358
113900019,180,56,124
113900020,150,2,148
113900022,17,0,17
113900023,36,1,35
113900024,54,61,-7
113900025,376,47,329
113900026,65,1,64
113900027,4,47,-43
113900028,31,502,-471
113900029,80,240,-160
113900030,286,0,286
113900031,18,0,18
113900032,37,0,37
113900033,53,97,-44
113900035,55,2,53
113900036,27,82,-55
113900037,186,491,-305
113900038,37,121,-84
113900039,232,13,219
113900040,11,10,1
113900041,6,5,1
113900042,82,67,15
113900043,198,203,-5
113900044,348,397,-49
113900045,104,5,99
113900046,360,688,-328
113900047,52,70,-18
113900048,302,162,140
113900049,798,418,380
113900050,293,511,-218
113900051,305,568,-263
113900052,214,198,16
113900053,1062,756,306
113900054,47,4,43
113900055,171,526,-355
113900056,25,116,-91
113900057,7,149,-142
113900058,113,213,-100
113900059,226,422,-196
113900060,124,194,-70
113900061,1346,339,1007
113900062,92,26,66
113900063,80,114,-34
113900064,24,164,-140
113900065,494,31,463
113900066,376,439,-63
113900067,182,306,-124
113900068,612,520,92
113900069,58,52,6
113900070,248,773,-525
113900071,62,35,27
113900072,114,239,-125
113900073,183,362,-179
113900074,105,306,-201
113900075,1474,1434,40
113900076,204,22,182
113900077,64,255,-191
113900078,34,43,-9
113900079,2,50,-48
113900080,784,291,493
113900081,117,340,-223
113900082,136,364,-228
113900083,343,632,-289
113900084,314,162,152
113900085,55,322,-267
113900086,12,12,0
113900087,109,258,-149
113900088,59,111,-52
113900089,544,65,479
113900090,741,535,206
113900091,49,15,34
113900092,45,136,-91
113900093,128,885,-757
113900094,549,605,-56
113900095,137,181,-44
113900096,336,111,225
113900097,89,118,-29
113900098,796,115,681
113900099,0,44,-44
113900100,1,5,-4
113900101,23,116,-93
113900102,209,200,9
113900103,417,349,68
113900104,130,238,-108
113900105,120,283,-163
113900106,1,84,-83
113900107,0,43,-43
113900108,279,375,-96
113900109,533,195,338
113900110,87,15,72
113900111,196,106,90
113900112,147,96,51
113900113,1181,702,479
113900114,2,118,-116
113900115,0,157,-157
113900116,142,196,-54
113900117,138,29,109
113900118,302,352,-50
113900119,259,592,-333
113900120,46,43,3
113900121,66,122,-56
113900122,494,2246,-1752
113900123,557,234,323
113900124,16,65,-49
113900125,1316,180,1136
113900126,161,69,92
113900127,526,863,-337
113900128,158,104,54
113900129,22,158,-136
113900130,2,53,-51
113900131,281,143,138
113900132,49,78,-29
113900133,27,78,-51
113900135,247,317,-70
113900136,163,100,63
113900137,427,269,158
113900138,79,218,-139
113900139,435,243,192
113900140,441,404,37
113900141,670,449,221
113900142,168,132,36
113900143,21,57,-36
113900144,382,300,82
113900145,606,271,335
113900146,173,70,103
113900148,226,454,-228
113900149,206,93,113
113900150,1066,906,160
113900151,472,294,178
113900152,38,55,-17
113900153,402,760,-358
113900154,4,194,-190
113900155,277,267,10
113900156,356,600,-244
113900157,61,287,-226
113900158,600,550,50
113900159,27,287,-260
113900160,672,677,-5
113900161,158,259,-101
113900162,793,1115,-322
113900163,373,319,54
113900164,316,85,231
113900165,885,678,207
113900166,369,254,115
113900167,317,50,267
113900168,174,177,-3
113900169,438,502,-64
113900171,290,121,169
113900172,10,227,-217
113900173,48,615,-567
113900174,646,810,-164
113900175,465,199,266
113900176,373,834,-461
113900177,393,264,129
113900178,363,210,153
113900179,12,549,-537
113900180,192,118,74
113900181,965,207,758
113900182,1069,1395,-326
113900183,64,97,-33
113900184,8,528,-520
113900185,165,105,60
113900186,35,59,-24
113900187,47,214,-167
113900188,32,240,-208
113900189,352,142,210
113900190,311,150,161
113900191,163,301,-138
113900192,14,669,-655
113900193,33,251,-218
113900194,1776,1383,393
113900195,302,523,-221
113900196,8,183,-175
113900197,0,232,-232
113900198,43,194,-151
113900199,195,1024,-829
113900200,27,427,-400
113900201,2,239,-237
113900202,38,400,-362
113900203,1,155,-154
113900204,54,606,-552
113900205,13,200,-187
113900206,6,181,-175
113900207,1,67,-66
113900208,0,66,-66
113900209,2,102,-100
113900210,723,1063,-340
113900211,290,63,227
113900212,265,581,-316
113900214,578,502,76
113900215,45,168,-123
113900216,88,1038,-950
113900217,62,331,-269
113900218,192,72,120
113900219,92,364,-272
113900220,169,105,64
113900221,533,291,242
113900222,261,599,-338
113900223,210,1176,-966
113900224,81,107,-26
113900225,630,398,232
113900226,425,144,281
113900227,444,283,161
113900228,378,590,-212
113900229,79,877,-798
113900230,6261,4174,2087
113900231,228,239,-11
113900232,145,153,-8
113900233,106,101,5
113900234,348,643,-295
113900235,89,29,60
113900236,153,381,-228
113900237,190,15,175
113900238,266,621,-355
113900239,67,102,-35
113900240,9,202,-193
113900241,169,90,79
113900242,50,183,-133
113900243,131,568,-437
113900244,435,268,167
113900245,1474,434,1040
113900246,27,27,0
113900247,193,520,-327
113900248,3674,2395,1279
113900249,1166,452,714
113900250,57,172,-115
113900251,724,211,513
113900252,687,31,656
113900253,881,85,796
113900254,1172,234,938
113900255,573,44,529
113900256,402,45,357
113900257,49,590,-541
113900258,32,511,-479
113900259,583,176,407
113900260,313,52,261
113900261,44,96,-52
113900262,159,716,-557
113900263,228,940,-712
113900264,7,549,-542
113900265,176,429,-253
113900266,55,221,-166
113900267,179,627,-448
113900268,363,612,-249
113900269,83,209,-126
113900270,451,988,-537
113900271,878,1541,-663
113900273,60,9,51
113900274,68,38,30
113900275,63,83,-20
113900276,5,205,-200
113900277,182,7,175
113900278,382,238,144
113900279,101,112,-11
113900280,1712,708,1004
113900281,862,1582,-720
113900282,1062,763,299
113900283,475,636,-161
113900284,1087,149,938
113900285,252,37,215
113900286,109,152,-43
113900287,56,121,-65
113900288,8,214,-206
113900289,1249,124,1125
113900290,369,255,114
113900291,195,283,-88
113900292,23,6,17
113900293,6,372,-366
113900294,576,34,542
113900295,547,451,96
113900296,2550,593,1957
113900297,3220,75,3145
113900298,37,2042,-2005
113900299,74,223,-149
113900300,6477,4234,2243
113900301,857,300,557
113900302,3010,1250,1760
113900303,712,427,285
113900304,2,189,-187
113900305,110,0,110
113900306,44,0,44
113900307,51,1,50
113900308,146,166,-20
113900309,3,842,-839
113900310,1,20,-19
113900311,2,0,2
113900312,208,276,-68
113900313,9,18,-9
114000001,1424,3758,-2334
114000002,335,394,-59
114000003,43,353,-310
114000004,130,171,-41
114000005,288,243,45
114000006,4232,2835,1397
114000007,965,1845,-880
114000008,1908,2249,-341
114000009,868,327,541
114000011,3060,3270,-210
114000012,3063,2367,696
114000013,1904,2057,-153
114000014,603,401,202
114000015,2526,645,1881
114000016,306,435,-129
114000017,81,178,-97
114000018,339,54,285
114000026,1911,1636,275
114000027,3254,2531,723
114000028,3064,3224,-160
114000038,338,162,176
114000039,115,84,31
114000040,92,382,-290
114000042,145,182,-37
114000043,83,151,-68
114000044,230,67,163
114000045,86,85,1
114000046,4474,5935,-1461
114000047,23,82,-59
114000048,93,52,41
114000049,2070,1988,82
114000050,2278,2659,-381
114000051,4241,2324,1917
114000052,6712,2091,4621
114000053,138,675,-537
114000054,270,1166,-896
114000055,529,42,487
114000056,1824,1066,758
114000057,7289,2695,4594
114000058,900,1986,-1086
114000059,505,402,103
114000060,833,1119,-286
114000061,4084,3182,902
114000062,3564,1842,1722
114000063,3833,2231,1602
114000064,8504,4447,4057
114000065,1977,2949,-972
114000066,449,679,-230
114000067,41,877,-836
114000068,594,766,-172
114000069,1353,700,653
114000070,2632,1952,680
114000071,938,704,234
114000072,500,337,163
114000073,15,101,-86
114000074,56,23,33
114000075,56,173,-117
114000076,16,162,-146
114000077,13,67,-54
114000078,376,946,-570
114000079,127,42,85
114000080,79,100,-21
114000081,69,114,-45
114000082,59,644,-585
114000083,92,416,-324
114000084,459,134,325
114000085,136,817,-681
114000086,266,591,-325
114000087,101,220,-119
114000088,45,50,-5
114000089,1153,564,589
114000090,1051,934,117
114000091,2233,1095,1138
114000092,1371,685,686
114000093,1511,964,547
114000094,380,385,-5
114000095,309,135,174
114000096,232,504,-272
114000097,161,969,-808
114000098,527,106,421
114000099,786,847,-61
114000100,1645,910,735
114000101,456,1186,-730
114000102,531,401,130
114000103,160,538,-378
114000104,18,402,-384
114000105,109,69,40
114000106,1132,1195,-63
114000107,411,169,242
114000108,1735,1493,242
114000109,549,1100,-551
114000110,800,1897,-1097
114000111,1878,859,1019
114000112,584,1965,-1381
114000113,1453,398,1055
114000114,1819,1719,100
114000115,2692,1137,1555
114000116,813,1692,-879
114000117,3136,595,2541
114000118,2590,579,2011
114000119,1835,538,1297
114000120,712,1072,-360
114000121,456,844,-388
114000122,418,272,146
114000123,2135,436,1699
114000124,941,331,610
114000125,999,1596,-597
114000126,1719,263,1456
114000127,223,232,-9
114000128,961,603,358
114000130,565,569,-4
114000131,287,110,177
114000132,806,813,-7
114000133,1343,1796,-453
114000134,86,215,-129
114000138,64,278,-214
114000139,582,311,271
114000144,1190,617,573
114000145,99,317,-218
114000146,131,358,-227
114000147,1638,1938,-300
114000148,2443,2107,336
114000149,483,352,131
114000150,886,831,55
114000151,978,1347,-369
114000152,186,41,145
114000153,1167,2586,-1419
114000154,1070,879,191
114000155,1449,2303,-854
114000156,979,636,343
114000157,336,1007,-671
114000158,2179,1105,1074
114000159,200,581,-381
114000160,141,419,-278
114000161,1716,3267,-1551
114000162,1269,2726,-1457
114000163,21,156,-135
114000165,722,317,405
114000166,1100,459,641
114000167,3889,1815,2074
114000168,927,897,30
114000169,2069,1222,847
114000170,1276,1271,5
114000171,1283,3666,-2383
114000174,292,719,-427
114000176,700,608,92
114000177,2562,1286,1276
114000178,64,69,-5
114000179,1292,785,507
114000180,568,1071,-503
114000181,2151,4003,-1852
114000182,4086,2942,1144
114000183,1097,1427,-330
114000184,5801,1527,4274
114000185,1230,1034,196
114000189,1267,143,1124
114000190,2614,347,2267
114000191,55,85,-30
114000192,426,2016,-1590
114000193,995,3886,-2891
114000194,1452,1198,254
114000195,164,47,117
114000196,0,319,-319
114000197,1359,72,1287
114000198,1006,445,561
114000199,2407,2017,390
114000200,737,2218,-1481
114000201,163,1047,-884
114000202,1187,731,456
114000203,566,823,-257
114000204,187,556,-369
114000205,264,1829,-1565
114000206,619,1321,-702
114000207,701,2442,-1741
114000208,529,3682,-3153
114000209,831,2947,-2116
114000210,343,1848,-1505
114000211,1053,1781,-728
114000212,854,788,66
114000213,1340,729,611
114000214,143,290,-147
114000215,252,113,139
114000216,1592,519,1073
114000217,374,311,63
114000218,101,384,-283
114000219,1253,276,977
114000220,35,947,-912
114000221,896,237,659
114000222,217,1145,-928
114000223,471,171,300
114000224,117,661,-544
114000225,267,811,-544
114000226,147,299,-152
114000227,1234,558,676
114000228,989,1071,-82
114000229,1319,1599,-280
114000230,1922,1590,332
114000231,1189,1518,-329
114000232,640,134,506
114000233,2112,172,1940
114000234,1160,1074,86
114000235,1060,1717,-657
114000236,0,558,-558
114000237,91,1168,-1077
114000238,126,214,-88
114000239,169,1518,-1349
114000240,945,941,4
114000241,359,1029,-670
114000242,1092,1118,-26
114000243,1454,976,478
114000244,584,534,50
114000245,399,851,-452
114000246,166,43,123
114000247,639,881,-242
114000248,1170,567,603
114000249,545,540,5
114000250,662,1045,-383
114000251,456,343,113
114000252,62,103,-41
114000253,51,158,-107
114000254,48,120,-72
114000255,635,459,176
114000256,2464,2439,25
114000257,551,1776,-1225
114000258,326,595,-269
114000259,64,283,-219
114000260,1,28,-27
114000261,73,45,28
114000262,209,205,4
114000263,9,1,8
114000264,1311,745,566
114000265,0,17,-17
114000267,5,1792,-1787
114000268,2,2120,-2118
114000270,169,2,167
114000271,598,128,470
114000283,1246,614,632
114000285,42,282,-240
114000288,47,367,-320
114000289,1459,138,1321
114000293,194,512,-318
114000294,178,402,-224
114000395,1685,64,1621
114000396,644,570,74
114000402,494,354,140
114000403,282,565,-283
114000405,179,582,-403
114000423,346,525,-179
114000424,554,227,327
114000425,839,528,311
114000426,348,1012,-664
114000427,57,92,-35
114000428,274,157,117
114000429,13,268,-255
114000432,86,123,-37
114000434,41,127,-86
114900001,867,1302,-435
114900002,683,117,566
114900003,773,1857,-1084
114900004,315,501,-186
114900005,716,1066,-350
114900006,95,83,12
114900007,340,28,312
114900008,231,137,94
114900010,2725,2239,486
114900011,202,144,58
114900013,294,115,179
114900015,73,484,-411
114900018,965,19,946
114900020,290,92,198
114900021,441,257,184
114900022,45,800,-755
114900024,389,206,183
114900025,613,289,324
114900026,49,156,-107
114900027,309,281,28
114900029,35,22,13
114900030,458,247,211
114900031,407,26,381
114900032,450,50,400
114900033,1450,865,585
114900034,73,279,-206
114900035,220,363,-143
114900036,307,865,-558
114900037,114,281,-167
114900038,235,708,-473
114900039,623,708,-85
114900040,111,209,-98
114900041,725,696,29
114900042,888,1058,-170
114900043,655,363,292
114900044,136,57,79
114900045,204,442,-238
114900046,72,157,-85
114900047,296,1999,-1703
114900048,157,351,-194
114900049,8,214,-206
114900050,65,556,-491
114900051,35,455,-420
114900052,82,280,-198
114900053,101,376,-275
114900054,62,235,-173
114900057,311,10,301
114900058,9,217,-208
114900059,82,50,32
114900060,1761,954,807
114900061,151,193,-42
114900062,331,467,-136
114900063,66,352,-286
114900064,1428,828,600
114900065,405,986,-581
114900067,57,560,-503
114900068,98,186,-88
114900069,296,160,136
114900070,595,436,159
114900072,14,389,-375
114900073,1,223,-222
114900074,661,906,-245
114900075,339,6,333
114900076,22,509,-487
114900080,2347,505,1842
114900082,4046,2224,1822
114900083,1572,1547,25
114900084,286,266,20
114900090,485,241,244
114900091,156,349,-193
114900095,389,160,229
114900096,617,917,-300
114900097,126,48,78
114900098,9,284,-275
114900099,363,13,350
115000001,7818,5519,2299
115000002,3873,4343,-470
115000003,6093,4701,1392
115000004,4326,6725,-2399
115000005,2134,2831,-697
115000006,1027,1759,-732
115000007,76,208,-132
115000008,497,566,-69
115000009,134,268,-134
115000010,283,170,113
115000013,97,158,-61
115000015,67,290,-223
115000016,266,335,-69
115000019,63,551,-488
115000020,205,1069,-864
115000021,460,546,-86
115000022,700,526,174
115000023,497,697,-200
115000024,1504,657,847
115000025,1027,807,220
115000026,175,635,-460
115000027,259,388,-129
115000028,334,1255,-921
115000029,626,177,449
115000030,1341,1525,-184
115000031,1556,551,1005
115000032,16,265,-249
115000033,165,40,125
115000034,150,1397,-1247
115000035,1303,70,1233
115000036,3,558,-555
115000037,740,18,722
115000038,48,173,-125
115000039,3698,3668,30
115000040,7094,3636,3458
115000041,1278,3625,-2347
115000042,1021,867,154
115000043,4209,2633,1576
115000044,4568,5062,-494
115000045,3225,2262,963
115000046,2292,2759,-467
115000047,2124,1797,327
115000048,1793,3144,-1351
115000049,2074,4436,-2362
115000050,3669,2249,1420
115000051,1827,2880,-1053
115000052,2893,2178,715
115000053,1929,1905,24
115000054,876,1567,-691
115000055,216,819,-603
115000056,314,849,-535
115000057,1017,1002,15
115000058,841,315,526
115000059,421,240,181
115000061,194,141,53
115000062,211,318,-107
115000063,376,322,54
115000064,357,199,158
115000065,60,464,-404
115000067,255,19,236
115000069,77,390,-313
115000070,43,1198,-1155
115000071,128,16,112
115000072,18,137,-119
115000073,1670,83,1587
115000075,90,86,4
115000076,3854,3830,24
115000077,2362,3113,-751
115000078,1415,1848,-433
115000079,1338,2359,-1021
115000080,3129,2837,292
115000081,592,1298,-706
115000082,4411,4235,176
115000083,2723,3133,-410
115000084,2499,1344,1155
115000085,963,1248,-285
115000086,1142,944,198
115000087,510,2007,-1497
115000088,1902,744,1158
115000089,1707,1479,228
115000090,641,861,-220
115000091,312,1180,-868
115000092,484,348,136
115000093,550,6,544
115000094,9123,6401,2722
115000095,5930,6593,-663
115000096,738,2133,-1395
115000097,890,980,-90
115000098,1145,942,203
115000099,2951,3995,-1044
115000100,1060,501,559
115000101,563,1950,-1387
115000102,450,301,149
115000103,411,927,-516
115000105,65,158,-93
115000106,673,422,251
115000107,222,641,-419
115000108,4120,2799,1321
115000109,5311,4893,418
115000110,2033,1762,271
115000111,1046,2299,-1253
115000112,1014,931,83
115000113,814,1231,-417
115000114,2353,1130,1223
115000116,5616,2902,2714
115000117,5459,4133,1326
115000118,2631,2159,472
115000119,2653,3239,-586
115000120,706,1401,-695
115000121,1804,1287,517
115000122,5341,2508,2833
115000123,2290,2919,-629
115000124,1043,976,67
115000125,517,784,-267
115000126,226,348,-122
115000127,499,196,303
115000128,664,961,-297
115000129,301,363,-62
115000130,513,1073,-560
115000131,910,389,521
115000132,313,459,-146
115000133,643,414,229
115000134,474,318,156
115000135,471,305,166
115000136,397,316,81
115000137,190,254,-64
115000138,287,332,-45
115000139,288,346,-58
115000140,311,281,30
115000141,186,360,-174
115000142,211,342,-131
115000143,710,663,47
115000144,576,110,466
115000145,279,539,-260
115000146,546,369,177
115000147,627,679,-52
115000148,341,1424,-1083
115000149,647,239,408
115000150,714,1341,-627
115000151,1268,594,674
115000152,782,1632,-850
115000153,1266,719,547
115000154,949,415,534
115000155,736,1303,-567
115000156,1312,867,445
115000157,1033,1094,-61
115000158,992,536,456
115000159,895,646,249
115000160,768,753,15
115000161,543,717,-174
115000162,815,859,-44
115000163,740,695,45
115000164,840,632,208
115000165,456,542,-86
115000167,226,80,146
115000168,662,439,223
115000169,695,417,278
115000170,214,168,46
115000171,309,242,67
115000172,1634,730,904
115000173,555,674,-119
115000174,748,414,334
115000175,559,164,395
115000176,233,83,150
115000177,208,165,43
115000178,30,317,-287
115000179,66,36,30
115000180,173,782,-609
115000181,749,231,518
115000182,910,472,438
115000183,391,1096,-705
115000186,753,361,392
115000187,242,900,-658
115000188,363,679,-316
115000189,259,551,-292
115000190,841,598,243
115000191,364,648,-284
115000194,231,238,-7
115000195,504,412,92
115000196,159,125,34
115000197,274,333,-59
115000198,361,229,132
115000199,434,271,163
115000200,405,142,263
115000201,155,452,-297
115000206,416,109,307
115000207,199,448,-249
115000208,559,885,-326
115000209,654,358,296
115000210,191,153,38
115000211,301,300,1
115000212,1869,348,1521
115000218,216,178,38
115000219,77,62,15
115000224,480,69,411
115000225,57,93,-36
115000229,284,182,102
115000230,166,511,-345
115000231,368,2142,-1774
115000232,1606,338,1268
115000233,180,260,-80
115000234,25,420,-395
115000241,91,310,-219
115000242,116,331,-215
115000243,49,278,-229
115000244,6,157,-151
115000246,45,33,12
115000247,56,34,22
115000248,38,30,8
115000249,68,29,39
115000250,297,49,248
115000251,327,164,163
115000252,101,227,-126
115000253,36,512,-476
115000258,344,206,138
115000259,396,206,190
115000261,29,42,-13
115000262,22,16,6
115000263,19,37,-18
115000264,34,43,-9
115000267,77,83,-6
115000268,55,174,-119
115000269,160,68,92
115000270,14,28,-14
115000272,98,247,-149
115000273,548,61,487
115000274,352,309,43
115000280,1889,175,1714
115000281,597,648,-51
115000282,1927,1050,877
115000284,306,207,99
115000296,1646,14,1632
115000297,224,126,98
115000298,119,496,-377
115000300,304,289,15
115000302,594,241,353
115000303,621,276,345
115000304,825,145,680
115000305,121,1011,-890
115000306,274,356,-82
115000307,153,185,-32
115000308,12,18,-6
115000310,1158,1104,54
115000311,925,1456,-531
115000313,139,776,-637
115000314,458,216,242
115000315,1034,390,644
115000316,83,181,-98
115000317,246,696,-450
115000318,1025,475,550
115000319,73,395,-322
115000320,18,405,-387
115000321,641,44,597
115000322,48,275,-227
115000449,373,184,189
115000557,55,1254,-1199
115000558,612,102,510
115000587,593,521,72
115000588,2325,3482,-1157
115000589,3542,2462,1080
115000590,1326,1669,-343
115000591,1977,788,1189
115000592,814,2060,-1246
115000593,1793,688,1105
115000594,1066,2178,-1112
115000609,100,153,-53
115000617,3111,4185,-1074
115000624,196,47,149
115000633,555,2407,-1852
115000634,3291,1130,2161
115000635,574,173,401
115000638,991,926,65
115000641,66,121,-55
115000642,416,349,67
115000643,131,593,-462
115000644,162,570,-408
115000646,1198,1983,-785
115000647,260,715,-455
115000648,1985,2451,-466
115000893,2970,1433,1537
115000894,210,1382,-1172
115000895,499,911,-412
115000896,1381,314,1067
115000897,655,197,458
115000898,1108,264,844
115000899,557,1232,-675
115000900,157,419,-262
115000901,114,175,-61
115000912,435,116,319
115000913,7,17,-10
115000915,12,0,12
115000916,5,0,5
115000917,0,19,-19
115000918,76,648,-572
115000919,5,4,1
115000920,37,73,-36
115000921,973,233,740
115000922,1175,792,383
115000923,432,847,-415
115000925,91,88,3
115000927,29,70,-41
115000933,134,144,-10
115900001,92,77,15
115900002,128,199,-71
115900003,198,144,54
115900004,0,61,-61
115900005,149,16,133
115900006,159,392,-233
115900008,52,14,38
115900009,85,347,-262
115900010,354,214,140
115900011,641,299,342
115900012,167,84,83
115900013,572,262,310
115900014,122,194,-72
115900015,229,108,121
115900016,106,45,61
115900017,14,7,7
115900018,156,98,58
115900019,871,32,839
115900020,75,2,73
115900021,1616,588,1028
115900022,1576,36,1540
115900023,38,3,35
115900025,24,160,-136
115900026,1148,354,794
115900027,2,355,-353
115900028,1001,93,908
115900029,34,448,-414
115900030,39,24,15
115900031,410,411,-1
115900032,685,904,-219
115900033,1,46,-45
115900034,42,504,-462
115900035,41,26,15
115900036,73,734,-661
115900037,88,548,-460
115900038,53,12,41
115900039,168,275,-107
115900041,618,692,-74
115900042,28,8,20
115900043,114,98,16
115900044,255,362,-107
115900046,276,288,-12
115900047,217,160,57
115900049,226,275,-49
115900051,3,47,-44
115900052,16,268,-252
115900053,325,284,41
115900054,203,87,116
115900055,15,155,-140
115900056,303,372,-69
115900057,62,12,50
115900058,34,85,-51
115900060,191,243,-52
115900061,251,4,247
115900062,145,405,-260
115900063,85,12,73
115900064,184,322,-138
115900065,137,152,-15
115900066,179,195,-16
115900067,8,749,-741
115900068,3828,772,3056
115900069,71,188,-117
115900070,244,240,4
115900071,2,592,-590
115900072,70,223,-153
115900073,98,84,14
115900074,6,375,-369
115900075,40,329,-289
115900076,15,85,-70
115900077,9,327,-318
115900078,104,173,-69
115900079,245,34,211
115900080,658,313,345
115900081,22,90,-68
115900082,246,253,-7
115900084,460,28,432
115900085,63,46,17
115900086,2112,736,1376
115900088,7,40,-33
115900089,296,744,-448
115900090,383,37,346
115900091,16,48,-32
115900092,43,248,-205
115900093,12,35,-23
115900094,8,456,-448
115900096,7,20,-13
115900097,13,514,-501
115900098,149,447,-298
115900099,98,93,5
115900100,13,720,-707
115900101,116,336,-220
115900102,68,86,-18
115900103,312,219,93
115900104,76,161,-85
115900105,295,787,-492
115900106,92,32,60
115900107,53,177,-124
115900108,125,57,68
115900109,81,554,-473
115900110,1,51,-50
115900111,6,144,-138
115900112,60,1229,-1169
115900113,78,46,32
115900114,9,157,-148
115900115,85,266,-181
115900116,126,1281,-1155
115900117,72,32,40
115900118,5,347,-342
115900119,164,179,-15
115900120,39,521,-482
115900121,170,352,-182
115900124,371,785,-414
115900125,311,56,255
115900126,883,131,752
115900127,779,89,690
115900128,20,135,-115
115900129,972,66,906
115900130,42,218,-176
115900131,415,52,363
115900132,614,10,604
115900134,424,21,403
115900135,568,1213,-645
115900137,46,1,45
115900139,172,192,-20
115900140,261,59,202
115900141,19,159,-140
115900142,43,93,-50
115900143,199,314,-115
115900144,89,277,-188
115900146,7,142,-135
115900147,290,260,30
115900148,51,23,28
115900149,105,27,78
115900150,94,59,35
115900151,20,79,-59
115900152,121,449,-328
115900153,107,277,-170
115900154,605,436,169
115900155,2,75,-73
115900156,801,1143,-342
115900157,164,646,-482
115900158,19,20,-1
115900159,170,307,-137
115900160,8,11,-3
115900161,116,402,-286
115900163,223,198,25
115900164,570,30,540
115900165,4,167,-163
115900166,233,257,-24
115900168,84,244,-160
115900171,165,550,-385
115900172,71,145,-74
115900173,287,220,67
115900174,375,267,108
115900175,146,245,-99
115900178,22,805,-783
115900179,229,15,214
115900180,58,217,-159
115900181,213,243,-30
115900182,467,281,186
115900183,259,132,127
115900184,2000,33,1967
115900187,15,153,-138
115900189,0,313,-313
115900190,842,1416,-574
115900191,39,556,-517
115900192,24,169,-145
115900193,231,120,111
115900194,826,99,727
115900195,789,2391,-1602
115900198,339,432,-93
115900199,212,341,-129
115900200,302,469,-167
115900201,601,520,81
115900202,1,68,-67
115900203,5,4,1
115900204,0,0,0
115900205,164,11,153
115900206,236,213,23
115900207,27,33,-6
115900208,208,244,-36
115900209,2,227,-225
115900210,5,198,-193
115900211,2,278,-276
115900212,157,273,-116
115900213,256,92,164
115900214,335,252,83
115900215,33,96,-63
115900216,7,143,-136
115900217,3,47,-44
115900218,5,45,-40
115900219,97,12,85
115900220,137,16,121
115900221,96,25,71
115900222,72,28,44
115900223,21,319,-298
115900224,1462,952,510
115900225,53,61,-8
115900226,28,41,-13
115900227,22,73,-51
115900228,26,48,-22
115900229,14,76,-62
115900230,66,168,-102
115900231,139,8,131
115900232,48,1,47
115900233,58,38,20
115900234,65,50,15
115900235,26,71,-45
115900236,86,58,28
115900237,12,38,-26
115900238,18,30,-12
115900239,30,43,-13
115900240,18,83,-65
115900241,255,175,80
115900242,284,339,-55
115900243,38,30,8
115900244,65,27,38
115900245,4,55,-51
115900246,16,9,7
115900247,36,8,28
115900248,13,8,5
115900249,8,23,-15
115900250,12,41,-29
115900251,1,9,-8
115900252,12,4,8
115900253,7,16,-9
115900254,23,18,5
115900255,8,23,-15
115900256,15,30,-15
115900257,9,10,-1
115900258,1,4,-3
115900259,3,3,0
115900260,8,0,8
115900261,17,2,15
115900262,2,2,0
115900263,6,2,4
115900264,25,9,16
115900265,3,4,-1
115900266,5,8,-3
115900267,8,14,-6
115900268,7,7,0
115900269,516,542,-26
115900270,407,552,-145
116000001,16441,6111,10330
116000002,5894,11374,-5480
116000003,2258,2083,175
116000004,2863,3869,-1006
116000005,3426,4564,-1138
116000006,3330,2524,806
116000007,4316,5906,-1590
116000008,4926,2820,2106
116000009,2611,3581,-970
116000010,2347,1806,541
116000011,1216,2664,-1448
116000012,1725,1312,413
116000013,13121,5693,7428
116000014,16208,11720,4488
116000015,529,1710,-1181
116000016,8232,4455,3777
116000017,39,852,-813
116000018,938,593,345
116000019,1076,395,681
116000020,781,1299,-518
116000021,534,388,146
116000022,383,474,-91
116000023,1280,985,295
116000024,921,1352,-431
116000025,949,809,140
116000026,2132,2929,-797
116000027,1002,795,207
116000028,489,836,-347
116000029,1044,893,151
116000030,929,438,491
116000031,320,418,-98
116000032,231,280,-49
116000033,230,306,-76
116000034,875,692,183
116000035,271,928,-657
116000036,2837,1879,958
116000037,1135,843,292
116000038,615,462,153
116000039,575,451,124
116000040,1221,327,894
116000041,419,564,-145
116000042,838,335,503
116000043,224,991,-767
116000045,2358,1986,372
116000046,1663,1978,-315
116000047,2196,2407,-211
116000048,2447,2143,304
116000049,1515,2952,-1437
116000050,1834,1792,42
116000051,7600,2819,4781
116000052,7084,6170,914
116000053,2335,1227,1108
116000054,802,3199,-2397
116000055,809,1415,-606
116000056,943,1317,-374
116000057,4094,2355,1739
116000058,4321,3510,811
116000059,4556,5971,-1415
116000060,2727,1201,1526
116000061,460,1050,-590
116000062,891,292,599
116000063,829,1188,-359
116000066,264,688,-424
116000067,361,566,-205
116000068,290,407,-117
116000069,358,528,-170
116000078,588,1374,-786
116000080,2204,1361,843
116000082,9,109,-100
116000083,1721,428,1293
116000084,3123,4946,-1823
116000085,2468,1994,474
116000086,2149,1507,642
116000087,1950,1676,274
116000088,836,1384,-548
116000089,178,118,60
116000090,116,181,-65
116000091,301,302,-1
116000093,1005,533,472
116000094,809,886,-77
116000095,834,646,188
116000096,988,1818,-830
116000097,1189,1604,-415
116000098,37,6870,-6833
116000099,7718,277,7441
116000100,247,38,209
116000101,1049,1302,-253
116000102,72,367,-295
116000103,502,336,166
116000104,291,2217,-1926
116000105,1287,260,1027
116000106,781,1029,-248
116000107,2814,488,2326
116000108,495,178,317
116000111,185,38,147
116000113,154,125,29
116000114,69,243,-174
116000115,429,128,301
116000116,439,847,-408
116000117,1660,2443,-783
116000118,1621,1823,-202
116000119,3718,2348,1370
116000120,3640,5612,-1972
116000121,992,601,391
116000122,1672,2566,-894
116000123,1120,586,534
116000124,409,1443,-1034
116000125,3097,928,2169
116000126,385,2176,-1791
116000127,1308,1780,-472
116000128,1836,1052,784
116000129,1321,251,1070
116000130,518,474,44
116000133,1057,1140,-83
116000134,2177,3442,-1265
116000135,2602,1691,911
116000136,1234,3079,-1845
116000137,1176,841,335
116000138,1218,685,533
116000139,2556,2405,151
116000140,213,298,-85
116000141,480,920,-440
116000142,3921,3667,254
116000143,2097,2111,-14
116000144,1646,2611,-965
116000145,1788,1548,240
116000146,561,321,240
116000147,353,160,193
116000148,547,652,-105
116000149,786,831,-45
116000151,644,787,-143
116000153,107,603,-496
116000155,269,410,-141
116000156,889,1585,-696
116000157,5,0,5
116000158,234,471,-237
116000159,0,0,0
116000160,16,94,-78
116000161,10,117,-107
116000162,145,103,42
116000163,38,10,28
116000164,17,21,-4
116000177,577,119,458
116000194,88,708,-620
116000195,1610,781,829
116000196,34,15,19
116000197,15,17,-2
116000198,3008,1438,1570
116000200,879,387,492
116000201,789,829,-40
116000202,15,367,-352
116000203,10,113,-103
116000204,18,85,-67
116000205,3,220,-217
116000206,2,114,-112
116000207,9,52,-43
116000233,258,737,-479
116000287,175,592,-417
116000288,347,348,-1
116000292,79,219,-140
116000296,21,109,-88
116000297,115,36,79
116000304,1061,8,1053
116000305,15,247,-232
116000346,243,164,79
116000352,161,50,111
116000354,58,17,41
116000357,37,54,-17
116000358,325,50,275
116000361,113,4,109
116000372,7444,4168,3276
116000381,133,1,132
116000388,1,55,-54
116000389,1230,746,484
116000445,370,683,-313
116000446,580,849,-269
116000447,15,594,-579
116000448,720,262,458
116000563,1709,1242,467
116000565,81,565,-484
116000568,64,404,-340
116000579,46,186,-140
116000584,27,21,6
116000585,23,23,0
116000586,152,142,10
116000587,390,632,-242
116000589,80,91,-11
116000590,141,84,57
116000591,157,296,-139
116000592,17,139,-122
116000593,0,11,-11
116000594,723,779,-56
116000595,853,288,565
116000596,98,4,94
116000597,439,92,347
116000598,25,234,-209
116000602,83,586,-503
116000605,320,218,102
116000606,83,215,-132
116000607,7,103,-96
116000609,275,1065,-790
116000611,147,622,-475
116000612,825,2329,-1504
116000613,610,298,312
116000614,477,798,-321
116000615,27,361,-334
116000616,53,89,-36
116000617,68,86,-18
116000618,6,156,-150
116000619,25,77,-52
116000620,129,107,22
116000621,71,152,-81
116000622,81,164,-83
116000624,161,118,43
116900001,308,233,75
116900002,278,4,274
116900003,36,79,-43
116900004,40,81,-41
116900005,322,92,230
116900006,104,199,-95
116900007,177,231,-54
116900008,522,453,69
116900009,28,10,18
116900010,6,1838,-1832
116900011,14,46,-32
116900012,198,236,-38
116900013,11,338,-327
116900014,90,363,-273
116900015,411,86,325
116900016,233,0,233
116900017,2,676,-674
116900018,88,89,-1
116900019,5,473,-468
116900020,785,1021,-236
116900023,67,26,41
116900024,661,82,579
116900025,1477,1353,124
116900026,258,857,-599
116900027,42,56,-14
116900028,9,162,-153
116900029,0,57,-57
116900031,5,10,-5
116900032,6,476,-470
116900033,17,11,6
116900034,26,72,-46
116900035,127,233,-106
116900036,5,104,-99
116900038,61,1,60
116900041,56,38,18
116900042,924,342,582
116900043,51,91,-40
116900045,311,90,221
116900047,51,172,-121
116900049,47,440,-393
116900050,225,585,-360
116900051,139,293,-154
116900052,229,94,135
116900055,1,19,-18
116900057,22,328,-306
116900058,37,526,-489
116900059,4,208,-204
116900060,255,291,-36
116900062,2,8,-6
116900064,114,948,-834
116900065,36,179,-143
116900067,127,129,-2
116900068,138,300,-162
116900070,19,3,16
116900072,29,557,-528
116900073,19,181,-162
116900074,12,69,-57
116900076,12,30,-18
116900077,13,202,-189
116900078,295,210,85
116900079,34,289,-255
116900080,18,45,-27
116900081,495,1635,-1140
116900082,646,1174,-528
116900083,84,50,34
116900084,193,78,115
116900085,56,219,-163
116900086,59,258,-199
116900088,560,140,420
116900090,241,79,162
116900091,300,65,235
116900092,101,911,-810
116900093,2209,2260,-51
116900094,6357,4086,2271
116900095,225,99,126
116900096,159,517,-358
116900097,4184,3312,872
116900098,344,191,153
116900099,1123,768,355
116900100,1004,64,940
116900101,497,724,-227
116900103,3,1,2
116900104,101,123,-22
116900105,393,201,192
116900106,2160,247,1913
116900107,5260,2982,2278
116900110,11,0,11
116900111,559,963,-404
116900112,263,1365,-1102
116900113,2847,1216,1631
116900116,129,557,-428
116900117,118,138,-20
116900118,882,793,89
116900120,421,117,304
116900121,156,35,121
116900122,1022,1251,-229
116900123,209,1131,-922
116900124,221,1231,-1010
116900125,464,230,234
116900126,228,771,-543
116900128,5,50,-45
116900129,0,445,-445
116900130,846,3864,-3018
116900131,140,462,-322
116900132,50,155,-105
116900133,149,191,-42
116900134,324,367,-43
116900136,358,277,81
116900137,371,235,136
116900138,279,277,2
116900139,211,528,-317
116900140,278,232,46
116900141,1046,578,468
116900142,2,79,-77
116900143,487,807,-320
116900144,46,106,-60
116900145,164,380,-216
116900147,764,460,304
116900148,13,69,-56
116900149,92,220,-128
116900150,13,6,7
116900151,594,209,385
116900153,139,83,56
116900154,820,697,123
116900155,141,96,45
116900157,593,391,202
116900158,226,370,-144
116900159,77,328,-251
116900160,1198,570,628
116900161,8349,6507,1842
116900162,12,157,-145
116900163,223,227,-4
116900164,177,71,106
116900165,315,167,148
116900166,54,90,-36
116900167,502,95,407
116900168,358,137,221
116900169,749,514,235
116900170,377,597,-220
116900171,91,262,-171
116900172,299,324,-25
116900173,233,63,170
116900174,79,62,17
116900175,251,257,-6
116900178,35,177,-142
116900179,165,309,-144
116900180,137,37,100
116900182,711,384,327
116900183,139,128,11
116900185,32,44,-12
116900186,82,319,-237
116900187,89,44,45
116900188,165,36,129
116900189,284,1,283
116900191,552,776,-224
116900192,301,210,91
116900194,181,1176,-995
116900195,47,35,12
116900196,21,114,-93
116900197,112,7,105
116900198,278,320,-42
116900200,68,46,22
116900201,145,12,133
116900202,164,71,93
116900203,239,4,235
116900204,52,134,-82
116900206,6,26,-20
116900207,24,54,-30
116900208,31,92,-61
116900209,18,155,-137
116900210,560,360,200
116900211,297,11,286
116900212,89,122,-33
116900213,251,160,91
116900214,220,255,-35
116900215,79,97,-18
116900216,351,317,34
116900218,8,305,-297
116900219,1927,547,1380
116900220,117,262,-145
116900221,74,500,-426
116900222,387,498,-111
116900223,98,419,-321
116900226,149,119,30
116900227,224,115,109
116900228,377,276,101
116900230,60,352,-292
116900231,36,499,-463
116900232,41,499,-458
116900233,288,130,158
116900234,29,14,15
116900235,250,540,-290
116900238,2117,519,1598
116900239,40,1549,-1509
116900240,7708,4093,3615
116900241,236,248,-12
116900242,426,645,-219
116900243,7,137,-130
116900245,35,24,11
116900246,211,17,194
116900247,719,11,708
116900248,121,44,77
116900249,501,181,320
116900250,435,80,355
116900251,547,604,-57
116900252,152,1075,-923
116900253,161,124,37
116900254,28,94,-66
116900255,130,58,72
116900256,427,178,249
116900257,24,614,-590
116900258,6,362,-356
116900259,159,6,153
116900260,8,185,-177
116900261,43,5,38
116900262,165,234,-69
116900263,0,24,-24
116900264,2,7,-5
116900265,43,1,42
116900266,10,49,-39
116900267,2,1,1
116900268,275,111,164
116900269,302,662,-360
116900271,2172,205,1967
116900272,435,425,10
116900273,177,67,110
116900274,120,106,14
116900275,243,162,81
116900276,294,137,157
116900277,802,24,778
116900278,3,10,-7
116900279,4,24,-20
116900280,29,52,-23
116900281,7868,4940,2928
116900282,6,177,-171
116900283,36,169,-133
116900284,37,328,-291
116900285,346,220,126
116900286,231,36,195
116900287,15,72,-57
116900288,87,145,-58
116900289,12,45,-33
116900290,1,43,-42
116900291,25,9,16
116900292,0,18,-18
116900293,45,77,-32
116900294,62,207,-145
116900295,117,21,96
116900296,49,39,10
116900297,4,61,-57
116900298,65,32,33
116900299,54,27,27
116900300,6,63,-57
116900301,30,80,-50
116900302,1791,1176,615
116900303,291,87,204
116900304,0,113,-113
116900305,22,92,-70
116900306,517,231,286
117000001,2099,2074,25
117000002,2614,6033,-3419
117000003,7950,3740,4210
117000004,5173,6559,-1386
117000005,2762,2282,480
117000006,1679,4053,-2374
117000007,3919,1311,2608
117000008,1511,4904,-3393
117000009,5729,2382,3347
117000010,3544,5194,-1650
117000011,2327,2039,288
117000012,1541,1774,-233
117000013,2081,1097,984
117000014,1626,2823,-1197
117000015,3650,1530,2120
117000016,431,134,297
117000017,359,129,230
117000018,375,817,-442
117000019,157,3,154
117000020,441,2014,-1573
117000021,2418,455,1963
117000022,621,133,488
117000023,373,162,211
117000024,534,250,284
117000025,688,1092,-404
117000026,3049,1194,1855
117000027,2468,2409,59
117000028,3928,911,3017
117000030,252,147,105
117000032,2112,1471,641
117000033,1914,1529,385
117000034,215,121,94
117000036,196,147,49
117000038,232,433,-201
117000039,44,81,-37
117000040,224,1442,-1218
117000041,979,227,752
117000044,16,983,-967
117000045,393,72,321
117000046,621,861,-240
117000047,1443,823,620
117000048,2699,1582,1117
117000049,250,893,-643
117000050,118,2354,-2236
117000051,2533,132,2401
117000052,50,457,-407
117000053,527,61,466
117000054,2642,17,2625
117000055,18,4380,-4362
117000056,800,45,755
117000057,693,2979,-2286
117000060,746,2058,-1312
117000061,1920,1143,777
117000062,370,850,-480
117000063,2011,998,1013
117000064,999,1132,-133
117000066,1896,1194,702
117000067,143,594,-451
117000074,247,244,3
117000076,71,49,22
117000077,236,235,1
117000078,164,881,-717
117000079,435,293,142
117000080,0,402,-402
117000081,1006,158,848
117000082,8,65,-57
117000083,148,7,141
117000084,285,1,284
117000085,351,891,-540
117000086,973,618,355
117000087,118,595,-477
117000088,278,208,70
117000089,1744,386,1358
117000090,388,1640,-1252
117000091,997,374,623
117000092,501,1763,-1262
117000093,1301,842,459
117000094,1680,3881,-2201
117000095,4038,1156,2882
117000096,705,3075,-2370
117000097,1520,1440,80
117000098,3220,6180,-2960
117000099,3671,1512,2159
117000100,169,299,-130
117000101,215,1501,-1286
117000102,1768,836,932
117000103,816,2226,-1410
117000104,1344,800,544
117000105,1098,2086,-988
117000106,1184,1006,178
117000107,696,2524,-1828
117000108,1751,1011,740
117000109,2146,3463,-1317
117000110,1566,1279,287
117000111,4387,5337,-950
117000112,4240,2321,1919
117000113,131,383,-252
117000114,256,169,87
117000115,105,201,-96
117000116,160,316,-156
117000117,2304,1282,1022
117000118,344,211,133
117000119,439,244,195
117000120,376,469,-93
117000121,271,1220,-949
117000122,327,836,-509
117000123,1853,83,1770
117000124,1084,150,934
117000125,501,197,304
117000126,152,56,96
117000127,256,517,-261
117000128,627,1070,-443
117000129,249,79,170
117000130,250,2,248
117000131,0,93,-93
117000132,3194,54,3140
117000133,1657,169,1488
117000134,0,48,-48
117000135,3,60,-57
117000136,2,33,-31
117000137,101,98,3
117000138,2,844,-842
117000140,547,2115,-1568
117000141,1943,711,1232
117000181,944,454,490
117000182,402,589,-187
117000195,232,1470,-1238
117000196,287,118,169
117000225,118,22,96
117000226,44,154,-110
117000276,261,19,242
117000277,4,457,-453
117000310,2093,2853,-760
117000315,61,840,-779
117000320,68,0,68
117000906,275,14,261
117000907,18,437,-419
117000908,47,49,-2
117000909,71,60,11
117000910,220,178,42
117000911,133,241,-108
117000915,11,736,-725
117000916,78,56,22
117000917,1408,58,1350
117000918,89,126,-37
117000919,13,181,-168
117000920,4,1813,-1809
117000921,6,1688,-1682
117000922,54,141,-87
117000924,738,845,-107
117000926,1102,97,1005
117000927,2578,1150,1428
117000928,1,165,-164
117000929,239,423,-184
117000930,172,25,147
117000931,1034,172,862
117900002,126,513,-387
117900003,1115,547,568
117900005,15,29,-14
117900006,0,42,-42
117900007,218,162,56
117900008,0,28,-28
117900010,307,149,158
117900011,38,83,-45
117900012,87,155,-68
117900013,1,244,-243
117900014,384,135,249
117900015,9,93,-84
117900016,1512,1031,481
117900017,920,341,579
117900018,188,100,88
117900019,533,337,196
117900020,75,400,-325
117900021,47,98,-51
117900022,39,21,18
117900023,878,375,503
117900024,92,93,-1
117900025,36,14,22
117900026,463,394,69
117900028,58,9,49
117900029,363,888,-525
117900030,441,326,115
117900031,392,151,241
117900032,912,582,330
117900033,296,781,-485
117900034,22,28,-6
117900035,220,88,132
117900036,267,504,-237
117900037,141,147,-6
117900038,38,457,-419
117900039,9,86,-77
117900040,129,624,-495
117900041,16,74,-58
117900042,4936,538,4398
117900043,58,66,-8
117900044,15,3322,-3307
117900045,171,165,6
117900048,416,428,-12
117900049,311,510,-199
117900050,20,52,-32
117900051,151,13,138
117900052,58,444,-386
117900053,1832,911,921
117900054,0,20,-20
117900055,293,235,58
117900056,478,12,466
117900057,1103,1558,-455
117900058,875,1181,-306
117900059,457,102,355
117900060,2085,6477,-4392
117900061,44,306,-262
117900063,389,213,176
117900065,792,1465,-673
117900066,13,103,-90
117900067,473,243,230
117900069,880,427,453
117900070,281,30,251
117900071,84,131,-47
117900073,475,399,76
117900074,241,41,200
117900075,90,119,-29
117900076,4,33,-29
117900077,460,221,239
117900078,379,855,-476
117900080,136,76,60
117900081,731,444,287
117900082,471,371,100
117900083,353,543,-190
117900086,142,43,99
117900087,239,64,175
117900088,4383,2543,1840
117900089,2318,752,1566
117900090,473,621,-148
117900091,153,264,-111
117900092,91,37,54
117900093,126,110,16
117900094,51,16,35
117900095,244,351,-107
117900096,119,327,-208
117900097,261,105,156
117900098,49,8,41
117900099,163,298,-135
117900100,204,1,203
117900101,549,1797,-1248
117900102,69,63,6
117900103,66,1,65
117900104,58,266,-208
117900105,167,281,-114
117900106,104,58,46
117900107,29,0,29
117900109,727,445,282
117900110,132,2,130
117900111,320,25,295
117900112,90,25,65
117900113,4570,1938,2632
117900114,46,0,46
117900115,435,88,347
117900116,1199,1127,72
117900117,739,602,137
117900118,64,0,64
117900119,139,262,-123
117900120,247,150,97
117900121,237,42,195
117900122,1743,3941,-2198
117900123,731,613,118
117900124,1102,988,114
117900125,2237,1949,288
117900126,300,687,-387
117900127,612,681,-69
117900128,506,945,-439
117900129,114,2,112
117900130,1193,514,679
117900131,6,172,-166
117900132,13,148,-135
117900133,7,182,-175
117900134,61,319,-258
117900135,54,287,-233
117900136,0,54,-54
117900137,124,428,-304
117900138,0,53,-53
117900139,102,131,-29
117900140,4321,323,3998
117900141,314,311,3
117900142,211,26,185
117900144,126,271,-145
117900145,54,26,28
117900146,263,196,67
117900147,63,77,-14
117900148,3189,1673,1516
117900149,108,243,-135
117900150,61,85,-24
117900151,34,123,-89
117900152,78,73,5
117900153,42,129,-87
117900154,442,665,-223
117900156,1199,963,236
117900157,118,683,-565
117900158,268,134,134
117900160,662,782,-120
117900161,3682,2954,728
117900162,324,511,-187
117900163,132,104,28
117900165,0,17,-17
117900166,172,446,-274
117900168,30,188,-158
117900169,1,137,-136
117900170,4,41,-37
117900171,3,28,-25
117900172,31,54,-23
117900173,176,94,82
117900174,44,90,-46
117900175,6,44,-38
117900176,13,33,-20
117900177,23,76,-53
117900178,146,56,90
117900180,267,61,206
117900181,195,352,-157
117900182,4,59,-55
117900183,53,209,-156
117900184,20,68,-48
117900185,29,80,-51
117900186,67,19,48
117900187,19,6,13
117900188,249,66,183
117900189,80,49,31
117900190,47,4,43
117900191,117,2,115
117900192,273,3,270
117900193,11,57,-46
117900194,9,10,-1
117900195,37,77,-40
117900196,22,33,-11
117900207,218,165,53
117900208,23,44,-21
117900209,166,232,-66
117900210,247,289,-42
117900211,24,282,-258
117900212,139,214,-75
117900213,50,28,22
117900214,10,22,-12
117900216,26,49,-23
117900217,78,419,-341
117900218,118,209,-91
117900219,11,127,-116
117900220,174,102,72
117900221,31,10,21
118000001,1144,870,274
118000002,1452,2675,-1223
118000003,2207,2720,-513
118000004,3491,2746,745
118000005,6893,6195,698
118000006,9851,11137,-1286
118000007,7668,3759,3909
118000008,5956,4207,1749
118000009,2862,4574,-1712
118000010,7612,5736,1876
118000011,1728,3153,-1425
118000012,1606,2948,-1342
118000013,3317,3400,-83
118000014,2664,3171,-507
118000016,258,468,-210
118000017,434,479,-45
118000018,571,656,-85
118000019,3346,1636,1710
118000020,2874,3543,-669
118000021,1054,3194,-2140
118000022,2854,1023,1831
118000023,1521,329,1192
118000024,2928,1479,1449
118000025,1904,1893,11
118000027,19000,12839,6161
118000029,1399,932,467
118000032,2038,4463,-2425
118000033,4357,5816,-1459
118000034,8376,3177,5199
118000035,2119,2890,-771
118000036,1434,1240,194
118000037,875,1089,-214
118000038,150,84,66
118000039,138,238,-100
118000040,2356,1605,751
118000041,2759,1646,1113
118000045,601,203,398
118000046,1888,486,1402
118000047,1465,1028,437
118000048,3628,1632,1996
118000051,3814,1120,2694
118000052,2755,705,2050
118000053,648,693,-45
118000054,2261,1679,582
118000055,1445,1707,-262
118000056,285,458,-173
118000057,303,410,-107
118000058,4556,2311,2245
118000059,2851,1214,1637
118000060,1131,779,352
118000061,1489,1696,-207
118000062,882,423,459
118000063,418,726,-308
118000064,992,1555,-563
118000065,5039,2025,3014
118000066,847,1627,-780
118000067,1227,963,264
118000068,2009,4860,-2851
118000069,3622,1450,2172
118000070,6691,2143,4548
118000071,3985,6875,-2890
118000072,2010,1271,739
118000073,3494,702,2792
118000074,950,396,554
118000075,1049,386,663
118000076,1517,2373,-856
118000077,1814,1605,209
118000078,2167,2410,-243
118000079,485,541,-56
118000080,1548,1119,429
118000081,1903,1191,712
118000082,437,1485,-1048
118000083,2358,2128,230
118000084,4034,2197,1837
118000086,399,702,-303
118000087,5434,3138,2296
118000088,1960,1772,188
118000089,4282,2470,1812
118000090,1750,3330,-1580
118000091,1548,2490,-942
118000092,1367,589,778
118000093,178,899,-721
118000096,663,760,-97
118000097,1009,686,323
118000098,361,274,87
118000099,637,954,-317
118000101,1228,349,879
118000102,430,1497,-1067
118000107,2637,648,1989
118000108,920,2594,-1674
118000110,1,26,-25
118000111,0,484,-484
118000112,726,1,725
118000113,6,808,-802
118000114,424,6,418
118000115,33,13,20
118000116,74,0,74
118000117,1490,955,535
118000118,1029,878,151
118000119,1032,1166,-134
118000120,2030,1626,404
118000121,138,674,-536
118000122,1809,440,1369
118000123,53,248,-195
118000125,1877,1322,555
118000126,930,1973,-1043
118000127,1785,762,1023
118000128,699,1403,-704
118000129,1090,322,768
118000130,3364,4733,-1369
118000131,633,902,-269
118000132,2669,1980,689
118000133,922,461,461
118000135,758,497,261
118000136,97,507,-410
118000137,633,108,525
118000138,437,778,-341
118000139,380,93,287
118000140,2965,4904,-1939
118000141,2315,2321,-6
118000142,1897,2035,-138
118000143,2062,1514,548
118000144,1505,1256,249
118000145,1708,2756,-1048
118000146,1338,1147,191
118000147,1119,2091,-972
118000148,968,1565,-597
118000149,1028,1100,-72
118000150,581,274,307
118000151,592,588,4
118000153,1460,1378,82
118000154,1904,2036,-132
118000155,1200,1493,-293
118000156,2904,3281,-377
118000157,657,397,260
118000158,171,507,-336
118000159,34,104,-70
118000160,607,516,91
118000161,567,1098,-531
118000162,2224,1011,1213
118000163,872,1008,-136
118000164,2341,1742,599
118000168,1762,805,957
118000169,1333,1587,-254
118000170,5097,6732,-1635
118000171,324,805,-481
118000172,137,386,-249
118000173,1153,1427,-274
118000175,332,366,-34
118000176,295,479,-184
118000177,309,589,-280
118000178,44,52,-8
118000179,1644,1227,417
118000180,999,812,187
118000181,1049,415,634
118000182,324,347,-23
118000183,261,323,-62
118000184,875,912,-37
118000185,1541,1301,240
118000186,1033,1257,-224
118000187,1364,899,465
118000188,711,227,484
118000189,874,1027,-153
118000190,24,12,12
118000191,32,32,0
118000192,127,136,-9
118000193,136,430,-294
118000194,1993,1241,752
118000195,958,861,97
118000196,425,218,207
118000197,1025,164,861
118000198,587,665,-78
118000199,818,415,403
118000200,125,325,-200
118000201,534,509,25
118000202,64,63,1
118000203,1269,620,649
118000204,197,412,-215
118000205,306,434,-128
118000206,288,212,76
118000207,0,85,-85
118000208,1493,2016,-523
118000209,3198,2341,857
118000210,69,59,10
118000211,54,53,1
118000213,1476,1254,222
118000214,812,666,146
118000215,294,251,43
118000216,2592,3712,-1120
118000217,21,146,-125
118000218,91,164,-73
118000219,573,358,215
118000220,11,33,-22
118000221,174,403,-229
118000222,61,8,53
118000223,28,44,-16
118000224,225,124,101
118000225,138,951,-813
118000226,1678,246,1432
118000227,1097,441,656
118000228,273,347,-74
118000229,272,71,201
118000230,191,272,-81
118000231,113,266,-153
118000232,904,1149,-245
118000233,1292,986,306
118000234,496,294,202
118000236,478,469,9
118000237,191,582,-391
118000238,323,258,65
118000239,315,353,-38
118000240,564,182,382
118000241,164,275,-111
118000242,551,861,-310
118000243,364,259,105
118000244,60,154,-94
118000246,0,30,-30
118000255,88,301,-213
118000256,137,230,-93
118000259,9,67,-58
118000260,306,124,182
118000261,36,113,-77
118000263,84,224,-140
118000266,258,388,-130
118000267,0,134,-134
118000268,388,5,383
118000270,130,50,80
118000271,159,319,-160
118000272,118,49,69
118000273,193,87,106
118000274,136,358,-222
118000276,497,420,77
118000295,8,119,-111
118000298,251,412,-161
118000299,86,191,-105
118000301,0,70,-70
118000302,128,119,9
118000311,475,139,336
118000312,292,259,33
118000313,63,212,-149
118000314,66,64,2
118000315,48,77,-29
118000316,728,531,197
118000325,139,114,25
118000326,56,60,-4
118000331,60,83,-23
118000332,22,56,-34
118000333,31,126,-95
118000335,331,1,330
118000336,0,381,-381
118000407,175,113,62
118000457,8,39,-31
118000465,5194,5117,77
118000480,31,157,-126
118000489,22,340,-318
118000490,52,349,-297
118000492,258,214,44
118000510,92,23,69
118000514,158,347,-189
118000515,803,913,-110
118000517,358,232,126
118000524,546,290,256
118000525,1186,925,261
118000530,29,151,-122
118000531,389,255,134
118000532,198,392,-194
118000533,514,164,350
118000534,938,609,329
118000535,298,151,147
118000536,1335,1941,-606
118000537,37,189,-152
118000538,31,97,-66
118000539,38,150,-112
118000540,396,236,160
118000541,233,101,132
118000542,159,234,-75
118000543,257,248,9
118000546,68,34,34
118000560,3746,2315,1431
118000562,44,296,-252
118000563,2121,1644,477
118000576,215,181,34
118000577,176,143,33
118000578,133,124,9
118000579,560,1164,-604
118000595,224,101,123
118000596,0,75,-75
118000597,102,88,14
118000598,16,0,16
118000599,50,57,-7
118000600,0,59,-59
118000601,12,0,12
118000602,0,35,-35
118000603,0,21,-21
118900001,966,1529,-563
118900002,1128,1208,-80
118900003,476,46,430
118900004,133,114,19
118900005,93,6,87
118900006,169,17,152
118900007,13,13,0
118900008,1821,71,1750
118900009,63,79,-16
118900010,89,13,76
118900011,178,29,149
118900012,510,199,311
118900013,494,167,327
118900015,213,57,156
118900016,11,28,-17
118900017,441,393,48
118900018,991,50,941
118900019,56,42,14
118900020,319,190,129
118900021,162,493,-331
118900022,189,143,46
118900023,204,142,62
118900024,121,193,-72
118900025,58,41,17
118900026,94,110,-16
118900027,433,311,122
118900028,150,219,-69
118900029,319,366,-47
118900030,327,172,155
118900031,210,95,115
118900032,223,243,-20
118900033,541,455,86
118900034,196,26,170
118900035,166,221,-55
118900036,1328,802,526
118900037,667,316,351
118900038,480,244,236
118900039,517,259,258
118900040,235,246,-11
118900041,617,178,439
118900042,208,137,71
118900045,285,208,77
118900046,994,313,681
118900047,522,247,275
118900048,297,243,54
118900049,78,53,25
118900050,19,127,-108
118900051,71,74,-3
118900052,363,244,119
118900053,69,102,-33
118900054,151,49,102
118900055,69,122,-53
118900056,30,353,-323
118900057,839,590,249
118900058,456,378,78
118900059,13,121,-108
118900060,119,118,1
118900062,457,237,220
118900064,926,581,345
118900065,71,207,-136
118900066,89,114,-25
118900067,6176,4289,1887
118900068,9,251,-242
118900069,398,257,141
118900071,12,97,-85
118900072,456,458,-2
118900073,127,153,-26
118900074,121,249,-128
118900075,135,147,-12
118900076,257,138,119
118900077,321,249,72
118900078,54,10,44
118900079,79,267,-188
118900080,45,212,-167
118900081,102,26,76
118900082,767,161,606
118900083,21,6,15
118900084,21,24,-3
118900085,722,1325,-603
118900086,39,76,-37
118900087,21,260,-239
118900088,0,26,-26
118900089,43,28,15
118900090,477,537,-60
118900091,242,226,16
118900092,135,153,-18
118900093,178,30,148
118900096,97,33,64
118900097,292,575,-283
118900099,101,333,-232
118900100,213,358,-145
118900101,234,722,-488
118900102,74,159,-85
118900103,67,148,-81
118900104,406,231,175
118900105,396,156,240
118900107,263,139,124
118900108,114,161,-47
118900109,1688,310,1378
118900110,1947,877,1070
118900111,482,726,-244
118900112,72,232,-160
118900113,136,639,-503
118900114,22,139,-117
118900115,199,515,-316
118900116,163,270,-107
118900117,123,223,-100
118900118,278,308,-30
118900119,117,282,-165
118900120,160,351,-191
118900121,41,268,-227
118900122,20,962,-942
118900123,147,272,-125
118900124,76,263,-187
118900126,24,507,-483
118900129,360,278,82
118900130,91,219,-128
118900131,99,283,-184
118900132,449,243,206
118900133,16,138,-122
118900135,256,364,-108
118900136,218,593,-375
118900137,10,54,-44
118900139,234,566,-332
118900140,298,728,-430
118900141,127,264,-137
118900144,135,511,-376
118900145,58,174,-116
118900146,374,758,-384
118900147,373,115,258
118900148,88,75,13
118900150,200,717,-517
118900152,810,987,-177
118900157,94,183,-89
118900158,124,115,9
118900159,2,255,-253
118900161,91,11,80
118900163,226,131,95
118900164,15,146,-131
118900165,67,261,-194
118900166,71,5,66
118900167,116,178,-62
118900168,16,233,-217
118900169,113,450,-337
118900170,195,181,14
118900171,22,71,-49
118900174,83,78,5
118900175,369,571,-202
118900176,201,300,-99
118900177,45,63,-18
118900178,130,272,-142
118900179,5,60,-55
118900181,70,91,-21
118900182,116,64,52
118900183,49,202,-153
118900184,341,123,218
118900185,124,139,-15
118900186,124,125,-1
118900187,329,357,-28
118900188,358,341,17
118900189,57,985,-928
118900190,14,444,-430
118900191,160,62,98
118900192,199,29,170
118900193,578,16,562
118900195,408,1083,-675
118900196,46,175,-129
118900197,162,52,110
118900198,18,19,-1
118900199,86,60,26
118900200,10,15,-5
118900201,16,20,-4
118900202,7,54,-47
118900203,8,38,-30
118900204,34,46,-12
118900205,3,27,-24
118900206,5,28,-23
119000001,1574,1879,-305
119000002,5211,3765,1446
119000003,3027,1559,1468
119000004,3045,1652,1393
119000005,1971,2371,-400
119000006,2760,1996,764
119000007,3781,3980,-199
119000008,2314,2515,-201
119000009,4332,4898,-566
119000010,8303,5211,3092
119000011,5702,3461,2241
119000012,4297,4653,-356
119000013,2632,1687,945
119000014,2864,4193,-1329
119000019,398,204,194
119000020,2082,1716,366
119000021,4685,2796,1889
119000022,3862,2965,897
119000023,266,326,-60
119000024,1986,10984,-8998
119000025,10364,1915,8449
119000026,162,398,-236
119000027,382,682,-300
119000028,2570,1462,1108
119000029,128,346,-218
119000030,542,1020,-478
119000031,844,826,18
119000032,2422,3227,-805
119000033,2595,1888,707
119000034,1393,1289,104
119000035,31,375,-344
119000036,1944,1066,878
119000037,1367,2299,-932
119000038,198,1341,-1143
119000039,351,392,-41
119000040,962,660,302
119000041,986,1355,-369
119000048,3883,4025,-142
119000049,1764,2992,-1228
119000050,1967,2355,-388
119000051,2228,1228,1000
119000052,2315,3544,-1229
119000053,2242,1567,675
119000054,3608,4211,-603
119000055,4560,4164,396
119000056,2615,2662,-47
119000057,1914,2661,-747
119000058,2399,2406,-7
119000059,1769,2042,-273
119000060,1759,1486,273
119000061,1175,970,205
119000062,1271,1583,-312
119000063,543,338,205
119000064,1355,1542,-187
119000065,2797,4235,-1438
119000066,2526,1302,1224
119000067,2142,2808,-666
119000068,1797,1177,620
119000069,1605,3052,-1447
119000070,2544,1206,1338
119000071,546,900,-354
119000072,7021,3941,3080
119000073,6127,7787,-1660
119000074,1539,3197,-1658
119000075,2166,2821,-655
119000076,488,985,-497
119000077,1231,617,614
119000078,564,223,341
119000079,194,803,-609
119000080,686,321,365
119000081,502,489,13
119000082,1142,313,829
119000083,560,584,-24
119000084,315,503,-188
119000085,669,269,400
119000086,327,593,-266
119000087,2005,1190,815
119000088,385,283,102
119000089,75,204,-129
119000090,127,190,-63
119000091,150,452,-302
119000092,548,246,302
119000093,4711,3382,1329
119000094,3141,6759,-3618
119000095,2103,3317,-1214
119000097,2697,2059,638
119000098,1012,2904,-1892
119000099,3219,2591,628
119000100,4065,3604,461
119000101,5410,2602,2808
119000102,1261,1301,-40
119000103,2346,699,1647
119000104,3518,1896,1622
119000105,1358,2096,-738
119000106,394,1829,-1435
119000107,939,541,398
119000108,483,1192,-709
119000109,272,472,-200
119000110,961,429,532
119000111,213,563,-350
119000112,308,152,156
119000113,3424,408,3016
119000114,1088,1137,-49
119000115,191,186,5
119000116,131,121,10
119000117,154,560,-406
119000118,3,5,-2
119000123,5696,1318,4378
119000124,718,252,466
119000125,3744,1059,2685
119000126,552,751,-199
119000127,650,752,-102
119000128,50,8,42
119000131,1053,966,87
119000132,3,6,-3
119000133,1,5,-4
119000134,2564,787,1777
119000135,126,219,-93
119000136,284,264,20
119000137,229,525,-296
119000138,461,384,77
119000139,241,399,-158
119000140,266,504,-238
119000284,1499,3502,-2003
119000285,2782,2932,-150
119000286,9639,7402,2237
119000287,1461,2934,-1473
119000288,2342,1897,445
119000289,2206,4004,-1798
119000290,239,549,-310
119000291,10,301,-291
119000293,138,147,-9
119000294,42,35,7
119000295,2139,599,1540
119000296,212,151,61
119000302,2818,1672,1146
119000303,42,188,-146
119000314,2029,11300,-9271
119000315,0,622,-622
119000316,84,108,-24
119000317,65,431,-366
119900001,350,1496,-1146
119900002,232,411,-179
119900003,106,1490,-1384
119900004,489,1277,-788
119900005,240,144,96
119900006,290,548,-258
119900007,1488,277,1211
119900008,103,56,47
119900009,830,924,-94
119900010,2311,1328,983
119900011,29,137,-108
119900012,27,96,-69
119900013,2131,1080,1051
119900014,819,352,467
119900015,150,46,104
119900016,51,123,-72
119900017,46,54,-8
119900018,2376,1075,1301
119900019,51,10,41
119900020,216,318,-102
119900021,194,96,98
119900022,186,739,-553
119900023,854,1419,-565
119900025,210,33,177
119900026,1047,196,851
119900027,30,52,-22
119900028,395,226,169
119900029,2,18,-16
119900030,743,655,88
119900031,103,400,-297
119900033,2842,413,2429
119900034,454,164,290
119900037,248,59,189
119900038,86,323,-237
119900039,56,16,40
119900040,383,20,363
119900041,128,68,60
119900042,117,219,-102
119900043,66,247,-181
119900044,308,863,-555
119900046,154,92,62
119900047,337,91,246
119900048,289,59,230
119900049,154,9,145
119900050,207,111,96
119900051,1119,25,1094
119900052,77,86,-9
119900053,211,231,-20
119900054,144,14,130
119900055,1582,626,956
119900057,259,167,92
119900058,274,3,271
119900059,218,93,125
119900060,312,47,265
119900061,448,19,429
119900062,81,54,27
119900063,23,76,-53
119900064,389,78,311
119900065,250,12,238
119900066,1,0,1
119900067,165,57,108
119900068,541,7,534
119900069,79,13,66
119900070,1474,56,1418
119900071,665,29,636
119900072,563,886,-323
119900073,2403,746,1657
119900074,83,33,50
119900075,6867,3285,3582
119900076,950,559,391
119900077,812,1478,-666
119900078,524,1097,-573
119900079,263,392,-129
119900080,470,409,61
119900081,40,100,-60
119900082,1702,549,1153
119900083,538,299,239
119900084,1046,408,638
119900085,88,119,-31
119900086,132,674,-542
119900087,925,428,497
119900088,53,93,-40
119900089,48,718,-670
119900090,212,84,128
119900091,103,1289,-1186
119900092,162,687,-525
119900093,1345,349,996
119900094,17,222,-205
119900095,244,139,105
119900096,60,230,-170
119900097,932,234,698
119900098,77,58,19
119900099,55,356,-301
119900100,3255,3452,-197
119900101,356,1344,-988
119900102,78,422,-344
119900103,68,589,-521
119900104,97,345,-248
119900105,1916,1758,158
119900106,23,214,-191
119900107,459,3787,-3328
119900108,2365,938,1427
119900109,53,266,-213
119900110,734,640,94
119900111,127,469,-342
119900112,2196,703,1493
119900113,144,461,-317
119900114,292,1522,-1230
119900115,370,1468,-1098
119900116,247,516,-269
119900117,378,1014,-636
119900118,103,1189,-1086
119900119,290,319,-29
119900120,833,874,-41
119900121,387,1431,-1044
119900122,672,495,177
119900123,233,525,-292
119900124,247,1147,-900
119900125,64,363,-299
119900126,5771,421,5350
119900127,3239,1488,1751
119900128,584,1195,-611
119900129,341,770,-429
119900130,38,351,-313
119900131,67,349,-282
119900132,10,311,-301
119900133,70,142,-72
119900134,2324,409,1915
119900135,2,512,-510
119900136,219,461,-242
119900138,521,685,-164
119900139,43,135,-92
119900140,0,150,-150
119900141,174,864,-690
119900142,20,59,-39
119900143,16,250,-234
119900144,2043,318,1725
119900145,116,275,-159
119900146,254,287,-33
119900147,6,187,-181
119900148,266,106,160
119900149,1809,4611,-2802
119900150,223,219,4
119900151,2339,1026,1313
119900152,171,488,-317
119900153,194,79,115
119900154,21,296,-275
119900155,56,59,-3
119900156,24,8,16
119900157,209,328,-119
119900158,186,122,64
119900159,7,1902,-1895
119900160,34,323,-289
119900161,164,300,-136
119900162,1004,1306,-302
119900163,182,212,-30
119900164,2,3,-1
119900165,192,309,-117
119900166,114,72,42
119900167,139,281,-142
119900168,1014,709,305
119900169,237,413,-176
119900170,251,358,-107
119900171,1338,720,618
119900172,251,34,217
119900173,26,609,-583
119900174,7,265,-258
119900175,1325,953,372
119900177,73,284,-211
119900178,10,199,-189
119900179,94,434,-340
119900180,1078,1131,-53
119900181,84,185,-101
119900182,29,616,-587
119900183,174,947,-773
119900184,3751,894,2857
119900185,54,209,-155
119900186,147,1090,-943
119900187,38,625,-587
119900188,119,579,-460
119900189,776,630,146
119900190,66,307,-241
119900191,375,228,147
119900192,118,267,-149
119900193,371,245,126
119900194,37,115,-78
119900195,87,342,-255
119900196,2206,734,1472
119900197,268,232,36
119900198,167,410,-243
119900199,180,27,153
119900200,839,874,-35
119900201,572,351,221
119900202,145,213,-68
119900203,263,636,-373
119900204,262,529,-267
119900205,808,755,53
119900206,232,189,43
119900208,242,215,27
119900209,536,1269,-733
119900210,40,48,-8
119900211,143,22,121
119900212,176,287,-111
119900213,17,94,-77
119900214,44,116,-72
119900215,84,123,-39
119900216,13,103,-90
119900217,10,83,-73
119900218,37,141,-104
119900219,22,178,-156
119900220,6,142,-136
119900221,44,472,-428
119900222,28,371,-343
119900223,43,119,-76
119900224,17,49,-32
119900225,1396,79,1317
119900226,836,2284,-1448
119900227,1422,527,895
119900228,148,400,-252
119900229,476,615,-139
119900230,2328,949,1379
119900231,250,258,-8
119900232,337,140,197
119900233,121,8,113
119900234,64,57,7
119900235,33,52,-19
119900236,35,325,-290
119900237,132,827,-695
119900238,5,80,-75
119900240,114,195,-81
119900241,224,404,-180
119900242,2068,2150,-82
119900244,1122,1960,-838
119900245,224,269,-45
119900246,400,760,-360
119900247,46,133,-87
119900248,103,209,-106
119900249,233,109,124
119900253,4294,615,3679
119900254,94,676,-582
119900255,164,717,-553
119900256,831,1401,-570
119900257,49,4,45
119900258,147,15,132
119900259,7,172,-165
119900260,137,16,121
119900261,288,197,91
119900262,4,333,-329
119900263,1248,547,701
119900264,154,261,-107
119900265,493,460,33
119900266,370,385,-15
119900267,304,748,-444
119900268,124,229,-105
119900269,1148,1602,-454
119900271,38,163,-125
119900272,449,182,267
119900275,122,27,95
119900276,49,13,36
119900277,32,36,-4
119900278,256,84,172
119900279,240,471,-231
119900280,909,278,631
119900281,1,234,-233
119900282,98,117,-19
119900283,16,414,-398
119900284,55,245,-190
119900285,46,142,-96
119900286,8,106,-98
119900288,4,38,-34
119900289,1,38,-37
119900290,8,43,-35
119900291,69,159,-90
119900292,36,53,-17
119900293,36,133,-97
119900294,34,150,-116
119900295,21,34,-13
119900296,57,352,-295
119900297,1,19,-18
119900298,26,11,15
119900299,106,256,-150
119900300,279,230,49
119900301,239,84,155
119900302,235,126,109
119900303,246,229,17
119900304,201,48,153
119900305,27,198,-171
119900306,28,1,27
119900307,52,166,-114
119900308,11,29,-18
119900309,50,133,-83
119900310,337,458,-121
119900311,86,175,-89
119900312,133,154,-21
119900313,393,473,-80
119900314,242,529,-287
119900315,1514,2935,-1421
119900318,59,30,29
119900319,0,335,-335
119900320,190,736,-546
119900321,82,1,81
120000001,8418,15666,-7248
120000002,3206,3666,-460
120000003,4002,2161,1841
120000004,3418,2938,480
120000005,5564,2699,2865
120000006,1520,1764,-244
120000007,4848,4028,820
120000008,1280,1857,-577
120000009,4933,1240,3693
120000010,2020,3404,-1384
120000011,1269,2620,-1351
120000012,1948,3877,-1929
120000013,3614,3648,-34
120000014,850,1880,-1030
120000015,2920,1957,963
120000016,3993,2756,1237
120000017,3140,2746,394
120000018,4951,12046,-7095
120000019,1066,1686,-620
120000020,3642,3721,-79
120000021,2085,2626,-541
120000022,3406,4345,-939
120000023,1154,1917,-763
120000024,1471,2856,-1385
120000025,2503,2543,-40
120000026,1743,2060,-317
120000027,2093,2498,-405
120000028,1049,799,250
120000029,5135,858,4277
120000030,396,1145,-749
120000031,2686,7964,-5278
120000032,10743,5356,5387
120000033,6027,2632,3395
120000034,2132,2572,-440
120000035,2085,2741,-656
120000036,3300,6802,-3502
120000037,922,1779,-857
120000038,9686,4952,4734
120000039,673,1202,-529
120000040,89,381,-292
120000041,1758,1912,-154
120000042,2601,3446,-845
120000043,6709,2723,3986
120000044,5435,2054,3381
120000045,6124,1392,4732
120000046,3108,3309,-201
120000047,1865,5756,-3891
120000048,10144,4967,5177
120000049,3778,3760,18
120000050,4595,5295,-700
120000051,4171,5948,-1777
120000052,12500,3146,9354
120000053,1241,3555,-2314
120000054,1550,5715,-4165
120000055,1962,6736,-4774
120000056,5022,5202,-180
120000057,3457,841,2616
120000058,3406,545,2861
120000059,100,1968,-1868
120000061,118,761,-643
120000062,237,413,-176
120000063,2215,3591,-1376
120000064,257,1591,-1334
120000065,774,2364,-1590
120000066,382,724,-342
120000067,307,655,-348
120000068,222,1206,-984
120000069,650,1761,-1111
120000070,53,973,-920
120000071,480,230,250
120000072,846,534,312
120000073,875,131,744
120000074,707,123,584
120000075,1576,406,1170
120000076,2710,558,2152
120000077,2291,847,1444
120000078,4313,1452,2861
120000079,294,206,88
120000080,129,249,-120
120000081,257,205,52
120000082,201,240,-39
120000083,82,539,-457
120000084,486,416,70
120000085,331,390,-59
120000086,363,679,-316
120000087,255,974,-719
120000088,819,1681,-862
120000089,1432,1021,411
120000090,916,707,209
120000091,890,1402,-512
120000092,1617,871,746
120000093,456,640,-184
120000094,185,912,-727
120000095,1269,645,624
120000096,351,1050,-699
120000098,1097,1231,-134
120000099,551,1142,-591
120000100,894,1306,-412
120000101,690,724,-34
120000102,615,1010,-395
120000103,1645,945,700
120000104,1827,571,1256
120000105,3129,796,2333
120000106,2558,842,1716
120000107,4173,861,3312
120000108,1374,153,1221
120000109,1441,99,1342
120000110,90,1221,-1131
120000111,170,1542,-1372
120000112,1019,4324,-3305
120000113,742,3049,-2307
120000114,1305,4057,-2752
120000115,445,3208,-2763
120000116,1042,2831,-1789
120000117,1495,2230,-735
120000118,34,36,-2
120000119,17,100,-83
120000120,90,56,34
120000121,38,77,-39
120000122,369,391,-22
120000123,7378,5812,1566
120000124,537,462,75
120000125,556,920,-364
120000126,393,966,-573
120000127,3779,1165,2614
120000128,4668,4175,493
120000129,331,376,-45
120000130,979,799,180
120000131,308,753,-445
120000134,579,1473,-894
120000135,550,540,10
120000137,315,1960,-1645
120000138,953,680,273
120000139,311,997,-686
120000140,775,850,-75
120000141,416,641,-225
120000142,549,828,-279
120000143,2,143,-141
120000144,153,1,152
120000145,377,3,374
120000146,1863,1025,838
120000149,877,1519,-642
120000150,4227,14164,-9937
120000151,490,633,-143
120000152,591,274,317
120000153,354,854,-500
120000154,561,626,-65
120000155,88,350,-262
120000156,1298,1108,190
120000157,1127,816,311
120000158,1100,1221,-121
120000159,2270,3436,-1166
120000160,2799,1815,984
120000161,2342,2889,-547
120000162,134,323,-189
120000163,822,1638,-816
120000164,531,558,-27
120000165,594,1223,-629
120000166,1545,820,725
120000167,77,149,-72
120000168,17,465,-448
120000169,49,1116,-1067
120000170,72,614,-542
120000171,24,201,-177
120000172,32,86,-54
120000173,2593,569,2024
120000174,694,27,667
120000175,572,26,546
120000176,519,41,478
120000177,1968,171,1797
120000178,241,18,223
120000179,525,38,487
120000180,1365,112,1253
120000181,157,605,-448
120000182,90,349,-259
120000183,24,299,-275
120000184,219,1064,-845
120000186,87,240,-153
120000187,56,138,-82
120000188,273,181,92
120000190,1421,27,1394
120000191,2078,38,2040
120000192,1740,29,1711
120000193,741,6,735
120000195,151,8,143
120000196,528,50,478
120000197,220,180,40
120000198,213,102,111
120000199,83,2,81
120000200,83,2,81
120000201,23,25,-2
120000202,13,55,-42
120000203,36,242,-206
120000207,2,111,-109
120000208,12,325,-313
120000209,6,120,-114
120000210,145,145,0
120000211,100,2,98
120000212,160,3,157
120000213,117,379,-262
120000214,2,508,-506
120000215,6,202,-196
120000216,83,8,75
120000217,846,1558,-712
120000218,225,1051,-826
120000219,15,639,-624
120000220,11,2199,-2188
120000225,1895,4,1891
120000226,421,6,415
120000227,1081,74,1007
120000228,8652,3765,4887
120000230,375,29,346
120000231,1601,2949,-1348
120000233,380,5,375
120000235,261,1045,-784
120000236,1158,2,1156
120000237,4,2034,-2030
120000238,3,517,-514
120000241,1354,4412,-3058
120000412,1250,26,1224
120000413,238,222,16
120000414,115,4,111
120000415,1,130,-129
120000416,121,8,113
120000417,7,94,-87
120000418,175,22,153
120000419,25,291,-266
120000420,65,48,17
120000421,15382,7716,7666
120000422,155,1272,-1117
120000423,1,65,-64
120000424,51,222,-171
120000436,130,732,-602
120000437,178,149,29
120000438,4158,348,3810
120000439,186,567,-381
120000443,221,1,220
120000444,1712,828,884
120000445,1610,1334,276
120000446,893,268,625
120000447,243,6,237
120000449,95,13,82
120000450,7,287,-280
120000451,301,275,26
120000452,164,2,162
120000453,1,436,-435
120000454,79,38,41
120000455,113,88,25
120000456,3083,4559,-1476
120000457,1914,880,1034
120000458,691,984,-293
120000459,103,92,11
120000665,1919,276,1643
120000668,186,531,-345
120000669,74,261,-187
120000670,211,593,-382
120000671,1287,510,777
120000672,115,693,-578
120900001,94,108,-14
120900002,522,603,-81
120900003,476,33,443
120900004,13,73,-60
120900005,56,1345,-1289
120900006,450,310,140
120900007,165,142,23
120900008,277,1618,-1341
120900009,587,38,549
120900010,497,128,369
120900011,476,236,240
120900012,704,1401,-697
120900013,355,129,226
120900014,6,812,-806
120900015,887,100,787
120900016,819,107,712
120900017,3357,166,3191
120900018,223,748,-525
120900019,877,293,584
120900020,1013,1513,-500
120900021,811,252,559
120900022,45,451,-406
120900023,317,58,259
120900024,2530,815,1715
120900025,2308,1324,984
120900026,322,326,-4
120900027,1071,56,1015
120900028,405,117,288
120900029,270,515,-245
120900030,1228,799,429
120900031,320,153,167
120900032,1203,200,1003
120900033,1154,110,1044
120900034,27,2636,-2609
120900035,52,255,-203
120900037,228,11,217
120900038,78,275,-197
120900039,142,60,82
120900040,319,5,314
120900041,183,48,135
120900042,502,99,403
120900043,104,31,73
120900044,14,471,-457
120900045,213,207,6
120900046,457,6,451
120900047,149,89,60
120900048,111,19,92
120900049,481,7,474
120900050,3121,1562,1559
120900051,394,153,241
120900052,702,4,698
120900053,310,128,182
120900054,2165,865,1300
120900055,400,2,398
120900056,462,24,438
120900057,131,15,116
120900058,576,1,575
120900059,103,3,100
120900060,81,54,27
120900061,352,445,-93
120900062,211,2,209
120900063,501,6,495
120900064,588,4,584
120900065,499,12,487
120900066,382,313,69
120900067,201,72,129
120900068,325,1,324
120900069,218,69,149
120900071,26,5,21
120900072,723,1,722
120900073,550,332,218
120900074,676,16,660
120900076,400,2,398
120900077,4687,558,4129
120900078,824,1339,-515
120900079,750,174,576
120900080,788,2424,-1636
120900081,997,1074,-77
120900082,800,600,200
120900083,165,66,99
120900084,340,475,-135
120900085,95,167,-72
120900086,205,403,-198
120900087,525,320,205
120900088,243,434,-191
120900089,4943,2881,2062
120900090,241,212,29
120900091,659,869,-210
120900092,2081,788,1293
120900093,3163,317,2846
120900094,759,258,501
120900095,961,25,936
120900096,53,259,-206
120900097,908,969,-61
120900098,396,291,105
120900099,82,119,-37
120900100,211,388,-177
120900101,1207,499,708
120900102,59,100,-41
120900103,67,275,-208
120900104,51,97,-46
120900105,76,746,-670
120900106,1781,849,932
120900107,359,233,126
120900108,1,861,-860
120900109,96,929,-833
120900110,7,780,-773
120900111,230,549,-319
120900112,10,1189,-1179
120900113,62,1114,-1052
120900114,53,265,-212
120900115,235,286,-51
120900116,421,681,-260
120900117,0,700,-700
120900118,17,1007,-990
120900119,4340,7132,-2792
120900120,96,842,-746
120900121,298,816,-518
120900122,540,760,-220
120900123,0,530,-530
120900124,6,822,-816
120900125,16,1315,-1299
120900126,2270,1832,438
120900127,14,571,-557
120900128,1604,1933,-329
120900129,85,411,-326
120900130,11,451,-440
120900131,66,102,-36
120900132,926,507,419
120900133,284,1266,-982
120900134,1183,681,502
120900135,22,768,-746
120900136,51,52,-1
120900137,316,149,167
120900138,26,290,-264
120900139,7,859,-852
120900140,3,133,-130
120900141,338,233,105
120900142,33,875,-842
120900143,2,1292,-1290
120900144,0,217,-217
120900145,282,1120,-838
120900146,5,1506,-1501
120900147,3,647,-644
120900148,129,173,-44
120900149,0,419,-419
120900150,62,798,-736
120900151,2,843,-841
120900152,0,54,-54
120900153,31,140,-109
120900154,0,480,-480
120900155,226,1466,-1240
120900156,60,494,-434
120900157,96,338,-242
120900158,114,736,-622
120900159,105,272,-167
120900160,71,812,-741
120900161,18,588,-570
120900162,13,686,-673
120900163,33,526,-493
120900164,0,2,-2
120900165,3,8,-5
120900166,159,366,-207
120900167,640,236,404
120900169,102,639,-537
120900170,2167,2750,-583
120900171,1439,480,959
120900172,2103,724,1379
120900173,0,60,-60
120900174,7,126,-119
120900175,317,235,82
120900176,13,467,-454
120900177,0,1229,-1229
120900178,0,579,-579
120900179,1464,802,662
120900180,177,200,-23
120900181,131,56,75
120900182,22,298,-276
120900183,272,91,181
120900184,152,102,50
120900185,11,663,-652
120900186,4,665,-661
120900187,533,1215,-682
120900188,184,37,147
120900189,190,1167,-977
120900190,65,13,52
120900191,9,39,-30
120900192,14565,6906,7659
120900194,40,87,-47
120900195,195,362,-167
120900196,907,43,864
120900197,739,174,565
120900198,376,828,-452
120900199,525,2459,-1934
120900200,107,136,-29
120900201,628,267,361
120900202,1,243,-242
120900203,32,89,-57
120900204,180,387,-207
120900205,53,93,-40
120900206,38,62,-24
121000001,980,1375,-395
121000002,2998,1925,1073
121000003,4296,2671,1625
121000004,3748,5083,-1335
121000005,2353,3477,-1124
121000006,4691,1924,2767
121000007,3269,3424,-155
121000008,6788,4181,2607
121000009,7614,6957,657
121000010,10418,7378,3040
121000011,13849,16489,-2640
121000012,22878,13826,9052
121000013,6161,8913,-2752
121000014,7989,7605,384
121000015,5706,8382,-2676
121000016,5402,4372,1030
121000017,2722,4888,-2166
121000018,3386,2184,1202
121000019,25385,15058,10327
121000020,17840,19462,-1622
121000021,4078,3992,86
121000022,3395,3148,247
121000023,6119,4221,1898
121000024,6209,5774,435
121000025,780,1648,-868
121000026,307,147,160
121000027,1933,1432,501
121000028,1035,656,379
121000029,1067,767,300
121000030,176,152,24
121000031,829,861,-32
121000032,284,115,169
121000034,625,263,362
121000035,247,153,94
121000036,1079,1046,33
121000037,746,614,132
121000038,680,1115,-435
121000039,397,683,-286
121000041,730,659,71
121000042,353,479,-126
121000043,779,723,56
121000044,1630,970,660
121000045,740,429,311
121000046,914,1145,-231
121000047,168,114,54
121000049,2220,842,1378
121000050,456,1326,-870
121000051,869,367,502
121000052,676,798,-122
121000053,464,97,367
121000054,58,448,-390
121000055,1436,1322,114
121000056,887,1196,-309
121000057,452,633,-181
121000058,484,223,261
121000059,2676,1776,900
121000060,716,1270,-554
121000061,215,333,-118
121000062,289,450,-161
121000063,1120,796,324
121000064,610,773,-163
121000065,501,579,-78
121000066,375,481,-106
121000067,1185,735,450
121000068,985,539,446
121000069,1649,833,816
121000070,2574,1706,868
121000071,1935,1605,330
121000072,1908,963,945
121000073,1375,1191,184
121000074,131,147,-16
121000075,92,406,-314
121000076,1930,547,1383
121000077,188,201,-13
121000078,176,173,3
121000080,3047,891,2156
121000081,4877,3439,1438
121000082,102,277,-175
121000083,220,180,40
121000084,242,186,56
121000085,291,528,-237
121000086,233,1085,-852
121000087,75,429,-354
121000088,531,702,-171
121000089,574,466,108
121000090,642,504,138
121000091,2049,942,1107
121000092,189,81,108
121000093,229,275,-46
121000094,627,1031,-404
121000095,324,777,-453
121000096,2688,3283,-595
121000097,1734,2768,-1034
121000098,722,1351,-629
121000099,710,962,-252
121000100,1063,547,516
121000101,464,379,85
121000102,319,396,-77
121000103,380,410,-30
121000104,400,229,171
121000105,565,297,268
121000106,442,532,-90
121000107,2608,4149,-1541
121000109,1690,1348,342
121000110,384,877,-493
121000114,3452,2514,938
121000115,1194,879,315
121000116,362,1122,-760
121000117,1015,331,684
121000118,1572,338,1234
121000119,382,445,-63
121000120,322,562,-240
121000121,741,1363,-622
121000123,2792,725,2067
121000126,187,308,-121
121000127,249,90,159
121000128,1263,596,667
121000129,1119,729,390
121000130,682,1213,-531
121000131,3776,2507,1269
121000132,2390,2036,354
121000135,670,1021,-351
121000136,2734,834,1900
121000137,702,339,363
121000138,1682,1093,589
121000139,1153,287,866
121000141,307,198,109
121000142,1052,1094,-42
121000143,201,47,154
121000144,1575,2330,-755
121000145,701,1421,-720
121000146,1791,1160,631
121000147,1252,607,645
121000148,1284,1432,-148
121000149,2532,1495,1037
121000152,599,723,-124
121000153,2216,884,1332
121000154,1168,825,343
121000155,1663,1460,203
121000156,478,1323,-845
121000157,1388,2390,-1002
121000158,452,693,-241
121000159,228,545,-317
121000160,349,588,-239
121000161,233,441,-208
121000162,130,293,-163
121000165,2222,2057,165
121000166,17,552,-535
121000168,471,339,132
121000169,81,205,-124
121000170,377,175,202
121000171,83,203,-120
121000172,820,602,218
121000173,1766,1308,458
121000174,364,488,-124
121000175,1014,446,568
121000176,455,285,170
121000177,761,486,275
121000178,132,84,48
121000179,261,105,156
121000181,586,585,1
121000182,153,270,-117
121000183,78,123,-45
121000184,792,136,656
121000185,38,179,-141
121000186,207,523,-316
121000187,260,298,-38
121000188,234,284,-50
121000192,1022,555,467
121000193,806,650,156
121000194,2877,2798,79
121000195,356,1050,-694
121000196,480,223,257
121000197,238,806,-568
121000198,309,136,173
121000199,178,449,-271
121000200,625,82,543
121000201,7,300,-293
121000202,200,8,192
121000203,1125,2850,-1725
121000204,3011,986,2025
121000205,253,310,-57
121000206,390,45,345
121000207,3047,519,2528
121000208,25,458,-433
121000209,444,449,-5
121000210,706,570,136
121000211,379,167,212
121000212,431,855,-424
121000213,11355,3744,7611
121000214,1001,3012,-2011
121000215,1445,1147,298
121000216,586,863,-277
121000217,6172,2879,3293
121000218,518,1882,-1364
121000219,2016,522,1494
121000220,271,75,196
121000221,202,197,5
121000222,2919,2867,52
121000223,912,426,486
121000224,584,245,339
121000225,2452,1981,471
121000226,6189,1256,4933
121000227,11,182,-171
121000228,12,696,-684
121000229,347,408,-61
121000230,59,1790,-1731
121000231,1074,50,1024
121000232,451,342,109
121000233,593,498,95
121000234,68,54,14
121000235,97,66,31
121000236,9,49,-40
121000237,37,15,22
121000238,9,88,-79
121000239,60,9,51
121000240,27,222,-195
121000241,103,17,86
121000242,36,238,-202
121000243,481,181,300
121000244,7,142,-135
121000245,67,35,32
121000246,1,114,-113
121000247,139,9,130
121000248,1599,440,1159
121000249,167,342,-175
121000250,983,220,763
121000251,26,535,-509
121000252,130,84,46
121000253,408,458,-50
121000254,832,256,576
121000255,336,188,148
121000256,774,239,535
121000257,93,118,-25
121000258,184,60,124
121000259,83,64,19
121000260,164,128,36
121000261,170,65,105
121000262,1279,1064,215
121000263,617,642,-25
121000271,402,1838,-1436
121000273,132,8,124
121000274,26,24,2
121000275,9,13,-4
121000276,9,7,2
121000278,114,46,68
121000279,64,17,47
121000280,156,46,110
121000289,262,28,234
121000290,1530,1058,472
121000294,149,190,-41
121000297,1084,1371,-287
121000299,370,489,-119
121000300,1010,914,96
121000302,75,1344,-1269
121000303,487,457,30
121000304,621,74,547
121000305,274,69,205
121000306,131,163,-32
121000308,219,510,-291
121000309,518,736,-218
121000310,108,363,-255
121000311,117,986,-869
121000312,474,282,192
121000313,498,674,-176
121000314,133,179,-46
121000315,40,115,-75
121000530,1697,1652,45
121000531,2091,1676,415
121000532,8444,8587,-143
121000533,3628,3711,-83
121000918,106,273,-167
121000919,59,78,-19
121000938,142,222,-80
121000939,287,166,121
121000956,1807,1730,77
121000957,3,34,-31
121000958,168,60,108
121000959,898,1077,-179
121000960,3316,2681,635
121000961,309,124,185
121000962,253,710,-457
121000973,0,160,-160
121000976,51,262,-211
121000979,576,224,352
121000981,402,329,73
121000982,456,221,235
121000983,544,505,39
121000984,92,88,4
121000985,779,740,39
121000986,624,234,390
121000987,337,1428,-1091
121000988,878,168,710
121001302,463,162,301
121001308,10,10,0
121001309,231,286,-55
121001313,620,303,317
121001314,3096,4188,-1092
121001315,4978,2652,2326
121900001,118,197,-79
121900002,98,37,61
121900003,477,32,445
121900004,195,495,-300
121900005,22,7,15
121900006,178,23,155
121900007,2641,2790,-149
121900008,3526,917,2609
121900009,797,23,774
121900010,278,2,276
121900011,506,594,-88
121900012,27,3,24
121900013,2206,102,2104
121900014,1581,485,1096
121900015,258,273,-15
121900016,8,39,-31
121900017,656,640,16
121900018,425,8,417
121900019,486,360,126
121900020,15,2,13
121900021,1122,21,1101
121900022,333,256,77
121900023,152,456,-304
121900024,492,135,357
121900025,655,515,140
121900026,535,89,446
121900027,610,234,376
121900028,306,22,284
121900029,145,278,-133
121900030,578,601,-23
121900031,1466,7011,-5545
121900032,207,148,59
121900033,199,203,-4
121900034,446,99,347
121900035,3397,2949,448
121900036,100,421,-321
121900037,299,805,-506
121900038,50,200,-150
121900039,567,52,515
121900040,105,149,-44
121900041,111,207,-96
121900042,438,174,264
121900043,3,6,-3
121900044,249,95,154
121900045,622,500,122
121900046,428,398,30
121900047,229,70,159
121900048,56,173,-117
121900050,29,52,-23
121900051,160,188,-28
121900052,206,71,135
121900053,597,372,225
121900054,531,1195,-664
121900055,7,15,-8
121900058,292,233,59
121900059,577,235,342
121900060,166,395,-229
121900061,439,282,157
121900062,241,165,76
121900063,1633,477,1156
121900064,381,901,-520
121900066,60,34,26
121900067,68,73,-5
121900069,216,186,30
121900070,525,181,344
121900071,372,315,57
121900072,73,237,-164
121900073,280,299,-19
121900074,1187,1284,-97
121900075,617,573,44
121900076,523,750,-227
121900077,26,79,-53
121900078,156,58,98
121900079,0,1,-1
121900080,1248,651,597
121900082,82,169,-87
121900083,345,256,89
121900084,22,271,-249
121900085,3,34,-31
121900086,14,54,-40
121900087,261,135,126
121900088,2925,4460,-1535
121900089,193,480,-287
121900090,43,134,-91
121900091,74,195,-121
121900092,138,114,24
121900093,114,103,11
121900094,16,8,8
121900095,249,160,89
121900096,1996,1052,944
121900097,562,248,314
121900098,14,10,4
121900099,263,83,180
121900100,423,639,-216
121900101,158,156,2
121900102,24,205,-181
121900103,843,303,540
121900104,1916,448,1468
121900105,351,298,53
121900106,15,6,9
121900107,45,61,-16
121900108,2,49,-47
121900109,330,183,147
121900110,613,1234,-621
121900111,1333,178,1155
121900112,260,187,73
121900113,78,437,-359
121900114,109,162,-53
121900115,183,439,-256
121900117,672,94,578
121900118,2444,693,1751
121900119,205,153,52
121900120,72,1984,-1912
121900121,703,74,629
121900122,38,82,-44
121900123,239,518,-279
121900124,143,187,-44
121900125,2198,1440,758
121900127,23,146,-123
121900128,130,140,-10
121900129,969,239,730
121900130,139,336,-197
121900131,296,113,183
121900132,62,159,-97
121900133,119,1029,-910
121900134,31,187,-156
121900135,2907,458,2449
121900136,278,526,-248
121900137,60,402,-342
121900138,141,313,-172
121900139,423,491,-68
121900140,96,246,-150
121900141,51,68,-17
121900142,239,236,3
121900143,37,228,-191
121900144,163,343,-180
121900145,210,358,-148
121900146,911,1092,-181
121900147,105,188,-83
121900148,281,414,-133
121900149,451,804,-353
121900150,84,186,-102
121900151,128,287,-159
121900152,117,173,-56
121900153,171,935,-764
121900154,11,251,-240
121900155,1,257,-256
121900156,261,166,95
121900157,2,467,-465
121900158,121,126,-5
121900159,0,295,-295
121900160,39,308,-269
121900161,533,457,76
121900162,92,198,-106
121900163,462,747,-285
121900164,578,248,330
121900165,273,214,59
121900166,252,203,49
121900167,185,139,46
121900168,187,261,-74
121900169,7,303,-296
121900170,17,271,-254
121900171,896,858,38
121900172,557,355,202
121900173,1191,291,900
121900174,42,94,-52
121900175,231,283,-52
121900176,666,1866,-1200
121900177,237,85,152
121900178,20,6,14
121900179,425,198,227
121900180,5541,5394,147
121900182,729,328,401
121900183,961,991,-30
121900184,91,783,-692
121900185,180,135,45
121900186,8,376,-368
121900187,52,252,-200
121900188,630,512,118
121900189,68,167,-99
121900190,409,563,-154
121900191,95,237,-142
121900192,483,760,-277
121900193,22,48,-26
121900194,5,209,-204
121900195,153,155,-2
121900196,1271,1485,-214
121900197,452,1982,-1530
121900198,1355,1138,217
121900199,1,26,-25
121900200,82,332,-250
121900201,1520,1103,417
121900202,140,812,-672
121900203,379,1144,-765
121900204,1114,1308,-194
121900205,126,256,-130
121900206,18,37,-19
121900207,159,62,97
121900208,245,326,-81
121900209,95,47,48
121900210,1224,1363,-139
121900211,7,139,-132
121900212,175,159,16
121900213,177,97,80
121900214,7,722,-715
121900215,63,161,-98
121900216,35,181,-146
121900217,339,168,171
121900218,261,587,-326
121900219,302,59,243
121900220,255,10,245
121900221,308,883,-575
121900222,234,244,-10
121900223,227,69,158
121900224,97,59,38
121900225,161,95,66
121900226,417,1858,-1441
121900227,225,631,-406
121900228,295,504,-209
121900229,325,338,-13
121900230,231,423,-192
121900231,974,2341,-1367
121900232,403,458,-55
121900233,307,342,-35
121900234,447,402,45
121900235,703,268,435
121900236,524,206,318
121900237,195,370,-175
121900238,185,353,-168
121900239,225,66,159
121900240,297,220,77
121900241,52,85,-33
121900242,14,1,13
121900243,21,0,21
121900244,50,2,48
121900245,246,107,139
121900246,2513,398,2115
121900247,349,356,-7
121900248,1899,1401,498
121900250,406,398,8
121900251,435,66,369
121900252,837,193,644
121900253,157,868,-711
121900254,685,334,351
121900255,293,159,134
121900258,4180,3030,1150
121900259,520,785,-265
121900260,184,275,-91
121900261,222,629,-407
121900262,460,957,-497
121900263,320,371,-51
121900264,2565,2129,436
121900265,343,399,-56
121900266,429,219,210
121900267,56,68,-12
121900269,279,743,-464
121900270,37,295,-258
121900271,58,201,-143
121900273,567,2264,-1697
121900274,320,390,-70
121900276,841,130,711
121900277,771,1292,-521
121900278,146,1232,-1086
121900279,195,223,-28
121900280,262,442,-180
121900281,1091,533,558
121900284,123,8,115
121900286,242,163,79
121900287,23,18,5
121900290,274,449,-175
121900291,496,725,-229
121900292,170,190,-20
121900293,1146,3464,-2318
121900294,316,4,312
121900295,201,339,-138
121900296,87,169,-82
121900298,360,874,-514
121900299,7,5,2
121900300,171,2,169
121900301,135,6,129
121900302,8,58,-50
121900303,365,391,-26
121900304,0,18,-18
121900305,4,6,-2
121900306,134,2,132
121900307,102,25,77
121900308,22,376,-354
121900309,20,369,-349
121900310,42,572,-530
121900311,506,24,482
121900312,401,26,375
121900313,510,34,476
121900314,7,100,-93
121900315,18,1,17
121900316,1,18,-17
121900317,9,11,-2
121900318,1,22,-21
121900319,40,165,-125
121900320,73,88,-15
121900321,5,2,3
121900322,0,30,-30
121900323,21,17,4
121900324,2,85,-83
121900325,9,2,7
121900326,1,16,-15
121900327,9,62,-53
121900328,0,28,-28
121900329,3,228,-225
121900330,11,18,-7
121900331,125,44,81
121900332,76,25,51
122000001,2891,5326,-2435
122000002,5490,1940,3550
122000003,2844,3032,-188
122000004,4175,2014,2161
122000005,3191,2185,1006
122000006,2384,1096,1288
122000007,1549,2219,-670
122000008,5842,6656,-814
122000009,519,449,70
122000010,2539,3347,-808
122000011,4071,1816,2255
122000012,1532,1855,-323
122000013,1468,1085,383
122000014,1785,1381,404
122000015,1694,1315,379
122000016,607,1050,-443
122000017,1388,1290,98
122000018,1777,1464,313
122000019,897,1326,-429
122000020,282,260,22
122000021,390,657,-267
122000022,1706,1538,168
122000023,775,2581,-1806
122000024,860,1403,-543
122000025,1431,1840,-409
122000026,1389,1134,255
122000027,680,2752,-2072
122000028,948,553,395
122000029,617,578,39
122000030,409,136,273
122000031,272,317,-45
122000032,2001,2579,-578
122000033,859,1396,-537
122000034,1119,789,330
122000035,359,901,-542
122000036,684,624,60
122000037,415,315,100
122000038,292,457,-165
122000039,711,475,236
122000040,447,320,127
122000041,610,673,-63
122000042,345,524,-179
122000043,175,145,30
122000044,191,166,25
122000045,1308,578,730
122000046,894,933,-39
122000047,350,274,76
122000048,4337,5413,-1076
122000049,7622,3512,4110
122000050,1985,964,1021
122000051,393,302,91
122000052,591,352,239
122000053,192,846,-654
122000054,2843,2321,522
122000055,2715,3249,-534
122000056,5810,4150,1660
122000057,3972,4054,-82
122000058,3878,1621,2257
122000059,3746,1778,1968
122000060,804,678,126
122000061,628,464,164
122000062,1252,415,837
122000063,1794,727,1067
122000064,3976,3197,779
122000065,4918,2973,1945
122000066,1361,1049,312
122000067,2017,1280,737
122000068,1562,1336,226
122000069,820,806,14
122000070,1007,2316,-1309
122000071,1667,1702,-35
122000072,393,401,-8
122000073,382,646,-264
122000074,3619,1971,1648
122000075,953,1592,-639
122000076,2413,1410,1003
122000077,1498,770,728
122000078,3029,3011,18
122000079,1683,1277,406
122000080,822,429,393
122000081,240,330,-90
122000082,1010,880,130
122000083,1990,2595,-605
122000084,1413,1059,354
122000085,385,1642,-1257
122000086,2556,5195,-2639
122000087,551,300,251
122000088,574,507,67
122000089,6756,3238,3518
122000090,326,589,-263
122000091,399,87,312
122000092,180,36,144
122000093,2204,1762,442
122000094,8183,2861,5322
122000095,4279,4356,-77
122000096,3652,2109,1543
122000098,4699,2454,2245
122000099,2022,691,1331
122000100,1000,665,335
122000101,416,877,-461
122000102,2252,1556,696
122000103,2942,2123,819
122000104,495,244,251
122000105,794,312,482
122000106,552,757,-205
122000107,1067,489,578
122000108,580,864,-284
122000109,484,347,137
122000110,564,578,-14
122000111,3475,1855,1620
122000112,1030,1706,-676
122000113,762,867,-105
122000114,3785,1780,2005
122000115,2205,1726,479
122000116,634,682,-48
122000117,1594,557,1037
122000118,671,969,-298
122000119,4590,3383,1207
122000120,3261,6131,-2870
122000121,3664,4219,-555
122000122,1082,2472,-1390
122000123,2589,2670,-81
122000124,1377,921,456
122000125,859,978,-119
122000126,945,1710,-765
122000127,1669,1717,-48
122000128,628,1135,-507
122000129,522,1953,-1431
122000130,4621,1868,2753
122000131,2372,2047,325
122000132,947,801,146
122000133,1298,2051,-753
122000134,1139,924,215
122000135,812,899,-87
122000136,1083,749,334
122000137,2155,1105,1050
122000139,1501,4295,-2794
122000140,1327,754,573
122000141,5370,1294,4076
122000142,479,966,-487
122000143,930,742,188
122000144,2566,1796,770
122000145,1847,1049,798
122000146,770,1467,-697
122000147,952,534,418
122000148,2381,2434,-53
122000149,2873,1943,930
122000150,1389,1269,120
122000151,248,451,-203
122000152,536,522,14
122000153,593,425,168
122000154,291,217,74
122000155,1796,3131,-1335
122000156,3208,2720,488
122000157,1825,2319,-494
122000158,454,848,-394
122000159,1646,2209,-563
122000160,6619,3453,3166
122000161,1716,1413,303
122000162,2857,2611,246
122000163,348,115,233
122000164,53,85,-32
122000165,1148,787,361
122000166,1414,1165,249
122000167,308,262,46
122000168,231,706,-475
122000169,471,196,275
122000170,370,354,16
122000171,70,101,-31
122000172,1963,1608,355
122000173,1974,2735,-761
122000174,3001,1070,1931
122000175,1345,394,951
122000176,353,859,-506
122000177,1815,1502,313
122000178,3390,2913,477
122000179,2067,2715,-648
122000180,2175,1719,456
122000181,2217,3969,-1752
122000182,2918,2041,877
122000183,2457,1099,1358
122000184,3804,2676,1128
122000185,1643,1620,23
122000186,534,931,-397
122000187,2288,1265,1023
122000188,469,265,204
122000189,335,346,-11
122000190,1048,1270,-222
122000191,1095,1002,93
122000192,1281,430,851
122000193,519,773,-254
122000194,847,241,606
122000195,198,577,-379
122000196,1576,673,903
122000197,646,836,-190
122000198,498,1064,-566
122000199,405,412,-7
122000200,1235,790,445
122000201,1368,1708,-340
122000202,1647,1610,37
122000203,3259,1675,1584
122000204,2190,2412,-222
122000205,1764,1781,-17
122000206,2797,1129,1668
122000207,2532,1622,910
122000208,2718,1907,811
122000209,2616,455,2161
122000210,2939,2238,701
122000211,1854,1279,575
122000212,1024,667,357
122000213,1275,1715,-440
122000214,2325,2116,209
122000215,2068,1870,198
122000217,2127,1723,404
122000218,778,96,682
122000219,1532,1140,392
122000220,463,915,-452
122000221,110,537,-427
122000222,823,148,675
122000223,1864,715,1149
122000225,1033,347,686
122000226,3004,2100,904
122000227,440,2778,-2338
122000228,590,439,151
122000229,25,594,-569
122000230,109,771,-662
122000231,376,1028,-652
122000232,1109,736,373
122000233,0,78,-78
122000234,451,177,274
122000235,1960,272,1688
122000236,1346,219,1127
122000237,209,147,62
122000238,454,577,-123
122000239,819,247,572
122000240,2529,1067,1462
122000241,1266,436,830
122000242,1624,168,1456
122000243,764,42,722
122000244,37,368,-331
122000245,67,108,-41
122000246,91,125,-34
122000247,771,328,443
122000248,1336,2167,-831
122000249,1140,1332,-192
122000250,2994,1927,1067
122000251,421,668,-247
122000252,813,195,618
122000253,91,418,-327
122000254,391,191,200
122000255,1002,2240,-1238
122000256,494,1327,-833
122000257,226,376,-150
122000258,321,330,-9
122000259,18,635,-617
122000260,16,113,-97
122000261,15,252,-237
122000262,0,70,-70
122000263,454,178,276
122000264,1495,509,986
122000265,3047,1071,1976
122000266,5149,890,4259
122000267,186,122,64
122000268,212,478,-266
122000269,1174,432,742
122000270,921,168,753
122000271,510,1260,-750
122000272,483,1224,-741
122000273,608,496,112
122000274,285,244,41
122000275,206,282,-76
122000276,1041,717,324
122000277,1668,1773,-105
122000278,2325,970,1355
122000279,344,640,-296
122000280,1110,1040,70
122000281,1119,985,134
122000282,365,258,107
122000283,1033,155,878
122000284,308,120,188
122000285,670,121,549
122000286,156,207,-51
122000287,1729,1622,107
122000288,666,257,409
122000291,2398,959,1439
122000293,334,351,-17
122000294,137,282,-145
122000295,1498,247,1251
122000296,56,591,-535
122000297,3268,3360,-92
122000299,537,558,-21
122000300,544,743,-199
122000301,13243,3707,9536
122000302,719,1855,-1136
122000303,4308,1788,2520
122000304,154,429,-275
122000305,1327,344,983
122000306,28,907,-879
122000307,219,182,37
122000309,110,64,46
122000310,37,92,-55
122000311,394,159,235
122000312,220,151,69
122000313,139,76,63
122000314,105,231,-126
122000315,280,41,239
122000316,1081,263,818
122000317,1721,347,1374
122000318,281,1030,-749
122000319,274,546,-272
122000320,484,2164,-1680
122000321,135,243,-108
122000322,2582,2209,373
122000323,1759,2556,-797
122000324,1449,1204,245
122000325,1004,1879,-875
122000326,67,119,-52
122000327,682,1149,-467
122000328,1353,996,357
122000330,2504,1017,1487
122000332,407,509,-102
122000333,5,145,-140
122000337,1267,2130,-863
122000338,579,588,-9
122000340,457,510,-53
122000342,1841,1140,701
122000343,414,403,11
122000344,46,34,12
122000345,227,61,166
122000346,380,75,305
122000348,1028,915,113
122000349,237,790,-553
122000351,137,192,-55
122000352,554,162,392
122000353,116,121,-5
122000355,173,263,-90
122000356,1795,1369,426
122000357,117,28,89
122000358,0,61,-61
122000359,0,54,-54
122000360,0,79,-79
122000362,10,122,-112
122000364,214,444,-230
122000365,5,72,-67
122000366,14,9,5
122000368,570,903,-333
122000370,57,74,-17
122000371,26,0,26
122000372,24,5,19
122000381,107,440,-333
122000382,110,312,-202
122000384,3065,1575,1490
122000385,152,1,151
122000386,614,1621,-1007
122000387,620,684,-64
122000388,1851,807,1044
122000389,171,743,-572
122000390,425,263,162
122000391,338,209,129
122000392,267,278,-11
122000393,458,251,207
122000394,735,417,318
122000395,201,187,14
122000396,356,143,213
122000397,62,58,4
122000398,59,63,-4
122000399,235,99,136
122000400,141,539,-398
122000401,130,100,30
122000402,363,151,212
122000403,634,1070,-436
122000404,190,410,-220
122000408,895,1334,-439
122000503,20,116,-96
122000524,183,154,29
122000544,103,3262,-3159
122000616,577,6,571
122000640,100,207,-107
122000641,143,440,-297
122000642,1682,1494,188
122000643,61,165,-104
122000644,214,33,181
122000645,194,223,-29
122000651,1799,908,891
122000664,235,86,149
122000665,1553,701,852
122000666,846,1309,-463
122000673,41,359,-318
122000674,196,73,123
122000675,2268,1253,1015
122000686,428,1281,-853
122000687,1942,340,1602
122000688,385,788,-403
122000689,1062,703,359
122000690,2198,711,1487
122000691,801,2456,-1655
122000692,1673,580,1093
122000693,595,1969,-1374
122000695,324,534,-210
122000696,465,429,36
122000698,424,877,-453
122000699,327,237,90
122000701,1543,402,1141
122000702,549,1627,-1078
122000703,189,80,109
122000717,213,52,161
122000718,390,799,-409
122000719,86,130,-44
122000720,403,376,27
122900001,36,7,29
122900002,1540,5225,-3685
122900003,530,72,458
122900004,1082,62,1020
122900005,144,81,63
122900006,1756,487,1269
122900007,178,93,85
122900008,1390,84,1306
122900009,1296,573,723
122900010,269,148,121
122900012,277,486,-209
122900014,298,404,-106
122900015,2841,1404,1437
122900016,121,381,-260
122900017,492,1155,-663
122900018,227,42,185
122900019,14,251,-237
122900020,583,533,50
122900021,55,1114,-1059
122900022,1012,981,31
122900023,710,369,341
122900024,229,129,100
122900025,28,317,-289
122900026,86,358,-272
122900027,105,948,-843
122900028,347,825,-478
122900029,5424,3809,1615
122900030,1421,794,627
122900031,138,288,-150
122900032,137,540,-403
122900033,313,170,143
122900034,5385,6237,-852
122900035,19,29,-10
122900036,75,131,-56
122900037,453,141,312
122900038,190,3816,-3626
122900039,148,559,-411
122900040,382,528,-146
122900041,444,345,99
122900042,283,433,-150
122900043,501,203,298
122900044,94,389,-295
122900045,91,139,-48
122900046,357,204,153
122900047,260,214,46
122900048,73,368,-295
122900049,1618,195,1423
122900051,92,140,-48
122900052,85,185,-100
122900053,43,24,19
122900055,488,208,280
122900057,358,85,273
122900061,596,278,318
122900062,643,1053,-410
122900063,235,434,-199
122900064,1766,578,1188
122900065,594,317,277
122900066,928,476,452
122900067,1524,986,538
122900068,168,376,-208
122900069,605,2431,-1826
122900070,527,82,445
122900071,145,582,-437
122900072,25,826,-801
122900073,21,386,-365
122900074,786,877,-91
122900075,1,90,-89
122900076,12,285,-273
122900077,0,228,-228
122900078,328,168,160
122900080,56,46,10
122900081,330,221,109
122900082,1171,335,836
122900083,259,206,53
122900084,15,333,-318
122900086,11,178,-167
122900087,712,616,96
122900088,46,161,-115
122900089,129,289,-160
122900090,29,673,-644
122900091,225,1,224
122900092,2,214,-212
122900093,0,295,-295
122900094,3,201,-198
122900095,133,8,125
122900096,390,262,128
122900097,38,43,-5
122900098,82,96,-14
122900099,11,17,-6
122900100,1005,320,685
122900101,509,286,223
123000001,2145,472,1673
123000002,5271,5323,-52
123000003,4475,4187,288
123000004,3763,4716,-953
123000005,3312,3014,298
123000006,2930,3122,-192
123000007,4122,2744,1378
123000008,3486,3416,70
123000009,5888,3543,2345
123000010,4470,4543,-73
123000011,2966,1006,1960
123000012,1040,2694,-1654
123000013,4557,1039,3518
123000014,1104,4131,-3027
123000015,5854,1108,4746
123000016,6210,5514,696
123000017,3676,2094,1582
123000018,62,141,-79
123000019,337,307,30
123000020,207,167,40
123000021,95,311,-216
123000022,360,2803,-2443
123000023,1879,1921,-42
123000024,1764,661,1103
123000025,250,328,-78
123000026,27,86,-59
123000027,709,639,70
123000028,2898,390,2508
123000029,2175,817,1358
123000030,276,574,-298
123000031,350,364,-14
123000032,420,218,202
123000033,286,94,192
123000034,1415,1372,43
123000035,555,562,-7
123000036,377,1091,-714
123000037,388,521,-133
123000038,164,275,-111
123000039,524,1607,-1083
123000040,993,569,424
123000041,1351,1313,38
123000042,1018,737,281
123000043,4263,10643,-6380
123000044,6734,3474,3260
123000045,12483,3984,8499
123000046,969,2053,-1084
123000047,2985,1445,1540
123000048,99,786,-687
123000049,9522,11611,-2089
123000050,1515,1764,-249
123000051,105,190,-85
123000052,994,4017,-3023
123000053,3400,4055,-655
123000054,1650,1649,1
123000055,1472,2478,-1006
123000056,1825,2230,-405
123000057,19275,9375,9900
123000058,919,1136,-217
123000059,576,782,-206
123000060,1034,566,468
123000061,313,968,-655
123000063,1278,1220,58
123000064,1285,329,956
123000065,6925,3575,3350
123000066,880,734,146
123000067,1146,762,384
123000068,3587,3727,-140
123000069,9251,4495,4756
123000070,363,804,-441
123000071,1263,1337,-74
123000072,1350,1250,100
123000073,1404,1000,404
123000074,1040,1543,-503
123000075,353,1329,-976
123000076,973,1093,-120
123000077,2202,3317,-1115
123000078,1962,2095,-133
123000079,1805,2378,-573
123000080,2887,2572,315
123000081,208,603,-395
123000082,552,1282,-730
123000083,1297,260,1037
123000084,658,671,-13
123000085,381,124,257
123000086,599,340,259
123000087,423,504,-81
123000088,1359,1122,237
123000089,565,1354,-789
123000090,1292,1112,180
123000091,1629,1674,-45
123000092,964,1351,-387
123000094,726,286,440
123000095,717,832,-115
123000096,784,505,279
123000097,595,788,-193
123000098,910,657,253
123000099,820,652,168
123000100,887,1030,-143
123000101,901,727,174
123000102,697,784,-87
123000104,612,528,84
123000105,760,569,191
123000106,562,516,46
123000107,422,516,-94
123000108,881,1439,-558
123000111,1008,431,577
123000112,1421,821,600
123000113,621,1941,-1320
123000114,541,614,-73
123000115,290,309,-19
123000116,40,105,-65
123000117,2106,2642,-536
123000118,557,1249,-692
123000119,349,1158,-809
123000120,593,1020,-427
123000121,473,679,-206
123000122,356,274,82
123000123,534,639,-105
123000124,653,555,98
123000125,1241,1322,-81
123000126,1597,4813,-3216
123000127,939,803,136
123000128,307,407,-100
123000129,842,351,491
123000130,765,140,625
123000131,1040,721,319
123000132,407,747,-340
123000133,365,457,-92
123000134,458,159,299
123000135,2641,1544,1097
123000136,361,1231,-870
123000137,190,468,-278
123000138,77,608,-531
123000139,565,151,414
123000140,173,1154,-981
123000141,973,159,814
123000142,1106,1156,-50
123000143,1739,2599,-860
123000144,56,46,10
123000145,235,191,44
123000146,63,131,-68
123000147,95,162,-67
123000149,440,538,-98
123000150,206,247,-41
123000151,340,522,-182
123000152,89,620,-531
123000153,155,708,-553
123000154,1875,2145,-270
123000155,2858,1412,1446
123000156,38,143,-105
123000157,733,1087,-354
123000158,797,888,-91
123000159,4071,3014,1057
123000160,1214,915,299
123000161,1940,1415,525
123000162,1139,2092,-953
123000163,789,142,647
123000164,1971,519,1452
123000165,572,2119,-1547
123000166,49,184,-135
123000167,204,354,-150
123000168,285,310,-25
123000169,842,196,646
123000170,78,559,-481
123000171,906,117,789
123000172,240,769,-529
123000173,817,356,461
123000174,1311,529,782
123000175,830,1696,-866
123000176,1437,341,1096
123000177,477,1391,-914
123000178,1020,209,811
123000179,50,859,-809
123000180,2115,412,1703
123000181,383,1895,-1512
123000182,293,697,-404
123000183,226,598,-372
123000184,180,919,-739
123000185,890,434,456
123000186,11,932,-921
123000187,823,7,816
123000188,248,5,243
123000189,223,224,-1
123000190,77,61,16
123000192,24,610,-586
123000193,94,1250,-1156
123000194,552,492,60
123000195,403,36,367
123000196,457,28,429
123000197,53,165,-112
123000198,44,300,-256
123000199,45,705,-660
123000200,612,15,597
123000201,1174,42,1132
123000202,24,1285,-1261
123000203,1321,100,1221
123000204,140,1392,-1252
123000205,614,2367,-1753
123000206,2593,309,2284
123000207,115,1184,-1069
123000208,678,222,456
123000209,2572,749,1823
123000210,654,2697,-2043
123000211,784,3720,-2936
123000212,3453,713,2740
123000213,842,128,714
123000215,211,223,-12
123000216,318,698,-380
123000217,262,38,224
123000218,96,817,-721
123000219,1190,213,977
123000220,637,140,497
123000221,158,188,-30
123000222,509,715,-206
123000223,400,528,-128
123000224,500,637,-137
123000225,414,121,293
123000226,133,470,-337
123000227,92,408,-316
123000228,383,80,303
123000229,1341,2104,-763
123000232,123,749,-626
123000233,890,268,622
123000234,207,817,-610
123000235,1196,477,719
123000236,406,1036,-630
123000237,329,161,168
123000238,146,684,-538
123000239,561,2089,-1528
123000240,89,511,-422
123000241,631,169,462
123000242,273,264,9
123000243,952,1059,-107
123000244,1377,814,563
123000245,61,208,-147
123000249,303,717,-414
123000252,955,347,608
123000253,1529,666,863
123000254,1045,1338,-293
123000255,1432,1087,345
123000256,53,288,-235
123000257,4013,2988,1025
123000258,1285,1328,-43
123000259,406,537,-131
123000260,504,616,-112
123000261,296,243,53
123000262,97,229,-132
123000263,509,129,380
123000264,225,109,116
123000265,60,235,-175
123000266,812,996,-184
123000267,745,398,347
123000268,53,93,-40
123000269,61,98,-37
123000270,46,70,-24
123000271,108,100,8
123000272,742,298,444
123000273,253,830,-577
123000274,1319,776,543
123000275,391,1132,-741
123000278,3757,3389,368
123000279,98,96,2
123000280,379,363,16
123000281,355,133,222
123000282,152,358,-206
123000283,128,78,50
123000284,73,134,-61
123000286,334,338,-4
123000287,703,336,367
123000288,1862,911,951
123000289,516,1199,-683
123000291,410,968,-558
123000294,210,308,-98
123000295,1365,1251,114
123000296,766,569,197
123000297,211,211,0
123000298,309,208,101
123000299,23,68,-45
123000300,1082,1072,10
123000301,146,304,-158
123000302,97,266,-169
123000303,127,170,-43
123000305,1234,983,251
123000306,137,235,-98
123000309,43,81,-38
123000310,52,59,-7
123000311,0,197,-197
123000312,599,1192,-593
123000313,608,331,277
123000315,94,478,-384
123000316,1164,86,1078
123000317,213,71,142
123000318,68,310,-242
123000329,24,22,2
123000337,812,221,591
123000338,1306,40,1266
123000339,249,216,33
123000340,178,550,-372
123000342,56,24,32
123000343,57,7,50
123000344,1710,693,1017
123000345,507,774,-267
123000346,244,66,178
123000352,1904,977,927
123000353,21,165,-144
123000354,787,21,766
123000355,2,664,-662
123000356,514,12,502
123000357,1,232,-231
123000359,7,233,-226
123000360,205,105,100
123000361,505,368,137
123000362,485,197,288
123000363,125,241,-116
123000364,632,595,37
123000365,58,443,-385
123000366,514,2645,-2131
123000367,366,1444,-1078
123000370,41,324,-283
123000371,608,53,555
123000372,545,21,524
123000373,21,572,-551
123000374,8,331,-323
123000375,495,82,413
123000376,993,703,290
123000377,593,49,544
123000378,26,397,-371
123000379,3,301,-298
123000380,97,479,-382
123000381,199,66,133
123000382,1891,243,1648
123000383,256,1594,-1338
123000384,599,110,489
123000385,531,686,-155
123000436,36,1159,-1123
123000507,115,256,-141
123000508,105,944,-839
123000517,343,62,281
123000518,32,312,-280
123000519,184,65,119
123000520,60,295,-235
123000521,356,112,244
123000522,155,541,-386
123000541,7,3,4
123000542,0,24,-24
123000565,829,62,767
123000566,308,704,-396
123000567,111,247,-136
123000573,53,1011,-958
123000574,1026,116,910
123000575,1641,1438,203
123000576,1099,2022,-923
123000577,91,660,-569
123000578,664,102,562
123000579,3816,5619,-1803
123000580,100,40,60
123000582,482,54,428
123000583,42,589,-547
123000584,230,312,-82
123000585,1,132,-131
123000586,104,16,88
123000596,104,116,-12
123000597,65,162,-97
123000602,34,8,26
123000603,822,707,115
123000604,530,1072,-542
123000605,1065,127,938
123000606,3,372,-369
123000609,23,370,-347
123000610,224,171,53
123000613,33,243,-210
123000614,326,87,239
123000615,57,162,-105
123000616,1180,93,1087
123000617,137,509,-372
123000618,134,858,-724
123000619,756,103,653
123000620,28,699,-671
123000622,628,34,594
123000624,165,37,128
123000630,956,553,403
123000631,306,1577,-1271
123000632,1039,1211,-172
123000633,1,262,-261
123000634,70,122,-52
123000635,127,103,24
123000636,45,641,-596
123000637,202,101,101
123000638,592,71,521
123000639,1400,4887,-3487
123000640,38,655,-617
123900001,1462,57,1405
123900002,29,1813,-1784
123900003,628,581,47
123900005,314,226,88
123900006,361,71,290
124000001,2533,202,2331
124000002,103,2258,-2155
124000003,1037,220,817
124000004,116,712,-596
124000005,1352,665,687
124000006,331,1471,-1140
124000007,780,164,616
124000008,15,650,-635
124000009,624,415,209
124000010,239,510,-271
124000011,1565,499,1066
124000012,495,764,-269
124000017,164,191,-27
124000018,140,96,44
124000019,168,169,-1
124000020,82,184,-102
124000021,126,110,16
124000022,98,279,-181
124000023,1974,1642,332
124000024,1232,631,601
124000025,1340,1788,-448
124000026,1221,1188,33
124000027,5914,5637,277
124000028,3016,5306,-2290
124000030,3834,1638,2196
124000031,1707,3626,-1919
124000032,3747,1329,2418
124000033,344,660,-316
124000034,1565,769,796
124000035,34,231,-197
124000036,159,268,-109
124000037,736,1158,-422
124000038,70,91,-21
124000039,1716,714,1002
124000040,907,1566,-659
124000041,594,101,493
124000042,169,567,-398
124000043,280,99,181
124000044,129,282,-153
124000045,984,696,288
124000046,400,768,-368
124000047,1772,1072,700
124000048,1162,1799,-637
124000049,1796,854,942
124000050,1064,2538,-1474
124000051,1100,710,390
124000052,762,1423,-661
124000053,602,1663,-1061
124000054,1160,782,378
124000055,1499,2887,-1388
124000056,3304,1933,1371
124000057,1028,617,411
124000058,529,1600,-1071
124000059,738,1294,-556
124000060,1484,890,594
124000061,1738,5225,-3487
124000062,5241,2234,3007
124000063,1772,2174,-402
124000064,2944,1926,1018
124000065,18,1140,-1122
124000066,243,85,158
124000067,248,351,-103
124000068,13,60,-47
124000069,241,19,222
124000070,275,219,56
124000071,176,112,64
124000072,243,555,-312
124000073,1010,195,815
124000074,295,922,-627
124000075,364,28,336
124000076,6,267,-261
124000077,2398,1022,1376
124000078,4104,1372,2732
124000079,617,1647,-1030
124000080,532,315,217
124000081,225,649,-424
124000082,34,149,-115
124000083,62,89,-27
124000084,35,251,-216
124000085,273,25,248
124000086,97,119,-22
124000087,101,89,12
124000088,245,547,-302
124000089,1391,636,755
124000090,141,364,-223
124000091,347,107,240
124000092,59,504,-445
124000093,85,175,-90
124000094,189,626,-437
124000095,83,71,12
124000096,164,347,-183
124000097,100,140,-40
124000098,85,95,-10
124000099,128,80,48
124000100,65,101,-36
124000101,89,129,-40
124000102,108,61,47
124000103,107,109,-2
124000104,174,80,94
124000105,96,109,-13
124000106,125,81,44
124000107,25,165,-140
124000108,45,37,8
124000109,132,120,12
124000110,238,115,123
124000111,230,185,45
124000112,701,771,-70
124000113,80,67,13
124000114,305,551,-246
124000115,406,805,-399
124000116,130,143,-13
124000117,62,109,-47
124000118,43,97,-54
124000119,1113,729,384
124000120,809,585,224
124000121,1603,832,771
124000122,696,1515,-819
124000123,1363,662,701
124000124,465,1412,-947
124000125,484,617,-133
124000126,346,741,-395
124000127,1019,518,501
124000128,650,1231,-581
124000129,2467,1889,578
124000130,1048,800,248
124000131,1111,691,420
124000132,956,912,44
124000133,847,1063,-216
124000134,1253,812,441
124000135,2327,2198,129
124000136,1188,1311,-123
124000137,1560,940,620
124000138,1721,1781,-60
124000139,654,42,612
124000140,54,581,-527
124000141,533,17,516
124000142,26,258,-232
124000143,77,23,54
124000144,18,62,-44
124000145,170,64,106
124000146,52,138,-86
124000148,55,146,-91
124000149,1583,666,917
124000150,416,790,-374
124000151,733,268,465
124000152,887,1382,-495
124000153,608,746,-138
124000154,315,789,-474
124000155,1223,973,250
124000156,1450,1101,349
124000169,193,582,-389
124000170,683,554,129
124000171,355,328,27
124000172,421,796,-375
124000173,600,243,357
124000174,376,868,-492
124000175,18,141,-123
124000176,112,30,82
124000177,11,53,-42
124000178,88,93,-5
124000190,40,39,1
124000191,113,49,64
124000192,2742,546,2196
124000193,669,1191,-522
124000194,447,609,-162
124000195,279,736,-457
124000196,1167,1372,-205
124000197,102,66,36
124000198,55,61,-6
124000201,601,1279,-678
124000202,872,455,417
124000203,397,871,-474
124000204,981,466,515
124000205,203,754,-551
124000206,831,482,349
124000207,1,45,-44
124000209,327,690,-363
124000210,548,272,276
124000211,657,1,656
124000212,9,600,-591
124000213,463,409,54
124000214,423,894,-471
124000215,658,33,625
124000216,5,499,-494
124000329,271,2123,-1852
124000338,179,1020,-841
124000339,1269,241,1028
124000341,1470,191,1279
124000344,34,0,34
124000357,1026,2399,-1373
124000358,866,1597,-731
124000359,1578,897,681
124000360,961,574,387
124000361,2285,925,1360
124000362,1641,2204,-563
124000363,286,498,-212
124000364,834,1361,-527
124000365,718,1270,-552
124000366,1701,1030,671
124000367,165,624,-459
124000368,573,547,26
124000369,178,148,30
124000370,45,601,-556
124000402,42,27,15
124000403,227,30,197
124000404,13,119,-106
124000405,1349,979,370
124000406,1172,1141,31
124000407,5,29,-24
124000411,3,523,-520
124000412,433,15,418
124000413,417,36,381
124000414,63,153,-90
124000415,90,153,-63
124000416,182,277,-95
124000417,156,112,44
124000418,186,147,39
124000419,77,116,-39
124000420,70,83,-13
124000421,71,206,-135
124000422,26,14,12
124000423,171,41,130
124000424,9,95,-86
124000425,42,65,-23
124000426,5,52,-47
124000427,60,17,43
124000428,31,71,-40
124000429,107,91,16
124000430,719,821,-102
124000431,440,915,-475
124000432,323,870,-547
124000439,4,6,-2
124000442,11,168,-157
124000443,0,5,-5
124000445,94,352,-258
124000446,836,25,811
124900001,482,435,47
124900002,285,538,-253
124900003,989,622,367
124900004,621,359,262
124900005,347,256,91
124900006,660,350,310
124900008,1351,617,734
124900009,358,623,-265
124900010,240,149,91
124900011,875,307,568
124900012,1005,223,782
124900013,553,145,408
124900014,279,96,183
124900015,234,602,-368
124900016,88,165,-77
124900017,1103,1630,-527
124900018,32,9,23
124900019,653,55,598
124900020,281,136,145
124900021,414,83,331
124900022,165,12,153
124900024,376,27,349
124900026,323,8,315
124900027,93,478,-385
124900028,618,184,434
124900029,13,535,-522
124900030,9,218,-209
124900031,87,498,-411
124900032,163,243,-80
124900033,125,546,-421
124900034,16,90,-74
124900035,251,695,-444
124900036,0,31,-31
124900037,181,451,-270
124900038,437,390,47
124900039,1,42,-41
124900040,188,92,96
124900041,274,973,-699
124900042,156,0,156
124900043,371,1005,-634
124900044,68,3,65
124900045,1124,1174,-50
124900046,2308,387,1921
124900047,205,321,-116
124900048,208,139,69
124900050,113,258,-145
124900052,244,957,-713
124900053,139,485,-346
124900054,2437,961,1476
124900055,2,224,-222
124900057,12,75,-63
124900060,136,250,-114
124900061,154,17,137
124900062,186,33,153
124900066,0,22,-22
124900067,6,186,-180
124900068,516,1116,-600
124900069,245,155,90
124900070,80,42,38
124900072,145,41,104
124900074,704,388,316
124900075,246,206,40
124900076,34,1125,-1091
124900077,27,98,-71
124900078,156,35,121
124900079,768,259,509
124900080,246,619,-373
124900081,834,318,516
124900082,364,850,-486
124900083,215,573,-358
124900084,2043,153,1890
124900085,1267,509,758
124900086,166,1250,-1084
124900087,618,111,507
124900088,818,142,676
124900089,1694,44,1650
124900090,435,328,107
124900091,407,539,-132
124900092,281,428,-147
124900093,455,345,110
124900094,503,389,114
124900095,117,660,-543
124900096,662,453,209
124900097,370,97,273
124900098,200,611,-411
124900099,1275,728,547
124900100,436,70,366
124900101,84,388,-304
124900102,263,37,226
124900103,206,298,-92
124900104,87,237,-150
124900105,91,153,-62
124900106,582,91,491
124900107,120,28,92
124900108,164,78,86
124900109,115,287,-172
124900110,1411,512,899
124900111,13,84,-71
124900112,126,1083,-957
129000186,225,39,186
204000001,84,0,84
204000002,16,5,11
204000003,45,0,45
204000004,9,0,9
204000005,671,574,97
204000006,1455,1231,224
204000008,1391,654,737
204000011,9,45,-36
204000012,46,69,-23
204000013,3,32,-29
204000019,595,576,19
204000020,626,656,-30
204000021,1409,749,660
204000022,585,526,59
204000023,670,987,-317
204000031,27,19,8
204000032,593,39,554
204000034,17,294,-277
204000035,0,4,-4
204000036,3,26,-23
204000037,2,29,-27
204000038,0,10,-10
204000039,3,46,-43
204000040,11,20,-9
204000041,11,41,-30
204000042,83,11,72
204000043,46,4,42
204000044,68,8,60
204000045,58,4,54
204000046,26,1,25
204000057,7,40,-33
204000062,5,23,-18
204000068,27,217,-190
204000069,15,247,-232
204000070,96,169,-73
204000080,33,61,-28
204000085,2629,2736,-107
204000086,2634,2598,36
204000087,35,13,22
204000088,3,139,-136
204000090,34,386,-352
204000093,424,91,333
204000096,926,1009,-83
204000097,555,23,532
204000099,1105,1471,-366
204000100,1566,1977,-411
204000105,2796,2004,792
204000110,677,1301,-624
204000111,436,661,-225
204000112,833,591,242
204000113,744,703,41
204000114,979,607,372
204000115,533,271,262
204000116,721,431,290
204000119,2233,2900,-667
204000132,581,335,246
204000133,762,393,369
204000134,302,164,138
204000135,473,104,369
204000136,627,260,367
204000138,361,435,-74
204000140,210,150,60
204000141,186,97,89
204000144,9,34,-25
204000145,662,42,620
204000146,25,323,-298
204000147,63,150,-87
204000148,599,37,562
204000154,12,5,7
204000155,13,7,6
204000177,66,58,8
204000179,21,12,9
204000180,0,26,-26
204000222,10,15,-5
204000235,7,21,-14
204000236,82,312,-230
204000238,39,18,21
204000240,434,105,329
204000308,226,43,183
204000317,12,97,-85
204000322,19,67,-48
204000323,6,14,-8
204000328,342,40,302
204000329,58,224,-166
204000330,262,25,237
204000331,52,166,-114
204010341,11,218,-207
205000001,1084,2096,-1012
205000013,10,63,-53
205000014,10,115,-105
205000015,29,217,-188
205000016,12,204,-192
205000017,18,112,-94
205000022,294,1046,-752
205000025,1351,1267,84
205000029,253,8,245
205000045,111,269,-158
205000047,48,467,-419
205000048,351,1158,-807
205000049,134,961,-827
205000050,742,364,378
205000059,2,265,-263
205000060,0,98,-98
205000061,2,62,-60
205000062,2,51,-49
205000063,16,92,-76
205000064,20,80,-60
205000065,39,595,-556
205000066,103,838,-735
205000067,39,939,-900
205000069,239,22,217
205000082,156,195,-39
205000110,80,317,-237
205000111,177,257,-80
205000112,242,281,-39
205000113,221,413,-192
205000121,304,58,246
205000123,46,267,-221
205000126,440,117,323
205000127,676,201,475
205000128,573,89,484
205000129,744,139,605
205000130,482,42,440
205000131,232,22,210
205000132,287,5,282
205000133,308,0,308
205000134,270,0,270
205000137,70,183,-113
205000138,251,300,-49
205000139,40,141,-101
205000144,124,99,25
205000145,388,210,178
205000151,221,39,182
205000152,189,19,170
205000153,244,36,208
205000154,112,67,45
205000155,117,17,100
205000207,14,197,-183
205000233,8,1,7
205000234,0,1,-1
205000243,0,0,0
205000244,2,6,-4
205000245,10,172,-162
205000249,0,27,-27
205000250,7,4,3
205000251,96,448,-352
205000264,6,103,-97
206000027,19,4,15
206000028,3,3,0
206000043,8,67,-59
206000053,4,14,-10
206000054,1,40,-39
206000055,0,29,-29
206000075,9,14,-5
206000076,22,14,8
206000077,13,4,9
206000078,23,7,16
206000079,16,2,14
206000082,427,63,364
206000100,44,689,-645
206000103,1,6,-5
206000104,6,22,-16
206000105,5,11,-6
206000106,6,34,-28
206000108,720,50,670
206000125,67,0,67
206000157,60,687,-627
206000170,1,207,-206
206000171,4,225,-221
206000172,12,666,-654
206000173,5,295,-290
206000174,18,124,-106
206000175,2,163,-161
206000176,21,253,-232
206000177,2,201,-199
206000178,4,184,-180
206000179,11,150,-139
206000180,16,177,-161
206000181,23,204,-181
206000182,17,220,-203
206000183,15,749,-734
206000184,5,427,-422
206000185,8,232,-224
206000186,112,1196,-1084
206000223,14,269,-255
206000226,19,3,16
206000227,22,2,20
206000237,26,437,-411
206000238,45,541,-496
206000239,278,2262,-1984
206000240,2,47,-45
206000241,1,115,-114
206000242,7,323,-316
206000243,15,266,-251
206000244,98,685,-587
206000245,782,49,733
206000246,185,11,174
206000247,220,8,212
206000248,314,15,299
206000252,79,36,43
206000258,17,38,-21
206000315,33,7,26
206000317,498,110,388
206000318,373,65,308
206000319,1291,104,1187
206000320,150,38,112
206000321,193,14,179
206000322,576,25,551
206000323,156,8,148
206000324,189,4,185
206000325,253,12,241
206000326,225,9,216
206000327,247,14,233
206000328,141,3,138
206000329,268,13,255
206000330,43,3,40
206000331,157,0,157
206000332,44,9,35
206000333,596,3,593
206000334,228,6,222
206000335,0,21,-21
206000361,12,224,-212
206000392,2,36,-34
206000405,97,0,97
206000441,44,19,25
206000498,28,7,21
206000515,130,38,92
206000530,171,55,116
206000531,154,185,-31
206000532,1653,307,1346
206000535,466,1880,-1414
206000536,21,198,-177
206000537,12,189,-177
206000613,1369,231,1138
207000001,151,586,-435
207000002,137,303,-166
207000003,179,168,11
207000007,830,222,608
207000008,108,5,103
207000009,68,43,25
207000010,448,529,-81
207000012,393,273,120
207000015,285,1388,-1103
207000019,279,113,166
207000021,648,180,468
207000022,153,138,15
207000023,246,56,190
207000024,9,4,5
207000025,40,51,-11
207000026,108,39,69
207000027,14,86,-72
207000028,44,238,-194
207000029,214,479,-265
207000033,239,342,-103
207000034,348,77,271
207000039,413,171,242
207000040,340,127,213
207000041,136,53,83
207000042,323,59,264
207000043,215,206,9
207000051,167,334,-167
207000052,28,160,-132
207000053,501,514,-13
207000054,47,123,-76
207000055,200,149,51
207000056,362,366,-4
207000057,162,316,-154
207000058,196,318,-122
207000059,84,615,-531
207000060,51,149,-98
207000061,131,427,-296
207000062,263,63,200
207000063,272,92,180
207000064,503,278,225
207000065,487,297,190
207000066,179,180,-1
207000067,69,99,-30
207000068,180,80,100
207000069,775,430,345
207000082,13,238,-225
207000083,111,306,-195
207000084,244,223,21
207000085,150,11,139
207000086,128,6,122
207000106,42,59,-17
207000107,90,29,61
207000108,65,10,55
207000109,79,26,53
207000110,49,57,-8
207000111,85,57,28
207000112,179,491,-312
207000114,31,35,-4
207000115,26,78,-52
207000116,36,448,-412
207000117,9,90,-81
207000118,7,71,-64
207000119,42,112,-70
207000123,240,23,217
207000124,57,42,15
207000125,87,36,51
207000126,51,75,-24
207000134,33,119,-86
207000135,24,194,-170
207000148,49,258,-209
207000149,110,49,61
207000152,129,444,-315
207000153,1130,1502,-372
207000154,412,129,283
207000159,140,442,-302
207000160,217,485,-268
207000238,0,168,-168
207000242,1,222,-221
207000248,20,43,-23
207000249,200,49,151
207000250,770,96,674
207000251,123,110,13
207000252,84,95,-11
207000278,122,74,48
207000279,18,233,-215
207000280,494,44,450
207000281,120,935,-815
207000282,166,91,75
207000283,142,188,-46
207000284,56,106,-50
207000285,81,48,33
207000291,16,134,-118
207000304,163,54,109
207000306,108,523,-415
207000310,61,112,-51
207000353,286,0,286
207000356,17,58,-41
207000357,29,24,5
207000415,2,222,-220
207000417,44,5,39
207000437,0,7,-7
207000439,1168,657,511
207000446,157,9,148
207000460,36,13,23
207000466,185,167,18
207000476,15,90,-75
207000477,850,190,660
207000523,0,11,-11
207000524,40,0,40
207000527,105,196,-91
207000530,390,3,387
207000531,282,8,274
207000532,96,15,81
207000534,472,46,426
207000535,37,334,-297
207000537,22,141,-119
207000540,11,265,-254
207000541,2,355,-353
207000548,11,269,-258
207000549,202,9,193
207000561,122,192,-70
207000562,61,205,-144
207000567,169,264,-95
207000568,282,132,150
207000569,462,1029,-567
207000584,435,261,174
207000585,83,285,-202
207000616,0,124,-124
207000617,166,0,166
207900008,182,101,81
208000001,707,914,-207
208000002,793,482,311
208000003,1146,411,735
208000004,1230,678,552
208000005,8,28,-20
208000019,806,1255,-449
208000020,196,654,-458
208000021,224,554,-330
208000022,1291,577,714
208000028,1558,1069,489
208000033,628,531,97
208000034,1422,1475,-53
208000040,232,226,6
208000041,1007,868,139
208000042,1512,894,618
208000047,187,304,-117
208000064,3150,1775,1375
208000066,2298,2540,-242
208000070,369,394,-25
208000071,382,1002,-620
208000072,370,1538,-1168
208000080,337,376,-39
208000081,309,219,90
208000082,337,361,-24
208000083,165,475,-310
208000084,17,18,-1
208000085,943,681,262
208000086,575,1068,-493
208000087,627,891,-264
208000089,993,594,399
208000090,972,863,109
208000093,162,124,38
208000094,556,470,86
208000095,797,539,258
208000104,1167,1250,-83
208000105,826,1408,-582
208000114,141,356,-215
208000115,549,483,66
208000116,690,1297,-607
208000117,178,173,5
208000118,77,131,-54
208000155,906,1056,-150
208000158,1632,4000,-2368
208000186,4972,4638,334
208000204,685,1198,-513
208000205,1300,1342,-42
208000282,7760,3462,4298
209000004,316,182,134
209000005,48,51,-3
209000006,499,149,350
209000007,335,302,33
209000010,614,187,427
209000011,260,364,-104
209000012,168,234,-66
209000013,287,489,-202
209000014,537,1454,-917
209000025,271,49,222
209000026,731,120,611
209000027,600,1162,-562
209000028,546,935,-389
209000029,718,778,-60
209000030,620,1702,-1082
209000031,3047,2883,164
209000034,200,160,40
209000035,131,192,-61
209000036,161,129,32
209000037,246,190,56
209000038,103,159,-56
209000039,89,137,-48
209000040,314,692,-378
209000041,189,481,-292
209000042,314,508,-194
209000043,800,1086,-286
209000044,275,902,-627
209000045,1498,628,870
209000046,632,673,-41
209000047,472,242,230
209000048,630,443,187
209000049,90,130,-40
209000050,199,149,50
209000051,317,400,-83
209000052,131,325,-194
209000062,44,155,-111
209000063,51,97,-46
209000064,59,107,-48
209000065,84,29,55
209000066,103,35,68
209000067,96,55,41
209000080,37,310,-273
209000082,82,50,32
209000091,40,177,-137
209000093,71,33,38
209000094,256,291,-35
209000110,32,140,-108
209000111,503,1391,-888
209000112,1082,632,450
209000113,1848,599,1249
209000114,697,488,209
209000115,74,171,-97
209000116,511,572,-61
209000118,38,39,-1
209000119,27,21,6
209000121,141,584,-443
209000135,95,172,-77
209000142,618,1538,-920
209000143,89,137,-48
209000144,61,119,-58
209000229,304,223,81
209000240,24,363,-339
209000259,78,105,-27
209000260,82,1299,-1217
209000261,9,781,-772
209000262,5,566,-561
209000263,0,143,-143
209000264,1,148,-147
209000265,556,2,554
209000266,221,3,218
209000267,1804,20,1784
209000268,951,102,849
210000037,82,31,51
210000047,81,32,49
210000048,111,25,86
210000049,55,12,43
210000052,59,109,-50
210000053,35,72,-37
210000054,57,99,-42
210000070,178,3,175
210000071,84,1,83
210000072,60,0,60
210000073,0,42,-42
210000074,0,145,-145
210000075,4,104,-100
210000076,41,153,-112
210000077,33,54,-21
210000078,55,36,19
210000079,28,25,3
210000080,136,64,72
210000081,356,21,335
210000082,162,3,159
210000083,101,0,101
210000084,46,0,46
210000085,1,76,-75
210000086,3,140,-137
210000099,43,287,-244
210000100,60,214,-154
210000101,104,208,-104
210000105,52,192,-140
210000159,1,181,-180
210000163,212,239,-27
210000164,280,191,89
210000168,147,33,114
210000187,0,14,-14
210000188,1,15,-14
210000214,59,0,59
210000219,16,47,-31
210000220,105,76,29
210000232,2,12,-10
210000233,25,54,-29
210000234,33,124,-91
210000235,56,93,-37
210000245,0,37,-37
210000246,44,0,44
210000258,10,95,-85
210000259,587,82,505
210000282,127,291,-164
210000285,1,122,-121
210000286,11,200,-189
210000295,50,142,-92
210000296,33,56,-23
210000320,223,113,110
210000321,170,117,53
210000338,67,68,-1
210000339,447,1270,-823
210000340,219,429,-210
210000341,245,304,-59
210000342,222,204,18
210000343,170,158,12
210000344,201,110,91
210000345,146,203,-57
210000346,62,123,-61
210000347,109,25,84
210000348,153,16,137
210000349,78,22,56
210000350,107,86,21
210000351,118,129,-11
210000352,79,99,-20
210000353,53,126,-73
210000354,131,82,49
210000355,48,83,-35
210000356,58,38,20
210000357,64,24,40
210000358,259,108,151
210000359,122,107,15
210000360,193,112,81
210000361,215,170,45
210000362,345,305,40
210000363,982,325,657
210000364,100,214,-114
210000365,157,64,93
210000366,153,83,70
210000367,103,55,48
210000368,238,42,196
210000369,19,29,-10
210000370,49,39,10
210000372,63,39,24
210000373,58,24,34
210000374,61,21,40
210000375,43,81,-38
210000376,115,136,-21
210000404,94,140,-46
210000439,27,56,-29
210000472,107,4,103
210000482,79,102,-23
210000564,479,342,137
210000568,382,4,378
211000092,51,53,-2
211000094,22,5,17
211000169,201,26,175
211000172,10,168,-158
211000209,0,31,-31
211000275,34,15,19
211000276,91,28,63
211000279,12,46,-34
211000281,55,35,20
211507980,1,43,-42
211977296,48,4,44
212000003,90,50,40
212000004,60,22,38
212000005,24,41,-17
212000006,41,53,-12
212000008,135,179,-44
212000009,32,144,-112
212000012,66,93,-27
212000013,29,65,-36
212000014,331,180,151
212000015,287,304,-17
212000016,611,637,-26
212000027,592,551,41
212000028,289,509,-220
212000029,212,329,-117
212000030,53,37,16
212000031,67,68,-1
212000048,57,185,-128
212000049,9,110,-101
212000050,37,13,24
212000051,238,257,-19
212000052,201,349,-148
212000053,483,703,-220
212000054,244,206,38
212000055,282,259,23
212000056,14,52,-38
212000057,7,25,-18
212000058,266,28,238
212000070,114,268,-154
212000077,122,767,-645
212000099,232,333,-101
212000108,170,197,-27
212000111,217,114,103
212000120,99,68,31
212000138,133,36,97
212000156,5,144,-139
212000158,6,22,-16
212000159,355,59,296
212000160,619,300,319
212000161,76,12,64
212000310,39,25,14
212000311,13,72,-59
212000374,44,19,25
213000001,30,677,-647
213000005,535,141,394
213000006,1411,306,1105
213000007,140,12,128
213000009,1031,579,452
213000010,221,337,-116
213000011,322,127,195
213000012,177,435,-258
213000014,82,9,73
213000015,276,9,267
213000016,410,3,407
213000017,76,0,76
213000018,1,199,-198
213000019,2,223,-221
213000020,140,534,-394
213000021,5,198,-193
213000023,399,162,237
213000033,352,1917,-1565
213000034,1051,362,689
213000035,131,259,-128
213000045,211,329,-118
213000046,267,235,32
213000047,796,1323,-527
213000056,90,57,33
213000069,92,1,91
213000073,1,37,-36
213000074,124,481,-357
213000075,629,11,618
213000085,10,56,-46
213000086,8,262,-254
213000091,241,37,204
213000092,29,6,23
213000099,166,1221,-1055
213000100,1278,246,1032
213000101,376,148,228
213000102,464,401,63
213000103,1082,1193,-111
213000104,70,596,-526
213000105,4,149,-145
213000106,28,149,-121
213000107,142,779,-637
213000108,41,659,-618
213000109,17,327,-310
213000110,18,97,-79
213000111,5,79,-74
213000112,189,120,69
213000115,64,10,54
213000116,85,651,-566
213000117,9,963,-954
213000118,405,312,93
213000119,72,769,-697
213000120,148,766,-618
213000122,151,835,-684
213000123,464,1667,-1203
213000124,126,1780,-1654
213000125,160,19,141
213000126,200,165,35
213000127,154,210,-56
213000128,554,1252,-698
213000129,436,490,-54
213000130,486,247,239
213000132,388,125,263
213000133,500,118,382
213000134,755,29,726
213000136,511,17,494
213000137,771,87,684
213000139,398,34,364
213000147,65,4,61
213000148,29,11,18
213000149,54,13,41
213000150,0,98,-98
213000151,2,131,-129
213000152,1,82,-81
213000153,2,64,-62
213000154,35,277,-242
213000155,38,304,-266
213000156,134,653,-519
213000157,546,535,11
213000158,394,1186,-792
213000159,727,726,1
213000163,911,142,769
213000165,984,302,682
213000171,0,102,-102
213000172,4,438,-434
213000173,6,345,-339
213000174,8,338,-330
213000175,29,345,-316
213000176,146,36,110
213000177,123,15,108
213000178,129,13,116
213000179,233,7,226
213000180,183,1,182
213000184,105,543,-438
213000188,517,118,399
213000189,400,63,337
213000190,1119,975,144
213000191,359,495,-136
213000192,237,554,-317
213000193,884,413,471
213000194,1,62,-61
213000195,22,489,-467
213000196,265,1448,-1183
213000197,386,672,-286
213000198,140,3,137
213000200,113,1281,-1168
213000201,77,43,34
213000202,17,632,-615
213000203,3925,771,3154
213000204,582,99,483
213000205,528,117,411
213000206,649,56,593
213000207,178,17,161
213000208,112,2,110
213000209,175,1,174
213000210,546,10,536
213000211,5,18,-13
213000212,30,26,4
213000213,15,27,-12
213000218,310,764,-454
213000219,546,11,535
213000220,500,9,491
213000223,241,213,28
213000224,60,40,20
213000225,97,6,91
213000226,104,6,98
213000227,1014,252,762
213000228,422,99,323
213000229,588,51,537
213000230,716,36,680
213000232,113,856,-743
213000233,11,187,-176
213000234,1,15,-14
213000293,10,65,-55
213000294,142,10,132
213000295,12,69,-57
213000296,46,21,25
213000297,5,129,-124
213000298,28,94,-66
213000299,58,52,6
213000300,12,3,9
213000303,0,31,-31
213000304,3,8,-5
213000305,2,10,-8
213000306,80,34,46
213000307,279,87,192
213000308,182,271,-89
213000309,185,70,115
213000310,639,167,472
213000311,345,847,-502
213000315,75,148,-73
213000316,197,54,143
213000322,99,202,-103
213000323,78,85,-7
213000324,134,191,-57
213000325,104,234,-130
213000326,112,99,13
213000327,96,184,-88
213000328,85,195,-110
213000329,157,129,28
213000340,176,615,-439
213000341,487,151,336
213000347,994,496,498
213000348,19,186,-167
213000349,30,26,4
213000350,318,1338,-1020
213000366,79,420,-341
213000367,201,26,175
213000379,154,89,65
213000386,20,292,-272
213000406,80,385,-305
213000417,1430,586,844
213000425,140,55,85
213000426,160,79,81
213000427,61,320,-259
213000428,52,256,-204
213000429,36,0,36
213000430,77,1043,-966
213000431,144,3,141
213000432,11,16,-5
213000433,55,197,-142
213000434,120,159,-39
213000435,131,119,12
213000436,36,75,-39
213000437,5,76,-71
213000438,221,166,55
213000439,74,17,57
213000440,19,368,-349
213000441,1,3,-2
213000442,9,70,-61
213000443,581,480,101
213000444,50,136,-86
213000445,0,96,-96
213000446,0,24,-24
213000447,5,41,-36
213000448,6,149,-143
213000449,360,9,351
213000450,21,46,-25
213000451,268,156,112
213000452,39,28,11
213000453,33,411,-378
213000455,479,62,417
213000456,0,285,-285
213000481,11,0,11
213000484,43,6,37
213000489,464,101,363
213900002,0,88,-88
213900003,402,2,400
213900013,1,149,-148
213900015,0,9,-9
213900016,19,13,6
213900020,8,138,-130
213900030,0,51,-51
213900032,272,167,105
213900033,104,42,62
213900034,538,145,393
213900035,240,706,-466
213900036,171,285,-114
213900037,50,369,-319
213900038,353,172,181
213900039,0,117,-117
213900041,2,134,-132
213900042,317,253,64
213900043,262,200,62
213900244,36,0,36
213900245,0,49,-49
218000003,22,17,5
218000004,24,28,-4
218000005,43,23,20
218000006,56,26,30
218000007,6,25,-19
218000012,154,168,-14
218000013,171,208,-37
218000014,761,737,24
218000019,1572,1172,400
218000020,422,691,-269
218000021,40,90,-50
218000022,8,43,-35
218000023,5,29,-24
218000024,5,12,-7
218000025,5,25,-20
218000026,6,28,-22
218000027,7,17,-10
218000028,0,7,-7
218000029,0,8,-8
218000030,22,42,-20
218000031,3,35,-32
218000032,2,27,-25
218000039,33,59,-26
218000040,7,9,-2
218000046,62,139,-77
218000047,14,193,-179
218000048,89,223,-134
218000049,156,197,-41
218000050,453,377,76
218000051,84,374,-290
218000052,2,140,-138
218000053,6,27,-21
218000054,10,40,-30
218000055,4,9,-5
218000056,16,55,-39
218000057,5,33,-28
218000064,7,19,-12
218000065,199,133,66
218000066,28,232,-204
218000067,100,182,-82
218000068,217,170,47
218000069,348,240,108
218000070,351,408,-57
218000071,287,291,-4
218000072,542,333,209
218000078,769,1055,-286
218000079,147,183,-36
218000080,193,177,16
218000081,617,379,238
218000082,64,236,-172
218000083,100,99,1
218000084,217,223,-6
218000085,270,665,-395
218000086,131,280,-149
218000087,262,349,-87
218000090,18,104,-86
218000091,540,243,297
218000092,101,259,-158
218000093,78,123,-45
218000094,209,427,-218
218000099,457,1317,-860
218000100,356,553,-197
218000101,493,216,277
218000102,580,411,169
218000103,181,252,-71
218000104,164,79,85
218000105,158,44,114
218000107,105,201,-96
218000108,24,128,-104
218000112,206,174,32
218000117,264,335,-71
218000134,779,902,-123
218000135,63,118,-55
218000136,282,97,185
218000137,191,135,56
218000138,58,132,-74
218000139,290,430,-140
218000140,627,212,415
218000141,164,112,52
218000142,160,169,-9
218000143,124,256,-132
218000144,110,103,7
218000145,467,472,-5
218000146,154,368,-214
218000151,10,33,-23
218000152,131,55,76
218000153,14,12,2
218000154,14,2,12
218000155,17,0,17
218000156,63,26,37
218000157,32,11,21
218000158,6,9,-3
218000159,7,4,3
218000160,9,0,9
218000161,25,6,19
218000162,33,8,25
218000163,12,3,9
218000164,57,7,50
218000165,68,25,43
218000170,16,59,-43
218000171,56,20,36
218000172,22,12,10
218000173,60,13,47
218000174,26,5,21
218000176,156,43,113
218000177,330,323,7
218000178,84,321,-237
218000179,82,107,-25
218000180,91,41,50
218000181,158,55,103
218000187,6,23,-17
218000188,26,50,-24
218000189,30,93,-63
218000190,17,34,-17
218000191,194,56,138
218000192,410,368,42
218000193,798,440,358
218000194,211,488,-277
218000195,121,127,-6
218000196,351,537,-186
218000197,462,591,-129
218000198,21,172,-151
218000199,62,33,29
218000200,75,55,20
218000201,14,28,-14
218000202,86,236,-150
218000207,9,30,-21
218000208,51,37,14
218000211,44,3,41
218000212,5,10,-5
218000213,137,89,48
218000214,7,30,-23
218000215,98,90,8
218000217,4,105,-101
218000218,290,74,216
218000219,66,33,33
218000220,110,382,-272
218000221,760,195,565
218000222,39,42,-3
218000223,45,506,-461
218000224,8,171,-163
218000225,174,75,99
218000226,121,83,38
218000230,0,2,-2
218000232,94,97,-3
218000234,23,21,2
218000239,149,10,139
218000240,50,5,45
218000241,20,0,20
218000242,101,1,100
218000243,87,0,87
218000244,40,9,31
218000245,213,4,209
218000246,1,0,1
218000247,5,0,5
218000248,0,19,-19
218000249,0,1,-1
218000250,0,11,-11
218000251,4,19,-15
218000252,0,17,-17
218000253,2,22,-20
218000254,0,15,-15
218000255,4,15,-11
218000256,5,46,-41
218000267,235,757,-522
218000268,11,88,-77
218000269,3,19,-16
218000270,30,25,5
218000271,25,30,-5
218000273,15,6,9
218000274,13,2,11
218000275,30,61,-31
218000276,6,44,-38
218000278,18,32,-14
218000279,32,15,17
218000280,38,8,30
218000281,6,9,-3
218000282,222,118,104
218000284,105,7,98
218000301,204,160,44
218000302,197,109,88
218000303,34,48,-14
218000316,768,1039,-271
218000317,1029,1105,-76
218000318,616,927,-311
218000319,995,1367,-372
218000320,772,728,44
218000338,63,31,32
218000339,14,24,-10
218000342,78,138,-60
218000343,154,105,49
218000345,16,24,-8
218000346,10,48,-38
218000353,59,30,29
218000354,68,143,-75
218000459,67,324,-257
218000490,34,44,-10
218000501,183,92,91
218000502,92,148,-56
218000503,182,97,85
218000504,388,114,274
218000505,174,303,-129
218000506,143,640,-497
218000508,23,14,9
218000510,514,63,451
218000520,193,222,-29
218000522,2,178,-176
218000523,174,3,171
218000524,46,182,-136
218000525,185,36,149
218000526,47,178,-131
218000530,8,9,-1
218000531,54,45,9
218000532,83,88,-5
218000537,8,15,-7
218000538,134,238,-104
218000539,100,68,32
218000540,307,97,210
218000543,105,58,47
218000544,24,115,-91
218000545,51,89,-38
218000546,41,113,-72
218000547,139,119,20
218000548,171,163,8
218000549,507,351,156
218000550,272,387,-115
218000551,186,892,-706
218000552,549,45,504
218000553,2,52,-50
218000554,29,18,11
218000555,53,18,35
218000556,48,300,-252
218000557,283,25,258
218000558,95,1,94
218000559,0,38,-38
218000560,0,28,-28
218000561,18,0,18
218000562,19,217,-198
218000563,244,21,223
218000564,17,112,-95
218000565,263,30,233
218000566,263,19,244
218000567,8,80,-72
218000568,51,2,49
218000569,16,121,-105
218000570,229,3,226
218000571,1,109,-108
218000572,122,3,119
218000573,18,78,-60
218000574,93,38,55
218000575,70,1,69
218000576,1,75,-74
218000577,147,2,145
218000578,2,102,-100
218000579,49,19,30
218000581,10,69,-59
218000582,69,7,62
218000583,18,0,18
218000584,1,21,-20
218000585,26,3,23
218000586,13,53,-40
218000587,5,2,3
218000588,1,1,0
218000589,1,2,-1
218000590,2,0,2
218000591,1,0,1
218000592,6,1,5
218000593,3,0,3
218000594,8,0,8
218000595,0,0,0
218000596,0,0,0
218000597,1,0,1
218000598,0,1,-1
218000599,0,2,-2
218000600,114,0,114
218000601,0,2,-2
218000602,0,27,-27
218000603,0,10,-10
218000604,44,0,44
218000605,1,125,-124
218000606,282,6,276
218000607,17,48,-31
218000608,61,16,45
218000609,8,65,-57
218000610,74,5,69
218000611,42,0,42
218000612,0,50,-50
218000613,59,1,58
218000614,1,52,-51
218000615,275,1,274
218000616,7,186,-179
218000617,35,1,34
218000618,1,24,-23
218000619,67,36,31
218000620,16,16,0
218000621,0,4,-4
218000622,0,18,-18
218000623,455,6,449
218000624,23,23,0
218000625,10,0,10
218000626,0,8,-8
218000628,116,37,79
218000632,7,121,-114
218000633,127,1,126
218000634,2,32,-30
218000635,15,21,-6
218000636,922,1636,-714
218000637,926,663,263
218000638,149,33,116
218000639,36,181,-145
218000640,254,35,219
218000641,56,389,-333
218000652,74,84,-10
218000653,162,60,102
218000675,12,10,2
218000676,1,28,-27
218000677,12,8,4
218000703,6,38,-32
218000718,1076,1098,-22
218000719,1505,617,888
218000720,6,88,-82
218000721,247,16,231
218000725,16,18,-2
218001214,5,29,-24
219000001,63,32,31
219000002,41,69,-28
219000003,62,29,33
219000004,54,52,2
219000017,99,27,72
219000020,128,69,59
219000022,138,8,130
219000023,119,1,118
219000029,1,113,-112
219000034,34,9,25
219000039,82,86,-4
219000040,59,50,9
219000041,106,36,70
219000051,0,44,-44
219000052,0,21,-21
219000053,3,132,-129
219000054,502,323,179
219000055,179,4,175
219000056,20,2,18
219000057,73,4,69
219000062,16,116,-100
219000063,70,1,69
219000110,595,52,543
219000111,99,59,40
219000112,259,53,206
219000113,149,49,100
219000114,339,116,223
219000116,92,55,37
219000117,190,90,100
219000118,181,46,135
219000123,230,94,136
219000124,221,69,152
219000125,10,22,-12
219000126,109,113,-4
219000127,0,2,-2
219000128,14,97,-83
219000129,22,114,-92
219000130,611,601,10
219000131,748,1081,-333
219000133,78,40,38
219000134,18,10,8
219000135,55,109,-54
219000136,116,211,-95
219000138,117,33,84
219000139,48,54,-6
219000140,60,0,60
219000141,38,103,-65
219000142,39,104,-65
219000143,18,105,-87
219000145,27,72,-45
219000146,6,58,-52
219000147,2,45,-43
219000148,3,54,-51
219000149,6,131,-125
219000150,4,95,-91
219000151,1,85,-84
219000157,187,198,-11
219000158,201,188,13
219000161,141,8,133
219000163,1673,522,1151
219000166,153,209,-56
219000167,164,211,-47
219000168,394,147,247
219000174,424,147,277
219000175,97,4,93
219000176,125,7,118
219000177,39,7,32
219000178,41,5,36
219000179,48,1,47
219000180,40,61,-21
219000182,218,27,191
219000183,111,67,44
219000184,117,15,102
219000185,2,78,-76
219000186,60,50,10
219000187,31,109,-78
219000189,153,200,-47
219000190,109,210,-101
219000191,1312,1469,-157
219000192,197,132,65
219000193,291,159,132
219000195,1,66,-65
219000196,7,99,-92
219000198,21,125,-104
219000199,105,263,-158
219000200,25,224,-199
219000201,82,278,-196
219000203,27,123,-96
219000204,125,228,-103
219000205,58,181,-123
219000207,176,306,-130
219000209,25,73,-48
219000210,29,87,-58
219000213,10,177,-167
219000239,190,368,-178
219000240,231,473,-242
219000241,165,244,-79
219000242,40,139,-99
219000243,75,261,-186
219000244,42,116,-74
219000245,44,43,1
219000246,28,15,13
219000247,125,28,97
219000248,658,450,208
219000249,104,104,0
219000250,96,101,-5
219000251,694,257,437
219000252,287,229,58
219000253,606,124,482
219000255,83,87,-4
219000256,169,69,100
219000257,109,3,106
219000262,112,163,-51
219000263,67,173,-106
219000267,4,102,-98
219000268,5,6,-1
219000269,13,3,10
219000270,6,1,5
219000271,91,0,91
219000278,1,3,-2
219000279,1,2,-1
219000283,0,1,-1
219000295,20,97,-77
219000296,87,672,-585
219000297,16,167,-151
219000298,16,193,-177
219000299,500,70,430
219000300,55,251,-196
219000301,368,415,-47
219000302,58,286,-228
219000307,35,65,-30
219000308,40,36,4
219000311,173,75,98
219000312,594,111,483
219000313,350,45,305
219000314,76,591,-515
219000315,316,33,283
219000316,598,82,516
219000317,91,47,44
219000320,3,63,-60
219000321,0,31,-31
219000323,14,72,-58
219000325,2,24,-22
219000326,49,96,-47
219000327,70,33,37
219000328,49,51,-2
219000329,401,160,241
219000330,102,44,58
219000331,51,41,10
219000332,147,78,69
219000333,34,10,24
219000335,96,4,92
219000337,34,1,33
219000338,116,0,116
219000344,16,90,-74
219000345,66,123,-57
219000346,46,159,-113
219000348,117,124,-7
219000349,49,183,-134
219000350,128,187,-59
219000351,5,5,0
219000352,485,90,395
219000353,103,60,43
219000354,229,109,120
219000355,181,59,122
219000356,1442,1470,-28
219000363,301,63,238
219000364,101,32,69
219000365,121,30,91
219000366,295,348,-53
219000368,364,644,-280
219000370,1397,482,915
219000371,7,28,-21
219000382,19,40,-21
219000383,746,1071,-325
219000385,560,534,26
219000386,864,1662,-798
219000387,10,11,-1
219000390,3,2,1
219000391,8,1,7
219000397,86,89,-3
219000398,104,41,63
219000401,16,132,-116
219000402,35,166,-131
219000403,161,321,-160
219000404,37,156,-119
219000409,93,70,23
219000410,128,49,79
219000411,94,20,74
219000446,189,383,-194
219000447,3,29,-26
219000448,7,22,-15
219000452,125,55,70
219000453,74,162,-88
219000454,264,293,-29
219000556,210,80,130
219000558,210,170,40
219000590,45,183,-138
219000591,113,81,32
219000592,128,396,-268
219000595,2,25,-23
219000635,195,43,152
219000636,24,128,-104
219000657,98,55,43
219000658,53,105,-52
219000673,0,12,-12
219000676,81,12,69
219000679,50,4,46
219000684,85,0,85
219000685,5,80,-75
219000686,0,2,-2
219000688,0,100,-100
219000689,68,458,-390
219000690,385,68,317
219000693,0,26,-26
219000694,36,2,34
219000695,43,4,39
219000698,20,0,20
219000699,0,22,-22
219000727,2,112,-110
219000728,354,5,349
219000770,27,0,27
219000771,0,24,-24
219001150,1,32,-31
219001151,0,4,-4
220000001,50,61,-11
220000002,11,143,-132
220000003,832,240,592
220000004,967,594,373
220000005,1699,2073,-374
220000006,314,984,-670
220000007,482,663,-181
220000008,348,971,-623
220000009,256,395,-139
220000010,243,149,94
220000011,612,4813,-4201
220000012,114,458,-344
220000014,109,41,68
220000015,55,157,-102
220000017,37,340,-303
220000018,5523,1724,3799
220000019,99,308,-209
220000020,497,268,229
220000021,630,194,436
220000022,698,610,88
220000023,375,199,176
220000024,2038,393,1645
220000025,979,1001,-22
220000026,279,303,-24
220000027,54,110,-56
220000028,53,29,24
220000029,71,216,-145
220000030,105,78,27
220000031,544,322,222
220000064,16,1202,-1186
221000046,5,0,5
221000047,0,3,-3
221000048,0,2,-2
221000049,0,6,-6
221000050,9,0,9
221000055,51,48,3
221000057,39,11,28
221000068,314,129,185
221000069,310,48,262
221000070,213,12,201
221000071,80,9,71
221000072,202,14,188
221000073,123,47,76
221000074,2,11,-9
221000075,13,30,-17
221000076,8,57,-49
221000077,29,137,-108
221000081,24,7,17
221000082,57,5,52
221000083,18,10,8
221000084,3,4,-1
221000085,14,68,-54
221000086,13,117,-104
221000087,4,177,-173
221000088,15,173,-158
221000089,27,275,-248
221000090,131,539,-408
221000098,118,15,103
221000099,141,18,123
221000100,69,6,63
221000101,161,14,147
221000102,106,12,94
221000109,8,113,-105
221000110,18,110,-92
221000111,29,170,-141
221000112,7,158,-151
221000113,19,201,-182
221000114,9,164,-155
221000120,42,27,15
221000121,5,27,-22
221000122,83,41,42
221000123,24,6,18
221000124,49,173,-124
221000155,85,13,72
221000156,39,27,12
221000175,0,5,-5
221000176,1,5,-4
221000182,37,10,27
221000241,583,277,306
221000242,213,491,-278
221000243,444,139,305
221000244,332,508,-176
221000245,42,107,-65
221000246,55,217,-162
221000247,62,106,-44
221000248,94,129,-35
221000267,43,765,-722
221000325,102,61,41
221000331,5,110,-105
221000338,12,36,-24
221000378,154,30,124
221000381,43,23,20
222000282,11,0,11
222000296,3,44,-41
222000568,308,24,284
222000569,157,40,117
222000570,141,26,115
222000571,296,26,270
222000577,16,191,-175
222000578,53,153,-100
222000579,36,143,-107
222000580,141,1011,-870
222000599,0,187,-187
222000600,1,442,-441
222000601,8,1161,-1153
222000603,31,49,-18
222000604,6,36,-30
222000605,14,26,-12
222000606,6,10,-4
222000607,8,4,4
222000608,44,12,32
222000609,131,211,-80
222000616,431,37,394
222000617,11,22,-11
222000618,6,6,0
222000620,28,12,16
222000621,71,7,64
222000623,578,9,569
222000624,359,6,353
222000625,560,45,515
222000636,51,5,46
222000686,26,14,12
222000687,62,27,35
222001066,308,6,302
222001067,14,5,9
222001068,47,31,16
222001069,37,66,-29
222001082,9,67,-58
222001083,16,58,-42
222001084,0,17,-17
222001085,0,254,-254
222001111,44,163,-119
222001112,77,36,41
222001313,38,10,28
222001314,10,141,-131
222001464,70,43,27
222001465,22,135,-113
222001484,133,69,64
222001485,36,52,-16
222001494,453,192,261
222001495,160,323,-163
222001496,290,86,204
222001497,115,500,-385
222001502,27,105,-78
222001503,153,58,95
222001504,27,384,-357
222001505,323,25,298
222001506,55,397,-342
222001507,350,50,300
222001510,437,36,401
222001511,38,497,-459
222001514,659,210,449
222001515,305,591,-286
222001518,295,105,190
222001519,68,347,-279
222001527,205,91,114
222001528,55,225,-170
222001529,267,61,206
222001530,71,244,-173
222001533,195,413,-218
222001534,380,97,283
222001535,168,286,-118
222001536,97,305,-208
222001537,271,57,214
222001538,121,579,-458
222001563,624,109,515
222001564,64,693,-629
222001568,616,138,478
222001576,2,1,1
222001579,3,2,1
222001583,25,255,-230
222001584,134,12,122
222001596,695,1519,-824
222001597,2062,345,1717
222001626,0,213,-213
222001650,319,110,209
222001651,198,151,47
222001914,212,100,112
222001915,66,230,-164
222900004,464,296,168
222900009,630,780,-150
222900019,220,250,-30
222900024,29,17,12
222900025,4,39,-35
225000001,509,180,329
225000002,837,183,654
225000003,666,85,581
225000004,355,223,132
225000005,62,63,-1
225000006,1,241,-240
225000007,1835,1381,454
225000010,335,18,317
225000011,444,972,-528
225000012,174,541,-367
225000013,76,138,-62
225000014,877,89,788
225000015,91,163,-72
225000021,920,194,726
225000027,300,476,-176
225000032,681,158,523
225000042,103,678,-575
225000049,49,58,-9
225000050,54,7,47
225000053,24,301,-277
225000058,714,176,538
225000067,167,166,1
225000068,164,372,-208
225000069,190,506,-316
225000070,100,413,-313
225000071,24,185,-161
225000075,29,1267,-1238
225000076,62,144,-82
225000078,80,37,43
225000085,79,137,-58
225000086,259,63,196
225000087,178,14,164
225000088,7,160,-153
225000089,327,1077,-750
225000090,58,415,-357
225000091,174,170,4
225000092,27,67,-40
225000093,179,242,-63
225000094,13,326,-313
225000095,355,483,-128
225000096,412,546,-134
225000098,679,305,374
225000099,385,167,218
225000100,307,168,139
225000104,104,402,-298
225000110,28,428,-400
225000111,372,1294,-922
225000112,397,1304,-907
225000113,249,577,-328
225000114,68,314,-246
225000115,1787,700,1087
225000116,1148,226,922
225000117,751,307,444
225000118,960,274,686
225000119,207,78,129
225000120,804,54,750
225000121,418,29,389
225000123,846,6,840
225000125,324,200,124
225000126,677,217,460
225000127,672,1230,-558
225000128,408,784,-376
225000132,304,31,273
225000133,250,27,223
225000134,610,163,447
225000135,55,26,29
225000136,239,12,227
225000137,155,66,89
225000138,341,81,260
225000143,71,240,-169
225000144,2,372,-370
225000145,25,44,-19
225000146,67,105,-38
225000147,58,293,-235
225000148,8,216,-208
225000149,90,550,-460
225000151,29,270,-241
225000155,398,502,-104
225000156,224,916,-692
225000157,279,408,-129
225000158,79,343,-264
225000171,2,218,-216
225000180,24,2,22
225000181,1,70,-69
225000182,87,23,64
225000185,17,428,-411
225000187,58,329,-271
225000191,142,4,138
225000194,0,4,-4
225000208,3,42,-39
225000209,106,24,82
225000210,14,272,-258
225000217,0,12,-12
225000218,46,1,45
225000223,0,40,-40
225000224,70,0,70
225000225,0,14,-14
225000226,34,3,31
225000227,56,84,-28
225000228,7,18,-11
225000229,1,104,-103
225000230,102,1,101
225000231,0,60,-60
225000232,212,1,211
225000241,84,0,84
225000242,1,42,-41
225000249,24,20,4
225000250,51,902,-851
225000251,374,54,320
225000254,1,0,1
225000256,5,69,-64
225000257,0,74,-74
226000042,328,464,-136
226000043,79,341,-262
226000044,126,580,-454
226000045,97,419,-322
226000046,314,137,177
226000047,333,145,188
226000048,328,108,220
226000049,316,176,140
226000070,0,44,-44
226000071,0,48,-48
226000072,0,28,-28
226000073,0,16,-16
226000074,0,9,-9
226000084,2,67,-65
226000085,2,8,-6
226000086,1,9,-8
226000087,18,6,12
226000088,49,38,11
226000090,331,73,258
226000091,35,31,4
226000092,36,17,19
226000093,32,1,31
226000094,90,0,90
226000095,28,19,9
226000105,7,1,6
226000106,9,0,9
226000107,6,0,6
226000108,32,0,32
226000109,89,1,88
226000124,130,76,54
226000134,683,426,257
226000135,1263,553,710
226000136,642,393,249
226000137,12,328,-316
226000138,3,144,-141
226000139,4,35,-31
226000156,137,3,134
226000157,323,10,313
226000163,102,141,-39
226000202,6,473,-467
226000231,170,10,160
226000232,45,9,36
227000033,303,85,218
227000036,317,26,291
227000037,309,32,277
227000038,238,32,206
227000084,0,56,-56
227000085,0,49,-49
227000088,49,4,45
227000089,117,1,116
227000090,85,0,85
227000091,11,4,7
227000092,27,0,27
227000093,129,0,129
227000094,20,0,20
227000130,23,75,-52
227000131,38,203,-165
227000132,11,217,-206
227000133,12,215,-203
227000134,14,391,-377
227000152,0,3,-3
227000153,1,58,-57
227000154,0,13,-13
227000155,0,8,-8
227000156,0,24,-24
227000165,6,29,-23
227000196,415,322,93
227000199,388,549,-161
227000230,20,441,-421
227000232,817,28,789
227000242,44,421,-377
227000243,421,63,358
227000245,9,430,-421
227000246,144,470,-326
227000247,325,99,226
227000248,148,22,126
227000249,27,150,-123
227000250,409,110,299
227000251,104,151,-47
227000252,24,344,-320
227000253,115,16,99
227000262,342,43,299
227000266,1545,52,1493
227000267,30,1633,-1603
227000282,7,196,-189
227000284,509,17,492
227000286,5,87,-82
227000291,18,595,-577
227000296,367,275,92
227000484,143,21,122
227000485,32,826,-794
227000655,173,12,161
227000656,756,30,726
227000657,79,12,67
229000265,5,16,-11
229000266,1,0,1
229000267,14,0,14
229000268,37,0,37
229000269,118,0,118
229000274,1,33,-32
229000275,0,23,-23
229000276,0,23,-23
229000277,3,1,2
229000278,0,5,-5
229000295,18,30,-12
229000296,39,10,29
229000297,13,21,-8
229000298,16,152,-136
229000320,19,16,3
229000321,33,7,26
229000412,12,72,-60
229000414,12,77,-65
229000415,28,7,21
229000416,4,6,-2
229000417,1,34,-33
229000419,142,311,-169
229000440,417,71,346
229000442,22,13,9
229000443,7,3,4
229000444,7,31,-24
229000445,62,7,55
229000446,82,25,57
229000491,1,26,-25
229000492,12,110,-98
229000493,5,94,-89
229000494,41,2,39
229000495,85,6,79
229000496,62,5,57
229000507,0,49,-49
229000508,2,44,-42
229000509,2,75,-73
229000510,2,22,-20
229000511,6,81,-75
229000512,0,37,-37
229000513,0,10,-10
229000514,0,2,-2
229000517,4,8,-4
229000518,16,21,-5
229000519,3,17,-14
229000520,21,43,-22
229000521,29,8,21
229000522,10,11,-1
229000523,10,7,3
229000524,11,4,7
229000527,5,0,5
229000528,0,0,0
229000529,10,0,10
229000530,70,4,66
229000531,45,2,43
229000532,51,1,50
229000533,80,1,79
229000534,88,1,87
229000564,51,0,51
229000565,17,0,17
229000566,0,16,-16
229000567,0,46,-46
229000582,81,1,80
229000583,3,8,-5
229000584,0,25,-25
229000585,1,59,-58
229000718,0,0,0
229000719,0,0,0
229000720,0,6,-6
229000721,0,8,-8
229000722,0,21,-21
229000723,0,5,-5
229000724,0,0,0
229000725,1,4,-3
229000738,2,0,2
229000739,0,0,0
229000740,6,0,6
229000741,13,0,13
229000742,3,0,3
229000743,9,0,9
229000744,3,3,0
229000745,1,0,1
229000746,36,0,36
229000847,62,3,59
229000848,46,0,46
229000849,93,1,92
229000851,37,0,37
229000854,1,43,-42
229000856,2,157,-155
229000857,0,42,-42
229000858,0,77,-77
229000919,36,123,-87
229000930,6,267,-261
229000937,75,33,42
229000966,61,27,34
229000981,26,44,-18
229000985,9,24,-15
229000986,2,11,-9
229000987,0,2,-2
229000988,2,14,-12
229000989,7,18,-11
229000990,2,0,2
229000991,5,1,4
229000992,14,2,12
229000993,100,29,71
229000998,26,65,-39
229000999,61,15,46
229001034,0,42,-42
229001035,8,5,3
229001036,1,59,-58
229001037,54,1,53
229001038,1,3,-2
229001039,0,1,-1
229001040,0,100,-100
229001041,92,0,92
229001042,7,10,-3
229001047,9,67,-58
229001050,67,7,60
229001168,0,26,-26
229001200,15,1,14
229001338,6,73,-67
229001394,229,0,229
229001422,144,28,116
229001423,58,193,-135
229001431,67,55,12
229001432,63,78,-15
229001444,240,63,177
229001445,39,214,-175
229001479,20,7,13
229001503,183,109,74
229001504,122,166,-44
229001505,121,44,77
229001506,119,164,-45
229001509,39,9,30
229001510,9,40,-31
229001545,70,2,68
229001546,20,151,-131
229001553,91,14,77
229001554,53,141,-88
229001630,58,25,33
229001631,24,28,-4
229001635,0,13,-13
229001636,2,1,1
229001658,2,149,-147
229001659,84,2,82
229001660,8,5,3
229001661,20,27,-7
229001662,15,0,15
229001663,3,50,-47
229002584,228,201,27
229002831,255,201,54
229002841,7,22,-15
229002842,16,33,-17
229002843,98,14,84
229002844,54,88,-34
229002845,23,87,-64
229002846,34,31,3
229002847,3,8,-5
229002848,5,18,-13
229002849,18,69,-51
229002850,9,2,7
229002851,34,118,-84
229002852,206,24,182
229002853,156,26,130
229002854,40,48,-8
229002855,4,23,-19
229002856,26,19,7
229002857,11,74,-63
229002858,62,22,40
229002859,43,23,20
229002860,261,24,237
229002861,196,24,172
229002862,51,53,-2
229002863,27,28,-1
229002864,31,63,-32
229002865,14,11,3
229002866,12,24,-12
229002867,2,32,-30
229002868,7,18,-11
229002869,36,149,-113
229002870,29,8,21
235000067,371,68,303
235000072,79,303,-224
235000080,8,118,-110
235000081,80,180,-100
235000082,193,64,129
235000083,247,87,160
235000084,53,44,9
235000085,110,43,67
235000093,8,4,4
235000097,2,12,-10
235000098,45,15,30
235000115,132,113,19
235000116,68,30,38
235000117,822,20,802
235000133,11,358,-347
235000134,5,91,-86
235000206,11,2,9
235000207,6,1,5
235000210,2,0,2
235000212,4,11,-7
235000220,0,6,-6
235000221,59,7,52
235000238,6,85,-79
235000239,2,13,-11
235000242,363,489,-126
235000245,772,218,554
235000246,13,68,-55
235000284,8,103,-95
235000295,128,26,102
235000305,192,23,169
235000306,182,11,171
235000307,7,1,6
235000308,9,0,9
235000309,59,0,59
235000310,95,0,95
235000311,270,111,159
235000322,0,42,-42
235000323,2,61,-59
235000324,1,20,-19
235000325,1,15,-14
235000326,12,252,-240
235000351,2,54,-52
235000352,16,34,-18
235000353,2,27,-25
235000354,3,44,-41
235000355,8,25,-17
235000356,225,17,208
235000357,60,10,50
235000358,78,6,72
235000359,11,10,1
235000360,90,18,72
235000361,61,7,54
235000381,63,155,-92
235000382,192,39,153
235000390,7,1,6
235000391,97,13,84
235000392,134,306,-172
235000393,82,174,-92
235000395,128,44,84
235000396,516,92,424
235000399,203,30,173
235000400,82,34,48
235000401,43,197,-154
235000402,51,123,-72
235000405,98,345,-247
235000406,48,366,-318
235000407,77,116,-39
235000409,182,141,41
235000411,3,62,-59
235000485,0,11,-11
235000486,1,0,1
235000549,81,119,-38
235000550,53,244,-191
235000599,72,40,32
235000600,4,9,-5
235000601,14,33,-19
235000602,81,67,14
235000614,1,7,-6
235000648,1,19,-18
235000649,28,10,18
235000815,7,30,-23
235000834,0,4,-4
235000855,81,67,14
235000862,42,222,-180
235000891,0,16,-16
235000892,32,1,31
235000901,42,86,-44
235000907,7,14,-7
235001010,80,134,-54
235001030,332,300,32
235001078,70,78,-8
235001079,79,148,-69
235001147,9,65,-56
235001166,12,97,-85
235001167,23,36,-13
235001169,21,267,-246
235001200,42,43,-1
235001239,0,30,-30
235016266,9,16,-7
235016267,1,35,-34
235900013,2,2,0
235900014,1,3,-2
241900007,31,0,31
277101746,0,0,0
277102712,0,0,0
277103813,0,0,0
277103814,0,0,0
277103898,0,4,-4
990010990,27,233,-206
990011530,0,214,-214
990014944,1,705,-704
990015176,58,1,57
990015618,1,210,-209
990015888,16,50,-34
990016032,2,434,-432
990032570,2,273,-271
990070001,81,6,75
990070103,0,3,-3
990070601,0,76,-76
990070751,877,3,874
990070766,1,546,-545
990071180,607,330,277
990071343,47,26,21
990071387,0,25,-25
990071823,566,1,565
990072600,1,737,-736
990072964,5,528,-523
990073285,0,1,-1
990074393,1,1086,-1085
990074714,34,55,-21
990074870,1482,19,1463
990075106,1539,14,1525
990075746,564,7,557
990076437,1324,9,1315
990076458,1,947,-946
997000007,603,13,590
997000041,0,190,-190
997000058,49,0,49
997000062,63,1,62
997000069,0,5,-5
997000070,0,43,-43
997000100,24,1,23
997000141,8,2306,-2298
997000198,11,1728,-1717
998000475,7,56,-49
998000736,0,191,-191
998000965,0,25,-25
998001031,0,75,-75
998001072,687,442,245
998001091,3,3,0
998001093,0,0,0
998001103,1,8,-7
998001105,4,18,-14
998001700,1,34,-33
998001899,0,2,-2
998001900,4,0,4
998003073,1375,2,1373
998003124,21,26,-5
998003125,20,137,-117
998101900,0,0,0
998102850,0,173,-173
998501819,2,0,2
998501820,0,5,-5
998501832,155,109,46
998501927,1029,575,454
998501929,91,8,83
998501930,45,0,45
998501931,119,22,97
998501932,4,1,3
998501933,52,1,51
998501937,9,4,5
998501944,4,0,4
998501950,0,0,0
998501970,77,3,74
998501971,1,92,-91
998501972,419,2,417
998501973,0,76,-76
998501974,4,321,-317
998501975,249,2,247
998501976,73,1,72
998501977,0,34,-34
998501978,30,2,28
998501979,0,23,-23
998501980,47,1,46
998501981,17,2,15
998501982,0,197,-197
998501983,0,0,0
998502006,0,0,0
998502024,0,3,-3
998502032,0,9,-9
998502062,18,0,18
998502063,0,0,0
998502173,12,0,12
998502269,0,8,-8
998601159,6,227,-221
998601292,0,27,-27
999033574,0,99,-99
999800001,174,76,98
999800002,0,6,-6
999800003,2,0,2
999800004,0,3,-3
999800005,0,9,-9
