ID,insum,outsum,diff
100000001,713,1412,-699
100000002,5887,1230,4657
100000003,10531,4855,5676
100000004,1959,1461,498
100000005,3051,6423,-3372
100000006,979,177,802
100000007,4863,956,3907
100000008,379,861,-482
100000009,839,353,486
100000010,94,71,23
100000011,1046,111,935
100000012,131,1021,-890
100000013,74,352,-278
100000014,671,424,247
100000015,2632,3497,-865
100000016,1820,2240,-420
100000017,1484,1468,16
100000018,2565,1018,1547
100000019,8975,3043,5932
100000020,3550,12802,-9252
100000021,10046,4472,5574
100000022,5112,2542,2570
100000023,11970,2734,9236
100000025,5299,1417,3882
100000028,4265,1575,2690
100000029,549,368,181
100000030,1002,154,848
100000031,13617,14456,-839
100000032,4993,7277,-2284
100000033,1844,4405,-2561
100000034,1586,739,847
100000035,3446,1453,1993
100000036,4977,1741,3236
100000037,754,715,39
100000038,2502,1611,891
100000039,2502,335,2167
100000040,756,264,492
100000041,1687,550,1137
100000042,1482,557,925
100000043,1383,502,881
100000044,547,996,-449
100000045,900,2060,-1160
100000046,1253,2150,-897
100000047,1097,1415,-318
100000048,2413,1028,1385
100000049,2969,3541,-572
100000051,893,1445,-552
100000053,152,13,139
100000054,540,47,493
100000055,1690,327,1363
100000056,710,807,-97
100000057,2856,1118,1738
100000058,1657,1770,-113
100000059,10,180,-170
100000060,618,812,-194
100000061,3098,845,2253
100000062,2564,833,1731
100000063,755,410,345
100000064,2397,601,1796
100000065,715,1742,-1027
100000066,361,1380,-1019
100000067,776,1241,-465
100000068,905,2553,-1648
100000069,535,2428,-1893
100000072,519,2112,-1593
100000073,2815,2141,674
100000075,959,459,500
100000076,5547,4325,1222
100000077,1344,457,887
100000078,181,75,106
100000079,86,98,-12
100000080,38,57,-19
100000081,204,145,59
100000102,9960,2474,7486
100000103,8215,1539,6676
100000104,8468,3380,5088
100000105,6267,1919,4348
100000106,5926,3801,2125
100000107,1569,1128,441
100000108,2381,1592,789
100000109,8757,1986,6771
100000116,2542,1373,1169
100000117,114,74,40
100000118,3085,1621,1464
100000119,1466,976,490
100000121,522,768,-246
100000122,4531,1490,3041
100000123,6134,9537,-3403
100000124,8739,14197,-5458
100000125,4732,1714,3018
100000126,2462,416,2046
100000127,5074,498,4576
100000128,2333,2817,-484
100000129,1278,672,606
100000130,536,946,-410
100000131,4746,6540,-1794
100000132,2291,5136,-2845
100000133,10497,5070,5427
100000135,761,1261,-500
100000139,754,224,530
100000140,745,351,394
100000142,638,787,-149
100000143,1475,697,778
100000144,6433,1385,5048
100000147,1750,3591,-1841
100000150,86,613,-527
100000151,1414,1393,21
100000153,1378,642,736
100000154,521,196,325
100000155,81,89,-8
100000156,396,170,226
100000157,80,105,-25
100000158,271,132,139
100000159,1258,850,408
100000165,2325,1153,1172
100000169,1740,542,1198
100000174,3972,817,3155
100000179,170,832,-662
100000180,8791,3160,5631
100000181,312,365,-53
100000188,211,690,-479
100000189,4179,579,3600
100000190,1418,844,574
100000191,1411,633,778
100000192,133,221,-88
100000193,247,259,-12
100000330,3090,1589,1501
100000355,450,1115,-665
100000362,8069,5174,2895
100000363,4855,6970,-2115
100000364,843,233,610
100000365,6385,6976,-591
100000366,9919,3800,6119
100000367,7578,5888,1690
100000368,3569,2574,995
100000369,2480,2992,-512
100000370,411,794,-383
100000376,152,207,-55
100000379,8643,2488,6155
100000380,13830,4401,9429
100000384,12149,7636,4513
100000385,11409,6287,5122
100000386,15780,9903,5877
100000387,14256,8050,6206
100000388,12748,13124,-376
100000389,13707,10635,3072
100000390,14284,7989,6295
100000391,9686,12393,-2707
100000392,7653,4249,3404
100000393,4298,5019,-721
100000394,15219,8184,7035
100000395,8937,3395,5542
100000396,10611,3580,7031
100000397,7045,4235,2810
100000398,17385,11534,5851
100900002,69,87,-18
100900003,468,198,270
100900004,68,1402,-1334
100900005,224,28,196
100900006,15,242,-227
100900007,884,13,871
100900008,4,645,-641
100900009,122,91,31
100900010,219,167,52
100900011,125,453,-328
100900012,2,348,-346
100900013,1494,16,1478
100900014,3,21,-18
100900015,173,297,-124
100900016,4,63,-59
100900017,1484,140,1344
100900018,0,32,-32
100900019,69,311,-242
100900020,687,10,677
100900021,546,4,542
100900022,33,67,-34
100900023,0,135,-135
100900024,1826,11,1815
100900025,23,42,-19
100900026,140,236,-96
100900027,824,5033,-4209
100900028,201,262,-61
100900029,111,18,93
100900030,15,44,-29
100900031,928,117,811
100900032,226,2,224
100900033,348,317,31
100900034,606,3,603
100900035,1596,2,1594
100900036,24,2,22
100900037,83,346,-263
100900038,291,23,268
100900039,352,832,-480
100900040,454,1211,-757
100900041,761,1220,-459
100900042,1435,480,955
100900043,2,38,-36
100900044,5512,952,4560
100900045,307,4,303
100900046,1891,18,1873
100900047,1168,422,746
100900048,256,59,197
100900049,92,326,-234
100900050,4,21,-17
100900051,176,122,54
100900052,637,58,579
100900053,411,27,384
100900054,34,153,-119
100900055,598,769,-171
100900056,223,494,-271
100900057,1265,1948,-683
100900058,636,55,581
100900059,118,18,100
100900060,125,16,109
100900061,493,537,-44
100900062,5,86,-81
100900063,253,854,-601
100900064,1397,33,1364
100900065,250,157,93
100900066,73,203,-130
100900067,5,12,-7
100900068,250,207,43
100900069,2613,15,2598
100900070,354,8,346
100900071,1032,692,340
100900072,3,81,-78
100900073,145,756,-611
100900074,4,27,-23
100900075,3391,743,2648
100900076,52,93,-41
100900077,18,203,-185
100900078,100,903,-803
100900079,5,34,-29
100900080,21,213,-192
100900081,70,382,-312
100900082,108,877,-769
100900083,8,70,-62
100900085,24,152,-128
100900086,533,2803,-2270
100900088,126,1067,-941
100900089,2,22,-20
100900090,187,783,-596
100900091,5,30,-25
100900092,389,452,-63
100900093,287,675,-388
100900094,190,1075,-885
100900095,10,32,-22
100900096,103,206,-103
100900097,1,12,-11
100900098,10,21,-11
100900099,48,984,-936
100900100,18,479,-461
100900101,563,90,473
100900102,164,128,36
100900103,19,13,6
100900104,10,293,-283
100900105,32,358,-326
100900106,106,10,96
100900107,3468,1084,2384
100900108,7,54,-47
100900109,34,25,9
100900110,14,81,-67
100900111,72,277,-205
100900112,0,11,-11
100900113,24,47,-23
100900114,14,33,-19
100900115,28,68,-40
100900116,1168,2071,-903
100900117,459,1183,-724
100900118,255,169,86
100900119,17,32,-15
100900120,4,19,-15
100900121,448,1250,-802
100900122,212,289,-77
100900123,106,215,-109
100900124,6,12,-6
100900125,36,154,-118
100900126,196,448,-252
100900127,3,15,-12
100900128,221,276,-55
100900129,0,181,-181
100900131,170,299,-129
100900133,121,76,45
100900134,0,2,-2
100900135,0,248,-248
100900137,565,267,298
100900138,863,723,140
100900139,15,19,-4
100900140,9,1217,-1208
100900141,2,608,-606
100900142,5,30,-25
100900143,1592,646,946
100900144,31,11,20
100900145,163,240,-77
100900146,6,60,-54
100900147,44,442,-398
100900148,37,1429,-1392
100900149,25,183,-158
100900150,4,43,-39
100900151,178,891,-713
100900152,274,5,269
100900153,4,197,-193
100900154,13,57,-44
100900155,18,31,-13
100900156,52,7,45
100900157,33,243,-210
100900158,1225,431,794
100900159,3,50,-47
100900160,24,16,8
100900161,149,9,140
100900162,34,353,-319
100900163,243,356,-113
100900164,73,65,8
100900165,27,74,-47
100900166,62,18,44
100900167,30,162,-132
100900168,63,218,-155
100900169,231,1509,-1278
100900170,66,12,54
100900171,39,1018,-979
100900172,0,22,-22
100900173,15,911,-896
100900174,560,71,489
100900176,2473,402,2071
100900177,1315,830,485
100900178,1116,156,960
100900179,224,203,21
100900180,4,4,0
100900181,115,103,12
100900182,51,43,8
100900184,11,270,-259
100900186,1259,1217,42
100900187,11,240,-229
100900188,62,41,21
100900189,2038,327,1711
100900191,2391,1674,717
100900192,430,383,47
100900195,288,275,13
100900197,43,228,-185
100900198,30,507,-477
100900199,33,21,12
100900200,947,655,292
100900201,191,1466,-1275
100900202,26,0,26
100900203,0,138,-138
100900204,1532,1855,-323
100900205,292,681,-389
100900206,160,99,61
100900207,294,135,159
100900210,141,938,-797
100900211,821,306,515
100900213,133,57,76
100900214,1550,143,1407
100900215,18,63,-45
101000001,7219,2923,4296
101000002,6220,7344,-1124
101000003,1465,4206,-2741
101000004,15739,15778,-39
101000005,8148,10337,-2189
101000006,13445,16843,-3398
101000007,4859,5196,-337
101000008,9670,5237,4433
101000009,3031,2965,66
101000010,1465,2351,-886
101000011,3654,1213,2441
101000012,3177,870,2307
101000013,966,1715,-749
101000014,1192,1221,-29
101000015,1956,1267,689
101000016,2123,795,1328
101000017,1753,1031,722
101000018,11294,4336,6958
101000020,9131,1726,7405
101000021,4190,540,3650
101000022,900,146,754
101000023,3800,1230,2570
101000025,429,641,-212
101000026,718,65,653
101000027,5542,2652,2890
101000028,257,97,160
101000029,280,1326,-1046
101000030,2771,140,2631
101000031,1246,650,596
101000032,13038,4093,8945
101000033,6051,4137,1914
101000034,8260,2546,5714
101000035,2822,1053,1769
101000036,4117,876,3241
101000037,9433,2089,7344
101000039,6765,3579,3186
101000040,7959,4977,2982
101000041,22639,9660,12979
101000042,2205,1729,476
101000043,15649,9198,6451
101000045,2754,1102,1652
101000046,4994,1090,3904
101000047,3418,2632,786
101000048,1823,1429,394
101000049,1714,1826,-112
101000050,4650,3812,838
101000051,4325,3116,1209
101000052,3057,1264,1793
101000053,2108,2152,-44
101000054,3208,2181,1027
101000055,2599,2736,-137
101000056,96,134,-38
101000057,4651,1384,3267
101000058,4232,1811,2421
101000059,8182,2246,5936
101000060,3213,784,2429
101000061,1765,1603,162
101000062,1537,1101,436
101000063,978,1124,-146
101000064,2167,864,1303
101000065,502,521,-19
101000066,941,514,427
101000067,1881,839,1042
101000068,711,530,181
101000069,788,87,701
101000070,2300,1443,857
101000071,3492,1427,2065
101000072,1956,6638,-4682
101000073,1035,1022,13
101000074,9277,5847,3430
101000075,9394,4472,4922
101000077,1957,1590,367
101000078,1366,3173,-1807
101000079,698,462,236
101000080,709,498,211
101000081,1671,2391,-720
101000082,5322,4242,1080
101000083,3030,3253,-223
101000084,2132,1336,796
101000085,2392,1715,677
101000086,1868,1672,196
101000087,1326,2018,-692
101000088,1462,1720,-258
101000089,1375,2376,-1001
101000090,3556,2182,1374
101000091,474,2086,-1612
101000092,1011,1796,-785
101000093,2726,1444,1282
101000094,986,2182,-1196
101000095,382,1387,-1005
101000096,433,1007,-574
101000097,1626,545,1081
101000098,1371,798,573
101000099,2266,2362,-96
101000100,1808,1292,516
101000101,936,580,356
101000102,3607,583,3024
101000103,1734,733,1001
101000104,779,864,-85
101000105,2440,507,1933
101000106,1936,694,1242
101000107,226,605,-379
101000108,2414,612,1802
101000109,338,112,226
101000110,78,1164,-1086
101000111,204,281,-77
101000113,459,1455,-996
101000114,9728,4149,5579
101000115,765,317,448
101000116,331,325,6
101000117,1420,423,997
101000119,365,144,221
101000120,429,56,373
101000121,195,47,148
101000122,224,79,145
101000123,127,101,26
101000124,436,209,227
101000125,365,735,-370
101000128,2603,528,2075
101000130,405,375,30
101000131,1058,947,111
101000132,754,2895,-2141
101000135,163,38,125
101000136,626,187,439
101000137,56,438,-382
101000141,4328,5095,-767
101000147,1049,646,403
101000148,3108,68,3040
101000149,246,116,130
101000150,123,1623,-1500
101000151,184,115,69
101000152,499,559,-60
101000153,962,736,226
101000154,253,2703,-2450
101000155,356,220,136
101000156,16,405,-389
101000157,144,73,71
101000160,161,99,62
101000163,417,186,231
101000164,738,600,138
101000165,335,582,-247
101000166,403,622,-219
101000168,1144,625,519
101000252,2254,1299,955
101000254,928,69,859
101000258,38,24,14
101000261,105,64,41
101000262,3795,1836,1959
101000263,730,1639,-909
101000265,169,926,-757
101000266,764,548,216
101000269,340,27,313
101000290,3806,6596,-2790
101000293,38,132,-94
101000294,897,639,258
101000295,178,937,-759
101000301,1667,541,1126
101000304,6293,3933,2360
101000305,5399,3153,2246
101900001,55,84,-29
101900002,0,23,-23
101900003,185,170,15
101900004,20,80,-60
101900005,9227,2749,6478
101900006,1583,122,1461
101900007,1159,202,957
101900008,323,569,-246
101900009,199,941,-742
101900010,1527,1105,422
101900011,730,3053,-2323
101900012,283,906,-623
101900013,1973,246,1727
101900017,47,253,-206
101900018,3077,396,2681
101900019,451,215,236
101900020,384,203,181
101900021,3,101,-98
101900022,141,2121,-1980
101900023,88,338,-250
102000001,10371,7037,3334
102000002,7030,1942,5088
102000003,5702,12563,-6861
102000004,13051,5637,7414
102000005,3106,4268,-1162
102000006,3678,3885,-207
102000007,2799,9594,-6795
102000008,10287,3758,6529
102000009,9811,12470,-2659
102000010,9745,8401,1344
102000011,5779,4004,1775
102000012,7574,7129,445
102000018,6745,4834,1911
102000019,4995,3824,1171
102000026,591,1976,-1385
102000029,643,356,287
102000030,175,618,-443
102000031,71,318,-247
102000032,582,685,-103
102000033,293,820,-527
102000034,843,1125,-282
102000035,2076,1135,941
102000036,22,900,-878
102000037,300,169,131
102000038,787,285,502
102000039,886,166,720
102000040,1156,275,881
102000041,377,514,-137
102000042,721,355,366
102000043,913,367,546
102000044,1879,1004,875
102000045,1572,2118,-546
102000046,2295,1207,1088
102000047,1201,2488,-1287
102000048,530,1431,-901
102000049,2484,1325,1159
102000050,2493,1985,508
102000051,913,1116,-203
102000052,2594,1457,1137
102000053,2393,1634,759
102000054,635,1211,-576
102000055,1292,1438,-146
102000056,828,2946,-2118
102000057,2047,1168,879
102000058,1678,3263,-1585
102000059,2391,2576,-185
102000060,2158,1820,338
102000061,2011,3803,-1792
102000062,2024,2115,-91
102000063,1825,2578,-753
102000064,830,1364,-534
102000065,68,227,-159
102000066,1514,3265,-1751
102000067,4335,6399,-2064
102000068,19191,5758,13433
102000069,135,2500,-2365
102000070,2718,166,2552
102000071,14065,14875,-810
102000072,5669,8782,-3113
102000073,2243,1404,839
102000074,1106,1745,-639
102000075,418,522,-104
102000076,284,925,-641
102000077,604,1776,-1172
102000078,1101,1523,-422
102000079,387,498,-111
102000080,474,422,52
102000081,436,1111,-675
102000082,1242,577,665
102000083,716,673,43
102000084,218,608,-390
102000085,3089,2229,860
102000086,1523,2870,-1347
102000087,1797,2680,-883
102000088,351,491,-140
102000089,1689,741,948
102000090,778,1781,-1003
102000091,2770,783,1987
102000092,587,1726,-1139
102000093,803,1006,-203
102000094,1937,1114,823
102000095,1618,2303,-685
102000096,1386,1650,-264
102000097,1770,1901,-131
102000098,884,1711,-827
102000099,1888,1105,783
102000100,1362,1949,-587
102000101,2402,1058,1344
102000102,615,5501,-4886
102000103,2443,911,1532
102000104,1919,628,1291
102000105,379,1332,-953
102000106,1137,1572,-435
102000107,1509,970,539
102000108,983,675,308
102000109,1100,963,137
102000110,812,2553,-1741
102000111,13,573,-560
102000112,231,162,69
102000113,27,65,-38
102000114,1779,595,1184
102000115,354,393,-39
102000116,2331,578,1753
102000117,932,1098,-166
102000118,4442,1634,2808
102000119,4299,1287,3012
102000120,433,866,-433
102000121,1442,901,541
102000122,714,1345,-631
102000123,2403,2162,241
102000124,2406,1733,673
102000125,1170,1933,-763
102000126,1059,1067,-8
102000127,1678,1281,397
102000128,890,1560,-670
102000129,1926,1307,619
102000130,829,1243,-414
102000131,3657,1500,2157
102000132,1426,1696,-270
102000133,1882,3654,-1772
102000134,951,1447,-496
102000135,1362,2163,-801
102000136,2211,1394,817
102000137,1837,1605,232
102000138,594,787,-193
102000139,353,843,-490
102000140,965,633,332
102000141,921,1218,-297
102000142,514,654,-140
102000143,212,751,-539
102000144,282,619,-337
102000145,468,660,-192
102000146,633,540,93
102000147,717,820,-103
102000148,304,764,-460
102000149,286,1087,-801
102000150,285,526,-241
102000151,261,615,-354
102000152,233,303,-70
102000153,1558,616,942
102000154,806,1121,-315
102000155,241,532,-291
102000156,970,150,820
102000157,320,431,-111
102000158,613,525,88
102000159,2608,860,1748
102000161,6752,3485,3267
102000162,331,207,124
102000163,140,714,-574
102000164,1623,1630,-7
102000165,432,192,240
102000166,64,185,-121
102000167,406,305,101
102000168,394,198,196
102000169,142,1325,-1183
102000170,1193,262,931
102000171,421,153,268
102000172,577,643,-66
102000173,1196,428,768
102000174,64,87,-23
102000175,175,261,-86
102000176,71,73,-2
102000178,551,880,-329
102000179,823,377,446
102000180,1208,923,285
102000181,726,990,-264
102000182,665,993,-328
102000183,2131,3138,-1007
102000184,2271,1425,846
102000185,2913,2495,418
102000186,1463,3325,-1862
102000187,1053,3059,-2006
102000188,1173,2281,-1108
102000189,5074,1596,3478
102000190,929,4387,-3458
102000191,1981,1047,934
102000192,1560,1863,-303
102000193,68,221,-153
102000194,187,216,-29
102000195,925,872,53
102000196,329,828,-499
102000197,730,798,-68
102000198,327,1531,-1204
102000199,1139,621,518
102000200,517,2026,-1509
102000201,1056,885,171
102000202,3,237,-234
102000203,494,594,-100
102000204,612,1747,-1135
102000205,1668,924,744
102000206,1432,1342,90
102000207,2343,717,1626
102000208,1009,947,62
102000209,105,64,41
102000210,470,698,-228
102000211,979,1009,-30
102000212,298,29,269
102000213,4,647,-643
102000214,263,23,240
102000215,9,742,-733
102000216,49,80,-31
102000217,4,267,-263
102000218,250,297,-47
102000219,693,509,184
102000225,993,1240,-247
102000226,7283,1709,5574
102000227,495,5,490
102000228,1,187,-186
102000229,70,42,28
102000230,355,941,-586
102000231,519,767,-248
102000232,44,562,-518
102000233,866,1808,-942
102000234,145,1913,-1768
102000236,540,171,369
102000237,1509,274,1235
102000238,240,611,-371
102000240,1061,809,252
102000241,430,250,180
102000243,23,142,-119
102000245,83,103,-20
102000246,23,59,-36
102000247,443,1759,-1316
102000248,277,732,-455
102000249,193,278,-85
102000250,56,632,-576
102000254,69,751,-682
102000266,92,444,-352
102000271,72,0,72
102000286,729,660,69
102000297,3116,1868,1248
102000299,0,0,0
102000301,0,0,0
102000302,0,0,0
102000303,0,0,0
102000305,0,0,0
102000307,0,10,-10
102000308,0,13,-13
102900001,1968,1687,281
102900002,544,77,467
102900003,61,386,-325
102900005,434,604,-170
102900006,666,362,304
102900007,597,51,546
102900008,236,194,42
102900009,755,352,403
102900010,1239,649,590
102900011,3512,910,2602
102900012,550,128,422
102900013,39,98,-59
102900015,1269,705,564
102900016,91,180,-89
102900017,193,841,-648
102900018,25,179,-154
102900019,904,1224,-320
102900020,205,55,150
102900021,31,134,-103
102900022,850,149,701
102900023,25,105,-80
102900024,48,100,-52
102900025,446,184,262
102900026,1239,2290,-1051
102900027,89,131,-42
102900028,232,1052,-820
102900029,284,324,-40
102900030,936,475,461
102900031,170,267,-97
102900032,162,211,-49
102900033,142,322,-180
102900034,511,200,311
102900035,171,630,-459
102900036,414,927,-513
102900037,371,1184,-813
102900038,532,1152,-620
102900039,55,681,-626
102900040,207,497,-290
102900041,108,379,-271
102900042,210,542,-332
102900043,218,492,-274
102900044,1095,3261,-2166
102900045,181,916,-735
102900046,135,437,-302
102900047,82,982,-900
102900048,814,1174,-360
102900049,178,618,-440
102900050,422,664,-242
102900051,290,363,-73
102900052,65,28,37
102900053,574,1296,-722
102900054,1730,1645,85
102900055,163,250,-87
102900056,255,796,-541
102900057,6,67,-61
102900058,485,225,260
102900059,26,53,-27
102900060,142,764,-622
102900061,191,895,-704
102900062,234,1975,-1741
102900063,1261,789,472
102900064,270,1021,-751
102900065,2918,1012,1906
102900066,476,79,397
102900068,231,147,84
102900070,490,1080,-590
102900072,38,70,-32
102900073,233,7,226
102900074,557,363,194
102900075,46,55,-9
102900076,353,142,211
102900077,60,69,-9
102900078,72,152,-80
102900079,404,21,383
102900080,519,49,470
102900081,111,467,-356
102900082,15,412,-397
102900083,459,19,440
102900084,12,34,-22
102900085,362,158,204
102900086,16,73,-57
102900087,256,237,19
102900088,107,70,37
102900089,484,301,183
102900090,2,732,-730
102900091,229,9,220
102900092,355,1633,-1278
102900093,405,444,-39
102900094,0,130,-130
102900095,268,2,266
102900096,83,18,65
102900097,2,227,-225
103000001,3831,4689,-858
103000002,5049,4166,883
103000003,9829,4826,5003
103000004,1396,1181,215
103000005,3153,5324,-2171
103000006,887,2158,-1271
103000007,596,1328,-732
103000008,2153,1452,701
103000009,2045,1887,158
103000010,192,208,-16
103000011,2476,2092,384
103000012,1773,2306,-533
103000013,9955,3541,6414
103000014,2184,4768,-2584
103000015,4061,1114,2947
103000016,695,2464,-1769
103000017,264,811,-547
103000018,2037,701,1336
103000019,400,412,-12
103000020,4397,2398,1999
103000021,3552,2249,1303
103000022,1481,1815,-334
103000023,867,2972,-2105
103000024,157,306,-149
103000025,143,908,-765
103000026,2302,240,2062
103000027,439,1001,-562
103000028,871,548,323
103000029,488,482,6
103000030,3376,1473,1903
103000031,2834,3972,-1138
103000032,2813,2983,-170
103000033,3962,4543,-581
103000034,2807,1809,998
103000035,720,2565,-1845
103000036,744,961,-217
103000037,921,845,76
103000038,929,2073,-1144
103000039,557,790,-233
103000040,672,2521,-1849
103000041,2389,4421,-2032
103000042,1514,1040,474
103000043,685,2219,-1534
103000044,245,400,-155
103000046,358,921,-563
103000047,1006,1067,-61
103000048,202,305,-103
103000049,157,368,-211
103000050,1288,1212,76
103000051,779,981,-202
103000052,1108,748,360
103000053,286,916,-630
103000054,3676,2086,1590
103000055,2420,3583,-1163
103000056,764,3016,-2252
103000057,519,602,-83
103000058,824,1461,-637
103000059,484,1355,-871
103000060,1192,1295,-103
103000061,531,1799,-1268
103000062,1656,1251,405
103000063,1007,1264,-257
103000064,198,513,-315
103000065,3,641,-638
103000066,281,10,271
103000069,457,596,-139
103000070,1490,1695,-205
103000071,1554,676,878
103000072,213,1607,-1394
103000073,859,219,640
103000074,1253,172,1081
103000075,209,1675,-1466
103000076,450,547,-97
103000077,65,755,-690
103000078,2555,922,1633
103000079,2571,1108,1463
103000080,1939,575,1364
103000081,894,1580,-686
103000082,893,433,460
103000083,195,481,-286
103000084,188,15,173
103000085,1,136,-135
103000086,1531,752,779
103000087,430,963,-533
103000088,634,566,68
103000089,614,978,-364
103000090,2639,1117,1522
103000091,728,670,58
103000092,552,473,79
103000093,458,765,-307
103000094,249,189,60
103000095,75,763,-688
103000096,994,216,778
103000097,132,1089,-957
103000098,1380,358,1022
103000099,632,953,-321
103000100,165,1483,-1318
103000101,1177,274,903
103000102,207,1205,-998
103000103,918,430,488
103000104,87,243,-156
103000105,193,196,-3
103000106,31,149,-118
103000107,464,82,382
103000108,991,896,95
103000109,895,522,373
103000110,632,597,35
103000111,1535,663,872
103000112,1026,314,712
103000113,2242,1117,1125
103000114,4019,603,3416
103000115,544,829,-285
103000116,715,911,-196
103000117,420,844,-424
103000118,3071,1747,1324
103000119,3288,1023,2265
103000120,270,161,109
103000121,517,939,-422
103000122,615,443,172
103000125,29,559,-530
103000126,657,12,645
103000127,2,268,-266
103000128,225,8,217
103000129,2,179,-177
103000130,65,58,7
103000131,281,132,149
103000132,140,343,-203
103000133,21,199,-178
103000134,961,1353,-392
103000135,1463,484,979
103000136,1594,624,970
103000137,1595,935,660
103000138,1605,1251,354
103000139,3,122,-119
103000140,273,34,239
103000141,73,190,-117
103000142,275,144,131
103000143,222,293,-71
103000144,272,129,143
103000145,146,65,81
103000150,110,101,9
103000152,811,441,370
103000153,689,294,395
103000156,5,685,-680
103000157,488,2,486
103000159,255,118,137
103000162,142,17,125
103000163,11,33,-22
103000164,44,19,25
103000165,398,640,-242
103000166,282,449,-167
103000167,500,148,352
103000168,116,257,-141
103000169,311,956,-645
103000170,775,890,-115
103000171,55,119,-64
103000172,794,1541,-747
103000173,523,1119,-596
103000174,198,630,-432
103000175,248,654,-406
103000176,1641,650,991
103000177,1387,724,663
103000178,484,524,-40
103000179,338,50,288
103000183,138,69,69
103000185,98,117,-19
103000186,137,333,-196
103000187,697,1157,-460
103000188,20,92,-72
103000189,2601,1668,933
103000191,857,1178,-321
103000292,4183,2231,1952
103000293,1893,2656,-763
103000295,194,96,98
103000296,769,6,763
103000297,223,47,176
103000504,228,71,157
103000505,14,23,-9
103000506,0,334,-334
103000507,202,10,192
103000508,78,60,18
103000509,273,778,-505
103900001,2,547,-545
103900002,3011,290,2721
103900003,3600,150,3450
103900004,154,2,152
103900005,7,553,-546
103900006,1,2,-1
103900007,26,0,26
103900008,12,1,11
103900009,370,533,-163
103900010,191,560,-369
103900011,255,331,-76
103900012,16,33,-17
103900013,45,125,-80
103900014,63,61,2
103900015,46,26,20
103900016,441,371,70
103900017,43,159,-116
103900018,781,292,489
103900019,55,340,-285
103900020,354,736,-382
103900021,1372,73,1299
103900022,1347,816,531
103900023,151,1,150
103900024,197,1253,-1056
103900025,6,75,-69
103900026,113,1,112
103900027,872,653,219
103900028,38,363,-325
103900029,1282,146,1136
103900030,601,67,534
103900031,38,5,33
103900032,95,60,35
103900033,471,5,466
103900034,31,406,-375
103900035,90,116,-26
103900036,147,57,90
103900037,249,95,154
103900038,115,199,-84
103900039,86,609,-523
103900040,9,324,-315
103900041,61,70,-9
103900042,66,645,-579
103900043,195,255,-60
103900044,383,443,-60
103900045,382,239,143
103900047,98,54,44
103900048,117,27,90
103900049,312,2191,-1879
103900050,17,193,-176
103900051,0,47,-47
103900052,266,896,-630
103900053,141,1807,-1666
103900054,162,800,-638
103900055,782,350,432
103900056,53,83,-30
103900057,50,344,-294
103900058,296,1372,-1076
103900059,0,3,-3
103900060,68,350,-282
103900061,146,92,54
103900062,531,165,366
103900063,9,0,9
103900064,97,11,86
103900065,1172,653,519
103900066,193,39,154
103900067,268,14,254
103900068,15,1,14
103900069,182,22,160
103900070,199,439,-240
103900071,31,239,-208
103900072,16,450,-434
103900073,32,58,-26
103900074,84,159,-75
103900075,147,163,-16
103900076,535,1203,-668
103900077,90,158,-68
103900078,255,231,24
103900079,178,477,-299
103900080,17,53,-36
103900081,95,22,73
103900082,9,194,-185
103900083,2733,1646,1087
103900084,97,321,-224
103900085,106,162,-56
103900086,759,541,218
103900087,14,164,-150
103900088,499,541,-42
103900089,34,236,-202
103900090,3,326,-323
103900091,1432,392,1040
103900092,1880,740,1140
103900093,171,505,-334
103900094,17,189,-172
103900095,1377,267,1110
103900096,37,407,-370
103900097,22,801,-779
103900098,227,144,83
103900099,125,395,-270
103900100,296,603,-307
103900101,76,1613,-1537
103900102,0,46,-46
103900104,1,62,-61
103900105,117,289,-172
103900106,0,26,-26
103900107,280,377,-97
103900108,39,543,-504
103900109,93,163,-70
103900110,392,93,299
103900111,109,1437,-1328
103900112,54,78,-24
103900113,172,362,-190
103900114,755,480,275
103900115,422,441,-19
103900116,9166,3629,5537
103900117,221,196,25
103900119,41,65,-24
103900120,37,193,-156
103900122,90,430,-340
103900123,2748,729,2019
103900124,40,18,22
103900125,130,123,7
103900126,666,905,-239
103900127,257,1345,-1088
103900128,149,260,-111
103900131,17,141,-124
103900133,1774,83,1691
103900134,1,5,-4
103900135,11,23,-12
103900137,1,61,-60
103900138,149,669,-520
103900139,383,2215,-1832
103900140,12,140,-128
103900141,389,125,264
103900142,246,421,-175
103900143,43,3,40
103900144,1,143,-142
103900145,197,551,-354
103900146,416,658,-242
103900147,467,232,235
103900148,213,375,-162
103900149,294,1258,-964
103900150,13816,5716,8100
103900151,85,320,-235
103900152,575,825,-250
103900153,14,0,14
103900154,1969,3295,-1326
103900155,51,469,-418
103900156,29,364,-335
103900157,40,489,-449
103900158,99,382,-283
103900159,138,159,-21
103900160,86,41,45
103900161,140,367,-227
103900162,94,486,-392
103900163,16,806,-790
103900164,265,51,214
103900167,40,150,-110
103900168,151,296,-145
103900169,39,87,-48
103900170,1,177,-176
103900171,1,124,-123
103900172,25,26,-1
103900173,23,12,11
103900174,240,140,100
103900175,113,69,44
103900176,13,37,-24
103900177,15,76,-61
103900178,82,171,-89
103900179,66,476,-410
103900180,32,201,-169
103900181,85,92,-7
103900182,46,54,-8
103900184,1093,95,998
103900185,560,371,189
103900187,112,92,20
103900188,44,37,7
103900189,125,13,112
103900190,128,113,15
103900191,50,139,-89
103900192,35,243,-208
103900193,289,314,-25
103900194,156,554,-398
103900195,2,49,-47
103900196,49,40,9
103900197,28,37,-9
103900198,16,69,-53
103900199,208,93,115
103900200,145,260,-115
103900201,156,322,-166
103900202,9,79,-70
103900203,77,41,36
103900204,0,162,-162
103900207,3,255,-252
103900208,118,6,112
103900209,25,167,-142
103900210,72,43,29
103900211,654,936,-282
103900212,132,697,-565
103900213,428,404,24
103900214,895,177,718
103900215,947,398,549
103900216,31,1152,-1121
103900217,754,93,661
103900218,2,816,-814
103900219,205,807,-602
103900233,416,11,405
103900235,177,67,110
103900236,105,4,101
103900242,5,17,-12
103900243,9,38,-29
103900244,150,602,-452
103900245,183,328,-145
103900246,115,96,19
103900247,64,115,-51
103900248,19,55,-36
103900249,54,85,-31
103900250,79,51,28
103900251,4,54,-50
103900253,50,76,-26
103900254,12,39,-27
103900255,88,27,61
103900256,134,60,74
103900257,69,427,-358
103900258,169,8,161
103900259,148,21,127
103900261,28,2,26
103900262,52,10,42
103900263,123,161,-38
103900264,117,34,83
103900265,145,25,120
103900266,1,114,-113
103900267,4,55,-51
104000001,3575,3541,34
104000002,2743,5770,-3027
104000003,3726,4134,-408
104000004,4845,5120,-275
104000005,2000,3366,-1366
104000006,4172,5198,-1026
104000007,6821,6720,101
104000008,654,703,-49
104000009,338,186,152
104000010,250,343,-93
104000011,1357,590,767
104000012,282,791,-509
104000013,184,265,-81
104000014,438,1318,-880
104000015,319,245,74
104000016,763,836,-73
104000018,985,224,761
104000019,740,229,511
104000020,334,975,-641
104000021,458,1041,-583
104000022,223,436,-213
104000023,802,583,219
104000024,362,610,-248
104000026,116,582,-466
104000027,725,703,22
104000028,536,403,133
104000029,527,879,-352
104000030,342,435,-93
104000031,1439,537,902
104000032,321,566,-245
104000033,775,642,133
104000034,469,546,-77
104000035,1027,713,314
104000036,976,1009,-33
104000037,364,489,-125
104000038,444,465,-21
104000039,249,467,-218
104000040,804,615,189
104000041,675,635,40
104000042,325,622,-297
104000043,389,641,-252
104000044,408,1119,-711
104000045,1646,1856,-210
104000046,2357,2782,-425
104000047,1434,1948,-514
104000048,1616,2922,-1306
104000049,895,666,229
104000050,418,1234,-816
104000051,195,1208,-1013
104000052,2098,2770,-672
104000053,1401,987,414
104000054,983,879,104
104000055,7448,4439,3009
104000056,2463,481,1982
104000057,244,694,-450
104000058,1048,1327,-279
104000059,1034,2335,-1301
104000060,1456,1989,-533
104000061,2359,2214,145
104000062,483,374,109
104000064,870,594,276
104000065,292,786,-494
104000069,2461,1440,1021
104000070,73,703,-630
104000071,189,788,-599
104000072,814,461,353
104000075,96,507,-411
104000076,840,220,620
104000082,4062,4637,-575
104000083,1174,380,794
104000084,160,899,-739
104000085,401,481,-80
104000086,228,691,-463
104000087,710,2728,-2018
104000090,1056,2785,-1729
104000092,1460,4409,-2949
104000094,1680,3347,-1667
104000095,2410,2551,-141
104000096,2112,768,1344
104000097,2181,1932,249
104000098,2261,2139,122
104000100,2305,989,1316
104000101,1796,4753,-2957
104000106,242,960,-718
104000107,926,760,166
104000108,543,1153,-610
104000109,403,115,288
104000110,1378,1879,-501
104000111,8741,4169,4572
104000112,3640,977,2663
104000116,3,2184,-2181
104000117,185,1801,-1616
104000118,731,467,264
104000119,748,445,303
104000120,294,1919,-1625
104000121,250,1188,-938
104000122,609,1064,-455
104000123,2184,2288,-104
104000124,1703,4977,-3274
104000125,8970,6166,2804
104000126,597,766,-169
104000127,2484,5836,-3352
104000128,1479,791,688
104000129,71,14,57
104000130,1,532,-531
104000131,2144,938,1206
104000132,1546,1059,487
104000133,1744,1830,-86
104000134,1322,3005,-1683
104000135,606,2738,-2132
104000136,1091,5898,-4807
104000137,2083,670,1413
104000138,2085,845,1240
104000139,12958,5230,7728
104000141,1588,2762,-1174
104000142,1065,1432,-367
104000143,994,1074,-80
104000144,155,341,-186
104000145,763,368,395
104000146,675,1220,-545
104000147,186,678,-492
104000148,390,223,167
104000149,296,590,-294
104000150,1802,872,930
104000151,677,961,-284
104000152,932,1149,-217
104000153,849,823,26
104000154,1744,1278,466
104000155,489,700,-211
104000157,1796,2717,-921
104000158,886,746,140
104000159,1253,697,556
104000160,2602,2743,-141
104000161,426,320,106
104000162,51,266,-215
104000165,1989,1808,181
104000167,829,1227,-398
104000168,1041,19,1022
104000169,142,86,56
104000170,1012,915,97
104000248,490,1578,-1088
104000251,93,504,-411
104000272,0,0,0
104000273,0,0,0
104000274,0,0,0
104000275,0,0,0
104000279,1340,797,543
104000290,156,561,-405
104000291,1174,1944,-770
104000293,1158,1078,80
104000294,15,1,14
104000295,866,1593,-727
104000296,533,1547,-1014
104000297,1267,3103,-1836
104000298,3136,1613,1523
104000299,1191,2886,-1695
104900001,213,775,-562
104900002,78,234,-156
104900003,75,580,-505
104900004,116,561,-445
104900005,356,372,-16
104900006,360,166,194
104900007,392,424,-32
104900009,222,690,-468
104900010,57,65,-8
104900011,27,7,20
104900012,368,33,335
104900013,218,23,195
104900014,6099,613,5486
104900015,203,8,195
104900016,287,513,-226
104900017,162,331,-169
104900018,22,354,-332
104900019,612,3550,-2938
104900020,96,481,-385
104900021,4,370,-366
104900022,24,206,-182
104900023,4,219,-215
104900024,32,175,-143
104900025,131,785,-654
104900026,4,258,-254
104900027,779,389,390
104900028,41,126,-85
104900029,76,161,-85
104900030,841,359,482
104900031,218,340,-122
104900032,72,299,-227
104900033,169,381,-212
104900034,486,176,310
104900035,397,225,172
104900036,232,101,131
104900037,168,538,-370
104900038,1223,1106,117
104900039,1867,407,1460
104900040,368,154,214
104900041,291,296,-5
104900042,173,536,-363
104900043,10,143,-133
104900044,528,313,215
104900045,528,101,427
104900046,249,225,24
104900047,334,228,106
104900048,299,180,119
104900049,45,20,25
104900050,271,211,60
104900051,349,95,254
104900052,70,0,70
104900053,570,114,456
104900054,165,159,6
104900055,131,0,131
104900056,225,27,198
104900057,68,9,59
104900058,2024,378,1646
104900059,85,72,13
104900060,3,635,-632
104900061,425,1055,-630
104900063,1,176,-175
104900064,0,150,-150
104900065,1,227,-226
104900066,5,339,-334
104900067,3,481,-478
104900068,25,414,-389
104900070,284,444,-160
104900071,5,1267,-1262
104900072,81,403,-322
104900073,64,528,-464
104900074,82,384,-302
104900075,56,167,-111
104900076,109,609,-500
104900077,2373,310,2063
104900078,229,997,-768
104900079,231,613,-382
104900080,101,812,-711
104900082,12,697,-685
104900085,6,319,-313
104900087,495,12,483
104900089,154,0,154
104900090,1258,856,402
104900091,874,1581,-707
104900093,391,1048,-657
104900097,5896,2760,3136
104900098,138,107,31
104900099,232,818,-586
104900100,1367,511,856
104900102,44,513,-469
104900103,841,216,625
104900104,6657,2871,3786
104900106,123,209,-86
104900107,180,513,-333
104900108,41,550,-509
104900109,174,767,-593
104900110,22,69,-47
104900111,160,228,-68
104900112,306,1538,-1232
104900113,830,799,31
104900114,401,1146,-745
104900115,873,961,-88
104900116,346,382,-36
104900118,30,105,-75
104900119,4,47,-43
104900120,59,166,-107
104900121,0,168,-168
104900122,4,162,-158
104900123,59,9,50
104900124,31,1,30
104900125,785,11,774
104900126,86,110,-24
104900127,43,67,-24
104900128,92,295,-203
104900129,5295,3149,2146
105000001,3934,2797,1137
105000002,4534,3142,1392
105000003,6894,5945,949
105000004,865,2484,-1619
105000005,1061,2243,-1182
105000006,2196,2858,-662
105000007,2371,2446,-75
105000008,3813,4427,-614
105000009,2640,4467,-1827
105000010,5412,4858,554
105000011,3599,3852,-253
105000012,6727,5324,1403
105000013,1179,1685,-506
105000014,2478,3552,-1074
105000015,12905,16404,-3499
105000016,6774,4227,2547
105000017,4133,1559,2574
105000018,2576,2239,337
105000019,3188,1664,1524
105000020,650,703,-53
105000021,778,224,554
105000022,378,83,295
105000023,822,415,407
105000028,83,218,-135
105000029,653,2008,-1355
105000030,6943,6476,467
105000033,1828,3619,-1791
105000034,399,1381,-982
105000037,1053,834,219
105000038,3116,2731,385
105000039,4386,3469,917
105000040,1470,1759,-289
105000041,1175,2649,-1474
105000042,6043,2471,3572
105000043,3405,4282,-877
105000044,823,940,-117
105000045,646,1736,-1090
105000046,1353,832,521
105000047,617,2247,-1630
105000048,1023,420,603
105000049,395,1390,-995
105000050,853,640,213
105000051,372,1145,-773
105000052,758,1640,-882
105000053,182,335,-153
105000054,602,1792,-1190
105000055,1520,719,801
105000056,1945,4804,-2859
105000057,1870,1685,185
105000058,2743,2557,186
105000059,1107,1027,80
105000060,1038,1355,-317
105000061,991,946,45
105000062,1565,1951,-386
105000063,600,1303,-703
105000064,1911,1359,552
105000065,815,1624,-809
105000066,2459,3524,-1065
105000067,2123,1114,1009
105000068,1562,1700,-138
105000069,6390,2163,4227
105000070,1693,1454,239
105000071,1146,1325,-179
105000072,894,3241,-2347
105000073,1635,1125,510
105000074,2283,1586,697
105000075,1509,1258,251
105000076,2910,1687,1223
105000077,4631,1419,3212
105000078,3013,1992,1021
105000079,3530,2767,763
105000080,4193,2215,1978
105000081,3949,1228,2721
105000082,2328,1182,1146
105000083,4417,2356,2061
105000084,1712,1787,-75
105000085,2657,2099,558
105000086,888,1811,-923
105000087,4614,3380,1234
105000088,2547,2877,-330
105000089,5322,3932,1390
105000090,1774,1410,364
105000091,2784,2854,-70
105000092,1571,1988,-417
105000093,716,395,321
105000094,451,470,-19
105000095,133,727,-594
105000096,2073,1297,776
105000097,2190,1188,1002
105000098,2621,1044,1577
105000099,3075,1307,1768
105000100,1663,2236,-573
105000101,2967,4543,-1576
105000102,5530,2933,2597
105000103,3884,5277,-1393
105000104,3365,1898,1467
105000105,1965,3857,-1892
105000106,2683,3655,-972
105000107,1856,2467,-611
105000108,1822,3706,-1884
105000109,2237,3589,-1352
105000110,841,1749,-908
105000111,919,1073,-154
105000112,1810,1634,176
105000113,579,1153,-574
105000114,7813,2128,5685
105000115,587,1426,-839
105000116,1123,924,199
105000117,1382,2196,-814
105000118,733,815,-82
105000119,1099,2575,-1476
105000120,1621,1220,401
105000121,1834,2695,-861
105000122,551,985,-434
105000123,2019,2626,-607
105000124,2691,1454,1237
105000125,1492,3818,-2326
105000126,3275,3719,-444
105000127,3823,3780,43
105000128,1257,2248,-991
105000129,1792,670,1122
105000130,435,2850,-2415
105000131,1321,957,364
105000132,1174,883,291
105000133,761,2252,-1491
105000134,1232,871,361
105000135,624,1284,-660
105000136,63,294,-231
105000137,327,535,-208
105000138,96,265,-169
105000139,1576,1870,-294
105000140,219,695,-476
105000141,375,1206,-831
105000142,146,746,-600
105000143,351,1359,-1008
105000144,585,1373,-788
105000145,895,703,192
105000146,906,1526,-620
105000147,793,668,125
105000148,1564,1053,511
105000149,3476,3261,215
105000150,3480,2954,526
105000151,749,643,106
105000152,347,1253,-906
105000153,1260,1086,174
105000154,1356,1656,-300
105000155,549,1417,-868
105000156,1514,1508,6
105000157,1653,4128,-2475
105000158,3367,1323,2044
105000159,458,2533,-2075
105000160,2628,1056,1572
105000161,1390,2879,-1489
105000162,1269,2765,-1496
105000163,3438,2042,1396
105000164,368,539,-171
105000165,3744,8546,-4802
105000166,13384,786,12598
105000167,6121,2752,3369
105000168,456,1420,-964
105000169,689,777,-88
105000170,331,2620,-2289
105000171,1734,730,1004
105000172,162,97,65
105000173,162,81,81
105000174,52,73,-21
105000175,130,232,-102
105000176,407,183,224
105000177,415,256,159
105000178,188,1341,-1153
105000179,393,262,131
105000180,198,229,-31
105000181,211,856,-645
105000182,81,107,-26
105000183,5438,3297,2141
105000184,1748,1928,-180
105000185,2703,1326,1377
105000186,645,1645,-1000
105000187,1154,397,757
105000188,791,251,540
105000189,536,881,-345
105000190,635,713,-78
105000191,624,507,117
105000192,591,86,505
105000193,295,217,78
105000194,253,120,133
105000195,491,1813,-1322
105000196,27,239,-212
105000197,417,1256,-839
105000198,860,636,224
105000199,601,837,-236
105000200,323,321,2
105000201,230,56,174
105000203,8,497,-489
105000204,73,142,-69
105000205,129,364,-235
105000207,1090,373,717
105000208,527,862,-335
105000209,294,447,-153
105000212,1780,2856,-1076
105000213,352,333,19
105000214,162,466,-304
105000215,368,436,-68
105000216,193,600,-407
105000217,296,493,-197
105000218,1374,1807,-433
105000221,342,499,-157
105000222,551,87,464
105000223,294,305,-11
105000226,118,640,-522
105000227,73,376,-303
105000228,506,2081,-1575
105000229,227,562,-335
105000231,317,501,-184
105000233,948,1062,-114
105000234,885,2372,-1487
105000235,703,1030,-327
105000237,1122,99,1023
105000243,20,426,-406
105000248,305,129,176
105000262,403,3119,-2716
105000269,171,307,-136
105000270,608,159,449
105000271,3,459,-456
105000282,384,81,303
105000287,504,298,206
105000288,605,1058,-453
105000289,4481,2283,2198
105000290,29,5,24
105000402,8363,4878,3485
105000426,1345,868,477
105000438,4085,1210,2875
105000446,27449,9952,17497
105000447,13561,5846,7715
105000454,434,829,-395
105000455,554,339,215
105000474,50,5,45
105000477,563,801,-238
105000478,2509,5208,-2699
105000479,365,209,156
105000480,6641,4325,2316
105000481,4855,4033,822
105000482,9832,6707,3125
105000483,2431,2573,-142
105000484,4946,4484,462
105000485,2710,2928,-218
105000486,8843,4430,4413
105000488,9665,7651,2014
105000489,1456,1417,39
105000549,85,232,-147
105000550,1102,2560,-1458
105000551,47,166,-119
105000552,6475,3357,3118
105900001,25,2920,-2895
105900002,2944,736,2208
105900003,7,156,-149
105900004,683,192,491
105900005,13,462,-449
105900006,25,148,-123
105900007,395,45,350
105900008,106,1221,-1115
105900009,45,29,16
105900011,543,57,486
105900012,899,154,745
105900013,7,46,-39
105900014,18,133,-115
105900015,383,739,-356
105900016,718,1179,-461
105900017,1545,99,1446
105900018,249,651,-402
105900019,110,738,-628
105900020,75,98,-23
105900021,73,838,-765
105900022,371,645,-274
105900023,7,262,-255
105900024,26,318,-292
105900025,306,83,223
105900026,612,111,501
105900027,14191,13020,1171
105900028,505,274,231
105900029,3764,787,2977
105900030,496,610,-114
105900031,743,294,449
105900032,138,223,-85
105900033,186,209,-23
105900034,316,454,-138
105900035,364,359,5
105900036,68,350,-282
105900037,170,95,75
105900038,235,699,-464
105900039,120,290,-170
105900040,76,183,-107
105900041,301,940,-639
105900042,110,172,-62
105900043,4476,105,4371
105900044,9,395,-386
105900045,5,1490,-1485
105900046,12,411,-399
105900047,14,56,-42
105900048,146,1050,-904
105900050,8373,4823,3550
105900051,33,2447,-2414
105900052,666,318,348
105900053,7401,3994,3407
105900054,544,607,-63
105900056,1385,609,776
105900057,49,253,-204
105900058,25,72,-47
105900059,0,51,-51
106000001,6303,3576,2727
106000002,4212,8361,-4149
106000003,4486,5414,-928
106000004,3496,4667,-1171
106000005,3700,9229,-5529
106000006,9045,8380,665
106000007,549,854,-305
106000008,445,550,-105
106000009,618,541,77
106000010,739,787,-48
106000011,1210,1947,-737
106000012,1344,2478,-1134
106000013,2354,3059,-705
106000014,3192,3211,-19
106000015,1893,2022,-129
106000016,1895,4155,-2260
106000017,1010,1116,-106
106000018,1078,1080,-2
106000019,538,628,-90
106000020,465,753,-288
106000021,391,768,-377
106000022,510,503,7
106000023,870,493,377
106000024,1135,1311,-176
106000025,161,309,-148
106000026,137,406,-269
106000027,1400,2220,-820
106000028,904,1049,-145
106000029,1164,1870,-706
106000030,1220,618,602
106000034,340,1080,-740
106000035,1298,2519,-1221
106000036,573,740,-167
106000037,3439,2739,700
106000038,764,207,557
106000039,342,128,214
106000040,379,1315,-936
106000041,1622,729,893
106000043,992,235,757
106000046,544,77,467
106000047,72,586,-514
106000049,971,319,652
106000050,583,1466,-883
106000051,1412,669,743
106000052,156,1125,-969
106000053,303,221,82
106000054,540,858,-318
106000055,1466,2025,-559
106000056,395,667,-272
106000057,362,499,-137
106000058,207,356,-149
106000059,407,476,-69
106000060,706,999,-293
106000061,243,851,-608
106000062,188,914,-726
106000063,796,871,-75
106000064,67,671,-604
106000065,619,449,170
106000066,197,634,-437
106000067,602,162,440
106000068,80,1082,-1002
106000069,337,153,184
106000070,506,1358,-852
106000071,1343,491,852
106000072,7735,2648,5087
106000073,3060,4385,-1325
106000074,661,1185,-524
106000075,536,2182,-1646
106000076,2157,3318,-1161
106000077,5786,2285,3501
106000078,1265,1590,-325
106000079,895,1737,-842
106000080,1744,1216,528
106000081,762,1961,-1199
106000082,3583,1560,2023
106000083,439,2376,-1937
106000084,1574,1112,462
106000085,2356,2287,69
106000086,850,1269,-419
106000087,1333,985,348
106000088,545,1246,-701
106000089,1337,657,680
106000090,308,906,-598
106000091,342,1224,-882
106000092,858,431,427
106000093,357,148,209
106000094,125,497,-372
106000095,726,1668,-942
106000096,1316,1092,224
106000097,1248,1889,-641
106000098,969,1716,-747
106000099,280,1466,-1186
106000100,1708,403,1305
106000101,1981,434,1547
106000102,364,1084,-720
106000103,331,945,-614
106000104,1130,677,453
106000105,582,1297,-715
106000106,690,753,-63
106000107,167,639,-472
106000108,300,432,-132
106000109,123,504,-381
106000110,215,427,-212
106000111,210,901,-691
106000112,232,690,-458
106000113,1490,1113,377
106000114,761,720,41
106000115,318,974,-656
106000116,259,330,-71
106000117,1397,1414,-17
106000118,1601,2027,-426
106000119,3311,2082,1229
106000120,1199,1658,-459
106000121,251,313,-62
106000122,180,598,-418
106000123,383,367,16
106000124,64,534,-470
106000125,34,534,-500
106000126,299,220,79
106000127,1312,1565,-253
106000128,790,440,350
106000129,724,1114,-390
106000130,905,679,226
106000131,219,1349,-1130
106000132,1183,257,926
106000133,5556,1973,3583
106000134,1169,2758,-1589
106000135,309,1346,-1037
106000136,841,1234,-393
106000137,132,2327,-2195
106000138,1617,139,1478
106000139,60,182,-122
106000140,59,172,-113
106000141,110,173,-63
106000142,110,132,-22
106000143,52,145,-93
106000144,26,93,-67
106000145,271,602,-331
106000146,441,308,133
106000147,814,957,-143
106000148,1137,1673,-536
106000149,752,736,16
106000150,821,3287,-2466
106000151,7630,1331,6299
106000152,2197,3114,-917
106000153,144,2649,-2505
106000154,2354,448,1906
106000155,92,354,-262
106000156,1149,654,495
106000157,1089,3510,-2421
106000158,4999,1513,3486
106000159,7267,2746,4521
106000160,520,4670,-4150
106000161,2431,778,1653
106000162,289,1484,-1195
106000163,464,1006,-542
106000164,452,557,-105
106000165,314,1283,-969
106000166,1600,515,1085
106000167,619,2173,-1554
106000168,498,444,54
106000169,291,1225,-934
106000170,1063,437,626
106000171,238,1905,-1667
106000172,5206,2005,3201
106000173,1919,4797,-2878
106000174,1469,561,908
106000175,424,1730,-1306
106000176,2174,1292,882
106000177,1154,4508,-3354
106000178,4678,2940,1738
106000179,1840,4421,-2581
106000180,1460,2524,-1064
106000181,907,3138,-2231
106000182,1283,1567,-284
106000183,1417,1667,-250
106000184,2354,1815,539
106000185,1401,1906,-505
106000186,1732,284,1448
106000187,399,1492,-1093
106000188,1,2,-1
106000189,14,111,-97
106000190,24,3,21
106000191,882,332,550
106000192,1,58,-57
106000193,617,257,360
106000194,249,637,-388
106000195,1178,248,930
106000196,339,852,-513
106000197,647,612,35
106000198,223,425,-202
106000199,1583,1334,249
106000200,847,375,472
106000201,873,3685,-2812
106000202,11580,1250,10330
106000203,197,356,-159
106000204,46,8,38
106000205,30,241,-211
106000206,84,34,50
106000207,82,1335,-1253
106000208,1493,214,1279
106000209,1802,485,1317
106000210,377,2082,-1705
106000211,532,2241,-1709
106000212,1142,465,677
106000213,1400,2303,-903
106000214,4640,993,3647
106000215,460,858,-398
106000216,432,582,-150
106000217,409,748,-339
106000218,605,638,-33
106000219,176,448,-272
106000220,533,415,118
106000221,181,447,-266
106000222,38,182,-144
106000223,196,246,-50
106000224,261,458,-197
106000225,161,151,10
106000226,252,526,-274
106000228,60,217,-157
106000229,95,1207,-1112
106000231,1023,266,757
106000232,112,632,-520
106000233,780,273,507
106000234,152,292,-140
106000235,964,166,798
106000236,333,69,264
106000237,4,13,-9
106000238,41,31,10
106000239,6,184,-178
106000240,121,2,119
106000241,21,1178,-1157
106000242,350,53,297
106000249,77,109,-32
106000250,123,821,-698
106000251,93,56,37
106000252,36,201,-165
106000253,70,124,-54
106000254,41,101,-60
106000255,26,199,-173
106000256,89,163,-74
106000257,363,482,-119
106000258,452,38,414
106000259,8,55,-47
106000260,55,18,37
106000261,12,63,-51
106000262,116,21,95
106000263,14,95,-81
106000264,307,14,293
106000265,22,229,-207
106000266,249,43,206
106000267,8,166,-158
106000268,804,43,761
106000269,77,106,-29
106000270,244,759,-515
106000271,88,382,-294
106000272,275,99,176
106000273,7,394,-387
106000274,393,95,298
106000275,245,399,-154
106000276,329,78,251
106000277,197,260,-63
106000278,317,72,245
106000279,13,99,-86
106000280,103,256,-153
106000281,141,136,5
106000282,92,85,7
106000283,145,182,-37
106000284,87,151,-64
106000285,178,221,-43
106000286,91,257,-166
106000287,120,177,-57
106000288,148,240,-92
106000289,95,148,-53
106000290,87,188,-101
106000291,113,165,-52
106000292,104,213,-109
106000293,169,160,9
106000294,194,243,-49
106000295,66,71,-5
106000296,96,200,-104
106000297,118,362,-244
106000298,240,110,130
106000299,77,247,-170
106000300,105,189,-84
106000301,106,157,-51
106000303,37,150,-113
106000304,44,107,-63
106000305,72,76,-4
106000306,45,149,-104
106000307,75,50,25
106000308,41,334,-293
106000309,24,137,-113
106000310,453,928,-475
106000311,489,263,226
106000312,89,316,-227
106000313,220,333,-113
106000318,278,490,-212
106000319,1478,210,1268
106000320,1,58,-57
106000321,598,112,486
106000322,103,295,-192
106000324,11,199,-188
106000325,2227,1531,696
106000326,1500,3128,-1628
106000327,138,219,-81
106000328,26,185,-159
106000329,243,562,-319
106000330,49,107,-58
106000428,44,238,-194
106000429,209,755,-546
106000430,544,2161,-1617
106000431,2482,526,1956
106000432,2757,4374,-1617
106000433,2948,1654,1294
106000434,5384,2136,3248
106000435,3310,4434,-1124
106000436,39,584,-545
106000437,461,61,400
106000438,632,228,404
106000439,104,952,-848
106000440,357,748,-391
106000441,0,0,0
106000442,232,7,225
106000443,118,703,-585
106000450,2,389,-387
106000451,46,60,-14
106000454,15,249,-234
106000455,13,252,-239
106000456,231,29,202
106000457,12,1633,-1621
106000458,686,274,412
106000459,184,644,-460
106000460,1284,68,1216
106000461,164,2665,-2501
106000462,0,42,-42
106000463,1,44,-43
106000464,4,747,-743
106000465,558,0,558
106000466,7,1118,-1111
106000467,708,1037,-329
106000468,69,324,-255
106000469,405,3,402
106000470,376,3071,-2695
106000471,44,1054,-1010
106000472,257,13,244
106000473,61,31,30
106000474,381,1019,-638
106000475,312,217,95
106000476,203,213,-10
106000477,19,77,-58
106900001,1,26,-25
106900002,2,915,-913
106900003,373,1662,-1289
106900004,0,132,-132
106900006,0,38,-38
106900007,0,30,-30
106900008,348,479,-131
106900009,461,750,-289
106900010,352,596,-244
106900012,3924,3577,347
106900013,1001,163,838
106900014,45,2,43
106900015,36,1,35
106900016,323,9,314
106900017,10,0,10
106900018,1,0,1
106900019,51,10,41
106900020,5391,2185,3206
106900021,112,76,36
106900022,651,1,650
106900023,42,466,-424
106900024,1164,34,1130
106900025,119,1276,-1157
106900026,13,1261,-1248
106900027,806,8,798
107000001,5781,4336,1445
107000002,7773,8208,-435
107000003,7449,9455,-2006
107000004,9720,10015,-295
107000005,4504,7946,-3442
107000006,6461,10805,-4344
107000007,7847,16853,-9006
107000008,22156,18426,3730
107000009,8400,10272,-1872
107000010,17903,20350,-2447
107000011,1644,2420,-776
107000012,7084,6449,635
107000013,53,175,-122
107000014,37,352,-315
107000015,517,1313,-796
107000016,853,1719,-866
107000017,12880,2863,10017
107000018,140,1626,-1486
107000020,7568,1611,5957
107000021,2890,1222,1668
107000022,3153,2853,300
107000023,2970,614,2356
107000024,993,2989,-1996
107000025,284,759,-475
107000026,276,1071,-795
107000027,1661,2225,-564
107000028,1954,2924,-970
107000029,4115,4195,-80
107000030,4902,5738,-836
107000031,4985,4735,250
107000032,685,1467,-782
107000033,6730,12993,-6263
107000034,9563,3800,5763
107000035,558,471,87
107000036,648,2750,-2102
107000037,116,1422,-1306
107000038,361,339,22
107000039,1342,1269,73
107000040,261,555,-294
107000041,2527,1172,1355
107000042,1214,3075,-1861
107000043,5236,1468,3768
107000044,1165,519,646
107000045,226,489,-263
107000046,1086,666,420
107000047,720,1341,-621
107000048,886,475,411
107000049,803,1213,-410
107000050,1430,770,660
107000051,893,572,321
107000052,1809,1449,360
107000053,619,363,256
107000054,124,456,-332
107000055,123,136,-13
107000056,605,1333,-728
107000057,2546,339,2207
107000058,3438,3552,-114
107000059,3991,5830,-1839
107000060,6065,8925,-2860
107000061,9452,6803,2649
107000062,4911,5061,-150
107000063,6166,10050,-3884
107000064,5614,3823,1791
107000065,6562,9183,-2621
107000066,3093,4568,-1475
107000067,1466,1705,-239
107000068,2618,918,1700
107000069,1117,815,302
107000070,905,7,898
107000071,3133,54,3079
107000072,69,5637,-5568
107000073,742,334,408
107000074,210,1719,-1509
107000075,2063,741,1322
107000076,1153,2636,-1483
107000077,4361,1507,2854
107000078,3327,5545,-2218
107000079,3708,1120,2588
107000080,1876,5663,-3787
107000081,1831,895,936
107000082,852,3850,-2998
107000083,1566,633,933
107000084,739,3650,-2911
107000085,4284,5086,-802
107000086,5604,6206,-602
107000087,4830,3650,1180
107000088,5412,6631,-1219
107000089,1990,3379,-1389
107000090,1832,2075,-243
107000091,1607,1418,189
107000092,1241,1980,-739
107000093,1658,1312,346
107000094,2057,2169,-112
107000095,1111,884,227
107000096,973,1637,-664
107000097,926,350,576
107000098,662,878,-216
107000099,802,595,207
107000100,592,449,143
107000101,166,303,-137
107000102,562,559,3
107000103,425,361,64
107000104,343,638,-295
107000105,480,274,206
107000106,376,637,-261
107000107,679,375,304
107000108,333,1272,-939
107000109,651,308,343
107000110,125,868,-743
107000111,309,79,230
107000112,36,534,-498
107000113,670,197,473
107000114,158,1001,-843
107000115,677,182,495
107000116,132,1539,-1407
107000117,184,542,-358
107000118,209,433,-224
107000119,3035,1999,1036
107000120,3378,701,2677
107000121,940,1172,-232
107000122,1494,1668,-174
107000123,503,1256,-753
107000124,714,1587,-873
107000125,877,1141,-264
107000126,946,1158,-212
107000127,35,578,-543
107000129,336,264,72
107000130,533,472,61
107000131,800,599,201
107000132,853,590,263
107000133,967,253,714
107000134,585,4,581
107000135,2,468,-466
107000136,979,7,972
107000137,20,679,-659
107000138,667,38,629
107000139,14,758,-744
107000140,2177,126,2051
107000141,179,1302,-1123
107000142,520,137,383
107000143,87,1554,-1467
107000144,697,718,-21
107000145,223,967,-744
107000146,239,568,-329
107000147,4846,1364,3482
107000150,1616,6342,-4726
107000151,82,133,-51
107000152,1064,1686,-622
107000153,771,765,6
107000154,300,242,58
107000155,1441,48,1393
107000156,1689,73,1616
107000157,103,3259,-3156
107000158,612,42,570
107000159,50,1764,-1714
107000160,957,287,670
107000161,141,2868,-2727
107000162,333,907,-574
107000163,158,0,158
107000164,552,0,552
107000165,879,9,870
107000166,60,2146,-2086
107000167,917,368,549
107000168,1189,634,555
107000169,1360,1348,12
107000170,2740,1242,1498
107000171,893,3695,-2802
107000172,1241,2131,-890
107000173,830,2075,-1245
107000174,1268,8684,-7416
107000175,14466,3076,11390
107000176,0,0,0
107000177,8,4,4
107000178,17,98,-81
107000179,381,4214,-3833
107000180,1563,619,944
107000181,480,2202,-1722
107000182,1978,1559,419
107000183,185,1681,-1496
107000184,1151,1205,-54
107000185,680,2458,-1778
107000186,1802,595,1207
107000187,1724,2429,-705
107000188,822,881,-59
107000189,496,1814,-1318
107000190,783,1272,-489
107000191,953,1726,-773
107000192,2066,1558,508
107000193,610,776,-166
107000194,1651,1301,350
107000197,1174,426,748
107000198,456,1056,-600
107000199,960,1516,-556
107000200,2140,1164,976
107000201,525,455,70
107000202,444,931,-487
107000203,1578,1059,519
107000204,2453,1034,1419
107000205,3723,1919,1804
107000206,1991,2274,-283
107000207,1396,2034,-638
107000208,2783,789,1994
107000209,3798,1768,2030
107000210,1463,808,655
107000211,7,69,-62
107000212,25,771,-746
107000213,23,60,-37
107000214,15,377,-362
107000215,853,836,17
107000216,568,834,-266
107000217,230,225,5
107000219,136,214,-78
107000220,206,451,-245
107000222,434,1425,-991
107000224,613,105,508
107000225,368,1101,-733
107000226,471,111,360
107000227,166,707,-541
107000228,149,266,-117
107000229,637,454,183
107000230,2090,862,1228
107000231,2552,1570,982
107000232,144,127,17
107000233,2025,1130,895
107000234,2,62,-60
107000235,104,5,99
107000236,18,1722,-1704
107000237,35,2,33
107000238,30,0,30
107000239,8027,1251,6776
107000240,124,1582,-1458
107000241,186,47,139
107000242,1176,91,1085
107000243,1,166,-165
107000244,6,121,-115
107000246,5,1745,-1740
107000249,3,1734,-1731
107000251,1,388,-387
107000252,3,1851,-1848
107000255,1205,231,974
107000257,3,793,-790
107000258,4,258,-254
107000259,5,374,-369
107000260,633,7,626
107000262,8,995,-987
107000263,227,6,221
107000266,14,12,2
107000267,96,303,-207
107000268,248,268,-20
107000269,914,37,877
107000270,3,17,-14
107000271,20,1287,-1267
107000272,24,269,-245
107000273,22,316,-294
107000274,7574,521,7053
107000275,84,1554,-1470
107000280,759,63,696
107000281,73,1665,-1592
107000282,104,1612,-1508
107000290,5,52,-47
107000291,31,59,-28
107000292,0,89,-89
107000293,415,5,410
107000294,0,42,-42
107000295,89,0,89
107000296,0,41,-41
107000444,707,17,690
107000496,0,68,-68
107000497,2215,4521,-2306
107000500,620,560,60
107000501,108,285,-177
107000502,715,579,136
107000505,1135,1295,-160
107000506,3,34,-31
107000508,14,1009,-995
107000509,359,1383,-1024
107000510,49,37,12
107000514,59,437,-378
107000515,28,434,-406
107000516,279,489,-210
107000518,1280,1395,-115
107000519,5516,1863,3653
107000520,107,33,74
107900001,57,276,-219
107900002,57,8,49
107900003,470,22,448
107900004,106,0,106
107900005,1229,2,1227
107900006,264,1,263
107900007,378,51,327
107900008,79,53,26
107900009,339,11,328
107900010,40,4,36
107900012,437,27,410
107900013,371,83,288
107900014,24,13,11
107900015,1064,8,1056
107900016,928,197,731
107900017,31,1,30
107900018,93,184,-91
107900019,25,97,-72
107900020,165,11,154
107900021,61,273,-212
107900023,0,6,-6
107900024,0,55,-55
107900025,282,571,-289
107900026,94,200,-106
107900027,118,86,32
107900028,59,170,-111
107900030,213,34,179
107900031,75,277,-202
107900032,22,10,12
107900033,29,14,15
107900034,509,14,495
107900035,1076,66,1010
107900036,75,14,61
107900037,0,72,-72
107900038,203,323,-120
107900039,39,118,-79
107900040,114,308,-194
107900041,3,3,0
107900043,46,323,-277
107900044,6,12,-6
107900045,136,42,94
107900046,156,232,-76
107900047,30,114,-84
107900048,246,8,238
107900049,476,2689,-2213
107900050,129,651,-522
107900051,108,126,-18
107900052,19,31,-12
107900053,37,159,-122
107900055,1140,458,682
107900056,252,40,212
107900057,6,0,6
107900058,59,1318,-1259
107900060,47,105,-58
107900061,40,12,28
107900063,165,207,-42
107900064,569,148,421
107900065,225,13,212
107900066,20,6,14
107900067,1,0,1
107900068,321,513,-192
107900069,59,2323,-2264
107900070,165,75,90
107900071,75,1438,-1363
107900072,139,368,-229
107900073,96,195,-99
107900074,1389,272,1117
107900076,123,125,-2
107900077,49,1,48
107900078,450,44,406
107900079,2,30,-28
107900080,252,569,-317
107900081,22,172,-150
107900082,40,38,2
107900083,569,206,363
107900084,159,220,-61
107900086,46,199,-153
107900087,1025,175,850
107900088,32,36,-4
107900089,686,1915,-1229
107900090,973,3371,-2398
107900091,376,866,-490
107900092,3101,771,2330
107900093,144,127,17
107900095,4826,2698,2128
107900097,201,106,95
107900098,118,228,-110
107900100,1541,1557,-16
107900101,1697,285,1412
107900102,26,12,14
107900103,68,284,-216
107900104,277,7,270
107900105,6,739,-733
107900106,7,2154,-2147
107900107,2526,594,1932
107900108,611,214,397
107900109,1270,28,1242
107900110,35,180,-145
107900111,18,1712,-1694
107900112,108,518,-410
107900113,226,253,-27
107900114,143,298,-155
107900115,4,85,-81
107900116,164,382,-218
107900117,495,756,-261
107900118,119,240,-121
107900119,151,328,-177
107900120,38,29,9
107900121,9,258,-249
107900122,5,93,-88
107900123,5,37,-32
107900124,60,44,16
107900125,30,361,-331
107900126,6,65,-59
107900127,769,351,418
107900128,183,147,36
107900129,63,44,19
107900130,100,63,37
107900131,962,262,700
107900132,156,817,-661
107900133,1,136,-135
107900134,50,49,1
107900135,4,317,-313
107900136,71,71,0
107900137,175,245,-70
107900138,74,53,21
107900139,31,85,-54
107900140,128,131,-3
107900141,43,121,-78
107900142,97,1965,-1868
107900143,63,42,21
107900144,4,220,-216
107900145,27,170,-143
107900146,69,278,-209
107900147,101,29,72
107900148,276,304,-28
107900149,2984,419,2565
107900150,131,1508,-1377
107900151,32,181,-149
107900152,27,482,-455
107900153,233,495,-262
107900154,68,30,38
107900155,66,81,-15
107900156,9,498,-489
107900157,99,104,-5
107900158,980,30,950
107900159,56,1945,-1889
107900160,77,216,-139
107900161,43,341,-298
107900162,0,338,-338
107900163,151,125,26
107900164,9,68,-59
107900165,22,113,-91
107900166,59,357,-298
107900167,38,33,5
107900168,20,51,-31
107900169,0,232,-232
107900171,24,2986,-2962
107900172,2,553,-551
107900173,25,318,-293
107900174,92,5,87
107900175,43,28,15
107900176,19,54,-35
107900177,7,452,-445
107900178,1,331,-330
107900179,32,223,-191
107900180,1578,687,891
107900181,501,552,-51
107900182,5,2112,-2107
107900183,61,501,-440
107900184,113,348,-235
107900185,111,6,105
107900186,16,74,-58
107900187,1,281,-280
107900188,1305,223,1082
107900189,20,191,-171
107900190,133,159,-26
107900191,121,166,-45
107900193,10,37,-27
107900194,341,7,334
107900195,6689,947,5742
107900196,93,137,-44
107900197,1638,370,1268
107900199,6,1449,-1443
107900201,133,171,-38
107900203,95,134,-39
107900204,299,469,-170
107900205,293,685,-392
107900206,926,261,665
107900207,3,1010,-1007
107900208,4,1079,-1075
107900209,644,221,423
107900210,109,259,-150
107900213,1301,1053,248
107900214,16,213,-197
107900215,233,465,-232
107900216,178,177,1
107900217,57,98,-41
107900218,25,2643,-2618
107900219,24,192,-168
107900220,370,292,78
107900221,311,262,49
107900223,93,862,-769
107900224,264,550,-286
107900225,16,1423,-1407
107900226,86,234,-148
107900227,208,838,-630
107900228,22,160,-138
107900229,5,565,-560
107900230,15,242,-227
107900231,13,324,-311
107900232,74,307,-233
107900233,7,222,-215
107900234,145,243,-98
107900235,34,166,-132
107900236,107,112,-5
107900237,121,739,-618
107900238,28,203,-175
107900239,1871,748,1123
107900240,25,197,-172
107900241,23,153,-130
107900242,33,459,-426
107900243,3,80,-77
107900244,346,10,336
107900245,692,84,608
107900246,438,6,432
107900248,432,859,-427
107900249,775,27,748
107900250,9,1042,-1033
107900251,94,2472,-2378
107900252,1388,30,1358
107900253,213,11,202
107900254,114,685,-571
107900255,562,145,417
107900256,2791,1224,1567
107900257,279,189,90
107900258,133,531,-398
107900259,135,2123,-1988
107900261,6,677,-671
107900262,64,219,-155
107900264,371,12,359
107900265,205,374,-169
107900267,272,38,234
107900268,94,13,81
107900269,1,7,-6
107900270,0,0,0
107900271,2,20,-18
107900272,200,20,180
107900273,21,149,-128
107900274,56,0,56
107900275,15,0,15
107900276,3,119,-116
107900277,2,400,-398
107900278,350,547,-197
107900279,228,182,46
107900280,3193,3486,-293
107900281,5539,2939,2600
107900282,131,637,-506
107900283,2456,832,1624
107900284,592,1216,-624
107900285,100,189,-89
107900286,227,170,57
107900287,173,305,-132
107900290,0,139,-139
107900291,680,11,669
107900292,135,429,-294
107900293,97,893,-796
107900295,39,166,-127
107900297,1,504,-503
107900298,1211,1280,-69
107900299,5819,3248,2571
107900300,81,439,-358
107900301,1012,678,334
107900302,169,38,131
107900303,177,542,-365
107900304,291,990,-699
107900305,366,25,341
107900306,22,20,2
107900307,64,377,-313
107900308,287,125,162
107900309,268,0,268
107900310,230,3,227
107900311,5,88,-83
107900312,205,3,202
107900313,3,119,-116
107900314,0,78,-78
107900315,0,84,-84
107900316,94,1,93
107900317,213,26,187
107900318,3,274,-271
107900319,9,422,-413
107900320,1,273,-272
107900321,171,8,163
107900322,0,269,-269
107900323,7,294,-287
107900324,262,2,260
107900325,112,0,112
107900326,332,579,-247
107900327,2,64,-62
107900328,182,1,181
107900329,264,67,197
107900330,15,973,-958
107900331,239,52,187
107900332,207,62,145
107900333,75,32,43
107900334,20,413,-393
107900335,75,106,-31
107900336,41,70,-29
107900337,2217,1057,1160
107900338,5,230,-225
107900339,5,38,-33
107900340,1,109,-108
107900341,73,2,71
107900342,98,159,-61
107900343,140,2,138
107900344,11,175,-164
107900345,131,45,86
107900346,50,2,48
107900347,42,1,41
107900348,32,6,26
107900349,24,8,16
107900350,46,489,-443
108000001,3551,5744,-2193
108000002,3445,4900,-1455
108000003,6810,3850,2960
108000004,25187,27402,-2215
108000005,10447,6578,3869
108000006,12353,12136,217
108000007,7015,5851,1164
108000008,8421,10506,-2085
108000009,4996,5998,-1002
108000010,5401,8661,-3260
108000011,14890,17051,-2161
108000012,27542,27861,-319
108000014,1219,1006,213
108000015,757,456,301
108000016,310,881,-571
108000017,1196,631,565
108000018,2249,841,1408
108000019,3861,1201,2660
108000020,2065,775,1290
108000021,598,2759,-2161
108000022,773,2327,-1554
108000023,1783,350,1433
108000024,284,1148,-864
108000025,334,388,-54
108000026,621,854,-233
108000027,824,694,130
108000028,502,314,188
108000029,517,757,-240
108000030,871,279,592
108000031,373,888,-515
108000032,1749,860,889
108000033,1046,2014,-968
108000034,2277,673,1604
108000035,1450,4068,-2618
108000036,516,2266,-1750
108000037,1971,624,1347
108000038,3093,755,2338
108000039,764,4184,-3420
108000040,2319,1234,1085
108000041,991,4631,-3640
108000042,334,302,32
108000043,260,448,-188
108000044,469,298,171
108000045,295,980,-685
108000046,1601,520,1081
108000047,622,1668,-1046
108000048,274,594,-320
108000049,760,389,371
108000050,137,789,-652
108000051,262,175,87
108000052,361,1212,-851
108000053,361,236,125
108000054,785,1757,-972
108000055,1535,677,858
108000056,1660,1737,-77
108000057,956,1347,-391
108000058,2726,4760,-2034
108000059,5427,3252,2175
108000060,260,586,-326
108000061,241,458,-217
108000062,879,811,68
108000063,606,1071,-465
108000064,241,380,-139
108000065,895,1134,-239
108000066,3344,1279,2065
108000067,2677,932,1745
108000068,953,517,436
108000069,362,1613,-1251
108000070,2061,1101,960
108000071,1043,2700,-1657
108000072,1895,1706,189
108000073,2211,3184,-973
108000074,509,524,-15
108000075,444,1280,-836
108000076,1082,772,310
108000077,1081,1066,15
108000078,2339,2122,217
108000079,1268,2879,-1611
108000080,1252,896,356
108000081,737,3610,-2873
108000082,1591,3174,-1583
108000083,2606,1443,1163
108000084,535,2080,-1545
108000085,766,634,132
108000086,1258,1380,-122
108000087,199,2560,-2361
108000088,284,24,260
108000089,709,571,138
108000090,608,175,433
108000091,295,993,-698
108000092,191,129,62
108000093,249,1487,-1238
108000094,762,200,562
108000095,256,819,-563
108000096,368,285,83
108000097,204,921,-717
108000098,1735,2297,-562
108000099,301,143,158
108000100,84,355,-271
108000101,1651,2104,-453
108000102,2085,4038,-1953
108000106,1291,2,1289
108000107,2,1357,-1355
108000108,803,80,723
108000109,12,1281,-1269
108000110,232,513,-281
108000111,288,1474,-1186
108000112,152,180,-28
108000113,926,491,435
108000115,628,766,-138
108000117,1594,690,904
108000118,381,309,72
108000119,1160,655,505
108000120,178,1157,-979
108000121,240,951,-711
108000122,550,569,-19
108000123,754,476,278
108000124,418,886,-468
108000125,413,484,-71
108000126,219,822,-603
108000127,526,520,6
108000128,750,972,-222
108000129,412,1789,-1377
108000130,412,430,-18
108000131,1248,729,519
108000132,2857,2538,319
108000133,1036,829,207
108000134,741,967,-226
108000135,1438,559,879
108000136,1319,1522,-203
108000137,437,759,-322
108000138,484,1688,-1204
108000139,416,598,-182
108000140,101,47,54
108000141,46,221,-175
108000142,98,231,-133
108000143,35,85,-50
108000144,30,19,11
108000145,68,61,7
108000146,46,40,6
108000147,91,114,-23
108000148,72,17,55
108000149,34,41,-7
108000150,33,5,28
108000151,46,19,27
108000152,157,866,-709
108000153,439,189,250
108000154,109,21,88
108000155,24,43,-19
108000156,410,164,246
108000157,313,1143,-830
108000158,161,888,-727
108000159,941,289,652
108000160,7777,1586,6191
108000161,7775,3182,4593
108000165,10,236,-226
108000172,6,334,-328
108000173,4145,2840,1305
108000175,215,147,68
108000178,705,596,109
108000179,417,994,-577
108000181,91,40,51
108000182,211,35,176
108000183,67,41,26
108000184,1943,2957,-1014
108000185,314,1103,-789
108000186,140,71,69
108000187,133,1166,-1033
108000188,584,368,216
108000189,1156,1779,-623
108000190,46,179,-133
108000192,280,866,-586
108000193,1433,73,1360
108000194,18,21,-3
108000195,4,2353,-2349
108000196,284,244,40
108000198,811,490,321
108000199,0,208,-208
108000200,411,1089,-678
108000202,0,358,-358
108000203,122,1148,-1026
108000204,144,65,79
108000205,455,889,-434
108000339,2407,583,1824
108000364,190,489,-299
108000365,97,610,-513
108000367,294,700,-406
108000368,5,70,-65
108000369,1627,188,1439
108000371,3,922,-919
108000372,648,2,646
108000373,220,246,-26
108000376,93,29,64
108000377,418,473,-55
108000378,13949,15519,-1570
108000379,56,342,-286
108000381,69,16,53
108000382,79,4,75
108000383,2,89,-87
108900001,182,1727,-1545
108900002,349,92,257
108900003,496,1652,-1156
108900004,181,391,-210
108900005,91,403,-312
108900006,902,301,601
108900007,292,319,-27
108900008,97,206,-109
108900009,122,156,-34
108900010,227,255,-28
108900011,406,554,-148
108900012,342,762,-420
108900013,118,413,-295
108900014,14,159,-145
108900015,8,31,-23
108900016,2,328,-326
108900017,284,316,-32
108900018,146,800,-654
108900019,74,1840,-1766
108900020,72,404,-332
108900021,171,490,-319
108900022,152,4,148
108900023,3,44,-41
108900024,22,194,-172
108900025,82,229,-147
108900026,24,169,-145
108900027,0,134,-134
108900028,84,690,-606
108900029,86,402,-316
108900030,0,114,-114
108900031,97,777,-680
108900032,11,436,-425
108900033,0,214,-214
108900034,1,364,-363
108900035,414,2069,-1655
108900036,290,529,-239
108900037,80,668,-588
108900038,1,658,-657
108900039,4,696,-692
108900040,9,184,-175
108900041,8647,4241,4406
108900042,12,502,-490
108900043,93,847,-754
108900044,3,1139,-1136
108900045,36,916,-880
108900046,84,1621,-1537
108900047,0,98,-98
108900048,136,1565,-1429
108900049,8729,1556,7173
108900050,0,386,-386
108900051,1,381,-380
108900052,38,426,-388
108900053,175,301,-126
108900054,134,446,-312
108900055,138,777,-639
108900056,0,265,-265
108900057,1,326,-325
108900058,41,716,-675
108900059,422,51,371
108900060,211,249,-38
108900061,82,68,14
108900062,9,471,-462
108900063,26,698,-672
108900064,222,116,106
108900065,31,448,-417
108900066,360,215,145
108900067,55,305,-250
108900068,0,158,-158
108900069,56,176,-120
108900070,64,231,-167
108900071,137,95,42
108900072,4301,859,3442
108900073,9,106,-97
108900074,170,814,-644
108900075,65,101,-36
108900076,277,110,167
108900077,203,193,10
108900078,36,318,-282
108900079,1264,455,809
108900080,46,1086,-1040
108900081,62,442,-380
108900082,64,142,-78
108900083,25,420,-395
108900084,646,226,420
108900085,3289,293,2996
108900086,140,382,-242
108900087,181,392,-211
108900088,1379,516,863
108900089,34,193,-159
108900090,49,598,-549
108900091,192,197,-5
108900092,555,504,51
108900093,169,92,77
108900094,343,158,185
108900095,144,902,-758
108900096,618,58,560
108900097,470,374,96
108900098,4948,947,4001
108900099,431,485,-54
108900100,94,238,-144
108900101,291,193,98
108900102,265,1159,-894
108900103,70,124,-54
108900104,228,707,-479
108900105,8,1356,-1348
108900106,453,695,-242
108900108,530,78,452
108900109,97,39,58
108900110,240,724,-484
108900111,477,965,-488
108900112,252,25,227
108900113,54,65,-11
108900114,6,6,0
108900115,112,121,-9
108900116,73,16,57
108900117,338,9,329
108900118,647,7,640
108900119,242,41,201
108900120,184,238,-54
108900121,575,105,470
108900122,175,47,128
108900123,143,136,7
108900124,456,237,219
108900125,403,11,392
108900126,148,29,119
108900127,180,50,130
108900128,128,31,97
108900129,920,171,749
108900130,304,5,299
108900131,463,4,459
108900132,473,100,373
108900133,262,57,205
108900134,279,419,-140
108900135,144,11,133
108900136,26,1,25
108900137,204,1,203
108900138,687,45,642
108900139,681,117,564
108900140,231,434,-203
108900141,422,17,405
108900142,96,5,91
108900143,89,0,89
108900144,73,3,70
108900145,128,7,121
108900146,70,0,70
108900147,211,1,210
108900148,109,43,66
108900149,698,607,91
108900150,278,6,272
108900151,143,4,139
108900152,116,60,56
108900153,138,639,-501
108900154,6214,680,5534
108900155,362,148,214
108900156,78,13,65
108900157,20,917,-897
108900158,419,66,353
108900159,5,505,-500
108900160,13,395,-382
108900161,12,738,-726
108900162,68,1,67
108900163,3,344,-341
108900164,61,94,-33
108900165,316,145,171
108900167,3454,6679,-3225
108900168,14259,3595,10664
108900169,33,224,-191
108900171,16101,3577,12524
108900172,289,90,199
108900173,303,610,-307
108900174,908,841,67
108900176,209,795,-586
108900177,13162,8526,4636
108900178,8702,4304,4398
108900179,1167,1947,-780
108900180,269,339,-70
108900182,38,457,-419
108900183,341,396,-55
108900184,657,313,344
108900185,106,537,-431
108900186,122,604,-482
108900187,348,110,238
108900188,622,118,504
108900189,565,202,363
108900190,64,5532,-5468
108900191,262,50,212
108900192,120,371,-251
108900193,482,72,410
108900194,42,472,-430
108900195,153,633,-480
108900196,41,1015,-974
108900198,4,1041,-1037
108900199,349,472,-123
108900200,685,479,206
108900201,586,2064,-1478
108900203,695,67,628
108900204,524,13,511
108900205,318,40,278
108900206,668,75,593
108900207,226,85,141
108900208,32,622,-590
108900209,273,1173,-900
108900210,224,436,-212
108900211,289,693,-404
108900212,1090,1949,-859
108900215,144,958,-814
108900216,596,236,360
108900217,117,0,117
108900218,165,28,137
108900219,122,17,105
108900220,49,19,30
108900221,62,166,-104
108900222,268,30,238
108900223,15,159,-144
108900224,53,203,-150
108900225,1,269,-268
108900226,322,11,311
108900227,184,345,-161
108900230,615,526,89
108900231,76,456,-380
108900232,2,656,-654
108900233,695,107,588
108900234,384,159,225
108900235,356,1157,-801
108900236,107,655,-548
108900237,102,451,-349
108900240,240,140,100
108900241,38,53,-15
108900245,9,1995,-1986
108900249,174,45,129
108900250,318,177,141
108900257,309,1062,-753
108900258,11,376,-365
108900259,93,123,-30
108900260,8,136,-128
108900261,177,253,-76
108900262,405,209,196
108900263,57,320,-263
108900264,652,382,270
108900265,1854,446,1408
108900266,1850,558,1292
108900267,5,128,-123
108900268,12,1,11
108900269,86,15,71
108900270,72,5,67
108900271,47,12,35
108900272,203,9,194
108900273,1451,807,644
108900274,41,104,-63
109000001,5566,1673,3893
109000002,3878,2159,1719
109000003,3563,862,2701
109000004,860,3887,-3027
109000005,3702,1151,2551
109000006,1177,3375,-2198
109000007,2102,1136,966
109000008,682,2903,-2221
109000009,5087,2159,2928
109000010,1910,6625,-4715
109000011,4351,2979,1372
109000012,2644,6277,-3633
109000013,4520,4350,170
109000014,2545,6296,-3751
109000015,4713,9033,-4320
109000016,15563,7317,8246
109000017,2993,2008,985
109000018,1518,6007,-4489
109000019,4175,1782,2393
109000020,1620,3236,-1616
109000023,398,54,344
109000024,7,260,-253
109000025,663,644,19
109000026,1523,470,1053
109000027,146,396,-250
109000028,174,202,-28
109000029,225,272,-47
109000030,140,832,-692
109000031,268,202,66
109000032,226,727,-501
109000033,653,197,456
109000034,56,54,2
109000035,18,83,-65
109000036,126,536,-410
109000037,313,1627,-1314
109000038,971,600,371
109000039,1296,815,481
109000040,9813,8533,1280
109000041,8334,2128,6206
109000042,1671,1766,-95
109000044,905,94,811
109000045,202,627,-425
109000046,424,177,247
109000047,126,600,-474
109000048,1653,242,1411
109000049,689,817,-128
109000050,564,358,206
109000051,606,450,156
109000052,669,2478,-1809
109000053,266,139,127
109000054,497,1468,-971
109000055,382,468,-86
109000056,393,1213,-820
109000057,789,498,291
109000058,1645,519,1126
109000059,1235,1605,-370
109000060,814,325,489
109000061,2495,1459,1036
109000062,181,303,-122
109000063,436,383,53
109000064,249,324,-75
109000065,209,528,-319
109000066,446,269,177
109000067,83,595,-512
109000068,1870,12,1858
109000069,1243,56,1187
109000070,6,1401,-1395
109000071,623,111,512
109000072,200,519,-319
109000073,88,176,-88
109000074,53,366,-313
109000075,106,549,-443
109000076,86,214,-128
109000077,518,371,147
109000078,42,176,-134
109000079,156,317,-161
109000080,138,185,-47
109000081,135,909,-774
109000082,496,411,85
109000083,367,1333,-966
109000088,218,935,-717
109000089,288,73,215
109000090,312,703,-391
109000091,344,200,144
109000092,571,939,-368
109000093,243,272,-29
109000094,450,3,447
109000095,135,962,-827
109000096,822,300,522
109000097,101,220,-119
109000098,138,135,3
109000099,865,640,225
109000100,318,844,-526
109000101,1779,1685,94
109000102,445,1468,-1023
109000103,509,1231,-722
109000104,1899,1140,759
109000105,697,2319,-1622
109000106,2683,1181,1502
109000107,883,3622,-2739
109000108,2435,1036,1399
109000109,653,3347,-2694
109000110,2228,812,1416
109000111,1804,4009,-2205
109000112,548,282,266
109000113,443,359,84
109000114,238,543,-305
109000115,2036,58,1978
109000116,8,387,-379
109000117,190,174,16
109000118,18,482,-464
109000119,1190,643,547
109000120,173,1740,-1567
109000121,447,78,369
109000122,136,1596,-1460
109000123,25,111,-86
109000124,737,763,-26
109000125,921,625,296
109000126,490,1619,-1129
109000127,946,344,602
109000128,619,3275,-2656
109000129,2588,1104,1484
109000130,754,4325,-3571
109000131,939,582,357
109000132,944,3191,-2247
109000133,589,1763,-1174
109000134,1172,2422,-1250
109000135,2040,2106,-66
109000136,451,653,-202
109000137,439,518,-79
109000138,771,623,148
109000139,572,634,-62
109000140,234,885,-651
109000141,564,769,-205
109000142,132,948,-816
109000143,161,109,52
109000145,116,253,-137
109000146,63,158,-95
109000148,7045,2241,4804
109000149,45,67,-22
109000150,148,270,-122
109000155,932,972,-40
109000156,2370,1178,1192
109000158,288,484,-196
109000159,255,1046,-791
109000160,1398,431,967
109000161,417,2197,-1780
109000162,2878,1282,1596
109000163,1291,3157,-1866
109000164,1525,4524,-2999
109000165,1514,1030,484
109000166,894,245,649
109000167,169,1437,-1268
109000170,47,112,-65
109000171,80,70,10
109000172,42,99,-57
109000173,33,102,-69
109000174,100,105,-5
109000175,105,184,-79
109000176,298,318,-20
109000177,28,208,-180
109000178,421,177,244
109000179,12865,6031,6834
109000180,10406,5857,4549
109000181,21,83,-62
109000182,54,102,-48
109000183,57,59,-2
109000184,46,43,3
109000185,31,127,-96
109000188,786,4257,-3471
109000189,3430,1637,1793
109000190,829,854,-25
109000191,343,855,-512
109000192,485,412,73
109000193,217,767,-550
109000194,295,184,111
109000195,172,746,-574
109000196,450,237,213
109000197,212,762,-550
109000198,374,119,255
109000199,177,970,-793
109000206,383,54,329
109000207,138,78,60
109000208,153,139,14
109000209,173,186,-13
109000210,224,895,-671
109000211,160,296,-136
109000214,465,926,-461
109000215,377,162,215
109000216,408,258,150
109000217,300,154,146
109000218,347,287,60
109000221,618,1856,-1238
109000222,1157,285,872
109000223,353,377,-24
109000224,72,317,-245
109000225,81,61,20
109000226,64,456,-392
109000227,1230,2268,-1038
109000228,4,602,-598
109000231,6,560,-554
109000232,259,672,-413
109000236,410,1282,-872
109000241,2758,3117,-359
109000242,2268,2681,-413
109000293,32,108,-76
109000361,140,435,-295
109000364,309,1059,-750
109000396,14,1190,-1176
109000397,580,9,571
109000399,182,1076,-894
109000400,103,419,-316
109000403,205,918,-713
109000406,573,9,564
109000407,349,347,2
109000408,3,751,-748
109000410,1407,351,1056
109000411,84,17,67
109900001,104,1,103
109900002,909,24,885
109900003,223,0,223
109900004,1157,394,763
109900005,58,44,14
109900006,459,437,22
109900007,863,1230,-367
109900008,0,67,-67
109900009,186,1345,-1159
109900010,651,18,633
109900011,170,69,101
109900012,322,303,19
109900013,568,237,331
109900014,457,98,359
109900015,665,246,419
109900016,165,74,91
109900017,148,259,-111
109900018,324,149,175
109900019,238,110,128
109900020,37,49,-12
109900021,25,19,6
109900022,56,478,-422
109900023,16,6,10
109900024,29,6,23
109900025,6,134,-128
109900026,5,325,-320
109900027,41,37,4
109900028,3990,940,3050
109900029,11,844,-833
109900030,62,8,54
109900031,0,221,-221
109900032,14,525,-511
109900033,6,949,-943
109900034,17,0,17
109900035,15,55,-40
109900036,24,103,-79
109900037,40,914,-874
109900038,88,365,-277
109900039,11,0,11
109900040,38,1077,-1039
109900041,80,741,-661
109900042,138,671,-533
109900044,144,480,-336
109900045,124,121,3
109900046,19,140,-121
109900047,513,600,-87
109900048,0,152,-152
109900049,9,41,-32
109900050,0,348,-348
109900051,0,42,-42
109900052,246,510,-264
109900053,9,685,-676
109900054,705,343,362
109900055,65,520,-455
109900056,27,227,-200
109900057,32,361,-329
109900058,1,231,-230
109900059,693,157,536
109900060,495,244,251
109900061,155,453,-298
109900062,1,424,-423
109900063,22,527,-505
109900064,650,485,165
109900065,251,218,33
109900066,464,1658,-1194
109900067,2,550,-548
109900068,110,4,106
109900069,5,64,-59
109900070,72,457,-385
109900071,1,51,-50
109900072,42,228,-186
109900073,357,1085,-728
109900074,6,68,-62
109900075,30,44,-14
109900076,41,386,-345
109900077,16,97,-81
109900078,119,505,-386
109900080,199,660,-461
109900081,83,193,-110
109900082,78,753,-675
109900083,37,117,-80
109900084,96,247,-151
109900085,322,1533,-1211
109900086,167,521,-354
109900087,412,700,-288
109900089,906,209,697
109900090,749,2185,-1436
109900091,336,116,220
109900092,2922,29,2893
109900093,978,202,776
109900094,100,142,-42
109900095,200,414,-214
109900096,41,3,38
109900097,82,2,80
109900098,419,51,368
109900099,184,1,183
109900100,72,1,71
109900101,474,18,456
109900102,489,35,454
109900103,42,69,-27
109900104,492,1526,-1034
109900105,743,29,714
109900106,1039,132,907
109900107,1027,151,876
109900108,154,1138,-984
109900109,63,333,-270
109900110,133,841,-708
109900111,480,2056,-1576
109900112,523,1316,-793
109900113,872,580,292
109900114,1305,894,411
109900115,199,160,39
109900117,1058,216,842
109900118,323,819,-496
109900119,992,486,506
109900120,58,25,33
109900121,900,506,394
109900122,448,6,442
109900123,20,307,-287
109900124,59,1001,-942
109900125,5,293,-288
109900126,223,309,-86
109900128,316,103,213
109900130,18567,2878,15689
109900131,73,248,-175
109900132,51,292,-241
109900133,63,608,-545
109900134,113,137,-24
109900135,410,109,301
109900136,100,259,-159
109900137,86,623,-537
109900138,419,726,-307
109900140,265,555,-290
109900141,443,417,26
109900142,1327,517,810
109900145,8,446,-438
109900146,719,59,660
109900148,48,174,-126
109900149,52,85,-33
109900150,7,98,-91
109900151,4,71,-67
109900152,1,14,-13
109900153,0,33,-33
109900154,36,1,35
109900155,72,18,54
109900157,102,423,-321
109900158,110,217,-107
109900159,189,46,143
109900160,198,95,103
109900161,350,102,248
109900162,292,170,122
109900163,1186,523,663
109900164,77,316,-239
109900165,328,15,313
109900166,3,240,-237
109900167,287,930,-643
109900168,247,906,-659
109900169,250,256,-6
109900170,498,1185,-687
109900171,241,145,96
109900172,206,304,-98
109900173,6830,3022,3808
109900174,66,252,-186
109900175,89,142,-53
109900176,170,390,-220
109900177,44,421,-377
109900178,4,189,-185
109900179,81,35,46
109900180,7,11,-4
110000001,1262,1007,255
110000002,912,1026,-114
110000003,1722,1064,658
110000004,874,861,13
110000005,916,2946,-2030
110000006,907,617,290
110000007,268,300,-32
110000008,36,69,-33
110000009,76,74,2
110000010,83,94,-11
110000011,34,211,-177
110000012,1206,800,406
110000013,75,817,-742
110000014,837,614,223
110000015,439,944,-505
110000016,425,2286,-1861
110000017,5356,446,4910
110000018,5682,851,4831
110000019,14,234,-220
110000020,900,395,505
110000021,2127,752,1375
110000022,1957,359,1598
110000023,13,313,-300
110000024,1033,734,299
110000025,268,3,265
110000026,12,917,-905
110000027,1429,824,605
110000028,1193,1165,28
110000029,708,1356,-648
110000030,307,686,-379
110000031,356,1021,-665
110000032,939,664,275
110000033,475,186,289
110000034,994,1219,-225
110000035,1514,1344,170
110000036,1631,1318,313
110000037,317,1072,-755
110000038,339,1239,-900
110000039,1170,4751,-3581
110000040,565,764,-199
110000041,346,1818,-1472
110000042,105,636,-531
110000043,903,459,444
110000044,395,310,85
110000045,2563,202,2361
110000046,12,31,-19
110000047,62,35,27
110000048,15,19,-4
110000049,113,12,101
110000050,15,34,-19
110000051,72,16,56
110000052,48,35,13
110000053,376,12,364
110000054,298,472,-174
110000055,1134,41,1093
110000056,418,113,305
110000057,429,1279,-850
110000058,1571,954,617
110000059,1370,772,598
110000060,994,1659,-665
110000061,1510,1283,227
110000062,1088,1252,-164
110000063,45,143,-98
110000064,108,205,-97
110000065,125,164,-39
110000066,137,68,69
110000067,185,677,-492
110000068,381,759,-378
110000069,241,204,37
110000071,100,212,-112
110000073,6,45,-39
110000075,13,161,-148
110000076,471,699,-228
110000077,707,3147,-2440
110000078,24,117,-93
110000080,362,1040,-678
110000081,38,590,-552
110000082,42,663,-621
110000083,384,952,-568
110000084,1199,1128,71
110000085,3484,2344,1140
110000086,1864,2866,-1002
110000087,8,153,-145
110000088,93,425,-332
110000089,337,289,48
110000090,276,586,-310
110000091,2973,569,2404
110000092,20,163,-143
110000093,51,16,35
110000094,755,359,396
110000095,245,1047,-802
110000096,5469,2720,2749
110000097,1435,1822,-387
110000098,2688,1096,1592
110000099,1332,2642,-1310
110000100,947,1177,-230
110000101,18,706,-688
110000102,34,40,-6
110000104,332,145,187
110000105,134,380,-246
110000106,764,410,354
110000107,596,633,-37
110000108,294,62,232
110000109,361,455,-94
110000110,6336,6859,-523
110000111,12520,3979,8541
110000112,1973,1337,636
110000113,1021,2875,-1854
110000114,117,800,-683
110000115,271,506,-235
110000116,70,107,-37
110000117,176,885,-709
110000118,500,441,59
110000119,237,736,-499
110000120,503,366,137
110000121,161,554,-393
110000122,493,1123,-630
110000123,729,1021,-292
110000124,10,1432,-1422
110000125,1370,14,1356
110000126,391,47,344
110000127,1484,137,1347
110000128,58,2627,-2569
110000129,3,781,-778
110000130,277,296,-19
110000131,122,479,-357
110000132,2,1088,-1086
110000133,84,772,-688
110000134,28,570,-542
110000135,217,69,148
110000136,89,518,-429
110000137,761,1206,-445
110000138,1003,1333,-330
110000139,976,2479,-1503
110000140,1660,906,754
110000143,1107,623,484
110000144,7411,2491,4920
110000145,1885,1618,267
110000146,2897,1848,1049
110000147,566,1333,-767
110000148,485,564,-79
110000151,2231,845,1386
110000152,1707,572,1135
110000153,125,116,9
110000154,86,36,50
110000155,3360,5643,-2283
110000156,1373,3178,-1805
110000157,2479,2943,-464
110000160,398,506,-108
110000161,175,767,-592
110000166,649,250,399
110000167,1167,858,309
110000168,1209,573,636
110000169,916,493,423
110000170,208,127,81
110000171,771,187,584
110000172,261,1471,-1210
110000173,1669,2064,-395
110000174,337,2280,-1943
110000175,673,128,545
110000176,203,458,-255
110000177,246,1186,-940
110000178,819,1669,-850
110000179,2217,651,1566
110000180,151,468,-317
110000181,500,673,-173
110000182,510,423,87
110000183,21931,10804,11127
110000184,1838,4404,-2566
110000185,3270,1089,2181
110000186,1358,1224,134
110000191,677,577,100
110000192,569,9,560
110000193,1205,5,1200
110000194,21,2027,-2006
110000195,518,616,-98
110000196,401,737,-336
110000197,123,344,-221
110000198,205,165,40
110000199,86,225,-139
110000200,2272,903,1369
110000201,1425,1327,98
110000202,1865,636,1229
110000203,1163,1294,-131
110000204,4,486,-482
110000205,140,67,73
110000206,954,2487,-1533
110000207,851,527,324
110000208,425,240,185
110000209,206,1398,-1192
110000210,979,1193,-214
110000211,1570,1759,-189
110000212,686,1736,-1050
110000213,245,139,106
110000214,249,212,37
110000215,141,897,-756
110000216,114,1125,-1011
110000217,309,384,-75
110000218,213,751,-538
110000219,348,143,205
110000220,70,590,-520
110000221,345,140,205
110000222,76,408,-332
110000223,2,266,-264
110000224,153,41,112
110000225,352,1033,-681
110000226,260,95,165
110000227,1576,1070,506
110000228,717,682,35
110000229,2,420,-418
110000230,1135,894,241
110000231,217,326,-109
110000232,285,285,0
110000233,296,496,-200
110000234,1689,920,769
110000235,1615,1589,26
110000236,808,1286,-478
110000237,3507,1945,1562
110000238,1430,2020,-590
110000239,2580,2065,515
110000240,0,110,-110
110000242,0,16,-16
110000243,92,268,-176
110000244,197,703,-506
110000245,49,702,-653
110000246,948,1097,-149
110000247,2164,10041,-7877
110000248,3996,3276,720
110000249,86,8,78
110000250,128,440,-312
110000251,360,1115,-755
110000252,309,422,-113
110000253,1372,942,430
110000254,921,2687,-1766
110000255,332,2002,-1670
110000256,573,385,188
110000257,1187,597,590
110000258,18,933,-915
110000259,116,24,92
110000260,31,725,-694
110000263,854,214,640
110000264,385,1052,-667
110000265,1578,2990,-1412
110000266,3141,4021,-880
110000267,34,496,-462
110000268,441,1063,-622
110000269,4,263,-259
110000270,57,5,52
110000271,3853,470,3383
110000272,1603,1573,30
110000273,5699,2185,3514
110000274,420,2072,-1652
110000275,4897,819,4078
110000276,379,510,-131
110000277,409,731,-322
110000278,552,1326,-774
110000279,1062,1083,-21
110000280,489,667,-178
110000281,57,313,-256
110000282,466,62,404
110000283,101,162,-61
110000284,95,75,20
110000285,2,528,-526
110000286,24,2,22
110000287,100,8,92
110000288,4,157,-153
110000289,752,2738,-1986
110000290,1994,1033,961
110000291,11244,2285,8959
110000292,1852,6737,-4885
110000293,739,1436,-697
110000294,1131,1623,-492
110000295,188,1722,-1534
110000296,466,608,-142
110000297,3994,636,3358
110000298,282,1004,-722
110000299,676,120,556
110000301,598,55,543
110000302,334,1856,-1522
110000303,744,15,729
110000304,145,530,-385
110000305,1642,41,1601
110000306,230,2771,-2541
110000307,1941,15,1926
110000308,1004,15,989
110000309,16,1928,-1912
110000310,883,108,775
110000311,26,1409,-1383
110000312,667,127,540
110000313,5272,5501,-229
110000314,6,471,-465
110000315,6006,3770,2236
110000316,921,1974,-1053
110000317,1333,771,562
110000318,8,125,-117
110000319,8,40,-32
110000320,65,78,-13
110000321,21,79,-58
110000322,404,929,-525
110000323,466,375,91
110000324,6792,1935,4857
110000325,4133,4150,-17
110000327,830,464,366
110000328,380,824,-444
110000333,1605,1058,547
110000334,1198,2278,-1080
110000335,1237,853,384
110000336,1439,1742,-303
110000337,2591,951,1640
110000338,520,367,153
110000339,370,398,-28
110000340,113,314,-201
110000341,651,774,-123
110000342,849,4,845
110000343,0,30,-30
110000344,407,297,110
110000345,471,181,290
110000346,3884,2559,1325
110000347,1408,1150,258
110000348,52,34,18
110000349,13,47,-34
110000350,51,12,39
110000351,1145,1379,-234
110000352,779,2775,-1996
110000353,5196,1314,3882
110000354,1943,5127,-3184
110000355,116,210,-94
110000356,1036,8,1028
110000357,610,23,587
110000361,27,123,-96
110000362,73,245,-172
110000363,469,205,264
110000364,290,515,-225
110000365,225,0,225
110000366,2,133,-131
110000367,615,521,94
110000368,2,104,-102
110000369,64,0,64
110000373,7,451,-444
110000374,302,19,283
110000375,235,1660,-1425
110000376,47,117,-70
110000377,123,862,-739
110000378,42,596,-554
110000379,4976,2248,2728
110000380,74,33,41
110000383,3,1659,-1656
110000384,4391,1344,3047
110000385,3,410,-407
110000387,96,19,77
110000388,48,347,-299
110000389,1219,11,1208
110000391,664,575,89
110000396,199,211,-12
110000397,137,369,-232
110000398,5,54,-49
110000399,297,4,293
110000587,126,85,41
110000589,211,260,-49
110000640,275,156,119
110000652,44,186,-142
110000653,327,724,-397
110000654,25,50,-25
110000656,1,1113,-1112
110000674,65,36,29
110000675,83,35,48
110000676,3,92,-89
110000679,607,1428,-821
110000682,140,234,-94
110000683,825,872,-47
110000684,9,146,-137
110000685,14,25,-11
110000686,12,88,-76
110000687,33,7,26
110000688,82,1038,-956
110000689,28,102,-74
110000692,363,444,-81
110000693,498,462,36
110000694,0,314,-314
110000695,388,1257,-869
110000696,221,239,-18
110900001,386,31,355
110900002,775,873,-98
110900003,739,1500,-761
110900004,414,376,38
110900005,7131,2695,4436
110900006,27,24,3
110900007,165,28,137
110900008,22,57,-35
110900009,537,113,424
110900010,11,151,-140
110900011,14,234,-220
110900012,21,238,-217
110900013,1263,241,1022
110900014,209,18,191
110900015,1447,804,643
110900016,33,284,-251
110900017,469,58,411
110900018,628,77,551
110900019,147,30,117
110900020,92,730,-638
110900021,126,1156,-1030
110900022,130,578,-448
110900023,189,1218,-1029
110900024,34,827,-793
110900025,10,88,-78
110900027,54,478,-424
110900028,40,343,-303
110900029,60,778,-718
110900030,42,659,-617
110900031,2,259,-257
110900032,0,144,-144
110900033,64,517,-453
110900035,41,796,-755
110900036,138,39,99
110900037,90,42,48
110900038,2421,333,2088
110900039,22,402,-380
110900040,263,85,178
110900041,10,285,-275
110900042,160,61,99
110900043,2,283,-281
110900044,449,41,408
110900045,81,946,-865
110900046,175,525,-350
110900047,1343,343,1000
110900049,183,118,65
110900050,23,4,19
110900051,60,320,-260
110900052,10,348,-338
110900053,105,106,-1
110900054,50,458,-408
110900055,28,3,25
110900056,53,186,-133
110900057,9,352,-343
110900058,351,462,-111
110900059,931,1248,-317
110900060,589,222,367
110900061,39,83,-44
110900062,129,447,-318
110900063,61,378,-317
110900064,11,2,9
110900065,406,193,213
110900066,27,188,-161
110900067,798,1122,-324
110900068,316,451,-135
110900069,11,47,-36
110900070,188,85,103
110900071,462,841,-379
110900073,3,40,-37
110900074,420,147,273
110900075,566,178,388
110900077,872,810,62
110900078,30,155,-125
110900079,3168,1374,1794
110900080,141,101,40
110900081,8,131,-123
110900082,146,396,-250
110900083,116,81,35
110900084,49,196,-147
110900085,77,668,-591
110900086,103,350,-247
110900087,418,138,280
110900088,22,2,20
110900090,68,51,17
110900091,1,67,-66
110900093,768,138,630
110900095,88,100,-12
110900097,42,39,3
110900098,48,201,-153
110900099,89,1058,-969
110900100,0,28,-28
110900102,81,32,49
110900105,1795,785,1010
110900108,17,212,-195
110900111,609,294,315
110900112,995,6,989
110900113,829,75,754
110900115,8,135,-127
110900116,638,3918,-3280
110900118,174,3425,-3251
110900119,8588,677,7911
110900120,28,164,-136
110900121,126,2,124
110900122,438,229,209
110900125,356,453,-97
110900127,1099,1534,-435
110900128,258,296,-38
110900129,558,821,-263
110900130,1627,540,1087
110900131,389,110,279
110900132,323,76,247
110900133,177,426,-249
110900135,197,879,-682
110900136,377,32,345
110900137,164,0,164
110900138,2462,777,1685
110900139,125,116,9
110900140,170,7,163
110900141,13,282,-269
110900142,114,373,-259
110900143,165,169,-4
110900144,6,1174,-1168
110900145,165,37,128
110900146,817,184,633
110900147,317,498,-181
110900148,20,536,-516
110900149,3,140,-137
110900150,93,33,60
110900151,6,134,-128
110900152,20,548,-528
110900153,141,64,77
111000001,597,342,255
111000002,775,803,-28
111000003,1926,1626,300
111000004,1045,1534,-489
111000005,2650,2229,421
111000006,1594,2584,-990
111000007,8904,6304,2600
111000008,5561,5417,144
111000009,400,1369,-969
111000010,1073,399,674
111000011,387,996,-609
111000012,612,552,60
111000013,463,1356,-893
111000014,1122,806,316
111000017,182,1114,-932
111000018,307,564,-257
111000020,3245,3904,-659
111000021,167,223,-56
111000023,141,189,-48
111000025,11203,4521,6682
111000029,90,146,-56
111000030,42,151,-109
111000031,2814,1595,1219
111000032,807,328,479
111000033,480,312,168
111000034,634,201,433
111000037,4644,2039,2605
111000038,5840,4274,1566
111000039,2945,4158,-1213
111000040,2526,4533,-2007
111000041,2260,3145,-885
111000042,9380,4052,5328
111000043,3433,4171,-738
111000044,1856,1548,308
111000045,2937,3273,-336
111000046,2486,2015,471
111000047,3522,4905,-1383
111000049,616,979,-363
111000050,2754,2405,349
111000051,671,1780,-1109
111000052,815,2486,-1671
111000053,539,1898,-1359
111000054,489,1678,-1189
111000055,1600,3118,-1518
111000056,229,839,-610
111000057,73,1239,-1166
111000058,328,199,129
111000059,751,506,245
111000060,4926,1294,3632
111000061,677,503,174
111000062,938,401,537
111000063,2348,1422,926
111000064,622,1000,-378
111000065,1412,1230,182
111000066,571,482,89
111000067,884,940,-56
111000068,685,1379,-694
111000069,2552,3567,-1015
111000070,3298,1777,1521
111000071,442,1250,-808
111000072,998,556,442
111000073,327,1080,-753
111000074,2025,2467,-442
111000075,1236,1443,-207
111000076,632,1509,-877
111000077,1833,2451,-618
111000078,3232,1853,1379
111000079,1885,1297,588
111000080,628,1188,-560
111000081,3372,7574,-4202
111000082,876,1171,-295
111000084,1142,1043,99
111000085,1525,2500,-975
111000086,5944,2107,3837
111000087,902,1261,-359
111000088,12422,3126,9296
111000089,1185,1254,-69
111000090,1547,1983,-436
111000091,1077,1019,58
111000092,1569,1541,28
111000093,910,1322,-412
111000094,2806,1341,1465
111000095,1024,3222,-2198
111000096,3498,10462,-6964
111000097,8814,1662,7152
111000098,953,2056,-1103
111000099,762,3512,-2750
111000100,461,3066,-2605
111000101,633,1473,-840
111000102,197,1360,-1163
111000104,737,344,393
111000107,113,1334,-1221
111000109,789,378,411
111000110,2059,1126,933
111000111,2485,990,1495
111000112,2297,884,1413
111000113,937,1562,-625
111000114,1908,3863,-1955
111000115,11652,1923,9729
111000116,1254,1583,-329
111000117,694,1392,-698
111000118,1929,1669,260
111000119,1243,2448,-1205
111000120,556,948,-392
111000121,372,977,-605
111000122,927,1678,-751
111000123,1408,4782,-3374
111000124,723,4876,-4153
111000125,287,2869,-2582
111000126,127,1504,-1377
111000127,958,270,688
111000128,1905,586,1319
111000129,3650,822,2828
111000130,2367,1023,1344
111000131,1823,886,937
111000132,1510,1014,496
111000133,178,199,-21
111000134,158,164,-6
111000135,61,249,-188
111000136,450,458,-8
111000138,13,19,-6
111000140,4,8,-4
111000141,349,597,-248
111000142,18,132,-114
111000143,1,97,-96
111000144,35,138,-103
111000145,1054,3,1051
111000146,52,17,35
111000147,312,41,271
111000148,372,169,203
111000149,7,73,-66
111000150,15,14,1
111000151,4,33,-29
111000153,821,939,-118
111000154,1090,299,791
111000155,159,270,-111
111000156,619,823,-204
111000157,200,1218,-1018
111000158,1342,1085,257
111000159,4523,1120,3403
111000160,376,505,-129
111000161,12,411,-399
111000162,22,360,-338
111000163,733,1598,-865
111000164,1415,6629,-5214
111000165,1853,788,1065
111000166,2674,728,1946
111000167,191,829,-638
111000168,374,807,-433
111000169,434,920,-486
111000170,719,793,-74
111000171,734,1236,-502
111000172,141,731,-590
111000173,413,1645,-1232
111000174,231,1168,-937
111000175,70,560,-490
111000176,471,217,254
111000177,327,386,-59
111000178,1133,443,690
111000179,285,329,-44
111000180,304,521,-217
111000181,1070,410,660
111000182,215,333,-118
111000183,622,558,64
111000184,379,421,-42
111000185,497,704,-207
111000186,572,422,150
111000187,170,414,-244
111000188,216,681,-465
111000189,2159,856,1303
111000190,261,678,-417
111000191,217,654,-437
111000192,406,790,-384
111000193,646,576,70
111000194,71,576,-505
111000195,159,737,-578
111000196,52,402,-350
111000197,401,245,156
111000198,418,144,274
111000199,217,225,-8
111000200,396,524,-128
111000201,568,386,182
111000202,235,269,-34
111000203,292,310,-18
111000204,438,841,-403
111000213,240,626,-386
111000214,2027,2627,-600
111000215,1213,1979,-766
111000217,1590,1423,167
111000218,1351,1601,-250
111000219,717,400,317
111000220,4534,1591,2943
111000221,1656,272,1384
111000224,1,691,-690
111000225,365,67,298
111000226,403,2,401
111000227,87,17,70
111000228,32,362,-330
111000229,80,803,-723
111000230,545,984,-439
111000231,1147,2022,-875
111000232,596,1250,-654
111000233,767,1195,-428
111000234,133,525,-392
111000239,181,451,-270
111000240,61,272,-211
111000241,79,717,-638
111000242,122,153,-31
111000243,153,1212,-1059
111000244,478,224,254
111000245,1421,986,435
111000246,454,1058,-604
111000247,256,1410,-1154
111000248,738,797,-59
111000249,596,1239,-643
111000250,81,237,-156
111000251,100,225,-125
111000253,30,23,7
111000255,21,18,3
111000257,37,26,11
111000260,113,1802,-1689
111000261,1196,114,1082
111000271,50,416,-366
111000273,10941,2518,8423
111000274,1815,3704,-1889
111000275,174,125,49
111000276,405,3380,-2975
111000277,261,667,-406
111000278,925,410,515
111000291,874,7549,-6675
111000298,805,414,391
111000299,941,226,715
111000300,137,964,-827
111000302,300,156,144
111000303,112,415,-303
111000312,36,88,-52
111000315,1,49,-48
111000320,542,1030,-488
111000321,432,127,305
111000322,365,732,-367
111000323,188,31,157
111000324,443,414,29
111000325,30,105,-75
111000326,186,475,-289
111000327,452,830,-378
111000328,294,813,-519
111000329,0,36,-36
111000330,37,30,7
111000331,10,11,-1
111000332,537,2246,-1709
111000334,534,2546,-2012
111000335,811,280,531
111000337,1091,611,480
111000338,45,171,-126
111000339,476,734,-258
111000340,121,1318,-1197
111000341,1158,666,492
111000342,205,383,-178
111000344,1197,1132,65
111000345,322,55,267
111000346,40,169,-129
111000347,159,8,151
111000350,238,155,83
111000351,140,326,-186
111000352,146,233,-87
111000353,137,406,-269
111000354,728,342,386
111000355,413,1270,-857
111000358,213,2802,-2589
111000360,187,1461,-1274
111000361,173,670,-497
111000546,767,1124,-357
111000547,491,1235,-744
111000548,123,350,-227
111000549,429,881,-452
111000550,84,784,-700
111000551,1020,325,695
111000552,1657,101,1556
111000907,729,56,673
111000908,22,0,22
111000916,1577,458,1119
111000917,54,622,-568
111000918,198,1873,-1675
111000920,466,21,445
111000921,0,406,-406
111000922,427,480,-53
111000924,61,1641,-1580
111000925,2241,2955,-714
111000926,1144,3188,-2044
111000927,3486,6567,-3081
111000928,7414,6150,1264
111000929,1400,1480,-80
111000930,1026,3988,-2962
111000931,2561,3003,-442
111000932,6128,3848,2280
111000933,4818,2798,2020
111000934,3544,5299,-1755
111000935,1741,1367,374
111000936,1577,3498,-1921
111000937,952,1834,-882
111000938,2657,3190,-533
111000939,458,55,403
111000940,432,264,168
111000941,448,1069,-621
111000943,472,422,50
111000944,181,814,-633
111000945,127,3315,-3188
111001109,770,450,320
111001110,334,838,-504
111001111,52,10,42
111001112,287,34,253
111001113,1,220,-219
111001114,2308,173,2135
111001115,32,471,-439
111001116,8458,4707,3751
111001117,1088,2186,-1098
111001120,98,570,-472
111001121,225,516,-291
111001122,34,620,-586
111001123,21,45,-24
111900001,9,173,-164
111900002,18,1270,-1252
111900003,2,769,-767
111900004,56,268,-212
111900006,17,28,-11
111900007,75,9,66
111900008,134,3,131
111900009,157,336,-179
111900010,441,950,-509
111900012,182,262,-80
111900013,2,125,-123
111900014,11454,3944,7510
111900015,0,126,-126
111900016,2,149,-147
111900017,2,183,-181
111900018,215,0,215
111900019,6,148,-142
111900020,4,83,-79
111900021,39,183,-144
111900022,18,57,-39
111900023,146,70,76
111900024,3,73,-70
111900025,0,68,-68
111900026,1,101,-100
111900027,6,213,-207
111900028,4,677,-673
111900029,2,150,-148
111900030,104,602,-498
111900031,4,45,-41
111900032,4,676,-672
111900033,5,118,-113
111900034,384,803,-419
111900035,70,338,-268
111900036,3,598,-595
111900038,471,996,-525
111900039,79,706,-627
111900040,8,974,-966
111900042,74,198,-124
111900043,1,650,-649
111900044,496,551,-55
111900046,61,359,-298
111900048,165,1495,-1330
111900049,35,469,-434
111900050,173,34,139
111900051,4,411,-407
111900052,531,871,-340
111900053,2083,1312,771
111900054,142,5,137
111900055,39,972,-933
111900056,387,303,84
111900057,96,49,47
111900058,434,1179,-745
111900059,4500,704,3796
111900060,463,4,459
111900061,23,518,-495
111900062,33,65,-32
111900063,252,412,-160
111900064,167,452,-285
111900065,115,51,64
111900066,203,215,-12
111900067,4,529,-525
111900068,65,63,2
111900069,80,41,39
111900070,141,230,-89
111900071,0,414,-414
111900072,74,28,46
111900073,809,180,629
111900074,22,302,-280
111900075,66,3,63
111900076,164,58,106
111900077,33,2,31
111900078,269,19,250
111900079,25,27,-2
111900080,312,254,58
111900081,1194,256,938
111900082,190,28,162
111900083,98,19,79
111900084,63,4,59
111900085,76,138,-62
111900086,55,9,46
111900087,41,1,40
111900088,487,8,479
111900089,62,0,62
111900090,104,53,51
111900091,180,2,178
111900092,82,2,80
111900093,373,6,367
111900094,125,3,122
111900095,228,46,182
111900096,139,2,137
111900097,65,0,65
111900098,175,1,174
111900099,51,0,51
111900100,167,16,151
111900101,90,16,74
111900102,676,1188,-512
111900103,144,90,54
111900104,227,82,145
111900105,563,521,42
111900106,2972,118,2854
111900107,118,194,-76
111900108,248,175,73
111900109,913,385,528
111900110,4283,517,3766
111900111,95,180,-85
111900112,1419,2708,-1289
111900113,362,77,285
111900114,170,160,10
111900115,22,66,-44
111900118,314,81,233
111900119,369,162,207
111900122,79,26,53
111900123,34,41,-7
111900124,30,100,-70
111900125,599,25,574
111900126,290,3,287
111900127,4,1088,-1084
111900128,4,1023,-1019
111900129,337,88,249
111900130,391,22,369
111900131,433,4,429
111900132,55,2109,-2054
111900133,6,712,-706
111900134,32,386,-354
111900135,8,43,-35
111900136,78,205,-127
111900137,62,70,-8
111900138,16,97,-81
111900139,13,132,-119
111900140,83,25,58
111900141,72,12,60
111900142,117,37,80
111900143,11,335,-324
111900144,2,129,-127
111900145,4,924,-920
111900146,7,485,-478
111900147,212,758,-546
111900148,29,1358,-1329
111900149,10,568,-558
111900150,28,309,-281
111900151,4,36,-32
111900152,106,122,-16
111900153,2433,472,1961
111900154,18,309,-291
111900155,60,109,-49
111900156,31,95,-64
111900157,70,20,50
111900158,681,43,638
111900159,305,17,288
111900160,320,0,320
111900161,125,2,123
111900162,106,212,-106
111900163,40,392,-352
111900164,149,100,49
111901113,434,335,99
111901114,316,547,-231
111901115,104,1,103
111901116,63,2,61
111901117,27,46,-19
111901118,206,288,-82
111901119,1823,174,1649
111901120,123,415,-292
111901121,295,514,-219
111901122,11,877,-866
111901123,136,656,-520
111901124,142,3,139
111901125,274,352,-78
111901126,109,62,47
111901127,1299,473,826
111901128,19,161,-142
111901129,13,258,-245
111901130,21,362,-341
111901131,4,305,-301
111901132,152,16,136
111901133,64,11,53
111901134,100,3,97
111901135,15,29,-14
111901136,65,53,12
111901137,1,33,-32
111901138,180,91,89
111901139,24,89,-65
111901140,9,265,-256
111901141,7,611,-604
111901142,4,265,-261
111901143,6,157,-151
111901144,28,58,-30
112000001,2642,1615,1027
112000002,1054,4240,-3186
112000003,1610,1952,-342
112000004,1101,2918,-1817
112000005,3729,4092,-363
112000006,3256,3950,-694
112000007,2959,2303,656
112000008,3517,5633,-2116
112000009,6210,6653,-443
112000010,4029,5180,-1151
112000011,3327,4183,-856
112000012,10098,5447,4651
112000013,9149,6250,2899
112000014,4763,1720,3043
112000015,5024,6089,-1065
112000016,12133,2037,10096
112000017,5730,4311,1419
112000024,3446,1439,2007
112000026,7115,8726,-1611
112000027,1411,827,584
112000028,3014,2744,270
112000029,600,1269,-669
112000030,310,219,91
112000031,3137,7579,-4442
112000032,717,140,577
112000033,3906,2738,1168
112000034,444,134,310
112000035,216,722,-506
112000036,1590,1586,4
112000037,3398,1320,2078
112000038,2412,1945,467
112000039,94,137,-43
112000040,201,361,-160
112000041,758,802,-44
112000042,2416,516,1900
112000050,1427,2646,-1219
112000051,1477,1821,-344
112000054,3634,4609,-975
112000057,912,709,203
112000058,680,1203,-523
112000059,955,1554,-599
112000061,6433,3431,3002
112000062,2638,1883,755
112000063,2200,2588,-388
112000064,6916,9289,-2373
112000065,3219,4260,-1041
112000066,4586,2025,2561
112000067,1208,1132,76
112000068,4279,3002,1277
112000069,1227,3394,-2167
112000070,3504,1379,2125
112000071,1324,4187,-2863
112000072,2617,1542,1075
112000073,3139,2743,396
112000074,2452,1499,953
112000075,1806,1769,37
112000076,5061,4180,881
112000077,643,1098,-455
112000078,1965,1204,761
112000079,2004,2239,-235
112000080,893,1361,-468
112000081,1949,3541,-1592
112000082,1946,1260,686
112000083,771,2192,-1421
112000084,1446,1333,113
112000085,1931,1968,-37
112000086,2855,2610,245
112000087,364,691,-327
112000088,646,1124,-478
112000089,511,503,8
112000090,542,546,-4
112000091,739,1857,-1118
112000092,2010,1670,340
112000093,2329,1538,791
112000094,691,1489,-798
112000095,817,1362,-545
112000096,522,1144,-622
112000097,1309,838,471
112000098,1684,2394,-710
112000099,1054,1617,-563
112000100,1847,1562,285
112000101,655,1722,-1067
112000102,1160,928,232
112000103,506,1916,-1410
112000105,601,2805,-2204
112000106,1594,551,1043
112000107,31,378,-347
112000108,441,2747,-2306
112000109,120,118,2
112000110,1956,737,1219
112000111,2395,7447,-5052
112000112,9599,1270,8329
112000113,1588,3042,-1454
112000114,6292,1825,4467
112000115,495,891,-396
112000116,988,1932,-944
112000117,1681,1462,219
112000118,1648,1324,324
112000119,777,1361,-584
112000120,133,603,-470
112000121,160,1087,-927
112000122,286,250,36
112000123,681,199,482
112000124,348,107,241
112000125,204,266,-62
112000126,224,1284,-1060
112000127,4458,3134,1324
112000128,1662,1478,184
112000129,148,241,-93
112000130,194,98,96
112000131,46,626,-580
112000132,146,476,-330
112000133,491,594,-103
112000134,750,584,166
112000135,2077,1241,836
112000136,2129,2219,-90
112000137,3608,3818,-210
112000138,3777,2135,1642
112000139,1345,550,795
112000140,1485,1666,-181
112000141,1282,482,800
112000142,273,1248,-975
112000143,1264,385,879
112000144,389,2428,-2039
112000145,2543,1050,1493
112000146,949,3412,-2463
112000147,2798,2465,333
112000148,2299,3710,-1411
112000149,511,1248,-737
112000150,220,1166,-946
112000151,397,1092,-695
112000152,364,807,-443
112000153,224,528,-304
112000154,142,412,-270
112000155,452,155,297
112000157,2012,1002,1010
112000158,348,1482,-1134
112000159,568,615,-47
112000167,634,78,556
112000169,1421,635,786
112000173,836,310,526
112000175,846,795,51
112000176,6437,3813,2624
112000177,903,217,686
112000178,130,910,-780
112000179,266,250,16
112000180,401,509,-108
112000181,1933,3103,-1170
112000182,1302,3311,-2009
112000183,90,109,-19
112000184,401,1159,-758
112000185,606,1046,-440
112000187,8475,5026,3449
112000195,297,20,277
112000196,381,3,378
112000197,225,167,58
112000198,37,541,-504
112000199,203,1521,-1318
112000202,389,2,387
112000216,80,342,-262
112000230,114,4,110
112000231,1,403,-402
112000256,102,281,-179
112000313,258,321,-63
112000314,49,25,24
112000337,416,991,-575
112000352,563,482,81
112000392,2709,2815,-106
112000398,1451,1287,164
112000399,13011,4112,8899
112000400,2856,6265,-3409
112000401,4046,4614,-568
112000402,3633,3577,56
112000403,6735,4355,2380
112000404,746,1093,-347
112000405,2058,3884,-1826
112000406,5277,4791,486
112000407,7357,12070,-4713
112000408,13077,11371,1706
112000409,2354,8311,-5957
112000410,638,327,311
112000411,8764,2782,5982
112000412,2084,824,1260
112000413,16790,6474,10316
112000414,125,142,-17
112000415,144,85,59
112000416,2695,1971,724
112000417,312,87,225
112000421,50,276,-226
112000422,519,1093,-574
112000424,5100,4310,790
112000425,682,1534,-852
112000426,203,528,-325
112000427,0,14,-14
112000428,176,747,-571
112000429,4584,5533,-949
112000430,5659,5044,615
112000431,95,213,-118
112000432,981,2771,-1790
112000433,896,1895,-999
112000437,59,365,-306
112900001,49,1,48
112900002,457,1872,-1415
112900003,59,533,-474
112900004,53,490,-437
112900005,210,278,-68
112900006,12,732,-720
112900007,45,348,-303
112900008,3,53,-50
112900009,601,150,451
112900010,400,1262,-862
112900011,356,440,-84
112900012,3,97,-94
112900013,6,363,-357
112900014,3,470,-467
112900015,535,1600,-1065
112900016,5,346,-341
112900017,55,434,-379
112900018,3,518,-515
112900019,107,342,-235
112900020,632,2332,-1700
112900021,12,406,-394
112900022,19,163,-144
112900023,2,308,-306
112900024,46,413,-367
112900025,177,578,-401
112900026,4,444,-440
112900027,14,1926,-1912
112900028,36,237,-201
112900029,13,1026,-1013
112900030,329,353,-24
112900031,6,942,-936
112900032,258,577,-319
112900034,1,146,-145
112900035,16,783,-767
112900036,70,294,-224
112900037,360,213,147
112900038,866,331,535
112900039,21,504,-483
112900040,6,799,-793
112900041,2473,2078,395
112900042,60,859,-799
112900043,16,99,-83
112900044,1051,893,158
112900045,650,525,125
112900046,428,149,279
112900047,28,44,-16
112900049,195,142,53
112900050,169,1053,-884
112900051,474,1467,-993
112900052,15,1735,-1720
112900053,603,271,332
112900054,378,51,327
112900055,226,46,180
112900056,635,281,354
112900057,12,1215,-1203
112900058,431,377,54
112900059,190,253,-63
112900060,13,477,-464
112900061,150,280,-130
112900062,128,266,-138
112900063,142,16,126
112900064,288,348,-60
112900065,83,36,47
112900066,339,159,180
112900067,871,312,559
112900068,46,53,-7
112900069,4395,1169,3226
112900071,34,6,28
112900072,511,2548,-2037
112900073,1237,124,1113
112900074,120,294,-174
112900075,3500,1353,2147
112900076,178,33,145
112900078,443,657,-214
112900079,449,22,427
112900080,37,5,32
112900081,40,252,-212
112900082,603,36,567
112900083,144,85,59
112900084,323,138,185
112900085,1,19,-18
112900086,45,0,45
112900087,864,207,657
112900088,141,14,127
112900089,1179,34,1145
112900090,44,15,29
112900091,269,3,266
112900092,256,375,-119
112900093,2506,54,2452
112900094,157,5,152
112900095,36,1,35
112900096,452,237,215
112900097,132,751,-619
112900098,217,3,214
112900099,840,23,817
112900100,57,0,57
112900101,271,6,265
112900102,525,17,508
112900103,264,3,261
112900104,21,0,21
112900105,10,0,10
112900106,618,219,399
112900107,7,1,6
112900108,40,0,40
112900109,96,0,96
112900110,1048,9,1039
112900111,762,1,761
112900112,429,1,428
112900113,0,27,-27
112900114,108,103,5
112900115,959,2,957
112900116,68,37,31
112900117,145,152,-7
112900118,60,133,-73
112900119,252,4,248
112900120,1149,387,762
112900121,467,355,112
112900122,24,225,-201
112900123,245,38,207
112900124,12,248,-236
112900125,109,1072,-963
112900126,261,389,-128
112900127,479,99,380
112900128,654,1278,-624
112900129,4,1707,-1703
112900130,438,120,318
112900131,85,315,-230
112900132,167,695,-528
112900133,52,2059,-2007
112900134,1,424,-423
112900135,115,85,30
112900136,1,82,-81
112900137,11,1161,-1150
112900138,2,794,-792
112900139,393,2365,-1972
112900140,1,97,-96
112900141,1189,57,1132
112900142,116,220,-104
112900143,55,944,-889
112900144,3,520,-517
112900145,43,866,-823
112900146,9,2210,-2201
112900147,11,3295,-3284
112900148,66,0,66
112900149,356,700,-344
112900151,20,71,-51
112900152,6943,1557,5386
112900153,3144,2814,330
112900154,1,140,-139
112900155,376,27,349
112900156,489,2482,-1993
112900157,204,28,176
112900158,81,37,44
112900159,305,134,171
112900160,60,486,-426
112900161,168,46,122
112900162,65,25,40
112900163,230,34,196
112900164,44,198,-154
112900165,226,85,141
112900166,67,74,-7
112900167,6,83,-77
112900168,19,3,16
112900169,15,9,6
112900170,52,170,-118
112900172,85,9,76
112900173,377,205,172
112900174,420,91,329
112900175,239,299,-60
112900176,5,29,-24
112900177,242,66,176
112900178,1165,4214,-3049
112900179,57,855,-798
112900180,3579,2810,769
112900181,615,7,608
112900182,55,2119,-2064
112900183,284,457,-173
112900184,868,748,120
112900185,655,1101,-446
112900186,2737,1721,1016
112900187,161,803,-642
112900188,1299,1231,68
112900189,78,66,12
112900190,167,92,75
112900192,954,995,-41
112900193,2153,631,1522
112900194,62,199,-137
112900195,1933,76,1857
112900196,368,813,-445
112900197,289,702,-413
112900199,688,1106,-418
112900200,715,448,267
112900201,81,186,-105
112900202,462,1744,-1282
112900203,209,581,-372
112900204,1513,789,724
112900205,1,31,-30
112900206,9,97,-88
112900207,9,0,9
112900208,132,354,-222
112900209,692,707,-15
112900210,0,37,-37
112900211,218,128,90
112900212,0,121,-121
112900213,32,21,11
112900214,63,9,54
112900215,7,345,-338
112900216,43,167,-124
112900217,21,96,-75
112900218,60,23,37
112900219,73,14,59
112900220,4,0,4
112900221,24,327,-303
112900222,0,64,-64
112900223,1502,24,1478
112900224,325,1194,-869
112900225,505,934,-429
112900226,338,582,-244
112900227,555,2063,-1508
112900228,42,51,-9
112900229,179,101,78
112900230,13975,7371,6604
112900232,357,332,25
112900233,84,304,-220
112900234,12,196,-184
112900235,130,38,92
112900236,252,22,230
112900237,163,509,-346
112900238,3,63,-60
113000001,8411,13476,-5065
113000002,5583,6696,-1113
113000003,3450,5455,-2005
113000004,3319,5227,-1908
113000005,3165,2451,714
113000006,2750,3248,-498
113000007,3245,2729,516
113000008,3540,3530,10
113000009,1587,1883,-296
113000010,1742,3057,-1315
113000011,1333,2444,-1111
113000012,2214,1995,219
113000013,2180,1202,978
113000014,2319,2164,155
113000015,984,313,671
113000016,1098,1102,-4
113000017,144,356,-212
113000018,569,144,425
113000019,237,362,-125
113000020,219,62,157
113000021,5364,1170,4194
113000022,1067,1954,-887
113000025,119,455,-336
113000026,840,715,125
113000027,4185,717,3468
113000028,3835,789,3046
113000029,1386,1056,330
113000030,817,1141,-324
113000031,416,575,-159
113000032,455,507,-52
113000033,529,665,-136
113000034,705,649,56
113000035,64,105,-41
113000036,51,86,-35
113000037,125,57,68
113000038,21,88,-67
113000039,134,1349,-1215
113000040,54,115,-61
113000042,1447,1114,333
113000051,1303,4320,-3017
113000052,3689,2650,1039
113000053,563,1076,-513
113000054,519,1703,-1184
113000055,1884,1436,448
113000056,1333,1980,-647
113000058,1454,1263,191
113000059,1835,1220,615
113000060,312,848,-536
113000061,1028,1587,-559
113000062,2398,486,1912
113000063,165,506,-341
113000064,53,847,-794
113000065,217,1945,-1728
113000066,954,256,698
113000067,2370,2567,-197
113000068,494,3250,-2756
113000069,872,2441,-1569
113000070,3031,1901,1130
113000071,520,1244,-724
113000072,903,866,37
113000073,1107,2814,-1707
113000074,1538,987,551
113000075,3696,1333,2363
113000076,2247,2909,-662
113000077,2375,946,1429
113000078,1472,4760,-3288
113000079,1637,1597,40
113000080,1447,1079,368
113000081,1512,1693,-181
113000082,2723,1484,1239
113000083,835,1544,-709
113000084,3082,2147,935
113000085,1363,1284,79
113000086,1809,2274,-465
113000087,1302,1549,-247
113000088,5343,2426,2917
113000089,1469,2763,-1294
113000090,486,1094,-608
113000091,1013,690,323
113000094,2603,315,2288
113000095,654,1744,-1090
113000096,288,1487,-1199
113000097,2404,643,1761
113000098,228,48,180
113000099,2773,558,2215
113000100,232,822,-590
113000101,771,1033,-262
113000102,1127,565,562
113000103,5181,1169,4012
113000104,694,5564,-4870
113000105,1393,841,552
113000106,857,1212,-355
113000107,1489,1600,-111
113000108,1899,2528,-629
113000109,1228,9698,-8470
113000110,2581,910,1671
113000111,423,1944,-1521
113000112,357,444,-87
113000113,2728,519,2209
113000114,517,3688,-3171
113000116,1552,415,1137
113000117,1746,183,1563
113000118,405,1119,-714
113000119,422,754,-332
113000120,120,416,-296
113000121,1399,1888,-489
113000124,377,242,135
113000125,120,1060,-940
113000127,5767,819,4948
113000128,858,1136,-278
113000129,873,2239,-1366
113000133,6430,3125,3305
113000134,19,2335,-2316
113000135,4917,6984,-2067
113000137,3438,4951,-1513
113000139,737,339,398
113000140,272,556,-284
113000141,769,345,424
113000142,1303,2319,-1016
113000143,489,305,184
113000144,494,1481,-987
113000145,87,255,-168
113000146,202,170,32
113000147,309,344,-35
113000148,241,269,-28
113000149,124,292,-168
113000150,942,791,151
113000151,179,195,-16
113000152,45,247,-202
113000153,3000,1014,1986
113000154,1066,2904,-1838
113000155,435,888,-453
113000156,215,671,-456
113000157,353,1606,-1253
113000158,907,389,518
113000159,1170,1076,94
113000160,792,2044,-1252
113000161,333,873,-540
113000162,915,762,153
113000163,199,110,89
113000164,34,171,-137
113000166,188,151,37
113000167,42,250,-208
113000168,114,257,-143
113000169,198,144,54
113000170,110,169,-59
113000171,66,135,-69
113000172,355,130,225
113000173,107,29,78
113000174,120,812,-692
113000175,484,204,280
113000176,613,230,383
113000177,204,685,-481
113000178,295,640,-345
113000179,501,254,247
113000180,1423,2605,-1182
113000181,1471,1437,34
113000182,376,1122,-746
113000183,357,985,-628
113000184,44,166,-122
113000189,842,1553,-711
113000190,1855,1005,850
113000192,4164,2274,1890
113000193,12026,1518,10508
113000194,5104,1768,3336
113000195,6999,1151,5848
113000196,345,204,141
113000197,4775,1938,2837
113000198,88,497,-409
113000199,2721,901,1820
113000201,2258,335,1923
113000202,7723,8859,-1136
113000203,953,378,575
113000204,4013,2645,1368
113000205,72,56,16
113000206,31,57,-26
113000207,125,46,79
113000208,86,73,13
113000209,79,40,39
113000210,14,53,-39
113000211,427,351,76
113000212,478,43,435
113000213,52,519,-467
113000214,369,540,-171
113000234,184,2072,-1888
113000410,370,509,-139
113000411,5079,8588,-3509
113000412,14649,3997,10652
113000413,6405,4897,1508
113000414,13335,24928,-11593
113000415,4161,6117,-1956
113000416,15059,8710,6349
113000417,5226,7493,-2267
113000418,6454,4694,1760
113000419,2575,3710,-1135
113000420,6146,9211,-3065
113000421,5984,11102,-5118
113000422,23711,19170,4541
113000423,4626,7924,-3298
113000424,6543,17070,-10527
113000425,33,247,-214
113000428,183,35,148
113000430,70,74,-4
113000432,3379,246,3133
113000433,148,1535,-1387
113000434,16,398,-382
113000435,43,1103,-1060
113000436,63,1975,-1912
113000437,1039,21,1018
113000438,361,18,343
113000439,16,247,-231
113000440,99,52,47
113000441,199,372,-173
113000442,179,326,-147
113000443,169,532,-363
113000444,206,344,-138
113000445,96,259,-163
113000446,30,143,-113
113000448,235,625,-390
113000449,610,1566,-956
113000450,1693,11111,-9418
113000451,2466,422,2044
113000452,706,1335,-629
113000453,78,466,-388
113000454,4291,99,4192
113000455,24,242,-218
113000456,7071,4570,2501
113000468,4609,543,4066
113000469,1360,560,800
113000470,1055,146,909
113000471,46,1043,-997
113000472,204,554,-350
113000474,473,1216,-743
113000475,2515,3767,-1252
113000476,1495,2956,-1461
113000477,3389,3084,305
113000478,6225,10365,-4140
113000479,89,397,-308
113000480,422,158,264
113000481,0,0,0
113000482,0,0,0
113000483,0,0,0
113000485,0,0,0
113000486,2,0,2
113000487,0,2,-2
113000488,0,0,0
113000489,1,4,-3
113000490,0,2,-2
113000491,3,4,-1
113000492,0,1,-1
113000493,3,3,0
113000495,238,268,-30
113000496,82,122,-40
113000497,0,0,0
113000498,0,0,0
113000499,0,0,0
113000500,0,10,-10
113900001,6,491,-485
113900002,9,395,-386
113900003,5,367,-362
113900004,1,146,-145
113900005,0,96,-96
113900006,81,61,20
113900007,659,45,614
113900008,917,4,913
113900009,1846,4,1842
113900010,1198,13,1185
113900011,99,0,99
113900012,59,5,54
113900013,2718,44,2674
113900014,798,2,796
113900015,1,81,-80
113900016,51,0,51
113900017,7,107,-100
113900018,783,246,537
113900019,136,87,49
113900020,171,6,165
113900022,37,1,36
113900023,25,1,24
113900024,77,158,-81
113900025,578,67,511
113900026,121,1,120
113900027,4,185,-181
113900028,47,744,-697
113900029,52,411,-359
113900030,284,3,281
113900031,17,5,12
113900032,45,0,45
113900033,70,160,-90
113900035,100,0,100
113900036,31,222,-191
113900037,119,849,-730
113900038,100,185,-85
113900039,234,13,221
113900040,8,6,2
113900041,8,0,8
113900042,110,110,0
113900043,366,255,111
113900044,269,218,51
113900045,103,2,101
113900046,362,1015,-653
113900047,70,223,-153
113900048,432,104,328
113900049,1161,559,602
113900050,300,711,-411
113900051,476,880,-404
113900052,222,239,-17
113900053,977,1025,-48
113900054,58,22,36
113900055,151,862,-711
113900056,145,284,-139
113900057,21,210,-189
113900058,133,405,-272
113900059,535,699,-164
113900060,169,426,-257
113900061,1770,301,1469
113900062,127,52,75
113900063,120,265,-145
113900064,33,306,-273
113900065,732,48,684
113900066,470,729,-259
113900067,200,526,-326
113900068,692,662,30
113900069,77,49,28
113900070,296,680,-384
113900071,91,125,-34
113900072,106,335,-229
113900073,376,588,-212
113900074,138,590,-452
113900075,1801,1708,93
113900076,309,18,291
113900077,99,342,-243
113900078,44,111,-67
113900079,0,105,-105
113900080,700,394,306
113900081,56,450,-394
113900082,193,504,-311
113900083,319,947,-628
113900084,452,166,286
113900085,72,424,-352
113900086,38,31,7
113900087,97,346,-249
113900088,58,116,-58
113900089,618,82,536
113900090,1056,540,516
113900091,40,59,-19
113900092,58,124,-66
113900093,191,1474,-1283
113900094,580,751,-171
113900095,304,166,138
113900096,332,77,255
113900097,34,196,-162
113900098,920,162,758
113900099,2,202,-200
113900100,0,8,-8
113900101,16,100,-84
113900102,304,216,88
113900103,655,422,233
113900104,242,261,-19
113900105,111,429,-318
113900106,0,172,-172
113900107,1,22,-21
113900108,450,376,74
113900109,695,225,470
113900110,131,18,113
113900111,143,155,-12
113900112,170,129,41
113900113,1463,829,634
113900114,2,222,-220
113900115,1,186,-185
113900116,248,252,-4
113900117,201,49,152
113900118,540,546,-6
113900119,375,718,-343
113900120,138,43,95
113900121,53,153,-100
113900122,763,2461,-1698
113900123,883,307,576
113900124,1,108,-107
113900125,2842,285,2557
113900126,281,81,200
113900127,349,1131,-782
113900128,208,146,62
113900129,12,202,-190
113900130,22,27,-5
113900131,311,158,153
113900132,140,63,77
113900133,25,56,-31
113900135,435,804,-369
113900136,181,138,43
113900137,668,459,209
113900138,109,317,-208
113900139,905,218,687
113900140,560,487,73
113900141,666,965,-299
113900142,172,185,-13
113900143,6,53,-47
113900144,586,500,86
113900145,613,394,219
113900146,176,103,73
113900148,310,515,-205
113900149,274,184,90
113900150,1417,1079,338
113900151,646,377,269
113900152,52,82,-30
113900153,609,1060,-451
113900154,10,207,-197
113900155,288,214,74
113900156,376,1021,-645
113900157,46,450,-404
113900158,1133,710,423
113900159,20,398,-378
113900160,792,1071,-279
113900161,100,344,-244
113900162,1116,1326,-210
113900163,572,439,133
113900164,417,69,348
113900165,1314,790,524
113900166,365,289,76
113900167,312,59,253
113900168,228,186,42
113900169,531,672,-141
113900171,246,136,110
113900172,14,329,-315
113900173,80,1170,-1090
113900174,741,1004,-263
113900175,470,220,250
113900176,450,1242,-792
113900177,771,419,352
113900178,571,212,359
113900179,22,1104,-1082
113900180,292,200,92
113900181,1456,207,1249
113900182,1082,1566,-484
113900183,177,152,25
113900184,40,965,-925
113900185,326,149,177
113900186,60,75,-15
113900187,35,233,-198
113900188,71,295,-224
113900189,445,119,326
113900190,524,172,352
113900191,232,455,-223
113900192,17,869,-852
113900193,21,348,-327
113900194,3503,2009,1494
113900195,494,748,-254
113900196,6,174,-168
113900197,8,391,-383
113900198,48,212,-164
113900199,270,1245,-975
113900200,33,417,-384
113900201,4,352,-348
113900202,67,680,-613
113900203,1,286,-285
113900204,95,949,-854
113900205,19,343,-324
113900206,4,180,-176
113900207,3,89,-86
113900208,1,83,-82
113900209,0,113,-113
113900210,968,1314,-346
113900211,270,98,172
113900212,252,999,-747
113900214,763,761,2
113900215,89,224,-135
113900216,115,1804,-1689
113900217,54,361,-307
113900218,200,83,117
113900219,188,735,-547
113900220,280,207,73
113900221,757,294,463
113900222,434,955,-521
113900223,202,1634,-1432
113900224,168,111,57
113900225,1208,464,744
113900226,549,354,195
113900227,695,419,276
113900228,528,616,-88
113900229,116,1415,-1299
113900230,8307,5291,3016
113900231,325,422,-97
113900232,125,170,-45
113900233,133,113,20
113900234,611,778,-167
113900235,109,33,76
113900236,184,581,-397
113900237,199,18,181
113900238,606,821,-215
113900239,242,134,108
113900240,19,211,-192
113900241,215,118,97
113900242,88,266,-178
113900243,197,808,-611
113900244,777,347,430
113900245,1967,463,1504
113900246,24,25,-1
113900247,218,545,-327
113900248,5732,3088,2644
113900249,1994,663,1331
113900250,104,271,-167
113900251,786,311,475
113900252,586,21,565
113900253,1105,94,1011
113900254,1173,247,926
113900255,535,37,498
113900256,494,52,442
113900257,45,1151,-1106
113900258,29,935,-906
113900259,594,499,95
113900260,225,13,212
113900261,48,144,-96
113900262,187,1127,-940
113900263,301,1040,-739
113900264,7,852,-845
113900265,297,496,-199
113900266,30,344,-314
113900267,210,768,-558
113900268,497,571,-74
113900269,98,279,-181
113900270,646,663,-17
113900271,867,2156,-1289
113900273,242,16,226
113900274,91,27,64
113900275,71,111,-40
113900276,7,414,-407
113900277,193,4,189
113900278,402,321,81
113900279,116,169,-53
113900280,1905,789,1116
113900281,710,2109,-1399
113900282,1430,896,534
113900283,656,789,-133
113900284,1222,282,940
113900285,181,29,152
113900286,218,194,24
113900287,53,163,-110
113900288,1,168,-167
113900289,2144,175,1969
113900290,807,269,538
113900291,191,316,-125
113900292,24,30,-6
113900293,8,542,-534
113900294,616,42,574
113900295,768,660,108
113900296,3986,645,3341
113900297,2515,82,2433
113900298,23,2533,-2510
113900299,69,316,-247
113900300,10128,5678,4450
113900301,1827,593,1234
113900302,3881,1233,2648
113900303,1004,526,478
113900304,0,231,-231
113900305,103,1,102
113900306,51,0,51
113900307,159,0,159
113900308,171,203,-32
113900309,3,1229,-1226
113900310,0,22,-22
113900311,8,0,8
113900312,215,235,-20
113900313,21,17,4
114000001,1760,6914,-5154
114000002,328,801,-473
114000003,50,512,-462
114000004,378,529,-151
114000005,303,456,-153
114000006,4235,4240,-5
114000007,1102,2459,-1357
114000008,2586,2360,226
114000009,904,358,546
114000011,3981,6349,-2368
114000012,3438,4951,-1513
114000013,2342,3699,-1357
114000014,638,652,-14
114000015,2084,943,1141
114000016,288,596,-308
114000017,227,440,-213
114000018,849,112,737
114000026,2049,2726,-677
114000027,3780,3779,1
114000028,3936,4135,-199
114000038,278,298,-20
114000039,130,150,-20
114000040,105,366,-261
114000042,203,320,-117
114000043,114,376,-262
114000044,191,74,117
114000045,97,169,-72
114000046,4927,8443,-3516
114000047,64,159,-95
114000048,261,100,161
114000049,2416,2438,-22
114000050,2533,3354,-821
114000051,4320,3278,1042
114000052,5104,2308,2796
114000053,148,932,-784
114000054,249,2221,-1972
114000055,361,56,305
114000056,1917,1188,729
114000057,17127,4514,12613
114000058,1024,1945,-921
114000059,496,399,97
114000060,1343,1288,55
114000061,6755,3302,3453
114000062,4491,2156,2335
114000063,4586,3014,1572
114000064,10814,5820,4994
114000065,2688,4594,-1906
114000066,603,1097,-494
114000067,76,1027,-951
114000068,585,1117,-532
114000069,2003,1106,897
114000070,3473,2635,838
114000071,1132,1148,-16
114000072,535,737,-202
114000073,17,177,-160
114000074,71,42,29
114000075,54,250,-196
114000076,28,246,-218
114000077,10,138,-128
114000078,413,1621,-1208
114000079,124,49,75
114000080,119,196,-77
114000081,92,120,-28
114000082,69,868,-799
114000083,97,426,-329
114000084,362,145,217
114000085,122,1246,-1124
114000086,353,916,-563
114000087,95,380,-285
114000088,77,126,-49
114000089,2767,861,1906
114000090,1185,1278,-93
114000091,3191,1281,1910
114000092,1666,754,912
114000093,1570,1199,371
114000094,532,644,-112
114000095,437,156,281
114000096,258,604,-346
114000097,181,1125,-944
114000098,606,104,502
114000099,666,1265,-599
114000100,1543,1379,164
114000101,494,1492,-998
114000102,456,496,-40
114000103,215,752,-537
114000104,72,633,-561
114000105,190,130,60
114000106,2240,1267,973
114000107,375,190,185
114000108,4030,1950,2080
114000109,474,1325,-851
114000110,888,2830,-1942
114000111,1935,1104,831
114000112,407,2447,-2040
114000113,1095,527,568
114000114,1823,2400,-577
114000115,2804,1168,1636
114000116,914,2108,-1194
114000117,3433,729,2704
114000118,2895,721,2174
114000119,2238,692,1546
114000120,997,1540,-543
114000121,684,1186,-502
114000122,587,452,135
114000123,2170,538,1632
114000124,1753,554,1199
114000125,1119,2627,-1508
114000126,2510,386,2124
114000127,230,320,-90
114000128,1421,844,577
114000130,647,892,-245
114000131,373,177,196
114000132,809,1082,-273
114000133,1456,2723,-1267
114000134,90,373,-283
114000138,122,381,-259
114000139,635,283,352
114000144,1176,731,445
114000145,175,390,-215
114000146,154,513,-359
114000147,1733,2407,-674
114000148,3425,2907,518
114000149,490,402,88
114000150,1201,1066,135
114000151,1610,1605,5
114000152,289,66,223
114000153,1184,2805,-1621
114000154,1294,1184,110
114000155,2253,3644,-1391
114000156,1975,908,1067
114000157,495,1682,-1187
114000158,3061,1148,1913
114000159,293,614,-321
114000160,153,369,-216
114000161,2799,3671,-872
114000162,1500,2886,-1386
114000163,14,209,-195
114000165,772,268,504
114000166,1313,563,750
114000167,7134,2019,5115
114000168,1298,1100,198
114000169,3213,1475,1738
114000170,1955,1546,409
114000171,1395,4102,-2707
114000174,362,833,-471
114000176,1305,641,664
114000177,3813,1383,2430
114000178,86,126,-40
114000179,1967,1246,721
114000180,893,1186,-293
114000181,2444,4744,-2300
114000182,9175,3910,5265
114000183,1535,1693,-158
114000184,10833,2130,8703
114000185,1458,1486,-28
114000189,967,175,792
114000190,2787,418,2369
114000191,68,117,-49
114000192,475,3097,-2622
114000193,1284,5409,-4125
114000194,1910,1889,21
114000195,182,32,150
114000196,9,556,-547
114000197,1583,76,1507
114000198,1824,661,1163
114000199,3594,1884,1710
114000200,893,3556,-2663
114000201,438,1616,-1178
114000202,1618,1214,404
114000203,720,1316,-596
114000204,201,860,-659
114000205,339,2770,-2431
114000206,853,2128,-1275
114000207,1099,3610,-2511
114000208,746,5520,-4774
114000209,981,4866,-3885
114000210,449,2677,-2228
114000211,1322,2745,-1423
114000212,1338,1266,72
114000213,1791,1039,752
114000214,105,279,-174
114000215,236,126,110
114000216,2060,684,1376
114000217,285,602,-317
114000218,161,424,-263
114000219,1480,376,1104
114000220,38,1676,-1638
114000221,1033,262,771
114000222,263,1890,-1627
114000223,592,227,365
114000224,167,1336,-1169
114000225,313,882,-569
114000226,160,345,-185
114000227,1082,668,414
114000228,1093,1377,-284
114000229,1485,1955,-470
114000230,2342,2294,48
114000231,1326,2082,-756
114000232,813,209,604
114000233,2604,271,2333
114000234,1568,1543,25
114000235,1416,2423,-1007
114000236,0,825,-825
114000237,126,1743,-1617
114000238,186,412,-226
114000239,319,2221,-1902
114000240,1008,1095,-87
114000241,331,1596,-1265
114000242,1333,1515,-182
114000243,2800,1242,1558
114000244,1356,592,764
114000245,541,927,-386
114000246,302,64,238
114000247,1404,1197,207
114000248,1507,911,596
114000249,725,871,-146
114000250,621,1116,-495
114000251,398,606,-208
114000252,108,201,-93
114000253,78,550,-472
114000254,29,163,-134
114000255,1504,406,1098
114000256,3662,2272,1390
114000257,693,2593,-1900
114000258,471,646,-175
114000259,134,487,-353
114000260,0,41,-41
114000261,103,50,53
114000262,184,249,-65
114000263,32,2,30
114000264,1420,1202,218
114000265,0,14,-14
114000267,5,2612,-2607
114000268,7,2727,-2720
114000270,169,50,119
114000271,847,153,694
114000283,1304,721,583
114000285,70,435,-365
114000288,106,645,-539
114000289,1546,186,1360
114000293,190,749,-559
114000294,188,404,-216
114000395,2495,73,2422
114000396,603,678,-75
114000402,533,422,111
114000403,369,987,-618
114000405,131,964,-833
114000423,400,760,-360
114000424,404,295,109
114000425,630,841,-211
114000426,433,1310,-877
114000427,70,169,-99
114000428,332,155,177
114000429,31,316,-285
114000432,117,203,-86
114000434,42,142,-100
114000435,15,293,-278
114900001,811,2379,-1568
114900002,973,132,841
114900003,722,3500,-2778
114900004,257,560,-303
114900005,661,1414,-753
114900006,111,100,11
114900007,249,54,195
114900008,234,217,17
114900010,4095,2697,1398
114900011,249,271,-22
114900013,231,191,40
114900015,118,515,-397
114900018,1491,62,1429
114900020,295,126,169
114900021,312,197,115
114900022,12,1289,-1277
114900024,464,221,243
114900025,471,482,-11
114900026,86,178,-92
114900027,262,381,-119
114900029,23,32,-9
114900030,401,432,-31
114900031,409,37,372
114900032,374,66,308
114900033,2709,860,1849
114900034,99,344,-245
114900035,180,607,-427
114900036,453,1384,-931
114900037,140,337,-197
114900038,329,1143,-814
114900039,620,992,-372
114900040,88,417,-329
114900041,683,845,-162
114900042,853,1167,-314
114900043,1570,543,1027
114900044,187,57,130
114900045,166,528,-362
114900046,143,190,-47
114900047,358,2119,-1761
114900048,115,420,-305
114900049,20,354,-334
114900050,51,951,-900
114900051,50,788,-738
114900052,117,355,-238
114900053,174,495,-321
114900054,78,213,-135
114900057,323,13,310
114900058,0,110,-110
114900059,110,62,48
114900060,2051,988,1063
114900061,186,255,-69
114900062,406,568,-162
114900063,97,454,-357
114900064,1403,997,406
114900065,427,1036,-609
114900067,81,608,-527
114900068,99,290,-191
114900069,411,310,101
114900070,644,987,-343
114900072,9,429,-420
114900073,0,295,-295
114900074,589,1469,-880
114900075,299,10,289
114900076,16,533,-517
114900080,5051,694,4357
114900082,6196,2487,3709
114900083,1946,1597,349
114900084,90,78,12
114900090,420,427,-7
114900091,193,350,-157
114900095,596,171,425
114900096,642,1178,-536
114900097,120,1,119
114900098,10,344,-334
114900099,215,13,202
115000001,13524,8979,4545
115000002,5531,5732,-201
115000003,8363,6882,1481
115000004,5706,8139,-2433
115000005,3217,4550,-1333
115000006,1831,2410,-579
115000007,144,357,-213
115000008,959,638,321
115000009,519,684,-165
115000010,650,239,411
115000013,117,340,-223
115000015,97,526,-429
115000016,290,393,-103
115000019,48,790,-742
115000020,302,1066,-764
115000021,446,824,-378
115000022,813,646,167
115000023,494,806,-312
115000024,1889,879,1010
115000025,1279,1018,261
115000026,188,701,-513
115000027,357,437,-80
115000028,299,1287,-988
115000029,839,327,512
115000030,1027,1609,-582
115000031,1590,716,874
115000032,10,426,-416
115000033,261,52,209
115000034,216,1668,-1452
115000035,1599,70,1529
115000036,1,546,-545
115000037,791,16,775
115000038,64,270,-206
115000039,5124,4275,849
115000040,10975,5589,5386
115000041,1756,4274,-2518
115000042,1848,1347,501
115000043,5204,3965,1239
115000044,5108,6888,-1780
115000045,4637,3700,937
115000046,2799,4110,-1311
115000047,2420,3067,-647
115000048,2157,4889,-2732
115000049,2268,6448,-4180
115000050,4762,3049,1713
115000051,3144,4046,-902
115000052,4621,2940,1681
115000053,2182,2696,-514
115000054,946,2118,-1172
115000055,185,554,-369
115000056,255,435,-180
115000057,690,870,-180
115000058,228,203,25
115000059,283,191,92
115000061,530,134,396
115000062,358,505,-147
115000063,364,674,-310
115000064,371,264,107
115000065,187,500,-313
115000067,425,40,385
115000069,73,536,-463
115000070,77,1876,-1799
115000071,204,30,174
115000072,23,127,-104
115000073,2772,82,2690
115000075,175,134,41
115000076,7698,5247,2451
115000077,2844,5116,-2272
115000078,1382,2940,-1558
115000079,1866,3818,-1952
115000080,3411,4759,-1348
115000081,595,1502,-907
115000082,5088,5849,-761
115000083,3127,4494,-1367
115000084,2419,2026,393
115000085,919,1537,-618
115000086,1362,1821,-459
115000087,661,2526,-1865
115000088,2711,1231,1480
115000089,2425,2223,202
115000090,1022,1434,-412
115000091,524,1756,-1232
115000092,523,508,15
115000093,739,3,736
115000094,14605,7691,6914
115000095,10631,7601,3030
115000096,1030,3469,-2439
115000097,899,1390,-491
115000098,1306,1326,-20
115000099,3090,5906,-2816
115000100,1338,924,414
115000101,682,2520,-1838
115000102,755,402,353
115000103,555,1323,-768
115000105,80,345,-265
115000106,565,449,116
115000107,232,1041,-809
115000108,6675,3857,2818
115000109,9358,5647,3711
115000110,1992,1814,178
115000111,960,2824,-1864
115000112,1040,1034,6
115000113,994,1564,-570
115000114,2555,1519,1036
115000116,6478,3093,3385
115000117,6820,4327,2493
115000118,3232,2707,525
115000119,3188,3456,-268
115000120,731,1722,-991
115000121,2234,1724,510
115000122,6277,3855,2422
115000123,3220,3328,-108
115000124,1617,1604,13
115000125,1042,878,164
115000126,403,446,-43
115000127,862,240,622
115000128,1667,1181,486
115000129,690,405,285
115000130,531,1809,-1278
115000131,1020,452,568
115000132,233,873,-640
115000133,705,640,65
115000134,524,397,127
115000135,554,391,163
115000136,389,373,16
115000137,249,300,-51
115000138,301,396,-95
115000139,367,391,-24
115000140,324,314,10
115000141,276,471,-195
115000142,184,503,-319
115000143,823,923,-100
115000144,736,150,586
115000145,411,710,-299
115000146,898,439,459
115000147,1350,898,452
115000148,567,2185,-1618
115000149,1081,373,708
115000150,1167,2050,-883
115000151,1070,809,261
115000152,1031,2437,-1406
115000153,1574,970,604
115000154,954,614,340
115000155,1372,2107,-735
115000156,2966,1139,1827
115000157,2559,1417,1142
115000158,1773,684,1089
115000159,1788,1015,773
115000160,1084,1151,-67
115000161,943,1001,-58
115000162,1148,1042,106
115000163,943,845,98
115000164,1185,916,269
115000165,904,675,229
115000167,250,107,143
115000168,1713,561,1152
115000169,2152,559,1593
115000170,436,217,219
115000171,704,346,358
115000172,3250,1021,2229
115000173,750,822,-72
115000174,236,433,-197
115000175,343,151,192
115000176,353,165,188
115000177,305,161,144
115000178,62,483,-421
115000179,75,94,-19
115000180,252,1535,-1283
115000181,909,213,696
115000182,953,746,207
115000183,378,1730,-1352
115000186,963,467,496
115000187,265,1269,-1004
115000188,653,982,-329
115000189,466,659,-193
115000190,1485,1039,446
115000191,816,847,-31
115000194,320,223,97
115000195,501,443,58
115000196,212,219,-7
115000197,242,603,-361
115000198,423,415,8
115000199,391,460,-69
115000200,423,220,203
115000201,244,644,-400
115000206,541,173,368
115000207,185,703,-518
115000208,955,1143,-188
115000209,840,467,373
115000210,207,162,45
115000211,327,404,-77
115000212,3927,523,3404
115000218,218,152,66
115000219,79,74,5
115000224,536,133,403
115000225,74,122,-48
115000229,454,219,235
115000230,122,938,-816
115000231,404,3870,-3466
115000232,1831,458,1373
115000233,340,321,19
115000234,51,446,-395
115000241,86,392,-306
115000242,126,481,-355
115000243,38,439,-401
115000244,10,121,-111
115000246,64,45,19
115000247,33,23,10
115000248,28,27,1
115000249,57,45,12
115000250,838,90,748
115000251,299,272,27
115000252,116,342,-226
115000253,21,622,-601
115000258,459,446,13
115000259,507,254,253
115000261,19,17,2
115000262,46,39,7
115000263,9,102,-93
115000264,24,97,-73
115000267,85,126,-41
115000268,56,170,-114
115000269,254,109,145
115000270,22,42,-20
115000272,96,273,-177
115000273,433,63,370
115000274,474,452,22
115000280,3432,266,3166
115000281,1073,713,360
115000282,2681,830,1851
115000284,357,285,72
115000296,1304,4,1300
115000297,901,175,726
115000298,362,413,-51
115000300,285,342,-57
115000302,490,443,47
115000303,919,407,512
115000304,922,198,724
115000305,134,1727,-1593
115000306,252,902,-650
115000307,168,378,-210
115000308,84,21,63
115000310,1343,1333,10
115000311,1004,2477,-1473
115000313,195,1328,-1133
115000314,492,217,275
115000315,1669,429,1240
115000316,78,127,-49
115000317,247,1095,-848
115000318,1280,608,672
115000319,102,509,-407
115000320,28,492,-464
115000321,716,15,701
115000322,59,451,-392
115000449,627,310,317
115000557,163,1144,-981
115000558,734,93,641
115000587,629,718,-89
115000588,5472,5754,-282
115000589,6313,4454,1859
115000590,1806,2692,-886
115000591,2212,1450,762
115000592,1526,3200,-1674
115000593,2421,1155,1266
115000594,1400,3401,-2001
115000609,156,199,-43
115000617,3233,4590,-1357
115000624,214,57,157
115000633,747,3627,-2880
115000634,5415,1807,3608
115000635,801,241,560
115000638,2240,1375,865
115000641,113,190,-77
115000642,647,540,107
115000643,155,877,-722
115000644,235,739,-504
115000646,1201,1958,-757
115000647,258,955,-697
115000648,2022,3136,-1114
115000893,5081,2609,2472
115000894,219,1999,-1780
115000895,734,1463,-729
115000896,1932,558,1374
115000897,774,217,557
115000898,1957,344,1613
115000899,1154,1884,-730
115000900,290,797,-507
115000901,87,192,-105
115000912,421,168,253
115000913,0,49,-49
115000915,104,0,104
115000916,63,24,39
115000917,0,12,-12
115000918,158,662,-504
115000919,25,26,-1
115000920,251,117,134
115000921,2039,474,1565
115000922,2556,1172,1384
115000923,1029,1214,-185
115000925,98,160,-62
115000927,61,83,-22
115000933,593,192,401
115900001,74,67,7
115900002,155,357,-202
115900003,213,231,-18
115900004,0,102,-102
115900005,186,10,176
115900006,243,752,-509
115900008,48,25,23
115900009,132,570,-438
115900010,368,299,69
115900011,646,442,204
115900012,163,141,22
115900013,658,333,325
115900014,152,251,-99
115900015,82,155,-73
115900016,93,89,4
115900017,20,2,18
115900018,195,156,39
115900019,2638,76,2562
115900020,56,1,55
115900021,3072,613,2459
115900022,1942,27,1915
115900023,12,2,10
115900025,63,343,-280
115900026,1412,512,900
115900027,2,539,-537
115900028,1009,146,863
115900029,22,678,-656
115900030,117,29,88
115900031,729,423,306
115900032,662,1464,-802
115900033,2,44,-42
115900034,39,889,-850
115900035,73,27,46
115900036,219,810,-591
115900037,74,782,-708
115900038,157,16,141
115900039,244,460,-216
115900041,547,661,-114
115900042,75,9,66
115900043,178,187,-9
115900044,436,410,26
115900046,299,482,-183
115900047,221,129,92
115900049,170,402,-232
115900051,1,108,-107
115900052,7,358,-351
115900053,273,486,-213
115900054,211,95,116
115900055,19,219,-200
115900056,250,567,-317
115900057,110,14,96
115900058,31,88,-57
115900060,164,258,-94
115900061,282,0,282
115900062,32,475,-443
115900063,41,14,27
115900064,237,593,-356
115900065,168,182,-14
115900066,277,347,-70
115900067,14,1130,-1116
115900068,4867,1073,3794
115900069,71,375,-304
115900070,235,355,-120
115900071,0,794,-794
115900072,82,364,-282
115900073,83,113,-30
115900074,10,485,-475
115900075,39,427,-388
115900076,2,101,-99
115900077,9,464,-455
115900078,61,213,-152
115900079,282,51,231
115900080,769,468,301
115900081,23,112,-89
115900082,208,244,-36
115900084,376,62,314
115900085,134,99,35
115900086,2900,837,2063
115900088,41,91,-50
115900089,245,911,-666
115900090,317,56,261
115900091,53,42,11
115900092,50,319,-269
115900093,10,98,-88
115900094,7,608,-601
115900096,9,37,-28
115900097,8,730,-722
115900098,179,931,-752
115900099,193,85,108
115900100,24,954,-930
115900101,200,771,-571
115900102,65,142,-77
115900103,375,387,-12
115900104,57,231,-174
115900105,253,1323,-1070
115900106,60,39,21
115900107,89,269,-180
115900108,74,40,34
115900109,67,766,-699
115900110,3,32,-29
115900111,2,140,-138
115900112,62,1848,-1786
115900113,35,33,2
115900114,4,177,-173
115900115,57,303,-246
115900116,117,1791,-1674
115900117,69,18,51
115900118,7,412,-405
115900119,212,199,13
115900120,46,759,-713
115900121,192,517,-325
115900124,333,789,-456
115900125,416,60,356
115900126,818,131,687
115900127,760,103,657
115900128,19,67,-48
115900129,1039,89,950
115900130,47,290,-243
115900131,482,46,436
115900132,698,9,689
115900134,384,15,369
115900135,693,1231,-538
115900137,30,4,26
115900139,332,241,91
115900140,232,52,180
115900141,52,261,-209
115900142,74,123,-49
115900143,220,551,-331
115900144,81,488,-407
115900146,7,254,-247
115900147,446,374,72
115900148,44,12,32
115900149,120,53,67
115900150,107,99,8
115900151,24,103,-79
115900152,142,670,-528
115900153,205,394,-189
115900154,1102,486,616
115900155,0,110,-110
115900156,885,1197,-312
115900157,143,781,-638
115900158,43,12,31
115900159,148,434,-286
115900160,16,15,1
115900161,114,317,-203
115900163,268,230,38
115900164,633,58,575
115900165,3,203,-200
115900166,271,499,-228
115900168,113,250,-137
115900171,235,722,-487
115900172,79,207,-128
115900173,306,242,64
115900174,702,274,428
115900175,96,313,-217
115900178,9,1039,-1030
115900179,182,24,158
115900180,52,511,-459
115900181,196,412,-216
115900182,495,530,-35
115900183,418,153,265
115900184,2924,33,2891
115900187,17,157,-140
115900189,0,328,-328
115900190,711,1824,-1113
115900191,60,807,-747
115900192,14,109,-95
115900193,203,152,51
115900194,809,85,724
115900195,967,2148,-1181
115900198,317,589,-272
115900199,202,443,-241
115900200,369,651,-282
115900201,530,391,139
115900202,0,54,-54
115900203,17,7,10
115900204,6,6,0
115900205,132,23,109
115900206,208,258,-50
115900207,49,24,25
115900208,157,436,-279
115900209,8,235,-227
115900210,6,234,-228
115900211,5,422,-417
115900212,141,423,-282
115900213,269,89,180
115900214,376,321,55
115900215,41,70,-29
115900216,7,132,-125
115900217,4,79,-75
115900218,4,76,-72
115900219,59,7,52
115900220,168,33,135
115900221,109,19,90
115900222,53,41,12
115900223,18,295,-277
115900224,2669,1018,1651
115900225,77,69,8
115900226,18,103,-85
115900227,29,88,-59
115900228,11,70,-59
115900229,9,104,-95
115900230,63,181,-118
115900231,161,10,151
115900232,79,1,78
115900233,106,28,78
115900234,100,50,50
115900235,26,65,-39
115900236,118,52,66
115900237,18,31,-13
115900238,31,24,7
115900239,21,33,-12
115900240,11,86,-75
115900241,177,164,13
115900242,448,535,-87
115900243,25,31,-6
115900244,25,31,-6
115900245,3,29,-26
115900246,18,4,14
115900247,31,21,10
115900248,15,4,11
115900249,15,19,-4
115900250,17,46,-29
115900251,1,12,-11
115900252,0,3,-3
115900253,2,32,-30
115900254,91,46,45
115900255,3,42,-39
115900256,30,62,-32
115900257,7,9,-2
115900258,0,0,0
115900259,3,1,2
115900260,14,7,7
115900261,13,5,8
115900262,2,2,0
115900263,7,10,-3
115900264,21,11,10
115900265,4,15,-11
115900266,3,8,-5
115900267,8,13,-5
115900268,7,11,-4
115900269,398,692,-294
115900270,481,1130,-649
116000001,20227,9812,10415
116000002,6746,16218,-9472
116000003,2657,2865,-208
116000004,4936,4921,15
116000005,8528,5582,2946
116000006,7832,2460,5372
116000007,5949,6640,-691
116000008,6311,2870,3441
116000009,2998,4084,-1086
116000010,2519,1960,559
116000011,1239,3092,-1853
116000012,1412,1216,196
116000013,29049,8492,20557
116000014,30018,18997,11021
116000015,1132,2720,-1588
116000016,14905,6819,8086
116000017,41,1244,-1203
116000018,1076,979,97
116000019,1841,632,1209
116000020,854,2288,-1434
116000021,943,468,475
116000022,596,864,-268
116000023,2354,1355,999
116000024,1223,2081,-858
116000025,2096,883,1213
116000026,2821,3999,-1178
116000027,1612,976,636
116000028,696,1267,-571
116000029,1569,1060,509
116000030,1034,601,433
116000031,240,415,-175
116000032,288,381,-93
116000033,326,432,-106
116000034,1338,1068,270
116000035,547,1242,-695
116000036,3774,1783,1991
116000037,3133,1413,1720
116000038,1198,757,441
116000039,995,426,569
116000040,2921,361,2560
116000041,653,779,-126
116000042,972,437,535
116000043,156,924,-768
116000044,19,61,-42
116000045,3419,2186,1233
116000046,2469,2605,-136
116000047,3533,4298,-765
116000048,4376,2679,1697
116000049,1540,3573,-2033
116000050,2029,2818,-789
116000051,7092,3467,3625
116000052,6554,7334,-780
116000053,3599,1847,1752
116000054,1554,4129,-2575
116000055,776,2114,-1338
116000056,814,1765,-951
116000057,6427,3311,3116
116000058,6076,4005,2071
116000059,5108,10682,-5574
116000060,4504,1370,3134
116000061,1015,1875,-860
116000062,1752,348,1404
116000063,1460,2047,-587
116000066,367,1020,-653
116000067,346,835,-489
116000068,595,573,22
116000069,525,726,-201
116000078,529,1500,-971
116000080,2376,1592,784
116000082,20,174,-154
116000083,1589,640,949
116000084,3738,6151,-2413
116000085,2651,2070,581
116000086,3282,1985,1297
116000087,1723,1897,-174
116000088,1402,2118,-716
116000089,250,151,99
116000090,188,244,-56
116000091,455,219,236
116000093,1073,1341,-268
116000094,1075,1162,-87
116000095,990,1626,-636
116000096,1156,2401,-1245
116000097,1074,1793,-719
116000098,104,8441,-8337
116000099,18799,849,17950
116000100,203,29,174
116000101,935,2334,-1399
116000102,393,2361,-1968
116000103,474,438,36
116000104,323,3260,-2937
116000105,1521,372,1149
116000106,674,1934,-1260
116000107,2961,805,2156
116000108,585,292,293
116000111,179,33,146
116000113,157,138,19
116000114,43,241,-198
116000115,245,165,80
116000116,407,756,-349
116000117,1857,3343,-1486
116000118,1674,2684,-1010
116000119,3209,2991,218
116000120,3895,7942,-4047
116000121,896,874,22
116000122,1910,3366,-1456
116000123,1100,883,217
116000124,484,1619,-1135
116000125,3160,1170,1990
116000126,457,2342,-1885
116000127,1717,2540,-823
116000128,1886,1609,277
116000129,1323,304,1019
116000130,633,526,107
116000133,998,1796,-798
116000134,2584,4300,-1716
116000135,2716,2226,490
116000136,1742,3666,-1924
116000137,1449,1155,294
116000138,1219,876,343
116000139,3186,3198,-12
116000140,282,419,-137
116000141,596,1401,-805
116000142,6255,5309,946
116000143,2594,2803,-209
116000144,1956,3948,-1992
116000145,2011,2442,-431
116000146,485,518,-33
116000147,712,199,513
116000148,907,747,160
116000149,833,931,-98
116000151,1063,1272,-209
116000153,149,1213,-1064
116000155,518,549,-31
116000156,1038,2034,-996
116000157,75,48,27
116000158,314,559,-245
116000159,20,25,-5
116000160,30,252,-222
116000161,11,229,-218
116000162,171,154,17
116000163,56,16,40
116000164,29,30,-1
116000177,349,156,193
116000194,207,693,-486
116000195,3240,1068,2172
116000196,23,26,-3
116000197,20,32,-12
116000198,6840,2208,4632
116000200,1270,667,603
116000201,1265,1164,101
116000202,14,448,-434
116000203,2,180,-178
116000204,9,83,-74
116000205,0,224,-224
116000206,0,121,-121
116000207,9,46,-37
116000233,318,1354,-1036
116000287,195,814,-619
116000288,231,532,-301
116000292,213,313,-100
116000296,23,238,-215
116000297,67,19,48
116000304,231,22,209
116000305,27,353,-326
116000346,337,323,14
116000352,311,80,231
116000354,360,33,327
116000357,54,38,16
116000358,318,66,252
116000361,160,6,154
116000372,16089,5736,10353
116000381,180,2,178
116000388,2,76,-74
116000389,1459,934,525
116000445,331,873,-542
116000446,647,1640,-993
116000447,24,588,-564
116000448,1047,569,478
116000563,1828,1613,215
116000565,154,639,-485
116000568,93,453,-360
116000579,59,186,-127
116000584,34,20,14
116000585,36,39,-3
116000586,358,292,66
116000587,556,733,-177
116000589,56,89,-33
116000590,97,154,-57
116000591,221,479,-258
116000592,23,192,-169
116000593,1,33,-32
116000594,873,833,40
116000595,958,277,681
116000596,141,8,133
116000597,269,95,174
116000598,14,293,-279
116000602,93,1234,-1141
116000605,472,341,131
116000606,95,340,-245
116000607,10,135,-125
116000609,399,1231,-832
116000611,157,793,-636
116000612,826,3035,-2209
116000613,600,552,48
116000614,689,1128,-439
116000615,107,402,-295
116000616,82,174,-92
116000617,113,162,-49
116000618,5,251,-246
116000619,44,82,-38
116000620,118,108,10
116000621,55,218,-163
116000622,43,307,-264
116000624,177,127,50
116000628,3,201,-198
116000629,8,267,-259
116000630,69,3,66
116000631,11,0,11
116000632,183,255,-72
116000633,8,328,-320
116000634,159,6,153
116900001,349,249,100
116900002,371,7,364
116900003,28,138,-110
116900004,40,78,-38
116900005,264,88,176
116900006,285,254,31
116900007,268,381,-113
116900008,442,641,-199
116900009,47,13,34
116900010,12,3313,-3301
116900011,24,103,-79
116900012,251,452,-201
116900013,8,436,-428
116900014,90,461,-371
116900015,407,131,276
116900016,234,2,232
116900017,4,1376,-1372
116900018,82,62,20
116900019,29,820,-791
116900020,2110,844,1266
116900023,188,29,159
116900024,580,120,460
116900025,1392,1478,-86
116900026,275,1485,-1210
116900027,24,84,-60
116900028,12,230,-218
116900029,0,67,-67
116900031,1,14,-13
116900032,6,684,-678
116900033,21,21,0
116900034,24,98,-74
116900035,219,488,-269
116900036,4,182,-178
116900038,16,4,12
116900041,95,39,56
116900042,1252,404,848
116900043,26,126,-100
116900045,625,84,541
116900047,168,119,49
116900049,81,568,-487
116900050,178,1017,-839
116900051,134,428,-294
116900052,442,86,356
116900055,1,17,-16
116900057,36,570,-534
116900058,72,861,-789
116900059,6,352,-346
116900060,530,387,143
116900062,5,12,-7
116900064,145,1585,-1440
116900065,13,290,-277
116900067,162,180,-18
116900068,189,541,-352
116900070,4,11,-7
116900072,33,760,-727
116900073,17,373,-356
116900074,12,98,-86
116900076,19,42,-23
116900077,14,296,-282
116900078,332,261,71
116900079,41,713,-672
116900080,16,30,-14
116900081,566,2763,-2197
116900082,562,1487,-925
116900083,46,132,-86
116900084,526,86,440
116900085,23,227,-204
116900086,61,472,-411
116900088,769,140,629
116900090,204,125,79
116900091,307,230,77
116900092,126,1557,-1431
116900093,2398,4556,-2158
116900094,10225,7246,2979
116900095,814,247,567
116900096,170,504,-334
116900097,8457,3812,4645
116900098,1207,415,792
116900099,1111,1120,-9
116900100,1111,62,1049
116900101,470,1157,-687
116900103,7,0,7
116900104,61,139,-78
116900105,559,134,425
116900106,1745,453,1292
116900107,7498,3253,4245
116900110,13,4,9
116900111,503,1951,-1448
116900112,240,2305,-2065
116900113,5747,1511,4236
116900116,221,514,-293
116900117,72,170,-98
116900118,1414,1171,243
116900120,335,210,125
116900121,84,77,7
116900122,764,1318,-554
116900123,295,1547,-1252
116900124,197,2060,-1863
116900125,423,410,13
116900126,471,1034,-563
116900128,0,57,-57
116900129,2,576,-574
116900130,2007,4761,-2754
116900131,138,296,-158
116900132,66,125,-59
116900133,152,159,-7
116900134,380,374,6
116900136,368,278,90
116900137,786,295,491
116900138,242,366,-124
116900139,120,743,-623
116900140,225,256,-31
116900141,830,492,338
116900142,3,103,-100
116900143,617,1208,-591
116900144,50,95,-45
116900145,260,422,-162
116900147,1660,385,1275
116900148,2,48,-46
116900149,53,300,-247
116900150,16,7,9
116900151,36,27,9
116900153,143,120,23
116900154,1055,725,330
116900155,161,101,60
116900157,593,498,95
116900158,580,336,244
116900159,74,562,-488
116900160,1960,588,1372
116900161,16873,9105,7768
116900162,59,225,-166
116900163,150,269,-119
116900164,138,82,56
116900165,378,245,133
116900166,29,208,-179
116900167,666,117,549
116900168,496,160,336
116900169,1897,596,1301
116900170,374,589,-215
116900171,66,453,-387
116900172,398,236,162
116900173,219,106,113
116900174,37,47,-10
116900175,956,216,740
116900178,42,312,-270
116900179,211,271,-60
116900180,142,29,113
116900182,1220,525,695
116900183,147,139,8
116900185,45,58,-13
116900186,187,527,-340
116900187,67,54,13
116900188,177,23,154
116900189,76,0,76
116900191,500,907,-407
116900192,357,359,-2
116900194,145,1232,-1087
116900195,76,16,60
116900196,10,143,-133
116900197,115,3,112
116900198,399,294,105
116900200,54,55,-1
116900201,103,13,90
116900202,187,92,95
116900203,186,8,178
116900204,51,133,-82
116900206,1,28,-27
116900207,49,63,-14
116900208,17,197,-180
116900209,24,255,-231
116900210,727,483,244
116900211,402,17,385
116900212,47,171,-124
116900213,274,333,-59
116900214,200,172,28
116900215,70,149,-79
116900216,616,492,124
116900218,15,687,-672
116900219,1550,603,947
116900220,135,358,-223
116900221,101,526,-425
116900222,542,702,-160
116900223,149,412,-263
116900226,128,137,-9
116900227,249,142,107
116900228,471,520,-49
116900230,91,725,-634
116900231,30,834,-804
116900232,23,930,-907
116900233,346,193,153
116900234,35,16,19
116900235,190,537,-347
116900238,2244,734,1510
116900239,188,2356,-2168
116900240,13588,4782,8806
116900241,135,413,-278
116900242,574,813,-239
116900243,20,222,-202
116900245,47,36,11
116900246,111,15,96
116900247,570,23,547
116900248,154,75,79
116900249,442,283,159
116900250,341,89,252
116900251,885,707,178
116900252,78,1847,-1769
116900253,197,208,-11
116900254,24,167,-143
116900255,148,90,58
116900256,389,339,50
116900257,25,899,-874
116900258,6,549,-543
116900259,145,11,134
116900260,7,240,-233
116900261,64,7,57
116900262,180,248,-68
116900263,2,27,-25
116900264,2,15,-13
116900265,51,3,48
116900266,23,113,-90
116900267,1,3,-2
116900268,337,7,330
116900269,615,1030,-415
116900271,2978,300,2678
116900272,582,969,-387
116900273,854,81,773
116900274,124,149,-25
116900275,191,260,-69
116900276,619,114,505
116900277,1242,51,1191
116900278,14,28,-14
116900279,1,48,-47
116900280,45,72,-27
116900281,16010,5611,10399
116900282,4,318,-314
116900283,19,269,-250
116900284,17,399,-382
116900285,577,793,-216
116900286,331,25,306
116900287,10,142,-132
116900288,47,294,-247
116900289,6,56,-50
116900290,1,59,-58
116900291,11,13,-2
116900292,0,12,-12
116900293,42,93,-51
116900294,64,250,-186
116900295,695,58,637
116900296,109,110,-1
116900297,10,171,-161
116900298,132,37,95
116900299,176,63,113
116900300,11,187,-176
116900301,168,84,84
116900302,2854,1131,1723
116900303,1138,117,1021
116900304,1,200,-199
116900305,38,189,-151
116900306,168,252,-84
117000001,3598,3491,107
117000002,3641,9295,-5654
117000003,14324,4984,9340
117000004,8339,9345,-1006
117000005,3198,2862,336
117000006,2135,7266,-5131
117000007,5196,1926,3270
117000008,2245,9040,-6795
117000009,7152,3049,4103
117000010,4458,8678,-4220
117000011,2978,3647,-669
117000012,2127,2930,-803
117000013,3148,1959,1189
117000014,2703,4429,-1726
117000015,7427,2150,5277
117000016,2651,87,2564
117000017,1642,356,1286
117000018,574,877,-303
117000019,792,7,785
117000020,943,3038,-2095
117000021,5101,1149,3952
117000022,1453,101,1352
117000023,2011,282,1729
117000024,1835,167,1668
117000025,4673,839,3834
117000026,10776,1356,9420
117000027,2800,1716,1084
117000028,5677,1295,4382
117000030,533,307,226
117000032,3613,2263,1350
117000033,3531,2663,868
117000034,270,259,11
117000036,271,371,-100
117000038,415,770,-355
117000039,104,204,-100
117000040,205,1893,-1688
117000041,1023,267,756
117000044,52,1880,-1828
117000045,718,119,599
117000046,983,1102,-119
117000047,1426,1048,378
117000048,3792,2616,1176
117000049,284,1800,-1516
117000050,234,3900,-3666
117000051,2874,309,2565
117000052,45,852,-807
117000053,478,173,305
117000054,2152,14,2138
117000055,37,6461,-6424
117000056,859,23,836
117000057,1083,4444,-3361
117000060,621,3227,-2606
117000061,3016,1916,1100
117000062,397,957,-560
117000063,3143,1482,1661
117000064,1508,1690,-182
117000066,2414,1669,745
117000067,322,786,-464
117000074,225,421,-196
117000076,130,107,23
117000077,223,201,22
117000078,242,1285,-1043
117000079,613,353,260
117000080,5,631,-626
117000081,1856,181,1675
117000082,36,133,-97
117000083,199,21,178
117000084,778,6,772
117000085,369,1154,-785
117000086,1780,1202,578
117000087,177,1006,-829
117000088,479,545,-66
117000089,2069,534,1535
117000090,406,2614,-2208
117000091,972,575,397
117000092,532,2733,-2201
117000093,1538,1046,492
117000094,1749,4880,-3131
117000095,4306,1552,2754
117000096,923,4454,-3531
117000097,1578,1918,-340
117000098,4469,9298,-4829
117000099,3983,1848,2135
117000100,197,363,-166
117000101,329,2463,-2134
117000102,1928,1038,890
117000103,1161,3240,-2079
117000104,1723,1018,705
117000105,1411,2999,-1588
117000106,1561,1435,126
117000107,909,3449,-2540
117000108,1876,1503,373
117000109,3545,4680,-1135
117000110,1899,1481,418
117000111,6185,9028,-2843
117000112,4533,3917,616
117000113,185,515,-330
117000114,272,297,-25
117000115,90,239,-149
117000116,148,464,-316
117000117,4595,1465,3130
117000118,1336,260,1076
117000119,983,205,778
117000120,1631,557,1074
117000121,522,1951,-1429
117000122,1397,3331,-1934
117000123,4968,46,4922
117000124,1916,199,1717
117000125,1714,172,1542
117000126,148,113,35
117000127,538,1015,-477
117000128,970,1780,-810
117000129,978,129,849
117000130,212,2,210
117000131,3,105,-102
117000132,3627,61,3566
117000133,1456,218,1238
117000134,0,74,-74
117000135,16,46,-30
117000136,4,79,-75
117000137,119,78,41
117000138,3,1162,-1159
117000140,709,2922,-2213
117000141,1953,1026,927
117000181,2012,576,1436
117000182,444,693,-249
117000195,267,2153,-1886
117000196,246,115,131
117000225,380,10,370
117000226,21,472,-451
117000276,270,25,245
117000277,1,846,-845
117000310,4357,5400,-1043
117000315,106,3123,-3017
117000320,199,0,199
117000906,345,15,330
117000907,24,718,-694
117000908,339,24,315
117000909,310,87,223
117000910,210,215,-5
117000911,111,366,-255
117000915,10,1292,-1282
117000916,40,25,15
117000917,1257,65,1192
117000918,102,135,-33
117000919,13,371,-358
117000920,8,2814,-2806
117000921,5,2941,-2936
117000922,136,249,-113
117000924,1836,1397,439
117000926,1701,145,1556
117000927,3668,1188,2480
117000928,1,287,-286
117000929,247,945,-698
117000930,189,39,150
117000931,1033,204,829
117900002,598,889,-291
117900003,1194,863,331
117900005,28,263,-235
117900006,1,46,-45
117900007,424,251,173
117900008,1,69,-68
117900010,1015,175,840
117900011,102,36,66
117900012,125,319,-194
117900013,1,653,-652
117900014,930,268,662
117900015,46,196,-150
117900016,3568,1120,2448
117900017,856,594,262
117900018,583,73,510
117900019,616,667,-51
117900020,99,549,-450
117900021,79,177,-98
117900022,32,32,0
117900023,1085,1310,-225
117900024,145,195,-50
117900025,43,29,14
117900026,468,652,-184
117900028,507,31,476
117900029,404,1778,-1374
117900030,586,512,74
117900031,1030,197,833
117900032,1315,853,462
117900033,326,1519,-1193
117900034,57,104,-47
117900035,278,106,172
117900036,285,1041,-756
117900037,123,188,-65
117900038,37,635,-598
117900039,9,133,-124
117900040,202,1070,-868
117900041,9,76,-67
117900042,9450,1247,8203
117900043,62,101,-39
117900044,21,6530,-6509
117900045,359,292,67
117900048,285,480,-195
117900049,308,1063,-755
117900050,41,82,-41
117900051,351,16,335
117900052,84,522,-438
117900053,1843,1051,792
117900054,2,35,-33
117900055,220,681,-461
117900056,861,28,833
117900057,1537,2405,-868
117900058,1632,786,846
117900059,1311,121,1190
117900060,2002,9025,-7023
117900061,28,508,-480
117900063,574,535,39
117900065,1121,2068,-947
117900066,33,92,-59
117900067,620,491,129
117900069,1286,916,370
117900070,860,20,840
117900071,253,287,-34
117900073,603,855,-252
117900074,910,22,888
117900075,236,194,42
117900076,32,75,-43
117900077,424,256,168
117900078,384,975,-591
117900080,654,203,451
117900081,760,854,-94
117900082,464,533,-69
117900083,534,1301,-767
117900086,243,97,146
117900087,192,83,109
117900088,4419,4548,-129
117900089,2230,780,1450
117900090,888,1589,-701
117900091,393,280,113
117900092,121,57,64
117900093,75,123,-48
117900094,38,26,12
117900095,574,884,-310
117900096,131,440,-309
117900097,202,129,73
117900098,38,8,30
117900099,327,666,-339
117900100,254,4,250
117900101,883,2138,-1255
117900102,57,101,-44
117900103,73,4,69
117900104,33,291,-258
117900105,210,531,-321
117900106,74,73,1
117900107,16,0,16
117900109,727,594,133
117900110,67,0,67
117900111,430,22,408
117900112,95,35,60
117900113,11568,3658,7910
117900114,36,1,35
117900115,526,120,406
117900116,1389,2065,-676
117900117,662,876,-214
117900118,53,0,53
117900119,130,462,-332
117900120,213,413,-200
117900121,126,24,102
117900122,2701,4110,-1409
117900123,1717,997,720
117900124,1106,1220,-114
117900125,2483,2048,435
117900126,350,1103,-753
117900127,819,1129,-310
117900128,497,1559,-1062
117900129,132,1,131
117900130,1490,815,675
117900131,1,238,-237
117900132,19,190,-171
117900133,15,193,-178
117900134,121,345,-224
117900135,33,356,-323
117900136,0,97,-97
117900137,76,462,-386
117900138,1,86,-85
117900139,105,232,-127
117900140,10710,655,10055
117900141,989,430,559
117900142,223,58,165
117900144,319,140,179
117900145,38,102,-64
117900146,926,181,745
117900147,148,124,24
117900148,7215,1906,5309
117900149,75,302,-227
117900150,91,175,-84
117900151,161,228,-67
117900152,197,177,20
117900153,72,247,-175
117900154,927,1409,-482
117900156,1337,2006,-669
117900157,193,833,-640
117900158,260,198,62
117900160,884,708,176
117900161,4292,4819,-527
117900162,632,879,-247
117900163,494,54,440
117900165,0,16,-16
117900166,197,674,-477
117900168,15,307,-292
117900169,1,255,-254
117900170,1,86,-85
117900171,8,49,-41
117900172,24,65,-41
117900173,292,118,174
117900174,93,89,4
117900175,7,82,-75
117900176,15,134,-119
117900177,24,98,-74
117900178,209,75,134
117900180,509,36,473
117900181,374,414,-40
117900182,3,64,-61
117900183,113,307,-194
117900184,16,93,-77
117900185,39,70,-31
117900186,49,18,31
117900187,26,30,-4
117900188,313,90,223
117900189,88,21,67
117900190,12,3,9
117900191,183,9,174
117900192,298,2,296
117900193,32,149,-117
117900194,9,19,-10
117900195,23,84,-61
117900196,9,51,-42
117900207,296,199,97
117900208,33,86,-53
117900209,214,327,-113
117900210,208,383,-175
117900211,27,375,-348
117900212,189,312,-123
117900213,18,13,5
117900214,6,77,-71
117900216,75,77,-2
117900217,167,430,-263
117900218,386,555,-169
117900219,47,182,-135
117900220,463,170,293
117900221,202,17,185
118000001,1696,1075,621
118000002,2481,4027,-1546
118000003,8178,3570,4608
118000004,7662,2840,4822
118000005,9401,8389,1012
118000006,12320,17445,-5125
118000007,15925,4465,11460
118000008,11861,6336,5525
118000009,4247,6075,-1828
118000010,6575,7228,-653
118000011,1921,5064,-3143
118000012,2701,5077,-2376
118000013,7087,5778,1309
118000014,3127,5659,-2532
118000016,338,589,-251
118000017,373,798,-425
118000018,548,800,-252
118000019,4329,2259,2070
118000020,3657,3527,130
118000021,2300,4269,-1969
118000022,5107,1327,3780
118000023,2568,495,2073
118000024,4064,1700,2364
118000025,2709,2178,531
118000027,27211,16002,11209
118000029,1837,1181,656
118000032,2451,7333,-4882
118000033,5116,6663,-1547
118000034,9706,3716,5990
118000035,2569,3840,-1271
118000036,3768,1850,1918
118000037,1974,1698,276
118000038,194,157,37
118000039,259,825,-566
118000040,2993,3056,-63
118000041,4617,2823,1794
118000045,1833,299,1534
118000046,4221,930,3291
118000047,8304,1229,7075
118000048,12712,2374,10338
118000051,7044,1735,5309
118000052,5325,1030,4295
118000053,3856,1847,2009
118000054,4378,5827,-1449
118000055,3308,6057,-2749
118000056,344,713,-369
118000057,337,1303,-966
118000058,12343,2650,9693
118000059,9904,1413,8491
118000060,2013,1193,820
118000061,1388,2680,-1292
118000062,919,897,22
118000063,781,923,-142
118000064,2087,2157,-70
118000065,9806,4927,4879
118000066,1830,2379,-549
118000067,2537,1251,1286
118000068,5047,7526,-2479
118000069,7753,2650,5103
118000070,14078,4309,9769
118000071,6685,14277,-7592
118000072,6730,1517,5213
118000073,5892,894,4998
118000074,1063,691,372
118000075,1161,541,620
118000076,4342,2514,1828
118000077,3068,2111,957
118000078,4534,2960,1574
118000079,616,837,-221
118000080,2819,1599,1220
118000081,4017,1566,2451
118000082,681,1805,-1124
118000083,3968,2416,1552
118000084,5156,2894,2262
118000086,550,788,-238
118000087,10193,4060,6133
118000088,3734,3688,46
118000089,6548,3733,2815
118000090,3572,6336,-2764
118000091,3195,4370,-1175
118000092,2045,860,1185
118000093,176,1253,-1077
118000096,1268,996,272
118000097,1917,1042,875
118000098,541,363,178
118000099,808,1601,-793
118000101,1377,458,919
118000102,446,2312,-1866
118000107,5826,954,4872
118000108,1425,5013,-3588
118000110,0,32,-32
118000111,3,934,-931
118000112,573,5,568
118000113,8,1705,-1697
118000114,529,10,519
118000115,37,54,-17
118000116,101,1,100
118000117,3179,1743,1436
118000118,2862,994,1868
118000119,1964,1835,129
118000120,3425,2675,750
118000121,150,654,-504
118000122,2480,417,2063
118000123,90,392,-302
118000125,4157,1905,2252
118000126,2699,2420,279
118000127,5072,1262,3810
118000128,1591,2015,-424
118000129,2808,614,2194
118000130,5298,7979,-2681
118000131,1553,1603,-50
118000132,3600,2770,830
118000133,2269,753,1516
118000135,1407,689,718
118000136,197,817,-620
118000137,2909,124,2785
118000138,645,1429,-784
118000139,780,168,612
118000140,4108,7626,-3518
118000141,3037,3759,-722
118000142,2473,3658,-1185
118000143,2503,2055,448
118000144,2932,2185,747
118000145,2633,4393,-1760
118000146,1706,1812,-106
118000147,1414,3000,-1586
118000148,719,2630,-1911
118000149,1268,1719,-451
118000150,504,369,135
118000151,536,754,-218
118000153,1720,2276,-556
118000154,1845,3112,-1267
118000155,1507,2649,-1142
118000156,5365,4667,698
118000157,859,681,178
118000158,306,803,-497
118000159,61,157,-96
118000160,678,778,-100
118000161,742,1472,-730
118000162,1812,1556,256
118000163,1122,1448,-326
118000164,4742,2681,2061
118000168,3186,756,2430
118000169,1913,2847,-934
118000170,6957,11149,-4192
118000171,562,1178,-616
118000172,219,701,-482
118000173,1373,2349,-976
118000175,353,598,-245
118000176,427,637,-210
118000177,294,771,-477
118000178,234,97,137
118000179,2742,1645,1097
118000180,1368,1547,-179
118000181,1454,612,842
118000182,415,508,-93
118000183,370,579,-209
118000184,909,1786,-877
118000185,1659,1616,43
118000186,1120,1622,-502
118000187,1804,1203,601
118000188,1626,464,1162
118000189,1009,1674,-665
118000190,22,14,8
118000191,30,110,-80
118000192,261,241,20
118000193,234,875,-641
118000194,5156,2347,2809
118000195,2939,1129,1810
118000196,2432,249,2183
118000197,752,179,573
118000198,1298,899,399
118000199,3002,703,2299
118000200,135,461,-326
118000201,1604,869,735
118000202,167,111,56
118000203,3389,699,2690
118000204,444,479,-35
118000205,582,544,38
118000206,478,288,190
118000207,2,180,-178
118000208,1830,3034,-1204
118000209,3138,3294,-156
118000210,90,72,18
118000211,53,54,-1
118000213,3945,1783,2162
118000214,1441,1369,72
118000215,459,997,-538
118000216,3363,10166,-6803
118000217,31,181,-150
118000218,101,202,-101
118000219,1118,867,251
118000220,7,43,-36
118000221,224,641,-417
118000222,132,22,110
118000223,37,80,-43
118000224,589,140,449
118000225,251,1669,-1418
118000226,3493,276,3217
118000227,1522,681,841
118000228,287,374,-87
118000229,1015,124,891
118000230,216,483,-267
118000231,196,345,-149
118000232,1135,1943,-808
118000233,1126,1530,-404
118000234,568,634,-66
118000236,987,658,329
118000237,93,1221,-1128
118000238,420,475,-55
118000239,507,551,-44
118000240,812,198,614
118000241,347,643,-296
118000242,592,1235,-643
118000243,326,411,-85
118000244,52,267,-215
118000246,1,27,-26
118000255,66,441,-375
118000256,127,436,-309
118000259,16,110,-94
118000260,380,203,177
118000261,54,239,-185
118000263,172,474,-302
118000266,175,930,-755
118000267,0,95,-95
118000268,1696,5,1691
118000270,104,105,-1
118000271,184,627,-443
118000272,201,78,123
118000273,159,173,-14
118000274,154,598,-444
118000276,541,559,-18
118000295,8,158,-150
118000298,243,603,-360
118000299,96,267,-171
118000301,0,130,-130
118000302,156,153,3
118000311,470,233,237
118000312,320,357,-37
118000313,99,351,-252
118000314,105,162,-57
118000315,73,122,-49
118000316,1028,1067,-39
118000325,67,170,-103
118000326,64,68,-4
118000331,43,145,-102
118000332,26,109,-83
118000333,66,143,-77
118000335,309,1,308
118000336,3,568,-565
118000407,203,134,69
118000457,9,53,-44
118000465,5439,7652,-2213
118000480,55,277,-222
118000489,71,592,-521
118000490,77,775,-698
118000492,243,345,-102
118000510,173,37,136
118000514,203,584,-381
118000515,1523,1413,110
118000517,760,510,250
118000524,1433,412,1021
118000525,1446,1402,44
118000530,21,244,-223
118000531,287,423,-136
118000532,358,576,-218
118000533,689,280,409
118000534,1271,846,425
118000535,305,213,92
118000536,1536,2730,-1194
118000537,165,191,-26
118000538,41,247,-206
118000539,58,325,-267
118000540,627,467,160
118000541,785,138,647
118000542,363,382,-19
118000543,774,358,416
118000546,62,54,8
118000560,6060,2568,3492
118000562,36,701,-665
118000563,4600,2864,1736
118000576,241,297,-56
118000577,238,170,68
118000578,206,180,26
118000579,1194,1999,-805
118000595,219,112,107
118000596,2,78,-76
118000597,110,178,-68
118000598,11,1,10
118000599,39,60,-21
118000600,1,64,-63
118000601,15,1,14
118000602,0,90,-90
118000603,0,49,-49
118900001,2052,2294,-242
118900002,1837,1629,208
118900003,398,125,273
118900004,161,109,52
118900005,77,7,70
118900006,137,9,128
118900007,13,4,9
118900008,2502,76,2426
118900009,58,62,-4
118900010,82,6,76
118900011,284,66,218
118900012,571,436,135
118900013,973,155,818
118900015,277,110,167
118900016,6,67,-61
118900017,328,312,16
118900018,1946,44,1902
118900019,62,27,35
118900020,250,216,34
118900021,361,737,-376
118900022,217,129,88
118900023,418,237,181
118900024,164,375,-211
118900025,195,43,152
118900026,96,141,-45
118900027,901,560,341
118900028,275,362,-87
118900029,460,733,-273
118900030,384,195,189
118900031,205,211,-6
118900032,376,297,79
118900033,1440,950,490
118900034,307,40,267
118900035,221,370,-149
118900036,1324,1496,-172
118900037,1052,395,657
118900038,528,418,110
118900039,814,359,455
118900040,282,425,-143
118900041,805,340,465
118900042,331,279,52
118900045,416,321,95
118900046,1457,313,1144
118900047,1314,530,784
118900048,1407,254,1153
118900049,136,86,50
118900050,25,213,-188
118900051,82,91,-9
118900052,891,412,479
118900053,57,184,-127
118900054,160,128,32
118900055,89,189,-100
118900056,54,420,-366
118900057,1016,611,405
118900058,1077,622,455
118900059,42,163,-121
118900060,54,184,-130
118900062,325,338,-13
118900064,1031,1043,-12
118900065,87,494,-407
118900066,213,215,-2
118900067,9202,5018,4184
118900068,8,1406,-1398
118900069,575,506,69
118900071,4,98,-94
118900072,744,908,-164
118900073,82,221,-139
118900074,139,300,-161
118900075,98,166,-68
118900076,802,121,681
118900077,315,315,0
118900078,27,11,16
118900079,126,327,-201
118900080,37,218,-181
118900081,96,60,36
118900082,1047,271,776
118900083,33,34,-1
118900084,31,26,5
118900085,960,2114,-1154
118900086,48,196,-148
118900087,47,407,-360
118900088,0,19,-19
118900089,56,30,26
118900090,819,940,-121
118900091,305,427,-122
118900092,107,155,-48
118900093,225,33,192
118900096,74,19,55
118900097,287,1465,-1178
118900099,65,664,-599
118900100,264,392,-128
118900101,166,1198,-1032
118900102,83,156,-73
118900103,88,161,-73
118900104,230,413,-183
118900105,414,193,221
118900107,323,251,72
118900108,141,166,-25
118900109,1740,343,1397
118900110,2781,1250,1531
118900111,613,1105,-492
118900112,187,150,37
118900113,271,1269,-998
118900114,74,174,-100
118900115,144,813,-669
118900116,159,372,-213
118900117,110,302,-192
118900118,338,736,-398
118900119,230,493,-263
118900120,138,576,-438
118900121,34,433,-399
118900122,29,1700,-1671
118900123,238,441,-203
118900124,199,440,-241
118900126,34,598,-564
118900129,571,362,209
118900130,69,157,-88
118900131,173,479,-306
118900132,1433,428,1005
118900133,26,163,-137
118900135,327,447,-120
118900136,389,1233,-844
118900137,23,33,-10
118900139,316,1125,-809
118900140,613,1412,-799
118900141,74,339,-265
118900144,321,947,-626
118900145,44,354,-310
118900146,442,1387,-945
118900147,769,203,566
118900148,94,136,-42
118900150,257,892,-635
118900152,658,1604,-946
118900157,302,311,-9
118900158,84,169,-85
118900159,10,353,-343
118900161,336,19,317
118900163,407,124,283
118900164,11,180,-169
118900165,108,474,-366
118900166,25,6,19
118900167,121,251,-130
118900168,8,150,-142
118900169,185,900,-715
118900170,198,272,-74
118900171,21,68,-47
118900174,67,143,-76
118900175,494,673,-179
118900176,185,352,-167
118900177,78,127,-49
118900178,73,243,-170
118900179,1,91,-90
118900181,141,196,-55
118900182,221,86,135
118900183,38,227,-189
118900184,390,154,236
118900185,146,247,-101
118900186,119,153,-34
118900187,350,585,-235
118900188,532,543,-11
118900189,44,1477,-1433
118900190,27,953,-926
118900191,214,115,99
118900192,305,47,258
118900193,611,19,592
118900195,667,1736,-1069
118900196,41,369,-328
118900197,203,155,48
118900198,15,76,-61
118900199,82,113,-31
118900200,28,31,-3
118900201,48,42,6
118900202,18,84,-66
118900203,20,102,-82
118900204,15,63,-48
118900205,10,19,-9
118900206,3,40,-37
119000001,2042,3113,-1071
119000002,4983,6318,-1335
119000003,2972,2774,198
119000004,4758,3002,1756
119000005,4935,4194,741
119000006,3281,2621,660
119000007,6124,6085,39
119000008,4178,3781,397
119000009,5959,6241,-282
119000010,13269,6555,6714
119000011,10140,4883,5257
119000012,7723,5582,2141
119000013,3237,2231,1006
119000014,4752,6084,-1332
119000019,503,355,148
119000020,2746,2471,275
119000021,5389,4274,1115
119000022,7265,5038,2227
119000023,778,530,248
119000024,4006,15039,-11033
119000025,23990,2640,21350
119000026,352,464,-112
119000027,1003,848,155
119000028,3804,3136,668
119000029,179,457,-278
119000030,745,2336,-1591
119000031,982,1022,-40
119000032,4372,4569,-197
119000033,3699,3579,120
119000034,1539,1688,-149
119000035,45,656,-611
119000036,1831,1856,-25
119000037,1503,3616,-2113
119000038,243,2014,-1771
119000039,403,605,-202
119000040,1999,961,1038
119000041,1843,2284,-441
119000048,5827,6281,-454
119000049,2493,5206,-2713
119000050,3211,4806,-1595
119000051,3921,1773,2148
119000052,3538,5891,-2353
119000053,2646,1931,715
119000054,4106,7167,-3061
119000055,4264,6125,-1861
119000056,2821,3403,-582
119000057,1984,4736,-2752
119000058,2892,4159,-1267
119000059,1863,3421,-1558
119000060,2102,1726,376
119000061,1438,1531,-93
119000062,1504,2304,-800
119000063,591,606,-15
119000064,2782,3139,-357
119000065,3185,6351,-3166
119000066,3850,1665,2185
119000067,3011,4619,-1608
119000068,2016,1857,159
119000069,2156,5322,-3166
119000070,2790,1744,1046
119000071,730,1628,-898
119000072,13440,6776,6664
119000073,10908,10681,227
119000074,1774,6014,-4240
119000075,2049,4227,-2178
119000076,1002,1613,-611
119000077,1731,943,788
119000078,676,319,357
119000079,218,1053,-835
119000080,490,437,53
119000081,948,841,107
119000082,2767,486,2281
119000083,754,609,145
119000084,417,990,-573
119000085,961,562,399
119000086,332,766,-434
119000087,2699,1730,969
119000088,357,343,14
119000089,61,360,-299
119000090,194,281,-87
119000091,190,808,-618
119000092,903,346,557
119000093,7037,5886,1151
119000094,3249,13412,-10163
119000095,2107,5152,-3045
119000097,5096,3168,1928
119000098,1156,3639,-2483
119000099,3704,4311,-607
119000100,4595,3567,1028
119000101,7257,3640,3617
119000102,1405,1684,-279
119000103,2941,950,1991
119000104,5717,2563,3154
119000105,1436,2228,-792
119000106,559,3466,-2907
119000107,923,761,162
119000108,560,1969,-1409
119000109,351,1072,-721
119000110,1574,1072,502
119000111,210,1063,-853
119000112,402,233,169
119000113,5453,619,4834
119000114,1274,1488,-214
119000115,239,543,-304
119000116,241,190,51
119000117,214,658,-444
119000118,6,8,-2
119000123,10539,1243,9296
119000124,938,436,502
119000125,3827,1709,2118
119000126,506,1565,-1059
119000127,595,1370,-775
119000128,96,5,91
119000131,1163,1618,-455
119000132,8,8,0
119000133,5,14,-9
119000134,5775,1184,4591
119000135,242,372,-130
119000136,227,381,-154
119000137,246,796,-550
119000138,435,596,-161
119000139,307,430,-123
119000140,203,527,-324
119000284,1892,5560,-3668
119000285,3813,4024,-211
119000286,11045,9908,1137
119000287,2281,4092,-1811
119000288,3886,2688,1198
119000289,5329,6889,-1560
119000290,318,1181,-863
119000291,7,609,-602
119000293,123,309,-186
119000294,44,58,-14
119000295,4553,1171,3382
119000296,135,211,-76
119000302,5588,2511,3077
119000303,89,453,-364
119000314,2391,13112,-10721
119000315,3,898,-895
119000316,90,163,-73
119000317,69,620,-551
119900001,351,1878,-1527
119900002,212,515,-303
119900003,84,2044,-1960
119900004,541,1168,-627
119900005,268,265,3
119900006,356,682,-326
119900007,1281,199,1082
119900008,120,47,73
119900009,932,980,-48
119900010,3661,2892,769
119900011,44,118,-74
119900012,52,112,-60
119900013,3016,2020,996
119900014,1272,674,598
119900015,138,36,102
119900016,50,189,-139
119900017,27,75,-48
119900018,3064,1063,2001
119900019,63,11,52
119900020,173,257,-84
119900021,267,141,126
119900022,290,712,-422
119900023,1763,1574,189
119900025,201,54,147
119900026,1848,192,1656
119900027,30,47,-17
119900028,272,109,163
119900029,3,11,-8
119900030,730,895,-165
119900031,55,393,-338
119900033,3715,454,3261
119900034,358,304,54
119900037,218,110,108
119900038,92,449,-357
119900039,56,5,51
119900040,266,21,245
119900041,187,83,104
119900042,174,314,-140
119900043,101,336,-235
119900044,436,911,-475
119900046,150,105,45
119900047,308,70,238
119900048,45,59,-14
119900049,122,16,106
119900050,143,190,-47
119900051,1179,36,1143
119900052,73,99,-26
119900053,181,367,-186
119900054,102,13,89
119900055,1658,672,986
119900057,239,178,61
119900058,258,1,257
119900059,466,84,382
119900060,291,23,268
119900061,290,12,278
119900062,88,74,14
119900063,30,103,-73
119900064,576,96,480
119900065,336,13,323
119900066,1,1,0
119900067,124,78,46
119900068,450,2,448
119900069,106,12,94
119900070,1367,59,1308
119900071,710,23,687
119900072,414,652,-238
119900073,3533,841,2692
119900074,132,42,90
119900075,10745,4165,6580
119900076,396,649,-253
119900077,977,2182,-1205
119900078,479,1318,-839
119900079,207,521,-314
119900080,524,576,-52
119900081,56,89,-33
119900082,1383,217,1166
119900083,640,183,457
119900084,2149,559,1590
119900085,279,155,124
119900086,267,1417,-1150
119900087,2583,621,1962
119900088,68,115,-47
119900089,37,933,-896
119900090,308,162,146
119900091,144,2272,-2128
119900092,60,862,-802
119900093,1818,361,1457
119900094,44,357,-313
119900095,313,191,122
119900096,83,205,-122
119900097,1060,384,676
119900098,83,153,-70
119900099,44,437,-393
119900100,5019,4380,639
119900101,389,2488,-2099
119900102,42,616,-574
119900103,57,914,-857
119900104,53,539,-486
119900105,2381,6659,-4278
119900106,28,394,-366
119900107,651,6456,-5805
119900108,6948,1385,5563
119900109,44,647,-603
119900110,767,1539,-772
119900111,139,706,-567
119900112,5361,1118,4243
119900113,149,700,-551
119900114,374,3103,-2729
119900115,336,2089,-1753
119900116,220,884,-664
119900117,378,1945,-1567
119900118,94,1997,-1903
119900119,256,513,-257
119900120,970,1460,-490
119900121,351,2425,-2074
119900122,635,644,-9
119900123,344,543,-199
119900124,327,1993,-1666
119900125,95,748,-653
119900126,12434,654,11780
119900127,4814,1856,2958
119900128,528,1636,-1108
119900129,319,1715,-1396
119900130,58,608,-550
119900131,51,637,-586
119900132,4,643,-639
119900133,50,86,-36
119900134,4331,504,3827
119900135,2,990,-988
119900136,243,901,-658
119900138,651,1316,-665
119900139,61,165,-104
119900140,2,261,-259
119900141,316,1063,-747
119900142,19,56,-37
119900143,28,463,-435
119900144,4290,522,3768
119900145,222,395,-173
119900146,250,438,-188
119900147,3,363,-360
119900148,221,98,123
119900149,3744,5985,-2241
119900150,357,341,16
119900151,3798,2018,1780
119900152,141,946,-805
119900153,191,153,38
119900154,12,619,-607
119900155,44,70,-26
119900156,28,1,27
119900157,156,496,-340
119900158,196,152,44
119900159,9,3167,-3158
119900160,43,458,-415
119900161,220,693,-473
119900162,1180,1374,-194
119900163,262,277,-15
119900164,0,0,0
119900165,169,565,-396
119900166,86,45,41
119900167,182,290,-108
119900168,953,841,112
119900169,232,834,-602
119900170,320,393,-73
119900171,1169,922,247
119900172,259,30,229
119900173,12,1030,-1018
119900174,13,458,-445
119900175,1240,1052,188
119900177,64,393,-329
119900178,22,350,-328
119900179,138,472,-334
119900180,1322,1288,34
119900181,97,130,-33
119900182,11,1103,-1092
119900183,268,1620,-1352
119900184,6369,1192,5177
119900185,74,252,-178
119900186,184,1023,-839
119900187,14,1122,-1108
119900188,107,547,-440
119900189,730,501,229
119900190,86,290,-204
119900191,605,220,385
119900192,57,420,-363
119900193,350,413,-63
119900194,40,102,-62
119900195,55,509,-454
119900196,3206,849,2357
119900197,466,200,266
119900198,157,621,-464
119900199,250,45,205
119900200,655,1027,-372
119900201,646,478,168
119900202,238,222,16
119900203,286,598,-312
119900204,295,674,-379
119900205,700,1230,-530
119900206,181,318,-137
119900208,318,326,-8
119900209,772,1646,-874
119900210,44,79,-35
119900211,171,30,141
119900212,316,768,-452
119900213,8,92,-84
119900214,44,179,-135
119900215,91,167,-76
119900216,13,153,-140
119900217,23,132,-109
119900218,45,113,-68
119900219,21,263,-242
119900220,3,218,-215
119900221,47,672,-625
119900222,42,538,-496
119900223,22,203,-181
119900224,32,70,-38
119900225,2188,112,2076
119900226,1476,3008,-1532
119900227,2184,795,1389
119900228,169,663,-494
119900229,500,1048,-548
119900230,3094,1210,1884
119900231,250,446,-196
119900232,330,161,169
119900233,94,7,87
119900234,39,120,-81
119900235,110,103,7
119900236,42,486,-444
119900237,121,1184,-1063
119900238,1,156,-155
119900240,108,261,-153
119900241,229,469,-240
119900242,3739,5504,-1765
119900244,1660,2934,-1274
119900245,200,307,-107
119900246,522,602,-80
119900247,41,129,-88
119900248,112,193,-81
119900249,282,152,130
119900253,8211,881,7330
119900254,129,765,-636
119900255,161,1037,-876
119900256,570,2027,-1457
119900257,73,0,73
119900258,109,9,100
119900259,6,346,-340
119900260,163,11,152
119900261,308,398,-90
119900262,3,557,-554
119900263,1893,761,1132
119900264,99,451,-352
119900265,589,835,-246
119900266,342,624,-282
119900267,466,922,-456
119900268,174,433,-259
119900269,1425,3087,-1662
119900271,62,206,-144
119900272,724,145,579
119900275,150,1,149
119900276,70,2,68
119900277,9,7,2
119900278,712,138,574
119900279,257,804,-547
119900280,1821,444,1377
119900281,1,185,-184
119900282,70,80,-10
119900283,32,624,-592
119900284,85,469,-384
119900285,25,97,-72
119900286,4,36,-32
119900288,2,41,-39
119900289,0,30,-30
119900290,2,50,-48
119900291,2,108,-106
119900292,26,35,-9
119900293,20,121,-101
119900294,29,113,-84
119900295,11,52,-41
119900296,25,322,-297
119900297,1,26,-25
119900298,8,9,-1
119900299,75,491,-416
119900300,441,413,28
119900301,617,134,483
119900302,277,221,56
119900303,290,370,-80
119900304,226,78,148
119900305,47,210,-163
119900306,37,11,26
119900307,61,325,-264
119900308,6,56,-50
119900309,54,121,-67
119900310,517,585,-68
119900311,52,322,-270
119900312,103,145,-42
119900313,325,727,-402
119900314,237,530,-293
119900315,1920,5066,-3146
119900318,19,39,-20
119900319,21,644,-623
119900320,224,985,-761
119900321,90,3,87
120000001,17557,22316,-4759
120000002,3504,5346,-1842
120000003,5308,2918,2390
120000004,4090,3976,114
120000005,7439,3351,4088
120000006,2054,2168,-114
120000007,6203,4317,1886
120000008,1516,2410,-894
120000009,7689,1669,6020
120000010,2407,4800,-2393
120000011,1801,4000,-2199
120000012,2326,5450,-3124
120000013,3520,4813,-1293
120000014,1022,3044,-2022
120000015,3788,2688,1100
120000016,5476,5026,450
120000017,4251,4233,18
120000018,8566,16311,-7745
120000019,1172,2344,-1172
120000020,5041,4971,70
120000021,2775,3852,-1077
120000022,4222,5804,-1582
120000023,1195,2976,-1781
120000024,2188,3777,-1589
120000025,3159,3795,-636
120000026,1825,3090,-1265
120000027,2081,3077,-996
120000028,2176,1124,1052
120000029,13674,1256,12418
120000030,1039,2954,-1915
120000031,3665,24397,-20732
120000032,16925,6272,10653
120000033,6117,3650,2467
120000034,2511,4125,-1614
120000035,2802,4384,-1582
120000036,4012,8448,-4436
120000037,992,2738,-1746
120000038,17763,5738,12025
120000039,893,1367,-474
120000040,245,368,-123
120000041,1608,3180,-1572
120000042,2893,6587,-3694
120000043,7644,5265,2379
120000044,5995,2408,3587
120000045,6258,1776,4482
120000046,3005,4254,-1249
120000047,3885,6848,-2963
120000048,14783,6613,8170
120000049,8473,5012,3461
120000050,8823,8844,-21
120000051,5639,9891,-4252
120000052,23229,4406,18823
120000053,1369,6350,-4981
120000054,1978,10367,-8389
120000055,2225,9523,-7298
120000056,5725,7953,-2228
120000057,3458,1225,2233
120000058,2143,468,1675
120000059,111,1847,-1736
120000061,223,1010,-787
120000062,280,548,-268
120000063,2958,5001,-2043
120000064,294,2619,-2325
120000065,1049,3286,-2237
120000066,262,752,-490
120000067,123,948,-825
120000068,304,1811,-1507
120000069,1048,2555,-1507
120000070,80,1589,-1509
120000071,457,383,74
120000072,619,942,-323
120000073,804,204,600
120000074,173,124,49
120000075,805,404,401
120000076,2417,783,1634
120000077,2200,987,1213
120000078,5622,1649,3973
120000079,335,204,131
120000080,95,307,-212
120000081,444,203,241
120000082,253,286,-33
120000083,123,594,-471
120000084,863,839,24
120000085,533,601,-68
120000086,453,946,-493
120000087,206,1789,-1583
120000088,983,2579,-1596
120000089,1573,1334,239
120000090,893,989,-96
120000091,1181,1936,-755
120000092,1773,1114,659
120000093,478,943,-465
120000094,212,1004,-792
120000095,1424,1052,372
120000096,336,1702,-1366
120000098,1209,1839,-630
120000099,602,1167,-565
120000100,1026,1520,-494
120000101,651,844,-193
120000102,708,1115,-407
120000103,1604,1051,553
120000104,2043,599,1444
120000105,3617,871,2746
120000106,2473,752,1721
120000107,3892,972,2920
120000108,1187,238,949
120000109,1410,150,1260
120000110,107,1606,-1499
120000111,157,2274,-2117
120000112,1114,7016,-5902
120000113,787,5144,-4357
120000114,1208,5511,-4303
120000115,512,4776,-4264
120000116,1055,3715,-2660
120000117,2538,2856,-318
120000118,74,32,42
120000119,64,135,-71
120000120,119,88,31
120000121,52,88,-36
120000122,660,544,116
120000123,11207,8049,3158
120000124,493,896,-403
120000125,578,1682,-1104
120000126,598,1531,-933
120000127,4647,1544,3103
120000128,10805,4483,6322
120000129,546,592,-46
120000130,1291,1252,39
120000131,402,873,-471
120000134,768,2391,-1623
120000135,456,577,-121
120000137,344,3824,-3480
120000138,898,912,-14
120000139,326,1864,-1538
120000140,770,1217,-447
120000141,402,989,-587
120000142,607,1147,-540
120000143,2,162,-160
120000144,89,1,88
120000145,366,1,365
120000146,4985,2017,2968
120000149,715,1808,-1093
120000150,8040,13291,-5251
120000151,581,1021,-440
120000152,616,584,32
120000153,369,1587,-1218
120000154,761,788,-27
120000155,122,495,-373
120000156,2883,1393,1490
120000157,1377,1163,214
120000158,1128,1906,-778
120000159,2465,4085,-1620
120000160,2934,2452,482
120000161,3125,5403,-2278
120000162,340,606,-266
120000163,787,2203,-1416
120000164,550,645,-95
120000165,543,1587,-1044
120000166,1413,1096,317
120000167,65,277,-212
120000168,29,747,-718
120000169,113,1099,-986
120000170,200,562,-362
120000171,71,291,-220
120000172,116,110,6
120000173,10281,660,9621
120000174,1288,19,1269
120000175,2136,22,2114
120000176,1079,60,1019
120000177,5545,369,5176
120000178,480,21,459
120000179,1061,97,964
120000180,1591,199,1392
120000181,400,1130,-730
120000182,282,517,-235
120000183,31,392,-361
120000184,302,1631,-1329
120000186,185,183,2
120000187,221,97,124
120000188,1381,200,1181
120000190,3540,59,3481
120000191,3668,82,3586
120000192,2429,48,2381
120000193,1146,15,1131
120000195,145,13,132
120000196,416,197,219
120000197,202,660,-458
120000198,150,290,-140
120000199,128,0,128
120000200,151,3,148
120000201,14,29,-15
120000202,0,134,-134
120000203,46,472,-426
120000207,2,137,-135
120000208,7,483,-476
120000209,5,157,-152
120000210,207,131,76
120000211,96,1,95
120000212,121,2,119
120000213,91,438,-347
120000214,2,564,-562
120000215,6,251,-245
120000216,74,12,62
120000217,1221,2048,-827
120000218,289,1500,-1211
120000219,9,1007,-998
120000220,17,3357,-3340
120000225,1332,4,1328
120000226,362,3,359
120000227,1001,56,945
120000228,12310,4887,7423
120000230,436,19,417
120000231,1456,4134,-2678
120000233,449,50,399
120000235,187,1332,-1145
120000236,1185,3,1182
120000237,5,3664,-3659
120000238,2,735,-733
120000241,1858,6641,-4783
120000412,3127,38,3089
120000413,355,794,-439
120000414,156,6,150
120000415,5,375,-370
120000416,197,12,185
120000417,5,248,-243
120000418,142,50,92
120000419,11,777,-766
120000420,106,33,73
120000421,24159,9547,14612
120000422,347,999,-652
120000423,7,77,-70
120000424,113,295,-182
120000436,172,773,-601
120000437,220,268,-48
120000438,7768,1063,6705
120000439,213,579,-366
120000443,184,2,182
120000444,1485,1404,81
120000445,2733,2171,562
120000446,1721,539,1182
120000447,191,27,164
120000449,117,40,77
120000450,6,556,-550
120000451,189,496,-307
120000452,126,0,126
120000453,2,1139,-1137
120000454,135,86,49
120000455,127,109,18
120000456,5069,6157,-1088
120000457,3149,1526,1623
120000458,973,1128,-155
120000459,102,214,-112
120000665,4868,388,4480
120000668,221,644,-423
120000669,100,629,-529
120000670,431,763,-332
120000671,2272,563,1709
120000672,142,648,-506
120900001,59,100,-41
120900002,1551,724,827
120900003,535,97,438
120900004,5,150,-145
120900005,21,1512,-1491
120900006,306,338,-32
120900007,171,322,-151
120900008,220,2180,-1960
120900009,410,81,329
120900010,533,136,397
120900011,690,225,465
120900012,1879,1615,264
120900013,375,121,254
120900014,6,1534,-1528
120900015,802,205,597
120900016,882,92,790
120900017,6019,183,5836
120900018,138,1013,-875
120900019,1048,320,728
120900020,1303,1477,-174
120900021,847,220,627
120900022,22,756,-734
120900023,268,101,167
120900024,2654,775,1879
120900025,3223,1972,1251
120900026,384,416,-32
120900027,1894,120,1774
120900028,445,91,354
120900029,283,480,-197
120900030,1503,1024,479
120900031,348,126,222
120900032,1062,233,829
120900033,1236,80,1156
120900034,67,4334,-4267
120900035,72,368,-296
120900037,284,11,273
120900038,85,301,-216
120900039,90,71,19
120900040,307,4,303
120900041,232,73,159
120900042,431,129,302
120900043,67,36,31
120900044,13,1081,-1068
120900045,223,352,-129
120900046,377,3,374
120900047,145,105,40
120900048,99,44,55
120900049,378,4,374
120900050,6696,2236,4460
120900051,325,249,76
120900052,623,4,619
120900053,234,226,8
120900054,2353,1513,840
120900055,393,3,390
120900056,492,23,469
120900057,137,31,106
120900058,506,2,504
120900059,97,3,94
120900060,116,90,26
120900061,321,1023,-702
120900062,226,1,225
120900063,552,8,544
120900064,472,0,472
120900065,482,7,475
120900066,306,433,-127
120900067,230,63,167
120900068,220,1,219
120900069,201,120,81
120900071,18,0,18
120900072,694,16,678
120900073,432,397,35
120900074,909,16,893
120900076,293,0,293
120900077,8566,618,7948
120900078,857,1471,-614
120900079,712,198,514
120900080,738,3462,-2724
120900081,980,2750,-1770
120900082,1070,509,561
120900083,144,86,58
120900084,388,544,-156
120900085,235,195,40
120900086,301,435,-134
120900087,603,300,303
120900088,378,521,-143
120900089,8268,3173,5095
120900090,162,415,-253
120900091,766,747,19
120900092,1926,1284,642
120900093,6255,508,5747
120900094,860,457,403
120900095,902,71,831
120900096,78,461,-383
120900097,1109,1713,-604
120900098,432,354,78
120900099,86,146,-60
120900100,119,568,-449
120900101,927,508,419
120900102,37,690,-653
120900103,62,342,-280
120900104,68,110,-42
120900105,54,1118,-1064
120900106,2005,1088,917
120900107,459,252,207
120900108,8,1450,-1442
120900109,75,1342,-1267
120900110,52,3021,-2969
120900111,324,678,-354
120900112,27,2216,-2189
120900113,50,1560,-1510
120900114,44,320,-276
120900115,222,427,-205
120900116,396,1056,-660
120900117,6,1014,-1008
120900118,11,1545,-1534
120900119,5252,14090,-8838
120900120,92,1207,-1115
120900121,215,965,-750
120900122,526,1279,-753
120900123,5,954,-949
120900124,5,1200,-1195
120900125,4,2299,-2295
120900126,2285,1922,363
120900127,15,868,-853
120900128,1474,2243,-769
120900129,60,582,-522
120900130,3,536,-533
120900131,39,179,-140
120900132,914,723,191
120900133,345,2033,-1688
120900134,935,770,165
120900135,11,1216,-1205
120900136,73,72,1
120900137,346,224,122
120900138,20,347,-327
120900139,15,1458,-1443
120900140,8,113,-105
120900141,423,239,184
120900142,36,1434,-1398
120900143,2,1648,-1646
120900144,2,355,-353
120900145,139,1312,-1173
120900146,2,1814,-1812
120900147,2,701,-699
120900148,231,295,-64
120900149,0,595,-595
120900150,58,1071,-1013
120900151,6,1194,-1188
120900152,0,75,-75
120900153,26,144,-118
120900154,2,593,-591
120900155,191,1925,-1734
120900156,56,563,-507
120900157,132,274,-142
120900158,58,920,-862
120900159,90,342,-252
120900160,58,763,-705
120900161,96,993,-897
120900162,69,996,-927
120900163,83,654,-571
120900164,0,1,-1
120900165,6,9,-3
120900166,593,412,181
120900167,1079,219,860
120900169,122,1052,-930
120900170,4385,3044,1341
120900171,2045,633,1412
120900172,5604,740,4864
120900173,0,79,-79
120900174,19,292,-273
120900175,397,588,-191
120900176,32,632,-600
120900177,3,1484,-1481
120900178,3,799,-796
120900179,1357,950,407
120900180,326,193,133
120900181,87,165,-78
120900182,37,2824,-2787
120900183,449,278,171
120900184,253,166,87
120900185,20,759,-739
120900186,5,954,-949
120900187,684,1486,-802
120900188,177,53,124
120900189,276,1045,-769
120900190,48,35,13
120900191,2,61,-59
120900192,22717,6707,16010
120900194,39,150,-111
120900195,237,536,-299
120900196,1569,98,1471
120900197,739,169,570
120900198,299,1063,-764
120900199,556,3192,-2636
120900200,158,258,-100
120900201,1031,272,759
120900202,1,416,-415
120900203,66,174,-108
120900204,211,609,-398
120900205,89,166,-77
120900206,18,95,-77
121000001,2418,1922,496
121000002,8956,4446,4510
121000003,7080,3885,3195
121000004,6502,16436,-9934
121000005,4470,5557,-1087
121000006,7273,3253,4020
121000007,7297,4748,2549
121000008,17030,7104,9926
121000009,12567,11466,1101
121000010,20441,14979,5462
121000011,15431,26086,-10655
121000012,27356,21996,5360
121000013,9089,14553,-5464
121000014,11929,14571,-2642
121000015,12220,12874,-654
121000016,8581,9193,-612
121000017,3541,6107,-2566
121000018,3840,3253,587
121000019,31601,16757,14844
121000020,20059,21429,-1370
121000021,5725,5564,161
121000022,4069,3541,528
121000023,6853,5996,857
121000024,6220,7698,-1478
121000025,1514,2787,-1273
121000026,555,297,258
121000027,2981,1900,1081
121000028,1557,846,711
121000029,1958,1399,559
121000030,1265,786,479
121000031,1713,1243,470
121000032,390,131,259
121000034,1780,345,1435
121000035,1011,180,831
121000036,3496,1635,1861
121000037,1629,997,632
121000038,1589,1497,92
121000039,1294,842,452
121000041,916,752,164
121000042,470,673,-203
121000043,1729,1276,453
121000044,4129,1262,2867
121000045,879,689,190
121000046,1012,1663,-651
121000047,174,159,15
121000049,3738,1029,2709
121000050,641,2084,-1443
121000051,1486,540,946
121000052,704,1112,-408
121000053,1052,222,830
121000054,92,716,-624
121000055,2903,1979,924
121000056,1501,1877,-376
121000057,431,855,-424
121000058,538,198,340
121000059,3962,2427,1535
121000060,753,1594,-841
121000061,990,437,553
121000062,363,497,-134
121000063,1105,866,239
121000064,924,892,32
121000065,1049,649,400
121000066,693,510,183
121000067,2282,717,1565
121000068,1269,648,621
121000069,2076,1208,868
121000070,3987,2091,1896
121000071,3025,2404,621
121000072,3601,1221,2380
121000073,4208,1436,2772
121000074,519,204,315
121000075,189,512,-323
121000076,2821,841,1980
121000077,336,341,-5
121000078,242,212,30
121000080,4515,1292,3223
121000081,7744,8266,-522
121000082,201,366,-165
121000083,541,255,286
121000084,437,189,248
121000085,412,1005,-593
121000086,263,1250,-987
121000087,105,471,-366
121000088,616,1468,-852
121000089,840,648,192
121000090,1014,678,336
121000091,2656,1476,1180
121000092,235,161,74
121000093,212,412,-200
121000094,613,1275,-662
121000095,458,833,-375
121000096,3217,4905,-1688
121000097,1985,3621,-1636
121000098,666,1938,-1272
121000099,650,1427,-777
121000100,1191,811,380
121000101,468,427,41
121000102,348,582,-234
121000103,242,500,-258
121000104,432,281,151
121000105,599,412,187
121000106,337,665,-328
121000107,4622,6431,-1809
121000109,2774,2131,643
121000110,540,1187,-647
121000114,5695,3292,2403
121000115,1943,1435,508
121000116,533,1805,-1272
121000117,1479,515,964
121000118,2101,471,1630
121000119,450,617,-167
121000120,401,703,-302
121000121,991,1797,-806
121000123,2887,922,1965
121000126,230,560,-330
121000127,659,162,497
121000128,1195,747,448
121000129,1076,793,283
121000130,664,1613,-949
121000131,3593,2578,1015
121000132,2308,2349,-41
121000135,786,1229,-443
121000136,3052,839,2213
121000137,640,471,169
121000138,1927,1480,447
121000139,1223,258,965
121000141,771,266,505
121000142,1655,1192,463
121000143,170,22,148
121000144,1534,2880,-1346
121000145,1080,1828,-748
121000146,3351,1700,1651
121000147,1592,1127,465
121000148,1998,1684,314
121000149,4544,2340,2204
121000152,1213,1464,-251
121000153,3564,1625,1939
121000154,1445,2403,-958
121000155,2847,2276,571
121000156,680,2415,-1735
121000157,2409,4910,-2501
121000158,606,1702,-1096
121000159,379,1191,-812
121000160,443,1139,-696
121000161,309,547,-238
121000162,106,402,-296
121000165,3348,2613,735
121000166,55,975,-920
121000168,815,550,265
121000169,173,227,-54
121000170,571,569,2
121000171,136,334,-198
121000172,1188,997,191
121000173,2688,1689,999
121000174,458,654,-196
121000175,1813,660,1153
121000176,628,355,273
121000177,3447,1066,2381
121000178,257,73,184
121000179,99,71,28
121000181,490,1131,-641
121000182,244,210,34
121000183,92,139,-47
121000184,147,122,25
121000185,93,250,-157
121000186,309,768,-459
121000187,301,403,-102
121000188,297,360,-63
121000192,1190,859,331
121000193,1303,918,385
121000194,4737,4074,663
121000195,969,1667,-698
121000196,2073,408,1665
121000197,888,1368,-480
121000198,1232,208,1024
121000199,511,839,-328
121000200,1754,158,1596
121000201,34,407,-373
121000202,826,15,811
121000203,1588,3761,-2173
121000204,4218,1221,2997
121000205,664,618,46
121000206,696,50,646
121000207,2676,660,2016
121000208,25,694,-669
121000209,421,683,-262
121000210,518,1074,-556
121000211,500,284,216
121000212,428,1533,-1105
121000213,15921,5922,9999
121000214,1488,6403,-4915
121000215,2465,1813,652
121000216,1315,1598,-283
121000217,11979,6133,5846
121000218,1209,3084,-1875
121000219,5122,820,4302
121000220,651,70,581
121000221,422,522,-100
121000222,4782,3731,1051
121000223,1444,377,1067
121000224,817,289,528
121000225,5014,1983,3031
121000226,16859,1974,14885
121000227,7,407,-400
121000228,32,1230,-1198
121000229,593,695,-102
121000230,130,3072,-2942
121000231,1342,90,1252
121000232,550,547,3
121000233,1070,505,565
121000234,26,56,-30
121000235,116,59,57
121000236,17,77,-60
121000237,54,25,29
121000238,8,137,-129
121000239,41,5,36
121000240,10,546,-536
121000241,121,12,109
121000242,48,252,-204
121000243,516,118,398
121000244,39,98,-59
121000245,67,11,56
121000246,0,124,-124
121000247,108,3,105
121000248,1192,697,495
121000249,248,414,-166
121000250,1099,200,899
121000251,32,884,-852
121000252,137,117,20
121000253,462,776,-314
121000254,787,497,290
121000255,607,241,366
121000256,1060,335,725
121000257,159,116,43
121000258,429,64,365
121000259,148,55,93
121000260,476,280,196
121000261,453,71,382
121000262,1790,1922,-132
121000263,513,617,-104
121000271,453,2538,-2085
121000273,542,12,530
121000274,90,81,9
121000275,6,34,-28
121000276,9,31,-22
121000278,125,114,11
121000279,156,22,134
121000280,458,76,382
121000289,316,60,256
121000290,2753,1112,1641
121000294,178,291,-113
121000297,2416,2567,-151
121000299,1142,400,742
121000300,1430,1213,217
121000302,165,1606,-1441
121000303,926,800,126
121000304,697,99,598
121000305,309,80,229
121000306,226,194,32
121000308,328,1055,-727
121000309,883,1269,-386
121000310,330,791,-461
121000311,177,1817,-1640
121000312,681,633,48
121000313,1089,1340,-251
121000314,132,181,-49
121000315,65,151,-86
121000530,2148,2821,-673
121000531,2265,2642,-377
121000532,11060,9591,1469
121000533,3996,5160,-1164
121000918,171,279,-108
121000919,121,91,30
121000938,363,364,-1
121000939,443,333,110
121000956,1300,2768,-1468
121000957,14,19,-5
121000958,922,83,839
121000959,955,1430,-475
121000960,2823,3322,-499
121000961,228,184,44
121000962,411,1797,-1386
121000973,1,261,-260
121000976,28,281,-253
121000979,687,240,447
121000981,386,266,120
121000982,367,400,-33
121000983,709,653,56
121000984,335,66,269
121000985,759,1473,-714
121000986,305,629,-324
121000987,488,2788,-2300
121000988,1200,250,950
121001302,669,275,394
121001308,162,15,147
121001309,313,135,178
121001313,318,496,-178
121001314,4605,6416,-1811
121001315,6991,4280,2711
121900001,153,296,-143
121900002,325,27,298
121900003,762,22,740
121900004,643,749,-106
121900005,39,15,24
121900006,147,19,128
121900007,4318,4535,-217
121900008,3674,1119,2555
121900009,1074,43,1031
121900010,313,0,313
121900011,519,669,-150
121900012,64,0,64
121900013,2640,74,2566
121900014,2280,571,1709
121900015,263,341,-78
121900016,4,55,-51
121900017,819,894,-75
121900018,448,8,440
121900019,582,485,97
121900020,56,2,54
121900021,1211,28,1183
121900022,304,335,-31
121900023,184,688,-504
121900024,667,162,505
121900025,818,660,158
121900026,842,84,758
121900027,807,211,596
121900028,579,39,540
121900029,237,411,-174
121900030,1261,1507,-246
121900031,2499,14983,-12484
121900032,158,162,-4
121900033,248,298,-50
121900034,1413,121,1292
121900035,4843,3946,897
121900036,131,605,-474
121900037,295,942,-647
121900038,61,289,-228
121900039,816,92,724
121900040,82,112,-30
121900041,111,286,-175
121900042,587,217,370
121900043,5,10,-5
121900044,388,115,273
121900046,459,369,90
121900047,280,108,172
121900048,81,241,-160
121900050,29,63,-34
121900051,223,242,-19
121900052,223,66,157
121900053,767,853,-86
121900054,1196,1319,-123
121900055,1,14,-13
121900058,729,397,332
121900059,581,314,267
121900060,208,447,-239
121900061,340,327,13
121900062,197,249,-52
121900063,2522,439,2083
121900064,393,1204,-811
121900066,59,41,18
121900067,83,90,-7
121900069,272,262,10
121900070,973,233,740
121900071,372,523,-151
121900072,58,277,-219
121900073,381,300,81
121900074,1094,1894,-800
121900075,1897,583,1314
121900076,1900,1007,893
121900077,47,88,-41
121900078,99,60,39
121900079,2,0,2
121900080,1541,789,752
121900082,45,223,-178
121900084,7,281,-274
121900085,4,24,-20
121900086,12,78,-66
121900087,284,106,178
121900088,3798,6399,-2601
121900089,259,589,-330
121900090,25,180,-155
121900091,82,190,-108
121900092,154,116,38
121900093,115,160,-45
121900094,15,13,2
121900095,289,211,78
121900096,2899,1131,1768
121900097,747,256,491
121900098,9,15,-6
121900099,284,79,205
121900100,293,510,-217
121900101,167,236,-69
121900102,13,237,-224
121900103,1428,385,1043
121900104,2717,581,2136
121900105,396,323,73
121900106,9,10,-1
121900107,68,43,25
121900108,0,60,-60
121900109,760,236,524
121900110,547,1787,-1240
121900111,1968,167,1801
121900112,206,184,22
121900113,179,1202,-1023
121900114,62,174,-112
121900115,245,554,-309
121900117,987,74,913
121900118,4275,872,3403
121900119,259,186,73
121900120,71,3014,-2943
121900121,1211,139,1072
121900122,42,99,-57
121900123,380,893,-513
121900124,171,269,-98
121900125,2355,2635,-280
121900127,12,194,-182
121900128,179,181,-2
121900129,1132,291,841
121900130,295,320,-25
121900131,613,126,487
121900132,138,155,-17
121900133,135,548,-413
121900134,48,225,-177
121900135,3625,510,3115
121900136,460,733,-273
121900137,88,689,-601
121900138,302,424,-122
121900139,717,680,37
121900140,100,292,-192
121900141,81,34,47
121900142,221,246,-25
121900143,17,266,-249
121900144,245,458,-213
121900145,377,480,-103
121900146,1291,1295,-4
121900147,60,263,-203
121900148,283,418,-135
121900149,874,1182,-308
121900150,140,221,-81
121900151,110,302,-192
121900152,195,201,-6
121900153,157,1014,-857
121900154,16,340,-324
121900155,4,301,-297
121900156,289,148,141
121900157,8,689,-681
121900158,170,130,40
121900159,1,279,-278
121900160,28,462,-434
121900161,681,570,111
121900162,185,217,-32
121900163,320,1022,-702
121900164,743,312,431
121900165,360,270,90
121900166,290,228,62
121900167,203,177,26
121900168,379,268,111
121900169,13,478,-465
121900170,5,452,-447
121900171,972,1247,-275
121900172,831,491,340
121900173,2000,406,1594
121900174,39,76,-37
121900175,752,266,486
121900176,1320,2840,-1520
121900177,255,87,168
121900179,666,246,420
121900180,8840,6003,2837
121900182,2123,453,1670
121900183,897,1387,-490
121900184,87,947,-860
121900186,17,551,-534
121900187,40,268,-228
121900188,946,1014,-68
121900189,60,182,-122
121900190,469,918,-449
121900191,113,609,-496
121900192,598,1087,-489
121900194,7,298,-291
121900195,149,160,-11
121900196,1840,2473,-633
121900197,584,3143,-2559
121900198,1673,2346,-673
121900199,2,53,-51
121900200,309,417,-108
121900201,1955,1107,848
121900202,300,1090,-790
121900203,303,2110,-1807
121900204,1766,2663,-897
121900205,351,435,-84
121900206,19,19,0
121900207,353,68,285
121900208,321,434,-113
121900209,60,55,5
121900210,2520,2540,-20
121900211,14,215,-201
121900212,217,202,15
121900213,160,136,24
121900214,20,1691,-1671
121900215,111,137,-26
121900216,376,278,98
121900217,365,181,184
121900218,427,1057,-630
121900219,816,151,665
121900220,200,30,170
121900221,443,1208,-765
121900222,330,274,56
121900223,515,118,397
121900224,213,109,104
121900225,546,129,417
121900226,626,1806,-1180
121900227,225,796,-571
121900228,340,591,-251
121900229,384,441,-57
121900230,356,650,-294
121900231,888,3607,-2719
121900232,751,653,98
121900233,446,416,30
121900234,1181,627,554
121900235,735,374,361
121900236,597,272,325
121900237,432,447,-15
121900238,315,626,-311
121900239,291,100,191
121900240,297,291,6
121900241,70,100,-30
121900242,10,1,9
121900243,17,1,16
121900244,31,6,25
121900245,319,137,182
121900246,4584,848,3736
121900247,481,439,42
121900248,2235,1932,303
121900250,435,405,30
121900251,457,77,380
121900252,1058,236,822
121900253,272,1297,-1025
121900254,786,438,348
121900255,337,218,119
121900258,5090,3908,1182
121900259,452,1200,-748
121900260,280,353,-73
121900261,185,965,-780
121900262,626,2889,-2263
121900263,254,704,-450
121900264,3671,3233,438
121900265,447,557,-110
121900266,416,309,107
121900267,78,85,-7
121900269,381,1021,-640
121900270,68,345,-277
121900271,46,270,-224
121900273,1208,3606,-2398
121900274,534,454,80
121900276,4189,201,3988
121900277,709,2005,-1296
121900278,564,1265,-701
121900279,191,279,-88
121900280,607,485,122
121900281,1375,715,660
121900284,153,19,134
121900286,235,267,-32
121900287,23,41,-18
121900290,372,530,-158
121900291,727,1017,-290
121900292,526,287,239
121900293,1640,4860,-3220
121900294,398,11,387
121900295,212,432,-220
121900296,278,368,-90
121900298,924,973,-49
121900299,0,0,0
121900300,16,0,16
121900301,75,7,68
121900302,0,46,-46
121900303,1470,658,812
121900304,2,8,-6
121900305,2,6,-4
121900306,115,2,113
121900307,35,39,-4
121900308,37,401,-364
121900309,61,389,-328
121900310,33,667,-634
121900311,414,34,380
121900312,314,36,278
121900313,409,48,361
121900314,4,144,-140
121900315,5,0,5
121900316,1,12,-11
121900317,11,4,7
121900318,0,19,-19
121900319,20,123,-103
121900320,77,170,-93
121900321,3,6,-3
121900322,3,41,-38
121900323,22,19,3
121900324,9,111,-102
121900325,8,0,8
121900326,3,14,-11
121900327,1,38,-37
121900328,0,13,-13
121900329,1,123,-122
121900330,2,14,-12
121900331,262,58,204
121900332,146,108,38
122000001,4035,6048,-2013
122000002,7564,2863,4701
122000003,3316,3200,116
122000004,5133,2785,2348
122000005,4768,2166,2602
122000006,4424,1139,3285
122000007,2345,2703,-358
122000008,9967,9084,883
122000009,778,564,214
122000010,3338,5777,-2439
122000011,5279,2356,2923
122000012,2564,1927,637
122000013,5993,2209,3784
122000014,3178,4567,-1389
122000015,3105,1783,1322
122000016,981,1374,-393
122000017,1792,1781,11
122000018,2617,1528,1089
122000019,1963,2312,-349
122000020,349,367,-18
122000021,878,1032,-154
122000022,2822,2648,174
122000023,948,6459,-5511
122000024,1990,1705,285
122000025,4559,2320,2239
122000026,2248,1355,893
122000027,952,9238,-8286
122000028,1117,757,360
122000029,1031,575,456
122000030,804,265,539
122000031,492,520,-28
122000032,3675,6667,-2992
122000033,2193,1468,725
122000034,2018,1106,912
122000035,556,1946,-1390
122000036,1316,955,361
122000037,682,515,167
122000038,449,576,-127
122000039,1087,955,132
122000040,610,1771,-1161
122000041,986,821,165
122000042,916,584,332
122000043,311,173,138
122000044,326,285,41
122000045,2894,796,2098
122000046,1586,1984,-398
122000047,632,293,339
122000048,6424,9021,-2597
122000049,10857,3844,7013
122000050,3585,1076,2509
122000051,961,552,409
122000052,1057,417,640
122000053,461,854,-393
122000054,4397,3392,1005
122000055,5521,4322,1199
122000056,8273,7195,1078
122000057,5676,5670,6
122000058,6397,1640,4757
122000059,5994,2361,3633
122000060,1740,1096,644
122000061,879,623,256
122000062,2333,397,1936
122000063,3134,1207,1927
122000064,9548,3751,5797
122000065,13633,4102,9531
122000066,2641,1682,959
122000067,4985,2335,2650
122000068,2884,3643,-759
122000069,1134,1165,-31
122000070,1257,10535,-9278
122000071,2014,4089,-2075
122000072,597,596,1
122000073,844,787,57
122000074,4985,2556,2429
122000075,1017,3476,-2459
122000076,2989,1832,1157
122000077,2711,990,1721
122000078,4271,3139,1132
122000079,3519,1454,2065
122000080,2043,575,1468
122000081,341,640,-299
122000082,1597,1061,536
122000083,2601,6787,-4186
122000084,2119,1556,563
122000085,524,5822,-5298
122000086,3973,9402,-5429
122000087,860,350,510
122000088,595,644,-49
122000089,16175,7039,9136
122000090,570,837,-267
122000091,1219,115,1104
122000092,642,38,604
122000093,4659,1549,3110
122000094,16635,3078,13557
122000095,6268,5259,1009
122000096,4446,3571,875
122000098,5471,2478,2993
122000099,9156,1078,8078
122000100,2313,1324,989
122000101,461,2772,-2311
122000102,3067,1665,1402
122000103,3416,2220,1196
122000104,551,336,215
122000105,700,482,218
122000106,754,798,-44
122000107,1715,1073,642
122000108,669,1090,-421
122000109,509,759,-250
122000110,639,688,-49
122000111,4490,1823,2667
122000112,1337,2249,-912
122000113,1270,1149,121
122000114,11454,3025,8429
122000115,2454,5148,-2694
122000116,719,747,-28
122000117,2180,657,1523
122000118,658,1151,-493
122000119,5103,3535,1568
122000120,3442,6939,-3497
122000121,4176,4674,-498
122000122,1078,2815,-1737
122000123,3141,3273,-132
122000124,1581,981,600
122000125,879,1215,-336
122000126,869,1861,-992
122000127,2055,1779,276
122000128,908,1556,-648
122000129,678,2326,-1648
122000130,4950,1928,3022
122000131,2347,2110,237
122000132,1065,980,85
122000133,2093,3640,-1547
122000134,1145,1103,42
122000135,991,1084,-93
122000136,1147,790,357
122000137,2492,1362,1130
122000139,4408,7673,-3265
122000140,3053,1014,2039
122000141,9294,2088,7206
122000142,1222,1322,-100
122000143,836,847,-11
122000144,3425,2193,1232
122000145,4714,1381,3333
122000146,1555,1746,-191
122000147,2077,728,1349
122000148,4801,2203,2598
122000149,3231,2451,780
122000150,2153,1760,393
122000151,334,526,-192
122000152,707,649,58
122000153,736,544,192
122000154,487,306,181
122000155,2091,4227,-2136
122000156,2905,3142,-237
122000157,3817,1944,1873
122000158,877,976,-99
122000159,2124,3032,-908
122000160,6457,3880,2577
122000161,1671,1585,86
122000162,3136,2973,163
122000163,335,74,261
122000164,38,119,-81
122000165,1681,1335,346
122000166,2468,2211,257
122000167,292,332,-40
122000168,392,772,-380
122000169,1459,384,1075
122000170,502,350,152
122000171,65,93,-28
122000172,2292,2629,-337
122000173,2104,3793,-1689
122000174,5089,1238,3851
122000175,2642,469,2173
122000176,456,1002,-546
122000177,3153,1818,1335
122000178,5723,7387,-1664
122000179,3452,5311,-1859
122000180,2972,2220,752
122000181,3270,6033,-2763
122000182,3665,3415,250
122000183,3099,2430,669
122000184,3648,3354,294
122000185,1928,1770,158
122000186,1294,1150,144
122000187,4924,1570,3354
122000188,675,349,326
122000189,529,631,-102
122000190,2668,1578,1090
122000191,2879,1660,1219
122000192,2030,607,1423
122000193,813,923,-110
122000194,2242,389,1853
122000195,433,667,-234
122000196,1484,951,533
122000197,721,999,-278
122000198,1242,1322,-80
122000199,1075,539,536
122000200,2704,1316,1388
122000201,2137,1789,348
122000202,2006,1832,174
122000203,4831,2083,2748
122000204,2580,3299,-719
122000205,1943,3074,-1131
122000206,3792,1460,2332
122000207,2486,2109,377
122000208,6961,2365,4596
122000209,6385,682,5703
122000210,5276,3089,2187
122000211,4308,1787,2521
122000212,1734,850,884
122000213,2373,2149,224
122000214,3740,3427,313
122000215,3719,2286,1433
122000217,4411,2176,2235
122000218,1903,270,1633
122000219,2634,1580,1054
122000220,579,1000,-421
122000221,189,929,-740
122000222,887,218,669
122000223,2429,695,1734
122000225,1934,366,1568
122000226,2701,3662,-961
122000227,643,6308,-5665
122000228,575,644,-69
122000229,41,749,-708
122000230,84,1056,-972
122000231,552,1379,-827
122000232,1189,1144,45
122000233,1,109,-108
122000234,510,357,153
122000235,1146,330,816
122000236,1391,247,1144
122000237,164,187,-23
122000238,418,481,-63
122000239,1026,313,713
122000240,1987,873,1114
122000241,857,558,299
122000242,1023,151,872
122000243,67,64,3
122000244,38,415,-377
122000245,39,82,-43
122000246,125,123,2
122000247,878,427,451
122000248,1824,3317,-1493
122000249,1103,1387,-284
122000250,3112,1909,1203
122000251,327,785,-458
122000252,874,240,634
122000253,73,474,-401
122000254,315,159,156
122000255,1196,2718,-1522
122000256,632,2456,-1824
122000257,219,640,-421
122000258,299,476,-177
122000259,28,1197,-1169
122000260,24,189,-165
122000261,14,393,-379
122000262,1,121,-120
122000263,343,212,131
122000264,2700,870,1830
122000265,7125,1435,5690
122000266,14932,1024,13908
122000267,209,138,71
122000268,375,598,-223
122000269,2373,467,1906
122000270,4701,211,4490
122000271,1019,1871,-852
122000272,706,1833,-1127
122000273,868,816,52
122000274,352,358,-6
122000275,90,361,-271
122000276,970,1018,-48
122000277,1483,2336,-853
122000278,1980,1610,370
122000279,376,789,-413
122000280,1235,1214,21
122000281,1433,1371,62
122000282,218,368,-150
122000283,641,150,491
122000284,248,145,103
122000285,615,192,423
122000286,173,284,-111
122000287,1729,2611,-882
122000288,691,430,261
122000291,2225,1121,1104
122000293,747,460,287
122000294,201,413,-212
122000295,2245,384,1861
122000296,84,853,-769
122000297,5546,4175,1371
122000299,584,861,-277
122000300,733,1079,-346
122000301,23930,4258,19672
122000302,1590,2039,-449
122000303,7313,2137,5176
122000304,97,365,-268
122000305,1312,619,693
122000306,50,1234,-1184
122000307,299,221,78
122000309,176,69,107
122000310,34,86,-52
122000311,487,284,203
122000312,302,179,123
122000313,107,97,10
122000314,210,370,-160
122000315,407,49,358
122000316,1016,412,604
122000317,1623,522,1101
122000318,453,1263,-810
122000319,362,953,-591
122000320,596,3952,-3356
122000321,206,437,-231
122000322,3602,5320,-1718
122000323,2658,3886,-1228
122000324,3040,2289,751
122000325,1752,2180,-428
122000326,64,244,-180
122000327,914,1250,-336
122000328,2518,1201,1317
122000330,3824,1255,2569
122000332,387,583,-196
122000333,3,236,-233
122000337,1410,2659,-1249
122000338,683,711,-28
122000340,1112,565,547
122000342,3445,1694,1751
122000343,573,774,-201
122000344,57,52,5
122000345,117,89,28
122000346,639,923,-284
122000348,965,1346,-381
122000349,160,908,-748
122000351,151,374,-223
122000352,496,266,230
122000353,133,152,-19
122000355,248,242,6
122000356,4750,1325,3425
122000357,109,45,64
122000358,0,104,-104
122000359,0,61,-61
122000360,0,68,-68
122000362,9,152,-143
122000364,171,651,-480
122000365,4,52,-48
122000366,12,15,-3
122000368,936,1109,-173
122000370,30,96,-66
122000371,18,0,18
122000372,20,0,20
122000381,104,694,-590
122000382,101,394,-293
122000384,9774,3737,6037
122000385,87,1,86
122000386,2179,2283,-104
122000387,2529,914,1615
122000388,7599,1012,6587
122000389,521,1057,-536
122000390,1241,389,852
122000391,915,238,677
122000392,341,392,-51
122000393,66,260,-194
122000394,863,565,298
122000395,291,256,35
122000396,753,209,544
122000397,100,110,-10
122000398,111,142,-31
122000399,250,103,147
122000400,379,603,-224
122000401,296,135,161
122000402,378,262,116
122000403,812,1961,-1149
122000404,236,645,-409
122000408,1150,2369,-1219
122000503,12,265,-253
122000524,251,199,52
122000544,140,9895,-9755
122000616,673,14,659
122000640,100,293,-193
122000641,145,678,-533
122000642,1714,2064,-350
122000643,50,315,-265
122000644,338,34,304
122000645,115,727,-612
122000651,5287,1079,4208
122000664,445,92,353
122000665,1738,777,961
122000666,991,1834,-843
122000673,77,528,-451
122000674,160,72,88
122000675,2618,2072,546
122000686,615,2273,-1658
122000687,3320,589,2731
122000688,324,1338,-1014
122000689,1259,1135,124
122000690,1488,1147,341
122000691,592,4280,-3688
122000692,1829,704,1125
122000693,619,3475,-2856
122000695,361,984,-623
122000696,474,722,-248
122000698,408,1568,-1160
122000699,357,296,61
122000701,1771,587,1184
122000702,758,3013,-2255
122000703,246,161,85
122000717,306,104,202
122000718,539,1448,-909
122000719,308,143,165
122000720,457,582,-125
122900001,81,8,73
122900002,2260,7509,-5249
122900003,727,86,641
122900004,2082,76,2006
122900005,118,117,1
122900006,1458,916,542
122900007,323,84,239
122900008,1270,183,1087
122900009,1892,918,974
122900010,322,315,7
122900012,286,524,-238
122900014,241,573,-332
122900015,4272,1332,2940
122900016,257,556,-299
122900017,1093,1707,-614
122900018,609,36,573
122900019,39,226,-187
122900020,586,829,-243
122900021,80,1268,-1188
122900022,961,1450,-489
122900023,750,581,169
122900024,160,142,18
122900025,18,391,-373
122900026,294,528,-234
122900027,121,1043,-922
122900028,202,280,-78
122900029,8560,5465,3095
122900030,2492,812,1680
122900031,420,290,130
122900032,229,485,-256
122900033,315,225,90
122900034,6914,14052,-7138
122900035,123,23,100
122900036,132,640,-508
122900037,1125,227,898
122900038,286,5685,-5399
122900039,90,792,-702
122900040,774,602,172
122900041,325,332,-7
122900042,280,470,-190
122900043,1167,313,854
122900044,235,594,-359
122900045,182,199,-17
122900046,235,137,98
122900047,935,374,561
122900048,84,567,-483
122900049,2593,211,2382
122900051,120,221,-101
122900052,83,191,-108
122900053,26,37,-11
122900055,1006,246,760
122900057,986,70,916
122900061,709,320,389
122900062,640,1015,-375
122900063,296,692,-396
122900064,1766,1057,709
122900065,947,241,706
122900066,859,468,391
122900067,2572,1237,1335
122900068,218,628,-410
122900069,463,2868,-2405
122900070,545,63,482
122900071,160,662,-502
122900072,47,1111,-1064
122900073,38,445,-407
122900074,877,1231,-354
122900075,0,96,-96
122900076,7,323,-316
122900077,0,280,-280
122900078,209,311,-102
122900080,96,40,56
122900081,885,242,643
122900082,1313,393,920
122900083,320,256,64
122900084,29,412,-383
122900086,36,70,-34
122900087,383,762,-379
122900088,84,114,-30
122900089,186,188,-2
122900090,28,1013,-985
122900091,281,3,278
122900092,0,333,-333
122900093,4,476,-472
122900094,4,438,-434
122900095,195,11,184
122900096,331,515,-184
122900097,44,31,13
122900098,107,247,-140
122900099,20,14,6
122900100,1043,746,297
122900101,1503,537,966
122900102,34,23,11
122900103,73,12,61
122900104,68,26,42
122900105,12,7,5
122900106,9,153,-144
122900107,4,316,-312
122900108,7,275,-268
123000001,4234,705,3529
123000002,10847,5967,4880
123000003,6426,6180,246
123000004,4800,7607,-2807
123000005,4740,5355,-615
123000006,4396,5107,-711
123000007,5552,4688,864
123000008,4886,5820,-934
123000009,8924,5304,3620
123000010,6578,6331,247
123000011,11362,1533,9829
123000012,2225,4221,-1996
123000013,6606,1387,5219
123000014,2362,6659,-4297
123000015,9658,1652,8006
123000016,11220,6462,4758
123000017,4832,2002,2830
123000018,77,156,-79
123000019,322,413,-91
123000020,192,219,-27
123000021,91,309,-218
123000022,748,2949,-2201
123000023,2694,2165,529
123000024,2291,765,1526
123000025,184,209,-25
123000026,20,105,-85
123000027,423,600,-177
123000028,1792,240,1552
123000029,1535,861,674
123000030,827,1009,-182
123000031,191,659,-468
123000032,459,482,-23
123000033,519,92,427
123000034,1341,1263,78
123000035,542,773,-231
123000036,390,1526,-1136
123000037,503,664,-161
123000038,266,374,-108
123000039,740,1804,-1064
123000040,1763,629,1134
123000041,2758,1334,1424
123000042,2031,709,1322
123000043,7187,13352,-6165
123000044,10003,4063,5940
123000045,17318,4328,12990
123000046,1585,2107,-522
123000047,4202,2055,2147
123000048,167,827,-660
123000049,13859,12886,973
123000050,1814,2594,-780
123000051,117,282,-165
123000052,1078,5809,-4731
123000053,3623,6086,-2463
123000054,2141,2543,-402
123000055,1958,3434,-1476
123000056,2124,2984,-860
123000057,30723,12437,18286
123000058,1234,1539,-305
123000059,607,886,-279
123000060,1417,590,827
123000061,278,1487,-1209
123000063,1312,1488,-176
123000064,1675,443,1232
123000065,13428,6626,6802
123000066,1590,1697,-107
123000067,1217,937,280
123000068,5794,6443,-649
123000069,12050,7255,4795
123000070,419,1542,-1123
123000071,1502,2037,-535
123000072,1497,2613,-1116
123000073,1791,1536,255
123000074,1506,3121,-1615
123000075,728,1870,-1142
123000076,1283,1711,-428
123000077,3358,5735,-2377
123000078,2233,3181,-948
123000079,2335,3944,-1609
123000080,3754,4285,-531
123000081,320,1116,-796
123000082,653,2145,-1492
123000083,1791,325,1466
123000084,797,1113,-316
123000085,406,210,196
123000086,722,521,201
123000087,621,670,-49
123000088,2021,1887,134
123000089,656,2553,-1897
123000090,2423,2024,399
123000091,2587,2541,46
123000092,1545,2361,-816
123000094,1054,463,591
123000095,851,1344,-493
123000096,953,798,155
123000097,1054,1396,-342
123000098,986,1052,-66
123000099,971,1080,-109
123000100,893,1180,-287
123000101,1076,1032,44
123000102,947,1151,-204
123000104,599,650,-51
123000105,840,818,22
123000106,642,650,-8
123000107,752,826,-74
123000108,1158,2344,-1186
123000111,1284,577,707
123000112,1559,1230,329
123000113,1074,3276,-2202
123000114,904,931,-27
123000115,446,495,-49
123000116,40,224,-184
123000117,2899,4360,-1461
123000118,726,1694,-968
123000119,419,1707,-1288
123000120,798,1669,-871
123000121,743,1075,-332
123000122,721,309,412
123000123,729,1033,-304
123000124,983,748,235
123000125,2699,1727,972
123000126,2752,5188,-2436
123000127,1641,1162,479
123000128,529,746,-217
123000129,947,452,495
123000130,811,178,633
123000131,1757,1212,545
123000132,721,1183,-462
123000133,523,799,-276
123000134,697,337,360
123000135,2817,2671,146
123000136,430,1861,-1431
123000137,210,800,-590
123000138,220,784,-564
123000139,847,255,592
123000140,205,1456,-1251
123000141,1426,233,1193
123000142,1331,1663,-332
123000143,2627,4038,-1411
123000144,64,65,-1
123000145,451,419,32
123000146,144,228,-84
123000147,241,293,-52
123000149,659,806,-147
123000150,526,461,65
123000151,429,688,-259
123000152,181,651,-470
123000153,301,1053,-752
123000154,2869,3580,-711
123000155,4145,1352,2793
123000156,81,234,-153
123000157,837,1273,-436
123000158,979,1394,-415
123000159,8127,4213,3914
123000160,1633,1188,445
123000161,2339,2055,284
123000162,1302,2543,-1241
123000163,876,192,684
123000164,2121,508,1613
123000165,611,3030,-2419
123000166,55,229,-174
123000167,244,487,-243
123000168,364,527,-163
123000169,1208,212,996
123000170,112,585,-473
123000171,832,175,657
123000172,289,1086,-797
123000173,1369,378,991
123000174,1718,649,1069
123000175,1375,2316,-941
123000176,1656,413,1243
123000177,580,1982,-1402
123000178,1481,279,1202
123000179,60,1300,-1240
123000180,2374,573,1801
123000181,558,2813,-2255
123000182,272,841,-569
123000183,246,711,-465
123000184,180,1449,-1269
123000185,786,610,176
123000186,6,1154,-1148
123000187,747,9,738
123000188,404,5,399
123000189,296,329,-33
123000190,89,123,-34
123000192,42,749,-707
123000193,84,1329,-1245
123000194,721,494,227
123000195,446,40,406
123000196,363,12,351
123000197,87,178,-91
123000198,38,339,-301
123000199,20,898,-878
123000200,872,26,846
123000201,1248,60,1188
123000202,42,2036,-1994
123000203,1009,112,897
123000204,127,1700,-1573
123000205,771,3136,-2365
123000206,2105,291,1814
123000207,142,1599,-1457
123000208,896,252,644
123000209,3082,609,2473
123000210,743,2858,-2115
123000211,915,4852,-3937
123000212,4241,789,3452
123000213,1015,113,902
123000215,300,257,43
123000216,441,1822,-1381
123000217,409,71,338
123000218,165,1033,-868
123000219,2087,179,1908
123000220,898,178,720
123000221,269,311,-42
123000222,901,1188,-287
123000223,409,1055,-646
123000224,591,1078,-487
123000225,504,152,352
123000226,111,569,-458
123000227,176,551,-375
123000228,354,111,243
123000229,2601,3313,-712
123000232,143,1081,-938
123000233,1166,333,833
123000234,339,1236,-897
123000235,1143,724,419
123000236,458,1535,-1077
123000237,500,135,365
123000238,137,1129,-992
123000239,815,3275,-2460
123000240,94,808,-714
123000241,1799,220,1579
123000242,299,381,-82
123000243,1238,1539,-301
123000244,1516,936,580
123000245,143,243,-100
123000249,780,1502,-722
123000252,1529,447,1082
123000253,1334,702,632
123000254,999,1964,-965
123000255,1697,1520,177
123000256,40,415,-375
123000257,6168,4706,1462
123000258,1558,2032,-474
123000259,413,668,-255
123000260,729,1055,-326
123000261,310,540,-230
123000262,140,387,-247
123000263,569,206,363
123000264,315,114,201
123000265,105,314,-209
123000266,1016,1531,-515
123000267,749,561,188
123000268,58,69,-11
123000269,52,76,-24
123000270,48,78,-30
123000271,210,99,111
123000272,1337,402,935
123000273,499,986,-487
123000274,2043,842,1201
123000275,529,1816,-1287
123000278,6229,4693,1536
123000279,115,246,-131
123000280,659,594,65
123000281,596,198,398
123000282,262,423,-161
123000283,153,106,47
123000284,126,191,-65
123000286,564,431,133
123000287,996,428,568
123000288,2538,1311,1227
123000289,879,1894,-1015
123000291,593,1335,-742
123000294,223,369,-146
123000295,1289,1455,-166
123000296,666,509,157
123000297,491,945,-454
123000298,549,633,-84
123000299,52,303,-251
123000300,1454,1447,7
123000301,339,489,-150
123000302,130,407,-277
123000303,402,123,279
123000305,1850,1459,391
123000306,133,433,-300
123000309,94,87,7
123000310,123,54,69
123000311,0,203,-203
123000312,962,1565,-603
123000313,539,550,-11
123000315,111,633,-522
123000316,3061,111,2950
123000317,371,84,287
123000318,81,394,-313
123000329,50,29,21
123000337,481,462,19
123000338,1028,70,958
123000339,280,440,-160
123000340,220,991,-771
123000342,17,10,7
123000343,269,5,264
123000344,2072,946,1126
123000345,479,1108,-629
123000346,520,123,397
123000352,3917,1293,2624
123000353,20,185,-165
123000354,602,6,596
123000355,1,1094,-1093
123000356,530,14,516
123000357,2,444,-442
123000359,3,380,-377
123000360,347,154,193
123000361,1063,464,599
123000362,547,289,258
123000363,187,345,-158
123000364,1400,702,698
123000365,34,630,-596
123000366,539,3248,-2709
123000367,463,2060,-1597
123000370,42,514,-472
123000371,736,47,689
123000372,546,21,525
123000373,31,765,-734
123000374,25,378,-353
123000375,422,73,349
123000376,1509,919,590
123000377,765,35,730
123000378,37,738,-701
123000379,18,373,-355
123000380,126,472,-346
123000381,427,55,372
123000382,2225,195,2030
123000383,535,1732,-1197
123000384,992,141,851
123000385,746,884,-138
123000436,128,1670,-1542
123000507,155,819,-664
123000508,209,1165,-956
123000517,460,40,420
123000518,44,441,-397
123000519,219,134,85
123000520,115,423,-308
123000521,502,180,322
123000522,310,909,-599
123000541,1,3,-2
123000542,0,61,-61
123000565,517,61,456
123000566,194,1197,-1003
123000567,157,391,-234
123000573,65,1581,-1516
123000574,903,114,789
123000575,1583,2317,-734
123000576,1084,3501,-2417
123000577,218,1373,-1155
123000578,1501,126,1375
123000579,6974,8395,-1421
123000580,132,22,110
123000582,746,56,690
123000583,34,921,-887
123000584,281,547,-266
123000585,2,352,-350
123000586,117,0,117
123000596,195,204,-9
123000597,117,210,-93
123000602,37,11,26
123000603,648,1201,-553
123000604,598,1772,-1174
123000605,1517,222,1295
123000606,0,484,-484
123000609,19,609,-590
123000610,287,253,34
123000613,29,294,-265
123000614,310,113,197
123000615,75,300,-225
123000616,805,136,669
123000617,178,1024,-846
123000618,205,1284,-1079
123000619,1039,103,936
123000620,31,946,-915
123000622,435,29,406
123000624,107,105,2
123000630,842,598,244
123000631,365,3074,-2709
123000632,1809,1976,-167
123000633,0,497,-497
123000634,160,190,-30
123000635,377,182,195
123000636,31,994,-963
123000637,141,307,-166
123000638,744,128,616
123000639,1972,4848,-2876
123000640,48,1536,-1488
123900001,2468,93,2375
123900002,36,2184,-2148
123900003,804,1171,-367
123900005,455,264,191
123900006,692,65,627
124000001,3081,248,2833
124000002,203,3207,-3004
124000003,1023,295,728
124000004,73,1255,-1182
124000005,1237,674,563
124000006,401,2194,-1793
124000007,1304,290,1014
124000008,35,1220,-1185
124000009,779,668,111
124000010,188,914,-726
124000011,2933,714,2219
124000012,926,1225,-299
124000017,232,231,1
124000018,182,148,34
124000019,145,210,-65
124000020,116,267,-151
124000021,213,124,89
124000022,169,343,-174
124000023,2486,2142,344
124000024,1647,1063,584
124000025,1595,2345,-750
124000026,1820,1623,197
124000027,7801,7507,294
124000028,4399,6859,-2460
124000030,4933,1879,3054
124000031,1862,3335,-1473
124000032,8678,1616,7062
124000033,343,934,-591
124000034,4834,936,3898
124000035,52,182,-130
124000036,120,227,-107
124000037,913,1345,-432
124000038,85,76,9
124000039,1912,757,1155
124000040,946,1464,-518
124000041,544,152,392
124000042,117,698,-581
124000043,136,185,-49
124000044,74,495,-421
124000045,750,1009,-259
124000046,372,1188,-816
124000047,1804,1517,287
124000048,1261,3172,-1911
124000049,2072,1160,912
124000050,1027,3869,-2842
124000051,1187,917,270
124000052,902,2144,-1242
124000053,689,1815,-1126
124000054,1341,1078,263
124000055,1819,3138,-1319
124000056,6746,2483,4263
124000057,1003,894,109
124000058,604,2327,-1723
124000059,850,1476,-626
124000060,2141,1413,728
124000061,2464,5752,-3288
124000062,8151,3028,5123
124000063,2099,3196,-1097
124000064,4774,2780,1994
124000065,64,492,-428
124000066,225,124,101
124000067,220,449,-229
124000068,13,29,-16
124000069,213,25,188
124000070,112,288,-176
124000071,504,170,334
124000072,313,727,-414
124000073,1217,227,990
124000074,310,1276,-966
124000075,396,62,334
124000076,8,369,-361
124000077,2853,1103,1750
124000078,4188,1593,2595
124000079,831,2171,-1340
124000080,624,269,355
124000081,331,1399,-1068
124000082,25,200,-175
124000083,92,342,-250
124000084,39,357,-318
124000085,124,86,38
124000086,121,195,-74
124000087,251,148,103
124000088,526,640,-114
124000089,1259,942,317
124000090,156,516,-360
124000091,829,161,668
124000092,136,928,-792
124000093,116,160,-44
124000094,270,1028,-758
124000095,91,152,-61
124000096,214,575,-361
124000097,116,183,-67
124000098,63,136,-73
124000099,132,181,-49
124000100,100,130,-30
124000101,112,159,-47
124000102,165,177,-12
124000103,117,148,-31
124000104,263,108,155
124000105,104,133,-29
124000106,244,143,101
124000107,29,225,-196
124000108,99,85,14
124000109,177,136,41
124000110,278,215,63
124000111,281,235,46
124000112,990,1190,-200
124000113,103,104,-1
124000114,394,1043,-649
124000115,610,1250,-640
124000116,160,170,-10
124000117,117,148,-31
124000118,64,115,-51
124000119,3194,1224,1970
124000120,1867,903,964
124000121,2580,925,1655
124000122,1023,1945,-922
124000123,1616,830,786
124000124,741,1644,-903
124000125,561,800,-239
124000126,491,1023,-532
124000127,1346,668,678
124000128,929,1757,-828
124000129,2918,2322,596
124000130,1321,1190,131
124000131,1692,858,834
124000132,1495,1300,195
124000133,1197,1486,-289
124000134,1235,1238,-3
124000135,2819,2816,3
124000136,1543,1845,-302
124000137,2418,1119,1299
124000138,2841,2122,719
124000139,977,31,946
124000140,58,700,-642
124000141,219,16,203
124000142,19,225,-206
124000143,76,33,43
124000144,6,117,-111
124000145,163,82,81
124000146,65,187,-122
124000148,78,144,-66
124000149,1710,665,1045
124000150,529,1145,-616
124000151,707,329,378
124000152,977,1907,-930
124000153,712,938,-226
124000154,525,1327,-802
124000155,1466,1080,386
124000156,2030,1405,625
124000169,507,1182,-675
124000170,1576,730,846
124000171,557,526,31
124000172,840,995,-155
124000173,794,473,321
124000174,491,1323,-832
124000175,26,218,-192
124000176,78,30,48
124000177,14,57,-43
124000178,60,89,-29
124000190,112,53,59
124000191,589,74,515
124000192,4368,626,3742
124000193,1402,1547,-145
124000194,533,832,-299
124000195,486,891,-405
124000196,1781,2031,-250
124000197,71,117,-46
124000198,65,89,-24
124000201,595,1781,-1186
124000202,1083,369,714
124000203,328,1664,-1336
124000204,952,893,59
124000205,109,1025,-916
124000206,742,715,27
124000207,1,83,-82
124000209,494,1063,-569
124000210,448,325,123
124000211,581,5,576
124000212,3,925,-922
124000213,370,681,-311
124000214,335,1199,-864
124000215,485,24,461
124000216,7,996,-989
124000329,191,3457,-3266
124000338,117,1742,-1625
124000339,915,243,672
124000341,1317,180,1137
124000344,45,0,45
124000357,1408,3943,-2535
124000358,1055,2010,-955
124000359,1908,1232,676
124000360,1013,961,52
124000361,3774,1093,2681
124000362,2728,3214,-486
124000363,462,634,-172
124000364,981,1665,-684
124000365,981,1588,-607
124000366,2773,1221,1552
124000367,337,1120,-783
124000368,593,360,233
124000369,222,245,-23
124000370,101,1020,-919
124000402,40,12,28
124000403,150,13,137
124000404,12,204,-192
124000405,1477,1215,262
124000406,1418,1428,-10
124000407,12,47,-35
124000411,14,620,-606
124000412,512,30,482
124000413,1163,82,1081
124000414,84,207,-123
124000415,71,392,-321
124000416,165,577,-412
124000417,182,153,29
124000418,218,231,-13
124000419,112,264,-152
124000420,65,150,-85
124000421,49,459,-410
124000422,90,48,42
124000423,270,60,210
124000424,4,171,-167
124000425,30,62,-32
124000426,8,79,-71
124000427,33,12,21
124000428,84,51,33
124000429,71,78,-7
124000430,1155,1479,-324
124000431,555,1550,-995
124000432,283,1672,-1389
124000439,7,29,-22
124000442,1,226,-225
124000443,0,8,-8
124000445,185,562,-377
124000446,2294,86,2208
124900001,474,518,-44
124900002,373,826,-453
124900003,1019,803,216
124900004,540,464,76
124900005,562,424,138
124900006,717,528,189
124900008,1767,714,1053
124900009,215,572,-357
124900010,240,107,133
124900011,877,440,437
124900012,1092,273,819
124900013,666,233,433
124900014,370,147,223
124900015,329,665,-336
124900016,72,239,-167
124900017,1603,1393,210
124900018,59,23,36
124900019,574,59,515
124900020,164,167,-3
124900021,369,98,271
124900022,75,38,37
124900024,339,46,293
124900026,305,7,298
124900027,153,475,-322
124900028,1505,313,1192
124900029,19,616,-597
124900030,10,395,-385
124900031,91,826,-735
124900032,378,275,103
124900033,141,829,-688
124900034,10,220,-210
124900035,278,913,-635
124900036,1,95,-94
124900037,242,677,-435
124900038,491,504,-13
124900039,2,35,-33
124900040,195,138,57
124900041,352,1831,-1479
124900042,69,1,68
124900043,596,1808,-1212
124900044,253,2,251
124900045,1040,1248,-208
124900046,3725,384,3341
124900047,153,458,-305
124900048,189,269,-80
124900050,200,493,-293
124900052,219,1161,-942
124900053,174,547,-373
124900054,4682,695,3987
124900055,1,217,-216
124900057,36,127,-91
124900060,147,350,-203
124900061,64,10,54
124900062,142,34,108
124900066,0,10,-10
124900067,5,258,-253
124900068,469,1387,-918
124900069,233,193,40
124900070,183,34,149
124900072,154,71,83
124900074,508,510,-2
124900075,249,318,-69
124900076,41,1005,-964
124900077,41,164,-123
124900078,189,31,158
124900079,1764,426,1338
124900080,285,1118,-833
124900081,938,340,598
124900082,462,1375,-913
124900083,169,853,-684
124900084,3788,174,3614
124900085,1461,435,1026
124900086,231,1378,-1147
124900087,887,141,746
124900088,1100,199,901
124900089,2333,65,2268
124900090,463,453,10
124900091,631,942,-311
124900092,505,674,-169
124900093,527,356,171
124900094,498,483,15
124900095,151,775,-624
124900096,1097,525,572
124900097,395,131,264
124900098,216,814,-598
124900099,1557,856,701
124900100,397,112,285
124900101,76,419,-343
124900102,336,58,278
124900103,249,457,-208
124900104,87,322,-235
124900105,136,272,-136
124900106,732,93,639
124900107,115,51,64
124900108,316,110,206
124900109,75,172,-97
124900110,430,500,-70
124900111,1,108,-107
124900112,114,1617,-1503
124900113,5,8,-3
124900114,11,1,10
124900115,6,0,6
124900116,6,5,1
124900117,16,7,9
124900118,0,8,-8
124900119,22,1,21
124900120,0,28,-28
124900121,1,8,-7
124900122,19,15,4
124900123,5,3,2
124900124,2,4,-2
129000186,653,56,597
204000001,51,5,46
204000002,27,14,13
204000003,130,5,125
204000004,19,2,17
204000005,724,907,-183
204000006,2004,3654,-1650
204000008,1684,1344,340
204000011,27,104,-77
204000012,70,95,-25
204000013,5,41,-36
204000019,689,824,-135
204000020,1012,1062,-50
204000021,2977,1267,1710
204000022,583,730,-147
204000023,857,1644,-787
204000031,89,21,68
204000032,752,41,711
204000034,30,545,-515
204000035,0,9,-9
204000036,24,56,-32
204000037,6,29,-23
204000038,1,13,-12
204000039,13,69,-56
204000040,8,32,-24
204000041,16,72,-56
204000042,117,32,85
204000043,30,7,23
204000044,70,3,67
204000045,194,5,189
204000046,29,3,26
204000057,18,40,-22
204000062,9,21,-12
204000068,54,289,-235
204000069,20,391,-371
204000070,96,193,-97
204000080,46,63,-17
204000085,2598,3698,-1100
204000086,4253,4136,117
204000087,50,28,22
204000088,11,158,-147
204000090,40,571,-531
204000093,276,102,174
204000096,1163,1526,-363
204000097,510,28,482
204000099,1275,2184,-909
204000100,1392,2620,-1228
204000105,3142,3324,-182
204000110,1646,2340,-694
204000111,786,1307,-521
204000112,2128,1292,836
204000113,916,1356,-440
204000114,1323,1053,270
204000115,1072,559,513
204000116,2824,953,1871
204000119,2572,4240,-1668
204000132,705,368,337
204000133,826,456,370
204000134,589,275,314
204000135,804,177,627
204000136,447,375,72
204000138,460,840,-380
204000140,270,216,54
204000141,209,133,76
204000144,6,35,-29
204000145,645,43,602
204000146,20,575,-555
204000147,80,199,-119
204000148,539,49,490
204000154,7,4,3
204000155,5,12,-7
204000177,90,81,9
204000179,51,16,35
204000180,1,28,-27
204000222,11,7,4
204000235,23,22,1
204000236,124,447,-323
204000238,49,68,-19
204000240,528,144,384
204000263,106,526,-420
204000308,445,26,419
204000317,10,139,-129
204000322,4,94,-90
204000323,37,11,26
204000328,382,119,263
204000329,35,288,-253
204000330,309,43,266
204000331,42,165,-123
204010341,17,506,-489
205000001,1390,2618,-1228
205000013,5,96,-91
205000014,20,156,-136
205000015,46,284,-238
205000016,22,219,-197
205000017,49,140,-91
205000022,465,1196,-731
205000025,2190,1653,537
205000029,358,9,349
205000045,270,297,-27
205000047,102,636,-534
205000048,351,1433,-1082
205000049,184,1124,-940
205000050,1279,403,876
205000059,0,314,-314
205000060,1,93,-92
205000061,2,65,-63
205000062,7,57,-50
205000063,17,243,-226
205000064,18,234,-216
205000065,61,822,-761
205000066,135,1091,-956
205000067,73,1418,-1345
205000069,157,39,118
205000082,324,713,-389
205000110,58,335,-277
205000111,197,419,-222
205000112,246,294,-48
205000113,272,505,-233
205000121,413,239,174
205000123,92,312,-220
205000126,636,568,68
205000127,1011,734,277
205000128,1007,633,374
205000129,1036,512,524
205000130,1683,149,1534
205000131,2020,28,1992
205000132,2173,17,2156
205000133,2197,5,2192
205000134,940,3,937
205000137,87,201,-114
205000138,336,523,-187
205000139,41,149,-108
205000144,118,175,-57
205000145,493,550,-57
205000151,281,181,100
205000152,232,176,56
205000153,284,194,90
205000154,163,239,-76
205000155,247,85,162
205000207,13,262,-249
205000233,89,0,89
205000234,2,3,-1
205000243,1,1,0
205000244,0,4,-4
205000245,16,461,-445
205000249,0,69,-69
205000250,9,0,9
205000251,92,604,-512
205000264,8,125,-117
206000027,11,8,3
206000028,14,4,10
206000043,14,176,-162
206000053,1,21,-20
206000054,7,44,-37
206000055,4,39,-35
206000075,8,16,-8
206000076,32,17,15
206000077,10,11,-1
206000078,31,5,26
206000079,31,6,25
206000082,983,40,943
206000100,130,1242,-1112
206000103,3,34,-31
206000104,40,35,5
206000105,8,29,-21
206000106,12,51,-39
206000108,895,51,844
206000125,43,0,43
206000157,104,1253,-1149
206000170,0,325,-325
206000171,6,305,-299
206000172,16,1041,-1025
206000173,2,414,-412
206000174,8,181,-173
206000175,6,231,-225
206000176,24,342,-318
206000177,1,296,-295
206000178,4,280,-276
206000179,29,201,-172
206000180,30,294,-264
206000181,8,412,-404
206000182,11,404,-393
206000183,33,1511,-1478
206000184,6,624,-618
206000185,3,423,-420
206000186,152,2029,-1877
206000223,12,306,-294
206000226,34,6,28
206000227,29,4,25
206000237,45,682,-637
206000238,64,896,-832
206000239,683,3723,-3040
206000240,2,94,-92
206000241,1,170,-169
206000242,13,567,-554
206000243,8,390,-382
206000244,95,1195,-1100
206000245,501,63,438
206000246,107,14,93
206000247,135,11,124
206000248,590,39,551
206000252,131,34,97
206000258,20,81,-61
206000315,49,7,42
206000317,608,139,469
206000318,393,65,328
206000319,967,129,838
206000320,124,60,64
206000321,101,30,71
206000322,435,35,400
206000323,99,12,87
206000324,148,12,136
206000325,330,10,320
206000326,442,7,435
206000327,620,8,612
206000328,101,6,95
206000329,196,6,190
206000330,59,8,51
206000331,121,6,115
206000332,29,9,20
206000333,448,4,444
206000334,204,0,204
206000335,0,27,-27
206000361,9,401,-392
206000392,0,53,-53
206000405,170,0,170
206000441,20,16,4
206000498,53,6,47
206000515,169,41,128
206000530,183,77,106
206000531,213,248,-35
206000532,3895,312,3583
206000535,635,3916,-3281
206000536,48,326,-278
206000537,18,325,-307
206000613,2168,322,1846
207000001,236,734,-498
207000002,183,418,-235
207000003,251,248,3
207000007,843,349,494
207000008,60,19,41
207000009,79,46,33
207000010,562,836,-274
207000012,393,395,-2
207000015,398,2446,-2048
207000019,336,141,195
207000021,988,295,693
207000022,211,181,30
207000023,238,57,181
207000024,7,21,-14
207000025,44,114,-70
207000026,231,71,160
207000027,35,131,-96
207000028,63,308,-245
207000029,364,692,-328
207000033,422,553,-131
207000034,461,120,341
207000039,433,208,225
207000040,312,119,193
207000041,144,90,54
207000042,392,91,301
207000043,338,255,83
207000051,193,462,-269
207000052,78,253,-175
207000053,611,1088,-477
207000054,71,177,-106
207000055,221,292,-71
207000056,507,621,-114
207000057,249,514,-265
207000058,220,631,-411
207000059,125,1081,-956
207000060,133,382,-249
207000061,326,447,-121
207000062,262,53,209
207000063,309,160,149
207000064,647,325,322
207000065,499,365,134
207000066,215,289,-74
207000067,81,234,-153
207000068,151,103,48
207000069,876,607,269
207000082,18,383,-365
207000083,130,551,-421
207000084,299,400,-101
207000085,126,16,110
207000086,158,3,155
207000106,26,32,-6
207000107,77,28,49
207000108,72,17,55
207000109,88,15,73
207000110,67,73,-6
207000111,67,55,12
207000112,317,643,-326
207000114,40,56,-16
207000115,21,158,-137
207000116,16,473,-457
207000117,20,185,-165
207000118,7,134,-127
207000119,43,117,-74
207000123,238,59,179
207000124,78,16,62
207000125,69,54,15
207000126,57,51,6
207000134,58,247,-189
207000135,24,388,-364
207000148,65,319,-254
207000149,121,76,45
207000152,275,680,-405
207000153,1425,1994,-569
207000154,549,208,341
207000159,120,395,-275
207000160,188,676,-488
207000238,1,234,-233
207000242,4,356,-352
207000248,44,85,-41
207000249,259,59,200
207000250,1970,115,1855
207000251,151,163,-12
207000252,93,82,11
207000278,147,175,-28
207000279,22,312,-290
207000280,404,123,281
207000281,133,1746,-1613
207000282,257,64,193
207000283,189,457,-268
207000284,73,127,-54
207000285,226,33,193
207000291,17,158,-141
207000304,207,80,127
207000306,92,794,-702
207000310,76,118,-42
207000353,273,3,270
207000356,35,64,-29
207000357,170,21,149
207000358,11,16,-5
207000415,3,356,-353
207000417,47,2,45
207000437,0,4,-4
207000439,1357,882,475
207000446,159,8,151
207000460,11,8,3
207000466,252,199,53
207000467,58,157,-99
207000468,13,378,-365
207000476,8,151,-143
207000477,754,212,542
207000523,0,16,-16
207000524,15,1,14
207000527,118,283,-165
207000530,411,11,400
207000531,287,9,278
207000532,106,29,77
207000534,875,52,823
207000535,64,376,-312
207000537,44,254,-210
207000540,14,431,-417
207000541,3,537,-534
207000548,13,650,-637
207000549,333,12,321
207000561,131,223,-92
207000562,68,397,-329
207000567,292,439,-147
207000568,161,158,3
207000569,435,1902,-1467
207000584,555,461,94
207000585,203,331,-128
207000616,0,260,-260
207000617,182,1,181
207900008,173,232,-59
208000001,881,1452,-571
208000002,793,882,-89
208000003,1596,870,726
208000004,2463,1291,1172
208000005,31,29,2
208000019,725,1479,-754
208000020,281,846,-565
208000021,318,883,-565
208000022,1207,1056,151
208000028,2822,1630,1192
208000033,570,1014,-444
208000034,1782,3216,-1434
208000040,191,254,-63
208000041,1334,926,408
208000042,1403,932,471
208000047,262,682,-420
208000064,4038,2723,1315
208000066,2718,3239,-521
208000070,454,604,-150
208000071,517,1414,-897
208000072,583,2164,-1581
208000080,302,658,-356
208000081,460,291,169
208000082,396,481,-85
208000083,211,592,-381
208000084,173,18,155
208000085,1876,789,1087
208000086,898,1187,-289
208000087,477,965,-488
208000089,1363,1324,39
208000090,1060,1571,-511
208000093,154,267,-113
208000094,707,984,-277
208000095,1262,726,536
208000104,1437,1792,-355
208000105,1062,1892,-830
208000114,183,399,-216
208000115,793,566,227
208000116,749,1496,-747
208000117,111,204,-93
208000118,174,185,-11
208000155,1172,1268,-96
208000158,2298,5110,-2812
208000186,5073,5674,-601
208000204,885,1990,-1105
208000205,1574,2416,-842
208000282,6962,3702,3260
209000004,334,479,-145
209000005,56,69,-13
209000006,940,222,718
209000007,792,469,323
209000010,1215,264,951
209000011,299,380,-81
209000012,228,384,-156
209000013,370,837,-467
209000014,911,2339,-1428
209000025,465,74,391
209000026,1145,216,929
209000027,496,1783,-1287
209000028,693,1584,-891
209000029,1956,1536,420
209000030,1261,3044,-1783
209000031,6912,4861,2051
209000034,305,318,-13
209000035,151,223,-72
209000036,221,211,10
209000037,242,391,-149
209000038,104,236,-132
209000039,66,211,-145
209000040,491,817,-326
209000041,266,576,-310
209000042,334,633,-299
209000043,1322,1095,227
209000044,358,1047,-689
209000045,1773,663,1110
209000046,650,671,-21
209000047,627,251,376
209000048,917,391,526
209000049,137,153,-16
209000050,162,282,-120
209000051,347,590,-243
209000052,224,515,-291
209000062,43,234,-191
209000063,56,181,-125
209000064,60,221,-161
209000065,99,91,8
209000066,60,79,-19
209000067,86,152,-66
209000080,80,461,-381
209000082,96,97,-1
209000091,61,235,-174
209000093,171,50,121
209000094,299,362,-63
209000110,89,178,-89
209000111,640,2604,-1964
209000112,1242,1120,122
209000113,4678,1037,3641
209000114,670,748,-78
209000115,124,265,-141
209000116,1139,1122,17
209000118,129,91,38
209000119,208,23,185
209000121,199,1077,-878
209000135,104,269,-165
209000142,1092,3388,-2296
209000143,424,182,242
209000144,302,194,108
209000229,292,278,14
209000240,91,688,-597
209000259,110,155,-45
209000260,133,1898,-1765
209000261,4,1194,-1190
209000262,4,1025,-1021
209000263,0,284,-284
209000264,0,167,-167
209000265,486,6,480
209000266,148,1,147
209000267,1176,13,1163
209000268,1095,90,1005
210000037,131,33,98
210000047,100,47,53
210000048,103,70,33
210000049,90,76,14
210000052,62,195,-133
210000053,31,153,-122
210000054,68,151,-83
210000070,230,2,228
210000071,111,3,108
210000072,59,1,58
210000073,0,80,-80
210000074,3,236,-233
210000075,3,92,-89
210000076,22,219,-197
210000077,149,61,88
210000078,73,40,33
210000079,189,41,148
210000080,570,52,518
210000081,458,22,436
210000082,444,2,442
210000083,164,0,164
210000084,38,0,38
210000085,2,116,-114
210000086,6,209,-203
210000099,59,492,-433
210000100,109,465,-356
210000101,108,511,-403
210000105,58,574,-516
210000159,1,249,-248
210000163,202,352,-150
210000164,426,256,170
210000168,329,46,283
210000187,0,41,-41
210000188,0,37,-37
210000214,75,0,75
210000219,39,78,-39
210000220,112,143,-31
210000232,3,38,-35
210000233,46,132,-86
210000234,50,309,-259
210000235,52,257,-205
210000245,3,137,-134
210000246,62,7,55
210000258,17,140,-123
210000259,428,58,370
210000282,139,435,-296
210000285,0,195,-195
210000286,28,263,-235
210000295,112,311,-199
210000296,178,100,78
210000320,197,200,-3
210000321,117,155,-38
210000338,283,135,148
210000339,769,2347,-1578
210000340,232,1028,-796
210000341,335,619,-284
210000342,331,459,-128
210000343,424,390,34
210000344,1038,255,783
210000345,480,692,-212
210000346,163,286,-123
210000347,710,75,635
210000348,511,22,489
210000349,582,38,544
210000350,182,94,88
210000351,165,175,-10
210000352,88,193,-105
210000353,67,227,-160
210000354,133,206,-73
210000355,149,223,-74
210000356,254,164,90
210000357,145,114,31
210000358,606,232,374
210000359,451,135,316
210000360,355,163,192
210000361,276,272,4
210000362,422,388,34
210000363,1430,366,1064
210000364,230,278,-48
210000365,179,136,43
210000366,177,113,64
210000367,137,69,68
210000368,196,64,132
210000369,95,32,63
210000370,182,71,111
210000372,152,66,86
210000373,287,54,233
210000374,154,19,135
210000375,36,141,-105
210000376,224,314,-90
210000404,111,358,-247
210000439,33,105,-72
210000472,415,19,396
210000482,105,166,-61
210000564,841,433,408
210000568,961,6,955
211000092,27,104,-77
211000094,33,3,30
211000169,190,24,166
211000172,9,388,-379
211000209,1,34,-33
211000275,27,45,-18
211000276,90,65,25
211000279,27,81,-54
211000281,57,102,-45
211507980,0,59,-59
211977296,109,5,104
212000003,341,136,205
212000004,370,48,322
212000005,77,59,18
212000006,75,143,-68
212000008,190,250,-60
212000009,21,203,-182
212000012,107,138,-31
212000013,30,93,-63
212000014,381,214,167
212000015,398,439,-41
212000016,815,854,-39
212000027,683,1018,-335
212000028,352,772,-420
212000029,235,655,-420
212000030,51,69,-18
212000031,91,117,-26
212000048,70,264,-194
212000049,26,156,-130
212000050,42,13,29
212000051,250,366,-116
212000052,204,553,-349
212000053,482,940,-458
212000054,185,285,-100
212000055,259,465,-206
212000056,18,93,-75
212000057,19,67,-48
212000058,677,56,621
212000070,166,519,-353
212000077,136,1206,-1070
212000099,314,535,-221
212000108,357,407,-50
212000111,288,229,59
212000120,191,145,46
212000138,389,53,336
212000156,5,216,-211
212000158,7,19,-12
212000159,313,85,228
212000160,547,473,74
212000161,70,14,56
212000310,62,12,50
212000311,19,177,-158
212000374,69,17,52
213000001,62,945,-883
213000005,693,224,469
213000006,1691,369,1322
213000007,361,18,343
213000009,993,642,351
213000010,251,425,-174
213000011,501,217,284
213000012,262,591,-329
213000014,77,17,60
213000015,267,8,259
213000016,474,4,470
213000017,80,0,80
213000018,5,287,-282
213000019,3,238,-235
213000020,168,667,-499
213000021,3,150,-147
213000023,331,410,-79
213000033,372,1967,-1595
213000034,849,615,234
213000035,110,644,-534
213000045,164,393,-229
213000046,146,315,-169
213000047,743,1400,-657
213000056,138,146,-8
213000069,319,3,316
213000073,2,32,-30
213000074,160,767,-607
213000075,1065,16,1049
213000085,11,52,-41
213000086,23,382,-359
213000091,148,13,135
213000092,70,70,0
213000099,278,1425,-1147
213000100,1529,352,1177
213000101,321,225,96
213000102,433,513,-80
213000103,1189,1290,-101
213000104,59,751,-692
213000105,2,107,-105
213000106,40,286,-246
213000107,194,998,-804
213000108,42,947,-905
213000109,14,433,-419
213000110,10,151,-141
213000111,22,146,-124
213000112,251,213,38
213000115,52,11,41
213000116,71,1456,-1385
213000117,11,1886,-1875
213000118,664,483,181
213000119,140,1376,-1236
213000120,146,1183,-1037
213000122,451,1203,-752
213000123,952,2437,-1485
213000124,167,1923,-1756
213000125,203,21,182
213000126,198,125,73
213000127,270,224,46
213000128,1098,1267,-169
213000129,748,912,-164
213000130,492,441,51
213000132,320,154,166
213000133,513,211,302
213000134,1203,18,1185
213000136,493,57,436
213000137,804,207,597
213000139,545,49,496
213000147,197,18,179
213000148,86,3,83
213000149,324,19,305
213000150,1,168,-167
213000151,20,110,-90
213000152,6,87,-81
213000153,11,58,-47
213000154,28,328,-300
213000155,44,585,-541
213000156,103,1128,-1025
213000157,1099,696,403
213000158,454,1362,-908
213000159,683,1104,-421
213000163,699,184,515
213000165,1190,378,812
213000171,1,159,-158
213000172,5,489,-484
213000173,2,379,-377
213000174,5,415,-410
213000175,16,275,-259
213000176,131,65,66
213000177,114,17,97
213000178,126,13,113
213000179,280,1,279
213000180,149,0,149
213000184,220,909,-689
213000188,588,171,417
213000189,496,66,430
213000190,1305,1441,-136
213000191,390,826,-436
213000192,283,807,-524
213000193,2488,427,2061
213000194,2,55,-53
213000195,28,651,-623
213000196,265,1754,-1489
213000197,428,1646,-1218
213000198,206,3,203
213000200,216,1685,-1469
213000201,117,89,28
213000202,25,1330,-1305
213000203,5331,1232,4099
213000204,664,191,473
213000205,434,322,112
213000206,1097,205,892
213000207,365,35,330
213000208,278,5,273
213000209,302,5,297
213000210,1537,17,1520
213000211,54,22,32
213000212,62,19,43
213000213,33,35,-2
213000218,495,1247,-752
213000219,721,26,695
213000220,755,9,746
213000223,512,297,215
213000224,156,50,106
213000225,103,21,82
213000226,169,34,135
213000227,1243,482,761
213000228,384,147,237
213000229,623,54,569
213000230,469,73,396
213000232,189,795,-606
213000233,33,56,-23
213000234,0,72,-72
213000293,50,83,-33
213000294,313,23,290
213000295,64,111,-47
213000296,84,36,48
213000297,7,160,-153
213000298,25,191,-166
213000299,88,93,-5
213000300,12,7,5
213000303,9,39,-30
213000304,1,11,-10
213000305,12,18,-6
213000306,364,46,318
213000307,1391,121,1270
213000308,167,401,-234
213000309,307,87,220
213000310,1365,149,1216
213000311,410,1105,-695
213000315,103,245,-142
213000316,162,108,54
213000322,117,286,-169
213000323,75,137,-62
213000324,117,266,-149
213000325,89,303,-214
213000326,131,154,-23
213000327,110,322,-212
213000328,73,229,-156
213000329,112,201,-89
213000340,208,1217,-1009
213000341,385,182,203
213000347,1418,475,943
213000348,12,197,-185
213000349,28,15,13
213000350,436,2190,-1754
213000366,75,645,-570
213000367,232,58,174
213000379,113,116,-3
213000386,15,357,-342
213000406,111,679,-568
213000417,2023,864,1159
213000425,132,75,57
213000426,112,128,-16
213000427,62,668,-606
213000428,60,368,-308
213000429,26,7,19
213000430,131,1656,-1525
213000431,45,2,43
213000432,2,18,-16
213000433,38,309,-271
213000434,87,205,-118
213000435,100,165,-65
213000436,24,143,-119
213000437,6,145,-139
213000438,169,208,-39
213000439,118,20,98
213000440,11,499,-488
213000441,2,1,1
213000442,4,87,-83
213000443,840,780,60
213000444,33,173,-140
213000445,2,147,-145
213000446,0,18,-18
213000447,9,80,-71
213000448,23,125,-102
213000449,311,4,307
213000450,23,66,-43
213000451,316,165,151
213000452,41,59,-18
213000453,62,526,-464
213000455,472,4,468
213000456,0,241,-241
213000481,7,20,-13
213000484,50,8,42
213000489,522,254,268
213900002,0,283,-283
213900003,1346,2,1344
213900013,1,219,-218
213900015,0,9,-9
213900016,17,28,-11
213900020,10,275,-265
213900030,3,122,-119
213900032,590,153,437
213900033,132,47,85
213900034,443,138,305
213900035,225,958,-733
213900036,138,380,-242
213900037,86,501,-415
213900038,310,349,-39
213900039,0,186,-186
213900041,6,203,-197
213900042,343,265,78
213900043,220,261,-41
213900244,23,0,23
213900245,0,44,-44
218000003,92,28,64
218000004,63,31,32
218000005,50,57,-7
218000006,168,52,116
218000007,18,23,-5
218000012,659,364,295
218000013,133,194,-61
218000014,515,601,-86
218000019,1140,970,170
218000020,446,955,-509
218000021,44,145,-101
218000022,33,78,-45
218000023,1,73,-72
218000024,3,39,-36
218000025,25,38,-13
218000026,20,109,-89
218000027,3,39,-36
218000028,8,15,-7
218000029,11,12,-1
218000030,41,76,-35
218000031,11,61,-50
218000032,5,48,-43
218000040,4,3,1
218000046,54,210,-156
218000047,42,246,-204
218000048,108,257,-149
218000049,236,255,-19
218000050,595,508,87
218000051,202,529,-327
218000052,1,208,-207
218000053,12,14,-2
218000054,15,48,-33
218000055,6,24,-18
218000056,23,28,-5
218000057,3,28,-25
218000064,5,14,-9
218000065,50,123,-73
218000066,8,123,-115
218000067,70,200,-130
218000068,148,195,-47
218000069,209,265,-56
218000070,207,393,-186
218000071,234,337,-103
218000072,377,452,-75
218000078,1063,1906,-843
218000079,99,177,-78
218000080,119,140,-21
218000081,370,441,-71
218000082,138,251,-113
218000083,75,106,-31
218000084,168,328,-160
218000085,164,822,-658
218000086,53,416,-363
218000087,258,426,-168
218000090,23,193,-170
218000091,977,674,303
218000092,87,245,-158
218000093,95,114,-19
218000094,598,975,-377
218000099,446,897,-451
218000100,293,453,-160
218000101,338,266,72
218000102,377,405,-28
218000103,108,266,-158
218000104,127,99,28
218000105,69,14,55
218000106,31,15,16
218000107,70,93,-23
218000108,6,90,-84
218000112,208,29,179
218000117,112,135,-23
218000134,1137,1627,-490
218000135,128,219,-91
218000136,483,133,350
218000137,310,158,152
218000138,33,143,-110
218000139,239,480,-241
218000140,616,298,318
218000141,218,104,114
218000142,238,269,-31
218000143,177,361,-184
218000144,122,115,7
218000145,503,623,-120
218000146,73,295,-222
218000151,64,46,18
218000152,177,70,107
218000153,4,10,-6
218000154,13,7,6
218000155,25,4,21
218000156,57,32,25
218000157,35,21,14
218000158,13,13,0
218000159,6,2,4
218000160,4,8,-4
218000161,28,9,19
218000162,40,19,21
218000163,7,3,4
218000164,53,19,34
218000165,70,46,24
218000170,0,72,-72
218000171,78,16,62
218000172,43,16,27
218000173,78,12,66
218000174,89,11,78
218000176,201,75,126
218000177,350,348,2
218000178,124,393,-269
218000179,74,164,-90
218000180,88,73,15
218000181,251,100,151
218000187,26,30,-4
218000188,61,57,4
218000189,27,78,-51
218000190,20,41,-21
218000191,149,103,46
218000192,186,603,-417
218000193,522,704,-182
218000194,117,723,-606
218000195,182,146,36
218000196,416,499,-83
218000197,379,667,-288
218000198,36,252,-216
218000199,74,59,15
218000200,86,42,44
218000201,19,7,12
218000202,319,383,-64
218000207,7,104,-97
218000208,100,66,34
218000211,71,16,55
218000212,4,8,-4
218000213,206,93,113
218000214,13,40,-27
218000215,79,130,-51
218000217,3,193,-190
218000218,416,250,166
218000219,347,66,281
218000220,669,489,180
218000221,4898,299,4599
218000222,127,40,87
218000223,44,431,-387
218000224,8,162,-154
218000225,176,23,153
218000226,135,147,-12
218000230,0,1,-1
218000232,63,140,-77
218000239,152,5,147
218000240,10,0,10
218000241,30,1,29
218000242,106,4,102
218000243,42,6,36
218000244,18,3,15
218000245,21,2,19
218000246,0,1,-1
218000247,2,1,1
218000248,0,38,-38
218000249,0,2,-2
218000250,10,18,-8
218000251,3,18,-15
218000252,7,13,-6
218000253,3,24,-21
218000254,3,22,-19
218000255,6,6,0
218000256,3,55,-52
218000267,1033,1660,-627
218000268,17,89,-72
218000269,3,12,-9
218000270,49,48,1
218000271,49,72,-23
218000273,21,10,11
218000274,6,6,0
218000275,18,71,-53
218000276,14,68,-54
218000278,39,40,-1
218000279,25,35,-10
218000280,6,16,-10
218000281,32,11,21
218000282,633,350,283
218000284,131,58,73
218000301,174,151,23
218000302,274,81,193
218000303,61,64,-3
218000316,900,2022,-1122
218000317,1086,2085,-999
218000318,517,1478,-961
218000319,1442,2588,-1146
218000320,1028,1391,-363
218000338,161,31,130
218000345,272,56,216
218000346,109,357,-248
218000459,70,525,-455
218000490,147,59,88
218000501,80,55,25
218000502,50,131,-81
218000503,80,31,49
218000504,219,30,189
218000505,86,200,-114
218000506,51,287,-236
218000508,2,7,-5
218000510,261,25,236
218000520,192,153,39
218000521,12,155,-143
218000522,0,196,-196
218000523,322,1,321
218000524,83,277,-194
218000525,228,11,217
218000526,55,182,-127
218000529,10,401,-391
218000530,18,8,10
218000531,14,42,-28
218000532,66,29,37
218000534,122,11,111
218000537,38,119,-81
218000538,485,240,245
218000540,748,84,664
218000543,144,93,51
218000544,62,116,-54
218000545,59,86,-27
218000546,118,209,-91
218000547,158,138,20
218000548,221,266,-45
218000549,477,289,188
218000550,263,655,-392
218000551,327,806,-479
218000552,764,66,698
218000553,33,93,-60
218000554,35,18,17
218000555,30,51,-21
218000556,107,492,-385
218000557,338,228,110
218000558,136,1,135
218000559,1,36,-35
218000560,0,21,-21
218000561,22,0,22
218000562,74,308,-234
218000563,318,28,290
218000564,30,153,-123
218000565,279,32,247
218000566,517,39,478
218000567,2,87,-85
218000568,25,9,16
218000569,15,185,-170
218000570,134,10,124
218000571,1,98,-97
218000572,177,1,176
218000573,20,126,-106
218000574,94,71,23
218000575,224,0,224
218000576,1,91,-90
218000577,483,5,478
218000578,7,100,-93
218000579,226,46,180
218000581,5,125,-120
218000582,67,3,64
218000583,24,0,24
218000584,1,19,-18
218000585,69,5,64
218000586,32,53,-21
218000587,7,2,5
218000588,3,2,1
218000589,2,4,-2
218000590,8,0,8
218000591,2,6,-4
218000592,3,1,2
218000593,0,0,0
218000594,4,1,3
218000595,0,0,0
218000596,0,0,0
218000597,0,0,0
218000598,0,2,-2
218000599,1,0,1
218000600,1,2,-1
218000601,0,1,-1
218000602,0,6,-6
218000603,0,8,-8
218000604,43,11,32
218000605,0,45,-45
218000606,114,1,113
218000607,15,46,-31
218000608,106,40,66
218000609,0,52,-52
218000610,230,7,223
218000611,40,2,38
218000612,3,56,-53
218000613,63,7,56
218000614,16,58,-42
218000615,320,2,318
218000616,22,179,-157
218000617,33,3,30
218000618,0,24,-24
218000619,57,72,-15
218000620,17,27,-10
218000621,0,4,-4
218000622,2,13,-11
218000623,67,4,63
218000624,18,57,-39
218000625,34,8,26
218000626,0,21,-21
218000628,133,53,80
218000631,26,12,14
218000632,2,119,-117
218000633,103,3,100
218000634,1,22,-21
218000635,16,16,0
218000636,1291,2830,-1539
218000637,991,1058,-67
218000638,150,67,83
218000639,28,337,-309
218000640,280,49,231
218000641,110,705,-595
218000652,103,167,-64
218000653,183,82,101
218000663,13,153,-140
218000675,85,44,41
218000676,11,58,-47
218000677,5,14,-9
218000680,151,609,-458
218000681,335,145,190
218000691,131,441,-310
218000693,155,183,-28
218000703,21,98,-77
218000718,1102,976,126
218000719,1755,329,1426
218000720,4,73,-69
218000721,145,11,134
218000725,27,17,10
218001214,30,79,-49
218001329,131,128,3
218001330,129,67,62
218001359,1,0,1
218001360,2,1,1
218001361,0,0,0
218001362,0,0,0
219000001,31,72,-41
219000002,75,102,-27
219000003,49,35,14
219000004,84,76,8
219000017,665,42,623
219000020,204,102,102
219000022,182,14,168
219000023,185,4,181
219000029,1,105,-104
219000034,99,30,69
219000039,53,78,-25
219000040,92,55,37
219000041,150,53,97
219000051,1,114,-113
219000052,0,54,-54
219000053,3,185,-182
219000054,704,618,86
219000055,167,10,157
219000056,36,1,35
219000057,249,0,249
219000062,20,263,-243
219000063,95,15,80
219000064,0,67,-67
219000110,381,73,308
219000111,124,58,66
219000112,287,80,207
219000113,167,80,87
219000114,288,136,152
219000116,101,65,36
219000117,169,153,16
219000118,235,99,136
219000123,392,145,247
219000124,179,97,82
219000125,14,29,-15
219000126,122,126,-4
219000127,1,13,-12
219000128,18,151,-133
219000129,38,192,-154
219000130,1095,1128,-33
219000131,1016,1170,-154
219000133,97,66,31
219000134,20,35,-15
219000135,77,86,-9
219000136,154,272,-118
219000138,109,22,87
219000139,36,76,-40
219000140,49,5,44
219000141,19,169,-150
219000142,25,141,-116
219000143,19,144,-125
219000145,38,84,-46
219000146,2,97,-95
219000147,5,98,-93
219000148,7,137,-130
219000149,20,264,-244
219000150,2,180,-178
219000151,4,82,-78
219000157,231,201,30
219000158,263,456,-193
219000161,268,8,260
219000163,2399,643,1756
219000166,166,258,-92
219000167,128,345,-217
219000168,403,168,235
219000174,518,119,399
219000175,108,9,99
219000176,63,11,52
219000177,44,6,38
219000178,30,0,30
219000179,28,5,23
219000180,34,53,-19
219000182,178,38,140
219000183,87,68,19
219000184,158,11,147
219000185,1,83,-82
219000186,35,100,-65
219000187,33,201,-168
219000189,166,270,-104
219000190,192,344,-152
219000191,2028,1857,171
219000192,251,193,58
219000193,516,172,344
219000195,4,90,-86
219000196,11,202,-191
219000198,35,248,-213
219000199,149,422,-273
219000200,56,374,-318
219000201,128,425,-297
219000203,33,168,-135
219000204,233,282,-49
219000205,82,275,-193
219000207,296,439,-143
219000209,37,143,-106
219000210,277,176,101
219000213,14,395,-381
219000239,299,415,-116
219000240,296,580,-284
219000241,144,402,-258
219000242,142,310,-168
219000243,120,443,-323
219000244,97,185,-88
219000245,70,91,-21
219000246,37,37,0
219000247,145,45,100
219000248,873,484,389
219000249,188,94,94
219000250,200,143,57
219000251,838,271,567
219000252,359,222,137
219000253,435,85,350
219000255,155,131,24
219000256,199,81,118
219000257,279,1,278
219000262,139,287,-148
219000263,68,305,-237
219000267,11,202,-191
219000268,4,13,-9
219000269,27,6,21
219000270,26,1,25
219000271,154,46,108
219000278,0,14,-14
219000279,2,6,-4
219000283,0,11,-11
219000295,16,183,-167
219000296,113,769,-656
219000297,14,256,-242
219000298,13,318,-305
219000299,533,116,417
219000300,43,456,-413
219000301,297,599,-302
219000302,43,389,-346
219000307,67,75,-8
219000308,59,43,16
219000311,191,89,102
219000312,754,87,667
219000313,396,56,340
219000314,111,803,-692
219000315,209,81,128
219000316,602,125,477
219000317,113,46,67
219000320,0,58,-58
219000321,0,21,-21
219000323,11,141,-130
219000325,2,49,-47
219000326,79,152,-73
219000327,119,55,64
219000328,79,83,-4
219000329,400,224,176
219000330,62,43,19
219000331,104,59,45
219000332,87,164,-77
219000333,17,6,11
219000335,122,3,119
219000337,42,2,40
219000338,191,12,179
219000344,24,111,-87
219000345,77,165,-88
219000346,64,214,-150
219000348,163,239,-76
219000349,82,351,-269
219000350,84,240,-156
219000351,28,3,25
219000352,483,79,404
219000353,159,77,82
219000354,181,234,-53
219000355,167,82,85
219000356,2752,1318,1434
219000363,450,75,375
219000364,114,57,57
219000365,158,30,128
219000366,384,624,-240
219000368,753,590,163
219000370,2046,512,1534
219000371,13,33,-20
219000382,13,45,-32
219000383,1124,1363,-239
219000385,955,837,118
219000386,1521,2307,-786
219000387,20,10,10
219000390,21,2,19
219000391,6,1,5
219000397,139,127,12
219000398,89,57,32
219000401,24,161,-137
219000402,53,155,-102
219000403,155,327,-172
219000404,27,156,-129
219000407,1,56,-55
219000409,91,61,30
219000410,115,50,65
219000411,100,36,64
219000446,273,589,-316
219000447,0,28,-28
219000448,26,14,12
219000452,178,84,94
219000453,111,256,-145
219000454,558,298,260
219000556,295,128,167
219000558,223,279,-56
219000590,36,288,-252
219000591,83,119,-36
219000592,215,629,-414
219000595,2,54,-52
219000635,133,106,27
219000636,24,142,-118
219000657,66,27,39
219000658,88,125,-37
219000673,0,7,-7
219000676,150,7,143
219000679,160,6,154
219000684,260,5,255
219000685,2,109,-107
219000686,1,7,-6
219000688,1,131,-130
219000689,48,383,-335
219000690,262,37,225
219000691,60,221,-161
219000692,270,25,245
219000693,0,34,-34
219000694,28,0,28
219000695,23,7,16
219000698,114,38,76
219000699,0,18,-18
219000727,2,239,-237
219000728,169,10,159
219000770,46,3,43
219000771,0,31,-31
219001150,1,43,-42
219001151,2,3,-1
219001166,5,14,-9
219001167,1,94,-93
220000001,104,97,7
220000002,24,239,-215
220000003,929,344,585
220000004,1694,844,850
220000005,2831,2573,258
220000006,346,1317,-971
220000007,530,954,-424
220000008,483,1361,-878
220000009,429,650,-221
220000010,433,299,134
220000011,1604,7484,-5880
220000012,130,1079,-949
220000014,278,55,223
220000015,131,220,-89
220000017,70,682,-612
220000018,11192,3239,7953
220000019,171,464,-293
220000020,698,341,357
220000021,575,284,291
220000022,640,765,-125
220000023,300,282,18
220000024,2561,447,2114
220000025,2007,1368,639
220000026,322,329,-7
220000027,40,178,-138
220000028,44,40,4
220000029,88,451,-363
220000030,232,125,107
220000031,554,534,20
220000064,41,1581,-1540
221000046,8,0,8
221000047,0,5,-5
221000048,1,0,1
221000049,0,11,-11
221000050,17,0,17
221000055,74,102,-28
221000057,94,20,74
221000068,474,190,284
221000069,427,79,348
221000070,276,47,229
221000071,139,7,132
221000072,474,28,446
221000073,252,109,143
221000074,1,41,-40
221000075,53,19,34
221000076,16,47,-31
221000077,66,168,-102
221000081,59,9,50
221000082,65,10,55
221000083,47,8,39
221000084,8,8,0
221000085,41,127,-86
221000086,32,281,-249
221000087,7,282,-275
221000088,21,312,-291
221000089,45,493,-448
221000090,176,779,-603
221000098,136,43,93
221000099,191,33,158
221000100,134,13,121
221000101,248,28,220
221000102,140,19,121
221000109,3,124,-121
221000110,9,201,-192
221000111,31,316,-285
221000112,9,229,-220
221000113,34,293,-259
221000114,16,250,-234
221000120,58,60,-2
221000121,20,36,-16
221000122,135,47,88
221000123,39,11,28
221000124,55,365,-310
221000155,116,25,91
221000156,89,53,36
221000175,2,3,-1
221000176,2,4,-2
221000182,62,12,50
221000241,749,405,344
221000242,292,575,-283
221000243,586,260,326
221000244,398,677,-279
221000245,127,138,-11
221000246,63,367,-304
221000247,112,161,-49
221000248,321,190,131
221000267,96,1120,-1024
221000325,99,83,16
221000331,85,205,-120
221000338,120,52,68
221000378,204,54,150
221000381,88,38,50
222000282,12,0,12
222000296,9,47,-38
222000568,397,24,373
222000569,164,40,124
222000570,210,24,186
222000571,448,23,425
222000577,44,348,-304
222000578,35,340,-305
222000579,65,244,-179
222000580,194,1801,-1607
222000599,2,186,-184
222000600,2,449,-447
222000601,13,1511,-1498
222000603,31,33,-2
222000604,7,30,-23
222000605,37,29,8
222000606,4,14,-10
222000607,18,8,10
222000608,51,7,44
222000609,42,412,-370
222000616,309,64,245
222000617,19,21,-2
222000618,6,9,-3
222000620,80,23,57
222000621,157,10,147
222000623,752,4,748
222000624,386,3,383
222000625,483,53,430
222000636,104,3,101
222000686,31,18,13
222000687,55,71,-16
222001066,575,1,574
222001067,18,11,7
222001068,26,102,-76
222001069,32,114,-82
222001082,8,82,-74
222001083,8,123,-115
222001084,0,28,-28
222001085,1,361,-360
222001111,54,266,-212
222001112,64,112,-48
222001313,79,6,73
222001314,7,230,-223
222001464,130,100,30
222001465,74,164,-90
222001484,150,125,25
222001485,37,55,-18
222001494,382,214,168
222001495,127,519,-392
222001496,265,116,149
222001497,91,816,-725
222001502,30,139,-109
222001503,136,81,55
222001504,38,440,-402
222001505,377,34,343
222001506,55,361,-306
222001507,401,63,338
222001510,443,53,390
222001511,72,617,-545
222001514,795,289,506
222001515,414,1088,-674
222001518,258,113,145
222001519,54,468,-414
222001527,374,115,259
222001528,77,303,-226
222001529,245,74,171
222001530,88,418,-330
222001533,191,617,-426
222001534,325,100,225
222001535,143,268,-125
222001536,99,457,-358
222001537,275,42,233
222001538,84,788,-704
222001563,562,131,431
222001564,70,1072,-1002
222001568,452,182,270
222001576,6,0,6
222001579,0,12,-12
222001583,29,404,-375
222001584,151,17,134
222001596,1342,2264,-922
222001597,3226,398,2828
222001626,0,283,-283
222001650,91,161,-70
222001651,74,266,-192
222001914,262,120,142
222001915,70,430,-360
222900004,482,319,163
222900009,653,1085,-432
222900019,373,408,-35
222900024,17,68,-51
222900025,1,36,-35
225000001,671,315,356
225000002,604,304,300
225000003,491,177,314
225000004,364,601,-237
225000005,62,114,-52
225000006,0,225,-225
225000007,4688,2011,2677
225000010,397,12,385
225000011,758,2398,-1640
225000012,264,1029,-765
225000013,284,311,-27
225000014,2244,165,2079
225000015,168,375,-207
225000021,1154,497,657
225000027,417,930,-513
225000032,1063,290,773
225000042,137,1301,-1164
225000049,71,84,-13
225000050,97,16,81
225000053,7,623,-616
225000058,1143,284,859
225000067,238,318,-80
225000068,168,704,-536
225000069,229,832,-603
225000070,90,834,-744
225000071,53,453,-400
225000075,59,1674,-1615
225000076,139,217,-78
225000078,216,107,109
225000085,56,149,-93
225000086,794,79,715
225000087,335,81,254
225000088,22,310,-288
225000089,420,1221,-801
225000090,54,515,-461
225000091,190,359,-169
225000092,39,105,-66
225000093,269,567,-298
225000094,19,660,-641
225000095,498,827,-329
225000096,439,869,-430
225000098,806,297,509
225000099,463,245,218
225000100,245,226,19
225000104,147,733,-586
225000110,14,795,-781
225000111,477,2001,-1524
225000112,836,1741,-905
225000113,316,932,-616
225000114,185,536,-351
225000115,3848,1005,2843
225000116,1339,295,1044
225000117,1223,738,485
225000118,1371,574,797
225000119,273,190,83
225000120,1006,166,840
225000121,353,48,305
225000123,3912,38,3874
225000125,572,428,144
225000126,1710,412,1298
225000127,1264,1455,-191
225000128,486,936,-450
225000132,357,62,295
225000133,497,47,450
225000134,741,188,553
225000135,85,11,74
225000136,230,24,206
225000137,211,110,101
225000138,544,92,452
225000143,140,287,-147
225000144,7,617,-610
225000145,106,113,-7
225000146,47,155,-108
225000147,20,513,-493
225000148,15,383,-368
225000149,120,726,-606
225000151,33,618,-585
225000155,391,756,-365
225000156,570,1415,-845
225000157,395,533,-138
225000158,185,632,-447
225000171,5,293,-288
225000180,64,31,33
225000181,0,135,-135
225000182,124,33,91
225000185,13,607,-594
225000187,76,692,-616
225000191,158,5,153
225000194,0,13,-13
225000208,4,105,-101
225000209,123,34,89
225000210,9,559,-550
225000217,0,26,-26
225000218,27,2,25
225000223,1,103,-102
225000224,287,1,286
225000225,5,64,-59
225000226,297,4,293
225000227,81,138,-57
225000228,17,20,-3
225000229,1,106,-105
225000230,131,0,131
225000231,0,125,-125
225000232,156,0,156
225000241,104,0,104
225000242,0,50,-50
225000249,272,215,57
225000250,75,1398,-1323
225000251,496,42,454
225000254,45,1,44
225000256,19,86,-67
225000257,1,321,-320
226000042,855,728,127
226000043,173,391,-218
226000044,383,933,-550
226000045,133,647,-514
226000046,644,167,477
226000047,742,165,577
226000048,615,119,496
226000049,596,241,355
226000070,0,138,-138
226000071,0,131,-131
226000072,1,31,-30
226000073,1,37,-36
226000074,0,31,-31
226000084,11,92,-81
226000085,11,17,-6
226000086,2,8,-6
226000087,0,10,-10
226000088,56,41,15
226000090,494,96,398
226000091,34,33,1
226000092,10,16,-6
226000093,27,1,26
226000094,54,3,51
226000095,56,3,53
226000105,85,4,81
226000106,40,1,39
226000107,16,2,14
226000108,64,0,64
226000109,95,1,94
226000124,344,127,217
226000134,529,788,-259
226000135,1261,1217,44
226000136,474,711,-237
226000137,21,817,-796
226000138,15,451,-436
226000139,2,42,-40
226000156,156,8,148
226000157,256,33,223
226000163,181,114,67
226000202,13,940,-927
226000231,256,14,242
226000232,154,6,148
227000033,338,120,218
227000036,284,36,248
227000037,170,39,131
227000038,253,59,194
227000084,1,82,-81
227000085,1,54,-53
227000088,179,5,174
227000089,189,1,188
227000090,178,1,177
227000091,12,2,10
227000092,29,1,28
227000093,182,2,180
227000094,12,0,12
227000130,46,109,-63
227000131,50,260,-210
227000132,18,298,-280
227000133,14,268,-254
227000134,15,519,-504
227000152,0,2,-2
227000153,0,59,-59
227000154,0,24,-24
227000155,1,24,-23
227000156,0,21,-21
227000165,16,29,-13
227000196,372,547,-175
227000199,319,952,-633
227000230,25,942,-917
227000232,510,20,490
227000242,61,591,-530
227000243,565,102,463
227000245,15,477,-462
227000246,124,616,-492
227000247,409,117,292
227000248,96,23,73
227000249,29,274,-245
227000250,744,167,577
227000251,174,215,-41
227000252,28,492,-464
227000253,82,25,57
227000262,272,55,217
227000266,1152,25,1127
227000267,37,3589,-3552
227000282,4,429,-425
227000284,429,37,392
227000286,4,118,-114
227000291,16,992,-976
227000296,459,476,-17
227000484,425,38,387
227000485,32,1232,-1200
227000655,101,24,77
227000656,687,58,629
227000657,56,29,27
227000704,143,27,116
229000265,11,27,-16
229000266,19,0,19
229000267,79,0,79
229000268,107,1,106
229000269,69,0,69
229000274,1,76,-75
229000275,2,53,-51
229000276,0,45,-45
229000277,2,2,0
229000278,3,8,-5
229000295,21,65,-44
229000296,7,14,-7
229000297,23,76,-53
229000298,22,376,-354
229000320,38,41,-3
229000321,37,25,12
229000412,68,116,-48
229000414,11,102,-91
229000415,31,0,31
229000416,3,9,-6
229000417,13,32,-19
229000419,180,552,-372
229000440,445,164,281
229000442,35,16,19
229000443,4,10,-6
229000444,12,48,-36
229000445,89,7,82
229000446,146,21,125
229000491,6,37,-31
229000492,18,201,-183
229000493,4,188,-184
229000494,27,7,20
229000495,105,21,84
229000496,51,12,39
229000507,1,96,-95
229000508,3,37,-34
229000509,1,77,-76
229000510,3,50,-47
229000511,3,104,-101
229000512,0,68,-68
229000513,0,14,-14
229000514,0,9,-9
229000517,0,17,-17
229000518,9,68,-59
229000519,5,16,-11
229000520,16,43,-27
229000521,40,36,4
229000522,11,15,-4
229000523,14,16,-2
229000524,1,2,-1
229000527,2,0,2
229000528,0,0,0
229000529,8,0,8
229000530,63,6,57
229000531,55,3,52
229000532,86,0,86
229000533,113,1,112
229000534,106,1,105
229000564,58,1,57
229000565,15,0,15
229000566,0,21,-21
229000567,4,85,-81
229000582,185,3,182
229000583,13,3,10
229000584,0,51,-51
229000585,4,95,-91
229000718,0,1,-1
229000719,0,2,-2
229000720,0,12,-12
229000721,0,21,-21
229000722,0,38,-38
229000723,0,23,-23
229000724,0,2,-2
229000725,0,14,-14
229000738,9,0,9
229000739,3,0,3
229000740,1,0,1
229000741,7,0,7
229000742,5,0,5
229000743,30,0,30
229000744,8,0,8
229000745,2,0,2
229000746,21,1,20
229000847,64,4,60
229000848,31,1,30
229000849,126,0,126
229000851,53,0,53
229000854,1,89,-88
229000856,7,239,-232
229000857,0,61,-61
229000858,1,205,-204
229000919,32,134,-102
229000930,0,452,-452
229000937,84,30,54
229000966,72,40,32
229000981,19,62,-43
229000985,8,104,-96
229000986,4,12,-8
229000987,0,3,-3
229000988,9,6,3
229000989,48,25,23
229000990,19,1,18
229000991,3,7,-4
229000992,20,35,-15
229000993,371,44,327
229000998,19,94,-75
229000999,86,53,33
229001034,4,35,-31
229001035,26,13,13
229001036,12,109,-97
229001037,70,1,69
229001038,0,6,-6
229001039,8,0,8
229001040,0,197,-197
229001041,121,0,121
229001042,12,55,-43
229001047,9,146,-137
229001050,57,40,17
229001168,0,13,-13
229001200,7,5,2
229001338,10,36,-26
229001394,248,16,232
229001422,115,27,88
229001423,67,227,-160
229001431,77,64,13
229001432,108,111,-3
229001444,160,122,38
229001445,78,362,-284
229001479,11,7,4
229001503,227,131,96
229001504,181,313,-132
229001505,108,32,76
229001506,69,243,-174
229001509,122,13,109
229001510,6,80,-74
229001545,76,9,67
229001546,9,133,-124
229001553,82,15,67
229001554,52,171,-119
229001630,89,24,65
229001631,41,52,-11
229001635,0,20,-20
229001636,2,3,-1
229001658,1,185,-184
229001659,78,1,77
229001660,2,2,0
229001661,2,47,-45
229001662,63,1,62
229001663,0,23,-23
229002584,356,414,-58
229002831,485,298,187
229002841,18,34,-16
229002842,30,31,-1
229002843,140,59,81
229002844,146,89,57
229002845,42,70,-28
229002846,24,54,-30
229002847,39,20,19
229002848,27,25,2
229002849,22,108,-86
229002850,5,3,2
229002851,151,137,14
229002852,169,50,119
229002853,218,20,198
229002854,146,59,87
229002855,18,27,-9
229002856,66,20,46
229002857,6,44,-38
229002858,23,24,-1
229002859,193,22,171
229002860,170,19,151
229002861,135,44,91
229002862,50,143,-93
229002863,56,41,15
229002864,25,79,-54
229002865,19,34,-15
229002866,17,39,-22
229002867,19,27,-8
229002868,14,15,-1
229002869,30,249,-219
229002870,70,18,52
235000066,418,81,337
235000067,157,136,21
235000072,44,97,-53
235000073,108,482,-374
235000074,73,118,-45
235000080,42,128,-86
235000081,118,250,-132
235000082,248,111,137
235000083,250,159,91
235000084,99,72,27
235000085,105,53,52
235000089,32,45,-13
235000092,21,210,-189
235000093,15,4,11
235000097,6,15,-9
235000098,74,11,63
235000099,44,41,3
235000116,54,27,27
235000117,1026,29,997
235000133,21,484,-463
235000134,19,156,-137
235000206,5,8,-3
235000207,0,2,-2
235000208,12,5,7
235000209,21,0,21
235000210,5,0,5
235000212,4,40,-36
235000213,1,13,-12
235000220,1,4,-3
235000221,124,6,118
235000238,32,34,-2
235000239,0,7,-7
235000242,344,611,-267
235000245,1233,239,994
235000246,22,79,-57
235000284,8,116,-108
235000295,103,12,91
235000305,190,14,176
235000306,129,8,121
235000307,24,1,23
235000308,37,1,36
235000309,59,0,59
235000310,105,1,104
235000311,187,8,179
235000322,1,43,-42
235000323,0,73,-73
235000324,1,15,-14
235000325,2,7,-5
235000326,6,305,-299
235000351,7,72,-65
235000352,62,66,-4
235000353,3,41,-38
235000354,5,29,-24
235000355,10,95,-85
235000356,107,4,103
235000357,32,2,30
235000358,54,7,47
235000359,13,7,6
235000360,115,50,65
235000361,108,16,92
235000381,49,437,-388
235000382,175,73,102
235000390,8,2,6
235000391,103,22,81
235000392,123,286,-163
235000393,106,136,-30
235000395,121,54,67
235000396,394,94,300
235000400,359,53,306
235000401,128,275,-147
235000405,171,446,-275
235000406,90,410,-320
235000407,104,149,-45
235000409,252,217,35
235000410,45,388,-343
235000411,2,107,-105
235000485,0,17,-17
235000486,12,0,12
235000549,65,178,-113
235000550,49,326,-277
235000599,82,64,18
235000600,11,13,-2
235000601,22,42,-20
235000602,53,98,-45
235000614,2,1,1
235000648,1,25,-24
235000649,31,11,20
235000685,0,3,-3
235000815,21,29,-8
235000834,0,7,-7
235000855,47,52,-5
235000862,94,378,-284
235000891,0,27,-27
235000892,100,57,43
235000901,154,175,-21
235000907,4,9,-5
235001010,49,135,-86
235001029,862,546,316
235001030,412,348,64
235001078,112,126,-14
235001079,137,169,-32
235001147,12,99,-87
235001166,21,79,-58
235001167,27,85,-58
235001169,38,446,-408
235001188,4,11,-7
235001189,5,0,5
235001197,45,9,36
235001200,63,34,29
235001208,28,30,-2
235001209,50,107,-57
235001210,37,297,-260
235001239,1,45,-44
235001244,1,8,-7
235016267,0,42,-42
241900007,82,0,82
277101746,0,2,-2
277102712,0,0,0
277103813,0,0,0
277103814,0,1,-1
277103898,0,11,-11
990011530,1,332,-331
990014944,2,764,-762
990015176,100,13,87
990015618,0,171,-171
990016032,4,985,-981
990032570,9,469,-460
990070001,91,1,90
990070103,0,1,-1
990070601,1,97,-96
990070751,526,2,524
990070766,3,813,-810
990071180,1129,412,717
990071343,55,2,53
990071387,0,15,-15
990071823,769,1,768
990072600,1,1077,-1076
990072964,3,1051,-1048
990073285,0,1,-1
990074393,7,1846,-1839
990074870,1041,7,1034
990075106,968,7,961
990075746,472,5,467
990076437,1374,6,1368
990076458,6,1673,-1667
997000007,302,7,295
997000041,0,207,-207
997000058,34,3,31
997000062,189,1,188
997000069,0,9,-9
997000070,0,119,-119
997000100,37,0,37
997000141,23,3493,-3470
997000198,12,1567,-1555
998000475,3,42,-39
998000736,1,432,-431
998000965,0,19,-19
998001031,0,82,-82
998001700,0,41,-41
998001899,0,2,-2
998001900,3,4,-1
998003073,4317,13,4304
998101900,0,0,0
998102850,8,117,-109
998501927,892,653,239
998501929,123,32,91
998501930,71,0,71
998501931,185,22,163
998501932,3,0,3
998501933,111,2,109
998501937,3,0,3
998501944,2,1,1
998501970,67,4,63
998501971,0,121,-121
998501972,772,9,763
998501973,0,122,-122
998501974,2,364,-362
998501975,809,14,795
998501976,182,4,178
998501977,0,22,-22
998501978,47,0,47
998501979,0,18,-18
998501980,424,18,406
998501981,23,15,8
998501982,0,256,-256
998502006,0,0,0
998502024,0,7,-7
998502032,0,3,-3
998502062,38,2,36
998502063,0,0,0
998502173,13,0,13
998502269,0,0,0
998601159,3,259,-256
998601292,0,21,-21
999033574,0,181,-181
999800001,65,2,63
999800002,0,5,-5
999800003,0,1,-1
999800004,0,9,-9
999800005,0,18,-18
