ID,insum,outsum,diff
100000001,745,1394,-649
100000002,3242,2970,272
100000003,7254,6042,1212
100000004,1540,1521,19
100000005,2961,6428,-3467
100000006,639,207,432
100000007,2071,902,1169
100000008,246,669,-423
100000009,642,315,327
100000010,69,105,-36
100000011,1169,126,1043
100000012,88,819,-731
100000013,60,278,-218
100000014,414,409,5
100000015,2328,2673,-345
100000016,1028,1823,-795
100000017,586,1155,-569
100000018,1415,838,577
100000019,4428,2821,1607
100000020,2476,7361,-4885
100000021,5539,3235,2304
100000022,1533,3040,-1507
100000023,5611,2733,2878
100000025,1361,1862,-501
100000028,1458,1733,-275
100000029,207,519,-312
100000030,241,102,139
100000031,5220,8140,-2920
100000032,2117,4618,-2501
100000033,1060,2840,-1780
100000034,385,759,-374
100000035,1393,2079,-686
100000036,1979,1788,191
100000037,816,504,312
100000038,2616,1168,1448
100000039,704,391,313
100000040,311,195,116
100000041,1773,631,1142
100000042,1525,599,926
100000043,1092,447,645
100000044,438,984,-546
100000045,610,1509,-899
100000046,871,1030,-159
100000047,379,506,-127
100000048,537,626,-89
100000049,1582,1526,56
100000051,497,920,-423
100000053,282,21,261
100000054,618,74,544
100000055,1532,290,1242
100000056,667,436,231
100000057,2516,757,1759
100000058,1049,1144,-95
100000059,27,130,-103
100000060,579,377,202
100000061,3153,683,2470
100000062,2293,655,1638
100000063,1072,270,802
100000064,1601,325,1276
100000065,420,753,-333
100000066,222,622,-400
100000067,543,629,-86
100000068,566,1712,-1146
100000069,327,1313,-986
100000072,259,872,-613
100000073,1154,1103,51
100000075,830,307,523
100000076,2030,3580,-1550
100000077,243,362,-119
100000078,69,56,13
100000079,54,98,-44
100000080,39,66,-27
100000081,224,227,-3
100000102,2949,3372,-423
100000103,2599,1951,648
100000104,4167,3112,1055
100000105,2681,2290,391
100000106,2927,3485,-558
100000107,571,1488,-917
100000108,787,1397,-610
100000109,1952,1717,235
100000116,1363,1332,31
100000117,92,174,-82
100000118,1218,1701,-483
100000119,704,983,-279
100000121,294,483,-189
100000122,948,1606,-658
100000123,2843,5331,-2488
100000124,4542,7947,-3405
100000125,4440,2385,2055
100000126,891,647,244
100000127,1577,541,1036
100000128,1216,3097,-1881
100000129,492,509,-17
100000130,612,540,72
100000131,2457,3276,-819
100000132,1615,3922,-2307
100000133,4716,2506,2210
100000135,727,1347,-620
100000139,399,442,-43
100000140,439,423,16
100000142,579,620,-41
100000143,1016,463,553
100000144,3208,861,2347
100000147,1423,3970,-2547
100000150,73,450,-377
100000151,1367,1639,-272
100000153,361,602,-241
100000154,69,387,-318
100000155,21,69,-48
100000156,542,588,-46
100000157,223,186,37
100000158,392,136,256
100000159,166,834,-668
100000165,1450,1010,440
100000169,264,1014,-750
100000174,831,1130,-299
100000179,88,805,-717
100000180,2388,2607,-219
100000181,1551,274,1277
100000188,82,208,-126
100000189,1207,488,719
100000190,736,1193,-457
100000191,843,767,76
100000192,97,129,-32
100000193,408,221,187
100000330,1429,1212,217
100000355,268,732,-464
100000362,4351,2896,1455
100000363,5300,5374,-74
100000364,188,321,-133
100000365,6937,8647,-1710
100000366,5388,3391,1997
100000367,6190,8388,-2198
100000368,2410,1591,819
100000369,1253,2466,-1213
100000370,260,1131,-871
100000376,79,224,-145
100000379,2466,2261,205
100000380,4677,6092,-1415
100000384,6645,7002,-357
100000385,4431,6093,-1662
100000386,7798,7433,365
100000387,5392,7440,-2048
100000388,7782,9163,-1381
100000389,9274,9054,220
100000390,12159,9176,2983
100000391,8130,13667,-5537
100000392,3340,5304,-1964
100000393,3082,7049,-3967
100000394,8415,11552,-3137
100000395,6528,5536,992
100000396,7541,4547,2994
100000397,5430,8564,-3134
100000398,11456,8631,2825
100900002,11,30,-19
100900003,456,240,216
100900004,40,975,-935
100900005,138,27,111
100900006,29,67,-38
100900007,456,18,438
100900008,1,401,-400
100900009,100,141,-41
100900010,103,56,47
100900011,148,174,-26
100900012,2,179,-177
100900013,1003,17,986
100900014,9,13,-4
100900015,134,110,24
100900016,2,30,-28
100900017,1235,142,1093
100900018,0,19,-19
100900019,45,121,-76
100900020,373,9,364
100900021,530,3,527
100900022,20,62,-42
100900023,0,44,-44
100900024,709,8,701
100900025,25,30,-5
100900026,185,101,84
100900027,756,3533,-2777
100900028,122,320,-198
100900029,42,8,34
100900030,0,136,-136
100900031,826,86,740
100900032,377,1,376
100900033,283,360,-77
100900034,754,1,753
100900035,414,1,413
100900036,13,1,12
100900037,185,168,17
100900038,105,46,59
100900039,261,376,-115
100900040,640,560,80
100900041,1207,598,609
100900042,1463,2243,-780
100900043,0,21,-21
100900044,1917,709,1208
100900045,5,1,4
100900046,1710,28,1682
100900047,770,308,462
100900048,179,55,124
100900049,81,159,-78
100900050,4,14,-10
100900051,119,128,-9
100900052,451,51,400
100900053,524,22,502
100900054,12,48,-36
100900055,358,877,-519
100900056,111,202,-91
100900057,2233,1214,1019
100900058,346,51,295
100900059,143,7,136
100900060,265,6,259
100900061,409,226,183
100900062,10,40,-30
100900063,340,817,-477
100900064,937,33,904
100900065,102,147,-45
100900066,187,187,0
100900067,3,23,-20
100900068,207,131,76
100900069,326,9,317
100900070,462,15,447
100900071,781,328,453
100900072,1,29,-28
100900073,194,413,-219
100900074,2,15,-13
100900075,1907,442,1465
100900076,18,43,-25
100900077,33,60,-27
100900078,111,484,-373
100900079,28,14,14
100900080,52,170,-118
100900081,34,173,-139
100900082,217,466,-249
100900083,14,33,-19
100900085,8,521,-513
100900086,186,661,-475
100900088,170,406,-236
100900089,2,9,-7
100900090,130,831,-701
100900091,11,33,-22
100900092,239,191,48
100900093,309,331,-22
100900094,210,425,-215
100900095,6,29,-23
100900096,54,136,-82
100900097,1,14,-13
100900098,19,18,1
100900099,50,576,-526
100900100,18,760,-742
100900101,384,72,312
100900102,88,162,-74
100900103,15,4,11
100900104,14,174,-160
100900105,35,730,-695
100900106,51,12,39
100900107,2069,933,1136
100900108,8,68,-60
100900109,21,34,-13
100900110,7,23,-16
100900111,70,257,-187
100900112,11,13,-2
100900113,18,44,-26
100900114,13,23,-10
100900115,17,48,-31
100900116,874,693,181
100900117,468,1115,-647
100900118,243,171,72
100900119,29,14,15
100900120,9,6,3
100900121,458,608,-150
100900122,154,185,-31
100900123,216,172,44
100900124,23,12,11
100900125,24,91,-67
100900126,226,183,43
100900127,10,7,3
100900128,75,202,-127
100900129,1,183,-182
100900131,91,303,-212
100900133,61,62,-1
100900134,3,4,-1
100900135,0,218,-218
100900137,428,188,240
100900138,549,593,-44
100900139,4,1,3
100900140,6,503,-497
100900141,10,720,-710
100900142,0,8,-8
100900143,821,622,199
100900144,35,11,24
100900145,79,246,-167
100900146,14,63,-49
100900147,12,892,-880
100900148,24,449,-425
100900149,21,423,-402
100900150,6,54,-48
100900151,168,540,-372
100900152,215,9,206
100900153,11,292,-281
100900154,13,110,-97
100900155,10,19,-9
100900156,21,11,10
100900157,20,255,-235
100900158,689,181,508
100900159,3,44,-41
100900160,48,2,46
100900161,45,11,34
100900162,54,425,-371
100900163,143,168,-25
100900164,69,61,8
100900165,18,21,-3
100900166,30,13,17
100900167,12,105,-93
100900168,81,193,-112
100900169,109,989,-880
100900170,32,10,22
100900171,18,504,-486
100900172,1,60,-59
100900173,18,339,-321
100900174,406,53,353
100900176,2000,288,1712
100900177,709,353,356
100900178,309,122,187
100900179,234,472,-238
100900180,5,1,4
100900181,115,109,6
100900182,69,64,5
100900184,20,134,-114
100900186,674,468,206
100900187,19,81,-62
100900188,51,11,40
100900189,1646,268,1378
100900191,1095,1350,-255
100900192,243,462,-219
100900195,127,216,-89
100900197,9,43,-34
100900198,43,162,-119
100900199,12,15,-3
100900200,816,476,340
100900201,81,894,-813
100900202,98,1,97
100900203,0,140,-140
100900204,315,895,-580
100900205,208,597,-389
100900206,231,96,135
100900207,340,152,188
100900210,58,406,-348
100900211,600,150,450
100900213,168,49,119
100900214,730,122,608
100900215,13,57,-44
101000001,3875,2499,1376
101000002,6844,7433,-589
101000003,519,1579,-1060
101000004,8270,6875,1395
101000005,5063,5681,-618
101000006,7268,7411,-143
101000007,4094,4736,-642
101000008,2740,2612,128
101000009,2583,1274,1309
101000010,1022,891,131
101000011,1414,616,798
101000012,996,811,185
101000013,695,1327,-632
101000014,460,613,-153
101000015,1460,1048,412
101000016,374,604,-230
101000017,563,580,-17
101000018,2445,2737,-292
101000020,2145,1281,864
101000021,848,557,291
101000022,286,133,153
101000023,1246,709,537
101000025,279,460,-181
101000026,259,48,211
101000027,2651,3177,-526
101000028,47,70,-23
101000029,262,2134,-1872
101000030,2252,211,2041
101000031,1278,1455,-177
101000032,9000,5749,3251
101000033,2263,4280,-2017
101000034,2034,2011,23
101000035,1074,597,477
101000036,1708,1171,537
101000037,2438,2130,308
101000039,2428,3722,-1294
101000040,3298,4682,-1384
101000041,9752,10436,-684
101000042,556,1729,-1173
101000043,7539,11178,-3639
101000045,1634,1207,427
101000046,4223,2484,1739
101000047,2592,5649,-3057
101000048,795,693,102
101000049,669,2358,-1689
101000050,2355,3177,-822
101000051,1819,3443,-1624
101000052,1614,1273,341
101000053,1172,1378,-206
101000054,2411,1397,1014
101000055,1528,1648,-120
101000056,37,95,-58
101000057,2054,1643,411
101000058,1260,1578,-318
101000059,2215,2622,-407
101000060,1799,940,859
101000061,994,1641,-647
101000062,784,869,-85
101000063,568,1194,-626
101000064,979,1205,-226
101000065,431,664,-233
101000066,1347,1239,108
101000067,1542,1383,159
101000068,366,622,-256
101000069,322,126,196
101000070,950,1211,-261
101000071,2294,1108,1186
101000072,932,3821,-2889
101000073,970,1531,-561
101000074,5895,5406,489
101000075,4565,7004,-2439
101000077,1838,1573,265
101000078,1051,2087,-1036
101000079,771,468,303
101000080,620,680,-60
101000081,2085,1919,166
101000082,3318,2903,415
101000083,3273,2411,862
101000084,1573,811,762
101000085,1695,1169,526
101000086,1149,1147,2
101000087,887,1063,-176
101000088,1586,1287,299
101000089,1368,1650,-282
101000090,2047,1262,785
101000091,530,781,-251
101000092,1419,930,489
101000093,1698,812,886
101000094,1227,1000,227
101000095,567,703,-136
101000096,506,547,-41
101000097,447,490,-43
101000098,437,537,-100
101000099,1109,1209,-100
101000100,1059,1105,-46
101000101,368,530,-162
101000102,850,636,214
101000103,1036,660,376
101000104,456,708,-252
101000105,306,496,-190
101000106,706,1362,-656
101000107,332,387,-55
101000108,708,277,431
101000109,484,119,365
101000110,50,397,-347
101000111,120,214,-94
101000113,305,803,-498
101000114,10115,9828,287
101000115,68,96,-28
101000116,128,109,19
101000117,1566,268,1298
101000119,84,119,-35
101000120,190,79,111
101000121,54,92,-38
101000122,154,182,-28
101000123,54,121,-67
101000124,571,278,293
101000125,182,456,-274
101000128,532,703,-171
101000130,222,385,-163
101000131,978,518,460
101000132,879,928,-49
101000135,34,48,-14
101000136,451,220,231
101000137,32,416,-384
101000141,1374,3899,-2525
101000147,632,340,292
101000148,951,47,904
101000149,67,160,-93
101000150,114,577,-463
101000151,334,42,292
101000152,308,269,39
101000153,465,274,191
101000154,345,935,-590
101000155,462,176,286
101000156,17,336,-319
101000157,101,40,61
101000160,47,45,2
101000163,255,430,-175
101000164,373,262,111
101000165,283,410,-127
101000166,304,421,-117
101000168,1019,452,567
101000252,2485,1002,1483
101000254,381,167,214
101000258,41,8,33
101000261,134,61,73
101000262,1376,3529,-2153
101000263,508,1554,-1046
101000265,93,943,-850
101000266,383,463,-80
101000269,42,24,18
101000290,1449,3310,-1861
101000293,26,65,-39
101000294,874,486,388
101000295,200,393,-193
101000301,602,622,-20
101000304,2263,2968,-705
101000305,2968,1642,1326
101900001,20,31,-11
101900002,0,12,-12
101900003,34,92,-58
101900004,1,74,-73
101900005,3106,3256,-150
101900006,1473,122,1351
101900007,957,330,627
101900008,108,357,-249
101900009,96,496,-400
101900010,854,856,-2
101900011,308,1378,-1070
101900012,356,278,78
101900013,802,208,594
101900017,12,108,-96
101900018,611,150,461
101900019,239,145,94
101900020,669,215,454
101900021,3,70,-67
101900022,183,914,-731
101900023,127,182,-55
102000001,2925,5296,-2371
102000002,3108,1077,2031
102000003,3449,8152,-4703
102000004,6106,3135,2971
102000005,1430,2548,-1118
102000006,1179,2109,-930
102000007,2031,5194,-3163
102000008,4224,1676,2548
102000009,7607,9095,-1488
102000010,5422,3489,1933
102000011,4018,3503,515
102000012,3434,3390,44
102000018,3221,3157,64
102000019,2297,1849,448
102000026,229,525,-296
102000029,355,215,140
102000030,137,398,-261
102000031,82,142,-60
102000032,562,269,293
102000033,272,393,-121
102000034,617,487,130
102000035,1256,818,438
102000036,22,271,-249
102000037,140,55,85
102000038,208,437,-229
102000039,242,120,122
102000040,451,293,158
102000041,204,466,-262
102000042,252,408,-156
102000043,255,230,25
102000044,321,492,-171
102000045,817,862,-45
102000046,1437,757,680
102000047,922,1016,-94
102000048,552,831,-279
102000049,1133,903,230
102000050,1298,1281,17
102000051,521,786,-265
102000052,1361,831,530
102000053,1089,1070,19
102000054,706,1101,-395
102000055,1467,522,945
102000056,1175,942,233
102000057,1766,681,1085
102000058,1369,1304,65
102000059,1423,1595,-172
102000060,1208,1022,186
102000061,1978,1858,120
102000062,2356,1087,1269
102000063,1208,1423,-215
102000064,486,660,-174
102000065,52,131,-79
102000066,739,1073,-334
102000067,2459,3260,-801
102000068,9167,2885,6282
102000069,110,2179,-2069
102000070,1270,40,1230
102000071,6559,8556,-1997
102000072,3119,4039,-920
102000073,1541,1220,321
102000074,825,1677,-852
102000075,146,350,-204
102000076,215,388,-173
102000077,732,606,126
102000078,1054,694,360
102000079,224,247,-23
102000080,317,246,71
102000081,364,781,-417
102000082,622,378,244
102000083,827,307,520
102000084,466,261,205
102000085,2173,1017,1156
102000086,1480,1172,308
102000087,943,1503,-560
102000088,349,354,-5
102000089,1488,498,990
102000090,597,1321,-724
102000091,1361,768,593
102000092,406,716,-310
102000093,498,757,-259
102000094,916,776,140
102000095,959,1399,-440
102000096,803,968,-165
102000097,941,1035,-94
102000098,568,890,-322
102000099,930,912,18
102000100,518,1310,-792
102000101,800,745,55
102000102,278,1419,-1141
102000103,1232,484,748
102000104,593,329,264
102000105,302,439,-137
102000106,899,530,369
102000107,1684,480,1204
102000108,723,174,549
102000109,534,540,-6
102000110,1231,959,272
102000111,9,257,-248
102000112,186,111,75
102000113,19,28,-9
102000114,693,335,358
102000115,256,301,-45
102000116,397,515,-118
102000117,156,522,-366
102000118,1235,1380,-145
102000119,1326,820,506
102000120,219,522,-303
102000121,1296,665,631
102000122,922,1051,-129
102000123,1449,1572,-123
102000124,1679,1234,445
102000125,1033,1123,-90
102000126,926,783,143
102000127,1447,869,578
102000128,946,1064,-118
102000129,1593,799,794
102000130,771,1025,-254
102000131,2541,1058,1483
102000132,1132,1491,-359
102000133,2438,1517,921
102000134,960,778,182
102000135,809,1007,-198
102000136,1183,691,492
102000137,998,1077,-79
102000138,275,542,-267
102000139,148,477,-329
102000140,211,549,-338
102000141,440,851,-411
102000142,467,364,103
102000143,156,344,-188
102000144,368,337,31
102000145,364,479,-115
102000146,519,336,183
102000147,809,505,304
102000148,271,692,-421
102000149,205,365,-160
102000150,555,129,426
102000151,91,250,-159
102000152,242,137,105
102000153,1209,584,625
102000154,231,588,-357
102000155,90,363,-273
102000156,332,143,189
102000157,113,421,-308
102000158,278,299,-21
102000159,914,426,488
102000161,3297,2470,827
102000162,204,188,16
102000163,94,596,-502
102000164,870,1368,-498
102000165,350,190,160
102000166,147,185,-38
102000167,320,300,20
102000168,372,205,167
102000169,129,565,-436
102000170,494,307,187
102000171,278,442,-164
102000172,285,631,-346
102000173,561,372,189
102000174,109,89,20
102000175,187,78,109
102000176,145,34,111
102000178,236,536,-300
102000179,401,317,84
102000180,994,443,551
102000181,949,453,496
102000182,661,508,153
102000183,2068,1477,591
102000184,2124,750,1374
102000185,3202,1221,1981
102000186,1402,1500,-98
102000187,932,1209,-277
102000188,1146,1392,-246
102000189,2043,701,1342
102000190,753,2981,-2228
102000191,1293,455,838
102000192,1269,1564,-295
102000193,114,124,-10
102000194,82,133,-51
102000195,400,463,-63
102000196,323,331,-8
102000197,873,356,517
102000198,295,567,-272
102000199,1110,302,808
102000200,393,905,-512
102000201,1293,419,874
102000202,7,112,-105
102000203,405,201,204
102000204,569,660,-91
102000205,1306,412,894
102000206,850,596,254
102000207,761,547,214
102000208,432,506,-74
102000209,68,65,3
102000210,432,348,84
102000211,573,300,273
102000212,477,13,464
102000213,4,236,-232
102000214,363,11,352
102000215,7,310,-303
102000216,78,90,-12
102000217,2,122,-120
102000218,302,181,121
102000219,344,251,93
102000225,444,707,-263
102000226,3228,1626,1602
102000227,223,2,221
102000228,0,103,-103
102000229,39,64,-25
102000230,318,422,-104
102000231,377,420,-43
102000232,21,149,-128
102000233,492,719,-227
102000234,168,1137,-969
102000236,320,87,233
102000237,447,130,317
102000238,188,268,-80
102000240,432,629,-197
102000241,224,157,67
102000243,27,70,-43
102000245,16,94,-78
102000246,4,44,-40
102000247,228,493,-265
102000248,256,607,-351
102000249,133,151,-18
102000250,84,258,-174
102000254,168,260,-92
102000266,48,403,-355
102000271,22,0,22
102000286,430,349,81
102000297,2019,1162,857
102000300,0,0,0
102000301,0,0,0
102000305,0,0,0
102000306,0,0,0
102000307,0,3,-3
102000308,0,2,-2
102900001,1438,732,706
102900002,390,54,336
102900003,82,184,-102
102900005,427,276,151
102900006,684,167,517
102900007,708,25,683
102900008,250,60,190
102900009,529,420,109
102900010,313,805,-492
102900011,1638,439,1199
102900012,456,104,352
102900013,39,65,-26
102900015,653,634,19
102900016,64,96,-32
102900017,238,506,-268
102900018,53,96,-43
102900019,507,596,-89
102900020,209,60,149
102900021,52,87,-35
102900022,521,257,264
102900023,28,32,-4
102900024,49,73,-24
102900025,206,106,100
102900026,485,2021,-1536
102900027,99,75,24
102900028,213,859,-646
102900029,178,192,-14
102900030,467,358,109
102900031,274,168,106
102900032,137,120,17
102900033,202,166,36
102900034,607,88,519
102900035,201,339,-138
102900036,380,350,30
102900037,440,400,40
102900038,451,443,8
102900039,34,558,-524
102900040,254,323,-69
102900041,108,187,-79
102900042,210,258,-48
102900043,178,261,-83
102900044,641,1846,-1205
102900045,176,494,-318
102900046,188,195,-7
102900047,136,569,-433
102900048,620,394,226
102900049,156,364,-208
102900050,306,337,-31
102900051,244,144,100
102900052,55,61,-6
102900053,383,726,-343
102900054,597,1330,-733
102900055,161,215,-54
102900056,130,369,-239
102900057,9,74,-65
102900058,407,80,327
102900059,30,54,-24
102900060,147,420,-273
102900061,227,385,-158
102900062,326,702,-376
102900063,1383,384,999
102900064,188,480,-292
102900065,1329,500,829
102900066,403,28,375
102900068,97,64,33
102900070,284,530,-246
102900072,14,42,-28
102900073,180,9,171
102900074,234,288,-54
102900075,27,41,-14
102900076,140,164,-24
102900077,23,41,-18
102900078,46,70,-24
102900079,248,5,243
102900080,594,62,532
102900081,78,297,-219
102900082,12,216,-204
102900083,170,7,163
102900084,10,42,-32
102900085,397,145,252
102900086,28,79,-51
102900087,154,105,49
102900088,71,30,41
102900089,260,118,142
102900090,2,265,-263
102900091,200,3,197
102900092,526,809,-283
102900093,262,292,-30
102900094,6,201,-195
102900095,206,2,204
102900096,63,19,44
102900097,6,89,-83
103000001,2555,2446,109
103000002,2151,2519,-368
103000003,3575,2995,580
103000004,803,639,164
103000005,1935,3103,-1168
103000006,867,1376,-509
103000007,434,684,-250
103000008,1223,681,542
103000009,1563,1170,393
103000010,206,97,109
103000011,1607,1325,282
103000012,1872,1581,291
103000013,3834,2100,1734
103000014,1746,3050,-1304
103000015,1648,697,951
103000016,505,1547,-1042
103000017,249,430,-181
103000018,857,303,554
103000019,370,298,72
103000020,2580,1540,1040
103000021,2067,2168,-101
103000022,867,1184,-317
103000023,737,1955,-1218
103000024,97,116,-19
103000025,151,719,-568
103000026,744,149,595
103000027,271,682,-411
103000028,311,404,-93
103000029,234,293,-59
103000030,1471,1173,298
103000031,1301,2250,-949
103000032,2498,1780,718
103000033,3290,2982,308
103000034,1856,1247,609
103000035,612,1594,-982
103000036,395,554,-159
103000037,565,573,-8
103000038,641,1223,-582
103000039,571,342,229
103000040,519,811,-292
103000041,1611,1996,-385
103000042,1488,461,1027
103000043,809,764,45
103000044,352,193,159
103000046,423,482,-59
103000047,641,556,85
103000048,211,249,-38
103000049,113,134,-21
103000050,817,482,335
103000051,667,542,125
103000052,842,345,497
103000053,234,591,-357
103000054,3016,1334,1682
103000055,2114,2122,-8
103000056,1003,1144,-141
103000057,1048,274,774
103000058,840,830,10
103000059,573,836,-263
103000060,915,551,364
103000061,485,834,-349
103000062,1351,461,890
103000063,1006,947,59
103000064,179,162,17
103000065,16,337,-321
103000066,306,15,291
103000069,462,278,184
103000070,1197,704,493
103000071,1546,521,1025
103000072,156,641,-485
103000073,752,152,600
103000074,893,106,787
103000075,110,576,-466
103000076,426,482,-56
103000077,43,336,-293
103000078,918,792,126
103000079,660,617,43
103000080,966,431,535
103000081,501,1034,-533
103000082,521,208,313
103000083,106,272,-166
103000084,109,12,97
103000085,2,101,-99
103000086,618,541,77
103000087,189,517,-328
103000088,208,284,-76
103000089,361,570,-209
103000090,2407,797,1610
103000091,666,415,251
103000092,300,241,59
103000093,284,331,-47
103000094,220,91,129
103000095,60,305,-245
103000096,628,89,539
103000097,86,652,-566
103000098,835,177,658
103000099,233,662,-429
103000100,127,618,-491
103000101,1178,132,1046
103000102,139,471,-332
103000103,872,148,724
103000104,63,76,-13
103000105,188,59,129
103000106,17,128,-111
103000107,297,49,248
103000108,890,625,265
103000109,431,421,10
103000110,510,524,-14
103000111,516,584,-68
103000112,406,179,227
103000113,616,662,-46
103000114,1549,592,957
103000115,822,466,356
103000116,752,404,348
103000117,417,457,-40
103000118,674,602,72
103000119,1077,538,539
103000120,78,137,-59
103000121,150,407,-257
103000122,352,375,-23
103000125,44,250,-206
103000126,707,4,703
103000127,3,160,-157
103000128,217,1,216
103000129,2,135,-133
103000130,72,34,38
103000131,124,133,-9
103000132,83,154,-71
103000133,13,142,-129
103000134,421,935,-514
103000135,564,235,329
103000136,661,441,220
103000137,537,552,-15
103000138,673,706,-33
103000139,5,63,-58
103000140,149,55,94
103000141,86,111,-25
103000142,176,95,81
103000143,57,147,-90
103000144,261,63,198
103000145,61,245,-184
103000150,79,43,36
103000152,196,203,-7
103000153,259,159,100
103000156,6,272,-266
103000157,530,4,526
103000159,170,53,117
103000162,45,9,36
103000163,17,24,-7
103000164,7,12,-5
103000165,124,191,-67
103000166,272,323,-51
103000167,241,114,127
103000168,161,177,-16
103000169,214,478,-264
103000170,1131,358,773
103000171,45,108,-63
103000172,943,780,163
103000173,791,356,435
103000174,266,355,-89
103000175,510,236,274
103000176,1048,687,361
103000177,569,454,115
103000178,256,362,-106
103000179,219,32,187
103000183,190,24,166
103000185,136,26,110
103000186,200,133,67
103000187,775,315,460
103000188,14,88,-74
103000189,781,683,98
103000191,713,660,53
103000292,1191,1964,-773
103000293,1069,2900,-1831
103000295,137,142,-5
103000296,403,4,399
103000297,53,89,-36
103000504,62,16,46
103000505,7,47,-40
103000506,1,168,-167
103000507,232,5,227
103000508,64,114,-50
103000509,211,491,-280
103900001,1,160,-159
103900002,1063,233,830
103900003,1395,230,1165
103900004,216,3,213
103900005,4,170,-166
103900006,2,0,2
103900007,23,24,-1
103900008,16,4,12
103900009,371,527,-156
103900010,142,389,-247
103900011,491,180,311
103900012,29,21,8
103900013,66,59,7
103900014,67,22,45
103900015,76,13,63
103900016,445,209,236
103900017,38,65,-27
103900018,479,221,258
103900019,87,402,-315
103900020,222,570,-348
103900021,342,31,311
103900022,1115,585,530
103900023,191,3,188
103900024,108,499,-391
103900025,22,53,-31
103900026,9,0,9
103900027,953,202,751
103900028,39,312,-273
103900029,1122,110,1012
103900030,317,126,191
103900031,41,0,41
103900032,102,63,39
103900033,124,24,100
103900034,23,94,-71
103900035,72,69,3
103900036,40,32,8
103900037,114,108,6
103900038,115,195,-80
103900039,105,230,-125
103900040,10,173,-163
103900041,64,82,-18
103900042,115,222,-107
103900043,253,64,189
103900044,108,251,-143
103900045,523,177,346
103900047,87,22,65
103900048,86,40,46
103900049,207,1158,-951
103900050,16,156,-140
103900051,0,55,-55
103900052,274,347,-73
103900053,208,481,-273
103900054,179,285,-106
103900055,451,210,241
103900056,67,48,19
103900057,40,118,-78
103900058,340,461,-121
103900059,0,10,-10
103900060,92,154,-62
103900061,208,32,176
103900062,479,126,353
103900063,3,0,3
103900064,142,1,141
103900065,779,436,343
103900066,205,49,156
103900067,228,22,206
103900068,13,0,13
103900069,106,24,82
103900070,195,210,-15
103900071,26,112,-86
103900072,38,159,-121
103900073,33,44,-11
103900074,89,75,14
103900075,145,49,96
103900076,691,516,175
103900077,55,135,-80
103900078,386,100,286
103900079,211,256,-45
103900080,17,43,-26
103900081,86,34,52
103900082,22,124,-102
103900083,1193,1135,58
103900084,117,179,-62
103900085,97,232,-135
103900086,958,550,408
103900087,45,86,-41
103900088,446,658,-212
103900089,74,157,-83
103900090,1,105,-104
103900091,1094,245,849
103900092,730,543,187
103900093,75,390,-315
103900094,10,98,-88
103900095,354,288,66
103900096,49,137,-88
103900097,11,403,-392
103900098,258,121,137
103900099,138,138,0
103900100,360,293,67
103900101,55,980,-925
103900102,0,26,-26
103900104,3,16,-13
103900105,101,174,-73
103900106,2,35,-33
103900107,172,168,4
103900108,58,267,-209
103900109,172,71,101
103900110,333,61,272
103900111,142,508,-366
103900112,84,157,-73
103900113,151,311,-160
103900114,425,299,126
103900115,313,212,101
103900116,4178,3177,1001
103900117,97,77,20
103900119,42,85,-43
103900120,56,108,-52
103900122,165,177,-12
103900123,972,620,352
103900124,30,14,16
103900125,88,43,45
103900126,723,310,413
103900127,224,407,-183
103900128,260,177,83
103900131,25,73,-48
103900133,1168,37,1131
103900134,2,8,-6
103900135,12,5,7
103900137,0,26,-26
103900138,287,179,108
103900139,203,2484,-2281
103900140,5,239,-234
103900141,255,51,204
103900142,205,118,87
103900143,83,5,78
103900144,0,28,-28
103900145,227,297,-70
103900146,382,268,114
103900147,476,177,299
103900148,284,313,-29
103900149,463,558,-95
103900150,5841,5184,657
103900151,39,172,-133
103900152,673,355,318
103900153,7,4,3
103900154,711,1810,-1099
103900155,56,184,-128
103900156,66,106,-40
103900157,64,126,-62
103900158,132,157,-25
103900159,315,70,245
103900160,68,51,17
103900161,146,152,-6
103900162,56,168,-112
103900163,15,430,-415
103900164,344,33,311
103900167,16,164,-148
103900168,193,80,113
103900169,62,61,1
103900170,4,88,-84
103900171,1,50,-49
103900172,17,21,-4
103900173,15,13,2
103900174,337,61,276
103900175,58,70,-12
103900176,5,29,-24
103900177,12,66,-54
103900178,69,27,42
103900179,69,62,7
103900180,13,63,-50
103900181,52,40,12
103900182,18,13,5
103900184,315,66,249
103900185,113,549,-436
103900187,10,78,-68
103900188,54,56,-2
103900189,135,17,118
103900190,95,62,33
103900191,38,86,-48
103900192,24,116,-92
103900193,146,223,-77
103900194,78,250,-172
103900195,5,130,-125
103900196,61,91,-30
103900197,19,42,-23
103900198,23,56,-33
103900199,200,74,126
103900200,250,147,103
103900201,135,251,-116
103900202,23,78,-55
103900203,48,9,39
103900204,2,70,-68
103900207,1,69,-68
103900208,130,2,128
103900209,9,140,-131
103900210,42,34,8
103900211,903,462,441
103900212,131,288,-157
103900213,38,195,-157
103900214,185,190,-5
103900215,267,308,-41
103900216,13,625,-612
103900217,425,49,376
103900218,0,291,-291
103900219,180,234,-54
103900233,92,5,87
103900235,54,21,33
103900236,12,4,8
103900242,3,9,-6
103900243,1,3,-2
103900244,176,146,30
103900245,113,148,-35
103900246,37,32,5
103900247,28,71,-43
103900248,4,62,-58
103900249,37,74,-37
103900250,21,26,-5
103900251,1,19,-18
103900253,17,89,-72
103900254,3,40,-37
103900255,7,15,-8
103900256,11,24,-13
103900257,7,110,-103
103900258,24,5,19
103900259,71,6,65
103900261,8,4,4
103900262,21,1,20
103900263,32,31,1
103900264,27,19,8
103900265,25,4,21
103900266,3,148,-145
103900267,5,38,-33
104000001,2632,2154,478
104000002,1998,2325,-327
104000003,2728,2090,638
104000004,2993,2525,468
104000005,1918,2012,-94
104000006,3563,2646,917
104000007,4312,3768,544
104000008,207,229,-22
104000009,241,104,137
104000010,223,362,-139
104000011,352,265,87
104000012,131,248,-117
104000013,322,268,54
104000014,193,468,-275
104000015,448,170,278
104000016,582,337,245
104000018,947,159,788
104000019,797,197,600
104000020,126,399,-273
104000021,190,338,-148
104000022,151,236,-85
104000023,914,309,605
104000024,190,287,-97
104000026,60,278,-218
104000027,289,186,103
104000028,374,219,155
104000029,350,270,80
104000030,373,173,200
104000031,1555,372,1183
104000032,259,196,63
104000033,770,482,288
104000034,407,267,140
104000035,1069,405,664
104000036,852,481,371
104000037,359,217,142
104000038,484,317,167
104000039,275,173,102
104000040,211,306,-95
104000041,564,319,245
104000042,241,309,-68
104000043,214,305,-91
104000044,278,526,-248
104000045,948,797,151
104000046,947,1154,-207
104000047,750,961,-211
104000048,1110,1195,-85
104000049,497,343,154
104000050,200,636,-436
104000051,144,525,-381
104000052,1706,1812,-106
104000053,1061,454,607
104000054,717,327,390
104000055,4030,2553,1477
104000056,1072,235,837
104000057,227,315,-88
104000058,753,676,77
104000059,716,979,-263
104000060,1062,1325,-263
104000061,1305,1013,292
104000062,495,150,345
104000064,635,371,264
104000065,223,749,-526
104000069,826,1102,-276
104000070,68,532,-464
104000071,122,453,-331
104000072,731,191,540
104000075,129,267,-138
104000076,554,134,420
104000082,2619,3796,-1177
104000083,817,210,607
104000084,116,555,-439
104000085,302,416,-114
104000086,229,404,-175
104000087,425,2314,-1889
104000090,891,984,-93
104000092,1475,1552,-77
104000094,1053,1193,-140
104000095,1966,1269,697
104000096,1933,179,1754
104000097,2109,697,1412
104000098,2625,823,1802
104000100,2246,592,1654
104000101,1171,1432,-261
104000106,62,719,-657
104000107,607,348,259
104000108,241,478,-237
104000109,439,102,337
104000110,888,1217,-329
104000111,3528,3182,346
104000112,1846,510,1336
104000116,2,805,-803
104000117,200,595,-395
104000118,754,209,545
104000119,875,275,600
104000120,302,722,-420
104000121,220,685,-465
104000122,658,798,-140
104000123,723,759,-36
104000124,787,1766,-979
104000125,3250,5161,-1911
104000126,619,440,179
104000127,1100,1784,-684
104000128,625,336,289
104000129,71,2,69
104000130,0,302,-302
104000131,380,371,9
104000132,349,417,-68
104000133,1407,826,581
104000134,963,1781,-818
104000135,478,2167,-1689
104000136,801,4825,-4024
104000137,1795,566,1229
104000138,1025,447,578
104000139,4965,2953,2012
104000141,1056,1104,-48
104000142,651,583,68
104000143,692,432,260
104000144,158,198,-40
104000145,399,237,162
104000146,335,457,-122
104000147,147,253,-106
104000148,521,226,295
104000149,150,252,-102
104000150,1183,549,634
104000151,352,345,7
104000152,680,463,217
104000153,893,564,329
104000154,785,471,314
104000155,524,517,7
104000157,1094,1209,-115
104000158,382,699,-317
104000159,1005,529,476
104000160,2105,1889,216
104000161,186,194,-8
104000162,89,160,-71
104000165,764,946,-182
104000167,699,1144,-445
104000168,708,7,701
104000169,157,38,119
104000170,430,758,-328
104000248,403,538,-135
104000251,58,175,-117
104000272,0,0,0
104000273,0,0,0
104000274,0,0,0
104000275,0,0,0
104000279,803,460,343
104000290,94,313,-219
104000291,472,1049,-577
104000293,800,777,23
104000294,71,0,71
104000295,617,751,-134
104000296,421,691,-270
104000297,748,1923,-1175
104000298,2296,867,1429
104000299,654,1267,-613
104900001,144,385,-241
104900002,90,235,-145
104900003,65,295,-230
104900004,103,250,-147
104900005,433,315,118
104900006,378,108,270
104900007,351,310,41
104900009,219,301,-82
104900010,70,71,-1
104900011,32,24,8
104900012,333,66,267
104900013,209,13,196
104900014,2218,351,1867
104900015,131,19,112
104900016,263,207,56
104900017,257,206,51
104900018,6,192,-186
104900019,306,3803,-3497
104900020,51,222,-171
104900021,2,132,-130
104900022,11,103,-92
104900023,0,56,-56
104900024,31,90,-59
104900025,75,211,-136
104900026,1,43,-42
104900027,605,348,257
104900028,33,116,-83
104900029,49,73,-24
104900030,621,231,390
104900031,111,235,-124
104900032,72,92,-20
104900033,221,268,-47
104900034,477,167,310
104900035,484,199,285
104900036,295,70,225
104900037,152,224,-72
104900038,419,973,-554
104900039,525,565,-40
104900040,589,79,510
104900041,361,158,203
104900042,179,240,-61
104900043,24,200,-176
104900044,859,171,688
104900045,412,59,353
104900046,321,187,134
104900047,461,114,347
104900048,382,92,290
104900049,42,43,-1
104900050,293,119,174
104900051,375,51,324
104900052,78,4,74
104900053,499,127,372
104900054,303,35,268
104900055,175,1,174
104900056,229,23,206
104900057,60,1,59
104900058,937,817,120
104900059,205,57,148
104900060,0,468,-468
104900061,219,462,-243
104900063,0,107,-107
104900064,2,61,-59
104900065,0,198,-198
104900066,8,148,-140
104900067,6,347,-341
104900068,30,171,-141
104900070,180,239,-59
104900071,3,555,-552
104900072,74,278,-204
104900073,120,192,-72
104900074,68,214,-146
104900075,83,55,28
104900076,133,292,-159
104900077,944,393,551
104900078,177,343,-166
104900079,137,549,-412
104900080,124,405,-281
104900082,15,315,-300
104900085,1,144,-143
104900087,263,7,256
104900089,279,2,277
104900090,1180,933,247
104900091,922,593,329
104900093,232,488,-256
104900097,2097,2553,-456
104900098,234,62,172
104900099,112,664,-552
104900100,411,327,84
104900102,61,140,-79
104900103,549,88,461
104900104,2926,2714,212
104900106,100,145,-45
104900107,141,179,-38
104900108,92,174,-82
104900109,145,224,-79
104900110,8,46,-38
104900111,266,121,145
104900112,322,492,-170
104900113,846,271,575
104900114,421,441,-20
104900115,996,320,676
104900116,306,171,135
104900118,30,51,-21
104900119,9,39,-30
104900120,10,233,-223
104900121,1,65,-64
104900122,4,70,-66
104900123,79,7,72
104900124,62,2,60
104900125,583,9,574
104900126,58,44,14
104900127,28,103,-75
104900128,95,188,-93
104900129,1676,2558,-882
105000001,2895,1500,1395
105000002,2701,1660,1041
105000003,3538,3997,-459
105000004,747,886,-139
105000005,1213,1356,-143
105000006,1781,1949,-168
105000007,1406,1863,-457
105000008,1691,3890,-2199
105000009,2813,3502,-689
105000010,2781,1889,892
105000011,4380,3223,1157
105000012,3206,2629,577
105000013,1164,1224,-60
105000014,2344,3205,-861
105000015,11093,18742,-7649
105000016,2624,2479,145
105000017,1803,990,813
105000018,1206,1689,-483
105000019,1193,1059,134
105000020,197,481,-284
105000021,287,138,149
105000022,402,123,279
105000023,611,420,191
105000028,55,103,-48
105000029,666,1703,-1037
105000030,4145,2388,1757
105000033,1002,1770,-768
105000034,178,1233,-1055
105000037,707,296,411
105000038,2301,2254,47
105000039,2252,1801,451
105000040,1327,1658,-331
105000041,742,1341,-599
105000042,4598,1997,2601
105000043,1687,2434,-747
105000044,1360,679,681
105000045,589,838,-249
105000046,1641,475,1166
105000047,591,1011,-420
105000048,701,202,499
105000049,228,386,-158
105000050,816,370,446
105000051,128,343,-215
105000052,656,766,-110
105000053,82,139,-57
105000054,445,823,-378
105000055,822,354,468
105000056,2022,1938,84
105000057,1345,847,498
105000058,1413,1124,289
105000059,915,612,303
105000060,521,613,-92
105000061,848,734,114
105000062,555,747,-192
105000063,334,400,-66
105000064,1974,867,1107
105000065,387,539,-152
105000066,1245,1393,-148
105000067,1799,860,939
105000068,416,809,-393
105000069,1749,1861,-112
105000070,587,1036,-449
105000071,272,1071,-799
105000072,822,2418,-1596
105000073,1087,711,376
105000074,1200,712,488
105000075,524,858,-334
105000076,1254,1060,194
105000077,2676,1249,1427
105000078,1291,1583,-292
105000079,1435,3875,-2440
105000080,2469,1950,519
105000081,3864,1627,2237
105000082,1297,2473,-1176
105000083,5427,5181,246
105000084,600,655,-55
105000085,2156,2990,-834
105000086,688,873,-185
105000087,1488,1734,-246
105000088,1499,1744,-245
105000089,3143,2156,987
105000090,922,887,35
105000091,1376,1472,-96
105000092,845,859,-14
105000093,369,305,64
105000094,366,425,-59
105000095,144,486,-342
105000096,1128,1334,-206
105000097,874,890,-16
105000098,1138,834,304
105000099,959,824,135
105000100,1579,1169,410
105000101,2000,1990,10
105000102,2127,1548,579
105000103,1579,2494,-915
105000104,2630,982,1648
105000105,1274,1880,-606
105000106,2031,1880,151
105000107,2223,1144,1079
105000108,2371,1670,701
105000109,2019,1740,279
105000110,1038,590,448
105000111,908,559,349
105000112,1361,636,725
105000113,391,653,-262
105000114,2435,1095,1340
105000115,329,1198,-869
105000116,954,586,368
105000117,808,670,138
105000118,876,619,257
105000119,909,958,-49
105000120,1586,716,870
105000121,1058,980,78
105000122,412,807,-395
105000123,1042,1155,-113
105000124,2495,810,1685
105000125,893,1604,-711
105000126,2681,1567,1114
105000127,2696,1608,1088
105000128,766,900,-134
105000129,872,304,568
105000130,478,3840,-3362
105000131,908,336,572
105000132,1113,961,152
105000133,548,878,-330
105000134,1120,686,434
105000135,491,458,33
105000136,71,107,-36
105000137,408,331,77
105000138,78,110,-32
105000139,1155,797,358
105000140,408,469,-61
105000141,349,456,-107
105000142,300,393,-93
105000143,272,670,-398
105000144,283,790,-507
105000145,900,425,475
105000146,419,959,-540
105000147,783,377,406
105000148,1287,640,647
105000149,3255,2636,619
105000150,1901,1664,237
105000151,530,394,136
105000152,195,464,-269
105000153,687,746,-59
105000154,776,451,325
105000155,345,1083,-738
105000156,869,664,205
105000157,887,1690,-803
105000158,2098,779,1319
105000159,305,970,-665
105000160,2111,598,1513
105000161,700,898,-198
105000162,630,1872,-1242
105000163,1078,813,265
105000164,268,263,5
105000165,837,5787,-4950
105000166,4866,1159,3707
105000167,1497,1910,-413
105000168,587,510,77
105000169,673,277,396
105000170,273,1325,-1052
105000171,1067,232,835
105000172,159,30,129
105000173,246,47,199
105000174,79,40,39
105000175,112,125,-13
105000176,562,129,433
105000177,379,197,182
105000178,243,497,-254
105000179,753,181,572
105000180,174,125,49
105000181,153,270,-117
105000182,76,53,23
105000183,2147,2171,-24
105000184,958,1225,-267
105000185,1322,1442,-120
105000186,422,889,-467
105000187,1051,263,788
105000188,291,194,97
105000189,182,577,-395
105000190,374,473,-99
105000191,435,330,105
105000192,370,84,286
105000193,105,146,-41
105000194,383,88,295
105000195,352,752,-400
105000196,69,260,-191
105000197,291,539,-248
105000198,548,287,261
105000199,226,669,-443
105000200,161,367,-206
105000201,133,31,102
105000203,13,144,-131
105000204,75,98,-23
105000205,79,200,-121
105000207,495,218,277
105000208,328,658,-330
105000209,249,216,33
105000212,1289,1080,209
105000213,166,155,11
105000214,184,261,-77
105000215,493,186,307
105000216,173,268,-95
105000217,182,272,-90
105000218,1738,1178,560
105000221,181,156,25
105000222,326,144,182
105000223,306,176,130
105000226,95,243,-148
105000227,108,161,-53
105000228,232,2396,-2164
105000229,201,671,-470
105000231,407,329,78
105000233,930,759,171
105000234,507,1211,-704
105000235,505,560,-55
105000237,897,92,805
105000243,33,93,-60
105000248,81,100,-19
105000262,386,1007,-621
105000269,180,201,-21
105000270,587,44,543
105000271,1,162,-161
105000282,59,39,20
105000287,411,87,324
105000288,680,475,205
105000289,2509,2346,163
105000290,24,6,18
105000402,3052,4893,-1841
105000426,545,710,-165
105000438,4478,1966,2512
105000446,10578,6141,4437
105000447,6097,2851,3246
105000454,660,269,391
105000455,276,188,88
105000474,87,0,87
105000477,587,671,-84
105000478,2225,6325,-4100
105000479,137,127,10
105000480,10424,8686,1738
105000481,5659,4415,1244
105000482,4777,8759,-3982
105000483,1973,2559,-586
105000484,2405,3547,-1142
105000485,2117,3863,-1746
105000486,3493,2596,897
105000488,10336,5598,4738
105000489,1107,828,279
105000549,119,158,-39
105000550,436,1671,-1235
105000551,32,165,-133
105000552,2212,1433,779
105900001,7,2183,-2176
105900002,1120,655,465
105900003,20,147,-127
105900004,217,107,110
105900005,18,175,-157
105900006,16,212,-196
105900007,104,52,52
105900008,78,445,-367
105900009,26,22,4
105900011,252,55,197
105900012,726,147,579
105900013,5,53,-48
105900014,14,76,-62
105900015,178,373,-195
105900016,726,499,227
105900017,1861,50,1811
105900018,207,200,7
105900019,77,481,-404
105900020,56,98,-42
105900021,41,505,-464
105900022,317,249,68
105900023,11,138,-127
105900024,14,224,-210
105900025,291,19,272
105900026,278,10,268
105900027,12706,6799,5907
105900028,452,396,56
105900029,1750,374,1376
105900030,243,275,-32
105900031,317,195,122
105900032,121,152,-31
105900033,107,120,-13
105900034,205,197,8
105900035,298,183,115
105900036,128,121,7
105900037,91,39,52
105900038,240,274,-34
105900039,113,91,22
105900040,72,79,-7
105900041,177,205,-28
105900042,87,130,-43
105900043,1376,67,1309
105900044,8,321,-313
105900045,5,776,-771
105900046,3,251,-248
105900047,18,43,-25
105900048,117,486,-369
105900050,4694,7114,-2420
105900051,81,1204,-1123
105900052,581,190,391
105900053,2752,3391,-639
105900054,312,226,86
105900056,670,486,184
105900057,43,128,-85
105900058,20,17,3
105900059,0,39,-39
106000001,4653,2938,1715
106000002,2285,5782,-3497
106000003,3417,4024,-607
106000004,1589,2646,-1057
106000005,4268,5583,-1315
106000006,5859,3360,2499
106000007,541,645,-104
106000008,583,353,230
106000009,718,455,263
106000010,815,537,278
106000011,1376,1081,295
106000012,1003,1333,-330
106000013,2091,2020,71
106000014,1837,1414,423
106000015,2142,1310,832
106000016,1571,1633,-62
106000017,659,713,-54
106000018,634,412,222
106000019,457,432,25
106000020,422,344,78
106000021,402,382,20
106000022,370,204,166
106000023,665,303,362
106000024,602,364,238
106000025,157,205,-48
106000026,83,157,-74
106000027,1797,1289,508
106000028,615,389,226
106000029,623,847,-224
106000030,523,674,-151
106000034,309,525,-216
106000035,975,2180,-1205
106000036,179,510,-331
106000037,1724,1330,394
106000038,361,135,226
106000039,126,105,21
106000040,147,897,-750
106000041,595,752,-157
106000043,537,279,258
106000046,416,85,331
106000047,58,446,-388
106000049,1043,253,790
106000050,310,570,-260
106000051,808,527,281
106000052,143,540,-397
106000053,552,142,410
106000054,423,401,22
106000055,1323,958,365
106000056,255,347,-92
106000057,513,299,214
106000058,155,146,9
106000059,435,322,113
106000060,307,423,-116
106000061,328,549,-221
106000062,124,538,-414
106000063,810,575,235
106000064,37,409,-372
106000065,446,353,93
106000066,139,315,-176
106000067,359,116,243
106000068,68,558,-490
106000069,344,47,297
106000070,442,683,-241
106000071,1288,315,973
106000072,2676,1502,1174
106000073,1460,3085,-1625
106000074,663,654,9
106000075,382,1373,-991
106000076,1812,2109,-297
106000077,3592,1304,2288
106000078,1365,906,459
106000079,868,879,-11
106000080,1541,628,913
106000081,821,1165,-344
106000082,2650,879,1771
106000083,494,1466,-972
106000084,1370,741,629
106000085,1446,1615,-169
106000086,674,884,-210
106000087,1138,573,565
106000088,452,802,-350
106000089,1332,326,1006
106000090,321,585,-264
106000091,281,458,-177
106000092,796,338,458
106000093,321,161,160
106000094,72,195,-123
106000095,990,705,285
106000096,1006,586,420
106000097,1388,694,694
106000098,885,826,59
106000099,224,543,-319
106000100,1268,222,1046
106000101,891,214,677
106000102,155,427,-272
106000103,293,472,-179
106000104,686,407,279
106000105,516,536,-20
106000106,623,395,228
106000107,145,208,-63
106000108,268,224,44
106000109,221,182,39
106000110,322,204,118
106000111,205,276,-71
106000112,238,468,-230
106000113,569,455,114
106000114,492,569,-77
106000115,201,349,-148
106000116,277,169,108
106000117,1112,617,495
106000118,1496,1470,26
106000119,1296,898,398
106000120,1176,1232,-56
106000121,227,141,86
106000122,122,149,-27
106000123,591,119,472
106000124,79,145,-66
106000125,10,182,-172
106000126,347,82,265
106000127,969,683,286
106000128,833,133,700
106000129,449,420,29
106000130,951,301,650
106000131,142,601,-459
106000132,517,172,345
106000133,1264,1033,231
106000134,515,1605,-1090
106000135,157,478,-321
106000136,763,960,-197
106000137,80,592,-512
106000138,1157,79,1078
106000139,65,80,-15
106000140,71,38,33
106000141,98,51,47
106000142,131,63,68
106000143,44,35,9
106000144,31,78,-47
106000145,342,210,132
106000146,476,117,359
106000147,425,372,53
106000148,445,740,-295
106000149,689,269,420
106000150,512,1762,-1250
106000151,3394,845,2549
106000152,1161,1728,-567
106000153,70,1529,-1459
106000154,1022,178,844
106000155,154,264,-110
106000156,1255,288,967
106000157,714,1482,-768
106000158,2044,789,1255
106000159,2829,1950,879
106000160,557,2937,-2380
106000161,1692,309,1383
106000162,285,952,-667
106000163,487,300,187
106000164,542,366,176
106000165,283,438,-155
106000166,958,278,680
106000167,508,862,-354
106000168,665,273,392
106000169,342,445,-103
106000170,902,216,686
106000171,250,1219,-969
106000172,3271,1475,1796
106000173,1062,2846,-1784
106000174,1301,512,789
106000175,298,792,-494
106000176,2086,863,1223
106000177,925,2450,-1525
106000178,3760,1823,1937
106000179,1166,2080,-914
106000180,917,1057,-140
106000181,1066,1936,-870
106000182,1680,776,904
106000183,1579,603,976
106000184,1988,755,1233
106000185,1322,1676,-354
106000186,1022,172,850
106000187,279,1123,-844
106000188,0,2,-2
106000189,21,49,-28
106000190,40,1,39
106000191,740,185,555
106000192,8,26,-18
106000193,541,220,321
106000194,205,530,-325
106000195,1240,396,844
106000196,432,1033,-601
106000197,730,423,307
106000198,250,232,18
106000199,771,779,-8
106000200,248,299,-51
106000201,474,3053,-2579
106000202,3291,666,2625
106000203,29,124,-95
106000204,83,6,77
106000205,36,98,-62
106000206,94,22,72
106000207,38,581,-543
106000208,1765,195,1570
106000209,1909,379,1530
106000210,338,796,-458
106000211,305,972,-667
106000212,921,510,411
106000213,542,1899,-1357
106000214,2162,824,1338
106000215,302,451,-149
106000216,342,270,72
106000217,303,334,-31
106000218,368,355,13
106000219,162,227,-65
106000220,427,174,253
106000221,151,184,-33
106000222,84,93,-9
106000223,372,109,263
106000224,262,165,97
106000225,76,115,-39
106000226,112,208,-96
106000228,62,74,-12
106000229,61,625,-564
106000231,1170,106,1064
106000232,81,324,-243
106000233,564,100,464
106000234,60,282,-222
106000235,464,130,334
106000236,153,118,35
106000237,2,12,-10
106000238,9,20,-11
106000239,4,89,-85
106000240,92,4,88
106000241,20,550,-530
106000242,293,42,251
106000249,54,64,-10
106000250,88,562,-474
106000251,102,28,74
106000252,17,87,-70
106000253,70,60,10
106000254,65,54,11
106000255,24,153,-129
106000256,60,41,19
106000257,209,314,-105
106000258,234,30,204
106000259,0,68,-68
106000260,28,5,23
106000261,8,43,-35
106000262,76,9,67
106000263,10,57,-47
106000264,278,11,267
106000265,5,151,-146
106000266,134,21,113
106000267,10,95,-85
106000268,458,36,422
106000269,50,43,7
106000270,158,494,-336
106000271,117,187,-70
106000272,223,50,173
106000273,12,235,-223
106000274,194,60,134
106000275,172,328,-156
106000276,210,59,151
106000277,104,322,-218
106000278,200,32,168
106000279,26,45,-19
106000280,117,75,42
106000281,99,53,46
106000282,81,65,16
106000283,107,55,52
106000284,109,93,16
106000285,157,58,99
106000286,149,156,-7
106000287,155,50,105
106000288,99,142,-43
106000289,112,44,68
106000290,64,68,-4
106000291,129,93,36
106000292,106,80,26
106000293,186,109,77
106000294,132,100,32
106000295,60,68,-8
106000296,48,75,-27
106000297,70,256,-186
106000298,118,60,58
106000299,60,121,-61
106000300,64,72,-8
106000301,69,109,-40
106000303,27,110,-83
106000304,20,24,-4
106000305,50,59,-9
106000306,45,60,-15
106000307,59,24,35
106000308,45,146,-101
106000309,24,59,-35
106000310,394,439,-45
106000311,408,213,195
106000312,145,138,7
106000313,255,223,32
106000318,104,602,-498
106000319,1285,296,989
106000320,12,150,-138
106000321,283,176,107
106000322,187,121,66
106000324,18,179,-161
106000325,1916,941,975
106000326,1075,1604,-529
106000327,187,73,114
106000328,32,158,-126
106000329,99,308,-209
106000330,41,104,-63
106000428,79,159,-80
106000429,135,373,-238
106000430,417,1079,-662
106000431,2442,349,2093
106000432,1533,2292,-759
106000433,2776,1315,1461
106000434,3715,1877,1838
106000435,1479,2437,-958
106000436,22,209,-187
106000437,330,98,232
106000438,294,270,24
106000439,56,670,-614
106000440,250,376,-126
106000441,0,0,0
106000442,167,4,163
106000443,149,221,-72
106000450,1,134,-133
106000451,27,85,-58
106000454,4,81,-77
106000455,1,155,-154
106000456,100,28,72
106000457,16,755,-739
106000458,1099,81,1018
106000459,186,265,-79
106000460,1954,40,1914
106000461,152,783,-631
106000462,2,38,-36
106000463,4,10,-6
106000464,0,339,-339
106000465,935,3,932
106000466,7,472,-465
106000467,256,366,-110
106000468,148,212,-64
106000469,136,2,134
106000470,313,1971,-1658
106000471,37,445,-408
106000472,163,16,147
106000473,81,22,59
106000474,268,325,-57
106000475,263,124,139
106000476,97,203,-106
106000477,15,21,-6
106900001,0,9,-9
106900002,4,291,-287
106900003,198,801,-603
106900004,0,28,-28
106900006,0,9,-9
106900007,1,9,-8
106900008,475,149,326
106900009,386,236,150
106900010,266,260,6
106900012,1329,2178,-849
106900013,577,160,417
106900014,26,2,24
106900015,15,1,14
106900016,419,13,406
106900017,7,0,7
106900018,1,0,1
106900019,49,3,46
106900020,1820,1783,37
106900021,95,108,-13
106900022,954,4,950
106900023,89,243,-154
106900024,650,64,586
106900025,37,556,-519
106900026,1,375,-374
106900027,1074,6,1068
107000001,4269,5200,-931
107000002,2695,4370,-1675
107000003,7652,8219,-567
107000004,4858,4703,155
107000005,6102,6377,-275
107000006,3910,3790,120
107000007,7236,12082,-4846
107000008,10383,7603,2780
107000009,9680,8968,712
107000010,9696,8571,1125
107000011,983,1334,-351
107000012,3597,2748,849
107000013,64,57,7
107000014,59,125,-66
107000015,418,577,-159
107000016,757,698,59
107000017,2799,1997,802
107000018,26,1382,-1356
107000020,1547,1765,-218
107000021,1365,448,917
107000022,800,1623,-823
107000023,1890,235,1655
107000024,576,1252,-676
107000025,214,330,-116
107000026,251,447,-196
107000027,1633,1008,625
107000028,1453,1200,253
107000029,3847,3089,758
107000030,2712,2733,-21
107000031,5325,3225,2100
107000032,503,953,-450
107000033,3385,4555,-1170
107000034,3639,1773,1866
107000035,521,308,213
107000036,390,1410,-1020
107000037,84,900,-816
107000038,251,266,-15
107000039,926,879,47
107000040,223,329,-106
107000041,1946,1040,906
107000042,822,2230,-1408
107000043,2674,1169,1505
107000044,523,379,144
107000045,64,327,-263
107000046,908,426,482
107000047,478,889,-411
107000048,741,315,426
107000049,704,800,-96
107000050,1296,545,751
107000051,283,367,-84
107000052,1271,1007,264
107000053,390,203,187
107000054,42,281,-239
107000055,173,113,60
107000056,441,791,-350
107000057,1194,218,976
107000058,2580,2856,-276
107000059,1987,3198,-1211
107000060,5618,5892,-274
107000061,5261,3580,1681
107000062,6154,3399,2755
107000063,4676,4654,22
107000064,5719,3122,2597
107000065,3695,4312,-617
107000066,2726,3873,-1147
107000067,1587,1481,106
107000068,1693,927,766
107000069,1136,773,363
107000070,1452,51,1401
107000071,4180,44,4136
107000072,40,2491,-2451
107000073,1081,478,603
107000074,177,760,-583
107000075,2241,629,1612
107000076,648,1327,-679
107000077,4445,1589,2856
107000078,2523,2714,-191
107000079,3505,1567,1938
107000080,1117,2845,-1728
107000081,2722,685,2037
107000082,675,1650,-975
107000083,1881,628,1253
107000084,361,1771,-1410
107000085,3332,3451,-119
107000086,3753,3457,296
107000087,3735,2325,1410
107000088,3781,3731,50
107000089,1858,1839,19
107000090,1285,1035,250
107000091,1804,870,934
107000092,1122,990,132
107000093,1407,1011,396
107000094,961,1068,-107
107000095,1036,606,430
107000096,526,700,-174
107000097,548,264,284
107000098,303,322,-19
107000099,438,344,94
107000100,298,260,38
107000101,105,180,-75
107000102,174,332,-158
107000103,338,222,116
107000104,241,193,48
107000105,377,129,248
107000106,163,241,-78
107000107,554,140,414
107000108,130,471,-341
107000109,735,144,591
107000110,66,393,-327
107000111,454,58,396
107000112,65,245,-180
107000113,725,134,591
107000114,115,464,-349
107000115,755,191,564
107000116,134,570,-436
107000117,285,637,-352
107000118,153,163,-10
107000119,1501,1468,33
107000120,909,496,413
107000121,1240,673,567
107000122,1245,898,347
107000123,659,403,256
107000124,552,719,-167
107000125,846,453,393
107000126,661,528,133
107000127,35,310,-275
107000129,231,141,90
107000130,357,288,69
107000131,491,319,172
107000132,744,424,320
107000133,445,104,341
107000134,410,3,407
107000135,3,340,-337
107000136,797,10,787
107000137,11,545,-534
107000138,313,27,286
107000139,17,563,-546
107000140,1613,87,1526
107000141,113,825,-712
107000142,515,119,396
107000143,65,647,-582
107000144,576,481,95
107000145,202,498,-296
107000146,202,348,-146
107000147,3030,860,2170
107000150,877,4012,-3135
107000151,32,183,-151
107000152,446,1830,-1384
107000153,176,487,-311
107000154,234,274,-40
107000155,1511,45,1466
107000156,1600,23,1577
107000157,66,1259,-1193
107000158,460,22,438
107000159,23,557,-534
107000160,1594,179,1415
107000161,91,1119,-1028
107000162,368,656,-288
107000163,238,1,237
107000164,1108,4,1104
107000165,1612,11,1601
107000166,52,1042,-990
107000167,922,211,711
107000168,1195,580,615
107000169,554,810,-256
107000170,3304,1140,2164
107000171,874,1963,-1089
107000172,1371,1971,-600
107000173,680,973,-293
107000174,1392,6366,-4974
107000175,6263,1715,4548
107000176,1,1,0
107000177,16,1,15
107000178,55,47,8
107000179,328,1643,-1315
107000180,1815,264,1551
107000181,553,879,-326
107000182,2270,890,1380
107000183,189,730,-541
107000184,1349,638,711
107000185,670,1303,-633
107000186,1723,499,1224
107000187,1607,1430,177
107000188,773,674,99
107000189,641,1088,-447
107000190,806,763,43
107000191,968,986,-18
107000192,1991,751,1240
107000193,506,612,-106
107000194,928,673,255
107000197,1275,326,949
107000198,407,639,-232
107000199,935,806,129
107000200,744,770,-26
107000201,494,459,35
107000202,454,557,-103
107000203,838,1404,-566
107000204,1047,1731,-684
107000205,1798,1116,682
107000206,1148,1813,-665
107000207,867,1172,-305
107000208,1117,697,420
107000209,2134,1727,407
107000210,825,361,464
107000211,7,66,-59
107000212,28,336,-308
107000213,4,26,-22
107000214,34,175,-141
107000215,590,349,241
107000216,580,390,190
107000217,183,138,45
107000219,102,260,-158
107000220,203,194,9
107000222,356,678,-322
107000224,676,106,570
107000225,234,450,-216
107000226,704,101,603
107000227,107,242,-135
107000228,93,312,-219
107000229,106,102,4
107000230,1165,456,709
107000231,1320,2052,-732
107000232,122,36,86
107000233,1173,1099,74
107000234,3,74,-71
107000235,77,16,61
107000236,10,471,-461
107000237,45,1,44
107000238,19,1,18
107000239,2731,614,2117
107000240,140,775,-635
107000241,129,19,110
107000242,310,44,266
107000243,0,38,-38
107000244,7,42,-35
107000246,2,917,-915
107000249,2,863,-861
107000251,2,281,-279
107000252,3,833,-830
107000255,390,119,271
107000257,1,333,-332
107000258,0,116,-116
107000259,4,172,-168
107000260,1062,8,1054
107000262,17,401,-384
107000263,472,4,468
107000266,5,10,-5
107000267,83,124,-41
107000268,139,136,3
107000269,901,91,810
107000270,4,46,-42
107000271,33,473,-440
107000272,44,92,-48
107000273,2,228,-226
107000274,2056,333,1723
107000275,25,1336,-1311
107000280,1116,53,1063
107000281,52,520,-468
107000282,39,688,-649
107000290,6,36,-30
107000291,17,1,16
107000292,3,72,-69
107000293,41,3,38
107000294,0,25,-25
107000295,24,1,23
107000296,0,23,-23
107000444,404,12,392
107000496,1,18,-17
107000497,1253,2075,-822
107000500,408,283,125
107000501,114,162,-48
107000502,166,314,-148
107000505,330,739,-409
107000506,3,171,-168
107000508,6,555,-549
107000509,282,728,-446
107000510,26,42,-16
107000514,86,366,-280
107000515,13,126,-113
107000516,487,352,135
107000518,1315,1845,-530
107000519,1488,868,620
107000520,66,45,21
107900001,110,123,-13
107900002,86,11,75
107900003,522,30,492
107900004,180,0,180
107900005,1780,8,1772
107900006,212,2,210
107900007,457,55,402
107900008,179,33,146
107900009,169,12,157
107900010,51,8,43
107900012,359,64,295
107900013,320,24,296
107900014,48,4,44
107900015,1332,18,1314
107900016,569,130,439
107900017,74,4,70
107900018,59,227,-168
107900019,30,39,-9
107900020,92,11,81
107900021,80,115,-35
107900023,2,2,0
107900024,0,22,-22
107900025,248,273,-25
107900026,93,48,45
107900027,37,55,-18
107900028,93,58,35
107900030,254,38,216
107900031,112,101,11
107900032,23,2,21
107900033,41,10,31
107900034,459,32,427
107900035,1182,74,1108
107900036,107,30,77
107900037,0,15,-15
107900038,141,364,-223
107900039,32,53,-21
107900040,176,316,-140
107900041,1,4,-3
107900043,48,135,-87
107900044,19,12,7
107900045,160,48,112
107900046,167,231,-64
107900047,55,38,17
107900048,274,19,255
107900049,338,1537,-1199
107900050,121,329,-208
107900051,105,84,21
107900052,57,29,28
107900053,55,120,-65
107900055,1058,409,649
107900056,135,61,74
107900057,2,0,2
107900058,40,575,-535
107900060,37,41,-4
107900061,14,15,-1
107900063,85,112,-27
107900064,387,184,203
107900065,454,9,445
107900066,57,9,48
107900067,0,0,0
107900068,129,861,-732
107900069,40,2380,-2340
107900070,134,79,55
107900071,47,643,-596
107900072,209,141,68
107900073,172,100,72
107900074,646,391,255
107900076,160,67,93
107900077,99,1,98
107900078,291,75,216
107900079,11,18,-7
107900080,178,949,-771
107900081,46,96,-50
107900082,13,11,2
107900083,328,254,74
107900084,135,195,-60
107900086,19,226,-207
107900087,618,198,420
107900088,68,14,54
107900089,253,970,-717
107900090,766,3074,-2308
107900091,162,332,-170
107900092,2130,439,1691
107900093,115,95,20
107900095,3076,2432,644
107900097,48,97,-49
107900098,73,224,-151
107900100,989,1634,-645
107900101,921,234,687
107900102,41,10,31
107900103,65,179,-114
107900104,272,8,264
107900105,7,231,-224
107900106,2,912,-910
107900107,1629,571,1058
107900108,229,109,120
107900109,1713,33,1680
107900110,41,53,-12
107900111,11,828,-817
107900112,84,392,-308
107900113,260,120,140
107900114,195,137,58
107900115,1,44,-43
107900116,217,125,92
107900117,409,274,135
107900118,113,141,-28
107900119,107,413,-306
107900120,37,30,7
107900121,2,199,-197
107900122,2,103,-101
107900123,8,65,-57
107900124,19,63,-44
107900125,32,216,-184
107900126,13,101,-88
107900127,587,391,196
107900128,124,95,29
107900129,111,30,81
107900130,108,23,85
107900131,626,468,158
107900132,102,355,-253
107900133,3,86,-83
107900134,34,148,-114
107900135,17,109,-92
107900136,61,62,-1
107900137,164,127,37
107900138,93,36,57
107900139,40,48,-8
107900140,93,55,38
107900141,73,46,27
107900142,61,795,-734
107900143,80,37,43
107900144,2,91,-89
107900145,13,91,-78
107900146,90,162,-72
107900147,60,32,28
107900148,184,130,54
107900149,1154,282,872
107900150,65,534,-469
107900151,35,64,-29
107900152,12,152,-140
107900153,124,383,-259
107900154,69,25,44
107900155,101,70,31
107900156,20,220,-200
107900157,63,40,23
107900158,1265,41,1224
107900159,20,730,-710
107900160,119,168,-49
107900161,45,160,-115
107900162,0,143,-143
107900163,101,206,-105
107900164,26,54,-28
107900165,23,169,-146
107900166,28,137,-109
107900167,49,49,0
107900168,53,38,15
107900169,0,135,-135
107900171,11,1205,-1194
107900172,5,298,-293
107900173,27,106,-79
107900174,133,4,129
107900175,31,55,-24
107900176,26,39,-13
107900177,1,287,-286
107900178,0,169,-169
107900179,49,121,-72
107900180,600,826,-226
107900181,418,286,132
107900182,5,918,-913
107900183,81,172,-91
107900184,87,238,-151
107900185,188,3,185
107900186,40,62,-22
107900187,0,169,-169
107900188,574,163,411
107900189,21,99,-78
107900190,67,139,-72
107900191,139,89,50
107900193,6,60,-54
107900194,280,7,273
107900195,2013,365,1648
107900196,97,128,-31
107900197,730,497,233
107900199,4,775,-771
107900201,111,86,25
107900203,33,41,-8
107900204,178,312,-134
107900205,269,386,-117
107900206,724,423,301
107900207,4,443,-439
107900208,4,528,-524
107900209,321,106,215
107900210,60,106,-46
107900213,1020,820,200
107900214,21,80,-59
107900215,164,402,-238
107900216,170,61,109
107900217,61,123,-62
107900218,23,1460,-1437
107900219,43,68,-25
107900220,242,235,7
107900221,197,232,-35
107900223,134,440,-306
107900224,171,509,-338
107900225,4,654,-650
107900226,83,93,-10
107900227,137,404,-267
107900228,17,114,-97
107900229,1,247,-246
107900230,13,79,-66
107900231,22,157,-135
107900232,149,126,23
107900233,7,109,-102
107900234,119,68,51
107900235,51,144,-93
107900236,128,43,85
107900237,53,374,-321
107900238,40,97,-57
107900239,643,599,44
107900240,45,90,-45
107900241,27,60,-33
107900242,61,168,-107
107900243,2,70,-68
107900244,331,8,323
107900245,867,64,803
107900246,279,17,262
107900248,592,329,263
107900249,1052,56,996
107900250,2,418,-416
107900251,70,1325,-1255
107900252,1363,35,1328
107900253,249,10,239
107900254,72,530,-458
107900255,271,107,164
107900256,1314,1403,-89
107900257,299,183,116
107900258,161,182,-21
107900259,54,2511,-2457
107900261,2,304,-302
107900262,51,130,-79
107900264,420,6,414
107900265,173,129,44
107900267,333,13,320
107900268,17,3,14
107900269,0,9,-9
107900270,2,0,2
107900271,2,21,-19
107900272,75,39,36
107900273,49,105,-56
107900274,154,0,154
107900275,47,4,43
107900276,0,79,-79
107900277,2,143,-141
107900278,429,379,50
107900279,66,170,-104
107900280,2604,1980,624
107900281,1215,3732,-2517
107900282,53,727,-674
107900283,1001,876,125
107900284,663,507,156
107900285,137,64,73
107900286,123,102,21
107900287,286,222,64
107900290,0,147,-147
107900291,612,29,583
107900292,178,156,22
107900293,80,367,-287
107900295,58,45,13
107900297,2,357,-355
107900298,725,617,108
107900299,2370,2554,-184
107900300,106,368,-262
107900301,622,892,-270
107900302,211,65,146
107900303,272,375,-103
107900304,470,361,109
107900305,454,26,428
107900306,14,38,-24
107900307,46,209,-163
107900308,148,209,-61
107900309,85,1,84
107900310,562,7,555
107900311,1,322,-321
107900312,107,2,105
107900313,1,166,-165
107900314,0,57,-57
107900315,0,73,-73
107900316,47,0,47
107900317,101,14,87
107900318,11,184,-173
107900319,5,215,-210
107900320,0,135,-135
107900321,180,3,177
107900322,1,96,-95
107900323,2,149,-147
107900324,158,3,155
107900325,110,1,109
107900326,369,194,175
107900327,1,94,-93
107900328,75,1,74
107900329,76,101,-25
107900330,10,293,-283
107900331,338,21,317
107900332,301,30,271
107900333,83,25,58
107900334,17,129,-112
107900335,53,25,28
107900336,36,71,-35
107900337,842,853,-11
107900338,0,150,-150
107900339,0,27,-27
107900340,0,60,-60
107900341,62,0,62
107900342,76,48,28
107900343,68,2,66
107900344,1,47,-46
107900345,165,43,122
107900346,51,6,45
107900347,26,6,20
107900348,11,2,9
107900349,44,17,27
107900350,20,233,-213
108000001,3409,4096,-687
108000002,1879,2200,-321
108000003,4237,4327,-90
108000004,11557,14158,-2601
108000005,9570,7181,2389
108000006,7676,7345,331
108000007,6335,4834,1501
108000008,4505,5979,-1474
108000009,5074,5485,-411
108000010,3549,4288,-739
108000011,14401,14304,97
108000012,15183,14475,708
108000014,815,933,-118
108000015,1046,312,734
108000016,348,542,-194
108000017,1392,448,944
108000018,2265,779,1486
108000019,2198,1006,1192
108000020,1483,619,864
108000021,385,1681,-1296
108000022,467,1267,-800
108000023,1435,276,1159
108000024,383,474,-91
108000025,348,329,19
108000026,808,439,369
108000027,862,376,486
108000028,733,263,470
108000029,648,463,185
108000030,896,265,631
108000031,320,734,-414
108000032,1982,864,1118
108000033,802,937,-135
108000034,2030,547,1483
108000035,758,1940,-1182
108000036,452,891,-439
108000037,2200,589,1611
108000038,3115,643,2472
108000039,568,1679,-1111
108000040,2290,1027,1263
108000041,562,1961,-1399
108000042,394,197,197
108000043,264,256,8
108000044,748,151,597
108000045,368,391,-23
108000046,1823,331,1492
108000047,529,894,-365
108000048,187,286,-99
108000049,1392,288,1104
108000050,94,369,-275
108000051,453,136,317
108000052,221,592,-371
108000053,577,254,323
108000054,568,1116,-548
108000055,1369,674,695
108000056,776,1226,-450
108000057,728,1490,-762
108000058,2090,4175,-2085
108000059,2792,1911,881
108000060,273,501,-228
108000061,158,243,-85
108000062,1059,637,422
108000063,591,440,151
108000064,253,237,16
108000065,525,410,115
108000066,1637,819,818
108000067,2114,673,1441
108000068,841,466,375
108000069,227,943,-716
108000070,2309,901,1408
108000071,655,1318,-663
108000072,2317,1274,1043
108000073,1361,1582,-221
108000074,751,432,319
108000075,352,728,-376
108000076,1108,702,406
108000077,637,584,53
108000078,3274,1442,1832
108000079,829,1360,-531
108000080,1739,555,1184
108000081,571,1345,-774
108000082,1030,1617,-587
108000083,2548,1185,1363
108000084,408,1070,-662
108000085,1040,478,562
108000086,780,612,168
108000087,179,2666,-2487
108000088,283,11,272
108000089,413,394,19
108000090,459,210,249
108000091,330,388,-58
108000092,172,105,67
108000093,218,441,-223
108000094,685,79,606
108000095,192,301,-109
108000096,299,167,132
108000097,181,330,-149
108000098,2393,1377,1016
108000099,301,76,225
108000100,70,289,-219
108000101,1773,1646,127
108000102,1952,3566,-1614
108000106,921,3,918
108000107,2,768,-766
108000108,909,74,835
108000109,5,699,-694
108000110,265,302,-37
108000111,211,534,-323
108000112,61,142,-81
108000113,539,223,316
108000115,386,257,129
108000117,691,427,264
108000118,68,247,-179
108000119,583,317,266
108000120,174,776,-602
108000121,189,416,-227
108000122,650,354,296
108000123,1077,185,892
108000124,366,446,-80
108000125,482,252,230
108000126,213,343,-130
108000127,720,315,405
108000128,778,372,406
108000129,351,738,-387
108000130,571,222,349
108000131,1064,576,488
108000132,1651,1126,525
108000133,1189,611,578
108000134,479,416,63
108000135,1397,555,842
108000136,301,712,-411
108000137,577,271,306
108000138,382,394,-12
108000139,728,282,446
108000140,138,19,119
108000141,41,67,-26
108000142,68,53,15
108000143,34,18,16
108000144,91,10,81
108000145,44,5,39
108000146,90,18,72
108000147,58,37,21
108000148,80,28,52
108000149,21,18,3
108000150,50,4,46
108000151,12,10,2
108000152,93,349,-256
108000153,668,123,545
108000154,36,14,22
108000155,40,20,20
108000156,305,75,230
108000157,265,1367,-1102
108000158,83,833,-750
108000159,435,235,200
108000160,2294,1202,1092
108000161,2333,3514,-1181
108000165,5,262,-257
108000172,4,319,-315
108000173,1397,2268,-871
108000175,340,106,234
108000178,441,291,150
108000179,167,1037,-870
108000181,63,19,44
108000182,75,21,54
108000183,10,9,1
108000184,868,2490,-1622
108000185,267,374,-107
108000186,264,40,224
108000187,123,394,-271
108000188,916,272,644
108000189,566,1617,-1051
108000190,31,165,-134
108000192,233,418,-185
108000193,916,29,887
108000194,62,6,56
108000195,2,880,-878
108000196,279,174,105
108000197,133,332,-199
108000198,575,265,310
108000199,0,189,-189
108000200,600,439,161
108000202,1,251,-250
108000203,149,459,-310
108000204,193,67,126
108000205,220,332,-112
108000339,1398,428,970
108000364,127,348,-221
108000365,79,296,-217
108000367,187,301,-114
108000368,7,43,-36
108000369,479,217,262
108000371,0,596,-596
108000372,816,7,809
108000373,239,132,107
108000376,111,50,61
108000377,504,223,281
108000378,10681,11462,-781
108000379,17,178,-161
108000381,71,7,64
108000382,101,1,100
108000383,0,106,-106
108900001,80,815,-735
108900002,213,57,156
108900003,292,515,-223
108900004,216,469,-253
108900005,111,503,-392
108900006,865,244,621
108900007,389,262,127
108900008,229,154,75
108900009,96,136,-40
108900010,362,165,197
108900011,701,411,290
108900012,505,366,139
108900013,264,277,-13
108900014,32,127,-95
108900015,0,79,-79
108900016,0,210,-210
108900017,294,602,-308
108900018,227,392,-165
108900019,70,713,-643
108900020,68,177,-109
108900021,160,214,-54
108900022,217,15,202
108900023,1,40,-39
108900024,45,83,-38
108900025,161,91,70
108900026,21,108,-87
108900027,0,56,-56
108900028,155,256,-101
108900029,57,196,-139
108900030,0,57,-57
108900031,196,273,-77
108900032,11,183,-172
108900033,2,112,-110
108900034,2,133,-131
108900035,413,1001,-588
108900036,228,252,-24
108900037,47,258,-211
108900038,1,258,-257
108900039,0,278,-278
108900040,13,106,-93
108900041,4935,3919,1016
108900042,4,383,-379
108900043,71,481,-410
108900044,4,365,-361
108900045,103,370,-267
108900046,39,619,-580
108900047,0,81,-81
108900048,113,669,-556
108900049,2253,1568,685
108900050,1,152,-151
108900051,0,149,-149
108900052,58,190,-132
108900053,99,179,-80
108900054,102,188,-86
108900055,63,354,-291
108900056,2,118,-116
108900057,0,172,-172
108900058,34,290,-256
108900059,573,84,489
108900060,141,181,-40
108900061,94,30,64
108900062,1,200,-199
108900063,24,284,-260
108900064,326,66,260
108900065,16,177,-161
108900066,520,196,324
108900067,26,148,-122
108900068,0,92,-92
108900069,97,107,-10
108900070,43,101,-58
108900071,116,69,47
108900072,1956,819,1137
108900073,21,47,-26
108900074,285,252,33
108900075,29,37,-8
108900076,485,85,400
108900077,70,120,-50
108900078,55,104,-49
108900079,661,159,502
108900080,41,990,-949
108900081,81,203,-122
108900082,139,98,41
108900083,29,370,-341
108900084,376,162,214
108900085,1874,195,1679
108900086,220,165,55
108900087,95,195,-100
108900088,1143,472,671
108900089,45,192,-147
108900090,62,211,-149
108900091,115,94,21
108900092,575,341,234
108900093,190,126,64
108900094,262,89,173
108900095,25,271,-246
108900096,324,14,310
108900097,356,213,143
108900098,1782,1200,582
108900099,578,184,394
108900100,97,90,7
108900101,227,264,-37
108900102,127,1322,-1195
108900103,117,208,-91
108900104,155,359,-204
108900105,4,1343,-1339
108900106,590,258,332
108900108,465,66,399
108900109,56,57,-1
108900110,278,369,-91
108900111,583,411,172
108900112,300,44,256
108900113,49,86,-37
108900114,12,5,7
108900115,113,88,25
108900116,90,26,64
108900117,251,39,212
108900118,800,18,782
108900119,450,41,409
108900120,223,202,21
108900121,422,135,287
108900122,186,21,165
108900123,186,157,29
108900124,533,240,293
108900125,536,6,530
108900126,79,45,34
108900127,284,52,232
108900128,172,30,142
108900129,1054,171,883
108900130,507,3,504
108900131,456,9,447
108900132,631,65,566
108900133,312,66,246
108900134,537,193,344
108900135,153,8,145
108900136,61,2,59
108900137,247,2,245
108900138,890,82,808
108900139,868,160,708
108900140,377,209,168
108900141,500,15,485
108900142,130,5,125
108900143,66,0,66
108900144,119,2,117
108900145,232,23,209
108900146,102,0,102
108900147,308,5,303
108900148,70,24,46
108900149,619,260,359
108900150,378,12,366
108900151,148,18,130
108900152,286,51,235
108900153,266,282,-16
108900154,5587,434,5153
108900155,302,67,235
108900156,133,12,121
108900157,20,421,-401
108900158,517,46,471
108900159,3,198,-195
108900160,22,200,-178
108900161,9,301,-292
108900162,133,2,131
108900163,7,301,-294
108900164,48,65,-17
108900165,154,78,76
108900167,1420,8121,-6701
108900168,5966,3125,2841
108900169,80,126,-46
108900171,6105,3422,2683
108900172,209,50,159
108900173,179,377,-198
108900174,1151,611,540
108900176,127,368,-241
108900177,4011,6933,-2922
108900178,3162,4204,-1042
108900179,485,1958,-1473
108900180,133,315,-182
108900182,40,354,-314
108900183,236,246,-10
108900184,533,274,259
108900185,151,492,-341
108900186,119,366,-247
108900187,586,62,524
108900188,792,101,691
108900189,637,204,433
108900190,80,2331,-2251
108900191,240,72,168
108900192,129,189,-60
108900193,86,44,42
108900194,26,309,-283
108900195,112,251,-139
108900196,44,358,-314
108900198,7,324,-317
108900199,328,404,-76
108900200,743,406,337
108900201,478,1363,-885
108900203,663,102,561
108900204,445,19,426
108900205,206,52,154
108900206,672,94,578
108900207,282,129,153
108900208,34,293,-259
108900209,219,511,-292
108900210,234,244,-10
108900211,206,681,-475
108900212,480,1725,-1245
108900215,85,364,-279
108900216,455,198,257
108900217,157,1,156
108900218,120,11,109
108900219,130,8,122
108900220,92,26,66
108900221,29,165,-136
108900222,367,27,340
108900223,9,153,-144
108900224,71,195,-124
108900225,0,196,-196
108900226,323,26,297
108900227,169,463,-294
108900230,214,224,-10
108900231,30,179,-149
108900232,5,201,-196
108900233,677,151,526
108900234,416,181,235
108900235,223,583,-360
108900236,61,411,-350
108900237,71,215,-144
108900240,279,176,103
108900241,84,71,13
108900245,21,2130,-2109
108900249,179,33,146
108900250,285,98,187
108900257,444,451,-7
108900258,6,161,-155
108900259,100,64,36
108900260,3,79,-76
108900261,69,109,-40
108900262,158,129,29
108900263,44,152,-108
108900264,472,288,184
108900265,1194,542,652
108900266,509,726,-217
108900267,6,168,-162
108900268,0,4,-4
108900269,134,26,108
108900270,98,14,84
108900271,66,25,41
108900272,245,17,228
108900273,704,1160,-456
108900274,71,37,34
109000001,2526,1714,812
109000002,1165,1518,-353
109000003,3070,439,2631
109000004,510,1794,-1284
109000005,2722,560,2162
109000006,556,1933,-1377
109000007,1959,656,1303
109000008,594,1690,-1096
109000009,4181,1319,2862
109000010,1253,3125,-1872
109000011,3967,2541,1426
109000012,1706,2864,-1158
109000013,4724,3710,1014
109000014,1798,3134,-1336
109000015,4516,8156,-3640
109000016,5318,3316,2002
109000017,3065,1264,1801
109000018,838,2614,-1776
109000019,2879,1282,1597
109000020,862,1681,-819
109000023,324,18,306
109000024,8,197,-189
109000025,347,554,-207
109000026,652,320,332
109000027,105,326,-221
109000028,148,96,52
109000029,105,257,-152
109000030,80,533,-453
109000031,284,175,109
109000032,90,508,-418
109000033,385,206,179
109000034,55,58,-3
109000035,15,83,-68
109000036,108,318,-210
109000037,281,1681,-1400
109000038,513,420,93
109000039,1172,1116,56
109000040,4184,10882,-6698
109000041,2482,2041,441
109000042,491,1354,-863
109000044,427,112,315
109000045,112,342,-230
109000046,398,88,310
109000047,74,423,-349
109000048,984,273,711
109000049,301,714,-413
109000050,485,327,158
109000051,324,286,38
109000052,743,758,-15
109000053,347,135,212
109000054,310,436,-126
109000055,282,403,-121
109000056,567,440,127
109000057,957,649,308
109000058,1148,384,764
109000059,821,2010,-1189
109000060,526,462,64
109000061,800,1702,-902
109000062,146,439,-293
109000063,253,239,14
109000064,316,212,104
109000065,225,200,25
109000066,539,90,449
109000067,124,250,-126
109000068,2074,40,2034
109000069,855,34,821
109000070,5,1247,-1242
109000071,359,75,284
109000072,150,285,-135
109000073,72,112,-40
109000074,24,168,-144
109000075,76,393,-317
109000076,105,240,-135
109000077,346,214,132
109000078,58,159,-101
109000079,136,101,35
109000080,219,113,106
109000081,167,317,-150
109000082,514,239,275
109000083,347,425,-78
109000088,106,450,-344
109000089,385,91,294
109000090,171,422,-251
109000091,392,328,64
109000092,394,511,-117
109000093,304,283,21
109000094,812,6,806
109000095,123,381,-258
109000096,1011,286,725
109000097,97,110,-13
109000098,78,194,-116
109000099,1192,287,905
109000100,306,414,-108
109000101,2182,730,1452
109000102,391,741,-350
109000103,543,597,-54
109000104,2304,634,1670
109000105,528,1059,-531
109000106,2654,957,1697
109000107,667,1896,-1229
109000108,2345,729,1616
109000109,579,1646,-1067
109000110,1721,617,1104
109000111,1012,1858,-846
109000112,505,140,365
109000113,395,205,190
109000114,257,280,-23
109000115,1295,33,1262
109000116,3,283,-280
109000117,298,57,241
109000118,14,288,-274
109000119,2014,214,1800
109000120,219,697,-478
109000121,725,64,661
109000122,175,608,-433
109000123,25,32,-7
109000124,719,444,275
109000125,1238,337,901
109000126,572,736,-164
109000127,1285,227,1058
109000128,556,1292,-736
109000129,2972,1031,1941
109000130,593,1491,-898
109000131,1025,849,176
109000132,802,1560,-758
109000133,318,961,-643
109000134,752,1249,-497
109000135,1283,1611,-328
109000136,355,334,21
109000137,438,361,77
109000138,555,319,236
109000139,619,446,173
109000140,281,400,-119
109000141,649,507,142
109000142,179,523,-344
109000143,128,79,49
109000145,111,208,-97
109000146,25,69,-44
109000148,3274,2516,758
109000149,10,67,-57
109000150,78,313,-235
109000155,971,693,278
109000156,973,617,356
109000158,202,363,-161
109000159,151,626,-475
109000160,1225,298,927
109000161,429,932,-503
109000162,2311,687,1624
109000163,1443,1546,-103
109000164,1566,2115,-549
109000165,1572,517,1055
109000166,848,112,736
109000167,124,476,-352
109000170,32,41,-9
109000171,62,28,34
109000172,35,51,-16
109000173,48,84,-36
109000174,120,43,77
109000175,79,73,6
109000176,374,188,186
109000177,34,97,-63
109000178,525,113,412
109000179,4572,6327,-1755
109000180,5507,4637,870
109000181,22,23,-1
109000182,48,39,9
109000183,58,19,39
109000184,31,18,13
109000185,23,37,-14
109000188,759,1658,-899
109000189,3225,1056,2169
109000190,705,499,206
109000191,361,386,-25
109000192,542,214,328
109000193,256,221,35
109000194,335,96,239
109000195,188,285,-97
109000196,408,113,295
109000197,238,335,-97
109000198,542,65,477
109000199,153,435,-282
109000206,226,47,179
109000207,152,53,99
109000208,85,85,0
109000209,159,97,62
109000210,168,553,-385
109000211,284,270,14
109000214,436,291,145
109000215,173,67,106
109000216,341,356,-15
109000217,216,169,47
109000218,437,258,179
109000221,466,970,-504
109000222,1131,270,861
109000223,409,366,43
109000224,48,89,-41
109000225,79,40,39
109000226,61,163,-102
109000227,1326,907,419
109000228,6,1173,-1167
109000231,0,222,-222
109000232,499,248,251
109000236,350,604,-254
109000241,2439,1732,707
109000242,2132,1190,942
109000293,21,67,-46
109000361,108,219,-111
109000364,284,597,-313
109000396,2,480,-478
109000397,827,52,775
109000399,120,369,-249
109000400,82,128,-46
109000403,184,1145,-961
109000406,225,0,225
109000407,299,163,136
109000408,0,196,-196
109000410,1388,311,1077
109000411,121,15,106
109900001,122,0,122
109900002,868,10,858
109900003,326,1,325
109900004,1046,144,902
109900005,55,12,43
109900006,674,241,433
109900007,1202,405,797
109900008,0,25,-25
109900009,184,453,-269
109900010,634,25,609
109900011,102,62,40
109900012,414,291,123
109900013,484,246,238
109900014,606,93,513
109900015,505,247,258
109900016,203,17,186
109900017,255,274,-19
109900018,354,79,275
109900019,330,121,209
109900020,58,54,4
109900021,46,15,31
109900022,64,192,-128
109900023,41,9,32
109900024,34,6,28
109900025,21,69,-48
109900026,4,140,-136
109900027,62,39,23
109900028,1035,1058,-23
109900029,2,227,-225
109900030,68,16,52
109900031,2,316,-314
109900032,12,287,-275
109900033,7,482,-475
109900034,48,1,47
109900035,11,48,-37
109900036,37,41,-4
109900037,20,325,-305
109900038,173,237,-64
109900039,8,0,8
109900040,44,432,-388
109900041,57,284,-227
109900042,47,545,-498
109900044,188,192,-4
109900045,134,52,82
109900046,36,67,-31
109900047,279,263,16
109900048,12,90,-78
109900049,18,39,-21
109900050,0,91,-91
109900051,5,21,-16
109900052,139,317,-178
109900053,6,197,-191
109900054,871,255,616
109900055,83,278,-195
109900056,14,227,-213
109900057,12,94,-82
109900058,0,75,-75
109900059,911,120,791
109900060,569,105,464
109900061,74,238,-164
109900062,1,124,-123
109900063,22,478,-456
109900064,577,206,371
109900065,50,138,-88
109900066,341,723,-382
109900067,0,194,-194
109900068,139,5,134
109900069,1,48,-47
109900070,39,293,-254
109900071,4,37,-33
109900072,36,173,-137
109900073,548,425,123
109900074,14,43,-29
109900075,38,62,-24
109900076,15,146,-131
109900077,32,37,-5
109900078,95,218,-123
109900080,147,287,-140
109900081,40,317,-277
109900082,34,358,-324
109900083,8,67,-59
109900084,86,159,-73
109900085,193,550,-357
109900086,156,530,-374
109900087,251,655,-404
109900089,872,244,628
109900090,542,1014,-472
109900091,482,76,406
109900092,552,15,537
109900093,1213,223,990
109900094,79,117,-38
109900095,182,237,-55
109900096,54,10,44
109900097,115,5,110
109900098,573,62,511
109900099,279,2,277
109900100,42,0,42
109900101,703,26,677
109900102,623,29,594
109900103,47,47,0
109900104,731,523,208
109900105,620,27,593
109900106,1101,55,1046
109900107,1043,97,946
109900108,131,293,-162
109900109,54,128,-74
109900110,85,346,-261
109900111,302,799,-497
109900112,344,470,-126
109900113,1021,749,272
109900114,977,1705,-728
109900115,213,109,104
109900117,1319,153,1166
109900118,236,483,-247
109900119,602,411,191
109900120,104,29,75
109900121,462,533,-71
109900122,497,9,488
109900123,23,133,-110
109900124,53,321,-268
109900125,1,144,-143
109900126,338,102,236
109900128,398,59,339
109900130,5625,2402,3223
109900131,54,150,-96
109900132,41,137,-96
109900133,132,248,-116
109900134,67,91,-24
109900135,318,69,249
109900136,56,135,-79
109900137,179,282,-103
109900138,420,286,134
109900140,239,150,89
109900141,579,252,327
109900142,1810,350,1460
109900145,3,757,-754
109900146,545,68,477
109900148,35,92,-57
109900149,40,64,-24
109900150,3,102,-99
109900151,12,71,-59
109900152,0,31,-31
109900153,2,48,-46
109900154,78,4,74
109900155,100,18,82
109900157,73,192,-119
109900158,56,189,-133
109900159,161,53,108
109900160,199,77,122
109900161,303,77,226
109900162,287,124,163
109900163,737,283,454
109900164,106,169,-63
109900165,355,2,353
109900166,6,129,-123
109900167,207,494,-287
109900168,195,560,-365
109900169,431,139,292
109900170,246,1164,-918
109900171,240,94,146
109900172,334,283,51
109900173,2361,2721,-360
109900174,84,151,-67
109900175,97,85,12
109900176,167,180,-13
109900177,45,212,-167
109900178,7,159,-152
109900179,26,20,6
109900180,5,9,-4
110000001,1008,533,475
110000002,613,766,-153
110000003,876,766,110
110000004,493,787,-294
110000005,319,2027,-1708
110000006,355,272,83
110000007,180,108,72
110000008,1,68,-67
110000009,87,23,64
110000010,27,73,-46
110000011,29,59,-30
110000012,614,345,269
110000013,40,506,-466
110000014,479,398,81
110000015,289,583,-294
110000016,217,1762,-1545
110000017,2434,226,2208
110000018,2470,407,2063
110000019,17,120,-103
110000020,728,195,533
110000021,387,471,-84
110000022,1131,189,942
110000023,12,128,-116
110000024,837,366,471
110000025,416,3,413
110000026,4,275,-271
110000027,887,1260,-373
110000028,1053,841,212
110000029,679,630,49
110000030,323,319,4
110000031,355,441,-86
110000032,922,381,541
110000033,364,101,263
110000034,571,702,-131
110000035,1229,503,726
110000036,1077,600,477
110000037,359,369,-10
110000038,271,748,-477
110000039,771,3969,-3198
110000040,313,345,-32
110000041,377,1798,-1421
110000042,70,466,-396
110000043,826,314,512
110000044,115,426,-311
110000045,1048,118,930
110000046,5,58,-53
110000047,124,45,79
110000048,7,56,-49
110000049,28,17,11
110000050,9,131,-122
110000051,44,53,-9
110000052,29,32,-3
110000053,177,36,141
110000054,119,432,-313
110000055,1057,58,999
110000056,214,116,98
110000057,614,640,-26
110000058,1591,503,1088
110000059,1227,549,678
110000060,930,1207,-277
110000061,1024,681,343
110000062,762,945,-183
110000063,45,141,-96
110000064,135,75,60
110000065,96,103,-7
110000066,74,46,28
110000067,114,164,-50
110000068,518,174,344
110000069,313,89,224
110000071,237,101,136
110000073,9,13,-4
110000075,20,68,-48
110000076,303,417,-114
110000077,369,1210,-841
110000078,37,65,-28
110000080,246,672,-426
110000081,23,247,-224
110000082,31,365,-334
110000083,219,563,-344
110000084,1262,986,276
110000085,1601,1729,-128
110000086,1562,2776,-1214
110000087,18,67,-49
110000088,119,229,-110
110000089,320,133,187
110000090,238,269,-31
110000091,970,250,720
110000092,28,73,-45
110000093,60,14,46
110000094,476,288,188
110000095,258,576,-318
110000096,1866,1952,-86
110000097,1286,1453,-167
110000098,2326,708,1618
110000099,872,1571,-699
110000100,1240,406,834
110000101,24,282,-258
110000102,96,12,84
110000104,381,173,208
110000105,58,213,-155
110000106,859,464,395
110000107,270,384,-114
110000108,162,121,41
110000109,280,300,-20
110000110,2960,6240,-3280
110000111,6305,3724,2581
110000112,1063,1456,-393
110000113,287,2678,-2391
110000114,187,657,-470
110000115,421,383,38
110000116,54,38,16
110000117,269,311,-42
110000118,512,113,399
110000119,275,261,14
110000120,409,162,247
110000121,87,358,-271
110000122,523,650,-127
110000123,800,815,-15
110000124,1,793,-792
110000125,1277,10,1267
110000126,399,29,370
110000127,1594,58,1536
110000128,45,1334,-1289
110000129,8,414,-406
110000130,354,242,112
110000131,95,261,-166
110000132,5,584,-579
110000133,50,527,-477
110000134,39,379,-340
110000135,167,33,134
110000136,78,220,-142
110000137,705,631,74
110000138,948,603,345
110000139,1100,1019,81
110000140,1274,772,502
110000143,689,422,267
110000144,5471,2548,2923
110000145,1892,1587,305
110000146,2572,1066,1506
110000147,603,753,-150
110000148,890,289,601
110000151,1146,1646,-500
110000152,1027,452,575
110000153,148,23,125
110000154,48,40,8
110000155,1959,4989,-3030
110000156,1206,2885,-1679
110000157,2180,2828,-648
110000160,458,288,170
110000161,225,241,-16
110000166,826,136,690
110000167,1183,611,572
110000168,1425,549,876
110000169,1064,435,629
110000170,114,69,45
110000171,696,130,566
110000172,176,725,-549
110000173,852,1019,-167
110000174,225,656,-431
110000175,917,66,851
110000176,118,414,-296
110000177,215,963,-748
110000178,461,1679,-1218
110000179,1001,389,612
110000180,229,204,25
110000181,634,485,149
110000182,349,116,233
110000183,7903,8057,-154
110000184,321,2666,-2345
110000185,907,765,142
110000186,802,631,171
110000191,1187,226,961
110000192,815,11,804
110000193,1501,14,1487
110000194,11,824,-813
110000195,627,265,362
110000196,541,295,246
110000197,152,169,-17
110000198,132,95,37
110000199,111,179,-68
110000200,1070,499,571
110000201,1133,1296,-163
110000202,1511,663,848
110000203,760,688,72
110000204,7,207,-200
110000205,214,43,171
110000206,620,1049,-429
110000207,1372,380,992
110000208,241,266,-25
110000209,147,758,-611
110000210,1638,450,1188
110000211,852,680,172
110000212,487,1174,-687
110000213,312,70,242
110000214,383,78,305
110000215,220,297,-77
110000216,141,305,-164
110000217,440,148,292
110000218,210,247,-37
110000219,378,91,287
110000220,95,222,-127
110000221,381,48,333
110000222,84,173,-89
110000223,1,167,-166
110000224,41,7,34
110000225,321,758,-437
110000226,289,74,215
110000227,675,824,-149
110000228,285,113,172
110000229,3,201,-198
110000230,555,530,25
110000231,157,203,-46
110000232,206,232,-26
110000233,195,291,-96
110000234,643,980,-337
110000235,857,1090,-233
110000236,690,611,79
110000237,2006,1248,758
110000238,1274,1221,53
110000239,2098,1109,989
110000240,0,55,-55
110000242,0,11,-11
110000243,163,159,4
110000244,131,339,-208
110000245,37,314,-277
110000246,1074,502,572
110000247,1593,6574,-4981
110000248,2663,2358,305
110000249,83,10,73
110000250,37,203,-166
110000251,376,628,-252
110000252,334,230,104
110000253,1613,832,781
110000254,864,1429,-565
110000255,195,1017,-822
110000256,491,365,126
110000257,701,419,282
110000258,13,480,-467
110000259,140,39,101
110000260,38,208,-170
110000263,585,137,448
110000264,318,520,-202
110000265,1369,2303,-934
110000266,2156,3748,-1592
110000267,28,266,-238
110000268,422,565,-143
110000269,8,118,-110
110000270,100,16,84
110000271,1413,328,1085
110000272,1561,1252,309
110000273,3695,1940,1755
110000274,244,1801,-1557
110000275,1860,572,1288
110000276,310,438,-128
110000277,369,425,-56
110000278,341,714,-373
110000279,1054,755,299
110000280,576,521,55
110000281,65,402,-337
110000282,300,26,274
110000283,56,167,-111
110000284,60,34,26
110000285,6,811,-805
110000286,28,1,27
110000287,86,2,84
110000288,3,114,-111
110000289,508,2134,-1626
110000290,756,583,173
110000291,5783,1486,4297
110000292,1553,5317,-3764
110000293,792,784,8
110000294,1267,1312,-45
110000295,267,1191,-924
110000296,580,582,-2
110000297,3098,604,2494
110000298,158,606,-448
110000299,308,172,136
110000301,363,42,321
110000302,161,596,-435
110000303,475,9,466
110000304,91,177,-86
110000305,1504,23,1481
110000306,138,1099,-961
110000307,1955,9,1946
110000308,938,7,931
110000309,5,720,-715
110000310,889,65,824
110000311,18,720,-702
110000312,594,134,460
110000313,3166,4322,-1156
110000314,3,283,-280
110000315,3402,3316,86
110000316,621,1502,-881
110000317,438,675,-237
110000318,6,79,-73
110000319,8,58,-50
110000320,74,68,6
110000321,22,39,-17
110000322,398,395,3
110000323,548,184,364
110000324,3188,2003,1185
110000325,2658,3632,-974
110000327,573,341,232
110000328,262,467,-205
110000333,1021,807,214
110000334,977,1610,-633
110000335,961,631,330
110000336,1019,1050,-31
110000337,1648,728,920
110000338,688,222,466
110000339,401,271,130
110000340,42,192,-150
110000341,617,525,92
110000342,491,7,484
110000343,0,17,-17
110000344,242,167,75
110000345,222,145,77
110000346,2354,2315,39
110000347,1197,765,432
110000348,38,16,22
110000349,9,19,-10
110000350,81,6,75
110000351,1346,727,619
110000352,889,1526,-637
110000353,2301,680,1621
110000354,1538,3010,-1472
110000355,147,81,66
110000356,769,12,757
110000357,513,10,503
110000361,66,44,22
110000362,97,86,11
110000363,618,95,523
110000364,359,285,74
110000365,223,1,222
110000366,0,114,-114
110000367,406,219,187
110000368,5,58,-53
110000369,86,5,81
110000373,6,299,-293
110000374,109,10,99
110000375,111,847,-736
110000376,25,74,-49
110000377,112,586,-474
110000378,17,451,-434
110000379,2243,2093,150
110000380,76,11,65
110000383,5,1049,-1044
110000384,1177,729,448
110000385,1,338,-337
110000387,107,4,103
110000388,65,238,-173
110000389,1011,6,1005
110000391,874,298,576
110000396,242,181,61
110000397,181,138,43
110000398,8,37,-29
110000399,196,1,195
110000587,160,76,84
110000589,221,112,109
110000640,237,78,159
110000652,38,491,-453
110000653,387,494,-107
110000654,69,257,-188
110000656,0,449,-449
110000674,29,32,-3
110000675,16,16,0
110000676,0,38,-38
110000679,253,1745,-1492
110000682,117,256,-139
110000683,263,566,-303
110000684,35,84,-49
110000685,13,20,-7
110000686,3,68,-65
110000687,166,11,155
110000688,79,1058,-979
110000689,25,50,-25
110000692,32,125,-93
110000693,48,292,-244
110000694,1,143,-142
110000695,240,711,-471
110000696,103,58,45
110900001,379,15,364
110900002,371,212,159
110900003,1209,484,725
110900004,791,158,633
110900005,2288,2562,-274
110900006,74,24,50
110900007,151,48,103
110900008,14,20,-6
110900009,696,182,514
110900010,11,61,-50
110900011,36,79,-43
110900012,24,75,-51
110900013,1201,124,1077
110900014,254,28,226
110900015,480,938,-458
110900016,43,129,-86
110900017,636,42,594
110900018,687,68,619
110900019,242,38,204
110900020,140,223,-83
110900021,89,459,-370
110900022,88,290,-202
110900023,119,498,-379
110900024,41,318,-277
110900025,10,46,-36
110900027,87,268,-181
110900028,50,156,-106
110900029,26,297,-271
110900030,51,188,-137
110900031,4,147,-143
110900032,0,59,-59
110900033,32,207,-175
110900035,9,468,-459
110900036,112,27,85
110900037,92,21,71
110900038,945,194,751
110900039,11,289,-278
110900040,279,30,249
110900041,23,66,-43
110900042,187,47,140
110900043,4,92,-88
110900044,263,14,249
110900045,60,286,-226
110900046,34,155,-121
110900047,445,400,45
110900049,137,112,25
110900050,29,4,25
110900051,23,191,-168
110900052,5,156,-151
110900053,130,33,97
110900054,31,163,-132
110900055,13,4,9
110900056,69,120,-51
110900057,5,128,-123
110900058,342,205,137
110900059,708,483,225
110900060,607,156,451
110900061,16,41,-25
110900062,213,200,13
110900063,30,124,-94
110900064,8,0,8
110900065,289,110,179
110900066,13,56,-43
110900067,307,732,-425
110900068,228,225,3
110900069,9,13,-4
110900070,129,72,57
110900071,245,1029,-784
110900073,0,28,-28
110900074,486,97,389
110900075,433,89,344
110900077,1094,785,309
110900078,57,46,11
110900079,1907,1743,164
110900080,213,106,107
110900081,15,40,-25
110900082,263,119,144
110900083,142,59,83
110900084,71,73,-2
110900085,88,250,-162
110900086,112,404,-292
110900087,470,99,371
110900088,12,2,10
110900090,35,65,-30
110900091,0,53,-53
110900093,266,128,138
110900095,125,98,27
110900097,28,4,24
110900098,47,52,-5
110900099,70,389,-319
110900100,0,23,-23
110900102,61,13,48
110900105,1099,239,860
110900108,18,67,-49
110900111,400,200,200
110900112,1151,17,1134
110900113,471,82,389
110900115,11,67,-56
110900116,834,1477,-643
110900118,127,3960,-3833
110900119,3057,318,2739
110900120,21,62,-41
110900121,202,1,201
110900122,498,209,289
110900125,570,481,89
110900127,677,1899,-1222
110900128,233,345,-112
110900129,426,1165,-739
110900130,844,649,195
110900131,341,68,273
110900132,488,89,399
110900133,131,160,-29
110900135,120,282,-162
110900136,438,17,421
110900137,31,1,30
110900138,786,653,133
110900139,3,120,-117
110900140,41,2,39
110900141,4,196,-192
110900142,81,170,-89
110900143,276,108,168
110900144,2,526,-524
110900145,222,76,146
110900146,298,237,61
110900147,79,344,-265
110900148,8,280,-272
110900149,4,66,-62
110900150,78,28,50
110900151,11,90,-79
110900152,38,190,-152
110900153,162,68,94
111000001,358,306,52
111000002,289,496,-207
111000003,1318,727,591
111000004,471,795,-324
111000005,1765,1334,431
111000006,940,1788,-848
111000007,4965,3328,1637
111000008,1985,3057,-1072
111000009,463,957,-494
111000010,961,255,706
111000011,217,955,-738
111000012,293,344,-51
111000013,396,811,-415
111000014,1099,500,599
111000017,90,1026,-936
111000018,243,359,-116
111000020,669,2168,-1499
111000021,110,98,12
111000023,124,70,54
111000025,3490,3991,-501
111000029,117,94,23
111000030,38,122,-84
111000031,2347,1418,929
111000032,473,372,101
111000033,340,359,-19
111000034,100,244,-144
111000037,1384,821,563
111000038,3425,2214,1211
111000039,1972,2144,-172
111000040,1754,2060,-306
111000041,1643,1523,120
111000042,2535,2235,300
111000043,2372,3679,-1307
111000044,2112,1271,841
111000045,2887,2749,138
111000046,2330,2250,80
111000047,2940,4954,-2014
111000049,556,572,-16
111000050,1350,1161,189
111000051,611,947,-336
111000052,620,1614,-994
111000053,372,831,-459
111000054,419,674,-255
111000055,1097,1502,-405
111000056,161,459,-298
111000057,103,420,-317
111000058,479,79,400
111000059,544,261,283
111000060,4644,970,3674
111000061,694,408,286
111000062,881,415,466
111000063,1953,1097,856
111000064,914,637,277
111000065,1473,1003,470
111000066,643,521,122
111000067,642,615,27
111000068,738,1030,-292
111000069,1693,2034,-341
111000070,655,634,21
111000071,128,528,-400
111000072,1087,379,708
111000073,347,733,-386
111000074,1789,1810,-21
111000075,1062,660,402
111000076,627,655,-28
111000077,1978,1586,392
111000078,3119,1437,1682
111000079,1377,874,503
111000080,620,666,-46
111000081,1671,4041,-2370
111000082,912,537,375
111000084,913,541,372
111000085,946,1021,-75
111000086,2272,892,1380
111000087,794,585,209
111000088,5026,2684,2342
111000089,768,766,2
111000090,863,1425,-562
111000091,891,448,443
111000092,1657,921,736
111000093,916,1203,-287
111000094,1885,1179,706
111000095,788,2465,-1677
111000096,1765,8410,-6645
111000097,3872,1316,2556
111000098,703,1042,-339
111000099,651,1607,-956
111000100,414,1249,-835
111000101,407,801,-394
111000102,328,721,-393
111000104,876,236,640
111000107,132,666,-534
111000109,984,276,708
111000110,1603,657,946
111000111,2764,557,2207
111000112,2494,707,1787
111000113,1029,1648,-619
111000114,1780,3606,-1826
111000115,5131,1248,3883
111000116,933,940,-7
111000117,405,931,-526
111000118,1285,772,513
111000119,1378,999,379
111000120,620,625,-5
111000121,323,666,-343
111000122,635,1082,-447
111000123,1315,2438,-1123
111000124,437,2081,-1644
111000125,265,1104,-839
111000126,84,670,-586
111000127,1225,166,1059
111000128,2354,332,2022
111000129,3334,470,2864
111000130,2814,640,2174
111000131,2421,614,1807
111000132,1916,1013,903
111000133,216,162,54
111000134,178,96,82
111000135,67,132,-65
111000136,372,285,87
111000138,22,2,20
111000140,2,9,-7
111000141,204,329,-125
111000142,26,120,-94
111000143,6,142,-136
111000144,19,420,-401
111000145,677,11,666
111000146,86,18,68
111000147,303,22,281
111000148,162,98,64
111000149,14,33,-19
111000150,26,3,23
111000151,8,18,-10
111000153,561,753,-192
111000154,667,247,420
111000155,97,169,-72
111000156,476,746,-270
111000157,268,1174,-906
111000158,1009,709,300
111000159,2458,721,1737
111000160,509,295,214
111000161,25,290,-265
111000162,84,135,-51
111000163,792,841,-49
111000164,529,3519,-2990
111000165,1019,438,581
111000166,1689,335,1354
111000167,155,388,-233
111000168,274,498,-224
111000169,333,640,-307
111000170,407,389,18
111000171,586,519,67
111000172,189,370,-181
111000173,344,680,-336
111000174,244,260,-16
111000175,32,355,-323
111000176,533,120,413
111000177,413,192,221
111000178,1101,239,862
111000179,315,187,128
111000180,327,472,-145
111000181,1558,185,1373
111000182,265,166,99
111000183,355,346,9
111000184,407,253,154
111000185,418,343,75
111000186,369,289,80
111000187,197,173,24
111000188,328,298,30
111000189,786,629,157
111000190,244,284,-40
111000191,186,304,-118
111000192,182,340,-158
111000193,266,229,37
111000194,60,233,-173
111000195,134,273,-139
111000196,71,142,-71
111000197,481,90,391
111000198,682,109,573
111000199,258,149,109
111000200,444,311,133
111000201,747,219,528
111000202,355,170,185
111000203,339,300,39
111000204,476,1081,-605
111000213,267,402,-135
111000214,1785,1133,652
111000215,1127,1141,-14
111000217,1728,1050,678
111000218,1413,1343,70
111000219,450,204,246
111000220,1386,706,680
111000221,582,127,455
111000224,0,196,-196
111000225,340,70,270
111000226,143,2,141
111000227,26,6,20
111000228,36,450,-414
111000229,82,1107,-1025
111000230,400,323,77
111000231,1182,615,567
111000232,770,762,8
111000233,1296,707,589
111000234,229,621,-392
111000239,115,128,-13
111000240,85,317,-232
111000241,64,269,-205
111000242,269,90,179
111000243,144,461,-317
111000244,634,118,516
111000245,1304,404,900
111000246,772,292,480
111000247,511,680,-169
111000248,885,398,487
111000249,493,495,-2
111000250,40,81,-41
111000251,83,116,-33
111000253,25,9,16
111000255,34,9,25
111000257,59,11,48
111000260,114,831,-717
111000261,1759,152,1607
111000271,38,222,-184
111000273,3190,1185,2005
111000274,1399,2485,-1086
111000275,139,54,85
111000276,281,1325,-1044
111000277,221,369,-148
111000278,736,242,494
111000291,782,6923,-6141
111000298,626,241,385
111000299,746,174,572
111000300,114,479,-365
111000302,358,90,268
111000303,125,224,-99
111000312,66,71,-5
111000315,0,22,-22
111000320,272,670,-398
111000321,574,121,453
111000322,369,348,21
111000323,315,19,296
111000324,417,198,219
111000325,57,62,-5
111000326,241,239,2
111000327,401,271,130
111000328,273,469,-196
111000329,0,28,-28
111000330,90,9,81
111000331,45,16,29
111000332,662,1337,-675
111000334,392,965,-573
111000335,869,296,573
111000337,1882,418,1464
111000338,146,147,-1
111000339,968,297,671
111000340,141,453,-312
111000341,1450,663,787
111000342,148,566,-418
111000344,1314,697,617
111000345,149,42,107
111000346,14,148,-134
111000347,224,10,214
111000350,123,105,18
111000351,127,240,-113
111000352,221,120,101
111000353,176,227,-51
111000354,695,140,555
111000355,445,704,-259
111000358,202,798,-596
111000360,255,507,-252
111000361,188,194,-6
111000546,870,595,275
111000547,575,396,179
111000548,198,311,-113
111000549,424,257,167
111000550,77,857,-780
111000551,579,180,399
111000552,1172,138,1034
111000907,173,9,164
111000908,23,0,23
111000916,2292,316,1976
111000917,60,393,-333
111000918,271,593,-322
111000920,524,16,508
111000921,6,163,-157
111000922,661,269,392
111000924,52,612,-560
111000925,2942,1984,958
111000926,973,1097,-124
111000927,3331,4637,-1306
111000928,4050,2843,1207
111000929,1685,1405,280
111000930,763,1957,-1194
111000931,2768,3021,-253
111000932,3767,2062,1705
111000933,3849,2659,1190
111000934,1840,3222,-1382
111000935,1912,977,935
111000936,1045,1789,-744
111000937,1082,1385,-303
111000938,1329,1141,188
111000939,697,43,654
111000940,704,118,586
111000941,433,394,39
111000943,637,324,313
111000944,180,278,-98
111000945,108,1108,-1000
111001109,583,548,35
111001110,127,436,-309
111001111,85,17,68
111001112,82,1,81
111001113,0,171,-171
111001114,790,106,684
111001115,21,734,-713
111001116,4029,4270,-241
111001117,624,2922,-2298
111001120,135,234,-99
111001121,160,171,-11
111001122,28,195,-167
111900001,14,122,-108
111900002,27,534,-507
111900003,11,297,-286
111900004,58,100,-42
111900006,25,52,-27
111900007,144,10,134
111900008,296,1,295
111900009,287,179,108
111900010,308,423,-115
111900012,57,74,-17
111900013,11,55,-44
111900014,4134,4900,-766
111900015,0,69,-69
111900016,1,95,-94
111900017,1,103,-102
111900018,183,3,180
111900019,1,161,-160
111900020,5,49,-44
111900021,21,103,-82
111900022,27,61,-34
111900023,177,85,92
111900024,2,55,-53
111900025,0,52,-52
111900026,0,49,-49
111900027,2,86,-84
111900028,1,258,-257
111900029,10,63,-53
111900030,32,394,-362
111900031,17,29,-12
111900032,3,243,-240
111900033,12,72,-60
111900034,198,317,-119
111900035,58,178,-120
111900036,0,215,-215
111900038,266,480,-214
111900039,66,317,-251
111900040,2,343,-341
111900042,28,130,-102
111900043,1,260,-259
111900044,258,203,55
111900046,48,133,-85
111900048,294,512,-218
111900049,17,209,-192
111900050,174,49,125
111900051,6,215,-209
111900052,269,383,-114
111900053,978,2083,-1105
111900054,263,5,258
111900055,17,292,-275
111900056,166,373,-207
111900057,215,13,202
111900058,626,469,157
111900059,1345,732,613
111900060,424,4,420
111900061,11,165,-154
111900062,24,96,-72
111900063,413,290,123
111900064,64,200,-136
111900065,145,50,95
111900066,177,132,45
111900067,2,295,-293
111900068,88,74,14
111900069,84,35,49
111900070,214,110,104
111900071,1,162,-161
111900072,59,36,23
111900073,1130,252,878
111900074,13,185,-172
111900075,106,18,88
111900076,232,105,127
111900077,106,8,98
111900078,372,29,343
111900079,54,41,13
111900080,249,321,-72
111900081,586,243,343
111900082,188,33,155
111900083,179,13,166
111900084,125,13,112
111900085,63,156,-93
111900086,50,3,47
111900087,93,1,92
111900088,697,10,687
111900089,106,5,101
111900090,104,70,34
111900091,318,2,316
111900092,174,2,172
111900093,631,2,629
111900094,138,1,137
111900095,320,61,259
111900096,260,2,258
111900097,97,0,97
111900098,321,3,318
111900099,78,0,78
111900100,165,8,157
111900101,102,16,86
111900102,793,453,340
111900103,84,124,-40
111900104,125,77,48
111900105,507,410,97
111900106,1160,60,1100
111900107,103,122,-19
111900108,173,234,-61
111900109,396,597,-201
111900110,1635,447,1188
111900111,247,115,132
111900112,513,3376,-2863
111900113,238,71,167
111900114,137,133,4
111900115,6,29,-23
111900118,282,115,167
111900119,377,196,181
111900122,115,98,17
111900123,29,40,-11
111900124,62,87,-25
111900125,743,45,698
111900126,328,4,324
111900127,0,489,-489
111900128,1,404,-403
111900129,457,6,451
111900130,261,41,220
111900131,594,6,588
111900132,18,800,-782
111900133,16,268,-252
111900134,15,231,-216
111900135,19,45,-26
111900136,76,158,-82
111900137,76,47,29
111900138,35,79,-44
111900139,23,76,-53
111900140,165,39,126
111900141,53,22,31
111900142,137,41,96
111900143,38,136,-98
111900144,0,59,-59
111900145,2,314,-312
111900146,4,173,-169
111900147,144,392,-248
111900148,21,506,-485
111900149,4,236,-232
111900150,43,138,-95
111900151,1,28,-27
111900152,104,93,11
111900153,1008,818,190
111900154,21,357,-336
111900155,58,105,-47
111900156,93,98,-5
111900157,211,17,194
111900158,678,91,587
111900159,431,45,386
111900160,417,4,413
111900161,236,3,233
111900162,85,174,-89
111900163,41,190,-149
111900164,85,79,6
111901113,630,168,462
111901114,200,228,-28
111901115,96,5,91
111901116,83,2,81
111901117,24,34,-10
111901118,70,255,-185
111901119,563,74,489
111901120,85,200,-115
111901121,119,163,-44
111901122,7,333,-326
111901123,276,265,11
111901124,261,6,255
111901125,338,53,285
111901126,155,66,89
111901127,527,879,-352
111901128,16,91,-75
111901129,10,145,-135
111901130,5,154,-149
111901131,8,288,-280
111901132,71,21,50
111901133,36,7,29
111901134,124,5,119
111901135,43,11,32
111901136,45,58,-13
111901137,3,58,-55
111901138,205,38,167
111901139,17,25,-8
111901140,8,81,-73
111901141,5,93,-88
111901142,5,77,-72
111901143,1,85,-84
111901144,19,50,-31
112000001,2310,686,1624
112000002,575,1916,-1341
112000003,2139,1302,837
112000004,737,815,-78
112000005,4268,4284,-16
112000006,2120,1762,358
112000007,4494,2788,1706
112000008,2976,3930,-954
112000009,3005,2440,565
112000010,3509,4228,-719
112000011,1538,1497,41
112000012,5153,6973,-1820
112000013,3618,3777,-159
112000014,2588,3838,-1250
112000015,2701,4560,-1859
112000016,4925,2613,2312
112000017,2272,4477,-2205
112000024,2189,986,1203
112000026,2964,3448,-484
112000027,982,674,308
112000028,1049,1498,-449
112000029,808,889,-81
112000030,97,84,13
112000031,1467,5919,-4452
112000032,203,64,139
112000033,1891,3601,-1710
112000034,168,69,99
112000035,107,692,-585
112000036,755,1707,-952
112000037,1281,1079,202
112000038,1740,1639,101
112000039,104,72,32
112000040,87,185,-98
112000041,422,468,-46
112000042,1164,462,702
112000050,1463,1557,-94
112000051,1430,2004,-574
112000054,1728,1609,119
112000057,796,492,304
112000058,328,674,-346
112000059,748,1194,-446
112000061,2646,1757,889
112000062,1825,1544,281
112000063,1413,2877,-1464
112000064,3899,4914,-1015
112000065,1643,2304,-661
112000066,4059,1745,2314
112000067,830,716,114
112000068,3480,2763,717
112000069,652,1897,-1245
112000070,2290,1154,1136
112000071,1327,2600,-1273
112000072,3437,1139,2298
112000073,2114,2643,-529
112000074,1891,1516,375
112000075,1602,1469,133
112000076,3677,2596,1081
112000077,821,536,285
112000078,2102,679,1423
112000079,1643,1410,233
112000080,905,692,213
112000081,1307,2430,-1123
112000082,1748,764,984
112000083,722,1257,-535
112000084,1758,861,897
112000085,1329,1082,247
112000086,2248,1255,993
112000087,544,356,188
112000088,991,481,510
112000089,337,290,47
112000090,277,259,18
112000091,718,850,-132
112000092,2613,1189,1424
112000093,1733,850,883
112000094,911,910,1
112000095,785,758,27
112000096,792,681,111
112000097,1801,945,856
112000098,1110,885,225
112000099,1002,2199,-1197
112000100,2537,846,1691
112000101,642,813,-171
112000102,1827,501,1326
112000103,442,868,-426
112000105,544,1327,-783
112000106,2077,403,1674
112000107,35,290,-255
112000108,210,1354,-1144
112000109,116,83,33
112000110,1723,545,1178
112000111,953,4308,-3355
112000112,5132,805,4327
112000113,975,1597,-622
112000114,2970,1108,1862
112000115,394,382,12
112000116,922,1037,-115
112000117,1152,895,257
112000118,1055,770,285
112000119,441,588,-147
112000120,111,272,-161
112000121,168,367,-199
112000122,345,140,205
112000123,958,176,782
112000124,483,79,404
112000125,241,315,-74
112000126,341,366,-25
112000127,2540,2900,-360
112000128,921,961,-40
112000129,142,92,50
112000130,264,89,175
112000131,50,223,-173
112000132,129,190,-61
112000133,415,163,252
112000134,548,293,255
112000135,1823,737,1086
112000136,1247,1193,54
112000137,2024,1838,186
112000138,1701,1294,407
112000139,938,791,147
112000140,805,1131,-326
112000141,1067,372,695
112000142,190,514,-324
112000143,1271,215,1056
112000144,334,881,-547
112000145,3150,529,2621
112000146,613,1354,-741
112000147,2718,1834,884
112000148,1528,1783,-255
112000149,694,507,187
112000150,291,547,-256
112000151,393,327,66
112000152,385,371,14
112000153,124,222,-98
112000154,173,184,-11
112000155,126,171,-45
112000157,676,629,47
112000158,356,349,7
112000159,612,371,241
112000167,524,99,425
112000169,292,394,-102
112000173,994,278,716
112000175,440,346,94
112000176,2613,2150,463
112000177,1062,306,756
112000178,97,329,-232
112000179,329,105,224
112000180,306,398,-92
112000181,1532,1662,-130
112000182,1896,1211,685
112000183,43,61,-18
112000184,465,293,172
112000185,735,382,353
112000187,5995,3695,2300
112000195,251,35,216
112000196,349,3,346
112000197,237,339,-102
112000198,42,359,-317
112000199,123,788,-665
112000202,604,0,604
112000216,94,212,-118
112000230,118,7,111
112000231,2,257,-255
112000256,84,332,-248
112000313,75,165,-90
112000314,93,52,41
112000337,445,697,-252
112000352,358,551,-193
112000392,2188,1647,541
112000398,1743,878,865
112000399,1580,2520,-940
112000400,1785,2384,-599
112000401,2234,1998,236
112000402,3940,4168,-228
112000403,1814,3546,-1732
112000404,1125,1188,-63
112000405,2588,3407,-819
112000406,3073,1916,1157
112000407,9771,9625,146
112000408,7672,4967,2705
112000409,1552,3308,-1756
112000410,659,477,182
112000411,3291,1940,1351
112000412,1599,635,964
112000413,6642,7438,-796
112000414,78,72,6
112000415,128,52,76
112000416,3160,1480,1680
112000417,329,73,256
112000421,76,111,-35
112000422,419,265,154
112000424,1765,3164,-1399
112000425,528,587,-59
112000426,163,326,-163
112000427,0,11,-11
112000428,327,269,58
112000429,2241,2456,-215
112000430,2698,3116,-418
112000431,82,209,-127
112000432,816,963,-147
112000433,429,1023,-594
112000437,61,132,-71
112900001,90,0,90
112900002,638,799,-161
112900003,78,277,-199
112900004,95,255,-160
112900005,300,152,148
112900006,15,255,-240
112900007,52,150,-98
112900008,3,36,-33
112900009,488,140,348
112900010,488,740,-252
112900011,136,202,-66
112900012,0,17,-17
112900013,16,349,-333
112900014,9,261,-252
112900015,454,714,-260
112900016,4,218,-214
112900017,41,216,-175
112900018,0,153,-153
112900019,29,185,-156
112900020,422,1217,-795
112900021,2,138,-136
112900022,22,94,-72
112900023,0,95,-95
112900024,21,223,-202
112900025,162,304,-142
112900026,2,161,-159
112900027,6,794,-788
112900028,9,170,-161
112900029,23,375,-352
112900030,93,95,-2
112900031,5,338,-333
112900032,325,223,102
112900034,1,58,-57
112900035,4,300,-296
112900036,60,152,-92
112900037,122,242,-120
112900038,866,261,605
112900039,12,209,-197
112900040,11,468,-457
112900041,950,1742,-792
112900042,87,361,-274
112900043,36,110,-74
112900044,540,595,-55
112900045,250,346,-96
112900046,183,72,111
112900047,10,27,-17
112900049,294,68,226
112900050,45,708,-663
112900051,292,556,-264
112900052,4,616,-612
112900053,247,152,95
112900054,152,64,88
112900055,162,64,98
112900056,529,287,242
112900057,25,402,-377
112900058,448,485,-37
112900059,128,170,-42
112900060,40,167,-127
112900061,105,118,-13
112900062,66,125,-59
112900063,91,23,68
112900064,244,251,-7
112900065,41,33,8
112900066,427,313,114
112900067,368,163,205
112900068,57,40,17
112900069,1565,932,633
112900071,36,7,29
112900072,184,2626,-2442
112900073,317,144,173
112900074,155,335,-180
112900075,1194,1214,-20
112900076,62,46,16
112900078,484,507,-23
112900079,368,41,327
112900080,103,7,96
112900081,63,265,-202
112900082,756,18,738
112900083,149,139,10
112900084,316,187,129
112900085,1,13,-12
112900086,110,2,108
112900087,985,204,781
112900088,292,24,268
112900089,1512,56,1456
112900090,82,52,30
112900091,335,13,322
112900092,202,361,-159
112900093,1459,32,1427
112900094,102,10,92
112900095,92,4,88
112900096,687,245,442
112900097,136,384,-248
112900098,323,1,322
112900099,1310,85,1225
112900100,103,1,102
112900101,470,4,466
112900102,258,17,241
112900103,234,5,229
112900104,43,1,42
112900105,42,2,40
112900106,471,163,308
112900107,15,2,13
112900108,19,0,19
112900109,154,0,154
112900110,1680,22,1658
112900111,921,5,916
112900112,325,4,321
112900113,0,10,-10
112900114,232,19,213
112900115,1710,7,1703
112900116,216,38,178
112900117,73,73,0
112900118,45,98,-53
112900119,215,6,209
112900120,733,285,448
112900121,112,184,-72
112900122,19,112,-93
112900123,103,26,77
112900124,11,104,-93
112900125,115,662,-547
112900126,177,222,-45
112900127,459,80,379
112900128,245,826,-581
112900129,9,795,-786
112900130,315,112,203
112900131,40,258,-218
112900132,154,328,-174
112900133,30,967,-937
112900134,0,330,-330
112900135,117,57,60
112900136,1,27,-26
112900137,0,371,-371
112900138,5,225,-220
112900139,221,1317,-1096
112900140,0,64,-64
112900141,1150,80,1070
112900142,96,279,-183
112900143,55,552,-497
112900144,3,182,-179
112900145,56,522,-466
112900146,6,861,-855
112900147,1,1161,-1160
112900148,68,2,66
112900149,393,307,86
112900151,16,56,-40
112900152,3212,802,2410
112900153,1600,3054,-1454
112900154,0,91,-91
112900155,260,47,213
112900156,369,885,-516
112900157,500,84,416
112900158,106,32,74
112900159,271,209,62
112900160,88,206,-118
112900161,104,58,46
112900162,33,15,18
112900163,72,48,24
112900164,43,183,-140
112900165,85,50,35
112900166,26,71,-45
112900167,10,88,-78
112900168,4,4,0
112900169,12,18,-6
112900170,201,131,70
112900172,46,20,26
112900173,194,104,90
112900174,329,64,265
112900175,151,227,-76
112900176,11,38,-27
112900177,215,68,147
112900178,940,2817,-1877
112900179,37,423,-386
112900180,2419,1442,977
112900181,752,10,742
112900182,44,757,-713
112900183,159,392,-233
112900184,484,652,-168
112900185,360,802,-442
112900186,1528,1503,25
112900187,117,746,-629
112900188,757,1594,-837
112900189,8,43,-35
112900190,17,125,-108
112900192,946,925,21
112900193,1840,430,1410
112900194,94,85,9
112900195,1325,75,1250
112900196,345,472,-127
112900197,255,458,-203
112900199,881,485,396
112900200,698,194,504
112900201,226,113,113
112900202,482,786,-304
112900203,388,204,184
112900204,973,699,274
112900205,13,9,4
112900206,46,78,-32
112900207,25,0,25
112900208,100,380,-280
112900209,460,385,75
112900210,2,14,-12
112900211,88,28,60
112900212,4,71,-67
112900213,57,14,43
112900214,13,11,2
112900215,16,168,-152
112900216,32,58,-26
112900217,4,63,-59
112900218,146,18,128
112900219,109,14,95
112900220,20,0,20
112900221,55,115,-60
112900222,0,47,-47
112900223,1560,39,1521
112900224,560,451,109
112900225,611,324,287
112900226,341,545,-204
112900227,1050,857,193
112900228,81,55,26
112900229,349,43,306
112900230,8225,4796,3429
112900232,367,409,-42
112900233,68,202,-134
112900234,36,79,-43
112900235,142,34,108
112900236,537,27,510
112900237,277,135,142
112900238,5,24,-19
113000001,7605,4703,2902
113000002,4478,3630,848
113000003,2191,1584,607
113000004,1721,2374,-653
113000005,2421,1199,1222
113000006,1220,1431,-211
113000007,2695,1252,1443
113000008,1898,1819,79
113000009,1494,807,687
113000010,1384,1377,7
113000011,905,1483,-578
113000012,2266,735,1531
113000013,1483,743,740
113000014,1494,1642,-148
113000015,431,221,210
113000016,382,963,-581
113000017,74,379,-305
113000018,412,44,368
113000019,278,461,-183
113000020,496,79,417
113000021,1279,494,785
113000022,751,1257,-506
113000025,97,399,-302
113000026,654,705,-51
113000027,840,843,-3
113000028,966,929,37
113000029,1077,778,299
113000030,485,696,-211
113000031,220,298,-78
113000032,296,289,7
113000033,372,497,-125
113000034,329,363,-34
113000035,55,65,-10
113000036,44,108,-64
113000037,90,52,38
113000038,37,88,-51
113000039,201,366,-165
113000040,54,78,-24
113000042,992,643,349
113000051,1029,2406,-1377
113000052,2269,841,1428
113000053,506,419,87
113000054,516,721,-205
113000055,1355,519,836
113000056,1271,926,345
113000058,812,923,-111
113000059,1342,623,719
113000060,329,493,-164
113000061,470,808,-338
113000062,710,350,360
113000063,279,82,197
113000064,59,250,-191
113000065,135,718,-583
113000066,987,105,882
113000067,2951,1263,1688
113000068,488,1067,-579
113000069,617,998,-381
113000070,3657,1214,2443
113000071,655,663,-8
113000072,1266,568,698
113000073,565,1472,-907
113000074,1221,574,647
113000075,2163,849,1314
113000076,622,2192,-1570
113000077,1477,855,622
113000078,777,2870,-2093
113000079,763,841,-78
113000080,683,931,-248
113000081,1136,1106,30
113000082,1500,1036,464
113000083,609,944,-335
113000084,1784,1483,301
113000085,961,795,166
113000086,1008,1345,-337
113000087,931,1078,-147
113000088,2508,1529,979
113000089,919,1710,-791
113000090,412,747,-335
113000091,547,357,190
113000094,1454,233,1221
113000095,259,827,-568
113000096,185,833,-648
113000097,1274,558,716
113000098,209,75,134
113000099,1516,500,1016
113000100,142,473,-331
113000101,371,682,-311
113000102,776,513,263
113000103,2148,490,1658
113000104,716,2161,-1445
113000105,1180,667,513
113000106,472,614,-142
113000107,1048,759,289
113000108,837,1010,-173
113000109,752,1662,-910
113000110,2010,533,1477
113000111,130,589,-459
113000112,277,317,-40
113000113,1451,384,1067
113000114,307,1798,-1491
113000116,736,395,341
113000117,1133,141,992
113000118,129,733,-604
113000119,324,417,-93
113000120,71,292,-221
113000121,727,1182,-455
113000124,300,123,177
113000125,107,965,-858
113000127,2335,320,2015
113000128,695,575,120
113000129,700,883,-183
113000133,2401,2139,262
113000134,11,1199,-1188
113000135,5054,4933,121
113000137,2006,4369,-2363
113000139,494,257,237
113000140,138,305,-167
113000141,349,256,93
113000142,560,1582,-1022
113000143,326,265,61
113000144,266,861,-595
113000145,101,150,-49
113000146,210,63,147
113000147,340,173,167
113000148,304,179,125
113000149,201,210,-9
113000150,888,352,536
113000151,117,83,34
113000152,63,142,-79
113000153,1554,675,879
113000154,948,1761,-813
113000155,431,693,-262
113000156,192,423,-231
113000157,332,938,-606
113000158,886,258,628
113000159,1359,597,762
113000160,652,1196,-544
113000161,347,496,-149
113000162,1024,378,646
113000163,151,63,88
113000164,30,119,-89
113000166,199,94,105
113000167,50,115,-65
113000168,117,150,-33
113000169,279,73,206
113000170,118,85,33
113000171,69,119,-50
113000172,330,65,265
113000173,92,32,60
113000174,174,375,-201
113000175,508,88,420
113000176,562,155,407
113000177,226,474,-248
113000178,255,311,-56
113000179,365,207,158
113000180,806,1100,-294
113000181,1053,855,198
113000182,145,543,-398
113000183,171,591,-420
113000184,20,159,-139
113000189,384,1222,-838
113000190,869,624,245
113000192,974,3294,-2320
113000193,3761,2102,1659
113000194,1315,1402,-87
113000195,2354,1677,677
113000196,193,68,125
113000197,1562,1726,-164
113000198,93,259,-166
113000199,1797,465,1332
113000201,268,386,-118
113000202,4603,1430,3173
113000203,213,187,26
113000204,1030,3181,-2151
113000205,17,35,-18
113000206,13,58,-45
113000207,80,46,34
113000208,56,108,-52
113000209,23,42,-19
113000210,5,26,-21
113000211,151,222,-71
113000212,76,38,38
113000213,31,132,-101
113000214,149,240,-91
113000234,254,802,-548
113000410,143,294,-151
113000411,2908,4891,-1983
113000412,5578,2593,2985
113000413,2316,3559,-1243
113000414,5797,15680,-9883
113000415,2422,3258,-836
113000416,8282,4568,3714
113000417,3834,3619,215
113000418,5286,4255,1031
113000419,2495,3539,-1044
113000420,5012,8201,-3189
113000421,4552,8222,-3670
113000422,12754,13556,-802
113000423,2395,6651,-4256
113000424,3138,9939,-6801
113000425,4,43,-39
113000428,22,8,14
113000430,7,51,-44
113000432,2686,211,2475
113000433,66,751,-685
113000434,17,137,-120
113000435,14,503,-489
113000436,17,1021,-1004
113000437,1450,27,1423
113000438,261,22,239
113000439,26,72,-46
113000440,112,33,79
113000441,213,196,17
113000442,133,213,-80
113000443,298,316,-18
113000444,226,164,62
113000445,137,96,41
113000446,30,69,-39
113000448,182,213,-31
113000449,213,467,-254
113000450,616,1704,-1088
113000451,1315,203,1112
113000452,263,352,-89
113000453,42,436,-394
113000454,447,46,401
113000455,5,422,-417
113000456,4351,3570,781
113000468,1459,199,1260
113000469,76,207,-131
113000470,436,25,411
113000471,16,342,-326
113000472,136,299,-163
113000474,758,614,144
113000475,1670,1944,-274
113000476,1868,2083,-215
113000477,4183,2092,2091
113000478,4044,4681,-637
113000479,112,153,-41
113000480,89,329,-240
113000482,0,0,0
113000483,0,0,0
113000485,0,0,0
113000486,0,0,0
113000487,0,0,0
113000488,0,0,0
113000489,0,0,0
113000490,0,0,0
113000491,2,0,2
113000492,0,1,-1
113000493,0,0,0
113000495,130,103,27
113000496,92,64,28
113000497,0,0,0
113000500,0,3,-3
113900001,2,381,-379
113900002,0,77,-77
113900003,1,54,-53
113900004,3,62,-59
113900005,3,77,-74
113900006,5,22,-17
113900007,47,21,26
113900008,26,0,26
113900009,97,1,96
113900010,54,1,53
113900011,56,0,56
113900012,30,0,30
113900013,235,9,226
113900014,697,1,696
113900015,0,66,-66
113900016,43,0,43
113900017,0,36,-36
113900018,379,290,89
113900019,230,38,192
113900020,183,3,180
113900022,64,1,63
113900023,27,1,26
113900024,55,79,-24
113900025,386,42,344
113900026,105,1,104
113900027,1,42,-41
113900028,33,357,-324
113900029,100,175,-75
113900030,317,5,312
113900031,24,2,22
113900032,57,1,56
113900033,60,76,-16
113900035,57,0,57
113900036,27,81,-54
113900037,208,354,-146
113900038,35,96,-61
113900039,211,57,154
113900040,15,42,-27
113900041,2,1,1
113900042,83,42,41
113900043,215,159,56
113900044,234,284,-50
113900045,67,1,66
113900046,486,701,-215
113900047,50,109,-59
113900048,197,113,84
113900049,472,316,156
113900050,318,333,-15
113900051,272,368,-96
113900052,185,168,17
113900053,873,539,334
113900054,39,1,38
113900055,156,477,-321
113900056,71,167,-96
113900057,22,59,-37
113900058,89,137,-48
113900059,306,404,-98
113900060,105,238,-133
113900061,935,264,671
113900062,131,22,109
113900063,121,166,-45
113900064,25,106,-81
113900065,537,12,525
113900066,437,256,181
113900067,210,345,-135
113900068,782,555,227
113900069,81,30,51
113900070,231,498,-267
113900071,72,59,13
113900072,69,145,-76
113900073,201,256,-55
113900074,267,678,-411
113900075,1237,1470,-233
113900076,324,10,314
113900077,74,164,-90
113900078,28,75,-47
113900079,1,35,-34
113900080,687,222,465
113900081,82,228,-146
113900082,131,228,-97
113900083,503,281,222
113900084,317,123,194
113900085,61,244,-183
113900086,41,17,24
113900087,141,212,-71
113900088,72,98,-26
113900089,421,76,345
113900090,760,397,363
113900091,12,17,-5
113900092,32,117,-85
113900093,65,945,-880
113900094,688,442,246
113900095,179,117,62
113900096,414,85,329
113900097,52,113,-61
113900098,808,108,700
113900099,3,38,-35
113900100,1,8,-7
113900101,15,98,-83
113900102,167,188,-21
113900103,354,422,-68
113900104,156,230,-74
113900105,192,154,38
113900106,0,46,-46
113900107,3,33,-30
113900108,224,324,-100
113900109,422,229,193
113900110,79,16,63
113900111,158,80,78
113900112,126,66,60
113900113,1140,576,564
113900114,1,72,-71
113900115,2,68,-66
113900116,210,188,22
113900117,122,22,100
113900118,299,532,-233
113900119,165,556,-391
113900120,74,54,20
113900121,103,83,20
113900122,526,2437,-1911
113900123,506,227,279
113900124,2,92,-90
113900125,879,146,733
113900126,184,58,126
113900127,372,899,-527
113900128,165,88,77
113900129,19,195,-176
113900130,2,90,-88
113900131,371,84,287
113900132,41,76,-35
113900133,15,49,-34
113900135,312,227,85
113900136,159,95,64
113900137,432,302,130
113900138,59,342,-283
113900139,302,188,114
113900140,236,509,-273
113900141,779,276,503
113900142,180,91,89
113900143,18,47,-29
113900144,247,404,-157
113900145,517,214,303
113900146,208,53,155
113900148,156,371,-215
113900149,227,105,122
113900150,542,572,-30
113900151,613,213,400
113900152,45,30,15
113900153,267,714,-447
113900154,8,153,-145
113900155,195,212,-17
113900156,328,421,-93
113900157,59,310,-251
113900158,452,608,-156
113900159,18,284,-266
113900160,587,469,118
113900161,94,274,-180
113900162,518,1299,-781
113900163,323,281,42
113900164,349,47,302
113900165,825,536,289
113900166,265,224,41
113900167,307,62,245
113900168,78,99,-21
113900169,240,382,-142
113900171,235,77,158
113900172,12,166,-154
113900173,32,442,-410
113900174,589,620,-31
113900175,389,159,230
113900176,402,564,-162
113900177,371,216,155
113900178,339,158,181
113900179,15,355,-340
113900180,165,103,62
113900181,1140,190,950
113900182,928,1003,-75
113900183,68,68,0
113900184,16,343,-327
113900185,147,82,65
113900186,55,41,14
113900187,59,129,-70
113900188,46,225,-179
113900189,294,145,149
113900190,310,122,188
113900191,143,292,-149
113900192,5,753,-748
113900193,20,222,-202
113900194,1372,929,443
113900195,294,325,-31
113900196,16,193,-177
113900197,2,103,-101
113900198,26,215,-189
113900199,152,801,-649
113900200,38,318,-280
113900201,1,141,-140
113900202,32,295,-263
113900203,1,80,-79
113900204,46,462,-416
113900205,7,159,-152
113900206,8,122,-114
113900207,2,47,-45
113900208,0,49,-49
113900209,0,74,-74
113900210,552,961,-409
113900211,253,73,180
113900212,435,404,31
113900214,430,591,-161
113900215,313,119,194
113900216,205,575,-370
113900217,96,184,-88
113900218,170,77,93
113900219,154,559,-405
113900220,216,164,52
113900221,494,307,187
113900222,212,688,-476
113900223,210,699,-489
113900224,90,74,16
113900225,802,293,509
113900226,448,159,289
113900227,490,284,206
113900228,262,594,-332
113900229,77,957,-880
113900230,4148,4442,-294
113900231,214,203,11
113900232,130,76,54
113900233,147,81,66
113900234,465,516,-51
113900235,129,28,101
113900236,235,240,-5
113900237,282,11,271
113900238,303,625,-322
113900239,49,99,-50
113900240,4,242,-238
113900241,100,67,33
113900242,44,176,-132
113900243,120,402,-282
113900244,307,230,77
113900245,1214,364,850
113900246,9,29,-20
113900247,161,513,-352
113900248,2439,2288,151
113900249,806,502,304
113900250,78,186,-108
113900251,932,143,789
113900252,679,40,639
113900253,847,80,767
113900254,1052,211,841
113900255,666,31,635
113900256,381,32,349
113900257,45,374,-329
113900258,21,414,-393
113900259,588,156,432
113900260,306,13,293
113900261,60,119,-59
113900262,171,463,-292
113900263,153,630,-477
113900264,4,358,-354
113900265,176,370,-194
113900266,55,155,-100
113900267,114,524,-410
113900268,329,564,-235
113900269,76,163,-87
113900270,303,860,-557
113900271,795,954,-159
113900273,33,11,22
113900274,57,26,31
113900275,46,84,-38
113900276,4,109,-105
113900277,210,9,201
113900278,243,199,44
113900279,66,88,-22
113900280,1487,646,841
113900281,638,1490,-852
113900282,918,942,-24
113900283,525,561,-36
113900284,997,307,690
113900285,125,46,79
113900286,95,110,-15
113900287,82,62,20
113900288,2,132,-130
113900289,716,102,614
113900290,278,314,-36
113900291,110,168,-58
113900292,9,5,4
113900293,4,233,-229
113900294,518,25,493
113900295,538,557,-19
113900296,2055,513,1542
113900297,2460,64,2396
113900298,16,1621,-1605
113900299,106,107,-1
113900300,4781,4504,277
113900301,832,408,424
113900302,1956,1076,880
113900303,486,610,-124
113900304,0,116,-116
113900305,171,2,169
113900306,56,1,55
113900307,23,0,23
113900308,110,145,-35
113900309,3,565,-562
113900310,0,12,-12
113900311,4,2,2
113900312,170,229,-59
113900313,14,18,-4
114000001,1162,2282,-1120
114000002,350,312,38
114000003,62,306,-244
114000004,83,212,-129
114000005,341,241,100
114000006,3538,3021,517
114000007,876,1400,-524
114000008,1675,2193,-518
114000009,1080,294,786
114000011,3237,2240,997
114000012,3194,1753,1441
114000013,2047,1435,612
114000014,593,357,236
114000015,2464,402,2062
114000016,273,245,28
114000017,103,129,-26
114000018,253,44,209
114000026,2375,1272,1103
114000027,3882,2234,1648
114000028,2960,2955,5
114000038,380,148,232
114000039,122,38,84
114000040,160,370,-210
114000042,238,153,85
114000043,53,112,-59
114000044,355,56,299
114000045,93,100,-7
114000046,4028,6133,-2105
114000047,18,90,-72
114000048,76,57,19
114000049,1889,2241,-352
114000050,2175,3180,-1005
114000051,4126,2964,1162
114000052,4977,3075,1902
114000053,146,1019,-873
114000054,261,921,-660
114000055,254,73,181
114000056,905,1126,-221
114000057,4681,2404,2277
114000058,503,1944,-1441
114000059,281,393,-112
114000060,779,969,-190
114000061,3507,3605,-98
114000062,2272,2101,171
114000063,2459,1849,610
114000064,5258,4167,1091
114000065,1490,2438,-948
114000066,454,701,-247
114000067,50,1095,-1045
114000068,702,854,-152
114000069,1308,774,534
114000070,2385,2087,298
114000071,918,597,321
114000072,548,234,314
114000073,48,62,-14
114000074,69,15,54
114000075,67,59,8
114000076,29,60,-31
114000077,6,34,-28
114000078,457,662,-205
114000079,158,35,123
114000080,80,105,-25
114000081,117,132,-15
114000082,74,361,-287
114000083,91,247,-156
114000084,432,106,326
114000085,102,585,-483
114000086,255,387,-132
114000087,156,145,11
114000088,57,33,24
114000089,722,356,366
114000090,1043,1232,-189
114000091,1956,1202,754
114000092,1127,683,444
114000093,1897,1049,848
114000094,416,395,21
114000095,293,178,115
114000096,100,380,-280
114000097,133,451,-318
114000098,683,121,562
114000099,960,416,544
114000100,2066,607,1459
114000101,545,608,-63
114000102,694,343,351
114000103,158,326,-168
114000104,47,234,-187
114000105,172,87,85
114000106,935,1561,-626
114000107,559,160,399
114000108,1025,1000,25
114000109,709,1074,-365
114000110,645,1186,-541
114000111,2335,915,1420
114000112,330,1204,-874
114000113,1081,376,705
114000114,1269,1147,122
114000115,2446,1287,1159
114000116,997,2108,-1111
114000117,4202,625,3577
114000118,3378,627,2751
114000119,2262,522,1740
114000120,669,660,9
114000121,421,701,-280
114000122,410,300,110
114000123,2840,404,2436
114000124,1328,344,984
114000125,782,1050,-268
114000126,2543,233,2310
114000127,220,174,46
114000128,820,330,490
114000130,475,551,-76
114000131,419,172,247
114000132,739,556,183
114000133,1088,1603,-515
114000134,103,86,17
114000138,45,191,-146
114000139,560,381,179
114000144,1146,622,524
114000145,113,154,-41
114000146,175,248,-73
114000147,1911,2269,-358
114000148,1843,1971,-128
114000149,544,340,204
114000150,507,785,-278
114000151,826,1679,-853
114000152,115,24,91
114000153,835,3153,-2318
114000154,926,1111,-185
114000155,1466,2576,-1110
114000156,859,836,23
114000157,274,1218,-944
114000158,1357,914,443
114000159,192,600,-408
114000160,126,497,-371
114000161,1576,3762,-2186
114000162,1430,3281,-1851
114000163,31,103,-72
114000165,669,392,277
114000166,778,587,191
114000167,2812,1734,1078
114000168,712,629,83
114000169,1731,1585,146
114000170,1345,1522,-177
114000171,1583,4495,-2912
114000174,210,537,-327
114000176,427,604,-177
114000177,1710,762,948
114000178,65,86,-21
114000179,1130,754,376
114000180,487,579,-92
114000181,1801,4543,-2742
114000182,1991,2464,-473
114000183,1072,962,110
114000184,3039,926,2113
114000185,1201,753,448
114000189,1550,198,1352
114000190,3543,554,2989
114000191,69,131,-62
114000192,215,1205,-990
114000193,578,2009,-1431
114000194,1678,654,1024
114000195,186,48,138
114000196,2,161,-159
114000197,1757,30,1727
114000198,782,351,431
114000199,1872,1763,109
114000200,593,1524,-931
114000201,201,705,-504
114000202,1279,424,855
114000203,466,584,-118
114000204,170,380,-210
114000205,247,1367,-1120
114000206,740,1087,-347
114000207,594,1410,-816
114000208,572,2123,-1551
114000209,651,1836,-1185
114000210,270,1028,-758
114000211,1107,1430,-323
114000212,934,924,10
114000213,1429,588,841
114000214,101,204,-103
114000215,296,99,197
114000216,1780,389,1391
114000217,386,181,205
114000218,154,234,-80
114000219,1286,228,1058
114000220,31,880,-849
114000221,1000,186,814
114000222,170,896,-726
114000223,641,156,485
114000224,115,506,-391
114000225,325,502,-177
114000226,280,215,65
114000227,728,481,247
114000228,1017,640,377
114000229,1393,1323,70
114000230,2147,1131,1016
114000231,1359,1451,-92
114000232,917,131,786
114000233,2700,138,2562
114000234,1138,729,409
114000235,1010,1050,-40
114000236,0,393,-393
114000237,133,767,-634
114000238,95,200,-105
114000239,145,1006,-861
114000240,882,831,51
114000241,288,817,-529
114000242,874,776,98
114000243,1846,890,956
114000244,639,323,316
114000245,404,700,-296
114000246,138,35,103
114000247,658,611,47
114000248,1336,517,819
114000249,489,433,56
114000250,616,672,-56
114000251,517,186,331
114000252,68,59,9
114000253,77,89,-12
114000254,61,55,6
114000255,862,603,259
114000256,1363,2780,-1417
114000257,443,1193,-750
114000258,269,356,-87
114000259,88,218,-130
114000260,0,28,-28
114000261,45,41,4
114000262,276,142,134
114000263,20,3,17
114000264,1608,529,1079
114000265,0,0,0
114000267,4,1612,-1608
114000268,1,1178,-1177
114000270,144,1,143
114000271,390,73,317
114000283,1414,404,1010
114000285,26,143,-117
114000288,71,319,-248
114000289,1739,117,1622
114000293,233,388,-155
114000294,212,312,-100
114000395,1430,34,1396
114000396,788,585,203
114000402,676,262,414
114000403,320,249,71
114000405,211,303,-92
114000423,485,313,172
114000424,504,217,287
114000425,1186,348,838
114000426,358,921,-563
114000427,94,88,6
114000428,125,199,-74
114000429,21,156,-135
114000432,108,98,10
114000434,31,130,-99
114900001,1063,689,374
114900002,889,126,763
114900003,1027,1068,-41
114900004,290,539,-249
114900005,784,719,65
114900006,145,123,22
114900007,408,24,384
114900008,240,94,146
114900010,1907,2274,-367
114900011,272,162,110
114900013,340,153,187
114900015,122,481,-359
114900018,985,22,963
114900020,251,128,123
114900021,322,292,30
114900022,12,714,-702
114900024,452,159,293
114900025,631,281,350
114900026,102,170,-68
114900027,274,331,-57
114900029,25,25,0
114900030,486,283,203
114900031,509,21,488
114900032,524,24,500
114900033,901,1119,-218
114900034,66,199,-133
114900035,160,414,-254
114900036,255,547,-292
114900037,136,179,-43
114900038,222,553,-331
114900039,561,495,66
114900040,87,103,-16
114900041,961,362,599
114900042,1045,534,511
114900043,511,238,273
114900044,213,61,152
114900045,168,332,-164
114900046,48,115,-67
114900047,207,2230,-2023
114900048,117,295,-178
114900049,6,145,-139
114900050,64,329,-265
114900051,23,347,-324
114900052,106,265,-159
114900053,167,262,-95
114900054,60,128,-68
114900057,234,8,226
114900058,4,195,-191
114900059,127,77,50
114900060,998,1035,-37
114900061,128,143,-15
114900062,288,538,-250
114900063,67,213,-146
114900064,1664,445,1219
114900065,533,732,-199
114900067,106,413,-307
114900068,65,129,-64
114900069,230,118,112
114900070,886,376,510
114900072,5,345,-340
114900073,1,129,-128
114900074,926,490,436
114900075,420,13,407
114900076,10,376,-366
114900080,1696,387,1309
114900082,3634,2639,995
114900083,1352,1270,82
114900084,344,212,132
114900090,538,233,305
114900091,133,196,-63
114900095,323,128,195
114900096,549,862,-313
114900097,203,45,158
114900098,5,146,-141
114900099,300,15,285
115000001,5457,3204,2253
115000002,4553,4664,-111
115000003,4795,2790,2005
115000004,5604,6955,-1351
115000005,1525,1886,-361
115000006,1108,1685,-577
115000007,102,231,-129
115000008,454,505,-51
115000009,230,237,-7
115000010,310,227,83
115000013,88,188,-100
115000015,50,269,-219
115000016,219,398,-179
115000019,46,576,-530
115000020,126,957,-831
115000021,281,397,-116
115000022,538,430,108
115000023,467,735,-268
115000024,1018,483,535
115000025,997,791,206
115000026,183,410,-227
115000027,326,353,-27
115000028,285,728,-443
115000029,741,107,634
115000030,957,1138,-181
115000031,1542,409,1133
115000032,19,245,-226
115000033,192,52,140
115000034,72,1189,-1117
115000035,1293,63,1230
115000036,1,451,-450
115000037,770,29,741
115000038,79,149,-70
115000039,3375,3854,-479
115000040,4958,2893,2065
115000041,1250,3892,-2642
115000042,957,675,282
115000043,4459,2678,1781
115000044,3703,3411,292
115000045,2903,1381,1522
115000046,2961,2572,389
115000047,2874,1526,1348
115000048,1895,1847,48
115000049,1516,2969,-1453
115000050,3737,1781,1956
115000051,1745,3058,-1313
115000052,1944,1620,324
115000053,2085,1984,101
115000054,592,1062,-470
115000055,175,864,-689
115000056,232,575,-343
115000057,552,1580,-1028
115000058,506,363,143
115000059,283,215,68
115000061,119,200,-81
115000062,203,241,-38
115000063,465,270,195
115000064,233,108,125
115000065,82,521,-439
115000067,197,7,190
115000069,61,330,-269
115000070,30,801,-771
115000071,132,18,114
115000072,4,75,-71
115000073,1440,75,1365
115000075,111,73,38
115000076,3377,2725,652
115000077,2379,1913,466
115000078,1669,1155,514
115000079,1643,1521,122
115000080,2908,1973,935
115000081,438,803,-365
115000082,4787,4144,643
115000083,2235,1715,520
115000084,2994,1159,1835
115000085,843,890,-47
115000086,1472,773,699
115000087,436,1298,-862
115000088,2322,825,1497
115000089,1377,1277,100
115000090,597,841,-244
115000091,190,696,-506
115000092,715,372,343
115000093,613,6,607
115000094,6194,5959,235
115000095,4459,6528,-2069
115000096,899,1133,-234
115000097,1362,910,452
115000098,1417,627,790
115000099,3061,2169,892
115000100,1342,424,918
115000101,515,1187,-672
115000102,632,266,366
115000103,307,548,-241
115000105,79,107,-28
115000106,779,337,442
115000107,236,363,-127
115000108,2919,2048,871
115000109,3935,5193,-1258
115000110,1753,1897,-144
115000111,733,1642,-909
115000112,980,926,54
115000113,1013,965,48
115000114,1849,797,1052
115000116,4620,3088,1532
115000117,3897,3717,180
115000118,2643,2220,423
115000119,2235,2829,-594
115000120,640,1538,-898
115000121,1065,1176,-111
115000122,3061,2105,956
115000123,1378,2931,-1553
115000124,717,912,-195
115000125,476,619,-143
115000126,210,419,-209
115000127,428,184,244
115000128,518,831,-313
115000129,250,443,-193
115000130,618,762,-144
115000131,1079,265,814
115000132,327,326,1
115000133,620,245,375
115000134,483,273,210
115000135,416,180,236
115000136,274,264,10
115000137,118,215,-97
115000138,424,256,168
115000139,235,197,38
115000140,505,225,280
115000141,247,201,46
115000142,197,245,-48
115000143,1056,583,473
115000144,513,66,447
115000145,258,288,-30
115000146,547,413,134
115000147,400,397,3
115000148,354,919,-565
115000149,802,274,528
115000150,811,804,7
115000151,1665,562,1103
115000152,794,1052,-258
115000153,1402,541,861
115000154,1185,349,836
115000155,759,863,-104
115000156,1449,849,600
115000157,833,799,34
115000158,664,438,226
115000159,779,784,-5
115000160,697,687,10
115000161,532,530,2
115000162,701,945,-244
115000163,497,667,-170
115000164,645,569,76
115000165,420,658,-238
115000167,168,65,103
115000168,546,378,168
115000169,621,450,171
115000170,141,151,-10
115000171,316,251,65
115000172,1210,862,348
115000173,342,741,-399
115000174,388,518,-130
115000175,283,485,-202
115000176,179,264,-85
115000177,199,299,-100
115000178,9,250,-241
115000179,8,68,-60
115000180,138,466,-328
115000181,852,151,701
115000182,1019,323,696
115000183,491,690,-199
115000186,693,328,365
115000187,265,703,-438
115000188,387,460,-73
115000189,217,427,-210
115000190,731,499,232
115000191,159,563,-404
115000194,203,294,-91
115000195,415,345,70
115000196,277,108,169
115000197,194,252,-58
115000198,490,169,321
115000199,471,175,296
115000200,462,121,341
115000201,229,348,-119
115000206,424,76,348
115000207,247,262,-15
115000208,368,567,-199
115000209,767,334,433
115000210,199,160,39
115000211,196,244,-48
115000212,1258,347,911
115000218,140,164,-24
115000219,34,40,-6
115000224,374,55,319
115000225,58,57,1
115000229,202,144,58
115000230,149,363,-214
115000231,211,1265,-1054
115000232,2039,290,1749
115000233,174,221,-47
115000234,16,304,-288
115000241,140,214,-74
115000242,162,259,-97
115000243,54,184,-130
115000244,8,92,-84
115000246,42,14,28
115000247,49,32,17
115000248,46,35,11
115000249,49,43,6
115000250,258,39,219
115000251,281,110,171
115000252,135,259,-124
115000253,27,469,-442
115000258,400,144,256
115000259,360,139,221
115000261,26,25,1
115000262,29,21,8
115000263,32,41,-9
115000264,17,33,-16
115000267,63,58,5
115000268,46,112,-66
115000269,154,51,103
115000270,17,28,-11
115000272,76,170,-94
115000273,467,68,399
115000274,458,173,285
115000280,2559,410,2149
115000281,756,955,-199
115000282,1189,1138,51
115000284,225,214,11
115000296,972,13,959
115000297,149,322,-173
115000298,47,687,-640
115000300,243,160,83
115000302,466,137,329
115000303,717,133,584
115000304,900,81,819
115000305,163,585,-422
115000306,249,233,16
115000307,120,147,-27
115000308,25,13,12
115000310,1050,683,367
115000311,1232,1167,65
115000313,153,437,-284
115000314,528,168,360
115000315,691,412,279
115000316,69,126,-57
115000317,225,445,-220
115000318,998,386,612
115000319,54,292,-238
115000320,25,371,-346
115000321,315,5,310
115000322,33,173,-140
115000449,266,156,110
115000557,25,1432,-1407
115000558,400,120,280
115000587,744,340,404
115000588,1834,2364,-530
115000589,3669,2224,1445
115000590,1268,1564,-296
115000591,1771,773,998
115000592,793,1868,-1075
115000593,1636,784,852
115000594,748,2013,-1265
115000609,112,145,-33
115000617,1445,3851,-2406
115000624,262,27,235
115000633,587,2141,-1554
115000634,3186,955,2231
115000635,704,134,570
115000638,596,584,12
115000641,53,112,-59
115000642,420,273,147
115000643,183,446,-263
115000644,169,459,-290
115000646,1082,1801,-719
115000647,256,554,-298
115000648,2369,1513,856
115000893,2224,1410,814
115000894,219,933,-714
115000895,270,720,-450
115000896,1057,325,732
115000897,597,137,460
115000898,768,204,564
115000899,277,972,-695
115000900,87,304,-217
115000901,44,161,-117
115000912,561,106,455
115000913,4,5,-1
115000915,5,0,5
115000916,7,1,6
115000917,0,9,-9
115000918,165,655,-490
115000919,13,27,-14
115000920,10,41,-31
115000921,530,116,414
115000922,511,742,-231
115000923,204,762,-558
115000925,114,87,27
115000927,34,48,-14
115000933,76,131,-55
115900001,130,29,101
115900002,71,105,-34
115900003,207,82,125
115900004,0,41,-41
115900005,218,7,211
115900006,154,229,-75
115900008,83,9,74
115900009,103,247,-144
115900010,466,137,329
115900011,587,192,395
115900012,202,38,164
115900013,516,190,326
115900014,161,107,54
115900015,186,63,123
115900016,163,46,117
115900017,22,14,8
115900018,209,74,135
115900019,744,30,714
115900020,92,3,89
115900021,901,692,209
115900022,785,22,763
115900023,19,6,13
115900025,20,163,-143
115900026,1116,200,916
115900027,0,263,-263
115900028,600,77,523
115900029,24,255,-231
115900030,37,25,12
115900031,244,382,-138
115900032,633,699,-66
115900033,0,67,-67
115900034,27,288,-261
115900035,49,20,29
115900036,32,741,-709
115900037,39,323,-284
115900038,34,8,26
115900039,188,185,3
115900041,308,711,-403
115900042,35,8,27
115900043,100,77,23
115900044,186,294,-108
115900046,360,211,149
115900047,160,203,-43
115900049,198,220,-22
115900051,2,45,-43
115900052,11,207,-196
115900053,436,195,241
115900054,339,74,265
115900055,28,101,-73
115900056,303,210,93
115900057,51,14,37
115900058,31,56,-25
115900060,90,220,-130
115900061,283,2,281
115900062,42,213,-171
115900063,66,10,56
115900064,170,207,-37
115900065,180,125,55
115900066,108,141,-33
115900067,9,405,-396
115900068,2043,979,1064
115900069,57,166,-109
115900070,196,105,91
115900071,1,318,-317
115900072,37,156,-119
115900073,90,104,-14
115900074,4,175,-171
115900075,36,232,-196
115900076,5,51,-46
115900077,10,164,-154
115900078,74,141,-67
115900079,337,19,318
115900080,361,193,168
115900081,23,85,-62
115900082,192,141,51
115900084,620,30,590
115900085,25,41,-16
115900086,1556,626,930
115900088,11,68,-57
115900089,419,539,-120
115900090,458,12,446
115900091,8,18,-10
115900092,16,119,-103
115900093,13,12,1
115900094,2,221,-219
115900096,8,15,-7
115900097,16,276,-260
115900098,170,234,-64
115900099,105,46,59
115900100,11,394,-383
115900101,167,196,-29
115900102,71,47,24
115900103,421,141,280
115900104,85,77,8
115900105,327,423,-96
115900106,139,42,97
115900107,111,86,25
115900108,214,59,155
115900109,67,459,-392
115900110,5,25,-20
115900111,3,70,-67
115900112,42,864,-822
115900113,53,43,10
115900114,1,98,-97
115900115,80,206,-126
115900116,96,915,-819
115900117,113,20,93
115900118,4,198,-194
115900119,185,136,49
115900120,35,255,-220
115900121,311,299,12
115900124,504,775,-271
115900125,421,52,369
115900126,1113,105,1008
115900127,1008,78,930
115900128,14,301,-287
115900129,1177,83,1094
115900130,32,225,-193
115900131,556,72,484
115900132,767,7,760
115900134,421,20,401
115900135,426,1238,-812
115900137,28,2,26
115900139,166,218,-52
115900140,364,51,313
115900141,31,125,-94
115900142,48,91,-43
115900143,211,324,-113
115900144,102,215,-113
115900146,23,59,-36
115900147,267,309,-42
115900148,52,9,43
115900149,133,13,120
115900150,99,21,78
115900151,19,97,-78
115900152,175,327,-152
115900153,120,196,-76
115900154,429,405,24
115900155,0,42,-42
115900156,804,1060,-256
115900157,264,575,-311
115900158,10,9,1
115900159,195,225,-30
115900160,18,6,12
115900161,43,338,-295
115900163,326,232,94
115900164,779,21,758
115900165,7,165,-158
115900166,148,145,3
115900168,121,99,22
115900171,153,506,-353
115900172,80,112,-32
115900173,243,126,117
115900174,268,257,11
115900175,149,272,-123
115900178,6,393,-387
115900179,384,20,364
115900180,33,117,-84
115900181,208,113,95
115900182,455,149,306
115900183,173,189,-16
115900184,1680,29,1651
115900187,21,100,-79
115900189,1,303,-302
115900190,21,1383,-1362
115900191,43,348,-305
115900192,14,127,-113
115900193,211,132,79
115900194,1091,120,971
115900195,722,2918,-2196
115900198,312,357,-45
115900199,303,294,9
115900200,322,457,-135
115900201,430,389,41
115900202,1,52,-51
115900203,8,15,-7
115900204,1,0,1
115900205,56,17,39
115900206,270,149,121
115900207,43,11,32
115900208,154,141,13
115900209,4,129,-125
115900210,4,162,-158
115900211,1,241,-240
115900212,199,175,24
115900213,119,123,-4
115900214,590,145,445
115900215,23,183,-160
115900216,4,94,-90
115900217,18,31,-13
115900218,7,26,-19
115900219,132,3,129
115900220,261,39,222
115900221,143,31,112
115900222,92,32,60
115900223,13,480,-467
115900224,709,1285,-576
115900225,74,101,-27
115900226,22,60,-38
115900227,6,46,-40
115900228,18,70,-52
115900229,4,42,-38
115900230,44,103,-59
115900231,144,1,143
115900232,65,2,63
115900233,85,19,66
115900234,49,47,2
115900235,28,29,-1
115900236,96,44,52
115900237,46,33,13
115900238,75,25,50
115900239,31,43,-12
115900240,13,46,-33
115900241,248,130,118
115900242,278,325,-47
115900243,15,15,0
115900244,28,17,11
115900245,1,12,-11
115900246,9,16,-7
115900247,28,16,12
115900248,20,4,16
115900249,5,15,-10
115900250,10,35,-25
115900251,1,7,-6
115900252,5,2,3
115900253,20,17,3
115900254,24,32,-8
115900255,2,19,-17
115900256,5,27,-22
115900257,2,20,-18
115900258,0,2,-2
115900259,4,0,4
115900260,5,2,3
115900261,15,4,11
115900262,1,0,1
115900263,18,1,17
115900264,34,3,31
115900265,5,8,-3
115900266,4,28,-24
115900267,7,14,-7
115900268,9,22,-13
115900269,523,377,146
115900270,485,340,145
116000001,9744,4352,5392
116000002,5591,13039,-7448
116000003,1715,1635,80
116000004,3043,4494,-1451
116000005,2346,3401,-1055
116000006,2667,3283,-616
116000007,2258,3683,-1425
116000008,4583,3168,1415
116000009,1528,1803,-275
116000010,2869,2041,828
116000011,790,1695,-905
116000012,1988,1288,700
116000013,7180,4000,3180
116000014,9790,13553,-3763
116000015,320,1597,-1277
116000016,6988,4887,2101
116000017,20,822,-802
116000018,822,495,327
116000019,1061,439,622
116000020,741,1504,-763
116000021,613,440,173
116000022,436,359,77
116000023,1437,929,508
116000024,694,861,-167
116000025,924,966,-42
116000026,1834,2942,-1108
116000027,687,688,-1
116000028,437,965,-528
116000029,693,730,-37
116000030,903,416,487
116000031,248,310,-62
116000032,239,222,17
116000033,276,184,92
116000034,844,459,385
116000035,302,784,-482
116000036,2189,2273,-84
116000037,769,710,59
116000038,537,624,-87
116000039,628,584,44
116000040,1036,464,572
116000041,233,615,-382
116000042,744,501,243
116000043,145,1236,-1091
116000045,2075,1936,139
116000046,1198,1915,-717
116000047,1839,2000,-161
116000048,2177,1822,355
116000049,1565,3362,-1797
116000050,1400,1336,64
116000051,6113,3305,2808
116000052,5428,5106,322
116000053,2362,806,1556
116000054,754,2863,-2109
116000055,799,921,-122
116000056,988,1002,-14
116000057,3209,1792,1417
116000058,3901,3712,189
116000059,3901,5708,-1807
116000060,2189,956,1233
116000061,297,939,-642
116000062,720,251,469
116000063,633,1298,-665
116000066,307,668,-361
116000067,228,428,-200
116000068,231,386,-155
116000069,301,349,-48
116000078,626,1147,-521
116000080,2254,856,1398
116000082,6,46,-40
116000083,1906,417,1489
116000084,1950,3085,-1135
116000085,2481,1993,488
116000086,1375,831,544
116000087,2334,1643,691
116000088,769,844,-75
116000089,185,88,97
116000090,110,164,-54
116000091,324,200,124
116000093,1220,581,639
116000094,711,485,226
116000095,904,619,285
116000096,880,1556,-676
116000097,1374,1282,92
116000098,47,6321,-6274
116000099,5569,235,5334
116000100,251,20,231
116000101,989,650,339
116000102,49,251,-202
116000103,565,316,249
116000104,323,1476,-1153
116000105,1311,193,1118
116000106,489,953,-464
116000107,2490,288,2202
116000108,321,322,-1
116000111,173,30,143
116000113,205,131,74
116000114,50,200,-150
116000115,428,127,301
116000116,347,506,-159
116000117,1841,1933,-92
116000118,1701,1168,533
116000119,4563,2144,2419
116000120,3172,3509,-337
116000121,1217,622,595
116000122,1192,1496,-304
116000123,1528,469,1059
116000124,376,875,-499
116000125,3388,799,2589
116000126,298,1242,-944
116000127,1019,1088,-69
116000128,2252,924,1328
116000129,1769,237,1532
116000130,691,584,107
116000133,1422,767,655
116000134,1871,1811,60
116000135,3357,1547,1810
116000136,1166,1787,-621
116000137,1409,857,552
116000138,1177,817,360
116000139,2304,2530,-226
116000140,176,257,-81
116000141,390,572,-182
116000142,2931,2352,579
116000143,2106,1821,285
116000144,1636,1677,-41
116000145,2100,1198,902
116000146,642,168,474
116000147,174,165,9
116000148,655,630,25
116000149,886,1005,-119
116000151,473,448,25
116000153,148,395,-247
116000155,219,312,-93
116000156,892,1072,-180
116000157,0,2,-2
116000158,319,368,-49
116000159,0,2,-2
116000160,12,56,-44
116000161,8,93,-85
116000162,112,159,-47
116000163,34,16,18
116000164,18,35,-17
116000177,344,204,140
116000194,102,398,-296
116000195,1557,583,974
116000196,18,4,14
116000197,14,21,-7
116000198,2743,1264,1479
116000200,751,566,185
116000201,708,618,90
116000202,5,254,-249
116000203,1,61,-60
116000204,15,34,-19
116000205,0,138,-138
116000206,0,133,-133
116000207,11,32,-21
116000233,238,423,-185
116000287,160,355,-195
116000288,383,265,118
116000292,75,111,-36
116000296,12,166,-154
116000297,82,27,55
116000304,329,9,320
116000305,6,131,-125
116000346,195,91,104
116000352,97,34,63
116000354,34,16,18
116000357,15,16,-1
116000358,457,52,405
116000361,90,2,88
116000372,3901,4700,-799
116000381,171,2,169
116000388,3,45,-42
116000389,1169,607,562
116000445,588,461,127
116000446,751,458,293
116000447,18,539,-521
116000448,614,185,429
116000563,1353,1108,245
116000565,56,398,-342
116000568,58,412,-354
116000579,35,135,-100
116000584,27,9,18
116000585,42,27,15
116000586,100,149,-49
116000587,310,577,-267
116000589,72,88,-16
116000590,119,86,33
116000591,239,228,11
116000592,6,101,-95
116000593,1,46,-45
116000594,885,437,448
116000595,799,124,675
116000596,154,3,151
116000597,582,141,441
116000598,28,159,-131
116000602,68,389,-321
116000605,223,138,85
116000606,96,218,-122
116000607,10,43,-33
116000609,204,977,-773
116000611,226,403,-177
116000612,808,1976,-1168
116000613,772,314,458
116000614,450,504,-54
116000615,40,495,-455
116000616,72,53,19
116000617,110,42,68
116000618,6,67,-61
116000619,55,82,-27
116000620,194,98,96
116000621,53,152,-99
116000622,56,138,-82
116000624,212,129,83
116900001,313,240,73
116900002,320,1,319
116900003,61,36,25
116900004,63,91,-28
116900005,408,79,329
116900006,78,222,-144
116900007,170,204,-34
116900008,727,274,453
116900009,21,16,5
116900010,2,967,-965
116900011,14,30,-16
116900012,232,259,-27
116900013,10,191,-181
116900014,176,162,14
116900015,470,66,404
116900016,314,2,312
116900017,2,416,-414
116900018,91,56,35
116900019,5,231,-226
116900020,412,639,-227
116900023,42,21,21
116900024,710,59,651
116900025,1322,775,547
116900026,126,557,-431
116900027,49,47,2
116900028,7,127,-120
116900029,0,42,-42
116900031,0,6,-6
116900032,3,278,-275
116900033,22,11,11
116900034,38,62,-24
116900035,152,151,1
116900036,3,99,-96
116900038,28,3,25
116900041,89,62,27
116900042,485,252,233
116900043,42,71,-29
116900045,264,100,164
116900047,34,140,-106
116900049,28,282,-254
116900050,159,351,-192
116900051,165,151,14
116900052,224,88,136
116900055,6,21,-15
116900057,29,188,-159
116900058,39,300,-261
116900059,1,164,-163
116900060,364,192,172
116900062,0,35,-35
116900064,96,516,-420
116900065,40,123,-83
116900067,185,98,87
116900068,165,194,-29
116900070,2,4,-2
116900072,33,325,-292
116900073,15,109,-94
116900074,2,45,-43
116900076,13,25,-12
116900077,11,97,-86
116900078,166,95,71
116900079,54,188,-134
116900080,17,26,-9
116900081,427,930,-503
116900082,324,1089,-765
116900083,40,27,13
116900084,123,89,34
116900085,41,174,-133
116900086,58,169,-111
116900088,489,115,374
116900090,77,55,22
116900091,402,52,350
116900092,75,555,-480
116900093,1853,1979,-126
116900094,4185,4461,-276
116900095,277,101,176
116900096,241,381,-140
116900097,2186,3163,-977
116900098,316,269,47
116900099,871,781,90
116900100,1082,79,1003
116900101,343,520,-177
116900103,7,0,7
116900104,79,81,-2
116900105,371,199,172
116900106,2491,172,2319
116900107,2809,3065,-256
116900110,11,3,8
116900111,808,495,313
116900112,346,923,-577
116900113,1901,1082,819
116900116,82,718,-636
116900117,173,126,47
116900118,718,938,-220
116900120,495,103,392
116900121,132,32,100
116900122,1180,680,500
116900123,304,683,-379
116900124,242,745,-503
116900125,512,192,320
116900126,129,643,-514
116900128,0,47,-47
116900129,5,439,-434
116900130,596,4764,-4168
116900131,116,447,-331
116900132,77,159,-82
116900133,243,170,73
116900134,267,298,-31
116900136,326,262,64
116900137,327,175,152
116900138,292,179,113
116900139,216,429,-213
116900140,264,162,102
116900141,1002,465,537
116900142,3,59,-56
116900143,462,515,-53
116900144,52,89,-37
116900145,170,197,-27
116900147,480,623,-143
116900148,8,67,-59
116900149,61,272,-211
116900150,19,22,-3
116900151,494,170,324
116900153,119,89,30
116900154,473,694,-221
116900155,100,72,28
116900157,742,212,530
116900158,121,354,-233
116900159,62,359,-297
116900160,923,1100,-177
116900161,5110,7467,-2357
116900162,24,99,-75
116900163,252,126,126
116900164,113,87,26
116900165,334,444,-110
116900166,50,68,-18
116900167,462,82,380
116900168,402,75,327
116900169,569,650,-81
116900170,484,710,-226
116900171,61,142,-81
116900172,172,398,-226
116900173,265,40,225
116900174,68,32,36
116900175,272,265,7
116900178,49,114,-65
116900179,143,333,-190
116900180,106,41,65
116900182,650,342,308
116900183,266,109,157
116900185,45,56,-11
116900186,118,225,-107
116900187,89,73,16
116900188,186,30,156
116900189,68,0,68
116900191,522,681,-159
116900192,328,150,178
116900194,165,1527,-1362
116900195,63,31,32
116900196,21,94,-73
116900197,128,9,119
116900198,133,264,-131
116900200,58,30,28
116900201,150,3,147
116900202,116,46,70
116900203,188,4,184
116900204,34,139,-105
116900206,9,6,3
116900207,24,33,-9
116900208,13,98,-85
116900209,37,93,-56
116900210,623,317,306
116900211,303,3,300
116900212,70,35,35
116900213,308,132,176
116900214,268,180,88
116900215,101,65,36
116900216,370,213,157
116900218,7,294,-287
116900219,1226,358,868
116900220,126,323,-197
116900221,77,425,-348
116900222,410,387,23
116900223,184,360,-176
116900226,110,58,52
116900227,177,58,119
116900228,308,181,127
116900230,118,214,-96
116900231,35,345,-310
116900232,13,296,-283
116900233,379,93,286
116900234,32,8,24
116900235,119,335,-216
116900238,1273,304,969
116900239,8,1540,-1532
116900240,4442,3208,1234
116900241,126,148,-22
116900242,356,740,-384
116900243,10,88,-78
116900245,49,29,20
116900246,131,9,122
116900247,939,21,918
116900248,84,34,50
116900249,511,128,383
116900250,462,50,412
116900251,438,702,-264
116900252,169,775,-606
116900253,135,65,70
116900254,43,64,-21
116900255,107,97,10
116900256,563,144,419
116900257,26,361,-335
116900258,1,150,-149
116900259,270,10,260
116900260,6,99,-93
116900261,79,1,78
116900262,178,141,37
116900263,1,13,-12
116900264,0,2,-2
116900265,43,2,41
116900266,21,29,-8
116900267,0,2,-2
116900268,313,360,-47
116900269,336,645,-309
116900271,1504,299,1205
116900272,346,237,109
116900273,159,85,74
116900274,125,60,65
116900275,163,77,86
116900276,376,195,181
116900277,503,29,474
116900278,2,10,-8
116900279,1,26,-25
116900280,29,26,3
116900281,4920,5431,-511
116900282,17,68,-51
116900283,10,49,-39
116900284,15,187,-172
116900285,276,233,43
116900286,193,22,171
116900287,11,32,-21
116900288,70,87,-17
116900289,5,3,2
116900290,8,38,-30
116900291,25,8,17
116900292,0,14,-14
116900293,96,35,61
116900294,22,133,-111
116900295,47,45,2
116900296,15,18,-3
116900297,9,64,-55
116900298,45,34,11
116900299,21,43,-22
116900300,0,63,-63
116900301,23,46,-23
116900302,953,1177,-224
116900303,188,92,96
116900304,0,142,-142
116900305,8,38,-30
116900306,216,95,121
117000001,2607,1978,629
117000002,2132,4085,-1953
117000003,7504,3735,3769
117000004,3970,4656,-686
117000005,2431,2407,24
117000006,1277,2933,-1656
117000007,4476,1213,3263
117000008,1076,3459,-2383
117000009,5653,2308,3345
117000010,2537,3568,-1031
117000011,2515,1825,690
117000012,1262,1139,123
117000013,2027,847,1180
117000014,1251,1944,-693
117000015,2920,1347,1573
117000016,343,172,171
117000017,209,153,56
117000018,214,800,-586
117000019,131,6,125
117000020,420,1826,-1406
117000021,1329,282,1047
117000022,308,163,145
117000023,171,166,5
117000024,179,279,-100
117000025,439,1085,-646
117000026,2077,1517,560
117000027,1390,2867,-1477
117000028,2019,1186,833
117000030,115,146,-31
117000032,1314,1342,-28
117000033,1615,1334,281
117000034,135,94,41
117000036,178,71,107
117000038,99,221,-122
117000039,62,62,0
117000040,274,926,-652
117000041,1437,187,1250
117000044,16,679,-663
117000045,456,103,353
117000046,475,885,-410
117000047,1108,727,381
117000048,1825,979,846
117000049,158,781,-623
117000050,152,1608,-1456
117000051,2649,110,2539
117000052,53,269,-216
117000053,763,38,725
117000054,2673,14,2659
117000055,7,2646,-2639
117000056,876,42,834
117000057,583,2422,-1839
117000060,605,1215,-610
117000061,2008,1033,975
117000062,293,601,-308
117000063,2080,1189,891
117000064,554,596,-42
117000066,1260,940,320
117000067,186,810,-624
117000074,154,172,-18
117000076,92,49,43
117000077,185,250,-65
117000078,191,654,-463
117000079,490,267,223
117000080,1,298,-297
117000081,1186,101,1085
117000082,12,82,-70
117000083,149,10,139
117000084,186,2,184
117000085,293,935,-642
117000086,937,501,436
117000087,105,536,-431
117000088,324,185,139
117000089,2165,300,1865
117000090,316,1138,-822
117000091,1104,351,753
117000092,500,1080,-580
117000093,1585,881,704
117000094,1452,2416,-964
117000095,4273,1064,3209
117000096,933,2046,-1113
117000097,2138,1231,907
117000098,2488,3774,-1286
117000099,4601,1452,3149
117000100,250,388,-138
117000101,209,885,-676
117000102,2258,811,1447
117000103,713,1355,-642
117000104,1794,723,1071
117000105,869,1253,-384
117000106,1675,842,833
117000107,644,1554,-910
117000108,2128,1085,1043
117000109,1423,2192,-769
117000110,2040,1442,598
117000111,3857,4138,-281
117000112,4495,1949,2546
117000113,162,174,-12
117000114,310,179,131
117000115,91,111,-20
117000116,194,275,-81
117000117,1981,1603,378
117000118,268,148,120
117000119,283,259,24
117000120,192,700,-508
117000121,147,1159,-1012
117000122,183,708,-525
117000123,1375,38,1337
117000124,488,199,289
117000125,229,251,-22
117000126,70,51,19
117000127,174,407,-233
117000128,477,900,-423
117000129,147,139,8
117000130,62,0,62
117000131,0,61,-61
117000132,3861,59,3802
117000133,2036,34,2002
117000134,0,49,-49
117000135,0,80,-80
117000136,3,22,-19
117000137,145,183,-38
117000138,3,651,-648
117000140,481,1116,-635
117000141,2152,616,1536
117000181,529,211,318
117000182,390,751,-361
117000195,218,910,-692
117000196,428,178,250
117000225,86,33,53
117000226,13,79,-66
117000276,382,30,352
117000277,0,264,-264
117000310,1454,1910,-456
117000315,50,523,-473
117000320,62,4,58
117000906,485,18,467
117000907,18,281,-263
117000908,16,67,-51
117000909,50,44,6
117000910,246,252,-6
117000911,69,150,-81
117000915,6,467,-461
117000916,43,19,24
117000917,1493,56,1437
117000918,83,85,-2
117000919,7,87,-80
117000920,3,1364,-1361
117000921,3,989,-986
117000922,25,59,-34
117000924,715,1005,-290
117000926,609,115,494
117000927,1332,1576,-244
117000928,1,107,-106
117000929,319,254,65
117000930,275,17,258
117000931,345,162,183
117900002,148,454,-306
117900003,732,479,253
117900005,2,46,-44
117900006,1,103,-102
117900007,170,104,66
117900008,0,25,-25
117900010,281,112,169
117900011,22,126,-104
117900012,115,91,24
117900013,2,176,-174
117900014,403,97,306
117900015,22,85,-63
117900016,1296,1250,46
117900017,620,213,407
117900018,137,132,5
117900019,593,228,365
117900020,93,596,-503
117900021,51,62,-11
117900022,44,26,18
117900023,692,127,565
117900024,68,57,11
117900025,52,11,41
117900026,513,260,253
117900028,53,4,49
117900029,332,538,-206
117900030,607,252,355
117900031,174,105,69
117900032,1112,667,445
117900033,273,449,-176
117900034,25,18,7
117900035,242,133,109
117900036,285,339,-54
117900037,225,102,123
117900038,43,281,-238
117900039,6,76,-70
117900040,167,353,-186
117900041,0,35,-35
117900042,3435,475,2960
117900043,20,43,-23
117900044,92,3137,-3045
117900045,208,147,61
117900048,498,239,259
117900049,235,368,-133
117900050,3,99,-96
117900051,36,9,27
117900052,72,489,-417
117900053,2257,601,1656
117900054,0,22,-22
117900055,266,126,140
117900056,144,4,140
117900057,1287,1150,137
117900058,414,1315,-901
117900059,376,110,266
117900060,2746,4478,-1732
117900061,23,194,-171
117900063,449,216,233
117900065,639,1238,-599
117900066,9,91,-82
117900067,592,138,454
117900069,875,253,622
117900070,172,48,124
117900071,90,148,-58
117900073,683,279,404
117900074,122,64,58
117900075,126,101,25
117900076,7,52,-45
117900077,603,177,426
117900078,353,1069,-716
117900080,135,73,62
117900081,548,349,199
117900082,443,479,-36
117900083,473,353,120
117900086,165,33,132
117900087,164,77,87
117900088,3121,1974,1147
117900089,2859,929,1930
117900090,460,423,37
117900091,191,181,10
117900092,86,29,57
117900093,117,87,30
117900094,54,36,18
117900095,247,175,72
117900096,152,248,-96
117900097,370,78,292
117900098,55,34,21
117900099,181,175,6
117900100,325,4,321
117900101,512,2155,-1643
117900102,78,45,33
117900103,70,0,70
117900104,25,226,-201
117900105,170,258,-88
117900106,147,47,100
117900107,65,0,65
117900109,856,468,388
117900110,135,0,135
117900111,424,35,389
117900112,105,34,71
117900113,2373,1983,390
117900114,38,0,38
117900115,278,94,184
117900116,930,836,94
117900117,857,426,431
117900118,132,0,132
117900119,268,143,125
117900120,273,54,219
117900121,300,173,127
117900122,1542,4602,-3060
117900123,777,379,398
117900124,861,677,184
117900125,2017,2358,-341
117900126,257,511,-254
117900127,545,505,40
117900128,487,626,-139
117900129,87,2,85
117900130,1202,481,721
117900131,7,128,-121
117900132,16,86,-70
117900133,10,116,-106
117900134,71,300,-229
117900135,36,155,-119
117900136,0,38,-38
117900137,41,313,-272
117900138,0,41,-41
117900139,218,117,101
117900140,2853,382,2471
117900141,176,190,-14
117900142,87,74,13
117900144,75,216,-141
117900145,23,51,-28
117900146,167,262,-95
117900147,80,60,20
117900148,2367,1970,397
117900149,149,207,-58
117900150,55,45,10
117900151,57,93,-36
117900152,76,89,-13
117900153,42,131,-89
117900154,484,500,-16
117900156,999,788,211
117900157,74,598,-524
117900158,449,148,301
117900160,913,1063,-150
117900161,2575,2064,511
117900162,539,495,44
117900163,45,198,-153
117900165,1,20,-19
117900166,148,588,-440
117900168,9,208,-199
117900169,1,121,-120
117900170,1,40,-39
117900171,7,16,-9
117900172,23,40,-17
117900173,207,119,88
117900174,39,85,-46
117900175,12,32,-20
117900176,23,41,-18
117900177,40,45,-5
117900178,152,40,112
117900180,219,35,184
117900181,65,446,-381
117900182,3,41,-38
117900183,64,175,-111
117900184,27,83,-56
117900185,45,65,-20
117900186,52,9,43
117900187,32,13,19
117900188,258,30,228
117900189,81,32,49
117900190,35,1,34
117900191,89,2,87
117900192,346,4,342
117900193,34,85,-51
117900194,9,5,4
117900195,24,92,-68
117900196,14,35,-21
117900207,223,237,-14
117900208,73,40,33
117900209,173,215,-42
117900210,200,265,-65
117900211,5,191,-186
117900212,138,139,-1
117900213,20,9,11
117900214,22,15,7
117900216,4,60,-56
117900217,38,466,-428
117900218,96,150,-54
117900219,7,193,-186
117900220,51,76,-25
117900221,19,7,12
118000001,1002,1103,-101
118000002,884,1765,-881
118000003,2006,3472,-1466
118000004,1952,1748,204
118000005,4581,6564,-1983
118000006,4818,9362,-4544
118000007,5399,4243,1156
118000008,2867,4231,-1364
118000009,1652,3421,-1769
118000010,6034,4433,1601
118000011,1864,2086,-222
118000012,1313,2095,-782
118000013,2633,2559,74
118000014,2032,2000,32
118000016,259,247,12
118000017,500,525,-25
118000018,413,433,-20
118000019,2095,1762,333
118000020,1300,4535,-3235
118000021,712,4273,-3561
118000022,1724,940,784
118000023,844,312,532
118000024,1404,1703,-299
118000025,806,2445,-1639
118000027,11469,12866,-1397
118000029,902,910,-8
118000032,1061,4150,-3089
118000033,2826,8063,-5237
118000034,5149,3129,2020
118000035,1827,3591,-1764
118000036,1038,1603,-565
118000037,843,1035,-192
118000038,197,113,84
118000039,130,188,-58
118000040,1855,1511,344
118000041,2718,1389,1329
118000045,347,243,104
118000046,1198,714,484
118000047,922,1554,-632
118000048,2265,2236,29
118000051,2422,1556,866
118000052,1607,977,630
118000053,340,733,-393
118000054,1479,1188,291
118000055,1303,1324,-21
118000056,232,451,-219
118000057,206,351,-145
118000058,2572,2465,107
118000059,1949,1614,335
118000060,1180,620,560
118000061,1481,1314,167
118000062,555,435,120
118000063,391,827,-436
118000064,899,1234,-335
118000065,3253,1881,1372
118000066,839,1699,-860
118000067,648,827,-179
118000068,1568,5006,-3438
118000069,2861,1194,1667
118000070,4852,1806,3046
118000071,3329,7090,-3761
118000072,1282,1281,1
118000073,1099,800,299
118000074,577,314,263
118000075,688,290,398
118000076,1311,2944,-1633
118000077,1344,1444,-100
118000078,1737,2862,-1125
118000079,291,539,-248
118000080,914,909,5
118000081,2000,1450,550
118000082,345,1320,-975
118000083,1851,1897,-46
118000084,3252,2268,984
118000086,260,587,-327
118000087,4065,2516,1549
118000088,1673,1512,161
118000089,3991,2393,1598
118000090,1327,2950,-1623
118000091,1387,2641,-1254
118000092,1007,557,450
118000093,70,715,-645
118000096,426,664,-238
118000097,982,654,328
118000098,367,259,108
118000099,755,776,-21
118000101,1232,382,850
118000102,484,952,-468
118000107,1681,485,1196
118000108,811,2601,-1790
118000110,0,32,-32
118000111,0,211,-211
118000112,656,2,654
118000113,6,292,-286
118000114,504,9,495
118000115,15,9,6
118000116,30,1,29
118000117,992,772,220
118000118,1090,1185,-95
118000119,1025,1387,-362
118000120,1705,1305,400
118000121,94,671,-577
118000122,1290,451,839
118000123,46,199,-153
118000125,1736,821,915
118000126,642,1800,-1158
118000127,1815,682,1133
118000128,544,967,-423
118000129,980,372,608
118000130,2081,2853,-772
118000131,391,574,-183
118000132,2819,2038,781
118000133,1125,408,717
118000135,674,393,281
118000136,128,391,-263
118000137,567,83,484
118000138,500,563,-63
118000139,590,78,512
118000140,3151,5856,-2705
118000141,2695,1989,706
118000142,2228,1740,488
118000143,2445,1243,1202
118000144,1169,683,486
118000145,1606,1468,138
118000146,1435,664,771
118000147,913,1262,-349
118000148,507,1116,-609
118000149,1041,767,274
118000150,436,177,259
118000151,651,424,227
118000153,1764,1220,544
118000154,1605,1570,35
118000155,1706,1371,335
118000156,2126,2606,-480
118000157,662,302,360
118000158,257,403,-146
118000159,24,89,-65
118000160,615,336,279
118000161,581,736,-155
118000162,1980,988,992
118000163,1125,794,331
118000164,2113,1288,825
118000168,960,924,36
118000169,1176,1297,-121
118000170,3659,4521,-862
118000171,440,705,-265
118000172,89,270,-181
118000173,938,1384,-446
118000175,320,400,-80
118000176,388,473,-85
118000177,270,698,-428
118000178,56,54,2
118000179,1277,1347,-70
118000180,918,634,284
118000181,785,276,509
118000182,318,246,72
118000183,291,296,-5
118000184,1032,600,432
118000185,1309,1336,-27
118000186,899,1301,-402
118000187,1583,609,974
118000188,687,164,523
118000189,909,658,251
118000190,8,7,1
118000191,43,36,7
118000192,50,106,-56
118000193,47,284,-237
118000194,1277,930,347
118000195,560,1277,-717
118000196,325,272,53
118000197,129,192,-63
118000198,341,758,-417
118000199,451,451,0
118000200,99,267,-168
118000201,546,531,15
118000202,72,61,11
118000203,549,671,-122
118000204,147,424,-277
118000205,140,334,-194
118000206,313,212,101
118000207,1,67,-66
118000208,1647,1752,-105
118000209,2334,1460,874
118000210,69,38,31
118000211,29,38,-9
118000213,1176,1943,-767
118000214,630,624,6
118000215,416,149,267
118000216,2619,2027,592
118000217,39,74,-35
118000218,112,55,57
118000219,466,210,256
118000220,4,50,-46
118000221,303,314,-11
118000222,96,5,91
118000223,35,49,-14
118000224,196,91,105
118000225,154,674,-520
118000226,1132,211,921
118000227,755,525,230
118000228,157,292,-135
118000229,210,151,59
118000230,114,180,-66
118000231,100,193,-93
118000232,905,678,227
118000233,1329,814,515
118000234,518,273,245
118000236,485,256,229
118000237,158,432,-274
118000238,347,161,186
118000239,304,241,63
118000240,301,147,154
118000241,172,223,-51
118000242,485,458,27
118000243,363,204,159
118000244,59,97,-38
118000246,1,25,-24
118000255,61,218,-157
118000256,139,175,-36
118000259,10,46,-36
118000260,220,100,120
118000261,36,52,-16
118000263,96,189,-93
118000266,127,311,-184
118000267,0,126,-126
118000268,293,4,289
118000270,69,35,34
118000271,186,236,-50
118000272,83,42,41
118000273,174,99,75
118000274,105,261,-156
118000276,695,486,209
118000295,10,144,-134
118000298,169,172,-3
118000299,49,104,-55
118000301,2,48,-46
118000302,120,36,84
118000311,593,80,513
118000312,341,189,152
118000313,80,140,-60
118000314,121,55,66
118000315,49,42,7
118000316,779,408,371
118000325,55,49,6
118000326,31,17,14
118000331,56,61,-5
118000332,35,28,7
118000333,27,79,-52
118000335,450,3,447
118000336,0,199,-199
118000407,237,59,178
118000457,9,17,-8
118000465,2792,4083,-1291
118000480,36,53,-17
118000489,15,366,-351
118000490,19,174,-155
118000492,208,178,30
118000510,55,30,25
118000514,148,295,-147
118000515,763,647,116
118000517,379,201,178
118000524,318,335,-17
118000525,898,901,-3
118000530,20,104,-84
118000531,455,306,149
118000532,261,266,-5
118000533,284,110,174
118000534,689,431,258
118000535,320,164,156
118000536,691,1924,-1233
118000537,17,229,-212
118000538,34,95,-61
118000539,28,88,-60
118000540,309,189,120
118000541,181,103,78
118000542,157,255,-98
118000543,310,230,80
118000546,100,39,61
118000560,2158,2614,-456
118000562,43,131,-88
118000563,1384,1166,218
118000576,146,105,41
118000577,160,110,50
118000578,128,84,44
118000579,498,1287,-789
118000595,250,104,146
118000596,0,107,-107
118000597,150,63,87
118000598,24,1,23
118000599,93,62,31
118000600,2,21,-19
118000601,26,0,26
118000602,0,18,-18
118000603,0,15,-15
118900001,582,1481,-899
118900002,902,1042,-140
118900003,615,17,598
118900004,95,39,56
118900005,89,10,79
118900006,223,6,217
118900007,14,5,9
118900008,1809,69,1740
118900009,102,68,34
118900010,99,9,90
118900011,188,34,154
118900012,508,196,312
118900013,552,229,323
118900015,319,74,245
118900016,12,12,0
118900017,232,356,-124
118900018,1097,40,1057
118900019,38,24,14
118900020,199,154,45
118900021,255,462,-207
118900022,190,130,60
118900023,191,101,90
118900024,127,195,-68
118900025,51,54,-3
118900026,60,79,-19
118900027,431,188,243
118900028,261,160,101
118900029,361,444,-83
118900030,464,87,377
118900031,189,72,117
118900032,264,158,106
118900033,398,501,-103
118900034,189,35,154
118900035,142,165,-23
118900036,1331,736,595
118900037,393,358,35
118900038,486,126,360
118900039,674,143,531
118900040,302,199,103
118900041,635,146,489
118900042,184,150,34
118900045,370,206,164
118900046,663,398,265
118900047,488,205,283
118900048,154,273,-119
118900049,64,59,5
118900050,41,76,-35
118900051,55,92,-37
118900052,367,284,83
118900053,40,103,-63
118900054,161,41,120
118900055,128,54,74
118900056,20,372,-352
118900057,1129,558,571
118900058,374,345,29
118900059,18,83,-65
118900060,45,91,-46
118900062,523,172,351
118900064,584,633,-49
118900065,70,128,-58
118900066,85,116,-31
118900067,4428,4371,57
118900068,10,188,-178
118900069,485,182,303
118900071,15,102,-87
118900072,543,302,241
118900073,174,105,69
118900074,189,163,26
118900075,66,57,9
118900076,209,115,94
118900077,228,191,37
118900078,12,10,2
118900079,66,200,-134
118900080,36,122,-86
118900081,81,46,35
118900082,973,156,817
118900083,48,12,36
118900084,13,23,-10
118900085,682,801,-119
118900086,40,119,-79
118900087,35,291,-256
118900088,0,9,-9
118900089,19,28,-9
118900090,662,333,329
118900091,226,228,-2
118900092,198,83,115
118900093,97,17,80
118900096,77,24,53
118900097,328,432,-104
118900099,89,228,-139
118900100,134,253,-119
118900101,168,434,-266
118900102,68,126,-58
118900103,88,136,-48
118900104,427,129,298
118900105,221,97,124
118900107,145,72,73
118900108,105,109,-4
118900109,901,732,169
118900110,1405,953,452
118900111,584,463,121
118900112,72,185,-113
118900113,112,398,-286
118900114,19,83,-64
118900115,130,474,-344
118900116,154,257,-103
118900117,110,183,-73
118900118,358,276,82
118900119,175,191,-16
118900120,100,292,-192
118900121,8,122,-114
118900122,14,1040,-1026
118900123,159,262,-103
118900124,119,180,-61
118900126,31,502,-471
118900129,296,229,67
118900130,57,284,-227
118900131,149,198,-49
118900132,441,218,223
118900133,8,119,-111
118900135,243,220,23
118900136,235,476,-241
118900137,7,50,-43
118900139,222,342,-120
118900140,461,536,-75
118900141,91,131,-40
118900144,179,358,-179
118900145,48,134,-86
118900146,369,643,-274
118900147,198,133,65
118900148,55,80,-25
118900150,192,562,-370
118900152,635,659,-24
118900157,79,220,-141
118900158,105,64,41
118900159,1,140,-139
118900161,85,13,72
118900163,96,102,-6
118900164,7,121,-114
118900165,57,181,-124
118900166,51,1,50
118900167,128,93,35
118900168,12,252,-240
118900169,177,253,-76
118900170,263,108,155
118900171,32,66,-34
118900174,74,78,-4
118900175,545,507,38
118900176,217,294,-77
118900177,36,35,1
118900178,49,189,-140
118900179,8,32,-24
118900181,106,61,45
118900182,115,46,69
118900183,39,207,-168
118900184,348,143,205
118900185,91,124,-33
118900186,132,112,20
118900187,329,372,-43
118900188,406,376,30
118900189,54,894,-840
118900190,25,273,-248
118900191,218,37,181
118900192,275,28,247
118900193,742,9,733
118900195,340,659,-319
118900196,30,117,-87
118900197,201,46,155
118900198,25,8,17
118900199,81,29,52
118900200,23,23,0
118900201,27,48,-21
118900202,15,55,-40
118900203,13,17,-4
118900204,27,18,9
118900205,4,8,-4
118900206,4,15,-11
119000001,1707,2346,-639
119000002,4640,4607,33
119000003,3357,1165,2192
119000004,2697,1578,1119
119000005,2191,2209,-18
119000006,3079,1715,1364
119000007,3932,3531,401
119000008,2373,2064,309
119000009,3889,5877,-1988
119000010,6336,4725,1611
119000011,5079,3700,1379
119000012,4100,4362,-262
119000013,3331,1952,1379
119000014,2010,3065,-1055
119000019,344,196,148
119000020,2128,1699,429
119000021,5377,3067,2310
119000022,2781,3385,-604
119000023,273,342,-69
119000024,2348,14288,-11940
119000025,6856,1451,5405
119000026,150,605,-455
119000027,356,521,-165
119000028,1807,875,932
119000029,122,372,-250
119000030,553,856,-303
119000031,653,619,34
119000032,2250,2589,-339
119000033,2691,1542,1149
119000034,1325,990,335
119000035,44,280,-236
119000036,2436,784,1652
119000037,1507,1635,-128
119000038,186,738,-552
119000039,361,357,4
119000040,804,608,196
119000041,834,1169,-335
119000048,3096,2363,733
119000049,2083,1830,253
119000050,1766,1859,-93
119000051,2137,1003,1134
119000052,2015,2690,-675
119000053,2282,1443,839
119000054,3834,2809,1025
119000055,5330,3139,2191
119000056,3322,2289,1033
119000057,1972,1722,250
119000058,2288,1653,635
119000059,1448,1618,-170
119000060,2068,1269,799
119000061,1177,749,428
119000062,1309,1475,-166
119000063,697,347,350
119000064,913,965,-52
119000065,1898,3366,-1468
119000066,2242,1358,884
119000067,1902,1965,-63
119000068,1945,1095,850
119000069,1841,2198,-357
119000070,3017,887,2130
119000071,608,730,-122
119000072,5268,3060,2208
119000073,5115,7913,-2798
119000074,1602,2009,-407
119000075,3113,2224,889
119000076,426,1229,-803
119000077,815,654,161
119000078,512,264,248
119000079,143,886,-743
119000080,442,248,194
119000081,440,399,41
119000082,1024,220,804
119000083,656,433,223
119000084,344,398,-54
119000085,676,214,462
119000086,418,505,-87
119000087,1570,905,665
119000088,545,235,310
119000089,82,202,-120
119000090,152,143,9
119000091,132,483,-351
119000092,474,191,283
119000093,3567,2481,1086
119000094,3629,5203,-1574
119000095,2364,3143,-779
119000097,2265,1336,929
119000098,1191,3735,-2544
119000099,2554,1539,1015
119000100,5105,3646,1459
119000101,4657,2526,2131
119000102,681,1493,-812
119000103,1572,908,664
119000104,2154,1178,976
119000105,1355,2174,-819
119000106,441,990,-549
119000107,1258,698,560
119000108,424,735,-311
119000109,109,627,-518
119000110,613,490,123
119000111,48,866,-818
119000112,190,152,38
119000113,2086,392,1694
119000114,1403,1185,218
119000115,140,192,-52
119000116,155,138,17
119000117,172,488,-316
119000118,5,3,2
119000123,3456,2614,842
119000124,727,225,502
119000125,4632,769,3863
119000126,846,568,278
119000127,580,463,117
119000128,24,6,18
119000131,1066,536,530
119000132,2,2,0
119000133,0,7,-7
119000134,2078,668,1410
119000135,154,212,-58
119000136,308,140,168
119000137,333,315,18
119000138,735,217,518
119000139,322,196,126
119000140,346,360,-14
119000284,1139,2530,-1391
119000285,2253,2130,123
119000286,7128,5608,1520
119000287,1484,1868,-384
119000288,2157,1266,891
119000289,1424,2650,-1226
119000290,251,361,-110
119000291,10,211,-201
119000293,135,177,-42
119000294,41,31,10
119000295,1526,374,1152
119000296,307,193,114
119000302,1618,1265,353
119000303,49,107,-58
119000314,1966,11506,-9540
119000315,0,265,-265
119000316,109,75,34
119000317,85,204,-119
119900001,324,1319,-995
119900002,193,262,-69
119900003,54,851,-797
119900004,313,1431,-1118
119900005,219,92,127
119900006,253,457,-204
119900007,1279,329,950
119900008,112,94,18
119900009,722,651,71
119900010,1316,1469,-153
119900011,14,153,-139
119900012,35,118,-83
119900013,2182,1447,735
119900014,566,364,202
119900015,146,76,70
119900016,55,87,-32
119900017,54,24,30
119900018,1854,1228,626
119900019,61,10,51
119900020,267,268,-1
119900021,213,127,86
119900022,131,1116,-985
119900023,507,1821,-1314
119900025,251,39,212
119900026,926,159,767
119900027,28,18,10
119900028,231,282,-51
119900029,3,10,-7
119900030,783,507,276
119900031,75,554,-479
119900033,2036,420,1616
119900034,551,129,422
119900037,206,29,177
119900038,81,398,-317
119900039,37,17,20
119900040,209,34,175
119900041,198,34,164
119900042,129,138,-9
119900043,128,131,-3
119900044,249,1072,-823
119900046,193,75,118
119900047,388,72,316
119900048,49,8,41
119900049,181,12,169
119900050,220,194,26
119900051,1365,17,1348
119900052,60,38,22
119900053,317,127,190
119900054,193,15,178
119900055,1544,511,1033
119900057,347,101,246
119900058,284,0,284
119900059,182,39,143
119900060,352,30,322
119900061,497,8,489
119900062,130,32,98
119900063,23,52,-29
119900064,700,116,584
119900065,283,13,270
119900066,0,0,0
119900067,149,37,112
119900068,646,7,639
119900069,135,11,124
119900070,1600,41,1559
119900071,942,19,923
119900072,443,409,34
119900073,1540,637,903
119900074,22,47,-25
119900075,4003,2769,1234
119900076,868,370,498
119900077,1161,893,268
119900078,602,813,-211
119900079,412,180,232
119900080,323,333,-10
119900081,54,33,21
119900082,1950,212,1738
119900083,567,184,383
119900084,832,389,443
119900085,43,65,-22
119900086,273,672,-399
119900087,473,442,31
119900088,25,44,-19
119900089,40,471,-431
119900090,140,85,55
119900091,126,759,-633
119900092,142,484,-342
119900093,1418,274,1144
119900094,21,141,-120
119900095,241,113,128
119900096,51,144,-93
119900097,524,238,286
119900098,89,49,40
119900099,55,214,-159
119900100,1895,3761,-1866
119900101,202,1866,-1664
119900102,62,227,-165
119900103,83,307,-224
119900104,88,193,-105
119900105,1154,2828,-1674
119900106,15,148,-133
119900107,377,2149,-1772
119900108,3580,784,2796
119900109,26,161,-135
119900110,906,554,352
119900111,187,261,-74
119900112,1221,565,656
119900113,78,222,-144
119900114,386,1042,-656
119900115,420,778,-358
119900116,266,512,-246
119900117,412,612,-200
119900118,112,619,-507
119900119,287,276,11
119900120,789,680,109
119900121,460,735,-275
119900122,416,325,91
119900123,237,352,-115
119900124,224,649,-425
119900125,67,289,-222
119900126,4126,455,3671
119900127,1771,995,776
119900128,548,769,-221
119900129,337,454,-117
119900130,34,222,-188
119900131,47,228,-181
119900132,5,200,-195
119900133,97,86,11
119900134,1475,240,1235
119900135,1,268,-267
119900136,254,344,-90
119900138,392,608,-216
119900139,65,145,-80
119900140,0,87,-87
119900141,103,913,-810
119900142,18,71,-53
119900143,16,266,-250
119900144,1447,302,1145
119900145,118,185,-67
119900146,204,235,-31
119900147,3,200,-197
119900148,362,70,292
119900149,1052,5236,-4184
119900150,157,180,-23
119900151,2120,1305,815
119900152,158,284,-126
119900153,194,54,140
119900154,15,231,-216
119900155,70,33,37
119900156,11,5,6
119900157,147,229,-82
119900158,263,77,186
119900159,4,1197,-1193
119900160,22,132,-110
119900161,151,144,7
119900162,1222,1224,-2
119900163,120,237,-117
119900164,1,5,-4
119900165,182,163,19
119900166,123,39,84
119900167,97,102,-5
119900168,1289,568,721
119900169,117,366,-249
119900170,288,307,-19
119900171,1137,424,713
119900172,168,26,142
119900173,9,344,-335
119900174,9,187,-178
119900175,1749,635,1114
119900177,15,187,-172
119900178,6,127,-121
119900179,154,666,-512
119900180,1071,1029,42
119900181,106,165,-59
119900182,4,354,-350
119900183,164,717,-553
119900184,2136,613,1523
119900185,83,247,-164
119900186,68,1329,-1261
119900187,12,391,-379
119900188,124,320,-196
119900189,469,492,-23
119900190,92,387,-295
119900191,343,334,9
119900192,77,174,-97
119900193,494,146,348
119900194,34,127,-93
119900195,109,216,-107
119900196,1306,494,812
119900197,373,178,195
119900198,216,361,-145
119900199,178,22,156
119900200,860,771,89
119900201,361,260,101
119900202,91,340,-249
119900203,260,681,-421
119900204,444,331,113
119900205,1062,433,629
119900206,245,174,71
119900208,205,197,8
119900209,550,1510,-960
119900210,54,32,22
119900211,109,15,94
119900212,197,251,-54
119900213,22,89,-67
119900214,48,72,-24
119900215,87,58,29
119900216,18,74,-56
119900217,17,85,-68
119900218,19,62,-43
119900219,21,107,-86
119900220,7,88,-81
119900221,25,257,-232
119900222,10,180,-170
119900223,23,69,-46
119900224,13,29,-16
119900225,855,52,803
119900226,666,2535,-1869
119900227,1187,358,829
119900228,159,283,-124
119900229,333,478,-145
119900230,1414,550,864
119900231,359,152,207
119900232,331,147,184
119900233,82,5,77
119900234,19,102,-83
119900235,27,55,-28
119900236,33,221,-188
119900237,109,560,-451
119900238,3,85,-82
119900240,110,136,-26
119900241,193,272,-79
119900242,1733,1609,124
119900244,845,1376,-531
119900245,144,243,-99
119900246,377,551,-174
119900247,41,181,-140
119900248,115,311,-196
119900249,281,121,160
119900253,2312,560,1752
119900254,126,912,-786
119900255,167,810,-643
119900256,936,980,-44
119900257,67,2,65
119900258,225,14,211
119900259,11,133,-122
119900260,218,9,209
119900261,244,174,70
119900262,1,169,-168
119900263,1312,349,963
119900264,141,157,-16
119900265,641,318,323
119900266,490,246,244
119900267,351,524,-173
119900268,173,181,-8
119900269,1507,1000,507
119900271,48,129,-81
119900272,324,416,-92
119900275,192,68,124
119900276,78,4,74
119900277,10,8,2
119900278,223,107,116
119900279,141,291,-150
119900280,688,203,485
119900281,1,340,-339
119900282,74,122,-48
119900283,30,196,-166
119900284,65,189,-124
119900285,35,150,-115
119900286,1,39,-38
119900288,5,30,-25
119900289,2,44,-42
119900290,7,17,-10
119900291,26,156,-130
119900292,44,91,-47
119900293,25,57,-32
119900294,18,83,-65
119900295,24,29,-5
119900296,41,121,-80
119900297,1,19,-18
119900298,11,11,0
119900299,81,151,-70
119900300,275,224,51
119900301,107,190,-83
119900302,177,92,85
119900303,313,208,105
119900304,238,50,188
119900305,8,117,-109
119900306,48,9,39
119900307,87,99,-12
119900308,15,31,-16
119900309,70,160,-90
119900310,309,296,13
119900311,146,75,71
119900312,139,101,38
119900313,275,332,-57
119900314,299,468,-169
119900315,2493,2107,386
119900318,19,68,-49
119900319,12,224,-212
119900320,280,451,-171
119900321,96,5,91
120000001,7616,18663,-11047
120000002,2853,2497,356
120000003,3281,1492,1789
120000004,2847,1888,959
120000005,4317,2214,2103
120000006,1343,1208,135
120000007,3718,3326,392
120000008,1237,1297,-60
120000009,2526,1293,1233
120000010,2254,2556,-302
120000011,1075,1750,-675
120000012,1798,2590,-792
120000013,3770,3038,732
120000014,904,1639,-735
120000015,2826,1746,1080
120000016,4360,2557,1803
120000017,3736,2704,1032
120000018,3858,13888,-10030
120000019,1208,1677,-469
120000020,3356,3795,-439
120000021,1902,2609,-707
120000022,3213,4241,-1028
120000023,1243,1586,-343
120000024,1565,2579,-1014
120000025,2856,2039,817
120000026,2335,1761,574
120000027,2546,2283,263
120000028,919,1446,-527
120000029,3201,1576,1625
120000030,328,1308,-980
120000031,2786,7175,-4389
120000032,8348,4090,4258
120000033,4992,1987,3005
120000034,2575,1681,894
120000035,2608,1935,673
120000036,3315,5462,-2147
120000037,768,2014,-1246
120000038,6371,4893,1478
120000039,841,1037,-196
120000040,99,631,-532
120000041,1386,1831,-445
120000042,3057,3209,-152
120000043,6428,1779,4649
120000044,6423,1715,4708
120000045,7106,1195,5911
120000046,4045,3264,781
120000047,1154,7636,-6482
120000048,7776,4933,2843
120000049,3943,3221,722
120000050,3994,3835,159
120000051,2838,4946,-2108
120000052,8306,2420,5886
120000053,1435,1997,-562
120000054,1461,3603,-2142
120000055,1808,4544,-2736
120000056,5751,4624,1127
120000057,4693,1308,3385
120000058,3297,1177,2120
120000059,17,1914,-1897
120000061,92,538,-446
120000062,229,386,-157
120000063,1441,2592,-1151
120000064,233,950,-717
120000065,614,1414,-800
120000066,514,624,-110
120000067,79,532,-453
120000068,225,733,-508
120000069,631,910,-279
120000070,107,553,-446
120000071,688,96,592
120000072,1195,426,769
120000073,1196,111,1085
120000074,261,177,84
120000075,1315,394,921
120000076,2936,480,2456
120000077,2627,762,1865
120000078,4373,1414,2959
120000079,307,165,142
120000080,140,260,-120
120000081,344,196,148
120000082,250,315,-65
120000083,87,745,-658
120000084,425,451,-26
120000085,534,469,65
120000086,261,441,-180
120000087,220,494,-274
120000088,847,1022,-175
120000089,1418,652,766
120000090,1026,631,395
120000091,1224,1047,177
120000092,1619,723,896
120000093,663,526,137
120000094,251,862,-611
120000095,1250,467,783
120000096,423,785,-362
120000098,1300,752,548
120000099,580,773,-193
120000100,1125,902,223
120000101,859,578,281
120000102,795,997,-202
120000103,2015,1008,1007
120000104,2438,568,1870
120000105,3995,715,3280
120000106,2850,759,2091
120000107,5203,704,4499
120000108,1700,177,1523
120000109,1391,112,1279
120000110,99,845,-746
120000111,154,924,-770
120000112,826,2214,-1388
120000113,622,1695,-1073
120000114,927,2110,-1183
120000115,365,1881,-1516
120000116,809,1781,-972
120000117,890,1404,-514
120000118,42,66,-24
120000119,33,60,-27
120000120,93,127,-34
120000121,48,72,-24
120000122,360,415,-55
120000123,3841,6977,-3136
120000124,458,373,85
120000125,671,609,62
120000126,361,1148,-787
120000127,2475,1297,1178
120000128,3366,5282,-1916
120000129,338,336,2
120000130,851,483,368
120000131,309,886,-577
120000134,536,848,-312
120000135,761,572,189
120000137,411,1086,-675
120000138,1447,469,978
120000139,353,572,-219
120000140,1151,584,567
120000141,442,481,-39
120000142,736,686,50
120000143,0,102,-102
120000144,151,8,143
120000145,506,2,504
120000146,996,1062,-66
120000149,797,1043,-246
120000150,2955,13239,-10284
120000151,594,378,216
120000152,763,223,540
120000153,477,552,-75
120000154,660,501,159
120000155,156,229,-73
120000156,778,1318,-540
120000157,1133,696,437
120000158,1035,820,215
120000159,1861,2629,-768
120000160,2603,1959,644
120000161,2596,2359,237
120000162,92,312,-220
120000163,960,1191,-231
120000164,762,406,356
120000165,679,740,-61
120000166,1930,550,1380
120000167,180,261,-81
120000168,38,880,-842
120000169,65,2096,-2031
120000170,61,1414,-1353
120000171,19,499,-480
120000172,90,336,-246
120000173,1645,1409,236
120000174,266,29,237
120000175,198,45,153
120000176,146,45,101
120000177,1406,171,1235
120000178,68,19,49
120000179,291,62,229
120000180,1677,113,1564
120000181,170,1936,-1766
120000182,95,791,-696
120000183,6,565,-559
120000184,191,1561,-1370
120000186,47,805,-758
120000187,34,378,-344
120000188,103,523,-420
120000190,572,67,505
120000191,732,111,621
120000192,867,69,798
120000193,395,13,382
120000195,81,3,78
120000196,412,75,337
120000197,175,122,53
120000198,262,112,150
120000199,114,3,111
120000200,121,1,120
120000201,7,33,-26
120000202,0,58,-58
120000203,87,196,-109
120000207,2,69,-67
120000208,24,147,-123
120000209,4,66,-62
120000210,50,72,-22
120000211,198,3,195
120000212,317,2,315
120000213,262,228,34
120000214,2,199,-197
120000215,2,98,-96
120000216,152,34,118
120000217,624,1384,-760
120000218,153,730,-577
120000219,10,407,-397
120000220,7,1264,-1257
120000225,2170,2,2168
120000226,491,6,485
120000227,1240,106,1134
120000228,12017,4381,7636
120000230,523,26,497
120000231,1643,1941,-298
120000233,526,3,523
120000235,361,520,-159
120000236,1615,6,1609
120000237,2,1401,-1399
120000238,3,909,-906
120000241,1326,4109,-2783
120000412,753,14,739
120000413,318,247,71
120000414,147,4,143
120000415,0,83,-83
120000416,201,5,196
120000417,15,93,-78
120000418,276,21,255
120000419,18,169,-151
120000420,75,21,54
120000421,10105,6302,3803
120000422,148,1722,-1574
120000423,13,97,-84
120000424,117,132,-15
120000436,140,749,-609
120000437,168,161,7
120000438,2083,322,1761
120000439,321,616,-295
120000443,268,0,268
120000444,1747,490,1257
120000445,2107,1255,852
120000446,768,218,550
120000447,296,1,295
120000449,194,6,188
120000450,7,229,-222
120000451,227,410,-183
120000452,286,7,279
120000453,0,428,-428
120000454,106,67,39
120000455,95,38,57
120000456,2582,4595,-2013
120000457,1333,471,862
120000458,508,619,-111
120000459,149,63,86
120000665,1571,404,1167
120000668,131,1407,-1276
120000669,108,203,-95
120000670,228,955,-727
120000671,1511,461,1050
120000672,100,551,-451
120900001,77,124,-47
120900002,447,650,-203
120900003,255,16,239
120900004,9,95,-86
120900005,20,703,-683
120900006,596,315,281
120900007,177,101,76
120900008,507,909,-402
120900009,332,21,311
120900010,582,133,449
120900011,346,239,107
120900012,281,1789,-1508
120900013,450,255,195
120900014,1,493,-492
120900015,997,121,876
120900016,1081,101,980
120900017,2184,102,2082
120900018,220,440,-220
120900019,883,374,509
120900020,757,1684,-927
120900021,963,345,618
120900022,17,271,-254
120900023,330,38,292
120900024,2249,559,1690
120900025,1521,1072,449
120900026,337,212,125
120900027,942,15,927
120900028,532,171,361
120900029,136,604,-468
120900030,1613,950,663
120900031,277,160,117
120900032,1534,88,1446
120900033,1434,158,1276
120900034,29,2969,-2940
120900035,79,194,-115
120900037,323,14,309
120900038,69,356,-287
120900039,151,58,93
120900040,399,7,392
120900041,111,25,86
120900042,723,79,644
120900043,111,105,6
120900044,13,432,-419
120900045,215,139,76
120900046,592,9,583
120900047,114,136,-22
120900048,171,50,121
120900049,591,14,577
120900050,1935,1875,60
120900051,497,97,400
120900052,843,7,836
120900053,430,52,378
120900054,1553,582,971
120900055,532,7,525
120900056,643,29,614
120900057,193,10,183
120900058,719,2,717
120900059,129,3,126
120900060,107,26,81
120900061,257,240,17
120900062,346,1,345
120900063,726,7,719
120900064,898,3,895
120900065,678,13,665
120900066,536,179,357
120900067,217,73,144
120900068,420,1,419
120900069,276,32,244
120900071,52,2,50
120900072,955,12,943
120900073,611,121,490
120900074,830,11,819
120900076,455,0,455
120900077,2757,406,2351
120900078,1047,796,251
120900079,1167,124,1043
120900080,1115,1252,-137
120900081,1340,854,486
120900082,457,458,-1
120900083,159,5,154
120900084,449,511,-62
120900085,96,131,-35
120900086,101,479,-378
120900087,570,397,173
120900088,235,569,-334
120900089,2832,3537,-705
120900090,393,98,295
120900091,734,1031,-297
120900092,1085,402,683
120900093,1637,162,1475
120900094,401,230,171
120900095,530,33,497
120900096,61,270,-209
120900097,783,640,143
120900098,265,142,123
120900099,72,72,0
120900100,79,195,-116
120900101,619,252,367
120900102,43,89,-46
120900103,69,264,-195
120900104,27,48,-21
120900105,40,423,-383
120900106,1035,509,526
120900107,258,157,101
120900108,4,386,-382
120900109,35,501,-466
120900110,8,459,-451
120900111,214,312,-98
120900112,14,605,-591
120900113,9,659,-650
120900114,45,200,-155
120900115,182,238,-56
120900116,496,411,85
120900117,7,393,-386
120900118,6,604,-598
120900119,6270,4135,2135
120900120,82,532,-450
120900121,241,534,-293
120900122,635,385,250
120900123,5,305,-300
120900124,2,372,-370
120900125,11,655,-644
120900126,1502,1037,465
120900127,20,399,-379
120900128,1104,1411,-307
120900129,52,261,-209
120900130,0,279,-279
120900131,109,100,9
120900132,1390,318,1072
120900133,95,690,-595
120900134,787,387,400
120900135,25,410,-385
120900136,45,99,-54
120900137,415,119,296
120900138,19,190,-171
120900139,1,506,-505
120900140,6,90,-84
120900141,282,222,60
120900142,15,389,-374
120900143,5,717,-712
120900144,0,133,-133
120900145,211,646,-435
120900146,2,802,-800
120900147,3,457,-454
120900148,186,199,-13
120900149,1,222,-221
120900150,59,461,-402
120900151,3,472,-469
120900152,0,29,-29
120900153,52,139,-87
120900154,0,165,-165
120900155,196,798,-602
120900156,179,307,-128
120900157,105,311,-206
120900158,75,577,-502
120900159,134,441,-307
120900160,44,613,-569
120900161,66,559,-493
120900162,107,750,-643
120900163,115,1127,-1012
120900164,0,41,-41
120900165,8,82,-74
120900166,150,773,-623
120900167,447,193,254
120900169,116,305,-189
120900170,842,3360,-2518
120900171,1049,198,851
120900172,715,1686,-971
120900173,0,30,-30
120900174,6,135,-129
120900175,293,188,105
120900176,25,516,-491
120900177,8,1635,-1627
120900178,0,746,-746
120900179,719,503,216
120900180,84,133,-49
120900181,56,27,29
120900182,26,322,-296
120900183,566,111,455
120900184,386,80,306
120900185,23,323,-300
120900186,0,280,-280
120900187,759,1182,-423
120900188,250,8,242
120900189,80,1682,-1602
120900190,82,5,77
120900191,15,17,-2
120900192,7834,9225,-1391
120900194,79,111,-32
120900195,156,412,-256
120900196,959,32,927
120900197,946,162,784
120900198,261,541,-280
120900199,600,1647,-1047
120900200,70,123,-53
120900201,403,192,211
120900202,1,130,-129
120900203,38,88,-50
120900204,145,250,-105
120900205,72,49,23
120900206,29,44,-15
121000001,849,1241,-392
121000002,2944,1566,1378
121000003,3438,2316,1122
121000004,3063,3833,-770
121000005,1798,2979,-1181
121000006,4212,2104,2108
121000007,2771,3134,-363
121000008,5717,4561,1156
121000009,6416,6461,-45
121000010,9634,7907,1727
121000011,11144,14661,-3517
121000012,20256,13647,6609
121000013,5464,7704,-2240
121000014,6389,6128,261
121000015,4746,7472,-2726
121000016,4573,3930,643
121000017,2546,4113,-1567
121000018,3686,2017,1669
121000019,16777,12621,4156
121000020,15994,20314,-4320
121000021,3111,3280,-169
121000022,3243,4086,-843
121000023,4847,3502,1345
121000024,6997,6909,88
121000025,745,1608,-863
121000026,391,175,216
121000027,1800,1396,404
121000028,1051,672,379
121000029,926,675,251
121000030,203,160,43
121000031,807,794,13
121000032,313,142,171
121000034,420,270,150
121000035,170,167,3
121000036,1143,1058,85
121000037,697,603,94
121000038,576,1273,-697
121000039,473,672,-199
121000041,652,735,-83
121000042,528,453,75
121000043,721,660,61
121000044,1586,1067,519
121000045,549,343,206
121000046,940,1152,-212
121000047,59,173,-114
121000049,1396,687,709
121000050,353,1230,-877
121000051,672,390,282
121000052,484,733,-249
121000053,463,133,330
121000054,60,500,-440
121000055,1203,1330,-127
121000056,780,1042,-262
121000057,276,649,-373
121000058,375,237,138
121000059,2612,1489,1123
121000060,696,1149,-453
121000061,112,546,-434
121000062,212,413,-201
121000063,940,980,-40
121000064,834,657,177
121000065,348,524,-176
121000066,316,335,-19
121000067,674,746,-72
121000068,930,466,464
121000069,747,1368,-621
121000070,1863,1410,453
121000071,1625,1703,-78
121000072,1414,867,547
121000073,1317,1223,94
121000074,133,137,-4
121000075,62,555,-493
121000076,739,558,181
121000077,208,264,-56
121000078,146,236,-90
121000080,2059,777,1282
121000081,5254,3556,1698
121000082,97,264,-167
121000083,224,167,57
121000084,243,163,80
121000085,332,531,-199
121000086,315,762,-447
121000087,54,370,-316
121000088,558,585,-27
121000089,567,673,-106
121000090,675,540,135
121000091,1828,1255,573
121000092,218,94,124
121000093,194,257,-63
121000094,635,870,-235
121000095,379,909,-530
121000096,2918,2692,226
121000097,1099,3196,-2097
121000098,726,995,-269
121000099,685,873,-188
121000100,1029,407,622
121000101,566,337,229
121000102,412,330,82
121000103,376,283,93
121000104,327,197,130
121000105,680,270,410
121000106,560,465,95
121000107,2162,3250,-1088
121000109,1339,1337,2
121000110,306,707,-401
121000114,3547,2375,1172
121000115,1305,592,713
121000116,260,811,-551
121000117,711,261,450
121000118,1454,260,1194
121000119,283,518,-235
121000120,370,514,-144
121000121,781,1578,-797
121000123,2056,966,1090
121000126,95,402,-307
121000127,215,109,106
121000128,1243,455,788
121000129,1136,610,526
121000130,733,817,-84
121000131,2508,2142,366
121000132,1822,2169,-347
121000135,538,1070,-532
121000136,1487,1397,90
121000137,585,375,210
121000138,967,1753,-786
121000139,486,785,-299
121000141,226,247,-21
121000142,846,1312,-466
121000143,160,36,124
121000144,1046,2038,-992
121000145,735,1064,-329
121000146,1814,1239,575
121000147,1366,621,745
121000148,1113,1207,-94
121000149,2678,1686,992
121000152,463,519,-56
121000153,2056,651,1405
121000154,1229,673,556
121000155,1756,1080,676
121000156,451,1203,-752
121000157,944,1605,-661
121000158,385,460,-75
121000159,246,363,-117
121000160,355,402,-47
121000161,272,415,-143
121000162,192,214,-22
121000165,1990,2256,-266
121000166,27,399,-372
121000168,522,213,309
121000169,83,153,-70
121000170,405,94,311
121000171,130,205,-75
121000172,840,627,213
121000173,1616,1474,142
121000174,436,503,-67
121000175,1330,414,916
121000176,497,336,161
121000177,662,343,319
121000178,115,64,51
121000179,84,70,14
121000181,506,437,69
121000182,182,344,-162
121000183,114,155,-41
121000184,136,200,-64
121000185,42,252,-210
121000186,262,760,-498
121000187,260,203,57
121000188,299,205,94
121000192,1276,532,744
121000193,830,621,209
121000194,2409,2447,-38
121000195,250,916,-666
121000196,408,225,183
121000197,303,732,-429
121000198,272,186,86
121000199,135,302,-167
121000200,701,112,589
121000201,7,211,-204
121000202,201,8,193
121000203,916,1887,-971
121000204,3386,787,2599
121000205,150,283,-133
121000206,263,86,177
121000207,2500,451,2049
121000208,9,269,-260
121000209,506,240,266
121000210,988,328,660
121000211,347,160,187
121000212,547,554,-7
121000213,10204,3149,7055
121000214,1081,2176,-1095
121000215,1134,1160,-26
121000216,626,674,-48
121000217,5540,2655,2885
121000218,368,1657,-1289
121000219,1684,497,1187
121000220,196,118,78
121000221,176,277,-101
121000222,2537,3210,-673
121000223,386,554,-168
121000224,334,443,-109
121000225,822,2473,-1651
121000226,2213,1281,932
121000227,17,169,-152
121000228,25,565,-540
121000229,382,364,18
121000230,66,1449,-1383
121000231,1227,28,1199
121000232,418,396,22
121000233,614,381,233
121000234,17,54,-37
121000235,93,81,12
121000236,11,48,-37
121000237,57,26,31
121000238,6,73,-67
121000239,49,3,46
121000240,6,128,-122
121000241,100,15,85
121000242,79,285,-206
121000243,473,136,337
121000244,14,75,-61
121000245,97,42,55
121000246,1,103,-102
121000247,128,9,119
121000248,1136,539,597
121000249,124,382,-258
121000250,626,304,322
121000251,15,367,-352
121000252,155,94,61
121000253,362,253,109
121000254,718,218,500
121000255,134,219,-85
121000256,383,195,188
121000257,20,116,-96
121000258,84,89,-5
121000259,53,66,-13
121000260,74,120,-46
121000261,130,64,66
121000262,1310,885,425
121000263,407,459,-52
121000271,424,1422,-998
121000273,24,18,6
121000274,10,61,-51
121000275,0,4,-4
121000276,8,19,-11
121000278,41,22,19
121000279,22,23,-1
121000280,39,77,-38
121000289,259,19,240
121000290,1259,952,307
121000294,203,62,141
121000297,840,1208,-368
121000299,158,767,-609
121000300,1043,612,431
121000302,43,1155,-1112
121000303,481,386,95
121000304,639,88,551
121000305,253,55,198
121000306,179,177,2
121000308,140,365,-225
121000309,368,587,-219
121000310,133,329,-196
121000311,106,676,-570
121000312,484,337,147
121000313,348,557,-209
121000314,49,92,-43
121000315,36,63,-27
121000530,2076,1512,564
121000531,2081,1724,357
121000532,8427,8882,-455
121000533,4025,3873,152
121000918,49,141,-92
121000919,52,66,-14
121000938,60,95,-35
121000939,70,143,-73
121000956,1951,1154,797
121000957,4,22,-18
121000958,46,78,-32
121000959,1037,777,260
121000960,1668,1834,-166
121000961,297,150,147
121000962,297,405,-108
121000973,0,195,-195
121000976,14,289,-275
121000979,540,180,360
121000981,424,236,188
121000982,410,169,241
121000983,501,383,118
121000984,31,103,-72
121000985,987,465,522
121000986,539,157,382
121000987,320,863,-543
121000988,1080,148,932
121001302,317,161,156
121001308,1,32,-31
121001309,126,208,-82
121001313,181,179,2
121001314,1824,2862,-1038
121001315,5057,3069,1988
121900001,128,201,-73
121900002,76,56,20
121900003,500,87,413
121900004,168,524,-356
121900005,40,11,29
121900006,128,19,109
121900007,2320,2379,-59
121900008,1623,1218,405
121900009,804,28,776
121900010,297,8,289
121900011,439,549,-110
121900012,13,1,12
121900013,1258,99,1159
121900014,1514,407,1107
121900015,268,224,44
121900016,4,24,-20
121900017,492,576,-84
121900018,446,11,435
121900019,617,301,316
121900020,26,3,23
121900021,1566,31,1535
121900022,243,282,-39
121900023,209,418,-209
121900024,424,94,330
121900025,908,559,349
121900026,434,67,367
121900027,637,261,376
121900028,283,10,273
121900029,214,293,-79
121900030,555,590,-35
121900031,1247,7095,-5848
121900032,137,90,47
121900033,211,314,-103
121900034,378,101,277
121900035,3398,2530,868
121900036,131,385,-254
121900037,288,1300,-1012
121900038,65,175,-110
121900039,477,70,407
121900040,118,142,-24
121900041,157,206,-49
121900042,514,183,331
121900043,3,7,-4
121900044,123,79,44
121900045,605,353,252
121900046,354,440,-86
121900047,324,78,246
121900048,101,102,-1
121900050,64,84,-20
121900051,217,199,18
121900052,254,63,191
121900053,731,362,369
121900054,551,1075,-524
121900055,4,22,-18
121900058,317,154,163
121900059,556,203,353
121900060,223,386,-163
121900061,234,223,11
121900062,241,198,43
121900063,1905,629,1276
121900064,413,681,-268
121900066,68,22,46
121900067,58,49,9
121900069,195,182,13
121900070,268,200,68
121900071,436,273,163
121900072,60,166,-106
121900073,265,221,44
121900074,1005,1400,-395
121900075,491,675,-184
121900076,513,735,-222
121900077,38,52,-14
121900078,126,54,72
121900079,0,0,0
121900080,1239,532,707
121900082,51,123,-72
121900083,274,215,59
121900084,35,129,-94
121900085,4,17,-13
121900086,14,69,-55
121900087,218,140,78
121900088,2598,4584,-1986
121900089,279,289,-10
121900090,41,89,-48
121900091,129,80,49
121900092,90,143,-53
121900093,86,106,-20
121900094,13,10,3
121900095,344,169,175
121900096,1771,1126,645
121900097,704,198,506
121900098,7,7,0
121900099,274,111,163
121900100,196,535,-339
121900101,156,165,-9
121900102,10,147,-137
121900103,588,337,251
121900104,1980,370,1610
121900105,375,205,170
121900106,10,13,-3
121900107,74,29,45
121900108,4,17,-13
121900109,334,152,182
121900110,628,738,-110
121900111,735,345,390
121900112,224,209,15
121900113,89,513,-424
121900114,112,75,37
121900115,246,379,-133
121900117,271,225,46
121900118,1958,676,1282
121900119,197,94,103
121900120,94,1292,-1198
121900121,575,56,519
121900122,50,62,-12
121900123,299,461,-162
121900124,161,179,-18
121900125,2601,1054,1547
121900127,38,119,-81
121900128,143,179,-36
121900129,684,280,404
121900130,119,261,-142
121900131,280,99,181
121900132,83,149,-66
121900133,52,1389,-1337
121900134,32,249,-217
121900135,4005,512,3493
121900136,392,474,-82
121900137,85,429,-344
121900138,148,227,-79
121900139,434,696,-262
121900140,93,175,-82
121900141,68,49,19
121900142,205,139,66
121900143,31,210,-179
121900144,217,351,-134
121900145,254,331,-77
121900146,807,819,-12
121900147,67,230,-163
121900148,200,399,-199
121900149,468,645,-177
121900150,91,127,-36
121900151,111,245,-134
121900152,147,187,-40
121900153,113,1010,-897
121900154,27,237,-210
121900155,9,278,-269
121900156,231,144,87
121900157,0,358,-358
121900158,89,151,-62
121900159,0,170,-170
121900160,19,262,-243
121900161,358,369,-11
121900162,117,235,-118
121900163,307,512,-205
121900164,433,260,173
121900165,398,186,212
121900166,183,178,5
121900167,118,155,-37
121900168,146,282,-136
121900169,8,201,-193
121900170,9,251,-242
121900171,1011,743,268
121900172,670,233,437
121900173,1063,305,758
121900174,48,75,-27
121900175,238,458,-220
121900176,704,1538,-834
121900177,311,79,232
121900178,17,3,14
121900179,432,203,229
121900180,3705,5476,-1771
121900182,684,335,349
121900183,580,1689,-1109
121900184,108,827,-719
121900185,221,147,74
121900186,7,413,-406
121900187,31,230,-199
121900188,793,339,454
121900189,69,168,-99
121900190,393,491,-98
121900191,109,217,-108
121900192,383,805,-422
121900193,8,24,-16
121900194,14,362,-348
121900195,90,136,-46
121900196,975,1090,-115
121900197,376,1470,-1094
121900198,1417,945,472
121900199,4,36,-32
121900200,67,262,-195
121900201,1117,1012,105
121900202,171,855,-684
121900203,334,1411,-1077
121900204,891,1277,-386
121900205,154,151,3
121900206,24,78,-54
121900207,165,54,111
121900208,152,301,-149
121900209,88,54,34
121900210,1432,1157,275
121900211,7,108,-101
121900212,124,160,-36
121900213,220,52,168
121900214,18,546,-528
121900215,42,117,-75
121900216,31,335,-304
121900217,310,205,105
121900218,234,448,-214
121900219,329,105,224
121900220,189,14,175
121900221,337,619,-282
121900222,202,161,41
121900223,287,58,229
121900224,176,69,107
121900225,120,138,-18
121900226,522,815,-293
121900227,278,616,-338
121900228,185,278,-93
121900229,380,342,38
121900230,75,522,-447
121900231,433,3056,-2623
121900232,253,370,-117
121900233,247,306,-59
121900234,464,247,217
121900235,849,176,673
121900236,404,182,222
121900237,226,267,-41
121900238,146,312,-166
121900239,423,58,365
121900240,366,199,167
121900241,61,62,-1
121900242,10,0,10
121900243,14,0,14
121900244,51,8,43
121900245,217,100,117
121900246,2985,409,2576
121900247,299,294,5
121900248,1670,1437,233
121900250,290,341,-51
121900251,617,49,568
121900252,734,152,582
121900253,119,823,-704
121900254,478,293,185
121900255,491,123,368
121900258,4169,2440,1729
121900259,344,730,-386
121900260,209,163,46
121900261,181,614,-433
121900262,335,1067,-732
121900263,410,286,124
121900264,1740,1586,154
121900265,420,301,119
121900266,565,187,378
121900267,81,42,39
121900269,271,888,-617
121900270,40,238,-198
121900271,87,218,-131
121900273,554,2000,-1446
121900274,392,277,115
121900276,980,135,845
121900277,594,1246,-652
121900278,167,1127,-960
121900279,203,230,-27
121900280,177,458,-281
121900281,397,705,-308
121900284,140,22,118
121900286,237,103,134
121900287,28,27,1
121900290,325,453,-128
121900291,384,811,-427
121900292,187,183,4
121900293,976,3139,-2163
121900294,329,4,325
121900295,194,206,-12
121900296,53,228,-175
121900298,290,934,-644
121900299,0,8,-8
121900300,173,4,169
121900301,84,6,78
121900302,3,91,-88
121900303,256,343,-87
121900304,6,14,-8
121900305,0,13,-13
121900306,225,1,224
121900307,103,12,91
121900308,36,239,-203
121900309,27,220,-193
121900310,13,273,-260
121900311,741,27,714
121900312,527,26,501
121900313,455,34,421
121900314,3,47,-44
121900315,17,0,17
121900316,0,6,-6
121900317,21,2,19
121900318,0,10,-10
121900319,61,156,-95
121900320,33,40,-7
121900321,27,4,23
121900322,3,14,-11
121900323,19,21,-2
121900324,6,30,-24
121900325,16,3,13
121900326,1,17,-16
121900327,0,39,-39
121900328,0,21,-21
121900329,2,94,-92
121900330,1,45,-44
121900331,56,55,1
121900332,95,50,45
122000001,2198,5334,-3136
122000002,3901,1764,2137
122000003,2182,3079,-897
122000004,3025,1851,1174
122000005,2665,2340,325
122000006,1782,1150,632
122000007,1098,1706,-608
122000008,3235,5116,-1881
122000009,508,495,13
122000010,2204,3228,-1024
122000011,3630,1714,1916
122000012,1044,1896,-852
122000013,1182,970,212
122000014,2092,1119,973
122000015,1555,1212,343
122000016,596,858,-262
122000017,1396,1124,272
122000018,1604,1659,-55
122000019,903,1053,-150
122000020,250,236,14
122000021,254,524,-270
122000022,1312,1235,77
122000023,855,2207,-1352
122000024,622,1498,-876
122000025,870,2109,-1239
122000026,770,1318,-548
122000027,704,1746,-1042
122000028,1039,580,459
122000029,548,771,-223
122000030,276,180,96
122000031,220,339,-119
122000032,1786,1891,-105
122000033,553,1388,-835
122000034,662,825,-163
122000035,387,866,-479
122000036,776,558,218
122000037,484,260,224
122000038,240,367,-127
122000039,620,456,164
122000040,248,340,-92
122000041,511,628,-117
122000042,361,438,-77
122000043,121,126,-5
122000044,148,172,-24
122000045,1114,523,591
122000046,842,760,82
122000047,225,311,-86
122000048,3811,5017,-1206
122000049,6247,3844,2403
122000050,1318,818,500
122000051,290,365,-75
122000052,503,485,18
122000053,178,949,-771
122000054,2552,2340,212
122000055,2028,3201,-1173
122000056,4294,3461,833
122000057,3163,3803,-640
122000058,2096,1749,347
122000059,2290,1925,365
122000060,484,709,-225
122000061,433,562,-129
122000062,795,291,504
122000063,917,811,106
122000064,3353,3262,91
122000065,3446,2575,871
122000066,1000,1073,-73
122000067,1674,1236,438
122000068,1654,1068,586
122000069,768,810,-42
122000070,1024,1508,-484
122000071,2356,1319,1037
122000072,363,408,-45
122000073,371,719,-348
122000074,3386,1822,1564
122000075,936,1252,-316
122000076,2869,1302,1567
122000077,1010,916,94
122000078,1724,3071,-1347
122000079,827,1304,-477
122000080,602,401,201
122000081,148,234,-86
122000082,435,930,-495
122000083,2429,1670,759
122000084,1617,1088,529
122000085,280,1106,-826
122000086,2450,5704,-3254
122000087,380,405,-25
122000088,387,532,-145
122000089,4627,2886,1741
122000090,239,675,-436
122000091,206,143,63
122000092,100,44,56
122000093,1879,2855,-976
122000094,5354,3457,1897
122000095,2245,4708,-2463
122000096,1991,1987,4
122000098,3334,3113,221
122000099,1532,912,620
122000100,943,691,252
122000101,458,880,-422
122000102,2361,1311,1050
122000103,2497,1961,536
122000104,545,225,320
122000105,739,296,443
122000106,623,775,-152
122000107,1217,527,690
122000108,526,827,-301
122000109,457,331,126
122000110,470,566,-96
122000111,2827,1595,1232
122000112,1142,1477,-335
122000113,771,700,71
122000114,2945,1930,1015
122000115,1891,1341,550
122000116,697,758,-61
122000117,1743,574,1169
122000118,867,1067,-200
122000119,4742,3775,967
122000120,3146,7377,-4231
122000121,3219,4502,-1283
122000122,839,2012,-1173
122000123,2367,2366,1
122000124,1370,823,547
122000125,685,909,-224
122000126,696,1530,-834
122000127,1331,1586,-255
122000128,584,946,-362
122000129,588,1323,-735
122000130,4956,2012,2944
122000131,2344,2223,121
122000132,1006,937,69
122000133,1314,1474,-160
122000134,1333,1053,280
122000135,780,703,77
122000136,1176,735,441
122000137,2274,1053,1221
122000139,1304,4551,-3247
122000140,791,750,41
122000141,4910,1398,3512
122000142,348,1169,-821
122000143,925,1092,-167
122000144,2456,2293,163
122000145,1825,1105,720
122000146,1186,1950,-764
122000147,861,686,175
122000148,1432,2656,-1224
122000149,2519,1872,647
122000150,1483,1525,-42
122000151,177,481,-304
122000152,503,495,8
122000153,658,440,218
122000154,310,315,-5
122000155,1656,2933,-1277
122000156,2705,3151,-446
122000157,1321,3087,-1766
122000158,468,1108,-640
122000159,1297,2742,-1445
122000160,6310,4539,1771
122000161,1970,1880,90
122000162,2781,2618,163
122000163,300,91,209
122000164,35,80,-45
122000165,790,743,47
122000166,856,1253,-397
122000167,300,335,-35
122000168,236,613,-377
122000169,354,195,159
122000170,409,279,130
122000171,85,119,-34
122000172,2017,1531,486
122000173,1709,2546,-837
122000174,2547,1201,1346
122000175,917,288,629
122000176,379,887,-508
122000177,1599,1620,-21
122000178,3270,2641,629
122000179,1864,2687,-823
122000180,1870,1615,255
122000181,1850,3410,-1560
122000182,2520,2327,193
122000183,2487,1105,1382
122000184,3626,3093,533
122000185,1617,2042,-425
122000186,539,908,-369
122000187,2199,1204,995
122000188,563,259,304
122000189,319,299,20
122000190,944,1452,-508
122000191,1051,928,123
122000192,1340,409,931
122000193,470,818,-348
122000194,534,218,316
122000195,213,514,-301
122000196,1468,742,726
122000197,542,777,-235
122000198,559,1018,-459
122000199,369,423,-54
122000200,951,688,263
122000201,1321,1780,-459
122000202,1328,1808,-480
122000203,3073,1799,1274
122000204,1790,2128,-338
122000205,1294,1650,-356
122000206,3025,1390,1635
122000207,1975,2130,-155
122000208,2535,1843,692
122000209,2058,435,1623
122000210,2904,1862,1042
122000211,1819,1516,303
122000212,890,605,285
122000213,1242,1442,-200
122000214,2411,2042,369
122000215,2494,1798,696
122000217,2169,1621,548
122000218,852,92,760
122000219,1325,1001,324
122000220,476,935,-459
122000221,116,457,-341
122000222,607,164,443
122000223,1528,648,880
122000225,946,406,540
122000226,2215,2040,175
122000227,391,2653,-2262
122000228,443,441,2
122000229,37,691,-654
122000230,59,496,-437
122000231,292,772,-480
122000232,770,567,203
122000233,0,51,-51
122000234,462,51,411
122000235,670,156,514
122000236,1573,130,1443
122000237,169,105,64
122000238,459,357,102
122000239,792,197,595
122000240,1379,787,592
122000241,280,378,-98
122000242,773,118,655
122000243,46,42,4
122000244,11,316,-305
122000245,6,77,-71
122000246,34,132,-98
122000247,985,315,670
122000248,1072,1736,-664
122000249,1867,942,925
122000250,3318,1162,2156
122000251,279,553,-274
122000252,671,205,466
122000253,92,263,-171
122000254,358,134,224
122000255,766,1603,-837
122000256,344,863,-519
122000257,199,255,-56
122000258,422,312,110
122000259,13,501,-488
122000260,6,62,-56
122000261,16,205,-189
122000262,6,44,-38
122000263,618,222,396
122000264,1898,386,1512
122000265,2898,969,1929
122000266,4863,741,4122
122000267,147,127,20
122000268,187,397,-210
122000269,1271,440,831
122000270,588,152,436
122000271,315,1106,-791
122000272,437,983,-546
122000273,522,384,138
122000274,308,266,42
122000275,110,254,-144
122000276,1232,643,589
122000277,1625,1747,-122
122000278,2642,692,1950
122000279,292,614,-322
122000280,922,861,61
122000281,1023,757,266
122000282,211,571,-360
122000283,311,195,116
122000284,207,85,122
122000285,328,89,239
122000286,71,212,-141
122000287,1623,1583,40
122000288,541,303,238
122000291,2692,837,1855
122000293,246,294,-48
122000294,152,278,-126
122000295,1454,203,1251
122000296,37,414,-377
122000297,2725,3684,-959
122000299,711,403,308
122000300,509,635,-126
122000301,8323,3136,5187
122000302,555,1958,-1403
122000303,2806,1389,1417
122000304,104,256,-152
122000305,1655,300,1355
122000306,38,593,-555
122000307,153,116,37
122000309,62,43,19
122000310,12,107,-95
122000311,132,138,-6
122000312,131,169,-38
122000313,127,101,26
122000314,162,236,-74
122000315,396,52,344
122000316,1383,247,1136
122000317,2059,327,1732
122000318,323,1080,-757
122000319,205,269,-64
122000320,323,1178,-855
122000321,119,140,-21
122000322,1977,1976,1
122000323,1325,2548,-1223
122000324,1183,1410,-227
122000325,889,1805,-916
122000326,130,100,30
122000327,959,1399,-440
122000328,1233,797,436
122000330,2716,1251,1465
122000332,211,455,-244
122000333,12,80,-68
122000337,1525,1512,13
122000338,576,390,186
122000340,375,691,-316
122000342,1285,1090,195
122000343,273,352,-79
122000344,60,16,44
122000345,56,33,23
122000346,250,54,196
122000348,1003,716,287
122000349,151,709,-558
122000351,170,150,20
122000352,299,212,87
122000353,147,49,98
122000355,137,362,-225
122000356,1206,1379,-173
122000357,136,23,113
122000358,1,57,-56
122000359,0,26,-26
122000360,0,43,-43
122000362,8,66,-58
122000364,210,293,-83
122000365,2,21,-19
122000366,5,11,-6
122000368,470,711,-241
122000370,25,51,-26
122000371,31,1,30
122000372,17,5,12
122000381,150,372,-222
122000382,97,269,-172
122000384,2154,1082,1072
122000385,87,0,87
122000386,367,1797,-1430
122000387,503,752,-249
122000388,1757,860,897
122000389,221,683,-462
122000390,385,279,106
122000391,359,300,59
122000392,210,240,-30
122000393,37,175,-138
122000394,694,300,394
122000395,178,117,61
122000396,355,128,227
122000397,36,48,-12
122000398,14,42,-28
122000399,233,98,135
122000400,107,662,-555
122000401,206,70,136
122000402,498,120,378
122000403,610,610,0
122000404,301,203,98
122000408,808,1201,-393
122000503,16,98,-82
122000524,361,192,169
122000544,141,2283,-2142
122000616,422,2,420
122000640,130,219,-89
122000641,185,278,-93
122000642,1264,862,402
122000643,37,178,-141
122000644,192,63,129
122000645,87,175,-88
122000651,1106,1011,95
122000664,157,39,118
122000665,1529,614,915
122000666,834,1290,-456
122000673,22,243,-221
122000674,222,84,138
122000675,2307,868,1439
122000686,499,874,-375
122000687,1618,322,1296
122000688,427,533,-106
122000689,1238,414,824
122000690,2626,497,2129
122000691,981,1449,-468
122000692,1702,411,1291
122000693,502,1398,-896
122000695,459,375,84
122000696,629,311,318
122000698,462,477,-15
122000699,205,158,47
122000701,1470,331,1139
122000702,433,881,-448
122000703,190,68,122
122000717,78,49,29
122000718,344,790,-446
122000719,138,126,12
122000720,593,194,399
122900001,42,6,36
122900002,1065,6497,-5432
122900003,495,55,440
122900004,2372,90,2282
122900005,95,177,-82
122900006,637,1390,-753
122900007,99,105,-6
122900008,442,266,176
122900009,1135,543,592
122900010,242,148,94
122900012,226,496,-270
122900014,147,291,-144
122900015,1490,1408,82
122900016,127,280,-153
122900017,402,1157,-755
122900018,220,27,193
122900019,12,121,-109
122900020,174,521,-347
122900021,49,470,-421
122900022,1225,677,548
122900023,716,266,450
122900024,185,135,50
122900025,11,434,-423
122900026,59,255,-196
122900027,80,664,-584
122900028,255,421,-166
122900029,4693,3473,1220
122900030,1194,678,516
122900031,77,298,-221
122900032,217,496,-279
122900033,166,166,0
122900034,4530,5391,-861
122900035,73,47,26
122900036,72,85,-13
122900037,413,219,194
122900038,119,3464,-3345
122900039,92,617,-525
122900040,228,502,-274
122900041,306,502,-196
122900042,247,304,-57
122900043,344,215,129
122900044,157,366,-209
122900045,132,138,-6
122900046,171,409,-238
122900047,146,251,-105
122900048,52,238,-186
122900049,1348,157,1191
122900051,124,130,-6
122900052,174,135,39
122900053,58,33,25
122900055,452,110,342
122900057,332,78,254
122900061,564,215,349
122900062,709,664,45
122900063,237,296,-59
122900064,834,472,362
122900065,793,259,534
122900066,877,360,517
122900067,938,655,283
122900068,109,351,-242
122900069,481,1325,-844
122900070,510,101,409
122900071,114,394,-280
122900072,13,451,-438
122900073,22,220,-198
122900074,1043,523,520
122900075,1,68,-67
122900076,6,140,-134
122900077,2,151,-149
122900078,289,68,221
122900080,34,41,-7
122900081,232,200,32
122900082,1291,301,990
122900083,133,209,-76
122900084,13,192,-179
122900086,20,127,-107
122900087,301,541,-240
122900088,38,223,-185
122900089,92,248,-156
122900090,14,376,-362
122900091,358,0,358
122900092,0,181,-181
122900093,0,191,-191
122900094,6,151,-145
122900095,188,22,166
122900096,435,151,284
122900097,32,53,-21
122900098,74,98,-24
122900099,76,26,50
122900100,212,463,-251
122900101,462,319,143
123000001,1216,489,727
123000002,3302,5735,-2433
123000003,4876,4394,482
123000004,3282,3939,-657
123000005,3300,2916,384
123000006,2529,2488,41
123000007,3211,2740,471
123000008,2505,2867,-362
123000009,4827,3151,1676
123000010,3356,3815,-459
123000011,2387,891,1496
123000012,634,2162,-1528
123000013,3992,1031,2961
123000014,674,3471,-2797
123000015,3584,1150,2434
123000016,4167,4848,-681
123000017,3880,1800,2080
123000018,98,97,1
123000019,493,170,323
123000020,274,69,205
123000021,172,184,-12
123000022,434,1551,-1117
123000023,2148,2095,53
123000024,1947,786,1161
123000025,76,137,-61
123000026,6,150,-144
123000027,89,864,-775
123000028,1328,1491,-163
123000029,597,1917,-1320
123000030,292,245,47
123000031,465,237,228
123000032,623,153,470
123000033,251,76,175
123000034,1153,812,341
123000035,759,478,281
123000036,389,923,-534
123000037,423,459,-36
123000038,173,257,-84
123000039,752,1827,-1075
123000040,721,371,350
123000041,1155,1249,-94
123000042,668,690,-22
123000043,3177,12944,-9767
123000044,4453,2901,1552
123000045,7101,3380,3721
123000046,692,1980,-1288
123000047,1956,1174,782
123000048,137,1240,-1103
123000049,6954,12001,-5047
123000050,2117,1945,172
123000051,96,253,-157
123000052,1067,4218,-3151
123000053,3380,3577,-197
123000054,1909,2076,-167
123000055,1681,3188,-1507
123000056,1334,1811,-477
123000057,10019,8539,1480
123000058,778,1138,-360
123000059,462,601,-139
123000060,1169,454,715
123000061,295,835,-540
123000063,1108,1127,-19
123000064,1400,296,1104
123000065,4695,3250,1445
123000066,827,634,193
123000067,1310,661,649
123000068,2698,3053,-355
123000069,7025,3638,3387
123000070,274,665,-391
123000071,1748,1077,671
123000072,1408,931,477
123000073,1901,772,1129
123000074,1135,1076,59
123000075,455,1538,-1083
123000076,977,837,140
123000077,2214,2222,-8
123000078,2252,1403,849
123000079,2035,1864,171
123000080,2685,1719,966
123000081,209,390,-181
123000082,395,1073,-678
123000083,1180,293,887
123000084,812,491,321
123000085,429,58,371
123000086,818,159,659
123000087,421,281,140
123000088,1410,783,627
123000089,790,1101,-311
123000090,1301,856,445
123000091,1524,1309,215
123000092,873,1111,-238
123000094,826,209,617
123000095,805,654,151
123000096,651,441,210
123000097,564,601,-37
123000098,752,543,209
123000099,621,523,98
123000100,546,771,-225
123000101,572,756,-184
123000102,513,758,-245
123000104,580,641,-61
123000105,798,624,174
123000106,506,584,-78
123000107,433,481,-48
123000108,675,1199,-524
123000111,1081,394,687
123000112,1675,650,1025
123000113,564,1222,-658
123000114,365,628,-263
123000115,352,320,32
123000116,42,146,-104
123000117,1980,1728,252
123000118,581,801,-220
123000119,313,717,-404
123000120,356,774,-418
123000121,545,511,34
123000122,336,311,25
123000123,620,544,76
123000124,447,457,-10
123000125,1516,1372,144
123000126,1422,5347,-3925
123000127,648,616,32
123000128,391,348,43
123000129,1012,275,737
123000130,855,95,760
123000131,1198,838,360
123000132,326,683,-357
123000133,281,374,-93
123000134,421,212,209
123000135,3219,1531,1688
123000136,244,655,-411
123000137,151,276,-125
123000138,91,360,-269
123000139,741,130,611
123000140,176,755,-579
123000141,975,151,824
123000142,1178,1027,151
123000143,954,1706,-752
123000144,37,40,-3
123000145,158,220,-62
123000146,51,74,-23
123000147,68,102,-34
123000149,457,656,-199
123000150,154,275,-121
123000151,252,561,-309
123000152,89,535,-446
123000153,194,826,-632
123000154,1575,1996,-421
123000155,2033,1314,719
123000156,34,169,-135
123000157,703,870,-167
123000158,775,941,-166
123000159,3924,3460,464
123000160,1273,900,373
123000161,2348,1384,964
123000162,1328,1714,-386
123000163,637,202,435
123000164,1983,354,1629
123000165,392,1246,-854
123000166,42,133,-91
123000167,195,234,-39
123000168,300,252,48
123000169,1045,177,868
123000170,84,315,-231
123000171,1038,38,1000
123000172,152,580,-428
123000173,695,394,301
123000174,1441,566,875
123000175,598,1234,-636
123000176,1407,337,1070
123000177,436,1032,-596
123000178,1025,193,832
123000179,41,612,-571
123000180,2262,311,1951
123000181,324,985,-661
123000182,274,405,-131
123000183,173,513,-340
123000184,112,491,-379
123000185,1049,269,780
123000186,5,517,-512
123000187,764,9,755
123000188,232,2,230
123000189,195,166,29
123000190,91,85,6
123000192,21,400,-379
123000193,57,782,-725
123000194,406,356,50
123000195,462,62,400
123000196,456,35,421
123000197,55,115,-60
123000198,36,572,-536
123000199,9,664,-655
123000200,741,12,729
123000201,1438,27,1411
123000202,16,944,-928
123000203,1291,121,1170
123000204,88,963,-875
123000205,528,1334,-806
123000206,2726,314,2412
123000207,94,730,-636
123000208,709,223,486
123000209,2651,714,1937
123000210,434,1622,-1188
123000211,627,2189,-1562
123000212,3894,657,3237
123000213,704,83,621
123000215,86,225,-139
123000216,228,516,-288
123000217,308,53,255
123000218,60,746,-686
123000219,887,75,812
123000220,610,127,483
123000221,198,109,89
123000222,598,396,202
123000223,615,325,290
123000224,443,321,122
123000225,339,82,257
123000226,118,330,-212
123000227,88,335,-247
123000228,367,67,300
123000229,917,1315,-398
123000232,95,567,-472
123000233,917,205,712
123000234,214,592,-378
123000235,1460,311,1149
123000236,387,707,-320
123000237,375,113,262
123000238,72,439,-367
123000239,480,1354,-874
123000240,58,606,-548
123000241,405,104,301
123000242,287,168,119
123000243,856,964,-108
123000244,897,736,161
123000245,52,164,-112
123000249,329,456,-127
123000252,1120,384,736
123000253,1696,576,1120
123000254,832,1015,-183
123000255,1415,1031,384
123000256,26,277,-251
123000257,2478,1941,537
123000258,895,802,93
123000259,372,354,18
123000260,572,398,174
123000261,358,164,194
123000262,125,156,-31
123000263,568,125,443
123000264,245,110,135
123000265,69,126,-57
123000266,649,706,-57
123000267,902,445,457
123000268,54,53,1
123000269,53,67,-14
123000270,34,70,-36
123000271,75,75,0
123000272,799,257,542
123000273,340,770,-430
123000274,1331,585,746
123000275,320,763,-443
123000278,2935,2759,176
123000279,121,108,13
123000280,350,292,58
123000281,350,128,222
123000282,120,309,-189
123000283,141,66,75
123000284,64,57,7
123000286,236,468,-232
123000287,455,323,132
123000288,1383,1225,158
123000289,435,1294,-859
123000291,231,948,-717
123000294,208,295,-87
123000295,1088,1042,46
123000296,725,497,228
123000297,152,185,-33
123000298,222,147,75
123000299,5,102,-97
123000300,1242,971,271
123000301,156,272,-116
123000302,172,145,27
123000303,172,253,-81
123000305,1010,921,89
123000306,181,109,72
123000309,52,60,-8
123000310,55,47,8
123000311,0,72,-72
123000312,341,745,-404
123000313,664,313,351
123000315,335,321,14
123000316,851,71,780
123000317,213,60,153
123000318,57,193,-136
123000329,29,16,13
123000337,891,360,531
123000338,346,96,250
123000339,332,107,225
123000340,123,322,-199
123000342,52,31,21
123000343,49,13,36
123000344,1131,552,579
123000345,371,661,-290
123000346,445,49,396
123000352,1175,994,181
123000353,69,134,-65
123000354,298,16,282
123000355,1,260,-259
123000356,532,5,527
123000357,1,142,-141
123000359,2,132,-130
123000360,253,64,189
123000361,206,346,-140
123000362,560,100,460
123000363,151,223,-72
123000364,610,626,-16
123000365,16,433,-417
123000366,500,2453,-1953
123000367,307,972,-665
123000370,12,308,-296
123000371,628,74,554
123000372,500,26,474
123000373,6,389,-383
123000374,11,260,-249
123000375,424,41,383
123000376,1120,768,352
123000377,612,21,591
123000378,25,220,-195
123000379,4,207,-203
123000380,93,483,-390
123000381,133,102,31
123000382,1094,146,948
123000383,208,1463,-1255
123000384,494,139,355
123000385,177,608,-431
123000436,34,1022,-988
123000507,81,187,-106
123000508,112,1124,-1012
123000517,318,30,288
123000518,17,203,-186
123000519,192,76,116
123000520,59,217,-158
123000521,434,100,334
123000522,137,304,-167
123000541,13,2,11
123000542,0,16,-16
123000565,877,49,828
123000566,321,298,23
123000567,125,161,-36
123000573,29,764,-735
123000574,897,82,815
123000575,1804,1032,772
123000576,1348,1302,46
123000577,77,657,-580
123000578,541,118,423
123000579,1718,6088,-4370
123000580,143,37,106
123000582,561,47,514
123000583,37,307,-270
123000584,178,344,-166
123000585,0,83,-83
123000586,148,26,122
123000596,91,79,12
123000597,68,143,-75
123000602,71,12,59
123000603,978,519,459
123000604,588,599,-11
123000605,776,98,678
123000606,1,346,-345
123000609,18,323,-305
123000610,219,166,53
123000613,22,232,-210
123000614,322,84,238
123000615,44,135,-91
123000616,1012,71,941
123000617,159,354,-195
123000618,101,696,-595
123000619,698,42,656
123000620,41,423,-382
123000622,559,29,530
123000624,214,47,167
123000630,1265,460,805
123000631,220,806,-586
123000632,738,735,3
123000633,0,144,-144
123000634,52,175,-123
123000635,63,100,-37
123000636,38,437,-399
123000637,119,50,69
123000638,499,23,476
123000639,1093,5000,-3907
123000640,12,348,-336
123900001,1004,49,955
123900002,14,1205,-1191
123900003,276,437,-161
123900005,292,249,43
123900006,286,83,203
124000001,2173,219,1954
124000002,51,1489,-1438
124000003,1252,151,1101
124000004,67,559,-492
124000005,1369,624,745
124000006,243,873,-630
124000007,469,116,353
124000008,2,486,-484
124000009,678,244,434
124000010,280,355,-75
124000011,1066,344,722
124000012,377,409,-32
124000017,246,120,126
124000018,161,58,103
124000019,225,142,83
124000020,103,134,-31
124000021,131,118,13
124000022,112,221,-109
124000023,1393,1690,-297
124000024,992,413,579
124000025,1096,1845,-749
124000026,960,934,26
124000027,5109,5803,-694
124000028,1806,3995,-2189
124000030,2316,1310,1006
124000031,1447,3849,-2402
124000032,2162,840,1322
124000033,228,210,18
124000034,811,575,236
124000035,30,212,-182
124000036,33,180,-147
124000037,486,1359,-873
124000038,31,87,-56
124000039,1119,639,480
124000040,553,1511,-958
124000041,616,108,508
124000042,91,515,-424
124000043,127,74,53
124000044,40,214,-174
124000045,979,567,412
124000046,368,635,-267
124000047,2213,927,1286
124000048,1156,1150,6
124000049,2100,634,1466
124000050,1147,1517,-370
124000051,1199,539,660
124000052,743,833,-90
124000053,625,1659,-1034
124000054,1025,434,591
124000055,1628,3254,-1626
124000056,2204,1248,956
124000057,1223,645,578
124000058,396,1022,-626
124000059,840,1413,-573
124000060,1099,606,493
124000061,1463,5921,-4458
124000062,3227,1738,1489
124000063,1141,1528,-387
124000064,1986,1219,767
124000065,8,417,-409
124000066,46,40,6
124000067,240,159,81
124000068,24,14,10
124000069,239,9,230
124000070,71,122,-51
124000071,309,88,221
124000072,275,337,-62
124000073,1129,131,998
124000074,186,636,-450
124000075,614,31,583
124000076,3,193,-190
124000077,1311,1211,100
124000078,2580,1714,866
124000079,411,1959,-1548
124000080,572,216,356
124000081,259,576,-317
124000082,71,148,-77
124000083,49,63,-14
124000084,46,345,-299
124000085,76,22,54
124000086,66,110,-44
124000087,154,167,-13
124000088,359,549,-190
124000089,1100,553,547
124000090,133,313,-180
124000091,400,61,339
124000092,79,355,-276
124000093,115,126,-11
124000094,249,576,-327
124000095,131,62,69
124000096,166,251,-85
124000097,164,104,60
124000098,67,76,-9
124000099,147,95,52
124000100,68,74,-6
124000101,99,130,-31
124000102,87,59,28
124000103,117,115,2
124000104,66,46,20
124000105,112,101,11
124000106,157,39,118
124000107,29,195,-166
124000108,69,18,51
124000109,129,91,38
124000110,146,81,65
124000111,242,111,131
124000112,797,536,261
124000113,125,101,24
124000114,357,343,14
124000115,313,723,-410
124000116,114,194,-80
124000117,63,88,-25
124000118,32,160,-128
124000119,854,622,232
124000120,810,397,413
124000121,1243,712,531
124000122,599,1428,-829
124000123,1384,600,784
124000124,455,1003,-548
124000125,503,499,4
124000126,475,617,-142
124000127,1116,382,734
124000128,632,863,-231
124000129,2620,1671,949
124000130,766,551,215
124000131,943,763,180
124000132,868,831,37
124000133,1073,993,80
124000134,1145,611,534
124000135,2141,2038,103
124000136,988,983,5
124000137,1532,1152,380
124000138,2035,1485,550
124000139,614,45,569
124000140,27,418,-391
124000141,95,26,69
124000142,13,181,-168
124000143,113,15,98
124000144,12,51,-39
124000145,201,49,152
124000146,48,89,-41
124000148,19,129,-110
124000149,1432,598,834
124000150,424,854,-430
124000151,784,230,554
124000152,680,1143,-463
124000153,840,730,110
124000154,479,623,-144
124000155,1318,788,530
124000156,1138,917,221
124000169,206,549,-343
124000170,551,469,82
124000171,329,273,56
124000172,349,542,-193
124000173,680,227,453
124000174,355,562,-207
124000175,22,146,-124
124000176,85,20,65
124000177,17,49,-32
124000178,98,114,-16
124000190,19,26,-7
124000191,31,56,-25
124000192,1370,446,924
124000193,346,927,-581
124000194,447,413,34
124000195,375,583,-208
124000196,972,911,61
124000197,42,43,-1
124000198,51,75,-24
124000201,371,927,-556
124000202,678,415,263
124000203,562,441,121
124000204,1146,309,837
124000205,118,450,-332
124000206,916,299,617
124000207,0,58,-58
124000209,234,344,-110
124000210,770,266,504
124000211,928,7,921
124000212,0,352,-352
124000213,657,233,424
124000214,558,420,138
124000215,424,34,390
124000216,7,323,-316
124000329,213,1196,-983
124000338,176,578,-402
124000339,1280,146,1134
124000341,1683,113,1570
124000344,122,95,27
124000357,1212,2265,-1053
124000358,1023,1337,-314
124000359,1667,856,811
124000360,1141,482,659
124000361,1871,792,1079
124000362,1113,1363,-250
124000363,267,358,-91
124000364,530,968,-438
124000365,563,977,-414
124000366,1245,816,429
124000367,93,449,-356
124000368,545,474,71
124000369,146,79,67
124000370,56,406,-350
124000402,45,13,32
124000403,187,15,172
124000404,26,96,-70
124000405,1209,797,412
124000406,855,884,-29
124000407,4,32,-28
124000411,10,326,-316
124000412,623,10,613
124000413,142,56,86
124000414,95,79,16
124000415,93,103,-10
124000416,162,170,-8
124000417,207,83,124
124000418,188,86,102
124000419,116,103,13
124000420,106,53,53
124000421,67,112,-45
124000422,37,13,24
124000423,145,39,106
124000424,3,50,-47
124000425,57,6,51
124000426,9,26,-17
124000427,49,9,40
124000428,5,58,-53
124000429,99,65,34
124000430,694,577,117
124000431,270,626,-356
124000432,255,535,-280
124000439,4,6,-2
124000442,14,110,-96
124000443,0,4,-4
124000445,63,487,-424
124000446,531,73,458
124900001,497,381,116
124900002,219,321,-102
124900003,1121,444,677
124900004,688,255,433
124900005,333,161,172
124900006,802,217,585
124900008,1263,530,733
124900009,289,715,-426
124900010,303,216,87
124900011,1138,333,805
124900012,954,164,790
124900013,519,108,411
124900014,315,51,264
124900015,183,643,-460
124900016,91,167,-76
124900017,581,1894,-1313
124900018,57,8,49
124900019,617,61,556
124900020,243,148,95
124900021,476,92,384
124900022,45,9,36
124900024,429,14,415
124900026,134,20,114
124900027,119,627,-508
124900028,537,144,393
124900029,19,491,-472
124900030,4,157,-153
124900031,56,466,-410
124900032,249,263,-14
124900033,134,385,-251
124900034,4,91,-87
124900035,191,542,-351
124900036,0,61,-61
124900037,238,383,-145
124900038,273,169,104
124900039,2,110,-108
124900040,145,92,53
124900041,227,578,-351
124900042,94,2,92
124900043,384,615,-231
124900044,66,3,63
124900045,735,1016,-281
124900046,1587,340,1247
124900047,142,189,-47
124900048,207,127,80
124900050,122,146,-24
124900052,197,727,-530
124900053,146,275,-129
124900054,1125,528,597
124900055,1,182,-181
124900057,2,51,-49
124900060,71,197,-126
124900061,126,5,121
124900062,178,23,155
124900066,0,15,-15
124900067,6,98,-92
124900068,362,1174,-812
124900069,134,237,-103
124900070,107,34,73
124900072,217,30,187
124900074,517,179,338
124900075,250,179,71
124900076,21,1330,-1309
124900077,47,120,-73
124900078,81,24,57
124900079,499,172,327
124900080,253,435,-182
124900081,959,316,643
124900082,295,467,-172
124900083,196,447,-251
124900084,1128,124,1004
124900085,699,579,120
124900086,107,1424,-1317
124900087,416,102,314
124900088,448,80,368
124900089,1179,29,1150
124900090,437,289,148
124900091,453,283,170
124900092,308,225,83
124900093,533,295,238
124900094,549,308,241
124900095,170,629,-459
124900096,616,485,131
124900097,498,112,386
124900098,208,346,-138
124900099,922,586,336
124900100,343,54,289
124900101,102,412,-310
124900102,282,23,259
124900103,143,207,-64
124900104,60,148,-88
124900105,141,99,42
124900106,682,103,579
124900107,127,22,105
124900108,136,94,42
124900109,103,97,6
124900110,363,249,114
124900111,0,63,-63
124900112,68,656,-588
129000186,200,58,142
204000001,30,3,27
204000002,6,3,3
204000003,39,2,37
204000004,2,1,1
204000005,705,486,219
204000006,1282,1110,172
204000008,967,712,255
204000011,8,27,-19
204000012,75,58,17
204000013,1,15,-14
204000019,604,430,174
204000020,708,429,279
204000021,1156,691,465
204000022,561,469,92
204000023,586,629,-43
204000031,29,12,17
204000032,376,43,333
204000034,19,226,-207
204000035,3,0,3
204000036,4,22,-18
204000037,0,14,-14
204000038,1,10,-9
204000039,11,13,-2
204000040,3,22,-19
204000041,9,23,-14
204000042,70,6,64
204000043,28,4,24
204000044,56,4,52
204000045,75,2,73
204000046,10,5,5
204000057,3,22,-19
204000062,10,16,-6
204000068,37,156,-119
204000069,11,290,-279
204000070,69,76,-7
204000080,28,45,-17
204000085,2144,1990,154
204000086,2021,1599,422
204000087,43,8,35
204000088,5,83,-78
204000090,21,230,-209
204000093,450,76,374
204000096,842,982,-140
204000097,667,18,649
204000099,1135,1308,-173
204000100,1607,1901,-294
204000105,2094,1421,673
204000110,474,819,-345
204000111,536,549,-13
204000112,551,565,-14
204000113,569,598,-29
204000114,895,663,232
204000115,546,338,208
204000116,479,470,9
204000119,1877,2717,-840
204000132,764,325,439
204000133,929,209,720
204000134,272,129,143
204000135,552,70,482
204000136,710,174,536
204000138,490,451,39
204000140,230,150,80
204000141,201,71,130
204000144,4,27,-23
204000145,552,37,515
204000146,21,302,-281
204000147,23,101,-78
204000148,332,17,315
204000154,4,2,2
204000155,3,5,-2
204000177,90,35,55
204000179,22,5,17
204000180,0,16,-16
204000222,3,16,-13
204000235,24,30,-6
204000236,77,185,-108
204000238,43,22,21
204000240,385,71,314
204000308,173,10,163
204000317,8,67,-59
204000322,5,46,-41
204000323,12,4,8
204000328,288,58,230
204000329,30,217,-187
204000330,221,22,199
204000331,42,74,-32
204010341,7,252,-245
205000001,655,1504,-849
205000013,6,72,-66
205000014,17,95,-78
205000015,27,178,-151
205000016,20,140,-120
205000017,22,115,-93
205000022,211,681,-470
205000025,1016,898,118
205000029,252,13,239
205000045,115,395,-280
205000047,38,401,-363
205000048,270,733,-463
205000049,153,675,-522
205000050,513,311,202
205000059,0,156,-156
205000060,0,73,-73
205000061,2,103,-101
205000062,3,122,-119
205000063,13,121,-108
205000064,19,75,-56
205000065,39,465,-426
205000066,112,437,-325
205000067,44,624,-580
205000069,185,17,168
205000082,174,165,9
205000110,61,232,-171
205000111,164,184,-20
205000112,234,236,-2
205000113,174,379,-205
205000121,319,47,272
205000123,50,240,-190
205000126,504,83,421
205000127,839,148,691
205000128,441,63,378
205000129,628,57,571
205000130,154,25,129
205000131,96,11,85
205000132,129,1,128
205000133,73,2,71
205000134,292,0,292
205000137,76,140,-64
205000138,148,267,-119
205000139,27,87,-60
205000144,58,89,-31
205000145,416,219,197
205000151,216,29,187
205000152,237,18,219
205000153,273,17,256
205000154,168,20,148
205000155,146,9,137
205000207,8,124,-116
205000233,34,2,32
205000234,0,1,-1
205000243,0,2,-2
205000244,0,0,0
205000245,8,129,-121
205000249,1,15,-14
205000250,6,0,6
205000251,91,366,-275
205000264,6,98,-92
206000027,6,8,-2
206000028,17,1,16
206000043,15,36,-21
206000053,5,17,-12
206000054,0,28,-28
206000055,0,18,-18
206000075,18,28,-10
206000076,32,45,-13
206000077,40,9,31
206000078,25,6,19
206000079,19,13,6
206000082,485,67,418
206000100,17,425,-408
206000103,3,9,-6
206000104,14,20,-6
206000105,6,1,5
206000106,5,24,-19
206000108,718,44,674
206000125,67,0,67
206000157,58,479,-421
206000170,2,132,-130
206000171,5,135,-130
206000172,25,309,-284
206000173,5,128,-123
206000174,20,55,-35
206000175,5,80,-75
206000176,22,122,-100
206000177,1,122,-121
206000178,2,115,-113
206000179,1,149,-148
206000180,20,112,-92
206000181,6,86,-80
206000182,2,104,-102
206000183,15,343,-328
206000184,1,217,-216
206000185,3,93,-90
206000186,81,574,-493
206000223,5,233,-228
206000226,23,3,20
206000227,28,5,23
206000237,25,212,-187
206000238,22,325,-303
206000239,176,1396,-1220
206000240,2,38,-36
206000241,0,64,-64
206000242,10,149,-139
206000243,4,110,-106
206000244,43,391,-348
206000245,1022,100,922
206000246,303,15,288
206000247,293,10,283
206000248,471,24,447
206000252,56,51,5
206000258,34,55,-21
206000315,27,7,20
206000317,583,126,457
206000318,506,91,415
206000319,1830,154,1676
206000320,303,42,261
206000321,330,18,312
206000322,847,31,816
206000323,236,14,222
206000324,243,13,230
206000325,284,15,269
206000326,265,18,247
206000327,91,13,78
206000328,214,5,209
206000329,336,7,329
206000330,65,9,56
206000331,254,2,252
206000332,60,4,56
206000333,941,3,938
206000334,333,2,331
206000335,0,13,-13
206000361,5,152,-147
206000392,2,21,-19
206000405,127,1,126
206000441,52,24,28
206000498,28,2,26
206000515,79,33,46
206000530,275,111,164
206000531,225,275,-50
206000532,1810,446,1364
206000535,223,1362,-1139
206000536,27,117,-90
206000537,10,118,-108
206000613,1857,345,1512
207000001,126,617,-491
207000002,129,325,-196
207000003,162,135,27
207000007,1115,268,847
207000008,140,7,133
207000009,50,34,16
207000010,338,348,-10
207000012,421,281,140
207000015,216,886,-670
207000019,245,78,167
207000021,550,188,362
207000022,227,125,102
207000023,261,48,213
207000024,6,12,-6
207000025,28,56,-28
207000026,80,51,29
207000027,3,61,-58
207000028,58,169,-111
207000029,158,409,-251
207000033,217,425,-208
207000034,272,87,185
207000039,532,154,378
207000040,523,103,420
207000041,246,33,213
207000042,301,64,237
207000043,241,186,55
207000051,134,209,-75
207000052,70,114,-44
207000053,470,452,18
207000054,74,84,-10
207000055,203,89,114
207000056,367,257,110
207000057,151,237,-86
207000058,239,219,20
207000059,98,339,-241
207000060,49,111,-62
207000061,148,441,-293
207000062,365,31,334
207000063,425,88,337
207000064,504,164,340
207000065,418,252,166
207000066,244,195,49
207000067,77,79,-2
207000068,135,67,68
207000069,755,325,430
207000082,10,179,-169
207000083,95,257,-162
207000084,346,241,105
207000085,237,17,220
207000086,219,3,216
207000106,47,37,10
207000107,99,25,74
207000108,82,14,68
207000109,53,14,39
207000110,77,99,-22
207000111,106,124,-18
207000112,130,665,-535
207000114,15,45,-30
207000115,21,67,-46
207000116,28,379,-351
207000117,15,84,-69
207000118,9,86,-77
207000119,48,62,-14
207000123,187,26,161
207000124,57,28,29
207000125,52,41,11
207000126,79,45,34
207000134,69,121,-52
207000135,23,151,-128
207000148,72,317,-245
207000149,62,33,29
207000152,82,336,-254
207000153,704,1390,-686
207000154,363,162,201
207000159,138,294,-156
207000160,167,338,-171
207000238,0,129,-129
207000242,4,103,-99
207000248,25,31,-6
207000249,99,33,66
207000250,421,60,361
207000251,86,90,-4
207000252,113,57,56
207000278,131,80,51
207000279,21,135,-114
207000280,728,56,672
207000281,138,585,-447
207000282,139,104,35
207000283,79,129,-50
207000284,40,239,-199
207000285,96,47,49
207000291,10,97,-87
207000304,119,55,64
207000306,102,370,-268
207000310,95,81,14
207000353,195,1,194
207000356,3,47,-44
207000357,6,17,-11
207000415,14,133,-119
207000417,65,6,59
207000437,0,3,-3
207000439,739,956,-217
207000446,222,4,218
207000460,38,4,34
207000466,185,142,43
207000476,12,75,-63
207000477,873,77,796
207000523,0,3,-3
207000524,24,0,24
207000527,143,158,-15
207000530,679,4,675
207000531,410,15,395
207000532,136,29,107
207000534,309,50,259
207000535,25,314,-289
207000537,13,80,-67
207000540,2,150,-148
207000541,0,246,-246
207000548,6,151,-145
207000549,288,19,269
207000561,187,248,-61
207000562,35,150,-115
207000567,178,231,-53
207000568,255,72,183
207000569,588,606,-18
207000584,244,213,31
207000585,67,445,-378
207000616,0,66,-66
207000617,154,0,154
207900008,258,73,185
208000001,567,1079,-512
208000002,641,573,68
208000003,1365,442,923
208000004,1309,828,481
208000005,6,17,-11
208000019,797,936,-139
208000020,200,482,-282
208000021,299,374,-75
208000022,1526,393,1133
208000028,1142,1190,-48
208000033,868,439,429
208000034,1414,1158,256
208000040,336,159,177
208000041,955,660,295
208000042,1434,683,751
208000047,163,210,-47
208000064,2437,1546,891
208000066,1650,3095,-1445
208000070,391,312,79
208000071,513,695,-182
208000072,371,1039,-668
208000080,292,395,-103
208000081,363,144,219
208000082,311,204,107
208000083,138,329,-191
208000084,8,23,-15
208000085,836,519,317
208000086,455,1021,-566
208000087,313,714,-401
208000089,1093,343,750
208000090,1101,554,547
208000093,151,187,-36
208000094,532,340,192
208000095,630,444,186
208000104,1049,792,257
208000105,746,900,-154
208000114,128,576,-448
208000115,699,479,220
208000116,706,1057,-351
208000117,120,184,-64
208000118,92,168,-76
208000155,602,1057,-455
208000158,1616,4130,-2514
208000186,3392,4847,-1455
208000204,716,1019,-303
208000205,1377,842,535
208000282,4716,3611,1105
209000004,401,140,261
209000005,46,35,11
209000006,459,148,311
209000007,261,373,-112
209000010,362,141,221
209000011,202,257,-55
209000012,158,154,4
209000013,257,256,1
209000014,413,780,-367
209000025,375,47,328
209000026,764,98,666
209000027,388,626,-238
209000028,321,523,-202
209000029,559,621,-62
209000030,410,952,-542
209000031,2004,1661,343
209000034,207,228,-21
209000035,142,135,7
209000036,203,110,93
209000037,341,205,136
209000038,158,141,17
209000039,68,146,-78
209000040,323,561,-238
209000041,204,382,-178
209000042,314,316,-2
209000043,763,804,-41
209000044,253,859,-606
209000045,1388,532,856
209000046,717,517,200
209000047,621,234,387
209000048,674,410,264
209000049,115,94,21
209000050,157,81,76
209000051,285,148,137
209000052,132,122,10
209000062,73,73,0
209000063,48,59,-11
209000064,32,61,-29
209000065,155,29,126
209000066,108,52,56
209000067,116,31,85
209000080,26,214,-188
209000082,101,33,68
209000091,17,85,-68
209000093,36,26,10
209000094,110,206,-96
209000110,41,133,-92
209000111,727,1616,-889
209000112,1207,462,745
209000113,1939,478,1461
209000114,885,448,437
209000115,59,57,2
209000116,301,269,32
209000118,12,41,-29
209000119,10,19,-9
209000121,107,329,-222
209000135,129,180,-51
209000142,663,2027,-1364
209000143,76,73,3
209000144,57,156,-99
209000229,318,178,140
209000240,39,182,-143
209000259,40,63,-23
209000260,31,1080,-1049
209000261,5,709,-704
209000262,3,400,-397
209000263,1,151,-150
209000264,0,137,-137
209000265,455,3,452
209000266,131,3,128
209000267,2415,11,2404
209000268,1009,82,927
210000037,62,40,22
210000047,112,17,95
210000048,146,36,110
210000049,82,16,66
210000052,69,77,-8
210000053,31,41,-10
210000054,45,69,-24
210000070,224,11,213
210000071,88,1,87
210000072,38,0,38
210000073,0,28,-28
210000074,1,111,-110
210000075,1,138,-137
210000076,22,165,-143
210000077,9,51,-42
210000078,35,52,-17
210000079,27,10,17
210000080,102,81,21
210000081,240,27,213
210000082,105,3,102
210000083,100,1,99
210000084,45,0,45
210000085,1,63,-62
210000086,1,127,-126
210000099,60,195,-135
210000100,70,146,-76
210000101,96,157,-61
210000105,44,176,-132
210000159,1,211,-210
210000163,152,244,-92
210000164,244,203,41
210000168,196,58,138
210000187,1,29,-28
210000188,0,23,-23
210000214,29,0,29
210000219,54,59,-5
210000220,116,32,84
210000232,5,20,-15
210000233,35,47,-12
210000234,44,109,-65
210000235,59,73,-14
210000245,1,74,-73
210000246,28,1,27
210000258,22,120,-98
210000259,400,64,336
210000282,84,214,-130
210000285,2,134,-132
210000286,28,196,-168
210000295,75,114,-39
210000296,49,41,8
210000320,189,60,129
210000321,141,52,89
210000338,61,79,-18
210000339,355,1425,-1070
210000340,143,387,-244
210000341,224,234,-10
210000342,218,186,32
210000343,149,138,11
210000344,156,101,55
210000345,118,179,-61
210000346,61,97,-36
210000347,38,36,2
210000348,81,21,60
210000349,45,25,20
210000350,120,51,69
210000351,151,77,74
210000352,96,70,26
210000353,65,77,-12
210000354,88,97,-9
210000355,77,63,14
210000356,29,78,-49
210000357,40,65,-25
210000358,244,146,98
210000359,91,109,-18
210000360,160,120,40
210000361,199,140,59
210000362,316,215,101
210000363,693,282,411
210000364,103,225,-122
210000365,167,80,87
210000366,143,66,77
210000367,92,41,51
210000368,200,40,160
210000369,20,61,-41
210000370,59,33,26
210000372,30,18,12
210000373,27,16,11
210000374,50,55,-5
210000375,44,47,-3
210000376,82,104,-22
210000404,42,109,-67
210000439,40,27,13
210000472,93,4,89
210000482,69,144,-75
210000564,330,389,-59
210000568,343,5,338
211000092,44,27,17
211000094,34,9,25
211000169,222,12,210
211000172,7,104,-97
211000209,2,26,-24
211000275,24,10,14
211000276,135,30,105
211000279,17,29,-12
211000281,102,25,77
211507980,0,35,-35
211977296,58,1,57
212000003,120,45,75
212000004,17,39,-22
212000005,15,39,-24
212000006,20,34,-14
212000008,214,107,107
212000009,31,83,-52
212000012,83,66,17
212000013,25,56,-31
212000014,300,156,144
212000015,319,237,82
212000016,572,556,16
212000027,567,435,132
212000028,350,410,-60
212000029,285,257,28
212000030,61,19,42
212000031,80,41,39
212000048,41,192,-151
212000049,35,166,-131
212000050,44,17,27
212000051,245,191,54
212000052,255,216,39
212000053,409,427,-18
212000054,390,95,295
212000055,321,176,145
212000056,15,43,-28
212000057,21,21,0
212000058,242,38,204
212000070,129,186,-57
212000077,169,403,-234
212000099,311,239,72
212000108,161,126,35
212000111,218,105,113
212000120,120,43,77
212000138,121,29,92
212000156,6,92,-86
212000158,5,15,-10
212000159,543,39,504
212000160,773,237,536
212000161,59,6,53
212000310,78,22,56
212000311,12,67,-55
212000374,41,25,16
213000001,18,468,-450
213000005,666,105,561
213000006,1240,347,893
213000007,104,9,95
213000009,774,533,241
213000010,229,255,-26
213000011,264,106,158
213000012,101,260,-159
213000014,86,25,61
213000015,380,11,369
213000016,564,3,561
213000017,120,1,119
213000018,1,142,-141
213000019,1,142,-141
213000020,116,341,-225
213000021,2,94,-92
213000023,527,204,323
213000033,346,1696,-1350
213000034,943,273,670
213000035,148,180,-32
213000045,197,308,-111
213000046,255,193,62
213000047,609,1475,-866
213000056,76,27,49
213000069,120,8,112
213000073,0,33,-33
213000074,60,292,-232
213000075,608,7,601
213000085,9,46,-37
213000086,6,125,-119
213000091,352,30,322
213000092,20,1,19
213000099,142,1192,-1050
213000100,1155,296,859
213000101,550,125,425
213000102,652,264,388
213000103,993,906,87
213000104,46,457,-411
213000105,1,200,-199
213000106,31,93,-62
213000107,150,472,-322
213000108,36,397,-361
213000109,12,183,-171
213000110,18,68,-50
213000111,12,97,-85
213000112,139,122,17
213000115,79,10,69
213000116,43,333,-290
213000117,4,559,-555
213000118,560,259,301
213000119,33,490,-457
213000120,133,406,-273
213000122,121,513,-392
213000123,300,785,-485
213000124,159,1331,-1172
213000125,142,28,114
213000126,88,172,-84
213000127,121,254,-133
213000128,368,1211,-843
213000129,395,717,-322
213000130,877,296,581
213000132,552,131,421
213000133,665,112,553
213000134,918,21,897
213000136,667,25,642
213000137,784,87,697
213000139,122,18,104
213000147,38,11,27
213000148,23,2,21
213000149,34,2,32
213000150,1,110,-109
213000151,3,78,-75
213000152,1,65,-64
213000153,7,77,-70
213000154,31,285,-254
213000155,51,266,-215
213000156,123,406,-283
213000157,566,335,231
213000158,469,1021,-552
213000159,825,510,315
213000163,1329,118,1211
213000165,1215,414,801
213000171,1,51,-50
213000172,3,207,-204
213000173,1,170,-169
213000174,10,166,-156
213000175,12,153,-141
213000176,304,47,257
213000177,190,18,172
213000178,226,10,216
213000179,289,2,287
213000180,248,0,248
213000184,109,545,-436
213000188,472,141,331
213000189,472,64,408
213000190,931,714,217
213000191,467,349,118
213000192,319,297,22
213000193,567,296,271
213000194,0,71,-71
213000195,22,321,-299
213000196,243,1180,-937
213000197,524,430,94
213000198,55,1,54
213000200,133,676,-543
213000201,39,69,-30
213000202,16,400,-384
213000203,3140,653,2487
213000204,873,64,809
213000205,554,81,473
213000206,468,40,428
213000207,97,10,87
213000208,76,1,75
213000209,156,3,153
213000210,329,1,328
213000211,9,29,-20
213000212,17,27,-10
213000213,14,41,-27
213000218,236,396,-160
213000219,707,14,693
213000220,528,14,514
213000223,144,225,-81
213000224,39,48,-9
213000225,140,11,129
213000226,90,5,85
213000227,1144,180,964
213000228,483,91,392
213000229,169,34,135
213000230,489,22,467
213000232,57,951,-894
213000233,6,472,-466
213000234,1,13,-12
213000293,20,63,-43
213000294,133,21,112
213000295,9,87,-78
213000296,64,18,46
213000297,7,87,-80
213000298,28,81,-53
213000299,62,20,42
213000300,11,4,7
213000303,1,25,-24
213000304,3,15,-12
213000305,1,10,-9
213000306,35,46,-11
213000307,116,52,64
213000308,89,187,-98
213000309,168,35,133
213000310,495,262,233
213000311,234,817,-583
213000315,62,84,-22
213000316,217,62,155
213000322,124,124,0
213000323,156,55,101
213000324,211,143,68
213000325,171,126,45
213000326,152,78,74
213000327,164,114,50
213000328,155,145,10
213000329,217,87,130
213000340,188,370,-182
213000341,637,79,558
213000347,624,524,100
213000348,9,110,-101
213000349,22,4,18
213000350,306,902,-596
213000366,67,295,-228
213000367,268,17,251
213000379,89,65,24
213000386,8,275,-267
213000406,62,351,-289
213000417,1568,593,975
213000425,320,42,278
213000426,204,63,141
213000427,45,177,-132
213000428,75,148,-73
213000429,10,4,6
213000430,161,524,-363
213000431,63,3,60
213000432,38,97,-59
213000433,23,115,-92
213000434,139,119,20
213000435,214,76,138
213000436,48,41,7
213000437,7,37,-30
213000438,216,108,108
213000439,51,18,33
213000440,18,280,-262
213000441,9,4,5
213000442,20,43,-23
213000443,465,422,43
213000444,53,79,-26
213000445,0,93,-93
213000446,1,66,-65
213000447,1,51,-50
213000448,13,182,-169
213000449,499,3,496
213000450,25,35,-10
213000451,341,102,239
213000452,28,33,-5
213000453,24,238,-214
213000455,418,16,402
213000456,3,258,-255
213000481,3,14,-11
213000484,28,2,26
213000489,258,48,210
213900002,0,99,-99
213900003,239,22,217
213900013,1,109,-108
213900015,0,13,-13
213900016,25,10,15
213900020,15,49,-34
213900030,0,68,-68
213900032,163,209,-46
213900033,145,55,90
213900034,751,77,674
213900035,288,386,-98
213900036,124,133,-9
213900037,38,217,-179
213900038,553,154,399
213900039,0,70,-70
213900041,2,143,-141
213900042,389,343,46
213900043,341,139,202
213900244,40,0,40
213900245,0,13,-13
218000003,4,15,-11
218000004,16,14,2
218000005,67,18,49
218000006,56,40,16
218000007,13,13,0
218000012,141,123,18
218000013,167,232,-65
218000014,589,656,-67
218000019,1203,1002,201
218000020,379,523,-144
218000021,30,28,2
218000022,8,8,0
218000023,1,10,-9
218000024,4,6,-2
218000025,9,15,-6
218000026,4,16,-12
218000027,0,8,-8
218000028,5,2,3
218000029,5,5,0
218000030,22,16,6
218000031,7,15,-8
218000032,1,19,-18
218000039,38,40,-2
218000040,11,4,7
218000046,29,76,-47
218000047,18,118,-100
218000048,77,85,-8
218000049,118,107,11
218000050,373,241,132
218000051,75,220,-145
218000052,0,79,-79
218000053,3,12,-9
218000054,22,49,-27
218000055,8,13,-5
218000056,21,45,-24
218000057,1,27,-26
218000064,12,25,-13
218000065,296,76,220
218000066,29,134,-105
218000067,71,135,-64
218000068,251,157,94
218000069,312,196,116
218000070,310,329,-19
218000071,328,285,43
218000072,508,304,204
218000078,945,535,410
218000079,230,155,75
218000080,300,119,181
218000081,808,303,505
218000082,63,130,-67
218000083,126,78,48
218000084,304,133,171
218000085,282,442,-160
218000086,136,276,-140
218000087,379,243,136
218000090,7,119,-112
218000091,653,217,436
218000092,143,197,-54
218000093,103,84,19
218000094,234,267,-33
218000099,437,1374,-937
218000100,443,550,-107
218000101,435,264,171
218000102,817,368,449
218000103,245,267,-22
218000104,160,72,88
218000105,120,61,59
218000107,115,96,19
218000108,16,78,-62
218000112,180,146,34
218000117,206,219,-13
218000134,660,488,172
218000135,17,78,-61
218000136,241,111,130
218000137,254,89,165
218000138,58,71,-13
218000139,234,288,-54
218000140,611,217,394
218000141,121,100,21
218000142,155,149,6
218000143,146,290,-144
218000144,35,103,-68
218000145,547,385,162
218000146,203,362,-159
218000151,32,25,7
218000152,189,60,129
218000153,12,7,5
218000154,13,2,11
218000155,18,1,17
218000156,75,9,66
218000157,48,26,22
218000158,4,3,1
218000159,4,18,-14
218000160,4,4,0
218000161,37,6,31
218000162,50,12,38
218000163,14,0,14
218000164,57,3,54
218000165,94,38,56
218000170,9,38,-29
218000171,77,13,64
218000172,14,17,-3
218000173,80,15,65
218000174,35,7,28
218000176,275,51,224
218000177,474,308,166
218000178,93,244,-151
218000179,134,68,66
218000180,142,30,112
218000181,256,40,216
218000187,10,20,-10
218000188,29,37,-8
218000189,25,53,-28
218000190,18,18,0
218000191,186,37,149
218000192,429,231,198
218000193,695,296,399
218000194,142,322,-180
218000195,168,84,84
218000196,524,358,166
218000197,524,400,124
218000198,14,85,-71
218000199,56,29,27
218000200,116,22,94
218000201,25,8,17
218000202,65,260,-195
218000207,5,12,-7
218000208,27,24,3
218000211,34,8,26
218000212,1,13,-12
218000213,98,112,-14
218000214,8,53,-45
218000215,42,61,-19
218000217,6,52,-46
218000218,221,72,149
218000219,32,26,6
218000220,62,435,-373
218000221,589,153,436
218000222,8,58,-50
218000223,53,577,-524
218000224,12,236,-224
218000225,194,24,170
218000226,169,89,80
218000230,0,9,-9
218000232,96,76,20
218000234,71,15,56
218000239,150,13,137
218000240,13,6,7
218000241,21,4,17
218000242,63,7,56
218000243,27,4,23
218000244,43,4,39
218000245,20,4,16
218000246,0,1,-1
218000247,4,0,4
218000248,1,23,-22
218000249,0,9,-9
218000250,2,13,-11
218000251,11,22,-11
218000252,0,25,-25
218000253,9,64,-55
218000254,7,27,-20
218000255,0,11,-11
218000256,8,65,-57
218000267,141,506,-365
218000268,7,31,-24
218000269,7,13,-6
218000270,36,23,13
218000271,11,23,-12
218000273,29,2,27
218000274,16,1,15
218000275,37,51,-14
218000276,11,43,-32
218000278,14,22,-8
218000279,42,22,20
218000280,4,12,-8
218000281,17,8,9
218000282,320,189,131
218000284,57,4,53
218000301,195,119,76
218000302,169,83,86
218000303,15,42,-27
218000316,755,780,-25
218000317,1375,853,522
218000318,912,586,326
218000319,1163,795,368
218000320,941,771,170
218000338,44,22,22
218000339,31,18,13
218000342,91,105,-14
218000343,207,71,136
218000345,7,8,-1
218000346,11,34,-23
218000353,64,20,44
218000354,69,99,-30
218000459,35,194,-159
218000490,30,42,-12
218000501,284,90,194
218000502,116,140,-24
218000503,264,65,199
218000504,354,103,251
218000505,183,256,-73
218000506,129,511,-382
218000508,7,15,-8
218000510,365,54,311
218000520,176,188,-12
218000522,6,132,-126
218000523,129,2,127
218000524,24,243,-219
218000525,116,12,104
218000526,30,114,-84
218000530,11,6,5
218000531,42,42,0
218000532,57,32,25
218000537,12,4,8
218000538,130,259,-129
218000539,106,38,68
218000540,306,83,223
218000543,166,41,125
218000544,42,63,-21
218000545,93,83,10
218000546,67,62,5
218000547,106,171,-65
218000548,144,110,34
218000549,570,641,-71
218000550,231,258,-27
218000551,92,1043,-951
218000552,377,58,319
218000553,8,42,-34
218000554,15,15,0
218000555,14,21,-7
218000556,57,199,-142
218000557,275,33,242
218000558,38,0,38
218000559,0,31,-31
218000560,0,23,-23
218000561,9,0,9
218000562,38,142,-104
218000563,224,23,201
218000564,10,105,-95
218000565,204,46,158
218000566,277,47,230
218000567,4,114,-110
218000568,58,5,53
218000569,21,207,-186
218000570,190,12,178
218000571,0,85,-85
218000572,144,2,142
218000573,10,145,-135
218000574,65,19,46
218000575,122,0,122
218000576,0,58,-58
218000577,186,2,184
218000578,3,83,-80
218000579,27,8,19
218000581,4,37,-33
218000582,40,0,40
218000583,6,0,6
218000584,0,13,-13
218000585,58,5,53
218000586,9,17,-8
218000587,3,0,3
218000588,13,1,12
218000589,0,5,-5
218000590,2,1,1
218000591,0,4,-4
218000592,9,0,9
218000593,0,0,0
218000594,4,0,4
218000595,1,0,1
218000596,0,1,-1
218000597,1,0,1
218000598,0,0,0
218000599,0,0,0
218000600,0,0,0
218000601,0,0,0
218000602,0,12,-12
218000603,0,4,-4
218000604,5,2,3
218000605,0,38,-38
218000606,59,0,59
218000607,15,35,-20
218000608,45,24,21
218000609,8,41,-33
218000610,97,11,86
218000611,24,1,23
218000612,2,33,-31
218000613,43,1,42
218000614,0,45,-45
218000615,260,1,259
218000616,2,108,-106
218000617,30,2,28
218000618,3,12,-9
218000619,40,22,18
218000620,6,26,-20
218000621,0,2,-2
218000622,0,13,-13
218000623,114,4,110
218000624,4,8,-4
218000625,3,1,2
218000626,0,3,-3
218000628,139,52,87
218000632,6,90,-84
218000633,179,1,178
218000634,6,15,-9
218000635,8,10,-2
218000636,1084,929,155
218000637,987,458,529
218000638,217,34,183
218000639,43,157,-114
218000640,426,20,406
218000641,81,242,-161
218000652,52,74,-22
218000653,194,80,114
218000675,12,4,8
218000676,6,16,-10
218000677,18,13,5
218000703,1,19,-18
218000718,263,1400,-1137
218000719,510,773,-263
218000720,1,202,-201
218000721,118,8,110
218000725,12,7,5
218001214,5,32,-27
219000001,47,52,-5
219000002,63,74,-11
219000003,120,35,85
219000004,78,55,23
219000017,58,40,18
219000020,161,58,103
219000022,142,9,133
219000023,120,2,118
219000029,1,62,-61
219000034,46,27,19
219000039,51,198,-147
219000040,46,99,-53
219000041,146,30,116
219000051,0,41,-41
219000052,0,31,-31
219000053,5,82,-77
219000054,408,355,53
219000055,238,0,238
219000056,8,0,8
219000057,101,0,101
219000062,22,87,-65
219000063,71,5,66
219000110,346,147,199
219000111,157,53,104
219000112,250,83,167
219000113,210,42,168
219000114,310,129,181
219000116,95,69,26
219000117,152,84,68
219000118,204,65,139
219000123,236,62,174
219000124,144,86,58
219000125,23,21,2
219000126,61,125,-64
219000127,0,12,-12
219000128,14,122,-108
219000129,14,125,-111
219000130,333,534,-201
219000131,521,986,-465
219000133,59,67,-8
219000134,49,45,4
219000135,53,115,-62
219000136,182,234,-52
219000138,97,24,73
219000139,46,40,6
219000140,84,3,81
219000141,37,75,-38
219000142,26,78,-52
219000143,8,87,-79
219000145,32,47,-15
219000146,3,17,-14
219000147,2,19,-17
219000148,5,26,-21
219000149,10,72,-62
219000150,0,54,-54
219000151,5,22,-17
219000157,277,151,126
219000158,241,206,35
219000161,114,7,107
219000163,1306,525,781
219000166,140,194,-54
219000167,154,185,-31
219000168,328,136,192
219000174,490,176,314
219000175,117,4,113
219000176,159,5,154
219000177,54,1,53
219000178,78,3,75
219000179,29,9,20
219000180,32,41,-9
219000182,213,24,189
219000183,100,37,63
219000184,133,12,121
219000185,2,55,-53
219000186,65,32,33
219000187,56,79,-23
219000189,75,176,-101
219000190,77,207,-130
219000191,633,1408,-775
219000192,176,148,28
219000193,153,144,9
219000195,1,47,-46
219000196,7,137,-130
219000198,23,116,-93
219000199,50,261,-211
219000200,32,173,-141
219000201,59,148,-89
219000203,30,104,-74
219000204,87,283,-196
219000205,43,200,-157
219000207,113,315,-202
219000209,45,78,-33
219000210,29,101,-72
219000213,4,121,-117
219000239,196,301,-105
219000240,172,367,-195
219000241,151,133,18
219000242,55,89,-34
219000243,74,197,-123
219000244,11,61,-50
219000245,26,29,-3
219000246,47,28,19
219000247,169,35,134
219000248,426,463,-37
219000249,150,91,59
219000250,156,103,53
219000251,539,282,257
219000252,272,162,110
219000253,597,121,476
219000255,125,115,10
219000256,258,60,198
219000257,126,0,126
219000262,102,110,-8
219000263,80,159,-79
219000267,2,64,-62
219000268,11,8,3
219000269,2,2,0
219000270,8,2,6
219000271,125,5,120
219000278,1,5,-4
219000279,4,6,-2
219000283,0,5,-5
219000295,40,64,-24
219000296,97,373,-276
219000297,16,104,-88
219000298,26,74,-48
219000299,530,90,440
219000300,28,127,-99
219000301,227,330,-103
219000302,38,305,-267
219000307,56,30,26
219000308,70,36,34
219000311,245,69,176
219000312,664,138,526
219000313,384,60,324
219000314,54,307,-253
219000315,367,37,330
219000316,651,88,563
219000317,99,39,60
219000320,0,44,-44
219000321,0,16,-16
219000323,2,38,-36
219000325,0,8,-8
219000326,103,67,36
219000327,59,32,27
219000328,39,62,-23
219000329,258,113,145
219000330,64,27,37
219000331,67,34,33
219000332,162,62,100
219000333,30,0,30
219000335,80,0,80
219000337,43,1,42
219000338,48,0,48
219000344,30,90,-60
219000345,60,76,-16
219000346,34,97,-63
219000348,177,80,97
219000349,55,111,-56
219000350,51,308,-257
219000351,5,9,-4
219000352,264,124,140
219000353,110,75,35
219000354,254,85,169
219000355,132,49,83
219000356,933,1565,-632
219000363,189,56,133
219000364,80,56,24
219000365,104,26,78
219000366,208,324,-116
219000368,289,682,-393
219000370,1067,615,452
219000371,7,34,-27
219000382,22,24,-2
219000383,509,1245,-736
219000385,461,502,-41
219000386,682,1563,-881
219000387,3,6,-3
219000390,3,0,3
219000391,3,1,2
219000397,105,62,43
219000398,67,69,-2
219000401,12,97,-85
219000402,20,98,-78
219000403,160,384,-224
219000404,23,180,-157
219000409,87,37,50
219000410,123,61,62
219000411,92,15,77
219000446,141,417,-276
219000447,1,17,-16
219000448,5,4,1
219000452,131,78,53
219000453,66,185,-119
219000454,219,288,-69
219000556,317,70,247
219000558,151,135,16
219000590,48,202,-154
219000591,99,124,-25
219000592,92,294,-202
219000595,3,16,-13
219000635,263,46,217
219000636,33,60,-27
219000657,31,31,0
219000658,70,171,-101
219000673,1,29,-28
219000676,24,20,4
219000679,51,8,43
219000684,92,0,92
219000685,0,33,-33
219000686,0,4,-4
219000688,0,42,-42
219000689,26,394,-368
219000690,406,60,346
219000693,4,35,-31
219000694,28,0,28
219000695,31,0,31
219000698,26,0,26
219000699,0,24,-24
219000727,1,69,-68
219000728,99,2,97
219000770,41,1,40
219000771,3,32,-29
219001150,1,31,-30
219001151,1,6,-5
220000001,41,59,-18
220000002,13,72,-59
220000003,361,170,191
220000004,491,420,71
220000005,1081,1758,-677
220000006,188,682,-494
220000007,405,372,33
220000008,268,625,-357
220000009,283,269,14
220000010,188,59,129
220000011,413,3230,-2817
220000012,115,324,-209
220000014,104,61,43
220000015,37,224,-187
220000017,76,260,-184
220000018,4228,1434,2794
220000019,111,303,-192
220000020,375,197,178
220000021,696,156,540
220000022,929,456,473
220000023,425,218,207
220000024,1842,425,1417
220000025,1151,1286,-135
220000026,327,509,-182
220000027,18,132,-114
220000028,40,48,-8
220000029,36,110,-74
220000030,48,62,-14
220000031,516,355,161
220000064,26,968,-942
221000046,6,0,6
221000047,0,1,-1
221000048,0,0,0
221000049,0,3,-3
221000050,11,0,11
221000055,36,50,-14
221000057,69,12,57
221000068,362,139,223
221000069,407,79,328
221000070,284,28,256
221000071,128,7,121
221000072,287,9,278
221000073,234,37,197
221000074,2,7,-5
221000075,6,22,-16
221000076,7,29,-22
221000077,11,77,-66
221000081,15,12,3
221000082,87,0,87
221000083,24,8,16
221000084,2,6,-4
221000085,25,57,-32
221000086,25,76,-51
221000087,6,110,-104
221000088,13,135,-122
221000089,33,205,-172
221000090,86,474,-388
221000098,154,23,131
221000099,192,17,175
221000100,97,6,91
221000101,184,17,167
221000102,145,14,131
221000109,8,73,-65
221000110,9,79,-70
221000111,27,149,-122
221000112,6,111,-105
221000113,15,96,-81
221000114,14,87,-73
221000120,69,33,36
221000121,7,38,-31
221000122,69,27,42
221000123,3,4,-1
221000124,35,138,-103
221000155,145,16,129
221000156,11,27,-16
221000175,0,4,-4
221000176,0,2,-2
221000182,75,5,70
221000241,541,344,197
221000242,157,387,-230
221000243,426,252,174
221000244,217,426,-209
221000245,82,91,-9
221000246,26,223,-197
221000247,72,95,-23
221000248,149,76,73
221000267,64,516,-452
221000325,71,90,-19
221000331,9,70,-61
221000338,9,17,-8
221000378,245,42,203
221000381,62,30,32
222000282,18,0,18
222000296,3,9,-6
222000568,377,38,339
222000569,172,44,128
222000570,138,38,100
222000571,339,33,306
222000577,17,116,-99
222000578,27,129,-102
222000579,26,122,-96
222000580,76,559,-483
222000599,2,134,-132
222000600,1,234,-233
222000601,7,729,-722
222000603,18,35,-17
222000604,7,44,-37
222000605,16,18,-2
222000606,4,12,-8
222000607,3,2,1
222000608,34,15,19
222000609,49,115,-66
222000616,465,34,431
222000617,11,23,-12
222000618,10,5,5
222000620,20,12,8
222000621,32,14,18
222000623,724,10,714
222000624,440,3,437
222000625,583,26,557
222000636,54,3,51
222000686,14,12,2
222000687,34,32,2
222001066,328,2,326
222001067,24,1,23
222001068,52,22,30
222001069,34,27,7
222001082,23,27,-4
222001083,50,39,11
222001084,0,38,-38
222001085,1,257,-256
222001111,90,97,-7
222001112,123,34,89
222001313,46,10,36
222001314,9,94,-85
222001464,59,29,30
222001465,10,75,-65
222001484,157,57,100
222001485,18,45,-27
222001494,677,108,569
222001495,132,205,-73
222001496,359,90,269
222001497,107,281,-174
222001502,21,90,-69
222001503,157,34,123
222001504,21,294,-273
222001505,456,24,432
222001506,54,411,-357
222001507,333,39,294
222001510,550,34,516
222001511,73,273,-200
222001514,729,277,452
222001515,262,411,-149
222001518,401,103,298
222001519,96,194,-98
222001527,181,83,98
222001528,39,164,-125
222001529,363,49,314
222001530,87,181,-94
222001533,161,276,-115
222001534,387,50,337
222001535,238,291,-53
222001536,64,177,-113
222001537,385,82,303
222001538,77,447,-370
222001563,828,104,724
222001564,98,334,-236
222001568,367,170,197
222001576,1,0,1
222001579,5,4,1
222001583,14,176,-162
222001584,112,4,108
222001596,701,1039,-338
222001597,2396,349,2047
222001626,0,87,-87
222001650,77,134,-57
222001651,86,394,-308
222001914,180,85,95
222001915,58,219,-161
222900004,494,318,176
222900009,397,513,-116
222900019,243,193,50
222900024,21,22,-1
222900025,9,18,-9
225000001,433,148,285
225000002,563,157,406
225000003,685,63,622
225000004,405,192,213
225000005,51,70,-19
225000006,0,181,-181
225000007,1123,980,143
225000010,313,14,299
225000011,360,975,-615
225000012,266,553,-287
225000013,95,91,4
225000014,718,85,633
225000015,75,100,-25
225000021,937,150,787
225000027,199,534,-335
225000032,717,127,590
225000042,55,571,-516
225000049,39,51,-12
225000050,116,9,107
225000053,6,309,-303
225000058,607,172,435
225000067,217,114,103
225000068,86,238,-152
225000069,163,370,-207
225000070,94,361,-267
225000071,34,106,-72
225000075,21,497,-476
225000076,50,115,-65
225000078,70,36,34
225000085,64,121,-57
225000086,294,67,227
225000087,165,11,154
225000088,8,168,-160
225000089,182,985,-803
225000090,82,414,-332
225000091,217,152,65
225000092,40,76,-36
225000093,270,227,43
225000094,32,196,-164
225000095,307,337,-30
225000096,289,338,-49
225000098,881,243,638
225000099,368,130,238
225000100,435,114,321
225000104,133,267,-134
225000110,16,315,-299
225000111,167,876,-709
225000112,213,843,-630
225000113,162,584,-422
225000114,69,291,-222
225000115,1171,519,652
225000116,938,234,704
225000117,705,247,458
225000118,1230,230,1000
225000119,310,87,223
225000120,754,52,702
225000121,194,16,178
225000123,639,26,613
225000125,445,137,308
225000126,618,133,485
225000127,616,1274,-658
225000128,512,784,-272
225000132,356,29,327
225000133,217,21,196
225000134,649,174,475
225000135,50,11,39
225000136,324,13,311
225000137,254,55,199
225000138,447,86,361
225000143,41,204,-163
225000144,2,215,-213
225000145,40,41,-1
225000146,46,70,-24
225000147,33,137,-104
225000148,20,160,-140
225000149,57,357,-300
225000151,27,165,-138
225000155,329,321,8
225000156,151,702,-551
225000157,228,248,-20
225000158,69,205,-136
225000171,5,148,-143
225000180,34,1,33
225000181,0,48,-48
225000182,62,11,51
225000185,5,348,-343
225000187,33,311,-278
225000191,117,4,113
225000194,0,3,-3
225000208,0,41,-41
225000209,116,12,104
225000210,7,265,-258
225000217,0,15,-15
225000218,13,2,11
225000223,0,22,-22
225000224,58,1,57
225000225,1,14,-13
225000226,29,3,26
225000227,25,60,-35
225000228,13,19,-6
225000229,0,62,-62
225000230,30,0,30
225000231,0,36,-36
225000232,158,1,157
225000241,107,1,106
225000242,2,18,-16
225000249,1,0,1
225000250,48,560,-512
225000251,460,23,437
225000254,8,12,-4
225000256,0,38,-38
225000257,0,22,-22
226000042,253,331,-78
226000043,58,247,-189
226000044,118,326,-208
226000045,57,248,-191
226000046,469,89,380
226000047,361,84,277
226000048,378,78,300
226000049,223,164,59
226000070,0,30,-30
226000071,0,73,-73
226000072,0,25,-25
226000073,0,5,-5
226000074,0,4,-4
226000084,9,40,-31
226000085,0,12,-12
226000086,0,4,-4
226000087,2,9,-7
226000088,37,61,-24
226000090,229,73,156
226000091,16,34,-18
226000092,1,27,-26
226000093,11,4,7
226000094,7,6,1
226000095,11,2,9
226000105,12,2,10
226000106,16,0,16
226000107,4,1,3
226000108,15,0,15
226000109,87,1,86
226000124,177,70,107
226000134,779,478,301
226000135,1712,574,1138
226000136,569,389,180
226000137,8,223,-215
226000138,18,130,-112
226000139,0,39,-39
226000156,224,3,221
226000157,241,7,234
226000163,109,194,-85
226000202,5,209,-204
226000231,220,9,211
226000232,50,10,40
227000033,354,55,299
227000036,396,19,377
227000037,286,22,264
227000038,139,28,111
227000084,2,58,-56
227000085,1,45,-44
227000088,39,0,39
227000089,106,2,104
227000090,28,0,28
227000091,22,0,22
227000092,23,0,23
227000093,111,0,111
227000094,5,0,5
227000130,32,55,-23
227000131,15,127,-112
227000132,8,180,-172
227000133,13,125,-112
227000134,11,215,-204
227000152,0,5,-5
227000153,0,42,-42
227000154,0,26,-26
227000155,0,12,-12
227000156,2,17,-15
227000165,5,24,-19
227000196,484,215,269
227000199,381,312,69
227000230,9,292,-283
227000232,559,16,543
227000242,67,296,-229
227000243,436,53,383
227000245,18,348,-330
227000246,120,302,-182
227000247,441,59,382
227000248,119,21,98
227000249,19,83,-64
227000250,264,87,177
227000251,70,97,-27
227000252,28,241,-213
227000253,127,16,111
227000262,375,38,337
227000266,1546,22,1524
227000267,20,944,-924
227000282,2,107,-105
227000284,588,26,562
227000286,4,54,-50
227000291,16,303,-287
227000296,142,408,-266
227000484,166,8,158
227000485,5,603,-598
227000655,244,7,237
227000656,607,59,548
227000657,85,10,75
229000265,4,3,1
229000266,3,1,2
229000267,7,0,7
229000268,19,0,19
229000269,33,3,30
229000274,0,42,-42
229000275,1,29,-28
229000276,0,14,-14
229000277,1,2,-1
229000278,0,2,-2
229000295,23,22,1
229000296,11,13,-2
229000297,11,21,-10
229000298,18,123,-105
229000320,18,10,8
229000321,25,11,14
229000412,19,50,-31
229000414,7,36,-29
229000415,21,5,16
229000416,1,4,-3
229000417,0,9,-9
229000419,106,268,-162
229000440,512,65,447
229000442,21,13,8
229000443,3,1,2
229000444,3,23,-20
229000445,78,9,69
229000446,97,12,85
229000491,3,11,-8
229000492,7,72,-65
229000493,4,58,-54
229000494,37,3,34
229000495,98,10,88
229000496,43,3,40
229000507,0,54,-54
229000508,0,29,-29
229000509,0,46,-46
229000510,1,24,-23
229000511,4,54,-50
229000512,0,27,-27
229000513,0,9,-9
229000514,0,4,-4
229000517,0,6,-6
229000518,7,3,4
229000519,0,4,-4
229000520,20,31,-11
229000521,51,16,35
229000522,16,6,10
229000523,7,2,5
229000524,4,2,2
229000527,2,0,2
229000528,0,0,0
229000529,7,0,7
229000530,80,6,74
229000531,39,2,37
229000532,16,0,16
229000533,82,0,82
229000534,80,4,76
229000564,99,0,99
229000565,33,1,32
229000566,0,6,-6
229000567,1,25,-24
229000582,96,2,94
229000583,5,5,0
229000584,0,21,-21
229000585,0,45,-45
229000718,0,4,-4
229000719,0,2,-2
229000720,0,5,-5
229000721,0,4,-4
229000722,0,2,-2
229000723,0,8,-8
229000724,1,1,0
229000725,0,0,0
229000738,2,0,2
229000739,2,0,2
229000740,0,1,-1
229000741,17,0,17
229000742,14,0,14
229000743,8,0,8
229000744,4,0,4
229000745,2,0,2
229000746,35,0,35
229000847,55,0,55
229000848,17,1,16
229000849,90,0,90
229000851,27,0,27
229000854,0,32,-32
229000856,2,85,-83
229000857,0,28,-28
229000858,0,55,-55
229000919,24,84,-60
229000930,0,290,-290
229000937,100,15,85
229000966,45,31,14
229000981,21,27,-6
229000985,24,47,-23
229000986,1,6,-5
229000987,0,3,-3
229000988,0,6,-6
229000989,15,12,3
229000990,0,1,-1
229000991,0,0,0
229000992,8,12,-4
229000993,104,32,72
229000998,22,45,-23
229000999,77,15,62
229001034,1,23,-22
229001035,1,8,-7
229001036,7,52,-45
229001037,39,1,38
229001038,0,3,-3
229001039,3,0,3
229001040,0,49,-49
229001041,41,0,41
229001042,18,17,1
229001047,24,51,-27
229001050,46,17,29
229001168,0,9,-9
229001200,45,2,43
229001338,2,16,-14
229001394,196,1,195
229001422,210,43,167
229001423,36,132,-96
229001431,76,77,-1
229001432,56,67,-11
229001444,214,33,181
229001445,51,144,-93
229001479,18,4,14
229001503,252,98,154
229001504,152,169,-17
229001505,141,20,121
229001506,105,132,-27
229001509,42,7,35
229001510,7,38,-31
229001545,90,12,78
229001546,13,86,-73
229001553,133,10,123
229001554,70,81,-11
229001630,78,8,70
229001631,8,25,-17
229001635,0,13,-13
229001636,7,1,6
229001658,1,135,-134
229001659,68,2,66
229001660,43,9,34
229001661,12,35,-23
229001662,9,0,9
229001663,0,8,-8
229002584,215,256,-41
229002831,153,154,-1
229002841,20,8,12
229002842,20,28,-8
229002843,93,20,73
229002844,55,33,22
229002845,24,54,-30
229002846,23,26,-3
229002847,1,8,-7
229002848,16,7,9
229002849,4,73,-69
229002850,8,2,6
229002851,34,111,-77
229002852,221,65,156
229002853,143,25,118
229002854,56,42,14
229002855,8,26,-18
229002856,44,17,27
229002857,33,156,-123
229002858,39,16,23
229002859,32,61,-29
229002860,288,20,268
229002861,105,17,88
229002862,55,61,-6
229002863,26,14,12
229002864,45,31,14
229002865,24,19,5
229002866,27,20,7
229002867,3,13,-10
229002868,9,13,-4
229002869,30,112,-82
229002870,48,32,16
235000067,365,88,277
235000072,91,469,-378
235000080,11,63,-52
235000081,101,121,-20
235000082,165,45,120
235000083,272,71,201
235000084,48,50,-2
235000085,237,72,165
235000093,8,11,-3
235000097,5,8,-3
235000098,96,10,86
235000115,158,126,32
235000116,71,27,44
235000117,653,14,639
235000133,6,479,-473
235000134,9,122,-113
235000206,13,2,11
235000207,1,1,0
235000210,10,2,8
235000212,2,5,-3
235000220,5,1,4
235000221,63,19,44
235000238,10,110,-100
235000239,3,31,-28
235000242,300,760,-460
235000245,537,128,409
235000246,3,65,-62
235000284,23,96,-73
235000295,92,16,76
235000305,259,34,225
235000306,292,11,281
235000307,15,5,10
235000308,12,0,12
235000309,70,0,70
235000310,35,0,35
235000311,131,105,26
235000322,0,34,-34
235000323,0,41,-41
235000324,0,21,-21
235000325,0,12,-12
235000326,3,119,-116
235000351,11,50,-39
235000352,21,30,-9
235000353,1,18,-17
235000354,6,26,-20
235000355,22,63,-41
235000356,119,4,115
235000357,35,5,30
235000358,121,19,102
235000359,7,11,-4
235000360,31,16,15
235000361,81,9,72
235000381,47,137,-90
235000382,170,26,144
235000390,12,1,11
235000391,196,16,180
235000392,222,357,-135
235000393,166,253,-87
235000395,153,47,106
235000396,581,69,512
235000399,112,16,96
235000400,98,45,53
235000401,21,155,-134
235000402,50,82,-32
235000405,89,229,-140
235000406,68,185,-117
235000407,80,81,-1
235000409,248,105,143
235000411,11,42,-31
235000485,0,7,-7
235000486,12,0,12
235000549,180,157,23
235000550,85,213,-128
235000599,133,28,105
235000600,8,9,-1
235000601,13,23,-10
235000602,69,27,42
235000614,1,0,1
235000648,1,20,-19
235000649,40,5,35
235000815,13,39,-26
235000834,0,10,-10
235000855,107,63,44
235000862,36,180,-144
235000891,0,9,-9
235000892,15,1,14
235000901,100,40,60
235000907,11,6,5
235001010,151,83,68
235001030,394,326,68
235001078,101,113,-12
235001079,80,90,-10
235001147,2,34,-32
235001166,17,62,-45
235001167,61,18,43
235001169,25,220,-195
235001200,46,41,5
235001239,2,61,-59
235016266,6,12,-6
235016267,0,37,-37
235900013,1,6,-5
235900014,6,8,-2
241900007,71,0,71
277101746,0,0,0
277102712,0,0,0
277103813,0,0,0
277103814,0,0,0
277103898,0,5,-5
990010990,30,151,-121
990011530,0,189,-189
990014944,1,411,-410
990015176,42,3,39
990015618,1,87,-86
990015888,23,102,-79
990016032,0,307,-307
990032570,3,372,-369
990070001,62,2,60
990070103,0,3,-3
990070601,1,70,-69
990070751,1140,2,1138
990070766,0,334,-334
990071180,579,214,365
990071343,48,14,34
990071387,0,4,-4
990071823,610,25,585
990072600,2,919,-917
990072964,0,349,-349
990073285,0,2,-2
990074393,3,718,-715
990074714,31,28,3
990074870,1907,20,1887
990075106,1835,9,1826
990075746,693,1,692
990076437,1680,7,1673
990076458,1,481,-480
997000007,529,10,519
997000041,4,253,-249
997000058,96,18,78
997000062,40,2,38
997000069,0,5,-5
997000070,0,35,-35
997000100,39,0,39
997000141,7,1914,-1907
997000198,1,1084,-1083
998000475,4,52,-48
998000736,0,162,-162
998000965,0,17,-17
998001031,0,62,-62
998001072,534,283,251
998001091,11,1,10
998001093,7,0,7
998001103,1,3,-2
998001105,6,10,-4
998001700,0,0,0
998001899,0,3,-3
998001900,2,2,0
998003073,1151,7,1144
998003124,17,25,-8
998003125,27,159,-132
998101900,0,0,0
998102850,2,320,-318
998501819,3,0,3
998501820,0,4,-4
998501832,353,146,207
998501927,1210,789,421
998501929,117,9,108
998501930,37,1,36
998501931,107,4,103
998501932,2,0,2
998501933,57,0,57
998501937,50,21,29
998501944,5,0,5
998501950,0,0,0
998501970,94,5,89
998501971,0,82,-82
998501972,329,4,325
998501973,0,31,-31
998501974,1,185,-184
998501975,131,0,131
998501976,87,1,86
998501977,0,17,-17
998501978,17,1,16
998501979,1,14,-13
998501980,59,2,57
998501981,53,1,52
998501982,1,135,-134
998501983,0,0,0
998502006,0,0,0
998502024,0,9,-9
998502032,0,8,-8
998502062,22,1,21
998502063,0,0,0
998502173,25,0,25
998502269,0,4,-4
998601159,2,112,-110
998601292,0,15,-15
999033574,1,105,-104
999800001,31,1,30
999800002,0,10,-10
999800003,1,0,1
999800004,0,3,-3
999800005,0,3,-3
