ID,insum,outsum,diff
100000001,1277,759,518
100000002,7833,13814,-5981
100000003,6849,10662,-3813
100000004,391,1770,-1379
100000005,4687,6347,-1660
100000006,959,852,107
100000007,3865,1142,2723
100000008,142,1907,-1765
100000009,518,853,-335
100000010,47,1356,-1309
100000011,644,325,319
100000012,44,444,-400
100000013,15,519,-504
100000014,366,1278,-912
100000015,1933,3124,-1191
100000016,457,3954,-3497
100000017,439,4803,-4364
100000018,1233,1110,123
100000019,4771,5067,-296
100000020,2464,9796,-7332
100000021,10546,2604,7942
100000022,1347,9567,-8220
100000023,7504,5153,2351
100000025,690,3973,-3283
100000028,634,5308,-4674
100000029,94,1617,-1523
100000030,62,78,-16
100000031,3188,13324,-10136
100000032,4150,9652,-5502
100000033,1867,6945,-5078
100000034,389,3074,-2685
100000035,1052,2936,-1884
100000036,1207,3244,-2037
100000037,1182,727,455
100000038,3953,1533,2420
100000039,286,799,-513
100000040,901,317,584
100000041,2520,1011,1509
100000042,1964,725,1239
100000043,882,296,586
100000044,333,489,-156
100000045,378,1252,-874
100000046,590,1125,-535
100000047,246,467,-221
100000048,236,872,-636
100000049,1896,1804,92
100000051,867,700,167
100000053,106,8,98
100000054,379,31,348
100000055,818,300,518
100000056,462,836,-374
100000057,2808,793,2015
100000058,1213,766,447
100000059,78,349,-271
100000060,1202,727,475
100000061,3275,961,2314
100000062,2265,1411,854
100000063,1583,623,960
100000064,1913,1034,879
100000065,376,1126,-750
100000066,268,738,-470
100000067,252,914,-662
100000068,546,2927,-2381
100000069,424,1680,-1256
100000072,187,494,-307
100000073,1611,1182,429
100000075,1484,304,1180
100000076,2468,9518,-7050
100000077,153,1329,-1176
100000078,24,84,-60
100000079,22,38,-16
100000080,27,72,-45
100000081,36,251,-215
100000102,4868,13656,-8788
100000103,2887,3478,-591
100000104,8294,3624,4670
100000105,1529,5456,-3927
100000106,1265,8247,-6982
100000107,132,2402,-2270
100000108,455,2809,-2354
100000109,697,3729,-3032
100000116,307,1072,-765
100000117,82,246,-164
100000118,576,1991,-1415
100000119,1267,1586,-319
100000121,394,1182,-788
100000122,839,7812,-6973
100000123,1609,4574,-2965
100000124,2991,4060,-1069
100000125,16261,4049,12212
100000126,794,3419,-2625
100000127,1750,2954,-1204
100000128,553,6939,-6386
100000129,422,1499,-1077
100000130,1160,285,875
100000131,1214,2109,-895
100000132,1940,2231,-291
100000133,2071,1358,713
100000135,1276,1924,-648
100000139,149,799,-650
100000140,175,241,-66
100000142,699,906,-207
100000143,1246,424,822
100000144,1836,592,1244
100000147,2600,7067,-4467
100000150,175,996,-821
100000151,495,3582,-3087
100000153,50,1060,-1010
100000154,47,2307,-2260
100000155,12,103,-91
100000156,151,362,-211
100000157,473,321,152
100000158,337,242,95
100000159,152,3168,-3016
100000165,1077,1308,-231
100000169,33,3700,-3667
100000174,396,2466,-2070
100000179,99,2397,-2298
100000180,876,4102,-3226
100000181,427,717,-290
100000188,98,392,-294
100000189,1049,703,346
100000190,744,2709,-1965
100000191,1585,1200,385
100000192,45,155,-110
100000193,449,199,250
100000330,1089,1582,-493
100000355,360,848,-488
100000362,2720,1280,1440
100000363,9323,12079,-2756
100000364,113,348,-235
100000365,9156,13388,-4232
100000366,2132,1707,425
100000367,9010,10892,-1882
100000368,2302,1775,527
100000369,1238,4120,-2882
100000370,392,1412,-1020
100000376,22,398,-376
100000379,1088,9109,-8021
100000380,4293,18634,-14341
100000384,8417,14919,-6502
100000385,2505,10125,-7620
100000386,2300,14671,-12371
100000387,7255,17195,-9940
100000388,2425,6959,-4534
100000389,8121,12193,-4072
100000390,4083,5797,-1714
100000391,4109,11788,-7679
100000392,940,4167,-3227
100000393,1065,7253,-6188
100000394,2696,9051,-6355
100000395,1333,8302,-6969
100000396,1216,2887,-1671
100000397,2313,10525,-8212
100000398,7304,5446,1858
100900002,26,77,-51
100900003,901,457,444
100900004,25,1862,-1837
100900005,277,19,258
100900006,111,27,84
100900007,293,9,284
100900008,14,1011,-997
100900009,67,86,-19
100900010,101,16,85
100900011,409,127,282
100900012,0,56,-56
100900013,1962,20,1942
100900014,7,1,6
100900015,46,96,-50
100900016,2,25,-23
100900017,2472,142,2330
100900018,2,8,-6
100900019,99,173,-74
100900020,639,9,630
100900021,678,7,671
100900022,9,36,-27
100900023,0,63,-63
100900024,635,3,632
100900025,34,7,27
100900026,268,127,141
100900027,842,5444,-4602
100900028,99,811,-712
100900029,41,9,32
100900030,4,516,-512
100900031,1634,100,1534
100900032,868,4,864
100900033,356,1094,-738
100900034,2761,3,2758
100900035,407,0,407
100900036,36,0,36
100900037,390,126,264
100900038,5,199,-194
100900039,357,217,140
100900040,908,450,458
100900041,2389,303,2086
100900042,405,4263,-3858
100900043,0,146,-146
100900044,1498,1536,-38
100900045,7,2,5
100900046,2160,20,2140
100900047,847,220,627
100900048,235,78,157
100900049,99,109,-10
100900050,12,58,-46
100900051,64,427,-363
100900052,508,74,434
100900053,1151,45,1106
100900054,18,29,-11
100900055,1183,2399,-1216
100900056,32,152,-120
100900057,4719,792,3927
100900058,190,143,47
100900059,252,14,238
100900060,326,11,315
100900061,189,209,-20
100900062,11,5,6
100900063,578,1673,-1095
100900064,1111,22,1089
100900065,65,233,-168
100900066,282,94,188
100900067,21,5,16
100900068,229,500,-271
100900069,192,17,175
100900070,1135,38,1097
100900071,345,233,112
100900072,2,25,-23
100900073,508,584,-76
100900074,1,19,-18
100900075,2588,313,2275
100900076,6,55,-49
100900077,121,14,107
100900078,464,406,58
100900079,7,32,-25
100900080,157,114,43
100900081,54,187,-133
100900082,486,63,423
100900083,15,103,-88
100900085,2,827,-825
100900086,93,720,-627
100900088,555,139,416
100900089,8,24,-16
100900090,187,2576,-2389
100900091,1,5,-4
100900092,191,238,-47
100900093,504,1038,-534
100900094,366,128,238
100900095,7,46,-39
100900096,91,734,-643
100900097,2,2,0
100900098,13,52,-39
100900099,13,764,-751
100900100,17,392,-375
100900101,388,68,320
100900102,14,242,-228
100900103,14,11,3
100900104,3,282,-279
100900105,44,1072,-1028
100900106,21,13,8
100900107,4586,1424,3162
100900108,13,90,-77
100900109,29,65,-36
100900110,21,25,-4
100900111,21,406,-385
100900112,6,15,-9
100900113,22,17,5
100900114,13,44,-31
100900115,9,91,-82
100900116,1796,692,1104
100900117,473,1900,-1427
100900118,15,35,-20
100900119,14,7,7
100900120,12,22,-10
100900121,1041,642,399
100900122,80,82,-2
100900123,447,66,381
100900124,3,6,-3
100900125,9,58,-49
100900126,1285,307,978
100900127,21,6,15
100900128,182,1265,-1083
100900129,2,449,-447
100900131,36,243,-207
100900133,157,34,123
100900134,7,10,-3
100900135,3,1515,-1512
100900137,484,498,-14
100900138,582,994,-412
100900139,2,23,-21
100900140,0,316,-316
100900141,6,1118,-1112
100900142,0,11,-11
100900143,460,1649,-1189
100900144,4,13,-9
100900145,78,921,-843
100900146,28,98,-70
100900147,20,4340,-4320
100900148,288,225,63
100900149,12,1124,-1112
100900150,39,83,-44
100900151,120,679,-559
100900152,505,25,480
100900153,4,410,-406
100900154,3,497,-494
100900155,19,5,14
100900156,58,2,56
100900157,15,743,-728
100900158,1098,64,1034
100900159,15,123,-108
100900160,62,13,49
100900161,50,3,47
100900162,22,475,-453
100900163,160,109,51
100900164,338,72,266
100900165,34,25,9
100900166,37,1,36
100900167,20,84,-64
100900168,33,151,-118
100900169,66,1194,-1128
100900170,34,20,14
100900171,13,717,-704
100900172,0,178,-178
100900173,14,133,-119
100900174,80,55,25
100900176,2468,1062,1406
100900177,760,388,372
100900178,469,324,145
100900179,416,497,-81
100900180,1,2,-1
100900181,52,86,-34
100900182,48,16,32
100900184,59,128,-69
100900186,853,390,463
100900187,55,94,-39
100900188,29,12,17
100900189,4423,293,4130
100900191,772,1513,-741
100900192,201,664,-463
100900195,321,1443,-1122
100900197,52,80,-28
100900198,22,83,-61
100900199,4,6,-2
100900200,1387,408,979
100900201,168,1541,-1373
100900202,92,0,92
100900203,0,89,-89
100900204,187,1117,-930
100900205,315,839,-524
100900206,280,378,-98
100900207,486,216,270
100900210,95,154,-59
100900211,830,243,587
100900213,246,81,165
100900214,491,247,244
100900215,130,32,98
100900217,132,226,-94
101000001,1972,2841,-869
101000002,10106,13035,-2929
101000003,770,1269,-499
101000004,10964,8529,2435
101000005,6525,9302,-2777
101000006,16431,15677,754
101000007,6812,8895,-2083
101000008,2539,4062,-1523
101000009,4568,1256,3312
101000010,1903,1453,450
101000011,2547,757,1790
101000012,545,1039,-494
101000013,839,2478,-1639
101000014,486,621,-135
101000015,3412,2863,549
101000016,404,1674,-1270
101000017,519,1186,-667
101000018,2047,16203,-14156
101000020,1847,2882,-1035
101000021,721,1963,-1242
101000022,138,634,-496
101000023,1691,1742,-51
101000025,710,1168,-458
101000026,378,45,333
101000027,2275,6947,-4672
101000028,1716,553,1163
101000029,97,2223,-2126
101000030,1450,200,1250
101000031,171,1122,-951
101000032,2509,6832,-4323
101000033,1659,10865,-9206
101000034,1081,5682,-4601
101000035,629,1087,-458
101000036,525,4710,-4185
101000037,1654,6967,-5313
101000039,2306,8174,-5868
101000040,4744,12094,-7350
101000041,3103,10185,-7082
101000042,74,1607,-1533
101000043,4451,13764,-9313
101000045,347,1413,-1066
101000046,1673,2928,-1255
101000047,1253,6922,-5669
101000048,757,826,-69
101000049,831,4366,-3535
101000050,706,3804,-3098
101000051,847,3502,-2655
101000052,2107,3747,-1640
101000053,539,2352,-1813
101000054,4216,1287,2929
101000055,1689,2954,-1265
101000056,20,244,-224
101000057,803,5169,-4366
101000058,1228,4465,-3237
101000059,3641,5135,-1494
101000060,3013,2717,296
101000061,516,4017,-3501
101000062,322,1076,-754
101000063,291,3176,-2885
101000064,416,1715,-1299
101000065,233,1921,-1688
101000066,468,2416,-1948
101000067,261,1141,-880
101000068,113,548,-435
101000069,285,138,147
101000070,495,1086,-591
101000071,6686,2789,3897
101000072,1192,3706,-2514
101000073,612,1647,-1035
101000074,2420,5145,-2725
101000075,2378,4155,-1777
101000077,2550,3097,-547
101000078,1084,1778,-694
101000079,922,1524,-602
101000080,724,1539,-815
101000081,2767,2224,543
101000082,2828,2638,190
101000083,5305,3734,1571
101000084,1518,673,845
101000085,2648,1953,695
101000086,1183,1954,-771
101000087,1272,1537,-265
101000088,2939,1929,1010
101000089,1785,2915,-1130
101000090,2435,935,1500
101000091,1070,505,565
101000092,3552,952,2600
101000093,2650,711,1939
101000094,1649,1274,375
101000095,1076,795,281
101000096,1084,495,589
101000097,734,2345,-1611
101000098,659,1959,-1300
101000099,853,2279,-1426
101000100,1157,3004,-1847
101000101,235,2771,-2536
101000102,718,3294,-2576
101000103,592,2082,-1490
101000104,413,1218,-805
101000105,166,1318,-1152
101000106,276,4206,-3930
101000107,481,1064,-583
101000108,904,160,744
101000109,1597,268,1329
101000110,80,289,-209
101000111,74,401,-327
101000113,233,1965,-1732
101000114,2509,9908,-7399
101000115,56,34,22
101000116,24,78,-54
101000117,2272,467,1805
101000119,17,153,-136
101000120,83,253,-170
101000121,28,93,-65
101000122,102,103,-1
101000123,28,104,-76
101000124,499,637,-138
101000125,144,204,-60
101000128,270,2755,-2485
101000130,271,283,-12
101000131,2630,486,2144
101000132,1499,768,731
101000135,13,48,-35
101000136,124,236,-112
101000137,18,915,-897
101000141,868,8431,-7563
101000147,2022,437,1585
101000148,1222,34,1188
101000149,44,265,-221
101000150,278,338,-60
101000151,742,90,652
101000152,750,672,78
101000153,560,343,217
101000154,842,1014,-172
101000155,1084,324,760
101000156,70,1217,-1147
101000157,103,594,-491
101000160,14,19,-5
101000163,114,971,-857
101000164,433,178,255
101000165,504,1064,-560
101000166,301,382,-81
101000168,1439,823,616
101000252,4499,1591,2908
101000254,28,100,-72
101000258,54,19,35
101000261,38,173,-135
101000262,4388,10264,-5876
101000263,686,2210,-1524
101000265,166,954,-788
101000266,687,663,24
101000269,26,89,-63
101000290,519,5366,-4847
101000293,41,115,-74
101000294,1287,1281,6
101000295,571,292,279
101000301,289,1582,-1293
101000304,4446,7647,-3201
101000305,4019,3210,809
101900001,40,41,-1
101900002,0,34,-34
101900003,27,656,-629
101900004,2,495,-493
101900005,1934,7417,-5483
101900006,3663,385,3278
101900007,977,516,461
101900008,125,775,-650
101900009,79,911,-832
101900010,692,1181,-489
101900011,75,2467,-2392
101900012,1275,166,1109
101900013,1231,131,1100
101900017,28,145,-117
101900018,1773,717,1056
101900019,106,258,-152
101900020,416,324,92
101900021,5,116,-111
101900022,410,1601,-1191
101900023,452,292,160
102000001,5998,12963,-6965
102000002,3542,10388,-6846
102000003,3200,9331,-6131
102000004,11161,7217,3944
102000005,2674,5515,-2841
102000006,1335,2393,-1058
102000007,4623,7169,-2546
102000008,9919,2627,7292
102000009,13324,13598,-274
102000010,6013,3875,2138
102000011,9159,9927,-768
102000012,5680,5085,595
102000018,5983,5915,68
102000019,5248,3464,1784
102000026,1507,727,780
102000029,404,758,-354
102000030,302,890,-588
102000031,187,285,-98
102000032,1405,905,500
102000033,876,465,411
102000034,974,747,227
102000035,1942,904,1038
102000036,50,310,-260
102000037,334,72,262
102000038,155,711,-556
102000039,130,284,-154
102000040,236,653,-417
102000041,51,967,-916
102000042,75,731,-656
102000043,151,1093,-942
102000044,847,2176,-1329
102000045,1314,2013,-699
102000046,3013,1922,1091
102000047,1917,1400,517
102000048,1439,1009,430
102000049,1692,2397,-705
102000050,3105,2144,961
102000051,360,1388,-1028
102000052,1920,2461,-541
102000053,1743,2700,-957
102000054,1568,1426,142
102000055,2594,273,2321
102000056,3613,338,3275
102000057,3097,787,2310
102000058,1537,888,649
102000059,1569,2321,-752
102000060,1535,1345,190
102000061,2842,2463,379
102000062,3737,1598,2139
102000063,2360,2542,-182
102000064,817,915,-98
102000065,41,244,-203
102000066,1266,1182,84
102000067,10977,6752,4225
102000068,14609,6060,8549
102000069,146,3256,-3110
102000070,2796,52,2744
102000071,10428,17387,-6959
102000072,4193,6165,-1972
102000073,1427,1129,298
102000074,1308,2654,-1346
102000075,347,553,-206
102000076,715,198,517
102000077,1437,478,959
102000078,2348,435,1913
102000079,437,175,262
102000080,732,256,476
102000081,481,1236,-755
102000082,976,465,511
102000083,2044,453,1591
102000084,1148,255,893
102000085,3608,1080,2528
102000086,3033,1152,1881
102000087,1220,1700,-480
102000088,608,608,0
102000089,2411,527,1884
102000090,564,2007,-1443
102000091,1788,1156,632
102000092,381,868,-487
102000093,1592,698,894
102000094,663,449,214
102000095,1088,1444,-356
102000096,616,536,80
102000097,1486,554,932
102000098,441,774,-333
102000099,1274,969,305
102000100,292,1326,-1034
102000101,543,591,-48
102000102,716,1742,-1026
102000103,5597,665,4932
102000104,1216,748,468
102000105,524,828,-304
102000106,1328,676,652
102000107,4049,377,3672
102000108,1162,543,619
102000109,2396,1071,1325
102000110,2940,1308,1632
102000111,39,1257,-1218
102000112,233,251,-18
102000113,52,134,-82
102000114,2648,587,2061
102000115,454,636,-182
102000116,455,1144,-689
102000117,145,2067,-1922
102000118,1200,2613,-1413
102000119,1108,2284,-1176
102000120,353,1125,-772
102000121,1675,646,1029
102000122,818,1342,-524
102000123,1698,1362,336
102000124,2260,2082,178
102000125,808,1169,-361
102000126,851,1297,-446
102000127,2028,969,1059
102000128,1205,1313,-108
102000129,2672,746,1926
102000130,855,1290,-435
102000131,1777,1371,406
102000132,658,1531,-873
102000133,6373,2791,3582
102000134,1761,1525,236
102000135,1192,1120,72
102000136,1744,856,888
102000137,694,1078,-384
102000138,678,608,70
102000139,180,995,-815
102000140,232,734,-502
102000141,361,973,-612
102000142,765,504,261
102000143,603,413,190
102000144,745,353,392
102000145,808,441,367
102000146,1068,530,538
102000147,960,710,250
102000148,668,1295,-627
102000149,942,169,773
102000150,1265,122,1143
102000151,342,198,144
102000152,628,278,350
102000153,1328,1202,126
102000154,258,489,-231
102000155,87,1000,-913
102000156,394,447,-53
102000157,116,2355,-2239
102000158,121,536,-415
102000159,3980,2192,1788
102000161,5381,3620,1761
102000162,259,502,-243
102000163,283,617,-334
102000164,1237,1323,-86
102000165,286,672,-386
102000166,78,570,-492
102000167,332,461,-129
102000168,434,467,-33
102000169,365,908,-543
102000170,1763,281,1482
102000171,132,284,-152
102000172,22,589,-567
102000173,780,588,192
102000174,316,127,189
102000175,123,102,21
102000176,69,86,-17
102000178,270,1328,-1058
102000179,792,554,238
102000180,1786,392,1394
102000181,1977,503,1474
102000182,942,580,362
102000183,3579,1523,2056
102000184,3245,871,2374
102000185,4915,1151,3764
102000186,3013,1333,1680
102000187,1756,3633,-1877
102000188,2498,3199,-701
102000189,5015,1283,3732
102000190,929,3629,-2700
102000191,1483,424,1059
102000192,3708,2429,1279
102000193,258,206,52
102000194,68,680,-612
102000195,995,809,186
102000196,819,551,268
102000197,2066,253,1813
102000198,442,544,-102
102000199,2532,197,2335
102000200,605,845,-240
102000201,2656,670,1986
102000202,12,324,-312
102000203,1194,291,903
102000204,1871,1058,813
102000205,2321,1032,1289
102000206,1488,618,870
102000207,1301,997,304
102000208,1021,1356,-335
102000209,98,375,-277
102000210,998,618,380
102000211,1221,547,674
102000212,1036,21,1015
102000213,8,255,-247
102000214,1147,13,1134
102000215,10,331,-321
102000216,276,255,21
102000217,64,95,-31
102000218,386,521,-135
102000219,352,72,280
102000225,281,796,-515
102000226,318,491,-173
102000227,253,0,253
102000228,1,281,-280
102000229,131,194,-63
102000230,642,372,270
102000231,702,481,221
102000232,233,393,-160
102000233,2196,763,1433
102000234,250,1590,-1340
102000236,584,97,487
102000237,1567,1076,491
102000238,402,576,-174
102000240,488,1397,-909
102000241,282,145,137
102000243,32,64,-32
102000245,2,149,-147
102000246,9,238,-229
102000247,260,408,-148
102000248,237,1629,-1392
102000249,284,172,112
102000250,162,210,-48
102000254,594,192,402
102000266,3,866,-863
102000271,59,0,59
102000286,862,548,314
102000297,5629,2201,3428
102000301,0,0,0
102000303,0,0,0
102000305,0,0,0
102000307,0,7,-7
102000308,0,1,-1
102900001,1514,861,653
102900002,461,104,357
102900003,217,210,7
102900005,1009,278,731
102900006,1067,75,992
102900007,1659,10,1649
102900008,449,48,401
102900009,375,699,-324
102900010,335,1781,-1446
102900011,1372,1331,41
102900012,636,356,280
102900013,209,11,198
102900015,1296,1113,183
102900016,246,32,214
102900017,767,193,574
102900018,210,59,151
102900019,996,1180,-184
102900020,568,57,511
102900021,105,29,76
102900022,111,111,0
102900023,24,131,-107
102900024,144,91,53
102900025,133,72,61
102900026,1027,3511,-2484
102900027,144,137,7
102900028,397,1896,-1499
102900029,274,770,-496
102900030,602,685,-83
102900031,576,237,339
102900032,243,122,121
102900033,288,317,-29
102900034,1498,44,1454
102900035,429,404,25
102900036,1010,282,728
102900037,586,417,169
102900038,743,322,421
102900039,30,1359,-1329
102900040,558,508,50
102900041,331,192,139
102900042,690,180,510
102900043,580,169,411
102900044,865,2316,-1451
102900045,493,415,78
102900046,416,162,254
102900047,314,1057,-743
102900048,1082,364,718
102900049,74,369,-295
102900050,372,909,-537
102900051,327,708,-381
102900052,68,133,-65
102900053,496,902,-406
102900054,337,2564,-2227
102900055,299,947,-648
102900056,232,648,-416
102900057,21,168,-147
102900058,699,193,506
102900059,76,41,35
102900060,165,610,-445
102900061,570,639,-69
102900062,740,633,107
102900063,3314,695,2619
102900064,134,959,-825
102900065,1151,271,880
102900066,674,28,646
102900068,145,456,-311
102900070,488,826,-338
102900072,51,76,-25
102900073,100,8,92
102900074,293,221,72
102900075,27,98,-71
102900076,103,251,-148
102900077,36,34,2
102900078,79,40,39
102900079,542,5,537
102900080,802,53,749
102900081,110,247,-137
102900082,66,197,-131
102900083,190,31,159
102900084,3,89,-86
102900085,348,141,207
102900086,27,196,-169
102900087,360,204,156
102900088,123,89,34
102900089,487,386,101
102900090,3,359,-356
102900091,650,0,650
102900092,1212,150,1062
102900093,669,275,394
102900094,4,287,-283
102900095,121,3,118
102900096,164,17,147
102900097,20,40,-20
103000001,3060,4538,-1478
103000002,3748,5833,-2085
103000003,4754,4774,-20
103000004,1238,988,250
103000005,2232,7816,-5584
103000006,2301,2295,6
103000007,846,574,272
103000008,1836,2203,-367
103000009,4622,3078,1544
103000010,228,112,116
103000011,1882,1161,721
103000012,1849,3083,-1234
103000013,5013,3555,1458
103000014,1896,7137,-5241
103000015,4408,2032,2376
103000016,880,4120,-3240
103000017,456,1442,-986
103000018,1075,387,688
103000019,703,988,-285
103000020,1954,2880,-926
103000021,3133,6362,-3229
103000022,1354,2403,-1049
103000023,1811,5136,-3325
103000024,190,118,72
103000025,262,1890,-1628
103000026,438,402,36
103000027,191,649,-458
103000028,357,403,-46
103000029,93,420,-327
103000030,3359,2576,783
103000031,1123,4713,-3590
103000032,3174,1903,1271
103000033,4230,4409,-179
103000034,2063,1346,717
103000035,332,2233,-1901
103000036,318,387,-69
103000037,1264,596,668
103000038,931,1481,-550
103000039,1356,473,883
103000040,1016,654,362
103000041,4751,1736,3015
103000042,3783,591,3192
103000043,1462,872,590
103000044,723,122,601
103000046,551,982,-431
103000047,1314,379,935
103000048,544,370,174
103000049,146,167,-21
103000050,1388,304,1084
103000051,1115,701,414
103000052,1445,311,1134
103000053,411,468,-57
103000054,3094,728,2366
103000055,2954,1957,997
103000056,1773,845,928
103000057,2458,165,2293
103000058,1641,561,1080
103000059,1431,851,580
103000060,1483,277,1206
103000061,1295,1012,283
103000062,1325,279,1046
103000063,1786,1111,675
103000064,212,111,101
103000065,20,384,-364
103000066,511,25,486
103000069,700,438,262
103000070,1305,408,897
103000071,3285,1510,1775
103000072,214,899,-685
103000073,2207,215,1992
103000074,2453,242,2211
103000075,199,816,-617
103000076,619,1838,-1219
103000077,12,524,-512
103000078,2042,3609,-1567
103000079,1034,1657,-623
103000080,803,790,13
103000081,532,1399,-867
103000082,973,442,531
103000083,284,957,-673
103000084,176,9,167
103000085,2,167,-165
103000086,590,1000,-410
103000087,389,935,-546
103000088,436,785,-349
103000089,624,1440,-816
103000090,7096,1812,5284
103000091,1938,950,988
103000092,590,422,168
103000093,562,895,-333
103000094,575,276,299
103000095,290,730,-440
103000096,1234,88,1146
103000097,224,1267,-1043
103000098,1083,321,762
103000099,179,1462,-1283
103000100,224,642,-418
103000101,3021,197,2824
103000102,137,445,-308
103000103,1329,287,1042
103000104,180,115,65
103000105,417,130,287
103000106,34,199,-165
103000107,484,224,260
103000108,2743,2512,231
103000109,1276,1644,-368
103000110,1124,1357,-233
103000111,537,1639,-1102
103000112,441,1120,-679
103000113,286,3642,-3356
103000114,2869,3994,-1125
103000115,1771,1513,258
103000116,1390,602,788
103000117,638,716,-78
103000118,759,508,251
103000119,2530,863,1667
103000120,134,1225,-1091
103000121,118,247,-129
103000122,579,699,-120
103000125,43,100,-57
103000126,1757,1,1756
103000127,0,106,-106
103000128,438,6,432
103000129,2,106,-104
103000130,258,95,163
103000131,102,185,-83
103000132,80,200,-120
103000133,36,102,-66
103000134,526,2538,-2012
103000135,1283,341,942
103000136,916,1265,-349
103000137,553,1321,-768
103000138,768,1442,-674
103000139,0,188,-188
103000140,298,47,251
103000141,98,270,-172
103000142,195,197,-2
103000143,153,230,-77
103000144,466,341,125
103000145,28,343,-315
103000150,167,71,96
103000152,329,777,-448
103000153,425,713,-288
103000156,18,147,-129
103000157,875,2,873
103000159,785,120,665
103000162,51,38,13
103000163,16,15,1
103000164,21,7,14
103000165,117,217,-100
103000166,549,1607,-1058
103000167,505,541,-36
103000168,364,431,-67
103000169,249,1350,-1101
103000170,2199,310,1889
103000171,18,240,-222
103000172,1866,163,1703
103000173,2113,276,1837
103000174,898,373,525
103000175,681,134,547
103000176,1382,1955,-573
103000177,363,814,-451
103000178,135,376,-241
103000179,187,225,-38
103000183,952,15,937
103000185,427,68,359
103000186,403,121,282
103000187,2693,212,2481
103000188,47,125,-78
103000189,1071,1199,-128
103000191,1006,760,246
103000292,890,3881,-2991
103000293,1368,6968,-5600
103000295,89,239,-150
103000296,173,1,172
103000297,4,104,-100
103000504,14,21,-7
103000505,4,39,-35
103000506,2,159,-157
103000507,402,1,401
103000508,119,118,1
103000509,535,785,-250
103900001,20,34,-14
103900002,979,86,893
103900003,1327,288,1039
103900004,335,2,333
103900005,7,152,-145
103900006,4,2,2
103900007,134,1,133
103900008,21,1,20
103900009,763,211,552
103900010,599,155,444
103900011,1064,78,986
103900012,15,76,-61
103900013,168,17,151
103900014,194,68,126
103900015,174,15,159
103900016,252,176,76
103900017,221,154,67
103900018,445,126,319
103900019,76,717,-641
103900020,955,601,354
103900021,181,84,97
103900022,921,780,141
103900023,429,4,425
103900024,137,558,-421
103900025,15,29,-14
103900026,19,0,19
103900027,588,331,257
103900028,140,650,-510
103900029,2137,264,1873
103900030,531,291,240
103900031,110,0,110
103900032,266,284,-18
103900033,134,61,73
103900034,140,69,71
103900035,192,69,123
103900036,120,84,36
103900037,391,215,176
103900038,170,342,-172
103900039,490,169,321
103900040,22,109,-87
103900041,155,79,76
103900042,330,90,240
103900043,527,84,443
103900044,53,1487,-1434
103900045,634,291,343
103900047,262,29,233
103900048,43,261,-218
103900049,210,1969,-1759
103900050,75,424,-349
103900051,1,96,-95
103900052,371,734,-363
103900053,702,228,474
103900054,638,182,456
103900055,933,229,704
103900056,149,75,74
103900057,545,79,466
103900058,851,266,585
103900059,1,193,-192
103900060,192,111,81
103900061,475,19,456
103900062,2126,608,1518
103900063,3,5,-2
103900064,404,6,398
103900065,284,343,-59
103900066,499,130,369
103900067,653,17,636
103900068,5,5,0
103900069,241,36,205
103900070,548,205,343
103900071,45,42,3
103900072,115,124,-9
103900073,50,62,-12
103900074,219,128,91
103900075,645,71,574
103900076,1523,328,1195
103900077,42,312,-270
103900078,754,708,46
103900079,163,334,-171
103900080,5,30,-25
103900081,25,37,-12
103900082,177,150,27
103900083,3432,4204,-772
103900084,45,1142,-1097
103900085,123,98,25
103900086,3289,439,2850
103900087,95,153,-58
103900088,390,672,-282
103900089,87,266,-179
103900090,5,130,-125
103900091,1102,200,902
103900092,1198,2404,-1206
103900093,228,939,-711
103900094,32,50,-18
103900095,255,977,-722
103900096,402,80,322
103900097,61,379,-318
103900098,924,213,711
103900099,800,90,710
103900100,633,134,499
103900101,974,1386,-412
103900102,9,120,-111
103900104,1,32,-31
103900105,36,110,-74
103900106,6,1162,-1156
103900107,347,19,328
103900108,107,123,-16
103900109,367,6,361
103900110,704,73,631
103900111,478,183,295
103900112,39,161,-122
103900113,220,305,-85
103900114,2254,380,1874
103900115,189,367,-178
103900116,2244,4313,-2069
103900117,116,76,40
103900119,35,239,-204
103900120,224,92,132
103900122,755,105,650
103900123,650,1625,-975
103900124,86,224,-138
103900125,227,86,141
103900126,1102,139,963
103900127,259,278,-19
103900128,246,60,186
103900131,56,84,-28
103900133,1400,50,1350
103900134,1,47,-46
103900135,2,12,-10
103900137,0,9,-9
103900138,854,53,801
103900139,308,7406,-7098
103900140,23,917,-894
103900141,258,82,176
103900142,710,72,638
103900143,536,7,529
103900144,1,10,-9
103900145,203,320,-117
103900146,647,126,521
103900147,1116,143,973
103900148,948,138,810
103900149,705,260,445
103900150,6814,11484,-4670
103900151,18,295,-277
103900152,2603,418,2185
103900153,21,3,18
103900154,392,5271,-4879
103900155,79,150,-71
103900156,141,60,81
103900157,583,105,478
103900158,546,52,494
103900159,807,31,776
103900160,55,39,16
103900161,86,246,-160
103900162,79,71,8
103900163,40,639,-599
103900167,11,241,-230
103900168,224,138,86
103900169,47,116,-69
103900170,0,82,-82
103900171,7,29,-22
103900172,1,5,-4
103900173,64,49,15
103900174,1069,57,1012
103900175,74,280,-206
103900176,20,75,-55
103900177,61,8,53
103900178,164,9,155
103900179,167,38,129
103900180,6,79,-73
103900181,14,206,-192
103900182,42,52,-10
103900184,454,195,259
103900185,120,1746,-1626
103900187,5,409,-404
103900188,387,128,259
103900189,240,23,217
103900190,365,69,296
103900191,99,103,-4
103900192,19,117,-98
103900193,50,124,-74
103900194,126,136,-10
103900195,10,263,-253
103900196,153,144,9
103900197,17,29,-12
103900198,17,30,-13
103900199,270,92,178
103900200,546,127,419
103900201,173,137,36
103900202,21,90,-69
103900203,116,80,36
103900204,0,60,-60
103900207,0,11,-11
103900208,385,0,385
103900209,4,100,-96
103900210,96,71,25
103900211,1499,115,1384
103900212,408,157,251
103900213,32,512,-480
103900214,414,1173,-759
103900215,189,870,-681
103900216,27,190,-163
103900217,641,132,509
103900218,16,754,-738
103900219,686,225,461
103900233,690,87,603
103900235,38,601,-563
103900236,32,37,-5
103900242,5,8,-3
103900243,1,3,-2
103900244,253,150,103
103900245,359,65,294
103900246,57,131,-74
103900247,24,96,-72
103900248,5,118,-113
103900249,47,139,-92
103900250,235,154,81
103900251,3,135,-132
103900253,11,136,-125
103900254,37,99,-62
103900255,1,96,-95
103900256,62,131,-69
103900257,400,499,-99
103900258,46,29,17
103900259,27,92,-65
103900261,72,1,71
103900262,85,3,82
103900263,60,174,-114
103900264,29,10,19
103900265,22,3,19
103900266,3,442,-439
103900267,7,87,-80
103900268,16,47,-31
103900269,595,96,499
103900270,184,52,132
103900271,14,21,-7
104000001,6014,4105,1909
104000002,3104,3361,-257
104000003,4120,3408,712
104000004,4246,3555,691
104000005,4783,3604,1179
104000006,5315,3212,2103
104000007,6966,5356,1610
104000008,318,458,-140
104000009,442,305,137
104000010,245,1184,-939
104000011,546,222,324
104000012,265,322,-57
104000013,488,902,-414
104000014,401,446,-45
104000015,960,402,558
104000016,509,321,188
104000018,1339,474,865
104000019,992,748,244
104000020,156,319,-163
104000021,694,368,326
104000022,680,592,88
104000023,2227,976,1251
104000024,544,579,-35
104000026,115,221,-106
104000027,607,328,279
104000028,757,709,48
104000029,636,545,91
104000030,731,693,38
104000031,2350,472,1878
104000032,375,208,167
104000033,1412,753,659
104000034,509,236,273
104000035,2155,498,1657
104000036,2166,546,1620
104000037,357,242,115
104000038,741,610,131
104000039,369,167,202
104000040,201,1111,-910
104000041,1037,887,150
104000042,311,250,61
104000043,347,371,-24
104000044,744,790,-46
104000045,1177,829,348
104000046,1061,1147,-86
104000047,1174,1134,40
104000048,1484,974,510
104000049,1527,632,895
104000050,249,1198,-949
104000051,391,1350,-959
104000052,4160,4356,-196
104000053,2446,642,1804
104000054,1384,318,1066
104000055,4118,3581,537
104000056,969,290,679
104000057,387,265,122
104000058,1983,1527,456
104000059,1674,1602,72
104000060,2345,3162,-817
104000061,1686,1251,435
104000062,572,210,362
104000064,1318,456,862
104000065,283,1132,-849
104000069,667,2942,-2275
104000070,103,922,-819
104000071,380,371,9
104000072,1100,233,867
104000075,322,431,-109
104000076,831,96,735
104000082,3307,7892,-4585
104000083,1023,395,628
104000084,274,586,-312
104000085,1128,477,651
104000086,586,701,-115
104000087,461,3076,-2615
104000090,2357,965,1392
104000092,3086,1251,1835
104000094,1559,1132,427
104000095,5853,2357,3496
104000096,5067,142,4925
104000097,5061,812,4249
104000098,7207,787,6420
104000100,4788,1212,3576
104000101,3420,2177,1243
104000106,45,1022,-977
104000107,933,324,609
104000108,472,349,123
104000109,728,424,304
104000110,1249,2080,-831
104000111,3576,8367,-4791
104000112,1116,741,375
104000116,3,803,-800
104000117,661,497,164
104000118,3530,220,3310
104000119,1953,480,1473
104000120,410,553,-143
104000121,666,669,-3
104000122,1566,866,700
104000123,1500,975,525
104000124,511,1630,-1119
104000125,3598,9455,-5857
104000126,1084,842,242
104000127,2107,1824,283
104000128,1105,235,870
104000129,837,40,797
104000130,30,548,-518
104000131,511,670,-159
104000132,799,876,-77
104000133,2450,1094,1356
104000134,2027,2462,-435
104000135,1111,2136,-1025
104000136,1316,4328,-3012
104000137,4121,704,3417
104000138,2840,517,2323
104000139,3744,4010,-266
104000141,1282,641,641
104000142,1377,466,911
104000143,1550,430,1120
104000144,318,429,-111
104000145,506,383,123
104000146,304,767,-463
104000147,297,471,-174
104000148,679,400,279
104000149,289,99,190
104000150,1756,1001,755
104000151,478,212,266
104000152,1101,341,760
104000153,1560,1169,391
104000154,752,250,502
104000155,1063,1597,-534
104000157,3188,1200,1988
104000158,210,728,-518
104000159,1464,1140,324
104000160,2573,4286,-1713
104000161,428,211,217
104000162,214,236,-22
104000165,1415,1110,305
104000167,1347,2809,-1462
104000168,2075,18,2057
104000169,424,137,287
104000170,384,488,-104
104000248,662,1131,-469
104000251,197,248,-51
104000272,0,0,0
104000273,0,0,0
104000274,0,0,0
104000275,0,0,0
104000279,894,738,156
104000290,103,755,-652
104000291,793,2664,-1871
104000293,2927,2111,816
104000294,233,0,233
104000295,1367,1671,-304
104000296,961,965,-4
104000297,1652,3455,-1803
104000298,2401,1201,1200
104000299,2075,1324,751
104900001,216,350,-134
104900002,101,465,-364
104900003,134,175,-41
104900004,122,90,32
104900005,1049,430,619
104900006,1753,85,1668
104900007,1057,223,834
104900009,354,189,165
104900010,168,31,137
104900011,26,266,-240
104900012,484,106,378
104900013,147,7,140
104900014,2084,500,1584
104900015,154,10,144
104900016,409,241,168
104900017,248,296,-48
104900018,14,148,-134
104900019,371,10218,-9847
104900020,111,365,-254
104900021,1,25,-24
104900022,63,750,-687
104900023,3,35,-32
104900024,44,580,-536
104900025,166,257,-91
104900026,3,54,-51
104900027,1085,584,501
104900028,38,249,-211
104900029,37,31,6
104900030,1084,277,807
104900031,81,452,-371
104900032,160,84,76
104900033,438,232,206
104900034,647,307,340
104900035,745,444,301
104900036,659,82,577
104900037,430,295,135
104900038,252,2975,-2723
104900039,435,516,-81
104900040,1064,94,970
104900041,766,216,550
104900042,313,389,-76
104900043,57,620,-563
104900044,1793,176,1617
104900045,530,98,432
104900046,1196,125,1071
104900047,876,196,680
104900048,777,110,667
104900049,190,46,144
104900050,932,105,827
104900051,639,103,536
104900052,279,16,263
104900053,1079,151,928
104900054,386,61,325
104900055,473,2,471
104900056,562,28,534
104900057,139,0,139
104900058,697,1232,-535
104900059,243,126,117
104900060,0,561,-561
104900061,211,235,-24
104900063,1,571,-570
104900064,1,197,-196
104900065,1,593,-592
104900066,0,68,-68
104900067,12,464,-452
104900068,179,326,-147
104900070,108,285,-177
104900071,2,625,-623
104900072,96,221,-125
104900073,261,121,140
104900074,123,138,-15
104900075,172,49,123
104900076,341,192,149
104900077,672,303,369
104900078,336,193,143
104900079,362,2787,-2425
104900080,332,309,23
104900082,6,280,-274
104900085,13,248,-235
104900087,721,16,705
104900089,697,0,697
104900090,2681,1863,818
104900091,778,692,86
104900093,257,370,-113
104900097,2164,7066,-4902
104900098,646,68,578
104900099,91,1846,-1755
104900100,664,216,448
104900102,90,85,5
104900103,460,116,344
104900104,2420,2549,-129
104900106,794,257,537
104900107,104,228,-124
104900108,87,261,-174
104900109,237,288,-51
104900110,38,109,-71
104900111,895,109,786
104900112,915,349,566
104900113,1608,279,1329
104900114,1386,568,818
104900115,2070,253,1817
104900116,1433,293,1140
104900118,43,110,-67
104900119,3,150,-147
104900120,23,1702,-1679
104900121,0,20,-20
104900122,2,32,-30
104900123,189,24,165
104900124,189,2,187
104900125,818,6,812
104900126,41,59,-18
104900127,75,49,26
104900128,188,152,36
104900129,1195,5632,-4437
105000001,5626,1963,3663
105000002,4517,3730,787
105000003,4484,7979,-3495
105000004,2068,1570,498
105000005,2706,2870,-164
105000006,2298,4496,-2198
105000007,2862,5074,-2212
105000008,1524,6516,-4992
105000009,4615,6622,-2007
105000010,3972,1580,2392
105000011,4945,5863,-918
105000012,3079,2471,608
105000013,2069,2532,-463
105000014,6583,6470,113
105000015,12846,25151,-12305
105000016,1144,1347,-203
105000017,2052,1450,602
105000018,929,3587,-2658
105000019,1585,1827,-242
105000020,125,1133,-1008
105000021,475,406,69
105000022,169,250,-81
105000023,2156,312,1844
105000028,20,125,-105
105000029,978,2507,-1529
105000030,4875,2832,2043
105000033,1818,1518,300
105000034,246,2596,-2350
105000037,1154,336,818
105000038,1783,2937,-1154
105000039,1531,1358,173
105000040,1458,2739,-1281
105000041,453,893,-440
105000042,3226,2236,990
105000043,1293,1742,-449
105000044,1241,607,634
105000045,390,410,-20
105000046,2216,451,1765
105000047,971,452,519
105000048,2119,558,1561
105000049,520,633,-113
105000050,1563,927,636
105000051,303,431,-128
105000052,1267,2336,-1069
105000053,276,294,-18
105000054,749,2500,-1751
105000055,1233,499,734
105000056,3215,2984,231
105000057,2660,1100,1560
105000058,2410,1528,882
105000059,2041,1370,671
105000060,814,549,265
105000061,3218,1253,1965
105000062,984,837,147
105000063,687,691,-4
105000064,5008,1629,3379
105000065,756,889,-133
105000066,1539,2417,-878
105000067,3328,2386,942
105000068,562,1960,-1398
105000069,2435,5955,-3520
105000070,1038,2564,-1526
105000071,314,4156,-3842
105000072,2255,11617,-9362
105000073,2511,1770,741
105000074,904,783,121
105000075,1005,1039,-34
105000076,1986,2270,-284
105000077,4267,1535,2732
105000078,1287,2435,-1148
105000079,1455,3759,-2304
105000080,3376,4887,-1511
105000081,1916,2102,-186
105000082,1284,2916,-1632
105000083,3450,5304,-1854
105000084,977,1279,-302
105000085,4234,4117,117
105000086,1436,1621,-185
105000087,4646,3999,647
105000088,3553,5091,-1538
105000089,3101,2160,941
105000090,873,728,145
105000091,1290,1795,-505
105000092,868,1377,-509
105000093,568,737,-169
105000094,433,284,149
105000095,403,1500,-1097
105000096,2372,4184,-1812
105000097,652,1061,-409
105000098,2475,3178,-703
105000099,985,2389,-1404
105000100,3791,1774,2017
105000101,5021,2100,2921
105000102,3326,2152,1174
105000103,2031,2955,-924
105000104,4258,2167,2091
105000105,2319,2292,27
105000106,2919,1531,1388
105000107,3217,1369,1848
105000108,3032,1623,1409
105000109,5045,1504,3541
105000110,1830,737,1093
105000111,2866,674,2192
105000112,2034,806,1228
105000113,846,1516,-670
105000114,2350,2280,70
105000115,650,4033,-3383
105000116,2474,1378,1096
105000117,1376,708,668
105000118,1995,833,1162
105000119,972,646,326
105000120,3108,960,2148
105000121,1905,703,1202
105000122,773,1126,-353
105000123,995,868,127
105000124,4360,1293,3067
105000125,2049,1705,344
105000126,4147,2843,1304
105000127,5652,2560,3092
105000128,1646,2568,-922
105000129,2823,675,2148
105000130,334,6239,-5905
105000131,624,317,307
105000132,2690,1517,1173
105000133,827,1059,-232
105000134,2559,842,1717
105000135,518,630,-112
105000136,191,178,13
105000137,1373,276,1097
105000138,297,204,93
105000139,1381,630,751
105000140,869,563,306
105000141,908,427,481
105000142,794,732,62
105000143,268,656,-388
105000144,588,726,-138
105000145,1544,529,1015
105000146,765,988,-223
105000147,1193,904,289
105000148,1122,1794,-672
105000149,5166,3617,1549
105000150,2008,1265,743
105000151,1359,775,584
105000152,343,845,-502
105000153,1703,908,795
105000154,1036,869,167
105000155,609,835,-226
105000156,601,1222,-621
105000157,1289,2014,-725
105000158,4733,1412,3321
105000159,565,1070,-505
105000160,6483,1444,5039
105000161,1286,1321,-35
105000162,1294,5667,-4373
105000163,1738,1851,-113
105000164,255,868,-613
105000165,2309,19217,-16908
105000166,8635,3367,5268
105000167,2209,6621,-4412
105000168,697,813,-116
105000169,1963,201,1762
105000170,643,1883,-1240
105000171,2657,389,2268
105000172,733,57,676
105000173,878,75,803
105000174,260,65,195
105000175,205,89,116
105000176,1416,161,1255
105000177,986,578,408
105000178,649,373,276
105000179,2207,189,2018
105000180,649,176,473
105000181,453,265,188
105000182,139,104,35
105000183,3813,4716,-903
105000184,413,1628,-1215
105000185,920,1818,-898
105000186,760,1162,-402
105000187,1423,834,589
105000188,146,877,-731
105000189,111,1097,-986
105000190,420,666,-246
105000191,677,691,-14
105000192,999,86,913
105000193,112,396,-284
105000194,1254,85,1169
105000195,975,1188,-213
105000196,110,399,-289
105000197,328,768,-440
105000198,603,313,290
105000199,100,727,-627
105000200,221,655,-434
105000201,154,140,14
105000203,94,147,-53
105000204,153,61,92
105000205,150,141,9
105000207,360,92,268
105000208,264,651,-387
105000209,297,203,94
105000212,2200,719,1481
105000213,111,307,-196
105000214,204,338,-134
105000215,481,248,233
105000216,478,74,404
105000217,488,193,295
105000218,4159,1607,2552
105000221,296,518,-222
105000222,692,789,-97
105000223,946,730,216
105000226,288,286,2
105000227,133,257,-124
105000228,186,2834,-2648
105000229,323,1523,-1200
105000231,943,357,586
105000233,1858,1680,178
105000234,666,906,-240
105000235,919,1484,-565
105000237,3010,211,2799
105000243,129,69,60
105000248,73,217,-144
105000262,1321,550,771
105000269,336,241,95
105000270,1277,49,1228
105000271,0,326,-326
105000282,117,114,3
105000287,357,235,122
105000288,1572,852,720
105000289,902,2584,-1682
105000290,51,42,9
105000402,2547,8258,-5711
105000426,389,811,-422
105000438,1340,1678,-338
105000446,9538,4924,4614
105000447,2426,1656,770
105000454,1798,262,1536
105000455,301,159,142
105000474,208,1,207
105000477,2255,930,1325
105000478,4341,9740,-5399
105000479,211,414,-203
105000480,6611,11949,-5338
105000481,8076,8729,-653
105000482,3199,4239,-1040
105000483,3854,6487,-2633
105000484,2792,2921,-129
105000485,1782,5811,-4029
105000486,2383,3162,-779
105000488,4039,2431,1608
105000489,3177,1681,1496
105000549,200,709,-509
105000550,488,1315,-827
105000551,38,207,-169
105000552,3498,1767,1731
105900001,18,4897,-4879
105900002,1090,2592,-1502
105900003,10,300,-290
105900004,389,101,288
105900005,488,673,-185
105900006,42,246,-204
105900007,107,178,-71
105900008,269,233,36
105900009,158,64,94
105900011,469,64,405
105900012,979,140,839
105900013,8,56,-48
105900014,2,117,-115
105900015,142,476,-334
105900016,1468,435,1033
105900017,3349,53,3296
105900018,212,206,6
105900019,235,341,-106
105900020,100,134,-34
105900021,113,861,-748
105900022,533,496,37
105900023,34,190,-156
105900024,11,554,-543
105900025,499,7,492
105900026,328,11,317
105900027,23855,7550,16305
105900028,386,1744,-1358
105900029,2624,399,2225
105900030,510,571,-61
105900031,919,286,633
105900032,234,211,23
105900033,164,266,-102
105900034,1087,530,557
105900035,886,431,455
105900036,273,135,138
105900037,386,73,313
105900038,311,347,-36
105900039,532,88,444
105900040,285,153,132
105900041,255,370,-115
105900042,308,551,-243
105900043,2160,261,1899
105900044,2,928,-926
105900045,2,2812,-2810
105900046,4,372,-368
105900047,33,112,-79
105900048,268,646,-378
105900050,2232,13408,-11176
105900051,139,1712,-1573
105900052,2604,167,2437
105900053,4914,7425,-2511
105900054,390,426,-36
105900056,977,1153,-176
105900057,17,165,-148
105900058,43,38,5
105900059,0,337,-337
106000001,3015,3965,-950
106000002,1215,4109,-2894
106000003,5861,7273,-1412
106000004,2081,2426,-345
106000005,6730,6602,128
106000006,6608,1987,4621
106000007,733,562,171
106000008,553,421,132
106000009,720,343,377
106000010,522,536,-14
106000011,2887,1609,1278
106000012,1592,1139,453
106000013,3692,2490,1202
106000014,2369,1646,723
106000015,4248,1854,2394
106000016,2336,1938,398
106000017,1144,1462,-318
106000018,944,928,16
106000019,805,857,-52
106000020,651,618,33
106000021,521,844,-323
106000022,595,339,256
106000023,1449,972,477
106000024,1020,732,288
106000025,290,430,-140
106000026,143,255,-112
106000027,3066,2612,454
106000028,1539,476,1063
106000029,1288,981,307
106000030,364,1008,-644
106000034,281,560,-279
106000035,1452,2870,-1418
106000036,216,550,-334
106000037,1969,1841,128
106000038,119,353,-234
106000039,66,367,-301
106000040,169,1111,-942
106000041,1029,628,401
106000043,597,381,216
106000046,816,170,646
106000047,36,875,-839
106000049,2157,409,1748
106000050,398,1087,-689
106000051,1769,1064,705
106000052,385,492,-107
106000053,932,233,699
106000054,593,366,227
106000055,1690,1174,516
106000056,677,450,227
106000057,957,498,459
106000058,419,201,218
106000059,864,691,173
106000060,684,515,169
106000061,402,1529,-1127
106000062,289,512,-223
106000063,1605,1442,163
106000064,31,547,-516
106000065,872,335,537
106000066,236,751,-515
106000067,1068,157,911
106000068,235,936,-701
106000069,875,186,689
106000070,581,887,-306
106000071,1257,474,783
106000072,4786,2055,2731
106000073,2564,9891,-7327
106000074,1184,1286,-102
106000075,721,1877,-1156
106000076,2314,2562,-248
106000077,2728,1269,1459
106000078,2587,922,1665
106000079,1657,1209,448
106000080,2243,837,1406
106000081,1864,1234,630
106000082,2606,914,1692
106000083,653,1477,-824
106000084,1341,734,607
106000085,2553,1939,614
106000086,981,1071,-90
106000087,1421,510,911
106000088,782,947,-165
106000089,2268,422,1846
106000090,617,953,-336
106000091,324,651,-327
106000092,2660,569,2091
106000093,1041,252,789
106000094,56,558,-502
106000095,1996,1442,554
106000096,2659,886,1773
106000097,2638,1333,1305
106000098,2352,1073,1279
106000099,371,971,-600
106000100,2817,299,2518
106000101,1705,605,1100
106000102,147,1232,-1085
106000103,408,1067,-659
106000104,1798,595,1203
106000105,794,1000,-206
106000106,1862,533,1329
106000107,201,294,-93
106000108,830,215,615
106000109,432,181,251
106000110,816,247,569
106000111,339,288,51
106000112,734,1572,-838
106000113,1054,717,337
106000114,1064,2199,-1135
106000115,689,496,193
106000116,648,336,312
106000117,1708,792,916
106000118,2672,2019,653
106000119,1660,744,916
106000120,1904,2906,-1002
106000121,916,412,504
106000122,549,67,482
106000123,1818,253,1565
106000124,380,124,256
106000125,139,244,-105
106000126,890,99,791
106000127,3483,971,2512
106000128,2342,306,2036
106000129,1751,612,1139
106000130,2352,647,1705
106000131,312,1384,-1072
106000132,1512,386,1126
106000133,3368,3488,-120
106000134,992,6426,-5434
106000135,324,1090,-766
106000136,1479,3161,-1682
106000137,136,1351,-1215
106000138,4718,200,4518
106000139,296,83,213
106000140,26,109,-83
106000141,234,72,162
106000142,284,144,140
106000143,81,34,47
106000144,74,201,-127
106000145,1098,185,913
106000146,772,306,466
106000147,839,645,194
106000148,854,788,66
106000149,1431,518,913
106000150,1524,3885,-2361
106000151,5908,1013,4895
106000152,1518,4710,-3192
106000153,224,2912,-2688
106000154,1921,313,1608
106000155,451,544,-93
106000156,3709,392,3317
106000157,1434,2809,-1375
106000158,2279,993,1286
106000159,4589,4227,362
106000160,1399,7859,-6460
106000161,1629,444,1185
106000162,762,2847,-2085
106000163,824,366,458
106000164,1501,415,1086
106000165,551,863,-312
106000166,2469,578,1891
106000167,883,1725,-842
106000168,1963,595,1368
106000169,563,758,-195
106000170,2307,826,1481
106000171,443,1708,-1265
106000172,3790,2789,1001
106000173,1224,4394,-3170
106000174,2373,551,1822
106000175,377,698,-321
106000176,4338,1427,2911
106000177,1652,2669,-1017
106000178,4725,2021,2704
106000179,1105,1937,-832
106000180,1212,774,438
106000181,2973,1691,1282
106000182,3951,782,3169
106000183,4011,470,3541
106000184,2812,915,1897
106000185,3321,2866,455
106000186,593,115,478
106000187,246,2295,-2049
106000188,1,4,-3
106000189,30,116,-86
106000190,54,9,45
106000191,997,242,755
106000192,4,11,-7
106000193,620,325,295
106000194,263,627,-364
106000195,445,487,-42
106000196,163,966,-803
106000197,1626,583,1043
106000198,379,347,32
106000199,1304,2191,-887
106000200,868,447,421
106000201,717,11464,-10747
106000202,4733,1005,3728
106000203,46,254,-208
106000204,104,9,95
106000205,10,167,-157
106000206,192,35,157
106000207,13,303,-290
106000208,4285,335,3950
106000209,4037,798,3239
106000210,606,803,-197
106000211,236,1496,-1260
106000212,2300,760,1540
106000213,310,1483,-1173
106000214,2344,803,1541
106000215,592,607,-15
106000216,1346,625,721
106000217,220,561,-341
106000218,600,367,233
106000219,303,312,-9
106000220,889,318,571
106000221,725,172,553
106000222,200,189,11
106000223,859,249,610
106000224,604,100,504
106000225,256,223,33
106000226,119,279,-160
106000228,106,158,-52
106000229,341,826,-485
106000231,2124,159,1965
106000232,155,447,-292
106000233,976,937,39
106000234,113,810,-697
106000235,586,811,-225
106000236,173,721,-548
106000237,1,35,-34
106000238,10,88,-78
106000239,2,164,-162
106000240,52,17,35
106000241,12,911,-899
106000242,735,33,702
106000249,263,97,166
106000250,225,1478,-1253
106000251,318,26,292
106000252,76,159,-83
106000253,143,102,41
106000254,298,53,245
106000255,128,274,-146
106000256,223,18,205
106000257,193,248,-55
106000258,198,269,-71
106000259,1,333,-332
106000260,108,19,89
106000261,5,127,-122
106000262,183,37,146
106000263,59,107,-48
106000264,325,29,296
106000265,57,261,-204
106000266,223,44,179
106000267,27,192,-165
106000268,409,60,349
106000269,54,88,-34
106000270,121,268,-147
106000271,150,159,-9
106000272,283,103,180
106000273,19,301,-282
106000274,222,60,162
106000275,413,299,114
106000276,116,25,91
106000277,189,302,-113
106000278,192,28,164
106000279,59,18,41
106000280,304,53,251
106000281,125,34,91
106000282,185,125,60
106000283,283,69,214
106000284,345,165,180
106000285,222,115,107
106000286,251,101,150
106000287,205,57,148
106000288,208,186,22
106000289,253,112,141
106000290,277,110,167
106000291,223,113,110
106000292,270,117,153
106000293,199,141,58
106000294,144,43,101
106000295,103,137,-34
106000296,56,70,-14
106000297,81,304,-223
106000298,88,231,-143
106000299,103,94,9
106000300,49,140,-91
106000301,132,237,-105
106000303,97,69,28
106000304,128,30,98
106000305,93,35,58
106000306,87,41,46
106000307,279,32,247
106000308,91,124,-33
106000309,41,58,-17
106000310,690,429,261
106000311,941,254,687
106000312,241,224,17
106000313,700,170,530
106000318,128,636,-508
106000319,4593,603,3990
106000320,1,153,-152
106000321,272,461,-189
106000322,718,60,658
106000324,101,131,-30
106000325,3299,1303,1996
106000326,1376,1556,-180
106000327,559,147,412
106000328,18,609,-591
106000329,97,816,-719
106000330,82,348,-266
106000428,122,419,-297
106000429,156,271,-115
106000430,447,1977,-1530
106000431,3903,562,3341
106000432,1143,3118,-1975
106000433,3376,1531,1845
106000434,6157,1758,4399
106000435,1569,2594,-1025
106000436,13,247,-234
106000437,1037,124,913
106000438,418,889,-471
106000439,140,1716,-1576
106000440,340,731,-391
106000441,4,4,0
106000442,755,17,738
106000443,595,203,392
106000450,8,109,-101
106000451,37,274,-237
106000454,27,183,-156
106000455,8,143,-135
106000456,143,37,106
106000457,80,735,-655
106000458,2350,132,2218
106000459,988,111,877
106000460,3592,85,3507
106000461,774,322,452
106000462,6,80,-74
106000463,6,15,-9
106000464,6,253,-247
106000465,1489,7,1482
106000466,20,237,-217
106000467,186,363,-177
106000468,312,246,66
106000469,215,5,210
106000470,316,4434,-4118
106000471,14,387,-373
106000472,344,9,335
106000473,144,6,138
106000474,576,805,-229
106000475,790,285,505
106000476,259,363,-104
106000477,63,17,46
106900001,0,10,-10
106900002,1,288,-287
106900003,115,2558,-2443
106900004,0,32,-32
106900006,0,31,-31
106900007,0,22,-22
106900008,1718,113,1605
106900009,1314,204,1110
106900010,807,353,454
106900012,1926,6569,-4643
106900013,1437,348,1089
106900014,232,13,219
106900015,51,4,47
106900016,1002,46,956
106900017,90,1,89
106900018,21,3,18
106900019,405,5,400
106900020,3283,5638,-2355
106900021,273,160,113
106900022,2906,4,2902
106900023,174,155,19
106900024,1227,131,1096
106900025,32,784,-752
106900026,1,202,-201
106900027,2014,5,2009
107000001,5100,6758,-1658
107000002,2023,2401,-378
107000003,15422,12188,3234
107000004,5422,2117,3305
107000005,15986,11002,4984
107000006,4934,2902,2032
107000007,10534,12500,-1966
107000008,5694,3367,2327
107000009,16415,11480,4935
107000010,7745,4438,3307
107000011,1176,1800,-624
107000012,3259,3603,-344
107000013,203,51,152
107000014,244,106,138
107000015,730,412,318
107000016,1809,515,1294
107000017,985,2358,-1373
107000018,12,2517,-2505
107000020,997,2336,-1339
107000021,1710,596,1114
107000022,1372,3258,-1886
107000023,2907,339,2568
107000024,609,4484,-3875
107000025,757,436,321
107000026,378,690,-312
107000027,3009,866,2143
107000028,2485,784,1701
107000029,7513,4245,3268
107000030,3531,2109,1422
107000031,10362,4596,5766
107000032,407,949,-542
107000033,3644,6175,-2531
107000034,5662,1666,3996
107000035,889,418,471
107000036,643,2465,-1822
107000037,154,1160,-1006
107000038,420,415,5
107000039,1924,1917,7
107000040,759,289,470
107000041,1886,1219,667
107000042,913,3650,-2737
107000043,2389,1154,1235
107000044,443,500,-57
107000045,101,696,-595
107000046,1158,674,484
107000047,755,1342,-587
107000048,1123,615,508
107000049,665,943,-278
107000050,1154,841,313
107000051,441,578,-137
107000052,1775,2803,-1028
107000053,688,897,-209
107000054,43,171,-128
107000055,125,227,-102
107000056,822,608,214
107000057,1723,165,1558
107000058,2820,5077,-2257
107000059,3099,3391,-292
107000060,9974,9102,872
107000061,5956,3198,2758
107000062,11549,5968,5581
107000063,5420,3529,1891
107000064,10111,7841,2270
107000065,4029,6694,-2665
107000066,2620,5203,-2583
107000067,2614,2220,394
107000068,1100,1813,-713
107000069,2075,1385,690
107000070,2211,8,2203
107000071,7843,80,7763
107000072,25,1217,-1192
107000073,2390,1315,1075
107000074,78,580,-502
107000075,4064,631,3433
107000076,335,970,-635
107000077,5862,1146,4716
107000078,746,1723,-977
107000079,5045,1605,3440
107000080,699,1887,-1188
107000081,5269,1088,4181
107000082,1280,814,466
107000083,2829,1611,1218
107000084,356,1006,-650
107000085,4872,4715,157
107000086,3831,2785,1046
107000087,6206,4663,1543
107000088,4522,5333,-811
107000089,3736,4917,-1181
107000090,2401,1375,1026
107000091,3319,2176,1143
107000092,1760,1188,572
107000093,2543,2151,392
107000094,1666,1338,328
107000095,2710,1334,1376
107000096,1243,706,537
107000097,1060,914,146
107000098,420,996,-576
107000099,965,832,133
107000100,368,679,-311
107000101,253,512,-259
107000102,442,495,-53
107000103,667,513,154
107000104,309,466,-157
107000105,1103,459,644
107000106,272,371,-99
107000107,1715,340,1375
107000108,287,698,-411
107000109,2166,358,1808
107000110,109,227,-118
107000111,1199,107,1092
107000112,80,197,-117
107000113,1997,247,1750
107000114,67,451,-384
107000115,1642,1256,386
107000116,137,996,-859
107000117,271,5023,-4752
107000118,114,260,-146
107000119,2179,2494,-315
107000120,1259,1887,-628
107000121,1583,1096,487
107000122,1331,939,392
107000123,1078,789,289
107000124,1153,508,645
107000125,2699,714,1985
107000126,3151,329,2822
107000129,798,475,323
107000130,1915,675,1240
107000131,608,624,-16
107000132,1115,576,539
107000133,473,178,295
107000134,350,3,347
107000135,19,546,-527
107000136,788,8,780
107000137,24,716,-692
107000138,253,38,215
107000139,11,1019,-1008
107000140,3130,97,3033
107000141,165,1209,-1044
107000142,1001,107,894
107000143,68,2020,-1952
107000144,1116,1146,-30
107000145,268,820,-552
107000146,324,637,-313
107000147,5313,946,4367
107000150,798,7684,-6886
107000151,17,84,-67
107000152,1478,4488,-3010
107000153,128,291,-163
107000154,27,326,-299
107000155,1726,24,1702
107000156,2164,21,2143
107000157,74,692,-618
107000158,1849,52,1797
107000159,18,476,-458
107000160,3690,282,3408
107000161,156,462,-306
107000162,704,1528,-824
107000163,520,6,514
107000164,2213,13,2200
107000165,3025,25,3000
107000166,82,309,-227
107000167,1855,490,1365
107000168,1941,1057,884
107000169,457,480,-23
107000170,6642,1479,5163
107000171,983,1060,-77
107000172,2628,3432,-804
107000173,635,582,53
107000174,2554,11759,-9205
107000175,5108,1058,4050
107000176,0,5,-5
107000177,8,0,8
107000178,139,24,115
107000179,1021,1488,-467
107000180,4105,574,3531
107000181,690,819,-129
107000182,4580,924,3656
107000183,442,788,-346
107000184,2918,1129,1789
107000185,609,1493,-884
107000186,1798,679,1119
107000187,2254,2072,182
107000188,1078,576,502
107000189,1533,1147,386
107000190,1531,750,781
107000191,1521,1365,156
107000192,2796,819,1977
107000193,705,1134,-429
107000194,887,789,98
107000197,1760,517,1243
107000198,483,904,-421
107000199,1699,1196,503
107000200,1807,1434,373
107000201,939,633,306
107000202,677,714,-37
107000203,712,2085,-1373
107000204,611,2877,-2266
107000205,1371,1015,356
107000206,827,2030,-1203
107000207,493,956,-463
107000208,592,467,125
107000209,870,1436,-566
107000210,163,250,-87
107000211,14,82,-68
107000212,17,171,-154
107000213,10,30,-20
107000214,29,124,-95
107000215,1256,306,950
107000216,975,466,509
107000217,376,622,-246
107000219,163,375,-212
107000220,177,190,-13
107000222,558,366,192
107000224,1219,498,721
107000225,241,454,-213
107000226,1112,493,619
107000227,217,248,-31
107000228,461,976,-515
107000229,109,260,-151
107000230,2432,902,1530
107000231,801,2005,-1204
107000232,183,34,149
107000233,299,872,-573
107000234,7,172,-165
107000235,161,65,96
107000236,26,803,-777
107000237,83,1,82
107000238,85,3,82
107000239,2495,1206,1289
107000240,330,416,-86
107000241,44,9,35
107000242,261,33,228
107000243,0,101,-101
107000244,6,208,-202
107000246,3,691,-688
107000249,1,793,-792
107000251,0,309,-309
107000252,3,577,-574
107000255,407,568,-161
107000257,3,1290,-1287
107000258,4,280,-276
107000259,18,267,-249
107000260,4118,23,4095
107000262,213,267,-54
107000263,917,19,898
107000266,38,70,-32
107000267,39,209,-170
107000268,390,124,266
107000269,121,11,110
107000270,460,120,340
107000271,16,0,16
107000272,171,0,171
107000273,8,250,-242
107000274,787,279,508
107000275,18,1265,-1247
107000280,2810,44,2766
107000281,38,424,-386
107000282,37,541,-504
107000290,13,96,-83
107000291,72,13,59
107000292,2,541,-539
107000293,32,21,11
107000294,1,278,-277
107000295,77,17,60
107000296,0,28,-28
107000444,416,4,412
107000496,29,6,23
107000497,1289,1502,-213
107000500,811,747,64
107000501,196,301,-105
107000502,489,1136,-647
107000505,564,1142,-578
107000506,0,11,-11
107000508,7,198,-191
107000509,241,1048,-807
107000510,73,220,-147
107000514,105,739,-634
107000515,14,56,-42
107000516,1038,779,259
107000518,3567,5487,-1920
107000519,1483,680,803
107000520,293,203,90
107900001,286,43,243
107900002,120,8,112
107900003,1922,33,1889
107900004,571,9,562
107900005,5154,12,5142
107900006,439,15,424
107900007,838,86,752
107900008,63,4,59
107900009,183,9,174
107900010,159,13,146
107900012,283,53,230
107900013,475,31,444
107900014,317,12,305
107900015,3658,23,3635
107900016,646,111,535
107900017,181,7,174
107900018,98,698,-600
107900019,60,27,33
107900020,48,55,-7
107900021,395,46,349
107900023,11,0,11
107900024,1,21,-20
107900025,397,128,269
107900026,134,24,110
107900027,18,132,-114
107900028,663,21,642
107900030,456,58,398
107900031,257,94,163
107900032,35,12,23
107900033,45,29,16
107900034,524,55,469
107900035,3367,206,3161
107900036,123,74,49
107900037,0,10,-10
107900038,68,720,-652
107900039,53,14,39
107900040,6,385,-379
107900041,5,6,-1
107900043,248,123,125
107900044,39,37,2
107900045,250,101,149
107900046,688,569,119
107900047,110,30,80
107900048,577,44,533
107900049,740,2515,-1775
107900050,76,441,-365
107900051,101,29,72
107900052,41,113,-72
107900053,225,100,125
107900055,912,444,468
107900056,211,241,-30
107900057,13,0,13
107900058,51,837,-786
107900060,42,116,-74
107900061,4,28,-24
107900063,202,261,-59
107900064,286,1189,-903
107900065,1090,24,1066
107900066,77,22,55
107900067,3,0,3
107900068,175,1186,-1011
107900069,35,6251,-6216
107900070,294,291,3
107900071,38,425,-387
107900072,423,54,369
107900073,232,138,94
107900074,189,853,-664
107900076,283,62,221
107900077,321,5,316
107900078,268,153,115
107900079,61,44,17
107900080,97,1172,-1075
107900081,155,82,73
107900082,0,3,-3
107900083,829,236,593
107900084,357,266,91
107900086,39,620,-581
107900087,381,70,311
107900088,182,30,152
107900089,510,1049,-539
107900090,624,4492,-3868
107900091,150,155,-5
107900092,1986,250,1736
107900093,87,117,-30
107900095,1738,1901,-163
107900097,93,131,-38
107900098,214,967,-753
107900100,595,2623,-2028
107900101,543,59,484
107900102,143,13,130
107900103,145,188,-43
107900104,434,5,429
107900105,26,147,-121
107900106,1,370,-369
107900107,1256,477,779
107900108,374,100,274
107900109,4270,107,4163
107900110,263,47,216
107900111,2,355,-353
107900112,111,1101,-990
107900113,447,38,409
107900114,526,67,459
107900115,0,7,-7
107900116,639,84,555
107900117,435,286,149
107900118,45,176,-131
107900119,209,494,-285
107900120,116,48,68
107900121,7,189,-182
107900122,1,248,-247
107900123,36,253,-217
107900124,18,53,-35
107900125,21,293,-272
107900126,138,415,-277
107900127,718,385,333
107900128,116,168,-52
107900129,311,30,281
107900130,246,22,224
107900131,114,375,-261
107900132,96,333,-237
107900133,0,24,-24
107900134,66,157,-91
107900135,13,40,-27
107900136,63,18,45
107900137,143,206,-63
107900138,202,16,186
107900139,211,59,152
107900140,116,82,34
107900141,32,51,-19
107900142,126,515,-389
107900143,44,20,24
107900144,1,29,-28
107900145,10,66,-56
107900146,63,151,-88
107900147,31,28,3
107900148,261,177,84
107900149,732,59,673
107900150,124,388,-264
107900151,69,42,27
107900152,51,171,-120
107900153,213,373,-160
107900154,77,56,21
107900155,195,144,51
107900156,9,75,-66
107900157,36,101,-65
107900158,2612,98,2514
107900159,94,371,-277
107900160,242,63,179
107900161,409,66,343
107900162,3,77,-74
107900163,25,143,-118
107900164,47,67,-20
107900165,11,447,-436
107900166,124,57,67
107900167,22,99,-77
107900168,248,71,177
107900169,13,3397,-3384
107900171,243,468,-225
107900172,4,266,-262
107900173,106,30,76
107900174,381,3,378
107900175,9,162,-153
107900176,176,21,155
107900177,7,123,-116
107900178,0,203,-203
107900179,61,153,-92
107900180,410,2054,-1644
107900181,467,429,38
107900182,79,438,-359
107900183,155,92,63
107900184,310,384,-74
107900185,292,1,291
107900186,64,37,27
107900187,1,211,-210
107900188,763,126,637
107900189,149,155,-6
107900190,35,252,-217
107900191,138,247,-109
107900193,1,116,-115
107900194,392,25,367
107900195,1800,217,1583
107900196,142,53,89
107900197,299,472,-173
107900199,0,604,-604
107900201,276,169,107
107900203,69,57,12
107900204,287,384,-97
107900205,385,385,0
107900206,355,848,-493
107900207,1,437,-436
107900208,9,256,-247
107900209,434,124,310
107900210,49,88,-39
107900213,790,616,174
107900214,21,196,-175
107900215,296,686,-390
107900216,21,37,-16
107900217,95,82,13
107900218,23,1260,-1237
107900219,158,51,107
107900220,51,241,-190
107900221,225,365,-140
107900223,331,125,206
107900224,225,746,-521
107900225,3,561,-558
107900226,31,54,-23
107900227,186,454,-268
107900228,53,198,-145
107900229,205,85,120
107900230,88,32,56
107900231,66,81,-15
107900232,424,76,348
107900233,8,53,-45
107900234,593,168,425
107900235,67,218,-151
107900236,950,119,831
107900237,3,218,-215
107900238,72,23,49
107900239,454,1024,-570
107900240,161,50,111
107900241,14,28,-14
107900242,74,193,-119
107900243,6,34,-28
107900244,596,8,588
107900245,1931,99,1832
107900246,545,42,503
107900248,785,160,625
107900249,2271,323,1948
107900250,1,301,-300
107900251,58,710,-652
107900252,1521,70,1451
107900253,421,60,361
107900254,113,408,-295
107900255,229,68,161
107900256,777,1536,-759
107900257,921,243,678
107900258,242,52,190
107900259,43,7134,-7091
107900261,2,183,-181
107900262,126,96,30
107900264,812,26,786
107900265,328,368,-40
107900267,864,35,829
107900268,61,17,44
107900269,0,38,-38
107900270,2,0,2
107900271,6,90,-84
107900272,56,40,16
107900273,195,134,61
107900274,222,1,221
107900275,139,2,137
107900276,1,16,-15
107900277,0,42,-42
107900278,936,133,803
107900279,29,39,-10
107900280,3347,1823,1524
107900281,1297,13734,-12437
107900282,34,1681,-1647
107900283,949,1719,-770
107900284,1422,1210,212
107900285,235,29,206
107900286,63,34,29
107900287,871,147,724
107900290,3,1322,-1319
107900291,1027,37,990
107900292,370,95,275
107900293,163,214,-51
107900295,158,59,99
107900297,1,588,-587
107900298,876,725,151
107900299,3489,5143,-1654
107900300,134,1174,-1040
107900301,1792,1428,364
107900302,210,72,138
107900303,674,571,103
107900304,880,80,800
107900305,584,15,569
107900306,3,94,-91
107900307,11,316,-305
107900308,238,278,-40
107900309,137,0,137
107900310,64,0,64
107900311,9,563,-554
107900312,79,0,79
107900313,2,210,-208
107900314,6,208,-202
107900315,3,101,-98
107900316,16,3,13
107900317,126,5,121
107900318,3,281,-278
107900319,6,69,-63
107900320,0,59,-59
107900321,450,30,420
107900322,3,23,-20
107900323,15,116,-101
107900324,276,7,269
107900325,477,13,464
107900326,1204,132,1072
107900327,1,208,-207
107900328,51,0,51
107900329,65,602,-537
107900330,28,157,-129
107900331,1088,89,999
107900332,927,9,918
107900333,177,42,135
107900334,9,57,-48
107900335,51,174,-123
107900336,33,195,-162
107900337,615,1683,-1068
107900338,3,168,-165
107900339,2,16,-14
107900340,1,139,-138
107900341,152,3,149
107900342,268,148,120
107900343,105,4,101
107900344,8,213,-205
107900345,100,30,70
107900346,22,2,20
107900347,61,5,56
107900348,2,10,-8
107900349,92,4,88
107900350,23,279,-256
108000001,7430,6623,807
108000002,1995,1943,52
108000003,4523,5227,-704
108000004,12580,12619,-39
108000005,11068,8721,2347
108000006,4560,4674,-114
108000007,8767,8648,119
108000008,4597,4829,-232
108000009,10036,9035,1001
108000010,3162,5896,-2734
108000011,20100,16567,3533
108000012,11773,10403,1370
108000014,796,2015,-1219
108000015,1757,305,1452
108000016,462,528,-66
108000017,2327,498,1829
108000018,3198,1233,1965
108000019,1439,1063,376
108000020,1821,622,1199
108000021,392,1545,-1153
108000022,549,1048,-499
108000023,3190,501,2689
108000024,650,357,293
108000025,949,238,711
108000026,1360,643,717
108000027,1683,321,1362
108000028,1184,405,779
108000029,1276,468,808
108000030,811,389,422
108000031,248,1067,-819
108000032,4528,1183,3345
108000033,1016,837,179
108000034,3473,1001,2472
108000035,754,1666,-912
108000036,783,844,-61
108000037,4613,582,4031
108000038,6594,659,5935
108000039,692,1500,-808
108000040,4164,1575,2589
108000041,550,2116,-1566
108000042,917,124,793
108000043,379,263,116
108000044,1340,159,1181
108000045,504,224,280
108000046,3589,609,2980
108000047,564,668,-104
108000048,172,298,-126
108000049,1457,318,1139
108000050,117,266,-149
108000051,814,439,375
108000052,278,428,-150
108000053,700,481,219
108000054,391,1439,-1048
108000055,1785,1122,663
108000056,667,1642,-975
108000057,1117,2179,-1062
108000058,2697,8037,-5340
108000059,2586,1629,957
108000060,402,921,-519
108000061,145,224,-79
108000062,2478,1107,1371
108000063,772,666,106
108000064,629,297,332
108000065,997,600,397
108000066,3338,2183,1155
108000067,4640,1467,3173
108000068,1628,893,735
108000069,235,819,-584
108000070,3896,1348,2548
108000071,787,1437,-650
108000072,2247,1252,995
108000073,1188,1268,-80
108000074,1196,1054,142
108000075,632,544,88
108000076,1521,1004,517
108000077,822,583,239
108000078,4389,1392,2997
108000079,851,962,-111
108000080,3545,809,2736
108000081,1289,824,465
108000082,830,1451,-621
108000083,3497,1212,2285
108000084,721,1334,-613
108000085,2628,1167,1461
108000086,571,632,-61
108000087,242,4207,-3965
108000088,494,31,463
108000089,525,692,-167
108000090,1295,487,808
108000091,211,617,-406
108000092,610,242,368
108000093,627,510,117
108000094,2136,259,1877
108000095,352,484,-132
108000096,1164,409,755
108000097,302,521,-219
108000098,5041,1709,3332
108000099,541,120,421
108000100,132,432,-300
108000101,2089,2399,-310
108000102,2412,4906,-2494
108000106,1594,5,1589
108000107,2,1287,-1285
108000108,1322,137,1185
108000109,3,531,-528
108000110,1040,538,502
108000111,514,1213,-699
108000112,110,343,-233
108000113,540,322,218
108000115,402,516,-114
108000117,720,636,84
108000118,48,812,-764
108000119,878,367,511
108000120,386,1670,-1284
108000121,517,630,-113
108000122,1761,671,1090
108000123,1502,478,1024
108000124,692,1290,-598
108000125,1314,292,1022
108000126,423,385,38
108000127,1652,415,1237
108000128,1623,316,1307
108000129,569,1254,-685
108000130,1089,535,554
108000131,1162,274,888
108000132,676,874,-198
108000133,2095,521,1574
108000134,909,333,576
108000135,2109,1431,678
108000136,752,593,159
108000137,1018,246,772
108000138,1052,696,356
108000139,1359,238,1121
108000140,1029,17,1012
108000141,201,27,174
108000142,122,80,42
108000143,117,28,89
108000144,244,7,237
108000145,146,8,138
108000146,340,36,304
108000147,59,12,47
108000148,258,62,196
108000149,50,11,39
108000150,147,17,130
108000151,20,6,14
108000152,263,217,46
108000153,1728,181,1547
108000154,87,7,80
108000155,71,63,8
108000156,361,255,106
108000157,464,3676,-3212
108000158,127,1815,-1688
108000159,241,395,-154
108000160,2302,2465,-163
108000161,2516,9217,-6701
108000165,3,814,-811
108000172,7,528,-521
108000173,784,3698,-2914
108000175,864,212,652
108000178,466,399,67
108000179,220,1506,-1286
108000181,117,38,79
108000182,128,15,113
108000183,14,23,-9
108000184,849,5549,-4700
108000185,757,407,350
108000186,536,182,354
108000187,420,352,68
108000188,1870,173,1697
108000189,507,3323,-2816
108000190,42,108,-66
108000192,624,159,465
108000193,539,27,512
108000194,28,23,5
108000195,8,1149,-1141
108000196,449,501,-52
108000198,1029,113,916
108000199,1,438,-437
108000200,1377,401,976
108000202,2,568,-566
108000203,628,422,206
108000204,332,113,219
108000205,241,447,-206
108000339,1410,642,768
108000364,83,330,-247
108000365,70,700,-630
108000367,442,238,204
108000368,43,88,-45
108000369,721,126,595
108000371,3,625,-622
108000372,1369,15,1354
108000373,356,92,264
108000376,256,19,237
108000377,1480,98,1382
108000378,12639,22030,-9391
108000379,25,458,-433
108000381,331,10,321
108000382,110,0,110
108000383,0,338,-338
108900001,24,494,-470
108900002,458,81,377
108900003,164,709,-545
108900004,6,891,-885
108900005,88,638,-550
108900006,1657,406,1251
108900007,700,232,468
108900008,386,146,240
108900009,304,239,65
108900010,719,211,508
108900011,1821,267,1554
108900012,923,403,520
108900013,257,674,-417
108900014,84,121,-37
108900015,1,370,-369
108900016,7,217,-210
108900017,225,1040,-815
108900018,268,585,-317
108900019,60,418,-358
108900020,49,157,-108
108900021,232,182,50
108900022,327,63,264
108900023,7,186,-179
108900024,123,47,76
108900025,648,74,574
108900026,38,28,10
108900027,3,50,-47
108900028,209,128,81
108900029,156,246,-90
108900030,0,34,-34
108900031,414,106,308
108900032,11,214,-203
108900033,1,83,-82
108900034,0,24,-24
108900035,592,434,158
108900036,339,390,-51
108900037,65,226,-161
108900038,0,91,-91
108900039,0,84,-84
108900040,8,40,-32
108900041,6712,4704,2008
108900042,9,507,-498
108900043,79,1008,-929
108900044,0,107,-107
108900045,225,143,82
108900046,18,187,-169
108900047,1,160,-159
108900048,210,295,-85
108900049,1447,5294,-3847
108900050,5,85,-80
108900051,1,85,-84
108900052,55,56,-1
108900053,200,1093,-893
108900054,110,126,-16
108900055,49,457,-408
108900056,1,40,-39
108900057,0,140,-140
108900058,111,79,32
108900059,2153,105,2048
108900060,131,284,-153
108900061,115,18,97
108900062,5,217,-212
108900063,34,104,-70
108900064,869,27,842
108900065,58,113,-55
108900066,1058,236,822
108900067,7,240,-233
108900068,0,34,-34
108900069,275,32,243
108900070,48,57,-9
108900071,301,93,208
108900072,1862,311,1551
108900073,18,129,-111
108900074,965,116,849
108900075,19,19,0
108900076,984,56,928
108900077,112,239,-127
108900078,139,47,92
108900079,327,326,1
108900080,9,1928,-1919
108900081,112,372,-260
108900082,193,20,173
108900083,16,553,-537
108900084,386,226,160
108900085,1829,260,1569
108900086,375,54,321
108900087,107,333,-226
108900088,1112,698,414
108900089,17,213,-196
108900090,275,76,199
108900091,186,123,63
108900092,778,552,226
108900093,167,185,-18
108900094,818,338,480
108900095,20,453,-433
108900096,354,9,345
108900097,390,138,252
108900098,1865,2508,-643
108900099,963,169,794
108900100,115,102,13
108900101,435,968,-533
108900102,31,2508,-2477
108900103,253,355,-102
108900104,86,434,-348
108900105,25,4723,-4698
108900106,1006,185,821
108900108,534,51,483
108900109,145,156,-11
108900110,443,197,246
108900111,1070,228,842
108900112,782,56,726
108900113,90,142,-52
108900114,2,24,-22
108900115,386,323,63
108900116,248,28,220
108900117,505,34,471
108900118,1458,60,1398
108900119,966,41,925
108900120,320,421,-101
108900121,399,233,166
108900122,585,50,535
108900123,656,199,457
108900124,2093,365,1728
108900125,1944,26,1918
108900126,368,180,188
108900127,612,82,530
108900128,465,93,372
108900129,2640,249,2391
108900130,1852,12,1840
108900131,1029,14,1015
108900132,1494,167,1327
108900133,773,82,691
108900134,1354,210,1144
108900135,794,23,771
108900136,45,1,44
108900137,681,13,668
108900138,2434,166,2268
108900139,1425,182,1243
108900140,1347,69,1278
108900141,1232,24,1208
108900142,180,21,159
108900143,236,0,236
108900144,396,8,388
108900145,912,108,804
108900146,288,2,286
108900147,789,11,778
108900148,208,33,175
108900149,771,591,180
108900150,457,3,454
108900151,47,29,18
108900152,279,406,-127
108900153,684,87,597
108900154,9805,464,9341
108900155,667,77,590
108900156,304,12,292
108900157,84,362,-278
108900158,1243,123,1120
108900159,312,135,177
108900160,20,167,-147
108900161,87,414,-327
108900162,574,22,552
108900163,12,513,-501
108900164,161,148,13
108900165,119,73,46
108900167,1535,20304,-18769
108900168,5414,3409,2005
108900169,98,124,-26
108900171,4479,6151,-1672
108900172,374,159,215
108900173,132,558,-426
108900174,1847,600,1247
108900176,237,402,-165
108900177,4043,16795,-12752
108900178,3689,9607,-5918
108900179,558,3421,-2863
108900180,88,500,-412
108900182,124,865,-741
108900183,266,528,-262
108900184,814,437,377
108900185,127,897,-770
108900186,192,600,-408
108900187,1333,56,1277
108900188,1668,202,1466
108900189,720,482,238
108900190,111,2492,-2381
108900191,175,238,-63
108900192,142,234,-92
108900193,67,53,14
108900194,4,373,-369
108900195,135,144,-9
108900196,197,366,-169
108900198,5,258,-253
108900199,323,478,-155
108900200,1344,778,566
108900201,447,1342,-895
108900203,788,201,587
108900204,609,37,572
108900205,416,63,353
108900206,1047,217,830
108900207,531,611,-80
108900208,35,550,-515
108900209,242,764,-522
108900210,162,203,-41
108900211,410,1009,-599
108900212,108,3216,-3108
108900215,73,457,-384
108900216,298,719,-421
108900217,160,1,159
108900218,119,58,61
108900219,80,10,70
108900220,140,34,106
108900221,72,70,2
108900222,560,10,550
108900223,8,105,-97
108900224,110,144,-34
108900225,1,310,-309
108900226,947,69,878
108900227,361,688,-327
108900230,120,373,-253
108900231,13,150,-137
108900232,1,154,-153
108900233,888,253,635
108900234,477,298,179
108900235,379,425,-46
108900236,39,613,-574
108900237,71,65,6
108900240,315,200,115
108900241,175,82,93
108900245,7,4076,-4069
108900249,166,29,137
108900250,680,179,501
108900257,473,361,112
108900258,36,106,-70
108900259,56,28,28
108900260,31,19,12
108900261,58,72,-14
108900262,119,245,-126
108900263,111,302,-191
108900264,242,420,-178
108900265,1056,1010,46
108900266,180,3551,-3371
108900267,8,691,-683
108900268,26,53,-27
108900269,423,58,365
108900270,518,55,463
108900271,154,202,-48
108900272,933,89,844
108900273,407,1555,-1148
108900274,88,17,71
109000001,6274,4435,1839
109000002,970,3922,-2952
109000003,6124,770,5354
109000004,828,2410,-1582
109000005,4138,991,3147
109000006,1479,2256,-777
109000007,4146,1277,2869
109000008,963,1849,-886
109000009,6146,2164,3982
109000010,974,3140,-2166
109000011,8070,4076,3994
109000012,2138,3927,-1789
109000013,9123,8760,363
109000014,2675,2933,-258
109000015,5777,21310,-15533
109000016,5937,2854,3083
109000017,6032,2190,3842
109000018,2101,2543,-442
109000019,4741,2255,2486
109000020,1574,3046,-1472
109000023,647,24,623
109000024,10,285,-275
109000025,293,1216,-923
109000026,984,418,566
109000027,183,570,-387
109000028,257,90,167
109000029,188,707,-519
109000030,46,375,-329
109000031,559,210,349
109000032,172,661,-489
109000033,940,362,578
109000034,65,84,-19
109000035,31,89,-58
109000036,102,483,-381
109000037,672,5748,-5076
109000038,411,439,-28
109000039,1529,1418,111
109000040,5653,25830,-20177
109000041,1701,5318,-3617
109000042,732,3332,-2600
109000044,722,207,515
109000045,118,532,-414
109000046,900,144,756
109000047,162,470,-308
109000048,661,666,-5
109000049,276,906,-630
109000050,528,522,6
109000051,384,221,163
109000052,964,616,348
109000053,901,136,765
109000054,277,439,-162
109000055,555,511,44
109000056,698,690,8
109000057,1998,649,1349
109000058,556,212,344
109000059,283,1678,-1395
109000060,183,560,-377
109000061,506,3721,-3215
109000062,343,546,-203
109000063,519,244,275
109000064,1084,247,837
109000065,460,407,53
109000066,1178,82,1096
109000067,152,492,-340
109000068,1316,124,1192
109000069,1045,54,991
109000070,183,1442,-1259
109000071,723,107,616
109000072,200,340,-140
109000073,71,189,-118
109000074,46,225,-179
109000075,125,466,-341
109000076,179,557,-378
109000077,440,214,226
109000078,222,243,-21
109000079,239,93,146
109000080,508,89,419
109000081,297,502,-205
109000082,1922,240,1682
109000083,779,668,111
109000088,238,346,-108
109000089,661,182,479
109000090,143,316,-173
109000091,778,255,523
109000092,398,378,20
109000093,570,287,283
109000094,1537,3,1534
109000095,364,397,-33
109000096,2140,354,1786
109000097,100,128,-28
109000098,121,172,-51
109000099,1482,187,1295
109000100,716,487,229
109000101,3605,648,2957
109000102,1117,539,578
109000103,1379,731,648
109000104,5154,515,4639
109000105,1061,883,178
109000106,3382,804,2578
109000107,1102,1535,-433
109000108,4222,982,3240
109000109,905,1240,-335
109000110,2340,765,1575
109000111,1114,2022,-908
109000112,713,218,495
109000113,487,512,-25
109000114,296,771,-475
109000115,1374,21,1353
109000116,4,364,-360
109000117,522,44,478
109000118,10,212,-202
109000119,3742,113,3629
109000120,848,609,239
109000121,1181,16,1165
109000122,431,340,91
109000123,56,54,2
109000124,1928,486,1442
109000125,1849,463,1386
109000126,1037,591,446
109000127,2718,163,2555
109000128,1154,758,396
109000129,6250,834,5416
109000130,640,893,-253
109000131,1252,1025,227
109000132,553,1652,-1099
109000133,361,576,-215
109000134,857,1876,-1019
109000135,841,1471,-630
109000136,459,433,26
109000137,745,678,67
109000138,982,224,758
109000139,1455,587,868
109000140,549,262,287
109000141,1352,628,724
109000142,208,708,-500
109000143,227,166,61
109000145,152,249,-97
109000146,26,86,-60
109000148,3085,3374,-289
109000149,34,110,-76
109000150,74,439,-365
109000155,1691,1249,442
109000156,1633,455,1178
109000158,111,317,-206
109000159,156,809,-653
109000160,2922,328,2594
109000161,1051,1489,-438
109000162,4070,640,3430
109000163,2369,1585,784
109000164,3041,2336,705
109000165,3195,772,2423
109000166,2807,136,2671
109000167,277,618,-341
109000170,42,55,-13
109000171,239,57,182
109000172,21,48,-27
109000173,56,236,-180
109000174,329,41,288
109000175,96,142,-46
109000176,1055,314,741
109000177,51,153,-102
109000178,1152,78,1074
109000179,3885,10822,-6937
109000180,5161,4832,329
109000181,34,10,24
109000182,205,14,191
109000183,103,44,59
109000184,114,22,92
109000185,55,7,48
109000188,553,1906,-1353
109000189,5482,2350,3132
109000190,1288,605,683
109000191,655,568,87
109000192,1368,178,1190
109000193,1020,138,882
109000194,751,68,683
109000195,476,139,337
109000196,596,87,509
109000197,589,291,298
109000198,517,51,466
109000199,327,420,-93
109000206,325,74,251
109000207,507,46,461
109000208,300,261,39
109000209,234,95,139
109000210,271,595,-324
109000211,1961,680,1281
109000214,771,202,569
109000215,181,89,92
109000216,664,573,91
109000217,227,755,-528
109000218,535,612,-77
109000221,240,910,-670
109000222,1080,276,804
109000223,1120,779,341
109000224,156,41,115
109000225,304,30,274
109000226,82,178,-96
109000227,4191,591,3600
109000228,1,1459,-1458
109000231,1,130,-129
109000232,1797,81,1716
109000236,458,538,-80
109000241,2820,1338,1482
109000242,1889,801,1088
109000293,120,347,-227
109000361,38,185,-147
109000364,137,689,-552
109000396,1,315,-314
109000397,1404,39,1365
109000399,216,394,-178
109000400,216,261,-45
109000403,32,1772,-1740
109000406,1246,9,1237
109000407,376,187,189
109000408,1,541,-540
109000410,1305,351,954
109000411,525,23,502
109900001,312,0,312
109900002,1922,32,1890
109900003,1057,9,1048
109900004,449,157,292
109900005,62,2,60
109900006,1086,97,989
109900007,2627,123,2504
109900008,0,26,-26
109900009,231,308,-77
109900010,1269,44,1225
109900011,32,75,-43
109900012,640,699,-59
109900013,567,319,248
109900014,768,170,598
109900015,205,112,93
109900016,218,26,192
109900017,423,421,2
109900018,368,56,312
109900019,495,73,422
109900020,120,62,58
109900021,112,18,94
109900022,164,390,-226
109900023,54,17,37
109900024,24,5,19
109900025,7,57,-50
109900026,19,147,-128
109900027,81,69,12
109900028,596,3611,-3015
109900029,3,161,-158
109900030,53,31,22
109900031,7,909,-902
109900032,12,237,-225
109900033,11,736,-725
109900034,105,7,98
109900035,102,131,-29
109900036,60,50,10
109900037,25,310,-285
109900038,140,405,-265
109900039,19,0,19
109900040,30,281,-251
109900041,90,260,-170
109900042,29,747,-718
109900044,155,333,-178
109900045,211,89,122
109900046,73,97,-24
109900047,278,322,-44
109900048,1,113,-112
109900049,23,46,-23
109900050,1,43,-42
109900051,1,4,-3
109900052,93,286,-193
109900053,1,59,-58
109900054,1990,214,1776
109900055,188,184,4
109900056,77,572,-495
109900057,3,80,-77
109900058,2,69,-67
109900059,2601,100,2501
109900060,1952,119,1833
109900061,120,164,-44
109900062,0,116,-116
109900063,24,555,-531
109900064,1403,178,1225
109900065,166,120,46
109900066,472,575,-103
109900067,0,159,-159
109900068,139,8,131
109900069,31,31,0
109900070,81,110,-29
109900071,19,28,-9
109900072,48,87,-39
109900073,1351,140,1211
109900074,29,18,11
109900075,58,45,13
109900076,25,51,-26
109900077,82,40,42
109900078,129,203,-74
109900080,246,155,91
109900081,10,321,-311
109900082,85,168,-83
109900083,38,45,-7
109900084,57,262,-205
109900085,137,341,-204
109900086,204,1927,-1723
109900087,85,529,-444
109900089,1587,205,1382
109900090,296,800,-504
109900091,942,244,698
109900092,424,91,333
109900093,2202,199,2003
109900094,184,152,32
109900095,95,224,-129
109900096,291,11,280
109900097,329,0,329
109900098,1011,76,935
109900099,812,20,792
109900100,129,0,129
109900101,1788,9,1779
109900102,1091,24,1067
109900103,40,85,-45
109900104,2224,146,2078
109900105,1170,35,1135
109900106,755,40,715
109900107,1098,73,1025
109900108,262,260,2
109900109,70,365,-295
109900110,97,210,-113
109900111,88,443,-355
109900112,211,237,-26
109900113,1538,736,802
109900114,991,2773,-1782
109900115,263,159,104
109900117,2697,119,2578
109900118,220,252,-32
109900119,151,697,-546
109900120,183,23,160
109900121,331,368,-37
109900122,1227,8,1219
109900123,37,63,-26
109900124,125,271,-146
109900125,1,200,-199
109900126,755,40,715
109900128,759,77,682
109900130,3669,6583,-2914
109900131,50,105,-55
109900132,22,101,-79
109900133,166,217,-51
109900134,72,442,-370
109900135,353,50,303
109900136,64,241,-177
109900137,459,302,157
109900138,997,239,758
109900140,461,118,343
109900142,3828,281,3547
109900145,7,986,-979
109900146,232,79,153
109900148,52,115,-63
109900149,35,56,-21
109900150,0,80,-80
109900151,22,54,-32
109900152,1,23,-22
109900153,1,108,-107
109900154,59,0,59
109900155,91,49,42
109900157,70,105,-35
109900158,96,186,-90
109900159,255,111,144
109900160,203,46,157
109900161,604,109,495
109900162,450,182,268
109900163,516,269,247
109900164,81,331,-250
109900165,605,35,570
109900166,1,126,-125
109900167,319,429,-110
109900168,207,906,-699
109900169,361,199,162
109900170,382,2862,-2480
109900171,667,133,534
109900172,558,657,-99
109900173,2326,4294,-1968
109900174,111,148,-37
109900175,125,232,-107
109900176,351,310,41
109900177,79,138,-59
109900178,7,613,-606
109900179,13,209,-196
109900180,25,33,-8
110000001,896,671,225
110000002,701,930,-229
110000003,778,1220,-442
110000004,519,918,-399
110000005,453,3113,-2660
110000006,374,424,-50
110000007,319,156,163
110000008,34,504,-470
110000009,89,59,30
110000010,98,196,-98
110000011,57,57,0
110000012,1032,283,749
110000013,94,1475,-1381
110000014,953,548,405
110000015,406,1207,-801
110000016,514,2817,-2303
110000017,3982,679,3303
110000018,3355,380,2975
110000019,22,133,-111
110000020,1834,589,1245
110000021,211,619,-408
110000022,2426,186,2240
110000023,12,183,-171
110000024,677,562,115
110000025,2263,6,2257
110000026,10,320,-310
110000027,777,3516,-2739
110000028,1752,744,1008
110000029,745,678,67
110000030,657,628,29
110000031,364,325,39
110000032,1906,261,1645
110000033,306,620,-314
110000034,1201,691,510
110000035,831,657,174
110000036,2794,788,2006
110000037,500,617,-117
110000038,529,1197,-668
110000039,1774,10808,-9034
110000040,494,387,107
110000041,554,3949,-3395
110000042,100,929,-829
110000043,1344,603,741
110000044,70,900,-830
110000045,323,242,81
110000046,3,100,-97
110000047,23,201,-178
110000048,13,171,-158
110000049,10,34,-24
110000050,2,313,-311
110000051,26,21,5
110000052,64,34,30
110000053,23,5,18
110000054,169,2403,-2234
110000055,229,411,-182
110000056,129,336,-207
110000057,492,761,-269
110000058,1720,756,964
110000059,1169,757,412
110000060,2266,1373,893
110000061,631,970,-339
110000062,763,1252,-489
110000063,130,586,-456
110000064,101,54,47
110000065,305,317,-12
110000066,207,61,146
110000067,116,199,-83
110000068,587,96,491
110000069,1277,32,1245
110000071,1152,35,1117
110000073,64,0,64
110000075,53,259,-206
110000076,736,961,-225
110000077,506,2730,-2224
110000078,267,19,248
110000080,344,362,-18
110000081,99,406,-307
110000082,34,561,-527
110000083,455,388,67
110000084,2334,1628,706
110000085,1002,1531,-529
110000086,1123,3916,-2793
110000087,38,81,-43
110000088,275,337,-62
110000089,742,99,643
110000090,104,271,-167
110000091,1123,171,952
110000092,21,42,-21
110000093,136,38,98
110000094,873,303,570
110000095,362,1113,-751
110000096,1506,3404,-1898
110000097,1216,2675,-1459
110000098,3166,1074,2092
110000099,1368,2090,-722
110000100,2953,292,2661
110000101,164,188,-24
110000102,188,35,153
110000104,639,496,143
110000105,55,419,-364
110000106,921,700,221
110000107,218,570,-352
110000108,231,200,31
110000109,359,421,-62
110000110,2761,5083,-2322
110000111,4877,4720,157
110000112,195,1617,-1422
110000113,138,4383,-4245
110000114,874,1129,-255
110000115,979,451,528
110000116,173,97,76
110000117,743,346,397
110000118,1459,191,1268
110000119,1060,352,708
110000120,658,184,474
110000121,200,729,-529
110000122,379,379,0
110000123,1072,573,499
110000124,1,572,-571
110000125,1604,9,1595
110000126,484,41,443
110000127,1865,269,1596
110000128,35,709,-674
110000129,0,362,-362
110000130,403,647,-244
110000131,79,290,-211
110000132,3,502,-499
110000133,63,578,-515
110000134,23,554,-531
110000135,311,73,238
110000136,117,440,-323
110000137,1486,667,819
110000138,1698,716,982
110000139,2778,531,2247
110000140,1190,945,245
110000143,725,531,194
110000144,2261,2687,-426
110000145,2077,2274,-197
110000146,1781,1863,-82
110000147,621,1961,-1340
110000148,1230,336,894
110000151,586,3011,-2425
110000152,631,1127,-496
110000153,691,18,673
110000154,122,41,81
110000155,1047,3028,-1981
110000156,1015,2061,-1046
110000157,1419,3061,-1642
110000160,522,312,210
110000161,449,349,100
110000166,1784,112,1672
110000167,2884,977,1907
110000168,1428,1088,340
110000169,1522,503,1019
110000170,401,136,265
110000171,1585,160,1425
110000172,727,626,101
110000173,788,766,22
110000174,170,606,-436
110000175,2006,165,1841
110000176,67,1159,-1092
110000177,440,2674,-2234
110000178,762,4730,-3968
110000179,1801,388,1413
110000180,825,375,450
110000181,2105,589,1516
110000182,632,156,476
110000183,8417,14409,-5992
110000184,584,6137,-5553
110000185,810,1097,-287
110000186,756,1238,-482
110000191,2619,294,2325
110000192,1166,30,1136
110000193,2485,34,2451
110000194,2,673,-671
110000195,1243,126,1117
110000196,1398,90,1308
110000197,196,63,133
110000198,131,127,4
110000199,143,655,-512
110000200,850,951,-101
110000201,1664,3013,-1349
110000202,1794,796,998
110000203,503,743,-240
110000204,7,295,-288
110000205,661,68,593
110000206,571,1030,-459
110000207,2862,377,2485
110000208,303,566,-263
110000209,52,721,-669
110000210,2808,737,2071
110000211,1237,968,269
110000212,898,2117,-1219
110000213,771,72,699
110000214,901,77,824
110000215,335,174,161
110000216,214,130,84
110000217,1319,170,1149
110000218,464,151,313
110000219,912,32,880
110000220,119,88,31
110000221,1403,26,1377
110000222,143,161,-18
110000223,25,97,-72
110000224,4,2,2
110000225,390,1111,-721
110000226,582,74,508
110000227,1004,1792,-788
110000228,741,183,558
110000229,0,115,-115
110000230,835,816,19
110000231,517,687,-170
110000232,196,646,-450
110000233,265,1410,-1145
110000234,634,2248,-1614
110000235,2242,1337,905
110000236,1416,516,900
110000237,4399,2184,2215
110000238,1368,1768,-400
110000239,3503,1578,1925
110000240,1,18,-17
110000242,0,10,-10
110000243,448,56,392
110000244,260,373,-113
110000245,54,281,-227
110000246,1755,538,1217
110000247,1455,3706,-2251
110000248,1336,1356,-20
110000249,235,17,218
110000250,18,172,-154
110000251,810,289,521
110000252,842,263,579
110000253,2884,529,2355
110000254,901,725,176
110000255,192,742,-550
110000256,771,266,505
110000257,462,304,158
110000258,15,761,-746
110000259,485,26,459
110000260,137,159,-22
110000263,830,60,770
110000264,1118,571,547
110000265,2044,2802,-758
110000266,1443,2768,-1325
110000267,65,123,-58
110000268,436,330,106
110000269,7,134,-127
110000270,223,8,215
110000271,2445,380,2065
110000272,1759,1629,130
110000273,1679,1340,339
110000274,472,5368,-4896
110000275,2554,1139,1415
110000276,375,1521,-1146
110000277,598,609,-11
110000278,655,941,-286
110000279,1096,915,181
110000280,1280,842,438
110000281,122,375,-253
110000282,187,25,162
110000283,17,92,-75
110000284,5,24,-19
110000285,6,659,-653
110000286,4,0,4
110000287,220,9,211
110000288,5,107,-102
110000289,814,4854,-4040
110000290,634,1076,-442
110000291,4788,1208,3580
110000292,1495,11264,-9769
110000293,1062,604,458
110000294,2637,2733,-96
110000295,321,986,-665
110000296,1499,683,816
110000297,3512,430,3082
110000298,94,520,-426
110000299,189,53,136
110000301,937,25,912
110000302,701,2005,-1304
110000303,962,26,936
110000304,280,197,83
110000305,2698,49,2649
110000306,457,1052,-595
110000307,4246,14,4232
110000308,1221,7,1214
110000309,2,828,-826
110000310,1531,37,1494
110000311,7,605,-598
110000312,810,89,721
110000313,2507,2177,330
110000314,2,158,-156
110000315,2109,1978,131
110000316,702,1213,-511
110000317,156,1801,-1645
110000318,12,62,-50
110000319,14,22,-8
110000320,42,125,-83
110000321,26,72,-46
110000322,462,392,70
110000323,1153,302,851
110000324,4022,1882,2140
110000325,2090,7201,-5111
110000327,680,328,352
110000328,140,720,-580
110000333,2000,2241,-241
110000334,483,2031,-1548
110000335,971,765,206
110000336,839,1922,-1083
110000337,3133,1064,2069
110000338,800,459,341
110000339,722,333,389
110000340,67,362,-295
110000341,1306,579,727
110000342,183,1,182
110000343,0,6,-6
110000344,86,2030,-1944
110000345,262,2218,-1956
110000346,1587,2682,-1095
110000347,2379,1196,1183
110000348,47,17,30
110000349,8,8,0
110000350,224,4,220
110000351,2523,723,1800
110000352,1320,3027,-1707
110000353,3808,546,3262
110000354,2007,7924,-5917
110000355,357,50,307
110000356,1421,18,1403
110000357,1243,20,1223
110000361,147,27,120
110000362,213,32,181
110000363,1745,81,1664
110000364,844,621,223
110000365,307,4,303
110000366,2,228,-226
110000367,968,274,694
110000368,16,124,-108
110000369,191,13,178
110000373,4,805,-801
110000374,141,66,75
110000375,136,1388,-1252
110000376,22,81,-59
110000377,118,580,-462
110000378,34,697,-663
110000379,2925,4637,-1712
110000380,160,7,153
110000383,1,827,-826
110000384,1202,299,903
110000385,2,220,-218
110000387,241,3,238
110000388,106,180,-74
110000389,2147,6,2141
110000391,2003,388,1615
110000396,629,191,438
110000397,359,102,257
110000398,17,35,-18
110000399,527,59,468
110000587,302,470,-168
110000589,459,173,286
110000640,282,30,252
110000652,21,1050,-1029
110000653,692,316,376
110000654,9,473,-464
110000656,1,281,-280
110000674,89,49,40
110000675,53,71,-18
110000676,6,76,-70
110000679,41,1196,-1155
110000682,222,393,-171
110000683,363,552,-189
110000684,1,70,-69
110000685,10,31,-21
110000686,2,220,-218
110000687,14,15,-1
110000688,78,2233,-2155
110000689,148,37,111
110000692,36,290,-254
110000693,44,981,-937
110000694,0,172,-172
110000695,187,1197,-1010
110000696,110,94,16
110900001,759,43,716
110900002,562,1337,-775
110900003,2539,286,2253
110900004,1154,48,1106
110900005,2085,9065,-6980
110900006,184,106,78
110900007,604,199,405
110900008,7,41,-34
110900009,599,828,-229
110900010,5,43,-38
110900011,42,123,-81
110900012,36,68,-32
110900013,2275,210,2065
110900014,535,45,490
110900015,393,1061,-668
110900016,128,70,58
110900017,1126,50,1076
110900018,583,47,536
110900019,864,41,823
110900020,490,230,260
110900021,206,755,-549
110900022,114,147,-33
110900023,177,588,-411
110900024,91,190,-99
110900025,60,194,-134
110900027,119,153,-34
110900028,86,73,13
110900029,34,127,-93
110900030,70,99,-29
110900031,3,201,-198
110900032,0,64,-64
110900033,50,302,-252
110900035,33,1019,-986
110900036,282,8,274
110900037,395,27,368
110900038,598,238,360
110900039,11,433,-422
110900040,400,19,381
110900041,76,40,36
110900042,208,107,101
110900043,1,32,-31
110900044,499,61,438
110900045,173,257,-84
110900046,21,136,-115
110900047,286,1284,-998
110900049,228,225,3
110900050,79,9,70
110900051,32,139,-107
110900052,6,199,-193
110900053,400,62,338
110900054,69,191,-122
110900055,29,5,24
110900056,27,152,-125
110900057,16,116,-100
110900058,970,188,782
110900059,1042,238,804
110900060,525,236,289
110900061,0,64,-64
110900062,528,88,440
110900063,105,101,4
110900064,24,0,24
110900065,62,184,-122
110900066,27,67,-40
110900067,282,1142,-860
110900068,443,222,221
110900069,9,14,-5
110900070,419,98,321
110900071,146,1935,-1789
110900073,0,22,-22
110900074,1015,133,882
110900075,974,130,844
110900077,2623,716,1907
110900078,417,11,406
110900079,994,1806,-812
110900080,274,154,120
110900081,27,12,15
110900082,511,82,429
110900083,265,56,209
110900084,269,36,233
110900085,243,258,-15
110900086,170,493,-323
110900087,800,182,618
110900088,5,0,5
110900090,140,205,-65
110900091,3,31,-28
110900093,248,166,82
110900095,157,26,131
110900097,102,7,95
110900098,89,100,-11
110900099,69,328,-259
110900100,0,34,-34
110900102,153,39,114
110900105,2510,172,2338
110900108,63,24,39
110900111,1467,119,1348
110900112,1211,14,1197
110900113,388,177,211
110900115,20,83,-63
110900116,2259,897,1362
110900118,188,7353,-7165
110900119,1922,261,1661
110900120,378,36,342
110900121,190,5,185
110900122,957,351,606
110900125,659,1486,-827
110900127,336,2032,-1696
110900128,104,394,-290
110900129,190,1725,-1535
110900130,397,627,-230
110900131,742,210,532
110900132,1046,194,852
110900133,185,238,-53
110900135,84,301,-217
110900136,525,26,499
110900137,6,1,5
110900138,563,1100,-537
110900139,4,448,-444
110900140,13,3,10
110900141,1,630,-629
110900142,114,233,-119
110900143,541,42,499
110900144,0,219,-219
110900145,322,227,95
110900146,170,595,-425
110900147,111,705,-594
110900148,2,416,-414
110900149,9,184,-175
110900150,33,18,15
110900151,2,80,-78
110900152,105,50,55
110900153,465,73,392
111000001,1584,1183,401
111000002,688,595,93
111000003,3761,2033,1728
111000004,1760,1748,12
111000005,1780,2751,-971
111000006,1407,3732,-2325
111000007,6700,8088,-1388
111000008,5328,6335,-1007
111000009,635,1782,-1147
111000010,2548,462,2086
111000011,246,1078,-832
111000012,758,434,324
111000013,778,1666,-888
111000014,3377,769,2608
111000017,82,924,-842
111000018,230,509,-279
111000020,985,1419,-434
111000021,106,127,-21
111000023,264,231,33
111000025,4528,6173,-1645
111000029,206,193,13
111000030,34,82,-48
111000031,2114,1248,866
111000032,939,490,449
111000033,397,194,203
111000034,56,216,-160
111000037,1675,475,1200
111000038,2348,2990,-642
111000039,2434,2740,-306
111000040,2329,1641,688
111000041,679,670,9
111000042,3441,3351,90
111000043,3363,10538,-7175
111000044,3382,1227,2155
111000045,6155,3256,2899
111000046,4432,2591,1841
111000047,4468,11337,-6869
111000049,726,502,224
111000050,1514,841,673
111000051,1007,939,68
111000052,954,1609,-655
111000053,390,734,-344
111000054,444,972,-528
111000055,1351,1982,-631
111000056,247,978,-731
111000057,237,224,13
111000058,1530,135,1395
111000059,1326,555,771
111000060,10048,1556,8492
111000061,1675,612,1063
111000062,2517,1073,1444
111000063,2278,1978,300
111000064,1934,916,1018
111000065,2696,1437,1259
111000066,1647,625,1022
111000067,2434,448,1986
111000068,1610,766,844
111000069,1873,2086,-213
111000070,986,559,427
111000071,350,229,121
111000072,2637,1169,1468
111000073,391,3065,-2674
111000074,3089,2380,709
111000075,1212,1139,73
111000076,1423,1345,78
111000077,1335,1317,18
111000078,2498,881,1617
111000079,1450,943,507
111000080,1416,656,760
111000081,2313,8997,-6684
111000082,1903,916,987
111000084,1738,832,906
111000085,1822,1365,457
111000086,2906,1312,1594
111000087,1179,697,482
111000088,7927,7507,420
111000089,1430,748,682
111000090,891,1126,-235
111000091,1211,383,828
111000092,3855,1059,2796
111000093,1790,1813,-23
111000094,3210,2130,1080
111000095,1671,5151,-3480
111000096,1357,13922,-12565
111000097,3868,1098,2770
111000098,635,1052,-417
111000099,711,1917,-1206
111000100,846,1933,-1087
111000101,687,1221,-534
111000102,442,737,-295
111000104,1643,750,893
111000107,143,1085,-942
111000109,1463,459,1004
111000110,2924,1114,1810
111000111,7872,569,7303
111000112,4650,404,4246
111000113,990,3581,-2591
111000114,1510,8839,-7329
111000115,4016,1745,2271
111000116,1413,1243,170
111000117,381,1218,-837
111000118,1047,1030,17
111000119,3020,933,2087
111000120,1257,1054,203
111000121,473,1455,-982
111000122,736,861,-125
111000123,2238,1891,347
111000124,637,2869,-2232
111000125,474,1456,-982
111000126,152,926,-774
111000127,2438,253,2185
111000128,5844,646,5198
111000129,6594,841,5753
111000130,6037,753,5284
111000131,6359,755,5604
111000132,3647,3379,268
111000133,463,147,316
111000134,508,102,406
111000135,117,263,-146
111000136,855,432,423
111000138,49,8,41
111000140,14,1,13
111000141,358,769,-411
111000142,10,150,-140
111000143,2,373,-371
111000144,20,1242,-1222
111000145,72,21,51
111000146,164,8,156
111000147,132,46,86
111000148,475,136,339
111000149,30,16,14
111000150,145,5,140
111000151,29,63,-34
111000153,716,385,331
111000154,554,290,264
111000155,187,236,-49
111000156,1463,613,850
111000157,349,832,-483
111000158,1312,1025,287
111000159,3566,1861,1705
111000160,657,420,237
111000161,6,537,-531
111000162,18,85,-67
111000163,1892,1052,840
111000164,592,4484,-3892
111000165,767,235,532
111000166,519,148,371
111000167,200,319,-119
111000168,339,453,-114
111000169,649,371,278
111000170,484,300,184
111000171,538,573,-35
111000172,366,437,-71
111000173,389,880,-491
111000174,566,205,361
111000175,84,685,-601
111000176,1079,63,1016
111000177,1875,197,1678
111000178,3629,211,3418
111000179,619,142,477
111000180,434,451,-17
111000181,4542,252,4290
111000182,635,153,482
111000183,376,428,-52
111000184,472,264,208
111000185,741,539,202
111000186,426,402,24
111000187,476,204,272
111000188,1182,544,638
111000189,444,365,79
111000190,473,191,282
111000191,343,184,159
111000192,225,252,-27
111000193,548,127,421
111000194,61,368,-307
111000195,189,1117,-928
111000196,128,83,45
111000197,1643,151,1492
111000198,1252,146,1106
111000199,745,460,285
111000200,1385,791,594
111000201,1947,169,1778
111000202,1229,117,1112
111000203,869,381,488
111000204,485,3246,-2761
111000213,393,748,-355
111000214,2400,1317,1083
111000215,1537,1099,438
111000217,3111,948,2163
111000218,2845,1116,1729
111000219,431,274,157
111000220,1276,794,482
111000221,399,223,176
111000224,1,200,-199
111000225,1167,517,650
111000226,253,5,248
111000227,16,6,10
111000228,9,1196,-1187
111000229,24,2592,-2568
111000230,274,185,89
111000231,2313,480,1833
111000232,1525,974,551
111000233,3745,703,3042
111000234,414,1400,-986
111000239,148,51,97
111000240,116,864,-748
111000241,164,128,36
111000242,922,131,791
111000243,328,372,-44
111000244,1836,506,1330
111000245,1457,394,1063
111000246,1417,173,1244
111000247,1322,484,838
111000248,1482,350,1132
111000249,896,243,653
111000250,123,86,37
111000251,152,79,73
111000253,78,57,21
111000255,148,13,135
111000257,176,15,161
111000260,68,941,-873
111000261,2770,169,2601
111000271,69,479,-410
111000273,5436,1731,3705
111000274,2865,5695,-2830
111000275,400,62,338
111000276,409,1129,-720
111000277,445,475,-30
111000278,523,282,241
111000291,3263,25225,-21962
111000298,861,395,466
111000299,1546,269,1277
111000300,78,660,-582
111000302,813,121,692
111000303,277,209,68
111000312,86,100,-14
111000315,0,59,-59
111000320,263,344,-81
111000321,729,267,462
111000322,1309,202,1107
111000323,677,98,579
111000324,548,212,336
111000325,51,82,-31
111000326,540,235,305
111000327,545,375,170
111000328,609,1670,-1061
111000329,0,66,-66
111000330,209,11,198
111000331,22,1,21
111000332,876,1125,-249
111000334,294,1091,-797
111000335,2206,313,1893
111000337,3401,328,3073
111000338,299,105,194
111000339,1595,294,1301
111000340,234,1017,-783
111000341,3554,2153,1401
111000342,92,1222,-1130
111000344,2246,695,1551
111000345,351,99,252
111000346,15,192,-177
111000347,490,8,482
111000350,398,144,254
111000351,182,560,-378
111000352,457,212,245
111000353,262,216,46
111000354,1029,537,492
111000355,658,730,-72
111000358,244,783,-539
111000360,378,227,151
111000361,344,120,224
111000546,1885,1208,677
111000547,776,1126,-350
111000548,464,324,140
111000549,512,389,123
111000550,36,1813,-1777
111000551,542,171,371
111000552,749,221,528
111000907,1303,13,1290
111000908,353,1,352
111000916,4281,298,3983
111000917,121,290,-169
111000918,407,484,-77
111000920,1417,29,1388
111000921,63,120,-57
111000922,1784,188,1596
111000924,72,546,-474
111000925,7274,3040,4234
111000926,1521,1491,30
111000927,3164,7660,-4496
111000928,4511,1875,2636
111000929,3182,1744,1438
111000930,1802,1618,184
111000931,3457,2382,1075
111000932,2987,1483,1504
111000933,4844,5620,-776
111000934,1892,2068,-176
111000935,4853,1847,3006
111000936,2016,1582,434
111000937,2229,2319,-90
111000938,1678,1196,482
111000939,1780,72,1708
111000940,1884,47,1837
111000941,621,1207,-586
111000943,1275,202,1073
111000944,285,211,74
111000945,397,1432,-1035
111001109,1029,1891,-862
111001110,258,451,-193
111001111,305,17,288
111001112,134,75,59
111001113,3,1012,-1009
111001114,1082,325,757
111001115,43,2860,-2817
111001116,4030,11204,-7174
111001117,523,4243,-3720
111001120,191,253,-62
111001121,480,77,403
111001122,530,155,375
111001123,753,101,652
111001124,109,26,83
111900001,73,35,38
111900002,273,239,34
111900003,2,162,-160
111900004,6,35,-29
111900006,39,239,-200
111900007,953,11,942
111900008,1028,7,1021
111900009,772,27,745
111900010,48,452,-404
111900012,24,93,-69
111900013,124,36,88
111900014,2301,13566,-11265
111900015,0,68,-68
111900016,0,45,-45
111900017,1,40,-39
111900018,260,19,241
111900019,2,320,-318
111900020,3,71,-68
111900021,36,79,-43
111900022,36,51,-15
111900023,87,45,42
111900024,0,146,-146
111900025,0,157,-157
111900026,0,18,-18
111900027,11,160,-149
111900028,0,73,-73
111900029,30,42,-12
111900030,55,468,-413
111900031,39,55,-16
111900032,0,48,-48
111900033,43,59,-16
111900034,71,343,-272
111900035,172,580,-408
111900036,0,54,-54
111900038,100,294,-194
111900039,78,314,-236
111900040,1,106,-105
111900042,64,89,-25
111900043,1,109,-108
111900044,125,212,-87
111900046,17,157,-140
111900048,1100,207,893
111900049,13,167,-154
111900050,384,46,338
111900051,0,48,-48
111900052,127,221,-94
111900053,566,5345,-4779
111900054,649,13,636
111900055,9,150,-141
111900056,135,764,-629
111900057,413,14,399
111900058,1398,276,1122
111900059,1808,1831,-23
111900060,732,9,723
111900061,10,51,-41
111900062,246,162,84
111900063,564,280,284
111900064,36,93,-57
111900065,560,52,508
111900066,395,300,95
111900067,5,292,-287
111900068,63,198,-135
111900069,255,39,216
111900070,542,91,451
111900071,2,129,-127
111900072,127,152,-25
111900073,2960,478,2482
111900074,5,245,-240
111900075,117,22,95
111900076,761,201,560
111900077,92,7,85
111900078,1188,129,1059
111900079,87,98,-11
111900080,220,197,23
111900081,569,369,200
111900082,387,97,290
111900083,683,97,586
111900084,345,11,334
111900085,144,173,-29
111900086,210,33,177
111900087,165,2,163
111900088,1818,95,1723
111900089,286,18,268
111900090,143,279,-136
111900091,1882,30,1852
111900092,279,0,279
111900093,1534,67,1467
111900094,471,3,468
111900095,1160,84,1076
111900096,686,12,674
111900097,199,0,199
111900098,1219,26,1193
111900099,237,0,237
111900100,285,12,273
111900101,337,15,322
111900102,2006,794,1212
111900103,163,272,-109
111900104,207,111,96
111900105,269,422,-153
111900106,488,18,470
111900107,58,227,-169
111900108,118,575,-457
111900109,199,1297,-1098
111900110,2577,512,2065
111900111,560,57,503
111900112,649,11162,-10513
111900113,512,92,420
111900114,223,122,101
111900115,36,11,25
111900118,702,112,590
111900119,550,217,333
111900122,80,105,-25
111900123,17,54,-37
111900124,67,20,47
111900125,1461,145,1316
111900126,1107,22,1085
111900127,0,227,-227
111900128,28,224,-196
111900129,540,19,521
111900130,382,169,213
111900131,1484,3,1481
111900132,29,480,-451
111900133,12,247,-235
111900134,6,171,-165
111900135,14,77,-63
111900136,66,154,-88
111900137,51,20,31
111900138,60,55,5
111900139,97,55,42
111900140,327,89,238
111900141,212,15,197
111900142,222,34,188
111900143,185,91,94
111900144,0,24,-24
111900145,0,156,-156
111900146,0,65,-65
111900147,57,449,-392
111900148,24,433,-409
111900149,18,194,-176
111900150,47,105,-58
111900151,3,99,-96
111900152,111,130,-19
111900153,541,1057,-516
111900154,59,1589,-1530
111900155,153,403,-250
111900156,144,114,30
111900157,376,43,333
111900158,1517,179,1338
111900159,1106,166,940
111900160,961,8,953
111900161,832,3,829
111900162,305,707,-402
111900163,32,173,-141
111900164,128,98,30
111901113,1630,47,1583
111901114,852,483,369
111901115,851,3,848
111901116,219,11,208
111901117,51,198,-147
111901118,24,1380,-1356
111901119,301,115,186
111901120,25,127,-102
111901121,20,62,-42
111901122,11,113,-102
111901123,1242,93,1149
111901124,955,34,921
111901125,2297,308,1989
111901126,500,294,206
111901127,766,3723,-2957
111901128,11,136,-125
111901129,4,285,-281
111901130,31,112,-81
111901131,1,317,-316
111901132,151,59,92
111901133,300,8,292
111901134,397,5,392
111901135,66,20,46
111901136,161,71,90
111901137,3,77,-74
111901138,30,29,1
111901139,3,22,-19
111901140,12,63,-51
111901141,7,97,-90
111901142,8,33,-25
111901143,2,175,-173
111901144,82,94,-12
111901145,78,614,-536
111901146,47,10,37
112000001,4685,1433,3252
112000002,1693,2583,-890
112000003,6552,2009,4543
112000004,1719,516,1203
112000005,6306,7456,-1150
112000006,833,682,151
112000007,8790,5644,3146
112000008,6893,6831,62
112000009,4668,1763,2905
112000010,9147,8383,764
112000011,2662,1552,1110
112000012,6632,7978,-1346
112000013,1934,4022,-2088
112000014,1275,6323,-5048
112000015,1387,4592,-3205
112000016,4119,7852,-3733
112000017,606,7666,-7060
112000024,928,329,599
112000026,2282,1761,521
112000027,1349,1047,302
112000028,959,1339,-380
112000029,1118,1205,-87
112000030,336,58,278
112000031,2577,6173,-3596
112000032,139,17,122
112000033,2225,6792,-4567
112000034,74,42,32
112000035,49,2211,-2162
112000036,259,2536,-2277
112000037,1152,1398,-246
112000038,1441,2295,-854
112000039,231,70,161
112000040,49,187,-138
112000041,435,501,-66
112000042,1300,319,981
112000050,2200,1852,348
112000051,2248,6086,-3838
112000054,2390,2187,203
112000057,1336,238,1098
112000058,350,417,-67
112000059,1086,915,171
112000061,4323,1021,3302
112000062,835,2445,-1610
112000063,342,5223,-4881
112000064,4185,4075,110
112000065,1296,2094,-798
112000066,4997,2046,2951
112000067,578,706,-128
112000068,4959,3786,1173
112000069,658,3024,-2366
112000070,2422,1594,828
112000071,1702,2757,-1055
112000072,4381,1352,3029
112000073,1607,4304,-2697
112000074,1258,3014,-1756
112000075,1734,2595,-861
112000076,4156,3659,497
112000077,1870,581,1289
112000078,4011,988,3023
112000079,3879,1913,1966
112000080,1363,938,425
112000081,1340,2023,-683
112000082,2091,681,1410
112000083,1179,1281,-102
112000084,1896,621,1275
112000085,2694,1009,1685
112000086,3234,1022,2212
112000087,1482,296,1186
112000088,1853,287,1566
112000089,586,378,208
112000090,459,361,98
112000091,848,515,333
112000092,4285,1294,2991
112000093,2451,527,1924
112000094,1236,957,279
112000095,1559,454,1105
112000096,1393,831,562
112000097,4210,894,3316
112000098,382,559,-177
112000099,1161,3238,-2077
112000100,4288,991,3297
112000101,1059,487,572
112000102,3266,520,2746
112000103,693,404,289
112000105,594,507,87
112000106,4344,530,3814
112000107,74,258,-184
112000108,1175,977,198
112000109,127,104,23
112000110,3645,973,2672
112000111,841,3478,-2637
112000112,4041,742,3299
112000113,1443,1754,-311
112000114,4117,1270,2847
112000115,727,533,194
112000116,1156,1340,-184
112000117,2015,857,1158
112000118,954,922,32
112000119,581,621,-40
112000120,47,286,-239
112000121,625,246,379
112000122,1093,114,979
112000123,1881,200,1681
112000124,1108,214,894
112000125,804,648,156
112000126,1289,178,1111
112000127,3990,3693,297
112000128,1175,863,312
112000129,315,90,225
112000130,811,151,660
112000131,79,197,-118
112000132,253,279,-26
112000133,680,125,555
112000134,1074,481,593
112000135,2582,1582,1000
112000136,1368,2981,-1613
112000137,2995,5167,-2172
112000138,1978,1842,136
112000139,832,1361,-529
112000140,334,1024,-690
112000141,2071,652,1419
112000142,203,346,-143
112000143,2579,313,2266
112000144,615,625,-10
112000145,5322,534,4788
112000146,935,1044,-109
112000147,3456,1903,1553
112000148,1224,1169,55
112000149,1009,841,168
112000150,941,372,569
112000151,912,283,629
112000152,2123,293,1830
112000153,365,242,123
112000154,269,1056,-787
112000155,429,277,152
112000157,669,1932,-1263
112000158,593,303,290
112000159,2449,440,2009
112000167,641,421,220
112000169,292,2592,-2300
112000173,2331,291,2040
112000175,1000,380,620
112000176,1213,1576,-363
112000177,1605,604,1001
112000178,197,343,-146
112000179,783,117,666
112000180,649,302,347
112000181,1578,950,628
112000182,4216,664,3552
112000183,43,11,32
112000184,978,330,648
112000185,2930,336,2594
112000187,7553,4688,2865
112000195,433,5,428
112000196,251,3,248
112000197,177,231,-54
112000198,47,356,-309
112000199,801,606,195
112000202,1582,6,1576
112000216,84,229,-145
112000230,406,3,403
112000231,2,134,-132
112000256,128,830,-702
112000313,67,74,-7
112000314,151,136,15
112000337,314,1446,-1132
112000352,210,648,-438
112000392,4143,802,3341
112000398,4071,1038,3033
112000399,1961,14065,-12104
112000400,1901,1292,609
112000401,1550,1144,406
112000402,6824,7543,-719
112000403,2641,13445,-10804
112000404,3017,1991,1026
112000405,5964,4808,1156
112000406,3433,1346,2087
112000407,16342,11091,5251
112000408,6352,2399,3953
112000409,1829,1749,80
112000410,401,518,-117
112000411,2648,2752,-104
112000412,655,415,240
112000413,5503,11050,-5547
112000414,352,39,313
112000415,164,62,102
112000416,7399,1785,5614
112000417,516,161,355
112000421,91,78,13
112000422,512,292,220
112000424,1817,6369,-4552
112000425,607,421,186
112000426,655,617,38
112000427,2,18,-16
112000428,873,162,711
112000429,3748,3453,295
112000430,4579,7449,-2870
112000431,237,440,-203
112000432,862,725,137
112000433,553,675,-122
112000437,113,95,18
112900001,203,6,197
112900002,1568,214,1354
112900003,129,108,21
112900004,155,295,-140
112900005,839,122,717
112900006,75,93,-18
112900007,77,31,46
112900008,4,163,-159
112900009,824,397,427
112900010,1014,245,769
112900011,65,555,-490
112900012,6,29,-23
112900013,10,763,-753
112900014,4,140,-136
112900015,170,362,-192
112900016,3,549,-546
112900017,214,191,23
112900018,0,105,-105
112900019,59,257,-198
112900020,540,741,-201
112900021,3,191,-188
112900022,95,57,38
112900023,0,63,-63
112900024,18,96,-78
112900025,318,209,109
112900026,6,38,-32
112900027,3,341,-338
112900028,243,72,171
112900029,21,65,-44
112900030,46,25,21
112900031,14,1201,-1187
112900032,445,280,165
112900034,0,18,-18
112900035,0,187,-187
112900036,18,179,-161
112900037,742,516,226
112900038,1324,187,1137
112900039,14,240,-226
112900040,1,835,-834
112900041,1083,1505,-422
112900042,136,248,-112
112900043,39,68,-29
112900044,310,320,-10
112900045,829,205,624
112900046,172,86,86
112900047,12,50,-38
112900049,845,62,783
112900050,48,570,-522
112900051,254,343,-89
112900052,35,446,-411
112900053,130,220,-90
112900054,180,124,56
112900055,93,105,-12
112900056,628,335,293
112900057,81,303,-222
112900058,456,792,-336
112900059,289,1733,-1444
112900060,78,53,25
112900061,218,399,-181
112900062,124,80,44
112900063,19,25,-6
112900064,222,98,124
112900065,19,64,-45
112900066,315,566,-251
112900067,515,70,445
112900068,36,133,-97
112900069,3150,2551,599
112900071,82,16,66
112900072,105,9396,-9291
112900073,414,476,-62
112900074,166,805,-639
112900075,1539,3333,-1794
112900076,89,49,40
112900078,350,1039,-689
112900079,469,56,413
112900080,353,6,347
112900081,93,721,-628
112900082,832,58,774
112900083,403,335,68
112900084,564,493,71
112900085,0,10,-10
112900086,326,3,323
112900087,3137,249,2888
112900088,573,20,553
112900089,1479,90,1389
112900090,155,169,-14
112900091,642,41,601
112900092,76,2144,-2068
112900093,1904,49,1855
112900094,380,6,374
112900095,205,1,204
112900096,1334,466,868
112900097,124,260,-136
112900098,304,1,303
112900099,1905,39,1866
112900100,230,7,223
112900101,880,23,857
112900102,123,106,17
112900103,426,6,420
112900104,38,3,35
112900105,59,1,58
112900106,1017,170,847
112900107,10,1,9
112900108,6,0,6
112900109,421,4,417
112900110,3334,46,3288
112900111,1577,10,1567
112900112,661,1,660
112900113,0,10,-10
112900114,832,22,810
112900115,3924,7,3917
112900116,287,7,280
112900117,74,38,36
112900118,9,53,-44
112900119,891,26,865
112900120,686,363,323
112900121,43,106,-63
112900122,26,112,-86
112900123,1065,70,995
112900124,6,70,-64
112900125,29,444,-415
112900126,174,74,100
112900127,966,172,794
112900128,86,417,-331
112900129,2,728,-726
112900130,557,298,259
112900131,16,442,-426
112900132,359,308,51
112900133,15,983,-968
112900134,3,614,-611
112900135,191,275,-84
112900136,1,44,-43
112900137,4,427,-423
112900138,32,55,-23
112900139,47,649,-602
112900140,1,111,-110
112900141,1345,39,1306
112900142,121,758,-637
112900143,6,377,-371
112900144,2,231,-229
112900145,3,294,-291
112900146,4,590,-586
112900147,0,514,-514
112900148,81,0,81
112900149,337,367,-30
112900151,0,50,-50
112900152,2822,494,2328
112900153,409,9155,-8746
112900154,2,37,-35
112900155,351,30,321
112900156,1992,536,1456
112900157,1025,6,1019
112900158,209,2,207
112900159,147,679,-532
112900160,40,278,-238
112900161,381,72,309
112900162,18,44,-26
112900163,47,114,-67
112900164,174,321,-147
112900165,52,68,-16
112900166,55,168,-113
112900167,3,876,-873
112900168,5,9,-4
112900169,9,30,-21
112900170,223,169,54
112900172,64,29,35
112900173,108,136,-28
112900174,729,70,659
112900175,199,561,-362
112900176,21,81,-60
112900177,423,118,305
112900178,901,6053,-5152
112900179,20,275,-255
112900180,4395,1235,3160
112900181,2410,15,2395
112900182,144,330,-186
112900183,97,300,-203
112900184,472,551,-79
112900185,126,857,-731
112900186,1133,1334,-201
112900187,70,600,-530
112900188,953,4541,-3588
112900189,50,19,31
112900190,37,291,-254
112900192,857,733,124
112900193,1453,417,1036
112900194,133,16,117
112900195,919,68,851
112900196,852,485,367
112900197,151,427,-276
112900199,1678,166,1512
112900200,1039,73,966
112900201,198,237,-39
112900202,1250,454,796
112900203,754,63,691
112900204,771,486,285
112900205,25,8,17
112900206,35,57,-22
112900207,56,0,56
112900208,74,1281,-1207
112900209,170,281,-111
112900210,2,11,-9
112900211,200,3,197
112900212,0,11,-11
112900213,80,1,79
112900214,21,23,-2
112900215,29,59,-30
112900216,56,23,33
112900217,7,31,-24
112900218,152,20,132
112900219,282,1,281
112900220,2,1,1
112900221,118,161,-43
112900222,0,278,-278
112900223,1530,44,1486
112900224,1459,240,1219
112900225,1193,191,1002
112900226,409,480,-71
112900227,2225,296,1929
112900228,187,43,144
112900229,881,9,872
112900230,12666,4049,8617
112900232,781,614,167
112900233,138,149,-11
112900234,56,8,48
112900235,26,8,18
112900236,1396,22,1374
112900237,739,100,639
112900238,20,3,17
112900239,457,912,-455
113000001,9550,7339,2211
113000002,10432,5310,5122
113000003,4840,3007,1833
113000004,4840,2641,2199
113000005,4298,2866,1432
113000006,2813,2282,531
113000007,5436,2754,2682
113000008,3827,2709,1118
113000009,3178,1448,1730
113000010,3211,1612,1599
113000011,2947,1526,1421
113000012,2529,1223,1306
113000013,1001,697,304
113000014,1985,2520,-535
113000015,163,236,-73
113000016,458,907,-449
113000017,173,800,-627
113000018,667,34,633
113000019,401,443,-42
113000020,378,143,235
113000021,2759,1487,1272
113000022,1613,6604,-4991
113000025,235,447,-212
113000026,1044,1527,-483
113000027,907,2735,-1828
113000028,692,5067,-4375
113000029,1774,1205,569
113000030,241,933,-692
113000031,278,324,-46
113000032,368,529,-161
113000033,512,582,-70
113000034,353,206,147
113000035,40,53,-13
113000036,29,137,-108
113000037,77,51,26
113000038,47,84,-37
113000039,57,389,-332
113000040,102,139,-37
113000042,1496,1265,231
113000051,4600,4647,-47
113000052,4365,671,3694
113000053,1480,586,894
113000054,1765,1523,242
113000055,4170,675,3495
113000056,4005,1434,2571
113000058,863,1646,-783
113000059,1175,386,789
113000060,896,1080,-184
113000061,951,1502,-551
113000062,837,736,101
113000063,845,83,762
113000064,336,261,75
113000065,358,566,-208
113000066,2027,237,1790
113000067,5446,978,4468
113000068,918,441,477
113000069,1031,522,509
113000070,4567,936,3631
113000071,1545,609,936
113000072,2037,717,1320
113000073,750,2089,-1339
113000074,1676,493,1183
113000075,3228,1002,2226
113000076,648,5484,-4836
113000077,903,1226,-323
113000078,650,2484,-1834
113000079,449,1335,-886
113000080,851,1382,-531
113000081,1671,1613,58
113000082,1829,1116,713
113000083,961,1348,-387
113000084,2371,1513,858
113000085,1563,1091,472
113000086,1335,3125,-1790
113000087,1737,2394,-657
113000088,4163,2640,1523
113000089,1025,2814,-1789
113000090,266,1249,-983
113000091,274,705,-431
113000094,2432,649,1783
113000095,441,1178,-737
113000096,182,1653,-1471
113000097,2548,945,1603
113000098,153,118,35
113000099,1833,774,1059
113000100,293,686,-393
113000101,270,1528,-1258
113000102,1199,951,248
113000103,7559,562,6997
113000104,1451,5237,-3786
113000105,1869,1038,831
113000106,922,471,451
113000107,2348,1784,564
113000108,1736,1205,531
113000109,668,1609,-941
113000110,13196,1561,11635
113000111,294,611,-317
113000112,1506,584,922
113000113,4990,574,4416
113000114,316,1352,-1036
113000116,763,490,273
113000117,1086,177,909
113000118,51,1459,-1408
113000119,650,428,222
113000120,153,577,-424
113000121,695,1202,-507
113000124,796,283,513
113000125,45,2379,-2334
113000127,2246,289,1957
113000128,3920,503,3417
113000129,581,1473,-892
113000133,4804,851,3953
113000134,8,2451,-2443
113000135,7737,7141,596
113000137,1354,3887,-2533
113000139,374,178,196
113000140,108,153,-45
113000141,127,139,-12
113000142,209,480,-271
113000143,470,238,232
113000144,340,349,-9
113000145,204,187,17
113000146,173,95,78
113000147,422,107,315
113000148,578,199,379
113000149,371,351,20
113000150,726,609,117
113000151,94,47,47
113000152,77,577,-500
113000153,1737,368,1369
113000154,849,3740,-2891
113000155,781,1353,-572
113000156,393,390,3
113000157,399,542,-143
113000158,1132,215,917
113000159,1971,440,1531
113000160,1072,507,565
113000161,629,284,345
113000162,1799,179,1620
113000163,329,56,273
113000164,35,62,-27
113000166,622,109,513
113000167,199,66,133
113000168,376,122,254
113000169,375,51,324
113000170,175,120,55
113000171,62,172,-110
113000172,768,45,723
113000173,88,33,55
113000174,478,168,310
113000175,1133,93,1040
113000176,1222,117,1105
113000177,416,120,296
113000178,217,290,-73
113000179,679,124,555
113000180,1390,2744,-1354
113000181,1871,1179,692
113000182,195,871,-676
113000183,465,1127,-662
113000184,39,143,-104
113000189,435,808,-373
113000190,235,293,-58
113000192,552,9336,-8784
113000193,2065,5341,-3276
113000194,1329,7384,-6055
113000195,1849,7117,-5268
113000196,668,146,522
113000197,2271,6418,-4147
113000198,217,548,-331
113000199,3693,547,3146
113000201,986,1221,-235
113000202,26524,4005,22519
113000203,113,1477,-1364
113000204,522,10615,-10093
113000205,80,24,56
113000206,12,132,-120
113000207,146,60,86
113000208,74,253,-179
113000209,26,45,-19
113000210,13,32,-19
113000211,117,459,-342
113000212,44,89,-45
113000213,32,162,-130
113000214,323,588,-265
113000234,474,998,-524
113000410,107,286,-179
113000411,1639,2474,-835
113000412,11019,1832,9187
113000413,1457,3929,-2472
113000414,6196,17467,-11271
113000415,3372,1843,1529
113000416,2923,2752,171
113000417,1331,1866,-535
113000418,7558,5158,2400
113000419,2921,2774,147
113000420,4163,7129,-2966
113000421,7941,9061,-1120
113000422,11774,13528,-1754
113000423,1692,6854,-5162
113000424,2697,16094,-13397
113000425,53,160,-107
113000428,171,105,66
113000430,14,367,-353
113000432,4591,328,4263
113000433,91,1411,-1320
113000434,17,177,-160
113000435,35,147,-112
113000436,17,1267,-1250
113000437,3196,62,3134
113000438,1116,41,1075
113000439,91,91,0
113000440,293,74,219
113000441,501,280,221
113000442,537,50,487
113000443,828,304,524
113000444,1113,66,1047
113000445,183,137,46
113000446,149,275,-126
113000448,1635,670,965
113000449,425,1667,-1242
113000450,4183,5443,-1260
113000451,6425,917,5508
113000452,112,1071,-959
113000453,46,1866,-1820
113000454,373,387,-14
113000455,15,3737,-3722
113000456,2411,3053,-642
113000468,1055,170,885
113000469,69,405,-336
113000470,1222,14,1208
113000471,48,775,-727
113000472,120,419,-299
113000474,2744,1354,1390
113000475,2376,1124,1252
113000476,5797,3339,2458
113000477,9211,3211,6000
113000478,3836,3729,107
113000479,217,209,8
113000480,130,1041,-911
113000485,0,0,0
113000486,0,0,0
113000487,0,0,0
113000488,0,0,0
113000489,0,0,0
113000490,0,0,0
113000491,0,0,0
113000492,0,0,0
113000493,0,0,0
113000495,576,144,432
113000496,291,243,48
113000497,0,0,0
113000499,0,0,0
113000500,0,1,-1
113900001,79,5198,-5119
113900002,80,202,-122
113900003,5,550,-545
113900004,9,957,-948
113900005,9,1446,-1437
113900006,2,107,-105
113900007,89,237,-148
113900008,56,2,54
113900009,130,1,129
113900010,118,3,115
113900011,407,2,405
113900012,187,7,180
113900013,146,19,127
113900014,1870,11,1859
113900015,0,30,-30
113900016,97,0,97
113900017,7,53,-46
113900018,145,288,-143
113900019,494,50,444
113900020,337,8,329
113900022,275,2,273
113900023,110,2,108
113900024,91,95,-4
113900025,616,87,529
113900026,192,0,192
113900027,38,83,-45
113900028,52,249,-197
113900029,292,133,159
113900030,931,10,921
113900031,78,8,70
113900032,143,0,143
113900033,62,64,-2
113900035,84,0,84
113900036,190,142,48
113900037,349,330,19
113900038,13,218,-205
113900039,594,39,555
113900040,20,65,-45
113900041,17,1,16
113900042,219,40,179
113900043,415,56,359
113900044,114,409,-295
113900045,251,2,249
113900046,328,1430,-1102
113900047,434,103,331
113900048,374,294,80
113900049,167,712,-545
113900050,518,846,-328
113900051,437,180,257
113900052,226,141,85
113900053,754,1570,-816
113900054,72,2,70
113900055,198,698,-500
113900056,220,64,156
113900057,22,37,-15
113900058,300,24,276
113900059,636,266,370
113900060,78,509,-431
113900061,1216,211,1005
113900062,226,84,142
113900063,237,77,160
113900064,58,74,-16
113900065,1185,19,1166
113900066,1708,343,1365
113900067,825,812,13
113900068,464,1582,-1118
113900069,51,79,-28
113900070,155,364,-209
113900071,223,14,209
113900072,232,81,151
113900073,1287,459,828
113900074,629,1442,-813
113900075,1335,4893,-3558
113900076,189,26,163
113900077,100,192,-92
113900078,126,7,119
113900079,2,51,-49
113900080,905,262,643
113900081,211,94,117
113900082,535,435,100
113900083,1214,115,1099
113900084,280,193,87
113900085,75,267,-192
113900086,198,55,143
113900087,221,180,41
113900088,328,202,126
113900089,780,60,720
113900090,962,498,464
113900091,4,26,-22
113900092,32,253,-221
113900093,124,3088,-2964
113900094,1526,356,1170
113900095,204,337,-133
113900096,555,195,360
113900097,31,189,-158
113900098,1259,386,873
113900099,0,42,-42
113900100,0,3,-3
113900101,4,380,-376
113900102,118,274,-156
113900103,267,766,-499
113900104,201,498,-297
113900105,624,27,597
113900106,3,12,-9
113900107,1,24,-23
113900108,114,550,-436
113900109,355,457,-102
113900110,52,40,12
113900111,565,108,457
113900112,595,60,535
113900113,2114,508,1606
113900114,1,15,-14
113900115,0,7,-7
113900116,34,427,-393
113900117,70,65,5
113900118,147,1942,-1795
113900119,75,337,-262
113900120,177,78,99
113900121,347,97,250
113900122,506,6581,-6075
113900123,1105,222,883
113900124,0,106,-106
113900125,1963,261,1702
113900126,96,84,12
113900127,480,1229,-749
113900128,495,130,365
113900129,3,332,-329
113900130,1,163,-162
113900131,369,53,316
113900132,60,183,-123
113900133,44,34,10
113900135,529,1012,-483
113900136,106,60,46
113900137,534,498,36
113900138,36,391,-355
113900139,495,720,-225
113900140,30,291,-261
113900141,1537,269,1268
113900142,213,46,167
113900143,21,107,-86
113900144,119,327,-208
113900145,594,223,371
113900146,349,149,200
113900148,105,435,-330
113900149,240,310,-70
113900150,466,263,203
113900151,918,228,690
113900152,102,159,-57
113900153,82,378,-296
113900154,1,131,-130
113900155,90,295,-205
113900156,443,358,85
113900157,103,669,-566
113900158,161,385,-224
113900159,15,198,-183
113900160,705,503,202
113900161,212,466,-254
113900162,242,573,-331
113900163,530,226,304
113900164,758,61,697
113900165,817,653,164
113900166,43,112,-69
113900167,676,36,640
113900168,65,70,-5
113900169,337,446,-109
113900171,497,87,410
113900172,8,134,-126
113900173,13,253,-240
113900174,773,643,130
113900175,472,183,289
113900176,515,389,126
113900177,313,153,160
113900178,556,296,260
113900179,62,158,-96
113900180,260,145,115
113900181,2024,285,1739
113900182,1042,596,446
113900183,173,45,128
113900184,39,517,-478
113900185,136,50,86
113900186,115,29,86
113900187,30,61,-31
113900188,50,176,-126
113900189,540,360,180
113900190,212,97,115
113900191,84,140,-56
113900192,11,1546,-1535
113900193,10,139,-129
113900194,1882,565,1317
113900195,484,398,86
113900196,9,486,-477
113900197,0,84,-84
113900198,23,1064,-1041
113900199,54,380,-326
113900200,22,178,-156
113900201,0,50,-50
113900202,66,120,-54
113900203,0,34,-34
113900204,19,442,-423
113900205,4,54,-50
113900206,5,118,-113
113900207,1,67,-66
113900208,0,29,-29
113900209,0,28,-28
113900210,1719,1385,334
113900211,280,54,226
113900212,649,346,303
113900214,291,440,-149
113900215,97,219,-122
113900216,416,410,6
113900217,246,99,147
113900218,151,151,0
113900219,285,1037,-752
113900220,219,379,-160
113900221,286,1059,-773
113900222,360,1524,-1164
113900223,686,324,362
113900224,117,110,7
113900225,1796,184,1612
113900226,505,169,336
113900227,416,672,-256
113900228,269,884,-615
113900229,85,2361,-2276
113900230,2949,5144,-2195
113900231,356,197,159
113900232,472,39,433
113900233,237,100,137
113900234,748,797,-49
113900235,235,25,210
113900236,584,110,474
113900237,381,90,291
113900238,183,975,-792
113900239,147,272,-125
113900240,4,414,-410
113900241,74,143,-69
113900242,42,394,-352
113900243,43,152,-109
113900244,149,222,-73
113900245,572,547,25
113900246,31,52,-21
113900247,89,1001,-912
113900248,3225,3567,-342
113900249,424,1019,-595
113900250,89,1295,-1206
113900251,2455,96,2359
113900252,2016,63,1953
113900253,1271,72,1199
113900254,873,300,573
113900255,1744,13,1731
113900256,980,38,942
113900257,56,324,-268
113900258,49,223,-174
113900259,1468,92,1376
113900260,556,13,543
113900261,100,83,17
113900262,336,252,84
113900263,24,402,-378
113900264,2,202,-200
113900265,191,794,-603
113900266,83,161,-78
113900267,72,1355,-1283
113900268,376,616,-240
113900269,301,220,81
113900270,371,700,-329
113900271,1040,403,637
113900273,15,40,-25
113900274,92,80,12
113900275,28,409,-381
113900276,0,94,-94
113900277,557,14,543
113900278,143,194,-51
113900279,128,51,77
113900280,1386,846,540
113900281,171,1749,-1578
113900282,337,427,-90
113900283,618,880,-262
113900284,2332,144,2188
113900285,118,20,98
113900286,211,104,107
113900287,300,24,276
113900288,7,311,-304
113900289,422,265,157
113900290,687,1280,-593
113900291,117,126,-9
113900292,6,20,-14
113900293,3,328,-325
113900294,1329,16,1313
113900295,656,474,182
113900296,2857,506,2351
113900297,3658,74,3584
113900298,70,2672,-2602
113900299,305,25,280
113900300,7501,7259,242
113900301,733,1587,-854
113900302,1600,1633,-33
113900303,242,2608,-2366
113900304,1,158,-157
113900305,372,2,370
113900306,257,4,253
113900307,16,0,16
113900308,55,160,-105
113900309,1,491,-490
113900310,0,7,-7
113900311,45,1,44
113900312,255,337,-82
113900313,46,10,36
114000001,1632,2190,-558
114000002,788,373,415
114000003,299,246,53
114000004,965,530,435
114000005,832,283,549
114000006,1717,2105,-388
114000007,1255,1369,-114
114000008,2710,2976,-266
114000009,2262,559,1703
114000011,5016,2376,2640
114000012,7224,1918,5306
114000013,3813,1298,2515
114000014,1299,147,1152
114000015,4109,213,3896
114000016,846,112,734
114000017,204,1700,-1496
114000018,159,64,95
114000026,5515,1534,3981
114000027,7043,4029,3014
114000028,2821,6650,-3829
114000038,597,236,361
114000039,179,25,154
114000040,278,685,-407
114000042,388,238,150
114000043,87,63,24
114000044,627,35,592
114000045,43,46,-3
114000046,2517,6431,-3914
114000047,10,224,-214
114000048,253,63,190
114000049,3583,2350,1233
114000050,3148,2396,752
114000051,4892,3066,1826
114000052,5330,4250,1080
114000053,59,938,-879
114000054,321,966,-645
114000055,581,76,505
114000056,175,1647,-1472
114000057,5174,2433,2741
114000058,117,1992,-1875
114000059,37,2267,-2230
114000060,850,1484,-634
114000061,3696,5359,-1663
114000062,478,2115,-1637
114000063,1409,1599,-190
114000064,2163,6973,-4810
114000065,1435,2411,-976
114000066,966,1350,-384
114000067,34,2077,-2043
114000068,619,1333,-714
114000069,1892,733,1159
114000070,4517,2328,2189
114000071,1653,1072,581
114000072,1302,371,931
114000073,37,37,0
114000074,227,10,217
114000075,188,114,74
114000076,68,69,-1
114000077,14,8,6
114000078,813,516,297
114000079,551,49,502
114000080,185,130,55
114000081,159,180,-21
114000082,87,504,-417
114000083,124,81,43
114000084,472,172,300
114000085,133,314,-181
114000086,405,254,151
114000087,554,42,512
114000088,47,45,2
114000089,703,293,410
114000090,1368,1985,-617
114000091,1385,1514,-129
114000092,724,624,100
114000093,2299,580,1719
114000094,945,677,268
114000095,452,298,154
114000096,89,530,-441
114000097,174,267,-93
114000098,1024,221,803
114000099,2230,167,2063
114000100,3061,478,2583
114000101,808,323,485
114000102,1245,313,932
114000103,146,160,-14
114000104,56,235,-179
114000105,599,203,396
114000106,1231,5077,-3846
114000107,1261,300,961
114000108,1151,769,382
114000109,1350,3808,-2458
114000110,807,993,-186
114000111,4526,2158,2368
114000112,659,1109,-450
114000113,2061,631,1430
114000114,478,1278,-800
114000115,3048,965,2083
114000116,1852,2622,-770
114000117,8232,1175,7057
114000118,7360,621,6739
114000119,5514,723,4791
114000120,1007,1041,-34
114000121,886,901,-15
114000122,650,541,109
114000123,4828,517,4311
114000124,2661,863,1798
114000125,1633,1598,35
114000126,3795,487,3308
114000127,363,168,195
114000128,1636,360,1276
114000130,1091,752,339
114000131,758,122,636
114000132,1157,335,822
114000133,872,1309,-437
114000134,165,41,124
114000138,47,131,-84
114000139,757,919,-162
114000144,1089,1151,-62
114000145,90,30,60
114000146,200,48,152
114000147,1998,3929,-1931
114000148,1170,3094,-1924
114000149,592,783,-191
114000150,321,838,-517
114000151,924,3372,-2448
114000152,111,58,53
114000153,746,4036,-3290
114000154,731,1085,-354
114000155,1405,6313,-4908
114000156,1163,1560,-397
114000157,614,3232,-2618
114000158,1696,878,818
114000159,141,568,-427
114000160,175,1213,-1038
114000161,1271,3078,-1807
114000162,2445,4198,-1753
114000163,31,38,-7
114000165,755,783,-28
114000166,667,961,-294
114000167,3448,2095,1353
114000168,712,345,367
114000169,1575,1745,-170
114000170,1314,1000,314
114000171,2004,7623,-5619
114000174,387,496,-109
114000176,349,885,-536
114000177,905,532,373
114000178,178,102,76
114000179,1464,966,498
114000180,312,348,-36
114000181,2028,13641,-11613
114000182,1794,3835,-2041
114000183,1312,699,613
114000184,740,867,-127
114000185,2821,1286,1535
114000189,2809,297,2512
114000190,6438,669,5769
114000191,235,812,-577
114000192,239,952,-713
114000193,323,1500,-1177
114000194,2791,1198,1593
114000195,487,518,-31
114000196,4,173,-169
114000197,4522,44,4478
114000198,995,478,517
114000199,1753,1947,-194
114000200,1165,1581,-416
114000201,391,1142,-751
114000202,1356,898,458
114000203,1035,922,113
114000204,244,578,-334
114000205,434,2055,-1621
114000206,1421,3042,-1621
114000207,863,1859,-996
114000208,934,1472,-538
114000209,674,1589,-915
114000210,483,935,-452
114000211,2063,1956,107
114000212,1141,1539,-398
114000213,2480,538,1942
114000214,184,207,-23
114000215,314,180,134
114000216,3543,542,3001
114000217,651,284,367
114000218,787,164,623
114000219,2944,244,2700
114000220,49,992,-943
114000221,2365,260,2105
114000222,347,829,-482
114000223,1231,202,1029
114000224,124,480,-356
114000225,683,340,343
114000226,477,362,115
114000227,1006,758,248
114000228,1481,806,675
114000229,2816,1801,1015
114000230,2624,1238,1386
114000231,1724,2402,-678
114000232,2266,264,2002
114000233,4929,123,4806
114000234,2216,1089,1127
114000235,2853,1881,972
114000236,2,520,-518
114000237,397,1006,-609
114000238,252,552,-300
114000239,245,1253,-1008
114000240,1364,2210,-846
114000241,492,2385,-1893
114000242,1076,1110,-34
114000243,4297,1543,2754
114000244,1075,524,551
114000245,875,1431,-556
114000246,235,59,176
114000247,880,972,-92
114000248,3064,903,2161
114000249,837,791,46
114000250,1145,417,728
114000251,671,306,365
114000252,92,20,72
114000253,68,146,-78
114000254,67,68,-1
114000255,1054,422,632
114000256,540,2732,-2192
114000257,869,1409,-540
114000258,950,760,190
114000259,326,1706,-1380
114000260,1,43,-42
114000261,69,48,21
114000262,656,119,537
114000263,51,1,50
114000264,3175,557,2618
114000265,0,4,-4
114000267,9,4515,-4506
114000268,14,1128,-1114
114000270,578,20,558
114000271,494,193,301
114000283,3113,540,2573
114000285,57,160,-103
114000288,301,546,-245
114000289,3254,192,3062
114000293,627,880,-253
114000294,464,551,-87
114000395,2934,93,2841
114000396,1010,909,101
114000402,2278,282,1996
114000403,794,275,519
114000405,401,270,131
114000423,1015,225,790
114000424,988,618,370
114000425,2229,249,1980
114000426,520,1355,-835
114000427,126,63,63
114000428,110,172,-62
114000429,16,140,-124
114000432,327,82,245
114000434,40,77,-37
114000435,25,63,-38
114000436,2899,548,2351
114000437,2119,21383,-19264
114900001,1538,312,1226
114900002,484,213,271
114900003,1815,442,1373
114900004,417,874,-457
114900005,1187,276,911
114900006,114,180,-66
114900007,431,43,388
114900008,789,191,598
114900010,1387,2737,-1350
114900011,555,204,351
114900013,692,230,462
114900015,174,1421,-1247
114900018,1495,85,1410
114900020,198,141,57
114900022,18,781,-763
114900024,282,159,123
114900025,1054,128,926
114900026,97,169,-72
114900027,277,249,28
114900029,59,24,35
114900030,492,345,147
114900031,1163,18,1145
114900032,1110,27,1083
114900033,1158,3939,-2781
114900034,29,53,-24
114900035,139,702,-563
114900036,433,307,126
114900037,176,70,106
114900038,536,380,156
114900039,1233,198,1035
114900040,277,38,239
114900041,2463,160,2303
114900042,3046,225,2821
114900043,369,140,229
114900044,275,158,117
114900046,43,96,-53
114900047,275,7739,-7464
114900048,55,155,-100
114900049,3,85,-82
114900050,108,192,-84
114900051,66,205,-139
114900052,49,285,-236
114900053,147,278,-131
114900054,52,62,-10
114900057,302,34,268
114900058,1,43,-42
114900059,308,119,189
114900060,295,882,-587
114900061,115,32,83
114900062,198,722,-524
114900063,199,51,148
114900064,4002,172,3830
114900065,565,1339,-774
114900067,48,610,-562
114900068,42,75,-33
114900069,318,36,282
114900070,1037,199,838
114900072,3,303,-300
114900073,4,72,-68
114900074,2045,285,1760
114900075,386,24,362
114900076,5,384,-379
114900080,999,156,843
114900082,2522,4419,-1897
114900083,543,1096,-553
114900090,1221,265,956
114900091,99,166,-67
114900095,557,114,443
114900096,236,592,-356
114900097,334,5,329
114900098,15,400,-385
114900099,474,43,431
115000001,7097,3472,3625
115000002,8040,9929,-1889
115000003,5467,3271,2196
115000004,8316,10520,-2204
115000005,3103,4325,-1222
115000006,2757,3254,-497
115000007,418,481,-63
115000008,865,1868,-1003
115000009,873,817,56
115000010,578,564,14
115000013,57,333,-276
115000015,44,484,-440
115000016,313,544,-231
115000019,48,984,-936
115000020,544,2115,-1571
115000021,346,465,-119
115000022,873,308,565
115000023,618,761,-143
115000024,1003,296,707
115000025,1556,1036,520
115000026,267,296,-29
115000027,756,401,355
115000028,473,575,-102
115000029,1755,254,1501
115000030,1031,1079,-48
115000031,1083,520,563
115000032,15,279,-264
115000033,358,48,310
115000034,232,1921,-1689
115000035,1302,174,1128
115000036,3,660,-657
115000037,986,87,899
115000038,149,222,-73
115000039,3836,7405,-3569
115000040,6093,3644,2449
115000041,3454,7567,-4113
115000042,806,1137,-331
115000043,5184,4521,663
115000044,4130,4628,-498
115000045,4526,1353,3173
115000046,5177,5022,155
115000047,4887,2716,2171
115000048,5287,2909,2378
115000049,2729,4865,-2136
115000050,5395,1740,3655
115000051,3035,8472,-5437
115000052,1405,1317,88
115000053,5079,4548,531
115000054,840,1437,-597
115000055,309,1621,-1312
115000056,169,501,-332
115000057,743,2495,-1752
115000058,73,773,-700
115000059,175,502,-327
115000061,212,478,-266
115000062,476,977,-501
115000063,945,648,297
115000064,569,231,338
115000065,104,672,-568
115000067,576,65,511
115000069,286,407,-121
115000070,44,2055,-2011
115000071,188,62,126
115000072,21,45,-24
115000073,3713,109,3604
115000075,126,140,-14
115000076,3284,2846,438
115000077,3738,1851,1887
115000078,3415,1201,2214
115000079,3353,1476,1877
115000080,7187,1753,5434
115000081,293,650,-357
115000082,11405,8218,3187
115000083,4076,1096,2980
115000084,5946,1343,4603
115000085,2772,1108,1664
115000086,2711,1336,1375
115000087,925,2929,-2004
115000088,2590,1281,1309
115000089,2276,1730,546
115000090,914,1479,-565
115000091,526,713,-187
115000092,1681,1708,-27
115000093,1559,2,1557
115000094,6580,14717,-8137
115000095,5475,14700,-9225
115000096,2344,1047,1297
115000097,4222,3061,1161
115000098,3699,765,2934
115000099,4888,1767,3121
115000100,3239,461,2778
115000101,1264,1255,9
115000102,1041,302,739
115000103,718,617,101
115000105,310,123,187
115000106,1877,1076,801
115000107,343,345,-2
115000108,2878,2050,828
115000109,5209,8671,-3462
115000110,2128,3965,-1837
115000111,547,1099,-552
115000112,1237,1407,-170
115000113,694,1036,-342
115000114,1253,772,481
115000116,4016,3011,1005
115000117,2621,3601,-980
115000118,3554,2801,753
115000119,2506,3206,-700
115000120,1007,1793,-786
115000121,741,927,-186
115000122,982,3239,-2257
115000123,2484,3221,-737
115000124,1523,2296,-773
115000125,767,3198,-2431
115000126,312,1274,-962
115000127,812,339,473
115000128,563,1839,-1276
115000129,441,1251,-810
115000130,862,697,165
115000131,1432,413,1019
115000132,873,722,151
115000133,1430,420,1010
115000134,616,1127,-511
115000135,315,377,-62
115000136,373,536,-163
115000137,90,403,-313
115000138,649,351,298
115000139,509,290,219
115000140,872,303,569
115000141,449,120,329
115000142,382,86,296
115000143,1763,1675,88
115000144,710,90,620
115000145,506,312,194
115000146,972,1679,-707
115000147,571,961,-390
115000148,705,859,-154
115000149,1653,514,1139
115000150,1103,850,253
115000151,2486,544,1942
115000152,1629,2333,-704
115000153,2721,712,2009
115000154,1890,320,1570
115000155,1606,1936,-330
115000156,1237,1701,-464
115000157,689,2813,-2124
115000158,928,939,-11
115000159,773,2533,-1760
115000160,1053,1311,-258
115000161,1650,570,1080
115000162,688,1919,-1231
115000163,924,801,123
115000164,831,1301,-470
115000165,372,1140,-768
115000167,123,327,-204
115000168,623,1428,-805
115000169,484,2343,-1859
115000170,143,339,-196
115000171,490,955,-465
115000172,1425,1317,108
115000173,702,2303,-1601
115000174,120,1251,-1131
115000175,242,337,-95
115000176,114,305,-191
115000177,52,478,-426
115000178,13,229,-216
115000179,36,204,-168
115000180,270,338,-68
115000181,1767,285,1482
115000182,2828,511,2317
115000183,1089,905,184
115000186,1317,224,1093
115000187,300,565,-265
115000188,897,900,-3
115000189,553,676,-123
115000190,1583,1694,-111
115000191,608,1216,-608
115000194,117,210,-93
115000195,250,695,-445
115000196,562,172,390
115000197,609,213,396
115000198,1392,274,1118
115000199,1234,177,1057
115000200,913,299,614
115000201,480,262,218
115000206,895,51,844
115000207,971,498,473
115000208,703,1504,-801
115000209,1392,1006,386
115000210,415,386,29
115000211,658,353,305
115000212,1962,679,1283
115000224,280,99,181
115000225,231,54,177
115000229,310,103,207
115000230,198,768,-570
115000231,517,1184,-667
115000232,5589,605,4984
115000233,180,392,-212
115000234,94,581,-487
115000241,433,360,73
115000242,504,91,413
115000243,301,164,137
115000244,18,454,-436
115000246,103,44,59
115000247,80,87,-7
115000248,148,29,119
115000249,38,17,21
115000250,435,25,410
115000251,893,114,779
115000252,256,398,-142
115000253,24,1056,-1032
115000258,1151,87,1064
115000259,687,179,508
115000261,115,31,84
115000262,79,37,42
115000263,48,104,-56
115000264,29,69,-40
115000267,104,139,-35
115000268,41,158,-117
115000269,169,100,69
115000270,8,37,-29
115000272,211,131,80
115000273,1192,40,1152
115000280,1742,487,1255
115000281,445,964,-519
115000282,992,2584,-1592
115000284,199,477,-278
115000296,591,12,579
115000297,241,695,-454
115000298,131,1193,-1062
115000300,386,242,144
115000302,1303,215,1088
115000303,2189,105,2084
115000304,2258,140,2118
115000305,139,411,-272
115000306,557,222,335
115000307,406,398,8
115000308,39,31,8
115000309,40,160,-120
115000310,4343,693,3650
115000311,2805,1730,1075
115000313,356,276,80
115000314,1243,459,784
115000315,1716,1736,-20
115000316,252,295,-43
115000317,421,958,-537
115000318,1848,633,1215
115000319,329,224,105
115000320,161,724,-563
115000321,1414,36,1378
115000322,123,200,-77
115000449,299,297,2
115000557,5,4293,-4288
115000558,159,358,-199
115000587,1581,553,1028
115000588,3255,4732,-1477
115000589,6931,5421,1510
115000590,1183,3502,-2319
115000591,1991,1778,213
115000592,568,2932,-2364
115000593,2222,2086,136
115000594,272,3590,-3318
115000609,546,187,359
115000617,589,3668,-3079
115000624,873,98,775
115000633,721,1891,-1170
115000634,5385,1239,4146
115000635,1193,172,1021
115000638,544,413,131
115000641,114,607,-493
115000642,503,342,161
115000643,147,403,-256
115000644,180,454,-274
115000646,1216,2059,-843
115000647,377,811,-434
115000648,5983,1230,4753
115000893,3252,1612,1640
115000894,228,1093,-865
115000895,339,1282,-943
115000896,2119,809,1310
115000897,705,197,508
115000898,872,624,248
115000899,362,2551,-2189
115000900,88,811,-723
115000901,127,381,-254
115000912,737,154,583
115000913,0,9,-9
115000915,11,1,10
115000916,4,0,4
115000917,0,16,-16
115000918,198,1299,-1101
115000919,2,180,-178
115000920,36,166,-130
115000921,592,235,357
115000922,590,1550,-960
115000923,86,3107,-3021
115000925,199,276,-77
115000927,69,142,-73
115000933,38,991,-953
115000934,174,232,-58
115000935,450,79,371
115000936,110,1763,-1653
115000937,759,391,368
115000938,22,230,-208
115000939,13,75,-62
115900001,490,20,470
115900002,141,152,-11
115900003,404,192,212
115900004,0,62,-62
115900005,507,29,478
115900006,204,204,0
115900008,291,5,286
115900009,79,1128,-1049
115900010,1059,180,879
115900011,841,432,409
115900012,574,8,566
115900013,615,204,411
115900014,255,164,91
115900015,484,73,411
115900016,197,75,122
115900017,86,21,65
115900018,238,59,179
115900019,419,31,388
115900020,246,5,241
115900021,968,638,330
115900022,1833,15,1818
115900023,1,15,-14
115900025,60,311,-251
115900026,1098,175,923
115900027,1,217,-216
115900028,365,66,299
115900029,90,202,-112
115900030,53,57,-4
115900031,78,489,-411
115900032,529,989,-460
115900033,1,86,-85
115900034,32,179,-147
115900035,114,47,67
115900036,123,5709,-5586
115900037,78,141,-63
115900038,87,28,59
115900039,379,150,229
115900041,176,1835,-1659
115900042,99,13,86
115900043,326,64,262
115900044,242,1050,-808
115900046,1478,150,1328
115900047,143,350,-207
115900049,508,235,273
115900051,15,18,-3
115900052,72,70,2
115900053,893,111,782
115900054,726,22,704
115900055,55,80,-25
115900056,534,164,370
115900057,8,23,-15
115900058,20,52,-32
115900060,154,350,-196
115900061,557,11,546
115900062,140,76,64
115900063,39,4,35
115900064,597,565,32
115900065,394,180,214
115900066,59,119,-60
115900067,26,84,-58
115900068,1296,2729,-1433
115900069,120,280,-160
115900070,445,75,370
115900071,1,183,-182
115900072,21,175,-154
115900073,321,182,139
115900074,2,50,-48
115900075,117,221,-104
115900076,20,22,-2
115900077,1,71,-70
115900078,26,461,-435
115900079,1034,29,1005
115900080,183,147,36
115900081,127,23,104
115900082,280,1260,-980
115900084,1200,12,1188
115900085,45,207,-162
115900086,1533,644,889
115900088,3,173,-170
115900089,964,490,474
115900090,1312,12,1300
115900091,5,68,-63
115900092,144,118,26
115900093,13,25,-12
115900094,15,75,-60
115900096,9,4,5
115900097,36,82,-46
115900098,697,247,450
115900099,129,359,-230
115900100,51,249,-198
115900101,777,143,634
115900102,168,151,17
115900103,752,107,645
115900104,230,118,112
115900105,688,303,385
115900106,302,6,296
115900107,124,67,57
115900108,429,22,407
115900109,12,375,-363
115900110,94,3,91
115900111,0,53,-53
115900112,127,577,-450
115900113,185,50,135
115900114,38,88,-50
115900115,222,168,54
115900116,232,548,-316
115900117,216,23,193
115900118,4,78,-74
115900119,334,115,219
115900120,91,249,-158
115900121,623,202,421
115900124,339,1456,-1117
115900125,1159,213,946
115900126,2028,64,1964
115900127,2036,94,1942
115900128,5,235,-230
115900129,976,69,907
115900130,16,1576,-1560
115900131,826,40,786
115900132,1428,6,1422
115900134,638,1,637
115900135,1409,1174,235
115900137,27,29,-2
115900139,19,134,-115
115900140,899,58,841
115900141,2,83,-81
115900142,4,72,-68
115900143,553,605,-52
115900144,552,349,203
115900146,17,90,-73
115900147,346,636,-290
115900148,26,54,-28
115900149,439,13,426
115900150,221,26,195
115900151,244,154,90
115900152,515,218,297
115900153,318,121,197
115900154,583,678,-95
115900155,1,44,-43
115900156,1196,1382,-186
115900157,636,916,-280
115900158,18,3,15
115900159,608,350,258
115900160,12,30,-18
115900161,58,279,-221
115900163,644,286,358
115900164,1822,26,1796
115900165,4,459,-455
115900166,226,223,3
115900168,586,153,433
115900171,200,432,-232
115900172,105,230,-125
115900173,454,182,272
115900174,233,487,-254
115900175,396,189,207
115900178,16,137,-121
115900179,808,14,794
115900180,294,86,208
115900181,703,67,636
115900182,1225,69,1156
115900183,17,292,-275
115900184,704,24,680
115900187,21,549,-528
115900189,2,220,-218
115900190,446,1943,-1497
115900191,35,242,-207
115900192,87,237,-150
115900193,216,310,-94
115900194,2231,102,2129
115900195,845,6201,-5356
115900198,739,431,308
115900199,708,74,634
115900200,494,179,315
115900201,274,577,-303
115900202,7,374,-367
115900203,13,19,-6
115900204,0,27,-27
115900205,5,12,-7
115900206,843,211,632
115900207,209,7,202
115900208,313,122,191
115900209,4,152,-148
115900210,7,381,-374
115900211,2,222,-220
115900212,523,232,291
115900213,161,341,-180
115900214,1389,148,1241
115900215,17,395,-378
115900216,3,53,-50
115900217,6,26,-20
115900218,6,32,-26
115900219,364,5,359
115900220,656,11,645
115900221,271,23,248
115900222,163,50,113
115900223,9,826,-817
115900224,912,3963,-3051
115900225,148,93,55
115900226,50,208,-158
115900227,10,79,-69
115900228,7,89,-82
115900229,36,108,-72
115900230,85,60,25
115900231,282,4,278
115900232,212,4,208
115900233,302,3,299
115900234,204,138,66
115900235,92,91,1
115900236,35,494,-459
115900237,54,56,-2
115900238,34,29,5
115900239,25,65,-40
115900240,45,50,-5
115900241,449,49,400
115900242,900,863,37
115900243,8,21,-13
115900244,23,23,0
115900245,140,5,135
115900246,14,14,0
115900247,1,37,-36
115900248,10,2,8
115900249,16,2,14
115900250,55,19,36
115900251,19,10,9
115900252,18,0,18
115900253,66,9,57
115900254,30,32,-2
115900255,9,48,-39
115900256,132,133,-1
115900257,10,125,-115
115900258,0,0,0
115900259,2,6,-4
115900260,18,11,7
115900261,8,2,6
115900262,10,0,10
115900263,33,1,32
115900264,113,2,111
115900265,3,16,-13
115900266,9,5,4
115900267,2,16,-14
115900268,6,35,-29
115900269,1932,397,1535
115900270,808,188,620
115900271,346,0,346
115900272,75,20,55
115900273,23,58,-35
115900274,0,5,-5
115900275,9,12,-3
115900276,1,12,-11
115900277,0,65,-65
115900278,91,90,1
115900279,57,414,-357
115900280,39,1867,-1828
115900281,200,363,-163
115900282,44,42,2
116000001,10237,3163,7074
116000002,9045,24276,-15231
116000003,1844,2516,-672
116000004,5952,9667,-3715
116000005,1438,7209,-5771
116000006,5061,10456,-5395
116000007,2443,3214,-771
116000008,9429,5316,4113
116000009,1167,1204,-37
116000010,5577,2574,3003
116000011,937,1261,-324
116000012,3983,1758,2225
116000013,6381,8718,-2337
116000014,18947,40618,-21671
116000015,461,3419,-2958
116000016,9133,11476,-2343
116000017,141,1090,-949
116000018,858,807,51
116000019,3031,487,2544
116000020,933,2592,-1659
116000021,1921,506,1415
116000022,1129,728,401
116000023,3680,2440,1240
116000024,1143,1705,-562
116000025,2060,1672,388
116000026,1970,7888,-5918
116000027,754,1591,-837
116000028,821,1650,-829
116000029,632,660,-28
116000030,918,1046,-128
116000031,63,264,-201
116000032,596,197,399
116000033,1491,892,599
116000034,1110,1322,-212
116000035,1058,423,635
116000036,564,5501,-4937
116000037,260,972,-712
116000038,182,2774,-2592
116000039,473,2362,-1889
116000040,826,3231,-2405
116000041,174,1972,-1798
116000042,1512,1919,-407
116000043,324,586,-262
116000044,11,30,-19
116000045,2055,2249,-194
116000046,1374,2806,-1432
116000047,4147,5319,-1172
116000048,5440,1695,3745
116000049,3252,3714,-462
116000050,2576,1918,658
116000051,4694,3995,699
116000052,5452,4769,683
116000053,4374,1378,2996
116000054,1943,3864,-1921
116000055,2012,1646,366
116000056,2756,1388,1368
116000057,4689,1728,2961
116000058,10176,5910,4266
116000059,4537,7625,-3088
116000060,5475,2666,2809
116000061,757,2204,-1447
116000062,1210,649,561
116000063,950,3360,-2410
116000066,712,1225,-513
116000067,627,608,19
116000068,294,603,-309
116000069,840,326,514
116000078,970,1188,-218
116000080,2693,634,2059
116000082,14,9,5
116000083,3307,538,2769
116000084,1565,2171,-606
116000085,2820,3485,-665
116000086,1007,674,333
116000087,4678,2524,2154
116000088,2219,1263,956
116000089,313,183,130
116000090,360,306,54
116000091,304,981,-677
116000093,1429,352,1077
116000094,2294,637,1657
116000095,1316,910,406
116000096,3636,5007,-1371
116000097,1934,863,1071
116000098,92,20460,-20368
116000099,10865,599,10266
116000100,637,54,583
116000101,2878,864,2014
116000102,405,878,-473
116000103,1180,513,667
116000104,416,1554,-1138
116000105,3186,229,2957
116000106,782,4536,-3754
116000107,4848,1005,3843
116000108,89,1263,-1174
116000111,216,36,180
116000113,300,133,167
116000114,13,115,-102
116000115,548,184,364
116000116,496,303,193
116000117,2322,1991,331
116000118,3199,1232,1967
116000119,6478,2259,4219
116000120,4007,2857,1150
116000121,1824,722,1102
116000122,1144,821,323
116000123,2496,670,1826
116000124,685,588,97
116000125,6045,875,5170
116000126,550,518,32
116000127,1322,647,675
116000128,3733,1082,2651
116000129,2848,191,2657
116000130,1789,1149,640
116000133,3415,1136,2279
116000134,2383,1484,899
116000135,5729,1735,3994
116000136,1339,1951,-612
116000137,2096,1202,894
116000138,2844,1080,1764
116000139,3673,9302,-5629
116000140,301,593,-292
116000141,1241,548,693
116000142,4516,2208,2308
116000143,4014,2017,1997
116000144,3644,2461,1183
116000145,4466,1270,3196
116000146,2033,203,1830
116000147,529,679,-150
116000148,1980,3205,-1225
116000149,1328,1649,-321
116000151,983,1244,-261
116000153,248,542,-294
116000155,345,907,-562
116000156,1663,879,784
116000157,127,18,109
116000158,978,191,787
116000159,10,18,-8
116000160,138,141,-3
116000161,13,181,-168
116000162,279,567,-288
116000163,203,104,99
116000164,99,179,-80
116000177,195,1302,-1107
116000194,142,458,-316
116000195,2705,791,1914
116000196,265,19,246
116000197,190,76,114
116000198,3181,2017,1164
116000200,1688,1533,155
116000201,947,984,-37
116000202,23,316,-293
116000203,1,45,-44
116000204,21,27,-6
116000205,0,103,-103
116000206,1,258,-257
116000207,16,109,-93
116000233,291,831,-540
116000287,658,198,460
116000288,676,328,348
116000292,266,266,0
116000296,13,88,-75
116000297,162,17,145
116000304,445,12,433
116000305,32,124,-92
116000346,483,294,189
116000352,387,285,102
116000354,158,128,30
116000357,47,60,-13
116000358,1292,270,1022
116000361,71,3,68
116000372,5227,14933,-9706
116000381,277,0,277
116000388,10,36,-26
116000389,1778,527,1251
116000445,2139,376,1763
116000446,1230,373,857
116000447,73,1119,-1046
116000448,916,135,781
116000563,1126,1352,-226
116000565,53,373,-320
116000568,58,1007,-949
116000579,28,125,-97
116000584,146,7,139
116000585,136,63,73
116000586,102,209,-107
116000587,465,499,-34
116000589,74,99,-25
116000590,276,168,108
116000591,582,278,304
116000592,5,41,-36
116000593,1,51,-50
116000594,3210,151,3059
116000595,1685,66,1619
116000596,510,13,497
116000597,1335,549,786
116000598,53,128,-75
116000602,54,1701,-1647
116000605,266,278,-12
116000606,145,1434,-1289
116000607,16,259,-243
116000609,126,2785,-2659
116000611,427,236,191
116000612,3148,2843,305
116000613,1325,440,885
116000614,999,275,724
116000615,2,1045,-1043
116000616,139,116,23
116000617,430,29,401
116000618,9,92,-83
116000619,71,160,-89
116000620,691,254,437
116000621,237,203,34
116000622,230,168,62
116000624,180,458,-278
116000627,119,45,74
116000628,155,284,-129
116000629,37,209,-172
116000630,2268,36,2232
116000631,1274,23,1251
116000632,2008,102,1906
116000633,70,276,-206
116000634,1505,16,1489
116000635,3002,5663,-2661
116000636,415,2582,-2167
116000637,534,14,520
116000638,4,251,-247
116900001,827,155,672
116900002,494,3,491
116900003,148,17,131
116900004,89,251,-162
116900005,558,69,489
116900006,149,546,-397
116900007,238,682,-444
116900008,1745,187,1558
116900009,31,56,-25
116900010,0,697,-697
116900011,30,93,-63
116900012,469,707,-238
116900013,12,156,-144
116900014,497,59,438
116900015,1303,97,1206
116900016,418,11,407
116900017,10,486,-476
116900018,214,217,-3
116900019,5,180,-175
116900020,811,3893,-3082
116900023,106,21,85
116900024,1792,93,1699
116900025,2706,888,1818
116900026,124,717,-593
116900027,141,110,31
116900028,11,36,-25
116900029,0,306,-306
116900031,0,5,-5
116900032,6,134,-128
116900033,69,25,44
116900034,76,22,54
116900035,325,413,-88
116900036,29,184,-155
116900038,32,17,15
116900041,308,18,290
116900042,301,228,73
116900043,9,108,-99
116900047,52,463,-411
116900049,49,422,-373
116900050,89,318,-229
116900051,880,23,857
116900052,422,120,302
116900055,0,73,-73
116900057,41,167,-126
116900058,28,376,-348
116900059,2,67,-65
116900060,428,758,-330
116900062,0,48,-48
116900064,143,221,-78
116900065,30,152,-122
116900067,286,65,221
116900068,243,169,74
116900070,6,25,-19
116900072,34,156,-122
116900073,10,135,-125
116900074,3,51,-48
116900076,49,133,-84
116900077,5,38,-33
116900078,161,33,128
116900079,110,157,-47
116900080,0,39,-39
116900081,301,833,-532
116900082,200,1545,-1345
116900083,5,14,-9
116900084,58,90,-32
116900085,11,154,-143
116900086,77,290,-213
116900088,582,64,518
116900090,29,23,6
116900091,1288,76,1212
116900092,155,413,-258
116900093,6156,2124,4032
116900094,6892,11425,-4533
116900095,574,835,-261
116900096,261,797,-536
116900097,1481,7458,-5977
116900098,1484,710,774
116900099,293,1767,-1474
116900100,2054,242,1812
116900101,334,1267,-933
116900103,73,0,73
116900104,58,578,-520
116900105,740,482,258
116900106,6578,101,6477
116900107,2003,5723,-3720
116900110,21,0,21
116900111,1644,392,1252
116900112,418,517,-99
116900113,1868,5963,-4095
116900116,62,2013,-1951
116900117,400,726,-326
116900118,2837,1211,1626
116900120,848,96,752
116900121,465,67,398
116900122,2472,434,2038
116900123,1372,382,990
116900124,195,420,-225
116900125,1291,175,1116
116900126,340,1389,-1049
116900128,0,45,-45
116900129,0,260,-260
116900130,2286,9001,-6715
116900131,126,582,-456
116900132,213,220,-7
116900133,392,250,142
116900134,538,455,83
116900136,524,311,213
116900137,447,266,181
116900138,212,155,57
116900139,85,337,-252
116900140,299,111,188
116900141,668,147,521
116900142,11,93,-82
116900143,716,173,543
116900144,167,49,118
116900145,177,713,-536
116900147,308,3888,-3580
116900148,18,46,-28
116900149,70,541,-471
116900150,24,19,5
116900151,155,76,79
116900153,318,167,151
116900154,392,1180,-788
116900155,131,289,-158
116900157,2049,98,1951
116900158,191,610,-419
116900159,129,888,-759
116900160,1571,1198,373
116900161,7672,19779,-12107
116900162,22,124,-102
116900163,527,67,460
116900164,173,127,46
116900165,1519,654,865
116900166,183,77,106
116900167,981,53,928
116900168,1437,59,1378
116900169,439,4053,-3614
116900170,1189,566,623
116900171,164,199,-35
116900172,158,1108,-950
116900173,748,15,733
116900174,57,259,-202
116900175,575,979,-404
116900178,197,110,87
116900179,61,859,-798
116900180,98,23,75
116900182,2396,494,1902
116900183,407,211,196
116900185,51,43,8
116900186,319,95,224
116900187,104,188,-84
116900188,249,26,223
116900189,66,1,65
116900191,319,544,-225
116900192,755,247,508
116900194,223,2966,-2743
116900195,85,17,68
116900196,44,24,20
116900197,305,58,247
116900198,71,869,-798
116900200,196,10,186
116900201,474,8,466
116900202,118,66,52
116900203,358,16,342
116900204,56,626,-570
116900206,17,4,13
116900207,29,92,-63
116900208,4,81,-77
116900209,37,43,-6
116900210,1465,622,843
116900211,355,11,344
116900212,212,10,202
116900213,477,270,207
116900214,858,422,436
116900215,125,67,58
116900216,747,379,368
116900218,4,357,-353
116900219,460,280,180
116900220,249,553,-304
116900221,445,446,-1
116900222,676,364,312
116900223,120,297,-177
116900226,361,39,322
116900227,538,57,481
116900228,662,322,340
116900230,185,98,87
116900231,112,253,-141
116900232,63,330,-267
116900233,635,104,531
116900234,52,14,38
116900235,370,236,134
116900238,938,332,606
116900239,43,1320,-1277
116900240,6313,7387,-1074
116900241,195,32,163
116900242,616,2207,-1591
116900243,0,110,-110
116900245,142,93,49
116900246,211,43,168
116900247,1913,65,1848
116900248,90,62,28
116900249,1126,63,1063
116900250,917,92,825
116900251,632,2806,-2174
116900252,522,1791,-1269
116900253,294,133,161
116900254,194,263,-69
116900255,272,243,29
116900256,1588,254,1334
116900257,154,827,-673
116900258,11,38,-27
116900259,632,46,586
116900260,4,31,-27
116900261,198,5,193
116900262,304,328,-24
116900263,5,14,-9
116900264,3,7,-4
116900265,287,15,272
116900266,45,20,25
116900267,36,1,35
116900268,48,330,-282
116900269,663,2915,-2252
116900271,1097,1192,-95
116900272,1083,723,360
116900273,71,1548,-1477
116900274,397,103,294
116900275,906,83,823
116900276,710,1023,-313
116900277,303,127,176
116900278,2,6,-4
116900279,10,20,-10
116900280,190,13,177
116900281,4761,12649,-7888
116900282,0,36,-36
116900283,50,85,-35
116900284,27,148,-121
116900285,250,1009,-759
116900286,176,24,152
116900287,37,40,-3
116900288,306,41,265
116900289,52,1,51
116900290,44,2,42
116900291,114,13,101
116900292,1,48,-47
116900293,234,8,226
116900294,27,211,-184
116900295,364,929,-565
116900296,68,586,-518
116900297,4,170,-166
116900298,102,312,-210
116900299,25,561,-536
116900300,4,162,-158
116900301,66,1189,-1123
116900302,18,382,-364
116900303,326,331,-5
116900304,0,310,-310
116900305,32,105,-73
116900306,550,48,502
117000001,5008,7538,-2530
117000002,2741,7639,-4898
117000003,10333,7678,2655
117000004,3270,11166,-7896
117000005,6060,5472,588
117000006,1474,3619,-2145
117000007,13145,2389,10756
117000008,1818,4218,-2400
117000009,7615,2804,4811
117000010,1776,3039,-1263
117000011,5728,2917,2811
117000012,2806,1782,1024
117000013,4815,2529,2286
117000014,2170,3269,-1099
117000015,7606,3226,4380
117000016,474,1215,-741
117000017,91,4453,-4362
117000018,217,2049,-1832
117000019,136,2,134
117000020,2030,4411,-2381
117000021,5520,853,4667
117000022,336,1243,-907
117000023,153,1135,-982
117000024,305,2969,-2664
117000025,233,10350,-10117
117000026,2977,9303,-6326
117000027,3151,6394,-3243
117000028,1797,6141,-4344
117000030,468,869,-401
117000031,776,740,36
117000032,2426,4141,-1715
117000033,3478,2361,1117
117000034,545,414,131
117000035,662,816,-154
117000036,1210,671,539
117000037,603,455,148
117000038,761,1128,-367
117000039,617,795,-178
117000040,196,832,-636
117000041,2206,149,2057
117000044,33,899,-866
117000045,2469,764,1705
117000046,740,2246,-1506
117000047,1435,1927,-492
117000048,2132,2133,-1
117000049,101,628,-527
117000050,888,2258,-1370
117000051,5197,92,5105
117000052,120,189,-69
117000053,1802,44,1758
117000054,3415,12,3403
117000055,9,1735,-1726
117000056,1166,66,1100
117000057,1124,2413,-1289
117000060,926,2221,-1295
117000061,4500,3623,877
117000062,333,2130,-1797
117000063,3343,1577,1766
117000064,1189,1095,94
117000066,842,1721,-879
117000067,145,905,-760
117000074,28,387,-359
117000076,126,55,71
117000077,522,262,260
117000078,339,1292,-953
117000079,908,392,516
117000080,1,896,-895
117000081,1735,313,1422
117000082,46,159,-113
117000083,241,15,226
117000084,562,0,562
117000085,998,1633,-635
117000086,1731,535,1196
117000087,267,835,-568
117000088,692,290,402
117000089,5201,371,4830
117000090,854,842,12
117000091,2979,423,2556
117000092,939,1114,-175
117000093,4144,788,3356
117000094,1609,1895,-286
117000095,6269,1143,5126
117000096,1480,1703,-223
117000097,5085,1922,3163
117000098,2922,2982,-60
117000099,9929,2236,7693
117000100,448,630,-182
117000101,258,1025,-767
117000102,4776,1095,3681
117000103,1137,1464,-327
117000104,3589,1405,2184
117000105,610,1553,-943
117000106,4708,1148,3560
117000107,1128,1854,-726
117000108,4819,2007,2812
117000109,1735,3062,-1327
117000110,3416,3975,-559
117000111,7653,8230,-577
117000112,7464,2311,5153
117000113,278,165,113
117000114,574,850,-276
117000115,106,64,42
117000116,410,889,-479
117000117,3391,2481,910
117000118,1061,1092,-31
117000119,299,1425,-1126
117000120,72,3677,-3605
117000121,139,2040,-1901
117000122,3090,3387,-297
117000123,7454,161,7293
117000124,169,733,-564
117000125,114,2754,-2640
117000126,45,174,-129
117000127,208,1978,-1770
117000128,202,4151,-3949
117000129,366,1553,-1187
117000130,91,37,54
117000131,2,212,-210
117000132,10653,39,10614
117000133,6537,31,6506
117000134,2,667,-665
117000135,2,519,-517
117000136,1,251,-250
117000137,460,239,221
117000138,7,2035,-2028
117000140,714,1289,-575
117000141,3813,938,2875
117000181,1140,251,889
117000182,5354,2814,2540
117000195,359,865,-506
117000196,608,343,265
117000225,24,642,-618
117000226,10,603,-593
117000276,852,62,790
117000277,2,138,-136
117000310,2145,3994,-1849
117000315,720,1460,-740
117000320,117,0,117
117000906,1276,31,1245
117000907,7,200,-193
117000908,5,495,-490
117000909,198,262,-64
117000910,443,196,247
117000911,88,238,-150
117000915,12,210,-198
117000916,222,23,199
117000917,3430,162,3268
117000918,553,169,384
117000919,13,81,-68
117000920,6,1926,-1920
117000921,0,335,-335
117000922,76,145,-69
117000924,1777,1658,119
117000926,2226,1418,808
117000927,331,1093,-762
117000928,0,284,-284
117000929,1202,209,993
117000930,1541,23,1518
117000931,216,315,-99
117900002,64,1668,-1604
117900003,193,444,-251
117900005,8,320,-312
117900006,0,148,-148
117900007,421,107,314
117900008,0,24,-24
117900010,762,122,640
117900011,39,2694,-2655
117900012,174,65,109
117900013,5,417,-412
117900014,1206,433,773
117900015,59,324,-265
117900016,1927,2563,-636
117900017,2094,828,1266
117900018,1045,2003,-958
117900019,1930,381,1549
117900020,82,549,-467
117900021,70,429,-359
117900022,64,27,37
117900023,6684,288,6396
117900024,205,253,-48
117900025,61,8,53
117900026,1398,308,1090
117900028,193,24,169
117900029,925,1100,-175
117900030,921,961,-40
117900031,864,2203,-1339
117900032,1588,933,655
117900033,1496,725,771
117900034,146,64,82
117900035,546,1625,-1079
117900036,948,508,440
117900037,475,171,304
117900038,224,196,28
117900039,0,63,-63
117900040,460,198,262
117900041,0,40,-40
117900042,4564,1134,3430
117900043,2,48,-46
117900044,76,9454,-9378
117900045,781,264,517
117900048,654,283,371
117900049,1004,863,141
117900050,21,1705,-1684
117900051,68,102,-34
117900052,215,1288,-1073
117900053,3084,236,2848
117900054,16,22,-6
117900055,5733,774,4959
117900056,135,357,-222
117900057,1962,1292,670
117900058,76,272,-196
117900059,224,485,-261
117900060,5023,2926,2097
117900061,62,807,-745
117900063,1485,319,1166
117900065,516,1812,-1296
117900066,19,380,-361
117900067,2030,350,1680
117900069,2520,236,2284
117900070,31,701,-670
117900071,435,174,261
117900073,1988,454,1534
117900074,41,1601,-1560
117900075,364,194,170
117900076,149,307,-158
117900077,1569,188,1381
117900078,983,929,54
117900080,422,106,316
117900081,419,552,-133
117900082,1455,475,980
117900083,1502,1104,398
117900086,479,285,194
117900087,422,71,351
117900088,1003,1513,-510
117900089,4290,756,3534
117900090,1526,1274,252
117900091,333,124,209
117900092,291,159,132
117900093,224,74,150
117900094,125,116,9
117900095,1133,1904,-771
117900096,420,1505,-1085
117900097,403,97,306
117900098,197,22,175
117900099,635,1870,-1235
117900100,1583,7,1576
117900101,1916,4875,-2959
117900102,252,82,170
117900103,281,17,264
117900104,35,619,-584
117900105,152,242,-90
117900106,333,57,276
117900107,133,0,133
117900109,1943,684,1259
117900110,524,9,515
117900111,2240,267,1973
117900112,167,32,135
117900113,1572,5196,-3624
117900114,85,1,84
117900115,20,726,-706
117900116,1380,890,490
117900117,1967,287,1680
117900118,463,5,458
117900119,644,91,553
117900120,2199,53,2146
117900121,236,200,36
117900122,1280,10671,-9391
117900123,2135,779,1356
117900124,346,1329,-983
117900125,2794,1848,946
117900126,303,390,-87
117900127,1567,285,1282
117900128,946,299,647
117900129,217,3,214
117900130,1719,1363,356
117900131,22,248,-226
117900132,68,112,-44
117900133,44,46,-2
117900134,217,428,-211
117900135,125,97,28
117900136,0,17,-17
117900137,340,363,-23
117900138,0,10,-10
117900139,145,108,37
117900140,12544,1890,10654
117900141,115,797,-682
117900142,31,1112,-1081
117900144,92,3412,-3320
117900145,24,577,-553
117900146,83,900,-817
117900147,238,386,-148
117900148,8115,6893,1222
117900149,253,716,-463
117900150,207,177,30
117900151,80,558,-478
117900152,125,334,-209
117900153,57,283,-226
117900154,1403,1485,-82
117900156,561,689,-128
117900157,107,685,-578
117900158,716,188,528
117900160,1503,1278,225
117900161,1342,1107,235
117900162,1596,685,911
117900163,42,1789,-1747
117900165,1,11,-10
117900166,32,716,-684
117900168,119,267,-148
117900169,1,76,-75
117900170,1,57,-56
117900171,12,4,8
117900172,53,31,22
117900173,76,73,3
117900174,79,69,10
117900175,7,25,-18
117900176,33,34,-1
117900177,94,42,52
117900178,203,113,90
117900180,363,96,267
117900181,82,1045,-963
117900182,0,124,-124
117900183,314,378,-64
117900184,101,248,-147
117900185,104,50,54
117900186,177,20,157
117900187,46,9,37
117900188,504,102,402
117900189,260,92,168
117900190,35,1,34
117900191,287,0,287
117900192,535,1,534
117900193,16,115,-99
117900194,53,21,32
117900195,28,469,-441
117900196,100,49,51
117900207,243,308,-65
117900208,92,71,21
117900209,446,85,361
117900210,206,155,51
117900211,7,69,-62
117900212,297,298,-1
117900213,55,13,42
117900214,20,12,8
117900215,172,23,149
117900216,28,195,-167
117900217,141,410,-269
117900218,85,229,-144
117900219,9,492,-483
117900220,20,1007,-987
117900222,388,114,274
117900223,125,685,-560
118000001,1390,5105,-3715
118000002,959,2226,-1267
118000003,3420,9573,-6153
118000004,1658,13678,-12020
118000005,7321,4788,2533
118000006,9893,7398,2495
118000007,9278,21933,-12655
118000008,1529,13665,-12136
118000009,2749,6169,-3420
118000010,5449,6793,-1344
118000011,4529,2478,2051
118000012,1778,3621,-1843
118000013,5593,5729,-136
118000014,2959,3212,-253
118000016,624,275,349
118000017,1791,616,1175
118000018,681,255,426
118000019,1558,3566,-2008
118000020,654,3616,-2962
118000021,1105,5604,-4499
118000022,1856,1175,681
118000023,765,707,58
118000024,735,1383,-648
118000027,22263,11665,10598
118000029,1162,984,178
118000032,310,3409,-3099
118000033,2748,8312,-5564
118000034,4834,7029,-2195
118000035,3465,3578,-113
118000036,1553,2079,-526
118000037,1593,5214,-3621
118000038,1457,213,1244
118000039,299,156,143
118000040,3790,3714,76
118000041,7400,2925,4475
118000045,246,517,-271
118000046,1730,3223,-1493
118000047,973,6841,-5868
118000048,2413,11431,-9018
118000051,2070,10097,-8027
118000052,1071,3813,-2742
118000053,880,3827,-2947
118000054,8103,2029,6074
118000055,6674,3059,3615
118000056,143,1623,-1480
118000057,246,820,-574
118000058,2945,12795,-9850
118000059,2134,6897,-4763
118000060,2553,1440,1113
118000061,2377,2909,-532
118000062,639,387,252
118000063,736,1817,-1081
118000064,1166,2577,-1411
118000065,3064,3543,-479
118000066,3173,7768,-4595
118000067,610,1141,-531
118000068,1748,19490,-17742
118000069,1690,3019,-1329
118000070,13883,4449,9434
118000071,10091,19874,-9783
118000072,1203,7797,-6594
118000073,606,4097,-3491
118000074,837,958,-121
118000075,988,649,339
118000076,3996,17707,-13711
118000077,1856,4097,-2241
118000078,3457,5919,-2462
118000079,394,1033,-639
118000080,634,2731,-2097
118000081,2586,3473,-887
118000082,799,2337,-1538
118000083,2259,3615,-1356
118000084,3216,4990,-1774
118000086,204,1491,-1287
118000087,10600,5335,5265
118000088,1998,3687,-1689
118000089,7820,6618,1202
118000090,1780,7062,-5282
118000091,3103,8660,-5557
118000092,1774,1297,477
118000093,287,1353,-1066
118000096,1482,1589,-107
118000097,1374,1720,-346
118000098,273,605,-332
118000099,1831,739,1092
118000101,4140,715,3425
118000102,884,947,-63
118000107,6390,1098,5292
118000108,2170,9464,-7294
118000110,1,84,-83
118000111,3,210,-207
118000112,2503,7,2496
118000113,32,615,-583
118000114,2088,48,2040
118000115,22,22,0
118000116,136,1,135
118000117,1047,2630,-1583
118000118,2425,4027,-1602
118000119,2431,4190,-1759
118000120,1988,1876,112
118000121,16,966,-950
118000122,940,766,174
118000123,83,493,-410
118000125,1694,5612,-3918
118000126,1175,5543,-4368
118000127,2023,2861,-838
118000128,510,5932,-5422
118000129,3422,2236,1186
118000130,4277,6149,-1872
118000131,749,2215,-1466
118000132,5039,4613,426
118000133,2809,1804,1005
118000135,1497,2748,-1251
118000136,222,2863,-2641
118000137,678,519,159
118000138,864,762,102
118000139,1007,285,722
118000140,9380,18144,-8764
118000141,6213,2985,3228
118000142,6431,3135,3296
118000143,6368,2755,3613
118000144,1334,930,404
118000145,2441,1738,703
118000146,2909,685,2224
118000147,2541,1308,1233
118000148,1906,2600,-694
118000149,1807,647,1160
118000150,1407,325,1082
118000151,1734,467,1267
118000153,3883,1317,2566
118000154,2706,1950,756
118000155,5670,1692,3978
118000156,4755,7600,-2845
118000157,1342,568,774
118000158,569,985,-416
118000159,93,198,-105
118000160,1657,533,1124
118000161,1314,477,837
118000162,2302,1514,788
118000163,2134,1829,305
118000164,3914,2807,1107
118000168,824,2940,-2116
118000169,1966,1203,763
118000170,5245,4272,973
118000171,800,1226,-426
118000172,95,334,-239
118000173,1557,2873,-1316
118000175,405,417,-12
118000176,911,741,170
118000177,806,1118,-312
118000178,101,59,42
118000179,1259,1373,-114
118000180,1304,1005,299
118000181,1028,356,672
118000182,611,292,319
118000183,502,531,-29
118000184,2784,682,2102
118000185,877,3470,-2593
118000186,659,2585,-1926
118000187,5037,673,4364
118000188,1854,148,1706
118000189,2489,768,1721
118000190,18,34,-16
118000191,28,57,-29
118000192,28,461,-433
118000193,11,224,-213
118000194,4267,1593,2674
118000195,434,11785,-11351
118000196,143,2753,-2610
118000197,58,623,-565
118000198,595,3371,-2776
118000199,583,3688,-3105
118000200,367,1926,-1559
118000201,134,2050,-1916
118000202,116,1509,-1393
118000203,389,2546,-2157
118000204,77,1170,-1093
118000205,132,557,-425
118000206,458,962,-504
118000207,0,113,-113
118000208,2857,2775,82
118000209,5093,1139,3954
118000210,299,67,232
118000211,221,119,102
118000213,1063,12965,-11902
118000214,712,1883,-1171
118000215,791,213,578
118000216,19323,4041,15282
118000217,27,114,-87
118000218,301,58,243
118000219,426,604,-178
118000220,96,110,-14
118000221,1659,1568,91
118000222,125,115,10
118000223,222,87,135
118000224,275,118,157
118000225,512,3381,-2869
118000226,2489,413,2076
118000227,2257,895,1362
118000228,109,847,-738
118000229,76,2029,-1953
118000230,212,559,-347
118000231,136,1001,-865
118000232,1957,438,1519
118000233,2829,1019,1810
118000234,1122,155,967
118000236,516,1115,-599
118000237,422,548,-126
118000238,492,543,-51
118000239,703,1176,-473
118000240,168,170,-2
118000241,804,359,445
118000242,1192,400,792
118000243,558,245,313
118000244,276,63,213
118000246,0,102,-102
118000255,47,705,-658
118000256,218,366,-148
118000259,57,204,-147
118000260,538,121,417
118000261,149,62,87
118000263,291,430,-139
118000266,452,378,74
118000267,2,900,-898
118000268,590,33,557
118000270,550,10,540
118000271,457,354,103
118000272,138,56,82
118000273,667,52,615
118000274,164,670,-506
118000276,708,432,276
118000295,99,280,-181
118000298,330,175,155
118000299,126,108,18
118000301,4,340,-336
118000302,315,51,264
118000311,2566,84,2482
118000312,1038,134,904
118000313,224,124,100
118000314,382,48,334
118000315,277,14,263
118000316,1876,674,1202
118000325,192,102,90
118000326,109,28,81
118000331,107,33,74
118000332,33,33,0
118000333,29,58,-29
118000335,1686,1,1685
118000336,1,294,-293
118000407,712,65,647
118000457,34,194,-160
118000465,911,4521,-3610
118000480,133,111,22
118000489,8,1265,-1257
118000490,6,567,-561
118000492,1240,210,1030
118000510,197,72,125
118000514,107,1457,-1350
118000515,933,2563,-1630
118000517,992,309,683
118000524,188,1060,-872
118000525,928,1122,-194
118000530,68,474,-406
118000531,877,311,566
118000532,519,328,191
118000533,420,173,247
118000534,1644,614,1030
118000535,662,178,484
118000536,139,995,-856
118000537,49,339,-290
118000538,21,303,-282
118000539,97,315,-218
118000540,456,670,-214
118000541,126,225,-99
118000542,203,1054,-851
118000543,591,992,-401
118000546,119,89,30
118000560,2234,5110,-2876
118000562,233,130,103
118000563,2305,1447,858
118000576,274,47,227
118000577,228,235,-7
118000578,145,61,84
118000579,825,4761,-3936
118000595,308,133,175
118000596,2,1366,-1364
118000597,220,76,144
118000598,48,1,47
118000599,506,54,452
118000600,1,43,-42
118000601,109,0,109
118000602,0,29,-29
118000603,0,50,-50
118900001,1136,2271,-1135
118900002,2151,1729,422
118900003,1464,13,1451
118900004,429,145,284
118900005,167,12,155
118900006,539,9,530
118900007,3,2,1
118900008,2477,97,2380
118900009,305,219,86
118900010,307,59,248
118900011,263,18,245
118900012,442,647,-205
118900013,3599,1144,2455
118900015,728,86,642
118900016,14,4,10
118900017,41,417,-376
118900018,2361,62,2299
118900019,9,8,1
118900020,32,393,-361
118900021,144,2007,-1863
118900022,219,28,191
118900023,109,414,-305
118900024,143,317,-174
118900025,47,187,-140
118900026,117,19,98
118900027,1252,355,897
118900028,420,152,268
118900029,547,1040,-493
118900030,1502,391,1111
118900031,152,79,73
118900032,709,188,521
118900033,711,1656,-945
118900034,472,40,432
118900035,253,114,139
118900036,2197,598,1599
118900037,603,1491,-888
118900038,1081,107,974
118900039,1458,374,1084
118900040,427,158,269
118900041,1544,623,921
118900042,89,77,12
118900045,414,270,144
118900046,644,674,-30
118900047,525,612,-87
118900048,226,1616,-1390
118900049,358,78,280
118900050,213,23,190
118900051,68,438,-370
118900052,503,1311,-808
118900053,40,153,-113
118900054,315,38,277
118900055,332,5,327
118900056,50,989,-939
118900057,1327,804,523
118900058,1013,1247,-234
118900059,57,276,-219
118900060,242,112,130
118900062,724,256,468
118900064,522,1247,-725
118900065,116,296,-180
118900066,226,99,127
118900067,6916,7516,-600
118900068,12,812,-800
118900069,1229,353,876
118900071,22,24,-2
118900072,1808,1658,150
118900073,433,255,178
118900074,721,165,556
118900075,437,40,397
118900076,479,363,116
118900077,971,209,762
118900078,1,0,1
118900079,98,241,-143
118900080,246,97,149
118900081,74,77,-3
118900082,4083,398,3685
118900083,53,4,49
118900084,16,43,-27
118900085,581,573,8
118900086,42,224,-182
118900087,289,1928,-1639
118900088,0,5,-5
118900089,33,55,-22
118900090,645,244,401
118900091,326,492,-166
118900092,560,80,480
118900093,227,59,168
118900096,78,73,5
118900097,669,984,-315
118900099,102,189,-87
118900100,127,481,-354
118900101,620,270,350
118900102,49,112,-63
118900103,40,276,-236
118900104,762,210,552
118900105,340,184,156
118900107,138,70,68
118900108,164,479,-315
118900110,2564,2482,82
118900111,2059,760,1299
118900112,490,771,-281
118900113,162,487,-325
118900114,14,361,-347
118900115,445,857,-412
118900116,128,264,-136
118900117,228,166,62
118900118,635,302,333
118900119,300,257,43
118900120,118,490,-372
118900121,88,275,-187
118900122,4,1827,-1823
118900123,166,475,-309
118900124,339,526,-187
118900126,78,400,-322
118900129,628,268,360
118900130,23,235,-212
118900131,947,393,554
118900132,659,394,265
118900133,45,442,-397
118900135,674,302,372
118900136,701,344,357
118900137,10,222,-212
118900139,861,320,541
118900140,1328,533,795
118900141,234,143,91
118900144,557,245,312
118900145,74,293,-219
118900146,857,540,317
118900147,197,1973,-1776
118900148,160,71,89
118900150,182,1157,-975
118900152,987,659,328
118900157,110,831,-721
118900158,403,26,377
118900159,2,372,-370
118900161,79,84,-5
118900163,93,102,-9
118900164,1,99,-98
118900165,192,63,129
118900166,8,0,8
118900167,169,46,123
118900168,104,299,-195
118900169,509,197,312
118900170,692,95,597
118900171,212,86,126
118900174,165,101,64
118900175,1003,497,506
118900176,348,374,-26
118900177,262,16,246
118900178,212,102,110
118900179,5,23,-18
118900181,404,87,317
118900182,45,124,-79
118900183,51,413,-362
118900184,294,147,147
118900185,270,58,212
118900186,114,358,-244
118900187,153,1434,-1281
118900188,564,436,128
118900189,63,1107,-1044
118900190,289,337,-48
118900191,950,110,840
118900192,999,49,950
118900193,2132,15,2117
118900195,296,898,-602
118900196,101,224,-123
118900197,743,158,585
118900198,99,10,89
118900199,186,7,179
118900200,74,57,17
118900201,53,143,-90
118900202,8,118,-110
118900203,166,7,159
118900204,119,22,97
118900205,0,0,0
118900206,1,5,-4
119000001,3017,4254,-1237
119000002,5605,7859,-2254
119000003,6806,1762,5044
119000004,5019,3896,1123
119000005,3946,5398,-1452
119000006,7617,3419,4198
119000007,7757,7387,370
119000008,3904,2937,967
119000009,3934,13013,-9079
119000010,6605,7947,-1342
119000011,3610,4689,-1079
119000012,1750,6211,-4461
119000013,5866,3522,2344
119000014,3174,4055,-881
119000019,616,408,208
119000020,5142,2863,2279
119000021,9905,6042,3863
119000022,2668,8551,-5883
119000023,273,751,-478
119000024,3787,44862,-41075
119000025,6858,2253,4605
119000026,90,1353,-1263
119000027,197,749,-552
119000028,3286,864,2422
119000029,58,436,-378
119000030,916,958,-42
119000031,2705,1180,1525
119000032,3689,2300,1389
119000033,3615,1322,2293
119000034,2845,1052,1793
119000035,78,301,-223
119000036,5637,494,5143
119000037,3459,1082,2377
119000038,592,417,175
119000039,1526,869,657
119000040,1553,1863,-310
119000041,1822,3593,-1771
119000048,3427,2288,1139
119000049,6652,3839,2813
119000050,2295,4886,-2591
119000051,4891,3044,1847
119000052,8514,3580,4934
119000053,3905,2001,1904
119000054,6292,1936,4356
119000055,11525,2184,9341
119000056,7986,2206,5780
119000057,3644,1281,2363
119000058,3053,1521,1532
119000059,1650,1814,-164
119000060,3950,1176,2774
119000061,1509,733,776
119000062,1713,1343,370
119000063,1455,965,490
119000064,1241,1232,9
119000065,1845,5401,-3556
119000066,3499,1552,1947
119000067,2690,1776,914
119000068,4018,1312,2706
119000069,3884,1667,2217
119000070,6039,781,5258
119000071,1500,664,836
119000072,6454,3547,2907
119000073,6467,20331,-13864
119000074,3190,1927,1263
119000075,7500,3231,4269
119000076,269,1407,-1138
119000077,1324,1117,207
119000078,871,1167,-296
119000079,324,717,-393
119000080,1708,292,1416
119000081,660,1097,-437
119000082,1991,368,1623
119000083,1164,830,334
119000084,599,633,-34
119000085,1202,211,991
119000086,372,1572,-1200
119000087,1263,355,908
119000088,346,166,180
119000089,142,254,-112
119000090,227,87,140
119000091,148,271,-123
119000092,521,235,286
119000093,8189,4585,3604
119000094,8627,9360,-733
119000095,5121,12335,-7214
119000097,2269,1337,932
119000098,2304,13062,-10758
119000099,3606,1211,2395
119000100,9331,5482,3849
119000101,5356,2566,2790
119000102,474,2708,-2234
119000103,1043,930,113
119000104,2100,1293,807
119000105,1968,6227,-4259
119000106,872,866,6
119000107,2607,1098,1509
119000108,1384,1110,274
119000109,329,1325,-996
119000110,587,1212,-625
119000111,76,1284,-1208
119000112,207,252,-45
119000113,1349,423,926
119000114,3565,2747,818
119000115,264,357,-93
119000116,274,273,1
119000117,480,792,-312
119000118,18,0,18
119000123,2671,6819,-4148
119000124,2412,337,2075
119000125,10804,820,9984
119000126,2555,588,1967
119000127,1865,492,1373
119000128,35,1,34
119000131,2391,310,2081
119000132,0,0,0
119000133,3,22,-19
119000134,1757,1280,477
119000135,331,408,-77
119000136,807,161,646
119000137,582,205,377
119000138,1798,94,1704
119000139,328,129,199
119000140,569,589,-20
119000284,1675,2427,-752
119000285,2333,1847,486
119000286,5015,4041,974
119000287,2151,1944,207
119000288,3653,1117,2536
119000289,2000,3788,-1788
119000290,309,461,-152
119000291,306,566,-260
119000293,238,297,-59
119000294,152,64,88
119000295,3767,423,3344
119000296,572,189,383
119000302,3762,1614,2148
119000303,21,752,-731
119000314,3624,22818,-19194
119000315,0,160,-160
119000316,495,144,351
119000317,238,163,75
119900001,123,3137,-3014
119900002,605,336,269
119900003,25,410,-385
119900004,236,5837,-5601
119900005,722,117,605
119900006,166,965,-799
119900007,806,556,250
119900008,21,112,-91
119900009,976,387,589
119900010,1235,890,345
119900011,52,616,-564
119900012,61,269,-208
119900013,2506,2451,55
119900014,924,178,746
119900015,709,126,583
119900016,183,186,-3
119900017,95,84,11
119900018,1309,2384,-1075
119900019,202,19,183
119900020,215,332,-117
119900021,467,128,339
119900022,172,1448,-1276
119900023,845,5405,-4560
119900025,1056,43,1013
119900026,1051,254,797
119900027,23,35,-12
119900028,422,343,79
119900029,2,6,-4
119900030,1196,732,464
119900031,136,2473,-2337
119900033,1194,325,869
119900034,2071,52,2019
119900037,260,19,241
119900038,78,1152,-1074
119900039,135,22,113
119900040,199,29,170
119900041,730,45,685
119900042,126,707,-581
119900043,287,224,63
119900044,381,1452,-1071
119900046,598,32,566
119900047,902,400,502
119900048,134,8,126
119900049,326,9,317
119900050,434,400,34
119900051,1610,27,1583
119900052,532,49,483
119900053,683,199,484
119900054,978,26,952
119900055,2265,541,1724
119900057,948,30,918
119900058,856,21,835
119900059,178,66,112
119900060,587,122,465
119900062,341,13,328
119900063,16,128,-112
119900064,1766,270,1496
119900065,392,6,386
119900066,4,0,4
119900067,307,41,266
119900068,1536,6,1530
119900069,209,29,180
119900070,1659,9,1650
119900071,1730,74,1656
119900073,2360,316,2044
119900074,27,118,-91
119900075,2355,1839,516
119900076,1568,268,1300
119900077,2017,424,1593
119900078,1394,781,613
119900079,1647,51,1596
119900080,3237,925,2312
119900081,1641,49,1592
119900082,3308,205,3103
119900083,1021,43,978
119900084,851,1164,-313
119900085,133,41,92
119900087,387,2131,-1744
119900088,62,34,28
119900089,52,175,-123
119900090,144,21,123
119900091,98,227,-129
119900092,78,1304,-1226
119900093,4968,260,4708
119900094,31,416,-385
119900095,213,113,100
119900096,67,133,-66
119900097,175,275,-100
119900098,87,42,45
119900099,31,176,-145
119900100,765,3787,-3022
119900101,237,1729,-1492
119900102,79,131,-52
119900103,80,126,-46
119900104,101,132,-31
119900105,1255,4555,-3300
119900106,21,88,-67
119900107,525,1492,-967
119900108,5684,775,4909
119900109,22,113,-91
119900110,1183,518,665
119900111,594,102,492
119900112,1019,1776,-757
119900113,52,276,-224
119900114,449,636,-187
119900115,1115,339,776
119900116,164,926,-762
119900117,794,382,412
119900118,377,163,214
119900119,668,190,478
119900120,788,484,304
119900121,1363,580,783
119900122,62,162,-100
119900123,266,492,-226
119900124,714,419,295
119900125,78,222,-144
119900126,3431,311,3120
119900127,707,510,197
119900128,1020,1136,-116
119900129,540,217,323
119900130,19,161,-142
119900131,126,97,29
119900132,0,74,-74
119900133,251,91,160
119900134,762,103,659
119900135,11,222,-211
119900136,141,313,-172
119900138,283,413,-130
119900139,44,281,-237
119900140,1,166,-165
119900141,42,2153,-2111
119900142,21,49,-28
119900143,52,333,-281
119900144,1361,415,946
119900145,131,504,-373
119900146,330,196,134
119900147,10,337,-327
119900148,858,54,804
119900149,749,14598,-13849
119900150,149,169,-20
119900151,3353,1722,1631
119900152,696,161,535
119900153,565,62,503
119900154,25,298,-273
119900155,51,41,10
119900156,22,16,6
119900157,526,225,301
119900158,476,115,361
119900159,6,404,-398
119900160,28,230,-202
119900161,265,135,130
119900162,2628,1092,1536
119900163,126,310,-184
119900164,1,1,0
119900165,386,89,297
119900166,199,76,123
119900167,4,106,-102
119900168,3672,432,3240
119900169,40,592,-552
119900170,303,403,-100
119900171,1587,487,1100
119900172,67,37,30
119900173,58,154,-96
119900174,8,224,-216
119900175,4182,423,3759
119900177,70,173,-103
119900178,2,146,-144
119900179,550,1967,-1417
119900180,2714,1067,1647
119900181,31,161,-130
119900182,6,122,-116
119900183,157,759,-602
119900184,878,538,340
119900185,112,620,-508
119900186,23,3751,-3728
119900187,6,250,-244
119900188,316,324,-8
119900189,226,720,-494
119900190,189,727,-538
119900191,261,1013,-752
119900192,45,189,-144
119900193,1297,227,1070
119900194,58,103,-45
119900195,30,301,-271
119900196,393,124,269
119900197,972,486,486
119900198,215,398,-183
119900199,428,35,393
119900200,1541,907,634
119900201,311,237,74
119900202,76,688,-612
119900203,295,1456,-1161
119900204,712,527,185
119900205,2457,427,2030
119900206,629,215,414
119900208,142,198,-56
119900209,1163,5352,-4189
119900210,192,9,183
119900211,132,9,123
119900212,719,413,306
119900213,14,114,-100
119900214,306,32,274
119900215,197,35,162
119900216,25,19,6
119900217,7,10,-3
119900218,12,152,-140
119900219,44,53,-9
119900220,13,19,-6
119900221,83,87,-4
119900222,26,96,-70
119900223,27,48,-21
119900224,91,25,66
119900225,383,40,343
119900226,294,4108,-3814
119900227,404,247,157
119900228,27,545,-518
119900229,141,260,-119
119900230,1382,318,1064
119900231,768,88,680
119900232,329,176,153
119900233,205,20,185
119900234,5,484,-479
119900235,7,100,-93
119900236,42,379,-337
119900237,107,989,-882
119900238,19,387,-368
119900240,127,286,-159
119900241,465,221,244
119900242,3509,2229,1280
119900244,1028,1415,-387
119900245,547,393,154
119900246,285,843,-558
119900247,25,111,-86
119900248,69,1315,-1246
119900249,734,289,445
119900253,1854,441,1413
119900254,180,2986,-2806
119900255,222,800,-578
119900256,1787,407,1380
119900257,191,7,184
119900258,487,19,468
119900259,13,64,-51
119900260,517,26,491
119900261,1142,796,346
119900262,6,249,-243
119900263,2594,321,2273
119900264,449,65,384
119900265,1118,399,719
119900266,1381,272,1109
119900267,265,388,-123
119900268,796,85,711
119900269,2980,650,2330
119900271,90,171,-81
119900272,150,455,-305
119900275,313,101,212
119900276,256,10,246
119900277,19,12,7
119900278,1313,133,1180
119900279,254,692,-438
119900280,825,100,725
119900281,0,615,-615
119900282,57,237,-180
119900283,117,100,17
119900284,113,205,-92
119900285,7,119,-112
119900286,1,19,-18
119900288,14,6,8
119900289,0,24,-24
119900290,16,0,16
119900291,1,130,-129
119900292,34,120,-86
119900293,35,17,18
119900294,50,6,44
119900295,26,0,26
119900296,289,20,269
119900299,201,769,-568
119900300,535,727,-192
119900301,111,517,-406
119900302,124,743,-619
119900303,701,519,182
119900304,509,49,460
119900305,13,154,-141
119900306,34,4,30
119900307,71,213,-142
119900308,4,73,-69
119900309,66,794,-728
119900310,387,345,42
119900311,394,43,351
119900312,423,103,320
119900313,497,375,122
119900314,529,758,-229
119900315,5483,1133,4350
119900318,43,221,-178
119900319,41,96,-55
119900320,635,392,243
119900321,524,17,507
119900322,11,49,-38
119900323,1,34,-33
119900324,0,58,-58
119900325,4,70,-66
119900326,32,26,6
120000001,17244,58615,-41371
120000002,4041,4790,-749
120000003,3362,1563,1799
120000004,4950,1615,3335
120000005,3928,1977,1951
120000006,3093,1521,1572
120000007,4607,8742,-4135
120000008,1951,1564,387
120000009,2151,1237,914
120000010,4503,5206,-703
120000011,2715,2274,441
120000012,3375,2862,513
120000013,8182,4778,3404
120000014,2045,3593,-1548
120000015,5725,3990,1735
120000016,7575,3903,3672
120000017,8368,8228,140
120000018,5632,33695,-28063
120000019,2286,2733,-447
120000020,4087,6220,-2133
120000021,3127,3140,-13
120000022,3873,5046,-1173
120000023,2994,2615,379
120000024,1952,3410,-1458
120000025,4896,2693,2203
120000026,6923,2950,3973
120000027,4608,3028,1580
120000028,1396,4137,-2741
120000029,2341,3746,-1405
120000030,298,1991,-1693
120000031,3148,9290,-6142
120000032,6863,4135,2728
120000033,6631,1905,4726
120000034,6636,1566,5070
120000035,7106,2208,4898
120000036,6615,9570,-2955
120000037,1245,3472,-2227
120000038,7598,5388,2210
120000039,1363,2751,-1388
120000040,182,3364,-3182
120000041,854,2526,-1672
120000042,4291,2671,1620
120000043,9544,1155,8389
120000044,12157,2014,10143
120000045,14745,1092,13653
120000046,8136,7547,589
120000047,1176,22107,-20931
120000048,18657,7800,10857
120000049,7900,9207,-1307
120000050,6467,10303,-3836
120000051,3761,7337,-3576
120000052,8515,1391,7124
120000053,2067,1884,183
120000054,2427,2872,-445
120000055,2765,3891,-1126
120000056,7582,5093,2489
120000057,7260,3002,4258
120000058,1963,2270,-307
120000059,22,3088,-3066
120000061,345,1993,-1648
120000062,345,495,-150
120000063,720,2528,-1808
120000064,625,769,-144
120000065,571,1354,-783
120000066,298,536,-238
120000067,39,222,-183
120000068,526,314,212
120000069,1494,359,1135
120000070,265,472,-207
120000071,1571,155,1416
120000072,2471,819,1652
120000073,2255,111,2144
120000074,172,261,-89
120000075,2364,760,1604
120000076,5594,614,4980
120000077,5296,958,4338
120000078,4211,1660,2551
120000079,486,277,209
120000080,219,356,-137
120000081,551,155,396
120000082,398,301,97
120000083,64,1187,-1123
120000084,499,492,7
120000085,531,726,-195
120000086,305,397,-92
120000087,481,491,-10
120000088,1498,1338,160
120000089,1829,681,1148
120000090,1684,803,881
120000091,2754,1087,1667
120000092,1807,532,1275
120000093,1826,683,1143
120000094,745,1749,-1004
120000095,1597,256,1341
120000096,979,502,477
120000098,2081,704,1377
120000099,962,726,236
120000100,1562,816,746
120000101,1799,546,1253
120000102,1710,1995,-285
120000103,2922,1799,1123
120000104,4702,761,3941
120000105,5925,569,5356
120000106,7294,619,6675
120000107,13085,759,12326
120000108,4497,302,4195
120000109,2704,167,2537
120000110,62,885,-823
120000111,234,1025,-791
120000112,829,1654,-825
120000113,842,1207,-365
120000114,684,1351,-667
120000115,570,1265,-695
120000116,630,1725,-1095
120000117,659,1088,-429
120000118,64,193,-129
120000119,49,69,-20
120000120,362,530,-168
120000121,15,70,-55
120000122,582,2240,-1658
120000123,3128,19180,-16052
120000124,1136,1254,-118
120000125,2791,912,1879
120000126,758,6146,-5388
120000127,1332,3092,-1760
120000128,3840,10659,-6819
120000129,554,304,250
120000130,1957,843,1114
120000131,1124,1115,9
120000134,998,452,546
120000135,2482,1054,1428
120000137,750,346,404
120000138,4485,271,4214
120000139,799,438,361
120000140,3438,229,3209
120000141,663,1511,-848
120000142,2060,1928,132
120000143,1,91,-90
120000144,313,30,283
120000145,1814,2,1812
120000146,1860,3198,-1338
120000149,884,824,60
120000150,2754,20079,-17325
120000151,1155,777,378
120000152,2498,237,2261
120000153,1599,748,851
120000154,1488,1333,155
120000155,610,988,-378
120000156,1278,5502,-4224
120000157,2134,825,1309
120000158,1966,751,1215
120000159,3694,1973,1721
120000160,3826,2790,1036
120000161,6868,3913,2955
120000162,361,553,-192
120000163,1855,840,1015
120000164,1418,238,1180
120000165,1850,635,1215
120000166,3301,503,2798
120000167,596,383,213
120000168,8,1089,-1081
120000169,161,3085,-2924
120000170,12,3532,-3520
120000171,12,1123,-1111
120000172,10,703,-693
120000173,193,2040,-1847
120000174,36,95,-59
120000175,50,104,-54
120000176,22,81,-59
120000177,968,146,822
120000178,3,41,-38
120000179,31,119,-88
120000180,66,74,-8
120000181,133,2690,-2557
120000182,44,1403,-1359
120000183,2,448,-446
120000184,360,1918,-1558
120000186,62,2253,-2191
120000187,34,1798,-1764
120000188,65,1255,-1190
120000190,80,114,-34
120000191,76,228,-152
120000192,107,30,77
120000193,57,7,50
120000195,11,1,10
120000196,61,8,53
120000197,13,22,-9
120000198,699,26,673
120000199,1018,2,1016
120000200,791,7,784
120000201,144,255,-111
120000202,1,52,-51
120000203,711,281,430
120000207,4,52,-48
120000208,15,68,-53
120000209,22,28,-6
120000210,61,25,36
120000211,1156,6,1150
120000212,1094,0,1094
120000213,780,269,511
120000214,2,72,-70
120000215,19,93,-74
120000216,984,79,905
120000217,379,1300,-921
120000218,39,517,-478
120000219,8,316,-308
120000220,3,797,-794
120000225,5411,17,5394
120000226,1374,20,1354
120000227,1900,222,1678
120000228,17984,8116,9868
120000230,1117,47,1070
120000231,3895,865,3030
120000233,1532,90,1442
120000235,766,486,280
120000236,3735,4,3731
120000237,2,1322,-1320
120000238,4,1039,-1035
120000241,2479,8718,-6239
120000412,475,253,222
120000413,1424,282,1142
120000414,667,7,660
120000415,27,126,-99
120000416,440,17,423
120000417,52,273,-221
120000418,1001,29,972
120000419,63,58,5
120000420,194,83,111
120000421,12680,6328,6352
120000422,221,6692,-6471
120000423,4,331,-327
120000424,918,126,792
120000436,185,2522,-2337
120000437,110,209,-99
120000438,2243,438,1805
120000439,647,1738,-1091
120000443,271,1,270
120000444,3315,706,2609
120000445,4640,3214,1426
120000446,4477,317,4160
120000447,1155,6,1149
120000449,821,13,808
120000450,29,107,-78
120000451,443,354,89
120000452,1081,6,1075
120000453,0,53,-53
120000454,73,201,-128
120000455,363,108,255
120000456,3136,11020,-7884
120000457,627,416,211
120000458,611,646,-35
120000459,502,210,292
120000665,230,783,-553
120000668,174,4795,-4621
120000669,935,159,776
120000670,73,1607,-1534
120000671,8141,1586,6555
120000672,108,696,-588
120900001,187,52,135
120900002,160,1332,-1172
120900003,329,15,314
120900004,18,335,-317
120900005,470,290,180
120900006,1655,322,1333
120900007,754,91,663
120900008,1035,633,402
120900009,430,33,397
120900010,1736,316,1420
120900011,49,502,-453
120900012,55,2420,-2365
120900013,693,256,437
120900014,3,504,-501
120900015,2145,484,1661
120900016,4156,167,3989
120900017,2704,185,2519
120900018,484,244,240
120900019,790,963,-173
120900020,542,1120,-578
120900021,855,211,644
120900022,12,395,-383
120900023,814,121,693
120900024,2251,574,1677
120900025,1655,1146,509
120900026,283,170,113
120900027,1021,45,976
120900028,1356,411,945
120900029,53,1895,-1842
120900030,5099,925,4174
120900031,671,121,550
120900032,2888,113,2775
120900033,3123,451,2672
120900034,26,7062,-7036
120900035,502,203,299
120900037,1098,43,1055
120900038,347,963,-616
120900039,314,110,204
120900040,824,9,815
120900041,42,45,-3
120900042,1270,42,1228
120900043,272,203,69
120900044,4,852,-848
120900045,310,83,227
120900046,1890,18,1872
120900047,348,335,13
120900048,534,67,467
120900049,1254,15,1239
120900050,1465,6902,-5437
120900051,837,129,708
120900052,2565,26,2539
120900053,1257,71,1186
120900054,1775,451,1324
120900055,1764,10,1754
120900056,1797,75,1722
120900057,949,33,916
120900058,1592,6,1586
120900059,481,6,475
120900060,172,21,151
120900061,414,242,172
120900062,1015,4,1011
120900063,2626,32,2594
120900064,1890,4,1886
120900065,1768,8,1760
120900066,2208,137,2071
120900067,757,211,546
120900068,1058,4,1054
120900069,1444,35,1409
120900071,23,2,21
120900072,2349,41,2308
120900073,2766,89,2677
120900074,3800,122,3678
120900076,1425,3,1422
120900077,2125,430,1695
120900078,2031,565,1466
120900079,3135,138,2997
120900080,3100,367,2733
120900081,3529,517,3012
120900082,441,818,-377
120900083,378,72,306
120900084,1271,1091,180
120900085,78,163,-85
120900086,95,1550,-1455
120900087,957,378,579
120900088,557,1751,-1194
120900089,2598,8454,-5856
120900090,761,47,714
120900091,313,1371,-1058
120900092,246,296,-50
120900093,1562,156,1406
120900094,360,327,33
120900095,719,51,668
120900096,227,205,22
120900097,1225,684,541
120900098,108,123,-15
120900099,138,109,29
120900100,117,235,-118
120900101,71,158,-87
120900102,266,89,177
120900103,335,349,-14
120900104,16,32,-16
120900105,70,823,-753
120900106,381,254,127
120900107,110,191,-81
120900108,68,302,-234
120900109,47,424,-377
120900110,57,357,-300
120900111,331,208,123
120900112,129,264,-135
120900113,31,533,-502
120900114,80,256,-176
120900115,322,380,-58
120900116,1797,166,1631
120900117,52,140,-88
120900118,71,219,-148
120900119,14587,4146,10441
120900120,155,1074,-919
120900121,43,413,-370
120900122,2265,201,2064
120900123,59,91,-32
120900124,9,150,-141
120900125,15,498,-483
120900126,274,855,-581
120900127,94,201,-107
120900128,486,908,-422
120900129,16,138,-122
120900130,12,222,-210
120900131,223,388,-165
120900132,3163,267,2896
120900133,117,757,-640
120900134,196,186,10
120900135,17,164,-147
120900136,137,306,-169
120900137,1049,178,871
120900138,12,179,-167
120900139,3,185,-182
120900140,6,389,-383
120900141,821,310,511
120900142,0,163,-163
120900143,5,225,-220
120900144,0,52,-52
120900145,255,1549,-1294
120900146,2,200,-198
120900147,1,45,-44
120900148,536,208,328
120900149,1,147,-146
120900150,251,227,24
120900151,1,111,-110
120900152,16,14,2
120900153,0,0,0
120900154,9,176,-167
120900155,481,352,129
120900156,966,285,681
120900157,1,3,-2
120900158,190,287,-97
120900159,1,59,-58
120900160,96,513,-417
120900161,196,466,-270
120900162,86,730,-644
120900163,246,1604,-1358
120900164,0,73,-73
120900165,4,186,-182
120900166,106,1683,-1577
120900167,198,119,79
120900169,328,318,10
120900170,338,9541,-9203
120900171,584,155,429
120900172,56,2917,-2861
120900173,34,45,-11
120900174,15,181,-166
120900175,341,153,188
120900176,61,969,-908
120900177,6,4682,-4676
120900178,3,2149,-2146
120900179,179,351,-172
120900180,110,625,-515
120900181,115,95,20
120900182,124,236,-112
120900183,1795,497,1298
120900184,488,156,332
120900185,1262,2689,-1427
120900186,1,143,-142
120900187,1816,951,865
120900188,818,25,793
120900189,106,7951,-7845
120900190,661,12,649
120900191,457,16,441
120900192,7459,31435,-23976
120900194,242,469,-227
120900195,169,353,-184
120900196,834,135,699
120900197,1449,228,1221
120900198,190,433,-243
120900199,565,1465,-900
120900200,26,190,-164
120900201,280,115,165
120900202,1,171,-170
120900203,99,67,32
120900204,127,275,-148
120900205,158,28,130
120900206,135,73,62
120900207,3,67,-64
121000001,1198,5205,-4007
121000002,4140,4170,-30
121000003,12333,3767,8566
121000004,3537,5824,-2287
121000005,3753,4965,-1212
121000006,4738,5210,-472
121000007,4582,11653,-7071
121000008,5802,9545,-3743
121000009,8520,15135,-6615
121000010,9622,11273,-1651
121000011,10306,13509,-3203
121000012,16786,7766,9020
121000013,10524,9046,1478
121000014,7566,6038,1528
121000015,8366,11632,-3266
121000016,5728,6440,-712
121000017,4403,2523,1880
121000018,6120,2912,3208
121000019,11193,10709,484
121000020,13959,21365,-7406
121000021,3029,2954,75
121000022,4077,5695,-1618
121000023,3911,1395,2516
121000024,7447,8133,-686
121000025,976,2857,-1881
121000026,629,347,282
121000027,2568,2290,278
121000028,1465,1547,-82
121000029,1622,1214,408
121000030,1254,1011,243
121000031,662,1602,-940
121000032,335,308,27
121000034,693,2262,-1569
121000035,532,1010,-478
121000036,1803,2153,-350
121000037,1131,2950,-1819
121000038,586,1856,-1270
121000039,408,856,-448
121000041,813,993,-180
121000042,257,711,-454
121000043,1153,1054,99
121000044,2239,1928,311
121000045,882,559,323
121000046,1486,1875,-389
121000047,108,173,-65
121000049,1687,1289,398
121000050,589,3610,-3021
121000051,1066,869,197
121000052,758,2350,-1592
121000053,1069,517,552
121000054,111,1131,-1020
121000055,1658,6030,-4372
121000056,1544,2271,-727
121000057,275,1031,-756
121000058,323,211,112
121000059,5717,2609,3108
121000060,731,1859,-1128
121000061,66,1047,-981
121000062,185,2430,-2245
121000063,1382,2095,-713
121000064,1027,1327,-300
121000065,284,1294,-1010
121000066,1177,2678,-1501
121000067,759,2203,-1444
121000068,771,944,-173
121000069,190,2529,-2339
121000070,1959,3231,-1272
121000071,3372,3720,-348
121000072,1251,3303,-2052
121000073,1527,2875,-1348
121000074,140,596,-456
121000075,30,358,-328
121000076,509,1051,-542
121000077,262,291,-29
121000078,222,578,-356
121000080,4893,1309,3584
121000081,9254,7688,1566
121000082,144,743,-599
121000083,86,294,-208
121000084,316,506,-190
121000085,672,956,-284
121000086,2229,769,1460
121000087,165,394,-229
121000088,1672,778,894
121000089,286,1220,-934
121000090,308,793,-485
121000091,2012,1473,539
121000092,326,172,154
121000093,347,542,-195
121000094,498,1825,-1327
121000095,240,1653,-1413
121000096,10781,3436,7345
121000097,938,4198,-3260
121000098,1233,845,388
121000099,1614,824,790
121000100,1567,287,1280
121000101,777,323,454
121000102,797,193,604
121000103,543,194,349
121000104,797,114,683
121000105,879,206,673
121000106,672,367,305
121000107,2759,5061,-2302
121000109,2256,1291,965
121000110,252,1148,-896
121000114,6940,4538,2402
121000115,7108,1128,5980
121000116,581,1817,-1236
121000117,465,486,-21
121000118,2488,572,1916
121000119,605,442,163
121000120,1068,791,277
121000121,729,4301,-3572
121000123,1065,671,394
121000126,113,650,-537
121000127,140,172,-32
121000128,2565,227,2338
121000129,2002,305,1697
121000130,994,972,22
121000131,2133,1378,755
121000132,929,1208,-279
121000135,564,808,-244
121000136,1297,3137,-1840
121000137,2711,719,1992
121000138,635,2670,-2035
121000139,261,971,-710
121000141,403,757,-354
121000142,938,911,27
121000143,222,43,179
121000144,987,1120,-133
121000145,1306,1134,172
121000146,2339,2499,-160
121000147,2448,946,1502
121000148,1599,1393,206
121000149,4315,4104,211
121000152,536,625,-89
121000153,2492,848,1644
121000154,2935,1006,1929
121000155,6368,2239,4129
121000156,725,2245,-1520
121000157,1868,2132,-264
121000158,296,499,-203
121000159,433,762,-329
121000160,464,1025,-561
121000161,620,519,101
121000162,329,126,203
121000165,1812,2867,-1055
121000166,95,918,-823
121000168,622,391,231
121000169,233,303,-70
121000170,466,120,346
121000171,174,479,-305
121000172,2032,2839,-807
121000173,2870,2667,203
121000174,1520,1182,338
121000175,3535,1606,1929
121000176,1216,591,625
121000177,1318,1688,-370
121000178,144,213,-69
121000179,53,144,-91
121000181,543,590,-47
121000182,465,849,-384
121000183,109,444,-335
121000184,45,1114,-1069
121000185,62,1027,-965
121000186,691,1770,-1079
121000187,466,169,297
121000188,766,159,607
121000192,1629,749,880
121000193,1539,640,899
121000194,3589,3779,-190
121000195,543,2761,-2218
121000196,1155,1254,-99
121000197,216,3315,-3099
121000198,308,710,-402
121000199,286,1207,-921
121000200,1227,606,621
121000201,41,847,-806
121000202,1096,475,621
121000203,1393,3200,-1807
121000204,5762,1328,4434
121000205,234,470,-236
121000206,158,262,-104
121000207,3886,854,3032
121000208,10,397,-387
121000209,1427,124,1303
121000210,1408,657,751
121000211,1133,207,926
121000212,737,1163,-426
121000213,33228,5783,27445
121000214,3054,4080,-1026
121000215,1015,5040,-4025
121000216,1091,1397,-306
121000217,6517,6310,207
121000218,655,5069,-4414
121000219,3022,2056,966
121000220,391,209,182
121000221,378,1338,-960
121000222,9565,6715,2850
121000223,252,1622,-1370
121000224,219,984,-765
121000225,1011,9013,-8002
121000226,1560,3950,-2390
121000227,43,178,-135
121000228,55,1357,-1302
121000229,1035,1065,-30
121000230,199,5911,-5712
121000231,3474,51,3423
121000232,1154,467,687
121000233,1356,532,824
121000234,23,90,-67
121000235,83,98,-15
121000236,6,54,-48
121000237,41,41,0
121000238,14,106,-92
121000239,129,5,124
121000240,29,213,-184
121000241,121,38,83
121000242,37,490,-453
121000243,270,89,181
121000244,4,86,-82
121000245,44,21,23
121000246,1,121,-120
121000247,153,9,144
121000248,644,995,-351
121000249,193,665,-472
121000250,1090,887,203
121000251,24,410,-386
121000252,220,308,-88
121000253,861,1742,-881
121000254,1368,682,686
121000255,331,1080,-749
121000256,678,1081,-403
121000257,87,325,-238
121000258,101,473,-372
121000259,34,310,-276
121000260,44,456,-412
121000261,49,491,-442
121000262,4627,610,4017
121000263,794,663,131
121000271,2187,2817,-630
121000273,46,65,-19
121000274,82,425,-343
121000275,1,43,-42
121000276,34,166,-132
121000278,156,124,32
121000279,101,256,-155
121000280,124,270,-146
121000289,940,31,909
121000290,3881,3755,126
121000294,563,51,512
121000297,622,2340,-1718
121000299,240,9212,-8972
121000300,4114,1637,2477
121000302,32,1182,-1150
121000303,1138,480,658
121000304,989,157,832
121000305,398,188,210
121000306,420,624,-204
121000308,117,517,-400
121000309,423,701,-278
121000310,186,443,-257
121000311,123,556,-433
121000312,1283,903,380
121000313,589,542,47
121000314,51,90,-39
121000315,21,109,-88
121000530,4131,3892,239
121000531,3859,2710,1149
121000532,8897,8807,90
121000533,6167,6107,60
121000918,15,70,-55
121000919,30,151,-121
121000938,164,134,30
121000939,75,480,-405
121000956,2874,3350,-476
121000957,6,127,-121
121000958,7,1003,-996
121000959,2787,558,2229
121000960,3000,1728,1272
121000961,725,113,612
121000962,641,676,-35
121000973,6,589,-583
121000976,30,167,-137
121000979,1048,395,653
121000981,891,157,734
121000982,662,310,352
121000983,1056,278,778
121000984,20,215,-195
121000985,2201,868,1333
121000986,1380,463,917
121000987,477,1155,-678
121000988,2207,249,1958
121001302,527,292,235
121001308,4,197,-193
121001309,51,575,-524
121001313,538,111,427
121001314,3189,2350,839
121001315,8372,5890,2482
121900001,251,586,-335
121900002,55,367,-312
121900003,510,20,490
121900004,68,2412,-2344
121900005,42,8,34
121900006,285,65,220
121900007,4478,3264,1214
121900008,35,346,-311
121900009,2200,32,2168
121900010,470,8,462
121900011,460,248,212
121900012,9,3,6
121900013,200,213,-13
121900014,6582,648,5934
121900015,235,506,-271
121900016,36,85,-49
121900017,1050,1368,-318
121900018,1275,19,1256
121900019,1398,319,1079
121900020,108,3,105
121900021,2134,95,2039
121900022,443,425,18
121900023,418,943,-525
121900024,1194,88,1106
121900025,1236,966,270
121900026,966,252,714
121900027,771,511,260
121900028,387,34,353
121900029,267,1090,-823
121900030,730,929,-199
121900031,3497,10935,-7438
121900032,259,141,118
121900033,273,470,-197
121900034,377,806,-429
121900035,15309,7044,8265
121900036,324,751,-427
121900037,165,2392,-2227
121900038,113,205,-92
121900039,314,68,246
121900040,74,169,-95
121900041,100,440,-340
121900042,785,341,444
121900043,0,13,-13
121900044,174,74,100
121900046,333,512,-179
121900047,331,194,137
121900048,261,141,120
121900050,43,112,-69
121900051,214,608,-394
121900052,514,135,379
121900053,930,819,111
121900054,453,3439,-2986
121900055,19,39,-20
121900058,804,915,-111
121900059,735,264,471
121900060,306,1403,-1097
121900061,331,231,100
121900062,331,154,177
121900063,2813,1183,1630
121900064,654,1288,-634
121900066,243,33,210
121900067,154,96,58
121900069,228,550,-322
121900070,143,411,-268
121900071,1441,768,673
121900072,88,354,-266
121900073,266,612,-346
121900074,928,955,-27
121900075,523,1535,-1012
121900076,799,3260,-2461
121900077,71,25,46
121900078,372,67,305
121900079,0,0,0
121900080,1670,549,1121
121900082,144,232,-88
121900084,89,67,22
121900085,12,27,-15
121900086,63,65,-2
121900087,91,144,-53
121900088,2744,3678,-934
121900089,744,386,358
121900090,40,96,-56
121900091,259,73,186
121900092,422,173,249
121900093,152,147,5
121900094,22,33,-11
121900095,814,222,592
121900096,2040,1644,396
121900097,1488,231,1257
121900098,55,9,46
121900099,565,81,484
121900100,90,230,-140
121900101,113,212,-99
121900102,5,161,-156
121900103,869,768,101
121900104,3429,1105,2324
121900105,424,306,118
121900106,15,16,-1
121900107,290,50,240
121900108,1,76,-75
121900109,355,219,136
121900110,1458,1072,386
121900111,1151,981,170
121900112,230,519,-289
121900113,204,1106,-902
121900114,81,116,-35
121900117,322,1359,-1037
121900118,5045,1412,3633
121900119,221,54,167
121900120,413,1754,-1341
121900121,1018,43,975
121900122,93,117,-24
121900123,701,530,171
121900124,570,351,219
121900125,7312,2659,4653
121900127,16,245,-229
121900128,148,144,4
121900129,380,170,210
121900130,135,847,-712
121900131,522,229,293
121900132,174,141,33
121900133,23,861,-838
121900134,22,990,-968
121900135,10033,679,9354
121900136,538,583,-45
121900137,70,648,-578
121900138,101,562,-461
121900139,751,6411,-5660
121900140,96,71,25
121900141,111,251,-140
121900142,138,63,75
121900143,57,212,-155
121900144,314,1285,-971
121900145,304,443,-139
121900146,571,1315,-744
121900147,77,836,-759
121900148,612,899,-287
121900149,539,584,-45
121900150,137,499,-362
121900151,53,668,-615
121900152,330,80,250
121900153,21,249,-228
121900154,32,713,-681
121900155,8,1138,-1130
121900156,430,399,31
121900157,2,463,-461
121900158,193,283,-90
121900159,3,233,-230
121900160,30,332,-302
121900161,309,927,-618
121900162,208,501,-293
121900163,825,289,536
121900164,272,458,-186
121900165,253,501,-248
121900166,169,285,-116
121900167,95,107,-12
121900168,158,94,64
121900169,39,521,-482
121900170,20,125,-105
121900171,1807,1365,442
121900172,1309,879,430
121900173,1636,774,862
121900174,134,97,37
121900175,140,2369,-2229
121900176,1082,3700,-2618
121900177,272,140,132
121900178,111,130,-19
121900179,615,769,-154
121900180,2649,10441,-7792
121900182,1310,1925,-615
121900183,386,2951,-2565
121900184,51,2194,-2143
121900186,12,1078,-1066
121900187,25,325,-300
121900188,3695,314,3381
121900189,286,96,190
121900190,316,890,-574
121900191,36,615,-579
121900192,400,4778,-4378
121900193,123,725,-602
121900194,21,492,-471
121900195,21,69,-48
121900196,2204,1491,713
121900197,634,1720,-1086
121900198,6783,5183,1600
121900199,3,43,-40
121900200,81,494,-413
121900201,2180,1389,791
121900202,465,2062,-1597
121900203,140,2452,-2312
121900204,3591,2449,1142
121900205,64,225,-161
121900206,23,410,-387
121900207,80,153,-73
121900208,203,1258,-1055
121900209,158,118,40
121900210,4665,2179,2486
121900211,107,196,-89
121900212,41,257,-216
121900213,952,45,907
121900214,2,914,-912
121900215,77,484,-407
121900216,42,1110,-1068
121900217,498,645,-147
121900218,207,1156,-949
121900220,189,31,158
121900221,1182,841,341
121900222,683,162,521
121900223,319,357,-38
121900224,245,285,-40
121900225,217,1186,-969
121900226,570,50,520
121900227,650,6218,-5568
121900228,380,172,208
121900230,117,830,-713
121900231,106,3262,-3156
121900232,291,1274,-983
121900233,1345,416,929
121900234,645,858,-213
121900235,1268,233,1035
121900236,638,394,244
121900237,374,1628,-1254
121900238,341,1045,-704
121900239,277,157,120
121900240,261,617,-356
121900241,65,59,6
121900242,74,0,74
121900243,22,0,22
121900244,45,4,41
121900245,1023,64,959
121900246,12904,827,12077
121900247,930,405,525
121900248,4301,1400,2901
121900250,259,420,-161
121900251,1519,61,1458
121900252,586,186,400
121900253,70,1669,-1599
121900254,383,666,-283
121900255,1248,415,833
121900258,9061,2599,6462
121900259,185,978,-793
121900260,363,269,94
121900261,182,1421,-1239
121900262,1370,2651,-1281
121900263,534,319,215
121900264,1845,1218,627
121900265,825,373,452
121900266,1157,238,919
121900267,421,53,368
121900269,765,1969,-1204
121900270,103,375,-272
121900271,138,471,-333
121900273,803,3671,-2868
121900274,870,488,382
121900277,445,3082,-2637
121900278,243,5395,-5152
121900279,343,517,-174
121900280,170,680,-510
121900281,206,789,-583
121900284,40,13,27
121900286,408,736,-328
121900287,8,107,-99
121900288,4,8,-4
121900290,381,2628,-2247
121900291,639,3369,-2730
121900292,299,279,20
121900293,1253,13878,-12625
121900294,834,26,808
121900295,309,146,163
121900296,158,456,-298
121900298,227,2308,-2081
121900299,0,15,-15
121900300,78,4,74
121900301,75,0,75
121900302,23,111,-88
121900303,252,1979,-1727
121900304,77,39,38
121900305,53,37,16
121900306,695,6,689
121900307,463,15,448
121900308,17,324,-307
121900309,22,366,-344
121900310,2,194,-192
121900311,1063,55,1008
121900312,1003,42,961
121900313,943,74,869
121900314,6,42,-36
121900315,98,3,95
121900316,0,2,-2
121900317,51,32,19
121900318,7,7,0
121900319,138,499,-361
121900320,195,43,152
121900321,54,8,46
121900322,21,8,13
121900323,136,59,77
121900324,5,74,-69
121900325,91,0,91
121900326,1,4,-3
121900327,4,54,-50
121900328,0,53,-53
121900329,3,47,-44
121900330,0,50,-50
121900331,85,193,-108
121900332,115,53,62
121900333,140,10,130
122000001,2415,6391,-3976
122000002,3681,1490,2191
122000003,1334,3343,-2009
122000004,1731,1572,159
122000005,11007,3142,7865
122000006,801,2159,-1358
122000007,763,2417,-1654
122000008,1657,4411,-2754
122000009,843,821,22
122000010,3846,4152,-306
122000011,9700,3375,6325
122000012,1244,6425,-5181
122000013,864,3244,-2380
122000014,10026,2907,7119
122000015,1721,1374,347
122000016,608,955,-347
122000017,2350,2369,-19
122000018,5917,3899,2018
122000019,1519,4462,-2943
122000020,305,1156,-851
122000021,268,580,-312
122000022,2181,2775,-594
122000023,2138,4030,-1892
122000024,751,5193,-4442
122000025,774,5809,-5035
122000026,336,1567,-1231
122000027,1535,1289,246
122000028,4697,1564,3133
122000029,408,3320,-2912
122000030,238,580,-342
122000031,284,1133,-849
122000032,9598,4807,4791
122000033,617,6556,-5939
122000034,404,2292,-1888
122000035,368,703,-335
122000036,841,1744,-903
122000037,2116,507,1609
122000038,413,1058,-645
122000039,746,1498,-752
122000040,279,673,-394
122000041,3000,1837,1163
122000042,703,1616,-913
122000043,148,423,-275
122000044,169,268,-99
122000045,3323,1691,1632
122000046,1446,2611,-1165
122000047,102,543,-441
122000048,2999,6740,-3741
122000049,11916,7198,4718
122000050,934,1525,-591
122000051,382,845,-463
122000052,835,919,-84
122000053,495,2093,-1598
122000054,2856,4782,-1926
122000055,2337,5163,-2826
122000056,5511,3327,2184
122000057,7604,4632,2972
122000058,918,2566,-1648
122000059,1003,5048,-4045
122000060,371,1713,-1342
122000061,188,1261,-1073
122000062,744,468,276
122000063,336,1966,-1630
122000064,3981,10038,-6057
122000065,3281,7073,-3792
122000066,1065,5356,-4291
122000067,2211,3656,-1445
122000068,9576,2728,6848
122000069,3051,2249,802
122000070,3907,2719,1188
122000071,7284,2183,5101
122000072,2953,1370,1583
122000073,250,2986,-2736
122000074,4365,3328,1037
122000075,2293,1807,486
122000076,13050,3406,9644
122000077,937,3723,-2786
122000078,427,4192,-3765
122000079,249,5100,-4851
122000080,639,1034,-395
122000081,147,583,-436
122000082,284,2164,-1880
122000083,20173,1567,18606
122000084,7806,3559,4247
122000085,654,1734,-1080
122000086,5867,15995,-10128
122000087,494,598,-104
122000088,79,562,-483
122000089,10583,5782,4801
122000090,1555,3986,-2431
122000091,198,2749,-2551
122000092,52,188,-136
122000093,2805,10678,-7873
122000094,13047,5955,7092
122000095,1159,11025,-9866
122000096,682,6532,-5850
122000098,9123,7098,2025
122000099,666,4386,-3720
122000100,1044,1222,-178
122000101,486,1132,-646
122000102,9105,2535,6570
122000103,2085,4961,-2876
122000104,3054,288,2766
122000105,470,947,-477
122000106,1022,3244,-2222
122000107,2242,857,1385
122000108,1561,1488,73
122000109,646,442,204
122000110,1370,1106,264
122000111,5533,2536,2997
122000112,3243,3107,136
122000113,922,1612,-690
122000114,2373,7860,-5487
122000115,3960,2405,1555
122000116,523,969,-446
122000117,2662,768,1894
122000118,1408,823,585
122000119,4534,2425,2109
122000120,1212,5845,-4633
122000121,902,3095,-2193
122000122,420,1105,-685
122000123,1602,2597,-995
122000124,1033,714,319
122000125,482,781,-299
122000126,547,907,-360
122000127,523,881,-358
122000128,327,504,-177
122000129,704,3853,-3149
122000130,5810,1711,4099
122000131,2449,1814,635
122000132,344,516,-172
122000133,1412,1135,277
122000134,2134,1130,1004
122000135,785,274,511
122000136,1668,758,910
122000137,4805,1999,2806
122000139,1340,6789,-5449
122000140,272,3395,-3123
122000141,11155,5692,5463
122000142,173,6548,-6375
122000143,482,707,-225
122000144,3096,2814,282
122000145,1144,3397,-2253
122000146,881,8054,-7173
122000147,688,2333,-1645
122000148,469,2819,-2350
122000149,3061,1737,1324
122000150,2670,2292,378
122000151,220,683,-463
122000152,751,857,-106
122000153,876,965,-89
122000154,463,416,47
122000155,1971,5524,-3553
122000156,21070,8872,12198
122000157,1052,20875,-19823
122000158,484,2455,-1971
122000159,1468,2360,-892
122000160,3406,2829,577
122000161,1707,1600,107
122000162,1833,1556,277
122000163,1151,303,848
122000164,147,527,-380
122000165,2368,3225,-857
122000166,1079,4695,-3616
122000167,435,1305,-870
122000168,438,2622,-2184
122000169,899,568,331
122000170,506,674,-168
122000171,74,235,-161
122000172,4348,2715,1633
122000173,3399,5586,-2187
122000174,1900,4105,-2205
122000175,953,718,235
122000176,635,3241,-2606
122000177,1385,3020,-1635
122000178,9463,7452,2011
122000179,6796,6688,108
122000180,872,1817,-945
122000181,930,2486,-1556
122000182,2231,2014,217
122000183,4496,1656,2840
122000184,5363,4671,692
122000185,1523,5781,-4258
122000186,1436,4376,-2940
122000187,3135,3309,-174
122000188,703,650,53
122000189,432,532,-100
122000190,1003,3285,-2282
122000191,1179,1422,-243
122000192,2242,1032,1210
122000193,932,1815,-883
122000194,754,654,100
122000195,298,2637,-2339
122000196,1982,614,1368
122000197,702,1324,-622
122000198,739,6086,-5347
122000199,588,931,-343
122000200,1435,1552,-117
122000201,2122,5736,-3614
122000202,1473,3954,-2481
122000203,3838,2354,1484
122000204,1884,2145,-261
122000205,1370,1095,275
122000206,12237,2237,10000
122000207,3264,4426,-1162
122000208,3807,5977,-2170
122000209,4272,1699,2573
122000210,3204,6474,-3270
122000211,1715,3984,-2269
122000212,1471,874,597
122000213,1671,3544,-1873
122000214,3254,3066,188
122000215,5198,3408,1790
122000217,2461,5570,-3109
122000218,1638,135,1503
122000219,3483,1939,1544
122000220,491,1263,-772
122000221,290,652,-362
122000222,1027,196,831
122000223,1079,1180,-101
122000225,948,925,23
122000226,2028,2110,-82
122000227,338,2253,-1915
122000228,495,381,114
122000229,21,799,-778
122000230,103,957,-854
122000231,489,1003,-514
122000232,891,875,16
122000233,2,89,-87
122000234,1107,100,1007
122000235,1012,148,864
122000236,2799,82,2717
122000237,237,299,-62
122000238,557,1373,-816
122000239,1316,701,615
122000240,2278,922,1356
122000241,5086,1037,4049
122000242,1131,358,773
122000243,11,46,-35
122000244,4,488,-484
122000245,13,186,-173
122000246,15,231,-216
122000247,1103,673,430
122000248,2257,1103,1154
122000249,2356,1888,468
122000250,4543,1544,2999
122000251,129,397,-268
122000252,381,179,202
122000253,158,296,-138
122000254,731,134,597
122000255,764,912,-148
122000256,537,798,-261
122000257,537,180,357
122000258,528,713,-185
122000259,68,506,-438
122000260,12,53,-41
122000261,25,547,-522
122000262,2,53,-51
122000263,416,662,-246
122000264,3245,885,2360
122000265,5325,2707,2618
122000266,6936,1343,5593
122000267,167,207,-40
122000268,347,729,-382
122000269,1705,690,1015
122000270,1191,623,568
122000271,313,6646,-6333
122000272,641,2031,-1390
122000273,1143,979,164
122000274,627,457,170
122000275,110,358,-248
122000276,2391,969,1422
122000277,1858,2794,-936
122000278,3958,285,3673
122000279,459,520,-61
122000280,1033,1359,-326
122000281,877,800,77
122000282,107,631,-524
122000283,343,266,77
122000284,132,156,-24
122000285,548,131,417
122000286,117,209,-92
122000287,3119,1832,1287
122000288,775,306,469
122000291,6157,1448,4709
122000293,370,157,213
122000294,293,671,-378
122000295,2052,374,1678
122000296,35,1817,-1782
122000297,3436,6573,-3137
122000299,1141,606,535
122000300,630,713,-83
122000301,13502,5554,7948
122000302,896,8163,-7267
122000303,3617,1573,2044
122000304,18,444,-426
122000305,3616,860,2756
122000306,181,420,-239
122000307,203,247,-44
122000309,117,93,24
122000310,23,143,-120
122000311,46,216,-170
122000312,155,336,-181
122000313,60,183,-123
122000314,189,784,-595
122000315,571,68,503
122000316,2886,705,2181
122000317,5298,490,4808
122000318,515,3313,-2798
122000319,200,581,-381
122000320,425,1532,-1107
122000321,151,318,-167
122000322,2960,3945,-985
122000323,652,4457,-3805
122000324,2865,4656,-1791
122000325,1155,6482,-5327
122000326,263,152,111
122000327,567,2402,-1835
122000328,705,1535,-830
122000330,6258,4547,1711
122000332,438,743,-305
122000333,42,74,-32
122000337,2624,502,2122
122000338,992,428,564
122000340,400,7157,-6757
122000342,3264,1387,1877
122000343,984,664,320
122000344,180,12,168
122000345,52,53,-1
122000346,271,244,27
122000348,1169,1203,-34
122000349,107,1116,-1009
122000351,409,575,-166
122000352,270,359,-89
122000353,331,110,221
122000355,234,610,-376
122000356,434,4477,-4043
122000357,139,46,93
122000358,5,13,-8
122000359,0,5,-5
122000360,0,6,-6
122000362,25,31,-6
122000364,567,272,295
122000365,1,80,-79
122000366,33,22,11
122000368,732,1303,-571
122000370,57,19,38
122000371,97,0,97
122000372,63,3,60
122000381,439,734,-295
122000382,90,303,-213
122000384,1787,1967,-180
122000385,192,0,192
122000386,199,3884,-3685
122000387,643,4113,-3470
122000388,2110,3439,-1329
122000389,430,2875,-2445
122000390,411,1765,-1354
122000391,100,3536,-3436
122000392,236,277,-41
122000393,94,161,-67
122000394,1580,394,1186
122000395,258,279,-21
122000396,668,156,512
122000397,32,212,-180
122000398,24,299,-275
122000399,272,70,202
122000400,44,3340,-3296
122000401,249,123,126
122000402,1038,307,731
122000403,1137,694,443
122000404,494,316,178
122000408,688,1270,-582
122000503,9,174,-165
122000524,102,1039,-937
122000544,134,5262,-5128
122000616,301,6,295
122000640,228,101,127
122000641,428,294,134
122000642,2761,878,1883
122000643,61,535,-474
122000644,504,148,356
122000645,87,292,-205
122000651,629,5548,-4919
122000664,272,191,81
122000665,3284,1232,2052
122000666,710,1416,-706
122000673,94,181,-87
122000674,984,566,418
122000675,4144,964,3180
122000686,1080,4248,-3168
122000687,3615,562,3053
122000688,553,879,-326
122000689,2384,595,1789
122000690,7008,1923,5085
122000691,1854,1675,179
122000692,2212,404,1808
122000693,582,1264,-682
122000695,717,422,295
122000696,1531,305,1226
122000698,683,329,354
122000699,844,258,586
122000701,5184,348,4836
122000702,829,1920,-1091
122000703,438,221,217
122000717,227,147,80
122000718,503,4175,-3672
122000719,63,240,-177
122000720,1645,151,1494
122000724,183,21,162
122900001,80,49,31
122900002,1374,13781,-12407
122900003,1144,58,1086
122900004,3847,324,3523
122900005,49,257,-208
122900006,491,1677,-1186
122900007,120,620,-500
122900008,348,276,72
122900009,1538,633,905
122900010,545,248,297
122900012,313,579,-266
122900014,153,178,-25
122900015,1786,1753,33
122900016,360,290,70
122900017,393,4246,-3853
122900018,589,18,571
122900019,21,107,-86
122900020,363,633,-270
122900021,95,589,-494
122900022,2914,1477,1437
122900023,2044,350,1694
122900024,128,256,-128
122900025,10,446,-436
122900026,18,230,-212
122900027,59,1146,-1087
122900028,85,176,-91
122900029,15028,3705,11323
122900030,7765,888,6877
122900031,49,688,-639
122900032,2208,676,1532
122900033,278,301,-23
122900034,9254,7483,1771
122900035,56,15,41
122900036,104,57,47
122900037,984,729,255
122900038,156,5288,-5132
122900039,105,891,-786
122900040,401,2947,-2546
122900041,217,821,-604
122900042,329,463,-134
122900043,791,662,129
122900044,229,653,-424
122900045,212,786,-574
122900046,232,584,-352
122900047,131,338,-207
122900048,19,526,-507
122900049,7662,294,7368
122900051,84,2408,-2324
122900052,214,96,118
122900053,19,42,-23
122900055,719,130,589
122900057,459,70,389
122900061,1066,108,958
122900062,1055,1764,-709
122900063,467,248,219
122900064,1296,673,623
122900065,983,354,629
122900066,1115,488,627
122900067,1283,685,598
122900068,143,315,-172
122900069,693,3730,-3037
122900070,599,126,473
122900071,159,452,-293
122900072,14,327,-313
122900073,33,137,-104
122900074,2124,191,1933
122900075,1,339,-338
122900076,6,595,-589
122900077,1,95,-94
122900078,436,36,400
122900080,41,99,-58
122900081,208,559,-351
122900082,2655,137,2518
122900083,417,96,321
122900084,6,166,-160
122900086,30,250,-220
122900087,823,655,168
122900088,45,1502,-1457
122900089,157,735,-578
122900090,28,337,-309
122900091,830,3,827
122900092,0,218,-218
122900093,2,103,-101
122900094,1,241,-240
122900095,426,50,376
122900096,833,299,534
122900097,44,127,-83
122900098,18,221,-203
122900099,165,68,97
122900100,159,1479,-1320
122900101,660,605,55
122900102,85,115,-30
122900103,498,4,494
122900104,718,15,703
122900105,41,49,-8
122900106,1,48,-47
122900107,12,108,-96
122900108,1,175,-174
123000001,1147,2342,-1195
123000002,3891,10160,-6269
123000003,9397,8164,1233
123000004,5313,5328,-15
123000005,7106,4120,2986
123000006,5082,2864,2218
123000007,6729,4214,2515
123000008,4802,4556,246
123000009,7004,5827,1177
123000010,4684,8465,-3781
123000011,2421,3501,-1080
123000012,1033,10278,-9245
123000013,10377,2873,7504
123000014,1150,5715,-4565
123000015,4874,1781,3093
123000016,4184,4907,-723
123000017,6686,2961,3725
123000018,232,165,67
123000019,1528,90,1438
123000020,994,42,952
123000021,575,725,-150
123000022,1057,3825,-2768
123000023,3728,5879,-2151
123000024,2938,1980,958
123000025,25,252,-227
123000026,4,425,-421
123000027,55,1616,-1561
123000028,554,2643,-2089
123000029,458,2414,-1956
123000030,527,378,149
123000031,869,306,563
123000032,1518,300,1218
123000033,707,402,305
123000034,2305,1112,1193
123000035,861,1023,-162
123000036,346,2308,-1962
123000037,389,258,131
123000038,155,495,-340
123000039,793,2385,-1592
123000040,744,337,407
123000041,1037,2971,-1934
123000042,583,2266,-1683
123000043,3139,26933,-23794
123000044,4218,4055,163
123000045,7217,3589,3628
123000046,398,1972,-1574
123000047,793,2294,-1501
123000048,225,2786,-2561
123000049,8745,17329,-8584
123000050,4929,3190,1739
123000051,231,559,-328
123000052,1637,5907,-4270
123000053,5199,4441,758
123000054,5921,3845,2076
123000055,4071,11107,-7036
123000056,2387,911,1476
123000057,6271,10128,-3857
123000058,1225,2945,-1720
123000059,416,648,-232
123000060,2191,675,1516
123000061,650,753,-103
123000063,2994,2043,951
123000064,3292,449,2843
123000065,7121,5606,1515
123000066,780,1126,-346
123000067,2487,1080,1407
123000068,2802,3478,-676
123000069,4999,1969,3030
123000070,451,892,-441
123000071,4915,1267,3648
123000072,2416,1061,1355
123000073,4994,1368,3626
123000074,2539,1998,541
123000075,841,4035,-3194
123000076,2104,708,1396
123000077,4360,2179,2181
123000078,7006,2180,4826
123000079,6856,3255,3601
123000080,6019,1824,4195
123000081,553,777,-224
123000082,651,1420,-769
123000083,2782,353,2429
123000084,1963,711,1252
123000085,1101,155,946
123000086,2450,390,2060
123000087,884,544,340
123000088,2799,1045,1754
123000089,2124,2082,42
123000090,3442,1565,1877
123000091,4497,2570,1927
123000092,1945,2653,-708
123000094,2125,375,1750
123000095,2483,1748,735
123000096,3045,822,2223
123000097,1919,530,1389
123000098,2244,867,1377
123000099,1748,487,1261
123000100,588,1475,-887
123000101,850,675,175
123000102,960,2081,-1121
123000104,812,738,74
123000105,709,470,239
123000106,1113,641,472
123000107,754,561,193
123000108,1129,1772,-643
123000111,2393,697,1696
123000112,3015,812,2203
123000113,1229,1352,-123
123000114,875,1438,-563
123000115,721,731,-10
123000116,112,178,-66
123000117,5244,2472,2772
123000118,1128,727,401
123000119,455,653,-198
123000120,502,1285,-783
123000121,1166,1664,-498
123000122,671,646,25
123000123,1185,1057,128
123000124,671,676,-5
123000125,2658,1982,676
123000126,2029,9948,-7919
123000127,752,822,-70
123000128,616,472,144
123000129,2166,319,1847
123000130,2068,128,1940
123000131,3566,1583,1983
123000132,578,1223,-645
123000133,215,567,-352
123000134,484,157,327
123000135,5708,1545,4163
123000136,385,697,-312
123000137,434,304,130
123000138,341,480,-139
123000139,1322,492,830
123000140,107,711,-604
123000141,1257,232,1025
123000142,1717,1131,586
123000143,1089,2891,-1802
123000144,6,108,-102
123000145,333,697,-364
123000146,18,330,-312
123000147,124,462,-338
123000149,467,669,-202
123000150,178,382,-204
123000151,226,959,-733
123000152,76,926,-850
123000153,114,1282,-1168
123000154,1699,3054,-1355
123000155,3179,2929,250
123000156,77,152,-75
123000157,1542,1539,3
123000158,961,1565,-604
123000159,5673,10272,-4599
123000160,2485,3109,-624
123000161,3012,2223,789
123000162,3691,3265,426
123000163,2256,571,1685
123000164,4851,411,4440
123000165,409,1589,-1180
123000166,41,145,-104
123000167,187,352,-165
123000168,680,265,415
123000169,2290,348,1942
123000170,184,140,44
123000171,3307,18,3289
123000172,231,771,-540
123000173,1377,1327,50
123000174,1654,926,728
123000175,734,1444,-710
123000176,2068,947,1121
123000177,644,1650,-1006
123000178,2231,477,1754
123000179,58,1018,-960
123000180,3071,701,2370
123000181,394,1245,-851
123000182,484,935,-451
123000183,327,800,-473
123000184,116,899,-783
123000185,2213,1095,1118
123000186,10,356,-346
123000187,1476,29,1447
123000188,856,3,853
123000189,544,183,361
123000190,147,87,60
123000192,6,430,-424
123000193,17,714,-697
123000194,373,345,28
123000195,796,49,747
123000196,1267,80,1187
123000197,210,206,4
123000198,190,466,-276
123000199,57,615,-558
123000200,1439,6,1433
123000201,3247,25,3222
123000202,33,564,-531
123000203,2939,78,2861
123000204,96,605,-509
123000205,229,754,-525
123000206,6045,358,5687
123000207,95,883,-788
123000208,1470,212,1258
123000209,3549,1008,2541
123000210,181,2012,-1831
123000211,607,2288,-1681
123000212,9048,847,8201
123000213,1466,101,1365
123000215,127,344,-217
123000216,352,2284,-1932
123000217,449,79,370
123000218,50,1074,-1024
123000219,1827,154,1673
123000220,1220,305,915
123000221,288,742,-454
123000222,881,611,270
123000223,1638,376,1262
123000224,1259,437,822
123000225,637,154,483
123000226,247,1410,-1163
123000227,141,407,-266
123000228,730,120,610
123000229,1060,1830,-770
123000232,366,848,-482
123000233,1698,264,1434
123000234,237,863,-626
123000235,3120,443,2677
123000236,593,715,-122
123000237,1076,248,828
123000238,95,581,-486
123000239,542,1245,-703
123000240,113,2209,-2096
123000241,1121,250,871
123000242,468,495,-27
123000243,1249,1193,56
123000244,1152,683,469
123000245,144,288,-144
123000249,759,1129,-370
123000252,1822,895,927
123000253,3126,1179,1947
123000254,1161,1154,7
123000255,1907,1364,543
123000256,53,358,-305
123000257,3817,1475,2342
123000258,1405,759,646
123000259,1130,746,384
123000260,1399,364,1035
123000261,772,267,505
123000262,115,223,-108
123000263,1061,173,888
123000264,282,162,120
123000265,45,251,-206
123000266,801,689,112
123000267,1554,686,868
123000268,136,74,62
123000269,64,244,-180
123000270,78,199,-121
123000271,54,75,-21
123000272,1285,421,864
123000273,509,2102,-1593
123000274,2210,1830,380
123000275,419,1267,-848
123000278,2863,7812,-4949
123000279,461,173,288
123000280,648,494,154
123000281,875,363,512
123000282,227,682,-455
123000283,400,145,255
123000284,118,100,18
123000286,188,1053,-865
123000287,552,932,-380
123000288,1290,2998,-1708
123000289,308,3515,-3207
123000291,232,2018,-1786
123000294,122,214,-92
123000295,974,2194,-1220
123000296,1479,1015,464
123000297,1863,513,1350
123000298,2494,587,1907
123000299,151,179,-28
123000300,2901,1741,1160
123000301,334,937,-603
123000302,365,155,210
123000303,125,746,-621
123000305,2009,1526,483
123000306,533,114,419
123000309,104,222,-118
123000310,162,129,33
123000311,0,343,-343
123000312,702,720,-18
123000313,1062,828,234
123000315,322,463,-141
123000316,1405,526,879
123000317,442,213,229
123000318,122,574,-452
123000329,7,36,-29
123000337,469,531,-62
123000338,225,260,-35
123000339,871,35,836
123000340,151,466,-315
123000342,3,168,-165
123000343,396,57,339
123000344,621,281,340
123000345,677,677,0
123000346,1140,123,1017
123000352,3134,1723,1411
123000353,130,125,5
123000354,964,29,935
123000355,1,427,-426
123000356,1333,34,1299
123000357,9,170,-161
123000359,46,94,-48
123000360,530,641,-111
123000361,835,415,420
123000362,1017,274,743
123000363,334,369,-35
123000364,985,1049,-64
123000365,54,630,-576
123000366,698,6750,-6052
123000367,541,987,-446
123000370,52,1794,-1742
123000371,1101,531,570
123000372,825,148,677
123000373,26,605,-579
123000374,12,178,-166
123000375,957,115,842
123000376,1747,1596,151
123000377,1792,41,1751
123000378,41,461,-420
123000379,24,717,-693
123000380,26,580,-554
123000381,117,232,-115
123000382,1058,222,836
123000383,254,1605,-1351
123000384,1516,486,1030
123000385,519,1366,-847
123000436,192,2519,-2327
123000507,97,262,-165
123000508,229,2391,-2162
123000517,381,39,342
123000518,41,124,-83
123000519,474,105,369
123000520,65,128,-63
123000521,1065,114,951
123000522,386,315,71
123000541,17,5,12
123000542,1,8,-7
123000565,1,3,-2
123000566,2563,276,2287
123000567,263,74,189
123000573,66,853,-787
123000574,1789,129,1660
123000575,3721,774,2947
123000576,1723,1113,610
123000577,191,1805,-1614
123000578,929,496,433
123000579,1482,14934,-13452
123000580,153,122,31
123000582,1584,60,1524
123000583,39,709,-670
123000584,351,359,-8
123000585,0,61,-61
123000586,705,0,705
123000596,162,117,45
123000597,152,353,-201
123000602,313,35,278
123000603,2882,630,2252
123000604,1491,431,1060
123000605,1922,163,1759
123000606,3,1256,-1253
123000609,71,614,-543
123000610,200,132,68
123000613,120,175,-55
123000614,652,61,591
123000615,91,117,-26
123000616,2190,72,2118
123000617,183,292,-109
123000618,37,788,-751
123000619,725,51,674
123000620,44,375,-331
123000622,1084,37,1047
123000624,447,108,339
123000630,3955,750,3205
123000631,646,658,-12
123000632,1376,1112,264
123000633,1,372,-371
123000634,104,1109,-1005
123000635,175,337,-162
123000636,64,773,-709
123000637,331,64,267
123000638,1380,85,1295
123000639,1617,12577,-10960
123000640,15,603,-588
123900001,1952,219,1733
123900002,72,2904,-2832
123900003,200,649,-449
123900005,535,486,49
123900006,1026,261,765
124000001,3121,287,2834
124000002,63,1729,-1666
124000003,2656,248,2408
124000004,175,563,-388
124000005,2204,2018,186
124000006,265,612,-347
124000007,2077,324,1753
124000008,9,887,-878
124000009,1549,914,635
124000010,652,652,0
124000011,1757,1677,80
124000012,428,445,-17
124000017,614,212,402
124000018,252,99,153
124000019,633,290,343
124000020,36,140,-104
124000021,318,134,184
124000022,114,266,-152
124000023,2683,2302,381
124000024,1955,385,1570
124000025,2314,2577,-263
124000026,1575,1204,371
124000027,4867,5115,-248
124000028,1656,4332,-2676
124000030,2028,1772,256
124000031,1999,13885,-11886
124000032,2078,852,1226
124000033,5,545,-540
124000034,1416,836,580
124000035,29,424,-395
124000036,78,401,-323
124000037,544,1439,-895
124000038,17,183,-166
124000039,586,486,100
124000040,291,1457,-1166
124000041,1259,355,904
124000042,316,637,-321
124000043,287,191,96
124000044,115,424,-309
124000045,2993,513,2480
124000046,389,979,-590
124000047,5725,1003,4722
124000048,1683,804,879
124000049,3996,654,3342
124000050,1525,1185,340
124000051,2580,638,1942
124000052,1316,801,515
124000053,553,4462,-3909
124000054,917,355,562
124000055,1856,11543,-9687
124000056,2150,891,1259
124000057,3194,588,2606
124000058,1285,1245,40
124000059,2830,2147,683
124000060,654,742,-88
124000061,2072,9790,-7718
124000062,2293,1439,854
124000063,1447,1230,217
124000064,2033,1442,591
124000065,17,1662,-1645
124000066,652,4229,-3577
124000067,329,390,-61
124000068,40,64,-24
124000069,390,42,348
124000070,224,59,165
124000071,232,269,-37
124000072,520,924,-404
124000073,2232,154,2078
124000074,450,743,-293
124000075,1068,102,966
124000076,31,108,-77
124000077,324,1108,-784
124000078,1824,1469,355
124000079,358,1804,-1446
124000080,1752,347,1405
124000081,444,711,-267
124000082,147,285,-138
124000083,81,96,-15
124000084,91,1701,-1610
124000085,67,66,1
124000086,33,488,-455
124000087,82,333,-251
124000088,164,715,-551
124000089,1406,415,991
124000090,342,352,-10
124000091,1340,326,1014
124000092,440,1130,-690
124000093,333,308,25
124000094,289,909,-620
124000095,387,146,241
124000096,361,280,81
124000097,259,242,17
124000098,185,115,70
124000099,503,157,346
124000100,106,162,-56
124000101,300,372,-72
124000102,145,57,88
124000103,566,423,143
124000104,191,70,121
124000105,402,307,95
124000106,258,57,201
124000107,75,454,-379
124000108,63,22,41
124000109,305,198,107
124000110,87,105,-18
124000111,535,124,411
124000112,1612,674,938
124000113,322,177,145
124000114,739,496,243
124000115,386,1025,-639
124000116,226,316,-90
124000117,40,103,-63
124000118,47,149,-102
124000119,1719,1681,38
124000120,1363,1336,27
124000121,1428,1295,133
124000122,690,2044,-1354
124000123,1362,633,729
124000124,595,854,-259
124000125,819,552,267
124000126,436,573,-137
124000127,2015,734,1281
124000128,974,1030,-56
124000129,2605,2047,558
124000130,601,624,-23
124000131,995,1309,-314
124000132,799,1118,-319
124000133,2185,1643,542
124000134,1407,947,460
124000135,3226,3708,-482
124000136,1200,1191,9
124000137,1450,2382,-932
124000138,1212,1354,-142
124000139,701,182,519
124000140,18,784,-766
124000141,45,46,-1
124000142,6,494,-488
124000143,126,48,78
124000144,18,81,-63
124000145,190,286,-96
124000146,39,239,-200
124000148,37,129,-92
124000149,2187,355,1832
124000150,365,1089,-724
124000151,2110,740,1370
124000152,1142,1290,-148
124000153,1578,1463,115
124000154,799,956,-157
124000155,2127,1181,946
124000156,1009,1400,-391
124000169,312,1566,-1254
124000170,1661,1226,435
124000171,649,933,-284
124000172,528,1053,-525
124000173,1616,460,1156
124000174,857,852,5
124000175,22,149,-127
124000176,104,55,49
124000177,13,51,-38
124000178,93,115,-22
124000190,152,121,31
124000191,73,397,-324
124000192,2064,1548,516
124000193,301,7242,-6941
124000194,392,616,-224
124000195,740,761,-21
124000196,888,1166,-278
124000197,129,40,89
124000198,154,162,-8
124000201,66,782,-716
124000202,1140,172,968
124000203,1455,194,1261
124000204,3246,737,2509
124000205,237,414,-177
124000206,2371,369,2002
124000207,0,31,-31
124000209,295,242,53
124000210,2255,382,1873
124000211,1943,6,1937
124000212,0,179,-179
124000213,1163,135,1028
124000214,1196,381,815
124000215,1057,42,1015
124000216,10,251,-241
124000329,383,886,-503
124000338,354,568,-214
124000339,4050,54,3996
124000341,3992,111,3881
124000344,111,62,49
124000357,1859,4797,-2938
124000358,796,2706,-1910
124000359,1641,1156,485
124000360,1707,881,826
124000361,3091,1688,1403
124000362,2818,4407,-1589
124000363,731,353,378
124000364,783,709,74
124000365,987,1465,-478
124000366,2987,927,2060
124000367,82,490,-408
124000368,552,1922,-1370
124000369,115,202,-87
124000370,73,946,-873
124000402,60,41,19
124000403,509,60,449
124000404,29,112,-83
124000405,1236,1082,154
124000406,750,627,123
124000407,3,34,-31
124000411,6,470,-464
124000412,1067,10,1057
124000413,269,620,-351
124000414,253,177,76
124000415,166,73,93
124000416,339,231,108
124000417,808,218,590
124000418,663,62,601
124000419,250,60,190
124000420,464,45,419
124000421,158,69,89
124000422,57,32,25
124000423,168,91,77
124000424,12,36,-24
124000425,112,42,70
124000426,20,130,-110
124000427,126,3,123
124000428,5,584,-579
124000429,319,39,280
124000430,1474,752,722
124000431,613,780,-167
124000432,758,1220,-462
124000439,10,3,7
124000443,4,14,-10
124000445,117,3967,-3850
124000446,1290,447,843
124900001,1593,471,1122
124900002,460,327,133
124900003,2251,410,1841
124900004,1777,304,1473
124900005,395,116,279
124900006,1684,388,1296
124900008,678,688,-10
124900009,135,720,-585
124900010,415,158,257
124900011,1738,455,1283
124900012,547,106,441
124900013,1031,161,870
124900014,571,225,346
124900015,286,653,-367
124900016,163,393,-230
124900017,526,4625,-4099
124900018,254,8,246
124900020,337,95,242
124900021,839,215,624
124900022,86,11,75
124900024,1016,11,1005
124900026,149,152,-3
124900027,224,540,-316
124900028,506,149,357
124900029,27,922,-895
124900030,1,114,-113
124900031,147,344,-197
124900032,494,287,207
124900033,238,235,3
124900034,46,268,-222
124900035,281,295,-14
124900036,4,240,-236
124900037,264,234,30
124900038,194,195,-1
124900039,4,109,-105
124900040,236,135,101
124900041,472,647,-175
124900042,83,1,82
124900043,963,604,359
124900044,189,1,188
124900045,431,1267,-836
124900046,824,227,597
124900047,91,315,-224
124900048,452,84,368
124900050,332,184,148
124900052,110,409,-299
124900053,365,475,-110
124900054,1002,745,257
124900055,0,144,-144
124900057,13,94,-81
124900060,63,303,-240
124900061,231,2,229
124900062,285,6,279
124900066,0,2,-2
124900067,21,90,-69
124900068,198,1407,-1209
124900070,137,59,78
124900072,384,45,339
124900074,730,315,415
124900075,1359,180,1179
124900076,31,4439,-4408
124900077,40,177,-137
124900078,218,13,205
124900079,316,473,-157
124900080,785,263,522
124900081,1922,210,1712
124900082,560,367,193
124900083,651,492,159
124900084,1218,117,1101
124900085,675,566,109
124900086,49,1407,-1358
124900087,294,135,159
124900088,108,123,-15
124900089,725,37,688
124900090,1293,355,938
124900091,648,332,316
124900092,607,340,267
124900093,1010,393,617
124900094,1879,454,1425
124900095,338,1147,-809
124900096,469,202,267
124900097,1207,140,1067
124900098,314,451,-137
124900099,227,1009,-782
124900100,980,37,943
124900101,158,383,-225
124900102,844,29,815
124900103,308,174,134
124900104,111,223,-112
124900105,219,179,40
124900106,768,71,697
124900107,435,68,367
124900108,316,205,111
124900109,228,299,-71
124900110,967,191,776
124900111,4,208,-204
124900112,203,364,-161
124900113,76,351,-275
124900114,105,307,-202
124900115,75,175,-100
124900116,728,875,-147
124900117,229,395,-166
124900118,112,1985,-1873
124900119,660,384,276
124900120,24,297,-273
124900121,139,757,-618
124900122,334,276,58
124900123,159,143,16
124900124,64,319,-255
129000186,226,243,-17
204000001,99,31,68
204000002,6,18,-12
204000003,22,28,-6
204000004,8,16,-8
204000005,794,406,388
204000006,1574,1233,341
204000011,17,49,-32
204000012,120,93,27
204000013,0,26,-26
204000019,1637,514,1123
204000020,1907,1139,768
204000021,2590,1449,1141
204000022,2123,692,1431
204000023,1073,594,479
204000031,68,15,53
204000032,578,62,516
204000034,99,179,-80
204000035,0,8,-8
204000036,12,79,-67
204000037,0,25,-25
204000038,0,9,-9
204000039,8,18,-10
204000040,23,31,-8
204000041,15,46,-31
204000042,138,18,120
204000043,107,23,84
204000044,126,14,112
204000045,162,6,156
204000046,17,3,14
204000057,30,10,20
204000062,33,21,12
204000068,27,768,-741
204000069,181,899,-718
204000070,100,300,-200
204000080,196,206,-10
204000085,1460,1254,206
204000086,2845,1572,1273
204000087,129,11,118
204000088,25,108,-83
204000090,100,473,-373
204000093,1196,84,1112
204000096,2963,984,1979
204000097,857,8,849
204000099,1418,3694,-2276
204000100,2821,1707,1114
204000105,1904,661,1243
204000110,543,1295,-752
204000111,1087,809,278
204000112,1056,1100,-44
204000113,458,1014,-556
204000114,1719,1732,-13
204000115,2173,937,1236
204000116,959,1631,-672
204000119,4045,2488,1557
204000132,1152,831,321
204000133,1372,162,1210
204000134,387,78,309
204000135,1020,50,970
204000136,637,499,138
204000138,395,1514,-1119
204000140,417,152,265
204000141,248,113,135
204000144,12,57,-45
204000145,1084,100,984
204000146,46,317,-271
204000147,43,973,-930
204000148,310,108,202
204000154,6,24,-18
204000155,1,10,-9
204000177,84,215,-131
204000179,99,28,71
204000180,0,55,-55
204000222,16,10,6
204000235,206,44,162
204000236,111,327,-216
204000238,31,68,-37
204000240,550,114,436
204000263,691,1142,-451
204000268,861,444,417
204000308,297,52,245
204000317,51,210,-159
204000322,38,220,-182
204000323,39,13,26
204000328,307,69,238
204000329,125,149,-24
204000330,368,12,356
204000331,90,141,-51
204010341,15,197,-182
205000001,798,1252,-454
205000013,188,199,-11
205000014,255,108,147
205000015,369,109,260
205000016,114,205,-91
205000017,133,86,47
205000022,388,565,-177
205000025,1886,660,1226
205000029,989,25,964
205000045,451,398,53
205000046,364,337,27
205000047,181,301,-120
205000048,819,338,481
205000049,333,533,-200
205000050,929,304,625
205000059,0,947,-947
205000060,2,1453,-1451
205000061,23,2235,-2212
205000062,5,2262,-2257
205000063,116,2344,-2228
205000064,214,610,-396
205000065,808,711,97
205000066,467,390,77
205000067,252,486,-234
205000069,138,42,96
205000082,205,395,-190
205000110,119,168,-49
205000111,189,126,63
205000112,220,184,36
205000113,187,318,-131
205000121,354,146,208
205000123,262,229,33
205000126,1091,85,1006
205000127,948,142,806
205000128,714,84,630
205000129,1354,50,1304
205000130,81,31,50
205000131,22,33,-11
205000132,83,18,65
205000133,86,1,85
205000134,424,1,423
205000137,635,180,455
205000138,595,495,100
205000139,65,215,-150
205000144,107,126,-19
205000145,410,634,-224
205000151,349,87,262
205000152,244,137,107
205000153,293,188,105
205000154,139,226,-87
205000155,400,45,355
205000207,5,154,-149
205000233,31,1,30
205000234,0,0,0
205000243,0,8,-8
205000244,0,7,-7
205000245,7,296,-289
205000249,0,38,-38
205000250,2,1,1
205000264,79,138,-59
206000027,16,35,-19
206000028,24,19,5
206000043,15,91,-76
206000053,18,18,0
206000054,0,53,-53
206000055,1,50,-49
206000075,38,32,6
206000076,32,18,14
206000077,57,24,33
206000078,24,33,-9
206000079,23,8,15
206000082,364,161,203
206000100,44,1053,-1009
206000103,5,25,-20
206000104,8,31,-23
206000105,20,32,-12
206000106,5,18,-13
206000108,890,124,766
206000125,216,0,216
206000157,33,633,-600
206000170,0,265,-265
206000171,62,228,-166
206000172,43,240,-197
206000173,9,133,-124
206000174,34,41,-7
206000175,7,93,-86
206000176,34,124,-90
206000177,1,68,-67
206000178,1,530,-529
206000179,5,843,-838
206000180,15,132,-117
206000181,7,48,-41
206000182,6,69,-63
206000183,26,104,-78
206000184,5,95,-90
206000185,35,39,-4
206000186,217,361,-144
206000223,13,618,-605
206000226,43,9,34
206000227,30,28,2
206000237,94,172,-78
206000238,81,263,-182
206000239,245,1755,-1510
206000240,2,80,-78
206000241,0,105,-105
206000242,39,240,-201
206000243,21,52,-31
206000244,121,144,-23
206000245,2211,137,2074
206000246,813,26,787
206000247,808,21,787
206000248,1055,149,906
206000252,166,136,30
206000258,5,61,-56
206000315,131,13,118
206000317,771,258,513
206000318,985,115,870
206000319,3629,182,3447
206000320,795,35,760
206000321,924,13,911
206000322,1566,122,1444
206000323,646,25,621
206000324,664,89,575
206000325,429,63,366
206000326,461,121,340
206000327,68,50,18
206000328,551,41,510
206000329,739,32,707
206000330,183,128,55
206000331,670,96,574
206000332,174,25,149
206000333,2486,10,2476
206000334,1243,3,1240
206000335,0,32,-32
206000361,18,184,-166
206000392,2,29,-27
206000405,307,1,306
206000441,99,47,52
206000498,75,5,70
206000515,95,76,19
206000530,448,95,353
206000531,179,544,-365
206000532,1331,838,493
206000535,178,5212,-5034
206000536,40,58,-18
206000537,47,174,-127
206000613,1013,420,593
207000001,259,348,-89
207000002,287,383,-96
207000003,290,195,95
207000007,2622,340,2282
207000008,635,22,613
207000009,205,43,162
207000010,776,377,399
207000012,741,366,375
207000015,509,657,-148
207000019,600,154,446
207000021,556,588,-32
207000022,467,239,228
207000023,529,226,303
207000024,2,84,-82
207000025,31,196,-165
207000026,146,61,85
207000027,34,77,-43
207000028,96,176,-80
207000029,223,647,-424
207000033,400,401,-1
207000034,591,149,442
207000039,1242,126,1116
207000040,1363,72,1291
207000041,308,417,-109
207000042,750,168,582
207000043,422,246,176
207000051,208,413,-205
207000052,47,470,-423
207000053,479,419,60
207000054,74,90,-16
207000055,276,104,172
207000056,324,441,-117
207000057,186,288,-102
207000058,305,232,73
207000059,137,238,-101
207000060,89,445,-356
207000061,132,1466,-1334
207000062,1034,55,979
207000063,1028,428,600
207000064,565,229,336
207000065,534,305,229
207000066,709,288,421
207000067,116,116,0
207000068,325,93,232
207000069,1387,383,1004
207000082,45,205,-160
207000083,202,250,-48
207000084,890,488,402
207000085,501,58,443
207000086,764,2,762
207000106,135,51,84
207000107,268,32,236
207000108,188,11,177
207000109,132,9,123
207000110,114,240,-126
207000111,150,167,-17
207000112,151,2571,-2420
207000114,37,23,14
207000115,170,141,29
207000116,54,548,-494
207000117,20,158,-138
207000118,4,199,-195
207000119,49,89,-40
207000123,599,30,569
207000124,264,43,221
207000125,100,24,76
207000126,111,35,76
207000134,347,216,131
207000135,100,339,-239
207000148,197,1083,-886
207000149,91,43,48
207000152,229,726,-497
207000153,364,767,-403
207000154,649,415,234
207000159,293,230,63
207000160,396,232,164
207000238,0,107,-107
207000242,1,52,-51
207000248,72,120,-48
207000249,241,52,189
207000250,948,200,748
207000251,288,169,119
207000252,72,68,4
207000278,308,244,64
207000279,73,135,-62
207000280,1542,83,1459
207000281,355,321,34
207000282,75,707,-632
207000283,31,199,-168
207000284,48,2108,-2060
207000285,65,72,-7
207000291,22,120,-98
207000304,104,81,23
207000306,84,313,-229
207000310,243,175,68
207000353,217,1,216
207000356,16,283,-267
207000357,5,24,-19
207000358,1,83,-82
207000415,1,85,-84
207000417,106,11,95
207000418,93,113,-20
207000438,0,5,-5
207000439,636,411,225
207000446,542,7,535
207000460,213,21,192
207000466,183,293,-110
207000467,777,144,633
207000468,130,177,-47
207000476,10,27,-17
207000477,1376,35,1341
207000478,3,245,-242
207000523,0,12,-12
207000524,81,2,79
207000527,407,157,250
207000530,1773,14,1759
207000531,756,46,710
207000532,317,261,56
207000534,212,52,160
207000535,27,530,-503
207000537,12,152,-140
207000540,7,69,-62
207000541,7,159,-152
207000548,5,898,-893
207000549,932,178,754
207000561,521,331,190
207000562,59,102,-43
207000567,78,235,-157
207000568,788,77,711
207000569,2042,182,1860
207000584,98,411,-313
207000585,39,331,-292
207000616,0,233,-233
207000617,291,0,291
207900008,746,105,641
208000001,1146,1904,-758
208000002,1279,1209,70
208000003,1383,527,856
208000004,1366,1766,-400
208000005,5,195,-190
208000019,1868,587,1281
208000020,534,309,225
208000021,610,563,47
208000022,1663,581,1082
208000028,1380,2626,-1246
208000033,867,522,345
208000034,1292,1985,-693
208000040,435,242,193
208000041,1719,838,881
208000042,2527,958,1569
208000047,186,300,-114
208000064,2954,2546,408
208000066,1757,2353,-596
208000070,1129,661,468
208000071,1261,461,800
208000072,1117,840,277
208000080,637,1209,-572
208000081,681,144,537
208000082,1086,257,829
208000083,349,279,70
208000084,12,174,-162
208000085,1078,735,343
208000086,877,1383,-506
208000087,625,907,-282
208000089,1779,447,1332
208000090,1719,564,1155
208000093,50,229,-179
208000094,891,430,461
208000095,1666,891,775
208000104,2575,551,2024
208000105,1683,1169,514
208000114,159,672,-513
208000115,1001,562,439
208000116,2108,2461,-353
208000117,40,238,-198
208000118,261,483,-222
208000155,1079,1796,-717
208000158,2673,4133,-1460
208000186,1221,2976,-1755
208000204,1388,2138,-750
208000205,2632,1379,1253
208000282,1055,1948,-893
209000004,1359,351,1008
209000005,95,586,-491
209000006,438,604,-166
209000007,719,844,-125
209000010,415,687,-272
209000011,121,364,-243
209000012,310,505,-195
209000013,712,736,-24
209000014,924,974,-50
209000025,1034,119,915
209000026,1724,282,1442
209000027,723,374,349
209000028,575,348,227
209000029,1140,3088,-1948
209000030,1012,2779,-1767
209000031,6905,2229,4676
209000034,374,617,-243
209000035,259,598,-339
209000036,634,379,255
209000037,722,488,234
209000038,385,288,97
209000039,193,199,-6
209000040,442,693,-251
209000041,361,684,-323
209000042,1167,394,773
209000043,858,685,173
209000044,614,962,-348
209000045,859,321,538
209000046,922,438,484
209000047,732,409,323
209000048,804,969,-165
209000049,153,67,86
209000050,260,102,158
209000051,416,150,266
209000052,256,189,67
209000062,189,70,119
209000063,156,34,122
209000064,99,29,70
209000065,327,99,228
209000066,216,65,151
209000067,351,52,299
209000080,26,253,-227
209000082,111,72,39
209000091,66,135,-69
209000093,82,143,-61
209000094,97,235,-138
209000110,110,344,-234
209000111,757,3473,-2716
209000112,2115,1145,970
209000113,3623,2414,1209
209000114,1474,1615,-141
209000115,120,91,29
209000116,508,320,188
209000118,30,278,-248
209000119,22,129,-107
209000121,233,633,-400
209000135,49,209,-160
209000142,1222,4880,-3658
209000143,102,206,-104
209000144,134,929,-795
209000229,264,144,120
209000240,124,351,-227
209000259,60,107,-47
209000260,65,1080,-1015
209000261,2,742,-740
209000262,1,399,-398
209000263,3,1404,-1401
209000264,5,289,-284
209000265,869,1,868
209000266,318,1,317
209000267,3169,9,3160
209000268,697,161,536
210000037,152,215,-63
210000047,215,33,182
210000048,231,40,191
210000049,161,19,142
210000052,158,73,85
210000053,69,63,6
210000054,9,88,-79
210000070,478,11,467
210000071,403,0,403
210000072,136,0,136
210000073,0,92,-92
210000074,0,147,-147
210000075,6,304,-298
210000076,33,371,-338
210000077,14,514,-500
210000078,20,444,-424
210000079,41,129,-88
210000080,47,551,-504
210000081,478,29,449
210000082,43,2,41
210000083,101,0,101
210000084,167,0,167
210000085,0,280,-280
210000086,15,146,-131
210000099,115,268,-153
210000100,187,164,23
210000101,207,179,28
210000105,32,421,-389
210000159,0,306,-306
210000163,71,245,-174
210000164,382,346,36
210000168,634,157,477
210000187,1,75,-74
210000188,0,79,-79
210000214,8,0,8
210000219,106,74,32
210000220,282,45,237
210000232,3,19,-16
210000233,62,35,27
210000234,78,57,21
210000235,186,38,148
210000245,0,221,-221
210000246,67,73,-6
210000258,36,87,-51
210000259,371,120,251
210000282,84,328,-244
210000285,0,208,-208
210000286,36,213,-177
210000290,0,13,-13
210000295,123,251,-128
210000296,188,89,99
210000320,519,64,455
210000321,299,51,248
210000338,103,144,-41
210000339,187,934,-747
210000340,236,358,-122
210000341,360,289,71
210000342,418,239,179
210000343,273,344,-71
210000344,123,346,-223
210000345,219,625,-406
210000346,127,286,-159
210000347,72,433,-361
210000348,207,311,-104
210000349,99,156,-57
210000350,315,322,-7
210000351,322,139,183
210000352,59,39,20
210000353,64,86,-22
210000354,106,88,18
210000355,81,444,-363
210000356,25,796,-771
210000357,60,892,-832
210000358,1267,707,560
210000359,126,876,-750
210000360,403,815,-412
210000361,593,362,231
210000362,528,297,231
210000363,889,408,481
210000364,527,300,227
210000365,440,116,324
210000366,501,76,425
210000367,258,53,205
210000368,279,54,225
210000369,67,282,-215
210000370,127,401,-274
210000372,56,112,-56
210000373,30,310,-280
210000374,120,359,-239
210000375,37,70,-33
210000376,58,624,-566
210000404,110,138,-28
210000439,194,33,161
210000472,65,12,53
210000482,86,246,-160
210000564,441,384,57
210000567,2,72,-70
210000568,498,7,491
211000092,127,39,88
211000094,36,1,35
211000169,303,10,293
211000172,48,112,-64
211000209,1,66,-65
211000226,28,15,13
211000270,95,7,88
211000275,42,26,16
211000276,324,32,292
211000279,33,88,-55
211000281,215,12,203
211507980,0,147,-147
211977296,61,0,61
212000003,419,237,182
212000004,15,207,-192
212000005,34,235,-201
212000006,93,326,-233
212000008,378,354,24
212000009,115,207,-92
212000012,198,65,133
212000013,59,47,12
212000014,577,102,475
212000015,546,166,380
212000016,957,445,512
212000027,630,380,250
212000028,397,285,112
212000029,363,237,126
212000030,60,34,26
212000031,83,33,50
212000048,143,859,-716
212000049,17,339,-322
212000050,24,15,9
212000051,583,157,426
212000052,431,155,276
212000053,351,237,114
212000054,873,74,799
212000055,645,141,504
212000056,30,36,-6
212000057,11,15,-4
212000058,246,54,192
212000070,265,159,106
212000077,309,235,74
212000099,664,292,372
212000108,373,518,-145
212000111,486,152,334
212000120,307,321,-14
212000138,374,103,271
212000156,0,49,-49
212000158,7,39,-32
212000159,1155,87,1068
212000160,1077,210,867
212000161,108,11,97
212000310,102,16,86
212000311,28,58,-30
212000374,91,12,79
213000001,29,673,-644
213000005,1079,543,536
213000006,1060,508,552
213000007,93,34,59
213000009,536,306,230
213000010,574,244,330
213000011,366,191,175
213000012,393,358,35
213000014,129,59,70
213000015,564,18,546
213000016,901,7,894
213000017,168,1,167
213000018,12,68,-56
213000019,4,395,-391
213000020,198,147,51
213000021,2,80,-78
213000023,637,687,-50
213000033,560,1664,-1104
213000034,599,335,264
213000035,235,415,-180
213000045,350,428,-78
213000046,137,145,-8
213000047,420,1118,-698
213000056,261,96,165
213000069,296,40,256
213000073,2,48,-46
213000074,121,811,-690
213000075,1248,2,1246
213000076,23,1,22
213000085,4,51,-47
213000086,35,212,-177
213000091,523,10,513
213000092,96,18,78
213000099,466,1478,-1012
213000100,1244,592,652
213000101,1537,139,1398
213000102,1441,123,1318
213000103,1020,519,501
213000104,85,257,-172
213000105,120,2242,-2122
213000106,44,378,-334
213000107,225,528,-303
213000108,34,364,-330
213000109,9,197,-188
213000110,8,181,-173
213000111,7,162,-155
213000112,72,203,-131
213000115,81,16,65
213000116,38,586,-548
213000117,13,556,-543
213000118,2045,582,1463
213000119,57,439,-382
213000120,168,315,-147
213000122,203,402,-199
213000123,200,579,-379
213000124,550,690,-140
213000125,298,108,190
213000126,204,258,-54
213000127,92,315,-223
213000128,123,851,-728
213000129,281,3077,-2796
213000130,2324,1246,1078
213000132,1920,257,1663
213000133,2380,140,2240
213000134,4028,13,4015
213000136,1087,31,1056
213000137,1253,104,1149
213000139,304,27,277
213000147,50,37,13
213000148,45,48,-3
213000149,20,58,-38
213000150,1,896,-895
213000151,4,387,-383
213000152,1,542,-541
213000153,3,289,-286
213000154,161,565,-404
213000155,74,597,-523
213000156,296,411,-115
213000157,1446,279,1167
213000158,721,799,-78
213000159,1139,525,614
213000163,3458,456,3002
213000165,1218,493,725
213000171,0,37,-37
213000172,0,154,-154
213000173,7,94,-87
213000174,5,68,-63
213000175,21,42,-21
213000176,291,69,222
213000177,332,12,320
213000178,578,2,576
213000179,591,2,589
213000180,605,0,605
213000184,134,621,-487
213000188,1044,151,893
213000189,1407,90,1317
213000190,989,503,486
213000191,1079,198,881
213000192,768,180,588
213000193,1124,385,739
213000194,1,301,-300
213000195,46,359,-313
213000196,478,2532,-2054
213000197,983,1189,-206
213000198,55,0,55
213000200,159,628,-469
213000201,22,128,-106
213000202,11,846,-835
213000203,2022,406,1616
213000204,1453,51,1402
213000205,1032,91,941
213000206,1015,111,904
213000207,100,9,91
213000208,59,1,58
213000209,208,3,205
213000210,355,20,335
213000211,7,78,-71
213000212,18,136,-118
213000213,45,147,-102
213000218,714,617,97
213000219,1998,138,1860
213000220,2189,34,2155
213000223,438,354,84
213000224,24,93,-69
213000225,141,26,115
213000226,75,20,55
213000227,2661,209,2452
213000228,1412,752,660
213000229,175,109,66
213000230,1674,14,1660
213000232,248,32,216
213000233,103,199,-96
213000234,20,128,-108
213000293,16,156,-140
213000294,106,78,28
213000295,34,181,-147
213000296,189,64,125
213000297,4,98,-94
213000298,7,134,-127
213000299,149,52,97
213000300,2,10,-8
213000303,0,18,-18
213000304,0,4,-4
213000305,3,62,-59
213000306,83,1166,-1083
213000307,127,748,-621
213000308,133,292,-159
213000309,398,112,286
213000310,471,248,223
213000311,120,962,-842
213000315,160,386,-226
213000316,515,144,371
213000322,214,17,197
213000323,321,170,151
213000324,227,5,222
213000325,166,75,91
213000326,159,7,152
213000327,135,17,118
213000328,88,95,-7
213000329,231,20,211
213000340,185,558,-373
213000341,1798,73,1725
213000346,197,587,-390
213000347,334,1885,-1551
213000348,7,226,-219
213000349,11,12,-1
213000350,370,1126,-756
213000366,139,179,-40
213000367,801,32,769
213000379,50,148,-98
213000386,47,42,5
213000406,668,94,574
213000417,3348,731,2617
213000425,668,128,540
213000426,512,25,487
213000427,117,88,29
213000428,67,298,-231
213000429,22,4,18
213000430,200,454,-254
213000431,28,3,25
213000432,0,41,-41
213000433,26,59,-33
213000434,296,189,107
213000435,258,107,151
213000436,150,135,15
213000437,3,39,-36
213000438,227,64,163
213000439,102,61,41
213000440,11,151,-140
213000441,2,0,2
213000442,10,26,-16
213000443,1163,690,473
213000444,65,10,55
213000445,1,67,-66
213000446,2,45,-43
213000447,1,179,-178
213000448,23,304,-281
213000449,1885,28,1857
213000450,74,59,15
213000451,808,57,751
213000452,57,27,30
213000453,83,263,-180
213000455,603,482,121
213000456,0,241,-241
213000481,0,0,0
213000482,110,0,110
213000489,262,75,187
213000491,25,496,-471
213000492,194,46,148
213000493,3,430,-427
213000494,639,87,552
213000495,0,127,-127
213000496,1230,205,1025
213000497,120,233,-113
213000498,438,113,325
213000499,568,213,355
213000500,1800,88,1712
213000501,496,155,341
213000502,252,310,-58
213000503,1,78,-77
213000504,72,57,15
213000505,18,1,17
213000506,0,3,-3
213000507,5,89,-84
213900016,0,4,-4
213900244,129,0,129
213900245,0,7,-7
218000003,103,66,37
218000004,115,202,-87
218000005,112,80,32
218000006,121,102,19
218000007,20,24,-4
218000012,378,329,49
218000013,550,315,235
218000014,704,404,300
218000019,549,495,54
218000020,533,396,137
218000021,67,43,24
218000022,68,27,41
218000023,36,23,13
218000024,7,18,-11
218000025,23,24,-1
218000026,8,26,-18
218000027,2,7,-5
218000028,3,6,-3
218000029,0,15,-15
218000030,13,18,-5
218000031,21,12,9
218000032,1,32,-31
218000040,3,9,-6
218000046,193,134,59
218000047,58,70,-12
218000048,76,44,32
218000049,55,49,6
218000050,183,81,102
218000051,133,130,3
218000052,0,31,-31
218000053,4,27,-23
218000054,2,43,-41
218000055,34,46,-12
218000056,11,42,-31
218000057,2,45,-43
218000064,1,42,-41
218000065,223,37,186
218000066,32,107,-75
218000067,193,115,78
218000068,264,99,165
218000069,604,126,478
218000070,296,427,-131
218000071,420,283,137
218000072,189,439,-250
218000078,2009,464,1545
218000079,444,147,297
218000080,247,175,72
218000081,1128,204,924
218000082,283,71,212
218000083,244,102,142
218000084,450,71,379
218000085,343,184,159
218000086,182,92,90
218000087,354,97,257
218000090,85,245,-160
218000091,1782,961,821
218000092,327,169,158
218000093,185,111,74
218000094,778,553,225
218000099,466,824,-358
218000100,740,370,370
218000101,530,218,312
218000102,928,456,472
218000103,231,128,103
218000104,282,85,197
218000105,40,37,3
218000106,38,5,33
218000107,237,39,198
218000108,32,37,-5
218000112,120,52,68
218000117,77,191,-114
218000134,1056,401,655
218000135,27,112,-85
218000136,291,177,114
218000137,371,156,215
218000138,121,109,12
218000139,393,890,-497
218000140,1020,578,442
218000141,144,120,24
218000142,316,288,28
218000143,87,609,-522
218000144,45,252,-207
218000145,972,567,405
218000146,238,282,-44
218000151,7,79,-72
218000152,69,47,22
218000153,9,27,-18
218000154,17,11,6
218000155,102,2,100
218000156,192,12,180
218000157,75,12,63
218000158,23,42,-19
218000159,3,29,-26
218000160,6,6,0
218000161,111,5,106
218000162,68,18,50
218000163,24,5,19
218000164,205,21,184
218000165,166,46,120
218000170,3,52,-49
218000171,61,8,53
218000172,25,16,9
218000173,22,23,-1
218000174,25,21,4
218000176,299,136,163
218000177,364,186,178
218000178,83,265,-182
218000179,188,56,132
218000180,122,47,75
218000181,425,52,373
218000187,4,61,-57
218000188,32,30,2
218000189,37,105,-68
218000190,122,42,80
218000191,304,38,266
218000192,488,176,312
218000193,675,332,343
218000194,369,291,78
218000195,228,59,169
218000196,857,283,574
218000197,1108,240,868
218000198,131,81,50
218000199,59,24,35
218000200,53,75,-22
218000201,36,6,30
218000202,116,896,-780
218000207,7,18,-11
218000208,89,144,-55
218000211,63,48,15
218000212,1,10,-9
218000213,216,90,126
218000214,3,21,-18
218000215,90,43,47
218000217,7,67,-60
218000218,227,39,188
218000219,12,295,-283
218000220,82,2039,-1957
218000221,918,549,369
218000222,3,333,-330
218000223,120,963,-843
218000224,12,323,-311
218000225,240,33,207
218000226,268,87,181
218000230,0,5,-5
218000232,94,58,36
218000239,136,11,125
218000240,11,7,4
218000241,71,3,68
218000242,6,1,5
218000243,7,20,-13
218000244,39,11,28
218000245,193,16,177
218000246,0,3,-3
218000247,1,0,1
218000248,0,87,-87
218000249,0,7,-7
218000250,9,660,-651
218000251,2,189,-187
218000252,2,169,-167
218000253,2,159,-157
218000254,0,72,-72
218000255,0,38,-38
218000256,10,72,-62
218000267,699,1237,-538
218000268,9,54,-45
218000269,2,62,-60
218000270,201,68,133
218000271,13,25,-12
218000273,91,2,89
218000274,7,3,4
218000275,115,70,45
218000276,27,17,10
218000278,3,146,-143
218000279,86,69,17
218000280,4,25,-21
218000281,16,16,0
218000282,881,1270,-389
218000284,73,2,71
218000301,145,159,-14
218000302,73,28,45
218000303,39,92,-53
218000316,2171,1135,1036
218000317,3689,1002,2687
218000318,1924,766,1158
218000319,2554,654,1900
218000320,2090,840,1250
218000338,49,192,-143
218000345,203,238,-35
218000346,19,411,-392
218000459,51,115,-64
218000490,26,89,-63
218000501,243,126,117
218000502,273,129,144
218000503,270,24,246
218000504,229,43,186
218000505,46,111,-65
218000506,36,363,-327
218000508,1,6,-5
218000510,79,8,71
218000520,284,171,113
218000521,3,28,-25
218000522,2,583,-581
218000523,220,0,220
218000524,7,396,-389
218000525,236,49,187
218000526,34,325,-291
218000529,78,81,-3
218000530,57,18,39
218000531,22,12,10
218000532,105,6,99
218000534,450,22,428
218000537,21,180,-159
218000538,93,578,-485
218000540,196,168,28
218000543,226,187,39
218000544,48,113,-65
218000545,226,156,70
218000546,66,98,-32
218000547,177,393,-216
218000548,278,123,155
218000549,1379,280,1099
218000550,248,172,76
218000551,127,439,-312
218000552,350,363,-13
218000553,15,117,-102
218000554,33,56,-23
218000555,26,43,-17
218000556,278,163,115
218000557,786,210,576
218000558,155,0,155
218000559,1,63,-62
218000560,0,27,-27
218000561,17,0,17
218000562,45,186,-141
218000563,344,52,292
218000564,15,187,-172
218000565,109,99,10
218000566,67,45,22
218000567,3,128,-125
218000568,54,3,51
218000569,5,277,-272
218000570,47,27,20
218000571,1,244,-243
218000572,173,20,153
218000573,8,137,-129
218000574,77,53,24
218000575,100,1,99
218000576,0,118,-118
218000577,183,6,177
218000578,0,382,-382
218000579,137,30,107
218000581,2,99,-97
218000582,50,7,43
218000583,14,1,13
218000584,0,34,-34
218000585,55,29,26
218000586,32,61,-29
218000587,3,2,1
218000588,6,5,1
218000589,0,10,-10
218000590,13,2,11
218000591,0,6,-6
218000592,12,0,12
218000593,0,7,-7
218000594,0,0,0
218000595,0,0,0
218000596,0,1,-1
218000597,0,0,0
218000598,0,0,0
218000599,5,14,-9
218000600,3,1,2
218000601,0,1,-1
218000602,0,2,-2
218000603,0,32,-32
218000604,4,0,4
218000605,0,72,-72
218000606,87,0,87
218000607,17,112,-95
218000608,78,18,60
218000609,8,148,-140
218000610,96,1,95
218000611,45,2,43
218000612,16,151,-135
218000613,58,13,45
218000614,1,50,-49
218000615,337,49,288
218000616,16,209,-193
218000617,28,24,4
218000618,0,32,-32
218000619,123,49,74
218000620,36,144,-108
218000621,1,2,-1
218000622,0,74,-74
218000623,79,2,77
218000624,0,206,-206
218000625,1,7,-6
218000626,0,29,-29
218000628,394,391,3
218000631,24,16,8
218000632,5,211,-206
218000633,184,4,180
218000634,25,21,4
218000635,12,15,-3
218000636,1652,765,887
218000637,1944,665,1279
218000638,523,31,492
218000639,56,96,-40
218000640,882,69,813
218000641,153,176,-23
218000652,60,25,35
218000653,330,62,268
218000663,23,38,-15
218000675,29,84,-55
218000676,12,20,-8
218000677,61,4,57
218000680,275,237,38
218000681,790,307,483
218000691,331,184,147
218000693,801,100,701
218000703,12,20,-8
218000718,45,280,-235
218000719,140,234,-94
218000720,4,222,-218
218000721,57,47,10
218000725,6,23,-17
218001214,10,102,-92
218001258,26,2,24
218001329,172,163,9
218001330,54,93,-39
218001351,17,25,-8
218001352,34,34,0
218001353,7,7,0
218001354,7,41,-34
218001355,234,3,231
218001356,412,27,385
218001357,134,1,133
218001358,325,3,322
218001361,167,1,166
219000001,28,38,-10
219000002,59,77,-18
219000003,111,58,53
219000004,47,126,-79
219000017,106,424,-318
219000020,489,42,447
219000022,228,6,222
219000023,143,5,138
219000029,1,295,-294
219000034,90,54,36
219000039,35,483,-448
219000040,32,129,-97
219000041,253,122,131
219000051,1,316,-315
219000052,0,171,-171
219000053,2,158,-156
219000054,43,80,-37
219000055,583,2,581
219000056,3,0,3
219000057,134,1,133
219000062,25,253,-228
219000063,230,18,212
219000064,18,156,-138
219000110,336,544,-208
219000111,131,169,-38
219000112,432,99,333
219000113,589,95,494
219000114,362,63,299
219000116,229,78,151
219000117,266,77,189
219000118,236,81,155
219000123,303,136,167
219000124,89,75,14
219000125,46,8,38
219000126,73,287,-214
219000127,0,21,-21
219000128,82,156,-74
219000129,37,180,-143
219000130,227,827,-600
219000131,1087,1486,-399
219000133,46,100,-54
219000134,9,93,-84
219000135,26,228,-202
219000136,102,353,-251
219000138,192,50,142
219000139,186,22,164
219000140,131,5,126
219000141,89,77,12
219000142,19,37,-18
219000143,60,52,8
219000145,20,78,-58
219000146,10,24,-14
219000147,9,62,-53
219000148,11,34,-23
219000149,41,25,16
219000150,4,63,-59
219000151,5,29,-24
219000157,466,260,206
219000158,381,519,-138
219000161,284,9,275
219000163,1368,391,977
219000166,242,438,-196
219000167,309,424,-115
219000168,332,130,202
219000174,836,257,579
219000175,319,5,314
219000176,373,36,337
219000177,232,3,229
219000178,151,4,147
219000179,122,16,106
219000180,137,54,83
219000182,267,16,251
219000183,200,64,136
219000184,227,13,214
219000185,2,71,-69
219000186,209,60,149
219000187,62,189,-127
219000189,89,318,-229
219000190,51,327,-276
219000191,175,2074,-1899
219000192,261,336,-75
219000193,626,218,408
219000195,4,278,-274
219000196,6,209,-203
219000198,117,293,-176
219000199,126,194,-68
219000200,178,172,6
219000201,89,189,-100
219000203,58,211,-153
219000204,92,653,-561
219000205,86,302,-216
219000207,123,267,-144
219000209,40,76,-36
219000210,29,769,-740
219000213,9,329,-320
219000239,365,302,63
219000240,381,847,-466
219000241,253,330,-77
219000242,141,371,-230
219000243,217,356,-139
219000244,28,121,-93
219000245,24,91,-67
219000246,69,43,26
219000247,361,42,319
219000248,727,984,-257
219000249,292,261,31
219000250,412,212,200
219000251,745,517,228
219000252,457,241,216
219000253,501,73,428
219000255,303,144,159
219000256,649,437,212
219000257,268,2,266
219000262,120,305,-185
219000263,90,153,-63
219000267,5,69,-64
219000268,39,29,10
219000269,7,9,-2
219000270,63,15,48
219000271,601,12,589
219000278,2,66,-64
219000279,2,18,-16
219000283,0,156,-156
219000295,23,82,-59
219000296,218,516,-298
219000297,126,55,71
219000298,163,47,116
219000299,669,61,608
219000300,162,114,48
219000301,96,389,-293
219000302,44,169,-125
219000307,87,45,42
219000308,160,195,-35
219000311,394,153,241
219000312,859,157,702
219000313,779,74,705
219000314,236,191,45
219000315,683,25,658
219000316,1312,99,1213
219000317,386,31,355
219000320,0,261,-261
219000321,0,47,-47
219000323,6,70,-64
219000325,2,7,-5
219000326,89,49,40
219000327,32,30,2
219000328,68,27,41
219000329,326,127,199
219000330,53,56,-3
219000331,112,121,-9
219000332,460,298,162
219000333,111,4,107
219000335,88,13,75
219000337,67,1,66
219000338,43,9,34
219000344,15,108,-93
219000345,97,57,40
219000346,84,46,38
219000348,261,173,88
219000349,71,159,-88
219000350,141,528,-387
219000351,0,21,-21
219000352,121,132,-11
219000353,312,92,220
219000354,437,78,359
219000355,271,92,179
219000356,469,2427,-1958
219000363,127,162,-35
219000364,250,111,139
219000365,159,67,92
219000366,188,1159,-971
219000368,427,836,-409
219000370,912,969,-57
219000371,7,22,-15
219000382,39,28,11
219000383,317,1990,-1673
219000385,381,923,-542
219000386,1074,2709,-1635
219000387,1,21,-20
219000390,33,15,18
219000391,5,11,-6
219000397,66,45,21
219000398,100,85,15
219000401,60,129,-69
219000402,107,97,10
219000403,84,865,-781
219000404,56,194,-138
219000407,23,32,-9
219000409,149,63,86
219000410,351,109,242
219000411,213,30,183
219000446,132,552,-420
219000447,0,30,-30
219000448,6,13,-7
219000452,166,162,4
219000453,33,348,-315
219000454,332,796,-464
219000556,610,280,330
219000558,149,272,-123
219000590,52,319,-267
219000591,278,655,-377
219000592,116,295,-179
219000595,2,26,-24
219000635,324,88,236
219000636,97,259,-162
219000657,71,19,52
219000658,96,336,-240
219000673,0,62,-62
219000676,16,37,-21
219000679,27,36,-9
219000684,230,31,199
219000685,0,86,-86
219000686,2,21,-19
219000688,0,38,-38
219000689,46,166,-120
219000690,286,24,262
219000691,73,184,-111
219000692,279,42,237
219000693,6,22,-16
219000694,26,2,24
219000695,91,20,71
219000698,51,0,51
219000699,1,252,-251
219000727,15,574,-559
219000728,239,12,227
219000770,46,4,42
219000771,1,128,-127
219000788,353,414,-61
219001150,0,61,-61
219001151,0,4,-4
219001166,19,89,-70
219001167,4,101,-97
219001178,96,0,96
220000001,208,335,-127
220000002,40,206,-166
220000003,377,374,3
220000004,521,998,-477
220000005,756,2787,-2031
220000006,196,1008,-812
220000007,868,298,570
220000008,459,562,-103
220000009,729,498,231
220000010,132,91,41
220000011,703,5865,-5162
220000012,55,832,-777
220000014,218,89,129
220000015,65,657,-592
220000017,35,652,-617
220000018,12287,5263,7024
220000019,335,1019,-684
220000020,876,279,597
220000021,1542,482,1060
220000022,1695,435,1260
220000023,345,241,104
220000024,1270,910,360
220000025,903,3160,-2257
220000026,507,1483,-976
220000027,20,468,-448
220000028,71,220,-149
220000029,31,75,-44
220000030,84,124,-40
220000031,1095,1016,79
220000064,87,1791,-1704
221000046,2,0,2
221000047,0,0,0
221000048,0,3,-3
221000049,0,69,-69
221000050,27,0,27
221000055,111,156,-45
221000057,170,6,164
221000068,296,97,199
221000069,438,29,409
221000070,484,21,463
221000071,238,7,231
221000072,592,4,588
221000073,374,95,279
221000074,4,25,-21
221000075,22,67,-45
221000076,43,34,9
221000077,70,75,-5
221000081,32,20,12
221000082,69,8,61
221000083,18,17,1
221000084,2,24,-22
221000085,34,218,-184
221000086,23,160,-137
221000087,8,171,-163
221000088,6,231,-225
221000089,47,300,-253
221000090,82,554,-472
221000098,214,49,165
221000099,297,28,269
221000100,201,9,192
221000101,157,9,148
221000102,156,35,121
221000109,26,72,-46
221000110,15,27,-12
221000111,19,76,-57
221000112,6,81,-75
221000113,18,187,-169
221000114,11,140,-129
221000120,31,251,-220
221000121,18,66,-48
221000122,46,82,-36
221000123,24,28,-4
221000124,26,79,-53
221000155,227,75,152
221000156,76,63,13
221000175,1,19,-18
221000176,0,4,-4
221000182,58,21,37
221000241,335,386,-51
221000242,208,261,-53
221000243,565,355,210
221000244,372,548,-176
221000245,121,258,-137
221000246,123,406,-283
221000247,152,226,-74
221000248,247,143,104
221000267,40,1036,-996
221000325,27,235,-208
221000331,2,75,-73
221000338,17,89,-72
221000378,457,92,365
221000381,91,92,-1
222000282,6,30,-24
222000296,1,32,-31
222000568,575,30,545
222000569,162,64,98
222000570,263,91,172
222000571,451,74,377
222000577,29,65,-36
222000578,3,122,-119
222000579,9,85,-76
222000580,46,767,-721
222000599,0,67,-67
222000600,0,123,-123
222000601,1,766,-765
222000603,6,182,-176
222000604,2,240,-238
222000605,16,101,-85
222000606,8,17,-9
222000607,6,15,-9
222000608,24,38,-14
222000609,124,133,-9
222000616,827,91,736
222000617,21,140,-119
222000618,4,54,-50
222000620,29,42,-13
222000621,33,46,-13
222000623,1054,14,1040
222000624,742,10,732
222000625,2046,5,2041
222000636,100,17,83
222000686,48,64,-16
222000687,71,79,-8
222001066,1233,2,1231
222001067,167,2,165
222001068,261,63,198
222001069,147,96,51
222001082,78,12,66
222001083,191,9,182
222001084,1,36,-35
222001085,2,589,-587
222001111,255,46,209
222001112,383,286,97
222001313,11,40,-29
222001314,3,177,-174
222001464,101,86,15
222001465,33,223,-190
222001484,381,84,297
222001485,27,104,-77
222001494,1305,393,912
222001495,201,129,72
222001496,628,350,278
222001497,137,296,-159
222001502,19,56,-37
222001503,413,125,288
222001504,26,358,-332
222001505,1153,37,1116
222001506,58,301,-243
222001507,698,33,665
222001510,1274,91,1183
222001511,103,200,-97
222001514,1323,120,1203
222001515,156,313,-157
222001518,946,30,916
222001519,227,124,103
222001527,309,252,57
222001528,60,240,-180
222001529,729,31,698
222001530,143,99,44
222001533,301,349,-48
222001534,962,317,645
222001535,525,615,-90
222001536,205,157,48
222001537,621,78,543
222001538,52,464,-412
222001563,1757,175,1582
222001564,140,230,-90
222001568,381,284,97
222001576,2,14,-12
222001579,1,15,-14
222001583,29,100,-71
222001584,287,44,243
222001596,817,1957,-1140
222001597,1956,604,1352
222001626,0,44,-44
222001650,24,181,-157
222001651,53,361,-308
222001914,473,38,435
222001915,76,211,-135
222001968,1015,343,672
222001969,334,470,-136
222001970,183,374,-191
222001971,128,14,114
222001972,36,17,19
225000001,659,154,505
225000002,1213,388,825
225000003,1339,433,906
225000004,950,845,105
225000005,80,228,-148
225000006,3,412,-409
225000007,2482,1548,934
225000010,634,21,613
225000011,398,2686,-2288
225000012,524,1163,-639
225000013,240,286,-46
225000014,1269,438,831
225000015,299,297,2
225000021,1516,213,1303
225000027,649,632,17
225000032,1331,211,1120
225000042,232,586,-354
225000049,245,321,-76
225000050,321,70,251
225000053,17,350,-333
225000058,983,404,579
225000067,496,174,322
225000068,314,435,-121
225000069,218,552,-334
225000070,336,370,-34
225000071,129,132,-3
225000075,152,3024,-2872
225000076,85,480,-395
225000078,108,173,-65
225000085,287,75,212
225000086,658,100,558
225000087,593,22,571
225000088,78,352,-274
225000089,114,622,-508
225000090,76,1106,-1030
225000091,113,220,-107
225000092,63,210,-147
225000093,640,410,230
225000094,49,235,-186
225000095,528,413,115
225000096,199,442,-243
225000098,1698,201,1497
225000099,816,181,635
225000100,959,222,737
225000104,181,508,-327
225000110,25,538,-513
225000111,600,639,-39
225000112,705,1146,-441
225000113,342,2199,-1857
225000114,254,822,-568
225000115,2008,770,1238
225000116,439,333,106
225000117,1027,520,507
225000118,2254,451,1803
225000119,837,183,654
225000120,1844,265,1579
225000121,277,33,244
225000123,991,60,931
225000125,1027,395,632
225000126,1306,659,647
225000127,717,4105,-3388
225000128,681,1625,-944
225000132,1072,40,1032
225000133,624,50,574
225000134,1240,270,970
225000135,255,15,240
225000136,1149,8,1141
225000137,744,251,493
225000138,1308,204,1104
225000143,261,343,-82
225000144,19,373,-354
225000145,99,180,-81
225000146,176,298,-122
225000147,83,147,-64
225000148,6,85,-79
225000149,138,230,-92
225000151,110,151,-41
225000155,262,342,-80
225000156,356,1329,-973
225000157,1097,563,534
225000158,112,397,-285
225000171,18,221,-203
225000180,16,1,15
225000181,1,285,-284
225000182,68,26,42
225000185,13,505,-492
225000187,269,505,-236
225000191,125,5,120
225000194,0,4,-4
225000208,5,124,-119
225000209,380,26,354
225000210,6,308,-302
225000217,2,41,-39
225000218,44,2,42
225000223,1,467,-466
225000224,216,26,190
225000225,1,200,-199
225000226,27,27,0
225000227,749,643,106
225000228,11,33,-22
225000229,0,485,-485
225000230,7,1,6
225000231,0,45,-45
225000232,436,1,435
225000241,200,0,200
225000242,0,62,-62
225000249,4,0,4
225000250,163,430,-267
225000251,1161,329,832
225000254,1,268,-267
225000256,3,1541,-1538
225000257,1,172,-171
226000042,470,738,-268
226000043,150,476,-326
226000044,457,1199,-742
226000045,269,662,-393
226000046,1106,451,655
226000047,865,343,522
226000048,683,287,396
226000049,1031,533,498
226000070,0,38,-38
226000071,0,132,-132
226000072,0,60,-60
226000073,0,18,-18
226000074,1,44,-43
226000084,3,42,-39
226000085,1,47,-46
226000086,3,46,-43
226000087,4,81,-77
226000088,15,97,-82
226000090,112,361,-249
226000091,14,164,-150
226000092,1,45,-44
226000093,54,1,53
226000094,19,12,7
226000095,19,18,1
226000105,16,6,10
226000106,25,1,24
226000107,9,5,4
226000108,37,0,37
226000109,348,0,348
226000124,427,306,121
226000134,1646,860,786
226000135,3224,835,2389
226000136,1403,816,587
226000137,10,561,-551
226000138,12,152,-140
226000139,7,129,-122
226000156,999,17,982
226000157,630,42,588
226000163,92,522,-430
226000202,3,394,-391
226000231,1389,23,1366
226000232,137,18,119
227000033,710,25,685
227000036,905,39,866
227000037,750,100,650
227000038,219,75,144
227000084,2,163,-161
227000085,0,144,-144
227000088,67,2,65
227000089,50,0,50
227000090,19,1,18
227000091,31,1,30
227000092,32,0,32
227000093,234,0,234
227000094,21,2,19
227000130,94,216,-122
227000131,64,209,-145
227000132,57,157,-100
227000133,56,82,-26
227000134,77,134,-57
227000152,0,8,-8
227000153,0,250,-250
227000154,0,117,-117
227000155,1,29,-28
227000156,0,35,-35
227000165,5,108,-103
227000196,1140,121,1019
227000199,905,258,647
227000230,14,261,-247
227000232,1223,78,1145
227000242,51,504,-453
227000243,428,40,388
227000245,25,217,-192
227000246,113,224,-111
227000247,709,43,666
227000248,203,96,107
227000249,24,90,-66
227000250,481,407,74
227000251,79,492,-413
227000252,93,154,-61
227000253,400,29,371
227000262,774,46,728
227000266,2542,80,2462
227000267,27,935,-908
227000282,8,144,-136
227000284,1338,21,1317
227000286,9,76,-67
227000287,36,43,-7
227000291,12,323,-311
227000296,407,251,156
227000484,259,8,251
227000485,22,768,-746
227000655,512,7,505
227000656,1059,37,1022
227000657,358,13,345
227000661,919,6,913
229000265,33,89,-56
229000266,1,1,0
229000267,1,0,1
229000268,10,0,10
229000269,2,0,2
229000274,0,9,-9
229000275,0,14,-14
229000276,0,6,-6
229000277,0,1,-1
229000278,0,0,0
229000295,6,2,4
229000296,1,124,-123
229000297,18,35,-17
229000298,15,182,-167
229000320,25,4,21
229000321,63,30,33
229000412,30,80,-50
229000414,11,72,-61
229000415,12,6,6
229000416,2,5,-3
229000417,0,7,-7
229000419,76,328,-252
229000440,398,230,168
229000442,39,24,15
229000443,4,15,-11
229000444,2,45,-43
229000445,145,8,137
229000446,144,31,113
229000491,10,21,-11
229000492,18,80,-62
229000493,10,120,-110
229000494,75,39,36
229000495,131,23,108
229000496,101,11,90
229000507,0,62,-62
229000508,1,44,-43
229000509,0,103,-103
229000510,9,98,-89
229000511,10,64,-54
229000512,0,29,-29
229000513,0,6,-6
229000514,3,6,-3
229000517,6,3,3
229000518,39,12,27
229000519,2,6,-4
229000520,28,36,-8
229000521,99,17,82
229000522,5,6,-1
229000523,13,0,13
229000524,0,2,-2
229000527,1,1,0
229000528,0,0,0
229000529,15,1,14
229000530,93,8,85
229000531,72,1,71
229000532,13,2,11
229000533,88,3,85
229000534,45,2,43
229000564,107,1,106
229000565,62,0,62
229000566,0,10,-10
229000567,0,3,-3
229000582,120,13,107
229000583,14,10,4
229000584,5,6,-1
229000585,0,94,-94
229000718,0,4,-4
229000719,0,1,-1
229000720,0,29,-29
229000721,0,7,-7
229000722,0,6,-6
229000723,1,2,-1
229000724,0,15,-15
229000725,0,5,-5
229000738,3,0,3
229000739,2,2,0
229000740,3,0,3
229000741,68,0,68
229000742,28,0,28
229000743,35,0,35
229000744,1,0,1
229000745,0,0,0
229000746,20,0,20
229000847,87,0,87
229000848,35,0,35
229000849,106,0,106
229000851,75,0,75
229000854,0,23,-23
229000856,3,56,-53
229000857,0,19,-19
229000858,0,52,-52
229000919,12,93,-81
229000930,12,217,-205
229000937,178,40,138
229000966,87,34,53
229000981,40,20,20
229000985,40,9,31
229000986,4,11,-7
229000987,0,2,-2
229000988,2,1,1
229000989,37,18,19
229000990,0,5,-5
229000991,0,1,-1
229000992,27,12,15
229000993,359,8,351
229000998,15,26,-11
229000999,166,11,155
229001034,0,25,-25
229001035,3,6,-3
229001036,0,5,-5
229001037,80,6,74
229001038,0,5,-5
229001039,0,1,-1
229001040,0,13,-13
229001041,19,0,19
229001042,47,10,37
229001047,27,90,-63
229001050,86,24,62
229001168,1,45,-44
229001200,78,4,74
229001338,1,33,-32
229001394,374,4,370
229001422,250,39,211
229001423,17,126,-109
229001431,72,86,-14
229001432,42,131,-89
229001444,369,94,275
229001445,132,107,25
229001479,36,1,35
229001503,422,82,340
229001504,206,132,74
229001505,249,60,189
229001506,108,132,-24
229001509,110,11,99
229001510,0,2,-2
229001545,246,12,234
229001546,6,88,-82
229001553,195,57,138
229001554,23,101,-78
229001630,208,8,200
229001631,12,55,-43
229001635,0,42,-42
229001636,1,5,-4
229001658,2,102,-100
229001659,137,11,126
229001660,7,27,-20
229001661,9,49,-40
229001662,53,0,53
229001663,0,87,-87
229002584,368,428,-60
229002831,122,108,14
229002841,8,48,-40
229002842,24,156,-132
229002843,91,48,43
229002844,36,107,-71
229002845,7,172,-165
229002846,19,23,-4
229002847,0,40,-40
229002848,4,100,-96
229002849,13,84,-71
229002850,5,2,3
229002851,87,139,-52
229002852,185,55,130
229002853,123,178,-55
229002854,64,156,-92
229002855,18,130,-112
229002856,51,64,-13
229002857,4,168,-164
229002858,24,18,6
229002859,48,147,-99
229002860,242,86,156
229002861,122,229,-107
229002862,58,58,0
229002863,40,18,22
229002864,39,57,-18
229002865,7,28,-21
229002866,31,29,2
229002867,0,29,-29
229002868,11,22,-11
229002869,8,55,-47
229002870,64,20,44
235000066,498,68,430
235000067,309,142,167
235000072,62,109,-47
235000073,117,434,-317
235000074,107,94,13
235000080,14,45,-31
235000081,400,119,281
235000082,253,30,223
235000083,474,78,396
235000084,54,69,-15
235000085,190,75,115
235000089,71,243,-172
235000092,128,321,-193
235000093,22,22,0
235000097,12,4,8
235000098,199,6,193
235000099,61,102,-41
235000116,35,22,13
235000117,896,39,857
235000133,36,1320,-1284
235000134,18,305,-287
235000206,16,14,2
235000207,0,3,-3
235000208,0,0,0
235000209,2,3,-1
235000210,11,0,11
235000212,8,29,-21
235000213,1,12,-11
235000220,0,5,-5
235000221,7,97,-90
235000238,13,214,-201
235000239,7,126,-119
235000242,474,1005,-531
235000245,458,234,224
235000246,19,100,-81
235000284,33,104,-71
235000295,159,32,127
235000305,567,20,547
235000306,675,25,650
235000307,66,2,64
235000308,30,0,30
235000309,146,0,146
235000310,27,0,27
235000311,160,107,53
235000322,0,43,-43
235000323,1,30,-29
235000324,0,20,-20
235000325,6,14,-8
235000326,19,53,-34
235000351,16,47,-31
235000352,44,73,-29
235000353,2,60,-58
235000354,8,31,-23
235000355,21,523,-502
235000356,204,2,202
235000357,260,8,252
235000358,49,10,39
235000359,24,2,22
235000360,264,6,258
235000361,126,4,122
235000381,465,141,324
235000382,249,165,84
235000390,15,1,14
235000391,177,30,147
235000392,274,254,20
235000393,238,590,-352
235000395,155,34,121
235000396,828,87,741
235000400,90,243,-153
235000401,2,272,-270
235000405,306,131,175
235000406,153,100,53
235000407,145,59,86
235000409,223,143,80
235000410,149,182,-33
235000411,1,51,-50
235000485,0,14,-14
235000486,5,0,5
235000549,152,528,-376
235000550,247,203,44
235000599,325,54,271
235000600,10,27,-17
235000601,11,34,-23
235000602,210,60,150
235000614,2,6,-4
235000648,0,9,-9
235000649,203,25,178
235000685,1,2,-1
235000815,2,31,-29
235000834,0,17,-17
235000855,83,43,40
235000862,43,104,-61
235000891,0,63,-63
235000892,39,6,33
235000901,142,512,-370
235000907,6,16,-10
235001010,203,178,25
235001029,207,213,-6
235001030,228,132,96
235001078,121,150,-29
235001079,127,92,35
235001147,0,89,-89
235001166,15,56,-41
235001167,116,42,74
235001169,58,179,-121
235001188,0,32,-32
235001189,5,1,4
235001197,4,35,-31
235001200,146,88,58
235001207,282,67,215
235001210,14,195,-181
235001215,78,170,-92
235001239,3,75,-72
235001244,0,23,-23
235016267,1,317,-316
277101746,0,0,0
277102712,4,2,2
277103813,1,0,1
277103898,0,0,0
277104249,0,0,0
277104250,0,17,-17
277104251,0,7,-7
277104252,0,1,-1
990011530,2,735,-733
990014944,2,346,-344
990015176,97,1,96
990015618,3,245,-242
990016032,1,312,-311
990032570,2,1873,-1871
990070001,82,0,82
990070103,0,2,-2
990070601,0,43,-43
990070751,3679,6,3673
990070766,0,205,-205
990071180,934,512,422
990071343,107,1,106
990071387,0,5,-5
990071823,670,7,663
990072600,1,951,-950
990072964,1,171,-170
990073285,0,6,-6
990074393,1,501,-500
990074870,2875,17,2858
990075106,1154,4,1150
990075746,1226,15,1211
990076437,6373,9,6364
990076458,17,493,-476
997000007,542,26,516
997000041,1,533,-532
997000058,119,1,118
997000062,23,3,20
997000069,0,6,-6
997000070,0,14,-14
997000100,290,0,290
997000141,0,596,-596
997000198,0,265,-265
998000475,0,5,-5
998000736,1,279,-278
998000965,1,87,-86
998001031,0,89,-89
998001700,0,86,-86
998001899,0,1,-1
998001900,13,0,13
998003073,1743,7,1736
998101900,0,0,0
998102850,1,297,-296
998501927,679,1558,-879
998501929,302,8,294
998501930,89,5,84
998501931,398,22,376
998501932,23,9,14
998501933,135,1,134
998501937,30,0,30
998501944,43,2,41
998501950,0,0,0
998501970,377,11,366
998501971,1,284,-283
998501973,0,25,-25
998501974,2,128,-126
998501975,236,37,199
998501976,467,3,464
998501977,0,70,-70
998501978,21,1,20
998501979,0,6,-6
998501980,605,12,593
998501981,148,56,92
998501982,2,200,-198
998502006,0,1,-1
998502024,1,40,-39
998502032,0,3,-3
998502062,23,2,21
998502063,0,0,0
998502173,22,1,21
998502269,0,3,-3
998601159,0,52,-52
998601292,0,72,-72
999033574,0,149,-149
999800001,121,29,92
999800002,0,1,-1
999800003,7,1,6
999800004,0,3,-3
999800005,0,59,-59
