dong,insum,outsum,diff
강남구 개포1동,525,1213,-688
강남구 개포2동,11598,19555,-7957
강남구 개포4동,5944,10106,-4162
강남구 논현1동,34707,29917,4790
강남구 논현2동,23956,21075,2881
강남구 대치1동,31402,16118,15284
강남구 대치2동,38868,23785,15083
강남구 대치4동,35690,18730,16960
강남구 도곡1동,18893,16699,2194
강남구 도곡2동,7502,6188,1314
강남구 삼성1동,44154,26881,17273
강남구 삼성2동,16013,12700,3313
강남구 세곡동,12574,33031,-20457
강남구 수서동,31792,11699,20093
강남구 신사동,31868,14989,16879
강남구 압구정동,44184,25343,18841
강남구 역삼1동,83215,47198,36017
강남구 역삼2동,21202,20550,652
강남구 일원1동,6287,10107,-3820
강남구 일원2동,3826,3481,345
강남구 일원본동,7324,13779,-6455
강남구 청담동,30569,25261,5308
강동구 강일동,6408,19089,-12681
강동구 고덕제1동,3983,8287,-4304
강동구 고덕제2동,7120,6909,211
강동구 길동,9708,11523,-1815
강동구 둔촌제1동,276,290,-14
강동구 둔촌제2동,9717,9682,35
강동구 명일제1동,13714,13344,370
강동구 명일제2동,11318,7242,4076
강동구 상일동,18059,12272,5787
강동구 성내제1동,8839,10326,-1487
강동구 성내제2동,9116,10059,-943
강동구 성내제3동,12537,10479,2058
강동구 암사제1동,5882,12648,-6766
강동구 암사제2동,3307,2128,1179
강동구 암사제3동,1171,965,206
강동구 천호제1동,4366,8726,-4360
강동구 천호제2동,20112,15499,4613
강동구 천호제3동,8827,6742,2085
강북구 미아동,19612,13996,5616
강북구 번1동,47525,32660,14865
강북구 번2동,5265,13021,-7756
강북구 번3동,9471,21485,-12014
강북구 삼각산동,4507,9680,-5173
강북구 삼양동,10306,20429,-10123
강북구 송중동,70354,52429,17925
강북구 송천동,19469,23031,-3562
강북구 수유1동,10074,15063,-4989
강북구 수유2동,7529,14777,-7248
강북구 수유3동,40991,26355,14636
강북구 우이동,10804,12464,-1660
강북구 월곡제1동,1182,1081,101
강북구 인수동,7918,17677,-9759
강서구 가양제1동,18108,11414,6694
강서구 가양제2동,1907,3144,-1237
강서구 가양제3동,2074,3573,-1499
강서구 공항동,13112,10351,2761
강서구 등촌제1동,15269,19748,-4479
강서구 등촌제2동,6055,13630,-7575
강서구 등촌제3동,23539,19916,3623
강서구 발산제1동,21552,21385,167
강서구 방화제1동,9390,12620,-3230
강서구 방화제2동,9281,6790,2491
강서구 방화제3동,1361,1946,-585
강서구 염창동,7920,14176,-6256
강서구 우장산동,13219,16326,-3107
강서구 화곡본동,6084,11556,-5472
강서구 화곡제1동,32959,35829,-2870
강서구 화곡제2동,3304,9360,-6056
강서구 화곡제3동,12779,10258,2521
강서구 화곡제4동,5008,10574,-5566
강서구 화곡제6동,16914,19389,-2475
강서구 화곡제8동,17261,11977,5284
관악구 낙성대동,33777,48193,-14416
관악구 난곡동,6757,21252,-14495
관악구 난향동,4118,10768,-6650
관악구 남현동,13068,14095,-1027
관악구 대학동,41736,27720,14016
관악구 미성동,16049,26867,-10818
관악구 보라매동,14226,20267,-6041
관악구 삼성동,10111,29669,-19558
관악구 서림동,14278,25674,-11396
관악구 서원동,56656,35840,20816
관악구 성현동,7494,25110,-17616
관악구 신림동,61339,36237,25102
관악구 신사동,10504,17111,-6607
관악구 신원동,3270,5729,-2459
관악구 은천동,22014,22884,-870
관악구 인헌동,10000,12613,-2613
관악구 조원동,36072,24280,11792
관악구 중앙동,8860,7015,1845
관악구 청룡동,35401,15955,19446
관악구 청림동,2108,7590,-5482
관악구 행운동,43906,33023,10883
광진구 광장동,6813,6572,241
광진구 구의제1동,11451,13032,-1581
광진구 구의제2동,9433,16502,-7069
광진구 구의제3동,14726,7588,7138
광진구 군자동,11850,16614,-4764
광진구 능동,10870,12249,-1379
광진구 자양제1동,2985,3758,-773
광진구 자양제2동,13477,23501,-10024
광진구 자양제3동,6423,6846,-423
광진구 자양제4동,24297,20478,3819
광진구 중곡제1동,5432,7128,-1696
광진구 중곡제2동,7885,10198,-2313
광진구 중곡제3동,5755,9232,-3477
광진구 중곡제4동,4904,9208,-4304
광진구 화양동,22714,15899,6815
구로구 가리봉동,10084,8516,1568
구로구 개봉제1동,30635,31351,-716
구로구 개봉제2동,21444,19047,2397
구로구 개봉제3동,3846,10462,-6616
구로구 고척제1동,18556,21274,-2718
구로구 고척제2동,9595,20859,-11264
구로구 구로제1동,5543,10475,-4932
구로구 구로제2동,27619,32458,-4839
구로구 구로제3동,71489,25269,46220
구로구 구로제4동,19855,14681,5174
구로구 구로제5동,33756,21825,11931
구로구 수궁동,24661,22327,2334
구로구 신도림동,39162,22884,16278
구로구 오류제1동,9965,14600,-4635
구로구 오류제2동,10818,11937,-1119
구로구 항동,839,5762,-4923
금천구 가산동,59838,30275,29563
금천구 독산제1동,32101,46064,-13963
금천구 독산제2동,9481,18952,-9471
금천구 독산제3동,15778,24531,-8753
금천구 독산제4동,10742,8880,1862
금천구 미성동,122,494,-372
금천구 시흥제1동,32382,38418,-6036
금천구 시흥제2동,6084,17760,-11676
금천구 시흥제3동,9704,10980,-1276
금천구 시흥제4동,4291,8732,-4441
금천구 시흥제5동,13578,17921,-4343
노원구 공릉1동,17902,17927,-25
노원구 공릉2동,17305,19795,-2490
노원구 상계10동,13307,5218,8089
노원구 상계1동,12875,15142,-2267
노원구 상계2동,20771,12636,8135
노원구 상계3.4동,1775,5370,-3595
노원구 상계5동,11181,11154,27
노원구 상계6.7동,25223,13361,11862
노원구 상계8동,3178,5909,-2731
노원구 상계9동,5525,8780,-3255
노원구 월계1동,42523,25158,17365
노원구 월계2동,7287,13895,-6608
노원구 월계3동,8277,12133,-3856
노원구 중계1동,10319,11876,-1557
노원구 중계2.3동,16464,13369,3095
노원구 중계4동,8854,9273,-419
노원구 중계본동,13850,12113,1737
노원구 하계1동,17916,15641,2275
노원구 하계2동,10956,10555,401
도봉구 도봉제1동,8741,10124,-1383
도봉구 도봉제2동,13392,14078,-686
도봉구 방학제1동,13198,19414,-6216
도봉구 방학제2동,3073,11430,-8357
도봉구 방학제3동,5795,12929,-7134
도봉구 쌍문제1동,7211,17911,-10700
도봉구 쌍문제2동,8416,12894,-4478
도봉구 쌍문제3동,9619,7299,2320
도봉구 쌍문제4동,4513,12845,-8332
도봉구 창제1동,36215,14772,21443
도봉구 창제2동,5268,14246,-8978
도봉구 창제3동,5631,13182,-7551
도봉구 창제4동,22693,17072,5621
도봉구 창제5동,17013,15264,1749
동대문구 답십리제1동,11839,17560,-5721
동대문구 답십리제2동,13112,17603,-4491
동대문구 면목제5동,66,57,9
동대문구 용신동,47395,41748,5647
동대문구 이문제1동,13748,13952,-204
동대문구 이문제2동,5277,6487,-1210
동대문구 장안제1동,27473,24002,3471
동대문구 장안제2동,16887,24458,-7571
동대문구 전농제1동,16722,25002,-8280
동대문구 전농제2동,11429,15049,-3620
동대문구 제기동,27554,24513,3041
동대문구 청량리동,45888,30855,15033
동대문구 회기동,12951,8374,4577
동대문구 휘경제1동,21675,20200,1475
동대문구 휘경제2동,13604,16818,-3214
동작구 노량진제1동,67568,46429,21139
동작구 노량진제2동,31584,17004,14580
동작구 대방동,39342,45687,-6345
동작구 사당제1동,17263,19476,-2213
동작구 사당제2동,33156,26819,6337
동작구 사당제3동,5038,14336,-9298
동작구 사당제4동,953,1331,-378
동작구 사당제5동,5946,10646,-4700
동작구 상도제1동,53472,55559,-2087
동작구 상도제2동,18031,25899,-7868
동작구 상도제3동,11582,20703,-9121
동작구 상도제4동,5846,21860,-16014
동작구 신대방제1동,7870,7973,-103
동작구 신대방제2동,19587,23505,-3918
동작구 흑석동,31787,31461,326
마포구 공덕동,13978,18402,-4424
마포구 대흥동,28767,18104,10663
마포구 도화동,10501,9420,1081
마포구 망원제1동,7298,11302,-4004
마포구 망원제2동,6299,8231,-1932
마포구 상암동,43140,33577,9563
마포구 서강동,8812,11214,-2402
마포구 서교동,126906,63437,63469
마포구 성산제1동,9690,15602,-5912
마포구 성산제2동,17525,25930,-8405
마포구 신수동,2601,5843,-3242
마포구 아현동,18263,21211,-2948
마포구 연남동,6489,7241,-752
마포구 염리동,3799,4731,-932
마포구 용강동,14935,14425,510
마포구 합정동,16329,14548,1781
서대문구 남가좌제1동,8168,12030,-3862
서대문구 남가좌제2동,15192,22841,-7649
서대문구 북가좌제1동,3513,8692,-5179
서대문구 북가좌제2동,8630,19039,-10409
서대문구 북아현동,13344,16491,-3147
서대문구 신촌동,115472,54515,60957
서대문구 연희동,45762,58364,-12602
서대문구 천연동,17161,20511,-3350
서대문구 충현동,30081,33512,-3431
서대문구 홍은제1동,11838,21545,-9707
서대문구 홍은제2동,25722,34852,-9130
서대문구 홍제제1동,23781,18313,5468
서대문구 홍제제2동,14299,21007,-6708
서대문구 홍제제3동,13862,13496,366
서초구 내곡동,8170,11461,-3291
서초구 반포1동,20775,19700,1075
서초구 반포2동,11515,7007,4508
서초구 반포3동,34228,15720,18508
서초구 반포4동,31509,19450,12059
서초구 반포본동,10961,8755,2206
서초구 방배1동,16545,13819,2726
서초구 방배2동,18069,17521,548
서초구 방배3동,9736,11892,-2156
서초구 방배4동,13484,16142,-2658
서초구 방배본동,8633,11051,-2418
서초구 서초1동,14778,13211,1567
서초구 서초2동,35625,30507,5118
서초구 서초3동,36419,25748,10671
서초구 서초4동,36502,26192,10310
서초구 양재1동,53546,52518,1028
서초구 양재2동,24941,24775,166
서초구 잠원동,15550,23814,-8264
성동구 금호1가동,4654,9749,-5095
성동구 금호2.3가동,10842,12329,-1487
성동구 금호4가동,5705,9933,-4228
성동구 마장동,7643,10211,-2568
성동구 사근동,10497,5838,4659
성동구 성수1가제1동,6869,6109,760
성동구 성수1가제2동,5714,4297,1417
성동구 성수2가제1동,5059,6456,-1397
성동구 성수2가제3동,8196,5205,2991
성동구 송정동,2539,4737,-2198
성동구 옥수동,14046,15048,-1002
성동구 왕십리도선동,16400,9652,6748
성동구 왕십리제2동,7695,13805,-6110
성동구 용답동,9630,9002,628
성동구 응봉동,2942,10801,-7859
성동구 행당제1동,23345,10782,12563
성동구 행당제2동,9975,11985,-2010
성북구 길음제1동,20537,24391,-3854
성북구 길음제2동,12147,16253,-4106
성북구 돈암제1동,23427,21914,1513
성북구 돈암제2동,3062,11306,-8244
성북구 동선동,43849,28843,15006
성북구 보문동,7751,10964,-3213
성북구 삼선동,42394,40272,2122
성북구 석관동,7897,13145,-5248
성북구 성북동,19944,19759,185
성북구 안암동,14745,13842,903
성북구 월곡제1동,15478,18965,-3487
성북구 월곡제2동,12177,9431,2746
성북구 장위제1동,5576,18217,-12641
성북구 장위제2동,10110,11117,-1007
성북구 장위제3동,4162,7126,-2964
성북구 정릉제1동,10206,18241,-8035
성북구 정릉제2동,11395,28695,-17300
성북구 정릉제3동,18302,11112,7190
성북구 정릉제4동,14881,22147,-7266
성북구 종암동,23348,33678,-10330
송파구 가락1동,3698,4602,-904
송파구 가락2동,13213,17891,-4678
송파구 가락본동,18096,17387,709
송파구 거여1동,3210,4959,-1749
송파구 거여2동,997,1456,-459
송파구 마천1동,2184,5143,-2959
송파구 마천2동,5536,12662,-7126
송파구 문정1동,4811,8150,-3339
송파구 문정2동,28624,21616,7008
송파구 방이1동,6833,8081,-1248
송파구 방이2동,15284,13056,2228
송파구 삼전동,9637,18334,-8697
송파구 석촌동,20628,27222,-6594
송파구 송파1동,13800,14154,-354
송파구 송파2동,4310,5474,-1164
송파구 오금동,15434,17986,-2552
송파구 오륜동,8516,6526,1990
송파구 위례동,8220,15827,-7607
송파구 잠실2동,4117,5708,-1591
송파구 잠실3동,59979,22639,37340
송파구 잠실4동,510,980,-470
송파구 잠실6동,24720,9586,15134
송파구 잠실7동,12361,5313,7048
송파구 잠실본동,24808,23740,1068
송파구 장지동,9593,11661,-2068
송파구 풍납1동,5647,4795,852
송파구 풍납2동,7070,11429,-4359
양천구 목1동,48829,20567,28262
양천구 목2동,24880,28273,-3393
양천구 목3동,14918,19032,-4114
양천구 목4동,8833,21125,-12292
양천구 목5동,20668,21518,-850
양천구 신월1동,3763,4561,-798
양천구 신월2동,4033,10825,-6792
양천구 신월3동,4622,7617,-2995
양천구 신월4동,4815,11867,-7052
양천구 신월5동,4345,10318,-5973
양천구 신월6동,2795,4829,-2034
양천구 신월7동,7403,17222,-9819
양천구 신정1동,8088,8155,-67
양천구 신정2동,4321,5181,-860
양천구 신정3동,19399,30582,-11183
양천구 신정4동,32481,18391,14090
양천구 신정6동,5141,5587,-446
양천구 신정7동,7209,11406,-4197
영등포구 당산제1동,13972,9870,4102
영등포구 당산제2동,38451,22650,15801
영등포구 대림제1동,9568,12542,-2974
영등포구 대림제2동,5826,6792,-966
영등포구 대림제3동,9643,14243,-4600
영등포구 도림동,5481,16495,-11014
영등포구 문래동,17520,16201,1319
영등포구 신길제1동,5772,10365,-4593
영등포구 신길제3동,7087,15662,-8575
영등포구 신길제4동,2593,6470,-3877
영등포구 신길제5동,9094,9788,-694
영등포구 신길제6동,9369,17360,-7991
영등포구 신길제7동,10209,15979,-5770
영등포구 양평제1동,7220,8100,-880
영등포구 양평제2동,12101,13214,-1113
영등포구 여의동,108139,43827,64312
영등포구 영등포동,72565,44110,28455
영등포구 영등포본동,22095,17193,4902
용산구 남영동,36375,30472,5903
용산구 보광동,4917,8365,-3448
용산구 서빙고동,11129,11996,-867
용산구 용문동,2830,4566,-1736
용산구 용산2가동,10540,16242,-5702
용산구 원효로제1동,9790,13423,-3633
용산구 원효로제2동,5837,10845,-5008
용산구 이촌제1동,13690,11411,2279
용산구 이촌제2동,2604,4704,-2100
용산구 이태원제1동,15141,17356,-2215
용산구 이태원제2동,6733,8736,-2003
용산구 청파동,13553,16992,-3439
용산구 필동,11378,847,10531
용산구 한강로동,54541,34803,19738
용산구 한남동,44748,36554,8194
용산구 효창동,4881,10776,-5895
용산구 후암동,8429,12239,-3810
은평구 갈현제1동,4964,13765,-8801
은평구 갈현제2동,18832,17939,893
은평구 구산동,7701,12638,-4937
은평구 녹번동,27074,21834,5240
은평구 대조동,33626,26592,7034
은평구 불광제1동,31708,24922,6786
은평구 불광제2동,12433,19693,-7260
은평구 수색동,4965,9517,-4552
은평구 신사제1동,13382,19738,-6356
은평구 신사제2동,14665,18405,-3740
은평구 역촌동,17721,21333,-3612
은평구 응암제1동,14148,22767,-8619
은평구 응암제2동,4247,11115,-6868
은평구 응암제3동,10181,16416,-6235
은평구 증산동,20355,16560,3795
은평구 진관동,26352,32408,-6056
종로구 가회동,1671,3410,-1739
종로구 교남동,8487,7297,1190
종로구 무악동,5012,6359,-1347
종로구 부암동,15707,15178,529
종로구 사직동,59243,27667,31576
종로구 삼청동,7539,3878,3661
종로구 숭인제1동,783,2586,-1803
종로구 숭인제2동,9745,9253,492
종로구 이화동,25077,14388,10689
종로구 종로1.2.3.4가동,151421,46265,105156
종로구 종로5.6가동,19935,9998,9937
종로구 창신제1동,17844,11538,6306
종로구 창신제2동,3590,5401,-1811
종로구 창신제3동,3632,5282,-1650
종로구 청운효자동,7434,9259,-1825
종로구 충현동,2654,1977,677
종로구 평창동,10782,16124,-5342
종로구 혜화동,46133,24124,22009
중구 광희동,25971,16030,9941
중구 다산동,4922,7603,-2681
중구 동화동,1484,2053,-569
중구 명동,51923,20762,31161
중구 소공동,63184,19427,43757
중구 신당동,5778,5991,-213
중구 신당제5동,13674,8389,5285
중구 약수동,6473,6383,90
중구 을지로동,6772,2982,3790
중구 장충동,6450,3923,2527
중구 중림동,9917,6962,2955
중구 청구동,5745,5168,577
중구 필동,6604,6459,145
중구 황학동,5395,5762,-367
중구 회현동,55867,40408,15459
중랑구 망우본동,17820,19204,-1384
중랑구 망우제3동,3595,8433,-4838
중랑구 면목본동,22404,21603,801
중랑구 면목제2동,4394,8942,-4548
중랑구 면목제3.8동,20887,18490,2397
중랑구 면목제4동,6416,9893,-3477
중랑구 면목제5동,4407,8480,-4073
중랑구 면목제7동,3776,7200,-3424
중랑구 묵제1동,12095,13638,-1543
중랑구 묵제2동,2790,4108,-1318
중랑구 상봉제1동,9055,10005,-950
중랑구 상봉제2동,26204,22093,4111
중랑구 신내1동,11919,27012,-15093
중랑구 신내2동,18180,14394,3786
중랑구 중화제1동,5325,9993,-4668
중랑구 중화제2동,16100,16215,-115
NA,362490,471403,-108913
