ID,insum,outsum,diff
100000001,112,68,44
100000002,1367,2032,-665
100000003,1200,2524,-1324
100000004,91,542,-451
100000005,1238,1724,-486
100000006,16,14,2
100000007,68,144,-76
100000008,0,0,0
100000009,0,24,-24
100000010,0,17,-17
100000011,24,6,18
100000012,0,0,0
100000013,0,0,0
100000014,0,0,0
100000015,224,246,-22
100000016,0,0,0
100000017,0,0,0
100000018,146,90,56
100000019,138,290,-152
100000020,80,348,-268
100000021,1,0,1
100000022,84,257,-173
100000023,49,0,49
100000025,1,5,-4
100000028,8,39,-31
100000029,0,0,0
100000030,0,0,0
100000031,234,751,-517
100000032,191,189,2
100000033,81,152,-71
100000034,0,0,0
100000035,22,144,-122
100000036,11,63,-52
100000037,44,71,-27
100000038,357,128,229
100000039,103,25,78
100000040,1,9,-8
100000041,57,84,-27
100000042,100,56,44
100000043,21,37,-16
100000044,0,0,0
100000045,0,0,0
100000046,0,0,0
100000047,0,0,0
100000048,0,0,0
100000049,0,0,0
100000051,0,0,0
100000053,16,0,16
100000054,6,12,-6
100000055,0,0,0
100000056,13,37,-24
100000057,155,93,62
100000058,0,0,0
100000059,0,0,0
100000060,109,72,37
100000061,122,82,40
100000062,106,100,6
100000063,137,51,86
100000064,187,11,176
100000065,26,5,21
100000066,2,3,-1
100000067,12,19,-7
100000068,22,28,-6
100000069,22,32,-10
100000072,0,0,0
100000073,0,0,0
100000075,0,0,0
100000076,194,1223,-1029
100000077,33,87,-54
100000078,27,204,-177
100000079,1,166,-165
100000080,1,45,-44
100000081,3,32,-29
100000102,295,1226,-931
100000103,105,111,-6
100000104,120,155,-35
100000105,0,0,0
100000106,67,1400,-1333
100000107,17,402,-385
100000108,4,40,-36
100000109,115,36,79
100000116,126,84,42
100000117,2,97,-95
100000118,546,83,463
100000119,241,95,146
100000121,27,37,-10
100000122,201,127,74
100000123,304,110,194
100000124,154,189,-35
100000125,80,125,-45
100000126,6,7,-1
100000127,4,13,-9
100000128,0,16,-16
100000129,42,22,20
100000130,0,0,0
100000131,0,1,-1
100000132,13,167,-154
100000133,310,113,197
100000135,194,115,79
100000139,86,182,-96
100000140,0,0,0
100000142,145,41,104
100000143,0,0,0
100000144,0,0,0
100000147,348,1269,-921
100000150,4,19,-15
100000151,109,574,-465
100000153,0,0,0
100000154,0,0,0
100000155,2,51,-49
100000156,71,133,-62
100000157,394,130,264
100000158,65,118,-53
100000159,7,62,-55
100000165,63,10,53
100000169,0,0,0
100000174,0,0,0
100000179,5,25,-20
100000180,0,0,0
100000181,13,1,12
100000188,0,0,0
100000189,186,73,113
100000190,68,256,-188
100000191,7,166,-159
100000192,4,313,-309
100000193,40,48,-8
100000330,0,0,0
100000355,22,3,19
100000362,164,118,46
100000363,2025,2880,-855
100000364,0,0,0
100000365,3399,1600,1799
100000366,555,419,136
100000367,2683,1914,769
100000368,95,69,26
100000369,138,821,-683
100000370,0,35,-35
100000376,0,0,0
100000379,92,579,-487
100000380,781,1889,-1108
100000384,1314,2355,-1041
100000385,146,760,-614
100000386,573,1203,-630
100000387,246,1519,-1273
100000388,1506,1223,283
100000389,1273,2245,-972
100000390,681,325,356
100000391,783,2017,-1234
100000392,173,243,-70
100000393,132,1027,-895
100000394,149,396,-247
100000395,137,226,-89
100000396,327,371,-44
100000397,476,783,-307
100000398,2519,1037,1482
100900002,0,0,0
100900003,0,0,0
100900004,0,0,0
100900005,0,0,0
100900006,0,0,0
100900007,0,0,0
100900008,0,0,0
100900009,0,9,-9
100900010,0,0,0
100900011,0,0,0
100900012,0,0,0
100900013,0,0,0
100900014,0,0,0
100900015,0,0,0
100900016,0,0,0
100900017,0,0,0
100900018,0,0,0
100900019,0,0,0
100900020,0,0,0
100900021,0,0,0
100900022,0,0,0
100900023,0,0,0
100900024,0,0,0
100900025,0,0,0
100900026,0,0,0
100900027,1,0,1
100900028,0,0,0
100900029,0,0,0
100900030,0,0,0
100900031,0,0,0
100900032,0,0,0
100900033,0,0,0
100900034,0,0,0
100900035,0,0,0
100900036,0,0,0
100900037,0,0,0
100900038,0,1,-1
100900039,0,0,0
100900040,0,0,0
100900041,0,0,0
100900042,1,1,0
100900043,0,0,0
100900044,0,0,0
100900045,0,0,0
100900046,0,0,0
100900047,0,0,0
100900048,0,0,0
100900049,0,0,0
100900050,0,0,0
100900051,0,0,0
100900052,0,0,0
100900053,0,0,0
100900054,0,0,0
100900055,0,0,0
100900056,0,0,0
100900057,0,0,0
100900058,0,0,0
100900059,0,0,0
100900060,0,0,0
100900061,0,0,0
100900062,0,0,0
100900063,0,0,0
100900064,0,0,0
100900065,0,0,0
100900066,0,1,-1
100900067,0,0,0
100900068,0,0,0
100900069,0,0,0
100900070,0,0,0
100900071,0,0,0
100900072,0,0,0
100900073,0,0,0
100900074,0,0,0
100900075,0,0,0
100900076,0,0,0
100900077,0,0,0
100900078,0,0,0
100900079,0,0,0
100900080,0,0,0
100900081,0,0,0
100900082,0,0,0
100900083,0,0,0
100900085,0,0,0
100900086,0,0,0
100900088,0,0,0
100900089,0,0,0
100900090,0,0,0
100900091,0,0,0
100900092,0,0,0
100900093,0,0,0
100900094,0,0,0
100900095,0,0,0
100900096,0,0,0
100900097,0,0,0
100900098,0,0,0
100900099,0,0,0
100900100,0,0,0
100900101,0,0,0
100900102,0,0,0
100900103,0,0,0
100900104,0,0,0
100900105,0,0,0
100900106,0,0,0
100900107,0,0,0
100900108,0,0,0
100900109,0,0,0
100900110,0,0,0
100900111,0,0,0
100900112,0,0,0
100900113,0,0,0
100900114,0,0,0
100900115,0,0,0
100900116,0,0,0
100900117,0,0,0
100900118,0,0,0
100900119,0,0,0
100900120,0,0,0
100900121,0,0,0
100900122,0,0,0
100900123,0,0,0
100900124,0,0,0
100900125,0,0,0
100900126,0,0,0
100900127,0,0,0
100900128,0,0,0
100900129,0,0,0
100900131,0,0,0
100900133,0,0,0
100900134,0,0,0
100900135,0,0,0
100900137,0,0,0
100900138,0,0,0
100900139,0,0,0
100900140,0,0,0
100900141,0,0,0
100900142,0,0,0
100900143,0,0,0
100900144,0,0,0
100900145,0,0,0
100900146,0,0,0
100900147,0,0,0
100900148,0,0,0
100900149,0,0,0
100900150,0,0,0
100900151,0,0,0
100900152,0,0,0
100900153,0,0,0
100900154,0,0,0
100900155,0,0,0
100900156,0,0,0
100900157,0,0,0
100900158,0,0,0
100900159,0,0,0
100900160,0,0,0
100900161,0,0,0
100900162,0,0,0
100900163,0,0,0
100900164,0,0,0
100900165,0,0,0
100900166,0,0,0
100900167,0,0,0
100900168,0,0,0
100900169,0,0,0
100900170,0,0,0
100900171,0,0,0
100900172,0,0,0
100900173,0,0,0
100900174,0,0,0
100900176,0,0,0
100900177,0,0,0
100900178,0,0,0
100900179,0,0,0
100900180,0,0,0
100900181,0,0,0
100900182,0,0,0
100900184,0,0,0
100900186,0,0,0
100900187,0,0,0
100900188,0,0,0
100900189,0,0,0
100900191,0,0,0
100900192,0,0,0
100900195,0,0,0
100900197,0,0,0
100900198,4,2,2
100900199,0,0,0
100900200,0,0,0
100900201,0,0,0
100900202,0,0,0
100900203,0,0,0
100900204,0,0,0
100900205,0,0,0
100900206,0,0,0
100900207,0,0,0
100900210,0,0,0
100900211,0,0,0
100900213,0,0,0
100900214,0,0,0
100900215,0,0,0
100900217,0,0,0
101000001,166,489,-323
101000002,45,123,-78
101000003,8,96,-88
101000004,1343,1886,-543
101000005,1015,1519,-504
101000006,491,57,434
101000007,53,291,-238
101000008,391,830,-439
101000009,166,97,69
101000010,85,61,24
101000011,29,84,-55
101000012,0,0,0
101000013,58,145,-87
101000014,94,174,-80
101000015,29,48,-19
101000016,0,0,0
101000017,0,0,0
101000018,79,13,66
101000020,94,41,53
101000021,32,116,-84
101000022,0,0,0
101000023,99,215,-116
101000025,0,0,0
101000026,0,0,0
101000027,146,273,-127
101000028,0,0,0
101000029,0,0,0
101000030,0,0,0
101000031,0,4,-4
101000032,851,1215,-364
101000033,18,16,2
101000034,63,138,-75
101000035,0,0,0
101000036,3,28,-25
101000037,93,402,-309
101000039,0,0,0
101000040,65,230,-165
101000041,1231,2093,-862
101000042,9,235,-226
101000043,59,236,-177
101000045,90,215,-125
101000046,328,502,-174
101000047,437,356,81
101000048,44,127,-83
101000049,0,1,-1
101000050,70,221,-151
101000051,100,717,-617
101000052,155,666,-511
101000053,176,173,3
101000054,245,52,193
101000055,487,663,-176
101000056,0,0,0
101000057,39,5,34
101000058,68,431,-363
101000059,414,1578,-1164
101000060,47,1,46
101000061,87,1254,-1167
101000062,31,3,28
101000063,90,618,-528
101000064,58,6,52
101000065,44,351,-307
101000066,176,244,-68
101000067,71,17,54
101000068,46,14,32
101000069,148,9,139
101000070,229,16,213
101000071,138,57,81
101000072,1252,601,651
101000073,295,132,163
101000074,2041,569,1472
101000075,1933,378,1555
101000077,430,96,334
101000078,146,73,73
101000079,458,275,183
101000080,79,4,75
101000081,329,149,180
101000082,34,26,8
101000083,497,216,281
101000084,20,16,4
101000085,484,294,190
101000086,0,0,0
101000087,0,0,0
101000088,461,179,282
101000089,260,164,96
101000090,0,0,0
101000091,35,9,26
101000092,349,104,245
101000093,150,67,83
101000094,7,49,-42
101000095,3,26,-23
101000096,90,48,42
101000097,9,7,2
101000098,4,11,-7
101000099,131,229,-98
101000100,8,7,1
101000101,75,53,22
101000102,128,124,4
101000103,77,76,1
101000104,28,163,-135
101000105,16,50,-34
101000106,0,0,0
101000107,0,0,0
101000108,0,0,0
101000109,0,0,0
101000110,0,0,0
101000111,0,0,0
101000113,0,0,0
101000114,225,121,104
101000115,0,0,0
101000116,0,0,0
101000117,0,0,0
101000119,0,21,-21
101000120,0,0,0
101000121,0,0,0
101000122,0,0,0
101000123,0,0,0
101000124,0,0,0
101000125,0,0,0
101000128,0,0,0
101000130,26,13,13
101000131,53,59,-6
101000132,16,21,-5
101000135,0,0,0
101000136,0,0,0
101000137,0,1,-1
101000141,258,1966,-1708
101000147,6,11,-5
101000148,0,0,0
101000149,0,0,0
101000150,0,0,0
101000151,0,0,0
101000152,18,3,15
101000153,29,12,17
101000154,57,4,53
101000155,0,0,0
101000156,0,0,0
101000157,0,0,0
101000160,0,0,0
101000163,53,176,-123
101000164,2,0,2
101000165,200,112,88
101000166,20,49,-29
101000168,0,0,0
101000252,379,124,255
101000254,0,0,0
101000258,0,0,0
101000261,1,1,0
101000262,329,2223,-1894
101000263,42,397,-355
101000265,0,0,0
101000266,0,0,0
101000269,0,0,0
101000290,83,281,-198
101000293,0,0,0
101000294,33,35,-2
101000295,4,21,-17
101000301,3,10,-7
101000304,221,654,-433
101000305,425,400,25
101900001,0,0,0
101900002,0,0,0
101900003,0,0,0
101900004,0,0,0
101900005,0,0,0
101900006,0,0,0
101900007,0,0,0
101900008,0,0,0
101900009,0,0,0
101900010,0,0,0
101900011,0,0,0
101900012,0,0,0
101900013,0,0,0
101900017,0,0,0
101900018,0,0,0
101900019,0,0,0
101900020,0,0,0
101900021,0,0,0
101900022,0,0,0
101900023,0,0,0
102000001,327,614,-287
102000002,107,61,46
102000003,265,347,-82
102000004,299,391,-92
102000005,51,413,-362
102000006,59,291,-232
102000007,70,522,-452
102000008,522,236,286
102000009,467,582,-115
102000010,265,297,-32
102000011,269,578,-309
102000012,359,444,-85
102000018,62,150,-88
102000019,0,0,0
102000026,0,0,0
102000029,0,0,0
102000030,0,0,0
102000031,0,0,0
102000032,0,0,0
102000033,0,0,0
102000034,0,0,0
102000035,0,0,0
102000036,0,0,0
102000037,0,0,0
102000038,0,0,0
102000039,0,0,0
102000040,0,0,0
102000041,0,0,0
102000042,0,0,0
102000043,0,0,0
102000044,0,0,0
102000045,65,90,-25
102000046,0,0,0
102000047,48,81,-33
102000048,0,0,0
102000049,0,0,0
102000050,98,75,23
102000051,0,0,0
102000052,214,61,153
102000053,0,0,0
102000054,22,2,20
102000055,15,1,14
102000056,361,62,299
102000057,63,140,-77
102000058,23,7,16
102000059,23,34,-11
102000060,423,329,94
102000061,9,23,-14
102000062,142,164,-22
102000063,17,23,-6
102000064,18,45,-27
102000065,0,6,-6
102000066,76,29,47
102000067,34,125,-91
102000068,364,354,10
102000069,0,0,0
102000070,0,0,0
102000071,745,613,132
102000072,498,549,-51
102000073,0,0,0
102000074,0,0,0
102000075,0,0,0
102000076,0,0,0
102000077,0,0,0
102000078,0,0,0
102000079,5,0,5
102000080,0,0,0
102000081,4,3,1
102000082,0,0,0
102000083,0,0,0
102000084,174,44,130
102000085,0,0,0
102000086,191,85,106
102000087,6,5,1
102000088,8,22,-14
102000089,166,90,76
102000090,66,189,-123
102000091,189,194,-5
102000092,81,147,-66
102000093,185,171,14
102000094,150,65,85
102000095,0,0,0
102000096,789,176,613
102000097,0,0,0
102000098,220,125,95
102000099,61,8,53
102000100,60,63,-3
102000101,30,23,7
102000102,22,61,-39
102000103,4,114,-110
102000104,0,0,0
102000105,0,0,0
102000106,0,0,0
102000107,0,0,0
102000108,0,0,0
102000109,0,0,0
102000110,0,0,0
102000111,0,0,0
102000112,0,0,0
102000113,0,0,0
102000114,0,0,0
102000115,0,0,0
102000116,2,41,-39
102000117,0,0,0
102000118,23,333,-310
102000119,0,0,0
102000120,1,0,1
102000121,0,0,0
102000122,0,0,0
102000123,0,0,0
102000124,0,0,0
102000125,0,0,0
102000126,0,0,0
102000127,0,0,0
102000128,0,0,0
102000129,0,0,0
102000130,0,0,0
102000131,0,0,0
102000132,0,0,0
102000133,231,56,175
102000134,90,95,-5
102000135,0,0,0
102000136,0,0,0
102000137,0,0,0
102000138,0,0,0
102000139,0,0,0
102000140,0,0,0
102000141,0,0,0
102000142,0,0,0
102000143,0,0,0
102000144,0,0,0
102000145,0,0,0
102000146,0,0,0
102000147,0,0,0
102000148,0,0,0
102000149,0,0,0
102000150,0,0,0
102000151,0,0,0
102000152,0,0,0
102000153,0,0,0
102000154,0,0,0
102000155,0,0,0
102000156,0,0,0
102000157,0,0,0
102000158,0,0,0
102000159,0,0,0
102000161,0,0,0
102000162,0,0,0
102000163,0,1,-1
102000164,1,4,-3
102000165,0,0,0
102000166,0,4,-4
102000167,0,0,0
102000168,6,5,1
102000169,8,3,5
102000170,0,0,0
102000171,0,0,0
102000172,3,2,1
102000173,0,10,-10
102000174,0,0,0
102000175,33,10,23
102000176,1,0,1
102000178,30,3,27
102000179,9,6,3
102000180,51,3,48
102000181,92,7,85
102000182,43,9,34
102000183,320,117,203
102000184,11,8,3
102000185,364,99,265
102000186,37,10,27
102000187,18,10,8
102000188,233,102,131
102000189,65,9,56
102000190,324,305,19
102000191,87,55,32
102000192,0,0,0
102000193,0,0,0
102000194,0,0,0
102000195,0,0,0
102000196,0,0,0
102000197,0,0,0
102000198,0,0,0
102000199,0,0,0
102000200,0,0,0
102000201,0,0,0
102000202,0,0,0
102000203,0,0,0
102000204,0,0,0
102000205,0,0,0
102000206,0,0,0
102000207,0,0,0
102000208,0,0,0
102000209,0,0,0
102000210,0,0,0
102000211,0,0,0
102000212,0,0,0
102000213,0,0,0
102000214,0,0,0
102000215,0,0,0
102000216,0,0,0
102000217,0,0,0
102000218,0,0,0
102000219,0,0,0
102000225,171,150,21
102000226,0,0,0
102000227,0,0,0
102000228,0,0,0
102000229,0,0,0
102000230,10,50,-40
102000231,0,0,0
102000232,0,0,0
102000233,58,42,16
102000234,17,307,-290
102000236,0,0,0
102000237,0,0,0
102000238,0,0,0
102000240,0,0,0
102000241,0,0,0
102000243,2,4,-2
102000245,0,0,0
102000246,0,0,0
102000247,4,46,-42
102000248,27,180,-153
102000249,0,0,0
102000250,0,0,0
102000254,83,28,55
102000266,0,0,0
102000271,0,0,0
102000286,0,3,-3
102000297,0,0,0
102000299,0,0,0
102000300,0,0,0
102000301,0,0,0
102000303,0,0,0
102000305,0,0,0
102000306,0,0,0
102000307,0,0,0
102000308,0,0,0
102900001,0,0,0
102900002,0,0,0
102900003,0,0,0
102900005,0,0,0
102900006,0,0,0
102900007,0,0,0
102900008,0,0,0
102900009,0,0,0
102900010,0,0,0
102900011,0,0,0
102900012,0,0,0
102900013,0,0,0
102900015,0,0,0
102900016,0,0,0
102900017,0,0,0
102900018,0,0,0
102900019,0,0,0
102900020,0,0,0
102900021,0,0,0
102900022,0,0,0
102900023,0,0,0
102900024,0,0,0
102900025,0,0,0
102900026,0,0,0
102900027,0,0,0
102900028,0,0,0
102900029,0,0,0
102900030,0,0,0
102900031,0,0,0
102900032,0,0,0
102900033,0,0,0
102900034,0,0,0
102900035,0,0,0
102900036,0,0,0
102900037,0,0,0
102900038,0,0,0
102900039,0,0,0
102900040,0,0,0
102900041,0,0,0
102900042,0,0,0
102900043,0,0,0
102900044,0,0,0
102900045,0,0,0
102900046,0,0,0
102900047,0,0,0
102900048,0,0,0
102900049,0,0,0
102900050,0,0,0
102900051,0,0,0
102900052,0,0,0
102900053,0,0,0
102900054,0,0,0
102900055,0,0,0
102900056,0,0,0
102900057,0,0,0
102900058,0,0,0
102900059,0,0,0
102900060,0,0,0
102900061,0,0,0
102900062,0,0,0
102900063,0,0,0
102900064,0,0,0
102900065,0,0,0
102900066,0,0,0
102900068,0,0,0
102900070,0,0,0
102900072,0,0,0
102900073,0,0,0
102900074,0,0,0
102900075,0,0,0
102900076,0,0,0
102900077,0,0,0
102900078,0,0,0
102900079,0,0,0
102900080,0,0,0
102900081,0,0,0
102900082,0,0,0
102900083,0,0,0
102900084,0,0,0
102900085,0,0,0
102900086,0,0,0
102900087,0,0,0
102900088,0,0,0
102900089,0,0,0
102900090,0,0,0
102900091,0,0,0
102900092,0,0,0
102900093,0,0,0
102900094,0,0,0
102900095,0,0,0
102900096,0,0,0
102900097,0,0,0
103000001,222,104,118
103000002,60,85,-25
103000003,41,128,-87
103000004,10,39,-29
103000005,536,342,194
103000006,185,217,-32
103000007,2,11,-9
103000008,0,0,0
103000009,81,139,-58
103000010,0,0,0
103000011,30,40,-10
103000012,579,469,110
103000013,114,27,87
103000014,497,721,-224
103000015,0,0,0
103000016,44,46,-2
103000017,118,85,33
103000018,0,0,0
103000019,112,119,-7
103000020,11,105,-94
103000021,1119,725,394
103000022,49,52,-3
103000023,272,635,-363
103000024,0,0,0
103000025,18,119,-101
103000026,0,0,0
103000027,41,59,-18
103000028,12,33,-21
103000029,60,75,-15
103000030,58,60,-2
103000031,176,380,-204
103000032,223,232,-9
103000033,1837,1031,806
103000034,26,52,-26
103000035,85,242,-157
103000036,10,211,-201
103000037,19,31,-12
103000038,258,280,-22
103000039,8,40,-32
103000040,44,47,-3
103000041,211,286,-75
103000042,112,29,83
103000043,80,116,-36
103000044,0,0,0
103000046,0,0,0
103000047,0,0,0
103000048,0,0,0
103000049,0,0,0
103000050,0,0,0
103000051,0,0,0
103000052,0,0,0
103000053,0,0,0
103000054,314,40,274
103000055,443,60,383
103000056,54,29,25
103000057,457,226,231
103000058,225,37,188
103000059,45,76,-31
103000060,66,29,37
103000061,104,126,-22
103000062,0,0,0
103000063,143,88,55
103000064,0,0,0
103000065,0,0,0
103000066,0,0,0
103000069,0,0,0
103000070,0,0,0
103000071,71,33,38
103000072,0,0,0
103000073,169,3,166
103000074,196,5,191
103000075,0,0,0
103000076,35,47,-12
103000077,0,0,0
103000078,60,51,9
103000079,2,59,-57
103000080,263,59,204
103000081,28,167,-139
103000082,183,55,128
103000083,0,0,0
103000084,22,3,19
103000085,0,0,0
103000086,290,115,175
103000087,75,223,-148
103000088,0,0,0
103000089,43,131,-88
103000090,661,284,377
103000091,43,99,-56
103000092,255,65,190
103000093,0,0,0
103000094,109,33,76
103000095,0,0,0
103000096,149,23,126
103000097,0,0,0
103000098,226,25,201
103000099,0,0,0
103000100,0,0,0
103000101,186,15,171
103000102,0,0,0
103000103,145,13,132
103000104,1,0,1
103000105,23,2,21
103000106,4,0,4
103000107,108,16,92
103000108,37,27,10
103000109,7,3,4
103000110,71,53,18
103000111,0,0,0
103000112,49,21,28
103000113,0,0,0
103000114,296,129,167
103000115,21,16,5
103000116,28,8,20
103000117,53,12,41
103000118,0,0,0
103000119,0,0,0
103000120,0,0,0
103000121,19,29,-10
103000122,248,864,-616
103000125,0,18,-18
103000126,91,1,90
103000127,0,6,-6
103000128,18,0,18
103000129,0,2,-2
103000130,49,0,49
103000131,14,12,2
103000132,2,0,2
103000133,0,23,-23
103000134,209,99,110
103000135,93,44,49
103000136,336,118,218
103000137,25,158,-133
103000138,59,122,-63
103000139,0,0,0
103000140,4,18,-14
103000141,0,0,0
103000142,16,6,10
103000143,0,0,0
103000144,52,17,35
103000145,0,3,-3
103000150,0,0,0
103000152,0,0,0
103000153,98,27,71
103000156,0,13,-13
103000157,25,0,25
103000159,0,0,0
103000162,1,0,1
103000163,0,42,-42
103000164,0,0,0
103000165,0,0,0
103000166,24,55,-31
103000167,22,8,14
103000168,0,0,0
103000169,29,45,-16
103000170,617,298,319
103000171,16,22,-6
103000172,228,18,210
103000173,0,0,0
103000174,122,25,97
103000175,0,0,0
103000176,13,25,-12
103000177,0,0,0
103000178,0,0,0
103000179,0,0,0
103000183,61,2,59
103000185,43,1,42
103000186,6,5,1
103000187,0,0,0
103000188,0,0,0
103000189,0,0,0
103000191,2,3,-1
103000292,8,62,-54
103000293,28,203,-175
103000295,64,25,39
103000296,1,1,0
103000297,1,0,1
103000504,0,0,0
103000505,2,1,1
103000506,0,0,0
103000507,0,0,0
103000508,0,0,0
103000509,0,0,0
103900001,0,0,0
103900002,0,0,0
103900003,0,0,0
103900004,0,0,0
103900005,0,0,0
103900006,0,0,0
103900007,0,0,0
103900008,0,0,0
103900009,0,0,0
103900010,0,0,0
103900011,0,0,0
103900012,0,0,0
103900013,0,0,0
103900014,0,0,0
103900015,0,0,0
103900016,0,0,0
103900017,0,0,0
103900018,0,0,0
103900019,0,0,0
103900020,0,0,0
103900021,0,0,0
103900022,0,0,0
103900023,0,0,0
103900024,0,0,0
103900025,0,0,0
103900026,0,0,0
103900027,0,0,0
103900028,0,0,0
103900029,0,0,0
103900030,0,0,0
103900031,0,0,0
103900032,0,0,0
103900033,0,0,0
103900034,0,0,0
103900035,0,0,0
103900036,0,0,0
103900037,0,0,0
103900038,0,0,0
103900039,0,0,0
103900040,0,0,0
103900041,0,0,0
103900042,0,0,0
103900043,0,0,0
103900044,0,0,0
103900045,0,0,0
103900047,0,0,0
103900048,0,0,0
103900049,0,0,0
103900050,0,0,0
103900051,0,0,0
103900052,0,0,0
103900053,0,0,0
103900054,0,0,0
103900055,0,0,0
103900056,0,0,0
103900057,0,0,0
103900058,0,0,0
103900059,0,0,0
103900060,0,0,0
103900061,0,0,0
103900062,0,0,0
103900063,0,0,0
103900064,0,0,0
103900065,0,0,0
103900066,0,0,0
103900067,0,0,0
103900068,0,0,0
103900069,0,0,0
103900070,0,0,0
103900071,0,0,0
103900072,0,0,0
103900073,0,0,0
103900074,0,0,0
103900075,0,0,0
103900076,0,0,0
103900077,0,0,0
103900078,0,0,0
103900079,0,0,0
103900080,0,0,0
103900081,0,0,0
103900082,0,0,0
103900083,0,0,0
103900084,0,0,0
103900085,0,0,0
103900086,0,0,0
103900087,0,0,0
103900088,0,0,0
103900089,0,0,0
103900090,0,0,0
103900091,0,0,0
103900092,0,0,0
103900093,0,0,0
103900094,0,0,0
103900095,0,0,0
103900096,0,0,0
103900097,0,0,0
103900098,0,0,0
103900099,0,0,0
103900100,0,0,0
103900101,0,0,0
103900102,0,0,0
103900104,0,0,0
103900105,0,0,0
103900106,0,0,0
103900107,0,0,0
103900108,0,0,0
103900109,0,0,0
103900110,0,0,0
103900111,0,0,0
103900112,0,0,0
103900113,0,0,0
103900114,0,0,0
103900115,0,0,0
103900116,0,0,0
103900117,0,0,0
103900119,0,0,0
103900120,0,0,0
103900122,0,0,0
103900123,0,0,0
103900124,0,0,0
103900125,0,0,0
103900126,0,0,0
103900127,0,0,0
103900128,0,0,0
103900131,0,0,0
103900133,0,0,0
103900134,0,0,0
103900135,0,0,0
103900137,0,0,0
103900138,0,0,0
103900139,0,0,0
103900140,0,0,0
103900141,0,0,0
103900142,0,0,0
103900143,0,0,0
103900144,0,0,0
103900145,0,0,0
103900146,0,0,0
103900147,0,0,0
103900148,0,0,0
103900149,0,0,0
103900150,0,0,0
103900151,0,0,0
103900152,0,0,0
103900153,0,0,0
103900154,0,0,0
103900155,0,0,0
103900156,0,0,0
103900157,0,0,0
103900158,0,0,0
103900159,0,0,0
103900160,0,0,0
103900161,0,0,0
103900162,0,0,0
103900163,0,0,0
103900164,0,0,0
103900167,0,0,0
103900168,0,0,0
103900169,0,0,0
103900170,0,0,0
103900171,0,0,0
103900172,0,0,0
103900173,0,0,0
103900174,0,0,0
103900175,0,0,0
103900176,0,0,0
103900177,0,0,0
103900178,0,0,0
103900179,0,0,0
103900180,0,0,0
103900181,0,0,0
103900182,0,0,0
103900184,0,0,0
103900185,0,0,0
103900187,0,0,0
103900188,0,0,0
103900189,0,0,0
103900190,0,0,0
103900191,0,0,0
103900192,0,0,0
103900193,0,0,0
103900194,0,0,0
103900195,0,0,0
103900196,0,0,0
103900197,0,0,0
103900198,0,0,0
103900199,0,0,0
103900200,0,0,0
103900201,0,0,0
103900202,0,0,0
103900203,0,0,0
103900204,0,0,0
103900207,0,0,0
103900208,0,0,0
103900209,0,0,0
103900210,0,0,0
103900211,0,0,0
103900212,0,0,0
103900213,6,122,-116
103900214,51,127,-76
103900215,37,63,-26
103900216,0,0,0
103900217,0,0,0
103900218,0,0,0
103900219,0,0,0
103900233,0,0,0
103900235,0,0,0
103900236,0,0,0
103900242,0,0,0
103900243,0,0,0
103900244,0,0,0
103900245,0,0,0
103900246,0,0,0
103900247,0,0,0
103900248,0,0,0
103900249,0,0,0
103900250,0,0,0
103900251,0,0,0
103900253,0,0,0
103900254,0,0,0
103900255,0,0,0
103900256,0,0,0
103900257,0,0,0
103900258,0,0,0
103900259,0,0,0
103900261,0,0,0
103900262,0,0,0
103900263,0,0,0
103900264,0,0,0
103900265,0,0,0
103900266,0,0,0
103900267,0,0,0
103900268,0,0,0
103900269,0,0,0
103900270,0,0,0
104000001,630,398,232
104000002,37,142,-105
104000003,825,483,342
104000004,845,377,468
104000005,612,702,-90
104000006,1315,454,861
104000007,886,242,644
104000008,188,94,94
104000009,124,67,57
104000010,43,71,-28
104000011,0,0,0
104000012,0,0,0
104000013,118,44,74
104000014,0,0,0
104000015,217,39,178
104000016,0,0,0
104000018,218,167,51
104000019,265,227,38
104000020,116,147,-31
104000021,155,108,47
104000022,58,47,11
104000023,186,72,114
104000024,0,0,0
104000026,0,0,0
104000027,39,42,-3
104000028,266,50,216
104000029,49,63,-14
104000030,123,58,65
104000031,209,62,147
104000032,0,0,0
104000033,325,24,301
104000034,0,0,0
104000035,345,47,298
104000036,394,114,280
104000037,0,0,0
104000038,204,82,122
104000039,139,68,71
104000040,47,101,-54
104000041,102,31,71
104000042,82,34,48
104000043,67,40,27
104000044,69,39,30
104000045,155,42,113
104000046,110,93,17
104000047,40,391,-351
104000048,213,522,-309
104000049,1,8,-7
104000050,1,19,-18
104000051,0,0,0
104000052,246,186,60
104000053,126,55,71
104000054,8,0,8
104000055,435,155,280
104000056,0,0,0
104000057,0,0,0
104000058,441,93,348
104000059,121,248,-127
104000060,246,100,146
104000061,56,76,-20
104000062,17,2,15
104000064,0,0,0
104000065,0,0,0
104000069,0,0,0
104000070,0,0,0
104000071,0,0,0
104000072,35,11,24
104000075,0,0,0
104000076,0,0,0
104000082,203,293,-90
104000083,12,15,-3
104000084,0,5,-5
104000085,12,4,8
104000086,2,6,-4
104000087,1,1,0
104000090,0,0,0
104000092,0,0,0
104000094,0,0,0
104000095,87,299,-212
104000096,361,0,361
104000097,640,110,530
104000098,1006,98,908
104000100,1229,115,1114
104000101,195,210,-15
104000106,0,0,0
104000107,198,22,176
104000108,55,9,46
104000109,56,4,52
104000110,43,9,34
104000111,135,19,116
104000112,7,0,7
104000116,0,0,0
104000117,137,27,110
104000118,25,0,25
104000119,16,2,14
104000120,20,15,5
104000121,1,50,-49
104000122,267,35,232
104000123,39,167,-128
104000124,286,637,-351
104000125,38,16,22
104000126,274,68,206
104000127,115,490,-375
104000128,294,26,268
104000129,190,0,190
104000130,12,1,11
104000131,0,0,0
104000132,0,0,0
104000133,85,10,75
104000134,112,99,13
104000135,69,160,-91
104000136,310,217,93
104000137,357,95,262
104000138,0,0,0
104000139,766,484,282
104000141,137,212,-75
104000142,0,0,0
104000143,0,0,0
104000144,0,0,0
104000145,277,44,233
104000146,0,0,0
104000147,0,0,0
104000148,88,86,2
104000149,0,0,0
104000150,331,182,149
104000151,0,0,0
104000152,0,0,0
104000153,187,130,57
104000154,0,0,0
104000155,186,123,63
104000157,86,27,59
104000158,10,21,-11
104000159,7,14,-7
104000160,253,74,179
104000161,18,21,-3
104000162,48,96,-48
104000165,227,390,-163
104000167,100,197,-97
104000168,71,0,71
104000169,54,10,44
104000170,0,0,0
104000248,0,0,0
104000251,0,0,0
104000272,0,0,0
104000273,0,0,0
104000274,0,0,0
104000275,0,0,0
104000279,0,0,0
104000290,0,0,0
104000291,78,146,-68
104000293,160,121,39
104000294,0,0,0
104000295,29,60,-31
104000296,320,182,138
104000297,62,227,-165
104000298,450,121,329
104000299,114,137,-23
104900001,0,0,0
104900002,0,0,0
104900003,0,0,0
104900004,0,0,0
104900005,0,0,0
104900006,0,0,0
104900007,0,0,0
104900009,0,0,0
104900010,0,0,0
104900011,0,0,0
104900012,0,0,0
104900013,0,0,0
104900014,0,0,0
104900015,0,0,0
104900016,0,0,0
104900017,0,0,0
104900018,0,0,0
104900019,0,0,0
104900020,0,0,0
104900021,0,0,0
104900022,0,0,0
104900023,0,0,0
104900024,0,0,0
104900025,0,0,0
104900026,0,0,0
104900027,0,0,0
104900028,0,0,0
104900029,0,0,0
104900030,0,0,0
104900031,0,0,0
104900032,0,0,0
104900033,0,0,0
104900034,0,0,0
104900035,0,0,0
104900036,0,0,0
104900037,0,0,0
104900038,0,0,0
104900039,0,0,0
104900040,0,0,0
104900041,0,0,0
104900042,0,0,0
104900043,0,0,0
104900044,0,0,0
104900045,0,0,0
104900046,0,0,0
104900047,0,0,0
104900048,0,0,0
104900049,0,0,0
104900050,0,0,0
104900051,0,0,0
104900052,0,0,0
104900053,0,0,0
104900054,0,0,0
104900055,0,0,0
104900056,0,0,0
104900057,0,0,0
104900058,0,0,0
104900059,0,0,0
104900060,0,0,0
104900061,0,0,0
104900063,0,0,0
104900064,0,0,0
104900065,0,0,0
104900066,0,0,0
104900067,0,0,0
104900068,0,0,0
104900070,0,0,0
104900071,0,0,0
104900072,0,0,0
104900073,0,0,0
104900074,0,0,0
104900075,0,0,0
104900076,0,0,0
104900077,0,0,0
104900078,0,0,0
104900079,0,0,0
104900080,0,0,0
104900082,0,0,0
104900085,0,0,0
104900087,0,0,0
104900089,0,0,0
104900090,0,0,0
104900091,0,0,0
104900093,0,0,0
104900097,0,0,0
104900098,0,0,0
104900099,0,0,0
104900100,0,0,0
104900102,0,0,0
104900103,0,0,0
104900104,0,0,0
104900106,0,0,0
104900107,0,0,0
104900108,0,0,0
104900109,0,0,0
104900110,0,0,0
104900111,0,0,0
104900112,0,0,0
104900113,0,0,0
104900114,0,0,0
104900115,0,0,0
104900116,0,0,0
104900118,0,0,0
104900119,0,0,0
104900120,0,0,0
104900121,0,0,0
104900122,0,0,0
104900123,0,0,0
104900124,0,0,0
104900125,0,0,0
104900126,0,0,0
104900127,0,0,0
104900128,0,0,0
104900129,0,0,0
105000001,954,226,728
105000002,356,372,-16
105000003,492,381,111
105000004,29,39,-10
105000005,108,344,-236
105000006,217,456,-239
105000007,55,293,-238
105000008,17,443,-426
105000009,1918,1130,788
105000010,35,181,-146
105000011,879,819,60
105000012,75,95,-20
105000013,295,703,-408
105000014,2638,1472,1166
105000015,2094,2830,-736
105000016,183,205,-22
105000017,35,10,25
105000018,135,194,-59
105000019,0,2,-2
105000020,0,0,0
105000021,0,0,0
105000022,17,10,7
105000023,0,0,0
105000028,0,0,0
105000029,6,16,-10
105000030,301,225,76
105000033,53,160,-107
105000034,0,0,0
105000037,0,0,0
105000038,358,307,51
105000039,93,175,-82
105000040,252,244,8
105000041,20,149,-129
105000042,1106,361,745
105000043,89,114,-25
105000044,240,83,157
105000045,17,69,-52
105000046,395,38,357
105000047,29,62,-33
105000048,493,214,279
105000049,2,1,1
105000050,420,187,233
105000051,0,0,0
105000052,112,47,65
105000053,0,11,-11
105000054,102,55,47
105000055,1,1,0
105000056,469,295,174
105000057,25,0,25
105000058,17,45,-28
105000059,494,238,256
105000060,4,0,4
105000061,424,109,315
105000062,1,0,1
105000063,0,0,0
105000064,395,77,318
105000065,0,0,0
105000066,78,9,69
105000067,478,282,196
105000068,10,12,-2
105000069,37,112,-75
105000070,73,64,9
105000071,219,203,16
105000072,424,107,317
105000073,240,148,92
105000074,0,0,0
105000075,32,23,9
105000076,29,20,9
105000077,34,14,20
105000078,64,139,-75
105000079,2,33,-31
105000080,717,867,-150
105000081,3,0,3
105000082,225,640,-415
105000083,1139,968,171
105000084,0,0,0
105000085,818,928,-110
105000086,0,0,0
105000087,0,0,0
105000088,286,580,-294
105000089,42,66,-24
105000090,24,3,21
105000091,0,0,0
105000092,0,0,0
105000093,0,0,0
105000094,42,12,30
105000095,0,0,0
105000096,225,254,-29
105000097,0,0,0
105000098,198,75,123
105000099,0,0,0
105000100,0,0,0
105000101,165,56,109
105000102,0,0,0
105000103,184,110,74
105000104,0,0,0
105000105,312,92,220
105000106,11,2,9
105000107,307,25,282
105000108,266,53,213
105000109,21,1,20
105000110,25,15,10
105000111,3,1,2
105000112,32,28,4
105000113,0,0,0
105000114,45,154,-109
105000115,0,0,0
105000116,97,35,62
105000117,0,0,0
105000118,75,45,30
105000119,0,0,0
105000120,407,86,321
105000121,0,0,0
105000122,15,50,-35
105000123,211,25,186
105000124,196,41,155
105000125,198,61,137
105000126,104,53,51
105000127,225,44,181
105000128,12,16,-4
105000129,23,82,-59
105000130,38,460,-422
105000131,0,0,0
105000132,140,86,54
105000133,0,0,0
105000134,269,38,231
105000135,0,0,0
105000136,0,0,0
105000137,46,4,42
105000138,0,0,0
105000139,0,0,0
105000140,356,39,317
105000141,0,0,0
105000142,158,49,109
105000143,0,0,0
105000144,0,0,0
105000145,264,87,177
105000146,0,0,0
105000147,331,95,236
105000148,256,58,198
105000149,657,110,547
105000150,0,0,0
105000151,0,0,0
105000152,0,1,-1
105000153,0,0,0
105000154,8,7,1
105000155,0,0,0
105000156,1,6,-5
105000157,34,29,5
105000158,44,24,20
105000159,21,10,11
105000160,71,37,34
105000161,52,17,35
105000162,16,36,-20
105000163,60,16,44
105000164,1,7,-6
105000165,24,54,-30
105000166,24,34,-10
105000167,46,225,-179
105000168,166,140,26
105000169,57,39,18
105000170,0,0,0
105000171,0,0,0
105000172,10,0,10
105000173,4,3,1
105000174,1,0,1
105000175,0,0,0
105000176,15,2,13
105000177,80,33,47
105000178,69,6,63
105000179,50,3,47
105000180,0,0,0
105000181,23,1,22
105000182,0,0,0
105000183,0,0,0
105000184,0,0,0
105000185,30,234,-204
105000186,0,0,0
105000187,116,33,83
105000188,3,68,-65
105000189,0,0,0
105000190,119,88,31
105000191,14,0,14
105000192,149,48,101
105000193,0,21,-21
105000194,83,9,74
105000195,5,4,1
105000196,11,11,0
105000197,0,2,-2
105000198,0,0,0
105000199,1,22,-21
105000200,62,170,-108
105000201,21,0,21
105000203,0,0,0
105000204,2,7,-5
105000205,0,0,0
105000207,0,0,0
105000208,32,201,-169
105000209,0,0,0
105000212,126,10,116
105000213,58,28,30
105000214,7,5,2
105000215,140,140,0
105000216,16,0,16
105000217,0,0,0
105000218,221,45,176
105000221,18,2,16
105000222,77,1,76
105000223,29,1,28
105000226,0,1,-1
105000227,2,4,-2
105000228,0,6,-6
105000229,33,271,-238
105000231,248,48,200
105000233,371,413,-42
105000234,64,302,-238
105000235,200,127,73
105000237,66,1,65
105000243,0,0,0
105000248,0,0,0
105000262,3,0,3
105000269,0,0,0
105000270,70,0,70
105000271,0,0,0
105000282,2,0,2
105000287,0,0,0
105000288,1,9,-8
105000289,268,378,-110
105000290,2,0,2
105000402,26,98,-72
105000426,0,3,-3
105000438,28,182,-154
105000446,526,460,66
105000447,114,24,90
105000454,0,0,0
105000455,0,0,0
105000474,13,0,13
105000477,0,0,0
105000478,517,1353,-836
105000479,0,0,0
105000480,1996,1679,317
105000481,1080,540,540
105000482,99,180,-81
105000483,280,1034,-754
105000484,99,277,-178
105000485,338,1419,-1081
105000486,267,471,-204
105000488,39,181,-142
105000489,353,118,235
105000549,0,27,-27
105000550,0,0,0
105000551,24,7,17
105000552,141,66,75
105900001,0,0,0
105900002,0,0,0
105900003,0,0,0
105900004,0,0,0
105900005,0,0,0
105900006,0,0,0
105900007,0,0,0
105900008,0,0,0
105900009,0,0,0
105900011,0,0,0
105900012,0,0,0
105900013,0,0,0
105900014,0,0,0
105900015,0,0,0
105900016,0,0,0
105900017,0,0,0
105900018,0,0,0
105900019,0,0,0
105900020,0,0,0
105900021,0,0,0
105900022,0,0,0
105900023,0,0,0
105900024,0,0,0
105900025,0,0,0
105900026,0,0,0
105900027,0,0,0
105900028,0,0,0
105900029,0,0,0
105900030,0,0,0
105900031,0,0,0
105900032,0,0,0
105900033,0,0,0
105900034,0,0,0
105900035,0,0,0
105900036,0,0,0
105900037,0,0,0
105900038,0,0,0
105900039,0,0,0
105900040,0,0,0
105900041,0,0,0
105900042,0,0,0
105900043,0,0,0
105900044,0,0,0
105900045,0,0,0
105900046,0,0,0
105900047,0,0,0
105900048,42,4,38
105900050,0,0,0
105900051,0,0,0
105900052,0,0,0
105900053,0,0,0
105900054,0,0,0
105900056,0,0,0
105900057,0,0,0
105900058,0,0,0
105900059,0,0,0
106000001,883,402,481
106000002,9,159,-150
106000003,1306,878,428
106000004,52,350,-298
106000005,2394,1457,937
106000006,121,434,-313
106000007,793,119,674
106000008,69,126,-57
106000009,630,187,443
106000010,32,87,-55
106000011,871,448,423
106000012,16,49,-33
106000013,1393,598,795
106000014,79,77,2
106000015,1261,575,686
106000016,66,143,-77
106000017,728,189,539
106000018,156,222,-66
106000019,257,122,135
106000020,4,43,-39
106000021,359,160,199
106000022,39,34,5
106000023,489,82,407
106000024,30,78,-48
106000025,199,139,60
106000026,23,60,-37
106000027,877,425,452
106000028,9,51,-42
106000029,38,46,-8
106000030,0,0,0
106000034,0,0,0
106000035,180,358,-178
106000036,0,0,0
106000037,0,0,0
106000038,0,0,0
106000039,0,0,0
106000040,0,0,0
106000041,224,55,169
106000043,119,7,112
106000046,0,0,0
106000047,0,0,0
106000049,241,11,230
106000050,0,0,0
106000051,93,117,-24
106000052,0,0,0
106000053,242,68,174
106000054,0,0,0
106000055,146,32,114
106000056,0,0,0
106000057,258,54,204
106000058,0,0,0
106000059,283,173,110
106000060,0,0,0
106000061,34,155,-121
106000062,0,0,0
106000063,606,203,403
106000064,0,0,0
106000065,288,52,236
106000066,3,4,-1
106000067,222,26,196
106000068,0,0,0
106000069,34,1,33
106000070,11,2,9
106000071,267,26,241
106000072,288,295,-7
106000073,414,180,234
106000074,231,257,-26
106000075,125,173,-48
106000076,693,99,594
106000077,859,121,738
106000078,351,53,298
106000079,507,58,449
106000080,478,18,460
106000081,363,149,214
106000082,435,12,423
106000083,337,169,168
106000084,387,24,363
106000085,461,272,189
106000086,600,106,494
106000087,249,16,233
106000088,271,23,248
106000089,485,45,440
106000090,433,31,402
106000091,10,3,7
106000092,207,39,168
106000093,210,3,207
106000094,0,0,0
106000095,315,28,287
106000096,388,32,356
106000097,320,35,285
106000098,263,16,247
106000099,15,13,2
106000100,669,21,648
106000101,410,5,405
106000102,1,23,-22
106000103,2,105,-103
106000104,107,36,71
106000105,7,100,-93
106000106,158,27,131
106000107,25,117,-92
106000108,73,6,67
106000109,2,87,-85
106000110,96,9,87
106000111,4,51,-47
106000112,188,9,179
106000113,10,48,-38
106000114,43,6,37
106000115,20,73,-53
106000116,64,81,-17
106000117,0,0,0
106000118,368,116,252
106000119,0,0,0
106000120,329,146,183
106000121,18,13,5
106000122,0,0,0
106000123,20,2,18
106000124,0,0,0
106000125,0,0,0
106000126,63,5,58
106000127,0,0,0
106000128,207,43,164
106000129,0,0,0
106000130,188,54,134
106000131,0,0,0
106000132,208,14,194
106000133,0,0,0
106000134,284,47,237
106000135,0,0,0
106000136,382,85,297
106000137,0,0,0
106000138,154,11,143
106000139,117,10,107
106000140,0,0,0
106000141,0,0,0
106000142,23,4,19
106000143,0,0,0
106000144,154,9,145
106000145,0,0,0
106000146,263,132,131
106000147,83,12,71
106000148,156,117,39
106000149,304,55,249
106000150,76,88,-12
106000151,224,99,125
106000152,121,111,10
106000153,0,29,-29
106000154,73,0,73
106000155,65,40,25
106000156,392,33,359
106000157,144,127,17
106000158,650,148,502
106000159,208,56,152
106000160,243,248,-5
106000161,111,3,108
106000162,208,38,170
106000163,46,12,34
106000164,175,5,170
106000165,64,17,47
106000166,367,11,356
106000167,154,51,103
106000168,206,21,185
106000169,41,36,5
106000170,178,52,126
106000171,38,100,-62
106000172,533,44,489
106000173,75,155,-80
106000174,199,13,186
106000175,120,4,116
106000176,347,58,289
106000177,0,0,0
106000178,432,65,367
106000179,0,0,0
106000180,130,32,98
106000181,52,91,-39
106000182,615,33,582
106000183,625,56,569
106000184,401,63,338
106000185,92,41,51
106000186,93,11,82
106000187,22,11,11
106000188,0,0,0
106000189,0,3,-3
106000190,12,0,12
106000191,168,14,154
106000192,0,0,0
106000193,98,36,62
106000194,1,15,-14
106000195,46,1,45
106000196,10,28,-18
106000197,185,8,177
106000198,0,8,-8
106000199,126,15,111
106000200,22,80,-58
106000201,34,41,-7
106000202,46,27,19
106000203,0,0,0
106000204,18,7,11
106000205,0,0,0
106000206,23,2,21
106000207,0,32,-32
106000208,426,49,377
106000209,709,99,610
106000210,3,22,-19
106000211,19,86,-67
106000212,739,123,616
106000213,0,0,0
106000214,323,47,276
106000215,2,79,-77
106000216,143,26,117
106000217,2,46,-44
106000218,132,45,87
106000219,22,60,-38
106000220,159,25,134
106000221,0,0,0
106000222,66,13,53
106000223,168,20,148
106000224,0,0,0
106000225,5,147,-142
106000226,0,0,0
106000228,0,0,0
106000229,0,0,0
106000231,235,7,228
106000232,0,0,0
106000233,72,21,51
106000234,0,0,0
106000235,47,32,15
106000236,0,0,0
106000237,0,0,0
106000238,0,2,-2
106000239,0,0,0
106000240,1,0,1
106000241,0,58,-58
106000242,147,55,92
106000249,118,18,100
106000250,1,68,-67
106000251,0,0,0
106000252,0,0,0
106000253,0,0,0
106000254,0,0,0
106000255,0,0,0
106000256,0,0,0
106000257,16,26,-10
106000258,0,0,0
106000259,0,0,0
106000260,0,0,0
106000261,0,0,0
106000262,0,0,0
106000263,0,0,0
106000264,0,0,0
106000265,0,0,0
106000266,0,0,0
106000267,0,0,0
106000268,0,0,0
106000269,0,0,0
106000270,28,2,26
106000271,0,0,0
106000272,0,0,0
106000273,0,0,0
106000274,0,0,0
106000275,0,0,0
106000276,0,0,0
106000277,0,0,0
106000278,0,0,0
106000279,0,0,0
106000280,0,0,0
106000281,0,0,0
106000282,0,0,0
106000283,0,0,0
106000284,0,0,0
106000285,0,0,0
106000286,0,0,0
106000287,0,0,0
106000288,0,0,0
106000289,0,0,0
106000290,0,0,0
106000291,0,0,0
106000292,0,0,0
106000293,0,0,0
106000294,0,0,0
106000295,0,0,0
106000296,0,0,0
106000297,0,0,0
106000298,0,0,0
106000299,0,0,0
106000300,0,0,0
106000301,0,0,0
106000303,0,0,0
106000304,0,0,0
106000305,0,0,0
106000306,0,0,0
106000307,0,0,0
106000308,0,0,0
106000309,0,0,0
106000310,24,8,16
106000311,87,24,63
106000312,1,17,-16
106000313,17,20,-3
106000318,0,0,0
106000319,363,36,327
106000320,0,0,0
106000321,0,0,0
106000322,0,0,0
106000324,0,0,0
106000325,1462,311,1151
106000326,25,91,-66
106000327,95,3,92
106000328,0,0,0
106000329,5,2,3
106000330,0,5,-5
106000428,75,224,-149
106000429,0,0,0
106000430,0,0,0
106000431,386,335,51
106000432,4,118,-114
106000433,1093,539,554
106000434,1107,483,624
106000435,0,109,-109
106000436,0,0,0
106000437,20,15,5
106000438,8,12,-4
106000439,0,0,0
106000440,17,47,-30
106000441,0,1,-1
106000442,55,1,54
106000443,72,65,7
106000450,0,0,0
106000451,10,21,-11
106000454,0,0,0
106000455,0,28,-28
106000456,63,2,61
106000457,0,0,0
106000458,114,12,102
106000459,0,0,0
106000460,311,17,294
106000461,0,0,0
106000462,0,0,0
106000463,2,3,-1
106000464,0,0,0
106000465,170,0,170
106000466,0,0,0
106000467,0,76,-76
106000468,43,38,5
106000469,45,0,45
106000470,0,0,0
106000471,0,0,0
106000472,29,0,29
106000473,0,0,0
106000474,32,73,-41
106000475,116,109,7
106000476,7,12,-5
106000477,0,0,0
106900001,0,0,0
106900002,0,0,0
106900003,0,0,0
106900004,0,0,0
106900006,0,0,0
106900007,0,0,0
106900008,0,0,0
106900009,0,0,0
106900010,0,0,0
106900012,0,0,0
106900013,0,0,0
106900014,0,0,0
106900015,0,0,0
106900016,0,0,0
106900017,0,0,0
106900018,0,0,0
106900019,0,0,0
106900020,0,0,0
106900021,0,0,0
106900022,0,0,0
106900023,0,0,0
106900024,0,0,0
106900025,0,0,0
106900026,0,0,0
106900027,150,0,150
107000001,1622,2356,-734
107000002,243,390,-147
107000003,4833,4523,310
107000004,539,398,141
107000005,4812,3409,1403
107000006,285,321,-36
107000007,2012,2774,-762
107000008,543,337,206
107000009,4359,3686,673
107000010,565,386,179
107000011,0,0,0
107000012,0,0,0
107000013,0,0,0
107000014,0,0,0
107000015,0,0,0
107000016,0,0,0
107000017,18,7,11
107000018,0,0,0
107000020,38,402,-364
107000021,16,2,14
107000022,75,380,-305
107000023,262,5,257
107000024,89,202,-113
107000025,50,5,45
107000026,41,71,-30
107000027,295,44,251
107000028,61,108,-47
107000029,1063,106,957
107000030,100,159,-59
107000031,849,230,619
107000032,82,127,-45
107000033,242,108,134
107000034,0,0,0
107000035,64,61,3
107000036,0,0,0
107000037,9,172,-163
107000038,4,25,-21
107000039,110,443,-333
107000040,20,2,18
107000041,558,138,420
107000042,65,50,15
107000043,307,108,199
107000044,35,8,27
107000045,5,15,-10
107000046,520,80,440
107000047,45,97,-52
107000048,424,83,341
107000049,29,94,-65
107000050,300,83,217
107000051,41,191,-150
107000052,360,126,234
107000053,367,62,305
107000054,12,130,-118
107000055,196,102,94
107000056,51,64,-13
107000057,119,178,-59
107000058,1227,1362,-135
107000059,0,0,0
107000060,2631,2161,470
107000061,69,21,48
107000062,2031,1241,790
107000063,5,26,-21
107000064,1356,1046,310
107000065,6,14,-8
107000066,736,680,56
107000067,180,141,39
107000068,140,156,-16
107000069,149,322,-173
107000070,200,1,199
107000071,1022,18,1004
107000072,0,0,0
107000073,234,69,165
107000074,0,0,0
107000075,1415,78,1337
107000076,0,0,0
107000077,1401,38,1363
107000078,0,0,0
107000079,1111,79,1032
107000080,0,0,0
107000081,1200,206,994
107000082,0,0,0
107000083,529,604,-75
107000084,0,0,0
107000085,792,600,192
107000086,169,378,-209
107000087,570,221,349
107000088,150,142,8
107000089,359,203,156
107000090,90,85,5
107000091,405,166,239
107000092,70,84,-14
107000093,294,328,-34
107000094,40,78,-38
107000095,1406,762,644
107000096,0,0,0
107000097,370,172,198
107000098,0,0,0
107000099,302,222,80
107000100,0,0,0
107000101,184,183,1
107000102,0,1,-1
107000103,260,93,167
107000104,0,0,0
107000105,301,87,214
107000106,0,0,0
107000107,239,94,145
107000108,0,0,0
107000109,273,11,262
107000110,0,0,0
107000111,142,2,140
107000112,0,0,0
107000113,349,18,331
107000114,0,0,0
107000115,417,84,333
107000116,0,0,0
107000117,302,38,264
107000118,0,0,0
107000119,778,252,526
107000120,0,0,0
107000121,393,52,341
107000122,5,123,-118
107000123,506,56,450
107000124,5,48,-43
107000125,847,22,825
107000126,45,79,-34
107000127,0,0,0
107000129,0,0,0
107000130,433,186,247
107000131,0,0,0
107000132,376,220,156
107000133,4,0,4
107000134,43,0,43
107000135,0,0,0
107000136,148,0,148
107000137,0,3,-3
107000138,2,0,2
107000139,0,0,0
107000140,115,0,115
107000141,0,0,0
107000142,56,0,56
107000143,0,12,-12
107000144,62,2,60
107000145,0,23,-23
107000146,0,0,0
107000147,3,36,-33
107000150,0,0,0
107000151,0,0,0
107000152,21,75,-54
107000153,0,0,0
107000154,0,0,0
107000155,43,0,43
107000156,100,0,100
107000157,0,1,-1
107000158,37,1,36
107000159,0,0,0
107000160,109,48,61
107000161,0,1,-1
107000162,2,104,-102
107000163,43,0,43
107000164,0,0,0
107000165,0,0,0
107000166,0,0,0
107000167,0,0,0
107000168,582,34,548
107000169,2,13,-11
107000170,598,86,512
107000171,7,17,-10
107000172,336,153,183
107000173,6,0,6
107000174,178,192,-14
107000175,36,13,23
107000176,0,0,0
107000177,0,0,0
107000178,0,0,0
107000179,0,0,0
107000180,588,28,560
107000181,0,0,0
107000182,468,61,407
107000183,0,0,0
107000184,415,63,352
107000185,0,0,0
107000186,444,86,358
107000187,71,56,15
107000188,0,0,0
107000189,79,17,62
107000190,0,0,0
107000191,118,75,43
107000192,0,0,0
107000193,67,28,39
107000194,0,0,0
107000197,302,58,244
107000198,0,0,0
107000199,155,58,97
107000200,10,55,-45
107000201,58,34,24
107000202,78,27,51
107000203,72,167,-95
107000204,66,534,-468
107000205,83,55,28
107000206,28,471,-443
107000207,28,43,-15
107000208,10,35,-25
107000209,0,0,0
107000210,0,0,0
107000211,0,0,0
107000212,0,0,0
107000213,0,0,0
107000214,0,0,0
107000215,0,0,0
107000216,0,0,0
107000217,0,0,0
107000219,0,0,0
107000220,0,0,0
107000222,0,36,-36
107000224,12,1,11
107000225,0,0,0
107000226,70,8,62
107000227,0,0,0
107000228,0,0,0
107000229,0,0,0
107000230,45,13,32
107000231,105,157,-52
107000232,0,0,0
107000233,0,0,0
107000234,0,0,0
107000235,168,4,164
107000236,0,0,0
107000237,18,0,18
107000238,35,0,35
107000239,0,0,0
107000240,0,0,0
107000241,0,0,0
107000242,0,0,0
107000243,0,0,0
107000244,5,1,4
107000246,0,0,0
107000249,0,0,0
107000251,0,0,0
107000252,0,0,0
107000255,0,0,0
107000257,0,0,0
107000258,0,0,0
107000259,0,0,0
107000260,0,0,0
107000262,0,0,0
107000263,0,0,0
107000266,0,0,0
107000267,0,0,0
107000268,0,0,0
107000269,0,0,0
107000270,0,0,0
107000271,0,0,0
107000272,0,0,0
107000273,0,0,0
107000274,1,0,1
107000275,0,0,0
107000280,53,0,53
107000281,0,0,0
107000282,0,1,-1
107000290,0,0,0
107000291,0,0,0
107000292,0,0,0
107000293,0,0,0
107000294,0,0,0
107000295,0,0,0
107000296,0,2,-2
107000444,52,0,52
107000496,0,1,-1
107000497,0,0,0
107000500,0,0,0
107000501,0,0,0
107000502,0,0,0
107000505,0,48,-48
107000506,0,0,0
107000508,0,0,0
107000509,53,76,-23
107000510,0,0,0
107000514,0,0,0
107000515,0,0,0
107000516,149,89,60
107000518,379,67,312
107000519,0,0,0
107000520,0,0,0
107900001,0,0,0
107900002,0,0,0
107900003,0,0,0
107900004,0,0,0
107900005,0,0,0
107900006,0,0,0
107900007,0,0,0
107900008,0,0,0
107900009,0,0,0
107900010,0,0,0
107900012,0,0,0
107900013,0,0,0
107900014,0,0,0
107900015,0,0,0
107900016,0,0,0
107900017,0,0,0
107900018,0,0,0
107900019,0,0,0
107900020,0,0,0
107900021,0,0,0
107900023,0,0,0
107900024,0,0,0
107900025,0,0,0
107900026,0,0,0
107900027,0,0,0
107900028,0,0,0
107900030,0,0,0
107900031,0,0,0
107900032,0,0,0
107900033,0,0,0
107900034,0,0,0
107900035,0,0,0
107900036,0,0,0
107900037,0,0,0
107900038,0,0,0
107900039,0,0,0
107900040,0,0,0
107900041,0,0,0
107900043,0,0,0
107900044,0,0,0
107900045,0,0,0
107900046,0,0,0
107900047,0,0,0
107900048,0,0,0
107900049,0,0,0
107900050,0,0,0
107900051,0,0,0
107900052,0,0,0
107900053,0,0,0
107900055,0,0,0
107900056,0,0,0
107900057,0,0,0
107900058,0,0,0
107900060,0,0,0
107900061,0,0,0
107900063,0,0,0
107900064,0,0,0
107900065,0,0,0
107900066,0,0,0
107900067,0,0,0
107900068,0,0,0
107900069,0,0,0
107900070,0,0,0
107900071,0,0,0
107900072,0,0,0
107900073,0,0,0
107900074,0,0,0
107900076,0,0,0
107900077,0,0,0
107900078,0,0,0
107900079,0,0,0
107900080,0,0,0
107900081,0,0,0
107900082,0,0,0
107900083,0,0,0
107900084,0,0,0
107900086,0,0,0
107900087,0,0,0
107900088,0,0,0
107900089,0,0,0
107900090,0,0,0
107900091,0,0,0
107900092,0,0,0
107900093,0,0,0
107900095,0,0,0
107900097,0,0,0
107900098,0,0,0
107900100,0,0,0
107900101,0,0,0
107900102,0,0,0
107900103,0,0,0
107900104,0,0,0
107900105,0,0,0
107900106,0,0,0
107900107,0,0,0
107900108,0,0,0
107900109,0,0,0
107900110,0,0,0
107900111,0,0,0
107900112,0,0,0
107900113,0,0,0
107900114,0,0,0
107900115,0,0,0
107900116,0,0,0
107900117,0,0,0
107900118,0,0,0
107900119,0,0,0
107900120,0,0,0
107900121,0,0,0
107900122,0,0,0
107900123,0,0,0
107900124,0,0,0
107900125,0,0,0
107900126,0,0,0
107900127,0,0,0
107900128,0,0,0
107900129,0,0,0
107900130,0,0,0
107900131,0,0,0
107900132,0,0,0
107900133,0,0,0
107900134,0,0,0
107900135,0,0,0
107900136,0,0,0
107900137,0,0,0
107900138,0,0,0
107900139,0,0,0
107900140,0,0,0
107900141,0,0,0
107900142,0,0,0
107900143,0,0,0
107900144,0,0,0
107900145,0,0,0
107900146,0,0,0
107900147,0,0,0
107900148,0,0,0
107900149,0,0,0
107900150,0,0,0
107900151,0,0,0
107900152,0,0,0
107900153,0,0,0
107900154,0,0,0
107900155,0,0,0
107900156,0,0,0
107900157,0,0,0
107900158,0,0,0
107900159,0,0,0
107900160,0,0,0
107900161,0,0,0
107900162,0,0,0
107900163,0,0,0
107900164,0,0,0
107900165,0,0,0
107900166,0,0,0
107900167,0,0,0
107900168,0,0,0
107900169,0,0,0
107900171,0,0,0
107900172,0,0,0
107900173,0,0,0
107900174,0,0,0
107900175,0,0,0
107900176,0,0,0
107900177,0,0,0
107900178,0,0,0
107900179,0,0,0
107900180,0,0,0
107900181,0,0,0
107900182,0,0,0
107900183,0,0,0
107900184,0,0,0
107900185,0,0,0
107900186,0,0,0
107900187,0,0,0
107900188,0,0,0
107900189,0,0,0
107900190,0,0,0
107900191,0,0,0
107900193,0,0,0
107900194,0,0,0
107900195,0,0,0
107900196,0,0,0
107900197,0,0,0
107900199,0,0,0
107900201,0,0,0
107900203,0,0,0
107900204,0,0,0
107900205,0,0,0
107900206,0,0,0
107900207,0,0,0
107900208,0,0,0
107900209,0,0,0
107900210,0,0,0
107900213,0,0,0
107900214,0,0,0
107900215,0,0,0
107900216,0,0,0
107900217,0,0,0
107900218,0,0,0
107900219,0,0,0
107900220,0,0,0
107900221,0,0,0
107900223,0,0,0
107900224,0,0,0
107900225,0,0,0
107900226,0,0,0
107900227,0,0,0
107900228,0,0,0
107900229,0,0,0
107900230,0,0,0
107900231,0,0,0
107900232,0,0,0
107900233,0,0,0
107900234,0,0,0
107900235,0,0,0
107900236,0,0,0
107900237,0,0,0
107900238,0,0,0
107900239,0,0,0
107900240,0,0,0
107900241,0,0,0
107900242,0,0,0
107900243,0,0,0
107900244,0,0,0
107900245,0,0,0
107900246,0,0,0
107900248,0,0,0
107900249,0,0,0
107900250,0,0,0
107900251,0,0,0
107900252,0,0,0
107900253,0,0,0
107900254,0,0,0
107900255,0,0,0
107900256,0,0,0
107900257,0,0,0
107900258,0,0,0
107900259,0,0,0
107900261,0,0,0
107900262,0,0,0
107900264,0,0,0
107900265,0,0,0
107900267,0,0,0
107900268,0,0,0
107900269,0,0,0
107900270,0,0,0
107900271,0,0,0
107900272,0,0,0
107900273,0,0,0
107900274,0,0,0
107900275,0,0,0
107900276,0,0,0
107900277,0,0,0
107900278,0,0,0
107900279,0,0,0
107900280,0,0,0
107900281,0,0,0
107900282,0,0,0
107900283,0,0,0
107900284,0,0,0
107900285,0,0,0
107900286,0,0,0
107900287,0,0,0
107900290,0,0,0
107900291,0,0,0
107900292,0,0,0
107900293,0,0,0
107900295,0,0,0
107900297,0,0,0
107900298,0,0,0
107900299,0,0,0
107900300,23,22,1
107900301,0,22,-22
107900302,0,0,0
107900303,0,0,0
107900304,0,0,0
107900305,0,0,0
107900306,0,0,0
107900307,0,0,0
107900308,0,0,0
107900309,0,0,0
107900310,0,0,0
107900311,0,0,0
107900312,0,0,0
107900313,0,0,0
107900314,0,0,0
107900315,0,0,0
107900316,0,0,0
107900317,0,0,0
107900318,0,0,0
107900319,0,0,0
107900320,0,0,0
107900321,0,0,0
107900322,0,0,0
107900323,0,0,0
107900324,0,0,0
107900325,0,0,0
107900326,0,0,0
107900327,0,0,0
107900328,0,0,0
107900329,0,0,0
107900330,0,0,0
107900331,0,0,0
107900332,0,0,0
107900333,0,0,0
107900334,0,0,0
107900335,0,0,0
107900336,0,0,0
107900337,0,0,0
107900338,0,0,0
107900339,0,0,0
107900340,0,0,0
107900341,0,0,0
107900342,0,0,0
107900343,0,0,0
107900344,0,0,0
107900345,0,0,0
107900346,0,0,0
107900347,0,0,0
107900348,0,0,0
107900349,0,0,0
107900350,0,0,0
108000001,2535,1390,1145
108000002,139,221,-82
108000003,1888,921,967
108000004,548,1530,-982
108000005,5238,1864,3374
108000006,89,637,-548
108000007,4658,1259,3399
108000008,341,266,75
108000009,2917,1498,1419
108000010,239,218,21
108000011,5432,1704,3728
108000012,606,629,-23
108000014,159,2,157
108000015,598,3,595
108000016,0,0,0
108000017,502,24,478
108000018,1722,75,1647
108000019,228,94,134
108000020,613,136,477
108000021,0,0,0
108000022,63,82,-19
108000023,822,83,739
108000024,102,8,94
108000025,53,11,42
108000026,449,38,411
108000027,69,2,67
108000028,587,18,569
108000029,140,3,137
108000030,454,24,430
108000031,24,5,19
108000032,1145,90,1055
108000033,0,0,0
108000034,1458,76,1382
108000035,0,0,0
108000036,20,33,-13
108000037,490,70,420
108000038,828,75,753
108000039,3,22,-19
108000040,1187,174,1013
108000041,5,30,-25
108000042,424,16,408
108000043,59,5,54
108000044,667,27,640
108000045,15,1,14
108000046,1188,166,1022
108000047,0,0,0
108000048,0,0,0
108000049,403,47,356
108000050,3,1,2
108000051,148,31,117
108000052,1,3,-2
108000053,291,88,203
108000054,7,19,-12
108000055,537,147,390
108000056,69,42,27
108000057,446,467,-21
108000058,564,748,-184
108000059,6,135,-129
108000060,161,123,38
108000061,0,0,0
108000062,303,84,219
108000063,0,0,0
108000064,134,102,32
108000065,0,0,0
108000066,573,51,522
108000067,1083,6,1077
108000068,632,87,545
108000069,0,0,0
108000070,1687,98,1589
108000071,0,0,0
108000072,1855,193,1662
108000073,0,0,0
108000074,463,151,312
108000075,0,0,0
108000076,1146,231,915
108000077,0,0,0
108000078,2087,693,1394
108000079,0,0,0
108000080,1285,281,1004
108000081,0,0,0
108000082,0,0,0
108000083,161,30,131
108000084,0,0,0
108000085,82,43,39
108000086,0,0,0
108000087,21,249,-228
108000088,168,4,164
108000089,0,0,0
108000090,376,41,335
108000091,0,0,0
108000092,559,35,524
108000093,0,0,0
108000094,888,54,834
108000095,0,0,0
108000096,523,327,196
108000097,0,0,0
108000098,1445,111,1334
108000099,106,26,80
108000100,185,38,147
108000101,1169,320,849
108000102,386,715,-329
108000106,202,1,201
108000107,0,0,0
108000108,149,3,146
108000109,0,0,0
108000110,10,28,-18
108000111,0,0,0
108000112,3,27,-24
108000113,100,25,75
108000115,114,32,82
108000117,162,14,148
108000118,0,0,0
108000119,63,5,58
108000120,591,161,430
108000121,41,32,9
108000122,568,69,499
108000123,442,27,415
108000124,0,0,0
108000125,485,80,405
108000126,0,0,0
108000127,571,25,546
108000128,0,0,0
108000129,0,0,0
108000130,488,43,445
108000131,218,61,157
108000132,0,0,0
108000133,904,46,858
108000134,0,0,0
108000135,1560,46,1514
108000136,0,0,0
108000137,57,16,41
108000138,2,9,-7
108000139,108,18,90
108000140,0,0,0
108000141,0,0,0
108000142,0,0,0
108000143,0,0,0
108000144,0,0,0
108000145,0,0,0
108000146,0,0,0
108000147,0,0,0
108000148,0,0,0
108000149,0,0,0
108000150,0,0,0
108000151,0,0,0
108000152,0,0,0
108000153,0,0,0
108000154,0,0,0
108000155,0,0,0
108000156,0,0,0
108000157,0,0,0
108000158,0,0,0
108000159,51,11,40
108000160,112,10,102
108000161,156,43,113
108000165,0,0,0
108000172,0,0,0
108000173,0,0,0
108000175,304,22,282
108000178,0,0,0
108000179,100,519,-419
108000181,0,0,0
108000182,0,0,0
108000183,0,0,0
108000184,71,176,-105
108000185,0,0,0
108000186,0,0,0
108000187,0,0,0
108000188,0,0,0
108000189,61,21,40
108000190,0,0,0
108000192,0,0,0
108000193,0,1,-1
108000194,13,0,13
108000195,0,0,0
108000196,31,2,29
108000198,0,0,0
108000199,0,0,0
108000200,0,0,0
108000202,0,185,-185
108000203,0,0,0
108000204,0,0,0
108000205,0,0,0
108000339,188,32,156
108000364,21,29,-8
108000365,25,11,14
108000367,0,0,0
108000368,0,0,0
108000369,0,0,0
108000371,0,0,0
108000372,132,0,132
108000373,48,21,27
108000376,0,0,0
108000377,73,76,-3
108000378,6514,3142,3372
108000379,0,0,0
108000381,0,0,0
108000382,33,0,33
108000383,0,0,0
108900001,0,0,0
108900002,0,0,0
108900003,0,0,0
108900004,53,40,13
108900005,0,5,-5
108900006,2,12,-10
108900007,70,19,51
108900008,16,1,15
108900009,4,0,4
108900010,0,0,0
108900011,76,19,57
108900012,29,5,24
108900013,96,38,58
108900014,0,0,0
108900015,0,0,0
108900016,0,0,0
108900017,0,0,0
108900018,0,0,0
108900019,0,0,0
108900020,0,0,0
108900021,0,0,0
108900022,0,0,0
108900023,0,0,0
108900024,0,0,0
108900025,0,0,0
108900026,0,0,0
108900027,0,0,0
108900028,0,0,0
108900029,0,0,0
108900030,0,0,0
108900031,0,0,0
108900032,0,0,0
108900033,0,0,0
108900034,0,0,0
108900035,0,0,0
108900036,0,0,0
108900037,0,0,0
108900038,0,0,0
108900039,0,0,0
108900040,0,0,0
108900041,164,88,76
108900042,0,0,0
108900043,0,0,0
108900044,0,0,0
108900045,0,0,0
108900046,0,0,0
108900047,0,0,0
108900048,0,0,0
108900049,0,0,0
108900050,0,0,0
108900051,0,0,0
108900052,0,0,0
108900053,0,0,0
108900054,0,0,0
108900055,0,0,0
108900056,0,0,0
108900057,0,0,0
108900058,0,0,0
108900059,0,0,0
108900060,2,4,-2
108900061,0,0,0
108900062,0,0,0
108900063,0,0,0
108900064,0,0,0
108900065,0,0,0
108900066,58,2,56
108900067,0,0,0
108900068,0,0,0
108900069,0,0,0
108900070,0,0,0
108900071,4,0,4
108900072,0,0,0
108900073,0,0,0
108900074,0,0,0
108900075,0,0,0
108900076,4,0,4
108900077,0,0,0
108900078,0,0,0
108900079,0,0,0
108900080,0,0,0
108900081,0,0,0
108900082,0,0,0
108900083,0,0,0
108900084,0,0,0
108900085,0,0,0
108900086,0,0,0
108900087,0,0,0
108900088,15,5,10
108900089,0,0,0
108900090,0,0,0
108900091,0,0,0
108900092,97,12,85
108900093,0,0,0
108900094,0,0,0
108900095,0,0,0
108900096,0,0,0
108900097,9,2,7
108900098,0,0,0
108900099,37,1,36
108900100,0,0,0
108900101,0,0,0
108900102,0,0,0
108900103,0,0,0
108900104,0,0,0
108900105,0,0,0
108900106,12,1,11
108900108,0,0,0
108900109,0,0,0
108900110,32,10,22
108900111,12,1,11
108900112,0,0,0
108900113,0,0,0
108900114,0,0,0
108900115,0,0,0
108900116,0,0,0
108900117,0,0,0
108900118,0,0,0
108900119,0,0,0
108900120,0,0,0
108900121,0,0,0
108900122,0,0,0
108900123,0,0,0
108900124,0,0,0
108900125,0,0,0
108900126,0,0,0
108900127,0,0,0
108900128,0,0,0
108900129,0,0,0
108900130,0,0,0
108900131,0,0,0
108900132,0,0,0
108900133,0,0,0
108900134,0,0,0
108900135,0,0,0
108900136,0,0,0
108900137,0,0,0
108900138,0,0,0
108900139,0,0,0
108900140,0,0,0
108900141,0,0,0
108900142,0,0,0
108900143,0,0,0
108900144,0,0,0
108900145,0,0,0
108900146,0,0,0
108900147,0,0,0
108900148,0,0,0
108900149,0,0,0
108900150,0,0,0
108900151,0,0,0
108900152,0,0,0
108900153,0,0,0
108900154,3,0,3
108900155,0,0,0
108900156,0,0,0
108900157,0,0,0
108900158,0,0,0
108900159,0,0,0
108900160,0,0,0
108900161,0,0,0
108900162,0,0,0
108900163,0,0,0
108900164,0,0,0
108900165,0,0,0
108900167,0,0,0
108900168,0,0,0
108900169,0,0,0
108900171,16,127,-111
108900172,0,0,0
108900173,0,0,0
108900174,0,0,0
108900176,0,0,0
108900177,0,0,0
108900178,0,0,0
108900179,3,74,-71
108900180,0,5,-5
108900182,0,4,-4
108900183,0,0,0
108900184,54,0,54
108900185,0,0,0
108900186,0,0,0
108900187,0,0,0
108900188,0,0,0
108900189,4,0,4
108900190,0,0,0
108900191,0,0,0
108900192,0,0,0
108900193,0,0,0
108900194,0,0,0
108900195,1,0,1
108900196,0,0,0
108900198,0,0,0
108900199,0,0,0
108900200,14,0,14
108900201,0,0,0
108900203,0,0,0
108900204,0,0,0
108900205,0,0,0
108900206,0,0,0
108900207,0,0,0
108900208,0,0,0
108900209,0,0,0
108900210,0,0,0
108900211,0,0,0
108900212,0,0,0
108900215,0,0,0
108900216,0,0,0
108900217,0,0,0
108900218,0,0,0
108900219,0,0,0
108900220,0,0,0
108900221,0,0,0
108900222,0,0,0
108900223,0,0,0
108900224,0,0,0
108900225,0,0,0
108900226,0,0,0
108900227,0,0,0
108900230,0,0,0
108900231,0,0,0
108900232,0,0,0
108900233,0,0,0
108900234,0,0,0
108900235,0,0,0
108900236,0,0,0
108900237,0,0,0
108900240,0,0,0
108900241,0,0,0
108900245,0,0,0
108900249,0,0,0
108900250,0,0,0
108900257,0,0,0
108900258,0,0,0
108900259,0,0,0
108900260,0,0,0
108900261,0,0,0
108900262,0,0,0
108900263,0,0,0
108900264,0,0,0
108900265,0,0,0
108900266,0,0,0
108900267,0,0,0
108900268,0,0,0
108900269,0,0,0
108900270,0,0,0
108900271,0,0,0
108900272,0,0,0
108900273,0,0,0
108900274,0,0,0
109000001,1058,647,411
109000002,2,361,-359
109000003,2046,296,1750
109000004,3,233,-230
109000005,1657,178,1479
109000006,2,164,-162
109000007,1665,320,1345
109000008,9,158,-149
109000009,2310,320,1990
109000010,40,248,-208
109000011,2702,681,2021
109000012,41,210,-169
109000013,3250,862,2388
109000014,50,313,-263
109000015,4279,710,3569
109000016,141,391,-250
109000017,2319,623,1696
109000018,29,333,-304
109000019,1810,343,1467
109000020,13,191,-178
109000023,14,0,14
109000024,0,0,0
109000025,0,0,0
109000026,59,2,57
109000027,0,0,0
109000028,25,2,23
109000029,0,0,0
109000030,0,0,0
109000031,244,40,204
109000032,0,0,0
109000033,315,28,287
109000034,0,0,0
109000035,0,0,0
109000036,1,3,-2
109000037,0,0,0
109000038,37,23,14
109000039,0,0,0
109000040,0,0,0
109000041,30,86,-56
109000042,6,72,-66
109000044,160,54,106
109000045,0,0,0
109000046,172,28,144
109000047,0,0,0
109000048,300,74,226
109000049,0,0,0
109000050,214,138,76
109000051,0,0,0
109000052,0,0,0
109000053,0,0,0
109000054,0,0,0
109000055,0,0,0
109000056,0,0,0
109000057,0,0,0
109000058,0,0,0
109000059,0,0,0
109000060,7,13,-6
109000061,0,0,0
109000062,14,22,-8
109000063,0,0,0
109000064,4,31,-27
109000065,0,0,0
109000066,41,2,39
109000067,0,0,0
109000068,169,13,156
109000069,378,9,369
109000070,0,0,0
109000071,0,0,0
109000072,0,1,-1
109000073,0,0,0
109000074,0,4,-4
109000075,0,0,0
109000076,5,27,-22
109000077,32,2,30
109000078,4,2,2
109000079,42,1,41
109000080,0,1,-1
109000081,48,8,40
109000082,68,2,66
109000083,75,10,65
109000088,0,21,-21
109000089,0,0,0
109000090,0,9,-9
109000091,0,0,0
109000092,1,13,-12
109000093,0,0,0
109000094,0,0,0
109000095,0,4,-4
109000096,22,2,20
109000097,0,0,0
109000098,27,12,15
109000099,191,2,189
109000100,0,11,-11
109000101,336,10,326
109000102,15,53,-38
109000103,11,22,-11
109000104,538,15,523
109000105,9,86,-77
109000106,505,17,488
109000107,8,64,-56
109000108,504,79,425
109000109,28,69,-41
109000110,116,90,26
109000111,68,229,-161
109000112,0,0,0
109000113,0,0,0
109000114,158,139,19
109000115,160,5,155
109000116,0,0,0
109000117,133,4,129
109000118,0,0,0
109000119,367,7,360
109000120,0,0,0
109000121,202,16,186
109000122,0,0,0
109000123,0,0,0
109000124,66,1,65
109000125,645,33,612
109000126,0,0,0
109000127,697,14,683
109000128,0,0,0
109000129,500,57,443
109000130,0,0,0
109000131,170,210,-40
109000132,3,22,-19
109000133,0,0,0
109000134,0,0,0
109000135,0,0,0
109000136,26,9,17
109000137,78,1,77
109000138,37,4,33
109000139,146,29,117
109000140,40,6,34
109000141,86,11,75
109000142,0,0,0
109000143,0,0,0
109000145,0,0,0
109000146,21,24,-3
109000148,0,0,0
109000149,0,0,0
109000150,11,35,-24
109000155,0,0,0
109000156,245,8,237
109000158,0,0,0
109000159,56,18,38
109000160,0,0,0
109000161,504,66,438
109000162,94,0,94
109000163,639,67,572
109000164,62,28,34
109000165,432,158,274
109000166,85,35,50
109000167,2,20,-18
109000170,0,0,0
109000171,0,0,0
109000172,0,0,0
109000173,0,0,0
109000174,0,0,0
109000175,0,0,0
109000176,22,6,16
109000177,0,0,0
109000178,9,0,9
109000179,0,0,0
109000180,0,0,0
109000181,0,0,0
109000182,0,0,0
109000183,0,5,-5
109000184,0,0,0
109000185,6,3,3
109000188,17,38,-21
109000189,51,2,49
109000190,0,0,0
109000191,496,26,470
109000192,0,0,0
109000193,0,0,0
109000194,0,0,0
109000195,0,0,0
109000196,0,0,0
109000197,0,0,0
109000198,0,0,0
109000199,0,0,0
109000206,0,0,0
109000207,0,0,0
109000208,0,0,0
109000209,0,0,0
109000210,0,0,0
109000211,0,0,0
109000214,42,23,19
109000215,208,34,174
109000216,69,256,-187
109000217,0,0,0
109000218,0,0,0
109000221,0,10,-10
109000222,2,28,-26
109000223,12,70,-58
109000224,0,0,0
109000225,21,4,17
109000226,0,3,-3
109000227,93,7,86
109000228,0,0,0
109000231,0,3,-3
109000232,39,1,38
109000236,0,0,0
109000241,66,22,44
109000242,377,85,292
109000293,0,0,0
109000361,0,0,0
109000364,0,0,0
109000396,0,7,-7
109000397,0,0,0
109000399,2,24,-22
109000400,0,0,0
109000403,0,0,0
109000406,164,3,161
109000407,0,0,0
109000408,0,196,-196
109000410,0,0,0
109000411,34,3,31
109900001,0,0,0
109900002,0,0,0
109900003,0,0,0
109900004,0,0,0
109900005,0,0,0
109900006,0,0,0
109900007,0,0,0
109900008,0,0,0
109900009,0,0,0
109900010,0,0,0
109900011,0,0,0
109900012,0,0,0
109900013,0,0,0
109900014,0,0,0
109900015,0,0,0
109900016,0,0,0
109900017,0,0,0
109900018,0,0,0
109900019,0,0,0
109900020,0,0,0
109900021,0,0,0
109900022,10,2,8
109900023,0,0,0
109900024,0,0,0
109900025,0,0,0
109900026,0,0,0
109900027,0,0,0
109900028,0,0,0
109900029,0,0,0
109900030,0,0,0
109900031,0,0,0
109900032,0,0,0
109900033,0,0,0
109900034,0,0,0
109900035,0,0,0
109900036,0,0,0
109900037,0,0,0
109900038,0,0,0
109900039,0,0,0
109900040,0,0,0
109900041,0,0,0
109900042,0,0,0
109900044,0,0,0
109900045,0,0,0
109900046,0,0,0
109900047,0,0,0
109900048,0,0,0
109900049,0,0,0
109900050,0,0,0
109900051,0,0,0
109900052,0,0,0
109900053,0,0,0
109900054,0,0,0
109900055,0,0,0
109900056,0,0,0
109900057,0,0,0
109900058,0,0,0
109900059,0,0,0
109900060,0,0,0
109900061,0,0,0
109900062,0,0,0
109900063,0,0,0
109900064,28,2,26
109900065,0,0,0
109900066,0,0,0
109900067,0,0,0
109900068,0,0,0
109900069,0,0,0
109900070,0,0,0
109900071,0,0,0
109900072,0,0,0
109900073,0,0,0
109900074,0,0,0
109900075,0,0,0
109900076,0,0,0
109900077,0,0,0
109900078,0,0,0
109900080,0,0,0
109900081,0,0,0
109900082,0,0,0
109900083,0,0,0
109900084,0,0,0
109900085,0,0,0
109900086,0,0,0
109900087,0,0,0
109900089,0,0,0
109900090,0,0,0
109900091,0,0,0
109900092,0,0,0
109900093,0,0,0
109900094,0,0,0
109900095,0,0,0
109900096,0,0,0
109900097,0,0,0
109900098,0,0,0
109900099,0,0,0
109900100,0,0,0
109900101,0,0,0
109900102,0,0,0
109900103,0,0,0
109900104,0,0,0
109900105,0,0,0
109900106,0,0,0
109900107,0,0,0
109900108,0,0,0
109900109,0,0,0
109900110,0,0,0
109900111,0,0,0
109900112,0,0,0
109900113,0,0,0
109900114,0,0,0
109900115,0,0,0
109900117,0,0,0
109900118,0,0,0
109900119,0,0,0
109900120,0,0,0
109900121,0,0,0
109900122,0,0,0
109900123,0,0,0
109900124,0,0,0
109900125,0,0,0
109900126,0,0,0
109900128,0,0,0
109900130,0,0,0
109900131,0,0,0
109900132,0,0,0
109900133,0,0,0
109900134,0,0,0
109900135,0,0,0
109900136,0,0,0
109900137,0,0,0
109900138,0,0,0
109900140,0,0,0
109900142,0,0,0
109900145,0,0,0
109900146,0,0,0
109900148,0,0,0
109900149,0,0,0
109900150,0,0,0
109900151,0,0,0
109900152,0,0,0
109900153,0,0,0
109900154,0,0,0
109900155,0,0,0
109900157,0,0,0
109900158,0,0,0
109900159,0,0,0
109900160,0,0,0
109900161,0,0,0
109900162,0,0,0
109900163,0,0,0
109900164,0,0,0
109900165,0,0,0
109900166,0,0,0
109900167,0,0,0
109900168,0,0,0
109900169,0,0,0
109900170,0,0,0
109900171,0,0,0
109900172,0,0,0
109900173,0,0,0
109900174,0,0,0
109900175,0,0,0
109900176,0,0,0
109900177,0,0,0
109900178,0,0,0
109900179,0,0,0
109900180,0,0,0
110000001,50,105,-55
110000002,650,338,312
110000003,127,285,-158
110000004,621,207,414
110000005,75,57,18
110000006,4,98,-94
110000007,12,4,8
110000008,0,0,0
110000009,0,0,0
110000010,0,0,0
110000011,25,1,24
110000012,0,0,0
110000013,1,21,-20
110000014,27,29,-2
110000015,11,2,9
110000016,41,64,-23
110000017,83,25,58
110000018,11,46,-35
110000019,0,0,0
110000020,0,0,0
110000021,49,2,47
110000022,0,0,0
110000023,0,0,0
110000024,0,0,0
110000025,0,0,0
110000026,0,0,0
110000027,12,9,3
110000028,179,7,172
110000029,0,0,0
110000030,67,8,59
110000031,0,0,0
110000032,218,5,213
110000033,3,2,1
110000034,0,0,0
110000035,25,17,8
110000036,47,0,47
110000037,29,34,-5
110000038,21,0,21
110000039,147,61,86
110000040,0,0,0
110000041,277,126,151
110000042,0,0,0
110000043,143,176,-33
110000044,0,0,0
110000045,0,59,-59
110000046,0,0,0
110000047,0,17,-17
110000048,0,0,0
110000049,1,1,0
110000050,0,0,0
110000051,1,0,1
110000052,10,11,-1
110000053,3,5,-2
110000054,0,0,0
110000055,22,12,10
110000056,186,86,100
110000057,0,0,0
110000058,166,127,39
110000059,31,102,-71
110000060,884,213,671
110000061,87,192,-105
110000062,840,204,636
110000063,0,0,0
110000064,13,0,13
110000065,0,0,0
110000066,0,0,0
110000067,4,3,1
110000068,2,1,1
110000069,0,0,0
110000071,0,0,0
110000073,0,0,0
110000075,0,0,0
110000076,0,0,0
110000077,0,0,0
110000078,0,0,0
110000080,27,17,10
110000081,0,0,0
110000082,0,0,0
110000083,47,134,-87
110000084,469,126,343
110000085,367,418,-51
110000086,518,241,277
110000087,0,37,-37
110000088,1,177,-176
110000089,423,7,416
110000090,0,0,0
110000091,0,0,0
110000092,0,0,0
110000093,135,6,129
110000094,28,5,23
110000095,486,61,425
110000096,115,48,67
110000097,669,91,578
110000098,484,49,435
110000099,83,73,10
110000100,84,0,84
110000101,0,0,0
110000102,0,0,0
110000104,0,0,0
110000105,15,8,7
110000106,0,0,0
110000107,5,33,-28
110000108,466,3,463
110000109,0,0,0
110000110,919,203,716
110000111,0,0,0
110000112,0,0,0
110000113,0,2,-2
110000114,0,1,-1
110000115,5,26,-21
110000116,3,7,-4
110000117,0,0,0
110000118,160,21,139
110000119,0,0,0
110000120,83,26,57
110000121,0,0,0
110000122,25,3,22
110000123,59,141,-82
110000124,0,0,0
110000125,333,2,331
110000126,102,6,96
110000127,368,9,359
110000128,0,0,0
110000129,0,0,0
110000130,84,21,63
110000131,0,0,0
110000132,0,0,0
110000133,0,0,0
110000134,0,0,0
110000135,32,6,26
110000136,0,0,0
110000137,99,3,96
110000138,0,0,0
110000139,138,4,134
110000140,741,47,694
110000143,156,8,148
110000144,1304,440,864
110000145,288,161,127
110000146,973,109,864
110000147,0,0,0
110000148,102,25,77
110000151,26,44,-18
110000152,0,0,0
110000153,0,0,0
110000154,0,14,-14
110000155,84,444,-360
110000156,6,178,-172
110000157,59,346,-287
110000160,0,0,0
110000161,0,0,0
110000166,0,0,0
110000167,396,72,324
110000168,665,76,589
110000169,255,110,145
110000170,113,19,94
110000171,283,26,257
110000172,17,39,-22
110000173,71,15,56
110000174,0,0,0
110000175,84,6,78
110000176,17,15,2
110000177,29,37,-8
110000178,207,75,132
110000179,40,71,-31
110000180,61,38,23
110000181,115,10,105
110000182,59,2,57
110000183,314,124,190
110000184,58,79,-21
110000185,0,0,0
110000186,0,0,0
110000191,210,0,210
110000192,0,0,0
110000193,0,0,0
110000194,0,0,0
110000195,0,0,0
110000196,0,0,0
110000197,0,0,0
110000198,0,0,0
110000199,0,0,0
110000200,4,0,4
110000201,0,0,0
110000202,0,0,0
110000203,0,0,0
110000204,0,0,0
110000205,0,0,0
110000206,0,0,0
110000207,0,0,0
110000208,0,0,0
110000209,0,0,0
110000210,766,210,556
110000211,826,219,607
110000212,122,34,88
110000213,4,0,4
110000214,35,0,35
110000215,0,0,0
110000216,0,0,0
110000217,161,1,160
110000218,0,0,0
110000219,73,0,73
110000220,0,0,0
110000221,44,0,44
110000222,0,0,0
110000223,0,0,0
110000224,0,0,0
110000225,0,0,0
110000226,347,21,326
110000227,0,0,0
110000228,51,0,51
110000229,0,0,0
110000230,435,53,382
110000231,103,55,48
110000232,0,0,0
110000233,52,57,-5
110000234,200,16,184
110000235,163,118,45
110000236,0,0,0
110000237,0,0,0
110000238,408,103,305
110000239,0,0,0
110000240,0,0,0
110000242,0,0,0
110000243,0,0,0
110000244,0,0,0
110000245,0,0,0
110000246,20,6,14
110000247,67,155,-88
110000248,57,55,2
110000249,0,0,0
110000250,0,4,-4
110000251,6,35,-29
110000252,75,2,73
110000253,62,42,20
110000254,0,0,0
110000255,0,0,0
110000256,48,58,-10
110000257,30,12,18
110000258,0,9,-9
110000259,0,0,0
110000260,4,1,3
110000263,0,0,0
110000264,1,2,-1
110000265,1329,182,1147
110000266,550,395,155
110000267,0,0,0
110000268,14,1,13
110000269,0,0,0
110000270,63,1,62
110000271,191,24,167
110000272,240,323,-83
110000273,132,211,-79
110000274,30,125,-95
110000275,141,70,71
110000276,4,119,-115
110000277,634,110,524
110000278,19,199,-180
110000279,469,94,375
110000280,445,33,412
110000281,0,0,0
110000282,46,1,45
110000283,0,0,0
110000284,0,0,0
110000285,0,0,0
110000286,31,10,21
110000287,0,0,0
110000288,0,0,0
110000289,0,0,0
110000290,0,0,0
110000291,217,9,208
110000292,0,0,0
110000293,299,15,284
110000294,0,0,0
110000295,99,22,77
110000296,0,0,0
110000297,0,0,0
110000298,0,0,0
110000299,0,0,0
110000301,0,0,0
110000302,0,0,0
110000303,0,0,0
110000304,0,0,0
110000305,115,0,115
110000306,0,0,0
110000307,125,1,124
110000308,241,0,241
110000309,0,0,0
110000310,72,0,72
110000311,0,0,0
110000312,11,2,9
110000313,0,0,0
110000314,0,0,0
110000315,73,259,-186
110000316,6,182,-176
110000317,0,0,0
110000318,0,0,0
110000319,0,0,0
110000320,0,0,0
110000321,0,0,0
110000322,2,18,-16
110000323,0,0,0
110000324,0,0,0
110000325,644,395,249
110000327,205,3,202
110000328,0,0,0
110000333,55,157,-102
110000334,3,33,-30
110000335,33,18,15
110000336,6,12,-6
110000337,835,158,677
110000338,51,16,35
110000339,23,33,-10
110000340,1,2,-1
110000341,48,3,45
110000342,14,0,14
110000343,0,0,0
110000344,0,0,0
110000345,3,3,0
110000346,229,217,12
110000347,687,314,373
110000348,0,0,0
110000349,0,0,0
110000350,12,1,11
110000351,455,90,365
110000352,0,0,0
110000353,969,66,903
110000354,2,6,-4
110000355,0,0,0
110000356,183,1,182
110000357,0,0,0
110000361,0,0,0
110000362,5,19,-14
110000363,93,0,93
110000364,125,76,49
110000365,29,0,29
110000366,0,0,0
110000367,0,0,0
110000368,0,0,0
110000369,3,0,3
110000373,0,0,0
110000374,0,0,0
110000375,107,19,88
110000376,0,0,0
110000377,123,138,-15
110000378,0,0,0
110000379,633,185,448
110000380,141,4,137
110000383,0,0,0
110000384,89,0,89
110000385,0,0,0
110000387,45,1,44
110000388,0,0,0
110000389,735,5,730
110000391,258,6,252
110000396,0,0,0
110000397,0,0,0
110000398,0,0,0
110000399,473,1,472
110000587,0,1,-1
110000589,2,2,0
110000640,0,0,0
110000652,0,0,0
110000653,0,0,0
110000654,0,0,0
110000656,0,0,0
110000674,0,0,0
110000675,0,0,0
110000676,0,0,0
110000679,0,0,0
110000682,6,32,-26
110000683,109,18,91
110000684,0,0,0
110000685,13,7,6
110000686,0,0,0
110000687,5,0,5
110000688,48,0,48
110000689,0,0,0
110000692,0,5,-5
110000693,0,0,0
110000694,0,0,0
110000695,0,0,0
110000696,29,2,27
110900001,0,0,0
110900002,0,0,0
110900003,0,0,0
110900004,0,0,0
110900005,0,0,0
110900006,0,0,0
110900007,0,0,0
110900008,0,0,0
110900009,0,0,0
110900010,0,0,0
110900011,0,0,0
110900012,0,0,0
110900013,0,0,0
110900014,0,0,0
110900015,0,0,0
110900016,0,0,0
110900017,0,0,0
110900018,0,0,0
110900019,0,0,0
110900020,0,0,0
110900021,0,0,0
110900022,0,0,0
110900023,0,0,0
110900024,0,0,0
110900025,0,0,0
110900027,0,0,0
110900028,0,0,0
110900029,0,0,0
110900030,0,0,0
110900031,0,0,0
110900032,0,0,0
110900033,0,0,0
110900035,0,0,0
110900036,0,0,0
110900037,0,0,0
110900038,0,0,0
110900039,0,0,0
110900040,0,0,0
110900041,0,0,0
110900042,0,0,0
110900043,0,0,0
110900044,0,0,0
110900045,0,0,0
110900046,0,0,0
110900047,0,0,0
110900049,0,0,0
110900050,0,0,0
110900051,0,0,0
110900052,0,0,0
110900053,0,0,0
110900054,0,0,0
110900055,0,0,0
110900056,0,0,0
110900057,0,0,0
110900058,0,0,0
110900059,0,0,0
110900060,0,0,0
110900061,0,0,0
110900062,0,0,0
110900063,0,0,0
110900064,0,0,0
110900065,0,0,0
110900066,0,0,0
110900067,0,0,0
110900068,0,0,0
110900069,0,0,0
110900070,0,0,0
110900071,0,0,0
110900073,0,0,0
110900074,0,0,0
110900075,0,0,0
110900077,0,0,0
110900078,0,0,0
110900079,0,0,0
110900080,0,0,0
110900081,0,0,0
110900082,0,0,0
110900083,0,0,0
110900084,0,0,0
110900085,0,0,0
110900086,0,0,0
110900087,0,0,0
110900088,0,0,0
110900090,0,0,0
110900091,0,0,0
110900093,0,0,0
110900095,0,0,0
110900097,0,0,0
110900098,0,0,0
110900099,0,0,0
110900100,0,0,0
110900102,0,0,0
110900105,0,0,0
110900108,0,0,0
110900111,0,0,0
110900112,0,0,0
110900113,0,0,0
110900115,0,0,0
110900116,0,0,0
110900118,0,0,0
110900119,0,0,0
110900120,0,0,0
110900121,0,0,0
110900122,0,0,0
110900125,0,0,0
110900127,0,0,0
110900128,0,0,0
110900129,0,0,0
110900130,0,0,0
110900131,0,0,0
110900132,0,0,0
110900133,0,0,0
110900135,0,0,0
110900136,0,0,0
110900137,0,0,0
110900138,0,0,0
110900139,0,0,0
110900140,0,0,0
110900141,0,0,0
110900142,0,0,0
110900143,0,0,0
110900144,0,0,0
110900145,0,0,0
110900146,0,0,0
110900147,0,0,0
110900148,0,0,0
110900149,0,0,0
110900150,0,0,0
110900151,0,0,0
110900152,0,0,0
110900153,0,0,0
111000001,88,14,74
111000002,0,0,0
111000003,527,45,482
111000004,0,0,0
111000005,508,91,417
111000006,0,0,0
111000007,847,93,754
111000008,0,0,0
111000009,4,109,-105
111000010,694,170,524
111000011,0,0,0
111000012,272,98,174
111000013,23,40,-17
111000014,725,155,570
111000017,0,0,0
111000018,0,0,0
111000020,0,0,0
111000021,49,2,47
111000023,58,6,52
111000025,120,232,-112
111000029,0,0,0
111000030,0,0,0
111000031,635,156,479
111000032,86,10,76
111000033,57,13,44
111000034,4,30,-26
111000037,0,0,0
111000038,20,12,8
111000039,14,7,7
111000040,3,12,-9
111000041,0,0,0
111000042,0,0,0
111000043,1108,206,902
111000044,1062,133,929
111000045,941,366,575
111000046,484,204,280
111000047,626,246,380
111000049,74,54,20
111000050,0,0,0
111000051,0,0,0
111000052,0,0,0
111000053,0,0,0
111000054,0,0,0
111000055,2,0,2
111000056,0,0,0
111000057,0,0,0
111000058,107,11,96
111000059,350,60,290
111000060,1934,144,1790
111000061,70,69,1
111000062,513,38,475
111000063,767,91,676
111000064,787,83,704
111000065,810,44,766
111000066,199,28,171
111000067,0,0,0
111000068,0,0,0
111000069,0,0,0
111000070,0,0,0
111000071,0,0,0
111000072,995,94,901
111000073,340,213,127
111000074,1182,239,943
111000075,238,19,219
111000076,331,50,281
111000077,833,181,652
111000078,216,32,184
111000079,359,74,285
111000080,242,47,195
111000081,148,111,37
111000082,185,38,147
111000084,66,181,-115
111000085,47,37,10
111000086,91,18,73
111000087,90,21,69
111000088,203,48,155
111000089,100,69,31
111000090,30,69,-39
111000091,0,0,0
111000092,0,0,0
111000093,0,0,0
111000094,76,8,68
111000095,19,24,-5
111000096,98,47,51
111000097,0,0,0
111000098,0,0,0
111000099,0,0,0
111000100,0,0,0
111000101,0,0,0
111000102,0,0,0
111000104,176,49,127
111000107,0,0,0
111000109,66,59,7
111000110,257,84,173
111000111,1200,45,1155
111000112,1284,21,1263
111000113,563,204,359
111000114,389,190,199
111000115,1535,204,1331
111000116,291,55,236
111000117,112,30,82
111000118,237,28,209
111000119,384,71,313
111000120,313,46,267
111000121,176,67,109
111000122,8,10,-2
111000123,2,0,2
111000124,0,0,0
111000125,0,0,0
111000126,0,0,0
111000127,353,11,342
111000128,986,28,958
111000129,1298,26,1272
111000130,1476,50,1426
111000131,1034,65,969
111000132,621,71,550
111000133,5,14,-9
111000134,71,32,39
111000135,0,0,0
111000136,344,10,334
111000138,10,0,10
111000140,0,0,0
111000141,2,5,-3
111000142,0,0,0
111000143,0,0,0
111000144,0,0,0
111000145,21,0,21
111000146,8,0,8
111000147,19,0,19
111000148,75,3,72
111000149,0,0,0
111000150,48,0,48
111000151,0,0,0
111000153,145,4,141
111000154,2,2,0
111000155,49,0,49
111000156,215,50,165
111000157,134,108,26
111000158,303,148,155
111000159,390,176,214
111000160,96,44,52
111000161,0,65,-65
111000162,0,0,0
111000163,0,0,0
111000164,0,0,0
111000165,96,15,81
111000166,0,0,0
111000167,0,0,0
111000168,11,4,7
111000169,41,23,18
111000170,71,24,47
111000171,65,4,61
111000172,11,16,-5
111000173,26,11,15
111000174,28,4,24
111000175,1,2,-1
111000176,0,0,0
111000177,0,0,0
111000178,0,0,0
111000179,0,0,0
111000180,0,0,0
111000181,110,1,109
111000182,60,0,60
111000183,38,18,20
111000184,99,10,89
111000185,6,20,-14
111000186,9,2,7
111000187,11,3,8
111000188,4,11,-7
111000189,0,0,0
111000190,0,0,0
111000191,0,0,0
111000192,0,0,0
111000193,0,0,0
111000194,0,0,0
111000195,0,0,0
111000196,0,0,0
111000197,100,7,93
111000198,182,8,174
111000199,23,14,9
111000200,296,27,269
111000201,154,7,147
111000202,90,8,82
111000203,197,23,174
111000204,37,186,-149
111000213,163,26,137
111000214,225,42,183
111000215,236,69,167
111000217,404,35,369
111000218,89,190,-101
111000219,0,0,0
111000220,204,52,152
111000221,44,29,15
111000224,0,0,0
111000225,28,10,18
111000226,1,5,-4
111000227,1,0,1
111000228,0,0,0
111000229,0,0,0
111000230,8,5,3
111000231,249,5,244
111000232,0,0,0
111000233,0,0,0
111000234,0,0,0
111000239,0,0,0
111000240,43,23,20
111000241,0,0,0
111000242,61,7,54
111000243,0,0,0
111000244,89,1,88
111000245,244,54,190
111000246,187,38,149
111000247,0,0,0
111000248,118,39,79
111000249,0,0,0
111000250,0,0,0
111000251,0,0,0
111000253,0,0,0
111000255,0,0,0
111000257,0,0,0
111000260,0,0,0
111000261,111,12,99
111000271,0,0,0
111000273,89,18,71
111000274,326,274,52
111000275,35,0,35
111000276,0,0,0
111000277,0,0,0
111000278,131,8,123
111000291,306,560,-254
111000298,0,0,0
111000299,116,0,116
111000300,0,0,0
111000302,0,0,0
111000303,0,0,0
111000312,0,0,0
111000315,0,0,0
111000320,44,23,21
111000321,7,18,-11
111000322,87,11,76
111000323,9,2,7
111000324,3,2,1
111000325,0,0,0
111000326,6,1,5
111000327,54,44,10
111000328,47,76,-29
111000329,0,0,0
111000330,8,0,8
111000331,30,0,30
111000332,118,83,35
111000334,27,64,-37
111000335,60,1,59
111000337,138,0,138
111000338,0,0,0
111000339,1,1,0
111000340,19,8,11
111000341,224,13,211
111000342,0,0,0
111000344,262,20,242
111000345,13,4,9
111000346,0,0,0
111000347,1,0,1
111000350,19,37,-18
111000351,0,0,0
111000352,39,5,34
111000353,0,0,0
111000354,49,7,42
111000355,0,0,0
111000358,42,15,27
111000360,33,21,12
111000361,95,8,87
111000546,3,0,3
111000547,161,10,151
111000548,0,0,0
111000549,156,9,147
111000550,0,2,-2
111000551,64,7,57
111000552,8,14,-6
111000907,75,0,75
111000908,9,0,9
111000916,149,0,149
111000917,0,0,0
111000918,20,20,0
111000920,55,1,54
111000921,0,0,0
111000922,0,0,0
111000924,0,0,0
111000925,2369,286,2083
111000926,33,86,-53
111000927,2210,524,1686
111000928,84,330,-246
111000929,1615,310,1305
111000930,19,152,-133
111000931,2168,419,1749
111000932,49,140,-91
111000933,1921,628,1293
111000934,27,165,-138
111000935,1081,151,930
111000936,5,102,-97
111000937,582,243,339
111000938,11,117,-106
111000939,212,2,210
111000940,0,0,0
111000941,54,9,45
111000943,0,0,0
111000944,4,2,2
111000945,17,0,17
111001109,132,21,111
111001110,0,0,0
111001111,0,0,0
111001112,215,7,208
111001113,0,212,-212
111001114,30,0,30
111001115,0,0,0
111001116,647,139,508
111001117,0,0,0
111001120,45,4,41
111001121,0,0,0
111001122,0,0,0
111001123,3,8,-5
111900001,0,0,0
111900002,0,0,0
111900003,0,0,0
111900004,0,0,0
111900006,0,0,0
111900007,0,0,0
111900008,0,0,0
111900009,0,0,0
111900010,0,0,0
111900012,0,0,0
111900013,0,0,0
111900014,23,1,22
111900015,0,0,0
111900016,0,0,0
111900017,0,0,0
111900018,0,0,0
111900019,0,0,0
111900020,0,0,0
111900021,0,0,0
111900022,0,0,0
111900023,0,0,0
111900024,0,0,0
111900025,0,0,0
111900026,0,0,0
111900027,0,0,0
111900028,0,0,0
111900029,0,0,0
111900030,0,0,0
111900031,0,0,0
111900032,0,0,0
111900033,0,0,0
111900034,0,0,0
111900035,0,0,0
111900036,0,0,0
111900038,0,0,0
111900039,0,0,0
111900040,0,0,0
111900042,0,0,0
111900043,0,0,0
111900044,0,0,0
111900046,0,0,0
111900048,0,0,0
111900049,0,0,0
111900050,0,0,0
111900051,0,0,0
111900052,0,0,0
111900053,0,0,0
111900054,0,0,0
111900055,0,0,0
111900056,0,0,0
111900057,44,0,44
111900058,0,0,0
111900059,40,9,31
111900060,0,0,0
111900061,0,0,0
111900062,0,0,0
111900063,0,0,0
111900064,0,0,0
111900065,0,0,0
111900066,0,0,0
111900067,0,0,0
111900068,0,0,0
111900069,0,0,0
111900070,0,0,0
111900071,0,0,0
111900072,0,0,0
111900073,0,0,0
111900074,0,0,0
111900075,0,0,0
111900076,0,0,0
111900077,0,0,0
111900078,0,0,0
111900079,0,0,0
111900080,0,0,0
111900081,0,0,0
111900082,0,0,0
111900083,0,0,0
111900084,0,0,0
111900085,0,0,0
111900086,0,0,0
111900087,0,0,0
111900088,0,0,0
111900089,0,0,0
111900090,0,0,0
111900091,0,0,0
111900092,0,0,0
111900093,0,0,0
111900094,0,0,0
111900095,0,0,0
111900096,0,0,0
111900097,0,0,0
111900098,0,0,0
111900099,0,0,0
111900100,0,0,0
111900101,0,0,0
111900102,0,0,0
111900103,0,0,0
111900104,0,0,0
111900105,0,0,0
111900106,0,0,0
111900107,0,0,0
111900108,0,0,0
111900109,0,0,0
111900110,0,0,0
111900111,31,0,31
111900112,0,0,0
111900113,0,0,0
111900114,0,0,0
111900115,0,0,0
111900118,0,0,0
111900119,0,0,0
111900122,0,0,0
111900123,0,0,0
111900124,0,0,0
111900125,0,0,0
111900126,0,0,0
111900127,0,0,0
111900128,0,0,0
111900129,0,0,0
111900130,0,0,0
111900131,0,0,0
111900132,0,0,0
111900133,0,0,0
111900134,0,0,0
111900135,0,0,0
111900136,0,0,0
111900137,0,0,0
111900138,0,0,0
111900139,0,0,0
111900140,0,0,0
111900141,0,0,0
111900142,0,0,0
111900143,0,0,0
111900144,0,0,0
111900145,0,0,0
111900146,0,0,0
111900147,0,0,0
111900148,0,0,0
111900149,0,0,0
111900150,0,0,0
111900151,0,0,0
111900152,0,0,0
111900153,0,0,0
111900154,0,0,0
111900155,0,0,0
111900156,0,0,0
111900157,0,0,0
111900158,0,0,0
111900159,0,0,0
111900160,0,0,0
111900161,0,0,0
111900162,0,0,0
111900163,0,0,0
111900164,0,0,0
111901113,0,0,0
111901114,0,0,0
111901115,0,0,0
111901116,0,0,0
111901117,0,0,0
111901118,0,0,0
111901119,0,0,0
111901120,0,0,0
111901121,0,0,0
111901122,0,0,0
111901123,0,0,0
111901124,0,0,0
111901125,36,26,10
111901126,0,0,0
111901127,0,0,0
111901128,0,0,0
111901129,0,0,0
111901130,0,0,0
111901131,0,0,0
111901132,0,0,0
111901133,0,0,0
111901134,0,0,0
111901135,0,0,0
111901136,0,0,0
111901137,0,0,0
111901138,0,0,0
111901139,0,0,0
111901140,0,0,0
111901141,0,0,0
111901142,0,0,0
111901143,0,0,0
111901144,0,0,0
111901145,0,0,0
111901146,0,0,0
112000001,1301,367,934
112000002,0,0,0
112000003,611,147,464
112000004,0,0,0
112000005,3215,1407,1808
112000006,0,0,0
112000007,1365,1121,244
112000008,1959,1894,65
112000009,763,43,720
112000010,441,837,-396
112000011,135,40,95
112000012,683,1419,-736
112000013,145,117,28
112000014,167,482,-315
112000015,0,0,0
112000016,102,300,-198
112000017,0,0,0
112000024,0,0,0
112000026,0,0,0
112000027,619,545,74
112000028,0,0,0
112000029,0,0,0
112000030,0,0,0
112000031,2,60,-58
112000032,0,0,0
112000033,1,47,-46
112000034,0,0,0
112000035,0,0,0
112000036,0,0,0
112000037,0,0,0
112000038,0,0,0
112000039,19,12,7
112000040,0,0,0
112000041,0,0,0
112000042,0,0,0
112000050,829,576,253
112000051,668,1006,-338
112000054,56,177,-121
112000057,0,0,0
112000058,0,0,0
112000059,0,0,0
112000061,0,0,0
112000062,23,91,-68
112000063,0,0,0
112000064,0,0,0
112000065,0,0,0
112000066,121,409,-288
112000067,0,0,0
112000068,117,245,-128
112000069,0,0,0
112000070,48,86,-38
112000071,0,0,0
112000072,286,30,256
112000073,0,0,0
112000074,141,58,83
112000075,411,112,299
112000076,156,86,70
112000077,146,17,129
112000078,289,38,251
112000079,77,39,38
112000080,45,69,-24
112000081,40,137,-97
112000082,153,158,-5
112000083,148,36,112
112000084,224,87,137
112000085,458,35,423
112000086,396,51,345
112000087,88,8,80
112000088,112,64,48
112000089,14,17,-3
112000090,7,6,1
112000091,39,32,7
112000092,1113,86,1027
112000093,123,31,92
112000094,531,127,404
112000095,207,8,199
112000096,544,55,489
112000097,568,472,96
112000098,0,0,0
112000099,40,1231,-1191
112000100,703,153,550
112000101,0,0,0
112000102,490,43,447
112000103,0,0,0
112000105,0,0,0
112000106,441,59,382
112000107,1,6,-5
112000108,0,0,0
112000109,21,3,18
112000110,291,6,285
112000111,24,30,-6
112000112,434,6,428
112000113,1,20,-19
112000114,397,68,329
112000115,0,0,0
112000116,0,0,0
112000117,0,0,0
112000118,0,0,0
112000119,0,0,0
112000120,0,0,0
112000121,0,0,0
112000122,73,11,62
112000123,199,18,181
112000124,37,20,17
112000125,71,37,34
112000126,0,0,0
112000127,31,177,-146
112000128,0,0,0
112000129,113,2,111
112000130,0,0,0
112000131,0,0,0
112000132,0,0,0
112000133,62,0,62
112000134,105,10,95
112000135,235,48,187
112000136,0,0,0
112000137,320,87,233
112000138,9,1,8
112000139,1,29,-28
112000140,0,0,0
112000141,51,2,49
112000142,0,0,0
112000143,227,3,224
112000144,0,0,0
112000145,321,12,309
112000146,0,0,0
112000147,170,27,143
112000148,0,0,0
112000149,10,4,6
112000150,0,0,0
112000151,22,2,20
112000152,0,0,0
112000153,4,3,1
112000154,72,0,72
112000155,0,0,0
112000157,15,348,-333
112000158,69,5,64
112000159,0,0,0
112000167,0,0,0
112000169,0,1,-1
112000173,0,0,0
112000175,1,6,-5
112000176,0,0,0
112000177,0,0,0
112000178,0,0,0
112000179,0,0,0
112000180,0,0,0
112000181,50,10,40
112000182,258,13,245
112000183,26,4,22
112000184,25,1,24
112000185,0,0,0
112000187,0,0,0
112000195,0,0,0
112000196,0,0,0
112000197,0,0,0
112000198,0,0,0
112000199,0,0,0
112000202,475,2,473
112000216,0,0,0
112000230,0,0,0
112000231,0,0,0
112000256,62,60,2
112000313,0,0,0
112000314,0,0,0
112000337,0,0,0
112000352,0,0,0
112000392,84,155,-71
112000398,395,89,306
112000399,114,1761,-1647
112000400,8,62,-54
112000401,53,62,-9
112000402,559,1921,-1362
112000403,132,901,-769
112000404,153,310,-157
112000405,1268,833,435
112000406,27,86,-59
112000407,3140,542,2598
112000408,110,113,-3
112000409,10,121,-111
112000410,0,0,0
112000411,0,0,0
112000412,0,0,0
112000413,0,0,0
112000414,0,0,0
112000415,0,0,0
112000416,1021,203,818
112000417,18,29,-11
112000421,0,0,0
112000422,18,1,17
112000424,0,0,0
112000425,0,0,0
112000426,0,0,0
112000427,0,0,0
112000428,0,0,0
112000429,532,533,-1
112000430,480,876,-396
112000431,26,14,12
112000432,0,0,0
112000433,28,97,-69
112000437,1,10,-9
112900001,0,0,0
112900002,0,0,0
112900003,0,0,0
112900004,0,0,0
112900005,0,0,0
112900006,0,0,0
112900007,0,0,0
112900008,0,0,0
112900009,0,0,0
112900010,0,0,0
112900011,0,0,0
112900012,0,0,0
112900013,0,0,0
112900014,0,0,0
112900015,0,0,0
112900016,0,0,0
112900017,0,0,0
112900018,0,0,0
112900019,0,0,0
112900020,0,0,0
112900021,0,0,0
112900022,0,0,0
112900023,0,0,0
112900024,0,0,0
112900025,0,0,0
112900026,0,0,0
112900027,0,0,0
112900028,0,0,0
112900029,0,0,0
112900030,0,0,0
112900031,0,0,0
112900032,0,0,0
112900034,0,0,0
112900035,0,0,0
112900036,0,0,0
112900037,0,0,0
112900038,0,0,0
112900039,0,0,0
112900040,0,0,0
112900041,0,0,0
112900042,0,0,0
112900043,0,0,0
112900044,0,0,0
112900045,0,0,0
112900046,0,0,0
112900047,0,0,0
112900049,0,0,0
112900050,0,0,0
112900051,0,0,0
112900052,0,0,0
112900053,0,0,0
112900054,0,0,0
112900055,0,0,0
112900056,0,0,0
112900057,0,0,0
112900058,0,0,0
112900059,0,0,0
112900060,0,0,0
112900061,0,0,0
112900062,0,0,0
112900063,0,0,0
112900064,0,0,0
112900065,0,0,0
112900066,0,0,0
112900067,0,0,0
112900068,0,0,0
112900069,0,0,0
112900071,0,0,0
112900072,0,0,0
112900073,0,0,0
112900074,0,0,0
112900075,0,0,0
112900076,0,0,0
112900078,0,0,0
112900079,0,0,0
112900080,0,0,0
112900081,0,0,0
112900082,0,0,0
112900083,0,0,0
112900084,0,0,0
112900085,0,0,0
112900086,0,0,0
112900087,0,0,0
112900088,0,0,0
112900089,0,0,0
112900090,0,0,0
112900091,0,0,0
112900092,0,0,0
112900093,0,0,0
112900094,0,0,0
112900095,0,0,0
112900096,0,0,0
112900097,0,0,0
112900098,0,0,0
112900099,0,0,0
112900100,0,0,0
112900101,0,0,0
112900102,0,0,0
112900103,0,0,0
112900104,0,0,0
112900105,0,0,0
112900106,0,0,0
112900107,0,0,0
112900108,0,0,0
112900109,0,0,0
112900110,0,0,0
112900111,0,0,0
112900112,0,0,0
112900113,0,0,0
112900114,0,0,0
112900115,0,0,0
112900116,0,0,0
112900117,0,0,0
112900118,0,0,0
112900119,0,0,0
112900120,0,0,0
112900121,0,0,0
112900122,0,0,0
112900123,0,0,0
112900124,0,0,0
112900125,0,0,0
112900126,0,0,0
112900127,0,0,0
112900128,0,0,0
112900129,0,0,0
112900130,0,0,0
112900131,0,0,0
112900132,0,0,0
112900133,0,0,0
112900134,0,0,0
112900135,0,0,0
112900136,0,0,0
112900137,0,0,0
112900138,0,0,0
112900139,0,0,0
112900140,0,0,0
112900141,0,0,0
112900142,0,0,0
112900143,0,0,0
112900144,0,0,0
112900145,0,0,0
112900146,0,0,0
112900147,0,0,0
112900148,0,0,0
112900149,0,0,0
112900151,0,0,0
112900152,0,0,0
112900153,0,0,0
112900154,0,0,0
112900155,0,0,0
112900156,0,0,0
112900157,0,0,0
112900158,0,0,0
112900159,0,0,0
112900160,0,0,0
112900161,0,0,0
112900162,0,0,0
112900163,0,0,0
112900164,0,0,0
112900165,0,0,0
112900166,0,0,0
112900167,0,0,0
112900168,0,0,0
112900169,0,0,0
112900170,0,0,0
112900172,0,0,0
112900173,0,0,0
112900174,0,0,0
112900175,0,0,0
112900176,0,0,0
112900177,0,0,0
112900178,0,0,0
112900179,0,0,0
112900180,0,0,0
112900181,0,0,0
112900182,0,0,0
112900183,0,0,0
112900184,0,0,0
112900185,0,0,0
112900186,0,0,0
112900187,0,0,0
112900188,0,0,0
112900189,0,0,0
112900190,0,0,0
112900192,0,0,0
112900193,0,0,0
112900194,0,0,0
112900195,0,0,0
112900196,0,0,0
112900197,0,0,0
112900199,0,0,0
112900200,0,0,0
112900201,0,0,0
112900202,0,0,0
112900203,0,0,0
112900204,0,0,0
112900205,0,0,0
112900206,0,0,0
112900207,0,0,0
112900208,0,0,0
112900209,0,0,0
112900210,0,0,0
112900211,0,0,0
112900212,0,0,0
112900213,0,0,0
112900214,0,0,0
112900215,0,0,0
112900216,0,0,0
112900217,0,0,0
112900218,0,0,0
112900219,0,0,0
112900220,0,0,0
112900221,0,0,0
112900222,0,0,0
112900223,0,0,0
112900224,0,0,0
112900225,0,0,0
112900226,0,0,0
112900227,0,0,0
112900228,0,0,0
112900229,0,0,0
112900230,0,0,0
112900232,0,0,0
112900233,0,0,0
112900234,0,0,0
112900235,0,0,0
112900236,0,0,0
112900237,0,0,0
112900238,0,0,0
112900239,0,0,0
113000001,291,339,-48
113000002,328,365,-37
113000003,135,134,1
113000004,100,122,-22
113000005,75,39,36
113000006,56,95,-39
113000007,86,47,39
113000008,71,73,-2
113000009,40,33,7
113000010,190,92,98
113000011,0,0,0
113000012,688,52,636
113000013,3,77,-74
113000014,60,0,60
113000015,2,1,1
113000016,1,3,-2
113000017,0,0,0
113000018,63,21,42
113000019,0,0,0
113000020,202,7,195
113000021,305,10,295
113000022,71,1,70
113000025,0,0,0
113000026,27,12,15
113000027,105,7,98
113000028,4,0,4
113000029,46,40,6
113000030,0,0,0
113000031,0,0,0
113000032,62,15,47
113000033,74,40,34
113000034,0,0,0
113000035,0,0,0
113000036,0,0,0
113000037,0,0,0
113000038,0,0,0
113000039,0,0,0
113000040,0,0,0
113000042,0,0,0
113000051,192,155,37
113000052,177,95,82
113000053,7,21,-14
113000054,49,54,-5
113000055,150,24,126
113000056,162,44,118
113000058,0,0,0
113000059,266,56,210
113000060,0,0,0
113000061,122,79,43
113000062,0,0,0
113000063,0,0,0
113000064,0,0,0
113000065,3,16,-13
113000066,169,1,168
113000067,71,5,66
113000068,64,20,44
113000069,44,48,-4
113000070,59,27,32
113000071,27,39,-12
113000072,121,2,119
113000073,4,85,-81
113000074,82,42,40
113000075,302,9,293
113000076,1,251,-250
113000077,106,96,10
113000078,0,0,0
113000079,0,0,0
113000080,60,66,-6
113000081,194,100,94
113000082,0,0,0
113000083,223,184,39
113000084,17,4,13
113000085,229,239,-10
113000086,9,16,-7
113000087,115,484,-369
113000088,12,7,5
113000089,228,448,-220
113000090,6,27,-21
113000091,16,0,16
113000094,98,7,91
113000095,0,0,0
113000096,0,0,0
113000097,69,30,39
113000098,21,1,20
113000099,87,21,66
113000100,4,1,3
113000101,1,0,1
113000102,26,52,-26
113000103,0,0,0
113000104,406,144,262
113000105,781,140,641
113000106,0,0,0
113000107,277,499,-222
113000108,102,43,59
113000109,0,0,0
113000110,103,154,-51
113000111,0,0,0
113000112,6,80,-74
113000113,98,64,34
113000114,0,0,0
113000116,0,0,0
113000117,0,0,0
113000118,0,0,0
113000119,0,0,0
113000120,0,3,-3
113000121,0,0,0
113000124,48,35,13
113000125,0,0,0
113000127,0,0,0
113000128,0,0,0
113000129,0,0,0
113000133,38,0,38
113000134,2,66,-64
113000135,1346,1090,256
113000137,402,488,-86
113000139,81,51,30
113000140,0,0,0
113000141,49,30,19
113000142,0,0,0
113000143,2,4,-2
113000144,0,0,0
113000145,0,0,0
113000146,0,0,0
113000147,0,0,0
113000148,0,0,0
113000149,0,0,0
113000150,0,0,0
113000151,0,0,0
113000152,0,0,0
113000153,0,0,0
113000154,17,71,-54
113000155,64,48,16
113000156,0,0,0
113000157,0,0,0
113000158,52,1,51
113000159,84,1,83
113000160,0,0,0
113000161,0,0,0
113000162,0,0,0
113000163,8,1,7
113000164,0,0,0
113000166,88,1,87
113000167,0,0,0
113000168,0,0,0
113000169,118,17,101
113000170,270,22,248
113000171,0,0,0
113000172,87,8,79
113000173,15,1,14
113000174,0,0,0
113000175,57,22,35
113000176,281,18,263
113000177,0,0,0
113000178,0,0,0
113000179,63,31,32
113000180,130,10,120
113000181,86,3,83
113000182,17,7,10
113000183,1,68,-67
113000184,0,0,0
113000189,0,0,0
113000190,0,0,0
113000192,78,225,-147
113000193,152,6,146
113000194,35,35,0
113000195,32,47,-15
113000196,128,1,127
113000197,36,7,29
113000198,0,0,0
113000199,3,0,3
113000201,0,0,0
113000202,1,0,1
113000203,7,1,6
113000204,29,116,-87
113000205,0,0,0
113000206,0,0,0
113000207,0,0,0
113000208,0,0,0
113000209,0,0,0
113000210,0,0,0
113000211,1,0,1
113000212,0,0,0
113000213,22,0,22
113000214,0,0,0
113000234,0,0,0
113000410,2,3,-1
113000411,53,131,-78
113000412,637,271,366
113000413,353,404,-51
113000414,350,384,-34
113000415,25,81,-56
113000416,112,77,35
113000417,33,76,-43
113000418,528,276,252
113000419,130,148,-18
113000420,679,220,459
113000421,2325,1525,800
113000422,499,603,-104
113000423,444,395,49
113000424,935,466,469
113000425,0,0,0
113000428,0,0,0
113000430,0,0,0
113000432,267,0,267
113000433,0,0,0
113000434,0,0,0
113000435,0,0,0
113000436,0,0,0
113000437,58,0,58
113000438,1,0,1
113000439,0,0,0
113000440,0,2,-2
113000441,1,1,0
113000442,0,0,0
113000443,3,1,2
113000444,0,0,0
113000445,1,0,1
113000446,0,0,0
113000448,0,0,0
113000449,0,0,0
113000450,0,2,-2
113000451,0,0,0
113000452,21,2,19
113000453,0,0,0
113000454,2,0,2
113000455,0,0,0
113000456,0,0,0
113000468,0,0,0
113000469,0,0,0
113000470,0,0,0
113000471,0,0,0
113000472,0,0,0
113000474,28,106,-78
113000475,107,89,18
113000476,256,384,-128
113000477,1069,425,644
113000478,460,207,253
113000479,0,0,0
113000480,0,0,0
113000481,0,0,0
113000482,0,0,0
113000483,0,0,0
113000484,0,0,0
113000485,0,0,0
113000486,0,0,0
113000487,0,0,0
113000488,0,0,0
113000489,0,0,0
113000490,0,0,0
113000491,0,0,0
113000492,0,0,0
113000493,0,0,0
113000495,0,0,0
113000496,1,0,1
113000497,0,0,0
113000499,0,0,0
113000500,0,0,0
113900001,0,0,0
113900002,0,0,0
113900003,0,0,0
113900004,0,0,0
113900005,0,0,0
113900006,0,0,0
113900007,0,0,0
113900008,0,0,0
113900009,0,0,0
113900010,0,0,0
113900011,0,0,0
113900012,0,0,0
113900013,0,0,0
113900014,0,0,0
113900015,0,0,0
113900016,0,0,0
113900017,0,0,0
113900018,0,0,0
113900019,0,0,0
113900020,0,0,0
113900022,0,0,0
113900023,0,0,0
113900024,0,0,0
113900025,0,0,0
113900026,0,0,0
113900027,0,0,0
113900028,0,0,0
113900029,0,0,0
113900030,0,0,0
113900031,0,0,0
113900032,0,0,0
113900033,0,0,0
113900035,0,0,0
113900036,0,0,0
113900037,0,0,0
113900038,0,0,0
113900039,0,0,0
113900040,0,0,0
113900041,0,0,0
113900042,0,0,0
113900043,0,0,0
113900044,0,0,0
113900045,0,0,0
113900046,0,0,0
113900047,0,0,0
113900048,0,0,0
113900049,0,0,0
113900050,0,0,0
113900051,0,0,0
113900052,0,0,0
113900053,0,0,0
113900054,0,0,0
113900055,0,0,0
113900056,0,0,0
113900057,0,0,0
113900058,0,0,0
113900059,0,0,0
113900060,0,0,0
113900061,0,0,0
113900062,0,0,0
113900063,0,0,0
113900064,0,0,0
113900065,0,0,0
113900066,0,0,0
113900067,0,0,0
113900068,0,0,0
113900069,0,0,0
113900070,0,0,0
113900071,0,0,0
113900072,0,0,0
113900073,0,0,0
113900074,0,0,0
113900075,0,0,0
113900076,0,0,0
113900077,0,0,0
113900078,0,0,0
113900079,0,0,0
113900080,0,0,0
113900081,0,0,0
113900082,0,0,0
113900083,0,0,0
113900084,0,0,0
113900085,0,0,0
113900086,0,0,0
113900087,0,0,0
113900088,0,0,0
113900089,0,0,0
113900090,0,0,0
113900091,0,0,0
113900092,0,0,0
113900093,0,0,0
113900094,0,0,0
113900095,0,0,0
113900096,0,0,0
113900097,0,0,0
113900098,0,0,0
113900099,0,0,0
113900100,0,0,0
113900101,0,0,0
113900102,0,0,0
113900103,0,0,0
113900104,0,0,0
113900105,0,0,0
113900106,0,0,0
113900107,0,0,0
113900108,0,0,0
113900109,0,0,0
113900110,0,0,0
113900111,0,0,0
113900112,0,0,0
113900113,0,0,0
113900114,0,0,0
113900115,0,0,0
113900116,0,0,0
113900117,0,0,0
113900118,0,0,0
113900119,0,0,0
113900120,0,0,0
113900121,0,0,0
113900122,0,0,0
113900123,0,0,0
113900124,0,0,0
113900125,0,0,0
113900126,0,0,0
113900127,0,0,0
113900128,0,0,0
113900129,0,0,0
113900130,0,0,0
113900131,0,0,0
113900132,0,0,0
113900133,0,0,0
113900135,0,0,0
113900136,0,0,0
113900137,0,0,0
113900138,0,0,0
113900139,0,0,0
113900140,0,0,0
113900141,0,0,0
113900142,0,0,0
113900143,0,0,0
113900144,0,0,0
113900145,0,0,0
113900146,0,0,0
113900148,0,0,0
113900149,0,0,0
113900150,0,0,0
113900151,0,0,0
113900152,0,0,0
113900153,0,0,0
113900154,0,0,0
113900155,0,0,0
113900156,0,0,0
113900157,0,0,0
113900158,0,0,0
113900159,0,0,0
113900160,0,0,0
113900161,0,0,0
113900162,0,0,0
113900163,0,0,0
113900164,0,0,0
113900165,0,0,0
113900166,0,0,0
113900167,0,0,0
113900168,0,0,0
113900169,0,0,0
113900171,0,0,0
113900172,0,0,0
113900173,0,0,0
113900174,0,0,0
113900175,0,0,0
113900176,0,0,0
113900177,0,0,0
113900178,0,0,0
113900179,0,0,0
113900180,0,0,0
113900181,0,0,0
113900182,0,0,0
113900183,0,0,0
113900184,0,0,0
113900185,0,0,0
113900186,0,0,0
113900187,0,0,0
113900188,0,0,0
113900189,0,0,0
113900190,0,0,0
113900191,0,0,0
113900192,0,0,0
113900193,0,0,0
113900194,0,0,0
113900195,0,0,0
113900196,0,0,0
113900197,0,0,0
113900198,0,0,0
113900199,0,0,0
113900200,0,0,0
113900201,0,0,0
113900202,0,0,0
113900203,0,0,0
113900204,0,0,0
113900205,0,0,0
113900206,0,0,0
113900207,0,0,0
113900208,0,0,0
113900209,0,0,0
113900210,0,0,0
113900211,0,0,0
113900212,0,0,0
113900214,0,0,0
113900215,0,0,0
113900216,0,0,0
113900217,0,0,0
113900218,0,0,0
113900219,0,0,0
113900220,0,0,0
113900221,0,0,0
113900222,0,0,0
113900223,0,0,0
113900224,0,0,0
113900225,0,0,0
113900226,0,0,0
113900227,0,0,0
113900228,0,0,0
113900229,0,0,0
113900230,0,0,0
113900231,0,0,0
113900232,0,0,0
113900233,0,0,0
113900234,0,0,0
113900235,0,0,0
113900236,0,0,0
113900237,0,0,0
113900238,0,0,0
113900239,0,0,0
113900240,0,0,0
113900241,0,0,0
113900242,0,0,0
113900243,0,0,0
113900244,0,0,0
113900245,0,0,0
113900246,0,0,0
113900247,0,0,0
113900248,0,0,0
113900249,0,0,0
113900250,0,0,0
113900251,0,0,0
113900252,0,0,0
113900253,0,0,0
113900254,0,0,0
113900255,0,0,0
113900256,0,0,0
113900257,0,0,0
113900258,0,0,0
113900259,0,0,0
113900260,1,1,0
113900261,0,0,0
113900262,0,0,0
113900263,0,0,0
113900264,0,0,0
113900265,0,0,0
113900266,0,0,0
113900267,0,0,0
113900268,0,0,0
113900269,0,0,0
113900270,0,0,0
113900271,0,0,0
113900273,0,0,0
113900274,0,0,0
113900275,0,0,0
113900276,0,0,0
113900277,0,0,0
113900278,0,0,0
113900279,0,0,0
113900280,0,0,0
113900281,0,0,0
113900282,0,0,0
113900283,0,0,0
113900284,0,0,0
113900285,0,0,0
113900286,0,0,0
113900287,0,0,0
113900288,0,0,0
113900289,0,0,0
113900290,0,0,0
113900291,0,0,0
113900292,0,0,0
113900293,0,0,0
113900294,0,0,0
113900295,7,10,-3
113900296,0,0,0
113900297,0,0,0
113900298,0,0,0
113900299,0,0,0
113900300,0,0,0
113900301,0,0,0
113900302,0,0,0
113900303,0,0,0
113900304,0,0,0
113900305,0,0,0
113900306,0,0,0
113900307,0,0,0
113900308,0,0,0
113900309,0,0,0
113900310,0,0,0
113900311,0,0,0
113900312,0,0,0
113900313,0,0,0
114000001,228,99,129
114000002,70,27,43
114000003,0,0,0
114000004,0,0,0
114000005,0,0,0
114000006,0,0,0
114000007,0,0,0
114000008,2,75,-73
114000009,6,41,-35
114000011,866,124,742
114000012,477,86,391
114000013,296,191,105
114000014,0,0,0
114000015,0,0,0
114000016,0,0,0
114000017,41,15,26
114000018,0,0,0
114000026,324,141,183
114000027,384,154,230
114000028,280,286,-6
114000038,0,0,0
114000039,0,0,0
114000040,6,1,5
114000042,0,0,0
114000043,0,0,0
114000044,15,8,7
114000045,0,0,0
114000046,0,0,0
114000047,0,0,0
114000048,3,8,-5
114000049,17,63,-46
114000050,12,70,-58
114000051,45,201,-156
114000052,9,123,-114
114000053,0,0,0
114000054,0,0,0
114000055,0,0,0
114000056,0,0,0
114000057,329,142,187
114000058,0,0,0
114000059,0,0,0
114000060,0,0,0
114000061,94,126,-32
114000062,44,152,-108
114000063,2,7,-5
114000064,10,1,9
114000065,24,29,-5
114000066,33,32,1
114000067,18,8,10
114000068,16,1,15
114000069,76,0,76
114000070,776,428,348
114000071,0,0,0
114000072,0,0,0
114000073,0,2,-2
114000074,0,0,0
114000075,6,1,5
114000076,27,3,24
114000077,15,0,15
114000078,3,0,3
114000079,0,0,0
114000080,1,5,-4
114000081,47,34,13
114000082,0,0,0
114000083,0,0,0
114000084,0,0,0
114000085,0,0,0
114000086,0,0,0
114000087,0,0,0
114000088,3,2,1
114000089,2,22,-20
114000090,139,120,19
114000091,52,31,21
114000092,87,28,59
114000093,66,45,21
114000094,57,18,39
114000095,13,11,2
114000096,0,0,0
114000097,0,0,0
114000098,64,18,46
114000099,0,0,0
114000100,968,8,960
114000101,0,0,0
114000102,119,16,103
114000103,0,0,0
114000104,0,0,0
114000105,0,0,0
114000106,0,0,0
114000107,0,0,0
114000108,0,0,0
114000109,449,247,202
114000110,0,0,0
114000111,551,166,385
114000112,0,0,0
114000113,405,22,383
114000114,0,0,0
114000115,647,146,501
114000116,400,108,292
114000117,1238,63,1175
114000118,628,74,554
114000119,809,70,739
114000120,90,9,81
114000121,0,0,0
114000122,186,16,170
114000123,500,46,454
114000124,78,66,12
114000125,51,166,-115
114000126,361,26,335
114000127,9,6,3
114000128,48,7,41
114000130,14,6,8
114000131,29,36,-7
114000132,0,0,0
114000133,0,0,0
114000134,0,0,0
114000138,0,0,0
114000139,9,37,-28
114000144,154,56,98
114000145,0,0,0
114000146,0,0,0
114000147,381,74,307
114000148,70,33,37
114000149,3,74,-71
114000150,0,0,0
114000151,81,121,-40
114000152,3,13,-10
114000153,0,0,0
114000154,97,8,89
114000155,340,120,220
114000156,42,33,9
114000157,38,74,-36
114000158,0,0,0
114000159,0,0,0
114000160,0,0,0
114000161,201,553,-352
114000162,931,804,127
114000163,0,0,0
114000165,4,65,-61
114000166,10,12,-2
114000167,272,87,185
114000168,0,0,0
114000169,407,404,3
114000170,603,270,333
114000171,960,162,798
114000174,0,0,0
114000176,0,0,0
114000177,0,0,0
114000178,1,7,-6
114000179,243,77,166
114000180,0,0,0
114000181,263,808,-545
114000182,230,193,37
114000183,123,98,25
114000184,39,116,-77
114000185,332,122,210
114000189,304,20,284
114000190,821,16,805
114000191,0,0,0
114000192,0,46,-46
114000193,0,0,0
114000194,265,12,253
114000195,0,0,0
114000196,0,0,0
114000197,402,0,402
114000198,0,0,0
114000199,0,0,0
114000200,20,22,-2
114000201,0,0,0
114000202,221,114,107
114000203,48,33,15
114000204,0,0,0
114000205,0,3,-3
114000206,0,0,0
114000207,6,128,-122
114000208,1,36,-35
114000209,2,96,-94
114000210,6,116,-110
114000211,709,271,438
114000212,109,283,-174
114000213,627,384,243
114000214,26,1,25
114000215,0,0,0
114000216,378,119,259
114000217,128,38,90
114000218,27,0,27
114000219,303,3,300
114000220,1,44,-43
114000221,326,17,309
114000222,6,35,-29
114000223,356,46,310
114000224,10,39,-29
114000225,13,21,-8
114000226,138,48,90
114000227,274,168,106
114000228,328,80,248
114000229,183,53,130
114000230,560,81,479
114000231,108,41,67
114000232,402,85,317
114000233,959,111,848
114000234,704,229,475
114000235,163,30,133
114000236,0,0,0
114000237,19,0,19
114000238,0,186,-186
114000239,0,0,0
114000240,156,61,95
114000241,35,62,-27
114000242,151,36,115
114000243,632,296,336
114000244,575,137,438
114000245,0,0,0
114000246,0,0,0
114000247,283,98,185
114000248,395,97,298
114000249,254,168,86
114000250,158,2,156
114000251,61,25,36
114000252,0,0,0
114000253,24,8,16
114000254,0,0,0
114000255,0,0,0
114000256,37,80,-43
114000257,0,164,-164
114000258,59,6,53
114000259,0,10,-10
114000260,0,0,0
114000261,92,19,73
114000262,0,0,0
114000263,73,0,73
114000264,0,0,0
114000265,0,0,0
114000267,4,343,-339
114000268,0,0,0
114000270,69,2,67
114000271,144,0,144
114000283,343,38,305
114000285,0,0,0
114000288,0,12,-12
114000289,0,0,0
114000293,41,5,36
114000294,0,0,0
114000395,438,4,434
114000396,115,51,64
114000402,0,0,0
114000403,31,22,9
114000405,41,15,26
114000423,165,33,132
114000424,68,33,35
114000425,208,21,187
114000426,100,42,58
114000427,0,0,0
114000428,0,0,0
114000429,0,0,0
114000432,0,0,0
114000434,0,0,0
114000435,0,0,0
114000436,3,2,1
114000437,220,140,80
114900001,0,0,0
114900002,0,0,0
114900003,0,0,0
114900004,0,0,0
114900005,0,0,0
114900006,0,0,0
114900007,0,0,0
114900008,0,0,0
114900010,0,0,0
114900011,0,0,0
114900013,0,0,0
114900015,0,0,0
114900018,0,0,0
114900020,0,0,0
114900022,0,0,0
114900024,0,0,0
114900025,0,0,0
114900026,0,0,0
114900027,0,0,0
114900029,0,0,0
114900030,0,0,0
114900031,0,0,0
114900032,0,0,0
114900033,0,0,0
114900034,0,0,0
114900035,0,0,0
114900036,0,0,0
114900037,0,0,0
114900038,0,0,0
114900039,0,0,0
114900040,0,0,0
114900041,0,0,0
114900042,0,0,0
114900043,0,0,0
114900044,0,0,0
114900046,0,0,0
114900047,0,0,0
114900048,0,0,0
114900049,0,0,0
114900050,0,0,0
114900051,0,0,0
114900052,0,0,0
114900053,0,0,0
114900054,0,0,0
114900057,0,0,0
114900058,0,0,0
114900059,0,0,0
114900060,0,0,0
114900061,0,0,0
114900062,0,0,0
114900063,0,0,0
114900064,0,0,0
114900065,0,0,0
114900067,0,0,0
114900068,0,0,0
114900069,0,0,0
114900070,0,0,0
114900072,0,0,0
114900073,0,0,0
114900074,0,0,0
114900075,0,0,0
114900076,0,0,0
114900080,0,0,0
114900082,0,0,0
114900083,0,0,0
114900090,0,0,0
114900091,0,0,0
114900095,0,0,0
114900096,0,0,0
114900097,0,0,0
114900098,0,0,0
114900099,0,0,0
115000001,185,214,-29
115000002,1723,585,1138
115000003,169,167,2
115000004,1444,1098,346
115000005,15,118,-103
115000006,677,423,254
115000007,0,0,0
115000008,129,195,-66
115000009,0,0,0
115000010,183,262,-79
115000013,0,0,0
115000015,0,0,0
115000016,0,0,0
115000019,32,139,-107
115000020,0,0,0
115000021,2,329,-327
115000022,20,56,-36
115000023,594,271,323
115000024,3,54,-51
115000025,596,159,437
115000026,0,0,0
115000027,248,92,156
115000028,1,4,-3
115000029,559,8,551
115000030,1,90,-89
115000031,813,15,798
115000032,0,0,0
115000033,90,5,85
115000034,0,0,0
115000035,641,3,638
115000036,0,0,0
115000037,305,0,305
115000038,4,54,-50
115000039,14,61,-47
115000040,267,38,229
115000041,32,72,-40
115000042,81,44,37
115000043,1005,566,439
115000044,632,124,508
115000045,211,17,194
115000046,825,340,485
115000047,1276,276,1000
115000048,172,108,64
115000049,146,376,-230
115000050,1642,407,1235
115000051,493,372,121
115000052,143,119,24
115000053,296,283,13
115000054,125,39,86
115000055,0,0,0
115000056,39,31,8
115000057,0,0,0
115000058,52,22,30
115000059,0,0,0
115000061,34,3,31
115000062,0,0,0
115000063,0,0,0
115000064,87,7,80
115000065,0,0,0
115000067,4,0,4
115000069,0,0,0
115000070,1,34,-33
115000071,35,6,29
115000072,0,0,0
115000073,373,19,354
115000075,0,0,0
115000076,670,342,328
115000077,240,179,61
115000078,182,183,-1
115000079,245,188,57
115000080,526,237,289
115000081,0,0,0
115000082,1301,646,655
115000083,0,0,0
115000084,846,231,615
115000085,0,0,0
115000086,650,86,564
115000087,0,0,0
115000088,871,237,634
115000089,0,0,0
115000090,96,100,-4
115000091,122,34,88
115000092,367,19,348
115000093,442,8,434
115000094,1869,400,1469
115000095,1235,287,948
115000096,224,46,178
115000097,308,42,266
115000098,331,22,309
115000099,924,230,694
115000100,753,144,609
115000101,5,11,-6
115000102,301,101,200
115000103,12,1,11
115000105,1,4,-3
115000106,304,59,245
115000107,2,51,-49
115000108,100,93,7
115000109,1046,1061,-15
115000110,217,159,58
115000111,6,72,-66
115000112,109,40,69
115000113,79,74,5
115000114,91,34,57
115000116,105,107,-2
115000117,121,45,76
115000118,154,280,-126
115000119,71,72,-1
115000120,18,283,-265
115000121,116,109,7
115000122,145,27,118
115000123,188,362,-174
115000124,97,36,61
115000125,74,117,-43
115000126,44,73,-29
115000127,13,0,13
115000128,22,31,-9
115000129,44,4,40
115000130,84,0,84
115000131,68,11,57
115000132,113,1,112
115000133,85,16,69
115000134,62,5,57
115000135,33,12,21
115000136,92,8,84
115000137,0,0,0
115000138,130,41,89
115000139,0,0,0
115000140,190,53,137
115000141,0,0,0
115000142,0,0,0
115000143,227,44,183
115000144,0,0,0
115000145,0,0,0
115000146,177,57,120
115000147,0,0,0
115000148,12,30,-18
115000149,1,6,-5
115000150,47,16,31
115000151,71,56,15
115000152,35,7,28
115000153,65,37,28
115000154,18,8,10
115000155,24,18,6
115000156,2,69,-67
115000157,5,10,-5
115000158,24,34,-10
115000159,0,0,0
115000160,3,0,3
115000161,197,166,31
115000162,335,101,234
115000163,0,0,0
115000164,0,0,0
115000165,104,111,-7
115000167,62,0,62
115000168,128,66,62
115000169,0,0,0
115000170,0,0,0
115000171,42,126,-84
115000172,0,0,0
115000173,3,18,-15
115000174,27,24,3
115000175,0,0,0
115000176,3,4,-1
115000177,0,0,0
115000178,0,0,0
115000179,12,1,11
115000180,0,0,0
115000181,164,9,155
115000182,270,16,254
115000183,0,0,0
115000186,107,3,104
115000187,37,39,-2
115000188,245,34,211
115000189,20,68,-48
115000190,508,17,491
115000191,5,70,-65
115000194,0,0,0
115000195,14,4,10
115000196,1,1,0
115000197,0,0,0
115000198,49,0,49
115000199,0,0,0
115000200,4,2,2
115000201,0,0,0
115000206,265,1,264
115000207,0,0,0
115000208,19,68,-49
115000209,490,3,487
115000210,63,82,-19
115000211,5,22,-17
115000212,26,1,25
115000224,0,0,0
115000225,0,0,0
115000229,1,0,1
115000230,3,1,2
115000231,99,8,91
115000232,414,1,413
115000233,0,0,0
115000234,0,0,0
115000241,0,0,0
115000242,0,0,0
115000243,0,0,0
115000244,0,0,0
115000246,0,0,0
115000247,0,0,0
115000248,0,0,0
115000249,0,0,0
115000250,0,0,0
115000251,0,0,0
115000252,0,0,0
115000253,0,0,0
115000258,0,0,0
115000259,0,0,0
115000261,0,0,0
115000262,0,0,0
115000263,0,0,0
115000264,0,0,0
115000267,0,0,0
115000268,0,0,0
115000269,0,0,0
115000270,0,0,0
115000272,1,0,1
115000273,0,0,0
115000280,20,514,-494
115000281,0,0,0
115000282,192,540,-348
115000284,0,0,0
115000296,356,5,351
115000297,6,320,-314
115000298,0,0,0
115000300,0,0,0
115000302,84,3,81
115000303,140,1,139
115000304,98,19,79
115000305,0,0,0
115000306,0,0,0
115000307,0,0,0
115000308,0,0,0
115000309,0,0,0
115000310,0,0,0
115000311,394,116,278
115000313,0,0,0
115000314,17,17,0
115000315,14,45,-31
115000316,0,0,0
115000317,104,19,85
115000318,474,3,471
115000319,0,34,-34
115000320,3,69,-66
115000321,64,1,63
115000322,0,32,-32
115000449,0,0,0
115000557,0,0,0
115000558,117,3,114
115000587,15,4,11
115000588,111,198,-87
115000589,2093,1207,886
115000590,51,76,-25
115000591,591,478,113
115000592,30,108,-78
115000593,714,250,464
115000594,117,144,-27
115000609,3,13,-10
115000617,257,120,137
115000624,0,0,0
115000633,252,170,82
115000634,1446,175,1271
115000635,386,63,323
115000638,0,0,0
115000641,0,0,0
115000642,197,8,189
115000643,1,25,-24
115000644,1,24,-23
115000646,124,90,34
115000647,90,27,63
115000648,303,28,275
115000893,1534,456,1078
115000894,0,177,-177
115000895,17,165,-148
115000896,924,198,726
115000897,55,33,22
115000898,112,66,46
115000899,2,32,-30
115000900,2,44,-42
115000901,0,12,-12
115000912,66,13,53
115000913,0,0,0
115000915,0,0,0
115000916,9,0,9
115000917,0,0,0
115000918,0,0,0
115000919,0,0,0
115000920,0,0,0
115000921,0,0,0
115000922,67,301,-234
115000923,10,68,-58
115000925,0,0,0
115000927,0,0,0
115000933,1,12,-11
115000934,0,0,0
115000935,0,0,0
115000936,0,0,0
115000937,3,15,-12
115000938,0,3,-3
115000939,0,4,-4
115900001,0,0,0
115900002,0,0,0
115900003,0,0,0
115900004,0,0,0
115900005,0,0,0
115900006,0,0,0
115900008,0,0,0
115900009,0,0,0
115900010,0,0,0
115900011,0,0,0
115900012,0,0,0
115900013,0,0,0
115900014,0,0,0
115900015,0,0,0
115900016,0,0,0
115900017,0,0,0
115900018,0,0,0
115900019,0,0,0
115900020,0,0,0
115900021,0,0,0
115900022,0,0,0
115900023,0,0,0
115900025,0,0,0
115900026,0,0,0
115900027,0,0,0
115900028,0,0,0
115900029,0,0,0
115900030,0,0,0
115900031,0,0,0
115900032,0,0,0
115900033,0,0,0
115900034,0,0,0
115900035,0,0,0
115900036,0,0,0
115900037,0,0,0
115900038,0,0,0
115900039,0,0,0
115900041,0,0,0
115900042,0,0,0
115900043,0,0,0
115900044,0,0,0
115900046,0,0,0
115900047,0,0,0
115900049,0,0,0
115900051,0,0,0
115900052,0,0,0
115900053,0,0,0
115900054,0,0,0
115900055,0,0,0
115900056,0,0,0
115900057,0,0,0
115900058,0,0,0
115900060,0,0,0
115900061,0,0,0
115900062,0,0,0
115900063,0,0,0
115900064,0,0,0
115900065,0,0,0
115900066,0,0,0
115900067,0,0,0
115900068,0,0,0
115900069,0,0,0
115900070,0,0,0
115900071,0,0,0
115900072,0,0,0
115900073,0,0,0
115900074,0,0,0
115900075,0,0,0
115900076,0,0,0
115900077,0,0,0
115900078,0,0,0
115900079,0,0,0
115900080,0,0,0
115900081,0,0,0
115900082,0,0,0
115900084,0,0,0
115900085,0,0,0
115900086,0,0,0
115900088,0,0,0
115900089,0,0,0
115900090,0,0,0
115900091,0,0,0
115900092,0,0,0
115900093,0,0,0
115900094,0,0,0
115900096,0,0,0
115900097,0,0,0
115900098,0,0,0
115900099,0,0,0
115900100,0,0,0
115900101,0,0,0
115900102,0,0,0
115900103,0,0,0
115900104,0,0,0
115900105,0,0,0
115900106,0,0,0
115900107,0,0,0
115900108,0,0,0
115900109,0,0,0
115900110,0,0,0
115900111,0,0,0
115900112,0,0,0
115900113,0,0,0
115900114,0,0,0
115900115,0,0,0
115900116,0,0,0
115900117,0,0,0
115900118,0,0,0
115900119,0,0,0
115900120,0,0,0
115900121,0,0,0
115900124,0,0,0
115900125,0,0,0
115900126,0,0,0
115900127,0,0,0
115900128,0,0,0
115900129,0,0,0
115900130,0,0,0
115900131,0,0,0
115900132,0,0,0
115900134,0,0,0
115900135,0,0,0
115900137,0,0,0
115900139,0,0,0
115900140,0,0,0
115900141,0,0,0
115900142,0,0,0
115900143,0,0,0
115900144,0,0,0
115900146,0,0,0
115900147,0,0,0
115900148,0,0,0
115900149,0,0,0
115900150,0,0,0
115900151,0,0,0
115900152,0,0,0
115900153,0,0,0
115900154,0,0,0
115900155,0,0,0
115900156,0,0,0
115900157,0,0,0
115900158,0,0,0
115900159,0,0,0
115900160,0,0,0
115900161,0,0,0
115900163,0,0,0
115900164,0,0,0
115900165,0,0,0
115900166,0,0,0
115900168,0,0,0
115900171,0,0,0
115900172,0,0,0
115900173,0,0,0
115900174,0,0,0
115900175,0,0,0
115900178,0,0,0
115900179,0,0,0
115900180,0,0,0
115900181,0,0,0
115900182,0,0,0
115900183,0,0,0
115900184,0,0,0
115900187,0,0,0
115900189,0,0,0
115900190,0,0,0
115900191,0,0,0
115900192,0,0,0
115900193,0,0,0
115900194,0,0,0
115900195,0,0,0
115900198,0,0,0
115900199,0,0,0
115900200,0,0,0
115900201,3,0,3
115900202,0,0,0
115900203,0,0,0
115900204,0,0,0
115900205,0,0,0
115900206,0,0,0
115900207,0,0,0
115900208,0,0,0
115900209,0,0,0
115900210,0,0,0
115900211,0,0,0
115900212,0,0,0
115900213,0,0,0
115900214,0,0,0
115900215,0,0,0
115900216,0,0,0
115900217,0,0,0
115900218,0,0,0
115900219,0,0,0
115900220,0,0,0
115900221,0,0,0
115900222,0,0,0
115900223,0,0,0
115900224,0,0,0
115900225,0,0,0
115900226,0,0,0
115900227,0,0,0
115900228,0,0,0
115900229,0,0,0
115900230,0,0,0
115900231,0,0,0
115900232,0,0,0
115900233,0,0,0
115900234,0,0,0
115900235,0,0,0
115900236,0,0,0
115900237,0,0,0
115900238,0,0,0
115900239,0,0,0
115900240,0,0,0
115900241,0,0,0
115900242,1,0,1
115900243,0,0,0
115900244,0,0,0
115900245,0,0,0
115900246,0,0,0
115900247,0,0,0
115900248,0,0,0
115900249,0,0,0
115900250,0,0,0
115900251,0,0,0
115900252,0,0,0
115900253,0,0,0
115900254,0,0,0
115900255,0,0,0
115900256,0,0,0
115900257,0,0,0
115900258,0,0,0
115900259,0,0,0
115900260,0,0,0
115900261,0,0,0
115900262,0,0,0
115900263,0,0,0
115900264,0,0,0
115900265,0,0,0
115900266,0,0,0
115900267,0,0,0
115900268,0,0,0
115900269,0,0,0
115900270,0,0,0
115900271,0,0,0
115900272,0,0,0
115900273,0,0,0
115900274,0,0,0
115900275,0,0,0
115900276,0,0,0
115900277,0,0,0
115900278,0,0,0
115900279,0,0,0
115900280,0,0,0
115900281,0,0,0
115900282,0,0,0
116000001,182,322,-140
116000002,1635,2742,-1107
116000003,66,160,-94
116000004,622,2158,-1536
116000005,36,169,-133
116000006,241,734,-493
116000007,171,233,-62
116000008,897,500,397
116000009,16,174,-158
116000010,671,663,8
116000011,75,271,-196
116000012,1111,446,665
116000013,169,518,-349
116000014,0,0,0
116000015,11,14,-3
116000016,882,47,835
116000017,56,17,39
116000018,149,8,141
116000019,79,5,74
116000020,460,54,406
116000021,339,2,337
116000022,136,42,94
116000023,0,3,-3
116000024,302,26,276
116000025,10,11,-1
116000026,606,56,550
116000027,271,112,159
116000028,706,661,45
116000029,0,0,0
116000030,478,455,23
116000031,0,0,0
116000032,210,4,206
116000033,424,257,167
116000034,1452,1586,-134
116000035,558,43,515
116000036,0,0,0
116000037,4,37,-33
116000038,16,106,-90
116000039,0,0,0
116000040,90,130,-40
116000041,0,0,0
116000042,322,249,73
116000043,0,0,0
116000044,0,0,0
116000045,2450,2278,172
116000046,195,96,99
116000047,204,28,176
116000048,2191,834,1357
116000049,1326,565,761
116000050,625,258,367
116000051,1917,459,1458
116000052,916,238,678
116000053,758,429,329
116000054,0,0,0
116000055,0,0,0
116000056,368,899,-531
116000057,0,0,0
116000058,34,93,-59
116000059,504,2194,-1690
116000060,99,91,8
116000061,120,337,-217
116000062,13,27,-14
116000063,150,464,-314
116000066,47,432,-385
116000067,0,0,0
116000068,45,122,-77
116000069,0,0,0
116000078,186,463,-277
116000080,0,0,0
116000082,0,0,0
116000083,409,204,205
116000084,28,464,-436
116000085,490,131,359
116000086,8,113,-105
116000087,1058,257,801
116000088,67,70,-3
116000089,0,0,0
116000090,0,0,0
116000091,0,0,0
116000093,379,156,223
116000094,2,48,-46
116000095,408,51,357
116000096,72,129,-57
116000097,733,10,723
116000098,5,331,-326
116000099,695,10,685
116000100,3,0,3
116000101,26,4,22
116000102,104,20,84
116000103,74,54,20
116000104,19,17,2
116000105,110,6,104
116000106,72,13,59
116000107,172,5,167
116000108,2,6,-4
116000111,15,2,13
116000113,36,12,24
116000114,0,0,0
116000115,168,28,140
116000116,0,0,0
116000117,341,405,-64
116000118,0,0,0
116000119,1358,448,910
116000120,0,0,0
116000121,219,270,-51
116000122,0,0,0
116000123,1061,108,953
116000124,0,0,0
116000125,1022,102,920
116000126,0,0,0
116000127,0,0,0
116000128,948,88,860
116000129,0,0,0
116000130,0,0,0
116000133,444,5,439
116000134,192,18,174
116000135,717,193,524
116000136,128,91,37
116000137,369,134,235
116000138,0,0,0
116000139,736,1075,-339
116000140,4,7,-3
116000141,47,2,45
116000142,358,742,-384
116000143,525,254,271
116000144,228,265,-37
116000145,1493,369,1124
116000146,211,14,197
116000147,217,269,-52
116000148,0,20,-20
116000149,0,0,0
116000151,76,93,-17
116000153,184,755,-571
116000155,217,551,-334
116000156,18,74,-56
116000157,46,0,46
116000158,584,68,516
116000159,23,4,19
116000160,0,0,0
116000161,0,0,0
116000162,0,0,0
116000163,0,0,0
116000164,0,0,0
116000177,7,3,4
116000194,0,0,0
116000195,910,167,743
116000196,0,0,0
116000197,0,0,0
116000198,659,514,145
116000200,0,28,-28
116000201,0,0,0
116000202,0,0,0
116000203,0,0,0
116000204,0,0,0
116000205,0,0,0
116000206,0,0,0
116000207,0,0,0
116000233,0,0,0
116000287,0,0,0
116000288,191,88,103
116000292,0,0,0
116000296,0,0,0
116000297,0,0,0
116000304,0,0,0
116000305,0,0,0
116000346,0,0,0
116000352,0,0,0
116000354,0,0,0
116000357,0,0,0
116000358,0,0,0
116000361,0,0,0
116000372,0,0,0
116000381,0,0,0
116000388,0,0,0
116000389,94,34,60
116000445,0,0,0
116000446,454,38,416
116000447,0,0,0
116000448,609,140,469
116000563,120,1080,-960
116000565,0,0,0
116000568,0,0,0
116000579,0,0,0
116000584,0,0,0
116000585,0,0,0
116000586,0,0,0
116000587,738,6,732
116000589,0,0,0
116000590,2,1,1
116000591,166,24,142
116000592,0,0,0
116000593,0,0,0
116000594,0,0,0
116000595,0,0,0
116000596,0,0,0
116000597,148,1,147
116000598,0,0,0
116000602,0,0,0
116000605,0,0,0
116000606,59,15,44
116000607,0,0,0
116000609,0,0,0
116000611,0,0,0
116000612,1215,478,737
116000613,553,137,416
116000614,0,0,0
116000615,0,0,0
116000616,0,0,0
116000617,0,0,0
116000618,0,0,0
116000619,0,1,-1
116000620,611,49,562
116000621,50,70,-20
116000622,120,50,70
116000624,0,3,-3
116000627,0,0,0
116000628,0,0,0
116000629,0,0,0
116000630,38,2,36
116000631,2,3,-1
116000632,0,0,0
116000633,0,0,0
116000634,0,0,0
116000635,1529,1372,157
116000636,29,334,-305
116000637,0,0,0
116000638,0,0,0
116900001,0,0,0
116900002,0,0,0
116900003,0,0,0
116900004,0,0,0
116900005,0,0,0
116900006,0,0,0
116900007,0,0,0
116900008,0,0,0
116900009,0,0,0
116900010,0,0,0
116900011,0,0,0
116900012,0,0,0
116900013,0,0,0
116900014,0,0,0
116900015,0,0,0
116900016,0,0,0
116900017,0,0,0
116900018,0,0,0
116900019,0,0,0
116900020,0,0,0
116900023,0,0,0
116900024,0,0,0
116900025,0,0,0
116900026,0,0,0
116900027,0,0,0
116900028,0,0,0
116900029,0,0,0
116900031,0,0,0
116900032,0,0,0
116900033,0,0,0
116900034,0,0,0
116900035,0,0,0
116900036,0,0,0
116900038,0,0,0
116900041,0,0,0
116900042,0,0,0
116900043,0,0,0
116900045,0,0,0
116900047,0,0,0
116900049,0,0,0
116900050,0,0,0
116900051,0,0,0
116900052,0,0,0
116900055,0,0,0
116900057,0,0,0
116900058,0,0,0
116900059,0,0,0
116900060,0,0,0
116900062,0,0,0
116900064,0,0,0
116900065,0,0,0
116900067,0,0,0
116900068,0,0,0
116900070,0,0,0
116900072,0,0,0
116900073,0,0,0
116900074,0,0,0
116900076,0,0,0
116900077,0,0,0
116900078,0,0,0
116900079,0,0,0
116900080,0,0,0
116900081,0,0,0
116900082,0,0,0
116900083,0,0,0
116900084,0,0,0
116900085,0,0,0
116900086,0,0,0
116900088,0,0,0
116900090,0,0,0
116900091,0,0,0
116900092,0,0,0
116900093,0,0,0
116900094,0,0,0
116900095,0,0,0
116900096,0,0,0
116900097,0,0,0
116900098,0,0,0
116900099,0,0,0
116900100,0,0,0
116900101,0,0,0
116900103,0,0,0
116900104,0,0,0
116900105,0,0,0
116900106,0,0,0
116900107,0,0,0
116900110,0,0,0
116900111,300,21,279
116900112,103,5,98
116900113,63,48,15
116900116,0,0,0
116900117,0,0,0
116900118,0,0,0
116900120,0,0,0
116900121,0,0,0
116900122,0,0,0
116900123,0,0,0
116900124,0,0,0
116900125,0,0,0
116900126,0,0,0
116900128,0,0,0
116900129,0,0,0
116900130,0,0,0
116900131,0,0,0
116900132,0,0,0
116900133,0,0,0
116900134,0,0,0
116900136,0,0,0
116900137,0,0,0
116900138,0,0,0
116900139,0,0,0
116900140,0,0,0
116900141,0,0,0
116900142,0,0,0
116900143,0,0,0
116900144,0,0,0
116900145,0,0,0
116900147,0,0,0
116900148,0,0,0
116900149,0,0,0
116900150,0,0,0
116900151,0,0,0
116900153,0,0,0
116900154,0,0,0
116900155,0,0,0
116900157,0,0,0
116900158,0,0,0
116900159,0,0,0
116900160,0,0,0
116900161,0,0,0
116900162,0,0,0
116900163,0,0,0
116900164,0,0,0
116900165,0,0,0
116900166,0,0,0
116900167,0,0,0
116900168,0,0,0
116900169,0,0,0
116900170,0,0,0
116900171,0,0,0
116900172,0,0,0
116900173,0,0,0
116900174,0,0,0
116900175,0,0,0
116900178,0,0,0
116900179,0,0,0
116900180,0,0,0
116900182,0,0,0
116900183,0,0,0
116900185,0,0,0
116900186,0,0,0
116900187,0,0,0
116900188,0,0,0
116900189,0,0,0
116900191,0,0,0
116900192,0,0,0
116900194,0,0,0
116900195,0,0,0
116900196,0,0,0
116900197,0,0,0
116900198,0,0,0
116900200,0,0,0
116900201,0,0,0
116900202,0,0,0
116900203,0,0,0
116900204,0,0,0
116900206,0,0,0
116900207,0,0,0
116900208,0,0,0
116900209,0,0,0
116900210,0,0,0
116900211,0,0,0
116900212,0,0,0
116900213,0,0,0
116900214,0,0,0
116900215,0,0,0
116900216,0,0,0
116900218,0,0,0
116900219,0,0,0
116900220,0,0,0
116900221,0,0,0
116900222,243,111,132
116900223,0,0,0
116900226,0,0,0
116900227,0,0,0
116900228,0,0,0
116900230,0,0,0
116900231,0,0,0
116900232,0,0,0
116900233,0,0,0
116900234,0,0,0
116900235,0,0,0
116900238,0,0,0
116900239,0,0,0
116900240,0,0,0
116900241,0,0,0
116900242,0,0,0
116900243,0,0,0
116900245,0,0,0
116900246,0,0,0
116900247,0,0,0
116900248,0,0,0
116900249,0,0,0
116900250,0,0,0
116900251,0,0,0
116900252,123,1,122
116900253,0,0,0
116900254,0,0,0
116900255,0,0,0
116900256,0,0,0
116900257,0,0,0
116900258,0,0,0
116900259,0,0,0
116900260,0,0,0
116900261,0,0,0
116900262,0,0,0
116900263,0,0,0
116900264,0,0,0
116900265,0,0,0
116900266,0,0,0
116900267,0,0,0
116900268,0,0,0
116900269,277,117,160
116900271,0,0,0
116900272,0,0,0
116900273,0,0,0
116900274,0,0,0
116900275,0,0,0
116900276,93,1,92
116900277,0,0,0
116900278,0,0,0
116900279,0,0,0
116900280,0,0,0
116900281,0,0,0
116900282,0,0,0
116900283,0,0,0
116900284,0,0,0
116900285,0,0,0
116900286,0,0,0
116900287,0,0,0
116900288,0,0,0
116900289,0,0,0
116900290,0,0,0
116900291,0,0,0
116900292,0,0,0
116900293,0,0,0
116900294,0,0,0
116900295,0,0,0
116900296,0,0,0
116900297,0,0,0
116900298,0,0,0
116900299,0,0,0
116900300,0,0,0
116900301,0,0,0
116900302,0,0,0
116900303,0,0,0
116900304,0,0,0
116900305,0,0,0
116900306,10,4,6
117000001,1427,695,732
117000002,4,31,-27
117000003,2665,1204,1461
117000004,323,272,51
117000005,1847,794,1053
117000006,149,220,-71
117000007,3347,874,2473
117000008,124,188,-64
117000009,2205,451,1754
117000010,207,193,14
117000011,1232,383,849
117000012,201,81,120
117000013,1154,153,1001
117000014,17,308,-291
117000015,765,318,447
117000016,122,23,99
117000017,58,26,32
117000018,2,30,-28
117000019,7,16,-9
117000020,39,57,-18
117000021,19,28,-9
117000022,68,22,46
117000023,36,42,-6
117000024,0,0,0
117000025,0,0,0
117000026,839,1088,-249
117000027,0,0,0
117000028,359,190,169
117000030,250,41,209
117000031,285,189,96
117000032,431,429,2
117000033,647,571,76
117000034,178,116,62
117000035,411,54,357
117000036,118,166,-48
117000037,579,27,552
117000038,205,157,48
117000039,539,68,471
117000040,0,0,0
117000041,595,23,572
117000044,0,0,0
117000045,24,35,-11
117000046,0,0,0
117000047,850,356,494
117000048,0,0,0
117000049,3,98,-95
117000050,18,3,15
117000051,695,232,463
117000052,0,0,0
117000053,0,0,0
117000054,1414,105,1309
117000055,1,28,-27
117000056,444,60,384
117000057,0,23,-23
117000060,0,0,0
117000061,636,441,195
117000062,0,0,0
117000063,305,166,139
117000064,0,0,0
117000066,15,20,-5
117000067,26,75,-49
117000074,3,43,-40
117000076,6,2,4
117000077,91,56,35
117000078,0,0,0
117000079,62,13,49
117000080,0,0,0
117000081,203,5,198
117000082,0,0,0
117000083,69,4,65
117000084,56,0,56
117000085,42,37,5
117000086,296,269,27
117000087,23,81,-58
117000088,304,101,203
117000089,1470,266,1204
117000090,10,69,-59
117000091,783,127,656
117000092,1,29,-28
117000093,1349,235,1114
117000094,63,65,-2
117000095,2557,187,2370
117000096,19,62,-43
117000097,1679,202,1477
117000098,32,51,-19
117000099,1941,317,1624
117000100,0,0,0
117000101,0,0,0
117000102,1124,381,743
117000103,50,57,-7
117000104,873,270,603
117000105,28,69,-41
117000106,1141,319,822
117000107,59,20,39
117000108,1081,702,379
117000109,215,31,184
117000110,1290,1007,283
117000111,2632,1851,781
117000112,838,533,305
117000113,0,0,0
117000114,3,3,0
117000115,0,0,0
117000116,0,0,0
117000117,139,121,18
117000118,20,20,0
117000119,3,61,-58
117000120,0,82,-82
117000121,0,86,-86
117000122,6,142,-136
117000123,133,58,75
117000124,7,0,7
117000125,0,0,0
117000126,1,0,1
117000127,7,0,7
117000128,1,0,1
117000129,125,95,30
117000130,32,0,32
117000131,0,0,0
117000132,1855,91,1764
117000133,0,0,0
117000134,0,0,0
117000135,0,0,0
117000136,0,0,0
117000137,0,0,0
117000138,6,0,6
117000140,35,48,-13
117000141,1061,226,835
117000181,0,0,0
117000182,0,0,0
117000195,0,0,0
117000196,0,0,0
117000225,0,0,0
117000226,0,0,0
117000276,0,0,0
117000277,0,0,0
117000310,0,463,-463
117000315,0,0,0
117000320,52,0,52
117000906,85,8,77
117000907,0,0,0
117000908,0,0,0
117000909,11,10,1
117000910,0,0,0
117000911,1,76,-75
117000915,0,0,0
117000916,31,9,22
117000917,368,41,327
117000918,48,36,12
117000919,0,0,0
117000920,2,28,-26
117000921,0,0,0
117000922,10,19,-9
117000924,66,277,-211
117000926,74,2,72
117000927,149,664,-515
117000928,0,0,0
117000929,0,0,0
117000930,0,0,0
117000931,0,0,0
117900002,0,0,0
117900003,0,0,0
117900005,0,0,0
117900006,0,0,0
117900007,0,0,0
117900008,0,0,0
117900010,0,0,0
117900011,0,0,0
117900012,0,0,0
117900013,0,0,0
117900014,0,0,0
117900015,0,0,0
117900016,0,0,0
117900017,0,0,0
117900018,0,0,0
117900019,0,0,0
117900020,0,0,0
117900021,0,0,0
117900022,0,0,0
117900023,0,0,0
117900024,0,0,0
117900025,0,0,0
117900026,0,0,0
117900028,0,0,0
117900029,0,0,0
117900030,0,0,0
117900031,0,0,0
117900032,0,0,0
117900033,0,0,0
117900034,0,0,0
117900035,0,0,0
117900036,0,0,0
117900037,0,0,0
117900038,0,0,0
117900039,0,0,0
117900040,0,0,0
117900041,0,0,0
117900042,0,0,0
117900043,0,0,0
117900044,0,0,0
117900045,0,0,0
117900048,0,0,0
117900049,0,0,0
117900050,0,0,0
117900051,0,0,0
117900052,0,0,0
117900053,0,0,0
117900054,0,0,0
117900055,0,0,0
117900056,0,0,0
117900057,0,0,0
117900058,0,0,0
117900059,0,0,0
117900060,0,0,0
117900061,0,0,0
117900063,0,0,0
117900065,0,0,0
117900066,0,0,0
117900067,0,0,0
117900069,0,0,0
117900070,0,0,0
117900071,0,0,0
117900073,0,0,0
117900074,0,0,0
117900075,0,0,0
117900076,0,0,0
117900077,0,0,0
117900078,0,0,0
117900080,0,0,0
117900081,0,0,0
117900082,0,0,0
117900083,0,0,0
117900086,0,0,0
117900087,0,0,0
117900088,0,0,0
117900089,0,0,0
117900090,0,0,0
117900091,0,0,0
117900092,0,0,0
117900093,0,0,0
117900094,0,0,0
117900095,0,0,0
117900096,0,0,0
117900097,0,0,0
117900098,0,0,0
117900099,0,0,0
117900100,0,0,0
117900101,0,0,0
117900102,0,0,0
117900103,0,0,0
117900104,0,0,0
117900105,0,0,0
117900106,0,0,0
117900107,0,0,0
117900109,0,0,0
117900110,0,0,0
117900111,12,5,7
117900112,0,0,0
117900113,0,0,0
117900114,0,0,0
117900115,0,0,0
117900116,0,0,0
117900117,0,0,0
117900118,4,0,4
117900119,0,0,0
117900120,0,0,0
117900121,3,1,2
117900122,0,0,0
117900123,0,0,0
117900124,0,0,0
117900125,0,0,0
117900126,0,0,0
117900127,0,0,0
117900128,0,0,0
117900129,0,0,0
117900130,0,0,0
117900131,0,0,0
117900132,0,0,0
117900133,0,0,0
117900134,0,0,0
117900135,0,0,0
117900136,0,0,0
117900137,0,0,0
117900138,0,0,0
117900139,0,0,0
117900140,0,0,0
117900141,0,0,0
117900142,0,0,0
117900144,0,0,0
117900145,0,0,0
117900146,0,0,0
117900147,0,0,0
117900148,0,0,0
117900149,0,0,0
117900150,0,0,0
117900151,0,0,0
117900152,0,0,0
117900153,0,0,0
117900154,0,0,0
117900156,0,0,0
117900157,0,0,0
117900158,0,0,0
117900160,0,0,0
117900161,0,0,0
117900162,0,0,0
117900163,0,0,0
117900165,0,0,0
117900166,0,0,0
117900168,0,0,0
117900169,0,0,0
117900170,0,0,0
117900171,0,0,0
117900172,0,0,0
117900173,0,0,0
117900174,0,0,0
117900175,0,0,0
117900176,0,0,0
117900177,0,0,0
117900178,0,0,0
117900180,0,0,0
117900181,0,0,0
117900182,0,0,0
117900183,0,0,0
117900184,0,0,0
117900185,0,0,0
117900186,0,0,0
117900187,0,0,0
117900188,0,0,0
117900189,0,0,0
117900190,0,0,0
117900191,0,0,0
117900192,0,0,0
117900193,0,0,0
117900194,0,0,0
117900195,0,0,0
117900196,0,0,0
117900207,0,0,0
117900208,0,0,0
117900209,0,0,0
117900210,0,0,0
117900211,0,0,0
117900212,0,0,0
117900213,0,0,0
117900214,0,0,0
117900215,0,0,0
117900216,0,0,0
117900217,0,0,0
117900218,0,0,0
117900219,0,0,0
117900220,0,0,0
117900222,0,0,0
117900223,0,0,0
118000001,248,874,-626
118000002,10,144,-134
118000003,1039,2132,-1093
118000004,43,99,-56
118000005,2112,2054,58
118000006,213,251,-38
118000007,144,739,-595
118000008,256,654,-398
118000009,35,343,-308
118000010,83,334,-251
118000011,0,0,0
118000012,0,0,0
118000013,0,0,0
118000014,0,0,0
118000016,0,0,0
118000017,80,95,-15
118000018,0,0,0
118000019,4,2,2
118000020,2,98,-96
118000021,3,152,-149
118000022,86,38,48
118000023,323,202,121
118000024,237,273,-36
118000027,335,510,-175
118000029,51,559,-508
118000032,262,883,-621
118000033,948,1620,-672
118000034,112,447,-335
118000035,64,353,-289
118000036,62,197,-135
118000037,1,1,0
118000038,30,153,-123
118000039,0,0,0
118000040,267,341,-74
118000041,0,0,0
118000045,3,72,-69
118000046,2,209,-207
118000047,0,0,0
118000048,42,120,-78
118000051,40,312,-272
118000052,28,96,-68
118000053,16,68,-52
118000054,132,137,-5
118000055,3,67,-64
118000056,0,3,-3
118000057,6,6,0
118000058,0,2,-2
118000059,5,64,-59
118000060,22,6,16
118000061,26,107,-81
118000062,0,0,0
118000063,0,23,-23
118000064,11,184,-173
118000065,193,63,130
118000066,3,267,-264
118000067,5,34,-29
118000068,25,225,-200
118000069,3,27,-24
118000070,33,65,-32
118000071,72,174,-102
118000072,232,536,-304
118000073,24,99,-75
118000074,3,32,-29
118000075,5,57,-52
118000076,774,2333,-1559
118000077,0,0,0
118000078,961,1215,-254
118000079,1,80,-79
118000080,0,0,0
118000081,349,624,-275
118000082,0,0,0
118000083,0,0,0
118000084,0,0,0
118000086,0,0,0
118000087,112,160,-48
118000088,208,494,-286
118000089,491,259,232
118000090,9,160,-151
118000091,62,209,-147
118000092,0,0,0
118000093,0,0,0
118000096,0,0,0
118000097,0,0,0
118000098,0,0,0
118000099,0,0,0
118000101,481,243,238
118000102,95,48,47
118000107,43,0,43
118000108,36,17,19
118000110,0,0,0
118000111,0,0,0
118000112,187,0,187
118000113,0,0,0
118000114,103,1,102
118000115,11,0,11
118000116,0,0,0
118000117,31,0,31
118000118,296,374,-78
118000119,342,346,-4
118000120,63,7,56
118000121,0,0,0
118000122,0,0,0
118000123,0,0,0
118000125,0,0,0
118000126,1,19,-18
118000127,170,361,-191
118000128,0,0,0
118000129,135,81,54
118000130,7,53,-46
118000131,31,93,-62
118000132,111,257,-146
118000133,124,100,24
118000135,182,234,-52
118000136,0,16,-16
118000137,0,0,0
118000138,0,0,0
118000139,0,0,0
118000140,27,78,-51
118000141,1328,1134,194
118000142,102,79,23
118000143,539,607,-68
118000144,88,145,-57
118000145,279,131,148
118000146,332,46,286
118000147,473,62,411
118000148,38,100,-62
118000149,0,0,0
118000150,487,130,357
118000151,70,36,34
118000153,657,700,-43
118000154,435,393,42
118000155,484,683,-199
118000156,304,138,166
118000157,276,113,163
118000158,0,0,0
118000159,56,184,-128
118000160,680,326,354
118000161,0,0,0
118000162,259,97,162
118000163,222,163,59
118000164,857,253,604
118000168,0,0,0
118000169,0,0,0
118000170,46,36,10
118000171,20,21,-1
118000172,0,7,-7
118000173,152,101,51
118000175,257,750,-493
118000176,226,608,-382
118000177,207,353,-146
118000178,0,0,0
118000179,960,811,149
118000180,750,476,274
118000181,52,38,14
118000182,87,91,-4
118000183,48,90,-42
118000184,875,293,582
118000185,0,0,0
118000186,0,0,0
118000187,0,0,0
118000188,0,0,0
118000189,0,0,0
118000190,0,0,0
118000191,0,0,0
118000192,0,27,-27
118000193,0,0,0
118000194,809,1062,-253
118000195,9,30,-21
118000196,0,0,0
118000197,2,26,-24
118000198,1,52,-51
118000199,142,178,-36
118000200,0,0,0
118000201,0,0,0
118000202,0,0,0
118000203,0,0,0
118000204,4,22,-18
118000205,52,33,19
118000206,114,19,95
118000207,0,0,0
118000208,322,500,-178
118000209,329,64,265
118000210,57,10,47
118000211,20,5,15
118000213,5,139,-134
118000214,62,9,53
118000215,0,0,0
118000216,0,0,0
118000217,0,0,0
118000218,0,0,0
118000219,0,0,0
118000220,6,7,-1
118000221,0,0,0
118000222,0,0,0
118000223,17,8,9
118000224,0,0,0
118000225,0,0,0
118000226,30,0,30
118000227,34,75,-41
118000228,2,28,-26
118000229,0,0,0
118000230,0,0,0
118000231,0,0,0
118000232,0,0,0
118000233,167,22,145
118000234,0,0,0
118000236,0,0,0
118000237,0,0,0
118000238,0,0,0
118000239,173,56,117
118000240,0,0,0
118000241,0,0,0
118000242,0,0,0
118000243,0,0,0
118000244,0,0,0
118000246,0,0,0
118000255,0,0,0
118000256,0,0,0
118000259,0,0,0
118000260,0,0,0
118000261,0,0,0
118000263,0,0,0
118000266,0,0,0
118000267,0,0,0
118000268,35,4,31
118000270,0,0,0
118000271,0,0,0
118000272,0,0,0
118000273,0,0,0
118000274,0,0,0
118000276,0,0,0
118000295,0,0,0
118000298,0,0,0
118000299,0,0,0
118000301,0,0,0
118000302,0,0,0
118000311,0,0,0
118000312,0,0,0
118000313,0,0,0
118000314,0,0,0
118000315,0,0,0
118000316,0,0,0
118000325,0,0,0
118000326,0,0,0
118000331,0,0,0
118000332,0,0,0
118000333,0,0,0
118000335,75,0,75
118000336,0,0,0
118000407,0,0,0
118000457,0,0,0
118000465,51,128,-77
118000480,0,0,0
118000489,6,97,-91
118000490,0,0,0
118000492,151,40,111
118000510,0,0,0
118000514,36,1,35
118000515,51,3,48
118000517,0,0,0
118000524,0,0,0
118000525,81,59,22
118000530,16,68,-52
118000531,89,24,65
118000532,0,0,0
118000533,0,0,0
118000534,0,0,0
118000535,94,52,42
118000536,0,0,0
118000537,0,0,0
118000538,0,0,0
118000539,0,62,-62
118000540,0,0,0
118000541,0,0,0
118000542,25,84,-59
118000543,4,43,-39
118000546,0,0,0
118000560,0,0,0
118000562,0,0,0
118000563,143,615,-472
118000576,0,0,0
118000577,0,0,0
118000578,0,0,0
118000579,1,5,-4
118000595,14,139,-125
118000596,0,0,0
118000597,0,0,0
118000598,0,0,0
118000599,0,0,0
118000600,0,0,0
118000601,0,0,0
118000602,0,0,0
118000603,0,0,0
118900001,0,0,0
118900002,0,0,0
118900003,0,0,0
118900004,0,0,0
118900005,0,0,0
118900006,0,0,0
118900007,0,0,0
118900008,0,0,0
118900009,0,0,0
118900010,0,0,0
118900011,0,0,0
118900012,0,0,0
118900013,0,0,0
118900015,0,0,0
118900016,0,0,0
118900017,0,0,0
118900018,0,0,0
118900019,0,0,0
118900020,0,0,0
118900021,0,0,0
118900022,0,0,0
118900023,0,0,0
118900024,0,0,0
118900025,0,0,0
118900026,0,0,0
118900027,0,0,0
118900028,0,0,0
118900029,0,0,0
118900030,0,0,0
118900031,0,0,0
118900032,0,0,0
118900033,0,0,0
118900034,0,0,0
118900035,0,0,0
118900036,0,0,0
118900037,0,0,0
118900038,0,0,0
118900039,0,0,0
118900040,0,0,0
118900041,0,0,0
118900042,0,0,0
118900045,0,0,0
118900046,0,0,0
118900047,0,0,0
118900048,0,0,0
118900049,0,0,0
118900050,0,0,0
118900051,0,0,0
118900052,0,0,0
118900053,0,0,0
118900054,0,0,0
118900055,0,0,0
118900056,0,0,0
118900057,0,0,0
118900058,0,0,0
118900059,0,0,0
118900060,0,0,0
118900062,0,0,0
118900064,0,0,0
118900065,0,0,0
118900066,0,0,0
118900067,0,0,0
118900068,0,0,0
118900069,0,0,0
118900071,0,0,0
118900072,0,0,0
118900073,0,0,0
118900074,0,0,0
118900075,0,0,0
118900076,0,0,0
118900077,0,0,0
118900078,0,0,0
118900079,0,0,0
118900080,0,0,0
118900081,0,0,0
118900082,0,0,0
118900083,0,0,0
118900084,0,0,0
118900085,0,0,0
118900086,0,0,0
118900087,0,0,0
118900088,0,0,0
118900089,0,0,0
118900090,0,0,0
118900091,0,0,0
118900092,0,0,0
118900093,0,0,0
118900096,0,0,0
118900097,0,0,0
118900099,0,0,0
118900100,0,0,0
118900101,0,0,0
118900102,0,0,0
118900103,0,0,0
118900104,0,0,0
118900105,0,0,0
118900107,0,0,0
118900108,0,0,0
118900110,0,0,0
118900111,0,0,0
118900112,0,0,0
118900113,0,0,0
118900114,0,0,0
118900115,0,0,0
118900116,0,0,0
118900117,0,0,0
118900118,0,0,0
118900119,0,0,0
118900120,0,0,0
118900121,0,0,0
118900122,0,0,0
118900123,0,0,0
118900124,0,0,0
118900126,0,0,0
118900129,0,0,0
118900130,0,0,0
118900131,0,0,0
118900132,0,0,0
118900133,0,0,0
118900135,0,0,0
118900136,0,0,0
118900137,0,0,0
118900139,0,0,0
118900140,0,0,0
118900141,0,0,0
118900144,0,0,0
118900145,0,0,0
118900146,0,0,0
118900147,0,0,0
118900148,0,0,0
118900150,0,0,0
118900152,0,0,0
118900157,0,0,0
118900158,0,0,0
118900159,0,0,0
118900161,0,0,0
118900163,0,0,0
118900164,0,0,0
118900165,0,0,0
118900166,0,0,0
118900167,0,0,0
118900168,0,0,0
118900169,0,0,0
118900170,0,0,0
118900171,0,0,0
118900174,0,0,0
118900175,0,0,0
118900176,0,0,0
118900177,0,0,0
118900178,0,0,0
118900179,0,0,0
118900181,0,0,0
118900182,0,0,0
118900183,0,0,0
118900184,0,0,0
118900185,0,0,0
118900186,0,0,0
118900187,0,0,0
118900188,0,0,0
118900189,0,0,0
118900190,0,0,0
118900191,0,0,0
118900192,0,0,0
118900193,0,0,0
118900195,0,0,0
118900196,0,0,0
118900197,0,0,0
118900198,0,0,0
118900199,0,0,0
118900200,0,0,0
118900201,0,0,0
118900202,0,0,0
118900203,0,0,0
118900204,0,0,0
118900205,0,0,0
118900206,0,0,0
119000001,448,574,-126
119000002,678,309,369
119000003,93,121,-28
119000004,38,104,-66
119000005,154,86,68
119000006,125,33,92
119000007,1010,630,380
119000008,0,0,0
119000009,411,394,17
119000010,0,0,0
119000011,644,325,319
119000012,25,103,-78
119000013,1483,627,856
119000014,12,102,-90
119000019,94,42,52
119000020,161,170,-9
119000021,268,194,74
119000022,0,0,0
119000023,106,188,-82
119000024,235,1323,-1088
119000025,24,63,-39
119000026,0,0,0
119000027,9,26,-17
119000028,52,53,-1
119000029,0,0,0
119000030,24,136,-112
119000031,0,0,0
119000032,2,9,-7
119000033,349,137,212
119000034,4,0,4
119000035,1,1,0
119000036,178,68,110
119000037,1,12,-11
119000038,1,8,-7
119000039,22,53,-31
119000040,1,170,-169
119000041,1,48,-47
119000048,426,168,258
119000049,84,59,25
119000050,37,18,19
119000051,72,58,14
119000052,4,10,-6
119000053,70,7,63
119000054,198,74,124
119000055,1328,189,1139
119000056,699,396,303
119000057,103,68,35
119000058,108,90,18
119000059,776,302,474
119000060,0,0,0
119000061,133,125,8
119000062,0,0,0
119000063,66,47,19
119000064,19,106,-87
119000065,36,47,-11
119000066,190,105,85
119000067,298,113,185
119000068,214,60,154
119000069,276,79,197
119000070,43,9,34
119000071,0,0,0
119000072,299,90,209
119000073,178,54,124
119000074,478,94,384
119000075,220,79,141
119000076,0,0,0
119000077,0,0,0
119000078,0,0,0
119000079,0,0,0
119000080,0,0,0
119000081,0,0,0
119000082,0,0,0
119000083,0,0,0
119000084,0,0,0
119000085,0,0,0
119000086,0,0,0
119000087,0,0,0
119000088,0,0,0
119000089,0,0,0
119000090,0,0,0
119000091,0,0,0
119000092,0,0,0
119000093,312,103,209
119000094,962,255,707
119000095,97,98,-1
119000097,99,81,18
119000098,248,579,-331
119000099,657,132,525
119000100,443,316,127
119000101,0,0,0
119000102,0,0,0
119000103,3,4,-1
119000104,0,0,0
119000105,42,99,-57
119000106,0,0,0
119000107,167,137,30
119000108,0,0,0
119000109,0,0,0
119000110,0,0,0
119000111,0,0,0
119000112,0,0,0
119000113,0,0,0
119000114,33,67,-34
119000115,0,0,0
119000116,13,140,-127
119000117,0,0,0
119000118,0,0,0
119000123,0,0,0
119000124,112,8,104
119000125,496,32,464
119000126,297,41,256
119000127,0,0,0
119000128,0,0,0
119000131,0,0,0
119000132,0,0,0
119000133,0,0,0
119000134,258,219,39
119000135,0,0,0
119000136,0,0,0
119000137,0,0,0
119000138,0,0,0
119000139,0,0,0
119000140,0,0,0
119000284,0,0,0
119000285,0,0,0
119000286,0,0,0
119000287,0,0,0
119000288,0,0,0
119000289,0,0,0
119000290,96,16,80
119000291,0,0,0
119000293,4,5,-1
119000294,149,157,-8
119000295,0,0,0
119000296,0,0,0
119000302,0,0,0
119000303,1,28,-27
119000314,0,0,0
119000315,0,0,0
119000316,0,0,0
119000317,0,0,0
119900001,0,0,0
119900002,0,0,0
119900003,0,0,0
119900004,0,0,0
119900005,0,0,0
119900006,0,0,0
119900007,0,0,0
119900008,0,0,0
119900009,0,0,0
119900010,0,0,0
119900011,0,0,0
119900012,0,0,0
119900013,0,0,0
119900014,0,0,0
119900015,0,0,0
119900016,0,0,0
119900017,0,0,0
119900018,0,0,0
119900019,0,0,0
119900020,0,0,0
119900021,0,0,0
119900022,0,0,0
119900023,0,0,0
119900025,0,0,0
119900026,0,0,0
119900027,0,0,0
119900028,0,0,0
119900029,0,0,0
119900030,0,0,0
119900031,0,0,0
119900033,0,0,0
119900034,0,0,0
119900037,0,0,0
119900038,0,0,0
119900039,0,0,0
119900040,0,0,0
119900041,0,0,0
119900042,0,0,0
119900043,0,0,0
119900044,0,0,0
119900046,0,0,0
119900047,0,0,0
119900048,0,0,0
119900049,0,0,0
119900050,0,0,0
119900051,0,0,0
119900052,0,0,0
119900053,0,0,0
119900054,0,0,0
119900055,0,0,0
119900057,0,0,0
119900058,0,0,0
119900059,0,0,0
119900060,0,0,0
119900062,0,0,0
119900063,0,0,0
119900064,0,0,0
119900065,0,0,0
119900066,0,0,0
119900067,0,0,0
119900068,0,0,0
119900069,0,0,0
119900070,0,0,0
119900071,0,0,0
119900073,0,0,0
119900074,0,0,0
119900075,0,0,0
119900076,0,0,0
119900077,0,0,0
119900078,0,0,0
119900079,0,0,0
119900080,0,0,0
119900081,0,0,0
119900082,1,0,1
119900083,0,0,0
119900084,0,0,0
119900085,0,0,0
119900087,0,0,0
119900088,0,0,0
119900089,0,0,0
119900090,0,0,0
119900091,0,0,0
119900092,0,0,0
119900093,0,0,0
119900094,0,0,0
119900095,0,0,0
119900096,0,0,0
119900097,0,0,0
119900098,0,0,0
119900099,0,0,0
119900100,0,0,0
119900101,0,0,0
119900102,0,0,0
119900103,0,0,0
119900104,0,0,0
119900105,0,0,0
119900106,0,0,0
119900107,0,0,0
119900108,0,0,0
119900109,0,0,0
119900110,0,0,0
119900111,0,0,0
119900112,0,0,0
119900113,0,0,0
119900114,0,0,0
119900115,0,0,0
119900116,0,0,0
119900117,0,0,0
119900118,0,0,0
119900119,0,0,0
119900120,0,0,0
119900121,0,0,0
119900122,0,0,0
119900123,0,0,0
119900124,0,0,0
119900125,0,0,0
119900126,0,0,0
119900127,0,0,0
119900128,0,0,0
119900129,0,0,0
119900130,0,0,0
119900131,0,0,0
119900132,0,0,0
119900133,0,0,0
119900134,0,0,0
119900135,0,0,0
119900136,0,0,0
119900138,0,0,0
119900139,0,0,0
119900140,0,0,0
119900141,0,0,0
119900142,0,0,0
119900143,0,0,0
119900144,0,0,0
119900145,0,0,0
119900146,0,0,0
119900147,0,0,0
119900148,0,0,0
119900149,0,0,0
119900150,0,0,0
119900151,0,0,0
119900152,0,0,0
119900153,0,0,0
119900154,0,0,0
119900155,0,0,0
119900156,0,0,0
119900157,0,0,0
119900158,0,0,0
119900159,0,0,0
119900160,0,0,0
119900161,0,0,0
119900162,0,0,0
119900163,0,0,0
119900164,0,0,0
119900165,0,0,0
119900166,0,0,0
119900167,0,0,0
119900168,0,0,0
119900169,0,0,0
119900170,0,0,0
119900171,0,0,0
119900172,0,0,0
119900173,0,0,0
119900174,0,0,0
119900175,0,0,0
119900177,0,0,0
119900178,0,0,0
119900179,0,0,0
119900180,0,0,0
119900181,0,0,0
119900182,0,0,0
119900183,0,0,0
119900184,0,0,0
119900185,0,0,0
119900186,0,0,0
119900187,0,0,0
119900188,0,0,0
119900189,0,0,0
119900190,0,0,0
119900191,0,0,0
119900192,0,0,0
119900193,0,0,0
119900194,0,0,0
119900195,0,0,0
119900196,0,0,0
119900197,0,0,0
119900198,0,0,0
119900199,0,0,0
119900200,0,0,0
119900201,0,0,0
119900202,0,0,0
119900203,0,0,0
119900204,0,0,0
119900205,0,0,0
119900206,0,0,0
119900208,0,0,0
119900209,0,0,0
119900210,0,0,0
119900211,0,0,0
119900212,0,0,0
119900213,0,0,0
119900214,0,0,0
119900215,0,0,0
119900216,0,0,0
119900217,0,0,0
119900218,0,0,0
119900219,0,0,0
119900220,0,0,0
119900221,0,0,0
119900222,0,0,0
119900223,0,0,0
119900224,0,0,0
119900225,0,0,0
119900226,0,0,0
119900227,0,0,0
119900228,0,0,0
119900229,0,0,0
119900230,0,0,0
119900231,0,0,0
119900232,0,0,0
119900233,0,0,0
119900234,0,0,0
119900235,0,0,0
119900236,0,0,0
119900237,0,0,0
119900238,0,0,0
119900240,0,0,0
119900241,0,0,0
119900242,0,0,0
119900244,0,0,0
119900245,0,0,0
119900246,0,0,0
119900247,0,0,0
119900248,0,0,0
119900249,0,0,0
119900253,0,0,0
119900254,0,0,0
119900255,0,0,0
119900256,0,0,0
119900257,0,0,0
119900258,0,0,0
119900259,0,0,0
119900260,0,0,0
119900261,0,0,0
119900262,0,0,0
119900263,0,0,0
119900264,0,0,0
119900265,0,0,0
119900266,0,0,0
119900267,0,0,0
119900268,0,0,0
119900269,0,0,0
119900271,0,0,0
119900272,0,0,0
119900275,0,0,0
119900276,0,0,0
119900277,0,0,0
119900278,0,0,0
119900279,0,0,0
119900280,0,0,0
119900281,0,0,0
119900282,0,0,0
119900283,0,0,0
119900284,0,0,0
119900285,0,0,0
119900286,0,0,0
119900288,0,0,0
119900289,0,0,0
119900290,0,0,0
119900291,0,0,0
119900292,0,0,0
119900293,0,0,0
119900294,0,0,0
119900295,0,0,0
119900296,0,0,0
119900299,0,0,0
119900300,0,0,0
119900301,0,0,0
119900302,0,0,0
119900303,0,0,0
119900304,0,0,0
119900305,0,0,0
119900306,0,0,0
119900307,0,0,0
119900308,0,0,0
119900309,0,0,0
119900310,0,0,0
119900311,0,0,0
119900312,0,0,0
119900313,0,0,0
119900314,0,0,0
119900315,0,0,0
119900318,0,0,0
119900319,0,0,0
119900320,0,0,0
119900321,0,0,0
119900322,0,0,0
119900323,0,0,0
119900324,0,0,0
119900325,0,0,0
119900326,0,0,0
120000001,1975,2484,-509
120000002,165,123,42
120000003,45,110,-65
120000004,84,197,-113
120000005,220,213,7
120000006,87,100,-13
120000007,123,127,-4
120000008,79,123,-44
120000009,41,27,14
120000010,59,80,-21
120000011,19,109,-90
120000012,85,273,-188
120000013,650,218,432
120000014,283,386,-103
120000015,1036,653,383
120000016,2551,855,1696
120000017,753,517,236
120000018,1649,569,1080
120000019,287,219,68
120000020,1021,446,575
120000021,311,850,-539
120000022,2337,1572,765
120000023,555,384,171
120000024,329,481,-152
120000025,951,347,604
120000026,448,570,-122
120000027,678,864,-186
120000028,1,1,0
120000029,24,267,-243
120000030,27,171,-144
120000031,821,654,167
120000032,483,99,384
120000033,257,55,202
120000034,301,103,198
120000035,542,119,423
120000036,1349,1031,318
120000037,324,736,-412
120000038,264,796,-532
120000039,4,80,-76
120000040,0,37,-37
120000041,23,16,7
120000042,63,24,39
120000043,154,16,138
120000044,8,3,5
120000045,0,0,0
120000046,73,33,40
120000047,10,10,0
120000048,711,216,495
120000049,681,267,414
120000050,54,248,-194
120000051,56,374,-318
120000052,0,0,0
120000053,320,59,261
120000054,139,41,98
120000055,84,29,55
120000056,500,274,226
120000057,398,99,299
120000058,63,115,-52
120000059,11,308,-297
120000061,0,9,-9
120000062,0,0,0
120000063,112,7,105
120000064,25,5,20
120000065,135,1,134
120000066,48,3,45
120000067,12,12,0
120000068,20,35,-15
120000069,69,30,39
120000070,1,11,-10
120000071,272,142,130
120000072,461,84,377
120000073,273,180,93
120000074,135,49,86
120000075,601,127,474
120000076,941,203,738
120000077,571,219,352
120000078,631,299,332
120000079,0,0,0
120000080,0,0,0
120000081,0,0,0
120000082,0,0,0
120000083,0,0,0
120000084,30,13,17
120000085,9,3,6
120000086,46,2,44
120000087,3,8,-5
120000088,462,151,311
120000089,772,60,712
120000090,319,57,262
120000091,799,191,608
120000092,914,243,671
120000093,146,194,-48
120000094,111,395,-284
120000095,0,0,0
120000096,0,0,0
120000098,143,0,143
120000099,11,0,11
120000100,165,1,164
120000101,130,31,99
120000102,107,824,-717
120000103,741,862,-121
120000104,1522,128,1394
120000105,1836,78,1758
120000106,1851,28,1823
120000107,2195,50,2145
120000108,1227,12,1215
120000109,419,32,387
120000110,0,46,-46
120000111,1,11,-10
120000112,6,19,-13
120000113,5,29,-24
120000114,45,18,27
120000115,1,18,-17
120000116,28,45,-17
120000117,0,0,0
120000118,0,0,0
120000119,8,111,-103
120000120,0,0,0
120000121,6,117,-111
120000122,106,232,-126
120000123,336,304,32
120000124,324,133,191
120000125,36,10,26
120000126,125,206,-81
120000127,297,97,200
120000128,160,30,130
120000129,208,105,103
120000130,702,145,557
120000131,121,79,42
120000134,0,0,0
120000135,0,0,0
120000137,0,0,0
120000138,0,0,0
120000139,0,0,0
120000140,0,0,0
120000141,0,0,0
120000142,0,0,0
120000143,0,0,0
120000144,0,0,0
120000145,0,0,0
120000146,395,576,-181
120000149,0,0,0
120000150,0,0,0
120000151,170,53,117
120000152,286,33,253
120000153,0,0,0
120000154,41,0,41
120000155,124,45,79
120000156,173,33,140
120000157,199,98,101
120000158,0,0,0
120000159,127,338,-211
120000160,715,293,422
120000161,332,138,194
120000162,45,114,-69
120000163,0,0,0
120000164,0,0,0
120000165,148,12,136
120000166,124,114,10
120000167,0,0,0
120000168,0,0,0
120000169,0,0,0
120000170,0,0,0
120000171,0,0,0
120000172,0,0,0
120000173,0,0,0
120000174,0,0,0
120000175,0,0,0
120000176,0,0,0
120000177,0,0,0
120000178,0,0,0
120000179,0,0,0
120000180,0,0,0
120000181,0,0,0
120000182,0,0,0
120000183,0,0,0
120000184,0,0,0
120000186,0,0,0
120000187,0,0,0
120000188,0,0,0
120000190,0,0,0
120000191,0,0,0
120000192,0,0,0
120000193,0,0,0
120000195,0,0,0
120000196,0,0,0
120000197,0,0,0
120000198,0,0,0
120000199,0,0,0
120000200,0,0,0
120000201,0,0,0
120000202,0,0,0
120000203,0,0,0
120000207,0,0,0
120000208,0,0,0
120000209,0,0,0
120000210,0,0,0
120000211,0,0,0
120000212,0,0,0
120000213,0,0,0
120000214,0,0,0
120000215,0,0,0
120000216,0,0,0
120000217,0,0,0
120000218,0,0,0
120000219,0,0,0
120000220,0,0,0
120000225,0,0,0
120000226,0,0,0
120000227,0,0,0
120000228,0,0,0
120000230,0,0,0
120000231,0,0,0
120000233,409,0,409
120000235,0,46,-46
120000236,1001,1,1000
120000237,0,0,0
120000238,0,0,0
120000241,772,611,161
120000412,0,0,0
120000413,0,0,0
120000414,0,0,0
120000415,0,0,0
120000416,0,0,0
120000417,0,0,0
120000418,0,0,0
120000419,0,0,0
120000420,61,0,61
120000421,526,465,61
120000422,0,0,0
120000423,0,0,0
120000424,0,0,0
120000436,117,68,49
120000437,0,0,0
120000438,0,0,0
120000439,542,240,302
120000443,0,0,0
120000444,559,64,495
120000445,314,348,-34
120000446,235,68,167
120000447,509,2,507
120000449,0,0,0
120000450,0,0,0
120000451,50,47,3
120000452,21,0,21
120000453,0,0,0
120000454,43,1,42
120000455,31,115,-84
120000456,20,215,-195
120000457,80,21,59
120000458,11,0,11
120000459,25,30,-5
120000665,4,109,-105
120000668,1,46,-45
120000669,34,15,19
120000670,2,78,-76
120000671,126,36,90
120000672,0,26,-26
120900001,0,0,0
120900002,0,0,0
120900003,0,0,0
120900004,0,0,0
120900005,0,0,0
120900006,0,0,0
120900007,0,0,0
120900008,0,0,0
120900009,0,0,0
120900010,0,0,0
120900011,0,0,0
120900012,0,0,0
120900013,0,0,0
120900014,0,0,0
120900015,0,0,0
120900016,0,0,0
120900017,0,0,0
120900018,0,0,0
120900019,0,0,0
120900020,0,0,0
120900021,0,0,0
120900022,0,0,0
120900023,0,0,0
120900024,0,0,0
120900025,0,0,0
120900026,0,0,0
120900027,0,0,0
120900028,0,0,0
120900029,0,0,0
120900030,0,0,0
120900031,0,0,0
120900032,0,0,0
120900033,0,0,0
120900034,0,0,0
120900035,0,0,0
120900037,0,0,0
120900038,0,0,0
120900039,0,0,0
120900040,0,0,0
120900041,0,0,0
120900042,0,0,0
120900043,0,0,0
120900044,0,0,0
120900045,0,0,0
120900046,0,0,0
120900047,0,0,0
120900048,0,0,0
120900049,0,0,0
120900050,0,0,0
120900051,0,0,0
120900052,0,0,0
120900053,0,0,0
120900054,0,0,0
120900055,0,0,0
120900056,0,0,0
120900057,0,0,0
120900058,0,0,0
120900059,0,0,0
120900060,0,0,0
120900061,0,0,0
120900062,0,0,0
120900063,0,0,0
120900064,0,0,0
120900065,0,0,0
120900066,0,0,0
120900067,0,0,0
120900068,0,0,0
120900069,0,0,0
120900071,0,0,0
120900072,0,0,0
120900073,0,0,0
120900074,0,0,0
120900076,0,0,0
120900077,0,0,0
120900078,0,0,0
120900079,0,0,0
120900080,0,0,0
120900081,0,0,0
120900082,0,0,0
120900083,0,0,0
120900084,0,0,0
120900085,0,0,0
120900086,0,0,0
120900087,0,0,0
120900088,0,0,0
120900089,0,0,0
120900090,0,0,0
120900091,0,0,0
120900092,0,0,0
120900093,0,0,0
120900094,0,0,0
120900095,0,0,0
120900096,0,0,0
120900097,0,0,0
120900098,0,0,0
120900099,0,0,0
120900100,0,0,0
120900101,0,0,0
120900102,0,0,0
120900103,0,0,0
120900104,0,0,0
120900105,0,0,0
120900106,0,0,0
120900107,0,0,0
120900108,0,0,0
120900109,0,0,0
120900110,0,0,0
120900111,0,0,0
120900112,0,0,0
120900113,0,0,0
120900114,0,0,0
120900115,100,35,65
120900116,0,0,0
120900117,0,0,0
120900118,0,0,0
120900119,3,2,1
120900120,0,0,0
120900121,0,0,0
120900122,0,0,0
120900123,0,0,0
120900124,0,0,0
120900125,0,0,0
120900126,0,0,0
120900127,0,0,0
120900128,0,0,0
120900129,0,0,0
120900130,0,0,0
120900131,0,0,0
120900132,0,0,0
120900133,0,0,0
120900134,0,0,0
120900135,0,0,0
120900136,0,0,0
120900137,0,0,0
120900138,0,0,0
120900139,0,0,0
120900140,0,0,0
120900141,0,0,0
120900142,0,0,0
120900143,0,0,0
120900144,0,0,0
120900145,0,0,0
120900146,0,0,0
120900147,0,0,0
120900148,0,0,0
120900149,0,0,0
120900150,0,0,0
120900151,0,0,0
120900152,0,0,0
120900153,0,0,0
120900154,0,0,0
120900155,0,0,0
120900156,0,0,0
120900157,0,0,0
120900158,0,0,0
120900159,0,0,0
120900160,0,0,0
120900161,0,0,0
120900162,0,0,0
120900163,0,0,0
120900164,0,0,0
120900165,0,0,0
120900166,0,0,0
120900167,0,0,0
120900169,0,0,0
120900170,0,0,0
120900171,0,0,0
120900172,0,0,0
120900173,0,0,0
120900174,0,0,0
120900175,0,0,0
120900176,0,0,0
120900177,0,0,0
120900178,0,0,0
120900179,0,0,0
120900180,0,0,0
120900181,0,0,0
120900182,0,0,0
120900183,0,0,0
120900184,0,0,0
120900185,0,0,0
120900186,0,0,0
120900187,0,0,0
120900188,0,0,0
120900189,0,0,0
120900190,0,0,0
120900191,0,0,0
120900192,0,0,0
120900194,0,0,0
120900195,0,0,0
120900196,0,0,0
120900197,0,0,0
120900198,0,0,0
120900199,0,0,0
120900200,0,0,0
120900201,0,0,0
120900202,0,0,0
120900203,0,0,0
120900204,0,0,0
120900205,0,0,0
120900206,0,0,0
121000001,0,0,0
121000002,315,183,132
121000003,0,0,0
121000004,347,183,164
121000005,3,80,-77
121000006,282,424,-142
121000007,17,52,-35
121000008,457,559,-102
121000009,64,65,-1
121000010,819,452,367
121000011,330,249,81
121000012,2002,734,1268
121000013,302,320,-18
121000014,2183,742,1441
121000015,675,1138,-463
121000016,1051,806,245
121000017,80,240,-160
121000018,216,282,-66
121000019,340,290,50
121000020,781,954,-173
121000021,42,31,11
121000022,137,375,-238
121000023,41,19,22
121000024,852,798,54
121000025,38,84,-46
121000026,55,103,-48
121000027,102,141,-39
121000028,4,75,-71
121000029,57,17,40
121000030,0,0,0
121000031,2,3,-1
121000032,0,0,0
121000034,2,15,-13
121000035,0,0,0
121000036,49,31,18
121000037,70,66,4
121000038,86,141,-55
121000039,0,0,0
121000041,0,0,0
121000042,4,67,-63
121000043,34,27,7
121000044,5,50,-45
121000045,3,16,-13
121000046,0,0,0
121000047,0,0,0
121000049,153,72,81
121000050,17,238,-221
121000051,2,25,-23
121000052,40,84,-44
121000053,20,7,13
121000054,0,0,0
121000055,0,2,-2
121000056,315,334,-19
121000057,0,0,0
121000058,0,0,0
121000059,9,25,-16
121000060,72,43,29
121000061,1,40,-39
121000062,0,21,-21
121000063,10,15,-5
121000064,37,7,30
121000065,0,24,-24
121000066,0,0,0
121000067,0,0,0
121000068,23,4,19
121000069,0,4,-4
121000070,60,130,-70
121000071,80,227,-147
121000072,18,26,-8
121000073,44,189,-145
121000074,0,0,0
121000075,0,0,0
121000076,2,1,1
121000077,4,11,-7
121000078,0,0,0
121000080,183,63,120
121000081,283,258,25
121000082,20,73,-53
121000083,4,4,0
121000084,0,0,0
121000085,81,34,47
121000086,0,39,-39
121000087,4,87,-83
121000088,0,0,0
121000089,1,118,-117
121000090,0,0,0
121000091,547,105,442
121000092,21,15,6
121000093,7,47,-40
121000094,82,53,29
121000095,3,2,1
121000096,0,0,0
121000097,0,0,0
121000098,58,26,32
121000099,4,18,-14
121000100,0,0,0
121000101,10,41,-31
121000102,0,0,0
121000103,7,5,2
121000104,0,0,0
121000105,0,0,0
121000106,6,6,0
121000107,200,257,-57
121000109,62,193,-131
121000110,0,0,0
121000114,315,425,-110
121000115,0,0,0
121000116,0,0,0
121000117,0,0,0
121000118,0,0,0
121000119,0,0,0
121000120,1,54,-53
121000121,0,5,-5
121000123,2,1,1
121000126,0,0,0
121000127,0,0,0
121000128,0,0,0
121000129,0,1,-1
121000130,9,26,-17
121000131,0,0,0
121000132,39,94,-55
121000135,0,0,0
121000136,25,112,-87
121000137,0,0,0
121000138,19,34,-15
121000139,0,0,0
121000141,0,0,0
121000142,0,0,0
121000143,0,0,0
121000144,0,0,0
121000145,1,1,0
121000146,44,15,29
121000147,38,32,6
121000148,0,1,-1
121000149,160,351,-191
121000152,22,30,-8
121000153,127,10,117
121000154,169,21,148
121000155,90,81,9
121000156,119,44,75
121000157,60,24,36
121000158,59,18,41
121000159,0,23,-23
121000160,6,2,4
121000161,0,0,0
121000162,0,0,0
121000165,126,719,-593
121000166,2,29,-27
121000168,21,77,-56
121000169,3,3,0
121000170,93,25,68
121000171,14,68,-54
121000172,26,58,-32
121000173,2,5,-3
121000174,1,4,-3
121000175,0,5,-5
121000176,8,3,5
121000177,7,0,7
121000178,0,0,0
121000179,21,18,3
121000181,28,134,-106
121000182,50,53,-3
121000183,5,17,-12
121000184,1,25,-24
121000185,0,14,-14
121000186,0,12,-12
121000187,0,0,0
121000188,0,0,0
121000192,31,26,5
121000193,0,0,0
121000194,62,293,-231
121000195,0,0,0
121000196,0,0,0
121000197,2,52,-50
121000198,0,0,0
121000199,0,15,-15
121000200,0,0,0
121000201,0,0,0
121000202,0,0,0
121000203,0,0,0
121000204,0,0,0
121000205,27,12,15
121000206,0,0,0
121000207,0,0,0
121000208,0,0,0
121000209,18,8,10
121000210,0,0,0
121000211,1,2,-1
121000212,0,0,0
121000213,39,165,-126
121000214,22,151,-129
121000215,73,119,-46
121000216,61,93,-32
121000217,633,204,429
121000218,13,42,-29
121000219,142,95,47
121000220,0,0,0
121000221,2,82,-80
121000222,24,56,-32
121000223,0,0,0
121000224,0,0,0
121000225,3,100,-97
121000226,30,241,-211
121000227,0,0,0
121000228,0,0,0
121000229,0,0,0
121000230,0,0,0
121000231,179,3,176
121000232,0,0,0
121000233,156,12,144
121000234,8,8,0
121000235,1,9,-8
121000236,0,4,-4
121000237,25,0,25
121000238,0,5,-5
121000239,4,0,4
121000240,0,12,-12
121000241,39,0,39
121000242,1,18,-17
121000243,66,2,64
121000244,0,7,-7
121000245,9,0,9
121000246,0,5,-5
121000247,22,0,22
121000248,25,5,20
121000249,0,0,0
121000250,31,91,-60
121000251,0,0,0
121000252,0,41,-41
121000253,0,0,0
121000254,133,18,115
121000255,0,0,0
121000256,24,43,-19
121000257,0,0,0
121000258,31,62,-31
121000259,0,0,0
121000260,0,0,0
121000261,25,20,5
121000262,0,0,0
121000263,5,45,-40
121000271,0,2,-2
121000273,0,0,0
121000274,1,13,-12
121000275,0,0,0
121000276,0,19,-19
121000278,19,4,15
121000279,0,0,0
121000280,1,23,-22
121000289,5,1,4
121000290,84,61,23
121000294,0,0,0
121000297,63,83,-20
121000299,0,0,0
121000300,0,0,0
121000302,1,110,-109
121000303,13,12,1
121000304,240,157,83
121000305,41,110,-69
121000306,27,75,-48
121000308,0,0,0
121000309,0,0,0
121000310,0,0,0
121000311,0,0,0
121000312,54,43,11
121000313,0,0,0
121000314,0,0,0
121000315,0,0,0
121000530,257,224,33
121000531,519,316,203
121000532,1417,331,1086
121000533,4583,1552,3031
121000918,0,0,0
121000919,0,0,0
121000938,0,0,0
121000939,9,49,-40
121000956,0,0,0
121000957,0,0,0
121000958,0,4,-4
121000959,14,14,0
121000960,35,41,-6
121000961,143,1,142
121000962,0,37,-37
121000973,0,0,0
121000976,0,0,0
121000979,0,0,0
121000981,82,1,81
121000982,0,0,0
121000983,21,0,21
121000984,0,0,0
121000985,0,0,0
121000986,0,0,0
121000987,0,0,0
121000988,294,37,257
121001302,0,0,0
121001308,0,0,0
121001309,0,0,0
121001313,0,0,0
121001314,0,0,0
121001315,1537,142,1395
121900001,4,40,-36
121900002,0,0,0
121900003,0,0,0
121900004,0,0,0
121900005,0,0,0
121900006,0,0,0
121900007,8,4,4
121900008,0,0,0
121900009,0,0,0
121900010,0,0,0
121900011,0,0,0
121900012,0,0,0
121900013,0,0,0
121900014,0,0,0
121900015,0,0,0
121900016,0,0,0
121900017,0,0,0
121900018,0,0,0
121900019,0,0,0
121900020,0,0,0
121900021,0,0,0
121900022,0,0,0
121900023,0,0,0
121900024,0,0,0
121900025,0,0,0
121900026,0,0,0
121900027,0,0,0
121900028,0,0,0
121900029,0,0,0
121900030,0,0,0
121900031,0,0,0
121900032,0,0,0
121900033,0,0,0
121900034,0,0,0
121900035,0,0,0
121900036,0,0,0
121900037,0,0,0
121900038,0,0,0
121900039,0,0,0
121900040,0,0,0
121900041,0,0,0
121900042,0,0,0
121900043,0,0,0
121900044,0,0,0
121900046,0,0,0
121900047,0,0,0
121900048,0,0,0
121900050,0,0,0
121900051,0,0,0
121900052,0,0,0
121900053,0,0,0
121900054,0,0,0
121900055,0,0,0
121900058,0,0,0
121900059,0,0,0
121900060,0,0,0
121900061,0,0,0
121900062,0,0,0
121900063,0,0,0
121900064,0,0,0
121900066,0,0,0
121900067,0,0,0
121900069,0,0,0
121900070,0,0,0
121900071,0,0,0
121900072,0,0,0
121900073,0,0,0
121900074,0,0,0
121900075,0,0,0
121900076,0,0,0
121900077,0,0,0
121900078,0,0,0
121900079,0,0,0
121900080,0,0,0
121900082,0,0,0
121900084,0,0,0
121900085,0,0,0
121900086,0,0,0
121900087,0,0,0
121900088,0,0,0
121900089,0,0,0
121900090,0,0,0
121900091,0,0,0
121900092,0,0,0
121900093,0,0,0
121900094,0,0,0
121900095,0,0,0
121900096,0,0,0
121900097,0,0,0
121900098,0,0,0
121900099,0,0,0
121900100,0,0,0
121900101,0,0,0
121900102,0,0,0
121900103,0,0,0
121900104,0,0,0
121900105,0,0,0
121900106,0,0,0
121900107,0,0,0
121900108,0,0,0
121900109,0,0,0
121900110,0,0,0
121900111,0,0,0
121900112,0,0,0
121900113,0,0,0
121900114,0,0,0
121900117,0,0,0
121900118,0,0,0
121900119,0,0,0
121900120,0,0,0
121900121,0,0,0
121900122,0,0,0
121900123,0,0,0
121900124,0,0,0
121900125,0,0,0
121900127,0,0,0
121900128,0,0,0
121900129,0,0,0
121900130,0,0,0
121900131,0,0,0
121900132,0,0,0
121900133,0,0,0
121900134,0,0,0
121900135,0,0,0
121900136,0,0,0
121900137,0,0,0
121900138,0,0,0
121900139,0,0,0
121900140,0,0,0
121900141,0,0,0
121900142,0,0,0
121900143,0,0,0
121900144,0,0,0
121900145,0,0,0
121900146,0,0,0
121900147,0,0,0
121900148,0,0,0
121900149,0,0,0
121900150,0,0,0
121900151,0,0,0
121900152,0,0,0
121900153,0,0,0
121900154,0,0,0
121900155,0,0,0
121900156,0,0,0
121900157,0,0,0
121900158,0,0,0
121900159,0,0,0
121900160,0,0,0
121900161,0,0,0
121900162,0,0,0
121900163,0,0,0
121900164,0,0,0
121900165,0,0,0
121900166,0,0,0
121900167,0,0,0
121900168,0,0,0
121900169,0,0,0
121900170,0,0,0
121900171,0,0,0
121900172,0,0,0
121900173,0,0,0
121900174,0,0,0
121900175,0,0,0
121900176,0,0,0
121900177,0,0,0
121900178,0,0,0
121900179,0,0,0
121900180,0,0,0
121900182,0,0,0
121900183,0,0,0
121900184,0,0,0
121900186,0,0,0
121900187,0,0,0
121900188,0,0,0
121900189,0,0,0
121900190,0,0,0
121900191,0,0,0
121900192,0,0,0
121900193,0,0,0
121900194,0,0,0
121900195,0,0,0
121900196,0,0,0
121900197,0,0,0
121900198,0,0,0
121900199,0,0,0
121900200,0,0,0
121900201,0,0,0
121900202,0,0,0
121900203,0,0,0
121900204,0,0,0
121900205,0,0,0
121900206,0,0,0
121900207,0,0,0
121900208,0,0,0
121900209,0,0,0
121900210,0,0,0
121900211,0,0,0
121900212,0,0,0
121900213,0,0,0
121900214,0,0,0
121900215,0,0,0
121900216,0,0,0
121900217,0,0,0
121900218,0,0,0
121900220,0,0,0
121900221,0,0,0
121900222,0,0,0
121900223,0,0,0
121900224,0,0,0
121900225,0,0,0
121900226,0,0,0
121900227,0,0,0
121900228,0,0,0
121900230,0,0,0
121900231,0,0,0
121900232,0,0,0
121900233,0,0,0
121900234,0,0,0
121900235,0,0,0
121900236,0,0,0
121900237,0,0,0
121900238,0,0,0
121900239,0,0,0
121900240,0,0,0
121900241,0,0,0
121900242,0,0,0
121900243,0,0,0
121900244,0,0,0
121900245,0,0,0
121900246,0,0,0
121900247,0,0,0
121900248,0,0,0
121900250,0,0,0
121900251,0,0,0
121900252,0,0,0
121900253,0,0,0
121900254,0,0,0
121900255,0,0,0
121900258,0,0,0
121900259,0,0,0
121900260,0,0,0
121900261,0,0,0
121900262,0,0,0
121900263,0,0,0
121900264,0,0,0
121900265,0,0,0
121900266,0,0,0
121900267,0,0,0
121900269,0,0,0
121900270,0,0,0
121900271,0,0,0
121900273,0,0,0
121900274,0,0,0
121900277,0,0,0
121900278,0,0,0
121900279,0,0,0
121900280,0,0,0
121900281,0,0,0
121900284,0,0,0
121900286,0,0,0
121900287,0,0,0
121900288,0,0,0
121900290,0,0,0
121900291,0,0,0
121900292,0,0,0
121900293,0,0,0
121900294,0,0,0
121900295,0,0,0
121900296,0,0,0
121900298,0,0,0
121900299,0,0,0
121900300,0,0,0
121900301,0,0,0
121900302,0,0,0
121900303,0,0,0
121900304,0,0,0
121900305,0,0,0
121900306,0,0,0
121900307,0,0,0
121900308,0,0,0
121900309,0,0,0
121900310,0,0,0
121900311,0,0,0
121900312,0,0,0
121900313,0,0,0
121900314,0,0,0
121900315,0,0,0
121900316,0,0,0
121900317,0,0,0
121900318,0,0,0
121900319,0,0,0
121900320,0,0,0
121900321,0,0,0
121900322,0,0,0
121900323,0,0,0
121900324,0,0,0
121900325,0,0,0
121900326,0,0,0
121900327,0,0,0
121900328,0,0,0
121900329,0,0,0
121900330,0,0,0
121900331,0,0,0
121900332,0,0,0
121900333,0,0,0
122000001,111,107,4
122000002,98,41,57
122000003,91,157,-66
122000004,124,283,-159
122000005,691,877,-186
122000006,95,331,-236
122000007,71,293,-222
122000008,106,216,-110
122000009,33,38,-5
122000010,693,492,201
122000011,218,155,63
122000012,231,135,96
122000013,29,110,-81
122000014,15,76,-61
122000015,46,78,-32
122000016,6,101,-95
122000017,0,2,-2
122000018,0,0,0
122000019,4,64,-60
122000020,0,0,0
122000021,0,0,0
122000022,55,15,40
122000023,19,17,2
122000024,276,160,116
122000025,61,163,-102
122000026,522,351,171
122000027,0,1,-1
122000028,87,36,51
122000029,49,23,26
122000030,0,0,0
122000031,0,5,-5
122000032,114,79,35
122000033,114,279,-165
122000034,0,0,0
122000035,0,0,0
122000036,0,0,0
122000037,0,7,-7
122000038,10,3,7
122000039,0,0,0
122000040,0,0,0
122000041,0,1,-1
122000042,0,2,-2
122000043,1,2,-1
122000044,1,1,0
122000045,124,51,73
122000046,143,68,75
122000047,0,0,0
122000048,347,729,-382
122000049,582,245,337
122000050,38,21,17
122000051,0,4,-4
122000052,1,18,-17
122000053,10,576,-566
122000054,73,161,-88
122000055,386,748,-362
122000056,301,160,141
122000057,104,189,-85
122000058,47,62,-15
122000059,113,64,49
122000060,0,0,0
122000061,0,0,0
122000062,121,12,109
122000063,6,7,-1
122000064,76,76,0
122000065,154,246,-92
122000066,109,133,-24
122000067,209,563,-354
122000068,75,237,-162
122000069,48,34,14
122000070,430,116,314
122000071,57,71,-14
122000072,0,0,0
122000073,0,0,0
122000074,56,77,-21
122000075,55,51,4
122000076,161,172,-11
122000077,0,0,0
122000078,409,256,153
122000079,1,30,-29
122000080,0,0,0
122000081,0,0,0
122000082,157,110,47
122000083,0,0,0
122000084,0,0,0
122000085,7,34,-27
122000086,33,333,-300
122000087,20,53,-33
122000088,0,0,0
122000089,198,312,-114
122000090,0,0,0
122000091,0,0,0
122000092,0,0,0
122000093,224,704,-480
122000094,473,463,10
122000095,15,74,-59
122000096,25,274,-249
122000098,415,560,-145
122000099,5,35,-30
122000100,12,16,-4
122000101,3,5,-2
122000102,0,0,0
122000103,0,0,0
122000104,1,0,1
122000105,8,2,6
122000106,0,2,-2
122000107,17,55,-38
122000108,0,0,0
122000109,2,17,-15
122000110,0,0,0
122000111,392,50,342
122000112,90,108,-18
122000113,86,21,65
122000114,476,771,-295
122000115,507,477,30
122000116,13,106,-93
122000117,119,5,114
122000118,30,12,18
122000119,0,0,0
122000120,0,0,0
122000121,73,14,59
122000122,13,26,-13
122000123,186,130,56
122000124,18,72,-54
122000125,13,63,-50
122000126,1,53,-52
122000127,25,72,-47
122000128,8,11,-3
122000129,79,8,71
122000130,196,111,85
122000131,5,25,-20
122000132,0,0,0
122000133,0,0,0
122000134,43,94,-51
122000135,5,16,-11
122000136,30,87,-57
122000137,38,36,2
122000139,7,173,-166
122000140,0,0,0
122000141,35,2,33
122000142,0,0,0
122000143,0,0,0
122000144,17,7,10
122000145,1,0,1
122000146,54,41,13
122000147,15,82,-67
122000148,225,192,33
122000149,168,51,117
122000150,120,70,50
122000151,0,0,0
122000152,0,0,0
122000153,53,48,5
122000154,103,19,84
122000155,252,104,148
122000156,412,480,-68
122000157,241,240,1
122000158,0,1,-1
122000159,62,8,54
122000160,202,54,148
122000161,67,17,50
122000162,202,66,136
122000163,0,0,0
122000164,0,0,0
122000165,2,22,-20
122000166,72,72,0
122000167,0,0,0
122000168,0,1,-1
122000169,0,0,0
122000170,0,0,0
122000171,0,0,0
122000172,0,0,0
122000173,0,0,0
122000174,465,391,74
122000175,0,0,0
122000176,0,0,0
122000177,415,505,-90
122000178,541,119,422
122000179,1,6,-5
122000180,257,467,-210
122000181,764,563,201
122000182,114,75,39
122000183,43,4,39
122000184,565,463,102
122000185,159,183,-24
122000186,0,0,0
122000187,116,63,53
122000188,0,0,0
122000189,18,20,-2
122000190,255,93,162
122000191,44,7,37
122000192,0,0,0
122000193,0,0,0
122000194,0,0,0
122000195,0,0,0
122000196,0,0,0
122000197,18,19,-1
122000198,0,0,0
122000199,17,91,-74
122000200,48,48,0
122000201,196,255,-59
122000202,131,208,-77
122000203,0,0,0
122000204,0,0,0
122000205,0,0,0
122000206,169,50,119
122000207,122,83,39
122000208,143,31,112
122000209,210,70,140
122000210,20,4,16
122000211,5,27,-22
122000212,30,87,-57
122000213,67,268,-201
122000214,260,195,65
122000215,108,154,-46
122000217,5,3,2
122000218,102,9,93
122000219,51,51,0
122000220,19,48,-29
122000221,0,0,0
122000222,6,1,5
122000223,74,46,28
122000225,102,16,86
122000226,1,12,-11
122000227,0,11,-11
122000228,0,11,-11
122000229,0,0,0
122000230,0,13,-13
122000231,1,24,-23
122000232,1,12,-11
122000233,0,0,0
122000234,44,4,40
122000235,42,3,39
122000236,12,16,-4
122000237,0,0,0
122000238,6,11,-5
122000239,47,1,46
122000240,32,1,31
122000241,69,36,33
122000242,0,0,0
122000243,0,0,0
122000244,0,0,0
122000245,0,0,0
122000246,8,40,-32
122000247,3,3,0
122000248,21,10,11
122000249,92,117,-25
122000250,164,45,119
122000251,0,0,0
122000252,15,4,11
122000253,0,0,0
122000254,5,4,1
122000255,0,0,0
122000256,22,35,-13
122000257,1,21,-20
122000258,17,44,-27
122000259,0,0,0
122000260,0,0,0
122000261,0,1,-1
122000262,0,0,0
122000263,0,0,0
122000264,185,20,165
122000265,126,15,111
122000266,312,5,307
122000267,0,0,0
122000268,0,0,0
122000269,0,0,0
122000270,0,0,0
122000271,0,0,0
122000272,0,0,0
122000273,0,0,0
122000274,0,0,0
122000275,0,0,0
122000276,62,74,-12
122000277,220,123,97
122000278,104,38,66
122000279,6,10,-4
122000280,10,10,0
122000281,1,11,-10
122000282,4,4,0
122000283,0,0,0
122000284,0,0,0
122000285,0,0,0
122000286,0,0,0
122000287,623,99,524
122000288,48,4,44
122000291,1177,77,1100
122000293,0,0,0
122000294,85,13,72
122000295,172,3,169
122000296,12,158,-146
122000297,923,435,488
122000299,118,13,105
122000300,3,23,-20
122000301,72,83,-11
122000302,11,20,-9
122000303,39,92,-53
122000304,0,0,0
122000305,424,43,381
122000306,1,39,-38
122000307,0,0,0
122000309,0,0,0
122000310,0,0,0
122000311,0,0,0
122000312,8,60,-52
122000313,31,58,-27
122000314,74,86,-12
122000315,0,0,0
122000316,20,10,10
122000317,39,12,27
122000318,23,60,-37
122000319,12,4,8
122000320,0,0,0
122000321,0,1,-1
122000322,130,106,24
122000323,62,71,-9
122000324,17,44,-27
122000325,80,214,-134
122000326,2,0,2
122000327,0,14,-14
122000328,0,0,0
122000330,103,160,-57
122000332,0,0,0
122000333,0,0,0
122000337,32,23,9
122000338,5,2,3
122000340,0,1,-1
122000342,9,21,-12
122000343,1,4,-3
122000344,28,0,28
122000345,15,1,14
122000346,0,0,0
122000348,49,45,4
122000349,0,0,0
122000351,3,0,3
122000352,0,0,0
122000353,0,0,0
122000355,0,0,0
122000356,24,21,3
122000357,0,13,-13
122000358,0,0,0
122000359,0,0,0
122000360,0,0,0
122000362,0,0,0
122000364,0,0,0
122000365,0,0,0
122000366,0,0,0
122000368,0,0,0
122000370,0,0,0
122000371,0,0,0
122000372,0,0,0
122000381,0,0,0
122000382,0,0,0
122000384,0,5,-5
122000385,0,0,0
122000386,10,191,-181
122000387,0,0,0
122000388,4,58,-54
122000389,0,0,0
122000390,10,92,-82
122000391,0,0,0
122000392,0,0,0
122000393,0,0,0
122000394,0,0,0
122000395,0,0,0
122000396,0,0,0
122000397,0,0,0
122000398,3,53,-50
122000399,0,0,0
122000400,11,56,-45
122000401,0,0,0
122000402,34,10,24
122000403,0,0,0
122000404,178,33,145
122000408,222,259,-37
122000503,0,0,0
122000524,0,0,0
122000544,0,0,0
122000616,0,0,0
122000640,0,0,0
122000641,0,0,0
122000642,0,0,0
122000643,4,11,-7
122000644,0,0,0
122000645,0,0,0
122000651,13,32,-19
122000664,14,6,8
122000665,0,0,0
122000666,119,39,80
122000673,0,0,0
122000674,26,27,-1
122000675,44,45,-1
122000686,101,16,85
122000687,74,23,51
122000688,126,30,96
122000689,124,38,86
122000690,335,3,332
122000691,297,68,229
122000692,54,1,53
122000693,35,40,-5
122000695,0,0,0
122000696,101,11,90
122000698,0,0,0
122000699,6,21,-15
122000701,110,11,99
122000702,103,43,60
122000703,31,9,22
122000717,0,0,0
122000718,70,184,-114
122000719,0,12,-12
122000720,75,19,56
122000724,0,0,0
122900001,0,0,0
122900002,0,0,0
122900003,0,0,0
122900004,0,0,0
122900005,0,0,0
122900006,0,0,0
122900007,0,0,0
122900008,0,0,0
122900009,0,0,0
122900010,0,0,0
122900012,0,0,0
122900014,0,0,0
122900015,0,0,0
122900016,0,0,0
122900017,0,0,0
122900018,0,0,0
122900019,0,0,0
122900020,0,0,0
122900021,0,0,0
122900022,0,0,0
122900023,0,0,0
122900024,0,0,0
122900025,0,0,0
122900026,0,0,0
122900027,0,0,0
122900028,0,0,0
122900029,0,0,0
122900030,0,0,0
122900031,0,0,0
122900032,0,0,0
122900033,0,0,0
122900034,0,0,0
122900035,0,0,0
122900036,0,0,0
122900037,0,0,0
122900038,0,0,0
122900039,0,0,0
122900040,0,0,0
122900041,0,0,0
122900042,0,0,0
122900043,0,0,0
122900044,0,0,0
122900045,0,0,0
122900046,0,0,0
122900047,0,0,0
122900048,0,0,0
122900049,0,0,0
122900051,0,0,0
122900052,0,0,0
122900053,0,5,-5
122900055,0,0,0
122900057,0,0,0
122900061,0,0,0
122900062,0,0,0
122900063,0,0,0
122900064,0,0,0
122900065,0,0,0
122900066,0,0,0
122900067,0,0,0
122900068,0,0,0
122900069,0,0,0
122900070,0,0,0
122900071,0,0,0
122900072,0,0,0
122900073,0,0,0
122900074,0,0,0
122900075,0,0,0
122900076,0,0,0
122900077,0,0,0
122900078,0,0,0
122900080,0,0,0
122900081,0,0,0
122900082,0,0,0
122900083,0,0,0
122900084,0,0,0
122900086,0,0,0
122900087,0,0,0
122900088,0,0,0
122900089,0,0,0
122900090,0,0,0
122900091,0,0,0
122900092,0,0,0
122900093,0,0,0
122900094,0,0,0
122900095,0,0,0
122900096,0,0,0
122900097,0,0,0
122900098,0,0,0
122900099,0,0,0
122900100,0,0,0
122900101,0,0,0
122900102,0,0,0
122900103,0,0,0
122900104,0,0,0
122900105,0,0,0
122900106,0,0,0
122900107,0,0,0
122900108,0,0,0
123000001,186,21,165
123000002,272,1229,-957
123000003,868,385,483
123000004,240,508,-268
123000005,1041,313,728
123000006,186,526,-340
123000007,923,480,443
123000008,45,111,-66
123000009,2446,1923,523
123000010,55,270,-215
123000011,851,710,141
123000012,19,203,-184
123000013,1112,311,801
123000014,2,157,-155
123000015,1422,441,981
123000016,17,187,-170
123000017,855,238,617
123000018,94,3,91
123000019,122,0,122
123000020,26,1,25
123000021,40,3,37
123000022,244,32,212
123000023,207,74,133
123000024,96,75,21
123000025,0,39,-39
123000026,0,0,0
123000027,0,0,0
123000028,55,104,-49
123000029,0,0,0
123000030,0,0,0
123000031,28,4,24
123000032,14,12,2
123000033,7,12,-5
123000034,308,55,253
123000035,80,97,-17
123000036,15,405,-390
123000037,0,0,0
123000038,0,0,0
123000039,0,0,0
123000040,0,0,0
123000041,32,771,-739
123000042,0,0,0
123000043,250,308,-58
123000044,19,57,-38
123000045,0,0,0
123000046,0,0,0
123000047,0,0,0
123000048,5,125,-120
123000049,3590,1180,2410
123000050,196,236,-40
123000051,0,0,0
123000052,144,368,-224
123000053,943,363,580
123000054,135,410,-275
123000055,817,958,-141
123000056,24,71,-47
123000057,70,111,-41
123000058,0,0,0
123000059,0,2,-2
123000060,0,0,0
123000061,0,9,-9
123000063,39,29,10
123000064,12,3,9
123000065,22,50,-28
123000066,0,13,-13
123000067,14,19,-5
123000068,51,167,-116
123000069,105,142,-37
123000070,6,1,5
123000071,169,36,133
123000072,0,0,0
123000073,184,24,160
123000074,0,0,0
123000075,55,147,-92
123000076,0,0,0
123000077,54,2,52
123000078,308,148,160
123000079,536,139,397
123000080,57,1,56
123000081,0,0,0
123000082,0,0,0
123000083,6,3,3
123000084,0,0,0
123000085,0,0,0
123000086,0,0,0
123000087,0,0,0
123000088,1,1,0
123000089,379,143,236
123000090,0,0,0
123000091,183,56,127
123000092,0,0,0
123000094,2,2,0
123000095,40,37,3
123000096,155,13,142
123000097,0,0,0
123000098,129,16,113
123000099,0,0,0
123000100,0,0,0
123000101,55,20,35
123000102,113,56,57
123000104,0,0,0
123000105,0,0,0
123000106,0,0,0
123000107,0,0,0
123000108,0,0,0
123000111,20,6,14
123000112,20,4,16
123000113,0,0,0
123000114,0,30,-30
123000115,25,28,-3
123000116,0,0,0
123000117,1,14,-13
123000118,10,15,-5
123000119,7,34,-27
123000120,7,22,-15
123000121,0,0,0
123000122,0,0,0
123000123,0,0,0
123000124,0,0,0
123000125,103,85,18
123000126,270,278,-8
123000127,0,0,0
123000128,0,0,0
123000129,227,19,208
123000130,91,24,67
123000131,114,30,84
123000132,0,0,0
123000133,0,0,0
123000134,0,0,0
123000135,59,32,27
123000136,0,0,0
123000137,0,0,0
123000138,0,0,0
123000139,113,3,110
123000140,0,0,0
123000141,52,7,45
123000142,0,0,0
123000143,0,0,0
123000144,0,0,0
123000145,0,0,0
123000146,0,0,0
123000147,0,0,0
123000149,20,68,-48
123000150,38,10,28
123000151,34,60,-26
123000152,0,0,0
123000153,6,15,-9
123000154,78,92,-14
123000155,23,50,-27
123000156,0,0,0
123000157,17,12,5
123000158,67,71,-4
123000159,128,237,-109
123000160,35,100,-65
123000161,137,43,94
123000162,313,181,132
123000163,37,20,17
123000164,278,10,268
123000165,0,0,0
123000166,0,0,0
123000167,21,13,8
123000168,75,1,74
123000169,218,39,179
123000170,2,0,2
123000171,260,1,259
123000172,0,0,0
123000173,77,50,27
123000174,185,16,169
123000175,0,0,0
123000176,207,14,193
123000177,0,0,0
123000178,203,15,188
123000179,0,0,0
123000180,557,54,503
123000181,0,0,0
123000182,0,0,0
123000183,53,12,41
123000184,0,0,0
123000185,346,28,318
123000186,0,0,0
123000187,451,11,440
123000188,309,2,307
123000189,253,0,253
123000190,18,1,17
123000192,0,0,0
123000193,0,0,0
123000194,0,0,0
123000195,256,1,255
123000196,319,1,318
123000197,68,0,68
123000198,0,0,0
123000199,0,0,0
123000200,270,20,250
123000201,486,27,459
123000202,0,0,0
123000203,521,18,503
123000204,0,0,0
123000205,0,0,0
123000206,629,11,618
123000207,0,0,0
123000208,165,12,153
123000209,235,26,209
123000210,0,0,0
123000211,0,0,0
123000212,596,37,559
123000213,251,6,245
123000215,173,127,46
123000216,32,189,-157
123000217,69,3,66
123000218,0,0,0
123000219,77,12,65
123000220,248,5,243
123000221,0,2,-2
123000222,8,22,-14
123000223,73,16,57
123000224,39,50,-11
123000225,8,6,2
123000226,41,10,31
123000227,2,1,1
123000228,49,1,48
123000229,0,0,0
123000232,0,0,0
123000233,254,34,220
123000234,0,0,0
123000235,198,34,164
123000236,0,3,-3
123000237,56,13,43
123000238,0,0,0
123000239,0,0,0
123000240,0,0,0
123000241,19,7,12
123000242,0,0,0
123000243,9,71,-62
123000244,9,79,-70
123000245,0,0,0
123000249,0,0,0
123000252,261,151,110
123000253,336,138,198
123000254,21,11,10
123000255,74,129,-55
123000256,0,0,0
123000257,0,0,0
123000258,0,0,0
123000259,31,2,29
123000260,3,26,-23
123000261,0,0,0
123000262,0,0,0
123000263,48,6,42
123000264,11,6,5
123000265,0,0,0
123000266,25,5,20
123000267,22,151,-129
123000268,0,0,0
123000269,1,26,-25
123000270,17,13,4
123000271,0,0,0
123000272,322,78,244
123000273,98,502,-404
123000274,214,73,141
123000275,0,0,0
123000278,0,68,-68
123000279,16,17,-1
123000280,15,5,10
123000281,62,2,60
123000282,0,0,0
123000283,1,4,-3
123000284,0,0,0
123000286,0,0,0
123000287,9,42,-33
123000288,293,100,193
123000289,90,92,-2
123000291,0,0,0
123000294,0,0,0
123000295,282,266,16
123000296,132,237,-105
123000297,0,0,0
123000298,9,26,-17
123000299,21,144,-123
123000300,57,39,18
123000301,0,0,0
123000302,164,15,149
123000303,0,52,-52
123000305,0,0,0
123000306,0,0,0
123000309,0,0,0
123000310,2,4,-2
123000311,0,0,0
123000312,0,0,0
123000313,137,39,98
123000315,174,5,169
123000316,581,4,577
123000317,0,0,0
123000318,0,0,0
123000329,0,0,0
123000337,81,4,77
123000338,165,6,159
123000339,0,0,0
123000340,1,38,-37
123000342,0,0,0
123000343,6,0,6
123000344,4,1,3
123000345,1,4,-3
123000346,142,43,99
123000352,0,0,0
123000353,0,0,0
123000354,434,1,433
123000355,0,0,0
123000356,126,2,124
123000357,0,0,0
123000359,0,0,0
123000360,110,49,61
123000361,0,0,0
123000362,150,5,145
123000363,32,12,20
123000364,12,10,2
123000365,0,0,0
123000366,3,116,-113
123000367,0,31,-31
123000370,0,0,0
123000371,110,3,107
123000372,116,1,115
123000373,0,0,0
123000374,0,0,0
123000375,159,10,149
123000376,130,75,55
123000377,237,0,237
123000378,0,0,0
123000379,0,0,0
123000380,0,0,0
123000381,18,21,-3
123000382,105,10,95
123000383,0,2,-2
123000384,20,2,18
123000385,0,1,-1
123000436,0,0,0
123000507,3,37,-34
123000508,395,778,-383
123000517,0,0,0
123000518,0,0,0
123000519,0,0,0
123000520,0,0,0
123000521,0,0,0
123000522,0,0,0
123000541,3,0,3
123000542,0,0,0
123000565,0,0,0
123000566,55,0,55
123000567,57,0,57
123000573,0,0,0
123000574,88,4,84
123000575,238,6,232
123000576,90,5,85
123000577,0,0,0
123000578,37,13,24
123000579,599,274,325
123000580,3,0,3
123000582,92,2,90
123000583,0,0,0
123000584,38,55,-17
123000585,0,0,0
123000586,28,0,28
123000596,0,0,0
123000597,4,1,3
123000602,21,2,19
123000603,189,5,184
123000604,31,3,28
123000605,875,446,429
123000606,0,0,0
123000609,0,0,0
123000610,138,63,75
123000613,0,0,0
123000614,71,5,66
123000615,0,0,0
123000616,81,4,77
123000617,0,0,0
123000618,0,0,0
123000619,25,3,22
123000620,0,0,0
123000622,111,23,88
123000624,113,13,100
123000630,439,28,411
123000631,64,25,39
123000632,0,0,0
123000633,3,343,-340
123000634,2,2,0
123000635,0,0,0
123000636,0,0,0
123000637,5,1,4
123000638,7,8,-1
123000639,363,378,-15
123000640,1,0,1
123900001,0,0,0
123900002,0,0,0
123900003,0,0,0
123900005,0,0,0
123900006,0,0,0
124000001,570,173,397
124000002,2,240,-238
124000003,384,46,338
124000004,0,26,-26
124000005,269,35,234
124000006,0,43,-43
124000007,106,26,80
124000008,0,0,0
124000009,213,58,155
124000010,0,0,0
124000011,260,54,206
124000012,0,0,0
124000017,178,136,42
124000018,0,0,0
124000019,205,36,169
124000020,0,0,0
124000021,272,35,237
124000022,0,0,0
124000023,461,54,407
124000024,0,0,0
124000025,462,58,404
124000026,0,0,0
124000027,1630,308,1322
124000028,103,511,-408
124000030,0,0,0
124000031,363,158,205
124000032,0,23,-23
124000033,21,4,17
124000034,0,30,-30
124000035,7,4,3
124000036,0,5,-5
124000037,25,88,-63
124000038,0,6,-6
124000039,47,10,37
124000040,95,48,47
124000041,97,6,91
124000042,0,12,-12
124000043,3,6,-3
124000044,1,9,-8
124000045,82,13,69
124000046,0,0,0
124000047,285,36,249
124000048,0,0,0
124000049,356,6,350
124000050,0,0,0
124000051,320,7,313
124000052,0,0,0
124000053,97,43,54
124000054,0,0,0
124000055,433,74,359
124000056,0,0,0
124000057,167,64,103
124000058,0,0,0
124000059,146,129,17
124000060,0,0,0
124000061,108,194,-86
124000062,0,0,0
124000063,0,0,0
124000064,0,0,0
124000065,0,0,0
124000066,36,11,25
124000067,83,11,72
124000068,0,0,0
124000069,272,24,248
124000070,0,0,0
124000071,67,25,42
124000072,0,0,0
124000073,231,27,204
124000074,0,0,0
124000075,168,30,138
124000076,0,0,0
124000077,0,0,0
124000078,165,234,-69
124000079,0,0,0
124000080,247,70,177
124000081,0,0,0
124000082,10,150,-140
124000083,0,0,0
124000084,1,131,-130
124000085,0,0,0
124000086,0,0,0
124000087,0,0,0
124000088,5,40,-35
124000089,185,26,159
124000090,0,0,0
124000091,193,48,145
124000092,0,0,0
124000093,0,36,-36
124000094,0,0,0
124000095,49,0,49
124000096,0,0,0
124000097,40,12,28
124000098,0,0,0
124000099,3,6,-3
124000100,0,0,0
124000101,17,8,9
124000102,0,0,0
124000103,17,9,8
124000104,0,0,0
124000105,4,1,3
124000106,0,0,0
124000107,2,9,-7
124000108,0,0,0
124000109,47,4,43
124000110,0,0,0
124000111,156,4,152
124000112,0,0,0
124000113,22,36,-14
124000114,0,0,0
124000115,0,0,0
124000116,32,39,-7
124000117,0,0,0
124000118,9,26,-17
124000119,0,0,0
124000120,65,12,53
124000121,157,23,134
124000122,0,0,0
124000123,155,16,139
124000124,17,33,-16
124000125,114,15,99
124000126,3,39,-36
124000127,307,9,298
124000128,38,67,-29
124000129,139,78,61
124000130,64,31,33
124000131,84,76,8
124000132,79,156,-77
124000133,331,56,275
124000134,0,0,0
124000135,391,91,300
124000136,0,0,0
124000137,153,41,112
124000138,0,0,0
124000139,66,12,54
124000140,0,0,0
124000141,0,0,0
124000142,0,0,0
124000143,4,0,4
124000144,0,0,0
124000145,34,3,31
124000146,0,0,0
124000148,10,9,1
124000149,70,19,51
124000150,0,0,0
124000151,38,32,6
124000152,0,0,0
124000153,42,92,-50
124000154,0,0,0
124000155,136,73,63
124000156,0,0,0
124000169,14,19,-5
124000170,0,0,0
124000171,63,35,28
124000172,0,0,0
124000173,11,27,-16
124000174,0,0,0
124000175,0,0,0
124000176,142,51,91
124000177,0,0,0
124000178,9,6,3
124000190,1,24,-23
124000191,0,0,0
124000192,121,118,3
124000193,0,0,0
124000194,11,33,-22
124000195,121,17,104
124000196,0,0,0
124000197,0,0,0
124000198,1,6,-5
124000201,0,0,0
124000202,241,6,235
124000203,0,0,0
124000204,270,2,268
124000205,82,0,82
124000206,450,1,449
124000207,0,0,0
124000209,79,1,78
124000210,144,45,99
124000211,470,3,467
124000212,0,0,0
124000213,0,0,0
124000214,322,1,321
124000215,37,3,34
124000216,0,0,0
124000329,0,0,0
124000338,0,0,0
124000339,230,1,229
124000341,279,3,276
124000344,25,1,24
124000357,481,207,274
124000358,836,386,450
124000359,560,102,458
124000360,233,130,103
124000361,604,224,380
124000362,0,0,0
124000363,0,0,0
124000364,0,0,0
124000365,46,223,-177
124000366,9,109,-100
124000367,0,0,0
124000368,26,65,-39
124000369,11,85,-74
124000370,0,0,0
124000402,2,0,2
124000403,21,4,17
124000404,0,0,0
124000405,257,35,222
124000406,31,85,-54
124000407,0,0,0
124000411,0,0,0
124000412,48,0,48
124000413,0,1,-1
124000414,3,4,-1
124000415,0,0,0
124000416,0,0,0
124000417,1,4,-3
124000418,16,5,11
124000419,0,0,0
124000420,37,5,32
124000421,0,0,0
124000422,0,0,0
124000423,0,0,0
124000424,0,0,0
124000425,3,0,3
124000426,0,0,0
124000427,0,0,0
124000428,0,0,0
124000429,50,0,50
124000430,7,1,6
124000431,2,3,-1
124000432,0,0,0
124000439,2,0,2
124000442,0,0,0
124000443,0,0,0
124000445,16,129,-113
124000446,0,0,0
124900001,0,0,0
124900002,0,0,0
124900003,0,0,0
124900004,0,0,0
124900005,0,0,0
124900006,0,0,0
124900008,0,0,0
124900009,0,0,0
124900010,0,0,0
124900011,0,0,0
124900012,0,0,0
124900013,0,0,0
124900014,0,0,0
124900015,0,0,0
124900016,0,0,0
124900017,0,0,0
124900018,0,0,0
124900020,0,0,0
124900021,0,0,0
124900022,0,0,0
124900024,0,0,0
124900026,0,0,0
124900027,0,0,0
124900028,0,0,0
124900029,0,0,0
124900030,0,0,0
124900031,0,0,0
124900032,0,0,0
124900033,0,0,0
124900034,0,0,0
124900035,0,0,0
124900036,0,0,0
124900037,0,0,0
124900038,0,0,0
124900039,0,0,0
124900040,0,0,0
124900041,0,0,0
124900042,0,0,0
124900043,0,0,0
124900044,0,0,0
124900045,0,0,0
124900046,0,0,0
124900047,0,0,0
124900048,0,0,0
124900050,0,0,0
124900052,0,0,0
124900053,0,0,0
124900054,0,0,0
124900055,0,0,0
124900057,0,0,0
124900060,0,0,0
124900061,0,0,0
124900062,0,0,0
124900066,0,0,0
124900067,0,0,0
124900068,0,0,0
124900070,0,0,0
124900072,0,0,0
124900074,0,0,0
124900075,0,0,0
124900076,0,0,0
124900077,0,0,0
124900078,0,0,0
124900079,0,0,0
124900080,0,0,0
124900081,0,0,0
124900082,0,0,0
124900083,0,0,0
124900084,0,0,0
124900085,0,0,0
124900086,0,0,0
124900087,0,0,0
124900088,0,0,0
124900089,0,0,0
124900090,0,0,0
124900091,0,0,0
124900092,0,0,0
124900093,0,0,0
124900094,0,0,0
124900095,0,0,0
124900096,0,0,0
124900097,0,0,0
124900098,0,0,0
124900099,0,0,0
124900100,0,0,0
124900101,0,0,0
124900102,0,0,0
124900103,0,0,0
124900104,0,0,0
124900105,0,0,0
124900106,0,0,0
124900107,0,0,0
124900108,0,0,0
124900109,0,0,0
124900110,0,0,0
124900111,0,0,0
124900112,0,0,0
124900113,0,0,0
124900114,0,0,0
124900115,0,0,0
124900116,0,0,0
124900117,0,0,0
124900118,0,0,0
124900119,0,0,0
124900120,0,0,0
124900121,0,0,0
124900122,0,0,0
124900123,0,0,0
124900124,0,0,0
129000186,0,0,0
204000001,5,0,5
204000002,4,6,-2
204000003,7,16,-9
204000004,0,10,-10
204000005,544,397,147
204000006,1772,1334,438
204000011,0,0,0
204000012,0,0,0
204000013,0,0,0
204000019,692,414,278
204000020,145,92,53
204000021,186,71,115
204000022,698,349,349
204000023,0,0,0
204000031,2,25,-23
204000032,226,26,200
204000034,0,0,0
204000035,0,0,0
204000036,0,0,0
204000037,0,0,0
204000038,0,0,0
204000039,0,0,0
204000040,0,0,0
204000041,0,0,0
204000042,4,17,-13
204000043,0,0,0
204000044,4,0,4
204000045,7,0,7
204000046,0,1,-1
204000057,0,0,0
204000062,0,0,0
204000068,0,0,0
204000069,0,0,0
204000070,344,289,55
204000080,0,0,0
204000085,0,0,0
204000086,0,0,0
204000087,0,0,0
204000088,0,0,0
204000090,0,0,0
204000093,405,5,400
204000096,407,263,144
204000097,129,10,119
204000099,935,487,448
204000100,967,437,530
204000105,0,0,0
204000110,0,0,0
204000111,0,0,0
204000112,0,0,0
204000113,0,0,0
204000114,132,294,-162
204000115,35,149,-114
204000116,85,86,-1
204000119,1700,703,997
204000132,904,58,846
204000133,918,109,809
204000134,127,44,83
204000135,579,19,560
204000136,340,235,105
204000138,477,122,355
204000140,287,214,73
204000141,274,129,145
204000144,2,14,-12
204000145,53,3,50
204000146,0,0,0
204000147,0,0,0
204000148,274,13,261
204000154,1,6,-5
204000155,0,0,0
204000177,92,33,59
204000179,3,1,2
204000180,0,0,0
204000222,0,0,0
204000235,0,0,0
204000236,13,22,-9
204000238,10,5,5
204000240,28,4,24
204000263,0,0,0
204000268,786,271,515
204000308,36,16,20
204000317,0,0,0
204000322,0,0,0
204000323,20,7,13
204000328,150,33,117
204000329,0,0,0
204000330,159,6,153
204000331,0,0,0
204010341,6,4,2
205000001,0,0,0
205000013,0,0,0
205000014,0,0,0
205000015,0,0,0
205000016,0,0,0
205000017,0,0,0
205000022,0,0,0
205000025,0,0,0
205000029,80,12,68
205000045,0,0,0
205000046,0,0,0
205000047,0,0,0
205000048,0,0,0
205000049,0,0,0
205000050,0,0,0
205000059,0,0,0
205000060,0,0,0
205000061,0,0,0
205000062,0,0,0
205000063,0,0,0
205000064,0,0,0
205000065,0,0,0
205000066,0,0,0
205000067,0,0,0
205000069,0,0,0
205000082,181,48,133
205000110,0,0,0
205000111,0,0,0
205000112,183,123,60
205000113,0,0,0
205000121,266,111,155
205000123,0,0,0
205000126,992,164,828
205000127,1211,84,1127
205000128,407,50,357
205000129,742,38,704
205000130,53,15,38
205000131,37,0,37
205000132,25,0,25
205000133,19,0,19
205000134,336,0,336
205000137,0,0,0
205000138,0,0,0
205000139,0,0,0
205000144,87,18,69
205000145,153,35,118
205000151,40,32,8
205000152,118,30,88
205000153,274,20,254
205000154,96,70,26
205000155,168,6,162
205000207,0,0,0
205000233,17,0,17
205000234,0,0,0
205000243,0,8,-8
205000244,0,0,0
205000245,0,0,0
205000249,0,0,0
205000250,26,1,25
205000264,0,0,0
206000027,28,5,23
206000028,4,9,-5
206000043,0,0,0
206000053,0,0,0
206000054,0,0,0
206000055,0,0,0
206000075,0,0,0
206000076,0,0,0
206000077,0,0,0
206000078,0,0,0
206000079,0,0,0
206000082,206,3,203
206000100,0,0,0
206000103,0,0,0
206000104,0,0,0
206000105,0,0,0
206000106,0,0,0
206000108,310,126,184
206000125,162,1,161
206000157,0,0,0
206000170,0,0,0
206000171,0,2,-2
206000172,0,0,0
206000173,0,0,0
206000174,0,0,0
206000175,0,0,0
206000176,0,0,0
206000177,0,0,0
206000178,0,0,0
206000179,0,0,0
206000180,0,0,0
206000181,0,0,0
206000182,0,0,0
206000183,0,0,0
206000184,0,1,-1
206000185,0,0,0
206000186,2,0,2
206000223,0,3,-3
206000226,5,3,2
206000227,34,1,33
206000237,0,0,0
206000238,0,0,0
206000239,0,0,0
206000240,0,0,0
206000241,0,0,0
206000242,0,0,0
206000243,0,0,0
206000244,1,1,0
206000245,138,6,132
206000246,95,0,95
206000247,56,1,55
206000248,29,3,26
206000252,0,0,0
206000258,0,0,0
206000315,0,0,0
206000317,87,14,73
206000318,39,5,34
206000319,195,4,191
206000320,82,1,81
206000321,62,3,59
206000322,95,6,89
206000323,42,1,41
206000324,56,0,56
206000325,66,1,65
206000326,38,4,34
206000327,4,10,-6
206000328,173,1,172
206000329,44,0,44
206000330,36,0,36
206000331,51,0,51
206000332,7,0,7
206000333,283,4,279
206000334,64,0,64
206000335,0,0,0
206000361,0,0,0
206000392,0,0,0
206000405,107,0,107
206000441,68,63,5
206000498,40,0,40
206000515,0,0,0
206000530,32,4,28
206000531,17,2,15
206000532,115,2,113
206000535,0,0,0
206000536,0,0,0
206000537,0,0,0
206000613,100,8,92
207000001,0,0,0
207000002,0,0,0
207000003,0,0,0
207000007,303,90,213
207000008,0,0,0
207000009,0,0,0
207000010,9,19,-10
207000012,121,114,7
207000015,8,36,-28
207000019,300,15,285
207000021,387,77,310
207000022,302,38,264
207000023,281,18,263
207000024,3,10,-7
207000025,3,13,-10
207000026,0,0,0
207000027,0,0,0
207000028,0,0,0
207000029,0,0,0
207000033,298,264,34
207000034,95,51,44
207000039,241,32,209
207000040,246,11,235
207000041,62,17,45
207000042,344,44,300
207000043,226,84,142
207000051,0,0,0
207000052,0,0,0
207000053,0,0,0
207000054,0,0,0
207000055,0,0,0
207000056,0,0,0
207000057,0,0,0
207000058,0,0,0
207000059,0,0,0
207000060,0,0,0
207000061,35,375,-340
207000062,263,154,109
207000063,183,139,44
207000064,287,117,170
207000065,250,50,200
207000066,253,46,207
207000067,63,33,30
207000068,150,10,140
207000069,726,78,648
207000082,0,12,-12
207000083,3,17,-14
207000084,79,46,33
207000085,0,0,0
207000086,0,0,0
207000106,22,12,10
207000107,165,9,156
207000108,64,0,64
207000109,56,1,55
207000110,58,17,41
207000111,187,9,178
207000112,103,35,68
207000114,0,0,0
207000115,0,0,0
207000116,0,0,0
207000117,0,0,0
207000118,0,0,0
207000119,0,0,0
207000123,83,7,76
207000124,106,0,106
207000125,25,2,23
207000126,65,13,52
207000134,0,0,0
207000135,0,0,0
207000148,231,34,197
207000149,0,0,0
207000152,0,0,0
207000153,0,0,0
207000154,328,33,295
207000159,0,0,0
207000160,0,0,0
207000238,0,0,0
207000242,0,0,0
207000248,0,0,0
207000249,0,0,0
207000250,0,0,0
207000251,0,0,0
207000252,0,0,0
207000278,95,66,29
207000279,0,0,0
207000280,205,22,183
207000281,28,45,-17
207000282,1,6,-5
207000283,0,3,-3
207000284,0,0,0
207000285,1,6,-5
207000291,0,0,0
207000304,29,38,-9
207000306,0,0,0
207000310,162,106,56
207000353,46,0,46
207000356,0,0,0
207000357,0,57,-57
207000358,0,9,-9
207000415,0,0,0
207000417,71,0,71
207000418,15,29,-14
207000438,0,0,0
207000439,668,132,536
207000446,107,1,106
207000460,0,0,0
207000466,0,0,0
207000467,176,20,156
207000468,0,0,0
207000476,0,0,0
207000477,0,0,0
207000478,0,0,0
207000523,0,0,0
207000524,4,0,4
207000527,324,71,253
207000530,296,0,296
207000531,109,5,104
207000532,66,4,62
207000534,292,12,280
207000535,0,0,0
207000537,0,0,0
207000540,0,0,0
207000541,0,0,0
207000548,0,0,0
207000549,102,5,97
207000561,133,16,117
207000562,0,0,0
207000567,0,0,0
207000568,0,0,0
207000569,0,0,0
207000584,0,0,0
207000585,44,92,-48
207000616,0,0,0
207000617,130,0,130
207900008,0,0,0
208000001,111,220,-109
208000002,171,198,-27
208000003,254,159,95
208000004,232,182,50
208000005,0,0,0
208000019,371,207,164
208000020,336,157,179
208000021,0,0,0
208000022,0,0,0
208000028,0,0,0
208000033,0,0,0
208000034,0,0,0
208000040,56,80,-24
208000041,328,127,201
208000042,345,76,269
208000047,0,0,0
208000064,877,521,356
208000066,390,384,6
208000070,66,61,5
208000071,155,61,94
208000072,130,114,16
208000080,113,116,-3
208000081,153,53,100
208000082,0,0,0
208000083,0,0,0
208000084,3,3,0
208000085,0,0,0
208000086,0,0,0
208000087,0,0,0
208000089,0,0,0
208000090,0,0,0
208000093,0,0,0
208000094,0,0,0
208000095,0,0,0
208000104,646,109,537
208000105,629,136,493
208000114,188,140,48
208000115,259,137,122
208000116,236,297,-61
208000117,4,12,-8
208000118,51,12,39
208000155,0,0,0
208000158,0,0,0
208000186,574,403,171
208000204,0,0,0
208000205,0,0,0
208000282,0,0,0
209000004,21,26,-5
209000005,27,1,26
209000006,164,43,121
209000007,0,0,0
209000010,0,0,0
209000011,0,0,0
209000012,0,0,0
209000013,0,0,0
209000014,0,0,0
209000025,88,67,21
209000026,315,29,286
209000027,0,0,0
209000028,0,0,0
209000029,0,0,0
209000030,0,0,0
209000031,0,0,0
209000034,0,0,0
209000035,0,0,0
209000036,0,0,0
209000037,1,1,0
209000038,0,0,0
209000039,0,0,0
209000040,0,0,0
209000041,0,0,0
209000042,0,0,0
209000043,0,0,0
209000044,0,0,0
209000045,260,32,228
209000046,168,45,123
209000047,320,12,308
209000048,376,53,323
209000049,0,0,0
209000050,0,0,0
209000051,0,0,0
209000052,0,0,0
209000062,0,0,0
209000063,0,0,0
209000064,0,0,0
209000065,5,1,4
209000066,4,2,2
209000067,13,1,12
209000080,0,0,0
209000082,0,0,0
209000091,0,0,0
209000093,0,0,0
209000094,0,0,0
209000110,21,22,-1
209000111,173,81,92
209000112,211,54,157
209000113,191,51,140
209000114,20,7,13
209000115,0,0,0
209000116,0,0,0
209000118,0,6,-6
209000119,0,0,0
209000121,0,0,0
209000135,1,11,-10
209000142,134,32,102
209000143,0,0,0
209000144,0,0,0
209000229,110,10,100
209000240,0,0,0
209000259,0,0,0
209000260,0,0,0
209000261,0,0,0
209000262,0,0,0
209000263,0,0,0
209000264,0,0,0
209000265,47,1,46
209000266,17,0,17
209000267,318,2,316
209000268,622,3,619
210000037,22,0,22
210000047,87,0,87
210000048,28,3,25
210000049,5,0,5
210000052,0,0,0
210000053,0,0,0
210000054,0,0,0
210000070,53,0,53
210000071,65,0,65
210000072,28,0,28
210000073,0,0,0
210000074,0,0,0
210000075,0,0,0
210000076,0,0,0
210000077,0,0,0
210000078,0,0,0
210000079,6,10,-4
210000080,71,6,65
210000081,67,2,65
210000082,5,0,5
210000083,46,0,46
210000084,58,0,58
210000085,0,0,0
210000086,0,0,0
210000099,0,0,0
210000100,0,0,0
210000101,0,0,0
210000105,0,0,0
210000159,0,0,0
210000163,0,0,0
210000164,90,14,76
210000168,33,1,32
210000187,0,0,0
210000188,0,0,0
210000214,23,0,23
210000219,33,1,32
210000220,47,2,45
210000232,0,0,0
210000233,0,0,0
210000234,0,0,0
210000235,0,0,0
210000245,0,0,0
210000246,8,0,8
210000258,0,0,0
210000259,122,3,119
210000282,0,0,0
210000285,0,0,0
210000286,0,0,0
210000290,1,1,0
210000295,0,0,0
210000296,0,0,0
210000320,45,3,42
210000321,14,4,10
210000338,0,0,0
210000339,0,0,0
210000340,0,0,0
210000341,0,0,0
210000342,0,0,0
210000343,0,0,0
210000344,0,0,0
210000345,0,0,0
210000346,0,0,0
210000347,0,0,0
210000348,0,0,0
210000349,0,0,0
210000350,0,0,0
210000351,0,0,0
210000352,20,4,16
210000353,52,2,50
210000354,17,21,-4
210000355,25,7,18
210000356,2,9,-7
210000357,23,25,-2
210000358,20,12,8
210000359,38,5,33
210000360,139,53,86
210000361,66,41,25
210000362,90,43,47
210000363,268,95,173
210000364,86,64,22
210000365,106,14,92
210000366,101,4,97
210000367,90,1,89
210000368,68,2,66
210000369,14,4,10
210000370,23,5,18
210000372,3,5,-2
210000373,0,2,-2
210000374,90,0,90
210000375,16,4,12
210000376,25,13,12
210000404,0,0,0
210000439,23,0,23
210000472,10,0,10
210000482,37,12,25
210000564,296,45,251
210000567,0,0,0
210000568,33,0,33
211000092,0,0,0
211000094,0,0,0
211000169,0,0,0
211000172,0,0,0
211000209,0,0,0
211000226,16,2,14
211000270,0,0,0
211000275,0,0,0
211000276,0,0,0
211000279,0,0,0
211000281,0,0,0
211507980,0,0,0
211977296,0,0,0
212000003,75,7,68
212000004,0,0,0
212000005,0,0,0
212000006,0,0,0
212000008,0,0,0
212000009,0,0,0
212000012,0,0,0
212000013,0,0,0
212000014,0,0,0
212000015,0,0,0
212000016,0,0,0
212000027,401,57,344
212000028,229,187,42
212000029,235,187,48
212000030,23,34,-11
212000031,28,5,23
212000048,0,0,0
212000049,0,0,0
212000050,0,0,0
212000051,0,0,0
212000052,0,0,0
212000053,0,0,0
212000054,264,25,239
212000055,221,35,186
212000056,41,33,8
212000057,0,25,-25
212000058,4,9,-5
212000070,0,0,0
212000077,0,0,0
212000099,138,37,101
212000108,168,33,135
212000111,41,4,37
212000120,0,0,0
212000138,0,0,0
212000156,0,0,0
212000158,0,34,-34
212000159,498,37,461
212000160,367,38,329
212000161,1,1,0
212000310,0,0,0
212000311,2,20,-18
212000374,0,0,0
213000001,0,0,0
213000005,219,20,199
213000006,237,47,190
213000007,9,0,9
213000009,266,60,206
213000010,249,26,223
213000011,168,7,161
213000012,0,0,0
213000014,23,31,-8
213000015,225,6,219
213000016,128,1,127
213000017,11,0,11
213000018,0,0,0
213000019,0,0,0
213000020,0,0,0
213000021,0,0,0
213000023,1089,41,1048
213000033,0,0,0
213000034,452,26,426
213000035,209,13,196
213000045,0,0,0
213000046,0,0,0
213000047,0,0,0
213000056,225,6,219
213000069,4,0,4
213000073,0,0,0
213000074,0,0,0
213000075,333,3,330
213000076,0,0,0
213000085,0,0,0
213000086,0,0,0
213000091,329,0,329
213000092,21,0,21
213000099,0,0,0
213000100,481,104,377
213000101,452,12,440
213000102,402,4,398
213000103,393,9,384
213000104,0,0,0
213000105,0,0,0
213000106,0,0,0
213000107,0,0,0
213000108,0,0,0
213000109,0,0,0
213000110,0,0,0
213000111,0,0,0
213000112,0,0,0
213000115,32,1,31
213000116,0,0,0
213000117,0,0,0
213000118,105,289,-184
213000119,0,0,0
213000120,0,0,0
213000122,0,0,0
213000123,0,0,0
213000124,0,0,0
213000125,120,123,-3
213000126,0,0,0
213000127,0,0,0
213000128,0,0,0
213000129,336,127,209
213000130,464,65,399
213000132,311,61,250
213000133,463,128,335
213000134,447,0,447
213000136,172,1,171
213000137,522,11,511
213000139,85,1,84
213000147,5,0,5
213000148,2,0,2
213000149,3,0,3
213000150,0,0,0
213000151,0,0,0
213000152,0,0,0
213000153,0,0,0
213000154,0,0,0
213000155,0,0,0
213000156,0,0,0
213000157,0,0,0
213000158,0,0,0
213000159,533,59,474
213000163,304,155,149
213000165,527,75,452
213000171,0,0,0
213000172,0,0,0
213000173,0,0,0
213000174,0,0,0
213000175,0,0,0
213000176,375,57,318
213000177,162,2,160
213000178,421,2,419
213000179,68,0,68
213000180,236,3,233
213000184,0,0,0
213000188,117,2,115
213000189,191,11,180
213000190,189,1,188
213000191,181,0,181
213000192,92,0,92
213000193,0,0,0
213000194,0,0,0
213000195,0,0,0
213000196,0,0,0
213000197,497,63,434
213000198,0,0,0
213000200,0,0,0
213000201,0,0,0
213000202,0,0,0
213000203,977,144,833
213000204,661,48,613
213000205,451,12,439
213000206,617,19,598
213000207,17,4,13
213000208,0,0,0
213000209,4,0,4
213000210,51,0,51
213000211,0,0,0
213000212,0,0,0
213000213,0,0,0
213000218,45,168,-123
213000219,282,40,242
213000220,247,31,216
213000223,35,46,-11
213000224,1,6,-5
213000225,25,2,23
213000226,80,7,73
213000227,684,17,667
213000228,332,1,331
213000229,13,2,11
213000230,157,1,156
213000232,0,0,0
213000233,0,0,0
213000234,0,0,0
213000293,0,0,0
213000294,31,0,31
213000295,0,0,0
213000296,13,0,13
213000297,0,0,0
213000298,0,0,0
213000299,12,0,12
213000300,1,2,-1
213000303,0,0,0
213000304,0,0,0
213000305,0,20,-20
213000306,0,0,0
213000307,2,14,-12
213000308,0,0,0
213000309,100,3,97
213000310,54,20,34
213000311,0,0,0
213000315,0,0,0
213000316,78,6,72
213000322,0,0,0
213000323,0,0,0
213000324,0,0,0
213000325,0,0,0
213000326,0,0,0
213000327,0,0,0
213000328,0,0,0
213000329,0,0,0
213000340,0,0,0
213000341,262,24,238
213000346,2,27,-25
213000347,122,23,99
213000348,0,0,0
213000349,0,0,0
213000350,0,0,0
213000366,0,0,0
213000367,148,2,146
213000379,0,0,0
213000386,0,0,0
213000406,0,0,0
213000417,552,174,378
213000425,0,0,0
213000426,0,0,0
213000427,0,0,0
213000428,0,0,0
213000429,0,0,0
213000430,0,0,0
213000431,0,0,0
213000432,0,0,0
213000433,0,0,0
213000434,0,0,0
213000435,0,0,0
213000436,0,0,0
213000437,0,0,0
213000438,0,0,0
213000439,0,0,0
213000440,0,0,0
213000441,0,0,0
213000442,0,0,0
213000443,0,0,0
213000444,0,0,0
213000445,0,0,0
213000446,0,0,0
213000447,0,0,0
213000448,0,0,0
213000449,0,0,0
213000450,0,0,0
213000451,0,0,0
213000452,0,0,0
213000453,0,0,0
213000455,52,4,48
213000456,0,0,0
213000481,5,0,5
213000484,4,0,4
213000489,34,1,33
213000491,0,0,0
213000492,49,0,49
213000493,0,0,0
213000494,209,17,192
213000495,0,0,0
213000496,770,130,640
213000497,0,0,0
213000498,0,0,0
213000499,0,0,0
213000500,290,6,284
213000501,31,5,26
213000502,48,3,45
213000503,0,0,0
213000504,0,0,0
213000505,96,1,95
213000506,0,0,0
213000507,0,0,0
213900016,0,0,0
213900244,83,3,80
213900245,0,0,0
218000003,0,0,0
218000004,0,0,0
218000005,2,56,-54
218000006,0,0,0
218000007,0,0,0
218000012,0,0,0
218000013,26,59,-33
218000014,68,48,20
218000019,0,0,0
218000020,0,0,0
218000021,0,0,0
218000022,0,0,0
218000023,0,0,0
218000024,0,0,0
218000025,0,0,0
218000026,0,0,0
218000027,0,0,0
218000028,0,0,0
218000029,0,0,0
218000030,0,0,0
218000031,0,0,0
218000032,0,0,0
218000040,0,0,0
218000046,0,0,0
218000047,0,0,0
218000048,0,0,0
218000049,0,0,0
218000050,0,0,0
218000051,0,0,0
218000052,0,0,0
218000053,0,0,0
218000054,0,0,0
218000055,0,0,0
218000056,0,0,0
218000057,0,0,0
218000064,0,2,-2
218000065,68,9,59
218000066,50,9,41
218000067,0,0,0
218000068,0,0,0
218000069,0,0,0
218000070,0,0,0
218000071,0,0,0
218000072,0,0,0
218000078,0,0,0
218000079,0,0,0
218000080,0,0,0
218000081,0,0,0
218000082,0,0,0
218000083,0,0,0
218000084,0,0,0
218000085,0,0,0
218000086,0,0,0
218000087,0,0,0
218000090,0,0,0
218000091,140,94,46
218000092,0,0,0
218000093,12,1,11
218000094,0,0,0
218000099,52,63,-11
218000100,34,34,0
218000101,5,22,-17
218000102,136,14,122
218000103,19,15,4
218000104,32,3,29
218000105,0,0,0
218000106,0,0,0
218000107,0,0,0
218000108,0,0,0
218000112,0,0,0
218000117,50,10,40
218000134,0,0,0
218000135,0,0,0
218000136,0,0,0
218000137,0,0,0
218000138,0,0,0
218000139,0,0,0
218000140,0,0,0
218000141,0,0,0
218000142,0,0,0
218000143,0,0,0
218000144,0,0,0
218000145,0,0,0
218000146,0,0,0
218000151,0,29,-29
218000152,45,7,38
218000153,0,0,0
218000154,0,0,0
218000155,0,0,0
218000156,0,0,0
218000157,0,0,0
218000158,0,0,0
218000159,0,0,0
218000160,0,0,0
218000161,0,0,0
218000162,0,0,0
218000163,0,0,0
218000164,0,0,0
218000165,0,0,0
218000170,0,3,-3
218000171,58,11,47
218000172,1,10,-9
218000173,2,3,-1
218000174,16,2,14
218000176,203,8,195
218000177,466,51,415
218000178,198,55,143
218000179,497,46,451
218000180,60,3,57
218000181,251,25,226
218000187,0,0,0
218000188,0,0,0
218000189,0,0,0
218000190,0,0,0
218000191,0,0,0
218000192,0,0,0
218000193,0,0,0
218000194,0,0,0
218000195,0,0,0
218000196,0,0,0
218000197,0,0,0
218000198,0,2,-2
218000199,2,0,2
218000200,3,1,2
218000201,1,0,1
218000202,0,0,0
218000207,0,0,0
218000208,0,0,0
218000211,0,0,0
218000212,0,0,0
218000213,0,0,0
218000214,0,0,0
218000215,0,0,0
218000217,0,0,0
218000218,0,0,0
218000219,0,0,0
218000220,28,0,28
218000221,263,205,58
218000222,3,19,-16
218000223,32,275,-243
218000224,22,142,-120
218000225,207,58,149
218000226,185,28,157
218000230,0,0,0
218000232,0,0,0
218000239,15,1,14
218000240,0,0,0
218000241,0,0,0
218000242,1,0,1
218000243,0,0,0
218000244,0,0,0
218000245,0,0,0
218000246,0,0,0
218000247,0,0,0
218000248,0,0,0
218000249,0,0,0
218000250,0,0,0
218000251,0,0,0
218000252,0,0,0
218000253,0,0,0
218000254,0,0,0
218000255,0,0,0
218000256,0,0,0
218000267,0,0,0
218000268,0,0,0
218000269,0,0,0
218000270,0,0,0
218000271,0,0,0
218000273,65,10,55
218000274,38,1,37
218000275,0,0,0
218000276,0,0,0
218000278,0,0,0
218000279,0,0,0
218000280,0,0,0
218000281,0,0,0
218000282,63,18,45
218000284,102,76,26
218000301,0,0,0
218000302,0,0,0
218000303,0,0,0
218000316,30,56,-26
218000317,1,0,1
218000318,0,0,0
218000319,0,0,0
218000320,0,0,0
218000338,1,0,1
218000345,0,0,0
218000346,60,58,2
218000459,0,0,0
218000490,0,0,0
218000501,14,4,10
218000502,0,0,0
218000503,23,1,22
218000504,41,1,40
218000505,0,0,0
218000506,0,0,0
218000508,0,0,0
218000510,65,8,57
218000520,0,0,0
218000521,0,0,0
218000522,0,0,0
218000523,28,0,28
218000524,0,0,0
218000525,19,0,19
218000526,0,0,0
218000529,0,0,0
218000530,0,0,0
218000531,51,2,49
218000532,0,0,0
218000534,13,0,13
218000537,6,12,-6
218000538,0,0,0
218000540,0,0,0
218000543,0,0,0
218000544,0,0,0
218000545,0,0,0
218000546,0,0,0
218000547,0,0,0
218000548,0,0,0
218000549,270,1,269
218000550,0,0,0
218000551,0,0,0
218000552,99,2,97
218000553,0,0,0
218000554,0,0,0
218000555,0,0,0
218000556,0,0,0
218000557,38,17,21
218000558,25,0,25
218000559,0,0,0
218000560,0,0,0
218000561,3,0,3
218000562,0,0,0
218000563,169,2,167
218000564,0,0,0
218000565,10,0,10
218000566,14,0,14
218000567,0,0,0
218000568,0,0,0
218000569,0,0,0
218000570,3,0,3
218000571,0,0,0
218000572,9,0,9
218000573,0,0,0
218000574,5,3,2
218000575,14,0,14
218000576,0,0,0
218000577,24,0,24
218000578,0,0,0
218000579,0,0,0
218000581,0,0,0
218000582,0,0,0
218000583,0,0,0
218000584,0,0,0
218000585,0,0,0
218000586,0,0,0
218000587,0,0,0
218000588,0,0,0
218000589,0,0,0
218000590,0,0,0
218000591,0,0,0
218000592,0,0,0
218000593,0,0,0
218000594,0,0,0
218000595,0,0,0
218000596,0,0,0
218000597,0,0,0
218000598,0,0,0
218000599,0,0,0
218000600,0,0,0
218000601,0,0,0
218000602,0,0,0
218000603,0,0,0
218000604,1,0,1
218000605,0,0,0
218000606,0,0,0
218000607,0,0,0
218000608,0,0,0
218000609,0,0,0
218000610,0,0,0
218000611,0,0,0
218000612,0,0,0
218000613,0,0,0
218000614,0,0,0
218000615,0,0,0
218000616,0,0,0
218000617,0,0,0
218000618,0,0,0
218000619,4,5,-1
218000620,0,0,0
218000621,0,3,-3
218000622,0,0,0
218000623,0,0,0
218000624,0,0,0
218000625,1,0,1
218000626,0,0,0
218000628,33,35,-2
218000631,0,0,0
218000632,0,0,0
218000633,1,0,1
218000634,0,0,0
218000635,0,0,0
218000636,0,0,0
218000637,0,0,0
218000638,379,70,309
218000639,0,0,0
218000640,167,2,165
218000641,0,0,0
218000652,0,0,0
218000653,350,44,306
218000663,0,0,0
218000675,1,2,-1
218000676,0,0,0
218000677,0,0,0
218000680,0,0,0
218000681,64,15,49
218000691,0,0,0
218000693,160,38,122
218000703,0,0,0
218000718,0,0,0
218000719,30,21,9
218000720,0,0,0
218000721,0,2,-2
218000725,0,0,0
218001214,0,0,0
218001329,55,16,39
218001330,0,0,0
218001351,0,3,-3
218001352,0,0,0
218001353,0,0,0
218001354,0,0,0
218001355,12,0,12
218001357,8,0,8
219000001,0,0,0
219000002,0,0,0
219000003,57,3,54
219000004,22,42,-20
219000017,0,0,0
219000020,110,0,110
219000022,79,0,79
219000023,45,0,45
219000029,0,0,0
219000034,13,23,-10
219000039,0,0,0
219000040,0,0,0
219000041,0,0,0
219000051,0,0,0
219000052,0,0,0
219000053,0,0,0
219000054,0,0,0
219000055,0,0,0
219000056,0,0,0
219000057,0,0,0
219000062,0,0,0
219000063,0,0,0
219000064,0,0,0
219000110,53,24,29
219000111,65,14,51
219000112,92,12,80
219000113,53,8,45
219000114,81,4,77
219000116,2,0,2
219000117,2,0,2
219000118,8,2,6
219000123,71,0,71
219000124,5,0,5
219000125,0,0,0
219000126,0,0,0
219000127,0,0,0
219000128,0,0,0
219000129,0,0,0
219000130,0,0,0
219000131,207,258,-51
219000133,0,5,-5
219000134,5,13,-8
219000135,2,2,0
219000136,26,31,-5
219000138,2,0,2
219000139,0,0,0
219000140,16,0,16
219000141,0,0,0
219000142,0,0,0
219000143,0,0,0
219000145,3,0,3
219000146,0,0,0
219000147,0,0,0
219000148,0,0,0
219000149,0,0,0
219000150,0,0,0
219000151,0,0,0
219000157,38,8,30
219000158,1,4,-3
219000161,0,0,0
219000163,10,4,6
219000166,2,25,-23
219000167,0,0,0
219000168,36,15,21
219000174,19,5,14
219000175,0,0,0
219000176,0,0,0
219000177,0,0,0
219000178,0,0,0
219000179,0,0,0
219000180,0,0,0
219000182,62,4,58
219000183,53,2,51
219000184,31,1,30
219000185,0,0,0
219000186,38,1,37
219000187,28,1,27
219000189,0,0,0
219000190,0,0,0
219000191,0,0,0
219000192,20,17,3
219000193,0,0,0
219000195,0,0,0
219000196,0,0,0
219000198,0,0,0
219000199,0,0,0
219000200,0,0,0
219000201,0,0,0
219000203,0,0,0
219000204,0,0,0
219000205,0,0,0
219000207,0,0,0
219000209,0,0,0
219000210,0,0,0
219000213,0,0,0
219000239,0,0,0
219000240,0,0,0
219000241,0,0,0
219000242,0,0,0
219000243,0,0,0
219000244,0,0,0
219000245,0,0,0
219000246,7,21,-14
219000247,76,8,68
219000248,164,121,43
219000249,47,29,18
219000250,31,27,4
219000251,132,94,38
219000252,145,73,72
219000253,78,8,70
219000255,10,16,-6
219000256,56,8,48
219000257,72,0,72
219000262,0,0,0
219000263,0,0,0
219000267,0,0,0
219000268,0,0,0
219000269,0,0,0
219000270,0,0,0
219000271,0,0,0
219000278,0,0,0
219000279,0,0,0
219000283,0,0,0
219000295,0,0,0
219000296,0,0,0
219000297,0,0,0
219000298,0,0,0
219000299,170,7,163
219000300,0,0,0
219000301,0,0,0
219000302,0,0,0
219000307,0,0,0
219000308,0,0,0
219000311,71,1,70
219000312,85,12,73
219000313,93,1,92
219000314,0,0,0
219000315,155,16,139
219000316,145,2,143
219000317,33,0,33
219000320,0,0,0
219000321,0,0,0
219000323,0,0,0
219000325,0,0,0
219000326,0,0,0
219000327,0,0,0
219000328,0,0,0
219000329,0,0,0
219000330,0,0,0
219000331,0,0,0
219000332,16,9,7
219000333,0,0,0
219000335,0,0,0
219000337,4,0,4
219000338,7,0,7
219000344,0,0,0
219000345,0,0,0
219000346,0,0,0
219000348,0,0,0
219000349,0,0,0
219000350,0,0,0
219000351,0,0,0
219000352,26,30,-4
219000353,7,18,-11
219000354,7,7,0
219000355,29,4,25
219000356,45,57,-12
219000363,86,3,83
219000364,192,5,187
219000365,36,1,35
219000366,108,5,103
219000368,43,48,-5
219000370,44,68,-24
219000371,0,0,0
219000382,0,0,0
219000383,0,0,0
219000385,0,0,0
219000386,0,0,0
219000387,0,0,0
219000390,0,0,0
219000391,0,0,0
219000397,0,0,0
219000398,0,0,0
219000401,0,0,0
219000402,0,0,0
219000403,0,0,0
219000404,0,0,0
219000407,0,0,0
219000409,16,30,-14
219000410,97,3,94
219000411,29,1,28
219000446,0,0,0
219000447,0,0,0
219000448,18,1,17
219000452,0,0,0
219000453,0,0,0
219000454,29,14,15
219000556,52,25,27
219000558,0,0,0
219000590,0,0,0
219000591,17,28,-11
219000592,0,0,0
219000595,0,0,0
219000635,68,0,68
219000636,0,0,0
219000657,0,1,-1
219000658,0,0,0
219000673,0,0,0
219000676,0,0,0
219000679,4,0,4
219000684,0,0,0
219000685,0,0,0
219000686,0,0,0
219000688,0,0,0
219000689,0,0,0
219000690,313,6,307
219000691,0,0,0
219000692,49,2,47
219000693,0,0,0
219000694,0,0,0
219000695,0,0,0
219000698,29,0,29
219000699,0,0,0
219000727,0,0,0
219000728,0,0,0
219000770,15,0,15
219000771,0,0,0
219000788,0,0,0
219001150,0,0,0
219001151,0,0,0
219001166,7,1,6
219001167,0,0,0
219001178,94,0,94
220000001,0,6,-6
220000002,0,0,0
220000003,0,0,0
220000004,0,0,0
220000005,0,0,0
220000006,0,0,0
220000007,0,0,0
220000008,0,0,0
220000009,0,0,0
220000010,1,1,0
220000011,7,7,0
220000012,0,0,0
220000014,0,0,0
220000015,0,0,0
220000017,0,0,0
220000018,4,4,0
220000019,0,0,0
220000020,9,3,6
220000021,0,0,0
220000022,0,0,0
220000023,0,0,0
220000024,2,1,1
220000025,4,14,-10
220000026,20,28,-8
220000027,0,5,-5
220000028,1,5,-4
220000029,0,0,0
220000030,0,0,0
220000031,22,51,-29
220000064,0,0,0
221000046,27,1,26
221000047,0,0,0
221000048,0,0,0
221000049,0,0,0
221000050,19,0,19
221000055,34,0,34
221000057,99,31,68
221000068,358,37,321
221000069,191,35,156
221000070,102,23,79
221000071,76,2,74
221000072,195,0,195
221000073,94,9,85
221000074,0,0,0
221000075,0,0,0
221000076,0,0,0
221000077,0,0,0
221000081,8,0,8
221000082,13,0,13
221000083,28,0,28
221000084,31,0,31
221000085,1,0,1
221000086,0,0,0
221000087,0,0,0
221000088,0,0,0
221000089,0,0,0
221000090,0,0,0
221000098,97,14,83
221000099,96,0,96
221000100,116,0,116
221000101,174,5,169
221000102,91,0,91
221000109,0,0,0
221000110,0,0,0
221000111,0,0,0
221000112,0,0,0
221000113,0,0,0
221000114,0,0,0
221000120,0,0,0
221000121,0,26,-26
221000122,1,8,-7
221000123,0,0,0
221000124,0,0,0
221000155,55,15,40
221000156,1,3,-2
221000175,0,0,0
221000176,0,0,0
221000182,18,0,18
221000241,811,87,724
221000242,0,0,0
221000243,365,44,321
221000244,0,0,0
221000245,169,21,148
221000246,0,0,0
221000247,299,42,257
221000248,0,0,0
221000267,0,0,0
221000325,0,0,0
221000331,0,0,0
221000338,2,13,-11
221000378,148,12,136
221000381,0,0,0
222000282,0,0,0
222000296,0,0,0
222000568,88,6,82
222000569,86,2,84
222000570,47,18,29
222000571,234,4,230
222000577,0,0,0
222000578,0,0,0
222000579,0,0,0
222000580,0,0,0
222000599,0,0,0
222000600,0,0,0
222000601,0,0,0
222000603,0,0,0
222000604,0,0,0
222000605,0,0,0
222000606,0,0,0
222000607,0,0,0
222000608,0,0,0
222000609,0,0,0
222000616,60,0,60
222000617,0,0,0
222000618,0,0,0
222000620,0,0,0
222000621,24,1,23
222000623,236,2,234
222000624,269,1,268
222000625,252,0,252
222000636,16,0,16
222000686,0,0,0
222000687,3,0,3
222001066,126,0,126
222001067,49,0,49
222001068,60,1,59
222001069,27,0,27
222001082,0,0,0
222001083,0,0,0
222001084,0,0,0
222001085,0,0,0
222001111,0,0,0
222001112,50,21,29
222001313,1,0,1
222001314,0,0,0
222001464,5,0,5
222001465,0,0,0
222001484,15,0,15
222001485,0,0,0
222001494,81,7,74
222001495,0,0,0
222001496,126,3,123
222001497,0,0,0
222001502,0,0,0
222001503,70,0,70
222001504,0,0,0
222001505,246,0,246
222001506,0,0,0
222001507,142,5,137
222001510,216,21,195
222001511,0,0,0
222001514,272,17,255
222001515,0,0,0
222001518,106,2,104
222001519,0,0,0
222001527,17,1,16
222001528,0,0,0
222001529,104,3,101
222001530,0,0,0
222001533,0,0,0
222001534,404,8,396
222001535,57,14,43
222001536,0,0,0
222001537,43,7,36
222001538,0,0,0
222001563,297,12,285
222001564,0,0,0
222001568,31,5,26
222001576,0,0,0
222001579,0,0,0
222001583,0,0,0
222001584,33,0,33
222001596,0,0,0
222001597,219,71,148
222001626,0,0,0
222001650,0,12,-12
222001651,4,0,4
222001914,33,3,30
222001915,0,0,0
222001968,58,9,49
222001969,0,0,0
222001970,29,0,29
222001971,23,0,23
222001972,0,0,0
225000001,107,31,76
225000002,231,27,204
225000003,113,11,102
225000004,223,32,191
225000005,82,6,76
225000006,0,0,0
225000007,0,0,0
225000010,16,0,16
225000011,78,209,-131
225000012,99,113,-14
225000013,47,24,23
225000014,76,31,45
225000015,0,0,0
225000021,216,18,198
225000027,0,0,0
225000032,206,61,145
225000042,0,0,0
225000049,0,0,0
225000050,21,0,21
225000053,0,0,0
225000058,131,32,99
225000067,0,0,0
225000068,0,0,0
225000069,0,0,0
225000070,0,0,0
225000071,0,0,0
225000075,0,0,0
225000076,0,0,0
225000078,0,10,-10
225000085,20,27,-7
225000086,13,0,13
225000087,71,1,70
225000088,0,0,0
225000089,0,0,0
225000090,0,0,0
225000091,0,0,0
225000092,0,0,0
225000093,0,0,0
225000094,0,0,0
225000095,0,0,0
225000096,0,0,0
225000098,254,95,159
225000099,220,23,197
225000100,92,31,61
225000104,0,0,0
225000110,0,0,0
225000111,0,0,0
225000112,0,0,0
225000113,0,0,0
225000114,0,0,0
225000115,0,0,0
225000116,133,35,98
225000117,380,107,273
225000118,447,83,364
225000119,56,4,52
225000120,207,10,197
225000121,159,2,157
225000123,716,7,709
225000125,191,56,135
225000126,238,47,191
225000127,375,111,264
225000128,358,169,189
225000132,0,0,0
225000133,0,0,0
225000134,108,116,-8
225000135,13,2,11
225000136,32,0,32
225000137,24,0,24
225000138,275,0,275
225000143,0,0,0
225000144,0,0,0
225000145,69,50,19
225000146,0,0,0
225000147,0,0,0
225000148,0,0,0
225000149,0,0,0
225000151,0,0,0
225000155,0,0,0
225000156,0,0,0
225000157,0,0,0
225000158,0,0,0
225000171,0,0,0
225000180,4,0,4
225000181,0,0,0
225000182,32,5,27
225000185,0,0,0
225000187,0,0,0
225000191,26,0,26
225000194,0,0,0
225000208,0,0,0
225000209,70,6,64
225000210,0,0,0
225000217,0,0,0
225000218,36,2,34
225000223,0,0,0
225000224,7,0,7
225000225,0,0,0
225000226,372,12,360
225000227,0,0,0
225000228,7,6,1
225000229,0,0,0
225000230,0,0,0
225000231,0,0,0
225000232,77,0,77
225000241,133,0,133
225000242,0,0,0
225000249,43,9,34
225000250,0,0,0
225000251,0,0,0
225000254,0,0,0
225000256,0,0,0
225000257,0,0,0
226000042,0,0,0
226000043,0,0,0
226000044,0,0,0
226000045,0,0,0
226000046,117,32,85
226000047,100,2,98
226000048,209,6,203
226000049,78,86,-8
226000070,0,0,0
226000071,0,0,0
226000072,0,0,0
226000073,0,0,0
226000074,0,0,0
226000084,0,0,0
226000085,0,0,0
226000086,0,0,0
226000087,0,0,0
226000088,0,0,0
226000090,0,23,-23
226000091,0,0,0
226000092,0,0,0
226000093,0,0,0
226000094,0,0,0
226000095,2,3,-1
226000105,0,0,0
226000106,2,0,2
226000107,0,0,0
226000108,2,0,2
226000109,21,0,21
226000124,47,32,15
226000134,121,74,47
226000135,155,52,103
226000136,12,29,-17
226000137,0,0,0
226000138,0,0,0
226000139,0,0,0
226000156,72,0,72
226000157,126,0,126
226000163,0,0,0
226000202,0,0,0
226000231,161,2,159
226000232,12,1,11
227000033,96,7,89
227000036,156,0,156
227000037,99,0,99
227000038,45,0,45
227000084,0,0,0
227000085,0,0,0
227000088,13,0,13
227000089,5,0,5
227000090,1,0,1
227000091,10,0,10
227000092,2,0,2
227000093,0,0,0
227000094,0,0,0
227000130,0,0,0
227000131,0,0,0
227000132,0,0,0
227000133,0,0,0
227000134,0,0,0
227000152,0,0,0
227000153,0,0,0
227000154,0,0,0
227000155,0,0,0
227000156,0,0,0
227000165,0,0,0
227000196,54,5,49
227000199,114,2,112
227000230,0,0,0
227000232,76,3,73
227000242,0,0,0
227000243,161,4,157
227000245,0,0,0
227000246,0,0,0
227000247,143,0,143
227000248,8,2,6
227000249,0,0,0
227000250,18,85,-67
227000251,0,0,0
227000252,0,0,0
227000253,64,1,63
227000262,279,4,275
227000266,203,1,202
227000267,0,0,0
227000282,0,0,0
227000284,160,8,152
227000286,0,0,0
227000291,0,0,0
227000296,14,0,14
227000484,188,0,188
227000485,0,0,0
227000655,48,1,47
227000656,87,2,85
227000657,19,1,18
227000704,33,1,32
229000265,2,0,2
229000266,0,0,0
229000267,23,0,23
229000268,4,1,3
229000269,2,0,2
229000274,0,0,0
229000275,0,0,0
229000276,0,0,0
229000277,0,0,0
229000278,0,0,0
229000295,0,0,0
229000296,0,0,0
229000297,0,0,0
229000298,0,0,0
229000320,0,1,-1
229000321,0,1,-1
229000412,0,0,0
229000414,0,0,0
229000415,1,0,1
229000416,0,0,0
229000417,0,0,0
229000419,0,0,0
229000440,81,7,74
229000442,6,1,5
229000443,1,0,1
229000444,0,0,0
229000445,13,0,13
229000446,29,2,27
229000491,0,0,0
229000492,0,0,0
229000493,0,0,0
229000494,0,0,0
229000495,0,0,0
229000496,0,0,0
229000507,0,0,0
229000508,0,0,0
229000509,0,0,0
229000510,0,0,0
229000511,0,0,0
229000512,0,0,0
229000513,0,0,0
229000514,0,0,0
229000517,0,0,0
229000518,0,0,0
229000519,0,0,0
229000520,0,0,0
229000521,0,0,0
229000522,0,0,0
229000523,0,0,0
229000524,0,0,0
229000527,0,0,0
229000528,0,0,0
229000529,0,0,0
229000530,0,0,0
229000531,0,0,0
229000532,0,0,0
229000533,8,3,5
229000534,1,4,-3
229000564,59,3,56
229000565,17,0,17
229000566,0,0,0
229000567,0,0,0
229000582,41,10,31
229000583,0,10,-10
229000584,0,0,0
229000585,0,0,0
229000718,0,0,0
229000719,0,0,0
229000720,0,0,0
229000721,0,0,0
229000722,0,0,0
229000723,0,0,0
229000724,0,0,0
229000725,0,0,0
229000738,2,0,2
229000739,0,0,0
229000740,2,0,2
229000741,37,0,37
229000742,58,0,58
229000743,20,0,20
229000744,1,0,1
229000745,0,0,0
229000746,27,0,27
229000847,0,0,0
229000848,0,0,0
229000849,0,0,0
229000851,0,0,0
229000854,0,0,0
229000856,0,0,0
229000857,0,0,0
229000858,0,0,0
229000919,0,0,0
229000930,0,0,0
229000937,99,1,98
229000966,38,4,34
229000981,0,0,0
229000985,0,0,0
229000986,0,0,0
229000987,0,0,0
229000988,0,0,0
229000989,0,1,-1
229000990,1,0,1
229000991,0,0,0
229000992,7,0,7
229000993,39,16,23
229000998,0,0,0
229000999,7,1,6
229001034,0,0,0
229001035,0,0,0
229001036,0,0,0
229001037,14,3,11
229001038,0,0,0
229001039,0,0,0
229001040,0,0,0
229001041,50,0,50
229001042,3,2,1
229001047,0,0,0
229001050,21,0,21
229001168,1,0,1
229001200,9,0,9
229001338,0,0,0
229001394,128,0,128
229001422,55,7,48
229001423,0,0,0
229001431,68,2,66
229001432,0,0,0
229001444,75,6,69
229001445,0,0,0
229001479,0,0,0
229001503,131,8,123
229001504,0,0,0
229001505,111,5,106
229001506,0,0,0
229001509,2,5,-3
229001510,0,0,0
229001545,38,2,36
229001546,0,0,0
229001553,35,2,33
229001554,0,0,0
229001630,22,1,21
229001631,0,0,0
229001635,0,0,0
229001636,0,0,0
229001658,0,0,0
229001659,75,0,75
229001660,1,0,1
229001661,0,0,0
229001662,9,0,9
229001663,0,0,0
229002584,40,9,31
229002831,0,0,0
229002841,0,0,0
229002842,0,0,0
229002843,9,0,9
229002844,0,0,0
229002845,0,0,0
229002846,0,0,0
229002847,0,0,0
229002848,0,0,0
229002849,0,0,0
229002850,25,0,25
229002851,0,0,0
229002852,23,2,21
229002853,7,1,6
229002854,0,0,0
229002855,0,0,0
229002856,0,3,-3
229002857,0,0,0
229002858,2,0,2
229002859,0,0,0
229002860,1,1,0
229002861,3,2,1
229002862,0,0,0
229002863,0,0,0
229002864,3,2,1
229002865,0,0,0
229002866,1,2,-1
229002867,0,0,0
229002868,17,1,16
229002869,0,0,0
229002870,4,0,4
235000066,259,7,252
235000067,135,4,131
235000072,0,0,0
235000073,0,0,0
235000074,0,0,0
235000080,0,0,0
235000081,0,0,0
235000082,177,1,176
235000083,133,6,127
235000084,45,3,42
235000085,308,7,301
235000089,11,2,9
235000092,0,0,0
235000093,0,0,0
235000097,1,0,1
235000098,127,2,125
235000099,28,2,26
235000116,12,1,11
235000117,102,0,102
235000133,0,0,0
235000134,0,0,0
235000206,1,3,-2
235000207,0,0,0
235000208,1,0,1
235000209,1,2,-1
235000210,2,3,-1
235000212,0,0,0
235000213,0,0,0
235000220,0,0,0
235000221,0,0,0
235000238,12,160,-148
235000239,0,3,-3
235000242,50,419,-369
235000245,0,0,0
235000246,0,0,0
235000284,0,0,0
235000295,31,1,30
235000305,113,28,85
235000306,58,0,58
235000307,29,0,29
235000308,0,0,0
235000309,2,0,2
235000310,3,0,3
235000311,6,0,6
235000322,0,0,0
235000323,0,0,0
235000324,0,0,0
235000325,0,0,0
235000326,0,0,0
235000351,0,0,0
235000352,0,0,0
235000353,0,0,0
235000354,0,0,0
235000355,0,0,0
235000356,8,0,8
235000357,15,0,15
235000358,7,3,4
235000359,0,0,0
235000360,2,0,2
235000361,13,0,13
235000381,0,0,0
235000382,54,1,53
235000390,0,0,0
235000391,219,2,217
235000392,219,44,175
235000393,117,26,91
235000395,110,7,103
235000396,392,5,387
235000400,6,1,5
235000401,0,0,0
235000405,0,0,0
235000406,0,0,0
235000407,0,0,0
235000409,0,0,0
235000410,0,0,0
235000411,0,0,0
235000485,0,0,0
235000486,54,1,53
235000549,45,12,33
235000550,0,0,0
235000599,0,0,0
235000600,0,0,0
235000601,2,0,2
235000602,52,0,52
235000614,0,0,0
235000648,0,0,0
235000649,58,2,56
235000685,0,0,0
235000815,0,0,0
235000834,0,0,0
235000855,46,8,38
235000862,0,0,0
235000891,0,0,0
235000892,7,0,7
235000901,0,0,0
235000907,0,0,0
235001010,40,10,30
235001029,0,0,0
235001030,287,18,269
235001078,73,9,64
235001079,0,0,0
235001147,0,12,-12
235001166,9,2,7
235001167,0,0,0
235001169,0,0,0
235001188,0,0,0
235001189,0,1,-1
235001197,0,0,0
235001200,0,0,0
235001207,78,2,76
235001210,0,0,0
235001215,0,0,0
235001239,0,0,0
235001244,0,0,0
235016267,0,0,0
277101746,0,0,0
277102712,0,0,0
277103813,0,0,0
277103814,0,0,0
277103898,0,0,0
277104249,0,0,0
277104250,0,0,0
277104251,0,0,0
277104252,0,0,0
990011530,0,0,0
990014944,0,0,0
990015176,4,0,4
990015618,0,0,0
990016032,0,0,0
990032570,0,1,-1
990070001,31,0,31
990070103,0,0,0
990070601,0,0,0
990070751,0,0,0
990070766,0,0,0
990071180,484,8,476
990071343,13,0,13
990071387,0,0,0
990071823,66,1,65
990072600,0,0,0
990072964,0,0,0
990073285,0,0,0
990074393,0,0,0
990074870,489,18,471
990075106,168,1,167
990075746,216,3,213
990076437,1648,48,1600
990076458,0,0,0
997000007,149,0,149
997000041,0,0,0
997000058,60,0,60
997000062,81,0,81
997000069,0,0,0
997000070,0,0,0
997000100,1,0,1
997000141,0,0,0
997000198,0,0,0
998000475,0,0,0
998000736,0,0,0
998000965,0,0,0
998001031,0,0,0
998001700,0,0,0
998001899,0,0,0
998001900,33,134,-101
998003073,379,5,374
998101900,8,44,-36
998102850,0,0,0
998501927,239,3,236
998501929,493,2,491
998501930,59,0,59
998501931,200,47,153
998501932,2,0,2
998501933,376,2,374
998501937,16,7,9
998501944,20,8,12
998501950,0,0,0
998501970,21,1,20
998501971,0,181,-181
998501973,0,0,0
998501974,0,0,0
998501975,103,55,48
998501976,31,0,31
998501977,0,3,-3
998501978,5,0,5
998501979,0,0,0
998501980,55,0,55
998501981,163,0,163
998501982,0,0,0
998502006,0,0,0
998502024,0,0,0
998502032,0,2,-2
998502062,6,3,3
998502063,0,0,0
998502173,1,0,1
998502269,0,0,0
998601159,0,0,0
998601292,0,0,0
999033574,0,0,0
999800001,41,1,40
999800002,0,0,0
999800003,5,2,3
999800004,0,0,0
999800005,0,0,0
