ID,insum,outsum,diff
100000001,501,466,35
100000002,2783,588,2195
100000003,6237,2201,4036
100000004,1756,698,1058
100000005,1465,2485,-1020
100000006,270,91,179
100000007,1125,395,730
100000008,138,581,-443
100000009,177,135,42
100000010,21,34,-13
100000011,391,41,350
100000012,42,780,-738
100000013,16,194,-178
100000014,163,320,-157
100000015,1260,941,319
100000016,1186,1472,-286
100000017,633,1050,-417
100000018,1126,499,627
100000019,4983,1411,3572
100000020,2046,2950,-904
100000021,7198,2138,5060
100000022,1711,743,968
100000023,6704,906,5798
100000025,3161,448,2713
100000028,1743,740,1003
100000029,242,194,48
100000030,525,56,469
100000031,5899,4328,1571
100000032,2469,2649,-180
100000033,696,1602,-906
100000034,924,311,613
100000035,1407,507,900
100000036,3021,889,2132
100000037,400,409,-9
100000038,962,765,197
100000039,598,109,489
100000040,113,80,33
100000041,705,335,370
100000042,719,255,464
100000043,616,196,420
100000044,440,642,-202
100000045,485,1495,-1010
100000046,855,1432,-577
100000047,362,951,-589
100000048,369,613,-244
100000049,1745,2695,-950
100000051,304,1171,-867
100000053,28,2,26
100000054,105,21,84
100000055,397,218,179
100000056,220,483,-263
100000057,1567,740,827
100000058,853,1547,-694
100000059,1,109,-108
100000060,213,236,-23
100000061,1387,458,929
100000062,1125,378,747
100000063,317,246,71
100000064,767,333,434
100000065,312,1092,-780
100000066,131,1002,-871
100000067,379,879,-500
100000068,508,1822,-1314
100000069,182,1823,-1641
100000072,334,1143,-809
100000073,1037,1454,-417
100000075,437,269,168
100000076,1977,1468,509
100000077,832,147,685
100000078,104,32,72
100000079,46,20,26
100000080,13,14,-1
100000081,62,36,26
100000102,2671,1192,1479
100000103,3427,617,2810
100000104,5334,1022,4312
100000105,3764,530,3234
100000106,2954,1360,1594
100000107,580,302,278
100000108,1089,940,149
100000109,3977,1088,2889
100000116,1622,558,1064
100000117,47,16,31
100000118,1115,811,304
100000119,538,517,21
100000121,189,597,-408
100000122,1179,693,486
100000123,3682,3891,-209
100000124,8033,5430,2603
100000125,3413,679,2734
100000126,704,189,515
100000127,1674,282,1392
100000128,1171,940,231
100000129,606,305,301
100000130,356,643,-287
100000131,3948,2783,1165
100000132,1678,1727,-49
100000133,8716,2992,5724
100000135,382,544,-162
100000139,189,294,-105
100000140,223,340,-117
100000142,349,456,-107
100000143,658,616,42
100000144,4627,1056,3571
100000147,843,1818,-975
100000150,18,413,-395
100000151,688,538,150
100000153,304,237,67
100000154,124,75,49
100000155,5,15,-10
100000156,89,49,40
100000157,26,340,-314
100000158,60,150,-90
100000159,328,361,-33
100000165,941,691,250
100000169,925,368,557
100000174,2217,462,1755
100000179,59,549,-490
100000180,1389,1021,368
100000181,78,278,-200
100000188,81,360,-279
100000189,538,211,327
100000190,408,299,109
100000191,478,355,123
100000192,98,71,27
100000193,89,162,-73
100000330,2464,546,1918
100000355,195,495,-300
100000362,5145,3771,1374
100000363,2044,2991,-947
100000364,385,117,268
100000365,3230,6693,-3463
100000366,4196,2111,2085
100000367,2565,3398,-833
100000368,2219,1788,431
100000369,953,1185,-232
100000370,113,228,-115
100000376,125,92,33
100000379,3043,1029,2014
100000380,3586,1405,2181
100000384,5721,2295,3426
100000385,6499,3248,3251
100000386,9974,2765,7209
100000387,8071,3790,4281
100000388,12115,3710,8405
100000389,11323,3932,7391
100000390,11407,2662,8745
100000391,7682,3815,3867
100000392,3365,1273,2092
100000393,1443,1322,121
100000394,7632,3147,4485
100000395,4346,1059,3287
100000396,4961,1540,3421
100000397,2930,1664,1266
100000398,10918,7341,3577
100900002,0,59,-59
100900003,185,127,58
100900004,36,985,-949
100900005,111,6,105
100900006,9,246,-237
100900007,667,1,666
100900008,7,472,-465
100900009,27,56,-29
100900010,35,129,-94
100900011,71,448,-377
100900012,1,292,-291
100900013,368,8,360
100900014,2,11,-9
100900015,149,147,2
100900016,0,31,-31
100900017,734,82,652
100900018,0,9,-9
100900019,29,67,-38
100900020,204,3,201
100900021,314,2,312
100900022,6,13,-7
100900023,0,12,-12
100900024,1063,1,1062
100900025,3,23,-20
100900026,51,219,-168
100900027,561,2054,-1493
100900028,130,136,-6
100900029,63,7,56
100900030,3,14,-11
100900031,284,99,185
100900032,125,9,116
100900033,280,92,188
100900034,258,1,257
100900035,611,1,610
100900036,24,1,23
100900037,53,412,-359
100900038,55,11,44
100900039,287,688,-401
100900040,176,983,-807
100900041,329,1177,-848
100900042,687,251,436
100900043,0,15,-15
100900044,3392,304,3088
100900045,51,0,51
100900046,748,7,741
100900047,909,77,832
100900048,170,18,152
100900049,36,287,-251
100900050,3,9,-6
100900051,68,51,17
100900052,200,21,179
100900053,190,14,176
100900054,0,108,-108
100900055,202,326,-124
100900056,64,288,-224
100900057,487,722,-235
100900058,213,32,181
100900059,53,2,51
100900060,59,7,52
100900061,311,313,-2
100900062,15,47,-32
100900063,111,331,-220
100900064,518,19,499
100900065,87,51,36
100900066,18,56,-38
100900067,4,6,-2
100900068,40,178,-138
100900069,436,4,432
100900070,115,3,112
100900071,751,378,373
100900072,0,40,-40
100900073,65,774,-709
100900074,0,4,-4
100900075,2876,341,2535
100900076,51,46,5
100900077,7,215,-208
100900078,47,193,-146
100900079,0,25,-25
100900080,69,220,-151
100900081,16,90,-74
100900082,53,781,-728
100900083,1,33,-32
100900085,7,51,-44
100900086,149,598,-449
100900088,34,946,-912
100900089,4,18,-14
100900090,129,385,-256
100900091,0,34,-34
100900092,137,180,-43
100900093,84,120,-36
100900094,74,786,-712
100900095,0,30,-30
100900096,38,66,-28
100900097,0,2,-2
100900098,5,21,-16
100900099,26,686,-660
100900100,9,191,-182
100900101,498,18,480
100900102,80,37,43
100900103,1,15,-14
100900104,8,214,-206
100900105,4,59,-55
100900106,33,1,32
100900107,1851,450,1401
100900108,0,9,-9
100900109,1,16,-15
100900110,13,34,-21
100900111,56,158,-102
100900112,0,2,-2
100900113,4,6,-2
100900114,2,9,-7
100900115,1,35,-34
100900116,722,420,302
100900117,243,511,-268
100900118,208,102,106
100900119,6,13,-7
100900120,0,44,-44
100900121,249,391,-142
100900122,103,195,-92
100900123,125,130,-5
100900124,0,8,-8
100900125,15,135,-120
100900126,40,179,-139
100900127,0,13,-13
100900128,130,137,-7
100900129,0,75,-75
100900131,47,171,-124
100900133,31,45,-14
100900134,0,4,-4
100900135,0,90,-90
100900137,256,187,69
100900138,385,326,59
100900139,0,3,-3
100900140,10,1041,-1031
100900141,1,311,-310
100900142,1,5,-4
100900143,1074,303,771
100900144,7,4,3
100900145,15,154,-139
100900146,3,9,-6
100900147,13,191,-178
100900148,26,1141,-1115
100900149,8,145,-137
100900150,2,9,-7
100900151,102,637,-535
100900152,95,3,92
100900153,0,119,-119
100900154,8,29,-21
100900155,0,10,-10
100900156,15,4,11
100900157,3,83,-80
100900158,1098,375,723
100900159,1,13,-12
100900160,7,15,-8
100900161,152,1,151
100900162,3,173,-170
100900163,136,208,-72
100900164,20,35,-15
100900165,18,23,-5
100900166,32,1,31
100900167,12,134,-122
100900168,24,98,-74
100900169,169,1307,-1138
100900170,6,5,1
100900171,17,840,-823
100900172,0,4,-4
100900173,3,665,-662
100900174,350,76,274
100900176,1281,70,1211
100900177,1057,327,730
100900178,336,124,212
100900179,72,51,21
100900180,0,4,-4
100900181,89,35,54
100900182,24,14,10
100900184,3,167,-164
100900186,1053,511,542
100900187,19,211,-192
100900188,68,13,55
100900189,868,147,721
100900191,1334,790,544
100900192,345,126,219
100900195,78,111,-33
100900197,14,145,-131
100900198,23,238,-215
100900199,34,10,24
100900200,651,364,287
100900201,30,1076,-1046
100900202,4,0,4
100900203,0,70,-70
100900204,250,197,53
100900205,117,292,-175
100900206,50,34,16
100900207,114,63,51
100900210,62,886,-824
100900211,333,73,260
100900213,37,13,24
100900214,1257,68,1189
100900215,2,47,-45
101000001,5003,2112,2891
101000002,3908,3380,528
101000003,793,1618,-825
101000004,10001,7117,2884
101000005,5651,4673,978
101000006,9222,6772,2450
101000007,2613,2841,-228
101000008,3988,2770,1218
101000009,1380,2408,-1028
101000010,622,1719,-1097
101000011,2307,795,1512
101000012,2187,516,1671
101000013,538,772,-234
101000014,667,835,-168
101000015,778,670,108
101000016,471,376,95
101000017,399,557,-158
101000018,4175,2339,1836
101000020,3920,1351,2569
101000021,1354,278,1076
101000022,671,111,560
101000023,1842,690,1152
101000025,113,311,-198
101000026,419,37,382
101000027,1789,1357,432
101000028,40,66,-26
101000029,46,697,-651
101000030,1116,65,1051
101000031,1006,490,516
101000032,7410,1940,5470
101000033,2504,1576,928
101000034,2873,913,1960
101000035,1305,265,1040
101000036,1668,378,1290
101000037,5016,1029,3987
101000039,3611,1027,2584
101000040,5174,2335,2839
101000041,19710,3227,16483
101000042,1120,525,595
101000043,13426,2775,10651
101000045,2056,361,1695
101000046,2763,615,2148
101000047,1336,1025,311
101000048,1076,934,142
101000049,956,779,177
101000050,3142,2166,976
101000051,3502,1082,2420
101000052,1646,497,1149
101000053,936,1331,-395
101000054,1961,1823,138
101000055,1449,966,483
101000056,65,43,22
101000057,3455,472,2983
101000058,2436,763,1673
101000059,4326,1443,2883
101000060,2077,216,1861
101000061,1307,683,624
101000062,958,254,704
101000063,460,365,95
101000064,990,260,730
101000065,161,262,-101
101000066,392,137,255
101000067,879,392,487
101000068,306,186,120
101000069,312,73,239
101000070,1730,1021,709
101000071,1955,740,1215
101000072,1038,3995,-2957
101000073,723,406,317
101000074,4830,3100,1730
101000075,6885,3929,2956
101000077,1171,1368,-197
101000078,1167,1727,-560
101000079,356,738,-382
101000080,530,542,-12
101000081,1131,1139,-8
101000082,3633,2720,913
101000083,1817,1608,209
101000084,1475,1209,266
101000085,1689,1020,669
101000086,1192,1069,123
101000087,994,1409,-415
101000088,870,998,-128
101000089,769,1352,-583
101000090,2661,1614,1047
101000091,297,2150,-1853
101000092,771,1112,-341
101000093,1475,801,674
101000094,556,1252,-696
101000095,252,852,-600
101000096,247,677,-430
101000097,1282,274,1008
101000098,1049,503,546
101000099,1097,1247,-150
101000100,969,550,419
101000101,399,355,44
101000102,1064,266,798
101000103,852,436,416
101000104,261,409,-148
101000105,1110,155,955
101000106,877,409,468
101000107,164,313,-149
101000108,1658,466,1192
101000109,138,74,64
101000110,24,865,-841
101000111,138,155,-17
101000113,111,590,-479
101000114,4095,1193,2902
101000115,54,88,-34
101000116,130,183,-53
101000117,593,263,330
101000119,197,26,171
101000120,266,13,253
101000121,48,27,21
101000122,65,41,24
101000123,41,42,-1
101000124,149,435,-286
101000125,101,442,-341
101000128,1329,481,848
101000130,282,245,37
101000131,355,703,-348
101000132,383,1917,-1534
101000135,46,18,28
101000136,277,104,173
101000137,21,217,-196
101000141,2476,1730,746
101000147,596,485,111
101000148,3053,39,3014
101000149,57,42,15
101000150,48,1184,-1136
101000151,94,74,20
101000152,267,260,7
101000153,492,632,-140
101000154,151,2219,-2068
101000155,143,114,29
101000156,19,161,-142
101000157,51,33,18
101000160,38,40,-2
101000163,150,79,71
101000164,534,412,122
101000165,174,382,-208
101000166,296,403,-107
101000168,604,326,278
101000252,1238,764,474
101000254,617,27,590
101000258,48,12,36
101000261,87,316,-229
101000262,742,934,-192
101000263,225,1158,-933
101000265,51,450,-399
101000266,286,243,43
101000269,142,17,125
101000290,1784,1894,-110
101000293,10,92,-82
101000294,448,505,-57
101000295,127,538,-411
101000301,786,212,574
101000304,1775,1966,-191
101000305,2153,1751,402
101900001,11,55,-44
101900002,0,27,-27
101900003,86,102,-16
101900004,4,29,-25
101900005,6774,1301,5473
101900006,1002,15,987
101900007,428,33,395
101900008,120,180,-60
101900009,72,454,-382
101900010,1131,429,702
101900011,348,1377,-1029
101900012,68,338,-270
101900013,1427,103,1324
101900017,24,102,-78
101900018,1122,105,1017
101900019,248,171,77
101900020,1211,232,979
101900021,4,46,-42
101900022,84,1669,-1585
101900023,72,260,-188
102000001,2313,3864,-1551
102000002,2739,1220,1519
102000003,3980,4485,-505
102000004,10649,2619,8030
102000005,1355,2040,-685
102000006,2070,1588,482
102000007,1381,3475,-2094
102000008,6353,1863,4490
102000009,5171,6743,-1572
102000010,6309,3836,2473
102000011,2271,2022,249
102000012,3334,3336,-2
102000018,4153,2585,1568
102000019,3039,1588,1451
102000026,239,509,-270
102000029,435,218,217
102000030,63,248,-185
102000031,19,237,-218
102000032,201,403,-202
102000033,151,462,-311
102000034,594,456,138
102000035,1173,685,488
102000036,22,271,-249
102000037,165,91,74
102000038,169,82,87
102000039,163,49,114
102000040,578,81,497
102000041,196,229,-33
102000042,200,94,106
102000043,382,174,208
102000044,312,498,-186
102000045,629,1135,-506
102000046,871,427,444
102000047,645,1251,-606
102000048,214,624,-410
102000049,883,474,409
102000050,954,1049,-95
102000051,424,566,-142
102000052,1246,953,293
102000053,731,841,-110
102000054,282,748,-466
102000055,655,1114,-459
102000056,491,1723,-1232
102000057,1357,657,700
102000058,1101,2298,-1197
102000059,1015,1541,-526
102000060,851,1023,-172
102000061,938,2774,-1836
102000062,809,1264,-455
102000063,1329,1663,-334
102000064,392,533,-141
102000065,29,126,-97
102000066,726,1150,-424
102000067,2067,2837,-770
102000068,9423,2544,6879
102000069,35,2163,-2128
102000070,1903,60,1843
102000071,6524,8752,-2228
102000072,2855,5278,-2423
102000073,926,1139,-213
102000074,579,928,-349
102000075,100,306,-206
102000076,122,543,-421
102000077,307,1386,-1079
102000078,593,1070,-477
102000079,92,326,-234
102000080,222,218,4
102000081,270,904,-634
102000082,700,316,384
102000083,263,738,-475
102000084,100,388,-288
102000085,1451,1543,-92
102000086,938,1216,-278
102000087,781,2308,-1527
102000088,179,259,-80
102000089,839,541,298
102000090,329,1117,-788
102000091,1181,399,782
102000092,481,919,-438
102000093,370,468,-98
102000094,1171,558,613
102000095,988,1098,-110
102000096,1329,897,432
102000097,1360,1278,82
102000098,522,1131,-609
102000099,1058,493,565
102000100,968,813,155
102000101,1277,335,942
102000102,290,1761,-1471
102000103,1098,350,748
102000104,1101,332,769
102000105,219,864,-645
102000106,677,989,-312
102000107,667,631,36
102000108,464,294,170
102000109,293,703,-410
102000110,432,1829,-1397
102000111,4,320,-316
102000112,139,115,24
102000113,19,22,-3
102000114,1075,371,704
102000115,145,223,-78
102000116,382,188,194
102000117,216,518,-302
102000118,1708,903,805
102000119,2654,517,2137
102000120,182,496,-314
102000121,958,521,437
102000122,524,664,-140
102000123,1426,1320,106
102000124,1058,861,197
102000125,1038,1024,14
102000126,614,660,-46
102000127,811,729,82
102000128,507,1137,-630
102000129,1079,979,100
102000130,314,730,-416
102000131,2809,754,2055
102000132,890,787,103
102000133,1069,2494,-1425
102000134,401,684,-283
102000135,1010,800,210
102000136,1350,510,840
102000137,1189,980,209
102000138,228,463,-235
102000139,83,339,-256
102000140,266,220,46
102000141,291,563,-272
102000142,213,446,-233
102000143,110,551,-441
102000144,86,534,-448
102000145,209,425,-216
102000146,247,326,-79
102000147,353,333,20
102000148,160,205,-45
102000149,134,690,-556
102000150,142,264,-122
102000151,89,509,-420
102000152,98,191,-93
102000153,797,281,516
102000154,410,685,-275
102000155,100,289,-189
102000156,508,35,473
102000157,109,162,-53
102000158,262,157,105
102000159,1765,360,1405
102000161,5615,1551,4064
102000162,254,118,136
102000163,83,391,-308
102000164,1263,879,384
102000165,191,149,42
102000166,12,74,-62
102000167,182,202,-20
102000168,282,68,214
102000169,90,433,-343
102000170,699,113,586
102000171,68,63,5
102000172,74,190,-116
102000173,263,168,95
102000174,25,59,-34
102000175,91,122,-31
102000176,21,32,-11
102000178,151,664,-513
102000179,219,183,36
102000180,455,644,-189
102000181,383,760,-377
102000182,302,703,-401
102000183,1004,2347,-1343
102000184,1040,1037,3
102000185,1618,2026,-408
102000186,684,2240,-1556
102000187,419,2042,-1623
102000188,495,1602,-1107
102000189,3648,1067,2581
102000190,674,2572,-1898
102000191,1276,517,759
102000192,609,932,-323
102000193,28,192,-164
102000194,78,133,-55
102000195,316,721,-405
102000196,130,710,-580
102000197,289,650,-361
102000198,102,1246,-1144
102000199,443,499,-56
102000200,226,1769,-1543
102000201,456,599,-143
102000202,0,176,-176
102000203,157,365,-208
102000204,192,965,-773
102000205,578,748,-170
102000206,502,830,-328
102000207,706,453,253
102000208,328,696,-368
102000209,22,53,-31
102000210,154,567,-413
102000211,277,639,-362
102000212,82,20,62
102000213,0,452,-452
102000214,76,15,61
102000215,6,661,-655
102000216,18,31,-13
102000217,8,223,-215
102000218,112,68,44
102000219,392,417,-25
102000225,637,653,-16
102000226,6668,942,5726
102000227,147,3,144
102000228,1,115,-114
102000229,33,17,16
102000230,245,681,-436
102000231,207,441,-234
102000232,5,194,-189
102000233,413,740,-327
102000234,78,1316,-1238
102000236,324,79,245
102000237,471,207,264
102000238,122,366,-244
102000240,446,444,2
102000241,181,121,60
102000243,11,39,-28
102000245,6,86,-80
102000246,12,35,-23
102000247,202,858,-656
102000248,107,269,-162
102000249,60,175,-115
102000250,41,462,-421
102000254,46,512,-466
102000266,37,160,-123
102000271,20,0,20
102000286,445,279,166
102000297,1644,861,783
102000300,0,0,0
102000301,0,0,0
102000305,0,0,0
102000306,0,0,0
102000307,0,3,-3
102000308,0,0,0
102900001,1192,1071,121
102900002,256,24,232
102900003,28,393,-365
102900005,251,364,-113
102900006,441,237,204
102900007,306,43,263
102900008,192,89,103
102900009,491,160,331
102900010,681,436,245
102900011,2260,371,1889
102900012,341,67,274
102900013,17,85,-68
102900015,976,304,672
102900016,50,193,-143
102900017,93,679,-586
102900018,11,170,-159
102900019,478,661,-183
102900020,98,58,40
102900021,19,122,-103
102900022,371,61,310
102900023,17,56,-39
102900024,14,60,-46
102900025,381,119,262
102900026,638,1322,-684
102900027,33,76,-43
102900028,99,421,-322
102900029,146,125,21
102900030,355,196,159
102900031,71,196,-125
102900032,40,142,-102
102900033,74,183,-109
102900034,292,169,123
102900035,45,559,-514
102900036,188,669,-481
102900037,142,934,-792
102900038,360,818,-458
102900039,24,341,-317
102900040,155,247,-92
102900041,49,164,-115
102900042,192,291,-99
102900043,107,313,-206
102900044,576,2201,-1625
102900045,94,588,-494
102900046,78,338,-260
102900047,67,788,-721
102900048,509,909,-400
102900049,86,446,-360
102900050,243,468,-225
102900051,176,213,-37
102900052,33,17,16
102900053,346,823,-477
102900054,1071,900,171
102900055,81,119,-38
102900056,134,609,-475
102900057,9,39,-30
102900058,317,92,225
102900059,11,88,-77
102900060,76,514,-438
102900061,86,589,-503
102900062,167,1546,-1379
102900063,607,411,196
102900064,128,339,-211
102900065,2019,980,1039
102900066,268,37,231
102900068,67,86,-19
102900070,137,800,-663
102900072,10,26,-16
102900073,125,8,117
102900074,249,152,97
102900075,13,28,-15
102900076,359,59,300
102900077,20,27,-7
102900078,62,75,-13
102900079,154,16,138
102900080,280,33,247
102900081,63,328,-265
102900082,11,272,-261
102900083,271,10,261
102900084,14,21,-7
102900085,135,76,59
102900086,5,29,-24
102900087,56,150,-94
102900088,29,46,-17
102900089,226,140,86
102900090,3,551,-548
102900091,95,5,90
102900092,210,1148,-938
102900093,230,277,-47
102900094,0,60,-60
102900095,67,0,67
102900096,17,10,7
102900097,17,177,-160
103000001,2285,2448,-163
103000002,1857,1922,-65
103000003,3682,2547,1135
103000004,1053,684,369
103000005,2154,2082,72
103000006,552,1276,-724
103000007,378,856,-478
103000008,798,1245,-447
103000009,660,951,-291
103000010,90,169,-79
103000011,1902,1153,749
103000012,1087,1205,-118
103000013,7221,2051,5170
103000014,1348,1768,-420
103000015,2860,948,1912
103000016,435,994,-559
103000017,136,354,-218
103000018,1227,367,860
103000019,147,177,-30
103000020,2216,1402,814
103000021,1595,1533,62
103000022,928,1315,-387
103000023,440,1326,-886
103000024,147,175,-28
103000025,54,353,-299
103000026,2031,128,1903
103000027,278,459,-181
103000028,714,378,336
103000029,495,164,331
103000030,2086,593,1493
103000031,1407,1273,134
103000032,2159,1867,292
103000033,2745,2606,139
103000034,1756,1009,747
103000035,466,954,-488
103000036,518,444,74
103000037,665,491,174
103000038,525,902,-377
103000039,239,594,-355
103000040,263,1517,-1254
103000041,1558,3402,-1844
103000042,753,930,-177
103000043,310,1463,-1153
103000044,97,263,-166
103000046,218,435,-217
103000047,473,824,-351
103000048,145,170,-25
103000049,76,235,-159
103000050,585,909,-324
103000051,330,718,-388
103000052,795,573,222
103000053,178,473,-295
103000054,2034,1222,812
103000055,1395,1830,-435
103000056,487,2742,-2255
103000057,286,282,4
103000058,361,1019,-658
103000059,255,782,-527
103000060,635,891,-256
103000061,321,880,-559
103000062,995,929,66
103000063,561,736,-175
103000064,66,256,-190
103000065,3,382,-379
103000066,133,7,126
103000069,143,340,-197
103000070,663,1332,-669
103000071,660,348,312
103000072,107,1145,-1038
103000073,517,143,374
103000074,521,106,415
103000075,142,1244,-1102
103000076,164,285,-121
103000077,34,497,-463
103000078,1143,491,652
103000079,1869,434,1435
103000080,1128,265,863
103000081,507,697,-190
103000082,370,212,158
103000083,106,455,-349
103000084,108,5,103
103000085,4,69,-65
103000086,495,376,119
103000087,160,508,-348
103000088,292,342,-50
103000089,212,369,-157
103000090,1618,1113,505
103000091,557,433,124
103000092,263,287,-24
103000093,294,549,-255
103000094,171,118,53
103000095,23,522,-499
103000096,844,150,694
103000097,73,766,-693
103000098,1068,180,888
103000099,395,776,-381
103000100,103,1063,-960
103000101,575,156,419
103000102,145,856,-711
103000103,517,266,251
103000104,46,180,-134
103000105,134,146,-12
103000106,11,112,-101
103000107,273,104,169
103000108,557,547,10
103000109,342,346,-4
103000110,336,478,-142
103000111,596,299,297
103000112,267,245,22
103000113,608,595,13
103000114,980,422,558
103000115,507,535,-28
103000116,479,601,-122
103000117,158,489,-331
103000118,1329,1165,164
103000119,2509,745,1764
103000120,107,111,-4
103000121,134,589,-455
103000122,163,164,-1
103000125,10,620,-610
103000126,294,19,275
103000127,0,279,-279
103000128,134,0,134
103000129,2,186,-184
103000130,38,23,15
103000131,237,99,138
103000132,86,104,-18
103000133,5,161,-156
103000134,639,679,-40
103000135,1043,240,803
103000136,850,361,489
103000137,750,620,130
103000138,927,714,213
103000139,1,40,-39
103000140,116,21,95
103000141,30,106,-76
103000142,120,79,41
103000143,52,272,-220
103000144,140,100,40
103000145,13,27,-14
103000150,62,70,-8
103000152,210,302,-92
103000153,143,135,8
103000156,4,591,-587
103000157,235,4,231
103000159,109,95,14
103000162,58,10,48
103000163,1,8,-7
103000164,1,8,-7
103000165,144,489,-345
103000166,148,168,-20
103000167,126,112,14
103000168,47,152,-105
103000169,146,275,-129
103000170,374,556,-182
103000171,57,62,-5
103000172,408,1293,-885
103000173,251,852,-601
103000174,136,349,-213
103000175,138,604,-466
103000176,903,254,649
103000177,918,443,475
103000178,431,372,59
103000179,113,21,92
103000183,46,79,-33
103000185,78,107,-29
103000186,45,205,-160
103000187,306,906,-600
103000188,19,123,-104
103000189,934,1021,-87
103000191,814,881,-67
103000292,3292,1082,2210
103000293,1498,1238,260
103000295,125,63,62
103000296,246,4,242
103000297,90,14,76
103000504,103,17,86
103000505,11,5,6
103000506,2,199,-197
103000507,114,1,113
103000508,69,31,38
103000509,225,574,-349
103900001,1,467,-466
103900002,2104,237,1867
103900003,2262,81,2181
103900004,23,0,23
103900005,4,308,-304
103900006,0,2,-2
103900007,10,37,-27
103900008,10,0,10
103900009,155,305,-150
103900010,103,341,-238
103900011,109,259,-150
103900012,14,10,4
103900013,31,99,-68
103900014,32,24,8
103900015,19,22,-3
103900016,160,331,-171
103900017,16,100,-84
103900018,576,175,401
103900019,30,163,-133
103900020,109,317,-208
103900021,920,33,887
103900022,917,571,346
103900023,84,2,82
103900024,99,1010,-911
103900025,7,79,-72
103900026,2,0,2
103900027,427,420,7
103900028,6,231,-225
103900029,781,79,702
103900030,200,28,172
103900031,31,26,5
103900032,44,30,14
103900033,100,6,94
103900034,30,362,-332
103900035,59,95,-36
103900036,57,22,35
103900037,36,76,-40
103900038,50,101,-51
103900039,26,628,-602
103900040,11,240,-229
103900041,13,47,-34
103900042,28,552,-524
103900043,76,155,-79
103900044,311,172,139
103900045,157,209,-52
103900047,31,40,-9
103900048,52,25,27
103900049,207,1506,-1299
103900050,4,87,-83
103900051,0,42,-42
103900052,99,737,-638
103900053,77,1385,-1308
103900054,87,743,-656
103900055,396,272,124
103900056,8,35,-27
103900057,20,324,-304
103900058,115,1011,-896
103900059,0,1,-1
103900060,18,277,-259
103900061,70,58,12
103900062,155,63,92
103900063,1,0,1
103900064,70,4,66
103900065,930,329,601
103900066,71,8,63
103900067,61,10,51
103900068,0,0,0
103900069,96,12,84
103900070,139,338,-199
103900071,29,228,-199
103900072,3,430,-427
103900073,23,39,-16
103900074,41,81,-40
103900075,43,99,-56
103900076,284,990,-706
103900077,69,88,-19
103900078,82,157,-75
103900079,93,338,-245
103900080,15,33,-18
103900081,163,25,138
103900082,3,128,-125
103900083,2358,537,1821
103900084,36,137,-101
103900085,50,77,-27
103900086,277,312,-35
103900087,28,106,-78
103900088,373,238,135
103900089,35,147,-112
103900090,74,546,-472
103900091,892,262,630
103900092,358,522,-164
103900093,81,542,-461
103900094,5,213,-208
103900095,240,189,51
103900096,23,384,-361
103900097,7,632,-625
103900098,132,85,47
103900099,52,373,-321
103900100,165,450,-285
103900101,56,1116,-1060
103900102,1,43,-42
103900104,6,31,-25
103900105,52,162,-110
103900106,1,17,-16
103900107,69,335,-266
103900108,46,423,-377
103900109,29,127,-98
103900110,190,46,144
103900111,55,958,-903
103900112,19,49,-30
103900113,120,242,-122
103900114,474,421,53
103900115,250,133,117
103900116,7345,1670,5675
103900117,231,135,96
103900119,41,25,16
103900120,8,137,-129
103900122,62,437,-375
103900123,1602,445,1157
103900124,17,25,-8
103900125,33,93,-60
103900126,349,584,-235
103900127,99,1108,-1009
103900128,66,268,-202
103900131,2,90,-88
103900133,885,17,868
103900134,0,1,-1
103900135,21,10,11
103900137,1,155,-154
103900138,56,375,-319
103900139,136,1063,-927
103900140,1,52,-51
103900141,240,111,129
103900142,54,201,-147
103900143,24,2,22
103900144,0,91,-91
103900145,182,437,-255
103900146,254,460,-206
103900147,276,130,146
103900148,86,292,-206
103900149,105,779,-674
103900150,9374,2242,7132
103900151,43,237,-194
103900152,227,950,-723
103900153,13,5,8
103900154,1462,881,581
103900155,19,262,-243
103900156,5,209,-204
103900157,31,398,-367
103900158,25,211,-186
103900159,40,112,-72
103900160,14,15,-1
103900161,74,258,-184
103900162,64,311,-247
103900163,7,504,-497
103900164,142,44,98
103900167,12,84,-72
103900168,50,142,-92
103900169,47,42,5
103900170,2,148,-146
103900171,0,101,-101
103900172,10,53,-43
103900173,7,16,-9
103900174,100,82,18
103900175,46,42,4
103900176,16,22,-6
103900177,19,52,-33
103900178,28,93,-65
103900179,38,233,-195
103900180,2,127,-125
103900181,33,34,-1
103900182,32,32,0
103900184,633,39,594
103900185,293,129,164
103900187,84,32,52
103900188,19,15,4
103900189,81,12,69
103900190,53,47,6
103900191,24,55,-31
103900192,32,119,-87
103900193,197,189,8
103900194,67,418,-351
103900195,4,24,-20
103900196,33,19,14
103900197,18,38,-20
103900198,24,65,-41
103900199,127,66,61
103900200,114,193,-79
103900201,135,236,-101
103900202,4,82,-78
103900203,21,13,8
103900204,8,163,-155
103900207,3,262,-259
103900208,30,2,28
103900209,16,139,-123
103900210,15,35,-20
103900211,442,880,-438
103900212,50,535,-485
103900213,134,197,-63
103900214,235,92,143
103900215,684,196,488
103900216,10,979,-969
103900217,405,35,370
103900218,1,223,-222
103900219,83,488,-405
103900233,99,1,98
103900235,35,17,18
103900236,29,1,28
103900242,0,3,-3
103900243,0,5,-5
103900244,98,396,-298
103900245,72,304,-232
103900246,49,46,3
103900247,49,96,-47
103900248,0,7,-7
103900249,4,11,-7
103900250,34,32,2
103900251,0,21,-21
103900253,17,55,-38
103900254,4,12,-8
103900255,11,17,-6
103900256,19,15,4
103900257,1,80,-79
103900258,28,7,21
103900259,60,13,47
103900261,15,2,13
103900262,6,4,2
103900263,37,23,14
103900264,77,8,69
103900265,32,16,16
103900266,4,51,-47
103900267,2,47,-45
104000001,2011,2359,-348
104000002,1582,2794,-1212
104000003,2399,2251,148
104000004,3270,2840,430
104000005,963,1956,-993
104000006,2779,3126,-347
104000007,4120,3799,321
104000008,253,514,-261
104000009,142,128,14
104000010,149,172,-23
104000011,952,562,390
104000012,131,632,-501
104000013,165,145,20
104000014,214,943,-729
104000015,191,217,-26
104000016,538,600,-62
104000018,564,163,401
104000019,417,119,298
104000020,197,997,-800
104000021,302,946,-644
104000022,125,346,-221
104000023,384,359,25
104000024,184,440,-256
104000026,27,399,-372
104000027,229,515,-286
104000028,249,276,-27
104000029,522,711,-189
104000030,223,271,-48
104000031,793,354,439
104000032,253,501,-248
104000033,530,449,81
104000034,292,607,-315
104000035,580,509,71
104000036,482,866,-384
104000037,236,400,-164
104000038,283,262,21
104000039,227,511,-284
104000040,661,580,81
104000041,284,340,-56
104000042,236,423,-187
104000043,200,442,-242
104000044,232,928,-696
104000045,837,1405,-568
104000046,1364,1668,-304
104000047,419,1587,-1168
104000048,1216,2635,-1419
104000049,280,258,22
104000050,149,621,-472
104000051,62,738,-676
104000052,938,1519,-581
104000053,602,758,-156
104000054,415,750,-335
104000055,3882,3591,291
104000056,1629,287,1342
104000057,117,590,-473
104000058,483,780,-297
104000059,467,1359,-892
104000060,710,1197,-487
104000061,947,1585,-638
104000062,188,146,42
104000064,551,315,236
104000065,76,345,-269
104000069,1417,627,790
104000070,33,285,-252
104000071,98,406,-308
104000072,388,240,148
104000075,47,303,-256
104000076,446,85,361
104000082,1897,2661,-764
104000083,684,235,449
104000084,125,604,-479
104000085,225,239,-14
104000086,159,517,-358
104000087,594,1200,-606
104000090,570,1994,-1424
104000092,755,3532,-2777
104000094,885,2673,-1788
104000095,1436,1368,68
104000096,798,580,218
104000097,1267,1433,-166
104000098,1349,1729,-380
104000100,1092,833,259
104000101,822,2834,-2012
104000106,83,519,-436
104000107,648,569,79
104000108,398,814,-416
104000109,196,74,122
104000110,901,1111,-210
104000111,7105,2034,5071
104000112,3389,589,2800
104000116,5,1573,-1568
104000117,128,1144,-1016
104000118,422,302,120
104000119,396,286,110
104000120,196,1408,-1212
104000121,123,606,-483
104000122,508,781,-273
104000123,1041,1253,-212
104000124,1866,3264,-1398
104000125,6402,3281,3121
104000126,342,519,-177
104000127,1593,3836,-2243
104000128,887,540,347
104000129,71,0,71
104000130,1,252,-251
104000131,1077,776,301
104000132,745,1031,-286
104000133,954,911,43
104000134,838,1559,-721
104000135,374,1172,-798
104000136,896,2591,-1695
104000137,1975,313,1662
104000138,1362,367,995
104000139,11206,3697,7509
104000141,1321,1999,-678
104000142,612,1242,-630
104000143,433,1071,-638
104000144,51,154,-103
104000145,320,244,76
104000146,522,634,-112
104000147,143,416,-273
104000148,239,128,111
104000149,117,559,-442
104000150,557,412,145
104000151,397,904,-507
104000152,506,1028,-522
104000153,338,540,-202
104000154,1128,932,196
104000155,303,485,-182
104000157,1146,2050,-904
104000158,188,233,-45
104000159,424,295,129
104000160,1602,1559,43
104000161,292,176,116
104000162,77,108,-31
104000165,1399,1132,267
104000167,402,553,-151
104000168,509,6,503
104000169,53,69,-16
104000170,849,407,442
104000248,226,1047,-821
104000251,36,337,-301
104000272,0,0,0
104000273,0,0,0
104000274,0,0,0
104000275,0,0,0
104000279,720,596,124
104000290,46,422,-376
104000291,581,1155,-574
104000293,486,884,-398
104000294,19,0,19
104000295,504,865,-361
104000296,333,684,-351
104000297,673,1712,-1039
104000298,1810,949,861
104000299,592,1521,-929
104900001,124,511,-387
104900002,40,97,-57
104900003,33,444,-411
104900004,67,409,-342
104900005,180,194,-14
104900006,163,72,91
104900007,191,288,-97
104900009,122,615,-493
104900010,23,22,1
104900011,37,15,22
104900012,137,7,130
104900013,88,6,82
104900014,4770,492,4278
104900015,81,3,78
104900016,106,378,-272
104900017,44,231,-187
104900018,4,270,-266
104900019,253,1291,-1038
104900020,53,322,-269
104900021,3,424,-421
104900022,42,143,-101
104900023,3,206,-203
104900024,18,100,-82
104900025,50,428,-378
104900026,2,180,-178
104900027,228,244,-16
104900028,48,131,-83
104900029,66,116,-50
104900030,303,201,102
104900031,203,248,-45
104900032,27,221,-194
104900033,99,257,-158
104900034,200,112,88
104900035,159,119,40
104900036,102,73,29
104900037,106,379,-273
104900038,735,544,191
104900039,1437,281,1156
104900040,134,89,45
104900041,149,184,-35
104900042,149,446,-297
104900043,9,50,-41
104900044,342,213,129
104900045,218,49,169
104900046,67,128,-61
104900047,215,133,82
104900048,153,89,64
104900049,12,9,3
104900050,81,96,-15
104900051,169,58,111
104900052,45,1,44
104900053,294,76,218
104900054,254,25,229
104900055,85,0,85
104900056,90,15,75
104900057,17,3,14
104900058,761,172,589
104900059,11,46,-35
104900060,1,493,-492
104900061,322,853,-531
104900063,0,168,-168
104900064,1,144,-143
104900065,0,143,-143
104900066,1,275,-274
104900067,4,315,-311
104900068,13,240,-227
104900070,118,353,-235
104900071,3,916,-913
104900072,37,268,-231
104900073,34,424,-390
104900074,58,302,-244
104900075,37,140,-103
104900076,60,527,-467
104900077,1537,113,1424
104900078,137,998,-861
104900079,145,185,-40
104900080,30,606,-576
104900082,3,373,-370
104900085,4,328,-324
104900087,312,9,303
104900089,79,0,79
104900090,387,473,-86
104900091,324,1178,-854
104900093,201,765,-564
104900097,4127,1581,2546
104900098,75,48,27
104900099,72,411,-339
104900100,885,297,588
104900102,14,340,-326
104900103,532,147,385
104900104,5194,1366,3828
104900106,37,145,-108
104900107,59,390,-331
104900108,29,411,-382
104900109,67,250,-183
104900110,5,36,-31
104900111,110,171,-61
104900112,179,1294,-1115
104900113,453,555,-102
104900114,205,995,-790
104900115,364,676,-312
104900116,108,357,-249
104900118,11,79,-68
104900119,1,35,-34
104900120,43,66,-23
104900121,0,143,-143
104900122,0,155,-155
104900123,42,6,36
104900124,19,0,19
104900125,459,3,456
104900126,109,76,33
104900127,24,32,-8
104900128,78,242,-164
104900129,3502,1058,2444
105000001,2119,1858,261
105000002,1877,1869,8
105000003,2573,4182,-1609
105000004,418,1130,-712
105000005,677,1306,-629
105000006,1020,1558,-538
105000007,773,1200,-427
105000008,876,1590,-714
105000009,1123,2391,-1268
105000010,3279,2930,349
105000011,1987,2025,-38
105000012,4131,3668,463
105000013,517,905,-388
105000014,919,1906,-987
105000015,10690,5984,4706
105000016,4699,1984,2715
105000017,1701,1179,522
105000018,1241,872,369
105000019,1478,995,483
105000020,165,269,-104
105000021,241,117,124
105000022,166,28,138
105000023,447,241,206
105000028,54,151,-97
105000029,337,1102,-765
105000030,4027,4102,-75
105000033,758,2268,-1510
105000034,173,561,-388
105000037,712,786,-74
105000038,1481,1126,355
105000039,3529,2210,1319
105000040,675,716,-41
105000041,691,1680,-989
105000042,2028,1084,944
105000043,2140,3278,-1138
105000044,556,505,51
105000045,450,1624,-1174
105000046,527,521,6
105000047,384,1641,-1257
105000048,567,168,399
105000049,236,911,-675
105000050,322,370,-48
105000051,221,564,-343
105000052,617,938,-321
105000053,123,167,-44
105000054,164,1216,-1052
105000055,301,502,-201
105000056,799,3071,-2272
105000057,1051,1346,-295
105000058,1184,1638,-454
105000059,533,559,-26
105000060,447,857,-410
105000061,353,525,-172
105000062,818,1501,-683
105000063,291,749,-458
105000064,813,888,-75
105000065,362,1424,-1062
105000066,1042,2880,-1838
105000067,833,642,191
105000068,511,1072,-561
105000069,3623,756,2867
105000070,955,769,186
105000071,177,444,-267
105000072,493,932,-439
105000073,602,548,54
105000074,908,1188,-280
105000075,540,951,-411
105000076,1184,1265,-81
105000077,1886,758,1128
105000078,1502,1127,375
105000079,1904,1954,-50
105000080,2122,1082,1040
105000081,1456,750,706
105000082,516,527,-11
105000083,1117,927,190
105000084,457,1279,-822
105000085,1249,1089,160
105000086,636,1003,-367
105000087,3017,2012,1005
105000088,1216,1278,-62
105000089,3094,2211,883
105000090,1102,821,281
105000091,1771,2027,-256
105000092,589,1186,-597
105000093,274,195,79
105000094,214,232,-18
105000095,61,399,-338
105000096,998,725,273
105000097,889,711,178
105000098,699,577,122
105000099,782,1124,-342
105000100,842,1208,-366
105000101,1389,2597,-1208
105000102,1479,1636,-157
105000103,1225,2645,-1420
105000104,1733,1222,511
105000105,897,2408,-1511
105000106,1198,2274,-1076
105000107,1008,1409,-401
105000108,1052,2549,-1497
105000109,1156,2261,-1105
105000110,586,1101,-515
105000111,438,582,-144
105000112,947,963,-16
105000113,246,537,-291
105000114,4486,963,3523
105000115,264,718,-454
105000116,370,527,-157
105000117,532,1535,-1003
105000118,242,457,-215
105000119,499,1801,-1302
105000120,659,703,-44
105000121,811,1664,-853
105000122,222,383,-161
105000123,1044,1891,-847
105000124,1219,1049,170
105000125,544,2464,-1920
105000126,1626,2577,-951
105000127,2116,2354,-238
105000128,197,1649,-1452
105000129,559,291,268
105000130,157,947,-790
105000131,776,452,324
105000132,520,462,58
105000133,329,1393,-1064
105000134,464,553,-89
105000135,389,712,-323
105000136,41,138,-97
105000137,165,325,-160
105000138,54,130,-76
105000139,1071,1164,-93
105000140,142,429,-287
105000141,205,761,-556
105000142,48,504,-456
105000143,203,809,-606
105000144,250,782,-532
105000145,388,556,-168
105000146,481,702,-221
105000147,400,415,-15
105000148,965,647,318
105000149,1626,1853,-227
105000150,2342,1519,823
105000151,247,381,-134
105000152,106,759,-653
105000153,445,482,-37
105000154,666,1147,-481
105000155,221,660,-439
105000156,898,1101,-203
105000157,1199,2753,-1554
105000158,1833,867,966
105000159,226,1898,-1672
105000160,1428,682,746
105000161,629,2541,-1912
105000162,547,1318,-771
105000163,1725,1560,165
105000164,228,398,-170
105000165,2086,3713,-1627
105000166,9840,452,9388
105000167,3881,1256,2625
105000168,187,1110,-923
105000169,251,516,-265
105000170,112,1328,-1216
105000171,980,418,562
105000172,51,57,-6
105000173,65,30,35
105000174,35,34,1
105000175,114,145,-31
105000176,172,90,82
105000177,93,157,-64
105000178,103,1083,-980
105000179,162,118,44
105000180,87,128,-41
105000181,54,659,-605
105000182,32,65,-33
105000183,3198,1644,1554
105000184,1377,812,565
105000185,1087,690,397
105000186,299,1019,-720
105000187,518,242,276
105000188,184,82,102
105000189,148,571,-423
105000190,178,377,-199
105000191,259,435,-176
105000192,119,69,50
105000193,70,196,-126
105000194,194,59,135
105000195,284,1311,-1027
105000196,24,89,-65
105000197,247,788,-541
105000198,643,281,362
105000199,255,244,11
105000200,112,197,-85
105000201,54,22,32
105000203,7,278,-271
105000204,46,102,-56
105000205,71,207,-136
105000207,746,299,447
105000208,269,414,-145
105000209,133,315,-182
105000212,877,2045,-1168
105000213,184,187,-3
105000214,48,286,-238
105000215,159,294,-135
105000216,52,423,-371
105000217,152,392,-240
105000218,742,1070,-328
105000221,159,377,-218
105000222,109,50,59
105000223,94,243,-149
105000226,35,573,-538
105000227,29,280,-251
105000228,209,791,-582
105000229,73,274,-201
105000231,123,274,-151
105000233,483,499,-16
105000234,462,1492,-1030
105000235,207,477,-270
105000237,646,60,586
105000243,12,211,-199
105000248,19,63,-44
105000262,275,2335,-2060
105000269,68,233,-165
105000270,294,112,182
105000271,0,303,-303
105000282,119,64,55
105000287,279,185,94
105000288,496,440,56
105000289,1020,741,279
105000290,9,6,3
105000402,5895,1992,3903
105000426,415,479,-64
105000438,998,607,391
105000446,18430,5634,12796
105000447,11869,3168,8701
105000454,164,643,-479
105000455,242,208,34
105000474,12,1,11
105000477,266,431,-165
105000478,1447,2145,-698
105000479,136,172,-36
105000480,1822,1851,-29
105000481,2588,1917,671
105000482,5017,2830,2187
105000483,1019,1196,-177
105000484,2308,2570,-262
105000485,1095,1308,-213
105000486,3182,2239,943
105000488,3491,3235,256
105000489,513,927,-414
105000549,15,136,-121
105000550,438,1326,-888
105000551,20,113,-93
105000552,3370,1908,1462
105900001,9,1074,-1065
105900002,2048,383,1665
105900003,11,114,-103
105900004,285,140,145
105900005,3,225,-222
105900006,6,40,-34
105900007,42,11,31
105900008,69,941,-872
105900009,9,8,1
105900011,94,38,56
105900012,249,104,145
105900013,2,24,-22
105900014,2,99,-97
105900015,112,370,-258
105900016,196,893,-697
105900017,636,66,570
105900018,272,308,-36
105900019,26,556,-530
105900020,26,53,-27
105900021,15,323,-308
105900022,210,461,-251
105900023,3,151,-148
105900024,8,219,-211
105900025,61,65,-4
105900026,238,42,196
105900027,5521,3993,1528
105900028,82,184,-102
105900029,2313,405,1908
105900030,208,296,-88
105900031,580,180,400
105900032,42,139,-97
105900033,51,152,-101
105900034,152,305,-153
105900035,150,236,-86
105900036,27,120,-93
105900037,45,80,-35
105900038,138,345,-207
105900039,76,190,-114
105900040,41,118,-77
105900041,139,575,-436
105900042,45,118,-73
105900043,2242,74,2168
105900044,0,184,-184
105900045,16,628,-612
105900046,6,212,-206
105900047,5,20,-15
105900048,112,542,-430
105900050,2692,904,1788
105900051,10,1672,-1662
105900052,259,94,165
105900053,4471,1356,3115
105900054,290,340,-50
105900056,1041,172,869
105900057,30,185,-155
105900058,10,58,-48
105900059,2,46,-44
106000001,4372,1497,2875
106000002,3176,5008,-1832
106000003,2656,2655,1
106000004,2235,2500,-265
106000005,2289,4991,-2702
106000006,5878,5310,568
106000007,380,558,-178
106000008,402,320,82
106000009,434,319,115
106000010,627,550,77
106000011,616,903,-287
106000012,761,2096,-1335
106000013,1437,1774,-337
106000014,1922,2295,-373
106000015,1189,1094,95
106000016,1160,2798,-1638
106000017,601,640,-39
106000018,499,732,-233
106000019,272,493,-221
106000020,213,592,-379
106000021,216,517,-301
106000022,284,400,-116
106000023,594,387,207
106000024,627,1057,-430
106000025,68,201,-133
106000026,145,337,-192
106000027,777,1239,-462
106000028,453,881,-428
106000029,752,1605,-853
106000030,1001,318,683
106000034,227,566,-339
106000035,739,1180,-441
106000036,471,478,-7
106000037,1822,1796,26
106000038,525,99,426
106000039,196,47,149
106000040,200,828,-628
106000041,788,323,465
106000043,520,69,451
106000046,291,35,256
106000047,37,454,-417
106000049,358,134,224
106000050,252,1155,-903
106000051,342,361,-19
106000052,59,803,-744
106000053,132,112,20
106000054,336,543,-207
106000055,768,1159,-391
106000056,234,610,-376
106000057,151,152,-1
106000058,143,258,-115
106000059,162,221,-59
106000060,586,675,-89
106000061,146,370,-224
106000062,118,857,-739
106000063,403,417,-14
106000064,40,436,-396
106000065,221,185,36
106000066,76,505,-429
106000067,177,121,56
106000068,27,807,-780
106000069,125,108,17
106000070,350,970,-620
106000071,659,364,295
106000072,5110,1466,3644
106000073,1765,2176,-411
106000074,282,752,-470
106000075,280,1176,-896
106000076,1363,1914,-551
106000077,3850,1498,2352
106000078,698,1130,-432
106000079,482,1118,-636
106000080,1080,1102,-22
106000081,496,1094,-598
106000082,2599,1113,1486
106000083,295,1344,-1049
106000084,997,753,244
106000085,1628,1271,357
106000086,591,768,-177
106000087,650,654,-4
106000088,441,867,-426
106000089,743,582,161
106000090,261,545,-284
106000091,219,808,-589
106000092,489,251,238
106000093,198,84,114
106000094,75,377,-302
106000095,413,1416,-1003
106000096,645,774,-129
106000097,569,1601,-1032
106000098,445,1089,-644
106000099,142,920,-778
106000100,616,293,323
106000101,633,287,346
106000102,130,522,-392
106000103,192,598,-406
106000104,550,400,150
106000105,346,1104,-758
106000106,482,467,15
106000107,55,508,-453
106000108,157,310,-153
106000109,68,412,-344
106000110,106,289,-183
106000111,104,694,-590
106000112,100,426,-326
106000113,1191,697,494
106000114,385,398,-13
106000115,153,632,-479
106000116,91,240,-149
106000117,959,963,-4
106000118,1014,1063,-49
106000119,3261,1453,1808
106000120,741,810,-69
106000121,159,189,-30
106000122,62,420,-358
106000123,168,351,-183
106000124,36,456,-420
106000125,10,441,-431
106000126,128,196,-68
106000127,432,970,-538
106000128,362,314,48
106000129,385,937,-552
106000130,400,415,-15
106000131,122,882,-760
106000132,812,117,695
106000133,4303,1121,3182
106000134,972,831,141
106000135,189,1029,-840
106000136,537,443,94
106000137,53,1850,-1797
106000138,653,56,597
106000139,65,172,-107
106000140,27,143,-116
106000141,38,165,-127
106000142,31,86,-55
106000143,9,130,-121
106000144,29,69,-40
106000145,93,412,-319
106000146,173,180,-7
106000147,371,609,-238
106000148,577,895,-318
106000149,397,482,-85
106000150,350,1832,-1482
106000151,5411,951,4460
106000152,1748,1340,408
106000153,65,1370,-1305
106000154,1573,311,1262
106000155,76,228,-152
106000156,503,430,73
106000157,662,2281,-1619
106000158,3117,816,2301
106000159,5524,1290,4234
106000160,208,1677,-1469
106000161,1706,593,1113
106000162,129,648,-519
106000163,233,754,-521
106000164,187,382,-195
106000165,191,901,-710
106000166,412,405,7
106000167,287,1915,-1628
106000168,233,303,-70
106000169,114,1027,-913
106000170,258,295,-37
106000171,126,1123,-997
106000172,2028,937,1091
106000173,797,3389,-2592
106000174,765,306,459
106000175,266,1297,-1031
106000176,1086,701,385
106000177,729,2954,-2225
106000178,2635,1709,926
106000179,1226,2688,-1462
106000180,829,2357,-1528
106000181,406,2540,-2134
106000182,538,887,-349
106000183,702,1345,-643
106000184,905,1388,-483
106000185,622,1186,-564
106000186,884,176,708
106000187,256,825,-569
106000188,0,0,0
106000189,2,55,-53
106000190,13,7,6
106000191,519,205,314
106000192,1,42,-41
106000193,252,160,92
106000194,150,369,-219
106000195,852,140,712
106000196,257,640,-383
106000197,280,448,-168
106000198,172,351,-179
106000199,882,508,374
106000200,526,154,372
106000201,474,1310,-836
106000202,8532,702,7830
106000203,177,215,-38
106000204,32,8,24
106000205,19,168,-149
106000206,59,15,44
106000207,55,1119,-1064
106000208,666,83,583
106000209,861,281,580
106000210,250,1775,-1525
106000211,318,1924,-1606
106000212,498,191,307
106000213,764,1523,-759
106000214,2598,485,2113
106000215,183,501,-318
106000216,221,389,-168
106000217,314,522,-208
106000218,494,386,108
106000219,101,294,-193
106000220,333,258,75
106000221,57,358,-301
106000222,34,139,-105
106000223,65,110,-45
106000224,91,380,-289
106000225,53,58,-5
106000226,117,352,-235
106000228,23,106,-83
106000229,39,908,-869
106000231,429,152,277
106000232,46,463,-417
106000233,349,145,204
106000234,54,263,-209
106000235,240,72,168
106000236,112,57,55
106000237,0,11,-11
106000238,3,7,-4
106000239,2,90,-88
106000240,14,3,11
106000241,26,752,-726
106000242,141,12,129
106000249,29,66,-37
106000250,64,436,-372
106000251,51,22,29
106000252,30,136,-106
106000253,17,60,-43
106000254,40,83,-43
106000255,18,95,-77
106000256,77,110,-33
106000257,94,354,-260
106000258,88,11,77
106000259,3,38,-35
106000260,8,3,5
106000261,3,65,-62
106000262,40,7,33
106000263,6,96,-90
106000264,144,4,140
106000265,4,137,-133
106000266,107,10,97
106000267,5,122,-117
106000268,460,28,432
106000269,87,67,20
106000270,157,431,-274
106000271,35,232,-197
106000272,85,73,12
106000273,9,221,-212
106000274,152,54,98
106000275,124,174,-50
106000276,158,93,65
106000277,161,147,14
106000278,139,48,91
106000279,1,100,-99
106000280,26,213,-187
106000281,65,119,-54
106000282,38,74,-36
106000283,91,141,-50
106000284,50,120,-70
106000285,101,206,-105
106000286,68,212,-144
106000287,97,97,0
106000288,75,177,-102
106000289,48,113,-65
106000290,54,88,-34
106000291,70,106,-36
106000292,60,173,-113
106000293,80,100,-20
106000294,132,175,-43
106000295,42,68,-26
106000296,57,148,-91
106000297,76,261,-185
106000298,130,77,53
106000299,67,147,-80
106000300,45,101,-56
106000301,81,104,-23
106000303,5,65,-60
106000304,43,55,-12
106000305,26,60,-34
106000306,34,109,-75
106000307,63,12,51
106000308,23,227,-204
106000309,17,88,-71
106000310,179,684,-505
106000311,286,148,138
106000312,58,253,-195
106000313,137,262,-125
106000318,206,250,-44
106000319,468,75,393
106000320,0,52,-52
106000321,415,87,328
106000322,75,275,-200
106000324,8,214,-206
106000325,1076,853,223
106000326,955,2419,-1464
106000327,27,141,-114
106000328,12,129,-117
106000329,28,350,-322
106000330,77,56,21
106000428,43,157,-114
106000429,74,557,-483
106000430,352,1562,-1210
106000431,995,278,717
106000432,1730,2882,-1152
106000433,1372,727,645
106000434,2372,923,1449
106000435,2427,2783,-356
106000436,23,421,-398
106000437,161,39,122
106000438,261,104,157
106000439,49,612,-563
106000440,167,440,-273
106000441,0,0,0
106000442,84,3,81
106000443,94,823,-729
106000450,4,311,-307
106000451,26,32,-6
106000454,4,72,-68
106000455,8,143,-135
106000456,101,42,59
106000457,10,1438,-1428
106000458,302,191,111
106000459,52,506,-454
106000460,549,36,513
106000461,48,2443,-2395
106000462,0,29,-29
106000463,3,38,-35
106000464,6,751,-745
106000465,192,1,191
106000466,2,1066,-1064
106000467,497,613,-116
106000468,26,169,-143
106000469,287,9,278
106000470,229,1399,-1170
106000471,48,929,-881
106000472,69,17,52
106000473,14,23,-9
106000474,190,835,-645
106000475,179,136,43
106000476,148,138,10
106000477,6,54,-48
106900001,0,17,-17
106900002,2,869,-867
106900003,312,1163,-851
106900004,1,107,-106
106900006,0,12,-12
106900007,0,18,-18
106900008,124,427,-303
106900009,192,656,-464
106900010,179,505,-326
106900012,2918,1593,1325
106900013,388,89,299
106900014,25,2,23
106900015,12,0,12
106900016,101,0,101
106900017,6,0,6
106900018,0,0,0
106900019,44,1,43
106900020,3941,959,2982
106900021,26,47,-21
106900022,289,1,288
106900023,6,293,-287
106900024,356,22,334
106900025,67,994,-927
106900026,5,1199,-1194
106900027,265,2,263
107000001,3768,1585,2183
107000002,6290,3569,2721
107000003,3653,4899,-1246
107000004,5345,6689,-1344
107000005,1879,3921,-2042
107000006,3223,7547,-4324
107000007,4391,6777,-2386
107000008,18426,13011,5415
107000009,4040,4684,-644
107000010,10148,13353,-3205
107000011,1524,1374,150
107000012,5037,4716,321
107000013,45,182,-137
107000014,21,293,-272
107000015,240,1012,-772
107000016,404,1475,-1071
107000017,2305,841,1464
107000018,10,185,-175
107000020,1259,312,947
107000021,687,808,-121
107000022,563,1368,-805
107000023,1197,361,836
107000024,347,2136,-1789
107000025,85,340,-255
107000026,89,870,-781
107000027,882,864,18
107000028,1190,1988,-798
107000029,1353,1400,-47
107000030,3179,3712,-533
107000031,2328,1668,660
107000032,432,1113,-681
107000033,4295,4116,179
107000034,5883,2379,3504
107000035,281,165,116
107000036,355,1074,-719
107000037,52,676,-624
107000038,198,340,-142
107000039,620,536,84
107000040,120,380,-260
107000041,1621,723,898
107000042,665,1935,-1270
107000043,3432,984,2448
107000044,642,381,261
107000045,66,276,-210
107000046,437,351,86
107000047,335,763,-428
107000048,396,394,2
107000049,404,778,-374
107000050,645,437,208
107000051,485,328,157
107000052,963,709,254
107000053,241,100,141
107000054,47,283,-236
107000055,91,80,11
107000056,441,859,-418
107000057,1571,213,1358
107000058,1966,2164,-198
107000059,2536,3749,-1213
107000060,3132,5101,-1969
107000061,6101,4514,1587
107000062,2512,2865,-353
107000063,4052,7886,-3834
107000064,2403,1870,533
107000065,3244,6983,-3739
107000066,1080,1709,-629
107000067,625,1020,-395
107000068,1242,594,648
107000069,483,365,118
107000070,313,6,307
107000071,1597,22,1575
107000072,44,4520,-4476
107000073,280,131,149
107000074,143,1139,-996
107000075,1012,375,637
107000076,817,2007,-1190
107000077,2019,713,1306
107000078,2177,4007,-1830
107000079,1623,543,1080
107000080,1187,3971,-2784
107000081,833,425,408
107000082,587,3411,-2824
107000083,826,287,539
107000084,511,3213,-2702
107000085,2455,2926,-471
107000086,3491,3224,267
107000087,2303,1926,377
107000088,2700,3586,-886
107000089,1261,1825,-564
107000090,854,1105,-251
107000091,938,1082,-144
107000092,649,1185,-536
107000093,847,841,6
107000094,859,1520,-661
107000095,458,507,-49
107000096,534,1111,-577
107000097,315,190,125
107000098,227,496,-269
107000099,378,321,57
107000100,412,238,174
107000101,57,133,-76
107000102,389,402,-13
107000103,238,169,69
107000104,253,406,-153
107000105,326,136,190
107000106,147,401,-254
107000107,295,243,52
107000108,93,774,-681
107000109,257,120,137
107000110,50,775,-725
107000111,131,19,112
107000112,52,537,-485
107000113,313,115,198
107000114,83,949,-866
107000115,227,78,149
107000116,120,1361,-1241
107000117,90,243,-153
107000118,192,392,-200
107000119,1890,919,971
107000120,2769,421,2348
107000121,548,796,-248
107000122,1019,1080,-61
107000123,260,689,-429
107000124,378,1091,-713
107000125,275,678,-403
107000126,406,942,-536
107000127,11,333,-322
107000129,87,217,-130
107000130,103,218,-115
107000131,354,372,-18
107000132,361,306,55
107000133,593,119,474
107000134,377,3,374
107000135,25,271,-246
107000136,670,1,669
107000137,11,371,-360
107000138,262,17,245
107000139,3,374,-371
107000140,675,47,628
107000141,84,978,-894
107000142,253,48,205
107000143,43,1207,-1164
107000144,208,377,-169
107000145,104,697,-593
107000146,151,269,-118
107000147,3411,714,2697
107000150,955,1525,-570
107000151,54,123,-69
107000152,609,471,138
107000153,505,661,-156
107000154,250,105,145
107000155,376,11,365
107000156,719,43,676
107000157,29,2798,-2769
107000158,217,17,200
107000159,30,1240,-1210
107000160,437,96,341
107000161,87,2658,-2571
107000162,121,205,-84
107000163,20,0,20
107000164,191,0,191
107000165,442,1,441
107000166,38,2007,-1969
107000167,326,283,43
107000168,497,265,232
107000169,1042,1049,-7
107000170,977,568,409
107000171,668,3661,-2993
107000172,558,611,-53
107000173,738,1444,-706
107000174,752,2300,-1548
107000175,12839,1865,10974
107000176,0,0,0
107000177,0,0,0
107000178,21,69,-48
107000179,173,3958,-3785
107000180,855,357,498
107000181,252,1800,-1548
107000182,1059,1188,-129
107000183,103,1191,-1088
107000184,580,902,-322
107000185,453,1882,-1429
107000186,778,398,380
107000187,881,1429,-548
107000188,454,540,-86
107000189,293,1000,-707
107000190,408,1010,-602
107000191,432,956,-524
107000192,1321,1349,-28
107000193,350,456,-106
107000194,893,1009,-116
107000197,549,216,333
107000198,259,908,-649
107000199,690,813,-123
107000200,989,572,417
107000201,284,210,74
107000202,193,370,-177
107000203,704,426,278
107000204,961,539,422
107000205,2740,1050,1690
107000206,715,863,-148
107000207,787,1393,-606
107000208,1472,343,1129
107000209,2969,740,2229
107000210,1678,371,1307
107000211,16,16,0
107000212,11,288,-277
107000213,21,16,5
107000214,22,151,-129
107000215,269,650,-381
107000216,194,530,-336
107000217,112,206,-94
107000219,63,156,-93
107000220,88,374,-286
107000222,204,863,-659
107000224,351,62,289
107000225,191,841,-650
107000226,212,86,126
107000227,109,552,-443
107000228,63,142,-79
107000229,140,108,32
107000230,1068,512,556
107000231,2562,572,1990
107000232,54,39,15
107000233,2213,493,1720
107000234,1,13,-12
107000235,70,2,68
107000236,15,417,-402
107000237,6,0,6
107000238,10,0,10
107000239,6196,560,5636
107000240,48,1277,-1229
107000241,153,30,123
107000242,903,93,810
107000243,0,51,-51
107000244,3,89,-86
107000246,3,1364,-1361
107000249,1,1173,-1172
107000251,2,352,-350
107000252,6,1675,-1669
107000255,891,105,786
107000257,6,719,-713
107000258,3,194,-191
107000259,7,277,-270
107000260,234,4,230
107000262,12,1080,-1068
107000263,144,0,144
107000266,9,5,4
107000267,57,233,-176
107000268,169,257,-88
107000269,226,38,188
107000270,3,26,-23
107000271,8,1341,-1333
107000272,9,282,-273
107000273,0,279,-279
107000274,865,213,652
107000275,48,884,-836
107000280,265,14,251
107000281,20,1165,-1145
107000282,9,1686,-1677
107000290,1,14,-13
107000291,4,14,-10
107000292,4,29,-25
107000293,55,6,49
107000294,1,28,-27
107000295,19,0,19
107000296,0,26,-26
107000444,116,3,113
107000496,1,24,-23
107000497,1459,3740,-2281
107000500,299,359,-60
107000501,76,205,-129
107000502,177,401,-224
107000505,592,909,-317
107000506,3,62,-59
107000508,5,862,-857
107000509,170,522,-352
107000510,23,16,7
107000514,12,255,-243
107000515,10,405,-395
107000516,126,180,-54
107000518,524,525,-1
107000519,4653,1183,3470
107000520,40,7,33
107900001,22,241,-219
107900002,65,2,63
107900003,230,10,220
107900004,42,0,42
107900005,456,2,454
107900006,72,0,72
107900007,176,15,161
107900008,60,70,-10
107900009,115,10,105
107900010,8,2,6
107900012,163,20,143
107900013,250,109,141
107900014,10,9,1
107900015,435,4,431
107900016,505,105,400
107900017,20,0,20
107900018,30,60,-30
107900019,13,145,-132
107900020,79,5,74
107900021,17,211,-194
107900023,2,2,0
107900024,0,30,-30
107900025,192,423,-231
107900026,39,164,-125
107900027,28,82,-54
107900028,36,111,-75
107900030,188,25,163
107900031,37,229,-192
107900032,3,7,-4
107900033,19,8,11
107900034,258,13,245
107900035,525,18,507
107900036,28,13,15
107900037,2,72,-70
107900038,174,128,46
107900039,5,77,-72
107900040,114,103,11
107900041,1,0,1
107900043,28,163,-135
107900044,0,7,-7
107900045,62,29,33
107900046,78,97,-19
107900047,9,115,-106
107900048,73,10,63
107900049,311,367,-56
107900050,71,473,-402
107900051,106,123,-17
107900052,16,31,-15
107900053,20,95,-75
107900055,830,300,530
107900056,114,25,89
107900057,0,0,0
107900058,26,947,-921
107900060,5,49,-44
107900061,13,2,11
107900063,79,140,-61
107900064,449,47,402
107900065,98,17,81
107900066,2,4,-2
107900067,0,0,0
107900068,111,295,-184
107900069,17,752,-735
107900070,83,33,50
107900071,22,1250,-1228
107900072,38,319,-281
107900073,74,178,-104
107900074,1125,145,980
107900076,96,87,9
107900077,72,58,14
107900078,277,25,252
107900079,2,8,-6
107900080,130,266,-136
107900081,6,118,-112
107900082,21,23,-2
107900083,281,136,145
107900084,73,127,-54
107900086,18,103,-85
107900087,512,74,438
107900088,18,17,1
107900089,330,1118,-788
107900090,412,1155,-743
107900091,139,609,-470
107900092,2441,573,1868
107900093,38,55,-17
107900095,3295,1183,2112
107900097,72,64,8
107900098,82,174,-92
107900100,1377,833,544
107900101,1498,213,1285
107900102,13,8,5
107900103,35,181,-146
107900104,164,5,159
107900105,3,593,-590
107900106,5,1764,-1759
107900107,1721,218,1503
107900108,313,97,216
107900109,580,5,575
107900110,14,149,-135
107900111,8,1612,-1604
107900112,86,253,-167
107900113,74,128,-54
107900114,89,295,-206
107900115,1,58,-57
107900116,57,313,-256
107900117,280,563,-283
107900118,76,185,-109
107900119,31,106,-75
107900120,37,8,29
107900121,2,137,-135
107900122,0,47,-47
107900123,1,38,-37
107900124,6,52,-46
107900125,24,201,-177
107900126,3,26,-23
107900127,557,111,446
107900128,146,66,80
107900129,20,48,-28
107900130,39,30,9
107900131,599,63,536
107900132,98,580,-482
107900133,2,110,-108
107900134,27,21,6
107900135,2,234,-232
107900136,50,32,18
107900137,50,114,-64
107900138,23,27,-4
107900139,17,43,-26
107900140,116,82,34
107900141,58,45,13
107900142,53,1524,-1471
107900143,29,64,-35
107900144,0,209,-209
107900145,6,128,-122
107900146,42,101,-59
107900147,55,29,26
107900148,126,267,-141
107900149,2204,236,1968
107900150,100,1109,-1009
107900151,4,100,-96
107900152,11,412,-401
107900153,107,177,-70
107900154,16,7,9
107900155,18,28,-10
107900156,9,504,-495
107900157,36,95,-59
107900158,378,8,370
107900159,28,1544,-1516
107900160,19,161,-142
107900161,11,356,-345
107900162,2,242,-240
107900163,106,14,92
107900164,6,32,-26
107900165,8,65,-57
107900166,11,428,-417
107900167,7,23,-16
107900168,12,48,-36
107900169,0,201,-201
107900171,8,2486,-2478
107900172,3,437,-434
107900173,10,257,-247
107900174,45,12,33
107900175,8,33,-25
107900176,6,45,-39
107900177,2,321,-319
107900178,6,316,-310
107900179,3,159,-156
107900180,1298,300,998
107900181,322,437,-115
107900182,2,1902,-1900
107900183,21,419,-398
107900184,35,348,-313
107900185,28,2,26
107900186,9,54,-45
107900187,0,182,-182
107900188,838,123,715
107900189,21,125,-104
107900190,92,48,44
107900191,43,187,-144
107900193,4,17,-13
107900194,153,2,151
107900195,5245,660,4585
107900196,45,69,-24
107900197,1119,145,974
107900199,2,1364,-1362
107900201,50,151,-101
107900203,22,101,-79
107900204,244,316,-72
107900205,179,494,-315
107900206,434,157,277
107900207,1,876,-875
107900208,7,1035,-1028
107900209,325,117,208
107900210,79,166,-87
107900213,813,651,162
107900214,4,190,-186
107900215,220,386,-166
107900216,93,59,34
107900217,23,65,-42
107900218,17,2003,-1986
107900219,22,174,-152
107900220,201,136,65
107900221,166,225,-59
107900223,54,786,-732
107900224,249,337,-88
107900225,2,1128,-1126
107900226,48,137,-89
107900227,89,526,-437
107900228,6,136,-130
107900229,6,401,-395
107900230,4,247,-243
107900231,18,247,-229
107900232,28,270,-242
107900233,6,176,-170
107900234,43,246,-203
107900235,32,106,-74
107900236,40,108,-68
107900237,127,620,-493
107900238,9,154,-145
107900239,1579,397,1182
107900240,5,213,-208
107900241,14,109,-95
107900242,4,406,-402
107900243,2,29,-27
107900244,101,3,98
107900245,228,24,204
107900246,76,7,69
107900248,82,623,-541
107900249,300,7,293
107900250,0,745,-745
107900251,64,1565,-1501
107900252,448,18,430
107900253,75,5,70
107900254,47,134,-87
107900255,375,49,326
107900256,323,405,-82
107900257,95,54,41
107900258,46,200,-154
107900259,97,926,-829
107900261,3,522,-519
107900262,31,178,-147
107900264,77,1,76
107900265,57,283,-226
107900267,72,18,54
107900268,62,7,55
107900269,0,4,-4
107900270,0,0,0
107900271,4,4,0
107900272,159,8,151
107900273,8,122,-114
107900274,39,0,39
107900275,21,0,21
107900276,0,88,-88
107900277,0,294,-294
107900278,128,481,-353
107900279,171,102,69
107900280,2201,1460,741
107900281,4038,1141,2897
107900282,64,267,-203
107900283,1639,457,1182
107900284,213,1014,-801
107900285,39,163,-124
107900286,97,91,6
107900287,75,231,-156
107900290,0,54,-54
107900291,294,11,283
107900292,82,347,-265
107900293,29,640,-611
107900295,53,142,-89
107900297,1,364,-363
107900298,784,1166,-382
107900299,4393,1897,2496
107900300,30,222,-192
107900301,414,310,104
107900302,98,18,80
107900303,77,385,-308
107900304,126,805,-679
107900305,144,6,138
107900306,34,9,25
107900307,64,324,-260
107900308,159,57,102
107900309,14,0,14
107900310,0,0,0
107900311,403,84,319
107900312,3,0,3
107900313,1,84,-83
107900314,2,64,-62
107900315,1,51,-50
107900316,21,2,19
107900317,50,3,47
107900318,4,155,-151
107900319,5,288,-283
107900320,10,257,-247
107900321,78,6,72
107900322,2,186,-184
107900323,33,248,-215
107900324,96,2,94
107900325,43,0,43
107900326,104,521,-417
107900327,0,0,0
107900328,0,0,0
107900329,0,0,0
107900330,5,979,-974
107900331,136,27,109
107900332,105,38,67
107900333,23,21,2
107900334,10,458,-448
107900335,50,94,-44
107900336,18,19,-1
107900337,1951,471,1480
107900338,2,185,-183
107900339,0,48,-48
107900340,0,83,-83
107900341,10,0,10
107900342,40,72,-32
107900343,20,2,18
107900344,1,74,-73
107900345,85,25,60
107900346,20,2,18
107900347,21,1,20
107900348,4,2,2
107900349,23,8,15
107900350,51,347,-296
108000001,2344,2768,-424
108000002,2394,3750,-1356
108000003,2935,1879,1056
108000004,18251,20054,-1803
108000005,4912,2876,2036
108000006,6481,7547,-1066
108000007,3892,3071,821
108000008,5183,6788,-1605
108000009,2285,3088,-803
108000010,2756,6083,-3327
108000011,10887,8060,2827
108000012,23881,17961,5920
108000014,506,514,-8
108000015,406,308,98
108000016,184,691,-507
108000017,645,387,258
108000018,1187,439,748
108000019,1160,533,627
108000020,979,451,528
108000021,537,1882,-1345
108000022,615,2034,-1419
108000023,923,185,738
108000024,138,843,-705
108000025,182,211,-29
108000026,322,784,-462
108000027,314,627,-313
108000028,207,337,-130
108000029,237,595,-358
108000030,340,231,109
108000031,193,677,-484
108000032,782,474,308
108000033,523,1622,-1099
108000034,1116,342,774
108000035,1055,3144,-2089
108000036,319,1742,-1423
108000037,1191,336,855
108000038,1555,410,1145
108000039,527,3518,-2991
108000040,1101,607,494
108000041,673,3682,-3009
108000042,79,238,-159
108000043,129,404,-275
108000044,248,148,100
108000045,159,1011,-852
108000046,907,285,622
108000047,370,1501,-1131
108000048,114,584,-470
108000049,330,194,136
108000050,92,569,-477
108000051,173,66,107
108000052,324,913,-589
108000053,212,114,98
108000054,612,1083,-471
108000055,778,309,469
108000056,760,1188,-428
108000057,447,637,-190
108000058,1793,2329,-536
108000059,4248,2080,2168
108000060,136,257,-121
108000061,175,369,-194
108000062,462,415,47
108000063,384,731,-347
108000064,132,242,-110
108000065,344,760,-416
108000066,1740,761,979
108000067,1355,422,933
108000068,554,286,268
108000069,179,1394,-1215
108000070,1209,532,677
108000071,567,2238,-1671
108000072,1126,1016,110
108000073,1779,2832,-1053
108000074,259,338,-79
108000075,309,1058,-749
108000076,569,412,157
108000077,664,1057,-393
108000078,1652,1391,261
108000079,976,2379,-1403
108000080,635,449,186
108000081,537,3209,-2672
108000082,1099,2337,-1238
108000083,1501,768,733
108000084,344,1698,-1354
108000085,338,276,62
108000086,1074,1072,2
108000087,129,1218,-1089
108000088,127,12,115
108000089,230,323,-93
108000090,219,95,124
108000091,82,618,-536
108000092,63,92,-29
108000093,98,1225,-1127
108000094,482,117,365
108000095,116,639,-523
108000096,185,192,-7
108000097,65,750,-685
108000098,723,1554,-831
108000099,103,101,2
108000100,34,174,-140
108000101,614,938,-324
108000102,1179,1706,-527
108000106,800,0,800
108000107,1,840,-839
108000108,422,52,370
108000109,10,1167,-1157
108000110,111,227,-116
108000111,127,949,-822
108000112,64,89,-25
108000113,481,403,78
108000115,660,494,166
108000117,902,359,543
108000118,60,130,-70
108000119,699,545,154
108000120,82,515,-433
108000121,126,719,-593
108000122,293,351,-58
108000123,406,323,83
108000124,175,716,-541
108000125,168,394,-226
108000126,93,757,-664
108000127,259,475,-216
108000128,362,860,-498
108000129,158,1716,-1558
108000130,181,333,-152
108000131,518,212,306
108000132,1914,1716,198
108000133,455,489,-34
108000134,663,861,-198
108000135,755,327,428
108000136,920,1316,-396
108000137,187,410,-223
108000138,134,618,-484
108000139,166,480,-314
108000140,29,17,12
108000141,25,211,-186
108000142,52,177,-125
108000143,20,58,-38
108000144,12,11,1
108000145,20,31,-11
108000146,34,11,23
108000147,45,65,-20
108000148,23,5,18
108000149,16,36,-20
108000150,13,2,11
108000151,16,18,-2
108000152,74,843,-769
108000153,254,127,127
108000154,51,26,25
108000155,13,9,4
108000156,458,69,389
108000157,95,505,-410
108000158,66,526,-460
108000159,780,146,634
108000160,6302,807,5495
108000161,6211,1560,4651
108000165,3,126,-123
108000172,2,193,-191
108000173,3693,1115,2578
108000175,96,77,19
108000178,436,464,-28
108000179,165,511,-346
108000181,23,24,-1
108000182,115,17,98
108000183,12,15,-3
108000184,1355,1295,60
108000185,102,835,-733
108000186,87,56,31
108000187,54,1055,-1001
108000188,260,377,-117
108000189,726,672,54
108000190,30,116,-86
108000192,86,816,-730
108000193,668,50,618
108000194,17,17,0
108000195,1,1378,-1377
108000196,96,139,-43
108000197,78,695,-617
108000198,306,512,-206
108000199,0,113,-113
108000200,175,955,-780
108000202,0,140,-140
108000203,48,1182,-1134
108000204,43,23,20
108000205,375,768,-393
108000339,1710,339,1371
108000364,166,178,-12
108000365,52,411,-359
108000367,234,573,-339
108000368,9,44,-35
108000369,1248,134,1114
108000371,2,765,-763
108000372,388,0,388
108000373,104,147,-43
108000376,51,18,33
108000377,257,343,-86
108000378,9082,7818,1264
108000379,27,161,-134
108000381,31,12,19
108000382,33,1,32
108000383,0,53,-53
108900001,203,1403,-1200
108900002,168,56,112
108900003,389,1353,-964
108900004,146,132,14
108900005,27,123,-96
108900006,323,176,147
108900007,90,197,-107
108900008,59,174,-115
108900009,49,118,-69
108900010,109,198,-89
108900011,239,407,-168
108900012,197,480,-283
108900013,111,333,-222
108900014,5,96,-91
108900015,0,15,-15
108900016,0,249,-249
108900017,132,182,-50
108900018,102,705,-603
108900019,43,1733,-1690
108900020,21,413,-392
108900021,104,334,-230
108900022,48,0,48
108900023,0,42,-42
108900024,7,200,-193
108900025,63,173,-110
108900026,26,93,-67
108900027,0,197,-197
108900028,38,613,-575
108900029,41,254,-213
108900030,1,77,-76
108900031,56,820,-764
108900032,7,288,-281
108900033,0,177,-177
108900034,0,357,-357
108900035,233,2348,-2115
108900036,278,471,-193
108900037,18,602,-584
108900038,2,562,-560
108900039,2,651,-649
108900040,2,180,-178
108900041,6588,2303,4285
108900042,6,298,-292
108900043,41,657,-616
108900044,3,1064,-1061
108900045,20,941,-921
108900046,74,1554,-1480
108900047,0,65,-65
108900048,92,1346,-1254
108900049,7111,808,6303
108900050,2,363,-361
108900051,1,267,-266
108900052,17,370,-353
108900053,120,126,-6
108900054,48,229,-181
108900055,78,597,-519
108900056,2,190,-188
108900057,3,295,-292
108900058,19,670,-651
108900059,223,25,198
108900060,77,114,-37
108900061,40,27,13
108900062,3,416,-413
108900063,13,634,-621
108900064,84,75,9
108900065,4,495,-491
108900066,151,134,17
108900067,65,306,-241
108900068,1,205,-204
108900069,28,165,-137
108900070,30,236,-206
108900071,58,99,-41
108900072,2978,330,2648
108900073,6,101,-95
108900074,79,635,-556
108900075,52,93,-41
108900076,165,113,52
108900077,150,177,-27
108900078,8,289,-281
108900079,1150,272,878
108900080,30,534,-504
108900081,54,299,-245
108900082,28,96,-68
108900083,20,219,-199
108900084,402,186,216
108900085,2661,145,2516
108900086,36,458,-422
108900087,138,345,-207
108900088,767,342,425
108900089,16,115,-99
108900090,30,625,-595
108900091,154,197,-43
108900092,340,311,29
108900093,115,69,46
108900094,235,98,137
108900095,61,820,-759
108900096,573,56,517
108900097,332,250,82
108900098,4225,572,3653
108900099,303,447,-144
108900100,68,185,-117
108900101,175,58,117
108900102,161,532,-371
108900103,39,42,-3
108900104,245,477,-232
108900105,1,476,-475
108900106,201,710,-509
108900108,196,42,154
108900109,7,29,-22
108900110,92,636,-544
108900111,237,984,-747
108900112,95,21,74
108900113,20,23,-3
108900114,4,3,1
108900115,73,61,12
108900116,36,19,17
108900117,69,11,58
108900118,345,9,336
108900119,144,45,99
108900120,127,88,39
108900121,243,42,201
108900122,66,47,19
108900123,90,45,45
108900124,216,90,126
108900125,196,0,196
108900126,53,17,36
108900127,111,43,68
108900128,87,18,69
108900129,472,115,357
108900130,124,0,124
108900131,175,3,172
108900132,234,50,184
108900133,112,59,53
108900134,121,295,-174
108900135,61,6,55
108900136,4,0,4
108900137,96,1,95
108900138,226,21,205
108900139,342,101,241
108900140,128,280,-152
108900141,138,14,124
108900142,62,0,62
108900143,11,0,11
108900144,28,0,28
108900145,76,11,65
108900146,29,1,28
108900147,95,0,95
108900148,67,36,31
108900149,505,364,141
108900150,163,3,160
108900151,35,2,33
108900152,34,45,-11
108900153,71,677,-606
108900154,3350,497,2853
108900155,143,87,56
108900156,54,3,51
108900157,4,914,-910
108900158,172,31,141
108900159,7,458,-451
108900160,12,348,-336
108900161,9,700,-691
108900162,62,0,62
108900163,0,144,-144
108900164,39,74,-35
108900165,220,93,127
108900167,2274,2921,-647
108900168,12277,2049,10228
108900169,28,186,-158
108900171,12293,1938,10355
108900172,108,37,71
108900173,259,446,-187
108900174,343,550,-207
108900176,207,799,-592
108900177,10430,2562,7868
108900178,6862,2009,4853
108900179,373,904,-531
108900180,87,147,-60
108900182,9,181,-172
108900183,162,247,-85
108900184,387,218,169
108900185,86,371,-285
108900186,135,438,-303
108900187,182,57,125
108900188,305,73,232
108900189,149,205,-56
108900190,46,4720,-4674
108900191,166,26,140
108900192,75,422,-347
108900193,129,29,100
108900194,13,359,-346
108900195,67,473,-406
108900196,22,887,-865
108900198,4,789,-785
108900199,174,330,-156
108900200,225,316,-91
108900201,296,1406,-1110
108900203,308,14,294
108900204,314,2,312
108900205,88,18,70
108900206,200,17,183
108900207,154,36,118
108900208,21,458,-437
108900209,190,897,-707
108900210,128,226,-98
108900211,85,287,-202
108900212,884,688,196
108900215,127,811,-684
108900216,317,88,229
108900217,58,0,58
108900218,95,3,92
108900219,76,6,70
108900220,46,11,35
108900221,20,89,-69
108900222,140,8,132
108900223,10,49,-39
108900224,47,94,-47
108900225,1,230,-229
108900226,110,6,104
108900227,84,144,-60
108900230,541,379,162
108900231,78,333,-255
108900232,1,547,-546
108900233,354,46,308
108900234,244,88,156
108900235,209,838,-629
108900236,58,512,-454
108900237,41,321,-280
108900240,85,114,-29
108900241,22,27,-5
108900245,7,786,-779
108900249,73,21,52
108900250,200,152,48
108900257,117,889,-772
108900258,19,330,-311
108900259,14,109,-95
108900260,7,120,-113
108900261,127,190,-63
108900262,287,147,140
108900263,47,249,-202
108900264,434,276,158
108900265,1719,260,1459
108900266,1350,266,1084
108900267,3,52,-49
108900268,0,0,0
108900269,25,6,19
108900270,21,4,17
108900271,5,7,-2
108900272,129,8,121
108900273,1160,486,674
108900274,17,100,-83
109000001,2953,969,1984
109000002,3047,1230,1817
109000003,1925,549,1376
109000004,479,2871,-2392
109000005,1467,837,630
109000006,590,2395,-1805
109000007,1093,698,395
109000008,356,2129,-1773
109000009,2661,1055,1606
109000010,1180,4556,-3376
109000011,2026,1389,637
109000012,1552,4617,-3065
109000013,2791,1915,876
109000014,1603,4912,-3309
109000015,2912,3935,-1023
109000016,11493,5195,6298
109000017,1489,1059,430
109000018,673,3937,-3264
109000019,1654,1006,648
109000020,937,2488,-1551
109000023,310,13,297
109000024,4,163,-159
109000025,367,275,92
109000026,778,315,463
109000027,59,208,-149
109000028,76,133,-57
109000029,130,133,-3
109000030,116,749,-633
109000031,86,73,13
109000032,96,701,-605
109000033,169,60,109
109000034,37,30,7
109000035,24,21,3
109000036,57,420,-363
109000037,173,712,-539
109000038,620,425,195
109000039,749,502,247
109000040,6997,3861,3136
109000041,6799,1105,5694
109000042,1003,1169,-166
109000044,212,54,158
109000045,68,503,-435
109000046,230,54,176
109000047,53,476,-423
109000048,647,102,545
109000049,206,587,-381
109000050,305,257,48
109000051,301,319,-18
109000052,396,2393,-1997
109000053,148,78,70
109000054,404,1070,-666
109000055,100,223,-123
109000056,312,777,-465
109000057,427,271,156
109000058,948,338,610
109000059,523,933,-410
109000060,470,156,314
109000061,1811,684,1127
109000062,149,170,-21
109000063,164,257,-93
109000064,159,134,25
109000065,69,443,-374
109000066,212,157,55
109000067,26,481,-455
109000068,443,14,429
109000069,635,24,611
109000070,7,925,-918
109000071,284,69,215
109000072,63,331,-268
109000073,35,101,-66
109000074,11,273,-262
109000075,58,436,-378
109000076,29,152,-123
109000077,308,312,-4
109000078,51,85,-34
109000079,81,238,-157
109000080,28,138,-110
109000081,63,617,-554
109000082,237,419,-182
109000083,163,889,-726
109000088,144,618,-474
109000089,191,27,164
109000090,142,650,-508
109000091,186,148,38
109000092,416,836,-420
109000093,95,138,-43
109000094,243,3,240
109000095,77,1024,-947
109000096,393,173,220
109000097,63,120,-57
109000098,27,76,-49
109000099,518,462,56
109000100,100,682,-582
109000101,866,1017,-151
109000102,222,1041,-819
109000103,262,686,-424
109000104,770,795,-25
109000105,403,2122,-1719
109000106,1396,639,757
109000107,451,2693,-2242
109000108,985,488,497
109000109,375,2432,-2057
109000110,1045,371,674
109000111,965,2998,-2033
109000112,272,154,118
109000113,119,190,-71
109000114,122,281,-159
109000115,927,43,884
109000116,6,229,-223
109000117,89,131,-42
109000118,5,333,-328
109000119,606,415,191
109000120,123,1719,-1596
109000121,173,60,113
109000122,91,1668,-1577
109000123,16,99,-83
109000124,371,384,-13
109000125,446,306,140
109000126,241,1282,-1041
109000127,384,177,207
109000128,386,3184,-2798
109000129,1340,508,832
109000130,575,3521,-2946
109000131,605,255,350
109000132,588,2134,-1546
109000133,286,1214,-928
109000134,713,1691,-978
109000135,908,1448,-540
109000136,174,582,-408
109000137,175,332,-157
109000138,324,647,-323
109000139,264,507,-243
109000140,74,632,-558
109000141,184,530,-346
109000142,62,791,-729
109000143,88,40,48
109000145,51,173,-122
109000146,34,57,-23
109000148,5173,1084,4089
109000149,41,30,11
109000150,44,162,-118
109000155,431,586,-155
109000156,1302,1174,128
109000158,90,276,-186
109000159,103,773,-670
109000160,539,330,209
109000161,178,1775,-1597
109000162,1354,1184,170
109000163,773,2229,-1456
109000164,822,3196,-2374
109000165,960,768,192
109000166,397,157,240
109000167,100,1350,-1250
109000170,67,64,3
109000171,37,40,-3
109000172,27,47,-20
109000173,14,58,-44
109000174,25,71,-46
109000175,34,115,-81
109000176,129,331,-202
109000177,15,140,-125
109000178,212,127,85
109000179,9425,2650,6775
109000180,6089,3009,3080
109000181,1,54,-53
109000182,24,57,-33
109000183,16,52,-36
109000184,19,25,-6
109000185,11,62,-51
109000188,415,3531,-3116
109000189,1563,1023,540
109000190,407,562,-155
109000191,199,744,-545
109000192,189,246,-57
109000193,122,562,-440
109000194,86,146,-60
109000195,92,662,-570
109000196,187,133,54
109000197,178,686,-508
109000198,234,62,172
109000199,56,621,-565
109000206,183,23,160
109000207,81,32,49
109000208,66,54,12
109000209,169,84,85
109000210,119,559,-440
109000211,109,199,-90
109000214,210,742,-532
109000215,92,61,31
109000216,127,100,27
109000217,125,62,63
109000218,171,144,27
109000221,327,1414,-1087
109000222,518,118,400
109000223,186,220,-34
109000224,38,393,-355
109000225,38,32,6
109000226,37,412,-375
109000227,725,2086,-1361
109000228,0,290,-290
109000231,4,667,-663
109000232,170,594,-424
109000236,229,1057,-828
109000241,1249,2474,-1225
109000242,1141,1639,-498
109000293,8,47,-39
109000361,87,341,-254
109000364,184,819,-635
109000396,7,1228,-1221
109000397,214,6,208
109000399,80,695,-615
109000400,29,272,-243
109000403,78,294,-216
109000406,130,4,126
109000407,178,318,-140
109000408,1,447,-446
109000410,577,156,421
109000411,31,12,19
109900001,63,0,63
109900002,470,16,454
109900003,93,0,93
109900004,649,372,277
109900005,13,3,10
109900006,227,258,-31
109900007,338,1191,-853
109900008,0,34,-34
109900009,102,1061,-959
109900010,232,14,218
109900011,53,45,8
109900012,173,132,41
109900013,231,148,83
109900014,193,42,151
109900015,366,149,217
109900016,55,68,-13
109900017,67,122,-55
109900018,150,203,-53
109900019,106,96,10
109900020,14,14,0
109900021,11,7,4
109900022,16,417,-401
109900023,10,3,7
109900024,9,1,8
109900025,5,108,-103
109900026,5,221,-216
109900027,27,5,22
109900028,3247,503,2744
109900029,11,880,-869
109900030,7,0,7
109900031,1,156,-155
109900032,3,269,-266
109900033,2,686,-684
109900034,10,3,7
109900035,9,13,-4
109900036,8,134,-126
109900037,13,754,-741
109900038,35,311,-276
109900039,2,1,1
109900040,23,766,-743
109900041,94,696,-602
109900042,18,600,-582
109900044,30,356,-326
109900045,16,29,-13
109900046,4,58,-54
109900047,339,372,-33
109900048,11,99,-88
109900049,13,16,-3
109900050,1,368,-367
109900051,0,37,-37
109900052,61,385,-324
109900053,5,716,-711
109900054,325,186,139
109900055,39,387,-348
109900056,10,134,-124
109900057,7,262,-255
109900058,0,163,-163
109900059,334,91,243
109900060,311,198,113
109900061,112,294,-182
109900062,0,427,-427
109900063,5,447,-442
109900064,257,338,-81
109900065,109,162,-53
109900066,282,1333,-1051
109900067,4,655,-651
109900068,26,1,25
109900069,5,54,-49
109900070,52,319,-267
109900071,0,43,-43
109900072,23,135,-112
109900073,157,1076,-919
109900074,4,64,-60
109900075,13,16,-3
109900076,12,412,-400
109900077,17,73,-56
109900078,99,485,-386
109900080,126,468,-342
109900081,20,93,-73
109900082,39,744,-705
109900083,11,50,-39
109900084,71,162,-91
109900085,161,1555,-1394
109900086,110,167,-57
109900087,266,483,-217
109900089,350,81,269
109900090,531,1725,-1194
109900091,126,105,21
109900092,272,15,257
109900093,434,117,317
109900094,31,91,-60
109900095,133,341,-208
109900096,18,1,17
109900097,46,0,46
109900098,173,18,155
109900099,96,0,96
109900100,22,0,22
109900101,211,11,200
109900102,275,25,250
109900103,16,48,-32
109900104,272,1571,-1299
109900105,369,24,345
109900106,161,72,89
109900107,222,88,134
109900108,59,581,-522
109900109,27,170,-143
109900110,50,653,-603
109900111,337,1806,-1469
109900112,565,1338,-773
109900113,468,313,155
109900114,1002,518,484
109900115,76,79,-3
109900117,564,98,466
109900118,282,613,-331
109900119,592,338,254
109900120,36,6,30
109900121,329,246,83
109900122,246,1,245
109900123,11,247,-236
109900124,34,1022,-988
109900125,1,298,-297
109900126,151,276,-125
109900128,129,53,76
109900130,15924,1700,14224
109900131,49,164,-115
109900132,26,242,-216
109900133,31,446,-415
109900134,31,64,-33
109900135,394,84,310
109900136,33,128,-95
109900137,91,461,-370
109900138,191,530,-339
109900140,120,495,-375
109900141,184,191,-7
109900142,625,279,346
109900145,4,162,-158
109900146,366,28,338
109900148,38,87,-49
109900149,29,58,-29
109900150,6,75,-69
109900151,3,73,-70
109900152,0,11,-11
109900153,1,60,-59
109900154,4,0,4
109900155,36,0,36
109900157,45,360,-315
109900158,56,118,-62
109900159,124,31,93
109900160,86,71,15
109900161,144,82,62
109900162,148,92,56
109900163,950,413,537
109900164,42,216,-174
109900165,153,2,151
109900166,2,259,-257
109900167,73,799,-726
109900168,120,681,-561
109900169,120,162,-42
109900170,246,527,-281
109900171,113,73,40
109900172,104,159,-55
109900173,5389,1297,4092
109900174,36,272,-236
109900175,56,62,-6
109900176,59,278,-219
109900177,26,389,-363
109900178,0,126,-126
109900179,2,28,-26
109900180,3,7,-4
110000001,769,627,142
110000002,594,457,137
110000003,946,739,207
110000004,523,457,66
110000005,672,1061,-389
110000006,546,288,258
110000007,106,192,-86
110000008,5,35,-30
110000009,23,51,-28
110000010,30,69,-39
110000011,24,93,-69
110000012,643,543,100
110000013,24,326,-302
110000014,599,399,200
110000015,254,422,-168
110000016,229,802,-573
110000017,4378,262,4116
110000018,4277,573,3704
110000019,7,168,-161
110000020,658,250,408
110000021,450,447,3
110000022,599,207,392
110000023,6,185,-179
110000024,594,413,181
110000025,140,5,135
110000026,1,783,-782
110000027,732,405,327
110000028,568,711,-143
110000029,423,1217,-794
110000030,200,294,-94
110000031,157,804,-647
110000032,525,440,85
110000033,158,90,68
110000034,156,877,-721
110000035,374,1267,-893
110000036,526,848,-322
110000037,124,914,-790
110000038,189,646,-457
110000039,613,1322,-709
110000040,267,632,-365
110000041,212,673,-461
110000042,55,334,-279
110000043,234,134,100
110000044,74,112,-38
110000045,392,35,357
110000046,0,6,-6
110000047,4,3,1
110000048,3,6,-3
110000049,8,4,4
110000050,30,13,17
110000051,26,3,23
110000052,23,20,3
110000053,97,6,91
110000054,72,229,-157
110000055,145,14,131
110000056,105,44,61
110000057,241,878,-637
110000058,532,614,-82
110000059,766,609,157
110000060,433,851,-418
110000061,1040,956,84
110000062,670,763,-93
110000063,25,56,-31
110000064,38,155,-117
110000065,40,84,-44
110000066,57,42,15
110000067,53,469,-416
110000068,101,845,-744
110000069,121,119,2
110000071,49,156,-107
110000073,4,21,-17
110000075,14,107,-93
110000076,274,241,33
110000077,507,647,-140
110000078,9,74,-65
110000080,190,703,-513
110000081,17,255,-238
110000082,7,260,-253
110000083,205,585,-380
110000084,600,499,101
110000085,2748,1529,1219
110000086,1208,1090,118
110000087,2,46,-44
110000088,31,249,-218
110000089,187,193,-6
110000090,56,361,-305
110000091,2213,306,1907
110000092,26,140,-114
110000093,45,9,36
110000094,393,237,156
110000095,90,533,-443
110000096,4577,1682,2895
110000097,898,942,-44
110000098,1343,492,851
110000099,805,1632,-827
110000100,361,1020,-659
110000101,7,685,-678
110000102,35,48,-13
110000104,96,63,33
110000105,32,344,-312
110000106,512,222,290
110000107,448,438,10
110000108,144,41,103
110000109,320,330,-10
110000110,5581,3532,2049
110000111,10320,2005,8315
110000112,1521,412,1109
110000113,772,1055,-283
110000114,82,336,-254
110000115,169,289,-120
110000116,25,40,-15
110000117,50,722,-672
110000118,261,337,-76
110000119,146,525,-379
110000120,198,224,-26
110000121,79,346,-267
110000122,211,622,-411
110000123,352,412,-60
110000124,4,928,-924
110000125,679,10,669
110000126,224,30,194
110000127,567,38,529
110000128,26,2126,-2100
110000129,1,609,-608
110000130,82,115,-33
110000131,148,336,-188
110000132,1,879,-878
110000133,31,259,-228
110000134,17,356,-339
110000135,150,25,125
110000136,35,351,-316
110000137,267,905,-638
110000138,483,1055,-572
110000139,493,2005,-1512
110000140,762,331,431
110000143,656,471,185
110000144,4709,1130,3579
110000145,1219,853,366
110000146,2166,1002,1164
110000147,248,770,-522
110000148,208,482,-274
110000151,786,548,238
110000152,580,232,348
110000153,51,45,6
110000154,43,23,20
110000155,2949,2307,642
110000156,731,1167,-436
110000157,1437,1673,-236
110000160,236,483,-247
110000161,111,567,-456
110000166,274,190,84
110000167,469,439,30
110000168,679,241,438
110000169,561,299,262
110000170,95,97,-2
110000171,500,160,340
110000172,139,877,-738
110000173,1224,1366,-142
110000174,115,1670,-1555
110000175,349,99,250
110000176,21,265,-244
110000177,128,733,-605
110000178,574,827,-253
110000179,1956,456,1500
110000180,90,382,-292
110000181,183,444,-261
110000182,532,339,193
110000183,15435,4538,10897
110000184,711,1394,-683
110000185,758,738,20
110000186,687,612,75
110000191,267,426,-159
110000192,225,6,219
110000193,409,7,402
110000194,16,1742,-1726
110000195,194,543,-349
110000196,190,603,-413
110000197,38,343,-305
110000198,59,125,-66
110000199,20,103,-83
110000200,1459,785,674
110000201,442,582,-140
110000202,1103,519,584
110000203,675,1005,-330
110000204,2,510,-508
110000205,73,98,-25
110000206,736,2278,-1542
110000207,412,336,76
110000208,129,91,38
110000209,72,1034,-962
110000210,391,630,-239
110000211,365,818,-453
110000212,295,761,-466
110000213,56,73,-17
110000214,79,131,-52
110000215,71,809,-738
110000216,54,939,-885
110000217,241,239,2
110000218,92,693,-601
110000219,174,73,101
110000220,18,665,-647
110000221,157,81,76
110000222,15,497,-482
110000223,2,84,-82
110000224,32,5,27
110000225,180,583,-403
110000226,162,68,94
110000227,599,395,204
110000228,335,264,71
110000229,1,302,-301
110000230,353,429,-76
110000231,90,191,-101
110000232,115,224,-109
110000233,87,338,-251
110000234,490,436,54
110000235,984,1007,-23
110000236,336,1053,-717
110000237,1034,1007,27
110000238,726,1265,-539
110000239,869,1497,-628
110000240,1,91,-90
110000242,0,2,-2
110000243,56,200,-144
110000244,105,371,-266
110000245,35,492,-457
110000246,460,818,-358
110000247,1777,4584,-2807
110000248,2835,1661,1174
110000249,51,5,46
110000250,6,257,-251
110000251,103,531,-428
110000252,150,331,-181
110000253,895,514,381
110000254,642,1719,-1077
110000255,244,1415,-1171
110000256,279,253,26
110000257,638,468,170
110000258,8,682,-674
110000259,79,22,57
110000260,10,534,-524
110000263,694,112,582
110000264,189,773,-584
110000265,804,1421,-617
110000266,1943,2226,-283
110000267,15,200,-185
110000268,267,887,-620
110000269,0,126,-126
110000270,41,2,39
110000271,2407,312,2095
110000272,738,978,-240
110000273,2750,1501,1249
110000274,176,939,-763
110000275,4094,506,3588
110000276,149,244,-95
110000277,138,489,-351
110000278,191,1015,-824
110000279,507,761,-254
110000280,173,435,-262
110000281,22,200,-178
110000282,215,58,157
110000283,35,85,-50
110000284,22,34,-12
110000285,2,247,-245
110000286,21,2,19
110000287,22,0,22
110000288,1,98,-97
110000289,373,1261,-888
110000290,1573,658,915
110000291,7671,1636,6035
110000292,1364,3480,-2116
110000293,341,1404,-1063
110000294,509,825,-316
110000295,107,1105,-998
110000296,230,407,-177
110000297,2530,300,2230
110000298,249,467,-218
110000299,600,47,553
110000301,144,15,129
110000302,96,1666,-1570
110000303,216,1,215
110000304,40,343,-303
110000305,654,19,635
110000306,136,2421,-2285
110000307,854,2,852
110000308,331,44,287
110000309,12,1811,-1799
110000310,457,49,408
110000311,28,1026,-998
110000312,334,54,280
110000313,3453,2047,1406
110000314,0,250,-250
110000315,3708,1899,1809
110000316,565,1208,-643
110000317,412,305,107
110000318,0,96,-96
110000319,1,28,-27
110000320,26,59,-33
110000321,8,55,-47
110000322,134,646,-512
110000323,223,253,-30
110000324,5560,1123,4437
110000325,2466,2070,396
110000327,539,271,268
110000328,209,612,-403
110000333,491,473,18
110000334,818,1665,-847
110000335,925,586,339
110000336,384,1625,-1241
110000337,852,669,183
110000338,142,341,-199
110000339,127,296,-169
110000340,16,210,-194
110000341,224,680,-456
110000342,489,3,486
110000343,0,15,-15
110000344,25,238,-213
110000345,71,89,-18
110000346,2238,1226,1012
110000347,837,673,164
110000348,3,22,-19
110000349,1,22,-21
110000350,36,18,18
110000351,507,1001,-494
110000352,396,1500,-1104
110000353,3221,797,2424
110000354,919,1668,-749
110000355,69,67,2
110000356,560,3,557
110000357,206,20,186
110000361,7,65,-58
110000362,23,263,-240
110000363,179,124,55
110000364,123,315,-192
110000365,101,1,100
110000366,0,110,-110
110000367,250,388,-138
110000368,2,74,-72
110000369,16,2,14
110000373,6,437,-431
110000374,40,0,40
110000375,213,740,-527
110000376,27,96,-69
110000377,34,331,-297
110000378,38,297,-259
110000379,4453,1084,3369
110000380,25,10,15
110000383,1,832,-831
110000384,1439,517,922
110000385,1,320,-319
110000387,54,11,43
110000388,32,245,-213
110000389,380,7,373
110000391,199,511,-312
110000396,67,165,-98
110000397,38,330,-292
110000398,2,23,-21
110000399,107,3,104
110000587,47,60,-13
110000589,143,159,-16
110000640,144,142,2
110000652,21,148,-127
110000653,152,519,-367
110000654,10,21,-11
110000656,5,886,-881
110000674,21,9,12
110000675,14,16,-2
110000676,18,78,-60
110000679,576,601,-25
110000682,87,119,-32
110000683,335,603,-268
110000684,2,62,-60
110000685,1,8,-7
110000686,2,41,-39
110000687,22,2,20
110000688,44,558,-514
110000689,25,94,-69
110000692,79,333,-254
110000693,134,225,-91
110000694,1,101,-100
110000695,132,766,-634
110000696,162,202,-40
110900001,158,13,145
110900002,189,204,-15
110900003,243,1273,-1030
110900004,224,288,-64
110900005,5602,1206,4396
110900006,18,5,13
110900007,49,10,39
110900008,7,45,-38
110900009,371,34,337
110900010,5,115,-110
110900011,10,116,-106
110900012,7,144,-137
110900013,639,147,492
110900014,57,25,32
110900015,1156,421,735
110900016,13,237,-224
110900017,160,56,104
110900018,413,34,379
110900019,53,27,26
110900020,43,687,-644
110900021,70,872,-802
110900022,52,495,-443
110900023,77,832,-755
110900024,14,649,-635
110900025,4,51,-47
110900027,17,366,-349
110900028,23,293,-270
110900029,23,682,-659
110900030,15,564,-549
110900031,3,244,-241
110900032,1,158,-157
110900033,15,438,-423
110900035,27,449,-422
110900036,63,25,38
110900037,34,33,1
110900038,1977,247,1730
110900039,20,292,-272
110900040,134,25,109
110900041,9,229,-220
110900042,44,65,-21
110900043,8,238,-230
110900044,268,22,246
110900045,42,857,-815
110900046,195,452,-257
110900047,997,104,893
110900049,42,45,-3
110900050,4,1,3
110900051,31,253,-222
110900052,2,284,-282
110900053,41,59,-18
110900054,30,461,-431
110900055,21,0,21
110900056,55,120,-65
110900057,7,256,-249
110900058,81,303,-222
110900059,583,1097,-514
110900060,298,91,207
110900061,21,57,-36
110900062,65,385,-320
110900063,54,101,-47
110900064,11,0,11
110900065,337,87,250
110900066,6,85,-79
110900067,646,467,179
110900068,216,404,-188
110900069,1,37,-36
110900070,70,43,27
110900071,279,457,-178
110900073,1,22,-21
110900074,221,74,147
110900075,234,83,151
110900077,278,506,-228
110900078,13,159,-146
110900079,2213,548,1665
110900080,67,74,-7
110900081,5,153,-148
110900082,49,338,-289
110900083,102,39,63
110900084,40,315,-275
110900085,54,482,-428
110900086,47,172,-125
110900087,124,88,36
110900088,2,0,2
110900090,22,25,-3
110900091,1,80,-79
110900093,228,67,161
110900095,31,62,-31
110900097,11,20,-9
110900098,20,112,-92
110900099,73,914,-841
110900100,0,27,-27
110900102,27,20,7
110900105,940,585,355
110900108,8,205,-197
110900111,333,79,254
110900112,405,6,399
110900113,632,32,600
110900115,4,181,-177
110900116,453,3371,-2918
110900118,142,1385,-1243
110900119,7765,345,7420
110900120,9,145,-136
110900121,55,0,55
110900122,187,157,30
110900125,228,213,15
110900127,314,733,-419
110900128,166,189,-23
110900129,387,405,-18
110900130,1500,237,1263
110900131,78,55,23
110900132,165,52,113
110900133,46,362,-316
110900135,89,821,-732
110900136,191,12,179
110900137,55,0,55
110900138,449,304,145
110900139,6,20,-14
110900140,20,10,10
110900141,0,51,-51
110900142,44,357,-313
110900143,66,61,5
110900144,2,888,-886
110900145,43,25,18
110900146,238,37,201
110900147,183,234,-51
110900148,4,440,-436
110900149,0,83,-83
110900150,11,17,-6
110900151,4,94,-90
110900152,14,435,-421
110900153,59,42,17
111000001,184,157,27
111000002,351,525,-174
111000003,560,551,9
111000004,429,1158,-729
111000005,982,838,144
111000006,1025,1856,-831
111000007,4843,1935,2908
111000008,3880,3607,273
111000009,273,1007,-734
111000010,563,230,333
111000011,280,632,-352
111000012,364,308,56
111000013,267,881,-614
111000014,467,436,31
111000017,114,518,-404
111000018,183,382,-199
111000020,2877,2511,366
111000021,56,117,-61
111000023,75,148,-73
111000025,8756,2225,6531
111000029,51,160,-109
111000030,26,93,-67
111000031,2134,728,1406
111000032,456,173,283
111000033,270,169,101
111000034,345,137,208
111000037,3925,1553,2372
111000038,3442,2847,595
111000039,1555,3126,-1571
111000040,1490,3090,-1600
111000041,1884,2096,-212
111000042,8170,3293,4877
111000043,1833,1603,230
111000044,1119,750,369
111000045,1407,1696,-289
111000046,1005,1157,-152
111000047,1655,2060,-405
111000049,326,647,-321
111000050,1892,1917,-25
111000051,561,1324,-763
111000052,605,1559,-954
111000053,329,1315,-986
111000054,285,1282,-997
111000055,1288,2496,-1208
111000056,64,951,-887
111000057,45,1071,-1026
111000058,129,157,-28
111000059,145,335,-190
111000060,2020,516,1504
111000061,354,360,-6
111000062,488,192,296
111000063,1457,724,733
111000064,477,496,-19
111000065,890,629,261
111000066,244,227,17
111000067,482,627,-145
111000068,292,631,-339
111000069,1666,2028,-362
111000070,1607,978,629
111000071,95,735,-640
111000072,387,163,224
111000073,135,321,-186
111000074,1235,1347,-112
111000075,549,879,-330
111000076,319,846,-527
111000077,1178,1319,-141
111000078,1968,1303,665
111000079,1219,687,532
111000080,324,597,-273
111000081,2518,2763,-245
111000082,583,723,-140
111000084,534,555,-21
111000085,696,1515,-819
111000086,2756,1380,1376
111000087,600,1005,-405
111000088,7006,1958,5048
111000089,561,886,-325
111000090,1287,1713,-426
111000091,603,853,-250
111000092,835,1281,-446
111000093,436,872,-436
111000094,1495,804,691
111000095,950,1724,-774
111000096,3190,6377,-3187
111000097,7363,1166,6197
111000098,494,1504,-1010
111000099,380,3140,-2760
111000100,317,2953,-2636
111000101,344,1085,-741
111000102,92,1096,-1004
111000104,235,225,10
111000107,43,1146,-1103
111000109,262,202,60
111000110,579,496,83
111000111,1088,497,591
111000112,986,331,655
111000113,544,602,-58
111000114,1015,1313,-298
111000115,8357,858,7499
111000116,809,883,-74
111000117,360,859,-499
111000118,1477,1080,397
111000119,617,1904,-1287
111000120,323,532,-209
111000121,160,463,-303
111000122,453,1218,-765
111000123,811,4466,-3655
111000124,435,4730,-4295
111000125,173,2641,-2468
111000126,62,1046,-984
111000127,346,157,189
111000128,798,290,508
111000129,1593,350,1243
111000130,1163,685,478
111000131,877,487,390
111000132,646,365,281
111000133,74,154,-80
111000134,74,116,-42
111000135,43,121,-78
111000136,209,283,-74
111000138,1,2,-1
111000140,0,5,-5
111000141,144,309,-165
111000142,30,98,-68
111000143,3,61,-58
111000144,23,111,-88
111000145,258,1,257
111000146,26,4,22
111000147,174,7,167
111000148,175,110,65
111000149,1,43,-42
111000150,4,4,0
111000151,1,17,-16
111000153,667,650,17
111000154,692,166,526
111000155,80,192,-112
111000156,369,283,86
111000157,154,493,-339
111000158,901,450,451
111000159,2701,671,2030
111000160,189,416,-227
111000161,8,260,-252
111000162,4,189,-185
111000163,309,808,-499
111000164,795,2148,-1353
111000165,1357,466,891
111000166,1850,451,1399
111000167,157,579,-422
111000168,211,612,-401
111000169,245,612,-367
111000170,427,463,-36
111000171,361,1117,-756
111000172,59,630,-571
111000173,106,1270,-1164
111000174,105,946,-841
111000175,23,307,-284
111000176,106,161,-55
111000177,122,212,-90
111000178,559,269,290
111000179,69,185,-116
111000180,148,296,-148
111000181,490,361,129
111000182,97,184,-87
111000183,215,260,-45
111000184,263,201,62
111000185,358,504,-146
111000186,140,309,-169
111000187,124,349,-225
111000188,136,542,-406
111000189,1936,543,1393
111000190,213,656,-443
111000191,127,563,-436
111000192,188,800,-612
111000193,317,514,-197
111000194,33,444,-411
111000195,62,592,-530
111000196,44,269,-225
111000197,164,182,-18
111000198,216,98,118
111000199,103,139,-36
111000200,120,327,-207
111000201,296,203,93
111000202,209,223,-14
111000203,170,190,-20
111000204,179,382,-203
111000213,96,303,-207
111000214,1219,1785,-566
111000215,642,1475,-833
111000217,800,991,-191
111000218,742,953,-211
111000219,277,264,13
111000220,3618,585,3033
111000221,657,253,404
111000224,0,211,-211
111000225,155,27,128
111000226,118,1,117
111000227,39,6,33
111000228,14,231,-217
111000229,19,421,-402
111000230,269,708,-439
111000231,591,1708,-1117
111000232,250,900,-650
111000233,311,742,-431
111000234,85,361,-276
111000239,162,311,-149
111000240,28,123,-95
111000241,43,551,-508
111000242,65,75,-10
111000243,110,1096,-986
111000244,157,93,64
111000245,410,744,-334
111000246,192,760,-568
111000247,145,1315,-1170
111000248,293,506,-213
111000249,393,980,-587
111000250,44,208,-164
111000251,33,217,-184
111000253,4,19,-15
111000255,6,3,3
111000257,15,9,6
111000260,61,1547,-1486
111000261,515,63,452
111000271,42,295,-253
111000273,8355,1532,6823
111000274,1138,1515,-377
111000275,75,70,5
111000276,213,3219,-3006
111000277,173,550,-377
111000278,517,250,267
111000291,402,2567,-2165
111000298,297,238,59
111000299,474,97,377
111000300,79,770,-691
111000302,182,66,116
111000303,69,419,-350
111000312,73,72,1
111000315,0,15,-15
111000320,326,764,-438
111000321,206,56,150
111000322,125,558,-433
111000323,61,19,42
111000324,288,367,-79
111000325,30,65,-35
111000326,101,347,-246
111000327,261,596,-335
111000328,174,362,-188
111000329,3,21,-18
111000330,11,10,1
111000331,4,7,-3
111000332,385,1226,-841
111000334,445,1957,-1512
111000335,270,172,98
111000337,365,420,-55
111000338,7,179,-172
111000339,144,968,-824
111000340,53,1154,-1101
111000341,559,246,313
111000342,50,242,-192
111000344,689,777,-88
111000345,196,26,170
111000346,13,84,-71
111000347,43,2,41
111000350,86,125,-39
111000351,59,206,-147
111000352,99,194,-95
111000353,113,270,-157
111000354,379,177,202
111000355,406,777,-371
111000358,123,2387,-2264
111000360,128,1280,-1152
111000361,119,692,-573
111000546,255,806,-551
111000547,205,981,-776
111000548,40,204,-164
111000549,143,679,-536
111000550,59,367,-308
111000551,649,220,429
111000552,299,28,271
111000907,159,52,107
111000908,3,0,3
111000916,562,323,239
111000917,24,445,-421
111000918,115,1465,-1350
111000920,303,11,292
111000921,18,288,-270
111000922,193,394,-201
111000924,34,1413,-1379
111000925,1349,1608,-259
111000926,790,2606,-1816
111000927,2864,3288,-424
111000928,6062,4111,1951
111000929,716,792,-76
111000930,638,2824,-2186
111000931,1590,1603,-13
111000932,4157,2771,1386
111000933,2751,1734,1017
111000934,2217,3125,-908
111000935,531,845,-314
111000936,578,2127,-1549
111000937,501,1002,-501
111000938,1431,2234,-803
111000939,155,43,112
111000940,190,222,-32
111000941,147,793,-646
111000943,145,206,-61
111000944,58,709,-651
111000945,35,2808,-2773
111001109,277,167,110
111001110,120,677,-557
111001111,26,5,21
111001112,70,11,59
111001113,0,108,-108
111001114,1386,49,1337
111001115,35,320,-285
111001116,6299,1548,4751
111001117,794,788,6
111001120,47,397,-350
111001121,159,417,-258
111001122,32,391,-359
111900001,14,270,-256
111900002,14,1106,-1092
111900003,5,653,-648
111900004,14,267,-253
111900006,6,19,-13
111900007,59,1,58
111900008,88,4,84
111900009,65,176,-111
111900010,280,703,-423
111900012,67,136,-69
111900013,3,114,-111
111900014,10332,2235,8097
111900015,0,95,-95
111900016,1,282,-281
111900017,1,280,-279
111900018,54,2,52
111900019,2,96,-94
111900020,2,59,-57
111900021,27,97,-70
111900022,12,72,-60
111900023,196,59,137
111900024,0,92,-92
111900025,0,57,-57
111900026,0,90,-90
111900027,3,170,-167
111900028,2,584,-582
111900029,1,152,-151
111900030,92,477,-385
111900031,14,102,-88
111900032,4,564,-560
111900033,9,163,-154
111900034,188,423,-235
111900035,15,290,-275
111900036,4,522,-518
111900038,347,655,-308
111900039,31,601,-570
111900040,15,958,-943
111900042,53,115,-62
111900043,4,645,-641
111900044,218,298,-80
111900046,28,312,-284
111900048,95,1185,-1090
111900049,37,446,-409
111900050,88,20,68
111900051,4,449,-445
111900052,363,748,-385
111900053,1859,525,1334
111900054,71,2,69
111900055,26,1027,-1001
111900056,241,90,151
111900057,30,17,13
111900058,178,1039,-861
111900059,2547,220,2327
111900060,155,0,155
111900061,13,497,-484
111900062,25,12,13
111900063,87,346,-259
111900064,125,424,-299
111900065,33,17,16
111900066,99,93,6
111900067,0,447,-447
111900068,30,27,3
111900069,25,20,5
111900070,43,188,-145
111900071,3,420,-417
111900072,22,8,14
111900073,361,107,254
111900074,11,244,-233
111900075,16,4,12
111900076,90,30,60
111900077,21,0,21
111900078,178,9,169
111900079,19,6,13
111900080,211,100,111
111900081,984,102,882
111900082,84,6,78
111900083,44,7,37
111900084,25,0,25
111900085,37,41,-4
111900086,25,5,20
111900087,12,0,12
111900088,207,1,206
111900089,36,3,33
111900090,47,22,25
111900091,114,4,110
111900092,19,0,19
111900093,177,1,176
111900094,38,2,36
111900095,106,7,99
111900096,74,0,74
111900097,31,0,31
111900098,86,1,85
111900099,18,0,18
111900100,45,8,37
111900101,60,9,51
111900102,138,1088,-950
111900103,66,25,41
111900104,59,80,-21
111900105,283,184,99
111900106,2653,92,2561
111900107,62,106,-44
111900108,98,65,33
111900109,648,126,522
111900110,4494,300,4194
111900111,29,328,-299
111900112,1178,1167,11
111900113,264,42,222
111900114,179,121,58
111900115,29,30,-1
111900118,105,29,76
111900119,173,66,107
111900122,55,28,27
111900123,13,14,-1
111900124,39,104,-65
111900125,234,12,222
111900126,147,5,142
111900127,3,759,-756
111900128,4,901,-897
111900129,74,3,71
111900130,149,11,138
111900131,159,0,159
111900132,24,1939,-1915
111900133,7,484,-477
111900134,23,449,-426
111900135,3,12,-9
111900136,77,132,-55
111900137,57,56,1
111900138,13,110,-97
111900139,15,186,-171
111900140,12,5,7
111900141,13,7,6
111900142,25,11,14
111900143,20,459,-439
111900144,0,174,-174
111900145,6,990,-984
111900146,3,518,-515
111900147,189,719,-530
111900148,41,1380,-1339
111900149,8,686,-678
111900150,27,314,-287
111900151,5,33,-28
111900152,113,69,44
111900153,2054,241,1813
111900154,11,122,-111
111900155,67,17,50
111900156,46,30,16
111900157,29,11,18
111900158,237,21,216
111900159,104,5,99
111900160,144,0,144
111900161,53,0,53
111900162,116,121,-5
111900163,31,265,-234
111900164,47,20,27
111901113,123,261,-138
111901114,61,493,-432
111901115,28,0,28
111901116,32,2,30
111901117,8,26,-18
111901118,130,64,66
111901119,1903,164,1739
111901120,111,400,-289
111901121,174,504,-330
111901122,4,786,-782
111901123,100,558,-458
111901124,68,0,68
111901125,108,17,91
111901126,63,31,32
111901127,1545,334,1211
111901128,5,177,-172
111901129,2,254,-252
111901130,2,367,-365
111901131,4,338,-334
111901132,68,4,64
111901133,16,1,15
111901134,47,0,47
111901135,6,5,1
111901136,16,9,7
111901137,0,13,-13
111901138,83,47,36
111901139,32,54,-22
111901140,3,188,-185
111901141,12,295,-283
111901142,6,169,-163
111901143,0,94,-94
111901144,23,35,-12
112000001,1126,826,300
112000002,641,2862,-2221
112000003,513,943,-430
112000004,586,2082,-1496
112000005,1707,1496,211
112000006,1544,2415,-871
112000007,1336,1191,145
112000008,1664,3047,-1383
112000009,4058,3896,162
112000010,1827,2060,-233
112000011,1846,2607,-761
112000012,5103,1835,3268
112000013,6080,3322,2758
112000014,2824,766,2058
112000015,3632,2472,1160
112000016,4103,727,3376
112000017,1677,1419,258
112000024,2220,810,1410
112000026,5004,5986,-982
112000027,664,408,256
112000028,1444,2066,-622
112000029,290,496,-206
112000030,158,144,14
112000031,1390,2579,-1189
112000032,490,64,426
112000033,2058,896,1162
112000034,214,64,150
112000035,65,338,-273
112000036,795,632,163
112000037,659,859,-200
112000038,808,868,-60
112000039,27,68,-41
112000040,146,335,-189
112000041,345,543,-198
112000042,1197,299,898
112000050,661,1375,-714
112000051,574,756,-182
112000054,1610,2883,-1273
112000057,565,357,208
112000058,347,486,-139
112000059,836,437,399
112000061,5219,1555,3664
112000062,3272,743,2529
112000063,2316,816,1500
112000064,5043,6262,-1219
112000065,2360,3084,-724
112000066,2905,824,2081
112000067,728,655,73
112000068,1687,1074,613
112000069,632,2820,-2188
112000070,1398,478,920
112000071,680,3511,-2831
112000072,986,837,149
112000073,1379,1899,-520
112000074,948,903,45
112000075,755,944,-189
112000076,2989,2961,28
112000077,282,793,-511
112000078,864,796,68
112000079,1090,1508,-418
112000080,440,1129,-689
112000081,1017,1962,-945
112000082,922,608,314
112000083,496,1642,-1146
112000084,897,765,132
112000085,722,1453,-731
112000086,1098,1755,-657
112000087,171,533,-362
112000088,264,792,-528
112000089,113,317,-204
112000090,126,451,-325
112000091,576,1423,-847
112000092,1153,953,200
112000093,1441,1284,157
112000094,284,841,-557
112000095,367,880,-513
112000096,291,738,-447
112000097,533,469,64
112000098,927,2166,-1239
112000099,568,671,-103
112000100,875,973,-98
112000101,333,1198,-865
112000102,574,493,81
112000103,242,1680,-1438
112000105,375,2422,-2047
112000106,712,343,369
112000107,6,182,-176
112000108,132,1701,-1569
112000109,41,57,-16
112000110,736,407,329
112000111,1249,4998,-3749
112000112,2586,552,2034
112000113,910,2583,-1673
112000114,1469,995,474
112000115,126,519,-393
112000116,425,1244,-819
112000117,677,858,-181
112000118,802,941,-139
112000119,317,1139,-822
112000120,72,470,-398
112000121,101,933,-832
112000122,137,158,-21
112000123,294,154,140
112000124,175,76,99
112000125,52,138,-86
112000126,137,880,-743
112000127,2673,1169,1504
112000128,1292,566,726
112000129,59,146,-87
112000130,64,69,-5
112000131,7,488,-481
112000132,45,430,-385
112000133,185,439,-254
112000134,303,469,-166
112000135,639,628,11
112000136,766,1290,-524
112000137,673,1266,-593
112000138,1028,1302,-274
112000139,697,194,503
112000140,798,1123,-325
112000141,346,185,161
112000142,111,1071,-960
112000143,416,192,224
112000144,225,1884,-1659
112000145,1289,670,619
112000146,643,2519,-1876
112000147,1105,1525,-420
112000148,1520,2446,-926
112000149,252,716,-464
112000150,70,675,-605
112000151,259,671,-412
112000152,165,399,-234
112000153,163,337,-174
112000154,87,133,-46
112000155,96,78,18
112000157,614,455,159
112000158,151,923,-772
112000159,267,408,-141
112000167,175,15,160
112000169,350,298,52
112000173,378,252,126
112000175,179,400,-221
112000176,6208,1804,4404
112000177,267,123,144
112000178,44,691,-647
112000179,92,184,-92
112000180,234,270,-36
112000181,1117,2528,-1411
112000182,444,2656,-2212
112000183,35,57,-22
112000184,146,770,-624
112000185,267,724,-457
112000187,3970,3030,940
112000195,93,18,75
112000196,195,0,195
112000197,156,107,49
112000198,24,559,-535
112000199,128,786,-658
112000202,209,0,209
112000216,57,182,-125
112000230,31,3,28
112000231,2,462,-460
112000256,29,129,-100
112000313,183,207,-24
112000314,10,7,3
112000337,169,639,-470
112000352,286,169,117
112000392,2212,1509,703
112000398,727,852,-125
112000399,3038,1614,1424
112000400,1937,4403,-2466
112000401,2609,3015,-406
112000402,1275,1788,-513
112000403,2262,1596,666
112000404,278,627,-349
112000405,1059,2307,-1248
112000406,3497,3642,-145
112000407,3759,5688,-1929
112000408,9567,7760,1807
112000409,1691,5262,-3571
112000410,239,83,156
112000411,6500,803,5697
112000412,1441,413,1028
112000413,12241,2644,9597
112000414,56,94,-38
112000415,51,47,4
112000416,1301,1078,223
112000417,123,74,49
112000421,24,135,-111
112000422,239,748,-509
112000424,2769,1517,1252
112000425,399,1169,-770
112000426,65,269,-204
112000427,0,13,-13
112000428,53,545,-492
112000429,1915,2770,-855
112000430,1836,2867,-1031
112000431,35,92,-57
112000432,592,2594,-2002
112000433,600,621,-21
112000437,34,346,-312
112900001,30,3,27
112900002,148,1684,-1536
112900003,20,325,-305
112900004,41,543,-502
112900005,90,282,-192
112900006,3,612,-609
112900007,24,318,-294
112900008,3,16,-13
112900009,372,82,290
112900010,212,924,-712
112900011,276,312,-36
112900012,1,53,-52
112900013,3,216,-213
112900014,5,327,-322
112900015,381,1270,-889
112900016,2,392,-390
112900017,25,287,-262
112900018,4,464,-460
112900019,63,171,-108
112900020,527,2006,-1479
112900021,4,360,-356
112900022,5,112,-107
112900023,2,336,-334
112900024,28,339,-311
112900025,58,380,-322
112900026,12,373,-361
112900027,6,1566,-1560
112900028,10,182,-172
112900029,9,937,-928
112900030,225,268,-43
112900031,9,722,-713
112900032,99,270,-171
112900034,0,85,-85
112900035,4,632,-628
112900036,34,205,-171
112900037,173,96,77
112900038,366,203,163
112900039,16,458,-442
112900040,4,436,-432
112900041,1413,843,570
112900042,25,722,-697
112900043,13,69,-56
112900044,653,460,193
112900045,665,372,293
112900046,486,84,402
112900047,22,7,15
112900049,54,117,-63
112900050,66,787,-721
112900051,295,1123,-828
112900052,14,1434,-1420
112900053,366,127,239
112900054,281,15,266
112900055,154,17,137
112900056,285,132,153
112900057,3,943,-940
112900058,242,162,80
112900059,86,150,-64
112900060,10,422,-412
112900061,48,170,-122
112900062,50,214,-164
112900063,64,3,61
112900064,263,257,6
112900065,20,13,7
112900066,237,80,157
112900067,651,199,452
112900068,25,16,9
112900069,2905,471,2434
112900071,18,0,18
112900072,276,720,-444
112900073,188,59,129
112900074,55,114,-59
112900075,2780,473,2307
112900076,71,6,65
112900078,135,188,-53
112900079,140,30,110
112900080,17,0,17
112900081,38,105,-67
112900082,268,9,259
112900083,62,43,19
112900084,95,68,27
112900085,1,1,0
112900086,7,0,7
112900087,351,51,300
112900088,45,6,39
112900089,721,16,705
112900090,18,15,3
112900091,90,5,85
112900092,80,99,-19
112900093,743,5,738
112900094,39,1,38
112900095,13,0,13
112900096,227,96,131
112900097,31,642,-611
112900098,120,0,120
112900099,419,15,404
112900100,17,4,13
112900101,178,1,177
112900102,39,3,36
112900103,114,2,112
112900104,27,0,27
112900105,3,0,3
112900106,252,76,176
112900107,13,1,12
112900108,46,0,46
112900109,36,3,33
112900110,420,10,410
112900111,242,1,241
112900112,129,0,129
112900113,0,14,-14
112900114,37,31,6
112900115,396,1,395
112900116,31,34,-3
112900117,81,126,-45
112900118,33,93,-60
112900119,61,4,57
112900120,770,211,559
112900121,298,225,73
112900122,9,206,-197
112900123,138,15,123
112900124,9,179,-170
112900125,62,430,-368
112900126,213,305,-92
112900127,149,42,107
112900128,487,991,-504
112900129,7,1251,-1244
112900130,161,55,106
112900131,43,252,-209
112900132,51,526,-475
112900133,34,1749,-1715
112900134,1,388,-387
112900135,47,25,22
112900136,0,49,-49
112900137,2,849,-847
112900138,4,512,-508
112900139,230,2000,-1770
112900140,0,119,-119
112900141,405,39,366
112900142,102,110,-8
112900143,44,896,-852
112900144,1,330,-329
112900145,39,640,-601
112900146,9,1709,-1700
112900147,5,2967,-2962
112900148,25,0,25
112900149,202,387,-185
112900151,15,27,-12
112900152,5769,1237,4532
112900153,2035,1072,963
112900154,1,57,-56
112900155,91,9,82
112900156,184,2143,-1959
112900157,68,5,63
112900158,17,14,3
112900159,186,53,133
112900160,39,337,-298
112900161,46,34,12
112900162,38,11,27
112900163,147,19,128
112900164,15,101,-86
112900165,60,41,19
112900166,10,27,-17
112900167,4,27,-23
112900168,3,0,3
112900169,5,1,4
112900170,29,137,-108
112900172,65,9,56
112900173,253,95,158
112900174,202,20,182
112900175,185,88,97
112900176,3,9,-6
112900177,106,18,88
112900178,546,914,-368
112900179,34,679,-645
112900180,805,2624,-1819
112900181,225,3,222
112900182,28,1771,-1743
112900183,149,192,-43
112900184,425,286,139
112900185,356,421,-65
112900186,2015,698,1317
112900187,82,292,-210
112900188,835,352,483
112900189,3,50,-47
112900190,5,68,-63
112900192,409,285,124
112900193,993,306,687
112900194,24,133,-109
112900195,620,23,597
112900196,242,775,-533
112900197,145,495,-350
112900199,276,932,-656
112900200,323,402,-79
112900201,41,124,-83
112900202,146,1294,-1148
112900203,104,414,-310
112900204,1022,346,676
112900205,1,18,-17
112900206,0,31,-31
112900207,0,0,0
112900208,44,95,-51
112900209,389,562,-173
112900210,0,21,-21
112900211,46,42,4
112900212,0,48,-48
112900213,11,16,-5
112900214,5,5,0
112900215,0,338,-338
112900216,21,85,-64
112900217,11,130,-119
112900218,21,9,12
112900219,35,20,15
112900220,7,0,7
112900221,10,172,-162
112900222,2,23,-21
112900223,498,11,487
112900224,160,1011,-851
112900225,219,727,-508
112900226,280,270,10
112900227,217,1797,-1580
112900228,18,21,-3
112900229,87,72,15
112900230,9746,3288,6458
112900232,174,146,28
112900233,24,279,-255
112900234,11,176,-165
112900235,41,20,21
112900236,135,26,109
112900237,63,441,-378
112900238,3,55,-52
113000001,4532,5749,-1217
113000002,3337,3972,-635
113000003,1851,2137,-286
113000004,2036,2294,-258
113000005,1213,1282,-69
113000006,995,1314,-319
113000007,1402,1508,-106
113000008,1419,1904,-485
113000009,638,1015,-377
113000010,738,1864,-1126
113000011,770,1710,-940
113000012,852,825,27
113000013,818,450,368
113000014,1807,1757,50
113000015,615,246,369
113000016,183,319,-136
113000017,57,250,-193
113000018,203,65,138
113000019,87,296,-209
113000020,51,28,23
113000021,991,703,288
113000022,402,1420,-1018
113000025,21,342,-321
113000026,205,492,-287
113000027,909,429,480
113000028,1387,531,856
113000029,878,602,276
113000030,568,712,-144
113000031,276,300,-24
113000032,263,223,40
113000033,404,360,44
113000034,572,371,201
113000035,50,53,-3
113000036,12,69,-57
113000037,72,41,31
113000038,15,50,-35
113000039,57,583,-526
113000040,53,79,-26
113000042,812,602,210
113000051,618,1977,-1359
113000052,2404,1440,964
113000053,280,568,-288
113000054,157,805,-648
113000055,675,1235,-560
113000056,492,1535,-1043
113000058,766,1275,-509
113000059,1141,693,448
113000060,139,826,-687
113000061,637,847,-210
113000062,1316,180,1136
113000063,109,273,-164
113000064,25,551,-526
113000065,155,1508,-1353
113000066,379,88,291
113000067,1222,1460,-238
113000068,473,2339,-1866
113000069,498,1793,-1295
113000070,1092,845,247
113000071,335,891,-556
113000072,440,534,-94
113000073,626,1998,-1372
113000074,1121,353,768
113000075,1879,579,1300
113000076,1365,2011,-646
113000077,1505,425,1080
113000078,1148,1846,-698
113000079,697,683,14
113000080,568,450,118
113000081,718,822,-104
113000082,1249,722,527
113000083,487,710,-223
113000084,1651,1215,436
113000085,737,562,175
113000086,875,1257,-382
113000087,838,752,86
113000088,2170,1243,927
113000089,767,1233,-466
113000090,197,381,-184
113000091,906,325,581
113000094,827,164,663
113000095,213,1424,-1211
113000096,111,1213,-1102
113000097,875,341,534
113000098,115,28,87
113000099,830,260,570
113000100,129,471,-342
113000101,387,678,-291
113000102,438,255,183
113000103,2318,695,1623
113000104,285,2299,-2014
113000105,675,460,215
113000106,345,660,-315
113000107,368,894,-526
113000108,640,1433,-793
113000109,358,3072,-2714
113000110,1463,374,1089
113000111,77,413,-336
113000112,200,271,-71
113000113,2062,239,1823
113000114,310,1115,-805
113000116,703,241,462
113000117,920,181,739
113000118,142,331,-189
113000119,219,536,-317
113000120,52,197,-145
113000121,572,979,-407
113000124,107,144,-37
113000125,37,511,-474
113000127,4321,693,3628
113000128,500,565,-65
113000129,565,1549,-984
113000133,5214,1315,3899
113000134,14,1095,-1081
113000135,2651,2221,430
113000137,2712,1764,948
113000139,461,155,306
113000140,181,285,-104
113000141,383,122,261
113000142,739,1007,-268
113000143,240,200,40
113000144,292,740,-448
113000145,70,200,-130
113000146,98,91,7
113000147,150,253,-103
113000148,79,251,-172
113000149,67,258,-191
113000150,460,560,-100
113000151,95,84,11
113000152,39,231,-192
113000153,1959,556,1403
113000154,683,1407,-724
113000155,252,517,-265
113000156,185,417,-232
113000157,253,956,-703
113000158,613,205,408
113000159,842,517,325
113000160,456,1408,-952
113000161,211,820,-609
113000162,591,379,212
113000163,110,42,68
113000164,13,153,-140
113000166,57,60,-3
113000167,13,222,-209
113000168,78,235,-157
113000169,96,55,41
113000170,73,96,-23
113000171,85,101,-16
113000172,175,54,121
113000173,22,16,6
113000174,94,557,-463
113000175,316,91,225
113000176,334,103,231
113000177,138,410,-272
113000178,246,486,-240
113000179,243,91,152
113000180,547,1567,-1020
113000181,677,1132,-455
113000182,160,325,-165
113000183,140,602,-462
113000184,30,144,-114
113000189,522,690,-168
113000190,1488,542,946
113000192,2619,1428,1191
113000193,6320,889,5431
113000194,2407,1212,1195
113000195,3068,528,2540
113000196,112,99,13
113000197,1527,986,541
113000198,37,351,-314
113000199,1140,471,669
113000201,361,222,139
113000202,4093,2865,1228
113000203,422,247,175
113000204,2267,1383,884
113000205,16,36,-20
113000206,9,34,-25
113000207,74,24,50
113000208,33,55,-22
113000209,24,29,-5
113000210,8,32,-24
113000211,251,104,147
113000212,219,21,198
113000213,15,68,-53
113000214,120,231,-111
113000234,175,1846,-1671
113000410,40,177,-137
113000411,2949,4144,-1195
113000412,9982,2158,7824
113000413,4284,2425,1859
113000414,11351,9396,1955
113000415,2651,2647,4
113000416,12791,3700,9091
113000417,3830,3137,693
113000418,3431,2564,867
113000419,1935,1775,160
113000420,4430,3870,560
113000421,3480,4476,-996
113000422,17584,8305,9279
113000423,2695,3913,-1218
113000424,4533,6570,-2037
113000425,4,65,-61
113000428,61,3,58
113000430,5,9,-4
113000432,1180,92,1088
113000433,113,1367,-1254
113000434,4,510,-506
113000435,13,1190,-1177
113000436,39,1880,-1841
113000437,413,14,399
113000438,101,8,93
113000439,8,178,-170
113000440,67,19,48
113000441,91,186,-95
113000442,101,334,-233
113000443,68,405,-337
113000444,71,362,-291
113000445,26,170,-144
113000446,11,79,-68
113000448,136,229,-93
113000449,326,810,-484
113000450,920,2950,-2030
113000451,1458,175,1283
113000452,534,440,94
113000453,87,288,-201
113000454,1574,13,1561
113000455,4,124,-120
113000456,4580,1922,2658
113000468,3289,364,2925
113000469,337,149,188
113000470,572,97,475
113000471,11,447,-436
113000472,57,354,-297
113000474,234,629,-395
113000475,1350,2023,-673
113000476,723,1941,-1218
113000477,1626,1993,-367
113000478,3726,6854,-3128
113000479,52,228,-176
113000480,91,79,12
113000482,0,1,-1
113000483,0,0,0
113000485,0,0,0
113000486,0,0,0
113000487,0,0,0
113000488,0,0,0
113000489,0,0,0
113000490,0,0,0
113000491,0,0,0
113000492,0,0,0
113000493,0,0,0
113000495,118,155,-37
113000496,43,76,-33
113000497,0,0,0
113000500,0,9,-9
113900001,2,141,-139
113900002,2,218,-216
113900003,1,148,-147
113900004,2,62,-60
113900005,1,18,-17
113900006,1,20,-19
113900007,100,18,82
113900008,88,0,88
113900009,398,0,398
113900010,227,0,227
113900011,37,0,37
113900012,10,0,10
113900013,924,6,918
113900014,380,1,379
113900015,1,55,-54
113900016,8,0,8
113900017,0,43,-43
113900018,548,85,463
113900019,58,46,12
113900020,93,1,92
113900022,14,0,14
113900023,4,0,4
113900024,19,132,-113
113900025,294,25,269
113900026,31,0,31
113900027,1,84,-83
113900028,18,505,-487
113900029,50,371,-321
113900030,102,3,99
113900031,6,2,4
113900032,11,1,10
113900033,32,78,-46
113900035,29,0,29
113900036,9,153,-144
113900037,76,584,-508
113900038,39,82,-43
113900039,118,11,107
113900040,5,7,-2
113900041,1,1,0
113900042,27,73,-46
113900043,146,116,30
113900044,173,75,98
113900045,26,2,24
113900046,219,877,-658
113900047,65,233,-168
113900048,386,42,344
113900049,1007,191,816
113900050,179,410,-231
113900051,183,536,-353
113900052,173,114,59
113900053,572,235,337
113900054,4,17,-13
113900055,87,760,-673
113900056,53,235,-182
113900057,21,180,-159
113900058,39,272,-233
113900059,97,416,-319
113900060,110,299,-189
113900061,1156,93,1063
113900062,51,14,37
113900063,89,185,-96
113900064,59,188,-129
113900065,284,19,265
113900066,184,520,-336
113900067,60,451,-391
113900068,335,322,13
113900069,87,28,59
113900070,204,549,-345
113900071,58,114,-56
113900072,58,217,-159
113900073,82,264,-182
113900074,33,541,-508
113900075,875,780,95
113900076,130,10,120
113900077,38,330,-292
113900078,42,76,-34
113900079,4,65,-61
113900080,367,169,198
113900081,42,272,-230
113900082,63,216,-153
113900083,138,911,-773
113900084,181,79,102
113900085,27,453,-426
113900086,16,22,-6
113900087,47,304,-257
113900088,18,51,-33
113900089,369,36,333
113900090,357,338,19
113900091,20,33,-13
113900092,26,75,-49
113900093,69,419,-350
113900094,237,567,-330
113900095,123,80,43
113900096,147,53,94
113900097,11,158,-147
113900098,523,71,452
113900099,3,115,-112
113900100,0,4,-4
113900101,7,54,-47
113900102,77,74,3
113900103,208,247,-39
113900104,62,159,-97
113900105,32,448,-416
113900106,1,153,-152
113900107,3,50,-47
113900108,202,217,-15
113900109,475,144,331
113900110,42,5,37
113900111,85,103,-18
113900112,48,66,-18
113900113,625,407,218
113900114,1,180,-179
113900115,1,164,-163
113900116,60,128,-68
113900117,80,17,63
113900118,180,271,-91
113900119,336,368,-32
113900120,36,23,13
113900121,63,107,-44
113900122,331,1143,-812
113900123,375,113,262
113900124,2,95,-93
113900125,1740,265,1475
113900126,98,45,53
113900127,180,364,-184
113900128,94,56,38
113900129,3,123,-120
113900130,3,24,-21
113900131,121,99,22
113900132,35,51,-16
113900133,12,31,-19
113900135,158,512,-354
113900136,69,109,-40
113900137,324,177,147
113900138,74,133,-59
113900139,568,129,439
113900140,592,224,368
113900141,185,581,-396
113900142,59,101,-42
113900143,7,30,-23
113900144,382,127,255
113900145,150,218,-68
113900146,55,64,-9
113900148,101,214,-113
113900149,120,57,63
113900150,1320,740,580
113900151,246,213,33
113900152,15,55,-40
113900153,467,642,-175
113900154,1,115,-114
113900155,214,84,130
113900156,211,838,-627
113900157,26,218,-192
113900158,428,189,239
113900159,26,242,-216
113900160,438,701,-263
113900161,74,166,-92
113900162,667,644,23
113900163,252,257,-5
113900164,219,54,165
113900165,542,650,-108
113900166,369,149,220
113900167,190,43,147
113900168,157,118,39
113900169,210,467,-257
113900171,103,69,34
113900172,10,247,-237
113900173,54,970,-916
113900174,394,757,-363
113900175,278,129,149
113900176,224,850,-626
113900177,240,299,-59
113900178,195,139,56
113900179,18,906,-888
113900180,210,146,64
113900181,497,124,373
113900182,548,1257,-709
113900183,77,56,21
113900184,20,659,-639
113900185,150,76,74
113900186,25,59,-34
113900187,44,151,-107
113900188,48,195,-147
113900189,306,77,229
113900190,304,144,160
113900191,128,272,-144
113900192,2,361,-359
113900193,32,342,-310
113900194,2314,1175,1139
113900195,364,519,-155
113900196,4,152,-148
113900197,3,401,-398
113900198,20,137,-117
113900199,201,913,-712
113900200,15,304,-289
113900201,1,369,-368
113900202,38,289,-251
113900203,2,292,-290
113900204,75,654,-579
113900205,13,171,-158
113900206,11,169,-158
113900207,0,54,-54
113900208,0,69,-69
113900209,1,129,-128
113900210,556,541,15
113900211,146,34,112
113900212,141,683,-542
113900214,428,418,10
113900215,28,145,-117
113900216,75,1492,-1417
113900217,37,426,-389
113900218,91,32,59
113900219,104,652,-548
113900220,113,56,57
113900221,342,143,199
113900222,290,334,-44
113900223,98,1291,-1193
113900224,163,91,72
113900225,884,244,640
113900226,278,146,132
113900227,216,164,52
113900228,391,299,92
113900229,43,543,-500
113900230,5972,1638,4334
113900231,130,340,-210
113900232,87,131,-44
113900233,49,42,7
113900234,208,336,-128
113900235,44,22,22
113900236,37,434,-397
113900237,69,6,63
113900238,185,296,-111
113900239,51,73,-22
113900240,3,109,-106
113900241,104,70,34
113900242,45,165,-120
113900243,149,417,-268
113900244,581,221,360
113900245,1409,264,1145
113900246,24,4,20
113900247,180,193,-13
113900248,4659,1291,3368
113900249,1633,284,1349
113900250,37,95,-58
113900251,323,245,78
113900252,356,16,340
113900253,540,32,508
113900254,527,111,416
113900255,213,27,186
113900256,167,20,147
113900257,44,931,-887
113900258,20,699,-679
113900259,288,272,16
113900260,121,19,102
113900261,32,146,-114
113900262,102,916,-814
113900263,184,708,-524
113900264,3,669,-666
113900265,130,392,-262
113900266,19,331,-312
113900267,118,605,-487
113900268,191,342,-151
113900269,34,156,-122
113900270,309,362,-53
113900271,525,1719,-1194
113900273,8,9,-1
113900274,24,12,12
113900275,24,53,-29
113900276,3,367,-364
113900277,73,3,70
113900278,385,197,188
113900279,98,78,20
113900280,1132,524,608
113900281,350,847,-497
113900282,1038,531,507
113900283,256,437,-181
113900284,535,169,366
113900285,65,31,34
113900286,68,179,-111
113900287,15,97,-82
113900288,1,78,-77
113900289,1588,88,1500
113900290,477,103,374
113900291,144,228,-84
113900292,6,7,-1
113900293,3,259,-256
113900294,254,26,228
113900295,375,302,73
113900296,3114,370,2744
113900297,787,33,754
113900298,7,1976,-1969
113900299,21,273,-252
113900300,7992,2679,5313
113900301,1155,383,772
113900302,2814,653,2161
113900303,883,221,662
113900304,0,194,-194
113900305,66,4,62
113900306,10,0,10
113900307,35,0,35
113900308,106,126,-20
113900309,5,980,-975
113900310,0,22,-22
113900311,0,4,-4
113900312,84,120,-36
113900313,20,13,7
114000001,1123,4667,-3544
114000002,105,601,-496
114000003,24,362,-338
114000004,30,172,-142
114000005,158,281,-123
114000006,3438,2289,1149
114000007,664,1726,-1062
114000008,1611,1112,499
114000009,274,221,53
114000011,2396,4372,-1976
114000012,1659,3594,-1935
114000013,1115,2764,-1649
114000014,397,581,-184
114000015,899,731,168
114000016,182,548,-366
114000017,55,118,-63
114000018,511,67,444
114000026,964,2012,-1048
114000027,1730,2381,-651
114000028,1875,2242,-367
114000038,100,173,-73
114000039,58,148,-90
114000040,55,226,-171
114000042,74,154,-80
114000043,27,217,-190
114000044,81,75,6
114000045,53,167,-114
114000046,2647,5054,-2407
114000047,16,87,-71
114000048,52,62,-10
114000049,1558,1152,406
114000050,1559,1136,423
114000051,3170,1633,1537
114000052,3269,1408,1861
114000053,74,580,-506
114000054,111,1953,-1842
114000055,195,30,165
114000056,1649,626,1023
114000057,10791,2848,7943
114000058,857,861,-4
114000059,412,241,171
114000060,472,798,-326
114000061,4468,1583,2885
114000062,3515,1012,2503
114000063,3494,1766,1728
114000064,11122,3002,8120
114000065,1833,2461,-628
114000066,249,733,-484
114000067,22,439,-417
114000068,431,531,-100
114000069,883,581,302
114000070,2582,1402,1180
114000071,398,903,-505
114000072,128,648,-520
114000073,8,158,-150
114000074,32,31,1
114000075,43,211,-168
114000076,14,288,-274
114000077,8,82,-74
114000078,106,1947,-1841
114000079,44,60,-16
114000080,73,98,-25
114000081,34,112,-78
114000082,44,771,-727
114000083,57,399,-342
114000084,100,66,34
114000085,79,1099,-1020
114000086,147,824,-677
114000087,43,371,-328
114000088,25,94,-69
114000089,1757,556,1201
114000090,502,484,18
114000091,1535,477,1058
114000092,930,266,664
114000093,955,558,397
114000094,220,274,-54
114000095,82,78,4
114000096,122,612,-490
114000097,89,1433,-1344
114000098,229,33,196
114000099,238,1124,-886
114000100,735,825,-90
114000101,257,1755,-1498
114000102,187,297,-110
114000103,95,681,-586
114000104,4,382,-378
114000105,44,55,-11
114000106,1322,406,916
114000107,87,157,-70
114000108,2436,1518,918
114000109,306,525,-219
114000110,473,2252,-1779
114000111,749,567,182
114000112,226,1799,-1573
114000113,393,332,61
114000114,1358,1788,-430
114000115,1304,600,704
114000116,334,905,-571
114000117,1501,354,1147
114000118,1278,415,863
114000119,824,318,506
114000120,560,1183,-623
114000121,369,664,-295
114000122,279,249,30
114000123,930,236,694
114000124,454,363,91
114000125,757,2283,-1526
114000126,646,167,479
114000127,84,210,-126
114000128,642,731,-89
114000130,284,488,-204
114000131,119,38,81
114000132,660,848,-188
114000133,1371,1530,-159
114000134,74,280,-206
114000138,41,268,-227
114000139,252,127,125
114000144,604,323,281
114000145,100,264,-164
114000146,80,413,-333
114000147,949,1025,-76
114000148,2309,1185,1124
114000149,297,227,70
114000150,889,419,470
114000151,808,861,-53
114000152,91,22,69
114000153,896,1246,-350
114000154,649,529,120
114000155,1154,1550,-396
114000156,617,382,235
114000157,243,952,-709
114000158,2799,772,2027
114000159,218,395,-177
114000160,157,196,-39
114000161,1638,1623,15
114000162,722,1021,-299
114000163,13,205,-192
114000165,189,150,39
114000166,635,231,404
114000167,4733,1247,3486
114000168,793,810,-17
114000169,1718,682,1036
114000170,900,738,162
114000171,775,1520,-745
114000174,154,613,-459
114000176,564,454,110
114000177,3082,921,2161
114000178,11,95,-84
114000179,1122,627,495
114000180,544,643,-99
114000181,1481,2347,-866
114000182,6222,2802,3420
114000183,1083,1187,-104
114000184,9130,1931,7199
114000185,810,919,-109
114000189,462,66,396
114000190,1486,254,1232
114000191,21,35,-14
114000192,394,2354,-1960
114000193,1405,4795,-3390
114000194,1072,1463,-391
114000195,70,27,43
114000196,4,534,-530
114000197,602,20,582
114000198,1411,451,960
114000199,2119,1155,964
114000200,476,3087,-2611
114000201,192,1470,-1278
114000202,894,1087,-193
114000203,347,1154,-807
114000204,126,655,-529
114000205,178,2236,-2058
114000206,424,1296,-872
114000207,598,3126,-2528
114000208,551,4592,-4041
114000209,757,4483,-3726
114000210,408,2283,-1875
114000211,760,1581,-821
114000212,532,709,-177
114000213,877,653,224
114000214,67,261,-194
114000215,115,88,27
114000216,772,262,510
114000217,130,418,-288
114000218,79,374,-295
114000219,695,353,342
114000220,12,1444,-1432
114000221,405,136,269
114000222,237,1403,-1166
114000223,314,107,207
114000224,139,915,-776
114000225,180,635,-455
114000226,63,275,-212
114000227,503,380,123
114000228,638,1171,-533
114000229,687,1368,-681
114000230,1144,1833,-689
114000231,658,1355,-697
114000232,359,152,207
114000233,1495,112,1383
114000234,805,1142,-337
114000235,700,1912,-1212
114000236,0,692,-692
114000237,59,1579,-1520
114000238,35,172,-137
114000239,204,1862,-1658
114000240,603,702,-99
114000241,228,1059,-831
114000242,1071,1182,-111
114000243,1037,876,161
114000244,560,441,119
114000245,327,643,-316
114000246,80,28,52
114000247,450,777,-327
114000248,606,530,76
114000249,355,455,-100
114000250,352,675,-323
114000251,220,487,-267
114000252,55,115,-60
114000253,40,240,-200
114000254,22,125,-103
114000255,727,199,528
114000256,3180,886,2294
114000257,538,2348,-1810
114000258,149,632,-483
114000259,28,360,-332
114000260,0,22,-22
114000261,43,22,21
114000262,38,263,-225
114000263,8,1,7
114000264,472,981,-509
114000265,0,24,-24
114000267,5,1337,-1332
114000268,7,2874,-2867
114000270,83,7,76
114000271,405,138,267
114000283,517,540,-23
114000285,64,401,-337
114000288,55,646,-591
114000289,743,102,641
114000293,52,408,-356
114000294,114,488,-374
114000395,947,60,887
114000396,290,325,-35
114000402,253,404,-151
114000403,166,738,-572
114000405,86,739,-653
114000423,113,728,-615
114000424,164,301,-137
114000425,329,775,-446
114000426,234,639,-405
114000427,30,111,-81
114000428,297,95,202
114000429,8,230,-222
114000432,51,138,-87
114000434,15,128,-113
114900001,356,1881,-1525
114900002,335,105,230
114900003,353,2917,-2564
114900004,108,232,-124
114900005,316,1284,-968
114900006,28,70,-42
114900007,83,12,71
114900008,71,44,27
114900010,3204,1586,1618
114900011,83,108,-25
114900013,98,84,14
114900015,34,192,-158
114900018,710,69,641
114900020,117,52,65
114900021,102,111,-9
114900022,1,912,-911
114900024,139,178,-39
114900025,153,275,-122
114900026,37,67,-30
114900027,141,228,-87
114900029,6,10,-4
114900030,173,235,-62
114900031,133,23,110
114900032,169,38,131
114900033,1646,275,1371
114900034,82,335,-253
114900035,166,352,-186
114900036,256,1484,-1228
114900037,73,282,-209
114900038,192,1158,-966
114900039,330,958,-628
114900040,47,336,-289
114900041,262,884,-622
114900042,428,1262,-834
114900043,720,397,323
114900044,53,31,22
114900045,95,286,-191
114900046,63,185,-122
114900047,193,1123,-930
114900048,79,251,-172
114900049,13,311,-298
114900050,30,728,-698
114900051,28,693,-665
114900052,71,298,-227
114900053,36,278,-242
114900054,41,129,-88
114900057,173,4,169
114900058,0,183,-183
114900059,37,27,10
114900060,1604,446,1158
114900061,129,253,-124
114900062,276,356,-80
114900063,57,318,-261
114900064,673,1019,-346
114900065,225,753,-528
114900067,19,425,-406
114900068,69,260,-191
114900069,310,265,45
114900070,241,883,-642
114900072,12,269,-257
114900073,0,197,-197
114900074,225,1318,-1093
114900075,145,2,143
114900076,8,409,-401
114900080,4357,599,3758
114900082,4189,1355,2834
114900083,901,980,-79
114900084,123,342,-219
114900090,167,138,29
114900091,102,263,-161
114900095,380,126,254
114900096,470,650,-180
114900097,68,56,12
114900098,1,258,-257
114900099,80,5,75
115000001,10735,6415,4320
115000002,2745,2912,-167
115000003,4078,5054,-976
115000004,2242,4201,-1959
115000005,1202,3273,-2071
115000006,525,1225,-700
115000007,64,168,-104
115000008,345,331,14
115000009,136,391,-255
115000010,207,108,99
115000013,76,126,-50
115000015,83,174,-91
115000016,180,279,-99
115000019,25,441,-416
115000020,181,603,-422
115000021,401,486,-85
115000022,530,428,102
115000023,343,445,-102
115000024,1279,631,648
115000025,765,498,267
115000026,184,506,-322
115000027,175,275,-100
115000028,163,812,-649
115000029,357,197,160
115000030,551,948,-397
115000031,764,374,390
115000032,7,264,-257
115000033,78,17,61
115000034,149,1196,-1047
115000035,957,101,856
115000036,1,395,-394
115000037,282,8,274
115000038,42,205,-163
115000039,3105,2046,1059
115000040,7325,3299,4026
115000041,786,2305,-1519
115000042,953,811,142
115000043,2746,3054,-308
115000044,2978,5121,-2143
115000045,1643,2845,-1202
115000046,1226,2733,-1507
115000047,1345,1982,-637
115000048,1172,3292,-2120
115000049,1516,3044,-1528
115000050,2815,2098,717
115000051,2470,1881,589
115000052,3540,2098,1442
115000053,1295,1344,-49
115000054,769,1446,-677
115000055,143,350,-207
115000056,173,358,-185
115000057,248,334,-86
115000058,95,128,-33
115000059,224,181,43
115000061,169,102,67
115000062,165,255,-90
115000063,209,415,-206
115000064,187,230,-43
115000065,14,273,-259
115000067,215,21,194
115000069,42,396,-354
115000070,46,947,-901
115000071,89,13,76
115000072,16,83,-67
115000073,1271,51,1220
115000075,45,91,-46
115000076,3774,4104,-330
115000077,1094,4537,-3443
115000078,641,2327,-1686
115000079,971,2609,-1638
115000080,1563,3469,-1906
115000081,357,1083,-726
115000082,2782,3347,-565
115000083,1740,4199,-2459
115000084,1125,1259,-134
115000085,535,1225,-690
115000086,608,1274,-666
115000087,589,1730,-1141
115000088,1668,646,1022
115000089,1757,1685,72
115000090,760,680,80
115000091,339,1410,-1071
115000092,242,333,-91
115000093,418,1,417
115000094,11169,5161,6008
115000095,8269,4454,3815
115000096,464,3066,-2602
115000097,531,762,-231
115000098,689,814,-125
115000099,1855,4676,-2821
115000100,749,591,158
115000101,298,1767,-1469
115000102,341,235,106
115000103,330,1171,-841
115000105,46,275,-229
115000106,277,285,-8
115000107,132,642,-510
115000108,4585,2964,1621
115000109,6988,2978,4010
115000110,1235,934,301
115000111,746,1612,-866
115000112,630,576,54
115000113,811,874,-63
115000114,1931,873,1058
115000116,3933,1484,2449
115000117,4810,2096,2714
115000118,1774,1491,283
115000119,1820,1896,-76
115000120,574,794,-220
115000121,1562,754,808
115000122,4275,1395,2880
115000123,2346,1563,783
115000124,570,744,-174
115000125,362,657,-295
115000126,149,320,-171
115000127,337,204,133
115000128,1418,814,604
115000129,180,158,22
115000130,291,1503,-1212
115000131,422,252,170
115000132,94,667,-573
115000133,186,447,-261
115000134,116,292,-176
115000135,130,324,-194
115000136,117,210,-93
115000137,79,250,-171
115000138,133,228,-95
115000139,169,302,-133
115000140,179,183,-4
115000141,125,439,-314
115000142,99,448,-349
115000143,332,522,-190
115000144,323,90,233
115000145,129,641,-512
115000146,245,242,3
115000147,428,710,-282
115000148,274,1867,-1593
115000149,371,202,169
115000150,675,1587,-912
115000151,523,472,51
115000152,596,2420,-1824
115000153,408,481,-73
115000154,421,367,54
115000155,563,1624,-1061
115000156,1153,651,502
115000157,1119,1135,-16
115000158,790,415,375
115000159,788,509,279
115000160,665,706,-41
115000161,529,671,-142
115000162,590,465,125
115000163,780,605,175
115000164,642,531,111
115000165,359,347,12
115000167,102,72,30
115000168,459,272,187
115000169,826,401,425
115000170,94,120,-26
115000171,168,116,52
115000172,2537,585,1952
115000173,223,307,-84
115000174,40,219,-179
115000175,70,119,-49
115000176,192,153,39
115000177,271,159,112
115000178,12,300,-288
115000179,12,39,-27
115000180,77,911,-834
115000181,280,157,123
115000182,410,505,-95
115000183,211,1477,-1266
115000186,459,316,143
115000187,186,752,-566
115000188,358,401,-43
115000189,252,441,-189
115000190,867,469,398
115000191,454,472,-18
115000194,267,126,141
115000195,342,217,125
115000196,55,107,-52
115000197,133,533,-400
115000198,208,263,-55
115000199,156,440,-284
115000200,170,111,59
115000201,90,540,-450
115000206,215,159,56
115000207,66,508,-442
115000208,797,866,-69
115000209,374,187,187
115000210,69,112,-43
115000211,198,304,-106
115000212,1562,329,1233
115000218,132,78,54
115000219,6,89,-83
115000224,191,67,124
115000225,54,50,4
115000229,351,202,149
115000230,140,639,-499
115000231,240,3500,-3260
115000232,810,386,424
115000233,105,217,-112
115000234,14,347,-333
115000241,39,328,-289
115000242,64,346,-282
115000243,19,263,-244
115000244,7,100,-93
115000246,41,16,25
115000247,42,12,30
115000248,23,10,13
115000249,53,16,37
115000250,188,70,118
115000251,146,169,-23
115000252,24,169,-145
115000253,16,218,-202
115000258,155,204,-49
115000259,299,149,150
115000261,12,22,-10
115000262,24,30,-6
115000263,7,24,-17
115000264,9,32,-23
115000267,25,86,-61
115000268,36,121,-85
115000269,68,49,19
115000270,1,50,-49
115000272,92,226,-134
115000273,512,21,491
115000274,221,400,-179
115000280,3106,120,2986
115000281,948,251,697
115000282,2456,587,1869
115000284,250,76,174
115000296,815,15,800
115000297,190,82,108
115000298,89,206,-117
115000300,111,241,-130
115000302,135,271,-136
115000303,300,187,113
115000304,370,133,237
115000305,65,1338,-1273
115000306,85,620,-535
115000307,90,255,-165
115000308,50,17,33
115000310,631,1381,-750
115000311,478,1711,-1233
115000313,103,933,-830
115000314,242,83,159
115000315,1401,319,1082
115000316,44,140,-96
115000317,119,941,-822
115000318,632,333,299
115000319,58,394,-336
115000320,2,291,-289
115000321,456,15,441
115000322,64,349,-285
115000449,503,143,360
115000557,32,549,-517
115000558,199,65,134
115000587,290,399,-109
115000588,2016,4324,-2308
115000589,2327,2553,-226
115000590,961,2199,-1238
115000591,1015,752,263
115000592,719,1665,-946
115000593,1475,598,877
115000594,956,1509,-553
115000609,47,112,-65
115000617,2860,1582,1278
115000624,92,27,65
115000633,425,1970,-1545
115000634,2891,1036,1855
115000635,251,134,117
115000638,1549,631,918
115000641,55,123,-68
115000642,336,318,18
115000643,128,486,-358
115000644,96,518,-422
115000646,745,1089,-344
115000647,176,637,-461
115000648,975,1872,-897
115000893,2812,1055,1757
115000894,92,1312,-1220
115000895,249,1048,-799
115000896,812,343,469
115000897,461,68,393
115000898,1020,251,769
115000899,875,1038,-163
115000900,132,391,-259
115000901,74,116,-42
115000912,155,77,78
115000913,1,50,-49
115000915,15,0,15
115000916,4,0,4
115000917,0,2,-2
115000918,112,270,-158
115000919,2,8,-6
115000920,10,41,-31
115000921,1588,120,1468
115000922,791,478,313
115000923,371,811,-440
115000925,15,72,-57
115000927,10,34,-24
115000933,100,96,4
115900001,39,90,-51
115900002,66,230,-164
115900003,123,186,-63
115900004,0,66,-66
115900005,81,4,77
115900006,95,685,-590
115900008,19,30,-11
115900009,56,450,-394
115900010,119,299,-180
115900011,179,381,-202
115900012,52,118,-66
115900013,546,268,278
115900014,122,210,-88
115900015,37,167,-130
115900016,74,40,34
115900017,3,1,2
115900018,120,139,-19
115900019,1726,57,1669
115900020,36,1,35
115900021,2259,300,1959
115900022,1710,11,1699
115900023,3,1,2
115900025,35,154,-119
115900026,1120,451,669
115900027,1,555,-554
115900028,821,98,723
115900029,4,635,-631
115900030,79,15,64
115900031,364,215,149
115900032,383,1020,-637
115900033,2,50,-48
115900034,14,759,-745
115900035,43,102,-59
115900036,142,261,-119
115900037,32,777,-745
115900038,23,11,12
115900039,93,360,-267
115900041,391,286,105
115900042,11,17,-6
115900043,39,142,-103
115900044,252,241,11
115900046,223,311,-88
115900047,106,73,33
115900049,87,214,-127
115900051,4,42,-38
115900052,8,339,-331
115900053,124,363,-239
115900054,72,51,21
115900055,20,185,-165
115900056,183,609,-426
115900057,13,6,7
115900058,30,82,-52
115900060,167,211,-44
115900061,106,1,105
115900062,46,400,-354
115900063,26,20,6
115900064,186,274,-88
115900065,49,192,-143
115900066,171,304,-133
115900067,14,1090,-1076
115900068,4718,307,4411
115900069,40,226,-186
115900070,97,309,-212
115900071,1,949,-948
115900072,97,362,-265
115900073,40,34,6
115900074,5,495,-490
115900075,18,452,-434
115900076,1,138,-137
115900077,5,439,-434
115900078,28,185,-157
115900079,104,10,94
115900080,694,266,428
115900081,9,98,-89
115900082,162,162,0
115900084,170,64,106
115900085,61,77,-16
115900086,2293,553,1740
115900088,27,43,-16
115900089,148,999,-851
115900090,124,19,105
115900091,12,17,-5
115900092,24,289,-265
115900093,1,36,-35
115900094,6,580,-574
115900096,0,19,-19
115900097,6,730,-724
115900098,83,677,-594
115900099,8,132,-124
115900100,8,953,-945
115900101,119,633,-514
115900102,15,161,-146
115900103,215,346,-131
115900104,36,294,-258
115900105,91,977,-886
115900106,24,19,5
115900107,33,278,-245
115900108,54,41,13
115900109,51,641,-590
115900110,1,29,-28
115900111,3,104,-101
115900112,37,1619,-1582
115900113,15,18,-3
115900114,7,226,-219
115900115,41,141,-100
115900116,79,1508,-1429
115900117,44,32,12
115900118,9,512,-503
115900119,73,79,-6
115900120,16,636,-620
115900121,128,359,-231
115900124,184,360,-176
115900125,180,46,134
115900126,426,62,364
115900127,377,43,334
115900128,11,38,-27
115900129,572,40,532
115900130,41,196,-155
115900131,284,54,230
115900132,227,12,215
115900134,221,7,214
115900135,622,588,34
115900137,12,4,8
115900139,210,226,-16
115900140,119,27,92
115900141,31,221,-190
115900142,23,49,-26
115900143,89,262,-173
115900144,39,274,-235
115900146,18,192,-174
115900147,177,263,-86
115900148,3,26,-23
115900149,29,19,10
115900150,33,96,-63
115900151,17,77,-60
115900152,54,528,-474
115900153,57,357,-300
115900154,861,311,550
115900155,0,124,-124
115900156,540,798,-258
115900157,65,524,-459
115900158,45,9,36
115900159,29,301,-272
115900160,10,6,4
115900161,69,308,-239
115900163,124,180,-56
115900164,190,41,149
115900165,1,73,-72
115900166,176,375,-199
115900168,27,164,-137
115900171,116,560,-444
115900172,63,171,-108
115900173,142,201,-59
115900174,430,215,215
115900175,50,214,-164
115900178,3,1035,-1032
115900179,130,26,104
115900180,44,572,-528
115900181,125,358,-233
115900182,219,452,-233
115900183,267,81,186
115900184,2055,27,2028
115900187,3,113,-110
115900189,0,160,-160
115900190,503,860,-357
115900191,77,638,-561
115900192,7,65,-58
115900193,31,66,-35
115900194,373,41,332
115900195,592,954,-362
115900198,221,243,-22
115900199,133,365,-232
115900200,344,455,-111
115900201,361,253,108
115900202,0,11,-11
115900203,3,5,-2
115900204,0,0,0
115900205,27,4,23
115900206,61,170,-109
115900207,18,22,-4
115900208,58,410,-352
115900209,2,177,-175
115900210,5,217,-212
115900211,4,321,-317
115900212,65,273,-208
115900213,43,31,12
115900214,155,216,-61
115900215,21,32,-11
115900216,4,90,-86
115900217,2,89,-87
115900218,0,62,-62
115900219,44,28,16
115900220,93,17,76
115900221,43,19,24
115900222,30,20,10
115900223,22,94,-72
115900224,1887,399,1488
115900225,65,38,27
115900226,49,41,8
115900227,12,40,-28
115900228,5,45,-40
115900229,7,63,-56
115900230,55,130,-75
115900231,107,3,104
115900232,22,1,21
115900233,47,8,39
115900234,32,14,18
115900235,3,28,-25
115900236,16,24,-8
115900237,12,30,-18
115900238,4,7,-3
115900239,7,40,-33
115900240,8,86,-78
115900241,114,73,41
115900242,209,177,32
115900243,33,14,19
115900244,15,15,0
115900245,0,38,-38
115900246,2,4,-2
115900247,5,3,2
115900248,17,11,6
115900249,3,13,-10
115900250,11,10,1
115900251,2,6,-4
115900252,0,0,0
115900253,5,9,-4
115900254,17,19,-2
115900255,17,18,-1
115900256,33,14,19
115900257,1,7,-6
115900258,0,3,-3
115900259,1,6,-5
115900260,9,3,6
115900261,21,5,16
115900262,0,0,0
115900263,6,8,-2
115900264,4,5,-1
115900265,1,9,-8
115900266,1,9,-8
115900267,3,4,-1
115900268,4,10,-6
115900269,174,492,-318
115900270,255,1058,-803
116000001,20461,5629,14832
116000002,4058,5680,-1622
116000003,1600,2008,-408
116000004,1588,1940,-352
116000005,2914,3593,-679
116000006,1674,1213,461
116000007,4010,4783,-773
116000008,4095,1634,2461
116000009,1892,3175,-1283
116000010,1418,1024,394
116000011,818,1993,-1175
116000012,699,535,164
116000013,19407,4972,14435
116000014,22479,7412,15067
116000015,686,1016,-330
116000016,10218,2165,8053
116000017,34,553,-519
116000018,919,543,376
116000019,758,264,494
116000020,388,1456,-1068
116000021,267,258,9
116000022,343,565,-222
116000023,664,617,47
116000024,775,2063,-1288
116000025,664,559,105
116000026,1568,2631,-1063
116000027,691,553,138
116000028,371,472,-101
116000029,1143,581,562
116000030,370,278,92
116000031,168,252,-84
116000032,137,258,-121
116000033,169,344,-175
116000034,504,509,-5
116000035,201,603,-402
116000036,2849,998,1851
116000037,991,682,309
116000038,662,322,340
116000039,905,443,462
116000040,1164,439,725
116000041,479,729,-250
116000042,461,377,84
116000043,119,614,-495
116000045,1430,972,458
116000046,1403,1104,299
116000047,1934,1796,138
116000048,1984,1404,580
116000049,949,1724,-775
116000050,1344,1412,-68
116000051,3411,1546,1865
116000052,3821,3784,37
116000053,1480,980,500
116000054,651,2266,-1615
116000055,315,1358,-1043
116000056,536,1013,-477
116000057,3534,2034,1500
116000058,3814,2122,1692
116000059,3954,4474,-520
116000060,2984,984,2000
116000061,200,649,-449
116000062,573,268,305
116000063,619,1070,-451
116000066,139,515,-376
116000067,293,661,-368
116000068,189,234,-45
116000069,280,486,-206
116000078,295,818,-523
116000080,1306,1123,183
116000082,13,178,-165
116000083,942,340,602
116000084,2425,4015,-1590
116000085,1743,1071,672
116000086,2126,1289,837
116000087,935,1044,-109
116000088,827,1622,-795
116000089,140,94,46
116000090,126,174,-48
116000091,111,46,65
116000093,521,1276,-755
116000094,317,736,-419
116000095,477,1066,-589
116000096,465,1240,-775
116000097,494,2145,-1651
116000098,29,3367,-3338
116000099,12042,577,11465
116000100,86,9,77
116000101,436,2134,-1698
116000102,44,343,-299
116000103,518,219,299
116000104,156,2382,-2226
116000105,621,224,397
116000106,227,1350,-1123
116000107,914,510,404
116000108,26,180,-154
116000111,63,15,48
116000113,107,70,37
116000114,37,168,-131
116000115,151,63,88
116000116,200,695,-495
116000117,906,1846,-940
116000118,1005,2000,-995
116000119,1848,1539,309
116000120,2999,5676,-2677
116000121,500,405,95
116000122,1309,3024,-1715
116000123,418,453,-35
116000124,295,1527,-1232
116000125,1707,647,1060
116000126,334,1902,-1568
116000127,1237,2148,-911
116000128,1200,773,427
116000129,799,201,598
116000130,204,290,-86
116000133,336,1017,-681
116000134,1325,4019,-2694
116000135,1240,1343,-103
116000136,966,3096,-2130
116000137,567,570,-3
116000138,1786,519,1267
116000139,1768,2261,-493
116000140,138,197,-59
116000141,326,1180,-854
116000142,4318,4479,-161
116000143,1907,1367,540
116000144,1085,3486,-2401
116000145,1291,1562,-271
116000146,283,466,-183
116000147,196,147,49
116000148,307,468,-161
116000149,354,532,-178
116000151,424,1203,-779
116000153,66,453,-387
116000155,174,264,-90
116000156,609,2157,-1548
116000157,2,0,2
116000158,191,383,-192
116000159,0,1,-1
116000160,12,188,-176
116000161,6,144,-138
116000162,177,66,111
116000163,17,15,2
116000164,6,16,-10
116000177,55,106,-51
116000194,67,479,-412
116000195,1424,622,802
116000196,21,11,10
116000197,2,9,-7
116000198,2523,1054,1469
116000200,780,181,599
116000201,658,692,-34
116000202,2,362,-360
116000203,6,118,-112
116000204,9,36,-27
116000205,0,219,-219
116000206,1,80,-79
116000207,1,54,-53
116000233,139,1205,-1066
116000287,77,746,-669
116000288,110,321,-211
116000292,36,245,-209
116000296,8,104,-96
116000297,24,1,23
116000304,54,5,49
116000305,16,282,-266
116000346,169,260,-91
116000352,171,78,93
116000354,69,15,54
116000357,22,9,13
116000358,155,29,126
116000361,70,1,69
116000372,9292,2172,7120
116000381,77,2,75
116000388,3,45,-42
116000389,576,616,-40
116000445,246,1080,-834
116000446,229,1437,-1208
116000447,12,403,-391
116000448,617,359,258
116000563,1503,753,750
116000565,99,553,-454
116000568,43,214,-171
116000579,30,129,-99
116000584,21,31,-10
116000585,10,10,0
116000586,244,114,130
116000587,252,470,-218
116000589,24,108,-84
116000590,44,64,-20
116000591,85,338,-253
116000592,13,220,-207
116000593,0,34,-34
116000594,388,853,-465
116000595,468,235,233
116000596,55,16,39
116000597,140,62,78
116000598,14,278,-264
116000602,75,421,-346
116000605,243,240,3
116000606,23,104,-81
116000607,9,103,-94
116000609,270,706,-436
116000611,71,761,-690
116000612,530,1696,-1166
116000613,285,285,0
116000614,471,1178,-707
116000615,32,137,-105
116000616,29,135,-106
116000617,32,124,-92
116000618,2,257,-255
116000619,8,74,-66
116000620,86,40,46
116000621,44,95,-51
116000622,16,158,-142
116000624,37,65,-28
116900001,231,149,82
116900002,382,1,381
116900003,16,114,-98
116900004,27,29,-2
116900005,160,66,94
116900006,108,139,-31
116900007,114,221,-107
116900008,282,578,-296
116900009,26,10,16
116900010,6,2837,-2831
116900011,7,57,-50
116900012,135,259,-124
116900013,7,374,-367
116900014,38,511,-473
116900015,168,108,60
116900016,87,1,86
116900017,1,946,-945
116900018,71,91,-20
116900019,2,582,-580
116900020,1151,256,895
116900023,19,9,10
116900024,253,101,152
116900025,368,1554,-1186
116900026,292,1075,-783
116900027,19,54,-35
116900028,3,253,-250
116900029,3,14,-11
116900031,1,30,-29
116900032,10,578,-568
116900033,8,9,-1
116900034,5,101,-96
116900035,105,221,-116
116900036,1,135,-134
116900038,9,4,5
116900041,97,26,71
116900042,1186,273,913
116900043,13,64,-51
116900045,198,58,140
116900047,128,36,92
116900049,30,417,-387
116900050,71,560,-489
116900051,39,401,-362
116900052,158,113,45
116900055,8,7,1
116900057,9,392,-383
116900058,34,528,-494
116900059,2,351,-349
116900060,188,300,-112
116900062,0,6,-6
116900064,63,1492,-1429
116900065,19,149,-130
116900067,85,159,-74
116900068,111,422,-311
116900070,2,3,-1
116900072,10,694,-684
116900073,4,298,-294
116900074,3,80,-77
116900076,3,31,-28
116900077,11,330,-319
116900078,214,208,6
116900079,25,558,-533
116900080,8,27,-19
116900081,321,2033,-1712
116900082,232,1016,-784
116900083,52,99,-47
116900084,158,65,93
116900085,15,168,-153
116900086,31,304,-273
116900088,527,66,461
116900090,148,105,43
116900091,201,134,67
116900092,53,1000,-947
116900093,2203,2319,-116
116900094,8335,2576,5759
116900095,274,248,26
116900096,121,121,0
116900097,5418,1974,3444
116900098,449,172,277
116900099,846,394,452
116900100,455,28,427
116900101,263,860,-597
116900103,3,3,0
116900104,25,89,-64
116900105,251,64,187
116900106,860,317,543
116900107,5881,1333,4548
116900110,9,1,8
116900111,211,1858,-1647
116900112,182,1652,-1470
116900113,4733,799,3934
116900116,89,297,-208
116900117,21,122,-101
116900118,1210,567,643
116900120,136,240,-104
116900121,30,67,-37
116900122,431,1401,-970
116900123,97,1431,-1334
116900124,129,1112,-983
116900125,190,350,-160
116900126,362,650,-288
116900128,0,64,-64
116900129,3,452,-449
116900130,1451,1942,-491
116900131,74,206,-132
116900132,16,96,-80
116900133,59,157,-98
116900134,154,349,-195
116900136,141,169,-28
116900137,276,247,29
116900138,117,309,-192
116900139,74,504,-430
116900140,124,217,-93
116900141,430,435,-5
116900142,2,22,-20
116900143,229,896,-667
116900144,19,48,-29
116900145,92,495,-403
116900147,832,308,524
116900148,4,29,-25
116900149,24,152,-128
116900150,11,9,2
116900151,622,144,478
116900153,77,76,1
116900154,733,271,462
116900155,67,51,16
116900157,202,339,-137
116900158,90,132,-42
116900159,55,252,-197
116900160,694,247,447
116900161,12363,4360,8003
116900162,8,184,-176
116900163,68,208,-140
116900164,35,45,-10
116900165,158,105,53
116900166,19,105,-86
116900167,179,86,93
116900168,166,109,57
116900169,952,268,684
116900170,160,310,-150
116900171,36,369,-333
116900172,224,88,136
116900173,84,83,1
116900174,14,10,4
116900175,235,155,80
116900178,18,284,-266
116900179,90,116,-26
116900180,80,35,45
116900182,512,254,258
116900183,84,107,-23
116900185,12,11,1
116900186,51,512,-461
116900187,23,29,-6
116900188,100,11,89
116900189,19,1,18
116900191,345,468,-123
116900192,120,330,-210
116900194,80,649,-569
116900195,18,15,3
116900196,21,147,-126
116900197,55,3,52
116900198,312,149,163
116900200,25,54,-29
116900201,41,7,34
116900202,194,75,119
116900203,148,1,147
116900204,44,84,-40
116900206,3,30,-27
116900207,6,31,-25
116900208,6,177,-171
116900209,6,213,-207
116900210,363,252,111
116900211,230,14,216
116900212,40,113,-73
116900213,160,279,-119
116900214,71,198,-127
116900215,40,110,-70
116900216,153,546,-393
116900218,13,481,-468
116900219,926,416,510
116900220,70,223,-153
116900221,49,291,-242
116900222,321,371,-50
116900223,95,259,-164
116900226,47,103,-56
116900227,92,104,-12
116900228,125,266,-141
116900230,56,595,-539
116900231,21,668,-647
116900232,13,719,-706
116900233,123,77,46
116900234,7,5,2
116900235,118,553,-435
116900238,1598,382,1216
116900239,58,856,-798
116900240,8013,2467,5546
116900241,54,315,-261
116900242,577,266,311
116900243,1,251,-250
116900245,29,15,14
116900246,47,3,44
116900247,272,27,245
116900248,56,38,18
116900249,167,246,-79
116900250,168,50,118
116900251,545,259,286
116900252,46,1543,-1497
116900253,70,106,-36
116900254,7,107,-100
116900255,51,43,8
116900256,215,162,53
116900257,8,763,-755
116900258,1,498,-497
116900259,68,9,59
116900260,2,182,-180
116900261,17,1,16
116900262,71,165,-94
116900263,0,5,-5
116900264,0,3,-3
116900265,5,0,5
116900266,3,107,-104
116900267,2,2,0
116900268,23,13,10
116900269,229,478,-249
116900271,3307,105,3202
116900272,564,775,-211
116900273,347,69,278
116900274,49,95,-46
116900275,73,173,-100
116900276,245,54,191
116900277,994,50,944
116900278,6,20,-14
116900279,0,38,-38
116900280,15,51,-36
116900281,10726,2406,8320
116900282,1,192,-191
116900283,12,188,-176
116900284,16,316,-300
116900285,364,303,61
116900286,257,17,240
116900287,5,141,-136
116900288,21,178,-157
116900289,7,26,-19
116900290,2,42,-40
116900291,4,7,-3
116900292,0,6,-6
116900293,21,102,-81
116900294,22,153,-131
116900295,63,72,-9
116900296,17,31,-14
116900297,3,17,-14
116900298,39,23,16
116900299,21,23,-2
116900300,7,235,-228
116900301,47,25,22
116900302,1286,260,1026
116900303,465,63,402
116900304,1,103,-102
116900305,18,70,-52
116900306,53,207,-154
117000001,1383,1227,156
117000002,1730,4809,-3079
117000003,6673,2486,4187
117000004,5149,5709,-560
117000005,1231,1354,-123
117000006,1107,4032,-2925
117000007,2193,958,1235
117000008,1468,5278,-3810
117000009,3828,1510,2318
117000010,3095,5497,-2402
117000011,1129,1814,-685
117000012,1039,2184,-1145
117000013,951,1194,-243
117000014,898,2967,-2069
117000015,3302,1158,2144
117000016,960,76,884
117000017,623,287,336
117000018,193,542,-349
117000019,169,2,167
117000020,1031,1196,-165
117000021,4162,501,3661
117000022,677,69,608
117000023,865,134,731
117000024,716,134,582
117000025,1312,995,317
117000026,3744,839,2905
117000027,2519,793,1726
117000028,3268,454,2814
117000030,304,225,79
117000032,2076,1733,343
117000033,1678,1503,175
117000034,127,139,-12
117000036,196,173,23
117000038,207,450,-243
117000039,21,160,-139
117000040,100,1940,-1840
117000041,494,120,374
117000044,20,1551,-1531
117000045,230,65,165
117000046,460,937,-477
117000047,494,526,-32
117000048,2432,1812,620
117000049,203,627,-424
117000050,107,3732,-3625
117000051,1271,150,1121
117000052,12,845,-833
117000053,177,108,69
117000054,1398,13,1385
117000055,15,5227,-5212
117000056,572,18,554
117000057,724,2956,-2232
117000060,450,2193,-1743
117000061,1354,741,613
117000062,215,634,-419
117000063,1285,708,577
117000064,956,988,-32
117000066,1935,913,1022
117000067,108,325,-217
117000074,195,163,32
117000076,84,46,38
117000077,100,111,-11
117000078,129,711,-582
117000079,189,166,23
117000080,1,375,-374
117000081,664,98,566
117000082,16,60,-44
117000083,110,13,97
117000084,318,4,314
117000085,160,561,-401
117000086,1280,797,483
117000087,114,614,-500
117000088,212,202,10
117000089,1221,363,858
117000090,219,2037,-1818
117000091,527,354,173
117000092,368,2286,-1918
117000093,768,768,0
117000094,862,3362,-2500
117000095,2042,794,1248
117000096,570,3483,-2913
117000097,889,1116,-227
117000098,3064,7363,-4299
117000099,2257,988,1269
117000100,93,191,-98
117000101,191,1754,-1563
117000102,1269,546,723
117000103,928,2356,-1428
117000104,1023,584,439
117000105,896,2476,-1580
117000106,887,860,27
117000107,518,2835,-2317
117000108,1060,906,154
117000109,1873,3699,-1826
117000110,1234,838,396
117000111,4023,5558,-1535
117000112,2646,2348,298
117000113,91,478,-387
117000114,99,176,-77
117000115,69,241,-172
117000116,85,291,-206
117000117,1965,721,1244
117000118,358,146,212
117000119,653,65,588
117000120,505,140,365
117000121,304,549,-245
117000122,615,917,-302
117000123,2305,41,2264
117000124,1001,85,916
117000125,463,70,393
117000126,97,48,49
117000127,298,595,-297
117000128,566,879,-313
117000129,367,56,311
117000130,105,1,104
117000131,0,40,-40
117000132,1324,12,1312
117000133,841,160,681
117000134,0,75,-75
117000135,16,41,-25
117000136,2,94,-92
117000137,60,58,2
117000138,1,764,-763
117000140,500,2171,-1671
117000141,1464,626,838
117000181,1516,559,957
117000182,270,284,-14
117000195,197,1916,-1719
117000196,137,100,37
117000225,206,3,203
117000226,16,139,-123
117000276,193,16,177
117000277,3,802,-799
117000310,2490,3171,-681
117000315,38,1067,-1029
117000320,67,0,67
117000906,129,8,121
117000907,19,580,-561
117000908,157,10,147
117000909,78,38,40
117000910,159,140,19
117000911,74,172,-98
117000915,17,940,-923
117000916,11,3,8
117000917,521,25,496
117000918,38,64,-26
117000919,12,225,-213
117000920,8,2412,-2404
117000921,7,2866,-2859
117000922,53,140,-87
117000924,478,726,-248
117000926,1616,86,1530
117000927,2925,483,2442
117000928,0,386,-386
117000929,94,670,-576
117000930,82,15,67
117000931,1154,72,1082
117900002,187,537,-350
117900003,1170,418,752
117900005,3,15,-12
117900006,1,43,-42
117900007,91,239,-148
117900008,0,44,-44
117900010,226,151,75
117900011,68,31,37
117900012,54,251,-197
117900013,1,486,-485
117900014,183,250,-67
117900015,13,261,-248
117900016,1730,458,1272
117900017,521,598,-77
117900018,319,47,272
117900019,258,746,-488
117900020,35,207,-172
117900021,30,173,-143
117900022,7,9,-2
117900023,875,216,659
117900024,84,179,-95
117900025,15,17,-2
117900026,254,644,-390
117900028,92,3,89
117900029,257,1370,-1113
117900030,180,174,6
117900031,195,100,95
117900032,392,414,-22
117900033,139,1207,-1068
117900034,14,21,-7
117900035,102,55,47
117900036,185,918,-733
117900037,107,153,-46
117900038,27,544,-517
117900039,4,112,-108
117900040,110,757,-647
117900041,6,56,-50
117900042,5687,530,5157
117900043,34,59,-25
117900044,28,2747,-2719
117900045,114,104,10
117900048,134,464,-330
117900049,114,943,-829
117900050,12,32,-20
117900051,77,9,68
117900052,80,286,-206
117900053,732,937,-205
117900054,0,25,-25
117900055,156,203,-47
117900056,538,13,525
117900057,896,1423,-527
117900058,858,333,525
117900059,377,77,300
117900060,739,7058,-6319
117900061,15,235,-220
117900063,243,284,-41
117900065,684,1511,-827
117900066,4,29,-25
117900067,257,491,-234
117900069,557,651,-94
117900070,567,11,556
117900071,92,195,-103
117900073,224,598,-374
117900074,261,5,256
117900075,49,93,-44
117900076,13,36,-23
117900077,182,196,-14
117900078,232,465,-233
117900080,238,83,155
117900081,595,537,58
117900082,248,211,37
117900083,223,940,-717
117900086,137,47,90
117900087,90,57,33
117900088,3262,2348,914
117900089,1176,355,821
117900090,293,1262,-969
117900091,164,179,-15
117900092,55,67,-12
117900093,33,93,-60
117900094,21,10,11
117900095,200,811,-611
117900096,58,291,-233
117900097,286,106,180
117900098,6,9,-3
117900099,102,655,-553
117900100,160,3,157
117900101,459,960,-501
117900102,17,66,-49
117900103,28,0,28
117900104,21,232,-211
117900105,156,270,-114
117900106,31,71,-40
117900107,8,0,8
117900109,312,329,-17
117900110,25,2,23
117900111,140,3,137
117900112,41,13,28
117900113,5703,1779,3924
117900114,2,0,2
117900115,440,44,396
117900116,910,998,-88
117900117,374,601,-227
117900118,19,0,19
117900119,72,362,-290
117900120,119,248,-129
117900121,65,21,44
117900122,1396,1788,-392
117900123,651,995,-344
117900124,605,755,-150
117900125,1360,1068,292
117900126,313,759,-446
117900127,389,764,-375
117900128,266,1460,-1194
117900129,22,0,22
117900130,774,453,321
117900131,12,136,-124
117900132,6,149,-143
117900133,2,166,-164
117900134,74,345,-271
117900135,17,333,-316
117900136,0,78,-78
117900137,66,489,-423
117900138,1,84,-83
117900139,57,196,-139
117900140,6959,208,6751
117900141,318,325,-7
117900142,140,16,124
117900144,78,143,-65
117900145,96,10,86
117900146,205,124,81
117900147,25,58,-33
117900148,3559,941,2618
117900149,33,195,-162
117900150,21,142,-121
117900151,55,290,-235
117900152,141,107,34
117900153,20,159,-139
117900154,301,852,-551
117900156,856,767,89
117900157,91,535,-444
117900158,147,112,35
117900160,399,398,1
117900161,3064,3142,-78
117900162,259,393,-134
117900163,89,19,70
117900165,0,12,-12
117900166,127,208,-81
117900168,63,180,-117
117900169,0,144,-144
117900170,1,32,-31
117900171,1,15,-14
117900172,5,45,-40
117900173,183,67,116
117900174,26,49,-23
117900175,2,37,-35
117900176,5,40,-35
117900177,17,79,-62
117900178,119,42,77
117900180,282,24,258
117900181,162,240,-78
117900182,3,25,-22
117900183,36,171,-135
117900184,28,72,-44
117900185,7,57,-50
117900186,31,17,14
117900187,18,13,5
117900188,238,19,219
117900189,56,40,16
117900190,33,7,26
117900191,41,0,41
117900192,132,0,132
117900193,31,33,-2
117900194,3,4,-1
117900195,4,43,-39
117900196,6,22,-16
117900207,177,87,90
117900208,29,45,-16
117900209,111,145,-34
117900210,138,178,-40
117900211,13,278,-265
117900212,82,179,-97
117900213,10,19,-9
117900214,7,68,-61
117900216,13,16,-3
117900217,86,113,-27
117900218,120,158,-38
117900219,14,63,-49
117900220,91,110,-19
117900221,26,4,22
118000001,817,411,406
118000002,1353,1966,-613
118000003,1973,1229,744
118000004,2703,1770,933
118000005,7635,2764,4871
118000006,10092,7242,2850
118000007,7495,2795,4700
118000008,5507,3104,2403
118000009,2358,3174,-816
118000010,4098,4485,-387
118000011,964,3522,-2558
118000012,1264,3501,-2237
118000013,4209,3421,788
118000014,2227,3453,-1226
118000016,223,446,-223
118000017,236,335,-99
118000018,241,673,-432
118000019,2192,1340,852
118000020,1558,1348,210
118000021,588,1873,-1285
118000022,1900,536,1364
118000023,1110,202,908
118000024,1979,667,1312
118000025,1512,953,559
118000027,20819,5963,14856
118000029,1271,509,762
118000032,2045,2011,34
118000033,3054,2645,409
118000034,6245,2064,4181
118000035,1504,1491,13
118000036,1152,892,260
118000037,635,1056,-421
118000038,104,125,-21
118000039,69,421,-352
118000040,1504,2543,-1039
118000041,1885,1659,226
118000045,676,99,577
118000046,2151,574,1577
118000047,2244,752,1492
118000048,4117,1060,3057
118000051,2667,1204,1463
118000052,1804,881,923
118000053,463,536,-73
118000054,1724,1286,438
118000055,1128,2343,-1215
118000056,167,292,-125
118000057,179,505,-326
118000058,7480,1466,6014
118000059,4280,937,3343
118000060,700,874,-174
118000061,638,1306,-668
118000062,604,346,258
118000063,304,531,-227
118000064,947,1327,-380
118000065,5752,2051,3701
118000066,816,1091,-275
118000067,1127,709,418
118000068,1967,3383,-1416
118000069,4033,1202,2831
118000070,8959,1634,7325
118000071,4562,5323,-761
118000072,2344,891,1453
118000073,2958,452,2506
118000074,388,409,-21
118000075,729,259,470
118000076,1166,1084,82
118000077,1484,1197,287
118000078,1621,1627,-6
118000079,329,400,-71
118000080,1123,910,213
118000081,1532,1046,486
118000082,348,843,-495
118000083,2622,1244,1378
118000084,2589,1508,1081
118000086,192,568,-376
118000087,7306,2635,4671
118000088,1690,1680,10
118000089,4672,2231,2441
118000090,2388,2728,-340
118000091,1975,1582,393
118000092,1347,422,925
118000093,133,744,-611
118000096,579,646,-67
118000097,617,600,17
118000098,198,238,-40
118000099,307,954,-647
118000101,698,282,416
118000102,264,1445,-1181
118000107,4661,524,4137
118000108,638,1541,-903
118000110,2,31,-29
118000111,3,824,-821
118000112,175,5,170
118000113,3,1548,-1545
118000114,167,8,159
118000115,21,4,17
118000116,42,0,42
118000117,1252,1021,231
118000118,777,711,66
118000119,762,1155,-393
118000120,1739,1958,-219
118000121,61,500,-439
118000122,1236,306,930
118000123,41,234,-193
118000125,1799,1355,444
118000126,546,1369,-823
118000127,1688,604,1084
118000128,666,1359,-693
118000129,513,213,300
118000130,2672,4194,-1522
118000131,336,954,-618
118000132,1725,1416,309
118000133,461,447,14
118000135,401,316,85
118000136,76,457,-381
118000137,610,76,534
118000138,207,1161,-954
118000139,168,97,71
118000140,2252,3221,-969
118000141,1558,2116,-558
118000142,1299,2461,-1162
118000143,1214,897,317
118000144,1710,1239,471
118000145,1260,2907,-1647
118000146,845,1463,-618
118000147,528,1845,-1317
118000148,280,1299,-1019
118000149,569,1215,-646
118000150,262,224,38
118000151,263,481,-218
118000153,772,1182,-410
118000154,733,1831,-1098
118000155,697,1350,-653
118000156,2570,2316,254
118000157,334,270,64
118000158,95,522,-427
118000159,14,64,-50
118000160,314,463,-149
118000161,291,1114,-823
118000162,960,926,34
118000163,418,729,-311
118000164,2142,1381,761
118000168,2047,364,1683
118000169,983,2121,-1138
118000170,4046,7232,-3186
118000171,250,764,-514
118000172,71,312,-241
118000173,757,1111,-354
118000175,214,349,-135
118000176,198,402,-204
118000177,130,461,-331
118000178,103,35,68
118000179,1699,704,995
118000180,698,770,-72
118000181,774,351,423
118000182,216,265,-49
118000183,224,266,-42
118000184,428,1143,-715
118000185,1126,741,385
118000186,567,831,-264
118000187,840,944,-104
118000188,500,293,207
118000189,293,1117,-824
118000190,9,7,2
118000191,9,55,-46
118000192,38,96,-58
118000193,18,216,-198
118000194,1846,1040,806
118000195,1179,485,694
118000196,766,93,673
118000197,243,99,144
118000198,488,394,94
118000199,654,285,369
118000200,52,236,-184
118000201,625,317,308
118000202,46,63,-17
118000203,1480,361,1119
118000204,166,187,-21
118000205,323,288,35
118000206,190,223,-33
118000207,0,189,-189
118000208,965,1513,-548
118000209,1576,2028,-452
118000210,56,38,18
118000211,15,34,-19
118000213,1031,1185,-154
118000214,622,373,249
118000215,218,392,-174
118000216,1575,6157,-4582
118000217,19,92,-73
118000218,30,124,-94
118000219,595,345,250
118000220,3,23,-20
118000221,64,255,-191
118000222,74,18,56
118000223,25,43,-18
118000224,245,121,124
118000225,102,1232,-1130
118000226,823,115,708
118000227,1011,293,718
118000228,178,155,23
118000229,442,28,414
118000230,59,422,-363
118000231,48,260,-212
118000232,538,1088,-550
118000233,606,902,-296
118000234,196,466,-270
118000236,323,568,-245
118000237,31,959,-928
118000238,97,414,-317
118000239,184,345,-161
118000240,711,79,632
118000241,115,261,-146
118000242,316,856,-540
118000243,151,258,-107
118000244,14,223,-209
118000246,0,9,-9
118000255,39,173,-134
118000256,79,236,-157
118000259,11,100,-89
118000260,72,128,-56
118000261,26,151,-125
118000263,61,217,-156
118000266,93,653,-560
118000267,0,91,-91
118000268,425,5,420
118000270,27,53,-26
118000271,104,313,-209
118000272,63,48,15
118000273,89,106,-17
118000274,98,405,-307
118000276,334,368,-34
118000295,1,80,-79
118000298,185,394,-209
118000299,30,157,-127
118000301,1,88,-87
118000302,63,79,-16
118000311,181,155,26
118000312,190,236,-46
118000313,57,236,-179
118000314,75,100,-25
118000315,50,98,-48
118000316,435,615,-180
118000325,30,141,-111
118000326,13,47,-34
118000331,16,76,-60
118000332,9,92,-83
118000333,21,85,-64
118000335,102,1,101
118000336,1,620,-619
118000407,53,79,-26
118000457,12,17,-5
118000465,4958,2895,2063
118000480,11,197,-186
118000489,12,161,-149
118000490,34,443,-409
118000492,68,163,-95
118000510,76,14,62
118000514,173,433,-260
118000515,617,453,164
118000517,428,208,220
118000524,831,193,638
118000525,863,961,-98
118000530,12,140,-128
118000531,109,339,-230
118000532,122,270,-148
118000533,366,146,220
118000534,421,421,0
118000535,147,107,40
118000536,1449,771,678
118000537,39,114,-75
118000538,17,155,-138
118000539,49,156,-107
118000540,366,457,-91
118000541,207,147,60
118000542,96,197,-101
118000543,322,261,61
118000546,32,43,-11
118000560,4274,914,3360
118000562,32,628,-596
118000563,1835,1554,281
118000576,114,239,-125
118000577,130,136,-6
118000578,100,106,-6
118000579,706,1121,-415
118000595,109,47,62
118000596,0,106,-106
118000597,67,125,-58
118000598,5,1,4
118000599,20,44,-24
118000600,2,58,-56
118000601,10,0,10
118000602,0,40,-40
118000603,0,20,-20
118900001,1711,1007,704
118900002,1350,756,594
118900003,143,36,107
118900004,31,93,-62
118900005,31,0,31
118900006,49,2,47
118900007,5,7,-2
118900008,1354,53,1301
118900009,22,23,-1
118900010,40,0,40
118900011,112,30,82
118900012,273,234,39
118900013,672,46,626
118900015,79,51,28
118900016,3,19,-16
118900017,194,239,-45
118900018,1514,27,1487
118900019,78,13,65
118900020,137,116,21
118900021,127,412,-285
118900022,102,114,-12
118900023,77,114,-37
118900024,55,332,-277
118900025,20,18,2
118900026,63,93,-30
118900027,450,263,187
118900028,66,220,-154
118900029,125,639,-514
118900030,135,58,77
118900031,83,151,-68
118900032,101,284,-183
118900033,339,850,-511
118900034,73,13,60
118900035,62,369,-307
118900036,659,866,-207
118900037,276,390,-114
118900038,209,399,-190
118900039,314,314,0
118900040,179,230,-51
118900041,219,220,-1
118900042,105,94,11
118900045,162,170,-8
118900046,675,149,526
118900047,804,201,603
118900048,151,202,-51
118900049,72,36,36
118900050,18,177,-159
118900051,48,49,-1
118900052,168,347,-179
118900053,34,83,-49
118900054,68,62,6
118900055,27,151,-124
118900056,10,209,-199
118900057,359,300,59
118900058,305,512,-207
118900059,18,91,-73
118900060,24,126,-102
118900062,131,271,-140
118900064,876,410,466
118900065,32,195,-163
118900066,54,146,-92
118900067,7340,2203,5137
118900068,3,200,-197
118900069,305,258,47
118900071,3,60,-57
118900072,369,502,-133
118900073,38,141,-103
118900074,79,202,-123
118900075,26,127,-101
118900076,283,81,202
118900077,199,227,-28
118900078,44,4,40
118900079,48,275,-227
118900080,14,97,-83
118900081,30,13,17
118900082,502,194,308
118900083,14,23,-9
118900084,10,36,-26
118900085,477,1039,-562
118900086,15,36,-21
118900087,24,130,-106
118900088,0,18,-18
118900089,29,14,15
118900090,320,632,-312
118900091,261,140,121
118900092,62,115,-53
118900093,126,12,114
118900096,45,14,31
118900097,170,1082,-912
118900099,81,423,-342
118900100,149,290,-141
118900101,41,728,-687
118900102,24,100,-76
118900103,47,69,-22
118900104,90,193,-103
118900105,190,131,59
118900107,153,88,65
118900108,51,147,-96
118900109,1361,165,1196
118900110,2271,555,1716
118900111,301,971,-670
118900112,33,167,-134
118900113,86,876,-790
118900114,10,156,-146
118900115,118,490,-372
118900116,85,169,-84
118900117,54,170,-116
118900118,175,539,-364
118900119,121,316,-195
118900120,66,329,-263
118900121,4,425,-421
118900122,11,555,-544
118900123,93,227,-134
118900124,66,242,-176
118900126,17,292,-275
118900129,169,165,4
118900130,23,130,-107
118900131,76,371,-295
118900132,501,226,275
118900133,23,62,-39
118900135,95,243,-148
118900136,213,1159,-946
118900137,4,34,-30
118900139,85,876,-791
118900140,396,1058,-662
118900141,66,513,-447
118900144,87,816,-729
118900145,32,280,-248
118900146,194,977,-783
118900147,143,74,69
118900148,48,99,-51
118900150,108,416,-308
118900152,545,1010,-465
118900157,106,173,-67
118900158,49,140,-91
118900159,2,344,-342
118900161,80,0,80
118900163,410,74,336
118900164,8,128,-120
118900165,43,397,-354
118900166,37,1,36
118900167,42,250,-208
118900168,5,56,-51
118900169,83,663,-580
118900170,73,150,-77
118900171,10,45,-35
118900174,26,88,-62
118900175,222,452,-230
118900176,125,253,-128
118900177,15,61,-46
118900178,28,115,-87
118900179,1,59,-58
118900181,34,81,-47
118900182,84,36,48
118900183,10,60,-50
118900184,162,51,111
118900185,74,116,-42
118900186,77,104,-27
118900187,153,371,-218
118900188,218,339,-121
118900189,26,562,-536
118900190,22,796,-774
118900191,77,75,2
118900192,62,50,12
118900193,212,15,197
118900195,473,1316,-843
118900196,29,188,-159
118900197,105,136,-31
118900198,8,66,-58
118900199,19,64,-45
118900200,6,5,1
118900201,9,11,-2
118900202,13,77,-64
118900203,4,73,-69
118900204,3,42,-39
118900205,2,22,-20
118900206,0,69,-69
119000001,946,1386,-440
119000002,2787,3839,-1052
119000003,1344,2039,-695
119000004,1864,1656,208
119000005,1715,1861,-146
119000006,1546,1608,-62
119000007,2496,3086,-590
119000008,1510,2610,-1100
119000009,3558,2720,838
119000010,8736,4179,4557
119000011,6882,2339,4543
119000012,6083,3692,2391
119000013,2273,1418,855
119000014,2615,4206,-1591
119000019,188,209,-21
119000020,1144,1369,-225
119000021,2688,2275,413
119000022,4631,1840,2791
119000023,261,226,35
119000024,2350,6470,-4120
119000025,14929,1471,13458
119000026,240,238,2
119000027,525,470,55
119000028,2406,1391,1015
119000029,102,244,-142
119000030,363,1067,-704
119000031,501,650,-149
119000032,2443,2697,-254
119000033,1959,1998,-39
119000034,991,1250,-259
119000035,35,448,-413
119000036,849,1373,-524
119000037,1023,3175,-2152
119000038,90,1686,-1596
119000039,147,339,-192
119000040,1043,436,607
119000041,919,1050,-131
119000048,3891,4771,-880
119000049,976,4509,-3533
119000050,1606,2598,-992
119000051,1757,1094,663
119000052,2244,3414,-1170
119000053,1681,1384,297
119000054,2777,4910,-2133
119000055,2520,4519,-1999
119000056,1631,2357,-726
119000057,1427,3344,-1917
119000058,1828,2768,-940
119000059,927,1901,-974
119000060,986,809,177
119000061,771,968,-197
119000062,894,1366,-472
119000063,256,238,18
119000064,1187,1687,-500
119000065,1856,3405,-1549
119000066,1268,972,296
119000067,1598,3360,-1762
119000068,913,1059,-146
119000069,1246,3247,-2001
119000070,1375,1266,109
119000071,483,1009,-526
119000072,7772,4422,3350
119000073,4744,5794,-1050
119000074,697,4596,-3899
119000075,857,2916,-2059
119000076,397,940,-543
119000077,622,558,64
119000078,282,302,-20
119000079,53,826,-773
119000080,147,256,-109
119000081,138,407,-269
119000082,428,310,118
119000083,300,362,-62
119000084,245,663,-418
119000085,632,375,257
119000086,249,412,-163
119000087,1962,1510,452
119000088,258,201,57
119000089,33,151,-118
119000090,135,193,-58
119000091,153,308,-155
119000092,693,252,441
119000093,4788,4230,558
119000094,2071,6818,-4747
119000095,1150,3512,-2362
119000097,2624,2011,613
119000098,670,1591,-921
119000099,2423,2400,23
119000100,2568,2376,192
119000101,2587,2916,-329
119000102,706,822,-116
119000103,1468,507,961
119000104,4190,1971,2219
119000105,713,1053,-340
119000106,192,2669,-2477
119000107,395,588,-193
119000108,231,1677,-1446
119000109,76,376,-300
119000110,370,435,-65
119000111,39,562,-523
119000112,153,115,38
119000113,2867,385,2482
119000114,684,631,53
119000115,219,219,0
119000116,74,113,-39
119000117,78,434,-356
119000118,2,2,0
119000123,4042,719,3323
119000124,419,279,140
119000125,1803,1532,271
119000126,161,1131,-970
119000127,239,1110,-871
119000128,40,9,31
119000131,593,1402,-809
119000132,0,5,-5
119000133,0,18,-18
119000134,2872,550,2322
119000135,76,269,-193
119000136,111,350,-239
119000137,128,874,-746
119000138,223,616,-393
119000139,180,428,-248
119000140,104,333,-229
119000284,1637,3304,-1667
119000285,2778,2566,212
119000286,8176,5925,2251
119000287,1311,2521,-1210
119000288,1737,2178,-441
119000289,2388,4706,-2318
119000290,155,577,-422
119000291,7,474,-467
119000293,45,145,-100
119000294,21,37,-16
119000295,2710,707,2003
119000296,147,95,52
119000302,4341,1522,2819
119000303,35,185,-150
119000314,1750,6482,-4732
119000315,2,987,-985
119000316,36,102,-66
119000317,20,555,-535
119900001,210,861,-651
119900002,55,353,-298
119900003,82,1611,-1529
119900004,367,483,-116
119900005,110,204,-94
119900006,194,430,-236
119900007,649,91,558
119900008,32,45,-13
119900009,418,786,-368
119900010,962,1368,-406
119900011,15,65,-50
119900012,10,45,-35
119900013,1634,815,819
119900014,429,308,121
119900015,59,32,27
119900016,29,131,-102
119900017,10,45,-35
119900018,1833,355,1478
119900019,27,1,26
119900020,68,180,-112
119900021,78,73,5
119900022,167,355,-188
119900023,1124,550,574
119900025,112,34,78
119900026,1207,100,1107
119900027,8,40,-32
119900028,161,78,83
119900029,5,2,3
119900030,466,513,-47
119900031,21,200,-179
119900033,2433,207,2226
119900034,166,212,-46
119900037,107,49,58
119900038,34,205,-171
119900039,21,6,15
119900040,90,11,79
119900041,64,98,-34
119900042,57,196,-139
119900043,40,237,-197
119900044,164,394,-230
119900046,57,130,-73
119900047,130,74,56
119900048,8,54,-46
119900049,37,7,30
119900050,84,66,18
119900051,473,11,462
119900052,19,104,-85
119900053,64,277,-213
119900054,45,6,39
119900055,700,362,338
119900057,99,115,-16
119900058,86,1,85
119900059,110,48,62
119900060,137,10,127
119900061,118,7,111
119900062,29,47,-18
119900063,13,60,-47
119900064,212,54,158
119900065,131,7,124
119900066,0,0,0
119900067,37,49,-12
119900068,176,4,172
119900069,31,14,17
119900070,566,33,533
119900071,389,22,367
119900072,175,769,-594
119900073,2031,495,1536
119900074,24,17,7
119900075,8100,2331,5769
119900076,251,741,-490
119900077,390,1966,-1576
119900078,235,1092,-857
119900079,94,390,-296
119900080,191,368,-177
119900081,14,38,-24
119900082,643,443,200
119900083,424,96,328
119900084,1080,173,907
119900085,172,95,77
119900086,63,747,-684
119900087,545,224,321
119900088,40,90,-50
119900089,15,969,-954
119900090,217,76,141
119900091,44,1730,-1686
119900092,23,785,-762
119900093,743,143,600
119900094,12,154,-142
119900095,197,99,98
119900096,47,137,-90
119900097,566,156,410
119900098,28,99,-71
119900099,25,383,-358
119900100,4014,2089,1925
119900101,265,973,-708
119900102,20,472,-452
119900103,42,794,-752
119900104,48,473,-425
119900105,674,1516,-842
119900106,11,322,-311
119900107,457,5069,-4612
119900108,2336,942,1394
119900109,14,373,-359
119900110,370,706,-336
119900111,68,521,-453
119900112,3814,603,3211
119900113,77,618,-541
119900114,143,2103,-1960
119900115,110,1937,-1827
119900116,188,329,-141
119900117,177,1438,-1261
119900118,41,1700,-1659
119900119,108,337,-229
119900120,762,1005,-243
119900121,165,1944,-1779
119900122,252,527,-275
119900123,175,318,-143
119900124,93,1379,-1286
119900125,54,544,-490
119900126,7081,324,6757
119900127,4172,1304,2868
119900128,219,908,-689
119900129,96,1272,-1176
119900130,60,375,-315
119900131,30,553,-523
119900132,3,604,-601
119900133,19,60,-41
119900134,3080,399,2681
119900135,2,753,-751
119900136,191,703,-512
119900138,504,823,-319
119900139,16,110,-94
119900140,2,216,-214
119900141,171,453,-282
119900142,6,26,-20
119900143,15,240,-225
119900144,2885,375,2510
119900145,85,337,-252
119900146,158,146,12
119900147,0,159,-159
119900148,98,37,61
119900149,2336,2196,140
119900150,161,274,-113
119900151,1993,922,1071
119900152,51,718,-667
119900153,98,62,36
119900154,19,432,-413
119900155,32,39,-7
119900156,15,3,12
119900157,45,394,-349
119900158,93,60,33
119900159,7,2661,-2654
119900160,21,405,-384
119900161,144,419,-275
119900162,773,889,-116
119900163,145,110,35
119900164,0,3,-3
119900165,78,442,-364
119900166,61,18,43
119900167,100,198,-98
119900168,447,526,-79
119900169,188,323,-135
119900170,177,177,0
119900171,547,627,-80
119900172,133,21,112
119900173,6,821,-815
119900174,12,399,-387
119900175,687,763,-76
119900177,19,354,-335
119900178,10,379,-369
119900179,69,258,-189
119900180,644,650,-6
119900181,36,59,-23
119900182,4,977,-973
119900183,107,1150,-1043
119900184,5036,905,4131
119900185,17,100,-83
119900186,61,410,-349
119900187,11,919,-908
119900188,40,384,-344
119900189,456,267,189
119900190,50,161,-111
119900191,263,87,176
119900192,35,293,-258
119900193,192,275,-83
119900194,15,53,-38
119900195,18,327,-309
119900196,2936,681,2255
119900197,151,139,12
119900198,54,627,-573
119900199,153,20,133
119900200,427,651,-224
119900201,692,311,381
119900202,155,99,56
119900203,144,335,-191
119900204,134,453,-319
119900205,306,970,-664
119900206,68,143,-75
119900208,150,119,31
119900209,309,823,-514
119900210,21,58,-37
119900211,76,20,56
119900212,64,265,-201
119900213,14,81,-67
119900214,27,129,-102
119900215,47,161,-114
119900216,5,169,-164
119900217,5,95,-90
119900218,15,96,-81
119900219,10,191,-181
119900220,3,210,-207
119900221,20,670,-650
119900222,6,476,-470
119900223,15,196,-181
119900224,30,51,-21
119900225,1907,63,1844
119900226,1359,1437,-78
119900227,1982,584,1398
119900228,39,370,-331
119900229,335,642,-307
119900230,1749,849,900
119900231,115,276,-161
119900232,180,52,128
119900233,26,4,22
119900234,7,53,-46
119900235,6,21,-15
119900236,20,313,-293
119900237,44,835,-791
119900238,0,125,-125
119900240,43,191,-148
119900241,189,339,-150
119900242,2115,1615,500
119900244,888,1352,-464
119900245,86,156,-70
119900246,293,349,-56
119900247,70,46,24
119900248,36,83,-47
119900249,125,72,53
119900253,5779,435,5344
119900254,61,236,-175
119900255,39,606,-567
119900256,222,1955,-1733
119900257,14,2,12
119900258,76,119,-43
119900259,7,299,-292
119900260,56,21,35
119900261,162,273,-111
119900262,1,434,-433
119900263,986,468,518
119900264,45,408,-363
119900265,198,391,-193
119900266,141,437,-296
119900267,122,501,-379
119900268,100,359,-259
119900269,338,1871,-1533
119900271,13,136,-123
119900272,125,60,65
119900275,42,1,41
119900276,47,0,47
119900277,39,32,7
119900278,307,42,265
119900279,165,253,-88
119900280,1205,329,876
119900281,0,94,-94
119900282,26,44,-18
119900283,5,580,-575
119900284,63,218,-155
119900285,26,57,-31
119900286,5,12,-7
119900288,3,35,-32
119900289,0,54,-54
119900290,3,50,-47
119900291,30,80,-50
119900292,23,9,14
119900293,11,56,-45
119900294,17,117,-100
119900295,4,42,-38
119900296,17,269,-252
119900297,0,32,-32
119900298,4,8,-4
119900299,17,347,-330
119900300,114,260,-146
119900301,188,93,95
119900302,70,88,-18
119900303,171,270,-99
119900304,70,26,44
119900305,30,141,-111
119900306,24,1,23
119900307,52,217,-165
119900308,4,34,-30
119900309,21,56,-35
119900310,240,472,-232
119900311,33,220,-187
119900312,45,120,-75
119900313,198,541,-343
119900314,101,359,-258
119900315,572,4193,-3621
119900318,10,19,-9
119900319,19,488,-469
119900320,132,1021,-889
119900321,47,3,44
120000001,10562,10548,14
120000002,2343,3724,-1381
120000003,4483,2247,2236
120000004,3013,2981,32
120000005,5801,2671,3130
120000006,1218,1451,-233
120000007,3931,2653,1278
120000008,1077,1566,-489
120000009,6358,1205,5153
120000010,1547,4089,-2542
120000011,1259,2771,-1512
120000012,1715,4145,-2430
120000013,2442,3644,-1202
120000014,588,2008,-1420
120000015,2799,1862,937
120000016,3295,2638,657
120000017,1946,2123,-177
120000018,6481,8960,-2479
120000019,814,1202,-388
120000020,3648,2860,788
120000021,1990,2049,-59
120000022,3126,3690,-564
120000023,928,1885,-957
120000024,1479,2508,-1029
120000025,1872,2603,-731
120000026,811,2169,-1358
120000027,1346,1881,-535
120000028,650,444,206
120000029,3028,596,2432
120000030,119,678,-559
120000031,1893,6068,-4175
120000032,13005,4025,8980
120000033,3247,2369,878
120000034,1338,2963,-1625
120000035,1671,3113,-1442
120000036,2468,4779,-2311
120000037,670,1119,-449
120000038,13865,4177,9688
120000039,283,1177,-894
120000040,52,207,-155
120000041,533,2467,-1934
120000042,1686,6345,-4659
120000043,5162,4218,944
120000044,3244,1500,1744
120000045,3382,1209,2173
120000046,1870,2183,-313
120000047,3024,3650,-626
120000048,11770,4091,7679
120000049,4024,3548,476
120000050,3744,5704,-1960
120000051,4661,5706,-1045
120000052,19931,3458,16473
120000053,842,5862,-5020
120000054,1588,9153,-7565
120000055,1385,6655,-5270
120000056,3341,7510,-4169
120000057,1616,1180,436
120000058,426,278,148
120000059,148,1191,-1043
120000061,78,863,-785
120000062,218,353,-135
120000063,2260,4551,-2291
120000064,224,2389,-2165
120000065,555,2810,-2255
120000066,98,762,-664
120000067,31,863,-832
120000068,155,1658,-1503
120000069,526,2265,-1739
120000070,26,1408,-1382
120000071,134,214,-80
120000072,312,635,-323
120000073,317,106,211
120000074,35,75,-40
120000075,312,238,74
120000076,896,424,472
120000077,1036,518,518
120000078,3152,796,2356
120000079,98,102,-4
120000080,42,128,-86
120000081,104,109,-5
120000082,85,116,-31
120000083,37,177,-140
120000084,530,770,-240
120000085,288,485,-197
120000086,309,958,-649
120000087,125,1733,-1608
120000088,593,2007,-1414
120000089,996,716,280
120000090,469,618,-149
120000091,543,1201,-658
120000092,942,753,189
120000093,272,649,-377
120000094,145,572,-427
120000095,818,922,-104
120000096,185,1725,-1540
120000098,787,1481,-694
120000099,237,948,-711
120000100,587,1244,-657
120000101,359,673,-314
120000102,370,631,-261
120000103,939,561,378
120000104,1368,329,1039
120000105,1958,387,1571
120000106,1447,449,998
120000107,2063,483,1580
120000108,633,122,511
120000109,662,66,596
120000110,110,1370,-1260
120000111,167,2023,-1856
120000112,862,6090,-5228
120000113,717,4412,-3695
120000114,788,4314,-3526
120000115,408,3594,-3186
120000116,754,2891,-2137
120000117,1818,2398,-580
120000118,29,33,-4
120000119,41,60,-19
120000120,61,64,-3
120000121,28,70,-42
120000122,312,354,-42
120000123,8712,4225,4487
120000124,303,636,-333
120000125,253,804,-551
120000126,200,819,-619
120000127,2987,850,2137
120000128,6141,2177,3964
120000129,297,403,-106
120000130,688,864,-176
120000131,185,510,-325
120000134,418,2002,-1584
120000135,187,389,-202
120000137,80,3171,-3091
120000138,321,617,-296
120000139,132,1540,-1408
120000140,338,886,-548
120000141,189,791,-602
120000142,259,837,-578
120000143,2,193,-191
120000144,41,2,39
120000145,143,4,139
120000146,3241,1160,2081
120000149,452,1172,-720
120000150,6813,9146,-2333
120000151,330,663,-333
120000152,315,379,-64
120000153,234,1041,-807
120000154,391,429,-38
120000155,73,244,-171
120000156,2047,566,1481
120000157,913,939,-26
120000158,699,1285,-586
120000159,1912,2733,-821
120000160,2351,1403,948
120000161,1078,3403,-2325
120000162,67,264,-197
120000163,356,2255,-1899
120000164,290,722,-432
120000165,195,1489,-1294
120000166,713,1030,-317
120000167,19,48,-29
120000168,16,133,-117
120000169,145,403,-258
120000170,158,237,-79
120000171,34,45,-11
120000172,20,23,-3
120000173,3400,182,3218
120000174,564,6,558
120000175,832,13,819
120000176,461,44,417
120000177,1800,478,1322
120000178,98,2,96
120000179,461,41,420
120000180,610,126,484
120000181,113,116,-3
120000182,74,87,-13
120000183,6,138,-132
120000184,137,1235,-1098
120000186,68,105,-37
120000187,74,56,18
120000188,286,47,239
120000190,1435,8,1427
120000191,2288,23,2265
120000192,2802,9,2793
120000193,977,10,967
120000195,94,5,89
120000196,284,45,239
120000197,101,172,-71
120000198,133,304,-171
120000199,55,3,52
120000200,50,2,48
120000201,11,28,-17
120000202,2,106,-104
120000203,20,516,-496
120000207,1,169,-168
120000208,13,528,-515
120000209,1,119,-118
120000210,234,170,64
120000211,62,1,61
120000212,65,0,65
120000213,60,630,-570
120000214,3,767,-764
120000215,4,275,-271
120000216,49,4,45
120000217,1327,2291,-964
120000218,300,1943,-1643
120000219,15,1250,-1235
120000220,13,4406,-4393
120000225,809,2,807
120000226,209,3,206
120000227,695,30,665
120000228,10025,2298,7727
120000230,159,23,136
120000231,781,3655,-2874
120000233,140,22,118
120000235,133,1104,-971
120000236,614,0,614
120000237,7,3603,-3596
120000238,0,134,-134
120000241,1270,3658,-2388
120000412,2577,26,2551
120000413,97,608,-511
120000414,64,2,62
120000415,1,321,-320
120000416,26,2,24
120000417,1,183,-182
120000418,82,23,59
120000419,18,842,-824
120000420,35,37,-2
120000421,20287,7539,12748
120000422,343,493,-150
120000423,7,49,-42
120000424,35,216,-181
120000436,121,361,-240
120000437,154,229,-75
120000438,7005,609,6396
120000439,171,319,-148
120000443,157,0,157
120000444,752,902,-150
120000445,1638,1354,284
120000446,1301,404,897
120000447,189,6,183
120000449,61,18,43
120000450,11,651,-640
120000451,164,379,-215
120000452,61,3,58
120000453,1,517,-516
120000454,61,30,31
120000455,54,111,-57
120000456,4064,3137,927
120000457,2783,1242,1541
120000458,571,1110,-539
120000459,75,177,-102
120000665,1154,158,996
120000668,112,287,-175
120000669,86,607,-521
120000670,218,393,-175
120000671,678,316,362
120000672,106,631,-525
120900001,50,35,15
120900002,528,308,220
120900003,205,33,172
120900004,11,51,-40
120900005,10,1753,-1743
120900006,184,268,-84
120900007,87,244,-157
120900008,186,1767,-1581
120900009,141,34,107
120900010,312,64,248
120900011,441,127,314
120900012,1458,917,541
120900013,256,48,208
120900014,6,1152,-1146
120900015,255,124,131
120900016,419,69,350
120900017,4299,138,4161
120900018,71,632,-561
120900019,408,125,283
120900020,972,820,152
120900021,381,80,301
120900022,26,576,-550
120900023,116,37,79
120900024,1850,547,1303
120900025,2378,1039,1339
120900026,64,289,-225
120900027,591,134,457
120900028,227,60,167
120900029,113,209,-96
120900030,773,613,160
120900031,127,60,67
120900032,473,229,244
120900033,653,33,620
120900034,41,1860,-1819
120900035,43,363,-320
120900037,107,5,102
120900038,52,127,-75
120900039,65,34,31
120900040,156,1,155
120900041,187,46,141
120900042,169,103,66
120900043,47,16,31
120900044,9,676,-667
120900045,146,255,-109
120900046,240,0,240
120900047,67,56,11
120900048,52,18,34
120900049,206,1,205
120900050,5507,1392,4115
120900051,171,135,36
120900052,279,5,274
120900053,117,80,37
120900054,1624,1174,450
120900055,172,0,172
120900056,234,4,230
120900057,81,23,58
120900058,269,0,269
120900059,49,4,45
120900060,31,38,-7
120900061,275,517,-242
120900062,96,0,96
120900063,226,1,225
120900064,213,0,213
120900065,185,10,175
120900066,153,409,-256
120900067,189,32,157
120900068,102,0,102
120900069,94,91,3
120900071,13,0,13
120900072,346,6,340
120900073,211,378,-167
120900074,486,11,475
120900076,141,1,140
120900077,5629,349,5280
120900078,391,1190,-799
120900079,304,108,196
120900080,329,3740,-3411
120900081,313,1847,-1534
120900082,839,348,491
120900083,132,95,37
120900084,178,246,-68
120900085,162,111,51
120900086,193,241,-48
120900087,302,115,187
120900088,183,235,-52
120900089,6799,1631,5168
120900090,100,271,-171
120900091,373,284,89
120900092,1273,1070,203
120900093,5450,438,5012
120900094,644,364,280
120900095,283,50,233
120900096,34,195,-161
120900097,811,1577,-766
120900098,338,245,93
120900099,32,123,-91
120900100,59,564,-505
120900101,665,506,159
120900102,23,142,-119
120900103,29,175,-146
120900104,19,68,-49
120900105,40,1190,-1150
120900106,1603,927,676
120900107,488,245,243
120900108,4,1362,-1358
120900109,43,1176,-1133
120900110,9,814,-805
120900111,163,578,-415
120900112,4,1952,-1948
120900113,25,1401,-1376
120900114,33,255,-222
120900115,127,160,-33
120900116,133,1119,-986
120900117,3,853,-850
120900118,5,1530,-1525
120900119,4035,4244,-209
120900120,80,1072,-992
120900121,142,690,-548
120900122,245,1128,-883
120900123,5,812,-807
120900124,3,1159,-1156
120900125,6,1649,-1643
120900126,1780,1172,608
120900127,17,824,-807
120900128,1134,1317,-183
120900129,49,600,-551
120900130,1,468,-467
120900131,23,147,-124
120900132,383,685,-302
120900133,227,1736,-1509
120900134,505,721,-216
120900135,13,1046,-1033
120900136,25,50,-25
120900137,129,185,-56
120900138,17,347,-330
120900139,9,1246,-1237
120900140,2,69,-67
120900141,82,125,-43
120900142,32,1286,-1254
120900143,3,1556,-1553
120900144,3,381,-378
120900145,57,1431,-1374
120900146,3,1806,-1803
120900147,2,595,-593
120900148,82,168,-86
120900149,0,654,-654
120900150,27,968,-941
120900151,4,1188,-1184
120900152,0,67,-67
120900153,18,107,-89
120900154,1,585,-584
120900155,120,1829,-1709
120900156,29,659,-630
120900157,9,311,-302
120900158,40,804,-764
120900159,21,391,-370
120900160,43,574,-531
120900161,9,1015,-1006
120900162,17,1086,-1069
120900163,10,135,-125
120900164,1,1,0
120900165,0,4,-4
120900166,60,198,-138
120900167,400,119,281
120900169,34,801,-767
120900170,3358,1655,1703
120900171,1762,491,1271
120900172,1635,173,1462
120900173,0,106,-106
120900174,5,174,-169
120900175,335,333,2
120900176,1,272,-271
120900177,1,466,-465
120900178,0,296,-296
120900179,1072,652,420
120900180,139,101,38
120900181,77,96,-19
120900182,8,495,-487
120900183,358,143,215
120900184,156,147,9
120900185,15,531,-516
120900186,3,816,-813
120900187,286,794,-508
120900188,107,23,84
120900189,221,431,-210
120900190,24,23,1
120900191,0,33,-33
120900192,18423,3172,15251
120900194,32,83,-51
120900195,153,435,-282
120900196,413,63,350
120900197,386,94,292
120900198,262,989,-727
120900199,241,1993,-1752
120900200,222,162,60
120900201,887,244,643
120900202,2,343,-341
120900203,18,69,-51
120900204,297,631,-334
120900205,81,142,-61
120900206,18,15,3
121000001,1196,1398,-202
121000002,2623,1451,1172
121000003,5496,2612,2884
121000004,2875,3985,-1110
121000005,2574,2970,-396
121000006,3611,1341,2270
121000007,3676,3320,356
121000008,6196,2918,3278
121000009,8583,6006,2577
121000010,10891,4979,5912
121000011,14227,13213,1014
121000012,18940,9868,9072
121000013,5786,7876,-2090
121000014,7531,7159,372
121000015,5227,6225,-998
121000016,5055,4080,975
121000017,1719,3868,-2149
121000018,2249,1915,334
121000019,24724,8996,15728
121000020,16415,8801,7614
121000021,2878,3566,-688
121000022,1357,1621,-264
121000023,4845,3704,1141
121000024,2930,3099,-169
121000025,621,1021,-400
121000026,235,111,124
121000027,1567,968,599
121000028,784,449,335
121000029,770,781,-11
121000030,108,109,-1
121000031,565,748,-183
121000032,197,75,122
121000034,284,164,120
121000035,121,93,28
121000036,1160,909,251
121000037,631,601,30
121000038,614,489,125
121000039,434,313,121
121000041,343,521,-178
121000042,216,343,-127
121000043,936,654,282
121000044,1827,724,1103
121000045,412,422,-10
121000046,461,954,-493
121000047,22,84,-62
121000049,1841,681,1160
121000050,285,1139,-854
121000051,606,374,232
121000052,301,622,-321
121000053,361,73,288
121000054,48,186,-138
121000055,1746,1141,605
121000056,958,1090,-132
121000057,129,329,-200
121000058,463,119,344
121000059,1971,969,1002
121000060,376,632,-256
121000061,111,163,-52
121000062,119,229,-110
121000063,622,423,199
121000064,352,362,-10
121000065,390,320,70
121000066,357,332,25
121000067,1109,372,737
121000068,687,284,403
121000069,569,286,283
121000070,2055,1390,665
121000071,1072,902,170
121000072,1290,773,517
121000073,891,813,78
121000074,113,122,-9
121000075,38,38,0
121000076,1269,297,972
121000077,104,71,33
121000078,122,133,-11
121000080,3286,722,2564
121000081,2850,2273,577
121000082,142,211,-69
121000083,268,135,133
121000084,141,82,59
121000085,311,621,-310
121000086,194,1010,-816
121000087,45,260,-215
121000088,449,934,-485
121000089,697,312,385
121000090,463,369,94
121000091,2287,816,1471
121000092,163,150,13
121000093,145,328,-183
121000094,601,629,-28
121000095,288,519,-231
121000096,2460,3193,-733
121000097,1686,2148,-462
121000098,274,1762,-1488
121000099,245,1082,-837
121000100,439,686,-247
121000101,233,360,-127
121000102,116,518,-402
121000103,126,448,-322
121000104,131,231,-100
121000105,242,342,-100
121000106,166,550,-384
121000107,2441,4515,-2074
121000109,1653,1276,377
121000110,348,560,-212
121000114,2999,2879,120
121000115,844,807,37
121000116,467,1009,-542
121000117,1271,310,961
121000118,1180,342,838
121000119,219,267,-48
121000120,161,584,-423
121000121,463,1088,-625
121000123,1399,727,672
121000126,86,289,-203
121000127,187,91,96
121000128,446,601,-155
121000129,479,568,-89
121000130,409,1456,-1047
121000131,2153,1236,917
121000132,1634,1293,341
121000135,542,539,3
121000136,1364,415,949
121000137,531,175,356
121000138,919,754,165
121000139,675,169,506
121000141,173,137,36
121000142,947,542,405
121000143,226,29,197
121000144,1608,944,664
121000145,433,1452,-1019
121000146,1160,865,295
121000147,506,478,28
121000148,791,1238,-447
121000149,1740,1151,589
121000152,381,643,-262
121000153,1719,680,1039
121000154,720,624,96
121000155,1243,1169,74
121000156,348,1151,-803
121000157,1728,2436,-708
121000158,335,642,-307
121000159,167,628,-461
121000160,235,927,-692
121000161,66,390,-324
121000162,52,333,-281
121000165,2392,1748,644
121000166,27,403,-376
121000168,225,336,-111
121000169,41,208,-167
121000170,214,101,113
121000171,33,213,-180
121000172,438,394,44
121000173,1295,799,496
121000174,160,456,-296
121000175,636,600,36
121000176,301,289,12
121000177,568,474,94
121000178,103,80,23
121000179,117,76,41
121000181,363,428,-65
121000182,66,134,-68
121000183,57,101,-44
121000184,62,73,-11
121000185,12,131,-119
121000186,80,238,-158
121000187,153,324,-171
121000188,67,375,-308
121000192,457,381,76
121000193,613,461,152
121000194,2912,2292,620
121000195,338,1059,-721
121000196,545,203,342
121000197,341,1133,-792
121000198,258,53,205
121000199,89,639,-550
121000200,225,66,159
121000201,6,264,-258
121000202,174,4,170
121000203,715,3185,-2470
121000204,1854,674,1180
121000205,122,325,-203
121000206,108,28,80
121000207,999,594,405
121000208,9,565,-556
121000209,149,585,-436
121000210,198,698,-500
121000211,200,142,58
121000212,268,1048,-780
121000213,11654,2921,8733
121000214,889,1661,-772
121000215,1408,906,502
121000216,391,394,-3
121000217,4971,2306,2665
121000218,534,1893,-1359
121000219,1305,367,938
121000220,383,95,288
121000221,196,221,-25
121000222,3347,2769,578
121000223,937,376,561
121000224,387,124,263
121000225,1612,1016,596
121000226,3525,594,2931
121000227,2,237,-235
121000228,16,1083,-1067
121000229,90,592,-502
121000230,79,2260,-2181
121000231,583,40,543
121000232,425,210,215
121000233,456,397,59
121000234,9,51,-42
121000235,39,34,5
121000236,4,51,-47
121000237,60,14,46
121000238,1,88,-87
121000239,36,12,24
121000240,11,260,-249
121000241,96,22,74
121000242,39,139,-100
121000243,470,57,413
121000244,2,83,-81
121000245,17,13,4
121000246,1,77,-76
121000247,16,11,5
121000248,391,518,-127
121000249,97,271,-174
121000250,268,72,196
121000251,8,726,-718
121000252,45,40,5
121000253,111,658,-547
121000254,236,249,-13
121000255,116,200,-84
121000256,236,205,31
121000257,47,78,-31
121000258,62,77,-15
121000259,25,48,-23
121000260,43,116,-73
121000261,24,61,-37
121000262,1234,852,382
121000263,361,523,-162
121000271,234,2013,-1779
121000273,103,7,96
121000274,5,46,-41
121000275,2,20,-18
121000276,0,16,-16
121000278,14,84,-70
121000279,44,9,35
121000280,52,66,-14
121000289,317,29,288
121000290,1475,659,816
121000294,76,219,-143
121000297,1151,836,315
121000299,47,279,-232
121000300,676,701,-25
121000302,100,748,-648
121000303,386,395,-9
121000304,413,79,334
121000305,93,54,39
121000306,92,162,-70
121000308,196,484,-288
121000309,487,801,-314
121000310,120,552,-432
121000311,69,965,-896
121000312,276,229,47
121000313,679,669,10
121000314,110,70,40
121000315,28,123,-95
121000530,826,1985,-1159
121000531,828,1720,-892
121000532,6116,4696,1420
121000533,2282,2447,-165
121000918,22,318,-296
121000919,20,55,-35
121000938,243,144,99
121000939,312,84,228
121000956,542,1929,-1387
121000957,1,4,-3
121000958,156,50,106
121000959,396,1273,-877
121000960,1441,2996,-1555
121000961,121,60,61
121000962,310,822,-512
121000973,3,550,-547
121000976,16,194,-178
121000979,262,97,165
121000981,248,94,154
121000982,137,264,-127
121000983,357,502,-145
121000984,21,38,-17
121000985,323,1025,-702
121000986,112,492,-380
121000987,237,2287,-2050
121000988,428,108,320
121001302,389,118,271
121001308,9,7,2
121001309,160,168,-8
121001313,110,521,-411
121001314,3660,5135,-1475
121001315,3926,1518,2408
121900001,47,185,-138
121900002,32,16,16
121900003,346,12,334
121900004,100,457,-357
121900005,15,31,-16
121900006,90,17,73
121900007,2548,2274,274
121900008,1036,103,933
121900009,588,20,568
121900010,194,3,191
121900011,277,445,-168
121900012,5,0,5
121900013,1146,43,1103
121900014,1139,389,750
121900015,158,197,-39
121900016,3,23,-20
121900017,364,647,-283
121900018,265,6,259
121900019,188,243,-55
121900020,17,3,14
121900021,539,11,528
121900022,97,185,-88
121900023,128,524,-396
121900024,425,49,376
121900025,443,358,85
121900026,352,33,319
121900027,253,206,47
121900028,219,10,209
121900029,272,227,45
121900030,560,469,91
121900031,1321,4492,-3171
121900032,82,107,-25
121900033,128,133,-5
121900034,286,54,232
121900035,2735,1651,1084
121900036,81,519,-438
121900037,142,564,-422
121900038,15,193,-178
121900039,385,27,358
121900040,22,96,-74
121900041,61,164,-103
121900042,259,125,134
121900043,1,1,0
121900044,314,63,251
121900045,294,361,-67
121900046,236,195,41
121900047,145,44,101
121900048,38,202,-164
121900050,13,32,-19
121900051,92,140,-48
121900052,79,49,30
121900053,183,245,-62
121900054,462,879,-417
121900055,2,19,-17
121900058,124,321,-197
121900059,255,94,161
121900060,129,346,-217
121900061,141,152,-11
121900062,89,73,16
121900063,669,328,341
121900064,131,817,-686
121900066,28,35,-7
121900067,9,42,-33
121900069,201,119,82
121900070,119,123,-4
121900071,116,259,-143
121900072,12,209,-197
121900073,193,179,14
121900074,828,481,347
121900075,638,335,303
121900076,304,588,-284
121900077,5,119,-114
121900078,37,60,-23
121900079,0,0,0
121900080,669,565,104
121900082,35,111,-76
121900083,224,248,-24
121900084,2,247,-245
121900085,0,35,-35
121900086,8,65,-57
121900087,220,101,119
121900088,3089,2611,478
121900089,77,473,-396
121900090,15,150,-135
121900091,26,163,-137
121900092,64,141,-77
121900093,22,71,-49
121900094,5,10,-5
121900095,106,87,19
121900096,1667,572,1095
121900097,241,143,98
121900098,2,5,-3
121900099,153,83,70
121900100,194,184,10
121900101,66,103,-37
121900102,13,100,-87
121900103,470,205,265
121900104,1173,296,877
121900105,103,91,12
121900106,9,4,5
121900107,27,41,-14
121900108,0,19,-19
121900109,342,101,241
121900110,197,1647,-1450
121900111,908,107,801
121900112,78,88,-10
121900113,40,215,-175
121900114,25,46,-21
121900115,111,362,-251
121900117,253,12,241
121900118,2566,433,2133
121900119,65,110,-45
121900120,18,1342,-1324
121900121,459,60,399
121900122,11,38,-27
121900123,180,492,-312
121900124,141,252,-111
121900125,801,1040,-239
121900127,11,97,-86
121900128,52,195,-143
121900129,1144,149,995
121900130,90,205,-115
121900131,232,108,124
121900132,47,196,-149
121900133,84,372,-288
121900134,14,102,-88
121900135,2699,304,2395
121900136,170,483,-313
121900137,32,332,-300
121900138,64,342,-278
121900139,293,427,-134
121900140,33,173,-140
121900141,16,13,3
121900142,35,145,-110
121900143,3,125,-122
121900144,227,351,-124
121900145,182,207,-25
121900146,645,869,-224
121900147,43,210,-167
121900148,121,287,-166
121900149,367,780,-413
121900150,69,143,-74
121900151,53,235,-182
121900152,87,143,-56
121900153,79,543,-464
121900154,15,145,-130
121900155,3,105,-102
121900156,96,99,-3
121900157,1,425,-424
121900158,53,95,-42
121900159,3,220,-217
121900160,15,202,-187
121900161,432,329,103
121900162,105,105,0
121900163,77,916,-839
121900164,364,211,153
121900165,142,235,-93
121900166,105,188,-83
121900167,104,83,21
121900168,175,147,28
121900169,3,349,-346
121900170,12,192,-180
121900171,466,698,-232
121900172,291,344,-53
121900173,1003,157,846
121900174,16,43,-27
121900175,153,190,-37
121900176,486,1928,-1442
121900177,135,67,68
121900178,7,0,7
121900179,167,143,24
121900180,6750,2662,4088
121900182,558,320,238
121900183,376,494,-118
121900184,50,587,-537
121900185,165,140,25
121900186,10,400,-390
121900187,13,95,-82
121900188,576,336,240
121900189,51,96,-45
121900190,157,568,-411
121900191,65,170,-105
121900192,444,530,-86
121900193,7,38,-31
121900194,1,144,-143
121900195,84,86,-2
121900196,732,828,-96
121900197,395,2567,-2172
121900198,1013,1051,-38
121900199,3,36,-33
121900200,66,213,-147
121900201,1276,526,750
121900202,148,357,-209
121900203,306,889,-583
121900204,1357,893,464
121900205,49,275,-226
121900206,4,19,-15
121900207,195,32,163
121900208,182,298,-116
121900209,41,35,6
121900210,945,1210,-265
121900211,1,132,-131
121900212,113,142,-29
121900213,64,97,-33
121900214,7,497,-490
121900215,28,63,-35
121900216,26,70,-44
121900217,183,75,108
121900218,263,499,-236
121900219,233,63,170
121900220,172,15,157
121900221,247,658,-411
121900222,136,185,-49
121900223,135,90,45
121900224,57,60,-3
121900225,123,43,80
121900226,291,669,-378
121900227,101,330,-229
121900228,162,305,-143
121900229,173,220,-47
121900230,149,93,56
121900231,423,375,48
121900232,284,347,-63
121900233,265,318,-53
121900234,189,460,-271
121900235,281,313,-32
121900236,266,110,156
121900237,216,231,-15
121900238,108,180,-72
121900239,72,41,31
121900240,138,155,-17
121900241,27,95,-68
121900242,6,1,5
121900243,0,1,-1
121900244,6,1,5
121900245,159,176,-17
121900246,1489,509,980
121900247,233,282,-49
121900248,1530,803,727
121900250,314,307,7
121900251,337,35,302
121900252,661,144,517
121900253,105,774,-669
121900254,474,279,195
121900255,167,104,63
121900258,2856,1697,1159
121900259,340,529,-189
121900260,70,254,-184
121900261,91,412,-321
121900262,330,698,-368
121900263,94,341,-247
121900264,2719,1312,1407
121900265,153,364,-211
121900266,154,200,-46
121900267,37,33,4
121900269,122,372,-250
121900270,12,203,-191
121900271,39,220,-181
121900273,496,1305,-809
121900274,132,229,-97
121900276,713,125,588
121900277,259,1772,-1513
121900278,123,958,-835
121900279,155,250,-95
121900280,196,395,-199
121900281,433,80,353
121900284,43,7,36
121900286,95,183,-88
121900287,18,10,8
121900290,208,271,-63
121900291,456,622,-166
121900292,145,91,54
121900293,960,3544,-2584
121900294,276,3,273
121900295,45,273,-228
121900296,52,42,10
121900298,418,408,10
121900299,0,0,0
121900300,1,1,0
121900301,22,0,22
121900302,0,45,-45
121900303,271,472,-201
121900304,2,7,-5
121900305,0,1,-1
121900306,44,0,44
121900307,18,22,-4
121900308,6,409,-403
121900309,7,368,-361
121900310,13,598,-585
121900311,191,16,175
121900312,92,4,88
121900313,145,25,120
121900314,6,85,-79
121900315,4,0,4
121900316,0,10,-10
121900317,3,2,1
121900318,0,12,-12
121900319,13,18,-5
121900320,79,86,-7
121900321,4,0,4
121900322,0,25,-25
121900323,15,9,6
121900324,1,50,-49
121900325,4,2,2
121900326,1,24,-23
121900327,1,50,-49
121900328,0,15,-15
121900329,1,166,-165
121900330,15,35,-20
121900331,512,72,440
121900332,39,19,20
122000001,2397,3310,-913
122000002,5465,1683,3782
122000003,2448,1509,939
122000004,3591,1223,2368
122000005,3483,1000,2483
122000006,2523,569,1954
122000007,1519,1320,199
122000008,7103,4694,2409
122000009,535,264,271
122000010,2189,2241,-52
122000011,3574,1174,2400
122000012,1320,1078,242
122000013,2184,1308,876
122000014,1663,2335,-672
122000015,1482,878,604
122000016,484,870,-386
122000017,1137,1068,69
122000018,1447,1168,279
122000019,843,1697,-854
122000020,207,174,33
122000021,573,487,86
122000022,1424,1591,-167
122000023,429,2893,-2464
122000024,974,932,42
122000025,1869,1103,766
122000026,2070,709,1361
122000027,669,4612,-3943
122000028,749,399,350
122000029,406,274,132
122000030,417,102,315
122000031,159,273,-114
122000032,1783,3405,-1622
122000033,933,817,116
122000034,571,584,-13
122000035,352,781,-429
122000036,500,636,-136
122000037,378,295,83
122000038,283,445,-162
122000039,620,434,186
122000040,403,313,90
122000041,407,498,-91
122000042,287,382,-95
122000043,136,103,33
122000044,125,141,-16
122000045,1350,601,749
122000046,700,1145,-445
122000047,252,188,64
122000048,3096,4442,-1346
122000049,6067,2482,3585
122000050,2147,575,1572
122000051,444,646,-202
122000052,547,272,275
122000053,125,476,-351
122000054,2319,1885,434
122000055,2231,2412,-181
122000056,8248,3176,5072
122000057,5381,2658,2723
122000058,4512,1036,3476
122000059,3939,1322,2617
122000060,1046,433,613
122000061,605,242,363
122000062,1310,379,931
122000063,1413,419,994
122000064,3540,3047,493
122000065,5247,2876,2371
122000066,1107,1039,68
122000067,1681,1386,295
122000068,1066,1391,-325
122000069,527,756,-229
122000070,540,3469,-2929
122000071,963,1973,-1010
122000072,386,275,111
122000073,473,411,62
122000074,1904,1315,589
122000075,462,1390,-928
122000076,1508,978,530
122000077,1438,542,896
122000078,3187,1593,1594
122000079,1856,682,1174
122000080,1041,298,743
122000081,157,303,-146
122000082,1169,641,528
122000083,1432,4430,-2998
122000084,930,755,175
122000085,224,2101,-1877
122000086,2258,4189,-1931
122000087,464,120,344
122000088,307,299,8
122000089,6971,3116,3855
122000090,257,398,-141
122000091,323,66,257
122000092,209,20,189
122000093,1832,997,835
122000094,8816,1569,7247
122000095,4271,2092,2179
122000096,4137,1548,2589
122000098,4656,1407,3249
122000099,3386,720,2666
122000100,1466,709,757
122000101,222,1022,-800
122000102,1872,1270,602
122000103,1517,1606,-89
122000104,293,231,62
122000105,220,292,-72
122000106,549,538,11
122000107,881,573,308
122000108,429,794,-365
122000109,289,329,-40
122000110,343,523,-180
122000111,2691,1132,1559
122000112,589,1168,-579
122000113,505,657,-152
122000114,4613,1731,2882
122000115,1616,1866,-250
122000116,466,584,-118
122000117,907,307,600
122000118,348,532,-184
122000119,3779,1520,2259
122000120,2948,2705,243
122000121,3287,2555,732
122000122,767,1225,-458
122000123,2064,1337,727
122000124,1189,391,798
122000125,420,674,-254
122000126,714,697,17
122000127,1483,830,653
122000128,553,883,-330
122000129,312,572,-260
122000130,2615,563,2052
122000131,1459,673,786
122000132,818,394,424
122000133,1077,2335,-1258
122000134,387,432,-45
122000135,578,936,-358
122000136,370,249,121
122000137,856,670,186
122000139,1675,2918,-1243
122000140,1285,534,751
122000141,6120,1026,5094
122000142,456,683,-227
122000143,438,263,175
122000144,1881,919,962
122000145,2198,703,1495
122000146,805,990,-185
122000147,1154,343,811
122000148,3676,1366,2310
122000149,2560,1185,1375
122000150,1220,891,329
122000151,283,289,-6
122000152,550,268,282
122000153,450,262,188
122000154,294,160,134
122000155,1385,1958,-573
122000156,2274,1880,394
122000157,2474,1270,1204
122000158,413,539,-126
122000159,1214,1547,-333
122000160,5123,1058,4065
122000161,1168,577,591
122000162,2496,1388,1108
122000163,383,67,316
122000164,40,60,-20
122000165,754,684,70
122000166,1037,1111,-74
122000167,210,284,-74
122000168,190,534,-344
122000169,529,175,354
122000170,259,346,-87
122000171,45,76,-31
122000172,1605,1600,5
122000173,1691,2507,-816
122000174,2203,901,1302
122000175,1333,262,1071
122000176,337,610,-273
122000177,1808,1272,536
122000178,3749,2672,1077
122000179,2342,2690,-348
122000180,2136,1017,1119
122000181,1981,3103,-1122
122000182,2707,1299,1408
122000183,2060,914,1146
122000184,3306,1873,1433
122000185,1458,1068,390
122000186,756,893,-137
122000187,2017,1110,907
122000188,420,226,194
122000189,280,389,-109
122000190,981,870,111
122000191,1249,614,635
122000192,887,344,543
122000193,413,719,-306
122000194,617,172,445
122000195,199,495,-296
122000196,917,630,287
122000197,493,810,-317
122000198,589,1125,-536
122000199,492,340,152
122000200,1661,633,1028
122000201,1321,1450,-129
122000202,1268,1172,96
122000203,2598,1619,979
122000204,1348,2069,-721
122000205,1659,1175,484
122000206,2052,922,1130
122000207,1198,1373,-175
122000208,2194,1580,614
122000209,3006,376,2630
122000210,1654,2245,-591
122000211,1340,1367,-27
122000212,697,468,229
122000213,961,1154,-193
122000214,1752,1560,192
122000215,2181,1324,857
122000217,2201,1584,617
122000218,676,47,629
122000219,1617,1114,503
122000220,311,837,-526
122000221,168,491,-323
122000222,603,70,533
122000223,1022,474,548
122000225,704,307,397
122000226,1390,2000,-610
122000227,476,2077,-1601
122000228,302,475,-173
122000229,18,452,-434
122000230,57,885,-828
122000231,195,910,-715
122000232,647,502,145
122000233,1,91,-90
122000234,102,212,-110
122000235,377,262,115
122000236,463,270,193
122000237,131,82,49
122000238,105,171,-66
122000239,424,94,330
122000240,845,386,459
122000241,92,201,-109
122000242,382,80,302
122000243,24,37,-13
122000244,4,301,-297
122000245,5,61,-56
122000246,4,41,-37
122000247,459,360,99
122000248,1052,2093,-1041
122000249,307,587,-280
122000250,1313,561,752
122000251,274,348,-74
122000252,603,134,469
122000253,37,327,-290
122000254,155,85,70
122000255,618,2183,-1565
122000256,401,1761,-1360
122000257,150,417,-267
122000258,155,289,-134
122000259,6,870,-864
122000260,9,162,-153
122000261,6,205,-199
122000262,0,50,-50
122000263,76,119,-43
122000264,666,434,232
122000265,2006,756,1250
122000266,5027,562,4465
122000267,75,111,-36
122000268,134,490,-356
122000269,810,339,471
122000270,974,135,839
122000271,245,1477,-1232
122000272,351,1443,-1092
122000273,286,625,-339
122000274,87,221,-134
122000275,36,195,-159
122000276,490,766,-276
122000277,602,1371,-769
122000278,531,1182,-651
122000279,198,581,-383
122000280,710,979,-269
122000281,529,826,-297
122000282,116,138,-22
122000283,423,72,351
122000284,117,90,27
122000285,474,119,355
122000286,151,178,-27
122000287,911,1480,-569
122000288,300,253,47
122000291,862,465,397
122000293,436,317,119
122000294,104,181,-77
122000295,1232,119,1113
122000296,52,553,-501
122000297,4064,2142,1922
122000299,347,517,-170
122000300,473,591,-118
122000301,17605,2766,14839
122000302,846,809,37
122000303,5296,1482,3814
122000304,77,193,-116
122000305,763,345,418
122000306,20,1070,-1050
122000307,103,93,10
122000309,57,49,8
122000310,54,16,38
122000311,142,71,71
122000312,132,32,100
122000313,57,43,14
122000314,72,213,-141
122000315,157,17,140
122000316,442,212,230
122000317,721,215,506
122000318,253,496,-243
122000319,261,651,-390
122000320,289,3273,-2984
122000321,92,406,-314
122000322,3169,2757,412
122000323,1655,1644,11
122000324,1691,1311,380
122000325,939,998,-59
122000326,20,181,-161
122000327,237,464,-227
122000328,1256,950,306
122000330,2358,688,1670
122000332,153,365,-212
122000333,1,201,-200
122000337,770,2456,-1686
122000338,475,632,-157
122000340,497,304,193
122000342,2206,1237,969
122000343,298,361,-63
122000344,39,27,12
122000345,17,66,-49
122000346,210,76,134
122000348,522,969,-447
122000349,158,427,-269
122000351,35,274,-239
122000352,250,80,170
122000353,61,131,-70
122000355,118,183,-65
122000356,1870,847,1023
122000357,33,18,15
122000358,0,97,-97
122000359,0,44,-44
122000360,0,57,-57
122000362,6,145,-139
122000364,100,568,-468
122000365,2,19,-17
122000366,8,14,-6
122000368,488,1019,-531
122000370,18,108,-90
122000371,9,0,9
122000372,3,1,2
122000381,67,365,-298
122000382,50,274,-224
122000384,4931,2307,2624
122000385,10,1,9
122000386,613,925,-312
122000387,517,589,-72
122000388,1644,391,1253
122000389,202,941,-739
122000390,419,260,159
122000391,374,122,252
122000392,184,311,-127
122000393,5,242,-237
122000394,315,333,-18
122000395,93,209,-116
122000396,230,170,60
122000397,33,88,-55
122000398,47,79,-32
122000399,79,122,-43
122000400,135,240,-105
122000401,114,131,-17
122000402,218,133,85
122000403,392,1450,-1058
122000404,122,447,-325
122000408,635,1089,-454
122000503,9,98,-89
122000524,238,145,93
122000544,69,2146,-2077
122000616,799,1,798
122000640,27,251,-224
122000641,36,553,-517
122000642,859,1523,-664
122000643,14,93,-79
122000644,197,27,170
122000645,94,343,-249
122000651,2211,685,1526
122000664,123,47,76
122000665,991,648,343
122000666,591,1093,-502
122000673,14,466,-452
122000674,102,59,43
122000675,1193,1333,-140
122000686,167,1588,-1421
122000687,509,421,88
122000688,105,949,-844
122000689,384,841,-457
122000690,631,923,-292
122000691,297,3477,-3180
122000692,912,464,448
122000693,377,2292,-1915
122000695,228,689,-461
122000696,147,527,-380
122000698,157,1366,-1209
122000699,182,155,27
122000701,855,393,462
122000702,508,2711,-2203
122000703,115,42,73
122000717,317,91,226
122000718,429,394,35
122000719,47,65,-18
122000720,117,384,-267
122900001,23,5,18
122900002,1258,2214,-956
122900003,301,39,262
122900004,736,30,706
122900005,32,54,-22
122900006,973,293,680
122900007,170,38,132
122900008,911,94,817
122900009,988,354,634
122900010,194,211,-17
122900012,250,428,-178
122900014,121,313,-192
122900015,2891,532,2359
122900016,68,452,-384
122900017,450,1007,-557
122900018,261,21,240
122900019,9,156,-147
122900020,492,536,-44
122900021,50,894,-844
122900022,431,1071,-640
122900023,227,372,-145
122900024,111,83,28
122900025,11,169,-158
122900026,176,313,-137
122900027,67,770,-703
122900028,219,711,-492
122900029,5957,2282,3675
122900030,1345,473,872
122900031,112,161,-49
122900032,135,216,-81
122900033,102,204,-102
122900034,4660,4897,-237
122900035,21,19,2
122900036,18,199,-181
122900037,331,142,189
122900038,158,2095,-1937
122900039,90,399,-309
122900040,282,499,-217
122900041,181,266,-85
122900042,129,315,-186
122900043,380,235,145
122900044,73,371,-298
122900045,27,92,-65
122900046,136,112,24
122900047,283,143,140
122900048,42,209,-167
122900049,1786,169,1617
122900051,142,120,22
122900052,25,130,-105
122900053,16,19,-3
122900055,258,125,133
122900057,254,28,226
122900061,351,159,192
122900062,358,481,-123
122900063,102,494,-392
122900064,1185,785,400
122900065,345,139,206
122900066,406,247,159
122900067,1727,965,762
122900068,175,413,-238
122900069,164,1681,-1517
122900070,281,43,238
122900071,91,555,-464
122900072,14,834,-820
122900073,27,352,-325
122900074,228,914,-686
122900075,3,66,-63
122900076,9,275,-266
122900077,1,281,-280
122900078,42,209,-167
122900080,83,22,61
122900081,213,199,14
122900082,619,238,381
122900083,146,79,67
122900084,7,295,-288
122900086,4,60,-56
122900087,123,677,-554
122900088,61,82,-21
122900089,31,198,-167
122900090,13,915,-902
122900091,94,0,94
122900092,0,280,-280
122900093,0,530,-530
122900094,4,328,-324
122900095,83,9,74
122900096,142,349,-207
122900097,21,13,8
122900098,89,155,-66
122900099,10,7,3
122900100,726,272,454
122900101,564,218,346
123000001,2425,366,2059
123000002,7066,2646,4420
123000003,3937,2542,1395
123000004,3325,5546,-2221
123000005,2557,2294,263
123000006,2909,3677,-768
123000007,2295,1863,432
123000008,2313,3439,-1126
123000009,4607,2882,1725
123000010,3911,4904,-993
123000011,3294,793,2501
123000012,1049,2941,-1892
123000013,3371,847,2524
123000014,1378,4818,-3440
123000015,5114,666,4448
123000016,7865,3424,4441
123000017,3838,1229,2609
123000018,53,84,-31
123000019,106,561,-455
123000020,106,152,-46
123000021,43,179,-136
123000022,455,1264,-809
123000023,1391,1200,191
123000024,929,510,419
123000025,27,122,-95
123000026,2,93,-91
123000027,320,570,-250
123000028,1411,280,1131
123000029,1261,599,662
123000030,171,1030,-859
123000031,123,549,-426
123000032,183,451,-268
123000033,120,73,47
123000034,776,640,136
123000035,268,332,-64
123000036,285,708,-423
123000037,245,587,-342
123000038,103,221,-118
123000039,605,863,-258
123000040,1165,537,628
123000041,1194,559,635
123000042,1056,489,567
123000043,4882,4725,157
123000044,8549,2343,6206
123000045,13237,2145,11092
123000046,953,876,77
123000047,2612,1267,1345
123000048,88,373,-285
123000049,10256,5062,5194
123000050,803,1186,-383
123000051,83,102,-19
123000052,558,2743,-2185
123000053,2328,3390,-1062
123000054,1050,1296,-246
123000055,931,1359,-428
123000056,984,1872,-888
123000057,24276,6061,18215
123000058,736,631,105
123000059,461,540,-79
123000060,680,365,315
123000061,161,912,-751
123000063,805,799,6
123000064,802,250,552
123000065,9135,3843,5292
123000066,1212,980,232
123000067,464,693,-229
123000068,3411,3895,-484
123000069,11262,4725,6537
123000070,241,1252,-1011
123000071,678,1476,-798
123000072,865,2096,-1231
123000073,768,943,-175
123000074,720,2612,-1892
123000075,266,839,-573
123000076,518,1339,-821
123000077,2047,4921,-2874
123000078,1164,1921,-757
123000079,1019,2352,-1333
123000080,2386,3764,-1378
123000081,185,1064,-879
123000082,451,1657,-1206
123000083,790,147,643
123000084,357,732,-375
123000085,78,162,-84
123000086,221,554,-333
123000087,132,699,-567
123000088,785,1652,-867
123000089,334,1664,-1330
123000090,1146,1555,-409
123000091,1765,1626,139
123000092,850,1164,-314
123000094,380,290,90
123000095,254,685,-431
123000096,309,583,-274
123000097,375,1133,-758
123000098,398,561,-163
123000099,435,667,-232
123000100,472,599,-127
123000101,788,395,393
123000102,497,547,-50
123000104,397,298,99
123000105,569,541,28
123000106,496,384,112
123000107,527,540,-13
123000108,873,1747,-874
123000111,450,270,180
123000112,624,689,-65
123000113,453,2374,-1921
123000114,498,377,121
123000115,174,258,-84
123000116,20,137,-117
123000117,1382,2837,-1455
123000118,408,1135,-727
123000119,220,1335,-1115
123000120,422,1234,-812
123000121,388,792,-404
123000122,437,251,186
123000123,383,678,-295
123000124,600,612,-12
123000125,1109,715,394
123000126,1770,2280,-510
123000127,1283,986,297
123000128,238,482,-244
123000129,390,263,127
123000130,409,88,321
123000131,670,499,171
123000132,314,698,-384
123000133,356,496,-140
123000134,593,163,430
123000135,1345,1427,-82
123000136,212,1870,-1658
123000137,123,579,-456
123000138,73,589,-516
123000139,339,97,242
123000140,140,999,-859
123000141,817,74,743
123000142,999,1150,-151
123000143,1273,2857,-1584
123000144,16,9,7
123000145,172,325,-153
123000146,51,120,-69
123000147,61,176,-115
123000149,310,280,30
123000150,194,228,-34
123000151,304,428,-124
123000152,32,416,-384
123000153,86,407,-321
123000154,1745,1248,497
123000155,2635,902,1733
123000156,27,94,-67
123000157,585,823,-238
123000158,741,574,167
123000159,3497,2016,1481
123000160,646,472,174
123000161,1251,859,392
123000162,379,1301,-922
123000163,256,73,183
123000164,940,302,638
123000165,308,2432,-2124
123000166,17,177,-160
123000167,93,344,-251
123000168,217,487,-270
123000169,468,121,347
123000170,35,762,-727
123000171,246,138,108
123000172,187,852,-665
123000173,491,180,311
123000174,749,230,519
123000175,1242,1699,-457
123000176,790,157,633
123000177,442,1381,-939
123000178,548,143,405
123000179,29,974,-945
123000180,1109,238,871
123000181,335,1925,-1590
123000182,105,860,-755
123000183,148,270,-122
123000184,71,947,-876
123000185,414,373,41
123000186,4,842,-838
123000187,436,4,432
123000188,152,0,152
123000189,159,224,-65
123000190,44,97,-53
123000192,21,442,-421
123000193,51,729,-678
123000194,482,304,178
123000195,234,16,218
123000196,237,9,228
123000197,61,101,-40
123000198,10,221,-211
123000199,5,551,-546
123000200,325,8,317
123000201,677,17,660
123000202,18,1598,-1580
123000203,622,49,573
123000204,74,1415,-1341
123000205,476,2520,-2044
123000206,1412,186,1226
123000207,61,1122,-1061
123000208,231,90,141
123000209,1330,315,1015
123000210,411,1928,-1517
123000211,632,3828,-3196
123000212,1744,424,1320
123000213,360,72,288
123000215,136,100,36
123000216,229,378,-149
123000217,213,36,177
123000218,181,494,-313
123000219,1400,46,1354
123000220,511,93,418
123000221,109,205,-96
123000222,401,946,-545
123000223,137,829,-692
123000224,318,731,-413
123000225,325,113,212
123000226,111,560,-449
123000227,57,461,-404
123000228,193,74,119
123000229,1285,2356,-1071
123000232,141,769,-628
123000233,439,190,249
123000234,100,883,-783
123000235,412,452,-40
123000236,193,1110,-917
123000237,180,60,120
123000238,77,964,-887
123000239,454,2744,-2290
123000240,86,337,-251
123000241,1108,154,954
123000242,125,232,-107
123000243,503,1298,-795
123000244,727,590,137
123000245,93,170,-77
123000249,372,695,-323
123000252,590,182,408
123000253,587,419,168
123000254,575,1373,-798
123000255,828,765,63
123000256,26,296,-270
123000257,4543,3156,1387
123000258,977,1481,-504
123000259,177,527,-350
123000260,336,917,-581
123000261,121,417,-296
123000262,121,329,-208
123000263,333,135,198
123000264,186,53,133
123000265,68,246,-178
123000266,517,941,-424
123000267,276,331,-55
123000268,43,61,-18
123000269,16,51,-35
123000270,30,45,-15
123000271,70,89,-19
123000272,776,217,559
123000273,175,491,-316
123000274,1085,476,609
123000275,260,1279,-1019
123000278,4048,2643,1405
123000279,60,121,-61
123000280,234,399,-165
123000281,204,136,68
123000282,72,267,-195
123000283,97,51,46
123000284,30,165,-135
123000286,334,231,103
123000287,586,291,295
123000288,826,539,287
123000289,457,712,-255
123000291,468,1025,-557
123000294,154,245,-91
123000295,753,1165,-412
123000296,255,426,-171
123000297,51,160,-109
123000298,64,99,-35
123000299,13,95,-82
123000300,570,739,-169
123000301,95,166,-71
123000302,104,295,-191
123000303,71,136,-65
123000305,1214,925,289
123000306,51,395,-344
123000309,46,64,-18
123000310,51,42,9
123000311,0,173,-173
123000312,589,1341,-752
123000313,178,211,-33
123000315,118,578,-460
123000316,1613,38,1575
123000317,172,64,108
123000318,31,298,-267
123000329,5,11,-6
123000337,183,253,-70
123000338,669,63,606
123000339,104,368,-264
123000340,104,506,-402
123000342,2,12,-10
123000343,51,1,50
123000344,1494,620,874
123000345,333,768,-435
123000346,122,73,49
123000352,2864,847,2017
123000353,13,124,-111
123000354,137,6,131
123000355,0,530,-530
123000356,170,3,167
123000357,0,366,-366
123000359,5,374,-369
123000360,182,21,161
123000361,695,326,369
123000362,251,204,47
123000363,74,321,-247
123000364,496,259,237
123000365,23,319,-296
123000366,337,1592,-1255
123000367,209,1258,-1049
123000370,37,480,-443
123000371,143,14,129
123000372,200,12,188
123000373,8,578,-570
123000374,3,303,-300
123000375,221,40,181
123000376,527,519,8
123000377,304,23,281
123000378,15,728,-713
123000379,4,277,-273
123000380,59,251,-192
123000381,152,34,118
123000382,1545,87,1458
123000383,314,852,-538
123000384,457,108,349
123000385,478,883,-405
123000436,50,945,-895
123000507,79,338,-259
123000508,72,365,-293
123000517,302,28,274
123000518,42,350,-308
123000519,117,101,16
123000520,55,277,-222
123000521,306,107,199
123000522,145,902,-757
123000541,5,2,3
123000542,0,28,-28
123000565,302,13,289
123000566,76,1095,-1019
123000567,147,287,-140
123000573,45,1345,-1300
123000574,416,103,313
123000575,1087,1837,-750
123000576,749,2612,-1863
123000577,114,631,-517
123000578,785,86,699
123000579,7522,3032,4490
123000580,94,34,60
123000582,288,35,253
123000583,16,776,-760
123000584,103,200,-97
123000585,0,207,-207
123000586,73,30,43
123000596,76,177,-101
123000597,41,90,-49
123000602,16,4,12
123000603,295,725,-430
123000604,274,1651,-1377
123000605,601,109,492
123000606,1,181,-180
123000609,20,300,-280
123000610,108,110,-2
123000613,24,181,-157
123000614,185,71,114
123000615,37,215,-178
123000616,279,72,207
123000617,53,742,-689
123000618,66,1028,-962
123000619,578,33,545
123000620,17,810,-793
123000622,312,21,291
123000624,74,55,19
123000630,419,361,58
123000631,192,2420,-2228
123000632,1124,1565,-441
123000633,1,187,-186
123000634,78,47,31
123000635,243,91,152
123000636,22,639,-617
123000637,81,139,-58
123000638,244,82,162
123000639,1256,2151,-895
123000640,46,946,-900
123900001,1454,29,1425
123900002,15,1058,-1043
123900003,480,861,-381
123900005,155,114,41
123900006,145,29,116
124000001,1598,138,1460
124000002,125,2420,-2295
124000003,415,163,252
124000004,56,936,-880
124000005,640,253,387
124000006,292,1954,-1662
124000007,689,141,548
124000008,10,608,-598
124000009,211,377,-166
124000010,112,617,-505
124000011,875,468,407
124000012,410,1125,-715
124000017,50,87,-37
124000018,89,87,2
124000019,49,134,-85
124000020,72,224,-152
124000021,112,58,54
124000022,85,298,-213
124000023,1009,1145,-136
124000024,998,716,282
124000025,863,1067,-204
124000026,1244,977,267
124000027,5740,3490,2250
124000028,3717,3943,-226
124000030,4144,1323,2821
124000031,712,1172,-460
124000032,6846,1482,5364
124000033,121,237,-116
124000034,2548,722,1826
124000035,15,61,-46
124000036,38,185,-147
124000037,223,436,-213
124000038,71,32,39
124000039,1483,276,1207
124000040,812,668,144
124000041,234,53,181
124000042,82,443,-361
124000043,57,63,-6
124000044,28,336,-308
124000045,386,677,-291
124000046,226,906,-680
124000047,888,1076,-188
124000048,654,2586,-1932
124000049,942,582,360
124000050,505,3194,-2689
124000051,397,515,-118
124000052,478,1838,-1360
124000053,384,930,-546
124000054,809,879,-70
124000055,1093,1322,-229
124000056,4937,1739,3198
124000057,569,477,92
124000058,333,1831,-1498
124000059,374,580,-206
124000060,1022,1027,-5
124000061,1440,2613,-1173
124000062,6589,1842,4747
124000063,1405,1604,-199
124000064,3049,2143,906
124000065,15,224,-209
124000066,159,58,101
124000067,74,421,-347
124000068,4,13,-9
124000069,82,24,58
124000070,31,169,-138
124000071,49,130,-81
124000072,157,695,-538
124000073,609,104,505
124000074,248,1095,-847
124000075,156,30,126
124000076,1,352,-351
124000077,1880,603,1277
124000078,2700,496,2204
124000079,650,1024,-374
124000080,167,139,28
124000081,170,754,-584
124000082,6,92,-86
124000083,23,194,-171
124000084,16,97,-81
124000085,87,40,47
124000086,48,108,-60
124000087,83,44,39
124000088,235,540,-305
124000089,574,782,-208
124000090,59,436,-377
124000091,249,82,167
124000092,43,679,-636
124000093,93,93,0
124000094,219,386,-167
124000095,63,79,-16
124000096,71,323,-252
124000097,32,80,-48
124000098,28,103,-75
124000099,32,92,-60
124000100,26,129,-103
124000101,25,68,-43
124000102,98,103,-5
124000103,49,61,-12
124000104,46,80,-34
124000105,29,46,-17
124000106,88,117,-29
124000107,12,106,-94
124000108,64,45,19
124000109,65,56,9
124000110,154,135,19
124000111,122,125,-3
124000112,454,894,-440
124000113,57,58,-1
124000114,188,721,-533
124000115,287,875,-588
124000116,86,60,26
124000117,61,92,-31
124000118,22,41,-19
124000119,774,850,-76
124000120,497,540,-43
124000121,1585,462,1123
124000122,648,1141,-493
124000123,884,353,531
124000124,488,949,-461
124000125,311,347,-36
124000126,298,548,-250
124000127,615,358,257
124000128,527,942,-415
124000129,1716,1284,432
124000130,856,630,226
124000131,764,433,331
124000132,778,859,-81
124000133,595,765,-170
124000134,655,707,-52
124000135,1714,1562,152
124000136,1107,1186,-79
124000137,1304,724,580
124000138,1551,1274,277
124000139,354,18,336
124000140,40,459,-419
124000141,75,6,69
124000142,21,159,-138
124000143,20,9,11
124000144,4,73,-69
124000145,70,18,52
124000146,23,154,-131
124000148,9,52,-43
124000149,691,374,317
124000150,503,639,-136
124000151,337,121,216
124000152,575,1178,-603
124000153,519,351,168
124000154,375,856,-481
124000155,801,372,429
124000156,1254,885,369
124000169,197,360,-163
124000170,800,449,351
124000171,190,273,-83
124000172,369,786,-417
124000173,238,333,-95
124000174,189,1093,-904
124000175,17,213,-196
124000176,15,14,1
124000177,11,61,-50
124000178,14,49,-35
124000190,78,18,60
124000191,107,24,83
124000192,2759,391,2368
124000193,680,1520,-840
124000194,328,556,-228
124000195,216,462,-246
124000196,888,1438,-550
124000197,59,52,7
124000198,11,13,-2
124000201,349,1427,-1078
124000202,477,198,279
124000203,140,1312,-1172
124000204,398,655,-257
124000205,39,1006,-967
124000206,244,494,-250
124000207,0,70,-70
124000209,270,1009,-739
124000210,151,266,-115
124000211,204,0,204
124000212,2,936,-934
124000213,174,561,-387
124000214,130,1078,-948
124000215,98,9,89
124000216,1,704,-703
124000329,95,3063,-2968
124000338,68,1651,-1583
124000339,330,109,221
124000341,471,80,391
124000344,14,3,11
124000357,660,1716,-1056
124000358,702,968,-266
124000359,990,488,502
124000360,429,354,75
124000361,1115,643,472
124000362,2043,2554,-511
124000363,287,675,-388
124000364,669,1568,-899
124000365,652,1513,-861
124000366,2352,1048,1304
124000367,85,731,-646
124000368,252,158,94
124000369,99,76,23
124000370,61,755,-694
124000402,15,10,5
124000403,50,12,38
124000404,3,124,-121
124000405,1047,753,294
124000406,1010,869,141
124000407,2,26,-24
124000411,4,491,-487
124000412,161,15,146
124000413,271,48,223
124000414,35,127,-92
124000415,39,187,-148
124000416,90,460,-370
124000417,80,79,1
124000418,72,92,-20
124000419,52,215,-163
124000420,22,42,-20
124000421,30,349,-319
124000422,18,16,2
124000423,136,58,78
124000424,0,116,-116
124000425,14,10,4
124000426,1,59,-58
124000427,12,8,4
124000428,22,55,-33
124000429,20,64,-44
124000430,470,1072,-602
124000431,252,1245,-993
124000432,157,1010,-853
124000439,1,14,-13
124000442,10,292,-282
124000443,0,9,-9
124000445,70,122,-52
124000446,1505,45,1460
124900001,246,229,17
124900002,100,674,-574
124900003,442,456,-14
124900004,261,302,-41
124900005,304,308,-4
124900006,471,317,154
124900008,1046,355,691
124900009,209,293,-84
124900010,95,56,39
124900011,377,167,210
124900012,517,113,404
124900013,235,122,113
124900014,105,114,-9
124900015,122,245,-123
124900016,44,83,-39
124900017,1152,468,684
124900018,11,7,4
124900019,290,24,266
124900020,62,87,-25
124900021,204,45,159
124900022,14,8,6
124900024,182,6,176
124900026,111,7,104
124900027,39,197,-158
124900028,859,216,643
124900029,9,273,-264
124900030,6,312,-306
124900031,56,706,-650
124900032,225,155,70
124900033,63,532,-469
124900034,3,105,-102
124900035,122,649,-527
124900036,2,32,-30
124900037,163,435,-272
124900038,302,375,-73
124900039,0,17,-17
124900040,33,100,-67
124900041,160,1250,-1090
124900042,38,8,30
124900043,309,1277,-968
124900044,63,3,60
124900045,760,793,-33
124900046,3417,303,3114
124900047,129,291,-162
124900048,116,209,-93
124900050,116,363,-247
124900052,151,800,-649
124900053,53,381,-328
124900054,3565,375,3190
124900055,0,139,-139
124900057,4,129,-125
124900060,83,288,-205
124900061,14,6,8
124900062,60,32,28
124900066,0,20,-20
124900067,6,210,-204
124900068,347,502,-155
124900069,152,122,30
124900070,49,27,22
124900072,60,26,34
124900074,201,464,-263
124900075,84,189,-105
124900076,16,427,-411
124900077,31,115,-84
124900078,35,9,26
124900079,1029,62,967
124900080,184,879,-695
124900081,411,208,203
124900082,329,950,-621
124900083,117,522,-405
124900084,2711,78,2633
124900085,1089,237,852
124900086,69,667,-598
124900087,456,55,401
124900088,548,97,451
124900089,1802,26,1776
124900090,200,231,-31
124900091,291,793,-502
124900092,189,602,-413
124900093,145,234,-89
124900094,260,308,-48
124900095,111,481,-370
124900096,591,242,349
124900097,202,68,134
124900098,161,597,-436
124900099,1384,499,885
124900100,298,25,273
124900101,14,405,-391
124900102,105,14,91
124900103,88,326,-238
124900104,35,250,-215
124900105,44,205,-161
124900106,384,28,356
124900107,35,9,26
124900108,141,28,113
124900109,26,77,-51
124900110,219,413,-194
124900111,1,57,-56
124900112,71,1551,-1480
129000186,148,35,113
204000001,15,2,13
204000002,3,3,0
204000003,22,2,20
204000004,1,0,1
204000005,342,347,-5
204000006,884,1131,-247
204000008,880,439,441
204000011,6,50,-44
204000012,38,93,-55
204000013,1,21,-20
204000019,455,505,-50
204000020,358,809,-451
204000021,1845,771,1074
204000022,451,464,-13
204000023,505,1009,-504
204000031,45,16,29
204000032,373,29,344
204000034,23,453,-430
204000035,3,6,-3
204000036,7,27,-20
204000037,0,13,-13
204000038,1,15,-14
204000039,2,60,-58
204000040,6,51,-45
204000041,6,71,-65
204000042,39,16,23
204000043,24,4,20
204000044,22,12,10
204000045,42,3,39
204000046,32,4,28
204000057,3,47,-44
204000062,0,20,-20
204000068,11,167,-156
204000069,13,136,-123
204000070,19,54,-35
204000080,5,35,-30
204000085,1490,2285,-795
204000086,2440,1955,485
204000087,33,11,22
204000088,6,111,-105
204000090,12,448,-436
204000093,196,34,162
204000096,501,637,-136
204000097,288,12,276
204000099,930,980,-50
204000100,823,1012,-189
204000105,2089,2040,49
204000110,489,1182,-693
204000111,282,733,-451
204000112,521,1057,-536
204000113,301,1006,-705
204000114,541,497,44
204000115,287,378,-91
204000116,453,628,-175
204000119,1538,1571,-33
204000132,296,145,151
204000133,333,202,131
204000134,118,92,26
204000135,169,53,116
204000136,178,168,10
204000138,185,149,36
204000140,97,77,20
204000141,59,55,4
204000144,1,43,-42
204000145,536,44,492
204000146,40,589,-549
204000147,19,145,-126
204000148,191,16,175
204000154,5,0,5
204000155,3,24,-21
204000177,69,35,34
204000179,24,4,20
204000180,0,21,-21
204000222,5,17,-12
204000235,6,11,-5
204000236,89,350,-261
204000238,22,32,-10
204000240,292,93,199
204000308,210,20,190
204000317,12,57,-45
204000322,2,62,-60
204000323,35,12,23
204000328,243,64,179
204000329,52,140,-88
204000330,105,37,68
204000331,15,176,-161
204010341,7,259,-252
205000001,974,1361,-387
205000013,4,96,-92
205000014,15,127,-112
205000015,29,250,-221
205000016,20,236,-216
205000017,28,99,-71
205000022,209,546,-337
205000025,1318,947,371
205000029,158,3,155
205000045,100,172,-72
205000047,29,481,-452
205000048,179,949,-770
205000049,133,710,-577
205000050,834,255,579
205000059,1,229,-228
205000060,0,77,-77
205000061,4,55,-51
205000062,2,29,-27
205000063,1,90,-89
205000064,10,117,-107
205000065,54,753,-699
205000066,73,775,-702
205000067,30,1015,-985
205000069,112,10,102
205000082,130,218,-88
205000110,32,182,-150
205000111,220,226,-6
205000112,76,165,-89
205000113,246,262,-16
205000121,216,51,165
205000123,70,249,-179
205000126,291,116,175
205000127,617,177,440
205000128,460,65,395
205000129,405,105,300
205000130,290,36,254
205000131,510,5,505
205000132,401,6,395
205000133,262,3,259
205000134,142,0,142
205000137,135,132,3
205000138,272,304,-32
205000139,12,105,-93
205000144,46,69,-23
205000145,311,122,189
205000151,118,30,88
205000152,110,34,76
205000153,141,36,105
205000154,90,51,39
205000155,99,14,85
205000207,10,183,-173
205000233,13,3,10
205000234,0,1,-1
205000243,1,1,0
205000244,0,2,-2
205000245,10,357,-347
205000249,0,44,-44
205000250,3,1,2
205000251,45,367,-322
205000264,2,86,-84
206000027,3,2,1
206000028,4,1,3
206000043,10,199,-189
206000053,4,23,-19
206000054,4,52,-48
206000055,0,35,-35
206000075,5,6,-1
206000076,20,7,13
206000077,9,8,1
206000078,7,4,3
206000079,9,3,6
206000082,474,17,457
206000100,107,873,-766
206000103,6,13,-7
206000104,11,29,-18
206000105,1,28,-27
206000106,3,42,-39
206000108,515,29,486
206000125,34,0,34
206000157,63,934,-871
206000170,2,397,-395
206000171,2,366,-364
206000172,15,1756,-1741
206000173,2,560,-558
206000174,5,225,-220
206000175,6,295,-289
206000176,18,565,-547
206000177,6,418,-412
206000178,3,331,-328
206000179,10,194,-184
206000180,30,331,-301
206000181,12,515,-503
206000182,21,524,-503
206000183,28,1484,-1456
206000184,5,757,-752
206000185,12,591,-579
206000186,104,2611,-2507
206000223,5,518,-513
206000226,16,7,9
206000227,22,0,22
206000237,24,705,-681
206000238,26,976,-950
206000239,751,3382,-2631
206000240,0,54,-54
206000241,0,159,-159
206000242,4,895,-891
206000243,10,643,-633
206000244,71,1646,-1575
206000245,276,34,242
206000246,36,9,27
206000247,60,6,54
206000248,165,15,150
206000252,92,20,72
206000258,9,51,-42
206000315,35,10,25
206000317,268,86,182
206000318,122,30,92
206000319,471,46,425
206000320,88,31,57
206000321,31,4,27
206000322,165,4,161
206000323,79,4,75
206000324,34,4,30
206000325,147,8,139
206000326,100,9,91
206000327,116,12,104
206000328,55,1,54
206000329,104,6,98
206000330,21,3,18
206000331,86,3,83
206000332,16,7,9
206000333,235,3,232
206000334,117,2,115
206000335,0,31,-31
206000361,0,278,-278
206000392,1,68,-67
206000405,74,0,74
206000441,11,14,-3
206000498,34,2,32
206000515,94,33,61
206000530,55,43,12
206000531,89,70,19
206000532,3907,82,3825
206000535,780,2431,-1651
206000536,49,339,-290
206000537,7,211,-204
206000613,1464,202,1262
207000001,109,424,-315
207000002,88,304,-216
207000003,105,266,-161
207000007,453,210,243
207000008,38,8,30
207000009,47,21,26
207000010,450,823,-373
207000012,201,220,-19
207000015,393,2136,-1743
207000019,153,83,70
207000021,557,151,406
207000022,96,104,-8
207000023,130,48,82
207000024,2,14,-12
207000025,5,43,-38
207000026,64,46,18
207000027,7,106,-99
207000028,59,295,-236
207000029,265,545,-280
207000033,186,219,-33
207000034,185,41,144
207000039,246,132,114
207000040,183,118,65
207000041,47,39,8
207000042,168,61,107
207000043,118,158,-40
207000051,115,516,-401
207000052,9,272,-263
207000053,414,779,-365
207000054,26,138,-112
207000055,101,222,-121
207000056,263,496,-233
207000057,123,286,-163
207000058,73,535,-462
207000059,55,869,-814
207000060,31,262,-231
207000061,65,159,-94
207000062,153,41,112
207000063,130,152,-22
207000064,301,250,51
207000065,251,276,-25
207000066,70,184,-114
207000067,52,154,-102
207000068,66,69,-3
207000069,565,392,173
207000082,48,500,-452
207000083,69,562,-493
207000084,127,250,-123
207000085,105,7,98
207000086,87,2,85
207000106,31,52,-21
207000107,50,22,28
207000108,25,16,9
207000109,56,17,39
207000110,35,61,-26
207000111,72,59,13
207000112,175,230,-55
207000114,13,32,-19
207000115,9,101,-92
207000116,12,326,-314
207000117,10,146,-136
207000118,4,128,-124
207000119,12,208,-196
207000123,182,44,138
207000124,41,17,24
207000125,23,31,-8
207000126,53,40,13
207000134,22,386,-364
207000135,21,404,-383
207000148,34,126,-92
207000149,48,59,-11
207000152,116,413,-297
207000153,1182,1112,70
207000154,645,127,518
207000159,38,687,-649
207000160,115,797,-682
207000238,1,79,-78
207000242,1,188,-187
207000248,13,26,-13
207000249,121,54,67
207000250,687,75,612
207000251,71,58,13
207000252,51,89,-38
207000278,29,113,-84
207000279,8,292,-284
207000280,175,63,112
207000281,67,1747,-1680
207000282,146,37,109
207000283,123,223,-100
207000284,53,46,7
207000285,135,22,113
207000291,8,137,-129
207000304,101,44,57
207000306,48,498,-450
207000310,31,64,-33
207000353,183,2,181
207000356,7,23,-16
207000357,25,17,8
207000415,2,160,-158
207000417,15,3,12
207000437,0,1,-1
207000439,1284,309,975
207000446,141,5,136
207000460,6,4,2
207000466,139,266,-127
207000476,3,106,-103
207000477,389,166,223
207000523,0,4,-4
207000524,10,0,10
207000527,67,158,-91
207000530,185,4,181
207000531,161,5,156
207000532,58,15,43
207000534,578,38,540
207000535,23,205,-182
207000537,19,113,-94
207000540,10,171,-161
207000541,0,252,-252
207000548,1,256,-255
207000549,94,7,87
207000561,45,112,-67
207000562,28,138,-110
207000567,136,288,-152
207000568,62,157,-95
207000569,185,1607,-1422
207000584,372,169,203
207000585,62,201,-139
207000616,0,218,-218
207000617,42,0,42
207900008,123,390,-267
208000001,367,568,-201
208000002,401,457,-56
208000003,688,466,222
208000004,856,621,235
208000005,15,17,-2
208000019,454,947,-493
208000020,144,490,-346
208000021,140,709,-569
208000022,629,927,-298
208000028,1086,789,297
208000033,372,886,-514
208000034,1221,2072,-851
208000040,43,143,-100
208000041,688,561,127
208000042,540,528,12
208000047,55,503,-448
208000064,2483,1156,1327
208000066,1384,1007,377
208000070,200,393,-193
208000071,260,763,-503
208000072,260,1250,-990
208000080,139,329,-190
208000081,168,156,12
208000082,150,388,-238
208000083,101,423,-322
208000084,23,13,10
208000085,884,607,277
208000086,405,836,-431
208000087,267,707,-440
208000089,643,860,-217
208000090,520,1336,-816
208000093,69,125,-56
208000094,323,623,-300
208000095,474,383,91
208000104,833,957,-124
208000105,552,1033,-481
208000114,52,192,-140
208000115,484,462,22
208000116,209,844,-635
208000117,76,127,-51
208000118,53,92,-39
208000155,463,901,-438
208000158,1628,2924,-1296
208000186,3498,2171,1327
208000204,340,1080,-740
208000205,829,1678,-849
208000282,4201,1832,2369
209000004,91,204,-113
209000005,12,29,-17
209000006,526,91,435
209000007,290,255,35
209000010,605,176,429
209000011,173,167,6
209000012,94,248,-154
209000013,188,654,-466
209000014,741,2048,-1307
209000025,197,20,177
209000026,427,82,345
209000027,328,1221,-893
209000028,311,1135,-824
209000029,679,1060,-381
209000030,545,1946,-1401
209000031,3952,3129,823
209000034,104,116,-12
209000035,73,114,-41
209000036,92,94,-2
209000037,139,179,-40
209000038,61,149,-88
209000039,39,133,-94
209000040,269,463,-194
209000041,228,333,-105
209000042,250,391,-141
209000043,706,602,104
209000044,179,538,-359
209000045,927,472,455
209000046,256,506,-250
209000047,165,185,-20
209000048,339,267,72
209000049,81,161,-80
209000050,133,193,-60
209000051,223,428,-205
209000052,126,413,-287
209000062,35,243,-208
209000063,22,186,-164
209000064,30,205,-175
209000065,26,31,-5
209000066,27,22,5
209000067,64,88,-24
209000080,20,175,-155
209000082,52,55,-3
209000091,28,152,-124
209000093,85,40,45
209000094,214,188,26
209000110,21,39,-18
209000111,338,1000,-662
209000112,657,438,219
209000113,1354,383,971
209000114,213,345,-132
209000115,52,217,-165
209000116,776,709,67
209000118,15,41,-26
209000119,56,8,48
209000121,129,813,-684
209000135,57,56,1
209000142,682,985,-303
209000143,150,150,0
209000144,75,115,-40
209000229,142,183,-41
209000240,25,480,-455
209000259,71,140,-69
209000260,51,1151,-1100
209000261,19,783,-764
209000262,1,707,-706
209000263,1,131,-130
209000264,0,64,-64
209000265,387,1,386
209000266,86,2,84
209000267,745,13,732
209000268,529,60,469
210000037,56,37,19
210000047,33,42,-9
210000048,68,39,29
210000049,72,43,29
210000052,27,180,-153
210000053,25,113,-88
210000054,45,89,-44
210000070,77,2,75
210000071,40,0,40
210000072,17,1,16
210000073,1,35,-34
210000074,2,129,-127
210000075,0,58,-58
210000076,18,155,-137
210000077,35,20,15
210000078,45,38,7
210000079,39,29,10
210000080,119,52,67
210000081,153,18,135
210000082,42,0,42
210000083,56,1,55
210000084,34,0,34
210000085,0,73,-73
210000086,4,122,-118
210000099,36,265,-229
210000100,24,238,-214
210000101,72,271,-199
210000105,35,314,-279
210000159,0,150,-150
210000163,291,293,-2
210000164,405,104,301
210000168,245,31,214
210000187,0,13,-13
210000188,0,15,-15
210000214,98,1,97
210000219,18,60,-42
210000220,29,114,-85
210000232,6,26,-20
210000233,22,62,-40
210000234,29,186,-157
210000235,25,164,-139
210000245,0,44,-44
210000246,114,1,113
210000258,8,159,-151
210000259,224,38,186
210000282,53,227,-174
210000285,3,108,-105
210000286,10,185,-175
210000295,45,211,-166
210000296,58,63,-5
210000320,164,131,33
210000321,69,139,-70
210000338,79,117,-38
210000339,718,919,-201
210000340,130,283,-153
210000341,135,253,-118
210000342,144,188,-44
210000343,113,216,-103
210000344,266,119,147
210000345,199,187,12
210000346,101,139,-38
210000347,241,40,201
210000348,200,25,175
210000349,131,16,115
210000350,65,63,2
210000351,73,106,-33
210000352,39,96,-57
210000353,17,95,-78
210000354,47,88,-41
210000355,98,85,13
210000356,62,57,5
210000357,95,35,60
210000358,357,97,260
210000359,136,51,85
210000360,113,112,1
210000361,130,161,-31
210000362,180,166,14
210000363,960,134,826
210000364,109,118,-9
210000365,96,40,56
210000366,102,49,53
210000367,60,26,34
210000368,108,15,93
210000369,57,29,28
210000370,70,56,14
210000372,27,37,-10
210000373,137,12,125
210000374,72,10,62
210000375,25,77,-52
210000376,68,142,-74
210000404,101,152,-51
210000439,42,86,-44
210000472,113,8,105
210000482,59,71,-12
210000564,632,185,447
210000568,670,4,666
211000092,5,85,-80
211000094,18,8,10
211000169,96,6,90
211000172,12,241,-229
211000209,6,27,-21
211000275,5,30,-25
211000276,40,41,-1
211000279,2,57,-55
211000281,16,80,-64
211507980,2,28,-26
211977296,16,3,13
212000003,105,68,37
212000004,113,29,84
212000005,32,24,8
212000006,23,100,-77
212000008,115,231,-116
212000009,8,187,-179
212000012,54,87,-33
212000013,13,66,-53
212000014,236,206,30
212000015,189,258,-69
212000016,449,642,-193
212000027,428,627,-199
212000028,248,423,-175
212000029,136,325,-189
212000030,30,28,2
212000031,31,57,-26
212000048,9,83,-74
212000049,10,92,-82
212000050,11,10,1
212000051,121,279,-158
212000052,148,486,-338
212000053,268,664,-396
212000054,126,156,-30
212000055,211,265,-54
212000056,11,50,-39
212000057,3,47,-44
212000058,385,72,313
212000070,96,343,-247
212000077,80,702,-622
212000099,210,291,-81
212000108,203,188,15
212000111,154,165,-11
212000120,172,121,51
212000138,78,50,28
212000156,5,101,-96
212000158,4,11,-7
212000159,200,63,137
212000160,392,287,105
212000161,35,17,18
212000310,19,20,-1
212000311,11,86,-75
212000374,23,19,4
213000001,24,1158,-1134
213000005,303,88,215
213000006,1107,129,978
213000007,96,11,85
213000009,491,235,256
213000010,134,173,-39
213000011,171,87,84
213000012,130,559,-429
213000014,51,6,45
213000015,169,3,166
213000016,167,0,167
213000017,45,0,45
213000018,0,280,-280
213000019,1,234,-233
213000020,76,449,-373
213000021,6,138,-132
213000023,234,187,47
213000033,264,948,-684
213000034,514,406,108
213000035,69,163,-94
213000045,122,299,-177
213000046,111,236,-125
213000047,552,864,-312
213000056,25,47,-22
213000069,50,0,50
213000073,4,25,-21
213000074,260,708,-448
213000075,485,3,482
213000085,1,45,-44
213000086,10,295,-285
213000091,126,16,110
213000092,11,4,7
213000099,110,899,-789
213000100,1082,219,863
213000101,126,184,-58
213000102,200,519,-319
213000103,660,1173,-513
213000104,65,752,-687
213000105,7,76,-69
213000106,20,213,-193
213000107,102,962,-860
213000108,16,799,-783
213000109,5,356,-351
213000110,8,105,-97
213000111,9,83,-74
213000112,167,145,22
213000115,31,5,26
213000116,138,1131,-993
213000117,7,1361,-1354
213000118,278,336,-58
213000119,76,1118,-1042
213000120,139,990,-851
213000122,154,1138,-984
213000123,748,2248,-1500
213000124,85,2213,-2128
213000125,143,15,128
213000126,115,91,24
213000127,183,146,37
213000128,997,870,127
213000129,629,278,351
213000130,334,162,172
213000132,208,77,131
213000133,159,90,69
213000134,495,24,471
213000136,281,22,259
213000137,381,76,305
213000139,244,7,237
213000147,36,6,30
213000148,18,8,10
213000149,25,3,22
213000150,0,79,-79
213000151,0,101,-101
213000152,7,88,-81
213000153,0,36,-36
213000154,28,213,-185
213000155,45,428,-383
213000156,111,796,-685
213000157,614,725,-111
213000158,274,946,-672
213000159,406,633,-227
213000163,420,80,340
213000165,618,166,452
213000171,0,176,-176
213000172,1,499,-498
213000173,1,417,-416
213000174,4,442,-438
213000175,13,342,-329
213000176,47,24,23
213000177,74,13,61
213000178,62,5,57
213000179,126,1,125
213000180,74,0,74
213000184,105,643,-538
213000188,323,80,243
213000189,181,51,130
213000190,838,911,-73
213000191,201,667,-466
213000192,116,697,-581
213000193,1578,352,1226
213000194,0,60,-60
213000195,25,490,-465
213000196,142,1138,-996
213000197,271,361,-90
213000198,41,3,38
213000200,123,1362,-1239
213000201,66,55,11
213000202,13,926,-913
213000203,3096,375,2721
213000204,376,56,320
213000205,188,43,145
213000206,190,18,172
213000207,55,4,51
213000208,189,0,189
213000209,108,1,107
213000210,257,4,253
213000211,21,18,3
213000212,5,21,-16
213000213,7,33,-26
213000218,178,1147,-969
213000219,419,19,400
213000220,267,14,253
213000223,156,122,34
213000224,36,22,14
213000225,34,4,30
213000226,42,12,30
213000227,468,145,323
213000228,130,61,69
213000229,631,23,608
213000230,158,20,138
213000232,76,420,-344
213000233,4,29,-25
213000234,0,4,-4
213000293,7,34,-27
213000294,113,14,99
213000295,11,59,-48
213000296,48,14,34
213000297,4,132,-128
213000298,6,118,-112
213000299,39,32,7
213000300,0,1,-1
213000303,3,26,-23
213000304,0,5,-5
213000305,2,13,-11
213000306,66,31,35
213000307,317,85,232
213000308,103,448,-345
213000309,176,68,108
213000310,230,129,101
213000311,338,767,-429
213000315,69,220,-151
213000316,82,73,9
213000322,80,241,-161
213000323,34,85,-51
213000324,69,309,-240
213000325,50,273,-223
213000326,100,153,-53
213000327,94,317,-223
213000328,41,128,-87
213000329,92,143,-51
213000340,139,1226,-1087
213000341,226,59,167
213000347,924,166,758
213000348,10,298,-288
213000349,39,10,29
213000350,245,2109,-1864
213000366,44,409,-365
213000367,135,23,112
213000379,139,304,-165
213000386,17,247,-230
213000406,80,375,-295
213000417,1114,388,726
213000425,144,69,75
213000426,62,123,-61
213000427,26,638,-612
213000428,32,328,-296
213000429,11,3,8
213000430,94,1579,-1485
213000431,31,0,31
213000432,3,13,-10
213000433,14,186,-172
213000434,46,146,-100
213000435,60,104,-44
213000436,16,91,-75
213000437,5,128,-123
213000438,128,226,-98
213000439,74,12,62
213000440,9,220,-211
213000441,0,1,-1
213000442,1,78,-77
213000443,354,489,-135
213000444,34,166,-132
213000445,1,121,-120
213000446,0,9,-9
213000447,26,30,-4
213000448,3,89,-86
213000449,153,2,151
213000450,33,57,-24
213000451,193,88,105
213000452,13,23,-10
213000453,40,414,-374
213000455,204,29,175
213000456,0,171,-171
213000481,10,3,7
213000484,45,3,42
213000489,544,33,511
213900002,1,71,-70
213900003,238,0,238
213900013,0,249,-249
213900015,0,11,-11
213900016,4,7,-3
213900020,14,290,-276
213900030,1,85,-84
213900032,193,85,108
213900033,44,23,21
213900034,227,130,97
213900035,113,988,-875
213900036,118,438,-320
213900037,53,556,-503
213900038,236,307,-71
213900039,0,133,-133
213900041,2,107,-105
213900042,251,115,136
213900043,143,195,-52
213900244,4,0,4
213900245,0,47,-47
218000003,14,8,6
218000004,15,21,-6
218000005,5,26,-21
218000006,53,27,26
218000007,6,15,-9
218000012,213,122,91
218000013,130,161,-31
218000014,718,555,163
218000019,1443,906,537
218000020,447,502,-55
218000021,55,163,-108
218000022,16,77,-61
218000023,3,86,-83
218000024,2,36,-34
218000025,10,60,-50
218000026,15,113,-98
218000027,1,43,-42
218000028,1,9,-8
218000029,0,4,-4
218000030,27,56,-29
218000031,4,95,-91
218000032,2,44,-42
218000039,20,47,-27
218000040,6,1,5
218000046,23,207,-184
218000047,10,260,-250
218000048,94,311,-217
218000049,176,240,-64
218000050,449,437,12
218000051,55,452,-397
218000052,4,145,-141
218000053,9,22,-13
218000054,22,66,-44
218000055,14,23,-9
218000056,11,20,-9
218000057,6,38,-32
218000064,3,12,-9
218000065,79,122,-43
218000066,5,115,-110
218000067,41,184,-143
218000068,122,137,-15
218000069,181,301,-120
218000070,184,525,-341
218000071,312,420,-108
218000072,437,385,52
218000078,527,1494,-967
218000079,61,154,-93
218000080,89,116,-27
218000081,298,348,-50
218000082,23,196,-173
218000083,49,116,-67
218000084,132,387,-255
218000085,135,1017,-882
218000086,31,412,-381
218000087,245,529,-284
218000090,4,77,-73
218000091,473,199,274
218000092,52,232,-180
218000093,73,107,-34
218000094,178,595,-417
218000099,353,766,-413
218000100,231,326,-95
218000101,167,223,-56
218000102,328,377,-49
218000103,143,220,-77
218000104,65,80,-15
218000105,96,19,77
218000107,79,227,-148
218000108,7,118,-111
218000112,209,99,110
218000117,88,157,-69
218000134,708,1062,-354
218000135,35,147,-112
218000136,184,49,135
218000137,102,189,-87
218000138,12,139,-127
218000139,108,374,-266
218000140,204,130,74
218000141,94,111,-17
218000142,86,112,-26
218000143,25,191,-166
218000144,28,73,-45
218000145,212,427,-215
218000146,92,252,-160
218000151,11,17,-6
218000152,53,55,-2
218000153,2,1,1
218000154,4,1,3
218000155,12,1,11
218000156,46,34,12
218000157,13,13,0
218000158,2,8,-6
218000159,3,6,-3
218000160,3,8,-5
218000161,10,11,-1
218000162,24,16,8
218000163,6,9,-3
218000164,18,17,1
218000165,19,29,-10
218000170,0,17,-17
218000171,38,6,32
218000172,23,7,16
218000173,42,8,34
218000174,10,4,6
218000176,68,27,41
218000177,242,124,118
218000178,55,137,-82
218000179,69,48,21
218000180,33,22,11
218000181,72,44,28
218000187,9,22,-13
218000188,42,66,-24
218000189,11,68,-57
218000190,7,47,-40
218000191,48,85,-37
218000192,223,876,-653
218000193,678,735,-57
218000194,93,746,-653
218000195,152,122,30
218000196,214,323,-109
218000197,224,570,-346
218000198,5,114,-109
218000199,20,18,2
218000200,80,48,32
218000201,11,16,-5
218000202,138,144,-6
218000207,4,67,-63
218000208,42,68,-26
218000211,26,12,14
218000212,1,7,-6
218000213,86,53,33
218000214,4,20,-16
218000215,38,123,-85
218000217,0,104,-104
218000218,269,71,198
218000219,39,15,24
218000220,154,390,-236
218000221,814,150,664
218000222,51,23,28
218000223,21,128,-107
218000224,7,56,-49
218000225,74,17,57
218000226,50,38,12
218000230,0,1,-1
218000232,87,117,-30
218000234,20,21,-1
218000239,61,1,60
218000240,9,2,7
218000241,4,0,4
218000242,18,1,17
218000243,8,3,5
218000244,4,1,3
218000245,4,2,2
218000246,0,1,-1
218000247,0,0,0
218000248,1,43,-42
218000249,0,2,-2
218000250,4,8,-4
218000251,0,16,-16
218000252,24,11,13
218000253,16,13,3
218000254,0,4,-4
218000255,1,10,-9
218000256,6,41,-35
218000267,417,839,-422
218000268,10,71,-61
218000269,3,11,-8
218000270,16,45,-29
218000271,17,67,-50
218000273,9,14,-5
218000274,9,3,6
218000275,14,36,-22
218000276,9,60,-51
218000278,8,24,-16
218000279,14,24,-10
218000280,12,14,-2
218000281,9,19,-10
218000282,169,61,108
218000284,83,4,79
218000301,113,135,-22
218000302,79,70,9
218000303,44,42,2
218000316,551,942,-391
218000317,546,1151,-605
218000318,259,846,-587
218000319,674,1881,-1207
218000320,445,873,-428
218000338,46,16,30
218000339,9,14,-5
218000342,44,143,-99
218000343,94,157,-63
218000345,11,19,-8
218000346,10,43,-33
218000353,32,55,-23
218000354,39,128,-89
218000459,59,381,-322
218000490,21,58,-37
218000501,52,83,-31
218000502,85,178,-93
218000503,83,63,20
218000504,217,44,173
218000505,84,291,-207
218000506,76,388,-312
218000508,1,9,-8
218000510,305,17,288
218000520,135,170,-35
218000522,0,179,-179
218000523,76,0,76
218000524,25,131,-106
218000525,86,19,67
218000526,28,97,-69
218000530,6,5,1
218000531,16,54,-38
218000532,16,78,-62
218000537,9,4,5
218000538,113,153,-40
218000539,46,107,-61
218000540,315,105,210
218000543,90,51,39
218000544,55,196,-141
218000545,13,62,-49
218000546,74,179,-105
218000547,61,73,-12
218000548,102,287,-185
218000549,282,157,125
218000550,161,769,-608
218000551,166,408,-242
218000552,574,27,547
218000553,1,47,-46
218000554,5,15,-10
218000555,7,26,-19
218000556,33,552,-519
218000557,121,52,69
218000558,38,1,37
218000559,1,35,-34
218000560,0,10,-10
218000561,4,0,4
218000562,14,211,-197
218000563,108,33,75
218000564,5,142,-137
218000565,174,32,142
218000566,408,46,362
218000567,5,73,-68
218000568,6,0,6
218000569,6,98,-92
218000570,82,13,69
218000571,1,111,-110
218000572,68,3,65
218000573,11,70,-59
218000574,43,46,-3
218000575,90,1,89
218000576,1,57,-56
218000577,70,0,70
218000578,1,73,-72
218000579,39,1,38
218000581,1,87,-86
218000582,19,8,11
218000583,1,0,1
218000584,0,26,-26
218000585,15,4,11
218000586,2,57,-55
218000587,0,6,-6
218000588,0,2,-2
218000589,0,1,-1
218000590,0,0,0
218000591,1,5,-4
218000592,4,0,4
218000593,0,1,-1
218000594,0,0,0
218000595,0,0,0
218000596,0,0,0
218000597,0,0,0
218000598,0,1,-1
218000599,0,0,0
218000600,0,0,0
218000601,0,1,-1
218000602,0,1,-1
218000603,0,3,-3
218000604,7,0,7
218000605,0,9,-9
218000606,27,0,27
218000607,13,47,-34
218000608,47,7,40
218000609,2,63,-61
218000610,50,2,48
218000611,10,0,10
218000612,1,17,-16
218000613,31,5,26
218000614,1,45,-44
218000615,86,3,83
218000616,10,187,-177
218000617,0,3,-3
218000618,0,23,-23
218000619,35,29,6
218000620,1,36,-35
218000621,0,1,-1
218000622,0,13,-13
218000623,9,2,7
218000624,2,16,-14
218000625,0,6,-6
218000626,0,3,-3
218000628,48,29,19
218000632,0,113,-113
218000633,19,0,19
218000634,25,19,6
218000635,47,1,46
218000636,735,2026,-1291
218000637,546,615,-69
218000638,81,56,25
218000639,24,330,-306
218000640,115,27,88
218000641,34,612,-578
218000652,133,140,-7
218000653,106,77,29
218000675,14,14,0
218000676,7,71,-64
218000677,2,10,-8
218000703,13,130,-117
218000718,1111,469,642
218000719,1602,118,1484
218000720,0,24,-24
218000721,32,6,26
218000725,7,18,-11
218001214,11,26,-15
219000001,19,40,-21
219000002,35,74,-39
219000003,44,20,24
219000004,54,38,16
219000017,112,14,98
219000020,73,30,43
219000022,50,3,47
219000023,72,0,72
219000029,1,131,-130
219000034,12,14,-2
219000039,27,74,-47
219000040,27,15,12
219000041,56,26,30
219000051,1,83,-82
219000052,0,45,-45
219000053,2,305,-303
219000054,310,328,-18
219000055,58,0,58
219000056,18,0,18
219000057,27,0,27
219000062,9,361,-352
219000063,36,12,24
219000110,251,48,203
219000111,50,20,30
219000112,171,33,138
219000113,78,40,38
219000114,253,29,224
219000116,57,28,29
219000117,162,74,88
219000118,64,80,-16
219000123,256,90,166
219000124,115,61,54
219000125,8,25,-17
219000126,46,117,-71
219000127,0,2,-2
219000128,20,128,-108
219000129,33,159,-126
219000130,946,885,61
219000131,800,976,-176
219000133,34,23,11
219000134,7,22,-15
219000135,40,60,-20
219000136,141,160,-19
219000138,50,23,27
219000139,18,49,-31
219000140,17,5,12
219000141,21,113,-92
219000142,7,103,-96
219000143,13,113,-100
219000145,13,76,-63
219000146,10,132,-122
219000147,0,72,-72
219000148,6,88,-82
219000149,15,296,-281
219000150,4,196,-192
219000151,8,213,-205
219000157,81,109,-28
219000158,110,260,-150
219000161,128,4,124
219000163,1524,332,1192
219000166,32,166,-134
219000167,61,288,-227
219000168,294,81,213
219000174,270,106,164
219000175,42,0,42
219000176,54,5,49
219000177,17,7,10
219000178,18,1,17
219000179,12,7,5
219000180,88,23,65
219000182,82,7,75
219000183,31,73,-42
219000184,44,4,40
219000185,1,134,-133
219000186,25,83,-58
219000187,21,230,-209
219000189,173,138,35
219000190,165,211,-46
219000191,1780,1045,735
219000192,99,137,-38
219000193,697,181,516
219000195,1,70,-69
219000196,2,162,-160
219000198,36,202,-166
219000199,140,233,-93
219000200,34,229,-195
219000201,96,290,-194
219000203,26,166,-140
219000204,125,256,-131
219000205,36,245,-209
219000207,159,319,-160
219000209,9,59,-50
219000210,36,104,-68
219000213,10,438,-428
219000239,131,215,-84
219000240,172,326,-154
219000241,72,287,-215
219000242,37,226,-189
219000243,40,297,-257
219000244,9,105,-96
219000245,34,48,-14
219000246,10,13,-3
219000247,69,31,38
219000248,333,182,151
219000249,51,24,27
219000250,61,95,-34
219000251,426,152,274
219000252,189,109,80
219000253,178,26,152
219000255,52,73,-21
219000256,74,87,-13
219000257,71,0,71
219000262,73,346,-273
219000263,38,317,-279
219000267,3,212,-209
219000268,1,8,-7
219000269,5,0,5
219000270,9,0,9
219000271,63,2,61
219000278,0,10,-10
219000279,0,2,-2
219000283,0,5,-5
219000295,14,98,-84
219000296,44,666,-622
219000297,15,129,-114
219000298,14,242,-228
219000299,417,78,339
219000300,13,411,-398
219000301,192,316,-124
219000302,38,197,-159
219000307,24,53,-29
219000308,30,35,-5
219000311,82,51,31
219000312,375,59,316
219000313,162,34,128
219000314,103,664,-561
219000315,163,43,120
219000316,301,50,251
219000317,61,37,24
219000320,0,53,-53
219000321,0,14,-14
219000323,11,150,-139
219000325,0,44,-44
219000326,62,157,-95
219000327,43,35,8
219000328,32,58,-26
219000329,244,85,159
219000330,42,25,17
219000331,26,29,-3
219000332,38,100,-62
219000333,8,2,6
219000335,74,2,72
219000337,4,0,4
219000338,38,2,36
219000344,20,93,-73
219000345,70,166,-96
219000346,14,203,-189
219000348,74,258,-184
219000349,31,355,-324
219000350,51,102,-51
219000351,10,1,9
219000352,268,49,219
219000353,99,42,57
219000354,95,146,-51
219000355,72,41,31
219000356,2151,583,1568
219000363,327,21,306
219000364,77,12,65
219000365,80,9,71
219000366,184,146,38
219000368,326,323,3
219000370,1059,192,867
219000371,5,17,-12
219000382,8,13,-5
219000383,768,848,-80
219000385,747,561,186
219000386,1007,1337,-330
219000387,0,4,-4
219000390,4,4,0
219000391,3,0,3
219000397,69,119,-50
219000398,74,17,57
219000401,5,90,-85
219000402,15,100,-85
219000403,76,121,-45
219000404,25,73,-48
219000409,35,17,18
219000410,43,24,19
219000411,42,16,26
219000446,213,538,-325
219000447,3,14,-11
219000448,13,7,6
219000452,99,44,55
219000453,47,98,-51
219000454,250,170,80
219000556,128,64,64
219000558,190,376,-186
219000590,22,294,-272
219000591,31,50,-19
219000592,126,437,-311
219000595,2,50,-48
219000635,75,16,59
219000636,21,90,-69
219000657,27,10,17
219000658,19,60,-41
219000673,0,8,-8
219000676,5,2,3
219000679,37,15,22
219000684,62,3,59
219000685,0,127,-127
219000686,2,0,2
219000688,1,108,-107
219000689,71,327,-256
219000690,306,47,259
219000693,0,37,-37
219000694,32,0,32
219000695,4,1,3
219000698,20,0,20
219000699,0,9,-9
219000727,5,241,-236
219000728,50,1,49
219000770,6,0,6
219000771,0,27,-27
219001150,2,19,-17
219001151,2,2,0
220000001,31,53,-22
220000002,5,162,-157
220000003,345,290,55
220000004,669,672,-3
220000005,1555,1734,-179
220000006,118,911,-793
220000007,288,743,-455
220000008,275,1068,-793
220000009,124,475,-351
220000010,141,142,-1
220000011,728,3163,-2435
220000012,238,318,-80
220000014,60,59,1
220000015,8,127,-119
220000017,78,455,-377
220000018,6579,1043,5536
220000019,47,268,-221
220000020,235,211,24
220000021,396,165,231
220000022,246,538,-292
220000023,102,152,-50
220000024,1596,303,1293
220000025,766,560,206
220000026,170,164,6
220000027,5,99,-94
220000028,13,36,-23
220000029,49,179,-130
220000030,141,100,41
220000031,182,240,-58
220000064,24,1338,-1314
221000046,2,0,2
221000047,0,2,-2
221000048,0,0,0
221000049,0,6,-6
221000050,7,0,7
221000055,51,57,-6
221000057,36,10,26
221000068,294,90,204
221000069,254,41,213
221000070,113,15,98
221000071,69,10,59
221000072,145,5,140
221000073,143,50,93
221000074,0,17,-17
221000075,24,9,15
221000076,9,28,-19
221000077,31,72,-41
221000081,29,13,16
221000082,32,5,27
221000083,39,3,36
221000084,2,3,-1
221000085,17,65,-48
221000086,11,122,-111
221000087,15,166,-151
221000088,16,205,-189
221000089,34,313,-279
221000090,149,569,-420
221000098,92,16,76
221000099,68,17,51
221000100,31,11,20
221000101,153,8,145
221000102,84,11,73
221000109,4,79,-75
221000110,7,99,-92
221000111,14,160,-146
221000112,6,119,-113
221000113,16,170,-154
221000114,5,182,-177
221000120,27,55,-28
221000121,1,14,-13
221000122,27,28,-1
221000123,4,7,-3
221000124,22,356,-334
221000155,59,10,49
221000156,3,34,-31
221000175,0,3,-3
221000176,2,0,2
221000182,15,19,-4
221000241,471,212,259
221000242,206,358,-152
221000243,349,89,260
221000244,157,384,-227
221000245,28,91,-63
221000246,18,211,-193
221000247,38,116,-78
221000248,90,120,-30
221000267,34,931,-897
221000325,48,67,-19
221000331,0,114,-114
221000338,16,16,0
221000378,49,19,30
221000381,62,45,17
222000282,1,0,1
222000296,1,32,-31
222000568,226,34,192
222000569,74,26,48
222000570,97,5,92
222000571,135,6,129
222000577,7,340,-333
222000578,25,284,-259
222000579,37,159,-122
222000580,152,1333,-1181
222000599,0,175,-175
222000600,1,302,-301
222000601,9,866,-857
222000603,19,13,6
222000604,9,18,-9
222000605,6,3,3
222000606,1,4,-3
222000607,1,10,-9
222000608,10,24,-14
222000609,32,519,-487
222000616,88,23,65
222000617,0,9,-9
222000618,3,4,-1
222000620,76,15,61
222000621,80,15,65
222000623,367,7,360
222000624,199,3,196
222000625,266,45,221
222000636,66,5,61
222000686,12,26,-14
222000687,22,30,-8
222001066,222,1,221
222001067,1,11,-10
222001068,26,45,-19
222001069,22,48,-26
222001082,7,83,-76
222001083,7,87,-80
222001084,0,17,-17
222001085,0,159,-159
222001111,10,316,-306
222001112,11,28,-17
222001313,12,7,5
222001314,13,103,-90
222001464,17,47,-30
222001465,8,202,-194
222001484,41,56,-15
222001485,17,71,-54
222001494,147,133,14
222001495,92,643,-551
222001496,110,43,67
222001497,32,961,-929
222001502,15,130,-115
222001503,72,40,32
222001504,16,305,-289
222001505,201,11,190
222001506,58,214,-156
222001507,207,27,180
222001510,169,33,136
222001511,42,469,-427
222001514,493,138,355
222001515,267,867,-600
222001518,106,73,33
222001519,36,567,-531
222001527,173,60,113
222001528,55,239,-184
222001529,137,39,98
222001530,48,361,-313
222001533,93,546,-453
222001534,170,29,141
222001535,57,122,-65
222001536,94,552,-458
222001537,156,27,129
222001538,48,619,-571
222001563,194,74,120
222001564,44,1045,-1001
222001568,183,117,66
222001576,0,2,-2
222001579,0,4,-4
222001583,5,431,-426
222001584,66,11,55
222001596,615,1883,-1268
222001597,784,204,580
222001626,1,167,-166
222001650,27,71,-44
222001651,39,208,-169
222001914,168,86,82
222001915,63,288,-225
222900004,397,212,185
222900009,472,1124,-652
222900019,97,295,-198
222900024,17,47,-30
222900025,1,28,-27
225000001,302,104,198
225000002,243,88,155
225000003,269,78,191
225000004,131,213,-82
225000005,19,59,-40
225000006,0,146,-146
225000007,3498,1089,2409
225000010,112,6,106
225000011,399,811,-412
225000012,118,473,-355
225000013,115,166,-51
225000014,693,73,620
225000015,70,236,-166
225000021,511,164,347
225000027,233,491,-258
225000032,483,204,279
225000042,80,733,-653
225000049,46,43,3
225000050,35,6,29
225000053,3,200,-197
225000058,452,97,355
225000067,145,262,-117
225000068,44,584,-540
225000069,221,619,-398
225000070,44,561,-517
225000071,20,356,-336
225000075,28,956,-928
225000076,64,144,-80
225000078,79,23,56
225000085,18,67,-49
225000086,103,45,58
225000087,114,17,97
225000088,13,169,-156
225000089,275,635,-360
225000090,21,344,-323
225000091,89,249,-160
225000092,37,102,-65
225000093,108,442,-334
225000094,7,516,-509
225000095,290,673,-383
225000096,179,455,-276
225000098,348,126,222
225000099,151,118,33
225000100,76,121,-45
225000104,63,376,-313
225000110,18,465,-447
225000111,140,1223,-1083
225000112,327,1161,-834
225000113,143,749,-606
225000114,44,329,-285
225000115,2955,610,2345
225000116,819,97,722
225000117,694,461,233
225000118,660,486,174
225000119,114,54,60
225000120,480,66,414
225000121,186,27,159
225000123,1419,16,1403
225000125,199,293,-94
225000126,765,210,555
225000127,805,451,354
225000128,257,383,-126
225000132,197,15,182
225000133,188,22,166
225000134,458,100,358
225000135,41,8,33
225000136,149,11,138
225000137,88,53,35
225000138,241,37,204
225000143,104,141,-37
225000144,1,406,-405
225000145,13,49,-36
225000146,22,112,-90
225000147,5,328,-323
225000148,19,244,-225
225000149,73,519,-446
225000151,12,283,-271
225000155,228,361,-133
225000156,204,753,-549
225000157,186,377,-191
225000158,56,401,-345
225000171,4,224,-220
225000180,23,1,22
225000181,2,48,-46
225000182,68,3,65
225000185,7,284,-277
225000187,37,436,-399
225000191,66,2,64
225000194,0,4,-4
225000208,2,73,-71
225000209,36,22,14
225000210,5,193,-188
225000217,0,13,-13
225000218,1,0,1
225000223,0,25,-25
225000224,432,2,430
225000225,1,15,-14
225000226,126,1,125
225000227,31,51,-20
225000228,5,5,0
225000229,0,57,-57
225000230,8,0,8
225000231,0,72,-72
225000232,54,0,54
225000241,33,0,33
225000242,0,34,-34
225000249,3,0,3
225000250,40,997,-957
225000251,298,29,269
225000254,0,68,-68
225000256,16,62,-46
225000257,0,14,-14
226000042,376,462,-86
226000043,48,262,-214
226000044,116,772,-656
226000045,44,529,-485
226000046,278,33,245
226000047,252,45,207
226000048,256,43,213
226000049,194,73,121
226000070,0,74,-74
226000071,0,77,-77
226000072,0,19,-19
226000073,0,12,-12
226000074,0,6,-6
226000084,1,80,-79
226000085,0,8,-8
226000086,1,1,0
226000087,1,11,-10
226000088,67,14,53
226000090,147,20,127
226000091,14,8,6
226000092,2,4,-2
226000093,18,0,18
226000094,24,0,24
226000095,28,2,26
226000105,15,0,15
226000106,4,0,4
226000107,1,0,1
226000108,13,0,13
226000109,62,1,61
226000124,108,71,37
226000134,270,461,-191
226000135,543,495,48
226000136,195,337,-142
226000137,8,287,-279
226000138,6,149,-143
226000139,0,19,-19
226000156,68,5,63
226000157,69,8,61
226000163,41,36,5
226000202,0,583,-583
226000231,48,5,43
226000232,37,2,35
227000033,280,29,251
227000036,155,24,131
227000037,142,24,118
227000038,82,18,64
227000084,2,47,-45
227000085,0,49,-49
227000088,33,0,33
227000089,94,0,94
227000090,27,1,26
227000091,7,0,7
227000092,10,0,10
227000093,32,0,32
227000094,0,0,0
227000130,17,56,-39
227000131,7,309,-302
227000132,10,268,-258
227000133,9,324,-315
227000134,19,390,-371
227000152,0,2,-2
227000153,0,18,-18
227000154,0,16,-16
227000155,0,15,-15
227000156,0,22,-22
227000165,7,30,-23
227000196,142,657,-515
227000199,99,830,-731
227000230,29,565,-536
227000232,135,10,125
227000242,65,523,-458
227000243,292,42,250
227000245,19,409,-390
227000246,81,531,-450
227000247,171,61,110
227000248,34,14,20
227000249,9,235,-226
227000250,140,84,56
227000251,139,212,-73
227000252,14,413,-399
227000253,43,22,21
227000262,221,10,211
227000266,377,37,340
227000267,19,2337,-2318
227000282,12,280,-268
227000284,137,14,123
227000286,4,105,-101
227000291,19,749,-730
227000296,368,224,144
227000484,174,11,163
227000485,26,801,-775
227000655,46,30,16
227000656,633,33,600
227000657,13,5,8
229000265,3,3,0
229000266,0,3,-3
229000267,12,0,12
229000268,3,1,2
229000269,27,0,27
229000274,0,14,-14
229000275,0,19,-19
229000276,0,18,-18
229000277,0,2,-2
229000278,1,3,-2
229000295,10,26,-16
229000296,2,10,-8
229000297,6,64,-58
229000298,8,175,-167
229000320,8,14,-6
229000321,23,4,19
229000412,27,77,-50
229000414,12,71,-59
229000415,10,0,10
229000416,3,0,3
229000417,5,12,-7
229000419,84,310,-226
229000440,188,100,88
229000442,7,10,-3
229000443,0,3,-3
229000444,3,49,-46
229000445,28,8,20
229000446,35,9,26
229000491,6,29,-23
229000492,20,185,-165
229000493,5,133,-128
229000494,14,4,10
229000495,78,7,71
229000496,32,8,24
229000507,0,54,-54
229000508,0,52,-52
229000509,1,90,-89
229000510,0,31,-31
229000511,4,66,-62
229000512,1,49,-48
229000513,0,7,-7
229000514,1,3,-2
229000517,0,16,-16
229000518,5,40,-35
229000519,1,30,-29
229000520,8,67,-59
229000521,13,24,-11
229000522,2,4,-2
229000523,6,12,-6
229000524,2,8,-6
229000527,4,0,4
229000528,1,0,1
229000529,4,0,4
229000530,56,2,54
229000531,31,1,30
229000532,35,0,35
229000533,92,1,91
229000534,88,0,88
229000564,37,0,37
229000565,10,2,8
229000566,0,31,-31
229000567,0,113,-113
229000582,145,2,143
229000583,5,4,1
229000584,0,68,-68
229000585,0,71,-71
229000718,0,3,-3
229000719,0,2,-2
229000720,0,13,-13
229000721,0,21,-21
229000722,0,51,-51
229000723,0,17,-17
229000724,0,1,-1
229000725,0,9,-9
229000738,0,0,0
229000739,0,0,0
229000740,0,0,0
229000741,1,0,1
229000742,1,1,0
229000743,2,0,2
229000744,3,0,3
229000745,0,0,0
229000746,31,0,31
229000847,8,3,5
229000848,1,0,1
229000849,57,0,57
229000851,7,0,7
229000854,0,97,-97
229000856,4,231,-227
229000857,1,83,-82
229000858,0,167,-167
229000919,9,54,-45
229000930,0,203,-203
229000937,46,22,24
229000966,34,27,7
229000981,10,44,-34
229000985,4,44,-40
229000986,1,12,-11
229000987,0,0,0
229000988,0,6,-6
229000989,0,4,-4
229000990,0,1,-1
229000991,0,0,0
229000992,12,10,2
229000993,159,19,140
229000998,15,48,-33
229000999,59,19,40
229001034,0,18,-18
229001035,4,2,2
229001036,2,36,-34
229001037,29,1,28
229001038,0,4,-4
229001039,0,1,-1
229001040,0,66,-66
229001041,58,0,58
229001042,13,24,-11
229001047,3,75,-72
229001050,58,7,51
229001168,0,17,-17
229001200,4,6,-2
229001338,30,27,3
229001394,239,5,234
229001422,89,28,61
229001423,31,140,-109
229001431,33,36,-3
229001432,43,55,-12
229001444,103,71,32
229001445,56,205,-149
229001479,4,7,-3
229001503,96,79,17
229001504,83,229,-146
229001505,57,79,-22
229001506,28,167,-139
229001509,39,2,37
229001510,2,42,-40
229001545,56,3,53
229001546,7,53,-46
229001553,28,9,19
229001554,22,90,-68
229001630,55,13,42
229001631,5,34,-29
229001635,0,6,-6
229001636,0,2,-2
229001658,1,129,-128
229001659,79,5,74
229001660,0,4,-4
229001661,2,20,-18
229001662,8,0,8
229001663,0,16,-16
229002584,122,183,-61
229002831,217,178,39
229002841,1,21,-20
229002842,2,21,-19
229002843,31,15,16
229002844,23,58,-35
229002845,3,91,-88
229002846,16,12,4
229002847,50,4,46
229002848,23,16,7
229002849,0,92,-92
229002850,2,0,2
229002851,26,92,-66
229002852,73,37,36
229002853,92,12,80
229002854,23,51,-28
229002855,2,62,-60
229002856,17,7,10
229002857,5,54,-49
229002858,13,4,9
229002859,11,24,-13
229002860,25,9,16
229002861,16,25,-9
229002862,4,46,-42
229002863,7,34,-27
229002864,11,23,-12
229002865,19,15,4
229002866,81,23,58
229002867,1,21,-20
229002868,13,6,7
229002869,9,166,-157
229002870,28,0,28
235000067,195,80,115
235000072,36,231,-195
235000080,7,88,-81
235000081,31,234,-203
235000082,60,63,-3
235000083,132,83,49
235000084,12,58,-46
235000085,82,43,39
235000093,5,3,2
235000097,2,1,1
235000098,12,11,1
235000115,135,111,24
235000116,24,8,16
235000117,604,5,599
235000133,7,174,-167
235000134,12,44,-32
235000206,2,1,1
235000207,3,2,1
235000210,3,1,2
235000212,6,5,1
235000220,1,2,-1
235000221,23,6,17
235000238,6,15,-9
235000239,0,1,-1
235000242,177,203,-26
235000245,1251,195,1056
235000246,7,51,-44
235000284,4,89,-85
235000295,120,9,111
235000305,102,20,82
235000306,53,6,47
235000307,9,1,8
235000308,14,0,14
235000309,32,1,31
235000310,44,0,44
235000311,50,42,8
235000322,0,40,-40
235000323,4,80,-76
235000324,0,13,-13
235000325,0,21,-21
235000326,11,416,-405
235000351,9,59,-50
235000352,11,55,-44
235000353,0,39,-39
235000354,2,46,-44
235000355,6,66,-60
235000356,48,5,43
235000357,17,20,-3
235000358,11,21,-10
235000359,11,16,-5
235000360,30,11,19
235000361,34,1,33
235000381,12,192,-180
235000382,50,21,29
235000390,8,5,3
235000391,84,8,76
235000392,62,148,-86
235000393,64,41,23
235000395,63,18,45
235000396,141,37,104
235000399,120,5,115
235000400,77,23,54
235000401,27,206,-179
235000402,36,171,-135
235000405,73,453,-380
235000406,25,414,-389
235000407,32,167,-135
235000409,169,142,27
235000411,0,74,-74
235000485,0,5,-5
235000486,0,0,0
235000549,35,89,-54
235000550,50,246,-196
235000599,23,87,-64
235000600,1,6,-5
235000601,10,16,-6
235000602,19,69,-50
235000614,1,2,-1
235000648,0,18,-18
235000649,11,3,8
235000815,4,30,-26
235000834,0,9,-9
235000855,26,25,1
235000862,25,310,-285
235000891,0,7,-7
235000892,20,7,13
235000901,25,70,-45
235000907,3,10,-7
235001010,24,58,-34
235001030,326,187,139
235001078,51,49,2
235001079,38,179,-141
235001147,3,46,-43
235001166,6,66,-60
235001167,29,38,-9
235001169,15,377,-362
235001200,16,17,-1
235001239,0,26,-26
235016266,5,13,-8
235016267,0,30,-30
235900013,0,3,-3
235900014,1,8,-7
241900007,28,0,28
277101746,0,6,-6
277102712,0,1,-1
277103813,0,0,0
277103814,0,0,0
277103898,0,6,-6
990010990,28,209,-181
990011530,0,311,-311
990014944,3,595,-592
990015176,21,0,21
990015618,0,91,-91
990015888,19,50,-31
990016032,1,469,-468
990032570,9,159,-150
990070001,80,12,68
990070103,0,6,-6
990070601,0,93,-93
990070751,239,2,237
990070766,1,1088,-1087
990071180,423,200,223
990071343,19,1,18
990071387,0,12,-12
990071823,219,3,216
990072600,3,751,-748
990072964,2,737,-735
990073285,0,1,-1
990074393,5,1686,-1681
990074714,10,18,-8
990074870,480,26,454
990075106,318,4,314
990075746,166,2,164
990076437,385,6,379
990076458,6,1618,-1612
997000007,149,1,148
997000041,0,139,-139
997000058,22,0,22
997000062,17,1,16
997000069,0,1,-1
997000070,0,111,-111
997000100,6,0,6
997000141,5,1842,-1837
997000198,4,607,-603
998000475,0,15,-15
998000736,0,378,-378
998000965,0,7,-7
998001031,0,52,-52
998001072,587,377,210
998001091,5,0,5
998001093,1,1,0
998001103,0,4,-4
998001105,4,20,-16
998001700,0,30,-30
998001899,0,6,-6
998001900,4,1,3
998003073,596,3,593
998003124,15,19,-4
998003125,4,91,-87
998101900,0,0,0
998102850,1,100,-99
998501819,2,0,2
998501820,0,4,-4
998501832,49,103,-54
998501927,522,433,89
998501929,64,2,62
998501930,52,0,52
998501931,82,16,66
998501932,26,16,10
998501933,25,0,25
998501937,7,0,7
998501944,0,1,-1
998501950,0,0,0
998501970,17,6,11
998501971,2,65,-63
998501972,426,3,423
998501973,0,104,-104
998501974,0,255,-255
998501975,183,1,182
998501976,28,1,27
998501977,0,14,-14
998501978,4,0,4
998501979,0,12,-12
998501980,83,50,33
998501981,34,4,30
998501982,0,125,-125
998501983,0,0,0
998502006,0,1,-1
998502024,0,13,-13
998502032,1,2,-1
998502062,11,1,10
998502063,0,0,0
998502173,0,2,-2
998502269,1,4,-3
998601159,1,347,-346
998601292,0,37,-37
999033574,1,38,-37
999800001,28,1,27
999800002,0,4,-4
999800003,10,0,10
999800004,0,7,-7
999800005,0,26,-26
