ID,insum,outsum,diff
100000001,658,1026,-368
100000002,3018,2334,684
100000003,4984,5097,-113
100000004,1015,1071,-56
100000005,2352,5067,-2715
100000006,769,196,573
100000007,2027,710,1317
100000008,180,616,-436
100000009,596,207,389
100000010,226,105,121
100000011,788,150,638
100000012,76,733,-657
100000013,36,195,-159
100000014,325,374,-49
100000015,1580,2303,-723
100000016,765,1296,-531
100000017,496,701,-205
100000018,1003,551,452
100000019,3118,1864,1254
100000020,1768,6406,-4638
100000021,4364,2131,2233
100000022,1073,2646,-1573
100000023,3712,1967,1745
100000025,750,1511,-761
100000028,1087,1123,-36
100000029,104,323,-219
100000030,135,60,75
100000031,3412,6435,-3023
100000032,1634,3430,-1796
100000033,889,2646,-1757
100000034,203,697,-494
100000035,938,1599,-661
100000036,1259,1386,-127
100000037,670,401,269
100000038,2310,955,1355
100000039,599,271,328
100000040,238,197,41
100000041,1511,518,993
100000042,1201,477,724
100000043,978,472,506
100000044,353,690,-337
100000045,397,1136,-739
100000046,605,714,-109
100000047,353,428,-75
100000048,419,482,-63
100000049,1193,1183,10
100000051,399,727,-328
100000053,191,6,185
100000054,418,38,380
100000055,833,212,621
100000056,516,420,96
100000057,1940,543,1397
100000058,853,905,-52
100000059,15,136,-121
100000060,458,302,156
100000061,2857,519,2338
100000062,2623,516,2107
100000063,966,254,712
100000064,1376,297,1079
100000065,347,552,-205
100000066,144,457,-313
100000067,464,574,-110
100000068,520,1223,-703
100000069,246,951,-705
100000072,199,742,-543
100000073,901,918,-17
100000075,691,166,525
100000076,1600,3205,-1605
100000077,151,225,-74
100000078,27,48,-21
100000079,31,61,-30
100000080,13,42,-29
100000081,130,199,-69
100000102,2308,3129,-821
100000103,2186,1556,630
100000104,2871,2711,160
100000105,1895,2008,-113
100000106,2086,2680,-594
100000107,410,1345,-935
100000108,498,802,-304
100000109,1492,1239,253
100000116,880,966,-86
100000117,71,136,-65
100000118,963,1411,-448
100000119,548,805,-257
100000121,228,387,-159
100000122,715,1028,-313
100000123,1954,3705,-1751
100000124,3233,5539,-2306
100000125,3098,1832,1266
100000126,602,483,119
100000127,1102,420,682
100000128,1232,2268,-1036
100000129,337,523,-186
100000130,421,382,39
100000131,1631,2455,-824
100000132,1100,3043,-1943
100000133,3074,1924,1150
100000135,603,1237,-634
100000139,327,430,-103
100000140,372,445,-73
100000142,559,481,78
100000143,785,379,406
100000144,2908,655,2253
100000147,1066,3489,-2423
100000150,49,349,-300
100000151,936,1588,-652
100000153,205,487,-282
100000154,38,385,-347
100000155,15,45,-30
100000156,338,495,-157
100000157,271,133,138
100000158,277,119,158
100000159,162,554,-392
100000165,1058,807,251
100000169,176,1048,-872
100000174,507,975,-468
100000179,76,473,-397
100000180,1323,2160,-837
100000181,588,237,351
100000188,65,187,-122
100000189,1329,412,917
100000190,585,1207,-622
100000191,704,640,64
100000192,43,81,-38
100000193,309,175,134
100000330,908,1142,-234
100000355,191,732,-541
100000362,3473,2096,1377
100000363,4892,4314,578
100000364,153,315,-162
100000365,5624,7855,-2231
100000366,3782,3022,760
100000367,4911,7542,-2631
100000368,2395,1023,1372
100000369,846,2253,-1407
100000370,208,941,-733
100000376,57,137,-80
100000379,1710,1605,105
100000380,4197,4789,-592
100000384,4958,5772,-814
100000385,2500,4127,-1627
100000386,4798,5563,-765
100000387,3608,5654,-2046
100000388,4742,7286,-2544
100000389,5787,6975,-1188
100000390,7235,7416,-181
100000391,5058,9457,-4399
100000392,2470,4800,-2330
100000393,2218,5498,-3280
100000394,5577,8991,-3414
100000395,4503,5095,-592
100000396,5141,3602,1539
100000397,3730,7148,-3418
100000398,9546,7357,2189
100900002,9,26,-17
100900003,445,217,228
100900004,16,899,-883
100900005,126,23,103
100900006,39,74,-35
100900007,333,11,322
100900008,1,369,-368
100900009,67,164,-97
100900010,130,49,81
100900011,206,182,24
100900012,2,140,-138
100900013,895,10,885
100900014,5,11,-6
100900015,79,71,8
100900016,2,15,-13
100900017,1189,65,1124
100900018,1,16,-15
100900019,50,120,-70
100900020,352,6,346
100900021,460,4,456
100900022,18,33,-15
100900023,1,29,-28
100900024,528,8,520
100900025,15,19,-4
100900026,115,81,34
100900027,594,2889,-2295
100900028,101,239,-138
100900029,49,3,46
100900030,1,74,-73
100900031,735,48,687
100900032,293,0,293
100900033,271,224,47
100900034,623,0,623
100900035,411,1,410
100900036,24,0,24
100900037,132,108,24
100900038,108,59,49
100900039,185,310,-125
100900040,460,461,-1
100900041,1046,388,658
100900042,1445,1261,184
100900043,0,21,-21
100900044,1417,653,764
100900045,4,0,4
100900046,1170,18,1152
100900047,665,254,411
100900048,145,45,100
100900049,55,104,-49
100900050,2,8,-6
100900051,58,117,-59
100900052,529,38,491
100900053,482,22,460
100900054,9,34,-25
100900055,275,799,-524
100900056,81,150,-69
100900057,1517,1315,202
100900058,483,46,437
100900059,98,10,88
100900060,222,11,211
100900061,352,149,203
100900062,4,21,-17
100900063,268,699,-431
100900064,784,23,761
100900065,80,118,-38
100900066,109,172,-63
100900067,4,13,-9
100900068,133,58,75
100900069,453,19,434
100900070,495,11,484
100900071,647,206,441
100900072,2,23,-21
100900073,169,359,-190
100900074,1,9,-8
100900075,1658,328,1330
100900076,9,32,-23
100900077,25,39,-14
100900078,90,371,-281
100900079,15,10,5
100900080,75,155,-80
100900081,25,136,-111
100900082,143,319,-176
100900083,7,24,-17
100900085,15,245,-230
100900086,156,692,-536
100900088,134,301,-167
100900089,3,13,-10
100900090,121,543,-422
100900091,7,12,-5
100900092,187,196,-9
100900093,265,277,-12
100900094,182,279,-97
100900095,5,17,-12
100900096,48,91,-43
100900097,2,1,1
100900098,16,21,-5
100900099,20,416,-396
100900100,10,643,-633
100900101,212,46,166
100900102,86,135,-49
100900103,3,13,-10
100900104,5,128,-123
100900105,43,511,-468
100900106,27,4,23
100900107,1698,795,903
100900108,15,84,-69
100900109,15,29,-14
100900110,3,28,-25
100900111,25,159,-134
100900112,3,19,-16
100900113,26,29,-3
100900114,6,12,-6
100900115,7,23,-16
100900116,870,692,178
100900117,329,1018,-689
100900118,161,157,4
100900119,36,10,26
100900120,10,12,-2
100900121,359,580,-221
100900122,157,139,18
100900123,166,174,-8
100900124,3,5,-2
100900125,6,53,-47
100900126,179,262,-83
100900127,5,5,0
100900128,68,178,-110
100900129,1,160,-159
100900131,113,206,-93
100900133,77,67,10
100900134,2,2,0
100900135,1,230,-229
100900137,367,182,185
100900138,483,486,-3
100900139,9,4,5
100900140,4,400,-396
100900141,5,694,-689
100900142,1,16,-15
100900143,584,458,126
100900144,6,2,4
100900145,139,171,-32
100900146,10,56,-46
100900147,22,546,-524
100900148,36,335,-299
100900149,32,293,-261
100900150,8,35,-27
100900151,136,411,-275
100900152,212,14,198
100900153,2,166,-164
100900154,28,88,-60
100900155,11,16,-5
100900156,35,5,30
100900157,14,229,-215
100900158,502,141,361
100900159,2,28,-26
100900160,39,10,29
100900161,47,4,43
100900162,29,379,-350
100900163,138,160,-22
100900164,67,41,26
100900165,30,40,-10
100900166,18,7,11
100900167,23,60,-37
100900168,59,166,-107
100900169,103,838,-735
100900170,39,6,33
100900171,9,362,-353
100900172,0,30,-30
100900173,13,266,-253
100900174,280,37,243
100900176,1668,253,1415
100900177,508,285,223
100900178,325,111,214
100900179,256,335,-79
100900180,4,3,1
100900181,73,95,-22
100900182,42,44,-2
100900184,15,123,-108
100900186,559,404,155
100900187,22,54,-32
100900188,37,16,21
100900189,1419,210,1209
100900191,803,1141,-338
100900192,146,453,-307
100900195,123,125,-2
100900197,20,36,-16
100900198,43,150,-107
100900199,9,13,-4
100900200,678,381,297
100900201,86,609,-523
100900202,56,0,56
100900203,0,168,-168
100900204,257,884,-627
100900205,156,566,-410
100900206,227,102,125
100900207,316,142,174
100900210,67,408,-341
100900211,470,233,237
100900213,173,51,122
100900214,622,151,471
100900215,21,51,-30
101000001,2547,2030,517
101000002,5833,6145,-312
101000003,442,1193,-751
101000004,7151,6142,1009
101000005,5292,5083,209
101000006,6909,7028,-119
101000007,3704,4459,-755
101000008,2025,2158,-133
101000009,2165,891,1274
101000010,841,716,125
101000011,1088,441,647
101000012,811,758,53
101000013,722,1066,-344
101000014,376,471,-95
101000015,1347,734,613
101000016,296,516,-220
101000017,481,387,94
101000018,1634,1998,-364
101000020,1739,904,835
101000021,628,406,222
101000022,305,177,128
101000023,991,587,404
101000025,301,463,-162
101000026,221,38,183
101000027,2375,2842,-467
101000028,34,28,6
101000029,226,2099,-1873
101000030,1918,167,1751
101000031,660,1239,-579
101000032,5709,4784,925
101000033,1637,3833,-2196
101000034,1453,1843,-390
101000035,765,347,418
101000036,1059,910,149
101000037,1427,1581,-154
101000039,1521,3006,-1485
101000040,2263,4083,-1820
101000041,6095,9251,-3156
101000042,369,1476,-1107
101000043,4987,9520,-4533
101000045,1063,1024,39
101000046,2699,2244,455
101000047,1898,5036,-3138
101000048,615,594,21
101000049,666,2145,-1479
101000050,1679,2567,-888
101000051,1328,3082,-1754
101000052,1146,1290,-144
101000053,970,1252,-282
101000054,1932,1085,847
101000055,1157,1275,-118
101000056,30,95,-65
101000057,1152,1211,-59
101000058,729,1305,-576
101000059,1560,2101,-541
101000060,1446,668,778
101000061,648,1187,-539
101000062,488,732,-244
101000063,424,962,-538
101000064,717,900,-183
101000065,287,529,-242
101000066,838,865,-27
101000067,946,1058,-112
101000068,199,565,-366
101000069,191,70,121
101000070,685,1042,-357
101000071,1851,869,982
101000072,637,3441,-2804
101000073,736,1169,-433
101000074,4263,4103,160
101000075,3123,5669,-2546
101000077,1582,1308,274
101000078,914,1408,-494
101000079,1346,425,921
101000080,1336,622,714
101000081,1721,1568,153
101000082,2426,2426,0
101000083,2572,2140,432
101000084,1257,662,595
101000085,1423,1007,416
101000086,858,1086,-228
101000087,734,826,-92
101000088,1247,1113,134
101000089,1112,1404,-292
101000090,1694,962,732
101000091,417,596,-179
101000092,1089,659,430
101000093,1381,645,736
101000094,1007,943,64
101000095,561,540,21
101000096,431,338,93
101000097,490,440,50
101000098,394,505,-111
101000099,752,1091,-339
101000100,827,974,-147
101000101,289,449,-160
101000102,707,537,170
101000103,603,492,111
101000104,337,692,-355
101000105,290,432,-142
101000106,673,1072,-399
101000107,313,325,-12
101000108,582,207,375
101000109,429,61,368
101000110,30,313,-283
101000111,60,189,-129
101000113,249,673,-424
101000114,6800,9155,-2355
101000115,70,91,-21
101000116,86,103,-17
101000117,1196,230,966
101000119,44,66,-22
101000120,125,45,80
101000121,52,70,-18
101000122,121,126,-5
101000123,31,124,-93
101000124,1147,261,886
101000125,147,354,-207
101000128,432,832,-400
101000130,165,243,-78
101000131,888,456,432
101000132,841,674,167
101000135,20,41,-21
101000136,334,185,149
101000137,33,320,-287
101000141,798,3215,-2417
101000147,575,300,275
101000148,653,34,619
101000149,132,216,-84
101000150,131,406,-275
101000151,258,29,229
101000152,319,273,46
101000153,443,222,221
101000154,294,693,-399
101000155,444,171,273
101000156,10,280,-270
101000157,51,38,13
101000160,69,17,52
101000163,247,354,-107
101000164,257,269,-12
101000165,226,355,-129
101000166,281,254,27
101000168,753,432,321
101000252,2293,969,1324
101000254,184,176,8
101000258,65,8,57
101000261,139,53,86
101000262,1321,2748,-1427
101000263,443,1325,-882
101000265,76,871,-795
101000266,385,425,-40
101000269,32,20,12
101000290,881,2366,-1485
101000293,49,46,3
101000294,667,422,245
101000295,145,257,-112
101000301,377,536,-159
101000304,1782,2188,-406
101000305,2451,1094,1357
101900001,18,38,-20
101900002,0,8,-8
101900003,25,82,-57
101900004,0,66,-66
101900005,2526,2916,-390
101900006,1084,78,1006
101900007,794,267,527
101900008,77,270,-193
101900009,57,387,-330
101900010,697,716,-19
101900011,234,1068,-834
101900012,349,231,118
101900013,632,206,426
101900017,8,114,-106
101900018,688,205,483
101900019,177,110,67
101900020,368,157,211
101900021,0,63,-63
101900022,163,690,-527
101900023,136,147,-11
102000001,2430,4761,-2331
102000002,2135,825,1310
102000003,2727,7448,-4721
102000004,4583,2800,1783
102000005,1181,2232,-1051
102000006,950,1875,-925
102000007,1633,4479,-2846
102000008,3503,1395,2108
102000009,6505,7573,-1068
102000010,4094,2769,1325
102000011,3261,3105,156
102000012,2639,2477,162
102000018,2387,2527,-140
102000019,2041,1601,440
102000026,179,469,-290
102000029,226,169,57
102000030,140,372,-232
102000031,81,111,-30
102000032,540,251,289
102000033,249,306,-57
102000034,544,433,111
102000035,964,566,398
102000036,13,242,-229
102000037,139,41,98
102000038,140,301,-161
102000039,181,84,97
102000040,299,253,46
102000041,172,330,-158
102000042,178,394,-216
102000043,226,209,17
102000044,288,382,-94
102000045,699,613,86
102000046,1043,608,435
102000047,755,766,-11
102000048,476,653,-177
102000049,969,690,279
102000050,904,985,-81
102000051,453,608,-155
102000052,1070,711,359
102000053,902,898,4
102000054,713,1036,-323
102000055,1316,488,828
102000056,1068,717,351
102000057,1311,539,772
102000058,1185,997,188
102000059,1218,1157,61
102000060,1111,801,310
102000061,1769,1507,262
102000062,1971,897,1074
102000063,911,1155,-244
102000064,403,509,-106
102000065,54,108,-54
102000066,771,819,-48
102000067,1796,2348,-552
102000068,8634,2350,6284
102000069,122,1980,-1858
102000070,1163,51,1112
102000071,5373,6649,-1276
102000072,2623,3369,-746
102000073,1983,1193,790
102000074,784,1815,-1031
102000075,141,396,-255
102000076,300,311,-11
102000077,701,598,103
102000078,892,600,292
102000079,216,235,-19
102000080,264,232,32
102000081,284,841,-557
102000082,563,395,168
102000083,665,227,438
102000084,341,243,98
102000085,1839,775,1064
102000086,1190,874,316
102000087,805,1203,-398
102000088,327,304,23
102000089,1297,368,929
102000090,562,1136,-574
102000091,1243,663,580
102000092,354,645,-291
102000093,402,654,-252
102000094,780,655,125
102000095,745,1197,-452
102000096,682,826,-144
102000097,737,845,-108
102000098,504,772,-268
102000099,815,817,-2
102000100,413,1160,-747
102000101,594,707,-113
102000102,236,1133,-897
102000103,1349,438,911
102000104,454,247,207
102000105,261,382,-121
102000106,872,404,468
102000107,1419,369,1050
102000108,642,134,508
102000109,477,398,79
102000110,1109,759,350
102000111,9,184,-175
102000112,146,110,36
102000113,20,23,-3
102000114,569,277,292
102000115,271,303,-32
102000116,468,563,-95
102000117,158,713,-555
102000118,965,1146,-181
102000119,1105,921,184
102000120,192,430,-238
102000121,1002,582,420
102000122,794,837,-43
102000123,1258,1139,119
102000124,1415,1046,369
102000125,885,894,-9
102000126,867,584,283
102000127,1360,642,718
102000128,922,769,153
102000129,1483,731,752
102000130,843,664,179
102000131,2087,634,1453
102000132,826,996,-170
102000133,2313,1294,1019
102000134,890,630,260
102000135,765,777,-12
102000136,910,600,310
102000137,709,1004,-295
102000138,253,532,-279
102000139,99,520,-421
102000140,189,411,-222
102000141,256,496,-240
102000142,385,296,89
102000143,196,254,-58
102000144,346,275,71
102000145,372,346,26
102000146,429,273,156
102000147,594,388,206
102000148,184,479,-295
102000149,198,253,-55
102000150,494,87,407
102000151,102,205,-103
102000152,209,93,116
102000153,1042,520,522
102000154,206,516,-310
102000155,66,284,-218
102000156,238,164,74
102000157,94,402,-308
102000158,245,300,-55
102000159,665,529,136
102000161,2407,2135,272
102000162,156,162,-6
102000163,76,539,-463
102000164,740,1185,-445
102000165,205,108,97
102000166,84,148,-64
102000167,199,168,31
102000168,276,146,130
102000169,141,482,-341
102000170,390,235,155
102000171,268,293,-25
102000172,211,598,-387
102000173,436,296,140
102000174,79,67,12
102000175,126,67,59
102000176,74,34,40
102000178,283,367,-84
102000179,484,208,276
102000180,1117,435,682
102000181,849,420,429
102000182,605,365,240
102000183,1956,1317,639
102000184,1989,577,1412
102000185,3219,982,2237
102000186,1350,1236,114
102000187,857,952,-95
102000188,1098,1262,-164
102000189,1804,616,1188
102000190,573,2706,-2133
102000191,1293,403,890
102000192,1063,1399,-336
102000193,69,79,-10
102000194,41,75,-34
102000195,380,324,56
102000196,257,236,21
102000197,776,289,487
102000198,282,465,-183
102000199,1042,242,800
102000200,315,722,-407
102000201,1140,401,739
102000202,2,66,-64
102000203,399,137,262
102000204,519,501,18
102000205,1276,363,913
102000206,823,421,402
102000207,769,408,361
102000208,374,301,73
102000209,94,38,56
102000210,449,304,145
102000211,560,228,332
102000212,360,7,353
102000213,10,190,-180
102000214,329,10,319
102000215,8,252,-244
102000216,67,61,6
102000217,5,88,-83
102000218,264,154,110
102000219,245,182,63
102000225,412,564,-152
102000226,2428,1213,1215
102000227,154,1,153
102000228,2,79,-77
102000229,33,56,-23
102000230,248,305,-57
102000231,248,352,-104
102000232,13,96,-83
102000233,383,519,-136
102000234,100,1067,-967
102000236,233,67,166
102000237,411,90,321
102000238,184,214,-30
102000240,376,594,-218
102000241,155,126,29
102000243,25,55,-30
102000245,10,62,-52
102000246,4,37,-33
102000247,168,380,-212
102000248,208,564,-356
102000249,133,127,6
102000250,71,268,-197
102000254,154,196,-42
102000266,27,346,-319
102000271,15,0,15
102000286,348,404,-56
102000297,1783,857,926
102000299,0,0,0
102000302,0,0,0
102000305,0,0,0
102000306,0,0,0
102000307,0,4,-4
102000308,0,2,-2
102900001,1314,571,743
102900002,330,33,297
102900003,63,138,-75
102900005,416,199,217
102900006,533,105,428
102900007,604,30,574
102900008,238,41,197
102900009,489,288,201
102900010,297,835,-538
102900011,1339,343,996
102900012,351,71,280
102900013,48,65,-17
102900015,624,447,177
102900016,66,76,-10
102900017,203,365,-162
102900018,41,68,-27
102900019,406,407,-1
102900020,140,32,108
102900021,29,66,-37
102900022,426,163,263
102900023,21,40,-19
102900024,23,70,-47
102900025,154,64,90
102900026,361,1939,-1578
102900027,82,59,23
102900028,182,749,-567
102900029,175,176,-1
102900030,405,340,65
102900031,202,140,62
102900032,140,117,23
102900033,96,158,-62
102900034,569,81,488
102900035,158,199,-41
102900036,340,279,61
102900037,355,298,57
102900038,399,325,74
102900039,10,500,-490
102900040,191,264,-73
102900041,66,166,-100
102900042,215,218,-3
102900043,159,157,2
102900044,535,1400,-865
102900045,163,407,-244
102900046,144,174,-30
102900047,114,511,-397
102900048,524,352,172
102900049,121,312,-191
102900050,189,231,-42
102900051,188,162,26
102900052,52,60,-8
102900053,294,476,-182
102900054,468,1084,-616
102900055,100,209,-109
102900056,108,316,-208
102900057,10,48,-38
102900058,366,83,283
102900059,12,41,-29
102900060,137,337,-200
102900061,248,263,-15
102900062,303,563,-260
102900063,1217,377,840
102900064,149,424,-275
102900065,1049,411,638
102900066,333,22,311
102900068,133,79,54
102900070,222,410,-188
102900072,10,59,-49
102900073,112,9,103
102900074,253,227,26
102900075,14,76,-62
102900076,104,154,-50
102900077,44,51,-7
102900078,30,70,-40
102900079,220,12,208
102900080,426,56,370
102900081,74,240,-166
102900082,5,190,-185
102900083,136,10,126
102900084,5,32,-27
102900085,352,128,224
102900086,17,56,-39
102900087,174,78,96
102900088,49,22,27
102900089,161,103,58
102900090,6,240,-234
102900091,243,4,239
102900092,588,556,32
102900093,323,204,119
102900094,4,130,-126
102900095,149,2,147
102900096,58,17,41
102900097,18,107,-89
103000001,2470,1919,551
103000002,1833,2048,-215
103000003,2894,2686,208
103000004,732,592,140
103000005,1519,2484,-965
103000006,703,1248,-545
103000007,285,570,-285
103000008,969,571,398
103000009,1375,896,479
103000010,119,59,60
103000011,1292,1039,253
103000012,1549,1280,269
103000013,2887,1650,1237
103000014,1302,2680,-1378
103000015,1297,472,825
103000016,442,1325,-883
103000017,190,382,-192
103000018,618,252,366
103000019,352,345,7
103000020,1914,1181,733
103000021,1752,1772,-20
103000022,693,903,-210
103000023,631,1690,-1059
103000024,69,86,-17
103000025,136,656,-520
103000026,750,106,644
103000027,213,568,-355
103000028,219,247,-28
103000029,184,284,-100
103000030,1091,894,197
103000031,1059,1772,-713
103000032,2124,1431,693
103000033,2890,2402,488
103000034,1355,1021,334
103000035,447,1247,-800
103000036,325,412,-87
103000037,490,498,-8
103000038,505,1051,-546
103000039,525,312,213
103000040,452,674,-222
103000041,1445,1548,-103
103000042,1353,376,977
103000043,686,637,49
103000044,319,142,177
103000046,398,420,-22
103000047,606,401,205
103000048,176,150,26
103000049,109,111,-2
103000050,717,323,394
103000051,590,437,153
103000052,797,287,510
103000053,221,574,-353
103000054,2482,1060,1422
103000055,1763,1699,64
103000056,794,1051,-257
103000057,697,178,519
103000058,706,648,58
103000059,437,613,-176
103000060,750,481,269
103000061,402,693,-291
103000062,1186,415,771
103000063,826,909,-83
103000064,158,154,4
103000065,4,317,-313
103000066,196,9,187
103000069,378,201,177
103000070,1002,532,470
103000071,1296,470,826
103000072,133,478,-345
103000073,702,112,590
103000074,772,106,666
103000075,130,471,-341
103000076,347,375,-28
103000077,17,288,-271
103000078,698,656,42
103000079,519,482,37
103000080,739,313,426
103000081,408,840,-432
103000082,498,160,338
103000083,123,210,-87
103000084,123,9,114
103000085,3,55,-52
103000086,461,350,111
103000087,192,462,-270
103000088,177,236,-59
103000089,284,404,-120
103000090,2089,773,1316
103000091,581,386,195
103000092,279,199,80
103000093,250,297,-47
103000094,253,77,176
103000095,59,251,-192
103000096,537,80,457
103000097,56,546,-490
103000098,708,145,563
103000099,224,550,-326
103000100,158,509,-351
103000101,1024,102,922
103000102,119,402,-283
103000103,752,152,600
103000104,68,95,-27
103000105,182,63,119
103000106,7,99,-92
103000107,207,57,150
103000108,771,510,261
103000109,357,391,-34
103000110,431,414,17
103000111,369,351,18
103000112,307,220,87
103000113,436,467,-31
103000114,1070,412,658
103000115,743,416,327
103000116,671,326,345
103000117,368,386,-18
103000118,445,461,-16
103000119,786,354,432
103000120,64,69,-5
103000121,130,328,-198
103000122,264,301,-37
103000125,13,190,-177
103000126,711,4,707
103000127,1,132,-131
103000128,204,2,202
103000129,1,91,-90
103000130,93,53,40
103000131,132,63,69
103000132,63,156,-93
103000133,14,124,-110
103000134,324,892,-568
103000135,473,197,276
103000136,521,384,137
103000137,405,442,-37
103000138,619,560,59
103000139,5,55,-50
103000140,101,32,69
103000141,29,91,-62
103000142,181,58,123
103000143,59,145,-86
103000144,190,44,146
103000145,42,171,-129
103000150,79,35,44
103000152,167,228,-61
103000153,174,137,37
103000156,10,205,-195
103000157,497,1,496
103000159,134,42,92
103000162,47,13,34
103000163,7,24,-17
103000164,8,7,1
103000165,84,161,-77
103000166,177,255,-78
103000167,150,93,57
103000168,104,136,-32
103000169,166,420,-254
103000170,818,250,568
103000171,35,93,-58
103000172,885,576,309
103000173,741,239,502
103000174,236,236,0
103000175,328,169,159
103000176,780,536,244
103000177,411,361,50
103000178,206,335,-129
103000179,189,26,163
103000183,116,18,98
103000185,107,34,73
103000186,159,91,68
103000187,792,257,535
103000188,16,73,-57
103000189,617,467,150
103000191,489,493,-4
103000292,931,1558,-627
103000293,821,2679,-1858
103000295,78,96,-18
103000296,275,4,271
103000297,53,76,-23
103000504,189,15,174
103000505,4,17,-13
103000506,1,142,-141
103000507,175,1,174
103000508,38,85,-47
103000509,246,468,-222
103900001,11,105,-94
103900002,808,156,652
103900003,1136,173,963
103900004,156,1,155
103900005,2,135,-133
103900006,0,1,-1
103900007,40,1,39
103900008,14,1,13
103900009,300,439,-139
103900010,124,362,-238
103900011,375,144,231
103900012,25,27,-2
103900013,67,51,16
103900014,75,13,62
103900015,77,4,73
103900016,237,195,42
103900017,36,72,-36
103900018,437,193,244
103900019,120,316,-196
103900020,171,481,-310
103900021,376,46,330
103900022,955,516,439
103900023,219,2,217
103900024,71,372,-301
103900025,8,32,-24
103900026,138,0,138
103900027,865,164,701
103900028,14,252,-238
103900029,933,73,860
103900030,289,111,178
103900031,50,4,46
103900032,68,56,12
103900033,53,19,34
103900034,50,80,-30
103900035,63,24,39
103900036,44,36,8
103900037,92,78,14
103900038,82,151,-69
103900039,105,211,-106
103900040,6,108,-102
103900041,61,44,17
103900042,95,194,-99
103900043,233,59,174
103900044,93,252,-159
103900045,443,162,281
103900047,88,24,64
103900048,33,35,-2
103900049,174,943,-769
103900050,23,173,-150
103900051,0,47,-47
103900052,213,306,-93
103900053,183,368,-185
103900054,127,230,-103
103900055,507,192,315
103900056,30,30,0
103900057,69,94,-25
103900058,264,425,-161
103900059,0,15,-15
103900060,58,97,-39
103900061,172,28,144
103900062,391,147,244
103900063,31,0,31
103900064,143,5,138
103900065,679,391,288
103900066,226,37,189
103900067,235,11,224
103900068,3,2,1
103900069,63,16,47
103900070,184,159,25
103900071,19,90,-71
103900072,29,130,-101
103900073,38,22,16
103900074,63,54,9
103900075,151,52,99
103900076,564,344,220
103900077,52,115,-63
103900078,364,96,268
103900079,149,164,-15
103900080,10,23,-13
103900081,40,17,23
103900082,12,141,-129
103900083,914,1311,-397
103900084,90,144,-54
103900085,65,129,-64
103900086,841,376,465
103900087,38,68,-30
103900088,344,542,-198
103900089,56,90,-34
103900090,3,72,-69
103900091,985,203,782
103900092,769,417,352
103900093,67,212,-145
103900094,12,77,-65
103900095,270,191,79
103900096,69,108,-39
103900097,12,373,-361
103900098,259,118,141
103900099,139,113,26
103900100,367,215,152
103900101,57,890,-833
103900102,2,18,-16
103900104,5,11,-6
103900105,56,135,-79
103900106,0,48,-48
103900107,172,123,49
103900108,36,175,-139
103900109,155,66,89
103900110,304,33,271
103900111,149,405,-256
103900112,78,76,2
103900113,135,217,-82
103900114,326,244,82
103900115,262,245,17
103900116,2978,2831,147
103900117,70,48,22
103900119,21,60,-39
103900120,28,67,-39
103900122,139,139,0
103900123,762,509,253
103900124,53,9,44
103900125,95,38,57
103900126,610,261,349
103900127,191,338,-147
103900128,169,110,59
103900131,42,74,-32
103900133,1059,85,974
103900134,1,8,-7
103900135,3,2,1
103900137,2,24,-22
103900138,68,108,-40
103900139,240,2247,-2007
103900140,5,172,-167
103900141,265,49,216
103900142,295,64,231
103900143,128,5,123
103900144,0,29,-29
103900145,184,204,-20
103900146,335,198,137
103900147,465,130,335
103900148,252,237,15
103900149,339,418,-79
103900150,3927,4371,-444
103900151,49,155,-106
103900152,682,251,431
103900153,12,0,12
103900154,565,1679,-1114
103900155,34,146,-112
103900156,51,151,-100
103900157,64,85,-21
103900158,156,91,65
103900159,209,46,163
103900160,74,37,37
103900161,92,142,-50
103900162,64,116,-52
103900163,6,411,-405
103900164,281,24,257
103900167,28,128,-100
103900168,125,88,37
103900169,72,48,24
103900170,0,68,-68
103900171,0,47,-47
103900172,3,18,-15
103900173,13,22,-9
103900174,264,52,212
103900175,41,70,-29
103900176,14,39,-25
103900177,11,52,-41
103900178,46,29,17
103900179,50,57,-7
103900180,15,57,-42
103900181,38,28,10
103900182,17,11,6
103900184,320,87,233
103900185,105,483,-378
103900187,31,80,-49
103900188,47,17,30
103900189,107,9,98
103900190,82,44,38
103900191,37,40,-3
103900192,58,86,-28
103900193,111,118,-7
103900194,58,131,-73
103900195,1,97,-96
103900196,33,38,-5
103900197,18,15,3
103900198,14,44,-30
103900199,138,47,91
103900200,213,89,124
103900201,164,182,-18
103900202,10,55,-45
103900203,61,22,39
103900204,0,54,-54
103900207,0,64,-64
103900208,142,1,141
103900209,10,55,-45
103900210,46,29,17
103900211,586,256,330
103900212,139,239,-100
103900213,37,216,-179
103900214,154,159,-5
103900215,219,278,-59
103900216,20,544,-524
103900217,363,50,313
103900218,0,239,-239
103900219,152,163,-11
103900233,57,5,52
103900235,14,19,-5
103900236,6,6,0
103900242,1,6,-5
103900243,1,4,-3
103900244,107,148,-41
103900245,101,135,-34
103900246,54,44,10
103900247,22,81,-59
103900248,1,40,-39
103900249,25,68,-43
103900250,6,19,-13
103900251,0,24,-24
103900253,14,84,-70
103900254,3,9,-6
103900255,3,8,-5
103900256,8,12,-4
103900257,10,67,-57
103900258,23,2,21
103900259,38,2,36
103900261,5,7,-2
103900262,15,2,13
103900263,27,24,3
103900264,42,13,29
103900265,28,7,21
103900266,1,95,-94
103900267,3,31,-28
104000001,2356,2059,297
104000002,1420,1762,-342
104000003,2110,1814,296
104000004,2281,2017,264
104000005,1594,1665,-71
104000006,2757,2148,609
104000007,3663,3696,-33
104000008,191,178,13
104000009,244,101,143
104000010,170,298,-128
104000011,300,171,129
104000012,94,187,-93
104000013,242,170,72
104000014,225,374,-149
104000015,339,118,221
104000016,542,265,277
104000018,826,139,687
104000019,594,219,375
104000020,112,319,-207
104000021,224,269,-45
104000022,122,192,-70
104000023,1049,293,756
104000024,250,260,-10
104000026,50,253,-203
104000027,237,145,92
104000028,427,185,242
104000029,323,180,143
104000030,260,201,59
104000031,1476,351,1125
104000032,221,165,56
104000033,717,444,273
104000034,357,205,152
104000035,994,303,691
104000036,835,387,448
104000037,294,183,111
104000038,602,249,353
104000039,222,156,66
104000040,185,238,-53
104000041,1189,231,958
104000042,252,254,-2
104000043,320,246,74
104000044,274,388,-114
104000045,845,625,220
104000046,737,983,-246
104000047,658,767,-109
104000048,925,943,-18
104000049,596,247,349
104000050,160,597,-437
104000051,102,429,-327
104000052,1593,1353,240
104000053,839,368,471
104000054,634,254,380
104000055,2920,1858,1062
104000056,711,187,524
104000057,107,277,-170
104000058,903,574,329
104000059,436,847,-411
104000060,1142,1032,110
104000061,1214,751,463
104000062,387,104,283
104000064,415,304,111
104000065,167,623,-456
104000069,690,1185,-495
104000070,48,499,-451
104000071,124,319,-195
104000072,728,150,578
104000075,74,205,-131
104000076,485,112,373
104000082,2066,2988,-922
104000083,707,177,530
104000084,104,402,-298
104000085,252,351,-99
104000086,186,359,-173
104000087,292,2040,-1748
104000090,821,921,-100
104000092,1376,1286,90
104000094,806,1039,-233
104000095,1771,1071,700
104000096,1679,159,1520
104000097,1818,644,1174
104000098,2614,632,1982
104000100,1896,505,1391
104000101,1073,1112,-39
104000106,33,569,-536
104000107,511,255,256
104000108,202,380,-178
104000109,321,84,237
104000110,825,1076,-251
104000111,2509,2591,-82
104000112,1370,452,918
104000116,3,726,-723
104000117,150,396,-246
104000118,744,127,617
104000119,666,227,439
104000120,266,556,-290
104000121,192,472,-280
104000122,623,619,4
104000123,629,594,35
104000124,572,1488,-916
104000125,2613,4528,-1915
104000126,466,406,60
104000127,1084,1478,-394
104000128,591,335,256
104000129,61,0,61
104000130,1,297,-296
104000131,311,291,20
104000132,275,282,-7
104000133,1325,684,641
104000134,920,1405,-485
104000135,348,1824,-1476
104000136,596,3990,-3394
104000137,1335,452,883
104000138,691,320,371
104000139,3471,2531,940
104000141,864,933,-69
104000142,553,432,121
104000143,535,332,203
104000144,89,141,-52
104000145,357,185,172
104000146,193,387,-194
104000147,116,265,-149
104000148,435,188,247
104000149,143,220,-77
104000150,1016,574,442
104000151,325,284,41
104000152,557,451,106
104000153,760,576,184
104000154,682,417,265
104000155,497,497,0
104000157,844,844,0
104000158,276,575,-299
104000159,740,523,217
104000160,1658,1736,-78
104000161,195,207,-12
104000162,70,166,-96
104000165,633,832,-199
104000167,722,1204,-482
104000168,607,11,596
104000169,157,30,127
104000170,270,606,-336
104000248,285,381,-96
104000251,61,121,-60
104000272,0,0,0
104000273,0,0,0
104000274,0,0,0
104000275,0,0,0
104000279,675,435,240
104000290,105,207,-102
104000291,376,825,-449
104000293,686,561,125
104000294,48,0,48
104000295,493,541,-48
104000296,384,597,-213
104000297,621,1736,-1115
104000298,1714,776,938
104000299,546,1041,-495
104900001,120,274,-154
104900002,65,162,-97
104900003,49,250,-201
104900004,72,177,-105
104900005,370,245,125
104900006,420,61,359
104900007,303,210,93
104900009,195,251,-56
104900010,73,39,34
104900011,36,20,16
104900012,271,30,241
104900013,152,22,130
104900014,1795,306,1489
104900015,80,10,70
104900016,217,150,67
104900017,175,138,37
104900018,10,123,-113
104900019,234,3369,-3135
104900020,23,214,-191
104900021,2,81,-79
104900022,14,73,-59
104900023,1,69,-68
104900024,23,61,-38
104900025,69,180,-111
104900026,1,60,-59
104900027,626,274,352
104900028,42,75,-33
104900029,25,45,-20
104900030,515,226,289
104900031,68,190,-122
104900032,44,113,-69
104900033,170,198,-28
104900034,403,207,196
104900035,359,248,111
104900036,274,88,186
104900037,123,182,-59
104900038,347,963,-616
104900039,493,512,-19
104900040,551,106,445
104900041,255,137,118
104900042,176,126,50
104900043,14,211,-197
104900044,736,213,523
104900045,410,52,358
104900046,286,122,164
104900047,450,155,295
104900048,404,75,329
104900049,43,32,11
104900050,404,82,322
104900051,341,89,252
104900052,74,4,70
104900053,519,139,380
104900054,199,25,174
104900055,145,0,145
104900056,303,22,281
104900057,65,1,64
104900058,734,545,189
104900059,159,26,133
104900060,2,401,-399
104900061,161,362,-201
104900063,0,59,-59
104900064,0,50,-50
104900065,0,178,-178
104900066,2,120,-118
104900067,1,241,-240
104900068,22,162,-140
104900070,196,182,14
104900071,1,465,-464
104900072,52,185,-133
104900073,98,135,-37
104900074,76,135,-59
104900075,64,16,48
104900076,123,166,-43
104900077,624,344,280
104900078,156,311,-155
104900079,130,516,-386
104900080,72,410,-338
104900082,15,245,-230
104900085,0,125,-125
104900087,726,9,717
104900089,265,0,265
104900090,1014,666,348
104900091,577,451,126
104900093,156,394,-238
104900097,1982,2194,-212
104900098,145,46,99
104900099,111,643,-532
104900100,296,244,52
104900102,30,101,-71
104900103,489,61,428
104900104,2245,2277,-32
104900106,133,105,28
104900107,131,121,10
104900108,80,142,-62
104900109,143,209,-66
104900110,5,37,-32
104900111,171,106,65
104900112,294,364,-70
104900113,786,318,468
104900114,350,314,36
104900115,823,300,523
104900116,287,142,145
104900118,22,44,-22
104900119,5,28,-23
104900120,10,260,-250
104900121,0,30,-30
104900122,2,26,-24
104900123,128,10,118
104900124,33,1,32
104900125,548,9,539
104900126,74,51,23
104900127,28,49,-21
104900128,99,175,-76
104900129,1242,2292,-1050
105000001,2463,1083,1380
105000002,2119,1220,899
105000003,2577,3517,-940
105000004,673,694,-21
105000005,1049,1033,16
105000006,1433,1694,-261
105000007,1221,1761,-540
105000008,1269,3638,-2369
105000009,2515,2760,-245
105000010,2582,1447,1135
105000011,3732,2574,1158
105000012,3443,2019,1424
105000013,1037,965,72
105000014,2641,2564,77
105000015,9717,16551,-6834
105000016,1945,1935,10
105000017,1344,785,559
105000018,881,1254,-373
105000019,840,768,72
105000020,125,367,-242
105000021,241,103,138
105000022,242,108,134
105000023,406,280,126
105000028,52,74,-22
105000029,758,1332,-574
105000030,3748,1957,1791
105000033,829,1360,-531
105000034,131,895,-764
105000037,603,213,390
105000038,1919,1577,342
105000039,1806,1367,439
105000040,1160,1246,-86
105000041,700,1049,-349
105000042,3082,1647,1435
105000043,1250,1895,-645
105000044,1168,476,692
105000045,557,683,-126
105000046,1273,318,955
105000047,561,774,-213
105000048,631,203,428
105000049,230,384,-154
105000050,642,355,287
105000051,115,312,-197
105000052,658,604,54
105000053,116,125,-9
105000054,393,635,-242
105000055,786,298,488
105000056,1804,1691,113
105000057,1294,716,578
105000058,1190,993,197
105000059,788,551,237
105000060,397,530,-133
105000061,791,482,309
105000062,497,576,-79
105000063,248,283,-35
105000064,1730,658,1072
105000065,341,367,-26
105000066,924,920,4
105000067,1521,647,874
105000068,333,595,-262
105000069,1259,1895,-636
105000070,413,892,-479
105000071,234,967,-733
105000072,692,2126,-1434
105000073,899,604,295
105000074,863,539,324
105000075,402,688,-286
105000076,905,754,151
105000077,2079,1071,1008
105000078,1046,1212,-166
105000079,1087,2930,-1843
105000080,1960,1597,363
105000081,2708,1251,1457
105000082,1027,1871,-844
105000083,3638,3780,-142
105000084,470,630,-160
105000085,1713,2182,-469
105000086,581,657,-76
105000087,1113,1422,-309
105000088,1227,1412,-185
105000089,2363,1639,724
105000090,945,637,308
105000091,1048,1132,-84
105000092,519,584,-65
105000093,287,226,61
105000094,250,304,-54
105000095,88,372,-284
105000096,1016,1001,15
105000097,769,637,132
105000098,927,623,304
105000099,698,570,128
105000100,1519,891,628
105000101,1855,1627,228
105000102,2006,1233,773
105000103,1318,1831,-513
105000104,2826,819,2007
105000105,1403,1538,-135
105000106,1984,1523,461
105000107,1859,958,901
105000108,1971,1363,608
105000109,1931,1388,543
105000110,920,439,481
105000111,781,491,290
105000112,1143,524,619
105000113,414,624,-210
105000114,1875,1002,873
105000115,257,1132,-875
105000116,810,480,330
105000117,689,537,152
105000118,810,490,320
105000119,810,775,35
105000120,1450,603,847
105000121,974,691,283
105000122,478,606,-128
105000123,1069,853,216
105000124,2070,771,1299
105000125,902,1353,-451
105000126,2199,1189,1010
105000127,2315,1447,868
105000128,781,807,-26
105000129,911,246,665
105000130,359,2979,-2620
105000131,819,244,575
105000132,825,674,151
105000133,545,743,-198
105000134,840,485,355
105000135,392,427,-35
105000136,49,65,-16
105000137,418,187,231
105000138,48,101,-53
105000139,943,631,312
105000140,328,443,-115
105000141,333,323,10
105000142,237,376,-139
105000143,245,467,-222
105000144,253,659,-406
105000145,802,316,486
105000146,356,719,-363
105000147,743,304,439
105000148,1055,473,582
105000149,2736,2044,692
105000150,1645,1230,415
105000151,513,358,155
105000152,196,377,-181
105000153,551,609,-58
105000154,534,410,124
105000155,323,830,-507
105000156,692,447,245
105000157,698,1235,-537
105000158,1922,640,1282
105000159,264,770,-506
105000160,1971,565,1406
105000161,571,638,-67
105000162,562,1602,-1040
105000163,835,608,227
105000164,189,176,13
105000165,648,5286,-4638
105000166,3617,1011,2606
105000167,1370,2043,-673
105000168,513,464,49
105000169,620,229,391
105000170,315,1200,-885
105000171,944,171,773
105000172,126,27,99
105000173,294,44,250
105000174,90,49,41
105000175,87,99,-12
105000176,598,117,481
105000177,332,207,125
105000178,246,374,-128
105000179,744,146,598
105000180,215,98,117
105000181,210,194,16
105000182,63,49,14
105000183,1601,1908,-307
105000184,970,884,86
105000185,1302,901,401
105000186,348,618,-270
105000187,861,213,648
105000188,256,149,107
105000189,165,438,-273
105000190,307,356,-49
105000191,367,352,15
105000192,358,63,295
105000193,75,103,-28
105000194,350,77,273
105000195,362,602,-240
105000196,55,241,-186
105000197,239,419,-180
105000198,410,254,156
105000199,185,552,-367
105000200,84,284,-200
105000201,111,27,84
105000203,7,123,-116
105000204,75,56,19
105000205,64,114,-50
105000207,390,168,222
105000208,238,600,-362
105000209,165,222,-57
105000212,1133,879,254
105000213,117,184,-67
105000214,171,187,-16
105000215,393,147,246
105000216,170,224,-54
105000217,163,224,-61
105000218,1563,807,756
105000221,139,123,16
105000222,411,141,270
105000223,302,185,117
105000226,101,190,-89
105000227,73,92,-19
105000228,159,2102,-1943
105000229,209,518,-309
105000231,303,278,25
105000233,895,661,234
105000234,478,969,-491
105000235,414,577,-163
105000237,736,86,650
105000243,30,101,-71
105000248,83,117,-34
105000262,331,746,-415
105000269,199,181,18
105000270,588,40,548
105000271,0,132,-132
105000282,42,36,6
105000287,331,61,270
105000288,890,365,525
105000289,1853,1799,54
105000290,18,10,8
105000402,2516,4259,-1743
105000426,378,512,-134
105000438,2990,1480,1510
105000446,7945,4913,3032
105000447,4824,2494,2330
105000454,615,192,423
105000455,223,121,102
105000474,45,2,43
105000477,518,511,7
105000478,1973,5507,-3534
105000479,97,99,-2
105000480,7402,6544,858
105000481,4208,3358,850
105000482,3561,5811,-2250
105000483,1605,2113,-508
105000484,1944,2416,-472
105000485,1467,3447,-1980
105000486,2540,1962,578
105000488,7123,4051,3072
105000489,1013,743,270
105000549,82,103,-21
105000550,400,1258,-858
105000551,37,71,-34
105000552,1751,1074,677
105900001,15,1586,-1571
105900002,728,632,96
105900003,6,112,-106
105900004,174,94,80
105900005,25,179,-154
105900006,16,124,-108
105900007,83,40,43
105900008,67,363,-296
105900009,22,16,6
105900011,213,35,178
105900012,518,105,413
105900013,5,23,-18
105900014,7,56,-49
105900015,172,302,-130
105900016,556,408,148
105900017,1696,39,1657
105900018,216,157,59
105900019,77,512,-435
105900020,45,66,-21
105900021,34,316,-282
105900022,237,153,84
105900023,9,112,-103
105900024,9,198,-189
105900025,249,18,231
105900026,216,12,204
105900027,9140,6400,2740
105900028,347,419,-72
105900029,1309,341,968
105900030,184,211,-27
105900031,326,144,182
105900032,109,144,-35
105900033,125,107,18
105900034,248,185,63
105900035,235,162,73
105900036,117,113,4
105900037,114,55,59
105900038,162,231,-69
105900039,155,68,87
105900040,80,86,-6
105900041,144,213,-69
105900042,80,121,-41
105900043,1083,70,1013
105900044,4,281,-277
105900045,5,808,-803
105900046,4,254,-250
105900047,23,68,-45
105900048,124,452,-328
105900050,4712,3827,885
105900051,52,1036,-984
105900052,566,227,339
105900053,2262,3266,-1004
105900054,309,161,148
105900056,522,383,139
105900057,40,125,-85
105900058,16,37,-21
105900059,0,69,-69
106000001,3772,2838,934
106000002,1641,4911,-3270
106000003,3018,3468,-450
106000004,1255,2273,-1018
106000005,3717,4629,-912
106000006,4719,2640,2079
106000007,450,490,-40
106000008,446,275,171
106000009,647,346,301
106000010,653,483,170
106000011,1191,1046,145
106000012,864,1018,-154
106000013,1943,1833,110
106000014,1820,1203,617
106000015,2037,1127,910
106000016,1203,1456,-253
106000017,617,560,57
106000018,534,372,162
106000019,389,351,38
106000020,347,243,104
106000021,280,351,-71
106000022,349,153,196
106000023,578,248,330
106000024,552,321,231
106000025,181,204,-23
106000026,55,149,-94
106000027,1537,1111,426
106000028,549,323,226
106000029,589,761,-172
106000030,383,502,-119
106000034,214,469,-255
106000035,867,1857,-990
106000036,163,466,-303
106000037,1661,970,691
106000038,281,116,165
106000039,113,109,4
106000040,99,681,-582
106000041,597,592,5
106000043,474,211,263
106000046,384,82,302
106000047,42,365,-323
106000049,1017,182,835
106000050,221,434,-213
106000051,683,405,278
106000052,104,436,-332
106000053,491,125,366
106000054,331,326,5
106000055,1123,837,286
106000056,216,241,-25
106000057,437,300,137
106000058,132,111,21
106000059,435,207,228
106000060,276,327,-51
106000061,261,457,-196
106000062,113,435,-322
106000063,632,506,126
106000064,23,337,-314
106000065,359,278,81
106000066,116,238,-122
106000067,544,116,428
106000068,67,443,-376
106000069,272,60,212
106000070,373,512,-139
106000071,1158,234,924
106000072,2095,1328,767
106000073,1235,2948,-1713
106000074,487,559,-72
106000075,263,1126,-863
106000076,1479,1791,-312
106000077,2854,1013,1841
106000078,1186,703,483
106000079,694,712,-18
106000080,1303,542,761
106000081,735,978,-243
106000082,2050,743,1307
106000083,411,1259,-848
106000084,1064,547,517
106000085,1269,1301,-32
106000086,586,707,-121
106000087,934,497,437
106000088,445,614,-169
106000089,1069,260,809
106000090,302,505,-203
106000091,257,390,-133
106000092,705,238,467
106000093,275,112,163
106000094,69,189,-120
106000095,848,481,367
106000096,802,550,252
106000097,1204,571,633
106000098,960,756,204
106000099,215,525,-310
106000100,1375,157,1218
106000101,910,210,700
106000102,170,369,-199
106000103,251,316,-65
106000104,666,328,338
106000105,414,432,-18
106000106,690,381,309
106000107,125,168,-43
106000108,248,203,45
106000109,188,145,43
106000110,270,184,86
106000111,169,265,-96
106000112,242,402,-160
106000113,340,428,-88
106000114,352,510,-158
106000115,142,312,-170
106000116,276,160,116
106000117,988,505,483
106000118,1079,1257,-178
106000119,1104,748,356
106000120,997,1260,-263
106000121,168,145,23
106000122,95,128,-33
106000123,541,109,432
106000124,73,133,-60
106000125,12,172,-160
106000126,276,45,231
106000127,923,552,371
106000128,851,116,735
106000129,483,330,153
106000130,799,234,565
106000131,120,565,-445
106000132,456,147,309
106000133,1144,953,191
106000134,416,1687,-1271
106000135,151,414,-263
106000136,521,1013,-492
106000137,54,533,-479
106000138,1226,94,1132
106000139,60,80,-20
106000140,38,31,7
106000141,81,28,53
106000142,76,86,-10
106000143,52,35,17
106000144,38,96,-58
106000145,274,199,75
106000146,369,126,243
106000147,374,356,18
106000148,392,694,-302
106000149,675,321,354
106000150,516,1602,-1086
106000151,2902,744,2158
106000152,922,1733,-811
106000153,52,1455,-1403
106000154,817,147,670
106000155,117,255,-138
106000156,1056,229,827
106000157,645,1201,-556
106000158,1653,798,855
106000159,2214,1712,502
106000160,526,2719,-2193
106000161,1425,249,1176
106000162,418,1036,-618
106000163,426,245,181
106000164,511,283,228
106000165,239,361,-122
106000166,851,233,618
106000167,389,661,-272
106000168,618,234,384
106000169,354,435,-81
106000170,820,219,601
106000171,220,929,-709
106000172,2566,1212,1354
106000173,985,2131,-1146
106000174,1244,376,868
106000175,245,666,-421
106000176,1985,834,1151
106000177,793,1734,-941
106000178,3229,1385,1844
106000179,858,1577,-719
106000180,801,949,-148
106000181,956,1447,-491
106000182,1550,562,988
106000183,1638,462,1176
106000184,1833,474,1359
106000185,1270,1014,256
106000186,832,141,691
106000187,205,1079,-874
106000188,0,2,-2
106000189,19,36,-17
106000190,21,3,18
106000191,673,185,488
106000192,4,26,-22
106000193,399,172,227
106000194,118,377,-259
106000195,837,235,602
106000196,252,648,-396
106000197,628,288,340
106000198,225,237,-12
106000199,555,687,-132
106000200,152,240,-88
106000201,409,3105,-2696
106000202,2358,537,1821
106000203,20,118,-98
106000204,118,6,112
106000205,20,99,-79
106000206,81,21,60
106000207,26,453,-427
106000208,1599,174,1425
106000209,1700,386,1314
106000210,344,718,-374
106000211,263,792,-529
106000212,978,396,582
106000213,525,1776,-1251
106000214,1866,758,1108
106000215,264,395,-131
106000216,417,235,182
106000217,245,240,5
106000218,327,242,85
106000219,119,192,-73
106000220,338,170,168
106000221,217,163,54
106000222,72,50,22
106000223,315,73,242
106000224,180,133,47
106000225,60,93,-33
106000226,83,187,-104
106000228,58,72,-14
106000229,80,414,-334
106000231,1015,65,950
106000232,66,298,-232
106000233,623,82,541
106000234,52,178,-126
106000235,1041,136,905
106000236,312,77,235
106000237,2,10,-8
106000238,66,17,49
106000239,3,93,-90
106000240,78,5,73
106000241,39,351,-312
106000242,254,46,208
106000249,54,56,-2
106000250,58,639,-581
106000251,108,25,83
106000252,25,46,-21
106000253,80,66,14
106000254,45,24,21
106000255,30,136,-106
106000256,53,13,40
106000257,136,211,-75
106000258,437,33,404
106000259,3,24,-21
106000260,46,8,38
106000261,7,28,-21
106000262,142,6,136
106000263,13,35,-22
106000264,292,11,281
106000265,8,83,-75
106000266,130,43,87
106000267,4,60,-56
106000268,423,75,348
106000269,27,38,-11
106000270,131,442,-311
106000271,56,175,-119
106000272,181,28,153
106000273,8,264,-256
106000274,123,32,91
106000275,149,255,-106
106000276,182,36,146
106000277,106,220,-114
106000278,145,29,116
106000279,19,20,-1
106000280,73,27,46
106000281,66,16,50
106000282,69,50,19
106000283,107,28,79
106000284,85,83,2
106000285,129,73,56
106000286,72,92,-20
106000287,134,45,89
106000288,70,112,-42
106000289,90,33,57
106000290,52,86,-34
106000291,134,71,63
106000292,77,48,29
106000293,127,73,54
106000294,111,77,34
106000295,46,48,-2
106000296,37,81,-44
106000297,55,226,-171
106000298,113,60,53
106000299,60,108,-48
106000300,72,77,-5
106000301,71,95,-24
106000303,40,106,-66
106000304,29,27,2
106000305,42,53,-11
106000306,31,40,-9
106000307,38,35,3
106000308,33,79,-46
106000309,15,56,-41
106000310,320,358,-38
106000311,341,189,152
106000312,106,121,-15
106000313,191,163,28
106000318,56,462,-406
106000319,1090,254,836
106000320,3,79,-76
106000321,227,132,95
106000322,146,82,64
106000324,21,114,-93
106000325,1819,831,988
106000326,877,1253,-376
106000327,193,80,113
106000328,49,104,-55
106000329,87,211,-124
106000330,32,78,-46
106000428,88,89,-1
106000429,145,312,-167
106000430,311,823,-512
106000431,2359,359,2000
106000432,1377,2092,-715
106000433,2657,1159,1498
106000434,3172,1824,1348
106000435,1146,2069,-923
106000436,13,143,-130
106000437,295,55,240
106000438,307,228,79
106000439,99,321,-222
106000440,214,272,-58
106000441,1,1,0
106000442,125,4,121
106000443,180,206,-26
106000450,1,114,-113
106000451,10,65,-55
106000454,2,133,-131
106000455,7,117,-110
106000456,99,18,81
106000457,13,549,-536
106000458,993,78,915
106000459,140,225,-85
106000460,1706,21,1685
106000461,144,682,-538
106000462,1,31,-30
106000463,3,10,-7
106000464,4,300,-296
106000465,836,4,832
106000466,1,338,-337
106000467,155,288,-133
106000468,73,130,-57
106000469,96,8,88
106000470,300,1695,-1395
106000471,21,337,-316
106000472,145,17,128
106000473,51,11,40
106000474,254,299,-45
106000475,270,218,52
106000476,73,163,-90
106000477,14,14,0
106900001,0,12,-12
106900002,2,227,-225
106900003,130,656,-526
106900004,0,27,-27
106900006,1,10,-9
106900007,0,19,-19
106900008,470,152,318
106900009,380,227,153
106900010,229,217,12
106900012,1146,2053,-907
106900013,516,144,372
106900014,36,8,28
106900015,21,2,19
106900016,336,10,326
106900017,11,0,11
106900018,6,1,5
106900019,108,2,106
106900020,1449,1657,-208
106900021,133,90,43
106900022,890,4,886
106900023,62,149,-87
106900024,735,58,677
106900025,57,426,-369
106900026,1,309,-308
106900027,802,1,801
107000001,3483,4868,-1385
107000002,2038,3776,-1738
107000003,6929,6838,91
107000004,4420,3429,991
107000005,5694,5826,-132
107000006,3767,2719,1048
107000007,6143,10203,-4060
107000008,7552,5556,1996
107000009,8543,7543,1000
107000010,7787,6118,1669
107000011,778,938,-160
107000012,3285,2096,1189
107000013,81,69,12
107000014,66,123,-57
107000015,381,456,-75
107000016,652,489,163
107000017,1643,1877,-234
107000018,17,1275,-1258
107000020,1330,1590,-260
107000021,1092,379,713
107000022,749,1449,-700
107000023,1920,203,1717
107000024,597,1125,-528
107000025,287,351,-64
107000026,256,402,-146
107000027,1378,851,527
107000028,1304,902,402
107000029,3570,2581,989
107000030,2254,2132,122
107000031,4852,2582,2270
107000032,407,773,-366
107000033,2410,3299,-889
107000034,3464,1336,2128
107000035,298,226,72
107000036,447,1169,-722
107000037,88,792,-704
107000038,165,228,-63
107000039,647,658,-11
107000040,204,275,-71
107000041,1375,731,644
107000042,673,1881,-1208
107000043,2047,1115,932
107000044,397,238,159
107000045,60,289,-229
107000046,786,396,390
107000047,395,730,-335
107000048,621,287,334
107000049,540,654,-114
107000050,1043,471,572
107000051,242,277,-35
107000052,1021,920,101
107000053,345,223,122
107000054,50,168,-118
107000055,129,86,43
107000056,435,683,-248
107000057,1014,169,845
107000058,2116,2520,-404
107000059,1889,2829,-940
107000060,4732,4826,-94
107000061,4274,2734,1540
107000062,5212,2653,2559
107000063,4129,3380,749
107000064,4667,2367,2300
107000065,3158,3281,-123
107000066,1937,2735,-798
107000067,1237,1100,137
107000068,1273,674,599
107000069,972,581,391
107000070,1101,11,1090
107000071,3930,42,3888
107000072,42,1949,-1907
107000073,958,465,493
107000074,129,700,-571
107000075,2036,607,1429
107000076,568,1066,-498
107000077,4026,1307,2719
107000078,2161,2250,-89
107000079,3076,1130,1946
107000080,929,2041,-1112
107000081,2433,631,1802
107000082,578,1264,-686
107000083,1717,519,1198
107000084,398,1154,-756
107000085,2825,2794,31
107000086,3104,2814,290
107000087,2836,1782,1054
107000088,2788,2988,-200
107000089,1554,1524,30
107000090,1114,823,291
107000091,1597,791,806
107000092,818,714,104
107000093,1196,837,359
107000094,864,842,22
107000095,956,565,391
107000096,509,577,-68
107000097,613,193,420
107000098,282,332,-50
107000099,426,317,109
107000100,278,219,59
107000101,127,152,-25
107000102,166,261,-95
107000103,248,174,74
107000104,157,188,-31
107000105,407,104,303
107000106,243,226,17
107000107,671,124,547
107000108,116,365,-249
107000109,704,150,554
107000110,59,244,-185
107000111,349,58,291
107000112,47,177,-130
107000113,617,104,513
107000114,88,333,-245
107000115,644,146,498
107000116,99,511,-412
107000117,197,606,-409
107000118,126,135,-9
107000119,1135,1289,-154
107000120,646,459,187
107000121,1105,595,510
107000122,1038,697,341
107000123,548,353,195
107000124,624,668,-44
107000125,770,387,383
107000126,564,413,151
107000127,33,284,-251
107000129,173,94,79
107000130,290,266,24
107000131,440,250,190
107000132,648,354,294
107000133,507,123,384
107000134,286,5,281
107000135,3,331,-328
107000136,858,7,851
107000137,11,380,-369
107000138,287,22,265
107000139,19,500,-481
107000140,1631,115,1516
107000141,118,689,-571
107000142,430,111,319
107000143,56,486,-430
107000144,451,576,-125
107000145,139,321,-182
107000146,193,333,-140
107000147,2735,709,2026
107000150,583,2924,-2341
107000151,28,106,-78
107000152,424,1661,-1237
107000153,133,356,-223
107000154,152,299,-147
107000155,1094,24,1070
107000156,1360,15,1345
107000157,38,1029,-991
107000158,495,36,459
107000159,18,485,-467
107000160,1429,152,1277
107000161,100,822,-722
107000162,307,496,-189
107000163,215,1,214
107000164,954,3,951
107000165,1555,14,1541
107000166,27,709,-682
107000167,694,132,562
107000168,1073,445,628
107000169,422,642,-220
107000170,3065,894,2171
107000171,664,1409,-745
107000172,1277,1564,-287
107000173,574,718,-144
107000174,1150,5513,-4363
107000175,5022,1257,3765
107000176,0,1,-1
107000177,3,1,2
107000178,33,26,7
107000179,335,1275,-940
107000180,1699,287,1412
107000181,419,714,-295
107000182,2234,750,1484
107000183,157,621,-464
107000184,1283,559,724
107000185,571,1151,-580
107000186,1629,450,1179
107000187,1344,1135,209
107000188,830,504,326
107000189,579,932,-353
107000190,771,558,213
107000191,708,707,1
107000192,1877,610,1267
107000193,460,541,-81
107000194,843,483,360
107000197,1050,337,713
107000198,325,533,-208
107000199,609,578,31
107000200,560,658,-98
107000201,339,295,44
107000202,286,446,-160
107000203,831,824,7
107000204,1081,957,124
107000205,1769,931,838
107000206,818,1396,-578
107000207,533,975,-442
107000208,846,555,291
107000209,1675,1471,204
107000210,519,312,207
107000211,4,49,-45
107000212,21,278,-257
107000213,9,31,-22
107000214,12,117,-105
107000215,426,285,141
107000216,557,288,269
107000217,161,110,51
107000219,120,172,-52
107000220,185,149,36
107000222,233,454,-221
107000224,542,73,469
107000225,249,294,-45
107000226,578,107,471
107000227,98,174,-76
107000228,67,308,-241
107000229,74,92,-18
107000230,960,465,495
107000231,1072,1762,-690
107000232,153,21,132
107000233,793,907,-114
107000234,2,64,-62
107000235,64,12,52
107000236,13,480,-467
107000237,54,0,54
107000238,32,2,30
107000239,2402,497,1905
107000240,59,543,-484
107000241,92,13,79
107000242,264,23,241
107000243,0,43,-43
107000244,1,41,-40
107000246,1,834,-833
107000249,2,856,-854
107000251,5,255,-250
107000252,1,622,-621
107000255,231,117,114
107000257,1,212,-211
107000258,0,74,-74
107000259,1,109,-108
107000260,707,8,699
107000262,6,282,-276
107000263,384,14,370
107000266,5,17,-12
107000267,64,87,-23
107000268,103,104,-1
107000269,925,97,828
107000270,21,26,-5
107000271,40,330,-290
107000272,60,91,-31
107000273,3,225,-222
107000274,1162,324,838
107000275,17,1180,-1163
107000280,937,49,888
107000281,49,448,-399
107000282,51,515,-464
107000290,9,16,-7
107000291,25,7,18
107000292,3,53,-50
107000293,39,3,36
107000294,0,55,-55
107000295,15,6,9
107000296,0,16,-16
107000444,452,5,447
107000496,4,16,-12
107000497,1245,1550,-305
107000500,331,238,93
107000501,121,144,-23
107000502,161,238,-77
107000505,196,698,-502
107000506,11,69,-58
107000508,6,379,-373
107000509,195,730,-535
107000510,20,36,-16
107000514,62,313,-251
107000515,12,122,-110
107000516,434,320,114
107000518,1026,1815,-789
107000519,1080,633,447
107000520,58,38,20
107900001,76,94,-18
107900002,78,8,70
107900003,259,20,239
107900004,140,1,139
107900005,1724,6,1718
107900006,280,5,275
107900007,457,46,411
107900008,86,22,64
107900009,167,2,165
107900010,53,2,51
107900012,292,55,237
107900013,253,20,233
107900014,71,14,57
107900015,1179,28,1151
107900016,310,114,196
107900017,48,6,42
107900018,74,224,-150
107900019,28,24,4
107900020,54,7,47
107900021,91,103,-12
107900023,8,4,4
107900024,0,32,-32
107900025,217,249,-32
107900026,67,24,43
107900027,21,39,-18
107900028,120,58,62
107900030,189,31,158
107900031,54,55,-1
107900032,31,4,27
107900033,26,10,16
107900034,458,29,429
107900035,1209,55,1154
107900036,96,24,72
107900037,0,14,-14
107900038,108,293,-185
107900039,36,26,10
107900040,32,155,-123
107900041,4,1,3
107900043,76,94,-18
107900044,4,12,-8
107900045,119,56,63
107900046,150,222,-72
107900047,55,35,20
107900048,199,13,186
107900049,245,1226,-981
107900050,77,243,-166
107900051,127,55,72
107900052,31,24,7
107900053,66,78,-12
107900055,958,369,589
107900056,139,96,43
107900057,3,0,3
107900058,41,405,-364
107900060,20,37,-17
107900061,14,13,1
107900063,81,99,-18
107900064,323,238,85
107900065,384,11,373
107900066,32,4,28
107900067,0,0,0
107900068,127,450,-323
107900069,32,2272,-2240
107900070,133,88,45
107900071,33,445,-412
107900072,143,94,49
107900073,182,69,113
107900074,484,312,172
107900076,138,51,87
107900077,74,1,73
107900078,270,89,181
107900079,10,18,-8
107900080,198,540,-342
107900081,65,42,23
107900082,11,9,2
107900083,338,188,150
107900084,128,123,5
107900086,32,265,-233
107900087,536,144,392
107900088,72,13,59
107900089,192,835,-643
107900090,518,2866,-2348
107900091,227,251,-24
107900092,1624,377,1247
107900093,86,62,24
107900095,2370,2087,283
107900097,50,74,-24
107900098,66,220,-154
107900100,752,1714,-962
107900101,792,153,639
107900102,34,10,24
107900103,43,145,-102
107900104,167,9,158
107900105,0,159,-159
107900106,0,674,-674
107900107,1191,453,738
107900108,174,139,35
107900109,1611,26,1585
107900110,64,39,25
107900111,3,534,-531
107900112,65,372,-307
107900113,311,77,234
107900114,168,83,85
107900115,4,22,-18
107900116,182,88,94
107900117,360,247,113
107900118,82,108,-26
107900119,98,300,-202
107900120,35,45,-10
107900121,2,130,-128
107900122,2,80,-78
107900123,8,62,-54
107900124,14,23,-9
107900125,28,164,-136
107900126,6,63,-57
107900127,449,340,109
107900128,80,80,0
107900129,116,15,101
107900130,81,18,63
107900131,421,359,62
107900132,122,229,-107
107900133,1,53,-52
107900134,37,77,-40
107900135,10,111,-101
107900136,30,44,-14
107900137,101,117,-16
107900138,93,17,76
107900139,54,47,7
107900140,82,41,41
107900141,54,36,18
107900142,93,610,-517
107900143,60,14,46
107900144,0,124,-124
107900145,6,73,-67
107900146,67,159,-92
107900147,61,39,22
107900148,158,101,57
107900149,796,233,563
107900150,47,402,-355
107900151,43,69,-26
107900152,7,130,-123
107900153,119,340,-221
107900154,75,17,58
107900155,91,56,35
107900156,6,201,-195
107900157,53,46,7
107900158,1077,44,1033
107900159,27,620,-593
107900160,104,118,-14
107900161,55,120,-65
107900162,0,97,-97
107900163,28,25,3
107900164,11,41,-30
107900165,29,123,-94
107900166,26,116,-90
107900167,46,16,30
107900168,81,30,51
107900169,12,146,-134
107900171,11,825,-814
107900172,2,222,-220
107900173,22,91,-69
107900174,113,2,111
107900175,13,56,-43
107900176,53,25,28
107900177,4,156,-152
107900178,0,106,-106
107900179,16,129,-113
107900180,469,808,-339
107900181,338,234,104
107900182,3,707,-704
107900183,73,155,-82
107900184,111,207,-96
107900185,126,2,124
107900186,44,43,1
107900187,2,114,-112
107900188,473,154,319
107900189,31,71,-40
107900190,45,128,-83
107900191,104,60,44
107900193,2,66,-64
107900194,281,12,269
107900195,1446,268,1178
107900196,43,84,-41
107900197,491,487,4
107900199,0,553,-553
107900201,76,82,-6
107900203,43,53,-10
107900204,155,247,-92
107900205,258,323,-65
107900206,807,232,575
107900207,0,369,-369
107900208,9,335,-326
107900209,268,85,183
107900210,62,77,-15
107900213,811,618,193
107900214,22,86,-64
107900215,150,401,-251
107900216,151,58,93
107900217,41,105,-64
107900218,9,1137,-1128
107900219,34,51,-17
107900220,186,272,-86
107900221,192,241,-49
107900223,80,297,-217
107900224,142,460,-318
107900225,11,464,-453
107900226,86,72,14
107900227,123,325,-202
107900228,19,85,-66
107900229,2,162,-160
107900230,14,58,-44
107900231,19,125,-106
107900232,119,77,42
107900233,12,91,-79
107900234,138,62,76
107900235,24,153,-129
107900236,135,42,93
107900237,43,338,-295
107900238,25,88,-63
107900239,547,510,37
107900240,19,56,-37
107900241,7,70,-63
107900242,48,141,-93
107900243,0,46,-46
107900244,312,3,309
107900245,807,31,776
107900246,483,21,462
107900248,650,251,399
107900249,911,74,837
107900250,1,375,-374
107900251,56,942,-886
107900252,1079,40,1039
107900253,242,11,231
107900254,67,362,-295
107900255,209,88,121
107900256,1028,1192,-164
107900257,304,125,179
107900258,102,158,-56
107900259,57,2496,-2439
107900261,1,248,-247
107900262,47,100,-53
107900264,362,8,354
107900265,134,140,-6
107900267,369,10,359
107900268,26,4,22
107900269,0,7,-7
107900270,1,0,1
107900271,3,23,-20
107900272,87,43,44
107900273,50,66,-16
107900274,119,0,119
107900275,24,0,24
107900276,0,81,-81
107900277,2,117,-115
107900278,384,280,104
107900279,44,139,-95
107900280,1757,1807,-50
107900281,826,3521,-2695
107900282,34,628,-594
107900283,837,748,89
107900284,830,389,441
107900285,147,61,86
107900286,77,118,-41
107900287,294,223,71
107900290,1,164,-163
107900291,541,13,528
107900292,114,130,-16
107900293,52,295,-243
107900295,39,31,8
107900297,4,342,-338
107900298,607,490,117
107900299,1965,2473,-508
107900300,125,297,-172
107900301,755,720,35
107900302,159,44,115
107900303,281,157,124
107900304,421,356,65
107900305,388,31,357
107900306,10,41,-31
107900307,36,198,-162
107900308,165,180,-15
107900309,68,3,65
107900310,745,9,736
107900311,5,554,-549
107900312,46,2,44
107900313,0,160,-160
107900314,1,54,-53
107900315,1,19,-18
107900316,94,0,94
107900317,70,25,45
107900318,9,98,-89
107900319,3,144,-141
107900320,2,121,-119
107900321,158,5,153
107900322,0,64,-64
107900323,1,113,-112
107900324,148,1,147
107900325,130,0,130
107900326,386,176,210
107900327,4,39,-35
107900328,103,2,101
107900329,93,68,25
107900330,12,204,-192
107900331,256,30,226
107900332,307,17,290
107900333,72,11,61
107900334,8,107,-99
107900335,89,32,57
107900336,72,68,4
107900337,689,1008,-319
107900338,4,167,-163
107900339,2,16,-14
107900340,0,37,-37
107900341,64,0,64
107900342,59,39,20
107900343,85,0,85
107900344,1,49,-48
107900345,89,28,61
107900346,23,1,22
107900347,17,4,13
107900348,11,0,11
107900349,34,9,25
107900350,15,153,-138
108000001,3095,3579,-484
108000002,1497,1690,-193
108000003,3734,3542,192
108000004,9642,10862,-1220
108000005,8125,6191,1934
108000006,6123,5734,389
108000007,5477,3586,1891
108000008,3500,4646,-1146
108000009,4099,4513,-414
108000010,2321,3361,-1040
108000011,12178,12437,-259
108000012,12408,11771,637
108000014,680,926,-246
108000015,797,248,549
108000016,277,531,-254
108000017,1238,372,866
108000018,2104,719,1385
108000019,1824,912,912
108000020,1283,582,701
108000021,388,1430,-1042
108000022,386,1079,-693
108000023,1272,258,1014
108000024,281,333,-52
108000025,313,240,73
108000026,794,310,484
108000027,912,365,547
108000028,699,189,510
108000029,572,380,192
108000030,701,188,513
108000031,205,588,-383
108000032,1816,671,1145
108000033,732,636,96
108000034,1980,535,1445
108000035,615,1497,-882
108000036,313,796,-483
108000037,1851,506,1345
108000038,2909,604,2305
108000039,516,1271,-755
108000040,2246,868,1378
108000041,671,1649,-978
108000042,296,187,109
108000043,253,224,29
108000044,644,156,488
108000045,319,342,-23
108000046,1615,272,1343
108000047,359,625,-266
108000048,159,282,-123
108000049,1292,248,1044
108000050,113,337,-224
108000051,364,160,204
108000052,205,398,-193
108000053,475,188,287
108000054,448,996,-548
108000055,1060,543,517
108000056,700,984,-284
108000057,657,1238,-581
108000058,1812,3760,-1948
108000059,2190,1443,747
108000060,213,452,-239
108000061,118,204,-86
108000062,1028,604,424
108000063,468,339,129
108000064,326,225,101
108000065,520,372,148
108000066,1572,635,937
108000067,1992,703,1289
108000068,833,337,496
108000069,192,710,-518
108000070,2253,707,1546
108000071,571,971,-400
108000072,1966,1032,934
108000073,1248,1273,-25
108000074,711,322,389
108000075,344,615,-271
108000076,1030,505,525
108000077,566,499,67
108000078,2595,1161,1434
108000079,666,1070,-404
108000080,1530,463,1067
108000081,500,932,-432
108000082,749,1390,-641
108000083,2171,949,1222
108000084,331,807,-476
108000085,899,486,413
108000086,499,492,7
108000087,158,2365,-2207
108000088,234,6,228
108000089,338,367,-29
108000090,502,152,350
108000091,246,323,-77
108000092,142,75,67
108000093,171,320,-149
108000094,597,102,495
108000095,178,239,-61
108000096,369,163,206
108000097,134,268,-134
108000098,1984,1152,832
108000099,301,66,235
108000100,77,215,-138
108000101,1639,1491,148
108000102,1618,3244,-1626
108000106,780,3,777
108000107,4,806,-802
108000108,694,52,642
108000109,7,628,-621
108000110,240,262,-22
108000111,201,427,-226
108000112,61,140,-79
108000113,430,168,262
108000115,306,222,84
108000117,601,326,275
108000118,59,209,-150
108000119,447,247,200
108000120,142,601,-459
108000121,180,321,-141
108000122,664,276,388
108000123,954,155,799
108000124,307,367,-60
108000125,440,185,255
108000126,172,216,-44
108000127,614,226,388
108000128,725,275,450
108000129,385,621,-236
108000130,630,172,458
108000131,1025,424,601
108000132,1454,834,620
108000133,1205,398,807
108000134,474,351,123
108000135,1293,455,838
108000136,246,663,-417
108000137,514,231,283
108000138,349,337,12
108000139,561,264,297
108000140,114,24,90
108000141,20,37,-17
108000142,59,43,16
108000143,19,21,-2
108000144,54,13,41
108000145,45,9,36
108000146,85,28,57
108000147,45,19,26
108000148,102,22,80
108000149,12,5,7
108000150,40,11,29
108000151,9,16,-7
108000152,130,254,-124
108000153,625,111,514
108000154,53,4,49
108000155,26,22,4
108000156,224,111,113
108000157,221,1338,-1117
108000158,55,701,-646
108000159,317,182,135
108000160,1855,1181,674
108000161,1879,2967,-1088
108000165,6,218,-212
108000172,3,281,-278
108000173,1108,2032,-924
108000175,284,101,183
108000178,347,238,109
108000179,134,961,-827
108000181,57,13,44
108000182,57,33,24
108000183,11,15,-4
108000184,637,2503,-1866
108000185,325,279,46
108000186,228,32,196
108000187,131,351,-220
108000188,732,177,555
108000189,505,1303,-798
108000190,23,103,-80
108000192,207,393,-186
108000193,703,34,669
108000194,40,7,33
108000195,3,654,-651
108000196,188,166,22
108000197,123,300,-177
108000198,448,175,273
108000199,2,213,-211
108000200,530,251,279
108000202,0,271,-271
108000203,174,327,-153
108000204,154,67,87
108000205,169,284,-115
108000339,1019,328,691
108000364,89,260,-171
108000365,79,263,-184
108000367,119,219,-100
108000368,7,52,-45
108000369,493,232,261
108000371,1,500,-499
108000372,725,3,722
108000373,228,88,140
108000376,88,44,44
108000377,524,151,373
108000378,8830,10421,-1591
108000379,20,166,-146
108000381,82,10,72
108000382,78,0,78
108000383,1,101,-100
108900001,116,626,-510
108900002,189,63,126
108900003,257,443,-186
108900004,152,552,-400
108900005,97,447,-350
108900006,744,174,570
108900007,339,198,141
108900008,177,147,30
108900009,104,113,-9
108900010,353,168,185
108900011,730,396,334
108900012,522,453,69
108900013,235,267,-32
108900014,27,126,-99
108900015,0,94,-94
108900016,1,158,-157
108900017,302,432,-130
108900018,224,293,-69
108900019,46,506,-460
108900020,75,150,-75
108900021,182,188,-6
108900022,213,21,192
108900023,1,43,-42
108900024,28,79,-51
108900025,165,91,74
108900026,25,118,-93
108900027,0,51,-51
108900028,152,206,-54
108900029,49,200,-151
108900030,1,48,-47
108900031,208,279,-71
108900032,20,171,-151
108900033,1,112,-111
108900034,3,99,-96
108900035,269,811,-542
108900036,205,193,12
108900037,50,196,-146
108900038,4,197,-193
108900039,0,270,-270
108900040,6,70,-64
108900041,4057,3738,319
108900042,19,351,-332
108900043,62,451,-389
108900044,3,267,-264
108900045,97,288,-191
108900046,26,503,-477
108900047,0,58,-58
108900048,120,590,-470
108900049,1672,1639,33
108900050,0,162,-162
108900051,0,97,-97
108900052,30,115,-85
108900053,52,188,-136
108900054,69,144,-75
108900055,50,369,-319
108900056,1,83,-82
108900057,0,113,-113
108900058,57,233,-176
108900059,611,53,558
108900060,100,162,-62
108900061,57,28,29
108900062,3,176,-173
108900063,23,196,-173
108900064,295,41,254
108900065,13,149,-136
108900066,515,172,343
108900067,26,126,-100
108900068,1,65,-64
108900069,85,44,41
108900070,26,58,-32
108900071,146,80,66
108900072,1839,582,1257
108900073,4,55,-51
108900074,325,175,150
108900075,44,53,-9
108900076,435,55,380
108900077,81,97,-16
108900078,59,107,-48
108900079,591,190,401
108900080,27,1066,-1039
108900081,40,210,-170
108900082,96,86,10
108900083,27,322,-295
108900084,344,172,172
108900085,1314,193,1121
108900086,149,170,-21
108900087,93,162,-69
108900088,1095,407,688
108900089,29,126,-97
108900090,76,195,-119
108900091,142,58,84
108900092,565,292,273
108900093,183,95,88
108900094,328,76,252
108900095,37,212,-175
108900096,266,14,252
108900097,309,184,125
108900098,1566,1013,553
108900099,488,183,305
108900100,80,138,-58
108900101,229,283,-54
108900102,86,1219,-1133
108900103,82,118,-36
108900104,113,302,-189
108900105,4,1315,-1311
108900106,488,237,251
108900108,379,63,316
108900109,43,37,6
108900110,248,277,-29
108900111,571,360,211
108900112,340,32,308
108900113,50,66,-16
108900114,7,9,-2
108900115,137,62,75
108900116,182,18,164
108900117,211,23,188
108900118,698,19,679
108900119,313,32,281
108900120,208,185,23
108900121,352,110,242
108900122,172,20,152
108900123,175,131,44
108900124,478,183,295
108900125,657,9,648
108900126,77,63,14
108900127,258,26,232
108900128,146,48,98
108900129,972,138,834
108900130,472,1,471
108900131,420,7,413
108900132,543,79,464
108900133,311,70,241
108900134,549,213,336
108900135,174,14,160
108900136,82,4,78
108900137,216,3,213
108900138,902,84,818
108900139,767,113,654
108900140,410,231,179
108900141,359,34,325
108900142,71,1,70
108900143,115,2,113
108900144,126,0,126
108900145,224,15,209
108900146,93,0,93
108900147,277,2,275
108900148,69,35,34
108900149,442,205,237
108900150,266,8,258
108900151,99,12,87
108900152,490,48,442
108900153,258,255,3
108900154,5499,431,5068
108900155,325,78,247
108900156,109,18,91
108900157,40,397,-357
108900158,485,14,471
108900159,4,161,-157
108900160,11,198,-187
108900161,8,241,-233
108900162,110,1,109
108900163,9,283,-274
108900164,48,61,-13
108900165,146,98,48
108900167,1145,8108,-6963
108900168,4897,2739,2158
108900169,50,132,-82
108900171,4523,3292,1231
108900172,238,41,197
108900173,185,296,-111
108900174,1085,659,426
108900176,128,262,-134
108900177,3240,5758,-2518
108900178,2951,3973,-1022
108900179,429,1948,-1519
108900180,210,274,-64
108900182,61,439,-378
108900183,387,184,203
108900184,604,274,330
108900185,125,324,-199
108900186,95,307,-212
108900187,536,50,486
108900188,813,85,728
108900189,687,162,525
108900190,89,1707,-1618
108900191,177,60,117
108900192,150,214,-64
108900193,72,61,11
108900194,11,203,-192
108900195,91,184,-93
108900196,47,296,-249
108900198,3,227,-224
108900199,232,282,-50
108900200,689,364,325
108900201,497,1270,-773
108900203,579,128,451
108900204,415,16,399
108900205,165,17,148
108900206,725,97,628
108900207,224,152,72
108900208,11,268,-257
108900209,140,489,-349
108900210,301,191,110
108900211,159,583,-424
108900212,347,1307,-960
108900215,50,291,-241
108900216,378,262,116
108900217,80,2,78
108900218,117,15,102
108900219,65,3,62
108900220,55,32,23
108900221,30,215,-185
108900222,398,14,384
108900223,14,129,-115
108900224,24,156,-132
108900225,2,105,-103
108900226,332,22,310
108900227,134,459,-325
108900230,158,223,-65
108900231,26,187,-161
108900232,2,186,-184
108900233,593,125,468
108900234,270,150,120
108900235,179,496,-317
108900236,50,359,-309
108900237,55,198,-143
108900240,122,96,26
108900241,63,43,20
108900245,17,1687,-1670
108900249,154,28,126
108900250,279,84,195
108900257,386,256,130
108900258,19,120,-101
108900259,100,37,63
108900260,7,82,-75
108900261,64,82,-18
108900262,112,110,2
108900263,36,130,-94
108900264,351,244,107
108900265,746,454,292
108900266,491,753,-262
108900267,6,146,-140
108900268,5,5,0
108900269,95,24,71
108900270,90,9,81
108900271,60,25,35
108900272,262,13,249
108900273,511,757,-246
108900274,59,31,28
109000001,2074,1624,450
109000002,981,1454,-473
109000003,2681,394,2287
109000004,436,1586,-1150
109000005,2045,482,1563
109000006,557,1562,-1005
109000007,1756,488,1268
109000008,586,1327,-741
109000009,3892,1110,2782
109000010,1007,2583,-1576
109000011,3683,1900,1783
109000012,1606,2212,-606
109000013,4389,3252,1137
109000014,1923,2331,-408
109000015,3603,7351,-3748
109000016,4458,2738,1720
109000017,2522,1131,1391
109000018,853,2013,-1160
109000019,2654,1072,1582
109000020,760,1313,-553
109000023,292,26,266
109000024,5,179,-174
109000025,312,502,-190
109000026,449,277,172
109000027,129,301,-172
109000028,131,85,46
109000029,117,197,-80
109000030,58,431,-373
109000031,269,146,123
109000032,98,338,-240
109000033,304,164,140
109000034,48,51,-3
109000035,11,51,-40
109000036,81,224,-143
109000037,253,1825,-1572
109000038,442,310,132
109000039,1265,996,269
109000040,3192,11154,-7962
109000041,1799,1599,200
109000042,468,1070,-602
109000044,451,50,401
109000045,72,227,-155
109000046,342,53,289
109000047,45,347,-302
109000048,821,222,599
109000049,242,543,-301
109000050,453,243,210
109000051,246,200,46
109000052,638,663,-25
109000053,319,89,230
109000054,556,350,206
109000055,338,341,-3
109000056,414,291,123
109000057,892,514,378
109000058,891,307,584
109000059,585,1426,-841
109000060,336,286,50
109000061,580,1401,-821
109000062,149,339,-190
109000063,259,140,119
109000064,345,139,206
109000065,182,164,18
109000066,430,79,351
109000067,82,188,-106
109000068,1380,16,1364
109000069,732,41,691
109000070,14,1389,-1375
109000071,357,77,280
109000072,81,274,-193
109000073,65,93,-28
109000074,26,129,-103
109000075,51,285,-234
109000076,98,219,-121
109000077,373,182,191
109000078,58,148,-90
109000079,112,110,2
109000080,181,63,118
109000081,155,251,-96
109000082,674,124,550
109000083,344,364,-20
109000088,125,359,-234
109000089,317,69,248
109000090,127,379,-252
109000091,415,247,168
109000092,318,351,-33
109000093,265,199,66
109000094,783,5,778
109000095,114,297,-183
109000096,827,203,624
109000097,84,100,-16
109000098,36,160,-124
109000099,847,249,598
109000100,261,510,-249
109000101,1894,595,1299
109000102,415,714,-299
109000103,472,527,-55
109000104,2146,532,1614
109000105,476,940,-464
109000106,2288,773,1515
109000107,598,1491,-893
109000108,1997,599,1398
109000109,518,1303,-785
109000110,1208,483,725
109000111,773,1633,-860
109000112,407,109,298
109000113,298,106,192
109000114,146,211,-65
109000115,1092,40,1052
109000116,2,214,-212
109000117,247,48,199
109000118,14,203,-189
109000119,1624,185,1439
109000120,194,546,-352
109000121,579,30,549
109000122,135,445,-310
109000123,9,42,-33
109000124,750,357,393
109000125,941,307,634
109000126,388,492,-104
109000127,1195,156,1039
109000128,468,867,-399
109000129,2838,736,2102
109000130,478,1038,-560
109000131,877,586,291
109000132,620,1178,-558
109000133,276,794,-518
109000134,664,1032,-368
109000135,1047,1302,-255
109000136,307,238,69
109000137,340,325,15
109000138,472,246,226
109000139,626,321,305
109000140,196,238,-42
109000141,551,372,179
109000142,129,421,-292
109000143,132,60,72
109000145,101,220,-119
109000146,31,91,-60
109000148,2659,1942,717
109000149,28,42,-14
109000150,47,233,-186
109000155,757,655,102
109000156,788,539,249
109000158,188,262,-74
109000159,159,533,-374
109000160,1069,255,814
109000161,430,832,-402
109000162,2168,614,1554
109000163,1170,1276,-106
109000164,1212,1881,-669
109000165,1473,444,1029
109000166,816,94,722
109000167,101,436,-335
109000170,38,19,19
109000171,58,43,15
109000172,40,48,-8
109000173,17,89,-72
109000174,121,17,104
109000175,61,62,-1
109000176,332,149,183
109000177,37,92,-55
109000178,351,68,283
109000179,3277,5597,-2320
109000180,4013,3768,245
109000181,31,22,9
109000182,52,18,34
109000183,31,18,13
109000184,66,15,51
109000185,23,25,-2
109000188,569,1210,-641
109000189,2770,690,2080
109000190,728,325,403
109000191,369,372,-3
109000192,499,207,292
109000193,232,183,49
109000194,265,118,147
109000195,174,252,-78
109000196,292,115,177
109000197,236,281,-45
109000198,442,80,362
109000199,173,354,-181
109000206,195,29,166
109000207,141,33,108
109000208,100,81,19
109000209,136,78,58
109000210,138,413,-275
109000211,224,196,28
109000214,403,226,177
109000215,167,69,98
109000216,327,270,57
109000217,275,167,108
109000218,318,220,98
109000221,345,739,-394
109000222,929,250,679
109000223,301,325,-24
109000224,45,71,-26
109000225,99,23,76
109000226,47,129,-82
109000227,1149,707,442
109000228,2,1198,-1196
109000231,0,202,-202
109000232,403,204,199
109000236,320,595,-275
109000241,1887,1436,451
109000242,1752,896,856
109000293,22,54,-32
109000361,120,166,-46
109000364,259,457,-198
109000396,1,292,-291
109000397,766,14,752
109000399,83,241,-158
109000400,53,137,-84
109000403,149,832,-683
109000406,251,7,244
109000407,259,138,121
109000408,0,164,-164
109000410,1007,205,802
109000411,111,17,94
109900001,102,2,100
109900002,790,35,755
109900003,304,2,302
109900004,710,111,599
109900005,25,5,20
109900006,568,125,443
109900007,969,270,699
109900008,1,38,-37
109900009,150,353,-203
109900010,613,21,592
109900011,71,56,15
109900012,341,210,131
109900013,415,183,232
109900014,427,50,377
109900015,441,204,237
109900016,180,22,158
109900017,279,201,78
109900018,364,57,307
109900019,353,60,293
109900020,33,40,-7
109900021,46,10,36
109900022,56,149,-93
109900023,28,7,21
109900024,37,9,28
109900025,11,50,-39
109900026,2,164,-162
109900027,43,17,26
109900028,762,1052,-290
109900029,3,211,-208
109900030,49,9,40
109900031,4,293,-289
109900032,4,235,-231
109900033,4,502,-498
109900034,29,2,27
109900035,27,42,-15
109900036,29,46,-17
109900037,25,315,-290
109900038,63,281,-218
109900039,8,2,6
109900040,17,336,-319
109900041,66,219,-153
109900042,21,425,-404
109900044,128,136,-8
109900045,123,58,65
109900046,36,65,-29
109900047,251,287,-36
109900048,2,56,-54
109900049,15,20,-5
109900050,0,78,-78
109900051,0,22,-22
109900052,108,260,-152
109900053,3,128,-125
109900054,938,178,760
109900055,86,264,-178
109900056,23,218,-195
109900057,3,91,-88
109900058,0,52,-52
109900059,1025,98,927
109900060,491,98,393
109900061,31,231,-200
109900062,0,116,-116
109900063,13,454,-441
109900064,513,171,342
109900065,51,119,-68
109900066,273,558,-285
109900067,2,132,-130
109900068,139,6,133
109900069,5,33,-28
109900070,36,248,-212
109900071,9,28,-19
109900072,12,144,-132
109900073,549,368,181
109900074,6,25,-19
109900075,28,19,9
109900076,23,100,-77
109900077,30,20,10
109900078,99,207,-108
109900080,127,263,-136
109900081,13,242,-229
109900082,28,295,-267
109900083,17,71,-54
109900084,51,119,-68
109900085,136,469,-333
109900086,136,497,-361
109900087,261,464,-203
109900089,848,198,650
109900090,512,893,-381
109900091,427,79,348
109900092,567,12,555
109900093,1160,189,971
109900094,88,65,23
109900095,127,203,-76
109900096,53,1,52
109900097,127,1,126
109900098,533,47,486
109900099,185,1,184
109900100,38,0,38
109900101,656,10,646
109900102,478,23,455
109900103,33,46,-13
109900104,643,362,281
109900105,615,21,594
109900106,516,48,468
109900107,631,71,560
109900108,95,203,-108
109900109,26,146,-120
109900110,76,264,-188
109900111,310,553,-243
109900112,298,367,-69
109900113,899,684,215
109900114,994,756,238
109900115,181,102,79
109900117,1269,128,1141
109900118,215,359,-144
109900119,539,256,283
109900120,111,51,60
109900121,323,499,-176
109900122,515,9,506
109900123,19,135,-116
109900124,28,305,-277
109900125,0,147,-147
109900126,361,58,303
109900128,445,42,403
109900130,4520,2678,1842
109900131,47,125,-78
109900132,19,94,-75
109900133,83,155,-72
109900134,70,73,-3
109900135,267,44,223
109900136,41,132,-91
109900137,150,187,-37
109900138,481,211,270
109900140,182,137,45
109900141,570,162,408
109900142,1593,285,1308
109900145,6,665,-659
109900146,364,22,342
109900148,30,77,-47
109900149,20,60,-40
109900150,4,59,-55
109900151,2,46,-44
109900152,0,14,-14
109900153,0,69,-69
109900154,69,0,69
109900155,73,24,49
109900157,84,134,-50
109900158,63,109,-46
109900159,146,52,94
109900160,158,77,81
109900161,243,72,171
109900162,247,98,149
109900163,643,245,398
109900164,56,142,-86
109900165,379,1,378
109900166,11,117,-106
109900167,163,380,-217
109900168,229,484,-255
109900169,261,133,128
109900170,218,1033,-815
109900171,214,81,133
109900172,282,281,1
109900173,1808,2314,-506
109900174,17,127,-110
109900175,77,71,6
109900176,155,170,-15
109900177,55,198,-143
109900178,20,158,-138
109900179,50,14,36
109900180,6,14,-8
110000001,730,386,344
110000002,596,706,-110
110000003,732,599,133
110000004,488,611,-123
110000005,321,1718,-1397
110000006,249,250,-1
110000007,122,87,35
110000008,14,51,-37
110000009,40,19,21
110000010,23,49,-26
110000011,35,60,-25
110000012,484,215,269
110000013,46,532,-486
110000014,480,322,158
110000015,237,543,-306
110000016,249,1494,-1245
110000017,2493,209,2284
110000018,2340,373,1967
110000019,8,60,-52
110000020,391,202,189
110000021,399,413,-14
110000022,1158,205,953
110000023,17,108,-91
110000024,651,321,330
110000025,476,9,467
110000026,8,205,-197
110000027,764,776,-12
110000028,915,568,347
110000029,584,525,59
110000030,250,353,-103
110000031,314,334,-20
110000032,852,294,558
110000033,263,88,175
110000034,550,592,-42
110000035,897,395,502
110000036,992,596,396
110000037,259,330,-71
110000038,283,657,-374
110000039,729,3774,-3045
110000040,347,261,86
110000041,374,1832,-1458
110000042,100,437,-337
110000043,776,310,466
110000044,120,488,-368
110000045,1195,123,1072
110000046,7,48,-41
110000047,39,45,-6
110000048,14,34,-20
110000049,15,9,6
110000050,7,95,-88
110000051,16,8,8
110000052,22,37,-15
110000053,212,32,180
110000054,130,685,-555
110000055,516,54,462
110000056,175,113,62
110000057,434,521,-87
110000058,1276,446,830
110000059,1160,486,674
110000060,1007,991,16
110000061,883,621,262
110000062,724,813,-89
110000063,37,120,-83
110000064,64,44,20
110000065,104,81,23
110000066,79,27,52
110000067,93,104,-11
110000068,296,81,215
110000069,357,64,293
110000071,205,69,136
110000073,6,12,-6
110000075,27,54,-27
110000076,333,407,-74
110000077,390,1066,-676
110000078,42,46,-4
110000080,253,553,-300
110000081,40,206,-166
110000082,15,317,-302
110000083,189,509,-320
110000084,1184,911,273
110000085,1206,1369,-163
110000086,1224,2435,-1211
110000087,22,56,-34
110000088,94,190,-96
110000089,284,55,229
110000090,213,235,-22
110000091,837,182,655
110000092,24,40,-16
110000093,54,11,43
110000094,462,211,251
110000095,181,575,-394
110000096,1426,1764,-338
110000097,1027,1450,-423
110000098,1899,619,1280
110000099,670,1421,-751
110000100,1235,294,941
110000101,31,185,-154
110000102,111,11,100
110000104,369,119,250
110000105,48,232,-184
110000106,662,498,164
110000107,214,282,-68
110000108,131,106,25
110000109,308,216,92
110000110,2092,5583,-3491
110000111,4732,2985,1747
110000112,915,1305,-390
110000113,212,2292,-2080
110000114,218,604,-386
110000115,381,252,129
110000116,59,69,-10
110000117,197,263,-66
110000118,499,133,366
110000119,270,258,12
110000120,391,139,252
110000121,77,332,-255
110000122,418,501,-83
110000123,621,757,-136
110000124,2,708,-706
110000125,1087,6,1081
110000126,277,19,258
110000127,1154,51,1103
110000128,34,1070,-1036
110000129,2,410,-408
110000130,296,219,77
110000131,84,249,-165
110000132,1,480,-479
110000133,42,475,-433
110000134,17,378,-361
110000135,177,31,146
110000136,72,212,-140
110000137,554,552,2
110000138,982,521,461
110000139,896,876,20
110000140,887,712,175
110000143,594,362,232
110000144,4185,1728,2457
110000145,1766,1045,721
110000146,2056,768,1288
110000147,590,660,-70
110000148,794,278,516
110000151,864,1047,-183
110000152,804,394,410
110000153,162,17,145
110000154,48,35,13
110000155,1454,3833,-2379
110000156,945,2266,-1321
110000157,1849,1913,-64
110000160,480,194,286
110000161,247,225,22
110000166,724,106,618
110000167,1087,481,606
110000168,1260,506,754
110000169,949,370,579
110000170,144,47,97
110000171,626,98,528
110000172,155,607,-452
110000173,839,900,-61
110000174,179,573,-394
110000175,772,55,717
110000176,201,361,-160
110000177,163,812,-649
110000178,383,1599,-1216
110000179,948,290,658
110000180,203,176,27
110000181,561,388,173
110000182,280,101,179
110000183,6235,7285,-1050
110000184,227,2548,-2321
110000185,840,569,271
110000186,691,557,134
110000191,1247,208,1039
110000192,650,9,641
110000193,1291,13,1278
110000194,12,696,-684
110000195,520,242,278
110000196,484,176,308
110000197,119,132,-13
110000198,126,60,66
110000199,88,126,-38
110000200,1330,443,887
110000201,1342,1108,234
110000202,1404,551,853
110000203,710,515,195
110000204,5,165,-160
110000205,253,28,225
110000206,510,796,-286
110000207,1241,393,848
110000208,222,242,-20
110000209,97,621,-524
110000210,1466,445,1021
110000211,856,588,268
110000212,416,1009,-593
110000213,295,61,234
110000214,312,102,210
110000215,203,267,-64
110000216,112,262,-150
110000217,358,111,247
110000218,157,192,-35
110000219,530,61,469
110000220,107,152,-45
110000221,412,43,369
110000222,47,153,-106
110000223,4,132,-128
110000224,33,2,31
110000225,274,700,-426
110000226,272,48,224
110000227,819,901,-82
110000228,236,123,113
110000229,0,142,-142
110000230,524,393,131
110000231,144,198,-54
110000232,368,157,211
110000233,253,253,0
110000234,590,715,-125
110000235,798,890,-92
110000236,629,430,199
110000237,1841,1054,787
110000238,1229,1035,194
110000239,1845,969,876
110000240,1,40,-39
110000242,0,7,-7
110000243,152,90,62
110000244,145,304,-159
110000245,27,248,-221
110000246,993,462,531
110000247,1256,4536,-3280
110000248,2038,1429,609
110000249,66,11,55
110000250,59,169,-110
110000251,454,446,8
110000252,380,165,215
110000253,1587,734,853
110000254,655,917,-262
110000255,206,810,-604
110000256,501,350,151
110000257,649,390,259
110000258,6,331,-325
110000259,153,13,140
110000260,22,159,-137
110000263,567,117,450
110000264,384,354,30
110000265,1186,1894,-708
110000266,1823,3086,-1263
110000267,25,182,-157
110000268,329,363,-34
110000269,7,79,-72
110000270,84,7,77
110000271,1240,277,963
110000272,1138,777,361
110000273,3090,1703,1387
110000274,201,1683,-1482
110000275,1975,533,1442
110000276,281,420,-139
110000277,329,359,-30
110000278,339,641,-302
110000279,882,720,162
110000280,520,425,95
110000281,45,423,-378
110000282,263,25,238
110000283,35,129,-94
110000284,40,50,-10
110000285,6,829,-823
110000286,31,0,31
110000287,88,2,86
110000288,4,109,-105
110000289,375,1815,-1440
110000290,666,588,78
110000291,4020,1006,3014
110000292,1311,5423,-4112
110000293,735,514,221
110000294,1295,1233,62
110000295,306,824,-518
110000296,873,332,541
110000297,2700,378,2322
110000298,136,421,-285
110000299,219,112,107
110000301,549,39,510
110000302,249,520,-271
110000303,530,14,516
110000304,79,156,-77
110000305,1734,22,1712
110000306,180,826,-646
110000307,1950,9,1941
110000308,830,10,820
110000309,4,611,-607
110000310,833,39,794
110000311,9,502,-493
110000312,479,107,372
110000313,2996,2654,342
110000314,0,223,-223
110000315,2926,2928,-2
110000316,463,1217,-754
110000317,399,470,-71
110000318,4,50,-46
110000319,15,22,-7
110000320,50,50,0
110000321,23,41,-18
110000322,361,309,52
110000323,633,120,513
110000324,2543,1502,1041
110000325,2394,3277,-883
110000327,408,342,66
110000328,218,407,-189
110000333,1161,750,411
110000334,938,1124,-186
110000335,1073,511,562
110000336,700,723,-23
110000337,1593,570,1023
110000338,493,182,311
110000339,389,228,161
110000340,87,180,-93
110000341,526,415,111
110000342,348,1,347
110000343,0,29,-29
110000344,291,156,135
110000345,428,161,267
110000346,1932,1818,114
110000347,1070,646,424
110000348,25,23,2
110000349,7,11,-4
110000350,45,7,38
110000351,1250,695,555
110000352,698,1323,-625
110000353,2252,541,1711
110000354,1247,2855,-1608
110000355,127,84,43
110000356,540,11,529
110000357,586,15,571
110000361,37,31,6
110000362,83,45,38
110000363,595,93,502
110000364,300,242,58
110000365,197,1,196
110000366,0,96,-96
110000367,404,182,222
110000368,3,46,-43
110000369,74,1,73
110000373,7,229,-222
110000374,220,13,207
110000375,81,846,-765
110000376,25,75,-50
110000377,111,535,-424
110000378,17,353,-336
110000379,1903,1918,-15
110000380,73,6,67
110000383,1,1080,-1079
110000384,1172,727,445
110000385,3,240,-237
110000387,134,9,125
110000388,39,179,-140
110000389,817,11,806
110000391,1027,240,787
110000396,221,86,135
110000397,135,119,16
110000398,4,24,-20
110000399,127,1,126
110000587,181,58,123
110000589,178,122,56
110000640,146,24,122
110000652,43,336,-293
110000653,344,361,-17
110000654,31,363,-332
110000656,0,376,-376
110000674,47,14,33
110000675,29,7,22
110000676,4,21,-17
110000679,164,1275,-1111
110000682,180,186,-6
110000683,278,423,-145
110000684,3,23,-20
110000685,2,14,-12
110000686,0,27,-27
110000687,54,3,51
110000688,78,1025,-947
110000689,17,43,-26
110000692,42,139,-97
110000693,42,255,-213
110000694,0,131,-131
110000695,323,523,-200
110000696,60,66,-6
110900001,312,36,276
110900002,406,209,197
110900003,1016,339,677
110900004,505,128,377
110900005,1738,2647,-909
110900006,16,21,-5
110900007,161,48,113
110900008,12,22,-10
110900009,580,148,432
110900010,10,50,-40
110900011,25,72,-47
110900012,8,65,-57
110900013,1126,104,1022
110900014,299,21,278
110900015,410,779,-369
110900016,63,117,-54
110900017,571,36,535
110900018,585,67,518
110900019,181,32,149
110900020,129,131,-2
110900021,75,350,-275
110900022,120,204,-84
110900023,106,364,-258
110900024,16,236,-220
110900025,5,28,-23
110900027,58,210,-152
110900028,41,122,-81
110900029,13,212,-199
110900030,53,178,-125
110900031,0,124,-124
110900032,0,52,-52
110900033,28,186,-158
110900035,10,480,-470
110900036,103,21,82
110900037,83,22,61
110900038,744,168,576
110900039,11,230,-219
110900040,204,28,176
110900041,34,71,-37
110900042,177,36,141
110900043,5,65,-60
110900044,203,22,181
110900045,70,291,-221
110900046,26,152,-126
110900047,320,316,4
110900049,117,99,18
110900050,26,9,17
110900051,22,157,-135
110900052,3,106,-103
110900053,122,37,85
110900054,33,174,-141
110900055,30,6,24
110900056,97,97,0
110900057,11,76,-65
110900058,261,142,119
110900059,516,357,159
110900060,535,120,415
110900061,20,39,-19
110900062,168,177,-9
110900063,52,124,-72
110900064,11,0,11
110900065,197,103,94
110900066,13,56,-43
110900067,230,713,-483
110900068,196,164,32
110900069,8,22,-14
110900070,96,71,25
110900071,231,807,-576
110900073,0,27,-27
110900074,577,145,432
110900075,441,81,360
110900077,1023,518,505
110900078,44,19,25
110900079,1425,1384,41
110900080,181,67,114
110900081,9,21,-12
110900082,136,75,61
110900083,148,44,104
110900084,71,43,28
110900085,52,222,-170
110900086,75,370,-295
110900087,438,79,359
110900088,7,0,7
110900090,80,40,40
110900091,0,61,-61
110900093,272,89,183
110900095,57,41,16
110900097,8,13,-5
110900098,42,62,-20
110900099,52,293,-241
110900100,4,19,-15
110900102,70,16,54
110900105,744,218,526
110900108,28,58,-30
110900111,383,202,181
110900112,970,11,959
110900113,390,46,344
110900115,18,47,-29
110900116,887,1144,-257
110900118,101,3528,-3427
110900119,2162,280,1882
110900120,36,40,-4
110900121,186,4,182
110900122,522,146,376
110900125,408,461,-53
110900127,497,1338,-841
110900128,175,232,-57
110900129,331,881,-550
110900130,774,510,264
110900131,398,53,345
110900132,480,103,377
110900133,180,121,59
110900135,88,250,-162
110900136,402,21,381
110900137,36,4,32
110900138,611,391,220
110900139,16,96,-80
110900140,31,3,28
110900141,3,148,-145
110900142,70,100,-30
110900143,224,71,153
110900144,0,416,-416
110900145,195,63,132
110900146,204,223,-19
110900147,93,301,-208
110900148,5,246,-241
110900149,2,51,-49
110900150,83,21,62
110900151,17,74,-57
110900152,23,109,-86
110900153,162,46,116
111000001,308,251,57
111000002,226,347,-121
111000003,1148,665,483
111000004,391,681,-290
111000005,1649,1248,401
111000006,896,1433,-537
111000007,4108,3316,792
111000008,1709,2715,-1006
111000009,388,750,-362
111000010,927,273,654
111000011,206,892,-686
111000012,264,333,-69
111000013,419,660,-241
111000014,987,391,596
111000017,103,902,-799
111000018,215,338,-123
111000020,642,1863,-1221
111000021,64,72,-8
111000023,129,69,60
111000025,3152,3624,-472
111000029,104,111,-7
111000030,40,111,-71
111000031,2022,1283,739
111000032,545,317,228
111000033,285,304,-19
111000034,89,259,-170
111000037,1065,598,467
111000038,2710,1548,1162
111000039,1591,1445,146
111000040,1715,1682,33
111000041,1343,1258,85
111000042,2130,1748,382
111000043,1837,4022,-2185
111000044,2046,1115,931
111000045,2596,2056,540
111000046,1664,1536,128
111000047,2319,4169,-1850
111000049,495,410,85
111000050,1141,909,232
111000051,499,825,-326
111000052,616,1285,-669
111000053,309,692,-383
111000054,358,529,-171
111000055,931,1317,-386
111000056,164,329,-165
111000057,136,322,-186
111000058,464,70,394
111000059,571,241,330
111000060,4146,734,3412
111000061,715,263,452
111000062,955,302,653
111000063,2285,891,1394
111000064,807,567,240
111000065,1190,915,275
111000066,538,401,137
111000067,612,454,158
111000068,642,792,-150
111000069,1500,1652,-152
111000070,601,590,11
111000071,196,382,-186
111000072,1015,344,671
111000073,269,617,-348
111000074,1467,1351,116
111000075,927,531,396
111000076,580,501,79
111000077,1669,1303,366
111000078,2563,1019,1544
111000079,1090,703,387
111000080,547,575,-28
111000081,1455,3406,-1951
111000082,728,471,257
111000084,716,520,196
111000085,846,845,1
111000086,1888,771,1117
111000087,640,439,201
111000088,3768,2298,1470
111000089,736,687,49
111000090,767,1162,-395
111000091,853,373,480
111000092,1640,724,916
111000093,1107,1007,100
111000094,2119,969,1150
111000095,651,2296,-1645
111000096,1329,7941,-6612
111000097,3250,1157,2093
111000098,607,881,-274
111000099,489,1271,-782
111000100,404,922,-518
111000101,370,562,-192
111000102,274,569,-295
111000104,798,182,616
111000107,168,731,-563
111000109,1177,243,934
111000110,1406,555,851
111000111,2742,528,2214
111000112,1941,577,1364
111000113,842,1537,-695
111000114,1528,3404,-1876
111000115,4461,1261,3200
111000116,807,824,-17
111000117,411,785,-374
111000118,1536,711,825
111000119,1233,832,401
111000120,466,632,-166
111000121,293,678,-385
111000122,613,835,-222
111000123,1104,1744,-640
111000124,525,1616,-1091
111000125,277,984,-707
111000126,111,594,-483
111000127,1076,139,937
111000128,2373,256,2117
111000129,3171,394,2777
111000130,2584,543,2041
111000131,2162,467,1695
111000132,2031,1030,1001
111000133,199,108,91
111000134,137,84,53
111000135,68,141,-73
111000136,397,267,130
111000138,23,2,21
111000140,1,3,-2
111000141,174,275,-101
111000142,17,174,-157
111000143,0,199,-199
111000144,16,673,-657
111000145,354,21,333
111000146,113,10,103
111000147,196,26,170
111000148,130,84,46
111000149,7,25,-18
111000150,14,7,7
111000151,12,14,-2
111000153,515,628,-113
111000154,544,178,366
111000155,116,163,-47
111000156,475,660,-185
111000157,214,1079,-865
111000158,830,642,188
111000159,2244,699,1545
111000160,470,248,222
111000161,11,302,-291
111000162,45,117,-72
111000163,745,662,83
111000164,490,2545,-2055
111000165,708,353,355
111000166,1220,291,929
111000167,176,262,-86
111000168,203,408,-205
111000169,249,559,-310
111000170,379,300,79
111000171,462,399,63
111000172,175,233,-58
111000173,255,435,-180
111000174,184,179,5
111000175,55,259,-204
111000176,386,67,319
111000177,441,143,298
111000178,1247,157,1090
111000179,316,111,205
111000180,267,395,-128
111000181,1405,210,1195
111000182,216,197,19
111000183,367,386,-19
111000184,361,162,199
111000185,312,312,0
111000186,324,296,28
111000187,136,155,-19
111000188,241,309,-68
111000189,690,511,179
111000190,235,205,30
111000191,162,200,-38
111000192,188,286,-98
111000193,267,168,99
111000194,40,206,-166
111000195,129,241,-112
111000196,89,125,-36
111000197,383,79,304
111000198,586,63,523
111000199,251,103,148
111000200,433,265,168
111000201,669,188,481
111000202,348,128,220
111000203,339,214,125
111000204,394,966,-572
111000213,140,357,-217
111000214,1474,923,551
111000215,938,915,23
111000217,1555,653,902
111000218,1134,917,217
111000219,331,162,169
111000220,1064,639,425
111000221,444,94,350
111000224,1,119,-118
111000225,256,38,218
111000226,132,0,132
111000227,17,3,14
111000228,26,440,-414
111000229,51,1069,-1018
111000230,424,229,195
111000231,1135,477,658
111000232,827,622,205
111000233,1211,560,651
111000234,186,533,-347
111000239,88,100,-12
111000240,63,237,-174
111000241,39,225,-186
111000242,257,83,174
111000243,129,357,-228
111000244,640,95,545
111000245,1200,274,926
111000246,641,228,413
111000247,478,517,-39
111000248,771,302,469
111000249,468,418,50
111000250,52,59,-7
111000251,89,65,24
111000253,16,13,3
111000255,19,4,15
111000257,48,11,37
111000260,85,832,-747
111000261,1545,134,1411
111000271,37,169,-132
111000273,2316,1015,1301
111000274,1200,1949,-749
111000275,169,52,117
111000276,257,1070,-813
111000277,222,311,-89
111000278,643,244,399
111000291,764,6814,-6050
111000298,553,138,415
111000299,669,152,517
111000300,96,429,-333
111000302,374,88,286
111000303,66,157,-91
111000312,45,43,2
111000315,0,23,-23
111000320,203,477,-274
111000321,441,138,303
111000322,372,260,112
111000323,263,32,231
111000324,305,153,152
111000325,47,50,-3
111000326,194,193,1
111000327,464,218,246
111000328,276,417,-141
111000329,1,22,-21
111000330,43,9,34
111000331,18,0,18
111000332,574,1026,-452
111000334,350,867,-517
111000335,1091,193,898
111000337,1580,318,1262
111000338,85,77,8
111000339,789,186,603
111000340,180,382,-202
111000341,1296,658,638
111000342,169,540,-371
111000344,1181,487,694
111000345,147,66,81
111000346,22,196,-174
111000347,158,5,153
111000350,130,92,38
111000351,118,222,-104
111000352,209,89,120
111000353,159,186,-27
111000354,607,96,511
111000355,345,530,-185
111000358,194,604,-410
111000360,203,397,-194
111000361,201,155,46
111000546,812,527,285
111000547,492,332,160
111000548,166,245,-79
111000549,377,186,191
111000550,61,827,-766
111000551,509,134,375
111000552,843,134,709
111000907,181,25,156
111000908,21,0,21
111000916,2177,214,1963
111000917,57,356,-299
111000918,206,482,-276
111000920,526,18,508
111000921,11,120,-109
111000922,688,215,473
111000924,54,420,-366
111000925,2828,1763,1065
111000926,1033,926,107
111000927,3043,4101,-1058
111000928,3729,2280,1449
111000929,2450,1192,1258
111000930,955,1529,-574
111000931,2630,2582,48
111000932,3514,1733,1781
111000933,3169,2325,844
111000934,1393,2602,-1209
111000935,1678,892,786
111000936,1066,1397,-331
111000937,1130,1237,-107
111000938,1101,954,147
111000939,707,23,684
111000940,559,64,495
111000941,396,328,68
111000943,564,208,356
111000944,175,189,-14
111000945,102,886,-784
111001109,541,541,0
111001110,162,351,-189
111001111,61,11,50
111001112,54,5,49
111001113,6,114,-108
111001114,555,118,437
111001115,16,553,-537
111001116,3322,4022,-700
111001117,544,2566,-2022
111001120,110,181,-71
111001121,131,128,3
111001122,28,156,-128
111900001,39,112,-73
111900002,31,432,-401
111900003,6,225,-219
111900004,40,72,-32
111900006,11,39,-28
111900007,234,11,223
111900008,337,7,330
111900009,227,89,138
111900010,318,344,-26
111900012,100,83,17
111900013,2,36,-34
111900014,3322,4772,-1450
111900015,1,45,-44
111900016,0,64,-64
111900017,0,83,-83
111900018,228,5,223
111900019,2,107,-105
111900020,5,51,-46
111900021,26,47,-21
111900022,8,28,-20
111900023,83,66,17
111900024,1,49,-48
111900025,0,44,-44
111900026,1,60,-59
111900027,1,84,-83
111900028,0,226,-226
111900029,5,49,-44
111900030,34,215,-181
111900031,17,28,-11
111900032,2,202,-200
111900033,12,64,-52
111900034,168,214,-46
111900035,70,278,-208
111900036,0,149,-149
111900038,193,390,-197
111900039,48,334,-286
111900040,0,293,-293
111900042,22,113,-91
111900043,3,188,-185
111900044,193,172,21
111900046,20,119,-99
111900048,189,289,-100
111900049,26,181,-155
111900050,110,25,85
111900051,4,94,-90
111900052,269,290,-21
111900053,595,1765,-1170
111900054,212,6,206
111900055,17,198,-181
111900056,131,304,-173
111900057,158,26,132
111900058,620,356,264
111900059,1123,625,498
111900060,497,3,494
111900061,11,93,-82
111900062,26,56,-30
111900063,331,242,89
111900064,80,126,-46
111900065,121,25,96
111900066,142,144,-2
111900067,2,232,-230
111900068,54,61,-7
111900069,52,18,34
111900070,198,112,86
111900071,0,145,-145
111900072,67,35,32
111900073,1353,217,1136
111900074,16,152,-136
111900075,106,7,99
111900076,260,86,174
111900077,47,9,38
111900078,373,33,340
111900079,57,21,36
111900080,208,253,-45
111900081,445,213,232
111900082,146,28,118
111900083,163,29,134
111900084,142,7,135
111900085,50,122,-72
111900086,43,13,30
111900087,90,1,89
111900088,649,19,630
111900089,157,2,155
111900090,44,45,-1
111900091,243,3,240
111900092,146,3,143
111900093,517,9,508
111900094,168,1,167
111900095,294,34,260
111900096,120,1,119
111900097,112,0,112
111900098,293,3,290
111900099,105,0,105
111900100,173,12,161
111900101,88,21,67
111900102,639,333,306
111900103,58,105,-47
111900104,139,72,67
111900105,321,325,-4
111900106,1015,57,958
111900107,86,96,-10
111900108,130,196,-66
111900109,328,482,-154
111900110,1394,356,1038
111900111,143,64,79
111900112,399,3484,-3085
111900113,130,78,52
111900114,96,87,9
111900115,11,21,-10
111900118,244,132,112
111900119,381,153,228
111900122,90,63,27
111900123,20,22,-2
111900124,21,33,-12
111900125,616,55,561
111900126,320,4,316
111900127,1,371,-370
111900128,1,370,-369
111900129,359,6,353
111900130,283,62,221
111900131,514,5,509
111900132,19,563,-544
111900133,5,178,-173
111900134,11,208,-197
111900135,19,38,-19
111900136,70,143,-73
111900137,55,32,23
111900138,7,33,-26
111900139,13,53,-40
111900140,165,21,144
111900141,56,15,41
111900142,105,23,82
111900143,16,86,-70
111900144,0,43,-43
111900145,0,263,-263
111900146,2,164,-162
111900147,89,324,-235
111900148,31,329,-298
111900149,7,170,-163
111900150,16,85,-69
111900151,3,20,-17
111900152,77,86,-9
111900153,825,747,78
111900154,26,394,-368
111900155,77,106,-29
111900156,113,78,35
111900157,161,12,149
111900158,747,76,671
111900159,405,30,375
111900160,417,3,414
111900161,217,18,199
111900162,73,174,-101
111900163,35,171,-136
111900164,92,58,34
111901113,561,121,440
111901114,476,199,277
111901115,110,1,109
111901116,18,3,15
111901117,25,38,-13
111901118,21,398,-377
111901119,521,89,432
111901120,73,118,-45
111901121,101,105,-4
111901122,4,249,-245
111901123,268,229,39
111901124,301,3,298
111901125,367,79,288
111901126,187,101,86
111901127,467,846,-379
111901128,10,57,-47
111901129,5,131,-126
111901130,2,103,-101
111901131,2,157,-155
111901132,94,18,76
111901133,47,3,44
111901134,116,3,113
111901135,42,16,26
111901136,40,64,-24
111901137,2,28,-26
111901138,145,24,121
111901139,22,12,10
111901140,19,54,-35
111901141,10,94,-84
111901142,2,70,-68
111901143,3,71,-68
111901144,10,45,-35
112000001,2007,652,1355
112000002,563,1696,-1133
112000003,1866,1088,778
112000004,789,586,203
112000005,4000,3583,417
112000006,1770,1244,526
112000007,3847,2465,1382
112000008,2371,3545,-1174
112000009,2445,1972,473
112000010,2979,3393,-414
112000011,1315,1164,151
112000012,4248,5043,-795
112000013,2930,2939,-9
112000014,2233,2427,-194
112000015,2653,3484,-831
112000016,3835,1632,2203
112000017,1504,3197,-1693
112000024,1849,741,1108
112000026,2243,2544,-301
112000027,931,646,285
112000028,792,1132,-340
112000029,739,778,-39
112000030,108,50,58
112000031,1281,4648,-3367
112000032,208,67,141
112000033,1698,2280,-582
112000034,150,59,91
112000035,73,399,-326
112000036,563,1027,-464
112000037,1243,818,425
112000038,1497,1097,400
112000039,110,58,52
112000040,52,173,-121
112000041,347,413,-66
112000042,957,389,568
112000050,1142,1344,-202
112000051,1058,1396,-338
112000054,1200,1073,127
112000057,516,383,133
112000058,291,574,-283
112000059,522,768,-246
112000061,2235,1473,762
112000062,1328,1061,267
112000063,756,2151,-1395
112000064,2534,3697,-1163
112000065,1295,1787,-492
112000066,3756,1400,2356
112000067,676,596,80
112000068,3209,2530,679
112000069,517,1530,-1013
112000070,2119,1006,1113
112000071,950,2003,-1053
112000072,2926,880,2046
112000073,1499,1921,-422
112000074,1427,1116,311
112000075,1376,1186,190
112000076,2922,1880,1042
112000077,738,423,315
112000078,1853,825,1028
112000079,1336,1239,97
112000080,740,649,91
112000081,1168,1711,-543
112000082,1413,641,772
112000083,561,859,-298
112000084,1609,604,1005
112000085,1261,755,506
112000086,2200,884,1316
112000087,514,259,255
112000088,878,348,530
112000089,264,225,39
112000090,209,219,-10
112000091,554,704,-150
112000092,2299,926,1373
112000093,1494,746,748
112000094,729,760,-31
112000095,745,677,68
112000096,667,534,133
112000097,1628,710,918
112000098,975,803,172
112000099,980,1784,-804
112000100,2228,604,1624
112000101,517,618,-101
112000102,1744,404,1340
112000103,427,722,-295
112000105,405,1006,-601
112000106,1969,310,1659
112000107,35,255,-220
112000108,199,1068,-869
112000109,90,54,36
112000110,1695,480,1215
112000111,799,2993,-2194
112000112,3719,618,3101
112000113,734,1356,-622
112000114,2683,905,1778
112000115,376,368,8
112000116,948,865,83
112000117,980,715,265
112000118,849,573,276
112000119,409,469,-60
112000120,87,258,-171
112000121,146,266,-120
112000122,397,155,242
112000123,771,130,641
112000124,437,70,367
112000125,217,231,-14
112000126,293,283,10
112000127,2018,2436,-418
112000128,610,707,-97
112000129,93,76,17
112000130,239,74,165
112000131,48,159,-111
112000132,173,186,-13
112000133,458,132,326
112000134,395,318,77
112000135,1824,608,1216
112000136,1108,1002,106
112000137,1704,1636,68
112000138,1368,988,380
112000139,754,590,164
112000140,635,858,-223
112000141,916,368,548
112000142,106,347,-241
112000143,1197,217,980
112000144,272,684,-412
112000145,2934,514,2420
112000146,537,1127,-590
112000147,2506,1520,986
112000148,1353,1411,-58
112000149,772,472,300
112000150,285,399,-114
112000151,324,223,101
112000152,425,324,101
112000153,126,159,-33
112000154,125,209,-84
112000155,115,91,24
112000157,536,485,51
112000158,339,308,31
112000159,663,362,301
112000167,508,82,426
112000169,192,270,-78
112000173,915,201,714
112000175,418,303,115
112000176,1744,1870,-126
112000177,962,235,727
112000178,87,241,-154
112000179,275,60,215
112000180,267,278,-11
112000181,1234,1275,-41
112000182,1639,951,688
112000183,32,16,16
112000184,379,252,127
112000185,610,409,201
112000187,5286,3231,2055
112000195,223,30,193
112000196,439,6,433
112000197,373,296,77
112000198,45,264,-219
112000199,107,621,-514
112000202,533,1,532
112000216,57,204,-147
112000230,140,11,129
112000231,4,176,-172
112000256,42,241,-199
112000313,51,122,-71
112000314,94,24,70
112000337,297,497,-200
112000352,196,418,-222
112000392,1329,1431,-102
112000398,1693,735,958
112000399,1253,2401,-1148
112000400,1406,1741,-335
112000401,2193,1454,739
112000402,3428,3639,-211
112000403,1764,2578,-814
112000404,1055,857,198
112000405,2252,2932,-680
112000406,2522,1481,1041
112000407,8233,8822,-589
112000408,6336,3689,2647
112000409,1362,2711,-1349
112000410,584,331,253
112000411,2275,1756,519
112000412,1264,514,750
112000413,5746,6564,-818
112000414,83,43,40
112000415,80,35,45
112000416,2759,1309,1450
112000417,327,80,247
112000421,65,67,-2
112000422,312,247,65
112000424,1345,2515,-1170
112000425,395,454,-59
112000426,221,315,-94
112000427,0,8,-8
112000428,216,190,26
112000429,1777,1564,213
112000430,2067,2117,-50
112000431,100,130,-30
112000432,665,758,-93
112000433,348,729,-381
112000437,63,126,-63
112900001,99,1,98
112900002,609,608,1
112900003,69,213,-144
112900004,102,205,-103
112900005,324,151,173
112900006,9,227,-218
112900007,76,155,-79
112900008,1,47,-46
112900009,398,131,267
112900010,379,729,-350
112900011,86,191,-105
112900012,0,25,-25
112900013,4,331,-327
112900014,5,217,-212
112900015,381,587,-206
112900016,7,203,-196
112900017,49,184,-135
112900018,1,163,-162
112900019,18,145,-127
112900020,382,895,-513
112900021,4,110,-106
112900022,18,58,-40
112900023,3,87,-84
112900024,22,192,-170
112900025,128,254,-126
112900026,9,112,-103
112900027,6,622,-616
112900028,23,107,-84
112900029,32,352,-320
112900030,76,78,-2
112900031,5,275,-270
112900032,274,170,104
112900034,0,49,-49
112900035,5,216,-211
112900036,29,91,-62
112900037,133,183,-50
112900038,1040,146,894
112900039,8,271,-263
112900040,6,348,-342
112900041,644,1193,-549
112900042,79,160,-81
112900043,48,36,12
112900044,427,523,-96
112900045,223,282,-59
112900046,137,61,76
112900047,12,24,-12
112900049,283,101,182
112900050,27,594,-567
112900051,246,444,-198
112900052,5,482,-477
112900053,240,141,99
112900054,131,63,68
112900055,86,32,54
112900056,430,192,238
112900057,24,311,-287
112900058,406,424,-18
112900059,149,74,75
112900060,43,121,-78
112900061,75,95,-20
112900062,56,104,-48
112900063,70,23,47
112900064,129,186,-57
112900065,40,25,15
112900066,375,276,99
112900067,305,116,189
112900068,98,49,49
112900069,1185,789,396
112900071,31,5,26
112900072,134,2378,-2244
112900073,505,126,379
112900074,99,343,-244
112900075,962,946,16
112900076,49,43,6
112900078,389,385,4
112900079,264,34,230
112900080,104,9,95
112900081,34,192,-158
112900082,705,20,685
112900083,137,116,21
112900084,306,206,100
112900085,0,8,-8
112900086,169,0,169
112900087,926,114,812
112900088,213,40,173
112900089,1418,30,1388
112900090,109,48,61
112900091,273,11,262
112900092,137,333,-196
112900093,1405,19,1386
112900094,118,6,112
112900095,56,1,55
112900096,781,204,577
112900097,97,310,-213
112900098,346,9,337
112900099,1106,38,1068
112900100,82,6,76
112900101,414,2,412
112900102,111,16,95
112900103,217,16,201
112900104,41,0,41
112900105,34,1,33
112900106,340,135,205
112900107,8,1,7
112900108,19,1,18
112900109,146,0,146
112900110,1641,15,1626
112900111,721,5,716
112900112,406,1,405
112900113,0,15,-15
112900114,165,35,130
112900115,1718,5,1713
112900116,183,46,137
112900117,61,49,12
112900118,22,70,-48
112900119,200,2,198
112900120,626,255,371
112900121,91,136,-45
112900122,19,64,-45
112900123,83,13,70
112900124,8,65,-57
112900125,83,558,-475
112900126,175,151,24
112900127,403,71,332
112900128,173,582,-409
112900129,2,595,-593
112900130,265,110,155
112900131,57,179,-122
112900132,147,315,-168
112900133,21,921,-900
112900134,0,215,-215
112900135,75,43,32
112900136,0,34,-34
112900137,1,332,-331
112900138,11,173,-162
112900139,179,1150,-971
112900140,0,42,-42
112900141,943,42,901
112900142,71,159,-88
112900143,21,350,-329
112900144,0,134,-134
112900145,28,357,-329
112900146,3,658,-655
112900147,1,926,-925
112900148,62,0,62
112900149,268,302,-34
112900151,21,34,-13
112900152,2802,635,2167
112900153,1438,2826,-1388
112900154,0,64,-64
112900155,169,39,130
112900156,509,797,-288
112900157,235,7,228
112900158,109,21,88
112900159,300,162,138
112900160,66,169,-103
112900161,92,56,36
112900162,25,9,16
112900163,55,47,8
112900164,21,158,-137
112900165,132,36,96
112900166,15,70,-55
112900167,5,101,-96
112900168,3,5,-2
112900169,4,16,-12
112900170,233,134,99
112900172,49,13,36
112900173,287,110,177
112900174,365,44,321
112900175,135,159,-24
112900176,11,33,-22
112900177,218,65,153
112900178,714,2332,-1618
112900179,23,303,-280
112900180,1975,1288,687
112900181,677,5,672
112900182,57,570,-513
112900183,125,331,-206
112900184,308,483,-175
112900185,241,625,-384
112900186,1247,1306,-59
112900187,132,561,-429
112900188,714,822,-108
112900189,4,9,-5
112900190,12,38,-26
112900192,780,878,-98
112900193,1449,419,1030
112900194,57,49,8
112900195,999,57,942
112900196,185,288,-103
112900197,214,344,-130
112900199,787,415,372
112900200,573,218,355
112900201,153,108,45
112900202,498,580,-82
112900203,334,211,123
112900204,925,539,386
112900205,9,1,8
112900206,25,56,-31
112900207,23,0,23
112900208,74,323,-249
112900209,337,316,21
112900210,1,13,-12
112900211,86,27,59
112900212,2,75,-73
112900213,28,1,27
112900214,13,8,5
112900215,20,111,-91
112900216,19,36,-17
112900217,9,53,-44
112900218,152,18,134
112900219,91,5,86
112900220,2,0,2
112900221,80,110,-30
112900222,2,42,-40
112900223,1252,16,1236
112900224,533,340,193
112900225,562,309,253
112900226,271,446,-175
112900227,816,643,173
112900228,60,44,16
112900229,289,20,269
112900230,5467,3928,1539
112900232,302,400,-98
112900233,73,117,-44
112900234,27,52,-25
112900235,93,23,70
112900236,347,13,334
112900237,299,210,89
112900238,5,18,-13
113000001,5585,3884,1701
113000002,3415,2740,675
113000003,1699,1290,409
113000004,1449,1869,-420
113000005,1680,873,807
113000006,1007,1117,-110
113000007,1864,826,1038
113000008,1487,1220,267
113000009,1203,571,632
113000010,1114,958,156
113000011,654,1011,-357
113000012,1863,654,1209
113000013,1061,684,377
113000014,1136,1226,-90
113000015,295,182,113
113000016,347,915,-568
113000017,114,313,-199
113000018,354,57,297
113000019,214,367,-153
113000020,431,77,354
113000021,1137,323,814
113000022,681,1016,-335
113000025,93,280,-187
113000026,467,464,3
113000027,543,675,-132
113000028,858,757,101
113000029,897,596,301
113000030,385,528,-143
113000031,172,195,-23
113000032,215,230,-15
113000033,285,419,-134
113000034,251,333,-82
113000035,25,56,-31
113000036,24,68,-44
113000037,77,37,40
113000038,24,71,-47
113000039,99,365,-266
113000040,54,70,-16
113000042,598,479,119
113000051,859,1984,-1125
113000052,1894,648,1246
113000053,487,312,175
113000054,346,582,-236
113000055,1324,432,892
113000056,1056,752,304
113000058,644,695,-51
113000059,1131,499,632
113000060,255,418,-163
113000061,406,661,-255
113000062,573,258,315
113000063,284,69,215
113000064,62,204,-142
113000065,199,508,-309
113000066,913,94,819
113000067,2691,941,1750
113000068,353,840,-487
113000069,575,725,-150
113000070,3084,921,2163
113000071,522,534,-12
113000072,1026,446,580
113000073,469,1150,-681
113000074,1005,419,586
113000075,1761,689,1072
113000076,571,1707,-1136
113000077,1080,635,445
113000078,644,2397,-1753
113000079,546,777,-231
113000080,468,683,-215
113000081,825,821,4
113000082,1062,789,273
113000083,483,741,-258
113000084,1552,1108,444
113000085,836,685,151
113000086,1202,1016,186
113000087,1083,828,255
113000088,1909,1212,697
113000089,870,1459,-589
113000090,253,652,-399
113000091,386,370,16
113000094,1299,197,1102
113000095,256,598,-342
113000096,180,596,-416
113000097,1030,336,694
113000098,180,81,99
113000099,1540,457,1083
113000100,150,326,-176
113000101,283,424,-141
113000102,635,488,147
113000103,1646,381,1265
113000104,570,2055,-1485
113000105,1008,439,569
113000106,297,388,-91
113000107,959,665,294
113000108,779,746,33
113000109,600,1495,-895
113000110,1814,397,1417
113000111,121,534,-413
113000112,207,273,-66
113000113,1150,239,911
113000114,289,1630,-1341
113000116,616,373,243
113000117,827,231,596
113000118,72,526,-454
113000119,513,418,95
113000120,89,238,-149
113000121,617,980,-363
113000124,238,96,142
113000125,66,901,-835
113000127,1735,314,1421
113000128,455,423,32
113000129,522,650,-128
113000133,1765,1666,99
113000134,11,1114,-1103
113000135,3702,4443,-741
113000137,1481,3502,-2021
113000139,370,256,114
113000140,77,195,-118
113000141,281,215,66
113000142,384,1085,-701
113000143,249,199,50
113000144,207,604,-397
113000145,91,137,-46
113000146,148,56,92
113000147,241,145,96
113000148,264,143,121
113000149,158,170,-12
113000150,680,205,475
113000151,74,44,30
113000152,31,95,-64
113000153,1162,537,625
113000154,747,1363,-616
113000155,352,662,-310
113000156,132,339,-207
113000157,232,673,-441
113000158,666,232,434
113000159,1051,496,555
113000160,494,832,-338
113000161,285,325,-40
113000162,879,292,587
113000163,224,43,181
113000164,22,62,-40
113000166,141,89,52
113000167,35,81,-46
113000168,91,101,-10
113000169,203,59,144
113000170,101,95,6
113000171,49,87,-38
113000172,293,49,244
113000173,68,16,52
113000174,104,282,-178
113000175,400,90,310
113000176,537,120,417
113000177,155,367,-212
113000178,160,214,-54
113000179,290,148,142
113000180,660,945,-285
113000181,942,631,311
113000182,140,387,-247
113000183,110,497,-387
113000184,26,104,-78
113000189,346,715,-369
113000190,600,495,105
113000192,731,2481,-1750
113000193,2748,1767,981
113000194,913,1014,-101
113000195,1564,1209,355
113000196,198,58,140
113000197,1297,1369,-72
113000198,62,201,-139
113000199,1624,359,1265
113000201,226,292,-66
113000202,3690,1118,2572
113000203,134,102,32
113000204,766,2295,-1529
113000205,15,29,-14
113000206,8,31,-23
113000207,60,20,40
113000208,46,58,-12
113000209,16,26,-10
113000210,4,19,-15
113000211,97,176,-79
113000212,62,27,35
113000213,33,170,-137
113000214,154,224,-70
113000234,182,603,-421
113000410,94,250,-156
113000411,2084,3701,-1617
113000412,4297,2096,2201
113000413,1570,2695,-1125
113000414,4081,12742,-8661
113000415,2105,2369,-264
113000416,6064,3473,2591
113000417,2265,2668,-403
113000418,4357,3370,987
113000419,2016,2165,-149
113000420,4066,6450,-2384
113000421,3945,6991,-3046
113000422,9532,11488,-1956
113000423,1644,5493,-3849
113000424,2288,8480,-6192
113000425,16,70,-54
113000428,47,12,35
113000430,3,62,-59
113000432,2273,169,2104
113000433,85,611,-526
113000434,15,100,-85
113000435,12,380,-368
113000436,14,792,-778
113000437,1459,31,1428
113000438,250,5,245
113000439,47,55,-8
113000440,156,36,120
113000441,222,108,114
113000442,132,118,14
113000443,338,140,198
113000444,259,112,147
113000445,113,72,41
113000446,29,62,-33
113000448,216,264,-48
113000449,139,531,-392
113000450,483,1648,-1165
113000451,1035,193,842
113000452,280,357,-77
113000453,33,334,-301
113000454,411,31,380
113000455,4,394,-390
113000456,3006,2633,373
113000468,1083,139,944
113000469,58,168,-110
113000470,315,21,294
113000471,5,329,-324
113000472,111,232,-121
113000474,629,456,173
113000475,1438,1424,14
113000476,1561,1698,-137
113000477,3445,1508,1937
113000478,3162,3321,-159
113000479,81,123,-42
113000480,97,275,-178
113000482,0,0,0
113000484,0,0,0
113000485,0,0,0
113000486,0,0,0
113000487,0,2,-2
113000489,0,0,0
113000490,0,0,0
113000491,6,4,2
113000492,1,1,0
113000493,1,0,1
113000495,99,72,27
113000496,62,51,11
113000498,0,0,0
113000499,0,1,-1
113000500,0,2,-2
113900001,4,235,-231
113900002,0,52,-52
113900003,0,43,-43
113900004,0,64,-64
113900005,0,67,-67
113900006,3,15,-12
113900007,41,34,7
113900008,20,0,20
113900009,58,0,58
113900010,55,0,55
113900011,52,1,51
113900012,33,0,33
113900013,146,4,142
113900014,612,2,610
113900015,0,46,-46
113900016,32,0,32
113900017,8,30,-22
113900018,353,280,73
113900019,190,29,161
113900020,181,1,180
113900022,49,3,46
113900023,30,0,30
113900024,44,42,2
113900025,251,27,224
113900026,72,1,71
113900027,2,21,-19
113900028,34,256,-222
113900029,66,108,-42
113900030,251,2,249
113900031,11,2,9
113900032,36,0,36
113900033,66,57,9
113900035,70,0,70
113900036,21,52,-31
113900037,197,262,-65
113900038,25,108,-83
113900039,247,27,220
113900040,20,31,-11
113900041,21,6,15
113900042,88,45,43
113900043,131,109,22
113900044,202,284,-82
113900045,70,3,67
113900046,479,507,-28
113900047,72,109,-37
113900048,143,96,47
113900049,356,367,-11
113900050,271,279,-8
113900051,189,260,-71
113900052,134,118,16
113900053,616,532,84
113900054,34,1,33
113900055,139,343,-204
113900056,66,139,-73
113900057,24,51,-27
113900058,91,78,13
113900059,269,244,25
113900060,166,185,-19
113900061,648,222,426
113900062,87,22,65
113900063,125,93,32
113900064,24,85,-61
113900065,468,16,452
113900066,415,150,265
113900067,262,358,-96
113900068,571,481,90
113900069,47,26,21
113900070,200,378,-178
113900071,86,45,41
113900072,61,104,-43
113900073,224,170,54
113900074,430,820,-390
113900075,1029,1188,-159
113900076,182,10,172
113900077,43,149,-106
113900078,41,65,-24
113900079,1,23,-22
113900080,646,178,468
113900081,59,136,-77
113900082,118,198,-80
113900083,439,199,240
113900084,265,91,174
113900085,39,206,-167
113900086,40,17,23
113900087,113,142,-29
113900088,65,65,0
113900089,342,60,282
113900090,597,342,255
113900091,20,10,10
113900092,34,54,-20
113900093,53,793,-740
113900094,607,273,334
113900095,168,128,40
113900096,252,74,178
113900097,36,80,-44
113900098,821,100,721
113900099,0,23,-23
113900100,0,5,-5
113900101,10,92,-82
113900102,108,178,-70
113900103,281,314,-33
113900104,130,209,-79
113900105,109,123,-14
113900106,0,23,-23
113900107,0,20,-20
113900108,121,213,-92
113900109,327,193,134
113900110,66,5,61
113900111,126,76,50
113900112,140,38,102
113900113,1262,443,819
113900114,1,57,-56
113900115,0,69,-69
113900116,101,157,-56
113900117,104,16,88
113900118,217,547,-330
113900119,152,499,-347
113900120,61,30,31
113900121,93,81,12
113900122,416,2444,-2028
113900123,517,189,328
113900124,0,55,-55
113900125,628,105,523
113900126,125,19,106
113900127,290,684,-394
113900128,133,93,40
113900129,11,175,-164
113900130,0,69,-69
113900131,326,60,266
113900132,45,84,-39
113900133,12,66,-54
113900135,214,140,74
113900136,116,70,46
113900137,292,268,24
113900138,63,216,-153
113900139,234,155,79
113900140,180,433,-253
113900141,646,179,467
113900142,145,66,79
113900143,15,54,-39
113900144,149,235,-86
113900145,387,124,263
113900146,180,45,135
113900148,99,325,-226
113900149,152,80,72
113900150,338,512,-174
113900151,492,172,320
113900152,46,68,-22
113900153,150,719,-569
113900154,6,106,-100
113900155,156,211,-55
113900156,212,338,-126
113900157,88,303,-215
113900158,221,534,-313
113900159,20,169,-149
113900160,721,357,364
113900161,60,216,-156
113900162,315,847,-532
113900163,239,188,51
113900164,292,41,251
113900165,959,389,570
113900166,155,152,3
113900167,287,40,247
113900168,100,68,32
113900169,187,303,-116
113900171,232,63,169
113900172,22,80,-58
113900173,25,353,-328
113900174,463,497,-34
113900175,331,145,186
113900176,464,484,-20
113900177,303,187,116
113900178,540,111,429
113900179,16,283,-267
113900180,142,69,73
113900181,1021,149,872
113900182,728,816,-88
113900183,64,69,-5
113900184,6,219,-213
113900185,174,61,113
113900186,38,39,-1
113900187,37,103,-66
113900188,28,168,-140
113900189,218,129,89
113900190,220,96,124
113900191,102,186,-84
113900192,10,720,-710
113900193,4,147,-143
113900194,1050,716,334
113900195,230,255,-25
113900196,8,110,-102
113900197,1,92,-91
113900198,28,164,-136
113900199,100,608,-508
113900200,21,212,-191
113900201,1,95,-94
113900202,34,254,-220
113900203,0,57,-57
113900204,32,388,-356
113900205,2,121,-119
113900206,4,118,-114
113900207,0,37,-37
113900208,0,29,-29
113900209,1,61,-60
113900210,450,769,-319
113900211,172,57,115
113900212,214,291,-77
113900214,358,404,-46
113900215,134,89,45
113900216,186,518,-332
113900217,84,167,-83
113900218,153,77,76
113900219,99,304,-205
113900220,119,129,-10
113900221,388,367,21
113900222,148,516,-368
113900223,178,503,-325
113900224,65,45,20
113900225,808,227,581
113900226,380,135,245
113900227,522,256,266
113900228,280,487,-207
113900229,55,837,-782
113900230,3544,3726,-182
113900231,180,159,21
113900232,81,67,14
113900233,112,62,50
113900234,392,481,-89
113900235,74,25,49
113900236,202,216,-14
113900237,200,16,184
113900238,232,573,-341
113900239,43,96,-53
113900240,1,187,-186
113900241,100,44,56
113900242,26,120,-94
113900243,65,322,-257
113900244,279,173,106
113900245,982,269,713
113900246,13,35,-22
113900247,96,394,-298
113900248,1758,2161,-403
113900249,652,405,247
113900250,71,132,-61
113900251,764,87,677
113900252,529,20,509
113900253,689,71,618
113900254,804,182,622
113900255,600,14,586
113900256,368,31,337
113900257,30,244,-214
113900258,23,292,-269
113900259,591,140,451
113900260,299,10,289
113900261,35,45,-10
113900262,156,305,-149
113900263,105,513,-408
113900264,3,312,-309
113900265,180,274,-94
113900266,25,134,-109
113900267,95,413,-318
113900268,374,444,-70
113900269,76,138,-62
113900270,235,657,-422
113900271,680,890,-210
113900273,34,17,17
113900274,59,39,20
113900275,15,52,-37
113900276,2,95,-93
113900277,186,25,161
113900278,231,149,82
113900279,50,56,-6
113900280,1281,422,859
113900281,604,1194,-590
113900282,658,737,-79
113900283,358,421,-63
113900284,755,128,627
113900285,117,36,81
113900286,111,85,26
113900287,79,52,27
113900288,4,80,-76
113900289,564,138,426
113900290,189,320,-131
113900291,79,165,-86
113900292,12,5,7
113900293,0,187,-187
113900294,490,19,471
113900295,377,348,29
113900296,1460,367,1093
113900297,2277,44,2233
113900298,21,1484,-1463
113900299,107,100,7
113900300,3564,4312,-748
113900301,636,448,188
113900302,1624,858,766
113900303,343,563,-220
113900304,1,101,-100
113900305,126,0,126
113900306,58,1,57
113900307,12,0,12
113900308,101,102,-1
113900309,0,300,-300
113900310,0,5,-5
113900311,6,1,5
113900312,159,183,-24
113900313,15,5,10
114000001,977,1850,-873
114000002,325,252,73
114000003,63,298,-235
114000004,114,170,-56
114000005,362,235,127
114000006,2383,1896,487
114000007,804,1141,-337
114000008,1274,2043,-769
114000009,904,261,643
114000011,2969,1911,1058
114000012,3154,1372,1782
114000013,1955,1198,757
114000014,681,210,471
114000015,2580,266,2314
114000016,237,169,68
114000017,141,438,-297
114000018,156,32,124
114000026,2087,959,1128
114000027,3582,1923,1659
114000028,2547,2553,-6
114000038,347,156,191
114000039,98,39,59
114000040,125,261,-136
114000042,203,110,93
114000043,58,49,9
114000044,273,27,246
114000045,56,57,-1
114000046,2805,4477,-1672
114000047,6,71,-65
114000048,103,30,73
114000049,1700,1682,18
114000050,1947,2199,-252
114000051,3233,2196,1037
114000052,4027,1914,2113
114000053,131,731,-600
114000054,227,716,-489
114000055,214,22,192
114000056,620,967,-347
114000057,3924,1812,2112
114000058,322,1668,-1346
114000059,168,386,-218
114000060,625,711,-86
114000061,2604,3080,-476
114000062,1486,1980,-494
114000063,1600,1240,360
114000064,3721,3665,56
114000065,1300,1944,-644
114000066,348,470,-122
114000067,35,897,-862
114000068,596,806,-210
114000069,1071,650,421
114000070,2053,1522,531
114000071,795,496,299
114000072,610,197,413
114000073,29,41,-12
114000074,68,21,47
114000075,66,52,14
114000076,28,60,-32
114000077,7,30,-23
114000078,409,429,-20
114000079,242,31,211
114000080,64,79,-15
114000081,124,94,30
114000082,62,344,-282
114000083,72,173,-101
114000084,474,129,345
114000085,90,456,-366
114000086,237,268,-31
114000087,191,146,45
114000088,60,25,35
114000089,488,327,161
114000090,949,1028,-79
114000091,1478,964,514
114000092,1219,600,619
114000093,1714,763,951
114000094,434,316,118
114000095,250,148,102
114000096,114,226,-112
114000097,94,295,-201
114000098,552,99,453
114000099,733,275,458
114000100,1827,553,1274
114000101,453,380,73
114000102,645,280,365
114000103,150,231,-81
114000104,29,189,-160
114000105,164,114,50
114000106,760,1485,-725
114000107,527,100,427
114000108,859,824,35
114000109,650,1059,-409
114000110,630,927,-297
114000111,2432,839,1593
114000112,300,1008,-708
114000113,1009,391,618
114000114,1090,917,173
114000115,2147,1104,1043
114000116,915,2124,-1209
114000117,3937,590,3347
114000118,3068,517,2551
114000119,2059,495,1564
114000120,574,599,-25
114000121,357,572,-215
114000122,388,245,143
114000123,2611,372,2239
114000124,1075,288,787
114000125,719,847,-128
114000126,2678,251,2427
114000127,249,136,113
114000128,968,284,684
114000130,481,459,22
114000131,343,124,219
114000132,751,361,390
114000133,1097,1208,-111
114000134,91,91,0
114000138,26,141,-115
114000139,480,258,222
114000144,1035,638,397
114000145,106,134,-28
114000146,98,206,-108
114000147,1576,2112,-536
114000148,1384,1981,-597
114000149,398,328,70
114000150,391,708,-317
114000151,655,1443,-788
114000152,117,35,82
114000153,731,2341,-1610
114000154,521,638,-117
114000155,1469,2316,-847
114000156,630,600,30
114000157,249,854,-605
114000158,1030,653,377
114000159,125,363,-238
114000160,114,354,-240
114000161,1198,3290,-2092
114000162,1179,2955,-1776
114000163,31,71,-40
114000165,547,310,237
114000166,610,473,137
114000167,2147,1316,831
114000168,588,496,92
114000169,1247,1429,-182
114000170,1227,1344,-117
114000171,1198,4564,-3366
114000174,168,345,-177
114000176,296,349,-53
114000177,1171,631,540
114000178,53,54,-1
114000179,1033,663,370
114000180,419,510,-91
114000181,1512,3781,-2269
114000182,1450,1923,-473
114000183,714,711,3
114000184,2117,749,1368
114000185,1122,642,480
114000189,1419,148,1271
114000190,3447,476,2971
114000191,49,125,-76
114000192,185,908,-723
114000193,459,1513,-1054
114000194,1320,595,725
114000195,200,57,143
114000196,0,111,-111
114000197,1673,56,1617
114000198,714,326,388
114000199,1524,1603,-79
114000200,474,1080,-606
114000201,159,521,-362
114000202,910,350,560
114000203,500,485,15
114000204,193,346,-153
114000205,192,1032,-840
114000206,624,927,-303
114000207,488,1136,-648
114000208,446,1545,-1099
114000209,535,1286,-751
114000210,233,836,-603
114000211,993,1480,-487
114000212,854,699,155
114000213,1376,502,874
114000214,85,165,-80
114000215,220,68,152
114000216,1653,526,1127
114000217,415,202,213
114000218,169,139,30
114000219,1086,169,917
114000220,35,507,-472
114000221,902,166,736
114000222,110,625,-515
114000223,605,124,481
114000224,82,451,-369
114000225,237,407,-170
114000226,229,205,24
114000227,779,360,419
114000228,917,573,344
114000229,1311,960,351
114000230,1812,828,984
114000231,1224,1041,183
114000232,825,152,673
114000233,2491,149,2342
114000234,972,677,295
114000235,1070,931,139
114000236,1,273,-272
114000237,110,638,-528
114000238,187,217,-30
114000239,205,702,-497
114000240,775,666,109
114000241,255,635,-380
114000242,747,557,190
114000243,2070,785,1285
114000244,1023,244,779
114000245,478,676,-198
114000246,105,38,67
114000247,1084,462,622
114000248,1180,517,663
114000249,542,467,75
114000250,601,540,61
114000251,453,207,246
114000252,37,32,5
114000253,43,77,-34
114000254,52,49,3
114000255,594,279,315
114000256,866,2440,-1574
114000257,312,851,-539
114000258,468,293,175
114000259,227,138,89
114000260,0,36,-36
114000261,36,49,-13
114000262,339,93,246
114000263,15,2,13
114000264,1517,419,1098
114000265,0,0,0
114000267,3,1632,-1629
114000268,1,923,-922
114000270,127,1,126
114000271,384,46,338
114000283,1456,370,1086
114000285,18,122,-104
114000288,56,208,-152
114000289,1661,120,1541
114000293,246,367,-121
114000294,154,296,-142
114000395,1403,22,1381
114000396,676,516,160
114000402,584,195,389
114000403,304,190,114
114000405,211,243,-32
114000423,356,241,115
114000424,562,169,393
114000425,1032,232,800
114000426,278,797,-519
114000427,73,61,12
114000428,83,158,-75
114000429,5,140,-135
114000432,135,57,78
114000434,37,60,-23
114000435,0,33,-33
114900001,738,502,236
114900002,692,141,551
114900003,853,776,77
114900004,298,424,-126
114900005,646,492,154
114900006,75,76,-1
114900007,341,27,314
114900008,234,72,162
114900010,1468,1608,-140
114900011,264,137,127
114900013,248,146,102
114900015,110,497,-387
114900018,935,28,907
114900020,221,103,118
114900021,299,197,102
114900022,5,559,-554
114900024,319,151,168
114900025,687,148,539
114900026,75,161,-86
114900027,297,215,82
114900029,23,24,-1
114900030,397,203,194
114900031,461,30,431
114900032,501,23,478
114900033,684,1066,-382
114900034,48,141,-93
114900035,109,277,-168
114900036,213,381,-168
114900037,134,124,10
114900038,217,410,-193
114900039,564,339,225
114900040,73,81,-8
114900041,893,292,601
114900042,1031,429,602
114900043,411,191,220
114900044,208,39,169
114900045,173,272,-99
114900046,31,80,-49
114900047,233,2385,-2152
114900048,109,220,-111
114900049,7,116,-109
114900050,75,210,-135
114900051,13,243,-230
114900052,61,190,-129
114900053,129,213,-84
114900054,46,111,-65
114900057,223,13,210
114900058,4,127,-123
114900059,108,61,47
114900060,742,829,-87
114900061,156,128,28
114900062,250,294,-44
114900063,70,150,-80
114900064,1644,335,1309
114900065,406,669,-263
114900067,96,358,-262
114900068,45,121,-76
114900069,171,95,76
114900070,687,236,451
114900072,7,273,-266
114900073,1,116,-115
114900074,810,372,438
114900075,378,6,372
114900076,10,251,-241
114900080,1260,284,976
114900082,2709,2127,582
114900083,1122,1074,48
114900084,320,117,203
114900090,421,202,219
114900091,88,184,-96
114900095,289,103,186
114900096,395,667,-272
114900097,182,42,140
114900098,3,134,-131
114900099,252,15,237
115000001,3794,2347,1447
115000002,3853,4321,-468
115000003,3773,1814,1959
115000004,4774,6077,-1303
115000005,1496,1479,17
115000006,986,1397,-411
115000007,120,199,-79
115000008,363,393,-30
115000009,154,191,-37
115000010,280,176,104
115000013,74,224,-150
115000015,38,293,-255
115000016,147,347,-200
115000019,38,484,-446
115000020,97,801,-704
115000021,233,332,-99
115000022,442,285,157
115000023,359,654,-295
115000024,908,323,585
115000025,903,623,280
115000026,209,326,-117
115000027,310,276,34
115000028,296,610,-314
115000029,732,92,640
115000030,839,903,-64
115000031,1338,385,953
115000032,12,209,-197
115000033,145,33,112
115000034,54,1028,-974
115000035,1105,80,1025
115000036,2,267,-265
115000037,609,24,585
115000038,69,153,-84
115000039,2773,3442,-669
115000040,3920,2193,1727
115000041,1189,3376,-2187
115000042,919,535,384
115000043,4066,2216,1850
115000044,3101,2669,432
115000045,2207,1038,1169
115000046,2664,1975,689
115000047,2460,1169,1291
115000048,1489,1625,-136
115000049,1459,2591,-1132
115000050,3276,1489,1787
115000051,1535,3257,-1722
115000052,1546,1482,64
115000053,1913,1920,-7
115000054,537,898,-361
115000055,188,981,-793
115000056,208,418,-210
115000057,491,1178,-687
115000058,356,360,-4
115000059,212,164,48
115000061,104,153,-49
115000062,194,198,-4
115000063,525,247,278
115000064,205,94,111
115000065,55,508,-453
115000067,178,19,159
115000069,39,261,-222
115000070,25,804,-779
115000071,104,25,79
115000072,3,74,-71
115000073,1406,81,1325
115000075,107,60,47
115000076,2622,2166,456
115000077,2184,1427,757
115000078,1332,873,459
115000079,1490,1125,365
115000080,3001,1571,1430
115000081,363,616,-253
115000082,4307,3401,906
115000083,1995,1311,684
115000084,2848,981,1867
115000085,821,654,167
115000086,1333,663,670
115000087,282,1126,-844
115000088,1681,632,1049
115000089,1257,1109,148
115000090,520,940,-420
115000091,214,570,-356
115000092,599,399,200
115000093,544,7,537
115000094,4805,5398,-593
115000095,3488,6147,-2659
115000096,909,935,-26
115000097,1189,918,271
115000098,1296,588,708
115000099,2552,1813,739
115000100,1130,307,823
115000101,441,1010,-569
115000102,549,219,330
115000103,283,466,-183
115000105,56,122,-66
115000106,759,313,446
115000107,231,275,-44
115000108,2278,1595,683
115000109,3320,4613,-1293
115000110,1462,1779,-317
115000111,615,1381,-766
115000112,862,695,167
115000113,785,781,4
115000114,1594,700,894
115000116,3671,2191,1480
115000117,3244,3016,228
115000118,2464,1694,770
115000119,2000,2209,-209
115000120,514,1471,-957
115000121,841,856,-15
115000122,2029,2244,-215
115000123,1114,2634,-1520
115000124,603,839,-236
115000125,403,445,-42
115000126,172,296,-124
115000127,332,119,213
115000128,339,660,-321
115000129,245,408,-163
115000130,508,593,-85
115000131,900,235,665
115000132,559,237,322
115000133,912,227,685
115000134,754,251,503
115000135,311,110,201
115000136,271,256,15
115000137,96,140,-44
115000138,431,256,175
115000139,258,153,105
115000140,446,215,231
115000141,168,155,13
115000142,188,166,22
115000143,881,575,306
115000144,480,57,423
115000145,262,171,91
115000146,553,348,205
115000147,321,397,-76
115000148,279,598,-319
115000149,687,219,468
115000150,675,496,179
115000151,1349,576,773
115000152,793,681,112
115000153,1409,662,747
115000154,1068,291,777
115000155,605,666,-61
115000156,1158,671,487
115000157,559,663,-104
115000158,553,383,170
115000159,608,594,14
115000160,553,657,-104
115000161,452,425,27
115000162,533,842,-309
115000163,458,502,-44
115000164,744,494,250
115000165,371,503,-132
115000167,130,52,78
115000168,421,315,106
115000169,492,333,159
115000170,82,109,-27
115000171,189,221,-32
115000172,961,729,232
115000173,285,704,-419
115000174,407,499,-92
115000175,232,300,-68
115000176,226,144,82
115000177,227,207,20
115000178,16,174,-158
115000179,30,23,7
115000180,143,365,-222
115000181,721,101,620
115000182,1036,237,799
115000183,445,620,-175
115000186,626,215,411
115000187,217,507,-290
115000188,340,412,-72
115000189,247,366,-119
115000190,535,463,72
115000191,192,572,-380
115000194,185,211,-26
115000195,332,292,40
115000196,209,79,130
115000197,261,195,66
115000198,508,140,368
115000199,469,137,332
115000200,443,78,365
115000201,176,268,-92
115000206,428,42,386
115000207,238,237,1
115000208,269,414,-145
115000209,625,308,317
115000210,204,99,105
115000211,237,196,41
115000212,1049,317,732
115000218,98,117,-19
115000219,39,25,14
115000224,329,44,285
115000225,48,59,-11
115000229,149,88,61
115000230,108,266,-158
115000231,246,875,-629
115000232,1733,236,1497
115000233,132,184,-52
115000234,26,278,-252
115000241,86,133,-47
115000242,102,169,-67
115000243,65,161,-96
115000244,18,144,-126
115000246,30,19,11
115000247,51,23,28
115000248,31,26,5
115000249,40,12,28
115000250,269,34,235
115000251,255,108,147
115000252,101,167,-66
115000253,20,384,-364
115000258,266,107,159
115000259,276,104,172
115000261,23,5,18
115000262,31,27,4
115000263,8,32,-24
115000264,39,28,11
115000267,68,65,3
115000268,46,85,-39
115000269,102,48,54
115000270,15,23,-8
115000272,62,96,-34
115000273,439,46,393
115000274,376,108,268
115000280,1457,536,921
115000281,348,1140,-792
115000282,769,923,-154
115000284,170,165,5
115000296,993,11,982
115000297,145,292,-147
115000298,56,627,-571
115000300,225,137,88
115000302,448,87,361
115000303,794,88,706
115000304,871,65,806
115000305,206,404,-198
115000306,271,215,56
115000307,110,144,-34
115000308,11,21,-10
115000310,1089,513,576
115000311,1133,946,187
115000313,103,355,-252
115000314,566,103,463
115000315,546,369,177
115000316,66,124,-58
115000317,184,352,-168
115000318,952,328,624
115000319,56,213,-157
115000320,16,251,-235
115000321,310,19,291
115000322,36,140,-104
115000449,178,150,28
115000557,31,1339,-1308
115000558,223,110,113
115000587,677,378,299
115000588,1620,1986,-366
115000589,3289,1705,1584
115000590,1225,1301,-76
115000591,1879,660,1219
115000592,667,1658,-991
115000593,1464,647,817
115000594,545,2071,-1526
115000609,112,130,-18
115000617,1183,3852,-2669
115000624,222,24,198
115000633,620,1676,-1056
115000634,2449,673,1776
115000635,598,117,481
115000638,504,455,49
115000641,35,91,-56
115000642,380,280,100
115000643,122,370,-248
115000644,129,327,-198
115000646,937,1396,-459
115000647,159,422,-263
115000648,2236,1274,962
115000893,1720,1227,493
115000894,172,800,-628
115000895,245,520,-275
115000896,942,204,738
115000897,431,106,325
115000898,683,217,466
115000899,236,970,-734
115000900,66,244,-178
115000901,40,102,-62
115000912,400,104,296
115000913,6,14,-8
115000915,10,0,10
115000916,7,11,-4
115000917,0,6,-6
115000918,106,641,-535
115000919,10,11,-1
115000920,9,50,-41
115000921,421,126,295
115000922,390,643,-253
115000923,152,646,-494
115000925,65,90,-25
115000927,34,55,-21
115000933,75,143,-68
115900001,155,23,132
115900002,137,104,33
115900003,197,72,125
115900004,2,25,-23
115900005,198,17,181
115900006,163,161,2
115900008,102,6,96
115900009,95,145,-50
115900010,434,96,338
115900011,503,163,340
115900012,198,33,165
115900013,364,137,227
115900014,138,101,37
115900015,153,47,106
115900016,87,27,60
115900017,14,10,4
115900018,119,40,79
115900019,382,16,366
115900020,79,2,77
115900021,849,729,120
115900022,585,19,566
115900023,10,6,4
115900025,38,241,-203
115900026,765,145,620
115900027,0,192,-192
115900028,532,49,483
115900029,22,222,-200
115900030,51,26,25
115900031,175,354,-179
115900032,447,459,-12
115900033,1,58,-57
115900034,24,225,-201
115900035,48,17,31
115900036,35,842,-807
115900037,44,178,-134
115900038,70,10,60
115900039,187,120,67
115900041,257,745,-488
115900042,29,4,25
115900043,98,70,28
115900044,227,316,-89
115900046,308,168,140
115900047,177,189,-12
115900049,211,154,57
115900051,7,33,-26
115900052,14,122,-108
115900053,323,166,157
115900054,351,49,302
115900055,25,76,-51
115900056,254,194,60
115900057,43,9,34
115900058,37,48,-11
115900060,84,94,-10
115900061,248,2,246
115900062,134,159,-25
115900063,72,4,68
115900064,177,219,-42
115900065,122,56,66
115900066,102,102,0
115900067,7,321,-314
115900068,1934,1120,814
115900069,54,145,-91
115900070,178,104,74
115900071,1,307,-306
115900072,34,145,-111
115900073,91,105,-14
115900074,3,179,-176
115900075,60,175,-115
115900076,3,38,-35
115900077,3,146,-143
115900078,100,95,5
115900079,376,13,363
115900080,239,143,96
115900081,14,41,-27
115900082,138,118,20
115900084,585,13,572
115900085,32,55,-23
115900086,1339,518,821
115900088,16,59,-43
115900089,323,411,-88
115900090,444,16,428
115900091,10,23,-13
115900092,18,85,-67
115900093,6,16,-10
115900094,3,188,-185
115900096,9,5,4
115900097,7,204,-197
115900098,239,223,16
115900099,240,43,197
115900100,14,330,-316
115900101,137,202,-65
115900102,88,69,19
115900103,324,171,153
115900104,81,67,14
115900105,328,336,-8
115900106,106,12,94
115900107,125,76,49
115900108,164,50,114
115900109,43,297,-254
115900110,2,11,-9
115900111,2,76,-74
115900112,31,704,-673
115900113,75,27,48
115900114,6,97,-91
115900115,99,181,-82
115900116,122,780,-658
115900117,111,19,92
115900118,1,147,-146
115900119,165,134,31
115900120,32,281,-249
115900121,254,175,79
115900124,289,610,-321
115900125,379,42,337
115900126,870,89,781
115900127,790,62,728
115900128,9,206,-197
115900129,867,79,788
115900130,18,176,-158
115900131,485,40,445
115900132,653,11,642
115900134,396,6,390
115900135,385,1318,-933
115900137,10,7,3
115900139,123,232,-109
115900140,286,28,258
115900141,28,131,-103
115900142,42,98,-56
115900143,221,242,-21
115900144,89,167,-78
115900146,16,62,-46
115900147,174,249,-75
115900148,93,2,91
115900149,129,15,114
115900150,117,20,97
115900151,24,84,-60
115900152,141,273,-132
115900153,138,170,-32
115900154,346,313,33
115900155,0,26,-26
115900156,696,970,-274
115900157,209,477,-268
115900158,4,5,-1
115900159,178,166,12
115900160,7,8,-1
115900161,43,117,-74
115900163,250,115,135
115900164,731,36,695
115900165,1,183,-182
115900166,221,108,113
115900168,125,130,-5
115900171,113,324,-211
115900172,87,89,-2
115900173,197,96,101
115900174,216,166,50
115900175,167,178,-11
115900178,6,353,-347
115900179,357,8,349
115900180,36,85,-49
115900181,188,96,92
115900182,417,127,290
115900183,156,194,-38
115900184,845,11,834
115900187,20,115,-95
115900189,1,302,-301
115900190,347,1256,-909
115900191,31,294,-263
115900192,15,160,-145
115900193,363,93,270
115900194,827,69,758
115900195,565,2367,-1802
115900198,222,246,-24
115900199,211,213,-2
115900200,203,312,-109
115900201,339,353,-14
115900202,1,47,-46
115900203,5,8,-3
115900204,0,0,0
115900205,35,10,25
115900206,275,156,119
115900207,31,8,23
115900208,145,86,59
115900209,9,121,-112
115900210,13,100,-87
115900211,2,185,-183
115900212,210,191,19
115900213,147,96,51
115900214,453,144,309
115900215,33,203,-170
115900216,1,90,-89
115900217,20,30,-10
115900218,7,27,-20
115900219,109,5,104
115900220,194,11,183
115900221,115,15,100
115900222,92,32,60
115900223,8,385,-377
115900224,665,1432,-767
115900225,46,41,5
115900226,15,28,-13
115900227,29,41,-12
115900228,11,60,-49
115900229,2,29,-27
115900230,33,93,-60
115900231,134,2,132
115900232,52,1,51
115900233,118,18,100
115900234,49,43,6
115900235,34,36,-2
115900236,132,29,103
115900237,51,35,16
115900238,79,20,59
115900239,30,22,8
115900240,13,36,-23
115900241,292,91,201
115900242,212,346,-134
115900243,25,13,12
115900244,32,14,18
115900245,1,14,-13
115900246,5,7,-2
115900247,14,8,6
115900248,12,3,9
115900249,3,15,-12
115900250,9,21,-12
115900251,1,10,-9
115900252,5,2,3
115900253,6,8,-2
115900254,11,14,-3
115900255,3,15,-12
115900256,5,11,-6
115900257,2,6,-4
115900258,0,0,0
115900259,1,1,0
115900260,11,2,9
115900261,10,1,9
115900262,1,0,1
115900263,20,0,20
115900264,46,3,43
115900265,3,15,-12
115900266,2,10,-8
115900267,6,14,-8
115900268,3,18,-15
115900269,534,303,231
115900270,398,224,174
116000001,6684,3290,3394
116000002,4528,12382,-7854
116000003,1345,1069,276
116000004,2775,4132,-1357
116000005,1427,2098,-671
116000006,2363,2753,-390
116000007,2156,2133,23
116000008,4324,2247,2077
116000009,1197,1457,-260
116000010,2506,1606,900
116000011,815,1461,-646
116000012,2004,1189,815
116000013,5601,3156,2445
116000014,7402,13048,-5646
116000015,223,1452,-1229
116000016,4750,4191,559
116000017,34,732,-698
116000018,594,290,304
116000019,913,347,566
116000020,543,891,-348
116000021,533,292,241
116000022,314,281,33
116000023,1209,832,377
116000024,649,624,25
116000025,917,721,196
116000026,1467,2200,-733
116000027,663,622,41
116000028,411,935,-524
116000029,595,626,-31
116000030,797,426,371
116000031,219,268,-49
116000032,164,150,14
116000033,236,196,40
116000034,728,422,306
116000035,169,716,-547
116000036,1457,1742,-285
116000037,579,478,101
116000038,279,466,-187
116000039,395,440,-45
116000040,606,359,247
116000041,154,390,-236
116000042,612,344,268
116000043,129,1077,-948
116000044,1,19,-18
116000045,1712,1666,46
116000046,977,1851,-874
116000047,1628,1979,-351
116000048,1840,1634,206
116000049,1483,2557,-1074
116000050,1461,1238,223
116000051,6161,2268,3893
116000052,5422,4580,842
116000053,2303,710,1593
116000054,788,2101,-1313
116000055,862,749,113
116000056,814,971,-157
116000057,2791,1534,1257
116000058,3083,3051,32
116000059,2847,4950,-2103
116000060,1716,824,892
116000061,304,926,-622
116000062,608,226,382
116000063,516,1110,-594
116000066,265,671,-406
116000067,238,399,-161
116000068,172,293,-121
116000069,228,306,-78
116000078,671,1058,-387
116000080,2116,772,1344
116000082,18,30,-12
116000083,1694,462,1232
116000084,1731,2505,-774
116000085,2140,2036,104
116000086,1244,683,561
116000087,2097,1703,394
116000088,647,760,-113
116000089,178,70,108
116000090,89,140,-51
116000091,366,211,155
116000093,1186,601,585
116000094,880,481,399
116000095,885,607,278
116000096,929,1718,-789
116000097,1780,613,1167
116000098,34,7889,-7855
116000099,5143,184,4959
116000100,316,22,294
116000101,1113,552,561
116000102,284,799,-515
116000103,636,368,268
116000104,220,1022,-802
116000105,1373,171,1202
116000106,973,822,151
116000107,4276,302,3974
116000108,507,148,359
116000111,116,43,73
116000113,144,109,35
116000114,47,121,-74
116000115,449,119,330
116000116,274,321,-47
116000117,1669,1559,110
116000118,1595,956,639
116000119,3720,1569,2151
116000120,2897,2912,-15
116000121,1055,518,537
116000122,1034,1096,-62
116000123,1406,464,942
116000124,398,696,-298
116000125,3597,836,2761
116000126,285,977,-692
116000127,906,813,93
116000128,2023,983,1040
116000129,1539,225,1314
116000130,694,540,154
116000133,1358,610,748
116000134,1591,1306,285
116000135,3086,1275,1811
116000136,825,1414,-589
116000137,1338,716,622
116000138,939,567,372
116000139,1788,2016,-228
116000140,186,174,12
116000141,306,453,-147
116000142,2578,1785,793
116000143,1849,1650,199
116000144,1516,1369,147
116000145,1789,990,799
116000146,712,117,595
116000147,177,150,27
116000148,563,484,79
116000149,626,704,-78
116000151,480,346,134
116000153,97,335,-238
116000155,171,249,-78
116000156,902,890,12
116000157,93,24,69
116000158,233,296,-63
116000159,8,9,-1
116000160,25,33,-8
116000161,8,69,-61
116000162,51,117,-66
116000163,38,16,22
116000164,12,16,-4
116000177,538,95,443
116000194,98,333,-235
116000195,1267,531,736
116000196,37,6,31
116000197,25,19,6
116000198,2206,1124,1082
116000200,668,542,126
116000201,619,550,69
116000202,10,157,-147
116000203,1,61,-60
116000204,10,42,-32
116000205,0,124,-124
116000206,0,80,-80
116000207,19,47,-28
116000233,209,336,-127
116000287,218,271,-53
116000288,361,208,153
116000292,84,94,-10
116000296,9,106,-97
116000297,68,13,55
116000304,203,2,201
116000305,10,130,-120
116000346,207,71,136
116000352,112,31,81
116000354,51,10,41
116000357,17,48,-31
116000358,410,61,349
116000361,39,2,37
116000372,3258,4799,-1541
116000381,149,1,148
116000388,2,27,-25
116000389,842,502,340
116000445,567,359,208
116000446,692,389,303
116000447,13,482,-469
116000448,482,192,290
116000563,988,1097,-109
116000565,61,285,-224
116000568,61,388,-327
116000579,29,117,-88
116000584,20,5,15
116000585,42,16,26
116000586,56,125,-69
116000587,279,440,-161
116000589,56,55,1
116000590,102,139,-37
116000591,238,168,70
116000592,9,67,-58
116000593,2,31,-29
116000594,919,366,553
116000595,703,135,568
116000596,96,2,94
116000597,499,163,336
116000598,31,112,-81
116000602,47,495,-448
116000605,177,110,67
116000606,56,245,-189
116000607,14,50,-36
116000609,140,1005,-865
116000611,217,277,-60
116000612,893,1863,-970
116000613,678,276,402
116000614,363,405,-42
116000615,70,385,-315
116000616,58,52,6
116000617,86,20,66
116000618,10,51,-41
116000619,69,96,-27
116000620,154,121,33
116000621,53,124,-71
116000622,65,135,-70
116000624,190,52,138
116900001,270,163,107
116900002,234,2,232
116900003,44,27,17
116900004,43,84,-41
116900005,338,48,290
116900006,69,157,-88
116900007,179,158,21
116900008,529,184,345
116900009,21,6,15
116900010,2,791,-789
116900011,12,21,-9
116900012,173,185,-12
116900013,2,130,-128
116900014,149,93,56
116900015,481,40,441
116900016,276,3,273
116900017,3,355,-352
116900018,83,63,20
116900019,4,229,-225
116900020,372,666,-294
116900023,151,19,132
116900024,777,54,723
116900025,1351,644,707
116900026,95,472,-377
116900027,26,50,-24
116900028,7,116,-109
116900029,0,37,-37
116900031,0,7,-7
116900032,3,231,-228
116900033,16,27,-11
116900034,15,49,-34
116900035,144,151,-7
116900036,4,118,-114
116900038,101,1,100
116900041,73,18,55
116900042,384,228,156
116900043,49,47,2
116900045,196,80,116
116900047,25,206,-181
116900049,31,261,-230
116900050,99,312,-213
116900051,173,142,31
116900052,198,56,142
116900055,1,9,-8
116900057,23,168,-145
116900058,45,259,-214
116900059,3,126,-123
116900060,195,145,50
116900062,4,14,-10
116900064,99,372,-273
116900065,37,109,-72
116900067,102,79,23
116900068,142,188,-46
116900070,4,2,2
116900072,28,251,-223
116900073,30,97,-67
116900074,8,32,-24
116900076,13,41,-28
116900077,5,104,-99
116900078,180,88,92
116900079,28,143,-115
116900080,8,25,-17
116900081,377,877,-500
116900082,393,737,-344
116900083,29,20,9
116900084,81,59,22
116900085,33,131,-98
116900086,63,131,-68
116900088,324,105,219
116900090,65,39,26
116900091,388,29,359
116900092,95,556,-461
116900093,1522,1456,66
116900094,2961,4311,-1350
116900095,242,80,162
116900096,149,370,-221
116900097,2059,3619,-1560
116900098,638,348,290
116900099,591,748,-157
116900100,1078,55,1023
116900101,327,366,-39
116900103,10,2,8
116900104,69,72,-3
116900105,329,142,187
116900106,2362,109,2253
116900107,2444,2830,-386
116900110,18,4,14
116900111,681,565,116
116900112,270,791,-521
116900113,1579,1192,387
116900116,71,649,-578
116900117,120,95,25
116900118,477,717,-240
116900120,438,52,386
116900121,116,20,96
116900122,959,493,466
116900123,256,540,-284
116900124,162,741,-579
116900125,509,147,362
116900126,88,611,-523
116900128,0,31,-31
116900129,2,283,-281
116900130,451,3989,-3538
116900131,87,315,-228
116900132,68,126,-58
116900133,133,131,2
116900134,238,201,37
116900136,230,176,54
116900137,313,139,174
116900138,220,106,114
116900139,176,364,-188
116900140,189,159,30
116900141,814,363,451
116900142,2,69,-67
116900143,402,468,-66
116900144,30,87,-57
116900145,85,151,-66
116900147,336,535,-199
116900148,3,44,-41
116900149,77,221,-144
116900150,17,12,5
116900151,32,8,24
116900153,186,102,84
116900154,369,674,-305
116900155,79,78,1
116900157,635,145,490
116900158,113,356,-243
116900159,41,290,-249
116900160,988,777,211
116900161,4364,7379,-3015
116900162,24,49,-25
116900163,225,98,127
116900164,75,76,-1
116900165,332,254,78
116900166,50,27,23
116900167,497,74,423
116900168,383,60,323
116900169,297,494,-197
116900170,443,591,-148
116900171,55,147,-92
116900172,174,340,-166
116900173,238,27,211
116900174,59,22,37
116900175,173,196,-23
116900178,36,105,-69
116900179,104,327,-223
116900180,115,23,92
116900182,657,275,382
116900183,165,92,73
116900185,51,51,0
116900186,90,161,-71
116900187,102,45,57
116900188,146,25,121
116900189,68,1,67
116900191,476,619,-143
116900192,288,110,178
116900194,159,1362,-1203
116900195,59,25,34
116900196,34,77,-43
116900197,117,17,100
116900198,115,262,-147
116900200,82,19,63
116900201,152,3,149
116900202,112,46,66
116900203,177,4,173
116900204,61,126,-65
116900206,12,3,9
116900207,39,33,6
116900208,4,64,-60
116900209,39,86,-47
116900210,505,233,272
116900211,203,6,197
116900212,93,14,79
116900213,194,81,113
116900214,211,110,101
116900215,90,57,33
116900216,311,178,133
116900218,8,215,-207
116900219,1144,281,863
116900220,132,258,-126
116900221,96,393,-297
116900222,414,332,82
116900223,120,291,-171
116900226,152,42,110
116900227,239,49,190
116900228,337,153,184
116900230,76,178,-102
116900231,40,279,-239
116900232,30,293,-263
116900233,326,75,251
116900234,36,10,26
116900235,130,190,-60
116900238,1175,251,924
116900239,37,1264,-1227
116900240,3913,3112,801
116900241,128,134,-6
116900242,258,689,-431
116900243,8,74,-66
116900245,40,28,12
116900246,142,13,129
116900247,832,15,817
116900248,109,39,70
116900249,441,139,302
116900250,492,31,461
116900251,424,807,-383
116900252,175,615,-440
116900253,122,72,50
116900254,40,60,-20
116900255,72,95,-23
116900256,449,120,329
116900257,53,236,-183
116900258,6,109,-103
116900259,265,13,252
116900260,2,68,-66
116900261,100,0,100
116900262,238,125,113
116900263,0,6,-6
116900264,2,0,2
116900265,35,2,33
116900266,27,37,-10
116900267,5,0,5
116900268,225,275,-50
116900269,279,426,-147
116900271,1063,257,806
116900272,279,237,42
116900273,96,60,36
116900274,108,48,60
116900275,163,72,91
116900276,331,181,150
116900277,411,30,381
116900278,6,10,-4
116900279,0,24,-24
116900280,33,20,13
116900281,3898,5169,-1271
116900282,6,79,-73
116900283,12,65,-53
116900284,10,151,-141
116900285,186,214,-28
116900286,212,33,179
116900287,6,19,-13
116900288,87,74,13
116900289,5,8,-3
116900290,4,11,-7
116900291,30,15,15
116900292,0,23,-23
116900293,49,31,18
116900294,26,120,-94
116900295,50,42,8
116900296,18,30,-12
116900297,2,35,-33
116900298,18,20,-2
116900299,10,33,-23
116900300,3,24,-21
116900301,25,31,-6
116900302,574,1032,-458
116900303,80,85,-5
116900304,1,129,-128
116900305,5,48,-43
116900306,180,81,99
117000001,2373,1707,666
117000002,1887,3368,-1481
117000003,6182,3232,2950
117000004,3097,4096,-999
117000005,2225,1950,275
117000006,962,2161,-1199
117000007,3974,980,2994
117000008,947,2614,-1667
117000009,4660,1795,2865
117000010,2091,2828,-737
117000011,2621,1387,1234
117000012,1370,962,408
117000013,1846,643,1203
117000014,1193,1776,-583
117000015,2392,1146,1246
117000016,180,93,87
117000017,180,103,77
117000018,122,703,-581
117000019,71,2,69
117000020,303,1561,-1258
117000021,976,226,750
117000022,224,129,95
117000023,123,131,-8
117000024,168,298,-130
117000025,410,978,-568
117000026,1641,1581,60
117000027,974,2829,-1855
117000028,1260,1379,-119
117000030,108,115,-7
117000032,1240,1176,64
117000033,1450,1273,177
117000034,147,78,69
117000036,172,59,113
117000038,112,219,-107
117000039,35,37,-2
117000040,221,812,-591
117000041,1253,155,1098
117000044,14,519,-505
117000045,431,112,319
117000046,398,701,-303
117000047,987,750,237
117000048,1618,747,871
117000049,130,782,-652
117000050,139,1187,-1048
117000051,2453,84,2369
117000052,41,225,-184
117000053,652,34,618
117000054,2225,11,2214
117000055,11,2071,-2060
117000056,821,25,796
117000057,411,1907,-1496
117000060,458,1078,-620
117000061,1866,957,909
117000062,247,511,-264
117000063,1852,828,1024
117000064,448,483,-35
117000066,840,810,30
117000067,98,773,-675
117000074,137,187,-50
117000076,87,47,40
117000077,161,212,-51
117000078,115,556,-441
117000079,488,265,223
117000080,0,258,-258
117000081,994,113,881
117000082,9,90,-81
117000083,133,8,125
117000084,186,4,182
117000085,326,861,-535
117000086,796,344,452
117000087,74,434,-360
117000088,303,147,156
117000089,1850,239,1611
117000090,284,935,-651
117000091,1031,299,732
117000092,403,848,-445
117000093,1436,664,772
117000094,1327,2029,-702
117000095,3983,891,3092
117000096,792,1665,-873
117000097,2010,1000,1010
117000098,2039,2824,-785
117000099,4338,1196,3142
117000100,273,423,-150
117000101,204,741,-537
117000102,2208,664,1544
117000103,707,1145,-438
117000104,1664,611,1053
117000105,736,1038,-302
117000106,1527,721,806
117000107,557,1312,-755
117000108,2112,875,1237
117000109,1201,1736,-535
117000110,1716,1214,502
117000111,3409,3487,-78
117000112,3976,1563,2413
117000113,165,180,-15
117000114,285,109,176
117000115,100,89,11
117000116,186,297,-111
117000117,1812,1454,358
117000118,277,124,153
117000119,170,218,-48
117000120,157,688,-531
117000121,88,1246,-1158
117000122,194,656,-462
117000123,1417,39,1378
117000124,281,161,120
117000125,136,154,-18
117000126,60,42,18
117000127,142,467,-325
117000128,243,949,-706
117000129,136,140,-4
117000130,35,0,35
117000131,0,36,-36
117000132,4104,22,4082
117000133,2241,45,2196
117000134,1,52,-51
117000135,1,78,-77
117000136,1,23,-22
117000137,106,141,-35
117000138,2,568,-566
117000140,425,1112,-687
117000141,1944,529,1415
117000181,416,121,295
117000182,413,827,-414
117000195,211,693,-482
117000196,390,161,229
117000225,63,34,29
117000226,9,54,-45
117000276,352,13,339
117000277,0,215,-215
117000310,1268,1728,-460
117000315,39,538,-499
117000320,38,0,38
117000906,459,30,429
117000907,10,218,-208
117000908,14,74,-60
117000909,38,36,2
117000910,206,170,36
117000911,68,137,-69
117000915,7,323,-316
117000916,65,16,49
117000917,1554,58,1496
117000918,88,66,22
117000919,6,75,-69
117000920,5,953,-948
117000921,2,676,-674
117000922,26,73,-47
117000924,750,687,63
117000926,498,77,421
117000927,743,1576,-833
117000928,0,68,-68
117000929,331,199,132
117000930,239,23,216
117000931,221,205,16
117900002,100,364,-264
117900003,529,444,85
117900005,9,50,-41
117900006,0,30,-30
117900007,138,85,53
117900008,1,12,-11
117900010,287,51,236
117900011,24,109,-85
117900012,71,74,-3
117900013,1,132,-131
117900014,351,64,287
117900015,15,69,-54
117900016,933,1026,-93
117900017,543,138,405
117900018,78,116,-38
117900019,627,153,474
117900020,93,442,-349
117900021,42,59,-17
117900022,42,11,31
117900023,545,80,465
117900024,50,33,17
117900025,36,12,24
117900026,511,177,334
117900028,42,3,39
117900029,367,395,-28
117900030,503,169,334
117900031,124,100,24
117900032,1338,599,739
117900033,353,366,-13
117900034,35,21,14
117900035,302,121,181
117900036,267,263,4
117900037,212,152,60
117900038,31,166,-135
117900039,0,41,-41
117900040,155,214,-59
117900041,5,52,-47
117900042,3068,344,2724
117900043,15,25,-10
117900044,17,2920,-2903
117900045,206,121,85
117900048,450,180,270
117900049,235,351,-116
117900050,3,116,-113
117900051,74,10,64
117900052,92,453,-361
117900053,2007,433,1574
117900054,1,21,-20
117900055,284,159,125
117900056,99,8,91
117900057,1050,1017,33
117900058,273,1225,-952
117900059,215,100,115
117900060,2612,3707,-1095
117900061,7,182,-175
117900063,490,155,335
117900065,719,938,-219
117900066,6,89,-83
117900067,643,138,505
117900069,1046,282,764
117900070,156,21,135
117900071,68,130,-62
117900073,518,227,291
117900074,93,54,39
117900075,79,73,6
117900076,9,39,-30
117900077,624,166,458
117900078,435,835,-400
117900080,123,47,76
117900081,414,360,54
117900082,451,437,14
117900083,416,323,93
117900086,134,24,110
117900087,212,62,150
117900088,2382,1642,740
117900089,2597,811,1786
117900090,376,331,45
117900091,120,96,24
117900092,83,23,60
117900093,114,52,62
117900094,41,45,-4
117900095,248,147,101
117900096,100,254,-154
117900097,614,76,538
117900098,42,24,18
117900099,150,143,7
117900100,361,5,356
117900101,468,1983,-1515
117900102,95,48,47
117900103,75,6,69
117900104,9,80,-71
117900105,113,233,-120
117900106,77,34,43
117900107,50,1,49
117900109,823,465,358
117900110,120,2,118
117900111,464,29,435
117900112,91,14,77
117900113,1933,1833,100
117900114,34,0,34
117900115,167,58,109
117900116,683,607,76
117900117,806,328,478
117900118,102,2,100
117900119,268,74,194
117900120,262,23,239
117900121,144,41,103
117900122,1069,4780,-3711
117900123,786,297,489
117900124,781,563,218
117900125,1878,1883,-5
117900126,172,424,-252
117900127,479,377,102
117900128,418,536,-118
117900129,114,0,114
117900130,896,344,552
117900131,2,102,-100
117900132,17,62,-45
117900133,8,78,-70
117900134,122,258,-136
117900135,11,127,-116
117900136,0,35,-35
117900137,57,225,-168
117900138,0,29,-29
117900139,160,83,77
117900140,2341,305,2036
117900141,99,133,-34
117900142,57,79,-22
117900144,45,168,-123
117900145,29,35,-6
117900146,133,224,-91
117900147,71,53,18
117900148,2125,1859,266
117900149,100,158,-58
117900150,46,30,16
117900151,39,68,-29
117900152,76,47,29
117900153,17,95,-78
117900154,453,446,7
117900156,675,595,80
117900157,78,446,-368
117900158,408,214,194
117900160,899,900,-1
117900161,2211,1749,462
117900162,502,412,90
117900163,30,130,-100
117900165,0,8,-8
117900166,123,457,-334
117900168,62,175,-113
117900169,0,75,-75
117900170,1,29,-28
117900171,0,27,-27
117900172,15,25,-10
117900173,141,51,90
117900174,35,46,-11
117900175,7,29,-22
117900176,4,17,-13
117900177,18,26,-8
117900178,103,25,78
117900180,193,35,158
117900181,44,427,-383
117900182,1,54,-53
117900183,65,182,-117
117900184,26,68,-42
117900185,80,49,31
117900186,58,12,46
117900187,18,14,4
117900188,264,52,212
117900189,63,38,25
117900190,31,6,25
117900191,90,0,90
117900192,241,3,238
117900193,29,50,-21
117900194,14,2,12
117900195,20,80,-60
117900196,24,62,-38
117900207,181,170,11
117900208,40,43,-3
117900209,146,135,11
117900210,109,230,-121
117900211,12,206,-194
117900212,126,108,18
117900213,21,11,10
117900214,7,20,-13
117900216,10,101,-91
117900217,21,460,-439
117900218,100,145,-45
117900219,9,152,-143
117900220,56,95,-39
117900221,11,14,-3
118000001,807,842,-35
118000002,580,1520,-940
118000003,1363,2937,-1574
118000004,1291,1357,-66
118000005,3689,6003,-2314
118000006,3391,8596,-5205
118000007,4117,3876,241
118000008,2336,3109,-773
118000009,1581,3033,-1452
118000010,5686,3346,2340
118000011,1593,1616,-23
118000012,1075,1575,-500
118000013,1931,2015,-84
118000014,1814,2006,-192
118000016,226,298,-72
118000017,452,405,47
118000018,386,362,24
118000019,1576,1308,268
118000020,862,3353,-2491
118000021,458,3121,-2663
118000022,1256,834,422
118000023,654,250,404
118000024,915,1383,-468
118000025,540,2211,-1671
118000027,8510,11047,-2537
118000029,760,763,-3
118000032,746,4049,-3303
118000033,2636,6171,-3535
118000034,4003,2300,1703
118000035,1653,3161,-1508
118000036,832,1190,-358
118000037,757,819,-62
118000038,232,77,155
118000039,76,160,-84
118000040,1636,1100,536
118000041,2461,1148,1313
118000045,267,214,53
118000046,1030,623,407
118000047,732,1236,-504
118000048,1679,1483,196
118000051,3387,1818,1569
118000052,2644,1311,1333
118000053,250,641,-391
118000054,1476,1034,442
118000055,1328,1240,88
118000056,410,464,-54
118000057,284,354,-70
118000058,2476,1994,482
118000059,1679,1171,508
118000060,1137,430,707
118000061,1269,1057,212
118000062,666,303,363
118000063,468,612,-144
118000064,758,1085,-327
118000065,2609,1529,1080
118000066,715,1435,-720
118000067,486,664,-178
118000068,1052,4156,-3104
118000069,1639,904,735
118000070,3950,1615,2335
118000071,2570,6084,-3514
118000072,857,1143,-286
118000073,702,609,93
118000074,374,323,51
118000075,728,235,493
118000076,1064,2331,-1267
118000077,1053,1036,17
118000078,1625,2249,-624
118000079,250,456,-206
118000080,693,691,2
118000081,1423,1071,352
118000082,298,893,-595
118000083,1483,1370,113
118000084,2204,1735,469
118000086,199,501,-302
118000087,3100,2247,853
118000088,1492,1424,68
118000089,3402,2103,1299
118000090,1054,2569,-1515
118000091,906,2386,-1480
118000092,871,461,410
118000093,78,633,-555
118000096,391,538,-147
118000097,680,512,168
118000098,300,155,145
118000099,764,588,176
118000101,1117,256,861
118000102,372,757,-385
118000107,1229,427,802
118000108,770,2495,-1725
118000110,0,19,-19
118000111,0,170,-170
118000112,614,6,608
118000113,3,308,-305
118000114,494,9,485
118000115,22,14,8
118000116,30,0,30
118000117,676,550,126
118000118,901,893,8
118000119,952,1181,-229
118000120,1534,994,540
118000121,52,498,-446
118000122,1037,304,733
118000123,32,175,-143
118000125,1193,706,487
118000126,686,1542,-856
118000127,1361,654,707
118000128,419,853,-434
118000129,1005,323,682
118000130,1647,2222,-575
118000131,321,388,-67
118000132,2414,1817,597
118000133,1006,317,689
118000135,593,417,176
118000136,114,295,-181
118000137,461,79,382
118000138,363,418,-55
118000139,469,86,383
118000140,2931,4962,-2031
118000141,2422,1491,931
118000142,1959,1230,729
118000143,2489,1140,1349
118000144,1005,593,412
118000145,1896,1163,733
118000146,1257,583,674
118000147,941,1023,-82
118000148,525,1020,-495
118000149,1018,632,386
118000150,455,174,281
118000151,659,406,253
118000153,1576,1062,514
118000154,1422,1390,32
118000155,1469,1177,292
118000156,1489,2270,-781
118000157,590,290,300
118000158,234,356,-122
118000159,27,85,-58
118000160,570,325,245
118000161,547,572,-25
118000162,1783,711,1072
118000163,1115,787,328
118000164,1796,1187,609
118000168,746,900,-154
118000169,827,721,106
118000170,2964,3458,-494
118000171,361,669,-308
118000172,80,200,-120
118000173,797,992,-195
118000175,293,353,-60
118000176,326,454,-128
118000177,275,618,-343
118000178,39,43,-4
118000179,1014,1230,-216
118000180,813,541,272
118000181,698,248,450
118000182,298,263,35
118000183,225,267,-42
118000184,1113,584,529
118000185,1083,1422,-339
118000186,790,1273,-483
118000187,1536,493,1043
118000188,737,123,614
118000189,872,401,471
118000190,13,11,2
118000191,22,31,-9
118000192,62,89,-27
118000193,52,246,-194
118000194,1072,738,334
118000195,348,989,-641
118000196,239,176,63
118000197,79,141,-62
118000198,243,644,-401
118000199,286,363,-77
118000200,95,213,-118
118000201,352,386,-34
118000202,32,71,-39
118000203,363,578,-215
118000204,79,358,-279
118000205,118,237,-119
118000206,235,198,37
118000207,0,57,-57
118000208,1414,1392,22
118000209,2099,1135,964
118000210,61,38,23
118000211,17,22,-5
118000213,1412,1886,-474
118000214,428,543,-115
118000215,341,91,250
118000216,2276,1923,353
118000217,26,76,-50
118000218,86,70,16
118000219,312,169,143
118000220,3,39,-36
118000221,277,319,-42
118000222,78,3,75
118000223,27,46,-19
118000224,129,61,68
118000225,106,448,-342
118000226,946,164,782
118000227,608,423,185
118000228,124,242,-118
118000229,132,66,66
118000230,125,154,-29
118000231,91,148,-57
118000232,848,576,272
118000233,1224,672,552
118000234,511,194,317
118000236,397,243,154
118000237,86,303,-217
118000238,333,129,204
118000239,322,251,71
118000240,266,169,97
118000241,172,116,56
118000242,563,350,213
118000243,321,188,133
118000244,55,91,-36
118000246,1,23,-22
118000255,41,176,-135
118000256,124,153,-29
118000259,8,47,-39
118000260,185,76,109
118000261,31,44,-13
118000263,85,140,-55
118000266,130,173,-43
118000267,1,102,-101
118000268,241,2,239
118000270,69,27,42
118000271,132,193,-61
118000272,93,36,57
118000273,173,69,104
118000274,99,207,-108
118000276,544,369,175
118000295,20,139,-119
118000298,148,168,-20
118000299,49,73,-24
118000301,1,41,-40
118000302,124,30,94
118000311,659,62,597
118000312,323,190,133
118000313,63,79,-16
118000314,115,33,82
118000315,72,28,44
118000316,794,325,469
118000325,65,36,29
118000326,44,31,13
118000331,37,43,-6
118000332,23,20,3
118000333,41,53,-12
118000335,395,0,395
118000336,0,166,-166
118000407,207,42,165
118000457,5,22,-17
118000465,1801,3839,-2038
118000480,40,53,-13
118000489,7,325,-318
118000490,34,130,-96
118000492,175,155,20
118000510,43,42,1
118000514,91,255,-164
118000515,733,666,67
118000517,281,121,160
118000524,211,388,-177
118000525,643,601,42
118000530,27,107,-80
118000531,374,222,152
118000532,255,214,41
118000533,252,129,123
118000534,591,401,190
118000535,334,121,213
118000536,395,1970,-1575
118000537,21,183,-162
118000538,44,59,-15
118000539,39,101,-62
118000540,308,148,160
118000541,222,81,141
118000542,120,210,-90
118000543,243,167,76
118000546,47,26,21
118000560,1487,2348,-861
118000562,38,104,-66
118000563,1308,975,333
118000576,189,89,100
118000577,142,121,21
118000578,87,54,33
118000579,322,1107,-785
118000595,244,60,184
118000596,0,74,-74
118000597,135,64,71
118000598,18,0,18
118000599,87,35,52
118000600,1,17,-16
118000601,24,2,22
118000602,0,22,-22
118000603,0,6,-6
118900001,443,1088,-645
118900002,746,803,-57
118900003,528,15,513
118900004,49,36,13
118900005,83,9,74
118900006,170,4,166
118900007,10,3,7
118900008,1527,62,1465
118900009,85,70,15
118900010,77,11,66
118900011,169,29,140
118900012,428,201,227
118900013,459,218,241
118900015,273,58,215
118900016,7,6,1
118900017,151,295,-144
118900018,953,37,916
118900019,28,9,19
118900020,190,131,59
118900021,204,375,-171
118900022,132,103,29
118900023,202,66,136
118900024,133,143,-10
118900025,31,27,4
118900026,67,55,12
118900027,391,151,240
118900028,217,126,91
118900029,289,432,-143
118900030,422,46,376
118900031,180,68,112
118900032,211,136,75
118900033,287,413,-126
118900034,159,15,144
118900035,120,129,-9
118900036,1459,670,789
118900037,379,251,128
118900038,441,85,356
118900039,622,129,493
118900040,215,170,45
118900041,731,105,626
118900042,209,92,117
118900045,331,129,202
118900046,558,292,266
118900047,343,228,115
118900048,112,161,-49
118900049,45,42,3
118900050,44,46,-2
118900051,57,101,-44
118900052,304,174,130
118900053,34,93,-59
118900054,120,43,77
118900055,144,50,94
118900056,27,359,-332
118900057,954,431,523
118900058,388,265,123
118900059,13,76,-63
118900060,46,88,-42
118900062,307,154,153
118900064,398,547,-149
118900065,63,133,-70
118900066,74,76,-2
118900067,3197,3976,-779
118900068,5,190,-185
118900069,448,172,276
118900071,11,63,-52
118900072,397,276,121
118900073,181,104,77
118900074,135,96,39
118900075,91,44,47
118900076,218,77,141
118900077,308,207,101
118900078,22,4,18
118900079,48,123,-75
118900080,40,70,-30
118900081,33,17,16
118900082,1013,154,859
118900083,34,15,19
118900084,6,21,-15
118900085,749,564,185
118900086,29,81,-52
118900087,37,275,-238
118900088,0,9,-9
118900089,19,18,1
118900090,550,332,218
118900091,212,207,5
118900092,204,77,127
118900093,88,20,68
118900096,43,16,27
118900097,321,420,-99
118900099,151,219,-68
118900100,94,141,-47
118900101,126,282,-156
118900102,73,108,-35
118900103,71,107,-36
118900104,331,96,235
118900105,250,77,173
118900107,97,59,38
118900108,140,102,38
118900109,633,521,112
118900110,1063,800,263
118900111,437,339,98
118900112,109,179,-70
118900113,94,265,-171
118900114,16,75,-59
118900115,126,301,-175
118900116,144,257,-113
118900117,91,207,-116
118900118,301,269,32
118900119,173,185,-12
118900120,119,258,-139
118900121,20,106,-86
118900122,14,1153,-1139
118900123,152,208,-56
118900124,90,117,-27
118900126,31,391,-360
118900129,261,176,85
118900130,44,169,-125
118900131,120,170,-50
118900132,341,174,167
118900133,8,119,-111
118900135,218,191,27
118900136,170,359,-189
118900137,16,42,-26
118900139,175,213,-38
118900140,388,476,-88
118900141,88,94,-6
118900144,128,263,-135
118900145,35,121,-86
118900146,353,547,-194
118900147,128,118,10
118900148,62,50,12
118900150,123,518,-395
118900152,529,545,-16
118900157,60,133,-73
118900158,131,43,88
118900159,0,114,-114
118900161,58,11,47
118900163,87,92,-5
118900164,7,105,-98
118900165,68,101,-33
118900166,23,1,22
118900167,76,101,-25
118900168,23,195,-172
118900169,126,177,-51
118900170,288,89,199
118900171,34,56,-22
118900174,48,44,4
118900175,407,465,-58
118900176,163,218,-55
118900177,70,35,35
118900178,57,199,-142
118900179,6,26,-20
118900181,69,53,16
118900182,87,48,39
118900183,32,144,-112
118900184,272,119,153
118900185,119,76,43
118900186,135,109,26
118900187,229,260,-31
118900188,373,247,126
118900189,27,852,-825
118900190,33,195,-162
118900191,228,35,193
118900192,326,13,313
118900193,621,4,617
118900195,264,517,-253
118900196,36,87,-51
118900197,176,49,127
118900198,34,15,19
118900199,117,27,90
118900200,29,26,3
118900201,36,55,-19
118900202,7,35,-28
118900203,10,18,-8
118900204,36,15,21
118900205,0,7,-7
118900206,4,5,-1
119000001,1477,1544,-67
119000002,4499,2698,1801
119000003,3083,889,2194
119000004,2551,1356,1195
119000005,1713,1868,-155
119000006,2703,1381,1322
119000007,3209,3020,189
119000008,1728,1480,248
119000009,3073,5062,-1989
119000010,4890,3834,1056
119000011,3511,3306,205
119000012,2384,3555,-1171
119000013,2713,1575,1138
119000014,1530,2350,-820
119000019,327,152,175
119000020,2130,1559,571
119000021,4434,2400,2034
119000022,2096,2794,-698
119000023,217,265,-48
119000024,1556,12477,-10921
119000025,4592,1198,3394
119000026,94,471,-377
119000027,193,364,-171
119000028,1457,606,851
119000029,78,277,-199
119000030,512,729,-217
119000031,588,515,73
119000032,1817,2115,-298
119000033,2162,1145,1017
119000034,1070,778,292
119000035,24,230,-206
119000036,2124,589,1535
119000037,1332,1183,149
119000038,172,585,-413
119000039,307,316,-9
119000040,615,549,66
119000041,633,1080,-447
119000048,2322,1796,526
119000049,1593,1217,376
119000050,1359,1463,-104
119000051,1799,800,999
119000052,1500,1964,-464
119000053,1818,965,853
119000054,3360,1897,1463
119000055,5155,2488,2667
119000056,3025,1802,1223
119000057,1487,1261,226
119000058,1852,1303,549
119000059,1239,1159,80
119000060,1603,1088,515
119000061,1039,616,423
119000062,1048,1108,-60
119000063,657,363,294
119000064,827,743,84
119000065,1699,2597,-898
119000066,2071,1057,1014
119000067,1688,1493,195
119000068,1793,765,1028
119000069,1534,1710,-176
119000070,2872,758,2114
119000071,459,579,-120
119000072,4316,2481,1835
119000073,4376,6994,-2618
119000074,1459,1540,-81
119000075,2949,1981,968
119000076,308,933,-625
119000077,572,406,166
119000078,369,135,234
119000079,200,505,-305
119000080,504,173,331
119000081,287,348,-61
119000082,905,205,700
119000083,602,348,254
119000084,287,405,-118
119000085,641,162,479
119000086,367,408,-41
119000087,1202,591,611
119000088,478,191,287
119000089,73,167,-94
119000090,139,109,30
119000091,117,394,-277
119000092,351,168,183
119000093,3020,1891,1129
119000094,3446,4351,-905
119000095,2030,2233,-203
119000097,1673,1046,627
119000098,902,3208,-2306
119000099,2172,1244,928
119000100,4286,2809,1477
119000101,4247,1822,2425
119000102,686,1066,-380
119000103,1326,531,795
119000104,1843,1014,829
119000105,1178,2067,-889
119000106,364,803,-439
119000107,1122,542,580
119000108,362,652,-290
119000109,152,473,-321
119000110,451,400,51
119000111,46,624,-578
119000112,148,117,31
119000113,1633,377,1256
119000114,955,977,-22
119000115,139,160,-21
119000116,90,100,-10
119000117,170,320,-150
119000118,4,1,3
119000123,3257,1589,1668
119000124,792,163,629
119000125,4083,537,3546
119000126,832,407,425
119000127,614,356,258
119000128,25,0,25
119000131,1054,419,635
119000132,4,2,2
119000133,3,7,-4
119000134,1306,457,849
119000135,142,154,-12
119000136,256,130,126
119000137,284,225,59
119000138,557,173,384
119000139,266,139,127
119000140,241,277,-36
119000284,910,2186,-1276
119000285,1705,1657,48
119000286,5306,4220,1086
119000287,1260,1508,-248
119000288,1771,907,864
119000289,1147,1817,-670
119000290,167,316,-149
119000291,2,171,-169
119000293,200,152,48
119000294,45,25,20
119000295,1228,262,966
119000296,258,93,165
119000302,1186,1022,164
119000303,36,112,-76
119000314,1582,10021,-8439
119000315,0,213,-213
119000316,119,61,58
119000317,64,171,-107
119900001,242,1159,-917
119900002,138,187,-49
119900003,22,605,-583
119900004,263,1440,-1177
119900005,268,71,197
119900006,245,368,-123
119900007,1149,243,906
119900008,162,72,90
119900009,598,484,114
119900010,1082,1088,-6
119900011,18,150,-132
119900012,12,118,-106
119900013,1940,1288,652
119900014,487,319,168
119900015,171,39,132
119900016,73,72,1
119900017,56,34,22
119900018,1531,1123,408
119900019,53,4,49
119900020,204,175,29
119900021,206,96,110
119900022,116,878,-762
119900023,489,1543,-1054
119900025,237,28,209
119900026,649,140,509
119900027,21,26,-5
119900028,165,114,51
119900029,4,9,-5
119900030,724,454,270
119900031,72,472,-400
119900033,1819,423,1396
119900034,527,82,445
119900037,209,21,188
119900038,64,363,-299
119900039,33,8,25
119900040,219,24,195
119900041,151,24,127
119900042,139,152,-13
119900043,112,96,16
119900044,204,937,-733
119900046,172,46,126
119900047,377,89,288
119900048,29,16,13
119900049,171,15,156
119900050,197,167,30
119900051,1230,16,1214
119900052,66,33,33
119900053,211,94,117
119900054,198,12,186
119900055,1347,447,900
119900057,281,51,230
119900058,306,7,299
119900059,89,31,58
119900060,303,30,273
119900061,399,4,395
119900062,102,27,75
119900063,14,53,-39
119900064,661,94,567
119900065,268,14,254
119900066,1,0,1
119900067,130,31,99
119900068,504,3,501
119900069,126,5,121
119900070,1431,40,1391
119900071,878,45,833
119900072,364,278,86
119900073,1350,483,867
119900074,14,38,-24
119900075,3040,2259,781
119900076,843,250,593
119900077,1029,627,402
119900078,574,632,-58
119900079,349,180,169
119900080,298,234,64
119900081,78,32,46
119900082,1625,160,1465
119900083,412,165,247
119900084,580,415,165
119900085,65,65,0
119900086,244,564,-320
119900087,580,374,206
119900088,34,43,-9
119900089,47,362,-315
119900090,112,72,40
119900091,56,587,-531
119900092,164,369,-205
119900093,1224,153,1071
119900094,21,133,-112
119900095,177,89,88
119900096,36,114,-78
119900097,451,171,280
119900098,53,49,4
119900099,42,184,-142
119900100,1529,2782,-1253
119900101,163,1590,-1427
119900102,37,200,-163
119900103,35,174,-139
119900104,61,175,-114
119900105,1122,2393,-1271
119900106,8,113,-105
119900107,243,1642,-1399
119900108,3237,645,2592
119900109,14,142,-128
119900110,758,394,364
119900111,203,193,10
119900112,927,489,438
119900113,60,169,-109
119900114,311,726,-415
119900115,480,687,-207
119900116,133,337,-204
119900117,276,510,-234
119900118,165,537,-372
119900119,248,146,102
119900120,829,529,300
119900121,392,526,-134
119900122,329,266,63
119900123,226,233,-7
119900124,232,544,-312
119900125,40,190,-150
119900126,3234,409,2825
119900127,1526,823,703
119900128,400,536,-136
119900129,206,353,-147
119900130,21,199,-178
119900131,33,158,-125
119900132,5,139,-134
119900133,58,70,-12
119900134,1049,226,823
119900135,0,210,-210
119900136,202,269,-67
119900138,310,449,-139
119900139,30,162,-132
119900140,3,97,-94
119900141,72,843,-771
119900142,23,39,-16
119900143,17,128,-111
119900144,1057,218,839
119900145,109,105,4
119900146,203,185,18
119900147,3,155,-152
119900148,359,66,293
119900149,880,4919,-4039
119900150,121,145,-24
119900151,1842,875,967
119900152,123,242,-119
119900153,206,74,132
119900154,34,131,-97
119900155,50,29,21
119900156,22,11,11
119900157,140,172,-32
119900158,267,92,175
119900159,3,930,-927
119900160,19,108,-89
119900161,125,125,0
119900162,1167,1291,-124
119900163,67,106,-39
119900164,0,0,0
119900165,153,131,22
119900166,117,62,55
119900167,75,68,7
119900168,1106,504,602
119900169,76,265,-189
119900170,235,291,-56
119900171,1011,350,661
119900172,186,38,148
119900173,7,321,-314
119900174,7,135,-128
119900175,1686,570,1116
119900177,23,139,-116
119900178,9,88,-79
119900179,100,542,-442
119900180,1046,739,307
119900181,93,125,-32
119900182,10,280,-270
119900183,146,484,-338
119900184,1451,455,996
119900185,54,229,-175
119900186,52,1121,-1069
119900187,19,224,-205
119900188,121,270,-149
119900189,434,419,15
119900190,104,333,-229
119900191,174,218,-44
119900192,119,124,-5
119900193,524,180,344
119900194,55,91,-36
119900195,88,151,-63
119900196,903,358,545
119900197,282,163,119
119900198,161,180,-19
119900199,187,25,162
119900200,836,624,212
119900201,353,211,142
119900202,99,276,-177
119900203,223,590,-367
119900204,350,213,137
119900205,1062,419,643
119900206,259,135,124
119900208,238,176,62
119900209,509,1366,-857
119900210,48,30,18
119900211,65,9,56
119900212,259,192,67
119900213,9,72,-63
119900214,33,51,-18
119900215,52,51,1
119900216,23,41,-18
119900217,12,75,-63
119900218,18,40,-22
119900219,10,87,-77
119900220,11,61,-50
119900221,25,148,-123
119900222,14,120,-106
119900223,35,45,-10
119900224,14,16,-2
119900225,599,40,559
119900226,405,2262,-1857
119900227,760,347,413
119900228,102,289,-187
119900229,346,323,23
119900230,1082,460,622
119900231,369,165,204
119900232,315,130,185
119900233,89,3,86
119900234,25,64,-39
119900235,11,45,-34
119900236,35,173,-138
119900237,72,379,-307
119900238,12,47,-35
119900240,98,112,-14
119900241,149,228,-79
119900242,1239,1553,-314
119900244,665,1034,-369
119900245,121,146,-25
119900246,326,589,-263
119900247,42,112,-70
119900248,83,301,-218
119900249,236,114,122
119900253,1736,333,1403
119900254,107,861,-754
119900255,145,781,-636
119900256,919,781,138
119900257,75,6,69
119900258,222,5,217
119900259,9,82,-73
119900260,167,6,161
119900261,346,118,228
119900262,3,165,-162
119900263,1081,264,817
119900264,179,105,74
119900265,487,236,251
119900266,409,191,218
119900267,226,308,-82
119900268,98,108,-10
119900269,931,736,195
119900271,32,92,-60
119900272,353,217,136
119900275,183,98,85
119900276,37,3,34
119900277,15,5,10
119900278,168,81,87
119900279,157,235,-78
119900280,564,147,417
119900281,2,282,-280
119900282,73,107,-34
119900283,23,181,-158
119900284,48,151,-103
119900285,9,67,-58
119900286,2,22,-20
119900288,1,6,-5
119900289,6,5,1
119900290,2,13,-11
119900291,11,128,-117
119900292,25,66,-41
119900293,26,40,-14
119900294,23,56,-33
119900295,21,26,-5
119900296,55,114,-59
119900297,3,15,-12
119900298,14,12,2
119900299,93,117,-24
119900300,210,157,53
119900301,94,171,-77
119900302,109,72,37
119900303,338,132,206
119900304,216,39,177
119900305,12,85,-73
119900306,40,3,37
119900307,74,65,9
119900308,10,14,-4
119900309,76,175,-99
119900310,261,246,15
119900311,134,84,50
119900312,121,90,31
119900313,229,260,-31
119900314,231,441,-210
119900315,2494,1657,837
119900318,17,56,-39
119900319,3,172,-169
119900320,311,370,-59
119900321,92,13,79
120000001,5570,16285,-10715
120000002,2480,2075,405
120000003,2423,1221,1202
120000004,2290,1469,821
120000005,2768,1643,1125
120000006,1068,1032,36
120000007,2868,2886,-18
120000008,885,1029,-144
120000009,1963,1111,852
120000010,1823,1981,-158
120000011,1108,1249,-141
120000012,1607,2062,-455
120000013,3077,2629,448
120000014,680,1255,-575
120000015,2382,1320,1062
120000016,3808,2051,1757
120000017,3945,2730,1215
120000018,3063,13012,-9949
120000019,1074,1504,-430
120000020,2674,3322,-648
120000021,1588,2216,-628
120000022,2602,3615,-1013
120000023,1037,1533,-496
120000024,1242,2064,-822
120000025,2696,1609,1087
120000026,2126,1460,666
120000027,2143,2025,118
120000028,686,1564,-878
120000029,3082,1460,1622
120000030,1710,1211,499
120000031,2355,6617,-4262
120000032,6230,3208,3022
120000033,4555,1398,3157
120000034,2386,1476,910
120000035,2344,1526,818
120000036,3000,4628,-1628
120000037,600,1567,-967
120000038,4598,3656,942
120000039,656,873,-217
120000040,380,592,-212
120000041,1277,1126,151
120000042,2098,1896,202
120000043,5408,1366,4042
120000044,5664,1433,4231
120000045,6257,886,5371
120000046,3918,2799,1119
120000047,890,7206,-6316
120000048,6182,3816,2366
120000049,3164,2439,725
120000050,3513,3347,166
120000051,2587,4178,-1591
120000052,6713,2121,4592
120000053,1237,1546,-309
120000054,1255,2787,-1532
120000055,1590,3582,-1992
120000056,5260,3483,1777
120000057,4406,897,3509
120000058,2629,1084,1545
120000059,18,1512,-1494
120000061,107,414,-307
120000062,201,313,-112
120000063,1149,2008,-859
120000064,260,791,-531
120000065,606,1212,-606
120000066,380,514,-134
120000067,70,467,-397
120000068,205,652,-447
120000069,565,715,-150
120000070,102,434,-332
120000071,768,119,649
120000072,1024,363,661
120000073,1088,86,1002
120000074,230,98,132
120000075,1220,309,911
120000076,2838,477,2361
120000077,2351,733,1618
120000078,3575,1373,2202
120000079,285,145,140
120000080,103,198,-95
120000081,349,148,201
120000082,221,249,-28
120000083,66,657,-591
120000084,418,294,124
120000085,339,238,101
120000086,233,321,-88
120000087,243,359,-116
120000088,734,974,-240
120000089,1243,508,735
120000090,702,441,261
120000091,955,875,80
120000092,1422,542,880
120000093,638,392,246
120000094,184,714,-530
120000095,1036,317,719
120000096,337,514,-177
120000098,997,658,339
120000099,441,611,-170
120000100,828,706,122
120000101,698,439,259
120000102,736,928,-192
120000103,1584,828,756
120000104,2252,517,1735
120000105,3655,690,2965
120000106,3071,676,2395
120000107,4553,617,3936
120000108,1712,146,1566
120000109,1216,90,1126
120000110,61,733,-672
120000111,103,734,-631
120000112,703,1807,-1104
120000113,689,1362,-673
120000114,835,1764,-929
120000115,316,1577,-1261
120000116,632,1521,-889
120000117,865,1054,-189
120000118,41,38,3
120000119,11,46,-35
120000120,80,83,-3
120000121,15,50,-35
120000122,218,377,-159
120000123,3059,6654,-3595
120000124,414,338,76
120000125,543,499,44
120000126,327,988,-661
120000127,1827,1023,804
120000128,2504,3934,-1430
120000129,296,207,89
120000130,752,408,344
120000131,307,588,-281
120000134,347,639,-292
120000135,630,595,35
120000137,268,820,-552
120000138,1184,396,788
120000139,365,476,-111
120000140,1051,462,589
120000141,657,317,340
120000142,980,548,432
120000143,1,59,-58
120000144,141,2,139
120000145,388,2,386
120000146,863,922,-59
120000149,694,904,-210
120000150,2300,11658,-9358
120000151,503,378,125
120000152,746,170,576
120000153,375,442,-67
120000154,498,430,68
120000155,149,234,-85
120000156,601,1279,-678
120000157,1087,613,474
120000158,911,649,262
120000159,1930,1921,9
120000160,2365,1509,856
120000161,2660,1899,761
120000162,95,250,-155
120000163,971,996,-25
120000164,700,346,354
120000165,655,563,92
120000166,1499,467,1032
120000167,187,247,-60
120000168,14,746,-732
120000169,62,2205,-2143
120000170,53,1387,-1334
120000171,29,435,-406
120000172,42,281,-239
120000173,1111,1104,7
120000174,223,46,177
120000175,194,47,147
120000176,259,47,212
120000177,1138,137,1001
120000178,82,19,63
120000179,180,74,106
120000180,406,89,317
120000181,96,1404,-1308
120000182,59,586,-527
120000183,10,366,-356
120000184,121,1205,-1084
120000186,55,613,-558
120000187,26,239,-213
120000188,54,431,-377
120000190,511,96,415
120000191,681,114,567
120000192,803,44,759
120000193,392,23,369
120000195,105,11,94
120000196,265,41,224
120000197,103,116,-13
120000198,278,62,216
120000199,162,0,162
120000200,165,5,160
120000201,18,31,-13
120000202,0,44,-44
120000203,82,143,-61
120000207,3,46,-43
120000208,17,168,-151
120000209,7,42,-35
120000210,44,55,-11
120000211,231,2,229
120000212,282,1,281
120000213,204,158,46
120000214,0,210,-210
120000215,1,90,-89
120000216,149,20,129
120000217,492,1109,-617
120000218,128,506,-378
120000219,4,297,-293
120000220,10,905,-895
120000225,2276,4,2272
120000226,478,3,475
120000227,1106,112,994
120000228,10333,3784,6549
120000230,494,29,465
120000231,1605,1670,-65
120000233,547,7,540
120000235,280,448,-168
120000236,1427,3,1424
120000237,1,910,-909
120000238,5,711,-706
120000241,1122,4013,-2891
120000412,560,12,548
120000413,272,167,105
120000414,177,3,174
120000415,1,70,-69
120000416,89,3,86
120000417,4,52,-48
120000418,248,21,227
120000419,16,148,-132
120000420,44,17,27
120000421,7868,4968,2900
120000422,101,1537,-1436
120000423,2,90,-88
120000424,144,103,41
120000436,103,763,-660
120000437,109,116,-7
120000438,1738,267,1471
120000439,263,566,-303
120000443,225,1,224
120000444,1583,331,1252
120000445,1897,1034,863
120000446,595,171,424
120000447,270,1,269
120000449,137,6,131
120000450,6,117,-111
120000451,148,267,-119
120000452,254,2,252
120000453,1,222,-221
120000454,31,69,-38
120000455,78,34,44
120000456,1967,3980,-2013
120000457,993,402,591
120000458,467,601,-134
120000459,178,60,118
120000665,830,263,567
120000668,112,1149,-1037
120000669,124,153,-29
120000670,131,913,-782
120000671,1269,447,822
120000672,81,404,-323
120900001,85,97,-12
120900002,325,584,-259
120900003,253,35,218
120900004,27,92,-65
120900005,4,504,-500
120900006,509,248,261
120900007,214,68,146
120900008,455,853,-398
120900009,301,34,267
120900010,563,108,455
120900011,211,211,0
120900012,228,1528,-1300
120900013,382,168,214
120900014,1,372,-371
120900015,973,113,860
120900016,1091,69,1022
120900017,1593,113,1480
120900018,191,325,-134
120900019,821,433,388
120900020,651,1499,-848
120900021,1020,274,746
120900022,23,231,-208
120900023,362,42,320
120900024,1906,489,1417
120900025,1384,943,441
120900026,274,185,89
120900027,860,19,841
120900028,555,146,409
120900029,98,602,-504
120900030,1539,757,782
120900031,346,148,198
120900032,1349,111,1238
120900033,1355,170,1185
120900034,17,2264,-2247
120900035,68,140,-72
120900037,306,17,289
120900038,76,391,-315
120900039,106,53,53
120900040,386,4,382
120900041,116,25,91
120900042,660,51,609
120900043,94,53,41
120900044,15,331,-316
120900045,139,79,60
120900046,614,5,609
120900047,111,146,-35
120900048,168,37,131
120900049,587,3,584
120900050,1414,1692,-278
120900051,382,107,275
120900052,915,63,852
120900053,483,65,418
120900054,1442,386,1056
120900055,503,8,495
120900056,621,31,590
120900057,181,20,161
120900058,732,3,729
120900059,142,1,141
120900060,125,35,90
120900061,209,177,32
120900062,293,1,292
120900063,716,9,707
120900064,869,3,866
120900065,666,7,659
120900066,451,130,321
120900067,169,48,121
120900068,436,0,436
120900069,299,40,259
120900071,43,1,42
120900072,809,6,803
120900073,636,86,550
120900074,881,19,862
120900076,402,1,401
120900077,1939,261,1678
120900078,923,602,321
120900079,967,111,856
120900080,943,978,-35
120900081,1162,617,545
120900082,454,426,28
120900083,120,1,119
120900084,442,548,-106
120900085,86,148,-62
120900086,94,366,-272
120900087,463,302,161
120900088,242,517,-275
120900089,2342,3312,-970
120900090,318,79,239
120900091,578,831,-253
120900092,867,342,525
120900093,1306,136,1170
120900094,371,181,190
120900095,467,12,455
120900096,77,190,-113
120900097,650,552,98
120900098,214,155,59
120900099,54,68,-14
120900100,64,134,-70
120900101,456,197,259
120900102,49,75,-26
120900103,61,175,-114
120900104,24,52,-28
120900105,24,330,-306
120900106,1013,417,596
120900107,260,100,160
120900108,7,334,-327
120900109,59,422,-363
120900110,9,433,-424
120900111,237,312,-75
120900112,17,513,-496
120900113,30,552,-522
120900114,33,111,-78
120900115,190,220,-30
120900116,449,311,138
120900117,4,261,-257
120900118,7,522,-515
120900119,6232,3556,2676
120900120,69,348,-279
120900121,170,399,-229
120900122,747,300,447
120900123,4,240,-236
120900124,2,359,-357
120900125,10,551,-541
120900126,1250,739,511
120900127,15,283,-268
120900128,908,999,-91
120900129,54,173,-119
120900130,6,338,-332
120900131,112,68,44
120900132,1244,218,1026
120900133,95,479,-384
120900134,579,339,240
120900135,9,372,-363
120900136,28,64,-36
120900137,319,101,218
120900138,10,157,-147
120900139,3,439,-436
120900140,5,139,-134
120900141,290,195,95
120900142,11,271,-260
120900143,1,527,-526
120900144,0,104,-104
120900145,143,612,-469
120900146,1,619,-618
120900147,4,278,-274
120900148,169,156,13
120900149,2,160,-158
120900150,63,410,-347
120900151,0,404,-404
120900152,0,33,-33
120900153,50,126,-76
120900154,0,126,-126
120900155,202,665,-463
120900156,107,309,-202
120900157,85,318,-233
120900158,80,422,-342
120900159,67,501,-434
120900160,20,464,-444
120900161,45,451,-406
120900162,50,548,-498
120900163,68,773,-705
120900164,0,50,-50
120900165,1,167,-166
120900166,192,513,-321
120900167,394,151,243
120900169,83,182,-99
120900170,653,2897,-2244
120900171,701,156,545
120900172,532,1130,-598
120900173,0,36,-36
120900174,15,100,-85
120900175,192,110,82
120900176,13,420,-407
120900177,2,1433,-1431
120900178,4,673,-669
120900179,615,433,182
120900180,69,147,-78
120900181,80,27,53
120900182,31,357,-326
120900183,402,55,347
120900184,295,74,221
120900185,19,576,-557
120900186,1,257,-256
120900187,671,972,-301
120900188,280,9,271
120900189,95,1746,-1651
120900190,123,4,119
120900191,22,7,15
120900192,6151,8911,-2760
120900194,69,77,-8
120900195,108,363,-255
120900196,676,49,627
120900197,848,142,706
120900198,329,452,-123
120900199,525,1321,-796
120900200,73,135,-62
120900201,339,156,183
120900202,2,109,-107
120900203,44,75,-31
120900204,119,191,-72
120900205,52,48,4
120900206,13,32,-19
121000001,668,807,-139
121000002,2095,1331,764
121000003,2662,1769,893
121000004,2418,3361,-943
121000005,1455,2169,-714
121000006,3054,1791,1263
121000007,2163,2528,-365
121000008,4575,3826,749
121000009,4355,5070,-715
121000010,6997,5934,1063
121000011,7117,11343,-4226
121000012,13751,10284,3467
121000013,4163,6166,-2003
121000014,5231,4493,738
121000015,3399,5898,-2499
121000016,3579,2695,884
121000017,2339,3434,-1095
121000018,2769,1588,1181
121000019,13365,10959,2406
121000020,12691,18230,-5539
121000021,2565,2500,65
121000022,2705,3104,-399
121000023,3213,2779,434
121000024,5098,5117,-19
121000025,559,1242,-683
121000026,338,154,184
121000027,1243,1043,200
121000028,835,432,403
121000029,832,436,396
121000030,272,217,55
121000031,606,519,87
121000032,174,145,29
121000034,268,205,63
121000035,112,125,-13
121000036,839,799,40
121000037,544,462,82
121000038,325,846,-521
121000039,305,412,-107
121000041,592,520,72
121000042,282,383,-101
121000043,498,496,2
121000044,1120,802,318
121000045,461,268,193
121000046,748,853,-105
121000047,33,62,-29
121000049,998,485,513
121000050,245,923,-678
121000051,532,261,271
121000052,473,584,-111
121000053,300,101,199
121000054,47,315,-268
121000055,828,1047,-219
121000056,647,873,-226
121000057,187,496,-309
121000058,300,185,115
121000059,1902,1020,882
121000060,402,916,-514
121000061,58,347,-289
121000062,106,304,-198
121000063,721,666,55
121000064,617,420,197
121000065,199,379,-180
121000066,270,233,37
121000067,393,539,-146
121000068,583,318,265
121000069,434,1155,-721
121000070,1780,1028,752
121000071,1597,1252,345
121000072,1728,598,1130
121000073,1373,890,483
121000074,221,141,80
121000075,31,399,-368
121000076,504,468,36
121000077,136,206,-70
121000078,72,127,-55
121000080,1554,527,1027
121000081,4132,3203,929
121000082,86,218,-132
121000083,120,110,10
121000084,161,125,36
121000085,210,327,-117
121000086,290,562,-272
121000087,52,233,-181
121000088,488,465,23
121000089,341,377,-36
121000090,361,375,-14
121000091,1172,899,273
121000092,155,66,89
121000093,175,152,23
121000094,454,785,-331
121000095,327,565,-238
121000096,2051,1981,70
121000097,757,2249,-1492
121000098,715,735,-20
121000099,608,570,38
121000100,935,287,648
121000101,491,230,261
121000102,357,232,125
121000103,307,224,83
121000104,271,145,126
121000105,631,212,419
121000106,427,366,61
121000107,1806,2471,-665
121000109,965,910,55
121000110,250,577,-327
121000114,2469,1753,716
121000115,958,494,464
121000116,206,749,-543
121000117,519,186,333
121000118,1386,229,1157
121000119,356,420,-64
121000120,323,390,-67
121000121,621,1164,-543
121000123,1606,635,971
121000126,66,292,-226
121000127,194,66,128
121000128,1120,357,763
121000129,1094,594,500
121000130,753,623,130
121000131,1656,1956,-300
121000132,1333,2397,-1064
121000135,442,1033,-591
121000136,1170,1047,123
121000137,534,357,177
121000138,819,1227,-408
121000139,462,455,7
121000141,230,183,47
121000142,566,805,-239
121000143,193,34,159
121000144,852,1930,-1078
121000145,519,727,-208
121000146,1492,1015,477
121000147,1220,502,718
121000148,842,829,13
121000149,2224,1345,879
121000152,476,363,113
121000153,1763,575,1188
121000154,1098,499,599
121000155,1353,836,517
121000156,374,965,-591
121000157,732,1404,-672
121000158,391,369,22
121000159,197,353,-156
121000160,266,310,-44
121000161,245,239,6
121000162,134,128,6
121000165,1339,2020,-681
121000166,13,372,-359
121000168,467,186,281
121000169,73,91,-18
121000170,322,73,249
121000171,83,128,-45
121000172,945,570,375
121000173,1172,1100,72
121000174,421,362,59
121000175,1106,270,836
121000176,375,224,151
121000177,769,432,337
121000178,236,50,186
121000179,149,51,98
121000181,430,326,104
121000182,154,196,-42
121000183,120,149,-29
121000184,283,133,150
121000185,53,222,-169
121000186,248,577,-329
121000187,224,143,81
121000188,193,126,67
121000192,1004,395,609
121000193,656,380,276
121000194,1851,1769,82
121000195,206,647,-441
121000196,276,140,136
121000197,137,522,-385
121000198,183,111,72
121000199,118,233,-115
121000200,529,79,450
121000201,3,126,-123
121000202,170,7,163
121000203,929,1461,-532
121000204,3097,620,2477
121000205,111,241,-130
121000206,169,90,79
121000207,2232,340,1892
121000208,8,206,-198
121000209,437,166,271
121000210,762,245,517
121000211,366,100,266
121000212,575,414,161
121000213,7944,2441,5503
121000214,825,1735,-910
121000215,896,835,61
121000216,416,525,-109
121000217,3684,2493,1191
121000218,274,1142,-868
121000219,1219,437,782
121000220,139,107,32
121000221,151,271,-120
121000222,1947,2270,-323
121000223,304,344,-40
121000224,263,337,-74
121000225,764,2121,-1357
121000226,1791,1158,633
121000227,17,120,-103
121000228,16,442,-426
121000229,406,361,45
121000230,54,1159,-1105
121000231,1141,51,1090
121000232,309,272,37
121000233,571,287,284
121000234,41,42,-1
121000235,48,53,-5
121000236,15,39,-24
121000237,53,30,23
121000238,9,66,-57
121000239,49,3,46
121000240,5,160,-155
121000241,92,9,83
121000242,67,355,-288
121000243,328,92,236
121000244,11,87,-76
121000245,48,12,36
121000246,2,88,-86
121000247,104,8,96
121000248,560,592,-32
121000249,113,286,-173
121000250,731,227,504
121000251,15,230,-215
121000252,124,92,32
121000253,324,257,67
121000254,612,168,444
121000255,127,270,-143
121000256,366,200,166
121000257,22,75,-53
121000258,95,79,16
121000259,50,62,-12
121000260,72,85,-13
121000261,73,52,21
121000262,905,730,175
121000263,513,392,121
121000271,290,1062,-772
121000273,37,12,25
121000274,24,70,-46
121000275,3,9,-6
121000276,7,30,-23
121000278,36,25,11
121000279,17,26,-9
121000280,48,63,-15
121000289,239,21,218
121000290,885,812,73
121000294,157,59,98
121000297,678,993,-315
121000299,88,431,-343
121000300,659,491,168
121000302,66,940,-874
121000303,430,288,142
121000304,491,61,430
121000305,191,54,137
121000306,128,147,-19
121000308,160,302,-142
121000309,370,508,-138
121000310,119,253,-134
121000311,86,659,-573
121000312,312,274,38
121000313,258,482,-224
121000314,44,68,-24
121000315,34,65,-31
121000530,1778,1131,647
121000531,1907,1178,729
121000532,6651,7817,-1166
121000533,3111,3201,-90
121000918,42,107,-65
121000919,38,74,-36
121000938,44,114,-70
121000939,50,161,-111
121000956,1698,793,905
121000957,7,11,-4
121000958,30,56,-26
121000959,825,492,333
121000960,1400,1379,21
121000961,333,61,272
121000962,318,366,-48
121000973,1,171,-170
121000976,26,200,-174
121000979,423,155,268
121000981,307,99,208
121000982,383,96,287
121000983,376,252,124
121000984,29,64,-35
121000985,832,325,507
121000986,417,132,285
121000987,267,559,-292
121000988,847,133,714
121001302,207,110,97
121001308,0,25,-25
121001309,72,161,-89
121001313,183,121,62
121001314,1265,2206,-941
121001315,4674,2566,2108
121900001,133,173,-40
121900002,31,52,-21
121900003,365,38,327
121900004,124,332,-208
121900005,29,10,19
121900006,141,36,105
121900007,1694,1775,-81
121900008,938,757,181
121900009,596,17,579
121900010,187,2,185
121900011,368,336,32
121900012,7,1,6
121900013,856,61,795
121900014,1134,327,807
121900015,220,160,60
121900016,6,27,-21
121900017,880,442,438
121900018,332,2,330
121900019,523,196,327
121900020,22,2,20
121900021,1052,12,1040
121900022,247,237,10
121900023,163,297,-134
121900024,286,57,229
121900025,588,408,180
121900026,343,49,294
121900027,520,174,346
121900028,271,17,254
121900029,132,197,-65
121900030,474,525,-51
121900031,837,6344,-5507
121900032,102,69,33
121900033,195,261,-66
121900034,279,76,203
121900035,2837,2222,615
121900036,124,253,-129
121900037,202,1067,-865
121900038,26,105,-79
121900039,357,54,303
121900040,100,124,-24
121900041,141,137,4
121900042,438,147,291
121900043,2,4,-2
121900044,79,80,-1
121900045,406,188,218
121900046,281,313,-32
121900047,255,85,170
121900048,88,103,-15
121900050,65,50,15
121900051,186,151,35
121900052,178,38,140
121900053,635,325,310
121900054,474,833,-359
121900055,8,11,-3
121900058,321,116,205
121900059,376,121,255
121900060,203,317,-114
121900061,191,144,47
121900062,186,157,29
121900063,1415,395,1020
121900064,322,491,-169
121900066,65,22,43
121900067,42,26,16
121900069,165,107,58
121900070,186,172,14
121900071,403,220,183
121900072,29,94,-65
121900073,234,224,10
121900074,627,1115,-488
121900075,446,549,-103
121900076,399,579,-180
121900077,14,18,-4
121900078,105,47,58
121900079,0,0,0
121900080,851,405,446
121900082,77,86,-9
121900084,21,73,-52
121900085,3,13,-10
121900086,23,65,-42
121900087,157,127,30
121900088,1853,3235,-1382
121900089,248,197,51
121900090,47,79,-32
121900091,90,50,40
121900092,83,118,-35
121900093,61,85,-24
121900094,13,7,6
121900095,236,148,88
121900096,1366,777,589
121900097,668,192,476
121900098,9,4,5
121900099,222,52,170
121900100,155,606,-451
121900101,161,105,56
121900102,4,146,-142
121900103,479,189,290
121900104,1675,287,1388
121900105,317,255,62
121900106,15,8,7
121900107,74,33,41
121900108,0,25,-25
121900109,195,140,55
121900110,630,547,83
121900111,532,290,242
121900112,156,129,27
121900113,92,468,-376
121900114,83,69,14
121900115,169,348,-179
121900117,185,172,13
121900118,1607,692,915
121900119,281,79,202
121900120,48,1044,-996
121900121,389,44,345
121900122,44,63,-19
121900123,199,338,-139
121900124,175,152,23
121900125,1599,893,706
121900127,18,92,-74
121900128,78,75,3
121900129,400,197,203
121900130,114,176,-62
121900131,197,71,126
121900132,36,68,-32
121900133,61,1010,-949
121900134,24,117,-93
121900135,2908,537,2371
121900136,513,329,184
121900137,44,279,-235
121900138,114,204,-90
121900139,251,479,-228
121900140,70,166,-96
121900141,68,26,42
121900142,164,146,18
121900143,14,142,-128
121900144,108,218,-110
121900145,238,363,-125
121900146,630,682,-52
121900147,44,140,-96
121900148,184,322,-138
121900149,386,534,-148
121900150,42,92,-50
121900151,90,213,-123
121900152,96,94,2
121900153,113,775,-662
121900154,19,227,-208
121900155,2,143,-141
121900156,195,120,75
121900157,3,278,-275
121900158,83,113,-30
121900159,1,183,-182
121900160,72,267,-195
121900161,225,323,-98
121900162,88,179,-91
121900163,361,419,-58
121900164,310,190,120
121900165,302,120,182
121900166,153,141,12
121900167,122,172,-50
121900168,122,202,-80
121900169,10,136,-126
121900170,14,212,-198
121900171,740,616,124
121900172,549,184,365
121900173,778,241,537
121900174,55,68,-13
121900175,408,368,40
121900176,551,1191,-640
121900177,207,67,140
121900179,502,222,280
121900180,2468,4916,-2448
121900182,589,292,297
121900183,593,1149,-556
121900184,81,531,-450
121900185,137,62,75
121900186,5,361,-356
121900187,28,166,-138
121900188,660,268,392
121900189,34,100,-66
121900190,196,395,-199
121900191,95,221,-126
121900192,229,604,-375
121900194,7,327,-320
121900195,67,101,-34
121900196,699,789,-90
121900197,453,1102,-649
121900198,935,835,100
121900199,1,37,-36
121900200,50,169,-119
121900201,820,807,13
121900202,92,599,-507
121900203,176,986,-810
121900204,573,1387,-814
121900205,146,138,8
121900206,16,43,-27
121900207,122,47,75
121900208,137,226,-89
121900209,111,42,69
121900210,980,933,47
121900211,6,96,-90
121900212,109,80,29
121900213,203,51,152
121900214,13,483,-470
121900215,53,99,-46
121900216,24,283,-259
121900217,369,185,184
121900218,144,371,-227
121900219,283,71,212
121900220,120,8,112
121900221,206,468,-262
121900222,134,121,13
121900223,199,56,143
121900224,179,43,136
121900225,88,127,-39
121900226,421,428,-7
121900227,295,574,-279
121900228,190,205,-15
121900229,258,215,43
121900230,65,308,-243
121900231,219,2244,-2025
121900232,150,288,-138
121900233,156,185,-29
121900234,429,213,216
121900235,559,122,437
121900236,399,148,251
121900237,133,242,-109
121900238,103,226,-123
121900239,182,34,148
121900240,286,142,144
121900241,77,54,23
121900242,1,0,1
121900243,3,0,3
121900244,26,4,22
121900245,169,53,116
121900246,2430,280,2150
121900247,319,249,70
121900248,1034,1344,-310
121900250,241,299,-58
121900251,437,96,341
121900252,563,146,417
121900253,94,587,-493
121900254,434,308,126
121900255,365,104,261
121900258,3540,1921,1619
121900259,336,521,-185
121900260,159,113,46
121900261,171,449,-278
121900262,315,854,-539
121900263,315,240,75
121900264,1385,1066,319
121900265,370,207,163
121900266,493,105,388
121900267,76,67,9
121900269,250,818,-568
121900270,63,200,-137
121900271,68,125,-57
121900273,375,1646,-1271
121900274,335,243,92
121900276,781,108,673
121900277,429,806,-377
121900278,117,806,-689
121900279,149,184,-35
121900280,115,403,-288
121900281,313,594,-281
121900284,172,12,160
121900286,170,100,70
121900287,17,30,-13
121900290,227,350,-123
121900291,341,654,-313
121900292,128,133,-5
121900293,840,2305,-1465
121900294,216,2,214
121900295,167,178,-11
121900296,49,220,-171
121900298,244,840,-596
121900299,3,11,-8
121900300,101,5,96
121900301,86,10,76
121900302,11,41,-30
121900303,298,299,-1
121900304,3,11,-8
121900305,5,9,-4
121900306,242,3,239
121900307,96,11,85
121900308,34,199,-165
121900309,9,151,-142
121900310,17,295,-278
121900311,542,23,519
121900312,349,19,330
121900313,363,17,346
121900314,5,31,-26
121900315,17,0,17
121900316,0,8,-8
121900317,14,4,10
121900318,0,9,-9
121900319,26,90,-64
121900320,33,45,-12
121900321,17,8,9
121900322,2,15,-13
121900323,14,20,-6
121900324,2,35,-33
121900325,3,10,-7
121900326,1,16,-15
121900327,6,36,-30
121900328,0,20,-20
121900329,0,100,-100
121900330,4,56,-52
121900331,53,61,-8
121900332,81,14,67
122000001,1575,4126,-2551
122000002,2897,1343,1554
122000003,1766,2433,-667
122000004,2675,1386,1289
122000005,2139,1922,217
122000006,1391,837,554
122000007,884,1437,-553
122000008,2080,3969,-1889
122000009,351,429,-78
122000010,1835,2383,-548
122000011,2609,1362,1247
122000012,952,1419,-467
122000013,943,828,115
122000014,1540,910,630
122000015,1093,921,172
122000016,525,720,-195
122000017,933,936,-3
122000018,1196,1219,-23
122000019,710,817,-107
122000020,186,213,-27
122000021,212,475,-263
122000022,945,909,36
122000023,659,1365,-706
122000024,547,1241,-694
122000025,624,1702,-1078
122000026,580,1093,-513
122000027,567,1288,-721
122000028,861,433,428
122000029,461,559,-98
122000030,215,138,77
122000031,115,275,-160
122000032,1616,1626,-10
122000033,498,1207,-709
122000034,495,550,-55
122000035,309,580,-271
122000036,553,398,155
122000037,292,231,61
122000038,192,247,-55
122000039,443,307,136
122000040,187,262,-75
122000041,417,511,-94
122000042,258,323,-65
122000043,102,82,20
122000044,117,137,-20
122000045,959,411,548
122000046,694,488,206
122000047,173,196,-23
122000048,3187,4025,-838
122000049,4960,3137,1823
122000050,1136,718,418
122000051,184,367,-183
122000052,359,310,49
122000053,161,762,-601
122000054,2041,1686,355
122000055,1693,2899,-1206
122000056,3520,2903,617
122000057,2391,3102,-711
122000058,1536,1518,18
122000059,1807,1802,5
122000060,377,551,-174
122000061,297,421,-124
122000062,590,234,356
122000063,909,665,244
122000064,2744,2730,14
122000065,2600,1890,710
122000066,760,799,-39
122000067,1247,934,313
122000068,1524,956,568
122000069,610,582,28
122000070,882,1155,-273
122000071,1902,935,967
122000072,395,372,23
122000073,248,645,-397
122000074,2530,1367,1163
122000075,831,966,-135
122000076,2568,1197,1371
122000077,771,983,-212
122000078,1251,2496,-1245
122000079,657,1094,-437
122000080,453,296,157
122000081,167,182,-15
122000082,377,867,-490
122000083,2095,1298,797
122000084,1506,876,630
122000085,248,757,-509
122000086,2084,4693,-2609
122000087,316,296,20
122000088,474,459,15
122000089,3621,2060,1561
122000090,143,525,-382
122000091,130,77,53
122000092,63,11,52
122000093,1443,2163,-720
122000094,3828,2818,1010
122000095,1473,3714,-2241
122000096,1373,1504,-131
122000098,2259,2736,-477
122000099,1004,629,375
122000100,588,508,80
122000101,313,625,-312
122000102,1720,957,763
122000103,1821,1408,413
122000104,490,184,306
122000105,577,230,347
122000106,438,547,-109
122000107,799,356,443
122000108,408,687,-279
122000109,309,240,69
122000110,412,466,-54
122000111,2207,1298,909
122000112,936,1164,-228
122000113,614,573,41
122000114,2029,1352,677
122000115,1447,1056,391
122000116,596,676,-80
122000117,1805,432,1373
122000118,692,781,-89
122000119,3326,2561,765
122000120,2148,5288,-3140
122000121,2165,3119,-954
122000122,709,1546,-837
122000123,2039,1744,295
122000124,1028,642,386
122000125,641,748,-107
122000126,546,1157,-611
122000127,1141,1106,35
122000128,397,667,-270
122000129,419,1081,-662
122000130,3580,1501,2079
122000131,1684,1450,234
122000132,638,578,60
122000133,1014,1073,-59
122000134,1106,790,316
122000135,569,594,-25
122000136,978,715,263
122000137,2036,947,1089
122000139,856,3549,-2693
122000140,502,484,18
122000141,3150,1022,2128
122000142,224,715,-491
122000143,484,668,-184
122000144,1545,1595,-50
122000145,951,677,274
122000146,586,1208,-622
122000147,603,466,137
122000148,1055,1928,-873
122000149,1819,1573,246
122000150,1117,972,145
122000151,157,361,-204
122000152,352,391,-39
122000153,333,351,-18
122000154,223,214,9
122000155,1370,2234,-864
122000156,1911,2234,-323
122000157,902,2020,-1118
122000158,308,704,-396
122000159,785,1972,-1187
122000160,4511,2812,1699
122000161,1360,1184,176
122000162,1688,1985,-297
122000163,174,98,76
122000164,31,76,-45
122000165,724,593,131
122000166,775,808,-33
122000167,218,221,-3
122000168,181,499,-318
122000169,228,165,63
122000170,356,219,137
122000171,51,73,-22
122000172,1485,1107,378
122000173,1163,1941,-778
122000174,1658,894,764
122000175,683,244,439
122000176,309,728,-419
122000177,1358,1145,213
122000178,2105,1996,109
122000179,1334,1989,-655
122000180,1334,1031,303
122000181,1160,2725,-1565
122000182,1751,1935,-184
122000183,1905,924,981
122000184,2406,2318,88
122000185,1080,1463,-383
122000186,345,606,-261
122000187,1758,798,960
122000188,439,223,216
122000189,238,296,-58
122000190,777,957,-180
122000191,710,734,-24
122000192,977,371,606
122000193,362,610,-248
122000194,478,163,315
122000195,168,408,-240
122000196,1086,514,572
122000197,466,578,-112
122000198,411,863,-452
122000199,211,238,-27
122000200,747,517,230
122000201,1009,1409,-400
122000202,1155,1316,-161
122000203,2337,1288,1049
122000204,1376,1745,-369
122000205,947,1250,-303
122000206,2256,942,1314
122000207,2269,1262,1007
122000208,2212,1193,1019
122000209,1645,368,1277
122000210,2123,1384,739
122000211,1303,1001,302
122000212,752,595,157
122000213,1075,1353,-278
122000214,1864,1675,189
122000215,1890,1422,468
122000217,1567,1233,334
122000218,683,100,583
122000219,1002,725,277
122000220,419,569,-150
122000221,83,352,-269
122000222,458,148,310
122000223,1389,498,891
122000225,850,312,538
122000226,1817,1485,332
122000227,323,1919,-1596
122000228,321,336,-15
122000229,57,415,-358
122000230,64,385,-321
122000231,224,597,-373
122000232,658,394,264
122000233,0,46,-46
122000234,404,59,345
122000235,532,110,422
122000236,1468,80,1388
122000237,133,97,36
122000238,469,270,199
122000239,700,152,548
122000240,1105,651,454
122000241,277,326,-49
122000242,684,95,589
122000243,78,20,58
122000244,19,277,-258
122000245,21,55,-34
122000246,32,108,-76
122000247,714,226,488
122000248,859,1244,-385
122000249,1257,824,433
122000250,2496,906,1590
122000251,170,441,-271
122000252,524,91,433
122000253,61,220,-159
122000254,377,96,281
122000255,691,1018,-327
122000256,341,625,-284
122000257,201,208,-7
122000258,412,270,142
122000259,16,302,-286
122000260,5,46,-41
122000261,16,179,-163
122000262,1,24,-23
122000263,494,235,259
122000264,1681,362,1319
122000265,2235,782,1453
122000266,3480,591,2889
122000267,145,99,46
122000268,116,320,-204
122000269,851,301,550
122000270,531,145,386
122000271,258,770,-512
122000272,347,767,-420
122000273,426,357,69
122000274,230,178,52
122000275,74,170,-96
122000276,995,519,476
122000277,1462,1546,-84
122000278,2400,630,1770
122000279,274,374,-100
122000280,882,719,163
122000281,1045,649,396
122000282,243,337,-94
122000283,285,125,160
122000284,315,72,243
122000285,295,86,209
122000286,42,145,-103
122000287,1466,1357,109
122000288,440,259,181
122000291,2175,708,1467
122000293,175,151,24
122000294,154,224,-70
122000295,1440,164,1276
122000296,36,345,-309
122000297,2275,3461,-1186
122000299,570,340,230
122000300,459,675,-216
122000301,6745,2850,3895
122000302,563,1801,-1238
122000303,2542,1210,1332
122000304,82,165,-83
122000305,1332,247,1085
122000306,19,430,-411
122000307,123,99,24
122000309,89,31,58
122000310,12,112,-100
122000311,151,146,5
122000312,157,158,-1
122000313,138,59,79
122000314,114,192,-78
122000315,336,72,264
122000316,1156,230,926
122000317,1832,295,1537
122000318,261,1068,-807
122000319,170,236,-66
122000320,291,910,-619
122000321,91,129,-38
122000322,1523,1729,-206
122000323,949,1936,-987
122000324,886,904,-18
122000325,977,1634,-657
122000326,89,73,16
122000327,581,918,-337
122000328,816,572,244
122000330,1890,775,1115
122000332,209,373,-164
122000333,5,50,-45
122000337,1240,1038,202
122000338,614,359,255
122000340,341,475,-134
122000342,975,804,171
122000343,252,211,41
122000344,59,26,33
122000345,50,24,26
122000346,281,107,174
122000348,960,602,358
122000349,157,478,-321
122000351,178,198,-20
122000352,320,136,184
122000353,105,47,58
122000355,142,296,-154
122000356,888,1011,-123
122000357,98,20,78
122000358,1,56,-55
122000359,0,19,-19
122000360,0,27,-27
122000362,5,48,-43
122000364,184,272,-88
122000365,4,23,-19
122000366,9,10,-1
122000368,400,559,-159
122000370,19,59,-40
122000371,30,0,30
122000372,19,4,15
122000381,147,263,-116
122000382,69,202,-133
122000384,1947,953,994
122000385,78,0,78
122000386,320,1341,-1021
122000387,454,652,-198
122000388,1340,584,756
122000389,132,577,-445
122000390,295,171,124
122000391,231,231,0
122000392,222,176,46
122000393,38,97,-59
122000394,635,189,446
122000395,130,140,-10
122000396,318,81,237
122000397,20,37,-17
122000398,19,54,-35
122000399,164,94,70
122000400,101,551,-450
122000401,110,39,71
122000402,407,105,302
122000403,521,483,38
122000404,199,149,50
122000408,602,876,-274
122000503,11,121,-110
122000524,171,169,2
122000544,58,2007,-1949
122000616,267,0,267
122000640,94,82,12
122000641,145,231,-86
122000642,953,713,240
122000643,61,184,-123
122000644,102,42,60
122000645,80,152,-72
122000651,870,850,20
122000664,134,23,111
122000665,1209,483,726
122000666,616,905,-289
122000673,34,158,-124
122000674,249,69,180
122000675,1957,630,1327
122000686,457,673,-216
122000687,1657,272,1385
122000688,341,384,-43
122000689,1066,271,795
122000690,2464,302,2162
122000691,854,997,-143
122000692,1482,313,1169
122000693,525,1161,-636
122000695,398,267,131
122000696,525,163,362
122000698,416,355,61
122000699,216,106,110
122000701,1485,289,1196
122000702,416,745,-329
122000703,156,58,98
122000717,110,59,51
122000718,326,870,-544
122000719,129,82,47
122000720,498,120,378
122900001,48,13,35
122900002,993,5632,-4639
122900003,451,42,409
122900004,1739,102,1637
122900005,144,83,61
122900006,544,757,-213
122900007,99,95,4
122900008,460,267,193
122900009,663,552,111
122900010,195,93,102
122900012,162,357,-195
122900014,95,204,-109
122900015,1228,1423,-195
122900016,119,247,-128
122900017,284,696,-412
122900018,166,18,148
122900019,11,111,-100
122900020,169,374,-205
122900021,38,397,-359
122900022,1086,654,432
122900023,564,161,403
122900024,129,91,38
122900025,13,313,-300
122900026,54,203,-149
122900027,65,502,-437
122900028,220,355,-135
122900029,3836,2730,1106
122900030,926,493,433
122900031,46,254,-208
122900032,102,403,-301
122900033,181,143,38
122900034,3530,4137,-607
122900035,15,16,-1
122900036,57,76,-19
122900037,346,120,226
122900038,101,2872,-2771
122900039,116,405,-289
122900040,213,331,-118
122900041,254,262,-8
122900042,166,206,-40
122900043,304,216,88
122900044,96,289,-193
122900045,84,96,-12
122900046,215,219,-4
122900047,129,176,-47
122900048,40,200,-160
122900049,1074,150,924
122900051,58,121,-63
122900052,99,95,4
122900053,33,36,-3
122900055,285,103,182
122900057,274,53,221
122900061,484,151,333
122900062,638,640,-2
122900063,160,205,-45
122900064,781,394,387
122900065,629,239,390
122900066,767,331,436
122900067,878,555,323
122900068,95,256,-161
122900069,441,1246,-805
122900070,409,60,349
122900071,119,270,-151
122900072,12,420,-408
122900073,15,205,-190
122900074,940,381,559
122900075,0,61,-61
122900076,6,132,-126
122900077,0,110,-110
122900078,258,59,199
122900080,31,36,-5
122900081,197,125,72
122900082,1035,229,806
122900083,124,156,-32
122900084,14,143,-129
122900086,16,110,-94
122900087,311,444,-133
122900088,38,182,-144
122900089,77,203,-126
122900090,13,376,-363
122900091,240,2,238
122900092,0,137,-137
122900093,0,143,-143
122900094,3,107,-104
122900095,149,22,127
122900096,401,95,306
122900097,17,62,-45
122900098,56,63,-7
122900099,33,16,17
122900100,216,387,-171
122900101,370,264,106
123000001,1004,398,606
123000002,2684,5286,-2602
123000003,3735,3973,-238
123000004,2626,3200,-574
123000005,2682,2593,89
123000006,1990,1946,44
123000007,3269,2278,991
123000008,2245,2168,77
123000009,4047,2679,1368
123000010,2836,2673,163
123000011,1725,664,1061
123000012,576,1686,-1110
123000013,3585,760,2825
123000014,693,3164,-2471
123000015,2700,1145,1555
123000016,3050,4566,-1516
123000017,2888,1451,1437
123000018,86,93,-7
123000019,522,160,362
123000020,294,56,238
123000021,166,198,-32
123000022,303,1522,-1219
123000023,1750,1744,6
123000024,1414,580,834
123000025,78,88,-10
123000026,0,103,-103
123000027,96,630,-534
123000028,1219,713,506
123000029,510,1238,-728
123000030,263,202,61
123000031,313,171,142
123000032,516,108,408
123000033,249,77,172
123000034,1073,591,482
123000035,527,428,99
123000036,327,855,-528
123000037,279,316,-37
123000038,144,207,-63
123000039,500,1623,-1123
123000040,585,316,269
123000041,1050,1159,-109
123000042,572,507,65
123000043,2136,11347,-9211
123000044,3444,2627,817
123000045,4975,2912,2063
123000046,503,1632,-1129
123000047,1300,874,426
123000048,104,1044,-940
123000049,5283,11290,-6007
123000050,1817,1483,334
123000051,77,202,-125
123000052,806,3316,-2510
123000053,2766,2837,-71
123000054,1500,1454,46
123000055,1404,2739,-1335
123000056,1018,1591,-573
123000057,6751,7708,-957
123000058,594,1196,-602
123000059,386,508,-122
123000060,968,422,546
123000061,234,645,-411
123000063,991,970,21
123000064,1188,250,938
123000065,3872,2185,1687
123000066,492,511,-19
123000067,1073,504,569
123000068,2137,2171,-34
123000069,6176,2602,3574
123000070,214,575,-361
123000071,1275,743,532
123000072,1182,672,510
123000073,1434,636,798
123000074,1137,805,332
123000075,320,1257,-937
123000076,833,559,274
123000077,1618,1633,-15
123000078,1834,1213,621
123000079,1944,1321,623
123000080,2314,1192,1122
123000081,168,291,-123
123000082,282,915,-633
123000083,1183,318,865
123000084,765,353,412
123000085,514,52,462
123000086,736,93,643
123000087,521,238,283
123000088,1564,652,912
123000089,648,850,-202
123000090,1294,725,569
123000091,1278,1021,257
123000092,707,973,-266
123000094,641,191,450
123000095,683,581,102
123000096,686,280,406
123000097,520,412,108
123000098,710,358,352
123000099,509,384,125
123000100,413,634,-221
123000101,505,495,10
123000102,332,596,-264
123000104,410,390,20
123000105,561,441,120
123000106,411,442,-31
123000107,358,381,-23
123000108,549,915,-366
123000111,1008,337,671
123000112,1381,437,944
123000113,508,826,-318
123000114,330,608,-278
123000115,304,224,80
123000116,32,100,-68
123000117,1793,1421,372
123000118,463,577,-114
123000119,264,542,-278
123000120,333,576,-243
123000121,438,426,12
123000122,295,176,119
123000123,436,433,3
123000124,382,334,48
123000125,1165,1214,-49
123000126,1109,4342,-3233
123000127,477,475,2
123000128,297,268,29
123000129,828,163,665
123000130,751,71,680
123000131,1102,674,428
123000132,290,552,-262
123000133,219,289,-70
123000134,275,141,134
123000135,2696,1150,1546
123000136,188,516,-328
123000137,111,244,-133
123000138,74,294,-220
123000139,575,90,485
123000140,126,515,-389
123000141,879,147,732
123000142,828,880,-52
123000143,814,1382,-568
123000144,32,23,9
123000145,145,155,-10
123000146,27,88,-61
123000147,75,70,5
123000149,322,392,-70
123000150,122,216,-94
123000151,227,402,-175
123000152,121,382,-261
123000153,238,614,-376
123000154,1269,1659,-390
123000155,1616,1013,603
123000156,13,118,-105
123000157,499,669,-170
123000158,499,807,-308
123000159,3053,2859,194
123000160,1088,734,354
123000161,2018,1112,906
123000162,1359,1552,-193
123000163,607,155,452
123000164,1778,344,1434
123000165,342,1029,-687
123000166,39,101,-62
123000167,141,169,-28
123000168,251,154,97
123000169,919,147,772
123000170,70,101,-31
123000171,968,14,954
123000172,129,413,-284
123000173,585,245,340
123000174,1077,437,640
123000175,382,831,-449
123000176,1438,290,1148
123000177,341,845,-504
123000178,809,194,615
123000179,40,410,-370
123000180,1645,293,1352
123000181,239,797,-558
123000182,273,302,-29
123000183,119,497,-378
123000184,163,350,-187
123000185,996,279,717
123000186,3,420,-417
123000187,836,11,825
123000188,169,0,169
123000189,182,103,79
123000190,69,66,3
123000192,16,301,-285
123000193,77,610,-533
123000194,300,217,83
123000195,439,51,388
123000196,476,22,454
123000197,56,79,-23
123000198,39,556,-517
123000199,4,569,-565
123000200,581,12,569
123000201,1264,18,1246
123000202,10,715,-705
123000203,1282,65,1217
123000204,80,732,-652
123000205,406,1070,-664
123000206,2587,238,2349
123000207,91,564,-473
123000208,575,189,386
123000209,2017,595,1422
123000210,437,1301,-864
123000211,435,1645,-1210
123000212,3377,569,2808
123000213,710,109,601
123000215,60,224,-164
123000216,184,658,-474
123000217,189,31,158
123000218,70,660,-590
123000219,674,58,616
123000220,443,104,339
123000221,182,89,93
123000222,489,322,167
123000223,519,218,301
123000224,373,264,109
123000225,328,42,286
123000226,88,313,-225
123000227,69,232,-163
123000228,295,56,239
123000229,699,919,-220
123000232,104,488,-384
123000233,739,152,587
123000234,181,497,-316
123000235,1464,264,1200
123000236,320,542,-222
123000237,315,114,201
123000238,81,336,-255
123000239,410,1018,-608
123000240,75,610,-535
123000241,265,66,199
123000242,324,161,163
123000243,767,736,31
123000244,701,630,71
123000245,50,127,-77
123000249,325,477,-152
123000252,991,261,730
123000253,1487,481,1006
123000254,733,734,-1
123000255,1218,832,386
123000256,23,197,-174
123000257,2285,1500,785
123000258,1067,521,546
123000259,422,356,66
123000260,521,334,187
123000261,368,117,251
123000262,86,102,-16
123000263,440,85,355
123000264,175,90,85
123000265,45,124,-79
123000266,530,546,-16
123000267,853,415,438
123000268,52,52,0
123000269,37,49,-12
123000270,43,48,-5
123000271,55,58,-3
123000272,643,265,378
123000273,275,628,-353
123000274,1148,521,627
123000275,250,655,-405
123000278,2206,2271,-65
123000279,89,70,19
123000280,226,200,26
123000281,289,84,205
123000282,73,178,-105
123000283,124,41,83
123000284,51,54,-3
123000286,150,263,-113
123000287,332,223,109
123000288,1176,964,212
123000289,349,1075,-726
123000291,209,649,-440
123000294,183,165,18
123000295,836,915,-79
123000296,647,444,203
123000297,243,189,54
123000298,320,192,128
123000299,14,82,-68
123000300,1057,707,350
123000301,146,247,-101
123000302,105,131,-26
123000303,89,171,-82
123000305,762,741,21
123000306,162,91,71
123000309,38,38,0
123000310,34,23,11
123000311,0,66,-66
123000312,428,536,-108
123000313,659,342,317
123000315,276,231,45
123000316,870,75,795
123000317,208,76,132
123000318,62,159,-97
123000329,24,27,-3
123000337,711,388,323
123000338,314,73,241
123000339,287,54,233
123000340,115,285,-170
123000342,9,26,-17
123000343,45,4,41
123000344,920,351,569
123000345,340,518,-178
123000346,340,27,313
123000352,924,696,228
123000353,40,46,-6
123000354,247,10,237
123000355,2,199,-197
123000356,437,1,436
123000357,0,136,-136
123000359,3,117,-114
123000360,173,57,116
123000361,204,240,-36
123000362,549,72,477
123000363,108,180,-72
123000364,528,439,89
123000365,18,384,-366
123000366,435,1969,-1534
123000367,324,747,-423
123000370,29,229,-200
123000371,793,38,755
123000372,373,23,350
123000373,14,252,-238
123000374,9,144,-135
123000375,404,53,351
123000376,830,525,305
123000377,580,10,570
123000378,13,187,-174
123000379,4,125,-121
123000380,43,413,-370
123000381,106,144,-38
123000382,779,142,637
123000383,89,1298,-1209
123000384,486,114,372
123000385,122,555,-433
123000436,30,1035,-1005
123000507,63,143,-80
123000508,118,1091,-973
123000517,201,39,162
123000518,39,203,-164
123000519,163,70,93
123000520,50,158,-108
123000521,318,75,243
123000522,115,306,-191
123000541,8,2,6
123000542,1,24,-23
123000565,824,31,793
123000566,272,266,6
123000567,95,148,-53
123000573,35,551,-516
123000574,933,61,872
123000575,1450,806,644
123000576,1150,878,272
123000577,52,675,-623
123000578,393,93,300
123000579,1251,6009,-4758
123000580,96,60,36
123000582,479,29,450
123000583,24,270,-246
123000584,149,240,-91
123000585,0,88,-88
123000586,75,1,74
123000596,64,65,-1
123000597,65,105,-40
123000602,52,7,45
123000603,928,410,518
123000604,520,376,144
123000605,576,84,492
123000606,3,300,-297
123000609,6,302,-296
123000610,202,139,63
123000613,29,201,-172
123000614,316,53,263
123000615,16,90,-74
123000616,925,70,855
123000617,123,216,-93
123000618,77,536,-459
123000619,562,58,504
123000620,37,286,-249
123000622,553,40,513
123000624,208,28,180
123000630,1286,357,929
123000631,189,564,-375
123000632,551,537,14
123000633,1,115,-114
123000634,40,145,-105
123000635,51,83,-32
123000636,36,472,-436
123000637,116,49,67
123000638,497,27,470
123000639,757,4340,-3583
123000640,21,403,-382
123900001,894,31,863
123900002,19,1035,-1016
123900003,212,294,-82
123900005,241,178,63
123900006,283,48,235
124000001,2055,182,1873
124000002,69,1198,-1129
124000003,1121,141,980
124000004,66,389,-323
124000005,1265,683,582
124000006,212,728,-516
124000007,368,112,256
124000008,8,450,-442
124000009,675,255,420
124000010,238,302,-64
124000011,1148,292,856
124000012,395,342,53
124000017,181,179,2
124000018,106,53,53
124000019,154,131,23
124000020,52,99,-47
124000021,130,98,32
124000022,109,178,-69
124000023,1181,1411,-230
124000024,861,302,559
124000025,923,1604,-681
124000026,663,670,-7
124000027,4383,4984,-601
124000028,1357,3245,-1888
124000030,1845,975,870
124000031,1387,4149,-2762
124000032,1524,693,831
124000033,218,221,-3
124000034,640,495,145
124000035,32,235,-203
124000036,34,114,-80
124000037,602,1202,-600
124000038,37,79,-42
124000039,1193,532,661
124000040,477,1168,-691
124000041,591,78,513
124000042,130,366,-236
124000043,137,78,59
124000044,66,147,-81
124000045,932,555,377
124000046,259,527,-268
124000047,2081,714,1367
124000048,812,811,1
124000049,1970,549,1421
124000050,796,1184,-388
124000051,1068,515,553
124000052,615,639,-24
124000053,495,1606,-1111
124000054,760,397,363
124000055,1274,2958,-1684
124000056,1720,949,771
124000057,876,520,356
124000058,351,783,-432
124000059,639,1179,-540
124000060,801,449,352
124000061,1126,5072,-3946
124000062,2393,1323,1070
124000063,965,1198,-233
124000064,1588,996,592
124000065,9,447,-438
124000066,60,32,28
124000067,222,194,28
124000068,13,17,-4
124000069,230,8,222
124000070,57,137,-80
124000071,524,90,434
124000072,295,321,-26
124000073,1141,140,1001
124000074,172,475,-303
124000075,442,37,405
124000076,15,135,-120
124000077,1208,715,493
124000078,2711,1277,1434
124000079,391,1196,-805
124000080,555,250,305
124000081,204,395,-191
124000082,54,163,-109
124000083,72,70,2
124000084,23,312,-289
124000085,85,20,65
124000086,59,131,-72
124000087,246,137,109
124000088,287,359,-72
124000089,922,381,541
124000090,137,211,-74
124000091,423,80,343
124000092,82,261,-179
124000093,161,103,58
124000094,310,387,-77
124000095,131,73,58
124000096,148,196,-48
124000097,154,174,-20
124000098,76,63,13
124000099,122,85,37
124000100,82,58,24
124000101,119,109,10
124000102,110,63,47
124000103,123,95,28
124000104,82,34,48
124000105,101,92,9
124000106,93,41,52
124000107,23,180,-157
124000108,36,17,19
124000109,119,117,2
124000110,120,72,48
124000111,179,118,61
124000112,759,407,352
124000113,110,102,8
124000114,254,311,-57
124000115,293,471,-178
124000116,112,173,-61
124000117,38,77,-39
124000118,32,95,-63
124000119,717,504,213
124000120,681,411,270
124000121,1042,644,398
124000122,444,937,-493
124000123,948,425,523
124000124,437,830,-393
124000125,474,401,73
124000126,282,483,-201
124000127,918,366,552
124000128,551,736,-185
124000129,2093,1361,732
124000130,679,534,145
124000131,798,535,263
124000132,668,614,54
124000133,865,725,140
124000134,1154,436,718
124000135,1668,1558,110
124000136,680,821,-141
124000137,1148,707,441
124000138,1422,1156,266
124000139,656,37,619
124000140,37,316,-279
124000141,173,9,164
124000142,24,156,-132
124000143,67,19,48
124000144,8,35,-27
124000145,257,79,178
124000146,81,61,20
124000148,33,124,-91
124000149,1265,486,779
124000150,290,566,-276
124000151,705,226,479
124000152,531,901,-370
124000153,987,580,407
124000154,540,450,90
124000155,1120,766,354
124000156,884,636,248
124000169,180,478,-298
124000170,442,300,142
124000171,320,236,84
124000172,384,334,50
124000173,605,150,455
124000174,319,406,-87
124000175,21,90,-69
124000176,93,45,48
124000177,19,32,-13
124000178,81,126,-45
124000190,13,43,-30
124000191,45,54,-9
124000192,1691,400,1291
124000193,452,754,-302
124000194,322,292,30
124000195,307,553,-246
124000196,720,804,-84
124000197,38,35,3
124000198,48,61,-13
124000201,258,584,-326
124000202,665,306,359
124000203,588,388,200
124000204,994,241,753
124000205,129,255,-126
124000206,891,234,657
124000207,0,50,-50
124000209,166,272,-106
124000210,614,196,418
124000211,814,4,810
124000212,1,271,-270
124000213,513,188,325
124000214,510,347,163
124000215,495,28,467
124000216,0,225,-225
124000329,154,914,-760
124000338,143,420,-277
124000339,1287,112,1175
124000341,1677,97,1580
124000344,62,3,59
124000357,1174,2396,-1222
124000358,821,1428,-607
124000359,1572,695,877
124000360,1118,497,621
124000361,1990,952,1038
124000362,847,1133,-286
124000363,272,272,0
124000364,438,736,-298
124000365,432,670,-238
124000366,985,598,387
124000367,89,342,-253
124000368,388,432,-44
124000369,153,108,45
124000370,69,276,-207
124000402,39,23,16
124000403,182,25,157
124000404,16,102,-86
124000405,1032,815,217
124000406,634,703,-69
124000407,4,31,-27
124000411,12,187,-175
124000412,456,17,439
124000413,126,43,83
124000414,80,89,-9
124000415,53,60,-7
124000416,114,120,-6
124000417,140,99,41
124000418,200,82,118
124000419,72,68,4
124000420,99,38,61
124000421,56,90,-34
124000422,18,26,-8
124000423,132,29,103
124000424,0,43,-43
124000425,64,17,47
124000426,9,24,-15
124000427,33,14,19
124000428,2,34,-32
124000429,89,52,37
124000430,749,367,382
124000431,313,524,-211
124000432,196,483,-287
124000439,1,4,-3
124000442,8,74,-66
124000443,2,3,-1
124000445,64,533,-469
124000446,346,42,304
124900001,455,294,161
124900002,178,249,-71
124900003,938,453,485
124900004,673,259,414
124900005,247,117,130
124900006,717,216,501
124900008,1100,501,599
124900009,217,616,-399
124900010,296,171,125
124900011,930,324,606
124900012,889,150,739
124900013,552,116,436
124900014,266,59,207
124900015,186,580,-394
124900016,77,129,-52
124900017,571,1958,-1387
124900018,83,18,65
124900019,551,43,508
124900020,171,100,71
124900021,425,76,349
124900022,66,3,63
124900024,341,15,326
124900026,106,25,81
124900027,140,470,-330
124900028,408,91,317
124900029,10,460,-450
124900030,10,87,-77
124900031,79,321,-242
124900032,184,206,-22
124900033,94,233,-139
124900034,6,90,-84
124900035,119,398,-279
124900036,3,42,-39
124900037,138,200,-62
124900038,247,151,96
124900039,0,85,-85
124900040,164,80,84
124900041,167,507,-340
124900042,151,0,151
124900043,361,516,-155
124900044,72,3,69
124900045,516,809,-293
124900046,1117,391,726
124900047,131,188,-57
124900048,156,66,90
124900050,87,137,-50
124900052,160,493,-333
124900053,155,245,-90
124900054,947,512,435
124900055,0,153,-153
124900057,5,46,-41
124900060,61,161,-100
124900061,98,7,91
124900062,194,20,174
124900066,0,9,-9
124900067,5,96,-91
124900068,314,1097,-783
124900069,207,114,93
124900070,121,35,86
124900072,163,23,140
124900074,405,148,257
124900075,232,157,75
124900076,19,1231,-1212
124900077,23,67,-44
124900078,82,30,52
124900079,353,236,117
124900080,241,321,-80
124900081,987,259,728
124900082,217,382,-165
124900083,202,276,-74
124900084,928,101,827
124900085,616,545,71
124900086,81,1292,-1211
124900087,374,104,270
124900088,365,78,287
124900089,820,24,796
124900090,468,261,207
124900091,426,213,213
124900092,212,180,32
124900093,420,189,231
124900094,480,231,249
124900095,149,559,-410
124900096,576,457,119
124900097,392,95,297
124900098,128,275,-147
124900099,554,449,105
124900100,402,63,339
124900101,167,480,-313
124900102,228,26,202
124900103,106,158,-52
124900104,43,101,-58
124900105,84,97,-13
124900106,457,55,402
124900107,118,23,95
124900108,102,100,2
124900109,105,85,20
124900110,427,232,195
124900111,0,62,-62
124900112,66,474,-408
129000186,128,42,86
204000001,26,2,24
204000002,9,3,6
204000003,25,4,21
204000004,2,3,-1
204000005,520,374,146
204000006,1239,1043,196
204000008,819,510,309
204000011,9,29,-20
204000012,44,47,-3
204000013,1,13,-12
204000019,683,387,296
204000020,632,441,191
204000021,978,616,362
204000022,602,359,243
204000023,493,484,9
204000031,8,7,1
204000032,279,12,267
204000034,36,178,-142
204000035,2,3,-1
204000036,6,25,-19
204000037,0,11,-11
204000038,0,9,-9
204000039,4,6,-2
204000040,3,9,-6
204000041,24,19,5
204000042,38,12,26
204000043,35,6,29
204000044,41,1,40
204000045,101,2,99
204000046,10,2,8
204000057,7,18,-11
204000062,7,16,-9
204000068,25,167,-142
204000069,3,249,-246
204000070,75,64,11
204000080,35,38,-3
204000085,1841,1462,379
204000086,1615,1358,257
204000087,42,9,33
204000088,4,70,-66
204000090,22,244,-222
204000093,524,54,470
204000096,902,806,96
204000097,618,9,609
204000099,1064,1258,-194
204000100,1423,1611,-188
204000105,1798,1110,688
204000110,376,769,-393
204000111,423,460,-37
204000112,607,538,69
204000113,608,657,-49
204000114,937,666,271
204000115,690,312,378
204000116,873,443,430
204000119,1820,2401,-581
204000132,685,307,378
204000133,830,174,656
204000134,240,91,149
204000135,511,52,459
204000136,586,154,432
204000138,435,437,-2
204000140,229,121,108
204000141,159,77,82
204000144,4,19,-15
204000145,545,46,499
204000146,38,241,-203
204000147,12,106,-94
204000148,266,14,252
204000154,11,4,7
204000155,2,6,-4
204000177,81,29,52
204000179,37,6,31
204000180,1,21,-20
204000222,3,13,-10
204000235,23,15,8
204000236,64,151,-87
204000238,31,20,11
204000240,394,53,341
204000308,143,5,138
204000317,11,60,-49
204000322,11,72,-61
204000323,8,6,2
204000328,269,53,216
204000329,23,174,-151
204000330,160,5,155
204000331,39,49,-10
204010341,11,165,-154
205000001,591,1133,-542
205000013,9,51,-42
205000014,21,62,-41
205000015,24,108,-84
205000016,12,121,-109
205000017,12,74,-62
205000022,181,572,-391
205000025,900,826,74
205000029,233,13,220
205000045,108,464,-356
205000047,38,320,-282
205000048,270,509,-239
205000049,136,506,-370
205000050,351,211,140
205000059,0,147,-147
205000060,0,67,-67
205000061,1,108,-107
205000062,0,107,-107
205000063,26,110,-84
205000064,26,74,-48
205000065,63,417,-354
205000066,106,426,-320
205000067,38,604,-566
205000069,190,23,167
205000082,158,175,-17
205000110,51,150,-99
205000111,135,158,-23
205000112,161,202,-41
205000113,158,249,-91
205000121,261,52,209
205000123,35,197,-162
205000126,483,101,382
205000127,806,118,688
205000128,366,46,320
205000129,649,63,586
205000130,122,29,93
205000131,61,5,56
205000132,103,12,91
205000133,77,2,75
205000134,274,0,274
205000137,46,141,-95
205000138,110,244,-134
205000139,24,101,-77
205000144,82,114,-32
205000145,327,184,143
205000151,172,27,145
205000152,200,18,182
205000153,258,23,235
205000154,177,32,145
205000155,99,12,87
205000207,11,121,-110
205000233,9,2,7
205000234,0,0,0
205000243,0,0,0
205000244,0,5,-5
205000245,16,110,-94
205000249,0,17,-17
205000250,12,2,10
205000251,108,275,-167
205000264,5,77,-72
206000027,3,3,0
206000028,12,4,8
206000043,4,19,-15
206000053,1,8,-7
206000054,2,25,-23
206000055,3,19,-16
206000075,8,22,-14
206000076,20,20,0
206000077,23,7,16
206000078,10,8,2
206000079,14,8,6
206000082,371,53,318
206000100,22,332,-310
206000103,10,9,1
206000104,14,14,0
206000105,12,11,1
206000106,2,26,-24
206000108,662,53,609
206000125,64,0,64
206000157,39,482,-443
206000170,1,116,-115
206000171,6,136,-130
206000172,14,260,-246
206000173,1,102,-101
206000174,16,38,-22
206000175,0,54,-54
206000176,18,94,-76
206000177,0,133,-133
206000178,3,88,-85
206000179,3,51,-48
206000180,16,94,-78
206000181,6,38,-32
206000182,11,81,-70
206000183,15,238,-223
206000184,5,179,-174
206000185,2,62,-60
206000186,100,408,-308
206000223,13,132,-119
206000226,24,3,21
206000227,28,1,27
206000237,28,153,-125
206000238,23,276,-253
206000239,164,1157,-993
206000240,0,58,-58
206000241,0,51,-51
206000242,6,86,-80
206000243,3,70,-67
206000244,53,247,-194
206000245,1090,47,1043
206000246,300,3,297
206000247,347,9,338
206000248,504,22,482
206000252,45,31,14
206000258,16,42,-26
206000315,37,9,28
206000317,671,123,548
206000318,603,94,509
206000319,2122,95,2027
206000320,354,22,332
206000321,305,6,299
206000322,749,28,721
206000323,249,6,243
206000324,210,3,207
206000325,280,9,271
206000326,275,15,260
206000327,97,5,92
206000328,175,4,171
206000329,335,7,328
206000330,55,5,50
206000331,289,0,289
206000332,69,1,68
206000333,865,2,863
206000334,372,2,370
206000335,0,10,-10
206000361,4,100,-96
206000392,2,11,-9
206000405,138,1,137
206000441,52,22,30
206000498,42,3,39
206000515,94,25,69
206000530,328,80,248
206000531,234,283,-49
206000532,1387,417,970
206000535,160,1201,-1041
206000536,15,88,-73
206000537,17,108,-91
206000613,1691,265,1426
207000001,78,441,-363
207000002,96,240,-144
207000003,107,122,-15
207000007,1275,251,1024
207000008,136,10,126
207000009,55,54,1
207000010,342,226,116
207000012,438,202,236
207000015,198,659,-461
207000019,251,62,189
207000021,546,154,392
207000022,213,125,88
207000023,227,42,185
207000024,4,4,0
207000025,26,57,-31
207000026,65,35,30
207000027,7,50,-43
207000028,42,136,-94
207000029,99,276,-177
207000033,191,389,-198
207000034,262,105,157
207000039,545,100,445
207000040,508,49,459
207000041,152,30,122
207000042,378,63,315
207000043,198,170,28
207000051,136,181,-45
207000052,33,101,-68
207000053,373,276,97
207000054,50,59,-9
207000055,147,98,49
207000056,320,234,86
207000057,116,200,-84
207000058,121,185,-64
207000059,80,270,-190
207000060,48,137,-89
207000061,130,565,-435
207000062,269,31,238
207000063,427,62,365
207000064,420,147,273
207000065,397,189,208
207000066,259,142,117
207000067,48,78,-30
207000068,139,39,100
207000069,747,273,474
207000082,6,140,-134
207000083,73,206,-133
207000084,350,222,128
207000085,233,20,213
207000086,234,4,230
207000106,44,33,11
207000107,83,14,69
207000108,71,11,60
207000109,39,14,25
207000110,56,64,-8
207000111,102,89,13
207000112,104,628,-524
207000114,12,16,-4
207000115,17,49,-32
207000116,37,289,-252
207000117,8,37,-29
207000118,6,62,-56
207000119,44,38,6
207000123,195,21,174
207000124,75,25,50
207000125,56,37,19
207000126,76,54,22
207000134,95,105,-10
207000135,44,124,-80
207000148,75,334,-259
207000149,68,42,26
207000152,95,279,-184
207000153,544,1020,-476
207000154,333,127,206
207000159,94,163,-69
207000160,115,227,-112
207000238,1,119,-118
207000242,2,94,-92
207000248,41,30,11
207000249,127,20,107
207000250,354,67,287
207000251,80,64,16
207000252,60,36,24
207000278,146,59,87
207000279,17,96,-79
207000280,727,63,664
207000281,108,463,-355
207000282,80,108,-28
207000283,56,161,-105
207000284,20,265,-245
207000285,77,49,28
207000291,14,66,-52
207000304,110,40,70
207000306,75,284,-209
207000310,101,72,29
207000353,228,3,225
207000356,5,81,-76
207000357,5,13,-8
207000415,9,106,-97
207000417,55,4,51
207000437,0,0,0
207000439,594,749,-155
207000446,193,4,189
207000460,45,6,39
207000466,146,82,64
207000467,0,2,-2
207000468,0,6,-6
207000476,19,39,-20
207000477,815,51,764
207000523,1,2,-1
207000524,30,0,30
207000527,140,143,-3
207000530,544,9,535
207000531,414,11,403
207000532,106,29,77
207000534,225,42,183
207000535,22,221,-199
207000537,11,57,-46
207000540,7,118,-111
207000541,2,165,-163
207000548,3,133,-130
207000549,294,13,281
207000561,179,199,-20
207000562,40,120,-80
207000567,109,170,-61
207000568,269,49,220
207000569,571,409,162
207000584,188,176,12
207000585,46,356,-310
207000616,0,77,-77
207000617,158,2,156
207000628,0,0,0
207900008,311,77,234
208000001,557,914,-357
208000002,720,373,347
208000003,979,314,665
208000004,763,471,292
208000005,5,17,-12
208000019,634,819,-185
208000020,183,376,-193
208000021,223,275,-52
208000022,1001,414,587
208000028,874,1136,-262
208000033,500,380,120
208000034,992,1072,-80
208000040,238,136,102
208000041,734,539,195
208000042,916,577,339
208000047,146,160,-14
208000064,1951,1248,703
208000066,1507,2371,-864
208000070,363,284,79
208000071,479,509,-30
208000072,406,859,-453
208000080,289,245,44
208000081,370,122,248
208000082,321,167,154
208000083,156,282,-126
208000084,12,11,1
208000085,562,432,130
208000086,438,743,-305
208000087,415,551,-136
208000089,922,280,642
208000090,957,411,546
208000093,175,156,19
208000094,453,303,150
208000095,762,337,425
208000104,1098,662,436
208000105,750,700,50
208000114,117,351,-234
208000115,535,263,272
208000116,636,918,-282
208000117,125,137,-12
208000118,104,136,-32
208000155,703,743,-40
208000158,1122,3272,-2150
208000186,2608,3726,-1118
208000204,595,882,-287
208000205,1200,733,467
208000282,3574,2738,836
209000004,344,140,204
209000005,61,34,27
209000006,407,109,298
209000007,240,241,-1
209000010,339,96,243
209000011,165,201,-36
209000012,74,89,-15
209000013,216,182,34
209000014,405,598,-193
209000025,406,33,373
209000026,729,89,640
209000027,280,471,-191
209000028,430,411,19
209000029,379,477,-98
209000030,314,744,-430
209000031,1555,1199,356
209000034,153,176,-23
209000035,130,132,-2
209000036,147,64,83
209000037,263,147,116
209000038,142,108,34
209000039,66,112,-46
209000040,285,434,-149
209000041,148,318,-170
209000042,332,228,104
209000043,664,695,-31
209000044,269,737,-468
209000045,1057,408,649
209000046,561,418,143
209000047,355,190,165
209000048,581,299,282
209000049,92,48,44
209000050,163,71,92
209000051,161,100,61
209000052,105,98,7
209000062,33,52,-19
209000063,49,40,9
209000064,16,37,-21
209000065,88,21,67
209000066,108,11,97
209000067,91,19,72
209000080,16,131,-115
209000082,74,29,45
209000091,29,70,-41
209000093,59,17,42
209000094,108,116,-8
209000110,29,100,-71
209000111,532,1468,-936
209000112,1150,361,789
209000113,1840,409,1431
209000114,847,352,495
209000115,56,49,7
209000116,217,227,-10
209000118,14,35,-21
209000119,13,6,7
209000121,81,267,-186
209000135,85,178,-93
209000142,585,1904,-1319
209000143,44,41,3
209000144,44,102,-58
209000229,246,125,121
209000240,27,170,-143
209000259,27,52,-25
209000260,28,859,-831
209000261,2,643,-641
209000262,3,448,-445
209000263,0,142,-142
209000264,2,222,-220
209000265,377,0,377
209000266,100,0,100
209000267,1495,7,1488
209000268,680,59,621
210000037,67,37,30
210000047,104,17,87
210000048,117,18,99
210000049,53,11,42
210000052,84,59,25
210000053,38,34,4
210000054,39,68,-29
210000070,152,1,151
210000071,85,0,85
210000072,28,0,28
210000073,0,31,-31
210000074,1,88,-87
210000075,3,69,-66
210000076,10,109,-99
210000077,16,62,-46
210000078,22,57,-35
210000079,33,13,20
210000080,72,70,2
210000081,185,26,159
210000082,81,1,80
210000083,60,1,59
210000084,77,1,76
210000085,0,44,-44
210000086,7,78,-71
210000099,51,173,-122
210000100,48,126,-78
210000101,62,132,-70
210000105,31,188,-157
210000159,1,216,-215
210000163,126,224,-98
210000164,230,166,64
210000168,139,43,96
210000187,0,17,-17
210000188,0,19,-19
210000214,31,0,31
210000219,61,54,7
210000220,122,35,87
210000232,5,14,-9
210000233,40,44,-4
210000234,25,79,-54
210000235,98,64,34
210000245,0,57,-57
210000246,27,1,26
210000258,12,103,-91
210000259,328,62,266
210000282,72,183,-111
210000285,0,125,-125
210000286,27,115,-88
210000295,40,133,-93
210000296,45,28,17
210000320,222,48,174
210000321,122,47,75
210000338,59,44,15
210000339,248,1141,-893
210000340,131,371,-240
210000341,226,210,16
210000342,192,178,14
210000343,194,143,51
210000344,151,99,52
210000345,102,200,-98
210000346,50,106,-56
210000347,44,33,11
210000348,114,21,93
210000349,48,28,20
210000350,112,47,65
210000351,170,90,80
210000352,83,57,26
210000353,46,68,-22
210000354,98,56,42
210000355,60,51,9
210000356,10,40,-30
210000357,22,51,-29
210000358,185,122,63
210000359,90,77,13
210000360,150,116,34
210000361,211,111,100
210000362,284,150,134
210000363,519,200,319
210000364,102,168,-66
210000365,145,64,81
210000366,116,50,66
210000367,76,38,38
210000368,149,34,115
210000369,23,24,-1
210000370,47,40,7
210000372,35,23,12
210000373,21,18,3
210000374,46,19,27
210000375,38,51,-13
210000376,75,84,-9
210000404,46,111,-65
210000439,57,23,34
210000472,66,2,64
210000482,64,124,-60
210000564,263,275,-12
210000568,266,4,262
211000092,36,29,7
211000094,18,1,17
211000169,148,13,135
211000172,9,82,-73
211000209,2,21,-19
211000275,17,11,6
211000276,88,28,60
211000279,21,21,0
211000281,108,21,87
211507980,2,31,-29
211977296,44,0,44
212000003,114,41,73
212000004,15,20,-5
212000005,10,32,-22
212000006,33,40,-7
212000008,163,97,66
212000009,38,87,-49
212000012,110,57,53
212000013,30,33,-3
212000014,255,132,123
212000015,278,199,79
212000016,530,470,60
212000027,610,359,251
212000028,335,301,34
212000029,244,208,36
212000030,57,24,33
212000031,78,34,44
212000048,38,156,-118
212000049,28,134,-106
212000050,25,12,13
212000051,185,143,42
212000052,186,166,20
212000053,399,381,18
212000054,350,77,273
212000055,308,130,178
212000056,27,35,-8
212000057,27,26,1
212000058,180,33,147
212000070,120,152,-32
212000077,109,349,-240
212000099,315,219,96
212000108,182,133,49
212000111,241,60,181
212000120,94,43,51
212000138,129,23,106
212000156,5,76,-71
212000158,4,30,-26
212000159,556,32,524
212000160,863,191,672
212000161,51,9,42
212000310,62,12,50
212000311,15,71,-56
212000374,48,12,36
213000001,42,331,-289
213000005,588,139,449
213000006,976,258,718
213000007,87,3,84
213000009,515,423,92
213000010,179,208,-29
213000011,192,87,105
213000012,116,223,-107
213000014,63,14,49
213000015,293,8,285
213000016,470,4,466
213000017,93,0,93
213000018,0,83,-83
213000019,0,88,-88
213000020,119,247,-128
213000021,12,68,-56
213000023,483,192,291
213000033,341,1589,-1248
213000034,692,183,509
213000035,104,160,-56
213000045,162,220,-58
213000046,155,168,-13
213000047,468,1165,-697
213000056,109,35,74
213000069,45,2,43
213000073,0,37,-37
213000074,55,264,-209
213000075,489,10,479
213000085,13,34,-21
213000086,15,104,-89
213000091,270,11,259
213000092,90,10,80
213000099,142,1003,-861
213000100,960,250,710
213000101,479,128,351
213000102,602,216,386
213000103,946,673,273
213000104,54,355,-301
213000105,8,171,-163
213000106,19,81,-62
213000107,128,313,-185
213000108,34,331,-297
213000109,9,161,-152
213000110,28,56,-28
213000111,5,45,-40
213000112,101,91,10
213000115,50,6,44
213000116,27,276,-249
213000117,14,509,-495
213000118,547,200,347
213000119,44,444,-400
213000120,104,397,-293
213000122,106,364,-258
213000123,304,882,-578
213000124,102,968,-866
213000125,186,21,165
213000126,66,136,-70
213000127,74,184,-110
213000128,274,1008,-734
213000129,371,784,-413
213000130,858,276,582
213000132,590,89,501
213000133,651,100,551
213000134,1057,11,1046
213000136,551,12,539
213000137,792,50,742
213000139,110,21,89
213000147,54,7,47
213000148,25,4,21
213000149,28,7,21
213000150,0,157,-157
213000151,0,106,-106
213000152,0,81,-81
213000153,7,80,-73
213000154,42,443,-401
213000155,58,217,-159
213000156,145,343,-198
213000157,816,296,520
213000158,485,776,-291
213000159,735,324,411
213000163,1207,133,1074
213000165,901,267,634
213000171,1,46,-45
213000172,1,158,-157
213000173,1,151,-150
213000174,15,109,-94
213000175,22,96,-74
213000176,241,50,191
213000177,178,7,171
213000178,217,10,207
213000179,291,1,290
213000180,267,0,267
213000184,73,371,-298
213000188,389,111,278
213000189,540,42,498
213000190,947,589,358
213000191,412,309,103
213000192,275,228,47
213000193,545,297,248
213000194,1,88,-87
213000195,23,328,-305
213000196,291,1115,-824
213000197,497,430,67
213000198,60,1,59
213000200,123,604,-481
213000201,32,44,-12
213000202,16,349,-333
213000203,2390,486,1904
213000204,648,48,600
213000205,427,63,364
213000206,403,29,374
213000207,79,12,67
213000208,62,2,60
213000209,141,5,136
213000210,272,6,266
213000211,10,21,-11
213000212,4,14,-10
213000213,9,46,-37
213000218,240,375,-135
213000219,517,11,506
213000220,540,8,532
213000223,190,191,-1
213000224,35,34,1
213000225,124,9,115
213000226,62,9,53
213000227,933,164,769
213000228,426,63,363
213000229,145,17,128
213000230,399,29,370
213000232,38,925,-887
213000233,9,986,-977
213000234,3,42,-39
213000293,20,54,-34
213000294,102,21,81
213000295,21,90,-69
213000296,45,16,29
213000297,4,52,-48
213000298,9,64,-55
213000299,50,29,21
213000300,9,5,4
213000303,12,16,-4
213000304,6,4,2
213000305,1,11,-10
213000306,54,24,30
213000307,100,56,44
213000308,84,136,-52
213000309,232,46,186
213000310,535,153,382
213000311,201,665,-464
213000315,68,70,-2
213000316,195,35,160
213000322,94,89,5
213000323,113,61,52
213000324,162,100,62
213000325,124,84,40
213000326,138,66,72
213000327,131,75,56
213000328,114,138,-24
213000329,208,64,144
213000340,163,334,-171
213000341,737,95,642
213000347,502,446,56
213000348,12,110,-98
213000349,22,10,12
213000350,255,797,-542
213000366,71,181,-110
213000367,236,17,219
213000379,84,40,44
213000386,4,256,-252
213000406,69,334,-265
213000417,1352,505,847
213000425,300,26,274
213000426,168,29,139
213000427,55,151,-96
213000428,61,141,-80
213000429,11,7,4
213000430,113,435,-322
213000431,24,1,23
213000432,5,20,-15
213000433,20,112,-92
213000434,121,85,36
213000435,128,76,52
213000436,52,47,5
213000437,1,30,-29
213000438,134,80,54
213000439,52,10,42
213000440,20,248,-228
213000441,3,2,1
213000442,8,41,-33
213000443,361,292,69
213000444,41,44,-3
213000445,0,71,-71
213000446,1,22,-21
213000447,3,33,-30
213000448,15,135,-120
213000449,567,9,558
213000450,16,28,-12
213000451,342,91,251
213000452,15,18,-3
213000453,29,213,-184
213000455,253,31,222
213000456,4,354,-350
213000481,4,5,-1
213000484,37,0,37
213000489,355,50,305
213900002,0,89,-89
213900003,165,16,149
213900013,1,71,-70
213900015,0,20,-20
213900016,9,18,-9
213900020,15,64,-49
213900030,0,53,-53
213900032,185,173,12
213900033,162,40,122
213900034,649,77,572
213900035,205,303,-98
213900036,110,122,-12
213900037,36,178,-142
213900038,514,135,379
213900039,0,40,-40
213900041,0,154,-154
213900042,171,294,-123
213900043,348,122,226
213900244,69,0,69
213900245,0,16,-16
218000003,17,14,3
218000004,15,12,3
218000005,8,39,-31
218000006,52,24,28
218000007,12,11,1
218000012,129,128,1
218000013,135,145,-10
218000014,426,448,-22
218000019,794,674,120
218000020,340,420,-80
218000021,46,39,7
218000022,16,11,5
218000023,1,9,-8
218000024,0,2,-2
218000025,10,10,0
218000026,11,18,-7
218000027,2,11,-9
218000028,6,4,2
218000029,2,7,-5
218000030,15,18,-3
218000031,8,17,-9
218000032,1,34,-33
218000039,17,17,0
218000040,3,0,3
218000046,62,65,-3
218000047,13,106,-93
218000048,88,84,4
218000049,72,75,-3
218000050,341,173,168
218000051,90,179,-89
218000052,5,68,-63
218000053,2,9,-7
218000054,13,67,-54
218000055,4,24,-20
218000056,16,40,-24
218000057,3,30,-27
218000064,4,10,-6
218000065,149,33,116
218000066,18,68,-50
218000067,103,79,24
218000068,157,98,59
218000069,336,124,212
218000070,258,184,74
218000071,259,167,92
218000072,220,196,24
218000078,875,448,427
218000079,275,142,133
218000080,196,65,131
218000081,651,173,478
218000082,84,82,2
218000083,60,38,22
218000084,198,92,106
218000085,212,272,-60
218000086,106,104,2
218000087,221,136,85
218000090,22,115,-93
218000091,774,270,504
218000092,129,133,-4
218000093,116,38,78
218000094,248,216,32
218000099,284,874,-590
218000100,299,336,-37
218000101,348,141,207
218000102,526,193,333
218000103,142,183,-41
218000104,120,56,64
218000105,67,24,43
218000106,4,2,2
218000107,78,57,21
218000108,9,33,-24
218000112,112,85,27
218000117,128,104,24
218000134,571,387,184
218000135,29,69,-40
218000136,182,92,90
218000137,179,75,104
218000138,41,84,-43
218000139,205,254,-49
218000140,512,167,345
218000141,94,51,43
218000142,161,143,18
218000143,92,256,-164
218000144,32,92,-60
218000145,434,322,112
218000146,144,247,-103
218000151,11,28,-17
218000152,216,45,171
218000153,19,8,11
218000154,21,2,19
218000155,23,3,20
218000156,86,11,75
218000157,36,20,16
218000158,20,5,15
218000159,3,13,-10
218000160,11,6,5
218000161,48,5,43
218000162,47,5,42
218000163,20,4,16
218000164,59,10,49
218000165,120,19,101
218000170,6,45,-39
218000171,61,6,55
218000172,11,19,-8
218000173,27,16,11
218000174,21,12,9
218000176,243,28,215
218000177,419,228,191
218000178,91,206,-115
218000179,121,58,63
218000180,108,22,86
218000181,191,37,154
218000187,15,28,-13
218000188,19,40,-21
218000189,19,49,-30
218000190,18,15,3
218000191,201,25,176
218000192,269,152,117
218000193,519,267,252
218000194,109,230,-121
218000195,123,49,74
218000196,374,267,107
218000197,499,241,258
218000198,26,74,-48
218000199,44,17,27
218000200,67,29,38
218000201,23,8,15
218000202,63,264,-201
218000207,2,9,-7
218000208,25,25,0
218000211,27,14,13
218000212,4,18,-14
218000213,107,203,-96
218000214,5,45,-40
218000215,31,55,-24
218000217,3,74,-71
218000218,200,56,144
218000219,27,22,5
218000220,84,363,-279
218000221,487,162,325
218000222,5,41,-36
218000223,47,538,-491
218000224,14,208,-194
218000225,244,27,217
218000226,174,75,99
218000230,0,5,-5
218000232,64,50,14
218000234,41,6,35
218000239,101,4,97
218000240,4,1,3
218000241,22,0,22
218000242,26,6,20
218000243,20,2,18
218000244,27,3,24
218000245,30,1,29
218000246,0,1,-1
218000247,0,0,0
218000248,0,28,-28
218000249,0,7,-7
218000250,2,22,-20
218000251,1,19,-18
218000252,0,39,-39
218000253,5,53,-48
218000254,0,16,-16
218000255,2,9,-7
218000256,1,53,-52
218000267,135,501,-366
218000268,9,33,-24
218000269,3,3,0
218000270,36,15,21
218000271,11,22,-11
218000273,38,1,37
218000274,8,3,5
218000275,30,55,-25
218000276,26,49,-23
218000278,6,24,-18
218000279,25,17,8
218000280,9,15,-6
218000281,13,16,-3
218000282,269,240,29
218000284,62,4,58
218000301,132,94,38
218000302,119,57,62
218000303,14,17,-3
218000316,668,679,-11
218000317,1405,675,730
218000318,778,574,204
218000319,1069,528,541
218000320,839,411,428
218000338,37,21,16
218000339,12,4,8
218000342,59,30,29
218000343,76,18,58
218000345,28,13,15
218000346,9,114,-105
218000353,31,17,14
218000354,31,38,-7
218000459,23,224,-201
218000490,12,36,-24
218000501,187,36,151
218000502,59,57,2
218000503,163,27,136
218000504,181,59,122
218000505,57,119,-62
218000506,68,270,-202
218000508,4,13,-9
218000510,230,26,204
218000520,120,139,-19
218000521,0,11,-11
218000522,1,112,-111
218000523,138,2,136
218000524,16,290,-274
218000525,100,13,87
218000526,23,138,-115
218000529,6,25,-19
218000530,22,5,17
218000531,31,22,9
218000532,38,16,22
218000534,53,4,49
218000537,8,34,-26
218000538,110,187,-77
218000539,21,15,6
218000540,129,94,35
218000543,130,48,82
218000544,31,55,-24
218000545,85,69,16
218000546,63,46,17
218000547,95,125,-30
218000548,148,91,57
218000549,475,441,34
218000550,196,204,-8
218000551,51,908,-857
218000552,226,46,180
218000553,13,68,-55
218000554,20,24,-4
218000555,14,26,-12
218000556,54,133,-79
218000557,273,40,233
218000558,65,0,65
218000559,0,60,-60
218000560,0,21,-21
218000561,8,0,8
218000562,35,122,-87
218000563,179,10,169
218000564,6,118,-112
218000565,135,53,82
218000566,149,38,111
218000567,0,57,-57
218000568,49,2,47
218000569,8,206,-198
218000570,15,14,1
218000571,11,77,-66
218000572,107,2,105
218000573,7,181,-174
218000574,47,30,17
218000575,74,0,74
218000576,2,57,-55
218000577,156,2,154
218000578,2,80,-78
218000579,15,14,1
218000581,1,45,-44
218000582,44,1,43
218000583,3,0,3
218000584,0,12,-12
218000585,51,2,49
218000586,10,28,-18
218000587,2,2,0
218000588,6,1,5
218000589,0,4,-4
218000590,5,0,5
218000591,1,11,-10
218000592,19,0,19
218000593,0,3,-3
218000594,2,0,2
218000595,0,0,0
218000596,0,1,-1
218000597,0,0,0
218000598,0,0,0
218000599,1,1,0
218000600,0,0,0
218000601,0,0,0
218000602,0,5,-5
218000603,0,1,-1
218000604,4,1,3
218000605,0,8,-8
218000606,47,0,47
218000607,16,42,-26
218000608,50,10,40
218000609,3,35,-32
218000610,68,13,55
218000611,24,2,22
218000612,0,23,-23
218000613,30,1,29
218000614,1,38,-37
218000615,206,2,204
218000616,4,105,-101
218000617,27,0,27
218000618,1,12,-11
218000619,58,23,35
218000620,9,21,-12
218000621,0,2,-2
218000622,0,26,-26
218000623,85,5,80
218000624,5,18,-13
218000625,0,2,-2
218000626,0,14,-14
218000628,101,50,51
218000631,6,1,5
218000632,0,105,-105
218000633,114,1,113
218000634,3,16,-13
218000635,9,7,2
218000636,794,674,120
218000637,1008,355,653
218000638,289,24,265
218000639,44,92,-48
218000640,332,18,314
218000641,67,164,-97
218000652,35,39,-4
218000653,228,58,170
218000663,3,28,-25
218000675,16,18,-2
218000676,2,15,-13
218000677,7,3,4
218000680,29,100,-71
218000681,104,26,78
218000691,48,26,22
218000693,125,27,98
218000703,4,20,-16
218000718,148,1212,-1064
218000719,286,701,-415
218000720,6,176,-170
218000721,92,13,79
218000725,8,5,3
218001214,6,45,-39
218001329,8,23,-15
218001330,3,5,-2
219000001,25,51,-26
219000002,26,40,-14
219000003,59,31,28
219000004,43,56,-13
219000017,57,30,27
219000020,126,61,65
219000022,125,7,118
219000023,116,3,113
219000029,0,45,-45
219000034,25,32,-7
219000039,61,92,-31
219000040,49,68,-19
219000041,137,18,119
219000051,0,21,-21
219000052,0,32,-32
219000053,1,79,-78
219000054,388,284,104
219000055,226,3,223
219000056,9,0,9
219000057,82,0,82
219000062,7,33,-26
219000063,60,10,50
219000064,0,10,-10
219000110,282,74,208
219000111,184,43,141
219000112,198,46,152
219000113,170,30,140
219000114,234,80,154
219000116,109,30,79
219000117,109,48,61
219000118,152,50,102
219000123,166,61,105
219000124,103,57,46
219000125,18,18,0
219000126,47,97,-50
219000127,1,4,-3
219000128,11,95,-84
219000129,17,82,-65
219000130,193,342,-149
219000131,447,854,-407
219000133,57,57,0
219000134,17,24,-7
219000135,40,82,-42
219000136,54,218,-164
219000138,90,15,75
219000139,62,18,44
219000140,100,0,100
219000141,39,52,-13
219000142,34,33,1
219000143,11,46,-35
219000145,24,24,0
219000146,6,22,-16
219000147,2,22,-20
219000148,3,17,-14
219000149,9,56,-47
219000150,1,43,-42
219000151,1,16,-15
219000157,201,128,73
219000158,127,141,-14
219000161,109,13,96
219000163,924,414,510
219000166,103,191,-88
219000167,112,149,-37
219000168,291,90,201
219000174,498,117,381
219000175,133,2,131
219000176,142,10,132
219000177,69,9,60
219000178,77,0,77
219000179,28,3,25
219000180,46,29,17
219000182,114,10,104
219000183,65,29,36
219000184,105,16,89
219000185,0,50,-50
219000186,58,27,31
219000187,27,61,-34
219000189,57,140,-83
219000190,58,180,-122
219000191,427,1205,-778
219000192,154,129,25
219000193,138,100,38
219000195,2,48,-46
219000196,8,51,-43
219000198,23,60,-37
219000199,42,186,-144
219000200,43,149,-106
219000201,58,140,-82
219000203,19,76,-57
219000204,83,195,-112
219000205,50,175,-125
219000207,128,194,-66
219000209,26,40,-14
219000210,33,85,-52
219000213,6,106,-100
219000239,184,185,-1
219000240,187,257,-70
219000241,82,122,-40
219000242,47,96,-49
219000243,61,144,-83
219000244,17,37,-20
219000245,31,24,7
219000246,24,34,-10
219000247,170,39,131
219000248,444,395,49
219000249,144,94,50
219000250,145,93,52
219000251,617,191,426
219000252,207,145,62
219000253,454,87,367
219000255,129,110,19
219000256,228,60,168
219000257,107,0,107
219000262,78,59,19
219000263,66,102,-36
219000267,2,46,-44
219000268,5,2,3
219000269,0,1,-1
219000270,9,1,8
219000271,123,10,113
219000278,0,7,-7
219000279,1,2,-1
219000283,0,18,-18
219000295,26,64,-38
219000296,75,262,-187
219000297,15,76,-61
219000298,12,63,-51
219000299,408,51,357
219000300,23,104,-81
219000301,158,271,-113
219000302,23,193,-170
219000307,32,25,7
219000308,47,41,6
219000311,205,46,159
219000312,501,126,375
219000313,409,62,347
219000314,47,233,-186
219000315,347,24,323
219000316,642,48,594
219000317,145,25,120
219000320,2,29,-27
219000321,0,15,-15
219000323,2,34,-32
219000325,2,14,-12
219000326,90,35,55
219000327,70,25,45
219000328,32,59,-27
219000329,263,117,146
219000330,58,36,22
219000331,63,42,21
219000332,183,72,111
219000333,31,3,28
219000335,106,0,106
219000337,22,1,21
219000338,53,0,53
219000344,19,46,-27
219000345,39,38,1
219000346,52,40,12
219000348,172,80,92
219000349,41,96,-55
219000350,74,231,-157
219000351,1,6,-5
219000352,285,88,197
219000353,93,39,54
219000354,206,58,148
219000355,194,44,150
219000356,765,1348,-583
219000363,212,51,161
219000364,90,51,39
219000365,85,15,70
219000366,183,329,-146
219000368,335,570,-235
219000370,786,586,200
219000371,8,17,-9
219000382,13,22,-9
219000383,372,1097,-725
219000385,338,364,-26
219000386,482,1391,-909
219000387,1,14,-13
219000390,4,3,1
219000391,0,1,-1
219000397,94,50,44
219000398,69,31,38
219000401,11,87,-76
219000402,17,93,-76
219000403,111,281,-170
219000404,16,112,-96
219000407,0,10,-10
219000409,65,53,12
219000410,93,39,54
219000411,66,12,54
219000446,79,306,-227
219000447,1,11,-10
219000448,9,7,2
219000452,116,69,47
219000453,48,180,-132
219000454,187,281,-94
219000556,268,76,192
219000558,105,67,38
219000590,33,129,-96
219000591,140,83,57
219000592,72,224,-152
219000595,6,12,-6
219000635,202,32,170
219000636,14,52,-38
219000657,31,19,12
219000658,40,142,-102
219000673,0,44,-44
219000676,18,9,9
219000679,33,4,29
219000684,88,0,88
219000685,6,21,-15
219000686,0,6,-6
219000688,1,38,-37
219000689,28,221,-193
219000690,236,32,204
219000691,11,43,-32
219000692,25,0,25
219000693,2,13,-11
219000694,28,0,28
219000695,28,3,25
219000698,19,0,19
219000699,0,19,-19
219000727,8,64,-56
219000728,116,0,116
219000770,25,2,23
219000771,0,20,-20
219001150,2,39,-37
219001151,0,10,-10
219001166,40,14,26
219001167,2,50,-48
220000001,38,42,-4
220000002,10,55,-45
220000003,294,111,183
220000004,349,291,58
220000005,907,1209,-302
220000006,135,572,-437
220000007,331,309,22
220000008,217,451,-234
220000009,192,213,-21
220000010,105,73,32
220000011,366,2823,-2457
220000012,64,261,-197
220000014,90,47,43
220000015,27,146,-119
220000017,75,188,-113
220000018,3067,1240,1827
220000019,49,233,-184
220000020,390,210,180
220000021,568,121,447
220000022,906,352,554
220000023,355,171,184
220000024,1622,331,1291
220000025,879,1020,-141
220000026,266,311,-45
220000027,32,97,-65
220000028,33,40,-7
220000029,24,70,-46
220000030,27,49,-22
220000031,512,263,249
220000064,27,753,-726
221000046,4,0,4
221000047,0,1,-1
221000048,0,2,-2
221000049,0,8,-8
221000050,16,0,16
221000055,32,40,-8
221000057,55,6,49
221000068,283,98,185
221000069,330,52,278
221000070,259,20,239
221000071,98,5,93
221000072,226,9,217
221000073,163,41,122
221000074,2,19,-17
221000075,13,29,-16
221000076,11,23,-12
221000077,22,65,-43
221000081,14,4,10
221000082,75,5,70
221000083,6,1,5
221000084,2,4,-2
221000085,14,47,-33
221000086,17,53,-36
221000087,2,91,-89
221000088,21,117,-96
221000089,36,202,-166
221000090,66,415,-349
221000098,108,8,100
221000099,158,12,146
221000100,105,7,98
221000101,178,15,163
221000102,123,20,103
221000109,6,72,-66
221000110,6,41,-35
221000111,16,99,-83
221000112,10,72,-62
221000113,16,86,-70
221000114,14,91,-77
221000120,36,35,1
221000121,2,48,-46
221000122,44,36,8
221000123,5,8,-3
221000124,24,108,-84
221000155,133,8,125
221000156,18,26,-8
221000175,0,4,-4
221000176,0,0,0
221000182,32,5,27
221000241,477,254,223
221000242,104,295,-191
221000243,420,131,289
221000244,204,349,-145
221000245,96,84,12
221000246,37,153,-116
221000247,80,94,-14
221000248,94,72,22
221000267,59,636,-577
221000325,62,65,-3
221000331,5,42,-37
221000338,8,39,-31
221000378,206,33,173
221000381,40,22,18
222000282,2,2,0
222000296,2,20,-18
222000568,351,27,324
222000569,239,49,190
222000570,185,25,160
222000571,451,34,417
222000577,28,71,-43
222000578,23,112,-89
222000579,15,105,-90
222000580,48,466,-418
222000599,1,88,-87
222000600,0,191,-191
222000601,3,572,-569
222000603,12,44,-32
222000604,6,34,-28
222000605,11,25,-14
222000606,0,6,-6
222000607,1,7,-6
222000608,21,14,7
222000609,45,83,-38
222000616,437,41,396
222000617,6,16,-10
222000618,1,6,-5
222000620,11,8,3
222000621,34,13,21
222000623,638,7,631
222000624,441,0,441
222000625,635,21,614
222000636,66,6,60
222000686,26,8,18
222000687,52,22,30
222001066,332,4,328
222001067,31,1,30
222001068,66,10,56
222001069,44,39,5
222001082,12,12,0
222001083,36,25,11
222001084,0,26,-26
222001085,0,181,-181
222001111,58,76,-18
222001112,169,26,143
222001313,38,22,16
222001314,12,76,-64
222001464,58,46,12
222001465,4,48,-44
222001484,125,55,70
222001485,18,55,-37
222001494,645,153,492
222001495,123,106,17
222001496,422,81,341
222001497,88,202,-114
222001502,29,81,-52
222001503,145,41,104
222001504,30,200,-170
222001505,451,20,431
222001506,52,307,-255
222001507,361,19,342
222001510,648,42,606
222001511,39,218,-179
222001514,782,221,561
222001515,229,309,-80
222001518,532,103,429
222001519,71,131,-60
222001527,204,46,158
222001528,36,121,-85
222001529,339,41,298
222001530,78,105,-27
222001533,115,271,-156
222001534,454,62,392
222001535,255,197,58
222001536,102,123,-21
222001537,345,75,270
222001538,64,317,-253
222001563,946,100,846
222001564,55,273,-218
222001568,235,199,36
222001576,2,4,-2
222001579,1,18,-17
222001583,13,140,-127
222001584,159,11,148
222001596,587,1295,-708
222001597,1879,417,1462
222001626,0,61,-61
222001650,60,178,-118
222001651,103,603,-500
222001914,220,56,164
222001915,66,120,-54
222900004,499,284,215
222900009,328,393,-65
222900019,138,154,-16
222900024,28,8,20
222900025,5,17,-12
225000001,393,158,235
225000002,559,118,441
225000003,557,72,485
225000004,354,155,199
225000005,58,49,9
225000006,0,120,-120
225000007,860,840,20
225000010,265,17,248
225000011,223,998,-775
225000012,197,529,-332
225000013,89,86,3
225000014,715,51,664
225000015,50,84,-34
225000021,682,132,550
225000027,196,341,-145
225000032,681,125,556
225000042,56,398,-342
225000049,35,72,-37
225000050,103,12,91
225000053,6,255,-249
225000058,484,115,369
225000067,200,94,106
225000068,90,194,-104
225000069,89,269,-180
225000070,100,250,-150
225000071,47,106,-59
225000075,21,768,-747
225000076,51,108,-57
225000078,72,24,48
225000085,53,123,-70
225000086,304,67,237
225000087,124,12,112
225000088,8,183,-175
225000089,141,741,-600
225000090,66,369,-303
225000091,132,73,59
225000092,50,44,6
225000093,175,141,34
225000094,7,127,-120
225000095,298,258,40
225000096,237,218,19
225000098,746,211,535
225000099,372,88,284
225000100,393,102,291
225000104,79,215,-136
225000110,11,238,-227
225000111,204,644,-440
225000112,257,692,-435
225000113,160,415,-255
225000114,62,250,-188
225000115,894,422,472
225000116,645,196,449
225000117,651,179,472
225000118,926,201,725
225000119,227,84,143
225000120,682,46,636
225000121,131,17,114
225000123,445,27,418
225000125,356,144,212
225000126,459,129,330
225000127,446,1163,-717
225000128,406,768,-362
225000132,294,27,267
225000133,200,16,184
225000134,574,138,436
225000135,60,17,43
225000136,287,16,271
225000137,217,42,175
225000138,288,86,202
225000143,51,118,-67
225000144,8,170,-162
225000145,45,16,29
225000146,34,46,-12
225000147,26,124,-98
225000148,5,120,-115
225000149,45,315,-270
225000151,26,112,-86
225000155,214,201,13
225000156,124,608,-484
225000157,203,222,-19
225000158,49,146,-97
225000171,2,108,-106
225000180,17,0,17
225000181,0,34,-34
225000182,76,11,65
225000185,6,312,-306
225000187,45,294,-249
225000191,44,0,44
225000194,0,4,-4
225000208,0,44,-44
225000209,88,9,79
225000210,4,182,-178
225000217,0,15,-15
225000218,16,1,15
225000223,0,21,-21
225000224,39,0,39
225000225,1,19,-18
225000226,25,0,25
225000227,47,41,6
225000228,10,9,1
225000229,0,68,-68
225000230,132,2,130
225000231,0,37,-37
225000232,161,0,161
225000241,74,1,73
225000242,0,14,-14
225000249,1,1,0
225000250,35,383,-348
225000251,282,17,265
225000254,0,6,-6
225000256,1,50,-49
225000257,1,17,-16
226000042,224,209,15
226000043,60,187,-127
226000044,94,238,-144
226000045,58,185,-127
226000046,399,66,333
226000047,343,83,260
226000048,373,68,305
226000049,282,126,156
226000070,0,35,-35
226000071,0,33,-33
226000072,0,9,-9
226000073,0,5,-5
226000074,0,5,-5
226000084,3,35,-32
226000085,2,5,-3
226000086,0,10,-10
226000087,4,8,-4
226000088,35,59,-24
226000090,239,79,160
226000091,13,39,-26
226000092,15,18,-3
226000093,15,0,15
226000094,7,0,7
226000095,5,3,2
226000105,16,1,15
226000106,9,1,8
226000107,5,1,4
226000108,14,0,14
226000109,78,0,78
226000124,166,31,135
226000134,780,387,393
226000135,1541,502,1039
226000136,648,397,251
226000137,9,204,-195
226000138,8,133,-125
226000139,1,42,-41
226000156,172,1,171
226000157,215,18,197
226000163,141,179,-38
226000202,4,191,-187
226000231,208,10,198
226000232,33,8,25
227000033,390,96,294
227000036,528,37,491
227000037,501,30,471
227000038,164,26,138
227000084,2,68,-66
227000085,0,41,-41
227000088,44,2,42
227000089,93,3,90
227000090,42,1,41
227000091,23,0,23
227000092,35,0,35
227000093,131,1,130
227000094,9,0,9
227000130,27,62,-35
227000131,11,113,-102
227000132,8,116,-108
227000133,19,94,-75
227000134,22,144,-122
227000152,0,5,-5
227000153,0,45,-45
227000154,0,19,-19
227000155,1,8,-7
227000156,1,11,-10
227000165,2,47,-45
227000196,547,180,367
227000199,393,267,126
227000230,7,212,-205
227000232,613,20,593
227000242,54,204,-150
227000243,526,91,435
227000245,10,209,-199
227000246,76,211,-135
227000247,562,62,500
227000248,123,31,92
227000249,19,45,-26
227000250,280,135,145
227000251,43,77,-34
227000252,27,153,-126
227000253,186,10,176
227000262,446,53,393
227000266,1301,16,1285
227000267,34,755,-721
227000282,2,84,-82
227000284,529,16,513
227000286,3,39,-36
227000291,9,264,-255
227000296,95,317,-222
227000484,155,7,148
227000485,12,537,-525
227000655,220,15,205
227000656,549,28,521
227000657,68,6,62
227000704,38,1,37
229000265,15,8,7
229000266,2,3,-1
229000267,9,0,9
229000268,21,0,21
229000269,49,0,49
229000274,3,29,-26
229000275,0,15,-15
229000276,0,18,-18
229000277,0,5,-5
229000278,0,6,-6
229000295,12,17,-5
229000296,22,8,14
229000297,9,28,-19
229000298,9,135,-126
229000320,24,10,14
229000321,28,12,16
229000412,44,38,6
229000414,22,43,-21
229000415,21,6,15
229000416,2,4,-2
229000417,5,9,-4
229000419,87,268,-181
229000440,359,60,299
229000442,19,16,3
229000443,7,1,6
229000444,4,22,-18
229000445,83,5,78
229000446,118,17,101
229000491,4,10,-6
229000492,18,66,-48
229000493,3,43,-40
229000494,44,2,42
229000495,132,10,122
229000496,79,3,76
229000507,2,85,-83
229000508,0,33,-33
229000509,0,49,-49
229000510,4,10,-6
229000511,4,45,-41
229000512,0,22,-22
229000513,0,5,-5
229000514,0,4,-4
229000517,3,5,-2
229000518,23,6,17
229000519,1,5,-4
229000520,16,36,-20
229000521,59,11,48
229000522,30,9,21
229000523,9,0,9
229000524,7,1,6
229000527,4,1,3
229000528,1,0,1
229000529,7,1,6
229000530,113,6,107
229000531,33,3,30
229000532,30,4,26
229000533,100,1,99
229000534,75,1,74
229000564,83,1,82
229000565,25,0,25
229000566,0,7,-7
229000567,0,27,-27
229000582,105,4,101
229000583,7,3,4
229000584,0,18,-18
229000585,1,57,-56
229000718,0,1,-1
229000719,0,1,-1
229000720,0,4,-4
229000721,0,4,-4
229000722,0,10,-10
229000723,0,7,-7
229000724,0,2,-2
229000725,0,3,-3
229000738,0,0,0
229000739,1,0,1
229000740,4,0,4
229000741,30,0,30
229000742,10,0,10
229000743,17,0,17
229000744,2,0,2
229000745,1,0,1
229000746,10,0,10
229000847,51,0,51
229000848,28,1,27
229000849,162,1,161
229000851,80,0,80
229000854,0,11,-11
229000856,2,53,-51
229000857,1,13,-12
229000858,0,19,-19
229000919,17,49,-32
229000930,2,210,-208
229000937,70,16,54
229000966,33,25,8
229000981,17,8,9
229000985,27,18,9
229000986,1,8,-7
229000987,1,4,-3
229000988,3,6,-3
229000989,19,7,12
229000990,3,1,2
229000991,0,2,-2
229000992,11,14,-3
229000993,144,18,126
229000998,19,54,-35
229000999,73,12,61
229001034,2,21,-19
229001035,4,1,3
229001036,1,34,-33
229001037,37,2,35
229001038,0,7,-7
229001039,0,0,0
229001040,0,71,-71
229001041,43,0,43
229001042,28,10,18
229001047,20,43,-23
229001050,32,17,15
229001168,0,12,-12
229001200,22,3,19
229001338,4,12,-8
229001394,179,3,176
229001422,108,24,84
229001423,26,109,-83
229001431,51,65,-14
229001432,38,70,-32
229001444,226,84,142
229001445,31,126,-95
229001479,25,4,21
229001503,221,73,148
229001504,123,72,51
229001505,89,22,67
229001506,78,81,-3
229001509,39,8,31
229001510,4,41,-37
229001545,114,4,110
229001546,13,72,-59
229001553,90,24,66
229001554,50,53,-3
229001630,57,14,43
229001631,16,24,-8
229001635,0,9,-9
229001636,12,0,12
229001658,2,78,-76
229001659,75,2,73
229001660,52,3,49
229001661,22,29,-7
229001662,11,2,9
229001663,0,15,-15
229002584,213,192,21
229002831,156,149,7
229002841,5,11,-6
229002842,14,18,-4
229002843,66,12,54
229002844,49,52,-3
229002845,19,81,-62
229002846,28,16,12
229002847,4,7,-3
229002848,11,9,2
229002849,2,88,-86
229002850,16,0,16
229002851,47,206,-159
229002852,271,21,250
229002853,167,21,146
229002854,42,56,-14
229002855,5,33,-28
229002856,52,6,46
229002857,12,193,-181
229002858,16,3,13
229002859,34,214,-180
229002860,379,26,353
229002861,72,27,45
229002862,15,32,-17
229002863,33,7,26
229002864,36,27,9
229002865,11,12,-1
229002866,21,16,5
229002867,2,12,-10
229002868,4,10,-6
229002869,13,104,-91
229002870,72,11,61
235000066,82,11,71
235000067,256,67,189
235000072,61,183,-122
235000073,29,76,-47
235000074,12,13,-1
235000080,10,74,-64
235000081,92,96,-4
235000082,192,30,162
235000083,364,55,309
235000084,70,26,44
235000085,250,49,201
235000089,4,7,-3
235000092,10,22,-12
235000093,13,4,9
235000097,5,6,-1
235000098,81,17,64
235000099,14,4,10
235000115,52,69,-17
235000116,42,18,24
235000117,494,20,474
235000133,13,474,-461
235000134,21,122,-101
235000206,15,6,9
235000207,0,1,-1
235000208,0,0,0
235000209,4,0,4
235000210,3,0,3
235000212,5,6,-1
235000213,0,1,-1
235000220,0,8,-8
235000221,51,20,31
235000238,14,121,-107
235000239,0,30,-30
235000242,315,845,-530
235000245,553,124,429
235000246,5,59,-54
235000284,4,109,-105
235000295,96,13,83
235000305,200,19,181
235000306,303,6,297
235000307,10,3,7
235000308,20,0,20
235000309,58,0,58
235000310,40,0,40
235000311,67,21,46
235000322,0,39,-39
235000323,5,45,-40
235000324,3,12,-9
235000325,1,13,-12
235000326,8,97,-89
235000351,9,55,-46
235000352,9,34,-25
235000353,1,29,-28
235000354,10,28,-18
235000355,10,87,-77
235000356,58,1,57
235000357,28,9,19
235000358,66,4,62
235000359,7,3,4
235000360,48,6,42
235000361,37,14,23
235000381,50,82,-32
235000382,255,24,231
235000390,10,2,8
235000391,205,12,193
235000392,204,318,-114
235000393,193,180,13
235000395,144,38,106
235000396,602,69,533
235000399,155,42,113
235000400,122,44,78
235000401,27,115,-88
235000402,17,65,-48
235000405,81,198,-117
235000406,42,207,-165
235000407,57,69,-12
235000409,134,53,81
235000410,8,41,-33
235000411,1,38,-37
235000485,0,8,-8
235000486,6,0,6
235000549,110,104,6
235000550,92,113,-21
235000599,114,26,88
235000600,18,13,5
235000601,19,13,6
235000602,94,32,62
235000614,0,6,-6
235000648,0,13,-13
235000649,35,6,29
235000685,0,1,-1
235000815,30,78,-48
235000834,0,13,-13
235000855,61,66,-5
235000862,63,87,-24
235000891,0,17,-17
235000892,25,3,22
235000901,53,48,5
235000907,5,12,-7
235001010,97,60,37
235001029,114,63,51
235001030,363,287,76
235001078,105,119,-14
235001079,61,87,-26
235001147,5,39,-34
235001166,12,47,-35
235001167,57,13,44
235001169,72,258,-186
235001188,0,2,-2
235001189,4,2,2
235001197,3,9,-6
235001200,53,32,21
235001208,13,15,-2
235001209,15,14,1
235001210,6,25,-19
235001239,1,28,-27
235001244,1,0,1
235016267,1,46,-45
235900013,0,1,-1
235900014,2,2,0
241900007,63,5,58
277101746,0,2,-2
277102712,5,0,5
277103813,0,0,0
277103814,0,0,0
277103898,0,2,-2
990010990,23,109,-86
990011530,0,177,-177
990014944,1,337,-336
990015176,33,0,33
990015618,0,78,-78
990015888,17,48,-31
990016032,0,240,-240
990032570,2,320,-318
990070001,100,45,55
990070103,0,1,-1
990070601,0,44,-44
990070751,1113,6,1107
990070766,0,299,-299
990071180,454,139,315
990071343,31,3,28
990071387,0,15,-15
990071823,504,4,500
990072600,4,1012,-1008
990072964,2,299,-297
990073285,0,2,-2
990074393,2,556,-554
990074714,15,11,4
990074870,1496,9,1487
990075106,1361,8,1353
990075746,497,4,493
990076437,1690,7,1683
990076458,0,401,-401
997000007,479,25,454
997000041,0,205,-205
997000058,46,0,46
997000062,21,1,20
997000069,0,4,-4
997000070,0,31,-31
997000100,50,0,50
997000141,8,1902,-1894
997000198,8,769,-761
998000475,3,51,-48
998000736,1,186,-185
998000965,0,10,-10
998001031,0,45,-45
998001072,315,194,121
998001091,4,0,4
998001093,0,0,0
998001103,0,4,-4
998001105,6,10,-4
998001700,0,1,-1
998001899,0,1,-1
998001900,7,1,6
998003073,1002,7,995
998003124,26,8,18
998003125,19,62,-43
998101900,0,0,0
998102850,8,319,-311
998501819,1,0,1
998501820,0,5,-5
998501832,57,45,12
998501927,932,736,196
998501929,61,3,58
998501930,57,13,44
998501931,117,14,103
998501932,4,0,4
998501933,51,1,50
998501937,0,2,-2
998501944,37,29,8
998501950,0,0,0
998501970,90,4,86
998501971,0,70,-70
998501972,323,9,314
998501973,0,36,-36
998501974,0,125,-125
998501975,67,5,62
998501976,123,64,59
998501977,0,40,-40
998501978,12,1,11
998501979,0,10,-10
998501980,100,0,100
998501981,47,1,46
998501982,0,112,-112
998502006,0,0,0
998502024,0,12,-12
998502032,0,4,-4
998502062,16,1,15
998502063,0,0,0
998502173,0,0,0
998502269,0,1,-1
998601159,7,112,-105
998601292,0,10,-10
999033574,0,83,-83
999800001,56,3,53
999800002,0,9,-9
999800003,4,0,4
999800004,0,6,-6
999800005,0,9,-9
