ID,insum,outsum,diff
100000001,676,1068,-392
100000002,3608,957,2651
100000003,7364,3490,3874
100000004,1776,1035,741
100000005,1971,4643,-2672
100000006,787,132,655
100000007,2117,643,1474
100000008,315,814,-499
100000009,472,252,220
100000010,47,65,-18
100000011,657,64,593
100000012,102,1047,-945
100000013,53,251,-198
100000014,428,405,23
100000015,1680,1715,-35
100000016,1362,2134,-772
100000017,1113,1410,-297
100000018,1850,688,1162
100000019,6446,2447,3999
100000020,2198,6126,-3928
100000021,9272,3579,5693
100000022,2303,1396,907
100000023,8586,1660,6926
100000025,3982,786,3196
100000028,2286,1230,1056
100000029,318,324,-6
100000030,735,91,644
100000031,7358,8829,-1471
100000032,3013,4184,-1171
100000033,951,2644,-1693
100000034,1031,396,635
100000035,2185,1106,1079
100000036,3650,1246,2404
100000037,543,589,-46
100000038,1626,1162,464
100000039,1147,263,884
100000040,236,152,84
100000041,993,478,515
100000042,769,462,307
100000043,915,351,564
100000044,451,951,-500
100000045,669,2138,-1469
100000046,1118,2066,-948
100000047,715,1237,-522
100000048,1399,936,463
100000049,2461,3546,-1085
100000051,627,1545,-918
100000053,52,6,46
100000054,214,28,186
100000055,864,281,583
100000056,322,774,-452
100000057,2052,1050,1002
100000058,1197,1750,-553
100000059,3,186,-183
100000060,329,446,-117
100000061,2081,709,1372
100000062,1535,629,906
100000063,501,386,115
100000064,1305,485,820
100000065,402,1638,-1236
100000066,272,1374,-1102
100000067,511,1343,-832
100000068,665,2549,-1884
100000069,378,2497,-2119
100000072,513,1865,-1352
100000073,1699,1967,-268
100000075,737,410,327
100000076,3013,2363,650
100000077,1016,202,814
100000078,109,41,68
100000079,58,72,-14
100000080,37,20,17
100000081,90,85,5
100000102,5384,1530,3854
100000103,4945,1303,3642
100000104,6237,2096,4141
100000105,4661,1264,3397
100000106,3699,2139,1560
100000107,1073,630,443
100000108,1371,1342,29
100000109,5760,1586,4174
100000116,2130,1045,1085
100000117,105,51,54
100000118,1870,1173,697
100000119,1085,777,308
100000121,352,855,-503
100000122,2204,1226,978
100000123,4369,6582,-2213
100000124,7521,9511,-1990
100000125,3716,1375,2341
100000126,949,369,580
100000127,2424,338,2086
100000128,1709,2180,-471
100000129,829,488,341
100000130,432,749,-317
100000131,3966,4424,-458
100000132,1631,3352,-1721
100000133,9060,4127,4933
100000135,555,1091,-536
100000139,381,345,36
100000140,399,291,108
100000142,444,583,-139
100000143,942,774,168
100000144,6555,1083,5472
100000147,1236,2687,-1451
100000150,36,644,-608
100000151,1095,720,375
100000153,641,366,275
100000154,207,134,73
100000155,17,55,-38
100000156,131,82,49
100000157,40,266,-226
100000158,126,159,-33
100000159,718,596,122
100000165,1597,874,723
100000169,1153,509,644
100000174,2607,731,1876
100000179,82,764,-682
100000180,6173,2562,3611
100000181,131,482,-351
100000188,158,727,-569
100000189,1629,451,1178
100000190,751,542,209
100000191,774,530,244
100000192,88,132,-44
100000193,186,168,18
100000330,2413,946,1467
100000355,178,892,-714
100000362,6529,4572,1957
100000363,2657,4404,-1747
100000364,773,218,555
100000365,4523,10215,-5692
100000366,6804,3084,3720
100000367,4652,5283,-631
100000368,2433,2178,255
100000369,1553,1890,-337
100000370,255,471,-216
100000376,107,143,-36
100000379,4011,1837,2174
100000380,5106,2778,2328
100000384,7415,4005,3410
100000385,7617,4651,2966
100000386,10803,4974,5829
100000387,9490,5360,4130
100000388,10835,7624,3211
100000389,11361,6747,4614
100000390,12227,5077,7150
100000391,9034,6988,2046
100000392,6383,2580,3803
100000393,3105,2678,427
100000394,11139,5662,5477
100000395,5909,2020,3889
100000396,7747,2501,5246
100000397,4534,2593,1941
100000398,14324,9801,4523
100900002,13,71,-58
100900003,272,132,140
100900004,45,1288,-1243
100900005,102,20,82
100900006,13,341,-328
100900007,823,10,813
100900008,6,578,-572
100900009,38,52,-14
100900010,127,239,-112
100900011,95,487,-392
100900012,1,312,-311
100900013,1511,12,1499
100900014,5,21,-16
100900015,169,190,-21
100900016,0,57,-57
100900017,1214,113,1101
100900018,0,25,-25
100900019,46,214,-168
100900020,440,3,437
100900021,413,3,410
100900022,8,37,-29
100900023,2,41,-39
100900024,1141,7,1134
100900025,12,25,-13
100900026,110,222,-112
100900027,660,3340,-2680
100900028,97,264,-167
100900029,120,19,101
100900030,8,39,-31
100900031,405,126,279
100900032,268,1,267
100900033,319,235,84
100900034,429,1,428
100900035,882,1,881
100900036,40,1,39
100900037,81,424,-343
100900038,113,35,78
100900039,588,922,-334
100900040,324,1209,-885
100900041,433,1382,-949
100900042,805,362,443
100900043,2,15,-13
100900044,4100,534,3566
100900045,63,2,61
100900046,1404,14,1390
100900047,1026,247,779
100900048,175,24,151
100900049,83,313,-230
100900050,3,28,-25
100900051,115,96,19
100900052,366,53,313
100900053,340,22,318
100900054,5,124,-119
100900055,309,522,-213
100900056,98,283,-185
100900057,1049,1155,-106
100900058,256,35,221
100900059,111,3,108
100900060,120,11,109
100900061,409,446,-37
100900062,3,83,-80
100900063,178,569,-391
100900064,788,17,771
100900065,104,91,13
100900066,66,81,-15
100900067,3,10,-7
100900068,209,220,-11
100900069,640,19,621
100900070,260,14,246
100900071,982,523,459
100900072,1,79,-78
100900073,84,891,-807
100900074,1,17,-16
100900075,3348,554,2794
100900076,51,91,-40
100900077,24,222,-198
100900078,73,401,-328
100900079,6,31,-25
100900080,24,248,-224
100900081,37,173,-136
100900082,63,1003,-940
100900083,1,40,-39
100900085,2,108,-106
100900086,159,1012,-853
100900088,74,1098,-1024
100900089,7,36,-29
100900090,132,591,-459
100900091,3,39,-36
100900092,275,207,68
100900093,286,571,-285
100900094,113,1146,-1033
100900095,2,43,-41
100900096,96,129,-33
100900097,2,3,-1
100900098,17,19,-2
100900099,47,977,-930
100900100,10,446,-436
100900101,546,59,487
100900102,140,83,57
100900103,9,17,-8
100900104,19,263,-244
100900105,23,224,-201
100900106,97,5,92
100900107,2832,741,2091
100900108,6,41,-35
100900109,18,16,2
100900110,12,59,-47
100900111,51,278,-227
100900112,1,12,-11
100900113,8,21,-13
100900114,4,13,-9
100900115,0,50,-50
100900116,885,866,19
100900117,286,1083,-797
100900118,122,161,-39
100900119,9,45,-36
100900120,0,15,-15
100900121,320,641,-321
100900122,159,243,-84
100900123,68,156,-88
100900124,4,3,1
100900125,33,125,-92
100900126,128,327,-199
100900127,3,10,-7
100900128,120,212,-92
100900129,1,156,-155
100900131,95,248,-153
100900133,61,63,-2
100900134,0,2,-2
100900135,1,207,-206
100900137,509,222,287
100900138,544,427,117
100900139,11,8,3
100900140,13,1142,-1129
100900141,1,522,-521
100900142,5,19,-14
100900143,984,439,545
100900144,9,8,1
100900145,81,167,-86
100900146,4,49,-45
100900147,21,379,-358
100900148,37,1530,-1493
100900149,15,125,-110
100900150,9,30,-21
100900151,185,871,-686
100900152,196,2,194
100900153,8,219,-211
100900154,5,33,-28
100900155,6,15,-9
100900156,46,7,39
100900157,15,140,-125
100900158,1391,467,924
100900159,0,34,-34
100900160,10,14,-4
100900161,162,1,161
100900162,25,297,-272
100900163,182,314,-132
100900164,35,42,-7
100900165,50,44,6
100900166,51,5,46
100900167,28,157,-129
100900168,52,187,-135
100900169,244,1473,-1229
100900170,41,23,18
100900171,31,973,-942
100900172,0,8,-8
100900173,9,957,-948
100900174,427,47,380
100900176,1896,190,1706
100900177,1291,514,777
100900178,555,241,314
100900179,109,108,1
100900180,1,4,-3
100900181,124,69,55
100900182,51,26,25
100900184,14,249,-235
100900186,1398,798,600
100900187,26,251,-225
100900188,79,36,43
100900189,1432,218,1214
100900191,1845,975,870
100900192,412,257,155
100900195,142,163,-21
100900197,33,217,-184
100900198,39,610,-571
100900199,42,34,8
100900200,760,550,210
100900201,120,1558,-1438
100900202,10,1,9
100900203,0,112,-112
100900204,782,816,-34
100900205,178,602,-424
100900206,153,108,45
100900207,210,117,93
100900210,128,1198,-1070
100900211,398,176,222
100900213,90,36,54
100900214,1385,106,1279
100900215,13,47,-34
101000001,5739,2167,3572
101000002,5047,5787,-740
101000003,1286,2946,-1660
101000004,13284,10098,3186
101000005,6935,6357,578
101000006,11084,9478,1606
101000007,3528,3546,-18
101000008,6071,3747,2324
101000009,2236,2964,-728
101000010,1086,2318,-1232
101000011,3475,1121,2354
101000012,2835,812,2023
101000013,696,1260,-564
101000014,856,1164,-308
101000015,966,940,26
101000016,790,481,309
101000017,835,828,7
101000018,5648,3504,2144
101000020,5552,1697,3855
101000021,2245,422,1823
101000022,744,123,621
101000023,2437,868,1569
101000025,260,525,-265
101000026,513,38,475
101000027,3200,1879,1321
101000028,356,102,254
101000029,160,1170,-1010
101000030,1771,85,1686
101000031,839,718,121
101000032,9092,2889,6203
101000033,3415,2703,712
101000034,3780,1423,2357
101000035,1738,621,1117
101000036,2418,512,1906
101000037,5832,1573,4259
101000039,4381,2149,2232
101000040,6176,4299,1877
101000041,19903,6286,13617
101000042,1515,1057,458
101000043,13239,5962,7277
101000045,2457,680,1777
101000046,3430,830,2600
101000047,1894,1963,-69
101000048,1486,1365,121
101000049,1183,1472,-289
101000050,4114,3710,404
101000051,4018,2249,1769
101000052,2120,882,1238
101000053,1631,1987,-356
101000054,3091,2050,1041
101000055,2240,1658,582
101000056,98,95,3
101000057,3463,909,2554
101000058,2755,1313,1442
101000059,5430,2006,3424
101000060,2501,439,2062
101000061,1506,1135,371
101000062,1383,635,748
101000063,789,586,203
101000064,1709,543,1166
101000065,322,348,-26
101000066,728,302,426
101000067,1475,652,823
101000068,564,356,208
101000069,633,89,544
101000070,2126,1417,709
101000071,2901,1121,1780
101000072,1544,5000,-3456
101000073,900,801,99
101000074,6453,5600,853
101000075,7993,5303,2690
101000077,1335,2428,-1093
101000078,1438,2757,-1319
101000079,506,1089,-583
101000080,685,699,-14
101000081,1452,1917,-465
101000082,4713,3859,854
101000083,2360,2220,140
101000084,1819,1390,429
101000085,1832,1447,385
101000086,1580,1727,-147
101000087,1301,2004,-703
101000088,1240,1524,-284
101000089,1122,1776,-654
101000090,3179,2143,1036
101000091,543,2551,-2008
101000092,849,1475,-626
101000093,2048,1176,872
101000094,1062,2036,-974
101000095,310,1288,-978
101000096,368,897,-529
101000097,1036,417,619
101000098,917,650,267
101000099,1602,1792,-190
101000100,1697,961,736
101000101,631,554,77
101000102,1754,372,1382
101000103,1444,614,830
101000104,621,616,5
101000105,1193,410,783
101000106,1344,1042,302
101000107,201,483,-282
101000108,2292,528,1764
101000109,282,112,170
101000110,39,1167,-1128
101000111,213,306,-93
101000113,237,894,-657
101000114,5840,2523,3317
101000115,236,215,21
101000116,221,322,-101
101000117,1483,548,935
101000119,195,67,128
101000120,271,56,215
101000121,128,23,105
101000122,136,51,85
101000123,74,91,-17
101000124,237,279,-42
101000125,203,698,-495
101000128,1533,449,1084
101000130,374,540,-166
101000131,722,932,-210
101000132,604,2625,-2021
101000135,98,37,61
101000136,422,142,280
101000137,37,352,-315
101000141,3077,2738,339
101000147,821,595,226
101000148,2566,44,2522
101000149,292,149,143
101000150,90,1723,-1633
101000151,128,103,25
101000152,478,460,18
101000153,643,763,-120
101000154,184,3052,-2868
101000155,197,267,-70
101000156,19,295,-276
101000157,69,57,12
101000160,105,40,65
101000163,228,118,110
101000164,604,560,44
101000165,316,421,-105
101000166,360,585,-225
101000168,860,448,412
101000252,1700,1239,461
101000254,667,63,604
101000258,46,12,34
101000261,79,344,-265
101000262,1151,1224,-73
101000263,515,1324,-809
101000265,96,712,-616
101000266,494,417,77
101000269,224,15,209
101000290,2538,3674,-1136
101000293,53,120,-67
101000294,627,678,-51
101000295,157,703,-546
101000301,1001,426,575
101000304,2622,2959,-337
101000305,2981,2203,778
101900001,36,119,-83
101900002,0,13,-13
101900003,89,123,-34
101900004,6,52,-46
101900005,9212,2172,7040
101900006,1195,63,1132
101900007,667,75,592
101900008,236,347,-111
101900009,92,647,-555
101900010,1333,839,494
101900011,539,1806,-1267
101900012,205,575,-370
101900013,2009,211,1798
101900017,25,142,-117
101900018,2670,291,2379
101900019,486,197,289
101900020,465,198,267
101900021,1,109,-108
101900022,187,2497,-2310
101900023,133,379,-246
102000001,3683,5007,-1324
102000002,3932,1678,2254
102000003,4425,6812,-2387
102000004,10490,3817,6673
102000005,2086,2887,-801
102000006,2214,2479,-265
102000007,1837,5827,-3990
102000008,7721,2847,4874
102000009,6665,9539,-2874
102000010,7138,5664,1474
102000011,3198,2812,386
102000012,4789,4966,-177
102000018,5374,3663,1711
102000019,4020,2631,1389
102000026,373,1160,-787
102000029,521,313,208
102000030,106,500,-394
102000031,59,300,-241
102000032,389,569,-180
102000033,235,636,-401
102000034,777,961,-184
102000035,1480,883,597
102000036,9,481,-472
102000037,220,180,40
102000038,562,173,389
102000039,492,82,410
102000040,1041,187,854
102000041,361,357,4
102000042,393,191,202
102000043,668,351,317
102000044,738,814,-76
102000045,906,1828,-922
102000046,1350,883,467
102000047,929,1925,-996
102000048,359,1121,-762
102000049,1652,1033,619
102000050,1755,1728,27
102000051,670,874,-204
102000052,2350,1425,925
102000053,1335,1302,33
102000054,477,1093,-616
102000055,944,1649,-705
102000056,882,2428,-1546
102000057,1532,962,570
102000058,1508,3397,-1889
102000059,1409,2540,-1131
102000060,1382,1486,-104
102000061,1463,3651,-2188
102000062,1308,1806,-498
102000063,1626,2077,-451
102000064,616,837,-221
102000065,53,206,-153
102000066,1130,2291,-1161
102000067,3448,4424,-976
102000068,14583,4413,10170
102000069,79,2753,-2674
102000070,2324,96,2228
102000071,9827,12501,-2674
102000072,4164,8312,-4148
102000073,1890,1694,196
102000074,1157,1510,-353
102000075,287,464,-177
102000076,299,976,-677
102000077,478,1934,-1456
102000078,846,1418,-572
102000079,285,565,-280
102000080,325,419,-94
102000081,358,1158,-800
102000082,876,504,372
102000083,507,693,-186
102000084,122,512,-390
102000085,2144,1686,458
102000086,1301,2084,-783
102000087,1086,2322,-1236
102000088,241,415,-174
102000089,1224,751,473
102000090,519,1526,-1007
102000091,1811,658,1153
102000092,501,1369,-868
102000093,729,871,-142
102000094,1305,891,414
102000095,1342,2046,-704
102000096,1337,1260,77
102000097,1668,1884,-216
102000098,747,1632,-885
102000099,1570,847,723
102000100,1153,1528,-375
102000101,1956,793,1163
102000102,438,3764,-3326
102000103,1793,638,1155
102000104,1563,501,1062
102000105,310,1292,-982
102000106,765,1376,-611
102000107,905,951,-46
102000108,540,495,45
102000109,454,984,-530
102000110,775,2658,-1883
102000111,17,576,-559
102000112,147,119,28
102000113,4,43,-39
102000114,1747,612,1135
102000115,219,281,-62
102000116,929,346,583
102000117,396,818,-422
102000118,2858,1120,1738
102000119,3488,975,2513
102000120,248,823,-575
102000121,1020,839,181
102000122,539,1230,-691
102000123,2052,1521,531
102000124,2152,1330,822
102000125,1073,1305,-232
102000126,963,983,-20
102000127,1211,1016,195
102000128,728,1732,-1004
102000129,1291,1274,17
102000130,469,1427,-958
102000131,1890,1593,297
102000132,611,2167,-1556
102000133,1592,3023,-1431
102000134,574,1237,-663
102000135,1394,1421,-27
102000136,1829,977,852
102000137,1523,1238,285
102000138,421,575,-154
102000139,189,483,-294
102000140,581,381,200
102000141,706,786,-80
102000142,258,551,-293
102000143,125,738,-613
102000144,203,622,-419
102000145,325,677,-352
102000146,418,546,-128
102000147,426,467,-41
102000148,223,366,-143
102000149,202,1037,-835
102000150,227,487,-260
102000151,195,614,-419
102000152,126,299,-173
102000153,1178,446,732
102000154,639,917,-278
102000155,150,399,-249
102000156,641,115,526
102000157,279,268,11
102000158,604,349,255
102000159,2730,500,2230
102000161,6395,2596,3799
102000162,247,174,73
102000163,79,607,-528
102000164,1396,1206,190
102000165,292,162,130
102000166,42,164,-122
102000167,168,245,-77
102000168,201,126,75
102000169,137,669,-532
102000170,983,162,821
102000171,213,110,103
102000172,146,349,-203
102000173,540,279,261
102000174,39,104,-65
102000175,188,270,-82
102000176,46,35,11
102000178,271,882,-611
102000179,328,322,6
102000180,708,969,-261
102000181,528,1027,-499
102000182,522,994,-472
102000183,1737,3034,-1297
102000184,1657,1425,232
102000185,2147,2617,-470
102000186,903,3066,-2163
102000187,800,2743,-1943
102000188,1006,2248,-1242
102000189,4542,1574,2968
102000190,940,3545,-2605
102000191,1627,806,821
102000192,1019,1397,-378
102000193,57,258,-201
102000194,134,210,-76
102000195,584,975,-391
102000196,213,1038,-825
102000197,523,955,-432
102000198,201,1658,-1457
102000199,675,639,36
102000200,331,2356,-2025
102000201,723,817,-94
102000202,2,213,-211
102000203,369,538,-169
102000204,401,1467,-1066
102000205,1127,986,141
102000206,961,1291,-330
102000207,1306,629,677
102000208,503,975,-472
102000209,54,90,-36
102000210,400,840,-440
102000211,659,890,-231
102000212,204,23,181
102000213,1,679,-678
102000214,171,31,140
102000215,5,1070,-1065
102000216,28,56,-28
102000217,15,376,-361
102000218,243,126,117
102000219,699,644,55
102000225,767,1100,-333
102000226,9283,1627,7656
102000227,236,0,236
102000228,1,186,-185
102000229,9,50,-41
102000230,376,1030,-654
102000231,410,650,-240
102000232,17,317,-300
102000233,533,1238,-705
102000234,132,1758,-1626
102000236,436,142,294
102000237,995,254,741
102000238,188,607,-419
102000240,773,704,69
102000241,275,190,85
102000243,19,76,-57
102000245,18,71,-53
102000246,13,43,-30
102000247,351,1149,-798
102000248,176,477,-301
102000249,154,310,-156
102000250,85,739,-654
102000254,69,603,-534
102000266,72,304,-232
102000271,50,2,48
102000286,737,563,174
102000297,2437,1626,811
102000301,0,0,0
102000303,0,0,0
102000305,0,0,0
102000306,0,0,0
102000307,0,4,-4
102000308,0,0,0
102900001,1547,1738,-191
102900002,423,35,388
102900003,86,440,-354
102900005,303,624,-321
102900006,623,359,264
102900007,461,28,433
102900008,287,190,97
102900009,593,232,361
102900010,805,614,191
102900011,2894,635,2259
102900012,427,91,336
102900013,26,72,-46
102900015,1145,573,572
102900016,66,158,-92
102900017,108,681,-573
102900018,14,177,-163
102900019,573,1037,-464
102900020,106,69,37
102900021,18,167,-149
102900022,613,123,490
102900023,18,88,-70
102900024,22,66,-44
102900025,355,159,196
102900026,1089,1844,-755
102900027,84,100,-16
102900028,143,750,-607
102900029,255,220,35
102900030,486,347,139
102900031,160,256,-96
102900032,73,220,-147
102900033,117,254,-137
102900034,316,196,120
102900035,116,705,-589
102900036,189,832,-643
102900037,228,1142,-914
102900038,427,1044,-617
102900039,38,454,-416
102900040,172,333,-161
102900041,98,303,-205
102900042,205,575,-370
102900043,143,376,-233
102900044,732,3013,-2281
102900045,118,886,-768
102900046,122,434,-312
102900047,70,1182,-1112
102900048,713,1061,-348
102900049,97,599,-502
102900050,322,569,-247
102900051,220,363,-143
102900052,58,32,26
102900053,429,1316,-887
102900054,1637,1244,393
102900055,159,183,-24
102900056,175,708,-533
102900057,2,50,-48
102900058,467,87,380
102900059,16,69,-53
102900060,108,779,-671
102900061,211,757,-546
102900062,210,2047,-1837
102900063,960,630,330
102900064,154,581,-427
102900065,2644,935,1709
102900066,406,111,295
102900068,149,122,27
102900070,274,1118,-844
102900072,21,38,-17
102900073,155,6,149
102900074,365,224,141
102900075,24,52,-28
102900076,441,87,354
102900077,38,34,4
102900078,76,127,-51
102900079,240,11,229
102900080,437,38,399
102900081,80,492,-412
102900082,10,396,-386
102900083,346,12,334
102900084,7,48,-41
102900085,239,97,142
102900086,6,86,-80
102900087,155,222,-67
102900088,70,57,13
102900089,352,227,125
102900090,3,757,-754
102900091,169,3,166
102900092,438,1683,-1245
102900093,376,319,57
102900094,0,83,-83
102900095,134,2,132
102900096,40,17,23
102900097,13,256,-243
103000001,3234,3541,-307
103000002,3296,3187,109
103000003,6597,3934,2663
103000004,1405,985,420
103000005,3193,3196,-3
103000006,699,1959,-1260
103000007,472,1235,-763
103000008,1427,1646,-219
103000009,1227,1442,-215
103000010,169,231,-62
103000011,2311,1634,677
103000012,1632,2038,-406
103000013,8967,2794,6173
103000014,1666,2582,-916
103000015,4156,1144,3012
103000016,710,1549,-839
103000017,255,532,-277
103000018,1865,553,1312
103000019,357,273,84
103000020,2696,2108,588
103000021,1819,1874,-55
103000022,1553,1642,-89
103000023,656,2081,-1425
103000024,174,203,-29
103000025,123,570,-447
103000026,2437,202,2235
103000027,302,583,-281
103000028,829,513,316
103000029,383,311,72
103000030,2869,995,1874
103000031,2124,2372,-248
103000032,2397,2543,-146
103000033,3406,3735,-329
103000034,2362,1378,984
103000035,593,1655,-1062
103000036,548,717,-169
103000037,654,640,14
103000038,713,1535,-822
103000039,291,718,-427
103000040,434,2118,-1684
103000041,2074,4079,-2005
103000042,1056,1203,-147
103000043,484,2030,-1546
103000044,231,391,-160
103000046,355,690,-335
103000047,814,963,-149
103000048,167,318,-151
103000049,121,291,-170
103000050,975,1226,-251
103000051,531,854,-323
103000052,1073,787,286
103000053,222,711,-489
103000054,2847,1994,853
103000055,1974,2821,-847
103000056,767,3578,-2811
103000057,410,427,-17
103000058,631,1442,-811
103000059,385,1208,-823
103000060,825,1355,-530
103000061,360,1317,-957
103000062,1362,1210,152
103000063,821,1144,-323
103000064,164,431,-267
103000065,5,505,-500
103000066,187,7,180
103000069,279,521,-242
103000070,994,1849,-855
103000071,1159,564,595
103000072,177,1631,-1454
103000073,663,215,448
103000074,917,124,793
103000075,161,1648,-1487
103000076,372,363,9
103000077,46,742,-696
103000078,2004,683,1321
103000079,2585,633,1952
103000080,1546,485,1061
103000081,747,1189,-442
103000082,681,433,248
103000083,156,542,-386
103000084,213,15,198
103000085,4,122,-118
103000086,1011,573,438
103000087,221,807,-586
103000088,518,474,44
103000089,342,556,-214
103000090,1807,1331,476
103000091,640,585,55
103000092,364,366,-2
103000093,478,827,-349
103000094,247,164,83
103000095,61,637,-576
103000096,902,216,686
103000097,81,976,-895
103000098,1128,257,871
103000099,412,929,-517
103000100,98,1545,-1447
103000101,868,236,632
103000102,137,1246,-1109
103000103,645,481,164
103000104,47,239,-192
103000105,173,186,-13
103000106,24,127,-103
103000107,371,103,268
103000108,754,815,-61
103000109,565,421,144
103000110,512,575,-63
103000111,833,548,285
103000112,472,256,216
103000113,1192,926,266
103000114,1706,608,1098
103000115,505,867,-362
103000116,697,890,-193
103000117,321,835,-514
103000118,2550,1469,1081
103000119,2966,761,2205
103000120,94,106,-12
103000121,602,1018,-416
103000122,539,338,201
103000125,19,677,-658
103000126,510,6,504
103000127,4,339,-335
103000128,104,7,97
103000129,2,214,-212
103000130,36,35,1
103000131,308,173,135
103000132,90,178,-88
103000133,7,170,-163
103000134,820,1095,-275
103000135,1460,338,1122
103000136,1168,518,650
103000137,1069,771,298
103000138,1200,1083,117
103000139,2,72,-70
103000140,262,35,227
103000141,44,182,-138
103000142,194,118,76
103000143,144,256,-112
103000144,202,146,56
103000145,36,32,4
103000150,79,90,-11
103000152,464,336,128
103000153,327,229,98
103000156,7,706,-699
103000157,358,4,354
103000159,126,146,-20
103000162,140,26,114
103000163,13,26,-13
103000164,47,20,27
103000165,376,648,-272
103000166,232,286,-54
103000167,362,166,196
103000168,102,223,-121
103000169,202,548,-346
103000170,528,775,-247
103000171,46,89,-43
103000172,536,1534,-998
103000173,377,1132,-755
103000174,170,523,-353
103000175,225,741,-516
103000176,1366,469,897
103000177,1196,562,634
103000178,536,458,78
103000179,237,51,186
103000183,129,74,55
103000185,89,158,-69
103000186,97,265,-168
103000187,430,1275,-845
103000188,27,100,-73
103000189,1408,1507,-99
103000191,717,1220,-503
103000292,3901,1380,2521
103000293,1889,1880,9
103000295,144,105,39
103000296,276,2,274
103000297,188,47,141
103000504,59,50,9
103000505,13,6,7
103000506,2,320,-318
103000507,145,3,142
103000508,58,45,13
103000509,297,775,-478
103900001,7,609,-602
103900002,3085,332,2753
103900003,3041,181,2860
103900004,66,1,65
103900005,4,409,-405
103900006,7,1,6
103900007,58,29,29
103900008,54,6,48
103900009,292,444,-152
103900010,147,383,-236
103900011,181,399,-218
103900012,15,42,-27
103900013,40,131,-91
103900014,55,56,-1
103900015,35,38,-3
103900016,365,444,-79
103900017,40,154,-114
103900018,643,264,379
103900019,47,264,-217
103900020,253,538,-285
103900021,1213,53,1160
103900022,1137,685,452
103900023,158,11,147
103900024,196,1342,-1146
103900025,11,89,-78
103900026,99,2,97
103900027,649,513,136
103900028,15,305,-290
103900029,1058,106,952
103900030,379,43,336
103900031,21,7,14
103900032,53,20,33
103900033,114,3,111
103900034,44,537,-493
103900035,102,153,-51
103900036,52,33,19
103900037,70,62,8
103900038,79,186,-107
103900039,26,761,-735
103900040,16,326,-310
103900041,52,72,-20
103900042,56,651,-595
103900043,115,184,-69
103900044,442,234,208
103900045,219,270,-51
103900047,46,34,12
103900048,89,36,53
103900049,289,2365,-2076
103900050,9,130,-121
103900051,0,35,-35
103900052,157,970,-813
103900053,104,1925,-1821
103900054,94,952,-858
103900055,530,327,203
103900056,22,33,-11
103900057,19,413,-394
103900058,224,1292,-1068
103900059,0,5,-5
103900060,29,440,-411
103900061,112,103,9
103900062,323,115,208
103900063,4,0,4
103900064,72,7,65
103900065,1188,695,493
103900066,130,13,117
103900067,119,5,114
103900068,17,0,17
103900069,133,10,123
103900070,198,500,-302
103900071,41,326,-285
103900072,8,451,-443
103900073,39,48,-9
103900074,91,159,-68
103900075,79,108,-29
103900076,470,1210,-740
103900077,125,109,16
103900078,177,153,24
103900079,137,375,-238
103900080,12,30,-18
103900081,130,22,108
103900082,13,221,-208
103900083,2823,808,2015
103900084,66,296,-230
103900085,63,138,-75
103900086,510,494,16
103900087,26,153,-127
103900088,462,421,41
103900089,47,224,-177
103900090,6,389,-383
103900091,1207,379,828
103900092,631,753,-122
103900093,102,642,-540
103900094,7,182,-175
103900095,339,214,125
103900096,30,463,-433
103900097,10,750,-740
103900098,232,109,123
103900099,81,495,-414
103900100,219,514,-295
103900101,99,1534,-1435
103900102,2,64,-62
103900104,5,79,-74
103900105,107,236,-129
103900106,0,26,-26
103900107,186,476,-290
103900108,36,588,-552
103900109,65,177,-112
103900110,275,88,187
103900111,74,1410,-1336
103900112,30,71,-41
103900113,161,281,-120
103900114,678,442,236
103900115,357,183,174
103900116,9198,2400,6798
103900117,277,181,96
103900119,39,72,-33
103900120,25,158,-133
103900122,58,518,-460
103900123,2496,665,1831
103900124,60,32,28
103900125,60,77,-17
103900126,458,972,-514
103900127,170,1574,-1404
103900128,84,314,-230
103900131,25,105,-80
103900133,1152,61,1091
103900134,0,1,-1
103900135,7,10,-3
103900137,1,65,-64
103900138,37,698,-661
103900139,405,1552,-1147
103900140,9,74,-65
103900141,331,100,231
103900142,77,305,-228
103900143,37,9,28
103900144,0,74,-74
103900145,200,570,-370
103900146,267,654,-387
103900147,296,196,100
103900148,182,332,-150
103900149,173,1201,-1028
103900150,12677,3617,9060
103900151,94,291,-197
103900152,308,1059,-751
103900153,11,1,10
103900154,1992,1376,616
103900155,34,392,-358
103900156,28,295,-267
103900157,24,567,-543
103900158,85,440,-355
103900159,71,131,-60
103900160,47,27,20
103900161,113,337,-224
103900162,41,569,-528
103900163,14,638,-624
103900164,205,50,155
103900167,26,170,-144
103900168,98,261,-163
103900169,29,90,-61
103900170,3,198,-195
103900171,1,136,-135
103900172,29,57,-28
103900173,12,29,-17
103900174,132,131,1
103900175,91,73,18
103900176,22,31,-9
103900177,13,60,-47
103900178,51,179,-128
103900179,52,493,-441
103900180,17,261,-244
103900181,69,70,-1
103900182,45,28,17
103900184,1145,98,1047
103900185,730,230,500
103900187,103,87,16
103900188,31,37,-6
103900189,105,16,89
103900190,100,84,16
103900191,58,110,-52
103900192,59,215,-156
103900193,259,290,-31
103900194,130,630,-500
103900195,15,58,-43
103900196,55,26,29
103900197,20,38,-18
103900198,13,83,-70
103900199,107,149,-42
103900200,206,251,-45
103900201,148,250,-102
103900202,10,80,-70
103900203,63,30,33
103900204,4,204,-200
103900207,2,280,-278
103900208,73,1,72
103900209,16,207,-191
103900210,39,27,12
103900211,527,1085,-558
103900212,117,791,-674
103900213,175,301,-126
103900214,469,182,287
103900215,775,285,490
103900216,17,1167,-1150
103900217,618,74,544
103900218,1,549,-548
103900219,202,786,-584
103900233,191,9,182
103900235,77,36,41
103900236,58,5,53
103900242,12,12,0
103900243,12,16,-4
103900244,115,571,-456
103900245,137,437,-300
103900246,96,59,37
103900247,73,145,-72
103900248,16,39,-23
103900249,17,54,-37
103900250,101,29,72
103900251,0,43,-43
103900253,25,116,-91
103900254,4,34,-30
103900255,37,38,-1
103900256,60,28,32
103900257,64,265,-201
103900258,64,10,54
103900259,104,9,95
103900261,17,4,13
103900262,21,3,18
103900263,100,118,-18
103900264,143,36,107
103900265,127,10,117
103900266,1,61,-60
103900267,9,65,-56
104000001,2844,3149,-305
104000002,2322,4737,-2415
104000003,3133,3055,78
104000004,4403,4210,193
104000005,1578,2665,-1087
104000006,3742,4461,-719
104000007,5996,5911,85
104000008,461,602,-141
104000009,173,211,-38
104000010,201,286,-85
104000011,1435,615,820
104000012,225,761,-536
104000013,169,214,-45
104000014,379,1117,-738
104000015,327,268,59
104000016,761,739,22
104000018,722,249,473
104000019,554,178,376
104000020,358,1148,-790
104000021,384,1027,-643
104000022,208,438,-230
104000023,600,551,49
104000024,299,672,-373
104000026,69,482,-413
104000027,513,803,-290
104000028,457,364,93
104000029,667,810,-143
104000030,398,408,-10
104000031,1138,605,533
104000032,276,552,-276
104000033,640,743,-103
104000034,461,569,-108
104000035,761,726,35
104000036,764,1148,-384
104000037,395,476,-81
104000038,392,482,-90
104000039,263,605,-342
104000040,868,722,146
104000041,634,588,46
104000042,294,690,-396
104000043,412,675,-263
104000044,375,1100,-725
104000045,1319,1934,-615
104000046,2230,2521,-291
104000047,1103,1999,-896
104000048,1545,2906,-1361
104000049,471,545,-74
104000050,245,984,-739
104000051,143,1267,-1124
104000052,1398,2424,-1026
104000053,856,987,-131
104000054,610,836,-226
104000055,4742,4269,473
104000056,2323,437,1886
104000057,137,648,-511
104000058,750,1170,-420
104000059,584,1978,-1394
104000060,916,1685,-769
104000061,1487,2198,-711
104000062,291,260,31
104000064,690,486,204
104000065,193,549,-356
104000069,2382,937,1445
104000070,102,461,-359
104000071,193,642,-449
104000072,539,299,240
104000075,122,486,-364
104000076,708,139,569
104000082,2484,3749,-1265
104000083,860,314,546
104000084,134,740,-606
104000085,354,350,4
104000086,190,577,-387
104000087,476,1747,-1271
104000090,837,2632,-1795
104000092,1115,4818,-3703
104000094,1171,3663,-2492
104000095,1967,2053,-86
104000096,1606,742,864
104000097,1767,1822,-55
104000098,1779,2399,-620
104000100,1474,1084,390
104000101,1143,4157,-3014
104000106,137,784,-647
104000107,725,702,23
104000108,515,1013,-498
104000109,357,69,288
104000110,1054,1537,-483
104000111,8940,3168,5772
104000112,3319,954,2365
104000116,10,2232,-2222
104000117,135,1999,-1864
104000118,506,482,24
104000119,533,442,91
104000120,278,2086,-1808
104000121,268,1067,-799
104000122,653,969,-316
104000123,1417,1921,-504
104000124,1790,4666,-2876
104000125,8595,4582,4013
104000126,518,754,-236
104000127,1880,5115,-3235
104000128,1104,651,453
104000129,233,5,228
104000130,7,475,-468
104000131,1634,1035,599
104000132,952,1258,-306
104000133,1253,1481,-228
104000134,1086,2211,-1125
104000135,502,2043,-1541
104000136,1010,4446,-3436
104000137,2063,555,1508
104000138,2140,706,1434
104000139,12176,4612,7564
104000141,1640,2925,-1285
104000142,861,1710,-849
104000143,820,1261,-441
104000144,124,288,-164
104000145,559,295,264
104000146,474,859,-385
104000147,159,559,-400
104000148,348,238,110
104000149,210,588,-378
104000150,1266,819,447
104000151,607,963,-356
104000152,591,1136,-545
104000153,589,752,-163
104000154,1280,1192,88
104000155,491,627,-136
104000157,1560,2821,-1261
104000158,667,552,115
104000159,788,553,235
104000160,2006,2362,-356
104000161,466,322,144
104000162,86,222,-136
104000165,2114,1743,371
104000167,621,1092,-471
104000168,636,8,628
104000169,103,105,-2
104000170,974,596,378
104000248,454,1919,-1465
104000251,105,533,-428
104000272,0,0,0
104000273,0,0,0
104000274,0,0,0
104000275,0,0,0
104000279,1020,644,376
104000290,102,632,-530
104000291,728,1661,-933
104000293,959,1133,-174
104000294,22,0,22
104000295,670,1161,-491
104000296,429,1261,-832
104000297,1124,2354,-1230
104000298,2493,1339,1154
104000299,913,2450,-1537
104900001,168,870,-702
104900002,53,142,-89
104900003,58,612,-554
104900004,117,544,-427
104900005,203,267,-64
104900006,194,127,67
104900007,223,442,-219
104900009,195,781,-586
104900010,44,45,-1
104900011,32,3,29
104900012,187,24,163
104900013,140,16,124
104900014,5937,570,5367
104900015,132,5,127
104900016,183,556,-373
104900017,111,339,-228
104900018,9,368,-359
104900019,487,2131,-1644
104900020,64,449,-385
104900021,3,449,-446
104900022,35,184,-149
104900023,4,239,-235
104900024,24,154,-130
104900025,108,730,-622
104900026,4,242,-238
104900027,444,423,21
104900028,38,164,-126
104900029,62,225,-163
104900030,564,353,211
104900031,159,355,-196
104900032,49,320,-271
104900033,112,375,-263
104900034,315,170,145
104900035,229,195,34
104900036,171,102,69
104900037,151,671,-520
104900038,953,619,334
104900039,1767,322,1445
104900040,248,99,149
104900041,252,352,-100
104900042,145,758,-613
104900043,12,81,-69
104900044,461,336,125
104900045,402,89,313
104900046,154,193,-39
104900047,342,202,140
104900048,251,172,79
104900049,40,24,16
104900050,164,160,4
104900051,285,87,198
104900052,39,0,39
104900053,453,116,337
104900054,181,73,108
104900055,77,0,77
104900056,224,21,203
104900057,49,1,48
104900058,1025,465,560
104900059,43,55,-12
104900060,2,746,-744
104900061,535,1013,-478
104900063,0,318,-318
104900064,1,232,-231
104900065,0,215,-215
104900066,2,441,-439
104900067,7,444,-437
104900068,29,392,-363
104900070,236,451,-215
104900071,6,1363,-1357
104900072,80,412,-332
104900073,75,688,-613
104900074,99,377,-278
104900075,61,205,-144
104900076,138,668,-530
104900077,2565,230,2335
104900078,212,1161,-949
104900079,197,267,-70
104900080,86,864,-778
104900082,19,546,-527
104900085,15,361,-346
104900087,463,5,458
104900089,103,0,103
104900090,765,841,-76
104900091,653,1822,-1169
104900093,347,973,-626
104900097,5786,2032,3754
104900098,103,56,47
104900099,144,667,-523
104900100,1428,445,983
104900102,51,522,-471
104900103,576,223,353
104900104,5825,2119,3706
104900106,115,185,-70
104900107,101,540,-439
104900108,61,598,-537
104900109,113,394,-281
104900110,17,96,-79
104900111,244,257,-13
104900112,288,1683,-1395
104900113,672,887,-215
104900114,327,1335,-1008
104900115,580,1016,-436
104900116,215,424,-209
104900118,31,108,-77
104900119,3,76,-73
104900120,43,90,-47
104900121,2,193,-191
104900122,6,179,-173
104900123,54,10,44
104900124,31,0,31
104900125,662,29,633
104900126,103,91,12
104900127,27,62,-35
104900128,70,164,-94
104900129,5173,1788,3385
105000001,3177,2605,572
105000002,3393,2936,457
105000003,4617,5192,-575
105000004,700,1850,-1150
105000005,948,1921,-973
105000006,1378,2450,-1072
105000007,1598,2003,-405
105000008,1764,3084,-1320
105000009,1661,3797,-2136
105000010,4186,4260,-74
105000011,2656,3240,-584
105000012,5370,4640,730
105000013,847,1318,-471
105000014,1829,2729,-900
105000015,12190,10664,1526
105000016,6155,3080,3075
105000017,2159,1652,507
105000018,2029,1400,629
105000019,2238,1302,936
105000020,305,461,-156
105000021,369,176,193
105000022,226,91,135
105000023,688,292,396
105000028,93,206,-113
105000029,514,1558,-1044
105000030,5389,5658,-269
105000033,1156,3378,-2222
105000034,309,843,-534
105000037,825,1096,-271
105000038,2106,1852,254
105000039,4077,2711,1366
105000040,788,1406,-618
105000041,743,2125,-1382
105000042,3931,1849,2082
105000043,2769,3521,-752
105000044,558,630,-72
105000045,532,1716,-1184
105000046,957,644,313
105000047,663,2021,-1358
105000048,766,350,416
105000049,293,1359,-1066
105000050,624,637,-13
105000051,341,919,-578
105000052,584,1867,-1283
105000053,265,261,4
105000054,347,1760,-1413
105000055,610,875,-265
105000056,1369,4815,-3446
105000057,1327,1767,-440
105000058,1904,2421,-517
105000059,841,920,-79
105000060,910,1246,-336
105000061,555,800,-245
105000062,1433,2130,-697
105000063,550,1323,-773
105000064,1434,1086,348
105000065,578,1894,-1316
105000066,1791,3847,-2056
105000067,1324,894,430
105000068,912,1624,-712
105000069,6459,1496,4963
105000070,1515,1266,249
105000071,604,864,-260
105000072,626,1643,-1017
105000073,1077,983,94
105000074,1172,1344,-172
105000075,816,1208,-392
105000076,2021,1504,517
105000077,2809,1060,1749
105000078,2101,1598,503
105000079,2429,2399,30
105000080,2562,1558,1004
105000081,2302,1151,1151
105000082,1050,745,305
105000083,2211,1525,686
105000084,802,1726,-924
105000085,1685,1462,223
105000086,712,1357,-645
105000087,5098,3085,2013
105000088,1895,1923,-28
105000089,4402,3507,895
105000090,1197,1288,-91
105000091,2095,2516,-421
105000092,1004,1588,-584
105000093,395,263,132
105000094,346,330,16
105000095,82,553,-471
105000096,1601,1024,577
105000097,1739,994,745
105000098,1131,849,282
105000099,1361,1473,-112
105000100,1168,1812,-644
105000101,2188,4007,-1819
105000102,2762,2518,244
105000103,2245,4570,-2325
105000104,2368,1890,478
105000105,1383,3837,-2454
105000106,1854,3285,-1431
105000107,1194,2315,-1121
105000108,1487,4470,-2983
105000109,1933,3298,-1365
105000110,849,1865,-1016
105000111,899,898,1
105000112,1465,1617,-152
105000113,466,893,-427
105000114,8189,1624,6565
105000115,458,1102,-644
105000116,742,680,62
105000117,924,2140,-1216
105000118,405,650,-245
105000119,741,2726,-1985
105000120,1010,1166,-156
105000121,1185,2647,-1462
105000122,320,784,-464
105000123,1682,2754,-1072
105000124,1810,1669,141
105000125,851,3424,-2573
105000126,2600,4295,-1695
105000127,3275,3350,-75
105000128,629,2662,-2033
105000129,1164,520,644
105000130,305,1801,-1496
105000131,1143,715,428
105000132,875,639,236
105000133,468,1936,-1468
105000134,645,893,-248
105000135,411,960,-549
105000136,52,242,-190
105000137,299,409,-110
105000138,59,197,-138
105000139,1430,1746,-316
105000140,179,685,-506
105000141,323,1192,-869
105000142,163,706,-543
105000143,299,1298,-999
105000144,307,1240,-933
105000145,635,829,-194
105000146,878,1140,-262
105000147,616,606,10
105000148,1324,968,356
105000149,2650,3350,-700
105000150,3040,2710,330
105000151,598,568,30
105000152,294,1313,-1019
105000153,803,841,-38
105000154,936,2120,-1184
105000155,395,1203,-808
105000156,1340,1965,-625
105000157,1409,4973,-3564
105000158,2347,1247,1100
105000159,314,2701,-2387
105000160,2053,1008,1045
105000161,1050,3512,-2462
105000162,948,2077,-1129
105000163,3247,2039,1208
105000164,247,554,-307
105000165,3587,5783,-2196
105000166,14205,627,13578
105000167,6341,1907,4434
105000168,364,1716,-1352
105000169,385,664,-279
105000170,148,2068,-1920
105000171,1674,810,864
105000172,107,91,16
105000173,76,56,20
105000174,52,48,4
105000175,113,217,-104
105000176,354,139,215
105000177,276,225,51
105000178,152,1655,-1503
105000179,204,217,-13
105000180,202,199,3
105000181,141,1005,-864
105000182,61,79,-18
105000183,4909,2572,2337
105000184,1336,1308,28
105000185,1690,999,691
105000186,399,1245,-846
105000187,755,297,458
105000188,356,197,159
105000189,238,732,-494
105000190,300,494,-194
105000191,381,460,-79
105000192,136,89,47
105000193,87,256,-169
105000194,220,68,152
105000195,415,1869,-1454
105000196,33,105,-72
105000197,361,1263,-902
105000198,790,528,262
105000199,389,335,54
105000200,165,394,-229
105000201,136,27,109
105000203,7,540,-533
105000204,85,140,-55
105000205,85,376,-291
105000207,856,289,567
105000208,414,736,-322
105000209,248,362,-114
105000212,1294,2957,-1663
105000213,294,220,74
105000214,105,379,-274
105000215,307,453,-146
105000216,158,446,-288
105000217,203,476,-273
105000218,937,1698,-761
105000221,343,554,-211
105000222,201,94,107
105000223,178,296,-118
105000226,89,762,-673
105000227,41,362,-321
105000228,574,1397,-823
105000229,116,295,-179
105000231,255,485,-230
105000233,741,858,-117
105000234,730,2086,-1356
105000235,380,850,-470
105000237,993,99,894
105000243,45,528,-483
105000248,112,93,19
105000262,372,3662,-3290
105000269,163,367,-204
105000270,424,153,271
105000271,0,531,-531
105000282,275,91,184
105000287,391,354,37
105000288,467,867,-400
105000289,2521,1348,1173
105000290,16,3,13
105000402,8574,3085,5489
105000426,478,661,-183
105000438,2432,1074,1358
105000446,25037,7530,17507
105000447,12808,4384,8424
105000454,339,807,-468
105000455,287,321,-34
105000474,14,4,10
105000477,369,671,-302
105000478,2001,3410,-1409
105000479,183,215,-32
105000480,3756,2893,863
105000481,3612,2791,821
105000482,7129,4355,2774
105000483,1844,1882,-38
105000484,3376,3611,-235
105000485,1634,2120,-486
105000486,4503,3244,1259
105000488,6176,5015,1161
105000489,895,1316,-421
105000549,30,263,-233
105000550,680,2275,-1595
105000551,29,177,-148
105000552,5198,2944,2254
105900001,8,1898,-1890
105900002,2844,600,2244
105900003,6,128,-122
105900004,461,181,280
105900005,18,342,-324
105900006,6,82,-76
105900007,183,14,169
105900008,81,1322,-1241
105900009,12,23,-11
105900011,311,67,244
105900012,545,176,369
105900013,2,29,-27
105900014,5,154,-149
105900015,191,608,-417
105900016,361,1257,-896
105900017,1075,107,968
105900018,259,559,-300
105900019,79,597,-518
105900020,43,94,-51
105900021,37,694,-657
105900022,307,667,-360
105900023,6,232,-226
105900024,19,268,-249
105900025,227,81,146
105900026,387,133,254
105900027,9878,7384,2494
105900028,208,267,-59
105900029,3276,504,2772
105900030,257,353,-96
105900031,858,277,581
105900032,117,224,-107
105900033,91,211,-120
105900034,166,399,-233
105900035,265,378,-113
105900036,49,224,-175
105900037,71,95,-24
105900038,219,538,-319
105900039,116,278,-162
105900040,66,142,-76
105900041,276,1051,-775
105900042,62,124,-62
105900043,3684,94,3590
105900044,5,248,-243
105900045,6,1021,-1015
105900046,6,246,-240
105900047,14,45,-31
105900048,98,828,-730
105900050,5606,2901,2705
105900051,13,2339,-2326
105900052,360,161,199
105900053,6752,2423,4329
105900054,389,646,-257
105900056,1249,357,892
105900057,19,243,-224
105900058,18,90,-72
105900059,8,63,-55
106000001,5126,2323,2803
106000002,4010,7508,-3498
106000003,3871,4028,-157
106000004,3667,3899,-232
106000005,3035,7344,-4309
106000006,7649,7539,110
106000007,500,651,-151
106000008,489,453,36
106000009,542,469,73
106000010,648,788,-140
106000011,945,1421,-476
106000012,1042,2685,-1643
106000013,2273,2703,-430
106000014,2749,2979,-230
106000015,1441,1661,-220
106000016,1505,4071,-2566
106000017,913,974,-61
106000018,925,1004,-79
106000019,358,624,-266
106000020,360,835,-475
106000021,397,719,-322
106000022,545,515,30
106000023,852,537,315
106000024,1051,1356,-305
106000025,125,348,-223
106000026,190,452,-262
106000027,1339,2179,-840
106000028,717,1098,-381
106000029,1168,2071,-903
106000030,1247,580,667
106000034,309,882,-573
106000035,1075,1804,-729
106000036,610,667,-57
106000037,2889,2970,-81
106000038,723,127,596
106000039,284,75,209
106000040,265,1296,-1031
106000041,1125,498,627
106000043,804,166,638
106000046,484,87,397
106000047,70,582,-512
106000049,739,222,517
106000050,342,1480,-1138
106000051,590,644,-54
106000052,151,1126,-975
106000053,225,159,66
106000054,667,811,-144
106000055,1103,2096,-993
106000056,445,752,-307
106000057,257,388,-131
106000058,217,368,-151
106000059,352,419,-67
106000060,945,912,33
106000061,309,769,-460
106000062,174,974,-800
106000063,751,791,-40
106000064,59,723,-664
106000065,452,393,59
106000066,212,656,-444
106000067,617,175,442
106000068,99,1142,-1043
106000069,233,180,53
106000070,537,1484,-947
106000071,1207,658,549
106000072,9184,2568,6616
106000073,2852,3234,-382
106000074,497,1278,-781
106000075,527,1839,-1312
106000076,2298,2879,-581
106000077,6171,2416,3755
106000078,1249,1775,-526
106000079,902,1744,-842
106000080,1617,1501,116
106000081,914,1679,-765
106000082,3520,1639,1881
106000083,558,2169,-1611
106000084,1456,1125,331
106000085,2561,2080,481
106000086,882,1235,-353
106000087,1111,979,132
106000088,702,1201,-499
106000089,1274,787,487
106000090,345,879,-534
106000091,454,1378,-924
106000092,833,445,388
106000093,394,138,256
106000094,147,779,-632
106000095,682,2280,-1598
106000096,1215,1181,34
106000097,1062,2377,-1315
106000098,816,1583,-767
106000099,256,1679,-1423
106000100,1701,518,1183
106000101,2158,580,1578
106000102,381,1107,-726
106000103,390,1084,-694
106000104,1047,703,344
106000105,578,1681,-1103
106000106,725,631,94
106000107,163,720,-557
106000108,219,432,-213
106000109,175,652,-477
106000110,162,460,-298
106000111,152,1038,-886
106000112,202,580,-378
106000113,1896,959,937
106000114,631,645,-14
106000115,329,861,-532
106000116,293,483,-190
106000117,1225,1312,-87
106000118,1552,1579,-27
106000119,4422,2051,2371
106000120,794,1212,-418
106000121,222,341,-119
106000122,163,675,-512
106000123,339,520,-181
106000124,44,658,-614
106000125,29,599,-570
106000126,202,344,-142
106000127,976,1602,-626
106000128,742,510,232
106000129,661,1246,-585
106000130,826,771,55
106000131,240,1398,-1158
106000132,1247,331,916
106000133,7096,2010,5086
106000134,1510,2464,-954
106000135,344,1706,-1362
106000136,955,1108,-153
106000137,126,3012,-2886
106000138,1342,137,1205
106000139,75,218,-143
106000140,31,173,-142
106000141,73,152,-79
106000142,107,141,-34
106000143,62,170,-108
106000144,45,138,-93
106000145,254,497,-243
106000146,357,355,2
106000147,689,1032,-343
106000148,792,1365,-573
106000149,692,744,-52
106000150,701,2828,-2127
106000151,8739,1317,7422
106000152,2372,2488,-116
106000153,92,2727,-2635
106000154,2262,484,1778
106000155,51,367,-316
106000156,931,687,244
106000157,963,3365,-2402
106000158,5291,1235,4056
106000159,7782,2268,5514
106000160,526,2752,-2226
106000161,2739,1002,1737
106000162,313,970,-657
106000163,393,978,-585
106000164,336,481,-145
106000165,343,1377,-1034
106000166,1067,415,652
106000167,516,2402,-1886
106000168,395,418,-23
106000169,175,1432,-1257
106000170,522,429,93
106000171,168,1862,-1694
106000172,2812,1514,1298
106000173,1015,5238,-4223
106000174,1057,424,633
106000175,427,1802,-1375
106000176,1553,1367,186
106000177,1018,4529,-3511
106000178,3333,3133,200
106000179,1414,4020,-2606
106000180,1009,3058,-2049
106000181,605,3477,-2872
106000182,951,1569,-618
106000183,1006,2144,-1138
106000184,1592,2051,-459
106000185,891,1650,-759
106000186,1271,300,971
106000187,389,1192,-803
106000188,0,2,-2
106000189,4,105,-101
106000190,14,5,9
106000191,730,262,468
106000192,0,30,-30
106000193,492,167,325
106000194,220,493,-273
106000195,780,259,521
106000196,219,835,-616
106000197,440,729,-289
106000198,216,427,-211
106000199,1420,684,736
106000200,1071,218,853
106000201,718,2222,-1504
106000202,13819,989,12830
106000203,299,294,5
106000204,34,10,24
106000205,28,209,-181
106000206,80,26,54
106000207,55,1479,-1424
106000208,969,192,777
106000209,1319,626,693
106000210,350,2473,-2123
106000211,445,2447,-2002
106000212,838,333,505
106000213,1162,2256,-1094
106000214,3719,707,3012
106000215,365,802,-437
106000216,474,501,-27
106000217,389,853,-464
106000218,673,485,188
106000219,186,479,-293
106000220,620,423,197
106000221,152,497,-345
106000222,63,217,-154
106000223,172,219,-47
106000224,305,458,-153
106000225,96,94,2
106000226,231,524,-293
106000228,58,225,-167
106000229,83,1215,-1132
106000231,903,288,615
106000232,62,641,-579
106000233,468,237,231
106000234,74,289,-215
106000235,644,112,532
106000236,280,89,191
106000237,3,27,-24
106000238,10,15,-5
106000239,4,196,-192
106000240,48,11,37
106000241,27,1173,-1146
106000242,216,41,175
106000249,97,114,-17
106000250,95,576,-481
106000251,41,45,-4
106000252,32,201,-169
106000253,24,51,-27
106000254,35,88,-53
106000255,21,167,-146
106000256,72,147,-75
106000257,169,475,-306
106000258,270,17,253
106000259,9,43,-34
106000260,43,8,35
106000261,2,61,-59
106000262,83,11,72
106000263,20,114,-94
106000264,198,11,187
106000265,11,279,-268
106000266,153,40,113
106000267,5,177,-172
106000268,622,57,565
106000269,125,83,42
106000270,237,623,-386
106000271,66,253,-187
106000272,147,108,39
106000273,20,329,-309
106000274,246,85,161
106000275,195,264,-69
106000276,188,104,84
106000277,161,229,-68
106000278,212,68,144
106000279,13,150,-137
106000280,63,334,-271
106000281,68,201,-133
106000282,81,132,-51
106000283,160,187,-27
106000284,74,150,-76
106000285,187,273,-86
106000286,123,244,-121
106000287,115,191,-76
106000288,183,256,-73
106000289,98,173,-75
106000290,102,134,-32
106000291,96,213,-117
106000292,121,173,-52
106000293,173,167,6
106000294,168,197,-29
106000295,77,126,-49
106000296,83,166,-83
106000297,79,414,-335
106000298,176,98,78
106000299,115,241,-126
106000300,63,170,-107
106000301,102,149,-47
106000303,18,100,-82
106000304,46,99,-53
106000305,27,72,-45
106000306,29,160,-131
106000307,52,25,27
106000308,24,352,-328
106000309,23,152,-129
106000310,299,1015,-716
106000311,321,217,104
106000312,83,326,-243
106000313,164,371,-207
106000318,311,350,-39
106000319,929,193,736
106000320,4,58,-54
106000321,571,118,453
106000322,131,328,-197
106000324,10,240,-230
106000325,1458,1048,410
106000326,1372,2965,-1593
106000327,99,296,-197
106000328,8,142,-134
106000329,84,540,-456
106000330,49,68,-19
106000428,60,218,-158
106000429,134,688,-554
106000430,460,2290,-1830
106000431,1829,479,1350
106000432,2348,4444,-2096
106000433,1983,1225,758
106000434,3598,1484,2114
106000435,3249,4687,-1438
106000436,24,620,-596
106000437,204,61,143
106000438,362,179,183
106000439,65,957,-892
106000440,330,814,-484
106000441,0,1,-1
106000442,191,8,183
106000443,187,984,-797
106000450,3,435,-432
106000451,24,40,-16
106000454,5,141,-136
106000455,13,271,-258
106000456,100,33,67
106000457,8,1994,-1986
106000458,436,357,79
106000459,81,725,-644
106000460,951,88,863
106000461,84,3506,-3422
106000462,1,27,-26
106000463,7,71,-64
106000464,3,906,-903
106000465,398,5,393
106000466,7,1430,-1423
106000467,807,967,-160
106000468,45,347,-302
106000469,513,6,507
106000470,350,2268,-1918
106000471,54,1331,-1277
106000472,217,17,200
106000473,32,42,-10
106000474,412,1274,-862
106000475,288,201,87
106000476,231,186,45
106000477,14,67,-53
106900001,1,42,-41
106900002,8,1163,-1155
106900003,386,2025,-1639
106900004,4,150,-146
106900006,1,30,-29
106900007,2,54,-52
106900008,211,538,-327
106900009,356,936,-580
106900010,258,672,-414
106900012,4552,3498,1054
106900013,978,165,813
106900014,30,1,29
106900015,22,0,22
106900016,336,9,327
106900017,12,2,10
106900018,2,0,2
106900019,58,5,53
106900020,5386,1617,3769
106900021,39,130,-91
106900022,476,0,476
106900023,33,547,-514
106900024,963,39,924
106900025,82,1339,-1257
106900026,13,1531,-1518
106900027,484,4,480
107000001,3990,2856,1134
107000002,5877,6399,-522
107000003,5193,7156,-1963
107000004,7631,8716,-1085
107000005,2955,5626,-2671
107000006,5295,10315,-5020
107000007,5650,10989,-5339
107000008,21141,17147,3994
107000009,5883,7160,-1277
107000010,13445,17557,-4112
107000011,1472,2229,-757
107000012,6740,6629,111
107000013,80,219,-139
107000014,35,421,-386
107000015,608,1435,-827
107000016,645,1905,-1260
107000017,8053,1923,6130
107000018,64,981,-917
107000020,4852,1135,3717
107000021,1823,1116,707
107000022,1758,2278,-520
107000023,2197,508,1689
107000024,637,2585,-1948
107000025,187,603,-416
107000026,215,1128,-913
107000027,1180,1500,-320
107000028,1615,2806,-1191
107000029,2634,2768,-134
107000030,4178,5493,-1315
107000031,3398,3106,292
107000032,595,1316,-721
107000033,5683,8016,-2333
107000034,8633,3383,5250
107000035,403,300,103
107000036,500,1604,-1104
107000037,73,1003,-930
107000038,301,396,-95
107000039,851,1069,-218
107000040,202,441,-239
107000041,2407,1049,1358
107000042,1076,2446,-1370
107000043,4951,1467,3484
107000044,833,470,363
107000045,131,402,-271
107000046,859,604,255
107000047,651,1267,-616
107000048,967,514,453
107000049,762,1110,-348
107000050,1341,698,643
107000051,953,540,413
107000052,1724,1341,383
107000053,545,289,256
107000054,85,424,-339
107000055,113,120,-7
107000056,583,1260,-677
107000057,2424,278,2146
107000058,2515,3163,-648
107000059,3647,5440,-1793
107000060,4037,7139,-3102
107000061,8035,6903,1132
107000062,3759,4101,-342
107000063,5747,10831,-5084
107000064,4149,2818,1331
107000065,5531,9534,-4003
107000066,2024,3084,-1060
107000067,1178,1291,-113
107000068,1866,824,1042
107000069,1108,627,481
107000070,555,2,553
107000071,2238,44,2194
107000072,76,5968,-5892
107000073,484,214,270
107000074,185,1503,-1318
107000075,1521,691,830
107000076,1244,2613,-1369
107000077,3246,1240,2006
107000078,2956,5323,-2367
107000079,2483,823,1660
107000080,1672,5228,-3556
107000081,1146,707,439
107000082,801,4297,-3496
107000083,1211,508,703
107000084,692,3881,-3189
107000085,2968,4096,-1128
107000086,4427,4577,-150
107000087,3150,2569,581
107000088,3491,5269,-1778
107000089,1916,2298,-382
107000090,1538,1733,-195
107000091,1349,1168,181
107000092,904,1757,-853
107000093,1130,1034,96
107000094,1234,2114,-880
107000095,817,848,-31
107000096,945,1968,-1023
107000097,723,304,419
107000098,495,793,-298
107000099,846,438,408
107000100,623,430,193
107000101,136,228,-92
107000102,577,595,-18
107000103,427,272,155
107000104,338,700,-362
107000105,542,217,325
107000106,252,591,-339
107000107,626,288,338
107000108,238,1505,-1267
107000109,628,239,389
107000110,135,1212,-1077
107000111,226,53,173
107000112,68,784,-716
107000113,659,185,474
107000114,137,1391,-1254
107000115,579,193,386
107000116,174,1595,-1421
107000117,185,429,-244
107000118,254,484,-230
107000119,3161,1680,1481
107000120,4079,628,3451
107000121,786,1088,-302
107000122,1631,1423,208
107000123,447,1408,-961
107000124,749,1474,-725
107000125,777,1398,-621
107000126,885,1475,-590
107000127,26,437,-411
107000129,211,204,7
107000130,283,370,-87
107000131,853,514,339
107000132,728,561,167
107000133,582,242,340
107000134,267,0,267
107000135,0,418,-418
107000136,510,9,501
107000137,24,624,-600
107000138,289,24,265
107000139,23,611,-588
107000140,1126,92,1034
107000141,206,1340,-1134
107000142,307,69,238
107000143,91,1526,-1435
107000144,375,404,-29
107000145,213,1003,-790
107000146,208,279,-71
107000147,4692,1068,3624
107000150,1390,4223,-2833
107000151,75,129,-54
107000152,920,1064,-144
107000153,931,632,299
107000154,243,180,63
107000155,931,53,878
107000156,1384,48,1336
107000157,62,3630,-3568
107000158,413,23,390
107000159,48,2068,-2020
107000160,712,170,542
107000161,108,3381,-3273
107000162,238,523,-285
107000163,67,2,65
107000164,362,0,362
107000165,719,2,717
107000166,86,2405,-2319
107000167,562,352,210
107000168,848,511,337
107000169,1388,1277,111
107000170,1606,861,745
107000171,802,4397,-3595
107000172,813,1255,-442
107000173,943,2198,-1255
107000174,997,5451,-4454
107000175,15378,2667,12711
107000176,7,0,7
107000177,5,9,-4
107000178,14,89,-75
107000179,316,4850,-4534
107000180,1499,526,973
107000181,584,2330,-1746
107000182,1717,1800,-83
107000183,197,1615,-1418
107000184,913,1389,-476
107000185,872,2213,-1341
107000186,1619,575,1044
107000187,1301,2253,-952
107000188,689,785,-96
107000189,459,1570,-1111
107000190,694,1535,-841
107000191,551,1288,-737
107000192,1809,2097,-288
107000193,393,538,-145
107000194,1108,1484,-376
107000197,826,369,457
107000198,671,1006,-335
107000199,787,886,-99
107000200,1776,766,1010
107000201,327,305,22
107000202,289,633,-344
107000203,1231,761,470
107000204,1672,827,845
107000205,3034,1390,1644
107000206,1246,1513,-267
107000207,1031,1793,-762
107000208,1814,625,1189
107000209,3657,1425,2232
107000210,1607,653,954
107000211,16,45,-29
107000212,20,486,-466
107000213,17,40,-23
107000214,29,282,-253
107000215,475,756,-281
107000216,347,673,-326
107000217,124,257,-133
107000219,70,173,-103
107000220,172,479,-307
107000222,318,1185,-867
107000224,467,89,378
107000225,337,1095,-758
107000226,283,120,163
107000227,130,691,-561
107000228,157,227,-70
107000229,529,301,228
107000230,1844,866,978
107000231,2143,1061,1082
107000232,125,156,-31
107000233,1654,853,801
107000234,5,63,-58
107000235,75,9,66
107000236,19,882,-863
107000237,4,0,4
107000238,42,5,37
107000239,8889,888,8001
107000240,102,1894,-1792
107000241,189,45,144
107000242,1309,98,1211
107000243,0,118,-118
107000244,11,117,-106
107000246,9,1933,-1924
107000249,9,1680,-1671
107000251,1,471,-470
107000252,8,2177,-2169
107000255,1654,199,1455
107000257,2,925,-923
107000258,0,282,-282
107000259,9,388,-379
107000260,397,9,388
107000262,23,1184,-1161
107000263,207,2,205
107000266,7,15,-8
107000267,83,367,-284
107000268,178,295,-117
107000269,638,53,585
107000270,7,20,-13
107000271,16,1627,-1611
107000272,12,288,-276
107000273,4,311,-307
107000274,4419,365,4054
107000275,134,1297,-1163
107000280,597,37,560
107000281,56,2018,-1962
107000282,57,1859,-1802
107000290,0,47,-47
107000291,28,26,2
107000292,2,58,-56
107000293,198,9,189
107000294,0,29,-29
107000295,67,3,64
107000296,0,46,-46
107000444,243,7,236
107000496,1,52,-51
107000497,2028,4915,-2887
107000500,366,578,-212
107000501,95,345,-250
107000502,261,567,-306
107000505,1116,1126,-10
107000506,3,39,-36
107000508,11,1089,-1078
107000509,270,673,-403
107000510,37,35,2
107000514,14,460,-446
107000515,26,514,-488
107000516,274,409,-135
107000518,1081,954,127
107000519,6592,1700,4892
107000520,75,20,55
107900001,149,381,-232
107900002,16,3,13
107900003,339,23,316
107900004,76,4,72
107900005,813,5,808
107900006,131,0,131
107900007,238,27,211
107900008,104,99,5
107900009,211,1,210
107900010,39,2,37
107900012,607,22,585
107900013,487,174,313
107900014,23,9,14
107900015,739,15,724
107900016,736,205,531
107900017,34,8,26
107900018,122,125,-3
107900019,26,192,-166
107900020,98,8,90
107900021,32,238,-206
107900023,3,3,0
107900024,0,49,-49
107900025,238,500,-262
107900026,39,243,-204
107900027,78,70,8
107900028,56,140,-84
107900030,257,45,212
107900031,99,527,-428
107900032,9,11,-2
107900033,13,18,-5
107900034,440,13,427
107900035,768,38,730
107900036,29,11,18
107900037,0,82,-82
107900038,193,236,-43
107900039,12,124,-112
107900040,102,135,-33
107900041,6,1,5
107900043,82,471,-389
107900044,14,10,4
107900045,98,36,62
107900046,161,174,-13
107900047,12,134,-122
107900048,258,17,241
107900049,489,2374,-1885
107900050,141,545,-404
107900051,102,176,-74
107900052,27,47,-20
107900053,31,149,-118
107900055,1442,544,898
107900056,154,41,113
107900057,1,0,1
107900058,55,1176,-1121
107900060,49,66,-17
107900061,21,8,13
107900063,184,202,-18
107900064,554,128,426
107900065,270,124,146
107900066,28,10,18
107900067,0,0,0
107900068,251,427,-176
107900069,31,1316,-1285
107900070,139,39,100
107900071,26,1748,-1722
107900072,66,408,-342
107900073,79,267,-188
107900074,1289,247,1042
107900076,275,144,131
107900077,53,2,51
107900078,299,55,244
107900079,8,20,-12
107900080,217,375,-158
107900081,29,139,-110
107900082,27,32,-5
107900083,522,229,293
107900084,192,241,-49
107900086,43,181,-138
107900087,798,140,658
107900088,29,17,12
107900089,388,1319,-931
107900090,863,2048,-1185
107900091,304,904,-600
107900092,3028,806,2222
107900093,66,121,-55
107900095,4167,1986,2181
107900097,91,140,-49
107900098,88,299,-211
107900100,1386,1321,65
107900101,1782,252,1530
107900102,38,16,22
107900103,39,228,-189
107900104,194,7,187
107900105,3,836,-833
107900106,10,2377,-2367
107900107,2599,423,2176
107900108,506,207,299
107900109,880,7,873
107900110,35,222,-187
107900111,17,1860,-1843
107900112,143,694,-551
107900113,164,185,-21
107900114,138,371,-233
107900115,4,76,-72
107900116,76,358,-282
107900117,366,730,-364
107900118,102,233,-131
107900119,51,290,-239
107900120,30,10,20
107900121,0,220,-220
107900122,2,89,-87
107900123,1,30,-29
107900124,26,53,-27
107900125,35,288,-253
107900126,4,26,-22
107900127,757,188,569
107900128,167,124,43
107900129,45,69,-24
107900130,74,48,26
107900131,800,181,619
107900132,117,680,-563
107900133,0,133,-133
107900134,50,32,18
107900135,6,307,-301
107900136,74,63,11
107900137,143,188,-45
107900138,42,60,-18
107900139,26,49,-23
107900140,187,90,97
107900141,65,76,-11
107900142,68,2042,-1974
107900143,69,86,-17
107900144,5,275,-270
107900145,10,218,-208
107900146,31,260,-229
107900147,86,39,47
107900148,382,332,50
107900149,2961,305,2656
107900150,100,1737,-1637
107900151,7,148,-141
107900152,25,502,-477
107900153,155,382,-227
107900154,91,22,69
107900155,45,46,-1
107900156,11,560,-549
107900157,71,132,-61
107900158,609,28,581
107900159,46,2039,-1993
107900160,58,203,-145
107900161,52,455,-403
107900162,1,366,-365
107900163,116,48,68
107900164,12,48,-36
107900165,38,75,-37
107900166,27,465,-438
107900167,37,54,-17
107900168,23,49,-26
107900169,4,193,-189
107900171,14,3634,-3620
107900172,4,494,-490
107900173,14,372,-358
107900174,94,3,91
107900175,34,27,7
107900176,19,54,-35
107900177,3,413,-410
107900178,0,436,-436
107900179,10,189,-179
107900180,1574,484,1090
107900181,450,709,-259
107900182,15,2777,-2762
107900183,63,546,-483
107900184,52,390,-338
107900185,108,12,96
107900186,13,48,-35
107900187,0,214,-214
107900188,1221,181,1040
107900189,18,177,-159
107900190,157,98,59
107900191,173,310,-137
107900193,17,47,-30
107900194,176,16,160
107900195,6882,961,5921
107900196,67,102,-35
107900197,1134,267,867
107900199,6,1517,-1511
107900201,115,227,-112
107900203,79,88,-9
107900204,316,469,-153
107900205,251,653,-402
107900206,720,265,455
107900207,6,991,-985
107900208,8,1248,-1240
107900209,519,155,364
107900210,117,278,-161
107900213,1162,929,233
107900214,11,259,-248
107900215,310,455,-145
107900216,148,167,-19
107900217,57,65,-8
107900218,18,2605,-2587
107900219,47,266,-219
107900220,294,201,93
107900221,317,300,17
107900223,99,858,-759
107900224,227,515,-288
107900225,14,1472,-1458
107900226,81,250,-169
107900227,237,690,-453
107900228,21,152,-131
107900229,6,589,-583
107900230,7,267,-260
107900231,21,347,-326
107900232,44,325,-281
107900233,1,208,-207
107900234,180,259,-79
107900235,57,185,-128
107900236,91,130,-39
107900237,141,869,-728
107900238,30,194,-164
107900239,2108,624,1484
107900240,17,216,-199
107900241,19,138,-119
107900242,22,521,-499
107900243,9,81,-72
107900244,226,3,223
107900245,339,60,279
107900246,170,6,164
107900248,242,826,-584
107900249,504,26,478
107900250,1,957,-956
107900251,72,1904,-1832
107900252,974,22,952
107900253,167,5,162
107900254,71,655,-584
107900255,451,79,372
107900256,3012,977,2035
107900257,145,141,4
107900258,89,382,-293
107900259,100,1422,-1322
107900261,21,1071,-1050
107900262,42,276,-234
107900264,309,8,301
107900265,109,381,-272
107900267,180,26,154
107900268,75,6,69
107900269,1,6,-5
107900270,2,0,2
107900271,10,9,1
107900272,207,12,195
107900273,31,117,-86
107900274,24,0,24
107900275,6,1,5
107900276,2,119,-117
107900277,3,380,-377
107900278,210,514,-304
107900279,223,175,48
107900280,2612,2274,338
107900281,6434,1959,4475
107900282,154,424,-270
107900283,2402,606,1796
107900284,396,1256,-860
107900285,98,268,-170
107900286,107,150,-43
107900287,99,278,-179
107900290,1,180,-179
107900291,635,19,616
107900292,117,482,-365
107900293,115,983,-868
107900295,118,274,-156
107900297,1,445,-444
107900298,1280,1465,-185
107900299,6236,3703,2533
107900300,66,311,-245
107900301,768,622,146
107900302,211,32,179
107900303,143,530,-387
107900304,299,981,-682
107900305,330,24,306
107900306,41,33,8
107900307,63,408,-345
107900308,292,164,128
107900309,76,0,76
107900310,19,0,19
107900311,446,144,302
107900312,15,0,15
107900313,2,127,-125
107900314,0,75,-75
107900315,0,116,-116
107900316,65,1,64
107900317,134,9,125
107900318,0,293,-293
107900319,8,523,-515
107900320,1,307,-306
107900321,98,7,91
107900322,3,318,-315
107900323,7,281,-274
107900324,196,1,195
107900325,128,0,128
107900326,251,639,-388
107900327,9,2,7
107900328,4,0,4
107900329,1,6,-5
107900330,12,1064,-1052
107900331,182,55,127
107900332,206,96,110
107900333,57,33,24
107900334,16,535,-519
107900335,55,110,-55
107900336,31,64,-33
107900337,2287,824,1463
107900338,3,169,-166
107900339,3,38,-35
107900340,4,88,-84
107900341,38,2,36
107900342,181,150,31
107900343,43,2,41
107900344,6,153,-147
107900345,94,27,67
107900346,61,4,57
107900347,33,6,27
107900348,10,4,6
107900349,26,11,15
107900350,59,425,-366
108000001,2926,4639,-1713
108000002,3050,5384,-2334
108000003,3671,3053,618
108000004,23316,24756,-1440
108000005,7607,4915,2692
108000006,10631,10757,-126
108000007,5292,4526,766
108000008,7401,9620,-2219
108000009,3755,4662,-907
108000010,4804,8312,-3508
108000011,12414,12075,339
108000012,26622,24653,1969
108000014,934,950,-16
108000015,610,460,150
108000016,276,841,-565
108000017,927,593,334
108000018,1674,732,942
108000019,2325,1026,1299
108000020,1495,706,789
108000021,629,2631,-2002
108000022,841,2490,-1649
108000023,1457,289,1168
108000024,199,1192,-993
108000025,298,326,-28
108000026,473,825,-352
108000027,515,701,-186
108000028,300,410,-110
108000029,454,800,-346
108000030,587,268,319
108000031,280,825,-545
108000032,1169,793,376
108000033,687,2061,-1374
108000034,1649,589,1060
108000035,1400,4010,-2610
108000036,451,2361,-1910
108000037,1668,489,1179
108000038,2516,616,1900
108000039,772,4693,-3921
108000040,1771,1088,683
108000041,943,4535,-3592
108000042,164,322,-158
108000043,189,465,-276
108000044,304,243,61
108000045,285,1007,-722
108000046,1268,395,873
108000047,537,1885,-1348
108000048,176,676,-500
108000049,654,249,405
108000050,153,774,-621
108000051,246,102,144
108000052,443,1137,-694
108000053,370,179,191
108000054,800,1655,-855
108000055,1360,502,858
108000056,1103,1615,-512
108000057,625,1080,-455
108000058,2766,3706,-940
108000059,5144,3076,2068
108000060,210,493,-283
108000061,208,458,-250
108000062,668,724,-56
108000063,446,1049,-603
108000064,219,338,-119
108000065,645,1300,-655
108000066,2584,1231,1353
108000067,1902,717,1185
108000068,805,371,434
108000069,403,1686,-1283
108000070,1820,804,1016
108000071,799,2732,-1933
108000072,1515,1285,230
108000073,2194,3068,-874
108000074,433,506,-73
108000075,439,1257,-818
108000076,968,697,271
108000077,1014,1098,-84
108000078,1884,2190,-306
108000079,1136,2933,-1797
108000080,900,926,-26
108000081,538,4065,-3527
108000082,1376,3156,-1780
108000083,2022,1108,914
108000084,615,2335,-1720
108000085,622,508,114
108000086,1182,1516,-334
108000087,173,1920,-1747
108000088,174,11,163
108000089,373,472,-99
108000090,440,213,227
108000091,123,988,-865
108000092,108,151,-43
108000093,187,1527,-1340
108000094,778,207,571
108000095,237,1006,-769
108000096,318,248,70
108000097,212,1204,-992
108000098,1344,2315,-971
108000099,303,151,152
108000100,43,344,-301
108000101,1052,1758,-706
108000102,1661,3149,-1488
108000106,1092,5,1087
108000107,6,1352,-1346
108000108,554,90,464
108000109,13,1428,-1415
108000110,221,430,-209
108000111,221,1680,-1459
108000112,76,143,-67
108000113,822,534,288
108000115,687,805,-118
108000117,1570,746,824
108000118,115,217,-102
108000119,945,701,244
108000120,139,963,-824
108000121,207,954,-747
108000122,367,524,-157
108000123,559,482,77
108000124,321,892,-571
108000125,221,551,-330
108000126,151,899,-748
108000127,387,451,-64
108000128,560,1040,-480
108000129,284,2130,-1846
108000130,330,378,-48
108000131,874,470,404
108000132,2542,2293,249
108000133,715,718,-3
108000134,760,980,-220
108000135,1125,480,645
108000136,1511,1539,-28
108000137,357,623,-266
108000138,296,1562,-1266
108000139,308,523,-215
108000140,45,52,-7
108000141,24,335,-311
108000142,77,280,-203
108000143,20,64,-44
108000144,30,21,9
108000145,44,106,-62
108000146,46,16,30
108000147,60,131,-71
108000148,52,12,40
108000149,52,55,-3
108000150,42,11,31
108000151,14,19,-5
108000152,99,1214,-1115
108000153,373,167,206
108000154,80,48,32
108000155,20,15,5
108000156,526,161,365
108000157,212,889,-677
108000158,129,737,-608
108000159,921,264,657
108000160,8447,1215,7232
108000161,8692,2148,6544
108000165,4,225,-221
108000172,2,280,-278
108000173,4441,2297,2144
108000175,152,110,42
108000178,484,479,5
108000179,292,831,-539
108000181,53,54,-1
108000182,209,33,176
108000183,59,43,16
108000184,1834,2296,-462
108000185,191,886,-695
108000186,102,94,8
108000187,108,1212,-1104
108000188,485,408,77
108000189,916,1198,-282
108000190,47,171,-124
108000192,146,1110,-964
108000193,1366,88,1278
108000194,23,17,6
108000195,7,2180,-2173
108000196,236,243,-7
108000198,563,458,105
108000199,1,159,-158
108000200,293,1422,-1129
108000202,1,261,-260
108000203,85,1278,-1193
108000204,106,34,72
108000205,473,899,-426
108000339,2022,433,1589
108000364,180,377,-197
108000365,63,624,-561
108000367,298,764,-466
108000368,14,77,-63
108000369,2373,176,2197
108000371,0,1048,-1048
108000372,529,5,524
108000373,123,282,-159
108000376,59,27,32
108000377,363,483,-120
108000378,10610,11325,-715
108000379,57,250,-193
108000381,36,18,18
108000382,58,2,56
108000383,0,87,-87
108900001,191,1777,-1586
108900002,291,132,159
108900003,450,1678,-1228
108900004,112,237,-125
108900005,57,279,-222
108900006,895,227,668
108900007,166,269,-103
108900008,87,194,-107
108900009,88,128,-40
108900010,134,239,-105
108900011,380,544,-164
108900012,287,729,-442
108900013,134,353,-219
108900014,13,120,-107
108900015,0,15,-15
108900016,2,303,-301
108900017,216,327,-111
108900018,109,928,-819
108900019,88,2229,-2141
108900020,74,530,-456
108900021,85,563,-478
108900022,112,6,106
108900023,2,25,-23
108900024,18,189,-171
108900025,113,194,-81
108900026,26,136,-110
108900027,0,103,-103
108900028,67,914,-847
108900029,58,262,-204
108900030,0,96,-96
108900031,78,993,-915
108900032,10,462,-452
108900033,0,231,-231
108900034,0,438,-438
108900035,409,2437,-2028
108900036,210,637,-427
108900037,64,779,-715
108900038,2,700,-698
108900039,3,827,-824
108900040,6,292,-286
108900041,8684,3390,5294
108900042,7,452,-445
108900043,75,762,-687
108900044,4,1181,-1177
108900045,29,1112,-1083
108900046,98,2143,-2045
108900047,0,87,-87
108900048,172,1849,-1677
108900049,9739,1528,8211
108900050,1,369,-368
108900051,1,355,-354
108900052,49,511,-462
108900053,196,241,-45
108900054,83,393,-310
108900055,92,823,-731
108900056,2,310,-308
108900057,3,365,-362
108900058,35,728,-693
108900059,457,37,420
108900060,94,277,-183
108900061,63,67,-4
108900062,1,552,-551
108900063,23,793,-770
108900064,138,79,59
108900065,18,594,-576
108900066,287,194,93
108900067,58,293,-235
108900068,1,196,-195
108900069,37,184,-147
108900070,54,249,-195
108900071,85,95,-10
108900072,4162,593,3569
108900073,18,128,-110
108900074,124,754,-630
108900075,77,71,6
108900076,245,126,119
108900077,142,236,-94
108900078,32,348,-316
108900079,1298,458,840
108900080,49,785,-736
108900081,55,470,-415
108900082,49,149,-100
108900083,27,273,-246
108900084,449,243,206
108900085,3793,261,3532
108900086,71,537,-466
108900087,161,363,-202
108900088,1003,444,559
108900089,14,232,-218
108900090,32,695,-663
108900091,162,190,-28
108900092,539,427,112
108900093,117,125,-8
108900094,304,131,173
108900095,102,1123,-1021
108900096,670,72,598
108900097,599,305,294
108900098,5259,783,4476
108900099,345,544,-199
108900100,61,203,-142
108900101,240,137,103
108900102,161,1052,-891
108900103,81,94,-13
108900104,259,752,-493
108900105,9,1042,-1033
108900106,304,900,-596
108900108,361,53,308
108900109,22,29,-7
108900110,217,942,-725
108900111,429,1368,-939
108900112,182,42,140
108900113,58,45,13
108900114,0,7,-7
108900115,163,121,42
108900116,60,22,38
108900117,95,7,88
108900118,556,7,549
108900119,172,53,119
108900120,149,216,-67
108900121,337,87,250
108900122,131,43,88
108900123,140,79,61
108900124,310,275,35
108900125,261,5,256
108900126,175,16,159
108900127,143,34,109
108900128,125,16,109
108900129,804,154,650
108900130,244,3,241
108900131,355,4,351
108900132,331,79,252
108900133,252,52,200
108900134,282,357,-75
108900135,88,6,82
108900136,27,0,27
108900137,125,2,123
108900138,468,31,437
108900139,485,164,321
108900140,236,365,-129
108900141,253,21,232
108900142,73,7,66
108900143,28,1,27
108900144,58,0,58
108900145,100,13,87
108900146,168,3,165
108900147,139,2,137
108900148,64,44,20
108900149,873,599,274
108900150,284,6,278
108900151,73,1,72
108900152,68,57,11
108900153,93,780,-687
108900154,4728,982,3746
108900155,266,107,159
108900156,65,4,61
108900157,25,1104,-1079
108900158,348,44,304
108900159,8,577,-569
108900160,12,407,-395
108900161,25,788,-763
108900162,59,1,58
108900163,4,298,-294
108900164,57,108,-51
108900165,305,147,158
108900167,3329,4447,-1118
108900168,14764,2850,11914
108900169,43,269,-226
108900171,15036,2821,12215
108900172,207,77,130
108900173,232,680,-448
108900174,636,723,-87
108900176,239,922,-683
108900177,13757,4842,8915
108900178,9127,3697,5430
108900179,617,1372,-755
108900180,119,385,-266
108900182,50,410,-360
108900183,334,407,-73
108900184,539,385,154
108900185,58,486,-428
108900186,93,524,-431
108900187,216,118,98
108900188,381,86,295
108900189,269,222,47
108900190,76,6564,-6488
108900191,239,50,189
108900192,95,439,-344
108900193,381,37,344
108900194,31,616,-585
108900195,123,711,-588
108900196,102,1186,-1084
108900198,5,1188,-1183
108900199,263,475,-212
108900200,433,431,2
108900201,546,1777,-1231
108900203,616,31,585
108900204,600,10,590
108900205,332,33,299
108900206,413,48,365
108900207,193,85,108
108900208,43,631,-588
108900209,299,1157,-858
108900210,221,343,-122
108900211,232,599,-367
108900212,1155,1211,-56
108900215,157,1072,-915
108900216,547,131,416
108900217,78,0,78
108900218,163,5,158
108900219,114,5,109
108900220,60,14,46
108900221,51,167,-116
108900222,275,35,240
108900223,22,99,-77
108900224,42,188,-146
108900225,3,261,-258
108900226,227,10,217
108900227,152,262,-110
108900230,888,516,372
108900231,97,423,-326
108900232,2,776,-774
108900233,423,90,333
108900234,354,113,241
108900235,303,1058,-755
108900236,57,618,-561
108900237,83,453,-370
108900240,143,163,-20
108900241,35,69,-34
108900245,5,1335,-1330
108900249,132,20,112
108900250,598,540,58
108900257,154,1160,-1006
108900258,25,395,-370
108900259,70,137,-67
108900260,15,139,-124
108900261,216,223,-7
108900262,310,164,146
108900263,34,494,-460
108900264,561,428,133
108900265,2374,468,1906
108900266,2018,516,1502
108900267,8,115,-107
108900268,9,4,5
108900269,52,7,45
108900270,54,8,46
108900271,33,3,30
108900272,161,5,156
108900273,1354,736,618
108900274,35,133,-98
109000001,5380,1444,3936
109000002,4858,1925,2933
109000003,2456,879,1577
109000004,653,3929,-3276
109000005,2373,1332,1041
109000006,945,3202,-2257
109000007,1710,1071,639
109000008,627,2992,-2365
109000009,3829,1714,2115
109000010,1778,6581,-4803
109000011,2916,2268,648
109000012,1954,6618,-4664
109000013,3182,3144,38
109000014,1898,6320,-4422
109000015,3809,6341,-2532
109000016,17705,6806,10899
109000017,2322,1750,572
109000018,1322,5312,-3990
109000019,2694,1790,904
109000020,1312,3330,-2018
109000023,301,42,259
109000024,3,225,-222
109000025,494,513,-19
109000026,1276,486,790
109000027,136,467,-331
109000028,177,173,4
109000029,227,209,18
109000030,102,897,-795
109000031,131,123,8
109000032,139,821,-682
109000033,400,170,230
109000034,65,70,-5
109000035,26,65,-39
109000036,76,569,-493
109000037,229,1105,-876
109000038,690,621,69
109000039,905,626,279
109000040,10439,5665,4774
109000041,9373,1670,7703
109000042,1774,1782,-8
109000044,294,63,231
109000045,89,683,-594
109000046,296,142,154
109000047,94,764,-670
109000048,786,211,575
109000049,261,888,-627
109000050,428,277,151
109000051,453,378,75
109000052,564,3229,-2665
109000053,160,58,102
109000054,383,1393,-1010
109000055,205,277,-72
109000056,377,1183,-806
109000057,440,352,88
109000058,1342,457,885
109000059,861,1230,-369
109000060,717,267,450
109000061,2273,820,1453
109000062,164,263,-99
109000063,256,337,-81
109000064,189,337,-148
109000065,134,562,-428
109000066,335,248,87
109000067,66,626,-560
109000068,1198,18,1180
109000069,811,51,760
109000070,8,1367,-1359
109000071,541,128,413
109000072,145,487,-342
109000073,61,168,-107
109000074,19,397,-378
109000075,85,586,-501
109000076,102,193,-91
109000077,434,450,-16
109000078,56,182,-126
109000079,149,336,-187
109000080,124,161,-37
109000081,117,882,-765
109000082,503,372,131
109000083,257,1255,-998
109000088,183,1157,-974
109000089,289,55,234
109000090,253,927,-674
109000091,236,176,60
109000092,417,1250,-833
109000093,230,255,-25
109000094,373,4,369
109000095,152,1177,-1025
109000096,689,258,431
109000097,102,186,-84
109000098,64,103,-39
109000099,807,731,76
109000100,293,814,-521
109000101,1218,1430,-212
109000102,315,1361,-1046
109000103,427,1087,-660
109000104,1260,1210,50
109000105,551,2377,-1826
109000106,1735,1149,586
109000107,725,3568,-2843
109000108,1686,910,776
109000109,601,3556,-2955
109000110,1688,681,1007
109000111,1439,3778,-2339
109000112,452,281,171
109000113,290,260,30
109000114,211,507,-296
109000115,1596,60,1536
109000116,3,260,-257
109000117,119,162,-43
109000118,25,464,-439
109000119,803,684,119
109000120,160,2019,-1859
109000121,261,85,176
109000122,95,1909,-1814
109000123,13,115,-102
109000124,578,599,-21
109000125,629,453,176
109000126,411,1519,-1108
109000127,623,279,344
109000128,689,4059,-3370
109000129,1792,910,882
109000130,755,4618,-3863
109000131,700,441,259
109000132,754,3581,-2827
109000133,431,1467,-1036
109000134,1040,2125,-1085
109000135,1498,2082,-584
109000136,436,683,-247
109000137,316,532,-216
109000138,486,754,-268
109000139,476,596,-120
109000140,180,885,-705
109000141,331,703,-372
109000142,122,943,-821
109000143,119,73,46
109000145,75,224,-149
109000146,63,135,-72
109000148,6594,1649,4945
109000149,27,41,-14
109000150,102,215,-113
109000155,703,772,-69
109000156,2455,1483,972
109000158,167,373,-206
109000159,200,1347,-1147
109000160,896,368,528
109000161,355,2552,-2197
109000162,1884,1421,463
109000163,1020,3251,-2231
109000164,1282,4388,-3106
109000165,1433,984,449
109000166,696,186,510
109000167,140,1587,-1447
109000170,56,81,-25
109000171,37,50,-13
109000172,68,73,-5
109000173,38,101,-63
109000174,117,77,40
109000175,76,176,-100
109000176,224,396,-172
109000177,15,273,-258
109000178,373,131,242
109000179,13370,3923,9447
109000180,8260,3679,4581
109000181,7,46,-39
109000182,30,91,-61
109000183,36,53,-17
109000184,31,21,10
109000185,24,127,-103
109000188,471,5254,-4783
109000189,1995,1390,605
109000190,661,832,-171
109000191,287,947,-660
109000192,340,446,-106
109000193,209,740,-531
109000194,163,198,-35
109000195,109,818,-709
109000196,207,176,31
109000197,202,970,-768
109000198,249,91,158
109000199,156,1004,-848
109000206,389,53,336
109000207,161,37,124
109000208,128,102,26
109000209,188,129,59
109000210,198,1026,-828
109000211,104,214,-110
109000214,320,1091,-771
109000215,109,87,22
109000216,297,214,83
109000217,203,125,78
109000218,259,240,19
109000221,521,2108,-1587
109000222,906,231,675
109000223,302,383,-81
109000224,55,446,-391
109000225,51,81,-30
109000226,58,509,-451
109000227,884,2695,-1811
109000228,1,457,-456
109000231,4,820,-816
109000232,257,664,-407
109000236,318,1093,-775
109000241,2364,3102,-738
109000242,1790,2395,-605
109000293,20,69,-49
109000361,121,501,-380
109000364,274,1109,-835
109000396,3,1461,-1458
109000397,437,17,420
109000399,155,1019,-864
109000400,58,382,-324
109000403,162,646,-484
109000406,300,10,290
109000407,349,354,-5
109000408,2,982,-980
109000410,794,225,569
109000411,91,12,79
109900001,71,0,71
109900002,786,23,763
109900003,169,1,168
109900004,898,452,446
109900005,14,5,9
109900006,394,593,-199
109900007,521,1540,-1019
109900008,1,38,-37
109900009,196,1428,-1232
109900010,492,20,472
109900011,51,49,2
109900012,226,217,9
109900013,401,214,187
109900014,323,77,246
109900015,467,207,260
109900016,120,68,52
109900017,132,253,-121
109900018,242,261,-19
109900019,179,142,37
109900020,30,38,-8
109900021,19,7,12
109900022,68,640,-572
109900023,19,2,17
109900024,37,3,34
109900025,8,192,-184
109900026,11,440,-429
109900027,42,16,26
109900028,4972,718,4254
109900029,9,1219,-1210
109900030,50,11,39
109900031,1,189,-188
109900032,13,473,-460
109900033,8,1138,-1130
109900034,11,2,9
109900035,5,28,-23
109900036,36,140,-104
109900037,47,1027,-980
109900038,41,443,-402
109900039,1,0,1
109900040,78,1169,-1091
109900041,66,856,-790
109900042,47,821,-774
109900044,101,475,-374
109900045,76,35,41
109900046,21,100,-79
109900047,443,498,-55
109900048,1,139,-138
109900049,5,38,-33
109900050,0,517,-517
109900051,0,41,-41
109900052,91,500,-409
109900053,10,982,-972
109900054,499,252,247
109900055,55,477,-422
109900056,39,183,-144
109900057,18,454,-436
109900058,1,196,-195
109900059,421,167,254
109900060,480,239,241
109900061,166,431,-265
109900062,1,594,-593
109900063,9,477,-468
109900064,492,467,25
109900065,246,169,77
109900066,474,1726,-1252
109900067,1,755,-754
109900068,75,4,71
109900069,0,49,-49
109900070,64,439,-375
109900071,1,45,-44
109900072,28,218,-190
109900073,352,1339,-987
109900074,14,39,-25
109900075,25,47,-22
109900076,25,462,-437
109900077,27,73,-46
109900078,121,523,-402
109900080,204,650,-446
109900081,35,132,-97
109900082,51,874,-823
109900083,22,79,-57
109900084,115,266,-151
109900085,298,2151,-1853
109900086,109,359,-250
109900087,353,635,-282
109900089,680,186,494
109900090,553,2624,-2071
109900091,235,113,122
109900092,1575,18,1557
109900093,692,178,514
109900094,60,183,-123
109900095,153,457,-304
109900096,27,3,24
109900097,77,0,77
109900098,316,37,279
109900099,132,2,130
109900100,28,0,28
109900101,290,5,285
109900102,387,26,361
109900103,21,60,-39
109900104,376,1779,-1403
109900105,570,39,531
109900106,453,94,359
109900107,558,124,434
109900108,131,1075,-944
109900109,22,264,-242
109900110,90,1148,-1058
109900111,505,2940,-2435
109900112,507,1821,-1314
109900113,620,482,138
109900114,1164,767,397
109900115,99,154,-55
109900117,774,163,611
109900118,322,685,-363
109900119,593,532,61
109900120,51,33,18
109900121,321,387,-66
109900122,303,5,298
109900123,16,336,-320
109900124,64,1396,-1332
109900125,4,459,-455
109900126,195,337,-142
109900128,196,71,125
109900130,22377,2262,20115
109900131,108,262,-154
109900132,40,273,-233
109900133,91,632,-541
109900134,51,108,-57
109900135,498,123,375
109900136,46,203,-157
109900137,87,778,-691
109900138,395,894,-499
109900140,209,710,-501
109900141,303,357,-54
109900142,881,332,549
109900145,9,279,-270
109900146,414,33,381
109900148,36,124,-88
109900149,54,74,-20
109900150,7,93,-86
109900151,8,57,-49
109900152,0,31,-31
109900153,0,67,-67
109900154,25,0,25
109900155,48,20,28
109900157,84,464,-380
109900158,88,159,-71
109900159,158,46,112
109900160,117,83,34
109900161,243,88,155
109900162,164,124,40
109900163,925,650,275
109900164,62,295,-233
109900165,252,15,237
109900166,3,236,-233
109900167,155,961,-806
109900168,151,721,-570
109900169,150,199,-49
109900170,447,679,-232
109900171,177,159,18
109900172,185,244,-59
109900173,7034,2145,4889
109900174,54,262,-208
109900175,56,85,-29
109900176,115,320,-205
109900177,41,441,-400
109900178,6,194,-188
109900179,17,43,-26
109900180,6,9,-3
110000001,970,883,87
110000002,847,694,153
110000003,1254,903,351
110000004,762,658,104
110000005,922,1799,-877
110000006,993,518,475
110000007,189,293,-104
110000008,23,57,-34
110000009,47,88,-41
110000010,40,51,-11
110000011,60,255,-195
110000012,994,860,134
110000013,52,474,-422
110000014,908,527,381
110000015,378,632,-254
110000016,363,1385,-1022
110000017,6158,406,5752
110000018,6527,789,5738
110000019,8,306,-298
110000020,1088,394,694
110000021,990,555,435
110000022,1169,320,849
110000023,11,448,-437
110000024,704,654,50
110000025,206,5,201
110000026,4,1285,-1281
110000027,838,731,107
110000028,829,983,-154
110000029,601,1729,-1128
110000030,204,421,-217
110000031,329,1163,-834
110000032,783,561,222
110000033,264,198,66
110000034,326,855,-529
110000035,955,1836,-881
110000036,807,872,-65
110000037,214,1211,-997
110000038,236,698,-462
110000039,729,2378,-1649
110000040,338,759,-421
110000041,315,1216,-901
110000042,92,584,-492
110000043,687,253,434
110000044,185,250,-65
110000045,1585,139,1446
110000046,4,19,-15
110000047,13,36,-23
110000048,15,19,-4
110000049,19,5,14
110000050,14,47,-33
110000051,26,6,20
110000052,36,28,8
110000053,136,0,136
110000054,195,402,-207
110000055,511,68,443
110000056,192,63,129
110000057,330,1344,-1014
110000058,1076,960,116
110000059,932,721,211
110000060,554,1158,-604
110000061,1131,1117,14
110000062,907,982,-75
110000063,34,82,-48
110000064,74,292,-218
110000065,63,137,-74
110000066,57,80,-23
110000067,59,755,-696
110000068,235,1206,-971
110000069,169,155,14
110000071,67,192,-125
110000073,4,35,-31
110000075,5,120,-115
110000076,409,528,-119
110000077,706,1601,-895
110000078,16,72,-56
110000080,309,924,-615
110000081,20,387,-367
110000082,14,436,-422
110000083,224,809,-585
110000084,890,813,77
110000085,2868,2025,843
110000086,1513,1901,-388
110000087,10,78,-68
110000088,46,330,-284
110000089,262,276,-14
110000090,170,602,-432
110000091,3574,427,3147
110000092,24,180,-156
110000093,62,17,45
110000094,735,365,370
110000095,152,896,-744
110000096,6164,2246,3918
110000097,1217,1473,-256
110000098,2200,865,1335
110000099,1040,2304,-1264
110000100,570,1484,-914
110000101,15,814,-799
110000102,42,25,17
110000104,229,112,117
110000105,80,401,-321
110000106,568,360,208
110000107,579,619,-40
110000108,198,58,140
110000109,326,494,-168
110000110,6108,4430,1678
110000111,12010,2804,9206
110000112,1837,761,1076
110000113,900,1717,-817
110000114,96,540,-444
110000115,222,408,-186
110000116,42,74,-32
110000117,147,1096,-949
110000118,332,519,-187
110000119,254,719,-465
110000120,345,362,-17
110000121,109,489,-380
110000122,367,866,-499
110000123,457,614,-157
110000124,3,1169,-1166
110000125,1006,9,997
110000126,404,27,377
110000127,954,68,886
110000128,48,2261,-2213
110000129,2,717,-715
110000130,157,212,-55
110000131,151,446,-295
110000132,3,1035,-1032
110000133,80,482,-402
110000134,43,466,-423
110000135,235,51,184
110000136,75,526,-451
110000137,524,1208,-684
110000138,714,1394,-680
110000139,758,2928,-2170
110000140,1389,696,693
110000143,913,586,327
110000144,5799,1867,3932
110000145,1528,1560,-32
110000146,2722,2091,631
110000147,308,1117,-809
110000148,306,588,-282
110000151,789,633,156
110000152,673,417,256
110000153,83,108,-25
110000154,83,21,62
110000155,3659,3786,-127
110000156,891,2204,-1313
110000157,2064,2536,-472
110000160,318,695,-377
110000161,211,812,-601
110000166,476,221,255
110000167,741,609,132
110000168,1072,385,687
110000169,841,380,461
110000170,113,115,-2
110000171,691,237,454
110000172,242,1192,-950
110000173,1842,1633,209
110000174,206,2591,-2385
110000175,449,128,321
110000176,85,303,-218
110000177,232,954,-722
110000178,765,1166,-401
110000179,2397,579,1818
110000180,165,567,-402
110000181,309,675,-366
110000182,476,514,-38
110000183,21105,7536,13569
110000184,2007,2784,-777
110000185,1924,949,975
110000186,1078,1001,77
110000191,541,580,-39
110000192,309,5,304
110000193,650,4,646
110000194,18,2264,-2246
110000195,351,741,-390
110000196,301,895,-594
110000197,63,445,-382
110000198,133,178,-45
110000199,115,148,-33
110000200,2001,909,1092
110000201,857,927,-70
110000202,1422,655,767
110000203,1092,1425,-333
110000204,9,586,-577
110000205,160,74,86
110000206,1109,3049,-1940
110000207,738,530,208
110000208,326,133,193
110000209,156,1669,-1513
110000210,735,1101,-366
110000211,1107,1531,-424
110000212,474,1283,-809
110000213,134,84,50
110000214,128,146,-18
110000215,120,1039,-919
110000216,53,1291,-1238
110000217,280,432,-152
110000218,142,884,-742
110000219,236,120,116
110000220,52,792,-740
110000221,267,111,156
110000222,21,528,-507
110000223,8,211,-203
110000224,105,24,81
110000225,225,782,-557
110000226,249,79,170
110000227,1206,699,507
110000228,583,507,76
110000229,3,432,-429
110000230,975,819,156
110000231,156,270,-114
110000232,250,289,-39
110000233,199,515,-316
110000234,971,662,309
110000235,1590,1324,266
110000236,489,1401,-912
110000237,2373,1493,880
110000238,1063,1817,-754
110000239,1682,1948,-266
110000240,0,146,-146
110000242,1,11,-10
110000243,75,301,-226
110000244,134,769,-635
110000245,27,827,-800
110000246,677,1164,-487
110000247,1813,7699,-5886
110000248,2818,2434,384
110000249,58,11,47
110000250,30,442,-412
110000251,206,1019,-813
110000252,219,469,-250
110000253,1006,924,82
110000254,692,2635,-1943
110000255,303,2178,-1875
110000256,464,351,113
110000257,745,681,64
110000258,10,1093,-1083
110000259,77,29,48
110000260,21,871,-850
110000263,521,138,383
110000264,265,1250,-985
110000265,1258,2068,-810
110000266,2216,2619,-403
110000267,15,420,-405
110000268,351,1167,-816
110000269,3,180,-177
110000270,51,2,49
110000271,3481,491,2990
110000272,1074,1577,-503
110000273,3726,1891,1835
110000274,331,1246,-915
110000275,5911,719,5192
110000276,283,298,-15
110000277,263,908,-645
110000278,336,1526,-1190
110000279,707,902,-195
110000280,227,624,-397
110000281,19,310,-291
110000282,274,89,185
110000283,70,122,-52
110000284,54,74,-20
110000285,1,481,-480
110000286,25,0,25
110000287,94,0,94
110000288,2,182,-180
110000289,723,2246,-1523
110000290,1922,832,1090
110000291,11201,1790,9411
110000292,1482,4555,-3073
110000293,523,1736,-1213
110000294,741,1193,-452
110000295,263,1937,-1674
110000296,444,503,-59
110000297,2893,471,2422
110000298,223,969,-746
110000299,543,72,471
110000301,402,28,374
110000302,244,2518,-2274
110000303,411,15,396
110000304,96,492,-396
110000305,947,48,899
110000306,149,3504,-3355
110000307,1239,19,1220
110000308,526,5,521
110000309,14,2315,-2301
110000310,640,129,511
110000311,35,1485,-1450
110000312,384,97,287
110000313,3523,3439,84
110000314,8,428,-420
110000315,5626,2968,2658
110000316,1018,1601,-583
110000317,802,524,278
110000318,6,162,-156
110000319,9,34,-25
110000320,36,55,-19
110000321,14,41,-27
110000322,221,919,-698
110000323,282,321,-39
110000324,7709,1655,6054
110000325,3249,2642,607
110000327,645,451,194
110000328,234,753,-519
110000333,752,604,148
110000334,717,2234,-1517
110000335,965,906,59
110000336,673,1931,-1258
110000337,1383,826,557
110000338,304,441,-137
110000339,193,384,-191
110000340,79,314,-235
110000341,360,903,-543
110000342,681,10,671
110000343,0,20,-20
110000344,233,356,-123
110000345,297,122,175
110000346,3448,1729,1719
110000347,1167,893,274
110000348,23,30,-7
110000349,9,23,-14
110000350,61,7,54
110000351,844,1292,-448
110000352,533,2270,-1737
110000353,5604,984,4620
110000354,1398,3352,-1954
110000355,102,134,-32
110000356,1070,15,1055
110000357,342,30,312
110000361,23,143,-120
110000362,66,381,-315
110000363,335,173,162
110000364,231,498,-267
110000365,169,3,166
110000366,0,143,-143
110000367,434,642,-208
110000368,44,221,-177
110000369,48,3,45
110000373,8,503,-495
110000374,149,12,137
110000375,250,1389,-1139
110000376,32,113,-81
110000377,75,576,-501
110000378,51,427,-376
110000379,6710,1775,4935
110000380,44,22,22
110000383,5,1496,-1491
110000384,2908,1176,1732
110000385,3,380,-377
110000387,89,12,77
110000388,48,309,-261
110000389,802,11,791
110000391,420,607,-187
110000396,152,214,-62
110000397,105,447,-342
110000398,2,56,-54
110000399,127,1,126
110000587,88,97,-9
110000589,172,242,-70
110000640,166,134,32
110000652,32,227,-195
110000653,157,542,-385
110000654,11,59,-48
110000656,0,1062,-1062
110000674,29,34,-5
110000675,24,36,-12
110000676,25,105,-80
110000679,514,971,-457
110000682,84,189,-105
110000683,578,669,-91
110000684,6,126,-120
110000685,17,24,-7
110000686,3,65,-62
110000687,33,9,24
110000688,57,827,-770
110000689,32,74,-42
110000692,193,570,-377
110000693,253,288,-35
110000694,0,199,-199
110000695,226,1180,-954
110000696,235,379,-144
110900001,271,17,254
110900002,182,453,-271
110900003,493,1687,-1194
110900004,335,333,2
110900005,8703,2057,6646
110900006,28,6,22
110900007,112,14,98
110900008,25,62,-37
110900009,391,62,329
110900010,11,141,-130
110900011,26,272,-246
110900012,5,187,-182
110900013,964,275,689
110900014,180,9,171
110900015,1611,574,1037
110900016,23,337,-314
110900017,308,77,231
110900018,407,65,342
110900019,108,53,55
110900020,94,971,-877
110900021,89,1038,-949
110900022,136,693,-557
110900023,121,1197,-1076
110900024,49,784,-735
110900025,6,91,-85
110900027,46,603,-557
110900028,41,372,-331
110900029,55,842,-787
110900030,32,778,-746
110900031,5,319,-314
110900032,0,181,-181
110900033,38,631,-593
110900035,72,764,-692
110900036,121,31,90
110900037,66,40,26
110900038,2728,309,2419
110900039,16,373,-357
110900040,279,61,218
110900041,14,289,-275
110900042,71,110,-39
110900043,10,276,-266
110900044,322,52,270
110900045,69,1085,-1016
110900046,293,375,-82
110900047,1494,213,1281
110900049,136,67,69
110900050,10,2,8
110900051,39,296,-257
110900052,5,312,-307
110900053,92,84,8
110900054,28,546,-518
110900055,18,1,17
110900056,46,174,-128
110900057,7,377,-370
110900058,225,536,-311
110900059,795,1580,-785
110900060,453,186,267
110900061,35,64,-29
110900062,112,496,-384
110900063,45,237,-192
110900064,20,0,20
110900065,369,172,197
110900066,25,128,-103
110900067,1000,770,230
110900068,267,453,-186
110900069,6,61,-55
110900070,178,71,107
110900071,379,555,-176
110900073,1,42,-41
110900074,302,130,172
110900075,364,103,261
110900077,535,678,-143
110900078,10,251,-241
110900079,2655,882,1773
110900080,97,112,-15
110900081,4,197,-193
110900082,89,498,-409
110900083,105,36,69
110900084,76,409,-333
110900085,75,813,-738
110900086,63,261,-198
110900087,274,82,192
110900088,4,1,3
110900090,36,30,6
110900091,1,91,-90
110900093,523,86,437
110900095,51,65,-14
110900097,16,19,-3
110900098,50,228,-178
110900099,82,1179,-1097
110900100,0,44,-44
110900102,46,34,12
110900105,1543,804,739
110900108,2,275,-273
110900111,508,167,341
110900112,678,16,662
110900113,700,71,629
110900115,4,183,-179
110900116,445,4740,-4295
110900118,186,2241,-2055
110900119,8828,401,8427
110900120,16,214,-198
110900121,79,1,78
110900122,314,215,99
110900125,299,373,-74
110900127,410,1057,-647
110900128,139,220,-81
110900129,381,514,-133
110900130,1692,392,1300
110900131,207,61,146
110900132,276,64,212
110900133,119,542,-423
110900135,120,1055,-935
110900136,309,16,293
110900137,101,1,100
110900138,1569,606,963
110900139,32,99,-67
110900140,75,7,68
110900141,13,185,-172
110900142,90,483,-393
110900143,110,93,17
110900144,4,1171,-1167
110900145,107,36,71
110900146,654,119,535
110900147,427,447,-20
110900148,2,633,-631
110900149,2,107,-105
110900150,24,35,-11
110900151,8,137,-129
110900152,17,642,-625
110900153,73,65,8
111000001,314,268,46
111000002,494,791,-297
111000003,1044,809,235
111000004,731,1558,-827
111000005,1573,1258,315
111000006,1303,2231,-928
111000007,7912,3386,4526
111000008,5658,4422,1236
111000009,406,1308,-902
111000010,834,292,542
111000011,390,1014,-624
111000012,446,396,50
111000013,418,1515,-1097
111000014,897,697,200
111000017,106,957,-851
111000018,267,583,-316
111000020,4381,3226,1155
111000021,178,196,-18
111000023,191,211,-20
111000025,11834,3392,8442
111000029,145,124,21
111000030,55,116,-61
111000031,2443,1126,1317
111000032,720,347,373
111000033,364,236,128
111000034,689,234,455
111000037,5965,1941,4024
111000038,4097,4258,-161
111000039,1791,4294,-2503
111000040,1857,4595,-2738
111000041,1957,2834,-877
111000042,10794,4056,6738
111000043,3070,2580,490
111000044,1601,1126,475
111000045,1845,2786,-941
111000046,1216,1925,-709
111000047,1952,3059,-1107
111000049,371,907,-536
111000050,2800,2479,321
111000051,542,1758,-1216
111000052,714,2207,-1493
111000053,481,1791,-1310
111000054,321,1918,-1597
111000055,1577,3167,-1590
111000056,142,1179,-1037
111000057,78,1389,-1311
111000058,295,153,142
111000059,495,375,120
111000060,3409,756,2653
111000061,629,376,253
111000062,761,325,436
111000063,1861,1225,636
111000064,520,850,-330
111000065,1147,1011,136
111000066,307,369,-62
111000067,581,986,-405
111000068,454,1099,-645
111000069,2072,2763,-691
111000070,3409,1593,1816
111000071,301,1030,-729
111000072,648,417,231
111000073,281,808,-527
111000074,1584,2018,-434
111000075,963,1509,-546
111000076,465,1405,-940
111000077,1367,1812,-445
111000078,2394,1625,769
111000079,1510,1186,324
111000080,555,1014,-459
111000081,3396,5618,-2222
111000082,641,982,-341
111000084,739,808,-69
111000085,1170,2231,-1061
111000086,5788,1623,4165
111000087,958,1234,-276
111000088,11992,2660,9332
111000089,947,1290,-343
111000090,1800,1843,-43
111000091,808,994,-186
111000092,1139,1545,-406
111000093,624,1160,-536
111000094,1905,1292,613
111000095,1025,2693,-1668
111000096,3769,8295,-4526
111000097,9227,1403,7824
111000098,812,2136,-1324
111000099,690,3792,-3102
111000100,462,3801,-3339
111000101,541,1460,-919
111000102,166,1547,-1381
111000104,381,354,27
111000107,89,1660,-1571
111000109,362,304,58
111000110,1166,799,367
111000111,1610,616,994
111000112,1564,464,1100
111000113,768,1110,-342
111000114,1528,2330,-802
111000115,11519,1409,10110
111000116,1128,1406,-278
111000117,698,1360,-662
111000118,1841,1498,343
111000119,969,2655,-1686
111000120,470,850,-380
111000121,254,881,-627
111000122,602,1441,-839
111000123,1243,5561,-4318
111000124,661,5879,-5218
111000125,264,3376,-3112
111000126,132,1648,-1516
111000127,700,200,500
111000128,1315,456,859
111000129,2149,666,1483
111000130,1720,871,849
111000131,1216,736,480
111000132,858,697,161
111000133,143,201,-58
111000134,122,169,-47
111000135,51,170,-119
111000136,370,356,14
111000138,5,7,-2
111000140,0,9,-9
111000141,232,513,-281
111000142,14,151,-137
111000143,2,112,-110
111000144,30,145,-115
111000145,800,7,793
111000146,50,13,37
111000147,209,26,183
111000148,198,205,-7
111000149,2,59,-57
111000150,9,13,-4
111000151,3,28,-25
111000153,744,848,-104
111000154,893,293,600
111000155,149,268,-119
111000156,496,629,-133
111000157,200,898,-698
111000158,1065,782,283
111000159,3954,882,3072
111000160,283,554,-271
111000161,7,376,-369
111000162,7,292,-285
111000163,423,1157,-734
111000164,1121,3939,-2818
111000165,1824,616,1208
111000166,2448,614,1834
111000167,186,846,-660
111000168,274,750,-476
111000169,347,868,-521
111000170,613,668,-55
111000171,417,1517,-1100
111000172,130,852,-722
111000173,214,2062,-1848
111000174,163,1445,-1282
111000175,63,429,-366
111000176,308,249,59
111000177,180,411,-231
111000178,757,369,388
111000179,139,292,-153
111000180,198,467,-269
111000181,831,483,348
111000182,197,256,-59
111000183,299,403,-104
111000184,364,288,76
111000185,436,659,-223
111000186,284,412,-128
111000187,101,425,-324
111000188,194,721,-527
111000189,2260,706,1554
111000190,213,788,-575
111000191,181,709,-528
111000192,275,856,-581
111000193,607,597,10
111000194,26,632,-606
111000195,93,670,-577
111000196,60,440,-380
111000197,243,202,41
111000198,394,146,248
111000199,174,187,-13
111000200,238,384,-146
111000201,448,308,140
111000202,139,285,-146
111000203,209,260,-51
111000204,316,595,-279
111000213,222,536,-314
111000214,1767,2621,-854
111000215,996,2136,-1140
111000217,1158,1396,-238
111000218,1195,1393,-198
111000219,445,321,124
111000220,5227,1142,4085
111000221,937,363,574
111000224,0,285,-285
111000225,222,56,166
111000226,243,2,241
111000227,48,1,47
111000228,14,265,-251
111000229,34,534,-500
111000230,402,1092,-690
111000231,849,2504,-1655
111000232,449,1115,-666
111000233,477,1136,-659
111000234,124,436,-312
111000239,151,346,-195
111000240,44,233,-189
111000241,76,707,-631
111000242,91,117,-26
111000243,108,1363,-1255
111000244,350,173,177
111000245,998,1017,-19
111000246,356,963,-607
111000247,181,1657,-1476
111000248,614,655,-41
111000249,459,1263,-804
111000250,35,282,-247
111000251,59,289,-230
111000253,13,28,-15
111000255,6,15,-9
111000257,27,15,12
111000260,110,2006,-1896
111000261,873,97,776
111000271,41,340,-299
111000273,12453,2196,10257
111000274,1557,2807,-1250
111000275,106,84,22
111000276,356,3947,-3591
111000277,232,775,-543
111000278,594,373,221
111000291,538,4056,-3518
111000298,523,395,128
111000299,651,180,471
111000300,122,1024,-902
111000302,305,89,216
111000303,85,488,-403
111000312,57,90,-33
111000315,1,74,-73
111000320,473,1264,-791
111000321,308,129,179
111000322,325,876,-551
111000323,165,32,133
111000324,406,378,28
111000325,43,64,-21
111000326,147,417,-270
111000327,409,830,-421
111000328,216,564,-348
111000329,1,18,-17
111000330,25,29,-4
111000331,7,11,-4
111000332,494,2187,-1693
111000334,533,2417,-1884
111000335,605,220,385
111000337,815,658,157
111000338,30,204,-174
111000339,243,1096,-853
111000340,175,1579,-1404
111000341,904,553,351
111000342,157,350,-193
111000344,979,1162,-183
111000345,254,75,179
111000346,19,146,-127
111000347,102,6,96
111000350,160,235,-75
111000351,112,268,-156
111000352,176,364,-188
111000353,142,407,-265
111000354,436,462,-26
111000355,361,1197,-836
111000358,163,3373,-3210
111000360,152,1790,-1638
111000361,130,842,-712
111000546,516,1249,-733
111000547,265,1497,-1232
111000548,69,323,-254
111000549,308,984,-676
111000550,72,658,-586
111000551,823,350,473
111000552,783,64,719
111000907,305,18,287
111000908,8,0,8
111000916,1068,417,651
111000917,36,596,-560
111000918,166,2170,-2004
111000920,264,12,252
111000921,1,386,-385
111000922,308,424,-116
111000924,52,2179,-2127
111000925,2676,2619,57
111000926,1148,3612,-2464
111000927,2841,5520,-2679
111000928,8047,5550,2497
111000929,1080,1319,-239
111000930,808,3731,-2923
111000931,1962,2421,-459
111000932,5499,3544,1955
111000933,3643,2227,1416
111000934,2829,4170,-1341
111000935,1061,1136,-75
111000936,1114,3103,-1989
111000937,681,1480,-799
111000938,2355,3207,-852
111000939,306,83,223
111000940,287,255,32
111000941,332,1193,-861
111000943,292,399,-107
111000944,114,841,-727
111000945,60,4082,-4022
111001109,552,274,278
111001110,312,820,-508
111001111,48,5,43
111001112,177,79,98
111001113,1,173,-172
111001114,1543,75,1468
111001115,32,537,-505
111001116,8062,2840,5222
111001117,1155,1221,-66
111001120,87,665,-578
111001121,134,534,-400
111001122,90,535,-445
111001123,64,100,-36
111900001,7,220,-213
111900002,12,1607,-1595
111900003,7,864,-857
111900004,43,337,-294
111900006,13,19,-6
111900007,69,8,61
111900008,88,1,87
111900009,159,379,-220
111900010,368,944,-576
111900012,105,226,-121
111900013,5,76,-71
111900014,12493,3053,9440
111900015,3,123,-120
111900016,2,288,-286
111900017,1,278,-277
111900018,94,2,92
111900019,2,172,-170
111900020,15,102,-87
111900021,37,175,-138
111900022,19,99,-80
111900023,301,94,207
111900024,0,115,-115
111900025,1,97,-96
111900026,2,141,-139
111900027,6,281,-275
111900028,5,726,-721
111900029,4,251,-247
111900030,135,757,-622
111900031,24,123,-99
111900032,1,616,-615
111900033,7,207,-200
111900034,335,909,-574
111900035,31,360,-329
111900036,2,610,-608
111900038,533,968,-435
111900039,74,875,-801
111900040,6,1065,-1059
111900042,60,219,-159
111900043,16,839,-823
111900044,330,565,-235
111900046,42,435,-393
111900048,175,1529,-1354
111900049,26,488,-462
111900050,96,27,69
111900051,4,436,-432
111900052,497,862,-365
111900053,2049,810,1239
111900054,114,2,112
111900055,50,1161,-1111
111900056,269,171,98
111900057,75,70,5
111900058,288,1414,-1126
111900059,4625,421,4204
111900060,332,1,331
111900061,29,529,-500
111900062,20,42,-22
111900063,163,410,-247
111900064,101,559,-458
111900065,86,27,59
111900066,181,178,3
111900067,4,661,-657
111900068,34,48,-14
111900069,49,39,10
111900070,116,200,-84
111900071,3,608,-605
111900072,53,20,33
111900073,426,124,302
111900074,14,476,-462
111900075,45,13,32
111900076,128,61,67
111900077,38,1,37
111900078,210,11,199
111900079,42,13,29
111900080,291,177,114
111900081,1547,166,1381
111900082,114,17,97
111900083,97,15,82
111900084,68,3,65
111900085,37,105,-68
111900086,39,2,37
111900087,26,1,25
111900088,420,7,413
111900089,113,4,109
111900090,98,58,40
111900091,121,3,118
111900092,56,0,56
111900093,305,4,301
111900094,78,1,77
111900095,163,18,145
111900096,115,3,112
111900097,31,1,30
111900098,127,1,126
111900099,55,0,55
111900100,109,10,99
111900101,67,14,53
111900102,308,1377,-1069
111900103,97,67,30
111900104,87,68,19
111900105,518,341,177
111900106,3297,113,3184
111900107,123,229,-106
111900108,196,125,71
111900109,891,268,623
111900110,4565,400,4165
111900111,96,413,-317
111900112,1578,1762,-184
111900113,365,62,303
111900114,310,177,133
111900115,50,61,-11
111900118,169,79,90
111900119,277,142,135
111900122,103,68,35
111900123,22,30,-8
111900124,49,191,-142
111900125,456,25,431
111900126,258,4,254
111900127,6,1205,-1199
111900128,11,1175,-1164
111900129,197,2,195
111900130,202,21,181
111900131,299,1,298
111900132,65,2795,-2730
111900133,3,870,-867
111900134,29,503,-474
111900135,7,30,-23
111900136,79,188,-109
111900137,74,119,-45
111900138,22,203,-181
111900139,39,355,-316
111900140,65,34,31
111900141,64,16,48
111900142,112,22,90
111900143,19,355,-336
111900144,3,326,-323
111900145,4,1115,-1111
111900146,8,617,-609
111900147,213,914,-701
111900148,52,1539,-1487
111900149,5,638,-633
111900150,18,348,-330
111900151,3,39,-36
111900152,130,102,28
111900153,2980,374,2606
111900154,10,233,-223
111900155,108,63,45
111900156,40,59,-19
111900157,67,25,42
111900158,359,33,326
111900159,231,17,214
111900160,206,0,206
111900161,96,22,74
111900162,110,163,-53
111900163,85,459,-374
111900164,68,89,-21
111901113,292,410,-118
111901114,211,703,-492
111901115,76,4,72
111901116,82,1,81
111901117,45,32,13
111901118,262,231,31
111901119,2953,271,2682
111901120,168,620,-452
111901121,294,852,-558
111901122,9,1149,-1140
111901123,102,708,-606
111901124,143,5,138
111901125,268,274,-6
111901126,72,53,19
111901127,2121,509,1612
111901128,24,260,-236
111901129,6,406,-400
111901130,13,675,-662
111901131,7,457,-450
111901132,108,6,102
111901133,52,0,52
111901134,60,6,54
111901135,16,17,-1
111901136,27,37,-10
111901137,0,31,-31
111901138,137,71,66
111901139,26,96,-70
111901140,10,278,-268
111901141,14,617,-603
111901142,10,406,-396
111901143,2,224,-222
111901144,22,29,-7
112000001,1987,1466,521
112000002,920,3620,-2700
112000003,795,1656,-861
112000004,831,2808,-1977
112000005,2504,2801,-297
112000006,2469,3506,-1037
112000007,2032,1773,259
112000008,2481,4592,-2111
112000009,5460,5892,-432
112000010,2427,3356,-929
112000011,2420,3787,-1367
112000012,6877,3191,3686
112000013,7685,4779,2906
112000014,3334,1123,2211
112000015,3727,4145,-418
112000016,6894,1145,5749
112000017,3042,2550,492
112000024,3296,1317,1979
112000026,6636,8204,-1568
112000027,1159,664,495
112000028,2427,2860,-433
112000029,476,775,-299
112000030,255,224,31
112000031,2024,4190,-2166
112000032,613,101,512
112000033,2587,1727,860
112000034,247,67,180
112000035,141,461,-320
112000036,1048,1108,-60
112000037,1707,1070,637
112000038,1397,1375,22
112000039,44,129,-85
112000040,212,376,-164
112000041,665,711,-46
112000042,1619,398,1221
112000050,992,2153,-1161
112000051,937,1254,-317
112000054,2243,3831,-1588
112000057,704,519,185
112000058,460,878,-418
112000059,936,891,45
112000061,5865,3217,2648
112000062,3103,1384,1719
112000063,2199,1423,776
112000064,6294,8811,-2517
112000065,3160,4124,-964
112000066,3608,1375,2233
112000067,922,1082,-160
112000068,2642,1906,736
112000069,887,3385,-2498
112000070,2193,970,1223
112000071,830,4572,-3742
112000072,1580,1352,228
112000073,1658,2730,-1072
112000074,1339,1481,-142
112000075,1323,1682,-359
112000076,4056,3990,66
112000077,483,1067,-584
112000078,1258,1015,243
112000079,1405,1874,-469
112000080,702,1359,-657
112000081,1697,2962,-1265
112000082,1460,1072,388
112000083,622,2167,-1545
112000084,1266,1042,224
112000085,1094,1844,-750
112000086,1536,2229,-693
112000087,269,620,-351
112000088,445,1102,-657
112000089,375,401,-26
112000090,221,621,-400
112000091,646,1812,-1166
112000092,1497,1288,209
112000093,1745,1558,187
112000094,509,1149,-640
112000095,568,1192,-624
112000096,372,1013,-641
112000097,783,675,108
112000098,1362,2687,-1325
112000099,639,1049,-410
112000100,1384,1727,-343
112000101,470,1578,-1108
112000102,872,1052,-180
112000103,449,2138,-1689
112000105,542,3263,-2721
112000106,1088,613,475
112000107,18,264,-246
112000108,243,2745,-2502
112000109,69,88,-19
112000110,1415,599,816
112000111,2064,6747,-4683
112000112,6500,979,5521
112000113,1335,2886,-1551
112000114,3901,1744,2157
112000115,355,819,-464
112000116,751,1796,-1045
112000117,1038,1297,-259
112000118,1351,1360,-9
112000119,494,1649,-1155
112000120,82,685,-603
112000121,134,1211,-1077
112000122,176,195,-19
112000123,489,180,309
112000124,215,119,96
112000125,159,214,-55
112000126,106,1461,-1355
112000127,3249,2163,1086
112000128,1693,1328,365
112000129,105,149,-44
112000130,130,67,63
112000131,38,760,-722
112000132,103,444,-341
112000133,323,719,-396
112000134,449,541,-92
112000135,1118,1036,82
112000136,1453,1831,-378
112000137,2426,2565,-139
112000138,3213,1773,1440
112000139,1183,461,722
112000140,1179,1617,-438
112000141,537,280,257
112000142,176,1518,-1342
112000143,997,273,724
112000144,401,2845,-2444
112000145,1761,795,966
112000146,738,3809,-3071
112000147,1657,1992,-335
112000148,1762,3364,-1602
112000149,293,1269,-976
112000150,149,1031,-882
112000151,312,1242,-930
112000152,283,540,-257
112000153,218,513,-295
112000154,112,247,-135
112000155,169,160,9
112000157,932,723,209
112000158,308,1646,-1338
112000159,305,496,-191
112000167,287,47,240
112000169,483,452,31
112000173,534,354,180
112000175,531,741,-210
112000176,5564,3315,2249
112000177,514,150,364
112000178,82,1022,-940
112000179,195,237,-42
112000180,273,452,-179
112000181,1584,3188,-1604
112000182,917,3808,-2891
112000183,76,94,-18
112000184,291,1188,-897
112000185,421,840,-419
112000187,6100,3956,2144
112000195,203,8,195
112000196,158,3,155
112000197,163,174,-11
112000198,33,584,-551
112000199,257,1296,-1039
112000202,282,4,278
112000216,77,304,-227
112000230,91,8,83
112000231,7,604,-597
112000256,56,258,-202
112000313,276,275,1
112000314,29,20,9
112000337,255,898,-643
112000352,316,317,-1
112000392,2891,2222,669
112000398,924,1049,-125
112000399,4414,1969,2445
112000400,2745,5693,-2948
112000401,3221,3822,-601
112000402,2132,2718,-586
112000403,2705,2469,236
112000404,453,811,-358
112000405,1591,2986,-1395
112000406,4749,4689,60
112000407,5168,7867,-2699
112000408,12410,10105,2305
112000409,2145,7700,-5555
112000410,424,207,217
112000411,8800,1695,7105
112000412,1983,699,1284
112000413,16253,4034,12219
112000414,107,154,-47
112000415,74,104,-30
112000416,1883,1616,267
112000417,197,74,123
112000421,46,263,-217
112000422,359,1120,-761
112000424,4866,2343,2523
112000425,528,1820,-1292
112000426,121,347,-226
112000427,1,19,-18
112000428,147,862,-715
112000429,2734,3915,-1181
112000430,2865,3703,-838
112000431,68,193,-125
112000432,799,3405,-2606
112000433,593,1178,-585
112000437,55,458,-403
112900001,58,1,57
112900002,250,1889,-1639
112900003,39,555,-516
112900004,42,545,-503
112900005,152,325,-173
112900006,12,724,-712
112900007,22,282,-260
112900008,0,34,-34
112900009,468,85,383
112900010,255,1162,-907
112900011,467,464,3
112900012,1,85,-84
112900013,3,440,-437
112900014,4,489,-485
112900015,538,1643,-1105
112900016,1,545,-544
112900017,56,476,-420
112900018,2,575,-573
112900019,101,256,-155
112900020,716,2531,-1815
112900021,2,489,-487
112900022,26,128,-102
112900023,1,491,-490
112900024,32,435,-403
112900025,158,535,-377
112900026,14,571,-557
112900027,13,2027,-2014
112900028,32,180,-148
112900029,19,1061,-1042
112900030,323,323,0
112900031,11,871,-860
112900032,168,390,-222
112900034,2,112,-110
112900035,13,806,-793
112900036,40,230,-190
112900037,166,171,-5
112900038,503,249,254
112900039,9,513,-504
112900040,10,686,-676
112900041,2134,1396,738
112900042,58,903,-845
112900043,16,102,-86
112900044,1264,667,597
112900045,654,584,70
112900046,307,146,161
112900047,33,37,-4
112900049,113,119,-6
112900050,110,933,-823
112900051,437,1493,-1056
112900052,8,1915,-1907
112900053,463,225,238
112900054,380,34,346
112900055,210,43,167
112900056,393,200,193
112900057,13,1239,-1226
112900058,370,263,107
112900059,161,253,-92
112900060,19,566,-547
112900061,78,282,-204
112900062,58,221,-163
112900063,117,10,107
112900064,310,311,-1
112900065,74,31,43
112900066,280,112,168
112900067,764,255,509
112900068,53,26,27
112900069,3984,776,3208
112900071,19,2,17
112900072,536,1400,-864
112900073,389,68,321
112900074,64,159,-95
112900075,3279,830,2449
112900076,139,22,117
112900078,237,456,-219
112900079,280,15,265
112900080,30,2,28
112900081,39,183,-144
112900082,239,19,220
112900083,168,48,120
112900084,124,79,45
112900085,0,8,-8
112900086,61,0,61
112900087,473,153,320
112900088,156,6,150
112900089,736,26,710
112900090,67,18,49
112900091,114,3,111
112900092,171,216,-45
112900093,1557,19,1538
112900094,77,5,72
112900095,26,0,26
112900096,298,152,146
112900097,83,819,-736
112900098,76,2,74
112900099,552,20,532
112900100,34,0,34
112900101,223,2,221
112900102,239,6,233
112900103,131,3,128
112900104,9,2,7
112900105,6,0,6
112900106,321,140,181
112900107,2,0,2
112900108,38,3,35
112900109,50,1,49
112900110,649,3,646
112900111,439,1,438
112900112,265,0,265
112900113,0,15,-15
112900114,88,76,12
112900115,654,7,647
112900116,67,34,33
112900117,180,198,-18
112900118,47,133,-86
112900119,140,7,133
112900120,1119,357,762
112900121,445,267,178
112900122,25,253,-228
112900123,181,22,159
112900124,11,335,-324
112900125,109,514,-405
112900126,175,327,-152
112900127,365,52,313
112900128,709,1331,-622
112900129,9,1622,-1613
112900130,264,84,180
112900131,67,344,-277
112900132,78,665,-587
112900133,44,1916,-1872
112900134,3,486,-483
112900135,98,71,27
112900136,0,78,-78
112900137,4,1132,-1128
112900138,11,751,-740
112900139,313,2374,-2061
112900140,0,107,-107
112900141,591,39,552
112900142,97,184,-87
112900143,54,1074,-1020
112900144,10,498,-488
112900145,40,795,-755
112900146,15,2353,-2338
112900147,9,3987,-3978
112900148,34,1,33
112900149,278,654,-376
112900151,18,57,-39
112900152,6937,1331,5606
112900153,2726,1881,845
112900154,0,111,-111
112900155,210,9,201
112900156,332,2818,-2486
112900157,105,17,88
112900158,25,30,-5
112900159,289,77,212
112900160,45,434,-389
112900161,118,31,87
112900162,55,30,25
112900163,218,18,200
112900164,34,137,-103
112900165,144,103,41
112900166,30,48,-18
112900167,12,44,-32
112900168,3,2,1
112900169,13,14,-1
112900170,43,169,-126
112900172,112,7,105
112900173,375,179,196
112900174,355,36,319
112900175,210,228,-18
112900176,7,22,-15
112900177,191,34,157
112900178,794,2321,-1527
112900179,43,740,-697
112900180,2036,2969,-933
112900181,388,8,380
112900182,39,2251,-2212
112900183,204,340,-136
112900184,655,424,231
112900185,507,601,-94
112900186,2304,1027,1277
112900187,103,489,-386
112900188,1063,675,388
112900189,100,51,49
112900190,3,100,-97
112900192,629,548,81
112900193,1390,346,1044
112900194,60,172,-112
112900195,757,49,708
112900196,376,922,-546
112900197,249,684,-435
112900199,458,1193,-735
112900200,531,525,6
112900201,65,151,-86
112900202,297,1652,-1355
112900203,175,608,-433
112900204,1371,673,698
112900205,1,23,-22
112900206,5,109,-104
112900207,4,0,4
112900208,63,233,-170
112900209,714,707,7
112900210,0,14,-14
112900211,84,145,-61
112900212,0,121,-121
112900213,18,6,12
112900214,47,7,40
112900215,16,363,-347
112900216,52,112,-60
112900217,2,110,-108
112900218,31,43,-12
112900219,32,42,-10
112900220,4,0,4
112900221,5,261,-256
112900222,0,44,-44
112900223,918,14,904
112900224,244,1548,-1304
112900225,400,1063,-663
112900226,255,471,-216
112900227,325,2143,-1818
112900228,28,23,5
112900229,159,119,40
112900230,12015,4598,7417
112900232,223,260,-37
112900233,69,432,-363
112900234,11,220,-209
112900235,81,29,52
112900236,205,34,171
112900237,115,649,-534
112900238,5,59,-54
113000001,5977,9070,-3093
113000002,4325,5719,-1394
113000003,2502,3740,-1238
113000004,2574,3522,-948
113000005,1689,1951,-262
113000006,1430,2115,-685
113000007,1578,2214,-636
113000008,1908,2956,-1048
113000009,1034,1377,-343
113000010,1363,2559,-1196
113000011,1032,2196,-1164
113000012,1325,1244,81
113000013,1491,818,673
113000014,2176,1757,419
113000015,745,295,450
113000016,489,605,-116
113000017,127,359,-232
113000018,360,88,272
113000019,146,311,-165
113000020,141,45,96
113000021,1971,734,1237
113000022,770,2063,-1293
113000025,90,399,-309
113000026,388,681,-293
113000027,1799,616,1183
113000028,2651,793,1858
113000029,1243,764,479
113000030,697,767,-70
113000031,247,397,-150
113000032,338,405,-67
113000033,487,615,-128
113000034,520,549,-29
113000035,22,64,-42
113000036,31,70,-39
113000037,136,47,89
113000038,19,81,-62
113000039,87,944,-857
113000040,42,135,-93
113000042,1200,855,345
113000051,1077,3339,-2262
113000052,3172,2045,1127
113000053,370,974,-604
113000054,329,1339,-1010
113000055,1130,1465,-335
113000056,862,2043,-1181
113000058,947,1062,-115
113000059,1615,952,663
113000060,233,713,-480
113000061,943,1231,-288
113000062,2048,423,1625
113000063,92,490,-398
113000064,42,768,-726
113000065,218,2031,-1813
113000066,623,152,471
113000067,1730,2110,-380
113000068,413,3289,-2876
113000069,665,2453,-1788
113000070,1930,1557,373
113000071,472,1120,-648
113000072,747,692,55
113000073,886,2625,-1739
113000074,1082,566,516
113000075,2435,982,1453
113000076,1894,2933,-1039
113000077,1688,794,894
113000078,1118,3592,-2474
113000079,1083,1115,-32
113000080,807,780,27
113000081,1053,1160,-107
113000082,1731,1117,614
113000083,721,1084,-363
113000084,2173,1823,350
113000085,1069,969,100
113000086,1372,2084,-712
113000087,1199,1003,196
113000088,3365,2024,1341
113000089,1106,1734,-628
113000090,274,635,-361
113000091,912,421,491
113000094,1213,283,930
113000095,252,1819,-1567
113000096,172,1485,-1313
113000097,1350,502,848
113000098,163,68,95
113000099,1313,483,830
113000100,177,707,-530
113000101,555,989,-434
113000102,626,425,201
113000103,3385,787,2598
113000104,503,4188,-3685
113000105,793,686,107
113000106,511,954,-443
113000107,879,1255,-376
113000108,1165,2309,-1144
113000109,749,6706,-5957
113000110,2122,654,1468
113000111,277,1209,-932
113000112,250,422,-172
113000113,2627,424,2203
113000114,369,3116,-2747
113000116,1052,314,738
113000117,1449,191,1258
113000118,242,637,-395
113000119,295,589,-294
113000120,70,367,-297
113000121,942,1531,-589
113000124,262,159,103
113000125,99,802,-703
113000127,5466,861,4605
113000128,827,857,-30
113000129,730,2505,-1775
113000133,6871,2359,4512
113000134,12,1486,-1474
113000135,3529,4519,-990
113000137,2746,3361,-615
113000139,541,241,300
113000140,162,382,-220
113000141,565,229,336
113000142,912,1644,-732
113000143,335,252,83
113000144,383,1094,-711
113000145,84,244,-160
113000146,150,151,-1
113000147,193,226,-33
113000148,130,269,-139
113000149,74,229,-155
113000150,660,694,-34
113000151,113,162,-49
113000152,55,239,-184
113000153,2553,804,1749
113000154,920,2395,-1475
113000155,406,700,-294
113000156,188,595,-407
113000157,314,1367,-1053
113000158,713,301,412
113000159,889,839,50
113000160,634,1958,-1324
113000161,296,975,-679
113000162,636,560,76
113000163,112,58,54
113000164,20,141,-121
113000166,115,99,16
113000167,21,223,-202
113000168,64,245,-181
113000169,179,125,54
113000170,80,147,-67
113000171,46,114,-68
113000172,222,121,101
113000173,65,26,39
113000174,142,710,-568
113000175,380,119,261
113000176,502,189,313
113000177,187,713,-526
113000178,208,498,-290
113000179,365,212,153
113000180,838,2193,-1355
113000181,983,1434,-451
113000182,268,559,-291
113000183,249,790,-541
113000184,22,169,-147
113000189,585,1233,-648
113000190,1623,763,860
113000192,3824,1917,1907
113000193,9172,1253,7919
113000194,3031,1529,1502
113000195,3766,854,2912
113000196,223,159,64
113000197,2462,1566,896
113000198,73,435,-362
113000199,1764,743,1021
113000201,1029,251,778
113000202,6613,4875,1738
113000203,556,346,210
113000204,2732,2254,478
113000205,17,46,-29
113000206,24,45,-21
113000207,62,39,23
113000208,64,90,-26
113000209,31,22,9
113000210,19,45,-26
113000211,344,291,53
113000212,279,33,246
113000213,32,224,-192
113000214,218,389,-171
113000234,235,2023,-1788
113000410,281,294,-13
113000411,3947,6200,-2253
113000412,12244,3072,9172
113000413,4362,3605,757
113000414,10924,17177,-6253
113000415,3319,4645,-1326
113000416,13254,6237,7017
113000417,4245,5089,-844
113000418,4365,3350,1015
113000419,2021,3058,-1037
113000420,4598,6428,-1830
113000421,4715,7652,-2937
113000422,20376,12884,7492
113000423,3004,5712,-2708
113000424,5490,11317,-5827
113000425,7,108,-101
113000428,731,74,657
113000430,65,214,-149
113000432,2005,213,1792
113000433,163,1744,-1581
113000434,25,447,-422
113000435,22,1677,-1655
113000436,48,2728,-2680
113000437,711,18,693
113000438,255,17,238
113000439,18,248,-230
113000440,80,34,46
113000441,131,314,-183
113000442,192,363,-171
113000443,103,623,-520
113000444,199,491,-292
113000445,107,284,-177
113000446,18,123,-105
113000448,328,343,-15
113000449,539,1003,-464
113000450,1424,5226,-3802
113000451,2418,288,2130
113000452,689,675,14
113000453,66,463,-397
113000454,2058,26,2032
113000455,10,229,-219
113000456,5566,3187,2379
113000468,5096,394,4702
113000469,564,290,274
113000470,1088,141,947
113000471,17,725,-708
113000472,93,443,-350
113000474,315,856,-541
113000475,1800,3044,-1244
113000476,1099,2524,-1425
113000477,2325,2526,-201
113000478,4953,9170,-4217
113000479,86,429,-343
113000480,148,176,-28
113000481,0,0,0
113000483,0,0,0
113000485,3,1,2
113000486,2,0,2
113000487,0,0,0
113000488,0,0,0
113000489,0,2,-2
113000490,0,1,-1
113000491,4,40,-36
113000492,5,27,-22
113000493,2,0,2
113000495,176,226,-50
113000496,61,139,-78
113000497,0,0,0
113000500,0,4,-4
113900001,10,445,-435
113900002,4,453,-449
113900003,3,343,-340
113900004,0,115,-115
113900005,0,91,-91
113900006,1,51,-50
113900007,139,22,117
113900008,173,0,173
113900009,648,1,647
113900010,430,2,428
113900011,56,2,54
113900012,35,5,30
113900013,1962,6,1956
113900014,863,3,860
113900015,0,91,-91
113900016,34,0,34
113900017,4,112,-108
113900018,736,201,535
113900019,94,60,34
113900020,104,1,103
113900022,19,0,19
113900023,37,0,37
113900024,53,143,-90
113900025,393,45,348
113900026,54,1,53
113900027,9,154,-145
113900028,26,671,-645
113900029,62,420,-358
113900030,169,1,168
113900031,8,1,7
113900032,20,0,20
113900033,45,114,-69
113900035,64,1,63
113900036,17,242,-225
113900037,123,920,-797
113900038,55,152,-97
113900039,196,13,183
113900040,4,11,-7
113900041,4,5,-1
113900042,99,109,-10
113900043,290,199,91
113900044,287,145,142
113900045,57,0,57
113900046,322,1066,-744
113900047,52,256,-204
113900048,377,88,289
113900049,1273,418,855
113900050,213,721,-508
113900051,303,720,-417
113900052,243,222,21
113900053,619,391,228
113900054,34,17,17
113900055,98,885,-787
113900056,95,257,-162
113900057,23,163,-140
113900058,80,328,-248
113900059,258,577,-319
113900060,124,452,-328
113900061,1607,235,1372
113900062,139,21,118
113900063,81,227,-146
113900064,30,208,-178
113900065,671,31,640
113900066,354,733,-379
113900067,99,652,-553
113900068,507,552,-45
113900069,80,42,38
113900070,212,652,-440
113900071,51,152,-101
113900072,54,263,-209
113900073,194,584,-390
113900074,46,655,-609
113900075,1412,1301,111
113900076,224,10,214
113900077,56,339,-283
113900078,103,108,-5
113900079,1,148,-147
113900080,429,254,175
113900081,52,361,-309
113900082,96,345,-249
113900083,206,1042,-836
113900084,261,142,119
113900085,45,528,-483
113900086,15,12,3
113900087,54,250,-196
113900088,42,87,-45
113900089,502,58,444
113900090,652,600,52
113900091,53,73,-20
113900092,36,117,-81
113900093,178,852,-674
113900094,425,564,-139
113900095,132,150,-18
113900096,290,97,193
113900097,10,165,-155
113900098,712,134,578
113900099,1,197,-196
113900100,0,2,-2
113900101,24,113,-89
113900102,164,143,21
113900103,319,263,56
113900104,138,289,-151
113900105,77,572,-495
113900106,4,192,-188
113900107,3,73,-70
113900108,357,238,119
113900109,539,192,347
113900110,45,39,6
113900111,65,167,-102
113900112,157,118,39
113900113,902,641,261
113900114,2,196,-194
113900115,6,198,-192
113900116,115,179,-64
113900117,82,53,29
113900118,250,327,-77
113900119,359,581,-222
113900120,83,41,42
113900121,61,133,-72
113900122,451,2001,-1550
113900123,615,209,406
113900124,3,104,-101
113900125,2321,158,2163
113900126,151,60,91
113900127,278,645,-367
113900128,139,86,53
113900129,20,136,-116
113900130,8,20,-12
113900131,203,131,72
113900132,61,43,18
113900133,30,51,-21
113900135,352,929,-577
113900136,144,136,8
113900137,484,292,192
113900138,93,230,-137
113900139,847,172,675
113900140,468,439,29
113900141,437,951,-514
113900142,87,118,-31
113900143,13,40,-27
113900144,432,301,131
113900145,349,291,58
113900146,116,125,-9
113900148,177,355,-178
113900149,175,67,108
113900150,1160,902,258
113900151,303,349,-46
113900152,12,51,-39
113900153,466,857,-391
113900154,5,144,-139
113900155,322,173,149
113900156,353,985,-632
113900157,50,306,-256
113900158,737,382,355
113900159,16,309,-293
113900160,589,996,-407
113900161,58,258,-200
113900162,914,969,-55
113900163,444,358,86
113900164,358,79,279
113900165,725,696,29
113900166,321,221,100
113900167,177,55,122
113900168,186,147,39
113900169,329,598,-269
113900171,133,100,33
113900172,18,346,-328
113900173,78,1234,-1156
113900174,596,1026,-430
113900175,401,175,226
113900176,308,1091,-783
113900177,368,319,49
113900178,337,148,189
113900179,37,1197,-1160
113900180,221,201,20
113900181,584,116,468
113900182,731,1377,-646
113900183,86,110,-24
113900184,36,1195,-1159
113900185,180,131,49
113900186,52,88,-36
113900187,41,205,-164
113900188,59,263,-204
113900189,322,123,199
113900190,362,181,181
113900191,201,364,-163
113900192,9,590,-581
113900193,42,503,-461
113900194,3557,1296,2261
113900195,406,720,-314
113900196,9,203,-194
113900197,10,508,-498
113900198,46,184,-138
113900199,243,1107,-864
113900200,24,385,-361
113900201,4,482,-478
113900202,47,380,-333
113900203,3,247,-244
113900204,63,827,-764
113900205,14,264,-250
113900206,10,217,-207
113900207,0,73,-73
113900208,0,81,-81
113900209,0,153,-153
113900210,1041,835,206
113900211,179,77,102
113900212,214,1027,-813
113900214,609,631,-22
113900215,80,246,-166
113900216,140,2157,-2017
113900217,51,437,-386
113900218,126,46,80
113900219,145,872,-727
113900220,137,100,37
113900221,449,184,265
113900222,477,643,-166
113900223,120,1611,-1491
113900224,153,93,60
113900225,1208,332,876
113900226,278,241,37
113900227,311,255,56
113900228,457,469,-12
113900229,58,729,-671
113900230,7163,3095,4068
113900231,208,372,-164
113900232,79,128,-49
113900233,58,81,-23
113900234,351,514,-163
113900235,67,34,33
113900236,100,618,-518
113900237,138,6,132
113900238,287,584,-297
113900239,87,78,9
113900240,2,142,-140
113900241,160,116,44
113900242,40,276,-236
113900243,172,565,-393
113900244,626,259,367
113900245,1689,395,1294
113900246,32,10,22
113900247,188,357,-169
113900248,5700,1979,3721
113900249,2111,495,1616
113900250,87,181,-94
113900251,639,412,227
113900252,534,13,521
113900253,764,77,687
113900254,827,232,595
113900255,412,36,376
113900256,320,61,259
113900257,44,1156,-1112
113900258,22,1083,-1061
113900259,485,387,98
113900260,173,5,168
113900261,46,190,-144
113900262,155,1158,-1003
113900263,239,849,-610
113900264,9,911,-902
113900265,198,469,-271
113900266,24,409,-385
113900267,137,784,-647
113900268,250,390,-140
113900269,69,195,-126
113900270,591,494,97
113900271,619,1916,-1297
113900273,197,10,187
113900274,43,17,26
113900275,36,64,-28
113900276,10,511,-501
113900277,110,11,99
113900278,375,228,147
113900279,127,143,-16
113900280,1431,860,571
113900281,511,1517,-1006
113900282,1230,728,502
113900283,489,602,-113
113900284,919,216,703
113900285,129,28,101
113900286,107,212,-105
113900287,51,178,-127
113900288,5,131,-126
113900289,2009,123,1886
113900290,711,210,501
113900291,171,231,-60
113900292,21,21,0
113900293,2,505,-503
113900294,461,50,411
113900295,513,437,76
113900296,3939,512,3427
113900297,1318,63,1255
113900298,11,2734,-2723
113900299,33,314,-281
113900300,9720,3666,6054
113900301,1548,504,1044
113900302,3512,1059,2453
113900303,976,503,473
113900304,1,251,-250
113900305,78,0,78
113900306,26,2,24
113900307,91,0,91
113900308,89,201,-112
113900309,11,1541,-1530
113900310,0,23,-23
113900311,2,1,1
113900312,191,184,7
113900313,20,34,-14
114000001,1617,6778,-5161
114000002,158,814,-656
114000003,43,593,-550
114000004,372,726,-354
114000005,224,330,-106
114000006,3572,3736,-164
114000007,799,2509,-1710
114000008,1700,1896,-196
114000009,417,309,108
114000011,3102,6546,-3444
114000012,2045,5064,-3019
114000013,1641,3798,-2157
114000014,424,721,-297
114000015,1446,917,529
114000016,202,666,-464
114000017,115,250,-135
114000018,1029,120,909
114000026,1327,2884,-1557
114000027,2532,3284,-752
114000028,2796,3089,-293
114000038,222,185,37
114000039,109,266,-157
114000040,58,182,-124
114000042,129,272,-143
114000043,67,316,-249
114000044,131,73,58
114000045,57,180,-123
114000046,3261,7842,-4581
114000047,20,117,-97
114000048,96,76,20
114000049,1542,2016,-474
114000050,1629,2080,-451
114000051,3707,2435,1272
114000052,3669,1691,1978
114000053,95,914,-819
114000054,163,2544,-2381
114000055,309,55,254
114000056,1331,1008,323
114000057,17545,3735,13810
114000058,737,1368,-631
114000059,502,279,223
114000060,713,1065,-352
114000061,4894,2416,2478
114000062,3173,1567,1606
114000063,3789,2221,1568
114000064,9802,3890,5912
114000065,2890,3718,-828
114000066,405,1023,-618
114000067,25,447,-422
114000068,451,603,-152
114000069,920,841,79
114000070,2485,2067,418
114000071,649,1002,-353
114000072,333,930,-597
114000073,5,265,-260
114000074,19,14,5
114000075,42,313,-271
114000076,6,353,-347
114000077,15,111,-96
114000078,260,1804,-1544
114000079,108,21,87
114000080,102,117,-15
114000081,59,126,-67
114000082,67,987,-920
114000083,72,480,-408
114000084,233,109,124
114000085,122,1304,-1182
114000086,285,919,-634
114000087,45,351,-306
114000088,65,124,-59
114000089,2995,741,2254
114000090,675,777,-102
114000091,1480,761,719
114000092,863,596,267
114000093,941,1028,-87
114000094,351,537,-186
114000095,127,137,-10
114000096,164,785,-621
114000097,149,1428,-1279
114000098,273,62,211
114000099,435,1651,-1216
114000100,921,1455,-534
114000101,436,1617,-1181
114000102,298,422,-124
114000103,104,788,-684
114000104,13,588,-575
114000105,71,56,15
114000106,2299,752,1547
114000107,217,181,36
114000108,4434,2069,2365
114000109,408,801,-393
114000110,785,2894,-2109
114000111,1206,805,401
114000112,473,3251,-2778
114000113,843,705,138
114000114,1786,2541,-755
114000115,1685,1230,455
114000116,676,824,-148
114000117,2225,573,1652
114000118,2061,597,1464
114000119,1312,476,836
114000120,665,1671,-1006
114000121,541,1022,-481
114000122,368,388,-20
114000123,1507,462,1045
114000124,698,463,235
114000125,1154,3404,-2250
114000126,1737,301,1436
114000127,188,303,-115
114000128,956,985,-29
114000130,547,831,-284
114000131,158,123,35
114000132,614,1162,-548
114000133,1156,2461,-1305
114000134,72,278,-206
114000138,57,249,-192
114000139,300,190,110
114000144,718,575,143
114000145,102,285,-183
114000146,118,551,-433
114000147,1308,1639,-331
114000148,3266,1960,1306
114000149,339,320,19
114000150,1036,780,256
114000151,1352,1173,179
114000152,108,34,74
114000153,972,2093,-1121
114000154,746,807,-61
114000155,1680,2571,-891
114000156,837,716,121
114000157,366,1180,-814
114000158,3138,995,2143
114000159,231,466,-235
114000160,148,344,-196
114000161,1870,2448,-578
114000162,902,1865,-963
114000163,12,222,-210
114000165,282,207,75
114000166,656,406,250
114000167,7458,1626,5832
114000168,1004,969,35
114000169,2462,1138,1324
114000170,1136,839,297
114000171,1038,1855,-817
114000174,230,715,-485
114000176,815,525,290
114000177,4262,1134,3128
114000178,56,160,-104
114000179,1648,1115,533
114000180,929,927,2
114000181,2305,3362,-1057
114000182,13196,3385,9811
114000183,1217,1184,33
114000184,1237,2594,-1357
114000185,1164,1319,-155
114000189,669,167,502
114000190,1875,360,1515
114000191,26,85,-59
114000192,442,3339,-2897
114000193,1354,6300,-4946
114000194,1577,2167,-590
114000195,139,24,115
114000196,6,691,-685
114000197,1012,16,996
114000198,1993,608,1385
114000199,3079,1577,1502
114000200,659,4128,-3469
114000201,222,1840,-1618
114000202,1338,1626,-288
114000203,642,1593,-951
114000204,146,888,-742
114000205,320,3028,-2708
114000206,624,2125,-1501
114000207,856,4190,-3334
114000208,615,6500,-5885
114000209,882,6134,-5252
114000210,426,3155,-2729
114000211,1106,2554,-1448
114000212,724,1217,-493
114000213,1264,1022,242
114000214,94,346,-252
114000215,229,118,111
114000216,1406,589,817
114000217,220,641,-421
114000218,139,453,-314
114000219,1249,499,750
114000220,11,2396,-2385
114000221,652,231,421
114000222,340,2045,-1705
114000223,420,153,267
114000224,162,1497,-1335
114000225,224,1009,-785
114000226,92,299,-207
114000227,723,634,89
114000228,731,1478,-747
114000229,1034,2082,-1048
114000230,2130,2566,-436
114000231,1040,1900,-860
114000232,611,213,398
114000233,1954,180,1774
114000234,1135,1591,-456
114000235,1247,2696,-1449
114000236,0,706,-706
114000237,105,2028,-1923
114000238,125,289,-164
114000239,231,2548,-2317
114000240,1006,1027,-21
114000241,257,1632,-1375
114000242,1283,1530,-247
114000243,1724,1187,537
114000244,800,470,330
114000245,467,847,-380
114000246,207,59,148
114000247,1024,1144,-120
114000248,921,876,45
114000249,596,767,-171
114000250,416,1079,-663
114000251,298,551,-253
114000252,102,224,-122
114000253,48,621,-573
114000254,37,176,-139
114000255,1378,391,987
114000256,2460,1498,962
114000257,738,2770,-2032
114000258,238,835,-597
114000259,88,457,-369
114000260,0,49,-49
114000261,27,59,-32
114000262,107,211,-104
114000263,23,0,23
114000264,766,1202,-436
114000265,0,15,-15
114000267,9,2383,-2374
114000268,3,3108,-3105
114000270,132,3,129
114000271,717,193,524
114000283,847,864,-17
114000285,89,576,-487
114000288,91,798,-707
114000289,915,148,767
114000293,113,640,-527
114000294,199,319,-120
114000395,1711,89,1622
114000396,434,522,-88
114000402,421,608,-187
114000403,264,1205,-941
114000405,134,805,-671
114000423,252,805,-553
114000424,326,418,-92
114000425,504,1023,-519
114000426,352,1048,-696
114000427,48,124,-76
114000428,259,133,126
114000429,21,294,-273
114000432,84,238,-154
114000434,23,183,-160
114000435,5,208,-203
114000436,8477,1791,6686
114000437,256,1493,-1237
114900001,441,2664,-2223
114900002,584,153,431
114900003,462,3948,-3486
114900004,194,424,-230
114900005,403,1571,-1168
114900006,52,73,-21
114900007,161,27,134
114900008,127,77,50
114900010,3363,2070,1293
114900011,144,166,-22
114900013,184,143,41
114900015,74,317,-243
114900018,1307,77,1230
114900020,232,104,128
114900022,3,1322,-1319
114900024,280,165,115
114900025,340,437,-97
114900026,49,120,-71
114900027,208,356,-148
114900029,24,29,-5
114900030,261,418,-157
114900031,244,37,207
114900032,257,46,211
114900033,2891,512,2379
114900034,81,306,-225
114900035,178,464,-286
114900036,364,1628,-1264
114900037,117,369,-252
114900038,225,1394,-1169
114900039,579,1073,-494
114900040,69,511,-442
114900041,589,934,-345
114900042,607,1207,-600
114900043,1637,524,1113
114900044,112,41,71
114900046,79,188,-109
114900047,305,1527,-1222
114900048,110,452,-342
114900049,28,352,-324
114900050,60,1059,-999
114900051,27,856,-829
114900052,93,365,-272
114900053,108,376,-268
114900054,108,255,-147
114900057,213,14,199
114900058,0,89,-89
114900059,66,55,11
114900060,1565,741,824
114900061,219,223,-4
114900062,272,468,-196
114900063,69,443,-374
114900064,1016,945,71
114900065,316,844,-528
114900067,37,484,-447
114900068,91,324,-233
114900069,260,343,-83
114900070,411,1223,-812
114900072,10,401,-391
114900073,1,290,-289
114900074,383,1682,-1299
114900075,196,4,192
114900076,13,461,-448
114900080,5898,606,5292
114900082,5223,1982,3241
114900083,1366,1291,75
114900090,264,253,11
114900091,163,279,-116
114900095,523,199,324
114900096,432,984,-552
114900097,100,6,94
114900098,5,325,-320
114900099,131,1,130
115000001,13943,8855,5088
115000002,3686,3704,-18
115000003,5647,6886,-1239
115000004,3434,5530,-2096
115000005,2059,4407,-2348
115000006,825,1711,-886
115000007,64,297,-233
115000008,547,551,-4
115000009,170,714,-544
115000010,380,171,209
115000013,71,194,-123
115000015,66,270,-204
115000016,261,321,-60
115000019,19,511,-492
115000020,289,568,-279
115000021,433,545,-112
115000022,710,553,157
115000023,369,614,-245
115000024,1922,744,1178
115000025,1221,791,430
115000026,135,606,-471
115000027,265,424,-159
115000028,250,1091,-841
115000029,509,301,208
115000030,770,1299,-529
115000031,1134,594,540
115000032,7,285,-278
115000033,131,40,91
115000034,262,1473,-1211
115000035,1360,68,1292
115000036,1,540,-539
115000037,436,7,429
115000038,62,291,-229
115000039,4378,3199,1179
115000040,10311,5332,4979
115000041,1141,3630,-2489
115000042,907,1164,-257
115000043,3272,3945,-673
115000044,3906,6629,-2723
115000045,2269,3661,-1392
115000046,1748,4189,-2441
115000047,1699,3105,-1406
115000048,1638,4210,-2572
115000049,1919,4614,-2695
115000050,3965,2867,1098
115000051,2928,2881,47
115000052,4716,2753,1963
115000053,1670,2073,-403
115000054,965,1905,-940
115000055,111,525,-414
115000056,157,392,-235
115000057,393,722,-329
115000058,131,158,-27
115000059,256,228,28
115000061,254,141,113
115000062,259,460,-201
115000063,257,559,-302
115000064,203,287,-84
115000065,28,437,-409
115000067,365,40,325
115000069,82,373,-291
115000070,39,1122,-1083
115000071,118,23,95
115000072,14,76,-62
115000073,2205,71,2134
115000075,70,111,-41
115000076,5983,5793,190
115000077,1780,6061,-4281
115000078,1136,3098,-1962
115000079,1381,3835,-2454
115000080,2322,4656,-2334
115000081,542,1405,-863
115000082,3665,4823,-1158
115000083,2635,5396,-2761
115000084,1751,2283,-532
115000085,751,1504,-753
115000086,958,1943,-985
115000087,690,2222,-1532
115000088,2433,1102,1331
115000089,2051,2323,-272
115000090,1100,1173,-73
115000091,564,1741,-1177
115000092,355,448,-93
115000093,530,0,530
115000094,15710,7149,8561
115000095,11279,6009,5270
115000096,694,4067,-3373
115000097,772,1121,-349
115000098,932,1238,-306
115000099,2362,6881,-4519
115000100,959,949,10
115000101,503,2405,-1902
115000102,527,333,194
115000103,501,1453,-952
115000105,87,313,-226
115000106,375,420,-45
115000107,193,1003,-810
115000108,6738,3651,3087
115000109,10301,4287,6014
115000110,1538,1385,153
115000111,1041,2331,-1290
115000112,844,1043,-199
115000113,893,1323,-430
115000114,2087,1262,825
115000116,5979,2272,3707
115000117,7121,3067,4054
115000118,2437,2188,249
115000119,2377,2746,-369
115000120,816,1252,-436
115000121,1906,1425,481
115000122,4863,2336,2527
115000123,2814,2299,515
115000124,994,1158,-164
115000125,619,775,-156
115000126,178,384,-206
115000127,487,256,231
115000128,2133,1206,927
115000129,474,265,209
115000130,386,1938,-1552
115000131,679,371,308
115000132,252,1106,-854
115000133,495,596,-101
115000134,366,389,-23
115000135,438,452,-14
115000136,137,281,-144
115000137,86,274,-188
115000138,267,328,-61
115000139,242,422,-180
115000140,235,240,-5
115000141,229,594,-365
115000142,182,560,-378
115000143,492,773,-281
115000144,380,164,216
115000145,215,712,-497
115000146,429,392,37
115000147,588,824,-236
115000148,406,2790,-2384
115000149,609,353,256
115000150,916,2274,-1358
115000151,913,652,261
115000152,786,2999,-2213
115000153,840,797,43
115000154,639,498,141
115000155,709,2001,-1292
115000156,1434,907,527
115000157,1557,1530,27
115000158,1074,593,481
115000159,1114,760,354
115000160,905,1121,-216
115000161,686,812,-126
115000162,842,700,142
115000163,1163,712,451
115000164,977,729,248
115000165,492,430,62
115000167,159,85,74
115000168,661,331,330
115000169,1032,494,538
115000170,160,155,5
115000171,236,201,35
115000172,3508,705,2803
115000173,394,410,-16
115000174,86,270,-184
115000175,162,175,-13
115000176,162,209,-47
115000177,159,208,-49
115000178,22,453,-431
115000179,34,58,-24
115000180,71,1390,-1319
115000181,455,198,257
115000182,657,752,-95
115000183,241,1812,-1571
115000186,620,435,185
115000187,211,1165,-954
115000188,536,885,-349
115000189,291,470,-179
115000190,1372,786,586
115000191,527,619,-92
115000194,212,213,-1
115000195,385,390,-5
115000196,94,179,-85
115000197,158,717,-559
115000198,230,464,-234
115000199,240,604,-364
115000200,285,172,113
115000201,145,662,-517
115000206,337,243,94
115000207,95,662,-567
115000208,1048,1195,-147
115000209,597,277,320
115000210,141,165,-24
115000211,286,434,-148
115000212,2193,389,1804
115000218,97,111,-14
115000219,36,76,-40
115000224,337,107,230
115000225,84,106,-22
115000229,463,236,227
115000230,101,1330,-1229
115000231,327,4608,-4281
115000232,1231,524,707
115000233,127,281,-154
115000234,25,422,-397
115000241,78,412,-334
115000242,109,506,-397
115000243,30,371,-341
115000244,9,156,-147
115000246,70,26,44
115000247,30,29,1
115000248,21,27,-6
115000249,42,32,10
115000250,286,73,213
115000251,170,265,-95
115000252,54,300,-246
115000253,19,398,-379
115000258,247,296,-49
115000259,506,263,243
115000261,8,33,-25
115000262,19,33,-14
115000263,18,47,-29
115000264,14,41,-27
115000267,77,125,-48
115000268,46,209,-163
115000269,168,127,41
115000270,15,35,-20
115000272,70,315,-245
115000273,345,41,304
115000274,204,410,-206
115000280,3006,190,2816
115000281,964,367,597
115000282,2407,609,1798
115000284,323,137,186
115000296,818,6,812
115000297,343,119,224
115000298,145,259,-114
115000300,168,323,-155
115000302,247,351,-104
115000303,550,271,279
115000304,513,141,372
115000305,94,2071,-1977
115000306,187,1116,-929
115000307,75,396,-321
115000308,74,26,48
115000309,8,7,1
115000310,916,1627,-711
115000311,737,2560,-1823
115000313,169,1501,-1332
115000314,355,124,231
115000315,1544,418,1126
115000316,67,102,-35
115000317,194,1120,-926
115000318,742,393,349
115000319,66,460,-394
115000320,19,327,-308
115000321,554,20,534
115000322,36,434,-398
115000449,729,217,512
115000557,169,834,-665
115000558,229,101,128
115000587,398,579,-181
115000588,3034,6016,-2982
115000589,3235,3790,-555
115000590,854,2809,-1955
115000591,1177,1217,-40
115000592,834,2623,-1789
115000593,1427,986,441
115000594,1059,2315,-1256
115000609,69,167,-98
115000617,2842,2560,282
115000624,183,72,111
115000633,574,2500,-1926
115000634,3879,1194,2685
115000635,459,192,267
115000638,2242,986,1256
115000641,89,156,-67
115000642,538,384,154
115000643,116,824,-708
115000644,171,604,-433
115000646,1040,1575,-535
115000647,225,856,-631
115000648,1434,2866,-1432
115000893,3988,1657,2331
115000894,118,1671,-1553
115000895,400,1066,-666
115000896,1250,444,806
115000897,575,178,397
115000898,1274,285,989
115000899,1126,1351,-225
115000900,232,578,-346
115000901,119,150,-31
115000912,301,173,128
115000913,1,75,-74
115000915,76,0,76
115000916,2,0,2
115000917,0,5,-5
115000918,145,479,-334
115000919,10,30,-20
115000920,57,65,-8
115000921,2786,224,2562
115000922,1249,737,512
115000923,481,968,-487
115000925,81,95,-14
115000927,35,42,-7
115000933,171,157,14
115000934,17,79,-62
115000935,6,43,-37
115900001,54,198,-144
115900002,93,419,-326
115900003,170,252,-82
115900004,0,102,-102
115900005,154,10,144
115900006,116,828,-712
115900008,74,27,47
115900009,81,672,-591
115900010,192,393,-201
115900011,444,383,61
115900012,111,136,-25
115900013,536,437,99
115900014,105,298,-193
115900015,82,163,-81
115900016,91,80,11
115900017,6,3,3
115900018,195,127,68
115900019,2578,76,2502
115900020,13,1,12
115900021,2693,404,2289
115900022,2591,31,2560
115900023,9,4,5
115900025,47,275,-228
115900026,1231,592,639
115900027,2,691,-689
115900028,944,138,806
115900029,13,846,-833
115900030,48,55,-7
115900031,377,339,38
115900032,484,1388,-904
115900033,0,92,-92
115900034,23,1019,-996
115900035,33,198,-165
115900036,248,548,-300
115900037,49,775,-726
115900038,32,29,3
115900039,167,560,-393
115900041,527,540,-13
115900042,29,17,12
115900043,97,252,-155
115900044,442,264,178
115900046,223,391,-168
115900047,111,127,-16
115900049,160,427,-267
115900051,4,90,-86
115900052,16,352,-336
115900053,226,531,-305
115900054,137,93,44
115900055,16,195,-179
115900056,183,654,-471
115900057,37,12,25
115900058,17,75,-58
115900060,32,294,-262
115900061,128,1,127
115900062,27,451,-424
115900063,88,20,68
115900064,199,325,-126
115900065,121,184,-63
115900066,263,297,-34
115900067,16,1457,-1441
115900068,5073,569,4504
115900069,40,287,-247
115900070,171,398,-227
115900071,1,1109,-1108
115900072,115,582,-467
115900073,77,61,16
115900074,7,558,-551
115900075,30,495,-465
115900076,4,155,-151
115900077,10,529,-519
115900078,39,205,-166
115900079,137,23,114
115900080,912,545,367
115900081,17,132,-115
115900082,235,200,35
115900084,245,46,199
115900085,44,62,-18
115900086,3192,792,2400
115900088,8,42,-34
115900089,253,1061,-808
115900090,228,28,200
115900091,4,22,-18
115900092,33,418,-385
115900093,7,40,-33
115900094,4,669,-665
115900096,7,17,-10
115900097,9,792,-783
115900098,133,1079,-946
115900099,114,139,-25
115900100,16,1203,-1187
115900101,167,821,-654
115900102,82,140,-58
115900103,278,470,-192
115900104,43,265,-222
115900105,136,1324,-1188
115900106,41,41,0
115900107,77,415,-338
115900108,63,39,24
115900109,88,779,-691
115900110,4,49,-45
115900111,2,132,-130
115900112,84,2257,-2173
115900113,25,51,-26
115900114,2,208,-206
115900115,48,195,-147
115900116,87,2074,-1987
115900117,53,32,21
115900118,11,510,-499
115900119,120,112,8
115900120,37,894,-857
115900121,179,436,-257
115900124,304,529,-225
115900125,282,61,221
115900126,592,150,442
115900127,563,60,503
115900128,11,91,-80
115900129,668,61,607
115900130,41,233,-192
115900131,263,36,227
115900132,365,5,360
115900134,297,12,285
115900135,707,929,-222
115900137,20,3,17
115900139,180,152,28
115900140,139,63,76
115900141,16,198,-182
115900142,24,79,-55
115900143,218,611,-393
115900144,81,496,-415
115900146,12,303,-291
115900147,413,320,93
115900148,47,22,25
115900149,69,30,39
115900150,87,140,-53
115900151,8,126,-118
115900152,129,726,-597
115900153,116,489,-373
115900154,1399,438,961
115900155,0,209,-209
115900156,650,1109,-459
115900157,120,674,-554
115900158,69,21,48
115900159,81,455,-374
115900160,13,7,6
115900161,38,393,-355
115900163,213,219,-6
115900164,371,56,315
115900165,2,146,-144
115900166,179,524,-345
115900168,79,224,-145
115900171,128,830,-702
115900172,72,224,-152
115900173,201,178,23
115900174,612,257,355
115900175,101,247,-146
115900178,7,1285,-1278
115900179,172,25,147
115900180,45,752,-707
115900181,163,369,-206
115900182,292,455,-163
115900183,178,117,61
115900184,2658,37,2621
115900187,16,142,-126
115900189,1,297,-296
115900190,398,1359,-961
115900191,104,932,-828
115900192,20,108,-88
115900193,90,142,-52
115900194,546,59,487
115900195,861,1413,-552
115900198,313,473,-160
115900199,156,499,-343
115900200,309,693,-384
115900201,324,354,-30
115900202,2,8,-6
115900203,6,0,6
115900204,2,2,0
115900205,62,13,49
115900206,130,246,-116
115900207,24,50,-26
115900208,120,720,-600
115900209,2,246,-244
115900210,6,260,-254
115900211,4,459,-455
115900212,107,369,-262
115900213,87,64,23
115900214,299,439,-140
115900215,36,59,-23
115900216,2,132,-130
115900217,2,117,-115
115900218,1,77,-76
115900219,85,25,60
115900220,77,12,65
115900221,55,19,36
115900222,34,17,17
115900223,13,203,-190
115900224,2893,697,2196
115900225,91,66,25
115900226,15,103,-88
115900227,20,76,-56
115900228,10,111,-101
115900229,3,86,-83
115900230,69,161,-92
115900231,82,0,82
115900232,53,4,49
115900233,77,11,66
115900234,83,30,53
115900235,8,53,-45
115900236,69,13,56
115900237,9,39,-30
115900238,16,17,-1
115900239,16,56,-40
115900240,6,72,-66
115900241,137,126,11
115900242,313,332,-19
115900243,20,10,10
115900244,16,20,-4
115900245,12,38,-26
115900246,3,5,-2
115900247,10,10,0
115900248,11,5,6
115900249,5,20,-15
115900250,9,37,-28
115900251,3,9,-6
115900252,0,2,-2
115900253,4,23,-19
115900254,24,22,2
115900255,5,11,-6
115900256,27,19,8
115900257,0,5,-5
115900258,0,1,-1
115900259,3,0,3
115900260,10,0,10
115900261,3,3,0
115900262,1,4,-3
115900263,1,6,-5
115900264,7,6,1
115900265,0,16,-16
115900266,4,7,-3
115900267,5,9,-4
115900268,3,7,-4
115900269,290,612,-322
115900270,393,1402,-1009
115900271,20,0,20
115900272,8,1,7
115900273,2,4,-2
115900274,4,36,-32
115900275,0,24,-24
115900276,0,46,-46
115900277,1,54,-53
115900278,4,54,-50
115900279,1,80,-79
115900280,8,140,-132
115900281,85,18,67
116000001,21892,7004,14888
116000002,5292,9399,-4107
116000003,1885,2418,-533
116000004,2864,2933,-69
116000005,4408,5286,-878
116000006,3030,1668,1362
116000007,5678,7048,-1370
116000008,4636,2294,2342
116000009,2537,3743,-1206
116000010,1682,1569,113
116000011,1158,2711,-1553
116000012,872,977,-105
116000013,27305,7252,20053
116000014,29709,12429,17280
116000015,903,1375,-472
116000016,14356,3790,10566
116000017,34,732,-698
116000018,1027,936,91
116000019,946,464,482
116000020,585,2523,-1938
116000021,415,405,10
116000022,297,900,-603
116000023,1241,944,297
116000024,774,2321,-1547
116000025,888,801,87
116000026,1865,3548,-1683
116000027,959,830,129
116000028,516,858,-342
116000029,1389,848,541
116000030,705,501,204
116000031,202,309,-107
116000032,300,377,-77
116000033,351,672,-321
116000034,763,1141,-378
116000035,476,731,-255
116000036,3107,903,2204
116000037,1416,1098,318
116000038,1038,601,437
116000039,945,385,560
116000040,1995,354,1641
116000041,427,730,-303
116000042,671,344,327
116000043,104,721,-617
116000044,34,115,-81
116000045,2415,1791,624
116000046,1944,1626,318
116000047,2820,2646,174
116000048,2969,2278,691
116000049,1230,2992,-1762
116000050,1503,1835,-332
116000051,4781,2851,1930
116000052,4779,5279,-500
116000053,2047,1502,545
116000054,970,3191,-2221
116000055,559,1773,-1214
116000056,802,1614,-812
116000057,4629,2707,1922
116000058,4774,2725,2049
116000059,4071,6049,-1978
116000060,3677,1350,2327
116000061,487,978,-491
116000062,1089,365,724
116000063,776,1426,-650
116000066,263,674,-411
116000067,278,726,-448
116000068,276,398,-122
116000069,337,598,-261
116000078,338,1522,-1184
116000080,1660,1473,187
116000082,21,242,-221
116000083,1157,510,647
116000084,3709,5628,-1919
116000085,1951,1703,248
116000086,4235,1789,2446
116000087,1293,1692,-399
116000088,1417,2632,-1215
116000089,191,244,-53
116000090,133,256,-123
116000091,349,142,207
116000093,656,3103,-2447
116000094,500,1032,-532
116000095,531,2130,-1599
116000096,751,1736,-985
116000097,742,1835,-1093
116000098,119,5509,-5390
116000099,20709,856,19853
116000100,150,18,132
116000101,618,3004,-2386
116000102,261,2683,-2422
116000103,519,458,61
116000104,205,3157,-2952
116000105,958,291,667
116000106,495,2190,-1695
116000107,2103,703,1400
116000108,347,317,30
116000111,101,33,68
116000113,95,105,-10
116000114,34,177,-143
116000115,159,102,57
116000116,274,815,-541
116000117,1330,3069,-1739
116000118,1230,2483,-1253
116000119,2717,2468,249
116000120,3305,7490,-4185
116000121,678,689,-11
116000122,1648,3868,-2220
116000123,734,751,-17
116000124,495,1922,-1427
116000125,2285,1000,1285
116000126,390,2153,-1763
116000127,1546,2674,-1128
116000128,1552,1195,357
116000129,1009,254,755
116000130,371,464,-93
116000133,616,1751,-1135
116000134,1810,5219,-3409
116000135,1648,2077,-429
116000136,1055,3891,-2836
116000137,654,892,-238
116000138,1436,619,817
116000139,2261,3233,-972
116000140,196,377,-181
116000141,527,2059,-1532
116000142,6331,6039,292
116000143,2290,2075,215
116000144,1578,5194,-3616
116000145,1707,2492,-785
116000146,389,771,-382
116000147,324,230,94
116000148,526,567,-41
116000149,440,819,-379
116000151,838,1633,-795
116000153,128,936,-808
116000155,330,378,-48
116000156,632,3442,-2810
116000157,59,43,16
116000158,427,544,-117
116000159,5,27,-22
116000160,33,307,-274
116000161,13,224,-211
116000162,107,112,-5
116000163,21,14,7
116000164,20,23,-3
116000177,502,164,338
116000194,89,607,-518
116000195,2432,969,1463
116000196,11,15,-4
116000197,8,16,-8
116000198,2718,1455,1263
116000200,1190,276,914
116000201,885,866,19
116000202,7,550,-543
116000203,5,144,-139
116000204,7,72,-65
116000205,1,198,-197
116000206,0,119,-119
116000207,2,26,-24
116000233,227,1502,-1275
116000287,167,943,-776
116000288,162,545,-383
116000292,83,310,-227
116000296,21,449,-428
116000297,57,17,40
116000304,81,30,51
116000305,21,265,-244
116000346,268,346,-78
116000352,106,102,4
116000354,76,37,39
116000357,17,23,-6
116000358,234,67,167
116000361,228,1,227
116000372,15695,3720,11975
116000381,113,3,110
116000388,3,65,-62
116000389,621,912,-291
116000445,353,1043,-690
116000446,439,2206,-1767
116000447,27,609,-582
116000448,808,527,281
116000563,1314,948,366
116000565,246,745,-499
116000568,102,324,-222
116000579,31,188,-157
116000584,23,27,-4
116000585,15,15,0
116000586,345,218,127
116000587,529,1037,-508
116000589,37,161,-124
116000590,67,121,-54
116000591,166,481,-315
116000592,18,262,-244
116000593,0,72,-72
116000594,507,958,-451
116000595,862,258,604
116000596,114,5,109
116000597,208,108,100
116000598,15,331,-316
116000602,59,506,-447
116000605,449,353,96
116000606,50,183,-133
116000607,12,146,-134
116000609,415,929,-514
116000611,120,800,-680
116000612,564,2518,-1954
116000613,465,586,-121
116000614,675,1325,-650
116000615,22,220,-198
116000616,65,252,-187
116000617,73,183,-110
116000618,2,306,-304
116000619,33,67,-34
116000620,72,99,-27
116000621,42,133,-91
116000622,35,172,-137
116000624,129,104,25
116000627,0,12,-12
116000628,6,1008,-1002
116000629,10,1078,-1068
116000630,134,20,114
116000631,43,23,20
116000632,279,842,-563
116000633,29,1457,-1428
116000634,243,15,228
116000635,1239,962,277
116900001,265,231,34
116900002,390,7,383
116900003,27,125,-98
116900004,56,69,-13
116900005,213,91,122
116900006,428,224,204
116900007,136,310,-174
116900008,305,850,-545
116900009,33,5,28
116900010,8,3138,-3130
116900011,16,83,-67
116900012,198,376,-178
116900013,19,479,-460
116900014,63,488,-425
116900015,317,175,142
116900016,117,0,117
116900017,5,1577,-1572
116900018,76,66,10
116900019,16,843,-827
116900020,2891,544,2347
116900023,96,22,74
116900024,394,170,224
116900025,768,1836,-1068
116900026,311,1573,-1262
116900027,26,94,-68
116900028,3,336,-333
116900029,5,36,-31
116900031,0,8,-8
116900032,7,784,-777
116900033,13,13,0
116900034,19,160,-141
116900035,101,454,-353
116900036,5,169,-164
116900038,27,3,24
116900041,59,29,30
116900042,1557,386,1171
116900043,21,195,-174
116900045,276,54,222
116900047,155,99,56
116900049,90,637,-547
116900050,116,995,-879
116900051,75,536,-461
116900052,187,95,92
116900055,0,16,-16
116900057,14,662,-648
116900058,38,905,-867
116900059,4,481,-477
116900060,338,483,-145
116900062,0,12,-12
116900064,82,2060,-1978
116900065,16,277,-261
116900067,135,301,-166
116900068,132,482,-350
116900070,3,1,2
116900072,33,896,-863
116900073,23,554,-531
116900074,5,109,-104
116900076,19,36,-17
116900077,10,474,-464
116900078,320,269,51
116900079,23,846,-823
116900080,7,53,-46
116900081,463,3079,-2616
116900082,343,1282,-939
116900083,68,139,-71
116900084,288,60,228
116900085,38,251,-213
116900086,33,411,-378
116900088,738,108,630
116900090,152,111,41
116900091,195,172,23
116900092,79,1490,-1411
116900093,2213,3121,-908
116900094,9997,3671,6326
116900095,365,311,54
116900096,182,284,-102
116900097,8631,3060,5571
116900098,1018,380,638
116900099,973,950,23
116900100,619,44,575
116900101,334,1046,-712
116900103,0,1,-1
116900104,47,119,-72
116900105,320,90,230
116900106,1310,1146,164
116900107,7713,2098,5615
116900110,9,1,8
116900111,275,2361,-2086
116900112,158,2413,-2255
116900113,6339,1158,5181
116900116,119,379,-260
116900117,70,161,-91
116900118,1495,892,603
116900120,190,319,-129
116900121,40,94,-54
116900122,591,1815,-1224
116900123,154,1888,-1734
116900124,170,2086,-1916
116900125,271,466,-195
116900126,676,900,-224
116900128,6,80,-74
116900129,5,590,-585
116900130,2025,2566,-541
116900131,145,249,-104
116900132,27,98,-71
116900133,100,148,-48
116900134,238,309,-71
116900136,197,247,-50
116900137,464,328,136
116900138,140,368,-228
116900139,81,591,-510
116900140,202,219,-17
116900141,623,439,184
116900142,8,71,-63
116900143,308,750,-442
116900144,25,74,-49
116900145,165,598,-433
116900147,940,396,544
116900148,5,26,-21
116900149,37,272,-235
116900150,35,8,27
116900151,40,22,18
116900153,117,98,19
116900154,724,469,255
116900155,124,62,62
116900157,450,517,-67
116900158,164,250,-86
116900159,31,357,-326
116900160,997,418,579
116900161,16295,5963,10332
116900162,12,238,-226
116900163,122,292,-170
116900164,60,51,9
116900165,221,153,68
116900166,23,198,-175
116900167,513,108,405
116900168,210,123,87
116900169,1278,392,886
116900170,263,469,-206
116900171,44,456,-412
116900172,349,235,114
116900173,143,105,38
116900174,24,36,-12
116900175,337,151,186
116900178,27,306,-279
116900179,86,215,-129
116900180,96,71,25
116900182,556,355,201
116900183,133,144,-11
116900185,16,25,-9
116900186,79,612,-533
116900187,34,35,-1
116900188,123,23,100
116900189,43,2,41
116900191,385,635,-250
116900192,210,479,-269
116900194,112,904,-792
116900195,33,22,11
116900196,22,168,-146
116900197,118,7,111
116900198,391,176,215
116900200,17,56,-39
116900201,109,10,99
116900202,158,83,75
116900203,163,7,156
116900204,76,114,-38
116900206,7,37,-30
116900207,17,44,-27
116900208,14,276,-262
116900209,15,281,-266
116900210,412,340,72
116900211,339,13,326
116900212,28,130,-102
116900213,216,397,-181
116900214,128,205,-77
116900215,72,137,-65
116900216,437,555,-118
116900218,7,609,-602
116900219,1381,444,937
116900220,60,345,-285
116900221,60,368,-308
116900222,393,464,-71
116900223,111,304,-193
116900226,87,150,-63
116900227,183,145,38
116900228,286,522,-236
116900230,45,766,-721
116900231,47,885,-838
116900232,25,1114,-1089
116900233,282,170,112
116900234,36,18,18
116900235,197,548,-351
116900238,2049,714,1335
116900239,110,1088,-978
116900240,12883,4015,8868
116900241,87,374,-287
116900242,622,439,183
116900243,50,258,-208
116900245,44,18,26
116900246,103,21,82
116900247,515,18,497
116900248,85,43,42
116900249,215,268,-53
116900250,278,72,206
116900251,753,453,300
116900252,63,1831,-1768
116900253,132,186,-54
116900254,10,190,-180
116900255,69,56,13
116900256,248,216,32
116900257,18,1176,-1158
116900258,1,533,-532
116900259,128,16,112
116900260,3,242,-239
116900261,46,11,35
116900262,142,181,-39
116900263,0,21,-21
116900264,0,8,-8
116900265,19,5,14
116900266,9,142,-133
116900267,0,5,-5
116900268,41,25,16
116900269,349,836,-487
116900271,2792,161,2631
116900272,580,1090,-510
116900273,483,86,397
116900274,128,161,-33
116900275,140,289,-149
116900276,1404,94,1310
116900277,1222,13,1209
116900278,2,32,-30
116900279,2,33,-31
116900280,30,72,-42
116900281,15230,4070,11160
116900282,8,351,-343
116900283,28,357,-329
116900284,15,424,-409
116900285,639,326,313
116900286,318,29,289
116900287,6,156,-150
116900288,34,221,-187
116900289,3,43,-40
116900290,1,82,-81
116900291,5,7,-2
116900292,0,9,-9
116900293,35,112,-77
116900294,42,269,-227
116900295,241,53,188
116900296,89,106,-17
116900297,9,112,-103
116900298,131,41,90
116900299,97,46,51
116900300,2,195,-193
116900301,166,86,80
116900302,667,234,433
116900303,814,78,736
116900304,0,208,-208
116900305,34,140,-106
116900306,43,116,-73
117000001,2383,2041,342
117000002,2797,7986,-5189
117000003,10686,3986,6700
117000004,7138,9408,-2270
117000005,2143,2122,21
117000006,1736,7026,-5290
117000007,3433,1467,1966
117000008,2116,9208,-7092
117000009,5157,2360,2797
117000010,4193,8912,-4719
117000011,1923,2991,-1068
117000012,1661,3193,-1532
117000013,1638,1862,-224
117000014,1500,4488,-2988
117000015,5829,1670,4159
117000016,1144,56,1088
117000017,759,460,299
117000018,329,591,-262
117000019,418,3,415
117000020,1054,1814,-760
117000021,5356,681,4675
117000022,1094,113,981
117000023,1358,188,1170
117000024,1081,203,878
117000025,2263,916,1347
117000026,6470,1152,5318
117000027,3522,2421,1101
117000028,5420,1254,4166
117000030,908,860,48
117000031,273,175,98
117000032,2641,2245,396
117000033,2813,2141,672
117000034,317,476,-159
117000035,222,190,32
117000036,468,595,-127
117000037,306,144,162
117000038,503,838,-335
117000039,329,376,-47
117000040,200,2430,-2230
117000041,648,208,440
117000044,65,2433,-2368
117000045,422,82,340
117000046,777,1139,-362
117000047,1057,653,404
117000048,3866,3228,638
117000049,223,1099,-876
117000050,160,4634,-4474
117000051,2011,246,1765
117000052,19,1066,-1047
117000053,294,169,125
117000054,1576,7,1569
117000055,30,7088,-7058
117000056,575,34,541
117000057,937,3989,-3052
117000060,566,2592,-2026
117000061,1892,1392,500
117000062,282,929,-647
117000063,2286,1109,1177
117000064,1357,1612,-255
117000066,2087,1573,514
117000067,267,566,-299
117000074,188,213,-25
117000076,150,92,58
117000077,161,180,-19
117000078,176,1337,-1161
117000079,340,330,10
117000080,1,626,-625
117000081,1139,186,953
117000082,30,105,-75
117000083,140,17,123
117000084,582,11,571
117000085,252,930,-678
117000086,1611,1220,391
117000087,141,926,-785
117000088,293,342,-49
117000089,1640,449,1191
117000090,409,2835,-2426
117000091,758,424,334
117000092,525,3051,-2526
117000093,1136,1049,87
117000094,1433,5188,-3755
117000095,3033,1264,1769
117000096,824,5152,-4328
117000097,1151,1600,-449
117000098,4321,10346,-6025
117000099,3170,1438,1732
117000100,254,316,-62
117000101,295,2395,-2100
117000102,1880,852,1028
117000103,1263,3876,-2613
117000104,1670,876,794
117000105,1465,3428,-1963
117000106,1490,1482,8
117000107,882,3825,-2943
117000108,1705,1468,237
117000109,3284,5141,-1857
117000110,1656,1188,468
117000111,5655,8657,-3002
117000112,3733,3731,2
117000113,127,592,-465
117000114,199,299,-100
117000115,113,357,-244
117000116,136,451,-315
117000117,2691,949,1742
117000118,664,241,423
117000119,652,128,524
117000120,785,324,461
117000121,342,1172,-830
117000122,1185,1895,-710
117000123,3552,63,3489
117000124,1470,104,1366
117000125,931,128,803
117000126,112,73,39
117000127,396,909,-513
117000128,827,1421,-594
117000129,939,87,852
117000130,126,1,125
117000131,0,127,-127
117000132,2271,35,2236
117000133,991,268,723
117000134,2,86,-84
117000135,16,28,-12
117000136,4,67,-63
117000137,79,83,-4
117000138,4,1042,-1038
117000140,907,2896,-1989
117000141,2238,1023,1215
117000181,2502,938,1564
117000182,396,390,6
117000195,327,2363,-2036
117000196,205,111,94
117000225,426,10,416
117000226,17,246,-229
117000276,223,22,201
117000277,5,1217,-1212
117000310,3828,4569,-741
117000315,58,1908,-1850
117000320,89,0,89
117000906,219,20,199
117000907,25,821,-796
117000908,242,16,226
117000909,90,58,32
117000910,199,209,-10
117000911,121,318,-197
117000915,10,1509,-1499
117000916,30,18,12
117000917,883,21,862
117000918,68,100,-32
117000919,3,364,-361
117000920,11,3382,-3371
117000921,15,3324,-3309
117000922,52,249,-197
117000924,788,1067,-279
117000926,2145,135,2010
117000927,3358,942,2416
117000928,2,637,-635
117000929,155,1079,-924
117000930,148,26,122
117000931,1108,158,950
117900002,363,679,-316
117900003,1152,719,433
117900005,2,52,-50
117900006,0,56,-56
117900007,273,288,-15
117900008,0,70,-70
117900010,467,227,240
117900011,125,45,80
117900012,95,413,-318
117900013,5,775,-770
117900014,548,429,119
117900015,48,293,-245
117900016,3229,930,2299
117900017,683,870,-187
117900018,462,66,396
117900019,449,1079,-630
117900020,76,400,-324
117900021,60,199,-139
117900022,35,18,17
117900023,1109,497,612
117900024,136,267,-131
117900025,31,13,18
117900026,340,988,-648
117900028,158,7,151
117900029,362,2045,-1683
117900030,469,307,162
117900031,447,276,171
117900032,737,631,106
117900033,258,1627,-1369
117900034,25,83,-58
117900035,171,77,94
117900036,280,1213,-933
117900037,115,237,-122
117900038,64,704,-640
117900039,9,166,-157
117900040,207,1302,-1095
117900041,24,115,-91
117900042,8284,959,7325
117900043,45,109,-64
117900044,716,4569,-3853
117900045,230,224,6
117900048,194,511,-317
117900049,180,1406,-1226
117900050,54,57,-3
117900051,90,7,83
117900052,62,447,-385
117900053,1312,1142,170
117900054,3,41,-38
117900055,265,395,-130
117900056,642,43,599
117900057,1259,1995,-736
117900058,566,194,372
117900059,716,122,594
117900060,1458,9314,-7856
117900061,16,319,-303
117900063,406,413,-7
117900065,916,2153,-1237
117900066,14,69,-55
117900067,432,608,-176
117900069,727,952,-225
117900070,503,8,495
117900071,148,257,-109
117900073,357,992,-635
117900074,462,15,447
117900075,114,149,-35
117900076,13,51,-38
117900077,233,255,-22
117900078,244,659,-415
117900080,267,102,165
117900081,764,843,-79
117900082,444,405,39
117900083,349,1495,-1146
117900086,220,73,147
117900087,161,127,34
117900088,3890,3875,15
117900089,1697,564,1133
117900090,459,1876,-1417
117900091,348,269,79
117900092,83,61,22
117900093,78,169,-91
117900094,60,22,38
117900095,293,1027,-734
117900096,89,343,-254
117900097,315,221,94
117900098,45,5,40
117900099,213,806,-593
117900100,167,0,167
117900101,679,1739,-1060
117900102,51,114,-63
117900103,53,0,53
117900104,34,331,-297
117900105,210,476,-266
117900106,129,108,21
117900107,37,0,37
117900109,514,454,60
117900110,35,1,34
117900111,254,13,241
117900112,90,26,64
117900113,9825,2942,6883
117900114,12,0,12
117900115,501,71,430
117900116,1408,1706,-298
117900117,506,807,-301
117900118,40,0,40
117900119,143,570,-427
117900120,103,370,-267
117900121,53,71,-18
117900122,2071,2506,-435
117900123,1527,1415,112
117900124,1003,1268,-265
117900125,1887,1651,236
117900126,411,1144,-733
117900127,643,1269,-626
117900128,391,1952,-1561
117900129,67,2,65
117900130,1475,916,559
117900131,2,251,-249
117900132,15,205,-190
117900133,9,189,-180
117900134,99,453,-354
117900135,50,429,-379
117900136,0,106,-106
117900137,80,523,-443
117900138,0,91,-91
117900139,59,325,-266
117900140,8708,640,8068
117900141,538,489,49
117900142,191,17,174
117900144,152,182,-30
117900145,96,37,59
117900146,409,184,225
117900147,117,126,-9
117900148,5805,1436,4369
117900149,63,332,-269
117900150,48,211,-163
117900151,58,327,-269
117900152,187,179,8
117900153,43,225,-182
117900154,663,1389,-726
117900156,1358,1657,-299
117900157,88,784,-696
117900158,174,186,-12
117900160,769,604,165
117900161,4004,4871,-867
117900162,346,707,-361
117900163,267,33,234
117900165,0,23,-23
117900166,162,414,-252
117900168,40,255,-215
117900169,0,287,-287
117900170,2,64,-62
117900171,6,28,-22
117900172,15,92,-77
117900173,301,107,194
117900174,36,100,-64
117900175,6,107,-101
117900176,7,85,-78
117900177,16,134,-118
117900178,163,92,71
117900180,493,32,461
117900181,354,290,64
117900182,0,40,-40
117900183,43,182,-139
117900184,7,71,-64
117900185,18,43,-25
117900186,62,26,36
117900187,14,41,-27
117900188,213,63,150
117900189,82,25,57
117900190,23,4,19
117900191,79,2,77
117900192,228,0,228
117900193,23,112,-89
117900194,17,7,10
117900195,20,76,-56
117900196,16,40,-24
117900207,152,113,39
117900208,42,76,-34
117900209,202,262,-60
117900210,279,329,-50
117900211,29,413,-384
117900212,134,251,-117
117900213,23,10,13
117900214,4,80,-76
117900215,8,33,-25
117900216,65,29,36
117900217,158,168,-10
117900218,213,439,-226
117900219,4,83,-79
117900220,313,100,213
117900221,20,2,18
118000001,1101,688,413
118000002,1569,2686,-1117
118000003,3103,2093,1010
118000004,3407,2333,1074
118000005,7508,4662,2846
118000006,8997,12519,-3522
118000007,11164,3557,7607
118000008,7887,4549,3338
118000009,3404,4317,-913
118000010,4835,5958,-1123
118000011,1405,5267,-3862
118000012,1548,5384,-3836
118000013,5827,4983,844
118000014,2730,5084,-2354
118000016,273,603,-330
118000017,366,561,-195
118000018,393,719,-326
118000019,2903,1782,1121
118000020,2029,2301,-272
118000021,1062,3043,-1981
118000022,2741,953,1788
118000023,1373,359,1014
118000024,2325,1102,1223
118000025,1557,1647,-90
118000027,21022,9997,11025
118000029,1478,881,597
118000032,1799,3771,-1972
118000033,3501,4054,-553
118000034,7179,2751,4428
118000035,1797,2525,-728
118000036,1745,1314,431
118000037,883,1496,-613
118000038,131,155,-24
118000039,117,721,-604
118000040,1663,3265,-1602
118000041,2614,2263,351
118000045,1050,242,808
118000046,4090,905,3185
118000047,3596,977,2619
118000048,5911,1940,3971
118000051,4926,2513,2413
118000052,4681,1545,3136
118000053,2281,1838,443
118000054,4398,3725,673
118000055,4529,4326,203
118000056,520,693,-173
118000057,644,948,-304
118000058,6004,2276,3728
118000059,4247,1310,2937
118000060,1279,1294,-15
118000061,1072,2593,-1521
118000062,705,539,166
118000063,431,844,-413
118000064,1299,1949,-650
118000065,6542,3130,3412
118000066,1452,1852,-400
118000067,1683,1077,606
118000068,2833,5949,-3116
118000069,4819,1898,2921
118000070,11177,2808,8369
118000071,5303,9080,-3777
118000072,3524,1233,2291
118000073,3758,782,2976
118000074,766,763,3
118000075,1401,443,958
118000076,2063,1981,82
118000077,1796,1606,190
118000078,2530,1990,540
118000079,418,567,-149
118000080,1596,1314,282
118000081,2262,1137,1125
118000082,448,1122,-674
118000083,3735,1781,1954
118000084,3608,1978,1630
118000086,281,637,-356
118000087,9817,3515,6302
118000088,2307,2538,-231
118000089,6357,3616,2741
118000090,3407,3745,-338
118000091,3076,2928,148
118000092,1857,650,1207
118000093,140,889,-749
118000096,737,757,-20
118000097,908,954,-46
118000098,301,307,-6
118000099,528,1355,-827
118000101,1154,418,736
118000102,404,2041,-1637
118000107,6975,871,6104
118000108,1013,2322,-1309
118000110,0,38,-38
118000111,4,1146,-1142
118000112,272,4,268
118000113,14,2147,-2133
118000114,371,32,339
118000115,15,17,-2
118000116,66,0,66
118000117,1578,1563,15
118000118,1126,777,349
118000119,1081,1616,-535
118000120,2251,2628,-377
118000121,82,641,-559
118000122,1726,356,1370
118000123,60,371,-311
118000125,2977,1975,1002
118000126,1100,1609,-509
118000127,2808,850,1958
118000128,980,1813,-833
118000129,1335,431,904
118000130,4370,6743,-2373
118000131,975,1373,-398
118000132,2438,1804,634
118000133,971,650,321
118000135,774,542,232
118000136,151,800,-649
118000137,1181,193,988
118000138,304,1536,-1232
118000139,338,210,128
118000140,3330,5001,-1671
118000141,2054,2731,-677
118000142,1560,2941,-1381
118000143,1699,1487,212
118000144,2466,1645,821
118000145,1801,3824,-2023
118000146,1307,1892,-585
118000147,867,2554,-1687
118000148,439,2131,-1692
118000149,784,1782,-998
118000150,451,288,163
118000151,374,652,-278
118000153,1056,1819,-763
118000154,980,2688,-1708
118000155,963,2037,-1074
118000156,4356,3822,534
118000157,649,559,90
118000158,214,593,-379
118000159,21,107,-86
118000160,562,627,-65
118000161,489,1182,-693
118000162,1169,1359,-190
118000163,711,1116,-405
118000164,3488,2051,1437
118000168,2687,509,2178
118000169,1199,2504,-1305
118000170,5025,10037,-5012
118000171,279,1016,-737
118000172,176,531,-355
118000173,1124,1976,-852
118000175,281,485,-204
118000176,329,620,-291
118000177,243,788,-545
118000178,249,82,167
118000179,2432,1226,1206
118000180,1033,1204,-171
118000181,1106,498,608
118000182,313,387,-74
118000183,321,358,-37
118000184,717,1706,-989
118000185,1503,1309,194
118000186,831,1169,-338
118000187,1425,1127,298
118000188,714,418,296
118000189,454,1533,-1079
118000190,5,21,-16
118000191,22,139,-117
118000192,413,317,96
118000193,493,555,-62
118000194,3110,1445,1665
118000195,2077,1241,836
118000196,1027,196,831
118000197,340,176,164
118000198,902,660,242
118000199,1531,639,892
118000200,106,529,-423
118000201,766,694,72
118000202,74,113,-39
118000203,1633,571,1062
118000204,203,347,-144
118000205,310,449,-139
118000206,316,315,1
118000207,1,269,-268
118000208,1305,2145,-840
118000209,2323,2931,-608
118000210,49,58,-9
118000211,21,53,-32
118000213,1754,2091,-337
118000214,872,606,266
118000215,329,455,-126
118000216,2678,6157,-3479
118000217,27,163,-136
118000218,67,194,-127
118000219,586,640,-54
118000220,1,42,-41
118000221,121,434,-313
118000222,64,30,34
118000223,42,52,-10
118000224,441,137,304
118000225,157,1761,-1604
118000226,1196,248,948
118000227,1145,497,648
118000228,222,241,-19
118000229,501,71,430
118000230,197,527,-330
118000231,107,482,-375
118000232,777,1663,-886
118000233,826,1424,-598
118000234,272,539,-267
118000236,500,866,-366
118000237,62,1110,-1048
118000238,185,707,-522
118000239,277,567,-290
118000240,988,154,834
118000241,117,522,-405
118000242,381,1071,-690
118000243,200,375,-175
118000244,26,259,-233
118000246,0,13,-13
118000255,39,395,-356
118000256,133,283,-150
118000259,26,99,-73
118000260,135,247,-112
118000261,50,213,-163
118000263,117,439,-322
118000266,134,799,-665
118000267,0,155,-155
118000268,722,2,720
118000270,41,70,-29
118000271,198,524,-326
118000272,93,53,40
118000273,150,140,10
118000274,140,572,-432
118000276,368,674,-306
118000295,12,132,-120
118000298,207,564,-357
118000299,89,210,-121
118000301,0,126,-126
118000302,95,156,-61
118000311,325,216,109
118000312,237,271,-34
118000313,55,401,-346
118000314,75,142,-67
118000315,36,125,-89
118000316,649,1015,-366
118000325,49,154,-105
118000326,67,50,17
118000331,45,106,-61
118000332,15,92,-77
118000333,36,166,-130
118000335,190,1,189
118000336,2,616,-614
118000407,138,114,24
118000457,21,23,-2
118000465,4264,4216,48
118000480,23,302,-279
118000489,75,265,-190
118000490,120,638,-518
118000492,143,351,-208
118000510,137,18,119
118000514,302,680,-378
118000515,783,619,164
118000517,656,300,356
118000524,1157,341,816
118000525,1058,1348,-290
118000530,30,170,-140
118000531,250,435,-185
118000532,254,503,-249
118000533,472,220,252
118000534,734,709,25
118000535,222,187,35
118000536,1258,1513,-255
118000537,30,164,-134
118000538,43,276,-233
118000539,22,115,-93
118000540,409,535,-126
118000541,271,159,112
118000542,130,317,-187
118000543,411,364,47
118000546,42,51,-9
118000560,5073,1503,3570
118000562,52,780,-728
118000563,3067,1938,1129
118000576,144,349,-205
118000577,198,161,37
118000578,157,184,-27
118000579,1138,1543,-405
118000595,140,129,11
118000596,1,95,-94
118000597,64,189,-125
118000598,18,1,17
118000599,26,71,-45
118000600,2,60,-58
118000601,5,0,5
118000602,0,55,-55
118000603,1,40,-39
118900001,2273,1714,559
118900002,1872,1041,831
118900003,200,52,148
118900004,66,113,-47
118900005,45,3,42
118900006,90,5,85
118900007,7,8,-1
118900008,1888,46,1842
118900009,38,35,3
118900010,53,11,42
118900011,222,70,152
118900012,473,415,58
118900013,997,82,915
118900015,229,104,125
118900016,4,38,-34
118900017,244,344,-100
118900018,1994,30,1964
118900019,65,12,53
118900020,170,160,10
118900021,184,687,-503
118900022,156,129,27
118900023,171,206,-35
118900024,106,370,-264
118900025,91,35,56
118900026,60,142,-82
118900027,818,405,413
118900028,145,304,-159
118900029,214,811,-597
118900030,261,164,97
118900031,174,211,-37
118900032,163,299,-136
118900033,538,1211,-673
118900034,129,18,111
118900035,172,414,-242
118900036,983,1264,-281
118900037,565,445,120
118900038,420,476,-56
118900039,548,461,87
118900040,146,307,-161
118900041,382,323,59
118900042,172,170,2
118900045,335,277,58
118900046,976,239,737
118900047,1206,324,882
118900048,411,278,133
118900049,96,71,25
118900050,13,180,-167
118900051,66,96,-30
118900052,368,392,-24
118900053,28,131,-103
118900054,117,136,-19
118900055,25,162,-137
118900056,18,353,-335
118900057,649,436,213
118900058,484,642,-158
118900059,14,115,-101
118900060,71,189,-118
118900062,292,327,-35
118900064,887,729,158
118900065,68,296,-228
118900066,87,243,-156
118900067,8438,2975,5463
118900068,3,478,-475
118900069,381,466,-85
118900071,5,90,-85
118900072,535,620,-85
118900073,72,180,-108
118900074,92,263,-171
118900075,120,123,-3
118900076,387,104,283
118900077,207,328,-121
118900078,35,7,28
118900079,89,282,-193
118900080,13,155,-142
118900081,56,30,26
118900082,748,274,474
118900083,13,17,-4
118900084,27,21,6
118900085,641,1376,-735
118900086,36,111,-75
118900087,24,275,-251
118900088,0,21,-21
118900089,37,15,22
118900090,492,746,-254
118900091,331,267,64
118900092,101,155,-54
118900093,149,14,135
118900096,50,16,34
118900097,253,1538,-1285
118900099,49,665,-616
118900100,239,400,-161
118900101,105,1149,-1044
118900102,27,121,-94
118900103,75,126,-51
118900104,196,402,-206
118900105,266,124,142
118900107,298,151,147
118900108,69,164,-95
118900109,1351,222,1129
118900110,2895,925,1970
118900111,485,1228,-743
118900112,62,188,-126
118900113,109,1403,-1294
118900114,20,156,-136
118900115,124,733,-609
118900116,115,253,-138
118900117,109,222,-113
118900118,310,819,-509
118900119,103,408,-305
118900120,130,427,-297
118900121,24,559,-535
118900122,13,947,-934
118900123,148,364,-216
118900124,115,246,-131
118900126,25,400,-375
118900129,418,260,158
118900130,26,169,-143
118900131,126,477,-351
118900132,620,295,325
118900133,27,138,-111
118900135,229,377,-148
118900136,212,1319,-1107
118900137,6,36,-30
118900139,187,1221,-1034
118900140,428,1335,-907
118900141,70,578,-508
118900144,175,985,-810
118900145,47,372,-325
118900146,338,1361,-1023
118900147,242,74,168
118900148,45,140,-95
118900150,150,704,-554
118900152,590,1502,-912
118900157,137,246,-109
118900158,69,179,-110
118900159,7,487,-480
118900161,188,12,176
118900163,570,177,393
118900164,17,212,-195
118900165,52,527,-475
118900166,79,12,67
118900167,74,281,-207
118900168,3,119,-116
118900169,136,835,-699
118900170,100,227,-127
118900171,14,56,-42
118900174,62,123,-61
118900175,397,669,-272
118900176,161,292,-131
118900177,47,81,-34
118900178,46,165,-119
118900179,2,63,-61
118900181,81,211,-130
118900182,150,85,65
118900183,24,141,-117
118900184,209,83,126
118900185,92,253,-161
118900186,101,129,-28
118900187,231,608,-377
118900188,278,528,-250
118900189,38,783,-745
118900190,28,1278,-1250
118900191,173,96,77
118900192,170,64,106
118900193,315,13,302
118900195,571,2032,-1461
118900196,33,314,-281
118900197,92,188,-96
118900198,15,56,-41
118900199,30,60,-30
118900200,18,14,4
118900201,6,5,1
118900202,8,62,-54
118900203,6,78,-72
118900204,18,52,-34
118900205,5,32,-27
118900206,1,52,-51
119000001,1569,2547,-978
119000002,3257,6167,-2910
119000003,2136,2685,-549
119000004,2313,2503,-190
119000005,2437,2860,-423
119000006,2504,2366,138
119000007,3766,4364,-598
119000008,2263,3398,-1135
119000009,4506,4085,421
119000010,11193,5456,5737
119000011,8165,3250,4915
119000012,6248,4584,1664
119000013,2637,1702,935
119000014,3361,5242,-1881
119000019,345,334,11
119000020,1391,2063,-672
119000021,3747,2948,799
119000022,6460,2668,3792
119000023,358,370,-12
119000024,3031,9819,-6788
119000025,20970,1831,19139
119000026,325,382,-57
119000027,879,640,239
119000028,3351,2244,1107
119000029,199,457,-258
119000030,621,2058,-1437
119000031,733,819,-86
119000032,3286,4097,-811
119000033,2800,3240,-440
119000034,1114,1520,-406
119000035,60,628,-568
119000036,1300,1884,-584
119000037,1109,3487,-2378
119000038,145,2077,-1932
119000039,247,527,-280
119000040,1765,738,1027
119000041,1744,1754,-10
119000048,5341,6580,-1239
119000049,1536,5748,-4212
119000050,2115,4197,-2082
119000051,2727,1556,1171
119000052,3316,5248,-1932
119000053,2231,1833,398
119000054,3122,6988,-3866
119000055,3116,5853,-2737
119000056,2048,3282,-1234
119000057,1784,4710,-2926
119000058,2512,3616,-1104
119000059,1270,3247,-1977
119000060,1314,1257,57
119000061,1080,1490,-410
119000062,1118,1958,-840
119000063,481,467,14
119000064,2076,2512,-436
119000065,2674,5111,-2437
119000066,2205,1352,853
119000067,2360,4658,-2298
119000068,1444,1504,-60
119000069,1733,5304,-3571
119000070,2111,1569,542
119000071,760,1848,-1088
119000072,12369,6684,5685
119000073,8968,8175,793
119000074,1230,6896,-5666
119000075,1223,3682,-2459
119000076,844,1617,-773
119000077,1207,986,221
119000078,531,418,113
119000079,98,1185,-1087
119000080,252,544,-292
119000081,487,708,-221
119000082,1328,522,806
119000083,435,605,-170
119000084,326,1057,-731
119000085,973,545,428
119000086,329,680,-351
119000087,2476,1560,916
119000088,313,315,-2
119000089,45,241,-196
119000090,173,249,-76
119000091,135,500,-365
119000092,844,321,523
119000093,6632,6336,296
119000094,2463,8813,-6350
119000095,1576,5862,-4286
119000097,3297,2837,460
119000098,808,2318,-1510
119000099,3275,3566,-291
119000100,3188,2973,215
119000101,4573,3529,1044
119000102,996,1082,-86
119000103,2024,790,1234
119000104,5830,2638,3192
119000105,994,1735,-741
119000106,371,3788,-3417
119000107,646,862,-216
119000108,319,2259,-1940
119000109,191,474,-283
119000110,900,721,179
119000111,96,874,-778
119000112,309,181,128
119000113,4128,501,3627
119000114,1252,902,350
119000115,202,274,-72
119000116,104,185,-81
119000117,190,552,-362
119000118,2,5,-3
119000123,5477,1254,4223
119000124,649,431,218
119000125,2661,1973,688
119000126,343,1647,-1304
119000127,403,1644,-1241
119000128,61,6,55
119000131,887,1682,-795
119000132,6,9,-3
119000133,2,15,-13
119000134,4414,766,3648
119000135,130,249,-119
119000136,162,517,-355
119000137,163,921,-758
119000138,286,702,-416
119000139,255,513,-258
119000140,158,410,-252
119000284,1765,4627,-2862
119000285,3111,3450,-339
119000286,9775,7818,1957
119000287,1900,3578,-1678
119000288,2607,2824,-217
119000289,3436,6606,-3170
119000290,289,1147,-858
119000291,4,694,-690
119000293,89,305,-216
119000294,37,62,-25
119000295,4134,902,3232
119000296,123,152,-29
119000302,5770,2119,3651
119000303,46,364,-318
119000314,1825,9397,-7572
119000315,2,1204,-1202
119000316,48,203,-155
119000317,53,844,-791
119900001,275,1288,-1013
119900002,141,432,-291
119900003,75,2117,-2042
119900004,561,768,-207
119900005,117,272,-155
119900006,215,495,-280
119900007,915,144,771
119900008,67,57,10
119900009,613,814,-201
119900010,2728,1878,850
119900011,23,83,-60
119900012,25,71,-46
119900013,2095,1177,918
119900014,908,440,468
119900015,109,23,86
119900016,76,182,-106
119900017,20,68,-48
119900018,2489,699,1790
119900019,28,14,14
119900020,131,249,-118
119900021,150,152,-2
119900022,258,448,-190
119900023,1406,985,421
119900025,109,53,56
119900026,1701,175,1526
119900027,14,43,-29
119900028,167,70,97
119900029,4,7,-3
119900030,753,775,-22
119900031,58,339,-281
119900033,2944,315,2629
119900034,269,312,-43
119900037,149,62,87
119900038,49,325,-276
119900039,35,4,31
119900040,143,27,116
119900041,76,96,-20
119900042,128,304,-176
119900043,81,369,-288
119900044,241,607,-366
119900046,98,140,-42
119900047,231,70,161
119900048,23,65,-42
119900049,69,11,58
119900050,98,127,-29
119900051,734,23,711
119900052,51,93,-42
119900053,143,369,-226
119900054,109,4,105
119900055,1014,527,487
119900057,156,174,-18
119900058,192,3,189
119900059,221,83,138
119900060,158,16,142
119900061,292,12,280
119900062,68,70,-2
119900063,36,66,-30
119900064,389,99,290
119900065,187,10,177
119900066,0,1,-1
119900067,42,69,-27
119900068,356,4,352
119900069,44,11,33
119900070,959,110,849
119900071,468,18,450
119900072,264,746,-482
119900073,3164,754,2410
119900074,54,35,19
119900075,10229,3238,6991
119900076,293,761,-468
119900077,565,2288,-1723
119900078,318,1364,-1046
119900079,160,554,-394
119900080,388,580,-192
119900081,22,150,-128
119900082,928,508,420
119900083,485,118,367
119900084,1304,415,889
119900085,337,134,203
119900086,187,1214,-1027
119900087,770,557,213
119900088,52,118,-66
119900089,26,1237,-1211
119900090,244,95,149
119900091,104,2477,-2373
119900092,44,921,-877
119900093,1629,237,1392
119900094,59,352,-293
119900095,244,164,80
119900096,72,150,-78
119900097,1029,354,675
119900098,32,127,-95
119900099,66,508,-442
119900100,5067,3255,1812
119900101,356,1661,-1305
119900102,31,602,-571
119900103,36,1042,-1006
119900104,52,455,-403
119900105,1461,2958,-1497
119900106,23,448,-425
119900107,642,7313,-6671
119900108,3845,1113,2732
119900109,44,686,-642
119900110,674,1420,-746
119900111,105,695,-590
119900112,5812,942,4870
119900113,116,750,-634
119900114,259,3150,-2891
119900115,245,2382,-2137
119900116,249,613,-364
119900117,304,1656,-1352
119900118,52,2230,-2178
119900119,242,493,-251
119900120,847,1289,-442
119900121,309,2674,-2365
119900122,511,648,-137
119900123,302,620,-318
119900124,281,2202,-1921
119900125,61,655,-594
119900126,9589,485,9104
119900127,5211,1667,3544
119900128,415,1539,-1124
119900129,227,1846,-1619
119900130,39,536,-497
119900131,42,562,-520
119900132,2,921,-919
119900133,63,75,-12
119900134,4176,412,3764
119900135,0,1110,-1110
119900136,231,1008,-777
119900138,606,1238,-632
119900139,33,172,-139
119900140,1,276,-275
119900141,275,686,-411
119900142,20,59,-39
119900143,19,286,-267
119900144,3819,437,3382
119900145,100,473,-373
119900146,249,286,-37
119900147,2,257,-255
119900148,113,72,41
119900149,3279,3640,-361
119900150,206,387,-181
119900151,2697,1254,1443
119900152,80,947,-867
119900153,109,95,14
119900154,22,656,-634
119900155,36,54,-18
119900156,7,4,3
119900157,104,475,-371
119900158,159,115,44
119900159,8,3300,-3292
119900160,26,361,-335
119900161,191,668,-477
119900162,808,1356,-548
119900163,164,221,-57
119900164,0,3,-3
119900165,93,546,-453
119900166,113,31,82
119900167,171,223,-52
119900168,561,700,-139
119900169,232,532,-300
119900170,219,229,-10
119900171,913,891,22
119900172,171,46,125
119900173,8,955,-947
119900174,19,508,-489
119900175,940,1011,-71
119900177,41,347,-306
119900178,16,410,-394
119900179,74,259,-185
119900180,924,959,-35
119900181,80,77,3
119900182,7,1150,-1143
119900183,133,1406,-1273
119900184,6426,1096,5330
119900185,48,139,-91
119900186,142,607,-465
119900187,16,1250,-1234
119900188,79,479,-400
119900189,596,400,196
119900190,45,234,-189
119900191,377,225,152
119900192,51,404,-353
119900193,275,352,-77
119900194,25,73,-48
119900195,42,550,-508
119900196,3172,866,2306
119900197,176,170,6
119900198,127,691,-564
119900199,180,31,149
119900200,584,865,-281
119900201,592,402,190
119900202,290,210,80
119900203,177,524,-347
119900204,262,664,-402
119900205,500,1123,-623
119900206,77,257,-180
119900208,198,187,11
119900209,469,1208,-739
119900210,32,68,-36
119900211,137,33,104
119900212,231,625,-394
119900213,8,80,-72
119900214,30,156,-126
119900215,45,141,-96
119900216,15,174,-159
119900217,26,143,-117
119900218,25,134,-109
119900219,9,268,-259
119900220,5,221,-216
119900221,54,855,-801
119900222,23,501,-478
119900223,38,227,-189
119900224,21,75,-54
119900225,2261,84,2177
119900226,1458,2219,-761
119900227,1965,762,1203
119900228,99,560,-461
119900229,409,903,-494
119900230,2421,1124,1297
119900231,143,363,-220
119900232,249,119,130
119900233,66,7,59
119900234,28,130,-102
119900235,34,54,-20
119900236,36,472,-436
119900237,65,1496,-1431
119900238,1,198,-197
119900240,82,238,-156
119900241,270,439,-169
119900242,3731,2672,1059
119900244,1416,2233,-817
119900245,138,251,-113
119900246,373,500,-127
119900247,31,99,-68
119900248,61,121,-60
119900249,207,104,103
119900253,8546,721,7825
119900254,80,464,-384
119900255,94,789,-695
119900256,347,2338,-1991
119900257,53,1,52
119900258,72,9,63
119900259,9,347,-338
119900260,111,10,101
119900261,354,336,18
119900262,1,576,-575
119900263,1417,604,813
119900264,86,576,-490
119900265,348,823,-475
119900266,186,603,-417
119900267,406,670,-264
119900268,146,407,-261
119900269,920,2947,-2027
119900271,33,193,-160
119900272,209,110,99
119900275,62,0,62
119900276,33,1,32
119900277,3,6,-3
119900278,551,81,470
119900279,168,339,-171
119900280,1753,392,1361
119900281,0,157,-157
119900282,73,42,31
119900283,14,801,-787
119900284,59,342,-283
119900285,22,81,-59
119900286,25,31,-6
119900288,5,45,-40
119900289,0,59,-59
119900290,2,76,-74
119900291,1,70,-69
119900292,13,45,-32
119900293,16,142,-126
119900294,21,130,-109
119900295,6,52,-46
119900296,26,381,-355
119900297,0,31,-31
119900298,18,10,8
119900299,49,502,-453
119900300,267,438,-171
119900301,153,118,35
119900302,135,192,-57
119900303,178,446,-268
119900304,118,62,56
119900305,45,194,-149
119900306,17,0,17
119900307,47,356,-309
119900308,11,17,-6
119900309,26,84,-58
119900310,427,687,-260
119900311,52,367,-315
119900312,86,181,-95
119900313,251,763,-512
119900314,140,475,-335
119900315,1126,5332,-4206
119900318,19,25,-6
119900319,0,589,-589
119900320,191,1286,-1095
119900321,50,3,47
120000001,14560,15841,-1281
120000002,2881,4963,-2082
120000003,4579,2982,1597
120000004,3596,3785,-189
120000005,6216,3086,3130
120000006,1385,2045,-660
120000007,5161,3512,1649
120000008,1410,2286,-876
120000009,8123,1276,6847
120000010,2283,4993,-2710
120000011,1975,4042,-2067
120000012,2026,5596,-3570
120000013,2876,4825,-1949
120000014,829,2817,-1988
120000015,3547,2440,1107
120000016,4052,4460,-408
120000017,3480,3743,-263
120000018,8567,12436,-3869
120000019,969,1993,-1024
120000020,4600,4115,485
120000021,2559,2879,-320
120000022,3646,4830,-1184
120000023,919,2464,-1545
120000024,1801,3588,-1787
120000025,2555,3342,-787
120000026,1167,2686,-1519
120000027,1621,2418,-797
120000028,1431,1002,429
120000029,7440,1007,6433
120000030,379,1569,-1190
120000031,2246,14219,-11973
120000032,16912,5852,11060
120000033,4943,3437,1506
120000034,2009,4127,-2118
120000035,2496,4837,-2341
120000036,3595,7594,-3999
120000037,891,1955,-1064
120000038,18212,5207,13005
120000039,611,1599,-988
120000040,107,311,-204
120000041,1030,3436,-2406
120000042,2168,7598,-5430
120000043,5638,5816,-178
120000044,4437,2099,2338
120000045,4284,1595,2689
120000046,2399,2968,-569
120000047,3911,4464,-553
120000048,14437,6007,8430
120000049,4438,4851,-413
120000050,4704,8852,-4148
120000051,5725,7935,-2210
120000052,25416,4433,20983
120000053,1253,7410,-6157
120000054,1789,11783,-9994
120000055,1930,10002,-8072
120000056,3808,9882,-6074
120000057,2351,1552,799
120000058,1061,385,676
120000059,143,1363,-1220
120000061,146,1100,-954
120000062,261,539,-278
120000063,2586,5335,-2749
120000064,309,3101,-2792
120000065,808,3849,-3041
120000066,267,907,-640
120000067,61,1180,-1119
120000068,222,2256,-2034
120000069,911,3108,-2197
120000070,66,1720,-1654
120000071,236,375,-139
120000072,472,761,-289
120000073,524,181,343
120000074,100,144,-44
120000075,667,406,261
120000076,1459,697,762
120000077,1420,813,607
120000078,3731,1337,2394
120000079,164,139,25
120000080,66,188,-122
120000081,181,145,36
120000082,184,168,16
120000083,58,399,-341
120000084,593,884,-291
120000085,354,509,-155
120000086,284,1029,-745
120000087,156,2068,-1912
120000088,831,2596,-1765
120000089,1385,1228,157
120000090,594,940,-346
120000091,939,1779,-840
120000092,1329,1055,274
120000093,359,872,-513
120000094,150,831,-681
120000095,1155,1328,-173
120000096,374,2106,-1732
120000098,1106,1855,-749
120000099,428,1211,-783
120000100,904,1506,-602
120000101,578,883,-305
120000102,409,832,-423
120000103,1056,769,287
120000104,1686,554,1132
120000105,2275,623,1652
120000106,1827,566,1261
120000107,2897,777,2120
120000108,820,156,664
120000109,867,89,778
120000110,143,1982,-1839
120000111,181,2547,-2366
120000112,1032,7942,-6910
120000113,694,5940,-5246
120000114,1120,6351,-5231
120000115,454,4912,-4458
120000116,834,3886,-3052
120000117,2507,2985,-478
120000118,53,56,-3
120000119,67,150,-83
120000120,110,89,21
120000121,43,118,-75
120000122,562,475,87
120000123,11871,5216,6655
120000124,442,900,-458
120000125,567,1251,-684
120000126,444,1274,-830
120000127,3113,1400,1713
120000128,5623,4182,1441
120000129,411,582,-171
120000130,990,1419,-429
120000131,287,797,-510
120000134,560,2775,-2215
120000135,317,511,-194
120000137,227,4612,-4385
120000138,520,875,-355
120000139,290,2393,-2103
120000140,448,1246,-798
120000141,295,1115,-820
120000142,329,1134,-805
120000143,1,205,-204
120000144,91,3,88
120000145,236,2,234
120000146,3843,1194,2649
120000149,708,1826,-1118
120000150,8425,12902,-4477
120000151,398,948,-550
120000152,395,606,-211
120000153,278,2077,-1799
120000154,583,729,-146
120000155,121,401,-280
120000156,3078,1001,2077
120000157,1308,1138,170
120000158,860,2106,-1246
120000159,2390,3714,-1324
120000160,2536,2087,449
120000161,1809,4353,-2544
120000162,144,426,-282
120000163,539,2881,-2342
120000164,503,980,-477
120000165,397,1848,-1451
120000166,950,1085,-135
120000167,49,134,-85
120000168,27,389,-362
120000169,131,868,-737
120000170,177,465,-288
120000171,58,160,-102
120000172,42,49,-7
120000173,5114,436,4678
120000174,935,26,909
120000175,992,18,974
120000176,645,60,585
120000177,3309,389,2920
120000178,278,18,260
120000179,790,61,729
120000180,1265,173,1092
120000181,274,591,-317
120000182,133,228,-95
120000183,23,316,-293
120000184,204,1451,-1247
120000186,98,142,-44
120000187,109,63,46
120000188,521,142,379
120000190,2423,39,2384
120000191,3606,41,3565
120000192,3913,31,3882
120000193,1386,10,1376
120000195,282,10,272
120000196,467,101,366
120000197,147,336,-189
120000198,215,286,-71
120000199,91,4,87
120000200,80,5,75
120000201,14,24,-10
120000202,1,153,-152
120000203,57,648,-591
120000207,2,190,-188
120000208,16,563,-547
120000209,5,184,-179
120000210,230,168,62
120000211,67,0,67
120000212,101,0,101
120000213,71,640,-569
120000214,1,772,-771
120000215,4,266,-262
120000216,45,6,39
120000217,1546,2460,-914
120000218,349,1988,-1639
120000219,17,1459,-1442
120000220,16,5138,-5122
120000225,912,2,910
120000226,224,2,222
120000227,684,34,650
120000228,12022,3548,8474
120000230,271,15,256
120000231,1019,4884,-3865
120000233,161,53,108
120000235,157,1455,-1298
120000236,777,6,771
120000237,6,4395,-4389
120000238,2,550,-548
120000241,1431,5783,-4352
120000412,3310,73,3237
120000413,237,820,-583
120000414,63,14,49
120000415,4,428,-424
120000416,96,11,85
120000417,6,180,-174
120000418,125,43,82
120000419,17,1084,-1067
120000420,116,77,39
120000421,25209,9095,16114
120000422,351,707,-356
120000423,5,61,-56
120000424,109,328,-219
120000436,164,512,-348
120000437,258,292,-34
120000438,8381,610,7771
120000439,180,429,-249
120000443,137,5,132
120000444,1000,1419,-419
120000445,2179,2146,33
120000446,1812,468,1344
120000447,107,26,81
120000449,63,19,44
120000450,5,751,-746
120000451,137,519,-382
120000452,55,1,54
120000453,1,702,-701
120000454,138,59,79
120000455,126,95,31
120000456,5293,4818,475
120000457,3144,1702,1442
120000458,925,1385,-460
120000459,97,167,-70
120000665,2132,219,1913
120000668,148,519,-371
120000669,75,787,-712
120000670,310,718,-408
120000671,1261,349,912
120000672,94,656,-562
120900001,32,55,-23
120900002,614,526,88
120900003,202,47,155
120900004,10,169,-159
120900005,8,3489,-3481
120900006,239,256,-17
120900007,172,352,-180
120900008,192,2349,-2157
120900009,222,40,182
120900010,291,107,184
120900011,675,211,464
120900012,2086,1322,764
120900013,367,76,291
120900014,13,1670,-1657
120900015,521,137,384
120900016,596,69,527
120900017,5433,139,5294
120900018,87,1057,-970
120900019,730,182,548
120900020,1333,1062,271
120900021,612,164,448
120900022,43,976,-933
120900023,209,74,135
120900024,1938,668,1270
120900025,2707,1458,1249
120900026,216,459,-243
120900027,1016,138,878
120900028,274,67,207
120900029,165,330,-165
120900030,1054,780,274
120900031,157,124,33
120900032,691,310,381
120900033,973,73,900
120900034,32,3134,-3102
120900035,61,470,-409
120900037,175,13,162
120900038,70,206,-136
120900039,75,38,37
120900040,215,7,208
120900041,297,66,231
120900042,336,124,212
120900043,30,47,-17
120900044,12,883,-871
120900045,184,411,-227
120900046,376,10,366
120900047,111,59,52
120900048,71,49,22
120900049,295,1,294
120900050,7504,1712,5792
120900051,255,218,37
120900052,437,4,433
120900053,161,172,-11
120900054,2016,1667,349
120900055,249,2,247
120900056,411,18,393
120900057,122,47,75
120900058,355,1,354
120900059,46,3,43
120900060,44,83,-39
120900061,338,1013,-675
120900062,143,1,142
120900063,425,13,412
120900064,333,2,331
120900065,425,13,412
120900066,220,479,-259
120900067,218,64,154
120900068,233,2,231
120900069,133,115,18
120900071,27,0,27
120900072,543,9,534
120900073,292,460,-168
120900074,606,6,600
120900076,264,0,264
120900077,8026,549,7477
120900078,617,1614,-997
120900079,508,170,338
120900080,432,3935,-3503
120900081,755,1740,-985
120900082,1084,514,570
120900083,48,4,44
120900084,249,408,-159
120900085,191,194,-3
120900086,369,345,24
120900087,383,183,200
120900088,373,466,-93
120900089,8298,2226,6072
120900090,151,436,-285
120900091,524,633,-109
120900092,1601,1311,290
120900093,6729,435,6294
120900094,679,449,230
120900095,499,36,463
120900096,36,268,-232
120900097,874,1866,-992
120900098,358,275,83
120900099,89,153,-64
120900100,88,662,-574
120900101,884,554,330
120900102,17,270,-253
120900103,48,231,-183
120900104,23,98,-75
120900105,40,1262,-1222
120900106,1931,1095,836
120900107,433,285,148
120900108,8,1706,-1698
120900109,40,1376,-1336
120900110,15,1498,-1483
120900111,184,727,-543
120900112,12,2642,-2630
120900113,20,1701,-1681
120900114,32,335,-303
120900115,164,308,-144
120900116,233,1325,-1092
120900117,9,1026,-1017
120900118,15,1756,-1741
120900119,4752,7774,-3022
120900120,55,1419,-1364
120900121,177,859,-682
120900122,353,1551,-1198
120900123,1,1064,-1063
120900124,6,1430,-1424
120900125,7,2609,-2602
120900126,2168,1596,572
120900127,20,1055,-1035
120900128,1346,1949,-603
120900129,102,683,-581
120900130,1,458,-457
120900131,18,171,-153
120900132,704,920,-216
120900133,294,2315,-2021
120900134,821,827,-6
120900135,14,1266,-1252
120900136,29,77,-48
120900137,205,290,-85
120900138,22,435,-413
120900139,10,1659,-1649
120900140,4,109,-105
120900141,145,285,-140
120900142,43,1786,-1743
120900143,11,1907,-1896
120900144,1,476,-475
120900145,94,1690,-1596
120900146,6,2119,-2113
120900147,1,630,-629
120900148,109,217,-108
120900149,1,842,-841
120900150,36,1338,-1302
120900151,11,1371,-1360
120900152,0,93,-93
120900153,20,148,-128
120900154,0,717,-717
120900155,149,2313,-2164
120900156,18,621,-603
120900157,31,349,-318
120900158,47,936,-889
120900159,53,382,-329
120900160,42,621,-579
120900161,31,991,-960
120900162,34,1009,-975
120900163,27,339,-312
120900164,0,4,-4
120900165,0,7,-7
120900166,92,378,-286
120900167,560,192,368
120900169,75,1330,-1255
120900170,5453,2314,3139
120900171,2017,616,1401
120900172,3032,411,2621
120900173,2,114,-112
120900174,7,320,-313
120900175,358,546,-188
120900176,8,385,-377
120900177,2,855,-853
120900178,1,387,-386
120900179,1404,917,487
120900180,233,176,57
120900181,112,99,13
120900182,18,1228,-1210
120900183,465,295,170
120900184,166,180,-14
120900185,7,706,-699
120900186,1,995,-994
120900187,422,1444,-1022
120900188,143,45,98
120900189,371,721,-350
120900190,29,43,-14
120900191,3,43,-40
120900192,23577,4353,19224
120900194,35,120,-85
120900195,165,401,-236
120900196,828,58,770
120900197,532,133,399
120900198,330,1327,-997
120900199,515,3014,-2499
120900200,122,255,-133
120900201,954,266,688
120900202,5,445,-440
120900203,45,97,-52
120900204,270,692,-422
120900205,92,235,-143
120900206,15,35,-20
121000001,1353,1933,-580
121000002,4153,2639,1514
121000003,6408,3255,3153
121000004,4244,7850,-3606
121000005,2965,4038,-1073
121000006,4671,2231,2440
121000007,4350,4371,-21
121000008,9314,4679,4635
121000009,9486,9837,-351
121000010,13944,9243,4701
121000011,13475,22842,-9367
121000012,21444,16178,5266
121000013,7939,13371,-5432
121000014,9570,10788,-1218
121000015,8329,10439,-2110
121000016,7042,6329,713
121000017,2705,5415,-2710
121000018,2883,2899,-16
121000019,29598,13572,16026
121000020,19016,15464,3552
121000021,4396,5505,-1109
121000022,2336,2840,-504
121000023,6268,5199,1069
121000024,4691,5820,-1129
121000025,946,1853,-907
121000026,391,212,179
121000027,2017,1595,422
121000028,1056,784,272
121000029,1354,1385,-31
121000030,729,745,-16
121000031,917,1034,-117
121000032,217,122,95
121000034,506,267,239
121000035,267,104,163
121000036,1709,1220,489
121000037,869,938,-69
121000038,890,1077,-187
121000039,582,503,79
121000041,560,788,-228
121000042,295,491,-196
121000043,1050,970,80
121000044,2448,946,1502
121000045,706,688,18
121000046,710,1734,-1024
121000047,70,117,-47
121000049,2751,878,1873
121000050,382,1470,-1088
121000051,913,523,390
121000052,386,1002,-616
121000053,667,174,493
121000054,64,347,-283
121000055,2226,1913,313
121000056,1150,1504,-354
121000057,193,457,-264
121000058,494,154,340
121000059,3027,1662,1365
121000060,442,1291,-849
121000061,228,281,-53
121000062,180,435,-255
121000063,768,784,-16
121000064,554,536,18
121000065,637,662,-25
121000066,478,449,29
121000067,1326,613,713
121000068,742,345,397
121000069,940,872,68
121000070,2348,2028,320
121000071,1516,1522,-6
121000072,2065,1321,744
121000073,1532,1282,250
121000074,211,199,12
121000075,104,349,-245
121000076,2012,758,1254
121000077,188,270,-82
121000078,164,170,-6
121000080,3900,1104,2796
121000081,6224,3816,2408
121000082,151,317,-166
121000083,321,174,147
121000084,233,149,84
121000085,368,618,-250
121000086,240,1249,-1009
121000087,89,402,-313
121000088,468,1321,-853
121000089,569,533,36
121000090,603,499,104
121000091,2378,1415,963
121000092,202,163,39
121000093,198,412,-214
121000094,705,868,-163
121000095,382,725,-343
121000096,2920,5081,-2161
121000097,1584,3378,-1794
121000098,557,2314,-1757
121000099,402,1457,-1055
121000100,908,996,-88
121000101,323,489,-166
121000102,210,589,-379
121000103,218,555,-337
121000104,279,293,-14
121000105,442,399,43
121000106,286,704,-418
121000107,3295,5521,-2226
121000109,2394,1799,595
121000110,543,984,-441
121000114,3905,3116,789
121000115,1492,1298,194
121000116,611,1624,-1013
121000117,1272,466,806
121000118,1549,454,1095
121000119,368,540,-172
121000120,310,803,-493
121000121,619,1604,-985
121000123,2214,985,1229
121000126,148,548,-400
121000127,292,169,123
121000128,974,719,255
121000129,773,755,18
121000130,609,2001,-1392
121000131,3208,2253,955
121000132,2111,2359,-248
121000135,669,863,-194
121000136,1859,841,1018
121000137,598,320,278
121000138,1154,916,238
121000139,811,247,564
121000141,348,222,126
121000142,1100,951,149
121000143,189,36,153
121000144,1653,1574,79
121000145,723,2160,-1437
121000146,1439,1537,-98
121000147,1170,853,317
121000148,1295,1664,-369
121000149,2674,1825,849
121000152,669,1077,-408
121000153,2623,1114,1509
121000154,1218,1287,-69
121000155,2144,1810,334
121000156,488,1721,-1233
121000157,2274,3724,-1450
121000158,387,1192,-805
121000159,190,1101,-911
121000160,359,1267,-908
121000161,169,568,-399
121000162,81,422,-341
121000165,3017,2243,774
121000166,43,830,-787
121000168,388,464,-76
121000169,54,286,-232
121000170,399,256,143
121000171,129,327,-198
121000172,726,776,-50
121000173,1810,1141,669
121000174,261,557,-296
121000175,859,634,225
121000176,396,282,114
121000177,1581,1019,562
121000178,205,92,113
121000179,228,91,137
121000181,451,592,-141
121000182,188,219,-31
121000183,86,151,-65
121000184,93,159,-66
121000185,43,253,-210
121000186,175,685,-510
121000187,160,439,-279
121000188,117,426,-309
121000192,856,727,129
121000193,738,646,92
121000194,3926,3105,821
121000195,576,1636,-1060
121000196,912,349,563
121000197,427,1461,-1034
121000198,549,135,414
121000199,172,798,-626
121000200,560,150,410
121000201,8,428,-420
121000202,288,9,279
121000203,900,3893,-2993
121000204,2622,1176,1446
121000205,239,612,-373
121000206,220,60,160
121000207,1847,847,1000
121000208,13,637,-624
121000209,248,670,-422
121000210,383,1228,-845
121000211,289,336,-47
121000212,328,1729,-1401
121000213,16008,4132,11876
121000214,1362,3195,-1833
121000215,2052,1893,159
121000216,725,855,-130
121000217,6583,4440,2143
121000218,848,2957,-2109
121000219,2561,789,1772
121000220,446,95,351
121000221,259,399,-140
121000222,4073,3653,420
121000223,645,371,274
121000224,433,229,204
121000225,2795,1438,1357
121000226,7188,1187,6001
121000227,10,433,-423
121000228,20,1294,-1274
121000229,257,861,-604
121000230,72,3089,-3017
121000231,897,72,825
121000232,534,371,163
121000233,550,441,109
121000234,25,56,-31
121000235,92,46,46
121000236,3,109,-106
121000237,30,15,15
121000238,4,172,-168
121000239,42,9,33
121000240,17,389,-372
121000241,122,9,113
121000242,43,257,-214
121000243,326,70,256
121000244,8,65,-57
121000245,65,11,54
121000246,1,107,-106
121000247,71,1,70
121000248,845,847,-2
121000249,155,328,-173
121000250,718,128,590
121000251,37,1018,-981
121000252,53,43,10
121000253,263,921,-658
121000254,507,427,80
121000255,255,282,-27
121000256,478,238,240
121000257,118,97,21
121000258,173,82,91
121000259,65,31,34
121000260,163,310,-147
121000261,101,67,34
121000262,1371,1168,203
121000263,587,641,-54
121000271,443,2990,-2547
121000273,210,12,198
121000274,21,66,-45
121000275,4,28,-24
121000276,3,18,-15
121000278,31,77,-46
121000279,78,32,46
121000280,68,105,-37
121000289,336,33,303
121000290,2168,1022,1146
121000294,139,298,-159
121000297,1465,1503,-38
121000299,388,462,-74
121000300,1265,1012,253
121000302,249,1768,-1519
121000303,751,965,-214
121000304,539,94,445
121000305,171,66,105
121000306,201,201,0
121000308,227,727,-500
121000309,566,1194,-628
121000310,243,720,-477
121000311,110,1338,-1228
121000312,537,389,148
121000313,873,930,-57
121000314,159,129,30
121000315,82,160,-78
121000530,1268,2604,-1336
121000531,1579,2453,-874
121000532,8589,7542,1047
121000533,3197,3996,-799
121000918,84,244,-160
121000919,91,59,32
121000938,849,837,12
121000939,1268,682,586
121000956,970,2959,-1989
121000957,7,10,-3
121000958,318,97,221
121000959,850,1526,-676
121000960,2015,3716,-1701
121000961,165,105,60
121000962,461,1318,-857
121000973,2,511,-509
121000976,14,232,-218
121000979,443,159,284
121000981,258,215,43
121000982,324,539,-215
121000983,615,857,-242
121000984,42,66,-24
121000985,537,1719,-1182
121000986,196,808,-612
121000987,368,3179,-2811
121000988,674,154,520
121001302,424,203,221
121001308,5,10,-5
121001309,189,98,91
121001313,210,413,-203
121001314,4155,5612,-1457
121001315,5705,2684,3021
121900001,96,247,-151
121900002,108,33,75
121900003,391,8,383
121900004,183,696,-513
121900005,13,3,10
121900006,47,6,41
121900007,4218,2854,1364
121900008,1776,894,882
121900009,932,19,913
121900010,252,2,250
121900011,376,726,-350
121900012,14,0,14
121900013,1326,56,1270
121900014,1847,440,1407
121900015,167,326,-159
121900016,7,37,-30
121900017,497,845,-348
121900018,270,7,263
121900019,402,467,-65
121900020,30,2,28
121900021,711,13,698
121900022,239,261,-22
121900023,125,877,-752
121900024,469,128,341
121900025,576,595,-19
121900026,554,82,472
121900027,373,205,168
121900028,346,19,327
121900029,220,434,-214
121900030,710,748,-38
121900031,2220,8149,-5929
121900032,108,125,-17
121900033,218,261,-43
121900034,349,144,205
121900035,4126,2614,1512
121900036,126,784,-658
121900037,168,1034,-866
121900038,25,250,-225
121900039,392,62,330
121900040,68,140,-72
121900041,109,274,-165
121900042,340,225,115
121900043,5,6,-1
121900044,296,90,206
121900046,297,373,-76
121900047,219,68,151
121900048,42,240,-198
121900050,20,61,-41
121900051,180,276,-96
121900052,190,61,129
121900053,421,385,36
121900054,640,1279,-639
121900055,2,16,-14
121900058,306,388,-82
121900059,282,168,114
121900060,175,503,-328
121900061,220,214,6
121900062,167,115,52
121900063,1180,397,783
121900064,252,1195,-943
121900066,44,63,-19
121900067,41,67,-26
121900069,203,183,20
121900070,234,241,-7
121900071,217,273,-56
121900072,32,228,-196
121900073,287,308,-21
121900074,1034,801,233
121900075,1314,465,849
121900076,509,1010,-501
121900077,15,84,-69
121900078,78,105,-27
121900079,1,0,1
121900080,1093,729,364
121900082,31,201,-170
121900084,4,285,-281
121900085,2,22,-20
121900086,19,67,-48
121900087,218,131,87
121900088,2884,4240,-1356
121900089,176,568,-392
121900090,10,169,-159
121900091,50,193,-143
121900092,120,164,-44
121900093,70,87,-17
121900094,24,20,4
121900095,170,155,15
121900096,1872,861,1011
121900097,464,190,274
121900098,3,10,-7
121900099,248,110,138
121900100,216,403,-187
121900101,185,205,-20
121900102,19,145,-126
121900103,740,295,445
121900104,1619,481,1138
121900105,226,178,48
121900106,6,7,-1
121900107,19,39,-20
121900108,3,62,-59
121900109,419,202,217
121900110,371,1886,-1515
121900111,1213,161,1052
121900112,96,147,-51
121900113,104,473,-369
121900114,44,130,-86
121900115,119,521,-402
121900117,293,52,241
121900118,3271,574,2697
121900119,195,175,20
121900120,42,2046,-2004
121900121,773,103,670
121900122,44,49,-5
121900123,296,671,-375
121900124,121,342,-221
121900125,1953,1834,119
121900127,20,136,-116
121900128,100,201,-101
121900129,956,205,751
121900130,142,321,-179
121900131,300,134,166
121900132,69,157,-88
121900133,139,597,-458
121900134,17,181,-164
121900135,3646,429,3217
121900136,341,697,-356
121900137,69,401,-332
121900138,176,485,-309
121900139,436,727,-291
121900140,112,266,-154
121900141,39,27,12
121900142,92,162,-70
121900143,15,203,-188
121900144,215,532,-317
121900145,358,332,26
121900146,779,1103,-324
121900147,65,312,-247
121900148,244,348,-104
121900149,601,1002,-401
121900150,79,233,-154
121900151,54,284,-230
121900152,67,187,-120
121900153,176,789,-613
121900154,15,289,-274
121900155,3,198,-195
121900156,187,150,37
121900157,7,683,-676
121900158,89,113,-24
121900159,2,277,-275
121900160,122,270,-148
121900161,443,560,-117
121900162,119,185,-66
121900163,190,1155,-965
121900164,523,295,228
121900165,275,286,-11
121900166,192,282,-90
121900167,151,148,3
121900168,267,212,55
121900169,3,568,-565
121900170,9,266,-257
121900171,665,1057,-392
121900172,485,381,104
121900173,1417,303,1114
121900174,30,53,-23
121900175,256,210,46
121900176,787,2938,-2151
121900177,248,86,162
121900178,13,21,-8
121900179,321,165,156
121900180,7861,3514,4347
121900182,1482,512,970
121900183,592,844,-252
121900184,50,789,-739
121900186,9,512,-503
121900187,26,226,-200
121900188,797,663,134
121900189,52,155,-103
121900190,294,744,-450
121900191,90,301,-211
121900192,440,1031,-591
121900193,18,65,-47
121900194,8,217,-209
121900195,151,152,-1
121900196,1181,1293,-112
121900197,501,3177,-2676
121900198,1619,1949,-330
121900199,3,36,-33
121900200,104,287,-183
121900201,1792,695,1097
121900202,189,569,-380
121900203,322,1502,-1180
121900204,1388,1387,1
121900205,30,87,-57
121900206,24,21,3
121900207,192,66,126
121900208,335,362,-27
121900209,55,36,19
121900210,1766,2081,-315
121900211,194,348,-154
121900212,205,193,12
121900213,95,118,-23
121900214,12,958,-946
121900215,48,87,-39
121900216,44,146,-102
121900217,284,134,150
121900218,417,835,-418
121900219,382,94,288
121900220,188,19,169
121900221,307,805,-498
121900222,238,268,-30
121900223,211,123,88
121900224,114,103,11
121900225,159,95,64
121900226,446,1031,-585
121900227,201,596,-395
121900228,178,349,-171
121900229,299,385,-86
121900230,181,475,-294
121900231,547,2754,-2207
121900232,308,595,-287
121900233,400,342,58
121900234,405,635,-230
121900235,460,413,47
121900236,345,227,118
121900237,298,353,-55
121900238,169,313,-144
121900239,163,64,99
121900240,236,165,71
121900241,35,90,-55
121900242,9,1,8
121900243,10,1,9
121900244,27,11,16
121900245,254,236,18
121900246,2770,601,2169
121900247,364,425,-61
121900248,2100,1484,616
121900250,361,431,-70
121900251,413,51,362
121900252,776,239,537
121900253,156,1358,-1202
121900254,593,375,218
121900255,216,190,26
121900258,4580,2645,1935
121900259,433,750,-317
121900260,127,311,-184
121900261,125,638,-513
121900262,513,1362,-849
121900263,184,560,-376
121900264,3057,2106,951
121900265,214,496,-282
121900266,295,280,15
121900267,63,42,21
121900269,238,535,-297
121900270,35,303,-268
121900271,44,254,-210
121900273,701,2209,-1508
121900274,219,384,-165
121900276,1230,238,992
121900277,469,2139,-1670
121900278,200,1352,-1152
121900279,147,450,-303
121900280,300,678,-378
121900281,686,438,248
121900284,149,8,141
121900286,129,308,-179
121900287,12,25,-13
121900290,266,577,-311
121900291,605,1110,-505
121900292,398,181,217
121900293,1152,5363,-4211
121900294,301,4,297
121900295,84,363,-279
121900296,169,389,-220
121900298,602,642,-40
121900299,0,0,0
121900300,6,0,6
121900301,21,2,19
121900302,1,20,-19
121900303,554,743,-189
121900304,0,7,-7
121900305,2,2,0
121900306,60,0,60
121900307,22,24,-2
121900308,26,469,-443
121900309,25,420,-395
121900310,71,757,-686
121900311,352,27,325
121900312,207,12,195
121900313,223,46,177
121900314,1,106,-105
121900315,17,0,17
121900316,0,11,-11
121900317,3,3,0
121900318,2,37,-35
121900319,12,70,-58
121900320,128,152,-24
121900321,5,4,1
121900322,2,48,-46
121900323,66,15,51
121900324,5,52,-47
121900325,5,2,3
121900326,16,32,-16
121900327,4,106,-102
121900328,0,33,-33
121900329,2,351,-349
121900330,0,14,-14
121900331,403,85,318
121900332,44,29,15
121900333,3,0,3
122000001,3137,5581,-2444
122000002,7043,2778,4265
122000003,2743,2520,223
122000004,4392,2404,1988
122000005,4162,1663,2499
122000006,3963,798,3165
122000007,2236,2385,-149
122000008,8813,8246,567
122000009,722,458,264
122000010,3106,4242,-1136
122000011,4643,2084,2559
122000012,2098,1722,376
122000013,4264,1817,2447
122000014,2366,3751,-1385
122000015,2539,1461,1078
122000016,783,1403,-620
122000017,1578,1522,56
122000018,2110,1577,533
122000019,1362,2256,-894
122000020,298,332,-34
122000021,659,871,-212
122000022,2180,2507,-327
122000023,735,4566,-3831
122000024,1472,1242,230
122000025,2958,1911,1047
122000026,2549,1121,1428
122000027,892,7269,-6377
122000028,1074,669,405
122000029,715,469,246
122000030,413,176,237
122000031,254,357,-103
122000032,2546,5416,-2870
122000033,1697,1428,269
122000034,1000,951,49
122000035,437,1364,-927
122000036,666,727,-61
122000037,560,361,199
122000038,391,539,-148
122000039,790,611,179
122000040,441,572,-131
122000041,668,782,-114
122000042,847,545,302
122000043,225,179,46
122000044,222,257,-35
122000045,1928,785,1143
122000046,1460,1699,-239
122000047,355,271,84
122000048,4262,7368,-3106
122000049,7753,3548,4205
122000050,3175,1011,2164
122000051,656,489,167
122000052,902,336,566
122000053,215,555,-340
122000054,3132,2919,213
122000055,3711,3776,-65
122000056,7446,5524,1922
122000057,5265,4333,932
122000058,5851,1435,4416
122000059,5518,1914,3604
122000060,1299,837,462
122000061,672,542,130
122000062,1746,453,1293
122000063,2689,808,1881
122000064,6130,3577,2553
122000065,8383,3909,4474
122000066,1736,1381,355
122000067,2862,1860,1002
122000068,1889,2220,-331
122000069,819,982,-163
122000070,894,7094,-6200
122000071,1477,3039,-1562
122000072,697,570,127
122000073,950,731,219
122000074,2790,1988,802
122000075,822,2250,-1428
122000076,2361,1588,773
122000077,2052,785,1267
122000078,3961,2710,1251
122000079,3069,1206,1863
122000080,2145,570,1575
122000081,433,637,-204
122000082,1593,1086,507
122000083,2011,6277,-4266
122000084,1535,1191,344
122000085,381,3272,-2891
122000086,3202,7065,-3863
122000087,615,220,395
122000088,518,446,72
122000089,10345,4674,5671
122000090,329,643,-314
122000091,533,89,444
122000092,254,23,231
122000093,3352,1205,2147
122000094,11722,2281,9441
122000095,5249,4097,1152
122000096,4143,2743,1400
122000098,5135,2109,3026
122000099,5624,840,4784
122000100,1882,954,928
122000101,305,1614,-1309
122000102,2595,1704,891
122000103,1902,1983,-81
122000104,492,335,157
122000105,423,393,30
122000106,671,698,-27
122000107,1435,891,544
122000108,461,1089,-628
122000109,471,520,-49
122000110,508,662,-154
122000111,3290,1479,1811
122000112,1110,1714,-604
122000113,845,902,-57
122000114,7957,2303,5654
122000115,2129,3503,-1374
122000116,565,688,-123
122000117,1616,520,1096
122000118,457,895,-438
122000119,4445,2404,2041
122000120,2989,4106,-1117
122000121,3999,3186,813
122000122,1001,1972,-971
122000123,3169,2628,541
122000124,1958,995,963
122000125,698,885,-187
122000126,1187,1740,-553
122000127,2364,1462,902
122000128,874,1262,-388
122000129,500,1259,-759
122000130,3695,993,2702
122000131,1664,1070,594
122000132,962,684,278
122000133,1775,2982,-1207
122000134,695,761,-66
122000135,831,1027,-196
122000136,739,516,223
122000137,1559,1188,371
122000139,3217,4313,-1096
122000140,2352,765,1587
122000141,8198,1780,6418
122000142,769,1047,-278
122000143,887,400,487
122000144,1967,1438,529
122000145,2451,1054,1397
122000146,998,1494,-496
122000147,1530,541,989
122000148,3923,2062,1861
122000149,2476,1798,678
122000150,1454,1318,136
122000151,266,481,-215
122000152,588,413,175
122000153,515,422,93
122000154,367,260,107
122000155,1492,2666,-1174
122000156,2664,2507,157
122000157,3177,1773,1404
122000158,602,857,-255
122000159,1441,2176,-735
122000160,5605,1917,3688
122000161,1198,825,373
122000162,3101,2085,1016
122000163,365,108,257
122000164,43,80,-37
122000165,1124,1051,73
122000166,1525,1586,-61
122000167,239,278,-39
122000168,351,685,-334
122000169,828,247,581
122000170,330,368,-38
122000171,44,77,-33
122000172,2353,2465,-112
122000173,1950,3644,-1694
122000174,3515,1126,2389
122000175,1725,371,1354
122000176,417,1049,-632
122000177,2219,1951,268
122000178,4072,4740,-668
122000179,2786,4322,-1536
122000180,2297,1746,551
122000181,2077,5322,-3245
122000182,2794,2466,328
122000183,2240,1793,447
122000184,3371,3170,201
122000185,1663,1636,27
122000186,934,1413,-479
122000187,2962,1521,1441
122000188,522,275,247
122000189,312,580,-268
122000190,1574,1354,220
122000191,1632,1140,492
122000192,1100,507,593
122000193,440,936,-496
122000194,960,237,723
122000195,217,790,-573
122000196,1312,904,408
122000197,590,1142,-552
122000198,760,1440,-680
122000199,587,554,33
122000200,2116,887,1229
122000201,1558,1696,-138
122000202,1593,1470,123
122000203,3491,2221,1270
122000204,1699,2760,-1061
122000205,1951,1827,124
122000206,3046,1297,1749
122000207,1551,1901,-350
122000208,3547,2538,1009
122000209,4243,565,3678
122000210,2642,3091,-449
122000211,2292,1836,456
122000212,981,698,283
122000213,1380,1664,-284
122000214,2376,2408,-32
122000215,3152,2046,1106
122000217,2856,2033,823
122000218,1124,101,1023
122000219,2260,1435,825
122000220,413,987,-574
122000221,205,729,-524
122000222,693,149,544
122000223,1610,542,1068
122000225,1124,298,826
122000226,1753,2959,-1206
122000227,436,3660,-3224
122000228,474,572,-98
122000229,40,716,-676
122000230,87,1031,-944
122000231,367,1290,-923
122000232,1072,1542,-470
122000233,4,180,-176
122000234,297,393,-96
122000235,799,352,447
122000236,779,302,477
122000237,139,74,65
122000238,231,308,-77
122000239,666,222,444
122000240,1412,733,679
122000241,740,615,125
122000242,665,220,445
122000243,66,25,41
122000244,15,467,-452
122000245,18,119,-101
122000246,25,91,-66
122000247,784,403,381
122000248,1657,2823,-1166
122000249,556,949,-393
122000250,1968,1115,853
122000251,298,584,-286
122000252,706,174,532
122000253,75,446,-371
122000254,229,124,105
122000255,1034,2493,-1459
122000256,588,2139,-1551
122000257,196,687,-491
122000258,167,353,-186
122000259,17,1179,-1162
122000260,21,189,-168
122000261,13,378,-365
122000262,0,115,-115
122000263,135,224,-89
122000264,1282,763,519
122000265,3267,1223,2044
122000266,6729,894,5835
122000267,122,215,-93
122000268,228,670,-442
122000269,1384,451,933
122000270,1625,165,1460
122000271,502,1993,-1491
122000272,455,2076,-1621
122000273,415,841,-426
122000274,187,311,-124
122000275,85,294,-209
122000276,722,1057,-335
122000277,1013,1977,-964
122000278,1149,1511,-362
122000279,295,783,-488
122000280,1174,1188,-14
122000281,852,1304,-452
122000282,204,290,-86
122000283,422,137,285
122000284,207,150,57
122000285,495,212,283
122000286,135,316,-181
122000287,1001,2148,-1147
122000288,358,344,14
122000291,1318,697,621
122000293,564,373,191
122000294,111,219,-108
122000295,1846,311,1535
122000296,58,796,-738
122000297,5662,3019,2643
122000299,534,844,-310
122000300,589,854,-265
122000301,25380,3637,21743
122000302,1446,1380,66
122000303,6823,1832,4991
122000304,68,370,-302
122000305,943,479,464
122000306,27,1348,-1321
122000307,234,196,38
122000309,150,86,64
122000310,23,44,-21
122000311,187,179,8
122000312,188,111,77
122000313,52,50,2
122000314,173,356,-183
122000315,337,39,298
122000316,659,359,300
122000317,1086,324,762
122000318,341,700,-359
122000319,277,1214,-937
122000320,438,4558,-4120
122000321,125,447,-322
122000322,3234,5048,-1814
122000323,2340,3380,-1040
122000324,2192,2067,125
122000325,1380,1771,-391
122000326,45,248,-203
122000327,468,730,-262
122000328,1724,1369,355
122000330,3020,1112,1908
122000332,298,517,-219
122000333,11,292,-281
122000337,1162,2850,-1688
122000338,641,788,-147
122000340,702,508,194
122000342,3967,1654,2313
122000343,619,1510,-891
122000344,81,45,36
122000345,84,90,-6
122000346,487,950,-463
122000348,633,1554,-921
122000349,205,1118,-913
122000351,107,460,-353
122000352,301,175,126
122000353,67,185,-118
122000355,139,189,-50
122000356,3957,1368,2589
122000357,65,20,45
122000358,0,127,-127
122000359,0,62,-62
122000360,1,101,-100
122000362,10,153,-143
122000364,141,754,-613
122000365,5,53,-48
122000366,23,12,11
122000368,660,1232,-572
122000370,30,115,-85
122000371,29,0,29
122000372,10,4,6
122000381,86,611,-525
122000382,71,327,-256
122000384,7114,3140,3974
122000385,67,2,65
122000386,1067,1440,-373
122000387,813,823,-10
122000388,3080,670,2410
122000389,323,1197,-874
122000390,624,406,218
122000391,580,182,398
122000392,255,373,-118
122000393,41,299,-258
122000394,597,455,142
122000395,164,298,-134
122000396,263,186,77
122000397,53,124,-71
122000398,23,47,-24
122000399,169,122,47
122000400,222,365,-143
122000401,115,159,-44
122000402,251,177,74
122000403,796,2010,-1214
122000404,157,462,-305
122000408,1165,1957,-792
122000503,16,150,-134
122000524,231,198,33
122000544,139,4113,-3974
122000616,692,4,688
122000640,70,256,-186
122000641,62,664,-602
122000642,1112,2121,-1009
122000643,50,173,-123
122000644,272,32,240
122000645,121,409,-288
122000651,3650,869,2781
122000664,182,53,129
122000665,1291,785,506
122000666,752,1543,-791
122000673,37,650,-613
122000674,58,59,-1
122000675,1861,1942,-81
122000686,365,2430,-2065
122000687,1279,511,768
122000688,200,1431,-1231
122000689,693,1099,-406
122000690,1057,1131,-74
122000691,454,4364,-3910
122000692,1302,639,663
122000693,548,3608,-3060
122000695,231,923,-692
122000696,246,628,-382
122000698,235,1817,-1582
122000699,263,213,50
122000701,1274,562,712
122000702,689,3456,-2767
122000703,195,135,60
122000717,203,135,68
122000718,379,737,-358
122000719,81,97,-16
122000720,227,499,-272
122900001,47,3,44
122900002,1811,4036,-2225
122900003,287,57,230
122900004,1558,40,1518
122900005,74,78,-4
122900006,1138,621,517
122900007,145,65,80
122900008,1097,162,935
122900009,1252,666,586
122900010,403,274,129
122900012,252,564,-312
122900013,0,0,0
122900014,196,508,-312
122900015,3368,773,2595
122900016,180,607,-427
122900017,582,1441,-859
122900018,288,13,275
122900019,9,220,-211
122900020,489,758,-269
122900021,90,1114,-1024
122900022,646,1396,-750
122900023,465,590,-125
122900024,161,136,25
122900025,22,358,-336
122900026,318,455,-137
122900027,168,1128,-960
122900028,180,248,-68
122900029,8118,3706,4412
122900030,2600,589,2011
122900031,200,196,4
122900032,188,327,-139
122900033,191,292,-101
122900034,5915,7113,-1198
122900035,123,37,86
122900036,73,397,-324
122900037,543,206,337
122900038,219,3057,-2838
122900039,107,541,-434
122900040,366,712,-346
122900041,227,347,-120
122900042,194,469,-275
122900043,585,337,248
122900044,125,447,-322
122900045,83,179,-96
122900046,153,180,-27
122900047,502,201,301
122900048,84,276,-192
122900049,2626,211,2415
122900051,120,222,-102
122900052,57,224,-167
122900053,19,22,-3
122900055,406,176,230
122900057,356,54,302
122900061,531,266,265
122900062,461,724,-263
122900063,169,645,-476
122900064,1461,1084,377
122900065,518,168,350
122900066,573,324,249
122900067,2804,1281,1523
122900068,205,632,-427
122900069,354,2032,-1678
122900070,319,55,264
122900071,207,660,-453
122900072,22,1083,-1061
122900073,52,531,-479
122900074,449,1392,-943
122900075,2,103,-101
122900076,6,411,-405
122900077,2,313,-311
122900078,136,248,-112
122900080,115,21,94
122900081,264,250,14
122900082,677,312,365
122900083,237,169,68
122900084,36,378,-342
122900086,11,56,-45
122900087,219,776,-557
122900088,90,139,-49
122900089,71,292,-221
122900090,16,1198,-1182
122900091,187,0,187
122900092,1,411,-410
122900093,1,672,-671
122900094,4,431,-427
122900095,156,13,143
122900096,169,585,-416
122900097,23,26,-3
122900098,107,254,-147
122900099,26,10,16
122900100,716,712,4
122900101,1074,363,711
122900102,19,12,7
122900103,33,7,26
122900104,79,11,68
122900105,3,27,-24
122900106,2,157,-155
122900107,2,348,-346
122900108,4,335,-331
123000001,3361,481,2880
123000002,9797,4667,5130
123000003,5132,4551,581
123000004,4958,8105,-3147
123000005,3446,3729,-283
123000006,4381,5505,-1124
123000007,3984,3321,663
123000008,3452,5611,-2159
123000009,5779,3603,2176
123000010,5080,6089,-1009
123000011,5223,1001,4222
123000012,1569,3988,-2419
123000013,4290,1089,3201
123000014,1827,6162,-4335
123000015,6658,1259,5399
123000016,11599,4958,6641
123000017,4824,1754,3070
123000018,48,134,-86
123000019,218,480,-262
123000020,139,194,-55
123000021,59,256,-197
123000022,676,1759,-1083
123000023,1492,1555,-63
123000024,1461,727,734
123000025,72,162,-90
123000026,10,92,-82
123000027,316,798,-482
123000028,1347,210,1137
123000029,1110,790,320
123000030,356,1063,-707
123000031,135,876,-741
123000032,245,558,-313
123000033,247,100,147
123000034,1031,946,85
123000035,370,425,-55
123000036,361,925,-564
123000037,349,630,-281
123000038,156,279,-123
123000039,547,1195,-648
123000040,1482,549,933
123000041,1891,973,918
123000042,1400,621,779
123000043,6298,7801,-1503
123000044,9439,3445,5994
123000045,16992,3585,13407
123000046,1247,1357,-110
123000047,2700,2178,522
123000048,108,617,-509
123000049,12893,7914,4979
123000050,1481,1948,-467
123000051,86,170,-84
123000052,812,4359,-3547
123000053,2877,5048,-2171
123000054,1308,2122,-814
123000055,1560,2296,-736
123000056,1650,2887,-1237
123000057,30113,9503,20610
123000058,1094,987,107
123000059,636,838,-202
123000060,1080,516,564
123000061,309,1373,-1064
123000063,1039,1130,-91
123000064,1148,362,786
123000065,12977,5716,7261
123000066,1276,1582,-306
123000067,670,828,-158
123000068,4382,6117,-1735
123000069,11369,6274,5095
123000070,383,1561,-1178
123000071,959,1663,-704
123000072,1114,2624,-1510
123000073,1028,1281,-253
123000074,1091,3553,-2462
123000075,434,1384,-950
123000076,806,1956,-1150
123000077,2719,6262,-3543
123000078,1629,2433,-804
123000079,1353,3009,-1656
123000080,2588,4707,-2119
123000081,269,1310,-1041
123000082,546,2422,-1876
123000083,1028,278,750
123000084,563,1324,-761
123000085,199,211,-12
123000086,406,841,-435
123000087,276,929,-653
123000088,1351,2035,-684
123000089,630,2055,-1425
123000090,1499,1955,-456
123000091,2267,2164,103
123000092,1499,1788,-289
123000094,474,449,25
123000095,567,982,-415
123000096,479,755,-276
123000097,489,1687,-1198
123000098,605,891,-286
123000099,606,1205,-599
123000100,731,832,-101
123000101,880,722,158
123000102,824,866,-42
123000104,359,435,-76
123000105,735,793,-58
123000106,522,512,10
123000107,469,871,-402
123000108,960,2592,-1632
123000111,630,397,233
123000112,866,1040,-174
123000113,722,3462,-2740
123000114,580,622,-42
123000115,234,337,-103
123000116,27,218,-191
123000117,1753,3967,-2214
123000118,538,1667,-1129
123000119,302,1887,-1585
123000120,480,1723,-1243
123000121,540,960,-420
123000122,527,403,124
123000123,567,890,-323
123000124,614,798,-184
123000125,1489,1295,194
123000126,2026,3779,-1753
123000127,1285,1256,29
123000128,382,760,-378
123000129,610,342,268
123000130,515,114,401
123000131,932,790,142
123000132,532,977,-445
123000133,443,639,-196
123000134,563,248,315
123000135,1805,2428,-623
123000136,291,2199,-1908
123000137,165,699,-534
123000138,91,746,-655
123000139,428,222,206
123000140,215,1195,-980
123000141,996,212,784
123000142,1247,1448,-201
123000143,1643,3686,-2043
123000144,27,38,-11
123000145,419,375,44
123000146,113,202,-89
123000147,150,280,-130
123000149,416,503,-87
123000150,227,315,-88
123000151,302,561,-259
123000152,81,611,-530
123000153,147,732,-585
123000154,2372,2057,315
123000155,3969,1218,2751
123000156,37,112,-75
123000157,708,1070,-362
123000158,942,849,93
123000159,5697,3216,2481
123000160,956,754,202
123000161,1657,1273,384
123000162,805,1856,-1051
123000163,560,119,441
123000164,1445,372,1073
123000165,466,3332,-2866
123000166,43,242,-199
123000167,154,510,-356
123000168,207,487,-280
123000169,736,164,572
123000170,48,656,-608
123000171,418,151,267
123000172,262,1098,-836
123000173,615,298,317
123000174,1113,417,696
123000175,1447,2098,-651
123000176,1160,280,880
123000177,596,1823,-1227
123000178,703,199,504
123000179,60,1479,-1419
123000180,1535,371,1164
123000181,496,2435,-1939
123000182,170,1040,-870
123000183,157,422,-265
123000184,161,1577,-1416
123000185,619,725,-106
123000186,15,928,-913
123000187,492,8,484
123000188,133,0,133
123000189,210,268,-58
123000190,59,86,-27
123000192,34,554,-520
123000193,59,1087,-1028
123000194,642,440,202
123000195,290,25,265
123000196,296,20,276
123000197,92,135,-43
123000198,16,336,-320
123000199,4,916,-912
123000200,368,17,351
123000201,890,37,853
123000202,49,2001,-1952
123000203,1055,81,974
123000204,125,1798,-1673
123000205,732,3506,-2774
123000206,1904,265,1639
123000207,149,1508,-1359
123000208,445,164,281
123000209,1816,600,1216
123000210,634,2710,-2076
123000211,888,5040,-4152
123000212,2476,632,1844
123000213,635,80,555
123000215,232,174,58
123000216,274,1236,-962
123000217,221,57,164
123000218,140,559,-419
123000219,1852,96,1756
123000220,553,105,448
123000221,230,315,-85
123000222,406,1285,-879
123000223,239,1120,-881
123000224,466,1037,-571
123000225,264,172,92
123000226,83,760,-677
123000227,128,599,-471
123000228,302,90,212
123000229,1653,3541,-1888
123000232,128,934,-806
123000233,804,279,525
123000234,236,1160,-924
123000235,633,556,77
123000236,283,1550,-1267
123000237,300,78,222
123000238,123,1264,-1141
123000239,576,3724,-3148
123000240,48,508,-460
123000241,1596,223,1373
123000242,214,433,-219
123000243,851,1473,-622
123000244,1011,769,242
123000245,115,245,-130
123000249,684,1251,-567
123000252,872,268,604
123000253,892,555,337
123000254,652,1811,-1159
123000255,1112,1135,-23
123000256,31,407,-376
123000257,6109,3951,2158
123000258,1234,2007,-773
123000259,361,657,-296
123000260,417,1208,-791
123000261,201,527,-326
123000262,142,517,-375
123000263,385,146,239
123000264,221,70,151
123000265,87,283,-196
123000266,572,1209,-637
123000267,569,542,27
123000268,50,102,-52
123000269,59,62,-3
123000270,69,43,26
123000271,62,109,-47
123000272,1023,268,755
123000273,257,683,-426
123000274,1328,612,716
123000275,350,1673,-1323
123000278,5478,3411,2067
123000279,77,162,-85
123000280,420,551,-131
123000281,295,154,141
123000282,157,410,-253
123000283,92,91,1
123000284,72,164,-92
123000286,329,341,-12
123000287,649,410,239
123000288,1187,872,315
123000289,674,984,-310
123000291,450,1367,-917
123000294,253,283,-30
123000295,1021,1102,-81
123000296,400,394,6
123000297,318,1273,-955
123000298,322,966,-644
123000299,37,415,-378
123000300,816,1078,-262
123000301,106,317,-211
123000302,119,444,-325
123000303,204,154,50
123000305,1415,1446,-31
123000306,80,466,-386
123000309,53,51,2
123000310,63,48,15
123000311,2,240,-238
123000312,1237,1588,-351
123000313,360,422,-62
123000315,94,742,-648
123000316,2800,80,2720
123000317,256,68,188
123000318,51,524,-473
123000329,7,18,-11
123000337,410,409,1
123000338,802,64,738
123000339,157,500,-343
123000340,218,828,-610
123000342,15,13,2
123000343,141,4,137
123000344,1933,866,1067
123000345,522,1190,-668
123000346,264,103,161
123000352,3834,1192,2642
123000353,27,157,-130
123000354,295,12,283
123000355,1,912,-911
123000356,270,15,255
123000357,2,495,-493
123000359,11,368,-357
123000360,349,52,297
123000361,1167,391,776
123000362,351,281,70
123000363,85,438,-353
123000364,630,395,235
123000365,34,422,-388
123000366,489,2248,-1759
123000367,295,1922,-1627
123000370,43,703,-660
123000371,459,54,405
123000372,306,39,267
123000373,9,738,-729
123000374,25,349,-324
123000375,275,42,233
123000376,885,732,153
123000377,336,27,309
123000378,37,995,-958
123000379,4,338,-334
123000380,63,369,-306
123000381,177,50,127
123000382,1811,131,1680
123000383,522,987,-465
123000384,577,119,458
123000385,262,1077,-815
123000436,126,1433,-1307
123000507,143,621,-478
123000508,218,778,-560
123000517,414,50,364
123000518,59,476,-417
123000519,237,117,120
123000520,101,487,-386
123000521,481,152,329
123000522,227,1246,-1019
123000541,3,0,3
123000542,0,71,-71
123000565,420,52,368
123000566,116,1467,-1351
123000567,150,447,-297
123000573,48,1753,-1705
123000574,478,93,385
123000575,1048,2223,-1175
123000576,777,4786,-4009
123000577,106,1079,-973
123000578,875,75,800
123000579,7498,5176,2322
123000580,100,33,67
123000582,378,43,335
123000583,25,1059,-1034
123000584,104,346,-242
123000585,1,241,-240
123000586,112,1,111
123000596,125,243,-118
123000597,47,133,-86
123000602,18,2,16
123000603,395,1160,-765
123000604,431,1882,-1451
123000605,1156,184,972
123000606,0,293,-293
123000609,16,325,-309
123000610,196,131,65
123000613,27,267,-240
123000614,196,150,46
123000615,45,246,-201
123000616,369,143,226
123000617,169,1056,-887
123000618,110,1442,-1332
123000619,850,61,789
123000620,15,1175,-1160
123000622,325,29,296
123000624,78,130,-52
123000630,592,488,104
123000631,328,3252,-2924
123000632,1634,2210,-576
123000633,2,410,-408
123000634,143,68,75
123000635,412,124,288
123000636,19,1190,-1171
123000637,113,449,-336
123000638,447,202,245
123000639,1481,3076,-1595
123000640,49,1808,-1759
123900001,2077,102,1975
123900002,28,1474,-1446
123900003,532,1398,-866
123900005,285,157,128
123900006,247,30,217
124000001,1862,172,1690
124000002,194,3866,-3672
124000003,719,221,498
124000004,105,1504,-1399
124000005,971,334,637
124000006,371,2169,-1798
124000007,1494,228,1266
124000008,39,775,-736
124000009,364,751,-387
124000010,121,733,-612
124000011,1064,693,371
124000012,451,1284,-833
124000017,155,137,18
124000018,124,132,-8
124000019,97,146,-49
124000020,105,284,-179
124000021,128,101,27
124000022,97,351,-254
124000023,1497,1486,11
124000024,1285,939,346
124000025,1187,1858,-671
124000026,1815,1470,345
124000027,6310,5347,963
124000028,4066,6180,-2114
124000030,4463,1592,2871
124000031,1045,1652,-607
124000032,10145,1586,8559
124000033,195,327,-132
124000034,6348,938,5410
124000035,21,197,-176
124000036,120,218,-98
124000037,476,962,-486
124000038,130,77,53
124000039,1407,430,977
124000040,841,944,-103
124000041,402,102,300
124000042,90,615,-525
124000043,71,113,-42
124000044,55,444,-389
124000045,479,916,-437
124000046,292,1218,-926
124000047,1294,1540,-246
124000048,984,3597,-2613
124000049,1326,988,338
124000050,797,4494,-3697
124000051,686,712,-26
124000052,790,2631,-1841
124000053,525,1358,-833
124000054,1045,1119,-74
124000055,1377,2003,-626
124000056,7327,2193,5134
124000057,841,631,210
124000058,588,2366,-1778
124000059,568,1082,-514
124000060,1572,1525,47
124000061,1718,4474,-2756
124000062,8164,2589,5575
124000063,1753,2228,-475
124000064,3565,2557,1008
124000065,96,253,-157
124000066,337,108,229
124000067,99,626,-527
124000068,5,16,-11
124000069,98,35,63
124000070,25,181,-156
124000071,274,158,116
124000072,265,880,-615
124000073,1117,160,957
124000074,223,1545,-1322
124000075,213,67,146
124000076,5,415,-410
124000077,2694,919,1775
124000078,2698,997,1701
124000079,705,1634,-929
124000080,408,209,199
124000081,238,1336,-1098
124000082,21,144,-123
124000083,61,275,-214
124000084,24,194,-170
124000085,104,82,22
124000086,106,123,-17
124000087,131,98,33
124000088,184,877,-693
124000089,625,614,11
124000090,81,456,-375
124000091,624,173,451
124000092,113,856,-743
124000093,117,136,-19
124000094,194,894,-700
124000095,65,93,-28
124000096,178,657,-479
124000097,88,154,-66
124000098,82,226,-144
124000099,187,142,45
124000100,56,176,-120
124000101,59,143,-84
124000102,109,183,-74
124000103,70,120,-50
124000104,109,170,-61
124000105,50,101,-51
124000106,107,185,-78
124000107,12,155,-143
124000108,86,83,3
124000109,128,137,-9
124000110,266,197,69
124000111,231,197,34
124000112,707,1203,-496
124000113,87,104,-17
124000114,276,1021,-745
124000115,376,1320,-944
124000116,104,100,4
124000117,115,132,-17
124000118,54,105,-51
124000119,1389,1169,220
124000120,925,930,-5
124000121,2739,711,2028
124000122,971,1666,-695
124000123,1176,548,628
124000124,616,1298,-682
124000125,481,499,-18
124000126,399,888,-489
124000127,936,522,414
124000128,748,1489,-741
124000129,2325,1700,625
124000130,857,963,-106
124000131,1027,613,414
124000132,898,1080,-182
124000133,1069,1149,-80
124000134,956,1042,-86
124000135,2287,2440,-153
124000136,1464,1715,-251
124000137,1598,1027,571
124000138,1977,1887,90
124000139,663,67,596
124000140,51,631,-580
124000141,144,6,138
124000142,6,184,-178
124000143,69,18,51
124000144,9,102,-93
124000145,97,62,35
124000146,59,195,-136
124000148,36,81,-45
124000149,1115,406,709
124000150,505,936,-431
124000151,652,444,208
124000152,932,2070,-1138
124000153,554,907,-353
124000154,409,1466,-1057
124000155,1256,1002,254
124000156,2234,1424,810
124000169,225,531,-306
124000170,1227,623,604
124000171,244,357,-113
124000172,364,969,-605
124000173,404,459,-55
124000174,302,1472,-1170
124000175,19,232,-213
124000176,53,11,42
124000177,14,50,-36
124000178,25,30,-5
124000190,103,28,75
124000191,560,74,486
124000192,2704,412,2292
124000193,891,1799,-908
124000194,422,819,-397
124000195,358,659,-301
124000196,1087,1698,-611
124000197,77,111,-34
124000198,33,47,-14
124000201,494,2028,-1534
124000202,584,340,244
124000203,211,2027,-1816
124000204,488,1296,-808
124000205,71,1409,-1338
124000206,419,809,-390
124000207,0,80,-80
124000209,360,1443,-1083
124000210,269,348,-79
124000211,350,2,348
124000212,8,1152,-1144
124000213,238,750,-512
124000214,253,1894,-1641
124000215,203,18,185
124000216,3,1029,-1026
124000329,169,4650,-4481
124000338,113,2766,-2653
124000339,690,205,485
124000341,926,148,778
124000344,25,0,25
124000357,1101,2321,-1220
124000358,706,1460,-754
124000359,1439,896,543
124000360,700,660,40
124000361,2031,716,1315
124000362,2307,3215,-908
124000363,409,749,-340
124000364,896,1824,-928
124000365,652,1587,-935
124000366,2612,1095,1517
124000367,162,1280,-1118
124000368,318,278,40
124000369,183,124,59
124000370,95,898,-803
124000402,52,17,35
124000403,89,23,66
124000404,13,211,-198
124000405,1376,894,482
124000406,1274,1164,110
124000407,10,62,-52
124000411,15,727,-712
124000412,277,27,250
124000413,426,72,354
124000414,47,133,-86
124000415,53,393,-340
124000416,168,565,-397
124000417,164,146,18
124000418,112,167,-55
124000419,83,292,-209
124000420,46,77,-31
124000421,40,425,-385
124000422,29,22,7
124000423,129,57,72
124000424,4,150,-146
124000425,26,25,1
124000426,1,62,-61
124000427,23,16,7
124000428,28,42,-14
124000429,33,68,-35
124000430,786,1594,-808
124000431,327,1511,-1184
124000432,186,1576,-1390
124000439,5,36,-31
124000442,5,300,-295
124000443,0,4,-4
124000445,143,263,-120
124000446,2151,62,2089
124900001,409,399,10
124900002,222,819,-597
124900003,813,740,73
124900004,481,468,13
124900005,381,481,-100
124900006,571,582,-11
124900008,1524,730,794
124900009,103,326,-223
124900010,146,70,76
124900011,536,287,249
124900012,528,115,413
124900013,488,159,329
124900014,225,230,-5
124900015,194,346,-152
124900016,73,155,-82
124900017,1592,823,769
124900018,43,14,29
124900020,124,67,57
124900021,212,59,153
124900022,30,26,4
124900024,286,43,243
124900026,142,25,117
124900027,102,342,-240
124900028,1616,268,1348
124900029,6,489,-483
124900030,12,430,-418
124900031,129,770,-641
124900032,419,208,211
124900033,170,834,-664
124900034,13,218,-205
124900035,334,906,-572
124900036,2,96,-94
124900037,259,858,-599
124900038,454,681,-227
124900039,0,38,-38
124900040,160,154,6
124900041,314,2078,-1764
124900042,66,0,66
124900043,459,2038,-1579
124900044,84,3,81
124900045,1198,1316,-118
124900046,3663,265,3398
124900047,127,398,-271
124900048,197,324,-127
124900050,235,557,-322
124900052,96,700,-604
124900053,108,550,-442
124900054,7511,589,6922
124900055,2,289,-287
124900057,33,201,-168
124900060,148,467,-319
124900061,29,5,24
124900062,136,30,106
124900066,1,16,-15
124900067,11,424,-413
124900068,246,552,-306
124900070,52,25,27
124900072,71,46,25
124900074,418,691,-273
124900075,165,244,-79
124900076,39,652,-613
124900077,34,151,-117
124900078,63,18,45
124900079,1455,178,1277
124900080,368,1320,-952
124900081,795,351,444
124900082,488,1653,-1165
124900083,260,1034,-774
124900084,4651,140,4511
124900085,1515,376,1139
124900086,136,1041,-905
124900087,739,134,605
124900088,793,182,611
124900089,2400,69,2331
124900090,310,298,12
124900091,414,1150,-736
124900092,335,826,-491
124900093,277,270,7
124900094,334,381,-47
124900095,100,584,-484
124900096,739,328,411
124900097,330,89,241
124900098,131,668,-537
124900099,1358,702,656
124900100,297,85,212
124900101,39,348,-309
124900102,175,43,132
124900103,173,557,-384
124900104,84,354,-270
124900105,137,322,-185
124900106,488,75,413
124900107,104,55,49
124900108,329,61,268
124900109,46,134,-88
124900110,218,579,-361
124900111,1,94,-93
124900112,89,1816,-1727
124900113,84,263,-179
124900114,169,85,84
124900115,97,85,12
124900116,178,169,9
124900117,797,207,590
124900118,150,99,51
124900119,399,129,270
124900120,61,810,-749
124900121,88,267,-179
124900122,617,395,222
124900123,281,65,216
124900124,181,218,-37
129000186,214,68,146
204000001,47,1,46
204000002,24,7,17
204000003,37,2,35
204000004,7,2,5
204000005,587,696,-109
204000006,1156,2058,-902
204000008,1273,907,366
204000011,13,109,-96
204000012,59,89,-30
204000013,0,53,-53
204000019,625,723,-98
204000020,677,1150,-473
204000021,3039,1130,1909
204000022,566,605,-39
204000023,553,1531,-978
204000031,50,11,39
204000032,604,41,563
204000034,27,437,-410
204000035,1,10,-9
204000036,6,31,-25
204000037,1,19,-18
204000038,0,22,-22
204000039,12,61,-49
204000040,7,46,-39
204000041,7,112,-105
204000042,86,18,68
204000043,27,6,21
204000044,17,2,15
204000045,58,8,50
204000046,16,4,12
204000057,4,34,-30
204000062,10,42,-32
204000068,25,233,-208
204000069,6,175,-169
204000070,59,123,-64
204000080,37,51,-14
204000085,1603,2522,-919
204000086,3251,3254,-3
204000087,36,12,24
204000088,4,155,-151
204000090,18,549,-531
204000093,195,72,123
204000096,704,1168,-464
204000097,350,50,300
204000099,935,1583,-648
204000100,1089,1784,-695
204000105,2158,2569,-411
204000110,1293,1823,-530
204000111,423,1119,-696
204000112,1154,1348,-194
204000113,440,1509,-1069
204000114,719,1087,-368
204000115,545,577,-32
204000116,2160,879,1281
204000119,1882,2834,-952
204000132,449,277,172
204000133,539,370,169
204000134,376,189,187
204000135,384,154,230
204000136,296,344,-48
204000138,227,403,-176
204000140,127,138,-11
204000141,125,69,56
204000144,5,50,-45
204000145,513,59,454
204000146,33,605,-572
204000147,22,134,-112
204000148,467,66,401
204000154,6,1,5
204000155,4,14,-10
204000177,76,67,9
204000179,15,14,1
204000180,0,24,-24
204000222,7,23,-16
204000235,12,26,-14
204000236,115,445,-330
204000238,19,43,-24
204000240,316,132,184
204000263,364,1457,-1093
204000308,368,26,342
204000317,21,78,-57
204000322,3,99,-96
204000323,36,26,10
204000328,301,105,196
204000329,45,270,-225
204000330,188,63,125
204000331,13,186,-173
204010341,11,590,-579
205000001,1163,2057,-894
205000013,20,85,-65
205000014,13,113,-100
205000015,24,237,-213
205000016,24,179,-155
205000017,19,104,-85
205000022,289,817,-528
205000025,1973,1260,713
205000029,200,5,195
205000045,111,285,-174
205000047,102,596,-494
205000048,221,1175,-954
205000049,154,843,-689
205000050,990,330,660
205000059,0,363,-363
205000060,0,94,-94
205000061,2,32,-30
205000062,3,48,-45
205000063,22,135,-113
205000064,16,237,-221
205000065,68,929,-861
205000066,113,1130,-1017
205000067,57,1409,-1352
205000069,169,32,137
205000082,147,488,-341
205000110,58,229,-171
205000111,154,292,-138
205000112,168,312,-144
205000113,159,352,-193
205000121,222,154,68
205000123,73,252,-179
205000126,581,238,343
205000127,713,332,381
205000128,688,186,502
205000129,909,202,707
205000130,924,59,865
205000131,756,17,739
205000132,684,3,681
205000133,532,1,531
205000134,240,0,240
205000137,63,163,-100
205000138,278,400,-122
205000139,28,126,-98
205000144,66,148,-82
205000145,363,394,-31
205000151,356,96,260
205000152,283,61,222
205000153,177,125,52
205000154,86,125,-39
205000155,109,26,83
205000207,12,280,-268
205000233,21,1,20
205000234,0,0,0
205000243,0,0,0
205000244,0,9,-9
205000245,16,573,-557
205000249,1,60,-59
205000250,4,1,3
205000251,82,549,-467
205000264,8,80,-72
206000027,13,3,10
206000028,5,4,1
206000043,9,216,-207
206000053,6,28,-22
206000054,7,56,-49
206000055,0,55,-55
206000075,11,11,0
206000076,19,13,6
206000077,18,10,8
206000078,10,3,7
206000079,19,7,12
206000082,566,17,549
206000100,121,1247,-1126
206000103,6,35,-29
206000104,10,55,-45
206000105,3,24,-21
206000106,8,56,-48
206000108,634,41,593
206000125,53,0,53
206000157,89,1378,-1289
206000170,1,388,-387
206000171,3,358,-355
206000172,19,1486,-1467
206000173,3,455,-452
206000174,9,201,-192
206000175,3,252,-249
206000176,16,530,-514
206000177,3,392,-389
206000178,3,319,-316
206000179,12,196,-184
206000180,19,342,-323
206000181,12,583,-571
206000182,13,592,-579
206000183,23,1884,-1861
206000184,13,787,-774
206000185,13,571,-558
206000186,146,2809,-2663
206000223,0,399,-399
206000226,15,3,12
206000227,15,2,13
206000237,48,883,-835
206000238,61,1210,-1149
206000239,930,4852,-3922
206000240,2,96,-94
206000241,1,202,-201
206000242,9,644,-635
206000243,5,648,-643
206000244,77,1584,-1507
206000245,388,66,322
206000246,49,5,44
206000247,92,9,83
206000248,282,13,269
206000252,80,23,57
206000258,22,78,-56
206000315,38,3,35
206000317,297,80,217
206000318,243,37,206
206000319,463,81,382
206000320,54,45,9
206000321,49,8,41
206000322,205,18,187
206000323,72,11,61
206000324,51,5,46
206000325,196,8,188
206000326,146,12,134
206000327,231,5,226
206000328,68,4,64
206000329,81,1,80
206000330,15,3,12
206000331,60,6,54
206000332,23,11,12
206000333,282,10,272
206000334,139,2,137
206000335,0,23,-23
206000361,1,464,-463
206000392,4,76,-72
206000405,81,0,81
206000441,10,21,-11
206000498,48,3,45
206000515,128,14,114
206000530,131,48,83
206000531,197,107,90
206000532,3941,127,3814
206000535,579,4039,-3460
206000536,37,452,-415
206000537,15,510,-495
206000613,1605,193,1412
207000001,144,629,-485
207000002,168,494,-326
207000003,189,324,-135
207000007,545,337,208
207000008,43,6,37
207000009,37,43,-6
207000010,456,906,-450
207000012,250,366,-116
207000015,421,2726,-2305
207000019,238,111,127
207000021,544,129,415
207000022,154,127,27
207000023,165,45,120
207000024,3,32,-29
207000025,25,62,-37
207000026,141,60,81
207000027,17,98,-81
207000028,106,271,-165
207000029,323,590,-267
207000033,281,367,-86
207000034,294,89,205
207000039,391,135,256
207000040,215,120,95
207000041,109,61,48
207000042,259,69,190
207000043,247,204,43
207000051,175,591,-416
207000052,20,297,-277
207000053,520,1003,-483
207000054,39,213,-174
207000055,168,241,-73
207000056,347,586,-239
207000057,172,461,-289
207000058,165,712,-547
207000059,77,1339,-1262
207000060,62,455,-393
207000061,199,311,-112
207000062,216,32,184
207000063,165,131,34
207000064,498,266,232
207000065,394,264,130
207000066,130,173,-43
207000067,68,138,-70
207000068,102,90,12
207000069,699,374,325
207000082,25,485,-460
207000083,117,668,-551
207000084,194,305,-111
207000085,109,12,97
207000086,121,3,118
207000106,20,40,-20
207000107,77,29,48
207000108,32,12,20
207000109,29,19,10
207000110,36,64,-28
207000111,66,61,5
207000112,228,468,-240
207000114,19,71,-52
207000115,14,151,-137
207000116,18,570,-552
207000117,15,298,-283
207000118,3,209,-206
207000119,26,224,-198
207000123,167,35,132
207000124,86,39,47
207000125,83,50,33
207000126,55,70,-15
207000134,26,321,-295
207000135,37,454,-417
207000148,43,254,-211
207000149,82,70,12
207000152,175,475,-300
207000153,1329,1552,-223
207000154,439,179,260
207000159,84,434,-350
207000160,143,930,-787
207000238,1,141,-140
207000242,1,350,-349
207000248,32,66,-34
207000249,187,99,88
207000250,1434,98,1336
207000251,83,117,-34
207000252,59,139,-80
207000278,55,117,-62
207000279,16,375,-359
207000280,274,47,227
207000281,108,1903,-1795
207000282,218,71,147
207000283,108,440,-332
207000284,58,95,-37
207000285,197,30,167
207000291,16,251,-235
207000304,99,78,21
207000306,66,726,-660
207000310,60,73,-13
207000353,346,7,339
207000356,12,40,-28
207000357,21,4,17
207000358,18,8,10
207000415,6,276,-270
207000417,48,1,47
207000418,4,23,-19
207000437,0,3,-3
207000439,1023,443,580
207000446,145,8,137
207000460,7,5,2
207000466,260,331,-71
207000467,85,84,1
207000468,32,660,-628
207000476,6,136,-130
207000477,553,171,382
207000523,0,11,-11
207000524,12,0,12
207000527,94,184,-90
207000530,294,3,291
207000531,352,9,343
207000532,136,27,109
207000534,678,53,625
207000535,53,414,-361
207000537,30,203,-173
207000540,10,274,-264
207000541,3,502,-499
207000548,27,446,-419
207000549,280,22,258
207000561,119,274,-155
207000562,25,295,-270
207000567,201,402,-201
207000568,103,218,-115
207000569,367,2023,-1656
207000584,353,336,17
207000585,64,336,-272
207000616,0,288,-288
207000617,94,0,94
207900008,120,350,-230
208000001,524,986,-462
208000002,518,719,-201
208000003,909,778,131
208000004,1309,947,362
208000005,20,25,-5
208000019,503,1194,-691
208000020,176,647,-471
208000021,191,1086,-895
208000022,872,1123,-251
208000028,2272,1193,1079
208000033,410,1205,-795
208000034,1693,3094,-1401
208000040,140,195,-55
208000041,824,608,216
208000042,856,728,128
208000047,136,824,-688
208000064,3089,1980,1109
208000066,2129,1790,339
208000070,250,489,-239
208000071,328,1164,-836
208000072,307,1773,-1466
208000080,222,456,-234
208000081,224,277,-53
208000082,229,442,-213
208000083,159,500,-341
208000084,40,17,23
208000085,1101,676,425
208000086,474,1143,-669
208000087,301,1010,-709
208000089,923,1261,-338
208000090,750,1903,-1153
208000093,104,189,-85
208000094,532,997,-465
208000095,751,629,122
208000104,1111,1435,-324
208000105,759,1553,-794
208000114,65,247,-182
208000115,544,531,13
208000116,385,1188,-803
208000117,94,182,-88
208000118,105,116,-11
208000155,716,1407,-691
208000158,1752,4661,-2909
208000186,3730,3788,-58
208000204,606,1733,-1127
208000205,1324,2368,-1044
208000282,5340,3104,2236
209000004,279,292,-13
209000005,36,50,-14
209000006,601,114,487
209000007,437,301,136
209000010,731,186,545
209000011,237,271,-34
209000012,248,303,-55
209000013,252,977,-725
209000014,853,2690,-1837
209000025,229,43,186
209000026,711,134,577
209000027,490,1669,-1179
209000028,283,1576,-1293
209000029,876,1646,-770
209000030,642,2811,-2169
209000031,6317,4011,2306
209000034,156,177,-21
209000035,105,166,-61
209000036,167,120,47
209000037,146,243,-97
209000038,91,158,-67
209000039,33,189,-156
209000040,397,744,-347
209000041,206,537,-331
209000042,308,497,-189
209000043,1005,874,131
209000044,258,852,-594
209000045,1144,537,607
209000046,477,590,-113
209000047,326,298,28
209000048,475,328,147
209000049,80,181,-101
209000050,202,270,-68
209000051,279,613,-334
209000052,148,504,-356
209000062,47,285,-238
209000063,33,256,-223
209000064,43,273,-230
209000065,52,59,-7
209000066,35,49,-14
209000067,62,109,-47
209000080,87,307,-220
209000082,63,84,-21
209000091,38,216,-178
209000093,76,52,24
209000094,210,311,-101
209000110,25,110,-85
209000111,435,1606,-1171
209000112,689,695,-6
209000113,1883,626,1257
209000114,399,513,-114
209000115,65,216,-151
209000116,930,1079,-149
209000118,23,33,-10
209000119,76,18,58
209000121,170,1024,-854
209000135,77,136,-59
209000142,872,1502,-630
209000143,135,132,3
209000144,85,124,-39
209000229,182,258,-76
209000240,66,795,-729
209000259,70,156,-86
209000260,74,1686,-1612
209000261,10,1145,-1135
209000262,4,989,-985
209000263,0,251,-251
209000264,1,147,-146
209000265,330,2,328
209000266,104,0,104
209000267,971,4,967
209000268,627,53,574
210000037,62,34,28
210000047,55,54,1
210000048,91,76,15
210000049,36,51,-15
210000052,59,176,-117
210000053,23,136,-113
210000054,47,147,-100
210000070,170,7,163
210000071,94,0,94
210000072,26,0,26
210000073,2,38,-36
210000074,0,199,-199
210000075,2,97,-95
210000076,16,166,-150
210000077,37,51,-14
210000078,41,38,3
210000079,93,34,59
210000080,276,88,188
210000081,201,23,178
210000082,45,1,44
210000083,83,0,83
210000084,56,1,55
210000085,1,110,-109
210000086,4,166,-162
210000099,40,336,-296
210000100,68,365,-297
210000101,97,379,-282
210000105,73,389,-316
210000159,0,188,-188
210000163,202,345,-143
210000164,345,188,157
210000168,183,20,163
210000187,0,55,-55
210000188,2,36,-34
210000214,31,1,30
210000219,23,71,-48
210000220,91,189,-98
210000232,5,31,-26
210000233,50,81,-31
210000234,42,184,-142
210000235,62,201,-139
210000245,4,187,-183
210000246,28,7,21
210000258,19,120,-101
210000259,417,52,365
210000282,104,279,-175
210000285,3,120,-117
210000286,22,193,-171
210000290,0,0,0
210000295,30,232,-202
210000296,57,84,-27
210000320,198,264,-66
210000321,139,177,-38
210000338,73,165,-92
210000339,641,1390,-749
210000340,159,508,-349
210000341,193,392,-199
210000342,184,284,-100
210000343,152,266,-114
210000344,349,185,164
210000345,280,233,47
210000346,119,166,-47
210000347,207,67,140
210000348,210,19,191
210000349,123,20,103
210000350,94,72,22
210000351,113,106,7
210000352,64,179,-115
210000353,36,201,-165
210000354,96,201,-105
210000355,106,196,-90
210000356,150,137,13
210000357,156,82,74
210000358,759,208,551
210000359,243,100,143
210000360,209,162,47
210000361,210,247,-37
210000362,263,271,-8
210000363,1259,242,1017
210000364,176,206,-30
210000365,147,84,63
210000366,140,98,42
210000367,108,59,49
210000368,216,42,174
210000369,33,25,8
210000370,85,82,3
210000372,94,46,48
210000373,119,24,95
210000374,63,12,51
210000375,43,167,-124
210000376,69,253,-184
210000404,99,243,-144
210000439,27,118,-91
210000472,133,6,127
210000482,64,105,-41
210000564,685,410,275
210000567,0,4,-4
210000568,803,6,797
211000092,13,155,-142
211000094,36,7,29
211000169,194,16,178
211000172,15,433,-418
211000209,0,47,-47
211000226,0,0,0
211000270,3,2,1
211000275,10,58,-48
211000276,88,85,3
211000279,9,147,-138
211000281,36,138,-102
211507980,2,63,-61
211977296,63,3,60
212000003,168,79,89
212000004,76,28,48
212000005,37,50,-13
212000006,25,176,-151
212000008,137,361,-224
212000009,17,290,-273
212000012,68,121,-53
212000013,24,96,-72
212000014,206,251,-45
212000015,237,417,-180
212000016,454,926,-472
212000027,510,1002,-492
212000028,327,794,-467
212000029,198,550,-352
212000030,37,80,-43
212000031,72,115,-43
212000048,44,118,-74
212000049,6,102,-96
212000050,17,10,7
212000051,167,374,-207
212000052,153,598,-445
212000053,366,923,-557
212000054,149,264,-115
212000055,202,524,-322
212000056,23,60,-37
212000057,11,53,-42
212000058,770,69,701
212000070,152,594,-442
212000077,126,1167,-1041
212000099,312,459,-147
212000108,270,274,-4
212000111,160,163,-3
212000120,270,203,67
212000138,107,37,70
212000156,4,202,-198
212000158,7,16,-9
212000159,279,84,195
212000160,481,390,91
212000161,38,14,24
212000310,33,29,4
212000311,12,141,-129
212000374,27,20,7
213000001,43,1344,-1301
213000005,537,176,361
213000006,1313,245,1068
213000007,134,12,122
213000009,769,441,328
213000010,234,282,-48
213000011,255,196,59
213000012,217,468,-251
213000014,62,6,56
213000015,244,15,229
213000016,337,7,330
213000017,48,0,48
213000018,3,265,-262
213000019,4,229,-225
213000020,155,576,-421
213000021,7,170,-163
213000023,323,279,44
213000033,292,1384,-1092
213000034,721,484,237
213000035,78,293,-215
213000045,157,363,-206
213000046,197,306,-109
213000047,670,1069,-399
213000056,69,58,11
213000069,147,3,144
213000073,4,40,-36
213000074,207,916,-709
213000075,621,5,616
213000085,1,62,-61
213000086,23,352,-329
213000091,94,16,78
213000092,55,14,41
213000099,190,1177,-987
213000100,1388,295,1093
213000101,154,218,-64
213000102,292,566,-274
213000103,858,1404,-546
213000104,53,955,-902
213000105,5,99,-94
213000106,25,288,-263
213000107,98,1158,-1060
213000108,21,915,-894
213000109,6,414,-408
213000110,20,137,-117
213000111,10,138,-128
213000112,184,187,-3
213000115,34,1,33
213000116,88,1698,-1610
213000117,16,2402,-2386
213000118,362,583,-221
213000119,89,1461,-1372
213000120,145,1286,-1141
213000122,315,1230,-915
213000123,977,2111,-1134
213000124,106,2123,-2017
213000125,124,11,113
213000126,137,156,-19
213000127,190,248,-58
213000128,1259,1047,212
213000129,757,579,178
213000130,325,273,52
213000132,250,125,125
213000133,340,143,197
213000134,796,17,779
213000136,411,36,375
213000137,533,92,441
213000139,301,26,275
213000147,114,5,109
213000148,30,10,20
213000149,60,11,49
213000150,2,139,-137
213000151,6,143,-137
213000152,3,167,-164
213000153,12,76,-64
213000154,23,284,-261
213000155,44,524,-480
213000156,123,1079,-956
213000157,1120,690,430
213000158,305,1219,-914
213000159,554,1001,-447
213000163,478,113,365
213000165,716,261,455
213000171,2,184,-182
213000172,2,557,-555
213000173,4,431,-427
213000174,2,449,-447
213000175,18,297,-279
213000176,68,23,45
213000177,52,14,38
213000178,83,16,67
213000179,162,1,161
213000180,115,1,114
213000184,127,1072,-945
213000188,360,95,265
213000189,242,60,182
213000190,937,1340,-403
213000191,261,748,-487
213000192,210,886,-676
213000193,2872,320,2552
213000194,2,59,-57
213000195,30,697,-667
213000196,227,1435,-1208
213000197,287,754,-467
213000198,105,1,104
213000200,128,1737,-1609
213000201,56,73,-17
213000202,18,1350,-1332
213000203,4611,714,3897
213000204,497,93,404
213000205,292,136,156
213000206,812,85,727
213000207,208,14,194
213000208,97,1,96
213000209,157,1,156
213000210,470,0,470
213000211,8,22,-14
213000212,12,28,-16
213000213,8,44,-36
213000218,272,1478,-1206
213000219,486,18,468
213000220,409,5,404
213000223,265,169,96
213000224,62,34,28
213000225,81,12,69
213000226,53,20,33
213000227,719,296,423
213000228,227,91,136
213000229,487,19,468
213000230,357,38,319
213000232,91,602,-511
213000233,23,46,-23
213000234,13,65,-52
213000293,31,82,-51
213000294,162,12,150
213000295,7,110,-103
213000296,67,34,33
213000297,17,197,-180
213000298,21,177,-156
213000299,76,75,1
213000300,4,5,-1
213000303,6,38,-32
213000304,0,14,-14
213000305,3,15,-12
213000306,129,88,41
213000307,546,97,449
213000308,152,485,-333
213000309,179,67,112
213000310,288,167,121
213000311,337,1197,-860
213000315,68,339,-271
213000316,106,77,29
213000322,106,283,-177
213000323,65,139,-74
213000324,112,282,-170
213000325,47,311,-264
213000326,64,149,-85
213000327,53,300,-247
213000328,52,237,-185
213000329,96,213,-117
213000340,174,1384,-1210
213000341,279,111,168
213000347,1059,297,762
213000348,10,203,-193
213000349,31,7,24
213000350,305,2599,-2294
213000366,66,709,-643
213000367,165,41,124
213000379,34,169,-135
213000386,22,298,-276
213000406,118,547,-429
213000417,1250,675,575
213000425,124,74,50
213000426,91,116,-25
213000427,44,852,-808
213000428,50,498,-448
213000429,12,9,3
213000430,106,2408,-2302
213000431,30,5,25
213000432,0,29,-29
213000433,15,294,-279
213000434,51,171,-120
213000435,82,137,-55
213000436,9,163,-154
213000437,4,136,-132
213000438,137,235,-98
213000439,78,18,60
213000440,11,329,-318
213000441,0,0,0
213000442,4,122,-118
213000443,612,793,-181
213000444,27,188,-161
213000445,0,173,-173
213000446,1,19,-18
213000447,17,27,-10
213000448,4,134,-130
213000449,216,5,211
213000450,34,72,-38
213000451,314,140,174
213000452,21,34,-13
213000453,64,610,-546
213000455,347,39,308
213000456,0,156,-156
213000481,27,24,3
213000484,51,10,41
213000489,860,88,772
213900002,1,93,-92
213900003,286,2,284
213900013,4,271,-267
213900015,0,13,-13
213900016,12,19,-7
213900020,19,248,-229
213900030,1,128,-127
213900032,375,138,237
213900033,118,47,71
213900034,350,136,214
213900035,185,1105,-920
213900036,130,412,-282
213900037,39,541,-502
213900038,346,409,-63
213900039,0,162,-162
213900041,1,123,-122
213900042,241,236,5
213900043,219,265,-46
213900244,13,0,13
213900245,0,43,-43
218000003,32,29,3
218000004,61,20,41
218000005,41,47,-6
218000006,63,33,30
218000007,13,15,-2
218000012,523,209,314
218000013,80,117,-37
218000014,483,500,-17
218000019,854,921,-67
218000020,357,748,-391
218000021,52,153,-101
218000022,15,71,-56
218000023,1,65,-64
218000024,1,26,-25
218000025,9,46,-37
218000026,18,77,-59
218000027,0,31,-31
218000028,3,12,-9
218000029,4,6,-2
218000030,26,55,-29
218000031,3,86,-83
218000032,3,67,-64
218000040,9,1,8
218000046,50,238,-188
218000047,21,312,-291
218000048,86,381,-295
218000049,172,369,-197
218000050,423,594,-171
218000051,119,617,-498
218000052,5,237,-232
218000053,1,20,-19
218000054,31,60,-29
218000055,8,28,-20
218000056,12,43,-31
218000057,3,55,-52
218000064,0,32,-32
218000065,60,109,-49
218000066,12,77,-65
218000067,64,179,-115
218000068,85,150,-65
218000069,158,327,-169
218000070,134,483,-349
218000071,151,350,-199
218000072,274,457,-183
218000078,689,2016,-1327
218000079,58,118,-60
218000080,109,125,-16
218000081,309,423,-114
218000082,24,259,-235
218000083,43,76,-33
218000084,82,337,-255
218000085,119,726,-607
218000086,54,368,-314
218000087,195,418,-223
218000090,11,77,-66
218000091,925,585,340
218000092,52,245,-193
218000093,60,153,-93
218000094,442,1136,-694
218000099,246,778,-532
218000100,206,382,-176
218000101,198,219,-21
218000102,236,446,-210
218000103,62,248,-186
218000104,81,80,1
218000105,40,14,26
218000106,10,17,-7
218000107,59,139,-80
218000108,17,111,-94
218000112,113,20,93
218000117,64,96,-32
218000134,890,1637,-747
218000135,56,236,-180
218000136,314,95,219
218000137,212,192,20
218000138,32,157,-125
218000139,137,508,-371
218000140,302,221,81
218000141,113,90,23
218000142,93,201,-108
218000143,153,278,-125
218000144,85,100,-15
218000145,297,573,-276
218000146,71,268,-197
218000151,10,41,-31
218000152,129,118,11
218000153,4,7,-3
218000154,10,2,8
218000155,13,2,11
218000156,60,44,16
218000157,8,33,-25
218000158,1,14,-13
218000159,4,9,-5
218000160,1,5,-4
218000161,16,10,6
218000162,27,19,8
218000163,6,6,0
218000164,34,15,19
218000165,57,67,-10
218000170,3,79,-76
218000171,63,16,47
218000172,18,18,0
218000173,102,26,76
218000174,45,12,33
218000176,155,62,93
218000177,360,293,67
218000178,86,318,-232
218000179,102,103,-1
218000180,82,41,41
218000181,190,134,56
218000187,9,21,-12
218000188,20,79,-59
218000189,12,113,-101
218000190,16,58,-42
218000191,112,149,-37
218000192,154,837,-683
218000193,355,950,-595
218000194,96,947,-851
218000195,129,186,-57
218000196,250,547,-297
218000197,234,650,-416
218000198,26,344,-318
218000199,52,60,-8
218000200,92,79,13
218000201,26,17,9
218000202,302,296,6
218000207,15,123,-108
218000208,63,139,-76
218000211,45,11,34
218000212,0,16,-16
218000213,129,109,20
218000214,3,41,-38
218000215,62,169,-107
218000217,8,225,-217
218000218,416,154,262
218000219,90,38,52
218000220,252,526,-274
218000221,1516,234,1282
218000222,63,35,28
218000223,44,370,-326
218000224,13,138,-125
218000225,201,31,170
218000226,105,136,-31
218000230,0,11,-11
218000232,51,152,-101
218000239,73,15,58
218000240,16,1,15
218000241,24,0,24
218000242,47,3,44
218000243,33,3,30
218000244,26,2,24
218000245,17,0,17
218000246,0,1,-1
218000247,6,1,5
218000248,0,43,-43
218000249,0,1,-1
218000250,2,48,-46
218000251,3,28,-25
218000252,2,25,-23
218000253,1,24,-23
218000254,0,14,-14
218000255,0,6,-6
218000256,15,67,-52
218000267,1067,1567,-500
218000268,25,91,-66
218000269,7,11,-4
218000270,24,34,-10
218000271,23,56,-33
218000273,11,19,-8
218000274,5,12,-7
218000275,21,57,-36
218000276,8,70,-62
218000278,8,37,-29
218000279,16,36,-20
218000280,5,19,-14
218000281,10,9,1
218000282,612,275,337
218000284,135,13,122
218000301,115,143,-28
218000302,140,51,89
218000303,38,112,-74
218000316,595,1518,-923
218000317,747,1537,-790
218000318,325,1131,-806
218000319,864,2721,-1857
218000320,675,1262,-587
218000338,70,26,44
218000345,90,57,33
218000346,31,206,-175
218000459,59,557,-498
218000490,47,79,-32
218000501,51,80,-29
218000502,65,120,-55
218000503,69,32,37
218000504,167,21,146
218000505,71,242,-171
218000506,36,251,-215
218000508,2,5,-3
218000510,159,9,150
218000520,206,183,23
218000521,7,160,-153
218000522,2,234,-232
218000523,148,1,147
218000524,76,264,-188
218000525,124,11,113
218000526,34,180,-146
218000529,23,611,-588
218000530,11,14,-3
218000531,11,44,-33
218000532,11,40,-29
218000534,66,17,49
218000537,33,52,-19
218000538,233,190,43
218000540,564,72,492
218000543,66,73,-7
218000544,64,233,-169
218000545,25,74,-49
218000546,41,200,-159
218000547,103,137,-34
218000548,136,350,-214
218000549,406,220,186
218000550,219,863,-644
218000551,173,709,-536
218000552,560,74,486
218000553,37,96,-59
218000554,18,26,-8
218000555,26,40,-14
218000556,64,753,-689
218000557,184,166,18
218000558,195,150,45
218000559,1,38,-37
218000560,1,17,-16
218000561,10,0,10
218000562,46,309,-263
218000563,226,33,193
218000564,15,144,-129
218000565,168,30,138
218000566,351,39,312
218000567,7,52,-45
218000568,19,3,16
218000569,7,140,-133
218000570,138,2,136
218000571,0,136,-136
218000572,114,1,113
218000573,19,110,-91
218000574,80,62,18
218000575,86,2,84
218000576,0,62,-62
218000577,136,2,134
218000578,2,80,-78
218000579,130,12,118
218000581,5,150,-145
218000582,37,14,23
218000583,19,1,18
218000584,0,29,-29
218000585,24,3,21
218000586,9,42,-33
218000587,1,7,-6
218000588,3,2,1
218000589,2,8,-6
218000590,2,0,2
218000591,3,6,-3
218000592,32,1,31
218000593,0,0,0
218000594,1,0,1
218000595,0,0,0
218000596,0,0,0
218000597,0,1,-1
218000598,0,0,0
218000599,0,0,0
218000600,1,1,0
218000601,0,1,-1
218000602,0,6,-6
218000603,0,5,-5
218000604,19,0,19
218000605,1,24,-23
218000606,77,1,76
218000607,9,80,-71
218000608,89,26,63
218000609,2,60,-58
218000610,107,4,103
218000611,23,2,21
218000612,0,43,-43
218000613,55,1,54
218000614,1,72,-71
218000615,127,2,125
218000616,5,230,-225
218000617,16,3,13
218000618,1,40,-39
218000619,38,33,5
218000620,6,41,-35
218000621,0,4,-4
218000622,0,4,-4
218000623,29,3,26
218000624,7,11,-4
218000625,62,2,60
218000626,0,7,-7
218000628,80,93,-13
218000631,11,17,-6
218000632,0,194,-194
218000633,41,2,39
218000634,13,13,0
218000635,12,17,-5
218000636,952,2749,-1797
218000637,726,777,-51
218000638,141,91,50
218000639,20,393,-373
218000640,224,62,162
218000641,52,645,-593
218000652,126,250,-124
218000653,200,128,72
218000663,2,290,-288
218000675,39,54,-15
218000676,2,48,-46
218000677,3,12,-9
218000680,135,932,-797
218000681,251,121,130
218000691,99,740,-641
218000693,146,160,-14
218000703,8,119,-111
218000718,781,811,-30
218000719,1405,197,1208
218000720,8,78,-70
218000721,43,14,29
218000725,10,8,2
218001214,22,25,-3
218001329,95,135,-40
218001330,127,119,8
218001351,13,10,3
218001352,23,19,4
218001353,8,8,0
218001354,3,32,-29
219000001,24,133,-109
219000002,58,123,-65
219000003,34,49,-15
219000004,80,60,20
219000017,315,16,299
219000020,80,45,35
219000022,118,9,109
219000023,120,1,119
219000029,0,92,-92
219000034,40,16,24
219000039,28,87,-59
219000040,38,51,-13
219000041,87,15,72
219000051,0,98,-98
219000052,0,16,-16
219000053,4,212,-208
219000054,346,521,-175
219000055,77,4,73
219000056,33,0,33
219000057,87,0,87
219000062,13,434,-421
219000063,65,11,54
219000064,4,50,-46
219000110,271,52,219
219000111,83,23,60
219000112,147,45,102
219000113,122,49,73
219000114,227,87,140
219000116,81,72,9
219000117,178,157,21
219000118,142,135,7
219000123,480,116,364
219000124,93,99,-6
219000125,10,16,-6
219000126,68,128,-60
219000127,1,5,-4
219000128,16,129,-113
219000129,38,207,-169
219000130,769,1072,-303
219000131,611,915,-304
219000133,68,40,28
219000134,7,34,-27
219000135,40,73,-33
219000136,151,173,-22
219000138,77,35,42
219000139,24,68,-44
219000140,62,2,60
219000141,26,155,-129
219000142,21,155,-134
219000143,18,117,-99
219000145,20,91,-71
219000146,4,116,-112
219000147,0,105,-105
219000148,2,73,-71
219000149,20,327,-307
219000150,4,196,-192
219000151,12,159,-147
219000157,162,194,-32
219000158,214,348,-134
219000161,223,14,209
219000163,1908,508,1400
219000166,97,205,-108
219000167,112,390,-278
219000168,295,85,210
219000174,310,165,145
219000175,64,2,62
219000176,58,4,54
219000177,18,2,16
219000178,18,10,8
219000179,15,14,1
219000180,21,41,-20
219000182,107,14,93
219000183,31,70,-39
219000184,59,11,48
219000185,0,131,-131
219000186,56,90,-34
219000187,21,221,-200
219000189,204,335,-131
219000190,215,337,-122
219000191,1551,1595,-44
219000192,223,141,82
219000193,703,222,481
219000195,3,65,-62
219000196,0,162,-162
219000198,27,205,-178
219000199,112,285,-173
219000200,27,234,-207
219000201,66,333,-267
219000203,23,200,-177
219000204,139,336,-197
219000205,58,257,-199
219000207,159,436,-277
219000209,22,139,-117
219000210,69,149,-80
219000213,20,630,-610
219000239,224,263,-39
219000240,199,512,-313
219000241,87,340,-253
219000242,66,298,-232
219000243,126,477,-351
219000244,25,142,-117
219000245,46,63,-17
219000246,45,36,9
219000247,85,57,28
219000248,481,310,171
219000249,122,67,55
219000250,104,102,2
219000251,469,255,214
219000252,156,190,-34
219000253,260,55,205
219000255,53,89,-36
219000256,178,91,87
219000257,90,40,50
219000262,138,339,-201
219000263,45,310,-265
219000267,4,236,-232
219000268,3,8,-5
219000269,4,4,0
219000270,16,0,16
219000271,125,1,124
219000278,0,9,-9
219000279,0,9,-9
219000283,0,16,-16
219000295,10,134,-124
219000296,112,797,-685
219000297,20,217,-197
219000298,10,348,-338
219000299,434,117,317
219000300,10,362,-352
219000301,252,433,-181
219000302,29,246,-217
219000307,53,61,-8
219000308,34,59,-25
219000311,148,60,88
219000312,440,75,365
219000313,211,69,142
219000314,98,825,-727
219000315,205,57,148
219000316,362,60,302
219000317,78,37,41
219000320,0,66,-66
219000321,1,36,-35
219000323,2,144,-142
219000325,0,53,-53
219000326,88,174,-86
219000327,67,32,35
219000328,42,86,-44
219000329,358,147,211
219000330,54,21,33
219000331,54,46,8
219000332,60,115,-55
219000333,7,10,-3
219000335,72,4,68
219000337,17,0,17
219000338,99,2,97
219000344,41,92,-51
219000345,66,220,-154
219000346,49,193,-144
219000348,128,336,-208
219000349,61,488,-427
219000350,61,131,-70
219000351,21,6,15
219000352,309,83,226
219000353,129,44,85
219000354,120,166,-46
219000355,110,29,81
219000356,1965,803,1162
219000363,303,51,252
219000364,96,42,54
219000365,115,19,96
219000366,269,294,-25
219000368,455,418,37
219000370,1270,333,937
219000371,13,26,-13
219000382,4,26,-22
219000383,776,1262,-486
219000385,790,725,65
219000386,1331,2103,-772
219000387,11,2,9
219000390,9,6,3
219000391,9,0,9
219000397,71,105,-34
219000398,64,52,12
219000401,31,129,-98
219000402,26,115,-89
219000403,142,209,-67
219000404,20,86,-66
219000407,1,49,-48
219000409,33,38,-5
219000410,74,34,40
219000411,73,25,48
219000446,289,708,-419
219000447,3,27,-24
219000448,12,11,1
219000452,93,70,23
219000453,68,162,-94
219000454,324,191,133
219000556,119,101,18
219000558,89,446,-357
219000590,28,306,-278
219000591,27,102,-75
219000592,105,492,-387
219000595,3,57,-54
219000635,104,38,66
219000636,51,124,-73
219000657,20,35,-15
219000658,22,59,-37
219000673,0,2,-2
219000676,58,2,56
219000679,66,10,56
219000684,84,3,81
219000685,1,161,-160
219000686,1,2,-1
219000688,0,103,-103
219000689,72,342,-270
219000690,219,30,189
219000691,67,174,-107
219000692,196,28,168
219000693,0,41,-41
219000694,28,1,27
219000695,12,12,0
219000698,92,0,92
219000699,0,4,-4
219000727,1,295,-294
219000728,73,0,73
219000770,37,0,37
219000771,1,49,-48
219001150,0,26,-26
219001151,0,3,-3
219001166,6,11,-5
219001167,0,100,-100
220000001,54,60,-6
220000002,7,237,-230
220000003,521,330,191
220000004,669,705,-36
220000005,1686,2273,-587
220000006,246,1264,-1018
220000007,376,812,-436
220000008,427,1460,-1033
220000009,255,778,-523
220000010,164,210,-46
220000011,924,4494,-3570
220000012,229,554,-325
220000014,124,59,65
220000015,83,186,-103
220000017,71,705,-634
220000018,10407,2357,8050
220000019,95,334,-239
220000020,487,299,188
220000021,468,285,183
220000022,459,681,-222
220000023,219,190,29
220000024,1886,364,1522
220000025,835,987,-152
220000026,195,245,-50
220000027,31,124,-93
220000028,26,33,-7
220000029,79,373,-294
220000030,100,99,1
220000031,260,369,-109
220000064,51,1709,-1658
221000046,8,2,6
221000047,0,4,-4
221000048,0,2,-2
221000049,0,14,-14
221000050,22,1,21
221000055,66,71,-5
221000057,52,8,44
221000068,328,145,183
221000069,327,83,244
221000070,211,24,187
221000071,86,9,77
221000072,221,13,208
221000073,200,60,140
221000074,1,38,-37
221000075,42,20,22
221000076,9,52,-43
221000077,53,118,-65
221000081,66,21,45
221000082,57,19,38
221000083,41,9,32
221000084,4,11,-7
221000085,26,124,-98
221000086,14,199,-185
221000087,14,293,-279
221000088,16,271,-255
221000089,26,426,-400
221000090,130,704,-574
221000098,85,14,71
221000099,99,13,86
221000100,60,6,54
221000101,158,16,142
221000102,86,33,53
221000109,3,116,-113
221000110,17,150,-133
221000111,29,219,-190
221000112,7,198,-191
221000113,19,241,-222
221000114,13,291,-278
221000120,34,58,-24
221000121,2,26,-24
221000122,48,48,0
221000123,2,4,-2
221000124,46,572,-526
221000155,68,5,63
221000156,14,25,-11
221000175,2,4,-2
221000176,1,2,-1
221000182,24,11,13
221000241,441,274,167
221000242,310,602,-292
221000243,389,92,297
221000244,299,549,-250
221000245,55,128,-73
221000246,29,333,-304
221000247,58,130,-72
221000248,104,187,-83
221000267,49,1234,-1185
221000325,71,86,-15
221000331,7,220,-213
221000338,42,29,13
221000378,92,16,76
221000381,83,92,-9
222000282,7,0,7
222000296,6,40,-34
222000568,326,34,292
222000569,122,24,98
222000570,128,13,115
222000571,247,20,227
222000577,18,468,-450
222000578,40,327,-287
222000579,38,207,-169
222000580,222,1340,-1118
222000599,1,197,-196
222000600,1,386,-385
222000601,6,1305,-1299
222000603,16,46,-30
222000604,14,34,-20
222000605,10,9,1
222000606,5,10,-5
222000607,5,5,0
222000608,28,16,12
222000609,63,479,-416
222000616,253,34,219
222000617,9,12,-3
222000618,8,2,6
222000620,69,11,58
222000621,45,10,35
222000623,452,9,443
222000624,245,3,242
222000625,389,36,353
222000636,85,3,82
222000686,22,14,8
222000687,24,35,-11
222001066,562,0,562
222001067,8,37,-29
222001068,16,129,-113
222001069,14,108,-94
222001082,3,110,-107
222001083,10,128,-118
222001084,0,23,-23
222001085,0,265,-265
222001111,46,307,-261
222001112,41,69,-28
222001313,15,5,10
222001314,5,165,-160
222001464,72,70,2
222001465,19,219,-200
222001484,74,61,13
222001485,23,83,-60
222001494,297,165,132
222001495,105,871,-766
222001496,215,101,114
222001497,78,1082,-1004
222001502,14,160,-146
222001503,114,40,74
222001504,23,346,-323
222001505,254,23,231
222001506,42,343,-301
222001507,234,30,204
222001510,323,36,287
222001511,65,666,-601
222001514,483,249,234
222001515,286,1237,-951
222001518,152,76,76
222001519,36,668,-632
222001527,167,78,89
222001528,54,338,-284
222001529,187,42,145
222001530,68,409,-341
222001533,166,722,-556
222001534,311,71,240
222001535,154,181,-27
222001536,130,719,-589
222001537,144,54,90
222001538,94,943,-849
222001563,357,90,267
222001564,57,1269,-1212
222001568,220,122,98
222001576,1,2,-1
222001579,1,5,-4
222001583,12,501,-489
222001584,65,15,50
222001596,1022,2763,-1741
222001597,1675,323,1352
222001626,2,282,-280
222001650,95,106,-11
222001651,97,277,-180
222001914,167,95,72
222001915,53,369,-316
222900004,400,284,116
222900009,483,1710,-1227
222900019,137,493,-356
222900024,12,121,-109
222900025,1,47,-46
225000001,414,193,221
225000002,336,122,214
225000003,347,91,256
225000004,272,272,0
225000005,98,78,20
225000006,1,144,-143
225000007,4322,1552,2770
225000010,176,7,169
225000011,627,1071,-444
225000012,157,681,-524
225000013,200,226,-26
225000014,927,92,835
225000015,135,342,-207
225000021,613,245,368
225000027,334,634,-300
225000032,584,234,350
225000042,85,1001,-916
225000049,53,47,6
225000050,92,23,69
225000053,6,477,-471
225000058,633,193,440
225000067,162,410,-248
225000068,118,700,-582
225000069,173,733,-560
225000070,91,724,-633
225000071,20,414,-394
225000075,33,1540,-1507
225000076,81,214,-133
225000078,113,62,51
225000085,26,91,-65
225000086,243,39,204
225000087,199,26,173
225000088,24,248,-224
225000089,336,936,-600
225000090,20,507,-487
225000091,148,323,-175
225000092,59,88,-29
225000093,171,573,-402
225000094,29,608,-579
225000095,326,810,-484
225000096,329,743,-414
225000098,661,246,415
225000099,228,147,81
225000100,183,146,37
225000104,101,713,-612
225000110,13,642,-629
225000111,373,1685,-1312
225000112,749,1397,-648
225000113,141,828,-687
225000114,78,485,-407
225000115,3957,783,3174
225000116,1013,166,847
225000117,1010,448,562
225000118,817,392,425
225000119,244,135,109
225000120,542,92,450
225000121,242,40,202
225000123,1664,20,1644
225000125,329,351,-22
225000126,1164,247,917
225000127,1001,781,220
225000128,394,599,-205
225000132,276,35,241
225000133,275,43,232
225000134,570,111,459
225000135,59,13,46
225000136,159,15,144
225000137,109,73,36
225000138,380,46,334
225000143,96,196,-100
225000144,0,416,-416
225000145,42,64,-22
225000146,57,168,-111
225000147,23,491,-468
225000148,16,412,-396
225000149,92,660,-568
225000151,40,400,-360
225000155,320,648,-328
225000156,252,992,-740
225000157,255,474,-219
225000158,93,610,-517
225000171,3,227,-224
225000180,37,5,32
225000181,1,87,-86
225000182,105,8,97
225000185,7,533,-526
225000187,58,656,-598
225000191,71,3,68
225000194,0,2,-2
225000208,2,57,-55
225000209,92,20,72
225000210,1,344,-343
225000217,0,11,-11
225000218,18,0,18
225000223,0,217,-217
225000224,503,2,501
225000225,3,65,-62
225000226,149,0,149
225000227,49,90,-41
225000228,33,13,20
225000229,0,92,-92
225000230,37,2,35
225000231,0,95,-95
225000232,172,0,172
225000241,107,0,107
225000242,1,32,-31
225000249,6,0,6
225000250,52,1209,-1157
225000251,371,38,333
225000254,6,65,-59
225000256,3,58,-55
225000257,0,72,-72
226000042,538,717,-179
226000043,85,423,-338
226000044,140,1163,-1023
226000045,60,762,-702
226000046,400,83,317
226000047,296,73,223
226000048,281,64,217
226000049,310,134,176
226000070,0,65,-65
226000071,1,109,-108
226000072,0,11,-11
226000073,0,16,-16
226000074,0,12,-12
226000084,6,66,-60
226000085,2,11,-9
226000086,6,16,-10
226000087,1,19,-18
226000088,73,47,26
226000090,120,51,69
226000091,22,14,8
226000092,3,12,-9
226000093,33,0,33
226000094,29,7,22
226000095,40,2,38
226000105,9,3,6
226000106,11,2,9
226000107,8,0,8
226000108,22,0,22
226000109,63,0,63
226000124,129,59,70
226000134,319,581,-262
226000135,826,658,168
226000136,218,470,-252
226000137,17,817,-800
226000138,5,456,-451
226000139,3,24,-21
226000156,90,3,87
226000157,185,13,172
226000163,256,101,155
226000202,7,726,-719
226000231,143,4,139
226000232,41,8,33
227000033,249,76,173
227000036,191,45,146
227000037,146,45,101
227000038,167,48,119
227000084,0,41,-41
227000085,3,36,-33
227000088,90,2,88
227000089,95,1,94
227000090,39,1,38
227000091,9,1,8
227000092,20,0,20
227000093,113,0,113
227000094,4,0,4
227000130,26,86,-60
227000131,18,291,-273
227000132,12,291,-279
227000133,9,298,-289
227000134,13,490,-477
227000152,0,1,-1
227000153,1,32,-31
227000154,0,25,-25
227000155,0,15,-15
227000156,0,16,-16
227000165,8,24,-16
227000196,179,710,-531
227000199,153,1248,-1095
227000230,32,1176,-1144
227000232,243,23,220
227000242,53,564,-511
227000243,304,64,240
227000245,16,447,-431
227000246,84,546,-462
227000247,257,85,172
227000248,39,21,18
227000249,22,234,-212
227000250,288,118,170
227000251,130,248,-118
227000252,12,398,-386
227000253,48,21,27
227000262,230,42,188
227000266,767,21,746
227000267,47,4667,-4620
227000282,6,413,-407
227000284,229,32,197
227000286,3,163,-160
227000291,32,1274,-1242
227000296,281,540,-259
227000484,278,29,249
227000485,34,1579,-1545
227000655,95,52,43
227000656,614,35,579
227000657,28,23,5
227000704,161,14,147
229000265,4,10,-6
229000266,3,1,2
229000267,30,1,29
229000268,17,0,17
229000269,41,1,40
229000274,0,42,-42
229000275,0,22,-22
229000276,7,38,-31
229000277,1,2,-1
229000278,4,22,-18
229000295,20,53,-33
229000296,19,6,13
229000297,23,65,-42
229000298,13,301,-288
229000320,7,25,-18
229000321,29,21,8
229000412,37,109,-72
229000414,19,64,-45
229000415,9,2,7
229000416,6,7,-1
229000417,14,18,-4
229000419,161,438,-277
229000440,306,107,199
229000442,52,20,32
229000443,7,8,-1
229000444,0,44,-44
229000445,58,23,35
229000446,61,16,45
229000491,5,34,-29
229000492,24,253,-229
229000493,2,183,-181
229000494,42,8,34
229000495,108,14,94
229000496,37,14,23
229000507,0,84,-84
229000508,0,61,-61
229000509,0,83,-83
229000510,3,48,-45
229000511,3,90,-87
229000512,0,60,-60
229000513,0,14,-14
229000514,0,7,-7
229000517,5,17,-12
229000518,18,53,-35
229000519,0,17,-17
229000520,9,43,-34
229000521,29,35,-6
229000522,4,20,-16
229000523,10,27,-17
229000524,3,10,-7
229000527,2,0,2
229000528,0,0,0
229000529,4,0,4
229000530,86,9,77
229000531,25,6,19
229000532,28,5,23
229000533,123,0,123
229000534,82,5,77
229000564,75,1,74
229000565,15,1,14
229000566,0,23,-23
229000567,1,88,-87
229000582,213,7,206
229000583,1,4,-3
229000584,0,65,-65
229000585,1,115,-114
229000718,0,3,-3
229000719,0,2,-2
229000720,0,10,-10
229000721,0,16,-16
229000722,0,37,-37
229000723,0,21,-21
229000724,0,2,-2
229000725,0,17,-17
229000738,0,0,0
229000739,0,0,0
229000740,1,0,1
229000741,6,0,6
229000742,5,0,5
229000743,12,1,11
229000744,7,0,7
229000745,3,0,3
229000746,19,0,19
229000847,25,0,25
229000848,14,1,13
229000849,97,4,93
229000851,28,0,28
229000854,0,84,-84
229000856,4,315,-311
229000857,0,86,-86
229000858,1,144,-143
229000919,10,115,-105
229000930,3,365,-362
229000937,57,10,47
229000966,46,45,1
229000981,16,92,-76
229000985,3,73,-70
229000986,1,11,-10
229000987,1,4,-3
229000988,2,5,-3
229000989,11,17,-6
229000990,0,0,0
229000991,0,1,-1
229000992,15,29,-14
229000993,294,39,255
229000998,19,89,-70
229000999,100,32,68
229001034,1,40,-39
229001035,17,8,9
229001036,4,53,-49
229001037,61,0,61
229001038,0,13,-13
229001039,1,0,1
229001040,0,153,-153
229001041,98,0,98
229001042,12,37,-25
229001047,11,117,-106
229001050,36,43,-7
229001168,0,19,-19
229001200,22,6,16
229001338,9,43,-34
229001394,229,0,229
229001422,67,22,45
229001423,53,193,-140
229001431,50,51,-1
229001432,67,136,-69
229001444,182,123,59
229001445,24,239,-215
229001479,6,5,1
229001503,173,78,95
229001504,151,393,-242
229001505,80,36,44
229001506,64,321,-257
229001509,54,6,48
229001510,2,49,-47
229001545,62,6,56
229001546,8,164,-156
229001553,41,24,17
229001554,19,152,-133
229001630,86,29,57
229001631,15,63,-48
229001635,1,11,-10
229001636,1,3,-2
229001658,1,152,-151
229001659,44,8,36
229001660,0,2,-2
229001661,3,21,-18
229001662,115,1,114
229001663,0,15,-15
229002584,234,294,-60
229002831,422,192,230
229002841,19,26,-7
229002842,10,18,-8
229002843,88,28,60
229002844,46,75,-29
229002845,25,81,-56
229002846,11,29,-18
229002847,2,6,-4
229002848,7,19,-12
229002849,5,89,-84
229002850,8,0,8
229002851,37,159,-122
229002852,89,37,52
229002853,114,28,86
229002854,28,70,-42
229002855,19,27,-8
229002856,38,24,14
229002857,4,63,-59
229002858,12,9,3
229002859,69,18,51
229002860,92,30,62
229002861,90,31,59
229002862,27,71,-44
229002863,18,41,-23
229002864,14,54,-40
229002865,18,13,5
229002866,21,39,-18
229002867,7,24,-17
229002868,13,24,-11
229002869,15,224,-209
229002870,43,5,38
235000066,396,111,285
235000067,118,146,-28
235000072,21,57,-36
235000073,34,408,-374
235000074,32,100,-68
235000080,30,144,-114
235000081,109,261,-152
235000082,80,91,-11
235000083,173,131,42
235000084,62,84,-22
235000085,76,95,-19
235000089,13,54,-41
235000092,11,141,-130
235000093,21,3,18
235000097,5,6,-1
235000098,19,10,9
235000099,27,69,-42
235000116,51,41,10
235000117,1119,18,1101
235000133,18,342,-324
235000134,18,116,-98
235000206,9,2,7
235000207,3,1,2
235000208,6,0,6
235000209,5,1,4
235000210,7,4,3
235000212,5,33,-28
235000213,1,8,-7
235000220,1,7,-6
235000221,39,4,35
235000238,12,18,-6
235000239,1,6,-5
235000242,211,302,-91
235000245,1166,198,968
235000246,14,71,-57
235000284,7,113,-106
235000295,152,3,149
235000305,104,13,91
235000306,75,6,69
235000307,14,1,13
235000308,16,3,13
235000309,52,0,52
235000310,38,1,37
235000311,39,8,31
235000322,0,28,-28
235000323,0,117,-117
235000324,2,35,-33
235000325,0,23,-23
235000326,3,436,-433
235000351,6,92,-86
235000352,36,52,-16
235000353,0,42,-42
235000354,6,42,-36
235000355,13,120,-107
235000356,113,2,111
235000357,30,28,2
235000358,40,6,34
235000359,9,5,4
235000360,80,18,62
235000361,37,3,34
235000381,44,461,-417
235000382,94,54,40
235000390,5,3,2
235000391,77,17,60
235000392,79,236,-157
235000393,49,93,-44
235000395,48,23,25
235000396,218,64,154
235000400,296,44,252
235000401,71,262,-191
235000405,105,292,-187
235000406,41,353,-312
235000407,70,138,-68
235000409,190,193,-3
235000410,33,322,-289
235000411,0,90,-90
235000485,0,10,-10
235000486,5,0,5
235000549,46,141,-95
235000550,66,311,-245
235000599,54,109,-55
235000600,2,21,-19
235000601,33,47,-14
235000602,46,198,-152
235000614,0,1,-1
235000648,1,20,-19
235000649,27,9,18
235000685,1,5,-4
235000815,1,27,-26
235000834,0,5,-5
235000855,25,91,-66
235000862,46,319,-273
235000891,0,15,-15
235000892,36,11,25
235000901,110,152,-42
235000907,2,15,-13
235001010,38,102,-64
235001029,597,481,116
235001030,208,244,-36
235001078,42,81,-39
235001079,79,139,-60
235001147,32,54,-22
235001166,17,116,-99
235001167,17,83,-66
235001169,59,452,-393
235001188,1,8,-7
235001189,0,0,0
235001197,57,23,34
235001200,25,19,6
235001208,28,21,7
235001209,37,112,-75
235001210,31,276,-245
235001239,0,56,-56
235001244,0,10,-10
235016267,0,29,-29
241900007,32,0,32
277101746,0,3,-3
277102712,15,9,6
277103813,0,0,0
277103814,0,0,0
277103898,0,4,-4
277104249,0,4,-4
277104250,0,4,-4
277104251,0,11,-11
277104252,0,0,0
990011530,4,316,-312
990014944,0,624,-624
990015176,12,7,5
990015618,1,127,-126
990016032,3,982,-979
990032570,3,299,-296
990070001,43,4,39
990070103,0,2,-2
990070601,1,199,-198
990070751,406,1,405
990070766,6,1164,-1158
990071180,941,393,548
990071343,27,0,27
990071387,0,12,-12
990071823,450,9,441
990072600,2,941,-939
990072964,2,829,-827
990073285,0,0,0
990074393,8,2355,-2347
990074870,768,2,766
990075106,657,4,653
990075746,339,3,336
990076437,736,5,731
990076458,7,2142,-2135
997000007,190,0,190
997000041,0,169,-169
997000058,50,1,49
997000062,52,0,52
997000069,0,11,-11
997000070,1,260,-259
997000100,33,0,33
997000141,25,3450,-3425
997000198,14,1503,-1489
998000475,2,23,-21
998000736,2,484,-482
998000965,0,18,-18
998001031,0,94,-94
998001700,0,30,-30
998001899,0,1,-1
998001900,6,4,2
998003073,2039,58,1981
998101900,0,0,0
998102850,0,122,-122
998501927,809,380,429
998501929,134,54,80
998501930,119,0,119
998501931,115,19,96
998501932,4,1,3
998501933,33,1,32
998501937,12,1,11
998501944,0,0,0
998501950,0,0,0
998501970,50,5,45
998501971,2,129,-127
998501972,472,3,469
998501973,0,138,-138
998501974,0,289,-289
998501975,412,2,410
998501976,38,2,36
998501977,0,11,-11
998501978,37,0,37
998501979,2,18,-16
998501980,276,0,276
998501981,22,14,8
998501982,0,184,-184
998502006,0,0,0
998502024,0,4,-4
998502032,0,0,0
998502062,23,1,22
998502063,0,0,0
998502173,24,0,24
998502269,0,3,-3
998601159,7,466,-459
998601292,0,47,-47
999033574,0,285,-285
999800001,43,3,40
999800002,0,2,-2
999800003,5,3,2
999800004,0,7,-7
999800005,0,17,-17
