ID,insum,outsum,diff
100000001,534,589,-55
100000002,3827,656,3171
100000003,7766,2627,5139
100000004,1787,759,1028
100000005,1797,2847,-1050
100000006,348,108,240
100000007,1169,444,725
100000008,207,588,-381
100000009,275,170,105
100000010,48,49,-1
100000011,570,77,493
100000012,112,907,-795
100000013,36,198,-162
100000014,377,327,50
100000015,1213,1259,-46
100000016,1305,1345,-40
100000017,779,996,-217
100000018,1591,516,1075
100000019,5358,1614,3744
100000020,1919,3938,-2019
100000021,7209,2144,5065
100000022,1750,920,830
100000023,6680,918,5762
100000025,3299,453,2846
100000028,1793,756,1037
100000029,281,175,106
100000030,518,50,468
100000031,6368,5343,1025
100000032,2593,3110,-517
100000033,787,1833,-1046
100000034,825,327,498
100000035,1925,735,1190
100000036,3262,996,2266
100000037,435,385,50
100000038,1131,928,203
100000039,805,128,677
100000040,141,111,30
100000041,732,366,366
100000042,662,311,351
100000043,707,323,384
100000044,493,710,-217
100000045,497,1539,-1042
100000046,826,1470,-644
100000047,390,989,-599
100000048,904,655,249
100000049,1872,2766,-894
100000051,335,1273,-938
100000053,34,8,26
100000054,138,18,120
100000055,525,203,322
100000056,234,551,-317
100000057,1727,766,961
100000058,1019,1607,-588
100000059,5,130,-125
100000060,222,326,-104
100000061,1630,480,1150
100000062,1369,492,877
100000063,454,262,192
100000064,859,363,496
100000065,426,1246,-820
100000066,187,1091,-904
100000067,469,993,-524
100000068,577,2055,-1478
100000069,264,1941,-1677
100000072,427,1244,-817
100000073,1115,1352,-237
100000075,517,289,228
100000076,2082,1574,508
100000077,677,81,596
100000078,84,21,63
100000079,53,38,15
100000080,18,19,-1
100000081,92,27,65
100000102,2453,1215,1238
100000103,3691,728,2963
100000104,6156,1199,4957
100000105,3769,725,3044
100000106,2764,1394,1370
100000107,892,360,532
100000108,926,990,-64
100000109,3892,927,2965
100000116,1526,651,875
100000117,29,27,2
100000118,1299,892,407
100000119,652,624,28
100000121,284,572,-288
100000122,1017,674,343
100000123,3804,3856,-52
100000124,7826,5442,2384
100000125,3481,735,2746
100000126,728,153,575
100000127,1615,246,1369
100000128,1548,1150,398
100000129,540,347,193
100000130,465,667,-202
100000131,4053,2956,1097
100000132,1776,2073,-297
100000133,10010,3020,6990
100000135,469,902,-433
100000139,233,317,-84
100000140,300,277,23
100000142,322,571,-249
100000143,994,686,308
100000144,4736,1052,3684
100000147,893,1905,-1012
100000150,24,533,-509
100000151,768,655,113
100000153,324,258,66
100000154,115,101,14
100000155,14,23,-9
100000156,82,57,25
100000157,26,360,-334
100000158,99,143,-44
100000159,325,356,-31
100000165,1170,630,540
100000169,794,329,465
100000174,1854,417,1437
100000179,57,600,-543
100000180,3750,1449,2301
100000181,107,386,-279
100000188,86,386,-300
100000189,937,286,651
100000190,419,420,-1
100000191,563,444,119
100000192,90,94,-4
100000193,118,182,-64
100000330,2228,535,1693
100000355,160,523,-363
100000362,4941,3678,1263
100000363,2289,3358,-1069
100000364,412,143,269
100000365,3560,6547,-2987
100000366,4573,2273,2300
100000367,3052,3685,-633
100000368,2232,1774,458
100000369,1152,1264,-112
100000370,216,291,-75
100000376,82,74,8
100000379,2692,1009,1683
100000380,3303,1544,1759
100000384,5878,2274,3604
100000385,6456,3051,3405
100000386,9914,2772,7142
100000387,7520,3820,3700
100000388,11387,4043,7344
100000389,11189,3918,7271
100000390,11062,3160,7902
100000391,8052,3980,4072
100000392,3865,1423,2442
100000393,1794,1606,188
100000394,7097,3342,3755
100000395,4103,1361,2742
100000396,5043,1660,3383
100000397,3078,1752,1326
100000398,11740,7636,4104
100900002,1,72,-71
100900003,207,82,125
100900004,37,1075,-1038
100900005,100,10,90
100900006,11,259,-248
100900007,611,0,611
100900008,8,556,-548
100900009,18,49,-31
100900010,61,130,-69
100900011,66,417,-351
100900012,1,252,-251
100900013,895,21,874
100900014,1,16,-15
100900015,132,112,20
100900016,1,61,-60
100900017,861,53,808
100900018,0,15,-15
100900019,37,161,-124
100900020,243,2,241
100900021,334,4,330
100900022,11,40,-29
100900023,0,54,-54
100900024,1135,7,1128
100900025,17,19,-2
100900026,64,161,-97
100900027,597,2287,-1690
100900028,105,141,-36
100900029,113,15,98
100900030,2,16,-14
100900031,279,82,197
100900032,145,2,143
100900033,234,95,139
100900034,312,2,310
100900035,642,2,640
100900036,46,2,44
100900037,59,351,-292
100900038,57,11,46
100900039,929,962,-33
100900040,247,1101,-854
100900041,326,1100,-774
100900042,721,196,525
100900043,0,9,-9
100900044,2893,395,2498
100900045,56,1,55
100900046,995,16,979
100900047,1132,219,913
100900048,151,19,132
100900049,98,269,-171
100900050,6,32,-26
100900051,54,51,3
100900052,144,26,118
100900053,226,40,186
100900054,7,138,-131
100900055,185,376,-191
100900056,113,347,-234
100900057,499,806,-307
100900058,198,23,175
100900059,56,3,53
100900060,96,13,83
100900061,304,221,83
100900062,1,82,-81
100900063,111,373,-262
100900064,587,16,571
100900065,90,61,29
100900066,63,90,-27
100900067,0,18,-18
100900068,86,149,-63
100900069,485,4,481
100900070,157,3,154
100900071,768,247,521
100900072,2,84,-82
100900073,131,511,-380
100900074,3,9,-6
100900075,2697,285,2412
100900076,56,60,-4
100900077,18,252,-234
100900078,58,216,-158
100900079,9,48,-39
100900080,24,260,-236
100900081,18,107,-89
100900082,104,778,-674
100900083,0,61,-61
100900085,20,63,-43
100900086,141,809,-668
100900088,85,1000,-915
100900089,6,35,-29
100900090,88,370,-282
100900091,1,28,-27
100900092,219,163,56
100900093,104,382,-278
100900094,73,680,-607
100900095,1,40,-39
100900096,50,97,-47
100900097,6,9,-3
100900098,7,23,-16
100900099,31,604,-573
100900100,14,254,-240
100900101,396,37,359
100900102,88,44,44
100900103,3,18,-15
100900104,6,202,-196
100900105,8,97,-89
100900106,38,2,36
100900107,1823,567,1256
100900108,2,17,-15
100900109,8,46,-38
100900110,8,40,-32
100900111,50,153,-103
100900112,0,8,-8
100900113,7,16,-9
100900114,0,16,-16
100900115,1,39,-38
100900116,705,585,120
100900117,208,779,-571
100900118,29,56,-27
100900119,11,16,-5
100900120,1,26,-25
100900121,263,443,-180
100900122,159,207,-48
100900123,89,122,-33
100900124,4,3,1
100900125,19,86,-67
100900126,92,246,-154
100900127,1,12,-11
100900128,70,120,-50
100900129,0,76,-76
100900131,87,153,-66
100900133,34,58,-24
100900134,2,19,-17
100900135,1,134,-133
100900137,308,172,136
100900138,487,367,120
100900139,5,8,-3
100900140,1,818,-817
100900141,2,324,-322
100900142,0,4,-4
100900143,945,253,692
100900144,11,2,9
100900145,21,128,-107
100900146,8,23,-15
100900147,8,255,-247
100900148,42,1010,-968
100900149,16,117,-101
100900150,7,33,-26
100900151,119,547,-428
100900152,142,6,136
100900153,7,109,-102
100900154,3,37,-34
100900155,5,19,-14
100900156,22,3,19
100900157,10,104,-94
100900158,1066,389,677
100900159,0,27,-27
100900160,12,25,-13
100900161,109,1,108
100900162,17,165,-148
100900163,180,207,-27
100900164,19,40,-21
100900165,50,47,3
100900166,50,3,47
100900167,12,110,-98
100900168,37,117,-80
100900169,232,1256,-1024
100900170,19,4,15
100900171,26,790,-764
100900172,0,8,-8
100900173,12,626,-614
100900174,312,70,242
100900176,1251,110,1141
100900177,933,253,680
100900178,366,124,242
100900179,106,60,46
100900180,4,2,2
100900181,147,54,93
100900182,26,26,0
100900184,3,188,-185
100900186,1021,518,503
100900187,9,151,-142
100900188,19,10,9
100900189,779,133,646
100900191,1372,768,604
100900192,370,176,194
100900195,67,149,-82
100900197,14,133,-119
100900198,28,233,-205
100900199,18,15,3
100900200,681,386,295
100900201,80,956,-876
100900202,12,0,12
100900203,0,74,-74
100900204,687,334,353
100900205,107,452,-345
100900206,90,68,22
100900207,132,86,46
100900210,84,1463,-1379
100900211,325,69,256
100900213,42,12,30
100900214,1132,68,1064
100900215,6,32,-26
100900217,2,4,-2
101000001,5018,2234,2784
101000002,3946,3500,446
101000003,906,1771,-865
101000004,10551,7659,2892
101000005,5480,4729,751
101000006,9227,6848,2379
101000007,2995,2813,182
101000008,3664,2789,875
101000009,1512,2241,-729
101000010,869,1518,-649
101000011,2274,864,1410
101000012,2177,638,1539
101000013,546,982,-436
101000014,668,808,-140
101000015,745,768,-23
101000016,410,400,10
101000017,475,442,33
101000018,3857,2614,1243
101000020,3822,1368,2454
101000021,1266,362,904
101000022,622,93,529
101000023,1799,733,1066
101000025,123,321,-198
101000026,350,11,339
101000027,1621,1537,84
101000028,576,161,415
101000029,73,834,-761
101000030,1074,58,1016
101000031,1055,565,490
101000032,7314,2263,5051
101000033,2547,1815,732
101000034,2943,1024,1919
101000035,1341,398,943
101000036,1623,299,1324
101000037,5156,1083,4073
101000039,3664,1195,2469
101000040,4987,2454,2533
101000041,19930,3588,16342
101000042,1211,626,585
101000043,13641,3723,9918
101000045,2228,372,1856
101000046,2867,663,2204
101000047,1538,1169,369
101000048,1219,1068,151
101000049,1037,1021,16
101000050,4181,2893,1288
101000051,4373,1568,2805
101000052,1692,646,1046
101000053,1268,1571,-303
101000054,2348,1742,606
101000055,1654,977,677
101000056,52,66,-14
101000057,3564,566,2998
101000058,2380,789,1591
101000059,4033,1562,2471
101000060,2066,258,1808
101000061,1381,895,486
101000062,1124,540,584
101000063,459,476,-17
101000064,1110,359,751
101000065,187,272,-85
101000066,423,169,254
101000067,779,489,290
101000068,310,193,117
101000069,312,40,272
101000070,1777,1225,552
101000071,2351,804,1547
101000072,1117,4089,-2972
101000073,943,588,355
101000074,6113,3537,2576
101000075,7775,4446,3329
101000077,1143,1544,-401
101000078,1181,1809,-628
101000079,478,669,-191
101000080,555,470,85
101000081,1203,1252,-49
101000082,3648,2748,900
101000083,1854,1721,133
101000084,1578,1165,413
101000085,1791,1134,657
101000086,1363,1129,234
101000087,916,1346,-430
101000088,995,1059,-64
101000089,1014,1408,-394
101000090,2557,1592,965
101000091,357,1852,-1495
101000092,888,1326,-438
101000093,1489,883,606
101000094,657,1340,-683
101000095,263,882,-619
101000096,266,680,-414
101000097,1358,329,1029
101000098,1007,545,462
101000099,1207,1270,-63
101000100,1200,695,505
101000101,400,389,11
101000102,1069,254,815
101000103,919,448,471
101000104,366,412,-46
101000105,1078,285,793
101000106,1419,641,778
101000107,191,302,-111
101000108,1556,439,1117
101000109,137,64,73
101000110,37,836,-799
101000111,118,316,-198
101000113,154,770,-616
101000114,4740,1360,3380
101000115,215,125,90
101000116,284,229,55
101000117,1122,329,793
101000119,192,37,155
101000120,204,24,180
101000121,46,21,25
101000122,107,42,65
101000123,39,77,-38
101000124,169,352,-183
101000125,136,355,-219
101000128,1134,440,694
101000130,364,334,30
101000131,528,848,-320
101000132,560,1933,-1373
101000135,66,41,25
101000136,281,134,147
101000137,21,226,-205
101000141,2709,1675,1034
101000147,782,518,264
101000148,2626,27,2599
101000149,305,183,122
101000150,45,1228,-1183
101000151,151,81,70
101000152,317,334,-17
101000153,667,539,128
101000154,165,2014,-1849
101000155,156,196,-40
101000156,19,285,-266
101000157,46,21,25
101000160,79,66,13
101000163,175,73,102
101000164,494,305,189
101000165,253,390,-137
101000166,338,507,-169
101000168,723,299,424
101000252,1331,822,509
101000254,711,46,665
101000258,54,13,41
101000261,90,261,-171
101000262,814,906,-92
101000263,289,1333,-1044
101000265,91,524,-433
101000266,371,251,120
101000269,146,12,134
101000290,2282,2280,2
101000293,42,79,-37
101000294,564,602,-38
101000295,142,609,-467
101000301,973,224,749
101000304,1836,2252,-416
101000305,2557,1589,968
101900001,19,79,-60
101900002,0,25,-25
101900003,65,118,-53
101900004,7,28,-21
101900005,6422,1289,5133
101900006,899,37,862
101900007,466,39,427
101900008,85,244,-159
101900009,56,440,-384
101900010,1212,548,664
101900011,401,1350,-949
101900012,116,407,-291
101900013,1577,122,1455
101900017,23,101,-78
101900018,1812,208,1604
101900019,281,136,145
101900020,623,311,312
101900021,0,49,-49
101900022,102,1729,-1627
101900023,83,287,-204
102000001,2279,4145,-1866
102000002,3031,1310,1721
102000003,4457,5411,-954
102000004,11709,2952,8757
102000005,1502,2096,-594
102000006,1801,1716,85
102000007,1542,4221,-2679
102000008,6831,1988,4843
102000009,5732,7028,-1296
102000010,6947,3768,3179
102000011,2593,2231,362
102000012,3500,3523,-23
102000018,3678,2743,935
102000019,3044,1362,1682
102000026,249,577,-328
102000029,420,189,231
102000030,92,316,-224
102000031,27,237,-210
102000032,250,379,-129
102000033,159,482,-323
102000034,688,474,214
102000035,1221,691,530
102000036,3,267,-264
102000037,136,84,52
102000038,151,95,56
102000039,170,55,115
102000040,505,112,393
102000041,211,175,36
102000042,273,148,125
102000043,529,194,335
102000044,314,452,-138
102000045,608,1221,-613
102000046,804,514,290
102000047,754,1228,-474
102000048,219,753,-534
102000049,852,557,295
102000050,922,1120,-198
102000051,389,512,-123
102000052,1167,902,265
102000053,739,813,-74
102000054,336,886,-550
102000055,737,1222,-485
102000056,661,1870,-1209
102000057,1592,757,835
102000058,1408,2540,-1132
102000059,1310,1949,-639
102000060,1233,1185,48
102000061,1156,2850,-1694
102000062,983,1685,-702
102000063,1177,1495,-318
102000064,482,626,-144
102000065,39,131,-92
102000066,918,1103,-185
102000067,2364,3141,-777
102000068,9432,2717,6715
102000069,44,1914,-1870
102000070,2081,64,2017
102000071,7276,9871,-2595
102000072,3278,5326,-2048
102000073,1183,1354,-171
102000074,917,970,-53
102000075,293,383,-90
102000076,320,610,-290
102000077,307,1395,-1088
102000078,759,1013,-254
102000079,137,333,-196
102000080,319,325,-6
102000081,361,934,-573
102000082,988,434,554
102000083,276,738,-462
102000084,130,444,-314
102000085,1659,1619,40
102000086,1169,1489,-320
102000087,809,2352,-1543
102000088,256,261,-5
102000089,1051,543,508
102000090,447,1431,-984
102000091,1499,461,1038
102000092,658,1266,-608
102000093,668,610,58
102000094,1366,600,766
102000095,1224,1594,-370
102000096,1510,951,559
102000097,1625,1515,110
102000098,687,1384,-697
102000099,1076,671,405
102000100,1030,1051,-21
102000101,1393,447,946
102000102,455,1798,-1343
102000103,1234,434,800
102000104,1124,383,741
102000105,210,878,-668
102000106,615,1023,-408
102000107,703,684,19
102000108,487,297,190
102000109,309,674,-365
102000110,570,1964,-1394
102000111,12,357,-345
102000112,173,73,100
102000113,9,34,-25
102000114,1106,421,685
102000115,189,200,-11
102000116,587,244,343
102000117,283,571,-288
102000118,1661,1017,644
102000119,2742,573,2169
102000120,163,547,-384
102000121,960,602,358
102000122,482,869,-387
102000123,1498,1196,302
102000124,1093,1022,71
102000125,1013,1038,-25
102000126,598,703,-105
102000127,998,788,210
102000128,449,1136,-687
102000129,1133,1010,123
102000130,529,850,-321
102000131,2481,925,1556
102000132,959,940,19
102000133,1138,2467,-1329
102000134,484,793,-309
102000135,1064,791,273
102000136,1272,516,756
102000137,1327,847,480
102000138,334,490,-156
102000139,143,483,-340
102000140,425,233,192
102000141,471,545,-74
102000142,204,412,-208
102000143,89,559,-470
102000144,132,517,-385
102000145,261,442,-181
102000146,293,368,-75
102000147,384,347,37
102000148,235,266,-31
102000149,132,710,-578
102000150,176,223,-47
102000151,116,376,-260
102000152,73,166,-93
102000153,829,337,492
102000154,397,724,-327
102000155,79,285,-206
102000156,373,73,300
102000157,105,176,-71
102000158,325,212,113
102000159,1755,358,1397
102000161,5751,1658,4093
102000162,183,139,44
102000163,141,571,-430
102000164,1595,1040,555
102000165,264,152,112
102000166,26,111,-85
102000167,170,221,-51
102000168,259,98,161
102000169,107,474,-367
102000170,738,126,612
102000171,175,119,56
102000172,127,272,-145
102000173,297,234,63
102000174,34,80,-46
102000175,127,132,-5
102000176,40,46,-6
102000178,317,658,-341
102000179,290,265,25
102000180,591,721,-130
102000181,404,795,-391
102000182,410,762,-352
102000183,1189,2193,-1004
102000184,1334,979,355
102000185,1838,1822,16
102000186,812,2306,-1494
102000187,670,2005,-1335
102000188,787,1743,-956
102000189,3519,1133,2386
102000190,827,2934,-2107
102000191,1351,648,703
102000192,735,1177,-442
102000193,22,206,-184
102000194,84,133,-49
102000195,294,725,-431
102000196,124,603,-479
102000197,400,636,-236
102000198,136,1134,-998
102000199,492,448,44
102000200,230,1533,-1303
102000201,513,521,-8
102000202,1,153,-152
102000203,198,312,-114
102000204,283,1048,-765
102000205,657,730,-73
102000206,523,934,-411
102000207,606,463,143
102000208,337,624,-287
102000209,56,76,-20
102000210,238,588,-350
102000211,350,590,-240
102000212,166,37,129
102000213,8,454,-446
102000214,134,6,128
102000215,7,665,-658
102000216,33,37,-4
102000217,10,237,-227
102000218,117,106,11
102000219,421,435,-14
102000225,692,726,-34
102000226,8638,1642,6996
102000227,136,4,132
102000228,1,103,-102
102000229,19,54,-35
102000230,318,705,-387
102000231,230,494,-264
102000232,9,176,-167
102000233,390,818,-428
102000234,84,1605,-1521
102000236,448,52,396
102000237,494,154,340
102000238,145,316,-171
102000240,621,560,61
102000241,203,146,57
102000243,18,56,-38
102000245,34,100,-66
102000246,23,37,-14
102000247,344,886,-542
102000248,165,415,-250
102000249,115,180,-65
102000250,59,430,-371
102000254,63,473,-410
102000266,70,232,-162
102000271,24,1,23
102000286,530,446,84
102000297,1758,1000,758
102000299,0,1,-1
102000301,0,0,0
102000302,0,0,0
102000303,0,0,0
102000304,0,0,0
102000305,0,0,0
102000306,0,0,0
102000307,0,5,-5
102000308,0,0,0
102900001,1314,1210,104
102900002,394,31,363
102900003,36,362,-326
102900005,191,371,-180
102900006,392,225,167
102900007,333,37,296
102900008,254,114,140
102900009,469,206,263
102900010,808,584,224
102900011,2174,353,1821
102900012,322,62,260
102900013,22,118,-96
102900015,1039,360,679
102900016,42,174,-132
102900017,93,798,-705
102900018,19,191,-172
102900019,397,555,-158
102900020,99,39,60
102900021,14,127,-113
102900022,440,70,370
102900023,18,58,-40
102900024,20,41,-21
102900025,334,106,228
102900026,580,1411,-831
102900027,53,63,-10
102900028,112,536,-424
102900029,173,140,33
102900030,324,245,79
102900031,107,170,-63
102900032,43,126,-83
102900033,111,228,-117
102900034,326,165,161
102900035,71,589,-518
102900036,171,722,-551
102900037,184,846,-662
102900038,365,803,-438
102900039,43,472,-429
102900040,109,289,-180
102900041,54,212,-158
102900042,123,398,-275
102900043,117,295,-178
102900044,676,2264,-1588
102900045,113,598,-485
102900046,76,377,-301
102900047,55,800,-745
102900048,632,824,-192
102900049,95,444,-349
102900050,390,433,-43
102900051,142,228,-86
102900052,32,22,10
102900053,375,832,-457
102900054,1027,869,158
102900055,75,128,-53
102900056,154,565,-411
102900057,3,38,-35
102900058,353,47,306
102900059,22,62,-40
102900060,86,555,-469
102900061,135,572,-437
102900062,174,1505,-1331
102900063,685,437,248
102900064,190,417,-227
102900065,2008,833,1175
102900066,329,46,283
102900068,79,84,-5
102900070,156,791,-635
102900072,11,23,-12
102900073,118,10,108
102900074,224,155,69
102900075,13,23,-10
102900076,339,68,271
102900077,21,28,-7
102900078,61,78,-17
102900079,195,12,183
102900080,299,42,257
102900081,72,296,-224
102900082,7,260,-253
102900083,314,13,301
102900084,6,19,-13
102900085,230,91,139
102900086,11,25,-14
102900087,42,140,-98
102900088,23,43,-20
102900089,263,145,118
102900090,1,527,-526
102900091,103,3,100
102900092,212,918,-706
102900093,232,271,-39
102900094,1,58,-57
102900095,130,6,124
102900096,34,16,18
102900097,57,178,-121
103000001,2299,2630,-331
103000002,1893,2061,-168
103000003,4401,2725,1676
103000004,1010,723,287
103000005,2043,2286,-243
103000006,585,1422,-837
103000007,379,1000,-621
103000008,828,1109,-281
103000009,755,1074,-319
103000010,125,149,-24
103000011,2000,1225,775
103000012,1126,1265,-139
103000013,7020,2291,4729
103000014,1414,1912,-498
103000015,2745,930,1815
103000016,569,1073,-504
103000017,144,369,-225
103000018,1031,430,601
103000019,208,228,-20
103000020,1731,1370,361
103000021,1483,1407,76
103000022,941,1278,-337
103000023,478,1308,-830
103000024,120,191,-71
103000025,89,430,-341
103000026,2140,169,1971
103000027,259,463,-204
103000028,812,423,389
103000029,519,273,246
103000030,2201,732,1469
103000031,1706,1337,369
103000032,2155,1987,168
103000033,2802,2557,245
103000034,1934,1100,834
103000035,478,1109,-631
103000036,492,561,-69
103000037,682,536,146
103000038,544,1019,-475
103000039,238,551,-313
103000040,227,1386,-1159
103000041,1547,3301,-1754
103000042,756,815,-59
103000043,331,1462,-1131
103000044,127,278,-151
103000046,268,448,-180
103000047,541,865,-324
103000048,112,185,-73
103000049,79,230,-151
103000050,709,816,-107
103000051,302,671,-369
103000052,871,582,289
103000053,157,581,-424
103000054,2000,1320,680
103000055,1535,1961,-426
103000056,604,2883,-2279
103000057,367,387,-20
103000058,378,1049,-671
103000059,292,826,-534
103000060,691,954,-263
103000061,288,939,-651
103000062,1073,946,127
103000063,611,812,-201
103000064,98,316,-218
103000065,1,430,-429
103000066,123,7,116
103000069,204,383,-179
103000070,653,1509,-856
103000071,787,415,372
103000072,101,1114,-1013
103000073,473,158,315
103000074,577,94,483
103000075,173,1094,-921
103000076,224,263,-39
103000077,38,466,-428
103000078,1336,457,879
103000079,1627,490,1137
103000080,1467,276,1191
103000081,588,743,-155
103000082,393,198,195
103000083,124,350,-226
103000084,114,6,108
103000085,2,95,-93
103000086,726,354,372
103000087,155,517,-362
103000088,409,338,71
103000089,225,351,-126
103000090,1670,1174,496
103000091,722,446,276
103000092,250,296,-46
103000093,298,518,-220
103000094,138,127,11
103000095,41,486,-445
103000096,884,100,784
103000097,41,681,-640
103000098,1036,168,868
103000099,385,684,-299
103000100,86,989,-903
103000101,655,184,471
103000102,122,770,-648
103000103,507,234,273
103000104,59,180,-121
103000105,90,145,-55
103000106,37,108,-71
103000107,308,90,218
103000108,586,580,6
103000109,332,358,-26
103000110,368,514,-146
103000111,646,333,313
103000112,301,242,59
103000113,564,612,-48
103000114,894,393,501
103000115,502,592,-90
103000116,435,612,-177
103000117,251,567,-316
103000118,1331,1168,163
103000119,2138,728,1410
103000120,81,116,-35
103000121,458,698,-240
103000122,364,290,74
103000125,15,555,-540
103000126,406,6,400
103000127,0,277,-277
103000128,99,2,97
103000129,3,160,-157
103000130,36,21,15
103000131,248,120,128
103000132,89,170,-81
103000133,2,187,-185
103000134,858,704,154
103000135,822,232,590
103000136,870,344,526
103000137,647,571,76
103000138,805,753,52
103000139,0,43,-43
103000140,135,23,112
103000141,34,114,-80
103000142,118,71,47
103000143,32,231,-199
103000144,169,66,103
103000145,40,30,10
103000150,71,78,-7
103000152,224,223,1
103000153,156,178,-22
103000156,3,616,-613
103000157,281,1,280
103000159,129,91,38
103000162,86,10,76
103000163,14,25,-11
103000164,29,10,19
103000165,185,504,-319
103000166,169,173,-4
103000167,155,125,30
103000168,69,208,-139
103000169,166,425,-259
103000170,478,586,-108
103000171,46,72,-26
103000172,455,1008,-553
103000173,260,916,-656
103000174,173,447,-274
103000175,216,624,-408
103000176,733,307,426
103000177,1021,476,545
103000178,450,339,111
103000179,119,48,71
103000183,63,39,24
103000185,57,117,-60
103000186,79,212,-133
103000187,294,844,-550
103000188,14,111,-97
103000189,763,1138,-375
103000191,697,864,-167
103000292,2904,1151,1753
103000293,1543,1492,51
103000295,120,86,34
103000296,292,5,287
103000297,176,22,154
103000504,25,15,10
103000505,12,14,-2
103000506,1,223,-222
103000507,114,3,111
103000508,65,28,37
103000509,191,677,-486
103900001,1,554,-553
103900002,1962,221,1741
103900003,2027,132,1895
103900004,50,0,50
103900005,2,295,-293
103900006,0,0,0
103900007,31,0,31
103900008,15,1,14
103900009,173,377,-204
103900010,101,336,-235
103900011,136,316,-180
103900012,3,3,0
103900013,60,103,-43
103900014,17,14,3
103900015,30,27,3
103900016,231,296,-65
103900017,33,94,-61
103900018,654,194,460
103900019,48,214,-166
103900020,193,369,-176
103900021,1011,58,953
103900022,944,644,300
103900023,102,0,102
103900024,123,803,-680
103900025,6,48,-42
103900026,33,0,33
103900027,551,364,187
103900028,7,251,-244
103900029,847,96,751
103900030,169,36,133
103900031,9,1,8
103900032,42,24,18
103900033,74,4,70
103900034,31,263,-232
103900035,71,91,-20
103900036,38,31,7
103900037,30,53,-23
103900038,67,135,-68
103900039,14,533,-519
103900040,12,335,-323
103900041,17,48,-31
103900042,24,571,-547
103900043,79,146,-67
103900044,261,184,77
103900045,149,205,-56
103900047,36,25,11
103900048,40,17,23
103900049,212,1496,-1284
103900050,1,109,-108
103900051,0,40,-40
103900052,156,633,-477
103900053,79,1171,-1092
103900054,79,719,-640
103900055,302,227,75
103900056,27,48,-21
103900057,14,287,-273
103900058,149,1027,-878
103900059,0,2,-2
103900060,25,294,-269
103900061,68,71,-3
103900062,186,65,121
103900063,1,0,1
103900064,49,2,47
103900065,936,377,559
103900066,101,7,94
103900067,105,7,98
103900068,0,0,0
103900069,72,6,66
103900070,132,282,-150
103900071,28,199,-171
103900072,4,407,-403
103900073,13,12,1
103900074,80,128,-48
103900075,82,49,33
103900076,284,871,-587
103900077,69,66,3
103900078,111,186,-75
103900079,105,283,-178
103900080,11,48,-37
103900081,73,8,65
103900082,2,130,-128
103900083,2118,511,1607
103900084,47,143,-96
103900085,77,102,-25
103900086,330,361,-31
103900087,26,83,-57
103900088,327,272,55
103900089,35,168,-133
103900090,1,225,-224
103900091,1164,282,882
103900092,330,423,-93
103900093,94,419,-325
103900094,5,204,-199
103900095,191,162,29
103900096,7,334,-327
103900097,9,639,-630
103900098,191,82,109
103900099,31,311,-280
103900100,174,518,-344
103900101,47,1163,-1116
103900102,1,28,-27
103900104,1,38,-37
103900105,81,165,-84
103900106,0,21,-21
103900107,63,269,-206
103900108,50,462,-412
103900109,48,131,-83
103900110,193,58,135
103900111,70,1030,-960
103900112,24,44,-20
103900113,174,212,-38
103900114,439,392,47
103900115,258,91,167
103900116,6586,1699,4887
103900117,246,150,96
103900119,45,39,6
103900120,17,117,-100
103900122,42,387,-345
103900123,1534,471,1063
103900124,35,167,-132
103900125,43,71,-28
103900126,310,578,-268
103900127,140,905,-765
103900128,59,228,-169
103900131,11,113,-102
103900133,861,46,815
103900134,0,0,0
103900135,5,6,-1
103900137,1,63,-62
103900138,51,407,-356
103900139,134,1084,-950
103900140,1,56,-55
103900141,333,79,254
103900142,43,265,-222
103900143,38,3,35
103900144,0,88,-88
103900145,231,356,-125
103900146,275,443,-168
103900147,278,135,143
103900148,94,265,-171
103900149,129,944,-815
103900150,8966,2442,6524
103900151,50,188,-138
103900152,269,785,-516
103900153,2,0,2
103900154,1472,889,583
103900155,16,279,-263
103900156,8,240,-232
103900157,27,303,-276
103900158,32,249,-217
103900159,63,73,-10
103900160,16,20,-4
103900161,96,181,-85
103900162,50,250,-200
103900163,17,562,-545
103900164,178,32,146
103900167,22,94,-72
103900168,69,181,-112
103900169,45,60,-15
103900170,0,135,-135
103900171,2,78,-76
103900172,27,33,-6
103900173,7,16,-9
103900174,122,119,3
103900175,60,39,21
103900176,28,28,0
103900177,7,42,-35
103900178,35,103,-68
103900179,21,189,-168
103900180,11,170,-159
103900181,70,41,29
103900182,40,17,23
103900184,621,62,559
103900185,314,131,183
103900187,97,57,40
103900188,34,26,8
103900189,80,7,73
103900190,63,56,7
103900191,29,70,-41
103900192,54,124,-70
103900193,204,189,15
103900194,53,433,-380
103900195,5,49,-44
103900196,32,29,3
103900197,3,49,-46
103900198,26,78,-52
103900199,67,66,1
103900200,143,172,-29
103900201,101,267,-166
103900202,28,64,-36
103900203,10,15,-5
103900204,1,162,-161
103900207,1,252,-251
103900208,35,2,33
103900209,8,123,-115
103900210,24,30,-6
103900211,430,719,-289
103900212,102,527,-425
103900213,182,246,-64
103900214,204,99,105
103900215,637,258,379
103900216,10,918,-908
103900217,423,45,378
103900218,3,276,-273
103900219,97,410,-313
103900233,89,1,88
103900235,43,21,22
103900236,34,1,33
103900242,2,12,-10
103900243,10,10,0
103900244,87,407,-320
103900245,63,283,-220
103900246,50,28,22
103900247,31,89,-58
103900248,7,38,-31
103900249,14,31,-17
103900250,41,26,15
103900251,1,38,-37
103900253,26,63,-37
103900254,5,15,-10
103900255,4,7,-3
103900256,25,17,8
103900257,39,130,-91
103900258,23,3,20
103900259,59,6,53
103900261,10,1,9
103900262,18,1,17
103900263,52,40,12
103900264,71,12,59
103900265,69,27,42
103900266,1,75,-74
103900267,6,62,-56
103900268,0,31,-31
103900269,22,31,-9
103900270,7,30,-23
104000001,1998,2269,-271
104000002,1595,3033,-1438
104000003,2315,2335,-20
104000004,3552,2974,578
104000005,1026,1817,-791
104000006,3112,3356,-244
104000007,4461,4146,315
104000008,261,544,-283
104000009,180,148,32
104000010,149,191,-42
104000011,955,571,384
104000012,123,590,-467
104000013,157,132,25
104000014,176,931,-755
104000015,213,225,-12
104000016,524,526,-2
104000018,653,176,477
104000019,484,146,338
104000020,194,1041,-847
104000021,284,941,-657
104000022,167,346,-179
104000023,445,391,54
104000024,182,538,-356
104000026,34,405,-371
104000027,227,537,-310
104000028,376,261,115
104000029,456,693,-237
104000030,238,262,-24
104000031,777,354,423
104000032,171,449,-278
104000033,462,494,-32
104000034,266,552,-286
104000035,562,532,30
104000036,547,836,-289
104000037,248,399,-151
104000038,299,403,-104
104000039,231,544,-313
104000040,581,583,-2
104000041,394,419,-25
104000042,250,518,-268
104000043,194,531,-337
104000044,251,876,-625
104000045,972,1354,-382
104000046,1462,1728,-266
104000047,699,1715,-1016
104000048,1200,2503,-1303
104000049,328,373,-45
104000050,246,627,-381
104000051,95,742,-647
104000052,965,1490,-525
104000053,659,719,-60
104000054,540,761,-221
104000055,3703,3394,309
104000056,1737,267,1470
104000057,99,633,-534
104000058,616,764,-148
104000059,514,1314,-800
104000060,807,1145,-338
104000061,987,1418,-431
104000062,193,166,27
104000064,431,312,119
104000065,108,453,-345
104000069,1638,644,994
104000070,43,349,-306
104000071,95,362,-267
104000072,446,278,168
104000075,70,266,-196
104000076,385,105,280
104000082,1906,2680,-774
104000083,688,216,472
104000084,121,638,-517
104000085,189,224,-35
104000086,153,527,-374
104000087,566,1182,-616
104000090,615,1887,-1272
104000092,744,3132,-2388
104000094,709,2348,-1639
104000095,1522,1373,149
104000096,1169,477,692
104000097,1334,1417,-83
104000098,1528,1559,-31
104000100,1206,807,399
104000101,906,2599,-1693
104000106,105,618,-513
104000107,618,557,61
104000108,396,652,-256
104000109,239,65,174
104000110,926,1153,-227
104000111,6784,1930,4854
104000112,3251,645,2606
104000116,4,1456,-1452
104000117,134,1050,-916
104000118,372,367,5
104000119,345,278,67
104000120,216,1131,-915
104000121,183,686,-503
104000122,548,712,-164
104000123,915,1315,-400
104000124,1890,3523,-1633
104000125,5245,3384,1861
104000126,388,556,-168
104000127,1570,3850,-2280
104000128,836,557,279
104000129,510,27,483
104000130,8,317,-309
104000131,1069,754,315
104000132,662,971,-309
104000133,985,908,77
104000134,987,1531,-544
104000135,392,1211,-819
104000136,1037,2821,-1784
104000137,1992,341,1651
104000138,1342,364,978
104000139,10372,3470,6902
104000141,1452,2120,-668
104000142,659,1155,-496
104000143,543,965,-422
104000144,63,191,-128
104000145,366,216,150
104000146,450,673,-223
104000147,126,429,-303
104000148,209,156,53
104000149,144,466,-322
104000150,770,466,304
104000151,411,811,-400
104000152,446,942,-496
104000153,394,476,-82
104000154,1187,901,286
104000155,336,498,-162
104000157,1198,2010,-812
104000158,377,365,12
104000159,541,345,196
104000160,1745,1573,172
104000161,262,196,66
104000162,53,124,-71
104000165,1507,1143,364
104000167,459,637,-178
104000168,510,9,501
104000169,41,57,-16
104000170,861,410,451
104000248,259,971,-712
104000251,67,376,-309
104000272,0,0,0
104000273,0,0,0
104000274,0,0,0
104000275,0,0,0
104000279,813,571,242
104000290,67,406,-339
104000291,548,1195,-647
104000293,605,764,-159
104000294,10,1,9
104000295,622,930,-308
104000296,292,939,-647
104000297,840,1839,-999
104000298,2118,1040,1078
104000299,628,1551,-923
104900001,109,490,-381
104900002,40,117,-77
104900003,56,437,-381
104900004,102,432,-330
104900005,168,169,-1
104900006,166,94,72
104900007,213,262,-49
104900009,124,567,-443
104900010,22,31,-9
104900011,3,3,0
104900012,117,9,108
104900013,105,8,97
104900014,4269,495,3774
104900015,77,8,69
104900016,138,331,-193
104900017,83,194,-111
104900018,7,301,-294
104900019,361,1612,-1251
104900020,45,335,-290
104900021,4,439,-435
104900022,38,159,-121
104900023,0,158,-158
104900024,18,116,-98
104900025,43,375,-332
104900026,5,172,-167
104900027,264,294,-30
104900028,42,98,-56
104900029,71,119,-48
104900030,436,229,207
104900031,139,241,-102
104900032,53,207,-154
104900033,106,233,-127
104900034,255,110,145
104900035,208,146,62
104900036,94,90,4
104900037,136,345,-209
104900038,690,442,248
104900039,1327,267,1060
104900040,179,83,96
104900041,184,182,2
104900042,144,409,-265
104900043,5,37,-32
104900044,291,251,40
104900045,286,52,234
104900046,64,114,-50
104900047,222,151,71
104900048,183,106,77
104900049,13,19,-6
104900050,118,95,23
104900051,172,52,120
104900052,44,0,44
104900053,313,74,239
104900054,145,30,115
104900055,62,1,61
104900056,162,17,145
104900057,20,1,19
104900058,861,229,632
104900059,31,55,-24
104900060,1,516,-515
104900061,279,782,-503
104900063,0,191,-191
104900064,1,134,-133
104900065,0,159,-159
104900066,3,273,-270
104900067,3,350,-347
104900068,25,299,-274
104900070,106,330,-224
104900071,1,817,-816
104900072,31,242,-211
104900073,26,325,-299
104900074,74,282,-208
104900075,136,96,40
104900076,82,461,-379
104900077,1347,119,1228
104900078,185,854,-669
104900079,109,223,-114
104900080,48,580,-532
104900082,7,402,-395
104900085,4,254,-250
104900087,330,4,326
104900089,91,0,91
104900090,479,516,-37
104900091,505,1005,-500
104900093,242,712,-470
104900097,3227,1492,1735
104900098,100,32,68
104900099,555,730,-175
104900100,724,301,423
104900102,22,269,-247
104900103,480,123,357
104900104,4923,1636,3287
104900106,42,163,-121
104900107,76,355,-279
104900108,51,368,-317
104900109,65,223,-158
104900110,4,67,-63
104900111,126,185,-59
104900112,196,1193,-997
104900113,515,561,-46
104900114,186,897,-711
104900115,396,603,-207
104900116,138,371,-233
104900118,12,84,-72
104900119,0,37,-37
104900120,40,65,-25
104900121,1,178,-177
104900122,1,112,-111
104900123,39,8,31
104900124,38,0,38
104900125,508,3,505
104900126,105,60,45
104900127,21,38,-17
104900128,114,217,-103
104900129,3308,1241,2067
105000001,2320,1982,338
105000002,1868,1945,-77
105000003,3108,4173,-1065
105000004,441,1214,-773
105000005,718,1296,-578
105000006,861,1488,-627
105000007,851,1296,-445
105000008,1019,1800,-781
105000009,1298,2638,-1340
105000010,3197,2983,214
105000011,2081,1988,93
105000012,4460,3564,896
105000013,612,958,-346
105000014,1204,2143,-939
105000015,11088,6784,4304
105000016,4450,2149,2301
105000017,1652,1173,479
105000018,1233,1028,205
105000019,1606,954,652
105000020,154,331,-177
105000021,281,132,149
105000022,202,33,169
105000023,514,281,233
105000028,86,172,-86
105000029,304,1066,-762
105000030,4377,4085,292
105000033,993,2372,-1379
105000034,163,623,-460
105000037,664,629,35
105000038,1863,1347,516
105000039,3432,2487,945
105000040,804,902,-98
105000041,780,1720,-940
105000042,3076,1329,1747
105000043,2364,3054,-690
105000044,415,430,-15
105000045,404,1090,-686
105000046,698,452,246
105000047,471,1778,-1307
105000048,477,231,246
105000049,283,874,-591
105000050,424,342,82
105000051,200,583,-383
105000052,723,997,-274
105000053,143,175,-32
105000054,221,1288,-1067
105000055,421,512,-91
105000056,878,3118,-2240
105000057,1138,1107,31
105000058,1372,1754,-382
105000059,572,574,-2
105000060,469,835,-366
105000061,312,537,-225
105000062,801,1348,-547
105000063,309,786,-477
105000064,813,867,-54
105000065,334,1148,-814
105000066,1025,2447,-1422
105000067,745,716,29
105000068,487,1074,-587
105000069,3411,789,2622
105000070,960,774,186
105000071,224,513,-289
105000072,468,939,-471
105000073,674,507,167
105000074,897,1099,-202
105000075,583,929,-346
105000076,1147,1154,-7
105000077,1998,726,1272
105000078,1618,1268,350
105000079,1861,1908,-47
105000080,2065,1191,874
105000081,1498,792,706
105000082,574,602,-28
105000083,1455,1094,361
105000084,602,1290,-688
105000085,1352,1149,203
105000086,604,1085,-481
105000087,2625,2072,553
105000088,1454,1463,-9
105000089,3362,2456,906
105000090,1092,977,115
105000091,1712,2123,-411
105000092,630,1101,-471
105000093,378,266,112
105000094,226,190,36
105000095,74,370,-296
105000096,1024,824,200
105000097,978,672,306
105000098,820,647,173
105000099,837,1056,-219
105000100,845,1186,-341
105000101,1649,2602,-953
105000102,2325,1854,471
105000103,1650,2538,-888
105000104,1537,1175,362
105000105,1027,2166,-1139
105000106,1211,2195,-984
105000107,980,1330,-350
105000108,1091,2378,-1287
105000109,1255,2202,-947
105000110,602,1015,-413
105000111,508,616,-108
105000112,1037,1028,9
105000113,338,682,-344
105000114,4119,1122,2997
105000115,273,745,-472
105000116,469,537,-68
105000117,604,1526,-922
105000118,270,440,-170
105000119,544,1727,-1183
105000120,669,737,-68
105000121,934,1633,-699
105000122,268,472,-204
105000123,1126,1807,-681
105000124,1244,1048,196
105000125,558,2334,-1776
105000126,1696,2623,-927
105000127,2145,2438,-293
105000128,431,1809,-1378
105000129,772,344,428
105000130,142,1027,-885
105000131,743,408,335
105000132,584,400,184
105000133,307,1289,-982
105000134,447,601,-154
105000135,437,717,-280
105000136,30,155,-125
105000137,180,356,-176
105000138,80,165,-85
105000139,1079,1188,-109
105000140,111,487,-376
105000141,254,807,-553
105000142,85,556,-471
105000143,247,812,-565
105000144,247,772,-525
105000145,394,623,-229
105000146,519,805,-286
105000147,386,449,-63
105000148,845,664,181
105000149,1687,2016,-329
105000150,2265,1600,665
105000151,337,410,-73
105000152,128,790,-662
105000153,436,561,-125
105000154,673,963,-290
105000155,244,725,-481
105000156,900,1041,-141
105000157,1078,2388,-1310
105000158,1664,945,719
105000159,255,1710,-1455
105000160,1122,682,440
105000161,690,2187,-1497
105000162,439,1306,-867
105000163,1687,1441,246
105000164,214,420,-206
105000165,1753,3392,-1639
105000166,8856,403,8453
105000167,3683,1222,2461
105000168,225,1023,-798
105000169,287,581,-294
105000170,122,1401,-1279
105000171,1096,367,729
105000172,45,62,-17
105000173,86,36,50
105000174,50,47,3
105000175,69,128,-59
105000176,143,93,50
105000177,142,133,9
105000178,130,856,-726
105000179,187,154,33
105000180,105,106,-1
105000181,82,602,-520
105000182,32,52,-20
105000183,3024,1474,1550
105000184,1410,899,511
105000185,1475,775,700
105000186,401,994,-593
105000187,652,263,389
105000188,182,115,67
105000189,123,559,-436
105000190,176,400,-224
105000191,333,404,-71
105000192,150,55,95
105000193,63,171,-108
105000194,140,72,68
105000195,297,1221,-924
105000196,31,110,-79
105000197,285,827,-542
105000198,628,309,319
105000199,316,265,51
105000200,148,253,-105
105000201,115,42,73
105000203,2,322,-320
105000204,88,103,-15
105000205,72,234,-162
105000207,785,244,541
105000208,308,461,-153
105000209,216,376,-160
105000212,948,1730,-782
105000213,207,204,3
105000214,104,313,-209
105000215,180,334,-154
105000216,62,491,-429
105000217,135,379,-244
105000218,780,1149,-369
105000221,159,325,-166
105000222,109,68,41
105000223,178,205,-27
105000226,39,498,-459
105000227,29,249,-220
105000228,271,917,-646
105000229,68,231,-163
105000231,177,262,-85
105000233,509,679,-170
105000234,530,1602,-1072
105000235,250,523,-273
105000237,596,48,548
105000243,22,248,-226
105000248,32,69,-37
105000262,260,2365,-2105
105000269,99,206,-107
105000270,353,84,269
105000271,0,347,-347
105000282,87,69,18
105000287,331,132,199
105000288,549,474,75
105000289,1322,918,404
105000290,10,4,6
105000402,5767,2084,3683
105000426,433,475,-42
105000438,1249,653,596
105000446,17417,5770,11647
105000447,11076,2996,8080
105000454,200,738,-538
105000455,258,231,27
105000474,11,1,10
105000477,219,433,-214
105000478,1459,2306,-847
105000479,88,158,-70
105000480,2211,1920,291
105000481,2608,2012,596
105000482,5204,3018,2186
105000483,1081,1249,-168
105000484,2320,2490,-170
105000485,1080,1391,-311
105000486,3514,2332,1182
105000488,3714,3073,641
105000489,547,963,-416
105000549,27,157,-130
105000550,446,1613,-1167
105000551,41,132,-91
105000552,3554,2001,1553
105900001,6,978,-972
105900002,1884,494,1390
105900003,17,115,-98
105900004,413,155,258
105900005,5,252,-247
105900006,10,49,-39
105900007,94,17,77
105900008,66,928,-862
105900009,25,19,6
105900011,222,45,177
105900012,376,109,267
105900013,1,12,-11
105900014,5,86,-81
105900015,157,427,-270
105900016,215,731,-516
105900017,753,64,689
105900018,294,283,11
105900019,77,485,-408
105900020,45,57,-12
105900021,20,317,-297
105900022,166,396,-230
105900023,2,130,-128
105900024,12,232,-220
105900025,86,48,38
105900026,217,40,177
105900027,5055,4826,229
105900028,109,169,-60
105900029,2098,375,1723
105900030,139,247,-108
105900031,563,179,384
105900032,55,201,-146
105900033,67,124,-57
105900034,141,282,-141
105900035,196,294,-98
105900036,40,136,-96
105900037,44,67,-23
105900038,116,296,-180
105900039,65,156,-91
105900040,59,111,-52
105900041,147,477,-330
105900042,60,147,-87
105900043,1929,75,1854
105900044,3,173,-170
105900045,4,751,-747
105900046,4,201,-197
105900047,9,23,-14
105900048,99,502,-403
105900050,3430,1025,2405
105900051,7,1450,-1443
105900052,238,108,130
105900053,4500,1438,3062
105900054,329,321,8
105900056,915,259,656
105900057,25,173,-148
105900058,12,57,-45
105900059,0,64,-64
106000001,4410,1653,2757
106000002,3159,5018,-1859
106000003,2781,2594,187
106000004,2213,2745,-532
106000005,2371,5186,-2815
106000006,5956,5235,721
106000007,418,554,-136
106000008,420,385,35
106000009,399,387,12
106000010,561,669,-108
106000011,696,1095,-399
106000012,715,1903,-1188
106000013,1496,1875,-379
106000014,2077,2335,-258
106000015,1299,1219,80
106000016,1276,2953,-1677
106000017,673,728,-55
106000018,525,614,-89
106000019,242,502,-260
106000020,235,574,-339
106000021,214,550,-336
106000022,273,358,-85
106000023,644,368,276
106000024,678,898,-220
106000025,147,227,-80
106000026,132,402,-270
106000027,846,1310,-464
106000028,522,840,-318
106000029,843,1643,-800
106000030,1026,366,660
106000034,190,580,-390
106000035,732,1168,-436
106000036,380,469,-89
106000037,1990,1722,268
106000038,486,87,399
106000039,225,73,152
106000040,205,879,-674
106000041,828,319,509
106000043,594,129,465
106000046,388,45,343
106000047,53,457,-404
106000049,432,165,267
106000050,232,1027,-795
106000051,389,390,-1
106000052,77,863,-786
106000053,206,123,83
106000054,299,522,-223
106000055,658,1151,-493
106000056,300,570,-270
106000057,148,245,-97
106000058,152,247,-95
106000059,159,270,-111
106000060,557,694,-137
106000061,183,457,-274
106000062,151,710,-559
106000063,492,526,-34
106000064,36,515,-479
106000065,303,252,51
106000066,88,454,-366
106000067,263,152,111
106000068,45,719,-674
106000069,122,120,2
106000070,309,927,-618
106000071,771,352,419
106000072,4483,1633,2850
106000073,1954,2191,-237
106000074,333,696,-363
106000075,300,1230,-930
106000076,1607,1959,-352
106000077,3398,1474,1924
106000078,756,1073,-317
106000079,561,1087,-526
106000080,1085,871,214
106000081,575,1099,-524
106000082,2541,1101,1440
106000083,289,1436,-1147
106000084,1017,741,276
106000085,1639,1253,386
106000086,561,816,-255
106000087,710,700,10
106000088,396,775,-379
106000089,779,578,201
106000090,291,619,-328
106000091,250,701,-451
106000092,525,296,229
106000093,260,76,184
106000094,116,433,-317
106000095,453,1337,-884
106000096,746,813,-67
106000097,599,1525,-926
106000098,480,1138,-658
106000099,126,1047,-921
106000100,995,349,646
106000101,1577,338,1239
106000102,272,627,-355
106000103,251,656,-405
106000104,825,484,341
106000105,433,1019,-586
106000106,464,540,-76
106000107,102,477,-375
106000108,192,390,-198
106000109,97,426,-329
106000110,128,402,-274
106000111,146,699,-553
106000112,154,442,-288
106000113,1050,836,214
106000114,415,458,-43
106000115,172,651,-479
106000116,123,282,-159
106000117,1013,925,88
106000118,996,1159,-163
106000119,2639,1301,1338
106000120,596,841,-245
106000121,175,202,-27
106000122,69,431,-362
106000123,227,332,-105
106000124,32,451,-419
106000125,29,463,-434
106000126,111,193,-82
106000127,544,1103,-559
106000128,520,326,194
106000129,371,925,-554
106000130,514,423,91
106000131,114,806,-692
106000132,814,141,673
106000133,4147,1123,3024
106000134,868,1714,-846
106000135,282,957,-675
106000136,525,612,-87
106000137,86,1691,-1605
106000138,711,62,649
106000139,47,139,-92
106000140,29,138,-109
106000141,41,179,-138
106000142,53,77,-24
106000143,35,135,-100
106000144,21,71,-50
106000145,151,419,-268
106000146,200,190,10
106000147,401,757,-356
106000148,680,898,-218
106000149,440,467,-27
106000150,407,1973,-1566
106000151,5456,872,4584
106000152,1700,1536,164
106000153,83,1519,-1436
106000154,1622,222,1400
106000155,66,234,-168
106000156,644,433,211
106000157,668,2273,-1605
106000158,2935,812,2123
106000159,4636,1568,3068
106000160,273,1823,-1550
106000161,1644,567,1077
106000162,134,717,-583
106000163,324,665,-341
106000164,227,383,-156
106000165,217,876,-659
106000166,421,349,72
106000167,291,1667,-1376
106000168,237,306,-69
106000169,176,1040,-864
106000170,374,341,33
106000171,103,1078,-975
106000172,1922,1194,728
106000173,741,3081,-2340
106000174,1033,371,662
106000175,289,1263,-974
106000176,1057,667,390
106000177,801,2912,-2111
106000178,2585,1745,840
106000179,1121,2697,-1576
106000180,722,2338,-1616
106000181,412,2350,-1938
106000182,613,923,-310
106000183,733,1309,-576
106000184,889,1275,-386
106000185,594,1144,-550
106000186,830,167,663
106000187,243,882,-639
106000188,0,5,-5
106000189,3,49,-46
106000190,10,2,8
106000191,495,212,283
106000192,1,20,-19
106000193,361,174,187
106000194,127,379,-252
106000195,905,150,755
106000196,203,520,-317
106000197,299,385,-86
106000198,167,321,-154
106000199,864,605,259
106000200,471,135,336
106000201,514,1452,-938
106000202,8086,718,7368
106000203,212,238,-26
106000204,32,8,24
106000205,28,160,-132
106000206,80,17,63
106000207,49,1054,-1005
106000208,695,83,612
106000209,912,318,594
106000210,214,1676,-1462
106000211,393,1805,-1412
106000212,516,237,279
106000213,991,1699,-708
106000214,3253,503,2750
106000215,219,507,-288
106000216,258,369,-111
106000217,309,573,-264
106000218,478,361,117
106000219,157,314,-157
106000220,395,307,88
106000221,105,365,-260
106000222,44,149,-105
106000223,80,103,-23
106000224,128,351,-223
106000225,82,92,-10
106000226,132,417,-285
106000228,33,114,-81
106000229,73,892,-819
106000231,497,123,374
106000232,60,481,-421
106000233,320,133,187
106000234,91,238,-147
106000235,322,73,249
106000236,241,56,185
106000237,0,12,-12
106000238,13,14,-1
106000239,1,136,-135
106000240,18,5,13
106000241,16,807,-791
106000242,184,25,159
106000249,50,114,-64
106000250,57,445,-388
106000251,47,25,22
106000252,40,156,-116
106000253,32,73,-41
106000254,38,69,-31
106000255,17,94,-77
106000256,88,83,5
106000257,128,330,-202
106000258,225,8,217
106000259,3,32,-29
106000260,21,10,11
106000261,2,79,-77
106000262,55,19,36
106000263,3,98,-95
106000264,201,9,192
106000265,11,180,-169
106000266,94,17,77
106000267,4,127,-123
106000268,429,41,388
106000269,115,76,39
106000270,138,438,-300
106000271,38,222,-184
106000272,131,74,57
106000273,6,213,-207
106000274,174,44,130
106000275,160,193,-33
106000276,157,78,79
106000277,133,160,-27
106000278,155,51,104
106000279,18,71,-53
106000280,40,173,-133
106000281,101,86,15
106000282,83,89,-6
106000283,114,122,-8
106000284,51,151,-100
106000285,120,181,-61
106000286,66,194,-128
106000287,87,96,-9
106000288,94,166,-72
106000289,80,90,-10
106000290,67,119,-52
106000291,91,110,-19
106000292,82,115,-33
106000293,106,110,-4
106000294,132,148,-16
106000295,49,69,-20
106000296,80,151,-71
106000297,72,276,-204
106000298,182,92,90
106000299,70,202,-132
106000300,59,114,-55
106000301,70,116,-46
106000303,14,54,-40
106000304,54,44,10
106000305,20,43,-23
106000306,29,94,-65
106000307,69,28,41
106000308,30,190,-160
106000309,16,84,-68
106000310,252,774,-522
106000311,311,137,174
106000312,66,217,-151
106000313,103,224,-121
106000318,222,288,-66
106000319,603,77,526
106000320,10,66,-56
106000321,360,112,248
106000322,74,286,-212
106000324,3,199,-196
106000325,1256,873,383
106000326,1044,2199,-1155
106000327,66,129,-63
106000328,23,136,-113
106000329,77,366,-289
106000330,60,46,14
106000428,40,156,-116
106000429,88,554,-466
106000430,348,1750,-1402
106000431,1219,270,949
106000432,1735,2980,-1245
106000433,1382,802,580
106000434,2506,938,1568
106000435,2223,2702,-479
106000436,24,377,-353
106000437,135,53,82
106000438,323,160,163
106000439,54,605,-551
106000440,248,580,-332
106000441,1,0,1
106000442,100,6,94
106000443,121,655,-534
106000450,1,326,-325
106000451,10,29,-19
106000454,0,112,-112
106000455,8,177,-169
106000456,89,14,75
106000457,4,1411,-1407
106000458,309,203,106
106000459,69,522,-453
106000460,599,49,550
106000461,43,2403,-2360
106000462,0,27,-27
106000463,2,37,-35
106000464,7,741,-734
106000465,270,1,269
106000466,6,1007,-1001
106000467,481,605,-124
106000468,27,217,-190
106000469,268,1,267
106000470,246,1465,-1219
106000471,41,815,-774
106000472,84,7,77
106000473,14,27,-13
106000474,237,823,-586
106000475,216,125,91
106000476,200,153,47
106000477,16,60,-44
106900001,0,18,-18
106900002,3,729,-726
106900003,275,1060,-785
106900004,1,88,-87
106900006,1,18,-17
106900007,1,13,-12
106900008,152,360,-208
106900009,185,564,-379
106900010,191,461,-270
106900012,2572,1816,756
106900013,531,91,440
106900014,22,6,16
106900015,25,1,24
106900016,148,2,146
106900017,6,0,6
106900018,2,0,2
106900019,62,8,54
106900020,3530,899,2631
106900021,36,41,-5
106900022,357,0,357
106900023,19,302,-283
106900024,453,15,438
106900025,74,913,-839
106900026,6,962,-956
106900027,340,1,339
107000001,4248,1841,2407
107000002,6757,4004,2753
107000003,3975,5124,-1149
107000004,5553,6804,-1251
107000005,2219,4106,-1887
107000006,3570,7016,-3446
107000007,4609,7964,-3355
107000008,17787,12501,5286
107000009,4670,5197,-527
107000010,10778,12996,-2218
107000011,1860,1551,309
107000012,5146,4767,379
107000013,33,145,-112
107000014,25,320,-295
107000015,418,1036,-618
107000016,452,1393,-941
107000017,4806,1160,3646
107000018,42,499,-457
107000020,3236,686,2550
107000021,1159,886,273
107000022,1095,1763,-668
107000023,1541,331,1210
107000024,543,2198,-1655
107000025,126,430,-304
107000026,124,738,-614
107000027,919,991,-72
107000028,1447,1907,-460
107000029,1664,1835,-171
107000030,3597,4075,-478
107000031,2640,2036,604
107000032,528,1156,-628
107000033,4190,5496,-1306
107000034,5522,2281,3241
107000035,307,211,96
107000036,405,1159,-754
107000037,63,767,-704
107000038,193,271,-78
107000039,658,518,140
107000040,117,351,-234
107000041,1441,776,665
107000042,863,1937,-1074
107000043,3329,1003,2326
107000044,721,444,277
107000045,90,315,-225
107000046,581,450,131
107000047,374,805,-431
107000048,440,405,35
107000049,532,804,-272
107000050,807,509,298
107000051,551,355,196
107000052,1091,770,321
107000053,283,142,141
107000054,52,303,-251
107000055,99,68,31
107000056,441,1017,-576
107000057,1520,205,1315
107000058,2319,2208,111
107000059,2439,3775,-1336
107000060,3414,5326,-1912
107000061,5855,4488,1367
107000062,2541,3087,-546
107000063,3999,7257,-3258
107000064,2710,2124,586
107000065,3423,6524,-3101
107000066,1520,2236,-716
107000067,749,1036,-287
107000068,1475,631,844
107000069,496,387,109
107000070,440,4,436
107000071,1821,28,1793
107000072,61,4476,-4415
107000073,329,196,133
107000074,175,1190,-1015
107000075,1037,345,692
107000076,927,2006,-1079
107000077,2258,742,1516
107000078,2212,4211,-1999
107000079,1632,633,999
107000080,1293,4085,-2792
107000081,830,520,310
107000082,581,3140,-2559
107000083,845,325,520
107000084,500,2951,-2451
107000085,2580,3169,-589
107000086,4071,3250,821
107000087,2290,2038,252
107000088,2720,3910,-1190
107000089,1369,1761,-392
107000090,835,1222,-387
107000091,830,922,-92
107000092,649,1229,-580
107000093,969,850,119
107000094,987,1548,-561
107000095,577,613,-36
107000096,586,1178,-592
107000097,438,202,236
107000098,312,532,-220
107000099,447,296,151
107000100,386,287,99
107000101,50,165,-115
107000102,401,384,17
107000103,230,230,0
107000104,313,410,-97
107000105,305,151,154
107000106,157,363,-206
107000107,472,214,258
107000108,147,887,-740
107000109,433,145,288
107000110,58,759,-701
107000111,186,46,140
107000112,35,523,-488
107000113,334,133,201
107000114,85,892,-807
107000115,335,113,222
107000116,159,1281,-1122
107000117,108,321,-213
107000118,224,336,-112
107000119,1967,1096,871
107000120,2439,444,1995
107000121,650,800,-150
107000122,1140,1103,37
107000123,337,918,-581
107000124,378,1011,-633
107000125,561,918,-357
107000126,719,1397,-678
107000127,12,368,-356
107000129,123,190,-67
107000130,226,251,-25
107000131,420,392,28
107000132,478,367,111
107000133,653,167,486
107000134,360,2,358
107000135,2,270,-268
107000136,670,3,667
107000137,12,417,-405
107000138,321,16,305
107000139,24,357,-333
107000140,796,75,721
107000141,143,919,-776
107000142,267,65,202
107000143,49,1030,-981
107000144,234,393,-159
107000145,150,619,-469
107000146,230,243,-13
107000147,2997,776,2221
107000150,979,2220,-1241
107000151,79,60,19
107000152,567,566,1
107000153,447,584,-137
107000154,228,123,105
107000155,673,25,648
107000156,961,37,924
107000157,49,2857,-2808
107000158,310,21,289
107000159,41,1554,-1513
107000160,563,145,418
107000161,89,2545,-2456
107000162,146,325,-179
107000163,52,1,51
107000164,222,0,222
107000165,459,4,455
107000166,58,1813,-1755
107000167,352,325,27
107000168,545,308,237
107000169,1067,1184,-117
107000170,1051,595,456
107000171,611,3351,-2740
107000172,530,791,-261
107000173,738,1464,-726
107000174,863,3378,-2515
107000175,11527,1912,9615
107000176,5,0,5
107000177,1,3,-2
107000178,3,54,-51
107000179,244,3810,-3566
107000180,943,427,516
107000181,291,1813,-1522
107000182,1160,1232,-72
107000183,118,1297,-1179
107000184,650,945,-295
107000185,500,1852,-1352
107000186,855,411,444
107000187,1116,1426,-310
107000188,440,522,-82
107000189,354,1038,-684
107000190,445,942,-497
107000191,435,1036,-601
107000192,1206,1135,71
107000193,329,443,-114
107000194,927,917,10
107000197,641,241,400
107000198,252,892,-640
107000199,704,753,-49
107000200,1072,613,459
107000201,329,238,91
107000202,214,501,-287
107000203,820,564,256
107000204,1013,570,443
107000205,2794,1373,1421
107000206,901,1202,-301
107000207,868,1267,-399
107000208,1442,406,1036
107000209,2801,956,1845
107000210,1677,398,1279
107000211,10,21,-11
107000212,9,314,-305
107000213,15,14,1
107000214,3,149,-146
107000215,290,545,-255
107000216,183,458,-275
107000217,85,230,-145
107000219,63,150,-87
107000220,124,326,-202
107000222,203,881,-678
107000224,338,72,266
107000225,280,782,-502
107000226,264,102,162
107000227,105,491,-386
107000228,106,160,-54
107000229,225,171,54
107000230,993,570,423
107000231,2590,609,1981
107000232,70,64,6
107000233,2184,650,1534
107000234,2,7,-5
107000235,62,4,58
107000236,21,638,-617
107000237,5,1,4
107000238,33,0,33
107000239,5863,477,5386
107000240,62,1341,-1279
107000241,161,28,133
107000242,694,67,627
107000243,2,84,-82
107000244,5,75,-70
107000246,3,1448,-1445
107000249,3,1288,-1285
107000251,4,323,-319
107000252,8,1630,-1622
107000255,885,93,792
107000257,3,717,-714
107000258,1,209,-208
107000259,9,295,-286
107000260,306,5,301
107000262,19,941,-922
107000263,131,3,128
107000266,2,6,-4
107000267,85,217,-132
107000268,230,232,-2
107000269,257,31,226
107000270,1,22,-21
107000271,9,1364,-1355
107000272,8,335,-327
107000273,1,247,-246
107000274,1983,284,1699
107000275,226,994,-768
107000280,374,29,345
107000281,21,1442,-1421
107000282,29,1677,-1648
107000290,4,33,-29
107000291,12,10,2
107000292,1,52,-51
107000293,102,1,101
107000294,0,47,-47
107000295,49,1,48
107000296,0,17,-17
107000444,222,12,210
107000496,7,30,-23
107000497,1444,3410,-1966
107000500,243,310,-67
107000501,62,230,-168
107000502,157,378,-221
107000505,596,946,-350
107000506,1,59,-58
107000508,16,911,-895
107000509,230,548,-318
107000510,15,21,-6
107000514,15,306,-291
107000515,19,377,-358
107000516,190,186,4
107000518,606,545,61
107000519,4173,1211,2962
107000520,56,11,45
107900001,22,228,-206
107900002,41,5,36
107900003,157,7,150
107900004,71,3,68
107900005,530,2,528
107900006,103,0,103
107900007,145,19,126
107900008,57,54,3
107900009,135,6,129
107900010,12,1,11
107900012,275,17,258
107900013,263,77,186
107900014,15,8,7
107900015,466,3,463
107900016,575,111,464
107900017,14,3,11
107900018,28,56,-28
107900019,12,81,-69
107900020,66,11,55
107900021,26,182,-156
107900023,2,3,-1
107900024,0,33,-33
107900025,186,418,-232
107900026,21,135,-114
107900027,26,103,-77
107900028,33,131,-98
107900030,209,19,190
107900031,53,229,-176
107900032,7,8,-1
107900033,10,7,3
107900034,324,12,312
107900035,485,37,448
107900036,28,4,24
107900037,0,56,-56
107900038,140,167,-27
107900039,4,76,-72
107900040,150,100,50
107900041,2,0,2
107900043,39,209,-170
107900044,3,4,-1
107900045,79,31,48
107900046,83,83,0
107900047,13,130,-117
107900048,120,13,107
107900049,440,1243,-803
107900050,91,430,-339
107900051,80,113,-33
107900052,12,48,-36
107900053,18,86,-68
107900055,823,319,504
107900056,107,38,69
107900057,0,0,0
107900058,14,820,-806
107900060,8,61,-53
107900061,15,3,12
107900063,132,191,-59
107900064,328,49,279
107900065,100,9,91
107900066,8,4,4
107900067,0,0,0
107900068,128,217,-89
107900069,24,732,-708
107900070,65,24,41
107900071,17,1268,-1251
107900072,41,300,-259
107900073,73,125,-52
107900074,1245,172,1073
107900076,103,147,-44
107900077,29,0,29
107900078,229,33,196
107900079,5,19,-14
107900080,111,217,-106
107900081,18,83,-65
107900082,28,21,7
107900083,243,126,117
107900084,73,135,-62
107900086,50,104,-54
107900087,479,88,391
107900088,13,13,0
107900089,258,1170,-912
107900090,507,1255,-748
107900091,188,664,-476
107900092,2420,584,1836
107900093,61,71,-10
107900095,3686,1365,2321
107900097,11,74,-63
107900098,77,230,-153
107900100,1344,984,360
107900101,1133,167,966
107900102,17,7,10
107900103,38,191,-153
107900104,183,7,176
107900105,2,528,-526
107900106,6,1858,-1852
107900107,1583,249,1334
107900108,361,149,212
107900109,522,6,516
107900110,17,131,-114
107900111,9,1397,-1388
107900112,100,315,-215
107900113,97,140,-43
107900114,66,252,-186
107900115,1,78,-77
107900116,55,274,-219
107900117,312,497,-185
107900118,62,188,-126
107900119,32,169,-137
107900120,25,17,8
107900121,3,205,-202
107900122,2,73,-71
107900123,2,20,-18
107900124,13,54,-41
107900125,39,202,-163
107900126,2,27,-25
107900127,550,104,446
107900128,121,46,75
107900129,17,40,-23
107900130,40,42,-2
107900131,707,75,632
107900132,155,500,-345
107900133,3,110,-107
107900134,39,16,23
107900135,2,264,-262
107900136,65,32,33
107900137,94,92,2
107900138,31,30,1
107900139,17,51,-34
107900140,131,64,67
107900141,43,58,-15
107900142,79,1098,-1019
107900143,60,47,13
107900144,2,216,-214
107900145,12,125,-113
107900146,47,114,-67
107900147,50,23,27
107900148,147,218,-71
107900149,1857,273,1584
107900150,97,846,-749
107900151,12,113,-101
107900152,13,353,-340
107900153,121,228,-107
107900154,11,8,3
107900155,41,48,-7
107900156,5,543,-538
107900157,25,75,-50
107900158,428,27,401
107900159,47,1302,-1255
107900160,39,186,-147
107900161,16,297,-281
107900162,0,224,-224
107900163,201,29,172
107900164,2,29,-27
107900165,11,54,-43
107900166,14,342,-328
107900167,12,46,-34
107900168,10,49,-39
107900169,0,214,-214
107900171,8,2095,-2087
107900172,2,389,-387
107900173,11,265,-254
107900174,38,8,30
107900175,13,37,-24
107900176,11,34,-23
107900177,2,279,-277
107900178,1,346,-345
107900179,12,154,-142
107900180,1112,281,831
107900181,273,413,-140
107900182,5,1820,-1815
107900183,20,443,-423
107900184,74,333,-259
107900185,43,9,34
107900186,6,39,-33
107900187,0,147,-147
107900188,962,113,849
107900189,15,134,-119
107900190,114,43,71
107900191,55,179,-124
107900193,9,49,-40
107900194,130,3,127
107900195,4702,593,4109
107900196,56,67,-11
107900197,1135,158,977
107900199,5,1219,-1214
107900201,57,136,-79
107900203,20,71,-51
107900204,241,301,-60
107900205,175,488,-313
107900206,469,174,295
107900207,3,776,-773
107900208,12,1056,-1044
107900209,379,97,282
107900210,84,155,-71
107900213,919,633,286
107900214,4,181,-177
107900215,277,426,-149
107900216,141,75,66
107900217,27,81,-54
107900218,15,1680,-1665
107900219,26,188,-162
107900220,206,127,79
107900221,183,236,-53
107900223,80,730,-650
107900224,202,360,-158
107900225,5,967,-962
107900226,83,151,-68
107900227,169,562,-393
107900228,7,128,-121
107900229,5,386,-381
107900230,7,206,-199
107900231,11,272,-261
107900232,28,204,-176
107900233,5,144,-139
107900234,46,248,-202
107900235,45,127,-82
107900236,46,87,-41
107900237,131,631,-500
107900238,15,115,-100
107900239,1496,449,1047
107900240,9,189,-180
107900241,19,108,-89
107900242,10,474,-464
107900243,5,53,-48
107900244,175,15,160
107900245,261,41,220
107900246,86,3,83
107900248,183,624,-441
107900249,300,9,291
107900250,0,730,-730
107900251,58,1664,-1606
107900252,473,9,464
107900253,72,5,67
107900254,37,353,-316
107900255,518,88,430
107900256,1565,604,961
107900257,113,90,23
107900258,69,282,-213
107900259,69,939,-870
107900261,1,663,-662
107900262,28,127,-99
107900264,95,3,92
107900265,64,196,-132
107900267,113,25,88
107900268,65,14,51
107900269,0,14,-14
107900270,1,0,1
107900271,2,6,-4
107900272,170,8,162
107900273,14,149,-135
107900274,55,0,55
107900275,11,1,10
107900276,2,122,-120
107900277,2,325,-323
107900278,179,444,-265
107900279,194,134,60
107900280,2091,1471,620
107900281,3343,1152,2191
107900282,87,226,-139
107900283,1654,402,1252
107900284,211,882,-671
107900285,47,149,-102
107900286,146,88,58
107900287,98,196,-98
107900290,0,43,-43
107900291,356,16,340
107900292,87,351,-264
107900293,46,602,-556
107900295,52,121,-69
107900297,6,383,-377
107900298,908,1160,-252
107900299,4274,2020,2254
107900300,34,270,-236
107900301,475,353,122
107900302,75,26,49
107900303,88,431,-343
107900304,227,819,-592
107900305,152,16,136
107900306,25,14,11
107900307,45,266,-221
107900308,173,67,106
107900309,10,0,10
107900310,0,0,0
107900311,421,133,288
107900312,0,0,0
107900313,2,95,-93
107900314,0,59,-59
107900315,0,50,-50
107900316,53,5,48
107900317,55,16,39
107900318,4,169,-165
107900319,2,298,-296
107900320,2,210,-208
107900321,68,9,59
107900322,2,244,-242
107900323,3,206,-203
107900324,175,1,174
107900325,45,0,45
107900326,111,506,-395
107900327,54,3,51
107900328,0,0,0
107900329,0,0,0
107900330,2,602,-600
107900331,151,56,95
107900332,121,46,75
107900333,27,10,17
107900334,13,337,-324
107900335,59,59,0
107900336,23,55,-32
107900337,1661,546,1115
107900338,1,192,-191
107900339,1,30,-29
107900340,1,59,-58
107900341,19,0,19
107900342,66,158,-92
107900343,28,1,27
107900344,3,104,-101
107900345,89,23,66
107900346,19,1,18
107900347,36,1,35
107900348,7,2,5
107900349,18,7,11
107900350,48,360,-312
108000001,2501,3400,-899
108000002,2738,3881,-1143
108000003,2929,1963,966
108000004,17053,19447,-2394
108000005,5799,3388,2411
108000006,7332,7946,-614
108000007,4153,3426,727
108000008,5386,6972,-1586
108000009,2422,3367,-945
108000010,2783,5855,-3072
108000011,11234,8771,2463
108000012,23613,18597,5016
108000014,915,732,183
108000015,554,315,239
108000016,205,744,-539
108000017,697,430,267
108000018,1218,584,634
108000019,1799,632,1167
108000020,1121,456,665
108000021,564,2067,-1503
108000022,595,1867,-1272
108000023,939,214,725
108000024,194,807,-613
108000025,191,229,-38
108000026,336,702,-366
108000027,362,611,-249
108000028,210,344,-134
108000029,256,641,-385
108000030,361,220,141
108000031,189,683,-494
108000032,820,524,296
108000033,555,1568,-1013
108000034,1066,460,606
108000035,979,3020,-2041
108000036,319,1790,-1471
108000037,1178,395,783
108000038,1637,452,1185
108000039,518,3065,-2547
108000040,1068,750,318
108000041,736,3325,-2589
108000042,134,230,-96
108000043,168,405,-237
108000044,313,192,121
108000045,198,1075,-877
108000046,1003,302,701
108000047,409,1501,-1092
108000048,146,568,-422
108000049,434,259,175
108000050,100,588,-488
108000051,232,77,155
108000052,310,899,-589
108000053,217,132,85
108000054,547,1061,-514
108000055,902,316,586
108000056,873,1216,-343
108000057,423,694,-271
108000058,2017,2867,-850
108000059,4168,2268,1900
108000060,159,307,-148
108000061,195,337,-142
108000062,443,465,-22
108000063,436,700,-264
108000064,149,259,-110
108000065,511,795,-284
108000066,1636,735,901
108000067,1543,586,957
108000068,576,344,232
108000069,188,1443,-1255
108000070,1230,678,552
108000071,570,2414,-1844
108000072,1187,1165,22
108000073,1669,2644,-975
108000074,296,359,-63
108000075,384,1073,-689
108000076,619,451,168
108000077,698,972,-274
108000078,1588,1439,149
108000079,1009,2215,-1206
108000080,608,511,97
108000081,594,3129,-2535
108000082,1074,2192,-1118
108000083,1406,739,667
108000084,431,1560,-1129
108000085,351,290,61
108000086,973,1114,-141
108000087,157,1209,-1052
108000088,125,12,113
108000089,240,365,-125
108000090,267,114,153
108000091,102,674,-572
108000092,80,98,-18
108000093,122,1095,-973
108000094,468,129,339
108000095,178,587,-409
108000096,172,195,-23
108000097,116,772,-656
108000098,871,1752,-881
108000099,218,93,125
108000100,32,212,-180
108000101,704,1085,-381
108000102,1277,2109,-832
108000106,1052,1,1051
108000107,0,842,-842
108000108,623,50,573
108000109,14,995,-981
108000110,121,275,-154
108000111,150,918,-768
108000112,40,103,-63
108000113,603,338,265
108000115,528,416,112
108000117,837,376,461
108000118,105,163,-58
108000119,735,452,283
108000120,100,650,-550
108000121,157,576,-419
108000122,312,372,-60
108000123,452,348,104
108000124,202,826,-624
108000125,188,436,-248
108000126,75,699,-624
108000127,316,436,-120
108000128,444,927,-483
108000129,219,1715,-1496
108000130,206,317,-111
108000131,686,294,392
108000132,2295,1833,462
108000133,549,534,15
108000134,687,847,-160
108000135,767,377,390
108000136,938,1365,-427
108000137,265,451,-186
108000138,209,1366,-1157
108000139,218,458,-240
108000140,35,25,10
108000141,18,222,-204
108000142,37,173,-136
108000143,29,56,-27
108000144,18,21,-3
108000145,42,27,15
108000146,38,10,28
108000147,61,60,1
108000148,26,12,14
108000149,25,34,-9
108000150,17,5,12
108000151,38,8,30
108000152,91,753,-662
108000153,229,89,140
108000154,46,28,18
108000155,16,13,3
108000156,558,126,432
108000157,129,516,-387
108000158,68,593,-525
108000159,724,158,566
108000160,5621,865,4756
108000161,5513,1455,4058
108000165,2,93,-91
108000172,0,212,-212
108000173,3378,1539,1839
108000175,132,96,36
108000178,419,473,-54
108000179,212,526,-314
108000181,31,17,14
108000182,147,14,133
108000183,59,29,30
108000184,1276,1577,-301
108000185,120,910,-790
108000186,74,63,11
108000187,100,983,-883
108000188,298,318,-20
108000189,652,810,-158
108000190,30,142,-112
108000192,111,809,-698
108000193,957,53,904
108000194,33,18,15
108000195,3,1342,-1339
108000196,241,175,66
108000198,339,405,-66
108000199,0,117,-117
108000200,205,859,-654
108000202,1,203,-202
108000203,83,1183,-1100
108000204,53,25,28
108000205,445,731,-286
108000339,1779,347,1432
108000364,163,246,-83
108000365,67,378,-311
108000367,166,468,-302
108000368,11,70,-59
108000369,1651,171,1480
108000371,1,713,-712
108000372,465,0,465
108000373,132,178,-46
108000376,44,20,24
108000377,307,406,-99
108000378,8826,8113,713
108000379,30,187,-157
108000381,26,17,9
108000382,55,0,55
108000383,0,103,-103
108900001,218,1432,-1214
108900002,180,58,122
108900003,392,1159,-767
108900004,147,194,-47
108900005,30,188,-158
108900006,514,187,327
108900007,142,218,-76
108900008,44,149,-105
108900009,39,129,-90
108900010,113,195,-82
108900011,214,429,-215
108900012,236,559,-323
108900013,111,314,-203
108900014,6,83,-77
108900015,0,18,-18
108900016,2,289,-287
108900017,131,217,-86
108900018,93,692,-599
108900019,46,1625,-1579
108900020,48,346,-298
108900021,84,354,-270
108900022,61,21,40
108900023,4,44,-40
108900024,6,179,-173
108900025,36,169,-133
108900026,16,108,-92
108900027,0,135,-135
108900028,42,584,-542
108900029,59,237,-178
108900030,1,68,-67
108900031,57,700,-643
108900032,11,295,-284
108900033,0,169,-169
108900034,0,319,-319
108900035,257,2085,-1828
108900036,305,389,-84
108900037,38,535,-497
108900038,1,422,-421
108900039,1,744,-743
108900040,4,137,-133
108900041,6361,2367,3994
108900042,2,331,-329
108900043,60,602,-542
108900044,1,716,-715
108900045,22,880,-858
108900046,49,1315,-1266
108900047,1,67,-66
108900048,75,1448,-1373
108900049,6708,808,5900
108900050,0,382,-382
108900051,3,324,-321
108900052,19,370,-351
108900053,127,153,-26
108900054,35,267,-232
108900055,90,547,-457
108900056,2,214,-212
108900057,1,319,-318
108900058,13,590,-577
108900059,225,24,201
108900060,48,131,-83
108900061,52,28,24
108900062,6,390,-384
108900063,10,612,-602
108900064,76,76,0
108900065,15,453,-438
108900066,162,108,54
108900067,85,243,-158
108900068,1,144,-143
108900069,23,119,-96
108900070,29,219,-190
108900071,47,93,-46
108900072,2879,394,2485
108900073,1,118,-117
108900074,85,566,-481
108900075,72,64,8
108900076,183,109,74
108900077,140,148,-8
108900078,27,297,-270
108900079,1086,261,825
108900080,21,513,-492
108900081,81,282,-201
108900082,26,108,-82
108900083,13,211,-198
108900084,370,161,209
108900085,2389,168,2221
108900086,32,402,-370
108900087,148,286,-138
108900088,765,369,396
108900089,20,112,-92
108900090,27,592,-565
108900091,142,166,-24
108900092,297,278,19
108900093,104,62,42
108900094,232,99,133
108900095,59,816,-757
108900096,568,50,518
108900097,238,261,-23
108900098,3846,458,3388
108900099,325,411,-86
108900100,79,173,-94
108900101,143,77,66
108900102,143,606,-463
108900103,40,47,-7
108900104,253,405,-152
108900105,5,703,-698
108900106,187,657,-470
108900108,206,56,150
108900109,6,21,-15
108900110,129,738,-609
108900111,284,970,-686
108900112,98,19,79
108900113,34,22,12
108900114,1,3,-2
108900115,50,53,-3
108900116,34,22,12
108900117,60,13,47
108900118,327,5,322
108900119,138,45,93
108900120,107,132,-25
108900121,297,79,218
108900122,72,55,17
108900123,64,70,-6
108900124,253,112,141
108900125,191,5,186
108900126,47,12,35
108900127,96,48,48
108900128,81,24,57
108900129,482,108,374
108900130,112,0,112
108900131,214,3,211
108900132,274,45,229
108900133,116,54,62
108900134,141,291,-150
108900135,92,3,89
108900136,6,0,6
108900137,79,0,79
108900138,254,20,234
108900139,330,148,182
108900140,125,293,-168
108900141,134,20,114
108900142,86,3,83
108900143,17,0,17
108900144,34,0,34
108900145,69,6,63
108900146,45,0,45
108900147,83,0,83
108900148,86,32,54
108900149,570,359,211
108900150,178,6,172
108900151,78,3,75
108900152,53,45,8
108900153,80,696,-616
108900154,3593,601,2992
108900155,183,69,114
108900156,56,11,45
108900157,7,835,-828
108900158,194,34,160
108900159,2,456,-454
108900160,9,339,-330
108900161,1,682,-681
108900162,38,1,37
108900163,3,181,-178
108900164,38,84,-46
108900165,218,80,138
108900167,2323,2798,-475
108900168,11396,2321,9075
108900169,24,177,-153
108900171,10914,1967,8947
108900172,119,46,73
108900173,267,491,-224
108900174,363,534,-171
108900176,181,621,-440
108900177,9534,3000,6534
108900178,6215,2136,4079
108900179,434,930,-496
108900180,79,188,-109
108900182,17,174,-157
108900183,195,296,-101
108900184,368,251,117
108900185,60,379,-319
108900186,105,401,-296
108900187,191,60,131
108900188,344,59,285
108900189,206,188,18
108900190,53,4454,-4401
108900191,167,48,119
108900192,59,326,-267
108900193,482,52,430
108900194,50,537,-487
108900195,67,471,-404
108900196,13,847,-834
108900198,3,780,-777
108900199,179,420,-241
108900200,273,370,-97
108900201,322,1397,-1075
108900203,357,27,330
108900204,280,4,276
108900205,120,11,109
108900206,284,30,254
108900207,159,51,108
108900208,15,435,-420
108900209,262,813,-551
108900210,149,235,-86
108900211,114,355,-241
108900212,891,880,11
108900215,135,627,-492
108900216,420,124,296
108900217,74,1,73
108900218,193,6,187
108900219,73,2,71
108900220,45,22,23
108900221,56,103,-47
108900222,128,38,90
108900223,14,55,-41
108900224,35,125,-90
108900225,1,224,-223
108900226,144,5,139
108900227,97,137,-40
108900230,435,384,51
108900231,58,307,-249
108900232,3,569,-566
108900233,310,85,225
108900234,210,113,97
108900235,164,721,-557
108900236,31,439,-408
108900237,68,274,-206
108900240,90,94,-4
108900241,38,37,1
108900245,0,726,-726
108900249,88,19,69
108900250,196,150,46
108900257,91,721,-630
108900258,29,325,-296
108900259,52,102,-50
108900260,8,159,-151
108900261,172,197,-25
108900262,316,148,168
108900263,78,265,-187
108900264,500,280,220
108900265,1534,260,1274
108900266,1533,282,1251
108900267,0,65,-65
108900268,2,3,-1
108900269,41,8,33
108900270,30,10,20
108900271,11,7,4
108900272,133,4,129
108900273,1198,417,781
108900274,21,56,-35
108900275,1,0,1
108900276,0,9,-9
109000001,3441,972,2469
109000002,3019,1500,1519
109000003,1948,551,1397
109000004,501,2936,-2435
109000005,1526,810,716
109000006,604,2587,-1983
109000007,1076,750,326
109000008,411,2029,-1618
109000009,2735,1299,1436
109000010,1412,4775,-3363
109000011,2075,1558,517
109000012,1533,4361,-2828
109000013,2634,2014,620
109000014,1641,4656,-3015
109000015,3084,4049,-965
109000016,11105,5183,5922
109000017,1688,1246,442
109000018,912,4232,-3320
109000019,1704,1131,573
109000020,1138,2519,-1381
109000023,292,36,256
109000024,10,175,-165
109000025,365,307,58
109000026,815,292,523
109000027,74,212,-138
109000028,88,129,-41
109000029,159,130,29
109000030,102,770,-668
109000031,116,114,2
109000032,78,699,-621
109000033,236,108,128
109000034,68,46,22
109000035,16,29,-13
109000036,84,365,-281
109000037,175,757,-582
109000038,602,407,195
109000039,691,534,157
109000040,6163,4197,1966
109000041,5973,1170,4803
109000042,1003,1200,-197
109000044,237,81,156
109000045,96,499,-403
109000046,262,85,177
109000047,97,456,-359
109000048,707,168,539
109000049,207,682,-475
109000050,319,274,45
109000051,305,324,-19
109000052,405,1990,-1585
109000053,122,77,45
109000054,404,864,-460
109000055,152,209,-57
109000056,260,659,-399
109000057,377,272,105
109000058,884,338,546
109000059,605,941,-336
109000060,471,194,277
109000061,1547,589,958
109000062,104,249,-145
109000063,196,216,-20
109000064,150,178,-28
109000065,91,389,-298
109000066,229,158,71
109000067,33,540,-507
109000068,976,12,964
109000069,974,35,939
109000070,14,1070,-1056
109000071,269,88,181
109000072,62,300,-238
109000073,47,124,-77
109000074,32,223,-191
109000075,83,507,-424
109000076,72,149,-77
109000077,377,352,25
109000078,49,102,-53
109000079,123,277,-154
109000080,70,145,-75
109000081,90,692,-602
109000082,328,318,10
109000083,189,1036,-847
109000088,153,561,-408
109000089,307,31,276
109000090,124,577,-453
109000091,218,123,95
109000092,380,806,-426
109000093,157,198,-41
109000094,242,2,240
109000095,66,811,-745
109000096,451,198,253
109000097,84,122,-38
109000098,43,99,-56
109000099,629,466,163
109000100,201,671,-470
109000101,879,1076,-197
109000102,271,1066,-795
109000103,308,712,-404
109000104,919,704,215
109000105,324,1810,-1486
109000106,1262,737,525
109000107,550,2586,-2036
109000108,1160,556,604
109000109,503,2325,-1822
109000110,1078,457,621
109000111,1030,2876,-1846
109000112,303,176,127
109000113,205,227,-22
109000114,165,393,-228
109000115,1101,36,1065
109000116,0,228,-228
109000117,104,107,-3
109000118,20,340,-320
109000119,675,474,201
109000120,137,1452,-1315
109000121,206,58,148
109000122,77,1400,-1323
109000123,16,117,-101
109000124,357,425,-68
109000125,489,389,100
109000126,268,1218,-950
109000127,496,167,329
109000128,384,2850,-2466
109000129,1289,567,722
109000130,570,3407,-2837
109000131,622,357,265
109000132,651,2219,-1568
109000133,313,1194,-881
109000134,679,1715,-1036
109000135,1011,1686,-675
109000136,249,498,-249
109000137,160,400,-240
109000138,349,605,-256
109000139,280,545,-265
109000140,134,560,-426
109000141,228,520,-292
109000142,102,643,-541
109000143,112,77,35
109000145,67,175,-108
109000146,46,83,-37
109000148,5084,1285,3799
109000149,16,36,-20
109000150,52,192,-140
109000155,447,604,-157
109000156,1361,1083,278
109000158,107,299,-192
109000159,151,830,-679
109000160,559,348,211
109000161,234,1663,-1429
109000162,1439,1128,311
109000163,786,2193,-1407
109000164,821,3204,-2383
109000165,968,783,185
109000166,456,184,272
109000167,119,1098,-979
109000170,58,62,-4
109000171,51,44,7
109000172,49,50,-1
109000173,11,56,-45
109000174,35,67,-32
109000175,40,129,-89
109000176,140,309,-169
109000177,14,150,-136
109000178,303,94,209
109000179,8369,2836,5533
109000180,5733,2811,2922
109000181,6,42,-36
109000182,21,46,-25
109000183,23,46,-23
109000184,17,13,4
109000185,14,90,-76
109000188,385,3436,-3051
109000189,1525,1142,383
109000190,472,588,-116
109000191,134,689,-555
109000192,232,351,-119
109000193,109,501,-392
109000194,111,164,-53
109000195,72,571,-499
109000196,167,141,26
109000197,155,642,-487
109000198,189,75,114
109000199,100,599,-499
109000206,226,23,203
109000207,99,29,70
109000208,91,77,14
109000209,193,102,91
109000210,171,560,-389
109000211,126,263,-137
109000214,192,682,-490
109000215,59,80,-21
109000216,165,163,2
109000217,218,92,126
109000218,235,148,87
109000221,357,1366,-1009
109000222,670,139,531
109000223,215,346,-131
109000224,34,372,-338
109000225,64,55,9
109000226,40,327,-287
109000227,814,1712,-898
109000228,2,407,-405
109000231,5,587,-582
109000232,249,554,-305
109000236,255,906,-651
109000241,1476,2297,-821
109000242,1244,1734,-490
109000293,14,51,-37
109000361,63,269,-206
109000364,213,770,-557
109000396,5,1093,-1088
109000397,288,12,276
109000399,106,639,-533
109000400,39,276,-237
109000403,105,453,-348
109000406,241,6,235
109000407,253,280,-27
109000408,4,882,-878
109000410,514,184,330
109000411,69,22,47
109900001,61,7,54
109900002,425,17,408
109900003,120,0,120
109900004,666,240,426
109900005,14,1,13
109900006,269,263,6
109900007,415,990,-575
109900008,0,36,-36
109900009,106,1014,-908
109900010,305,29,276
109900011,29,37,-8
109900012,197,165,32
109900013,261,132,129
109900014,193,44,149
109900015,394,147,247
109900016,89,51,38
109900017,77,138,-61
109900018,150,182,-32
109900019,137,87,50
109900020,11,23,-12
109900021,16,10,6
109900022,59,420,-361
109900023,9,2,7
109900024,6,0,6
109900025,13,89,-76
109900026,1,206,-205
109900027,31,14,17
109900028,2835,424,2411
109900029,5,684,-679
109900030,11,3,8
109900031,12,165,-153
109900032,15,253,-238
109900033,3,656,-653
109900034,14,6,8
109900035,5,4,1
109900036,24,126,-102
109900037,16,682,-666
109900038,47,308,-261
109900039,5,1,4
109900040,26,834,-808
109900041,55,637,-582
109900042,25,591,-566
109900044,79,354,-275
109900045,104,63,41
109900046,2,71,-69
109900047,384,382,2
109900048,1,89,-88
109900049,3,29,-26
109900050,0,362,-362
109900051,0,59,-59
109900052,27,297,-270
109900053,4,587,-583
109900054,390,155,235
109900055,34,366,-332
109900056,27,178,-151
109900057,10,228,-218
109900058,0,137,-137
109900059,351,83,268
109900060,334,193,141
109900061,105,298,-193
109900062,2,388,-386
109900063,3,362,-359
109900064,301,280,21
109900065,123,118,5
109900066,260,1151,-891
109900067,0,534,-534
109900068,35,8,27
109900069,1,67,-66
109900070,29,308,-279
109900071,2,44,-42
109900072,17,161,-144
109900073,254,972,-718
109900074,8,83,-75
109900075,16,33,-17
109900076,15,382,-367
109900077,21,63,-42
109900078,108,412,-304
109900080,122,350,-228
109900081,10,120,-110
109900082,57,599,-542
109900083,11,71,-60
109900084,46,179,-133
109900085,175,1230,-1055
109900086,114,213,-99
109900087,347,392,-45
109900089,388,122,266
109900090,495,1551,-1056
109900091,136,122,14
109900092,779,13,766
109900093,414,94,320
109900094,32,114,-82
109900095,110,252,-142
109900096,13,2,11
109900097,59,1,58
109900098,219,36,183
109900099,106,1,105
109900100,36,0,36
109900101,276,6,270
109900102,319,20,299
109900103,11,46,-35
109900104,274,1567,-1293
109900105,278,28,250
109900106,263,80,183
109900107,357,77,280
109900108,68,655,-587
109900109,13,177,-164
109900110,68,623,-555
109900111,324,1521,-1197
109900112,398,1137,-739
109900113,475,316,159
109900114,873,566,307
109900115,88,92,-4
109900117,496,115,381
109900118,290,474,-184
109900119,510,298,212
109900120,31,18,13
109900121,258,261,-3
109900122,267,2,265
109900123,8,208,-200
109900124,50,985,-935
109900125,2,307,-305
109900126,147,171,-24
109900128,134,64,70
109900130,13469,1692,11777
109900131,72,169,-97
109900132,27,185,-158
109900133,56,456,-400
109900134,70,40,30
109900135,467,62,405
109900136,29,145,-116
109900137,83,477,-394
109900138,367,442,-75
109900140,94,352,-258
109900141,127,150,-23
109900142,600,296,304
109900145,5,181,-176
109900146,339,37,302
109900148,37,107,-70
109900149,51,74,-23
109900150,3,99,-96
109900151,2,45,-43
109900152,0,17,-17
109900153,0,52,-52
109900154,12,0,12
109900155,56,13,43
109900157,48,434,-386
109900158,50,121,-71
109900159,87,16,71
109900160,80,46,34
109900161,142,85,57
109900162,158,88,70
109900163,831,363,468
109900164,33,245,-212
109900165,195,3,192
109900166,1,209,-208
109900167,99,763,-664
109900168,126,656,-530
109900169,75,163,-88
109900170,261,537,-276
109900171,107,80,27
109900172,111,202,-91
109900173,5001,1444,3557
109900174,28,220,-192
109900175,31,49,-18
109900176,79,198,-119
109900177,40,348,-308
109900178,8,146,-138
109900179,26,35,-9
109900180,5,18,-13
110000001,673,653,20
110000002,593,542,51
110000003,1007,773,234
110000004,548,533,15
110000005,618,1302,-684
110000006,602,321,281
110000007,132,228,-96
110000008,13,71,-58
110000009,25,68,-43
110000010,37,82,-45
110000011,15,123,-108
110000012,694,614,80
110000013,33,330,-297
110000014,645,429,216
110000015,270,470,-200
110000016,273,963,-690
110000017,4288,295,3993
110000018,4177,541,3636
110000019,6,170,-164
110000020,587,228,359
110000021,759,485,274
110000022,852,241,611
110000023,9,185,-176
110000024,521,448,73
110000025,191,6,185
110000026,4,843,-839
110000027,729,385,344
110000028,600,694,-94
110000029,471,1098,-627
110000030,167,338,-171
110000031,180,818,-638
110000032,529,385,144
110000033,205,107,98
110000034,165,926,-761
110000035,455,1023,-568
110000036,567,895,-328
110000037,89,844,-755
110000038,176,645,-469
110000039,583,1819,-1236
110000040,295,560,-265
110000041,233,816,-583
110000042,81,396,-315
110000043,418,137,281
110000044,192,164,28
110000045,1038,71,967
110000046,3,11,-8
110000047,34,8,26
110000048,15,11,4
110000049,38,6,32
110000050,9,20,-11
110000051,23,7,16
110000052,45,40,5
110000053,71,3,68
110000054,180,274,-94
110000055,332,40,292
110000056,195,61,134
110000057,246,951,-705
110000058,652,716,-64
110000059,595,536,59
110000060,435,926,-491
110000061,996,981,15
110000062,787,920,-133
110000063,26,65,-39
110000064,58,155,-97
110000065,64,123,-59
110000066,56,67,-11
110000067,53,367,-314
110000068,115,680,-565
110000069,133,133,0
110000071,68,140,-72
110000073,3,18,-15
110000075,1,121,-120
110000076,274,286,-12
110000077,513,1048,-535
110000078,19,58,-39
110000080,240,746,-506
110000081,14,277,-263
110000082,19,335,-316
110000083,233,585,-352
110000084,607,593,14
110000085,2868,1573,1295
110000086,1391,1229,162
110000087,4,68,-64
110000088,31,215,-184
110000089,211,162,49
110000090,103,281,-178
110000091,1997,310,1687
110000092,28,115,-87
110000093,36,9,27
110000094,493,290,203
110000095,119,585,-466
110000096,4461,1666,2795
110000097,998,1045,-47
110000098,1524,561,963
110000099,756,1647,-891
110000100,378,880,-502
110000101,14,653,-639
110000102,50,45,5
110000104,148,110,38
110000105,40,303,-263
110000106,442,269,173
110000107,355,408,-53
110000108,202,58,144
110000109,279,288,-9
110000110,5362,3390,1972
110000111,9278,1915,7363
110000112,1604,482,1122
110000113,844,1114,-270
110000114,126,380,-254
110000115,200,297,-97
110000116,28,28,0
110000117,122,684,-562
110000118,245,224,21
110000119,156,494,-338
110000120,220,226,-6
110000121,75,313,-238
110000122,255,585,-330
110000123,321,510,-189
110000124,3,975,-972
110000125,780,5,775
110000126,335,27,308
110000127,628,48,580
110000128,36,1825,-1789
110000129,6,725,-719
110000130,124,162,-38
110000131,126,371,-245
110000132,0,937,-937
110000133,50,355,-305
110000134,26,386,-360
110000135,154,37,117
110000136,38,353,-315
110000137,280,838,-558
110000138,417,964,-547
110000139,543,1851,-1308
110000140,757,399,358
110000143,758,432,326
110000144,5155,1178,3977
110000145,1208,748,460
110000146,1991,912,1079
110000147,240,782,-542
110000148,254,444,-190
110000151,708,463,245
110000152,590,225,365
110000153,47,55,-8
110000154,80,21,59
110000155,2831,2433,398
110000156,685,1356,-671
110000157,1299,1785,-486
110000160,282,453,-171
110000161,117,481,-364
110000166,272,158,114
110000167,522,452,70
110000168,739,266,473
110000169,600,316,284
110000170,109,87,22
110000171,495,140,355
110000172,128,939,-811
110000173,1140,1347,-207
110000174,82,1631,-1549
110000175,344,91,253
110000176,78,243,-165
110000177,135,767,-632
110000178,507,968,-461
110000179,1727,421,1306
110000180,106,368,-262
110000181,214,509,-295
110000182,545,322,223
110000183,14020,5152,8868
110000184,762,1919,-1157
110000185,1415,832,583
110000186,749,705,44
110000191,355,500,-145
110000192,264,5,259
110000193,358,1,357
110000194,11,1558,-1547
110000195,253,559,-306
110000196,250,612,-362
110000197,38,288,-250
110000198,62,87,-25
110000199,54,136,-82
110000200,1484,619,865
110000201,723,597,126
110000202,1103,478,625
110000203,701,995,-294
110000204,4,449,-445
110000205,93,81,12
110000206,698,2200,-1502
110000207,506,334,172
110000208,278,111,167
110000209,142,1056,-914
110000210,499,764,-265
110000211,810,852,-42
110000212,328,1035,-707
110000213,57,57,0
110000214,97,122,-25
110000215,84,729,-645
110000216,47,721,-674
110000217,195,252,-57
110000218,122,605,-483
110000219,208,73,135
110000220,21,599,-578
110000221,170,121,49
110000222,26,430,-404
110000223,2,123,-121
110000224,81,15,66
110000225,215,677,-462
110000226,133,46,87
110000227,714,426,288
110000228,368,427,-59
110000229,3,332,-329
110000230,658,537,121
110000231,133,230,-97
110000232,165,270,-105
110000233,165,303,-138
110000234,721,450,271
110000235,915,1024,-109
110000236,364,1093,-729
110000237,1697,1194,503
110000238,911,1431,-520
110000239,1116,1568,-452
110000240,3,109,-106
110000242,0,12,-12
110000243,80,238,-158
110000244,135,449,-314
110000245,28,471,-443
110000246,497,716,-219
110000247,1665,4505,-2840
110000248,2768,1452,1316
110000249,91,11,80
110000250,17,271,-254
110000251,143,512,-369
110000252,226,363,-137
110000253,895,513,382
110000254,638,1579,-941
110000255,210,1389,-1179
110000256,313,254,59
110000257,720,465,255
110000258,4,593,-589
110000259,64,21,43
110000260,13,503,-490
110000263,679,100,579
110000264,206,825,-619
110000265,979,1480,-501
110000266,2189,2314,-125
110000267,13,249,-236
110000268,262,724,-462
110000269,1,101,-100
110000270,40,4,36
110000271,2155,282,1873
110000272,767,962,-195
110000273,2942,1674,1268
110000274,272,888,-616
110000275,3603,604,2999
110000276,137,282,-145
110000277,221,452,-231
110000278,187,907,-720
110000279,565,732,-167
110000280,207,447,-240
110000281,40,199,-159
110000282,227,60,167
110000283,61,106,-45
110000284,46,46,0
110000285,0,333,-333
110000286,30,0,30
110000287,53,4,49
110000288,3,101,-98
110000289,465,1418,-953
110000290,1374,633,741
110000291,6680,1562,5118
110000292,1243,3363,-2120
110000293,426,1164,-738
110000294,545,792,-247
110000295,99,1083,-984
110000296,208,386,-178
110000297,2547,278,2269
110000298,235,468,-233
110000299,586,33,553
110000301,263,14,249
110000302,175,1474,-1299
110000303,245,5,240
110000304,71,288,-217
110000305,538,23,515
110000306,129,2247,-2118
110000307,996,5,991
110000308,392,13,379
110000309,12,1608,-1596
110000310,463,48,415
110000311,20,1029,-1009
110000312,414,58,356
110000313,3215,2221,994
110000314,3,253,-250
110000315,3811,2130,1681
110000316,599,1205,-606
110000317,596,356,240
110000318,2,103,-101
110000319,5,23,-18
110000320,41,39,2
110000321,15,59,-44
110000322,153,634,-481
110000323,265,250,15
110000324,4885,1389,3496
110000325,2670,2069,601
110000327,489,280,209
110000328,208,539,-331
110000333,601,477,124
110000334,660,1592,-932
110000335,933,601,332
110000336,439,1472,-1033
110000337,971,641,330
110000338,208,292,-84
110000339,105,298,-193
110000340,36,229,-193
110000341,286,685,-399
110000342,507,13,494
110000343,0,15,-15
110000344,148,225,-77
110000345,167,110,57
110000346,2596,1373,1223
110000347,941,755,186
110000348,7,15,-8
110000349,5,25,-20
110000350,41,5,36
110000351,537,937,-400
110000352,453,1666,-1213
110000353,3394,793,2601
110000354,872,2179,-1307
110000355,100,68,32
110000356,554,3,551
110000357,268,6,262
110000361,15,67,-52
110000362,61,245,-184
110000363,192,134,58
110000364,161,352,-191
110000365,144,1,143
110000366,0,102,-102
110000367,326,386,-60
110000368,1,71,-70
110000369,20,0,20
110000373,5,384,-379
110000374,41,7,34
110000375,286,907,-621
110000376,43,102,-59
110000377,49,422,-373
110000378,44,316,-272
110000379,4328,1462,2866
110000380,71,16,55
110000383,1,963,-962
110000384,2389,909,1480
110000385,1,297,-296
110000387,35,7,28
110000388,47,226,-179
110000389,430,5,425
110000391,246,518,-272
110000396,52,161,-109
110000397,67,261,-194
110000398,4,58,-54
110000399,124,5,119
110000587,55,53,2
110000589,147,224,-77
110000640,148,113,35
110000652,22,145,-123
110000653,132,560,-428
110000654,7,35,-28
110000656,4,880,-876
110000674,20,15,5
110000675,41,17,24
110000676,29,60,-31
110000679,565,565,0
110000682,93,152,-59
110000683,449,567,-118
110000684,3,84,-81
110000685,10,12,-2
110000686,0,33,-33
110000687,14,1,13
110000688,38,584,-546
110000689,16,76,-60
110000692,117,340,-223
110000693,142,291,-149
110000694,0,130,-130
110000695,185,686,-501
110000696,114,178,-64
110900001,195,22,173
110900002,150,217,-67
110900003,344,1141,-797
110900004,209,220,-11
110900005,4989,1286,3703
110900006,58,8,50
110900007,49,17,32
110900008,16,43,-27
110900009,325,40,285
110900010,5,124,-119
110900011,13,104,-91
110900012,4,165,-161
110900013,618,167,451
110900014,117,9,108
110900015,998,522,476
110900016,21,220,-199
110900017,276,42,234
110900018,461,58,403
110900019,45,33,12
110900020,53,548,-495
110900021,58,769,-711
110900022,66,472,-406
110900023,93,711,-618
110900024,19,623,-604
110900025,2,41,-39
110900027,43,359,-316
110900028,36,269,-233
110900029,29,550,-521
110900030,19,524,-505
110900031,0,177,-177
110900032,2,119,-117
110900033,28,325,-297
110900035,35,477,-442
110900036,77,38,39
110900037,36,29,7
110900038,1848,258,1590
110900039,12,285,-273
110900040,148,49,99
110900041,12,204,-192
110900042,61,50,11
110900043,10,186,-176
110900044,326,11,315
110900045,58,732,-674
110900046,126,378,-252
110900047,865,160,705
110900049,34,54,-20
110900050,5,1,4
110900051,36,191,-155
110900052,2,232,-230
110900053,83,59,24
110900054,22,396,-374
110900055,17,2,15
110900056,78,140,-62
110900057,2,227,-225
110900058,108,305,-197
110900059,664,966,-302
110900060,302,126,176
110900061,23,47,-24
110900062,90,440,-350
110900063,59,132,-73
110900064,3,0,3
110900065,323,145,178
110900066,10,98,-88
110900067,649,583,66
110900068,178,319,-141
110900069,2,43,-41
110900070,100,41,59
110900071,321,457,-136
110900073,1,20,-19
110900074,176,60,116
110900075,215,95,120
110900077,399,485,-86
110900078,14,122,-108
110900079,2172,587,1585
110900080,63,64,-1
110900081,3,106,-103
110900082,55,288,-233
110900083,97,24,73
110900084,12,227,-215
110900085,46,516,-470
110900086,46,213,-167
110900087,199,67,132
110900088,6,0,6
110900090,29,38,-9
110900091,2,81,-79
110900093,310,68,242
110900095,24,53,-29
110900097,9,18,-9
110900098,37,128,-91
110900099,67,774,-707
110900100,0,30,-30
110900102,19,23,-4
110900105,823,558,265
110900108,7,142,-135
110900111,401,135,266
110900112,479,12,467
110900113,615,50,565
110900115,3,122,-119
110900116,405,2980,-2575
110900118,176,1514,-1338
110900119,6543,277,6266
110900120,9,117,-108
110900121,62,0,62
110900122,230,176,54
110900125,218,250,-32
110900127,378,663,-285
110900128,223,169,54
110900129,430,393,37
110900130,1237,283,954
110900131,95,65,30
110900132,184,70,114
110900133,66,392,-326
110900135,96,606,-510
110900136,225,12,213
110900137,69,1,68
110900138,1077,322,755
110900139,23,37,-14
110900140,53,3,50
110900141,3,65,-62
110900142,35,309,-274
110900143,83,68,15
110900144,2,909,-907
110900145,79,16,63
110900146,487,64,423
110900147,237,273,-36
110900148,8,501,-493
110900149,0,67,-67
110900150,29,20,9
110900151,1,73,-72
110900152,29,445,-416
110900153,77,44,33
111000001,202,166,36
111000002,325,525,-200
111000003,656,535,121
111000004,450,1106,-656
111000005,936,823,113
111000006,855,1439,-584
111000007,4296,1882,2414
111000008,3329,3664,-335
111000009,371,1083,-712
111000010,633,283,350
111000011,417,965,-548
111000012,552,334,218
111000013,341,1228,-887
111000014,889,559,330
111000017,126,709,-583
111000018,230,442,-212
111000020,2459,2587,-128
111000021,75,125,-50
111000023,96,119,-23
111000025,7744,2449,5295
111000029,48,160,-112
111000030,23,141,-118
111000031,2405,832,1573
111000032,570,194,376
111000033,355,156,199
111000034,432,164,268
111000037,3624,1385,2239
111000038,3235,2603,632
111000039,1507,2804,-1297
111000040,1547,2882,-1335
111000041,1831,1968,-137
111000042,7179,3254,3925
111000043,1725,1753,-28
111000044,1197,757,440
111000045,1285,1671,-386
111000046,952,1099,-147
111000047,1454,2100,-646
111000049,379,631,-252
111000050,1723,1836,-113
111000051,596,1302,-706
111000052,617,1578,-961
111000053,363,1239,-876
111000054,281,1235,-954
111000055,1253,2303,-1050
111000056,112,763,-651
111000057,86,1123,-1037
111000058,165,118,47
111000059,282,332,-50
111000060,2422,689,1733
111000061,365,358,7
111000062,560,229,331
111000063,1529,720,809
111000064,480,573,-93
111000065,841,731,110
111000066,284,301,-17
111000067,366,769,-403
111000068,327,780,-453
111000069,1672,2159,-487
111000070,2252,1242,1010
111000071,170,623,-453
111000072,516,297,219
111000073,162,615,-453
111000074,1340,1299,41
111000075,678,800,-122
111000076,343,959,-616
111000077,1166,1318,-152
111000078,2045,1278,767
111000079,1400,829,571
111000080,377,686,-309
111000081,2245,4252,-2007
111000082,542,803,-261
111000084,651,645,6
111000085,758,1825,-1067
111000086,3520,1357,2163
111000087,684,1028,-344
111000088,6986,1880,5106
111000089,584,993,-409
111000090,1270,1688,-418
111000091,636,852,-216
111000092,883,1315,-432
111000093,477,839,-362
111000094,1362,879,483
111000095,997,1990,-993
111000096,3042,6665,-3623
111000097,6606,1189,5417
111000098,530,1410,-880
111000099,499,2956,-2457
111000100,351,2698,-2347
111000101,377,1032,-655
111000102,102,1006,-904
111000104,266,242,24
111000107,62,952,-890
111000109,297,274,23
111000110,893,586,307
111000111,1165,467,698
111000112,1056,376,680
111000113,492,662,-170
111000114,1115,1476,-361
111000115,8284,915,7369
111000116,837,814,23
111000117,449,798,-349
111000118,1491,983,508
111000119,715,1720,-1005
111000120,341,639,-298
111000121,206,607,-401
111000122,411,1233,-822
111000123,750,3873,-3123
111000124,408,4330,-3922
111000125,264,2452,-2188
111000126,91,1064,-973
111000127,520,200,320
111000128,967,330,637
111000129,1643,460,1183
111000130,1238,763,475
111000131,902,585,317
111000132,654,447,207
111000133,103,196,-93
111000134,79,116,-37
111000135,31,144,-113
111000136,252,259,-7
111000138,10,2,8
111000140,2,8,-6
111000141,191,405,-214
111000142,44,126,-82
111000143,2,84,-82
111000144,41,109,-68
111000145,667,6,661
111000146,31,9,22
111000147,285,18,267
111000148,237,132,105
111000149,2,39,-37
111000150,4,3,1
111000151,0,23,-23
111000153,572,670,-98
111000154,846,233,613
111000155,135,171,-36
111000156,408,385,23
111000157,160,669,-509
111000158,1006,546,460
111000159,2992,671,2321
111000160,238,433,-195
111000161,9,293,-284
111000162,4,197,-193
111000163,363,862,-499
111000164,825,2804,-1979
111000165,1378,509,869
111000166,2014,410,1604
111000167,175,558,-383
111000168,230,488,-258
111000169,308,707,-399
111000170,543,473,70
111000171,448,1088,-640
111000172,83,649,-566
111000173,156,1467,-1311
111000174,119,750,-631
111000175,34,289,-255
111000176,196,181,15
111000177,151,269,-118
111000178,644,284,360
111000179,50,208,-158
111000180,144,332,-188
111000181,550,335,215
111000182,127,237,-110
111000183,276,326,-50
111000184,305,221,84
111000185,311,511,-200
111000186,196,325,-129
111000187,71,314,-243
111000188,130,561,-431
111000189,1740,651,1089
111000190,226,622,-396
111000191,116,520,-404
111000192,237,737,-500
111000193,351,493,-142
111000194,40,482,-442
111000195,68,527,-459
111000196,33,331,-298
111000197,168,197,-29
111000198,285,138,147
111000199,127,187,-60
111000200,141,330,-189
111000201,281,248,33
111000202,150,262,-112
111000203,194,201,-7
111000204,275,438,-163
111000213,125,347,-222
111000214,1427,1660,-233
111000215,660,1440,-780
111000217,916,947,-31
111000218,783,1008,-225
111000219,394,229,165
111000220,3462,837,2625
111000221,690,224,466
111000224,5,244,-239
111000225,212,52,160
111000226,155,0,155
111000227,61,4,57
111000228,7,206,-199
111000229,45,427,-382
111000230,216,664,-448
111000231,639,1595,-956
111000232,278,1075,-797
111000233,348,776,-428
111000234,84,317,-233
111000239,176,262,-86
111000240,28,112,-84
111000241,40,463,-423
111000242,82,50,32
111000243,112,926,-814
111000244,162,135,27
111000245,501,811,-310
111000246,222,768,-546
111000247,143,1390,-1247
111000248,402,484,-82
111000249,484,983,-499
111000250,34,198,-164
111000251,29,163,-134
111000253,12,12,0
111000255,14,21,-7
111000257,30,15,15
111000260,66,1618,-1552
111000261,599,99,500
111000271,50,281,-231
111000273,7430,1535,5895
111000274,1083,2067,-984
111000275,86,77,9
111000276,254,2856,-2602
111000277,157,548,-391
111000278,547,279,268
111000291,401,2897,-2496
111000298,349,270,79
111000299,436,128,308
111000300,86,759,-673
111000302,274,64,210
111000303,44,406,-362
111000312,79,71,8
111000315,0,87,-87
111000320,365,817,-452
111000321,237,67,170
111000322,170,556,-386
111000323,75,21,54
111000324,324,271,53
111000325,26,70,-44
111000326,102,442,-340
111000327,373,601,-228
111000328,241,480,-239
111000329,2,27,-25
111000330,20,13,7
111000331,9,6,3
111000332,331,1269,-938
111000334,445,1624,-1179
111000335,340,183,157
111000337,461,470,-9
111000338,21,175,-154
111000339,195,837,-642
111000340,74,1035,-961
111000341,612,387,225
111000342,100,303,-203
111000344,751,634,117
111000345,293,41,252
111000346,37,113,-76
111000347,54,4,50
111000350,202,169,33
111000351,88,288,-200
111000352,94,196,-102
111000353,129,330,-201
111000354,467,186,281
111000355,525,751,-226
111000358,95,2011,-1916
111000360,129,1200,-1071
111000361,105,516,-411
111000546,423,814,-391
111000547,229,830,-601
111000548,52,246,-194
111000549,168,515,-347
111000550,75,438,-363
111000551,779,179,600
111000552,505,51,454
111000907,203,11,192
111000908,7,0,7
111000916,722,321,401
111000917,34,413,-379
111000918,117,1263,-1146
111000920,268,12,256
111000921,8,251,-243
111000922,264,351,-87
111000924,39,1408,-1369
111000925,1348,1704,-356
111000926,893,2743,-1850
111000927,2715,3592,-877
111000928,6200,4183,2017
111000929,826,977,-151
111000930,634,2546,-1912
111000931,1615,1774,-159
111000932,4282,2709,1573
111000933,3148,1841,1307
111000934,2418,3356,-938
111000935,773,965,-192
111000936,727,2262,-1535
111000937,498,1138,-640
111000938,1517,2504,-987
111000939,172,68,104
111000940,195,242,-47
111000941,195,766,-571
111000943,190,287,-97
111000944,85,677,-592
111000945,77,2756,-2679
111001109,286,184,102
111001110,177,617,-440
111001111,23,7,16
111001112,92,18,74
111001113,7,91,-84
111001114,1171,45,1126
111001115,21,312,-291
111001116,6216,1966,4250
111001117,921,939,-18
111001120,73,440,-367
111001121,113,385,-272
111001122,207,548,-341
111001123,63,75,-12
111900001,8,205,-197
111900002,11,1045,-1034
111900003,6,491,-485
111900004,19,201,-182
111900006,6,27,-21
111900007,72,1,71
111900008,91,1,90
111900009,87,205,-118
111900010,284,580,-296
111900012,77,144,-67
111900013,1,79,-78
111900014,9114,2421,6693
111900015,1,112,-111
111900016,2,236,-234
111900017,1,237,-236
111900018,71,2,69
111900019,4,150,-146
111900020,5,82,-77
111900021,31,121,-90
111900022,12,55,-43
111900023,235,89,146
111900024,0,117,-117
111900025,0,60,-60
111900026,0,87,-87
111900027,2,170,-168
111900028,1,565,-564
111900029,1,117,-116
111900030,65,552,-487
111900031,9,57,-48
111900032,2,524,-522
111900033,4,133,-129
111900034,225,670,-445
111900035,26,266,-240
111900036,1,377,-376
111900038,355,706,-351
111900039,59,512,-453
111900040,5,856,-851
111900042,42,118,-76
111900043,10,559,-549
111900044,308,312,-4
111900046,35,267,-232
111900048,125,1136,-1011
111900049,41,367,-326
111900050,76,17,59
111900051,5,383,-378
111900052,375,594,-219
111900053,1771,644,1127
111900054,77,5,72
111900055,27,875,-848
111900056,307,129,178
111900057,60,67,-7
111900058,183,1013,-830
111900059,2629,253,2376
111900060,239,3,236
111900061,16,420,-404
111900062,6,33,-27
111900063,146,287,-141
111900064,141,338,-197
111900065,60,25,35
111900066,104,128,-24
111900067,4,490,-486
111900068,24,26,-2
111900069,34,15,19
111900070,48,148,-100
111900071,5,390,-385
111900072,16,18,-2
111900073,331,120,211
111900074,14,255,-241
111900075,35,6,29
111900076,68,30,38
111900077,18,2,16
111900078,190,7,183
111900079,40,5,35
111900080,220,169,51
111900081,917,103,814
111900082,97,13,84
111900083,61,1,60
111900084,26,2,24
111900085,31,61,-30
111900086,25,1,24
111900087,20,0,20
111900088,225,8,217
111900089,44,1,43
111900090,75,27,48
111900091,174,0,174
111900092,22,0,22
111900093,195,5,190
111900094,31,0,31
111900095,89,10,79
111900096,97,2,95
111900097,20,0,20
111900098,77,1,76
111900099,18,0,18
111900100,80,2,78
111900101,43,11,32
111900102,197,906,-709
111900103,91,37,54
111900104,69,52,17
111900105,263,124,139
111900106,2277,103,2174
111900107,89,115,-26
111900108,94,97,-3
111900109,615,226,389
111900110,3450,300,3150
111900111,31,368,-337
111900112,1104,1190,-86
111900113,277,52,225
111900114,170,126,44
111900115,26,39,-13
111900118,117,53,64
111900119,179,66,113
111900122,76,26,50
111900123,9,18,-9
111900124,47,113,-66
111900125,230,22,208
111900126,177,5,172
111900127,3,895,-892
111900128,3,698,-695
111900129,129,11,118
111900130,156,18,138
111900131,194,5,189
111900132,47,1798,-1751
111900133,6,540,-534
111900134,21,402,-381
111900135,4,16,-12
111900136,72,127,-55
111900137,49,59,-10
111900138,7,109,-102
111900139,23,181,-158
111900140,24,10,14
111900141,31,3,28
111900142,35,12,23
111900143,24,275,-251
111900144,1,271,-270
111900145,3,783,-780
111900146,2,467,-465
111900147,151,669,-518
111900148,48,1196,-1148
111900149,5,492,-487
111900150,11,241,-230
111900151,1,18,-17
111900152,110,65,45
111900153,1953,252,1701
111900154,14,151,-137
111900155,75,35,40
111900156,37,33,4
111900157,50,19,31
111900158,259,31,228
111900159,141,11,130
111900160,156,0,156
111900161,72,11,61
111900162,135,148,-13
111900163,63,233,-170
111900164,72,35,37
111901113,174,240,-66
111901114,82,519,-437
111901115,32,1,31
111901116,17,1,16
111901117,9,9,0
111901118,155,74,81
111901119,1567,89,1478
111901120,110,287,-177
111901121,232,412,-180
111901122,6,784,-778
111901123,115,593,-478
111901124,100,1,99
111901125,152,181,-29
111901126,84,34,50
111901127,1229,309,920
111901128,17,121,-104
111901129,6,239,-233
111901130,11,353,-342
111901131,6,420,-414
111901132,61,7,54
111901133,34,1,33
111901134,49,7,42
111901135,10,11,-1
111901136,25,21,4
111901137,0,23,-23
111901138,105,41,64
111901139,44,52,-8
111901140,5,180,-175
111901141,12,247,-235
111901142,8,179,-171
111901143,1,210,-209
111901144,23,32,-9
111901145,80,145,-65
112000001,1246,745,501
112000002,776,2977,-2201
112000003,648,925,-277
112000004,592,1895,-1303
112000005,1890,1855,35
112000006,1515,2409,-894
112000007,1419,1345,74
112000008,1778,3016,-1238
112000009,4104,3784,320
112000010,1921,2451,-530
112000011,1916,2516,-600
112000012,6047,2114,3933
112000013,6356,3607,2749
112000014,2903,846,2057
112000015,3754,3014,740
112000016,5222,904,4318
112000017,2299,1632,667
112000024,2210,842,1368
112000026,4860,5896,-1036
112000027,651,432,219
112000028,1616,1921,-305
112000029,355,577,-222
112000030,197,152,45
112000031,1529,2973,-1444
112000032,591,84,507
112000033,2075,946,1129
112000034,158,63,95
112000035,110,335,-225
112000036,905,736,169
112000037,1305,935,370
112000038,1047,1003,44
112000039,26,108,-82
112000040,188,371,-183
112000041,481,590,-109
112000042,1054,382,672
112000050,757,1543,-786
112000051,636,775,-139
112000054,1701,2846,-1145
112000057,603,392,211
112000058,423,576,-153
112000059,985,570,415
112000061,5504,1867,3637
112000062,2713,641,2072
112000063,2063,844,1219
112000064,4887,5870,-983
112000065,2369,2809,-440
112000066,2796,960,1836
112000067,774,681,93
112000068,1942,1191,751
112000069,722,2586,-1864
112000070,1640,647,993
112000071,660,3660,-3000
112000072,1190,924,266
112000073,1378,2020,-642
112000074,943,913,30
112000075,886,1041,-155
112000076,3195,3019,176
112000077,387,836,-449
112000078,1073,825,248
112000079,1213,1480,-267
112000080,479,1108,-629
112000081,1234,2154,-920
112000082,1084,804,280
112000083,515,1630,-1115
112000084,1070,821,249
112000085,842,1381,-539
112000086,1184,1762,-578
112000087,231,568,-337
112000088,310,803,-493
112000089,213,374,-161
112000090,172,390,-218
112000091,533,1392,-859
112000092,1245,916,329
112000093,1310,1211,99
112000094,354,854,-500
112000095,451,780,-329
112000096,288,716,-428
112000097,564,523,41
112000098,937,1822,-885
112000099,594,779,-185
112000100,1032,1027,5
112000101,410,1121,-711
112000102,625,600,25
112000103,260,1540,-1280
112000105,408,2268,-1860
112000106,745,371,374
112000107,17,198,-181
112000108,151,1793,-1642
112000109,85,45,40
112000110,1120,394,726
112000111,1664,5197,-3533
112000112,4821,605,4216
112000113,1135,2476,-1341
112000114,2743,1065,1678
112000115,231,619,-388
112000116,554,1334,-780
112000117,748,966,-218
112000118,841,1010,-169
112000119,347,1171,-824
112000120,83,447,-364
112000121,89,925,-836
112000122,157,167,-10
112000123,336,147,189
112000124,206,73,133
112000125,72,165,-93
112000126,134,840,-706
112000127,3041,1395,1646
112000128,1499,778,721
112000129,62,103,-41
112000130,93,74,19
112000131,27,500,-473
112000132,67,367,-300
112000133,217,434,-217
112000134,373,412,-39
112000135,981,654,327
112000136,1128,1380,-252
112000137,1760,1556,204
112000138,2641,1424,1217
112000139,809,222,587
112000140,897,1161,-264
112000141,411,206,205
112000142,154,1077,-923
112000143,614,201,413
112000144,256,2015,-1759
112000145,1533,703,830
112000146,666,2680,-2014
112000147,1296,1575,-279
112000148,1456,2333,-877
112000149,206,826,-620
112000150,113,833,-720
112000151,317,716,-399
112000152,233,507,-274
112000153,186,297,-111
112000154,108,197,-89
112000155,124,88,36
112000157,726,555,171
112000158,198,883,-685
112000159,330,441,-111
112000167,155,19,136
112000169,323,296,27
112000173,367,269,98
112000175,271,432,-161
112000176,5802,2069,3733
112000177,375,96,279
112000178,46,666,-620
112000179,134,177,-43
112000180,219,366,-147
112000181,1072,2382,-1310
112000182,519,2720,-2201
112000183,39,52,-13
112000184,233,840,-607
112000185,291,664,-373
112000187,3092,2540,552
112000195,113,13,100
112000196,177,2,175
112000197,132,114,18
112000198,30,408,-378
112000199,1124,1001,123
112000202,186,2,184
112000216,50,184,-134
112000230,46,3,43
112000231,2,381,-379
112000256,25,140,-115
112000313,181,213,-32
112000314,20,20,0
112000337,176,616,-440
112000352,295,191,104
112000392,1870,1482,388
112000398,787,861,-74
112000399,2814,1609,1205
112000400,1748,4575,-2827
112000401,2945,3144,-199
112000402,1351,2089,-738
112000403,2017,1743,274
112000404,357,700,-343
112000405,1243,2502,-1259
112000406,3521,3490,31
112000407,4066,6274,-2208
112000408,8843,7762,1081
112000409,1747,5607,-3860
112000410,389,150,239
112000411,5934,1188,4746
112000412,1304,462,842
112000413,11427,3019,8408
112000414,57,98,-41
112000415,96,65,31
112000416,1469,1363,106
112000417,196,74,122
112000421,24,135,-111
112000422,287,658,-371
112000424,2782,1595,1187
112000425,353,1115,-762
112000426,116,236,-120
112000427,0,9,-9
112000428,109,583,-474
112000429,1984,2866,-882
112000430,1763,3133,-1370
112000431,49,130,-81
112000432,587,2370,-1783
112000433,704,812,-108
112000437,35,391,-356
112900001,49,1,48
112900002,192,1619,-1427
112900003,18,340,-322
112900004,32,553,-521
112900005,95,242,-147
112900006,7,531,-524
112900007,3,277,-274
112900008,0,18,-18
112900009,336,88,248
112900010,164,960,-796
112900011,374,352,22
112900012,1,62,-61
112900013,0,233,-233
112900014,4,380,-376
112900015,489,1147,-658
112900016,0,389,-389
112900017,26,250,-224
112900018,1,440,-439
112900019,75,156,-81
112900020,475,1564,-1089
112900021,7,318,-311
112900022,19,107,-88
112900023,1,353,-352
112900024,23,311,-288
112900025,92,303,-211
112900026,2,357,-355
112900027,5,1540,-1535
112900028,24,171,-147
112900029,15,956,-941
112900030,281,236,45
112900031,3,672,-669
112900032,111,248,-137
112900034,1,87,-86
112900035,10,591,-581
112900036,26,160,-134
112900037,165,126,39
112900038,336,188,148
112900039,11,380,-369
112900040,3,389,-386
112900041,1375,939,436
112900042,44,572,-528
112900043,22,58,-36
112900044,575,420,155
112900045,659,390,269
112900046,559,59,500
112900047,15,7,8
112900049,58,82,-24
112900050,58,695,-637
112900051,325,927,-602
112900052,12,1381,-1369
112900053,349,113,236
112900054,256,39,217
112900055,197,33,164
112900056,298,139,159
112900057,12,898,-886
112900058,319,161,158
112900059,95,139,-44
112900060,9,340,-331
112900061,46,148,-102
112900062,84,187,-103
112900063,88,3,85
112900064,220,171,49
112900065,18,15,3
112900066,217,64,153
112900067,663,155,508
112900068,57,19,38
112900069,2814,580,2234
112900071,22,1,21
112900072,288,917,-629
112900073,226,50,176
112900074,58,122,-64
112900075,2439,576,1863
112900076,92,13,79
112900078,202,196,6
112900079,162,18,144
112900080,11,0,11
112900081,29,120,-91
112900082,170,24,146
112900083,72,40,32
112900084,106,62,44
112900085,0,5,-5
112900086,30,1,29
112900087,324,98,226
112900088,51,18,33
112900089,562,25,537
112900090,34,11,23
112900091,108,4,104
112900092,145,133,12
112900093,1040,12,1028
112900094,44,1,43
112900095,31,0,31
112900096,252,120,132
112900097,55,499,-444
112900098,185,1,184
112900099,455,7,448
112900100,29,2,27
112900101,169,0,169
112900102,119,6,113
112900103,107,0,107
112900104,10,0,10
112900105,2,0,2
112900106,278,94,184
112900107,16,0,16
112900108,52,2,50
112900109,58,1,57
112900110,468,10,458
112900111,319,0,319
112900112,189,2,187
112900113,0,29,-29
112900114,61,58,3
112900115,459,3,456
112900116,53,22,31
112900117,94,134,-40
112900118,49,66,-17
112900119,92,3,89
112900120,752,229,523
112900121,250,248,2
112900122,8,179,-171
112900123,156,13,143
112900124,6,186,-180
112900125,76,436,-360
112900126,141,313,-172
112900127,239,60,179
112900128,477,874,-397
112900129,7,1164,-1157
112900130,190,55,135
112900131,54,244,-190
112900132,66,473,-407
112900133,31,1505,-1474
112900134,1,404,-403
112900135,67,35,32
112900136,0,45,-45
112900137,4,893,-889
112900138,5,626,-621
112900139,287,1428,-1141
112900140,3,157,-154
112900141,420,27,393
112900142,155,58,97
112900143,71,747,-676
112900144,2,314,-312
112900145,47,548,-501
112900146,9,1608,-1599
112900147,5,2839,-2834
112900148,31,0,31
112900149,191,695,-504
112900151,25,43,-18
112900152,5179,1198,3981
112900153,2165,1251,914
112900154,3,114,-111
112900155,141,21,120
112900156,183,2246,-2063
112900157,89,3,86
112900158,18,19,-1
112900159,178,62,116
112900160,26,352,-326
112900161,58,24,34
112900162,58,9,49
112900163,142,29,113
112900164,35,95,-60
112900165,123,32,91
112900166,8,54,-46
112900167,9,31,-22
112900168,1,3,-2
112900169,8,6,2
112900170,50,109,-59
112900172,106,9,97
112900173,307,100,207
112900174,240,34,206
112900175,172,124,48
112900176,11,20,-9
112900177,164,25,139
112900178,640,1261,-621
112900179,47,583,-536
112900180,1072,2547,-1475
112900181,214,6,208
112900182,30,1765,-1735
112900183,177,278,-101
112900184,468,346,122
112900185,384,529,-145
112900186,2168,765,1403
112900187,75,374,-299
112900188,752,293,459
112900189,51,22,29
112900190,2,42,-40
112900192,451,399,52
112900193,1034,318,716
112900194,26,97,-71
112900195,620,27,593
112900196,202,538,-336
112900197,182,459,-277
112900199,314,711,-397
112900200,368,302,66
112900201,67,125,-58
112900202,197,1290,-1093
112900203,104,378,-274
112900204,993,410,583
112900205,0,2,-2
112900206,3,50,-47
112900207,3,0,3
112900208,62,123,-61
112900209,485,498,-13
112900210,0,8,-8
112900211,73,101,-28
112900212,1,88,-87
112900213,9,12,-3
112900214,26,4,22
112900215,12,297,-285
112900216,28,77,-49
112900217,1,92,-91
112900218,15,2,13
112900219,29,17,12
112900220,12,0,12
112900221,3,181,-178
112900222,0,18,-18
112900223,575,1,574
112900224,169,864,-695
112900225,264,649,-385
112900226,340,378,-38
112900227,206,1619,-1413
112900228,21,24,-3
112900229,75,79,-4
112900230,9331,3388,5943
112900232,216,135,81
112900233,40,248,-208
112900234,14,115,-101
112900235,50,13,37
112900236,125,12,113
112900237,74,360,-286
112900238,8,39,-31
112900239,496,207,289
113000001,4548,5613,-1065
113000002,3738,4230,-492
113000003,1911,2248,-337
113000004,1914,2461,-547
113000005,1210,1249,-39
113000006,990,1366,-376
113000007,1341,1536,-195
113000008,1460,2071,-611
113000009,771,1057,-286
113000010,1008,1785,-777
113000011,662,1906,-1244
113000012,1098,758,340
113000013,1149,528,621
113000014,2073,1897,176
113000015,901,318,583
113000016,487,540,-53
113000017,94,305,-211
113000018,227,50,177
113000019,108,268,-160
113000020,113,31,82
113000021,899,601,298
113000022,502,1411,-909
113000025,97,328,-231
113000026,204,511,-307
113000027,740,443,297
113000028,1468,487,981
113000029,911,600,311
113000030,476,701,-225
113000031,297,340,-43
113000032,345,268,77
113000033,413,430,-17
113000034,539,392,147
113000035,42,51,-9
113000036,24,65,-41
113000037,80,44,36
113000038,9,78,-69
113000039,60,521,-461
113000040,56,99,-43
113000042,860,704,156
113000051,744,2108,-1364
113000052,2233,1275,958
113000053,392,587,-195
113000054,217,902,-685
113000055,696,1042,-346
113000056,628,1457,-829
113000058,812,1171,-359
113000059,1245,758,487
113000060,165,716,-551
113000061,1061,977,84
113000062,1212,189,1023
113000063,109,220,-111
113000064,21,468,-447
113000065,148,1314,-1166
113000066,383,121,262
113000067,1181,1432,-251
113000068,470,2244,-1774
113000069,498,1669,-1171
113000070,1214,868,346
113000071,356,844,-488
113000072,500,499,1
113000073,573,1848,-1275
113000074,1027,392,635
113000075,2106,683,1423
113000076,1208,1902,-694
113000077,1559,405,1154
113000078,1120,2010,-890
113000079,934,737,197
113000080,729,524,205
113000081,893,839,54
113000082,1284,774,510
113000083,575,733,-158
113000084,1505,1258,247
113000085,1006,649,357
113000086,919,1299,-380
113000087,1042,811,231
113000088,2273,1369,904
113000089,899,1301,-402
113000090,200,380,-180
113000091,810,353,457
113000094,744,160,584
113000095,270,1292,-1022
113000096,156,1098,-942
113000097,645,364,281
113000098,101,38,63
113000099,822,237,585
113000100,193,398,-205
113000101,408,586,-178
113000102,455,240,215
113000103,2709,609,2100
113000104,303,2387,-2084
113000105,620,452,168
113000106,432,680,-248
113000107,500,913,-413
113000108,804,1563,-759
113000109,445,2947,-2502
113000110,1685,388,1297
113000111,102,593,-491
113000112,213,278,-65
113000113,2457,295,2162
113000114,403,1456,-1053
113000116,737,299,438
113000117,839,166,673
113000118,144,404,-260
113000119,193,419,-226
113000120,35,195,-160
113000121,733,968,-235
113000124,163,146,17
113000125,49,563,-514
113000127,3809,526,3283
113000128,505,538,-33
113000129,659,1520,-861
113000133,4286,1462,2824
113000134,3,771,-768
113000135,2811,2701,110
113000137,2850,1737,1113
113000139,490,182,308
113000140,146,286,-140
113000141,496,159,337
113000142,881,1127,-246
113000143,273,205,68
113000144,338,759,-421
113000145,41,200,-159
113000146,109,97,12
113000147,117,167,-50
113000148,74,189,-115
113000149,73,161,-88
113000150,491,444,47
113000151,94,74,20
113000152,64,212,-148
113000153,1989,619,1370
113000154,791,1478,-687
113000155,292,444,-152
113000156,187,457,-270
113000157,243,867,-624
113000158,744,212,532
113000159,899,533,366
113000160,654,1263,-609
113000161,285,761,-476
113000162,593,399,194
113000163,79,52,27
113000164,9,101,-92
113000166,75,61,14
113000167,27,236,-209
113000168,67,268,-201
113000169,120,65,55
113000170,56,116,-60
113000171,69,118,-49
113000172,189,79,110
113000173,32,29,3
113000174,107,548,-441
113000175,297,103,194
113000176,382,112,270
113000177,171,508,-337
113000178,219,476,-257
113000179,243,102,141
113000180,526,1545,-1019
113000181,774,1197,-423
113000182,239,353,-114
113000183,217,653,-436
113000184,13,104,-91
113000189,508,694,-186
113000190,1717,534,1183
113000192,2556,1423,1133
113000193,5600,860,4740
113000194,2238,1153,1085
113000195,2510,526,1984
113000196,137,82,55
113000197,1782,954,828
113000198,41,344,-303
113000199,1331,385,946
113000201,359,228,131
113000202,3640,2609,1031
113000203,477,240,237
113000204,1971,1392,579
113000205,21,29,-8
113000206,10,40,-30
113000207,63,18,45
113000208,29,64,-35
113000209,14,37,-23
113000210,8,19,-11
113000211,256,132,124
113000212,196,9,187
113000213,24,145,-121
113000214,97,222,-125
113000234,154,1453,-1299
113000410,260,188,72
113000411,3109,4463,-1354
113000412,10866,2117,8749
113000413,4336,2612,1724
113000414,11235,11989,-754
113000415,2820,2932,-112
113000416,11906,3810,8096
113000417,3757,3276,481
113000418,3940,2717,1223
113000419,2026,2160,-134
113000420,4273,4079,194
113000421,4183,5053,-870
113000422,17345,9015,8330
113000423,2539,4125,-1586
113000424,4439,7262,-2823
113000425,10,71,-61
113000428,604,70,534
113000430,94,187,-93
113000432,1317,116,1201
113000433,112,1234,-1122
113000434,10,339,-329
113000435,16,997,-981
113000436,52,1765,-1713
113000437,390,23,367
113000438,151,28,123
113000439,16,157,-141
113000440,71,15,56
113000441,85,179,-94
113000442,114,307,-193
113000443,47,304,-257
113000444,77,360,-283
113000445,39,113,-74
113000446,8,75,-67
113000448,156,219,-63
113000449,246,588,-342
113000450,722,2596,-1874
113000451,1334,192,1142
113000452,472,412,60
113000453,54,251,-197
113000454,1296,21,1275
113000455,2,121,-119
113000456,4125,2137,1988
113000468,2848,305,2543
113000469,350,126,224
113000470,437,54,383
113000471,14,388,-374
113000472,93,292,-199
113000474,313,759,-446
113000475,1483,2048,-565
113000476,794,1914,-1120
113000477,1968,2199,-231
113000478,3863,6725,-2862
113000479,55,272,-217
113000480,120,87,33
113000481,0,0,0
113000482,0,0,0
113000483,0,0,0
113000484,0,0,0
113000485,1,0,1
113000486,7,0,7
113000487,0,0,0
113000488,1,0,1
113000489,1,1,0
113000490,0,6,-6
113000491,5,23,-18
113000492,14,1,13
113000493,4,0,4
113000495,126,176,-50
113000496,40,67,-27
113000500,0,5,-5
113900001,4,172,-168
113900002,0,179,-179
113900003,0,134,-134
113900004,1,46,-45
113900005,0,40,-40
113900006,2,48,-46
113900007,126,26,100
113900008,94,1,93
113900009,254,2,252
113900010,185,1,184
113900011,23,0,23
113900012,13,2,11
113900013,854,6,848
113900014,853,1,852
113900015,1,52,-51
113900016,27,0,27
113900017,1,55,-54
113900018,521,91,430
113900019,65,56,9
113900020,84,2,82
113900022,7,0,7
113900023,10,2,8
113900024,24,90,-66
113900025,375,28,347
113900026,39,0,39
113900027,8,77,-69
113900028,12,478,-466
113900029,58,352,-294
113900030,96,0,96
113900031,1,0,1
113900032,11,0,11
113900033,40,87,-47
113900035,70,2,68
113900036,20,128,-108
113900037,83,603,-520
113900038,57,114,-57
113900039,101,5,96
113900040,0,4,-4
113900041,7,5,2
113900042,42,48,-6
113900043,152,140,12
113900044,209,79,130
113900045,49,2,47
113900046,193,718,-525
113900047,41,195,-154
113900048,317,47,270
113900049,785,207,578
113900050,163,364,-201
113900051,182,522,-340
113900052,207,165,42
113900053,547,248,299
113900054,6,11,-5
113900055,81,597,-516
113900056,80,166,-86
113900057,24,347,-323
113900058,51,227,-176
113900059,141,382,-241
113900060,120,271,-151
113900061,1200,126,1074
113900062,73,21,52
113900063,64,127,-63
113900064,25,144,-119
113900065,617,27,590
113900066,239,462,-223
113900067,70,383,-313
113900068,345,364,-19
113900069,73,15,58
113900070,207,494,-287
113900071,30,73,-43
113900072,53,209,-156
113900073,114,475,-361
113900074,39,497,-458
113900075,960,1001,-41
113900076,157,15,142
113900077,29,234,-205
113900078,24,61,-37
113900079,12,55,-43
113900080,394,186,208
113900081,47,297,-250
113900082,61,257,-196
113900083,145,793,-648
113900084,207,118,89
113900085,32,345,-313
113900086,19,13,6
113900087,48,233,-185
113900088,28,53,-25
113900089,363,42,321
113900090,423,328,95
113900091,13,29,-16
113900092,35,87,-52
113900093,60,523,-463
113900094,302,615,-313
113900095,99,88,11
113900096,164,59,105
113900097,8,133,-125
113900098,435,90,345
113900099,0,82,-82
113900100,0,3,-3
113900101,24,45,-21
113900102,115,88,27
113900103,210,247,-37
113900104,67,149,-82
113900105,39,420,-381
113900106,0,124,-124
113900107,4,34,-30
113900108,190,195,-5
113900109,290,114,176
113900110,31,15,16
113900111,66,114,-48
113900112,78,120,-42
113900113,614,450,164
113900114,0,128,-128
113900115,4,147,-143
113900116,75,132,-57
113900117,84,10,74
113900118,154,297,-143
113900119,260,352,-92
113900120,44,27,17
113900121,40,102,-62
113900122,321,1370,-1049
113900123,360,129,231
113900124,0,93,-93
113900125,1406,196,1210
113900126,156,47,109
113900127,188,456,-268
113900128,78,83,-5
113900129,17,142,-125
113900130,2,18,-16
113900131,159,78,81
113900132,26,38,-12
113900133,40,43,-3
113900135,200,532,-332
113900136,114,116,-2
113900137,274,195,79
113900138,61,164,-103
113900139,470,122,348
113900140,528,288,240
113900141,262,590,-328
113900142,69,81,-12
113900143,22,35,-13
113900144,414,151,263
113900145,203,189,14
113900146,64,66,-2
113900148,148,238,-90
113900149,127,39,88
113900150,1103,673,430
113900151,245,233,12
113900152,35,49,-14
113900153,464,527,-63
113900154,3,96,-93
113900155,248,101,147
113900156,210,627,-417
113900157,20,234,-214
113900158,550,256,294
113900159,13,255,-242
113900160,456,739,-283
113900161,93,219,-126
113900162,730,682,48
113900163,256,257,-1
113900164,187,49,138
113900165,546,488,58
113900166,319,184,135
113900167,273,70,203
113900168,141,116,25
113900169,211,443,-232
113900171,121,51,70
113900172,11,244,-233
113900173,69,760,-691
113900174,397,712,-315
113900175,258,100,158
113900176,213,745,-532
113900177,246,220,26
113900178,278,143,135
113900179,30,665,-635
113900180,131,140,-9
113900181,432,92,340
113900182,583,1089,-506
113900183,34,64,-30
113900184,23,778,-755
113900185,153,84,69
113900186,25,56,-31
113900187,43,129,-86
113900188,65,215,-150
113900189,269,91,178
113900190,298,141,157
113900191,125,202,-77
113900192,7,350,-343
113900193,37,260,-223
113900194,2157,979,1178
113900195,268,435,-167
113900196,1,142,-141
113900197,1,331,-330
113900198,37,177,-140
113900199,241,802,-561
113900200,8,316,-308
113900201,2,339,-337
113900202,31,332,-301
113900203,0,274,-274
113900204,56,674,-618
113900205,9,190,-181
113900206,14,154,-140
113900207,1,49,-48
113900208,0,84,-84
113900209,1,124,-123
113900210,572,667,-95
113900211,144,32,112
113900212,136,663,-527
113900214,446,387,59
113900215,35,149,-114
113900216,98,1411,-1313
113900217,32,406,-374
113900218,101,42,59
113900219,134,566,-432
113900220,139,67,72
113900221,283,170,113
113900222,378,402,-24
113900223,113,1120,-1007
113900224,140,80,60
113900225,754,264,490
113900226,283,139,144
113900227,333,194,139
113900228,416,341,75
113900229,52,619,-567
113900230,5527,1924,3603
113900231,166,282,-116
113900232,75,144,-69
113900233,42,64,-22
113900234,229,355,-126
113900235,57,21,36
113900236,46,425,-379
113900237,73,7,66
113900238,168,370,-202
113900239,48,54,-6
113900240,13,107,-94
113900241,113,69,44
113900242,36,161,-125
113900243,125,386,-261
113900244,520,179,341
113900245,1360,240,1120
113900246,22,7,15
113900247,175,231,-56
113900248,4066,1210,2856
113900249,1389,340,1049
113900250,37,102,-65
113900251,407,197,210
113900252,326,8,318
113900253,521,38,483
113900254,651,117,534
113900255,292,39,253
113900256,246,17,229
113900257,34,759,-725
113900258,20,701,-681
113900259,308,252,56
113900260,101,25,76
113900261,12,140,-128
113900262,118,813,-695
113900263,227,634,-407
113900264,7,668,-661
113900265,127,268,-141
113900266,21,247,-226
113900267,115,438,-323
113900268,187,328,-141
113900269,42,146,-104
113900270,368,419,-51
113900271,581,1537,-956
113900273,27,3,24
113900274,28,9,19
113900275,19,52,-33
113900276,6,307,-301
113900277,51,5,46
113900278,315,142,173
113900279,129,110,19
113900280,1194,469,725
113900281,344,1003,-659
113900282,1041,570,471
113900283,264,435,-171
113900284,816,210,606
113900285,88,28,60
113900286,74,188,-114
113900287,33,124,-91
113900288,2,75,-73
113900289,1509,98,1411
113900290,409,106,303
113900291,133,198,-65
113900292,4,10,-6
113900293,1,275,-274
113900294,291,33,258
113900295,339,308,31
113900296,2796,395,2401
113900297,941,44,897
113900298,10,1903,-1893
113900299,45,254,-209
113900300,6609,2550,4059
113900301,893,294,599
113900302,2655,564,2091
113900303,686,287,399
113900304,1,156,-155
113900305,60,0,60
113900306,15,0,15
113900307,65,0,65
113900308,122,128,-6
113900309,4,1160,-1156
113900310,0,26,-26
113900311,6,0,6
113900312,120,127,-7
113900313,38,17,21
114000001,1181,4158,-2977
114000002,173,515,-342
114000003,32,332,-300
114000004,226,420,-194
114000005,144,285,-141
114000006,3008,2121,887
114000007,510,1339,-829
114000008,1375,1159,216
114000009,288,213,75
114000011,2410,3661,-1251
114000012,1525,3264,-1739
114000013,1290,2478,-1188
114000014,321,452,-131
114000015,859,594,265
114000016,222,530,-308
114000017,64,199,-135
114000018,508,82,426
114000026,975,1866,-891
114000027,1811,2264,-453
114000028,1879,2210,-331
114000038,145,150,-5
114000039,71,92,-21
114000040,41,178,-137
114000042,72,213,-141
114000043,26,210,-184
114000044,109,85,24
114000045,16,108,-92
114000046,2511,5044,-2533
114000047,11,71,-60
114000048,55,46,9
114000049,1441,1142,299
114000050,1465,1149,316
114000051,3280,1410,1870
114000052,3120,1355,1765
114000053,66,522,-456
114000054,62,1639,-1577
114000055,194,32,162
114000056,1499,602,897
114000057,9291,2649,6642
114000058,715,880,-165
114000059,446,193,253
114000060,473,689,-216
114000061,3708,1599,2109
114000062,3201,940,2261
114000063,3356,1680,1676
114000064,9751,2808,6943
114000065,1966,2665,-699
114000066,308,661,-353
114000067,56,378,-322
114000068,330,464,-134
114000069,750,592,158
114000070,2618,1381,1237
114000071,409,753,-344
114000072,168,488,-320
114000073,19,135,-116
114000074,10,23,-13
114000075,44,200,-156
114000076,9,210,-201
114000077,9,67,-58
114000078,146,1593,-1447
114000079,100,42,58
114000080,105,116,-11
114000081,60,145,-85
114000082,54,686,-632
114000083,63,353,-290
114000084,152,78,74
114000085,87,856,-769
114000086,153,676,-523
114000087,27,323,-296
114000088,25,75,-50
114000089,1573,521,1052
114000090,576,548,28
114000091,1372,500,872
114000092,907,308,599
114000093,864,680,184
114000094,243,361,-118
114000095,99,134,-35
114000096,110,629,-519
114000097,133,1162,-1029
114000098,253,64,189
114000099,252,1093,-841
114000100,800,882,-82
114000101,325,1578,-1253
114000102,230,402,-172
114000103,95,618,-523
114000104,11,311,-300
114000105,39,49,-10
114000106,1048,412,636
114000107,107,145,-38
114000108,2774,1451,1323
114000109,330,599,-269
114000110,531,2088,-1557
114000111,812,603,209
114000112,349,2019,-1670
114000113,602,500,102
114000114,1238,1768,-530
114000115,1287,690,597
114000116,382,573,-191
114000117,1635,390,1245
114000118,1386,448,938
114000119,920,391,529
114000120,555,1270,-715
114000121,368,722,-354
114000122,318,305,13
114000123,959,294,665
114000124,501,332,169
114000125,793,2433,-1640
114000126,969,258,711
114000127,111,198,-87
114000128,692,626,66
114000130,307,534,-227
114000131,102,72,30
114000132,633,723,-90
114000133,1096,1422,-326
114000134,55,239,-184
114000138,22,227,-205
114000139,341,115,226
114000144,647,316,331
114000145,87,246,-159
114000146,95,385,-290
114000147,892,1056,-164
114000148,2123,1494,629
114000149,327,209,118
114000150,833,446,387
114000151,766,898,-132
114000152,88,20,68
114000153,827,1185,-358
114000154,532,462,70
114000155,1214,1613,-399
114000156,672,443,229
114000157,262,854,-592
114000158,2180,695,1485
114000159,196,374,-178
114000160,167,186,-19
114000161,1507,1697,-190
114000162,848,1215,-367
114000163,14,145,-131
114000165,191,167,24
114000166,671,267,404
114000167,4449,1264,3185
114000168,778,735,43
114000169,1842,785,1057
114000170,803,615,188
114000171,719,1167,-448
114000174,199,507,-308
114000176,610,400,210
114000177,2869,931,1938
114000178,22,84,-62
114000179,1177,675,502
114000180,547,656,-109
114000181,1498,2266,-768
114000182,7819,2543,5276
114000183,948,816,132
114000184,654,2056,-1402
114000185,966,919,47
114000189,500,64,436
114000190,1417,198,1219
114000191,14,59,-45
114000192,396,2080,-1684
114000193,1319,4277,-2958
114000194,1153,1567,-414
114000195,95,13,82
114000196,1,442,-441
114000197,754,59,695
114000198,1274,419,855
114000199,2014,1242,772
114000200,486,2840,-2354
114000201,161,1221,-1060
114000202,920,1087,-167
114000203,379,1127,-748
114000204,162,548,-386
114000205,269,2006,-1737
114000206,427,1447,-1020
114000207,598,3029,-2431
114000208,464,4149,-3685
114000209,750,4006,-3256
114000210,402,2075,-1673
114000211,837,1710,-873
114000212,589,824,-235
114000213,983,640,343
114000214,94,268,-174
114000215,127,67,60
114000216,856,402,454
114000217,190,348,-158
114000218,91,477,-386
114000219,806,382,424
114000220,7,1871,-1864
114000221,423,147,276
114000222,259,1597,-1338
114000223,312,93,219
114000224,123,930,-807
114000225,180,685,-505
114000226,102,280,-178
114000227,531,474,57
114000228,668,1098,-430
114000229,690,1538,-848
114000230,1372,1759,-387
114000231,695,1406,-711
114000232,474,175,299
114000233,1429,112,1317
114000234,896,1218,-322
114000235,819,2055,-1236
114000236,0,670,-670
114000237,78,1410,-1332
114000238,49,171,-122
114000239,181,1577,-1396
114000240,653,720,-67
114000241,259,1066,-807
114000242,1010,995,15
114000243,1169,954,215
114000244,594,376,218
114000245,317,636,-319
114000246,122,40,82
114000247,587,806,-219
114000248,655,597,58
114000249,387,506,-119
114000250,401,720,-319
114000251,304,390,-86
114000252,64,111,-47
114000253,18,269,-251
114000254,15,137,-122
114000255,523,150,373
114000256,3094,994,2100
114000257,533,2255,-1722
114000258,186,678,-492
114000259,68,313,-245
114000260,0,32,-32
114000261,39,23,16
114000262,30,181,-151
114000263,8,2,6
114000264,545,847,-302
114000265,0,10,-10
114000267,5,1622,-1617
114000268,3,2928,-2925
114000270,99,6,93
114000271,443,123,320
114000283,552,533,19
114000285,58,429,-371
114000288,66,466,-400
114000289,766,113,653
114000293,80,434,-354
114000294,195,375,-180
114000395,1260,70,1190
114000396,299,299,0
114000402,278,386,-108
114000403,180,630,-450
114000405,112,752,-640
114000423,168,653,-485
114000424,247,305,-58
114000425,299,728,-429
114000426,308,705,-397
114000427,43,109,-66
114000428,351,134,217
114000429,8,228,-220
114000432,50,128,-78
114000434,16,115,-99
114000435,8,196,-188
114000436,6152,1518,4634
114000437,324,1083,-759
114900001,343,1615,-1272
114900002,451,91,360
114900003,351,2333,-1982
114900004,113,220,-107
114900005,299,1110,-811
114900006,44,46,-2
114900007,148,18,130
114900008,75,57,18
114900010,2698,1589,1109
114900011,85,139,-54
114900013,136,84,52
114900015,38,296,-258
114900018,704,28,676
114900020,111,45,66
114900022,8,900,-892
114900024,148,176,-28
114900025,217,279,-62
114900026,30,111,-81
114900027,144,255,-111
114900029,13,13,0
114900030,160,243,-83
114900031,175,28,147
114900032,196,44,152
114900033,1408,280,1128
114900034,58,271,-213
114900035,172,274,-102
114900036,231,1251,-1020
114900037,83,236,-153
114900038,140,1057,-917
114900039,408,939,-531
114900040,52,244,-192
114900041,367,728,-361
114900042,438,1011,-573
114900043,842,372,470
114900044,82,35,47
114900046,65,166,-101
114900047,187,1123,-936
114900048,73,220,-147
114900049,14,291,-277
114900050,21,638,-617
114900051,69,645,-576
114900052,93,289,-196
114900053,81,240,-159
114900054,64,121,-57
114900057,176,10,166
114900058,1,61,-60
114900059,25,23,2
114900060,1588,459,1129
114900061,92,186,-94
114900062,278,291,-13
114900063,66,266,-200
114900064,666,823,-157
114900065,216,715,-499
114900067,32,426,-394
114900068,70,188,-118
114900069,258,190,68
114900070,262,718,-456
114900072,9,385,-376
114900073,1,203,-202
114900074,250,1114,-864
114900075,153,0,153
114900076,9,377,-368
114900080,3460,480,2980
114900082,3783,1338,2445
114900083,890,995,-105
114900090,148,185,-37
114900091,162,241,-79
114900095,455,133,322
114900096,467,683,-216
114900097,85,0,85
114900098,3,230,-227
114900099,78,5,73
115000001,9220,6770,2450
115000002,2890,2964,-74
115000003,4008,5032,-1024
115000004,2421,4240,-1819
115000005,1195,3244,-2049
115000006,567,1375,-808
115000007,37,179,-142
115000008,334,413,-79
115000009,153,357,-204
115000010,234,125,109
115000013,78,123,-45
115000015,84,213,-129
115000016,193,252,-59
115000019,11,497,-486
115000020,180,505,-325
115000021,306,458,-152
115000022,540,404,136
115000023,340,530,-190
115000024,1225,600,625
115000025,698,528,170
115000026,156,468,-312
115000027,178,262,-84
115000028,220,820,-600
115000029,331,180,151
115000030,526,1060,-534
115000031,959,322,637
115000032,5,278,-273
115000033,134,15,119
115000034,116,1298,-1182
115000035,992,72,920
115000036,0,360,-360
115000037,336,5,331
115000038,33,189,-156
115000039,2934,2044,890
115000040,7196,3487,3709
115000041,1267,2801,-1534
115000042,871,753,118
115000043,2655,2996,-341
115000044,3018,4824,-1806
115000045,1879,2750,-871
115000046,1387,2769,-1382
115000047,1396,2022,-626
115000048,1225,3162,-1937
115000049,1446,3152,-1706
115000050,2652,2047,605
115000051,2192,1932,260
115000052,3000,2057,943
115000053,1440,1530,-90
115000054,831,1392,-561
115000055,97,347,-250
115000056,126,314,-188
115000057,226,548,-322
115000058,115,141,-26
115000059,148,125,23
115000061,163,122,41
115000062,147,351,-204
115000063,222,324,-102
115000064,235,228,7
115000065,19,267,-248
115000067,281,24,257
115000069,88,416,-328
115000070,34,955,-921
115000071,120,6,114
115000072,11,85,-74
115000073,1402,54,1348
115000075,49,89,-40
115000076,3549,3728,-179
115000077,1347,4063,-2716
115000078,710,2204,-1494
115000079,985,2493,-1508
115000080,1694,3077,-1383
115000081,442,1142,-700
115000082,2855,3367,-512
115000083,1593,3856,-2263
115000084,1204,1163,41
115000085,553,1231,-678
115000086,591,1099,-508
115000087,577,1746,-1169
115000088,1719,674,1045
115000089,1596,1743,-147
115000090,809,743,66
115000091,344,1421,-1077
115000092,293,394,-101
115000093,409,1,408
115000094,9587,4981,4606
115000095,7328,4589,2739
115000096,528,2582,-2054
115000097,668,775,-107
115000098,728,907,-179
115000099,1866,4157,-2291
115000100,602,645,-43
115000101,309,1784,-1475
115000102,334,197,137
115000103,359,1078,-719
115000105,60,273,-213
115000106,233,316,-83
115000107,171,616,-445
115000108,4569,3102,1467
115000109,6332,3043,3289
115000110,1285,1014,271
115000111,762,1709,-947
115000112,694,597,97
115000113,850,893,-43
115000114,1861,920,941
115000116,3936,1478,2458
115000117,4038,2158,1880
115000118,1920,1612,308
115000119,1905,1813,92
115000120,644,813,-169
115000121,1943,961,982
115000122,4226,1122,3104
115000123,2292,1692,600
115000124,988,974,14
115000125,445,613,-168
115000126,129,251,-122
115000127,309,154,155
115000128,1132,840,292
115000129,242,174,68
115000130,244,1322,-1078
115000131,456,310,146
115000132,144,601,-457
115000133,272,422,-150
115000134,259,258,1
115000135,239,310,-71
115000136,112,228,-116
115000137,66,220,-154
115000138,175,239,-64
115000139,163,304,-141
115000140,188,232,-44
115000141,134,431,-297
115000142,143,432,-289
115000143,360,557,-197
115000144,360,108,252
115000145,126,529,-403
115000146,277,248,29
115000147,503,647,-144
115000148,295,1742,-1447
115000149,375,249,126
115000150,698,1555,-857
115000151,538,491,47
115000152,572,2037,-1465
115000153,630,509,121
115000154,419,350,69
115000155,596,1463,-867
115000156,1057,594,463
115000157,1047,1097,-50
115000158,683,336,347
115000159,776,524,252
115000160,593,744,-151
115000161,511,716,-205
115000162,651,475,176
115000163,703,694,9
115000164,620,483,137
115000165,323,394,-71
115000167,101,41,60
115000168,510,287,223
115000169,733,375,358
115000170,130,159,-29
115000171,206,138,68
115000172,2294,593,1701
115000173,295,331,-36
115000174,30,238,-208
115000175,53,107,-54
115000176,164,158,6
115000177,221,185,36
115000178,9,316,-307
115000179,25,48,-23
115000180,88,942,-854
115000181,317,133,184
115000182,449,428,21
115000183,234,1277,-1043
115000186,515,324,191
115000187,172,768,-596
115000188,357,550,-193
115000189,269,488,-219
115000190,861,468,393
115000191,341,491,-150
115000194,178,121,57
115000195,297,221,76
115000196,77,106,-29
115000197,162,477,-315
115000198,199,234,-35
115000199,145,378,-233
115000200,235,106,129
115000201,86,445,-359
115000206,304,123,181
115000207,60,402,-342
115000208,623,935,-312
115000209,648,205,443
115000210,76,95,-19
115000211,226,307,-81
115000212,1571,366,1205
115000224,216,83,133
115000225,93,55,38
115000229,286,191,95
115000230,108,496,-388
115000231,277,3017,-2740
115000232,875,403,472
115000233,115,211,-96
115000234,19,286,-267
115000241,75,288,-213
115000242,62,371,-309
115000243,27,359,-332
115000244,4,75,-71
115000246,37,14,23
115000247,14,11,3
115000248,28,20,8
115000249,48,10,38
115000250,268,62,206
115000251,121,137,-16
115000252,36,160,-124
115000253,12,195,-183
115000258,196,218,-22
115000259,343,173,170
115000261,7,27,-20
115000262,16,20,-4
115000263,18,44,-26
115000264,12,54,-42
115000267,40,89,-49
115000268,55,101,-46
115000269,96,74,22
115000270,17,30,-13
115000272,55,198,-143
115000273,481,15,466
115000280,2955,113,2842
115000281,1015,228,787
115000282,2162,621,1541
115000284,286,85,201
115000296,568,12,556
115000297,197,116,81
115000298,97,244,-147
115000300,133,245,-112
115000302,167,280,-113
115000303,434,195,239
115000304,471,110,361
115000305,93,1406,-1313
115000306,95,612,-517
115000307,62,348,-286
115000308,50,18,32
115000309,8,9,-1
115000310,625,1422,-797
115000311,457,1530,-1073
115000313,102,906,-804
115000314,268,72,196
115000315,1343,330,1013
115000316,45,72,-27
115000317,134,752,-618
115000318,664,304,360
115000319,50,317,-267
115000320,12,285,-273
115000321,458,33,425
115000322,71,334,-263
115000449,389,164,225
115000557,17,601,-584
115000558,171,59,112
115000587,332,401,-69
115000588,2157,4319,-2162
115000589,2535,2744,-209
115000590,992,1900,-908
115000591,1055,783,272
115000592,630,1778,-1148
115000593,1510,642,868
115000594,1089,1739,-650
115000609,65,144,-79
115000617,2980,1875,1105
115000624,195,87,108
115000633,445,2034,-1589
115000634,2663,1037,1626
115000635,249,132,117
115000638,1369,772,597
115000641,69,129,-60
115000642,392,288,104
115000643,157,521,-364
115000644,141,492,-351
115000646,778,1085,-307
115000647,178,559,-381
115000648,977,1979,-1002
115000893,3341,1115,2226
115000894,95,1325,-1230
115000895,324,928,-604
115000896,809,323,486
115000897,592,95,497
115000898,1130,297,833
115000899,968,1083,-115
115000900,181,400,-219
115000901,96,123,-27
115000912,219,85,134
115000913,1,79,-78
115000915,30,1,29
115000916,8,1,7
115000917,0,2,-2
115000918,103,451,-348
115000919,21,19,2
115000920,9,55,-46
115000921,1793,138,1655
115000922,837,547,290
115000923,391,800,-409
115000925,51,77,-26
115000927,16,30,-14
115000933,188,95,93
115000934,74,274,-200
115000935,84,113,-29
115900001,39,79,-40
115900002,73,148,-75
115900003,134,141,-7
115900004,0,58,-58
115900005,112,3,109
115900006,129,553,-424
115900008,17,19,-2
115900009,76,380,-304
115900010,125,250,-125
115900011,267,345,-78
115900012,42,98,-56
115900013,445,222,223
115900014,116,201,-85
115900015,36,146,-110
115900016,88,29,59
115900017,7,4,3
115900018,217,106,111
115900019,1510,54,1456
115900020,53,1,52
115900021,1972,126,1846
115900022,1339,10,1329
115900023,17,4,13
115900025,66,261,-195
115900026,918,444,474
115900027,1,440,-439
115900028,641,86,555
115900029,8,605,-597
115900030,111,20,91
115900031,302,199,103
115900032,321,1032,-711
115900033,0,49,-49
115900034,31,711,-680
115900035,34,122,-88
115900036,162,328,-166
115900037,32,609,-577
115900038,16,10,6
115900039,106,389,-283
115900041,401,348,53
115900042,12,3,9
115900043,74,126,-52
115900044,253,245,8
115900046,223,302,-79
115900047,98,63,35
115900049,125,246,-121
115900051,2,19,-17
115900052,13,276,-263
115900053,160,339,-179
115900054,71,40,31
115900055,7,145,-138
115900056,152,584,-432
115900057,12,4,8
115900058,26,78,-52
115900060,111,208,-97
115900061,99,1,98
115900062,36,314,-278
115900063,29,22,7
115900064,142,247,-105
115900065,70,147,-77
115900066,224,196,28
115900067,18,954,-936
115900068,4177,326,3851
115900069,56,200,-144
115900070,89,304,-215
115900071,4,933,-929
115900072,80,289,-209
115900073,28,47,-19
115900074,3,463,-460
115900075,26,375,-349
115900076,6,118,-112
115900077,2,386,-384
115900078,46,137,-91
115900079,124,10,114
115900080,667,258,409
115900081,12,90,-78
115900082,183,177,6
115900084,208,27,181
115900085,70,73,-3
115900086,1931,562,1369
115900088,21,62,-41
115900089,152,1001,-849
115900090,130,24,106
115900091,4,17,-13
115900092,25,296,-271
115900093,1,21,-20
115900094,10,469,-459
115900096,0,6,-6
115900097,6,591,-585
115900098,117,588,-471
115900099,62,93,-31
115900100,8,784,-776
115900101,116,581,-465
115900102,28,125,-97
115900103,225,302,-77
115900104,33,226,-193
115900105,91,843,-752
115900106,35,23,12
115900107,21,239,-218
115900108,34,39,-5
115900109,40,412,-372
115900110,0,23,-23
115900111,4,78,-74
115900112,48,1201,-1153
115900113,39,19,20
115900114,4,175,-171
115900115,37,190,-153
115900116,70,1297,-1227
115900117,50,19,31
115900118,2,473,-471
115900119,87,99,-12
115900120,41,469,-428
115900121,121,269,-148
115900124,219,386,-167
115900125,224,47,177
115900126,382,68,314
115900127,426,27,399
115900128,6,66,-60
115900129,564,30,534
115900130,29,164,-135
115900131,218,28,190
115900132,279,5,274
115900134,168,5,163
115900135,574,633,-59
115900137,6,16,-10
115900139,69,91,-22
115900140,105,14,91
115900141,12,66,-54
115900142,9,26,-17
115900143,132,347,-215
115900144,47,244,-197
115900146,7,186,-179
115900147,175,227,-52
115900148,13,2,11
115900149,47,26,21
115900150,32,88,-56
115900151,10,68,-58
115900152,59,442,-383
115900153,65,283,-218
115900154,707,361,346
115900155,1,83,-82
115900156,473,870,-397
115900157,94,488,-394
115900158,37,10,27
115900159,37,264,-227
115900160,8,3,5
115900161,61,262,-201
115900163,110,154,-44
115900164,180,17,163
115900165,1,105,-104
115900166,200,262,-62
115900168,31,205,-174
115900171,93,476,-383
115900172,38,133,-95
115900173,172,145,27
115900174,291,184,107
115900175,56,181,-125
115900178,3,872,-869
115900179,121,24,97
115900180,70,443,-373
115900181,134,333,-199
115900182,228,375,-147
115900183,82,27,55
115900184,1812,17,1795
115900187,15,102,-87
115900189,0,147,-147
115900190,551,852,-301
115900191,68,490,-422
115900192,7,71,-64
115900193,99,87,12
115900194,304,51,253
115900195,558,944,-386
115900198,165,254,-89
115900199,148,327,-179
115900200,295,431,-136
115900201,464,247,217
115900202,1,20,-19
115900203,9,17,-8
115900204,2,7,-5
115900205,30,16,14
115900206,77,176,-99
115900207,21,22,-1
115900208,73,398,-325
115900209,3,172,-169
115900210,6,183,-177
115900211,2,261,-259
115900212,93,250,-157
115900213,37,28,9
115900214,206,290,-84
115900215,14,52,-38
115900216,2,117,-115
115900217,11,94,-83
115900218,2,57,-55
115900219,46,36,10
115900220,62,16,46
115900221,25,16,9
115900222,29,13,16
115900223,10,107,-97
115900224,1644,449,1195
115900225,92,41,51
115900226,92,56,36
115900227,15,51,-36
115900228,4,41,-37
115900229,7,44,-37
115900230,38,120,-82
115900231,100,0,100
115900232,24,1,23
115900233,54,12,42
115900234,23,16,7
115900235,5,19,-14
115900236,50,13,37
115900237,6,41,-35
115900238,14,22,-8
115900239,16,25,-9
115900240,7,62,-55
115900241,84,84,0
115900242,169,213,-44
115900243,16,2,14
115900244,1,17,-16
115900245,28,6,22
115900246,23,3,20
115900247,12,5,7
115900248,8,6,2
115900249,2,8,-6
115900250,8,16,-8
115900251,0,11,-11
115900252,0,8,-8
115900253,2,24,-22
115900254,16,26,-10
115900255,6,9,-3
115900256,24,11,13
115900257,0,5,-5
115900258,0,0,0
115900259,3,3,0
115900260,13,2,11
115900261,15,4,11
115900262,1,0,1
115900263,4,4,0
115900264,15,13,2
115900265,6,13,-7
115900266,2,10,-8
115900267,2,9,-7
115900268,6,11,-5
115900269,259,473,-214
115900270,245,772,-527
115900271,32,0,32
115900272,10,0,10
115900273,4,8,-4
115900274,1,28,-27
115900275,0,53,-53
115900276,1,79,-78
115900277,1,112,-111
115900278,9,145,-136
115900279,2,169,-167
115900280,18,191,-173
115900281,485,121,364
116000001,18428,5193,13235
116000002,4289,5994,-1705
116000003,1565,1845,-280
116000004,1552,2016,-464
116000005,2883,3566,-683
116000006,1551,1400,151
116000007,4428,4679,-251
116000008,4308,1726,2582
116000009,1808,2920,-1112
116000010,1485,1177,308
116000011,861,2066,-1205
116000012,757,547,210
116000013,17818,4766,13052
116000014,20049,7541,12508
116000015,759,916,-157
116000016,9263,2228,7035
116000017,32,509,-477
116000018,869,409,460
116000019,584,327,257
116000020,468,1184,-716
116000021,292,296,-4
116000022,322,521,-199
116000023,601,554,47
116000024,671,1630,-959
116000025,595,545,50
116000026,1672,2716,-1044
116000027,665,566,99
116000028,472,667,-195
116000029,949,669,280
116000030,455,413,42
116000031,200,218,-18
116000032,308,257,51
116000033,275,558,-283
116000034,583,940,-357
116000035,308,693,-385
116000036,2121,662,1459
116000037,690,512,178
116000038,587,294,293
116000039,887,344,543
116000040,1005,459,546
116000041,414,574,-160
116000042,441,311,130
116000043,71,474,-403
116000044,13,51,-38
116000045,1605,1063,542
116000046,1487,976,511
116000047,2043,1807,236
116000048,1975,1515,460
116000049,1033,1833,-800
116000050,1377,1363,14
116000051,3410,1637,1773
116000052,4048,3924,124
116000053,1568,1038,530
116000054,668,2152,-1484
116000055,368,1313,-945
116000056,743,1208,-465
116000057,3650,2231,1419
116000058,3789,1995,1794
116000059,4015,4119,-104
116000060,3166,806,2360
116000061,248,646,-398
116000062,602,254,348
116000063,456,1019,-563
116000066,161,407,-246
116000067,246,591,-345
116000068,197,215,-18
116000069,246,453,-207
116000078,279,978,-699
116000080,1231,1149,82
116000082,6,140,-134
116000083,1024,317,707
116000084,2787,4409,-1622
116000085,1596,1117,479
116000086,2481,1330,1151
116000087,1029,1152,-123
116000088,929,1607,-678
116000089,157,124,33
116000090,155,149,6
116000091,263,104,159
116000093,576,1240,-664
116000094,435,847,-412
116000095,449,962,-513
116000096,523,1326,-803
116000097,504,892,-388
116000098,177,4278,-4101
116000099,11192,408,10784
116000100,108,10,98
116000101,504,1880,-1376
116000102,183,1707,-1524
116000103,509,260,249
116000104,226,1991,-1765
116000105,735,216,519
116000106,394,1330,-936
116000107,1606,510,1096
116000108,175,195,-20
116000111,105,18,87
116000113,92,91,1
116000114,15,166,-151
116000115,187,90,97
116000116,228,680,-452
116000117,1006,1826,-820
116000118,978,1731,-753
116000119,2061,1631,430
116000120,2606,5119,-2513
116000121,490,435,55
116000122,1399,2927,-1528
116000123,577,486,91
116000124,292,1495,-1203
116000125,1893,713,1180
116000126,367,1792,-1425
116000127,1162,1935,-773
116000128,1159,812,347
116000129,668,242,426
116000130,307,287,20
116000133,420,1010,-590
116000134,1427,3416,-1989
116000135,1206,1403,-197
116000136,1018,3066,-2048
116000137,597,544,53
116000138,1473,508,965
116000139,1598,2542,-944
116000140,80,198,-118
116000141,324,1119,-795
116000142,4586,4200,386
116000143,1669,1404,265
116000144,1181,3585,-2404
116000145,1375,1554,-179
116000146,297,453,-156
116000147,205,112,93
116000148,283,401,-118
116000149,396,535,-139
116000151,447,965,-518
116000153,75,449,-374
116000155,215,306,-91
116000156,616,1938,-1322
116000157,26,15,11
116000158,384,355,29
116000159,10,11,-1
116000160,6,167,-161
116000161,10,114,-104
116000162,155,67,88
116000163,12,14,-2
116000164,8,24,-16
116000177,240,126,114
116000194,69,474,-405
116000195,1565,676,889
116000196,6,0,6
116000197,11,8,3
116000198,2585,1058,1527
116000200,958,232,726
116000201,706,722,-16
116000202,7,336,-329
116000203,1,112,-111
116000204,16,67,-51
116000205,0,195,-195
116000206,3,114,-111
116000207,1,39,-38
116000233,161,982,-821
116000287,73,694,-621
116000288,93,291,-198
116000292,62,174,-112
116000296,25,220,-195
116000297,46,16,30
116000304,73,19,54
116000305,9,146,-137
116000346,152,243,-91
116000352,156,61,95
116000354,69,14,55
116000357,15,11,4
116000358,132,32,100
116000361,99,1,98
116000372,9740,2631,7109
116000381,67,0,67
116000388,0,46,-46
116000389,534,579,-45
116000445,224,971,-747
116000446,263,1384,-1121
116000447,18,492,-474
116000448,619,313,306
116000563,1489,747,742
116000565,65,556,-491
116000568,74,208,-134
116000579,26,144,-118
116000584,16,19,-3
116000585,14,23,-9
116000586,217,123,94
116000587,396,681,-285
116000589,27,80,-53
116000590,71,74,-3
116000591,116,358,-242
116000592,12,176,-164
116000593,1,51,-50
116000594,320,685,-365
116000595,577,178,399
116000596,54,12,42
116000597,174,62,112
116000598,14,255,-241
116000602,106,406,-300
116000605,250,196,54
116000606,53,163,-110
116000607,6,81,-75
116000609,318,680,-362
116000611,79,627,-548
116000612,559,1795,-1236
116000613,324,348,-24
116000614,408,1000,-592
116000615,0,163,-163
116000616,56,153,-97
116000617,49,132,-83
116000618,2,194,-192
116000619,21,54,-33
116000620,55,40,15
116000621,33,138,-105
116000622,20,160,-140
116000624,117,60,57
116000627,15,36,-21
116000628,12,854,-842
116000629,27,942,-915
116000630,126,75,51
116000631,76,66,10
116000632,164,585,-421
116000633,24,1173,-1149
116000634,164,14,150
116000635,1894,1118,776
116900001,240,168,72
116900002,296,5,291
116900003,19,100,-81
116900004,36,47,-11
116900005,206,80,126
116900006,176,184,-8
116900007,112,246,-134
116900008,196,544,-348
116900009,18,3,15
116900010,23,2174,-2151
116900011,16,40,-24
116900012,192,285,-93
116900013,5,327,-322
116900014,64,471,-407
116900015,142,92,50
116900016,116,0,116
116900017,0,782,-782
116900018,46,66,-20
116900019,4,551,-547
116900020,1852,397,1455
116900023,76,16,60
116900024,288,76,212
116900025,415,1436,-1021
116900026,232,936,-704
116900027,25,61,-36
116900028,0,140,-140
116900029,0,24,-24
116900031,8,13,-5
116900032,9,463,-454
116900033,3,9,-6
116900034,6,86,-80
116900035,79,249,-170
116900036,3,126,-123
116900038,14,4,10
116900041,63,7,56
116900042,1074,257,817
116900043,5,76,-71
116900045,185,46,139
116900047,89,79,10
116900049,51,373,-322
116900050,68,526,-458
116900051,29,356,-327
116900052,157,104,53
116900055,0,2,-2
116900057,10,345,-335
116900058,11,451,-440
116900059,3,233,-230
116900060,141,255,-114
116900062,2,9,-7
116900064,40,1244,-1204
116900065,19,109,-90
116900067,81,135,-54
116900068,106,436,-330
116900070,1,1,0
116900072,18,624,-606
116900073,11,252,-241
116900074,8,64,-56
116900076,25,27,-2
116900077,6,247,-241
116900078,237,161,76
116900079,26,445,-419
116900080,9,29,-20
116900081,441,1925,-1484
116900082,233,1020,-787
116900083,38,69,-31
116900084,178,49,129
116900085,42,137,-95
116900086,32,315,-283
116900088,423,58,365
116900090,165,68,97
116900091,139,93,46
116900092,78,923,-845
116900093,1905,2046,-141
116900094,7454,2485,4969
116900095,261,156,105
116900096,87,160,-73
116900097,4888,1947,2941
116900098,920,295,625
116900099,787,435,352
116900100,476,16,460
116900101,311,804,-493
116900103,2,1,1
116900104,33,64,-31
116900105,204,49,155
116900106,947,413,534
116900107,5358,1633,3725
116900110,16,1,15
116900111,222,1473,-1251
116900112,155,1481,-1326
116900113,3709,998,2711
116900116,75,346,-271
116900117,17,115,-98
116900118,1041,615,426
116900120,112,131,-19
116900121,37,37,0
116900122,382,1330,-948
116900123,90,1251,-1161
116900124,177,1085,-908
116900125,193,298,-105
116900126,268,571,-303
116900128,17,65,-48
116900129,5,410,-405
116900130,1156,1878,-722
116900131,76,190,-114
116900132,16,75,-59
116900133,51,108,-57
116900134,166,320,-154
116900136,180,209,-29
116900137,219,235,-16
116900138,116,249,-133
116900139,78,431,-353
116900140,137,210,-73
116900141,530,397,133
116900142,4,55,-51
116900143,205,489,-284
116900144,23,60,-37
116900145,86,406,-320
116900147,594,287,307
116900148,1,29,-28
116900149,30,187,-157
116900150,9,12,-3
116900151,46,14,32
116900153,53,50,3
116900154,699,286,413
116900155,87,68,19
116900157,263,369,-106
116900158,78,112,-34
116900159,48,290,-242
116900160,723,256,467
116900161,10130,4152,5978
116900162,6,217,-211
116900163,79,172,-93
116900164,59,46,13
116900165,191,114,77
116900166,21,113,-92
116900167,247,67,180
116900168,154,96,58
116900169,751,235,516
116900170,272,257,15
116900171,33,325,-292
116900172,241,105,136
116900173,71,53,18
116900174,3,27,-24
116900175,157,101,56
116900178,11,222,-211
116900179,78,121,-43
116900180,73,27,46
116900182,345,205,140
116900183,109,83,26
116900185,6,19,-13
116900186,57,427,-370
116900187,31,17,14
116900188,100,12,88
116900189,57,0,57
116900191,298,487,-189
116900192,125,272,-147
116900194,87,605,-518
116900195,18,13,5
116900196,20,152,-132
116900197,59,2,57
116900198,319,155,164
116900200,17,36,-19
116900201,56,5,51
116900202,154,65,89
116900203,129,2,127
116900204,45,85,-40
116900206,8,50,-42
116900207,26,42,-16
116900208,9,165,-156
116900209,14,207,-193
116900210,342,262,80
116900211,215,16,199
116900212,22,86,-64
116900213,170,205,-35
116900214,82,134,-52
116900215,38,103,-65
116900216,159,394,-235
116900218,12,398,-386
116900219,1122,371,751
116900220,69,217,-148
116900221,51,250,-199
116900222,396,379,17
116900223,77,273,-196
116900226,65,100,-35
116900227,85,70,15
116900228,171,316,-145
116900230,57,512,-455
116900231,15,583,-568
116900232,8,720,-712
116900233,150,107,43
116900234,10,11,-1
116900235,97,410,-313
116900238,1584,390,1194
116900239,50,917,-867
116900240,7698,2889,4809
116900241,75,190,-115
116900242,445,244,201
116900243,3,156,-153
116900245,30,8,22
116900246,58,14,44
116900247,360,36,324
116900248,90,44,46
116900249,147,153,-6
116900250,201,44,157
116900251,486,243,243
116900252,51,1263,-1212
116900253,92,94,-2
116900254,4,103,-99
116900255,98,33,65
116900256,252,83,169
116900257,9,779,-770
116900258,5,437,-432
116900259,78,9,69
116900260,6,194,-188
116900261,24,4,20
116900262,72,127,-55
116900263,0,9,-9
116900264,1,1,0
116900265,15,2,13
116900266,10,96,-86
116900267,1,1,0
116900268,6,16,-10
116900269,277,523,-246
116900271,2819,82,2737
116900272,518,580,-62
116900273,310,32,278
116900274,58,94,-36
116900275,131,164,-33
116900276,1340,85,1255
116900277,789,20,769
116900278,5,17,-12
116900279,0,20,-20
116900280,19,39,-20
116900281,9184,2474,6710
116900282,8,165,-157
116900283,15,172,-157
116900284,20,278,-258
116900285,406,262,144
116900286,256,20,236
116900287,5,104,-99
116900288,24,190,-166
116900289,4,31,-27
116900290,4,49,-45
116900291,5,6,-1
116900292,0,7,-7
116900293,17,96,-79
116900294,24,140,-116
116900295,95,77,18
116900296,35,23,12
116900297,4,45,-41
116900298,73,14,59
116900299,61,50,11
116900300,5,247,-242
116900301,86,44,42
116900302,52,30,22
116900303,534,19,515
116900304,0,90,-90
116900305,20,54,-34
116900306,65,86,-21
117000001,1432,1265,167
117000002,1672,4494,-2822
117000003,6561,2718,3843
117000004,4841,6244,-1403
117000005,1429,1428,1
117000006,1114,4483,-3369
117000007,2501,1071,1430
117000008,1312,5416,-4104
117000009,4176,1574,2602
117000010,3031,5426,-2395
117000011,1385,1977,-592
117000012,1182,2054,-872
117000013,951,1177,-226
117000014,854,2977,-2123
117000015,3211,1299,1912
117000016,617,75,542
117000017,524,179,345
117000018,168,359,-191
117000019,180,4,176
117000020,702,1105,-403
117000021,3721,451,3270
117000022,598,61,537
117000023,652,114,538
117000024,579,76,503
117000025,957,712,245
117000026,3268,764,2504
117000027,3833,1781,2052
117000028,4576,828,3748
117000030,826,616,210
117000031,540,198,342
117000032,1941,1578,363
117000033,1597,1511,86
117000034,373,379,-6
117000035,278,225,53
117000036,436,379,57
117000037,239,180,59
117000038,288,611,-323
117000039,375,340,35
117000040,129,1631,-1502
117000041,538,129,409
117000044,31,1487,-1456
117000045,276,63,213
117000046,482,881,-399
117000047,506,493,13
117000048,2425,1728,697
117000049,172,652,-480
117000050,126,3567,-3441
117000051,1562,171,1391
117000052,21,877,-856
117000053,193,81,112
117000054,1362,10,1352
117000055,16,4742,-4726
117000056,494,13,481
117000057,786,2634,-1848
117000060,412,1929,-1517
117000061,1340,762,578
117000062,203,647,-444
117000063,1333,734,599
117000064,1008,914,94
117000066,1579,1040,539
117000067,200,367,-167
117000074,189,192,-3
117000076,127,77,50
117000077,106,113,-7
117000078,101,676,-575
117000079,290,200,90
117000080,0,347,-347
117000081,756,118,638
117000082,14,69,-55
117000083,114,8,106
117000084,331,6,325
117000085,199,695,-496
117000086,1171,829,342
117000087,162,659,-497
117000088,243,243,0
117000089,1274,386,888
117000090,229,1822,-1593
117000091,507,331,176
117000092,390,2142,-1752
117000093,920,706,214
117000094,864,3378,-2514
117000095,2377,876,1501
117000096,619,3283,-2664
117000097,881,1193,-312
117000098,2980,6743,-3763
117000099,2343,1114,1229
117000100,155,224,-69
117000101,176,1531,-1355
117000102,1317,633,684
117000103,738,2406,-1668
117000104,1101,648,453
117000105,907,2391,-1484
117000106,844,940,-96
117000107,503,2579,-2076
117000108,1274,994,280
117000109,1935,3443,-1508
117000110,1206,810,396
117000111,3583,5439,-1856
117000112,2730,2365,365
117000113,161,451,-290
117000114,125,181,-56
117000115,49,210,-161
117000116,100,271,-171
117000117,1566,712,854
117000118,298,146,152
117000119,510,79,431
117000120,372,171,201
117000121,249,564,-315
117000122,668,894,-226
117000123,2203,41,2162
117000124,1042,55,987
117000125,471,51,420
117000126,87,26,61
117000127,185,373,-188
117000128,513,720,-207
117000129,485,45,440
117000130,176,2,174
117000131,0,60,-60
117000132,1606,57,1549
117000133,862,357,505
117000134,1,54,-53
117000135,7,22,-15
117000136,1,47,-46
117000137,52,62,-10
117000138,3,727,-724
117000140,515,2095,-1580
117000141,1451,677,774
117000181,1075,547,528
117000182,199,231,-32
117000195,191,1754,-1563
117000196,175,86,89
117000225,160,3,157
117000226,5,107,-102
117000276,222,8,214
117000277,3,815,-812
117000310,2390,3247,-857
117000315,37,744,-707
117000320,66,0,66
117000906,134,10,124
117000907,11,497,-486
117000908,137,19,118
117000909,109,35,74
117000910,181,148,33
117000911,154,206,-52
117000915,7,774,-767
117000916,5,6,-1
117000917,650,25,625
117000918,45,60,-15
117000919,7,196,-189
117000920,4,2112,-2108
117000921,7,2528,-2521
117000922,66,134,-68
117000924,338,578,-240
117000926,1504,90,1414
117000927,2732,483,2249
117000928,2,311,-309
117000929,91,734,-643
117000930,114,22,92
117000931,922,76,846
117900002,157,465,-308
117900003,1069,515,554
117900005,3,4,-1
117900006,0,19,-19
117900007,91,244,-153
117900008,0,33,-33
117900010,291,139,152
117900011,53,12,41
117900012,49,232,-183
117900013,0,412,-412
117900014,338,250,88
117900015,15,217,-202
117900016,1541,463,1078
117900017,482,556,-74
117900018,238,29,209
117900019,257,675,-418
117900020,53,287,-234
117900021,19,132,-113
117900022,13,13,0
117900023,782,183,599
117900024,82,173,-91
117900025,26,20,6
117900026,293,645,-352
117900028,49,3,46
117900029,236,1328,-1092
117900030,276,192,84
117900031,211,72,139
117900032,612,544,68
117900033,141,1109,-968
117900034,32,43,-11
117900035,121,69,52
117900036,170,749,-579
117900037,79,208,-129
117900038,24,527,-503
117900039,8,107,-99
117900040,77,810,-733
117900041,6,68,-62
117900042,5479,521,4958
117900043,36,62,-26
117900044,16,2846,-2830
117900045,111,99,12
117900048,132,397,-265
117900049,87,861,-774
117900050,10,23,-13
117900051,39,3,36
117900052,61,314,-253
117900053,833,845,-12
117900054,2,16,-14
117900055,121,135,-14
117900056,621,27,594
117900057,1144,1529,-385
117900058,110,8,102
117900059,435,113,322
117900060,981,7413,-6432
117900061,12,212,-200
117900063,253,263,-10
117900065,860,1416,-556
117900066,12,52,-40
117900067,304,347,-43
117900069,444,579,-135
117900070,401,8,393
117900071,61,152,-91
117900073,241,479,-238
117900074,190,2,188
117900075,56,87,-31
117900076,13,37,-24
117900077,228,211,17
117900078,218,492,-274
117900080,204,53,151
117900081,631,556,75
117900082,278,295,-17
117900083,235,841,-606
117900086,77,51,26
117900087,106,62,44
117900088,3182,2268,914
117900089,1144,472,672
117900090,339,1024,-685
117900091,173,213,-40
117900092,73,55,18
117900093,34,101,-67
117900094,27,17,10
117900095,232,698,-466
117900096,73,287,-214
117900097,273,125,148
117900098,9,4,5
117900099,126,536,-410
117900100,102,2,100
117900101,526,1059,-533
117900102,52,102,-50
117900103,15,4,11
117900104,10,175,-165
117900105,150,261,-111
117900106,51,72,-21
117900107,20,0,20
117900109,358,387,-29
117900110,36,1,35
117900111,147,4,143
117900112,59,17,42
117900113,5053,1627,3426
117900114,13,0,13
117900115,388,36,352
117900116,959,938,21
117900117,348,453,-105
117900118,12,0,12
117900119,110,322,-212
117900120,82,169,-87
117900121,35,16,19
117900122,1245,1800,-555
117900123,604,918,-314
117900124,819,799,20
117900125,1388,1077,311
117900126,368,670,-302
117900127,377,769,-392
117900128,224,1193,-969
117900129,29,0,29
117900130,1106,392,714
117900131,2,135,-133
117900132,11,120,-109
117900133,3,156,-153
117900134,48,312,-264
117900135,15,276,-261
117900136,0,49,-49
117900137,69,422,-353
117900138,0,61,-61
117900139,55,151,-96
117900140,5788,212,5576
117900141,280,305,-25
117900142,51,5,46
117900144,76,113,-37
117900145,79,5,74
117900146,173,113,60
117900147,45,72,-27
117900148,3730,1127,2603
117900149,59,184,-125
117900150,26,129,-103
117900151,12,182,-170
117900152,141,120,21
117900153,13,108,-95
117900154,279,766,-487
117900156,917,827,90
117900157,64,553,-489
117900158,119,123,-4
117900160,442,398,44
117900161,3095,3051,44
117900162,286,391,-105
117900163,102,15,87
117900165,0,16,-16
117900166,98,302,-204
117900168,106,179,-73
117900169,3,130,-127
117900170,0,23,-23
117900171,3,19,-16
117900172,15,56,-41
117900173,146,42,104
117900174,29,67,-38
117900175,0,35,-35
117900176,4,69,-65
117900177,13,68,-55
117900178,86,48,38
117900180,319,27,292
117900181,207,258,-51
117900182,1,33,-32
117900183,25,156,-131
117900184,11,60,-49
117900185,20,51,-31
117900186,52,22,30
117900187,13,9,4
117900188,219,41,178
117900189,44,29,15
117900190,9,0,9
117900191,67,0,67
117900192,128,0,128
117900193,44,64,-20
117900194,4,6,-2
117900195,16,45,-29
117900196,8,29,-21
117900207,137,122,15
117900208,27,60,-33
117900209,144,180,-36
117900210,148,204,-56
117900211,19,233,-214
117900212,105,171,-66
117900213,11,14,-3
117900214,4,63,-59
117900215,4,21,-17
117900216,68,13,55
117900217,83,72,11
117900218,153,170,-17
117900219,6,43,-37
117900220,112,115,-3
117900222,60,233,-173
117900223,44,115,-71
118000001,803,467,336
118000002,1387,2019,-632
118000003,1713,1328,385
118000004,2601,1923,678
118000005,8372,2841,5531
118000006,9845,7917,1928
118000007,8115,2884,5231
118000008,6122,3579,2543
118000009,2316,2949,-633
118000010,3949,4462,-513
118000011,885,3258,-2373
118000012,1112,3554,-2442
118000013,3636,3517,119
118000014,2109,3338,-1229
118000016,253,469,-216
118000017,250,353,-103
118000018,332,688,-356
118000019,2175,1321,854
118000020,1616,1579,37
118000021,704,1976,-1272
118000022,2101,599,1502
118000023,1141,239,902
118000024,2222,727,1495
118000027,23168,7377,15791
118000029,1735,670,1065
118000032,1989,2059,-70
118000033,3074,2532,542
118000034,6328,2162,4166
118000035,1673,1601,72
118000036,1018,872,146
118000037,675,930,-255
118000038,124,109,15
118000039,72,372,-300
118000040,1465,2315,-850
118000041,1837,1567,270
118000045,619,114,505
118000046,2049,556,1493
118000047,1992,530,1462
118000048,3607,1360,2247
118000051,3312,1853,1459
118000052,2653,913,1740
118000053,1050,1172,-122
118000054,3083,2299,784
118000055,3013,2413,600
118000056,380,358,22
118000057,449,506,-57
118000058,3965,1395,2570
118000059,2493,908,1585
118000060,756,799,-43
118000061,791,1541,-750
118000062,597,287,310
118000063,408,498,-90
118000064,986,1244,-258
118000065,5414,1599,3815
118000066,877,1085,-208
118000067,1296,730,566
118000068,1981,3577,-1596
118000069,3788,1260,2528
118000070,8392,1685,6707
118000071,4288,5005,-717
118000072,2379,1035,1344
118000073,2911,523,2388
118000074,455,570,-115
118000075,960,342,618
118000076,1247,1220,27
118000077,1411,1215,196
118000078,1811,1599,212
118000079,336,399,-63
118000080,1083,844,239
118000081,1466,1092,374
118000082,300,852,-552
118000083,2340,1326,1014
118000084,2589,1421,1168
118000086,238,543,-305
118000087,7240,2816,4424
118000088,1985,1817,168
118000089,4125,2439,1686
118000090,2285,2681,-396
118000091,1900,1753,147
118000092,1393,396,997
118000093,141,642,-501
118000096,447,559,-112
118000097,631,482,149
118000098,194,214,-20
118000099,356,1006,-650
118000101,675,308,367
118000102,264,1692,-1428
118000107,3773,524,3249
118000108,592,1269,-677
118000110,1,24,-23
118000111,3,705,-702
118000112,170,4,166
118000113,12,1278,-1266
118000114,200,4,196
118000115,11,2,9
118000116,40,0,40
118000117,1241,1061,180
118000118,639,622,17
118000119,758,1082,-324
118000120,1764,1852,-88
118000121,60,564,-504
118000122,1240,257,983
118000123,39,258,-219
118000125,1824,1374,450
118000126,690,1577,-887
118000127,1608,651,957
118000128,691,1294,-603
118000129,854,312,542
118000130,2893,4436,-1543
118000131,832,1238,-406
118000132,1994,1483,511
118000133,503,523,-20
118000135,508,293,215
118000136,85,556,-471
118000137,637,100,537
118000138,274,1059,-785
118000139,196,83,113
118000140,2424,3411,-987
118000141,1733,2203,-470
118000142,1243,2180,-937
118000143,1413,1032,381
118000144,1655,1129,526
118000145,1375,2836,-1461
118000146,1024,1408,-384
118000147,769,1871,-1102
118000148,344,1364,-1020
118000149,693,1446,-753
118000150,252,305,-53
118000151,261,522,-261
118000153,722,1271,-549
118000154,790,1767,-977
118000155,933,1444,-511
118000156,2489,2508,-19
118000157,404,412,-8
118000158,154,489,-335
118000159,37,82,-45
118000160,373,446,-73
118000161,360,1105,-745
118000162,977,904,73
118000163,575,672,-97
118000164,2188,1414,774
118000168,1484,339,1145
118000169,1025,1994,-969
118000170,3952,6707,-2755
118000171,230,774,-544
118000172,149,329,-180
118000173,819,1169,-350
118000175,276,345,-69
118000176,250,459,-209
118000177,179,589,-410
118000178,84,47,37
118000179,1643,950,693
118000180,854,846,8
118000181,868,371,497
118000182,301,315,-14
118000183,251,287,-36
118000184,502,1097,-595
118000185,1237,789,448
118000186,637,941,-304
118000187,835,925,-90
118000188,413,288,125
118000189,302,1030,-728
118000190,12,16,-4
118000191,13,62,-49
118000192,332,212,120
118000193,180,365,-185
118000194,1879,1032,847
118000195,1145,629,516
118000196,496,116,380
118000197,209,156,53
118000198,548,484,64
118000199,773,356,417
118000200,67,250,-183
118000201,579,340,239
118000202,52,41,11
118000203,1369,378,991
118000204,153,230,-77
118000205,247,293,-46
118000206,179,186,-7
118000207,1,174,-173
118000208,949,1635,-686
118000209,1441,2002,-561
118000210,38,30,8
118000211,24,32,-8
118000213,1047,1405,-358
118000214,592,379,213
118000215,224,290,-66
118000216,1599,4135,-2536
118000217,16,123,-107
118000218,49,108,-59
118000219,527,420,107
118000220,2,19,-17
118000221,109,302,-193
118000222,65,30,35
118000223,14,37,-23
118000224,220,99,121
118000225,92,1024,-932
118000226,662,111,551
118000227,938,318,620
118000228,159,196,-37
118000229,304,38,266
118000230,82,403,-321
118000231,72,242,-170
118000232,550,1095,-545
118000233,640,918,-278
118000234,178,323,-145
118000236,357,535,-178
118000237,35,684,-649
118000238,108,386,-278
118000239,246,325,-79
118000240,692,89,603
118000241,129,203,-74
118000242,274,754,-480
118000243,127,262,-135
118000244,22,211,-189
118000246,0,11,-11
118000255,31,254,-223
118000256,76,241,-165
118000259,2,66,-64
118000260,61,114,-53
118000261,15,135,-120
118000263,70,224,-154
118000266,74,434,-360
118000267,1,88,-87
118000268,235,4,231
118000270,30,59,-29
118000271,141,335,-194
118000272,62,25,37
118000273,98,130,-32
118000274,102,372,-270
118000276,368,499,-131
118000295,27,63,-36
118000298,201,455,-254
118000299,61,196,-135
118000301,1,59,-58
118000302,66,106,-40
118000311,168,154,14
118000312,177,202,-25
118000313,50,250,-200
118000314,66,89,-23
118000315,42,97,-55
118000316,471,559,-88
118000325,28,119,-91
118000326,15,37,-22
118000331,42,86,-44
118000332,13,87,-74
118000333,23,101,-78
118000335,114,2,112
118000336,4,494,-490
118000407,63,72,-9
118000457,13,19,-6
118000465,5052,3061,1991
118000480,9,146,-137
118000489,82,183,-101
118000490,127,552,-425
118000492,124,194,-70
118000510,59,15,44
118000514,155,398,-243
118000515,582,384,198
118000517,420,171,249
118000524,783,248,535
118000525,813,970,-157
118000530,16,127,-111
118000531,136,359,-223
118000532,163,339,-176
118000533,295,184,111
118000534,484,402,82
118000535,182,88,94
118000536,1219,914,305
118000537,15,125,-110
118000538,21,125,-104
118000539,28,66,-38
118000540,349,354,-5
118000541,175,142,33
118000542,85,189,-104
118000543,249,281,-32
118000546,32,35,-3
118000560,3990,1108,2882
118000562,35,376,-341
118000563,1873,1481,392
118000576,127,203,-76
118000577,145,107,38
118000578,147,115,32
118000579,764,1043,-279
118000595,115,55,60
118000596,0,71,-71
118000597,97,109,-12
118000598,6,3,3
118000599,34,53,-19
118000600,3,67,-64
118000601,10,0,10
118000602,0,31,-31
118000603,0,27,-27
118900001,1443,1004,439
118900002,1266,718,548
118900003,161,30,131
118900004,21,79,-58
118900005,52,2,50
118900006,58,1,57
118900007,13,4,9
118900008,1534,52,1482
118900009,26,33,-7
118900010,29,1,28
118900011,108,36,72
118900012,445,256,189
118900013,647,51,596
118900015,124,43,81
118900016,9,24,-15
118900017,190,254,-64
118900018,1248,21,1227
118900019,74,14,60
118900020,148,122,26
118900021,121,386,-265
118900022,106,128,-22
118900023,68,113,-45
118900024,38,183,-145
118900025,33,19,14
118900026,60,113,-53
118900027,438,262,176
118900028,61,221,-160
118900029,139,457,-318
118900030,116,56,60
118900031,112,119,-7
118900032,81,258,-177
118900033,374,766,-392
118900034,71,7,64
118900035,99,312,-213
118900036,748,814,-66
118900037,303,377,-74
118900038,207,371,-164
118900039,331,281,50
118900040,174,248,-74
118900041,326,190,136
118900042,103,81,22
118900045,206,150,56
118900046,910,191,719
118900047,780,184,596
118900048,94,164,-70
118900049,54,35,19
118900050,20,149,-129
118900051,58,52,6
118900052,179,319,-140
118900053,28,80,-52
118900054,72,73,-1
118900055,22,178,-156
118900056,10,200,-190
118900057,395,333,62
118900058,336,522,-186
118900059,18,95,-77
118900060,43,140,-97
118900062,184,251,-67
118900064,787,429,358
118900065,36,213,-177
118900066,46,121,-75
118900067,6782,2232,4550
118900068,3,181,-178
118900069,268,241,27
118900071,5,74,-69
118900072,333,432,-99
118900073,43,127,-84
118900074,72,195,-123
118900075,21,89,-68
118900076,187,76,111
118900077,173,176,-3
118900078,32,7,25
118900079,59,236,-177
118900080,22,110,-88
118900081,40,12,28
118900082,397,144,253
118900083,15,29,-14
118900084,12,29,-17
118900085,605,1067,-462
118900086,29,53,-24
118900087,7,134,-127
118900088,0,21,-21
118900089,28,27,1
118900090,341,504,-163
118900091,241,125,116
118900092,77,133,-56
118900093,95,12,83
118900096,51,20,31
118900097,157,730,-573
118900099,57,351,-294
118900100,115,276,-161
118900101,35,717,-682
118900102,20,70,-50
118900103,35,61,-26
118900104,27,31,-4
118900105,151,130,21
118900107,151,89,62
118900108,66,95,-29
118900110,2013,540,1473
118900111,307,883,-576
118900112,41,129,-88
118900113,47,737,-690
118900114,10,123,-113
118900115,103,409,-306
118900116,97,179,-82
118900117,89,154,-65
118900118,176,507,-331
118900119,94,294,-200
118900120,74,288,-214
118900121,21,367,-346
118900122,9,636,-627
118900123,118,207,-89
118900124,82,177,-95
118900126,16,267,-251
118900129,138,207,-69
118900130,23,153,-130
118900131,79,312,-233
118900132,453,203,250
118900133,14,72,-58
118900135,93,270,-177
118900136,197,960,-763
118900137,5,17,-12
118900139,118,701,-583
118900140,387,896,-509
118900141,48,353,-305
118900144,124,739,-615
118900145,41,222,-181
118900146,203,1059,-856
118900147,145,95,50
118900148,27,93,-66
118900150,109,404,-295
118900152,540,1033,-493
118900157,99,158,-59
118900158,77,156,-79
118900159,1,276,-275
118900161,62,9,53
118900163,319,101,218
118900164,4,118,-114
118900165,51,332,-281
118900166,129,10,119
118900167,48,194,-146
118900168,6,54,-48
118900169,100,455,-355
118900170,72,174,-102
118900171,19,25,-6
118900174,61,58,3
118900175,220,509,-289
118900176,99,219,-120
118900177,20,68,-48
118900178,58,111,-53
118900179,4,50,-46
118900181,95,152,-57
118900182,104,40,64
118900183,10,94,-84
118900184,151,62,89
118900185,50,121,-71
118900186,82,99,-17
118900187,132,351,-219
118900188,201,385,-184
118900189,34,523,-489
118900190,26,656,-630
118900191,105,66,39
118900192,128,37,91
118900193,239,8,231
118900195,365,1147,-782
118900196,33,192,-159
118900197,91,109,-18
118900198,15,72,-57
118900199,33,71,-38
118900200,10,7,3
118900201,3,15,-12
118900202,7,53,-46
118900203,5,49,-44
118900204,12,56,-44
118900205,15,29,-14
118900206,7,63,-56
119000001,1119,1473,-354
119000002,2718,4158,-1440
119000003,1463,1832,-369
119000004,1737,1547,190
119000005,1576,1713,-137
119000006,1659,1516,143
119000007,2594,3173,-579
119000008,1455,2324,-869
119000009,3476,2891,585
119000010,8707,4308,4399
119000011,6531,2528,4003
119000012,5664,3805,1859
119000013,2482,1430,1052
119000014,2551,4132,-1581
119000019,236,171,65
119000020,1234,1390,-156
119000021,2601,1950,651
119000022,4167,1686,2481
119000023,229,220,9
119000024,2332,6816,-4484
119000025,13650,1581,12069
119000026,312,282,30
119000027,570,467,103
119000028,2141,1393,748
119000029,105,298,-193
119000030,471,1401,-930
119000031,717,855,-138
119000032,2637,3028,-391
119000033,1930,2017,-87
119000034,998,1310,-312
119000035,36,422,-386
119000036,900,1375,-475
119000037,919,2809,-1890
119000038,110,1505,-1395
119000039,159,373,-214
119000040,1146,455,691
119000041,931,1127,-196
119000048,4101,4493,-392
119000049,1068,4000,-2932
119000050,1609,2530,-921
119000051,1840,1019,821
119000052,2166,3329,-1163
119000053,1692,1315,377
119000054,2799,4737,-1938
119000055,2598,4395,-1797
119000056,1646,2418,-772
119000057,1365,3143,-1778
119000058,1854,2594,-740
119000059,1023,1862,-839
119000060,1003,897,106
119000061,839,1069,-230
119000062,1027,1495,-468
119000063,308,309,-1
119000064,1152,1790,-638
119000065,2030,4112,-2082
119000066,1866,960,906
119000067,1758,3201,-1443
119000068,1127,1134,-7
119000069,1186,3129,-1943
119000070,1460,1250,210
119000071,552,1069,-517
119000072,7348,4478,2870
119000073,5890,5905,-15
119000074,817,4301,-3484
119000075,894,2799,-1905
119000076,639,1013,-374
119000077,893,646,247
119000078,306,291,15
119000079,81,835,-754
119000080,235,275,-40
119000081,211,475,-264
119000082,620,363,257
119000083,318,401,-83
119000084,241,663,-422
119000085,686,329,357
119000086,320,457,-137
119000087,1874,1193,681
119000088,274,216,58
119000089,37,175,-138
119000090,145,180,-35
119000091,181,473,-292
119000092,674,220,454
119000093,4667,4173,494
119000094,2006,6646,-4640
119000095,1194,3454,-2260
119000097,2620,1961,659
119000098,673,1689,-1016
119000099,2166,2102,64
119000100,2417,2349,68
119000101,3517,2979,538
119000102,779,926,-147
119000103,1615,553,1062
119000104,3727,1823,1904
119000105,819,1051,-232
119000106,235,2442,-2207
119000107,448,591,-143
119000108,268,1571,-1303
119000109,157,426,-269
119000110,707,590,117
119000111,74,619,-545
119000112,201,125,76
119000113,3376,287,3089
119000114,837,721,116
119000115,281,252,29
119000116,115,130,-15
119000117,106,420,-314
119000118,4,1,3
119000123,3773,764,3009
119000124,435,278,157
119000125,1977,1414,563
119000126,211,1256,-1045
119000127,336,1094,-758
119000128,76,6,70
119000131,718,1376,-658
119000132,1,5,-4
119000133,2,13,-11
119000134,2743,569,2174
119000135,74,261,-187
119000136,118,405,-287
119000137,184,706,-522
119000138,185,591,-406
119000139,211,372,-161
119000140,136,374,-238
119000284,1606,3218,-1612
119000285,2769,2787,-18
119000286,7880,6263,1617
119000287,1252,2649,-1397
119000288,1701,2172,-471
119000289,2364,4659,-2295
119000290,207,665,-458
119000291,6,574,-568
119000293,74,209,-135
119000294,43,40,3
119000295,2744,634,2110
119000296,125,108,17
119000302,4432,1583,2849
119000303,46,175,-129
119000314,1697,6876,-5179
119000315,3,901,-898
119000316,37,146,-109
119000317,43,564,-521
119900001,226,939,-713
119900002,80,302,-222
119900003,53,1647,-1594
119900004,413,437,-24
119900005,82,192,-110
119900006,148,383,-235
119900007,633,89,544
119900008,79,45,34
119900009,530,743,-213
119900010,2199,1449,750
119900011,26,52,-26
119900012,24,49,-25
119900013,1770,835,935
119900014,711,274,437
119900015,69,19,50
119900016,16,112,-96
119900017,8,56,-48
119900018,1985,365,1620
119900019,28,6,22
119900020,91,169,-78
119900021,94,97,-3
119900022,161,393,-232
119900023,920,718,202
119900025,101,24,77
119900026,957,100,857
119900027,6,52,-46
119900028,202,58,144
119900029,3,5,-2
119900030,518,509,9
119900031,32,258,-226
119900033,2505,186,2319
119900034,155,178,-23
119900037,101,51,50
119900038,37,221,-184
119900039,38,2,36
119900040,41,11,30
119900041,66,54,12
119900042,69,180,-111
119900043,38,253,-215
119900044,235,424,-189
119900046,38,127,-89
119900047,175,87,88
119900048,7,44,-37
119900049,54,15,39
119900050,95,96,-1
119900051,261,14,247
119900052,27,99,-72
119900053,114,232,-118
119900054,59,5,54
119900055,777,332,445
119900057,83,138,-55
119900058,124,4,120
119900059,133,64,69
119900060,139,9,130
119900062,32,56,-24
119900063,25,40,-15
119900064,322,83,239
119900065,158,6,152
119900066,0,0,0
119900067,70,24,46
119900068,210,8,202
119900069,52,30,22
119900070,405,10,395
119900071,412,13,399
119900073,2047,494,1553
119900074,34,17,17
119900075,7439,2258,5181
119900076,341,788,-447
119900077,382,1810,-1428
119900078,254,1111,-857
119900079,99,368,-269
119900080,912,1593,-681
119900081,38,39,-1
119900082,698,525,173
119900083,387,114,273
119900084,787,218,569
119900085,173,98,75
119900086,12,81,-69
119900087,390,267,123
119900088,58,82,-24
119900089,10,784,-774
119900090,223,89,134
119900091,34,1514,-1480
119900092,26,542,-516
119900093,712,119,593
119900094,58,234,-176
119900095,198,98,100
119900096,62,130,-68
119900097,629,179,450
119900098,32,72,-40
119900099,35,362,-327
119900100,3405,2511,894
119900101,258,1206,-948
119900102,17,390,-373
119900103,26,651,-625
119900104,47,396,-349
119900105,1157,1786,-629
119900106,24,291,-267
119900107,500,4712,-4212
119900108,2490,843,1647
119900109,18,313,-295
119900110,511,890,-379
119900111,56,509,-453
119900112,3491,581,2910
119900113,98,582,-484
119900114,206,2249,-2043
119900115,161,1781,-1620
119900116,149,352,-203
119900117,192,1177,-985
119900118,28,1646,-1618
119900119,116,300,-184
119900120,818,912,-94
119900121,192,1809,-1617
119900122,357,500,-143
119900123,176,322,-146
119900124,98,1371,-1273
119900125,53,551,-498
119900126,6518,334,6184
119900127,3839,1214,2625
119900128,249,1005,-756
119900129,100,1246,-1146
119900130,47,338,-291
119900131,37,555,-518
119900132,5,521,-516
119900133,22,44,-22
119900134,3046,378,2668
119900135,0,763,-763
119900136,190,658,-468
119900138,496,829,-333
119900139,25,112,-87
119900140,1,217,-216
119900141,161,459,-298
119900142,12,38,-26
119900143,16,219,-203
119900144,2645,267,2378
119900145,75,327,-252
119900146,172,179,-7
119900147,5,138,-133
119900148,88,57,31
119900149,2262,2977,-715
119900150,178,295,-117
119900151,1979,795,1184
119900152,63,656,-593
119900153,104,84,20
119900154,34,374,-340
119900155,26,41,-15
119900156,7,7,0
119900157,56,372,-316
119900158,72,63,9
119900159,22,2424,-2402
119900160,21,299,-278
119900161,153,461,-308
119900162,748,948,-200
119900163,168,124,44
119900164,1,0,1
119900165,81,396,-315
119900166,81,24,57
119900167,118,179,-61
119900168,413,533,-120
119900169,183,374,-191
119900170,179,215,-36
119900171,757,737,20
119900172,157,30,127
119900173,9,704,-695
119900174,15,399,-384
119900175,758,767,-9
119900177,18,323,-305
119900178,11,237,-226
119900179,54,249,-195
119900180,779,882,-103
119900181,44,58,-14
119900182,7,777,-770
119900183,120,1052,-932
119900184,4267,766,3501
119900185,19,134,-115
119900186,83,435,-352
119900187,8,791,-783
119900188,38,413,-375
119900189,538,269,269
119900190,61,170,-109
119900191,342,95,247
119900192,20,248,-228
119900193,182,249,-67
119900194,17,64,-47
119900195,28,308,-280
119900196,2579,643,1936
119900197,130,137,-7
119900198,100,523,-423
119900199,148,24,124
119900200,443,685,-242
119900201,530,305,225
119900202,158,124,34
119900203,133,304,-171
119900204,166,496,-330
119900205,312,850,-538
119900206,70,200,-130
119900208,152,195,-43
119900209,284,836,-552
119900210,11,58,-47
119900211,64,21,43
119900212,71,291,-220
119900213,5,73,-68
119900214,23,136,-113
119900215,32,105,-73
119900216,5,138,-133
119900217,6,105,-99
119900218,23,95,-72
119900219,17,191,-174
119900220,6,190,-184
119900221,15,639,-624
119900222,10,403,-393
119900223,32,145,-113
119900224,19,50,-31
119900225,1710,78,1632
119900226,1249,1533,-284
119900227,1828,498,1330
119900228,71,411,-340
119900229,298,597,-299
119900230,1742,767,975
119900231,142,294,-152
119900232,203,62,141
119900233,50,3,47
119900234,18,81,-63
119900235,19,37,-18
119900236,21,267,-246
119900237,44,854,-810
119900238,3,127,-124
119900240,56,172,-116
119900241,209,337,-128
119900242,1897,1301,596
119900244,845,1726,-881
119900245,61,146,-85
119900246,293,372,-79
119900247,19,93,-74
119900248,60,81,-21
119900249,148,64,84
119900253,5553,427,5126
119900254,52,269,-217
119900255,47,613,-566
119900256,224,1923,-1699
119900257,21,9,12
119900258,56,36,20
119900259,5,262,-257
119900260,102,6,96
119900261,169,277,-108
119900262,5,413,-408
119900263,1017,524,493
119900264,46,373,-327
119900265,250,525,-275
119900266,153,339,-186
119900267,155,452,-297
119900268,152,297,-145
119900269,429,2013,-1584
119900271,29,87,-58
119900272,142,41,101
119900275,130,18,112
119900276,36,16,20
119900277,5,4,1
119900278,272,85,187
119900279,134,217,-83
119900280,1157,287,870
119900281,0,143,-143
119900282,43,33,10
119900283,8,476,-468
119900284,59,331,-272
119900285,244,202,42
119900286,27,37,-10
119900288,3,28,-25
119900289,0,55,-55
119900290,4,40,-36
119900291,0,48,-48
119900292,36,10,26
119900293,18,51,-33
119900294,20,93,-73
119900295,3,27,-24
119900296,27,474,-447
119900297,0,35,-35
119900298,6,11,-5
119900299,35,302,-267
119900300,112,257,-145
119900301,101,53,48
119900302,78,72,6
119900303,200,271,-71
119900304,80,40,40
119900305,20,107,-87
119900306,24,5,19
119900307,73,231,-158
119900308,6,21,-15
119900309,17,61,-44
119900310,279,424,-145
119900311,48,199,-151
119900312,58,131,-73
119900313,224,475,-251
119900314,109,314,-205
119900315,663,3593,-2930
119900318,6,17,-11
119900319,17,484,-467
119900320,123,869,-746
119900321,38,0,38
119900322,5,3,2
119900323,0,6,-6
119900324,0,0,0
119900325,1,55,-54
120000001,9579,10431,-852
120000002,2268,4044,-1776
120000003,4219,2243,1976
120000004,3032,3060,-28
120000005,5503,2645,2858
120000006,1208,1515,-307
120000007,3516,2576,940
120000008,1015,1382,-367
120000009,5603,1262,4341
120000010,1730,3669,-1939
120000011,1270,2481,-1211
120000012,1893,3878,-1985
120000013,2448,3306,-858
120000014,574,2005,-1431
120000015,2530,1856,674
120000016,3500,2706,794
120000017,2176,2279,-103
120000018,6059,8798,-2739
120000019,795,1151,-356
120000020,3499,2853,646
120000021,2321,2090,231
120000022,3255,3755,-500
120000023,955,1957,-1002
120000024,1595,2556,-961
120000025,2012,2707,-695
120000026,914,2052,-1138
120000027,1427,1814,-387
120000028,830,510,320
120000029,4625,577,4048
120000030,682,839,-157
120000031,2196,7899,-5703
120000032,12286,4213,8073
120000033,3482,2238,1244
120000034,1232,2903,-1671
120000035,1693,3133,-1440
120000036,2469,4664,-2195
120000037,676,1125,-449
120000038,12851,4079,8772
120000039,496,1177,-681
120000040,165,213,-48
120000041,820,2440,-1620
120000042,1675,5718,-4043
120000043,4807,3752,1055
120000044,3301,1540,1761
120000045,3543,1217,2326
120000046,1742,2302,-560
120000047,2859,3674,-815
120000048,10265,4013,6252
120000049,3779,3287,492
120000050,3626,5691,-2065
120000051,4262,5314,-1052
120000052,17080,3041,14039
120000053,964,5032,-4068
120000054,1537,8204,-6667
120000055,1453,6113,-4660
120000056,3253,6654,-3401
120000057,1632,1043,589
120000058,805,273,532
120000059,97,1192,-1095
120000061,100,1096,-996
120000062,216,390,-174
120000063,2405,4199,-1794
120000064,274,2243,-1969
120000065,921,2808,-1887
120000066,184,666,-482
120000067,62,906,-844
120000068,171,1599,-1428
120000069,536,2211,-1675
120000070,39,1382,-1343
120000071,171,226,-55
120000072,274,604,-330
120000073,339,128,211
120000074,64,96,-32
120000075,428,265,163
120000076,2287,539,1748
120000077,1416,505,911
120000078,3013,887,2126
120000079,122,79,43
120000080,62,147,-85
120000081,191,125,66
120000082,117,130,-13
120000083,62,271,-209
120000084,552,687,-135
120000085,337,402,-65
120000086,305,837,-532
120000087,113,1453,-1340
120000088,777,1816,-1039
120000089,889,825,64
120000090,540,671,-131
120000091,593,1115,-522
120000092,964,763,201
120000093,250,615,-365
120000094,116,578,-462
120000095,869,968,-99
120000096,223,1571,-1348
120000098,788,1407,-619
120000099,324,939,-615
120000100,605,1164,-559
120000101,404,655,-251
120000102,398,719,-321
120000103,976,612,364
120000104,1434,314,1120
120000105,2028,405,1623
120000106,1388,438,950
120000107,2052,523,1529
120000108,740,127,613
120000109,760,73,687
120000110,79,1331,-1252
120000111,124,1876,-1752
120000112,841,5519,-4678
120000113,579,4030,-3451
120000114,811,3726,-2915
120000115,341,3209,-2868
120000116,715,2703,-1988
120000117,1587,2054,-467
120000118,54,56,-2
120000119,38,71,-33
120000120,80,60,20
120000121,36,56,-20
120000122,377,327,50
120000123,8316,4398,3918
120000124,370,702,-332
120000125,358,845,-487
120000126,300,833,-533
120000127,2869,866,2003
120000128,5871,2209,3662
120000129,355,323,32
120000130,772,866,-94
120000131,246,530,-284
120000134,431,1980,-1549
120000135,205,370,-165
120000137,120,3070,-2950
120000138,322,708,-386
120000139,156,1591,-1435
120000140,336,804,-468
120000141,253,744,-491
120000142,318,799,-481
120000143,1,192,-191
120000144,45,0,45
120000145,185,2,183
120000146,2872,1230,1642
120000149,479,1198,-719
120000150,6660,9962,-3302
120000151,443,641,-198
120000152,339,423,-84
120000153,224,1117,-893
120000154,440,472,-32
120000155,97,245,-148
120000156,1800,680,1120
120000157,1021,925,96
120000158,723,1167,-444
120000159,1740,2731,-991
120000160,2233,1441,792
120000161,1057,3092,-2035
120000162,59,308,-249
120000163,329,2175,-1846
120000164,294,697,-403
120000165,274,1444,-1170
120000166,655,930,-275
120000167,31,54,-23
120000168,13,180,-167
120000169,82,485,-403
120000170,119,334,-215
120000171,21,114,-93
120000172,16,51,-35
120000173,3025,222,2803
120000174,590,18,572
120000175,565,15,550
120000176,321,43,278
120000177,2131,302,1829
120000178,180,10,170
120000179,566,29,537
120000180,806,69,737
120000181,122,236,-114
120000182,106,165,-59
120000183,15,227,-212
120000184,137,1682,-1545
120000186,48,91,-43
120000187,105,55,50
120000188,320,95,225
120000190,1785,17,1768
120000191,2541,35,2506
120000192,2931,34,2897
120000193,1041,7,1034
120000195,173,3,170
120000196,445,66,379
120000197,95,154,-59
120000198,133,209,-76
120000199,47,3,44
120000200,46,1,45
120000201,11,17,-6
120000202,0,88,-88
120000203,26,446,-420
120000207,2,132,-130
120000208,4,403,-399
120000209,5,142,-137
120000210,243,149,94
120000211,53,2,51
120000212,84,1,83
120000213,77,680,-603
120000214,2,640,-638
120000215,4,324,-320
120000216,56,13,43
120000217,1200,2015,-815
120000218,322,1665,-1343
120000219,11,1181,-1170
120000220,13,4014,-4001
120000225,762,1,761
120000226,185,2,183
120000227,605,34,571
120000228,9822,2544,7278
120000230,192,11,181
120000231,749,3364,-2615
120000233,131,31,100
120000235,119,1098,-979
120000236,627,0,627
120000237,9,2945,-2936
120000238,1,190,-189
120000241,1442,3854,-2412
120000412,2216,31,2185
120000413,118,608,-490
120000414,50,5,45
120000415,3,219,-216
120000416,62,11,51
120000417,3,132,-129
120000418,104,14,90
120000419,9,697,-688
120000420,46,57,-11
120000421,18366,7363,11003
120000422,283,494,-211
120000423,2,41,-39
120000424,48,193,-145
120000436,131,433,-302
120000437,188,235,-47
120000438,5801,549,5252
120000439,182,347,-165
120000443,111,0,111
120000444,883,1040,-157
120000445,1570,1325,245
120000446,1253,409,844
120000447,195,3,192
120000449,51,14,37
120000450,4,513,-509
120000451,101,345,-244
120000452,107,1,106
120000453,4,565,-561
120000454,65,33,32
120000455,62,87,-25
120000456,3795,3146,649
120000457,2300,1061,1239
120000458,657,942,-285
120000459,55,91,-36
120000665,1332,213,1119
120000668,73,286,-213
120000669,120,645,-525
120000670,256,485,-229
120000671,738,299,439
120000672,105,640,-535
120900001,53,41,12
120900002,536,308,228
120900003,156,30,126
120900004,21,55,-34
120900005,13,2298,-2285
120900006,151,228,-77
120900007,100,192,-92
120900008,265,2047,-1782
120900009,164,38,126
120900010,230,61,169
120900011,456,143,313
120900012,1473,1034,439
120900013,249,43,206
120900014,10,1064,-1054
120900015,408,130,278
120900016,452,69,383
120900017,3883,202,3681
120900018,56,646,-590
120900019,437,175,262
120900020,890,949,-59
120900021,476,76,400
120900022,33,503,-470
120900023,125,59,66
120900024,1940,541,1399
120900025,2655,1098,1557
120900026,74,278,-204
120900027,803,97,706
120900028,224,51,173
120900029,129,248,-119
120900030,767,644,123
120900031,138,56,82
120900032,524,212,312
120900033,783,36,747
120900034,53,2119,-2066
120900035,47,296,-249
120900037,141,6,135
120900038,60,145,-85
120900039,66,26,40
120900040,128,2,126
120900041,189,38,151
120900042,193,113,80
120900043,26,19,7
120900044,9,610,-601
120900045,137,271,-134
120900046,243,4,239
120900047,68,53,15
120900048,36,19,17
120900049,221,1,220
120900050,5021,1227,3794
120900051,213,137,76
120900052,290,12,278
120900053,144,119,25
120900054,1820,1077,743
120900055,188,6,182
120900056,278,12,266
120900057,96,28,68
120900058,253,0,253
120900059,52,1,51
120900060,46,36,10
120900061,295,420,-125
120900062,118,0,118
120900063,266,6,260
120900064,233,2,231
120900065,208,23,185
120900066,125,572,-447
120900067,172,34,138
120900068,109,0,109
120900069,85,83,2
120900071,28,0,28
120900072,344,1,343
120900073,269,305,-36
120900074,325,4,321
120900076,171,0,171
120900077,5316,339,4977
120900078,379,765,-386
120900079,404,160,244
120900080,316,3531,-3215
120900081,549,1112,-563
120900082,802,475,327
120900083,63,3,60
120900084,191,264,-73
120900085,164,152,12
120900086,196,207,-11
120900087,276,146,130
120900088,161,257,-96
120900089,6264,1663,4601
120900090,124,314,-190
120900091,472,375,97
120900092,1114,866,248
120900093,4814,349,4465
120900094,654,297,357
120900095,475,40,435
120900096,27,202,-175
120900097,768,1376,-608
120900098,298,207,91
120900099,58,117,-59
120900100,85,415,-330
120900101,695,464,231
120900102,19,142,-123
120900103,34,201,-167
120900104,20,77,-57
120900105,48,979,-931
120900106,1599,964,635
120900107,443,213,230
120900108,9,1271,-1262
120900109,44,1157,-1113
120900110,10,820,-810
120900111,155,527,-372
120900112,9,1881,-1872
120900113,26,1311,-1285
120900114,31,264,-233
120900115,124,225,-101
120900116,157,987,-830
120900117,3,854,-851
120900118,11,1449,-1438
120900119,4240,4771,-531
120900120,46,1099,-1053
120900121,130,699,-569
120900122,263,1004,-741
120900123,4,829,-825
120900124,3,1089,-1086
120900125,3,1611,-1608
120900126,1873,1027,846
120900127,8,660,-652
120900128,971,1393,-422
120900129,65,545,-480
120900130,10,920,-910
120900131,26,92,-66
120900132,546,682,-136
120900133,224,1678,-1454
120900134,635,718,-83
120900135,7,989,-982
120900136,22,66,-44
120900137,120,170,-50
120900138,16,288,-272
120900139,7,1185,-1178
120900140,6,98,-92
120900141,92,133,-41
120900142,31,1234,-1203
120900143,5,1456,-1451
120900144,1,346,-345
120900145,155,1244,-1089
120900146,5,1718,-1713
120900147,1,488,-487
120900148,98,190,-92
120900149,1,601,-600
120900150,26,917,-891
120900151,5,1138,-1133
120900152,0,93,-93
120900153,27,106,-79
120900154,8,547,-539
120900155,126,1612,-1486
120900156,23,471,-448
120900157,33,251,-218
120900158,44,808,-764
120900159,18,348,-330
120900160,33,505,-472
120900161,25,1154,-1129
120900162,21,1158,-1137
120900163,18,226,-208
120900164,0,2,-2
120900165,13,2,11
120900166,27,175,-148
120900167,376,87,289
120900169,34,880,-846
120900170,3241,1697,1544
120900171,1746,494,1252
120900172,1832,234,1598
120900173,2,122,-120
120900174,6,180,-174
120900175,370,278,92
120900176,11,310,-299
120900177,1,525,-524
120900178,0,279,-279
120900179,1051,552,499
120900180,160,125,35
120900181,85,83,2
120900182,8,619,-611
120900183,448,97,351
120900184,244,105,139
120900185,8,460,-452
120900186,1,786,-785
120900187,286,936,-650
120900188,88,13,75
120900189,193,493,-300
120900190,17,17,0
120900191,4,54,-50
120900192,17382,3277,14105
120900194,22,84,-62
120900195,152,350,-198
120900196,457,32,425
120900197,523,93,430
120900198,270,868,-598
120900199,336,1967,-1631
120900200,228,160,68
120900201,811,206,605
120900202,2,350,-348
120900203,14,68,-54
120900204,218,480,-262
120900205,66,156,-90
120900206,8,24,-16
121000001,1091,1296,-205
121000002,2338,1261,1077
121000003,4757,2348,2409
121000004,2801,3296,-495
121000005,2314,2966,-652
121000006,3371,1256,2115
121000007,3227,3244,-17
121000008,5420,2814,2606
121000009,7798,6078,1720
121000010,9773,4405,5368
121000011,12724,14081,-1357
121000012,18512,9324,9188
121000013,5620,7986,-2366
121000014,7407,6281,1126
121000015,4868,6517,-1649
121000016,5105,3757,1348
121000017,2027,4111,-2084
121000018,2419,2132,287
121000019,26007,9868,16139
121000020,17296,9783,7513
121000021,3411,3655,-244
121000022,1805,1901,-96
121000023,5094,3545,1549
121000024,3200,3505,-305
121000025,645,978,-333
121000026,245,130,115
121000027,1561,971,590
121000028,810,481,329
121000029,938,891,47
121000030,569,507,62
121000031,564,680,-116
121000032,164,99,65
121000034,219,160,59
121000035,135,85,50
121000036,1061,768,293
121000037,576,598,-22
121000038,565,659,-94
121000039,345,394,-49
121000041,367,536,-169
121000042,218,309,-91
121000043,883,687,196
121000044,1814,718,1096
121000045,405,394,11
121000046,494,901,-407
121000047,41,76,-35
121000049,1820,672,1148
121000050,337,1152,-815
121000051,627,384,243
121000052,278,593,-315
121000053,416,87,329
121000054,44,249,-205
121000055,1491,1118,373
121000056,978,1155,-177
121000057,149,351,-202
121000058,498,120,378
121000059,2103,1002,1101
121000060,441,887,-446
121000061,144,187,-43
121000062,124,266,-142
121000063,633,436,197
121000064,601,738,-137
121000065,456,409,47
121000066,511,612,-101
121000067,1093,449,644
121000068,635,387,248
121000069,858,307,551
121000070,1869,1348,521
121000071,1018,889,129
121000072,1466,895,571
121000073,970,886,84
121000074,84,150,-66
121000075,92,81,11
121000076,1675,306,1369
121000077,107,83,24
121000078,132,158,-26
121000080,3156,679,2477
121000081,3092,2286,806
121000082,145,293,-148
121000083,216,114,102
121000084,214,89,125
121000085,348,470,-122
121000086,142,1106,-964
121000087,45,283,-238
121000088,419,833,-414
121000089,557,275,282
121000090,452,356,96
121000091,2038,930,1108
121000092,126,91,35
121000093,163,250,-87
121000094,590,615,-25
121000095,291,507,-216
121000096,2368,3067,-699
121000097,1707,1981,-274
121000098,373,1650,-1277
121000099,322,960,-638
121000100,629,690,-61
121000101,178,350,-172
121000102,147,545,-398
121000103,121,415,-294
121000104,171,231,-60
121000105,259,370,-111
121000106,206,615,-409
121000107,2445,4203,-1758
121000109,1558,1265,293
121000110,447,652,-205
121000114,2845,2683,162
121000115,836,888,-52
121000116,451,958,-507
121000117,1109,279,830
121000118,1173,377,796
121000119,244,337,-93
121000120,200,610,-410
121000121,400,1030,-630
121000123,1500,679,821
121000126,120,370,-250
121000127,180,118,62
121000128,655,689,-34
121000129,558,634,-76
121000130,452,1232,-780
121000131,2470,1484,986
121000132,1750,1487,263
121000135,610,641,-31
121000136,1409,695,714
121000137,638,163,475
121000138,1019,904,115
121000139,690,196,494
121000141,249,161,88
121000142,789,580,209
121000143,229,20,209
121000144,1722,1172,550
121000145,475,1472,-997
121000146,985,913,72
121000147,599,509,90
121000148,766,1186,-420
121000149,1771,1268,503
121000152,475,630,-155
121000153,1783,639,1144
121000154,872,624,248
121000155,1146,1138,8
121000156,375,1036,-661
121000157,1779,2168,-389
121000158,382,736,-354
121000159,166,613,-447
121000160,266,792,-526
121000161,90,416,-326
121000162,52,370,-318
121000165,2163,1757,406
121000166,20,466,-446
121000168,289,329,-40
121000169,60,213,-153
121000170,207,94,113
121000171,52,197,-145
121000172,427,478,-51
121000173,1255,854,401
121000174,221,467,-246
121000175,621,603,18
121000176,309,317,-8
121000177,745,691,54
121000178,98,92,6
121000179,131,79,52
121000181,350,439,-89
121000182,87,140,-53
121000183,59,103,-44
121000184,62,98,-36
121000185,17,132,-115
121000186,123,269,-146
121000187,155,329,-174
121000188,55,344,-289
121000192,599,423,176
121000193,511,483,28
121000194,2947,2406,541
121000195,378,1119,-741
121000196,750,244,506
121000197,332,955,-623
121000198,223,66,157
121000199,112,589,-477
121000200,275,113,162
121000201,3,280,-277
121000202,802,115,687
121000203,631,3061,-2430
121000204,1781,687,1094
121000205,184,324,-140
121000206,129,31,98
121000207,1204,626,578
121000208,4,616,-612
121000209,155,511,-356
121000210,287,711,-424
121000211,161,144,17
121000212,250,1011,-761
121000213,10796,2764,8032
121000214,871,1773,-902
121000215,1365,891,474
121000216,397,503,-106
121000217,4359,2202,2157
121000218,618,1957,-1339
121000219,1531,377,1154
121000220,390,78,312
121000221,225,248,-23
121000222,3116,2592,524
121000223,763,393,370
121000224,224,152,72
121000225,1414,927,487
121000226,2727,760,1967
121000227,4,251,-247
121000228,9,939,-930
121000229,122,537,-415
121000230,69,2060,-1991
121000231,555,42,513
121000232,347,211,136
121000233,454,341,113
121000234,12,34,-22
121000235,45,75,-30
121000236,5,64,-59
121000237,102,17,85
121000238,7,139,-132
121000239,62,12,50
121000240,8,293,-285
121000241,107,9,98
121000242,54,193,-139
121000243,597,83,514
121000244,6,82,-76
121000245,41,16,25
121000246,0,95,-95
121000247,57,9,48
121000248,931,867,64
121000249,141,236,-95
121000250,328,80,248
121000251,26,723,-697
121000252,66,35,31
121000253,172,591,-419
121000254,275,282,-7
121000255,136,231,-95
121000256,315,200,115
121000257,72,115,-43
121000258,66,90,-24
121000259,28,46,-18
121000260,40,148,-108
121000261,42,63,-21
121000262,1120,746,374
121000263,400,520,-120
121000271,271,1872,-1601
121000273,83,5,78
121000274,5,38,-33
121000275,4,27,-23
121000276,2,12,-10
121000278,16,64,-48
121000279,59,21,38
121000280,41,65,-24
121000289,282,17,265
121000290,1325,645,680
121000294,95,262,-167
121000297,1100,799,301
121000299,30,307,-277
121000300,715,726,-11
121000302,381,1332,-951
121000303,901,949,-48
121000304,481,67,414
121000305,114,51,63
121000306,91,132,-41
121000308,247,428,-181
121000309,493,741,-248
121000310,111,425,-314
121000311,90,1003,-913
121000312,300,204,96
121000313,544,562,-18
121000314,271,160,111
121000315,77,187,-110
121000530,822,1788,-966
121000531,1019,1542,-523
121000532,6056,4897,1159
121000533,2542,2576,-34
121000918,22,228,-206
121000919,10,48,-38
121000938,1507,1163,344
121000939,1739,854,885
121000956,600,1819,-1219
121000957,3,7,-4
121000958,189,39,150
121000959,369,1238,-869
121000960,1445,2738,-1293
121000961,139,94,45
121000962,427,792,-365
121000973,0,462,-462
121000976,23,181,-158
121000979,389,102,287
121000981,301,279,22
121000982,149,282,-133
121000983,395,457,-62
121000984,31,50,-19
121000985,346,947,-601
121000986,81,433,-352
121000987,255,1961,-1706
121000988,452,118,334
121001302,306,159,147
121001308,3,7,-4
121001309,72,44,28
121001313,126,365,-239
121001314,3711,4817,-1106
121001315,4221,1629,2592
121900001,60,188,-128
121900002,18,13,5
121900003,291,12,279
121900004,89,480,-391
121900005,15,5,10
121900006,61,16,45
121900007,2321,2190,131
121900008,1820,164,1656
121900009,543,15,528
121900010,223,1,222
121900011,263,568,-305
121900012,7,0,7
121900013,1260,77,1183
121900014,1082,364,718
121900015,133,240,-107
121900016,11,31,-20
121900017,417,539,-122
121900018,369,8,361
121900019,186,233,-47
121900020,41,7,34
121900021,679,22,657
121900022,127,196,-69
121900023,100,455,-355
121900024,458,64,394
121900025,431,380,51
121900026,284,41,243
121900027,269,209,60
121900028,246,17,229
121900029,176,196,-20
121900030,545,457,88
121900031,1090,4077,-2987
121900032,77,90,-13
121900033,130,112,18
121900034,210,64,146
121900035,2494,1499,995
121900036,77,391,-314
121900037,151,654,-503
121900038,26,187,-161
121900039,279,46,233
121900040,45,95,-50
121900041,75,156,-81
121900042,217,143,74
121900043,13,5,8
121900044,353,24,329
121900046,262,201,61
121900047,206,50,156
121900048,26,185,-159
121900050,24,41,-17
121900051,116,176,-60
121900052,124,28,96
121900053,316,247,69
121900054,466,916,-450
121900055,2,12,-10
121900058,138,281,-143
121900059,224,91,133
121900060,77,371,-294
121900061,168,132,36
121900062,133,84,49
121900063,695,389,306
121900064,147,754,-607
121900066,28,26,2
121900067,21,43,-22
121900069,156,124,32
121900070,182,145,37
121900071,147,268,-121
121900072,18,192,-174
121900073,257,150,107
121900074,949,471,478
121900075,456,291,165
121900076,345,640,-295
121900077,18,43,-25
121900078,43,63,-20
121900079,0,0,0
121900080,577,504,73
121900082,26,149,-123
121900084,7,287,-280
121900085,0,16,-16
121900086,15,49,-34
121900087,191,99,92
121900088,2792,2708,84
121900089,76,426,-350
121900090,16,135,-119
121900091,22,147,-125
121900092,88,117,-29
121900093,36,80,-44
121900094,9,7,2
121900095,173,91,82
121900096,1531,594,937
121900097,278,132,146
121900098,3,9,-6
121900099,136,92,44
121900100,234,244,-10
121900101,84,95,-11
121900102,9,127,-118
121900103,441,296,145
121900104,1010,225,785
121900105,107,84,23
121900106,8,3,5
121900107,21,28,-7
121900108,0,32,-32
121900109,301,133,168
121900110,260,1435,-1175
121900111,1042,101,941
121900112,95,143,-48
121900113,54,230,-176
121900114,25,63,-38
121900117,184,22,162
121900118,2060,420,1640
121900119,111,161,-50
121900120,20,1248,-1228
121900121,576,48,528
121900122,24,41,-17
121900123,195,395,-200
121900124,100,180,-80
121900125,894,984,-90
121900127,11,87,-76
121900128,37,159,-122
121900129,1175,79,1096
121900130,89,237,-148
121900131,228,86,142
121900132,61,168,-107
121900133,81,395,-314
121900134,12,117,-105
121900135,2550,280,2270
121900136,184,461,-277
121900137,47,288,-241
121900138,89,321,-232
121900139,282,371,-89
121900140,57,203,-146
121900141,49,22,27
121900142,45,164,-119
121900143,8,151,-143
121900144,175,317,-142
121900145,185,248,-63
121900146,503,736,-233
121900147,29,171,-142
121900148,151,287,-136
121900149,279,698,-419
121900150,67,145,-78
121900151,59,192,-133
121900152,67,166,-99
121900153,118,559,-441
121900154,12,130,-118
121900155,1,102,-101
121900156,138,120,18
121900157,2,448,-446
121900158,72,89,-17
121900159,0,223,-223
121900160,53,208,-155
121900161,453,357,96
121900162,119,134,-15
121900163,104,897,-793
121900164,326,205,121
121900165,203,231,-28
121900166,97,220,-123
121900167,115,83,32
121900168,180,119,61
121900169,3,294,-291
121900170,7,201,-194
121900171,459,587,-128
121900172,403,366,37
121900173,965,142,823
121900174,20,57,-37
121900175,159,151,8
121900176,487,1905,-1418
121900177,167,61,106
121900178,13,71,-58
121900179,214,151,63
121900180,6172,2833,3339
121900182,508,320,188
121900183,429,536,-107
121900184,44,563,-519
121900186,1,302,-301
121900187,28,141,-113
121900188,552,344,208
121900189,35,105,-70
121900190,113,518,-405
121900191,83,163,-80
121900192,370,520,-150
121900193,28,253,-225
121900194,4,154,-150
121900195,104,100,4
121900196,762,1026,-264
121900197,443,2179,-1736
121900198,1006,1070,-64
121900199,3,38,-35
121900200,66,197,-131
121900201,1341,542,799
121900202,168,389,-221
121900203,286,867,-581
121900204,1294,955,339
121900205,2,101,-99
121900206,9,13,-4
121900207,176,28,148
121900208,150,331,-181
121900209,51,28,23
121900210,948,1170,-222
121900211,15,80,-65
121900212,155,136,19
121900213,58,106,-48
121900214,2,473,-471
121900215,58,68,-10
121900216,16,79,-63
121900217,181,99,82
121900218,247,484,-237
121900220,216,13,203
121900221,230,663,-433
121900222,153,176,-23
121900223,144,63,81
121900224,52,69,-17
121900225,109,74,35
121900226,302,1057,-755
121900227,136,349,-213
121900228,169,275,-106
121900230,116,97,19
121900231,587,477,110
121900232,316,367,-51
121900233,288,305,-17
121900234,188,451,-263
121900235,286,279,7
121900236,205,142,63
121900237,160,243,-83
121900238,122,184,-62
121900239,125,53,72
121900240,166,145,21
121900241,39,75,-36
121900242,2,0,2
121900243,3,0,3
121900244,8,1,7
121900245,116,158,-42
121900246,1317,426,891
121900247,315,303,12
121900248,1566,849,717
121900250,268,278,-10
121900251,398,46,352
121900252,537,128,409
121900253,104,758,-654
121900254,446,228,218
121900255,202,72,130
121900258,2706,1557,1149
121900259,330,447,-117
121900260,81,268,-187
121900261,111,406,-295
121900262,427,688,-261
121900263,100,310,-210
121900264,2394,1400,994
121900265,158,330,-172
121900266,211,190,21
121900267,44,42,2
121900269,149,372,-223
121900270,27,198,-171
121900271,26,183,-157
121900273,443,1298,-855
121900274,149,293,-144
121900277,314,1549,-1235
121900278,114,918,-804
121900279,202,282,-80
121900280,164,345,-181
121900281,644,134,510
121900284,242,10,232
121900286,65,275,-210
121900287,35,22,13
121900290,232,300,-68
121900291,381,558,-177
121900292,192,111,81
121900293,790,3300,-2510
121900294,250,2,248
121900295,47,275,-228
121900296,89,77,12
121900298,383,432,-49
121900299,0,0,0
121900300,8,0,8
121900301,20,8,12
121900302,0,58,-58
121900303,320,506,-186
121900304,1,7,-6
121900305,2,6,-4
121900306,53,0,53
121900307,28,27,1
121900308,17,406,-389
121900309,16,299,-283
121900310,60,592,-532
121900311,191,8,183
121900312,90,14,76
121900313,143,31,112
121900314,5,89,-84
121900315,3,0,3
121900316,0,25,-25
121900317,5,0,5
121900318,2,27,-25
121900319,13,23,-10
121900320,62,91,-29
121900321,2,1,1
121900322,3,18,-15
121900323,9,16,-7
121900324,7,34,-27
121900325,12,2,10
121900326,8,21,-13
121900327,4,59,-55
121900328,1,15,-14
121900329,2,203,-201
121900330,0,37,-37
121900331,362,44,318
121900332,66,14,52
121900333,10,0,10
122000001,2778,3791,-1013
122000002,6283,1953,4330
122000003,2543,1677,866
122000004,4051,1442,2609
122000005,3294,1039,2255
122000006,2627,549,2078
122000007,1450,1408,42
122000008,7525,4574,2951
122000009,550,249,301
122000010,2134,2325,-191
122000011,3495,1060,2435
122000012,1211,944,267
122000013,2072,1172,900
122000014,1610,2071,-461
122000015,1572,1012,560
122000016,570,852,-282
122000017,1225,1102,123
122000018,1442,1223,219
122000019,833,1581,-748
122000020,208,211,-3
122000021,523,522,1
122000022,1247,1360,-113
122000023,497,2584,-2087
122000024,918,825,93
122000025,1617,1046,571
122000026,2038,726,1312
122000027,756,4316,-3560
122000028,780,387,393
122000029,497,305,192
122000030,374,98,276
122000031,145,219,-74
122000032,1556,2883,-1327
122000033,907,769,138
122000034,573,593,-20
122000035,372,679,-307
122000036,404,570,-166
122000037,357,265,92
122000038,318,339,-21
122000039,533,492,41
122000040,361,282,79
122000041,388,518,-130
122000042,225,403,-178
122000043,174,102,72
122000044,178,145,33
122000045,1160,479,681
122000046,650,882,-232
122000047,242,140,102
122000048,3637,4164,-527
122000049,5939,2636,3303
122000050,1617,657,960
122000051,404,502,-98
122000052,617,246,371
122000053,147,485,-338
122000054,2662,1968,694
122000055,2211,2441,-230
122000056,8493,3351,5142
122000057,5176,2610,2566
122000058,4578,959,3619
122000059,4169,1319,2850
122000060,1151,516,635
122000061,664,269,395
122000062,1510,399,1111
122000063,1541,436,1105
122000064,3440,2888,552
122000065,5366,2946,2420
122000066,1170,1069,101
122000067,1582,1395,187
122000068,1176,1357,-181
122000069,698,763,-65
122000070,612,3416,-2804
122000071,1077,1894,-817
122000072,379,284,95
122000073,518,390,128
122000074,1931,1317,614
122000075,517,1290,-773
122000076,1604,1104,500
122000077,1418,536,882
122000078,3483,1720,1763
122000079,1776,769,1007
122000080,1030,310,720
122000081,221,368,-147
122000082,1263,730,533
122000083,1281,3542,-2261
122000084,995,802,193
122000085,255,1796,-1541
122000086,2205,4494,-2289
122000087,562,179,383
122000088,477,320,157
122000089,7162,3031,4131
122000090,280,355,-75
122000091,305,70,235
122000092,204,27,177
122000093,1507,1062,445
122000094,9215,1770,7445
122000095,4713,2259,2454
122000096,4106,1417,2689
122000098,4926,1425,3501
122000099,2853,612,2241
122000100,1348,666,682
122000101,261,946,-685
122000102,1617,1240,377
122000103,1436,1466,-30
122000104,247,194,53
122000105,251,237,14
122000106,497,526,-29
122000107,963,515,448
122000108,428,775,-347
122000109,357,323,34
122000110,395,562,-167
122000111,2568,1152,1416
122000112,651,1129,-478
122000113,531,630,-99
122000114,3774,1553,2221
122000115,1812,1487,325
122000116,508,585,-77
122000117,1085,380,705
122000118,384,643,-259
122000119,3540,1477,2063
122000120,2698,2391,307
122000121,3218,2253,965
122000122,869,1270,-401
122000123,2552,1306,1246
122000124,1557,542,1015
122000125,546,627,-81
122000126,882,779,103
122000127,2002,924,1078
122000128,589,877,-288
122000129,407,606,-199
122000130,2551,607,1944
122000131,1459,643,816
122000132,783,352,431
122000133,1183,2098,-915
122000134,472,624,-152
122000135,616,807,-191
122000136,453,276,177
122000137,891,779,112
122000139,1593,2581,-988
122000140,1169,457,712
122000141,5550,914,4636
122000142,542,691,-149
122000143,518,294,224
122000144,1921,854,1067
122000145,1766,594,1172
122000146,646,918,-272
122000147,918,380,538
122000148,3647,1263,2384
122000149,2352,1187,1165
122000150,1282,885,397
122000151,265,288,-23
122000152,534,309,225
122000153,471,243,228
122000154,348,166,182
122000155,1384,1855,-471
122000156,2623,1717,906
122000157,2259,1226,1033
122000158,334,552,-218
122000159,1118,1452,-334
122000160,4438,1008,3430
122000161,1225,660,565
122000162,2804,1308,1496
122000163,325,111,214
122000164,36,80,-44
122000165,739,655,84
122000166,1030,1106,-76
122000167,246,281,-35
122000168,255,582,-327
122000169,468,153,315
122000170,297,294,3
122000171,60,74,-14
122000172,1524,1583,-59
122000173,1704,2418,-714
122000174,1955,877,1078
122000175,1193,288,905
122000176,312,671,-359
122000177,1616,1180,436
122000178,3399,2206,1193
122000179,2214,2619,-405
122000180,1839,912,927
122000181,1970,3135,-1165
122000182,2818,1406,1412
122000183,1823,1011,812
122000184,3123,1899,1224
122000185,1549,1323,226
122000186,658,813,-155
122000187,1734,1180,554
122000188,476,254,222
122000189,234,377,-143
122000190,1098,975,123
122000191,1057,594,463
122000192,837,339,498
122000193,383,665,-282
122000194,576,138,438
122000195,115,491,-376
122000196,934,634,300
122000197,480,685,-205
122000198,581,1052,-471
122000199,393,373,20
122000200,1417,537,880
122000201,1303,1436,-133
122000202,1121,1158,-37
122000203,2597,1606,991
122000204,1447,2045,-598
122000205,1783,1184,599
122000206,2196,911,1285
122000207,1336,1317,19
122000208,2014,1711,303
122000209,2473,404,2069
122000210,1425,2079,-654
122000211,1230,1247,-17
122000212,662,542,120
122000213,988,1147,-159
122000214,1643,1771,-128
122000215,2086,1406,680
122000217,1922,1459,463
122000218,716,42,674
122000219,1432,1098,334
122000220,363,818,-455
122000221,142,436,-294
122000222,599,67,532
122000223,1102,437,665
122000225,739,323,416
122000226,1386,1894,-508
122000227,423,1964,-1541
122000228,372,453,-81
122000229,21,424,-403
122000230,70,835,-765
122000231,228,896,-668
122000232,647,1147,-500
122000233,1,146,-145
122000234,177,207,-30
122000235,375,268,107
122000236,453,227,226
122000237,117,80,37
122000238,126,180,-54
122000239,480,105,375
122000240,861,388,473
122000241,638,455,183
122000242,550,72,478
122000243,32,26,6
122000244,5,322,-317
122000245,11,73,-62
122000246,27,59,-32
122000247,554,304,250
122000248,1210,2193,-983
122000249,344,606,-262
122000250,1510,728,782
122000251,235,432,-197
122000252,596,133,463
122000253,35,306,-271
122000254,167,123,44
122000255,735,2226,-1491
122000256,426,1568,-1142
122000257,151,433,-282
122000258,145,258,-113
122000259,12,768,-756
122000260,6,159,-153
122000261,6,220,-214
122000262,3,75,-72
122000263,75,127,-52
122000264,644,536,108
122000265,1920,823,1097
122000266,4223,522,3701
122000267,74,110,-36
122000268,118,469,-351
122000269,682,332,350
122000270,674,121,553
122000271,243,1280,-1037
122000272,234,1150,-916
122000273,255,491,-236
122000274,108,194,-86
122000275,25,129,-104
122000276,467,729,-262
122000277,711,1554,-843
122000278,616,1064,-448
122000279,207,610,-403
122000280,753,1032,-279
122000281,599,907,-308
122000282,127,136,-9
122000283,360,81,279
122000284,138,119,19
122000285,501,97,404
122000286,114,148,-34
122000287,823,1466,-643
122000288,269,284,-15
122000291,939,524,415
122000293,407,317,90
122000294,117,194,-77
122000295,1365,225,1140
122000296,49,642,-593
122000297,3690,2178,1512
122000299,425,522,-97
122000300,500,604,-104
122000301,16097,2940,13157
122000302,1288,889,399
122000303,5218,1422,3796
122000304,46,194,-148
122000305,744,323,421
122000306,26,934,-908
122000307,146,140,6
122000309,73,83,-10
122000310,30,14,16
122000311,122,56,66
122000312,99,49,50
122000313,57,38,19
122000314,95,231,-136
122000315,216,19,197
122000316,399,196,203
122000317,755,197,558
122000318,237,535,-298
122000319,327,720,-393
122000320,383,2738,-2355
122000321,109,328,-219
122000322,3227,2281,946
122000323,1804,1591,213
122000324,1336,1388,-52
122000325,958,1015,-57
122000326,32,178,-146
122000327,274,485,-211
122000328,1193,946,247
122000330,2208,722,1486
122000332,213,382,-169
122000333,7,157,-150
122000337,800,2300,-1500
122000338,514,642,-128
122000340,429,284,145
122000342,2912,1229,1683
122000343,442,1501,-1059
122000344,50,35,15
122000345,16,55,-39
122000346,312,645,-333
122000348,580,990,-410
122000349,124,757,-633
122000351,63,251,-188
122000352,233,79,154
122000353,34,125,-91
122000355,122,193,-71
122000356,1870,836,1034
122000357,52,25,27
122000358,1,65,-64
122000359,0,54,-54
122000360,3,71,-68
122000362,17,117,-100
122000364,96,462,-366
122000365,5,31,-26
122000366,8,8,0
122000368,458,889,-431
122000370,35,74,-39
122000371,11,0,11
122000372,3,2,1
122000381,41,399,-358
122000382,57,230,-173
122000384,4396,2052,2344
122000385,22,0,22
122000386,444,830,-386
122000387,421,637,-216
122000388,1431,362,1069
122000389,187,836,-649
122000390,433,253,180
122000391,356,127,229
122000392,182,283,-101
122000393,13,207,-194
122000394,330,411,-81
122000395,100,214,-114
122000396,214,103,111
122000397,37,101,-64
122000398,23,76,-53
122000399,59,100,-41
122000400,121,258,-137
122000401,128,121,7
122000402,209,121,88
122000403,455,1529,-1074
122000404,135,465,-330
122000408,913,1446,-533
122000503,11,104,-93
122000524,204,101,103
122000544,61,1863,-1802
122000616,658,7,651
122000640,41,245,-204
122000641,39,590,-551
122000642,905,1396,-491
122000643,14,99,-85
122000644,195,29,166
122000645,88,205,-117
122000651,2098,661,1437
122000664,124,40,84
122000665,984,621,363
122000666,628,1187,-559
122000673,9,442,-433
122000674,75,52,23
122000675,1209,1220,-11
122000686,261,1555,-1294
122000687,789,432,357
122000688,138,1015,-877
122000689,421,774,-353
122000690,698,841,-143
122000691,411,3259,-2848
122000692,1073,519,554
122000693,515,2383,-1868
122000695,183,592,-409
122000696,219,457,-238
122000698,187,1191,-1004
122000699,158,178,-20
122000701,1121,372,749
122000702,450,2423,-1973
122000703,139,53,86
122000717,315,86,229
122000718,517,459,58
122000719,37,54,-17
122000720,158,440,-282
122000724,87,19,68
122900001,28,4,24
122900002,1276,2427,-1151
122900003,227,37,190
122900004,926,27,899
122900005,48,68,-20
122900006,859,409,450
122900007,203,42,161
122900008,802,115,687
122900009,728,386,342
122900010,244,174,70
122900012,280,450,-170
122900014,174,373,-199
122900015,2919,582,2337
122900016,113,400,-287
122900017,400,867,-467
122900018,226,12,214
122900019,11,153,-142
122900020,453,515,-62
122900021,56,818,-762
122900022,429,1126,-697
122900023,294,385,-91
122900024,94,94,0
122900025,9,171,-162
122900026,162,384,-222
122900027,84,739,-655
122900028,127,179,-52
122900029,5199,2353,2846
122900030,1450,569,881
122900031,107,119,-12
122900032,104,290,-186
122900033,141,203,-62
122900034,4705,4280,425
122900035,16,11,5
122900036,27,148,-121
122900037,252,108,144
122900038,165,2000,-1835
122900039,81,398,-317
122900040,259,423,-164
122900041,235,274,-39
122900042,174,352,-178
122900043,338,219,119
122900044,81,332,-251
122900045,59,117,-58
122900046,112,103,9
122900047,238,133,105
122900048,54,204,-150
122900049,1642,156,1486
122900051,94,115,-21
122900052,26,169,-143
122900053,22,27,-5
122900055,341,125,216
122900057,218,29,189
122900061,360,187,173
122900062,324,461,-137
122900063,163,429,-266
122900064,1120,779,341
122900065,402,195,207
122900066,405,276,129
122900067,1831,922,909
122900068,163,463,-300
122900069,248,1376,-1128
122900070,237,58,179
122900071,151,475,-324
122900072,24,777,-753
122900073,52,324,-272
122900074,270,917,-647
122900075,0,65,-65
122900076,11,201,-190
122900077,0,230,-230
122900078,53,164,-111
122900080,79,14,65
122900081,169,193,-24
122900082,579,235,344
122900083,193,159,34
122900084,4,282,-278
122900086,2,41,-39
122900087,142,636,-494
122900088,45,59,-14
122900089,12,190,-178
122900090,6,741,-735
122900091,69,1,68
122900092,1,315,-314
122900093,1,503,-502
122900094,2,293,-291
122900095,102,12,90
122900096,125,247,-122
122900097,29,13,16
122900098,87,119,-32
122900099,34,6,28
122900100,537,289,248
122900101,620,270,350
122900102,16,14,2
122900103,54,11,43
122900104,102,6,96
122900105,4,4,0
122900106,5,119,-114
122900107,3,284,-281
122900108,4,267,-263
123000001,2385,486,1899
123000002,7328,3146,4182
123000003,3840,2772,1068
123000004,3589,5526,-1937
123000005,2529,2553,-24
123000006,3111,3751,-640
123000007,3062,2693,369
123000008,2631,4650,-2019
123000009,4284,3130,1154
123000010,3930,4799,-869
123000011,3009,801,2208
123000012,1059,2873,-1814
123000013,3347,890,2457
123000014,1438,4566,-3128
123000015,5440,910,4530
123000016,7629,3381,4248
123000017,3652,1349,2303
123000018,61,102,-41
123000019,122,423,-301
123000020,115,163,-48
123000021,52,153,-101
123000022,483,1079,-596
123000023,1290,1253,37
123000024,1000,515,485
123000025,26,104,-78
123000026,7,110,-103
123000027,246,556,-310
123000028,1271,239,1032
123000029,837,523,314
123000030,138,866,-728
123000031,108,508,-400
123000032,177,357,-180
123000033,156,55,101
123000034,798,648,150
123000035,203,344,-141
123000036,265,759,-494
123000037,286,393,-107
123000038,106,256,-150
123000039,517,934,-417
123000040,1198,391,807
123000041,1095,626,469
123000042,947,489,458
123000043,4544,4647,-103
123000044,7594,2529,5065
123000045,12656,2340,10316
123000046,1043,897,146
123000047,2750,1285,1465
123000048,117,446,-329
123000049,9423,5079,4344
123000050,863,1185,-322
123000051,79,141,-62
123000052,552,2744,-2192
123000053,2374,3508,-1134
123000054,1192,1277,-85
123000055,3623,1355,2268
123000056,1311,2056,-745
123000057,21947,6289,15658
123000058,786,706,80
123000059,478,557,-79
123000060,649,378,271
123000061,157,752,-595
123000063,685,698,-13
123000064,862,220,642
123000065,10534,3756,6778
123000066,1085,879,206
123000067,481,606,-125
123000068,3532,4216,-684
123000069,10049,4497,5552
123000070,348,884,-536
123000071,621,1383,-762
123000072,842,1794,-952
123000073,808,914,-106
123000074,813,2189,-1376
123000075,317,921,-604
123000076,493,1260,-767
123000077,2169,4363,-2194
123000078,1101,1745,-644
123000079,1017,2248,-1231
123000080,2150,3251,-1101
123000081,198,855,-657
123000082,491,1379,-888
123000083,892,169,723
123000084,447,795,-348
123000085,117,154,-37
123000086,231,467,-236
123000087,130,584,-454
123000088,890,1509,-619
123000089,415,1520,-1105
123000090,1089,1359,-270
123000091,1687,1497,190
123000092,1112,1222,-110
123000094,364,301,63
123000095,334,776,-442
123000096,295,505,-210
123000097,350,1262,-912
123000098,507,611,-104
123000099,587,995,-408
123000100,477,645,-168
123000101,682,459,223
123000102,619,686,-67
123000104,317,323,-6
123000105,523,581,-58
123000106,426,321,105
123000107,461,593,-132
123000108,958,1592,-634
123000111,521,333,188
123000112,701,643,58
123000113,524,2260,-1736
123000114,490,387,103
123000115,207,266,-59
123000116,22,163,-141
123000117,1425,2649,-1224
123000118,379,1155,-776
123000119,224,1309,-1085
123000120,417,1138,-721
123000121,380,688,-308
123000122,388,256,132
123000123,378,622,-244
123000124,680,666,14
123000125,1032,773,259
123000126,1801,2478,-677
123000127,1387,1019,368
123000128,269,456,-187
123000129,438,221,217
123000130,384,70,314
123000131,665,538,127
123000132,350,674,-324
123000133,341,447,-106
123000134,553,179,374
123000135,1395,1329,66
123000136,201,1468,-1267
123000137,100,467,-367
123000138,75,602,-527
123000139,312,119,193
123000140,182,896,-714
123000141,759,97,662
123000142,1021,1208,-187
123000143,1124,2790,-1666
123000144,30,21,9
123000145,211,190,21
123000146,50,134,-84
123000147,84,144,-60
123000149,359,326,33
123000150,188,180,8
123000151,315,471,-156
123000152,50,429,-379
123000153,150,490,-340
123000154,2140,1419,721
123000155,2956,967,1989
123000156,39,86,-47
123000157,547,880,-333
123000158,833,600,233
123000159,3218,1901,1317
123000160,727,508,219
123000161,1267,903,364
123000162,457,1319,-862
123000163,284,77,207
123000164,943,241,702
123000165,316,2311,-1995
123000166,35,179,-144
123000167,90,389,-299
123000168,168,470,-302
123000169,536,144,392
123000170,22,389,-367
123000171,299,33,266
123000172,209,796,-587
123000173,483,207,276
123000174,757,306,451
123000175,1110,1499,-389
123000176,1109,220,889
123000177,448,1267,-819
123000178,556,118,438
123000179,34,875,-841
123000180,1295,307,988
123000181,370,1900,-1530
123000182,177,685,-508
123000183,183,306,-123
123000184,91,1072,-981
123000185,361,490,-129
123000186,5,818,-813
123000187,438,3,435
123000188,118,0,118
123000189,172,221,-49
123000190,63,73,-10
123000192,35,432,-397
123000193,57,752,-695
123000194,586,317,269
123000195,259,20,239
123000196,204,20,184
123000197,61,105,-44
123000198,13,277,-264
123000199,3,607,-604
123000200,292,29,263
123000201,669,17,652
123000202,42,1512,-1470
123000203,672,45,627
123000204,92,1475,-1383
123000205,504,2515,-2011
123000206,1516,176,1340
123000207,63,1036,-973
123000208,305,96,209
123000209,1476,366,1110
123000210,439,1832,-1393
123000211,666,3554,-2888
123000212,1820,422,1398
123000213,437,59,378
123000215,121,120,1
123000216,274,691,-417
123000217,198,30,168
123000218,106,509,-403
123000219,1392,43,1349
123000220,432,136,296
123000221,117,212,-95
123000222,291,959,-668
123000223,169,746,-577
123000224,326,763,-437
123000225,349,109,240
123000226,100,412,-312
123000227,55,394,-339
123000228,222,67,155
123000229,1157,2271,-1114
123000232,115,666,-551
123000233,532,198,334
123000234,141,891,-750
123000235,437,395,42
123000236,217,1135,-918
123000237,194,82,112
123000238,77,901,-824
123000239,425,2406,-1981
123000240,50,341,-291
123000241,889,179,710
123000242,105,207,-102
123000243,478,1317,-839
123000244,841,677,164
123000245,83,185,-102
123000249,332,696,-364
123000252,518,178,340
123000253,610,451,159
123000254,578,1453,-875
123000255,798,812,-14
123000256,37,327,-290
123000257,3883,2795,1088
123000258,941,1347,-406
123000259,192,484,-292
123000260,355,799,-444
123000261,127,317,-190
123000262,84,323,-239
123000263,276,130,146
123000264,176,55,121
123000265,54,193,-139
123000266,466,873,-407
123000267,344,364,-20
123000268,46,79,-33
123000269,19,44,-25
123000270,29,35,-6
123000271,79,76,3
123000272,877,234,643
123000273,219,498,-279
123000274,1218,512,706
123000275,276,1304,-1028
123000278,3606,2735,871
123000279,58,107,-49
123000280,315,379,-64
123000281,204,105,99
123000282,70,249,-179
123000283,77,36,41
123000284,33,136,-103
123000286,302,255,47
123000287,457,291,166
123000288,850,625,225
123000289,549,815,-266
123000291,387,1018,-631
123000294,173,194,-21
123000295,832,1058,-226
123000296,229,456,-227
123000297,252,925,-673
123000298,252,755,-503
123000299,33,335,-302
123000300,558,733,-175
123000301,72,215,-143
123000302,72,274,-202
123000303,96,123,-27
123000305,899,955,-56
123000306,60,332,-272
123000309,48,75,-27
123000310,46,29,17
123000311,2,130,-128
123000312,738,1132,-394
123000313,224,297,-73
123000315,103,526,-423
123000316,1950,41,1909
123000317,227,74,153
123000318,44,306,-262
123000329,11,6,5
123000337,296,257,39
123000338,692,77,615
123000339,107,286,-179
123000340,145,592,-447
123000342,4,11,-7
123000343,76,5,71
123000344,1390,514,876
123000345,355,709,-354
123000346,176,75,101
123000352,2429,917,1512
123000353,17,117,-100
123000354,153,6,147
123000355,0,538,-538
123000356,145,8,137
123000357,1,385,-384
123000359,3,325,-322
123000360,190,18,172
123000361,685,324,361
123000362,234,189,45
123000363,71,264,-193
123000364,503,297,206
123000365,19,358,-339
123000366,268,1364,-1096
123000367,248,1418,-1170
123000370,44,447,-403
123000371,730,16,714
123000372,239,16,223
123000373,9,486,-477
123000374,4,285,-281
123000375,218,33,185
123000376,603,535,68
123000377,286,31,255
123000378,15,563,-548
123000379,7,234,-227
123000380,76,277,-201
123000381,204,32,172
123000382,1647,87,1560
123000383,273,786,-513
123000384,484,99,385
123000385,390,815,-425
123000436,56,959,-903
123000507,158,366,-208
123000508,255,511,-256
123000517,296,30,266
123000518,31,304,-273
123000519,127,85,42
123000520,58,292,-234
123000521,287,110,177
123000522,179,696,-517
123000541,0,2,-2
123000542,0,29,-29
123000565,207,9,198
123000566,193,1000,-807
123000567,101,349,-248
123000573,47,1201,-1154
123000574,320,89,231
123000575,967,1617,-650
123000576,665,2589,-1924
123000577,105,701,-596
123000578,904,98,806
123000579,7558,3350,4208
123000580,90,8,82
123000582,280,40,240
123000583,19,749,-730
123000584,101,241,-140
123000585,1,169,-168
123000586,44,0,44
123000596,68,151,-83
123000597,63,82,-19
123000602,20,3,17
123000603,330,826,-496
123000604,342,1465,-1123
123000605,762,118,644
123000606,0,250,-250
123000609,28,347,-319
123000610,215,92,123
123000613,30,158,-128
123000614,139,45,94
123000615,29,154,-125
123000616,245,73,172
123000617,52,728,-676
123000618,66,948,-882
123000619,564,25,539
123000620,26,723,-697
123000622,262,15,247
123000624,102,59,43
123000630,452,383,69
123000631,216,2257,-2041
123000632,1108,1415,-307
123000633,1,205,-204
123000634,67,58,9
123000635,243,90,153
123000636,13,731,-718
123000637,118,168,-50
123000638,328,111,217
123000639,1461,2206,-745
123000640,41,1325,-1284
123900001,1788,64,1724
123900002,13,1142,-1129
123900003,439,803,-364
123900005,181,158,23
123900006,159,27,132
124000001,1452,126,1326
124000002,155,2376,-2221
124000003,441,145,296
124000004,83,843,-760
124000005,720,220,500
124000006,286,1787,-1501
124000007,616,104,512
124000008,16,530,-514
124000009,226,348,-122
124000010,112,553,-441
124000011,670,382,288
124000012,294,1053,-759
124000017,76,97,-21
124000018,121,128,-7
124000019,101,86,15
124000020,80,237,-157
124000021,80,79,1
124000022,95,335,-240
124000023,1159,1156,3
124000024,1035,741,294
124000025,980,1226,-246
124000026,1212,1154,58
124000027,6080,3604,2476
124000028,3567,4394,-827
124000030,3911,1374,2537
124000031,813,1142,-329
124000032,5572,1132,4440
124000033,99,165,-66
124000034,2495,780,1715
124000035,24,104,-80
124000036,65,154,-89
124000037,423,558,-135
124000038,56,67,-11
124000039,1142,287,855
124000040,701,708,-7
124000041,282,51,231
124000042,109,489,-380
124000043,42,54,-12
124000044,30,344,-314
124000045,429,539,-110
124000046,251,890,-639
124000047,943,1045,-102
124000048,687,2445,-1758
124000049,967,679,288
124000050,609,2996,-2387
124000051,439,476,-37
124000052,549,1748,-1199
124000053,417,877,-460
124000054,788,787,1
124000055,1103,1363,-260
124000056,4235,1693,2542
124000057,632,522,110
124000058,401,1743,-1342
124000059,474,666,-192
124000060,1234,1004,230
124000061,1621,2924,-1303
124000062,6082,1821,4261
124000063,1446,1759,-313
124000064,2818,2074,744
124000065,31,194,-163
124000066,110,39,71
124000067,88,375,-287
124000068,4,12,-8
124000069,52,15,37
124000070,30,160,-130
124000071,137,97,40
124000072,173,719,-546
124000073,620,95,525
124000074,221,1213,-992
124000075,124,21,103
124000076,3,297,-294
124000077,1879,668,1211
124000078,2468,553,1915
124000079,709,1152,-443
124000080,328,133,195
124000081,185,935,-750
124000082,29,142,-113
124000083,40,254,-214
124000084,35,144,-109
124000085,93,66,27
124000086,33,101,-68
124000087,140,53,87
124000088,215,560,-345
124000089,370,345,25
124000090,104,467,-363
124000091,308,115,193
124000092,64,674,-610
124000093,118,102,16
124000094,231,474,-243
124000095,52,62,-10
124000096,85,416,-331
124000097,67,69,-2
124000098,67,121,-54
124000099,111,119,-8
124000100,24,132,-108
124000101,37,104,-67
124000102,86,84,2
124000103,45,81,-36
124000104,86,80,6
124000105,49,58,-9
124000106,136,111,25
124000107,26,85,-59
124000108,106,40,66
124000109,77,75,2
124000110,166,189,-23
124000111,175,140,35
124000112,483,907,-424
124000113,39,76,-37
124000114,197,762,-565
124000115,297,971,-674
124000116,77,85,-8
124000117,62,98,-36
124000118,28,69,-41
124000119,785,712,73
124000120,450,545,-95
124000121,1570,535,1035
124000122,589,1192,-603
124000123,987,393,594
124000124,542,930,-388
124000125,313,409,-96
124000126,358,551,-193
124000127,652,372,280
124000128,585,1100,-515
124000129,2000,1491,509
124000130,763,708,55
124000131,811,511,300
124000132,864,842,22
124000133,638,791,-153
124000134,787,715,72
124000135,1695,1659,36
124000136,958,1212,-254
124000137,1140,676,464
124000138,1610,1264,346
124000139,497,27,470
124000140,42,433,-391
124000141,24,1,23
124000142,6,174,-168
124000143,21,12,9
124000144,9,65,-56
124000145,97,30,67
124000146,23,130,-107
124000148,27,46,-19
124000149,851,346,505
124000150,350,690,-340
124000151,516,223,293
124000152,712,1334,-622
124000153,824,466,358
124000154,680,850,-170
124000155,1007,566,441
124000156,1624,977,647
124000169,211,330,-119
124000170,711,558,153
124000171,208,234,-26
124000172,443,721,-278
124000173,258,359,-101
124000174,291,909,-618
124000175,6,168,-162
124000176,14,8,6
124000177,15,57,-42
124000178,10,27,-17
124000190,67,28,39
124000191,264,42,222
124000192,2559,351,2208
124000193,573,1429,-856
124000194,376,647,-271
124000195,221,467,-246
124000196,834,1320,-486
124000197,60,76,-16
124000198,13,35,-22
124000201,332,1338,-1006
124000202,419,215,204
124000203,136,1180,-1044
124000204,382,634,-252
124000205,44,924,-880
124000206,294,557,-263
124000207,0,66,-66
124000209,202,918,-716
124000210,176,212,-36
124000211,275,2,273
124000212,4,828,-824
124000213,209,458,-249
124000214,163,1056,-893
124000215,99,8,91
124000216,5,661,-656
124000329,106,2854,-2748
124000338,64,1587,-1523
124000339,400,136,264
124000341,526,75,451
124000344,52,35,17
124000357,805,1592,-787
124000358,570,884,-314
124000359,1043,452,591
124000360,517,354,163
124000361,1167,650,517
124000362,1971,2672,-701
124000363,343,600,-257
124000364,681,1379,-698
124000365,679,1420,-741
124000366,2137,993,1144
124000367,118,700,-582
124000368,262,130,132
124000369,111,97,14
124000370,71,776,-705
124000402,23,4,19
124000403,43,11,32
124000404,8,125,-117
124000405,1130,679,451
124000406,896,928,-32
124000407,1,33,-32
124000411,2,465,-463
124000412,224,10,214
124000413,204,51,153
124000414,61,127,-66
124000415,51,224,-173
124000416,116,318,-202
124000417,79,99,-20
124000418,87,108,-21
124000419,67,185,-118
124000420,28,78,-50
124000421,39,332,-293
124000422,25,7,18
124000423,142,46,96
124000424,0,106,-106
124000425,11,8,3
124000426,4,39,-35
124000427,11,13,-2
124000428,10,24,-14
124000429,27,72,-45
124000430,508,834,-326
124000431,248,933,-685
124000432,157,982,-825
124000439,2,11,-9
124000442,6,238,-232
124000443,1,9,-8
124000445,103,205,-102
124000446,1701,65,1636
124900001,311,293,18
124900002,124,583,-459
124900003,589,582,7
124900004,373,349,24
124900005,249,324,-75
124900006,496,432,64
124900008,1170,533,637
124900009,117,208,-91
124900010,111,50,61
124900011,275,136,139
124900012,403,66,337
124900013,287,91,196
124900014,145,109,36
124900015,134,218,-84
124900016,46,92,-46
124900017,1127,489,638
124900018,20,7,13
124900020,60,46,14
124900021,191,37,154
124900022,19,22,-3
124900024,157,25,132
124900026,138,7,131
124900027,49,239,-190
124900028,743,145,598
124900029,9,424,-415
124900030,10,178,-168
124900031,52,431,-379
124900032,260,176,84
124900033,80,528,-448
124900034,4,140,-136
124900035,187,573,-386
124900036,2,44,-42
124900037,174,460,-286
124900038,373,389,-16
124900039,0,24,-24
124900040,60,79,-19
124900041,204,1338,-1134
124900042,71,1,70
124900043,304,1310,-1006
124900044,42,1,41
124900045,798,996,-198
124900046,1972,216,1756
124900047,113,205,-92
124900048,129,198,-69
124900050,142,340,-198
124900052,71,537,-466
124900053,63,479,-416
124900054,3319,285,3034
124900055,0,142,-142
124900057,24,117,-93
124900060,66,266,-200
124900061,29,8,21
124900062,51,25,26
124900066,0,19,-19
124900067,5,190,-185
124900068,192,349,-157
124900070,56,22,34
124900072,47,18,29
124900074,365,481,-116
124900075,96,268,-172
124900076,14,585,-571
124900077,28,119,-91
124900078,23,17,6
124900079,850,48,802
124900080,280,888,-608
124900081,484,252,232
124900082,387,965,-578
124900083,196,645,-449
124900084,2744,114,2630
124900085,1351,237,1114
124900086,71,797,-726
124900087,656,98,558
124900088,715,109,606
124900089,1673,22,1651
124900090,216,215,1
124900091,221,735,-514
124900092,156,573,-417
124900093,219,227,-8
124900094,199,257,-58
124900095,118,438,-320
124900096,511,186,325
124900097,195,76,119
124900098,145,534,-389
124900099,761,472,289
124900100,339,57,282
124900101,20,456,-436
124900102,144,26,118
124900103,106,367,-261
124900104,43,246,-203
124900105,72,162,-90
124900106,340,37,303
124900107,76,29,47
124900108,164,47,117
124900109,26,100,-74
124900110,183,499,-316
124900111,1,103,-102
124900112,39,970,-931
124900113,110,159,-49
124900114,206,81,125
124900115,89,51,38
124900116,103,127,-24
124900117,643,163,480
124900118,141,74,67
124900119,276,73,203
124900120,25,493,-468
124900121,122,221,-99
124900122,495,251,244
124900123,419,86,333
124900124,181,163,18
129000186,99,45,54
204000001,17,4,13
204000002,17,1,16
204000003,30,5,25
204000004,5,4,1
204000005,354,344,10
204000006,869,1121,-252
204000011,15,61,-46
204000012,48,86,-38
204000013,3,31,-28
204000019,490,552,-62
204000020,410,655,-245
204000021,1659,731,928
204000022,479,483,-4
204000023,475,1057,-582
204000031,59,14,45
204000032,509,35,474
204000034,29,311,-282
204000035,1,5,-4
204000036,4,33,-29
204000037,1,8,-7
204000038,0,9,-9
204000039,6,64,-58
204000040,15,46,-31
204000041,10,81,-71
204000042,26,13,13
204000043,9,2,7
204000044,18,9,9
204000045,43,8,35
204000046,39,16,23
204000057,3,64,-61
204000062,4,25,-21
204000068,21,151,-130
204000069,8,219,-211
204000070,57,113,-56
204000080,17,53,-36
204000085,1388,1733,-345
204000086,2765,2151,614
204000087,25,17,8
204000088,4,98,-94
204000090,9,376,-367
204000093,198,50,148
204000096,557,752,-195
204000097,237,12,225
204000099,835,1113,-278
204000100,982,1015,-33
204000105,2121,1735,386
204000110,759,1328,-569
204000111,306,849,-543
204000112,851,1047,-196
204000113,433,1031,-598
204000114,668,538,130
204000115,311,349,-38
204000116,1150,513,637
204000119,1585,1890,-305
204000132,395,223,172
204000133,528,214,314
204000134,271,110,161
204000135,277,89,188
204000136,254,247,7
204000138,190,289,-99
204000140,129,98,31
204000141,97,62,35
204000144,8,31,-23
204000145,531,60,471
204000146,16,550,-534
204000147,16,131,-115
204000148,256,35,221
204000154,6,0,6
204000155,3,10,-7
204000177,86,81,5
204000179,13,4,9
204000180,0,43,-43
204000222,10,59,-49
204000235,13,19,-6
204000236,105,356,-251
204000238,24,32,-8
204000240,320,85,235
204000263,399,1224,-825
204000268,1023,537,486
204000308,201,18,183
204000317,2,71,-69
204000322,3,49,-46
204000323,34,15,19
204000328,183,63,120
204000329,48,115,-67
204000330,169,26,143
204000331,39,159,-120
204010341,14,310,-296
205000001,1187,1447,-260
205000013,5,100,-95
205000014,10,125,-115
205000015,40,263,-223
205000016,14,223,-209
205000017,46,95,-49
205000022,302,660,-358
205000025,1658,1010,648
205000029,199,3,196
205000045,109,234,-125
205000046,67,530,-463
205000047,90,492,-402
205000048,230,1068,-838
205000049,131,819,-688
205000050,939,287,652
205000059,0,306,-306
205000060,0,60,-60
205000061,1,41,-40
205000062,3,39,-36
205000063,19,85,-66
205000064,14,155,-141
205000065,61,852,-791
205000066,78,935,-857
205000067,40,1176,-1136
205000069,197,21,176
205000082,130,228,-98
205000110,57,211,-154
205000111,236,235,1
205000112,108,211,-103
205000113,201,310,-109
205000121,218,54,164
205000123,74,290,-216
205000126,304,123,181
205000127,576,155,421
205000128,424,57,367
205000129,439,68,371
205000130,248,27,221
205000131,407,2,405
205000132,308,0,308
205000133,179,1,178
205000134,135,0,135
205000137,111,163,-52
205000138,276,360,-84
205000139,33,140,-107
205000144,69,65,4
205000145,400,152,248
205000151,208,55,153
205000152,119,39,80
205000153,126,35,91
205000154,87,46,41
205000155,68,8,60
205000207,12,156,-144
205000233,27,20,7
205000234,0,1,-1
205000243,0,2,-2
205000244,0,8,-8
205000245,18,309,-291
205000249,0,38,-38
205000250,2,0,2
205000264,1,104,-103
206000027,5,4,1
206000028,5,1,4
206000043,14,140,-126
206000053,1,12,-11
206000054,2,35,-33
206000055,0,51,-51
206000075,3,6,-3
206000076,27,12,15
206000077,7,2,5
206000078,2,3,-1
206000079,8,8,0
206000082,531,21,510
206000100,82,896,-814
206000103,6,13,-7
206000104,7,21,-14
206000105,7,38,-31
206000106,13,31,-18
206000108,549,34,515
206000125,57,0,57
206000157,95,856,-761
206000170,2,383,-381
206000171,3,329,-326
206000172,11,1478,-1467
206000173,3,492,-489
206000174,4,232,-228
206000175,2,298,-296
206000176,20,533,-513
206000177,0,356,-356
206000178,4,283,-279
206000179,13,145,-132
206000180,14,296,-282
206000181,16,439,-423
206000182,17,457,-440
206000183,24,1313,-1289
206000184,6,708,-702
206000185,7,527,-520
206000186,127,2293,-2166
206000223,8,481,-473
206000226,17,1,16
206000227,41,2,39
206000237,27,597,-570
206000238,40,893,-853
206000239,563,3179,-2616
206000240,1,63,-62
206000241,0,141,-141
206000242,8,728,-720
206000243,7,698,-691
206000244,42,1536,-1494
206000245,305,28,277
206000246,57,3,54
206000247,71,4,67
206000248,204,16,188
206000252,66,32,34
206000258,13,50,-37
206000315,31,3,28
206000317,279,69,210
206000318,164,30,134
206000319,474,67,407
206000320,40,29,11
206000321,45,8,37
206000322,160,13,147
206000323,61,6,55
206000324,45,2,43
206000325,140,7,133
206000326,103,8,95
206000327,154,8,146
206000328,56,5,51
206000329,78,4,74
206000330,28,3,25
206000331,96,5,91
206000332,14,6,8
206000333,196,4,192
206000334,155,0,155
206000335,0,20,-20
206000361,6,296,-290
206000392,3,56,-53
206000405,106,3,103
206000441,13,14,-1
206000498,39,4,35
206000515,124,15,109
206000530,74,47,27
206000531,103,77,26
206000532,3298,85,3213
206000535,625,2243,-1618
206000536,21,293,-272
206000537,11,224,-213
206000613,1426,150,1276
207000001,153,441,-288
207000002,77,326,-249
207000003,115,237,-122
207000007,497,243,254
207000008,49,10,39
207000009,43,37,6
207000010,477,704,-227
207000012,233,218,15
207000015,366,2099,-1733
207000019,146,74,72
207000021,492,118,374
207000022,114,124,-10
207000023,128,30,98
207000024,5,17,-12
207000025,20,48,-28
207000026,113,50,63
207000027,28,95,-67
207000028,81,245,-164
207000029,308,546,-238
207000033,201,224,-23
207000034,225,46,179
207000039,237,128,109
207000040,143,121,22
207000041,71,42,29
207000042,172,80,92
207000043,146,168,-22
207000051,87,508,-421
207000052,26,315,-289
207000053,441,640,-199
207000054,24,137,-113
207000055,67,203,-136
207000056,222,432,-210
207000057,127,290,-163
207000058,77,483,-406
207000059,67,839,-772
207000060,58,281,-223
207000061,132,194,-62
207000062,128,41,87
207000063,114,133,-19
207000064,304,150,154
207000065,260,220,40
207000066,103,173,-70
207000067,21,92,-71
207000068,76,68,8
207000069,497,348,149
207000082,34,466,-432
207000083,69,490,-421
207000084,131,187,-56
207000085,144,10,134
207000086,132,3,129
207000106,38,34,4
207000107,56,22,34
207000108,20,13,7
207000109,26,10,16
207000110,42,55,-13
207000111,48,54,-6
207000112,200,245,-45
207000114,4,60,-56
207000115,26,100,-74
207000116,24,341,-317
207000117,15,152,-137
207000118,0,139,-139
207000119,21,174,-153
207000123,165,25,140
207000124,44,27,17
207000125,38,19,19
207000126,92,45,47
207000134,34,255,-221
207000135,26,383,-357
207000148,44,180,-136
207000149,71,63,8
207000152,147,412,-265
207000153,1327,1085,242
207000154,558,133,425
207000159,71,376,-305
207000160,135,932,-797
207000238,2,112,-110
207000242,2,194,-192
207000248,33,21,12
207000249,181,76,105
207000250,841,93,748
207000251,69,91,-22
207000252,58,88,-30
207000278,43,103,-60
207000279,17,367,-350
207000280,218,54,164
207000281,79,1559,-1480
207000282,179,50,129
207000283,157,242,-85
207000284,73,97,-24
207000285,139,40,99
207000291,7,173,-166
207000304,88,58,30
207000306,58,520,-462
207000310,51,78,-27
207000353,166,5,161
207000356,7,24,-17
207000357,53,7,46
207000358,71,10,61
207000415,4,174,-170
207000417,30,3,27
207000418,86,133,-47
207000438,0,1,-1
207000439,1284,329,955
207000446,121,5,116
207000460,7,12,-5
207000466,148,220,-72
207000467,113,117,-4
207000468,23,759,-736
207000476,4,101,-97
207000477,406,133,273
207000478,9,20,-11
207000523,1,14,-13
207000524,26,45,-19
207000527,99,156,-57
207000530,182,6,176
207000531,191,8,183
207000532,110,27,83
207000534,667,47,620
207000535,50,256,-206
207000537,38,116,-78
207000540,1,219,-218
207000541,0,314,-314
207000548,10,351,-341
207000549,219,15,204
207000561,90,144,-54
207000562,41,198,-157
207000567,119,269,-150
207000568,74,112,-38
207000569,234,1478,-1244
207000584,368,181,187
207000585,93,248,-155
207000616,0,242,-242
207000617,84,1,83
207900008,118,318,-200
208000001,382,599,-217
208000002,447,402,45
208000003,648,475,173
208000004,931,649,282
208000005,3,21,-18
208000019,481,931,-450
208000020,196,485,-289
208000021,177,663,-486
208000022,622,859,-237
208000028,1505,966,539
208000033,393,766,-373
208000034,1146,1886,-740
208000040,110,195,-85
208000041,880,454,426
208000042,887,499,388
208000047,77,451,-374
208000064,2761,1281,1480
208000066,1517,1081,436
208000070,226,401,-175
208000071,293,869,-576
208000072,295,1311,-1016
208000080,162,327,-165
208000081,154,172,-18
208000082,184,384,-200
208000083,122,508,-386
208000084,15,20,-5
208000085,901,589,312
208000086,402,848,-446
208000087,280,753,-473
208000089,635,758,-123
208000090,571,1104,-533
208000093,65,129,-64
208000094,352,582,-230
208000095,499,410,89
208000104,791,823,-32
208000105,574,987,-413
208000114,43,247,-204
208000115,562,386,176
208000116,281,913,-632
208000117,55,139,-84
208000118,56,88,-32
208000155,552,983,-431
208000158,1600,3079,-1479
208000186,3225,2288,937
208000204,423,1072,-649
208000205,930,1507,-577
208000282,4378,1845,2533
209000004,151,236,-85
209000005,30,36,-6
209000006,514,103,411
209000007,282,300,-18
209000010,693,159,534
209000011,195,226,-31
209000012,124,236,-112
209000013,223,647,-424
209000014,749,1860,-1111
209000025,213,30,183
209000026,462,95,367
209000027,385,1154,-769
209000028,311,1196,-885
209000029,628,996,-368
209000030,601,1961,-1360
209000031,3988,3007,981
209000034,109,134,-25
209000035,78,125,-47
209000036,90,80,10
209000037,95,134,-39
209000038,53,127,-74
209000039,46,145,-99
209000040,247,450,-203
209000041,215,373,-158
209000042,207,370,-163
209000043,622,571,51
209000044,221,573,-352
209000045,882,498,384
209000046,281,511,-230
209000047,189,215,-26
209000048,431,270,161
209000049,116,138,-22
209000050,160,184,-24
209000051,267,382,-115
209000052,113,371,-258
209000062,52,241,-189
209000063,28,143,-115
209000064,28,186,-158
209000065,26,23,3
209000066,27,30,-3
209000067,54,69,-15
209000080,26,198,-172
209000082,48,31,17
209000091,44,132,-88
209000093,100,59,41
209000094,204,206,-2
209000110,30,78,-48
209000111,415,979,-564
209000112,566,468,98
209000113,1184,419,765
209000114,231,288,-57
209000115,61,189,-128
209000116,633,762,-129
209000118,12,36,-24
209000119,38,7,31
209000121,145,729,-584
209000135,74,62,12
209000142,631,896,-265
209000143,145,124,21
209000144,90,90,0
209000229,181,210,-29
209000240,38,430,-392
209000259,104,131,-27
209000260,131,1191,-1060
209000261,11,745,-734
209000262,6,603,-597
209000263,0,176,-176
209000264,3,180,-177
209000265,463,3,460
209000266,78,2,76
209000267,898,12,886
209000268,695,77,618
210000037,61,12,49
210000047,38,15,23
210000048,53,25,28
210000049,50,36,14
210000052,30,162,-132
210000053,11,88,-77
210000054,45,83,-38
210000070,83,4,79
210000071,30,0,30
210000072,22,0,22
210000073,0,31,-31
210000074,2,132,-130
210000075,3,70,-67
210000076,21,120,-99
210000077,35,36,-1
210000078,37,40,-3
210000079,49,15,34
210000080,123,38,85
210000081,180,12,168
210000082,34,4,30
210000083,67,1,66
210000084,43,0,43
210000085,0,79,-79
210000086,2,116,-114
210000099,35,235,-200
210000100,27,235,-208
210000101,74,214,-140
210000105,28,214,-186
210000159,0,156,-156
210000163,164,252,-88
210000164,393,127,266
210000168,105,24,81
210000187,0,16,-16
210000188,1,17,-16
210000214,162,0,162
210000219,36,60,-24
210000220,45,81,-36
210000232,2,22,-20
210000233,24,47,-23
210000234,38,145,-107
210000235,46,160,-114
210000245,0,52,-52
210000246,59,0,59
210000258,11,115,-104
210000259,293,35,258
210000282,64,217,-153
210000285,2,104,-102
210000286,6,167,-161
210000290,1,5,-4
210000295,43,185,-142
210000296,36,76,-40
210000320,147,107,40
210000321,115,111,4
210000338,53,103,-50
210000339,529,981,-452
210000340,96,320,-224
210000341,123,290,-167
210000342,159,194,-35
210000343,144,253,-109
210000344,248,115,133
210000345,216,146,70
210000346,96,115,-19
210000347,173,47,126
210000348,193,32,161
210000349,113,22,91
210000350,98,50,48
210000351,79,74,5
210000352,55,96,-41
210000353,40,107,-67
210000354,74,110,-36
210000355,67,103,-36
210000356,60,76,-16
210000357,52,47,5
210000358,340,120,220
210000359,185,89,96
210000360,179,120,59
210000361,123,120,3
210000362,203,204,-1
210000363,1031,128,903
210000364,134,131,3
210000365,84,51,33
210000366,102,63,39
210000367,75,32,43
210000368,120,17,103
210000369,14,26,-12
210000370,61,56,5
210000372,26,26,0
210000373,77,3,74
210000374,43,24,19
210000375,35,96,-61
210000376,62,155,-93
210000404,103,145,-42
210000439,56,66,-10
210000472,100,5,95
210000482,83,80,3
210000564,625,250,375
210000567,0,13,-13
210000568,562,4,558
211000092,18,86,-68
211000094,18,6,12
211000169,148,19,129
211000172,7,276,-269
211000209,0,33,-33
211000226,6,4,2
211000270,2,2,0
211000275,12,36,-24
211000276,30,49,-19
211000279,19,57,-38
211000281,33,69,-36
211507980,2,26,-24
211977296,21,5,16
212000003,90,53,37
212000004,78,30,48
212000005,27,12,15
212000006,22,75,-53
212000008,125,218,-93
212000009,23,150,-127
212000012,48,94,-46
212000013,8,54,-46
212000014,231,184,47
212000015,208,277,-69
212000016,435,611,-176
212000027,359,517,-158
212000028,236,447,-211
212000029,174,332,-158
212000030,30,17,13
212000031,44,53,-9
212000048,27,119,-92
212000049,14,71,-57
212000050,18,10,8
212000051,147,265,-118
212000052,143,423,-280
212000053,335,584,-249
212000054,131,159,-28
212000055,187,272,-85
212000056,10,65,-55
212000057,10,52,-42
212000058,326,54,272
212000070,87,297,-210
212000077,72,671,-599
212000099,214,296,-82
212000108,171,213,-42
212000111,117,156,-39
212000120,128,103,25
212000138,104,28,76
212000156,6,116,-110
212000158,16,19,-3
212000159,285,55,230
212000160,422,246,176
212000161,34,8,26
212000310,24,23,1
212000311,13,107,-94
212000374,20,16,4
213000001,31,836,-805
213000005,333,125,208
213000006,979,202,777
213000007,136,9,127
213000009,628,294,334
213000010,142,227,-85
213000011,172,101,71
213000012,95,520,-425
213000014,36,19,17
213000015,162,4,158
213000016,242,0,242
213000017,23,0,23
213000018,5,252,-247
213000019,1,198,-197
213000020,94,419,-325
213000021,4,123,-119
213000023,311,185,126
213000033,250,956,-706
213000034,589,330,259
213000035,82,187,-105
213000045,162,213,-51
213000046,114,218,-104
213000047,500,926,-426
213000056,34,54,-20
213000069,66,1,65
213000073,1,21,-20
213000074,245,650,-405
213000075,493,18,475
213000076,30,0,30
213000085,5,35,-30
213000086,20,255,-235
213000091,101,17,84
213000092,49,7,42
213000099,119,880,-761
213000100,1141,189,952
213000101,152,161,-9
213000102,228,497,-269
213000103,698,1032,-334
213000104,66,653,-587
213000105,3,79,-76
213000106,22,193,-171
213000107,126,902,-776
213000108,11,654,-643
213000109,7,353,-346
213000110,14,100,-86
213000111,15,105,-90
213000112,190,138,52
213000115,28,5,23
213000116,147,972,-825
213000117,10,1324,-1314
213000118,277,316,-39
213000119,54,956,-902
213000120,90,858,-768
213000122,200,924,-724
213000123,800,2033,-1233
213000124,75,2054,-1979
213000125,160,13,147
213000126,101,103,-2
213000127,197,132,65
213000128,893,881,12
213000129,603,335,268
213000130,326,194,132
213000132,214,85,129
213000133,237,87,150
213000134,575,31,544
213000136,304,23,281
213000137,400,77,323
213000139,252,13,239
213000147,70,0,70
213000148,20,8,12
213000149,37,5,32
213000150,1,103,-102
213000151,0,93,-93
213000152,6,86,-80
213000153,1,68,-67
213000154,36,199,-163
213000155,38,411,-373
213000156,141,651,-510
213000157,567,589,-22
213000158,257,849,-592
213000159,475,598,-123
213000163,348,76,272
213000165,749,172,577
213000171,0,112,-112
213000172,3,425,-422
213000173,6,347,-341
213000174,3,302,-299
213000175,11,238,-227
213000176,28,19,9
213000177,50,5,45
213000178,59,5,54
213000179,117,1,116
213000180,66,0,66
213000184,94,547,-453
213000188,269,90,179
213000189,235,31,204
213000190,671,855,-184
213000191,169,593,-424
213000192,142,662,-520
213000193,1379,221,1158
213000194,0,47,-47
213000195,11,498,-487
213000196,170,1056,-886
213000197,220,457,-237
213000198,51,1,50
213000200,115,1288,-1173
213000201,95,41,54
213000202,14,805,-791
213000203,3049,460,2589
213000204,404,53,351
213000205,183,79,104
213000206,581,47,534
213000207,125,5,120
213000208,183,3,180
213000209,150,1,149
213000210,277,4,273
213000211,7,12,-5
213000212,13,34,-21
213000213,9,37,-28
213000218,212,1094,-882
213000219,368,20,348
213000220,323,17,306
213000223,209,126,83
213000224,57,17,40
213000225,63,8,55
213000226,70,13,57
213000227,489,173,316
213000228,192,51,141
213000229,505,17,488
213000230,216,19,197
213000232,78,425,-347
213000233,21,40,-19
213000234,13,32,-19
213000293,10,69,-59
213000294,180,13,167
213000295,18,115,-97
213000296,54,28,26
213000297,6,119,-113
213000298,20,125,-105
213000299,50,37,13
213000300,9,3,6
213000303,4,19,-15
213000304,1,4,-3
213000305,1,12,-11
213000306,58,29,29
213000307,274,63,211
213000308,94,352,-258
213000309,186,51,135
213000310,260,117,143
213000311,310,799,-489
213000315,70,194,-124
213000316,69,37,32
213000322,66,205,-139
213000323,39,95,-56
213000324,58,110,-52
213000325,40,195,-155
213000326,33,78,-45
213000327,18,172,-154
213000328,37,112,-75
213000329,43,74,-31
213000340,132,1079,-947
213000341,226,96,130
213000347,1007,149,858
213000348,16,245,-229
213000349,52,13,39
213000350,261,1855,-1594
213000366,48,367,-319
213000367,137,22,115
213000379,143,361,-218
213000386,17,239,-222
213000406,91,422,-331
213000417,1099,393,706
213000425,131,57,74
213000426,75,107,-32
213000427,29,531,-502
213000428,29,286,-257
213000429,10,3,7
213000430,97,1247,-1150
213000431,25,0,25
213000432,2,11,-9
213000433,16,168,-152
213000434,63,157,-94
213000435,60,107,-47
213000436,18,88,-70
213000437,8,70,-62
213000438,105,116,-11
213000439,68,19,49
213000440,11,214,-203
213000441,0,0,0
213000442,2,99,-97
213000443,423,451,-28
213000444,25,114,-89
213000445,0,120,-120
213000446,1,11,-10
213000447,10,26,-16
213000448,6,98,-92
213000449,152,0,152
213000450,19,56,-37
213000451,185,137,48
213000452,4,18,-14
213000453,39,425,-386
213000455,441,29,412
213000456,0,241,-241
213000481,70,30,40
213000484,33,3,30
213000489,617,69,548
213900002,1,76,-75
213900003,250,1,249
213900013,3,184,-181
213900015,0,6,-6
213900016,8,21,-13
213900020,9,254,-245
213900030,0,88,-88
213900032,193,94,99
213900033,87,28,59
213900034,249,115,134
213900035,127,913,-786
213900036,98,346,-248
213900037,26,449,-423
213900038,285,291,-6
213900039,1,161,-160
213900041,1,116,-115
213900042,256,119,137
213900043,236,163,73
213900244,10,0,10
213900245,0,32,-32
218000003,24,20,4
218000004,35,23,12
218000005,34,69,-35
218000006,64,38,26
218000007,5,14,-9
218000012,273,132,141
218000013,61,153,-92
218000014,432,378,54
218000019,697,517,180
218000020,279,436,-157
218000021,45,108,-63
218000022,8,54,-46
218000023,1,63,-62
218000024,1,29,-28
218000025,10,57,-47
218000026,13,65,-52
218000027,0,34,-34
218000028,4,8,-4
218000029,1,3,-2
218000030,8,41,-33
218000031,2,65,-63
218000032,1,34,-33
218000040,17,2,15
218000046,55,272,-217
218000047,2,326,-324
218000048,86,344,-258
218000049,403,320,83
218000050,596,485,111
218000051,89,513,-424
218000052,2,174,-172
218000053,5,17,-12
218000054,47,59,-12
218000055,19,37,-18
218000056,28,71,-43
218000057,3,53,-50
218000064,3,4,-1
218000065,43,72,-29
218000066,16,55,-39
218000067,23,94,-71
218000068,96,93,3
218000069,106,182,-76
218000070,94,267,-173
218000071,125,254,-129
218000072,235,258,-23
218000078,485,1342,-857
218000079,55,96,-41
218000080,84,63,21
218000081,235,313,-78
218000082,16,152,-136
218000083,33,63,-30
218000084,71,297,-226
218000085,89,621,-532
218000086,47,242,-195
218000087,131,264,-133
218000090,8,111,-103
218000091,797,472,325
218000092,41,152,-111
218000093,66,94,-28
218000094,547,868,-321
218000099,348,476,-128
218000100,181,265,-84
218000101,132,173,-41
218000102,151,311,-160
218000103,91,233,-142
218000104,56,56,0
218000105,20,5,15
218000106,9,11,-2
218000107,32,87,-55
218000108,3,45,-42
218000112,50,19,31
218000117,20,18,2
218000134,610,1067,-457
218000135,40,134,-94
218000136,217,68,149
218000137,90,201,-111
218000138,18,109,-91
218000139,126,450,-324
218000140,215,187,28
218000141,37,91,-54
218000142,145,353,-208
218000143,92,253,-161
218000144,63,85,-22
218000145,236,378,-142
218000146,70,172,-102
218000151,6,17,-11
218000152,65,62,3
218000153,4,10,-6
218000154,7,2,5
218000155,12,1,11
218000156,45,22,23
218000157,14,16,-2
218000158,7,7,0
218000159,5,1,4
218000160,4,7,-3
218000161,19,7,12
218000162,14,15,-1
218000163,4,2,2
218000164,30,16,14
218000165,25,37,-12
218000170,1,35,-34
218000171,58,18,40
218000172,24,66,-42
218000173,75,28,47
218000174,17,4,13
218000176,114,34,80
218000177,395,159,236
218000178,93,165,-72
218000179,83,55,28
218000180,52,22,30
218000181,111,39,72
218000187,12,35,-23
218000188,64,92,-28
218000189,17,77,-60
218000190,14,42,-28
218000191,65,80,-15
218000192,123,610,-487
218000193,344,704,-360
218000194,83,657,-574
218000195,108,90,18
218000196,207,275,-68
218000197,169,397,-228
218000198,10,121,-111
218000199,36,24,12
218000200,90,62,28
218000201,11,26,-15
218000202,114,153,-39
218000207,4,71,-67
218000208,33,84,-51
218000211,46,17,29
218000212,0,8,-8
218000213,115,50,65
218000214,6,18,-12
218000215,94,124,-30
218000217,2,128,-126
218000218,386,105,281
218000219,30,23,7
218000220,99,397,-298
218000221,710,157,553
218000222,81,24,57
218000223,33,218,-185
218000224,5,84,-79
218000225,191,25,166
218000226,80,60,20
218000230,2,9,-7
218000232,52,86,-34
218000239,159,9,150
218000240,30,5,25
218000241,15,7,8
218000242,98,1,97
218000243,33,0,33
218000244,24,0,24
218000245,7,1,6
218000246,0,0,0
218000247,0,0,0
218000248,0,37,-37
218000249,2,1,1
218000250,8,37,-29
218000251,5,14,-9
218000252,9,30,-21
218000253,15,17,-2
218000254,0,14,-14
218000255,0,12,-12
218000256,3,49,-46
218000267,931,1306,-375
218000268,10,64,-54
218000269,4,8,-4
218000270,19,34,-15
218000271,30,50,-20
218000273,14,3,11
218000274,8,5,3
218000275,20,62,-42
218000276,5,54,-49
218000278,7,39,-32
218000279,14,27,-13
218000280,13,13,0
218000281,17,24,-7
218000282,427,174,253
218000284,88,8,80
218000301,69,128,-59
218000302,81,75,6
218000303,92,55,37
218000316,605,1107,-502
218000317,522,1181,-659
218000318,255,911,-656
218000319,638,1818,-1180
218000320,541,835,-294
218000338,63,29,34
218000345,106,51,55
218000346,42,159,-117
218000459,94,441,-347
218000490,35,73,-38
218000501,30,33,-3
218000502,33,109,-76
218000503,41,24,17
218000504,94,16,78
218000505,50,163,-113
218000506,29,200,-171
218000508,1,3,-2
218000510,195,10,185
218000520,138,102,36
218000521,11,69,-58
218000522,0,150,-150
218000523,87,2,85
218000524,38,160,-122
218000525,88,15,73
218000526,58,93,-35
218000529,16,346,-330
218000530,8,4,4
218000531,4,27,-23
218000532,9,19,-10
218000534,59,7,52
218000537,25,48,-23
218000538,173,196,-23
218000540,379,82,297
218000543,72,70,2
218000544,67,163,-96
218000545,38,82,-44
218000546,44,144,-100
218000547,117,100,17
218000548,132,222,-90
218000549,313,182,131
218000550,156,703,-547
218000551,220,472,-252
218000552,588,48,540
218000553,34,82,-48
218000554,14,37,-23
218000555,18,45,-27
218000556,90,487,-397
218000557,185,134,51
218000558,80,0,80
218000559,0,24,-24
218000560,1,14,-13
218000561,7,0,7
218000562,17,208,-191
218000563,161,26,135
218000564,11,114,-103
218000565,194,22,172
218000566,636,35,601
218000567,2,71,-69
218000568,23,4,19
218000569,14,134,-120
218000570,197,14,183
218000571,2,113,-111
218000572,131,3,128
218000573,23,105,-82
218000574,131,77,54
218000575,118,1,117
218000576,1,37,-36
218000577,52,0,52
218000578,0,62,-62
218000579,71,7,64
218000581,1,77,-76
218000582,22,6,16
218000583,42,1,41
218000584,0,33,-33
218000585,8,0,8
218000586,1,30,-29
218000587,2,3,-1
218000588,0,1,-1
218000589,0,2,-2
218000590,1,1,0
218000591,1,1,0
218000592,2,0,2
218000593,0,0,0
218000594,1,2,-1
218000595,0,0,0
218000596,0,0,0
218000597,0,1,-1
218000598,0,0,0
218000599,0,0,0
218000600,0,1,-1
218000601,0,0,0
218000602,0,2,-2
218000603,0,5,-5
218000604,2,0,2
218000605,0,18,-18
218000606,30,0,30
218000607,12,35,-23
218000608,31,13,18
218000609,2,47,-45
218000610,39,4,35
218000611,19,1,18
218000612,1,24,-23
218000613,36,1,35
218000614,1,64,-63
218000615,102,0,102
218000616,4,147,-143
218000617,25,2,23
218000618,0,19,-19
218000619,18,23,-5
218000620,4,207,-203
218000621,0,2,-2
218000622,0,23,-23
218000623,9,0,9
218000624,2,37,-35
218000625,11,3,8
218000626,1,5,-4
218000628,60,31,29
218000631,17,15,2
218000632,0,109,-109
218000633,32,0,32
218000634,24,27,-3
218000635,62,12,50
218000636,721,1797,-1076
218000637,1000,707,293
218000638,135,48,87
218000639,35,304,-269
218000640,153,25,128
218000641,50,551,-501
218000652,193,159,34
218000653,165,72,93
218000663,6,126,-120
218000675,54,61,-7
218000676,0,38,-38
218000677,2,7,-5
218000680,184,727,-543
218000681,232,89,143
218000691,87,500,-413
218000693,91,101,-10
218000703,11,80,-69
218000718,1029,516,513
218000719,1592,127,1465
218000720,9,58,-49
218000721,95,14,81
218000725,1,5,-4
218001214,14,20,-6
218001329,67,95,-28
218001330,88,90,-2
218001351,24,9,15
218001352,6,17,-11
218001353,32,10,22
218001354,2,16,-14
219000001,43,55,-12
219000002,26,67,-41
219000003,37,20,17
219000004,34,43,-9
219000017,155,32,123
219000020,78,27,51
219000022,56,4,52
219000023,102,0,102
219000029,0,95,-95
219000034,12,15,-3
219000039,49,63,-14
219000040,45,29,16
219000041,61,36,25
219000051,0,82,-82
219000052,0,33,-33
219000053,2,309,-307
219000054,295,419,-124
219000055,69,1,68
219000056,21,0,21
219000057,23,0,23
219000062,14,287,-273
219000063,46,13,33
219000064,1,43,-42
219000110,256,29,227
219000111,70,21,49
219000112,201,53,148
219000113,79,39,40
219000114,231,59,172
219000116,64,29,35
219000117,172,65,107
219000118,89,57,32
219000123,203,103,100
219000124,69,71,-2
219000125,13,15,-2
219000126,72,165,-93
219000127,0,13,-13
219000128,19,123,-104
219000129,28,103,-75
219000130,864,885,-21
219000131,668,782,-114
219000133,43,19,24
219000134,8,11,-3
219000135,35,43,-8
219000136,136,111,25
219000138,51,19,32
219000139,22,51,-29
219000140,30,1,29
219000141,26,146,-120
219000142,12,68,-56
219000143,26,112,-86
219000145,19,62,-43
219000146,3,62,-59
219000147,3,87,-84
219000148,3,62,-59
219000149,38,242,-204
219000150,0,195,-195
219000151,5,146,-141
219000157,86,119,-33
219000158,124,245,-121
219000161,138,13,125
219000163,1706,415,1291
219000166,64,185,-121
219000167,77,278,-201
219000168,307,77,230
219000174,221,110,111
219000175,43,0,43
219000176,51,7,44
219000177,16,3,13
219000178,19,0,19
219000179,6,7,-1
219000180,34,31,3
219000182,81,14,67
219000183,35,55,-20
219000184,33,6,27
219000185,0,107,-107
219000186,28,64,-36
219000187,22,164,-142
219000189,176,148,28
219000190,191,227,-36
219000191,1541,1130,411
219000192,105,144,-39
219000193,599,152,447
219000195,5,83,-78
219000196,2,151,-149
219000198,25,181,-156
219000199,150,217,-67
219000200,27,189,-162
219000201,66,285,-219
219000203,32,188,-156
219000204,98,209,-111
219000205,25,235,-210
219000207,149,289,-140
219000209,25,77,-52
219000210,50,147,-97
219000213,9,355,-346
219000239,136,199,-63
219000240,155,323,-168
219000241,76,305,-229
219000242,54,266,-212
219000243,55,370,-315
219000244,13,83,-70
219000245,89,44,45
219000246,21,19,2
219000247,71,17,54
219000248,413,239,174
219000249,73,60,13
219000250,124,128,-4
219000251,424,133,291
219000252,166,138,28
219000253,229,32,197
219000255,52,61,-9
219000256,114,64,50
219000257,53,0,53
219000262,86,297,-211
219000263,29,259,-230
219000267,6,188,-182
219000268,4,5,-1
219000269,2,0,2
219000270,1,0,1
219000271,40,3,37
219000278,0,7,-7
219000279,4,2,2
219000283,0,9,-9
219000295,10,113,-103
219000296,75,557,-482
219000297,10,169,-159
219000298,18,221,-203
219000299,406,73,333
219000300,22,348,-326
219000301,175,317,-142
219000302,18,249,-231
219000307,25,56,-31
219000308,41,27,14
219000311,120,38,82
219000312,374,39,335
219000313,196,39,157
219000314,106,625,-519
219000315,136,25,111
219000316,276,40,236
219000317,60,24,36
219000320,1,41,-40
219000321,1,45,-44
219000323,2,141,-139
219000325,0,27,-27
219000326,50,133,-83
219000327,43,32,11
219000328,21,52,-31
219000329,270,92,178
219000330,61,16,45
219000331,33,32,1
219000332,65,76,-11
219000333,1,2,-1
219000335,67,5,62
219000337,12,0,12
219000338,44,1,43
219000344,33,98,-65
219000345,67,129,-62
219000346,29,170,-141
219000348,72,220,-148
219000349,43,340,-297
219000350,67,113,-46
219000351,18,1,17
219000352,229,30,199
219000353,90,38,52
219000354,89,107,-18
219000355,74,37,37
219000356,1915,649,1266
219000363,338,23,315
219000364,60,18,42
219000365,77,7,70
219000366,204,130,74
219000368,282,303,-21
219000370,1081,205,876
219000371,12,22,-10
219000382,7,19,-12
219000383,746,685,61
219000385,698,428,270
219000386,1115,1439,-324
219000387,9,6,3
219000390,6,1,5
219000391,3,1,2
219000397,100,75,25
219000398,84,29,55
219000401,4,118,-114
219000402,18,92,-74
219000403,106,177,-71
219000404,18,93,-75
219000407,0,40,-40
219000409,36,28,8
219000410,56,12,44
219000411,36,13,23
219000446,195,445,-250
219000447,2,18,-16
219000448,6,7,-1
219000452,93,51,42
219000453,60,111,-51
219000454,275,163,112
219000556,174,83,91
219000558,161,372,-211
219000590,14,231,-217
219000591,18,64,-46
219000592,103,433,-330
219000595,0,42,-42
219000635,50,13,37
219000636,13,89,-76
219000657,32,5,27
219000658,12,66,-54
219000673,0,6,-6
219000676,13,2,11
219000679,48,11,37
219000684,89,1,88
219000685,3,104,-101
219000686,2,1,1
219000688,0,94,-94
219000689,36,243,-207
219000690,182,21,161
219000691,67,115,-48
219000692,174,32,142
219000693,0,24,-24
219000694,4,0,4
219000695,35,5,30
219000698,12,0,12
219000699,1,13,-12
219000727,7,261,-254
219000728,51,2,49
219000770,13,0,13
219000771,0,55,-55
219000788,7,7,0
219001150,1,27,-26
219001151,1,4,-3
219001166,11,12,-1
219001167,0,57,-57
220000001,48,51,-3
220000002,16,129,-113
220000003,372,274,98
220000004,582,590,-8
220000005,1507,1609,-102
220000006,128,807,-679
220000007,245,659,-414
220000008,250,1062,-812
220000009,143,507,-364
220000010,198,148,50
220000011,740,2471,-1731
220000012,186,272,-86
220000014,61,58,3
220000015,23,170,-147
220000017,64,454,-390
220000018,6326,1498,4828
220000019,76,232,-156
220000020,253,220,33
220000021,421,162,259
220000022,293,475,-182
220000023,175,126,49
220000024,1461,266,1195
220000025,611,491,120
220000026,145,172,-27
220000027,12,73,-61
220000028,30,31,-1
220000029,61,191,-130
220000030,111,90,21
220000031,164,272,-108
220000064,20,1011,-991
221000046,3,0,3
221000047,0,4,-4
221000048,0,0,0
221000049,0,15,-15
221000050,21,1,20
221000055,35,40,-5
221000057,30,9,21
221000068,364,99,265
221000069,244,40,204
221000070,126,21,105
221000071,65,3,62
221000072,139,5,134
221000073,148,36,112
221000074,2,30,-28
221000075,32,8,24
221000076,9,31,-22
221000077,19,76,-57
221000081,31,7,24
221000082,32,5,27
221000083,16,10,6
221000084,2,4,-2
221000085,12,60,-48
221000086,13,118,-105
221000087,7,182,-175
221000088,8,216,-208
221000089,37,318,-281
221000090,75,511,-436
221000098,92,8,84
221000099,92,10,82
221000100,30,7,23
221000101,127,13,114
221000102,101,19,82
221000109,12,94,-82
221000110,5,104,-99
221000111,13,129,-116
221000112,7,98,-91
221000113,11,151,-140
221000114,12,139,-127
221000120,34,45,-11
221000121,8,18,-10
221000122,26,24,2
221000123,9,12,-3
221000124,32,265,-233
221000155,69,9,60
221000156,15,26,-11
221000175,0,2,-2
221000176,0,1,-1
221000182,21,4,17
221000241,471,186,285
221000242,211,367,-156
221000243,290,88,202
221000244,173,385,-212
221000245,38,102,-64
221000246,10,228,-218
221000247,17,144,-127
221000248,94,142,-48
221000267,58,911,-853
221000325,60,56,4
221000331,1,97,-96
221000338,16,12,4
221000378,104,26,78
221000381,65,91,-26
222000282,1,0,1
222000296,4,47,-43
222000568,218,13,205
222000569,62,38,24
222000570,76,6,70
222000571,149,21,128
222000577,13,336,-323
222000578,26,288,-262
222000579,24,195,-171
222000580,170,1229,-1059
222000599,1,159,-158
222000600,5,330,-325
222000601,13,960,-947
222000603,15,34,-19
222000604,5,29,-24
222000605,14,15,-1
222000606,8,10,-2
222000607,19,2,17
222000608,22,13,9
222000609,47,445,-398
222000616,103,36,67
222000617,7,10,-3
222000618,7,6,1
222000620,66,19,47
222000621,94,13,81
222000623,400,4,396
222000624,210,3,207
222000625,283,39,244
222000636,77,7,70
222000686,24,25,-1
222000687,11,32,-21
222001066,273,1,272
222001067,1,18,-17
222001068,37,48,-11
222001069,21,61,-40
222001082,9,63,-54
222001083,15,68,-53
222001084,0,14,-14
222001085,1,252,-251
222001111,37,299,-262
222001112,29,45,-16
222001313,23,4,19
222001314,3,121,-118
222001464,98,47,51
222001465,9,183,-174
222001484,47,74,-27
222001485,19,67,-48
222001494,174,124,50
222001495,127,657,-530
222001496,149,51,98
222001497,54,856,-802
222001502,15,110,-95
222001503,75,45,30
222001504,28,318,-290
222001505,226,13,213
222001506,45,255,-210
222001507,175,29,146
222001510,234,40,194
222001511,41,525,-484
222001514,542,134,408
222001515,230,861,-631
222001518,127,82,45
222001519,43,491,-448
222001527,124,73,51
222001528,46,251,-205
222001529,142,37,105
222001530,52,351,-299
222001533,105,531,-426
222001534,183,41,142
222001535,81,135,-54
222001536,117,543,-426
222001537,192,27,165
222001538,83,666,-583
222001563,235,75,160
222001564,38,985,-947
222001568,230,142,88
222001576,0,0,0
222001579,1,5,-4
222001583,6,298,-292
222001584,60,14,46
222001596,665,1819,-1154
222001597,1228,299,929
222001626,0,192,-192
222001650,47,61,-14
222001651,85,224,-139
222001914,219,89,130
222001915,66,315,-249
222900004,327,160,167
222900009,407,1153,-746
222900019,165,387,-222
222900024,8,34,-26
222900025,2,41,-39
225000001,290,102,188
225000002,206,77,129
225000003,210,56,154
225000004,142,160,-18
225000005,18,45,-27
225000006,2,108,-106
225000007,3048,1098,1950
225000010,77,7,70
225000011,440,712,-272
225000012,128,489,-361
225000013,104,143,-39
225000014,738,85,653
225000015,94,207,-113
225000021,489,112,377
225000027,273,508,-235
225000032,485,148,337
225000042,83,760,-677
225000049,41,67,-26
225000050,26,16,10
225000053,7,200,-193
225000058,490,113,377
225000067,136,234,-98
225000068,80,602,-522
225000069,219,557,-338
225000070,48,521,-473
225000071,27,343,-316
225000075,19,936,-917
225000076,65,104,-39
225000078,68,35,33
225000085,32,89,-57
225000086,124,40,84
225000087,108,21,87
225000088,21,185,-164
225000089,346,660,-314
225000090,27,295,-268
225000091,70,219,-149
225000092,38,62,-24
225000093,96,383,-287
225000094,13,553,-540
225000095,294,629,-335
225000096,224,461,-237
225000098,311,123,188
225000099,165,90,75
225000100,120,84,36
225000104,76,389,-313
225000110,8,457,-449
225000111,143,1154,-1011
225000112,321,1207,-886
225000113,98,639,-541
225000114,54,351,-297
225000115,2431,606,1825
225000116,733,97,636
225000117,667,297,370
225000118,583,252,331
225000119,137,45,92
225000120,405,61,344
225000121,194,25,169
225000123,855,14,841
225000125,256,284,-28
225000126,803,151,652
225000127,777,439,338
225000128,272,337,-65
225000132,217,28,189
225000133,224,27,197
225000134,575,100,475
225000135,52,10,42
225000136,154,5,149
225000137,67,39,28
225000138,187,18,169
225000143,66,125,-59
225000144,1,339,-338
225000145,28,21,7
225000146,23,127,-104
225000147,9,311,-302
225000148,4,274,-270
225000149,81,495,-414
225000151,25,280,-255
225000155,201,350,-149
225000156,205,717,-512
225000157,185,369,-184
225000158,83,355,-272
225000171,1,189,-188
225000180,17,1,16
225000181,0,58,-58
225000182,40,5,35
225000185,5,334,-329
225000187,46,433,-387
225000191,86,1,85
225000194,0,7,-7
225000208,0,46,-46
225000209,34,18,16
225000210,6,243,-237
225000217,0,4,-4
225000218,18,2,16
225000223,0,31,-31
225000224,312,7,305
225000225,0,11,-11
225000226,38,4,34
225000227,23,41,-18
225000228,11,11,0
225000229,0,66,-66
225000230,38,1,37
225000231,0,46,-46
225000232,72,1,71
225000241,27,0,27
225000242,0,31,-31
225000249,0,0,0
225000250,51,1011,-960
225000251,323,22,301
225000254,2,19,-17
225000256,1,43,-42
225000257,0,10,-10
226000042,363,456,-93
226000043,52,281,-229
226000044,162,807,-645
226000045,60,481,-421
226000046,354,37,317
226000047,246,41,205
226000048,250,40,210
226000049,187,87,100
226000070,0,52,-52
226000071,0,72,-72
226000072,0,13,-13
226000073,0,14,-14
226000074,0,13,-13
226000084,4,65,-61
226000085,4,5,-1
226000086,3,7,-4
226000087,10,11,-1
226000088,56,12,44
226000090,106,33,73
226000091,17,16,1
226000092,1,2,-1
226000093,33,0,33
226000094,18,1,17
226000095,26,2,24
226000105,13,0,13
226000106,4,0,4
226000107,2,0,2
226000108,15,0,15
226000109,51,0,51
226000124,94,51,43
226000134,240,399,-159
226000135,671,510,161
226000136,231,364,-133
226000137,15,412,-397
226000138,7,216,-209
226000139,0,13,-13
226000156,55,6,49
226000157,97,9,88
226000163,53,31,22
226000202,6,428,-422
226000231,108,9,99
226000232,27,4,23
227000033,224,43,181
227000036,143,15,128
227000037,88,28,60
227000038,88,26,62
227000084,2,65,-63
227000085,1,43,-42
227000088,22,1,21
227000089,97,0,97
227000090,17,0,17
227000091,11,3,8
227000092,13,0,13
227000093,46,0,46
227000094,1,0,1
227000130,26,61,-35
227000131,18,244,-226
227000132,9,240,-231
227000133,17,251,-234
227000134,10,417,-407
227000152,0,4,-4
227000153,0,36,-36
227000154,1,22,-21
227000155,0,11,-11
227000156,1,25,-24
227000165,4,21,-17
227000196,141,445,-304
227000199,66,709,-643
227000230,22,619,-597
227000232,144,15,129
227000242,35,535,-500
227000243,260,44,216
227000245,4,425,-421
227000246,63,487,-424
227000247,170,45,125
227000248,39,24,15
227000249,17,195,-178
227000250,183,66,117
227000251,119,236,-117
227000252,12,414,-402
227000253,52,13,39
227000262,232,22,210
227000266,459,8,451
227000267,37,2456,-2419
227000282,3,307,-304
227000284,187,14,173
227000286,3,122,-119
227000291,18,745,-727
227000296,294,258,36
227000484,248,17,231
227000485,18,929,-911
227000655,50,13,37
227000656,520,36,484
227000657,25,15,10
227000704,150,15,135
229000265,4,14,-10
229000266,0,0,0
229000267,15,0,15
229000268,12,0,12
229000269,69,0,69
229000274,2,32,-30
229000275,2,21,-19
229000276,2,23,-21
229000277,0,9,-9
229000278,5,5,0
229000295,16,36,-20
229000296,34,3,31
229000297,10,52,-42
229000298,10,220,-210
229000320,12,16,-4
229000321,29,21,8
229000412,29,80,-51
229000414,6,69,-63
229000415,5,0,5
229000416,5,2,3
229000417,4,10,-6
229000419,154,370,-216
229000440,255,83,172
229000442,19,6,13
229000443,1,4,-3
229000444,4,36,-32
229000445,46,8,38
229000446,110,14,96
229000491,3,30,-27
229000492,9,190,-181
229000493,6,144,-138
229000494,21,3,18
229000495,87,5,82
229000496,26,6,20
229000507,0,52,-52
229000508,1,26,-25
229000509,0,65,-65
229000510,3,34,-31
229000511,3,79,-76
229000512,0,47,-47
229000513,0,5,-5
229000514,1,5,-4
229000517,2,12,-10
229000518,7,59,-52
229000519,1,17,-16
229000520,2,51,-49
229000521,23,18,5
229000522,2,13,-11
229000523,2,11,-9
229000524,0,5,-5
229000527,3,1,2
229000528,0,1,-1
229000529,11,0,11
229000530,73,2,71
229000531,27,3,24
229000532,36,2,34
229000533,68,1,67
229000534,63,0,63
229000564,35,0,35
229000565,5,1,4
229000566,0,23,-23
229000567,0,86,-86
229000582,89,0,89
229000583,6,1,5
229000584,0,63,-63
229000585,3,71,-68
229000718,0,9,-9
229000719,0,5,-5
229000720,1,10,-9
229000721,0,12,-12
229000722,1,37,-36
229000723,0,14,-14
229000724,0,2,-2
229000725,0,6,-6
229000738,4,0,4
229000739,0,0,0
229000740,1,0,1
229000741,5,0,5
229000742,0,0,0
229000743,12,0,12
229000744,4,0,4
229000745,1,0,1
229000746,21,0,21
229000847,15,0,15
229000848,6,0,6
229000849,62,1,61
229000851,10,0,10
229000854,1,55,-54
229000856,4,126,-122
229000857,0,31,-31
229000858,0,124,-124
229000919,19,49,-30
229000930,2,190,-188
229000937,64,16,48
229000966,27,30,-3
229000981,14,54,-40
229000985,6,44,-38
229000986,2,14,-12
229000987,0,0,0
229000988,0,14,-14
229000989,5,7,-2
229000990,0,1,-1
229000991,0,6,-6
229000992,3,12,-9
229000993,184,20,164
229000998,20,77,-57
229000999,69,16,53
229001034,0,33,-33
229001035,8,2,6
229001036,1,69,-68
229001037,61,2,59
229001038,0,8,-8
229001039,43,2,41
229001040,0,111,-111
229001041,67,0,67
229001042,8,44,-36
229001047,5,94,-89
229001050,36,16,20
229001168,0,15,-15
229001200,13,1,12
229001338,19,29,-10
229001394,208,1,207
229001422,86,28,58
229001423,35,124,-89
229001431,35,47,-12
229001432,35,54,-19
229001444,134,93,41
229001445,74,238,-164
229001479,3,5,-2
229001503,84,73,11
229001504,78,189,-111
229001505,49,46,3
229001506,28,155,-127
229001509,37,10,27
229001510,7,44,-37
229001545,29,3,26
229001546,4,69,-65
229001553,23,21,2
229001554,10,104,-94
229001630,65,24,41
229001631,18,33,-15
229001635,0,13,-13
229001636,2,1,1
229001658,0,93,-93
229001659,70,4,66
229001660,1,4,-3
229001661,3,17,-14
229001662,9,1,8
229001663,0,15,-15
229002584,261,224,37
229002831,235,160,75
229002841,35,21,14
229002842,6,30,-24
229002843,19,31,-12
229002844,51,79,-28
229002845,12,90,-78
229002846,10,12,-2
229002847,2,6,-4
229002848,1,10,-9
229002849,3,99,-96
229002850,10,0,10
229002851,12,91,-79
229002852,79,43,36
229002853,75,14,61
229002854,48,55,-7
229002855,11,45,-34
229002856,13,24,-11
229002857,3,103,-100
229002858,9,14,-5
229002859,43,59,-16
229002860,28,40,-12
229002861,20,38,-18
229002862,12,60,-48
229002863,21,40,-19
229002864,19,33,-14
229002865,31,17,14
229002866,56,18,38
229002867,0,24,-24
229002868,14,7,7
229002869,9,191,-182
229002870,30,8,22
235000066,359,77,282
235000067,120,106,14
235000072,22,48,-26
235000073,37,242,-205
235000074,38,93,-55
235000080,15,76,-61
235000081,60,209,-149
235000082,52,57,-5
235000083,86,137,-51
235000084,8,71,-63
235000085,58,90,-32
235000089,14,18,-4
235000092,17,125,-108
235000093,3,1,2
235000097,0,4,-4
235000098,37,7,30
235000099,23,23,0
235000116,38,22,16
235000117,915,10,905
235000133,21,188,-167
235000134,4,91,-87
235000206,6,4,2
235000207,1,5,-4
235000208,4,1,3
235000209,4,0,4
235000210,5,2,3
235000212,1,22,-21
235000213,1,9,-8
235000220,1,3,-2
235000221,24,7,17
235000238,4,20,-16
235000239,1,1,0
235000242,222,215,7
235000245,788,223,565
235000246,10,70,-60
235000284,6,140,-134
235000295,123,10,113
235000305,140,14,126
235000306,59,4,55
235000307,12,3,9
235000308,21,1,20
235000309,28,0,28
235000310,56,0,56
235000311,23,14,9
235000322,1,27,-26
235000323,0,81,-81
235000324,1,15,-14
235000325,0,24,-24
235000326,10,423,-413
235000351,6,82,-76
235000352,23,189,-166
235000353,0,61,-61
235000354,1,128,-127
235000355,4,106,-102
235000356,33,7,26
235000357,17,8,9
235000358,33,5,28
235000359,4,3,1
235000360,96,21,75
235000361,51,10,41
235000381,41,260,-219
235000382,87,65,22
235000390,20,1,19
235000391,55,11,44
235000392,62,154,-92
235000393,52,71,-19
235000395,53,13,40
235000396,159,53,106
235000400,116,33,83
235000401,68,205,-137
235000405,65,324,-259
235000406,42,312,-270
235000407,36,112,-76
235000409,166,185,-19
235000410,24,246,-222
235000411,0,89,-89
235000485,0,13,-13
235000486,5,0,5
235000549,30,78,-48
235000550,46,218,-172
235000599,58,89,-31
235000600,5,9,-4
235000601,8,42,-34
235000602,57,156,-99
235000614,0,1,-1
235000648,0,25,-25
235000649,28,3,25
235000685,0,7,-7
235000815,3,32,-29
235000834,0,11,-11
235000855,24,48,-24
235000862,25,247,-222
235000891,0,15,-15
235000892,18,8,10
235000901,43,107,-64
235000907,2,12,-10
235001010,34,82,-48
235001029,672,368,304
235001030,281,159,122
235001078,64,43,21
235001079,32,133,-101
235001147,6,52,-46
235001166,11,89,-78
235001167,19,71,-52
235001169,37,373,-336
235001188,1,6,-5
235001189,1,1,0
235001197,6,8,-2
235001200,24,45,-21
235001207,63,7,56
235001208,10,3,7
235001209,7,34,-27
235001210,26,183,-157
235001215,12,79,-67
235001239,2,24,-22
235001244,0,6,-6
235016267,0,49,-49
241900007,27,1,26
277101746,0,2,-2
277102712,3,0,3
277103813,0,0,0
277103898,0,3,-3
277104249,0,1,-1
277104250,0,8,-8
277104251,0,1,-1
277104252,0,1,-1
990011530,1,241,-240
990014944,0,540,-540
990015176,21,1,20
990015618,2,128,-126
990016032,1,593,-592
990032570,5,149,-144
990070001,67,3,64
990070103,0,1,-1
990070601,0,100,-100
990070751,268,0,268
990070766,2,962,-960
990071180,433,251,182
990071343,21,5,16
990071387,0,11,-11
990071823,288,3,285
990072600,1,759,-758
990072964,3,646,-643
990073285,0,4,-4
990074393,1,1490,-1489
990074870,570,10,560
990075106,557,21,536
990075746,249,2,247
990076437,469,1,468
990076458,5,1631,-1626
997000007,198,3,195
997000041,0,142,-142
997000058,19,0,19
997000062,22,4,18
997000069,0,5,-5
997000070,0,75,-75
997000100,18,0,18
997000141,13,3387,-3374
997000198,4,1365,-1361
998000475,2,25,-23
998000736,3,368,-365
998000965,0,7,-7
998001031,0,45,-45
998001700,0,37,-37
998001899,0,0,0
998001900,8,1,7
998003073,1231,41,1190
998101900,0,0,0
998102850,5,115,-110
998501927,496,371,125
998501929,63,3,60
998501930,81,0,81
998501931,96,9,87
998501932,4,5,-1
998501933,30,0,30
998501937,31,15,16
998501944,2,1,1
998501950,0,0,0
998501970,61,5,56
998501971,0,91,-91
998501973,1,72,-71
998501974,0,265,-265
998501975,147,0,147
998501976,44,1,43
998501977,0,41,-41
998501978,33,0,33
998501979,0,17,-17
998501980,101,1,100
998501981,41,17,24
998501982,0,95,-95
998501983,0,0,0
998502006,0,0,0
998502024,0,5,-5
998502032,0,3,-3
998502062,26,9,17
998502063,0,0,0
998502173,16,1,15
998502269,1,2,-1
998601159,0,376,-376
998601292,1,12,-11
999033574,0,301,-301
999800001,83,39,44
999800002,0,5,-5
999800003,9,1,8
999800004,0,5,-5
999800005,0,6,-6
