ID,insum,outsum,diff
100000001,1206,1132,74
100000002,6224,8893,-2669
100000003,6330,9584,-3254
100000004,425,1903,-1478
100000005,3959,7489,-3530
100000006,766,498,268
100000007,4113,1198,2915
100000008,191,1045,-854
100000009,902,632,270
100000010,62,176,-114
100000011,680,194,486
100000012,43,1560,-1517
100000013,16,355,-339
100000014,526,687,-161
100000015,1927,3021,-1094
100000016,587,2495,-1908
100000017,924,2492,-1568
100000018,1168,1616,-448
100000019,6097,5218,879
100000020,1928,10506,-8578
100000021,8948,3331,5617
100000022,1278,6168,-4890
100000023,8490,2676,5814
100000025,563,2818,-2255
100000028,615,2882,-2267
100000029,102,980,-878
100000030,84,89,-5
100000031,2848,9317,-6469
100000032,2664,6504,-3840
100000033,1586,6190,-4604
100000034,204,2037,-1833
100000035,1386,3114,-1728
100000036,1379,2709,-1330
100000037,922,738,184
100000038,3386,1975,1411
100000039,472,1076,-604
100000040,553,269,284
100000041,2123,949,1174
100000042,1561,728,833
100000043,999,688,311
100000044,279,1148,-869
100000045,486,1075,-589
100000046,585,844,-259
100000047,272,556,-284
100000048,446,942,-496
100000049,2351,1583,768
100000051,657,596,61
100000053,134,5,129
100000054,476,73,403
100000055,880,356,524
100000056,571,1073,-502
100000057,2803,963,1840
100000058,1028,903,125
100000059,50,282,-232
100000060,718,497,221
100000061,2874,797,2077
100000062,2089,919,1170
100000063,1311,490,821
100000064,2050,874,1176
100000065,432,988,-556
100000066,271,691,-420
100000067,307,742,-435
100000068,479,1507,-1028
100000069,497,1233,-736
100000072,221,588,-367
100000073,1440,1118,322
100000075,1053,266,787
100000076,2155,8067,-5912
100000077,222,678,-456
100000078,33,55,-22
100000079,45,56,-11
100000080,12,77,-65
100000081,68,259,-191
100000102,4495,8932,-4437
100000103,2196,3452,-1256
100000104,5032,4173,859
100000105,1678,3095,-1417
100000106,1440,5850,-4410
100000107,154,2380,-2226
100000108,454,1350,-896
100000109,888,2160,-1272
100000116,469,891,-422
100000117,149,297,-148
100000118,584,1681,-1097
100000119,882,1279,-397
100000121,320,915,-595
100000122,704,3156,-2452
100000123,1552,4036,-2484
100000124,2980,4622,-1642
100000125,7687,3219,4468
100000126,688,1518,-830
100000127,1347,1081,266
100000128,893,4154,-3261
100000129,438,1167,-729
100000130,847,342,505
100000131,1328,2767,-1439
100000132,1202,2582,-1380
100000133,2265,1530,735
100000135,963,1931,-968
100000139,208,653,-445
100000140,190,341,-151
100000142,728,728,0
100000143,2097,532,1565
100000144,2700,781,1919
100000147,2016,5528,-3512
100000150,101,705,-604
100000151,731,3036,-2305
100000153,224,850,-626
100000154,24,1034,-1010
100000155,10,75,-65
100000156,299,413,-114
100000157,815,364,451
100000158,285,308,-23
100000159,163,1608,-1445
100000165,724,857,-133
100000169,37,2246,-2209
100000174,269,1603,-1334
100000179,89,1254,-1165
100000180,1211,10056,-8845
100000181,707,882,-175
100000188,108,598,-490
100000189,1256,971,285
100000190,579,2460,-1881
100000191,940,1187,-247
100000192,25,136,-111
100000193,263,266,-3
100000330,986,1417,-431
100000355,268,1455,-1187
100000362,2627,1401,1226
100000363,8830,10009,-1179
100000364,128,418,-290
100000365,8183,13592,-5409
100000366,2088,1621,467
100000367,6718,9780,-3062
100000368,2848,1235,1613
100000369,973,4150,-3177
100000370,240,1656,-1416
100000376,51,278,-227
100000379,1192,3677,-2485
100000380,4082,10051,-5969
100000384,6737,10725,-3988
100000385,1535,6864,-5329
100000386,2826,10566,-7740
100000387,3752,10282,-6530
100000388,2287,8272,-5985
100000389,5249,11008,-5759
100000390,4012,6918,-2906
100000391,3117,13931,-10814
100000392,1066,4147,-3081
100000393,941,8037,-7096
100000394,3099,9033,-5934
100000395,1815,7116,-5301
100000396,2185,3543,-1358
100000397,2434,10018,-7584
100000398,7724,5282,2442
100900002,12,15,-3
100900003,525,374,151
100900004,30,1897,-1867
100900005,152,43,109
100900006,76,56,20
100900007,227,13,214
100900008,12,519,-507
100900009,62,135,-73
100900010,134,30,104
100900011,272,136,136
100900012,6,64,-58
100900013,1297,10,1287
100900014,11,2,9
100900015,76,142,-66
100900016,1,35,-34
100900017,1494,110,1384
100900018,1,11,-10
100900019,103,139,-36
100900020,501,4,497
100900021,656,0,656
100900022,23,61,-38
100900023,0,77,-77
100900024,426,2,424
100900025,13,9,4
100900026,204,143,61
100900027,642,3778,-3136
100900028,154,583,-429
100900029,58,10,48
100900030,5,422,-417
100900031,1067,63,1004
100900032,637,2,635
100900033,214,697,-483
100900034,1535,2,1533
100900035,295,1,294
100900036,32,0,32
100900037,186,171,15
100900038,84,200,-116
100900039,242,279,-37
100900040,965,366,599
100900041,1497,302,1195
100900042,883,2790,-1907
100900043,0,39,-39
100900044,1874,661,1213
100900045,2,2,0
100900046,1682,14,1668
100900047,1004,306,698
100900048,171,73,98
100900049,122,87,35
100900050,10,17,-7
100900051,57,359,-302
100900052,383,36,347
100900053,976,58,918
100900054,11,31,-20
100900055,319,1541,-1222
100900056,49,125,-76
100900057,3276,874,2402
100900058,250,222,28
100900059,237,10,227
100900060,281,7,274
100900061,193,223,-30
100900062,18,57,-39
100900063,494,1255,-761
100900064,786,28,758
100900065,63,223,-160
100900066,217,215,2
100900067,36,7,29
100900068,365,307,58
100900069,289,15,274
100900070,823,10,813
100900071,339,166,173
100900072,0,40,-40
100900073,194,355,-161
100900074,17,31,-14
100900075,2120,258,1862
100900076,3,47,-44
100900077,85,13,72
100900078,118,282,-164
100900079,4,40,-36
100900080,148,228,-80
100900081,41,182,-141
100900082,260,178,82
100900083,17,43,-26
100900085,12,780,-768
100900086,99,683,-584
100900088,343,200,143
100900089,0,17,-17
100900090,160,1443,-1283
100900091,8,15,-7
100900092,110,193,-83
100900093,386,524,-138
100900094,237,132,105
100900095,29,78,-49
100900096,44,383,-339
100900097,0,1,-1
100900098,28,19,9
100900099,21,514,-493
100900100,19,900,-881
100900101,345,57,288
100900102,23,278,-255
100900103,8,60,-52
100900104,7,335,-328
100900105,40,870,-830
100900106,14,2,12
100900107,3296,1271,2025
100900108,4,88,-84
100900109,14,88,-74
100900110,3,10,-7
100900111,19,290,-271
100900112,2,19,-17
100900113,48,74,-26
100900114,12,31,-19
100900115,34,20,14
100900116,1642,805,837
100900117,295,1654,-1359
100900118,16,36,-20
100900119,4,38,-34
100900120,52,2,50
100900121,729,564,165
100900122,86,157,-71
100900123,167,103,64
100900124,0,19,-19
100900125,12,69,-57
100900126,502,125,377
100900127,6,5,1
100900128,130,700,-570
100900129,2,465,-463
100900131,36,246,-210
100900133,127,40,87
100900134,7,1,6
100900135,6,1773,-1767
100900137,326,344,-18
100900138,372,483,-111
100900139,1,36,-35
100900140,23,251,-228
100900141,3,1108,-1105
100900142,0,8,-8
100900143,458,915,-457
100900144,10,13,-3
100900145,88,703,-615
100900146,16,77,-61
100900147,29,1723,-1694
100900148,86,167,-81
100900149,19,454,-435
100900150,2,35,-33
100900151,152,656,-504
100900152,783,13,770
100900153,2,403,-401
100900154,34,352,-318
100900155,17,6,11
100900156,50,6,44
100900157,47,1747,-1700
100900159,5,133,-128
100900160,22,29,-7
100900161,68,9,59
100900162,18,831,-813
100900163,159,138,21
100900164,166,32,134
100900165,27,28,-1
100900166,154,0,154
100900167,28,72,-44
100900168,35,334,-299
100900169,53,1132,-1079
100900170,22,1,21
100900171,44,631,-587
100900172,1,97,-96
100900173,15,111,-96
100900174,70,28,42
100900176,2501,315,2186
100900177,508,605,-97
100900178,210,360,-150
100900179,546,574,-28
100900180,6,1,5
100900181,197,100,97
100900182,224,67,157
100900184,26,253,-227
100900186,584,362,222
100900187,29,93,-64
100900188,42,51,-9
100900189,4640,366,4274
100900191,650,1753,-1103
100900192,189,780,-591
100900195,161,413,-252
100900197,186,204,-18
100900198,35,78,-43
100900199,4,9,-5
100900200,1375,466,909
100900201,144,1184,-1040
100900202,61,0,61
100900203,2,240,-238
100900204,165,2578,-2413
100900205,247,719,-472
100900206,335,283,52
100900207,343,217,126
100900210,160,887,-727
100900211,960,224,736
100900213,413,76,337
100900214,771,291,480
100900215,28,48,-20
100900217,110,220,-110
101000001,1975,2837,-862
101000002,9961,11818,-1857
101000003,475,1318,-843
101000004,8748,7675,1073
101000005,5995,7753,-1758
101000006,7588,13674,-6086
101000007,4752,7297,-2545
101000008,1929,3781,-1852
101000009,3178,944,2234
101000010,1472,654,818
101000011,1690,369,1321
101000012,571,946,-375
101000013,762,1748,-986
101000014,434,523,-89
101000015,2381,1687,694
101000016,349,1179,-830
101000017,372,913,-541
101000018,2027,6344,-4317
101000020,2871,1209,1662
101000021,613,1275,-662
101000022,100,576,-476
101000023,1583,1510,73
101000025,462,767,-305
101000026,339,33,306
101000027,2253,5902,-3649
101000028,1439,592,847
101000029,149,1859,-1710
101000030,1015,266,749
101000031,211,1061,-850
101000032,2704,6340,-3636
101000033,2245,6790,-4545
101000034,1029,3433,-2404
101000035,674,502,172
101000036,853,2379,-1526
101000037,1490,4415,-2925
101000039,3126,5140,-2014
101000040,3596,8480,-4884
101000041,2712,8721,-6009
101000042,117,1381,-1264
101000043,4137,11345,-7208
101000045,299,1166,-867
101000046,1086,3522,-2436
101000047,1266,6355,-5089
101000048,744,494,250
101000049,914,3459,-2545
101000050,1197,3185,-1988
101000051,1016,3826,-2810
101000052,1826,2637,-811
101000053,666,1785,-1119
101000054,2209,1186,1023
101000055,1285,2476,-1191
101000056,35,236,-201
101000057,1007,2858,-1851
101000058,1216,2444,-1228
101000059,2990,3568,-578
101000060,2255,1767,488
101000061,473,2555,-2082
101000062,401,943,-542
101000063,293,2062,-1769
101000064,550,1431,-881
101000065,314,1158,-844
101000066,516,1670,-1154
101000067,413,1192,-779
101000068,135,568,-433
101000069,150,109,41
101000070,592,1230,-638
101000071,3146,1693,1453
101000072,924,3772,-2848
101000073,672,1563,-891
101000074,2653,4661,-2008
101000075,2079,4988,-2909
101000077,2202,2273,-71
101000078,926,1386,-460
101000079,1181,1409,-228
101000080,1159,1571,-412
101000081,2095,1811,284
101000082,2295,2445,-150
101000083,4680,2822,1858
101000084,1300,747,553
101000085,1686,1424,262
101000086,1141,1664,-523
101000087,966,1367,-401
101000088,2584,1532,1052
101000089,1296,2177,-881
101000090,2022,1005,1017
101000091,684,838,-154
101000092,2990,826,2164
101000093,1983,756,1227
101000094,1679,1300,379
101000095,783,700,83
101000096,916,435,481
101000097,473,1205,-732
101000098,505,926,-421
101000099,679,2003,-1324
101000100,857,2060,-1203
101000101,311,809,-498
101000102,742,1324,-582
101000103,598,1249,-651
101000104,586,1413,-827
101000105,225,870,-645
101000106,351,1928,-1577
101000107,351,870,-519
101000108,656,148,508
101000109,924,224,700
101000110,47,176,-129
101000111,68,298,-230
101000113,178,1332,-1154
101000114,3293,11792,-8499
101000115,24,30,-6
101000116,70,54,16
101000117,1693,284,1409
101000119,58,93,-35
101000120,111,133,-22
101000121,51,68,-17
101000122,123,127,-4
101000123,57,154,-97
101000124,811,716,95
101000125,140,228,-88
101000128,214,1501,-1287
101000130,210,279,-69
101000131,2161,386,1775
101000132,1381,1426,-45
101000135,18,41,-23
101000136,176,314,-138
101000137,38,700,-662
101000141,676,5333,-4657
101000147,1560,433,1127
101000148,1082,17,1065
101000149,65,232,-167
101000150,187,296,-109
101000151,552,61,491
101000152,521,421,100
101000153,484,154,330
101000154,555,483,72
101000155,877,378,499
101000156,106,845,-739
101000157,121,123,-2
101000160,19,30,-11
101000163,186,697,-511
101000164,470,186,284
101000165,553,563,-10
101000166,279,348,-69
101000168,1317,724,593
101000252,3218,1334,1884
101000254,55,88,-33
101000258,110,8,102
101000261,79,95,-16
101000262,1446,6529,-5083
101000263,447,2095,-1648
101000265,58,1092,-1034
101000266,490,571,-81
101000269,22,60,-38
101000290,590,4287,-3697
101000293,27,60,-33
101000294,967,876,91
101000295,314,269,45
101000301,315,674,-359
101000304,2659,4598,-1939
101000305,3238,1565,1673
101000328,1,50,-49
101900001,37,43,-6
101900002,0,5,-5
101900003,36,235,-199
101900004,2,328,-326
101900005,1361,5187,-3826
101900006,3025,159,2866
101900007,1017,286,731
101900008,74,319,-245
101900009,31,418,-387
101900010,544,1089,-545
101900011,119,1436,-1317
101900012,765,121,644
101900013,518,113,405
101900017,8,134,-126
101900018,820,450,370
101900019,45,211,-166
101900020,20,23,-3
101900021,3,130,-127
101900022,278,550,-272
101900023,333,140,193
101900026,193,83,110
101900027,27,160,-133
102000001,4925,9184,-4259
102000002,3215,2511,704
102000003,3255,9715,-6460
102000004,5253,3901,1352
102000005,1558,5086,-3528
102000006,828,1921,-1093
102000007,2861,7796,-4935
102000008,6447,1946,4501
102000009,10626,12678,-2052
102000010,5023,3951,1072
102000011,6236,6271,-35
102000012,4343,3454,889
102000018,3953,4434,-481
102000019,4087,2704,1383
102000026,532,675,-143
102000029,356,317,39
102000030,257,541,-284
102000031,146,118,28
102000032,873,580,293
102000033,636,375,261
102000034,547,630,-83
102000035,2941,816,2125
102000036,35,342,-307
102000037,419,62,357
102000038,142,832,-690
102000039,83,412,-329
102000040,238,624,-386
102000041,82,1336,-1254
102000042,227,856,-629
102000043,84,700,-616
102000044,499,1692,-1193
102000045,822,1221,-399
102000046,1947,1165,782
102000047,1071,1143,-72
102000048,965,1076,-111
102000049,1346,1751,-405
102000050,1495,1712,-217
102000051,315,1285,-970
102000052,1492,1740,-248
102000053,1109,2063,-954
102000054,1357,1659,-302
102000055,2362,309,2053
102000056,2398,363,2035
102000057,2229,632,1597
102000058,1433,983,450
102000059,1447,1653,-206
102000060,1267,1089,178
102000061,3112,1914,1198
102000062,3078,1174,1904
102000063,1614,1632,-18
102000064,768,839,-71
102000065,63,188,-125
102000066,899,1370,-471
102000067,6264,4567,1697
102000068,16390,5217,11173
102000069,134,4503,-4369
102000070,2249,66,2183
102000071,9312,14157,-4845
102000072,3462,6197,-2735
102000073,890,1206,-316
102000074,989,2012,-1023
102000075,210,420,-210
102000076,463,284,179
102000077,1250,449,801
102000078,2046,320,1726
102000079,253,133,120
102000080,452,260,192
102000081,355,1139,-784
102000082,820,443,377
102000083,1452,278,1174
102000084,934,352,582
102000085,4458,1110,3348
102000086,2119,1149,970
102000087,1134,1770,-636
102000088,559,435,124
102000089,2149,484,1665
102000090,359,1524,-1165
102000091,1794,1013,781
102000092,407,725,-318
102000093,1048,606,442
102000094,711,601,110
102000095,919,1313,-394
102000096,651,703,-52
102000097,1134,714,420
102000098,493,991,-498
102000099,1065,1584,-519
102000100,201,2515,-2314
102000101,575,753,-178
102000102,1019,1960,-941
102000103,4631,559,4072
102000104,974,432,542
102000105,409,699,-290
102000106,1171,513,658
102000107,2813,292,2521
102000108,1113,367,746
102000109,998,519,479
102000110,2270,773,1497
102000111,25,616,-591
102000112,224,224,0
102000113,50,57,-7
102000114,1153,369,784
102000115,375,434,-59
102000116,295,892,-597
102000117,112,1386,-1274
102000118,1218,2338,-1120
102000119,1383,2340,-957
102000120,395,938,-543
102000121,1360,610,750
102000122,959,1434,-475
102000123,1382,1194,188
102000124,2150,2108,42
102000125,620,945,-325
102000126,717,1147,-430
102000127,1612,824,788
102000128,1062,1265,-203
102000129,1959,599,1360
102000130,1020,1213,-193
102000131,1398,1135,263
102000132,478,1619,-1141
102000133,4455,1948,2507
102000134,1568,1064,504
102000135,1684,1056,628
102000136,2607,812,1795
102000137,525,2155,-1630
102000138,255,488,-233
102000139,54,1495,-1441
102000140,229,2661,-2432
102000141,253,3076,-2823
102000142,683,498,185
102000143,458,335,123
102000144,743,258,485
102000145,644,423,221
102000146,585,478,107
102000147,773,506,267
102000148,476,819,-343
102000149,556,192,364
102000150,1076,142,934
102000151,214,196,18
102000152,316,158,158
102000153,1166,999,167
102000154,260,597,-337
102000155,51,1040,-989
102000156,256,301,-45
102000157,48,1424,-1376
102000158,389,679,-290
102000159,2218,1538,680
102000161,3111,2777,334
102000162,170,308,-138
102000163,171,558,-387
102000164,1035,895,140
102000165,270,359,-89
102000166,78,276,-198
102000167,290,358,-68
102000168,330,320,10
102000169,157,889,-732
102000170,1049,279,770
102000171,92,392,-300
102000172,33,605,-572
102000173,621,475,146
102000174,199,87,112
102000175,107,97,10
102000176,79,15,64
102000178,228,361,-133
102000179,550,243,307
102000180,1457,341,1116
102000181,1459,354,1105
102000182,944,515,429
102000183,2952,1236,1716
102000184,2982,714,2268
102000185,4490,979,3511
102000186,2769,1267,1502
102000187,1821,2489,-668
102000188,1964,2049,-85
102000189,3339,899,2440
102000190,739,3337,-2598
102000191,1333,617,716
102000192,3281,2514,767
102000193,112,143,-31
102000194,46,258,-212
102000195,709,475,234
102000196,363,322,41
102000197,1276,258,1018
102000198,377,620,-243
102000199,1938,246,1692
102000200,541,564,-23
102000201,2139,485,1654
102000202,19,216,-197
102000203,851,195,656
102000204,879,702,177
102000205,2126,563,1563
102000206,944,564,380
102000207,938,666,272
102000208,703,732,-29
102000209,90,120,-30
102000210,838,532,306
102000211,797,278,519
102000212,728,12,716
102000213,9,197,-188
102000214,675,21,654
102000215,3,235,-232
102000216,144,152,-8
102000217,7,64,-57
102000218,363,354,9
102000219,291,133,158
102000225,384,745,-361
102000226,401,714,-313
102000227,265,3,262
102000228,0,189,-189
102000229,84,93,-9
102000230,496,444,52
102000231,489,501,-12
102000232,81,314,-233
102000233,1237,600,637
102000234,134,1460,-1326
102000236,378,164,214
102000237,639,489,150
102000238,297,431,-134
102000240,508,1260,-752
102000241,748,173,575
102000243,25,37,-12
102000245,5,137,-132
102000246,22,79,-57
102000247,309,465,-156
102000248,341,1096,-755
102000249,256,122,134
102000250,103,216,-113
102000254,358,213,145
102000266,10,1246,-1236
102000271,35,0,35
102000286,554,393,161
102000297,3165,1700,1465
102000299,0,0,0
102000301,0,0,0
102000305,0,0,0
102000307,0,5,-5
102000308,0,3,-3
102900001,1515,779,736
102900002,395,58,337
102900003,105,187,-82
102900005,626,275,351
102900006,787,99,688
102900007,870,12,858
102900008,543,36,507
102900009,413,750,-337
102900010,203,1543,-1340
102900011,1198,878,320
102900012,662,130,532
102900013,89,49,40
102900015,824,654,170
102900016,124,59,65
102900017,483,228,255
102900018,116,64,52
102900019,533,716,-183
102900020,375,23,352
102900021,124,51,73
102900022,173,131,42
102900023,39,78,-39
102900024,120,54,66
102900025,149,129,20
102900026,574,3051,-2477
102900027,118,92,26
102900028,374,1470,-1096
102900029,193,424,-231
102900030,643,471,172
102900031,459,143,316
102900032,198,55,143
102900033,255,237,18
102900034,1078,46,1032
102900035,289,239,50
102900036,607,349,258
102900037,438,347,91
102900038,673,293,380
102900039,22,884,-862
102900040,324,373,-49
102900041,160,135,25
102900042,540,193,347
102900043,456,169,287
102900044,721,1491,-770
102900045,330,417,-87
102900046,326,133,193
102900047,203,666,-463
102900048,727,255,472
102900049,86,417,-331
102900050,315,455,-140
102900051,240,270,-30
102900052,49,139,-90
102900053,377,616,-239
102900054,353,2029,-1676
102900055,278,455,-177
102900056,118,428,-310
102900057,8,92,-84
102900058,653,94,559
102900059,49,34,15
102900060,143,442,-299
102900061,316,343,-27
102900062,609,513,96
102900063,2501,398,2103
102900064,166,634,-468
102900065,931,305,626
102900066,536,14,522
102900068,75,191,-116
102900070,252,1058,-806
102900072,10,41,-31
102900073,78,15,63
102900075,17,178,-161
102900076,92,221,-129
102900077,69,32,37
102900078,49,82,-33
102900079,325,3,322
102900080,648,43,605
102900081,120,271,-151
102900082,29,341,-312
102900083,193,15,178
102900084,11,101,-90
102900085,349,106,243
102900086,18,167,-149
102900087,252,274,-22
102900088,59,65,-6
102900089,347,242,105
102900090,2,267,-265
102900091,364,4,360
102900092,884,344,540
102900093,562,188,374
102900094,4,339,-335
102900095,142,1,141
102900096,86,13,73
102900097,59,87,-28
103000001,2447,2786,-339
103000002,2917,3404,-487
103000003,3764,3316,448
103000004,862,867,-5
103000005,2056,4904,-2848
103000006,1544,1870,-326
103000007,612,643,-31
103000008,1366,1071,295
103000009,2747,1570,1177
103000010,201,120,81
103000011,1243,1280,-37
103000012,1521,2429,-908
103000013,2962,2415,547
103000014,1510,4877,-3367
103000015,2117,1137,980
103000016,672,2369,-1697
103000017,386,916,-530
103000018,1345,338,1007
103000019,496,761,-265
103000020,1615,1492,123
103000021,2167,3073,-906
103000022,1108,1092,16
103000023,1200,3436,-2236
103000024,111,105,6
103000025,211,1706,-1495
103000026,623,112,511
103000027,303,889,-586
103000028,300,408,-108
103000029,130,311,-181
103000030,1778,2331,-553
103000031,1165,3756,-2591
103000032,2678,1707,971
103000033,3488,3422,66
103000034,1228,1064,164
103000035,312,1702,-1390
103000036,239,335,-96
103000037,801,558,243
103000038,666,1365,-699
103000039,930,346,584
103000040,893,593,300
103000041,2931,1594,1337
103000042,2584,256,2328
103000043,1305,852,453
103000044,354,106,248
103000046,519,521,-2
103000047,989,327,662
103000048,382,192,190
103000049,145,95,50
103000050,1125,235,890
103000051,904,545,359
103000052,1015,257,758
103000053,346,425,-79
103000054,2671,1019,1652
103000055,2530,1587,943
103000056,1106,1032,74
103000057,2048,211,1837
103000058,1006,657,349
103000059,1179,623,556
103000060,1287,302,985
103000061,887,866,21
103000062,1273,390,883
103000063,1516,1202,314
103000064,173,129,44
103000065,9,265,-256
103000066,366,18,348
103000069,549,200,349
103000070,1096,589,507
103000071,2422,768,1654
103000072,190,460,-270
103000073,1497,135,1362
103000074,1134,146,988
103000075,207,669,-462
103000076,534,1325,-791
103000077,27,388,-361
103000078,1430,2259,-829
103000079,613,1254,-641
103000080,682,580,102
103000081,425,1405,-980
103000082,686,237,449
103000083,144,662,-518
103000084,164,16,148
103000085,1,268,-267
103000086,645,770,-125
103000087,239,811,-572
103000088,257,417,-160
103000089,391,1133,-742
103000090,6663,1564,5099
103000091,2173,650,1523
103000092,482,287,195
103000093,380,859,-479
103000094,401,189,212
103000095,127,333,-206
103000096,863,85,778
103000097,117,782,-665
103000098,727,122,605
103000099,160,746,-586
103000100,234,442,-208
103000101,2087,115,1972
103000102,159,376,-217
103000103,1084,145,939
103000104,159,70,89
103000105,281,78,203
103000106,16,201,-185
103000107,276,195,81
103000108,2284,1314,970
103000109,1039,909,130
103000110,959,741,218
103000111,348,827,-479
103000112,358,658,-300
103000113,333,1455,-1122
103000114,1870,1501,369
103000115,1032,799,233
103000116,1066,457,609
103000117,676,539,137
103000118,401,425,-24
103000119,1043,369,674
103000120,111,254,-143
103000121,230,255,-25
103000122,373,524,-151
103000125,62,110,-48
103000126,1030,0,1030
103000127,16,120,-104
103000128,245,5,240
103000129,17,173,-156
103000130,174,55,119
103000131,305,176,129
103000132,72,171,-99
103000133,40,196,-156
103000134,264,1477,-1213
103000135,770,243,527
103000136,561,636,-75
103000137,555,1060,-505
103000138,808,912,-104
103000139,1,107,-106
103000140,178,39,139
103000141,53,194,-141
103000142,90,186,-96
103000143,108,252,-144
103000144,204,131,73
103000145,27,972,-945
103000150,142,25,117
103000152,220,408,-188
103000153,349,349,0
103000156,57,153,-96
103000157,720,3,717
103000159,309,124,185
103000162,51,17,34
103000163,32,31,1
103000164,10,12,-2
103000165,108,172,-64
103000166,471,770,-299
103000167,317,216,101
103000168,259,154,105
103000169,274,1055,-781
103000170,1465,259,1206
103000171,43,124,-81
103000172,1134,136,998
103000173,1395,192,1203
103000174,491,249,242
103000175,398,122,276
103000176,1193,1045,148
103000177,334,452,-118
103000178,143,288,-145
103000179,250,91,159
103000183,481,57,424
103000185,283,51,232
103000186,277,78,199
103000187,1515,138,1377
103000188,37,136,-99
103000189,955,633,322
103000191,606,688,-82
103000292,608,2593,-1985
103000293,1464,4808,-3344
103000295,87,151,-64
103000296,213,6,207
103000297,11,324,-313
103000504,78,19,59
103000505,6,70,-64
103000506,3,90,-87
103000507,344,3,341
103000508,229,90,139
103000509,297,699,-402
103900001,56,38,18
103900002,798,144,654
103900003,1173,377,796
103900004,215,3,212
103900005,15,65,-50
103900006,2,4,-2
103900007,105,3,102
103900008,37,1,36
103900009,668,345,323
103900010,423,228,195
103900011,872,98,774
103900012,10,52,-42
103900013,91,29,62
103900014,95,17,78
103900015,176,4,172
103900016,279,119,160
103900017,108,84,24
103900018,379,148,231
103900019,77,540,-463
103900020,499,646,-147
103900021,103,78,25
103900022,843,573,270
103900023,315,1,314
103900024,192,395,-203
103900025,15,29,-14
103900026,36,0,36
103900027,608,318,290
103900028,89,457,-368
103900029,1638,204,1434
103900030,598,263,335
103900031,103,2,101
103900032,132,153,-21
103900033,90,56,34
103900034,86,37,49
103900035,94,41,53
103900036,106,41,65
103900037,206,86,120
103900038,122,301,-179
103900039,247,98,149
103900040,27,109,-82
103900041,103,51,52
103900042,192,109,83
103900043,498,52,446
103900044,67,1079,-1012
103900045,446,176,270
103900047,161,11,150
103900048,32,58,-26
103900049,137,1991,-1854
103900050,35,207,-172
103900051,0,50,-50
103900052,272,499,-227
103900053,502,175,327
103900054,358,212,146
103900055,664,207,457
103900056,127,48,79
103900057,220,49,171
103900058,687,232,455
103900059,0,72,-72
103900060,114,65,49
103900061,352,15,337
103900062,1281,332,949
103900063,2,0,2
103900064,299,6,293
103900065,372,378,-6
103900066,415,142,273
103900067,437,18,419
103900068,12,0,12
103900069,130,24,106
103900070,147,172,-25
103900071,36,43,-7
103900072,72,103,-31
103900073,37,73,-36
103900074,130,30,100
103900075,529,62,467
103900076,1204,202,1002
103900077,62,306,-244
103900078,460,65,395
103900079,137,226,-89
103900080,6,56,-50
103900081,5,25,-20
103900082,71,173,-102
103900083,1317,2595,-1278
103900084,111,372,-261
103900085,92,128,-36
103900086,1777,433,1344
103900087,19,33,-14
103900088,492,663,-171
103900089,63,140,-77
103900090,3,65,-62
103900091,892,182,710
103900092,999,1115,-116
103900093,68,339,-271
103900094,45,48,-3
103900095,303,407,-104
103900096,130,109,21
103900097,39,345,-306
103900098,522,163,359
103900099,305,38,267
103900100,574,180,394
103900101,242,975,-733
103900102,5,40,-35
103900104,2,16,-14
103900105,38,89,-51
103900106,1,263,-262
103900107,362,61,301
103900108,74,129,-55
103900109,303,28,275
103900110,441,41,400
103900111,244,207,37
103900112,65,180,-115
103900113,131,377,-246
103900114,1075,334,741
103900115,233,320,-87
103900116,1704,3206,-1502
103900117,108,30,78
103900119,41,182,-141
103900120,164,56,108
103900122,333,75,258
103900123,448,966,-518
103900124,63,200,-137
103900125,168,77,91
103900126,922,151,771
103900127,320,210,110
103900128,200,69,131
103900131,44,77,-33
103900133,1320,54,1266
103900134,1,9,-8
103900135,2,3,-1
103900137,4,9,-5
103900138,320,27,293
103900139,205,4956,-4751
103900140,2,389,-387
103900141,242,59,183
103900142,630,78,552
103900143,220,0,220
103900144,0,19,-19
103900145,209,163,46
103900146,313,147,166
103900147,708,87,621
103900148,601,172,429
103900149,559,231,328
103900150,4787,8446,-3659
103900151,20,191,-171
103900152,1725,197,1528
103900153,11,3,8
103900154,318,3547,-3229
103900155,73,70,3
103900156,111,31,80
103900157,190,60,130
103900158,265,28,237
103900159,407,21,386
103900160,84,37,47
103900161,99,186,-87
103900162,81,54,27
103900163,24,377,-353
103900167,14,180,-166
103900168,145,55,90
103900169,30,119,-89
103900170,1,80,-79
103900171,1,50,-49
103900172,5,14,-9
103900173,19,27,-8
103900174,524,38,486
103900175,53,163,-110
103900176,9,24,-15
103900177,20,14,6
103900178,82,5,77
103900179,92,23,69
103900180,34,31,3
103900181,19,60,-41
103900182,11,35,-24
103900184,209,193,16
103900185,59,939,-880
103900187,20,199,-179
103900188,140,87,53
103900189,139,8,131
103900190,185,43,142
103900191,44,87,-43
103900192,42,87,-45
103900193,70,132,-62
103900194,117,105,12
103900195,4,212,-208
103900196,77,113,-36
103900197,19,24,-5
103900198,18,22,-4
103900199,181,103,78
103900200,346,62,284
103900201,117,139,-22
103900202,9,53,-44
103900203,43,56,-13
103900204,4,39,-35
103900207,3,28,-25
103900208,202,0,202
103900209,7,86,-79
103900210,75,52,23
103900211,989,106,883
103900212,369,170,199
103900213,44,330,-286
103900214,274,360,-86
103900215,161,483,-322
103900216,6,197,-191
103900217,414,87,327
103900218,2,453,-451
103900219,336,120,216
103900233,173,23,150
103900235,25,311,-286
103900236,16,39,-23
103900242,11,2,9
103900243,5,3,2
103900244,204,128,76
103900245,168,75,93
103900246,48,65,-17
103900247,15,64,-49
103900248,4,164,-160
103900249,12,154,-142
103900250,34,72,-38
103900251,11,36,-25
103900253,10,49,-39
103900254,10,53,-43
103900255,3,40,-37
103900256,20,51,-31
103900257,313,203,110
103900258,30,6,24
103900259,28,8,20
103900261,12,1,11
103900262,33,2,31
103900263,38,89,-51
103900264,26,15,11
103900265,14,1,13
103900266,1,147,-146
103900267,11,99,-88
103900268,26,15,11
103900269,302,16,286
103900270,98,88,10
103900271,43,66,-23
103900272,70,25,45
103900273,81,6,75
103900274,263,2,261
103900275,154,31,123
103900276,8,13,-5
103900277,14,10,4
103900278,1,1,0
103900279,0,6,-6
104000001,3871,2660,1211
104000002,2673,2169,504
104000003,3140,2776,364
104000004,2834,2836,-2
104000005,2832,2590,242
104000006,3650,2831,819
104000007,5035,4464,571
104000008,218,182,36
104000009,393,178,215
104000010,209,616,-407
104000011,323,228,95
104000012,182,208,-26
104000013,568,482,86
104000014,321,335,-14
104000015,670,226,444
104000016,414,252,162
104000018,1177,288,889
104000019,745,395,350
104000020,159,317,-158
104000021,381,281,100
104000022,269,380,-111
104000023,1729,575,1154
104000024,384,300,84
104000026,58,281,-223
104000027,446,310,136
104000028,589,322,267
104000029,350,313,37
104000030,489,275,214
104000031,1846,410,1436
104000032,191,151,40
104000033,1086,655,431
104000034,385,160,225
104000035,1611,451,1160
104000036,1545,393,1152
104000037,323,151,172
104000038,709,389,320
104000039,277,157,120
104000040,140,570,-430
104000041,812,427,385
104000042,182,208,-26
104000043,308,291,17
104000044,242,473,-231
104000045,935,592,343
104000046,813,976,-163
104000047,666,1177,-511
104000048,872,847,25
104000049,1004,416,588
104000050,135,1153,-1018
104000051,363,675,-312
104000052,2959,2412,547
104000053,1476,687,789
104000054,787,227,560
104000055,3634,2626,1008
104000056,727,227,500
104000057,224,208,16
104000058,1302,903,399
104000059,953,931,22
104000060,1673,1890,-217
104000061,1598,1003,595
104000062,502,164,338
104000064,808,343,465
104000065,267,844,-577
104000069,654,2116,-1462
104000070,97,841,-744
104000071,218,338,-120
104000072,644,192,452
104000075,170,277,-107
104000076,626,73,553
104000082,2948,4837,-1889
104000083,746,245,501
104000084,124,400,-276
104000085,593,440,153
104000086,310,440,-130
104000087,394,2592,-2198
104000090,1686,955,731
104000092,2255,1022,1233
104000094,1390,867,523
104000095,4053,1648,2405
104000096,2910,81,2829
104000097,3560,615,2945
104000098,4788,689,4099
104000100,3631,845,2786
104000101,2156,1551,605
104000106,84,918,-834
104000107,847,259,588
104000108,255,333,-78
104000109,524,218,306
104000110,845,1498,-653
104000111,2740,4516,-1776
104000112,849,513,336
104000116,6,602,-596
104000117,410,368,42
104000118,1563,190,1373
104000119,1567,367,1200
104000120,442,322,120
104000121,477,471,6
104000122,1432,788,644
104000123,1089,710,379
104000124,575,1500,-925
104000125,2642,6485,-3843
104000126,720,730,-10
104000127,1532,1315,217
104000128,633,248,385
104000129,537,21,516
104000130,15,371,-356
104000131,338,314,24
104000132,350,391,-41
104000133,1847,954,893
104000134,1294,2023,-729
104000135,819,1963,-1144
104000136,1029,3766,-2737
104000137,2740,354,2386
104000138,1571,618,953
104000139,3014,2989,25
104000141,956,976,-20
104000142,858,438,420
104000143,913,275,638
104000144,173,272,-99
104000145,563,264,299
104000146,197,570,-373
104000147,222,456,-234
104000148,542,224,318
104000149,227,138,89
104000150,1492,952,540
104000151,444,261,183
104000152,795,448,347
104000153,948,822,126
104000154,770,368,402
104000155,703,957,-254
104000157,1661,1264,397
104000158,174,1093,-919
104000159,988,965,23
104000160,2178,3170,-992
104000161,352,284,68
104000162,139,203,-64
104000165,970,761,209
104000167,995,1900,-905
104000168,1150,14,1136
104000169,266,52,214
104000170,240,559,-319
104000248,420,529,-109
104000251,139,173,-34
104000272,0,0,0
104000273,0,0,0
104000274,0,0,0
104000275,0,0,0
104000279,721,502,219
104000290,97,376,-279
104000291,466,1450,-984
104000293,2193,1135,1058
104000294,173,0,173
104000295,1006,926,80
104000296,886,771,115
104000297,1065,2287,-1222
104000298,2360,1168,1192
104000299,1104,1346,-242
104900001,139,237,-98
104900002,166,401,-235
104900003,109,220,-111
104900004,127,105,22
104900005,720,580,140
104900006,1025,121,904
104900007,602,340,262
104900009,187,179,8
104900010,122,27,95
104900011,29,130,-101
104900012,354,58,296
104900013,96,22,74
104900014,1890,471,1419
104900015,137,7,130
104900016,336,192,144
104900017,267,240,27
104900018,20,154,-134
104900019,230,7881,-7651
104900020,61,359,-298
104900021,1,28,-27
104900022,9,238,-229
104900023,0,29,-29
104900024,31,293,-262
104900025,126,154,-28
104900026,2,71,-69
104900027,983,512,471
104900028,13,138,-125
104900029,17,34,-17
104900030,786,259,527
104900031,47,290,-243
104900032,153,72,81
104900033,312,250,62
104900034,599,209,390
104900035,661,299,362
104900036,492,57,435
104900037,211,202,9
104900038,284,1954,-1670
104900039,329,566,-237
104900040,815,91,724
104900041,579,171,408
104900042,244,386,-142
104900043,27,352,-325
104900044,1335,163,1172
104900045,572,103,469
104900046,791,112,679
104900047,787,126,661
104900048,596,87,509
104900049,77,43,34
104900050,731,64,667
104900051,479,38,441
104900052,244,6,238
104900053,690,114,576
104900054,317,42,275
104900055,288,1,287
104900056,370,17,353
104900057,80,1,79
104900058,608,980,-372
104900059,138,41,97
104900060,2,505,-503
104900061,158,317,-159
104900063,2,339,-337
104900064,0,166,-166
104900065,3,574,-571
104900066,2,97,-95
104900067,20,441,-421
104900068,140,159,-19
104900070,194,218,-24
104900071,0,489,-489
104900072,94,200,-106
104900073,155,50,105
104900074,142,124,18
104900075,168,16,152
104900076,282,144,138
104900077,530,363,167
104900078,329,234,95
104900079,153,1333,-1180
104900080,225,356,-131
104900082,19,337,-318
104900085,25,142,-117
104900087,540,8,532
104900089,615,2,613
104900090,2062,1151,911
104900091,731,562,169
104900093,199,321,-122
104900097,1268,4009,-2741
104900098,481,54,427
104900099,343,1749,-1406
104900100,409,228,181
104900102,71,111,-40
104900103,378,47,331
104900104,2066,2819,-753
104900106,359,117,242
104900107,117,134,-17
104900108,107,210,-103
104900109,149,167,-18
104900110,23,63,-40
104900111,589,119,470
104900112,519,326,193
104900113,1435,276,1159
104900114,956,356,600
104900115,1257,212,1045
104900116,864,121,743
104900118,48,72,-24
104900119,6,188,-182
104900120,8,736,-728
104900121,1,36,-35
104900122,20,35,-15
104900123,103,23,80
104900124,84,1,83
104900125,593,3,590
104900126,36,33,3
104900127,20,66,-46
104900128,163,100,63
104900129,1296,4102,-2806
105000001,3980,1670,2310
105000002,3254,2147,1107
105000003,3586,4718,-1132
105000004,1144,815,329
105000005,2130,1513,617
105000006,2016,2512,-496
105000007,2154,3301,-1147
105000008,1308,6067,-4759
105000009,4606,5493,-887
105000010,3513,1149,2364
105000011,4361,5294,-933
105000012,2835,2601,234
105000013,1695,2169,-474
105000014,4298,5606,-1308
105000015,11032,17903,-6871
105000016,1368,1400,-32
105000017,1697,886,811
105000018,1000,2839,-1839
105000019,1164,1515,-351
105000020,152,818,-666
105000021,261,275,-14
105000022,170,229,-59
105000023,894,268,626
105000028,30,71,-41
105000029,810,2275,-1465
105000030,3645,2721,924
105000033,1236,1866,-630
105000034,184,1809,-1625
105000037,732,246,486
105000038,1766,2471,-705
105000039,1721,1445,276
105000040,1166,2283,-1117
105000041,315,1352,-1037
105000042,2745,2657,88
105000043,992,2592,-1600
105000044,951,737,214
105000045,246,359,-113
105000046,1641,431,1210
105000047,810,540,270
105000048,1135,338,797
105000049,340,541,-201
105000050,1240,571,669
105000051,299,338,-39
105000052,1018,1351,-333
105000053,107,134,-27
105000054,598,1185,-587
105000055,1164,554,610
105000056,2254,1744,510
105000057,1754,700,1054
105000058,1814,1044,770
105000059,1194,665,529
105000060,587,455,132
105000061,1599,720,879
105000062,735,573,162
105000063,467,326,141
105000064,3130,904,2226
105000065,508,464,44
105000066,1154,1278,-124
105000067,2331,1335,996
105000068,335,887,-552
105000069,1478,3744,-2266
105000070,501,1553,-1052
105000071,306,2354,-2048
105000072,1586,6215,-4629
105000073,1462,960,502
105000074,716,579,137
105000075,752,565,187
105000076,1261,1076,185
105000077,2240,1068,1172
105000078,1188,1954,-766
105000079,1091,3217,-2126
105000080,2470,1955,515
105000081,1653,1530,123
105000082,958,2340,-1382
105000083,2564,4402,-1838
105000084,706,705,1
105000085,3148,2957,191
105000086,925,1165,-240
105000087,1839,2278,-439
105000088,2001,2823,-822
105000089,2710,2065,645
105000090,870,714,156
105000091,1002,1444,-442
105000092,677,1294,-617
105000093,463,562,-99
105000094,389,295,94
105000095,160,970,-810
105000096,1298,2370,-1072
105000097,769,797,-28
105000098,1405,1463,-58
105000099,809,1027,-218
105000100,2587,1476,1111
105000101,3035,4589,-1554
105000102,2244,3667,-1423
105000103,1755,6570,-4815
105000104,3189,1992,1197
105000105,1386,1576,-190
105000106,1931,1157,774
105000107,2679,939,1740
105000108,2870,1294,1576
105000109,3202,1293,1909
105000110,1435,594,841
105000111,2156,465,1691
105000112,1657,699,958
105000113,778,949,-171
105000114,2095,1878,217
105000115,407,2191,-1784
105000116,1783,964,819
105000117,1019,614,405
105000118,1406,464,942
105000119,675,511,164
105000120,2174,682,1492
105000121,946,578,368
105000122,576,860,-284
105000123,888,754,134
105000124,3254,775,2479
105000125,1288,1009,279
105000126,3068,1562,1506
105000127,3680,1694,1986
105000128,1227,1314,-87
105000129,1933,325,1608
105000130,279,4960,-4681
105000131,451,210,241
105000132,2230,1121,1109
105000133,589,736,-147
105000134,1788,623,1165
105000135,402,473,-71
105000136,210,168,42
105000137,1186,216,970
105000138,326,229,97
105000139,1141,512,629
105000140,811,499,312
105000141,472,326,146
105000142,398,484,-86
105000143,281,503,-222
105000144,266,473,-207
105000145,1065,298,767
105000146,455,689,-234
105000147,899,355,544
105000148,1156,796,360
105000149,4265,3451,814
105000150,1727,1129,598
105000151,846,532,314
105000152,264,536,-272
105000153,1050,800,250
105000154,894,504,390
105000155,489,936,-447
105000156,537,677,-140
105000157,803,1417,-614
105000158,2749,1039,1710
105000159,480,952,-472
105000160,4842,1112,3730
105000161,1051,1289,-238
105000162,1240,3667,-2427
105000163,1416,1117,299
105000164,189,403,-214
105000165,868,11853,-10985
105000166,5234,1835,3399
105000167,1548,4168,-2620
105000168,661,431,230
105000169,1152,173,979
105000170,550,1451,-901
105000171,1750,239,1511
105000172,264,24,240
105000173,507,39,468
105000174,165,50,115
105000175,172,91,81
105000176,969,136,833
105000177,622,277,345
105000178,437,387,50
105000179,1543,160,1383
105000180,365,95,270
105000181,347,186,161
105000182,76,49,27
105000183,2583,3798,-1215
105000184,653,1427,-774
105000185,963,1580,-617
105000186,669,827,-158
105000187,1207,424,783
105000188,223,397,-174
105000189,103,720,-617
105000190,345,376,-31
105000191,486,311,175
105000192,571,74,497
105000193,56,230,-174
105000194,1043,125,918
105000195,552,1033,-481
105000196,92,308,-216
105000197,256,752,-496
105000198,506,261,245
105000199,89,533,-444
105000200,159,570,-411
105000201,88,90,-2
105000203,17,117,-100
105000204,153,71,82
105000205,178,189,-11
105000207,252,134,118
105000208,242,1110,-868
105000209,254,163,91
105000212,1562,580,982
105000213,105,369,-264
105000214,182,209,-27
105000215,477,210,267
105000216,278,114,164
105000217,299,168,131
105000218,2898,1342,1556
105000221,268,319,-51
105000222,383,285,98
105000223,588,285,303
105000226,115,159,-44
105000227,67,114,-47
105000228,114,2760,-2646
105000229,244,870,-626
105000231,872,443,429
105000233,1093,1087,6
105000234,701,1012,-311
105000235,601,834,-233
105000237,1699,167,1532
105000243,101,118,-17
105000248,49,106,-57
105000262,658,595,63
105000269,175,210,-35
105000270,727,47,680
105000271,2,172,-170
105000282,68,63,5
105000287,323,401,-78
105000288,1018,647,371
105000289,1192,2389,-1197
105000290,31,15,16
105000402,2509,5313,-2804
105000426,250,649,-399
105000438,1512,1390,122
105000446,13924,4904,9020
105000447,2679,1910,769
105000454,1134,284,850
105000455,248,134,114
105000474,109,3,106
105000477,1045,726,319
105000478,3448,7629,-4181
105000479,229,203,26
105000480,6438,10248,-3810
105000481,5566,6641,-1075
105000482,2927,4409,-1482
105000483,2557,4583,-2026
105000484,1712,2149,-437
105000485,1498,4802,-3304
105000486,2123,2654,-531
105000488,4313,2382,1931
105000489,1703,1018,685
105000549,93,195,-102
105000550,424,1297,-873
105000551,65,90,-25
105000552,2535,1266,1269
105000555,185,773,-588
105900001,20,3170,-3150
105900002,906,1672,-766
105900003,19,134,-115
105900004,241,92,149
105900005,26,261,-235
105900006,10,191,-181
105900007,101,49,52
105900008,119,272,-153
105900009,32,17,15
105900011,245,131,114
105900012,687,128,559
105900013,10,50,-40
105900014,9,54,-45
105900015,127,1108,-981
105900016,1058,492,566
105900017,2429,45,2384
105900018,252,141,111
105900019,143,389,-246
105900020,84,95,-11
105900021,45,1714,-1669
105900022,344,207,137
105900023,11,306,-295
105900024,10,956,-946
105900025,409,13,396
105900026,233,15,218
105900027,20648,6579,14069
105900028,337,694,-357
105900029,2966,422,2544
105900030,361,311,50
105900031,418,234,184
105900032,144,195,-51
105900033,89,146,-57
105900034,481,185,296
105900035,422,175,247
105900036,225,185,40
105900037,147,35,112
105900038,334,239,95
105900039,210,67,143
105900040,155,109,46
105900041,305,175,130
105900042,130,179,-49
105900043,1768,38,1730
105900044,1,428,-427
105900045,10,1477,-1467
105900046,3,284,-281
105900047,7,62,-55
105900048,163,435,-272
105900050,3768,11757,-7989
105900051,91,1342,-1251
105900052,1336,234,1102
105900053,3224,5237,-2013
105900054,237,664,-427
105900056,750,698,52
105900057,42,311,-269
105900058,28,23,5
105900059,1,125,-124
106000001,2601,2879,-278
106000002,1051,3855,-2804
106000003,3945,5094,-1149
106000004,1584,2344,-760
106000005,5115,5191,-76
106000006,5124,1968,3156
106000007,668,512,156
106000008,525,412,113
106000009,652,422,230
106000010,541,599,-58
106000011,2440,1349,1091
106000012,1324,943,381
106000013,2694,2368,326
106000014,2139,1242,897
106000015,3300,1589,1711
106000016,1654,1660,-6
106000017,662,1069,-407
106000018,730,574,156
106000019,564,683,-119
106000020,517,359,158
106000021,430,567,-137
106000022,557,183,374
106000023,976,443,533
106000024,718,473,245
106000025,212,247,-35
106000026,70,194,-124
106000027,2762,1899,863
106000028,991,269,722
106000029,970,702,268
106000030,209,635,-426
106000034,180,410,-230
106000035,938,2567,-1629
106000036,136,440,-304
106000037,1316,1318,-2
106000038,129,179,-50
106000039,44,214,-170
106000040,151,943,-792
106000041,779,657,122
106000043,569,324,245
106000046,363,116,247
106000047,45,824,-779
106000049,1680,256,1424
106000050,247,421,-174
106000051,1274,800,474
106000052,145,309,-164
106000053,760,186,574
106000054,407,266,141
106000055,1269,682,587
106000056,320,256,64
106000057,714,263,451
106000058,213,121,92
106000059,641,403,238
106000060,289,308,-19
106000061,310,895,-585
106000062,189,303,-114
106000063,1243,974,269
106000064,22,247,-225
106000065,648,224,424
106000066,143,227,-84
106000067,598,103,495
106000068,147,537,-390
106000069,472,72,400
106000070,454,539,-85
106000071,1055,243,812
106000072,3113,1846,1267
106000073,1539,5758,-4219
106000074,1011,891,120
106000075,371,1339,-968
106000076,1748,1742,6
106000077,2650,1031,1619
106000078,1731,728,1003
106000079,1218,671,547
106000080,1749,470,1279
106000081,1213,825,388
106000082,2076,543,1533
106000083,600,1203,-603
106000084,1090,586,504
106000085,1739,1718,21
106000086,586,711,-125
106000087,1042,460,582
106000088,492,700,-208
106000089,1379,278,1101
106000090,474,577,-103
106000091,260,393,-133
106000092,1301,269,1032
106000093,585,181,404
106000094,157,282,-125
106000095,1770,723,1047
106000096,1553,538,1015
106000097,1927,768,1159
106000098,1232,827,405
106000099,285,1805,-1520
106000100,1833,254,1579
106000101,1117,1105,12
106000102,125,2433,-2308
106000103,319,980,-661
106000104,1289,395,894
106000105,585,624,-39
106000106,1236,315,921
106000107,173,168,5
106000108,581,148,433
106000109,283,115,168
106000110,539,167,372
106000111,212,206,6
106000112,449,1029,-580
106000113,873,493,380
106000114,602,1191,-589
106000115,328,375,-47
106000116,508,267,241
106000117,1213,475,738
106000118,1923,1636,287
106000119,1088,660,428
106000120,1573,2077,-504
106000121,539,198,341
106000122,328,108,220
106000123,1128,108,1020
106000124,175,93,82
106000125,61,142,-81
106000126,679,54,625
106000127,1758,582,1176
106000128,1269,135,1134
106000129,892,412,480
106000130,1543,294,1249
106000131,206,840,-634
106000132,688,160,528
106000133,3204,2083,1121
106000134,591,3784,-3193
106000135,182,658,-476
106000136,789,1570,-781
106000137,107,773,-666
106000138,2525,92,2433
106000139,83,46,37
106000140,70,48,22
106000141,246,55,191
106000142,184,50,134
106000143,42,61,-19
106000144,27,101,-74
106000145,661,152,509
106000146,723,128,595
106000147,494,353,141
106000148,486,520,-34
106000149,986,302,684
106000150,936,2574,-1638
106000151,3384,856,2528
106000152,1144,3349,-2205
106000153,115,2806,-2691
106000154,1496,126,1370
106000155,193,359,-166
106000156,2208,176,2032
106000157,958,1740,-782
106000158,2030,956,1074
106000159,2612,2674,-62
106000160,736,5268,-4532
106000161,1123,280,843
106000162,599,1838,-1239
106000163,561,232,329
106000164,1092,290,802
106000165,435,326,109
106000166,1578,312,1266
106000167,620,689,-69
106000168,1278,343,935
106000169,501,348,153
106000170,1711,194,1517
106000171,270,1000,-730
106000172,3601,1637,1964
106000173,1202,2877,-1675
106000174,1708,385,1323
106000175,313,469,-156
106000176,3017,1148,1869
106000177,1203,2119,-916
106000178,3787,1901,1886
106000179,910,1449,-539
106000180,880,751,129
106000181,1836,1522,314
106000182,2705,616,2089
106000183,2667,516,2151
106000184,2552,680,1872
106000185,1851,1547,304
106000186,692,96,596
106000187,107,1375,-1268
106000188,1,2,-1
106000189,35,64,-29
106000190,57,3,54
106000191,893,122,771
106000192,2,11,-9
106000193,543,204,339
106000194,195,464,-269
106000195,709,324,385
106000196,144,775,-631
106000197,1091,338,753
106000198,398,171,227
106000199,882,1458,-576
106000200,356,437,-81
106000201,606,6443,-5837
106000202,2756,604,2152
106000203,67,192,-125
106000204,129,6,123
106000205,14,192,-178
106000206,157,21,136
106000207,17,378,-361
106000208,2375,256,2119
106000209,2469,782,1687
106000210,331,711,-380
106000211,238,1584,-1346
106000212,1355,826,529
106000213,209,1251,-1042
106000214,1315,517,798
106000215,427,448,-21
106000216,813,391,422
106000217,224,326,-102
106000218,428,347,81
106000219,171,200,-29
106000220,691,356,335
106000221,444,97,347
106000222,166,76,90
106000223,641,126,515
106000224,436,73,363
106000225,132,199,-67
106000226,115,127,-12
106000228,156,123,33
106000229,145,607,-462
106000231,1602,140,1462
106000232,106,226,-120
106000233,770,139,631
106000234,74,324,-250
106000235,514,273,241
106000236,82,233,-151
106000237,0,46,-46
106000238,6,48,-42
106000239,2,134,-132
106000240,63,3,60
106000241,29,544,-515
106000242,398,42,356
106000249,94,34,60
106000250,94,753,-659
106000251,179,22,157
106000252,48,64,-16
106000253,107,128,-21
106000254,160,37,123
106000255,61,236,-175
106000256,52,41,11
106000257,174,287,-113
106000258,176,69,107
106000259,3,148,-145
106000260,27,24,3
106000261,9,83,-74
106000262,119,11,108
106000263,31,45,-14
106000264,322,18,304
106000265,15,229,-214
106000266,185,26,159
106000267,9,133,-124
106000268,382,46,336
106000269,42,55,-13
106000270,120,321,-201
106000271,192,149,43
106000272,235,102,133
106000273,24,252,-228
106000274,167,39,128
106000275,358,248,110
106000276,137,25,112
106000277,178,263,-85
106000278,145,49,96
106000279,17,29,-12
106000280,199,46,153
106000281,132,47,85
106000282,102,54,48
106000283,237,63,174
106000284,232,172,60
106000285,156,68,88
106000286,175,158,17
106000287,168,75,93
106000288,152,131,21
106000289,141,117,24
106000290,169,65,104
106000291,100,89,11
106000292,109,56,53
106000293,173,93,80
106000294,131,56,75
106000295,45,65,-20
106000296,53,66,-13
106000297,78,315,-237
106000298,83,118,-35
106000299,101,112,-11
106000300,48,101,-53
106000301,71,124,-53
106000303,39,57,-18
106000304,45,19,26
106000305,109,43,66
106000306,80,55,25
106000307,188,35,153
106000308,60,143,-83
106000309,38,111,-73
106000310,358,277,81
106000311,639,202,437
106000312,200,102,98
106000313,463,195,268
106000318,69,609,-540
106000319,1879,462,1417
106000320,2,99,-97
106000321,203,267,-64
106000322,354,48,306
106000324,31,77,-46
106000325,2837,1012,1825
106000326,1352,1428,-76
106000327,310,75,235
106000328,72,125,-53
106000329,340,317,23
106000330,92,151,-59
106000428,84,191,-107
106000429,211,242,-31
106000430,412,1082,-670
106000431,3098,489,2609
106000432,1109,2534,-1425
106000433,2897,1635,1262
106000434,4599,1537,3062
106000435,1157,2481,-1324
106000436,40,198,-158
106000437,681,96,585
106000438,326,443,-117
106000439,61,647,-586
106000440,255,1204,-949
106000441,1,2,-1
106000442,301,15,286
106000443,396,174,222
106000450,0,94,-94
106000451,37,154,-117
106000454,11,142,-131
106000455,23,142,-119
106000456,129,29,100
106000457,57,448,-391
106000458,1607,40,1567
106000459,502,111,391
106000460,2775,21,2754
106000461,365,371,-6
106000462,0,58,-58
106000463,4,2,2
106000464,10,149,-139
106000465,1254,7,1247
106000466,22,260,-238
106000467,167,215,-48
106000468,195,180,15
106000469,62,3,59
106000470,307,2671,-2364
106000471,9,395,-386
106000472,200,11,189
106000473,56,12,44
106000474,355,436,-81
106000475,514,129,385
106000476,149,318,-169
106000477,33,27,6
106000480,0,395,-395
106900001,0,28,-28
106900002,1,159,-158
106900003,140,3300,-3160
106900004,2,16,-14
106900006,0,12,-12
106900007,0,11,-11
106900008,941,82,859
106900009,570,163,407
106900010,462,199,263
106900012,1038,3787,-2749
106900013,803,264,539
106900014,84,4,80
106900015,12,0,12
106900016,606,30,576
106900017,32,3,29
106900018,6,0,6
106900019,164,1,163
106900020,4516,3118,1398
106900021,189,177,12
106900022,1627,6,1621
106900023,25,134,-109
106900024,848,100,748
106900025,59,1438,-1379
106900026,1,183,-182
106900027,1510,8,1502
107000001,3894,7602,-3708
107000002,1829,2925,-1096
107000003,10439,8754,1685
107000004,4902,2251,2651
107000005,11372,8849,2523
107000006,3780,2039,1741
107000007,8007,12616,-4609
107000008,6204,4091,2113
107000009,14218,11214,3004
107000010,7857,5432,2425
107000011,852,928,-76
107000012,2676,2067,609
107000013,171,57,114
107000014,113,102,11
107000015,750,355,395
107000016,1281,479,802
107000017,1289,7953,-6664
107000018,24,6686,-6662
107000020,1206,6746,-5540
107000021,1708,632,1076
107000022,1359,3800,-2441
107000023,2465,234,2231
107000024,1312,1911,-599
107000025,320,368,-48
107000026,730,449,281
107000027,2202,1084,1118
107000028,1990,653,1337
107000029,5545,4574,971
107000030,3082,1855,1227
107000031,7637,3728,3909
107000032,425,711,-286
107000033,2830,4567,-1737
107000034,7241,1418,5823
107000035,645,293,352
107000036,1689,1895,-206
107000037,137,1035,-898
107000038,360,226,134
107000039,1626,1248,378
107000040,411,220,191
107000041,1676,1189,487
107000042,755,2460,-1705
107000043,2122,1204,918
107000044,373,608,-235
107000045,101,380,-279
107000046,1340,610,730
107000047,715,763,-48
107000048,796,431,365
107000049,733,686,47
107000050,1287,725,562
107000051,235,370,-135
107000052,1311,1854,-543
107000053,463,499,-36
107000054,70,172,-102
107000055,294,150,144
107000056,646,557,89
107000057,1687,157,1530
107000058,2339,3211,-872
107000059,2514,2771,-257
107000060,7308,6749,559
107000061,5091,2612,2479
107000062,8588,4055,4533
107000063,5016,3064,1952
107000064,7966,4325,3641
107000065,4416,3806,610
107000066,2543,4968,-2425
107000067,1966,2069,-103
107000068,1328,1645,-317
107000069,1627,963,664
107000070,1622,13,1609
107000071,5521,82,5439
107000072,15,1447,-1432
107000073,1521,839,682
107000074,142,677,-535
107000075,3097,727,2370
107000076,399,923,-524
107000077,5566,1544,4022
107000078,1291,1870,-579
107000079,4246,1609,2637
107000080,806,1968,-1162
107000081,4485,829,3656
107000082,860,716,144
107000083,2365,1076,1289
107000084,351,907,-556
107000085,3926,4357,-431
107000086,4017,2815,1202
107000087,4670,3404,1266
107000088,3545,3562,-17
107000089,2707,3138,-431
107000090,1771,940,831
107000091,2503,1339,1164
107000092,1323,853,470
107000093,2054,1315,739
107000094,1224,845,379
107000095,1263,736,527
107000096,773,751,22
107000097,1132,395,737
107000098,496,510,-14
107000099,632,571,61
107000100,347,398,-51
107000101,157,323,-166
107000102,222,345,-123
107000103,411,290,121
107000104,192,271,-79
107000105,542,181,361
107000106,215,196,19
107000107,901,136,765
107000108,158,339,-181
107000109,1310,188,1122
107000110,72,181,-109
107000111,668,54,614
107000112,73,117,-44
107000113,1095,104,991
107000114,120,365,-245
107000115,1236,522,714
107000116,126,568,-442
107000117,157,2211,-2054
107000118,63,127,-64
107000119,1862,2180,-318
107000120,1023,948,75
107000121,1509,792,717
107000122,1116,611,505
107000123,724,670,54
107000124,820,431,389
107000125,2071,583,1488
107000126,1995,326,1669
107000129,337,333,4
107000130,1143,283,860
107000131,449,413,36
107000132,727,352,375
107000133,492,247,245
107000134,367,0,367
107000135,5,496,-491
107000136,745,5,740
107000137,7,1079,-1072
107000138,318,37,281
107000139,56,1264,-1208
107000140,2440,107,2333
107000141,99,926,-827
107000142,854,138,716
107000143,73,703,-630
107000144,824,835,-11
107000145,186,462,-276
107000146,266,494,-228
107000147,5115,845,4270
107000150,595,5364,-4769
107000151,30,62,-32
107000152,937,3010,-2073
107000153,57,303,-246
107000154,15,471,-456
107000155,1672,28,1644
107000156,2211,50,2161
107000157,176,494,-318
107000158,1551,26,1525
107000159,76,370,-294
107000160,2462,206,2256
107000161,98,374,-276
107000162,489,981,-492
107000163,248,3,245
107000164,1484,5,1479
107000165,2338,22,2316
107000166,29,310,-281
107000167,1459,283,1176
107000168,1458,712,746
107000169,554,455,99
107000170,5024,1048,3976
107000171,880,923,-43
107000172,2086,2393,-307
107000173,541,548,-7
107000174,1553,9348,-7795
107000175,4288,1025,3263
107000176,0,1,-1
107000177,4,0,4
107000178,28,8,20
107000179,494,989,-495
107000180,2888,198,2690
107000181,608,743,-135
107000182,3012,599,2413
107000183,371,582,-211
107000184,2074,567,1507
107000185,564,1085,-521
107000186,1809,428,1381
107000187,1528,1352,176
107000188,762,517,245
107000189,927,852,75
107000190,1152,760,392
107000191,1159,989,170
107000192,2355,558,1797
107000193,617,770,-153
107000194,890,563,327
107000197,1474,327,1147
107000198,502,479,23
107000199,1870,785,1085
107000200,970,1021,-51
107000201,809,733,76
107000202,455,587,-132
107000203,865,2393,-1528
107000204,807,2769,-1962
107000205,1397,908,489
107000206,707,2276,-1569
107000207,638,2031,-1393
107000208,851,825,26
107000209,1014,1579,-565
107000210,158,221,-63
107000211,0,70,-70
107000212,38,277,-239
107000213,10,26,-16
107000214,14,99,-85
107000215,817,253,564
107000216,935,509,426
107000217,309,304,5
107000219,151,411,-260
107000220,410,151,259
107000222,303,424,-121
107000224,1449,114,1335
107000225,203,309,-106
107000226,1065,145,920
107000227,121,124,-3
107000228,702,592,110
107000229,92,148,-56
107000230,1186,518,668
107000231,611,2309,-1698
107000232,162,26,136
107000233,321,1345,-1024
107000234,7,114,-107
107000235,162,14,148
107000236,8,664,-656
107000237,36,0,36
107000238,42,8,34
107000239,4765,936,3829
107000240,166,745,-579
107000241,45,19,26
107000242,295,32,263
107000243,2,45,-43
107000244,7,103,-96
107000246,6,904,-898
107000249,3,996,-993
107000251,1,238,-237
107000252,0,526,-526
107000255,267,250,17
107000257,1,564,-563
107000258,11,195,-184
107000259,1,147,-146
107000260,2686,46,2640
107000262,10,245,-235
107000263,724,16,708
107000266,7,16,-9
107000267,70,75,-5
107000268,136,57,79
107000269,76,7,69
107000270,370,107,263
107000271,5,0,5
107000272,213,1,212
107000273,17,865,-848
107000274,684,1501,-817
107000275,88,6270,-6182
107000280,1929,53,1876
107000281,61,333,-272
107000282,169,457,-288
107000290,92,113,-21
107000291,17,25,-8
107000292,3,825,-822
107000293,40,18,22
107000294,3,101,-98
107000295,77,7,70
107000296,0,10,-10
107000444,358,4,354
107000496,3,3,0
107000497,1386,1243,143
107000500,709,454,255
107000501,110,181,-71
107000502,254,317,-63
107000505,304,824,-520
107000506,0,0,0
107000508,12,183,-171
107000509,239,936,-697
107000510,120,130,-10
107000514,66,662,-596
107000515,20,61,-41
107000516,719,539,180
107000518,2287,4034,-1747
107000519,1556,693,863
107000520,176,80,96
107000521,997,327,670
107000522,1425,417,1008
107900001,150,76,74
107900002,94,10,84
107900003,622,18,604
107900004,253,4,249
107900005,3212,11,3201
107900006,361,18,343
107900007,705,61,644
107900008,45,9,36
107900009,188,11,177
107900010,81,4,77
107900012,492,129,363
107900013,275,29,246
107900014,140,13,127
107900015,2340,17,2323
107900016,602,136,466
107900017,78,2,76
107900018,141,377,-236
107900019,46,13,33
107900020,45,29,16
107900021,351,49,302
107900023,11,4,7
107900024,0,6,-6
107900025,347,163,184
107900026,151,37,114
107900027,20,118,-98
107900028,335,65,270
107900030,355,41,314
107900031,110,115,-5
107900032,30,14,16
107900033,24,4,20
107900034,398,29,369
107900035,2427,103,2324
107900036,123,39,84
107900037,0,3,-3
107900038,71,437,-366
107900039,63,21,42
107900040,22,501,-479
107900041,4,8,-4
107900043,116,127,-11
107900044,37,8,29
107900045,227,103,124
107900046,441,307,134
107900047,86,18,68
107900048,418,65,353
107900049,459,1605,-1146
107900050,41,177,-136
107900051,79,62,17
107900052,15,62,-47
107900053,122,85,37
107900055,754,357,397
107900056,186,138,48
107900057,18,0,18
107900058,33,374,-341
107900060,23,53,-30
107900061,3,32,-29
107900063,117,162,-45
107900064,265,562,-297
107900065,561,26,535
107900066,32,15,17
107900067,0,0,0
107900068,132,1592,-1460
107900069,23,4340,-4317
107900070,263,186,77
107900071,32,315,-283
107900072,352,84,268
107900073,173,88,85
107900074,224,462,-238
107900076,296,44,252
107900077,191,9,182
107900078,258,81,177
107900079,26,17,9
107900080,190,1290,-1100
107900081,113,50,63
107900082,7,7,0
107900083,598,183,415
107900084,228,196,32
107900086,54,363,-309
107900087,205,116,89
107900088,175,45,130
107900089,286,1085,-799
107900090,892,3483,-2591
107900091,188,94,94
107900092,1341,227,1114
107900093,116,69,47
107900095,1834,2353,-519
107900097,50,96,-46
107900098,102,325,-223
107900100,947,2112,-1165
107900101,410,74,336
107900102,90,8,82
107900103,60,209,-149
107900104,352,5,347
107900105,3,85,-82
107900106,3,368,-365
107900107,1274,518,756
107900108,179,99,80
107900109,2944,87,2857
107900110,114,19,95
107900111,8,290,-282
107900112,95,703,-608
107900113,361,45,316
107900114,415,75,340
107900115,0,21,-21
107900116,401,71,330
107900117,302,102,200
107900118,67,134,-67
107900119,181,421,-240
107900120,94,61,33
107900121,0,172,-172
107900122,2,268,-266
107900123,32,117,-85
107900124,15,61,-46
107900125,23,266,-243
107900126,41,65,-24
107900127,538,412,126
107900128,136,115,21
107900129,183,16,167
107900130,156,8,148
107900131,113,696,-583
107900132,118,273,-155
107900133,1,31,-30
107900134,48,167,-119
107900135,3,104,-101
107900136,34,45,-11
107900137,177,134,43
107900138,200,33,167
107900139,114,48,66
107900140,129,25,104
107900141,30,54,-24
107900142,36,483,-447
107900143,38,18,20
107900144,2,118,-116
107900145,6,61,-55
107900146,76,161,-85
107900147,58,50,8
107900148,243,121,122
107900149,494,83,411
107900150,70,296,-226
107900151,71,46,25
107900152,10,130,-120
107900153,98,503,-405
107900154,65,62,3
107900155,117,73,44
107900156,10,57,-47
107900157,46,45,1
107900158,1834,50,1784
107900159,29,328,-299
107900160,274,81,193
107900161,92,47,45
107900162,0,82,-82
107900163,29,152,-123
107900164,39,39,0
107900165,35,270,-235
107900166,67,62,5
107900167,19,58,-39
107900168,83,19,64
107900169,9,260,-251
107900171,5,362,-357
107900172,2,171,-169
107900173,65,57,8
107900174,265,7,258
107900175,132,80,52
107900176,110,5,105
107900177,15,279,-264
107900178,0,54,-54
107900179,33,86,-53
107900180,384,1650,-1266
107900181,327,234,93
107900182,2,318,-316
107900183,102,42,60
107900184,189,135,54
107900185,268,14,254
107900186,36,34,2
107900187,0,233,-233
107900188,375,128,247
107900189,27,93,-66
107900190,41,187,-146
107900191,88,92,-4
107900193,19,124,-105
107900194,280,42,238
107900195,744,251,493
107900196,140,25,115
107900197,231,476,-245
107900199,1,413,-412
107900201,99,43,56
107900203,32,31,1
107900204,209,205,4
107900205,239,398,-159
107900206,599,705,-106
107900207,2,292,-290
107900208,42,213,-171
107900209,203,188,15
107900210,34,32,2
107900213,401,488,-87
107900214,9,72,-63
107900215,170,494,-324
107900216,48,51,-3
107900217,83,96,-13
107900218,31,2245,-2214
107900219,70,32,38
107900220,75,248,-173
107900221,122,131,-9
107900223,226,195,31
107900224,92,552,-460
107900225,10,349,-339
107900226,27,67,-40
107900227,124,272,-148
107900228,54,124,-70
107900229,1,98,-97
107900230,42,16,26
107900231,79,105,-26
107900232,245,73,172
107900233,30,71,-41
107900234,204,153,51
107900235,18,145,-127
107900236,444,71,373
107900237,30,204,-174
107900238,62,49,13
107900239,347,644,-297
107900240,127,58,69
107900241,16,33,-17
107900242,48,81,-33
107900243,6,44,-38
107900244,512,18,494
107900245,1256,63,1193
107900246,474,32,442
107900248,980,119,861
107900249,1583,134,1449
107900250,8,330,-322
107900251,58,657,-599
107900252,1429,75,1354
107900253,409,29,380
107900254,68,374,-306
107900255,193,138,55
107900256,842,1975,-1133
107900257,565,259,306
107900258,195,67,128
107900259,73,4372,-4299
107900261,1,131,-130
107900262,61,41,20
107900264,762,43,719
107900265,197,203,-6
107900267,580,14,566
107900268,8,2,6
107900269,0,1,-1
107900270,3,0,3
107900271,6,45,-39
107900272,21,68,-47
107900273,139,80,59
107900274,239,2,237
107900275,70,0,70
107900276,0,64,-64
107900277,3,94,-91
107900278,602,142,460
107900279,71,77,-6
107900280,3082,1616,1466
107900281,721,7928,-7207
107900282,32,1331,-1299
107900283,863,1168,-305
107900284,934,271,663
107900285,226,27,199
107900286,50,44,6
107900287,508,164,344
107900290,3,450,-447
107900291,780,44,736
107900292,169,48,121
107900293,144,176,-32
107900295,73,33,40
107900297,7,337,-330
107900298,698,354,344
107900299,1955,4003,-2048
107900300,130,503,-373
107900301,1115,1078,37
107900302,127,52,75
107900303,408,257,151
107900304,745,126,619
107900305,528,21,507
107900306,11,59,-48
107900307,20,193,-173
107900308,225,217,8
107900309,105,0,105
107900310,78,1,77
107900311,14,786,-772
107900312,80,0,80
107900313,5,287,-282
107900314,0,143,-143
107900315,0,65,-65
107900316,40,0,40
107900317,145,11,134
107900318,65,268,-203
107900319,20,74,-54
107900320,0,68,-68
107900321,273,9,264
107900322,1,29,-28
107900323,10,92,-82
107900324,178,1,177
107900325,171,1,170
107900326,682,168,514
107900327,2,245,-243
107900328,38,3,35
107900329,136,346,-210
107900330,11,92,-81
107900331,604,21,583
107900332,689,4,685
107900333,97,30,67
107900334,25,54,-29
107900335,40,53,-13
107900336,36,93,-57
107900337,575,1451,-876
107900338,7,75,-68
107900339,2,6,-4
107900340,2,85,-83
107900341,66,2,64
107900342,217,99,118
107900343,55,3,52
107900344,6,25,-19
107900345,125,33,92
107900346,32,2,30
107900347,11,1,10
107900348,3,3,0
107900349,25,9,16
107900350,11,215,-204
108000001,5137,4749,388
108000002,2043,1573,470
108000003,3790,4624,-834
108000004,11353,11697,-344
108000005,9624,7157,2467
108000006,4665,4919,-254
108000007,6638,5619,1019
108000008,3796,4369,-573
108000009,6737,6577,160
108000010,3002,3459,-457
108000011,16037,14183,1854
108000012,10310,10383,-73
108000014,812,1730,-918
108000015,1218,259,959
108000016,416,678,-262
108000017,1647,397,1250
108000018,2763,895,1868
108000019,1495,1340,155
108000020,1534,573,961
108000021,355,1418,-1063
108000022,481,947,-466
108000023,2207,368,1839
108000024,429,267,162
108000025,571,171,400
108000026,1010,283,727
108000027,1198,205,993
108000028,998,163,835
108000029,978,362,616
108000030,719,163,556
108000031,270,477,-207
108000032,2991,785,2206
108000033,806,606,200
108000034,2565,748,1817
108000035,858,1426,-568
108000036,488,746,-258
108000037,3229,419,2810
108000038,4994,617,4377
108000039,611,1216,-605
108000040,3044,1219,1825
108000041,567,1906,-1339
108000042,671,154,517
108000043,264,177,87
108000044,1162,106,1056
108000045,398,184,214
108000046,2302,556,1746
108000047,442,613,-171
108000048,141,225,-84
108000049,1359,289,1070
108000050,121,339,-218
108000051,527,396,131
108000052,209,377,-168
108000053,582,420,162
108000054,381,1123,-742
108000055,1557,1061,496
108000056,585,1403,-818
108000057,772,1942,-1170
108000058,2686,6267,-3581
108000059,1971,1375,596
108000060,340,768,-428
108000061,142,227,-85
108000062,1477,827,650
108000063,587,349,238
108000064,440,279,161
108000065,714,383,331
108000066,1962,1084,878
108000067,2924,1076,1848
108000068,1415,534,881
108000069,188,635,-447
108000070,3226,903,2323
108000071,598,1063,-465
108000072,2335,961,1374
108000073,1079,1073,6
108000074,1025,500,525
108000075,405,492,-87
108000076,1334,578,756
108000077,545,402,143
108000078,3540,1263,2277
108000079,682,764,-82
108000080,2542,575,1967
108000081,783,818,-35
108000082,718,1244,-526
108000083,2542,1129,1413
108000084,445,698,-253
108000085,1622,688,934
108000086,595,401,194
108000087,208,3411,-3203
108000088,300,14,286
108000089,582,429,153
108000090,703,224,479
108000091,296,420,-124
108000092,314,79,235
108000093,417,396,21
108000094,1254,132,1122
108000095,364,231,133
108000096,718,158,560
108000097,291,306,-15
108000098,3047,1079,1968
108000099,314,102,212
108000100,122,324,-202
108000101,1950,2093,-143
108000102,1927,4383,-2456
108000106,1150,8,1142
108000107,6,1237,-1231
108000108,900,103,797
108000109,14,620,-606
108000110,524,320,204
108000111,311,524,-213
108000112,70,251,-181
108000113,420,152,268
108000115,353,376,-23
108000117,554,559,-5
108000118,65,476,-411
108000119,628,226,402
108000120,210,1275,-1065
108000121,306,280,26
108000122,1075,566,509
108000123,1005,216,789
108000124,544,425,119
108000125,1074,131,943
108000126,335,249,86
108000127,948,262,686
108000128,1126,256,870
108000129,592,487,105
108000130,947,275,672
108000131,1012,563,449
108000132,778,889,-111
108000133,1729,535,1194
108000134,637,356,281
108000135,1852,902,950
108000136,336,508,-172
108000137,782,202,580
108000138,850,591,259
108000139,908,308,600
108000140,499,25,474
108000141,68,43,25
108000142,85,42,43
108000143,69,16,53
108000144,208,18,190
108000145,98,6,92
108000146,250,3,247
108000147,59,21,38
108000148,203,21,182
108000149,37,7,30
108000150,96,28,68
108000151,14,10,4
108000152,162,252,-90
108000153,1136,176,960
108000154,73,9,64
108000155,88,31,57
108000156,372,188,184
108000157,231,2357,-2126
108000158,121,1223,-1102
108000159,244,342,-98
108000160,1737,1429,308
108000161,1936,6188,-4252
108000165,5,608,-603
108000172,6,423,-417
108000173,785,3054,-2269
108000175,654,119,535
108000178,396,416,-20
108000179,207,1358,-1151
108000181,203,33,170
108000182,109,23,86
108000183,11,15,-4
108000184,761,4527,-3766
108000185,498,247,251
108000186,380,85,295
108000187,182,208,-26
108000188,1255,154,1101
108000189,532,2483,-1951
108000190,41,94,-53
108000192,459,196,263
108000193,645,35,610
108000194,16,39,-23
108000195,0,654,-654
108000196,290,252,38
108000198,931,60,871
108000199,1,400,-399
108000200,854,209,645
108000202,0,507,-507
108000203,376,262,114
108000204,223,105,118
108000205,140,201,-61
108000339,1045,523,522
108000364,93,274,-181
108000365,101,292,-191
108000367,240,199,41
108000368,14,73,-59
108000369,410,139,271
108000371,1,563,-562
108000372,1072,4,1068
108000373,252,70,182
108000376,217,25,192
108000377,902,123,779
108000378,11288,17023,-5735
108000379,88,167,-79
108000381,243,10,233
108000382,109,0,109
108000383,4,425,-421
108900001,40,349,-309
108900002,267,125,142
108900003,203,560,-357
108900004,82,584,-502
108900005,90,685,-595
108900006,1317,229,1088
108900007,452,128,324
108900008,249,98,151
108900009,208,132,76
108900010,613,138,475
108900011,1250,289,961
108900012,635,266,369
108900013,224,261,-37
108900014,72,174,-102
108900015,2,286,-284
108900016,1,179,-178
108900017,212,585,-373
108900018,208,420,-212
108900019,33,248,-215
108900020,68,133,-65
108900021,176,170,6
108900022,248,70,178
108900023,8,53,-45
108900024,104,54,50
108900025,314,79,235
108900026,20,43,-23
108900027,0,27,-27
108900028,179,83,96
108900029,126,208,-82
108900030,0,27,-27
108900031,261,169,92
108900032,7,99,-92
108900033,0,149,-149
108900034,0,47,-47
108900035,415,373,42
108900036,136,232,-96
108900037,69,95,-26
108900038,2,126,-124
108900039,0,69,-69
108900040,18,43,-25
108900041,3374,4329,-955
108900042,4,447,-443
108900043,31,273,-242
108900044,1,121,-120
108900045,124,123,1
108900046,27,181,-154
108900047,1,284,-283
108900048,141,277,-136
108900049,1267,3405,-2138
108900050,0,68,-68
108900051,0,102,-102
108900052,22,108,-86
108900053,102,638,-536
108900054,56,121,-65
108900055,34,413,-379
108900056,1,62,-61
108900057,0,41,-41
108900058,74,108,-34
108900059,1296,77,1219
108900060,136,302,-166
108900061,82,36,46
108900062,5,171,-166
108900063,19,89,-70
108900064,501,11,490
108900065,9,111,-102
108900066,610,168,442
108900067,6,188,-182
108900068,6,32,-26
108900069,165,18,147
108900070,55,52,3
108900071,209,81,128
108900072,1539,482,1057
108900073,82,127,-45
108900074,573,72,501
108900075,25,26,-1
108900076,882,95,787
108900077,91,193,-102
108900078,92,34,58
108900079,352,177,175
108900080,15,1630,-1615
108900081,50,261,-211
108900082,233,23,210
108900083,30,443,-413
108900084,171,136,35
108900085,1198,130,1068
108900086,304,77,227
108900087,81,156,-75
108900088,1208,408,800
108900089,32,280,-248
108900090,162,85,77
108900091,140,54,86
108900092,890,393,497
108900093,170,166,4
108900094,412,145,267
108900095,16,135,-119
108900096,263,16,247
108900097,461,105,356
108900098,1245,1537,-292
108900099,723,59,664
108900100,111,119,-8
108900101,307,500,-193
108900102,31,1904,-1873
108900103,184,223,-39
108900104,84,302,-218
108900105,7,3085,-3078
108900106,640,130,510
108900108,589,41,548
108900109,598,79,519
108900110,286,162,124
108900111,736,252,484
108900112,561,31,530
108900113,40,119,-79
108900114,117,26,91
108900115,340,136,204
108900116,177,17,160
108900117,339,20,319
108900118,1175,54,1121
108900119,555,17,538
108900120,415,285,130
108900121,479,180,299
108900122,315,36,279
108900123,309,207,102
108900124,1266,337,929
108900125,924,11,913
108900126,257,68,189
108900127,362,37,325
108900128,304,62,242
108900129,1719,231,1488
108900130,783,2,781
108900131,687,16,671
108900132,818,54,764
108900133,508,70,438
108900134,1140,160,980
108900135,536,30,506
108900136,41,1,40
108900137,293,1,292
108900138,1650,144,1506
108900139,888,64,824
108900140,741,85,656
108900141,943,17,926
108900142,158,6,152
108900143,193,1,192
108900144,174,0,174
108900145,528,30,498
108900146,160,1,159
108900147,525,1,524
108900148,164,59,105
108900149,480,257,223
108900150,446,21,425
108900151,61,7,54
108900152,229,59,170
108900153,336,98,238
108900154,7239,468,6771
108900155,476,73,403
108900156,149,14,135
108900157,13,337,-324
108900158,797,43,754
108900159,2,85,-83
108900160,51,138,-87
108900161,26,166,-140
108900162,277,2,275
108900163,12,507,-495
108900164,62,43,19
108900165,92,57,35
108900167,904,14945,-14041
108900168,3656,3099,557
108900169,90,142,-52
108900171,2663,4962,-2299
108900172,292,55,237
108900173,57,373,-316
108900174,1460,463,997
108900176,165,377,-212
108900177,4363,12055,-7692
108900178,2529,5828,-3299
108900179,473,2781,-2308
108900180,117,477,-360
108900182,45,664,-619
108900183,137,168,-31
108900184,776,342,434
108900185,133,563,-430
108900186,120,355,-235
108900187,989,68,921
108900188,1083,47,1036
108900189,548,102,446
108900190,114,1654,-1540
108900191,218,96,122
108900192,123,143,-20
108900193,36,45,-9
108900194,2,404,-402
108900195,111,75,36
108900196,55,206,-151
108900198,27,210,-183
108900199,229,221,8
108900200,943,466,477
108900201,496,817,-321
108900203,671,169,502
108900204,582,24,558
108900205,480,58,422
108900206,599,100,499
108900207,290,323,-33
108900208,15,249,-234
108900209,186,392,-206
108900210,119,175,-56
108900211,263,892,-629
108900212,160,2637,-2477
108900215,105,320,-215
108900216,435,520,-85
108900217,123,0,123
108900218,105,13,92
108900219,85,4,81
108900220,79,27,52
108900221,46,87,-41
108900222,382,13,369
108900223,2,80,-78
108900224,22,149,-127
108900225,1,182,-181
108900226,591,39,552
108900227,200,605,-405
108900230,87,145,-58
108900231,9,123,-114
108900232,1,96,-95
108900233,710,206,504
108900234,471,240,231
108900235,205,315,-110
108900236,34,289,-255
108900237,38,75,-37
108900240,164,116,48
108900241,67,67,0
108900245,5,2623,-2618
108900249,157,46,111
108900250,396,110,286
108900257,277,173,104
108900258,21,124,-103
108900259,64,32,32
108900260,2,31,-29
108900261,76,83,-7
108900262,90,138,-48
108900263,56,151,-95
108900264,186,243,-57
108900265,1467,892,575
108900266,214,1803,-1589
108900267,11,376,-365
108900268,16,38,-22
108900269,249,32,217
108900270,287,11,276
108900271,116,41,75
108900272,504,34,470
108900273,295,1988,-1693
108900274,120,30,90
109000001,4141,3370,771
109000002,1013,3345,-2332
109000003,4570,647,3923
109000004,638,2353,-1715
109000005,3027,724,2303
109000006,879,2021,-1142
109000007,2832,848,1984
109000008,1039,1778,-739
109000009,4633,1538,3095
109000010,1017,2876,-1859
109000011,6143,3322,2821
109000012,2220,2757,-537
109000013,6003,5899,104
109000014,2360,2774,-414
109000015,4590,14386,-9796
109000016,5614,2739,2875
109000017,4594,1612,2982
109000018,1637,2029,-392
109000019,3923,1822,2101
109000020,1258,1803,-545
109000023,345,15,330
109000024,15,185,-170
109000025,370,843,-473
109000026,635,365,270
109000027,134,499,-365
109000028,160,45,115
109000029,207,579,-372
109000030,39,339,-300
109000031,375,205,170
109000032,185,349,-164
109000033,571,293,278
109000034,68,73,-5
109000035,11,90,-79
109000036,72,409,-337
109000037,515,3899,-3384
109000038,398,471,-73
109000039,1505,1566,-61
109000040,3894,19206,-15312
109000041,1629,3282,-1653
109000042,664,1934,-1270
109000044,514,122,392
109000045,157,437,-280
109000046,846,104,742
109000047,70,470,-400
109000048,752,350,402
109000049,276,525,-249
109000050,498,379,119
109000051,228,130,98
109000052,780,386,394
109000053,587,129,458
109000054,682,397,285
109000055,635,585,50
109000056,607,378,229
109000057,1265,670,595
109000058,386,168,218
109000059,277,1518,-1241
109000060,203,513,-310
109000061,569,2792,-2223
109000062,236,601,-365
109000063,340,147,193
109000064,634,240,394
109000065,338,101,237
109000066,635,69,566
109000067,142,211,-69
109000068,881,2,879
109000069,789,49,740
109000070,164,1804,-1640
109000071,608,106,502
109000072,229,259,-30
109000073,78,133,-55
109000074,27,156,-129
109000075,166,338,-172
109000076,152,461,-309
109000077,366,152,214
109000078,163,199,-36
109000079,198,92,106
109000080,432,92,340
109000081,201,322,-121
109000082,1545,208,1337
109000083,360,402,-42
109000088,220,253,-33
109000089,447,130,317
109000090,171,343,-172
109000091,667,250,417
109000092,325,346,-21
109000093,518,296,222
109000094,1190,4,1186
109000095,227,263,-36
109000096,1426,297,1129
109000097,122,136,-14
109000098,67,153,-86
109000099,1099,250,849
109000100,574,555,19
109000101,2480,671,1809
109000102,750,569,181
109000103,931,520,411
109000104,3674,480,3194
109000105,639,1056,-417
109000106,2800,763,2037
109000107,736,1380,-644
109000108,3216,835,2381
109000109,600,941,-341
109000110,1934,673,1261
109000111,863,1838,-975
109000112,525,98,427
109000113,522,128,394
109000114,223,382,-159
109000115,1217,35,1182
109000116,3,315,-312
109000117,428,30,398
109000118,18,248,-230
109000119,2458,109,2349
109000120,424,459,-35
109000121,1086,20,1066
109000122,271,314,-43
109000123,60,64,-4
109000124,1511,235,1276
109000125,1452,284,1168
109000126,771,408,363
109000127,2064,226,1838
109000128,913,769,144
109000129,4339,1097,3242
109000130,490,719,-229
109000131,1399,1090,309
109000132,565,1205,-640
109000133,389,592,-203
109000134,779,933,-154
109000135,824,1474,-650
109000136,338,239,99
109000137,486,462,24
109000138,750,206,544
109000139,1016,398,618
109000140,366,193,173
109000141,1120,435,685
109000142,226,621,-395
109000143,247,118,129
109000145,144,361,-217
109000146,52,91,-39
109000148,1835,3421,-1586
109000149,32,82,-50
109000150,63,524,-461
109000155,1534,1033,501
109000156,1146,603,543
109000158,134,333,-199
109000159,144,529,-385
109000160,2242,236,2006
109000161,737,819,-82
109000162,3125,490,2635
109000163,2009,1258,751
109000164,1930,1843,87
109000165,2151,399,1752
109000166,1727,125,1602
109000167,173,388,-215
109000170,34,29,5
109000171,177,50,127
109000172,25,38,-13
109000173,20,165,-145
109000174,267,24,243
109000175,58,55,3
109000176,708,212,496
109000177,47,77,-30
109000178,1342,740,602
109000179,3067,8010,-4943
109000180,4316,4642,-326
109000181,38,9,29
109000182,89,16,73
109000183,96,18,78
109000184,73,11,62
109000185,55,20,35
109000188,815,1135,-320
109000189,4335,833,3502
109000190,990,630,360
109000191,553,629,-76
109000192,779,122,657
109000193,459,89,370
109000194,490,42,448
109000195,279,91,188
109000196,426,73,353
109000197,212,266,-54
109000198,505,51,454
109000199,324,287,37
109000206,297,50,247
109000207,321,45,276
109000208,231,223,8
109000209,177,104,73
109000210,178,437,-259
109000211,1609,507,1102
109000214,734,178,556
109000215,190,101,89
109000216,386,458,-72
109000217,222,362,-140
109000218,445,409,36
109000221,299,713,-414
109000222,995,273,722
109000223,730,586,144
109000224,92,54,38
109000225,241,20,221
109000226,63,135,-72
109000227,2447,919,1528
109000228,5,2063,-2058
109000231,254,97,157
109000232,753,130,623
109000236,358,494,-136
109000241,2412,1270,1142
109000242,1710,752,958
109000293,34,128,-94
109000361,124,193,-69
109000364,144,403,-259
109000396,0,245,-245
109000397,1140,16,1124
109000399,140,342,-202
109000400,184,246,-62
109000403,49,1706,-1657
109000406,581,3,578
109000407,401,217,184
109000408,2,611,-609
109000410,1354,252,1102
109000411,415,24,391
109900001,261,0,261
109900002,1284,27,1257
109900003,556,2,554
109900004,381,120,261
109900005,43,4,39
109900006,704,338,366
109900007,1931,186,1745
109900008,0,30,-30
109900009,152,251,-99
109900010,976,63,913
109900011,84,92,-8
109900012,464,392,72
109900013,481,186,295
109900014,615,76,539
109900015,350,143,207
109900016,232,32,200
109900017,303,275,28
109900018,293,27,266
109900019,350,49,301
109900020,60,35,25
109900021,85,13,72
109900022,164,295,-131
109900023,33,4,29
109900024,16,2,14
109900025,27,57,-30
109900026,6,174,-168
109900027,59,46,13
109900028,455,2642,-2187
109900029,6,188,-182
109900030,102,10,92
109900031,3,413,-410
109900032,11,274,-263
109900033,2,351,-349
109900034,57,0,57
109900035,57,51,6
109900036,57,55,2
109900037,14,388,-374
109900038,118,286,-168
109900039,12,0,12
109900040,49,299,-250
109900041,99,201,-102
109900042,91,2600,-2509
109900044,211,305,-94
109900045,114,58,56
109900046,42,74,-32
109900047,235,259,-24
109900048,7,166,-159
109900049,18,78,-60
109900050,0,61,-61
109900051,0,13,-13
109900052,83,162,-79
109900053,4,93,-89
109900054,1440,276,1164
109900055,108,193,-85
109900056,73,518,-445
109900057,6,55,-49
109900058,0,48,-48
109900059,1864,125,1739
109900060,1288,82,1206
109900061,147,180,-33
109900062,0,67,-67
109900063,11,383,-372
109900064,904,201,703
109900065,171,95,76
109900066,318,462,-144
109900067,2,91,-89
109900068,136,11,125
109900069,19,29,-10
109900070,38,146,-108
109900071,11,20,-9
109900072,19,73,-54
109900073,754,118,636
109900074,28,17,11
109900075,46,52,-6
109900076,15,72,-57
109900077,44,34,10
109900078,119,167,-48
109900080,129,170,-41
109900081,8,230,-222
109900082,67,207,-140
109900083,19,50,-31
109900084,89,110,-21
109900085,125,264,-139
109900086,199,1147,-948
109900087,138,532,-394
109900089,1200,264,936
109900090,251,661,-410
109900091,769,133,636
109900092,693,67,626
109900093,1846,205,1641
109900094,152,91,61
109900095,93,259,-166
109900096,213,19,194
109900097,223,2,221
109900098,1041,36,1005
109900099,555,4,551
109900100,95,4,91
109900101,1173,13,1160
109900102,776,29,747
109900103,43,38,5
109900104,1482,174,1308
109900105,910,29,881
109900106,489,106,383
109900107,1674,77,1597
109900108,470,422,48
109900109,68,492,-424
109900110,98,143,-45
109900111,182,348,-166
109900112,143,208,-65
109900113,1225,914,311
109900114,1057,1606,-549
109900115,301,119,182
109900117,2009,107,1902
109900118,189,314,-125
109900119,255,477,-222
109900120,88,12,76
109900121,352,448,-96
109900122,1059,4,1055
109900123,31,39,-8
109900124,84,208,-124
109900125,2,215,-213
109900126,609,34,575
109900128,643,37,606
109900130,3335,4014,-679
109900131,29,111,-82
109900132,45,147,-102
109900133,177,181,-4
109900134,58,161,-103
109900135,305,34,271
109900136,94,138,-44
109900137,262,224,38
109900140,349,75,274
109900142,2517,334,2183
109900145,14,766,-752
109900146,274,53,221
109900148,31,69,-38
109900149,30,54,-24
109900150,5,60,-55
109900151,11,20,-9
109900152,3,25,-22
109900153,3,55,-52
109900154,28,0,28
109900155,100,19,81
109900157,141,182,-41
109900158,64,142,-78
109900159,253,89,164
109900160,165,82,83
109900161,422,145,277
109900162,441,180,261
109900163,348,367,-19
109900164,176,265,-89
109900165,549,8,541
109900166,0,270,-270
109900167,366,241,125
109900168,323,404,-81
109900169,295,132,163
109900170,352,2247,-1895
109900171,459,81,378
109900172,395,444,-49
109900173,1379,3779,-2400
109900174,64,144,-80
109900175,145,203,-58
109900176,218,142,76
109900177,67,97,-30
109900178,8,338,-330
109900179,18,24,-6
109900180,26,15,11
110000001,840,519,321
110000002,702,787,-85
110000003,766,799,-33
110000004,559,704,-145
110000005,333,2273,-1940
110000006,302,358,-56
110000007,209,128,81
110000008,43,164,-121
110000009,55,26,29
110000010,57,116,-59
110000011,101,47,54
110000012,934,209,725
110000013,100,1087,-987
110000014,570,401,169
110000015,299,830,-531
110000016,319,2037,-1718
110000017,4539,386,4153
110000018,2845,413,2432
110000019,8,133,-125
110000020,872,195,677
110000021,308,717,-409
110000022,1590,237,1353
110000023,15,173,-158
110000024,654,702,-48
110000025,740,3,737
110000026,4,241,-237
110000027,775,1763,-988
110000028,1284,580,704
110000029,629,676,-47
110000030,577,470,107
110000031,515,317,198
110000032,1240,416,824
110000033,321,444,-123
110000034,938,719,219
110000035,1170,514,656
110000036,1646,793,853
110000037,283,623,-340
110000038,358,883,-525
110000039,1201,6699,-5498
110000040,310,278,32
110000041,502,2862,-2360
110000042,169,904,-735
110000043,1087,503,584
110000044,47,1848,-1801
110000045,354,373,-19
110000046,7,83,-76
110000047,11,299,-288
110000048,22,130,-108
110000049,27,35,-8
110000050,7,257,-250
110000051,35,7,28
110000052,61,40,21
110000053,35,14,21
110000054,176,2004,-1828
110000055,222,236,-14
110000056,136,248,-112
110000057,490,606,-116
110000058,1509,681,828
110000059,1326,614,712
110000060,1610,1125,485
110000061,755,737,18
110000062,774,977,-203
110000063,81,312,-231
110000064,118,61,57
110000065,183,170,13
110000066,147,32,115
110000067,107,150,-43
110000068,499,96,403
110000069,815,45,770
110000071,598,31,567
110000073,72,5,67
110000075,20,112,-92
110000076,335,484,-149
110000077,332,1365,-1033
110000078,149,18,131
110000080,311,531,-220
110000081,126,244,-118
110000082,42,437,-395
110000083,350,467,-117
110000084,1922,1499,423
110000085,871,1446,-575
110000086,1125,3492,-2367
110000087,17,41,-24
110000088,184,255,-71
110000089,476,48,428
110000090,185,240,-55
110000091,967,262,705
110000092,46,52,-6
110000093,78,39,39
110000094,522,189,333
110000095,267,990,-723
110000096,1457,2662,-1205
110000097,1055,2153,-1098
110000098,2595,926,1669
110000099,1068,1825,-757
110000100,2138,181,1957
110000101,88,109,-21
110000102,172,51,121
110000104,685,377,308
110000105,80,340,-260
110000106,781,676,105
110000107,158,411,-253
110000108,243,141,102
110000109,207,342,-135
110000110,2259,4861,-2602
110000111,4124,4176,-52
110000112,276,1778,-1502
110000113,81,3716,-3635
110000114,425,972,-547
110000115,690,414,276
110000116,145,95,50
110000117,475,218,257
110000118,1079,150,929
110000119,476,214,262
110000120,656,235,421
110000121,92,437,-345
110000122,310,391,-81
110000123,953,778,175
110000124,3,602,-599
110000125,1416,6,1410
110000126,398,34,364
110000127,1973,112,1861
110000128,79,811,-732
110000129,9,365,-356
110000130,383,430,-47
110000131,82,230,-148
110000132,4,469,-465
110000133,56,480,-424
110000134,25,419,-394
110000135,328,50,278
110000136,160,271,-111
110000137,1146,312,834
110000138,1315,546,769
110000139,1812,511,1301
110000140,1176,1020,156
110000143,828,304,524
110000144,2675,3113,-438
110000145,1995,2493,-498
110000146,1801,2029,-228
110000147,607,1199,-592
110000148,1162,245,917
110000151,706,2414,-1708
110000152,631,671,-40
110000153,370,20,350
110000154,109,44,65
110000155,1088,3749,-2661
110000156,937,2872,-1935
110000157,1953,3615,-1662
110000160,587,516,71
110000161,295,236,59
110000166,1127,70,1057
110000167,1803,855,948
110000168,1346,728,618
110000169,1384,480,904
110000170,334,86,248
110000171,1069,141,928
110000172,243,578,-335
110000173,723,725,-2
110000174,203,565,-362
110000175,1533,80,1453
110000176,188,822,-634
110000177,302,1734,-1432
110000178,491,2951,-2460
110000179,1943,337,1606
110000180,410,254,156
110000181,1199,474,725
110000182,362,148,214
110000183,7863,11336,-3473
110000184,404,3823,-3419
110000185,828,1502,-674
110000186,789,957,-168
110000191,2054,134,1920
110000192,1067,21,1046
110000193,1840,11,1829
110000194,11,530,-519
110000195,883,116,767
110000196,820,96,724
110000197,210,47,163
110000198,85,17,68
110000199,126,119,7
110000200,648,384,264
110000201,1441,1710,-269
110000202,1543,755,788
110000203,423,514,-91
110000204,9,200,-191
110000205,377,114,263
110000206,515,659,-144
110000207,1848,509,1339
110000208,305,572,-267
110000209,62,3570,-3508
110000210,2029,496,1533
110000211,840,2187,-1347
110000212,722,1534,-812
110000213,529,66,463
110000214,645,56,589
110000215,162,160,2
110000216,114,117,-3
110000217,679,105,574
110000218,241,162,79
110000219,824,32,792
110000220,114,120,-6
110000221,745,21,724
110000222,111,245,-134
110000223,9,182,-173
110000224,5,5,0
110000225,205,888,-683
110000226,310,61,249
110000227,883,1479,-596
110000228,499,102,397
110000229,0,89,-89
110000230,704,2032,-1328
110000231,270,265,5
110000232,271,342,-71
110000233,219,431,-212
110000234,460,3248,-2788
110000235,1594,1501,93
110000236,1121,628,493
110000237,2943,3464,-521
110000238,1225,1519,-294
110000239,2929,1017,1912
110000240,0,22,-22
110000242,0,32,-32
110000243,260,40,220
110000244,179,1653,-1474
110000245,69,602,-533
110000246,1312,429,883
110000247,1225,3946,-2721
110000248,1573,1237,336
110000249,106,25,81
110000250,43,175,-132
110000251,683,314,369
110000252,561,136,425
110000253,2400,497,1903
110000254,787,699,88
110000255,184,597,-413
110000256,616,324,292
110000257,422,354,68
110000258,13,388,-375
110000259,382,18,364
110000260,60,106,-46
110000263,733,57,676
110000264,788,278,510
110000265,1768,2485,-717
110000266,1406,2926,-1520
110000267,30,158,-128
110000268,445,423,22
110000269,7,78,-71
110000270,168,33,135
110000271,1685,329,1356
110000272,1549,1411,138
110000273,1915,1654,261
110000274,365,3436,-3071
110000275,1710,839,871
110000276,449,942,-493
110000277,431,382,49
110000278,665,664,1
110000279,1017,874,143
110000280,938,740,198
110000281,117,368,-251
110000282,232,34,198
110000283,39,118,-79
110000284,14,22,-8
110000285,4,802,-798
110000286,8,1,7
110000287,233,4,229
110000288,22,59,-37
110000289,704,3872,-3168
110000290,558,792,-234
110000291,3640,930,2710
110000292,1353,8987,-7634
110000293,871,486,385
110000294,2057,1768,289
110000295,278,690,-412
110000296,947,323,624
110000297,3412,226,3186
110000298,179,463,-284
110000299,114,92,22
110000301,556,55,501
110000302,683,809,-126
110000303,685,8,677
110000304,332,175,157
110000305,2202,54,2148
110000306,463,769,-306
110000307,2893,13,2880
110000308,852,29,823
110000309,11,600,-589
110000310,1439,35,1404
110000311,16,562,-546
110000312,770,100,670
110000313,2397,2227,170
110000314,0,167,-167
110000315,2165,2721,-556
110000316,530,1259,-729
110000317,247,2272,-2025
110000318,4,82,-78
110000319,7,58,-51
110000320,85,127,-42
110000321,22,80,-58
110000322,359,451,-92
110000323,989,250,739
110000324,3281,1715,1566
110000325,1998,5068,-3070
110000327,530,460,70
110000328,219,618,-399
110000333,1596,1449,147
110000334,706,1755,-1049
110000335,854,705,149
110000336,923,1185,-262
110000337,2477,923,1554
110000338,791,467,324
110000339,621,304,317
110000340,104,213,-109
110000341,768,462,306
110000342,182,1,181
110000343,0,15,-15
110000344,289,403,-114
110000345,310,567,-257
110000346,1859,2105,-246
110000347,1882,864,1018
110000348,1,3,-2
110000349,2,1,1
110000350,181,13,168
110000351,2110,627,1483
110000352,966,2127,-1161
110000353,5947,468,5479
110000354,1213,5046,-3833
110000355,217,51,166
110000356,1285,11,1274
110000357,807,28,779
110000361,53,13,40
110000362,189,30,159
110000363,1027,73,954
110000364,414,443,-29
110000365,259,1,258
110000366,1,146,-145
110000367,678,225,453
110000368,1,80,-79
110000369,111,7,104
110000373,4,317,-313
110000374,154,43,111
110000375,120,1383,-1263
110000376,31,313,-282
110000377,96,483,-387
110000378,29,512,-483
110000379,4322,3107,1215
110000380,126,7,119
110000383,0,899,-899
110000384,722,331,391
110000385,2,277,-275
110000387,131,4,127
110000388,71,174,-103
110000389,1576,99,1477
110000391,1347,135,1212
110000396,398,69,329
110000397,224,50,174
110000398,11,19,-8
110000399,304,2,302
110000587,198,190,8
110000589,272,120,152
110000640,269,47,222
110000652,6,999,-993
110000653,502,369,133
110000654,7,755,-748
110000656,0,241,-241
110000674,71,26,45
110000675,30,77,-47
110000676,6,82,-76
110000679,96,1419,-1323
110000682,86,275,-189
110000683,362,527,-165
110000684,3,82,-79
110000685,18,20,-2
110000686,4,111,-107
110000687,23,18,5
110000688,87,2039,-1952
110000689,3,1,2
110000692,48,426,-378
110000693,49,723,-674
110000694,0,199,-199
110000695,325,1034,-709
110000696,46,74,-28
110900001,389,7,382
110900002,388,586,-198
110900003,1616,244,1372
110900004,828,48,780
110900005,851,5629,-4778
110900006,123,60,63
110900007,353,100,253
110900008,15,31,-16
110900009,563,399,164
110900010,11,35,-24
110900011,57,83,-26
110900012,37,41,-4
110900013,1739,132,1607
110900014,481,22,459
110900015,267,1111,-844
110900016,143,61,82
110900017,954,68,886
110900018,514,49,465
110900019,460,35,425
110900020,281,85,196
110900021,179,251,-72
110900022,95,123,-28
110900023,103,757,-654
110900024,41,218,-177
110900025,33,143,-110
110900027,104,130,-26
110900028,33,73,-40
110900029,15,107,-92
110900030,58,98,-40
110900031,2,123,-121
110900032,2,88,-86
110900033,28,224,-196
110900035,26,684,-658
110900036,149,13,136
110900037,142,26,116
110900038,1233,188,1045
110900039,11,385,-374
110900040,400,21,379
110900041,38,103,-65
110900042,173,70,103
110900043,4,67,-63
110900044,267,27,240
110900045,110,175,-65
110900046,33,132,-99
110900047,487,559,-72
110900049,176,179,-3
110900050,46,5,41
110900051,38,150,-112
110900052,16,105,-89
110900053,232,14,218
110900054,39,108,-69
110900055,19,5,14
110900056,22,141,-119
110900057,21,75,-54
110900058,467,171,296
110900059,577,220,357
110900060,631,220,411
110900061,8,61,-53
110900062,264,100,164
110900063,80,80,0
110900064,7,0,7
110900065,96,179,-83
110900066,19,38,-19
110900067,248,738,-490
110900068,804,143,661
110900069,3,7,-4
110900071,167,1189,-1022
110900073,1,47,-46
110900074,820,146,674
110900075,692,61,631
110900077,1867,535,1332
110900078,172,8,164
110900079,972,1936,-964
110900080,239,92,147
110900081,19,6,13
110900082,258,54,204
110900083,168,59,109
110900084,149,25,124
110900085,175,140,35
110900086,106,466,-360
110900087,605,113,492
110900088,10,1,9
110900090,74,70,4
110900091,0,41,-41
110900093,256,186,70
110900095,125,71,54
110900097,22,22,0
110900098,52,67,-15
110900099,94,391,-297
110900100,0,10,-10
110900102,128,14,114
110900105,2801,169,2632
110900108,23,33,-10
110900111,833,112,721
110900112,1060,21,1039
110900113,305,89,216
110900115,25,67,-42
110900116,1836,834,1002
110900118,97,5565,-5468
110900119,1506,184,1322
110900120,111,59,52
110900121,124,0,124
110900122,999,280,719
110900125,734,724,10
110900127,515,1829,-1314
110900128,152,380,-228
110900129,234,1337,-1103
110900130,343,749,-406
110900131,466,90,376
110900132,826,143,683
110900133,145,95,50
110900135,68,259,-191
110900136,651,39,612
110900137,19,1,18
110900138,586,1841,-1255
110900139,1,689,-688
110900140,18,8,10
110900141,33,647,-614
110900142,60,114,-54
110900143,298,68,230
110900144,1,178,-177
110900145,308,132,176
110900146,181,493,-312
110900147,96,1329,-1233
110900148,0,180,-180
110900149,4,46,-42
110900150,55,31,24
110900151,12,224,-212
110900152,50,66,-16
110900153,327,76,251
111000001,1766,800,966
111000002,833,469,364
111000003,2625,1387,1238
111000004,816,838,-22
111000005,1549,2299,-750
111000006,1007,2344,-1337
111000007,7429,5988,1441
111000008,3074,3850,-776
111000009,469,796,-327
111000010,1734,470,1264
111000011,242,901,-659
111000012,472,587,-115
111000013,509,1239,-730
111000014,2229,687,1542
111000017,68,912,-844
111000018,131,336,-205
111000020,675,1472,-797
111000021,104,143,-39
111000023,182,84,98
111000025,4929,5258,-329
111000029,89,136,-47
111000030,34,95,-61
111000031,2606,1154,1452
111000032,1008,382,626
111000033,400,205,195
111000034,58,349,-291
111000037,1306,470,836
111000038,2747,2520,227
111000039,1936,2426,-490
111000040,1863,1625,238
111000041,591,687,-96
111000042,2402,2292,110
111000043,2879,6693,-3814
111000044,2572,1173,1399
111000045,4198,3364,834
111000046,3388,2566,822
111000047,4331,8645,-4314
111000049,437,523,-86
111000050,1156,849,307
111000051,672,703,-31
111000052,603,1262,-659
111000053,324,673,-349
111000054,331,747,-416
111000055,1650,1551,99
111000056,300,766,-466
111000057,165,448,-283
111000058,1047,70,977
111000059,999,289,710
111000060,6101,1065,5036
111000061,1287,342,945
111000062,1566,598,968
111000063,2216,1413,803
111000064,1430,699,731
111000065,1777,1058,719
111000066,1010,544,466
111000067,1372,455,917
111000068,799,674,125
111000069,2027,1770,257
111000070,873,573,300
111000071,280,409,-129
111000072,1906,898,1008
111000073,350,1754,-1404
111000074,2249,2072,177
111000075,882,783,99
111000076,941,1442,-501
111000077,1539,1339,200
111000078,2214,1077,1137
111000079,1048,705,343
111000080,809,581,228
111000081,1780,6177,-4397
111000082,1246,558,688
111000084,1338,568,770
111000085,1427,1173,254
111000086,3566,1036,2530
111000087,907,459,448
111000088,11324,4735,6589
111000089,1029,713,316
111000090,699,1037,-338
111000091,943,316,627
111000092,2592,823,1769
111000093,1252,1290,-38
111000094,2518,1537,981
111000095,1142,3607,-2465
111000096,991,10037,-9046
111000097,3642,1296,2346
111000098,529,926,-397
111000099,620,1114,-494
111000100,620,782,-162
111000101,584,825,-241
111000102,376,748,-372
111000104,1268,304,964
111000107,184,862,-678
111000109,1354,384,970
111000110,2174,762,1412
111000111,5110,559,4551
111000112,3620,652,2968
111000113,1174,2985,-1811
111000114,1973,6642,-4669
111000115,3418,1343,2075
111000116,1082,954,128
111000117,357,855,-498
111000118,1036,723,313
111000119,2018,679,1339
111000120,846,727,119
111000121,386,843,-457
111000122,683,922,-239
111000123,1462,1586,-124
111000124,607,1655,-1048
111000125,536,687,-151
111000126,135,516,-381
111000127,1917,150,1767
111000128,4516,366,4150
111000129,4734,646,4088
111000130,4243,573,3670
111000131,4022,659,3363
111000132,3324,1854,1470
111000133,463,115,348
111000134,325,139,186
111000135,80,182,-102
111000136,606,406,200
111000138,82,3,79
111000140,3,7,-4
111000141,245,442,-197
111000142,18,207,-189
111000143,6,415,-409
111000144,113,2508,-2395
111000145,93,19,74
111000146,158,29,129
111000147,160,40,120
111000148,234,92,142
111000149,11,18,-7
111000150,70,5,65
111000151,1,24,-23
111000153,571,514,57
111000154,477,255,222
111000155,231,201,30
111000156,1014,567,447
111000157,203,965,-762
111000158,1368,1286,82
111000159,5884,1289,4595
111000160,699,447,252
111000161,21,725,-704
111000162,14,124,-110
111000163,1149,842,307
111000164,498,3755,-3257
111000165,656,275,381
111000166,557,199,358
111000167,179,271,-92
111000168,317,332,-15
111000169,441,357,84
111000170,382,316,66
111000171,600,509,91
111000172,271,340,-69
111000173,380,746,-366
111000174,457,163,294
111000175,71,1395,-1324
111000176,642,43,599
111000177,1098,162,936
111000178,3021,245,2776
111000179,443,160,283
111000180,430,497,-67
111000181,2979,197,2782
111000182,410,166,244
111000183,481,352,129
111000184,453,233,220
111000185,714,443,271
111000186,449,264,185
111000187,249,119,130
111000188,661,341,320
111000189,471,433,38
111000190,225,169,56
111000191,273,189,84
111000192,164,217,-53
111000193,349,132,217
111000194,76,179,-103
111000195,186,253,-67
111000196,89,97,-8
111000197,1070,121,949
111000198,1070,105,965
111000199,520,249,271
111000200,1114,400,714
111000201,1275,180,1095
111000202,675,165,510
111000203,566,377,189
111000204,532,2451,-1919
111000213,303,511,-208
111000214,1704,863,841
111000215,1593,942,651
111000217,2457,925,1532
111000218,2442,1248,1194
111000219,319,174,145
111000220,994,841,153
111000221,291,239,52
111000224,5,246,-241
111000225,614,545,69
111000226,136,4,132
111000227,20,6,14
111000228,25,973,-948
111000229,39,1778,-1739
111000230,268,161,107
111000231,1628,327,1301
111000232,1676,700,976
111000233,1766,514,1252
111000234,242,815,-573
111000239,67,57,10
111000240,135,468,-333
111000241,50,171,-121
111000242,495,74,421
111000243,185,270,-85
111000244,1239,111,1128
111000245,1621,230,1391
111000246,1031,151,880
111000247,809,324,485
111000248,953,427,526
111000249,751,226,525
111000250,62,59,3
111000251,111,90,21
111000253,37,38,-1
111000255,69,18,51
111000257,180,22,158
111000260,75,763,-688
111000261,2488,134,2354
111000271,44,329,-285
111000273,4451,1450,3001
111000274,1991,3665,-1674
111000275,255,39,216
111000276,369,970,-601
111000277,358,262,96
111000278,571,197,374
111000291,1384,15765,-14381
111000298,732,195,537
111000299,971,231,740
111000300,74,561,-487
111000302,511,71,440
111000303,128,107,21
111000312,57,87,-30
111000315,2,53,-51
111000320,181,355,-174
111000321,652,203,449
111000322,683,188,495
111000323,516,46,470
111000324,461,226,235
111000325,112,104,8
111000326,341,207,134
111000327,492,324,168
111000328,475,644,-169
111000329,20,17,3
111000330,129,3,126
111000331,51,4,47
111000332,799,1360,-561
111000334,292,908,-616
111000335,2315,253,2062
111000337,2756,175,2581
111000338,190,67,123
111000339,1344,125,1219
111000340,335,333,2
111000341,2507,1113,1394
111000342,83,1070,-987
111000344,1824,693,1131
111000345,155,107,48
111000346,24,240,-216
111000347,231,11,220
111000350,344,144,200
111000351,168,392,-224
111000352,298,192,106
111000353,201,281,-80
111000354,759,453,306
111000355,406,770,-364
111000358,241,475,-234
111000360,343,199,144
111000361,251,92,159
111000546,1277,420,857
111000547,662,339,323
111000548,326,340,-14
111000549,540,269,271
111000550,39,1302,-1263
111000551,544,333,211
111000552,562,224,338
111000907,897,15,882
111000908,109,1,108
111000916,3164,189,2975
111000917,53,380,-327
111000918,348,324,24
111000920,1120,11,1109
111000921,2,83,-81
111000922,1126,157,969
111000924,37,330,-293
111000925,5904,2814,3090
111000926,1173,1113,60
111000927,3733,6944,-3211
111000928,3409,1867,1542
111000929,3373,1862,1511
111000930,1218,1594,-376
111000931,2606,3102,-496
111000932,2754,1339,1415
111000933,4325,4637,-312
111000934,1898,2242,-344
111000935,3623,1496,2127
111000936,1544,1565,-21
111000937,1822,2102,-280
111000938,1530,906,624
111000939,919,34,885
111000940,1075,41,1034
111000941,518,238,280
111000943,1125,373,752
111000944,174,126,48
111000945,318,890,-572
111001109,669,1133,-464
111001110,246,419,-173
111001111,185,16,169
111001112,64,4,60
111001113,1,238,-237
111001114,635,391,244
111001115,38,2208,-2170
111001116,2550,7645,-5095
111001117,529,3479,-2950
111001120,195,415,-220
111001121,176,172,4
111001122,264,163,101
111001123,503,130,373
111001124,178,42,136
111001125,0,138,-138
111900001,71,39,32
111900002,106,198,-92
111900003,9,156,-147
111900004,25,40,-15
111900006,32,110,-78
111900007,433,24,409
111900008,585,10,575
111900009,460,77,383
111900010,134,345,-211
111900012,31,48,-17
111900013,22,22,0
111900014,2311,8938,-6627
111900015,0,16,-16
111900016,0,26,-26
111900017,0,43,-43
111900018,302,23,279
111900019,2,176,-174
111900020,4,48,-44
111900021,29,70,-41
111900022,4,19,-15
111900023,57,29,28
111900024,63,67,-4
111900025,0,28,-28
111900026,0,24,-24
111900027,5,37,-32
111900028,15,109,-94
111900029,7,36,-29
111900030,22,336,-314
111900031,38,37,1
111900032,2,84,-82
111900033,9,66,-57
111900034,115,396,-281
111900035,143,247,-104
111900036,0,85,-85
111900038,132,403,-271
111900039,67,157,-90
111900040,0,115,-115
111900042,43,88,-45
111900043,1,146,-145
111900044,74,191,-117
111900046,16,41,-25
111900048,637,223,414
111900049,22,141,-119
111900050,105,36,69
111900051,1,138,-137
111900052,122,251,-129
111900053,502,3476,-2974
111900054,328,5,323
111900055,13,216,-203
111900056,165,506,-341
111900057,258,9,249
111900058,1054,270,784
111900059,1965,1237,728
111900060,511,6,505
111900061,5,78,-73
111900062,89,167,-78
111900063,339,232,107
111900064,41,104,-63
111900065,194,28,166
111900066,258,268,-10
111900067,2,187,-185
111900068,112,103,9
111900069,96,33,63
111900070,450,74,376
111900071,0,124,-124
111900072,117,60,57
111900073,1877,326,1551
111900074,2,138,-136
111900075,131,29,102
111900076,558,135,423
111900077,73,12,61
111900078,655,52,603
111900079,118,124,-6
111900080,129,283,-154
111900082,345,92,253
111900083,438,45,393
111900084,332,18,314
111900085,90,134,-44
111900086,132,23,109
111900087,139,9,130
111900088,1124,41,1083
111900089,247,8,239
111900090,91,118,-27
111900091,997,20,977
111900092,263,3,260
111900093,842,6,836
111900094,240,2,238
111900095,567,62,505
111900096,535,19,516
111900097,172,0,172
111900098,577,2,575
111900099,204,34,170
111900100,284,6,278
111900101,178,39,139
111900102,1169,394,775
111900103,64,212,-148
111900104,209,102,107
111900105,320,257,63
111900106,359,21,338
111900110,1632,306,1326
111900111,397,70,327
111900112,401,7256,-6855
111900113,285,147,138
111900118,632,151,481
111900119,532,217,315
111900122,92,151,-59
111900123,34,48,-14
111900124,42,20,22
111900125,863,143,720
111900126,689,9,680
111900127,0,203,-203
111900128,8,146,-138
111900129,471,15,456
111900130,299,79,220
111900131,1105,3,1102
111900132,54,332,-278
111900133,7,230,-223
111900134,2,148,-146
111900135,22,50,-28
111900136,111,210,-99
111900137,32,46,-14
111900138,5,51,-46
111900139,25,35,-10
111900140,260,41,219
111900141,120,10,110
111900142,87,34,53
111900143,622,92,530
111900144,15,54,-39
111900145,1,109,-108
111900146,1,70,-69
111900147,25,249,-224
111900148,11,460,-449
111900149,7,152,-145
111900150,16,101,-85
111900151,16,45,-29
111900152,98,107,-9
111900153,506,913,-407
111900154,43,924,-881
111900155,114,245,-131
111900156,111,122,-11
111900157,469,58,411
111900158,967,186,781
111900159,641,82,559
111900160,594,2,592
111900161,499,7,492
111900162,195,402,-207
111900163,51,167,-116
111900164,163,57,106
111901113,935,36,899
111901114,546,237,309
111901115,184,5,179
111901116,75,3,72
111901117,23,93,-70
111901118,44,772,-728
111901119,253,57,196
111901121,51,68,-17
111901122,17,120,-103
111901123,561,88,473
111901124,632,16,616
111901125,1194,297,897
111901127,373,1774,-1401
111901128,31,89,-58
111901129,1,82,-81
111901130,6,69,-63
111901131,2,157,-155
111901132,103,40,63
111901133,146,5,141
111901134,263,5,258
111901135,85,20,65
111901136,83,72,11
111901137,0,61,-61
111901138,60,59,1
111901139,3,15,-12
111901140,6,44,-38
111901141,3,77,-74
111901142,3,62,-59
111901143,0,90,-90
111901144,56,96,-40
111901145,105,605,-500
111901146,58,1,57
112000001,3477,975,2502
112000002,1065,2028,-963
112000003,4059,1382,2677
112000004,1195,310,885
112000005,5812,5667,145
112000006,1123,833,290
112000007,7906,4965,2941
112000008,5014,5974,-960
112000009,3338,1787,1551
112000010,6257,8142,-1885
112000011,1739,1374,365
112000012,6213,9548,-3335
112000013,2159,5807,-3648
112000014,1542,5622,-4080
112000015,1802,4671,-2869
112000016,4023,7549,-3526
112000017,836,8803,-7967
112000024,1952,483,1469
112000026,2212,1911,301
112000027,942,840,102
112000028,848,938,-90
112000029,1146,1183,-37
112000030,199,32,167
112000031,2034,6803,-4769
112000032,139,26,113
112000033,1696,5807,-4111
112000034,130,55,75
112000035,90,1747,-1657
112000036,399,2635,-2236
112000037,1809,3107,-1298
112000038,2125,4060,-1935
112000039,177,73,104
112000040,31,248,-217
112000041,373,383,-10
112000042,823,392,431
112000050,1949,1493,456
112000051,1724,3566,-1842
112000054,1650,1712,-62
112000057,1662,548,1114
112000058,390,623,-233
112000059,551,750,-199
112000061,4673,1208,3465
112000062,748,2430,-1682
112000063,309,4787,-4478
112000064,3577,3936,-359
112000065,1100,2289,-1189
112000066,4388,2047,2341
112000067,545,635,-90
112000068,4447,4057,390
112000069,637,2013,-1376
112000070,2585,1184,1401
112000071,1434,1912,-478
112000072,3892,1144,2748
112000073,1701,2500,-799
112000074,1412,1466,-54
112000075,1636,1721,-85
112000076,3768,2610,1158
112000077,1566,472,1094
112000078,3493,1067,2426
112000079,3404,1639,1765
112000080,1805,1408,397
112000081,1332,2208,-876
112000082,1665,769,896
112000083,1018,1357,-339
112000084,1767,576,1191
112000085,2161,2054,107
112000086,2413,1663,750
112000087,891,318,573
112000088,1261,377,884
112000089,690,515,175
112000090,669,472,197
112000091,855,535,320
112000092,3591,1101,2490
112000093,1868,473,1395
112000094,1140,816,324
112000095,936,558,378
112000096,1000,609,391
112000097,2957,965,1992
112000098,646,483,163
112000099,1144,2669,-1525
112000100,3415,801,2614
112000101,771,422,349
112000102,2648,454,2194
112000103,594,507,87
112000105,515,524,-9
112000106,3250,450,2800
112000107,29,247,-218
112000108,504,1397,-893
112000109,70,74,-4
112000110,3081,685,2396
112000111,841,7419,-6578
112000112,3490,886,2604
112000113,1818,2823,-1005
112000114,3773,1247,2526
112000115,645,393,252
112000116,823,777,46
112000117,1627,698,929
112000118,985,809,176
112000119,569,650,-81
112000120,76,340,-264
112000121,223,282,-59
112000122,586,101,485
112000123,1397,103,1294
112000124,873,96,777
112000125,375,377,-2
112000126,641,183,458
112000127,2545,4783,-2238
112000128,847,1174,-327
112000129,139,115,24
112000130,419,149,270
112000131,114,140,-26
112000132,300,276,24
112000133,551,114,437
112000134,854,358,496
112000135,2013,1257,756
112000136,1327,4002,-2675
112000137,1856,11056,-9200
112000138,1249,5338,-4089
112000139,832,1217,-385
112000140,361,1046,-685
112000141,1936,741,1195
112000142,233,420,-187
112000143,2101,292,1809
112000144,271,646,-375
112000145,4523,577,3946
112000146,697,1201,-504
112000147,3976,2176,1800
112000148,1183,1780,-597
112000149,967,534,433
112000150,567,289,278
112000151,527,169,358
112000152,1239,394,845
112000153,171,193,-22
112000154,302,450,-148
112000155,205,167,38
112000157,541,1292,-751
112000158,501,260,241
112000159,1391,309,1082
112000167,713,232,481
112000169,253,712,-459
112000173,1892,363,1529
112000175,680,397,283
112000176,1257,1804,-547
112000177,1636,562,1074
112000178,114,319,-205
112000179,460,118,342
112000180,483,310,173
112000181,1370,1021,349
112000182,2566,639,1927
112000183,51,20,31
112000184,622,206,416
112000185,1374,272,1102
112000187,7353,4104,3249
112000195,304,13,291
112000196,215,1,214
112000197,113,240,-127
112000198,84,457,-373
112000199,679,824,-145
112000202,871,43,828
112000216,82,148,-66
112000230,193,3,190
112000231,5,169,-164
112000256,190,373,-183
112000313,60,61,-1
112000314,81,55,26
112000337,330,754,-424
112000352,208,497,-289
112000392,3206,1070,2136
112000398,3435,834,2601
112000399,1801,8708,-6907
112000400,2856,1217,1639
112000401,1931,1351,580
112000402,6841,7744,-903
112000403,1978,8339,-6361
112000404,2340,1930,410
112000405,4286,4501,-215
112000406,2648,1172,1476
112000407,13133,10292,2841
112000408,7710,3361,4349
112000409,1585,2074,-489
112000410,616,608,8
112000411,3139,2247,892
112000412,698,570,128
112000413,4401,11214,-6813
112000414,233,41,192
112000415,169,69,100
112000416,5167,1353,3814
112000417,385,140,245
112000421,115,45,70
112000422,436,184,252
112000424,1370,4785,-3415
112000425,557,367,190
112000426,402,350,52
112000427,0,20,-20
112000428,445,132,313
112000429,2719,2472,247
112000430,3474,4914,-1440
112000431,179,203,-24
112000432,781,484,297
112000433,478,731,-253
112000437,109,120,-11
112900001,118,4,114
112900002,1149,344,805
112900003,91,108,-17
112900004,98,70,28
112900005,497,80,417
112900006,46,123,-77
112900007,63,78,-15
112900008,0,125,-125
112900009,718,303,415
112900010,1006,335,671
112900011,65,300,-235
112900012,11,21,-10
112900013,10,322,-312
112900014,10,140,-130
112900015,138,601,-463
112900016,7,177,-170
112900017,96,144,-48
112900018,16,88,-72
112900019,49,277,-228
112900020,307,900,-593
112900021,4,116,-112
112900022,23,37,-14
112900023,0,41,-41
112900024,25,117,-92
112900025,94,176,-82
112900026,6,84,-78
112900027,14,236,-222
112900028,22,82,-60
112900029,18,105,-87
112900030,60,46,14
112900031,6,187,-181
112900032,342,234,108
112900034,0,24,-24
112900035,1,134,-133
112900036,14,192,-178
112900037,318,311,7
112900038,1185,134,1051
112900039,13,197,-184
112900040,9,1634,-1625
112900041,704,1519,-815
112900042,198,228,-30
112900043,68,91,-23
112900044,258,297,-39
112900045,166,189,-23
112900046,139,103,36
112900047,20,62,-42
112900049,587,66,521
112900050,54,649,-595
112900051,263,421,-158
112900052,3,328,-325
112900053,201,330,-129
112900054,306,79,227
112900055,144,103,41
112900056,625,429,196
112900057,26,159,-133
112900058,411,450,-39
112900059,199,490,-291
112900060,68,51,17
112900061,196,203,-7
112900062,111,164,-53
112900063,74,32,42
112900064,46,237,-191
112900065,29,48,-19
112900066,273,377,-104
112900067,377,77,300
112900068,47,104,-57
112900069,2265,1858,407
112900071,62,9,53
112900072,394,6402,-6008
112900073,561,342,219
112900074,183,562,-379
112900075,1011,2008,-997
112900076,68,55,13
112900078,503,763,-260
112900079,403,27,376
112900080,169,11,158
112900081,163,614,-451
112900082,691,77,614
112900083,310,232,78
112900084,419,341,78
112900086,153,1,152
112900087,2587,260,2327
112900088,385,5,380
112900089,1281,70,1211
112900090,157,122,35
112900091,651,29,622
112900092,94,1069,-975
112900093,1832,41,1791
112900095,159,0,159
112900096,1085,307,778
112900097,181,224,-43
112900098,156,2,154
112900099,1509,42,1467
112900100,195,11,184
112900101,647,7,640
112900102,174,44,130
112900103,428,7,421
112900104,229,2,227
112900105,20,0,20
112900106,550,196,354
112900107,7,1,6
112900108,16,1,15
112900109,360,3,357
112900110,2699,46,2653
112900111,1357,8,1349
112900112,498,5,493
112900113,0,5,-5
112900114,463,57,406
112900115,2913,15,2898
112900116,181,13,168
112900117,98,31,67
112900118,7,177,-170
112900119,330,1,329
112900120,592,407,185
112900121,64,87,-23
112900122,6,90,-84
112900123,365,36,329
112900124,16,42,-26
112900125,28,533,-505
112900126,169,122,47
112900127,657,220,437
112900128,76,851,-775
112900129,2,514,-512
112900130,260,233,27
112900131,55,1933,-1878
112900132,163,567,-404
112900133,16,1617,-1601
112900134,1,345,-344
112900135,155,99,56
112900137,4,321,-317
112900138,9,108,-99
112900139,86,581,-495
112900141,1362,101,1261
112900142,88,435,-347
112900143,7,304,-297
112900144,0,173,-173
112900145,9,280,-271
112900146,3,460,-457
112900147,2,478,-476
112900148,139,3,136
112900149,414,344,70
112900151,10,65,-55
112900152,3822,555,3267
112900153,514,4656,-4142
112900154,1,42,-41
112900155,182,13,169
112900156,883,435,448
112900157,809,17,792
112900158,167,7,160
112900159,237,305,-68
112900160,53,213,-160
112900161,267,121,146
112900162,17,41,-24
112900163,61,76,-15
112900164,144,219,-75
112900165,102,69,33
112900166,22,162,-140
112900167,11,263,-252
112900168,7,4,3
112900169,9,23,-14
112900170,152,294,-142
112900172,44,28,16
112900173,161,159,2
112900174,594,77,517
112900175,183,388,-205
112900176,37,62,-25
112900177,269,89,180
112900178,714,4475,-3761
112900179,20,499,-479
112900180,3435,1900,1535
112900181,1553,11,1542
112900182,94,397,-303
112900183,117,423,-306
112900184,561,655,-94
112900185,152,1246,-1094
112900186,1185,1988,-803
112900187,99,908,-809
112900188,672,6443,-5771
112900189,17,16,1
112900190,18,41,-23
112900192,1023,677,346
112900193,1413,473,940
112900194,79,20,59
112900195,1150,37,1113
112900196,466,516,-50
112900197,161,345,-184
112900199,1285,279,1006
112900200,1068,95,973
112900201,286,164,122
112900202,828,563,265
112900203,542,125,417
112900204,535,543,-8
112900205,13,16,-3
112900206,52,77,-25
112900207,37,1,36
112900208,108,515,-407
112900209,154,291,-137
112900210,1,30,-29
112900211,132,22,110
112900212,2,51,-49
112900213,123,9,114
112900214,19,25,-6
112900215,25,55,-30
112900216,40,47,-7
112900217,17,33,-16
112900218,84,15,69
112900219,158,5,153
112900220,6,0,6
112900221,127,190,-63
112900222,1,76,-75
112900223,1466,35,1431
112900224,870,254,616
112900225,962,232,730
112900226,282,471,-189
112900227,1536,430,1106
112900228,156,77,79
112900229,661,23,638
112900230,12568,3519,9049
112900232,510,429,81
112900233,89,107,-18
112900234,37,11,26
112900235,15,13,2
112900236,821,25,796
112900237,434,55,379
112900238,12,6,6
112900239,901,1464,-563
113000001,7609,6381,1228
113000002,6307,4374,1933
113000003,2860,2176,684
113000004,2878,2501,377
113000005,2495,1905,590
113000006,1594,1934,-340
113000007,3636,1910,1726
113000008,2693,2275,418
113000009,2156,910,1246
113000010,1878,1288,590
113000011,1836,1260,576
113000012,2491,967,1524
113000013,957,681,276
113000014,1191,2131,-940
113000015,197,324,-127
113000016,428,1038,-610
113000017,119,432,-313
113000018,455,105,350
113000019,357,292,65
113000020,369,110,259
113000021,1867,1115,752
113000022,1203,3431,-2228
113000025,173,648,-475
113000026,809,1287,-478
113000027,794,2373,-1579
113000028,787,3451,-2664
113000029,1559,1088,471
113000030,255,452,-197
113000031,174,180,-6
113000032,350,428,-78
113000033,332,586,-254
113000034,211,139,72
113000035,31,77,-46
113000036,32,101,-69
113000037,70,52,18
113000038,31,85,-54
113000039,60,280,-220
113000040,69,139,-70
113000042,928,641,287
113000051,2047,2879,-832
113000052,3108,657,2451
113000053,1033,593,440
113000054,918,923,-5
113000055,2376,576,1800
113000056,2297,1275,1022
113000058,649,1020,-371
113000059,1197,379,818
113000060,519,683,-164
113000061,826,987,-161
113000062,576,523,53
113000063,676,86,590
113000064,135,215,-80
113000065,225,491,-266
113000066,1589,149,1440
113000067,4300,1144,3156
113000068,634,542,92
113000069,882,490,392
113000070,3968,1004,2964
113000071,950,455,495
113000072,1707,472,1235
113000073,465,1870,-1405
113000074,1198,528,670
113000075,2306,967,1339
113000076,481,4305,-3824
113000077,879,1385,-506
113000078,579,2432,-1853
113000079,506,1267,-761
113000080,751,1519,-768
113000081,1139,1431,-292
113000082,1266,1292,-26
113000083,715,1012,-297
113000084,2169,1389,780
113000085,1250,704,546
113000086,1246,1458,-212
113000087,1165,1662,-497
113000088,2617,1813,804
113000089,960,2043,-1083
113000090,226,994,-768
113000091,295,620,-325
113000094,1830,401,1429
113000095,281,1140,-859
113000096,185,1395,-1210
113000097,1507,789,718
113000098,181,97,84
113000099,1649,752,897
113000100,148,776,-628
113000101,256,1357,-1101
113000102,931,1013,-82
113000103,3418,365,3053
113000104,1115,3844,-2729
113000105,1351,629,722
113000106,547,409,138
113000107,1603,1158,445
113000108,1200,1099,101
113000109,771,1781,-1010
113000110,7022,995,6027
113000111,322,784,-462
113000112,799,400,399
113000113,1782,479,1303
113000114,427,1743,-1316
113000116,944,447,497
113000117,1549,226,1323
113000118,29,1020,-991
113000119,455,567,-112
113000120,79,524,-445
113000121,635,2040,-1405
113000124,405,169,236
113000125,122,1462,-1340
113000127,1850,233,1617
113000128,2465,306,2159
113000129,543,1257,-714
113000133,3997,917,3080
113000134,7,1932,-1925
113000135,6080,6439,-359
113000137,1081,4105,-3024
113000139,546,533,13
113000140,68,198,-130
113000141,136,447,-311
113000142,324,1626,-1302
113000143,375,260,115
113000144,343,486,-143
113000145,127,172,-45
113000146,246,72,174
113000147,217,90,127
113000148,386,180,206
113000149,230,255,-25
113000150,595,523,72
113000151,47,19,28
113000152,46,323,-277
113000153,1770,424,1346
113000154,792,2248,-1456
113000155,618,881,-263
113000156,278,421,-143
113000157,386,601,-215
113000158,804,283,521
113000159,1322,608,714
113000160,841,507,334
113000161,729,257,472
113000162,1514,299,1215
113000163,263,39,224
113000164,43,58,-15
113000166,415,90,325
113000167,136,93,43
113000168,162,129,33
113000169,376,57,319
113000170,148,103,45
113000171,59,114,-55
113000172,479,60,419
113000173,74,24,50
113000174,271,166,105
113000175,798,110,688
113000176,724,55,669
113000177,218,165,53
113000178,196,164,32
113000179,433,158,275
113000180,1336,2205,-869
113000181,1695,850,845
113000182,174,515,-341
113000183,237,787,-550
113000184,22,116,-94
113000189,371,1290,-919
113000190,209,303,-94
113000192,695,8667,-7972
113000193,1927,5962,-4035
113000194,1115,5242,-4127
113000195,1806,5236,-3430
113000196,414,139,275
113000197,3057,4450,-1393
113000198,200,386,-186
113000199,2448,580,1868
113000201,512,988,-476
113000202,17887,4213,13674
113000203,147,881,-734
113000204,595,9175,-8580
113000205,16,10,6
113000206,16,77,-61
113000207,88,15,73
113000208,55,68,-13
113000209,16,16,0
113000210,5,30,-25
113000211,100,454,-354
113000212,69,97,-28
113000213,33,153,-120
113000214,170,433,-263
113000234,310,764,-454
113000410,64,274,-210
113000411,2001,4300,-2299
113000412,5389,1835,3554
113000413,987,3343,-2356
113000414,4064,15469,-11405
113000415,2414,1691,723
113000416,3346,2708,638
113000417,1721,1949,-228
113000418,5315,5654,-339
113000419,2011,3155,-1144
113000420,3173,7384,-4211
113000421,5858,9193,-3335
113000422,13818,11493,2325
113000423,1545,7572,-6027
113000424,4090,14432,-10342
113000425,52,98,-46
113000428,234,120,114
113000430,6,167,-161
113000432,3737,337,3400
113000433,166,603,-437
113000434,17,121,-104
113000435,22,219,-197
113000436,17,629,-612
113000437,2005,53,1952
113000438,654,22,632
113000439,19,72,-53
113000440,257,51,206
113000441,375,273,102
113000442,303,48,255
113000443,534,155,379
113000444,491,62,429
113000445,200,102,98
113000446,71,132,-61
113000448,1314,330,984
113000449,205,1432,-1227
113000450,1820,3660,-1840
113000451,4891,484,4407
113000452,145,836,-691
113000453,48,1270,-1222
113000454,448,273,175
113000455,21,2638,-2617
113000456,4253,2952,1301
113000468,1073,69,1004
113000469,94,379,-285
113000470,669,23,646
113000471,15,531,-516
113000472,85,288,-203
113000474,1832,1030,802
113000475,1877,1386,491
113000476,3391,2568,823
113000477,6421,2338,4083
113000478,4065,3360,705
113000479,201,125,76
113000480,129,1125,-996
113000484,0,0,0
113000485,0,0,0
113000486,0,0,0
113000487,0,0,0
113000488,0,0,0
113000489,0,0,0
113000490,0,0,0
113000491,0,0,0
113000492,0,0,0
113000493,0,0,0
113000495,428,148,280
113000496,265,166,99
113000497,0,0,0
113000499,0,0,0
113000500,0,3,-3
113900001,36,2952,-2916
113900002,2,107,-105
113900003,4,317,-313
113900004,2,561,-559
113900005,10,1021,-1011
113900006,3,45,-42
113900007,89,38,51
113900008,39,0,39
113900009,45,0,45
113900010,149,13,136
113900011,222,0,222
113900012,147,5,142
113900013,143,9,134
113900014,1205,7,1198
113900015,0,35,-35
113900016,40,0,40
113900017,5,84,-79
113900018,236,378,-142
113900019,267,42,225
113900020,277,7,270
113900022,153,1,152
113900023,61,0,61
113900024,91,84,7
113900025,326,18,308
113900026,151,0,151
113900027,18,188,-170
113900028,69,194,-125
113900029,145,208,-63
113900030,445,3,442
113900031,131,7,124
113900032,39,0,39
113900033,104,76,28
113900035,69,2,67
113900036,51,82,-31
113900037,268,266,2
113900038,29,252,-223
113900039,353,50,303
113900040,38,64,-26
113900041,25,9,16
113900042,127,40,87
113900043,281,83,198
113900044,151,341,-190
113900045,77,6,71
113900046,406,1846,-1440
113900047,122,121,1
113900048,106,107,-1
113900049,220,470,-250
113900050,355,633,-278
113900051,392,258,134
113900052,127,122,5
113900053,888,1099,-211
113900054,55,0,55
113900055,155,389,-234
113900056,83,149,-66
113900057,29,111,-82
113900058,123,46,77
113900059,338,315,23
113900060,83,336,-253
113900061,620,169,451
113900062,179,25,154
113900063,194,100,94
113900064,54,96,-42
113900065,720,16,704
113900066,852,131,721
113900067,524,324,200
113900068,693,1137,-444
113900069,57,36,21
113900070,140,320,-180
113900071,148,23,125
113900072,56,69,-13
113900073,667,505,162
113900074,223,339,-116
113900075,1287,2822,-1535
113900076,192,22,170
113900077,98,180,-82
113900078,72,28,44
113900079,0,68,-68
113900080,776,173,603
113900081,96,95,1
113900082,217,240,-23
113900083,634,131,503
113900084,224,160,64
113900085,66,125,-59
113900086,79,11,68
113900087,126,128,-2
113900088,101,133,-32
113900089,537,70,467
113900090,807,466,341
113900091,13,11,2
113900092,37,50,-13
113900093,97,1668,-1571
113900094,910,258,652
113900095,199,317,-118
113900096,480,92,388
113900097,38,67,-29
113900098,1249,248,1001
113900099,1,22,-21
113900100,0,0,0
113900101,11,68,-57
113900102,77,166,-89
113900103,239,484,-245
113900104,108,528,-420
113900105,314,47,267
113900106,0,30,-30
113900107,6,9,-3
113900108,130,356,-226
113900109,312,293,19
113900110,64,46,18
113900111,301,90,211
113900112,329,47,282
113900113,2323,451,1872
113900114,0,24,-24
113900115,2,40,-38
113900116,112,262,-150
113900117,71,38,33
113900118,174,689,-515
113900119,147,436,-289
113900120,116,55,61
113900121,144,80,64
113900122,978,4373,-3395
113900123,828,252,576
113900124,2,133,-131
113900125,1175,178,997
113900126,138,43,95
113900127,473,1047,-574
113900128,292,78,214
113900129,9,219,-210
113900130,8,581,-573
113900131,425,44,381
113900132,38,134,-96
113900133,48,63,-15
113900135,367,445,-78
113900136,117,65,52
113900137,477,488,-11
113900138,42,325,-283
113900139,330,259,71
113900140,37,423,-386
113900141,1061,295,766
113900142,171,69,102
113900143,34,82,-48
113900144,64,1042,-978
113900145,382,210,172
113900146,292,82,210
113900148,96,308,-212
113900149,253,131,122
113900150,307,239,68
113900151,570,157,413
113900152,62,82,-20
113900153,161,730,-569
113900154,8,131,-123
113900155,84,220,-136
113900156,333,395,-62
113900157,73,450,-377
113900158,122,1419,-1297
113900159,5,269,-264
113900160,547,382,165
113900161,175,492,-317
113900162,172,2428,-2256
113900163,346,323,23
113900164,665,41,624
113900165,792,437,355
113900166,56,102,-46
113900167,610,75,535
113900168,70,42,28
113900169,243,356,-113
113900171,390,90,300
113900172,11,59,-48
113900173,32,378,-346
113900174,520,552,-32
113900175,365,293,72
113900176,355,263,92
113900177,290,239,51
113900178,418,253,165
113900179,59,195,-136
113900180,187,117,70
113900181,1441,298,1143
113900182,860,448,412
113900183,88,69,19
113900184,9,325,-316
113900185,147,74,73
113900186,68,31,37
113900187,36,121,-85
113900188,27,165,-138
113900189,403,289,114
113900190,205,117,88
113900191,117,126,-9
113900192,9,1317,-1308
113900193,17,124,-107
113900194,1431,555,876
113900195,248,538,-290
113900196,4,579,-575
113900197,0,71,-71
113900198,35,840,-805
113900199,90,468,-378
113900200,25,202,-177
113900201,0,77,-77
113900202,58,132,-74
113900203,0,25,-25
113900204,43,200,-157
113900205,4,44,-40
113900206,8,84,-76
113900207,2,47,-45
113900208,0,47,-47
113900209,0,45,-45
113900210,572,806,-234
113900211,323,107,216
113900212,406,279,127
113900214,388,818,-430
113900215,101,83,18
113900216,208,608,-400
113900217,146,79,67
113900218,117,99,18
113900219,209,1282,-1073
113900220,157,198,-41
113900221,335,434,-99
113900222,184,704,-520
113900223,273,224,49
113900224,84,57,27
113900225,515,159,356
113900226,572,143,429
113900227,402,267,135
113900228,364,889,-525
113900229,44,1541,-1497
113900230,2340,3828,-1488
113900231,162,114,48
113900232,243,37,206
113900233,137,65,72
113900234,562,633,-71
113900235,203,49,154
113900236,473,133,340
113900237,289,21,268
113900238,304,823,-519
113900239,58,212,-154
113900240,12,275,-263
113900241,48,92,-44
113900242,51,406,-355
113900243,61,262,-201
113900244,130,214,-84
113900245,700,453,247
113900246,11,44,-33
113900247,112,835,-723
113900248,2748,2541,207
113900249,846,769,77
113900250,56,428,-372
113900251,1596,78,1518
113900252,1253,37,1216
113900253,1006,51,955
113900254,765,257,508
113900255,1005,23,982
113900256,587,45,542
113900257,28,273,-245
113900258,30,263,-233
113900259,1083,90,993
113900260,348,17,331
113900261,47,45,2
113900262,237,299,-62
113900263,40,353,-313
113900264,1,240,-239
113900265,194,381,-187
113900266,25,123,-98
113900267,91,1308,-1217
113900268,397,581,-184
113900269,116,220,-104
113900270,209,742,-533
113900271,884,471,413
113900273,11,14,-3
113900274,76,31,45
113900275,17,183,-166
113900276,1,68,-67
113900277,238,13,225
113900278,327,225,102
113900279,92,118,-26
113900280,2027,704,1323
113900281,261,1598,-1337
113900282,486,486,0
113900283,560,673,-113
113900284,1252,200,1052
113900285,142,86,56
113900286,26,27,-1
113900287,91,41,50
113900288,6,123,-117
113900289,362,143,219
113900290,246,380,-134
113900291,105,115,-10
113900292,5,15,-10
113900293,2,211,-209
113900294,827,35,792
113900295,498,603,-105
113900296,3030,464,2566
113900297,3098,61,3037
113900298,28,1290,-1262
113900299,265,131,134
113900300,6348,5676,672
113900301,760,744,16
113900302,1506,1364,142
113900303,171,991,-820
113900304,2,94,-92
113900305,233,0,233
113900306,184,2,182
113900307,16,8,8
113900308,79,148,-69
113900309,2,407,-405
113900310,1,9,-8
113900311,26,0,26
113900312,248,240,8
113900313,26,1,25
114000001,1108,2079,-971
114000002,626,333,293
114000003,113,182,-69
114000004,662,281,381
114000005,569,207,362
114000006,1325,1648,-323
114000007,1030,1102,-72
114000008,2028,2727,-699
114000009,1943,407,1536
114000011,4327,2107,2220
114000012,5101,1661,3440
114000013,2994,1107,1887
114000014,683,147,536
114000015,3225,231,2994
114000016,458,110,348
114000017,145,912,-767
114000018,155,22,133
114000026,4085,1255,2830
114000027,6748,2619,4129
114000028,3001,4495,-1494
114000038,498,149,349
114000039,120,27,93
114000040,240,398,-158
114000042,219,165,54
114000043,113,44,69
114000044,582,26,556
114000045,44,50,-6
114000046,2309,4728,-2419
114000047,31,110,-79
114000048,195,67,128
114000049,2527,2071,456
114000050,2525,2322,203
114000051,4062,2854,1208
114000052,4617,3610,1007
114000053,83,810,-727
114000054,253,758,-505
114000055,327,61,266
114000056,192,1220,-1028
114000057,4187,2313,1874
114000058,103,1489,-1386
114000059,55,1046,-991
114000060,881,914,-33
114000061,2997,4132,-1135
114000062,601,2297,-1696
114000063,1301,1289,12
114000064,2039,4686,-2647
114000065,990,2243,-1253
114000066,761,1027,-266
114000067,26,1336,-1310
114000068,656,1063,-407
114000069,1440,684,756
114000070,2609,2422,187
114000071,1257,614,643
114000072,1085,184,901
114000073,19,23,-4
114000074,163,29,134
114000075,71,28,43
114000076,48,36,12
114000077,8,12,-4
114000078,701,265,436
114000079,482,28,454
114000080,117,77,40
114000081,136,104,32
114000082,67,286,-219
114000083,88,132,-44
114000084,364,124,240
114000085,92,248,-156
114000086,408,143,265
114000087,424,74,350
114000088,65,21,44
114000089,527,227,300
114000090,1492,1726,-234
114000091,1314,1107,207
114000092,816,543,273
114000093,1748,742,1006
114000094,667,596,71
114000095,415,283,132
114000096,82,295,-213
114000097,135,264,-129
114000098,879,187,692
114000099,1293,117,1176
114000100,2554,371,2183
114000101,713,289,424
114000102,1043,385,658
114000103,137,156,-19
114000104,58,172,-114
114000105,288,138,150
114000106,907,3155,-2248
114000107,977,156,821
114000108,719,739,-20
114000109,1148,2391,-1243
114000110,604,797,-193
114000111,3284,1590,1694
114000112,398,915,-517
114000113,1661,680,981
114000114,600,693,-93
114000115,2426,1190,1236
114000116,1377,5010,-3633
114000117,6237,1015,5222
114000118,5158,643,4515
114000119,3860,656,3204
114000120,903,725,178
114000121,756,722,34
114000122,600,429,171
114000123,3599,460,3139
114000124,1738,584,1154
114000125,1368,1137,231
114000126,2975,345,2630
114000127,258,100,158
114000128,1161,252,909
114000130,521,423,98
114000131,367,182,185
114000132,847,372,475
114000133,700,1565,-865
114000134,127,54,73
114000138,44,119,-75
114000139,594,616,-22
114000144,980,1026,-46
114000145,80,85,-5
114000146,181,94,87
114000147,1871,3378,-1507
114000148,882,2232,-1350
114000149,374,515,-141
114000150,358,713,-355
114000151,673,2632,-1959
114000152,119,69,50
114000153,697,3010,-2313
114000154,725,664,61
114000155,1397,3989,-2592
114000156,927,918,9
114000157,438,2176,-1738
114000158,1027,708,319
114000159,131,462,-331
114000160,63,659,-596
114000161,1284,3962,-2678
114000162,1781,3736,-1955
114000163,30,28,2
114000165,591,635,-44
114000166,604,730,-126
114000167,2704,1802,902
114000168,474,371,103
114000169,1250,1995,-745
114000170,1414,1994,-580
114000171,2123,13017,-10894
114000174,172,374,-202
114000176,269,693,-424
114000177,667,469,198
114000178,64,98,-34
114000179,1033,990,43
114000180,294,366,-72
114000181,1693,7775,-6082
114000182,1195,3051,-1856
114000183,731,791,-60
114000184,2041,667,1374
114000185,1685,851,834
114000189,2039,212,1827
114000190,4788,529,4259
114000191,122,365,-243
114000192,140,792,-652
114000193,258,1002,-744
114000194,2028,766,1262
114000195,418,213,205
114000196,1,96,-95
114000197,2903,24,2879
114000198,736,357,379
114000199,1584,1734,-150
114000200,729,1049,-320
114000201,307,607,-300
114000202,1132,641,491
114000203,713,688,25
114000204,181,450,-269
114000205,294,1013,-719
114000206,1082,1325,-243
114000207,588,809,-221
114000208,623,1171,-548
114000209,426,1416,-990
114000210,208,746,-538
114000211,1838,1315,523
114000212,1202,1069,133
114000213,2715,612,2103
114000214,81,66,15
114000215,323,90,233
114000216,2310,422,1888
114000217,624,170,454
114000218,372,99,273
114000219,2320,284,2036
114000220,49,593,-544
114000221,1744,242,1502
114000222,212,542,-330
114000223,958,186,772
114000224,48,439,-391
114000225,531,336,195
114000226,285,207,78
114000227,1278,633,645
114000228,1384,547,837
114000229,2051,1463,588
114000230,2146,944,1202
114000231,1578,1781,-203
114000232,1485,206,1279
114000233,3389,89,3300
114000234,1675,563,1112
114000235,1928,1329,599
114000236,3,265,-262
114000237,193,636,-443
114000238,211,292,-81
114000239,184,813,-629
114000240,1106,1408,-302
114000241,352,718,-366
114000242,752,648,104
114000243,2800,1085,1715
114000244,672,287,385
114000245,678,940,-262
114000246,118,58,60
114000247,618,473,145
114000248,2260,775,1485
114000249,774,449,325
114000250,1012,408,604
114000251,486,256,230
114000252,136,20,116
114000253,54,131,-77
114000254,125,41,84
114000255,734,274,460
114000256,588,2794,-2206
114000257,400,788,-388
114000258,496,226,270
114000259,321,274,47
114000260,0,35,-35
114000261,53,22,31
114000262,509,186,323
114000263,4,1,3
114000264,2425,319,2106
114000265,0,8,-8
114000267,1,2281,-2280
114000268,16,602,-586
114000270,58,4,54
114000271,342,83,259
114000283,2300,392,1908
114000285,31,93,-62
114000288,295,291,4
114000289,2683,128,2555
114000293,385,605,-220
114000294,231,366,-135
114000395,1809,21,1788
114000396,972,1038,-66
114000402,1427,217,1210
114000403,420,186,234
114000405,375,222,153
114000423,627,220,407
114000424,962,178,784
114000425,1556,190,1366
114000426,438,1082,-644
114000427,150,103,47
114000428,48,174,-126
114000429,10,117,-107
114000432,149,54,95
114000434,31,40,-9
114000435,13,45,-32
114900001,963,357,606
114900002,545,182,363
114900003,1284,474,810
114900004,284,729,-445
114900005,840,317,523
114900006,120,146,-26
114900007,481,43,438
114900008,488,108,380
114900010,1341,2346,-1005
114900011,440,170,270
114900013,377,124,253
114900015,174,788,-614
114900018,1129,21,1108
114900020,230,116,114
114900022,34,586,-552
114900024,335,130,205
114900025,833,187,646
114900026,97,183,-86
114900027,326,187,139
114900029,41,17,24
114900030,486,211,275
114900031,827,40,787
114900032,833,22,811
114900033,606,2197,-1591
114900034,53,50,3
114900035,117,384,-267
114900036,298,229,69
114900037,133,91,42
114900038,328,238,90
114900039,865,179,686
114900040,206,60,146
114900041,1615,116,1499
114900042,2118,271,1847
114900043,291,143,148
114900044,193,75,118
114900046,34,43,-9
114900047,320,4817,-4497
114900048,64,145,-81
114900049,7,67,-60
114900050,85,126,-41
114900051,49,188,-139
114900052,73,284,-211
114900053,69,213,-144
114900054,30,30,0
114900057,296,22,274
114900058,0,20,-20
114900059,201,130,71
114900060,324,957,-633
114900061,112,47,65
114900062,195,329,-134
114900063,105,54,51
114900064,3537,205,3332
114900065,779,978,-199
114900067,63,469,-406
114900068,34,56,-22
114900069,155,48,107
114900070,872,300,572
114900072,7,217,-210
114900073,2,44,-42
114900074,1262,257,1005
114900075,505,20,485
114900076,8,282,-274
114900080,1007,136,871
114900082,2394,3824,-1430
114900083,560,1178,-618
114900090,786,260,526
114900091,103,184,-81
114900095,215,63,152
114900096,249,523,-274
114900097,252,7,245
114900098,9,92,-83
114900099,435,16,419
115000001,4729,2135,2594
115000002,6507,7723,-1216
115000003,5134,1796,3338
115000004,7817,8576,-759
115000005,2396,2682,-286
115000006,1891,1915,-24
115000007,255,314,-59
115000008,597,783,-186
115000009,574,346,228
115000010,401,267,134
115000013,57,295,-238
115000015,32,310,-278
115000016,234,440,-206
115000019,73,654,-581
115000020,224,1289,-1065
115000021,306,477,-171
115000022,489,242,247
115000023,384,670,-286
115000024,954,386,568
115000025,1320,928,392
115000026,309,300,9
115000027,660,327,333
115000028,453,592,-139
115000029,1137,101,1036
115000030,835,922,-87
115000031,1270,407,863
115000032,6,250,-244
115000033,255,46,209
115000034,118,1180,-1062
115000035,1309,91,1218
115000036,2,490,-488
115000037,789,33,756
115000038,85,162,-77
115000039,3204,4812,-1608
115000040,3905,2946,959
115000041,2743,6799,-4056
115000042,590,742,-152
115000043,4716,3792,924
115000044,3647,3922,-275
115000045,3173,1131,2042
115000046,4225,3394,831
115000047,4307,1789,2518
115000048,2891,2083,808
115000049,1526,3342,-1816
115000050,4547,1794,2753
115000051,2018,5490,-3472
115000052,1325,1563,-238
115000053,3585,3406,179
115000054,781,921,-140
115000055,195,870,-675
115000056,153,333,-180
115000057,626,1602,-976
115000058,169,418,-249
115000059,217,427,-210
115000061,128,401,-273
115000062,273,660,-387
115000063,612,643,-31
115000064,336,206,130
115000065,103,538,-435
115000067,358,50,308
115000069,140,293,-153
115000070,27,1292,-1265
115000071,103,39,64
115000072,16,60,-44
115000073,1921,105,1816
115000075,136,79,57
115000076,3031,2566,465
115000077,3051,1452,1599
115000078,2629,946,1683
115000079,2423,1206,1217
115000080,4890,1411,3479
115000081,300,563,-263
115000082,7160,5904,1256
115000083,3086,1124,1962
115000084,4984,1256,3728
115000085,1856,797,1059
115000086,2061,756,1305
115000087,593,1876,-1283
115000088,2319,723,1596
115000089,1698,1356,342
115000090,555,1057,-502
115000091,339,478,-139
115000092,1206,840,366
115000093,874,1,873
115000094,5379,10236,-4857
115000095,4414,9271,-4857
115000096,1567,986,581
115000097,2717,1750,967
115000098,2454,659,1795
115000099,3828,1629,2199
115000100,2044,380,1664
115000101,813,877,-64
115000102,744,257,487
115000103,363,475,-112
115000105,114,106,8
115000106,1213,577,636
115000107,348,295,53
115000108,2212,2114,98
115000109,4600,6665,-2065
115000110,1666,3069,-1403
115000111,580,1429,-849
115000112,982,1301,-319
115000113,628,1130,-502
115000114,1586,676,910
115000116,3430,2261,1169
115000117,2514,2814,-300
115000118,2725,2322,403
115000119,1926,2438,-512
115000120,729,1681,-952
115000121,745,892,-147
115000122,978,2368,-1390
115000123,1450,2821,-1371
115000124,932,1683,-751
115000125,378,1744,-1366
115000126,229,555,-326
115000127,451,242,209
115000128,373,1131,-758
115000129,243,732,-489
115000130,604,543,61
115000131,1180,310,870
115000132,509,498,11
115000133,984,301,683
115000134,383,612,-229
115000135,283,336,-53
115000136,315,346,-31
115000137,147,295,-148
115000138,530,249,281
115000139,249,252,-3
115000140,527,216,311
115000141,410,170,240
115000142,350,96,254
115000143,1265,755,510
115000144,746,66,680
115000145,378,167,211
115000146,716,500,216
115000147,472,448,24
115000148,478,546,-68
115000149,1153,284,869
115000150,864,527,337
115000151,2312,487,1825
115000152,1188,1041,147
115000153,2287,527,1760
115000154,1499,322,1177
115000155,1172,1203,-31
115000156,953,1102,-149
115000157,569,1212,-643
115000158,484,466,18
115000159,484,925,-441
115000160,716,872,-156
115000161,1521,504,1017
115000162,576,1314,-738
115000163,502,784,-282
115000164,537,1043,-506
115000165,334,920,-586
115000167,118,194,-76
115000168,528,742,-214
115000169,404,1060,-656
115000170,83,211,-128
115000171,225,497,-272
115000172,829,855,-26
115000173,362,1256,-894
115000174,78,682,-604
115000175,206,177,29
115000176,57,164,-107
115000177,75,262,-187
115000178,34,225,-191
115000179,35,80,-45
115000180,143,274,-131
115000181,1317,158,1159
115000182,1609,308,1301
115000183,696,595,101
115000186,798,266,532
115000187,263,513,-250
115000188,533,660,-127
115000189,316,364,-48
115000190,921,528,393
115000191,379,604,-225
115000194,115,185,-70
115000195,211,494,-283
115000196,375,124,251
115000197,603,120,483
115000198,829,134,695
115000199,887,143,744
115000200,769,192,577
115000201,240,231,9
115000206,596,41,555
115000207,377,241,136
115000208,389,896,-507
115000209,1005,521,484
115000210,195,200,-5
115000211,438,285,153
115000212,1471,441,1030
115000224,370,85,285
115000225,127,96,31
115000229,322,132,190
115000230,140,951,-811
115000231,377,933,-556
115000232,3674,403,3271
115000233,182,264,-82
115000234,19,317,-298
115000241,196,165,31
115000242,331,122,209
115000243,167,132,35
115000244,3,188,-185
115000246,124,49,75
115000247,61,53,8
115000248,105,15,90
115000249,22,24,-2
115000250,454,27,427
115000251,379,60,319
115000252,106,234,-128
115000253,20,469,-449
115000258,644,86,558
115000259,373,109,264
115000261,32,35,-3
115000262,20,82,-62
115000263,13,59,-46
115000264,6,60,-54
115000267,100,94,6
115000268,64,97,-33
115000269,202,68,134
115000270,7,24,-17
115000272,74,113,-39
115000273,740,73,667
115000280,1945,244,1701
115000281,356,676,-320
115000282,1176,1277,-101
115000284,112,188,-76
115000296,553,5,548
115000297,174,198,-24
115000298,51,546,-495
115000300,271,138,133
115000302,932,108,824
115000303,1574,68,1506
115000304,1607,78,1529
115000305,189,331,-142
115000306,276,176,100
115000307,211,220,-9
115000308,11,27,-16
115000309,30,106,-76
115000310,2525,542,1983
115000311,2345,1311,1034
115000313,173,218,-45
115000314,1123,238,885
115000315,1119,1291,-172
115000316,136,176,-40
115000317,276,491,-215
115000318,1110,448,662
115000319,90,205,-115
115000320,44,588,-544
115000321,351,24,327
115000322,92,194,-102
115000449,271,249,22
115000557,3,2828,-2825
115000558,256,182,74
115000587,1035,355,680
115000588,2519,3370,-851
115000589,4777,3184,1593
115000590,989,2703,-1714
115000591,1706,1423,283
115000592,493,2515,-2022
115000593,1984,1450,534
115000594,368,3351,-2983
115000609,328,139,189
115000617,473,3297,-2824
115000624,578,31,547
115000633,379,1561,-1182
115000634,4067,1123,2944
115000635,844,160,684
115000638,320,503,-183
115000641,49,307,-258
115000642,307,228,79
115000643,147,544,-397
115000644,166,400,-234
115000646,944,1676,-732
115000647,344,663,-319
115000648,3766,1025,2741
115000893,2309,1713,596
115000894,214,804,-590
115000895,234,918,-684
115000896,1571,602,969
115000897,570,132,438
115000898,537,392,145
115000899,333,2217,-1884
115000900,65,455,-390
115000901,81,386,-305
115000912,685,121,564
115000913,3,30,-27
115000915,35,0,35
115000916,3,0,3
115000917,0,4,-4
115000918,79,792,-713
115000919,2,33,-31
115000920,17,97,-80
115000921,316,122,194
115000922,439,1513,-1074
115000923,73,2271,-2198
115000925,185,205,-20
115000927,66,102,-36
115000933,95,794,-699
115000934,147,174,-27
115000935,294,43,251
115000936,38,1438,-1400
115000937,895,363,532
115000938,24,305,-281
115000939,7,172,-165
115900001,217,14,203
115900002,105,76,29
115900003,264,63,201
115900004,2,32,-30
115900005,371,30,341
115900006,217,140,77
115900008,189,6,183
115900009,122,459,-337
115900010,699,70,629
115900011,580,503,77
115900012,409,19,390
115900013,387,107,280
115900014,168,195,-27
115900015,282,34,248
115900016,100,53,47
115900017,18,20,-2
115900018,236,48,188
115900019,211,13,198
115900020,167,2,165
115900021,1072,418,654
115900022,866,3,863
115900023,15,14,1
115900025,52,364,-312
115900026,839,130,709
115900027,1,211,-210
115900028,462,85,377
115900029,16,225,-209
115900030,68,50,18
115900031,85,309,-224
115900032,401,772,-371
115900033,1,140,-139
115900034,28,172,-144
115900035,85,67,18
115900036,43,2853,-2810
115900037,59,153,-94
115900038,73,12,61
115900039,326,127,199
115900041,151,1293,-1142
115900042,59,7,52
115900043,196,34,162
115900044,223,418,-195
115900046,656,143,513
115900047,146,275,-129
115900049,296,147,149
115900051,15,17,-2
115900052,3,102,-99
115900053,511,99,412
115900054,599,18,581
115900055,37,61,-24
115900056,374,137,237
115900057,18,12,6
115900058,18,66,-48
115900060,69,320,-251
115900061,460,6,454
115900062,124,165,-41
115900063,50,6,44
115900064,160,270,-110
115900065,189,117,72
115900066,69,70,-1
115900067,24,157,-133
115900068,1187,1742,-555
115900069,99,250,-151
115900070,297,70,227
115900071,0,92,-92
115900072,24,130,-106
115900073,158,207,-49
115900074,4,92,-88
115900075,61,115,-54
115900076,29,33,-4
115900077,4,72,-68
115900078,40,116,-76
115900079,597,32,565
115900080,217,102,115
115900081,50,17,33
115900082,124,189,-65
115900084,937,59,878
115900085,61,109,-48
115900086,955,486,469
115900088,7,117,-110
115900089,1016,327,689
115900090,944,6,938
115900091,8,32,-24
115900092,45,98,-53
115900093,9,24,-15
115900094,7,94,-87
115900096,34,7,27
115900097,10,121,-111
115900098,489,179,310
115900099,72,65,7
115900100,52,199,-147
115900101,414,115,299
115900102,112,100,12
115900103,590,159,431
115900104,139,96,43
115900105,441,204,237
115900106,187,2,185
115900107,140,59,81
115900108,291,8,283
115900109,35,188,-153
115900110,32,7,25
115900111,3,86,-83
115900112,71,581,-510
115900113,88,24,64
115900114,10,86,-76
115900115,168,202,-34
115900116,136,399,-263
115900117,145,18,127
115900118,7,95,-88
115900119,268,160,108
115900120,51,175,-124
115900121,411,153,258
115900124,368,1184,-816
115900125,645,52,593
115900126,1476,114,1362
115900127,1222,50,1172
115900128,9,131,-122
115900129,802,30,772
115900130,17,582,-565
115900131,665,52,613
115900132,1142,8,1134
115900134,545,14,531
115900135,634,1405,-771
115900137,25,22,3
115900139,21,209,-188
115900140,724,71,653
115900141,1,69,-68
115900142,9,58,-49
115900143,477,893,-416
115900144,274,322,-48
115900146,26,32,-6
115900147,204,345,-141
115900148,60,6,54
115900149,310,14,296
115900150,171,24,147
115900151,47,192,-145
115900152,293,225,68
115900153,196,151,45
115900154,427,460,-33
115900155,6,13,-7
115900156,923,1259,-336
115900157,435,723,-288
115900158,11,10,1
115900159,292,147,145
115900160,4,17,-13
115900161,42,335,-293
115900163,480,181,299
115900164,1082,14,1068
115900165,5,228,-223
115900166,165,185,-20
115900168,268,84,184
115900171,179,444,-265
115900172,122,158,-36
115900173,348,89,259
115900174,193,451,-258
115900175,260,197,63
115900178,4,172,-168
115900179,609,19,590
115900180,72,93,-21
115900181,316,85,231
115900182,806,103,703
115900183,27,176,-149
115900184,396,13,383
115900187,11,346,-335
115900189,1,257,-256
115900190,275,1351,-1076
115900191,28,178,-150
115900192,32,104,-72
115900193,154,177,-23
115900194,1469,95,1374
115900195,509,4028,-3519
115900198,389,270,119
115900199,440,116,324
115900200,297,142,155
115900201,321,482,-161
115900202,1,79,-78
115900203,2,24,-22
115900204,0,16,-16
115900205,30,19,11
115900206,588,82,506
115900207,70,6,64
115900208,157,61,96
115900209,8,97,-89
115900210,5,156,-151
115900211,2,135,-133
115900212,319,124,195
115900213,62,196,-134
115900214,850,112,738
115900215,22,394,-372
115900216,2,55,-53
115900217,0,27,-27
115900218,0,23,-23
115900219,213,2,211
115900220,497,18,479
115900221,267,24,243
115900222,226,67,159
115900223,11,933,-922
115900224,671,2900,-2229
115900225,46,65,-19
115900226,17,97,-80
115900227,5,73,-68
115900228,11,35,-24
115900229,9,51,-42
115900230,34,83,-49
115900231,138,6,132
115900232,137,1,136
115900233,259,8,251
115900234,129,38,91
115900235,29,70,-41
115900236,24,48,-24
115900237,51,30,21
115900238,34,4,30
115900239,34,19,15
115900240,17,28,-11
115900241,358,39,319
115900242,405,642,-237
115900243,25,8,17
115900244,18,26,-8
115900245,103,11,92
115900246,45,11,34
115900247,16,22,-6
115900248,30,5,25
115900249,38,5,33
115900250,17,22,-5
115900251,7,7,0
115900252,5,3,2
115900253,52,23,29
115900254,8,53,-45
115900255,4,44,-40
115900256,28,64,-36
115900257,4,7,-3
115900258,1,1,0
115900259,0,1,-1
115900260,7,4,3
115900261,14,2,12
115900262,13,0,13
115900263,18,4,14
115900264,33,0,33
115900265,4,5,-1
115900266,8,33,-25
115900267,0,32,-32
115900268,2,11,-9
115900269,1151,147,1004
115900270,491,85,406
115900271,288,0,288
115900272,72,2,70
115900273,34,44,-10
115900274,3,0,3
115900275,2,2,0
115900276,0,23,-23
115900277,0,56,-56
115900278,90,135,-45
115900279,28,374,-346
115900280,21,1099,-1078
115900281,235,541,-306
115900282,26,50,-24
115900283,18,20,-2
115900284,32,17,15
116000001,10791,2711,8080
116000002,6538,20458,-13920
116000003,1556,2046,-490
116000004,4997,8250,-3253
116000005,1736,4727,-2991
116000006,3750,5880,-2130
116000007,2067,7561,-5494
116000008,6933,5705,1228
116000009,1173,1315,-142
116000010,4404,3015,1389
116000011,761,1390,-629
116000012,2849,1700,1149
116000013,4619,5543,-924
116000014,11572,29568,-17996
116000015,130,2111,-1981
116000016,6461,7417,-956
116000017,35,832,-797
116000018,612,657,-45
116000019,1588,435,1153
116000020,908,2033,-1125
116000021,976,426,550
116000022,669,459,210
116000023,2504,1748,756
116000024,864,1185,-321
116000025,1680,1248,432
116000026,1711,4102,-2391
116000027,671,987,-316
116000028,628,1566,-938
116000029,518,589,-71
116000030,861,894,-33
116000031,91,203,-112
116000032,452,166,286
116000033,862,504,358
116000034,1110,1000,110
116000035,543,350,193
116000036,506,4912,-4406
116000037,273,666,-393
116000038,169,1849,-1680
116000039,338,2003,-1665
116000040,633,1785,-1152
116000041,139,1227,-1088
116000042,1107,1045,62
116000043,233,647,-414
116000044,25,50,-25
116000045,2334,1721,613
116000046,1151,2244,-1093
116000047,2218,3484,-1266
116000048,3386,1666,1720
116000049,2455,3584,-1129
116000050,2035,1328,707
116000051,5407,3532,1875
116000052,5201,5003,198
116000053,3211,753,2458
116000054,1457,2967,-1510
116000055,1453,1161,292
116000056,2404,1622,782
116000057,3356,1685,1671
116000058,4871,4043,828
116000059,3478,5354,-1876
116000060,2943,1330,1613
116000061,741,2301,-1560
116000062,654,371,283
116000063,953,2765,-1812
116000066,395,946,-551
116000067,305,345,-40
116000068,182,510,-328
116000069,379,264,115
116000078,728,1491,-763
116000080,2217,681,1536
116000082,26,24,2
116000083,2773,587,2186
116000084,1415,2486,-1071
116000085,2571,2642,-71
116000086,801,554,247
116000087,4314,2807,1507
116000088,1303,1117,186
116000089,263,149,114
116000090,153,223,-70
116000091,233,703,-470
116000093,1152,444,708
116000094,1201,448,753
116000095,1309,775,534
116000096,1940,2451,-511
116000097,1608,768,840
116000098,108,12116,-12008
116000099,6046,428,5618
116000100,415,31,384
116000101,1779,491,1288
116000102,361,849,-488
116000103,613,453,160
116000104,311,1238,-927
116000105,2029,174,1855
116000106,716,1224,-508
116000107,4003,316,3687
116000108,86,233,-147
116000111,223,33,190
116000113,265,170,95
116000114,64,120,-56
116000115,575,172,403
116000116,268,210,58
116000117,2032,1888,144
116000118,2437,1026,1411
116000119,5720,2029,3691
116000120,3417,2562,855
116000121,1433,818,615
116000122,1153,1000,153
116000123,2019,628,1391
116000124,703,506,197
116000125,4684,946,3738
116000126,501,718,-217
116000127,1025,716,309
116000128,3117,1169,1948
116000129,2053,299,1754
116000130,1086,814,272
116000133,2426,907,1519
116000134,1818,1231,587
116000135,4378,1671,2707
116000136,957,1452,-495
116000137,1723,1485,238
116000138,1866,1261,605
116000139,2443,4768,-2325
116000140,297,321,-24
116000141,590,351,239
116000142,4047,2523,1524
116000143,2763,2188,575
116000144,2505,2127,378
116000145,3756,1228,2528
116000146,1492,101,1391
116000147,332,355,-23
116000148,1256,1650,-394
116000149,1382,1110,272
116000151,803,680,123
116000153,126,422,-296
116000155,248,434,-186
116000156,920,934,-14
116000157,96,16,80
116000158,538,254,284
116000159,21,9,12
116000160,39,76,-37
116000161,17,76,-59
116000162,72,301,-229
116000163,76,20,56
116000164,15,35,-20
116000177,116,263,-147
116000194,123,303,-180
116000195,1810,764,1046
116000196,12,23,-11
116000197,5,2,3
116000198,2881,1252,1629
116000200,876,980,-104
116000201,782,615,167
116000202,15,244,-229
116000203,0,53,-53
116000204,21,29,-8
116000205,1,91,-90
116000206,0,132,-132
116000207,8,64,-56
116000233,290,531,-241
116000287,313,180,133
116000288,548,234,314
116000292,148,70,78
116000296,10,155,-145
116000297,248,19,229
116000304,350,41,309
116000305,28,96,-68
116000346,280,107,173
116000352,205,106,99
116000354,32,116,-84
116000357,5,85,-80
116000358,657,128,529
116000361,50,0,50
116000372,4278,10774,-6496
116000381,193,2,191
116000388,2,25,-23
116000389,1095,414,681
116000445,1149,242,907
116000446,977,326,651
116000447,30,779,-749
116000448,771,251,520
116000563,972,957,15
116000565,52,291,-239
116000568,76,775,-699
116000579,17,95,-78
116000584,85,10,75
116000585,85,25,60
116000586,57,121,-64
116000587,432,438,-6
116000589,50,111,-61
116000590,176,104,72
116000591,378,217,161
116000592,7,47,-40
116000593,0,18,-18
116000594,1761,177,1584
116000595,1196,81,1115
116000596,185,7,178
116000597,916,374,542
116000598,30,146,-116
116000602,22,647,-625
116000605,199,181,18
116000606,81,518,-437
116000607,1,49,-48
116000609,137,1545,-1408
116000611,345,210,135
116000612,2076,2630,-554
116000613,1139,408,731
116000614,509,224,285
116000615,1,730,-729
116000616,160,71,89
116000617,229,30,199
116000618,17,53,-36
116000619,70,121,-51
116000620,308,159,149
116000621,250,111,139
116000622,184,136,48
116000624,224,115,109
116000627,156,29,127
116000628,144,177,-33
116000629,91,153,-62
116000630,1511,40,1471
116000631,704,25,679
116000632,969,87,882
116000633,118,145,-27
116000634,1135,20,1115
116000635,2652,4407,-1755
116000636,384,1931,-1547
116000637,744,6,738
116000638,11,174,-163
116900001,490,193,297
116900002,472,2,470
116900003,81,22,59
116900004,79,127,-48
116900005,403,50,353
116900006,109,912,-803
116900007,144,478,-334
116900008,920,184,736
116900009,21,12,9
116900010,1,680,-679
116900011,30,30,0
116900012,500,513,-13
116900013,7,52,-45
116900014,322,53,269
116900015,954,39,915
116900016,391,7,384
116900017,6,620,-614
116900018,203,92,111
116900019,3,154,-151
116900020,600,2328,-1728
116900023,89,16,73
116900024,1186,24,1162
116900025,2028,521,1507
116900026,104,550,-446
116900027,99,113,-14
116900028,2,86,-84
116900029,0,181,-181
116900031,0,2,-2
116900032,6,157,-151
116900033,80,12,68
116900034,4,26,-22
116900035,245,185,60
116900036,6,127,-121
116900038,26,1,25
116900041,93,15,78
116900042,245,207,38
116900043,16,48,-32
116900047,21,269,-248
116900049,15,207,-192
116900050,75,297,-222
116900051,337,37,300
116900052,226,85,141
116900055,1,33,-32
116900057,22,106,-84
116900058,28,292,-264
116900059,5,83,-78
116900060,168,406,-238
116900062,3,49,-46
116900064,145,237,-92
116900065,19,105,-86
116900067,316,63,253
116900068,159,146,13
116900070,2,7,-5
116900072,57,150,-93
116900073,33,86,-53
116900074,6,43,-37
116900076,35,71,-36
116900077,5,35,-30
116900078,203,40,163
116900079,73,131,-58
116900080,5,16,-11
116900081,295,745,-450
116900082,208,958,-750
116900083,9,10,-1
116900084,34,42,-8
116900085,16,100,-84
116900086,78,171,-93
116900088,345,54,291
116900090,53,11,42
116900091,628,49,579
116900092,106,535,-429
116900093,3842,1821,2021
116900094,3760,8884,-5124
116900095,271,628,-357
116900096,92,699,-607
116900097,1854,5453,-3599
116900098,876,893,-17
116900099,272,1264,-992
116900100,1553,139,1414
116900101,237,715,-478
116900103,7,0,7
116900104,58,227,-169
116900105,481,301,180
116900106,4325,161,4164
116900107,1854,4070,-2216
116900110,36,3,33
116900111,1356,344,1012
116900112,288,622,-334
116900113,1262,3908,-2646
116900116,48,2025,-1977
116900117,369,152,217
116900118,1957,1291,666
116900120,773,61,712
116900121,385,35,350
116900122,1634,304,1330
116900123,527,280,247
116900124,143,771,-628
116900125,856,129,727
116900126,101,831,-730
116900128,8,91,-83
116900129,1,288,-287
116900130,1287,6754,-5467
116900131,92,465,-373
116900132,102,119,-17
116900133,320,147,173
116900134,435,209,226
116900136,200,247,-47
116900137,302,196,106
116900138,199,151,48
116900139,114,299,-185
116900140,187,69,118
116900141,563,193,370
116900142,1,90,-89
116900143,541,162,379
116900144,78,63,15
116900145,97,158,-61
116900147,321,2578,-2257
116900148,7,58,-51
116900149,100,334,-234
116900150,26,17,9
116900151,130,70,60
116900153,213,145,68
116900154,247,760,-513
116900155,118,116,2
116900157,1097,108,989
116900158,114,446,-332
116900159,197,1005,-808
116900160,1237,1379,-142
116900161,5130,13710,-8580
116900162,24,101,-77
116900163,389,48,341
116900164,189,117,72
116900165,1019,619,400
116900166,123,62,61
116900167,696,69,627
116900168,755,44,711
116900169,284,2637,-2353
116900170,959,595,364
116900171,86,150,-64
116900172,134,602,-468
116900173,438,22,416
116900174,100,170,-70
116900175,490,679,-189
116900178,82,95,-13
116900179,80,576,-496
116900180,119,15,104
116900182,1854,428,1426
116900183,258,141,117
116900185,78,65,13
116900186,141,167,-26
116900187,53,119,-66
116900188,192,19,173
116900189,145,5,140
116900191,296,556,-260
116900192,490,132,358
116900194,183,2492,-2309
116900195,76,36,40
116900196,29,49,-20
116900197,162,26,136
116900198,87,597,-510
116900200,214,3,211
116900201,310,10,300
116900202,116,19,97
116900203,212,15,197
116900204,52,235,-183
116900206,54,1,53
116900207,49,23,26
116900208,11,63,-52
116900209,24,39,-15
116900210,1054,460,594
116900211,350,10,340
116900212,165,14,151
116900213,386,135,251
116900214,375,210,165
116900215,57,56,1
116900216,364,214,150
116900218,3,321,-318
116900219,590,243,347
116900220,169,357,-188
116900221,265,332,-67
116900222,656,382,274
116900223,110,272,-162
116900226,180,73,107
116900227,362,41,321
116900228,494,162,332
116900230,69,127,-58
116900231,111,150,-39
116900232,41,197,-156
116900233,488,114,374
116900234,76,49,27
116900235,165,314,-149
116900238,871,274,597
116900239,14,1105,-1091
116900240,4410,5042,-632
116900241,210,76,134
116900242,458,1496,-1038
116900243,6,40,-34
116900245,70,71,-1
116900246,219,33,186
116900247,1546,75,1471
116900248,150,32,118
116900249,872,52,820
116900250,762,71,691
116900251,438,1588,-1150
116900252,332,635,-303
116900253,245,43,202
116900254,53,83,-30
116900255,260,218,42
116900256,973,176,797
116900257,33,306,-273
116900258,12,111,-99
116900259,612,21,591
116900260,3,20,-17
116900261,126,7,119
116900262,287,155,132
116900263,4,28,-24
116900264,1,10,-9
116900265,115,0,115
116900266,23,15,8
116900267,6,0,6
116900268,219,213,6
116900269,576,1272,-696
116900271,611,636,-25
116900272,536,306,230
116900273,48,587,-539
116900274,205,23,182
116900275,435,86,349
116900276,479,491,-12
116900277,230,39,191
116900278,2,9,-7
116900279,2,23,-21
116900280,65,21,44
116900281,4151,8798,-4647
116900282,13,49,-36
116900283,15,55,-40
116900284,12,108,-96
116900285,196,384,-188
116900286,172,27,145
116900287,5,20,-15
116900288,165,52,113
116900289,35,3,32
116900290,28,4,24
116900291,40,11,29
116900292,0,39,-39
116900293,80,17,63
116900294,19,162,-143
116900295,183,472,-289
116900296,52,399,-347
116900297,5,111,-106
116900298,152,336,-184
116900299,40,378,-338
116900300,0,280,-280
116900301,44,1227,-1183
116900302,24,229,-205
116900303,107,217,-110
116900304,1,344,-343
116900305,44,56,-12
116900306,447,49,398
117000001,4601,4264,337
117000002,2290,4548,-2258
117000003,8301,5200,3101
117000004,2532,6403,-3871
117000005,5102,3139,1963
117000006,1292,2497,-1205
117000007,8953,1550,7403
117000008,1216,2655,-1439
117000009,5728,1991,3737
117000010,1832,2827,-995
117000011,4387,1804,2583
117000012,2372,1064,1308
117000013,3233,1137,2096
117000014,1567,2542,-975
117000015,4063,2054,2009
117000016,478,610,-132
117000017,134,1772,-1638
117000018,173,1636,-1463
117000019,75,3,72
117000020,1082,3928,-2846
117000021,2628,924,1704
117000022,242,831,-589
117000023,70,1022,-952
117000024,210,1824,-1614
117000025,186,4948,-4762
117000026,2016,5212,-3196
117000027,1697,5259,-3562
117000028,1225,4519,-3294
117000030,399,553,-154
117000031,540,464,76
117000032,1662,2011,-349
117000033,2216,1208,1008
117000034,472,291,181
117000035,572,704,-132
117000036,635,391,244
117000037,473,258,215
117000038,425,703,-278
117000039,577,459,118
117000040,243,772,-529
117000041,2142,132,2010
117000044,18,745,-727
117000045,1177,290,887
117000046,410,794,-384
117000047,1110,1266,-156
117000048,1668,859,809
117000049,56,470,-414
117000050,424,1282,-858
117000051,4225,66,4159
117000052,103,225,-122
117000053,1227,35,1192
117000054,2506,23,2483
117000055,1,1390,-1389
117000056,963,45,918
117000057,519,1820,-1301
117000060,569,1370,-801
117000061,3708,1937,1771
117000062,280,1170,-890
117000063,2872,1128,1744
117000064,722,718,4
117000066,800,874,-74
117000067,151,812,-661
117000074,56,214,-158
117000076,70,68,2
117000077,260,247,13
117000078,231,672,-441
117000079,656,355,301
117000080,1,500,-499
117000081,1350,267,1083
117000082,28,97,-69
117000083,190,27,163
117000084,262,4,258
117000085,534,1242,-708
117000086,1127,352,775
117000087,100,564,-464
117000088,437,199,238
117000089,3191,296,2895
117000090,428,788,-360
117000091,1863,242,1621
117000092,761,864,-103
117000093,2791,793,1998
117000094,1375,1331,44
117000095,5164,885,4279
117000096,927,1598,-671
117000097,3027,1311,1716
117000098,1893,2812,-919
117000099,7176,1401,5775
117000100,312,494,-182
117000101,163,684,-521
117000102,3334,814,2520
117000103,622,960,-338
117000104,2715,868,1847
117000105,694,974,-280
117000106,2960,657,2303
117000107,713,1118,-405
117000108,4148,1336,2812
117000109,1018,1648,-630
117000110,3172,2744,428
117000111,5574,4753,821
117000112,5741,1923,3818
117000113,239,87,152
117000114,432,169,263
117000115,136,45,91
117000116,258,257,1
117000117,2435,1650,785
117000118,599,282,317
117000119,148,1264,-1116
117000120,125,2798,-2673
117000121,36,1893,-1857
117000122,1091,2258,-1167
117000123,3605,128,3477
117000124,109,296,-187
117000125,120,1326,-1206
117000126,48,25,23
117000127,153,749,-596
117000128,142,1964,-1822
117000129,305,2166,-1861
117000130,137,0,137
117000131,2,111,-109
117000132,6048,111,5937
117000133,4066,38,4028
117000134,1,212,-211
117000135,2,400,-398
117000136,0,63,-63
117000137,418,226,192
117000138,4,1308,-1304
117000140,461,875,-414
117000141,3563,666,2897
117000181,506,206,300
117000182,3349,1923,1426
117000195,198,965,-767
117000196,509,254,255
117000225,90,429,-339
117000226,7,477,-470
117000276,456,23,433
117000277,0,142,-142
117000310,1563,3119,-1556
117000315,316,1063,-747
117000320,81,0,81
117000906,882,33,849
117000907,9,180,-171
117000908,9,522,-513
117000909,120,89,31
117000910,408,190,218
117000911,65,173,-108
117000915,22,210,-188
117000916,90,11,79
117000917,2581,77,2504
117000918,255,83,172
117000919,37,39,-2
117000920,4,1068,-1064
117000921,0,377,-377
117000922,31,69,-38
117000924,1091,1039,52
117000926,978,778,200
117000927,282,1195,-913
117000928,0,164,-164
117000929,630,206,424
117000930,975,18,957
117000931,152,194,-42
117900002,72,1172,-1100
117900003,230,516,-286
117900005,9,347,-338
117900006,1,183,-182
117900007,246,102,144
117900008,0,24,-24
117900010,674,103,571
117900011,31,945,-914
117900012,140,75,65
117900013,3,285,-282
117900014,1000,237,763
117900015,33,101,-68
117900016,1013,1453,-440
117900017,1322,462,860
117900018,477,1724,-1247
117900019,1442,185,1257
117900020,73,486,-413
117900021,90,123,-33
117900022,45,8,37
117900023,4177,159,4018
117900024,137,93,44
117900025,34,7,27
117900026,892,162,730
117900028,48,1,47
117900029,656,619,37
117900030,661,402,259
117900031,297,1011,-714
117900032,1437,836,601
117900033,921,550,371
117900034,111,27,84
117900035,326,228,98
117900036,693,238,455
117900037,269,83,186
117900038,58,113,-55
117900039,2,46,-44
117900040,245,183,62
117900041,0,39,-39
117900042,3070,473,2597
117900043,1,30,-29
117900044,26,6806,-6780
117900045,400,188,212
117900048,478,150,328
117900049,502,280,222
117900050,12,1182,-1170
117900051,44,6,38
117900052,97,810,-713
117900053,2711,237,2474
117900054,2,17,-15
117900055,3401,475,2926
117900056,84,225,-141
117900057,1015,1031,-16
117900058,13,170,-157
117900059,152,129,23
117900060,4153,2286,1867
117900061,36,723,-687
117900063,878,209,669
117900065,414,1160,-746
117900066,14,142,-128
117900067,1612,183,1429
117900069,1735,197,1538
117900070,95,412,-317
117900071,251,139,112
117900073,1166,238,928
117900074,66,881,-815
117900075,176,73,103
117900076,59,173,-114
117900077,976,167,809
117900078,601,942,-341
117900080,379,54,325
117900081,261,321,-60
117900082,1037,549,488
117900083,988,345,643
117900086,326,57,269
117900087,261,33,228
117900088,1195,1439,-244
117900089,3511,871,2640
117900090,918,438,480
117900091,172,58,114
117900092,235,30,205
117900093,158,34,124
117900094,117,45,72
117900095,650,818,-168
117900096,225,486,-261
117900097,356,85,271
117900098,87,15,72
117900099,287,679,-392
117900100,909,4,905
117900101,1085,3609,-2524
117900102,142,50,92
117900103,106,16,90
117900104,6,332,-326
117900105,86,138,-52
117900106,210,74,136
117900107,100,0,100
117900109,1419,429,990
117900110,321,1,320
117900111,872,61,811
117900112,118,23,95
117900113,1476,3144,-1668
117900114,55,0,55
117900115,83,381,-298
117900116,927,691,236
117900117,1409,147,1262
117900118,229,2,227
117900119,340,54,286
117900120,910,51,859
117900121,163,223,-60
117900122,1217,8044,-6827
117900123,1525,414,1111
117900124,489,661,-172
117900125,2127,1719,408
117900126,192,368,-176
117900127,863,224,639
117900128,554,296,258
117900129,165,1,164
117900130,1103,523,580
117900131,3,81,-78
117900132,27,82,-55
117900133,52,68,-16
117900134,70,287,-217
117900135,22,110,-88
117900136,0,13,-13
117900137,120,194,-74
117900138,0,12,-12
117900139,126,129,-3
117900140,5260,419,4841
117900141,138,376,-238
117900142,28,643,-615
117900144,37,2125,-2088
117900145,23,268,-245
117900146,211,366,-155
117900147,174,136,38
117900148,4074,3828,246
117900149,136,149,-13
117900150,93,155,-62
117900151,64,163,-99
117900152,107,181,-74
117900153,12,229,-217
117900154,766,600,166
117900156,642,625,17
117900157,102,515,-413
117900158,518,203,315
117900160,1166,987,179
117900161,1291,1267,24
117900162,1366,610,756
117900163,22,954,-932
117900165,3,5,-2
117900166,75,531,-456
117900168,67,139,-72
117900169,0,55,-55
117900170,20,25,-5
117900171,4,16,-12
117900172,19,16,3
117900173,93,214,-121
117900174,24,66,-42
117900175,6,21,-15
117900176,24,10,14
117900177,30,17,13
117900178,132,25,107
117900180,293,85,208
117900181,58,798,-740
117900182,3,105,-102
117900183,134,168,-34
117900184,65,112,-47
117900185,92,33,59
117900186,103,15,88
117900187,37,9,28
117900188,317,62,255
117900189,136,37,99
117900190,24,2,22
117900191,145,1,144
117900192,417,0,417
117900193,9,73,-64
117900194,19,5,14
117900195,12,142,-130
117900196,31,36,-5
117900207,76,218,-142
117900208,30,17,13
117900209,235,83,152
117900210,216,178,38
117900211,15,96,-81
117900212,144,302,-158
117900213,117,5,112
117900214,7,29,-22
117900215,42,42,0
117900216,23,98,-75
117900217,81,520,-439
117900218,101,185,-84
117900219,3,269,-266
117900220,20,729,-709
117900222,316,112,204
117900223,159,394,-235
118000001,890,2637,-1747
118000002,661,1632,-971
118000003,2710,6146,-3436
118000004,1514,5998,-4484
118000005,5197,5179,18
118000006,4100,7114,-3014
118000007,6046,12621,-6575
118000008,1441,6515,-5074
118000009,1826,4552,-2726
118000010,5902,5672,230
118000011,2689,2409,280
118000012,1390,2345,-955
118000013,3230,2882,348
118000014,2340,1616,724
118000016,427,351,76
118000017,1372,640,732
118000018,580,368,212
118000019,1746,2860,-1114
118000020,789,4130,-3341
118000021,675,4302,-3627
118000022,1259,1165,94
118000023,512,475,37
118000024,690,1814,-1124
118000027,11067,11530,-463
118000029,630,1165,-535
118000032,252,3322,-3070
118000033,2713,7291,-4578
118000034,3831,4984,-1153
118000035,2583,3693,-1110
118000036,1144,1611,-467
118000037,1131,1954,-823
118000038,1195,174,1021
118000039,142,173,-31
118000040,2359,1796,563
118000041,4843,2014,2829
118000045,398,328,70
118000046,1138,2347,-1209
118000047,690,4885,-4195
118000048,1608,5614,-4006
118000051,1077,6127,-5050
118000052,501,2699,-2198
118000053,436,1223,-787
118000054,3891,1255,2636
118000055,3172,2164,1008
118000056,273,916,-643
118000057,334,521,-187
118000058,2311,6485,-4174
118000059,1867,3776,-1909
118000060,1863,760,1103
118000061,2005,1732,273
118000062,569,420,149
118000063,536,1494,-958
118000064,932,2112,-1180
118000065,2313,2216,97
118000066,2065,5426,-3361
118000067,567,716,-149
118000068,1124,12324,-11200
118000069,1608,1800,-192
118000070,7128,3333,3795
118000071,5120,13245,-8125
118000072,969,4435,-3466
118000073,647,1983,-1336
118000074,855,664,191
118000075,902,400,502
118000076,2497,9072,-6575
118000077,1415,2928,-1513
118000078,2478,4234,-1756
118000079,354,850,-496
118000080,665,1564,-899
118000081,1937,2745,-808
118000082,447,1775,-1328
118000083,1732,2581,-849
118000084,2716,3830,-1114
118000086,193,934,-741
118000087,5193,3391,1802
118000088,1384,2383,-999
118000089,4565,4502,63
118000090,1310,4815,-3505
118000091,1404,6297,-4893
118000092,1104,918,186
118000093,109,902,-793
118000096,772,984,-212
118000097,680,920,-240
118000098,347,339,8
118000099,1454,684,770
118000101,2736,582,2154
118000102,622,765,-143
118000107,3499,952,2547
118000108,927,5734,-4807
118000110,2,49,-47
118000111,2,143,-141
118000112,1247,6,1241
118000113,37,291,-254
118000114,1268,15,1253
118000115,36,6,30
118000116,15,0,15
118000117,791,1122,-331
118000118,1491,2643,-1152
118000119,1388,2582,-1194
118000120,1546,1760,-214
118000121,14,711,-697
118000122,772,311,461
118000123,52,309,-257
118000125,1153,1861,-708
118000126,800,3075,-2275
118000127,1623,1385,238
118000128,382,3002,-2620
118000129,2047,933,1114
118000130,2541,3286,-745
118000131,314,750,-436
118000132,4505,3640,865
118000133,1877,848,1029
118000135,801,1300,-499
118000136,187,1020,-833
118000137,725,177,548
118000138,602,418,184
118000139,792,110,682
118000140,5074,11496,-6422
118000141,4009,2041,1968
118000142,3981,2106,1875
118000143,4982,2276,2706
118000144,1076,558,518
118000145,1838,1535,303
118000146,1994,507,1487
118000147,1525,1292,233
118000148,883,1667,-784
118000149,1506,729,777
118000150,1101,298,803
118000151,1378,423,955
118000153,2863,1309,1554
118000154,1972,1560,412
118000155,4368,1599,2769
118000156,3621,4715,-1094
118000157,1044,534,510
118000158,385,574,-189
118000159,50,139,-89
118000160,1365,405,960
118000161,1105,381,724
118000162,1900,1245,655
118000163,1509,1405,104
118000164,2778,1896,882
118000168,736,1588,-852
118000169,1202,923,279
118000170,3839,3251,588
118000171,536,551,-15
118000172,126,160,-34
118000173,1173,2045,-872
118000175,341,409,-68
118000176,528,689,-161
118000177,544,919,-375
118000178,57,68,-11
118000179,926,1620,-694
118000180,1167,728,439
118000181,985,236,749
118000182,369,226,143
118000183,373,309,64
118000184,1900,546,1354
118000185,928,2578,-1650
118000186,695,1878,-1183
118000187,3356,533,2823
118000188,1358,113,1245
118000189,1327,470,857
118000190,10,8,2
118000191,17,22,-5
118000192,25,179,-154
118000193,16,222,-206
118000194,2328,979,1349
118000195,252,6234,-5982
118000196,181,735,-554
118000197,89,275,-186
118000198,497,2353,-1856
118000199,508,1494,-986
118000200,139,792,-653
118000201,208,1145,-937
118000202,68,385,-317
118000203,471,1582,-1111
118000204,76,876,-800
118000205,69,325,-256
118000206,351,336,15
118000207,1,60,-59
118000208,1796,1855,-59
118000209,3436,1129,2307
118000210,207,52,155
118000211,131,95,36
118000213,531,5928,-5397
118000214,434,1159,-725
118000215,543,112,431
118000216,7928,2231,5697
118000217,22,89,-67
118000218,124,71,53
118000219,399,330,69
118000220,10,48,-38
118000221,836,819,17
118000222,91,19,72
118000223,169,30,139
118000224,202,73,129
118000225,177,1783,-1606
118000226,1627,205,1422
118000227,1024,543,481
118000228,92,693,-601
118000229,54,578,-524
118000230,258,230,28
118000231,72,337,-265
118000232,1454,473,981
118000233,2032,899,1133
118000234,896,282,614
118000236,371,569,-198
118000237,214,372,-158
118000238,369,264,105
118000239,431,271,160
118000240,205,143,62
118000241,321,190,131
118000242,831,305,526
118000243,464,191,273
118000244,108,54,54
118000246,0,46,-46
118000255,70,354,-284
118000256,190,290,-100
118000259,28,101,-73
118000260,345,80,265
118000261,125,39,86
118000263,145,247,-102
118000266,205,290,-85
118000267,2,438,-436
118000268,270,19,251
118000270,172,9,163
118000271,321,199,122
118000272,94,40,54
118000273,444,68,376
118000274,112,284,-172
118000276,753,440,313
118000295,26,136,-110
118000298,190,183,7
118000299,103,94,9
118000301,0,109,-109
118000302,206,30,176
118000311,1600,78,1522
118000312,541,119,422
118000313,173,85,88
118000314,190,37,153
118000315,139,20,119
118000316,1554,555,999
118000325,167,41,126
118000326,84,30,54
118000331,35,16,19
118000332,22,38,-16
118000333,32,46,-14
118000335,899,2,897
118000336,0,153,-153
118000407,479,63,416
118000457,6,119,-113
118000465,864,3817,-2953
118000480,110,67,43
118000489,11,822,-811
118000490,12,183,-171
118000492,729,230,499
118000510,48,22,26
118000514,93,999,-906
118000515,724,1441,-717
118000517,677,211,466
118000524,285,757,-472
118000525,632,897,-265
118000530,75,274,-199
118000531,598,250,348
118000532,402,236,166
118000533,287,123,164
118000534,1045,453,592
118000535,575,150,425
118000536,94,887,-793
118000537,43,151,-108
118000538,16,103,-87
118000539,62,159,-97
118000540,228,203,25
118000541,98,131,-33
118000542,171,487,-316
118000543,305,431,-126
118000546,69,31,38
118000553,0,0,0
118000560,1565,3729,-2164
118000562,35,147,-112
118000563,1690,1178,512
118000576,217,51,166
118000577,149,150,-1
118000578,103,56,47
118000579,835,2592,-1757
118000583,0,0,0
118000595,365,109,256
118000596,0,673,-673
118000597,168,76,92
118000598,16,1,15
118000599,179,64,115
118000600,1,61,-60
118000601,51,1,50
118000602,1,8,-7
118000603,0,6,-6
118900001,564,1429,-865
118900002,856,1285,-429
118900003,878,23,855
118900004,75,41,34
118900005,122,11,111
118900006,345,7,338
118900007,4,0,4
118900008,1461,46,1415
118900009,117,132,-15
118900010,148,18,130
118900011,323,28,295
118900012,431,263,168
118900013,1042,563,479
118900015,504,78,426
118900016,18,8,10
118900017,53,324,-271
118900018,1520,44,1476
118900019,21,16,5
118900020,66,280,-214
118900021,216,740,-524
118900022,206,33,173
118900023,165,231,-66
118900024,181,200,-19
118900025,59,45,14
118900026,91,20,71
118900027,421,198,223
118900028,301,142,159
118900029,270,536,-266
118900030,1029,99,930
118900031,218,44,174
118900032,484,102,382
118900033,368,848,-480
118900034,318,44,274
118900035,205,73,132
118900036,1727,531,1196
118900037,306,755,-449
118900038,743,73,670
118900039,895,96,799
118900040,374,148,226
118900041,1000,232,768
118900042,207,102,105
118900045,340,219,121
118900046,603,501,102
118900047,448,502,-54
118900048,177,865,-688
118900049,86,51,35
118900050,103,8,95
118900051,59,187,-128
118900052,337,687,-350
118900053,44,138,-94
118900054,292,58,234
118900055,250,29,221
118900056,50,510,-460
118900057,1220,705,515
118900058,504,640,-136
118900059,25,147,-122
118900060,123,112,11
118900062,283,162,121
118900064,251,863,-612
118900065,77,150,-73
118900066,162,95,67
118900067,3340,6730,-3390
118900068,32,371,-339
118900069,873,282,591
118900071,6,24,-18
118900072,969,683,286
118900073,401,163,238
118900074,331,98,233
118900075,147,48,99
118900076,324,332,-8
118900077,430,209,221
118900078,6,1,5
118900079,104,139,-35
118900080,93,57,36
118900081,107,92,15
118900082,2514,286,2228
118900083,37,5,32
118900084,21,26,-5
118900085,743,499,244
118900086,66,245,-179
118900087,104,850,-746
118900088,4,4,0
118900089,32,25,7
118900090,701,183,518
118900091,97,392,-295
118900092,522,66,456
118900093,83,28,55
118900096,50,45,5
118900097,339,646,-307
118900099,84,206,-122
118900100,103,356,-253
118900101,325,269,56
118900102,32,98,-66
118900103,35,239,-204
118900104,405,119,286
118900105,327,96,231
118900107,166,56,110
118900108,196,99,97
118900110,1332,1503,-171
118900111,1301,470,831
118900112,249,347,-98
118900113,98,408,-310
118900114,18,237,-219
118900115,161,495,-334
118900116,120,166,-46
118900117,157,161,-4
118900118,365,281,84
118900119,299,219,80
118900120,174,448,-274
118900121,40,85,-45
118900122,11,1416,-1405
118900123,264,388,-124
118900124,187,178,9
118900126,71,553,-482
118900129,425,235,190
118900130,54,338,-284
118900131,560,196,364
118900132,422,231,191
118900133,7,188,-181
118900135,346,201,145
118900136,373,330,43
118900137,17,68,-51
118900139,418,231,187
118900140,694,445,249
118900141,179,63,116
118900144,240,216,24
118900145,65,87,-22
118900146,496,589,-93
118900147,122,602,-480
118900148,75,64,11
118900150,159,749,-590
118900152,792,636,156
118900157,66,307,-241
118900158,260,52,208
118900159,2,91,-89
118900161,87,22,65
118900163,91,97,-6
118900164,2,93,-91
118900165,133,72,61
118900166,34,4,30
118900167,176,80,96
118900168,31,353,-322
118900169,220,186,34
118900170,400,57,343
118900171,69,62,7
118900174,124,48,76
118900175,856,576,280
118900176,311,337,-26
118900177,126,43,83
118900178,127,119,8
118900179,9,23,-14
118900181,149,73,76
118900182,13,67,-54
118900183,25,249,-224
118900184,317,127,190
118900185,228,80,148
118900186,81,142,-61
118900187,192,472,-280
118900188,287,373,-86
118900189,66,953,-887
118900190,104,210,-106
118900191,644,22,622
118900192,489,26,463
118900193,1366,8,1358
118900195,189,464,-275
118900196,45,195,-150
118900197,413,27,386
118900198,31,6,25
118900199,161,16,145
118900200,32,35,-3
118900201,67,79,-12
118900202,16,45,-29
118900203,31,3,28
118900204,41,12,29
118900205,1,5,-4
118900206,13,6,7
119000001,2152,3994,-1842
119000002,5174,7178,-2004
119000003,5620,1007,4613
119000004,4005,2693,1312
119000005,3256,3714,-458
119000006,5413,2384,3029
119000007,5546,5006,540
119000008,2542,2350,192
119000009,4255,9336,-5081
119000010,4928,5496,-568
119000011,2718,3964,-1246
119000012,1312,4391,-3079
119000013,4396,2676,1720
119000014,1985,2850,-865
119000019,399,288,111
119000020,4238,2836,1402
119000021,9686,5697,3989
119000022,1703,6658,-4955
119000023,263,294,-31
119000024,2909,26155,-23246
119000025,4426,1388,3038
119000026,55,890,-835
119000027,196,434,-238
119000028,2238,618,1620
119000029,93,346,-253
119000030,826,1091,-265
119000031,1523,750,773
119000032,4050,2826,1224
119000033,3059,1333,1726
119000034,2212,898,1314
119000035,51,307,-256
119000036,3791,555,3236
119000037,2212,938,1274
119000038,300,414,-114
119000039,1017,578,439
119000040,1245,1307,-62
119000041,964,2023,-1059
119000048,3040,2102,938
119000049,3935,1919,2016
119000050,1875,1661,214
119000051,3136,1248,1888
119000052,3657,3396,261
119000053,2850,1449,1401
119000054,5011,1914,3097
119000055,9072,2774,6298
119000056,5361,2207,3154
119000057,2592,1346,1246
119000058,2635,1336,1299
119000059,1426,1397,29
119000060,2623,1128,1495
119000061,1522,813,709
119000062,1547,1313,234
119000063,1096,645,451
119000064,1123,1337,-214
119000065,1711,4446,-2735
119000066,3010,1612,1398
119000067,2685,1730,955
119000068,2672,1147,1525
119000069,2656,2017,639
119000070,4926,827,4099
119000071,751,695,56
119000072,6711,4282,2429
119000073,5301,14375,-9074
119000074,2401,1735,666
119000075,6056,2857,3199
119000076,314,2399,-2085
119000077,792,1283,-491
119000078,768,527,241
119000079,178,1400,-1222
119000080,1081,343,738
119000081,453,1643,-1190
119000082,1293,491,802
119000083,1043,670,373
119000084,509,677,-168
119000085,1379,149,1230
119000086,420,861,-441
119000087,1146,394,752
119000088,365,222,143
119000089,127,272,-145
119000090,166,100,66
119000091,124,286,-162
119000092,740,182,558
119000093,4760,2713,2047
119000094,5655,7238,-1583
119000095,3612,4416,-804
119000097,2165,1146,1019
119000098,1760,6549,-4789
119000099,2927,1250,1677
119000100,6976,4092,2884
119000101,4894,2313,2581
119000102,626,2148,-1522
119000103,1175,1020,155
119000104,1496,1068,428
119000105,1405,4308,-2903
119000106,564,667,-103
119000107,1954,801,1153
119000108,882,519,363
119000109,245,1586,-1341
119000110,438,1705,-1267
119000111,65,1536,-1471
119000112,289,417,-128
119000113,1586,658,928
119000114,2536,2007,529
119000115,162,247,-85
119000116,116,134,-18
119000117,204,499,-295
119000118,6,0,6
119000123,3426,4706,-1280
119000124,1559,208,1351
119000125,7327,595,6732
119000126,2669,548,2121
119000127,1355,331,1024
119000128,15,3,12
119000131,1711,245,1466
119000132,2,1,1
119000133,1,12,-11
119000134,1557,725,832
119000135,273,437,-164
119000136,600,78,522
119000137,413,179,234
119000138,1399,107,1292
119000139,351,85,266
119000140,539,517,22
119000284,1292,2529,-1237
119000285,2101,1665,436
119000286,4749,3894,855
119000287,1816,1822,-6
119000288,2840,1087,1753
119000289,1579,3487,-1908
119000290,364,295,69
119000291,72,219,-147
119000293,190,218,-28
119000294,80,52,28
119000295,1813,274,1539
119000296,365,248,117
119000299,0,0,0
119000302,2010,1616,394
119000303,32,328,-296
119000314,1918,19369,-17451
119000315,0,157,-157
119000316,409,102,307
119000317,214,115,99
119900001,230,2115,-1885
119900002,399,362,37
119900003,26,410,-384
119900004,204,3339,-3135
119900005,409,98,311
119900006,228,537,-309
119900007,954,358,596
119900008,65,101,-36
119900009,741,454,287
119900010,1010,1887,-877
119900011,50,441,-391
119900012,30,279,-249
119900013,2530,2632,-102
119900014,578,366,212
119900015,444,82,362
119900016,76,84,-8
119900017,68,54,14
119900018,1166,1787,-621
119900019,103,19,84
119900020,153,145,8
119900021,378,82,296
119900022,128,1599,-1471
119900023,482,4060,-3578
119900025,578,52,526
119900026,655,224,431
119900027,23,33,-10
119900028,376,408,-32
119900029,10,5,5
119900030,801,409,392
119900031,145,1260,-1115
119900033,1919,363,1556
119900034,1272,52,1220
119900037,213,16,197
119900038,70,765,-695
119900039,75,46,29
119900040,179,24,155
119900041,351,20,331
119900042,166,293,-127
119900043,219,279,-60
119900044,270,1363,-1093
119900046,352,21,331
119900047,767,337,430
119900048,88,11,77
119900049,244,4,240
119900050,303,388,-85
119900051,1260,24,1236
119900052,177,20,157
119900053,527,129,398
119900054,509,11,498
119900055,2107,548,1559
119900057,481,31,450
119900058,694,12,682
119900059,201,44,157
119900060,494,91,403
119900062,179,5,174
119900063,30,73,-43
119900065,331,5,326
119900066,0,1,-1
119900067,267,21,246
119900068,1036,3,1033
119900069,210,50,160
119900070,1755,9,1746
119900071,1389,69,1320
119900073,1347,454,893
119900074,33,59,-26
119900075,2004,2249,-245
119900076,2143,429,1714
119900077,1830,417,1413
119900078,1207,781,426
119900079,939,104,835
119900080,2727,1017,1710
119900081,1033,13,1020
119900082,3722,477,3245
119900083,488,119,369
119900084,736,601,135
119900085,65,47,18
119900087,514,1125,-611
119900088,62,34,28
119900089,95,202,-107
119900090,81,32,49
119900091,95,213,-118
119900092,48,320,-272
119900093,2499,315,2184
119900094,37,189,-152
119900095,143,77,66
119900096,35,113,-78
119900097,295,234,61
119900098,52,52,0
119900099,37,185,-148
119900100,704,3551,-2847
119900101,161,2932,-2771
119900102,92,145,-53
119900103,106,166,-60
119900104,60,144,-84
119900105,1205,7797,-6592
119900106,11,105,-94
119900107,274,1255,-981
119900108,6950,784,6166
119900109,47,110,-63
119900110,1138,346,792
119900111,190,105,85
119900112,711,962,-251
119900113,82,215,-133
119900114,436,622,-186
119900115,720,398,322
119900116,263,708,-445
119900117,585,333,252
119900118,214,227,-13
119900119,525,175,350
119900120,655,411,244
119900121,786,425,361
119900122,109,203,-94
119900123,236,457,-221
119900124,375,352,23
119900125,59,239,-180
119900126,3833,238,3595
119900127,895,629,266
119900128,723,393,330
119900129,553,170,383
119900130,24,123,-99
119900131,59,109,-50
119900132,28,120,-92
119900133,279,143,136
119900134,698,139,559
119900135,0,243,-243
119900136,151,245,-94
119900138,207,342,-135
119900139,66,235,-169
119900140,3,148,-145
119900141,49,1331,-1282
119900142,26,39,-13
119900143,46,516,-470
119900144,1132,232,900
119900145,117,133,-16
119900146,191,206,-15
119900147,3,301,-298
119900148,581,53,528
119900149,571,8566,-7995
119900150,188,115,73
119900151,2535,1102,1433
119900152,377,167,210
119900153,430,82,348
119900154,45,139,-94
119900155,79,37,42
119900156,13,7,6
119900157,338,165,173
119900158,460,56,404
119900159,5,348,-343
119900160,66,83,-17
119900161,195,176,19
119900162,1724,1041,683
119900163,92,200,-108
119900164,3,4,-1
119900165,333,115,218
119900166,137,57,80
119900167,16,84,-68
119900168,2045,345,1700
119900169,61,449,-388
119900170,143,338,-195
119900171,1161,447,714
119900172,81,38,43
119900173,19,159,-140
119900174,11,129,-118
119900175,2936,351,2585
119900177,37,120,-83
119900178,26,104,-78
119900179,323,1323,-1000
119900180,1712,982,730
119900181,49,162,-113
119900182,13,202,-189
119900183,176,635,-459
119900184,864,442,422
119900185,88,433,-345
119900186,18,2143,-2125
119900187,14,281,-267
119900188,302,434,-132
119900189,236,431,-195
119900190,150,536,-386
119900191,230,608,-378
119900192,91,182,-91
119900193,847,167,680
119900194,59,86,-27
119900195,81,192,-111
119900196,368,151,217
119900197,537,278,259
119900198,295,370,-75
119900199,252,40,212
119900200,1062,761,301
119900201,306,216,90
119900202,99,416,-317
119900203,195,822,-627
119900204,537,412,125
119900205,1599,299,1300
119900206,566,227,339
119900208,199,224,-25
119900209,900,3032,-2132
119900210,80,27,53
119900211,130,14,116
119900212,445,313,132
119900213,18,79,-61
119900214,127,26,101
119900215,96,35,61
119900216,46,29,17
119900217,23,19,4
119900218,52,155,-103
119900219,22,73,-51
119900220,17,23,-6
119900221,78,89,-11
119900222,28,76,-48
119900223,25,33,-8
119900224,23,11,12
119900225,364,30,334
119900226,263,2656,-2393
119900227,369,289,80
119900228,33,363,-330
119900229,174,324,-150
119900230,1349,325,1024
119900231,536,102,434
119900232,224,173,51
119900233,129,16,113
119900234,15,281,-266
119900235,5,56,-51
119900236,35,155,-120
119900237,138,754,-616
119900238,5,96,-91
119900240,120,107,13
119900241,238,159,79
119900242,1973,2035,-62
119900244,671,1202,-531
119900245,312,291,21
119900246,229,791,-562
119900247,23,102,-79
119900248,72,533,-461
119900249,600,172,428
119900253,1556,448,1108
119900254,109,1724,-1615
119900255,253,1647,-1394
119900256,1553,521,1032
119900257,159,6,153
119900258,629,56,573
119900259,15,42,-27
119900260,395,23,372
119900261,863,493,370
119900262,2,136,-134
119900263,2180,333,1847
119900264,284,54,230
119900265,1243,220,1023
119900266,684,197,487
119900267,242,268,-26
119900268,311,103,208
119900269,3563,544,3019
119900271,66,152,-86
119900272,305,533,-228
119900275,231,39,192
119900276,187,14,173
119900277,23,19,4
119900278,510,160,350
119900279,141,371,-230
119900280,623,120,503
119900281,5,570,-565
119900282,66,228,-162
119900283,56,117,-61
119900284,93,162,-69
119900285,5,145,-140
119900286,1,17,-16
119900288,9,10,-1
119900289,1,12,-11
119900290,4,0,4
119900291,5,75,-70
119900292,75,49,26
119900293,24,9,15
119900294,38,2,36
119900295,0,0,0
119900296,0,0,0
119900299,118,115,3
119900300,430,363,67
119900301,85,245,-160
119900302,75,319,-244
119900303,565,421,144
119900304,363,7,356
119900305,12,87,-75
119900306,47,8,39
119900307,82,45,37
119900308,6,13,-7
119900309,50,415,-365
119900310,439,294,145
119900311,260,42,218
119900312,277,112,165
119900313,399,198,201
119900314,391,637,-246
119900315,2629,999,1630
119900318,21,128,-107
119900319,269,169,100
119900320,378,360,18
119900321,210,25,185
119900322,5,56,-51
119900323,2,92,-90
119900324,0,25,-25
119900325,176,70,106
119900326,35,40,-5
120000001,11599,40654,-29055
120000002,3391,3089,302
120000003,2973,1708,1265
120000004,3459,1408,2051
120000005,2835,1816,1019
120000006,1716,1080,636
120000007,3420,6348,-2928
120000008,1099,1446,-347
120000009,1742,996,746
120000010,2751,2779,-28
120000011,1496,1440,56
120000012,2162,2263,-101
120000013,5083,3477,1606
120000014,1060,1647,-587
120000015,3565,1890,1675
120000016,6077,2745,3332
120000017,6986,5401,1585
120000018,4074,24697,-20623
120000019,1577,2227,-650
120000020,3586,5172,-1586
120000021,2582,3355,-773
120000022,3472,5061,-1589
120000023,2093,2447,-354
120000024,1522,3511,-1989
120000025,4293,2175,2118
120000026,5098,2536,2562
120000027,3785,3080,705
120000028,1416,5468,-4052
120000029,1226,4597,-3371
120000030,258,1372,-1114
120000031,2975,7546,-4571
120000032,6026,3783,2243
120000033,5899,1803,4096
120000034,4534,1365,3169
120000035,5335,2403,2932
120000036,5457,7654,-2197
120000037,907,2701,-1794
120000038,7780,4380,3400
120000039,1352,1462,-110
120000040,146,2651,-2505
120000041,770,1658,-888
120000042,2819,1626,1193
120000043,7058,1099,5959
120000044,9265,1909,7356
120000045,12585,1093,11492
120000046,7340,5076,2264
120000047,615,14945,-14330
120000048,9255,5711,3544
120000049,5247,4173,1074
120000050,4887,5869,-982
120000051,3088,5483,-2395
120000052,8843,1501,7342
120000053,1843,1807,36
120000054,1848,2875,-1027
120000055,2047,3695,-1648
120000056,7111,4531,2580
120000057,6708,2029,4679
120000058,1867,2914,-1047
120000059,20,2423,-2403
120000061,189,719,-530
120000062,218,528,-310
120000063,975,2125,-1150
120000064,473,859,-386
120000065,641,1130,-489
120000066,442,505,-63
120000067,28,341,-313
120000068,328,348,-20
120000069,974,496,478
120000070,266,469,-203
120000071,1360,66,1294
120000072,1668,504,1164
120000073,1559,118,1441
120000074,124,214,-90
120000075,1886,788,1098
120000076,4115,572,3543
120000077,3917,950,2967
120000078,3983,1519,2464
120000079,403,222,181
120000080,271,301,-30
120000081,563,142,421
120000082,363,315,48
120000083,141,1145,-1004
120000084,494,495,-1
120000085,310,464,-154
120000086,308,331,-23
120000087,472,337,135
120000088,1072,1045,27
120000089,1583,518,1065
120000090,1546,480,1066
120000091,1759,834,925
120000092,1877,525,1352
120000093,1395,707,688
120000094,394,1338,-944
120000095,1222,414,808
120000096,510,470,40
120000098,1579,466,1113
120000099,599,684,-85
120000100,1127,759,368
120000101,1115,597,518
120000102,1338,1512,-174
120000103,2239,1448,791
120000104,3719,642,3077
120000105,5149,685,4464
120000106,4744,716,4028
120000107,9303,767,8536
120000108,3120,148,2972
120000109,1892,83,1809
120000110,65,700,-635
120000111,138,629,-491
120000112,801,1483,-682
120000113,653,1252,-599
120000114,654,1468,-814
120000115,508,1383,-875
120000116,656,1325,-669
120000117,621,1100,-479
120000118,64,62,2
120000119,58,38,20
120000120,241,302,-61
120000121,12,47,-35
120000122,312,1256,-944
120000123,2950,14397,-11447
120000124,725,626,99
120000125,1529,598,931
120000126,467,2590,-2123
120000127,1345,2587,-1242
120000128,2644,6698,-4054
120000129,279,277,2
120000130,1285,725,560
120000131,931,868,63
120000134,477,348,129
120000135,1808,840,968
120000137,410,354,56
120000138,2991,217,2774
120000139,536,296,240
120000140,2114,256,1858
120000141,593,685,-92
120000142,1523,436,1087
120000143,1,80,-79
120000144,282,6,276
120000145,1309,12,1297
120000146,1245,1910,-665
120000149,778,843,-65
120000150,2507,15078,-12571
120000151,758,512,246
120000152,1508,148,1360
120000153,987,531,456
120000154,1113,966,147
120000155,310,563,-253
120000156,428,3370,-2942
120000157,1638,716,922
120000158,1684,750,934
120000159,2338,2268,70
120000160,3187,2449,738
120000161,4936,3113,1823
120000162,183,466,-283
120000163,1307,703,604
120000164,1311,214,1097
120000165,1248,410,838
120000166,2345,322,2023
120000167,664,760,-96
120000168,33,2356,-2323
120000169,135,4245,-4110
120000170,42,4365,-4323
120000171,32,1765,-1733
120000172,18,767,-749
120000173,351,4399,-4048
120000174,74,83,-9
120000175,43,155,-112
120000176,55,105,-50
120000177,940,201,739
120000178,28,58,-30
120000179,100,133,-33
120000180,154,196,-42
120000181,277,4763,-4486
120000182,135,2049,-1914
120000183,8,1332,-1324
120000184,341,2985,-2644
120000186,45,2386,-2341
120000187,39,1372,-1333
120000188,50,1808,-1758
120000190,141,158,-17
120000191,190,200,-10
120000192,180,40,140
120000193,58,8,50
120000195,28,7,21
120000196,61,20,41
120000197,27,21,6
120000198,488,24,464
120000199,633,1,632
120000200,470,1,469
120000201,68,88,-20
120000202,12,73,-61
120000203,263,129,134
120000207,1,46,-45
120000208,28,46,-18
120000209,9,29,-20
120000210,92,55,37
120000211,497,4,493
120000212,494,2,492
120000213,421,135,286
120000214,2,173,-171
120000215,2,109,-107
120000216,379,33,346
120000217,370,1052,-682
120000218,63,532,-469
120000219,6,328,-322
120000220,7,806,-799
120000225,3877,12,3865
120000226,954,14,940
120000227,1591,271,1320
120000228,19604,6463,13141
120000230,905,43,862
120000231,3174,1030,2144
120000233,829,8,821
120000235,499,407,92
120000236,2336,7,2329
120000237,0,748,-748
120000238,2,1542,-1540
120000241,1756,6374,-4618
120000412,402,7,395
120000413,788,144,644
120000414,446,2,444
120000415,1,20,-19
120000416,218,4,214
120000417,18,153,-135
120000418,478,32,446
120000419,23,129,-106
120000420,71,16,55
120000421,8530,5130,3400
120000422,146,3197,-3051
120000423,6,123,-117
120000424,340,94,246
120000436,155,1615,-1460
120000437,81,145,-64
120000438,1742,303,1439
120000439,403,1169,-766
120000443,221,0,221
120000444,2645,425,2220
120000445,3680,1621,2059
120000446,1904,206,1698
120000447,450,2,448
120000449,421,4,417
120000450,11,123,-112
120000451,174,233,-59
120000452,640,1,639
120000453,0,53,-53
120000454,86,97,-11
120000455,202,59,143
120000456,4380,7547,-3167
120000457,507,435,72
120000458,518,447,71
120000459,231,101,130
120000665,288,518,-230
120000668,182,7154,-6972
120000669,302,204,98
120000670,96,3167,-3071
120000671,4168,1326,2842
120000672,89,661,-572
120900001,112,76,36
120900002,219,1192,-973
120900003,330,27,303
120900004,28,285,-257
120900005,253,506,-253
120900006,1131,470,661
120900007,378,124,254
120900008,1290,1069,221
120900009,667,41,626
120900010,1155,287,868
120900011,107,406,-299
120900012,69,2084,-2015
120900013,614,220,394
120900014,2,452,-450
120900015,1475,179,1296
120900016,2832,112,2720
120900017,2644,121,2523
120900018,328,270,58
120900019,832,686,146
120900020,757,1425,-668
120900021,1062,289,773
120900022,20,286,-266
120900023,628,80,548
120900024,2396,589,1807
120900025,1382,1324,58
120900026,172,239,-67
120900027,962,23,939
120900028,970,308,662
120900029,68,1512,-1444
120900030,3861,1072,2789
120900031,559,173,386
120900032,2271,89,2182
120900033,2358,193,2165
120900034,39,5755,-5716
120900035,139,149,-10
120900037,676,37,639
120900038,279,807,-528
120900039,188,85,103
120900040,894,8,886
120900041,46,17,29
120900042,1179,56,1123
120900043,154,77,77
120900044,10,758,-748
120900045,166,43,123
120900046,1053,20,1033
120900047,410,372,38
120900048,459,80,379
120900049,1245,6,1239
120900050,1367,3898,-2531
120900051,708,109,599
120900052,1567,7,1560
120900053,847,49,798
120900054,1129,337,792
120900055,1117,17,1100
120900056,1802,66,1736
120900057,509,35,474
120900058,1270,5,1265
120900059,255,8,247
120900060,122,32,90
120900061,388,197,191
120900062,645,27,618
120900063,2001,24,1977
120900064,1481,2,1479
120900065,1408,4,1404
120900066,1029,181,848
120900067,442,183,259
120900068,751,1,750
120900069,821,17,804
120900071,157,3,154
120900072,2160,16,2144
120900073,1599,39,1560
120900074,1451,34,1417
120900076,816,0,816
120900077,1666,394,1272
120900078,1410,302,1108
120900079,2039,101,1938
120900080,1941,533,1408
120900081,2751,381,2370
120900082,344,596,-252
120900083,126,3,123
120900084,998,937,61
120900085,77,157,-80
120900086,73,1072,-999
120900087,664,457,207
120900088,285,1201,-916
120900089,1911,5585,-3674
120900090,495,18,477
120900091,570,1346,-776
120900092,321,297,24
120900093,1322,159,1163
120900094,232,212,20
120900095,587,34,553
120900096,117,259,-142
120900097,988,565,423
120900098,118,184,-66
120900099,120,54,66
120900100,131,294,-163
120900101,194,189,5
120900102,93,106,-13
120900103,212,354,-142
120900104,17,70,-53
120900105,70,380,-310
120900106,546,208,338
120900107,126,141,-15
120900108,31,260,-229
120900109,48,278,-230
120900110,20,295,-275
120900111,169,333,-164
120900112,69,315,-246
120900113,40,369,-329
120900114,74,145,-71
120900115,182,360,-178
120900116,975,228,747
120900117,22,168,-146
120900118,23,253,-230
120900119,17591,3866,13725
120900120,97,436,-339
120900121,60,383,-323
120900122,1526,194,1332
120900123,21,162,-141
120900124,1,179,-178
120900125,10,411,-401
120900126,612,679,-67
120900127,37,178,-141
120900128,513,816,-303
120900129,21,159,-138
120900130,66,375,-309
120900131,230,199,31
120900132,1896,194,1702
120900133,31,445,-414
120900134,189,274,-85
120900135,5,333,-328
120900136,108,282,-174
120900137,733,123,610
120900138,18,175,-157
120900139,3,325,-322
120900140,7,255,-248
120900141,542,244,298
120900142,11,145,-134
120900143,3,287,-284
120900144,0,67,-67
120900145,180,506,-326
120900146,2,262,-260
120900147,13,353,-340
120900148,276,120,156
120900149,0,116,-116
120900150,159,196,-37
120900151,0,153,-153
120900152,43,13,30
120900153,0,0,0
120900154,0,94,-94
120900155,364,345,19
120900156,217,157,60
120900157,6,6,0
120900158,91,206,-115
120900159,29,38,-9
120900160,55,440,-385
120900161,194,470,-276
120900162,70,1241,-1171
120900163,301,4386,-4085
120900164,0,95,-95
120900165,4,429,-425
120900166,68,1367,-1299
120900167,285,96,189
120900169,238,190,48
120900170,354,6787,-6433
120900171,417,228,189
120900172,184,5108,-4924
120900173,2,39,-37
120900174,10,121,-111
120900175,212,121,91
120900176,110,589,-479
120900177,4,2919,-2915
120900178,2,1116,-1114
120900179,241,398,-157
120900180,61,368,-307
120900181,60,52,8
120900182,36,151,-115
120900183,708,80,628
120900184,308,102,206
120900185,2135,2451,-316
120900186,1,169,-168
120900187,1029,1114,-85
120900188,518,19,499
120900189,128,5662,-5534
120900190,351,5,346
120900191,136,18,118
120900192,5781,21123,-15342
120900194,172,229,-57
120900195,132,284,-152
120900196,792,27,765
120900197,1176,289,887
120900198,205,431,-226
120900199,627,661,-34
120900200,40,193,-153
120900201,225,110,115
120900202,1,107,-106
120900203,58,144,-86
120900204,96,232,-136
120900205,89,40,49
120900206,114,74,40
120900207,87,895,-808
121000001,845,2552,-1707
121000002,3352,3034,318
121000003,6482,2612,3870
121000004,3039,4871,-1832
121000005,2284,3348,-1064
121000006,4712,4403,309
121000007,2761,8263,-5502
121000008,5441,8702,-3261
121000009,5003,11277,-6274
121000010,8914,9760,-846
121000011,8271,15470,-7199
121000012,16373,9918,6455
121000013,8182,9498,-1316
121000014,7793,6637,1156
121000015,6636,12040,-5404
121000016,5474,5917,-443
121000017,3585,2310,1275
121000018,5144,2702,2442
121000019,10175,9930,245
121000020,14096,20568,-6472
121000021,2905,2458,447
121000022,4008,4927,-919
121000023,3553,1516,2037
121000024,6711,6543,168
121000025,573,2022,-1449
121000026,510,229,281
121000027,2332,2118,214
121000028,1354,1301,53
121000029,1231,843,388
121000030,1043,758,285
121000031,635,1160,-525
121000032,292,264,28
121000034,526,620,-94
121000035,291,336,-45
121000036,1337,1559,-222
121000037,773,2325,-1552
121000038,437,1591,-1154
121000039,303,495,-192
121000041,782,761,21
121000042,313,522,-209
121000043,730,1000,-270
121000044,1739,1674,65
121000045,700,342,358
121000046,1287,1280,7
121000047,68,115,-47
121000049,1228,1024,204
121000050,361,3050,-2689
121000051,790,428,362
121000052,797,1800,-1003
121000053,477,259,218
121000054,69,763,-694
121000055,1099,4734,-3635
121000056,1390,1998,-608
121000057,282,963,-681
121000058,327,278,49
121000059,4677,1869,2808
121000060,803,1750,-947
121000061,108,569,-461
121000062,253,1081,-828
121000063,1183,1839,-656
121000064,1122,1707,-585
121000065,267,1562,-1295
121000066,968,2209,-1241
121000067,487,1126,-639
121000068,619,823,-204
121000069,183,1907,-1724
121000070,1789,2085,-296
121000071,2390,2956,-566
121000072,1437,1753,-316
121000073,1592,2354,-762
121000074,93,399,-306
121000075,16,270,-254
121000076,447,430,17
121000077,203,238,-35
121000078,125,360,-235
121000080,2889,815,2074
121000081,5678,5663,15
121000082,174,606,-432
121000083,98,217,-119
121000084,255,409,-154
121000085,550,729,-179
121000086,1481,759,722
121000087,111,362,-251
121000088,1030,851,179
121000089,242,955,-713
121000090,273,641,-368
121000091,1611,1296,315
121000092,407,97,310
121000093,444,356,88
121000094,553,1477,-924
121000095,213,1585,-1372
121000096,8203,3955,4248
121000097,690,4107,-3417
121000098,935,636,299
121000099,1192,806,386
121000100,1498,207,1291
121000101,640,220,420
121000102,506,190,316
121000103,309,157,152
121000104,317,75,242
121000105,585,192,393
121000106,495,235,260
121000107,2451,3609,-1158
121000109,1587,1073,514
121000110,256,965,-709
121000114,6491,3460,3031
121000115,5958,1098,4860
121000116,585,1997,-1412
121000117,354,396,-42
121000118,2502,434,2068
121000119,550,415,135
121000120,803,465,338
121000121,644,2408,-1764
121000123,1317,580,737
121000126,72,610,-538
121000127,235,156,79
121000128,1575,289,1286
121000129,1488,373,1115
121000130,905,768,137
121000131,1575,1370,205
121000132,978,1833,-855
121000135,475,831,-356
121000136,1099,2056,-957
121000137,1195,605,590
121000138,819,2514,-1695
121000139,366,921,-555
121000141,366,401,-35
121000142,874,1057,-183
121000143,229,37,192
121000144,619,1409,-790
121000145,981,1242,-261
121000146,1580,2300,-720
121000147,1662,1091,571
121000148,1381,1238,143
121000149,3275,4349,-1074
121000152,545,493,52
121000153,2259,748,1511
121000154,2400,864,1536
121000155,4004,1711,2293
121000156,589,1907,-1318
121000157,1164,2176,-1012
121000158,370,395,-25
121000159,327,519,-192
121000160,464,527,-63
121000161,425,507,-82
121000162,285,166,119
121000165,1818,2801,-983
121000166,33,601,-568
121000168,822,377,445
121000169,142,216,-74
121000170,469,119,350
121000171,84,323,-239
121000172,1756,1625,131
121000173,2466,2618,-152
121000174,1055,1158,-103
121000175,2793,938,1855
121000176,675,456,219
121000177,1036,899,137
121000178,82,120,-38
121000179,35,64,-29
121000181,612,579,33
121000182,284,623,-339
121000183,152,301,-149
121000184,59,380,-321
121000185,56,600,-544
121000186,455,1257,-802
121000187,454,101,353
121000188,498,102,396
121000192,1165,734,431
121000193,1184,479,705
121000194,2530,2601,-71
121000195,336,1870,-1534
121000196,957,655,302
121000197,158,2898,-2740
121000198,205,500,-295
121000199,234,518,-284
121000200,1002,334,668
121000201,22,306,-284
121000202,867,373,494
121000203,1047,2815,-1768
121000204,4808,1146,3662
121000205,122,624,-502
121000206,141,188,-47
121000207,3311,1003,2308
121000208,6,263,-257
121000209,1154,94,1060
121000210,1125,377,748
121000211,720,236,484
121000212,736,528,208
121000213,25605,4730,20875
121000214,1357,3164,-1807
121000215,1094,3308,-2214
121000216,798,1111,-313
121000217,5065,5120,-55
121000218,570,3355,-2785
121000219,2325,1353,972
121000220,237,113,124
121000221,274,877,-603
121000222,5474,4898,576
121000223,252,1665,-1413
121000224,122,995,-873
121000225,747,6141,-5394
121000226,1330,2355,-1025
121000227,20,197,-177
121000228,32,945,-913
121000229,742,803,-61
121000230,89,3682,-3593
121000231,2251,45,2206
121000232,804,510,294
121000233,804,468,336
121000234,11,78,-67
121000235,72,77,-5
121000236,12,96,-84
121000237,19,38,-19
121000238,24,142,-118
121000239,116,10,106
121000240,9,230,-221
121000241,133,22,111
121000242,76,727,-651
121000243,244,137,107
121000244,10,83,-73
121000245,25,26,-1
121000246,2,149,-147
121000247,212,6,206
121000248,633,1710,-1077
121000249,66,401,-335
121000250,794,443,351
121000251,38,306,-268
121000252,230,165,65
121000253,503,496,7
121000254,1302,255,1047
121000255,203,415,-212
121000256,442,340,102
121000257,31,225,-194
121000258,81,208,-127
121000259,37,104,-67
121000260,47,107,-60
121000261,146,164,-18
121000262,2736,624,2112
121000263,794,541,253
121000271,1698,2679,-981
121000273,51,17,34
121000274,22,187,-165
121000275,3,21,-18
121000276,20,65,-45
121000278,81,65,16
121000279,55,59,-4
121000280,42,60,-18
121000289,626,22,604
121000290,2593,2368,225
121000294,395,25,370
121000297,437,1524,-1087
121000299,160,2799,-2639
121000300,2634,1316,1318
121000302,26,1118,-1092
121000303,754,335,419
121000304,608,126,482
121000305,365,168,197
121000306,324,388,-64
121000308,131,407,-276
121000309,352,521,-169
121000310,162,370,-208
121000311,95,531,-436
121000312,831,775,56
121000313,430,454,-24
121000314,52,98,-46
121000315,24,71,-47
121000530,2761,2978,-217
121000531,2767,2157,610
121000532,8524,9526,-1002
121000533,4367,5868,-1501
121000918,41,69,-28
121000919,20,136,-116
121000938,123,171,-48
121000939,54,320,-266
121000956,2535,2120,415
121000957,2,59,-57
121000958,9,310,-301
121000959,2018,424,1594
121000960,2450,1593,857
121000961,492,114,378
121000962,1160,629,531
121000963,0,0,0
121000973,8,337,-329
121000976,13,164,-151
121000979,841,243,598
121000981,492,160,332
121000982,450,247,203
121000983,717,242,475
121000984,8,142,-134
121000985,1385,446,939
121000986,792,157,635
121000987,283,656,-373
121000988,1665,194,1471
121001302,347,184,163
121001308,3,130,-127
121001309,34,491,-457
121001313,331,57,274
121001314,2242,2517,-275
121001315,8014,5780,2234
121900001,314,545,-231
121900002,26,67,-41
121900003,587,23,564
121900004,82,842,-760
121900005,43,15,28
121900006,204,16,188
121900007,3004,2539,465
121900008,71,450,-379
121900009,1839,62,1777
121900010,333,2,331
121900011,418,258,160
121900012,14,0,14
121900013,320,81,239
121900014,3561,480,3081
121900015,187,253,-66
121900016,4,47,-43
121900017,1178,1433,-255
121900018,777,15,762
121900019,903,303,600
121900020,76,4,72
121900021,1311,28,1283
121900022,452,388,64
121900023,285,597,-312
121900024,699,52,647
121900025,866,669,197
121900026,473,150,323
121900027,664,423,241
121900028,292,19,273
121900029,185,434,-249
121900030,583,821,-238
121900031,1773,9185,-7412
121900032,268,134,134
121900033,213,545,-332
121900034,453,228,225
121900035,7640,5428,2212
121900036,208,679,-471
121900037,199,1684,-1485
121900038,165,180,-15
121900039,319,59,260
121900040,77,147,-70
121900041,111,514,-403
121900042,571,316,255
121900043,1,7,-6
121900044,65,63,2
121900046,301,388,-87
121900047,348,139,209
121900048,156,131,25
121900050,47,182,-135
121900051,229,475,-246
121900052,244,69,175
121900053,742,426,316
121900054,462,2214,-1752
121900055,20,19,1
121900058,566,580,-14
121900059,602,284,318
121900060,162,894,-732
121900061,243,235,8
121900062,159,126,33
121900063,2247,851,1396
121900064,578,918,-340
121900066,148,30,118
121900067,102,41,61
121900069,266,255,11
121900070,152,412,-260
121900071,1143,490,653
121900072,85,177,-92
121900073,288,591,-303
121900074,433,924,-491
121900075,411,1369,-958
121900076,676,1460,-784
121900077,68,17,51
121900078,296,47,249
121900079,0,1,-1
121900080,1411,510,901
121900082,131,158,-27
121900084,40,32,8
121900085,2,24,-22
121900086,64,53,11
121900087,123,232,-109
121900088,1774,3575,-1801
121900089,500,254,246
121900090,84,37,47
121900091,161,24,137
121900092,265,127,138
121900093,113,138,-25
121900094,24,16,8
121900095,526,205,321
121900096,1687,1109,578
121900097,1256,264,992
121900098,16,0,16
121900099,441,50,391
121900100,55,384,-329
121900101,139,192,-53
121900102,1,203,-202
121900103,649,455,194
121900104,3200,701,2499
121900105,426,276,150
121900106,9,18,-9
121900107,157,49,108
121900108,1,24,-23
121900109,328,282,46
121900110,1154,698,456
121900111,721,426,295
121900112,178,427,-249
121900113,106,691,-585
121900114,88,103,-15
121900117,238,385,-147
121900118,3649,1049,2600
121900119,329,88,241
121900120,95,1400,-1305
121900121,746,45,701
121900122,79,79,0
121900123,371,483,-112
121900124,379,217,162
121900125,4301,2121,2180
121900127,13,175,-162
121900128,129,88,41
121900129,223,224,-1
121900130,152,507,-355
121900131,478,139,339
121900132,129,89,40
121900133,14,839,-825
121900134,23,837,-814
121900135,6944,798,6146
121900136,703,537,166
121900137,64,525,-461
121900138,135,353,-218
121900139,415,6193,-5778
121900140,84,288,-204
121900141,95,58,37
121900142,221,61,160
121900143,39,237,-198
121900144,233,1250,-1017
121900145,358,512,-154
121900146,634,1063,-429
121900147,70,522,-452
121900148,387,560,-173
121900149,478,590,-112
121900150,62,270,-208
121900151,115,624,-509
121900152,227,114,113
121900153,15,389,-374
121900154,15,564,-549
121900155,4,364,-360
121900156,172,356,-184
121900157,8,576,-568
121900158,91,223,-132
121900159,1,358,-357
121900160,54,637,-583
121900161,296,873,-577
121900162,111,294,-183
121900163,796,260,536
121900164,335,718,-383
121900165,249,189,60
121900166,173,280,-107
121900167,94,150,-56
121900168,145,149,-4
121900169,16,445,-429
121900170,12,263,-251
121900171,1433,1181,252
121900172,971,459,512
121900173,1117,609,508
121900174,100,70,30
121900175,183,742,-559
121900176,739,2588,-1849
121900177,219,109,110
121900178,72,150,-78
121900179,617,567,50
121900180,2269,8524,-6255
121900182,888,979,-91
121900183,546,2779,-2233
121900184,68,2420,-2352
121900186,13,838,-825
121900187,20,181,-161
121900188,1493,307,1186
121900189,84,109,-25
121900190,354,649,-295
121900191,106,495,-389
121900192,280,3945,-3665
121900193,90,563,-473
121900194,42,549,-507
121900195,22,80,-58
121900196,1060,1457,-397
121900197,376,1355,-979
121900198,6081,3328,2753
121900199,2,74,-72
121900200,46,272,-226
121900201,1222,1050,172
121900202,249,1247,-998
121900203,110,2529,-2419
121900204,1830,2143,-313
121900205,24,187,-163
121900206,19,194,-175
121900207,51,80,-29
121900208,184,687,-503
121900209,111,77,34
121900210,3569,2764,805
121900211,120,172,-52
121900212,98,199,-101
121900213,646,53,593
121900214,13,780,-767
121900215,56,251,-195
121900216,58,560,-502
121900217,428,332,96
121900218,230,1292,-1062
121900220,189,27,162
121900221,572,839,-267
121900222,428,132,296
121900223,259,205,54
121900224,191,127,64
121900225,162,373,-211
121900226,405,34,371
121900227,623,2725,-2102
121900228,183,186,-3
121900230,81,591,-510
121900231,62,2012,-1950
121900232,194,609,-415
121900233,539,336,203
121900234,459,369,90
121900235,999,247,752
121900236,508,275,233
121900237,286,959,-673
121900238,188,464,-276
121900239,185,89,96
121900240,300,292,8
121900241,93,62,31
121900242,21,1,20
121900243,27,0,27
121900244,53,2,51
121900245,439,99,340
121900246,11290,664,10626
121900247,637,319,318
121900248,2238,1273,965
121900250,153,840,-687
121900251,834,37,797
121900252,626,274,352
121900253,53,1469,-1416
121900254,488,854,-366
121900255,881,267,614
121900258,7116,2015,5101
121900259,223,962,-739
121900260,272,169,103
121900261,220,1112,-892
121900262,1200,1986,-786
121900263,389,270,119
121900264,1188,1197,-9
121900265,621,212,409
121900266,898,121,777
121900267,123,70,53
121900269,339,1500,-1161
121900270,104,354,-250
121900271,54,312,-258
121900273,608,2756,-2148
121900274,462,506,-44
121900277,405,2380,-1975
121900278,149,2711,-2562
121900279,259,391,-132
121900280,133,1081,-948
121900281,164,595,-431
121900284,52,6,46
121900286,333,205,128
121900287,11,39,-28
121900288,1,26,-25
121900290,307,2416,-2109
121900291,540,1952,-1412
121900292,308,269,39
121900293,1000,7778,-6778
121900294,534,4,530
121900295,201,181,20
121900296,120,460,-340
121900298,137,1657,-1520
121900299,6,9,-3
121900300,79,4,75
121900301,56,1,55
121900302,9,104,-95
121900303,279,1147,-868
121900304,1,27,-26
121900305,39,15,24
121900306,389,2,387
121900307,281,4,277
121900308,12,93,-81
121900309,5,102,-97
121900310,26,123,-97
121900311,948,35,913
121900312,865,25,840
121900313,866,53,813
121900314,7,12,-5
121900315,76,2,74
121900316,0,1,-1
121900317,64,21,43
121900318,5,2,3
121900319,65,547,-482
121900320,35,36,-1
121900321,38,12,26
121900322,2,9,-7
121900323,92,55,37
121900324,3,45,-42
121900325,73,26,47
121900326,8,7,1
121900327,1,59,-58
121900328,1,35,-34
121900329,0,69,-69
121900330,0,146,-146
121900331,58,100,-42
121900332,86,37,49
121900333,47,3,44
122000001,1801,7289,-5488
122000002,3175,1571,1604
122000003,1565,3810,-2245
122000004,1876,1857,19
122000005,8480,3879,4601
122000006,897,2671,-1774
122000007,933,2800,-1867
122000008,1398,5114,-3716
122000009,901,776,125
122000010,4227,4900,-673
122000011,10530,3917,6613
122000012,1046,7562,-6516
122000013,939,3757,-2818
122000014,9584,2825,6759
122000015,1532,1297,235
122000016,626,884,-258
122000017,2034,2157,-123
122000018,4042,3044,998
122000019,1471,3530,-2059
122000020,279,742,-463
122000021,263,633,-370
122000022,2123,2909,-786
122000023,1774,3470,-1696
122000024,649,4924,-4275
122000025,687,6653,-5966
122000026,387,2085,-1698
122000027,989,1320,-331
122000028,2764,1116,1648
122000029,402,1654,-1252
122000030,234,292,-58
122000031,152,641,-489
122000032,11596,5449,6147
122000033,497,7987,-7490
122000034,420,1551,-1131
122000035,261,937,-676
122000036,771,913,-142
122000037,1852,464,1388
122000038,331,873,-542
122000039,725,1859,-1134
122000040,313,544,-231
122000041,1434,1618,-184
122000042,731,1274,-543
122000043,119,320,-201
122000044,146,193,-47
122000045,3773,1619,2154
122000046,1477,2196,-719
122000047,115,276,-161
122000048,3458,5294,-1836
122000049,10626,4587,6039
122000050,916,1679,-763
122000051,248,700,-452
122000052,532,713,-181
122000053,348,1311,-963
122000054,2280,3220,-940
122000055,2131,5615,-3484
122000056,3815,4093,-278
122000057,6687,5998,689
122000058,1120,3627,-2507
122000059,1052,6990,-5938
122000060,337,2049,-1712
122000061,205,1389,-1184
122000062,690,306,384
122000063,480,2503,-2023
122000064,4168,10633,-6465
122000065,3225,4851,-1626
122000066,1171,2846,-1675
122000067,1692,2579,-887
122000068,4820,1776,3044
122000069,2086,1503,583
122000070,1805,2035,-230
122000071,6442,1896,4546
122000072,2320,1716,604
122000073,326,3403,-3077
122000074,3615,2199,1416
122000075,1983,1524,459
122000076,16482,3965,12517
122000077,731,3853,-3122
122000078,698,7577,-6879
122000079,478,5161,-4683
122000080,598,1284,-686
122000081,114,407,-293
122000082,354,2073,-1719
122000083,9789,1456,8333
122000084,9139,2478,6661
122000085,453,1110,-657
122000086,4019,12063,-8044
122000087,305,815,-510
122000088,116,585,-469
122000089,7976,4119,3857
122000090,459,2092,-1633
122000091,107,875,-768
122000092,54,171,-117
122000093,2137,7478,-5341
122000094,8938,5054,3884
122000095,855,8707,-7852
122000096,566,4825,-4259
122000098,5410,6073,-663
122000099,793,3002,-2209
122000100,996,1325,-329
122000101,463,814,-351
122000102,4759,1590,3169
122000103,1896,2390,-494
122000104,3265,323,2942
122000105,761,905,-144
122000106,676,3687,-3011
122000107,1968,708,1260
122000108,1071,1190,-119
122000109,670,445,225
122000110,1125,1242,-117
122000111,6295,2649,3646
122000112,2890,2784,106
122000113,1197,1390,-193
122000114,2177,4529,-2352
122000115,2799,1967,832
122000116,542,826,-284
122000117,1806,597,1209
122000118,1067,765,302
122000119,3431,2512,919
122000120,946,4682,-3736
122000121,810,2653,-1843
122000122,496,952,-456
122000123,1386,2069,-683
122000124,941,635,306
122000125,499,741,-242
122000126,508,722,-214
122000127,516,788,-272
122000128,336,534,-198
122000129,630,3024,-2394
122000130,3548,1749,1799
122000131,1461,1476,-15
122000132,250,486,-236
122000133,1136,1502,-366
122000134,1483,812,671
122000135,626,294,332
122000136,1289,713,576
122000137,3187,1515,1672
122000139,970,5788,-4818
122000140,312,2468,-2156
122000141,6622,4038,2584
122000142,160,3919,-3759
122000143,457,643,-186
122000144,2201,1719,482
122000145,1048,2118,-1070
122000146,599,5128,-4529
122000147,665,1196,-531
122000148,447,2626,-2179
122000149,2405,1555,850
122000150,1908,1793,115
122000151,177,565,-388
122000152,514,561,-47
122000153,463,611,-148
122000154,339,287,52
122000155,1898,4417,-2519
122000156,12505,6840,5665
122000157,830,12670,-11840
122000158,342,1467,-1125
122000159,979,1617,-638
122000160,2662,2735,-73
122000161,1349,1411,-62
122000162,1617,1998,-381
122000163,438,218,220
122000164,76,409,-333
122000165,1922,2508,-586
122000166,907,3927,-3020
122000167,385,832,-447
122000168,188,1836,-1648
122000169,450,428,22
122000170,471,541,-70
122000171,37,102,-65
122000172,3104,2383,721
122000173,2068,4696,-2628
122000174,1907,2468,-561
122000175,955,662,293
122000176,390,2110,-1720
122000177,1297,2362,-1065
122000178,8774,5419,3355
122000179,4714,6846,-2132
122000180,946,1591,-645
122000181,939,2768,-1829
122000182,2006,1946,60
122000183,4097,1672,2425
122000184,4303,5338,-1035
122000185,1765,6016,-4251
122000186,890,3709,-2819
122000187,2350,1855,495
122000188,590,487,103
122000189,243,579,-336
122000190,996,3400,-2404
122000191,975,1430,-455
122000192,1897,667,1230
122000193,613,1177,-564
122000194,775,374,401
122000195,145,1175,-1030
122000196,1551,512,1039
122000197,675,902,-227
122000198,490,3729,-3239
122000199,406,659,-253
122000200,1219,1208,11
122000201,1560,4206,-2646
122000202,1268,3767,-2499
122000203,2794,2019,775
122000204,1503,1879,-376
122000205,812,1249,-437
122000206,6367,1645,4722
122000207,2728,2446,282
122000208,3107,3000,107
122000209,3085,1030,2055
122000210,2749,3153,-404
122000211,1451,2310,-859
122000212,1181,756,425
122000213,1336,2249,-913
122000214,2461,2493,-32
122000215,3541,2879,662
122000217,2221,3771,-1550
122000218,972,83,889
122000219,1722,1173,549
122000220,337,1060,-723
122000221,166,410,-244
122000222,890,244,646
122000223,1062,1017,45
122000225,920,651,269
122000226,2043,1991,52
122000227,293,2142,-1849
122000228,342,328,14
122000229,69,584,-515
122000230,94,391,-297
122000231,805,959,-154
122000232,736,746,-10
122000233,0,113,-113
122000234,758,73,685
122000235,729,86,643
122000236,2325,61,2264
122000237,165,116,49
122000238,509,608,-99
122000239,1507,264,1243
122000240,1737,840,897
122000241,3563,675,2888
122000242,1012,264,748
122000243,460,43,417
122000244,97,386,-289
122000245,118,76,42
122000246,463,226,237
122000247,1078,336,742
122000248,984,989,-5
122000249,2536,1425,1111
122000250,2984,1796,1188
122000251,120,425,-305
122000252,248,188,60
122000253,108,316,-208
122000254,516,131,385
122000255,712,940,-228
122000256,291,609,-318
122000257,402,123,279
122000258,417,426,-9
122000259,49,360,-311
122000260,3,44,-41
122000261,31,409,-378
122000262,1,42,-41
122000263,357,668,-311
122000264,2109,543,1566
122000265,3746,1847,1899
122000266,5508,1198,4310
122000267,129,141,-12
122000268,177,502,-325
122000269,1501,536,965
122000270,621,309,312
122000271,331,3095,-2764
122000272,495,1793,-1298
122000273,678,634,44
122000274,361,311,50
122000275,112,237,-125
122000276,1394,575,819
122000277,1550,2190,-640
122000278,2891,417,2474
122000279,329,303,26
122000280,934,601,333
122000281,887,863,24
122000282,274,567,-293
122000283,177,328,-151
122000284,206,121,85
122000285,327,92,235
122000286,52,191,-139
122000287,2400,1796,604
122000288,698,343,355
122000291,4819,1156,3663
122000293,237,152,85
122000294,212,503,-291
122000295,1889,292,1597
122000296,21,1008,-987
122000297,2726,5071,-2345
122000299,780,653,127
122000300,436,460,-24
122000301,8232,5144,3088
122000302,713,4136,-3423
122000303,2556,1178,1378
122000304,73,203,-130
122000305,1972,468,1504
122000306,167,353,-186
122000307,160,192,-32
122000309,98,30,68
122000310,29,124,-95
122000311,68,207,-139
122000312,85,442,-357
122000313,56,148,-92
122000314,146,517,-371
122000315,423,66,357
122000316,1745,544,1201
122000317,3210,385,2825
122000318,442,2093,-1651
122000319,145,511,-366
122000320,406,1117,-711
122000321,181,141,40
122000322,2718,3229,-511
122000323,792,5535,-4743
122000324,2800,4214,-1414
122000325,1236,8278,-7042
122000326,259,107,152
122000327,499,1132,-633
122000328,610,492,118
122000330,3789,3199,590
122000332,234,391,-157
122000333,15,66,-51
122000337,1567,530,1037
122000338,764,403,361
122000340,215,5231,-5016
122000342,1969,931,1038
122000343,825,523,302
122000344,204,36,168
122000345,38,19,19
122000346,258,233,25
122000348,1203,1169,34
122000349,129,759,-630
122000351,259,384,-125
122000352,321,284,37
122000353,275,108,167
122000355,144,321,-177
122000356,499,3436,-2937
122000357,103,18,85
122000358,1,20,-19
122000359,0,31,-31
122000360,0,21,-21
122000362,8,59,-51
122000364,412,288,124
122000365,2,58,-56
122000366,21,11,10
122000368,665,893,-228
122000370,48,10,38
122000371,41,0,41
122000372,17,6,11
122000381,320,473,-153
122000382,122,204,-82
122000384,1972,2054,-82
122000385,118,0,118
122000386,240,3120,-2880
122000387,636,1782,-1146
122000388,1752,1834,-82
122000389,230,2485,-2255
122000390,467,709,-242
122000391,141,2107,-1966
122000392,332,167,165
122000393,56,98,-42
122000394,916,187,729
122000395,213,138,75
122000396,428,152,276
122000397,33,51,-18
122000398,4,124,-120
122000399,161,80,81
122000400,44,1828,-1784
122000401,194,89,105
122000402,666,216,450
122000403,772,391,381
122000404,363,186,177
122000408,834,1218,-384
122000503,9,134,-125
122000524,111,716,-605
122000544,109,3325,-3216
122000616,378,3,375
122000640,92,66,26
122000641,269,181,88
122000642,1817,689,1128
122000643,55,314,-259
122000644,129,51,78
122000645,51,229,-178
122000651,608,4738,-4130
122000664,247,78,169
122000665,2055,685,1370
122000666,804,1515,-711
122000673,83,164,-81
122000674,460,171,289
122000675,2910,624,2286
122000686,655,2597,-1942
122000687,2517,480,2037
122000688,460,425,35
122000689,1689,194,1495
122000690,4591,279,4312
122000691,1471,618,853
122000692,2538,378,2160
122000693,506,1068,-562
122000695,687,327,360
122000696,1028,193,835
122000698,527,292,235
122000699,271,90,181
122000701,2590,428,2162
122000702,416,1302,-886
122000703,325,135,190
122000717,99,136,-37
122000718,363,2395,-2032
122000719,106,136,-30
122000720,1185,114,1071
122000724,80,40,40
122900001,47,22,25
122900002,1034,10320,-9286
122900003,677,46,631
122900004,2399,176,2223
122900005,114,126,-12
122900006,360,1090,-730
122900007,139,251,-112
122900008,224,192,32
122900009,1768,619,1149
122900010,286,145,141
122900012,193,518,-325
122900014,152,150,2
122900015,1005,1478,-473
122900016,266,248,18
122900017,291,1794,-1503
122900018,264,24,240
122900019,13,79,-66
122900020,217,491,-274
122900021,26,421,-395
122900022,1926,1064,862
122900023,1362,251,1111
122900024,136,168,-32
122900025,5,488,-483
122900026,32,219,-187
122900027,26,534,-508
122900028,93,110,-17
122900029,8170,3234,4936
122900030,3421,688,2733
122900031,36,521,-485
122900032,746,674,72
122900033,284,310,-26
122900034,4994,6178,-1184
122900035,89,53,36
122900036,115,90,25
122900037,647,303,344
122900038,113,4930,-4817
122900039,109,825,-716
122900040,298,1686,-1388
122900041,263,496,-233
122900042,251,400,-149
122900043,601,369,232
122900044,246,419,-173
122900045,243,377,-134
122900046,251,403,-152
122900047,115,283,-168
122900048,35,324,-289
122900049,4053,228,3825
122900051,48,895,-847
122900052,172,98,74
122900053,74,27,47
122900055,435,62,373
122900057,361,86,275
122900061,695,92,603
122900062,838,1029,-191
122900063,336,180,156
122900064,1033,514,519
122900065,831,368,463
122900066,976,483,493
122900067,911,563,348
122900068,154,363,-209
122900069,770,2336,-1566
122900070,558,88,470
122900071,138,308,-170
122900072,7,336,-329
122900073,21,83,-62
122900074,1696,170,1526
122900075,0,108,-108
122900076,1,283,-282
122900077,4,74,-70
122900078,413,17,396
122900080,31,92,-61
122900081,251,234,17
122900082,1495,171,1324
122900083,125,154,-29
122900084,12,106,-94
122900086,18,289,-271
122900087,573,483,90
122900088,45,1022,-977
122900089,29,128,-99
122900090,15,320,-305
122900091,602,8,594
122900092,0,126,-126
122900093,1,113,-112
122900094,1,140,-139
122900095,358,49,309
122900096,724,81,643
122900097,42,76,-34
122900098,33,229,-196
122900099,182,58,124
122900100,73,1023,-950
122900101,770,456,314
122900102,94,77,17
122900103,410,5,405
122900104,533,16,517
122900105,26,46,-20
122900106,1,37,-36
122900107,7,49,-42
122900108,1,76,-75
123000001,956,2799,-1843
123000002,3340,10693,-7353
123000003,6904,6645,259
123000004,3661,5282,-1621
123000005,4347,4153,194
123000006,3334,2726,608
123000007,5836,3453,2383
123000008,3664,3490,174
123000009,5078,4056,1022
123000010,3946,5167,-1221
123000011,2144,2437,-293
123000012,946,5552,-4606
123000013,6691,2132,4559
123000014,998,4841,-3843
123000015,2913,1601,1312
123000016,4255,4809,-554
123000017,5366,2876,2490
123000018,156,158,-2
123000019,1017,71,946
123000020,657,42,615
123000021,466,450,16
123000022,696,2897,-2201
123000023,2911,3614,-703
123000024,2136,1217,919
123000025,41,109,-68
123000026,3,214,-211
123000027,56,1488,-1432
123000028,842,1720,-878
123000029,498,1928,-1430
123000030,442,111,331
123000031,485,237,248
123000032,733,123,610
123000033,496,161,335
123000034,1560,933,627
123000035,633,712,-79
123000036,311,1695,-1384
123000037,302,220,82
123000038,89,435,-346
123000039,555,2261,-1706
123000040,631,310,321
123000041,984,2349,-1365
123000042,535,1805,-1270
123000043,2153,21642,-19489
123000044,3255,3400,-145
123000045,4841,3153,1688
123000046,323,1625,-1302
123000047,968,1966,-998
123000048,85,2349,-2264
123000049,6660,13790,-7130
123000050,2942,2390,552
123000051,127,331,-204
123000052,1142,4928,-3786
123000053,3155,3857,-702
123000054,3487,2345,1142
123000055,2974,7737,-4763
123000056,1634,952,682
123000057,4394,8076,-3682
123000058,976,2059,-1083
123000059,368,639,-271
123000060,1899,604,1295
123000061,533,749,-216
123000063,1829,1463,366
123000064,2276,326,1950
123000065,5171,3616,1555
123000066,601,822,-221
123000067,1599,559,1040
123000068,2234,2792,-558
123000069,4843,1885,2958
123000070,279,646,-367
123000071,3168,1052,2116
123000072,1796,611,1185
123000073,3960,1449,2511
123000074,1609,1320,289
123000075,692,2923,-2231
123000076,1137,586,551
123000077,3237,1900,1337
123000078,4429,1779,2650
123000079,4023,2316,1707
123000080,3890,1428,2462
123000081,286,400,-114
123000082,322,1275,-953
123000083,1902,435,1467
123000084,1401,589,812
123000085,799,123,676
123000086,1546,122,1424
123000087,852,624,228
123000088,1741,996,745
123000089,1620,1356,264
123000090,2457,1195,1262
123000091,2593,1839,754
123000092,1239,1882,-643
123000094,1301,201,1100
123000095,1353,1195,158
123000096,1854,574,1280
123000097,1069,416,653
123000098,1771,630,1141
123000099,1125,436,689
123000100,441,1135,-694
123000101,783,668,115
123000102,580,1236,-656
123000104,735,873,-138
123000105,493,620,-127
123000106,636,643,-7
123000107,345,451,-106
123000108,675,1298,-623
123000111,1804,578,1226
123000112,2297,669,1628
123000113,861,859,2
123000114,593,838,-245
123000115,404,421,-17
123000116,87,102,-15
123000117,3227,1511,1716
123000118,864,562,302
123000119,389,524,-135
123000120,443,640,-197
123000121,889,1069,-180
123000122,572,492,80
123000123,636,820,-184
123000124,464,532,-68
123000125,2194,2074,120
123000126,1642,7517,-5875
123000127,645,932,-287
123000128,360,434,-74
123000129,1534,342,1192
123000130,1169,156,1013
123000131,2548,1442,1106
123000132,463,726,-263
123000133,175,254,-79
123000134,321,119,202
123000135,4441,1402,3039
123000136,334,494,-160
123000137,163,225,-62
123000138,196,333,-137
123000139,1070,212,858
123000140,92,569,-477
123000141,996,194,802
123000142,1304,1025,279
123000143,926,1681,-755
123000144,22,59,-37
123000145,272,413,-141
123000146,18,214,-196
123000147,116,234,-118
123000149,503,534,-31
123000150,117,336,-219
123000151,223,777,-554
123000152,107,477,-370
123000153,257,1147,-890
123000154,1599,2610,-1011
123000155,2408,1918,490
123000156,38,105,-67
123000157,920,979,-59
123000158,764,1104,-340
123000159,4360,5969,-1609
123000160,1808,1882,-74
123000161,2439,1578,861
123000162,2469,2714,-245
123000163,1122,285,837
123000164,3183,325,2858
123000165,529,1208,-679
123000166,42,115,-73
123000167,176,186,-10
123000168,461,122,339
123000169,1596,231,1365
123000170,118,56,62
123000171,1898,3,1895
123000172,184,528,-344
123000173,1015,585,430
123000174,1263,704,559
123000175,379,1144,-765
123000176,1544,431,1113
123000177,371,1148,-777
123000178,1504,215,1289
123000179,57,487,-430
123000180,2594,467,2127
123000181,393,995,-602
123000182,425,358,67
123000183,196,810,-614
123000184,107,444,-337
123000185,1580,660,920
123000186,14,358,-344
123000187,822,15,807
123000188,348,3,345
123000189,406,184,222
123000190,80,116,-36
123000192,22,337,-315
123000193,49,738,-689
123000194,220,295,-75
123000195,454,56,398
123000196,651,36,615
123000197,113,123,-10
123000198,105,869,-764
123000199,40,692,-652
123000200,1081,19,1062
123000201,2032,22,2010
123000202,40,550,-510
123000203,1710,76,1634
123000204,105,581,-476
123000205,232,861,-629
123000206,4188,388,3800
123000207,116,448,-332
123000208,1225,292,933
123000209,3060,996,2064
123000210,272,1370,-1098
123000211,516,1752,-1236
123000212,6739,615,6124
123000213,687,103,584
123000215,68,305,-237
123000216,343,1366,-1023
123000217,338,46,292
123000218,23,963,-940
123000219,747,230,517
123000220,775,170,605
123000221,185,123,62
123000222,669,389,280
123000223,1063,140,923
123000224,629,350,279
123000225,419,69,350
123000226,180,549,-369
123000227,132,301,-169
123000228,420,62,358
123000229,867,1655,-788
123000232,174,502,-328
123000233,1434,163,1271
123000234,262,506,-244
123000235,2214,410,1804
123000236,499,516,-17
123000237,841,145,696
123000238,72,327,-255
123000239,508,865,-357
123000240,61,1801,-1740
123000241,518,87,431
123000242,476,253,223
123000243,1091,1000,91
123000244,896,622,274
123000245,59,158,-99
123000249,1729,808,921
123000252,1402,519,883
123000253,2428,839,1589
123000254,1082,897,185
123000255,1446,1093,353
123000256,21,151,-130
123000257,2782,1477,1305
123000258,1618,609,1009
123000259,883,629,254
123000260,880,373,507
123000261,658,213,445
123000262,123,97,26
123000263,906,109,797
123000264,280,163,117
123000265,43,130,-87
123000266,692,590,102
123000267,1071,582,489
123000268,45,54,-9
123000269,54,113,-59
123000270,42,113,-71
123000271,69,58,11
123000272,1054,380,674
123000273,425,1483,-1058
123000274,1749,1353,396
123000275,292,1018,-726
123000278,2294,3997,-1703
123000279,245,95,150
123000280,367,275,92
123000281,489,232,257
123000282,119,465,-346
123000283,358,103,255
123000284,70,69,1
123000286,168,688,-520
123000287,412,507,-95
123000288,1273,2042,-769
123000289,292,2340,-2048
123000291,258,1124,-866
123000294,170,210,-40
123000295,771,1819,-1048
123000296,1225,702,523
123000297,1317,367,950
123000298,1556,298,1258
123000299,206,133,73
123000300,2100,1488,612
123000301,222,796,-574
123000302,172,131,41
123000303,147,451,-304
123000305,1177,1291,-114
123000306,404,92,312
123000309,37,117,-80
123000310,96,100,-4
123000311,0,133,-133
123000312,625,681,-56
123000313,992,676,316
123000315,210,285,-75
123000316,1030,227,803
123000317,391,135,256
123000318,59,193,-134
123000329,9,20,-11
123000337,472,706,-234
123000338,137,327,-190
123000339,639,67,572
123000340,130,307,-177
123000342,7,64,-57
123000343,117,62,55
123000344,655,368,287
123000345,427,686,-259
123000346,856,46,810
123000352,1342,1133,209
123000353,129,97,32
123000354,341,4,337
123000355,3,245,-242
123000356,859,24,835
123000357,3,150,-147
123000359,27,67,-40
123000360,382,201,181
123000361,400,318,82
123000362,700,207,493
123000363,213,243,-30
123000364,889,967,-78
123000365,42,592,-550
123000366,348,4049,-3701
123000367,380,643,-263
123000370,39,444,-405
123000371,730,175,555
123000372,723,84,639
123000373,14,455,-441
123000374,46,182,-136
123000375,733,78,655
123000376,1269,1091,178
123000377,1127,48,1079
123000378,35,312,-277
123000379,4,365,-361
123000380,16,435,-419
123000381,60,190,-130
123000382,578,197,381
123000383,173,1300,-1127
123000384,779,148,631
123000385,188,669,-481
123000436,67,2901,-2834
123000507,78,157,-79
123000508,269,2173,-1904
123000517,453,29,424
123000518,59,125,-66
123000519,204,112,92
123000520,60,182,-122
123000521,835,152,683
123000522,166,291,-125
123000541,8,2,6
123000542,0,1,-1
123000565,1486,29,1457
123000566,596,163,433
123000567,94,96,-2
123000573,52,443,-391
123000574,1617,103,1514
123000575,2929,708,2221
123000576,1190,1118,72
123000577,120,1055,-935
123000578,502,290,212
123000579,1160,12126,-10966
123000580,171,87,84
123000582,863,56,807
123000583,32,392,-360
123000584,169,498,-329
123000585,1,56,-55
123000586,262,1,261
123000596,68,71,-3
123000597,69,188,-119
123000602,205,14,191
123000603,2232,402,1830
123000604,1106,347,759
123000605,1323,94,1229
123000606,1,722,-721
123000609,24,481,-457
123000610,154,98,56
123000613,36,170,-134
123000614,429,41,388
123000615,86,49,37
123000616,1979,67,1912
123000617,228,173,55
123000618,84,608,-524
123000619,712,76,636
123000620,17,412,-395
123000622,909,17,892
123000624,305,60,245
123000630,2820,703,2117
123000631,389,605,-216
123000632,780,694,86
123000633,2,327,-325
123000634,83,478,-395
123000635,87,206,-119
123000636,54,525,-471
123000637,708,31,677
123000638,1005,47,958
123000639,958,9998,-9040
123000640,8,330,-322
123000648,556,133,423
123000649,39,376,-337
123900001,1358,94,1264
123900002,34,2075,-2041
123900003,216,519,-303
123900005,465,305,160
123900006,736,123,613
124000001,2399,271,2128
124000002,43,1285,-1242
124000003,2039,443,1596
124000004,103,514,-411
124000005,1949,1361,588
124000006,291,548,-257
124000007,780,135,645
124000008,6,537,-531
124000009,1359,441,918
124000010,358,346,12
124000011,1513,579,934
124000012,328,297,31
124000017,370,161,209
124000018,134,92,42
124000019,278,246,32
124000020,40,154,-114
124000021,188,144,44
124000022,98,193,-95
124000023,1664,1964,-300
124000024,1467,465,1002
124000025,1592,2081,-489
124000026,1207,1222,-15
124000027,5041,5416,-375
124000028,1413,4059,-2646
124000030,1758,1838,-80
124000031,1906,8303,-6397
124000032,1412,601,811
124000033,816,707,109
124000034,918,669,249
124000035,362,377,-15
124000036,73,329,-256
124000037,664,1377,-713
124000038,19,160,-141
124000039,415,389,26
124000040,246,1433,-1187
124000041,786,244,542
124000042,206,486,-280
124000043,106,217,-111
124000044,119,194,-75
124000045,2009,402,1607
124000046,383,740,-357
124000047,3320,693,2627
124000048,1496,601,895
124000049,3426,554,2872
124000050,1639,1039,600
124000051,1891,487,1404
124000052,1158,564,594
124000053,628,3100,-2472
124000054,816,307,509
124000055,1342,6960,-5618
124000056,1461,845,616
124000057,2114,625,1489
124000058,749,891,-142
124000059,1510,1831,-321
124000060,572,433,139
124000061,1848,8980,-7132
124000062,2131,1488,643
124000063,1400,1184,216
124000064,1695,1103,592
124000065,27,752,-725
124000066,123,77,46
124000067,313,150,163
124000068,130,159,-29
124000069,912,103,809
124000070,591,252,339
124000071,288,183,105
124000072,263,419,-156
124000073,1697,259,1438
124000074,288,536,-248
124000075,794,59,735
124000076,35,50,-15
124000077,433,1023,-590
124000078,1691,1551,140
124000079,243,1483,-1240
124000080,1313,203,1110
124000081,252,497,-245
124000082,113,317,-204
124000083,50,125,-75
124000084,75,1072,-997
124000085,72,56,16
124000086,28,298,-270
124000087,258,224,34
124000088,155,717,-562
124000089,1073,310,763
124000090,228,241,-13
124000091,878,158,720
124000092,225,517,-292
124000093,191,284,-93
124000094,250,690,-440
124000095,153,139,14
124000096,309,334,-25
124000097,187,181,6
124000098,100,111,-11
124000099,461,203,258
124000100,80,240,-160
124000101,174,185,-11
124000102,119,36,83
124000103,287,201,86
124000104,141,53,88
124000105,264,207,57
124000106,110,37,73
124000107,33,303,-270
124000108,78,26,52
124000109,270,183,87
124000110,152,105,47
124000111,332,129,203
124000112,1203,464,739
124000113,180,181,-1
124000114,541,341,200
124000115,374,1029,-655
124000116,138,303,-165
124000117,61,83,-22
124000118,38,99,-61
124000119,1221,1155,66
124000120,870,886,-16
124000121,1463,960,503
124000122,648,1676,-1028
124000123,1295,531,764
124000124,492,736,-244
124000125,741,552,189
124000126,386,512,-126
124000127,1320,354,966
124000128,787,666,121
124000129,2080,1795,285
124000130,636,553,83
124000131,861,924,-63
124000132,656,727,-71
124000133,1699,1434,265
124000134,1192,703,489
124000135,2026,2764,-738
124000136,762,1113,-351
124000137,1002,1626,-624
124000138,1328,1518,-190
124000139,581,63,518
124000140,43,507,-464
124000141,96,32,64
124000142,16,335,-319
124000143,113,34,79
124000144,27,49,-22
124000145,213,180,33
124000146,52,224,-172
124000148,8,98,-90
124000149,1268,350,918
124000150,321,940,-619
124000151,1534,676,858
124000152,1132,1489,-357
124000153,1417,1589,-172
124000154,688,1085,-397
124000155,1762,1106,656
124000156,943,1345,-402
124000169,185,859,-674
124000170,1011,666,345
124000171,410,422,-12
124000172,395,579,-184
124000173,929,271,658
124000174,598,635,-37
124000175,7,79,-72
124000176,90,42,48
124000177,6,45,-39
124000178,92,112,-20
124000190,37,122,-85
124000191,55,331,-276
124000192,1256,913,343
124000193,266,3044,-2778
124000194,371,423,-52
124000195,560,815,-255
124000196,819,800,19
124000197,50,32,18
124000198,78,88,-10
124000201,180,781,-601
124000202,931,298,633
124000203,1134,210,924
124000204,1885,207,1678
124000205,164,207,-43
124000206,1524,263,1261
124000207,0,32,-32
124000209,223,128,95
124000210,1234,240,994
124000211,1224,3,1221
124000212,0,164,-164
124000213,1054,114,940
124000214,859,276,583
124000215,755,34,721
124000216,4,153,-149
124000329,135,536,-401
124000338,106,347,-241
124000339,2720,114,2606
124000341,2920,124,2796
124000344,74,23,51
124000357,1498,3719,-2221
124000358,829,2294,-1465
124000359,1627,1157,470
124000360,1391,801,590
124000361,2752,1454,1298
124000362,1349,2356,-1007
124000363,449,337,112
124000364,618,497,121
124000365,783,948,-165
124000366,1769,784,985
124000367,89,275,-186
124000368,634,1217,-583
124000369,130,164,-34
124000370,54,699,-645
124000402,78,40,38
124000403,334,35,299
124000404,13,71,-58
124000405,1179,797,382
124000406,660,555,105
124000407,1,45,-44
124000411,21,179,-158
124000412,598,11,587
124000413,106,135,-29
124000414,179,146,33
124000415,70,50,20
124000416,160,154,6
124000417,388,154,234
124000418,487,46,441
124000419,196,52,144
124000420,235,36,199
124000421,110,51,59
124000422,20,22,-2
124000423,195,60,135
124000424,3,21,-18
124000425,82,28,54
124000426,11,70,-59
124000427,83,3,80
124000428,12,278,-266
124000429,143,44,99
124000430,1314,507,807
124000431,558,548,10
124000432,468,733,-265
124000439,3,2,1
124000443,0,11,-11
124000445,110,3035,-2925
124000446,1223,253,970
124900001,1313,535,778
124900002,355,242,113
124900003,1684,481,1203
124900004,1619,290,1329
124900005,328,169,159
124900006,1439,273,1166
124900008,1004,792,212
124900009,200,609,-409
124900010,319,251,68
124900011,994,524,470
124900012,569,138,431
124900013,851,259,592
124900014,526,67,459
124900015,217,587,-370
124900016,156,217,-61
124900017,479,3613,-3134
124900018,136,12,124
124900020,172,62,110
124900021,584,50,534
124900022,67,5,62
124900024,618,10,608
124900026,83,54,29
124900027,219,818,-599
124900028,484,189,295
124900029,60,724,-664
124900030,11,130,-119
124900031,44,294,-250
124900032,265,231,34
124900033,254,234,20
124900034,4,118,-114
124900035,284,389,-105
124900036,1,125,-124
124900037,317,239,78
124900038,258,250,8
124900039,2,94,-92
124900040,209,142,67
124900041,426,535,-109
124900042,75,7,68
124900043,812,471,341
124900044,199,5,194
124900045,437,1320,-883
124900046,459,306,153
124900047,105,313,-208
124900048,378,102,276
124900050,299,118,181
124900052,126,339,-213
124900053,242,238,4
124900054,831,618,213
124900055,0,193,-193
124900057,16,54,-38
124900060,90,175,-85
124900061,177,3,174
124900062,343,13,330
124900066,0,6,-6
124900067,22,80,-58
124900068,254,827,-573
124900070,101,77,24
124900072,290,55,235
124900075,650,165,485
124900076,10,2478,-2468
124900077,33,94,-61
124900078,117,23,94
124900079,331,239,92
124900080,634,292,342
124900081,2003,307,1696
124900082,492,487,5
124900083,497,389,108
124900084,850,138,712
124900085,569,854,-285
124900086,76,2059,-1983
124900087,265,187,78
124900088,163,116,47
124900089,549,24,525
124900090,1028,290,738
124900091,491,190,301
124900092,441,243,198
124900093,660,227,433
124900094,1076,403,673
124900095,184,858,-674
124900096,436,209,227
124900097,598,80,518
124900098,259,347,-88
124900099,246,787,-541
124900100,616,53,563
124900101,65,388,-323
124900102,493,16,477
124900103,222,114,108
124900104,91,105,-14
124900105,181,145,36
124900106,581,74,507
124900107,185,51,134
124900108,252,174,78
124900111,1,270,-269
124900112,194,248,-54
124900113,92,333,-241
124900114,99,172,-73
124900115,56,81,-25
124900116,397,529,-132
124900117,225,289,-64
124900118,104,1006,-902
124900119,521,294,227
124900120,66,279,-213
124900121,119,493,-374
124900122,237,185,52
124900123,174,136,38
124900124,70,400,-330
204000001,221,9,212
204000002,17,15,2
204000003,44,2,42
204000004,1,0,1
204000005,769,502,267
204000006,1188,1098,90
204000011,13,39,-26
204000012,138,128,10
204000019,1589,476,1113
204000020,1245,1607,-362
204000021,4249,1773,2476
204000022,1729,733,996
204000023,694,412,282
204000031,67,4,63
204000032,461,39,422
204000034,54,124,-70
204000035,1,4,-3
204000036,11,17,-6
204000037,0,19,-19
204000038,0,1,-1
204000039,7,15,-8
204000040,3,29,-26
204000041,8,34,-26
204000042,62,19,43
204000043,24,6,18
204000044,32,10,22
204000045,83,3,80
204000046,14,2,12
204000057,2,8,-6
204000062,48,26,22
204000068,32,808,-776
204000069,292,549,-257
204000070,78,83,-5
204000080,63,81,-18
204000085,1602,1155,447
204000086,2211,1214,997
204000087,58,7,51
204000088,6,64,-58
204000090,47,219,-172
204000093,686,71,615
204000096,1949,897,1052
204000097,660,12,648
204000099,1595,2666,-1071
204000100,2652,1746,906
204000105,1337,745,592
204000110,389,2035,-1646
204000111,738,952,-214
204000112,607,4504,-3897
204000113,375,1709,-1334
204000114,1161,1323,-162
204000115,1317,664,653
204000116,714,4125,-3411
204000119,3065,2104,961
204000132,814,513,301
204000133,979,200,779
204000134,243,233,10
204000135,712,429,283
204000136,462,343,119
204000138,356,660,-304
204000140,298,129,169
204000141,208,65,143
204000144,8,24,-16
204000145,807,60,747
204000146,32,276,-244
204000147,19,323,-304
204000148,421,38,383
204000154,7,0,7
204000155,1,4,-3
204000177,53,46,7
204000179,87,33,54
204000180,1,34,-33
204000222,5,11,-6
204000235,63,18,45
204000236,61,263,-202
204000238,27,29,-2
204000240,306,87,219
204000263,500,951,-451
204000268,780,450,330
204000308,160,41,119
204000317,8,173,-165
204000322,18,99,-81
204000323,19,6,13
204000328,242,76,166
204000329,76,171,-95
204000330,229,17,212
204000331,61,119,-58
204010341,15,230,-215
205000001,729,1102,-373
205000013,33,103,-70
205000014,53,96,-43
205000015,66,73,-7
205000016,17,80,-63
205000017,43,79,-36
205000022,281,688,-407
205000025,1197,747,450
205000029,634,28,606
205000045,122,714,-592
205000046,345,1180,-835
205000047,101,1641,-1540
205000048,579,553,26
205000049,205,491,-286
205000050,2666,293,2373
205000059,0,212,-212
205000060,2,249,-247
205000061,1,545,-544
205000062,1,710,-709
205000063,20,672,-652
205000064,31,97,-66
205000065,181,584,-403
205000066,130,344,-214
205000067,85,493,-408
205000069,214,31,183
205000082,196,255,-59
205000110,104,155,-51
205000111,240,166,74
205000112,195,224,-29
205000113,103,140,-37
205000121,213,72,141
205000123,43,136,-93
205000126,660,135,525
205000127,998,148,850
205000128,514,73,441
205000129,884,73,811
205000130,83,23,60
205000131,53,7,46
205000132,128,5,123
205000133,40,1,39
205000134,426,0,426
205000137,205,73,132
205000138,140,237,-97
205000139,53,118,-65
205000144,130,75,55
205000145,444,218,226
205000151,243,43,200
205000152,257,25,232
205000153,317,30,287
205000154,115,67,48
205000155,146,11,135
205000207,8,105,-97
205000233,26,2,24
205000234,1,1,0
205000243,0,4,-4
205000244,0,5,-5
205000245,11,204,-193
205000249,0,20,-20
205000250,27,2,25
205000264,11,69,-58
206000027,5,13,-8
206000028,9,7,2
206000043,16,47,-31
206000053,4,6,-2
206000054,2,14,-12
206000055,1,8,-7
206000075,16,35,-19
206000076,40,14,26
206000077,21,19,2
206000078,16,13,3
206000079,45,7,38
206000082,432,146,286
206000100,32,610,-578
206000103,5,8,-3
206000104,7,17,-10
206000105,5,11,-6
206000106,3,32,-29
206000108,856,95,761
206000125,108,0,108
206000157,38,468,-430
206000170,2,132,-130
206000171,9,196,-187
206000172,23,138,-115
206000173,3,131,-128
206000174,16,23,-7
206000175,2,43,-41
206000176,15,67,-52
206000177,1,53,-52
206000178,2,243,-241
206000179,1,212,-211
206000180,12,94,-82
206000181,21,26,-5
206000182,14,36,-22
206000183,11,106,-95
206000184,4,85,-81
206000185,5,30,-25
206000186,76,224,-148
206000223,12,329,-317
206000226,46,5,41
206000227,31,9,22
206000237,51,160,-109
206000238,32,223,-191
206000239,258,1258,-1000
206000240,1,37,-36
206000241,0,56,-56
206000242,11,158,-147
206000243,14,54,-40
206000244,91,149,-58
206000245,2062,49,2013
206000246,639,21,618
206000247,692,47,645
206000248,864,37,827
206000252,91,83,8
206000258,18,44,-26
206000315,48,7,41
206000317,858,223,635
206000318,1198,114,1084
206000319,3536,99,3437
206000320,752,67,685
206000321,732,11,721
206000322,1208,31,1177
206000323,342,12,330
206000324,390,30,360
206000325,310,27,283
206000326,317,40,277
206000327,80,26,54
206000328,384,3,381
206000329,580,9,571
206000330,93,9,84
206000331,464,6,458
206000332,131,2,129
206000333,1530,1,1529
206000334,710,1,709
206000335,0,14,-14
206000361,3,138,-135
206000392,1,11,-10
206000405,216,18,198
206000441,113,29,84
206000498,81,4,77
206000515,85,71,14
206000530,723,98,625
206000531,335,499,-164
206000532,1772,827,945
206000535,105,5056,-4951
206000536,11,76,-65
206000537,15,133,-118
206000613,1486,424,1062
207000001,114,596,-482
207000002,116,459,-343
207000003,159,197,-38
207000007,2135,289,1846
207000008,292,8,284
207000009,96,51,45
207000010,326,237,89
207000012,708,228,480
207000015,317,505,-188
207000019,344,128,216
207000021,599,280,319
207000022,211,219,-8
207000023,390,104,286
207000024,7,26,-19
207000025,31,130,-99
207000026,132,49,83
207000027,22,55,-33
207000028,75,119,-44
207000029,150,377,-227
207000033,354,543,-189
207000034,355,188,167
207000039,850,94,756
207000040,793,46,747
207000041,204,111,93
207000042,411,84,327
207000043,286,219,67
207000051,127,266,-139
207000052,17,212,-195
207000053,386,355,31
207000054,68,71,-3
207000055,217,80,137
207000056,311,230,81
207000057,156,631,-475
207000058,190,290,-100
207000059,158,218,-60
207000060,80,248,-168
207000061,227,1303,-1076
207000062,805,41,764
207000063,890,69,821
207000064,450,92,358
207000065,384,249,135
207000066,419,213,206
207000067,87,75,12
207000068,191,53,138
207000069,1085,346,739
207000082,3,147,-144
207000083,136,161,-25
207000084,733,353,380
207000085,364,52,312
207000086,510,5,505
207000106,47,43,4
207000107,180,12,168
207000108,134,2,132
207000109,113,6,107
207000110,84,83,1
207000111,96,149,-53
207000112,80,1531,-1451
207000114,20,21,-1
207000115,60,62,-2
207000116,42,515,-473
207000117,6,53,-47
207000118,6,33,-27
207000119,30,59,-29
207000123,324,14,310
207000124,149,27,122
207000125,78,27,51
207000126,64,36,28
207000134,168,110,58
207000135,32,136,-104
207000148,131,574,-443
207000149,57,27,30
207000152,151,433,-282
207000153,337,939,-602
207000154,370,322,48
207000159,141,148,-7
207000160,249,196,53
207000238,0,140,-140
207000242,1,98,-97
207000248,61,38,23
207000249,158,21,137
207000250,541,93,448
207000251,156,134,22
207000252,44,34,10
207000278,178,134,44
207000279,43,98,-55
207000280,1485,92,1393
207000281,175,272,-97
207000282,85,434,-349
207000283,32,227,-195
207000284,37,1206,-1169
207000285,75,116,-41
207000291,13,112,-99
207000304,137,89,48
207000306,72,296,-224
207000310,188,97,91
207000353,148,5,143
207000356,10,90,-80
207000357,7,15,-8
207000358,4,43,-39
207000415,13,177,-164
207000417,69,5,64
207000418,89,119,-30
207000438,0,1,-1
207000439,583,575,8
207000446,210,9,201
207000460,83,7,76
207000466,332,194,138
207000467,618,82,536
207000468,72,146,-74
207000476,9,18,-9
207000477,1131,42,1089
207000478,2,93,-91
207000523,0,5,-5
207000524,44,1,43
207000527,322,175,147
207000530,995,10,985
207000531,445,10,435
207000532,189,59,130
207000534,251,29,222
207000535,25,535,-510
207000537,14,93,-79
207000540,4,95,-91
207000541,4,218,-214
207000548,12,214,-202
207000549,525,28,497
207000561,310,325,-15
207000562,18,116,-98
207000567,94,341,-247
207000568,477,33,444
207000569,1172,190,982
207000584,68,258,-190
207000585,28,274,-246
207000616,0,94,-94
207000617,279,1,278
207900008,426,77,349
208000001,726,1840,-1114
208000002,932,919,13
208000003,1107,608,499
208000004,984,1065,-81
208000005,1,14,-13
208000019,1321,576,745
208000020,294,341,-47
208000021,352,240,112
208000022,1140,524,616
208000028,1284,3180,-1896
208000033,651,482,169
208000034,1230,2345,-1115
208000037,523,29,494
208000040,264,90,174
208000041,1220,634,586
208000042,1454,542,912
208000047,245,171,74
208000064,2034,2199,-165
208000066,1488,2966,-1478
208000070,680,387,293
208000071,889,430,459
208000072,812,811,1
208000080,400,722,-322
208000081,598,120,478
208000082,600,119,481
208000083,269,184,85
208000084,9,21,-12
208000085,804,557,247
208000086,565,1176,-611
208000087,554,865,-311
208000089,1265,368,897
208000090,1327,445,882
208000093,64,139,-75
208000094,727,455,272
208000095,1016,516,500
208000104,1570,625,945
208000105,1069,792,277
208000114,95,462,-367
208000115,592,381,211
208000116,1274,1395,-121
208000117,41,114,-73
208000118,165,293,-128
208000155,786,1584,-798
208000158,1968,4369,-2401
208000186,1243,3647,-2404
208000204,1174,1524,-350
208000205,2124,801,1323
208000282,1391,2630,-1239
209000004,880,295,585
209000005,89,45,44
209000006,498,228,270
209000007,518,566,-48
209000010,329,259,70
209000011,185,385,-200
209000012,107,125,-18
209000013,368,269,99
209000014,519,601,-82
209000025,724,129,595
209000026,1348,163,1185
209000027,352,344,8
209000028,283,292,-9
209000029,437,1323,-886
209000030,356,1548,-1192
209000031,2935,1689,1246
209000034,397,444,-47
209000035,324,451,-127
209000036,512,253,259
209000037,638,315,323
209000038,304,200,104
209000039,143,146,-3
209000040,545,648,-103
209000041,218,331,-113
209000042,374,298,76
209000043,622,664,-42
209000044,322,895,-573
209000045,844,406,438
209000046,814,539,275
209000047,612,280,332
209000048,708,572,136
209000049,157,51,106
209000050,257,81,176
209000051,331,153,178
209000052,166,166,0
209000062,93,56,37
209000063,93,77,16
209000064,63,29,34
209000065,292,45,247
209000066,229,18,211
209000067,290,42,248
209000080,21,226,-205
209000082,123,57,66
209000091,35,91,-56
209000093,39,24,15
209000094,54,136,-82
209000110,62,219,-157
209000111,869,2778,-1909
209000112,2041,800,1241
209000113,2904,1200,1704
209000114,1342,910,432
209000115,69,64,5
209000116,391,272,119
209000118,19,78,-59
209000119,8,20,-12
209000121,123,408,-285
209000135,56,259,-203
209000142,814,3222,-2408
209000143,63,47,16
209000144,67,334,-267
209000229,241,144,97
209000240,45,163,-118
209000259,51,78,-27
209000260,73,902,-829
209000261,7,332,-325
209000262,1,289,-288
209000263,1,413,-412
209000264,0,348,-348
209000265,454,0,454
209000266,185,0,185
209000267,1871,16,1855
209000268,555,129,426
210000037,161,35,126
210000047,157,23,134
210000048,257,21,236
210000049,95,3,92
210000052,123,75,48
210000053,81,38,43
210000054,18,85,-67
210000070,243,2,241
210000071,152,0,152
210000072,48,1,47
210000073,2,33,-31
210000074,0,115,-115
210000075,1,273,-272
210000076,11,271,-260
210000077,4,213,-209
210000078,50,129,-79
210000079,20,16,4
210000080,60,160,-100
210000081,178,45,133
210000082,41,4,37
210000083,63,0,63
210000084,95,1,94
210000085,3,75,-72
210000086,5,101,-96
210000099,115,202,-87
210000100,124,150,-26
210000101,121,201,-80
210000105,31,334,-303
210000159,0,325,-325
210000163,88,376,-288
210000164,234,420,-186
210000168,188,78,110
210000187,0,65,-65
210000188,0,45,-45
210000214,3,0,3
210000219,88,54,34
210000220,207,49,158
210000232,12,14,-2
210000233,97,60,37
210000234,59,133,-74
210000235,147,61,86
210000245,1,200,-199
210000246,20,1,19
210000258,25,107,-82
210000259,360,66,294
210000282,53,223,-170
210000285,1,193,-192
210000286,17,193,-176
210000290,0,6,-6
210000295,60,198,-138
210000296,65,63,2
210000320,323,64,259
210000321,137,34,103
210000338,70,71,-1
210000339,217,1169,-952
210000340,156,407,-251
210000341,283,359,-76
210000342,376,191,185
210000343,190,259,-69
210000344,99,275,-176
210000345,162,411,-249
210000346,94,171,-77
210000347,90,71,19
210000348,153,73,80
210000349,38,40,-2
210000350,187,86,101
210000351,202,37,165
210000352,87,53,34
210000353,52,48,4
210000354,47,59,-12
210000355,42,87,-45
210000356,34,149,-115
210000357,71,121,-50
210000358,424,348,76
210000359,66,243,-177
210000360,206,409,-203
210000361,230,219,11
210000362,255,266,-11
210000363,525,372,153
210000364,195,222,-27
210000365,119,129,-10
210000366,196,84,112
210000367,141,43,98
210000368,221,57,164
210000369,25,50,-25
210000370,104,65,39
210000372,29,17,12
210000373,15,43,-28
210000374,72,55,17
210000375,35,25,10
210000376,51,145,-94
210000404,59,173,-114
210000439,71,14,57
210000472,47,2,45
210000482,79,183,-104
210000564,194,333,-139
210000567,1,76,-75
210000568,260,1,259
211000092,81,50,31
211000094,64,14,50
211000169,248,17,231
211000172,23,205,-182
211000209,2,87,-85
211000226,5,48,-43
211000270,57,12,45
211000275,30,21,9
211000276,194,24,170
211000279,25,40,-15
211000281,124,45,79
211507980,1,70,-69
211977296,38,8,30
212000003,224,46,178
212000004,30,102,-72
212000005,18,71,-53
212000006,37,107,-70
212000008,357,126,231
212000009,71,87,-16
212000012,127,29,98
212000013,31,28,3
212000014,332,79,253
212000015,388,175,213
212000016,640,453,187
212000027,614,340,274
212000028,448,313,135
212000029,220,176,44
212000030,79,22,57
212000031,117,49,68
212000048,27,546,-519
212000049,22,304,-282
212000050,25,9,16
212000051,360,151,209
212000052,339,190,149
212000053,266,313,-47
212000054,618,81,537
212000055,552,102,450
212000056,15,38,-23
212000057,11,32,-21
212000058,156,29,127
212000070,160,179,-19
212000077,181,420,-239
212000099,434,229,205
212000108,324,153,171
212000111,421,111,310
212000120,200,92,108
212000138,213,38,175
212000156,4,84,-80
212000158,10,33,-23
212000159,774,58,716
212000160,906,140,766
212000161,132,8,124
212000310,89,29,60
212000311,14,36,-22
212000374,68,10,58
213000001,24,496,-472
213000005,764,150,614
213000006,921,331,590
213000007,72,15,57
213000009,397,237,160
213000010,392,235,157
213000011,238,213,25
213000012,238,214,24
213000014,86,29,57
213000015,400,10,390
213000016,470,3,467
213000017,115,1,114
213000018,2,21,-19
213000019,0,63,-63
213000020,175,177,-2
213000021,4,65,-61
213000023,492,355,137
213000033,445,1492,-1047
213000034,605,217,388
213000035,191,310,-119
213000045,343,377,-34
213000046,240,203,37
213000047,362,1144,-782
213000056,217,36,181
213000069,134,5,129
213000073,3,99,-96
213000074,309,758,-449
213000075,800,7,793
213000076,8,2,6
213000085,2,27,-25
213000086,21,154,-133
213000091,468,22,446
213000092,65,19,46
213000099,203,1629,-1426
213000100,864,360,504
213000101,905,88,817
213000102,1028,110,918
213000103,1075,662,413
213000104,88,310,-222
213000105,130,2016,-1886
213000106,20,87,-67
213000107,164,254,-90
213000108,53,316,-263
213000109,9,154,-145
213000110,19,101,-82
213000111,3,82,-79
213000112,56,106,-50
213000115,84,2,82
213000116,106,483,-377
213000117,9,481,-472
213000118,1334,309,1025
213000119,61,446,-385
213000120,109,180,-71
213000122,294,256,38
213000123,216,530,-314
213000124,278,1004,-726
213000125,289,56,233
213000126,34,173,-139
213000127,51,292,-241
213000128,120,1249,-1129
213000129,225,1361,-1136
213000130,1614,632,982
213000132,1034,189,845
213000133,1599,127,1472
213000134,1989,13,1976
213000136,783,27,756
213000137,978,100,878
213000139,150,18,132
213000147,29,10,19
213000148,25,16,9
213000149,78,22,56
213000150,1,431,-430
213000151,1,254,-253
213000152,1,168,-167
213000153,4,195,-191
213000154,113,380,-267
213000155,52,191,-139
213000156,149,294,-145
213000157,1120,306,814
213000158,508,724,-216
213000159,1011,331,680
213000163,2184,196,1988
213000165,1306,455,851
213000171,0,20,-20
213000172,2,79,-77
213000173,2,64,-62
213000174,1,49,-48
213000175,27,22,5
213000176,123,64,59
213000177,183,2,181
213000178,376,5,371
213000179,377,2,375
213000180,360,1,359
213000184,108,484,-376
213000188,742,90,652
213000189,948,38,910
213000190,846,604,242
213000191,690,226,464
213000192,488,165,323
213000193,502,336,166
213000194,1,141,-140
213000195,39,317,-278
213000196,271,1646,-1375
213000197,930,882,48
213000198,38,2,36
213000200,76,567,-491
213000201,36,74,-38
213000202,57,457,-400
213000203,2122,440,1682
213000204,1225,40,1185
213000205,712,63,649
213000206,895,40,855
213000207,83,10,73
213000208,57,5,52
213000209,129,3,126
213000210,254,5,249
213000211,10,50,-40
213000212,31,34,-3
213000213,13,72,-59
213000218,481,404,77
213000219,1054,13,1041
213000220,1020,21,999
213000223,208,281,-73
213000224,23,86,-63
213000225,111,44,67
213000226,113,44,69
213000227,1668,236,1432
213000228,763,135,628
213000229,75,27,48
213000230,589,17,572
213000232,108,244,-136
213000233,14,402,-388
213000234,2,102,-100
213000293,20,85,-65
213000294,71,59,12
213000295,31,76,-45
213000296,81,27,54
213000297,4,74,-70
213000298,16,73,-57
213000299,90,26,64
213000300,9,9,0
213000303,3,24,-21
213000304,2,14,-12
213000305,2,40,-38
213000306,46,181,-135
213000307,89,179,-90
213000308,124,180,-56
213000309,217,51,166
213000310,455,255,200
213000311,183,1116,-933
213000315,137,179,-42
213000316,288,84,204
213000322,159,43,116
213000323,253,114,139
213000324,114,9,105
213000325,149,53,96
213000326,78,21,57
213000327,122,29,93
213000328,37,97,-60
213000329,185,37,148
213000340,235,270,-35
213000341,1256,116,1140
213000346,180,370,-190
213000347,417,907,-490
213000348,3,668,-665
213000349,9,48,-39
213000350,331,975,-644
213000366,88,199,-111
213000367,545,18,527
213000379,44,366,-322
213000386,47,95,-48
213000406,235,172,63
213000417,2292,557,1735
213000425,424,102,322
213000426,284,36,248
213000427,115,95,20
213000428,65,103,-38
213000429,10,10,0
213000430,129,383,-254
213000431,20,15,5
213000432,3,81,-78
213000433,39,75,-36
213000434,185,157,28
213000435,224,117,107
213000436,80,50,30
213000437,0,12,-12
213000438,210,23,187
213000439,58,18,40
213000440,14,164,-150
213000441,1,2,-1
213000442,4,17,-13
213000443,576,466,110
213000444,68,8,60
213000445,1,74,-73
213000446,2,88,-86
213000447,1,76,-75
213000448,27,262,-235
213000449,1392,15,1377
213000450,24,44,-20
213000451,461,93,368
213000452,39,20,19
213000453,44,248,-204
213000455,159,37,122
213000456,0,289,-289
213000481,2,5,-3
213000482,32,0,32
213000489,225,61,164
213000491,6,234,-228
213000492,96,0,96
213000493,2,188,-186
213000494,432,144,288
213000495,0,19,-19
213000496,876,132,744
213000497,107,201,-94
213000498,198,98,100
213000499,395,160,235
213000500,942,74,868
213000501,287,60,227
213000502,246,158,88
213000503,0,32,-32
213000504,31,37,-6
213000505,6,2,4
213000506,0,11,-11
213000507,0,111,-111
213900016,0,2,-2
213900244,100,0,100
213900245,0,20,-20
218000003,54,33,21
218000004,44,55,-11
218000005,35,68,-33
218000006,135,50,85
218000007,78,21,57
218000012,280,217,63
218000013,258,290,-32
218000014,525,376,149
218000019,497,595,-98
218000020,265,366,-101
218000021,21,30,-9
218000022,39,7,32
218000023,7,11,-4
218000024,4,9,-5
218000025,1,12,-11
218000026,8,23,-15
218000027,1,8,-7
218000028,2,3,-1
218000029,0,4,-4
218000030,10,17,-7
218000031,10,15,-5
218000032,0,15,-15
218000040,0,14,-14
218000046,108,55,53
218000047,11,36,-25
218000048,72,40,32
218000049,39,38,1
218000050,228,142,86
218000051,68,152,-84
218000052,0,38,-38
218000053,2,31,-29
218000054,0,56,-56
218000055,17,26,-9
218000056,20,41,-21
218000057,1,21,-20
218000064,0,13,-13
218000065,95,126,-31
218000066,16,44,-28
218000067,129,65,64
218000068,175,84,91
218000069,386,108,278
218000070,211,168,43
218000071,187,162,25
218000072,182,304,-122
218000078,1926,514,1412
218000079,394,69,325
218000080,326,89,237
218000081,1055,170,885
218000082,171,86,85
218000083,156,50,106
218000084,248,80,168
218000085,238,183,55
218000086,170,116,54
218000087,331,108,223
218000090,39,184,-145
218000091,1436,709,727
218000092,152,149,3
218000093,122,59,63
218000094,603,513,90
218000099,355,755,-400
218000100,614,377,237
218000101,471,188,283
218000102,817,173,644
218000103,154,113,41
218000104,176,37,139
218000105,38,24,14
218000106,11,20,-9
218000107,158,38,120
218000108,15,31,-16
218000112,116,78,38
218000117,47,134,-87
218000134,903,355,548
218000135,15,115,-100
218000136,216,123,93
218000137,267,177,90
218000138,62,128,-66
218000139,285,257,28
218000140,887,453,434
218000141,113,110,3
218000142,247,146,101
218000143,78,617,-539
218000144,36,248,-212
218000145,801,376,425
218000146,288,151,137
218000151,5,20,-15
218000152,87,40,47
218000153,8,18,-10
218000154,21,3,18
218000155,59,6,53
218000156,174,26,148
218000157,61,35,26
218000158,45,42,3
218000159,8,35,-27
218000160,31,13,18
218000161,81,2,79
218000162,113,1,112
218000163,42,4,38
218000164,156,7,149
218000165,202,37,165
218000170,2,29,-27
218000171,46,3,43
218000172,11,7,4
218000173,16,17,-1
218000174,22,20,2
218000176,258,84,174
218000177,476,258,218
218000178,110,315,-205
218000179,187,80,107
218000180,176,31,145
218000181,347,63,284
218000187,25,75,-50
218000188,26,78,-52
218000189,47,116,-69
218000190,26,30,-4
218000191,260,58,202
218000192,353,212,141
218000193,665,276,389
218000194,189,299,-110
218000195,270,46,224
218000196,481,224,257
218000197,833,207,626
218000198,38,47,-9
218000199,60,12,48
218000200,51,35,16
218000201,31,13,18
218000202,82,671,-589
218000207,4,54,-50
218000208,31,66,-35
218000211,72,56,16
218000212,2,5,-3
218000213,117,73,44
218000214,4,24,-20
218000215,55,18,37
218000217,5,47,-42
218000218,169,31,138
218000219,7,53,-46
218000220,52,939,-887
218000221,581,307,274
218000222,3,89,-86
218000223,78,604,-526
218000224,22,282,-260
218000225,285,32,253
218000226,271,157,114
218000230,0,8,-8
218000232,57,78,-21
218000239,120,10,110
218000240,5,2,3
218000241,16,0,16
218000242,5,0,5
218000243,21,12,9
218000244,34,5,29
218000245,46,2,44
218000246,0,2,-2
218000247,1,0,1
218000248,0,38,-38
218000249,0,6,-6
218000250,9,99,-90
218000251,21,85,-64
218000252,7,409,-402
218000253,3,172,-169
218000254,1,71,-70
218000255,6,45,-39
218000256,12,91,-79
218000267,403,1261,-858
218000268,12,40,-28
218000269,1,14,-13
218000270,193,57,136
218000271,16,16,0
218000273,51,3,48
218000274,11,5,6
218000275,84,78,6
218000276,33,27,6
218000278,3,81,-78
218000279,117,50,67
218000280,13,42,-29
218000281,31,25,6
218000282,645,1084,-439
218000284,61,13,48
218000301,143,166,-23
218000302,100,69,31
218000303,5,72,-67
218000316,1530,934,596
218000317,2589,822,1767
218000318,1863,451,1412
218000319,2099,808,1291
218000320,1999,681,1318
218000338,22,124,-102
218000345,105,121,-16
218000346,59,313,-254
218000459,30,113,-83
218000490,24,76,-52
218000501,149,69,80
218000502,94,35,59
218000503,147,18,129
218000504,145,25,120
218000505,53,85,-32
218000506,30,197,-167
218000508,1,11,-10
218000510,142,22,120
218000520,149,122,27
218000521,6,42,-36
218000522,0,269,-269
218000523,159,1,158
218000524,13,885,-872
218000525,105,54,51
218000526,14,410,-396
218000529,83,91,-8
218000530,47,6,41
218000531,46,16,30
218000532,63,22,41
218000534,239,17,222
218000537,13,104,-91
218000538,144,790,-646
218000540,133,136,-3
218000543,263,83,180
218000544,58,66,-8
218000545,99,70,29
218000546,47,61,-14
218000547,236,171,65
218000548,105,68,37
218000549,881,374,507
218000550,174,212,-38
218000551,131,801,-670
218000552,332,288,44
218000553,25,132,-107
218000554,69,75,-6
218000555,22,72,-50
218000556,248,161,87
218000557,626,228,398
218000558,102,1,101
218000559,0,27,-27
218000560,0,43,-43
218000561,29,0,29
218000562,36,144,-108
218000563,272,40,232
218000564,4,129,-125
218000565,84,105,-21
218000566,85,42,43
218000567,3,128,-125
218000568,8,9,-1
218000569,11,510,-499
218000570,21,30,-9
218000571,0,171,-171
218000572,240,9,231
218000573,4,316,-312
218000574,37,60,-23
218000575,145,2,143
218000576,1,88,-87
218000577,160,0,160
218000578,2,265,-263
218000579,32,42,-10
218000581,7,73,-66
218000582,66,13,53
218000583,13,0,13
218000584,0,56,-56
218000585,79,28,51
218000586,22,31,-9
218000587,0,8,-8
218000588,0,2,-2
218000589,2,2,0
218000590,6,0,6
218000591,0,2,-2
218000592,6,2,4
218000593,0,3,-3
218000594,0,0,0
218000595,0,0,0
218000596,0,0,0
218000597,0,0,0
218000598,0,1,-1
218000599,0,1,-1
218000600,0,2,-2
218000601,0,2,-2
218000602,0,1,-1
218000603,0,3,-3
218000604,17,0,17
218000605,0,20,-20
218000606,151,1,150
218000607,15,60,-45
218000608,71,35,36
218000609,6,76,-70
218000610,109,17,92
218000611,42,1,41
218000612,5,47,-42
218000613,59,1,58
218000614,0,61,-61
218000615,237,16,221
218000616,6,176,-170
218000617,10,1,9
218000618,1,32,-31
218000619,85,51,34
218000620,12,69,-57
218000621,0,7,-7
218000622,0,51,-51
218000623,66,1,65
218000624,0,93,-93
218000625,2,1,1
218000626,0,30,-30
218000628,312,133,179
218000631,37,32,5
218000632,3,192,-189
218000633,127,1,126
218000634,2,17,-15
218000635,2,21,-19
218000636,1295,630,665
218000637,1554,410,1144
218000638,412,29,383
218000639,43,83,-40
218000640,666,46,620
218000641,119,79,40
218000652,56,19,37
218000653,326,85,241
218000663,22,44,-22
218000675,61,77,-16
218000676,7,13,-6
218000677,54,3,51
218000680,285,201,84
218000681,616,184,432
218000691,346,131,215
218000693,651,95,556
218000703,8,19,-11
218000718,26,720,-694
218000719,93,413,-320
218000720,8,355,-347
218000721,36,102,-66
218000725,11,3,8
218001147,0,8,-8
218001214,19,273,-254
218001258,193,7,186
218001329,127,177,-50
218001330,108,72,36
218001351,15,8,7
218001352,21,55,-34
218001353,30,7,23
218001354,2,41,-39
218001355,0,39,-39
218001356,976,38,938
218001357,2,13,-11
218001358,658,16,642
218001361,511,5,506
218001362,2,12,-10
219000001,33,53,-20
219000002,39,60,-21
219000003,78,50,28
219000004,78,85,-7
219000017,65,142,-77
219000020,213,40,173
219000022,159,3,156
219000023,77,1,76
219000029,8,94,-86
219000034,53,26,27
219000039,56,278,-222
219000040,43,98,-55
219000041,159,27,132
219000051,0,68,-68
219000052,0,70,-70
219000053,3,90,-87
219000054,18,123,-105
219000055,406,0,406
219000056,5,0,5
219000057,54,0,54
219000062,7,141,-134
219000063,131,12,119
219000064,14,96,-82
219000110,376,178,198
219000111,91,57,34
219000112,254,63,191
219000113,222,38,184
219000114,159,44,115
219000116,210,77,133
219000117,265,113,152
219000118,208,106,102
219000123,207,72,135
219000124,92,78,14
219000125,21,7,14
219000126,50,172,-122
219000127,0,8,-8
219000128,7,172,-165
219000129,21,141,-120
219000130,227,855,-628
219000131,840,1428,-588
219000133,40,85,-45
219000134,13,43,-30
219000135,32,114,-82
219000136,105,204,-99
219000138,122,25,97
219000139,100,31,69
219000140,151,3,148
219000141,54,43,11
219000142,18,51,-33
219000143,42,41,1
219000145,22,45,-23
219000146,9,21,-12
219000147,3,46,-43
219000148,7,13,-6
219000149,8,42,-34
219000150,0,56,-56
219000151,4,17,-13
219000157,368,114,254
219000158,198,215,-17
219000161,203,11,192
219000163,1553,468,1085
219000166,159,237,-78
219000167,169,158,11
219000168,289,87,202
219000174,590,167,423
219000175,197,15,182
219000176,273,11,262
219000177,153,3,150
219000178,121,0,121
219000179,85,8,77
219000180,41,64,-23
219000182,220,26,194
219000183,98,37,61
219000184,191,15,176
219000185,7,37,-30
219000186,78,12,66
219000187,24,68,-44
219000189,56,311,-255
219000190,25,328,-303
219000191,200,2476,-2276
219000192,267,195,72
219000193,127,223,-96
219000195,7,96,-89
219000196,8,119,-111
219000198,20,107,-87
219000199,44,130,-86
219000200,77,153,-76
219000201,51,212,-161
219000203,31,149,-118
219000204,58,508,-450
219000205,38,292,-254
219000207,68,255,-187
219000209,36,23,13
219000210,6,185,-179
219000213,6,248,-242
219000239,226,231,-5
219000240,210,507,-297
219000241,200,167,33
219000242,104,203,-99
219000243,197,296,-99
219000244,28,60,-32
219000245,38,59,-21
219000246,61,88,-27
219000247,312,45,267
219000248,615,705,-90
219000249,215,180,35
219000250,311,120,191
219000251,809,324,485
219000252,452,187,265
219000253,401,89,312
219000255,173,168,5
219000256,451,73,378
219000257,163,0,163
219000262,101,134,-33
219000263,76,100,-24
219000267,6,36,-30
219000268,6,12,-6
219000269,4,0,4
219000270,37,0,37
219000271,260,1,259
219000278,1,21,-20
219000279,1,19,-18
219000283,0,56,-56
219000295,19,69,-50
219000296,132,252,-120
219000297,42,53,-11
219000298,37,26,11
219000299,441,85,356
219000300,62,70,-8
219000301,72,330,-258
219000302,30,192,-162
219000307,46,14,32
219000308,125,48,77
219000311,260,87,173
219000312,574,162,412
219000313,667,50,617
219000314,81,191,-110
219000315,433,35,398
219000316,926,87,839
219000317,235,37,198
219000320,22,91,-69
219000321,0,54,-54
219000323,5,74,-69
219000325,4,8,-4
219000326,86,116,-30
219000327,68,15,53
219000328,29,50,-21
219000329,377,122,255
219000330,41,36,5
219000331,53,81,-28
219000332,153,91,62
219000333,38,9,29
219000335,104,1,103
219000337,24,0,24
219000338,75,0,75
219000344,23,81,-58
219000345,115,38,77
219000346,45,55,-10
219000348,220,60,160
219000349,77,105,-28
219000350,60,507,-447
219000351,2,8,-6
219000352,283,71,212
219000353,136,39,97
219000354,310,45,265
219000355,209,50,159
219000356,478,2304,-1826
219000363,212,101,111
219000364,143,70,73
219000365,103,19,84
219000366,269,829,-560
219000368,417,667,-250
219000370,807,830,-23
219000371,9,25,-16
219000382,6,57,-51
219000383,265,2215,-1950
219000385,381,909,-528
219000386,896,2452,-1556
219000387,1,47,-46
219000390,11,6,5
219000391,6,1,5
219000397,53,26,27
219000398,77,76,1
219000401,31,104,-73
219000402,27,78,-51
219000403,67,300,-233
219000404,19,124,-105
219000407,21,53,-32
219000409,114,75,39
219000410,174,56,118
219000411,112,8,104
219000446,85,483,-398
219000447,2,20,-18
219000448,7,7,0
219000452,107,72,35
219000453,58,312,-254
219000454,288,448,-160
219000556,484,125,359
219000558,96,170,-74
219000590,31,278,-247
219000591,213,144,69
219000592,90,274,-184
219000595,4,8,-4
219000635,240,55,185
219000636,98,55,43
219000657,21,12,9
219000658,24,202,-178
219000673,1,99,-98
219000676,33,14,19
219000679,33,6,27
219000684,122,4,118
219000685,0,32,-32
219000686,0,5,-5
219000688,1,31,-30
219000689,27,197,-170
219000690,179,42,137
219000691,37,191,-154
219000692,241,32,209
219000693,3,18,-15
219000694,25,5,20
219000695,49,2,47
219000698,10,0,10
219000699,0,122,-122
219000727,2,125,-123
219000728,151,2,149
219000770,91,1,90
219000771,2,134,-132
219000788,258,437,-179
219001150,2,35,-33
219001151,2,4,-2
219001166,50,84,-34
219001167,6,60,-54
219001178,83,2,81
220000001,63,200,-137
220000002,13,127,-114
220000003,295,187,108
220000004,473,403,70
220000005,728,1985,-1257
220000006,175,800,-625
220000007,439,265,174
220000008,361,580,-219
220000009,431,459,-28
220000010,118,84,34
220000011,520,4440,-3920
220000012,66,504,-438
220000014,208,85,123
220000015,145,670,-525
220000017,32,441,-409
220000018,8270,3909,4361
220000019,227,710,-483
220000020,817,236,581
220000021,1302,266,1036
220000022,1724,404,1320
220000023,524,243,281
220000024,1440,805,635
220000025,1172,2688,-1516
220000026,416,910,-494
220000027,30,230,-200
220000028,58,96,-38
220000029,31,89,-58
220000030,48,108,-60
220000031,900,570,330
220000064,50,1657,-1607
221000046,4,0,4
221000047,0,0,0
221000048,0,1,-1
221000049,0,28,-28
221000050,20,0,20
221000055,68,40,28
221000057,128,7,121
221000068,271,98,173
221000069,358,51,307
221000070,267,23,244
221000071,89,13,76
221000072,425,12,413
221000073,237,29,208
221000074,2,3,-1
221000075,9,61,-52
221000076,6,37,-31
221000077,11,71,-60
221000081,8,6,2
221000082,99,6,93
221000083,10,13,-3
221000084,15,20,-5
221000085,18,46,-28
221000086,15,95,-80
221000087,9,93,-84
221000088,23,116,-93
221000089,41,183,-142
221000090,64,559,-495
221000098,192,18,174
221000099,264,13,251
221000100,138,6,132
221000101,182,6,176
221000102,155,22,133
221000109,14,89,-75
221000110,4,21,-17
221000111,18,131,-113
221000112,10,92,-82
221000113,9,152,-143
221000114,15,159,-144
221000120,33,95,-62
221000121,10,89,-79
221000122,46,107,-61
221000123,6,43,-37
221000124,23,118,-95
221000155,222,11,211
221000156,95,88,7
221000175,0,13,-13
221000176,0,1,-1
221000182,64,11,53
221000241,384,404,-20
221000242,171,371,-200
221000243,498,335,163
221000244,224,483,-259
221000245,89,72,17
221000246,57,311,-254
221000247,138,77,61
221000248,147,149,-2
221000267,45,1006,-961
221000325,49,204,-155
221000331,6,55,-49
221000338,23,56,-33
221000378,440,42,398
221000381,85,116,-31
222000282,3,0,3
222000296,2,11,-9
222000568,596,21,575
222000569,241,70,171
222000570,247,50,197
222000571,759,28,731
222000577,14,70,-56
222000578,9,105,-96
222000579,15,98,-83
222000580,41,559,-518
222000599,0,85,-85
222000600,0,179,-179
222000601,5,662,-657
222000603,25,90,-65
222000604,6,123,-117
222000605,16,76,-60
222000606,4,38,-34
222000607,12,6,6
222000608,37,15,22
222000609,84,89,-5
222000616,692,41,651
222000617,20,43,-23
222000618,2,4,-2
222000620,24,42,-18
222000621,74,25,49
222000623,826,18,808
222000624,600,8,592
222000625,1731,10,1721
222000636,83,3,80
222000686,33,32,1
222000687,35,34,1
222001066,611,6,605
222001067,87,2,85
222001068,117,29,88
222001069,245,50,195
222001082,34,12,22
222001083,94,25,69
222001084,0,62,-62
222001085,0,311,-311
222001111,150,60,90
222001112,344,63,281
222001313,21,14,7
222001314,2,96,-94
222001464,88,63,25
222001465,27,87,-60
222001484,296,60,236
222001485,31,35,-4
222001494,1063,178,885
222001495,182,119,63
222001496,691,122,569
222001497,108,132,-24
222001502,8,57,-49
222001503,182,33,149
222001504,45,195,-150
222001505,589,13,576
222001506,42,276,-234
222001507,334,21,313
222001510,966,25,941
222001511,108,213,-105
222001514,1232,198,1034
222001515,110,273,-163
222001518,830,56,774
222001519,63,78,-15
222001527,281,134,147
222001528,20,162,-142
222001529,645,36,609
222001530,126,168,-42
222001533,132,114,18
222001534,693,104,589
222001535,448,364,84
222001536,90,104,-14
222001537,553,40,513
222001538,56,545,-489
222001563,1457,250,1207
222001564,168,169,-1
222001568,192,227,-35
222001576,1,3,-2
222001579,1,10,-9
222001583,7,62,-55
222001584,141,43,98
222001596,726,2341,-1615
222001597,1522,1277,245
222001626,1,76,-75
222001650,27,280,-253
222001651,40,512,-472
222001914,416,48,368
222001915,42,297,-255
222001968,474,295,179
222001969,230,369,-139
222001970,234,407,-173
222001971,58,18,40
222001972,9,10,-1
225000001,610,141,469
225000002,1007,174,833
225000003,1126,88,1038
225000004,738,298,440
225000005,119,88,31
225000006,1,212,-211
225000007,1314,1311,3
225000010,338,25,313
225000011,488,1681,-1193
225000012,414,810,-396
225000013,205,112,93
225000014,667,113,554
225000015,145,95,50
225000021,1031,152,879
225000027,178,390,-212
225000032,802,132,670
225000042,75,494,-419
225000049,58,79,-21
225000050,148,13,135
225000053,10,268,-258
225000058,770,261,509
225000067,193,134,59
225000068,125,245,-120
225000069,91,404,-313
225000070,136,269,-133
225000071,36,51,-15
225000075,49,541,-492
225000076,28,108,-80
225000078,51,39,12
225000085,192,92,100
225000086,496,108,388
225000087,237,18,219
225000088,21,207,-186
225000089,59,1004,-945
225000090,52,509,-457
225000091,155,104,51
225000092,58,71,-13
225000093,344,237,107
225000094,28,156,-128
225000095,295,273,22
225000096,179,328,-149
225000098,1144,290,854
225000099,699,164,535
225000100,786,128,658
225000104,99,362,-263
225000110,10,341,-331
225000111,193,646,-453
225000112,297,899,-602
225000113,184,513,-329
225000114,108,268,-160
225000115,751,626,125
225000116,588,207,381
225000117,825,403,422
225000118,1372,329,1043
225000119,396,96,300
225000120,949,46,903
225000121,222,16,206
225000123,745,12,733
225000125,784,160,624
225000126,1069,309,760
225000127,558,2653,-2095
225000128,596,1414,-818
225000132,683,35,648
225000133,339,31,308
225000134,937,191,746
225000135,124,22,102
225000136,678,31,647
225000137,386,40,346
225000138,556,139,417
225000143,57,302,-245
225000144,1,312,-311
225000145,49,21,28
225000146,114,43,71
225000147,50,120,-70
225000148,17,86,-69
225000149,49,202,-153
225000151,26,119,-93
225000155,252,321,-69
225000156,256,932,-676
225000157,467,343,124
225000158,77,171,-94
225000171,6,149,-143
225000180,19,0,19
225000181,0,89,-89
225000182,88,9,79
225000185,3,348,-345
225000187,36,286,-250
225000191,72,0,72
225000194,0,9,-9
225000208,0,63,-63
225000209,201,21,180
225000210,6,321,-315
225000217,0,5,-5
225000218,10,2,8
225000223,1,109,-108
225000224,28,4,24
225000225,0,32,-32
225000226,19,1,18
225000227,50,68,-18
225000228,10,9,1
225000229,0,56,-56
225000230,7,2,5
225000231,0,35,-35
225000232,134,3,131
225000241,73,5,68
225000242,0,59,-59
225000249,3,1,2
225000250,71,443,-372
225000251,791,80,711
225000254,1,7,-6
225000256,6,132,-126
225000257,1,38,-37
226000042,181,324,-143
226000043,26,204,-178
226000044,120,417,-297
226000045,52,218,-166
226000046,799,100,699
226000047,582,173,409
226000048,582,133,449
226000049,480,314,166
226000070,0,20,-20
226000071,0,47,-47
226000072,0,18,-18
226000073,0,10,-10
226000074,0,25,-25
226000084,4,16,-12
226000085,0,10,-10
226000086,7,5,2
226000087,0,46,-46
226000088,7,83,-76
226000090,124,228,-104
226000091,22,134,-112
226000092,1,58,-57
226000093,17,4,13
226000094,11,4,7
226000095,9,6,3
226000105,39,1,38
226000106,34,0,34
226000107,9,1,8
226000108,17,0,17
226000109,143,0,143
226000124,241,62,179
226000134,1401,734,667
226000135,2539,855,1684
226000136,953,847,106
226000137,3,161,-158
226000138,14,83,-69
226000139,3,33,-30
226000156,425,14,411
226000157,346,22,324
226000163,51,276,-225
226000202,11,158,-147
226000231,756,10,746
226000232,65,9,56
227000033,527,53,474
227000036,715,19,696
227000037,735,40,695
227000038,209,27,182
227000084,5,115,-110
227000085,1,41,-40
227000088,42,2,40
227000089,102,0,102
227000090,37,1,36
227000091,22,1,21
227000092,37,0,37
227000093,106,0,106
227000094,15,0,15
227000130,17,155,-138
227000131,21,87,-66
227000132,9,82,-73
227000133,13,97,-84
227000134,24,120,-96
227000152,0,6,-6
227000153,0,88,-88
227000154,3,43,-40
227000155,1,50,-49
227000156,0,12,-12
227000165,1,92,-91
227000196,705,133,572
227000199,719,171,548
227000230,9,192,-183
227000232,870,39,831
227000242,32,420,-388
227000243,427,56,371
227000245,8,221,-213
227000246,80,176,-96
227000247,712,49,663
227000248,176,76,100
227000249,25,146,-121
227000250,435,308,127
227000251,60,356,-296
227000252,52,129,-77
227000253,261,21,240
227000262,730,35,695
227000266,2180,30,2150
227000267,22,762,-740
227000282,1,121,-120
227000284,1312,24,1288
227000286,3,51,-48
227000287,19,26,-7
227000291,9,305,-296
227000296,244,382,-138
227000484,227,8,219
227000485,6,721,-715
227000655,312,3,309
227000656,952,38,914
227000657,270,6,264
227000661,489,15,474
227000680,222,109,113
229000265,54,47,7
229000296,1,22,-21
229000297,2,32,-30
229000298,5,169,-164
229000320,24,13,11
229000321,20,2,18
229000412,10,31,-21
229000414,19,27,-8
229000415,7,3,4
229000416,2,5,-3
229000417,2,5,-3
229000419,72,262,-190
229000440,295,105,190
229000442,30,37,-7
229000443,4,4,0
229000444,0,21,-21
229000445,78,5,73
229000446,87,21,66
229000491,0,11,-11
229000492,5,31,-26
229000493,6,66,-60
229000494,83,6,77
229000495,286,10,276
229000496,153,3,150
229000507,0,33,-33
229000508,1,35,-34
229000509,1,59,-58
229000510,0,29,-29
229000511,1,20,-19
229000512,1,19,-18
229000513,0,7,-7
229000514,0,8,-8
229000517,2,2,0
229000518,10,5,5
229000519,0,1,-1
229000520,13,16,-3
229000521,94,16,78
229000522,14,7,7
229000523,10,4,6
229000524,11,4,7
229000527,0,0,0
229000528,0,0,0
229000529,6,0,6
229000530,96,2,94
229000531,43,1,42
229000532,6,3,3
229000533,70,0,70
229000534,38,1,37
229000564,93,0,93
229000565,45,0,45
229000566,0,5,-5
229000567,0,26,-26
229000582,95,1,94
229000583,9,4,5
229000584,0,8,-8
229000585,2,60,-58
229000718,0,0,0
229000719,1,2,-1
229000720,0,2,-2
229000721,1,15,-14
229000722,0,14,-14
229000723,0,4,-4
229000724,0,2,-2
229000725,0,4,-4
229000738,6,0,6
229000739,2,0,2
229000740,2,0,2
229000741,48,0,48
229000742,13,0,13
229000743,27,0,27
229000744,10,0,10
229000745,0,0,0
229000746,22,1,21
229000847,83,2,81
229000848,27,0,27
229000849,115,1,114
229000851,62,0,62
229000854,0,6,-6
229000856,0,46,-46
229000857,0,12,-12
229000858,0,4,-4
229000919,3,53,-50
229000930,0,284,-284
229000937,109,14,95
229000966,62,80,-18
229000981,15,18,-3
229000985,14,12,2
229000986,4,10,-6
229000987,0,1,-1
229000988,2,3,-1
229000989,26,15,11
229000990,2,2,0
229000991,0,1,-1
229000992,34,17,17
229000993,224,9,215
229000998,7,49,-42
229000999,89,7,82
229001034,0,6,-6
229001035,10,2,8
229001037,104,2,102
229001042,25,18,7
229001047,9,39,-30
229001050,57,50,7
229001168,0,25,-25
229001200,28,36,-8
229001338,1,37,-36
229001394,214,5,209
229001422,231,26,205
229001423,36,99,-63
229001431,78,57,21
229001432,35,54,-19
229001444,255,30,225
229001445,29,108,-79
229001479,53,2,51
229001503,297,88,209
229001504,193,109,84
229001505,129,59,70
229001506,67,66,1
229001509,47,11,36
229001545,152,2,150
229001546,8,41,-33
229001553,177,18,159
229001554,29,94,-65
229001559,0,3,-3
229001560,1,9,-8
229001630,112,2,110
229001631,3,41,-38
229001635,0,20,-20
229001636,1,1,0
229001658,1,150,-149
229001659,49,1,48
229001660,7,8,-1
229001661,5,40,-35
229001662,43,3,40
229001663,0,4,-4
229002584,220,200,20
229002831,109,113,-4
229002841,19,33,-14
229002842,20,35,-15
229002843,80,19,61
229002844,40,68,-28
229002845,24,114,-90
229002846,50,25,25
229002847,0,10,-10
229002848,21,12,9
229002849,2,34,-32
229002850,27,0,27
229002851,23,94,-71
229002852,186,56,130
229002853,128,89,39
229002854,63,72,-9
229002855,1,39,-38
229002856,26,20,6
229002857,30,73,-43
229002858,18,6,12
229002859,25,40,-15
229002860,89,9,80
229002861,90,44,46
229002862,50,42,8
229002863,44,38,6
229002864,23,28,-5
229002865,22,16,6
229002866,39,28,11
229002867,1,29,-28
229002868,16,21,-5
229002869,15,87,-72
229002870,71,17,54
235000066,244,28,216
235000067,97,65,32
235000072,31,75,-44
235000073,86,437,-351
235000074,74,42,32
235000080,14,58,-44
235000081,142,60,82
235000082,203,20,183
235000083,264,29,235
235000084,86,52,34
235000085,260,35,225
235000089,26,34,-8
235000092,62,206,-144
235000093,15,14,1
235000097,6,6,0
235000098,86,6,80
235000099,24,35,-11
235000116,28,10,18
235000117,354,16,338
235000133,13,684,-671
235000134,9,225,-216
235000206,9,12,-3
235000207,5,9,-4
235000208,4,3,1
235000209,9,0,9
235000210,12,1,11
235000212,2,26,-24
235000213,2,21,-19
235000220,2,6,-4
235000221,30,31,-1
235000238,14,228,-214
235000239,4,50,-46
235000242,495,1218,-723
235000245,349,172,177
235000246,10,49,-39
235000284,13,117,-104
235000295,83,45,38
235000305,363,44,319
235000306,571,12,559
235000307,27,8,19
235000308,12,1,11
235000309,70,1,69
235000310,52,0,52
235000311,393,15,378
235000322,0,15,-15
235000323,0,55,-55
235000324,0,45,-45
235000325,0,33,-33
235000326,6,76,-70
235000351,6,66,-60
235000352,7,51,-44
235000353,4,35,-31
235000354,15,56,-41
235000355,35,139,-104
235000356,79,3,76
235000357,78,11,67
235000358,22,12,10
235000359,7,5,2
235000360,46,9,37
235000361,97,3,94
235000381,175,35,140
235000382,253,45,208
235000390,10,6,4
235000391,247,23,224
235000392,362,272,90
235000393,216,216,0
235000395,194,63,131
235000396,713,98,615
235000400,96,101,-5
235000401,9,121,-112
235000405,175,161,14
235000406,53,112,-59
235000407,51,53,-2
235000409,144,45,99
235000410,37,172,-135
235000411,2,35,-33
235000485,0,10,-10
235000486,9,0,9
235000549,119,90,29
235000550,173,132,41
235000599,254,38,216
235000600,11,51,-40
235000601,7,15,-8
235000602,123,29,94
235000614,2,7,-5
235000648,0,2,-2
235000649,43,5,38
235000685,0,4,-4
235000815,13,187,-174
235000834,0,11,-11
235000855,61,16,45
235000862,45,65,-20
235000891,1,32,-31
235000892,9,0,9
235000901,100,94,6
235000907,1,19,-18
235001010,131,30,101
235001029,171,184,-13
235001030,347,187,160
235001078,119,106,13
235001079,58,74,-16
235001147,2,97,-95
235001166,6,19,-13
235001167,103,39,64
235001169,21,263,-242
235001188,2,17,-15
235001189,6,1,5
235001197,3,23,-20
235001200,96,47,49
235001207,245,107,138
235001210,29,50,-21
235001215,26,86,-60
235001239,2,56,-54
235001244,0,15,-15
235016267,0,54,-54
277101746,0,3,-3
277102712,30,9,21
277103813,0,2,-2
277103898,0,1,-1
277104249,0,2,-2
277104250,1,5,-4
277104251,0,8,-8
277104252,1,5,-4
990011530,0,286,-286
990014944,4,275,-271
990015176,84,20,64
990015618,1,151,-150
990016032,0,278,-278
990032570,26,525,-499
990070001,81,0,81
990070103,0,5,-5
990070601,1,92,-91
990070751,2081,2,2079
990070766,0,182,-182
990071180,502,237,265
990071343,27,1,26
990071387,0,5,-5
990071823,443,13,430
990072600,4,1084,-1080
990072964,2,335,-333
990073285,0,14,-14
990074393,1,432,-431
990074870,2243,15,2228
990075106,825,2,823
990075746,807,16,791
990076437,3775,8,3767
990076458,1,320,-319
997000007,454,14,440
997000041,2,368,-366
997000058,63,0,63
997000062,12,1,11
997000069,0,2,-2
997000070,0,23,-23
997000100,103,0,103
997000141,1,961,-960
997000198,0,479,-479
998000475,0,0,0
998000736,1,112,-111
998000965,0,10,-10
998001031,0,83,-83
998001700,0,53,-53
998001899,0,0,0
998001900,15,1,14
998003073,1463,63,1400
998101900,0,0,0
998102850,4,379,-375
998501927,550,1165,-615
998501929,166,2,164
998501930,68,0,68
998501931,169,11,158
998501932,3,0,3
998501933,70,3,67
998501937,27,0,27
998501944,13,2,11
998501950,0,0,0
998501970,144,72,72
998501971,0,85,-85
998501973,1,39,-38
998501974,0,159,-159
998501975,92,0,92
998501976,137,1,136
998501977,1,21,-20
998501978,76,55,21
998501979,0,4,-4
998501980,88,4,84
998501981,31,0,31
998501982,1,158,-157
998502006,0,0,0
998502024,0,6,-6
998502032,0,1,-1
998502062,39,18,21
998502063,0,0,0
998502173,12,0,12
998502269,0,2,-2
998601159,1,35,-34
998601292,1,60,-59
999033574,0,180,-180
999800001,37,2,35
999800002,1,5,-4
999800003,1,3,-2
999800004,0,6,-6
999800005,0,5,-5
