ID,insum,outsum,diff
100000001,116,108,8
100000002,1219,2003,-784
100000003,1365,2388,-1023
100000004,136,615,-479
100000005,1042,1683,-641
100000006,21,39,-18
100000007,102,157,-55
100000008,0,0,0
100000009,9,18,-9
100000010,1,22,-21
100000011,42,5,37
100000012,0,0,0
100000013,0,0,0
100000014,0,0,0
100000015,205,287,-82
100000016,3,1,2
100000017,0,0,0
100000018,158,98,60
100000019,142,309,-167
100000020,70,378,-308
100000021,10,1,9
100000022,175,236,-61
100000023,43,0,43
100000025,0,3,-3
100000028,24,28,-4
100000029,0,0,0
100000030,0,0,0
100000031,230,659,-429
100000032,194,216,-22
100000033,107,143,-36
100000034,0,0,0
100000035,22,99,-77
100000036,35,81,-46
100000037,37,50,-13
100000038,303,113,190
100000039,126,20,106
100000040,1,10,-9
100000041,60,52,8
100000042,72,66,6
100000043,21,45,-24
100000044,0,0,0
100000045,0,0,0
100000046,0,0,0
100000047,0,0,0
100000048,0,0,0
100000049,0,0,0
100000051,0,0,0
100000053,9,0,9
100000054,10,3,7
100000055,0,0,0
100000056,7,29,-22
100000057,164,72,92
100000058,0,0,0
100000059,2,1,1
100000060,96,45,51
100000061,104,59,45
100000062,124,88,36
100000063,136,51,85
100000064,187,17,170
100000065,27,4,23
100000066,5,8,-3
100000067,5,12,-7
100000068,18,20,-2
100000069,21,30,-9
100000072,0,0,0
100000073,0,0,0
100000075,0,0,0
100000076,192,1072,-880
100000077,22,90,-68
100000078,16,169,-153
100000079,1,114,-113
100000080,1,41,-40
100000081,4,29,-25
100000102,297,1371,-1074
100000103,111,139,-28
100000104,79,149,-70
100000105,0,0,0
100000106,101,1340,-1239
100000107,12,426,-414
100000108,8,19,-11
100000109,120,43,77
100000116,121,64,57
100000117,1,100,-99
100000118,378,78,300
100000119,86,69,17
100000121,39,29,10
100000122,150,112,38
100000123,251,104,147
100000124,137,138,-1
100000125,49,80,-31
100000126,5,15,-10
100000127,3,12,-9
100000128,0,23,-23
100000129,6,18,-12
100000130,0,0,0
100000131,0,6,-6
100000132,11,175,-164
100000133,386,96,290
100000135,153,98,55
100000139,51,128,-77
100000140,0,0,0
100000142,114,67,47
100000143,0,0,0
100000144,0,0,0
100000147,337,1215,-878
100000150,2,23,-21
100000151,91,587,-496
100000153,0,0,0
100000154,0,0,0
100000155,1,58,-57
100000156,25,140,-115
100000157,304,131,173
100000158,20,98,-78
100000159,9,62,-53
100000165,60,7,53
100000169,0,0,0
100000174,0,0,0
100000179,12,33,-21
100000180,0,0,0
100000181,12,1,11
100000188,0,0,0
100000189,218,101,117
100000190,62,247,-185
100000191,4,174,-170
100000192,3,252,-249
100000193,28,61,-33
100000330,0,0,0
100000355,40,7,33
100000362,238,62,176
100000363,2063,2750,-687
100000364,0,0,0
100000365,2877,1557,1320
100000366,571,368,203
100000367,2642,1949,693
100000368,83,69,14
100000369,143,840,-697
100000370,2,36,-34
100000376,0,1,-1
100000379,118,445,-327
100000380,828,1885,-1057
100000384,1537,2510,-973
100000385,168,676,-508
100000386,629,1211,-582
100000387,287,1459,-1172
100000388,1516,1249,267
100000389,1456,2160,-704
100000390,754,406,348
100000391,836,2043,-1207
100000392,208,281,-73
100000393,122,1001,-879
100000394,165,430,-265
100000395,109,230,-121
100000396,359,406,-47
100000397,447,779,-332
100000398,2142,1080,1062
100900002,0,0,0
100900003,0,0,0
100900004,0,0,0
100900005,0,0,0
100900006,0,0,0
100900007,0,0,0
100900008,0,0,0
100900009,0,5,-5
100900010,0,0,0
100900011,0,0,0
100900012,0,0,0
100900013,0,0,0
100900014,0,0,0
100900015,0,0,0
100900016,0,0,0
100900017,0,0,0
100900018,0,0,0
100900019,0,0,0
100900020,0,0,0
100900021,0,0,0
100900022,0,0,0
100900023,0,0,0
100900024,0,0,0
100900025,0,0,0
100900026,0,0,0
100900027,0,0,0
100900028,0,0,0
100900029,0,0,0
100900030,0,0,0
100900031,0,0,0
100900032,0,0,0
100900033,0,0,0
100900034,0,0,0
100900035,0,0,0
100900036,0,0,0
100900037,0,0,0
100900038,0,0,0
100900039,0,0,0
100900040,0,0,0
100900041,0,0,0
100900042,13,14,-1
100900043,0,0,0
100900044,0,0,0
100900045,0,0,0
100900046,0,0,0
100900047,0,0,0
100900048,0,0,0
100900049,0,0,0
100900050,0,0,0
100900051,0,0,0
100900052,0,0,0
100900053,0,0,0
100900054,0,0,0
100900055,0,0,0
100900056,0,0,0
100900057,0,0,0
100900058,0,0,0
100900059,0,0,0
100900060,0,0,0
100900061,0,0,0
100900062,0,0,0
100900063,0,0,0
100900064,0,0,0
100900065,0,0,0
100900066,0,0,0
100900067,0,0,0
100900068,0,0,0
100900069,0,0,0
100900070,0,0,0
100900071,0,0,0
100900072,0,0,0
100900073,0,0,0
100900074,0,0,0
100900075,0,0,0
100900076,0,0,0
100900077,0,0,0
100900078,0,0,0
100900079,0,0,0
100900080,0,0,0
100900081,0,0,0
100900082,0,0,0
100900083,0,0,0
100900085,0,0,0
100900086,0,0,0
100900088,0,0,0
100900089,0,0,0
100900090,0,0,0
100900091,0,0,0
100900092,0,0,0
100900093,0,0,0
100900094,0,0,0
100900095,0,0,0
100900096,0,0,0
100900097,0,0,0
100900098,0,0,0
100900099,0,0,0
100900100,0,0,0
100900101,0,0,0
100900102,0,0,0
100900103,0,0,0
100900104,0,0,0
100900105,0,0,0
100900106,0,0,0
100900107,0,0,0
100900108,0,0,0
100900109,0,0,0
100900110,0,0,0
100900111,0,0,0
100900112,0,0,0
100900113,0,0,0
100900114,0,0,0
100900115,0,0,0
100900116,0,0,0
100900117,0,0,0
100900118,0,0,0
100900119,0,0,0
100900120,0,0,0
100900121,0,0,0
100900122,0,0,0
100900123,0,0,0
100900124,0,0,0
100900125,0,0,0
100900126,0,0,0
100900127,0,0,0
100900128,0,0,0
100900129,0,0,0
100900131,0,0,0
100900133,0,0,0
100900134,0,0,0
100900135,0,0,0
100900137,0,0,0
100900138,0,0,0
100900139,0,0,0
100900140,0,0,0
100900141,0,0,0
100900142,0,0,0
100900143,0,0,0
100900144,0,0,0
100900145,0,0,0
100900146,0,0,0
100900147,0,0,0
100900148,0,0,0
100900149,0,0,0
100900150,0,0,0
100900151,0,0,0
100900152,0,0,0
100900153,0,0,0
100900154,0,0,0
100900155,0,0,0
100900156,0,0,0
100900157,0,0,0
100900159,0,0,0
100900160,0,0,0
100900161,0,0,0
100900162,0,0,0
100900163,0,0,0
100900164,0,0,0
100900165,0,0,0
100900166,0,0,0
100900167,0,0,0
100900168,0,0,0
100900169,0,0,0
100900170,0,0,0
100900171,0,0,0
100900172,0,0,0
100900173,0,0,0
100900174,0,0,0
100900176,0,0,0
100900177,0,0,0
100900178,0,0,0
100900179,0,0,0
100900180,0,0,0
100900181,0,0,0
100900182,0,0,0
100900184,0,0,0
100900186,0,0,0
100900187,0,0,0
100900188,0,0,0
100900189,0,0,0
100900191,0,0,0
100900192,0,0,0
100900195,0,0,0
100900197,0,0,0
100900198,0,0,0
100900199,0,0,0
100900200,0,0,0
100900201,0,0,0
100900202,0,0,0
100900203,0,0,0
100900204,0,0,0
100900205,0,0,0
100900206,0,0,0
100900207,0,0,0
100900210,0,0,0
100900211,0,0,0
100900213,0,0,0
100900214,0,0,0
100900215,0,0,0
100900217,0,0,0
101000001,164,450,-286
101000002,47,143,-96
101000003,3,152,-149
101000004,1308,1762,-454
101000005,923,1522,-599
101000006,363,62,301
101000007,76,390,-314
101000008,267,780,-513
101000009,164,111,53
101000010,83,46,37
101000011,22,84,-62
101000012,0,0,0
101000013,60,169,-109
101000014,61,114,-53
101000015,19,13,6
101000016,0,0,0
101000017,0,0,0
101000018,120,11,109
101000020,154,44,110
101000021,24,101,-77
101000022,0,0,0
101000023,37,284,-247
101000025,0,0,0
101000026,0,0,0
101000027,195,271,-76
101000028,0,0,0
101000029,0,0,0
101000030,0,0,0
101000031,0,26,-26
101000032,880,1060,-180
101000033,23,17,6
101000034,84,97,-13
101000035,0,0,0
101000036,2,37,-35
101000037,95,412,-317
101000039,0,0,0
101000040,87,231,-144
101000041,1042,1830,-788
101000042,15,190,-175
101000043,78,211,-133
101000045,82,234,-152
101000046,382,489,-107
101000047,637,354,283
101000048,43,132,-89
101000049,0,6,-6
101000050,54,231,-177
101000051,97,761,-664
101000052,149,627,-478
101000053,206,209,-3
101000054,228,50,178
101000055,479,611,-132
101000056,0,0,0
101000057,61,1,60
101000058,51,373,-322
101000059,410,1386,-976
101000060,40,3,37
101000061,96,1141,-1045
101000062,29,1,28
101000063,90,649,-559
101000064,53,6,47
101000065,70,310,-240
101000066,174,267,-93
101000067,60,7,53
101000068,49,20,29
101000069,121,7,114
101000070,215,12,203
101000071,89,67,22
101000072,772,569,203
101000073,302,159,143
101000074,1553,566,987
101000075,1451,384,1067
101000077,246,84,162
101000078,125,86,39
101000079,329,216,113
101000080,33,4,29
101000081,315,111,204
101000082,35,48,-13
101000083,549,174,375
101000084,8,22,-14
101000085,363,266,97
101000086,0,0,0
101000087,0,0,0
101000088,475,191,284
101000089,224,162,62
101000090,0,0,0
101000091,24,4,20
101000092,370,84,286
101000093,196,61,135
101000094,27,52,-25
101000095,6,35,-29
101000096,52,25,27
101000097,3,15,-12
101000098,0,10,-10
101000099,72,213,-141
101000100,2,4,-2
101000101,64,70,-6
101000102,144,132,12
101000103,66,93,-27
101000104,36,159,-123
101000105,3,52,-49
101000106,0,0,0
101000107,0,0,0
101000108,0,0,0
101000109,0,0,0
101000110,0,0,0
101000111,0,0,0
101000113,0,0,0
101000114,381,127,254
101000115,0,0,0
101000116,0,0,0
101000117,0,0,0
101000119,0,13,-13
101000120,0,0,0
101000121,0,0,0
101000122,0,0,0
101000123,0,0,0
101000124,0,0,0
101000125,0,0,0
101000128,0,0,0
101000130,38,18,20
101000131,41,33,8
101000132,10,10,0
101000135,0,0,0
101000136,0,0,0
101000137,0,0,0
101000141,262,1929,-1667
101000147,5,14,-9
101000148,0,0,0
101000149,0,0,0
101000150,0,0,0
101000151,0,0,0
101000152,16,8,8
101000153,35,21,14
101000154,44,9,35
101000155,0,0,0
101000156,0,0,0
101000157,0,0,0
101000160,0,0,0
101000163,21,215,-194
101000164,0,0,0
101000165,174,91,83
101000166,7,19,-12
101000168,0,0,0
101000252,378,106,272
101000254,0,0,0
101000258,0,0,0
101000261,0,0,0
101000262,295,2219,-1924
101000263,90,410,-320
101000265,0,0,0
101000266,0,0,0
101000269,0,0,0
101000290,109,213,-104
101000293,0,0,0
101000294,45,22,23
101000295,1,19,-18
101000301,4,15,-11
101000304,202,534,-332
101000305,334,342,-8
101900001,0,0,0
101900002,0,0,0
101900003,0,0,0
101900004,0,0,0
101900005,0,0,0
101900006,0,0,0
101900007,0,0,0
101900008,0,0,0
101900009,0,0,0
101900010,0,0,0
101900011,0,0,0
101900012,0,0,0
101900013,0,0,0
101900017,0,0,0
101900018,0,0,0
101900019,0,0,0
101900020,0,0,0
101900021,0,0,0
101900022,0,0,0
101900023,0,0,0
101900026,0,0,0
101900027,0,0,0
102000001,318,566,-248
102000002,112,65,47
102000003,166,426,-260
102000004,196,418,-222
102000005,55,460,-405
102000006,39,317,-278
102000007,61,544,-483
102000008,546,295,251
102000009,518,566,-48
102000010,320,454,-134
102000011,276,580,-304
102000012,381,514,-133
102000018,99,142,-43
102000019,0,0,0
102000026,0,0,0
102000029,0,0,0
102000030,0,0,0
102000031,0,0,0
102000032,0,0,0
102000033,0,1,-1
102000034,0,0,0
102000035,0,0,0
102000036,0,0,0
102000037,0,0,0
102000038,0,0,0
102000039,0,0,0
102000040,0,0,0
102000041,0,0,0
102000042,0,0,0
102000043,0,0,0
102000044,0,0,0
102000045,46,85,-39
102000046,0,0,0
102000047,113,86,27
102000048,0,0,0
102000049,0,0,0
102000050,90,113,-23
102000051,0,0,0
102000052,167,84,83
102000053,0,0,0
102000054,76,21,55
102000055,49,1,48
102000056,333,60,273
102000057,61,125,-64
102000058,44,2,42
102000059,51,48,3
102000060,567,351,216
102000061,16,21,-5
102000062,172,201,-29
102000063,16,48,-32
102000064,22,32,-10
102000065,0,0,0
102000066,201,51,150
102000067,92,164,-72
102000068,408,335,73
102000069,0,0,0
102000070,0,0,0
102000071,777,583,194
102000072,536,692,-156
102000073,0,0,0
102000074,0,0,0
102000075,0,0,0
102000076,0,0,0
102000077,4,0,4
102000078,0,0,0
102000079,1,0,1
102000080,0,0,0
102000081,10,1,9
102000082,0,0,0
102000083,0,0,0
102000084,208,49,159
102000085,3,0,3
102000086,213,62,151
102000087,4,10,-6
102000088,15,22,-7
102000089,156,82,74
102000090,40,204,-164
102000091,230,169,61
102000092,137,202,-65
102000093,258,173,85
102000094,178,49,129
102000095,0,0,0
102000096,786,160,626
102000097,0,0,0
102000098,181,154,27
102000099,49,9,40
102000100,68,60,8
102000101,29,25,4
102000102,67,63,4
102000103,22,68,-46
102000104,0,0,0
102000105,0,0,0
102000106,0,0,0
102000107,0,0,0
102000108,0,0,0
102000109,0,0,0
102000110,0,0,0
102000111,0,0,0
102000112,0,0,0
102000113,0,0,0
102000114,0,0,0
102000115,0,0,0
102000116,28,58,-30
102000117,0,0,0
102000118,49,344,-295
102000119,0,0,0
102000120,0,0,0
102000121,0,0,0
102000122,0,0,0
102000123,0,0,0
102000124,0,0,0
102000125,0,0,0
102000126,0,0,0
102000127,0,0,0
102000128,0,0,0
102000129,0,0,0
102000130,0,0,0
102000131,0,0,0
102000132,0,0,0
102000133,282,86,196
102000134,92,111,-19
102000135,0,0,0
102000136,0,0,0
102000137,0,0,0
102000138,0,0,0
102000139,0,0,0
102000140,0,0,0
102000141,0,0,0
102000142,0,0,0
102000143,0,0,0
102000144,0,0,0
102000145,0,0,0
102000146,0,0,0
102000147,0,0,0
102000148,0,0,0
102000149,0,0,0
102000150,0,0,0
102000151,0,0,0
102000152,0,0,0
102000153,0,0,0
102000154,0,0,0
102000155,0,0,0
102000156,0,0,0
102000157,0,0,0
102000158,0,0,0
102000159,0,0,0
102000161,0,0,0
102000162,0,0,0
102000163,0,5,-5
102000164,0,3,-3
102000165,0,0,0
102000166,0,3,-3
102000167,0,0,0
102000168,7,4,3
102000169,1,3,-2
102000170,0,0,0
102000171,0,0,0
102000172,2,1,1
102000173,6,17,-11
102000174,0,0,0
102000175,59,7,52
102000176,1,0,1
102000178,13,0,13
102000179,12,28,-16
102000180,49,0,49
102000181,108,8,100
102000182,43,12,31
102000183,205,152,53
102000184,34,2,32
102000185,323,139,184
102000186,36,8,28
102000187,21,15,6
102000188,279,154,125
102000189,88,17,71
102000190,495,324,171
102000191,113,35,78
102000192,0,0,0
102000193,0,0,0
102000194,0,0,0
102000195,0,0,0
102000196,0,0,0
102000197,0,0,0
102000198,0,0,0
102000199,0,0,0
102000200,0,0,0
102000201,0,0,0
102000202,0,0,0
102000203,0,0,0
102000204,0,0,0
102000205,0,0,0
102000206,0,0,0
102000207,0,0,0
102000208,0,0,0
102000209,0,0,0
102000210,0,0,0
102000211,0,0,0
102000212,0,0,0
102000213,0,0,0
102000214,0,0,0
102000215,0,0,0
102000216,0,0,0
102000217,0,0,0
102000218,0,0,0
102000219,0,0,0
102000225,221,206,15
102000226,0,0,0
102000227,0,0,0
102000228,0,0,0
102000229,0,0,0
102000230,46,56,-10
102000231,0,0,0
102000232,0,0,0
102000233,52,40,12
102000234,22,369,-347
102000236,0,0,0
102000237,0,0,0
102000238,0,0,0
102000240,0,0,0
102000241,0,0,0
102000243,1,10,-9
102000245,0,0,0
102000246,0,0,0
102000247,0,47,-47
102000248,25,179,-154
102000249,0,0,0
102000250,0,0,0
102000254,45,38,7
102000266,0,0,0
102000271,0,0,0
102000286,0,6,-6
102000297,0,0,0
102000299,0,0,0
102000301,0,0,0
102000303,0,0,0
102000305,0,0,0
102000307,0,0,0
102000308,0,0,0
102900001,0,0,0
102900002,0,0,0
102900003,0,0,0
102900005,0,0,0
102900006,0,0,0
102900007,0,0,0
102900008,0,0,0
102900009,0,0,0
102900010,0,0,0
102900011,0,0,0
102900012,0,0,0
102900013,0,0,0
102900015,0,0,0
102900016,0,0,0
102900017,0,0,0
102900018,0,0,0
102900019,0,0,0
102900020,0,0,0
102900021,0,0,0
102900022,0,0,0
102900023,0,0,0
102900024,0,0,0
102900025,0,0,0
102900026,0,0,0
102900027,0,0,0
102900028,0,0,0
102900029,0,0,0
102900030,0,0,0
102900031,0,0,0
102900032,0,0,0
102900033,0,0,0
102900034,0,0,0
102900035,0,0,0
102900036,0,0,0
102900037,0,0,0
102900038,0,0,0
102900039,0,0,0
102900040,0,0,0
102900041,0,0,0
102900042,0,0,0
102900043,0,0,0
102900044,0,0,0
102900045,0,0,0
102900046,0,0,0
102900047,0,0,0
102900048,0,0,0
102900049,0,0,0
102900050,0,0,0
102900051,0,0,0
102900052,0,0,0
102900053,0,0,0
102900054,0,0,0
102900055,0,0,0
102900056,0,0,0
102900057,0,0,0
102900058,0,0,0
102900059,0,0,0
102900060,0,0,0
102900061,0,0,0
102900062,0,0,0
102900063,0,0,0
102900064,0,0,0
102900065,0,0,0
102900066,0,0,0
102900068,0,0,0
102900070,0,0,0
102900072,0,0,0
102900073,0,0,0
102900075,0,0,0
102900076,0,0,0
102900077,0,0,0
102900078,0,0,0
102900079,0,0,0
102900080,0,0,0
102900081,0,0,0
102900082,0,0,0
102900083,0,0,0
102900084,0,0,0
102900085,0,0,0
102900086,0,0,0
102900087,0,0,0
102900088,0,0,0
102900089,0,0,0
102900090,0,0,0
102900091,0,0,0
102900092,0,0,0
102900093,0,0,0
102900094,0,0,0
102900095,0,0,0
102900096,0,0,0
102900097,0,0,0
103000001,163,92,71
103000002,37,43,-6
103000003,52,118,-66
103000004,12,68,-56
103000005,472,301,171
103000006,199,168,31
103000007,4,14,-10
103000008,0,0,0
103000009,91,135,-44
103000010,0,0,0
103000011,37,56,-19
103000012,509,450,59
103000013,111,13,98
103000014,553,831,-278
103000015,0,0,0
103000016,73,70,3
103000017,117,123,-6
103000018,0,0,0
103000019,131,121,10
103000020,6,109,-103
103000021,969,661,308
103000022,26,35,-9
103000023,243,767,-524
103000024,0,0,0
103000025,7,113,-106
103000026,0,0,0
103000027,61,56,5
103000028,14,35,-21
103000029,50,57,-7
103000030,64,55,9
103000031,165,321,-156
103000032,204,164,40
103000033,1768,917,851
103000034,30,55,-25
103000035,74,300,-226
103000036,7,255,-248
103000037,12,19,-7
103000038,238,249,-11
103000039,7,72,-65
103000040,47,71,-24
103000041,206,265,-59
103000042,101,11,90
103000043,76,159,-83
103000044,0,0,0
103000046,0,0,0
103000047,0,0,0
103000048,0,0,0
103000049,0,0,0
103000050,0,0,0
103000051,0,0,0
103000052,0,0,0
103000053,0,0,0
103000054,244,42,202
103000055,483,74,409
103000056,51,32,19
103000057,442,192,250
103000058,207,52,155
103000059,57,52,5
103000060,128,24,104
103000061,112,128,-16
103000062,0,0,0
103000063,123,103,20
103000064,0,0,0
103000065,0,0,0
103000066,0,0,0
103000069,0,0,0
103000070,0,0,0
103000071,47,48,-1
103000072,0,0,0
103000073,140,7,133
103000074,177,3,174
103000075,0,0,0
103000076,33,43,-10
103000077,0,0,0
103000078,74,62,12
103000079,2,66,-64
103000080,224,88,136
103000081,27,168,-141
103000082,183,18,165
103000083,0,0,0
103000084,15,9,6
103000085,0,0,0
103000086,219,75,144
103000087,72,242,-170
103000088,0,0,0
103000089,66,138,-72
103000090,545,426,119
103000091,60,183,-123
103000092,298,56,242
103000093,0,0,0
103000094,121,48,73
103000095,0,0,0
103000096,177,11,166
103000097,0,0,0
103000098,184,4,180
103000099,0,0,0
103000100,0,0,0
103000101,232,12,220
103000102,0,0,0
103000103,131,10,121
103000104,1,0,1
103000105,21,1,20
103000106,0,0,0
103000107,104,12,92
103000108,91,32,59
103000109,24,14,10
103000110,91,61,30
103000111,0,0,0
103000112,30,25,5
103000113,0,0,0
103000114,306,91,215
103000115,48,36,12
103000116,63,23,40
103000117,97,9,88
103000118,0,0,0
103000119,0,0,0
103000120,0,0,0
103000121,3,27,-24
103000122,191,803,-612
103000125,0,21,-21
103000126,69,4,65
103000127,0,5,-5
103000128,27,0,27
103000129,0,4,-4
103000130,44,3,41
103000131,9,15,-6
103000132,1,3,-2
103000133,0,26,-26
103000134,196,112,84
103000135,112,38,74
103000136,312,146,166
103000137,33,131,-98
103000138,99,118,-19
103000139,0,0,0
103000140,10,23,-13
103000141,0,0,0
103000142,13,7,6
103000143,0,0,0
103000144,43,20,23
103000145,0,3,-3
103000150,0,0,0
103000152,0,0,0
103000153,78,61,17
103000156,0,13,-13
103000157,22,2,20
103000159,0,0,0
103000162,0,0,0
103000163,0,40,-40
103000164,0,0,0
103000165,0,0,0
103000166,32,92,-60
103000167,14,9,5
103000168,0,0,0
103000169,32,26,6
103000170,621,323,298
103000171,14,7,7
103000172,194,6,188
103000173,0,0,0
103000174,126,22,104
103000175,0,0,0
103000176,6,17,-11
103000177,0,0,0
103000178,0,0,0
103000179,0,0,0
103000183,67,0,67
103000185,37,1,36
103000186,21,1,20
103000187,0,0,0
103000188,0,0,0
103000189,0,0,0
103000191,1,2,-1
103000292,9,47,-38
103000293,26,171,-145
103000295,53,25,28
103000296,3,0,3
103000297,8,1,7
103000504,0,0,0
103000505,1,0,1
103000506,0,0,0
103000507,0,0,0
103000508,0,0,0
103000509,0,0,0
103900001,0,0,0
103900002,0,0,0
103900003,0,0,0
103900004,0,0,0
103900005,0,0,0
103900006,0,0,0
103900007,0,0,0
103900008,0,0,0
103900009,0,0,0
103900010,0,0,0
103900011,0,0,0
103900012,0,0,0
103900013,0,0,0
103900014,0,0,0
103900015,0,0,0
103900016,0,0,0
103900017,0,0,0
103900018,0,0,0
103900019,0,0,0
103900020,0,0,0
103900021,0,0,0
103900022,0,0,0
103900023,0,0,0
103900024,0,0,0
103900025,0,0,0
103900026,0,0,0
103900027,0,0,0
103900028,0,0,0
103900029,0,0,0
103900030,0,0,0
103900031,0,0,0
103900032,0,0,0
103900033,0,0,0
103900034,0,0,0
103900035,0,0,0
103900036,0,0,0
103900037,0,0,0
103900038,0,0,0
103900039,0,0,0
103900040,0,0,0
103900041,0,0,0
103900042,0,0,0
103900043,0,0,0
103900044,0,0,0
103900045,0,0,0
103900047,0,0,0
103900048,0,0,0
103900049,0,0,0
103900050,0,0,0
103900051,0,0,0
103900052,0,0,0
103900053,0,0,0
103900054,0,0,0
103900055,0,0,0
103900056,0,0,0
103900057,0,0,0
103900058,0,0,0
103900059,0,0,0
103900060,0,0,0
103900061,0,0,0
103900062,0,0,0
103900063,0,0,0
103900064,0,0,0
103900065,0,0,0
103900066,0,0,0
103900067,0,0,0
103900068,0,0,0
103900069,0,0,0
103900070,0,0,0
103900071,0,0,0
103900072,0,0,0
103900073,0,0,0
103900074,0,0,0
103900075,0,0,0
103900076,0,0,0
103900077,0,0,0
103900078,0,0,0
103900079,0,0,0
103900080,0,0,0
103900081,0,0,0
103900082,0,0,0
103900083,0,0,0
103900084,0,0,0
103900085,0,0,0
103900086,0,0,0
103900087,0,0,0
103900088,0,0,0
103900089,0,0,0
103900090,0,0,0
103900091,0,0,0
103900092,0,0,0
103900093,0,0,0
103900094,0,0,0
103900095,0,0,0
103900096,0,0,0
103900097,0,0,0
103900098,0,0,0
103900099,0,0,0
103900100,0,0,0
103900101,0,0,0
103900102,0,0,0
103900104,0,0,0
103900105,0,0,0
103900106,0,0,0
103900107,0,0,0
103900108,0,0,0
103900109,0,0,0
103900110,0,0,0
103900111,0,0,0
103900112,0,0,0
103900113,0,0,0
103900114,0,0,0
103900115,0,0,0
103900116,0,0,0
103900117,0,0,0
103900119,0,0,0
103900120,0,0,0
103900122,0,0,0
103900123,0,0,0
103900124,0,0,0
103900125,0,0,0
103900126,0,0,0
103900127,0,0,0
103900128,0,0,0
103900131,0,0,0
103900133,0,0,0
103900134,0,0,0
103900135,0,0,0
103900137,0,0,0
103900138,0,0,0
103900139,0,0,0
103900140,0,0,0
103900141,0,0,0
103900142,0,0,0
103900143,0,0,0
103900144,0,0,0
103900145,0,0,0
103900146,0,0,0
103900147,0,0,0
103900148,0,0,0
103900149,0,0,0
103900150,0,0,0
103900151,0,0,0
103900152,0,0,0
103900153,0,0,0
103900154,0,0,0
103900155,0,0,0
103900156,0,0,0
103900157,0,0,0
103900158,0,0,0
103900159,0,0,0
103900160,0,0,0
103900161,0,0,0
103900162,0,0,0
103900163,0,0,0
103900167,0,0,0
103900168,0,0,0
103900169,0,0,0
103900170,0,0,0
103900171,0,0,0
103900172,0,0,0
103900173,0,0,0
103900174,0,0,0
103900175,0,0,0
103900176,0,0,0
103900177,0,0,0
103900178,0,0,0
103900179,0,0,0
103900180,0,0,0
103900181,0,0,0
103900182,0,0,0
103900184,0,0,0
103900185,0,0,0
103900187,0,0,0
103900188,0,0,0
103900189,0,0,0
103900190,0,0,0
103900191,0,0,0
103900192,0,0,0
103900193,0,0,0
103900194,0,0,0
103900195,0,0,0
103900196,0,0,0
103900197,0,0,0
103900198,0,0,0
103900199,0,0,0
103900200,0,0,0
103900201,0,0,0
103900202,0,0,0
103900203,0,0,0
103900204,0,0,0
103900207,0,0,0
103900208,0,0,0
103900209,0,0,0
103900210,0,0,0
103900211,0,0,0
103900212,0,0,0
103900213,5,148,-143
103900214,52,129,-77
103900215,36,69,-33
103900216,0,0,0
103900217,0,0,0
103900218,0,0,0
103900219,0,0,0
103900233,0,0,0
103900235,0,0,0
103900236,0,0,0
103900242,0,0,0
103900243,0,0,0
103900244,0,0,0
103900245,0,0,0
103900246,0,0,0
103900247,0,0,0
103900248,0,0,0
103900249,0,0,0
103900250,0,0,0
103900251,0,0,0
103900253,0,0,0
103900254,0,0,0
103900255,0,0,0
103900256,0,0,0
103900257,0,0,0
103900258,0,0,0
103900259,0,0,0
103900261,0,0,0
103900262,0,0,0
103900263,0,0,0
103900264,0,0,0
103900265,0,0,0
103900266,0,0,0
103900267,0,0,0
103900268,0,0,0
103900269,0,0,0
103900270,0,0,0
103900271,0,0,0
103900272,0,0,0
103900273,0,0,0
103900274,0,0,0
103900275,0,0,0
103900276,0,0,0
103900277,0,0,0
104000001,632,382,250
104000002,52,131,-79
104000003,789,504,285
104000004,793,342,451
104000005,548,624,-76
104000006,1329,425,904
104000007,911,193,718
104000008,149,116,33
104000009,160,58,102
104000010,72,62,10
104000011,0,0,0
104000012,0,0,0
104000013,136,44,92
104000014,0,0,0
104000015,209,29,180
104000016,0,0,0
104000018,169,175,-6
104000019,242,172,70
104000020,85,150,-65
104000021,181,89,92
104000022,32,61,-29
104000023,182,34,148
104000024,0,0,0
104000026,0,0,0
104000027,33,43,-10
104000028,257,52,205
104000029,24,58,-34
104000030,186,70,116
104000031,183,39,144
104000032,0,0,0
104000033,230,20,210
104000034,0,0,0
104000035,339,58,281
104000036,310,81,229
104000037,0,0,0
104000038,202,91,111
104000039,167,82,85
104000040,47,97,-50
104000041,66,24,42
104000042,68,48,20
104000043,72,58,14
104000044,83,41,42
104000045,159,49,110
104000046,108,97,11
104000047,70,356,-286
104000048,207,559,-352
104000049,4,8,-4
104000050,2,13,-11
104000051,0,0,0
104000052,208,129,79
104000053,171,54,117
104000054,4,5,-1
104000055,447,162,285
104000056,0,0,0
104000057,0,0,0
104000058,453,75,378
104000059,144,197,-53
104000060,297,100,197
104000061,68,84,-16
104000062,4,0,4
104000064,0,0,0
104000065,0,0,0
104000069,0,0,0
104000070,0,0,0
104000071,0,0,0
104000072,26,6,20
104000075,0,0,0
104000076,0,0,0
104000082,229,216,13
104000083,12,9,3
104000084,2,29,-27
104000085,18,1,17
104000086,7,18,-11
104000087,5,6,-1
104000090,0,0,0
104000092,0,0,0
104000094,0,0,0
104000095,78,238,-160
104000096,322,1,321
104000097,557,85,472
104000098,998,105,893
104000100,1103,114,989
104000101,223,264,-41
104000106,3,0,3
104000107,255,32,223
104000108,57,8,49
104000109,60,2,58
104000110,37,6,31
104000111,168,23,145
104000112,8,5,3
104000116,0,0,0
104000117,100,15,85
104000118,22,0,22
104000119,22,1,21
104000120,45,25,20
104000121,2,33,-31
104000122,233,45,188
104000123,61,177,-116
104000124,364,628,-264
104000125,46,42,4
104000126,309,123,186
104000127,96,445,-349
104000128,317,22,295
104000129,157,0,157
104000130,2,2,0
104000131,0,0,0
104000132,0,0,0
104000133,81,10,71
104000134,136,99,37
104000135,96,180,-84
104000136,304,235,69
104000137,286,100,186
104000138,0,0,0
104000139,710,527,183
104000141,181,273,-92
104000142,0,0,0
104000143,0,0,0
104000144,0,0,0
104000145,263,45,218
104000146,0,0,0
104000147,0,0,0
104000148,77,76,1
104000149,0,0,0
104000150,315,139,176
104000151,0,0,0
104000152,0,0,0
104000153,144,114,30
104000154,0,0,0
104000155,148,139,9
104000157,85,20,65
104000158,17,16,1
104000159,10,16,-6
104000160,277,68,209
104000161,53,33,20
104000162,36,86,-50
104000165,234,382,-148
104000167,169,195,-26
104000168,77,1,76
104000169,47,8,39
104000170,0,0,0
104000248,0,0,0
104000251,0,0,0
104000272,0,0,0
104000273,0,0,0
104000274,0,0,0
104000275,0,0,0
104000279,0,0,0
104000290,0,0,0
104000291,146,180,-34
104000293,122,106,16
104000294,0,0,0
104000295,37,64,-27
104000296,289,220,69
104000297,56,163,-107
104000298,443,75,368
104000299,133,142,-9
104900001,0,0,0
104900002,0,0,0
104900003,0,0,0
104900004,0,0,0
104900005,0,0,0
104900006,0,0,0
104900007,0,0,0
104900009,0,0,0
104900010,0,0,0
104900011,0,0,0
104900012,0,0,0
104900013,0,0,0
104900014,0,0,0
104900015,0,0,0
104900016,0,0,0
104900017,0,0,0
104900018,0,0,0
104900019,0,0,0
104900020,0,0,0
104900021,0,0,0
104900022,0,0,0
104900023,0,0,0
104900024,0,0,0
104900025,0,0,0
104900026,0,0,0
104900027,0,0,0
104900028,0,0,0
104900029,0,0,0
104900030,0,0,0
104900031,0,0,0
104900032,0,0,0
104900033,0,0,0
104900034,0,0,0
104900035,0,0,0
104900036,0,0,0
104900037,0,0,0
104900038,0,0,0
104900039,0,0,0
104900040,0,0,0
104900041,0,0,0
104900042,0,0,0
104900043,0,0,0
104900044,0,0,0
104900045,0,0,0
104900046,0,0,0
104900047,0,0,0
104900048,0,0,0
104900049,0,0,0
104900050,0,0,0
104900051,0,0,0
104900052,0,0,0
104900053,0,0,0
104900054,0,0,0
104900055,0,0,0
104900056,0,0,0
104900057,0,0,0
104900058,0,0,0
104900059,0,0,0
104900060,0,0,0
104900061,0,0,0
104900063,0,0,0
104900064,0,0,0
104900065,0,0,0
104900066,0,0,0
104900067,0,0,0
104900068,0,0,0
104900070,0,0,0
104900071,0,0,0
104900072,0,0,0
104900073,0,0,0
104900074,0,0,0
104900075,0,0,0
104900076,0,0,0
104900077,0,0,0
104900078,0,0,0
104900079,0,0,0
104900080,0,0,0
104900082,0,0,0
104900085,0,0,0
104900087,0,0,0
104900089,0,0,0
104900090,0,0,0
104900091,0,0,0
104900093,0,0,0
104900097,0,0,0
104900098,0,0,0
104900099,0,0,0
104900100,0,0,0
104900102,0,0,0
104900103,0,0,0
104900104,0,0,0
104900106,0,0,0
104900107,0,0,0
104900108,0,0,0
104900109,0,0,0
104900110,0,0,0
104900111,0,0,0
104900112,0,0,0
104900113,0,0,0
104900114,0,0,0
104900115,0,0,0
104900116,0,0,0
104900118,0,0,0
104900119,0,0,0
104900120,0,0,0
104900121,0,0,0
104900122,0,0,0
104900123,0,0,0
104900124,0,0,0
104900125,0,0,0
104900126,0,0,0
104900127,0,0,0
104900128,0,0,0
104900129,0,0,0
105000001,979,197,782
105000002,460,392,68
105000003,462,362,100
105000004,32,44,-12
105000005,81,319,-238
105000006,176,397,-221
105000007,75,342,-267
105000008,10,561,-551
105000009,1985,1168,817
105000010,40,124,-84
105000011,788,861,-73
105000012,42,115,-73
105000013,364,686,-322
105000014,2558,1355,1203
105000015,2072,2813,-741
105000016,205,205,0
105000017,32,32,0
105000018,98,150,-52
105000019,0,3,-3
105000020,0,0,0
105000021,0,0,0
105000022,13,11,2
105000023,0,0,0
105000028,0,1,-1
105000029,2,10,-8
105000030,243,261,-18
105000033,63,110,-47
105000034,0,0,0
105000037,0,0,0
105000038,315,325,-10
105000039,116,215,-99
105000040,272,496,-224
105000041,29,158,-129
105000042,1146,480,666
105000043,135,106,29
105000044,225,60,165
105000045,6,40,-34
105000046,469,40,429
105000047,36,88,-52
105000048,417,186,231
105000049,3,1,2
105000050,439,177,262
105000051,0,0,0
105000052,78,86,-8
105000053,0,9,-9
105000054,85,39,46
105000055,0,15,-15
105000056,424,212,212
105000057,19,1,18
105000058,17,30,-13
105000059,463,217,246
105000060,4,0,4
105000061,449,97,352
105000062,5,2,3
105000063,0,0,0
105000064,414,80,334
105000065,0,0,0
105000066,81,8,73
105000067,443,214,229
105000068,16,12,4
105000069,22,115,-93
105000070,41,48,-7
105000071,215,195,20
105000072,346,58,288
105000073,217,70,147
105000074,0,0,0
105000075,21,38,-17
105000076,24,20,4
105000077,50,12,38
105000078,50,105,-55
105000079,5,36,-31
105000080,693,736,-43
105000081,2,1,1
105000082,233,656,-423
105000083,1076,882,194
105000084,0,0,0
105000085,808,927,-119
105000086,0,0,0
105000087,0,0,0
105000088,365,530,-165
105000089,75,69,6
105000090,43,3,40
105000091,0,0,0
105000092,0,0,0
105000093,0,1,-1
105000094,44,13,31
105000095,0,0,0
105000096,191,180,11
105000097,0,0,0
105000098,218,78,140
105000099,0,0,0
105000100,0,0,0
105000101,138,28,110
105000102,0,0,0
105000103,187,132,55
105000104,1,0,1
105000105,309,60,249
105000106,24,6,18
105000107,33,2,31
105000108,27,20,7
105000109,40,1,39
105000110,36,23,13
105000111,6,0,6
105000112,97,17,80
105000113,0,1,-1
105000114,16,120,-104
105000115,0,0,0
105000116,148,51,97
105000117,0,0,0
105000118,38,40,-2
105000119,0,0,0
105000120,272,54,218
105000121,0,0,0
105000122,15,27,-12
105000123,216,19,197
105000124,166,37,129
105000125,189,42,147
105000126,152,45,107
105000127,205,31,174
105000128,22,35,-13
105000129,38,82,-44
105000130,20,454,-434
105000131,0,0,0
105000132,125,72,53
105000133,0,0,0
105000134,289,56,233
105000135,0,0,0
105000136,0,0,0
105000137,236,37,199
105000138,0,0,0
105000139,0,0,0
105000140,401,50,351
105000141,0,0,0
105000142,217,57,160
105000143,0,0,0
105000144,0,0,0
105000145,250,84,166
105000146,0,0,0
105000147,364,89,275
105000148,272,56,216
105000149,706,134,572
105000150,0,0,0
105000151,0,0,0
105000152,0,1,-1
105000153,0,0,0
105000154,3,1,2
105000155,0,0,0
105000156,18,2,16
105000157,33,25,8
105000158,40,10,30
105000159,36,11,25
105000160,45,43,2
105000161,96,9,87
105000162,19,22,-3
105000163,48,15,33
105000164,2,2,0
105000165,26,40,-14
105000166,26,48,-22
105000167,32,195,-163
105000168,223,183,40
105000169,33,43,-10
105000170,0,0,0
105000171,0,0,0
105000172,0,0,0
105000173,8,6,2
105000174,0,19,-19
105000175,0,0,0
105000176,2,0,2
105000177,79,27,52
105000178,47,0,47
105000179,41,4,37
105000180,0,0,0
105000181,12,0,12
105000182,0,0,0
105000183,0,0,0
105000184,0,0,0
105000185,61,321,-260
105000186,0,0,0
105000187,132,34,98
105000188,5,45,-40
105000189,0,0,0
105000190,104,68,36
105000191,9,1,8
105000192,148,32,116
105000193,1,21,-20
105000194,97,16,81
105000195,4,1,3
105000196,43,14,29
105000197,22,0,22
105000198,0,0,0
105000199,1,46,-45
105000200,76,148,-72
105000201,18,0,18
105000203,0,0,0
105000204,3,7,-4
105000205,0,0,0
105000207,0,0,0
105000208,23,170,-147
105000209,0,0,0
105000212,136,10,126
105000213,66,37,29
105000214,17,17,0
105000215,166,103,63
105000216,24,1,23
105000217,0,0,0
105000218,198,44,154
105000221,45,5,40
105000222,88,0,88
105000223,43,1,42
105000226,0,2,-2
105000227,0,0,0
105000228,0,11,-11
105000229,51,259,-208
105000231,304,96,208
105000233,301,401,-100
105000234,86,300,-214
105000235,237,133,104
105000237,34,3,31
105000243,0,0,0
105000248,0,0,0
105000262,2,0,2
105000269,0,0,0
105000270,98,1,97
105000271,0,0,0
105000282,26,1,25
105000287,0,0,0
105000288,0,7,-7
105000289,332,501,-169
105000290,2,0,2
105000402,23,102,-79
105000426,0,2,-2
105000438,29,136,-107
105000446,537,429,108
105000447,111,37,74
105000454,0,0,0
105000455,0,0,0
105000474,8,0,8
105000477,0,0,0
105000478,453,1386,-933
105000479,0,0,0
105000480,1924,1836,88
105000481,976,507,469
105000482,119,255,-136
105000483,283,962,-679
105000484,115,331,-216
105000485,288,1332,-1044
105000486,265,358,-93
105000488,56,205,-149
105000489,358,95,263
105000549,3,29,-26
105000550,0,0,0
105000551,27,11,16
105000552,123,89,34
105900001,0,0,0
105900002,0,0,0
105900003,0,0,0
105900004,0,0,0
105900005,0,0,0
105900006,0,0,0
105900007,0,0,0
105900008,0,0,0
105900009,0,0,0
105900011,0,0,0
105900012,0,0,0
105900013,0,0,0
105900014,0,0,0
105900015,0,0,0
105900016,0,0,0
105900017,0,0,0
105900018,0,0,0
105900019,0,0,0
105900020,0,0,0
105900021,0,0,0
105900022,0,0,0
105900023,0,0,0
105900024,0,0,0
105900025,0,0,0
105900026,0,0,0
105900027,0,0,0
105900028,0,0,0
105900029,0,0,0
105900030,0,0,0
105900031,0,0,0
105900032,0,0,0
105900033,0,0,0
105900034,0,0,0
105900035,0,0,0
105900036,0,0,0
105900037,0,0,0
105900038,0,0,0
105900039,0,0,0
105900040,0,0,0
105900041,0,0,0
105900042,0,0,0
105900043,0,0,0
105900044,0,0,0
105900045,0,0,0
105900046,0,0,0
105900047,0,0,0
105900048,30,1,29
105900050,0,0,0
105900051,0,0,0
105900052,0,0,0
105900053,0,0,0
105900054,0,0,0
105900056,0,0,0
105900057,0,0,0
105900058,0,0,0
105900059,0,0,0
106000001,942,350,592
106000002,9,242,-233
106000003,1397,748,649
106000004,49,408,-359
106000005,2246,1423,823
106000006,81,304,-223
106000007,767,76,691
106000008,75,102,-27
106000009,604,185,419
106000010,16,80,-64
106000011,895,472,423
106000012,18,46,-28
106000013,1401,555,846
106000014,100,79,21
106000015,1253,538,715
106000016,62,126,-64
106000017,629,129,500
106000018,131,156,-25
106000019,227,117,110
106000020,3,59,-56
106000021,264,115,149
106000022,31,37,-6
106000023,472,37,435
106000024,77,76,1
106000025,202,119,83
106000026,13,52,-39
106000027,885,481,404
106000028,11,42,-31
106000029,29,63,-34
106000030,0,0,0
106000034,0,0,0
106000035,164,371,-207
106000036,0,0,0
106000037,0,0,0
106000038,0,0,0
106000039,0,0,0
106000040,0,0,0
106000041,169,75,94
106000043,94,4,90
106000046,0,0,0
106000047,0,0,0
106000049,199,8,191
106000050,0,0,0
106000051,117,142,-25
106000052,0,0,0
106000053,258,52,206
106000054,0,0,0
106000055,173,10,163
106000056,0,0,0
106000057,240,53,187
106000058,0,0,0
106000059,205,115,90
106000060,0,0,0
106000061,31,157,-126
106000062,0,0,0
106000063,500,207,293
106000064,0,0,0
106000065,266,21,245
106000066,4,5,-1
106000067,206,8,198
106000068,0,2,-2
106000069,27,2,25
106000070,37,2,35
106000071,249,10,239
106000072,380,316,64
106000073,433,153,280
106000074,192,183,9
106000075,103,149,-46
106000076,577,141,436
106000077,817,132,685
106000078,270,49,221
106000079,529,56,473
106000080,538,37,501
106000081,460,151,309
106000082,502,29,473
106000083,347,166,181
106000084,522,41,481
106000085,544,191,353
106000086,610,126,484
106000087,221,13,208
106000088,213,20,193
106000089,558,23,535
106000090,489,46,443
106000091,11,0,11
106000092,225,38,187
106000093,167,0,167
106000094,0,0,0
106000095,258,50,208
106000096,387,23,364
106000097,244,53,191
106000098,306,14,292
106000099,9,15,-6
106000100,656,18,638
106000101,405,9,396
106000102,7,30,-23
106000103,6,119,-113
106000104,105,37,68
106000105,21,75,-54
106000106,156,20,136
106000107,29,140,-111
106000108,91,4,87
106000109,15,86,-71
106000110,95,4,91
106000111,3,59,-56
106000112,166,11,155
106000113,25,61,-36
106000114,75,11,64
106000115,16,66,-50
106000116,75,70,5
106000117,0,0,0
106000118,407,99,308
106000119,0,0,0
106000120,327,191,136
106000121,16,19,-3
106000122,0,0,0
106000123,31,12,19
106000124,0,0,0
106000125,0,0,0
106000126,9,5,4
106000127,0,0,0
106000128,188,23,165
106000129,0,0,0
106000130,239,65,174
106000131,0,0,0
106000132,286,7,279
106000133,0,0,0
106000134,257,73,184
106000135,0,0,0
106000136,285,98,187
106000137,0,0,0
106000138,206,10,196
106000139,103,30,73
106000140,0,0,0
106000141,0,0,0
106000142,20,21,-1
106000143,0,0,0
106000144,129,20,109
106000145,0,0,0
106000146,246,98,148
106000147,86,16,70
106000148,117,102,15
106000149,275,36,239
106000150,72,82,-10
106000151,203,64,139
106000152,115,139,-24
106000153,0,19,-19
106000154,85,10,75
106000155,43,30,13
106000156,303,30,273
106000157,163,126,37
106000158,624,141,483
106000159,203,56,147
106000160,248,237,11
106000161,103,5,98
106000162,212,44,168
106000163,28,10,18
106000164,141,19,122
106000165,56,21,35
106000166,371,15,356
106000167,85,61,24
106000168,205,19,186
106000169,22,28,-6
106000170,211,25,186
106000171,31,115,-84
106000172,537,54,483
106000173,98,183,-85
106000174,247,11,236
106000175,83,10,73
106000176,329,114,215
106000177,0,0,0
106000178,483,66,417
106000179,0,0,0
106000180,115,58,57
106000181,47,54,-7
106000182,685,50,635
106000183,645,62,583
106000184,389,75,314
106000185,44,34,10
106000186,107,9,98
106000187,18,10,8
106000188,0,0,0
106000189,1,6,-5
106000190,17,0,17
106000191,167,33,134
106000192,0,0,0
106000193,117,44,73
106000194,3,7,-4
106000195,40,4,36
106000196,20,32,-12
106000197,214,3,211
106000198,3,14,-11
106000199,152,7,145
106000200,9,84,-75
106000201,43,35,8
106000202,35,12,23
106000203,0,0,0
106000204,7,11,-4
106000205,0,0,0
106000206,24,0,24
106000207,1,30,-29
106000208,436,45,391
106000209,712,64,648
106000210,0,17,-17
106000211,13,76,-63
106000212,787,98,689
106000213,0,0,0
106000214,280,61,219
106000215,1,78,-77
106000216,178,20,158
106000217,2,86,-84
106000218,85,35,50
106000219,22,67,-45
106000220,194,16,178
106000221,0,0,0
106000222,74,11,63
106000223,220,18,202
106000224,0,0,0
106000225,5,165,-160
106000226,0,0,0
106000228,0,0,0
106000229,0,0,0
106000231,233,3,230
106000232,0,0,0
106000233,69,19,50
106000234,0,0,0
106000235,50,37,13
106000236,0,0,0
106000237,0,0,0
106000238,0,2,-2
106000239,0,0,0
106000240,1,0,1
106000241,1,58,-57
106000242,66,37,29
106000249,79,17,62
106000250,2,61,-59
106000251,0,0,0
106000252,0,0,0
106000253,0,0,0
106000254,0,0,0
106000255,0,0,0
106000256,0,0,0
106000257,39,20,19
106000258,0,0,0
106000259,0,0,0
106000260,0,0,0
106000261,0,0,0
106000262,0,0,0
106000263,0,0,0
106000264,0,0,0
106000265,0,0,0
106000266,0,0,0
106000267,0,0,0
106000268,0,0,0
106000269,0,0,0
106000270,47,0,47
106000271,0,0,0
106000272,0,0,0
106000273,0,0,0
106000274,0,0,0
106000275,0,0,0
106000276,0,0,0
106000277,0,0,0
106000278,0,0,0
106000279,0,0,0
106000280,0,0,0
106000281,0,0,0
106000282,0,0,0
106000283,0,0,0
106000284,0,0,0
106000285,0,0,0
106000286,0,0,0
106000287,0,0,0
106000288,0,0,0
106000289,0,0,0
106000290,0,0,0
106000291,0,0,0
106000292,0,0,0
106000293,0,0,0
106000294,0,0,0
106000295,0,0,0
106000296,0,0,0
106000297,0,0,0
106000298,0,0,0
106000299,0,0,0
106000300,0,0,0
106000301,0,0,0
106000303,0,0,0
106000304,0,0,0
106000305,0,0,0
106000306,0,0,0
106000307,0,0,0
106000308,0,0,0
106000309,0,0,0
106000310,30,39,-9
106000311,98,13,85
106000312,0,15,-15
106000313,26,0,26
106000318,0,0,0
106000319,334,41,293
106000320,0,0,0
106000321,0,0,0
106000322,0,0,0
106000324,0,0,0
106000325,1412,289,1123
106000326,24,80,-56
106000327,158,4,154
106000328,0,0,0
106000329,9,2,7
106000330,1,2,-1
106000428,51,220,-169
106000429,0,0,0
106000430,0,0,0
106000431,366,329,37
106000432,4,157,-153
106000433,1005,601,404
106000434,1070,415,655
106000435,0,101,-101
106000436,0,0,0
106000437,40,7,33
106000438,26,4,22
106000439,0,0,0
106000440,3,63,-60
106000441,0,0,0
106000442,55,1,54
106000443,64,68,-4
106000450,0,0,0
106000451,2,30,-28
106000454,0,0,0
106000455,2,23,-21
106000456,51,0,51
106000457,0,0,0
106000458,174,14,160
106000459,0,0,0
106000460,339,17,322
106000461,0,0,0
106000462,0,0,0
106000463,0,1,-1
106000464,0,0,0
106000465,150,0,150
106000466,0,0,0
106000467,1,50,-49
106000468,67,20,47
106000469,34,0,34
106000470,0,0,0
106000471,0,0,0
106000472,9,0,9
106000473,0,0,0
106000474,25,72,-47
106000475,114,85,29
106000476,1,14,-13
106000477,0,0,0
106900001,0,0,0
106900002,0,0,0
106900003,0,0,0
106900004,0,0,0
106900006,0,0,0
106900007,0,0,0
106900008,0,0,0
106900009,0,0,0
106900010,0,0,0
106900012,0,0,0
106900013,0,0,0
106900014,0,0,0
106900015,0,0,0
106900016,0,0,0
106900017,0,0,0
106900018,0,0,0
106900019,0,0,0
106900020,0,0,0
106900021,0,0,0
106900022,0,0,0
106900023,0,0,0
106900024,0,0,0
106900025,0,0,0
106900026,0,0,0
106900027,188,1,187
107000001,1655,2315,-660
107000002,271,404,-133
107000003,4680,4570,110
107000004,519,410,109
107000005,4580,3310,1270
107000006,369,315,54
107000007,1926,2447,-521
107000008,525,404,121
107000009,4378,3242,1136
107000010,551,380,171
107000011,0,0,0
107000012,0,0,0
107000013,0,0,0
107000014,0,0,0
107000015,0,0,0
107000016,0,0,0
107000017,58,8,50
107000018,0,0,0
107000020,73,413,-340
107000021,49,5,44
107000022,113,422,-309
107000023,240,3,237
107000024,104,244,-140
107000025,53,24,29
107000026,65,59,6
107000027,228,46,182
107000028,70,113,-43
107000029,995,87,908
107000030,92,102,-10
107000031,850,219,631
107000032,131,133,-2
107000033,219,80,139
107000034,0,0,0
107000035,45,80,-35
107000036,0,0,0
107000037,32,159,-127
107000038,6,25,-19
107000039,141,535,-394
107000040,19,5,14
107000041,583,128,455
107000042,66,37,29
107000043,329,105,224
107000044,11,10,1
107000045,0,40,-40
107000046,514,78,436
107000047,38,80,-42
107000048,415,82,333
107000049,42,115,-73
107000050,394,103,291
107000051,33,188,-155
107000052,326,91,235
107000053,293,88,205
107000054,16,193,-177
107000055,183,110,73
107000056,47,54,-7
107000057,63,180,-117
107000058,1145,1298,-153
107000059,0,0,0
107000060,2483,2007,476
107000061,59,19,40
107000062,1948,1155,793
107000063,7,32,-25
107000064,1264,1120,144
107000065,10,20,-10
107000066,756,678,78
107000067,175,139,36
107000068,156,162,-6
107000069,105,307,-202
107000070,206,1,205
107000071,1057,19,1038
107000072,0,0,0
107000073,276,54,222
107000074,0,0,0
107000075,1496,65,1431
107000076,0,0,0
107000077,1432,55,1377
107000078,0,0,0
107000079,1221,64,1157
107000080,0,0,0
107000081,1116,205,911
107000082,0,0,0
107000083,383,457,-74
107000084,0,0,0
107000085,834,658,176
107000086,155,345,-190
107000087,653,238,415
107000088,128,174,-46
107000089,365,238,127
107000090,77,68,9
107000091,420,112,308
107000092,68,58,10
107000093,262,360,-98
107000094,48,76,-28
107000095,1299,601,698
107000096,0,0,0
107000097,266,158,108
107000098,0,0,0
107000099,319,215,104
107000100,0,0,0
107000101,150,138,12
107000102,0,0,0
107000103,223,85,138
107000104,0,0,0
107000105,304,84,220
107000106,0,0,0
107000107,306,98,208
107000108,0,2,-2
107000109,208,26,182
107000110,0,0,0
107000111,154,8,146
107000112,0,0,0
107000113,315,25,290
107000114,0,0,0
107000115,413,49,364
107000116,0,0,0
107000117,231,54,177
107000118,0,0,0
107000119,740,254,486
107000120,0,0,0
107000121,436,56,380
107000122,4,108,-104
107000123,413,41,372
107000124,20,65,-45
107000125,842,44,798
107000126,52,84,-32
107000129,0,0,0
107000130,340,209,131
107000131,0,0,0
107000132,348,132,216
107000133,0,0,0
107000134,43,0,43
107000135,0,0,0
107000136,133,0,133
107000137,0,2,-2
107000138,4,0,4
107000139,0,0,0
107000140,117,0,117
107000141,0,1,-1
107000142,56,0,56
107000143,0,11,-11
107000144,72,3,69
107000145,1,24,-23
107000146,0,0,0
107000147,3,32,-29
107000150,0,0,0
107000151,0,0,0
107000152,9,66,-57
107000153,0,0,0
107000154,0,0,0
107000155,55,0,55
107000156,101,0,101
107000157,0,0,0
107000158,73,5,68
107000159,0,0,0
107000160,131,76,55
107000161,1,0,1
107000162,0,81,-81
107000163,43,1,42
107000164,0,0,0
107000165,0,0,0
107000166,0,0,0
107000167,0,0,0
107000168,529,43,486
107000169,8,17,-9
107000170,583,81,502
107000171,4,14,-10
107000172,272,109,163
107000173,4,5,-1
107000174,207,252,-45
107000175,35,11,24
107000176,17,0,17
107000177,2,0,2
107000178,0,0,0
107000179,0,0,0
107000180,611,31,580
107000181,0,0,0
107000182,476,45,431
107000183,0,0,0
107000184,475,65,410
107000185,0,0,0
107000186,521,79,442
107000187,97,45,52
107000188,0,0,0
107000189,52,26,26
107000190,0,0,0
107000191,160,136,24
107000192,0,0,0
107000193,81,38,43
107000194,0,0,0
107000197,232,48,184
107000198,0,0,0
107000199,152,61,91
107000200,4,42,-38
107000201,60,54,6
107000202,45,59,-14
107000203,96,173,-77
107000204,57,535,-478
107000205,104,55,49
107000206,36,507,-471
107000207,30,47,-17
107000208,23,14,9
107000209,0,0,0
107000210,0,0,0
107000211,0,0,0
107000212,0,0,0
107000213,0,0,0
107000214,0,0,0
107000215,0,0,0
107000216,0,0,0
107000217,0,0,0
107000219,0,0,0
107000220,0,0,0
107000222,9,51,-42
107000224,22,0,22
107000225,0,0,0
107000226,127,5,122
107000227,0,0,0
107000228,0,0,0
107000229,0,0,0
107000230,28,12,16
107000231,108,111,-3
107000232,0,0,0
107000233,0,0,0
107000234,0,0,0
107000235,182,5,177
107000236,0,0,0
107000237,0,0,0
107000238,13,0,13
107000239,0,0,0
107000240,0,0,0
107000241,0,0,0
107000242,0,0,0
107000243,0,4,-4
107000244,12,0,12
107000246,0,0,0
107000249,0,0,0
107000251,0,0,0
107000252,0,0,0
107000255,0,0,0
107000257,0,0,0
107000258,0,0,0
107000259,0,0,0
107000260,0,0,0
107000262,0,0,0
107000263,0,0,0
107000266,0,0,0
107000267,0,0,0
107000268,0,0,0
107000269,0,0,0
107000270,0,0,0
107000271,0,0,0
107000272,0,0,0
107000273,0,0,0
107000274,11,0,11
107000275,0,0,0
107000280,38,1,37
107000281,0,0,0
107000282,0,0,0
107000290,0,0,0
107000291,0,0,0
107000292,0,0,0
107000293,0,0,0
107000294,0,0,0
107000295,0,0,0
107000296,0,20,-20
107000444,60,1,59
107000496,0,0,0
107000497,0,0,0
107000500,0,0,0
107000501,0,0,0
107000502,0,0,0
107000505,0,42,-42
107000506,0,0,0
107000508,0,0,0
107000509,28,63,-35
107000510,0,0,0
107000514,0,0,0
107000515,0,0,0
107000516,96,116,-20
107000518,491,84,407
107000519,1,1,0
107000520,0,0,0
107000521,0,0,0
107000522,219,139,80
107900001,0,0,0
107900002,0,0,0
107900003,0,0,0
107900004,0,0,0
107900005,0,0,0
107900006,0,0,0
107900007,0,0,0
107900008,0,0,0
107900009,0,0,0
107900010,0,0,0
107900012,0,0,0
107900013,0,0,0
107900014,0,0,0
107900015,0,0,0
107900016,0,0,0
107900017,0,0,0
107900018,0,0,0
107900019,0,0,0
107900020,0,0,0
107900021,0,0,0
107900023,0,0,0
107900024,0,0,0
107900025,0,0,0
107900026,0,0,0
107900027,0,0,0
107900028,0,0,0
107900030,0,0,0
107900031,0,0,0
107900032,0,0,0
107900033,0,0,0
107900034,0,0,0
107900035,0,0,0
107900036,0,0,0
107900037,0,0,0
107900038,0,0,0
107900039,0,0,0
107900040,0,0,0
107900041,0,0,0
107900043,0,0,0
107900044,0,0,0
107900045,0,0,0
107900046,0,0,0
107900047,0,0,0
107900048,0,0,0
107900049,0,0,0
107900050,0,0,0
107900051,0,0,0
107900052,0,0,0
107900053,0,0,0
107900055,0,0,0
107900056,0,0,0
107900057,0,0,0
107900058,0,0,0
107900060,0,0,0
107900061,0,0,0
107900063,0,0,0
107900064,0,0,0
107900065,0,0,0
107900066,0,0,0
107900067,0,0,0
107900068,0,0,0
107900069,0,0,0
107900070,0,0,0
107900071,0,0,0
107900072,0,0,0
107900073,0,0,0
107900074,0,0,0
107900076,0,0,0
107900077,0,0,0
107900078,0,0,0
107900079,0,0,0
107900080,0,0,0
107900081,0,0,0
107900082,0,0,0
107900083,0,0,0
107900084,0,0,0
107900086,0,0,0
107900087,0,0,0
107900088,0,0,0
107900089,0,0,0
107900090,0,0,0
107900091,0,0,0
107900092,0,0,0
107900093,0,0,0
107900094,0,0,0
107900095,0,0,0
107900097,0,0,0
107900098,0,0,0
107900100,0,0,0
107900101,0,0,0
107900102,0,0,0
107900103,0,0,0
107900104,0,0,0
107900105,0,0,0
107900106,0,0,0
107900107,0,0,0
107900108,0,0,0
107900109,0,0,0
107900110,0,0,0
107900111,0,0,0
107900112,0,0,0
107900113,0,0,0
107900114,0,0,0
107900115,0,0,0
107900116,0,0,0
107900117,0,0,0
107900118,0,0,0
107900119,0,0,0
107900120,0,0,0
107900121,0,0,0
107900122,0,0,0
107900123,0,0,0
107900124,0,0,0
107900125,0,0,0
107900126,0,0,0
107900127,0,0,0
107900128,0,0,0
107900129,0,0,0
107900130,0,0,0
107900131,0,0,0
107900132,0,0,0
107900133,0,0,0
107900134,0,0,0
107900135,0,0,0
107900136,0,0,0
107900137,0,0,0
107900138,0,0,0
107900139,0,0,0
107900140,0,0,0
107900141,0,0,0
107900142,0,0,0
107900143,0,0,0
107900144,0,0,0
107900145,0,0,0
107900146,0,0,0
107900147,0,0,0
107900148,0,0,0
107900149,0,0,0
107900150,0,0,0
107900151,0,0,0
107900152,0,0,0
107900153,0,0,0
107900154,0,0,0
107900155,0,0,0
107900156,0,0,0
107900157,0,0,0
107900158,0,0,0
107900159,0,0,0
107900160,0,0,0
107900161,0,0,0
107900162,0,0,0
107900163,0,0,0
107900164,0,0,0
107900165,0,0,0
107900166,0,0,0
107900167,0,0,0
107900168,0,0,0
107900169,0,0,0
107900171,0,0,0
107900172,0,0,0
107900173,0,0,0
107900174,0,0,0
107900175,0,0,0
107900176,0,0,0
107900177,0,0,0
107900178,0,0,0
107900179,0,0,0
107900180,0,0,0
107900181,0,0,0
107900182,0,0,0
107900183,0,0,0
107900184,0,0,0
107900185,0,0,0
107900186,0,0,0
107900187,0,0,0
107900188,0,0,0
107900189,0,0,0
107900190,0,0,0
107900191,0,0,0
107900193,0,0,0
107900194,0,0,0
107900195,0,0,0
107900196,0,0,0
107900197,0,0,0
107900199,0,0,0
107900201,0,0,0
107900203,0,0,0
107900204,0,0,0
107900205,0,0,0
107900206,0,0,0
107900207,0,0,0
107900208,0,0,0
107900209,0,0,0
107900210,0,0,0
107900213,0,0,0
107900214,0,0,0
107900215,0,0,0
107900216,0,0,0
107900217,0,0,0
107900218,0,0,0
107900219,0,0,0
107900220,0,0,0
107900221,0,0,0
107900223,0,0,0
107900224,0,0,0
107900225,0,0,0
107900226,0,0,0
107900227,2,2,0
107900228,0,0,0
107900229,0,0,0
107900230,0,0,0
107900231,0,0,0
107900232,0,0,0
107900233,0,0,0
107900234,0,0,0
107900235,0,0,0
107900236,0,0,0
107900237,0,0,0
107900238,0,0,0
107900239,0,0,0
107900240,0,0,0
107900241,0,0,0
107900242,0,0,0
107900243,0,0,0
107900244,0,0,0
107900245,0,0,0
107900246,0,0,0
107900248,0,0,0
107900249,0,0,0
107900250,0,0,0
107900251,0,0,0
107900252,0,0,0
107900253,0,0,0
107900254,0,0,0
107900255,0,0,0
107900256,0,0,0
107900257,0,0,0
107900258,0,0,0
107900259,0,0,0
107900261,0,0,0
107900262,0,0,0
107900264,0,0,0
107900265,0,0,0
107900267,0,0,0
107900268,0,0,0
107900269,0,0,0
107900270,0,0,0
107900271,0,0,0
107900272,0,0,0
107900273,0,0,0
107900274,0,0,0
107900275,0,0,0
107900276,0,0,0
107900277,0,0,0
107900278,0,0,0
107900279,0,0,0
107900280,0,0,0
107900281,0,0,0
107900282,0,0,0
107900283,0,0,0
107900284,0,0,0
107900285,0,0,0
107900286,0,0,0
107900287,0,0,0
107900290,0,0,0
107900291,0,0,0
107900292,0,0,0
107900293,0,0,0
107900295,0,0,0
107900297,0,0,0
107900298,0,0,0
107900299,0,0,0
107900300,21,24,-3
107900301,0,44,-44
107900302,0,0,0
107900303,0,0,0
107900304,0,0,0
107900305,0,0,0
107900306,0,0,0
107900307,0,0,0
107900308,0,0,0
107900309,0,0,0
107900310,0,0,0
107900311,0,0,0
107900312,0,0,0
107900313,0,0,0
107900314,0,0,0
107900315,0,0,0
107900316,0,0,0
107900317,0,0,0
107900318,0,0,0
107900319,0,0,0
107900320,0,0,0
107900321,0,0,0
107900322,0,0,0
107900323,0,0,0
107900324,0,0,0
107900325,0,0,0
107900326,0,0,0
107900327,0,0,0
107900328,0,0,0
107900329,0,0,0
107900330,0,0,0
107900331,0,0,0
107900332,0,0,0
107900333,0,0,0
107900334,0,0,0
107900335,0,0,0
107900336,0,0,0
107900337,0,0,0
107900338,0,0,0
107900339,0,0,0
107900340,0,0,0
107900341,0,0,0
107900342,0,0,0
107900343,0,0,0
107900344,0,0,0
107900345,0,0,0
107900346,0,0,0
107900347,0,0,0
107900348,0,0,0
107900349,0,0,0
107900350,0,0,0
108000001,2618,1278,1340
108000002,116,222,-106
108000003,1787,922,865
108000004,488,1649,-1161
108000005,5090,1757,3333
108000006,115,671,-556
108000007,4638,1197,3441
108000008,452,342,110
108000009,2980,1447,1533
108000010,278,315,-37
108000011,5445,1694,3751
108000012,669,744,-75
108000014,175,1,174
108000015,499,2,497
108000016,0,0,0
108000017,504,31,473
108000018,1704,75,1629
108000019,231,65,166
108000020,609,132,477
108000021,0,0,0
108000022,28,37,-9
108000023,759,101,658
108000024,111,26,85
108000025,31,4,27
108000026,486,44,442
108000027,111,22,89
108000028,459,5,454
108000029,139,5,134
108000030,473,21,452
108000031,55,1,54
108000032,1316,134,1182
108000033,0,0,0
108000034,1213,156,1057
108000035,0,0,0
108000036,34,33,1
108000037,572,88,484
108000038,926,69,857
108000039,25,23,2
108000040,1229,229,1000
108000041,18,21,-3
108000042,387,3,384
108000043,48,0,48
108000044,661,6,655
108000045,31,0,31
108000046,1091,121,970
108000047,0,0,0
108000048,0,0,0
108000049,349,45,304
108000050,1,2,-1
108000051,147,39,108
108000052,7,10,-3
108000053,239,75,164
108000054,3,41,-38
108000055,519,121,398
108000056,51,31,20
108000057,447,441,6
108000058,563,736,-173
108000059,3,136,-133
108000060,166,195,-29
108000061,0,0,0
108000062,342,148,194
108000063,0,0,0
108000064,131,109,22
108000065,0,0,0
108000066,538,59,479
108000067,925,13,912
108000068,617,107,510
108000069,0,0,0
108000070,1638,69,1569
108000071,0,0,0
108000072,1791,191,1600
108000073,0,0,0
108000074,479,132,347
108000075,0,0,0
108000076,998,302,696
108000077,0,0,0
108000078,2124,675,1449
108000079,0,0,0
108000080,1178,332,846
108000081,0,0,0
108000082,0,0,0
108000083,180,30,150
108000084,0,0,0
108000085,78,58,20
108000086,0,0,0
108000087,39,284,-245
108000088,154,0,154
108000089,0,0,0
108000090,335,25,310
108000091,0,0,0
108000092,545,15,530
108000093,0,0,0
108000094,879,58,821
108000095,0,0,0
108000096,571,295,276
108000097,0,0,0
108000098,1331,93,1238
108000099,110,14,96
108000100,143,82,61
108000101,1152,317,835
108000102,409,715,-306
108000106,258,0,258
108000107,0,0,0
108000108,200,12,188
108000109,0,0,0
108000110,8,8,0
108000111,0,0,0
108000112,0,26,-26
108000113,119,26,93
108000115,76,28,48
108000117,148,17,131
108000118,5,0,5
108000119,82,10,72
108000120,641,194,447
108000121,60,17,43
108000122,577,52,525
108000123,421,47,374
108000124,0,0,0
108000125,522,74,448
108000126,0,0,0
108000127,632,29,603
108000128,0,0,0
108000129,0,0,0
108000130,332,58,274
108000131,295,59,236
108000132,0,0,0
108000133,778,46,732
108000134,0,0,0
108000135,1474,25,1449
108000136,0,0,0
108000137,62,17,45
108000138,15,43,-28
108000139,89,41,48
108000140,0,0,0
108000141,0,0,0
108000142,0,0,0
108000143,0,0,0
108000144,0,0,0
108000145,0,0,0
108000146,0,0,0
108000147,0,0,0
108000148,0,0,0
108000149,0,0,0
108000150,0,0,0
108000151,0,0,0
108000152,0,0,0
108000153,0,0,0
108000154,0,0,0
108000155,0,0,0
108000156,0,0,0
108000157,0,0,0
108000158,0,0,0
108000159,46,50,-4
108000160,101,17,84
108000161,196,73,123
108000165,0,0,0
108000172,0,0,0
108000173,0,0,0
108000175,327,8,319
108000178,0,0,0
108000179,96,483,-387
108000181,0,0,0
108000182,0,0,0
108000183,0,0,0
108000184,47,208,-161
108000185,0,0,0
108000186,0,0,0
108000187,0,0,0
108000188,0,0,0
108000189,70,39,31
108000190,0,0,0
108000192,0,0,0
108000193,0,5,-5
108000194,5,0,5
108000195,0,0,0
108000196,18,4,14
108000198,0,0,0
108000199,0,0,0
108000200,0,0,0
108000202,1,176,-175
108000203,0,0,0
108000204,0,0,0
108000205,0,0,0
108000339,188,18,170
108000364,23,17,6
108000365,28,13,15
108000367,0,0,0
108000368,0,0,0
108000369,0,0,0
108000371,0,0,0
108000372,121,1,120
108000373,56,11,45
108000376,0,0,0
108000377,68,98,-30
108000378,6447,3234,3213
108000379,0,0,0
108000381,0,0,0
108000382,62,0,62
108000383,0,0,0
108900001,0,0,0
108900002,0,0,0
108900003,0,0,0
108900004,67,39,28
108900005,0,18,-18
108900006,4,5,-1
108900007,52,22,30
108900008,17,9,8
108900009,5,0,5
108900010,0,0,0
108900011,74,17,57
108900012,26,4,22
108900013,76,26,50
108900014,0,0,0
108900015,0,0,0
108900016,0,0,0
108900017,0,0,0
108900018,0,0,0
108900019,0,0,0
108900020,0,0,0
108900021,0,0,0
108900022,0,0,0
108900023,0,0,0
108900024,0,0,0
108900025,0,0,0
108900026,0,0,0
108900027,0,0,0
108900028,0,0,0
108900029,0,0,0
108900030,0,0,0
108900031,0,0,0
108900032,0,0,0
108900033,0,0,0
108900034,0,0,0
108900035,0,0,0
108900036,0,0,0
108900037,0,0,0
108900038,0,0,0
108900039,0,0,0
108900040,0,0,0
108900041,206,74,132
108900042,0,0,0
108900043,0,0,0
108900044,0,0,0
108900045,0,0,0
108900046,0,0,0
108900047,0,0,0
108900048,0,0,0
108900049,0,0,0
108900050,0,0,0
108900051,0,0,0
108900052,0,0,0
108900053,0,0,0
108900054,0,0,0
108900055,0,0,0
108900056,0,0,0
108900057,0,0,0
108900058,0,0,0
108900059,0,0,0
108900060,3,4,-1
108900061,0,0,0
108900062,0,0,0
108900063,0,0,0
108900064,0,0,0
108900065,0,0,0
108900066,49,3,46
108900067,0,0,0
108900068,0,0,0
108900069,0,0,0
108900070,0,0,0
108900071,0,0,0
108900072,0,0,0
108900073,0,0,0
108900074,0,0,0
108900075,0,0,0
108900076,0,0,0
108900077,0,0,0
108900078,0,0,0
108900079,0,0,0
108900080,0,0,0
108900081,0,0,0
108900082,0,0,0
108900083,0,0,0
108900084,0,0,0
108900085,0,0,0
108900086,0,0,0
108900087,0,0,0
108900088,15,0,15
108900089,0,0,0
108900090,0,0,0
108900091,0,0,0
108900092,167,23,144
108900093,0,0,0
108900094,0,0,0
108900095,0,0,0
108900096,0,0,0
108900097,14,1,13
108900098,0,0,0
108900099,18,0,18
108900100,0,0,0
108900101,0,0,0
108900102,0,0,0
108900103,0,0,0
108900104,0,0,0
108900105,0,0,0
108900106,29,0,29
108900108,0,0,0
108900109,0,0,0
108900110,16,10,6
108900111,27,0,27
108900112,0,0,0
108900113,0,0,0
108900114,0,0,0
108900115,0,0,0
108900116,0,0,0
108900117,0,0,0
108900118,0,0,0
108900119,0,0,0
108900120,0,0,0
108900121,0,0,0
108900122,0,0,0
108900123,0,0,0
108900124,0,0,0
108900125,0,0,0
108900126,0,0,0
108900127,0,0,0
108900128,0,0,0
108900129,0,0,0
108900130,0,0,0
108900131,0,0,0
108900132,0,0,0
108900133,0,0,0
108900134,0,0,0
108900135,0,0,0
108900136,0,0,0
108900137,0,0,0
108900138,0,0,0
108900139,0,0,0
108900140,0,0,0
108900141,0,0,0
108900142,0,0,0
108900143,0,0,0
108900144,0,0,0
108900145,0,0,0
108900146,0,0,0
108900147,0,0,0
108900148,0,0,0
108900149,0,0,0
108900150,0,0,0
108900151,0,0,0
108900152,0,0,0
108900153,0,0,0
108900154,6,0,6
108900155,0,0,0
108900156,0,0,0
108900157,0,0,0
108900158,0,0,0
108900159,0,0,0
108900160,0,0,0
108900161,0,0,0
108900162,0,0,0
108900163,0,0,0
108900164,0,0,0
108900165,0,0,0
108900167,0,0,0
108900168,0,0,0
108900169,0,0,0
108900171,20,104,-84
108900172,0,0,0
108900173,0,0,0
108900174,0,0,0
108900176,0,0,0
108900177,0,0,0
108900178,0,0,0
108900179,2,33,-31
108900180,1,18,-17
108900182,0,27,-27
108900183,0,0,0
108900184,45,0,45
108900185,0,0,0
108900186,0,0,0
108900187,0,0,0
108900188,0,0,0
108900189,5,1,4
108900190,0,0,0
108900191,0,0,0
108900192,0,0,0
108900193,0,0,0
108900194,0,0,0
108900195,0,0,0
108900196,0,0,0
108900198,0,0,0
108900199,0,0,0
108900200,9,0,9
108900201,0,0,0
108900203,0,0,0
108900204,0,0,0
108900205,0,0,0
108900206,0,0,0
108900207,0,0,0
108900208,0,0,0
108900209,0,0,0
108900210,0,0,0
108900211,0,0,0
108900212,0,0,0
108900215,0,0,0
108900216,0,0,0
108900217,0,0,0
108900218,0,0,0
108900219,0,0,0
108900220,0,0,0
108900221,0,0,0
108900222,0,0,0
108900223,0,0,0
108900224,0,0,0
108900225,0,0,0
108900226,0,0,0
108900227,0,0,0
108900230,0,0,0
108900231,0,0,0
108900232,0,0,0
108900233,0,0,0
108900234,0,0,0
108900235,0,0,0
108900236,0,0,0
108900237,0,0,0
108900240,0,0,0
108900241,0,0,0
108900245,0,0,0
108900249,0,0,0
108900250,0,0,0
108900257,0,0,0
108900258,0,0,0
108900259,0,0,0
108900260,0,0,0
108900261,0,0,0
108900262,0,0,0
108900263,0,0,0
108900264,0,0,0
108900265,0,0,0
108900266,0,0,0
108900267,0,0,0
108900268,0,0,0
108900269,0,0,0
108900270,0,0,0
108900271,0,0,0
108900272,0,0,0
108900273,0,0,0
108900274,0,0,0
109000001,1087,620,467
109000002,0,343,-343
109000003,1890,297,1593
109000004,2,178,-176
109000005,1551,199,1352
109000006,6,166,-160
109000007,1514,272,1242
109000008,3,139,-136
109000009,2137,399,1738
109000010,20,254,-234
109000011,2596,717,1879
109000012,37,213,-176
109000013,3049,922,2127
109000014,48,301,-253
109000015,4173,624,3549
109000016,108,362,-254
109000017,2309,668,1641
109000018,78,352,-274
109000019,2119,314,1805
109000020,10,191,-181
109000023,24,0,24
109000024,0,0,0
109000025,0,0,0
109000026,43,3,40
109000027,0,0,0
109000028,18,3,15
109000029,0,0,0
109000030,0,0,0
109000031,319,65,254
109000032,0,0,0
109000033,242,45,197
109000034,0,0,0
109000035,0,0,0
109000036,0,4,-4
109000037,0,0,0
109000038,28,25,3
109000039,0,0,0
109000040,0,0,0
109000041,46,90,-44
109000042,16,73,-57
109000044,146,27,119
109000045,0,0,0
109000046,142,34,108
109000047,0,0,0
109000048,289,72,217
109000049,0,0,0
109000050,186,113,73
109000051,0,0,0
109000052,0,0,0
109000053,0,0,0
109000054,0,0,0
109000055,0,0,0
109000056,0,0,0
109000057,0,0,0
109000058,0,0,0
109000059,0,0,0
109000060,3,15,-12
109000061,0,0,0
109000062,9,33,-24
109000063,0,0,0
109000064,1,37,-36
109000065,0,0,0
109000066,35,0,35
109000067,0,0,0
109000068,137,0,137
109000069,293,27,266
109000070,0,0,0
109000071,0,0,0
109000072,0,0,0
109000073,0,0,0
109000074,0,5,-5
109000075,0,0,0
109000076,2,46,-44
109000077,36,2,34
109000078,1,1,0
109000079,36,0,36
109000080,5,2,3
109000081,40,6,34
109000082,64,6,58
109000083,43,9,34
109000088,0,18,-18
109000089,0,0,0
109000090,0,20,-20
109000091,0,0,0
109000092,2,28,-26
109000093,0,0,0
109000094,1,0,1
109000095,0,5,-5
109000096,35,4,31
109000097,0,0,0
109000098,37,3,34
109000099,252,10,242
109000100,3,13,-10
109000101,431,11,420
109000102,12,58,-46
109000103,13,29,-16
109000104,509,12,497
109000105,12,85,-73
109000106,530,24,506
109000107,12,80,-68
109000108,457,44,413
109000109,35,53,-18
109000110,150,95,55
109000111,82,201,-119
109000112,0,0,0
109000113,8,0,8
109000114,173,73,100
109000115,169,5,164
109000116,0,0,0
109000117,138,3,135
109000118,0,0,0
109000119,380,4,376
109000120,0,0,0
109000121,215,17,198
109000122,0,0,0
109000123,0,0,0
109000124,67,4,63
109000125,696,17,679
109000126,0,0,0
109000127,777,18,759
109000128,0,0,0
109000129,549,77,472
109000130,0,0,0
109000131,151,276,-125
109000132,4,42,-38
109000133,0,0,0
109000134,0,0,0
109000135,0,0,0
109000136,21,11,10
109000137,68,4,64
109000138,38,3,35
109000139,106,39,67
109000140,16,4,12
109000141,108,14,94
109000142,0,0,0
109000143,0,0,0
109000145,0,0,0
109000146,15,51,-36
109000148,0,0,0
109000149,0,0,0
109000150,6,104,-98
109000155,0,0,0
109000156,314,17,297
109000158,0,0,0
109000159,53,22,31
109000160,0,0,0
109000161,485,54,431
109000162,102,18,84
109000163,582,64,518
109000164,81,12,69
109000165,493,165,328
109000166,39,40,-1
109000167,0,7,-7
109000170,0,0,0
109000171,0,0,0
109000172,0,0,0
109000173,0,0,0
109000174,0,0,0
109000175,0,0,0
109000176,24,7,17
109000177,0,0,0
109000178,14,1,13
109000179,0,0,0
109000180,0,0,0
109000181,0,0,0
109000182,0,0,0
109000183,0,2,-2
109000184,0,0,0
109000185,14,3,11
109000188,20,35,-15
109000189,51,2,49
109000190,0,0,0
109000191,512,59,453
109000192,0,0,0
109000193,0,0,0
109000194,0,0,0
109000195,0,0,0
109000196,0,0,0
109000197,0,0,0
109000198,0,0,0
109000199,0,0,0
109000206,0,0,0
109000207,0,0,0
109000208,0,0,0
109000209,0,0,0
109000210,0,0,0
109000211,0,0,0
109000214,68,35,33
109000215,209,32,177
109000216,74,223,-149
109000217,0,0,0
109000218,0,0,0
109000221,0,21,-21
109000222,10,3,7
109000223,9,75,-66
109000224,0,0,0
109000225,24,7,17
109000226,27,6,21
109000227,93,9,84
109000228,0,0,0
109000231,0,5,-5
109000232,81,2,79
109000236,0,0,0
109000241,51,28,23
109000242,374,73,301
109000293,0,0,0
109000361,0,0,0
109000364,0,0,0
109000396,0,5,-5
109000397,0,0,0
109000399,9,24,-15
109000400,0,0,0
109000403,0,0,0
109000406,99,8,91
109000407,0,0,0
109000408,0,134,-134
109000410,0,0,0
109000411,32,0,32
109900001,0,0,0
109900002,0,0,0
109900003,0,0,0
109900004,0,0,0
109900005,0,0,0
109900006,0,0,0
109900007,0,0,0
109900008,0,0,0
109900009,0,0,0
109900010,0,0,0
109900011,0,0,0
109900012,0,0,0
109900013,0,0,0
109900014,0,0,0
109900015,0,0,0
109900016,0,0,0
109900017,0,0,0
109900018,0,0,0
109900019,0,0,0
109900020,0,0,0
109900021,0,0,0
109900022,7,1,6
109900023,0,0,0
109900024,0,0,0
109900025,0,0,0
109900026,0,0,0
109900027,0,0,0
109900028,0,0,0
109900029,0,0,0
109900030,0,0,0
109900031,0,0,0
109900032,0,0,0
109900033,0,0,0
109900034,0,0,0
109900035,0,0,0
109900036,0,0,0
109900037,0,0,0
109900038,0,0,0
109900039,0,0,0
109900040,0,0,0
109900041,0,0,0
109900042,0,0,0
109900044,0,0,0
109900045,0,0,0
109900046,0,0,0
109900047,0,0,0
109900048,0,0,0
109900049,0,0,0
109900050,0,0,0
109900051,0,0,0
109900052,0,0,0
109900053,0,0,0
109900054,0,0,0
109900055,0,0,0
109900056,0,0,0
109900057,0,0,0
109900058,0,0,0
109900059,0,0,0
109900060,0,0,0
109900061,0,0,0
109900062,0,0,0
109900063,0,0,0
109900064,14,4,10
109900065,0,0,0
109900066,0,0,0
109900067,0,0,0
109900068,0,0,0
109900069,0,0,0
109900070,0,0,0
109900071,0,0,0
109900072,0,0,0
109900073,0,0,0
109900074,0,0,0
109900075,0,0,0
109900076,0,0,0
109900077,0,0,0
109900078,0,0,0
109900080,0,0,0
109900081,0,0,0
109900082,0,0,0
109900083,0,0,0
109900084,0,0,0
109900085,0,0,0
109900086,0,0,0
109900087,0,0,0
109900089,0,0,0
109900090,0,0,0
109900091,0,0,0
109900092,0,0,0
109900093,0,0,0
109900094,0,0,0
109900095,0,0,0
109900096,0,0,0
109900097,0,0,0
109900098,0,0,0
109900099,0,0,0
109900100,0,0,0
109900101,0,0,0
109900102,0,0,0
109900103,0,0,0
109900104,0,0,0
109900105,0,0,0
109900106,0,0,0
109900107,0,0,0
109900108,0,0,0
109900109,0,0,0
109900110,0,0,0
109900111,0,0,0
109900112,0,0,0
109900113,0,0,0
109900114,0,0,0
109900115,0,0,0
109900117,0,0,0
109900118,0,0,0
109900119,0,0,0
109900120,0,0,0
109900121,0,0,0
109900122,0,0,0
109900123,0,0,0
109900124,0,0,0
109900125,0,0,0
109900126,0,0,0
109900128,0,0,0
109900130,0,0,0
109900131,0,0,0
109900132,0,0,0
109900133,0,0,0
109900134,0,0,0
109900135,0,0,0
109900136,0,0,0
109900137,0,0,0
109900140,0,0,0
109900142,0,0,0
109900145,0,0,0
109900146,0,0,0
109900148,0,0,0
109900149,0,0,0
109900150,0,0,0
109900151,0,0,0
109900152,0,0,0
109900153,0,0,0
109900154,0,0,0
109900155,0,0,0
109900157,0,0,0
109900158,0,0,0
109900159,0,0,0
109900160,0,0,0
109900161,0,0,0
109900162,0,0,0
109900163,0,0,0
109900164,0,0,0
109900165,0,0,0
109900166,0,0,0
109900167,0,0,0
109900168,0,0,0
109900169,0,0,0
109900170,0,0,0
109900171,0,0,0
109900172,0,0,0
109900173,0,0,0
109900174,0,0,0
109900175,0,0,0
109900176,0,0,0
109900177,0,0,0
109900178,0,0,0
109900179,0,0,0
109900180,0,0,0
110000001,60,101,-41
110000002,616,354,262
110000003,142,241,-99
110000004,614,246,368
110000005,26,46,-20
110000006,5,78,-73
110000007,5,0,5
110000008,0,0,0
110000009,0,0,0
110000010,0,0,0
110000011,8,1,7
110000012,0,0,0
110000013,12,16,-4
110000014,13,31,-18
110000015,10,9,1
110000016,45,57,-12
110000017,82,37,45
110000018,7,21,-14
110000019,0,0,0
110000020,0,0,0
110000021,64,2,62
110000022,0,0,0
110000023,0,0,0
110000024,0,0,0
110000025,0,0,0
110000026,0,0,0
110000027,7,31,-24
110000028,158,3,155
110000029,0,0,0
110000030,63,6,57
110000031,0,0,0
110000032,127,10,117
110000033,0,6,-6
110000034,1,0,1
110000035,32,24,8
110000036,60,0,60
110000037,28,35,-7
110000038,15,2,13
110000039,186,85,101
110000040,0,0,0
110000041,247,160,87
110000042,0,0,0
110000043,142,159,-17
110000044,0,0,0
110000045,3,56,-53
110000046,0,0,0
110000047,0,27,-27
110000048,0,0,0
110000049,1,1,0
110000050,0,0,0
110000051,4,1,3
110000052,3,7,-4
110000053,3,4,-1
110000054,0,0,0
110000055,38,15,23
110000056,189,78,111
110000057,0,0,0
110000058,120,125,-5
110000059,22,72,-50
110000060,812,240,572
110000061,101,214,-113
110000062,854,176,678
110000063,0,0,0
110000064,20,2,18
110000065,0,0,0
110000066,0,0,0
110000067,4,1,3
110000068,4,1,3
110000069,0,0,0
110000071,0,0,0
110000073,0,0,0
110000075,0,0,0
110000076,0,0,0
110000077,0,0,0
110000078,0,0,0
110000080,59,10,49
110000081,0,0,0
110000082,0,0,0
110000083,53,153,-100
110000084,483,136,347
110000085,324,403,-79
110000086,480,248,232
110000087,0,55,-55
110000088,1,167,-166
110000089,395,6,389
110000090,0,0,0
110000091,0,0,0
110000092,0,0,0
110000093,128,11,117
110000094,17,6,11
110000095,529,62,467
110000096,112,53,59
110000097,843,74,769
110000098,541,56,485
110000099,90,65,25
110000100,73,0,73
110000101,0,0,0
110000102,0,0,0
110000104,0,0,0
110000105,17,5,12
110000106,0,0,0
110000107,1,47,-46
110000108,446,1,445
110000109,0,0,0
110000110,1142,192,950
110000111,0,0,0
110000112,0,0,0
110000113,0,0,0
110000114,0,4,-4
110000115,3,24,-21
110000116,0,14,-14
110000117,0,0,0
110000118,156,19,137
110000119,0,0,0
110000120,73,8,65
110000121,0,0,0
110000122,19,2,17
110000123,102,89,13
110000124,0,0,0
110000125,301,39,262
110000126,111,14,97
110000127,345,7,338
110000128,0,0,0
110000129,0,0,0
110000130,34,12,22
110000131,0,0,0
110000132,0,0,0
110000133,0,0,0
110000134,0,0,0
110000135,47,0,47
110000136,0,0,0
110000137,130,2,128
110000138,0,0,0
110000139,167,6,161
110000140,763,19,744
110000143,183,14,169
110000144,1255,417,838
110000145,273,101,172
110000146,881,123,758
110000147,0,0,0
110000148,97,27,70
110000151,17,31,-14
110000152,0,0,0
110000153,0,0,0
110000154,2,3,-1
110000155,83,443,-360
110000156,8,141,-133
110000157,71,309,-238
110000160,0,0,0
110000161,0,0,0
110000166,0,0,0
110000167,357,67,290
110000168,599,80,519
110000169,266,156,110
110000170,93,21,72
110000171,247,19,228
110000172,17,62,-45
110000173,59,22,37
110000174,0,0,0
110000175,66,7,59
110000176,25,17,8
110000177,33,67,-34
110000178,176,49,127
110000179,68,69,-1
110000180,73,38,35
110000181,131,39,92
110000182,81,9,72
110000183,308,187,121
110000184,129,90,39
110000185,0,0,0
110000186,0,0,0
110000191,192,0,192
110000192,0,0,0
110000193,0,0,0
110000194,0,0,0
110000195,0,0,0
110000196,0,0,0
110000197,0,0,0
110000198,0,0,0
110000199,0,0,0
110000200,9,0,9
110000201,0,0,0
110000202,0,0,0
110000203,0,0,0
110000204,0,0,0
110000205,0,0,0
110000206,0,0,0
110000207,0,0,0
110000208,0,0,0
110000209,0,0,0
110000210,791,217,574
110000211,707,223,484
110000212,159,48,111
110000213,14,0,14
110000214,40,1,39
110000215,0,0,0
110000216,0,0,0
110000217,202,2,200
110000218,0,0,0
110000219,90,0,90
110000220,0,0,0
110000221,66,0,66
110000222,0,0,0
110000223,0,0,0
110000224,0,0,0
110000225,0,0,0
110000226,401,29,372
110000227,0,0,0
110000228,37,0,37
110000229,0,0,0
110000230,377,83,294
110000231,98,79,19
110000232,0,0,0
110000233,87,30,57
110000234,154,20,134
110000235,141,120,21
110000236,0,0,0
110000237,0,0,0
110000238,401,136,265
110000239,0,0,0
110000240,0,0,0
110000242,0,0,0
110000243,0,0,0
110000244,0,0,0
110000245,0,0,0
110000246,37,6,31
110000247,108,137,-29
110000248,66,48,18
110000249,0,0,0
110000250,0,6,-6
110000251,10,38,-28
110000252,91,1,90
110000253,109,38,71
110000254,0,0,0
110000255,0,0,0
110000256,42,41,1
110000257,21,7,14
110000258,0,8,-8
110000259,0,0,0
110000260,5,0,5
110000263,0,0,0
110000264,1,3,-2
110000265,1222,181,1041
110000266,468,434,34
110000267,0,0,0
110000268,6,1,5
110000269,0,0,0
110000270,41,0,41
110000271,183,34,149
110000272,179,266,-87
110000273,135,179,-44
110000274,54,164,-110
110000275,128,65,63
110000276,2,115,-113
110000277,528,121,407
110000278,9,119,-110
110000279,459,104,355
110000280,386,35,351
110000281,0,0,0
110000282,57,0,57
110000283,0,0,0
110000284,0,0,0
110000285,0,0,0
110000286,21,26,-5
110000287,0,0,0
110000288,0,0,0
110000289,0,0,0
110000290,0,0,0
110000291,197,10,187
110000292,0,0,0
110000293,249,11,238
110000294,0,0,0
110000295,86,21,65
110000296,0,0,0
110000297,0,0,0
110000298,0,0,0
110000299,0,0,0
110000301,0,0,0
110000302,0,0,0
110000303,0,0,0
110000304,0,0,0
110000305,103,1,102
110000306,0,0,0
110000307,101,0,101
110000308,198,2,196
110000309,0,0,0
110000310,78,0,78
110000311,0,0,0
110000312,25,0,25
110000313,0,0,0
110000314,0,0,0
110000315,46,253,-207
110000316,3,168,-165
110000317,0,0,0
110000318,0,0,0
110000319,0,0,0
110000320,0,0,0
110000321,0,0,0
110000322,2,19,-17
110000323,0,0,0
110000324,0,0,0
110000325,603,353,250
110000327,181,11,170
110000328,0,0,0
110000333,47,160,-113
110000334,4,15,-11
110000335,38,37,1
110000336,6,13,-7
110000337,819,199,620
110000338,58,31,27
110000339,34,41,-7
110000340,0,5,-5
110000341,49,1,48
110000342,21,0,21
110000343,0,0,0
110000344,0,0,0
110000345,9,1,8
110000346,270,260,10
110000347,662,286,376
110000348,0,0,0
110000349,0,0,0
110000350,26,0,26
110000351,506,114,392
110000352,0,0,0
110000353,913,82,831
110000354,0,16,-16
110000355,0,0,0
110000356,200,2,198
110000357,0,0,0
110000361,0,0,0
110000362,2,16,-14
110000363,122,0,122
110000364,118,53,65
110000365,36,0,36
110000366,0,0,0
110000367,0,0,0
110000368,0,0,0
110000369,4,0,4
110000373,0,0,0
110000374,0,0,0
110000375,105,84,21
110000376,0,0,0
110000377,91,120,-29
110000378,0,0,0
110000379,495,156,339
110000380,157,6,151
110000383,0,0,0
110000384,183,3,180
110000385,0,0,0
110000387,23,2,21
110000388,0,0,0
110000389,729,34,695
110000391,262,12,250
110000396,0,0,0
110000397,0,0,0
110000398,0,0,0
110000399,578,0,578
110000587,3,0,3
110000589,5,5,0
110000640,0,0,0
110000652,0,0,0
110000653,0,0,0
110000654,0,0,0
110000656,0,0,0
110000674,0,0,0
110000675,0,0,0
110000676,0,0,0
110000679,0,0,0
110000682,20,33,-13
110000683,71,9,62
110000684,0,0,0
110000685,21,3,18
110000686,0,0,0
110000687,7,0,7
110000688,44,0,44
110000689,0,0,0
110000692,2,4,-2
110000693,0,0,0
110000694,0,0,0
110000695,0,0,0
110000696,50,8,42
110900001,0,0,0
110900002,0,0,0
110900003,0,0,0
110900004,0,0,0
110900005,0,0,0
110900006,0,0,0
110900007,0,0,0
110900008,0,0,0
110900009,0,0,0
110900010,0,0,0
110900011,0,0,0
110900012,0,0,0
110900013,0,0,0
110900014,0,0,0
110900015,0,0,0
110900016,0,0,0
110900017,0,0,0
110900018,0,0,0
110900019,0,0,0
110900020,0,0,0
110900021,0,0,0
110900022,0,0,0
110900023,0,0,0
110900024,0,0,0
110900025,0,0,0
110900027,0,0,0
110900028,0,0,0
110900029,0,0,0
110900030,0,0,0
110900031,0,0,0
110900032,0,0,0
110900033,0,0,0
110900035,0,0,0
110900036,0,0,0
110900037,0,0,0
110900038,0,0,0
110900039,0,0,0
110900040,0,0,0
110900041,0,0,0
110900042,0,0,0
110900043,0,0,0
110900044,0,0,0
110900045,0,0,0
110900046,0,0,0
110900047,0,0,0
110900049,0,0,0
110900050,0,0,0
110900051,0,0,0
110900052,0,0,0
110900053,0,0,0
110900054,0,0,0
110900055,0,0,0
110900056,0,0,0
110900057,0,0,0
110900058,0,0,0
110900059,0,0,0
110900060,0,0,0
110900061,0,0,0
110900062,0,0,0
110900063,0,0,0
110900064,0,0,0
110900065,0,0,0
110900066,0,0,0
110900067,0,0,0
110900068,0,0,0
110900069,0,0,0
110900071,0,0,0
110900073,0,0,0
110900074,0,0,0
110900075,0,0,0
110900077,0,0,0
110900078,0,0,0
110900079,0,0,0
110900080,0,0,0
110900081,0,0,0
110900082,0,0,0
110900083,0,0,0
110900084,0,0,0
110900085,0,0,0
110900086,0,0,0
110900087,0,0,0
110900088,0,0,0
110900090,0,0,0
110900091,0,0,0
110900093,0,0,0
110900095,0,0,0
110900097,0,0,0
110900098,0,0,0
110900099,0,0,0
110900100,0,0,0
110900102,0,0,0
110900105,0,0,0
110900108,0,0,0
110900111,0,0,0
110900112,0,0,0
110900113,0,0,0
110900115,0,0,0
110900116,0,0,0
110900118,0,0,0
110900119,0,0,0
110900120,0,0,0
110900121,0,0,0
110900122,0,0,0
110900125,0,0,0
110900127,0,0,0
110900128,0,0,0
110900129,0,0,0
110900130,0,0,0
110900131,0,0,0
110900132,0,0,0
110900133,0,0,0
110900135,0,0,0
110900136,0,0,0
110900137,0,0,0
110900138,0,0,0
110900139,0,0,0
110900140,0,0,0
110900141,0,0,0
110900142,0,0,0
110900143,0,0,0
110900144,0,0,0
110900145,0,0,0
110900146,0,0,0
110900147,0,0,0
110900148,0,0,0
110900149,0,0,0
110900150,0,0,0
110900151,0,0,0
110900152,0,0,0
110900153,0,0,0
111000001,116,40,76
111000002,0,0,0
111000003,587,82,505
111000004,0,0,0
111000005,504,79,425
111000006,0,0,0
111000007,854,113,741
111000008,0,0,0
111000009,5,172,-167
111000010,733,128,605
111000011,12,36,-24
111000012,365,87,278
111000013,25,81,-56
111000014,683,128,555
111000017,0,0,0
111000018,0,0,0
111000020,0,0,0
111000021,130,3,127
111000023,130,8,122
111000025,85,207,-122
111000029,0,0,0
111000030,0,0,0
111000031,572,138,434
111000032,64,22,42
111000033,62,9,53
111000034,6,31,-25
111000037,0,0,0
111000038,10,12,-2
111000039,18,3,15
111000040,4,17,-13
111000041,0,0,0
111000042,0,0,0
111000043,1071,185,886
111000044,972,107,865
111000045,1126,404,722
111000046,484,204,280
111000047,561,226,335
111000049,66,40,26
111000050,0,0,0
111000051,0,0,0
111000052,0,0,0
111000053,0,0,0
111000054,0,0,0
111000055,6,0,6
111000056,0,0,0
111000057,0,0,0
111000058,129,18,111
111000059,363,95,268
111000060,1927,141,1786
111000061,163,43,120
111000062,501,31,470
111000063,792,123,669
111000064,771,268,503
111000065,778,62,716
111000066,229,18,211
111000067,0,0,0
111000068,0,0,0
111000069,0,0,0
111000070,0,0,0
111000071,0,0,0
111000072,959,146,813
111000073,411,187,224
111000074,1162,227,935
111000075,179,21,158
111000076,319,55,264
111000077,824,195,629
111000078,191,34,157
111000079,398,64,334
111000080,208,56,152
111000081,144,98,46
111000082,189,39,150
111000084,71,159,-88
111000085,60,48,12
111000086,78,25,53
111000087,116,26,90
111000088,272,70,202
111000089,97,50,47
111000090,53,53,0
111000091,0,0,0
111000092,0,0,0
111000093,0,0,0
111000094,82,3,79
111000095,7,20,-13
111000096,67,43,24
111000097,0,0,0
111000098,0,0,0
111000099,0,0,0
111000100,0,0,0
111000101,0,0,0
111000102,0,0,0
111000104,145,33,112
111000107,0,0,0
111000109,78,75,3
111000110,256,98,158
111000111,1205,43,1162
111000112,1294,27,1267
111000113,554,154,400
111000114,473,196,277
111000115,1562,159,1403
111000116,347,81,266
111000117,83,26,57
111000118,220,53,167
111000119,287,93,194
111000120,291,39,252
111000121,112,64,48
111000122,11,12,-1
111000123,6,2,4
111000124,0,0,0
111000125,0,0,0
111000126,0,0,0
111000127,398,6,392
111000128,970,22,948
111000129,1436,28,1408
111000130,1390,58,1332
111000131,1042,40,1002
111000132,502,78,424
111000133,20,24,-4
111000134,69,15,54
111000135,0,0,0
111000136,332,11,321
111000138,7,0,7
111000140,0,0,0
111000141,2,2,0
111000142,0,0,0
111000143,0,0,0
111000144,0,0,0
111000145,1,1,0
111000146,2,0,2
111000147,49,1,48
111000148,77,1,76
111000149,0,0,0
111000150,35,1,34
111000151,0,0,0
111000153,157,3,154
111000154,5,3,2
111000155,49,9,40
111000156,190,36,154
111000157,76,127,-51
111000158,276,169,107
111000159,394,154,240
111000160,113,35,78
111000161,1,76,-75
111000162,0,0,0
111000163,0,0,0
111000164,0,0,0
111000165,202,12,190
111000166,0,0,0
111000167,0,0,0
111000168,34,27,7
111000169,41,19,22
111000170,59,10,49
111000171,88,7,81
111000172,6,9,-3
111000173,34,6,28
111000174,7,9,-2
111000175,2,6,-4
111000176,0,0,0
111000177,0,0,0
111000178,0,0,0
111000179,0,0,0
111000180,0,0,0
111000181,116,0,116
111000182,119,2,117
111000183,43,3,40
111000184,113,30,83
111000185,2,11,-9
111000186,16,3,13
111000187,8,1,7
111000188,89,8,81
111000189,0,0,0
111000190,0,0,0
111000191,0,0,0
111000192,0,0,0
111000193,0,0,0
111000194,0,0,0
111000195,0,0,0
111000196,0,0,0
111000197,135,7,128
111000198,214,3,211
111000199,75,6,69
111000200,383,35,348
111000201,162,9,153
111000202,89,10,79
111000203,165,35,130
111000204,30,268,-238
111000213,141,40,101
111000214,208,38,170
111000215,294,57,237
111000217,394,53,341
111000218,139,223,-84
111000219,0,0,0
111000220,195,51,144
111000221,33,42,-9
111000224,0,0,0
111000225,73,108,-35
111000226,0,0,0
111000227,0,0,0
111000228,0,0,0
111000229,0,0,0
111000230,15,3,12
111000231,295,14,281
111000232,0,0,0
111000233,0,0,0
111000234,0,0,0
111000239,0,0,0
111000240,43,35,8
111000241,0,0,0
111000242,55,3,52
111000243,0,0,0
111000244,105,0,105
111000245,222,53,169
111000246,140,46,94
111000247,0,0,0
111000248,76,67,9
111000249,0,0,0
111000250,0,0,0
111000251,0,0,0
111000253,0,0,0
111000255,0,0,0
111000257,0,0,0
111000260,0,0,0
111000261,118,14,104
111000271,0,0,0
111000273,125,30,95
111000274,337,261,76
111000275,67,2,65
111000276,0,0,0
111000277,0,0,0
111000278,155,7,148
111000291,301,526,-225
111000298,0,2,-2
111000299,130,1,129
111000300,0,0,0
111000302,0,0,0
111000303,0,0,0
111000312,0,0,0
111000315,0,0,0
111000320,19,34,-15
111000321,6,17,-11
111000322,106,17,89
111000323,7,1,6
111000324,10,4,6
111000325,0,0,0
111000326,2,0,2
111000327,79,37,42
111000328,33,63,-30
111000329,0,0,0
111000330,3,0,3
111000331,29,0,29
111000332,134,70,64
111000334,20,45,-25
111000335,47,12,35
111000337,124,4,120
111000338,3,0,3
111000339,1,0,1
111000340,24,4,20
111000341,236,9,227
111000342,0,0,0
111000344,246,27,219
111000345,3,10,-7
111000346,0,0,0
111000347,3,0,3
111000350,20,12,8
111000351,0,0,0
111000352,40,24,16
111000353,0,0,0
111000354,38,128,-90
111000355,0,0,0
111000358,40,13,27
111000360,61,15,46
111000361,79,2,77
111000546,1,0,1
111000547,160,18,142
111000548,0,0,0
111000549,123,11,112
111000550,0,1,-1
111000551,97,0,97
111000552,16,16,0
111000907,266,2,264
111000908,5,0,5
111000916,155,1,154
111000917,0,0,0
111000918,36,5,31
111000920,52,0,52
111000921,0,0,0
111000922,3,0,3
111000924,0,0,0
111000925,2343,300,2043
111000926,195,106,89
111000927,2206,471,1735
111000928,337,416,-79
111000929,1529,282,1247
111000930,43,174,-131
111000931,1753,341,1412
111000932,172,174,-2
111000933,1984,590,1394
111000934,15,135,-120
111000935,1073,155,918
111000936,9,85,-76
111000937,627,249,378
111000938,10,152,-142
111000939,209,1,208
111000940,0,0,0
111000941,48,16,32
111000943,0,0,0
111000944,27,3,24
111000945,11,0,11
111001109,166,9,157
111001110,0,0,0
111001111,0,0,0
111001112,201,1,200
111001113,0,145,-145
111001114,8,10,-2
111001115,0,0,0
111001116,609,77,532
111001117,0,0,0
111001120,23,18,5
111001121,0,0,0
111001122,0,0,0
111001123,10,12,-2
111001124,0,0,0
111900001,0,0,0
111900002,0,0,0
111900003,0,0,0
111900004,0,0,0
111900006,0,0,0
111900007,0,0,0
111900008,0,0,0
111900009,0,0,0
111900010,1,0,1
111900012,1,0,1
111900013,0,0,0
111900014,15,2,13
111900015,0,0,0
111900016,0,0,0
111900017,0,0,0
111900018,0,0,0
111900019,0,0,0
111900020,0,0,0
111900021,0,0,0
111900022,0,0,0
111900023,0,0,0
111900024,0,0,0
111900025,0,0,0
111900026,0,0,0
111900027,0,0,0
111900028,0,0,0
111900029,0,0,0
111900030,0,0,0
111900031,0,0,0
111900032,0,0,0
111900033,0,0,0
111900034,0,0,0
111900035,0,0,0
111900036,0,0,0
111900038,0,0,0
111900039,0,0,0
111900040,0,0,0
111900042,0,0,0
111900043,0,0,0
111900044,0,0,0
111900046,0,0,0
111900048,0,0,0
111900049,0,0,0
111900050,0,0,0
111900051,0,0,0
111900052,0,0,0
111900053,0,0,0
111900054,0,0,0
111900055,0,0,0
111900056,0,0,0
111900057,30,0,30
111900058,0,0,0
111900059,27,28,-1
111900060,0,0,0
111900061,0,0,0
111900062,0,0,0
111900063,0,0,0
111900064,0,0,0
111900065,0,0,0
111900066,0,0,0
111900067,0,0,0
111900068,0,0,0
111900069,0,0,0
111900070,0,0,0
111900071,0,0,0
111900072,0,0,0
111900073,0,0,0
111900074,0,0,0
111900075,0,0,0
111900076,0,0,0
111900077,0,0,0
111900078,0,0,0
111900079,0,0,0
111900080,0,0,0
111900082,0,0,0
111900083,0,0,0
111900084,0,0,0
111900085,0,0,0
111900086,0,0,0
111900087,0,0,0
111900088,0,0,0
111900089,0,0,0
111900090,0,0,0
111900091,0,0,0
111900092,0,0,0
111900093,0,0,0
111900094,0,0,0
111900095,0,0,0
111900096,0,0,0
111900097,0,0,0
111900098,0,0,0
111900099,0,0,0
111900100,0,0,0
111900101,0,0,0
111900102,0,0,0
111900103,0,0,0
111900104,0,0,0
111900105,0,0,0
111900106,0,0,0
111900110,0,0,0
111900111,32,0,32
111900112,0,0,0
111900113,0,0,0
111900118,0,0,0
111900119,0,0,0
111900122,0,0,0
111900123,0,0,0
111900124,0,0,0
111900125,0,0,0
111900126,0,0,0
111900127,0,0,0
111900128,0,0,0
111900129,0,0,0
111900130,0,0,0
111900131,0,0,0
111900132,0,0,0
111900133,0,0,0
111900134,0,0,0
111900135,0,0,0
111900136,0,0,0
111900137,0,0,0
111900138,0,0,0
111900139,0,0,0
111900140,0,0,0
111900141,0,0,0
111900142,0,0,0
111900143,0,0,0
111900144,0,0,0
111900145,0,0,0
111900146,0,0,0
111900147,0,0,0
111900148,0,0,0
111900149,0,0,0
111900150,0,0,0
111900151,0,0,0
111900152,0,0,0
111900153,0,0,0
111900154,0,0,0
111900155,0,0,0
111900156,0,0,0
111900157,0,0,0
111900158,0,0,0
111900159,0,0,0
111900160,0,0,0
111900161,0,0,0
111900162,0,0,0
111900163,0,0,0
111900164,0,0,0
111901113,0,0,0
111901114,0,0,0
111901115,0,0,0
111901116,0,0,0
111901117,0,0,0
111901118,0,0,0
111901119,0,0,0
111901121,0,0,0
111901122,0,0,0
111901123,0,0,0
111901124,0,0,0
111901125,44,30,14
111901127,0,0,0
111901128,0,0,0
111901129,0,0,0
111901130,0,0,0
111901131,0,0,0
111901132,0,0,0
111901133,0,0,0
111901134,0,0,0
111901135,0,0,0
111901136,0,0,0
111901137,0,0,0
111901138,0,0,0
111901139,0,0,0
111901140,0,0,0
111901141,0,0,0
111901142,0,0,0
111901143,0,0,0
111901144,0,0,0
111901145,0,0,0
111901146,0,0,0
112000001,1359,424,935
112000002,0,0,0
112000003,641,136,505
112000004,0,0,0
112000005,3282,1495,1787
112000006,0,0,0
112000007,1239,1076,163
112000008,1934,1802,132
112000009,670,55,615
112000010,379,883,-504
112000011,140,28,112
112000012,719,1555,-836
112000013,108,87,21
112000014,235,652,-417
112000015,0,0,0
112000016,153,387,-234
112000017,0,0,0
112000024,0,0,0
112000026,0,0,0
112000027,597,463,134
112000028,0,0,0
112000029,0,0,0
112000030,0,0,0
112000031,0,47,-47
112000032,0,0,0
112000033,0,23,-23
112000034,0,0,0
112000035,0,0,0
112000036,0,0,0
112000037,0,0,0
112000038,0,0,0
112000039,21,5,16
112000040,0,0,0
112000041,0,0,0
112000042,0,0,0
112000050,758,600,158
112000051,593,912,-319
112000054,31,201,-170
112000057,0,0,0
112000058,0,0,0
112000059,0,0,0
112000061,0,0,0
112000062,16,68,-52
112000063,0,0,0
112000064,0,0,0
112000065,0,0,0
112000066,98,361,-263
112000067,0,0,0
112000068,103,228,-125
112000069,0,0,0
112000070,48,77,-29
112000071,0,0,0
112000072,294,17,277
112000073,0,0,0
112000074,109,44,65
112000075,376,139,237
112000076,168,51,117
112000077,128,15,113
112000078,228,33,195
112000079,95,28,67
112000080,38,29,9
112000081,42,150,-108
112000082,157,147,10
112000083,142,38,104
112000084,215,124,91
112000085,391,46,345
112000086,365,60,305
112000087,91,15,76
112000088,126,62,64
112000089,28,20,8
112000090,7,13,-6
112000091,30,44,-14
112000092,1081,86,995
112000093,155,28,127
112000094,484,116,368
112000095,163,22,141
112000096,580,54,526
112000097,533,472,61
112000098,0,0,0
112000099,30,1133,-1103
112000100,759,144,615
112000101,0,0,0
112000102,448,52,396
112000103,0,0,0
112000105,0,0,0
112000106,460,81,379
112000107,0,4,-4
112000108,0,0,0
112000109,7,2,5
112000110,269,9,260
112000111,11,54,-43
112000112,382,7,375
112000113,4,18,-14
112000114,453,63,390
112000115,0,0,0
112000116,0,0,0
112000117,0,0,0
112000118,0,0,0
112000119,0,0,0
112000120,0,0,0
112000121,0,0,0
112000122,78,10,68
112000123,163,24,139
112000124,36,37,-1
112000125,44,36,8
112000126,0,0,0
112000127,40,152,-112
112000128,0,0,0
112000129,128,5,123
112000130,0,0,0
112000131,0,0,0
112000132,0,0,0
112000133,60,0,60
112000134,109,6,103
112000135,253,50,203
112000136,3,0,3
112000137,384,106,278
112000138,12,0,12
112000139,3,24,-21
112000140,0,0,0
112000141,61,7,54
112000142,0,0,0
112000143,175,14,161
112000144,0,0,0
112000145,429,24,405
112000146,0,0,0
112000147,203,25,178
112000148,0,0,0
112000149,8,2,6
112000150,0,0,0
112000151,16,2,14
112000152,0,0,0
112000153,7,2,5
112000154,61,0,61
112000155,0,0,0
112000157,24,308,-284
112000158,61,4,57
112000159,0,0,0
112000167,0,0,0
112000169,0,0,0
112000173,0,0,0
112000175,3,3,0
112000176,0,0,0
112000177,0,0,0
112000178,0,0,0
112000179,0,0,0
112000180,0,0,0
112000181,89,20,69
112000182,272,20,252
112000183,34,0,34
112000184,24,1,23
112000185,0,0,0
112000187,0,0,0
112000195,0,0,0
112000196,0,0,0
112000197,0,0,0
112000198,0,0,0
112000199,0,0,0
112000202,431,1,430
112000216,0,0,0
112000230,0,0,0
112000231,0,0,0
112000256,61,65,-4
112000313,0,0,0
112000314,0,0,0
112000337,0,0,0
112000352,0,0,0
112000392,95,173,-78
112000398,315,78,237
112000399,203,1789,-1586
112000400,7,52,-45
112000401,69,45,24
112000402,656,1833,-1177
112000403,130,1054,-924
112000404,157,364,-207
112000405,1244,789,455
112000406,41,91,-50
112000407,2916,616,2300
112000408,92,102,-10
112000409,0,121,-121
112000410,0,0,0
112000411,0,0,0
112000412,0,0,0
112000413,0,0,0
112000414,0,0,0
112000415,0,0,0
112000416,992,180,812
112000417,12,23,-11
112000421,0,0,0
112000422,11,1,10
112000424,0,0,0
112000425,0,0,0
112000426,0,0,0
112000427,0,0,0
112000428,0,0,0
112000429,425,430,-5
112000430,469,755,-286
112000431,32,17,15
112000432,0,0,0
112000433,17,85,-68
112000437,0,17,-17
112900001,0,0,0
112900002,0,0,0
112900003,0,0,0
112900004,0,0,0
112900005,0,0,0
112900006,0,0,0
112900007,0,0,0
112900008,0,0,0
112900009,0,0,0
112900010,0,0,0
112900011,0,0,0
112900012,0,0,0
112900013,0,0,0
112900014,0,0,0
112900015,0,0,0
112900016,0,0,0
112900017,0,0,0
112900018,0,0,0
112900019,0,0,0
112900020,0,0,0
112900021,0,0,0
112900022,0,0,0
112900023,0,0,0
112900024,0,0,0
112900025,0,0,0
112900026,0,0,0
112900027,0,0,0
112900028,0,0,0
112900029,0,0,0
112900030,0,0,0
112900031,0,0,0
112900032,0,0,0
112900034,0,0,0
112900035,0,0,0
112900036,0,0,0
112900037,0,0,0
112900038,0,0,0
112900039,0,0,0
112900040,0,0,0
112900041,0,0,0
112900042,0,0,0
112900043,0,0,0
112900044,0,0,0
112900045,0,0,0
112900046,0,0,0
112900047,0,0,0
112900049,0,0,0
112900050,0,0,0
112900051,0,0,0
112900052,0,0,0
112900053,0,0,0
112900054,0,0,0
112900055,0,0,0
112900056,0,0,0
112900057,0,0,0
112900058,0,0,0
112900059,0,0,0
112900060,0,0,0
112900061,0,0,0
112900062,0,0,0
112900063,0,0,0
112900064,0,0,0
112900065,0,0,0
112900066,0,0,0
112900067,0,0,0
112900068,0,0,0
112900069,0,0,0
112900071,0,0,0
112900072,0,0,0
112900073,0,0,0
112900074,0,0,0
112900075,0,0,0
112900076,0,0,0
112900078,0,0,0
112900079,0,0,0
112900080,0,0,0
112900081,0,0,0
112900082,0,0,0
112900083,0,0,0
112900084,0,0,0
112900086,0,0,0
112900087,0,0,0
112900088,0,0,0
112900089,0,0,0
112900090,0,0,0
112900091,0,0,0
112900092,0,0,0
112900093,0,0,0
112900095,0,0,0
112900096,0,0,0
112900097,0,0,0
112900098,0,0,0
112900099,0,0,0
112900100,0,0,0
112900101,0,0,0
112900102,0,0,0
112900103,0,0,0
112900104,0,0,0
112900105,0,0,0
112900106,0,0,0
112900107,0,0,0
112900108,0,0,0
112900109,0,0,0
112900110,0,0,0
112900111,0,0,0
112900112,0,0,0
112900113,0,0,0
112900114,0,0,0
112900115,0,0,0
112900116,0,0,0
112900117,0,0,0
112900118,0,0,0
112900119,0,0,0
112900120,0,0,0
112900121,0,0,0
112900122,0,0,0
112900123,0,0,0
112900124,0,0,0
112900125,0,0,0
112900126,0,0,0
112900127,0,0,0
112900128,0,0,0
112900129,0,0,0
112900130,0,0,0
112900131,0,0,0
112900132,0,0,0
112900133,0,0,0
112900134,0,0,0
112900135,0,0,0
112900137,0,0,0
112900138,0,0,0
112900139,0,0,0
112900141,1,1,0
112900142,0,0,0
112900143,0,0,0
112900144,0,0,0
112900145,0,0,0
112900146,0,0,0
112900147,0,0,0
112900148,0,0,0
112900149,0,0,0
112900151,0,0,0
112900152,0,0,0
112900153,0,0,0
112900154,0,0,0
112900155,0,0,0
112900156,0,0,0
112900157,0,0,0
112900158,0,0,0
112900159,0,0,0
112900160,0,0,0
112900161,0,0,0
112900162,0,0,0
112900163,0,0,0
112900164,0,0,0
112900165,0,0,0
112900166,0,0,0
112900167,0,0,0
112900168,0,0,0
112900169,0,0,0
112900170,0,0,0
112900172,0,0,0
112900173,0,0,0
112900174,0,0,0
112900175,0,0,0
112900176,0,0,0
112900177,0,0,0
112900178,0,0,0
112900179,0,0,0
112900180,0,0,0
112900181,0,0,0
112900182,0,0,0
112900183,0,0,0
112900184,0,0,0
112900185,0,0,0
112900186,0,0,0
112900187,0,0,0
112900188,0,0,0
112900189,0,0,0
112900190,0,0,0
112900192,0,0,0
112900193,0,0,0
112900194,0,0,0
112900195,0,0,0
112900196,0,0,0
112900197,0,0,0
112900199,0,0,0
112900200,0,0,0
112900201,0,0,0
112900202,0,0,0
112900203,0,0,0
112900204,0,0,0
112900205,0,0,0
112900206,0,0,0
112900207,0,0,0
112900208,0,0,0
112900209,0,0,0
112900210,0,0,0
112900211,0,0,0
112900212,0,0,0
112900213,0,0,0
112900214,0,0,0
112900215,0,0,0
112900216,0,0,0
112900217,0,0,0
112900218,0,0,0
112900219,0,0,0
112900220,0,0,0
112900221,0,0,0
112900222,0,0,0
112900223,0,0,0
112900224,0,0,0
112900225,0,0,0
112900226,0,0,0
112900227,0,0,0
112900228,0,0,0
112900229,0,0,0
112900230,0,0,0
112900232,0,0,0
112900233,0,0,0
112900234,0,0,0
112900235,0,0,0
112900236,0,0,0
112900237,0,0,0
112900238,0,0,0
112900239,0,0,0
113000001,265,323,-58
113000002,374,359,15
113000003,141,176,-35
113000004,83,129,-46
113000005,72,51,21
113000006,74,94,-20
113000007,81,55,26
113000008,103,72,31
113000009,120,34,86
113000010,191,66,125
113000011,0,0,0
113000012,810,53,757
113000013,5,48,-43
113000014,36,3,33
113000015,0,3,-3
113000016,2,0,2
113000017,0,0,0
113000018,74,16,58
113000019,0,0,0
113000020,146,7,139
113000021,311,18,293
113000022,77,1,76
113000025,0,0,0
113000026,36,10,26
113000027,108,3,105
113000028,3,4,-1
113000029,49,25,24
113000030,0,0,0
113000031,0,0,0
113000032,45,47,-2
113000033,68,31,37
113000034,0,0,0
113000035,0,0,0
113000036,0,0,0
113000037,0,0,0
113000038,0,0,0
113000039,0,0,0
113000040,0,0,0
113000042,0,0,0
113000051,200,159,41
113000052,138,83,55
113000053,16,12,4
113000054,59,77,-18
113000055,103,34,69
113000056,147,60,87
113000058,0,0,0
113000059,282,74,208
113000060,0,0,0
113000061,133,88,45
113000062,0,0,0
113000063,0,0,0
113000064,0,0,0
113000065,4,13,-9
113000066,195,1,194
113000067,36,4,32
113000068,42,39,3
113000069,37,53,-16
113000070,84,15,69
113000071,26,26,0
113000072,133,7,126
113000073,0,79,-79
113000074,64,11,53
113000075,305,10,295
113000076,5,223,-218
113000077,70,99,-29
113000078,0,0,0
113000079,0,0,0
113000080,58,44,14
113000081,189,61,128
113000082,0,0,0
113000083,208,230,-22
113000084,4,1,3
113000085,184,198,-14
113000086,2,2,0
113000087,128,510,-382
113000088,13,1,12
113000089,208,449,-241
113000090,6,29,-23
113000091,26,0,26
113000094,90,7,83
113000095,0,0,0
113000096,2,0,2
113000097,67,41,26
113000098,0,1,-1
113000099,68,11,57
113000100,2,1,1
113000101,0,0,0
113000102,24,40,-16
113000103,0,0,0
113000104,324,141,183
113000105,767,160,607
113000106,0,0,0
113000107,256,487,-231
113000108,97,21,76
113000109,0,0,0
113000110,93,116,-23
113000111,0,0,0
113000112,4,64,-60
113000113,94,48,46
113000114,0,0,0
113000116,0,0,0
113000117,0,0,0
113000118,0,0,0
113000119,0,0,0
113000120,0,0,0
113000121,0,0,0
113000124,30,14,16
113000125,0,0,0
113000127,0,0,0
113000128,0,0,0
113000129,0,0,0
113000133,41,0,41
113000134,1,76,-75
113000135,1266,1173,93
113000137,430,423,7
113000139,73,31,42
113000140,0,0,0
113000141,71,35,36
113000142,0,0,0
113000143,2,7,-5
113000144,0,0,0
113000145,0,0,0
113000146,0,0,0
113000147,0,0,0
113000148,0,0,0
113000149,0,0,0
113000150,0,0,0
113000151,0,0,0
113000152,0,0,0
113000153,0,0,0
113000154,18,49,-31
113000155,42,56,-14
113000156,0,0,0
113000157,0,0,0
113000158,7,0,7
113000159,14,1,13
113000160,0,0,0
113000161,0,0,0
113000162,0,0,0
113000163,0,0,0
113000164,0,0,0
113000166,89,3,86
113000167,0,0,0
113000168,0,0,0
113000169,114,27,87
113000170,236,24,212
113000171,0,0,0
113000172,95,8,87
113000173,10,1,9
113000174,0,0,0
113000175,61,20,41
113000176,247,19,228
113000177,0,0,0
113000178,0,0,0
113000179,87,32,55
113000180,99,13,86
113000181,68,23,45
113000182,3,0,3
113000183,4,52,-48
113000184,0,0,0
113000189,0,0,0
113000190,0,0,0
113000192,74,252,-178
113000193,116,12,104
113000194,9,60,-51
113000195,70,71,-1
113000196,100,4,96
113000197,34,23,11
113000198,0,0,0
113000199,0,0,0
113000201,0,0,0
113000202,0,0,0
113000203,5,0,5
113000204,21,131,-110
113000205,0,0,0
113000206,0,0,0
113000207,0,0,0
113000208,0,0,0
113000209,0,0,0
113000210,0,0,0
113000211,3,0,3
113000212,0,0,0
113000213,11,0,11
113000214,0,0,0
113000234,0,0,0
113000410,0,6,-6
113000411,30,140,-110
113000412,641,306,335
113000413,350,440,-90
113000414,369,454,-85
113000415,38,88,-50
113000416,121,60,61
113000417,35,128,-93
113000418,559,322,237
113000419,143,188,-45
113000420,668,223,445
113000421,2302,1455,847
113000422,516,614,-98
113000423,558,404,154
113000424,984,489,495
113000425,0,0,0
113000428,2,1,1
113000430,0,0,0
113000432,257,15,242
113000433,0,0,0
113000434,0,0,0
113000435,0,0,0
113000436,0,0,0
113000437,87,1,86
113000438,4,1,3
113000439,0,0,0
113000440,0,2,-2
113000441,5,0,5
113000442,0,0,0
113000443,2,0,2
113000444,0,0,0
113000445,0,0,0
113000446,0,0,0
113000448,0,0,0
113000449,2,0,2
113000450,0,0,0
113000451,0,0,0
113000452,21,1,20
113000453,0,0,0
113000454,0,7,-7
113000455,0,0,0
113000456,0,0,0
113000468,0,0,0
113000469,0,0,0
113000470,0,0,0
113000471,0,0,0
113000472,0,0,0
113000474,20,67,-47
113000475,74,70,4
113000476,175,414,-239
113000477,1019,374,645
113000478,495,184,311
113000479,0,0,0
113000480,0,0,0
113000483,0,0,0
113000484,0,0,0
113000485,0,0,0
113000486,0,0,0
113000487,0,0,0
113000488,0,0,0
113000489,0,0,0
113000490,0,0,0
113000491,4,1,3
113000492,0,0,0
113000493,0,0,0
113000495,0,0,0
113000496,2,0,2
113000497,0,0,0
113000500,0,0,0
113900001,0,0,0
113900002,0,0,0
113900003,0,0,0
113900004,0,0,0
113900005,0,0,0
113900006,0,0,0
113900007,0,0,0
113900008,0,0,0
113900009,0,0,0
113900010,0,0,0
113900011,0,0,0
113900012,0,0,0
113900013,0,0,0
113900014,0,0,0
113900015,0,0,0
113900016,0,0,0
113900017,0,0,0
113900018,0,0,0
113900019,0,0,0
113900020,0,0,0
113900022,0,0,0
113900023,0,0,0
113900024,0,0,0
113900025,0,0,0
113900026,0,0,0
113900027,0,0,0
113900028,0,0,0
113900029,0,0,0
113900030,0,0,0
113900031,0,0,0
113900032,0,0,0
113900033,0,0,0
113900035,0,0,0
113900036,0,0,0
113900037,0,0,0
113900038,0,0,0
113900039,0,0,0
113900040,0,0,0
113900041,0,0,0
113900042,0,0,0
113900043,0,0,0
113900044,0,0,0
113900045,0,0,0
113900046,0,0,0
113900047,0,0,0
113900048,0,0,0
113900049,0,0,0
113900050,0,0,0
113900051,0,0,0
113900052,0,0,0
113900053,0,0,0
113900054,0,0,0
113900055,0,0,0
113900056,0,0,0
113900057,0,0,0
113900058,0,0,0
113900059,0,0,0
113900060,0,0,0
113900061,0,0,0
113900062,0,0,0
113900063,0,0,0
113900064,0,0,0
113900065,0,0,0
113900066,0,0,0
113900067,0,0,0
113900068,0,0,0
113900069,0,0,0
113900070,0,0,0
113900071,0,0,0
113900072,0,0,0
113900073,0,0,0
113900074,0,0,0
113900075,0,0,0
113900076,0,0,0
113900077,0,0,0
113900078,0,0,0
113900079,0,0,0
113900080,0,0,0
113900081,0,0,0
113900082,0,0,0
113900083,0,0,0
113900084,0,0,0
113900085,0,0,0
113900086,0,0,0
113900087,0,0,0
113900088,0,0,0
113900089,0,0,0
113900090,0,0,0
113900091,0,0,0
113900092,0,0,0
113900093,0,0,0
113900094,0,0,0
113900095,0,0,0
113900096,0,0,0
113900097,0,0,0
113900098,0,0,0
113900099,0,0,0
113900100,0,0,0
113900101,0,0,0
113900102,0,0,0
113900103,0,0,0
113900104,0,0,0
113900105,0,0,0
113900106,0,0,0
113900107,0,0,0
113900108,0,0,0
113900109,0,0,0
113900110,0,0,0
113900111,0,0,0
113900112,0,0,0
113900113,0,0,0
113900114,0,0,0
113900115,0,0,0
113900116,0,0,0
113900117,0,0,0
113900118,0,0,0
113900119,0,0,0
113900120,0,0,0
113900121,0,0,0
113900122,0,0,0
113900123,0,0,0
113900124,0,0,0
113900125,0,0,0
113900126,0,0,0
113900127,0,0,0
113900128,0,0,0
113900129,0,0,0
113900130,0,0,0
113900131,0,0,0
113900132,0,0,0
113900133,0,0,0
113900135,0,0,0
113900136,0,0,0
113900137,0,0,0
113900138,0,0,0
113900139,0,0,0
113900140,0,0,0
113900141,0,0,0
113900142,0,0,0
113900143,0,0,0
113900144,0,0,0
113900145,0,0,0
113900146,0,0,0
113900148,0,0,0
113900149,0,0,0
113900150,0,0,0
113900151,0,0,0
113900152,0,0,0
113900153,0,0,0
113900154,0,0,0
113900155,0,0,0
113900156,0,0,0
113900157,0,0,0
113900158,0,0,0
113900159,0,0,0
113900160,0,0,0
113900161,0,0,0
113900162,0,0,0
113900163,0,0,0
113900164,0,0,0
113900165,0,0,0
113900166,0,0,0
113900167,0,0,0
113900168,0,0,0
113900169,0,0,0
113900171,0,0,0
113900172,0,0,0
113900173,0,0,0
113900174,0,0,0
113900175,0,0,0
113900176,0,0,0
113900177,0,0,0
113900178,0,0,0
113900179,0,0,0
113900180,0,0,0
113900181,0,0,0
113900182,0,0,0
113900183,0,0,0
113900184,0,0,0
113900185,0,0,0
113900186,0,0,0
113900187,0,0,0
113900188,0,0,0
113900189,0,0,0
113900190,0,0,0
113900191,0,0,0
113900192,0,0,0
113900193,0,0,0
113900194,0,0,0
113900195,0,0,0
113900196,0,0,0
113900197,0,0,0
113900198,0,0,0
113900199,0,0,0
113900200,0,0,0
113900201,0,0,0
113900202,0,0,0
113900203,0,0,0
113900204,0,0,0
113900205,0,0,0
113900206,0,0,0
113900207,0,0,0
113900208,0,0,0
113900209,0,0,0
113900210,0,0,0
113900211,0,0,0
113900212,0,0,0
113900214,0,0,0
113900215,0,0,0
113900216,0,0,0
113900217,0,0,0
113900218,0,0,0
113900219,0,0,0
113900220,0,0,0
113900221,0,0,0
113900222,0,0,0
113900223,0,0,0
113900224,0,0,0
113900225,0,0,0
113900226,0,0,0
113900227,0,0,0
113900228,0,0,0
113900229,0,0,0
113900230,0,0,0
113900231,0,0,0
113900232,0,0,0
113900233,0,0,0
113900234,0,0,0
113900235,0,0,0
113900236,0,0,0
113900237,0,0,0
113900238,0,0,0
113900239,0,0,0
113900240,0,0,0
113900241,0,0,0
113900242,0,0,0
113900243,0,0,0
113900244,0,0,0
113900245,0,0,0
113900246,0,0,0
113900247,0,0,0
113900248,0,0,0
113900249,0,0,0
113900250,0,0,0
113900251,0,0,0
113900252,0,0,0
113900253,0,0,0
113900254,0,0,0
113900255,0,0,0
113900256,0,0,0
113900257,0,0,0
113900258,0,0,0
113900259,0,0,0
113900260,0,0,0
113900261,0,0,0
113900262,0,0,0
113900263,0,0,0
113900264,0,0,0
113900265,0,0,0
113900266,0,0,0
113900267,0,0,0
113900268,0,0,0
113900269,0,0,0
113900270,0,0,0
113900271,0,0,0
113900273,0,0,0
113900274,0,0,0
113900275,0,0,0
113900276,0,0,0
113900277,0,0,0
113900278,0,0,0
113900279,0,0,0
113900280,0,0,0
113900281,0,0,0
113900282,0,0,0
113900283,0,0,0
113900284,0,0,0
113900285,0,0,0
113900286,0,0,0
113900287,0,0,0
113900288,0,0,0
113900289,0,0,0
113900290,0,0,0
113900291,0,0,0
113900292,0,0,0
113900293,0,0,0
113900294,0,0,0
113900295,9,6,3
113900296,1,0,1
113900297,0,0,0
113900298,0,0,0
113900299,0,0,0
113900300,0,0,0
113900301,0,0,0
113900302,0,0,0
113900303,0,0,0
113900304,0,0,0
113900305,0,0,0
113900306,0,0,0
113900307,0,0,0
113900308,0,0,0
113900309,0,0,0
113900310,0,0,0
113900311,0,0,0
113900312,0,0,0
113900313,0,0,0
114000001,240,124,116
114000002,66,52,14
114000003,0,0,0
114000004,0,0,0
114000005,0,0,0
114000006,0,0,0
114000007,0,0,0
114000008,2,80,-78
114000009,4,19,-15
114000011,815,125,690
114000012,511,81,430
114000013,306,148,158
114000014,0,0,0
114000015,0,0,0
114000016,0,0,0
114000017,40,4,36
114000018,0,0,0
114000026,309,116,193
114000027,406,189,217
114000028,341,254,87
114000038,0,0,0
114000039,0,0,0
114000040,5,2,3
114000042,0,0,0
114000043,0,0,0
114000044,15,1,14
114000045,0,0,0
114000046,0,0,0
114000047,0,0,0
114000048,2,8,-6
114000049,40,62,-22
114000050,7,99,-92
114000051,32,311,-279
114000052,24,162,-138
114000053,0,0,0
114000054,0,0,0
114000055,0,0,0
114000056,0,0,0
114000057,311,109,202
114000058,0,0,0
114000059,0,0,0
114000060,0,0,0
114000061,75,157,-82
114000062,61,178,-117
114000063,5,7,-2
114000064,6,3,3
114000065,31,37,-6
114000066,74,52,22
114000067,17,11,6
114000068,15,2,13
114000069,71,4,67
114000070,706,402,304
114000071,0,0,0
114000072,0,0,0
114000073,4,1,3
114000074,0,0,0
114000075,16,0,16
114000076,22,4,18
114000077,16,0,16
114000078,1,2,-1
114000079,0,0,0
114000080,3,12,-9
114000081,47,11,36
114000082,0,0,0
114000083,0,0,0
114000084,0,0,0
114000085,0,0,0
114000086,0,0,0
114000087,0,0,0
114000088,0,2,-2
114000089,5,15,-10
114000090,126,76,50
114000091,74,45,29
114000092,64,36,28
114000093,59,30,29
114000094,67,85,-18
114000095,11,39,-28
114000096,0,0,0
114000097,0,0,0
114000098,60,15,45
114000099,0,0,0
114000100,1149,6,1143
114000101,0,0,0
114000102,106,14,92
114000103,0,0,0
114000104,0,0,0
114000105,0,0,0
114000106,0,0,0
114000107,0,0,0
114000108,0,0,0
114000109,441,235,206
114000110,0,0,0
114000111,500,113,387
114000112,0,0,0
114000113,436,29,407
114000114,0,0,0
114000115,711,154,557
114000116,378,139,239
114000117,1138,94,1044
114000118,689,60,629
114000119,908,84,824
114000120,122,19,103
114000121,0,0,0
114000122,142,19,123
114000123,456,40,416
114000124,138,67,71
114000125,48,168,-120
114000126,333,30,303
114000127,7,2,5
114000128,47,5,42
114000130,21,5,16
114000131,50,40,10
114000132,0,0,0
114000133,0,0,0
114000134,0,0,0
114000138,0,0,0
114000139,6,43,-37
114000144,135,84,51
114000145,0,0,0
114000146,0,0,0
114000147,397,80,317
114000148,44,38,6
114000149,23,79,-56
114000150,0,0,0
114000151,75,137,-62
114000152,3,1,2
114000153,0,0,0
114000154,54,4,50
114000155,314,107,207
114000156,91,33,58
114000157,41,101,-60
114000158,0,0,0
114000159,0,0,0
114000160,0,0,0
114000161,238,473,-235
114000162,966,766,200
114000163,0,0,0
114000165,7,45,-38
114000166,6,24,-18
114000167,280,79,201
114000168,0,0,0
114000169,388,328,60
114000170,599,291,308
114000171,920,210,710
114000174,0,0,0
114000176,0,0,0
114000177,0,0,0
114000178,3,4,-1
114000179,282,55,227
114000180,0,0,0
114000181,211,795,-584
114000182,138,200,-62
114000183,141,64,77
114000184,80,175,-95
114000185,387,137,250
114000189,310,22,288
114000190,906,31,875
114000191,0,0,0
114000192,1,53,-52
114000193,0,0,0
114000194,225,26,199
114000195,0,0,0
114000196,0,0,0
114000197,362,2,360
114000198,0,0,0
114000199,0,0,0
114000200,5,12,-7
114000201,0,0,0
114000202,236,81,155
114000203,50,36,14
114000204,0,0,0
114000205,1,2,-1
114000206,0,0,0
114000207,5,116,-111
114000208,7,66,-59
114000209,4,99,-95
114000210,3,101,-98
114000211,739,285,454
114000212,108,288,-180
114000213,593,313,280
114000214,26,0,26
114000215,0,0,0
114000216,323,101,222
114000217,133,51,82
114000218,20,2,18
114000219,286,5,281
114000220,0,29,-29
114000221,255,15,240
114000222,13,35,-22
114000223,309,38,271
114000224,9,32,-23
114000225,21,5,16
114000226,144,80,64
114000227,234,165,69
114000228,331,65,266
114000229,141,51,90
114000230,539,82,457
114000231,140,44,96
114000232,359,87,272
114000233,805,103,702
114000234,703,225,478
114000235,107,34,73
114000236,0,0,0
114000237,1,0,1
114000238,0,223,-223
114000239,0,0,0
114000240,92,53,39
114000241,26,71,-45
114000242,102,61,41
114000243,663,298,365
114000244,579,170,409
114000245,0,0,0
114000246,0,0,0
114000247,279,98,181
114000248,387,120,267
114000249,285,189,96
114000250,133,9,124
114000251,86,20,66
114000252,0,0,0
114000253,28,0,28
114000254,0,0,0
114000255,0,0,0
114000256,4,85,-81
114000257,1,166,-165
114000258,55,2,53
114000259,0,16,-16
114000260,0,0,0
114000261,74,16,58
114000262,0,0,0
114000263,64,3,61
114000264,0,0,0
114000265,0,0,0
114000267,11,363,-352
114000268,0,0,0
114000270,49,0,49
114000271,122,0,122
114000283,326,23,303
114000285,0,0,0
114000288,7,12,-5
114000289,0,0,0
114000293,34,4,30
114000294,0,5,-5
114000395,597,39,558
114000396,86,37,49
114000402,0,0,0
114000403,36,18,18
114000405,45,6,39
114000423,151,34,117
114000424,63,33,30
114000425,172,28,144
114000426,57,63,-6
114000427,0,0,0
114000428,0,0,0
114000429,1,4,-3
114000432,0,0,0
114000434,0,0,0
114000435,0,0,0
114000436,4,0,4
114000437,73,45,28
114900001,0,0,0
114900002,0,0,0
114900003,0,0,0
114900004,0,0,0
114900005,0,0,0
114900006,0,0,0
114900007,0,0,0
114900008,0,0,0
114900010,0,0,0
114900011,0,0,0
114900013,0,0,0
114900015,0,0,0
114900018,0,0,0
114900020,0,0,0
114900022,0,0,0
114900024,0,0,0
114900025,0,0,0
114900026,0,0,0
114900027,0,0,0
114900029,0,0,0
114900030,0,0,0
114900031,0,0,0
114900032,0,0,0
114900033,0,0,0
114900034,0,0,0
114900035,0,0,0
114900036,0,0,0
114900037,0,0,0
114900038,0,0,0
114900039,0,0,0
114900040,0,0,0
114900041,0,0,0
114900042,0,0,0
114900043,0,0,0
114900044,0,0,0
114900046,0,0,0
114900047,0,0,0
114900048,0,0,0
114900049,0,0,0
114900050,0,0,0
114900051,0,0,0
114900052,0,0,0
114900053,0,0,0
114900054,0,0,0
114900057,0,0,0
114900058,0,0,0
114900059,0,0,0
114900060,0,0,0
114900061,0,0,0
114900062,0,0,0
114900063,0,0,0
114900064,0,0,0
114900065,0,0,0
114900067,0,0,0
114900068,0,0,0
114900069,0,0,0
114900070,0,0,0
114900072,0,0,0
114900073,0,0,0
114900074,0,0,0
114900075,0,0,0
114900076,0,0,0
114900080,0,0,0
114900082,0,0,0
114900083,0,0,0
114900090,0,0,0
114900091,0,0,0
114900095,0,0,0
114900096,0,0,0
114900097,0,0,0
114900098,0,0,0
114900099,0,0,0
115000001,160,231,-71
115000002,1752,666,1086
115000003,173,155,18
115000004,1460,1235,225
115000005,18,123,-105
115000006,607,465,142
115000007,0,0,0
115000008,182,149,33
115000009,0,0,0
115000010,177,236,-59
115000013,0,0,0
115000015,0,0,0
115000016,0,0,0
115000019,34,170,-136
115000020,0,0,0
115000021,3,328,-325
115000022,14,94,-80
115000023,635,223,412
115000024,18,68,-50
115000025,561,300,261
115000026,0,0,0
115000027,223,195,28
115000028,2,11,-9
115000029,600,16,584
115000030,2,65,-63
115000031,739,41,698
115000032,0,0,0
115000033,82,8,74
115000034,0,0,0
115000035,661,3,658
115000036,0,0,0
115000037,321,0,321
115000038,5,55,-50
115000039,19,47,-28
115000040,271,57,214
115000041,31,51,-20
115000042,71,68,3
115000043,1161,641,520
115000044,686,134,552
115000045,184,22,162
115000046,780,303,477
115000047,1234,199,1035
115000048,176,90,86
115000049,123,264,-141
115000050,1486,393,1093
115000051,469,297,172
115000052,125,142,-17
115000053,374,231,143
115000054,113,70,43
115000055,0,0,0
115000056,80,31,49
115000057,0,0,0
115000058,39,19,20
115000059,0,0,0
115000061,21,7,14
115000062,0,0,0
115000063,0,0,0
115000064,88,9,79
115000065,0,0,0
115000067,6,0,6
115000069,0,0,0
115000070,1,26,-25
115000071,42,3,39
115000072,0,0,0
115000073,434,17,417
115000075,0,0,0
115000076,665,299,366
115000077,201,156,45
115000078,176,166,10
115000079,284,186,98
115000080,555,219,336
115000081,0,0,0
115000082,1172,684,488
115000083,0,0,0
115000084,885,213,672
115000085,0,0,0
115000086,642,96,546
115000087,0,0,0
115000088,784,183,601
115000089,0,0,0
115000090,80,104,-24
115000091,77,32,45
115000092,417,4,413
115000093,484,1,483
115000094,1790,362,1428
115000095,1281,277,1004
115000096,169,8,161
115000097,335,49,286
115000098,319,27,292
115000099,862,249,613
115000100,688,134,554
115000101,2,22,-20
115000102,282,94,188
115000103,0,1,-1
115000105,0,8,-8
115000106,267,55,212
115000107,2,20,-18
115000108,76,83,-7
115000109,1029,1134,-105
115000110,233,148,85
115000111,3,99,-96
115000112,90,22,68
115000113,50,71,-21
115000114,88,62,26
115000116,137,82,55
115000117,84,29,55
115000118,141,271,-130
115000119,87,64,23
115000120,20,303,-283
115000121,88,92,-4
115000122,118,36,82
115000123,132,407,-275
115000124,80,25,55
115000125,86,89,-3
115000126,46,56,-10
115000127,12,0,12
115000128,13,31,-18
115000129,56,5,51
115000130,71,7,64
115000131,65,26,39
115000132,117,4,113
115000133,66,6,60
115000134,53,6,47
115000135,24,0,24
115000136,86,16,70
115000137,0,0,0
115000138,152,32,120
115000139,0,0,0
115000140,182,34,148
115000141,0,0,0
115000142,0,0,0
115000143,216,41,175
115000144,0,0,0
115000145,0,0,0
115000146,116,16,100
115000147,0,0,0
115000148,8,36,-28
115000149,0,2,-2
115000150,42,11,31
115000151,38,23,15
115000152,42,8,34
115000153,26,22,4
115000154,24,11,13
115000155,22,20,2
115000156,4,67,-63
115000157,10,13,-3
115000158,6,31,-25
115000159,0,0,0
115000160,0,0,0
115000161,217,151,66
115000162,315,77,238
115000163,0,0,0
115000164,0,0,0
115000165,130,85,45
115000167,54,4,50
115000168,87,50,37
115000169,0,0,0
115000170,0,0,0
115000171,88,114,-26
115000172,0,0,0
115000173,10,4,6
115000174,28,22,6
115000175,0,0,0
115000176,4,0,4
115000177,0,0,0
115000178,0,0,0
115000179,11,3,8
115000180,0,0,0
115000181,155,4,151
115000182,238,10,228
115000183,0,0,0
115000186,130,2,128
115000187,101,32,69
115000188,249,28,221
115000189,5,76,-71
115000190,633,23,610
115000191,7,53,-46
115000194,0,0,0
115000195,19,3,16
115000196,1,0,1
115000197,0,0,0
115000198,33,1,32
115000199,0,0,0
115000200,9,1,8
115000201,0,0,0
115000206,351,3,348
115000207,0,0,0
115000208,37,69,-32
115000209,459,21,438
115000210,38,90,-52
115000211,7,2,5
115000212,26,1,25
115000224,0,0,0
115000225,0,0,0
115000229,15,2,13
115000230,2,9,-7
115000231,126,10,116
115000232,401,3,398
115000233,0,0,0
115000234,0,0,0
115000241,0,0,0
115000242,0,0,0
115000243,0,0,0
115000244,0,0,0
115000246,0,0,0
115000247,0,0,0
115000248,0,0,0
115000249,0,0,0
115000250,0,0,0
115000251,0,0,0
115000252,0,0,0
115000253,0,0,0
115000258,0,0,0
115000259,0,0,0
115000261,0,0,0
115000262,0,0,0
115000263,0,0,0
115000264,0,0,0
115000267,0,0,0
115000268,0,0,0
115000269,0,0,0
115000270,0,0,0
115000272,2,3,-1
115000273,0,0,0
115000280,31,570,-539
115000281,0,0,0
115000282,238,404,-166
115000284,0,0,0
115000296,395,5,390
115000297,7,320,-313
115000298,0,0,0
115000300,0,0,0
115000302,116,2,114
115000303,138,5,133
115000304,110,15,95
115000305,0,0,0
115000306,0,0,0
115000307,0,0,0
115000308,0,0,0
115000309,0,0,0
115000310,0,0,0
115000311,371,62,309
115000313,0,0,0
115000314,11,34,-23
115000315,17,62,-45
115000316,0,0,0
115000317,93,27,66
115000318,509,15,494
115000319,4,30,-26
115000320,1,62,-61
115000321,76,0,76
115000322,0,44,-44
115000449,0,0,0
115000557,0,0,0
115000558,127,6,121
115000587,7,9,-2
115000588,127,186,-59
115000589,2260,1182,1078
115000590,34,92,-58
115000591,520,440,80
115000592,10,86,-76
115000593,708,206,502
115000594,109,126,-17
115000609,0,19,-19
115000617,150,113,37
115000624,0,0,0
115000633,301,143,158
115000634,1409,184,1225
115000635,375,46,329
115000638,0,0,0
115000641,0,0,0
115000642,178,8,170
115000643,0,23,-23
115000644,1,4,-3
115000646,96,62,34
115000647,69,24,45
115000648,306,29,277
115000893,1587,505,1082
115000894,2,129,-127
115000895,18,144,-126
115000896,957,182,775
115000897,59,25,34
115000898,126,26,100
115000899,4,49,-45
115000900,3,60,-57
115000901,2,18,-16
115000912,83,6,77
115000913,0,0,0
115000915,0,0,0
115000916,0,0,0
115000917,0,0,0
115000918,0,0,0
115000919,0,0,0
115000920,0,0,0
115000921,0,0,0
115000922,109,419,-310
115000923,9,99,-90
115000925,0,0,0
115000927,0,0,0
115000933,0,7,-7
115000934,0,0,0
115000935,0,0,0
115000936,0,0,0
115000937,8,26,-18
115000938,3,5,-2
115000939,0,7,-7
115900001,0,0,0
115900002,0,0,0
115900003,0,0,0
115900004,0,0,0
115900005,0,0,0
115900006,0,0,0
115900008,0,0,0
115900009,0,0,0
115900010,0,0,0
115900011,0,0,0
115900012,0,0,0
115900013,0,0,0
115900014,0,0,0
115900015,0,0,0
115900016,0,0,0
115900017,0,0,0
115900018,0,0,0
115900019,0,0,0
115900020,0,0,0
115900021,0,0,0
115900022,0,0,0
115900023,0,0,0
115900025,0,0,0
115900026,0,0,0
115900027,0,0,0
115900028,0,0,0
115900029,0,0,0
115900030,0,0,0
115900031,0,0,0
115900032,0,0,0
115900033,0,0,0
115900034,0,0,0
115900035,0,0,0
115900036,0,0,0
115900037,0,0,0
115900038,0,0,0
115900039,0,0,0
115900041,0,0,0
115900042,0,0,0
115900043,0,0,0
115900044,0,0,0
115900046,0,0,0
115900047,0,0,0
115900049,0,0,0
115900051,0,0,0
115900052,0,0,0
115900053,0,0,0
115900054,0,0,0
115900055,0,0,0
115900056,0,0,0
115900057,0,0,0
115900058,0,0,0
115900060,0,0,0
115900061,0,0,0
115900062,0,0,0
115900063,0,0,0
115900064,0,0,0
115900065,0,0,0
115900066,0,0,0
115900067,0,0,0
115900068,0,0,0
115900069,0,0,0
115900070,0,0,0
115900071,0,0,0
115900072,0,0,0
115900073,0,0,0
115900074,0,0,0
115900075,0,0,0
115900076,0,0,0
115900077,0,0,0
115900078,0,0,0
115900079,0,0,0
115900080,0,0,0
115900081,0,0,0
115900082,0,0,0
115900084,0,0,0
115900085,0,0,0
115900086,0,0,0
115900088,0,0,0
115900089,0,0,0
115900090,0,0,0
115900091,0,0,0
115900092,0,0,0
115900093,0,0,0
115900094,0,0,0
115900096,0,0,0
115900097,0,0,0
115900098,0,0,0
115900099,0,0,0
115900100,0,0,0
115900101,0,0,0
115900102,0,0,0
115900103,0,0,0
115900104,0,0,0
115900105,0,0,0
115900106,0,0,0
115900107,0,0,0
115900108,0,0,0
115900109,0,0,0
115900110,0,0,0
115900111,0,0,0
115900112,0,0,0
115900113,0,0,0
115900114,0,0,0
115900115,0,0,0
115900116,0,0,0
115900117,0,0,0
115900118,0,0,0
115900119,0,0,0
115900120,0,0,0
115900121,0,0,0
115900124,0,0,0
115900125,0,0,0
115900126,0,0,0
115900127,0,0,0
115900128,0,0,0
115900129,0,0,0
115900130,0,0,0
115900131,0,0,0
115900132,0,0,0
115900134,0,0,0
115900135,0,0,0
115900137,0,0,0
115900139,0,0,0
115900140,0,0,0
115900141,0,0,0
115900142,0,0,0
115900143,0,0,0
115900144,0,0,0
115900146,0,0,0
115900147,0,0,0
115900148,0,0,0
115900149,0,0,0
115900150,0,0,0
115900151,0,0,0
115900152,0,0,0
115900153,0,0,0
115900154,0,0,0
115900155,0,0,0
115900156,0,0,0
115900157,0,0,0
115900158,0,0,0
115900159,0,0,0
115900160,0,0,0
115900161,0,0,0
115900163,0,0,0
115900164,0,0,0
115900165,0,0,0
115900166,0,0,0
115900168,0,0,0
115900171,0,0,0
115900172,0,0,0
115900173,0,0,0
115900174,0,0,0
115900175,0,0,0
115900178,0,0,0
115900179,0,0,0
115900180,0,0,0
115900181,0,0,0
115900182,0,0,0
115900183,0,0,0
115900184,0,0,0
115900187,0,0,0
115900189,0,0,0
115900190,0,0,0
115900191,0,0,0
115900192,0,0,0
115900193,0,0,0
115900194,0,0,0
115900195,0,0,0
115900198,0,0,0
115900199,0,0,0
115900200,0,0,0
115900201,0,0,0
115900202,0,0,0
115900203,0,0,0
115900204,0,0,0
115900205,0,0,0
115900206,0,0,0
115900207,0,0,0
115900208,0,0,0
115900209,0,0,0
115900210,0,0,0
115900211,0,0,0
115900212,0,0,0
115900213,0,0,0
115900214,0,0,0
115900215,0,0,0
115900216,0,0,0
115900217,0,0,0
115900218,0,0,0
115900219,0,0,0
115900220,0,0,0
115900221,0,0,0
115900222,0,0,0
115900223,0,0,0
115900224,0,0,0
115900225,0,0,0
115900226,0,0,0
115900227,0,0,0
115900228,0,0,0
115900229,0,0,0
115900230,0,0,0
115900231,0,0,0
115900232,0,0,0
115900233,0,0,0
115900234,0,0,0
115900235,0,0,0
115900236,0,0,0
115900237,0,0,0
115900238,0,0,0
115900239,0,0,0
115900240,0,0,0
115900241,0,0,0
115900242,0,3,-3
115900243,0,0,0
115900244,0,0,0
115900245,0,0,0
115900246,0,0,0
115900247,0,0,0
115900248,0,0,0
115900249,0,0,0
115900250,0,0,0
115900251,0,0,0
115900252,0,0,0
115900253,0,0,0
115900254,0,0,0
115900255,0,0,0
115900256,0,0,0
115900257,0,0,0
115900258,0,0,0
115900259,0,0,0
115900260,0,0,0
115900261,0,0,0
115900262,0,0,0
115900263,0,0,0
115900264,0,0,0
115900265,0,0,0
115900266,0,0,0
115900267,0,0,0
115900268,0,0,0
115900269,0,0,0
115900270,0,0,0
115900271,0,0,0
115900272,0,0,0
115900273,0,0,0
115900274,0,0,0
115900275,0,0,0
115900276,0,0,0
115900277,0,0,0
115900278,0,0,0
115900279,0,0,0
115900280,0,0,0
115900281,0,0,0
115900282,0,0,0
115900283,0,0,0
115900284,0,0,0
116000001,175,275,-100
116000002,1919,2909,-990
116000003,54,150,-96
116000004,664,2290,-1626
116000005,48,152,-104
116000006,232,792,-560
116000007,153,225,-72
116000008,888,561,327
116000009,31,170,-139
116000010,705,654,51
116000011,47,234,-187
116000012,1115,345,770
116000013,173,558,-385
116000014,0,0,0
116000015,9,2,7
116000016,1010,35,975
116000017,40,9,31
116000018,114,4,110
116000019,42,2,40
116000020,601,48,553
116000021,230,0,230
116000022,225,42,183
116000023,1,1,0
116000024,312,28,284
116000025,3,4,-1
116000026,582,67,515
116000027,364,70,294
116000028,537,746,-209
116000029,0,0,0
116000030,442,494,-52
116000031,0,0,0
116000032,148,4,144
116000033,491,327,164
116000034,1512,1749,-237
116000035,650,58,592
116000036,0,0,0
116000037,15,49,-34
116000038,17,132,-115
116000039,0,0,0
116000040,70,179,-109
116000041,0,0,0
116000042,302,276,26
116000043,0,0,0
116000044,0,0,0
116000045,2660,2280,380
116000046,291,138,153
116000047,191,76,115
116000048,2259,990,1269
116000049,1359,634,725
116000050,563,290,273
116000051,2008,333,1675
116000052,917,354,563
116000053,1043,362,681
116000054,0,0,0
116000055,0,0,0
116000056,525,1152,-627
116000057,0,0,0
116000058,111,117,-6
116000059,516,2473,-1957
116000060,93,101,-8
116000061,132,433,-301
116000062,36,37,-1
116000063,137,440,-303
116000066,53,483,-430
116000067,0,0,0
116000068,22,142,-120
116000069,0,0,0
116000078,226,433,-207
116000080,0,0,0
116000082,0,0,0
116000083,454,214,240
116000084,32,531,-499
116000085,548,93,455
116000086,13,124,-111
116000087,1044,282,762
116000088,68,75,-7
116000089,0,0,0
116000090,0,0,0
116000091,0,0,0
116000093,441,138,303
116000094,1,43,-42
116000095,533,63,470
116000096,49,166,-117
116000097,676,59,617
116000098,12,345,-333
116000099,662,40,622
116000100,34,1,33
116000101,17,8,9
116000102,99,21,78
116000103,52,43,9
116000104,18,12,6
116000105,110,4,106
116000106,68,15,53
116000107,207,11,196
116000108,1,10,-9
116000111,28,0,28
116000113,24,7,17
116000114,0,0,0
116000115,96,33,63
116000116,0,0,0
116000117,269,524,-255
116000118,0,0,0
116000119,1302,759,543
116000120,0,0,0
116000121,260,184,76
116000122,0,0,0
116000123,987,104,883
116000124,0,0,0
116000125,1003,59,944
116000126,0,0,0
116000127,0,0,0
116000128,821,65,756
116000129,0,0,0
116000130,0,0,0
116000133,441,12,429
116000134,183,21,162
116000135,791,164,627
116000136,127,97,30
116000137,385,172,213
116000138,0,0,0
116000139,686,1106,-420
116000140,3,2,1
116000141,41,12,29
116000142,294,785,-491
116000143,540,273,267
116000144,115,239,-124
116000145,1727,379,1348
116000146,175,5,170
116000147,141,264,-123
116000148,3,9,-6
116000149,0,0,0
116000151,54,79,-25
116000153,136,795,-659
116000155,238,552,-314
116000156,11,52,-41
116000157,30,0,30
116000158,768,23,745
116000159,14,6,8
116000160,0,0,0
116000161,0,0,0
116000162,0,0,0
116000163,0,0,0
116000164,0,0,0
116000177,7,0,7
116000194,0,0,0
116000195,1028,179,849
116000196,0,0,0
116000197,0,0,0
116000198,540,536,4
116000200,2,18,-16
116000201,0,0,0
116000202,0,1,-1
116000203,0,0,0
116000204,0,0,0
116000205,0,0,0
116000206,0,0,0
116000207,0,0,0
116000233,0,0,0
116000287,0,0,0
116000288,200,61,139
116000292,0,0,0
116000296,0,0,0
116000297,0,0,0
116000304,0,0,0
116000305,0,0,0
116000346,0,0,0
116000352,0,0,0
116000354,0,0,0
116000357,0,0,0
116000358,0,0,0
116000361,0,0,0
116000372,0,0,0
116000381,0,0,0
116000388,0,0,0
116000389,60,37,23
116000445,0,0,0
116000446,413,66,347
116000447,0,0,0
116000448,557,166,391
116000563,170,1517,-1347
116000565,0,0,0
116000568,0,0,0
116000579,0,0,0
116000584,0,0,0
116000585,0,0,0
116000586,0,0,0
116000587,819,1,818
116000589,0,0,0
116000590,1,1,0
116000591,163,16,147
116000592,0,0,0
116000593,0,0,0
116000594,0,0,0
116000595,0,0,0
116000596,0,0,0
116000597,166,4,162
116000598,0,0,0
116000602,0,0,0
116000605,0,0,0
116000606,46,8,38
116000607,0,0,0
116000609,0,0,0
116000611,0,0,0
116000612,1169,512,657
116000613,454,132,322
116000614,0,0,0
116000615,0,0,0
116000616,0,0,0
116000617,0,0,0
116000618,0,0,0
116000619,0,4,-4
116000620,516,48,468
116000621,6,69,-63
116000622,92,35,57
116000624,0,0,0
116000627,0,0,0
116000628,0,0,0
116000629,0,0,0
116000630,49,3,46
116000631,3,4,-1
116000632,0,0,0
116000633,0,0,0
116000634,0,0,0
116000635,1541,1601,-60
116000636,155,249,-94
116000637,0,0,0
116000638,0,0,0
116900001,0,0,0
116900002,0,0,0
116900003,0,0,0
116900004,0,0,0
116900005,0,0,0
116900006,0,0,0
116900007,0,0,0
116900008,0,0,0
116900009,0,0,0
116900010,0,0,0
116900011,0,0,0
116900012,0,0,0
116900013,0,0,0
116900014,0,0,0
116900015,0,0,0
116900016,0,0,0
116900017,0,0,0
116900018,0,0,0
116900019,0,0,0
116900020,0,0,0
116900023,0,0,0
116900024,0,0,0
116900025,0,0,0
116900026,0,0,0
116900027,0,0,0
116900028,0,0,0
116900029,0,0,0
116900031,0,0,0
116900032,0,0,0
116900033,0,0,0
116900034,0,0,0
116900035,0,0,0
116900036,0,0,0
116900038,0,0,0
116900041,0,0,0
116900042,0,0,0
116900043,0,0,0
116900047,0,0,0
116900049,0,0,0
116900050,0,0,0
116900051,0,0,0
116900052,0,0,0
116900055,0,0,0
116900057,0,0,0
116900058,0,0,0
116900059,0,0,0
116900060,0,0,0
116900062,0,0,0
116900064,0,0,0
116900065,0,0,0
116900067,0,0,0
116900068,0,0,0
116900070,0,0,0
116900072,0,0,0
116900073,0,0,0
116900074,0,0,0
116900076,0,0,0
116900077,0,0,0
116900078,0,0,0
116900079,0,0,0
116900080,0,0,0
116900081,0,0,0
116900082,0,0,0
116900083,0,0,0
116900084,0,0,0
116900085,0,0,0
116900086,0,0,0
116900088,0,0,0
116900090,0,0,0
116900091,0,0,0
116900092,0,0,0
116900093,0,0,0
116900094,0,0,0
116900095,0,0,0
116900096,0,0,0
116900097,0,0,0
116900098,0,0,0
116900099,0,0,0
116900100,0,0,0
116900101,0,0,0
116900103,0,0,0
116900104,0,0,0
116900105,0,0,0
116900106,0,0,0
116900107,0,0,0
116900110,0,0,0
116900111,341,0,341
116900112,143,7,136
116900113,110,54,56
116900116,0,0,0
116900117,0,0,0
116900118,0,0,0
116900120,0,0,0
116900121,0,0,0
116900122,0,0,0
116900123,0,0,0
116900124,0,0,0
116900125,0,0,0
116900126,0,0,0
116900128,0,0,0
116900129,0,0,0
116900130,0,0,0
116900131,0,0,0
116900132,0,0,0
116900133,0,0,0
116900134,0,0,0
116900136,0,0,0
116900137,0,0,0
116900138,0,0,0
116900139,0,0,0
116900140,0,0,0
116900141,0,0,0
116900142,0,0,0
116900143,0,0,0
116900144,0,0,0
116900145,0,0,0
116900147,0,0,0
116900148,0,0,0
116900149,0,0,0
116900150,0,0,0
116900151,0,0,0
116900153,0,0,0
116900154,0,0,0
116900155,0,0,0
116900157,0,0,0
116900158,0,0,0
116900159,0,0,0
116900160,0,0,0
116900161,0,0,0
116900162,0,0,0
116900163,0,0,0
116900164,0,0,0
116900165,0,0,0
116900166,0,0,0
116900167,0,0,0
116900168,0,0,0
116900169,0,0,0
116900170,0,0,0
116900171,0,0,0
116900172,0,0,0
116900173,0,0,0
116900174,0,0,0
116900175,0,0,0
116900178,0,0,0
116900179,0,0,0
116900180,0,0,0
116900182,0,0,0
116900183,0,0,0
116900185,0,0,0
116900186,0,0,0
116900187,0,0,0
116900188,0,0,0
116900189,0,0,0
116900191,0,0,0
116900192,0,0,0
116900194,0,0,0
116900195,0,0,0
116900196,0,0,0
116900197,0,0,0
116900198,0,0,0
116900200,0,0,0
116900201,0,0,0
116900202,0,0,0
116900203,0,0,0
116900204,0,0,0
116900206,0,0,0
116900207,0,0,0
116900208,0,0,0
116900209,0,0,0
116900210,0,0,0
116900211,0,0,0
116900212,0,0,0
116900213,0,0,0
116900214,0,0,0
116900215,0,0,0
116900216,0,0,0
116900218,0,0,0
116900219,0,0,0
116900220,0,0,0
116900221,0,0,0
116900222,175,106,69
116900223,0,0,0
116900226,0,0,0
116900227,0,0,0
116900228,0,0,0
116900230,0,0,0
116900231,0,0,0
116900232,0,0,0
116900233,0,0,0
116900234,0,0,0
116900235,0,0,0
116900238,0,0,0
116900239,0,0,0
116900240,0,0,0
116900241,0,0,0
116900242,0,0,0
116900243,0,0,0
116900245,0,0,0
116900246,0,0,0
116900247,0,0,0
116900248,0,0,0
116900249,0,0,0
116900250,0,0,0
116900251,0,0,0
116900252,170,16,154
116900253,0,0,0
116900254,0,0,0
116900255,0,0,0
116900256,0,0,0
116900257,0,0,0
116900258,0,0,0
116900259,0,0,0
116900260,0,0,0
116900261,0,0,0
116900262,0,0,0
116900263,0,0,0
116900264,0,0,0
116900265,0,0,0
116900266,0,0,0
116900267,0,0,0
116900268,0,0,0
116900269,221,130,91
116900271,0,0,0
116900272,0,0,0
116900273,0,0,0
116900274,0,0,0
116900275,0,0,0
116900276,106,7,99
116900277,0,0,0
116900278,0,0,0
116900279,0,0,0
116900280,0,0,0
116900281,0,0,0
116900282,0,0,0
116900283,0,0,0
116900284,0,0,0
116900285,0,0,0
116900286,0,0,0
116900287,0,0,0
116900288,0,0,0
116900289,0,0,0
116900290,0,0,0
116900291,0,0,0
116900292,0,0,0
116900293,0,0,0
116900294,0,0,0
116900295,0,0,0
116900296,0,0,0
116900297,0,0,0
116900298,0,0,0
116900299,0,0,0
116900300,0,0,0
116900301,0,0,0
116900302,0,0,0
116900303,0,0,0
116900304,0,0,0
116900305,0,0,0
116900306,0,5,-5
117000001,1411,751,660
117000002,5,78,-73
117000003,2730,1295,1435
117000004,400,289,111
117000005,1592,841,751
117000006,198,203,-5
117000007,3375,831,2544
117000008,104,218,-114
117000009,2250,406,1844
117000010,187,185,2
117000011,1227,358,869
117000012,167,94,73
117000013,1284,201,1083
117000014,30,353,-323
117000015,562,382,180
117000016,42,29,13
117000017,88,19,69
117000018,0,34,-34
117000019,9,12,-3
117000020,25,39,-14
117000021,67,3,64
117000022,93,26,67
117000023,34,20,14
117000024,0,0,0
117000025,0,0,0
117000026,996,1136,-140
117000027,0,0,0
117000028,496,187,309
117000030,192,289,-97
117000031,214,279,-65
117000032,552,377,175
117000033,493,325,168
117000034,178,121,57
117000035,533,112,421
117000036,126,178,-52
117000037,597,53,544
117000038,205,142,63
117000039,417,82,335
117000040,0,0,0
117000041,611,15,596
117000044,0,0,0
117000045,27,28,-1
117000046,0,0,0
117000047,800,439,361
117000048,0,0,0
117000049,9,40,-31
117000050,8,12,-4
117000051,675,162,513
117000052,0,0,0
117000053,0,0,0
117000054,1550,81,1469
117000055,0,39,-39
117000056,452,74,378
117000057,0,36,-36
117000060,0,0,0
117000061,512,473,39
117000062,0,0,0
117000063,282,150,132
117000064,0,0,0
117000066,0,14,-14
117000067,9,75,-66
117000074,3,36,-33
117000076,3,9,-6
117000077,89,82,7
117000078,0,0,0
117000079,57,14,43
117000080,0,0,0
117000081,200,3,197
117000082,0,0,0
117000083,62,0,62
117000084,32,0,32
117000085,25,10,15
117000086,294,275,19
117000087,20,86,-66
117000088,281,129,152
117000089,1307,282,1025
117000090,18,54,-36
117000091,874,99,775
117000092,0,47,-47
117000093,1615,282,1333
117000094,60,80,-20
117000095,2441,206,2235
117000096,28,89,-61
117000097,1525,158,1367
117000098,70,65,5
117000099,1657,234,1423
117000100,0,0,0
117000101,0,0,0
117000102,1158,405,753
117000103,29,65,-36
117000104,880,294,586
117000105,27,47,-20
117000106,1322,271,1051
117000107,158,43,115
117000108,988,688,300
117000109,203,48,155
117000110,1036,983,53
117000111,2644,1700,944
117000112,900,531,369
117000113,0,0,0
117000114,3,1,2
117000115,0,0,0
117000116,1,4,-3
117000117,151,159,-8
117000118,27,19,8
117000119,1,54,-53
117000120,1,46,-45
117000121,1,84,-83
117000122,4,98,-94
117000123,192,47,145
117000124,13,2,11
117000125,2,0,2
117000126,0,1,-1
117000127,9,0,9
117000128,0,6,-6
117000129,203,547,-344
117000130,27,0,27
117000131,0,0,0
117000132,1960,21,1939
117000133,0,0,0
117000134,0,0,0
117000135,0,0,0
117000136,0,0,0
117000137,0,0,0
117000138,0,0,0
117000140,29,53,-24
117000141,1259,216,1043
117000181,0,0,0
117000182,0,0,0
117000195,0,0,0
117000196,0,0,0
117000225,0,0,0
117000226,0,0,0
117000276,0,0,0
117000277,0,0,0
117000310,3,481,-478
117000315,0,0,0
117000320,150,3,147
117000906,179,9,170
117000907,0,0,0
117000908,0,0,0
117000909,9,12,-3
117000910,0,0,0
117000911,1,55,-54
117000915,0,0,0
117000916,5,14,-9
117000917,333,9,324
117000918,47,78,-31
117000919,0,0,0
117000920,0,28,-28
117000921,0,0,0
117000922,1,5,-4
117000924,74,291,-217
117000926,60,5,55
117000927,142,633,-491
117000928,0,0,0
117000929,0,0,0
117000930,0,0,0
117000931,0,0,0
117900002,0,0,0
117900003,0,0,0
117900005,0,0,0
117900006,0,0,0
117900007,0,0,0
117900008,0,0,0
117900010,0,0,0
117900011,0,0,0
117900012,0,0,0
117900013,0,0,0
117900014,0,0,0
117900015,0,0,0
117900016,0,0,0
117900017,0,0,0
117900018,0,0,0
117900019,0,0,0
117900020,0,0,0
117900021,0,0,0
117900022,0,0,0
117900023,0,0,0
117900024,0,0,0
117900025,0,0,0
117900026,0,0,0
117900028,0,0,0
117900029,0,0,0
117900030,0,0,0
117900031,0,0,0
117900032,0,0,0
117900033,0,0,0
117900034,0,0,0
117900035,0,0,0
117900036,0,0,0
117900037,0,0,0
117900038,0,0,0
117900039,0,0,0
117900040,0,0,0
117900041,0,0,0
117900042,0,0,0
117900043,0,0,0
117900044,0,0,0
117900045,0,0,0
117900048,0,0,0
117900049,0,0,0
117900050,0,0,0
117900051,0,0,0
117900052,0,0,0
117900053,0,0,0
117900054,0,0,0
117900055,0,0,0
117900056,0,0,0
117900057,0,0,0
117900058,0,0,0
117900059,0,0,0
117900060,0,0,0
117900061,0,0,0
117900063,0,0,0
117900065,0,0,0
117900066,0,0,0
117900067,0,0,0
117900069,0,0,0
117900070,0,0,0
117900071,0,0,0
117900073,0,0,0
117900074,0,0,0
117900075,0,0,0
117900076,0,0,0
117900077,0,0,0
117900078,0,0,0
117900080,0,0,0
117900081,0,0,0
117900082,0,0,0
117900083,0,0,0
117900086,0,0,0
117900087,0,0,0
117900088,0,0,0
117900089,0,0,0
117900090,0,0,0
117900091,0,0,0
117900092,0,0,0
117900093,0,0,0
117900094,0,0,0
117900095,0,0,0
117900096,0,0,0
117900097,0,0,0
117900098,0,0,0
117900099,0,0,0
117900100,0,0,0
117900101,0,0,0
117900102,0,0,0
117900103,0,0,0
117900104,0,0,0
117900105,0,0,0
117900106,0,0,0
117900107,0,0,0
117900109,0,0,0
117900110,0,0,0
117900111,31,8,23
117900112,0,0,0
117900113,0,0,0
117900114,0,0,0
117900115,0,0,0
117900116,1,1,0
117900117,0,0,0
117900118,3,0,3
117900119,0,0,0
117900120,0,0,0
117900121,9,0,9
117900122,0,0,0
117900123,0,0,0
117900124,0,0,0
117900125,0,0,0
117900126,0,0,0
117900127,0,0,0
117900128,0,0,0
117900129,0,0,0
117900130,0,0,0
117900131,0,0,0
117900132,0,0,0
117900133,0,0,0
117900134,0,0,0
117900135,0,0,0
117900136,0,0,0
117900137,0,0,0
117900138,0,0,0
117900139,0,0,0
117900140,0,0,0
117900141,0,0,0
117900142,0,0,0
117900144,0,0,0
117900145,0,0,0
117900146,0,0,0
117900147,0,0,0
117900148,0,0,0
117900149,0,0,0
117900150,0,0,0
117900151,0,0,0
117900152,0,0,0
117900153,0,0,0
117900154,0,0,0
117900156,0,0,0
117900157,0,0,0
117900158,0,0,0
117900160,0,0,0
117900161,0,0,0
117900162,0,0,0
117900163,0,0,0
117900165,0,0,0
117900166,0,0,0
117900168,0,0,0
117900169,0,0,0
117900170,0,0,0
117900171,0,0,0
117900172,0,0,0
117900173,0,0,0
117900174,0,0,0
117900175,0,0,0
117900176,0,0,0
117900177,0,0,0
117900178,0,0,0
117900180,0,0,0
117900181,0,0,0
117900182,0,0,0
117900183,0,0,0
117900184,0,0,0
117900185,0,0,0
117900186,0,0,0
117900187,0,0,0
117900188,0,0,0
117900189,0,0,0
117900190,0,0,0
117900191,0,0,0
117900192,0,0,0
117900193,0,0,0
117900194,0,0,0
117900195,0,0,0
117900196,0,0,0
117900207,0,0,0
117900208,0,0,0
117900209,0,0,0
117900210,0,0,0
117900211,0,0,0
117900212,0,0,0
117900213,0,0,0
117900214,0,0,0
117900215,0,0,0
117900216,0,0,0
117900217,0,0,0
117900218,0,0,0
117900219,0,0,0
117900220,0,0,0
117900222,0,0,0
117900223,0,0,0
118000001,279,799,-520
118000002,8,120,-112
118000003,1077,2190,-1113
118000004,48,72,-24
118000005,2099,1916,183
118000006,184,271,-87
118000007,174,846,-672
118000008,265,644,-379
118000009,52,310,-258
118000010,117,524,-407
118000011,0,0,0
118000012,0,0,0
118000013,0,0,0
118000014,0,0,0
118000016,0,0,0
118000017,47,37,10
118000018,0,0,0
118000019,0,0,0
118000020,21,77,-56
118000021,0,123,-123
118000022,100,39,61
118000023,284,197,87
118000024,301,271,30
118000027,283,358,-75
118000029,25,461,-436
118000032,324,898,-574
118000033,841,1750,-909
118000034,100,409,-309
118000035,81,349,-268
118000036,76,190,-114
118000037,0,0,0
118000038,37,214,-177
118000039,0,0,0
118000040,272,375,-103
118000041,0,0,0
118000045,3,61,-58
118000046,0,201,-201
118000047,0,0,0
118000048,67,169,-102
118000051,39,266,-227
118000052,30,120,-90
118000053,7,43,-36
118000054,55,113,-58
118000055,0,58,-58
118000056,0,0,0
118000057,2,1,1
118000058,0,0,0
118000059,0,20,-20
118000060,19,3,16
118000061,18,96,-78
118000062,0,0,0
118000063,0,18,-18
118000064,9,93,-84
118000065,12,54,-42
118000066,2,253,-251
118000067,2,79,-77
118000068,41,177,-136
118000069,3,28,-25
118000070,29,61,-32
118000071,119,156,-37
118000072,228,478,-250
118000073,32,111,-79
118000074,3,17,-14
118000075,10,34,-24
118000076,684,2327,-1643
118000077,0,0,0
118000078,891,1159,-268
118000079,12,115,-103
118000080,0,0,0
118000081,389,686,-297
118000082,0,0,0
118000083,0,0,0
118000084,0,0,0
118000086,0,0,0
118000087,149,192,-43
118000088,156,415,-259
118000089,427,217,210
118000090,10,143,-133
118000091,84,201,-117
118000092,0,0,0
118000093,0,0,0
118000096,0,0,0
118000097,0,0,0
118000098,0,0,0
118000099,0,0,0
118000101,459,256,203
118000102,160,47,113
118000107,28,0,28
118000108,57,9,48
118000110,0,0,0
118000111,0,0,0
118000112,147,0,147
118000113,0,0,0
118000114,104,0,104
118000115,1,0,1
118000116,1,0,1
118000117,47,2,45
118000118,340,351,-11
118000119,301,374,-73
118000120,51,16,35
118000121,0,0,0
118000122,0,0,0
118000123,0,0,0
118000125,0,0,0
118000126,2,30,-28
118000127,107,324,-217
118000128,0,0,0
118000129,151,76,75
118000130,6,73,-67
118000131,40,114,-74
118000132,200,312,-112
118000133,176,133,43
118000135,210,258,-48
118000136,0,7,-7
118000137,0,0,0
118000138,0,3,-3
118000139,0,0,0
118000140,20,24,-4
118000141,1277,1038,239
118000142,73,36,37
118000143,493,568,-75
118000144,130,143,-13
118000145,432,171,261
118000146,403,50,353
118000147,473,66,407
118000148,35,134,-99
118000149,0,0,0
118000150,417,106,311
118000151,55,33,22
118000153,577,683,-106
118000154,363,339,24
118000155,638,725,-87
118000156,258,117,141
118000157,278,97,181
118000158,0,0,0
118000159,67,130,-63
118000160,638,231,407
118000161,0,0,0
118000162,255,82,173
118000163,227,188,39
118000164,763,266,497
118000168,0,0,0
118000169,0,0,0
118000170,41,40,1
118000171,12,25,-13
118000172,1,3,-2
118000173,192,132,60
118000175,278,613,-335
118000176,264,699,-435
118000177,267,466,-199
118000178,0,0,0
118000179,1123,912,211
118000180,847,511,336
118000181,50,24,26
118000182,63,55,8
118000183,65,67,-2
118000184,933,418,515
118000185,0,0,0
118000186,0,0,0
118000187,0,0,0
118000188,0,0,0
118000189,0,0,0
118000190,0,0,0
118000191,0,0,0
118000192,0,14,-14
118000193,0,0,0
118000194,732,931,-199
118000195,16,49,-33
118000196,0,0,0
118000197,0,4,-4
118000198,2,47,-45
118000199,157,179,-22
118000200,0,0,0
118000201,0,0,0
118000202,0,0,0
118000203,0,0,0
118000204,2,13,-11
118000205,39,14,25
118000206,105,20,85
118000207,0,0,0
118000208,333,511,-178
118000209,354,71,283
118000210,53,3,50
118000211,45,22,23
118000213,1,44,-43
118000214,46,18,28
118000215,0,0,0
118000216,0,0,0
118000217,0,0,0
118000218,0,0,0
118000219,0,0,0
118000220,14,38,-24
118000221,0,0,0
118000222,0,0,0
118000223,11,6,5
118000224,0,0,0
118000225,0,0,0
118000226,18,0,18
118000227,66,88,-22
118000228,0,27,-27
118000229,0,0,0
118000230,0,0,0
118000231,0,0,0
118000232,0,0,0
118000233,163,29,134
118000234,0,0,0
118000236,0,0,0
118000237,0,0,0
118000238,0,0,0
118000239,166,47,119
118000240,0,0,0
118000241,0,0,0
118000242,0,0,0
118000243,0,0,0
118000244,0,0,0
118000246,0,0,0
118000255,0,0,0
118000256,0,0,0
118000259,0,0,0
118000260,0,0,0
118000261,0,0,0
118000263,0,0,0
118000266,0,0,0
118000267,0,0,0
118000268,5,0,5
118000270,0,0,0
118000271,3,2,1
118000272,0,0,0
118000273,0,0,0
118000274,0,0,0
118000276,0,0,0
118000295,0,0,0
118000298,0,0,0
118000299,0,0,0
118000301,0,0,0
118000302,0,0,0
118000311,0,0,0
118000312,0,0,0
118000313,0,0,0
118000314,0,0,0
118000315,0,0,0
118000316,0,0,0
118000325,0,0,0
118000326,0,0,0
118000331,0,0,0
118000332,0,0,0
118000333,0,0,0
118000335,98,0,98
118000336,0,0,0
118000407,0,0,0
118000457,0,0,0
118000465,91,155,-64
118000480,0,0,0
118000489,12,137,-125
118000490,0,0,0
118000492,206,36,170
118000510,0,0,0
118000514,31,0,31
118000515,38,0,38
118000517,0,0,0
118000524,0,0,0
118000525,68,64,4
118000530,4,74,-70
118000531,120,43,77
118000532,0,0,0
118000533,0,0,0
118000534,0,0,0
118000535,77,26,51
118000536,0,0,0
118000537,0,0,0
118000538,0,0,0
118000539,3,39,-36
118000540,0,0,0
118000541,0,0,0
118000542,28,68,-40
118000543,6,41,-35
118000546,0,0,0
118000560,0,0,0
118000562,0,0,0
118000563,202,689,-487
118000576,0,0,0
118000577,0,0,0
118000578,0,0,0
118000579,1,10,-9
118000595,34,156,-122
118000596,0,0,0
118000597,0,0,0
118000598,0,0,0
118000599,0,0,0
118000600,0,0,0
118000601,0,0,0
118000602,0,0,0
118000603,0,0,0
118900001,0,0,0
118900002,0,0,0
118900003,0,0,0
118900004,0,0,0
118900005,0,0,0
118900006,0,0,0
118900007,0,0,0
118900008,0,0,0
118900009,0,0,0
118900010,0,0,0
118900011,0,0,0
118900012,0,0,0
118900013,0,0,0
118900015,0,0,0
118900016,0,0,0
118900017,0,0,0
118900018,0,0,0
118900019,0,0,0
118900020,0,0,0
118900021,0,0,0
118900022,0,0,0
118900023,0,0,0
118900024,0,0,0
118900025,0,0,0
118900026,0,0,0
118900027,0,0,0
118900028,0,0,0
118900029,0,0,0
118900030,0,0,0
118900031,0,0,0
118900032,0,0,0
118900033,0,0,0
118900034,0,0,0
118900035,0,0,0
118900036,0,0,0
118900037,0,0,0
118900038,0,0,0
118900039,0,0,0
118900040,0,0,0
118900041,0,0,0
118900042,0,0,0
118900045,0,0,0
118900046,0,0,0
118900047,0,0,0
118900048,0,0,0
118900049,0,0,0
118900050,0,0,0
118900051,0,0,0
118900052,0,0,0
118900053,0,0,0
118900054,0,0,0
118900055,0,0,0
118900056,0,0,0
118900057,0,0,0
118900058,0,0,0
118900059,0,0,0
118900060,0,0,0
118900062,0,0,0
118900064,0,0,0
118900065,0,0,0
118900066,0,0,0
118900067,0,0,0
118900068,0,0,0
118900069,0,0,0
118900071,0,0,0
118900072,0,0,0
118900073,0,0,0
118900074,0,0,0
118900075,0,0,0
118900076,0,0,0
118900077,0,0,0
118900078,0,0,0
118900079,0,0,0
118900080,0,0,0
118900081,0,0,0
118900082,0,0,0
118900083,0,0,0
118900084,0,0,0
118900085,0,0,0
118900086,0,0,0
118900087,0,0,0
118900088,0,0,0
118900089,0,0,0
118900090,0,0,0
118900091,0,0,0
118900092,0,0,0
118900093,0,0,0
118900096,0,0,0
118900097,0,0,0
118900099,0,0,0
118900100,0,0,0
118900101,0,0,0
118900102,0,0,0
118900103,0,0,0
118900104,0,0,0
118900105,0,0,0
118900107,0,0,0
118900108,0,0,0
118900110,0,0,0
118900111,0,0,0
118900112,0,0,0
118900113,0,0,0
118900114,0,0,0
118900115,0,0,0
118900116,0,0,0
118900117,0,0,0
118900118,0,0,0
118900119,0,0,0
118900120,0,0,0
118900121,0,0,0
118900122,0,0,0
118900123,0,0,0
118900124,0,0,0
118900126,0,0,0
118900129,0,0,0
118900130,0,0,0
118900131,0,0,0
118900132,0,0,0
118900133,0,0,0
118900135,0,0,0
118900136,0,0,0
118900137,0,0,0
118900139,0,0,0
118900140,0,0,0
118900141,0,0,0
118900144,0,0,0
118900145,0,0,0
118900146,0,0,0
118900147,0,0,0
118900148,0,0,0
118900150,0,0,0
118900152,0,0,0
118900157,0,0,0
118900158,0,0,0
118900159,0,0,0
118900161,0,0,0
118900163,0,0,0
118900164,0,0,0
118900165,0,0,0
118900166,0,0,0
118900167,0,0,0
118900168,0,0,0
118900169,0,0,0
118900170,0,0,0
118900171,0,0,0
118900174,0,0,0
118900175,0,0,0
118900176,0,0,0
118900177,0,0,0
118900178,0,0,0
118900179,0,0,0
118900181,0,0,0
118900182,0,0,0
118900183,0,0,0
118900184,0,0,0
118900185,0,0,0
118900186,0,0,0
118900187,0,0,0
118900188,0,0,0
118900189,0,0,0
118900190,0,0,0
118900191,0,0,0
118900192,0,0,0
118900193,0,0,0
118900195,0,0,0
118900196,0,0,0
118900197,0,0,0
118900198,0,0,0
118900199,0,0,0
118900200,0,0,0
118900201,0,0,0
118900202,0,0,0
118900203,0,0,0
118900204,0,0,0
118900205,0,0,0
118900206,0,0,0
119000001,543,583,-40
119000002,701,304,397
119000003,60,95,-35
119000004,35,104,-69
119000005,127,95,32
119000006,146,49,97
119000007,931,648,283
119000008,0,0,0
119000009,364,337,27
119000010,0,0,0
119000011,679,425,254
119000012,30,107,-77
119000013,1483,602,881
119000014,26,106,-80
119000019,56,43,13
119000020,172,125,47
119000021,177,178,-1
119000022,0,0,0
119000023,84,203,-119
119000024,273,1392,-1119
119000025,35,87,-52
119000026,0,0,0
119000027,3,71,-68
119000028,97,59,38
119000029,0,0,0
119000030,31,114,-83
119000031,0,4,-4
119000032,14,51,-37
119000033,322,109,213
119000034,12,3,9
119000035,0,9,-9
119000036,135,66,69
119000037,13,35,-22
119000038,1,26,-25
119000039,14,61,-47
119000040,3,213,-210
119000041,13,56,-43
119000048,373,149,224
119000049,49,80,-31
119000050,10,27,-17
119000051,92,53,39
119000052,5,2,3
119000053,71,20,51
119000054,291,101,190
119000055,1482,195,1287
119000056,641,460,181
119000057,94,80,14
119000058,119,83,36
119000059,778,246,532
119000060,0,0,0
119000061,183,118,65
119000062,0,0,0
119000063,64,72,-8
119000064,14,74,-60
119000065,33,83,-50
119000066,140,128,12
119000067,262,105,157
119000068,147,41,106
119000069,299,137,162
119000070,79,27,52
119000071,0,0,0
119000072,255,143,112
119000073,172,69,103
119000074,445,140,305
119000075,324,99,225
119000076,0,0,0
119000077,0,0,0
119000078,0,0,0
119000079,0,0,0
119000080,0,0,0
119000081,0,0,0
119000082,0,0,0
119000083,0,0,0
119000084,0,0,0
119000085,0,0,0
119000086,0,0,0
119000087,0,0,0
119000088,0,0,0
119000089,0,0,0
119000090,0,0,0
119000091,0,0,0
119000092,0,0,0
119000093,380,138,242
119000094,1128,253,875
119000095,111,129,-18
119000097,128,103,25
119000098,213,592,-379
119000099,655,148,507
119000100,456,345,111
119000101,0,0,0
119000102,0,0,0
119000103,49,20,29
119000104,0,0,0
119000105,65,153,-88
119000106,0,0,0
119000107,150,156,-6
119000108,0,0,0
119000109,0,0,0
119000110,0,0,0
119000111,0,0,0
119000112,0,0,0
119000113,0,0,0
119000114,44,38,6
119000115,0,0,0
119000116,1,55,-54
119000117,0,0,0
119000118,0,0,0
119000123,0,0,0
119000124,124,10,114
119000125,426,37,389
119000126,276,34,242
119000127,0,0,0
119000128,0,0,0
119000131,0,0,0
119000132,0,0,0
119000133,0,0,0
119000134,277,211,66
119000135,0,0,0
119000136,0,0,0
119000137,0,0,0
119000138,0,0,0
119000139,0,0,0
119000140,0,0,0
119000284,0,0,0
119000285,0,0,0
119000286,0,0,0
119000287,0,0,0
119000288,0,0,0
119000289,0,0,0
119000290,91,11,80
119000291,0,0,0
119000293,3,5,-2
119000294,169,56,113
119000295,0,0,0
119000296,0,0,0
119000302,0,0,0
119000303,1,24,-23
119000314,0,0,0
119000315,0,0,0
119000316,0,0,0
119000317,0,0,0
119900001,0,0,0
119900002,0,0,0
119900003,0,0,0
119900004,0,0,0
119900005,0,0,0
119900006,0,0,0
119900007,0,0,0
119900008,0,0,0
119900009,0,0,0
119900010,0,0,0
119900011,0,0,0
119900012,0,0,0
119900013,0,0,0
119900014,0,0,0
119900015,0,0,0
119900016,0,0,0
119900017,0,0,0
119900018,0,0,0
119900019,0,0,0
119900020,0,0,0
119900021,0,0,0
119900022,0,0,0
119900023,0,0,0
119900025,0,0,0
119900026,0,0,0
119900027,0,0,0
119900028,0,0,0
119900029,0,0,0
119900030,0,0,0
119900031,0,0,0
119900033,0,0,0
119900034,0,0,0
119900037,0,0,0
119900038,0,0,0
119900039,0,0,0
119900040,0,0,0
119900041,0,0,0
119900042,0,0,0
119900043,0,0,0
119900044,0,0,0
119900046,0,0,0
119900047,0,0,0
119900048,0,0,0
119900049,0,0,0
119900050,0,0,0
119900051,0,0,0
119900052,0,0,0
119900053,0,0,0
119900054,0,0,0
119900055,0,0,0
119900057,0,0,0
119900058,0,0,0
119900059,0,0,0
119900060,0,0,0
119900062,0,0,0
119900063,0,0,0
119900064,0,0,0
119900065,0,0,0
119900066,0,0,0
119900067,0,0,0
119900068,0,0,0
119900069,0,0,0
119900070,0,0,0
119900071,0,0,0
119900073,0,0,0
119900074,0,0,0
119900075,0,0,0
119900076,0,0,0
119900077,0,0,0
119900078,0,0,0
119900079,0,0,0
119900080,0,0,0
119900081,0,0,0
119900082,1,0,1
119900083,0,0,0
119900084,0,0,0
119900085,0,0,0
119900087,0,0,0
119900088,0,0,0
119900089,0,0,0
119900090,0,0,0
119900091,0,0,0
119900092,0,0,0
119900093,0,0,0
119900094,0,0,0
119900095,0,0,0
119900096,0,0,0
119900097,0,0,0
119900098,0,0,0
119900099,0,0,0
119900100,0,0,0
119900101,0,0,0
119900102,0,0,0
119900103,0,0,0
119900104,0,0,0
119900105,0,0,0
119900106,0,0,0
119900107,0,0,0
119900108,0,0,0
119900109,0,0,0
119900110,0,0,0
119900111,0,0,0
119900112,0,0,0
119900113,0,0,0
119900114,0,0,0
119900115,0,0,0
119900116,0,0,0
119900117,0,0,0
119900118,0,0,0
119900119,0,0,0
119900120,0,0,0
119900121,0,0,0
119900122,0,0,0
119900123,0,0,0
119900124,0,0,0
119900125,0,0,0
119900126,0,0,0
119900127,0,0,0
119900128,0,0,0
119900129,0,0,0
119900130,0,0,0
119900131,0,0,0
119900132,0,0,0
119900133,0,0,0
119900134,0,0,0
119900135,0,0,0
119900136,0,0,0
119900138,0,0,0
119900139,0,0,0
119900140,0,0,0
119900141,0,0,0
119900142,0,0,0
119900143,0,0,0
119900144,0,0,0
119900145,0,0,0
119900146,0,0,0
119900147,0,0,0
119900148,0,0,0
119900149,0,0,0
119900150,0,0,0
119900151,0,0,0
119900152,0,0,0
119900153,0,0,0
119900154,0,0,0
119900155,0,0,0
119900156,0,0,0
119900157,0,0,0
119900158,0,0,0
119900159,0,0,0
119900160,0,0,0
119900161,0,0,0
119900162,0,0,0
119900163,0,0,0
119900164,0,0,0
119900165,0,0,0
119900166,0,0,0
119900167,0,0,0
119900168,0,0,0
119900169,0,0,0
119900170,0,0,0
119900171,0,0,0
119900172,0,0,0
119900173,0,0,0
119900174,0,0,0
119900175,0,0,0
119900177,0,0,0
119900178,0,0,0
119900179,0,0,0
119900180,0,0,0
119900181,0,0,0
119900182,0,0,0
119900183,0,0,0
119900184,0,0,0
119900185,0,0,0
119900186,0,0,0
119900187,0,0,0
119900188,0,0,0
119900189,0,0,0
119900190,0,0,0
119900191,0,0,0
119900192,0,0,0
119900193,0,0,0
119900194,0,0,0
119900195,0,0,0
119900196,0,0,0
119900197,0,0,0
119900198,0,0,0
119900199,0,0,0
119900200,0,0,0
119900201,0,0,0
119900202,0,0,0
119900203,0,0,0
119900204,0,0,0
119900205,0,0,0
119900206,0,0,0
119900208,0,0,0
119900209,1,0,1
119900210,0,0,0
119900211,0,0,0
119900212,0,0,0
119900213,0,0,0
119900214,0,0,0
119900215,0,0,0
119900216,0,0,0
119900217,0,0,0
119900218,0,0,0
119900219,0,0,0
119900220,0,0,0
119900221,0,0,0
119900222,0,0,0
119900223,0,0,0
119900224,0,0,0
119900225,0,0,0
119900226,0,0,0
119900227,0,0,0
119900228,0,0,0
119900229,0,0,0
119900230,0,0,0
119900231,0,0,0
119900232,0,0,0
119900233,0,0,0
119900234,0,0,0
119900235,0,0,0
119900236,0,0,0
119900237,0,0,0
119900238,0,0,0
119900240,0,0,0
119900241,0,0,0
119900242,0,0,0
119900244,0,0,0
119900245,0,0,0
119900246,0,0,0
119900247,0,0,0
119900248,0,0,0
119900249,0,0,0
119900253,0,0,0
119900254,0,0,0
119900255,0,0,0
119900256,0,0,0
119900257,0,0,0
119900258,0,0,0
119900259,0,0,0
119900260,0,0,0
119900261,0,0,0
119900262,0,0,0
119900263,0,0,0
119900264,0,0,0
119900265,0,0,0
119900266,0,0,0
119900267,0,0,0
119900268,0,0,0
119900269,0,0,0
119900271,0,0,0
119900272,0,0,0
119900275,0,0,0
119900276,0,0,0
119900277,0,0,0
119900278,0,0,0
119900279,0,0,0
119900280,0,0,0
119900281,0,0,0
119900282,0,0,0
119900283,0,0,0
119900284,0,0,0
119900285,0,0,0
119900286,0,0,0
119900288,0,0,0
119900289,0,0,0
119900290,0,0,0
119900291,0,0,0
119900292,0,0,0
119900293,0,0,0
119900294,0,0,0
119900295,0,0,0
119900296,0,0,0
119900299,0,0,0
119900300,0,0,0
119900301,0,0,0
119900302,0,0,0
119900303,0,0,0
119900304,0,0,0
119900305,0,0,0
119900306,0,0,0
119900307,0,0,0
119900308,0,0,0
119900309,0,0,0
119900310,0,0,0
119900311,0,0,0
119900312,0,0,0
119900313,0,0,0
119900314,0,0,0
119900315,1,0,1
119900318,0,0,0
119900319,0,0,0
119900320,0,0,0
119900321,0,0,0
119900322,0,0,0
119900323,0,0,0
119900324,0,0,0
119900325,0,0,0
119900326,0,0,0
120000001,1972,2724,-752
120000002,193,148,45
120000003,83,127,-44
120000004,117,174,-57
120000005,270,223,47
120000006,108,118,-10
120000007,146,110,36
120000008,46,163,-117
120000009,31,30,1
120000010,61,102,-41
120000011,21,148,-127
120000012,78,369,-291
120000013,645,247,398
120000014,292,399,-107
120000015,1129,610,519
120000016,2468,760,1708
120000017,748,521,227
120000018,1615,606,1009
120000019,332,201,131
120000020,984,555,429
120000021,347,1076,-729
120000022,2274,1568,706
120000023,507,421,86
120000024,276,576,-300
120000025,1045,438,607
120000026,379,601,-222
120000027,678,887,-209
120000028,1,0,1
120000029,37,264,-227
120000030,11,155,-144
120000031,728,683,45
120000032,514,128,386
120000033,309,80,229
120000034,341,55,286
120000035,518,90,428
120000036,1199,846,353
120000037,359,671,-312
120000038,301,869,-568
120000039,4,58,-54
120000040,0,32,-32
120000041,21,11,10
120000042,56,35,21
120000043,195,33,162
120000044,16,2,14
120000045,8,0,8
120000046,114,51,63
120000047,13,27,-14
120000048,654,197,457
120000049,661,219,442
120000050,39,249,-210
120000051,79,364,-285
120000052,0,0,0
120000053,276,67,209
120000054,131,45,86
120000055,109,38,71
120000056,465,256,209
120000057,377,80,297
120000058,66,73,-7
120000059,3,407,-404
120000061,0,8,-8
120000062,0,0,0
120000063,82,1,81
120000064,47,5,42
120000065,183,1,182
120000066,63,2,61
120000067,22,13,9
120000068,23,28,-5
120000069,91,21,70
120000070,6,11,-5
120000071,325,213,112
120000072,509,130,379
120000073,297,180,117
120000074,94,70,24
120000075,642,77,565
120000076,878,146,732
120000077,466,233,233
120000078,638,245,393
120000079,0,0,0
120000080,0,0,0
120000081,0,0,0
120000082,0,0,0
120000083,0,0,0
120000084,34,6,28
120000085,5,2,3
120000086,45,18,27
120000087,9,5,4
120000088,449,120,329
120000089,688,52,636
120000090,341,56,285
120000091,819,205,614
120000092,895,205,690
120000093,178,204,-26
120000094,100,390,-290
120000095,0,0,0
120000096,0,0,0
120000098,147,0,147
120000099,7,0,7
120000100,192,2,190
120000101,86,0,86
120000102,131,853,-722
120000103,787,869,-82
120000104,1483,205,1278
120000105,1908,75,1833
120000106,1875,48,1827
120000107,2358,51,2307
120000108,1293,21,1272
120000109,437,14,423
120000110,1,28,-27
120000111,0,33,-33
120000112,4,14,-10
120000113,6,15,-9
120000114,67,9,58
120000115,2,14,-12
120000116,15,51,-36
120000117,0,0,0
120000118,0,0,0
120000119,7,130,-123
120000120,0,0,0
120000121,17,72,-55
120000122,109,183,-74
120000123,376,308,68
120000124,333,192,141
120000125,34,10,24
120000126,125,205,-80
120000127,278,129,149
120000128,146,22,124
120000129,174,67,107
120000130,553,130,423
120000131,161,111,50
120000134,0,0,0
120000135,0,0,0
120000137,0,0,0
120000138,0,0,0
120000139,0,0,0
120000140,0,0,0
120000141,0,0,0
120000142,0,0,0
120000143,0,0,0
120000144,0,0,0
120000145,0,0,0
120000146,433,592,-159
120000149,0,0,0
120000150,0,0,0
120000151,155,61,94
120000152,299,32,267
120000153,0,0,0
120000154,61,3,58
120000155,131,43,88
120000156,185,28,157
120000157,219,74,145
120000158,0,0,0
120000159,68,358,-290
120000160,732,284,448
120000161,372,183,189
120000162,35,162,-127
120000163,0,0,0
120000164,0,0,0
120000165,130,4,126
120000166,161,105,56
120000167,0,0,0
120000168,0,0,0
120000169,0,0,0
120000170,0,0,0
120000171,0,0,0
120000172,0,0,0
120000173,0,0,0
120000174,0,0,0
120000175,0,0,0
120000176,0,0,0
120000177,0,0,0
120000178,0,0,0
120000179,0,0,0
120000180,0,0,0
120000181,0,0,0
120000182,0,0,0
120000183,0,0,0
120000184,0,0,0
120000186,0,0,0
120000187,0,0,0
120000188,0,0,0
120000190,0,0,0
120000191,0,0,0
120000192,0,0,0
120000193,0,0,0
120000195,0,0,0
120000196,0,0,0
120000197,0,0,0
120000198,0,0,0
120000199,0,0,0
120000200,0,0,0
120000201,0,0,0
120000202,0,0,0
120000203,0,0,0
120000207,0,0,0
120000208,0,0,0
120000209,0,0,0
120000210,0,0,0
120000211,0,0,0
120000212,0,0,0
120000213,0,0,0
120000214,0,0,0
120000215,0,0,0
120000216,0,0,0
120000217,0,0,0
120000218,0,0,0
120000219,0,0,0
120000220,0,0,0
120000225,0,0,0
120000226,0,0,0
120000227,0,0,0
120000228,0,0,0
120000230,0,0,0
120000231,0,0,0
120000233,378,0,378
120000235,10,65,-55
120000236,1010,8,1002
120000237,0,0,0
120000238,0,0,0
120000241,747,649,98
120000412,0,0,0
120000413,0,0,0
120000414,0,0,0
120000415,0,0,0
120000416,0,0,0
120000417,0,0,0
120000418,0,0,0
120000419,0,0,0
120000420,63,0,63
120000421,476,517,-41
120000422,0,0,0
120000423,0,0,0
120000424,0,0,0
120000436,147,69,78
120000437,0,0,0
120000438,0,0,0
120000439,520,206,314
120000443,0,0,0
120000444,609,104,505
120000445,355,353,2
120000446,150,44,106
120000447,567,3,564
120000449,0,0,0
120000450,0,0,0
120000451,55,49,6
120000452,26,0,26
120000453,0,0,0
120000454,8,1,7
120000455,28,80,-52
120000456,7,199,-192
120000457,70,17,53
120000458,7,0,7
120000459,73,37,36
120000665,9,153,-144
120000668,0,39,-39
120000669,52,10,42
120000670,2,77,-75
120000671,78,16,62
120000672,0,12,-12
120900001,0,0,0
120900002,0,0,0
120900003,0,0,0
120900004,0,0,0
120900005,0,0,0
120900006,0,0,0
120900007,0,0,0
120900008,0,0,0
120900009,0,0,0
120900010,0,0,0
120900011,0,0,0
120900012,0,0,0
120900013,0,0,0
120900014,0,0,0
120900015,0,0,0
120900016,0,0,0
120900017,0,0,0
120900018,0,0,0
120900019,0,0,0
120900020,0,0,0
120900021,0,0,0
120900022,0,0,0
120900023,0,0,0
120900024,0,0,0
120900025,0,0,0
120900026,0,0,0
120900027,0,0,0
120900028,0,0,0
120900029,0,0,0
120900030,0,0,0
120900031,0,0,0
120900032,0,0,0
120900033,0,0,0
120900034,0,0,0
120900035,0,0,0
120900037,0,0,0
120900038,0,0,0
120900039,0,0,0
120900040,0,0,0
120900041,0,0,0
120900042,0,0,0
120900043,0,0,0
120900044,0,0,0
120900045,0,0,0
120900046,0,0,0
120900047,0,0,0
120900048,0,0,0
120900049,0,0,0
120900050,0,0,0
120900051,0,0,0
120900052,0,0,0
120900053,0,0,0
120900054,0,0,0
120900055,0,0,0
120900056,0,0,0
120900057,0,0,0
120900058,0,0,0
120900059,0,0,0
120900060,0,0,0
120900061,0,0,0
120900062,0,0,0
120900063,0,0,0
120900064,0,0,0
120900065,0,0,0
120900066,0,0,0
120900067,0,0,0
120900068,0,0,0
120900069,0,0,0
120900071,0,0,0
120900072,0,0,0
120900073,0,0,0
120900074,0,0,0
120900076,0,0,0
120900077,0,0,0
120900078,0,0,0
120900079,0,0,0
120900080,0,0,0
120900081,0,0,0
120900082,0,0,0
120900083,0,0,0
120900084,0,0,0
120900085,0,0,0
120900086,0,0,0
120900087,0,0,0
120900088,0,0,0
120900089,0,0,0
120900090,0,0,0
120900091,0,0,0
120900092,0,0,0
120900093,0,0,0
120900094,0,0,0
120900095,0,0,0
120900096,0,0,0
120900097,0,0,0
120900098,0,0,0
120900099,0,0,0
120900100,0,0,0
120900101,0,0,0
120900102,0,0,0
120900103,0,0,0
120900104,0,0,0
120900105,0,0,0
120900106,0,0,0
120900107,0,0,0
120900108,0,0,0
120900109,0,0,0
120900110,0,0,0
120900111,0,0,0
120900112,0,0,0
120900113,0,0,0
120900114,0,0,0
120900115,87,40,47
120900116,0,0,0
120900117,0,0,0
120900118,0,0,0
120900119,0,0,0
120900120,0,0,0
120900121,0,0,0
120900122,0,0,0
120900123,0,0,0
120900124,0,0,0
120900125,0,0,0
120900126,0,0,0
120900127,0,0,0
120900128,0,0,0
120900129,0,0,0
120900130,0,0,0
120900131,0,0,0
120900132,0,0,0
120900133,0,0,0
120900134,0,0,0
120900135,0,0,0
120900136,0,0,0
120900137,0,0,0
120900138,0,0,0
120900139,0,0,0
120900140,0,0,0
120900141,0,0,0
120900142,0,0,0
120900143,0,0,0
120900144,0,0,0
120900145,0,0,0
120900146,0,0,0
120900147,0,0,0
120900148,0,0,0
120900149,0,0,0
120900150,0,0,0
120900151,0,0,0
120900152,0,0,0
120900153,0,0,0
120900154,0,0,0
120900155,0,0,0
120900156,0,0,0
120900157,0,0,0
120900158,0,0,0
120900159,0,0,0
120900160,0,0,0
120900161,0,0,0
120900162,0,0,0
120900163,0,0,0
120900164,0,0,0
120900165,0,0,0
120900166,0,0,0
120900167,0,0,0
120900169,0,0,0
120900170,0,0,0
120900171,0,0,0
120900172,0,0,0
120900173,0,0,0
120900174,0,0,0
120900175,0,0,0
120900176,0,0,0
120900177,0,0,0
120900178,0,0,0
120900179,0,0,0
120900180,0,0,0
120900181,0,0,0
120900182,0,0,0
120900183,0,0,0
120900184,0,0,0
120900185,0,0,0
120900186,0,0,0
120900187,0,0,0
120900188,0,0,0
120900189,0,0,0
120900190,0,0,0
120900191,0,0,0
120900192,0,0,0
120900194,0,0,0
120900195,0,0,0
120900196,0,0,0
120900197,0,0,0
120900198,0,0,0
120900199,0,0,0
120900200,0,0,0
120900201,0,0,0
120900202,0,0,0
120900203,0,0,0
120900204,0,0,0
120900205,0,0,0
120900206,0,0,0
120900207,0,0,0
121000001,0,0,0
121000002,262,175,87
121000003,0,0,0
121000004,282,214,68
121000005,8,36,-28
121000006,221,394,-173
121000007,9,47,-38
121000008,425,531,-106
121000009,55,87,-32
121000010,813,416,397
121000011,376,281,95
121000012,2149,798,1351
121000013,354,422,-68
121000014,2325,747,1578
121000015,773,1109,-336
121000016,1205,782,423
121000017,122,217,-95
121000018,256,326,-70
121000019,440,334,106
121000020,826,1140,-314
121000021,27,36,-9
121000022,128,450,-322
121000023,42,30,12
121000024,832,791,41
121000025,39,81,-42
121000026,69,122,-53
121000027,154,124,30
121000028,11,69,-58
121000029,99,23,76
121000030,0,0,0
121000031,2,32,-30
121000032,0,0,0
121000034,13,9,4
121000035,0,0,0
121000036,28,48,-20
121000037,76,45,31
121000038,47,119,-72
121000039,0,0,0
121000041,0,0,0
121000042,4,84,-80
121000043,55,16,39
121000044,12,40,-28
121000045,4,20,-16
121000046,0,0,0
121000047,0,0,0
121000049,145,56,89
121000050,24,255,-231
121000051,1,27,-26
121000052,25,52,-27
121000053,13,7,6
121000054,0,0,0
121000055,0,0,0
121000056,295,411,-116
121000057,0,0,0
121000058,0,0,0
121000059,13,27,-14
121000060,60,52,8
121000061,0,21,-21
121000062,1,12,-11
121000063,8,18,-10
121000064,32,14,18
121000065,0,22,-22
121000066,0,0,0
121000067,0,0,0
121000068,18,5,13
121000069,3,3,0
121000070,80,149,-69
121000071,38,270,-232
121000072,11,38,-27
121000073,22,189,-167
121000074,0,0,0
121000075,0,0,0
121000076,0,3,-3
121000077,10,27,-17
121000078,0,0,0
121000080,197,89,108
121000081,338,257,81
121000082,23,52,-29
121000083,18,13,5
121000084,0,0,0
121000085,100,48,52
121000086,4,42,-38
121000087,2,60,-58
121000088,0,0,0
121000089,2,95,-93
121000090,0,0,0
121000091,692,111,581
121000092,18,15,3
121000093,3,55,-52
121000094,60,51,9
121000095,0,8,-8
121000096,0,0,0
121000097,0,0,0
121000098,35,39,-4
121000099,1,19,-18
121000100,0,0,0
121000101,4,11,-7
121000102,0,0,0
121000103,2,8,-6
121000104,0,0,0
121000105,0,0,0
121000106,32,17,15
121000107,247,280,-33
121000109,60,231,-171
121000110,0,1,-1
121000114,343,520,-177
121000115,0,0,0
121000116,0,0,0
121000117,0,0,0
121000118,0,0,0
121000119,0,0,0
121000120,0,54,-54
121000121,1,4,-3
121000123,1,2,-1
121000126,0,0,0
121000127,0,0,0
121000128,0,0,0
121000129,0,0,0
121000130,38,54,-16
121000131,0,0,0
121000132,18,81,-63
121000135,0,0,0
121000136,22,102,-80
121000137,0,0,0
121000138,3,25,-22
121000139,0,0,0
121000141,0,0,0
121000142,0,0,0
121000143,0,0,0
121000144,0,0,0
121000145,0,0,0
121000146,68,5,63
121000147,46,46,0
121000148,0,0,0
121000149,187,376,-189
121000152,20,27,-7
121000153,77,8,69
121000154,132,10,122
121000155,113,58,55
121000156,136,31,105
121000157,51,24,27
121000158,86,21,65
121000159,0,14,-14
121000160,11,4,7
121000161,0,0,0
121000162,0,0,0
121000165,152,657,-505
121000166,3,56,-53
121000168,11,94,-83
121000169,1,6,-5
121000170,77,42,35
121000171,24,59,-35
121000172,34,83,-49
121000173,3,5,-2
121000174,3,6,-3
121000175,3,9,-6
121000176,13,6,7
121000177,7,0,7
121000178,0,0,0
121000179,19,21,-2
121000181,39,130,-91
121000182,58,77,-19
121000183,8,27,-19
121000184,0,21,-21
121000185,0,8,-8
121000186,0,6,-6
121000187,0,0,0
121000188,0,0,0
121000192,19,11,8
121000193,0,0,0
121000194,70,180,-110
121000195,0,0,0
121000196,0,0,0
121000197,1,4,-3
121000198,0,0,0
121000199,1,0,1
121000200,0,0,0
121000201,0,0,0
121000202,0,0,0
121000203,0,0,0
121000204,0,0,0
121000205,45,13,32
121000206,0,0,0
121000207,0,0,0
121000208,0,0,0
121000209,57,8,49
121000210,0,0,0
121000211,2,4,-2
121000212,0,0,0
121000213,52,156,-104
121000214,18,172,-154
121000215,59,53,6
121000216,47,74,-27
121000217,658,264,394
121000218,17,23,-6
121000219,146,147,-1
121000220,0,0,0
121000221,1,79,-78
121000222,17,58,-41
121000223,0,0,0
121000224,0,0,0
121000225,1,85,-84
121000226,36,289,-253
121000227,0,0,0
121000228,0,0,0
121000229,0,0,0
121000230,0,0,0
121000231,169,2,167
121000232,0,0,0
121000233,173,7,166
121000234,7,20,-13
121000235,0,23,-23
121000236,1,2,-1
121000237,26,2,24
121000238,0,2,-2
121000239,3,0,3
121000240,0,22,-22
121000241,52,0,52
121000242,1,9,-8
121000243,46,2,44
121000244,0,6,-6
121000245,21,0,21
121000246,0,6,-6
121000247,21,0,21
121000248,43,6,37
121000249,0,0,0
121000250,37,106,-69
121000251,0,0,0
121000252,6,26,-20
121000253,0,0,0
121000254,169,11,158
121000255,0,0,0
121000256,29,28,1
121000257,0,0,0
121000258,41,42,-1
121000259,0,0,0
121000260,0,0,0
121000261,2,19,-17
121000262,0,0,0
121000263,21,81,-60
121000271,0,0,0
121000273,0,0,0
121000274,6,15,-9
121000275,0,0,0
121000276,1,23,-22
121000278,19,6,13
121000279,0,0,0
121000280,6,27,-21
121000289,7,0,7
121000290,83,73,10
121000294,0,0,0
121000297,56,71,-15
121000299,0,0,0
121000300,0,0,0
121000302,1,90,-89
121000303,11,20,-9
121000304,231,112,119
121000305,41,75,-34
121000306,49,47,2
121000308,0,0,0
121000309,0,0,0
121000310,0,0,0
121000311,0,0,0
121000312,86,41,45
121000313,0,0,0
121000314,0,0,0
121000315,0,0,0
121000530,300,216,84
121000531,454,280,174
121000532,1251,385,866
121000533,3863,1281,2582
121000918,0,0,0
121000919,0,0,0
121000938,0,0,0
121000939,18,53,-35
121000956,0,0,0
121000957,0,0,0
121000958,1,1,0
121000959,19,9,10
121000960,31,48,-17
121000961,142,0,142
121000962,1,27,-26
121000973,0,0,0
121000976,0,0,0
121000979,0,0,0
121000981,56,10,46
121000982,0,0,0
121000983,13,0,13
121000984,0,0,0
121000985,0,0,0
121000986,0,0,0
121000987,0,0,0
121000988,214,22,192
121001302,0,0,0
121001308,0,0,0
121001309,0,0,0
121001313,0,0,0
121001314,0,0,0
121001315,1481,92,1389
121900001,2,38,-36
121900002,0,0,0
121900003,0,0,0
121900004,0,0,0
121900005,0,0,0
121900006,0,0,0
121900007,10,9,1
121900008,0,0,0
121900009,0,0,0
121900010,0,0,0
121900011,0,0,0
121900012,0,0,0
121900013,0,0,0
121900014,0,0,0
121900015,0,0,0
121900016,0,0,0
121900017,0,0,0
121900018,0,0,0
121900019,0,0,0
121900020,0,0,0
121900021,0,0,0
121900022,0,0,0
121900023,0,0,0
121900024,0,0,0
121900025,0,0,0
121900026,0,0,0
121900027,0,0,0
121900028,0,0,0
121900029,0,0,0
121900030,0,0,0
121900031,0,0,0
121900032,0,0,0
121900033,0,0,0
121900034,0,0,0
121900035,0,0,0
121900036,0,0,0
121900037,0,0,0
121900038,0,0,0
121900039,0,0,0
121900040,0,0,0
121900041,0,0,0
121900042,0,0,0
121900043,0,0,0
121900044,0,0,0
121900046,0,0,0
121900047,0,0,0
121900048,0,0,0
121900050,0,0,0
121900051,0,0,0
121900052,0,0,0
121900053,0,0,0
121900054,0,0,0
121900055,0,0,0
121900058,0,0,0
121900059,0,0,0
121900060,0,0,0
121900061,0,0,0
121900062,0,0,0
121900063,0,0,0
121900064,0,0,0
121900066,0,0,0
121900067,0,0,0
121900069,0,0,0
121900070,0,0,0
121900071,0,0,0
121900072,0,0,0
121900073,0,0,0
121900074,0,0,0
121900075,0,0,0
121900076,0,0,0
121900077,0,0,0
121900078,0,0,0
121900079,0,0,0
121900080,0,0,0
121900082,0,0,0
121900084,0,0,0
121900085,0,0,0
121900086,0,0,0
121900087,0,0,0
121900088,0,0,0
121900089,0,0,0
121900090,0,0,0
121900091,0,0,0
121900092,0,0,0
121900093,0,0,0
121900094,0,0,0
121900095,0,0,0
121900096,0,0,0
121900097,0,0,0
121900098,0,0,0
121900099,0,0,0
121900100,0,0,0
121900101,0,0,0
121900102,0,0,0
121900103,0,0,0
121900104,0,0,0
121900105,0,0,0
121900106,0,0,0
121900107,0,0,0
121900108,0,0,0
121900109,0,0,0
121900110,0,0,0
121900111,0,0,0
121900112,0,0,0
121900113,0,0,0
121900114,0,0,0
121900117,0,0,0
121900118,0,0,0
121900119,0,0,0
121900120,0,0,0
121900121,0,0,0
121900122,0,0,0
121900123,0,0,0
121900124,0,0,0
121900125,0,0,0
121900127,0,0,0
121900128,0,0,0
121900129,0,0,0
121900130,0,0,0
121900131,0,0,0
121900132,0,0,0
121900133,0,0,0
121900134,0,0,0
121900135,0,0,0
121900136,0,0,0
121900137,0,0,0
121900138,0,0,0
121900139,0,0,0
121900140,0,0,0
121900141,0,0,0
121900142,0,0,0
121900143,0,0,0
121900144,0,0,0
121900145,0,0,0
121900146,0,0,0
121900147,0,0,0
121900148,0,0,0
121900149,0,0,0
121900150,0,0,0
121900151,0,0,0
121900152,0,0,0
121900153,0,0,0
121900154,0,0,0
121900155,0,0,0
121900156,0,0,0
121900157,0,0,0
121900158,0,0,0
121900159,0,0,0
121900160,0,0,0
121900161,0,0,0
121900162,0,0,0
121900163,0,0,0
121900164,0,0,0
121900165,0,0,0
121900166,0,0,0
121900167,0,0,0
121900168,0,0,0
121900169,0,0,0
121900170,0,0,0
121900171,0,0,0
121900172,0,0,0
121900173,0,0,0
121900174,0,0,0
121900175,0,0,0
121900176,0,0,0
121900177,0,0,0
121900178,0,0,0
121900179,0,0,0
121900180,0,0,0
121900182,0,0,0
121900183,0,0,0
121900184,0,0,0
121900186,0,0,0
121900187,0,0,0
121900188,0,0,0
121900189,0,0,0
121900190,0,0,0
121900191,0,0,0
121900192,0,0,0
121900193,0,0,0
121900194,0,0,0
121900195,0,0,0
121900196,0,0,0
121900197,0,0,0
121900198,0,0,0
121900199,0,0,0
121900200,0,0,0
121900201,0,0,0
121900202,0,0,0
121900203,0,0,0
121900204,0,0,0
121900205,0,0,0
121900206,0,0,0
121900207,0,0,0
121900208,0,0,0
121900209,0,0,0
121900210,0,0,0
121900211,0,0,0
121900212,0,0,0
121900213,0,0,0
121900214,0,0,0
121900215,0,0,0
121900216,0,0,0
121900217,0,0,0
121900218,0,0,0
121900220,0,0,0
121900221,0,0,0
121900222,0,0,0
121900223,0,0,0
121900224,0,0,0
121900225,0,0,0
121900226,0,0,0
121900227,0,0,0
121900228,0,0,0
121900230,0,0,0
121900231,0,0,0
121900232,0,0,0
121900233,0,0,0
121900234,0,0,0
121900235,0,0,0
121900236,0,0,0
121900237,0,0,0
121900238,0,0,0
121900239,0,0,0
121900240,0,0,0
121900241,0,0,0
121900242,0,0,0
121900243,0,0,0
121900244,0,0,0
121900245,0,0,0
121900246,0,0,0
121900247,0,0,0
121900248,0,0,0
121900250,0,0,0
121900251,0,0,0
121900252,0,0,0
121900253,0,0,0
121900254,0,0,0
121900255,0,0,0
121900258,0,0,0
121900259,0,0,0
121900260,0,0,0
121900261,0,0,0
121900262,0,0,0
121900263,0,0,0
121900264,0,0,0
121900265,0,0,0
121900266,0,0,0
121900267,0,0,0
121900269,0,0,0
121900270,0,0,0
121900271,0,0,0
121900273,0,0,0
121900274,0,0,0
121900277,0,0,0
121900278,0,0,0
121900279,0,0,0
121900280,0,0,0
121900281,0,0,0
121900284,0,0,0
121900286,0,0,0
121900287,0,0,0
121900288,0,0,0
121900290,0,0,0
121900291,0,0,0
121900292,0,0,0
121900293,0,0,0
121900294,0,0,0
121900295,0,0,0
121900296,0,0,0
121900298,0,0,0
121900299,0,0,0
121900300,0,0,0
121900301,0,0,0
121900302,0,0,0
121900303,0,0,0
121900304,0,0,0
121900305,0,0,0
121900306,0,0,0
121900307,0,0,0
121900308,0,0,0
121900309,0,0,0
121900310,0,0,0
121900311,0,0,0
121900312,0,0,0
121900313,0,0,0
121900314,0,0,0
121900315,0,0,0
121900316,0,0,0
121900317,0,0,0
121900318,0,0,0
121900319,0,0,0
121900320,0,0,0
121900321,0,0,0
121900322,0,0,0
121900323,0,0,0
121900324,0,0,0
121900325,0,0,0
121900326,0,0,0
121900327,0,0,0
121900328,0,0,0
121900329,0,0,0
121900330,0,0,0
121900331,0,0,0
121900332,0,0,0
121900333,0,0,0
122000001,99,116,-17
122000002,109,59,50
122000003,83,107,-24
122000004,199,179,20
122000005,591,886,-295
122000006,91,310,-219
122000007,74,297,-223
122000008,100,236,-136
122000009,21,60,-39
122000010,735,403,332
122000011,216,180,36
122000012,162,121,41
122000013,22,111,-89
122000014,3,57,-54
122000015,61,53,8
122000016,11,68,-57
122000017,0,0,0
122000018,0,0,0
122000019,4,56,-52
122000020,0,0,0
122000021,0,0,0
122000022,104,17,87
122000023,19,23,-4
122000024,259,142,117
122000025,76,167,-91
122000026,457,276,181
122000027,0,0,0
122000028,100,21,79
122000029,24,11,13
122000030,0,0,0
122000031,1,2,-1
122000032,130,90,40
122000033,128,248,-120
122000034,0,0,0
122000035,0,0,0
122000036,0,0,0
122000037,2,6,-4
122000038,29,7,22
122000039,0,0,0
122000040,0,0,0
122000041,0,7,-7
122000042,0,1,-1
122000043,0,0,0
122000044,0,0,0
122000045,149,58,91
122000046,165,60,105
122000047,0,0,0
122000048,369,700,-331
122000049,509,202,307
122000050,37,17,20
122000051,4,13,-9
122000052,5,16,-11
122000053,18,598,-580
122000054,107,152,-45
122000055,382,788,-406
122000056,281,168,113
122000057,77,173,-96
122000058,93,63,30
122000059,107,74,33
122000060,0,0,0
122000061,0,0,0
122000062,104,14,90
122000063,2,7,-5
122000064,90,164,-74
122000065,174,279,-105
122000066,112,150,-38
122000067,219,480,-261
122000068,76,312,-236
122000069,44,36,8
122000070,303,85,218
122000071,50,66,-16
122000072,0,0,0
122000073,0,0,0
122000074,21,62,-41
122000075,54,66,-12
122000076,182,183,-1
122000077,0,0,0
122000078,449,245,204
122000079,0,46,-46
122000080,0,0,0
122000081,0,2,-2
122000082,157,132,25
122000083,0,0,0
122000084,0,0,0
122000085,2,9,-7
122000086,34,350,-316
122000087,23,45,-22
122000088,0,0,0
122000089,190,308,-118
122000090,0,0,0
122000091,0,0,0
122000092,0,0,0
122000093,210,624,-414
122000094,371,439,-68
122000095,19,97,-78
122000096,8,266,-258
122000098,417,503,-86
122000099,4,12,-8
122000100,11,2,9
122000101,1,6,-5
122000102,0,0,0
122000103,0,0,0
122000104,0,0,0
122000105,7,7,0
122000106,1,12,-11
122000107,18,29,-11
122000108,0,0,0
122000109,4,14,-10
122000110,0,0,0
122000111,342,59,283
122000112,81,51,30
122000113,110,15,95
122000114,470,711,-241
122000115,545,440,105
122000116,9,83,-74
122000117,110,6,104
122000118,27,14,13
122000119,0,0,0
122000120,0,0,0
122000121,60,9,51
122000122,7,7,0
122000123,169,203,-34
122000124,8,79,-71
122000125,14,54,-40
122000126,9,49,-40
122000127,15,39,-24
122000128,4,13,-9
122000129,37,7,30
122000130,206,105,101
122000131,4,27,-23
122000132,0,0,0
122000133,0,0,0
122000134,55,62,-7
122000135,7,36,-29
122000136,32,61,-29
122000137,22,24,-2
122000139,9,158,-149
122000140,0,0,0
122000141,38,3,35
122000142,0,0,0
122000143,0,0,0
122000144,26,6,20
122000145,0,0,0
122000146,112,49,63
122000147,9,104,-95
122000148,224,218,6
122000149,149,58,91
122000150,123,126,-3
122000151,0,0,0
122000152,0,0,0
122000153,82,53,29
122000154,92,10,82
122000155,226,83,143
122000156,501,520,-19
122000157,260,302,-42
122000158,0,0,0
122000159,71,22,49
122000160,169,56,113
122000161,92,38,54
122000162,198,86,112
122000163,0,0,0
122000164,0,0,0
122000165,0,7,-7
122000166,54,71,-17
122000167,0,0,0
122000168,0,1,-1
122000169,0,0,0
122000170,0,0,0
122000171,0,0,0
122000172,0,0,0
122000173,0,0,0
122000174,416,388,28
122000175,0,0,0
122000176,0,0,0
122000177,502,505,-3
122000178,558,126,432
122000179,0,5,-5
122000180,311,434,-123
122000181,700,572,128
122000182,117,71,46
122000183,22,5,17
122000184,607,423,184
122000185,209,187,22
122000186,0,0,0
122000187,116,50,66
122000188,0,0,0
122000189,10,27,-17
122000190,249,65,184
122000191,50,8,42
122000192,0,0,0
122000193,0,0,0
122000194,0,0,0
122000195,0,0,0
122000196,0,0,0
122000197,9,3,6
122000198,0,0,0
122000199,19,87,-68
122000200,39,51,-12
122000201,218,240,-22
122000202,167,206,-39
122000203,0,0,0
122000204,0,0,0
122000205,0,0,0
122000206,113,47,66
122000207,125,75,50
122000208,146,22,124
122000209,206,60,146
122000210,16,4,12
122000211,2,32,-30
122000212,31,72,-41
122000213,73,185,-112
122000214,219,230,-11
122000215,124,124,0
122000217,3,7,-4
122000218,89,28,61
122000219,78,36,42
122000220,15,60,-45
122000221,0,0,0
122000222,13,0,13
122000223,45,70,-25
122000225,138,18,120
122000226,3,12,-9
122000227,8,12,-4
122000228,5,12,-7
122000229,0,0,0
122000230,0,6,-6
122000231,0,27,-27
122000232,0,4,-4
122000233,0,0,0
122000234,26,4,22
122000235,24,0,24
122000236,18,3,15
122000237,0,0,0
122000238,8,19,-11
122000239,99,1,98
122000240,63,0,63
122000241,84,46,38
122000242,0,0,0
122000243,0,0,0
122000244,0,0,0
122000245,3,0,3
122000246,18,68,-50
122000247,13,2,11
122000248,2,8,-6
122000249,74,104,-30
122000250,168,50,118
122000251,0,0,0
122000252,9,2,7
122000253,0,0,0
122000254,1,4,-3
122000255,0,0,0
122000256,7,47,-40
122000257,2,19,-17
122000258,28,30,-2
122000259,0,0,0
122000260,0,0,0
122000261,0,1,-1
122000262,0,0,0
122000263,0,0,0
122000264,194,27,167
122000265,189,10,179
122000266,217,6,211
122000267,0,0,0
122000268,0,0,0
122000269,0,0,0
122000270,0,0,0
122000271,0,0,0
122000272,0,0,0
122000273,0,0,0
122000274,0,0,0
122000275,0,0,0
122000276,37,95,-58
122000277,184,126,58
122000278,121,44,77
122000279,1,15,-14
122000280,7,16,-9
122000281,5,14,-9
122000282,11,3,8
122000283,0,0,0
122000284,0,0,0
122000285,0,0,0
122000286,0,0,0
122000287,524,65,459
122000288,48,4,44
122000291,1039,87,952
122000293,0,0,0
122000294,95,17,78
122000295,126,4,122
122000296,4,131,-127
122000297,970,437,533
122000299,111,19,92
122000300,0,14,-14
122000301,78,86,-8
122000302,11,6,5
122000303,39,83,-44
122000304,0,0,0
122000305,455,44,411
122000306,1,23,-22
122000307,0,0,0
122000309,0,0,0
122000310,0,0,0
122000311,0,0,0
122000312,7,73,-66
122000313,25,55,-30
122000314,72,60,12
122000315,0,0,0
122000316,27,20,7
122000317,61,14,47
122000318,30,43,-13
122000319,8,2,6
122000320,0,0,0
122000321,0,0,0
122000322,103,100,3
122000323,53,63,-10
122000324,7,22,-15
122000325,83,170,-87
122000326,1,0,1
122000327,1,21,-20
122000328,0,0,0
122000330,100,148,-48
122000332,0,0,0
122000333,0,0,0
122000337,11,16,-5
122000338,1,2,-1
122000340,0,2,-2
122000342,10,26,-16
122000343,0,6,-6
122000344,29,0,29
122000345,19,2,17
122000346,0,0,0
122000348,32,54,-22
122000349,0,0,0
122000351,0,0,0
122000352,0,0,0
122000353,0,0,0
122000355,0,0,0
122000356,26,25,1
122000357,0,10,-10
122000358,0,0,0
122000359,0,0,0
122000360,0,0,0
122000362,0,0,0
122000364,0,0,0
122000365,0,0,0
122000366,0,0,0
122000368,0,0,0
122000370,0,0,0
122000371,0,0,0
122000372,0,0,0
122000381,0,0,0
122000382,0,0,0
122000384,0,0,0
122000385,0,0,0
122000386,8,221,-213
122000387,0,0,0
122000388,10,41,-31
122000389,0,0,0
122000390,5,102,-97
122000391,0,0,0
122000392,0,0,0
122000393,0,0,0
122000394,0,0,0
122000395,0,0,0
122000396,0,0,0
122000397,0,0,0
122000398,20,42,-22
122000399,0,0,0
122000400,16,55,-39
122000401,0,0,0
122000402,38,25,13
122000403,0,0,0
122000404,168,12,156
122000408,278,314,-36
122000503,0,0,0
122000524,0,0,0
122000544,0,0,0
122000616,0,0,0
122000640,0,0,0
122000641,0,0,0
122000642,0,0,0
122000643,29,13,16
122000644,0,0,0
122000645,0,0,0
122000651,17,42,-25
122000664,12,6,6
122000665,0,0,0
122000666,131,48,83
122000673,0,0,0
122000674,29,41,-12
122000675,44,35,9
122000686,77,8,69
122000687,61,11,50
122000688,141,33,108
122000689,119,51,68
122000690,330,1,329
122000691,303,42,261
122000692,49,1,48
122000693,19,43,-24
122000695,0,0,0
122000696,136,16,120
122000698,0,0,0
122000699,10,6,4
122000701,110,8,102
122000702,88,41,47
122000703,20,10,10
122000717,0,0,0
122000718,57,252,-195
122000719,0,8,-8
122000720,76,15,61
122000724,0,0,0
122900001,0,0,0
122900002,0,0,0
122900003,0,0,0
122900004,0,0,0
122900005,0,0,0
122900006,0,0,0
122900007,0,0,0
122900008,0,0,0
122900009,0,0,0
122900010,0,0,0
122900012,0,0,0
122900014,0,0,0
122900015,0,0,0
122900016,0,0,0
122900017,0,0,0
122900018,0,0,0
122900019,0,0,0
122900020,0,0,0
122900021,0,0,0
122900022,0,0,0
122900023,0,0,0
122900024,0,0,0
122900025,0,0,0
122900026,0,0,0
122900027,0,0,0
122900028,0,0,0
122900029,0,0,0
122900030,0,0,0
122900031,0,0,0
122900032,0,0,0
122900033,0,0,0
122900034,0,0,0
122900035,0,0,0
122900036,0,0,0
122900037,0,0,0
122900038,0,0,0
122900039,0,0,0
122900040,0,0,0
122900041,0,0,0
122900042,0,0,0
122900043,0,0,0
122900044,0,0,0
122900045,0,0,0
122900046,0,0,0
122900047,0,0,0
122900048,0,0,0
122900049,0,0,0
122900051,0,0,0
122900052,0,0,0
122900053,0,5,-5
122900055,0,0,0
122900057,0,0,0
122900061,0,0,0
122900062,0,0,0
122900063,0,0,0
122900064,0,0,0
122900065,0,0,0
122900066,0,0,0
122900067,0,0,0
122900068,0,0,0
122900069,0,0,0
122900070,0,0,0
122900071,0,0,0
122900072,0,0,0
122900073,0,0,0
122900074,0,0,0
122900075,0,0,0
122900076,0,0,0
122900077,0,0,0
122900078,0,0,0
122900080,0,0,0
122900081,0,0,0
122900082,0,0,0
122900083,0,0,0
122900084,0,0,0
122900086,0,0,0
122900087,0,0,0
122900088,0,0,0
122900089,0,0,0
122900090,0,0,0
122900091,0,0,0
122900092,0,0,0
122900093,0,0,0
122900094,0,0,0
122900095,0,0,0
122900096,0,0,0
122900097,0,0,0
122900098,0,0,0
122900099,0,0,0
122900100,0,0,0
122900101,0,0,0
122900102,0,0,0
122900103,0,0,0
122900104,0,0,0
122900105,0,0,0
122900106,0,0,0
122900107,0,0,0
122900108,0,0,0
123000001,180,30,150
123000002,244,1229,-985
123000003,815,335,480
123000004,215,547,-332
123000005,1030,287,743
123000006,157,523,-366
123000007,904,434,470
123000008,25,143,-118
123000009,2568,1879,689
123000010,73,265,-192
123000011,744,800,-56
123000012,16,245,-229
123000013,995,260,735
123000014,10,172,-162
123000015,1302,385,917
123000016,27,155,-128
123000017,935,274,661
123000018,120,5,115
123000019,99,0,99
123000020,30,0,30
123000021,87,9,78
123000022,275,34,241
123000023,239,82,157
123000024,144,73,71
123000025,0,31,-31
123000026,0,0,0
123000027,0,0,0
123000028,50,185,-135
123000029,0,0,0
123000030,0,0,0
123000031,37,4,33
123000032,13,7,6
123000033,13,19,-6
123000034,365,55,310
123000035,78,73,5
123000036,12,410,-398
123000037,0,0,0
123000038,0,0,0
123000039,0,0,0
123000040,0,0,0
123000041,32,634,-602
123000042,0,0,0
123000043,162,212,-50
123000044,32,33,-1
123000045,0,0,0
123000046,0,0,0
123000047,0,0,0
123000048,1,116,-115
123000049,3390,1160,2230
123000050,148,139,9
123000051,1,2,-1
123000052,141,317,-176
123000053,805,314,491
123000054,167,423,-256
123000055,863,955,-92
123000056,10,53,-43
123000057,50,200,-150
123000058,0,0,0
123000059,0,4,-4
123000060,0,0,0
123000061,1,17,-16
123000063,28,21,7
123000064,6,0,6
123000065,14,66,-52
123000066,0,21,-21
123000067,10,38,-28
123000068,43,181,-138
123000069,131,132,-1
123000070,12,0,12
123000071,147,32,115
123000072,0,0,0
123000073,183,26,157
123000074,0,0,0
123000075,72,182,-110
123000076,0,0,0
123000077,51,0,51
123000078,253,112,141
123000079,473,177,296
123000080,36,5,31
123000081,0,0,0
123000082,0,0,0
123000083,2,7,-5
123000084,0,0,0
123000085,0,0,0
123000086,0,0,0
123000087,0,0,0
123000088,6,0,6
123000089,356,113,243
123000090,0,0,0
123000091,157,45,112
123000092,0,0,0
123000094,3,3,0
123000095,42,33,9
123000096,118,13,105
123000097,0,0,0
123000098,84,16,68
123000099,0,0,0
123000100,0,0,0
123000101,64,26,38
123000102,117,65,52
123000104,0,0,0
123000105,0,0,0
123000106,0,0,0
123000107,0,0,0
123000108,0,0,0
123000111,12,19,-7
123000112,27,5,22
123000113,0,0,0
123000114,4,16,-12
123000115,34,18,16
123000116,0,0,0
123000117,3,12,-9
123000118,10,8,2
123000119,1,13,-12
123000120,7,27,-20
123000121,0,0,0
123000122,0,0,0
123000123,0,0,0
123000124,0,0,0
123000125,112,99,13
123000126,216,207,9
123000127,0,0,0
123000128,0,0,0
123000129,222,38,184
123000130,101,8,93
123000131,84,21,63
123000132,0,0,0
123000133,0,0,0
123000134,0,0,0
123000135,60,36,24
123000136,0,0,0
123000137,0,0,0
123000138,0,0,0
123000139,107,17,90
123000140,0,0,0
123000141,44,17,27
123000142,0,0,0
123000143,0,0,0
123000144,0,0,0
123000145,0,0,0
123000146,0,0,0
123000147,0,0,0
123000149,23,53,-30
123000150,34,25,9
123000151,30,57,-27
123000152,0,0,0
123000153,4,24,-20
123000154,34,47,-13
123000155,16,34,-18
123000156,0,0,0
123000157,23,10,13
123000158,55,54,1
123000159,162,223,-61
123000160,28,92,-64
123000161,150,47,103
123000162,269,170,99
123000163,49,0,49
123000164,357,10,347
123000165,0,0,0
123000166,0,0,0
123000167,26,7,19
123000168,76,1,75
123000169,120,12,108
123000170,1,0,1
123000171,274,0,274
123000172,0,0,0
123000173,58,41,17
123000174,159,13,146
123000175,0,0,0
123000176,143,11,132
123000177,0,0,0
123000178,229,27,202
123000179,0,0,0
123000180,508,43,465
123000181,0,0,0
123000182,0,0,0
123000183,59,17,42
123000184,0,0,0
123000185,301,37,264
123000186,0,0,0
123000187,484,11,473
123000188,309,0,309
123000189,253,0,253
123000190,46,0,46
123000192,0,0,0
123000193,0,0,0
123000194,0,0,0
123000195,252,0,252
123000196,314,0,314
123000197,76,0,76
123000198,0,0,0
123000199,0,0,0
123000200,237,21,216
123000201,422,17,405
123000202,0,0,0
123000203,534,5,529
123000204,0,0,0
123000205,0,0,0
123000206,594,11,583
123000207,0,0,0
123000208,121,20,101
123000209,238,21,217
123000210,0,0,0
123000211,0,0,0
123000212,624,18,606
123000213,219,4,215
123000215,155,112,43
123000216,36,134,-98
123000217,69,3,66
123000218,0,0,0
123000219,75,7,68
123000220,203,6,197
123000221,12,3,9
123000222,17,5,12
123000223,37,22,15
123000224,73,54,19
123000225,33,6,27
123000226,54,1,53
123000227,1,11,-10
123000228,73,4,69
123000229,0,0,0
123000232,0,0,0
123000233,233,13,220
123000234,0,0,0
123000235,130,42,88
123000236,0,2,-2
123000237,52,20,32
123000238,0,0,0
123000239,0,0,0
123000240,0,0,0
123000241,22,5,17
123000242,0,0,0
123000243,11,75,-64
123000244,5,60,-55
123000245,0,0,0
123000249,0,0,0
123000252,264,104,160
123000253,348,154,194
123000254,15,15,0
123000255,78,117,-39
123000256,0,0,0
123000257,0,0,0
123000258,0,0,0
123000259,21,5,16
123000260,4,27,-23
123000261,0,0,0
123000262,0,0,0
123000263,47,9,38
123000264,21,4,17
123000265,0,0,0
123000266,19,5,14
123000267,44,129,-85
123000268,0,0,0
123000269,7,28,-21
123000270,16,12,4
123000271,0,0,0
123000272,291,78,213
123000273,83,602,-519
123000274,251,127,124
123000275,0,0,0
123000278,6,58,-52
123000279,11,15,-4
123000280,9,6,3
123000281,60,1,59
123000282,0,0,0
123000283,1,1,0
123000284,0,0,0
123000286,0,0,0
123000287,10,41,-31
123000288,239,142,97
123000289,58,81,-23
123000291,0,0,0
123000294,0,0,0
123000295,328,226,102
123000296,120,221,-101
123000297,0,0,0
123000298,15,12,3
123000299,19,134,-115
123000300,71,67,4
123000301,0,0,0
123000302,174,18,156
123000303,3,64,-61
123000305,0,0,0
123000306,0,0,0
123000309,0,0,0
123000310,8,17,-9
123000311,0,0,0
123000312,0,0,0
123000313,131,34,97
123000315,116,8,108
123000316,547,12,535
123000317,0,0,0
123000318,0,0,0
123000329,0,0,0
123000337,74,4,70
123000338,141,14,127
123000339,0,0,0
123000340,11,32,-21
123000342,0,0,0
123000343,3,0,3
123000344,26,2,24
123000345,5,0,5
123000346,133,32,101
123000352,0,0,0
123000353,0,0,0
123000354,393,0,393
123000355,0,0,0
123000356,133,1,132
123000357,0,0,0
123000359,0,0,0
123000360,131,24,107
123000361,0,0,0
123000362,170,6,164
123000363,39,2,37
123000364,12,20,-8
123000365,0,0,0
123000366,7,75,-68
123000367,0,25,-25
123000370,0,0,0
123000371,134,0,134
123000372,90,0,90
123000373,0,0,0
123000374,0,0,0
123000375,108,8,100
123000376,93,58,35
123000377,190,1,189
123000378,0,0,0
123000379,0,0,0
123000380,0,0,0
123000381,32,21,11
123000382,96,9,87
123000383,0,0,0
123000384,28,4,24
123000385,0,0,0
123000436,0,0,0
123000507,6,33,-27
123000508,306,815,-509
123000517,0,0,0
123000518,0,0,0
123000519,0,0,0
123000520,0,0,0
123000521,0,0,0
123000522,0,0,0
123000541,1,1,0
123000542,0,0,0
123000565,62,0,62
123000566,8,0,8
123000567,43,0,43
123000573,0,0,0
123000574,86,4,82
123000575,216,4,212
123000576,91,5,86
123000577,0,0,0
123000578,29,10,19
123000579,629,294,335
123000580,4,0,4
123000582,88,0,88
123000583,0,0,0
123000584,61,52,9
123000585,0,0,0
123000586,23,0,23
123000596,0,0,0
123000597,27,5,22
123000602,1,1,0
123000603,231,3,228
123000604,30,9,21
123000605,858,451,407
123000606,0,0,0
123000609,0,0,0
123000610,122,73,49
123000613,0,0,0
123000614,73,14,59
123000615,0,0,0
123000616,78,3,75
123000617,0,0,0
123000618,0,0,0
123000619,14,3,11
123000620,0,0,0
123000622,106,22,84
123000624,104,13,91
123000630,494,41,453
123000631,68,17,51
123000632,0,0,0
123000633,4,391,-387
123000634,4,4,0
123000635,0,0,0
123000636,0,0,0
123000637,2,8,-6
123000638,17,6,11
123000639,385,295,90
123000640,0,0,0
123000648,1,0,1
123000649,0,0,0
123900001,0,0,0
123900002,0,0,0
123900003,0,0,0
123900005,0,0,0
123900006,0,0,0
124000001,544,170,374
124000002,1,230,-229
124000003,284,22,262
124000004,0,20,-20
124000005,209,16,193
124000006,2,23,-21
124000007,111,21,90
124000008,0,0,0
124000009,156,57,99
124000010,0,0,0
124000011,291,70,221
124000012,0,0,0
124000017,191,106,85
124000018,0,0,0
124000019,185,26,159
124000020,0,0,0
124000021,277,23,254
124000022,0,0,0
124000023,497,68,429
124000024,0,0,0
124000025,387,62,325
124000026,0,0,0
124000027,1524,259,1265
124000028,99,630,-531
124000030,0,0,0
124000031,353,129,224
124000032,0,38,-38
124000033,100,9,91
124000034,0,26,-26
124000035,17,10,7
124000036,0,8,-8
124000037,57,39,18
124000038,0,4,-4
124000039,31,4,27
124000040,98,59,39
124000041,141,3,138
124000042,2,10,-8
124000043,13,8,5
124000044,1,14,-13
124000045,111,11,100
124000046,0,0,0
124000047,269,29,240
124000048,0,0,0
124000049,264,9,255
124000050,0,0,0
124000051,224,21,203
124000052,0,0,0
124000053,149,69,80
124000054,0,0,0
124000055,392,89,303
124000056,0,0,0
124000057,205,68,137
124000058,0,0,0
124000059,184,112,72
124000060,0,0,0
124000061,100,166,-66
124000062,0,0,0
124000063,0,0,0
124000064,0,0,0
124000065,0,0,0
124000066,33,4,29
124000067,33,20,13
124000068,0,0,0
124000069,288,20,268
124000070,0,0,0
124000071,43,31,12
124000072,0,0,0
124000073,199,22,177
124000074,0,0,0
124000075,144,38,106
124000076,0,0,0
124000077,0,0,0
124000078,193,219,-26
124000079,0,0,0
124000080,260,63,197
124000081,0,0,0
124000082,32,114,-82
124000083,0,0,0
124000084,5,87,-82
124000085,0,0,0
124000086,0,0,0
124000087,0,0,0
124000088,11,14,-3
124000089,174,18,156
124000090,0,0,0
124000091,165,32,133
124000092,0,0,0
124000093,2,32,-30
124000094,0,0,0
124000095,81,0,81
124000096,0,0,0
124000097,36,7,29
124000098,0,0,0
124000099,14,13,1
124000100,0,0,0
124000101,30,10,20
124000102,0,0,0
124000103,16,18,-2
124000104,0,0,0
124000105,12,11,1
124000106,0,0,0
124000107,4,8,-4
124000108,0,0,0
124000109,38,1,37
124000110,0,0,0
124000111,182,36,146
124000112,0,0,0
124000113,25,49,-24
124000114,0,0,0
124000115,0,0,0
124000116,45,25,20
124000117,0,0,0
124000118,12,15,-3
124000119,0,0,0
124000120,71,18,53
124000121,187,38,149
124000122,0,0,0
124000123,157,22,135
124000124,21,53,-32
124000125,92,8,84
124000126,4,46,-42
124000127,300,23,277
124000128,49,70,-21
124000129,129,53,76
124000130,91,43,48
124000131,72,121,-49
124000132,94,168,-74
124000133,315,68,247
124000134,0,0,0
124000135,351,74,277
124000136,0,0,0
124000137,96,40,56
124000138,0,0,0
124000139,39,15,24
124000140,0,0,0
124000141,0,6,-6
124000142,0,0,0
124000143,3,0,3
124000144,0,0,0
124000145,36,1,35
124000146,0,0,0
124000148,0,3,-3
124000149,84,12,72
124000150,0,0,0
124000151,40,26,14
124000152,0,0,0
124000153,97,89,8
124000154,0,0,0
124000155,167,90,77
124000156,0,0,0
124000169,9,6,3
124000170,0,0,0
124000171,47,8,39
124000172,0,0,0
124000173,21,29,-8
124000174,0,0,0
124000175,0,0,0
124000176,157,65,92
124000177,0,0,0
124000178,4,6,-2
124000190,0,24,-24
124000191,0,0,0
124000192,136,120,16
124000193,0,0,0
124000194,28,37,-9
124000195,150,19,131
124000196,0,0,0
124000197,0,0,0
124000198,5,13,-8
124000201,0,0,0
124000202,237,5,232
124000203,0,0,0
124000204,229,6,223
124000205,65,0,65
124000206,400,1,399
124000207,0,0,0
124000209,61,2,59
124000210,144,69,75
124000211,512,0,512
124000212,0,0,0
124000213,0,0,0
124000214,317,2,315
124000215,26,1,25
124000216,0,0,0
124000329,0,0,0
124000338,0,0,0
124000339,172,2,170
124000341,199,2,197
124000344,20,0,20
124000357,476,205,271
124000358,777,343,434
124000359,465,90,375
124000360,191,145,46
124000361,620,226,394
124000362,0,0,0
124000363,0,0,0
124000364,0,0,0
124000365,53,273,-220
124000366,9,174,-165
124000367,0,0,0
124000368,6,55,-49
124000369,24,59,-35
124000370,0,0,0
124000402,1,0,1
124000403,15,3,12
124000404,0,0,0
124000405,224,36,188
124000406,35,82,-47
124000407,0,0,0
124000411,0,0,0
124000412,37,0,37
124000413,0,12,-12
124000414,15,24,-9
124000415,0,0,0
124000416,0,0,0
124000417,10,20,-10
124000418,10,5,5
124000419,0,0,0
124000420,62,5,57
124000421,0,0,0
124000422,0,0,0
124000423,0,0,0
124000424,0,0,0
124000425,2,0,2
124000426,0,0,0
124000427,0,0,0
124000428,0,0,0
124000429,19,0,19
124000430,6,15,-9
124000431,1,2,-1
124000432,7,9,-2
124000439,4,0,4
124000443,0,0,0
124000445,18,174,-156
124000446,0,0,0
124900001,0,0,0
124900002,0,0,0
124900003,0,0,0
124900004,0,0,0
124900005,0,0,0
124900006,0,0,0
124900008,0,0,0
124900009,0,0,0
124900010,0,0,0
124900011,0,0,0
124900012,0,0,0
124900013,0,0,0
124900014,0,0,0
124900015,0,0,0
124900016,0,0,0
124900017,0,0,0
124900018,0,0,0
124900020,0,0,0
124900021,0,0,0
124900022,0,0,0
124900024,0,0,0
124900026,0,0,0
124900027,0,0,0
124900028,0,0,0
124900029,0,0,0
124900030,0,0,0
124900031,0,0,0
124900032,0,0,0
124900033,0,0,0
124900034,0,0,0
124900035,0,0,0
124900036,0,0,0
124900037,0,0,0
124900038,0,0,0
124900039,0,0,0
124900040,0,0,0
124900041,0,0,0
124900042,0,0,0
124900043,0,0,0
124900044,0,0,0
124900045,0,0,0
124900046,0,0,0
124900047,0,0,0
124900048,0,0,0
124900050,0,0,0
124900052,0,0,0
124900053,0,0,0
124900054,0,0,0
124900055,0,0,0
124900057,0,0,0
124900060,0,0,0
124900061,0,0,0
124900062,0,0,0
124900066,0,0,0
124900067,0,0,0
124900068,0,0,0
124900070,0,0,0
124900072,0,0,0
124900074,0,0,0
124900075,0,0,0
124900076,0,0,0
124900077,0,0,0
124900078,0,0,0
124900079,0,0,0
124900080,0,0,0
124900081,0,0,0
124900082,0,0,0
124900083,0,0,0
124900084,0,0,0
124900085,0,0,0
124900086,0,0,0
124900087,0,0,0
124900088,0,0,0
124900089,0,0,0
124900090,0,0,0
124900091,0,0,0
124900092,0,0,0
124900093,0,0,0
124900094,0,0,0
124900095,0,0,0
124900096,0,0,0
124900097,0,0,0
124900098,0,0,0
124900099,0,0,0
124900100,0,0,0
124900101,0,0,0
124900102,0,0,0
124900103,0,0,0
124900104,0,0,0
124900105,0,0,0
124900106,0,0,0
124900107,0,0,0
124900108,0,0,0
124900109,0,0,0
124900110,0,0,0
124900111,0,0,0
124900112,0,0,0
124900113,0,0,0
124900114,0,0,0
124900115,0,0,0
124900116,0,0,0
124900117,0,0,0
124900118,0,0,0
124900119,0,0,0
124900120,0,0,0
124900121,0,0,0
124900122,0,0,0
124900123,0,0,0
124900124,0,0,0
129000186,0,0,0
204000001,43,0,43
204000002,8,2,6
204000003,8,9,-1
204000004,1,17,-16
204000005,583,369,214
204000006,1808,1230,578
204000011,0,0,0
204000012,0,0,0
204000019,623,409,214
204000020,159,98,61
204000021,243,57,186
204000022,664,366,298
204000023,0,0,0
204000031,8,31,-23
204000032,258,20,238
204000034,0,0,0
204000035,0,0,0
204000036,0,0,0
204000037,0,0,0
204000038,0,0,0
204000039,0,0,0
204000040,0,0,0
204000041,0,0,0
204000042,3,7,-4
204000043,4,0,4
204000044,6,1,5
204000045,3,0,3
204000046,0,0,0
204000057,0,0,0
204000062,0,0,0
204000068,0,0,0
204000069,0,0,0
204000070,340,271,69
204000080,0,0,0
204000085,0,0,0
204000086,0,0,0
204000087,0,0,0
204000088,0,0,0
204000090,0,0,0
204000093,350,22,328
204000096,433,267,166
204000097,122,7,115
204000099,1001,607,394
204000100,976,444,532
204000105,0,0,0
204000110,0,0,0
204000111,0,0,0
204000112,0,0,0
204000113,0,0,0
204000114,111,278,-167
204000115,42,107,-65
204000116,109,62,47
204000119,1484,572,912
204000132,766,63,703
204000133,823,101,722
204000134,149,74,75
204000135,583,18,565
204000136,401,186,215
204000138,440,140,300
204000140,293,173,120
204000141,297,114,183
204000144,0,27,-27
204000145,82,8,74
204000146,0,0,0
204000147,0,0,0
204000148,249,11,238
204000154,0,3,-3
204000155,0,0,0
204000177,101,29,72
204000179,12,0,12
204000180,0,0,0
204000222,0,0,0
204000235,0,0,0
204000236,5,36,-31
204000238,12,19,-7
204000240,19,3,16
204000263,0,0,0
204000268,830,212,618
204000308,51,15,36
204000317,0,0,0
204000322,0,0,0
204000323,5,15,-10
204000328,208,34,174
204000329,0,0,0
204000330,115,12,103
204000331,0,0,0
204010341,10,4,6
205000001,0,0,0
205000013,0,0,0
205000014,0,0,0
205000015,0,0,0
205000016,0,0,0
205000017,0,0,0
205000022,0,0,0
205000025,0,0,0
205000029,87,3,84
205000045,0,0,0
205000046,0,0,0
205000047,0,0,0
205000048,0,0,0
205000049,0,0,0
205000050,0,0,0
205000059,0,0,0
205000060,0,0,0
205000061,0,0,0
205000062,0,0,0
205000063,0,0,0
205000064,0,0,0
205000065,0,0,0
205000066,0,0,0
205000067,0,0,0
205000069,0,0,0
205000082,217,47,170
205000110,0,0,0
205000111,0,0,0
205000112,187,159,28
205000113,0,0,0
205000121,215,111,104
205000123,0,0,0
205000126,923,155,768
205000127,1182,103,1079
205000128,449,14,435
205000129,665,11,654
205000130,77,4,73
205000131,8,1,7
205000132,19,2,17
205000133,12,0,12
205000134,275,1,274
205000137,0,0,0
205000138,0,0,0
205000139,0,0,0
205000144,110,19,91
205000145,121,37,84
205000151,58,25,33
205000152,90,26,64
205000153,348,55,293
205000154,79,86,-7
205000155,153,12,141
205000207,0,0,0
205000233,20,0,20
205000234,0,0,0
205000243,0,1,-1
205000244,0,0,0
205000245,0,0,0
205000249,0,0,0
205000250,7,0,7
205000264,0,0,0
206000027,27,21,6
206000028,7,1,6
206000043,0,0,0
206000053,0,0,0
206000054,0,0,0
206000055,0,0,0
206000075,0,0,0
206000076,0,0,0
206000077,0,0,0
206000078,0,0,0
206000079,0,0,0
206000082,207,7,200
206000100,0,0,0
206000103,0,0,0
206000104,0,0,0
206000105,0,0,0
206000106,0,0,0
206000108,366,113,253
206000125,141,0,141
206000157,0,0,0
206000170,0,0,0
206000171,0,0,0
206000172,0,0,0
206000173,0,0,0
206000174,0,0,0
206000175,0,0,0
206000176,0,0,0
206000177,0,0,0
206000178,0,0,0
206000179,0,0,0
206000180,0,0,0
206000181,0,0,0
206000182,0,0,0
206000183,0,0,0
206000184,0,0,0
206000185,0,0,0
206000186,0,0,0
206000223,0,0,0
206000226,3,0,3
206000227,40,1,39
206000237,0,0,0
206000238,0,0,0
206000239,0,0,0
206000240,0,0,0
206000241,0,0,0
206000242,0,0,0
206000243,0,0,0
206000244,0,0,0
206000245,158,7,151
206000246,73,0,73
206000247,56,3,53
206000248,59,0,59
206000252,0,0,0
206000258,0,0,0
206000315,0,0,0
206000317,71,10,61
206000318,65,10,55
206000319,208,2,206
206000320,85,2,83
206000321,29,1,28
206000322,78,7,71
206000323,30,0,30
206000324,53,1,52
206000325,54,1,53
206000326,28,10,18
206000327,18,10,8
206000328,194,2,192
206000329,30,1,29
206000330,21,0,21
206000331,50,0,50
206000332,5,1,4
206000333,265,1,264
206000334,96,1,95
206000335,0,0,0
206000361,0,0,0
206000392,0,0,0
206000405,132,1,131
206000441,65,47,18
206000498,28,0,28
206000515,0,0,0
206000530,26,5,21
206000531,34,5,29
206000532,90,4,86
206000535,0,0,0
206000536,0,0,0
206000537,0,0,0
206000613,132,9,123
207000001,0,0,0
207000002,0,0,0
207000003,0,0,0
207000007,280,125,155
207000008,0,0,0
207000009,0,0,0
207000010,7,20,-13
207000012,122,98,24
207000015,3,17,-14
207000019,272,16,256
207000021,423,78,345
207000022,201,28,173
207000023,270,13,257
207000024,2,14,-12
207000025,5,32,-27
207000026,0,0,0
207000027,0,0,0
207000028,0,0,0
207000029,0,0,0
207000033,323,207,116
207000034,78,58,20
207000039,207,32,175
207000040,303,8,295
207000041,87,1,86
207000042,356,57,299
207000043,152,70,82
207000051,0,0,0
207000052,0,0,0
207000053,0,0,0
207000054,0,0,0
207000055,0,0,0
207000056,0,0,0
207000057,0,0,0
207000058,0,0,0
207000059,0,0,0
207000060,0,0,0
207000061,37,338,-301
207000062,223,132,91
207000063,138,150,-12
207000064,343,69,274
207000065,313,50,263
207000066,241,86,155
207000067,48,29,19
207000068,125,14,111
207000069,661,124,537
207000082,0,9,-9
207000083,1,14,-13
207000084,101,40,61
207000085,0,0,0
207000086,0,0,0
207000106,41,8,33
207000107,83,6,77
207000108,94,3,91
207000109,44,1,43
207000110,50,12,38
207000111,188,12,176
207000112,125,54,71
207000114,0,0,0
207000115,0,0,0
207000116,0,0,0
207000117,0,0,0
207000118,0,0,0
207000119,0,0,0
207000123,89,1,88
207000124,69,6,63
207000125,23,2,21
207000126,71,14,57
207000134,0,0,0
207000135,0,0,0
207000148,193,90,103
207000149,0,0,0
207000152,0,0,0
207000153,0,0,0
207000154,400,45,355
207000159,0,0,0
207000160,0,0,0
207000238,0,0,0
207000242,0,0,0
207000248,0,0,0
207000249,0,0,0
207000250,0,0,0
207000251,0,0,0
207000252,0,0,0
207000278,118,63,55
207000279,0,0,0
207000280,180,11,169
207000281,35,41,-6
207000282,1,7,-6
207000283,1,3,-2
207000284,0,0,0
207000285,3,9,-6
207000291,0,0,0
207000304,18,13,5
207000306,0,0,0
207000310,144,109,35
207000353,46,0,46
207000356,0,0,0
207000357,0,46,-46
207000358,0,12,-12
207000415,0,0,0
207000417,73,0,73
207000418,52,32,20
207000438,0,0,0
207000439,650,141,509
207000446,106,0,106
207000460,0,0,0
207000466,0,0,0
207000467,143,12,131
207000468,0,0,0
207000476,0,0,0
207000477,1,1,0
207000478,0,0,0
207000523,0,0,0
207000524,7,0,7
207000527,375,73,302
207000530,278,0,278
207000531,141,1,140
207000532,60,3,57
207000534,264,21,243
207000535,0,0,0
207000537,0,0,0
207000540,0,0,0
207000541,0,0,0
207000548,0,0,0
207000549,113,7,106
207000561,144,26,118
207000562,0,0,0
207000567,0,0,0
207000568,0,0,0
207000569,0,0,0
207000584,0,0,0
207000585,45,69,-24
207000616,0,0,0
207000617,140,0,140
207900008,0,0,0
208000001,79,241,-162
208000002,157,144,13
208000003,236,168,68
208000004,298,185,113
208000005,0,0,0
208000019,341,218,123
208000020,325,143,182
208000021,0,0,0
208000022,0,0,0
208000028,0,0,0
208000033,0,0,0
208000034,0,0,0
208000037,130,2,128
208000040,49,71,-22
208000041,331,94,237
208000042,352,101,251
208000047,0,0,0
208000064,921,463,458
208000066,515,434,81
208000070,67,49,18
208000071,164,47,117
208000072,69,108,-39
208000080,90,135,-45
208000081,118,25,93
208000082,0,0,0
208000083,0,0,0
208000084,1,8,-7
208000085,0,0,0
208000086,0,0,0
208000087,0,0,0
208000089,0,0,0
208000090,0,0,0
208000093,0,0,0
208000094,0,0,0
208000095,0,0,0
208000104,728,113,615
208000105,626,132,494
208000114,170,174,-4
208000115,255,124,131
208000116,214,341,-127
208000117,25,23,2
208000118,35,18,17
208000155,0,0,0
208000158,0,0,0
208000186,624,506,118
208000204,0,0,0
208000205,0,0,0
208000282,0,0,0
209000004,6,21,-15
209000005,29,6,23
209000006,196,23,173
209000007,0,0,0
209000010,0,0,0
209000011,0,0,0
209000012,0,0,0
209000013,0,0,0
209000014,0,0,0
209000025,88,36,52
209000026,271,17,254
209000027,0,0,0
209000028,0,0,0
209000029,0,0,0
209000030,0,0,0
209000031,0,0,0
209000034,0,0,0
209000035,0,0,0
209000036,0,0,0
209000037,0,0,0
209000038,0,0,0
209000039,0,0,0
209000040,0,0,0
209000041,0,0,0
209000042,0,0,0
209000043,0,0,0
209000044,0,0,0
209000045,335,25,310
209000046,187,51,136
209000047,373,13,360
209000048,370,48,322
209000049,0,0,0
209000050,0,0,0
209000051,0,0,0
209000052,0,0,0
209000062,0,0,0
209000063,0,0,0
209000064,0,0,0
209000065,6,3,3
209000066,1,2,-1
209000067,20,6,14
209000080,0,0,0
209000082,6,1,5
209000091,0,0,0
209000093,0,0,0
209000094,0,0,0
209000110,38,29,9
209000111,147,81,66
209000112,125,25,100
209000113,187,44,143
209000114,28,3,25
209000115,0,0,0
209000116,0,0,0
209000118,1,11,-10
209000119,0,0,0
209000121,0,0,0
209000135,12,23,-11
209000142,153,34,119
209000143,0,0,0
209000144,0,0,0
209000229,117,10,107
209000240,0,0,0
209000259,0,0,0
209000260,0,0,0
209000261,0,0,0
209000262,0,0,0
209000263,0,0,0
209000264,0,0,0
209000265,55,1,54
209000266,10,0,10
209000267,330,4,326
209000268,640,3,637
210000037,28,0,28
210000047,75,0,75
210000048,53,1,52
210000049,4,1,3
210000052,0,0,0
210000053,0,0,0
210000054,0,0,0
210000070,29,0,29
210000071,58,0,58
210000072,24,0,24
210000073,0,0,0
210000074,0,0,0
210000075,0,0,0
210000076,0,0,0
210000077,0,0,0
210000078,0,0,0
210000079,6,3,3
210000080,54,6,48
210000081,45,3,42
210000082,22,1,21
210000083,60,0,60
210000084,103,0,103
210000085,0,0,0
210000086,0,0,0
210000099,0,0,0
210000100,0,0,0
210000101,0,0,0
210000105,0,0,0
210000159,0,0,0
210000163,0,0,0
210000164,74,28,46
210000168,26,1,25
210000187,0,0,0
210000188,0,0,0
210000214,26,0,26
210000219,54,7,47
210000220,40,1,39
210000232,0,0,0
210000233,0,0,0
210000234,0,0,0
210000235,0,0,0
210000245,0,0,0
210000246,30,0,30
210000258,0,0,0
210000259,115,1,114
210000282,0,0,0
210000285,0,0,0
210000286,0,0,0
210000290,0,0,0
210000295,0,0,0
210000296,0,0,0
210000320,60,3,57
210000321,27,6,21
210000338,0,0,0
210000339,0,0,0
210000340,0,0,0
210000341,0,0,0
210000342,0,0,0
210000343,0,0,0
210000344,0,0,0
210000345,0,0,0
210000346,0,0,0
210000347,0,0,0
210000348,0,0,0
210000349,0,0,0
210000350,0,0,0
210000351,0,0,0
210000352,9,13,-4
210000353,79,17,62
210000354,40,21,19
210000355,30,15,15
210000356,3,12,-9
210000357,20,43,-23
210000358,13,14,-1
210000359,81,15,66
210000360,142,45,97
210000361,93,51,42
210000362,90,29,61
210000363,267,130,137
210000364,102,41,61
210000365,118,19,99
210000366,132,8,124
210000367,107,1,106
210000368,77,2,75
210000369,13,3,10
210000370,32,7,25
210000372,0,9,-9
210000373,1,7,-6
210000374,132,2,130
210000375,17,3,14
210000376,48,22,26
210000404,0,0,0
210000439,20,0,20
210000472,31,0,31
210000482,16,15,1
210000564,323,48,275
210000567,0,0,0
210000568,40,0,40
211000092,0,0,0
211000094,0,0,0
211000169,0,0,0
211000172,0,0,0
211000209,0,0,0
211000226,18,1,17
211000270,0,0,0
211000275,0,0,0
211000276,0,0,0
211000279,0,0,0
211000281,0,0,0
211507980,0,0,0
211977296,0,0,0
212000003,77,8,69
212000004,0,0,0
212000005,0,0,0
212000006,0,0,0
212000008,0,0,0
212000009,0,0,0
212000012,0,0,0
212000013,0,0,0
212000014,0,0,0
212000015,0,0,0
212000016,0,0,0
212000027,492,72,420
212000028,196,192,4
212000029,208,158,50
212000030,14,29,-15
212000031,13,10,3
212000048,0,0,0
212000049,0,0,0
212000050,0,0,0
212000051,0,0,0
212000052,0,0,0
212000053,0,0,0
212000054,297,20,277
212000055,307,36,271
212000056,45,29,16
212000057,2,25,-23
212000058,6,4,2
212000070,0,0,0
212000077,0,0,0
212000099,166,36,130
212000108,142,20,122
212000111,44,4,40
212000120,0,0,0
212000138,0,0,0
212000156,0,0,0
212000158,1,63,-62
212000159,535,98,437
212000160,383,60,323
212000161,0,0,0
212000310,0,0,0
212000311,1,25,-24
212000374,0,0,0
213000001,0,0,0
213000005,208,40,168
213000006,211,67,144
213000007,6,0,6
213000009,321,63,258
213000010,323,46,277
213000011,166,12,154
213000012,0,0,0
213000014,27,26,1
213000015,238,0,238
213000016,105,0,105
213000017,19,0,19
213000018,1,0,1
213000019,0,0,0
213000020,0,0,0
213000021,0,0,0
213000023,1108,36,1072
213000033,0,0,0
213000034,436,34,402
213000035,186,25,161
213000045,0,0,0
213000046,0,0,0
213000047,0,0,0
213000056,224,10,214
213000069,16,0,16
213000073,0,0,0
213000074,0,0,0
213000075,342,3,339
213000076,0,0,0
213000085,0,0,0
213000086,0,0,0
213000091,307,0,307
213000092,7,3,4
213000099,0,0,0
213000100,427,104,323
213000101,425,17,408
213000102,399,4,395
213000103,367,1,366
213000104,0,0,0
213000105,0,0,0
213000106,0,0,0
213000107,0,0,0
213000108,0,0,0
213000109,0,0,0
213000110,0,0,0
213000111,0,0,0
213000112,0,0,0
213000115,19,0,19
213000116,0,0,0
213000117,0,0,0
213000118,107,272,-165
213000119,0,0,0
213000120,0,0,0
213000122,0,0,0
213000123,0,0,0
213000124,0,0,0
213000125,130,132,-2
213000126,0,0,0
213000127,0,0,0
213000128,0,0,0
213000129,262,110,152
213000130,464,61,403
213000132,343,43,300
213000133,526,95,431
213000134,418,2,416
213000136,147,0,147
213000137,550,2,548
213000139,65,0,65
213000147,4,0,4
213000148,0,0,0
213000149,0,0,0
213000150,0,0,0
213000151,0,0,0
213000152,0,0,0
213000153,0,0,0
213000154,0,0,0
213000155,0,0,0
213000156,0,0,0
213000157,0,0,0
213000158,0,0,0
213000159,567,71,496
213000163,297,103,194
213000165,430,70,360
213000171,0,0,0
213000172,0,0,0
213000173,0,0,0
213000174,0,0,0
213000175,0,0,0
213000176,351,67,284
213000177,139,3,136
213000178,389,3,386
213000179,173,2,171
213000180,194,0,194
213000184,0,0,0
213000188,155,3,152
213000189,167,2,165
213000190,200,1,199
213000191,143,1,142
213000192,61,1,60
213000193,0,0,0
213000194,0,0,0
213000195,0,0,0
213000196,0,0,0
213000197,575,58,517
213000198,2,0,2
213000200,0,0,0
213000201,0,0,0
213000202,0,0,0
213000203,1045,88,957
213000204,731,28,703
213000205,369,17,352
213000206,630,17,613
213000207,12,2,10
213000208,0,0,0
213000209,20,0,20
213000210,70,0,70
213000211,0,0,0
213000212,0,0,0
213000213,0,0,0
213000218,43,187,-144
213000219,308,19,289
213000220,199,36,163
213000223,14,67,-53
213000224,0,2,-2
213000225,49,2,47
213000226,46,3,43
213000227,642,34,608
213000228,397,5,392
213000229,8,0,8
213000230,152,0,152
213000232,0,0,0
213000233,0,0,0
213000234,0,0,0
213000293,0,0,0
213000294,31,0,31
213000295,0,0,0
213000296,11,6,5
213000297,0,0,0
213000298,0,0,0
213000299,11,1,10
213000300,0,5,-5
213000303,0,0,0
213000304,0,0,0
213000305,0,6,-6
213000306,0,0,0
213000307,1,11,-10
213000308,0,0,0
213000309,76,7,69
213000310,113,16,97
213000311,0,0,0
213000315,0,0,0
213000316,60,7,53
213000322,0,0,0
213000323,0,0,0
213000324,0,0,0
213000325,0,0,0
213000326,0,0,0
213000327,0,0,0
213000328,0,0,0
213000329,0,0,0
213000340,0,0,0
213000341,283,20,263
213000346,3,48,-45
213000347,136,38,98
213000348,0,0,0
213000349,0,0,0
213000350,0,0,0
213000366,0,0,0
213000367,93,4,89
213000379,0,0,0
213000386,0,0,0
213000406,0,0,0
213000417,522,183,339
213000425,0,0,0
213000426,0,0,0
213000427,0,0,0
213000428,0,0,0
213000429,0,0,0
213000430,0,0,0
213000431,0,0,0
213000432,0,0,0
213000433,0,0,0
213000434,0,0,0
213000435,0,0,0
213000436,0,0,0
213000437,0,0,0
213000438,0,0,0
213000439,0,0,0
213000440,0,0,0
213000441,0,0,0
213000442,0,0,0
213000443,0,0,0
213000444,0,0,0
213000445,0,0,0
213000446,0,0,0
213000447,0,0,0
213000448,0,0,0
213000449,0,0,0
213000450,0,0,0
213000451,0,0,0
213000452,0,0,0
213000453,0,0,0
213000455,22,1,21
213000456,0,0,0
213000481,4,0,4
213000482,2,0,2
213000489,47,2,45
213000491,0,0,0
213000492,57,0,57
213000493,0,0,0
213000494,206,15,191
213000495,0,0,0
213000496,688,120,568
213000497,0,0,0
213000498,0,0,0
213000499,0,0,0
213000500,235,4,231
213000501,30,4,26
213000502,30,2,28
213000503,0,0,0
213000504,0,0,0
213000505,97,1,96
213000506,0,0,0
213000507,0,0,0
213900016,0,0,0
213900244,62,1,61
213900245,0,0,0
218000003,0,0,0
218000004,0,0,0
218000005,0,16,-16
218000006,0,0,0
218000007,0,0,0
218000012,0,1,-1
218000013,19,52,-33
218000014,61,60,1
218000019,0,0,0
218000020,0,0,0
218000021,0,0,0
218000022,0,0,0
218000023,0,0,0
218000024,0,0,0
218000025,0,0,0
218000026,0,0,0
218000027,0,0,0
218000028,0,0,0
218000029,0,0,0
218000030,0,0,0
218000031,0,0,0
218000032,0,0,0
218000040,1,1,0
218000046,6,31,-25
218000047,0,4,-4
218000048,5,12,-7
218000049,1,13,-12
218000050,40,24,16
218000051,3,26,-23
218000052,0,1,-1
218000053,0,0,0
218000054,0,9,-9
218000055,1,3,-2
218000056,1,18,-17
218000057,0,5,-5
218000064,0,0,0
218000065,67,0,67
218000066,24,15,9
218000067,0,0,0
218000068,0,0,0
218000069,0,0,0
218000070,0,0,0
218000071,0,0,0
218000072,0,0,0
218000078,0,0,0
218000079,0,0,0
218000080,0,0,0
218000081,0,0,0
218000082,0,0,0
218000083,0,0,0
218000084,0,0,0
218000085,0,0,0
218000086,0,0,0
218000087,0,0,0
218000090,0,0,0
218000091,168,67,101
218000092,0,0,0
218000093,22,1,21
218000094,0,0,0
218000099,56,51,5
218000100,34,37,-3
218000101,7,5,2
218000102,138,4,134
218000103,16,0,16
218000104,41,0,41
218000105,0,0,0
218000106,0,0,0
218000107,0,0,0
218000108,0,0,0
218000112,0,0,0
218000117,12,9,3
218000134,0,0,0
218000135,0,0,0
218000136,0,0,0
218000137,0,0,0
218000138,0,0,0
218000139,0,0,0
218000140,0,0,0
218000141,0,0,0
218000142,0,0,0
218000143,0,0,0
218000144,0,0,0
218000145,0,0,0
218000146,0,0,0
218000151,1,11,-10
218000152,41,0,41
218000153,0,0,0
218000154,0,0,0
218000155,0,0,0
218000156,0,0,0
218000157,0,0,0
218000158,0,0,0
218000159,0,0,0
218000160,0,0,0
218000161,0,0,0
218000162,0,0,0
218000163,0,0,0
218000164,0,0,0
218000165,0,0,0
218000170,0,5,-5
218000171,46,16,30
218000172,3,6,-3
218000173,1,21,-20
218000174,16,9,7
218000176,167,6,161
218000177,397,42,355
218000178,175,23,152
218000179,372,40,332
218000180,56,1,55
218000181,133,16,117
218000187,0,0,0
218000188,0,0,0
218000189,0,0,0
218000190,0,0,0
218000191,0,0,0
218000192,0,0,0
218000193,0,0,0
218000194,0,0,0
218000195,0,0,0
218000196,0,0,0
218000197,0,0,0
218000198,0,3,-3
218000199,1,0,1
218000200,2,1,1
218000201,2,0,2
218000202,0,0,0
218000207,0,0,0
218000208,0,0,0
218000211,0,0,0
218000212,0,0,0
218000213,10,4,6
218000214,0,10,-10
218000215,5,7,-2
218000217,0,0,0
218000218,13,102,-89
218000219,1,12,-11
218000220,39,14,25
218000221,279,213,66
218000222,0,33,-33
218000223,18,136,-118
218000224,7,109,-102
218000225,151,71,80
218000226,134,16,118
218000230,0,0,0
218000232,0,0,0
218000239,25,0,25
218000240,0,0,0
218000241,1,0,1
218000242,16,0,16
218000243,0,0,0
218000244,0,0,0
218000245,0,0,0
218000246,0,0,0
218000247,0,0,0
218000248,0,0,0
218000249,0,0,0
218000250,0,0,0
218000251,0,0,0
218000252,0,0,0
218000253,0,0,0
218000254,0,0,0
218000255,0,0,0
218000256,0,0,0
218000267,0,0,0
218000268,0,0,0
218000269,0,0,0
218000270,0,0,0
218000271,0,0,0
218000273,97,14,83
218000274,32,3,29
218000275,0,0,0
218000276,0,0,0
218000278,0,0,0
218000279,0,0,0
218000280,0,0,0
218000281,0,0,0
218000282,54,8,46
218000284,132,45,87
218000301,0,0,0
218000302,0,0,0
218000303,0,0,0
218000316,14,23,-9
218000317,4,1,3
218000318,0,0,0
218000319,0,0,0
218000320,0,0,0
218000338,0,0,0
218000345,0,0,0
218000346,50,28,22
218000459,25,20,5
218000490,0,0,0
218000501,22,2,20
218000502,0,0,0
218000503,7,1,6
218000504,22,4,18
218000505,0,0,0
218000506,0,0,0
218000508,0,0,0
218000510,67,7,60
218000520,0,0,0
218000521,0,0,0
218000522,0,0,0
218000523,25,0,25
218000524,0,0,0
218000525,19,0,19
218000526,0,0,0
218000529,0,0,0
218000530,0,0,0
218000531,63,1,62
218000532,0,0,0
218000534,13,1,12
218000537,2,22,-20
218000538,0,0,0
218000540,0,0,0
218000543,0,0,0
218000544,0,0,0
218000545,0,0,0
218000546,0,0,0
218000547,0,0,0
218000548,0,0,0
218000549,177,2,175
218000550,0,0,0
218000551,0,0,0
218000552,85,3,82
218000553,0,0,0
218000554,0,0,0
218000555,1,2,-1
218000556,0,0,0
218000557,31,15,16
218000558,26,0,26
218000559,0,0,0
218000560,0,0,0
218000561,2,0,2
218000562,0,0,0
218000563,123,0,123
218000564,0,0,0
218000565,18,0,18
218000566,3,1,2
218000567,0,0,0
218000568,0,0,0
218000569,0,0,0
218000570,1,1,0
218000571,0,0,0
218000572,1,0,1
218000573,0,0,0
218000574,5,0,5
218000575,45,0,45
218000576,0,0,0
218000577,28,0,28
218000578,0,0,0
218000579,0,0,0
218000581,0,0,0
218000582,0,0,0
218000583,0,0,0
218000584,0,0,0
218000585,0,0,0
218000586,0,0,0
218000587,0,0,0
218000588,0,0,0
218000589,0,0,0
218000590,0,0,0
218000591,0,0,0
218000592,0,0,0
218000593,0,0,0
218000594,0,0,0
218000595,0,0,0
218000596,0,0,0
218000597,0,0,0
218000598,0,0,0
218000599,0,0,0
218000600,0,0,0
218000601,0,0,0
218000602,0,0,0
218000603,0,0,0
218000604,0,0,0
218000605,0,0,0
218000606,3,0,3
218000607,0,0,0
218000608,0,0,0
218000609,0,0,0
218000610,0,0,0
218000611,0,0,0
218000612,0,0,0
218000613,0,0,0
218000614,0,0,0
218000615,0,0,0
218000616,0,0,0
218000617,0,0,0
218000618,0,0,0
218000619,1,1,0
218000620,0,0,0
218000621,0,2,-2
218000622,0,0,0
218000623,0,0,0
218000624,0,6,-6
218000625,0,1,-1
218000626,0,0,0
218000628,32,31,1
218000631,1,4,-3
218000632,0,0,0
218000633,1,0,1
218000634,0,0,0
218000635,1,1,0
218000636,0,0,0
218000637,0,0,0
218000638,297,78,219
218000639,0,0,0
218000640,130,7,123
218000641,0,0,0
218000652,18,10,8
218000653,338,61,277
218000663,0,0,0
218000675,5,8,-3
218000676,0,0,0
218000677,0,0,0
218000680,0,0,0
218000681,48,3,45
218000691,0,0,0
218000693,161,41,120
218000703,0,0,0
218000718,0,0,0
218000719,41,23,18
218000720,0,0,0
218000721,2,0,2
218000725,0,0,0
218001214,0,0,0
218001258,46,0,46
218001329,46,10,36
218001330,0,0,0
218001351,2,0,2
218001352,0,0,0
218001353,0,1,-1
218001354,0,0,0
218001356,59,27,32
218001358,26,0,26
218001361,109,4,105
219000001,0,0,0
219000002,0,0,0
219000003,35,8,27
219000004,13,50,-37
219000017,0,0,0
219000020,116,0,116
219000022,64,1,63
219000023,38,0,38
219000029,0,0,0
219000034,22,32,-10
219000039,0,0,0
219000040,0,0,0
219000041,0,0,0
219000051,0,0,0
219000052,0,0,0
219000053,0,0,0
219000054,0,0,0
219000055,0,0,0
219000056,0,0,0
219000057,0,0,0
219000062,0,0,0
219000063,0,0,0
219000064,0,0,0
219000110,41,18,23
219000111,37,25,12
219000112,68,8,60
219000113,74,2,72
219000114,91,0,91
219000116,0,1,-1
219000117,1,0,1
219000118,5,4,1
219000123,83,0,83
219000124,9,0,9
219000125,0,0,0
219000126,0,0,0
219000127,0,0,0
219000128,0,0,0
219000129,0,0,0
219000130,0,0,0
219000131,182,278,-96
219000133,0,6,-6
219000134,5,18,-13
219000135,5,5,0
219000136,41,41,0
219000138,1,0,1
219000139,0,0,0
219000140,4,0,4
219000141,0,0,0
219000142,0,0,0
219000143,0,0,0
219000145,6,2,4
219000146,0,0,0
219000147,0,0,0
219000148,0,0,0
219000149,0,0,0
219000150,0,0,0
219000151,0,0,0
219000157,14,5,9
219000158,2,5,-3
219000161,0,0,0
219000163,17,23,-6
219000166,20,24,-4
219000167,0,0,0
219000168,23,14,9
219000174,80,8,72
219000175,0,0,0
219000176,0,0,0
219000177,0,0,0
219000178,0,0,0
219000179,0,0,0
219000180,0,0,0
219000182,20,2,18
219000183,53,2,51
219000184,14,0,14
219000185,0,0,0
219000186,51,0,51
219000187,16,0,16
219000189,0,0,0
219000190,0,0,0
219000191,0,0,0
219000192,16,14,2
219000193,0,0,0
219000195,0,0,0
219000196,0,0,0
219000198,0,0,0
219000199,0,0,0
219000200,0,0,0
219000201,0,0,0
219000203,0,0,0
219000204,0,0,0
219000205,0,0,0
219000207,0,0,0
219000209,0,0,0
219000210,0,0,0
219000213,0,0,0
219000239,0,0,0
219000240,0,0,0
219000241,0,0,0
219000242,0,0,0
219000243,0,0,0
219000244,0,0,0
219000245,0,0,0
219000246,7,37,-30
219000247,52,12,40
219000248,102,170,-68
219000249,51,37,14
219000250,36,10,26
219000251,122,85,37
219000252,179,73,106
219000253,91,4,87
219000255,4,36,-32
219000256,31,4,27
219000257,57,0,57
219000262,0,0,0
219000263,0,0,0
219000267,0,0,0
219000268,0,0,0
219000269,0,0,0
219000270,0,0,0
219000271,0,0,0
219000278,0,0,0
219000279,0,0,0
219000283,0,0,0
219000295,0,0,0
219000296,0,0,0
219000297,0,0,0
219000298,0,0,0
219000299,194,8,186
219000300,0,0,0
219000301,0,0,0
219000302,0,0,0
219000307,0,0,0
219000308,0,0,0
219000311,71,8,63
219000312,66,12,54
219000313,100,3,97
219000314,0,0,0
219000315,155,0,155
219000316,144,1,143
219000317,42,1,41
219000320,0,0,0
219000321,0,0,0
219000323,0,0,0
219000325,0,0,0
219000326,0,0,0
219000327,0,0,0
219000328,0,0,0
219000329,0,0,0
219000330,0,0,0
219000331,0,0,0
219000332,21,2,19
219000333,0,0,0
219000335,0,0,0
219000337,3,0,3
219000338,8,0,8
219000344,0,0,0
219000345,0,0,0
219000346,0,0,0
219000348,0,0,0
219000349,0,0,0
219000350,0,0,0
219000351,0,0,0
219000352,5,10,-5
219000353,5,9,-4
219000354,7,25,-18
219000355,29,5,24
219000356,39,53,-14
219000363,88,24,64
219000364,149,5,144
219000365,10,0,10
219000366,122,4,118
219000368,41,32,9
219000370,56,69,-13
219000371,0,0,0
219000382,0,0,0
219000383,0,0,0
219000385,0,0,0
219000386,0,0,0
219000387,0,0,0
219000390,0,0,0
219000391,0,0,0
219000397,0,0,0
219000398,0,0,0
219000401,0,0,0
219000402,0,0,0
219000403,0,0,0
219000404,0,0,0
219000407,0,0,0
219000409,17,44,-27
219000410,93,0,93
219000411,40,5,35
219000446,0,0,0
219000447,0,0,0
219000448,22,1,21
219000452,0,0,0
219000453,0,0,0
219000454,14,2,12
219000556,55,16,39
219000558,0,0,0
219000590,0,0,0
219000591,17,5,12
219000592,0,0,0
219000595,0,0,0
219000635,49,1,48
219000636,0,0,0
219000657,0,1,-1
219000658,0,0,0
219000673,0,0,0
219000676,0,0,0
219000679,2,0,2
219000684,0,0,0
219000685,0,0,0
219000686,0,0,0
219000688,0,0,0
219000689,0,0,0
219000690,317,9,308
219000691,0,0,0
219000692,40,1,39
219000693,0,0,0
219000694,0,0,0
219000695,0,0,0
219000698,24,0,24
219000699,0,0,0
219000727,0,0,0
219000728,0,0,0
219000770,2,1,1
219000771,0,0,0
219000788,0,0,0
219001150,0,0,0
219001151,0,0,0
219001166,11,2,9
219001167,0,0,0
219001178,103,0,103
220000001,0,4,-4
220000002,0,0,0
220000003,0,0,0
220000004,0,0,0
220000005,0,0,0
220000006,0,0,0
220000007,0,0,0
220000008,0,0,0
220000009,0,0,0
220000010,1,0,1
220000011,2,5,-3
220000012,0,1,-1
220000014,0,0,0
220000015,0,0,0
220000017,0,0,0
220000018,0,0,0
220000019,0,0,0
220000020,6,11,-5
220000021,0,0,0
220000022,0,0,0
220000023,0,1,-1
220000024,3,0,3
220000025,6,7,-1
220000026,16,29,-13
220000027,0,4,-4
220000028,0,3,-3
220000029,0,0,0
220000030,0,0,0
220000031,13,32,-19
220000064,0,0,0
221000046,21,0,21
221000047,0,0,0
221000048,0,0,0
221000049,0,0,0
221000050,28,0,28
221000055,36,0,36
221000057,158,12,146
221000068,379,50,329
221000069,232,32,200
221000070,141,27,114
221000071,91,2,89
221000072,194,2,192
221000073,94,10,84
221000074,0,0,0
221000075,0,0,0
221000076,0,0,0
221000077,0,0,0
221000081,12,0,12
221000082,15,0,15
221000083,26,0,26
221000084,7,1,6
221000085,4,0,4
221000086,0,0,0
221000087,0,0,0
221000088,0,0,0
221000089,0,0,0
221000090,0,0,0
221000098,136,17,119
221000099,80,2,78
221000100,75,1,74
221000101,172,3,169
221000102,74,0,74
221000109,0,0,0
221000110,0,0,0
221000111,0,0,0
221000112,0,0,0
221000113,0,0,0
221000114,0,0,0
221000120,0,0,0
221000121,0,18,-18
221000122,2,11,-9
221000123,0,0,0
221000124,0,0,0
221000155,52,12,40
221000156,0,2,-2
221000175,0,0,0
221000176,0,0,0
221000182,18,0,18
221000241,756,43,713
221000242,0,0,0
221000243,356,21,335
221000244,0,0,0
221000245,270,16,254
221000246,0,0,0
221000247,269,24,245
221000248,0,0,0
221000267,0,0,0
221000325,0,0,0
221000331,0,0,0
221000338,1,19,-18
221000378,125,8,117
221000381,0,0,0
222000282,0,0,0
222000296,0,0,0
222000568,83,3,80
222000569,107,14,93
222000570,77,1,76
222000571,325,11,314
222000577,0,0,0
222000578,0,0,0
222000579,0,0,0
222000580,0,0,0
222000599,0,0,0
222000600,0,0,0
222000601,0,0,0
222000603,0,0,0
222000604,0,0,0
222000605,0,0,0
222000606,0,0,0
222000607,0,0,0
222000608,0,0,0
222000609,0,0,0
222000616,64,0,64
222000617,0,1,-1
222000618,0,0,0
222000620,0,0,0
222000621,36,2,34
222000623,255,0,255
222000624,298,0,298
222000625,275,1,274
222000636,14,0,14
222000686,1,0,1
222000687,3,0,3
222001066,154,0,154
222001067,48,0,48
222001068,64,0,64
222001069,15,0,15
222001082,0,0,0
222001083,0,0,0
222001084,0,0,0
222001085,0,0,0
222001111,0,0,0
222001112,60,12,48
222001313,2,0,2
222001314,0,0,0
222001464,4,4,0
222001465,0,0,0
222001484,47,0,47
222001485,0,0,0
222001494,94,12,82
222001495,0,0,0
222001496,118,1,117
222001497,0,0,0
222001502,0,0,0
222001503,64,4,60
222001504,0,0,0
222001505,221,1,220
222001506,0,0,0
222001507,136,0,136
222001510,280,6,274
222001511,0,0,0
222001514,296,12,284
222001515,0,0,0
222001518,121,3,118
222001519,0,0,0
222001527,14,0,14
222001528,0,0,0
222001529,120,2,118
222001530,0,0,0
222001533,0,0,0
222001534,372,6,366
222001535,43,13,30
222001536,0,0,0
222001537,45,13,32
222001538,0,0,0
222001563,352,4,348
222001564,0,0,0
222001568,29,6,23
222001576,0,0,0
222001579,0,0,0
222001583,0,0,0
222001584,23,0,23
222001596,0,0,0
222001597,228,64,164
222001626,0,0,0
222001650,1,12,-11
222001651,2,0,2
222001914,27,7,20
222001915,0,0,0
222001968,92,17,75
222001969,0,0,0
222001970,51,0,51
222001971,17,0,17
222001972,0,0,0
225000001,116,22,94
225000002,255,25,230
225000003,131,5,126
225000004,157,26,131
225000005,73,8,65
225000006,0,0,0
225000007,0,0,0
225000010,18,0,18
225000011,48,229,-181
225000012,107,113,-6
225000013,83,22,61
225000014,141,17,124
225000015,0,0,0
225000021,170,15,155
225000027,0,0,0
225000032,205,61,144
225000042,0,0,0
225000049,0,0,0
225000050,12,1,11
225000053,0,0,0
225000058,215,44,171
225000067,0,0,0
225000068,0,0,0
225000069,0,0,0
225000070,0,0,0
225000071,0,0,0
225000075,0,0,0
225000076,0,0,0
225000078,2,13,-11
225000085,2,24,-22
225000086,21,1,20
225000087,49,3,46
225000088,0,0,0
225000089,0,0,0
225000090,0,0,0
225000091,0,0,0
225000092,0,0,0
225000093,0,0,0
225000094,0,0,0
225000095,0,0,0
225000096,0,0,0
225000098,216,75,141
225000099,262,17,245
225000100,74,41,33
225000104,0,0,0
225000110,0,0,0
225000111,0,0,0
225000112,0,0,0
225000113,0,0,0
225000114,0,0,0
225000115,0,0,0
225000116,119,65,54
225000117,330,301,29
225000118,444,104,340
225000119,57,6,51
225000120,185,9,176
225000121,124,6,118
225000123,925,11,914
225000125,169,47,122
225000126,232,46,186
225000127,404,116,288
225000128,318,123,195
225000132,0,0,0
225000133,0,0,0
225000134,49,82,-33
225000135,20,0,20
225000136,43,0,43
225000137,12,0,12
225000138,263,0,263
225000143,0,0,0
225000144,0,0,0
225000145,68,40,28
225000146,0,0,0
225000147,0,0,0
225000148,0,0,0
225000149,0,0,0
225000151,0,0,0
225000155,0,0,0
225000156,0,0,0
225000157,0,0,0
225000158,0,0,0
225000171,0,0,0
225000180,13,0,13
225000181,0,0,0
225000182,35,8,27
225000185,0,0,0
225000187,0,0,0
225000191,18,0,18
225000194,0,0,0
225000208,0,0,0
225000209,44,9,35
225000210,0,0,0
225000217,0,0,0
225000218,35,0,35
225000223,0,0,0
225000224,2,0,2
225000225,0,0,0
225000226,467,12,455
225000227,0,0,0
225000228,15,5,10
225000229,0,0,0
225000230,1,0,1
225000231,0,0,0
225000232,70,0,70
225000241,96,0,96
225000242,0,0,0
225000249,30,0,30
225000250,0,0,0
225000251,0,0,0
225000254,0,0,0
225000256,0,0,0
225000257,0,0,0
226000042,0,0,0
226000043,0,0,0
226000044,0,0,0
226000045,0,0,0
226000046,147,26,121
226000047,64,7,57
226000048,188,15,173
226000049,58,54,4
226000070,0,0,0
226000071,0,0,0
226000072,0,0,0
226000073,0,0,0
226000074,0,0,0
226000084,0,0,0
226000085,0,0,0
226000086,0,0,0
226000087,0,0,0
226000088,0,0,0
226000090,0,1,-1
226000091,1,0,1
226000092,0,1,-1
226000093,0,0,0
226000094,1,6,-5
226000095,0,52,-52
226000105,1,0,1
226000106,1,0,1
226000107,0,0,0
226000108,0,0,0
226000109,13,0,13
226000124,33,30,3
226000134,125,71,54
226000135,144,19,125
226000136,28,13,15
226000137,0,0,0
226000138,0,0,0
226000139,0,0,0
226000156,70,0,70
226000157,161,0,161
226000163,0,0,0
226000202,0,0,0
226000231,131,0,131
226000232,2,0,2
227000033,117,3,114
227000036,161,0,161
227000037,79,0,79
227000038,44,0,44
227000084,0,0,0
227000085,0,0,0
227000088,16,0,16
227000089,1,0,1
227000090,1,0,1
227000091,0,0,0
227000092,1,0,1
227000093,3,1,2
227000094,0,0,0
227000130,0,0,0
227000131,0,0,0
227000132,0,0,0
227000133,0,0,0
227000134,0,0,0
227000152,0,0,0
227000153,0,0,0
227000154,0,0,0
227000155,0,0,0
227000156,0,0,0
227000165,0,0,0
227000196,41,0,41
227000199,152,6,146
227000230,0,0,0
227000232,83,8,75
227000242,0,0,0
227000243,166,8,158
227000245,0,0,0
227000246,0,0,0
227000247,150,2,148
227000248,7,2,5
227000249,0,0,0
227000250,26,87,-61
227000251,0,0,0
227000252,0,0,0
227000253,78,3,75
227000262,246,3,243
227000266,254,2,252
227000267,0,0,0
227000282,0,0,0
227000284,184,0,184
227000286,0,0,0
227000287,0,0,0
227000291,0,0,0
227000296,16,1,15
227000484,192,2,190
227000485,0,0,0
227000655,32,1,31
227000656,117,4,113
227000657,11,0,11
227000661,51,4,47
229000265,27,0,27
229000296,0,0,0
229000297,0,0,0
229000298,0,0,0
229000320,0,0,0
229000321,1,0,1
229000412,0,0,0
229000414,0,0,0
229000415,0,0,0
229000416,0,0,0
229000417,0,0,0
229000419,0,1,-1
229000440,35,4,31
229000442,3,3,0
229000443,3,0,3
229000444,0,0,0
229000445,0,0,0
229000446,19,1,18
229000491,0,0,0
229000492,0,0,0
229000493,0,0,0
229000494,0,0,0
229000495,0,0,0
229000496,0,0,0
229000507,0,0,0
229000508,0,0,0
229000509,0,0,0
229000510,0,0,0
229000511,0,0,0
229000512,0,0,0
229000513,0,0,0
229000514,0,0,0
229000517,0,0,0
229000518,0,0,0
229000519,0,0,0
229000520,0,0,0
229000521,0,0,0
229000522,0,0,0
229000523,0,0,0
229000524,0,0,0
229000527,0,0,0
229000528,0,0,0
229000529,0,0,0
229000530,0,0,0
229000531,0,1,-1
229000532,0,0,0
229000533,12,3,9
229000534,3,6,-3
229000564,60,4,56
229000565,17,1,16
229000566,0,0,0
229000567,0,0,0
229000582,43,9,34
229000583,2,20,-18
229000584,0,0,0
229000585,0,0,0
229000718,0,0,0
229000719,0,0,0
229000720,0,0,0
229000721,0,0,0
229000722,0,0,0
229000723,0,0,0
229000724,0,0,0
229000725,0,0,0
229000738,4,0,4
229000739,0,0,0
229000740,3,0,3
229000741,44,0,44
229000742,48,0,48
229000743,18,0,18
229000744,5,0,5
229000745,0,0,0
229000746,20,0,20
229000847,0,0,0
229000848,0,0,0
229000849,0,0,0
229000851,0,0,0
229000854,0,0,0
229000856,0,0,0
229000857,0,0,0
229000858,0,0,0
229000919,0,0,0
229000930,0,0,0
229000937,119,0,119
229000966,19,1,18
229000981,0,0,0
229000985,0,0,0
229000986,0,0,0
229000987,0,0,0
229000988,0,0,0
229000989,0,0,0
229000990,0,0,0
229000991,0,0,0
229000992,20,1,19
229000993,17,1,16
229000998,0,0,0
229000999,1,0,1
229001034,0,0,0
229001035,0,0,0
229001037,9,0,9
229001042,0,0,0
229001047,0,0,0
229001050,25,0,25
229001168,0,0,0
229001200,0,0,0
229001338,0,0,0
229001394,130,1,129
229001422,97,2,95
229001423,0,0,0
229001431,63,11,52
229001432,0,0,0
229001444,76,2,74
229001445,0,2,-2
229001479,0,0,0
229001503,140,12,128
229001504,0,0,0
229001505,115,2,113
229001506,0,0,0
229001509,2,0,2
229001545,44,0,44
229001546,0,0,0
229001553,29,2,27
229001554,0,0,0
229001630,9,0,9
229001631,0,0,0
229001635,0,0,0
229001636,0,0,0
229001658,0,0,0
229001659,69,0,69
229001660,0,0,0
229001661,0,0,0
229001662,14,1,13
229001663,0,0,0
229002584,16,6,10
229002831,0,0,0
229002841,0,0,0
229002842,0,1,-1
229002843,4,1,3
229002844,0,1,-1
229002845,0,1,-1
229002846,2,1,1
229002847,0,0,0
229002848,0,0,0
229002849,0,3,-3
229002850,22,0,22
229002851,0,0,0
229002852,14,0,14
229002853,17,0,17
229002854,1,0,1
229002855,0,0,0
229002856,15,0,15
229002857,0,0,0
229002858,1,0,1
229002859,0,0,0
229002860,2,1,1
229002861,4,13,-9
229002862,0,0,0
229002863,0,0,0
229002864,1,1,0
229002865,0,0,0
229002866,2,1,1
229002867,0,0,0
229002868,15,0,15
229002869,0,0,0
229002870,10,1,9
235000066,238,2,236
235000067,140,10,130
235000072,0,0,0
235000073,0,0,0
235000074,0,0,0
235000080,0,0,0
235000081,0,0,0
235000082,130,3,127
235000083,125,8,117
235000084,33,7,26
235000085,348,9,339
235000089,54,1,53
235000092,0,0,0
235000093,0,0,0
235000097,1,0,1
235000098,132,0,132
235000099,11,1,10
235000116,24,0,24
235000117,86,0,86
235000133,0,0,0
235000134,0,0,0
235000206,0,5,-5
235000207,0,1,-1
235000208,0,0,0
235000209,1,0,1
235000210,1,1,0
235000212,0,0,0
235000213,0,0,0
235000220,0,0,0
235000221,0,0,0
235000238,12,167,-155
235000239,0,1,-1
235000242,27,455,-428
235000245,0,0,0
235000246,0,0,0
235000284,0,0,0
235000295,44,2,42
235000305,96,28,68
235000306,65,0,65
235000307,29,0,29
235000308,3,0,3
235000309,2,0,2
235000310,0,0,0
235000311,8,0,8
235000322,0,0,0
235000323,0,0,0
235000324,0,0,0
235000325,0,0,0
235000326,0,0,0
235000351,0,0,0
235000352,0,0,0
235000353,0,0,0
235000354,0,0,0
235000355,0,0,0
235000356,3,0,3
235000357,13,0,13
235000358,6,3,3
235000359,1,0,1
235000360,6,0,6
235000361,10,0,10
235000381,0,0,0
235000382,56,3,53
235000390,2,0,2
235000391,171,4,167
235000392,243,20,223
235000393,137,18,119
235000395,90,8,82
235000396,412,7,405
235000400,7,4,3
235000401,0,0,0
235000405,0,0,0
235000406,0,0,0
235000407,0,0,0
235000409,0,0,0
235000410,0,0,0
235000411,0,0,0
235000485,0,0,0
235000486,49,0,49
235000549,73,12,61
235000550,0,0,0
235000599,0,0,0
235000600,0,0,0
235000601,3,0,3
235000602,69,2,67
235000614,0,0,0
235000648,0,0,0
235000649,60,0,60
235000685,0,0,0
235000815,0,0,0
235000834,0,0,0
235000855,53,11,42
235000862,0,0,0
235000891,0,0,0
235000892,0,0,0
235000901,0,0,0
235000907,0,0,0
235001010,41,9,32
235001029,0,0,0
235001030,297,10,287
235001078,79,22,57
235001079,0,0,0
235001147,0,5,-5
235001166,12,4,8
235001167,0,0,0
235001169,0,0,0
235001188,0,0,0
235001189,0,0,0
235001197,0,0,0
235001200,0,0,0
235001207,87,8,79
235001210,0,0,0
235001215,0,0,0
235001239,0,0,0
235001244,1,0,1
235016267,0,0,0
277101746,0,0,0
277102712,2,0,2
277103813,0,0,0
277103814,0,0,0
277103898,0,0,0
277104249,0,0,0
277104250,0,0,0
277104251,0,0,0
277104252,0,0,0
990011530,0,0,0
990014944,0,0,0
990015176,10,0,10
990015618,0,0,0
990016032,0,0,0
990032570,0,1,-1
990070001,102,45,57
990070103,0,0,0
990070601,0,0,0
990070751,0,0,0
990070766,0,0,0
990071180,558,5,553
990071343,7,0,7
990071387,0,0,0
990071823,64,0,64
990072600,0,0,0
990072964,0,0,0
990073285,0,0,0
990074393,0,0,0
990074870,428,2,426
990075106,241,1,240
990075746,208,4,204
990076437,1576,31,1545
990076458,0,0,0
997000007,129,0,129
997000041,0,0,0
997000058,46,0,46
997000062,81,0,81
997000069,0,0,0
997000070,0,0,0
997000100,1,0,1
997000141,0,0,0
997000198,0,0,0
998000475,0,0,0
998000736,0,0,0
998000965,0,0,0
998001031,0,0,0
998001700,0,0,0
998001899,0,0,0
998001900,18,168,-150
998003073,421,7,414
998101900,4,46,-42
998102850,0,0,0
998501927,182,1,181
998501929,461,5,456
998501930,51,0,51
998501931,119,0,119
998501932,4,0,4
998501933,409,0,409
998501937,6,2,4
998501944,4,0,4
998501970,50,6,44
998501971,0,179,-179
998501973,0,0,0
998501974,0,0,0
998501975,34,0,34
998501976,33,0,33
998501977,0,3,-3
998501978,4,0,4
998501979,0,0,0
998501980,95,11,84
998501981,114,0,114
998501982,0,0,0
998501983,0,0,0
998502006,0,0,0
998502024,0,0,0
998502032,0,2,-2
998502062,10,0,10
998502063,0,0,0
998502173,0,0,0
998502269,0,0,0
998601159,0,0,0
998601292,0,0,0
999033574,0,0,0
999800001,22,1,21
999800002,0,0,0
999800003,10,0,10
999800004,0,0,0
999800005,0,0,0
