ID,insum,outsum,diff
100000001,628,1132,-504
100000002,4790,2071,2719
100000003,7106,4707,2399
100000004,1655,1221,434
100000005,2587,5464,-2877
100000006,682,198,484
100000007,2309,990,1319
100000008,334,627,-293
100000009,699,764,-65
100000010,89,127,-38
100000011,1080,136,944
100000012,142,826,-684
100000013,291,248,43
100000014,582,343,239
100000015,2076,2487,-411
100000016,1163,1567,-404
100000017,939,920,19
100000018,1590,727,863
100000019,4940,2277,2663
100000020,2610,6749,-4139
100000021,5812,3327,2485
100000022,2101,2551,-450
100000023,6728,2416,4312
100000025,2313,1622,691
100000028,2561,1341,1220
100000029,257,463,-206
100000030,394,90,304
100000031,6567,7288,-721
100000032,2729,4289,-1560
100000033,1028,2531,-1503
100000034,627,635,-8
100000035,1724,1710,14
100000036,2664,1503,1161
100000037,876,553,323
100000038,2262,1102,1160
100000039,721,238,483
100000040,200,160,40
100000041,1461,666,795
100000042,1892,589,1303
100000043,1139,438,701
100000044,455,1042,-587
100000045,577,1776,-1199
100000046,1008,1128,-120
100000047,368,748,-380
100000048,668,712,-44
100000049,1882,2320,-438
100000051,541,1194,-653
100000053,335,9,326
100000054,708,54,654
100000055,2041,405,1636
100000056,665,537,128
100000057,2476,831,1645
100000058,1289,1444,-155
100000059,29,147,-118
100000060,390,365,25
100000061,2897,609,2288
100000062,2129,661,1468
100000063,976,279,697
100000064,1536,272,1264
100000065,511,968,-457
100000066,203,659,-456
100000067,676,839,-163
100000068,695,2086,-1391
100000069,341,1607,-1266
100000072,314,1222,-908
100000073,1260,1275,-15
100000075,753,318,435
100000076,2809,2970,-161
100000077,488,269,219
100000078,58,31,27
100000079,76,89,-13
100000080,37,81,-44
100000081,279,277,2
100000102,2787,2269,518
100000103,4606,1628,2978
100000104,5501,2955,2546
100000105,3893,2028,1865
100000106,3455,2767,688
100000107,891,1097,-206
100000108,944,1293,-349
100000109,3892,1641,2251
100000116,2120,1410,710
100000117,108,165,-57
100000118,2024,1397,627
100000119,622,845,-223
100000121,279,546,-267
100000122,996,1043,-47
100000123,3607,5179,-1572
100000124,7943,8124,-181
100000125,4727,1830,2897
100000126,1021,478,543
100000127,1745,456,1289
100000128,2418,2528,-110
100000129,502,410,92
100000130,549,571,-22
100000131,3345,3288,57
100000132,1654,3727,-2073
100000133,6897,3008,3889
100000135,738,1371,-633
100000139,599,361,238
100000140,534,413,121
100000142,573,603,-30
100000143,944,523,421
100000144,3852,1077,2775
100000147,1307,3149,-1842
100000150,61,468,-407
100000151,1487,1374,113
100000153,327,536,-209
100000154,134,274,-140
100000155,40,44,-4
100000156,651,562,89
100000157,175,170,5
100000158,446,106,340
100000159,334,586,-252
100000165,2005,1188,817
100000169,552,531,21
100000174,1211,627,584
100000179,84,549,-465
100000180,2637,1985,652
100000181,573,299,274
100000188,83,268,-185
100000189,1042,454,588
100000190,984,1011,-27
100000191,844,641,203
100000192,71,155,-84
100000193,370,216,154
100000330,1962,1131,831
100000355,269,710,-441
100000362,6455,4343,2112
100000363,4794,5333,-539
100000364,376,334,42
100000365,6810,7471,-661
100000366,8171,3780,4391
100000367,6447,6775,-328
100000368,3876,2010,1866
100000369,1448,2168,-720
100000370,279,920,-641
100000376,84,148,-64
100000379,2974,1895,1079
100000380,5704,4709,995
100000384,7218,5936,1282
100000385,6092,5364,728
100000386,11202,5975,5227
100000387,7290,7115,175
100000388,10066,8134,1932
100000389,10557,7991,2566
100000390,12726,8068,4658
100000391,9387,10466,-1079
100000392,5011,5015,-4
100000393,3777,5874,-2097
100000394,11520,10498,1022
100000395,7932,4768,3164
100000396,10246,4682,5564
100000397,7013,7538,-525
100000398,13416,9859,3557
100900002,10,41,-31
100900003,437,202,235
100900004,45,806,-761
100900005,175,18,157
100900006,40,151,-111
100900007,637,8,629
100900008,0,402,-402
100900009,78,185,-107
100900010,115,114,1
100900011,141,216,-75
100900012,0,225,-225
100900013,905,14,891
100900014,3,26,-23
100900015,111,121,-10
100900016,2,38,-36
100900017,1062,141,921
100900018,1,35,-34
100900019,45,164,-119
100900020,409,12,397
100900021,509,0,509
100900022,25,44,-19
100900023,0,63,-63
100900024,929,7,922
100900025,12,21,-9
100900026,105,144,-39
100900027,664,3395,-2731
100900028,153,216,-63
100900029,80,20,60
100900030,1,86,-85
100900031,724,98,626
100900032,293,1,292
100900033,375,252,123
100900034,469,4,465
100900035,588,1,587
100900036,22,1,21
100900037,101,206,-105
100900038,151,66,85
100900039,231,485,-254
100900040,510,846,-336
100900041,1013,679,334
100900042,2145,1163,982
100900043,0,19,-19
100900044,2585,601,1984
100900045,28,0,28
100900046,1328,25,1303
100900047,923,327,596
100900048,226,71,155
100900049,81,203,-122
100900050,6,21,-15
100900051,127,105,22
100900052,508,69,439
100900053,446,16,430
100900054,13,74,-61
100900055,346,686,-340
100900056,255,273,-18
100900057,1367,1623,-256
100900058,325,82,243
100900059,118,5,113
100900060,166,11,155
100900061,377,273,104
100900062,8,58,-50
100900063,293,644,-351
100900064,913,61,852
100900065,163,132,31
100900066,107,221,-114
100900067,1,21,-20
100900068,122,82,40
100900069,628,7,621
100900070,417,9,408
100900071,993,389,604
100900072,2,44,-42
100900073,151,555,-404
100900074,1,10,-9
100900075,1959,458,1501
100900076,38,67,-29
100900077,28,123,-95
100900078,134,352,-218
100900079,17,28,-11
100900080,37,247,-210
100900081,49,164,-115
100900082,148,515,-367
100900083,8,30,-22
100900085,13,267,-254
100900086,165,857,-692
100900088,119,587,-468
100900089,5,14,-9
100900090,118,496,-378
100900091,4,38,-34
100900092,333,241,92
100900093,250,260,-10
100900094,176,537,-361
100900095,6,44,-38
100900096,45,128,-83
100900097,2,11,-9
100900098,19,13,6
100900099,37,692,-655
100900100,11,616,-605
100900101,408,68,340
100900102,128,169,-41
100900103,16,29,-13
100900104,12,200,-188
100900105,51,492,-441
100900106,64,13,51
100900107,2039,910,1129
100900108,8,75,-67
100900109,18,43,-25
100900110,7,51,-44
100900111,82,222,-140
100900112,9,11,-2
100900113,11,26,-15
100900114,13,19,-6
100900115,5,42,-37
100900116,943,830,113
100900117,410,915,-505
100900118,226,191,35
100900119,19,40,-21
100900120,10,15,-5
100900121,413,588,-175
100900122,161,273,-112
100900123,101,190,-89
100900124,16,9,7
100900125,14,100,-86
100900126,159,237,-78
100900127,9,10,-1
100900128,113,145,-32
100900129,1,196,-195
100900131,92,330,-238
100900133,89,84,5
100900134,5,3,2
100900135,0,183,-183
100900137,402,228,174
100900138,554,566,-12
100900139,1,1,0
100900140,5,552,-547
100900141,6,497,-491
100900142,1,18,-17
100900143,1116,511,605
100900144,22,3,19
100900145,73,197,-124
100900146,2,78,-76
100900147,11,487,-476
100900148,47,648,-601
100900149,15,215,-200
100900150,8,47,-39
100900151,153,562,-409
100900152,153,7,146
100900153,4,206,-202
100900154,23,105,-82
100900155,18,20,-2
100900156,56,7,49
100900157,7,192,-185
100900158,610,237,373
100900159,14,69,-55
100900160,21,10,11
100900161,114,9,105
100900162,31,499,-468
100900163,277,269,8
100900164,46,33,13
100900165,16,49,-33
100900166,28,4,24
100900167,14,76,-62
100900168,29,199,-170
100900169,213,1031,-818
100900170,31,9,22
100900171,28,623,-595
100900172,1,8,-7
100900173,5,478,-473
100900174,710,57,653
100900176,1718,267,1451
100900177,737,430,307
100900178,242,176,66
100900179,190,432,-242
100900180,9,7,2
100900181,144,101,43
100900182,51,60,-9
100900184,11,174,-163
100900186,782,510,272
100900187,23,100,-77
100900188,49,15,34
100900189,1240,262,978
100900191,1451,1283,168
100900192,364,394,-30
100900195,135,162,-27
100900197,28,101,-73
100900198,46,220,-174
100900199,40,23,17
100900200,748,538,210
100900201,97,877,-780
100900202,86,1,85
100900203,0,104,-104
100900204,482,644,-162
100900205,268,591,-323
100900206,164,61,103
100900207,284,139,145
100900210,55,619,-564
100900211,541,262,279
100900213,145,44,101
100900214,960,109,851
100900215,20,52,-32
101000001,4747,2631,2116
101000002,6258,5780,478
101000003,690,1908,-1218
101000004,10185,8142,2043
101000005,5137,5359,-222
101000006,9017,7523,1494
101000007,3926,4857,-931
101000008,4108,3443,665
101000009,2398,1737,661
101000010,984,1229,-245
101000011,1834,743,1091
101000012,1926,1002,924
101000013,728,1227,-499
101000014,543,835,-292
101000015,1337,1121,216
101000016,471,560,-89
101000017,725,586,139
101000018,4784,3141,1643
101000020,3405,1444,1961
101000021,1014,492,522
101000022,419,159,260
101000023,1793,813,980
101000025,261,465,-204
101000026,297,39,258
101000027,2527,2698,-171
101000028,40,87,-47
101000029,490,2084,-1594
101000030,2538,182,2356
101000031,1463,980,483
101000032,12297,5684,6613
101000033,3011,3786,-775
101000034,2819,1838,981
101000035,1247,619,628
101000036,2348,1045,1303
101000037,4154,2141,2013
101000039,3504,2956,548
101000040,4517,3940,577
101000041,15403,10244,5159
101000042,957,1721,-764
101000043,10393,9423,970
101000045,2157,1204,953
101000046,5498,2060,3438
101000047,3157,4329,-1172
101000048,950,911,39
101000049,995,2236,-1241
101000050,3098,3068,30
101000051,2929,3480,-551
101000052,1735,1263,472
101000053,1409,1673,-264
101000054,2555,1570,985
101000055,1684,1556,128
101000056,43,115,-72
101000057,3107,1317,1790
101000058,1655,1585,70
101000059,3070,2363,707
101000060,2071,733,1338
101000061,1169,1505,-336
101000062,1082,758,324
101000063,724,1072,-348
101000064,1344,1130,214
101000065,502,464,38
101000066,1611,1018,593
101000067,1923,1164,759
101000068,474,660,-186
101000069,485,172,313
101000070,1683,1309,374
101000071,2287,1039,1248
101000072,1172,3710,-2538
101000073,1163,1217,-54
101000074,8659,4319,4340
101000075,6714,6202,512
101000077,1939,1291,648
101000078,1445,2568,-1123
101000079,955,424,531
101000080,726,641,85
101000081,2268,1866,402
101000082,4283,3953,330
101000083,2920,2626,294
101000084,1816,1004,812
101000085,1807,1369,438
101000086,1285,1243,42
101000087,989,1172,-183
101000088,1409,1442,-33
101000089,1273,1959,-686
101000090,2322,1448,874
101000091,498,1040,-542
101000092,1044,1162,-118
101000093,1739,1052,687
101000094,1141,1155,-14
101000095,528,782,-254
101000096,412,683,-271
101000097,494,437,57
101000098,403,613,-210
101000099,1318,1159,159
101000100,1113,1034,79
101000101,344,472,-128
101000102,1145,563,582
101000103,1183,688,495
101000104,572,693,-121
101000105,465,345,120
101000106,865,709,156
101000107,290,376,-86
101000108,990,376,614
101000109,425,94,331
101000110,48,598,-550
101000111,166,334,-168
101000113,264,767,-503
101000114,10963,7524,3439
101000115,122,115,7
101000116,161,130,31
101000117,1497,321,1176
101000119,101,72,29
101000120,172,47,125
101000121,87,76,11
101000122,209,172,37
101000123,118,165,-47
101000124,801,306,495
101000125,289,625,-336
101000128,746,522,224
101000130,347,410,-63
101000131,748,627,121
101000132,698,1135,-437
101000135,68,38,30
101000136,640,208,432
101000137,63,425,-362
101000141,2027,3518,-1491
101000147,862,485,377
101000148,1371,42,1329
101000149,94,216,-122
101000150,97,748,-651
101000151,225,61,164
101000152,352,379,-27
101000153,460,403,57
101000154,240,1164,-924
101000155,367,177,190
101000156,28,334,-306
101000157,60,43,17
101000160,68,62,6
101000163,378,361,17
101000164,488,389,99
101000165,302,413,-111
101000166,419,507,-88
101000168,1028,413,615
101000252,2040,1071,969
101000254,620,142,478
101000258,48,14,34
101000261,193,58,135
101000262,1393,2326,-933
101000263,586,1598,-1012
101000265,134,1027,-893
101000266,367,370,-3
101000269,46,15,31
101000290,1859,3046,-1187
101000293,42,91,-49
101000294,811,510,301
101000295,134,616,-482
101000301,928,605,323
101000304,2188,2742,-554
101000305,3283,1812,1471
101900001,22,76,-54
101900002,0,17,-17
101900003,86,107,-21
101900004,9,83,-74
101900005,4599,2521,2078
101900006,1237,67,1170
101900007,928,348,580
101900008,88,380,-292
101900009,110,582,-472
101900010,983,830,153
101900011,366,1629,-1263
101900012,356,467,-111
101900013,1204,218,986
101900017,22,151,-129
101900018,691,149,542
101900019,298,164,134
101900020,812,188,624
101900021,3,66,-63
101900022,109,1046,-937
101900023,110,321,-211
102000001,2732,4864,-2132
102000002,3017,1094,1923
102000003,4104,8264,-4160
102000004,8479,3744,4735
102000005,1535,2342,-807
102000006,1656,2252,-596
102000007,2120,4949,-2829
102000008,4886,1813,3073
102000009,7296,8559,-1263
102000010,6508,3902,2606
102000011,3688,3213,475
102000012,3810,3668,142
102000018,3781,2946,835
102000019,2671,2081,590
102000026,257,565,-308
102000029,387,290,97
102000030,120,398,-278
102000031,74,194,-120
102000032,481,311,170
102000033,270,454,-184
102000034,640,467,173
102000035,1252,783,469
102000036,14,284,-270
102000037,213,61,152
102000038,226,399,-173
102000039,313,84,229
102000040,580,314,266
102000041,239,389,-150
102000042,317,351,-34
102000043,554,242,312
102000044,395,498,-103
102000045,1052,1095,-43
102000046,1320,789,531
102000047,1040,1287,-247
102000048,476,915,-439
102000049,1325,879,446
102000050,1341,1614,-273
102000051,496,818,-322
102000052,1540,1085,455
102000053,1000,1164,-164
102000054,653,1131,-478
102000055,1250,620,630
102000056,784,1320,-536
102000057,1618,690,928
102000058,1437,1675,-238
102000059,1618,1661,-43
102000060,1334,1097,237
102000061,1816,2241,-425
102000062,1781,1057,724
102000063,1315,1487,-172
102000064,523,698,-175
102000065,41,142,-101
102000066,991,903,88
102000067,2733,3306,-573
102000068,9010,2853,6157
102000069,86,1471,-1385
102000070,1823,89,1734
102000071,7156,9149,-1993
102000072,3791,4557,-766
102000073,1739,1200,539
102000074,1004,1349,-345
102000075,157,311,-154
102000076,177,487,-310
102000077,740,973,-233
102000078,961,1023,-62
102000079,161,300,-139
102000080,313,251,62
102000081,428,825,-397
102000082,794,362,432
102000083,581,397,184
102000084,322,305,17
102000085,1877,1146,731
102000086,1244,1318,-74
102000087,1032,1917,-885
102000088,347,418,-71
102000089,1288,514,774
102000090,805,1338,-533
102000091,1591,718,873
102000092,472,836,-364
102000093,501,679,-178
102000094,1219,751,468
102000095,1343,1444,-101
102000096,1136,994,142
102000097,1198,1196,2
102000098,685,1024,-339
102000099,939,854,85
102000100,867,1261,-394
102000101,1187,827,360
102000102,605,1409,-804
102000103,1426,510,916
102000104,740,436,304
102000105,318,538,-220
102000106,1050,708,342
102000107,1299,622,677
102000108,732,255,477
102000109,531,611,-80
102000110,1100,1348,-248
102000111,19,233,-214
102000112,171,138,33
102000113,9,31,-22
102000114,745,452,293
102000115,218,320,-102
102000116,561,423,138
102000117,359,579,-220
102000118,1592,1276,316
102000119,2072,787,1285
102000120,204,549,-345
102000121,1356,666,690
102000122,946,952,-6
102000123,1656,1514,142
102000124,1956,1272,684
102000125,1187,1183,4
102000126,1076,872,204
102000127,1581,899,682
102000128,842,1219,-377
102000129,1808,942,866
102000130,790,1006,-216
102000131,3006,1129,1877
102000132,1110,1299,-189
102000133,2122,2097,25
102000134,666,851,-185
102000135,808,877,-69
102000136,1057,697,360
102000137,1120,954,166
102000138,368,505,-137
102000139,183,504,-321
102000140,364,445,-81
102000141,567,757,-190
102000142,395,399,-4
102000143,144,382,-238
102000144,340,408,-68
102000145,441,505,-64
102000146,568,374,194
102000147,742,508,234
102000148,222,492,-270
102000149,191,600,-409
102000150,446,162,284
102000151,91,415,-324
102000152,225,169,56
102000153,1282,589,693
102000154,336,837,-501
102000155,140,404,-264
102000156,425,172,253
102000157,182,484,-302
102000158,436,319,117
102000159,1318,546,772
102000161,4385,2502,1883
102000162,258,214,44
102000163,98,684,-586
102000164,1143,1290,-147
102000165,272,199,73
102000166,64,165,-101
102000167,265,281,-16
102000168,379,168,211
102000169,137,478,-341
102000170,628,255,373
102000171,450,291,159
102000172,456,509,-53
102000173,489,326,163
102000174,54,81,-27
102000175,207,132,75
102000176,68,55,13
102000178,246,461,-215
102000179,297,237,60
102000180,899,602,297
102000181,772,696,76
102000182,595,540,55
102000183,1665,2029,-364
102000184,2072,1006,1066
102000185,2769,1582,1187
102000186,1308,2289,-981
102000187,814,1784,-970
102000188,940,1419,-479
102000189,2818,953,1865
102000190,801,2763,-1962
102000191,1534,554,980
102000192,955,1370,-415
102000193,84,210,-126
102000194,60,165,-105
102000195,457,542,-85
102000196,237,434,-197
102000197,726,569,157
102000198,217,840,-623
102000199,940,455,485
102000200,343,1135,-792
102000201,1081,508,573
102000202,2,138,-136
102000203,420,307,113
102000204,553,813,-260
102000205,1285,511,774
102000206,796,758,38
102000207,773,527,246
102000208,405,559,-154
102000209,62,75,-13
102000210,329,426,-97
102000211,598,407,191
102000212,341,12,329
102000213,2,378,-376
102000214,301,19,282
102000215,9,428,-419
102000216,62,72,-10
102000217,12,143,-131
102000218,381,181,200
102000219,501,326,175
102000225,711,640,71
102000226,4915,1296,3619
102000227,219,2,217
102000228,0,114,-114
102000229,43,51,-8
102000230,266,507,-241
102000231,380,552,-172
102000232,43,139,-96
102000233,558,819,-261
102000234,132,1229,-1097
102000236,352,56,296
102000237,469,168,301
102000238,172,300,-128
102000240,559,643,-84
102000241,261,140,121
102000243,31,78,-47
102000245,13,96,-83
102000246,19,54,-35
102000247,313,745,-432
102000248,187,480,-293
102000249,156,160,-4
102000250,79,426,-347
102000254,92,331,-239
102000266,48,378,-330
102000271,26,0,26
102000286,530,379,151
102000297,2109,1194,915
102000300,0,0,0
102000301,0,0,0
102000305,0,0,0
102000306,0,0,0
102000307,0,3,-3
102000308,0,1,-1
102900001,1571,942,629
102900002,428,51,377
102900003,85,203,-118
102900005,464,317,147
102900006,569,192,377
102900007,641,42,599
102900008,235,61,174
102900009,827,321,506
102900010,671,746,-75
102900011,2036,427,1609
102900012,386,104,282
102900013,26,84,-58
102900015,851,638,213
102900016,50,137,-87
102900017,216,626,-410
102900018,24,107,-83
102900019,640,566,74
102900020,200,60,140
102900021,28,85,-57
102900022,742,243,499
102900023,24,46,-22
102900024,69,63,6
102900025,225,110,115
102900026,558,1949,-1391
102900027,90,80,10
102900028,206,802,-596
102900029,224,230,-6
102900030,528,401,127
102900031,232,183,49
102900032,109,131,-22
102900033,129,229,-100
102900034,613,113,500
102900035,174,411,-237
102900036,420,569,-149
102900037,293,654,-361
102900038,546,656,-110
102900039,34,541,-507
102900040,200,280,-80
102900041,81,193,-112
102900042,255,266,-11
102900043,200,262,-62
102900044,602,2090,-1488
102900045,125,643,-518
102900046,163,285,-122
102900047,125,686,-561
102900048,621,715,-94
102900049,110,420,-310
102900050,198,377,-179
102900051,259,206,53
102900052,60,51,9
102900053,525,738,-213
102900054,984,1260,-276
102900055,124,231,-107
102900056,153,522,-369
102900057,10,67,-57
102900058,303,86,217
102900059,30,60,-30
102900060,154,526,-372
102900061,221,485,-264
102900062,286,1028,-742
102900063,1202,547,655
102900064,223,482,-259
102900065,1520,787,733
102900066,384,39,345
102900068,166,93,73
102900070,297,641,-344
102900072,11,43,-32
102900073,178,14,164
102900074,353,357,-4
102900075,15,57,-42
102900076,181,143,38
102900077,59,45,14
102900078,29,88,-59
102900079,188,14,174
102900080,504,85,419
102900081,99,312,-213
102900082,14,251,-237
102900083,255,10,245
102900084,16,29,-13
102900085,466,186,280
102900086,11,68,-57
102900087,122,130,-8
102900088,37,36,1
102900089,306,162,144
102900090,4,441,-437
102900091,194,7,187
102900092,443,852,-409
102900093,285,341,-56
102900094,5,98,-93
102900095,145,3,142
102900096,77,14,63
102900097,33,189,-156
103000001,2851,2976,-125
103000002,2370,2938,-568
103000003,4068,3359,709
103000004,898,897,1
103000005,1896,2724,-828
103000006,613,1529,-916
103000007,374,730,-356
103000008,1224,908,316
103000009,1127,1286,-159
103000010,192,112,80
103000011,1920,1663,257
103000012,1785,1793,-8
103000013,4997,2253,2744
103000014,1734,2990,-1256
103000015,1939,868,1071
103000016,488,1420,-932
103000017,237,433,-196
103000018,770,450,320
103000019,351,329,22
103000020,3385,1929,1456
103000021,2241,2109,132
103000022,923,1340,-417
103000023,726,1782,-1056
103000024,134,254,-120
103000025,120,624,-504
103000026,1392,174,1218
103000027,365,554,-189
103000028,480,435,45
103000029,318,292,26
103000030,1976,1169,807
103000031,1645,1885,-240
103000032,2825,2168,657
103000033,3616,3004,612
103000034,1959,1541,418
103000035,586,1723,-1137
103000036,455,534,-79
103000037,761,674,87
103000038,740,1275,-535
103000039,461,465,-4
103000040,514,1131,-617
103000041,1911,2703,-792
103000042,1457,616,841
103000043,738,1136,-398
103000044,263,201,62
103000046,362,644,-282
103000047,665,712,-47
103000048,169,230,-61
103000049,181,202,-21
103000050,769,632,137
103000051,566,631,-65
103000052,948,435,513
103000053,192,647,-455
103000054,3193,1851,1342
103000055,2283,2997,-714
103000056,737,1937,-1200
103000057,640,352,288
103000058,720,1116,-396
103000059,491,1023,-532
103000060,977,699,278
103000061,390,1166,-776
103000062,1370,607,763
103000063,814,1169,-355
103000064,167,250,-83
103000065,11,471,-460
103000066,194,14,180
103000069,387,479,-92
103000070,1344,927,417
103000071,1255,659,596
103000072,140,961,-821
103000073,668,128,540
103000074,756,103,653
103000075,168,882,-714
103000076,444,333,111
103000077,30,436,-406
103000078,1100,680,420
103000079,964,585,379
103000080,1236,444,792
103000081,624,1103,-479
103000082,507,276,231
103000083,162,374,-212
103000084,163,9,154
103000085,4,97,-93
103000086,739,422,317
103000087,183,649,-466
103000088,326,421,-95
103000089,292,412,-120
103000090,2080,841,1239
103000091,739,493,246
103000092,244,361,-117
103000093,304,482,-178
103000094,254,148,106
103000095,108,428,-320
103000096,784,117,667
103000097,98,837,-739
103000098,1157,260,897
103000099,400,811,-411
103000100,132,819,-687
103000101,957,168,789
103000102,150,737,-587
103000103,770,240,530
103000104,75,132,-57
103000105,142,101,41
103000106,8,107,-99
103000107,320,64,256
103000108,663,598,65
103000109,404,382,22
103000110,519,407,112
103000111,559,559,0
103000112,451,228,223
103000113,970,879,91
103000114,1622,643,979
103000115,546,485,61
103000116,628,445,183
103000117,320,514,-194
103000118,981,886,95
103000119,1525,755,770
103000120,89,187,-98
103000121,217,546,-329
103000122,401,429,-28
103000125,11,319,-308
103000126,600,8,592
103000127,0,172,-172
103000128,194,2,192
103000129,0,159,-159
103000130,62,39,23
103000131,164,113,51
103000132,98,144,-46
103000133,22,109,-87
103000134,578,923,-345
103000135,710,283,427
103000136,921,458,463
103000137,639,684,-45
103000138,964,792,172
103000139,8,68,-60
103000140,143,34,109
103000141,58,175,-117
103000142,232,108,124
103000143,68,240,-172
103000144,250,99,151
103000145,86,145,-59
103000150,97,55,42
103000152,270,347,-77
103000153,241,175,66
103000156,6,331,-325
103000157,343,0,343
103000159,183,61,122
103000162,79,24,55
103000163,12,38,-26
103000164,28,12,16
103000165,129,294,-165
103000166,197,306,-109
103000167,189,98,91
103000168,126,222,-96
103000169,201,458,-257
103000170,897,428,469
103000171,31,104,-73
103000172,829,1055,-226
103000173,685,497,188
103000174,188,381,-193
103000175,331,353,-22
103000176,949,702,247
103000177,661,519,142
103000178,371,395,-24
103000179,390,57,333
103000183,133,32,101
103000185,95,66,29
103000186,199,187,12
103000187,575,444,131
103000188,16,88,-72
103000189,869,879,-10
103000191,724,640,84
103000292,1941,1789,152
103000293,1108,2414,-1306
103000295,110,110,0
103000296,361,12,349
103000297,93,41,52
103000504,219,14,205
103000505,17,15,2
103000506,2,269,-267
103000507,237,5,232
103000508,70,92,-22
103000509,293,652,-359
103900001,2,203,-201
103900002,1579,241,1338
103900003,1783,174,1609
103900004,178,2,176
103900005,4,275,-271
103900006,1,0,1
103900007,21,70,-49
103900008,27,1,26
103900009,287,694,-407
103900010,120,501,-381
103900011,349,213,136
103900012,15,14,1
103900013,88,89,-1
103900014,73,14,59
103900015,71,16,55
103900016,319,241,78
103900017,33,85,-52
103900018,709,209,500
103900019,110,341,-231
103900020,263,568,-305
103900021,529,36,493
103900022,1110,849,261
103900023,177,1,176
103900024,94,474,-380
103900025,26,49,-23
103900026,6,0,6
103900027,829,330,499
103900028,17,307,-290
103900029,1117,148,969
103900030,337,88,249
103900031,51,1,50
103900032,70,53,17
103900033,131,41,90
103900034,41,164,-123
103900035,92,54,38
103900036,56,60,-4
103900037,115,90,25
103900038,137,172,-35
103900039,84,436,-352
103900040,7,212,-205
103900041,55,60,-5
103900042,80,384,-304
103900043,191,113,78
103900044,143,244,-101
103900045,357,167,190
103900047,105,45,60
103900048,185,46,139
103900049,288,1439,-1151
103900050,20,156,-136
103900051,1,58,-57
103900052,219,441,-222
103900053,169,656,-487
103900054,109,395,-286
103900055,469,206,263
103900056,73,42,31
103900057,54,210,-156
103900058,281,761,-480
103900059,1,23,-22
103900060,80,222,-142
103900061,144,66,78
103900062,316,100,216
103900063,1,0,1
103900064,93,5,88
103900065,1167,543,624
103900066,188,26,162
103900067,197,12,185
103900068,15,0,15
103900069,73,48,25
103900070,185,198,-13
103900071,33,102,-69
103900072,17,225,-208
103900073,54,72,-18
103900074,74,91,-17
103900075,141,76,65
103900076,463,700,-237
103900077,87,110,-23
103900078,370,150,220
103900079,222,247,-25
103900080,14,41,-27
103900081,149,47,102
103900082,30,167,-137
103900083,1711,1125,586
103900084,114,225,-111
103900085,113,162,-49
103900086,713,465,248
103900087,44,122,-78
103900088,449,597,-148
103900089,63,187,-124
103900090,3,124,-121
103900091,1327,333,994
103900092,773,592,181
103900093,122,449,-327
103900094,21,142,-121
103900095,357,252,105
103900096,65,240,-175
103900097,9,581,-572
103900098,209,122,87
103900099,150,202,-52
103900100,324,400,-76
103900101,90,1265,-1175
103900102,3,42,-39
103900104,3,42,-39
103900105,88,226,-138
103900106,0,22,-22
103900107,134,242,-108
103900108,32,379,-347
103900109,101,125,-24
103900110,224,57,167
103900111,149,709,-560
103900112,127,223,-96
103900113,144,284,-140
103900114,462,318,144
103900115,356,238,118
103900116,5762,2780,2982
103900117,162,109,53
103900119,49,129,-80
103900120,22,89,-67
103900122,99,355,-256
103900123,1557,750,807
103900124,37,24,13
103900125,111,62,49
103900126,508,431,77
103900127,222,615,-393
103900128,139,171,-32
103900131,38,99,-61
103900133,1188,24,1164
103900134,1,11,-10
103900135,2,8,-6
103900137,2,28,-26
103900138,170,314,-144
103900139,213,2079,-1866
103900140,12,132,-120
103900141,307,78,229
103900142,146,122,24
103900143,101,4,97
103900144,1,43,-42
103900145,203,294,-91
103900146,345,278,67
103900147,407,156,251
103900148,226,304,-78
103900149,365,734,-369
103900150,7008,4196,2812
103900151,54,190,-136
103900152,475,675,-200
103900153,9,0,9
103900154,1195,1530,-335
103900155,54,274,-220
103900156,47,203,-156
103900157,60,221,-161
103900158,129,201,-72
103900159,192,110,82
103900160,97,59,38
103900161,128,232,-104
103900162,76,264,-188
103900163,22,515,-493
103900164,278,47,231
103900167,35,138,-103
103900168,129,122,7
103900169,80,55,25
103900170,2,148,-146
103900171,5,57,-52
103900172,5,25,-20
103900173,10,20,-10
103900174,177,74,103
103900175,44,52,-8
103900176,17,46,-29
103900177,17,113,-96
103900178,64,58,6
103900179,80,123,-43
103900180,43,119,-76
103900181,64,63,1
103900182,48,17,31
103900184,574,123,451
103900185,219,427,-208
103900187,35,81,-46
103900188,54,26,28
103900189,136,21,115
103900190,89,83,6
103900191,49,78,-29
103900192,29,128,-99
103900193,195,251,-56
103900194,107,332,-225
103900195,6,90,-84
103900196,64,64,0
103900197,22,31,-9
103900198,25,60,-35
103900199,154,69,85
103900200,186,123,63
103900201,177,230,-53
103900202,15,83,-68
103900203,65,35,30
103900204,1,110,-109
103900207,0,125,-125
103900208,122,0,122
103900209,7,132,-125
103900210,49,52,-3
103900211,691,561,130
103900212,128,503,-375
103900213,139,237,-98
103900214,296,178,118
103900215,548,310,238
103900216,25,841,-816
103900217,378,51,327
103900218,1,262,-261
103900219,110,267,-157
103900233,174,7,167
103900235,38,42,-4
103900236,13,1,12
103900242,9,5,4
103900243,5,12,-7
103900244,126,228,-102
103900245,109,214,-105
103900246,59,64,-5
103900247,21,109,-88
103900248,5,32,-27
103900249,20,36,-16
103900250,16,17,-1
103900251,3,24,-21
103900253,11,75,-64
103900254,6,25,-19
103900255,8,7,1
103900256,6,27,-21
103900257,14,77,-63
103900258,72,4,68
103900259,82,7,75
103900261,4,7,-3
103900262,7,5,2
103900263,28,42,-14
103900264,81,27,54
103900265,30,14,16
103900266,0,142,-142
103900267,13,44,-31
104000001,2298,2282,16
104000002,1777,2909,-1132
104000003,2530,2318,212
104000004,2893,3113,-220
104000005,1401,2017,-616
104000006,3148,2711,437
104000007,4469,4144,325
104000008,266,389,-123
104000009,192,116,76
104000010,168,279,-111
104000011,515,411,104
104000012,194,457,-263
104000013,209,183,26
104000014,232,763,-531
104000015,319,171,148
104000016,687,476,211
104000018,832,188,644
104000019,606,182,424
104000020,173,730,-557
104000021,215,741,-526
104000022,94,295,-201
104000023,696,379,317
104000024,253,375,-122
104000026,56,428,-372
104000027,301,345,-44
104000028,387,248,139
104000029,348,479,-131
104000030,299,227,72
104000031,1413,495,918
104000032,204,320,-116
104000033,645,613,32
104000034,437,340,97
104000035,1044,487,557
104000036,827,688,139
104000037,328,262,66
104000038,460,282,178
104000039,241,248,-7
104000040,317,385,-68
104000041,602,348,254
104000042,213,350,-137
104000043,270,415,-145
104000044,254,631,-377
104000045,1071,1194,-123
104000046,1250,1754,-504
104000047,1040,1290,-250
104000048,1248,1899,-651
104000049,534,279,255
104000050,289,670,-381
104000051,114,542,-428
104000052,1506,1738,-232
104000053,1026,556,470
104000054,640,533,107
104000055,4470,3033,1437
104000056,1453,256,1197
104000057,136,498,-362
104000058,698,656,42
104000059,582,971,-389
104000060,1242,1225,17
104000061,1358,1385,-27
104000062,434,123,311
104000064,467,319,148
104000065,333,727,-394
104000069,1008,1084,-76
104000070,104,532,-428
104000071,119,458,-339
104000072,642,190,452
104000075,132,307,-175
104000076,446,205,241
104000082,2739,3715,-976
104000083,1059,206,853
104000084,147,614,-467
104000085,277,364,-87
104000086,231,524,-293
104000087,497,2235,-1738
104000090,824,1388,-564
104000092,1384,2496,-1112
104000094,937,1880,-943
104000095,1799,1436,363
104000096,1564,230,1334
104000097,1690,1057,633
104000098,2313,1229,1084
104000100,1808,709,1099
104000101,1196,1766,-570
104000106,75,626,-551
104000107,657,447,210
104000108,270,534,-264
104000109,355,109,246
104000110,904,1383,-479
104000111,4732,2692,2040
104000112,2780,624,2156
104000116,0,1119,-1119
104000117,166,651,-485
104000118,581,272,309
104000119,643,323,320
104000120,250,778,-528
104000121,245,792,-547
104000122,684,924,-240
104000123,1001,1207,-206
104000124,1050,2537,-1487
104000125,3842,4703,-861
104000126,623,539,84
104000127,1476,3544,-2068
104000128,717,596,121
104000129,48,2,46
104000130,0,248,-248
104000131,739,528,211
104000132,574,642,-68
104000133,1442,922,520
104000134,972,1662,-690
104000135,409,2081,-1672
104000136,893,4693,-3800
104000137,1669,445,1224
104000138,928,274,654
104000139,7701,3580,4121
104000141,1289,1384,-95
104000142,690,925,-235
104000143,560,706,-146
104000144,107,182,-75
104000145,395,232,163
104000146,386,591,-205
104000147,158,328,-170
104000148,396,208,188
104000149,233,384,-151
104000150,1213,589,624
104000151,389,583,-194
104000152,790,780,10
104000153,734,583,151
104000154,1061,767,294
104000155,487,525,-38
104000157,1146,1616,-470
104000158,412,473,-61
104000159,931,454,477
104000160,1872,1993,-121
104000161,199,229,-30
104000162,57,156,-99
104000165,1136,1117,19
104000167,687,882,-195
104000168,659,11,648
104000169,106,42,64
104000170,658,686,-28
104000248,357,795,-438
104000251,64,256,-192
104000272,0,0,0
104000273,0,0,0
104000274,0,0,0
104000275,0,0,0
104000279,859,649,210
104000290,105,314,-209
104000291,699,1149,-450
104000293,667,954,-287
104000294,47,0,47
104000295,577,795,-218
104000296,312,686,-374
104000297,838,2040,-1202
104000298,2030,915,1115
104000299,676,1497,-821
104900001,209,533,-324
104900002,101,169,-68
104900003,95,358,-263
104900004,165,339,-174
104900005,242,315,-73
104900006,344,107,237
104900007,260,248,12
104900009,158,404,-246
104900010,86,81,5
104900011,21,8,13
104900012,249,22,227
104900013,188,24,164
104900014,3351,411,2940
104900015,101,8,93
104900016,327,241,86
104900017,163,215,-52
104900018,14,235,-221
104900019,360,2681,-2321
104900020,51,298,-247
104900021,6,193,-187
104900022,20,137,-117
104900023,3,95,-92
104900024,59,107,-48
104900025,66,273,-207
104900026,6,122,-116
104900027,589,332,257
104900028,51,102,-51
104900029,71,115,-44
104900030,539,250,289
104900031,153,278,-125
104900032,72,165,-93
104900033,213,345,-132
104900034,413,132,281
104900035,378,211,167
104900036,231,88,143
104900037,162,262,-100
104900038,582,897,-315
104900039,1028,479,549
104900040,469,123,346
104900041,243,231,12
104900042,144,244,-100
104900043,44,145,-101
104900044,653,216,437
104900045,429,67,362
104900046,192,213,-21
104900047,369,173,196
104900048,284,89,195
104900049,32,30,2
104900050,388,148,240
104900051,346,72,274
104900052,57,1,56
104900053,512,141,371
104900054,217,51,166
104900055,134,1,133
104900056,207,44,163
104900057,63,0,63
104900058,1216,794,422
104900059,135,27,108
104900060,3,704,-701
104900061,248,648,-400
104900063,1,121,-120
104900064,3,114,-111
104900065,1,215,-214
104900066,8,258,-250
104900067,5,344,-339
104900068,45,238,-193
104900070,255,377,-122
104900071,0,572,-572
104900072,116,446,-330
104900073,110,241,-131
104900074,125,336,-211
104900075,88,74,14
104900076,123,375,-252
104900077,1283,316,967
104900078,261,574,-313
104900079,174,424,-250
104900080,128,523,-395
104900082,8,464,-456
104900085,4,229,-225
104900087,285,25,260
104900089,185,4,181
104900090,910,728,182
104900091,737,771,-34
104900093,270,577,-307
104900097,2864,2370,494
104900098,184,52,132
104900099,122,774,-652
104900100,519,345,174
104900102,36,218,-182
104900103,612,89,523
104900104,3888,2568,1320
104900106,93,142,-49
104900107,168,214,-46
104900108,74,270,-196
104900109,131,292,-161
104900110,10,53,-43
104900111,221,190,31
104900112,315,812,-497
104900113,779,449,330
104900114,428,639,-211
104900115,793,542,251
104900116,271,266,5
104900118,28,100,-72
104900119,1,68,-67
104900120,21,167,-146
104900121,0,98,-98
104900122,2,95,-93
104900123,68,16,52
104900124,52,0,52
104900125,589,19,570
104900126,55,57,-2
104900127,46,91,-45
104900128,111,173,-62
104900129,2144,2064,80
105000001,2765,1632,1133
105000002,2485,1710,775
105000003,3978,3999,-21
105000004,558,1194,-636
105000005,907,1164,-257
105000006,1652,1811,-159
105000007,1399,1581,-182
105000008,2290,3067,-777
105000009,2325,3145,-820
105000010,3280,2664,616
105000011,3954,2630,1324
105000012,4166,3534,632
105000013,1023,1025,-2
105000014,1974,2717,-743
105000015,11821,15878,-4057
105000016,3913,2758,1155
105000017,2386,1075,1311
105000018,1479,1587,-108
105000019,1353,944,409
105000020,208,490,-282
105000021,298,110,188
105000022,365,111,254
105000023,675,478,197
105000028,79,131,-52
105000029,629,1607,-978
105000030,4584,3083,1501
105000033,993,2110,-1117
105000034,158,958,-800
105000037,841,351,490
105000038,2291,1763,528
105000039,2955,2050,905
105000040,1165,1388,-223
105000041,851,1567,-716
105000042,4417,1837,2580
105000043,2023,2719,-696
105000044,1228,681,547
105000045,688,1232,-544
105000046,1278,513,765
105000047,588,1343,-755
105000048,580,202,378
105000049,265,595,-330
105000050,578,347,231
105000051,180,490,-310
105000052,682,789,-107
105000053,120,180,-60
105000054,430,1007,-577
105000055,677,363,314
105000056,1534,2277,-743
105000057,1237,1093,144
105000058,1532,1473,59
105000059,859,659,200
105000060,493,798,-305
105000061,697,615,82
105000062,802,929,-127
105000063,311,596,-285
105000064,1509,1004,505
105000065,399,678,-279
105000066,1342,1812,-470
105000067,1584,848,736
105000068,510,937,-427
105000069,2171,1681,490
105000070,801,988,-187
105000071,248,885,-637
105000072,853,1887,-1034
105000073,858,740,118
105000074,1602,969,633
105000075,619,1087,-468
105000076,1382,1232,150
105000077,3416,1296,2120
105000078,1788,1700,88
105000079,1841,4105,-2264
105000080,2641,1941,700
105000081,5773,1729,4044
105000082,1510,2321,-811
105000083,6836,4723,2113
105000084,675,969,-294
105000085,1797,2367,-570
105000086,660,958,-298
105000087,1575,2039,-464
105000088,1470,1653,-183
105000089,3270,2365,905
105000090,1261,934,327
105000091,1382,1626,-244
105000092,843,1071,-228
105000093,314,232,82
105000094,265,253,12
105000095,123,460,-337
105000096,1340,1163,177
105000097,1308,909,399
105000098,957,879,78
105000099,1152,873,279
105000100,1505,1044,461
105000101,1897,2243,-346
105000102,2212,1383,829
105000103,1531,2523,-992
105000104,2366,962,1404
105000105,1142,2398,-1256
105000106,2040,2250,-210
105000107,1904,1222,682
105000108,2049,2023,26
105000109,1923,2190,-267
105000110,901,663,238
105000111,718,726,-8
105000112,1340,732,608
105000113,355,807,-452
105000114,2943,1150,1793
105000115,351,1146,-795
105000116,812,619,193
105000117,837,993,-156
105000118,711,621,90
105000119,913,1283,-370
105000120,1136,723,413
105000121,1088,1490,-402
105000122,405,645,-240
105000123,1217,1640,-423
105000124,1974,854,1120
105000125,736,2117,-1381
105000126,2233,2008,225
105000127,2599,2230,369
105000128,632,1050,-418
105000129,809,325,484
105000130,619,3340,-2721
105000131,1334,435,899
105000132,902,741,161
105000133,576,1111,-535
105000134,833,716,117
105000135,586,624,-38
105000136,47,132,-85
105000137,353,329,24
105000138,47,142,-95
105000139,1229,1103,126
105000140,303,550,-247
105000141,334,640,-306
105000142,245,479,-234
105000143,323,789,-466
105000144,294,945,-651
105000145,761,513,248
105000146,509,1051,-542
105000147,728,393,335
105000148,1503,594,909
105000149,2682,2467,215
105000150,2546,1905,641
105000151,470,435,35
105000152,198,571,-373
105000153,589,677,-88
105000154,736,581,155
105000155,328,1061,-733
105000156,1200,676,524
105000157,982,1760,-778
105000158,2145,822,1323
105000159,276,1090,-814
105000160,1787,656,1131
105000161,736,1144,-408
105000162,609,1664,-1055
105000163,1293,945,348
105000164,231,325,-94
105000165,1160,4972,-3812
105000166,5659,896,4763
105000167,2237,1690,547
105000168,448,680,-232
105000169,533,434,99
105000170,291,1424,-1133
105000171,1089,275,814
105000172,165,64,101
105000173,175,163,12
105000174,82,121,-39
105000175,137,153,-16
105000176,414,149,265
105000177,284,206,78
105000178,202,581,-379
105000179,538,201,337
105000180,166,141,25
105000181,175,343,-168
105000182,56,75,-19
105000183,2325,2046,279
105000184,1645,1027,618
105000185,1827,925,902
105000186,615,792,-177
105000187,1017,216,801
105000188,498,122,376
105000189,301,500,-199
105000190,273,370,-97
105000191,343,377,-34
105000192,298,75,223
105000193,104,165,-61
105000194,311,143,168
105000195,405,899,-494
105000196,59,205,-146
105000197,306,721,-415
105000198,639,420,219
105000199,265,583,-318
105000200,198,332,-134
105000201,110,45,65
105000203,16,168,-152
105000204,85,91,-6
105000205,63,179,-116
105000207,665,249,416
105000208,322,619,-297
105000209,278,380,-102
105000212,1326,1427,-101
105000213,199,255,-56
105000214,194,300,-106
105000215,356,241,115
105000216,135,431,-296
105000217,203,346,-143
105000218,1342,1182,160
105000221,152,223,-71
105000222,549,64,485
105000223,238,161,77
105000226,96,300,-204
105000227,161,163,-2
105000228,341,2253,-1912
105000229,174,550,-376
105000231,306,268,38
105000233,935,772,163
105000234,547,1334,-787
105000235,482,630,-148
105000237,697,82,615
105000243,31,189,-158
105000248,95,85,10
105000262,337,1372,-1035
105000269,157,260,-103
105000270,472,61,411
105000271,3,220,-217
105000282,102,69,33
105000287,408,123,285
105000288,737,447,290
105000289,3930,2277,1653
105000290,23,9,14
105000402,4281,4732,-451
105000426,646,731,-85
105000438,5523,2217,3306
105000446,14443,6857,7586
105000447,9299,3828,5471
105000454,452,355,97
105000455,347,236,111
105000474,63,3,60
105000477,469,725,-256
105000478,1951,4822,-2871
105000479,186,164,22
105000480,11846,7550,4296
105000481,5801,3631,2170
105000482,7074,10009,-2935
105000483,1782,2074,-292
105000484,2873,3794,-921
105000485,1888,3102,-1214
105000486,4700,2978,1722
105000488,14016,7411,6605
105000489,913,1006,-93
105000549,120,121,-1
105000550,745,1727,-982
105000551,22,153,-131
105000552,2741,1901,840
105900001,9,1422,-1413
105900002,1544,712,832
105900003,3,126,-123
105900004,312,141,171
105900005,9,220,-211
105900006,22,114,-92
105900007,190,36,154
105900008,72,619,-547
105900009,26,28,-2
105900011,372,48,324
105900012,647,143,504
105900013,8,53,-45
105900014,26,105,-79
105900015,193,356,-163
105900016,575,774,-199
105900017,1321,46,1275
105900018,178,195,-17
105900019,81,650,-569
105900020,61,80,-19
105900021,41,290,-249
105900022,405,272,133
105900023,13,99,-86
105900024,16,182,-166
105900025,365,61,304
105900026,387,23,364
105900027,9280,10868,-1588
105900028,487,286,201
105900029,1785,473,1312
105900030,191,315,-124
105900031,419,280,139
105900032,70,196,-126
105900033,135,138,-3
105900034,211,189,22
105900035,301,182,119
105900036,108,143,-35
105900037,108,67,41
105900038,187,297,-110
105900039,165,134,31
105900040,79,158,-79
105900041,232,303,-71
105900042,68,142,-74
105900043,1533,79,1454
105900044,11,242,-231
105900045,3,857,-854
105900046,14,269,-255
105900047,10,44,-34
105900048,97,621,-524
105900050,9421,4356,5065
105900051,52,1105,-1053
105900052,591,437,154
105900053,3502,2747,755
105900054,415,256,159
105900056,915,459,456
105900057,107,158,-51
105900058,17,19,-2
105900059,0,47,-47
106000001,5496,2708,2788
106000002,3022,6296,-3274
106000003,3020,3722,-702
106000004,1860,2912,-1052
106000005,3533,6132,-2599
106000006,6683,4624,2059
106000007,533,656,-123
106000008,464,309,155
106000009,737,435,302
106000010,666,681,-15
106000011,1101,1206,-105
106000012,966,1692,-726
106000013,1907,2274,-367
106000014,2151,1898,253
106000015,1748,1450,298
106000016,1396,2412,-1016
106000017,596,757,-161
106000018,598,492,106
106000019,412,460,-48
106000020,310,481,-171
106000021,242,509,-267
106000022,336,286,50
106000023,631,365,266
106000024,715,612,103
106000025,153,229,-76
106000026,187,277,-90
106000027,1350,1389,-39
106000028,677,618,59
106000029,867,1277,-410
106000030,755,563,192
106000034,320,666,-346
106000035,1113,2189,-1076
106000036,235,507,-272
106000037,2279,1726,553
106000038,581,123,458
106000039,178,114,64
106000040,163,842,-679
106000041,780,632,148
106000043,605,309,296
106000046,395,72,323
106000047,68,427,-359
106000049,894,197,697
106000050,368,861,-493
106000051,704,520,184
106000052,95,831,-736
106000053,403,164,239
106000054,432,576,-144
106000055,1305,1251,54
106000056,253,472,-219
106000057,344,299,45
106000058,177,243,-66
106000059,367,331,36
106000060,354,557,-203
106000061,248,527,-279
106000062,160,611,-451
106000063,668,506,162
106000064,38,442,-404
106000065,379,352,27
106000066,113,356,-243
106000067,289,109,180
106000068,62,689,-627
106000069,253,75,178
106000070,556,823,-267
106000071,1147,333,814
106000072,2916,1695,1221
106000073,1611,3007,-1396
106000074,680,711,-31
106000075,368,1720,-1352
106000076,2057,2411,-354
106000077,4065,1643,2422
106000078,1169,1067,102
106000079,770,1095,-325
106000080,1397,819,578
106000081,718,1370,-652
106000082,2822,997,1825
106000083,424,1769,-1345
106000084,1390,734,656
106000085,1546,1751,-205
106000086,738,1062,-324
106000087,1060,696,364
106000088,493,980,-487
106000089,1124,372,752
106000090,277,686,-409
106000091,293,675,-382
106000092,681,281,400
106000093,224,147,77
106000094,104,236,-132
106000095,841,722,119
106000096,881,746,135
106000097,1051,829,222
106000098,803,1104,-301
106000099,212,696,-484
106000100,1146,263,883
106000101,923,270,653
106000102,145,551,-406
106000103,377,509,-132
106000104,670,454,216
106000105,499,633,-134
106000106,506,483,23
106000107,141,269,-128
106000108,244,259,-15
106000109,140,242,-102
106000110,227,246,-19
106000111,190,392,-202
106000112,186,503,-317
106000113,636,504,132
106000114,430,490,-60
106000115,171,429,-258
106000116,207,238,-31
106000117,1161,797,364
106000118,1262,1425,-163
106000119,1755,1196,559
106000120,972,1306,-334
106000121,155,126,29
106000122,106,206,-100
106000123,434,140,294
106000124,56,221,-165
106000125,16,290,-274
106000126,254,127,127
106000127,814,896,-82
106000128,622,189,433
106000129,492,609,-117
106000130,728,380,348
106000131,147,843,-696
106000132,502,181,321
106000133,1793,1106,687
106000134,610,1416,-806
106000135,186,581,-395
106000136,731,939,-208
106000137,63,762,-699
106000138,1077,92,985
106000139,53,121,-68
106000140,52,72,-20
106000141,105,99,6
106000142,53,76,-23
106000143,50,75,-25
106000144,30,62,-32
106000145,258,253,5
106000146,391,161,230
106000147,489,487,2
106000148,519,746,-227
106000149,648,366,282
106000150,456,1759,-1303
106000151,3811,868,2943
106000152,1366,1779,-413
106000153,64,1314,-1250
106000154,1099,198,901
106000155,103,201,-98
106000156,911,416,495
106000157,757,1933,-1176
106000158,2279,950,1329
106000159,2925,1778,1147
106000160,481,2952,-2471
106000161,1758,391,1367
106000162,253,944,-691
106000163,432,343,89
106000164,347,309,38
106000165,280,538,-258
106000166,746,359,387
106000167,505,1008,-503
106000168,417,296,121
106000169,301,596,-295
106000170,739,275,464
106000171,215,1273,-1058
106000172,3488,1625,1863
106000173,1334,3066,-1732
106000174,1171,419,752
106000175,413,998,-585
106000176,1717,950,767
106000177,908,2590,-1682
106000178,3853,1947,1906
106000179,1326,2614,-1288
106000180,980,1529,-549
106000181,872,1964,-1092
106000182,1371,843,528
106000183,1417,667,750
106000184,2644,808,1836
106000185,1395,1522,-127
106000186,971,201,770
106000187,321,1222,-901
106000188,3,2,1
106000189,18,45,-27
106000190,20,2,18
106000191,710,270,440
106000192,1,14,-13
106000193,400,246,154
106000194,148,574,-426
106000195,1135,281,854
106000196,355,859,-504
106000197,619,380,239
106000198,230,322,-92
106000199,970,973,-3
106000200,254,261,-7
106000201,438,2692,-2254
106000202,4028,674,3354
106000203,51,167,-116
106000204,78,13,65
106000205,15,116,-101
106000206,102,14,88
106000207,57,799,-742
106000208,1443,210,1233
106000209,1640,393,1247
106000210,362,1152,-790
106000211,371,1223,-852
106000212,822,504,318
106000213,870,2085,-1215
106000214,3049,889,2160
106000215,218,500,-282
106000216,291,413,-122
106000217,356,413,-57
106000218,491,379,112
106000219,129,312,-183
106000220,356,249,107
106000221,176,302,-126
106000222,72,121,-49
106000223,207,134,73
106000224,200,263,-63
106000225,65,114,-49
106000226,199,306,-107
106000228,42,85,-43
106000229,75,708,-633
106000231,922,128,794
106000232,87,353,-266
106000233,844,83,761
106000234,136,216,-80
106000235,509,85,424
106000236,177,84,93
106000237,6,15,-9
106000238,31,8,23
106000239,9,100,-91
106000240,49,7,42
106000241,22,650,-628
106000242,288,37,251
106000249,82,66,16
106000250,78,584,-506
106000251,98,21,77
106000252,22,85,-63
106000253,49,72,-23
106000254,25,48,-23
106000255,15,190,-175
106000256,62,40,22
106000257,175,302,-127
106000258,294,33,261
106000259,8,66,-58
106000260,22,3,19
106000261,6,49,-43
106000262,111,7,104
106000263,17,53,-36
106000264,252,5,247
106000265,18,132,-114
106000266,139,46,93
106000267,8,99,-91
106000268,600,72,528
106000269,54,54,0
106000270,174,566,-392
106000271,94,284,-190
106000272,280,62,218
106000273,8,362,-354
106000274,198,44,154
106000275,164,361,-197
106000276,227,56,171
106000277,109,291,-182
106000278,167,40,127
106000279,12,39,-27
106000280,71,106,-35
106000281,92,71,21
106000282,49,86,-37
106000283,146,66,80
106000284,87,113,-26
106000285,158,104,54
106000286,89,172,-83
106000287,114,101,13
106000288,114,167,-53
106000289,105,66,39
106000290,63,126,-63
106000291,103,85,18
106000292,91,124,-33
106000293,143,112,31
106000294,176,161,15
106000295,76,72,4
106000296,53,101,-48
106000297,84,255,-171
106000298,147,63,84
106000299,80,153,-73
106000300,63,122,-59
106000301,70,112,-42
106000303,44,88,-44
106000304,52,38,14
106000305,55,51,4
106000306,36,65,-29
106000307,56,49,7
106000308,35,148,-113
106000309,28,61,-33
106000310,338,534,-196
106000311,410,240,170
106000312,122,154,-32
106000313,208,214,-6
106000318,103,485,-382
106000319,1101,241,860
106000320,8,74,-66
106000321,331,91,240
106000322,115,175,-60
106000324,20,135,-115
106000325,1803,1065,738
106000326,1081,2127,-1046
106000327,153,138,15
106000328,58,198,-140
106000329,113,304,-191
106000330,54,57,-3
106000428,79,150,-71
106000429,122,366,-244
106000430,284,1204,-920
106000431,1889,393,1496
106000432,2019,2979,-960
106000433,2467,1406,1061
106000434,3430,1776,1654
106000435,1633,2765,-1132
106000436,24,212,-188
106000437,276,44,232
106000438,471,173,298
106000439,119,442,-323
106000440,286,323,-37
106000441,0,1,-1
106000442,138,5,133
106000443,148,389,-241
106000450,4,167,-163
106000451,22,44,-22
106000454,3,109,-106
106000455,11,229,-218
106000456,110,55,55
106000457,6,998,-992
106000458,816,124,692
106000459,182,344,-162
106000460,1734,37,1697
106000461,125,1307,-1182
106000462,2,27,-25
106000463,7,30,-23
106000464,4,478,-474
106000465,616,3,613
106000466,4,659,-655
106000467,331,563,-232
106000468,72,167,-95
106000469,197,10,187
106000470,418,1729,-1311
106000471,30,606,-576
106000472,198,24,174
106000473,46,15,31
106000474,252,534,-282
106000475,249,189,60
106000476,144,185,-41
106000477,28,37,-9
106900001,0,17,-17
106900002,1,456,-455
106900003,238,909,-671
106900004,0,35,-35
106900006,0,10,-10
106900007,0,19,-19
106900008,315,289,26
106900009,368,387,-19
106900010,241,332,-91
106900012,2064,2212,-148
106900013,621,174,447
106900014,25,4,21
106900015,26,4,22
106900016,296,13,283
106900017,11,3,8
106900018,4,0,4
106900019,56,4,52
106900020,2296,1570,726
106900021,80,55,25
106900022,825,5,820
106900023,100,263,-163
106900024,655,62,593
106900025,67,611,-544
106900026,0,590,-590
106900027,635,6,629
107000001,4793,4296,497
107000002,4134,5829,-1695
107000003,6508,7486,-978
107000004,6084,6246,-162
107000005,4629,5722,-1093
107000006,4902,5421,-519
107000007,6413,11389,-4976
107000008,13958,10424,3534
107000009,7983,8486,-503
107000010,11957,12100,-143
107000011,1187,1727,-540
107000012,4727,3854,873
107000013,52,93,-41
107000014,25,197,-172
107000015,398,837,-439
107000016,601,1060,-459
107000017,3601,1361,2240
107000018,40,901,-861
107000020,1984,1162,822
107000021,1324,495,829
107000022,977,1409,-432
107000023,1801,220,1581
107000024,559,1540,-981
107000025,234,486,-252
107000026,197,562,-365
107000027,1630,1052,578
107000028,1460,1763,-303
107000029,3381,2724,657
107000030,3399,3716,-317
107000031,4583,2905,1678
107000032,655,1160,-505
107000033,3305,4976,-1671
107000034,3692,2048,1644
107000035,352,271,81
107000036,484,1202,-718
107000037,80,882,-802
107000038,226,335,-109
107000039,910,794,116
107000040,218,440,-222
107000041,2267,1054,1213
107000042,982,2177,-1195
107000043,3007,1362,1645
107000044,578,358,220
107000045,115,381,-266
107000046,847,489,358
107000047,528,1037,-509
107000048,743,313,430
107000049,682,958,-276
107000050,1245,599,646
107000051,402,355,47
107000052,1402,1066,336
107000053,395,220,175
107000054,51,312,-261
107000055,158,87,71
107000056,509,860,-351
107000057,1149,254,895
107000058,2600,2790,-190
107000059,2672,3990,-1318
107000060,4882,6050,-1168
107000061,6047,4233,1814
107000062,4748,3254,1494
107000063,5128,5962,-834
107000064,4463,2692,1771
107000065,4871,5378,-507
107000066,2175,2938,-763
107000067,1279,1296,-17
107000068,1569,798,771
107000069,866,606,260
107000070,1340,17,1323
107000071,3610,60,3550
107000072,66,3258,-3192
107000073,857,369,488
107000074,237,1078,-841
107000075,1994,645,1349
107000076,834,1785,-951
107000077,3998,1756,2242
107000078,3208,4122,-914
107000079,3263,1287,1976
107000080,1680,3941,-2261
107000081,1927,673,1254
107000082,683,2147,-1464
107000083,1640,522,1118
107000084,533,2307,-1774
107000085,3404,3841,-437
107000086,4076,4067,9
107000087,3291,2553,738
107000088,4052,4342,-290
107000089,1677,2096,-419
107000090,1328,1296,32
107000091,1615,1089,526
107000092,931,1218,-287
107000093,1236,949,287
107000094,1223,1348,-125
107000095,763,658,105
107000096,641,982,-341
107000097,628,210,418
107000098,455,494,-39
107000099,601,420,181
107000100,405,332,73
107000101,94,218,-124
107000102,267,341,-74
107000103,304,227,77
107000104,162,281,-119
107000105,396,130,266
107000106,291,253,38
107000107,585,174,411
107000108,145,491,-346
107000109,677,133,544
107000110,43,527,-484
107000111,277,76,201
107000112,39,301,-262
107000113,601,137,464
107000114,114,495,-381
107000115,561,172,389
107000116,126,853,-727
107000117,194,489,-295
107000118,214,252,-38
107000119,1625,1574,51
107000120,1242,559,683
107000121,1022,865,157
107000122,1200,1113,87
107000123,493,532,-39
107000124,598,1143,-545
107000125,727,518,209
107000126,609,666,-57
107000127,27,391,-364
107000129,290,178,112
107000130,333,298,35
107000131,530,430,100
107000132,700,432,268
107000133,1088,100,988
107000134,390,5,385
107000135,10,362,-352
107000136,1003,11,992
107000137,18,583,-565
107000138,422,41,381
107000139,27,596,-569
107000140,1549,135,1414
107000141,140,864,-724
107000142,509,102,407
107000143,65,741,-676
107000144,479,562,-83
107000145,170,581,-411
107000146,212,419,-207
107000147,3425,1047,2378
107000150,930,3470,-2540
107000151,60,206,-146
107000152,489,1439,-950
107000153,214,573,-359
107000154,324,306,18
107000155,1076,52,1024
107000156,1404,28,1376
107000157,48,1572,-1524
107000158,350,16,334
107000159,33,777,-744
107000160,1223,182,1041
107000161,99,1632,-1533
107000162,352,522,-170
107000163,240,2,238
107000164,675,1,674
107000165,1183,12,1171
107000166,57,1318,-1261
107000167,695,278,417
107000168,1061,525,536
107000169,658,1091,-433
107000170,2678,1166,1512
107000171,934,2266,-1332
107000172,1125,1581,-456
107000173,941,1231,-290
107000174,1297,5416,-4119
107000175,8089,2109,5980
107000176,0,2,-2
107000177,14,0,14
107000178,15,38,-23
107000179,352,2343,-1991
107000180,1536,436,1100
107000181,598,1192,-594
107000182,2004,1231,773
107000183,197,1039,-842
107000184,1091,851,240
107000185,616,1949,-1333
107000186,1603,616,987
107000187,1506,1663,-157
107000188,675,711,-36
107000189,568,1220,-652
107000190,873,902,-29
107000191,718,1146,-428
107000192,2140,905,1235
107000193,437,574,-137
107000194,1019,813,206
107000197,1104,415,689
107000198,383,726,-343
107000199,825,800,25
107000200,751,858,-107
107000201,526,291,235
107000202,328,541,-213
107000203,1426,1117,309
107000204,1615,1166,449
107000205,2490,1104,1386
107000206,1238,1444,-206
107000207,818,1137,-319
107000208,1184,648,536
107000209,2753,1517,1236
107000210,1070,529,541
107000211,6,55,-49
107000212,46,325,-279
107000213,18,31,-13
107000214,23,144,-121
107000215,512,458,54
107000216,531,360,171
107000217,268,199,69
107000219,116,181,-65
107000220,269,235,34
107000222,284,874,-590
107000224,480,93,387
107000225,238,548,-310
107000226,511,126,385
107000227,100,333,-233
107000228,90,231,-141
107000229,89,131,-42
107000230,1193,532,661
107000231,2123,2013,110
107000232,115,46,69
107000233,1872,1170,702
107000234,3,54,-51
107000235,81,9,72
107000236,22,587,-565
107000237,57,3,54
107000238,40,4,36
107000239,3143,583,2560
107000240,90,978,-888
107000241,120,19,101
107000242,368,43,325
107000243,1,32,-31
107000244,6,83,-77
107000246,1,1117,-1116
107000249,2,1136,-1134
107000251,1,291,-290
107000252,2,1064,-1062
107000255,555,149,406
107000257,6,416,-410
107000258,2,137,-135
107000259,7,227,-220
107000260,630,1,629
107000262,23,631,-608
107000263,221,5,216
107000266,10,9,1
107000267,142,164,-22
107000268,133,181,-48
107000269,947,68,879
107000270,2,39,-37
107000271,34,699,-665
107000272,23,142,-119
107000273,5,226,-221
107000274,1991,333,1658
107000275,26,1080,-1054
107000280,762,31,731
107000281,51,746,-695
107000282,26,810,-784
107000290,3,24,-21
107000291,9,12,-3
107000292,4,49,-45
107000293,169,4,165
107000294,0,24,-24
107000295,51,5,46
107000296,0,25,-25
107000444,356,6,350
107000496,1,34,-33
107000497,1650,2746,-1096
107000500,329,325,4
107000501,89,233,-144
107000502,178,401,-223
107000505,384,921,-537
107000506,6,100,-94
107000508,7,752,-745
107000509,261,1039,-778
107000510,65,30,35
107000514,47,378,-331
107000515,22,264,-242
107000516,305,359,-54
107000518,992,1320,-328
107000519,2050,1086,964
107000520,93,48,45
107900001,52,176,-124
107900002,75,7,68
107900003,242,15,227
107900004,115,2,113
107900005,1433,14,1419
107900006,184,4,180
107900007,416,70,346
107900008,103,52,51
107900009,159,5,154
107900010,41,15,26
107900012,350,37,313
107900013,314,37,277
107900014,38,9,29
107900015,1165,16,1149
107900016,468,110,358
107900017,40,2,38
107900018,62,166,-104
107900019,25,75,-50
107900020,85,13,72
107900021,58,183,-125
107900023,5,7,-2
107900024,1,34,-33
107900025,258,307,-49
107900026,68,80,-12
107900027,61,76,-15
107900028,98,87,11
107900030,201,25,176
107900031,75,126,-51
107900032,22,4,18
107900033,26,4,22
107900034,505,38,467
107900035,827,87,740
107900036,80,21,59
107900037,0,49,-49
107900038,187,317,-130
107900039,40,40,0
107900040,176,286,-110
107900041,4,4,0
107900043,39,169,-130
107900044,10,18,-8
107900045,132,53,79
107900046,143,277,-134
107900047,37,63,-26
107900048,224,12,212
107900049,396,1598,-1202
107900050,136,365,-229
107900051,101,78,23
107900052,31,40,-9
107900053,27,110,-83
107900055,1254,489,765
107900056,130,64,66
107900057,0,0,0
107900058,51,655,-604
107900060,42,42,0
107900061,12,14,-2
107900063,119,150,-31
107900064,463,183,280
107900065,276,24,252
107900066,38,6,32
107900067,0,0,0
107900068,173,544,-371
107900069,43,1993,-1950
107900070,118,62,56
107900071,26,777,-751
107900072,119,209,-90
107900073,187,121,66
107900074,905,308,597
107900076,134,61,73
107900077,66,3,63
107900078,289,60,229
107900079,14,16,-2
107900080,344,703,-359
107900081,54,137,-83
107900082,21,24,-3
107900083,420,267,153
107900084,151,232,-81
107900086,52,181,-129
107900087,858,214,644
107900088,31,10,21
107900089,369,1135,-766
107900090,654,2517,-1863
107900091,281,504,-223
107900092,2405,648,1757
107900093,108,77,31
107900095,3981,2589,1392
107900097,42,94,-52
107900098,102,287,-185
107900100,1250,1552,-302
107900101,1190,271,919
107900102,43,13,30
107900103,62,237,-175
107900104,291,7,284
107900105,0,383,-383
107900106,3,1241,-1238
107900107,1350,566,784
107900108,272,144,128
107900109,1293,14,1279
107900110,43,121,-78
107900111,9,902,-893
107900112,98,395,-297
107900113,246,131,115
107900114,177,190,-13
107900115,4,46,-42
107900116,190,193,-3
107900117,484,438,46
107900118,111,166,-55
107900119,98,359,-261
107900120,25,26,-1
107900121,3,130,-127
107900122,2,97,-95
107900123,8,39,-31
107900124,25,28,-3
107900125,36,239,-203
107900126,15,61,-46
107900127,575,382,193
107900128,110,97,13
107900129,52,43,9
107900130,91,55,36
107900131,923,389,534
107900132,157,487,-330
107900133,0,79,-79
107900134,57,87,-30
107900135,11,149,-138
107900136,50,41,9
107900137,152,132,20
107900138,79,69,10
107900139,41,50,-9
107900140,118,77,41
107900141,76,52,24
107900142,134,1009,-875
107900143,80,41,39
107900144,1,104,-103
107900145,13,120,-107
107900146,86,119,-33
107900147,53,58,-5
107900148,209,154,55
107900149,1145,323,822
107900150,98,755,-657
107900151,51,125,-74
107900152,19,170,-151
107900153,107,352,-245
107900154,60,18,42
107900155,95,66,29
107900156,10,318,-308
107900157,88,38,50
107900158,978,62,916
107900159,45,1021,-976
107900160,107,199,-92
107900161,32,207,-175
107900162,0,151,-151
107900163,97,261,-164
107900164,10,52,-42
107900165,30,115,-85
107900166,22,224,-202
107900167,33,53,-20
107900168,31,49,-18
107900169,0,176,-176
107900171,15,1443,-1428
107900172,2,260,-258
107900173,24,169,-145
107900174,106,4,102
107900175,10,38,-28
107900176,33,56,-23
107900177,8,233,-225
107900178,0,171,-171
107900179,12,129,-117
107900180,717,516,201
107900181,523,293,230
107900182,2,1209,-1207
107900183,55,278,-223
107900184,124,274,-150
107900185,119,6,113
107900186,39,78,-39
107900187,0,157,-157
107900188,784,184,600
107900189,42,128,-86
107900190,76,144,-68
107900191,125,120,5
107900193,14,51,-37
107900194,381,9,372
107900195,2933,551,2382
107900196,59,121,-62
107900197,1247,512,735
107900199,1,960,-959
107900201,97,125,-28
107900203,90,124,-34
107900204,232,349,-117
107900205,254,481,-227
107900206,1105,352,753
107900207,2,589,-587
107900208,17,624,-607
107900209,412,147,265
107900210,95,146,-51
107900213,1350,1019,331
107900214,34,147,-113
107900215,212,415,-203
107900216,245,89,156
107900217,46,109,-63
107900218,23,1324,-1301
107900219,74,130,-56
107900220,325,271,54
107900221,269,260,9
107900223,123,642,-519
107900224,177,498,-321
107900225,18,656,-638
107900226,117,107,10
107900227,159,514,-355
107900228,16,135,-119
107900229,3,310,-307
107900230,16,128,-112
107900231,16,210,-194
107900232,80,182,-102
107900233,8,164,-156
107900234,103,107,-4
107900235,41,117,-76
107900236,117,78,39
107900237,65,517,-452
107900238,33,110,-77
107900239,975,551,424
107900240,43,130,-87
107900241,21,80,-59
107900242,52,259,-207
107900243,2,115,-113
107900244,325,10,315
107900245,698,64,634
107900246,241,15,226
107900248,693,451,242
107900249,674,54,620
107900250,1,539,-538
107900251,85,1734,-1649
107900252,1279,38,1241
107900253,187,11,176
107900254,81,447,-366
107900255,332,114,218
107900256,1761,899,862
107900257,248,181,67
107900258,131,200,-69
107900259,129,2265,-2136
107900261,5,369,-364
107900262,67,159,-92
107900264,274,4,270
107900265,225,173,52
107900267,212,13,199
107900268,27,4,23
107900269,0,24,-24
107900270,0,0,0
107900271,0,17,-17
107900272,159,24,135
107900273,32,136,-104
107900274,96,0,96
107900275,34,0,34
107900276,1,111,-110
107900277,2,225,-223
107900278,324,416,-92
107900279,121,264,-143
107900280,2354,2543,-189
107900281,1892,2633,-741
107900282,68,574,-506
107900283,1310,675,635
107900284,675,769,-94
107900285,111,96,15
107900286,207,113,94
107900287,257,268,-11
107900290,3,134,-131
107900291,607,17,590
107900292,138,240,-102
107900293,68,436,-368
107900295,57,84,-27
107900297,2,392,-390
107900298,844,700,144
107900299,3200,2723,477
107900300,102,308,-206
107900301,575,662,-87
107900302,172,48,124
107900303,239,304,-65
107900304,355,636,-281
107900305,296,20,276
107900306,23,20,3
107900307,70,280,-210
107900308,180,207,-27
107900309,75,2,73
107900310,522,10,512
107900311,9,319,-310
107900312,60,1,59
107900313,0,154,-154
107900314,0,64,-64
107900315,0,65,-65
107900316,51,0,51
107900317,119,15,104
107900318,16,183,-167
107900319,6,298,-292
107900320,3,209,-206
107900321,171,8,163
107900322,1,143,-142
107900323,1,162,-161
107900324,224,1,223
107900325,93,2,91
107900326,329,229,100
107900327,3,65,-62
107900328,125,4,121
107900329,106,106,0
107900330,7,482,-475
107900331,234,42,192
107900332,224,33,191
107900333,61,23,38
107900334,16,176,-160
107900335,101,45,56
107900336,32,48,-16
107900337,1122,806,316
107900338,4,198,-194
107900339,3,34,-31
107900340,1,75,-74
107900341,69,2,67
107900342,69,79,-10
107900343,76,0,76
107900344,1,75,-74
107900345,134,34,100
107900346,47,6,41
107900347,41,1,40
107900348,117,7,110
107900349,24,16,8
107900350,24,288,-264
108000001,3104,4155,-1051
108000002,2194,3014,-820
108000003,4305,3987,318
108000004,13953,18128,-4175
108000005,9122,7170,1952
108000006,10202,9648,554
108000007,5787,4928,859
108000008,5301,7558,-2257
108000009,4344,5340,-996
108000010,3900,5675,-1775
108000011,14014,13616,398
108000012,20376,18662,1714
108000014,1016,694,322
108000015,817,348,469
108000016,279,543,-264
108000017,1263,490,773
108000018,2166,775,1391
108000019,2288,954,1334
108000020,1521,607,914
108000021,427,1864,-1437
108000022,513,1435,-922
108000023,1394,288,1106
108000024,326,616,-290
108000025,306,308,-2
108000026,737,499,238
108000027,788,466,322
108000028,560,256,304
108000029,508,535,-27
108000030,828,260,568
108000031,280,773,-493
108000032,1792,792,1000
108000033,894,1244,-350
108000034,1752,544,1208
108000035,824,2565,-1741
108000036,388,1050,-662
108000037,1714,526,1188
108000038,2741,703,2038
108000039,729,2132,-1403
108000040,2111,1119,992
108000041,751,2833,-2082
108000042,279,260,19
108000043,216,313,-97
108000044,553,225,328
108000045,301,597,-296
108000046,1520,464,1056
108000047,562,1214,-652
108000048,226,399,-173
108000049,991,287,704
108000050,121,437,-316
108000051,314,140,174
108000052,296,710,-414
108000053,570,222,348
108000054,603,1060,-457
108000055,1358,621,737
108000056,1097,1349,-252
108000057,621,1347,-726
108000058,2021,4014,-1993
108000059,3564,2176,1388
108000060,172,406,-234
108000061,164,347,-183
108000062,848,552,296
108000063,554,640,-86
108000064,198,255,-57
108000065,644,614,30
108000066,1582,961,621
108000067,1853,627,1226
108000068,906,473,433
108000069,195,1118,-923
108000070,2108,890,1218
108000071,681,1840,-1159
108000072,1913,1256,657
108000073,1628,2181,-553
108000074,568,416,152
108000075,454,1136,-682
108000076,924,654,270
108000077,706,870,-164
108000078,2625,1570,1055
108000079,1037,2080,-1043
108000080,1323,573,750
108000081,761,2009,-1248
108000082,1127,2213,-1086
108000083,2174,1174,1000
108000084,459,1395,-936
108000085,766,515,251
108000086,972,927,45
108000087,161,2353,-2192
108000088,199,9,190
108000089,395,435,-40
108000090,577,312,265
108000091,347,470,-123
108000092,130,81,49
108000093,172,567,-395
108000094,584,107,477
108000095,159,360,-201
108000096,353,179,174
108000097,151,485,-334
108000098,1617,1546,71
108000099,228,87,141
108000100,66,191,-125
108000101,1320,1530,-210
108000102,1769,3219,-1450
108000106,1085,2,1083
108000107,1,836,-835
108000108,810,64,746
108000109,15,731,-716
108000110,196,367,-171
108000111,252,639,-387
108000112,101,146,-45
108000113,566,291,275
108000115,443,342,101
108000117,853,445,408
108000118,95,301,-206
108000119,762,397,365
108000120,197,763,-566
108000121,247,507,-260
108000122,639,326,313
108000123,755,268,487
108000124,351,605,-254
108000125,407,296,111
108000126,188,414,-226
108000127,595,356,239
108000128,712,596,116
108000129,297,1103,-806
108000130,443,264,179
108000131,1010,644,366
108000132,2307,1885,422
108000133,1092,661,431
108000134,572,633,-61
108000135,1322,479,843
108000136,462,1036,-574
108000137,527,388,139
108000138,260,458,-198
108000139,482,315,167
108000140,126,44,82
108000141,39,89,-50
108000142,74,95,-21
108000143,45,20,25
108000144,65,12,53
108000145,79,25,54
108000146,88,18,70
108000147,79,46,33
108000148,104,42,62
108000149,44,16,28
108000150,30,6,24
108000151,25,13,12
108000152,122,474,-352
108000153,616,164,452
108000154,54,15,39
108000155,45,20,25
108000156,259,122,137
108000157,176,1031,-855
108000158,92,963,-871
108000159,633,241,392
108000160,3195,1359,1836
108000161,3093,2806,287
108000165,15,224,-209
108000172,4,346,-342
108000173,2057,2039,18
108000175,263,120,143
108000178,377,421,-44
108000179,206,953,-747
108000181,57,28,29
108000182,125,28,97
108000183,33,12,21
108000184,1095,2220,-1125
108000185,277,520,-243
108000186,168,51,117
108000187,105,560,-455
108000188,741,337,404
108000189,700,1515,-815
108000190,53,145,-92
108000192,210,662,-452
108000193,860,42,818
108000194,44,11,33
108000195,6,1039,-1033
108000196,243,221,22
108000197,165,486,-321
108000198,507,371,136
108000199,3,157,-154
108000200,440,663,-223
108000202,1,254,-253
108000203,116,674,-558
108000204,151,60,91
108000205,362,471,-109
108000339,1545,480,1065
108000364,122,342,-220
108000365,94,327,-233
108000367,198,479,-281
108000368,6,41,-35
108000369,705,206,499
108000371,2,583,-581
108000372,762,4,758
108000373,226,138,88
108000376,83,36,47
108000377,412,322,90
108000378,10985,11787,-802
108000379,76,255,-179
108000381,82,19,63
108000382,78,1,77
108000383,0,87,-87
108900001,93,1024,-931
108900002,205,67,138
108900003,398,764,-366
108900004,130,426,-296
108900005,92,348,-256
108900006,650,190,460
108900007,308,295,13
108900008,171,210,-39
108900009,85,143,-58
108900010,277,211,66
108900011,513,558,-45
108900012,364,618,-254
108900013,189,376,-187
108900014,20,185,-165
108900015,1,36,-35
108900016,4,237,-233
108900017,433,564,-131
108900018,186,555,-369
108900019,73,999,-926
108900020,40,237,-197
108900021,182,282,-100
108900022,98,13,85
108900023,0,32,-32
108900024,40,123,-83
108900025,135,147,-12
108900026,26,108,-82
108900027,1,89,-88
108900028,107,323,-216
108900029,71,216,-145
108900030,0,93,-93
108900031,152,383,-231
108900032,32,297,-265
108900033,0,117,-117
108900034,1,201,-200
108900035,374,1404,-1030
108900036,245,306,-61
108900037,73,441,-368
108900038,1,304,-303
108900039,0,424,-424
108900040,5,119,-114
108900041,6092,3852,2240
108900042,9,338,-329
108900043,58,548,-490
108900044,4,504,-500
108900045,72,537,-465
108900046,81,823,-742
108900047,0,58,-58
108900048,154,998,-844
108900049,3743,1293,2450
108900050,4,251,-247
108900051,0,212,-212
108900052,19,228,-209
108900053,104,164,-60
108900054,60,250,-190
108900055,60,404,-344
108900056,0,164,-164
108900057,0,174,-174
108900058,39,427,-388
108900059,417,53,364
108900060,128,190,-62
108900061,100,46,54
108900062,10,281,-271
108900063,23,349,-326
108900064,240,82,158
108900065,16,248,-232
108900066,377,192,185
108900067,43,190,-147
108900068,4,122,-118
108900069,82,106,-24
108900070,34,128,-94
108900071,85,110,-25
108900072,2627,912,1715
108900073,6,74,-68
108900074,281,401,-120
108900075,71,76,-5
108900076,359,83,276
108900077,134,117,17
108900078,25,167,-142
108900079,1017,253,764
108900080,58,973,-915
108900081,80,271,-191
108900082,62,116,-54
108900083,42,305,-263
108900084,470,190,280
108900085,2470,238,2232
108900086,123,246,-123
108900087,140,244,-104
108900088,1175,498,677
108900089,35,173,-138
108900090,56,301,-245
108900091,120,99,21
108900092,628,472,156
108900093,147,118,29
108900094,200,85,115
108900095,39,327,-288
108900096,378,25,353
108900097,261,258,3
108900098,2612,997,1615
108900099,503,301,202
108900100,115,173,-58
108900101,247,160,87
108900102,177,1105,-928
108900103,99,172,-73
108900104,180,422,-242
108900105,10,953,-943
108900106,449,448,1
108900108,533,80,453
108900109,32,53,-21
108900110,324,547,-223
108900111,527,703,-176
108900112,315,32,283
108900113,57,73,-16
108900114,6,9,-3
108900115,103,89,14
108900116,102,23,79
108900117,203,16,187
108900118,697,27,670
108900119,324,30,294
108900120,229,182,47
108900121,359,125,234
108900122,165,38,127
108900123,135,160,-25
108900124,387,232,155
108900125,443,4,439
108900126,149,39,110
108900127,249,21,228
108900128,119,47,72
108900129,835,251,584
108900130,363,2,361
108900131,449,7,442
108900132,569,80,489
108900133,238,52,186
108900134,348,328,20
108900135,134,12,122
108900136,126,0,126
108900137,221,8,213
108900138,716,57,659
108900139,717,162,555
108900140,301,318,-17
108900141,332,16,316
108900142,118,10,108
108900143,55,1,54
108900144,77,0,77
108900145,143,13,130
108900146,93,1,92
108900147,269,3,266
108900148,97,49,48
108900149,625,376,249
108900150,281,7,274
108900151,197,9,188
108900152,209,46,163
108900153,181,412,-231
108900154,5198,643,4555
108900155,289,109,180
108900156,87,8,79
108900157,30,556,-526
108900158,377,46,331
108900159,6,206,-200
108900160,9,331,-322
108900161,8,478,-470
108900162,111,3,108
108900163,8,226,-218
108900164,56,111,-55
108900165,261,121,140
108900167,1942,6546,-4604
108900168,8363,3175,5188
108900169,84,164,-80
108900171,9211,3234,5977
108900172,225,53,172
108900173,266,483,-217
108900174,821,722,99
108900176,103,447,-344
108900177,5814,5142,672
108900178,4592,3781,811
108900179,713,1798,-1085
108900180,145,273,-128
108900182,29,307,-278
108900183,172,329,-157
108900184,574,276,298
108900185,187,516,-329
108900186,74,404,-330
108900187,422,70,352
108900188,534,95,439
108900189,635,198,437
108900190,62,3092,-3030
108900191,262,53,209
108900192,163,296,-133
108900193,216,42,174
108900194,22,318,-296
108900195,107,303,-196
108900196,31,465,-434
108900198,4,414,-410
108900199,308,377,-69
108900200,855,373,482
108900201,644,1720,-1076
108900203,630,61,569
108900204,384,15,369
108900205,179,31,148
108900206,480,67,413
108900207,177,85,92
108900208,20,352,-332
108900209,224,694,-470
108900210,246,277,-31
108900211,219,541,-322
108900212,775,1360,-585
108900215,87,508,-421
108900216,474,193,281
108900217,132,1,131
108900218,197,9,188
108900219,152,10,142
108900220,59,19,40
108900221,39,135,-96
108900222,342,20,322
108900223,6,114,-108
108900224,35,151,-116
108900225,0,178,-178
108900226,256,11,245
108900227,102,345,-243
108900230,273,283,-10
108900231,60,201,-141
108900232,6,282,-276
108900233,523,158,365
108900234,397,170,227
108900235,189,698,-509
108900236,79,441,-362
108900237,104,270,-166
108900240,229,155,74
108900241,97,65,32
108900245,15,1728,-1713
108900249,203,60,143
108900250,265,163,102
108900257,352,700,-348
108900258,12,219,-207
108900259,89,75,14
108900260,7,77,-70
108900261,85,138,-53
108900262,105,149,-44
108900263,39,165,-126
108900264,657,287,370
108900265,1019,419,600
108900266,813,592,221
108900267,3,111,-108
108900268,4,7,-3
108900269,94,21,73
108900270,87,11,76
108900271,44,13,31
108900272,280,19,261
108900273,1041,786,255
108900274,57,56,1
109000001,2835,1244,1591
109000002,1571,1422,149
109000003,2665,469,2196
109000004,462,2126,-1664
109000005,2783,679,2104
109000006,723,2214,-1491
109000007,1766,750,1016
109000008,522,1853,-1331
109000009,3894,1477,2417
109000010,1492,3949,-2457
109000011,3575,2429,1146
109000012,2137,3632,-1495
109000013,4291,3372,919
109000014,2093,3630,-1537
109000015,4194,7240,-3046
109000016,6385,4182,2203
109000017,2632,1424,1208
109000018,797,3292,-2495
109000019,2840,1310,1530
109000020,935,2108,-1173
109000023,339,36,303
109000024,10,209,-199
109000025,412,496,-84
109000026,692,334,358
109000027,76,304,-228
109000028,154,119,35
109000029,137,266,-129
109000030,89,539,-450
109000031,231,226,5
109000032,126,435,-309
109000033,385,238,147
109000034,61,48,13
109000035,21,106,-85
109000036,100,444,-344
109000037,248,1401,-1153
109000038,739,508,231
109000039,1231,944,287
109000040,5014,9114,-4100
109000041,3703,1866,1837
109000042,728,1615,-887
109000044,425,73,352
109000045,140,396,-256
109000046,436,117,319
109000047,88,503,-415
109000048,1001,261,740
109000049,351,697,-346
109000050,437,304,133
109000051,374,306,68
109000052,675,1140,-465
109000053,288,155,133
109000054,308,574,-266
109000055,233,418,-185
109000056,487,676,-189
109000057,850,593,257
109000058,1524,519,1005
109000059,1325,1769,-444
109000060,471,320,151
109000061,1112,1417,-305
109000062,227,423,-196
109000063,236,241,-5
109000064,323,237,86
109000065,156,294,-138
109000066,450,112,338
109000067,75,332,-257
109000068,2775,13,2762
109000069,1157,25,1132
109000070,9,1144,-1135
109000071,450,80,370
109000072,169,303,-134
109000073,82,93,-11
109000074,30,228,-198
109000075,134,348,-214
109000076,67,214,-147
109000077,321,332,-11
109000078,47,184,-137
109000079,121,190,-69
109000080,148,98,50
109000081,147,500,-353
109000082,488,210,278
109000083,336,707,-371
109000088,123,514,-391
109000089,328,68,260
109000090,221,472,-251
109000091,400,269,131
109000092,435,555,-120
109000093,257,255,2
109000094,519,2,517
109000095,121,439,-318
109000096,809,304,505
109000097,98,188,-90
109000098,45,181,-136
109000099,1042,314,728
109000100,227,510,-283
109000101,1869,867,1002
109000102,377,937,-560
109000103,550,719,-169
109000104,1754,727,1027
109000105,614,1355,-741
109000106,2510,1000,1510
109000107,707,2290,-1583
109000108,2079,720,1359
109000109,523,2035,-1512
109000110,1517,574,943
109000111,1037,2317,-1280
109000112,484,200,284
109000113,326,217,109
109000114,205,288,-83
109000115,1470,32,1438
109000116,7,326,-319
109000117,224,75,149
109000118,6,367,-361
109000119,1488,236,1252
109000120,184,965,-781
109000121,581,52,529
109000122,199,953,-754
109000123,18,66,-48
109000124,689,472,217
109000125,863,424,439
109000126,466,1007,-541
109000127,1007,267,740
109000128,512,1685,-1173
109000129,2431,997,1434
109000130,700,2193,-1493
109000131,1098,680,418
109000132,913,2042,-1129
109000133,458,1077,-619
109000134,884,1600,-716
109000135,1409,1700,-291
109000136,371,396,-25
109000137,339,428,-89
109000138,557,392,165
109000139,567,448,119
109000140,239,491,-252
109000141,616,620,-4
109000142,136,618,-482
109000143,151,69,82
109000145,109,228,-119
109000146,39,98,-59
109000148,3965,1962,2003
109000149,10,42,-32
109000150,106,395,-289
109000155,860,619,241
109000156,1115,821,294
109000158,248,369,-121
109000159,198,741,-543
109000160,920,276,644
109000161,313,1220,-907
109000162,2037,880,1157
109000163,1315,2029,-714
109000164,1161,2685,-1524
109000165,1396,603,793
109000166,796,170,626
109000167,124,664,-540
109000170,31,70,-39
109000171,70,34,36
109000172,55,94,-39
109000173,37,81,-44
109000174,81,58,23
109000175,59,93,-34
109000176,307,274,33
109000177,33,132,-99
109000178,354,115,239
109000179,5948,5206,742
109000180,5767,4463,1304
109000181,21,48,-27
109000182,45,54,-9
109000183,52,59,-7
109000184,87,12,75
109000185,38,64,-26
109000188,704,2041,-1337
109000189,2840,1121,1719
109000190,609,450,159
109000191,306,496,-190
109000192,381,256,125
109000193,220,331,-111
109000194,306,135,171
109000195,150,422,-272
109000196,351,155,196
109000197,251,493,-242
109000198,357,75,282
109000199,156,495,-339
109000206,230,53,177
109000207,144,61,83
109000208,99,103,-4
109000209,201,101,100
109000210,172,625,-453
109000211,240,272,-32
109000214,450,439,11
109000215,225,99,126
109000216,217,332,-115
109000217,239,154,85
109000218,487,234,253
109000221,585,1279,-694
109000222,1176,327,849
109000223,349,383,-34
109000224,47,168,-121
109000225,73,52,21
109000226,67,225,-158
109000227,1203,1245,-42
109000228,5,828,-823
109000231,4,349,-345
109000232,360,310,50
109000236,318,810,-492
109000241,2235,2456,-221
109000242,2324,1665,659
109000293,15,73,-58
109000361,156,372,-216
109000364,304,644,-340
109000396,13,565,-552
109000397,616,13,603
109000399,149,545,-396
109000400,81,179,-98
109000403,298,958,-660
109000406,326,1,325
109000407,343,225,118
109000408,0,267,-267
109000410,1172,348,824
109000411,116,14,102
109900001,86,0,86
109900002,1007,34,973
109900003,241,1,240
109900004,1469,206,1263
109900005,33,8,25
109900006,535,194,341
109900007,820,664,156
109900008,0,44,-44
109900009,130,594,-464
109900010,642,41,601
109900011,127,66,61
109900012,365,322,43
109900013,517,274,243
109900014,424,71,353
109900015,663,337,326
109900016,195,42,153
109900017,213,285,-72
109900018,385,110,275
109900019,431,80,351
109900020,28,42,-14
109900021,19,13,6
109900022,52,189,-137
109900023,27,6,21
109900024,23,7,16
109900025,21,85,-64
109900026,2,162,-160
109900027,55,32,23
109900028,1605,824,781
109900029,2,362,-360
109900030,79,15,64
109900031,0,252,-252
109900032,16,352,-336
109900033,1,539,-538
109900034,39,0,39
109900035,24,28,-4
109900036,27,69,-42
109900037,26,502,-476
109900038,107,283,-176
109900039,2,1,1
109900040,26,559,-533
109900041,61,376,-315
109900042,57,469,-412
109900044,143,272,-129
109900045,133,52,81
109900046,17,96,-79
109900047,344,375,-31
109900048,5,93,-88
109900049,15,31,-16
109900050,0,165,-165
109900051,0,48,-48
109900052,211,416,-205
109900053,6,335,-329
109900054,688,287,401
109900055,64,370,-306
109900056,29,222,-193
109900057,10,166,-156
109900058,1,77,-76
109900059,701,151,550
109900060,396,158,238
109900061,50,331,-281
109900062,0,166,-166
109900063,17,554,-537
109900064,635,281,354
109900065,87,166,-79
109900066,381,993,-612
109900067,1,233,-232
109900068,111,11,100
109900069,2,43,-41
109900070,48,358,-310
109900071,2,44,-42
109900072,39,191,-152
109900073,461,500,-39
109900074,10,55,-45
109900075,21,46,-25
109900076,22,231,-209
109900077,29,74,-45
109900078,100,228,-128
109900080,151,405,-254
109900081,50,304,-254
109900082,78,407,-329
109900083,14,78,-64
109900084,54,158,-104
109900085,275,828,-553
109900086,186,408,-222
109900087,387,677,-290
109900089,760,254,506
109900090,625,1237,-612
109900091,343,121,222
109900092,797,11,786
109900093,1024,235,789
109900094,118,103,15
109900095,141,293,-152
109900096,37,9,28
109900097,65,2,63
109900098,441,53,388
109900099,180,0,180
109900100,40,0,40
109900101,498,36,462
109900102,652,34,618
109900103,31,43,-12
109900104,660,777,-117
109900105,519,39,480
109900106,378,65,313
109900107,553,94,459
109900108,102,345,-243
109900109,31,145,-114
109900110,82,392,-310
109900111,442,976,-534
109900112,436,697,-261
109900113,902,670,232
109900114,1768,1140,628
109900115,192,125,67
109900117,1169,194,975
109900118,238,549,-311
109900119,807,477,330
109900120,84,44,40
109900121,548,634,-86
109900122,455,11,444
109900123,34,194,-160
109900124,37,552,-515
109900125,4,161,-157
109900126,307,112,195
109900128,350,57,293
109900130,7799,2783,5016
109900131,58,147,-89
109900132,37,156,-119
109900133,83,338,-255
109900134,91,102,-11
109900135,353,74,279
109900136,69,148,-79
109900137,101,320,-219
109900138,367,354,13
109900140,231,213,18
109900141,449,249,200
109900142,1351,387,964
109900145,7,638,-631
109900146,676,72,604
109900148,58,93,-35
109900149,50,64,-14
109900150,6,112,-106
109900151,4,48,-44
109900152,0,34,-34
109900153,0,44,-44
109900154,42,1,41
109900155,95,19,76
109900157,83,249,-166
109900158,83,149,-66
109900159,231,50,181
109900160,233,81,152
109900161,291,110,181
109900162,224,192,32
109900163,851,363,488
109900164,62,194,-132
109900165,318,3,315
109900166,3,177,-174
109900167,149,648,-499
109900168,231,721,-490
109900169,255,224,31
109900170,266,762,-496
109900171,201,106,95
109900172,324,277,47
109900173,3221,2551,670
109900174,75,144,-69
109900175,117,116,1
109900176,169,172,-3
109900177,48,246,-198
109900178,20,189,-169
109900179,71,18,53
109900180,9,11,-2
110000001,950,528,422
110000002,634,819,-185
110000003,1036,788,248
110000004,582,857,-275
110000005,497,2244,-1747
110000006,439,327,112
110000007,120,155,-35
110000008,21,64,-43
110000009,73,38,35
110000010,43,74,-31
110000011,49,92,-43
110000012,602,457,145
110000013,63,502,-439
110000014,585,401,184
110000015,334,593,-259
110000016,309,1715,-1406
110000017,2740,297,2443
110000018,2693,504,2189
110000019,12,112,-100
110000020,538,173,365
110000021,670,520,150
110000022,1116,304,812
110000023,10,114,-104
110000024,757,367,390
110000025,523,18,505
110000026,5,327,-322
110000027,1544,969,575
110000028,904,794,110
110000029,604,840,-236
110000030,224,391,-167
110000031,306,577,-271
110000032,725,448,277
110000033,433,112,321
110000034,529,777,-248
110000035,1164,602,562
110000036,1172,727,445
110000037,343,490,-147
110000038,339,767,-428
110000039,791,3355,-2564
110000040,350,402,-52
110000041,327,1465,-1138
110000042,124,296,-172
110000043,851,271,580
110000044,208,214,-6
110000045,1678,113,1565
110000046,7,17,-10
110000047,69,28,41
110000048,10,32,-22
110000049,41,10,31
110000050,10,194,-184
110000051,27,15,12
110000052,31,20,11
110000053,471,54,417
110000054,279,273,6
110000055,783,88,695
110000056,225,88,137
110000057,435,543,-108
110000058,1449,564,885
110000059,1079,611,468
110000060,940,1226,-286
110000061,1106,917,189
110000062,779,1019,-240
110000063,29,106,-77
110000064,109,83,26
110000065,107,88,19
110000066,86,47,39
110000067,90,200,-110
110000068,447,220,227
110000069,264,136,128
110000071,147,146,1
110000073,21,15,6
110000075,17,91,-74
110000076,359,478,-119
110000077,414,1563,-1149
110000078,39,59,-20
110000080,321,852,-531
110000081,29,300,-271
110000082,32,503,-471
110000083,213,737,-524
110000084,1234,1075,159
110000085,2089,1804,285
110000086,1574,2582,-1008
110000087,19,61,-42
110000088,72,243,-171
110000089,350,155,195
110000090,193,309,-116
110000091,1302,350,952
110000092,27,83,-56
110000093,36,16,20
110000094,529,281,248
110000095,261,634,-373
110000096,2393,2192,201
110000097,1374,1326,48
110000098,2393,732,1661
110000099,848,1819,-971
110000100,989,528,461
110000101,13,403,-390
110000102,75,22,53
110000104,396,112,284
110000105,64,285,-221
110000106,793,450,343
110000107,299,400,-101
110000108,173,89,84
110000109,317,322,-5
110000110,3663,6142,-2479
110000111,6947,3235,3712
110000112,1626,1587,39
110000113,458,2401,-1943
110000114,171,690,-519
110000115,380,375,5
110000116,61,82,-21
110000117,217,386,-169
110000118,490,200,290
110000119,283,323,-40
110000120,445,204,241
110000121,71,402,-331
110000122,438,742,-304
110000123,718,946,-228
110000124,3,1043,-1040
110000125,1117,28,1089
110000126,372,36,336
110000127,1402,85,1317
110000128,43,1549,-1506
110000129,1,537,-536
110000130,301,210,91
110000131,138,363,-225
110000132,5,717,-712
110000133,51,511,-460
110000134,35,429,-394
110000135,197,54,143
110000136,70,285,-215
110000137,646,727,-81
110000138,940,767,173
110000139,887,1346,-459
110000140,1053,711,342
110000143,720,575,145
110000144,7020,2215,4805
110000145,2345,1329,1016
110000146,2501,1092,1409
110000147,569,673,-104
110000148,626,361,265
110000151,1459,1434,25
110000152,1263,398,865
110000153,109,50,59
110000154,57,46,11
110000155,2634,4986,-2352
110000156,1382,3105,-1723
110000157,2720,2721,-1
110000160,327,271,56
110000161,183,266,-83
110000166,623,158,465
110000167,835,662,173
110000168,1175,592,583
110000169,1023,452,571
110000170,164,94,70
110000171,726,181,545
110000172,157,810,-653
110000173,1116,1395,-279
110000174,227,1028,-801
110000175,686,108,578
110000176,106,367,-261
110000177,167,889,-722
110000178,500,1541,-1041
110000179,1258,377,881
110000180,182,259,-77
110000181,413,638,-225
110000182,446,145,301
110000183,9887,7640,2247
110000184,352,2531,-2179
110000185,1465,800,665
110000186,898,851,47
110000191,1013,294,719
110000192,602,17,585
110000193,1100,13,1087
110000194,14,1328,-1314
110000195,580,383,197
110000196,418,373,45
110000197,132,178,-46
110000198,237,120,117
110000199,151,184,-33
110000200,1414,629,785
110000201,955,1147,-192
110000202,1439,719,720
110000203,770,899,-129
110000204,7,286,-279
110000205,124,62,62
110000206,671,1552,-881
110000207,1124,430,694
110000208,292,195,97
110000209,219,940,-721
110000210,1039,587,452
110000211,720,747,-27
110000212,424,1204,-780
110000213,206,113,93
110000214,268,148,120
110000215,201,490,-289
110000216,96,395,-299
110000217,341,185,156
110000218,159,444,-285
110000219,358,104,254
110000220,95,321,-226
110000221,453,98,355
110000222,87,187,-100
110000223,3,156,-153
110000224,61,9,52
110000225,345,727,-382
110000226,275,99,176
110000227,728,730,-2
110000228,265,177,88
110000229,1,266,-265
110000230,613,605,8
110000231,178,232,-54
110000232,239,211,28
110000233,215,376,-161
110000234,989,751,238
110000235,1030,1342,-312
110000236,513,756,-243
110000237,2089,1267,822
110000238,1376,1462,-86
110000239,2088,1248,840
110000240,0,84,-84
110000242,1,5,-4
110000243,141,197,-56
110000244,203,385,-182
110000245,24,336,-312
110000246,913,586,327
110000247,1584,5201,-3617
110000248,2754,1723,1031
110000249,91,19,72
110000250,43,205,-162
110000251,402,589,-187
110000252,381,208,173
110000253,1439,822,617
110000254,784,1545,-761
110000255,350,1160,-810
110000256,608,435,173
110000257,969,447,522
110000258,5,447,-442
110000259,97,23,74
110000260,31,264,-233
110000263,603,120,483
110000264,321,543,-222
110000265,1220,2099,-879
110000266,2645,3709,-1064
110000267,22,290,-268
110000268,478,595,-117
110000269,6,116,-110
110000270,74,9,65
110000271,1585,349,1236
110000272,1567,1229,338
110000273,4883,1750,3133
110000274,204,1521,-1317
110000275,2180,599,1581
110000276,257,289,-32
110000277,305,422,-117
110000278,322,710,-388
110000279,939,818,121
110000280,431,449,-18
110000281,44,385,-341
110000282,354,44,310
110000283,87,163,-76
110000284,58,38,20
110000285,4,722,-718
110000286,34,1,33
110000287,89,5,84
110000288,1,125,-124
110000289,487,1899,-1412
110000290,928,631,297
110000291,5146,1398,3748
110000292,1648,4891,-3243
110000293,781,921,-140
110000294,1085,1310,-225
110000295,373,1170,-797
110000296,854,565,289
110000297,2756,380,2376
110000298,219,514,-295
110000299,350,155,195
110000301,277,62,215
110000302,209,920,-711
110000303,464,13,451
110000304,68,252,-184
110000305,1325,24,1301
110000306,130,1306,-1176
110000307,1978,12,1966
110000308,740,9,731
110000309,6,872,-866
110000310,762,55,707
110000311,22,704,-682
110000312,450,123,327
110000313,3342,3869,-527
110000314,1,308,-307
110000315,4170,3121,1049
110000316,509,1421,-912
110000317,565,403,162
110000318,11,98,-87
110000319,7,39,-32
110000320,69,59,10
110000321,45,44,1
110000322,322,435,-113
110000323,377,207,170
110000324,3794,1817,1977
110000325,3311,3147,164
110000327,696,368,328
110000328,266,424,-158
110000333,864,741,123
110000334,1039,1545,-506
110000335,1045,641,404
110000336,822,1197,-375
110000337,1476,749,727
110000338,634,259,375
110000339,423,296,127
110000340,69,240,-171
110000341,499,561,-62
110000342,696,4,692
110000343,1,18,-17
110000344,95,141,-46
110000345,203,148,55
110000346,2943,2289,654
110000347,1219,930,289
110000348,39,16,23
110000349,15,23,-8
110000350,70,5,65
110000351,1019,864,155
110000352,658,1541,-883
110000353,2460,841,1619
110000354,1297,2868,-1571
110000355,120,108,12
110000356,647,7,640
110000357,409,17,392
110000361,44,48,-4
110000362,78,86,-8
110000363,456,152,304
110000364,294,349,-55
110000365,189,3,186
110000366,0,85,-85
110000367,461,263,198
110000368,6,67,-61
110000369,65,2,63
110000373,7,377,-370
110000374,252,17,235
110000375,171,1180,-1009
110000376,37,103,-66
110000377,79,477,-398
110000378,28,381,-353
110000379,2984,1792,1192
110000380,69,9,60
110000383,4,1024,-1020
110000384,1998,622,1376
110000385,4,280,-276
110000387,99,8,91
110000388,52,252,-200
110000389,928,7,921
110000391,705,425,280
110000396,245,153,92
110000397,177,187,-10
110000398,5,59,-54
110000399,153,5,148
110000587,141,51,90
110000589,175,171,4
110000640,292,58,234
110000652,66,418,-352
110000653,296,462,-166
110000654,71,110,-39
110000656,1,694,-693
110000674,27,32,-5
110000675,11,22,-11
110000676,9,59,-50
110000679,381,1381,-1000
110000682,117,232,-115
110000683,288,584,-296
110000684,4,50,-46
110000685,9,27,-18
110000686,5,51,-46
110000687,57,8,49
110000688,75,929,-854
110000689,37,42,-5
110000692,60,146,-86
110000693,73,294,-221
110000694,0,169,-169
110000695,271,665,-394
110000696,106,114,-8
110900001,269,11,258
110900002,378,269,109
110900003,798,720,78
110900004,524,204,320
110900005,3032,2219,813
110900006,19,6,13
110900007,123,45,78
110900008,11,43,-32
110900009,605,114,491
110900010,16,91,-75
110900011,23,120,-97
110900012,7,90,-83
110900013,1054,167,887
110900014,205,16,189
110900015,568,721,-153
110900016,65,112,-47
110900017,464,40,424
110900018,659,58,601
110900019,166,37,129
110900020,96,269,-173
110900021,96,694,-598
110900022,97,329,-232
110900023,91,467,-376
110900024,31,460,-429
110900025,6,52,-46
110900027,43,285,-242
110900028,75,169,-94
110900029,29,415,-386
110900030,58,274,-216
110900031,6,150,-144
110900032,1,80,-79
110900033,42,248,-206
110900035,19,462,-443
110900036,112,22,90
110900037,98,18,80
110900038,1093,263,830
110900039,10,331,-321
110900040,237,69,168
110900041,21,117,-96
110900042,151,40,111
110900043,7,133,-126
110900044,323,31,292
110900045,58,555,-497
110900046,39,303,-264
110900047,563,228,335
110900049,136,79,57
110900050,20,12,8
110900051,47,262,-215
110900052,3,184,-181
110900053,74,45,29
110900054,28,282,-254
110900055,38,5,33
110900056,50,136,-86
110900057,11,156,-145
110900058,230,221,9
110900059,755,656,99
110900060,547,154,393
110900061,16,60,-44
110900062,207,280,-73
110900063,60,139,-79
110900064,12,0,12
110900065,355,150,205
110900066,11,73,-62
110900067,360,700,-340
110900068,227,349,-122
110900069,18,26,-8
110900070,176,104,72
110900071,358,809,-451
110900073,0,44,-44
110900074,386,86,300
110900075,425,109,316
110900077,901,626,275
110900078,30,61,-31
110900079,2720,1755,965
110900080,155,78,77
110900081,7,48,-41
110900082,163,149,14
110900083,149,65,84
110900084,57,113,-56
110900085,48,323,-275
110900086,115,421,-306
110900087,402,107,295
110900088,22,2,20
110900090,65,38,27
110900091,0,76,-76
110900093,337,167,170
110900095,75,66,9
110900097,16,17,-1
110900098,53,133,-80
110900099,65,444,-379
110900100,0,32,-32
110900102,88,27,61
110900105,769,268,501
110900108,14,67,-53
110900111,526,158,368
110900112,968,5,963
110900113,530,44,486
110900115,15,87,-72
110900116,750,1897,-1147
110900118,94,2920,-2826
110900119,4437,490,3947
110900120,17,66,-49
110900121,191,0,191
110900122,420,243,177
110900125,517,448,69
110900127,1056,1779,-723
110900128,315,373,-58
110900129,601,1067,-466
110900130,1243,615,628
110900131,269,50,219
110900132,327,149,178
110900133,138,250,-112
110900135,145,435,-290
110900136,366,17,349
110900137,68,0,68
110900138,1529,420,1109
110900139,21,101,-80
110900140,72,5,67
110900141,4,132,-128
110900142,67,202,-135
110900143,209,99,110
110900144,1,775,-774
110900145,198,52,146
110900146,375,175,200
110900147,135,382,-247
110900148,3,400,-397
110900149,5,74,-69
110900150,67,38,29
110900151,1,94,-93
110900152,37,207,-170
110900153,153,65,88
111000001,420,271,149
111000002,430,616,-186
111000003,1334,915,419
111000004,501,1056,-555
111000005,1635,1539,96
111000006,1156,1884,-728
111000007,5187,3380,1807
111000008,2407,3723,-1316
111000009,360,901,-541
111000010,871,247,624
111000011,247,897,-650
111000012,550,360,190
111000013,382,751,-369
111000014,991,531,460
111000017,172,1068,-896
111000018,281,423,-142
111000020,970,2932,-1962
111000021,99,104,-5
111000023,86,94,-8
111000025,4684,3972,712
111000029,80,148,-68
111000030,35,128,-93
111000031,2283,1327,956
111000032,569,377,192
111000033,350,368,-18
111000034,248,235,13
111000037,1966,1338,628
111000038,4716,3139,1577
111000039,2544,2776,-232
111000040,2373,3063,-690
111000041,2164,2125,39
111000042,3564,2903,661
111000043,2157,3520,-1363
111000044,2035,1300,735
111000045,2759,2805,-46
111000046,1947,2126,-179
111000047,2782,4442,-1660
111000049,640,699,-59
111000050,1432,1546,-114
111000051,632,1237,-605
111000052,678,1861,-1183
111000053,401,1095,-694
111000054,377,892,-515
111000055,1124,1948,-824
111000056,111,503,-392
111000057,93,617,-524
111000058,396,82,314
111000059,461,277,184
111000060,3685,943,2742
111000061,619,407,212
111000062,763,366,397
111000063,1812,1043,769
111000064,667,664,3
111000065,1177,882,295
111000066,559,561,-2
111000067,572,805,-233
111000068,903,1160,-257
111000069,2010,2421,-411
111000070,819,1010,-191
111000071,115,606,-491
111000072,932,366,566
111000073,289,644,-355
111000074,1744,1824,-80
111000075,1412,798,614
111000076,594,611,-17
111000077,2068,1977,91
111000078,3589,2012,1577
111000079,1533,917,616
111000080,584,751,-167
111000081,1745,4032,-2287
111000082,668,736,-68
111000084,862,556,306
111000085,1090,1612,-522
111000086,2512,1312,1200
111000087,666,831,-165
111000088,5239,2550,2689
111000089,898,971,-73
111000090,1021,1692,-671
111000091,889,606,283
111000092,1411,976,435
111000093,803,1239,-436
111000094,1911,1137,774
111000095,721,2371,-1650
111000096,2268,8290,-6022
111000097,4639,1693,2946
111000098,823,1461,-638
111000099,669,2081,-1412
111000100,430,1555,-1125
111000101,424,803,-379
111000102,310,648,-338
111000104,759,182,577
111000107,185,640,-455
111000109,853,281,572
111000110,1302,602,700
111000111,2252,604,1648
111000112,1846,800,1046
111000113,949,1411,-462
111000114,1828,3371,-1543
111000115,6579,1337,5242
111000116,1036,1075,-39
111000117,450,961,-511
111000118,1530,1013,517
111000119,1207,1277,-70
111000120,450,647,-197
111000121,267,682,-415
111000122,672,1415,-743
111000123,1306,3273,-1967
111000124,513,2824,-2311
111000125,218,1621,-1403
111000126,88,977,-889
111000127,914,202,712
111000128,1864,347,1517
111000129,3101,479,2622
111000130,2431,816,1615
111000131,1784,677,1107
111000132,1619,898,721
111000133,211,179,32
111000134,138,123,15
111000135,56,144,-88
111000136,354,294,60
111000138,15,3,12
111000140,2,7,-5
111000141,220,360,-140
111000142,14,72,-58
111000143,7,90,-83
111000144,14,189,-175
111000145,1507,23,1484
111000146,140,15,125
111000147,322,36,286
111000148,181,89,92
111000149,4,34,-30
111000150,31,6,25
111000151,5,28,-23
111000153,753,834,-81
111000154,883,210,673
111000155,86,226,-140
111000156,498,774,-276
111000157,272,1190,-918
111000158,1068,745,323
111000159,2447,767,1680
111000160,510,301,209
111000161,26,389,-363
111000162,78,194,-116
111000163,855,1095,-240
111000164,785,4189,-3404
111000165,1199,705,494
111000166,2666,490,2176
111000167,165,556,-391
111000168,272,604,-332
111000169,344,764,-420
111000170,600,497,103
111000171,525,785,-260
111000172,178,413,-235
111000173,350,713,-363
111000174,210,386,-176
111000175,47,382,-335
111000176,354,131,223
111000177,432,166,266
111000178,1214,307,907
111000179,229,199,30
111000180,297,542,-245
111000181,1138,246,892
111000182,198,241,-43
111000183,351,347,4
111000184,322,277,45
111000185,497,476,21
111000186,442,309,133
111000187,171,243,-72
111000188,214,430,-216
111000189,1044,617,427
111000190,211,349,-138
111000191,197,384,-187
111000192,239,566,-327
111000193,321,310,11
111000194,41,335,-294
111000195,138,390,-252
111000196,39,194,-155
111000197,479,125,354
111000198,560,94,466
111000199,195,130,65
111000200,398,315,83
111000201,625,252,373
111000202,236,227,9
111000203,327,292,35
111000204,447,882,-435
111000213,256,439,-183
111000214,1820,1584,236
111000215,1065,1414,-349
111000217,1598,1188,410
111000218,1170,1392,-222
111000219,439,219,220
111000220,2256,835,1421
111000221,938,172,766
111000224,1,247,-246
111000225,237,43,194
111000226,130,16,114
111000227,35,6,29
111000228,42,385,-343
111000229,57,959,-902
111000230,515,545,-30
111000231,1127,926,201
111000232,559,913,-354
111000233,984,898,86
111000234,183,530,-347
111000239,131,202,-71
111000240,56,239,-183
111000241,82,342,-260
111000242,175,74,101
111000243,150,592,-442
111000244,524,126,398
111000245,1267,553,714
111000246,526,562,-36
111000247,375,898,-523
111000248,664,635,29
111000249,504,722,-218
111000250,41,157,-116
111000251,76,135,-59
111000253,7,11,-4
111000255,27,14,13
111000257,33,17,16
111000260,119,1050,-931
111000261,1502,129,1373
111000271,30,242,-212
111000273,4419,1879,2540
111000274,1324,2171,-847
111000275,161,63,98
111000276,320,2156,-1836
111000277,201,479,-278
111000278,707,258,449
111000291,710,5417,-4707
111000298,748,294,454
111000299,650,159,491
111000300,132,625,-493
111000302,320,75,245
111000303,78,237,-159
111000312,65,97,-32
111000315,0,21,-21
111000320,395,849,-454
111000321,442,145,297
111000322,409,593,-184
111000323,236,43,193
111000324,411,396,15
111000325,48,100,-52
111000326,198,306,-108
111000327,568,423,145
111000328,221,503,-282
111000329,2,33,-31
111000330,62,6,56
111000331,9,5,4
111000332,662,1629,-967
111000334,401,1365,-964
111000335,774,327,447
111000337,1404,495,909
111000338,102,135,-33
111000339,850,449,401
111000340,150,688,-538
111000341,1217,724,493
111000342,201,415,-214
111000344,1308,863,445
111000345,254,38,216
111000346,10,77,-67
111000347,219,14,205
111000350,108,99,9
111000351,142,252,-110
111000352,184,116,68
111000353,141,251,-110
111000354,602,137,465
111000355,474,671,-197
111000358,249,1193,-944
111000360,251,669,-418
111000361,173,296,-123
111000546,906,719,187
111000547,477,571,-94
111000548,137,365,-228
111000549,439,403,36
111000550,60,946,-886
111000551,689,171,518
111000552,1648,109,1539
111000907,502,74,428
111000908,12,0,12
111000916,1916,386,1530
111000917,49,496,-447
111000918,238,818,-580
111000920,494,25,469
111000921,5,156,-151
111000922,646,343,303
111000924,75,775,-700
111000925,2096,1971,125
111000926,993,1610,-617
111000927,3298,4620,-1322
111000928,4760,4032,728
111000929,1242,1472,-230
111000930,736,2666,-1930
111000931,2545,2976,-431
111000932,4986,3200,1786
111000933,3790,2557,1233
111000934,2169,4289,-2120
111000935,1282,974,308
111000936,1117,2398,-1281
111000937,822,1484,-662
111000938,1585,1673,-88
111000939,501,38,463
111000940,478,141,337
111000941,401,480,-79
111000943,385,294,91
111000944,151,342,-191
111000945,107,1527,-1420
111001109,526,380,146
111001110,149,592,-443
111001111,64,9,55
111001112,125,3,122
111001113,2,196,-194
111001114,1140,105,1035
111001115,39,589,-550
111001116,5096,4266,830
111001117,644,2801,-2157
111001120,117,337,-220
111001121,192,257,-65
111001122,25,313,-288
111900001,25,163,-138
111900002,25,733,-708
111900003,10,368,-358
111900004,81,124,-43
111900006,7,31,-24
111900007,140,7,133
111900008,245,3,242
111900009,197,236,-39
111900010,517,645,-128
111900012,59,121,-62
111900013,8,137,-129
111900014,5852,3896,1956
111900015,0,51,-51
111900016,0,107,-107
111900017,1,134,-133
111900018,274,9,265
111900019,6,156,-150
111900020,9,55,-46
111900021,41,143,-102
111900022,23,92,-69
111900023,128,99,29
111900024,5,92,-87
111900025,0,41,-41
111900026,0,88,-88
111900027,9,166,-157
111900028,1,374,-373
111900029,4,129,-125
111900030,45,414,-369
111900031,37,71,-34
111900032,1,297,-296
111900033,4,114,-110
111900034,273,392,-119
111900035,78,220,-142
111900036,4,321,-317
111900038,343,595,-252
111900039,90,480,-390
111900040,0,519,-519
111900042,91,146,-55
111900043,5,345,-340
111900044,368,240,128
111900046,40,193,-153
111900048,218,637,-419
111900049,42,250,-208
111900050,134,51,83
111900051,0,178,-178
111900052,368,489,-121
111900053,1285,1558,-273
111900054,168,10,158
111900055,30,421,-391
111900056,202,320,-118
111900057,143,19,124
111900058,427,623,-196
111900059,1652,554,1098
111900060,523,3,520
111900061,8,243,-235
111900062,39,69,-30
111900063,349,254,95
111900064,102,275,-173
111900065,127,60,67
111900066,202,188,14
111900067,1,383,-382
111900068,49,61,-12
111900069,47,38,9
111900070,177,165,12
111900071,2,277,-275
111900072,35,20,15
111900073,889,174,715
111900074,18,229,-211
111900075,112,15,97
111900076,176,71,105
111900077,54,3,51
111900078,303,13,290
111900079,72,52,20
111900080,253,271,-18
111900081,720,211,509
111900082,119,36,83
111900083,154,19,135
111900084,128,11,117
111900085,38,158,-120
111900086,32,4,28
111900087,57,2,55
111900088,502,4,498
111900089,158,10,148
111900090,82,71,11
111900091,240,2,238
111900092,124,0,124
111900093,429,6,423
111900094,160,0,160
111900095,297,40,257
111900096,166,1,165
111900097,65,0,65
111900098,239,0,239
111900099,72,0,72
111900100,131,6,125
111900101,85,16,69
111900102,756,621,135
111900103,86,80,6
111900104,215,78,137
111900105,435,428,7
111900106,1636,97,1539
111900107,149,125,24
111900108,183,201,-18
111900109,602,454,148
111900110,2023,494,1529
111900111,187,187,0
111900112,712,2692,-1980
111900113,248,83,165
111900114,181,158,23
111900115,14,48,-34
111900118,271,131,140
111900119,398,184,214
111900122,128,75,53
111900123,29,72,-43
111900124,55,115,-60
111900125,586,31,555
111900126,314,2,312
111900127,3,529,-526
111900128,4,525,-521
111900129,365,6,359
111900130,311,46,265
111900131,517,1,516
111900132,21,1022,-1001
111900133,7,341,-334
111900134,10,246,-236
111900135,18,59,-41
111900136,100,219,-119
111900137,99,102,-3
111900138,22,115,-93
111900139,28,133,-105
111900140,113,40,73
111900141,108,16,92
111900142,124,56,68
111900143,24,166,-142
111900144,0,77,-77
111900145,0,514,-514
111900146,2,294,-292
111900147,143,500,-357
111900148,30,699,-669
111900149,5,351,-346
111900150,21,186,-165
111900151,6,37,-31
111900152,95,76,19
111900153,1753,603,1150
111900154,21,275,-254
111900155,85,79,6
111900156,44,72,-28
111900157,115,21,94
111900158,523,53,470
111900159,283,24,259
111900160,259,0,259
111900161,204,12,192
111900162,63,197,-134
111900163,50,223,-173
111900164,83,76,7
111901113,493,221,272
111901114,231,278,-47
111901115,103,1,102
111901116,69,10,59
111901117,26,34,-8
111901118,83,237,-154
111901119,908,94,814
111901120,140,223,-83
111901121,231,246,-15
111901122,4,527,-523
111901123,186,370,-184
111901124,161,2,159
111901125,238,37,201
111901126,128,77,51
111901127,737,586,151
111901128,25,105,-80
111901129,18,190,-172
111901130,9,224,-215
111901131,7,233,-226
111901132,166,31,135
111901133,34,6,28
111901134,76,8,68
111901135,17,9,8
111901136,21,62,-41
111901137,0,43,-43
111901138,232,46,186
111901139,30,41,-11
111901140,13,67,-54
111901141,8,129,-121
111901142,3,113,-110
111901143,0,79,-79
111901144,22,48,-26
112000001,2088,847,1241
112000002,750,2728,-1978
112000003,1444,1258,186
112000004,915,1222,-307
112000005,3851,3952,-101
112000006,3026,2506,520
112000007,3213,2281,932
112000008,2492,3836,-1344
112000009,3656,3241,415
112000010,2901,3397,-496
112000011,2052,1750,302
112000012,5275,4750,525
112000013,5689,3444,2245
112000014,3737,2433,1304
112000015,5064,3798,1266
112000016,6795,1498,5297
112000017,2884,3035,-151
112000024,3235,1549,1686
112000026,4456,5517,-1061
112000027,1056,643,413
112000028,1472,1867,-395
112000029,657,903,-246
112000030,193,116,77
112000031,1678,5102,-3424
112000032,454,100,354
112000033,2393,2112,281
112000034,318,90,228
112000035,174,396,-222
112000036,1028,1145,-117
112000037,1570,898,672
112000038,1505,1234,271
112000039,75,83,-8
112000040,116,274,-158
112000041,530,602,-72
112000042,1579,537,1042
112000050,1332,1748,-416
112000051,1247,1423,-176
112000054,2152,2114,38
112000057,582,527,55
112000058,414,716,-302
112000059,697,922,-225
112000061,3420,2027,1393
112000062,1900,927,973
112000063,1525,1985,-460
112000064,4508,5561,-1053
112000065,2291,2639,-348
112000066,3984,1555,2429
112000067,1035,767,268
112000068,3444,2510,934
112000069,935,2174,-1239
112000070,2340,995,1345
112000071,1463,3040,-1577
112000072,2801,1075,1726
112000073,2372,2953,-581
112000074,2063,1513,550
112000075,1644,1465,179
112000076,4011,3054,957
112000077,709,649,60
112000078,1976,750,1226
112000079,1657,1423,234
112000080,775,899,-124
112000081,1484,2741,-1257
112000082,1617,934,683
112000083,640,1469,-829
112000084,1477,991,486
112000085,1234,1215,19
112000086,2058,1513,545
112000087,510,411,99
112000088,793,647,146
112000089,307,281,26
112000090,314,331,-17
112000091,716,1363,-647
112000092,2159,1367,792
112000093,1943,1222,721
112000094,709,1016,-307
112000095,661,1210,-549
112000096,590,725,-135
112000097,1412,860,552
112000098,1366,1354,12
112000099,943,1789,-846
112000100,2103,1015,1088
112000101,772,1229,-457
112000102,1462,605,857
112000103,413,1344,-931
112000105,543,1780,-1237
112000106,1709,421,1288
112000107,44,311,-267
112000108,224,1640,-1416
112000109,90,93,-3
112000110,1698,650,1048
112000111,1348,3854,-2506
112000112,5083,742,4341
112000113,999,1981,-982
112000114,2774,1132,1642
112000115,289,450,-161
112000116,1032,1480,-448
112000117,1264,918,346
112000118,1221,1084,137
112000119,514,795,-281
112000120,75,388,-313
112000121,107,492,-385
112000122,269,175,94
112000123,738,217,521
112000124,366,89,277
112000125,261,320,-59
112000126,296,519,-223
112000127,3046,2587,459
112000128,1034,785,249
112000129,161,139,22
112000130,185,89,96
112000131,55,337,-282
112000132,127,295,-168
112000133,475,212,263
112000134,470,385,85
112000135,1234,747,487
112000136,1098,1328,-230
112000137,2133,1784,349
112000138,2019,1347,672
112000139,1068,595,473
112000140,1113,1201,-88
112000141,802,352,450
112000142,200,645,-445
112000143,1254,249,1005
112000144,404,1307,-903
112000145,2762,707,2055
112000146,764,2216,-1452
112000147,2675,2108,567
112000148,1972,2278,-306
112000149,504,690,-186
112000150,234,717,-483
112000151,369,415,-46
112000152,357,411,-54
112000153,165,320,-155
112000154,197,185,12
112000155,154,97,57
112000157,981,609,372
112000158,341,578,-237
112000159,570,436,134
112000167,505,104,401
112000169,410,420,-10
112000173,1002,284,718
112000175,465,386,79
112000176,3757,2393,1364
112000177,821,287,534
112000178,104,409,-305
112000179,330,138,192
112000180,322,412,-90
112000181,1790,2468,-678
112000182,1348,1887,-539
112000183,76,69,7
112000184,400,435,-35
112000185,537,600,-63
112000187,6443,3835,2608
112000195,226,33,193
112000196,393,2,391
112000197,213,193,20
112000198,49,358,-309
112000199,177,939,-762
112000202,480,4,476
112000216,65,271,-206
112000230,111,10,101
112000231,3,263,-260
112000256,68,272,-204
112000313,106,199,-93
112000314,81,49,32
112000337,445,737,-292
112000352,547,425,122
112000392,1556,1502,54
112000398,1408,1000,408
112000399,1921,2452,-531
112000400,1855,3459,-1604
112000401,3548,3003,545
112000402,3480,3361,119
112000403,2311,3051,-740
112000404,864,934,-70
112000405,2141,3266,-1125
112000406,4033,2922,1111
112000407,7860,9570,-1710
112000408,9979,8521,1458
112000409,1886,5414,-3528
112000410,586,302,284
112000411,4146,1921,2225
112000412,1923,893,1030
112000413,9462,6031,3431
112000414,80,69,11
112000415,122,42,80
112000416,2688,1610,1078
112000417,237,71,166
112000421,33,136,-103
112000422,469,463,6
112000424,2375,3181,-806
112000425,453,778,-325
112000426,175,352,-177
112000427,3,12,-9
112000428,353,382,-29
112000429,2684,2806,-122
112000430,2850,3082,-232
112000431,84,155,-71
112000432,979,1332,-353
112000433,511,1081,-570
112000437,47,222,-175
112900001,62,0,62
112900002,467,1091,-624
112900003,60,356,-296
112900004,77,354,-277
112900005,244,225,19
112900006,5,390,-385
112900007,49,207,-158
112900008,2,25,-23
112900009,452,150,302
112900010,453,933,-480
112900011,204,270,-66
112900012,1,59,-58
112900013,11,241,-230
112900014,2,356,-354
112900015,478,923,-445
112900016,6,282,-276
112900017,63,304,-241
112900018,2,275,-273
112900019,55,245,-190
112900020,491,1345,-854
112900021,6,224,-218
112900022,9,100,-91
112900023,2,172,-170
112900024,30,280,-250
112900025,93,313,-220
112900026,24,276,-252
112900027,8,1282,-1274
112900028,25,178,-153
112900029,14,598,-584
112900030,148,235,-87
112900031,12,549,-537
112900032,308,292,16
112900034,0,75,-75
112900035,7,480,-473
112900036,88,162,-74
112900037,162,193,-31
112900038,848,262,586
112900039,23,366,-343
112900040,14,389,-375
112900041,1102,1446,-344
112900042,60,365,-305
112900043,34,47,-13
112900044,685,627,58
112900045,381,438,-57
112900046,276,88,188
112900047,13,15,-2
112900049,262,121,141
112900050,60,604,-544
112900051,369,702,-333
112900052,15,1038,-1023
112900053,339,107,232
112900054,202,85,117
112900055,171,41,130
112900056,495,247,248
112900057,15,565,-550
112900058,336,422,-86
112900059,195,157,38
112900060,34,169,-135
112900061,153,152,1
112900062,117,182,-65
112900063,190,27,163
112900064,263,264,-1
112900065,61,37,24
112900066,453,213,240
112900067,502,228,274
112900068,55,40,15
112900069,1858,892,966
112900071,42,12,30
112900072,174,2048,-1874
112900073,396,126,270
112900074,120,265,-145
112900075,1607,984,623
112900076,110,63,47
112900078,398,453,-55
112900079,353,47,306
112900080,79,3,76
112900081,44,241,-197
112900082,671,25,646
112900083,125,96,29
112900084,243,136,107
112900085,0,21,-21
112900086,88,1,87
112900087,991,150,841
112900088,200,21,179
112900089,1408,45,1363
112900090,64,32,32
112900091,249,9,240
112900092,198,294,-96
112900093,1688,26,1662
112900094,150,6,144
112900095,59,1,58
112900096,642,198,444
112900097,131,390,-259
112900098,246,4,242
112900099,917,42,875
112900100,52,2,50
112900101,375,6,369
112900102,239,16,223
112900103,238,2,236
112900104,34,1,33
112900105,16,0,16
112900106,569,155,414
112900107,12,3,9
112900108,25,1,24
112900109,136,0,136
112900110,1343,20,1323
112900111,753,5,748
112900112,342,4,338
112900113,0,6,-6
112900114,110,58,52
112900115,1456,7,1449
112900116,149,44,105
112900117,103,87,16
112900118,47,109,-62
112900119,187,1,186
112900120,913,355,558
112900121,158,277,-119
112900122,15,134,-119
112900123,137,47,90
112900124,12,116,-104
112900125,130,631,-501
112900126,217,245,-28
112900127,427,164,263
112900128,338,882,-544
112900129,6,1132,-1126
112900130,322,109,213
112900131,46,229,-183
112900132,107,400,-293
112900133,48,1278,-1230
112900134,1,338,-337
112900135,128,54,74
112900136,0,29,-29
112900137,0,563,-563
112900138,10,346,-336
112900139,267,1556,-1289
112900140,1,71,-70
112900141,885,79,806
112900142,115,182,-67
112900143,43,646,-603
112900144,0,185,-185
112900145,35,649,-614
112900146,9,1151,-1142
112900147,4,1760,-1756
112900148,64,1,63
112900149,398,392,6
112900151,12,53,-41
112900152,3806,1140,2666
112900153,2332,2701,-369
112900154,2,96,-94
112900155,257,29,228
112900156,478,1344,-866
112900157,259,18,241
112900158,72,27,45
112900159,348,132,216
112900160,108,316,-208
112900161,129,55,74
112900162,48,27,21
112900163,136,49,87
112900164,39,247,-208
112900165,152,56,96
112900166,22,45,-23
112900167,6,78,-72
112900168,6,5,1
112900169,13,20,-7
112900170,190,125,65
112900172,51,21,30
112900173,275,117,158
112900174,382,71,311
112900175,189,215,-26
112900176,1,34,-33
112900177,207,52,155
112900178,883,2669,-1786
112900179,40,494,-454
112900180,2146,1797,349
112900181,633,18,615
112900182,71,1224,-1153
112900183,196,392,-196
112900184,453,531,-78
112900185,436,735,-299
112900186,1780,1358,422
112900187,114,677,-563
112900188,929,528,401
112900189,7,45,-38
112900190,11,43,-32
112900192,833,757,76
112900193,1703,433,1270
112900194,59,89,-30
112900195,1221,78,1143
112900196,277,445,-168
112900197,347,538,-191
112900199,700,657,43
112900200,534,268,266
112900201,168,128,40
112900202,453,1034,-581
112900203,274,310,-36
112900204,1357,731,626
112900205,10,13,-3
112900206,21,87,-66
112900207,27,0,27
112900208,120,325,-205
112900209,555,463,92
112900210,1,18,-17
112900211,100,43,57
112900212,0,85,-85
112900213,30,14,16
112900214,32,6,26
112900215,16,212,-196
112900216,20,85,-65
112900217,7,86,-79
112900218,68,11,57
112900219,73,16,57
112900220,4,0,4
112900221,38,206,-168
112900222,0,37,-37
112900223,1396,32,1364
112900224,340,667,-327
112900225,507,524,-17
112900226,327,492,-165
112900227,750,1418,-668
112900228,69,48,21
112900229,213,79,134
112900230,8457,5127,3330
112900232,359,382,-23
112900233,84,224,-140
112900234,14,119,-105
112900235,159,62,97
112900236,325,21,304
112900237,188,211,-23
112900238,7,40,-33
113000001,6877,5158,1719
113000002,4043,4295,-252
113000003,2171,1718,453
113000004,2097,2810,-713
113000005,2020,1224,796
113000006,1399,1666,-267
113000007,2560,1405,1155
113000008,2120,2030,90
113000009,1190,877,313
113000010,1308,1616,-308
113000011,706,1801,-1095
113000012,2196,938,1258
113000013,1550,771,779
113000014,1820,1731,89
113000015,663,259,404
113000016,407,865,-458
113000017,113,450,-337
113000018,549,92,457
113000019,297,441,-144
113000020,673,86,587
113000021,1808,598,1210
113000022,807,1253,-446
113000025,96,384,-288
113000026,545,632,-87
113000027,970,777,193
113000028,1465,700,765
113000029,999,731,268
113000030,433,886,-453
113000031,205,378,-173
113000032,259,344,-85
113000033,418,458,-40
113000034,425,379,46
113000035,39,42,-3
113000036,22,75,-53
113000037,90,61,29
113000038,37,87,-50
113000039,98,321,-223
113000040,72,83,-11
113000042,912,734,178
113000051,1079,2571,-1492
113000052,2253,1110,1143
113000053,475,485,-10
113000054,429,957,-528
113000055,1334,687,647
113000056,976,1108,-132
113000058,844,1023,-179
113000059,1316,780,536
113000060,218,584,-366
113000061,540,1028,-488
113000062,1119,337,782
113000063,204,155,49
113000064,43,359,-316
113000065,159,928,-769
113000066,796,136,660
113000067,2569,1728,841
113000068,418,1470,-1052
113000069,693,1395,-702
113000070,3109,1695,1414
113000071,559,690,-131
113000072,918,696,222
113000073,662,1732,-1070
113000074,1311,714,597
113000075,2442,992,1450
113000076,847,1995,-1148
113000077,1438,725,713
113000078,877,2840,-1963
113000079,901,815,86
113000080,802,716,86
113000081,999,934,65
113000082,1491,956,535
113000083,619,1056,-437
113000084,1965,1395,570
113000085,1014,768,246
113000086,1183,1309,-126
113000087,1132,939,193
113000088,2785,1540,1245
113000089,1071,1920,-849
113000090,363,706,-343
113000091,721,435,286
113000094,1457,252,1205
113000095,250,1044,-794
113000096,174,930,-756
113000097,1111,546,565
113000098,149,55,94
113000099,1072,463,609
113000100,154,469,-315
113000101,560,730,-170
113000102,746,542,204
113000103,2094,656,1438
113000104,470,2080,-1610
113000105,1071,581,490
113000106,455,731,-276
113000107,845,768,77
113000108,643,1348,-705
113000109,621,1871,-1250
113000110,1552,455,1097
113000111,117,539,-422
113000112,218,275,-57
113000113,1667,392,1275
113000114,415,1660,-1245
113000116,806,363,443
113000117,968,154,814
113000118,144,661,-517
113000119,336,416,-80
113000120,87,296,-209
113000121,816,1066,-250
113000124,252,128,124
113000125,66,860,-794
113000127,2575,424,2151
113000128,466,723,-257
113000129,680,1052,-372
113000133,2866,2191,675
113000134,6,1331,-1325
113000135,4436,4621,-185
113000137,2285,4250,-1965
113000139,490,217,273
113000140,157,251,-94
113000141,375,279,96
113000142,657,1446,-789
113000143,377,248,129
113000144,343,757,-414
113000145,93,232,-139
113000146,169,106,63
113000147,276,230,46
113000148,234,211,23
113000149,145,241,-96
113000150,777,408,369
113000151,77,89,-12
113000152,54,128,-74
113000153,1696,789,907
113000154,984,1852,-868
113000155,376,712,-336
113000156,206,477,-271
113000157,352,1130,-778
113000158,970,281,689
113000159,1359,878,481
113000160,691,1374,-683
113000161,362,570,-208
113000162,984,679,305
113000163,128,56,72
113000164,27,127,-100
113000166,139,142,-3
113000167,70,98,-28
113000168,110,122,-12
113000169,202,98,104
113000170,106,154,-48
113000171,58,95,-37
113000172,301,68,233
113000173,66,24,42
113000174,137,447,-310
113000175,500,140,360
113000176,558,140,418
113000177,240,452,-212
113000178,264,348,-84
113000179,365,217,148
113000180,805,1157,-352
113000181,1086,1035,51
113000182,192,574,-382
113000183,148,660,-512
113000184,28,155,-127
113000189,567,917,-350
113000190,1219,796,423
113000192,1784,2455,-671
113000193,5625,1350,4275
113000194,2008,1406,602
113000195,3316,1204,2112
113000196,184,87,97
113000197,2263,1264,999
113000198,123,391,-268
113000199,1825,436,1389
113000201,300,257,43
113000202,3814,1656,2158
113000203,399,155,244
113000204,1792,2376,-584
113000205,27,54,-27
113000206,15,46,-31
113000207,107,28,79
113000208,47,62,-15
113000209,13,31,-18
113000210,8,62,-54
113000211,152,183,-31
113000212,126,44,82
113000213,42,127,-85
113000214,153,324,-171
113000234,209,1036,-827
113000410,227,310,-83
113000411,3395,5187,-1792
113000412,7291,2764,4527
113000413,3075,3440,-365
113000414,7935,16235,-8300
113000415,2983,3805,-822
113000416,11159,5297,5862
113000417,3755,4074,-319
113000418,5080,3936,1144
113000419,2605,2761,-156
113000420,5389,7117,-1728
113000421,4612,7166,-2554
113000422,14363,13838,525
113000423,2661,6237,-3576
113000424,3834,9079,-5245
113000425,5,82,-77
113000428,49,18,31
113000430,6,78,-72
113000432,2601,220,2381
113000433,134,953,-819
113000434,20,133,-113
113000435,28,695,-667
113000436,52,1468,-1416
113000437,1248,41,1207
113000438,273,7,266
113000439,24,122,-98
113000440,103,37,66
113000441,213,160,53
113000442,158,193,-35
113000443,289,222,67
113000444,200,207,-7
113000445,98,115,-17
113000446,26,77,-51
113000448,134,243,-109
113000449,219,710,-491
113000450,634,2046,-1412
113000451,1169,213,956
113000452,543,429,114
113000453,47,392,-345
113000454,1044,31,1013
113000455,6,299,-293
113000456,4971,3537,1434
113000468,1796,313,1483
113000469,163,186,-23
113000470,563,40,523
113000471,21,367,-346
113000472,128,351,-223
113000474,589,595,-6
113000475,1640,2021,-381
113000476,1593,2248,-655
113000477,3112,2307,805
113000478,4757,6349,-1592
113000479,125,180,-55
113000480,147,206,-59
113000482,0,0,0
113000483,0,0,0
113000485,1,0,1
113000486,5,0,5
113000487,4,0,4
113000488,0,0,0
113000489,0,5,-5
113000490,0,0,0
113000491,2,0,2
113000492,0,3,-3
113000493,0,0,0
113000495,148,113,35
113000496,82,90,-8
113000497,0,0,0
113000500,0,1,-1
113900001,5,250,-245
113900002,2,87,-85
113900003,0,51,-51
113900004,0,46,-46
113900005,0,52,-52
113900006,1,19,-18
113900007,56,9,47
113900008,43,0,43
113900009,179,1,178
113900010,66,1,65
113900011,32,1,31
113900012,31,4,27
113900013,384,2,382
113900014,604,4,600
113900015,1,61,-60
113900016,31,0,31
113900017,1,78,-77
113900018,547,254,293
113900019,212,80,132
113900020,182,4,178
113900022,20,0,20
113900023,19,0,19
113900024,61,48,13
113900025,292,30,262
113900026,63,0,63
113900027,6,84,-78
113900028,35,509,-474
113900029,57,180,-123
113900030,239,5,234
113900031,6,1,5
113900032,33,0,33
113900033,58,103,-45
113900035,65,2,63
113900036,16,163,-147
113900037,228,553,-325
113900038,45,89,-44
113900039,185,23,162
113900040,8,7,1
113900041,6,2,4
113900042,66,64,2
113900043,152,140,12
113900044,377,403,-26
113900045,66,5,61
113900046,340,793,-453
113900047,73,110,-37
113900048,257,118,139
113900049,695,310,385
113900050,286,453,-167
113900051,289,528,-239
113900052,179,192,-13
113900053,834,723,111
113900054,44,2,42
113900055,124,491,-367
113900056,59,220,-161
113900057,16,115,-99
113900058,72,197,-125
113900059,306,423,-117
113900060,122,220,-98
113900061,1182,411,771
113900062,117,15,102
113900063,168,207,-39
113900064,20,174,-154
113900065,420,22,398
113900066,402,369,33
113900067,221,250,-29
113900068,596,457,139
113900069,76,38,38
113900070,222,650,-428
113900071,77,71,6
113900072,89,219,-130
113900073,139,323,-184
113900074,113,291,-178
113900075,1577,1175,402
113900076,229,18,211
113900077,41,220,-179
113900078,47,90,-43
113900079,4,38,-34
113900080,664,265,399
113900081,100,240,-140
113900082,108,283,-175
113900083,372,449,-77
113900084,279,154,125
113900085,37,291,-254
113900086,36,26,10
113900087,85,279,-194
113900088,73,91,-18
113900089,486,60,426
113900090,690,506,184
113900091,39,18,21
113900092,36,93,-57
113900093,141,790,-649
113900094,597,535,62
113900095,159,141,18
113900096,370,82,288
113900097,33,81,-48
113900098,682,115,567
113900099,1,51,-50
113900100,0,10,-10
113900101,7,81,-74
113900102,148,186,-38
113900103,386,368,18
113900104,189,231,-42
113900105,122,318,-196
113900106,3,67,-64
113900107,0,35,-35
113900108,309,355,-46
113900109,549,196,353
113900110,95,12,83
113900111,175,141,34
113900112,130,75,55
113900113,1040,633,407
113900114,0,99,-99
113900115,1,92,-91
113900116,166,189,-23
113900117,111,23,88
113900118,304,420,-116
113900119,249,584,-335
113900120,51,55,-4
113900121,61,102,-41
113900122,493,1987,-1494
113900123,526,232,294
113900124,1,67,-66
113900125,1051,164,887
113900126,169,74,95
113900127,500,887,-387
113900128,184,93,91
113900129,19,149,-130
113900130,4,58,-54
113900131,310,139,171
113900132,48,77,-29
113900133,29,114,-85
113900135,237,278,-41
113900136,168,106,62
113900137,367,278,89
113900138,114,224,-110
113900139,370,190,180
113900140,428,432,-4
113900141,605,388,217
113900142,185,128,57
113900143,23,55,-32
113900144,310,311,-1
113900145,671,239,432
113900146,181,72,109
113900148,165,306,-141
113900149,232,97,135
113900150,863,636,227
113900151,517,280,237
113900152,28,56,-28
113900153,383,777,-394
113900154,6,180,-174
113900155,265,238,27
113900156,295,594,-299
113900157,57,309,-252
113900158,519,515,4
113900159,15,399,-384
113900160,653,582,71
113900161,79,278,-199
113900162,741,1053,-312
113900163,374,318,56
113900164,306,42,264
113900165,846,557,289
113900166,348,233,115
113900167,313,40,273
113900168,174,143,31
113900169,326,480,-154
113900171,221,129,92
113900172,18,190,-172
113900173,59,555,-496
113900174,665,761,-96
113900175,414,159,255
113900176,525,754,-229
113900177,379,279,100
113900178,311,153,158
113900179,19,441,-422
113900180,210,112,98
113900181,719,154,565
113900182,1060,1377,-317
113900183,77,109,-32
113900184,3,412,-409
113900185,179,103,76
113900186,37,67,-30
113900187,29,180,-151
113900188,50,230,-180
113900189,291,126,165
113900190,308,164,144
113900191,118,286,-168
113900192,7,576,-569
113900193,43,283,-240
113900194,1638,1160,478
113900195,262,432,-170
113900196,9,174,-165
113900197,0,203,-203
113900198,51,244,-193
113900199,191,932,-741
113900200,20,295,-275
113900201,1,191,-190
113900202,46,326,-280
113900203,0,148,-148
113900204,56,618,-562
113900205,15,236,-221
113900206,9,162,-153
113900207,2,77,-75
113900208,1,99,-98
113900209,0,80,-80
113900210,676,1008,-332
113900211,258,62,196
113900212,217,450,-233
113900214,502,464,38
113900215,44,121,-77
113900216,131,938,-807
113900217,92,288,-196
113900218,235,67,168
113900219,108,489,-381
113900220,234,126,108
113900221,583,284,299
113900222,318,657,-339
113900223,161,1027,-866
113900224,69,79,-10
113900225,659,323,336
113900226,413,150,263
113900227,511,297,214
113900228,364,521,-157
113900229,88,872,-784
113900230,5424,4354,1070
113900231,197,286,-89
113900232,132,132,0
113900233,120,84,36
113900234,433,481,-48
113900235,90,36,54
113900236,207,374,-167
113900237,212,15,197
113900238,311,639,-328
113900239,70,112,-42
113900240,14,168,-154
113900241,155,64,91
113900242,67,158,-91
113900243,161,544,-383
113900244,338,229,109
113900245,1509,418,1091
113900246,25,43,-18
113900247,156,609,-453
113900248,3410,2258,1152
113900249,1088,523,565
113900250,85,144,-59
113900251,678,184,494
113900252,569,23,546
113900253,876,84,792
113900254,1178,193,985
113900255,483,31,452
113900256,324,22,302
113900257,34,480,-446
113900258,23,408,-385
113900259,621,172,449
113900260,223,16,207
113900261,34,93,-59
113900262,190,551,-361
113900263,184,741,-557
113900264,9,469,-460
113900265,185,418,-233
113900266,34,225,-191
113900267,133,572,-439
113900268,386,569,-183
113900269,81,190,-109
113900270,414,1055,-641
113900271,921,1367,-446
113900273,99,18,81
113900274,72,30,42
113900275,65,90,-25
113900276,2,170,-168
113900277,152,3,149
113900278,340,222,118
113900279,127,103,24
113900280,1852,675,1177
113900281,709,1713,-1004
113900282,905,815,90
113900283,498,669,-171
113900284,992,342,650
113900285,215,44,171
113900286,114,149,-35
113900287,90,90,0
113900288,2,185,-183
113900289,922,110,812
113900290,337,239,98
113900291,149,231,-82
113900292,22,4,18
113900293,2,329,-327
113900294,482,23,459
113900295,495,443,52
113900296,2190,560,1630
113900297,3546,52,3494
113900298,25,2037,-2012
113900299,72,146,-74
113900300,5782,3847,1935
113900301,939,501,438
113900302,2854,1238,1616
113900303,656,493,163
113900304,0,156,-156
113900305,109,0,109
113900306,48,0,48
113900307,62,1,61
113900308,95,123,-28
113900309,6,649,-643
113900310,0,8,-8
113900311,12,0,12
113900312,253,270,-17
113900313,13,14,-1
114000001,1454,3336,-1882
114000002,304,408,-104
114000003,56,347,-291
114000004,75,168,-93
114000005,272,225,47
114000006,3403,2552,851
114000007,993,1426,-433
114000008,1809,2013,-204
114000009,788,339,449
114000011,2912,2882,30
114000012,2600,2108,492
114000013,1892,1732,160
114000014,678,353,325
114000015,2262,456,1806
114000016,233,361,-128
114000017,93,172,-79
114000018,251,59,192
114000026,1795,1530,265
114000027,3462,2436,1026
114000028,3026,3102,-76
114000038,341,178,163
114000039,163,51,112
114000040,112,338,-226
114000042,100,153,-53
114000043,55,115,-60
114000044,220,46,174
114000045,76,96,-20
114000046,4653,5564,-911
114000047,16,85,-69
114000048,68,56,12
114000049,1751,1759,-8
114000050,1784,2417,-633
114000051,3626,2359,1267
114000052,6136,2167,3969
114000053,140,714,-574
114000054,343,937,-594
114000055,343,36,307
114000056,1609,1002,607
114000057,6102,2658,3444
114000058,738,1830,-1092
114000059,411,372,39
114000060,832,954,-122
114000061,3538,3394,144
114000062,3095,1832,1263
114000063,3412,2093,1319
114000064,7910,4346,3564
114000065,2115,2792,-677
114000066,409,690,-281
114000067,62,904,-842
114000068,621,846,-225
114000069,1221,731,490
114000070,2421,1946,475
114000071,958,696,262
114000072,472,289,183
114000073,68,71,-3
114000074,60,20,40
114000075,63,93,-30
114000076,18,131,-113
114000077,7,48,-41
114000078,512,772,-260
114000079,127,42,85
114000080,62,136,-74
114000081,65,115,-50
114000082,51,488,-437
114000083,136,334,-198
114000084,434,83,351
114000085,166,705,-539
114000086,247,462,-215
114000087,108,223,-115
114000088,66,39,27
114000089,997,500,497
114000090,964,1026,-62
114000091,2145,1000,1145
114000092,1394,630,764
114000093,1605,925,680
114000094,397,434,-37
114000095,238,158,80
114000096,145,455,-310
114000097,170,767,-597
114000098,501,83,418
114000099,732,543,189
114000100,1519,768,751
114000101,444,982,-538
114000102,566,377,189
114000103,134,415,-281
114000104,20,352,-332
114000105,129,73,56
114000106,885,1053,-168
114000107,361,146,215
114000108,1409,1233,176
114000109,552,990,-438
114000110,718,1737,-1019
114000111,1905,836,1069
114000112,474,1815,-1341
114000113,1005,419,586
114000114,1844,1612,232
114000115,2173,1298,875
114000116,763,1563,-800
114000117,3232,531,2701
114000118,2740,571,2169
114000119,1809,532,1277
114000120,632,916,-284
114000121,398,834,-436
114000122,447,266,181
114000123,2280,419,1861
114000124,924,311,613
114000125,853,1418,-565
114000126,1845,250,1595
114000127,237,225,12
114000128,897,462,435
114000130,523,616,-93
114000131,298,119,179
114000132,753,657,96
114000133,1242,1708,-466
114000134,92,217,-125
114000138,30,210,-180
114000139,542,269,273
114000144,1078,567,511
114000145,139,286,-147
114000146,137,336,-199
114000147,1691,1988,-297
114000148,2338,2066,272
114000149,427,308,119
114000150,676,822,-146
114000151,922,1248,-326
114000152,220,48,172
114000153,955,2793,-1838
114000154,946,938,8
114000155,1452,2378,-926
114000156,863,689,174
114000157,323,1055,-732
114000158,1771,972,799
114000159,203,598,-395
114000160,123,456,-333
114000161,1562,3629,-2067
114000162,1274,2925,-1651
114000163,9,119,-110
114000165,644,323,321
114000166,1110,579,531
114000167,3770,1971,1799
114000168,862,1002,-140
114000169,1807,1376,431
114000170,1250,1253,-3
114000171,1180,3273,-2093
114000174,244,655,-411
114000176,662,589,73
114000177,2295,1193,1102
114000178,59,60,-1
114000179,1220,677,543
114000180,492,945,-453
114000181,2137,4201,-2064
114000182,3177,2786,391
114000183,1108,1128,-20
114000184,4625,1340,3285
114000185,1080,879,201
114000189,1193,154,1039
114000190,2816,410,2406
114000191,80,86,-6
114000192,387,1756,-1369
114000193,900,3393,-2493
114000194,1386,961,425
114000195,157,40,117
114000196,4,245,-241
114000197,1249,22,1227
114000198,941,426,515
114000199,2309,1899,410
114000200,612,1814,-1202
114000201,188,850,-662
114000202,1187,640,547
114000203,460,711,-251
114000204,184,553,-369
114000205,244,1691,-1447
114000206,581,1234,-653
114000207,597,2132,-1535
114000208,530,3246,-2716
114000209,747,2557,-1810
114000210,328,1554,-1226
114000211,981,1672,-691
114000212,847,904,-57
114000213,1158,574,584
114000214,118,226,-108
114000215,295,121,174
114000216,1557,333,1224
114000217,348,214,134
114000218,131,270,-139
114000219,1146,226,920
114000220,26,767,-741
114000221,908,178,730
114000222,172,1033,-861
114000223,504,170,334
114000224,117,624,-507
114000225,252,703,-451
114000226,209,279,-70
114000227,782,555,227
114000228,845,885,-40
114000229,1205,1371,-166
114000230,1634,1404,230
114000231,1122,1339,-217
114000232,786,216,570
114000233,2138,186,1952
114000234,1073,969,104
114000235,971,1516,-545
114000236,0,483,-483
114000237,91,978,-887
114000238,123,163,-40
114000239,208,1198,-990
114000240,959,889,70
114000241,364,1077,-713
114000242,1059,946,113
114000243,1500,1039,461
114000244,575,510,65
114000245,400,710,-310
114000246,130,34,96
114000247,622,906,-284
114000248,1275,528,747
114000249,579,482,97
114000250,648,940,-292
114000251,507,316,191
114000252,96,76,20
114000253,30,114,-84
114000254,51,84,-33
114000255,700,381,319
114000256,2206,2723,-517
114000257,480,1467,-987
114000258,244,444,-200
114000259,71,276,-205
114000260,0,28,-28
114000261,57,35,22
114000262,169,173,-4
114000263,13,3,10
114000264,1449,591,858
114000265,0,15,-15
114000267,1,1504,-1503
114000268,10,1841,-1831
114000270,147,2,145
114000271,440,65,375
114000283,1216,505,711
114000285,41,252,-211
114000288,71,391,-320
114000289,1327,110,1217
114000293,157,454,-297
114000294,166,349,-183
114000395,1448,48,1400
114000396,689,535,154
114000402,520,263,257
114000403,272,442,-170
114000405,158,458,-300
114000423,398,448,-50
114000424,527,221,306
114000425,874,460,414
114000426,359,834,-475
114000427,52,82,-30
114000428,201,228,-27
114000429,7,242,-235
114000432,78,139,-61
114000434,32,104,-72
114900001,804,1079,-275
114900002,647,143,504
114900003,862,1450,-588
114900004,288,517,-229
114900005,625,791,-166
114900006,95,75,20
114900007,324,45,279
114900008,172,67,105
114900010,2236,2001,235
114900011,247,168,79
114900013,283,165,118
114900015,95,452,-357
114900018,942,25,917
114900020,205,110,95
114900021,322,259,63
114900022,42,741,-699
114900024,358,140,218
114900025,501,236,265
114900026,57,170,-113
114900027,292,256,36
114900029,20,25,-5
114900030,470,214,256
114900031,386,20,366
114900032,433,49,384
114900033,1164,808,356
114900034,62,195,-133
114900035,198,302,-104
114900036,333,788,-455
114900037,128,219,-91
114900038,250,696,-446
114900039,579,617,-38
114900040,101,140,-39
114900041,667,604,63
114900042,826,872,-46
114900043,573,347,226
114900044,137,26,111
114900045,221,486,-265
114900046,78,141,-63
114900047,336,2006,-1670
114900048,180,365,-185
114900049,10,229,-219
114900050,43,492,-449
114900051,37,404,-367
114900052,57,317,-260
114900053,109,324,-215
114900054,59,185,-126
114900057,231,17,214
114900058,6,193,-187
114900059,93,57,36
114900060,1610,951,659
114900061,181,190,-9
114900062,398,429,-31
114900063,76,259,-183
114900064,1524,599,925
114900065,390,802,-412
114900067,97,576,-479
114900068,91,186,-95
114900069,228,162,66
114900070,633,438,195
114900072,10,395,-385
114900073,3,193,-190
114900074,674,734,-60
114900075,379,15,364
114900076,7,440,-433
114900080,2050,452,1598
114900082,3734,2349,1385
114900083,1434,1386,48
114900084,330,262,68
114900090,397,211,186
114900091,208,274,-66
114900095,379,163,216
114900096,585,912,-327
114900097,140,55,85
114900098,24,185,-161
114900099,340,9,331
115000001,6835,4601,2234
115000002,3746,4154,-408
115000003,5640,3680,1960
115000004,4224,6487,-2263
115000005,1906,2306,-400
115000006,1010,1687,-677
115000007,87,169,-82
115000008,395,526,-131
115000009,147,243,-96
115000010,286,227,59
115000013,105,170,-65
115000015,74,296,-222
115000016,294,327,-33
115000019,73,512,-439
115000020,136,948,-812
115000021,334,511,-177
115000022,581,535,46
115000023,415,735,-320
115000024,1424,643,781
115000025,956,920,36
115000026,245,541,-296
115000027,335,412,-77
115000028,371,1163,-792
115000029,593,149,444
115000030,1448,1495,-47
115000031,1608,615,993
115000032,13,323,-310
115000033,163,44,119
115000034,100,1336,-1236
115000035,1292,89,1203
115000036,0,494,-494
115000037,667,15,652
115000038,57,166,-109
115000039,3571,3718,-147
115000040,6785,3543,3242
115000041,1208,3471,-2263
115000042,1046,863,183
115000043,4067,2453,1614
115000044,4548,4638,-90
115000045,2995,2088,907
115000046,2250,2622,-372
115000047,2274,1655,619
115000048,1615,2781,-1166
115000049,1785,4049,-2264
115000050,3502,2157,1345
115000051,1887,2952,-1065
115000052,2461,2029,432
115000053,1774,1896,-122
115000054,733,1426,-693
115000055,215,705,-490
115000056,373,863,-490
115000057,755,1202,-447
115000058,850,336,514
115000059,406,226,180
115000061,197,149,48
115000062,162,280,-118
115000063,303,332,-29
115000064,281,152,129
115000065,39,504,-465
115000067,209,27,182
115000069,102,325,-223
115000070,42,1290,-1248
115000071,158,20,138
115000072,22,138,-116
115000073,1519,71,1448
115000075,94,81,13
115000076,3758,3371,387
115000077,2527,2741,-214
115000078,1512,1577,-65
115000079,1444,1879,-435
115000080,2535,2546,-11
115000081,567,1117,-550
115000082,4563,4316,247
115000083,2487,2797,-310
115000084,2458,1257,1201
115000085,890,1139,-249
115000086,1184,905,279
115000087,539,1761,-1222
115000088,2119,690,1429
115000089,1454,1453,1
115000090,579,829,-250
115000091,257,1070,-813
115000092,465,333,132
115000093,561,3,558
115000094,7544,5886,1658
115000095,5400,6438,-1038
115000096,771,1725,-954
115000097,922,968,-46
115000098,1242,956,286
115000099,2736,3154,-418
115000100,1088,475,613
115000101,472,1697,-1225
115000102,543,258,285
115000103,290,784,-494
115000105,45,122,-77
115000106,637,351,286
115000107,218,557,-339
115000108,3758,2556,1202
115000109,4692,4778,-86
115000110,1939,1617,322
115000111,942,2103,-1161
115000112,962,934,28
115000113,928,1170,-242
115000114,2147,1000,1147
115000116,5183,3050,2133
115000117,4898,4174,724
115000118,2618,2056,562
115000119,2113,3043,-930
115000120,655,1387,-732
115000121,1650,1206,444
115000122,5086,2312,2774
115000123,2105,2778,-673
115000124,1065,972,93
115000125,470,659,-189
115000126,237,404,-167
115000127,465,166,299
115000128,634,896,-262
115000129,279,368,-89
115000130,535,1023,-488
115000131,995,294,701
115000132,277,403,-126
115000133,578,319,259
115000134,387,314,73
115000135,383,235,148
115000136,311,312,-1
115000137,157,259,-102
115000138,380,344,36
115000139,291,272,19
115000140,385,244,141
115000141,214,335,-121
115000142,197,309,-112
115000143,743,622,121
115000144,624,91,533
115000145,245,364,-119
115000146,538,437,101
115000147,673,530,143
115000148,303,1227,-924
115000149,622,300,322
115000150,911,1006,-95
115000151,1247,681,566
115000152,915,1262,-347
115000153,1199,755,444
115000154,845,400,445
115000155,877,1130,-253
115000156,1411,800,611
115000157,1106,1020,86
115000158,1058,517,541
115000159,1046,713,333
115000160,751,731,20
115000161,512,673,-161
115000162,830,917,-87
115000163,702,729,-27
115000164,862,624,238
115000165,552,653,-101
115000167,120,110,10
115000168,758,409,349
115000169,807,465,342
115000170,130,152,-22
115000171,305,271,34
115000172,1524,904,620
115000173,484,675,-191
115000174,688,694,-6
115000175,478,533,-55
115000176,322,227,95
115000177,277,235,42
115000178,60,319,-259
115000179,34,79,-45
115000180,166,719,-553
115000181,664,173,491
115000182,977,430,547
115000183,467,979,-512
115000186,850,343,507
115000187,256,879,-623
115000188,446,571,-125
115000189,292,495,-203
115000190,845,515,330
115000191,253,669,-416
115000194,220,249,-29
115000195,394,371,23
115000196,258,129,129
115000197,304,275,29
115000198,358,262,96
115000199,383,222,161
115000200,475,154,321
115000201,198,387,-189
115000206,399,82,317
115000207,132,412,-280
115000208,490,811,-321
115000209,666,412,254
115000210,191,136,55
115000211,317,279,38
115000212,1617,459,1158
115000218,190,184,6
115000219,65,79,-14
115000224,526,82,444
115000225,65,123,-58
115000229,241,164,77
115000230,186,462,-276
115000231,275,1836,-1561
115000232,1644,284,1360
115000233,159,256,-97
115000234,30,377,-347
115000241,81,282,-201
115000242,75,314,-239
115000243,60,235,-175
115000244,12,150,-138
115000246,24,13,11
115000247,31,19,12
115000248,28,23,5
115000249,47,15,32
115000250,303,70,233
115000251,273,160,113
115000252,110,271,-161
115000253,28,520,-492
115000258,369,161,208
115000259,408,173,235
115000261,37,27,10
115000262,35,24,11
115000263,27,32,-5
115000264,18,34,-16
115000267,80,73,7
115000268,43,142,-99
115000269,140,86,54
115000270,12,26,-14
115000272,88,184,-96
115000273,537,70,467
115000274,434,261,173
115000280,2464,216,2248
115000281,794,593,201
115000282,2346,908,1438
115000284,332,204,128
115000296,1716,17,1699
115000297,287,140,147
115000298,155,424,-269
115000300,205,219,-14
115000302,612,187,425
115000303,775,222,553
115000304,895,137,758
115000305,155,773,-618
115000306,270,301,-31
115000307,201,178,23
115000308,20,15,5
115000310,912,1103,-191
115000311,922,1327,-405
115000313,149,706,-557
115000314,554,182,372
115000315,972,402,570
115000316,83,169,-86
115000317,249,686,-437
115000318,888,406,482
115000319,77,326,-249
115000320,12,391,-379
115000321,458,14,444
115000322,33,270,-237
115000449,351,173,178
115000557,35,1228,-1193
115000558,516,109,407
115000587,600,454,146
115000588,2282,3093,-811
115000589,3420,2396,1024
115000590,1283,1615,-332
115000591,1581,790,791
115000592,830,1885,-1055
115000593,1653,755,898
115000594,1053,2191,-1138
115000609,90,153,-63
115000617,2620,3982,-1362
115000624,197,36,161
115000633,626,2306,-1680
115000634,2910,1186,1724
115000635,545,176,369
115000638,890,753,137
115000641,34,106,-72
115000642,350,344,6
115000643,179,661,-482
115000644,159,534,-375
115000646,1178,1954,-776
115000647,318,620,-302
115000648,1869,2406,-537
115000893,3036,1579,1457
115000894,193,1269,-1076
115000895,409,803,-394
115000896,1111,345,766
115000897,615,129,486
115000898,1092,245,847
115000899,467,1027,-560
115000900,155,383,-228
115000901,48,113,-65
115000912,430,143,287
115000913,10,13,-3
115000915,31,0,31
115000916,8,1,7
115000917,0,18,-18
115000918,238,600,-362
115000919,16,15,1
115000920,40,73,-33
115000921,769,241,528
115000922,831,738,93
115000923,349,788,-439
115000925,102,81,21
115000927,31,61,-30
115000933,109,156,-47
115900001,92,41,51
115900002,112,129,-17
115900003,197,139,58
115900004,1,53,-52
115900005,139,15,124
115900006,181,317,-136
115900008,55,16,39
115900009,109,344,-235
115900010,421,160,261
115900011,518,251,267
115900012,182,66,116
115900013,604,186,418
115900014,154,209,-55
115900015,129,94,35
115900016,135,41,94
115900017,30,15,15
115900018,131,89,42
115900019,628,39,589
115900020,68,1,67
115900021,1600,551,1049
115900022,1325,47,1278
115900023,29,2,27
115900025,38,153,-115
115900026,1271,323,948
115900027,1,331,-330
115900028,915,83,832
115900029,18,393,-375
115900030,65,26,39
115900031,470,484,-14
115900032,632,811,-179
115900033,0,61,-61
115900034,34,388,-354
115900035,30,24,6
115900036,54,668,-614
115900037,75,445,-370
115900038,49,13,36
115900039,178,227,-49
115900041,480,739,-259
115900042,26,5,21
115900043,154,81,73
115900044,226,357,-131
115900046,239,298,-59
115900047,197,182,15
115900049,235,285,-50
115900051,10,55,-45
115900052,6,266,-260
115900053,366,240,126
115900054,227,70,157
115900055,27,158,-131
115900056,273,320,-47
115900057,38,23,15
115900058,44,86,-42
115900060,104,289,-185
115900061,324,3,321
115900062,116,342,-226
115900063,95,20,75
115900064,187,363,-176
115900065,130,144,-14
115900066,187,169,18
115900067,20,617,-597
115900068,3361,811,2550
115900069,49,206,-157
115900070,239,202,37
115900071,0,426,-426
115900072,70,165,-95
115900073,106,109,-3
115900074,3,300,-297
115900075,37,324,-287
115900076,4,51,-47
115900077,9,305,-296
115900078,86,168,-82
115900079,278,21,257
115900080,418,284,134
115900081,14,85,-71
115900082,210,200,10
115900084,508,35,473
115900085,71,76,-5
115900086,1949,741,1208
115900088,24,72,-48
115900089,350,677,-327
115900090,470,14,456
115900091,37,25,12
115900092,25,156,-131
115900093,11,20,-9
115900094,5,283,-278
115900096,5,31,-26
115900097,18,398,-380
115900098,162,411,-249
115900099,132,69,63
115900100,18,593,-575
115900101,134,351,-217
115900102,61,68,-7
115900103,327,215,112
115900104,60,107,-47
115900105,261,664,-403
115900106,87,28,59
115900107,68,113,-45
115900108,134,49,85
115900109,73,515,-442
115900110,7,27,-20
115900111,8,84,-76
115900112,50,1104,-1054
115900113,52,38,14
115900114,12,152,-140
115900115,97,245,-148
115900116,86,1096,-1010
115900117,77,22,55
115900118,2,285,-283
115900119,197,161,36
115900120,38,449,-411
115900121,160,301,-141
115900124,306,848,-542
115900125,295,85,210
115900126,787,166,621
115900127,874,85,789
115900128,8,346,-338
115900129,1132,93,1039
115900130,37,200,-163
115900131,578,59,519
115900132,760,6,754
115900134,456,25,431
115900135,546,1239,-693
115900137,54,6,48
115900139,184,191,-7
115900140,267,56,211
115900141,34,142,-108
115900142,65,135,-70
115900143,177,366,-189
115900144,88,261,-173
115900146,7,94,-87
115900147,320,284,36
115900148,99,13,86
115900149,84,25,59
115900150,78,35,43
115900151,16,88,-72
115900152,144,359,-215
115900153,85,253,-168
115900154,479,478,1
115900155,0,61,-61
115900156,742,1111,-369
115900157,156,572,-416
115900158,12,10,2
115900159,162,234,-72
115900160,3,15,-12
115900161,91,306,-215
115900163,253,261,-8
115900164,612,37,575
115900165,2,174,-172
115900166,270,236,34
115900168,116,193,-77
115900171,165,485,-320
115900172,58,164,-106
115900173,303,169,134
115900174,279,279,0
115900175,143,304,-161
115900178,6,696,-690
115900179,318,14,304
115900180,29,141,-112
115900181,204,251,-47
115900182,459,226,233
115900183,254,153,101
115900184,1762,19,1743
115900187,20,116,-96
115900189,1,272,-271
115900190,814,1436,-622
115900191,38,402,-364
115900192,19,133,-114
115900193,190,168,22
115900194,837,106,731
115900195,768,2291,-1523
115900198,335,387,-52
115900199,198,290,-92
115900200,288,410,-122
115900201,629,464,165
115900202,7,53,-46
115900203,4,16,-12
115900204,1,1,0
115900205,119,40,79
115900206,192,183,9
115900207,36,22,14
115900208,154,168,-14
115900209,4,143,-139
115900210,6,199,-193
115900211,3,251,-248
115900212,160,268,-108
115900213,228,76,152
115900214,366,267,99
115900215,23,93,-70
115900216,7,114,-107
115900217,8,59,-51
115900218,5,44,-39
115900219,78,4,74
115900220,169,9,160
115900221,84,23,61
115900222,75,35,40
115900223,12,400,-388
115900224,1112,907,205
115900225,74,52,22
115900226,45,62,-17
115900227,9,43,-34
115900228,7,41,-34
115900229,9,55,-46
115900230,47,142,-95
115900231,102,5,97
115900232,49,7,42
115900233,98,15,83
115900234,42,45,-3
115900235,26,47,-21
115900236,62,33,29
115900237,16,39,-23
115900238,18,27,-9
115900239,20,37,-17
115900240,15,77,-62
115900241,249,133,116
115900242,226,309,-83
115900243,12,27,-15
115900244,36,26,10
115900245,7,12,-5
115900246,5,11,-6
115900247,36,12,24
115900248,14,7,7
115900249,4,36,-32
115900250,6,36,-30
115900251,0,14,-14
115900252,5,1,4
115900253,2,15,-13
115900254,9,19,-10
115900255,6,12,-6
115900256,27,7,20
115900257,9,12,-3
115900258,2,0,2
115900259,2,3,-1
115900260,6,5,1
115900261,14,0,14
115900262,3,1,2
115900263,11,3,8
115900264,28,3,25
115900265,2,9,-7
115900266,11,28,-17
115900267,10,19,-9
115900268,12,14,-2
115900269,443,503,-60
115900270,405,451,-46
116000001,13880,5603,8277
116000002,5788,11017,-5229
116000003,2215,1937,278
116000004,2618,3787,-1169
116000005,3291,4114,-823
116000006,2874,2531,343
116000007,3652,4993,-1341
116000008,4381,2809,1572
116000009,1977,3122,-1145
116000010,2402,1906,496
116000011,1054,2373,-1319
116000012,1579,1152,427
116000013,10768,5051,5717
116000014,13748,10816,2932
116000015,476,1853,-1377
116000016,7220,4153,3067
116000017,37,848,-811
116000018,1041,458,583
116000019,1444,384,1060
116000020,822,1096,-274
116000021,495,373,122
116000022,422,419,3
116000023,1150,886,264
116000024,746,1067,-321
116000025,954,914,40
116000026,2324,3002,-678
116000027,1079,746,333
116000028,473,949,-476
116000029,972,930,42
116000030,993,450,543
116000031,302,396,-94
116000032,248,230,18
116000033,273,247,26
116000034,806,543,263
116000035,255,767,-512
116000036,3210,2066,1144
116000037,924,792,132
116000038,567,570,-3
116000039,727,580,147
116000040,1014,357,657
116000041,296,641,-345
116000042,735,368,367
116000043,206,1233,-1027
116000045,2362,1756,606
116000046,1530,1964,-434
116000047,1899,2146,-247
116000048,2020,1999,21
116000049,1544,3345,-1801
116000050,1578,1598,-20
116000051,7519,3241,4278
116000052,6936,6261,675
116000053,2379,1032,1347
116000054,800,3025,-2225
116000055,667,1123,-456
116000056,790,1229,-439
116000057,3661,2166,1495
116000058,4393,3591,802
116000059,4663,6038,-1375
116000060,2158,1147,1011
116000061,434,940,-506
116000062,749,287,462
116000063,690,1188,-498
116000066,267,589,-322
116000067,336,541,-205
116000068,230,355,-125
116000069,320,509,-189
116000078,493,1377,-884
116000080,2013,1248,765
116000082,6,69,-63
116000083,1736,435,1301
116000084,2748,4303,-1555
116000085,2527,2172,355
116000086,2015,1318,697
116000087,1905,1728,177
116000088,754,1180,-426
116000089,239,84,155
116000090,85,192,-107
116000091,269,153,116
116000093,1254,461,793
116000094,903,785,118
116000095,964,651,313
116000096,748,1803,-1055
116000097,1257,1487,-230
116000098,33,6529,-6496
116000099,6528,289,6239
116000100,277,18,259
116000101,1060,998,62
116000102,64,370,-306
116000103,513,363,150
116000104,255,1855,-1600
116000105,1275,244,1031
116000106,441,912,-471
116000107,2507,375,2132
116000108,300,173,127
116000111,175,36,139
116000113,218,164,54
116000114,60,200,-140
116000115,442,140,302
116000116,427,699,-272
116000117,1609,2210,-601
116000118,1577,1518,59
116000119,3930,2356,1574
116000120,3489,5140,-1651
116000121,1044,675,369
116000122,1265,2091,-826
116000123,1217,474,743
116000124,332,1295,-963
116000125,3308,1014,2294
116000126,318,1899,-1581
116000127,1086,1442,-356
116000128,2000,1094,906
116000129,1354,257,1097
116000130,527,492,35
116000133,1116,963,153
116000134,2076,2786,-710
116000135,2701,1643,1058
116000136,1335,2656,-1321
116000137,1248,839,409
116000138,1227,807,420
116000139,2414,2252,162
116000140,171,180,-9
116000141,322,774,-452
116000142,3257,3042,215
116000143,1790,1604,186
116000144,1675,2250,-575
116000145,1630,1208,422
116000146,483,276,207
116000147,213,128,85
116000148,505,582,-77
116000149,805,844,-39
116000151,579,563,16
116000153,153,447,-294
116000155,209,319,-110
116000156,1300,1506,-206
116000157,2,2,0
116000158,266,409,-143
116000159,0,0,0
116000160,25,113,-88
116000161,3,128,-125
116000162,149,111,38
116000163,31,13,18
116000164,10,30,-20
116000177,233,100,133
116000194,109,526,-417
116000195,1589,781,808
116000196,28,16,12
116000197,18,10,8
116000198,2875,1500,1375
116000200,832,460,372
116000201,710,736,-26
116000202,5,254,-249
116000203,1,107,-106
116000204,13,87,-74
116000205,1,179,-178
116000206,0,90,-90
116000207,3,60,-57
116000233,217,550,-333
116000287,184,508,-324
116000288,296,302,-6
116000292,101,173,-72
116000296,20,126,-106
116000297,123,19,104
116000304,310,6,304
116000305,8,286,-278
116000346,194,131,63
116000352,127,59,68
116000354,62,10,52
116000357,35,60,-25
116000358,413,68,345
116000361,74,4,70
116000372,5655,3842,1813
116000381,130,3,127
116000388,4,59,-55
116000389,1224,803,421
116000445,429,610,-181
116000446,586,719,-133
116000447,27,546,-519
116000448,667,231,436
116000563,1526,1219,307
116000565,57,533,-476
116000568,69,431,-362
116000579,43,157,-114
116000584,17,10,7
116000585,19,20,-1
116000586,136,193,-57
116000587,339,642,-303
116000589,44,110,-66
116000590,112,113,-1
116000591,235,305,-70
116000592,12,141,-129
116000593,0,23,-23
116000594,570,576,-6
116000595,815,202,613
116000596,109,8,101
116000597,447,106,341
116000598,20,198,-178
116000602,72,502,-430
116000605,470,208,262
116000606,121,210,-89
116000607,11,77,-66
116000609,207,980,-773
116000611,145,595,-450
116000612,693,1984,-1291
116000613,651,338,313
116000614,406,730,-324
116000615,17,411,-394
116000616,51,73,-22
116000617,72,44,28
116000618,2,115,-113
116000619,51,105,-54
116000620,159,89,70
116000621,50,125,-75
116000622,40,129,-89
116000624,193,109,84
116900001,299,238,61
116900002,227,3,224
116900003,42,63,-21
116900004,38,74,-36
116900005,356,73,283
116900006,82,211,-129
116900007,184,260,-76
116900008,549,429,120
116900009,29,4,25
116900010,4,1410,-1406
116900011,17,32,-15
116900012,208,280,-72
116900013,6,247,-241
116900014,119,240,-121
116900015,466,69,397
116900016,206,4,202
116900017,5,632,-627
116900018,87,60,27
116900019,4,376,-372
116900020,673,674,-1
116900023,68,9,59
116900024,622,52,570
116900025,1193,1067,126
116900026,177,747,-570
116900027,21,61,-40
116900028,4,131,-127
116900029,0,28,-28
116900031,1,7,-6
116900032,6,395,-389
116900033,9,25,-16
116900034,14,67,-53
116900035,151,183,-32
116900036,8,123,-115
116900038,34,5,29
116900041,68,43,25
116900042,847,325,522
116900043,32,72,-40
116900045,328,104,224
116900047,36,163,-127
116900049,48,386,-338
116900050,118,515,-397
116900051,165,300,-135
116900052,192,86,106
116900055,2,23,-21
116900057,20,270,-250
116900058,46,495,-449
116900059,0,196,-196
116900060,241,251,-10
116900062,3,21,-18
116900064,105,669,-564
116900065,36,135,-99
116900067,156,104,52
116900068,140,274,-134
116900070,11,7,4
116900072,23,369,-346
116900073,22,146,-124
116900074,6,67,-61
116900076,6,40,-34
116900077,11,186,-175
116900078,283,165,118
116900079,51,224,-173
116900080,30,49,-19
116900081,546,1422,-876
116900082,641,1183,-542
116900083,68,42,26
116900084,167,72,95
116900085,59,194,-135
116900086,60,224,-164
116900088,489,175,314
116900090,156,50,106
116900091,503,61,442
116900092,95,825,-730
116900093,2010,2416,-406
116900094,5448,3787,1661
116900095,215,111,104
116900096,142,557,-415
116900097,3709,3044,665
116900098,361,258,103
116900099,1105,778,327
116900100,1046,72,974
116900101,497,636,-139
116900103,6,0,6
116900104,96,81,15
116900105,311,165,146
116900106,2111,177,1934
116900107,4145,2742,1403
116900110,20,0,20
116900111,541,759,-218
116900112,319,1074,-755
116900113,2278,1027,1251
116900116,200,636,-436
116900117,89,121,-32
116900118,685,843,-158
116900120,529,120,409
116900121,124,45,79
116900122,1046,955,91
116900123,295,1058,-763
116900124,223,1144,-921
116900125,466,245,221
116900126,194,702,-508
116900128,1,40,-39
116900129,3,447,-444
116900130,747,3677,-2930
116900131,106,395,-289
116900132,68,177,-109
116900133,143,194,-51
116900134,257,403,-146
116900136,365,287,78
116900137,344,246,98
116900138,308,211,97
116900139,194,488,-294
116900140,294,218,76
116900141,995,641,354
116900142,3,60,-57
116900143,525,705,-180
116900144,49,113,-64
116900145,178,282,-104
116900147,668,524,144
116900148,9,60,-51
116900149,63,268,-205
116900150,15,8,7
116900151,587,200,387
116900153,102,113,-11
116900154,810,708,102
116900155,126,83,43
116900157,627,296,331
116900158,159,365,-206
116900159,142,326,-184
116900160,1079,772,307
116900161,7274,6198,1076
116900162,4,108,-104
116900163,226,159,67
116900164,97,93,4
116900165,219,285,-66
116900166,28,67,-39
116900167,476,86,390
116900168,348,101,247
116900169,945,555,390
116900170,322,686,-364
116900171,42,186,-144
116900172,265,341,-76
116900173,225,50,175
116900174,52,48,4
116900175,186,224,-38
116900178,37,134,-97
116900179,112,320,-208
116900180,182,25,157
116900182,577,366,211
116900183,142,154,-12
116900185,61,55,6
116900186,79,277,-198
116900187,89,66,23
116900188,163,29,134
116900189,111,1,110
116900191,520,887,-367
116900192,296,212,84
116900194,211,1389,-1178
116900195,60,27,33
116900196,12,73,-61
116900197,115,16,99
116900198,216,230,-14
116900200,63,30,33
116900201,144,8,136
116900202,140,49,91
116900203,224,2,222
116900204,78,104,-26
116900206,24,18,6
116900207,31,32,-1
116900208,9,108,-99
116900209,41,123,-82
116900210,615,382,233
116900211,327,14,313
116900212,73,67,6
116900213,250,159,91
116900214,208,215,-7
116900215,66,97,-31
116900216,365,282,83
116900218,16,279,-263
116900219,1776,523,1253
116900220,105,304,-199
116900221,76,503,-427
116900222,353,453,-100
116900223,142,359,-217
116900226,104,77,27
116900227,185,80,105
116900228,278,199,79
116900230,77,297,-220
116900231,60,432,-372
116900232,14,454,-440
116900233,224,128,96
116900234,19,18,1
116900235,214,458,-244
116900238,2027,497,1530
116900239,18,1829,-1811
116900240,6218,3337,2881
116900241,137,195,-58
116900242,419,673,-254
116900243,4,116,-112
116900245,31,14,17
116900246,179,20,159
116900247,755,28,727
116900248,119,39,80
116900249,396,155,241
116900250,412,78,334
116900251,558,552,6
116900252,215,897,-682
116900253,144,89,55
116900254,24,65,-41
116900255,132,79,53
116900256,405,191,214
116900257,16,519,-503
116900258,5,283,-278
116900259,248,11,237
116900260,2,133,-131
116900261,60,3,57
116900262,209,158,51
116900263,1,14,-13
116900264,2,5,-3
116900265,29,2,27
116900266,17,46,-29
116900267,9,0,9
116900268,442,149,293
116900269,298,716,-418
116900271,1817,179,1638
116900272,351,349,2
116900273,213,51,162
116900274,105,91,14
116900275,178,118,60
116900276,382,131,251
116900277,637,44,593
116900278,3,32,-29
116900279,14,27,-13
116900280,48,43,5
116900281,6553,4623,1930
116900282,5,112,-107
116900283,38,134,-96
116900284,24,223,-199
116900285,325,192,133
116900286,277,37,240
116900287,13,63,-50
116900288,67,87,-20
116900289,11,11,0
116900290,3,27,-24
116900291,30,3,27
116900292,0,29,-29
116900293,70,56,14
116900294,39,179,-140
116900295,60,28,32
116900296,44,20,24
116900297,4,63,-59
116900298,44,24,20
116900299,36,36,0
116900300,4,41,-37
116900301,26,37,-11
116900302,1570,1189,381
116900303,237,80,157
116900304,0,136,-136
116900305,16,82,-66
116900306,215,191,24
117000001,2046,1787,259
117000002,2308,5198,-2890
117000003,6934,3545,3389
117000004,4605,5830,-1225
117000005,2138,2196,-58
117000006,1484,3655,-2171
117000007,3854,1266,2588
117000008,1387,4212,-2825
117000009,5386,2266,3120
117000010,3376,4739,-1363
117000011,2194,1862,332
117000012,1227,1576,-349
117000013,2310,964,1346
117000014,1293,2397,-1104
117000015,2833,1294,1539
117000016,375,105,270
117000017,407,147,260
117000018,226,738,-512
117000019,115,3,112
117000020,456,1626,-1170
117000021,1980,408,1572
117000022,658,133,525
117000023,493,166,327
117000024,471,242,229
117000025,713,1182,-469
117000026,3019,1411,1608
117000027,2509,2962,-453
117000028,3515,1000,2515
117000030,201,137,64
117000032,1993,1403,590
117000033,1800,1477,323
117000034,175,119,56
117000036,158,126,32
117000038,160,376,-216
117000039,44,81,-37
117000040,228,1201,-973
117000041,1166,215,951
117000044,11,747,-736
117000045,398,123,275
117000046,460,877,-417
117000047,1157,834,323
117000048,2511,1240,1271
117000049,189,751,-562
117000050,122,2088,-1966
117000051,2066,186,1880
117000052,49,372,-323
117000053,570,63,507
117000054,2241,17,2224
117000055,13,3590,-3577
117000056,804,31,773
117000057,676,2770,-2094
117000060,658,1754,-1096
117000061,1824,1040,784
117000062,336,802,-466
117000063,1952,1093,859
117000064,846,992,-146
117000066,1462,1048,414
117000067,177,630,-453
117000074,150,211,-61
117000076,66,53,13
117000077,164,274,-110
117000078,193,903,-710
117000079,430,297,133
117000080,2,348,-346
117000081,1036,150,886
117000082,15,84,-69
117000083,142,17,125
117000084,261,4,257
117000085,266,782,-516
117000086,891,477,414
117000087,121,573,-452
117000088,283,205,78
117000089,1607,292,1315
117000090,321,1299,-978
117000091,861,291,570
117000092,463,1297,-834
117000093,1214,801,413
117000094,1670,3508,-1838
117000095,3863,988,2875
117000096,715,2753,-2038
117000097,1446,1287,159
117000098,2928,5323,-2395
117000099,3615,1414,2201
117000100,193,364,-171
117000101,227,1370,-1143
117000102,1705,740,965
117000103,822,1859,-1037
117000104,1321,697,624
117000105,960,1783,-823
117000106,1200,854,346
117000107,605,2254,-1649
117000108,1546,987,559
117000109,1840,2993,-1153
117000110,1417,1254,163
117000111,4129,4900,-771
117000112,3870,2166,1704
117000113,153,341,-188
117000114,249,179,70
117000115,136,150,-14
117000116,167,293,-126
117000117,2346,1485,861
117000118,296,134,162
117000119,332,295,37
117000120,215,615,-400
117000121,258,1279,-1021
117000122,258,775,-517
117000123,1845,66,1779
117000124,1054,195,859
117000125,464,195,269
117000126,97,55,42
117000127,252,505,-253
117000128,555,1160,-605
117000129,238,78,160
117000130,173,4,169
117000131,2,73,-71
117000132,3130,65,3065
117000133,1511,103,1408
117000134,1,52,-51
117000135,2,80,-78
117000136,1,30,-29
117000137,137,164,-27
117000138,4,787,-783
117000140,557,1903,-1346
117000141,1751,574,1177
117000181,798,493,305
117000182,375,588,-213
117000195,243,1251,-1008
117000196,317,113,204
117000225,134,22,112
117000226,62,217,-155
117000276,316,14,302
117000277,3,428,-425
117000310,1832,2264,-432
117000315,65,707,-642
117000320,53,0,53
117000906,365,19,346
117000907,15,339,-324
117000908,29,29,0
117000909,39,103,-64
117000910,161,165,-4
117000911,100,137,-37
117000915,10,548,-538
117000916,60,9,51
117000917,1402,41,1361
117000918,75,117,-42
117000919,29,141,-112
117000920,2,1675,-1673
117000921,4,1430,-1426
117000922,51,138,-87
117000924,575,787,-212
117000926,1001,108,893
117000927,2186,1385,801
117000928,0,140,-140
117000929,224,337,-113
117000930,191,19,172
117000931,973,157,816
117900002,176,540,-364
117900003,1069,596,473
117900005,14,35,-21
117900006,0,62,-62
117900007,207,180,27
117900008,0,27,-27
117900010,201,132,69
117900011,51,99,-48
117900012,101,115,-14
117900013,1,242,-241
117900014,272,146,126
117900015,9,84,-75
117900016,1590,1073,517
117900017,447,279,168
117900018,238,148,90
117900019,431,266,165
117900020,82,564,-482
117900021,48,87,-39
117900022,52,18,34
117900023,902,186,716
117900024,78,57,21
117900025,49,18,31
117900026,481,279,202
117900028,72,9,63
117900029,315,704,-389
117900030,562,319,243
117900031,194,157,37
117900032,1023,577,446
117900033,238,599,-361
117900034,24,39,-15
117900035,269,117,152
117900036,237,453,-216
117900037,179,143,36
117900038,36,466,-430
117900039,3,77,-74
117900040,161,525,-364
117900041,10,84,-74
117900042,4375,519,3856
117900043,53,61,-8
117900044,17,2548,-2531
117900045,162,152,10
117900048,519,332,187
117900049,269,442,-173
117900050,12,58,-46
117900051,111,7,104
117900052,45,352,-307
117900053,1924,723,1201
117900054,3,39,-36
117900055,318,198,120
117900056,416,13,403
117900057,1337,1299,38
117900058,901,1239,-338
117900059,407,124,283
117900060,2268,5731,-3463
117900061,38,217,-179
117900063,333,193,140
117900065,648,1450,-802
117900066,11,84,-73
117900067,378,203,175
117900069,757,367,390
117900070,361,31,330
117900071,60,172,-112
117900073,482,386,96
117900074,103,48,55
117900075,72,81,-9
117900076,4,43,-39
117900077,513,179,334
117900078,322,1126,-804
117900080,143,61,82
117900081,574,426,148
117900082,501,441,60
117900083,345,463,-118
117900086,121,47,74
117900087,217,98,119
117900088,4063,2589,1474
117900089,2368,875,1493
117900090,332,530,-198
117900091,179,247,-68
117900092,75,47,28
117900093,124,127,-3
117900094,38,30,8
117900095,199,295,-96
117900096,145,264,-119
117900097,258,145,113
117900098,31,9,22
117900099,138,183,-45
117900100,215,9,206
117900101,445,1868,-1423
117900102,72,50,22
117900103,57,3,54
117900104,58,237,-179
117900105,160,240,-80
117900106,121,48,73
117900107,28,1,27
117900109,707,437,270
117900110,166,4,162
117900111,308,25,283
117900112,56,28,28
117900113,3767,1892,1875
117900114,32,0,32
117900115,420,77,343
117900116,1062,989,73
117900117,770,547,223
117900118,77,2,75
117900119,202,222,-20
117900120,219,107,112
117900121,268,87,181
117900122,1791,3791,-2000
117900123,799,466,333
117900124,875,889,-14
117900125,2173,2204,-31
117900126,264,616,-352
117900127,501,619,-118
117900128,531,689,-158
117900129,79,1,78
117900130,1135,497,638
117900131,5,174,-169
117900132,21,138,-117
117900133,14,150,-136
117900134,61,295,-234
117900135,44,233,-189
117900136,0,44,-44
117900137,54,352,-298
117900138,0,50,-50
117900139,178,167,11
117900140,3695,193,3502
117900141,372,239,133
117900142,240,24,216
117900144,120,285,-165
117900145,80,33,47
117900146,212,211,1
117900147,78,65,13
117900148,2886,1708,1178
117900149,130,262,-132
117900150,47,68,-21
117900151,63,108,-45
117900152,96,73,23
117900153,24,112,-88
117900154,399,672,-273
117900156,1172,1054,118
117900157,87,639,-552
117900158,262,114,148
117900160,793,882,-89
117900161,3269,2850,419
117900162,368,498,-130
117900163,136,122,14
117900165,0,23,-23
117900166,152,516,-364
117900168,42,173,-131
117900169,4,106,-102
117900170,2,43,-41
117900171,2,20,-18
117900172,24,42,-18
117900173,186,91,95
117900174,38,68,-30
117900175,5,30,-25
117900176,8,35,-27
117900177,27,42,-15
117900178,126,36,90
117900180,281,53,228
117900181,128,315,-187
117900182,2,39,-37
117900183,67,160,-93
117900184,11,68,-57
117900185,38,53,-15
117900186,30,23,7
117900187,14,3,11
117900188,186,59,127
117900189,62,32,30
117900190,38,2,36
117900191,108,0,108
117900192,253,1,252
117900193,17,63,-46
117900194,7,7,0
117900195,30,63,-33
117900196,13,58,-45
117900207,202,182,20
117900208,64,52,12
117900209,158,182,-24
117900210,194,238,-44
117900211,20,269,-249
117900212,143,204,-61
117900213,35,14,21
117900214,10,19,-9
117900216,10,53,-43
117900217,53,457,-404
117900218,108,174,-66
117900219,6,148,-142
117900220,149,113,36
117900221,50,10,40
118000001,928,938,-10
118000002,1275,2418,-1143
118000003,2083,2858,-775
118000004,3606,2797,809
118000005,6372,6367,5
118000006,8464,10929,-2465
118000007,6366,3967,2399
118000008,4976,4027,949
118000009,2269,4568,-2299
118000010,8078,5392,2686
118000011,1781,2853,-1072
118000012,1493,2668,-1175
118000013,3144,2920,224
118000014,2356,2674,-318
118000016,202,499,-297
118000017,510,470,40
118000018,474,616,-142
118000019,2765,1592,1173
118000020,2258,4093,-1835
118000021,810,3604,-2794
118000022,2445,1024,1421
118000023,1191,298,893
118000024,2364,1522,842
118000025,1589,2277,-688
118000027,15713,12640,3073
118000029,1162,924,238
118000032,1757,4184,-2427
118000033,4258,6755,-2497
118000034,7287,3171,4116
118000035,1996,3205,-1209
118000036,1291,1202,89
118000037,852,903,-51
118000038,181,82,99
118000039,122,256,-134
118000040,1960,1394,566
118000041,2497,1439,1058
118000045,1051,209,842
118000046,1640,634,1006
118000047,1211,1132,79
118000048,3858,1845,2013
118000051,2899,1280,1619
118000052,1639,861,778
118000053,494,675,-181
118000054,1557,1273,284
118000055,1347,1611,-264
118000056,281,487,-206
118000057,235,448,-213
118000058,4722,2129,2593
118000059,2880,1287,1593
118000060,1132,678,454
118000061,1403,1464,-61
118000062,728,467,261
118000063,459,695,-236
118000064,926,1455,-529
118000065,5740,2139,3601
118000066,869,1611,-742
118000067,1520,981,539
118000068,2352,4642,-2290
118000069,3542,1297,2245
118000070,6172,2141,4031
118000071,3795,6236,-2441
118000072,2152,1316,836
118000073,3053,710,2343
118000074,560,416,144
118000075,754,406,348
118000076,1719,2219,-500
118000077,1650,1545,105
118000078,2094,2690,-596
118000079,387,485,-98
118000080,1490,1069,421
118000081,2194,1368,826
118000082,341,1349,-1008
118000083,2092,2184,-92
118000084,4170,2112,2058
118000086,366,646,-280
118000087,5026,2742,2284
118000088,2070,1706,364
118000089,3800,2145,1655
118000090,1538,2954,-1416
118000091,1400,2175,-775
118000092,1158,571,587
118000093,113,821,-708
118000096,545,741,-196
118000097,1028,740,288
118000098,268,215,53
118000099,658,929,-271
118000101,1206,344,862
118000102,386,1605,-1219
118000107,2247,638,1609
118000108,903,2097,-1194
118000110,0,28,-28
118000111,2,340,-338
118000112,430,5,425
118000113,8,583,-575
118000114,443,13,430
118000115,41,8,33
118000116,42,0,42
118000117,1448,870,578
118000118,1025,904,121
118000119,1096,1192,-96
118000120,1973,1570,403
118000121,128,760,-632
118000122,1599,429,1170
118000123,85,245,-160
118000125,1772,1097,675
118000126,745,1634,-889
118000127,1909,681,1228
118000128,742,1384,-642
118000129,848,344,504
118000130,2630,3578,-948
118000131,594,742,-148
118000132,2561,1841,720
118000133,919,354,565
118000135,734,450,284
118000136,159,442,-283
118000137,706,115,591
118000138,396,763,-367
118000139,374,121,253
118000140,3109,4595,-1486
118000141,2353,2167,186
118000142,2004,1803,201
118000143,2237,1393,844
118000144,1483,1056,427
118000145,1759,2282,-523
118000146,1431,1049,382
118000147,939,1998,-1059
118000148,502,1256,-754
118000149,1007,1063,-56
118000150,373,213,160
118000151,605,550,55
118000153,1447,1223,224
118000154,1608,1897,-289
118000155,1368,1481,-113
118000156,2340,2792,-452
118000157,509,365,144
118000158,190,523,-333
118000159,24,107,-83
118000160,533,438,95
118000161,516,955,-439
118000162,2198,969,1229
118000163,990,818,172
118000164,2159,1598,561
118000168,1385,775,610
118000169,1212,1336,-124
118000170,4720,6116,-1396
118000171,410,757,-347
118000172,99,364,-265
118000173,1058,1550,-492
118000175,343,370,-27
118000176,334,451,-117
118000177,255,602,-347
118000178,53,62,-9
118000179,1581,1299,282
118000180,1094,760,334
118000181,901,342,559
118000182,306,225,81
118000183,253,333,-80
118000184,905,733,172
118000185,1446,1147,299
118000186,883,1128,-245
118000187,1426,763,663
118000188,641,268,373
118000189,798,906,-108
118000190,11,24,-13
118000191,35,38,-3
118000192,108,141,-33
118000193,75,375,-300
118000194,1458,1132,326
118000195,1164,972,192
118000196,535,218,317
118000197,334,152,182
118000198,457,672,-215
118000199,461,336,125
118000200,124,297,-173
118000201,554,514,40
118000202,58,66,-8
118000203,1561,652,909
118000204,177,339,-162
118000205,232,391,-159
118000206,246,221,25
118000207,0,93,-93
118000208,1534,1763,-229
118000209,2500,2265,235
118000210,61,46,15
118000211,17,73,-56
118000213,1378,1442,-64
118000214,672,635,37
118000215,320,167,153
118000216,2357,3344,-987
118000217,29,109,-80
118000218,80,131,-51
118000219,471,365,106
118000220,4,40,-36
118000221,186,367,-181
118000222,66,10,56
118000223,29,54,-25
118000224,197,116,81
118000225,138,719,-581
118000226,1021,175,846
118000227,867,425,442
118000228,236,294,-58
118000229,292,86,206
118000230,122,240,-118
118000231,95,228,-133
118000232,828,1050,-222
118000233,1224,870,354
118000234,583,309,274
118000236,486,365,121
118000237,156,465,-309
118000238,320,212,108
118000239,384,279,105
118000240,477,216,261
118000241,182,213,-31
118000242,479,746,-267
118000243,298,253,45
118000244,45,130,-85
118000246,0,26,-26
118000255,83,230,-147
118000256,108,298,-190
118000259,17,72,-55
118000260,207,105,102
118000261,33,84,-51
118000263,94,183,-89
118000266,90,303,-213
118000267,0,123,-123
118000268,447,1,446
118000270,90,35,55
118000271,168,293,-125
118000272,202,46,156
118000273,182,92,90
118000274,161,359,-198
118000276,541,402,139
118000295,15,127,-112
118000298,176,290,-114
118000299,63,187,-124
118000301,1,44,-43
118000302,114,83,31
118000311,402,131,271
118000312,308,243,65
118000313,50,199,-149
118000314,62,49,13
118000315,32,68,-36
118000316,767,570,197
118000325,92,94,-2
118000326,59,53,6
118000331,47,96,-49
118000332,33,59,-26
118000333,39,110,-71
118000335,331,0,331
118000336,1,262,-261
118000407,145,95,50
118000457,9,24,-15
118000465,4669,4609,60
118000480,31,103,-72
118000489,37,244,-207
118000490,32,258,-226
118000492,158,168,-10
118000510,99,24,75
118000514,155,371,-216
118000515,898,637,261
118000517,390,185,205
118000524,416,283,133
118000525,992,912,80
118000530,26,127,-101
118000531,315,271,44
118000532,222,329,-107
118000533,491,156,335
118000534,641,565,76
118000535,286,155,131
118000536,1169,2054,-885
118000537,20,193,-173
118000538,36,98,-62
118000539,20,131,-111
118000540,366,183,183
118000541,182,63,119
118000542,104,199,-95
118000543,227,253,-26
118000546,44,37,7
118000560,3242,2197,1045
118000562,43,168,-125
118000563,1874,1434,440
118000576,135,156,-21
118000577,108,120,-12
118000578,95,92,3
118000579,469,1042,-573
118000595,258,88,170
118000596,0,54,-54
118000597,106,97,9
118000598,24,2,22
118000599,60,40,20
118000600,6,32,-26
118000601,10,0,10
118000602,0,21,-21
118000603,1,16,-15
118900001,855,1462,-607
118900002,1057,1004,53
118900003,413,21,392
118900004,115,82,33
118900005,90,10,80
118900006,129,10,119
118900007,5,6,-1
118900008,1885,61,1824
118900009,80,37,43
118900010,99,19,80
118900011,212,51,161
118900012,441,207,234
118900013,450,143,307
118900015,278,91,187
118900016,11,11,0
118900017,435,438,-3
118900018,919,22,897
118900019,51,26,25
118900020,258,148,110
118900021,208,483,-275
118900022,177,131,46
118900023,216,107,109
118900024,111,165,-54
118900025,65,58,7
118900026,79,110,-31
118900027,402,275,127
118900028,196,184,12
118900029,246,354,-108
118900030,406,106,300
118900031,160,138,22
118900032,247,222,25
118900033,407,417,-10
118900034,177,23,154
118900035,143,211,-68
118900036,1174,904,270
118900037,580,262,318
118900038,387,239,148
118900039,532,223,309
118900040,242,200,42
118900041,577,141,436
118900042,284,139,145
118900045,274,205,69
118900046,1015,348,667
118900047,611,202,409
118900048,247,210,37
118900049,69,63,6
118900050,52,84,-32
118900051,80,118,-38
118900052,363,248,115
118900053,43,87,-44
118900054,112,30,82
118900055,111,130,-19
118900056,31,351,-320
118900057,896,532,364
118900058,430,343,87
118900059,20,86,-66
118900060,43,120,-77
118900062,388,206,182
118900064,736,568,168
118900065,69,184,-115
118900066,68,83,-15
118900067,5041,3839,1202
118900068,23,178,-155
118900069,445,273,172
118900071,9,118,-109
118900072,431,387,44
118900073,129,128,1
118900074,113,239,-126
118900075,55,91,-36
118900076,215,120,95
118900077,275,214,61
118900078,46,4,42
118900079,74,227,-153
118900080,13,149,-136
118900081,89,49,40
118900082,693,175,518
118900083,35,10,25
118900084,14,20,-6
118900085,662,1273,-611
118900086,23,89,-66
118900087,32,262,-230
118900088,0,13,-13
118900089,28,18,10
118900090,498,474,24
118900091,250,256,-6
118900092,213,129,84
118900093,149,23,126
118900096,76,28,48
118900097,331,512,-181
118900099,76,214,-138
118900100,130,283,-153
118900101,121,569,-448
118900102,59,141,-82
118900103,85,175,-90
118900104,345,166,179
118900105,354,139,215
118900107,191,133,58
118900108,114,144,-30
118900109,1386,456,930
118900110,1659,801,858
118900111,565,534,31
118900112,61,157,-96
118900113,126,497,-371
118900114,23,101,-78
118900115,173,560,-387
118900116,167,232,-65
118900117,119,190,-71
118900118,281,286,-5
118900119,124,230,-106
118900120,86,359,-273
118900121,8,206,-198
118900122,10,1051,-1041
118900123,149,236,-87
118900124,59,213,-154
118900126,26,441,-415
118900129,362,245,117
118900130,60,183,-123
118900131,148,230,-82
118900132,454,227,227
118900133,6,109,-103
118900135,271,328,-57
118900136,193,612,-419
118900137,8,63,-55
118900139,199,355,-156
118900140,419,691,-272
118900141,156,190,-34
118900144,128,485,-357
118900145,92,160,-68
118900146,360,741,-381
118900147,324,152,172
118900148,79,64,15
118900150,162,517,-355
118900152,764,889,-125
118900157,140,156,-16
118900158,108,77,31
118900159,0,234,-234
118900161,93,12,81
118900163,160,171,-11
118900164,6,133,-127
118900165,59,246,-187
118900166,27,5,22
118900167,110,129,-19
118900168,19,211,-192
118900169,152,420,-268
118900170,205,158,47
118900171,28,64,-36
118900174,53,63,-10
118900175,467,650,-183
118900176,157,285,-128
118900177,87,84,3
118900178,67,295,-228
118900179,2,36,-34
118900181,95,69,26
118900182,145,66,79
118900183,47,184,-137
118900184,332,181,151
118900185,112,149,-37
118900186,116,71,45
118900187,280,309,-29
118900188,382,289,93
118900189,46,844,-798
118900190,18,305,-287
118900191,108,62,46
118900192,202,34,168
118900193,432,16,416
118900195,374,843,-469
118900196,33,155,-122
118900197,128,78,50
118900198,20,27,-7
118900199,82,56,26
118900200,18,19,-1
118900201,27,38,-11
118900202,12,76,-64
118900203,17,46,-29
118900204,27,37,-10
118900205,1,14,-13
118900206,2,20,-18
119000001,1471,2001,-530
119000002,5343,4279,1064
119000003,2845,1356,1489
119000004,2964,1510,1454
119000005,1825,2038,-213
119000006,2502,1676,826
119000007,3357,3473,-116
119000008,2387,2390,-3
119000009,4352,4821,-469
119000010,8097,5203,2894
119000011,5016,3349,1667
119000012,4116,4202,-86
119000013,2643,1711,932
119000014,2382,3962,-1580
119000019,284,165,119
119000020,2016,1567,449
119000021,4550,2644,1906
119000022,3814,2886,928
119000023,337,324,13
119000024,1912,11248,-9336
119000025,8593,1702,6891
119000026,150,457,-307
119000027,307,556,-249
119000028,2255,1279,976
119000029,124,341,-217
119000030,545,958,-413
119000031,790,841,-51
119000032,2240,2760,-520
119000033,2654,1727,927
119000034,1136,1058,78
119000035,37,359,-322
119000036,1924,920,1004
119000037,1345,1954,-609
119000038,211,1041,-830
119000039,369,359,10
119000040,840,608,232
119000041,822,1190,-368
119000048,3824,3697,127
119000049,1905,2590,-685
119000050,1900,2227,-327
119000051,1905,1089,816
119000052,2108,3089,-981
119000053,1946,1436,510
119000054,3675,3678,-3
119000055,4764,3962,802
119000056,2673,2593,80
119000057,1697,2399,-702
119000058,2326,2166,160
119000059,1722,2015,-293
119000060,1671,1516,155
119000061,1187,995,192
119000062,1340,1624,-284
119000063,476,358,118
119000064,934,1195,-261
119000065,2695,3903,-1208
119000066,2181,1211,970
119000067,2037,2449,-412
119000068,1810,1200,610
119000069,1579,2739,-1160
119000070,2690,1113,1577
119000071,523,817,-294
119000072,5744,3628,2116
119000073,5356,7499,-2143
119000074,1333,2927,-1594
119000075,2263,2540,-277
119000076,458,1024,-566
119000077,876,569,307
119000078,361,179,182
119000079,173,637,-464
119000080,413,238,175
119000081,340,438,-98
119000082,1188,263,925
119000083,586,406,180
119000084,314,509,-195
119000085,595,260,335
119000086,335,487,-152
119000087,1911,1202,709
119000088,487,233,254
119000089,62,188,-126
119000090,150,197,-47
119000091,119,399,-280
119000092,626,212,414
119000093,4081,3289,792
119000094,3058,5768,-2710
119000095,2049,3062,-1013
119000097,2399,1770,629
119000098,921,2969,-2048
119000099,3039,2227,812
119000100,4162,3572,590
119000101,5410,2460,2950
119000102,1137,1256,-119
119000103,2002,683,1319
119000104,2991,1761,1230
119000105,1375,2174,-799
119000106,403,1670,-1267
119000107,939,580,359
119000108,400,1083,-683
119000109,201,541,-340
119000110,745,421,324
119000111,81,660,-579
119000112,190,131,59
119000113,2627,342,2285
119000114,1129,1080,49
119000115,187,208,-21
119000116,117,118,-1
119000117,169,515,-346
119000118,2,0,2
119000123,5592,1873,3719
119000124,740,281,459
119000125,3698,946,2752
119000126,492,693,-201
119000127,555,625,-70
119000128,40,7,33
119000131,1001,823,178
119000132,3,4,-1
119000133,5,15,-10
119000134,2478,712,1766
119000135,125,236,-111
119000136,283,218,65
119000137,283,477,-194
119000138,539,356,183
119000139,309,291,18
119000140,260,436,-176
119000284,1400,2865,-1465
119000285,2525,2553,-28
119000286,8722,6809,1913
119000287,1370,2670,-1300
119000288,2278,1553,725
119000289,2001,3272,-1271
119000290,204,497,-293
119000291,8,276,-268
119000293,105,187,-82
119000294,69,31,38
119000295,1760,531,1229
119000296,194,155,39
119000302,2342,1416,926
119000303,47,176,-129
119000314,1902,10556,-8654
119000315,2,441,-439
119000316,81,115,-34
119000317,54,334,-280
119900001,343,1476,-1133
119900002,176,359,-183
119900003,65,1314,-1249
119900004,404,1257,-853
119900005,210,135,75
119900006,247,506,-259
119900007,1364,285,1079
119900008,111,69,42
119900009,893,892,1
119900010,1569,1537,32
119900011,25,133,-108
119900012,36,157,-121
119900013,2105,1178,927
119900014,614,302,312
119900015,142,38,104
119900016,92,99,-7
119900017,35,60,-25
119900018,2192,1035,1157
119900019,41,10,31
119900020,271,292,-21
119900021,192,164,28
119900022,128,843,-715
119900023,716,1393,-677
119900025,198,39,159
119900026,959,170,789
119900027,21,34,-13
119900028,362,182,180
119900029,4,10,-6
119900030,727,579,148
119900031,65,433,-368
119900033,3001,511,2490
119900034,398,198,200
119900037,191,41,150
119900038,61,350,-289
119900039,50,15,35
119900040,438,21,417
119900041,135,56,79
119900042,120,185,-65
119900043,71,223,-152
119900044,245,1033,-788
119900046,158,87,71
119900047,373,104,269
119900048,69,41,28
119900049,123,6,117
119900050,165,125,40
119900051,1162,16,1146
119900052,99,71,28
119900053,209,215,-6
119900054,111,7,104
119900055,1542,565,977
119900057,276,121,155
119900058,320,13,307
119900059,157,50,107
119900060,260,31,229
119900061,378,15,363
119900062,66,31,35
119900063,24,66,-42
119900064,475,93,382
119900065,262,29,233
119900066,1,1,0
119900067,193,73,120
119900068,481,8,473
119900069,84,10,74
119900070,1462,42,1420
119900071,700,33,667
119900072,475,518,-43
119900073,1984,773,1211
119900074,102,34,68
119900075,5967,3292,2675
119900076,880,454,426
119900077,978,1243,-265
119900078,472,1032,-560
119900079,265,260,5
119900080,309,352,-43
119900081,74,55,19
119900082,1490,250,1240
119900083,517,287,230
119900084,1053,401,652
119900085,82,115,-33
119900086,181,674,-493
119900087,756,390,366
119900088,40,96,-56
119900089,54,627,-573
119900090,187,117,70
119900091,117,1073,-956
119900092,160,569,-409
119900093,1393,256,1137
119900094,22,191,-169
119900095,292,151,141
119900096,36,205,-169
119900097,747,226,521
119900098,71,62,9
119900099,51,258,-207
119900100,2661,3161,-500
119900101,226,1283,-1057
119900102,112,325,-213
119900103,68,409,-341
119900104,62,310,-248
119900105,1214,2002,-788
119900106,19,203,-184
119900107,345,3186,-2841
119900108,2736,907,1829
119900109,41,210,-169
119900110,757,635,122
119900111,132,355,-223
119900112,1810,690,1120
119900113,124,359,-235
119900114,264,1270,-1006
119900115,405,1121,-716
119900116,171,470,-299
119900117,546,933,-387
119900118,120,872,-752
119900119,302,232,70
119900120,847,782,65
119900121,404,1156,-752
119900122,614,443,171
119900123,268,398,-130
119900124,295,1041,-746
119900125,73,313,-240
119900126,4920,401,4519
119900127,2691,1341,1350
119900128,427,912,-485
119900129,292,621,-329
119900130,29,300,-271
119900131,56,330,-274
119900132,2,253,-251
119900133,60,116,-56
119900134,2016,327,1689
119900135,1,429,-428
119900136,230,450,-220
119900138,490,698,-208
119900139,43,150,-107
119900140,0,122,-122
119900141,136,930,-794
119900142,37,49,-12
119900143,26,217,-191
119900144,1889,328,1561
119900145,131,237,-106
119900146,201,259,-58
119900147,4,206,-202
119900148,236,110,126
119900149,1627,4689,-3062
119900150,190,194,-4
119900151,2105,999,1106
119900152,155,400,-245
119900153,144,103,41
119900154,17,297,-280
119900155,55,69,-14
119900156,15,12,3
119900157,158,284,-126
119900158,190,102,88
119900159,3,1565,-1562
119900160,15,230,-215
119900161,165,247,-82
119900162,1068,1076,-8
119900163,158,201,-43
119900164,0,4,-4
119900165,164,265,-101
119900166,99,72,27
119900167,109,184,-75
119900168,1026,623,403
119900169,257,398,-141
119900170,293,382,-89
119900171,1198,547,651
119900172,269,44,225
119900173,20,534,-514
119900174,17,229,-212
119900175,1481,880,601
119900177,17,252,-235
119900178,16,197,-181
119900179,95,481,-386
119900180,1014,1006,8
119900181,103,168,-65
119900182,10,453,-443
119900183,194,768,-574
119900184,3074,850,2224
119900185,46,210,-164
119900186,109,888,-779
119900187,30,591,-561
119900188,103,446,-343
119900189,730,557,173
119900190,96,316,-220
119900191,359,248,111
119900192,88,254,-166
119900193,416,283,133
119900194,45,107,-62
119900195,68,238,-170
119900196,1963,760,1203
119900197,252,230,22
119900198,199,299,-100
119900199,165,32,133
119900200,712,797,-85
119900201,541,367,174
119900202,111,286,-175
119900203,208,564,-356
119900204,354,399,-45
119900205,774,588,186
119900206,179,197,-18
119900208,200,177,23
119900209,524,1275,-751
119900210,52,34,18
119900211,116,11,105
119900212,166,257,-91
119900213,17,97,-80
119900214,33,88,-55
119900215,98,108,-10
119900216,15,100,-85
119900217,31,105,-74
119900218,36,79,-43
119900219,12,159,-147
119900220,3,127,-124
119900221,33,333,-300
119900222,10,255,-245
119900223,26,82,-56
119900224,17,52,-35
119900225,1141,81,1060
119900226,787,2260,-1473
119900227,1233,433,800
119900228,114,335,-221
119900229,403,563,-160
119900230,1970,858,1112
119900231,270,241,29
119900232,350,145,205
119900233,145,8,137
119900234,16,75,-59
119900235,57,38,19
119900236,50,318,-268
119900237,98,722,-624
119900238,0,82,-82
119900240,118,171,-53
119900241,262,335,-73
119900242,1897,2151,-254
119900244,799,1849,-1050
119900245,127,293,-166
119900246,408,685,-277
119900247,53,159,-106
119900248,127,253,-126
119900249,240,115,125
119900253,3475,583,2892
119900254,98,723,-625
119900255,136,769,-633
119900256,741,1172,-431
119900257,66,1,65
119900258,160,3,157
119900259,6,158,-152
119900260,140,9,131
119900261,311,180,131
119900262,2,312,-310
119900263,1230,505,725
119900264,107,187,-80
119900265,502,429,73
119900266,380,378,2
119900267,381,689,-308
119900268,183,215,-32
119900269,1067,1334,-267
119900271,64,151,-87
119900272,502,258,244
119900275,193,36,157
119900276,61,3,58
119900277,21,14,7
119900278,220,131,89
119900279,147,358,-211
119900280,835,253,582
119900281,0,232,-232
119900282,64,98,-34
119900283,30,310,-280
119900284,75,252,-177
119900285,41,79,-38
119900286,6,23,-17
119900288,3,27,-24
119900289,2,24,-22
119900290,8,29,-21
119900291,24,187,-163
119900292,38,44,-6
119900293,22,93,-71
119900294,39,131,-92
119900295,24,27,-3
119900296,37,244,-207
119900297,2,34,-32
119900298,8,16,-8
119900299,99,218,-119
119900300,294,242,52
119900301,93,133,-40
119900302,147,95,52
119900303,303,160,143
119900304,250,38,212
119900305,13,133,-120
119900306,56,7,49
119900307,75,95,-20
119900308,7,35,-28
119900309,75,150,-75
119900310,368,413,-45
119900311,63,121,-58
119900312,144,128,16
119900313,320,386,-66
119900314,232,450,-218
119900315,1968,2709,-741
119900318,15,21,-6
119900319,10,327,-317
119900320,213,631,-418
119900321,92,6,86
120000001,7773,14605,-6832
120000002,2797,3291,-494
120000003,3949,2013,1936
120000004,3375,2857,518
120000005,5045,2575,2470
120000006,1359,1647,-288
120000007,4310,3549,761
120000008,1229,1691,-462
120000009,4151,1352,2799
120000010,2053,2983,-930
120000011,1199,2039,-840
120000012,1765,3383,-1618
120000013,3225,3358,-133
120000014,787,1706,-919
120000015,2980,1826,1154
120000016,3788,2508,1280
120000017,3085,2514,571
120000018,4453,11872,-7419
120000019,1062,1521,-459
120000020,3450,3502,-52
120000021,1953,2554,-601
120000022,3236,4137,-901
120000023,1058,1752,-694
120000024,1552,2644,-1092
120000025,2455,2334,121
120000026,1867,1972,-105
120000027,2304,2374,-70
120000028,1038,896,142
120000029,4803,1089,3714
120000030,379,1127,-748
120000031,2684,7025,-4341
120000032,9736,5293,4443
120000033,6004,2492,3512
120000034,2060,2301,-241
120000035,2056,2394,-338
120000036,3504,6241,-2737
120000037,809,1717,-908
120000038,8222,4599,3623
120000039,601,1013,-412
120000040,113,406,-293
120000041,1662,1668,-6
120000042,2299,3038,-739
120000043,6225,2336,3889
120000044,5079,1825,3254
120000045,5734,1281,4453
120000046,3186,3120,66
120000047,1585,5833,-4248
120000048,9072,5177,3895
120000049,3287,3289,-2
120000050,4737,4591,146
120000051,3611,5618,-2007
120000052,10224,2811,7413
120000053,1193,3048,-1855
120000054,1643,4938,-3295
120000055,2018,5884,-3866
120000056,4645,4842,-197
120000057,3024,853,2171
120000058,3917,676,3241
120000059,71,1693,-1622
120000061,140,567,-427
120000062,210,347,-137
120000063,1964,3091,-1127
120000064,226,1361,-1135
120000065,751,2181,-1430
120000066,351,666,-315
120000067,145,551,-406
120000068,215,942,-727
120000069,546,1296,-750
120000070,95,831,-736
120000071,507,155,352
120000072,894,452,442
120000073,875,121,754
120000074,481,151,330
120000075,1080,324,756
120000076,2649,505,2144
120000077,2145,729,1416
120000078,3798,1377,2421
120000079,259,169,90
120000080,132,196,-64
120000081,257,142,115
120000082,213,274,-61
120000083,99,644,-545
120000084,457,396,61
120000085,307,325,-18
120000086,329,568,-239
120000087,188,735,-547
120000088,889,1463,-574
120000089,1306,923,383
120000090,887,657,230
120000091,1041,1266,-225
120000092,1471,847,624
120000093,419,569,-150
120000094,151,987,-836
120000095,1295,550,745
120000096,341,907,-566
120000098,1349,1083,266
120000099,579,1041,-462
120000100,937,1163,-226
120000101,641,580,61
120000102,641,814,-173
120000103,1728,1034,694
120000104,1976,541,1435
120000105,3301,805,2496
120000106,2434,824,1610
120000107,3853,748,3105
120000108,1286,147,1139
120000109,1256,90,1166
120000110,87,1060,-973
120000111,129,1231,-1102
120000112,907,3491,-2584
120000113,741,2605,-1864
120000114,1173,3578,-2405
120000115,392,2702,-2310
120000116,874,2505,-1631
120000117,1261,1889,-628
120000118,40,20,20
120000119,26,84,-58
120000120,69,68,1
120000121,35,81,-46
120000122,290,303,-13
120000123,6323,5283,1040
120000124,447,402,45
120000125,491,805,-314
120000126,389,938,-549
120000127,3616,1124,2492
120000128,4867,4499,368
120000129,347,290,57
120000130,890,680,210
120000131,275,742,-467
120000134,511,1286,-775
120000135,672,576,96
120000137,271,1616,-1345
120000138,1049,589,460
120000139,329,823,-494
120000140,878,704,174
120000141,536,630,-94
120000142,665,766,-101
120000143,1,149,-148
120000144,148,4,144
120000145,418,4,414
120000146,1293,1007,286
120000149,842,1418,-576
120000150,3968,13004,-9036
120000151,433,564,-131
120000152,526,241,285
120000153,369,644,-275
120000154,607,479,128
120000155,124,255,-131
120000156,1086,1087,-1
120000157,1173,786,387
120000158,1043,950,93
120000159,2322,3013,-691
120000160,2946,1659,1287
120000161,2126,2574,-448
120000162,92,304,-212
120000163,878,1451,-573
120000164,569,441,128
120000165,565,999,-434
120000166,1683,763,920
120000167,143,213,-70
120000168,16,653,-637
120000169,61,1560,-1499
120000170,59,837,-778
120000171,30,291,-261
120000172,28,124,-96
120000173,2734,657,2077
120000174,434,20,414
120000175,413,41,372
120000176,361,53,308
120000177,1812,179,1633
120000178,154,23,131
120000179,355,55,300
120000180,965,105,860
120000181,171,1015,-844
120000182,108,428,-320
120000183,9,318,-309
120000184,124,1130,-1006
120000186,94,450,-356
120000187,68,197,-129
120000188,181,258,-77
120000190,1236,44,1192
120000191,1701,106,1595
120000192,1465,39,1426
120000193,628,18,610
120000195,174,33,141
120000196,510,56,454
120000197,159,137,22
120000198,238,93,145
120000199,154,2,152
120000200,121,0,121
120000201,13,31,-18
120000202,2,57,-55
120000203,38,224,-186
120000207,1,91,-90
120000208,8,241,-233
120000209,4,70,-66
120000210,91,106,-15
120000211,184,12,172
120000212,193,0,193
120000213,129,272,-143
120000214,4,368,-364
120000215,2,152,-150
120000216,86,17,69
120000217,778,1354,-576
120000218,173,887,-714
120000219,15,534,-519
120000220,9,1894,-1885
120000225,1853,2,1851
120000226,415,5,410
120000227,838,78,760
120000228,9427,3986,5441
120000230,424,24,400
120000231,1391,2606,-1215
120000233,319,0,319
120000235,277,849,-572
120000236,1128,3,1125
120000237,2,1670,-1668
120000238,1,488,-487
120000241,1301,4014,-2713
120000412,1034,13,1021
120000413,289,228,61
120000414,108,2,106
120000415,2,92,-90
120000416,188,3,185
120000417,3,83,-80
120000418,154,24,130
120000419,20,359,-339
120000420,47,30,17
120000421,13584,7178,6406
120000422,169,1398,-1229
120000423,7,80,-73
120000424,81,183,-102
120000436,178,619,-441
120000437,148,202,-54
120000438,3236,361,2875
120000439,181,579,-398
120000443,236,0,236
120000444,1455,666,789
120000445,1539,1229,310
120000446,904,243,661
120000447,233,4,229
120000449,142,6,136
120000450,4,258,-254
120000451,226,275,-49
120000452,132,6,126
120000453,0,316,-316
120000454,67,65,2
120000455,144,41,103
120000456,2776,4199,-1423
120000457,1921,676,1245
120000458,562,775,-213
120000459,85,76,9
120000665,1329,210,1119
120000668,191,753,-562
120000669,66,241,-175
120000670,260,564,-304
120000671,1756,442,1314
120000672,79,609,-530
120900001,73,120,-47
120900002,616,652,-36
120900003,481,30,451
120900004,8,55,-47
120900005,20,1039,-1019
120900006,468,278,190
120900007,171,124,47
120900008,279,1367,-1088
120900009,372,23,349
120900010,559,91,468
120900011,386,180,206
120900012,589,1466,-877
120900013,371,127,244
120900014,2,659,-657
120900015,711,102,609
120900016,759,105,654
120900017,2750,104,2646
120900018,179,560,-381
120900019,762,345,417
120900020,922,1613,-691
120900021,815,254,561
120900022,51,375,-324
120900023,334,34,300
120900024,2461,776,1685
120900025,1853,1177,676
120900026,262,281,-19
120900027,716,24,692
120900028,420,144,276
120900029,233,447,-214
120900030,1324,883,441
120900031,259,142,117
120900032,1159,162,997
120900033,1092,121,971
120900034,41,2790,-2749
120900035,46,273,-227
120900037,261,10,251
120900038,59,272,-213
120900039,127,87,40
120900040,349,5,344
120900041,149,42,107
120900042,605,67,538
120900043,77,61,16
120900044,17,457,-440
120900045,166,175,-9
120900046,424,6,418
120900047,112,126,-14
120900048,129,26,103
120900049,473,5,468
120900050,2674,1501,1173
120900051,382,146,236
120900052,721,14,707
120900053,299,83,216
120900054,2109,810,1299
120900055,349,2,347
120900056,469,28,441
120900057,135,14,121
120900058,605,2,603
120900059,122,9,113
120900060,74,31,43
120900061,328,334,-6
120900062,244,2,242
120900063,497,7,490
120900064,626,0,626
120900065,455,27,428
120900066,416,351,65
120900067,175,79,96
120900068,281,0,281
120900069,210,63,147
120900071,14,0,14
120900072,772,6,766
120900073,464,270,194
120900074,679,7,672
120900076,449,1,448
120900077,4060,465,3595
120900078,876,1008,-132
120900079,805,113,692
120900080,774,1920,-1146
120900081,973,969,4
120900082,648,526,122
120900083,151,65,86
120900084,287,470,-183
120900085,102,129,-27
120900086,151,389,-238
120900087,499,367,132
120900088,225,422,-197
120900089,4145,2924,1221
120900090,279,183,96
120900091,727,890,-163
120900092,1849,661,1188
120900093,2685,231,2454
120900094,616,236,380
120900095,586,27,559
120900096,65,251,-186
120900097,935,818,117
120900098,369,250,119
120900099,74,86,-12
120900100,161,312,-151
120900101,883,387,496
120900102,38,120,-82
120900103,71,237,-166
120900104,29,61,-32
120900105,67,607,-540
120900106,1645,738,907
120900107,300,232,68
120900108,4,652,-648
120900109,58,857,-799
120900110,12,718,-706
120900111,240,463,-223
120900112,15,929,-914
120900113,15,952,-937
120900114,75,215,-140
120900115,160,292,-132
120900116,472,559,-87
120900117,1,623,-622
120900118,5,845,-840
120900119,4589,5676,-1087
120900120,110,699,-589
120900121,311,726,-415
120900122,574,627,-53
120900123,4,430,-426
120900124,2,659,-657
120900125,14,922,-908
120900126,2025,1714,311
120900127,12,559,-547
120900128,1383,1885,-502
120900129,54,363,-309
120900130,1,397,-396
120900131,66,113,-47
120900132,1028,394,634
120900133,306,1232,-926
120900134,946,589,357
120900135,61,651,-590
120900136,92,77,15
120900137,355,165,190
120900138,41,276,-235
120900139,1,694,-693
120900140,7,106,-99
120900141,290,254,36
120900142,33,707,-674
120900143,2,1074,-1072
120900144,1,196,-195
120900145,166,881,-715
120900146,1,1257,-1256
120900147,1,595,-594
120900148,151,150,1
120900149,2,359,-357
120900150,61,709,-648
120900151,1,674,-673
120900152,0,49,-49
120900153,37,130,-93
120900154,0,342,-342
120900155,190,1085,-895
120900156,82,382,-300
120900157,86,303,-217
120900158,81,618,-537
120900159,128,255,-127
120900160,39,685,-646
120900161,34,601,-567
120900162,30,662,-632
120900163,40,659,-619
120900164,0,12,-12
120900165,1,20,-19
120900166,309,602,-293
120900167,733,241,492
120900169,89,444,-355
120900170,1477,2760,-1283
120900171,1451,399,1052
120900172,1530,1098,432
120900173,0,58,-58
120900174,10,171,-161
120900175,298,224,74
120900176,25,401,-376
120900177,3,1221,-1218
120900178,3,633,-630
120900179,1217,670,547
120900180,173,172,1
120900181,111,84,27
120900182,21,250,-229
120900183,308,92,216
120900184,225,100,125
120900185,11,437,-426
120900186,0,547,-547
120900187,612,1188,-576
120900188,199,24,175
120900189,148,1093,-945
120900190,62,26,36
120900191,10,32,-22
120900192,12296,7017,5279
120900194,41,116,-75
120900195,232,392,-160
120900196,767,37,730
120900197,669,197,472
120900198,272,669,-397
120900199,558,2149,-1591
120900200,71,116,-45
120900201,590,197,393
120900202,2,203,-201
120900203,34,87,-53
120900204,123,358,-235
120900205,63,79,-16
120900206,15,58,-43
121000001,979,1242,-263
121000002,2912,1448,1464
121000003,3838,2455,1383
121000004,3575,3824,-249
121000005,2079,3229,-1150
121000006,4531,1987,2544
121000007,3079,3290,-211
121000008,6525,4012,2513
121000009,6756,6637,119
121000010,9725,6936,2789
121000011,12103,15385,-3282
121000012,21355,13574,7781
121000013,5732,8571,-2839
121000014,7393,6881,512
121000015,5076,7805,-2729
121000016,5218,4070,1148
121000017,2523,4436,-1913
121000018,3281,1950,1331
121000019,22892,14229,8663
121000020,16844,18275,-1431
121000021,3643,3645,-2
121000022,2858,3353,-495
121000023,4470,3686,784
121000024,5591,5773,-182
121000025,734,1589,-855
121000026,322,180,142
121000027,2015,1404,611
121000028,1009,653,356
121000029,1124,770,354
121000030,141,146,-5
121000031,818,847,-29
121000032,277,148,129
121000034,655,286,369
121000035,181,177,4
121000036,1270,934,336
121000037,698,655,43
121000038,586,1100,-514
121000039,316,522,-206
121000041,655,540,115
121000042,380,539,-159
121000043,926,645,281
121000044,1442,1003,439
121000045,677,408,269
121000046,896,1080,-184
121000047,73,109,-36
121000049,1930,758,1172
121000050,426,1205,-779
121000051,886,348,538
121000052,490,848,-358
121000053,600,114,486
121000054,81,402,-321
121000055,1389,1300,89
121000056,832,1203,-371
121000057,481,610,-129
121000058,484,234,250
121000059,2535,1412,1123
121000060,701,999,-298
121000061,141,377,-236
121000062,398,430,-32
121000063,756,864,-108
121000064,674,650,24
121000065,567,594,-27
121000066,427,412,15
121000067,894,779,115
121000068,1020,465,555
121000069,1186,1121,65
121000070,2556,1647,909
121000071,1716,1604,112
121000072,1813,977,836
121000073,1152,1091,61
121000074,112,114,-2
121000075,106,456,-350
121000076,1473,514,959
121000077,212,258,-46
121000078,144,185,-41
121000080,3188,792,2396
121000081,4375,3253,1122
121000082,152,296,-144
121000083,254,208,46
121000084,204,180,24
121000085,273,439,-166
121000086,264,954,-690
121000087,60,381,-321
121000088,547,670,-123
121000089,545,511,34
121000090,565,454,111
121000091,1730,1021,709
121000092,176,108,68
121000093,172,243,-71
121000094,630,1002,-372
121000095,405,755,-350
121000096,2771,3089,-318
121000097,1307,2798,-1491
121000098,635,1175,-540
121000099,667,852,-185
121000100,973,474,499
121000101,440,355,85
121000102,313,381,-68
121000103,317,325,-8
121000104,355,230,125
121000105,620,330,290
121000106,404,510,-106
121000107,2317,3848,-1531
121000109,1758,1335,423
121000110,411,748,-337
121000114,3228,2476,752
121000115,1110,780,330
121000116,338,1018,-680
121000117,1047,287,760
121000118,1504,259,1245
121000119,379,413,-34
121000120,357,498,-141
121000121,723,1279,-556
121000123,2237,730,1507
121000126,185,387,-202
121000127,218,84,134
121000128,1041,579,462
121000129,927,774,153
121000130,677,991,-314
121000131,3283,2394,889
121000132,2341,2233,108
121000135,679,1071,-392
121000136,2548,958,1590
121000137,642,368,274
121000138,1361,1203,158
121000139,843,512,331
121000141,283,211,72
121000142,832,1063,-231
121000143,189,57,132
121000144,1560,2043,-483
121000145,638,1210,-572
121000146,1525,1122,403
121000147,1139,609,530
121000148,1087,1318,-231
121000149,2297,1520,777
121000152,609,747,-138
121000153,2083,801,1282
121000154,1132,825,307
121000155,1623,1276,347
121000156,435,1104,-669
121000157,1268,2257,-989
121000158,452,577,-125
121000159,248,491,-243
121000160,305,519,-214
121000161,293,344,-51
121000162,106,301,-195
121000165,2123,1963,160
121000166,28,460,-432
121000168,488,270,218
121000169,61,194,-133
121000170,383,116,267
121000171,76,228,-152
121000172,815,599,216
121000173,1602,1200,402
121000174,437,492,-55
121000175,1022,450,572
121000176,405,304,101
121000177,982,461,521
121000178,186,102,84
121000179,140,105,35
121000181,651,575,76
121000182,145,227,-82
121000183,64,162,-98
121000184,195,111,84
121000185,47,181,-134
121000186,207,528,-321
121000187,200,235,-35
121000188,194,243,-49
121000192,1166,519,647
121000193,739,698,41
121000194,2815,2702,113
121000195,366,995,-629
121000196,595,212,383
121000197,284,860,-576
121000198,260,127,133
121000199,113,383,-270
121000200,578,79,499
121000201,8,211,-203
121000202,211,14,197
121000203,1153,2419,-1266
121000204,3028,1034,1994
121000205,249,294,-45
121000206,309,24,285
121000207,2510,437,2073
121000208,9,352,-343
121000209,455,388,67
121000210,711,473,238
121000211,313,146,167
121000212,468,676,-208
121000213,10913,3598,7315
121000214,1078,2571,-1493
121000215,1286,1007,279
121000216,595,824,-229
121000217,5776,2471,3305
121000218,515,1733,-1218
121000219,1579,390,1189
121000220,244,90,154
121000221,184,203,-19
121000222,2816,2922,-106
121000223,908,473,435
121000224,444,280,164
121000225,1570,1944,-374
121000226,3176,1222,1954
121000227,15,167,-152
121000228,17,632,-615
121000229,358,337,21
121000230,85,1735,-1650
121000231,989,36,953
121000232,399,337,62
121000233,637,396,241
121000234,29,48,-19
121000235,103,82,21
121000236,20,39,-19
121000237,52,31,21
121000238,3,51,-48
121000239,93,5,88
121000240,10,168,-158
121000241,127,15,112
121000242,45,198,-153
121000243,601,203,398
121000244,9,91,-82
121000245,74,47,27
121000246,1,111,-110
121000247,88,12,76
121000248,1906,390,1516
121000249,197,289,-92
121000250,703,178,525
121000251,44,461,-417
121000252,126,74,52
121000253,334,363,-29
121000254,531,244,287
121000255,297,214,83
121000256,694,206,488
121000257,60,94,-34
121000258,183,64,119
121000259,67,61,6
121000260,137,130,7
121000261,152,51,101
121000262,1080,924,156
121000263,570,534,36
121000271,324,1610,-1286
121000273,68,14,54
121000274,8,38,-30
121000275,0,14,-14
121000276,2,18,-16
121000278,27,33,-6
121000279,85,17,68
121000280,80,28,52
121000289,252,30,222
121000290,1439,1095,344
121000294,147,122,25
121000297,1417,1217,200
121000299,274,548,-274
121000300,1145,759,386
121000302,71,1168,-1097
121000303,492,410,82
121000304,584,70,514
121000305,230,56,174
121000306,132,156,-24
121000308,234,427,-193
121000309,430,589,-159
121000310,120,472,-352
121000311,111,932,-821
121000312,467,264,203
121000313,489,625,-136
121000314,98,146,-48
121000315,51,102,-51
121000530,1595,1542,53
121000531,1749,1762,-13
121000532,8077,8430,-353
121000533,3633,3782,-149
121000918,96,143,-47
121000919,79,68,11
121000938,111,147,-36
121000939,121,135,-14
121000956,1559,1481,78
121000957,8,22,-14
121000958,126,62,64
121000959,878,930,-52
121000960,2220,2505,-285
121000961,289,248,41
121000962,219,492,-273
121000973,3,177,-174
121000976,21,316,-295
121000979,490,232,258
121000981,416,430,-14
121000982,379,148,231
121000983,575,446,129
121000984,104,116,-12
121000985,752,537,215
121000986,428,220,208
121000987,379,1189,-810
121000988,876,104,772
121001302,340,132,208
121001308,8,18,-10
121001309,120,240,-120
121001313,331,219,112
121001314,2496,3402,-906
121001315,4618,2858,1760
121900001,110,199,-89
121900002,86,40,46
121900003,517,31,486
121900004,192,551,-359
121900005,43,15,28
121900006,151,13,138
121900007,2329,2723,-394
121900008,2881,994,1887
121900009,778,31,747
121900010,269,8,261
121900011,523,517,6
121900012,14,2,12
121900013,2020,107,1913
121900014,1432,450,982
121900015,241,288,-47
121900016,7,22,-15
121900017,519,559,-40
121900018,436,12,424
121900019,566,313,253
121900020,28,1,27
121900021,1259,25,1234
121900022,327,334,-7
121900023,181,386,-205
121900024,440,107,333
121900025,686,412,274
121900026,491,69,422
121900027,489,232,257
121900028,359,21,338
121900029,112,260,-148
121900030,643,703,-60
121900031,1410,6451,-5041
121900032,137,137,0
121900033,262,207,55
121900034,403,76,327
121900035,3201,2605,596
121900036,108,377,-269
121900037,274,790,-516
121900038,46,175,-129
121900039,560,85,475
121900040,104,127,-23
121900041,91,160,-69
121900042,430,135,295
121900043,2,7,-5
121900044,194,88,106
121900045,624,354,270
121900046,453,450,3
121900047,272,80,192
121900048,82,195,-113
121900050,53,57,-4
121900051,161,183,-22
121900052,211,82,129
121900053,754,287,467
121900054,547,1168,-621
121900055,8,23,-15
121900058,280,187,93
121900059,609,255,354
121900060,130,369,-239
121900061,248,274,-26
121900062,245,166,79
121900063,1551,503,1048
121900064,286,698,-412
121900066,71,29,42
121900067,68,57,11
121900069,202,211,-9
121900070,315,132,183
121900071,341,274,67
121900072,71,264,-193
121900073,221,244,-23
121900074,1034,1353,-319
121900075,614,617,-3
121900076,485,665,-180
121900077,43,48,-5
121900078,108,43,65
121900079,0,1,-1
121900080,1268,560,708
121900082,47,120,-73
121900083,361,246,115
121900084,39,173,-134
121900085,7,31,-24
121900086,13,77,-64
121900087,285,123,162
121900088,2687,4469,-1782
121900089,196,454,-258
121900090,34,146,-112
121900091,93,194,-101
121900092,180,109,71
121900093,99,97,2
121900094,23,12,11
121900095,269,135,134
121900096,1808,1184,624
121900097,587,221,366
121900098,14,9,5
121900099,268,98,170
121900100,366,573,-207
121900101,227,148,79
121900102,11,242,-231
121900103,651,274,377
121900104,1891,497,1394
121900105,376,250,126
121900106,10,16,-6
121900107,49,52,-3
121900108,4,39,-35
121900109,393,158,235
121900110,546,1137,-591
121900111,1032,238,794
121900112,194,184,10
121900113,91,398,-307
121900114,96,100,-4
121900115,205,423,-218
121900117,458,114,344
121900118,2435,864,1571
121900119,249,144,105
121900120,79,1629,-1550
121900121,678,72,606
121900122,28,98,-70
121900123,239,536,-297
121900124,149,176,-27
121900125,2139,1219,920
121900127,13,103,-90
121900128,87,139,-52
121900129,805,249,556
121900130,113,263,-150
121900131,248,94,154
121900132,52,119,-67
121900133,131,1240,-1109
121900134,65,214,-149
121900135,2774,426,2348
121900136,330,420,-90
121900137,83,394,-311
121900138,182,279,-97
121900139,464,614,-150
121900140,158,253,-95
121900141,88,51,37
121900142,203,187,16
121900143,54,197,-143
121900144,175,330,-155
121900145,219,303,-84
121900146,778,907,-129
121900147,81,238,-157
121900148,292,418,-126
121900149,400,772,-372
121900150,111,174,-63
121900151,94,259,-165
121900152,110,140,-30
121900153,179,943,-764
121900154,18,256,-238
121900155,5,260,-255
121900156,259,156,103
121900157,4,421,-417
121900158,118,142,-24
121900159,2,244,-242
121900160,40,262,-222
121900161,470,463,7
121900162,102,223,-121
121900163,302,748,-446
121900164,446,253,193
121900165,287,182,105
121900166,150,187,-37
121900167,110,162,-52
121900168,256,233,23
121900169,13,237,-224
121900170,22,274,-252
121900171,901,764,137
121900172,668,281,387
121900173,1354,327,1027
121900174,45,95,-50
121900175,459,294,165
121900176,688,1802,-1114
121900177,236,65,171
121900178,19,3,16
121900179,367,157,210
121900180,5113,4955,158
121900182,749,296,453
121900183,916,1244,-328
121900184,111,728,-617
121900185,167,157,10
121900186,22,453,-431
121900187,43,279,-236
121900188,566,534,32
121900189,39,153,-114
121900190,336,633,-297
121900191,102,215,-113
121900192,465,733,-268
121900193,16,46,-30
121900194,8,227,-219
121900195,130,147,-17
121900196,1348,1225,123
121900197,357,1864,-1507
121900198,1440,1039,401
121900199,2,23,-21
121900200,101,328,-227
121900201,1435,1072,363
121900202,258,778,-520
121900203,340,1168,-828
121900204,1116,1450,-334
121900205,116,242,-126
121900206,26,51,-25
121900207,148,59,89
121900208,170,336,-166
121900209,99,42,57
121900210,1194,1293,-99
121900211,4,131,-127
121900212,203,126,77
121900213,170,80,90
121900214,12,560,-548
121900215,53,154,-101
121900216,48,262,-214
121900217,370,179,191
121900218,291,533,-242
121900219,341,131,210
121900220,223,18,205
121900221,289,678,-389
121900222,165,185,-20
121900223,250,65,185
121900224,140,61,79
121900225,115,129,-14
121900226,415,1326,-911
121900227,281,629,-348
121900228,259,434,-175
121900229,376,420,-44
121900230,230,376,-146
121900231,589,2460,-1871
121900232,331,485,-154
121900233,281,325,-44
121900234,432,339,93
121900235,645,201,444
121900236,362,208,154
121900237,196,295,-99
121900238,146,345,-199
121900239,250,55,195
121900240,264,153,111
121900241,62,60,2
121900242,15,0,15
121900243,22,2,20
121900244,51,2,49
121900245,240,109,131
121900246,2495,355,2140
121900247,336,321,15
121900248,1838,1308,530
121900250,332,330,2
121900251,469,57,412
121900252,778,171,607
121900253,149,860,-711
121900254,637,307,330
121900255,332,113,219
121900258,3733,2687,1046
121900259,434,794,-360
121900260,228,213,15
121900261,201,654,-453
121900262,448,978,-530
121900263,303,303,0
121900264,2414,1818,596
121900265,366,336,30
121900266,515,197,318
121900267,84,31,53
121900269,272,749,-477
121900270,47,245,-198
121900271,58,173,-115
121900273,584,2067,-1483
121900274,274,368,-94
121900276,709,154,555
121900277,748,1262,-514
121900278,185,1229,-1044
121900279,159,196,-37
121900280,298,517,-219
121900281,721,680,41
121900284,169,20,149
121900286,162,147,15
121900287,19,26,-7
121900290,317,482,-165
121900291,506,736,-230
121900292,193,149,44
121900293,1351,3261,-1910
121900294,358,4,354
121900295,216,338,-122
121900296,60,160,-100
121900298,376,882,-506
121900299,6,9,-3
121900300,196,11,185
121900301,73,8,65
121900302,1,66,-65
121900303,379,369,10
121900304,4,118,-114
121900305,5,33,-28
121900306,293,3,290
121900307,156,14,142
121900308,19,269,-250
121900309,21,297,-276
121900310,35,535,-500
121900311,682,30,652
121900312,395,28,367
121900313,317,31,286
121900314,6,75,-69
121900315,34,2,32
121900316,0,20,-20
121900317,16,16,0
121900318,1,19,-18
121900319,27,116,-89
121900320,50,80,-30
121900321,16,2,14
121900322,2,30,-28
121900323,23,21,2
121900324,1,59,-58
121900325,19,0,19
121900326,4,13,-9
121900327,14,70,-56
121900328,0,31,-31
121900329,2,242,-240
121900330,0,30,-30
121900331,118,35,83
121900332,97,52,45
122000001,2608,5111,-2503
122000002,4815,1877,2938
122000003,2684,3031,-347
122000004,3542,1943,1599
122000005,2844,2044,800
122000006,2334,923,1411
122000007,1284,2189,-905
122000008,4797,5745,-948
122000009,549,522,27
122000010,2561,3193,-632
122000011,4031,1773,2258
122000012,1527,1760,-233
122000013,1404,1056,348
122000014,1746,1272,474
122000015,1736,1351,385
122000016,678,1049,-371
122000017,1469,1142,327
122000018,1658,1594,64
122000019,835,1269,-434
122000020,282,281,1
122000021,430,654,-224
122000022,1462,1381,81
122000023,796,2158,-1362
122000024,953,1391,-438
122000025,1648,1965,-317
122000026,1325,1279,46
122000027,675,2407,-1732
122000028,1016,580,436
122000029,678,568,110
122000030,521,159,362
122000031,323,320,3
122000032,1938,2399,-461
122000033,789,1306,-517
122000034,970,793,177
122000035,445,897,-452
122000036,692,602,90
122000037,391,284,107
122000038,328,391,-63
122000039,692,434,258
122000040,365,318,47
122000041,622,648,-26
122000042,336,528,-192
122000043,150,104,46
122000044,216,205,11
122000045,1369,618,751
122000046,909,925,-16
122000047,361,251,110
122000048,4342,5483,-1141
122000049,7045,3748,3297
122000050,1845,877,968
122000051,380,316,64
122000052,578,410,168
122000053,172,882,-710
122000054,2768,2585,183
122000055,2489,3443,-954
122000056,5674,3899,1775
122000057,3804,4189,-385
122000058,3204,1689,1515
122000059,3702,1780,1922
122000060,753,704,49
122000061,518,544,-26
122000062,1447,386,1061
122000063,1567,748,819
122000064,3781,3104,677
122000065,4775,2742,2033
122000066,1561,1115,446
122000067,1782,1470,312
122000068,1615,1137,478
122000069,829,783,46
122000070,1034,1919,-885
122000071,1809,1638,171
122000072,476,428,48
122000073,467,667,-200
122000074,3842,1906,1936
122000075,925,1482,-557
122000076,2473,1331,1142
122000077,1388,777,611
122000078,2748,3117,-369
122000079,1279,1319,-40
122000080,791,392,399
122000081,253,310,-57
122000082,962,972,-10
122000083,2187,2342,-155
122000084,1594,993,601
122000085,372,1199,-827
122000086,2398,5537,-3139
122000087,466,285,181
122000088,438,528,-90
122000089,5953,2812,3141
122000090,278,534,-256
122000091,204,73,131
122000092,127,33,94
122000093,2305,2200,105
122000094,7048,2928,4120
122000095,3699,4659,-960
122000096,3207,2191,1016
122000098,4323,2749,1574
122000099,2328,725,1603
122000100,1020,535,485
122000101,457,856,-399
122000102,2386,1447,939
122000103,2728,2168,560
122000104,497,251,246
122000105,829,338,491
122000106,549,753,-204
122000107,1176,540,636
122000108,600,863,-263
122000109,427,321,106
122000110,584,627,-43
122000111,3080,1561,1519
122000112,1102,1537,-435
122000113,780,719,61
122000114,3524,1649,1875
122000115,2218,1436,782
122000116,719,616,103
122000117,1476,528,948
122000118,701,1036,-335
122000119,4105,3137,968
122000120,2547,5442,-2895
122000121,2779,3922,-1143
122000122,1039,2153,-1114
122000123,2358,2530,-172
122000124,1597,1109,488
122000125,780,1072,-292
122000126,1046,2043,-997
122000127,1477,1534,-57
122000128,694,1021,-327
122000129,513,1216,-703
122000130,4000,1682,2318
122000131,1907,1608,299
122000132,691,913,-222
122000133,1326,1921,-595
122000134,1185,964,221
122000135,922,910,12
122000136,1105,824,281
122000137,2134,1269,865
122000139,1640,4107,-2467
122000140,1264,840,424
122000141,4823,1254,3569
122000142,621,915,-294
122000143,817,651,166
122000144,1792,1443,349
122000145,1558,1064,494
122000146,888,1370,-482
122000147,697,489,208
122000148,2696,2537,159
122000149,2492,1837,655
122000150,1388,1119,269
122000151,221,424,-203
122000152,443,502,-59
122000153,440,354,86
122000154,366,308,58
122000155,1515,2524,-1009
122000156,2930,2990,-60
122000157,2064,2491,-427
122000158,413,834,-421
122000159,1286,1878,-592
122000160,4715,3032,1683
122000161,1349,1139,210
122000162,2608,2125,483
122000163,325,99,226
122000164,68,90,-22
122000165,1378,880,498
122000166,1250,1093,157
122000167,349,289,60
122000168,256,650,-394
122000169,512,233,279
122000170,401,308,93
122000171,83,120,-37
122000172,1779,1688,91
122000173,1745,2804,-1059
122000174,2646,1062,1584
122000175,1292,318,974
122000176,413,839,-426
122000177,1656,1630,26
122000178,3015,2548,467
122000179,1976,2745,-769
122000180,2061,1697,364
122000181,2148,3473,-1325
122000182,2530,2041,489
122000183,2554,1104,1450
122000184,3579,2814,765
122000185,1898,1923,-25
122000186,659,926,-267
122000187,2232,1217,1015
122000188,537,217,320
122000189,326,345,-19
122000190,1136,1241,-105
122000191,1050,982,68
122000192,1301,382,919
122000193,551,934,-383
122000194,674,242,432
122000195,152,612,-460
122000196,1547,781,766
122000197,651,889,-238
122000198,638,1056,-418
122000199,446,425,21
122000200,1151,730,421
122000201,1723,1678,45
122000202,1699,1764,-65
122000203,3081,1511,1570
122000204,2272,2290,-18
122000205,1615,1655,-40
122000206,2596,1031,1565
122000207,2337,1622,715
122000208,2681,1799,882
122000209,2201,435,1766
122000210,2749,2170,579
122000211,1968,1387,581
122000212,951,628,323
122000213,1317,1606,-289
122000214,2373,2015,358
122000215,2153,1905,248
122000217,2203,1683,520
122000218,886,96,790
122000219,1474,1030,444
122000220,504,831,-327
122000221,99,443,-344
122000222,588,172,416
122000223,1614,653,961
122000225,924,365,559
122000226,2508,1901,607
122000227,469,2558,-2089
122000228,503,463,40
122000229,37,637,-600
122000230,81,627,-546
122000231,448,994,-546
122000232,955,770,185
122000233,1,78,-77
122000234,328,145,183
122000235,813,212,601
122000236,1481,206,1275
122000237,207,104,103
122000238,418,314,104
122000239,869,180,689
122000240,1671,953,718
122000241,530,406,124
122000242,989,166,823
122000243,122,36,86
122000244,11,362,-351
122000245,25,97,-72
122000246,43,90,-47
122000247,686,315,371
122000248,1088,1968,-880
122000249,896,1096,-200
122000250,2768,1211,1557
122000251,370,587,-217
122000252,747,199,548
122000253,81,365,-284
122000254,474,142,332
122000255,868,2048,-1180
122000256,419,1198,-779
122000257,247,381,-134
122000258,338,325,13
122000259,15,518,-503
122000260,7,86,-79
122000261,17,243,-226
122000262,0,72,-72
122000263,487,192,295
122000264,1554,451,1103
122000265,2786,989,1797
122000266,5309,824,4485
122000267,152,150,2
122000268,198,451,-253
122000269,1234,454,780
122000270,844,226,618
122000271,386,1297,-911
122000272,605,1097,-492
122000273,594,481,113
122000274,303,250,53
122000275,139,255,-116
122000276,994,622,372
122000277,1453,1704,-251
122000278,2212,983,1229
122000279,353,562,-209
122000280,1059,892,167
122000281,1090,964,126
122000282,301,303,-2
122000283,648,170,478
122000284,230,115,115
122000285,473,113,360
122000286,111,192,-81
122000287,1506,1619,-113
122000288,502,296,206
122000291,2205,875,1330
122000293,304,317,-13
122000294,183,284,-101
122000295,1490,220,1270
122000296,41,496,-455
122000297,2890,3143,-253
122000299,680,499,181
122000300,609,809,-200
122000301,11462,3783,7679
122000302,692,1482,-790
122000303,3862,1569,2293
122000304,152,356,-204
122000305,1358,355,1003
122000306,30,748,-718
122000307,194,149,45
122000309,95,75,20
122000310,25,92,-67
122000311,329,135,194
122000312,204,145,59
122000313,145,96,49
122000314,134,242,-108
122000315,269,95,174
122000316,1099,229,870
122000317,1598,327,1271
122000318,300,911,-611
122000319,249,460,-211
122000320,416,1653,-1237
122000321,122,241,-119
122000322,2658,2261,397
122000323,2041,2601,-560
122000324,1285,1112,173
122000325,967,1676,-709
122000326,72,107,-35
122000327,684,1046,-362
122000328,1029,798,231
122000330,2460,1077,1383
122000332,275,484,-209
122000333,15,102,-87
122000337,1323,1662,-339
122000338,592,510,82
122000340,467,535,-68
122000342,1515,1057,458
122000343,349,359,-10
122000344,73,27,46
122000345,92,51,41
122000346,305,56,249
122000348,1050,900,150
122000349,149,679,-530
122000351,136,204,-68
122000352,430,148,282
122000353,95,133,-38
122000355,147,264,-117
122000356,1608,1469,139
122000357,133,15,118
122000358,1,61,-60
122000359,0,40,-40
122000360,0,52,-52
122000362,20,132,-112
122000364,213,407,-194
122000365,3,36,-33
122000366,12,21,-9
122000368,479,816,-337
122000370,37,65,-28
122000371,32,0,32
122000372,24,2,22
122000381,112,404,-292
122000382,116,245,-129
122000384,2838,1471,1367
122000385,102,0,102
122000386,478,1496,-1018
122000387,677,751,-74
122000388,2018,756,1262
122000389,180,743,-563
122000390,500,267,233
122000391,382,230,152
122000392,317,276,41
122000393,117,205,-88
122000394,715,316,399
122000395,195,195,0
122000396,364,154,210
122000397,84,51,33
122000398,82,93,-11
122000399,207,103,104
122000400,171,641,-470
122000401,188,112,76
122000402,369,142,227
122000403,598,975,-377
122000404,225,339,-114
122000408,932,1201,-269
122000503,18,99,-81
122000524,212,169,43
122000544,140,2640,-2500
122000616,441,5,436
122000640,126,163,-37
122000641,93,389,-296
122000642,1111,1344,-233
122000643,50,145,-95
122000644,140,30,110
122000645,93,196,-103
122000651,1803,957,846
122000664,153,65,88
122000665,1486,599,887
122000666,873,1288,-415
122000673,39,276,-237
122000674,192,54,138
122000675,2316,1192,1124
122000686,471,1197,-726
122000687,1481,377,1104
122000688,392,612,-220
122000689,943,540,403
122000690,1975,598,1377
122000691,859,2028,-1169
122000692,1873,519,1354
122000693,475,1958,-1483
122000695,461,456,5
122000696,507,336,171
122000698,436,757,-321
122000699,263,193,70
122000701,1257,326,931
122000702,514,1313,-799
122000703,148,73,75
122000717,146,82,64
122000718,339,833,-494
122000719,123,132,-9
122000720,500,303,197
122900001,45,18,27
122900002,1498,5413,-3915
122900003,499,81,418
122900004,1278,100,1178
122900005,155,88,67
122900006,1240,686,554
122900007,277,76,201
122900008,967,113,854
122900009,1169,612,557
122900010,298,144,154
122900012,289,466,-177
122900014,219,352,-133
122900015,2452,1208,1244
122900016,80,397,-317
122900017,494,1027,-533
122900018,235,43,192
122900019,39,205,-166
122900020,446,520,-74
122900021,63,734,-671
122900022,1152,813,339
122900023,643,305,338
122900024,164,135,29
122900025,17,382,-365
122900026,81,389,-308
122900027,101,881,-780
122900028,279,710,-431
122900029,5096,3765,1331
122900030,1192,642,550
122900031,92,307,-215
122900032,196,499,-303
122900033,279,192,87
122900034,4966,5764,-798
122900035,72,56,16
122900036,83,116,-33
122900037,525,209,316
122900038,197,3314,-3117
122900039,164,586,-422
122900040,377,551,-174
122900041,401,379,22
122900042,233,408,-175
122900043,494,264,230
122900044,130,419,-289
122900045,122,140,-18
122900046,311,272,39
122900047,159,245,-86
122900048,63,239,-176
122900049,1564,172,1392
122900051,97,162,-65
122900052,100,232,-132
122900053,18,33,-15
122900055,551,136,415
122900057,305,120,185
122900061,543,288,255
122900062,711,750,-39
122900063,169,400,-231
122900064,1189,494,695
122900065,641,316,325
122900066,884,403,481
122900067,1478,944,534
122900068,129,367,-238
122900069,454,1579,-1125
122900070,508,97,411
122900071,134,478,-344
122900072,37,706,-669
122900073,42,382,-340
122900074,850,760,90
122900075,1,72,-71
122900076,13,210,-197
122900077,5,220,-215
122900078,291,158,133
122900080,56,49,7
122900081,186,216,-30
122900082,1039,423,616
122900083,226,284,-58
122900084,15,287,-272
122900086,31,179,-148
122900087,407,651,-244
122900088,48,212,-164
122900089,110,288,-178
122900090,35,555,-520
122900091,287,5,282
122900092,1,184,-183
122900093,1,284,-283
122900094,1,177,-176
122900095,159,24,135
122900096,545,193,352
122900097,23,61,-38
122900098,107,137,-30
122900099,68,26,42
122900100,365,312,53
122900101,473,242,231
123000001,1880,467,1413
123000002,4463,5041,-578
123000003,4256,4052,204
123000004,3474,4212,-738
123000005,2990,2940,50
123000006,2686,2729,-43
123000007,3597,2669,928
123000008,2997,3028,-31
123000009,5652,3247,2405
123000010,4055,4086,-31
123000011,2848,938,1910
123000012,898,2353,-1455
123000013,3970,998,2972
123000014,974,3629,-2655
123000015,5110,1129,3981
123000016,5084,5190,-106
123000017,3421,1758,1663
123000018,83,130,-47
123000019,370,234,136
123000020,227,130,97
123000021,140,192,-52
123000022,351,1806,-1455
123000023,1732,1691,41
123000024,1709,647,1062
123000025,136,191,-55
123000026,55,97,-42
123000027,226,688,-462
123000028,2409,554,1855
123000029,1408,1329,79
123000030,308,392,-84
123000031,342,311,31
123000032,432,181,251
123000033,236,65,171
123000034,1167,914,253
123000035,573,470,103
123000036,364,1059,-695
123000037,386,535,-149
123000038,142,210,-68
123000039,530,1631,-1101
123000040,912,495,417
123000041,1284,1359,-75
123000042,994,710,284
123000043,3856,10751,-6895
123000044,5861,3240,2621
123000045,10403,3565,6838
123000046,978,2055,-1077
123000047,3124,1213,1911
123000048,122,858,-736
123000049,8992,12056,-3064
123000050,1540,1659,-119
123000051,79,195,-116
123000052,985,4052,-3067
123000053,3280,4231,-951
123000054,1695,1677,18
123000055,1736,2399,-663
123000056,1271,2162,-891
123000057,16662,8980,7682
123000058,799,1093,-294
123000059,535,634,-99
123000060,1006,453,553
123000061,297,905,-608
123000063,958,1118,-160
123000064,1269,287,982
123000065,6627,3547,3080
123000066,955,718,237
123000067,1058,748,310
123000068,3361,3293,68
123000069,8578,4169,4409
123000070,382,852,-470
123000071,1272,1186,86
123000072,1281,1244,37
123000073,1281,826,455
123000074,1189,1388,-199
123000075,366,1214,-848
123000076,1004,935,69
123000077,2133,3177,-1044
123000078,1825,1828,-3
123000079,1770,2085,-315
123000080,2804,2293,511
123000081,186,516,-330
123000082,440,1230,-790
123000083,1284,282,1002
123000084,708,495,213
123000085,356,92,264
123000086,564,267,297
123000087,398,373,25
123000088,1297,986,311
123000089,578,1228,-650
123000090,1279,1016,263
123000091,1540,1224,316
123000092,889,1192,-303
123000094,674,292,382
123000095,658,906,-248
123000096,693,465,228
123000097,562,772,-210
123000098,714,575,139
123000099,722,683,39
123000100,718,934,-216
123000101,876,802,74
123000102,554,681,-127
123000104,556,482,74
123000105,809,544,265
123000106,516,470,46
123000107,447,524,-77
123000108,757,1214,-457
123000111,1051,414,637
123000112,1375,756,619
123000113,630,1729,-1099
123000114,428,590,-162
123000115,282,308,-26
123000116,47,104,-57
123000117,2126,2390,-264
123000118,585,1059,-474
123000119,373,908,-535
123000120,555,941,-386
123000121,439,610,-171
123000122,431,291,140
123000123,470,645,-175
123000124,625,527,98
123000125,1179,1209,-30
123000126,1500,4705,-3205
123000127,910,738,172
123000128,398,317,81
123000129,719,265,454
123000130,779,113,666
123000131,1051,757,294
123000132,446,629,-183
123000133,319,433,-114
123000134,409,172,237
123000135,2629,1465,1164
123000136,323,957,-634
123000137,231,388,-157
123000138,123,518,-395
123000139,562,167,395
123000140,184,1031,-847
123000141,1082,183,899
123000142,1186,1213,-27
123000143,1370,2224,-854
123000144,27,45,-18
123000145,221,166,55
123000146,40,95,-55
123000147,96,131,-35
123000149,417,391,26
123000150,234,277,-43
123000151,384,593,-209
123000152,87,564,-477
123000153,173,698,-525
123000154,1751,1877,-126
123000155,2607,1488,1119
123000156,40,138,-98
123000157,606,901,-295
123000158,716,779,-63
123000159,3819,2845,974
123000160,1205,836,369
123000161,1995,1416,579
123000162,1140,2016,-876
123000163,639,158,481
123000164,1733,473,1260
123000165,441,1860,-1419
123000166,63,134,-71
123000167,214,296,-82
123000168,289,257,32
123000169,1004,197,807
123000170,68,454,-386
123000171,965,90,875
123000172,272,656,-384
123000173,775,318,457
123000174,1141,464,677
123000175,816,1544,-728
123000176,1366,312,1054
123000177,426,1248,-822
123000178,817,216,601
123000179,64,694,-630
123000180,1892,346,1546
123000181,336,1675,-1339
123000182,230,591,-361
123000183,166,486,-320
123000184,133,715,-582
123000185,798,423,375
123000186,9,962,-953
123000187,649,12,637
123000188,245,2,243
123000189,225,172,53
123000190,75,70,5
123000192,24,564,-540
123000193,74,1205,-1131
123000194,471,402,69
123000195,444,50,394
123000196,376,27,349
123000197,54,114,-60
123000198,41,334,-293
123000199,15,638,-623
123000200,604,17,587
123000201,1162,24,1138
123000202,15,1238,-1223
123000203,1101,80,1021
123000204,110,1424,-1314
123000205,565,2115,-1550
123000206,2398,264,2134
123000207,81,1112,-1031
123000208,716,238,478
123000209,2437,698,1739
123000210,622,2693,-2071
123000211,684,3253,-2569
123000212,3556,608,2948
123000213,871,90,781
123000215,127,186,-59
123000216,254,742,-488
123000217,281,44,237
123000218,92,722,-630
123000219,1361,106,1255
123000220,664,136,528
123000221,286,126,160
123000222,539,615,-76
123000223,460,448,12
123000224,486,603,-117
123000225,301,115,186
123000226,109,439,-330
123000227,126,389,-263
123000228,321,88,233
123000229,1461,1805,-344
123000232,117,728,-611
123000233,908,276,632
123000234,177,685,-508
123000235,1141,475,666
123000236,350,938,-588
123000237,306,116,190
123000238,88,521,-433
123000239,734,1724,-990
123000240,94,547,-453
123000241,768,147,621
123000242,264,249,15
123000243,879,990,-111
123000244,1004,813,191
123000245,61,200,-139
123000249,320,525,-205
123000252,1055,352,703
123000253,1186,607,579
123000254,931,1253,-322
123000255,1466,1175,291
123000256,32,338,-306
123000257,3393,2691,702
123000258,1188,1078,110
123000259,372,427,-55
123000260,512,516,-4
123000261,250,255,-5
123000262,145,245,-100
123000263,411,128,283
123000264,225,124,101
123000265,61,210,-149
123000266,716,901,-185
123000267,762,418,344
123000268,45,79,-34
123000269,82,71,11
123000270,34,64,-30
123000271,111,73,38
123000272,792,336,456
123000273,314,665,-351
123000274,1322,629,693
123000275,401,1008,-607
123000278,3418,3108,310
123000279,107,85,22
123000280,395,309,86
123000281,402,187,215
123000282,223,373,-150
123000283,139,77,62
123000284,57,123,-66
123000286,391,408,-17
123000287,835,320,515
123000288,1821,868,953
123000289,499,1068,-569
123000291,373,976,-603
123000294,164,274,-110
123000295,1186,1002,184
123000296,644,382,262
123000297,170,197,-27
123000298,247,169,78
123000299,12,101,-89
123000300,1095,910,185
123000301,182,257,-75
123000302,122,185,-63
123000303,136,170,-34
123000305,1074,902,172
123000306,119,155,-36
123000309,39,73,-34
123000310,58,46,12
123000311,0,146,-146
123000312,519,1092,-573
123000313,675,291,384
123000315,148,373,-225
123000316,1002,60,942
123000317,225,63,162
123000318,73,243,-170
123000329,21,12,9
123000337,995,319,676
123000338,641,51,590
123000339,273,215,58
123000340,184,503,-319
123000342,14,29,-15
123000343,54,12,42
123000344,1582,599,983
123000345,461,642,-181
123000346,329,45,284
123000352,1691,992,699
123000353,27,160,-133
123000354,370,30,340
123000355,1,502,-501
123000356,312,12,300
123000357,2,161,-159
123000359,2,190,-188
123000360,278,68,210
123000361,365,308,57
123000362,444,134,310
123000363,135,295,-160
123000364,592,536,56
123000365,20,425,-405
123000366,541,2250,-1709
123000367,337,1305,-968
123000370,50,316,-266
123000371,514,50,464
123000372,445,27,418
123000373,13,494,-481
123000374,31,256,-225
123000375,442,56,386
123000376,980,684,296
123000377,469,41,428
123000378,28,325,-297
123000379,4,297,-293
123000380,80,488,-408
123000381,161,75,86
123000382,1422,142,1280
123000383,197,1445,-1248
123000384,508,109,399
123000385,216,618,-402
123000436,38,1039,-1001
123000507,111,273,-162
123000508,104,947,-843
123000517,323,45,278
123000518,45,280,-235
123000519,190,75,115
123000520,42,247,-205
123000521,358,126,232
123000522,160,406,-246
123000541,19,1,18
123000542,0,17,-17
123000565,763,58,705
123000566,262,599,-337
123000567,107,230,-123
123000573,46,876,-830
123000574,932,63,869
123000575,1526,1371,155
123000576,1102,1693,-591
123000577,96,699,-603
123000578,608,96,512
123000579,3412,5120,-1708
123000580,129,46,83
123000582,414,53,361
123000583,38,428,-390
123000584,238,316,-78
123000585,0,174,-174
123000586,149,25,124
123000596,141,111,30
123000597,79,164,-85
123000602,48,16,32
123000603,790,626,164
123000604,546,881,-335
123000605,738,119,619
123000606,0,256,-256
123000609,22,362,-340
123000610,262,171,91
123000613,46,247,-201
123000614,382,88,294
123000615,56,135,-79
123000616,866,91,775
123000617,161,433,-272
123000618,168,671,-503
123000619,747,74,673
123000620,42,526,-484
123000622,573,39,534
123000624,184,43,141
123000630,1017,470,547
123000631,274,1396,-1122
123000632,869,1002,-133
123000633,1,177,-176
123000634,60,110,-50
123000635,97,107,-10
123000636,29,552,-523
123000637,157,59,98
123000638,552,52,500
123000639,1252,4183,-2931
123000640,11,586,-575
123900001,1185,53,1132
123900002,25,1185,-1160
123900003,449,429,20
123900005,255,185,70
123900006,302,34,268
124000001,2372,180,2192
124000002,91,1892,-1801
124000003,1022,207,815
124000004,107,638,-531
124000005,1147,507,640
124000006,349,1248,-899
124000007,589,129,460
124000008,15,599,-584
124000009,520,296,224
124000010,235,515,-280
124000011,1000,386,614
124000012,433,654,-221
124000017,189,179,10
124000018,105,65,40
124000019,152,172,-20
124000020,102,142,-40
124000021,165,116,49
124000022,130,230,-100
124000023,1654,1719,-65
124000024,1145,533,612
124000025,1312,1900,-588
124000026,1033,1074,-41
124000027,5371,5967,-596
124000028,2510,4971,-2461
124000030,3421,1529,1892
124000031,1502,2897,-1395
124000032,2854,1204,1650
124000033,193,301,-108
124000034,960,732,228
124000035,89,197,-108
124000036,66,184,-118
124000037,598,1286,-688
124000038,79,96,-17
124000039,1540,684,856
124000040,828,1515,-687
124000041,594,78,516
124000042,122,536,-414
124000043,95,111,-16
124000044,38,285,-247
124000045,718,783,-65
124000046,356,720,-364
124000047,1891,1094,797
124000048,1175,1601,-426
124000049,1890,809,1081
124000050,1026,2061,-1035
124000051,970,661,309
124000052,783,1290,-507
124000053,597,1545,-948
124000054,1196,651,545
124000055,1568,2841,-1273
124000056,2813,1840,973
124000057,947,640,307
124000058,538,1463,-925
124000059,628,1236,-608
124000060,1421,830,591
124000061,1460,5100,-3640
124000062,4381,2230,2151
124000063,1434,1942,-508
124000064,2739,1645,1094
124000065,9,517,-508
124000066,84,58,26
124000067,226,213,13
124000068,19,33,-14
124000069,213,12,201
124000070,110,150,-40
124000071,290,156,134
124000072,225,452,-227
124000073,984,163,821
124000074,230,788,-558
124000075,467,24,443
124000076,9,231,-222
124000077,1821,1032,789
124000078,4162,1603,2559
124000079,553,1672,-1119
124000080,437,233,204
124000081,151,517,-366
124000082,40,135,-95
124000083,50,107,-57
124000084,54,234,-180
124000085,199,19,180
124000086,85,105,-20
124000087,141,120,21
124000088,371,423,-52
124000089,1168,667,501
124000090,115,294,-179
124000091,337,96,241
124000092,62,400,-338
124000093,84,102,-18
124000094,233,518,-285
124000095,84,80,4
124000096,137,282,-145
124000097,84,128,-44
124000098,72,103,-31
124000099,94,68,26
124000100,59,98,-39
124000101,64,119,-55
124000102,82,73,9
124000103,62,97,-35
124000104,97,47,50
124000105,62,104,-42
124000106,121,77,44
124000107,16,174,-158
124000108,44,26,18
124000109,115,115,0
124000110,324,117,207
124000111,219,162,57
124000112,675,786,-111
124000113,97,120,-23
124000114,295,489,-194
124000115,456,809,-353
124000116,151,170,-19
124000117,42,89,-47
124000118,50,74,-24
124000119,1056,663,393
124000120,698,497,201
124000121,1557,859,698
124000122,607,1187,-580
124000123,1166,587,579
124000124,483,1359,-876
124000125,473,622,-149
124000126,355,769,-414
124000127,927,461,466
124000128,564,1230,-666
124000129,2325,1780,545
124000130,1044,832,212
124000131,1118,681,437
124000132,1080,986,94
124000133,817,917,-100
124000134,1305,782,523
124000135,2139,2241,-102
124000136,1186,1289,-103
124000137,1691,1000,691
124000138,2390,1744,646
124000139,668,35,633
124000140,54,466,-412
124000141,207,5,202
124000142,38,241,-203
124000143,78,23,55
124000144,11,74,-63
124000145,169,53,116
124000146,62,109,-47
124000148,47,119,-72
124000149,1485,623,862
124000150,429,892,-463
124000151,698,251,447
124000152,860,1361,-501
124000153,814,650,164
124000154,364,727,-363
124000155,1314,951,363
124000156,1403,993,410
124000169,221,509,-288
124000170,662,585,77
124000171,370,334,36
124000172,457,630,-173
124000173,565,242,323
124000174,344,681,-337
124000175,15,138,-123
124000176,55,32,23
124000177,17,36,-19
124000178,39,90,-51
124000190,49,27,22
124000191,51,48,3
124000192,2016,492,1524
124000193,452,1011,-559
124000194,427,566,-139
124000195,248,706,-458
124000196,1171,1186,-15
124000197,103,32,71
124000198,49,54,-5
124000201,504,1035,-531
124000202,731,547,184
124000203,490,599,-109
124000204,944,375,569
124000205,127,508,-381
124000206,878,437,441
124000207,0,65,-65
124000209,231,542,-311
124000210,570,262,308
124000211,665,4,661
124000212,1,580,-579
124000213,495,307,188
124000214,396,692,-296
124000215,432,45,387
124000216,0,364,-364
124000329,315,1609,-1294
124000338,215,839,-624
124000339,1109,217,892
124000341,1365,166,1199
124000344,47,1,46
124000357,1005,2100,-1095
124000358,891,1299,-408
124000359,1487,808,679
124000360,1028,489,539
124000361,1563,774,789
124000362,1369,1818,-449
124000363,274,434,-160
124000364,690,1158,-468
124000365,788,1170,-382
124000366,1523,1040,483
124000367,139,529,-390
124000368,461,354,107
124000369,139,105,34
124000370,70,558,-488
124000402,57,11,46
124000403,186,35,151
124000404,20,192,-172
124000405,1382,1104,278
124000406,961,1022,-61
124000407,7,41,-34
124000411,12,381,-369
124000412,506,25,481
124000413,239,52,187
124000414,82,93,-11
124000415,52,150,-98
124000416,210,197,13
124000417,153,97,56
124000418,147,111,36
124000419,90,112,-22
124000420,83,61,22
124000421,52,177,-125
124000422,20,14,6
124000423,216,42,174
124000424,4,93,-89
124000425,29,37,-8
124000426,3,38,-35
124000427,62,9,53
124000428,23,46,-23
124000429,74,81,-7
124000430,630,611,19
124000431,311,871,-560
124000432,273,632,-359
124000439,1,4,-3
124000442,13,166,-153
124000443,0,3,-3
124000445,120,363,-243
124000446,739,46,693
124900001,385,366,19
124900002,231,405,-174
124900003,1043,522,521
124900004,559,312,247
124900005,305,232,73
124900006,694,312,382
124900008,1274,598,676
124900009,297,636,-339
124900010,282,172,110
124900011,818,307,511
124900012,1019,207,812
124900013,536,153,383
124900014,352,85,267
124900015,188,578,-390
124900016,65,119,-54
124900017,768,1477,-709
124900018,61,15,46
124900019,620,57,563
124900020,198,117,81
124900021,391,100,291
124900022,51,13,38
124900024,278,18,260
124900026,181,19,162
124900027,105,471,-366
124900028,664,154,510
124900029,7,555,-548
124900030,9,162,-153
124900031,85,473,-388
124900032,186,209,-23
124900033,122,471,-349
124900034,13,81,-68
124900035,144,620,-476
124900036,1,56,-55
124900037,182,341,-159
124900038,385,311,74
124900039,1,54,-53
124900040,164,87,77
124900041,222,933,-711
124900042,93,2,91
124900043,426,929,-503
124900044,86,2,84
124900045,894,1096,-202
124900046,2053,407,1646
124900047,216,273,-57
124900048,200,135,65
124900050,101,233,-132
124900052,192,872,-680
124900053,155,380,-225
124900054,1840,594,1246
124900055,0,242,-242
124900057,9,51,-42
124900060,90,192,-102
124900061,93,9,84
124900062,237,49,188
124900066,0,17,-17
124900067,2,163,-161
124900068,417,1164,-747
124900069,229,217,12
124900070,87,56,31
124900072,143,41,102
124900074,519,265,254
124900075,216,178,38
124900076,43,1164,-1121
124900077,25,97,-72
124900078,90,20,70
124900079,655,191,464
124900080,198,570,-372
124900081,835,263,572
124900082,367,728,-361
124900083,156,498,-342
124900084,1821,158,1663
124900085,1134,449,685
124900086,171,1340,-1169
124900087,509,145,364
124900088,715,129,586
124900089,1479,41,1438
124900090,401,328,73
124900091,402,418,-16
124900092,350,327,23
124900093,406,277,129
124900094,429,364,65
124900095,110,634,-524
124900096,746,432,314
124900097,378,126,252
124900098,171,421,-250
124900099,1096,634,462
124900100,464,93,371
124900101,48,382,-334
124900102,248,40,208
124900103,159,244,-85
124900104,54,191,-137
124900105,101,122,-21
124900106,576,80,496
124900107,135,18,117
124900108,159,59,100
124900109,67,132,-65
124900110,562,414,148
124900111,1,83,-82
124900112,64,1050,-986
129000186,188,66,122
204000001,43,0,43
204000002,9,4,5
204000003,27,5,22
204000004,4,7,-3
204000005,600,433,167
204000006,1383,1071,312
204000008,1124,613,511
204000011,4,46,-42
204000012,31,90,-59
204000013,2,29,-27
204000019,518,547,-29
204000020,675,520,155
204000021,1277,705,572
204000022,399,405,-6
204000023,542,879,-337
204000031,25,24,1
204000032,467,38,429
204000034,19,268,-249
204000035,0,3,-3
204000036,5,25,-20
204000037,0,22,-22
204000038,0,11,-11
204000039,4,43,-39
204000040,1,24,-23
204000041,19,42,-23
204000042,47,21,26
204000043,31,5,26
204000044,45,0,45
204000045,57,3,54
204000046,25,4,21
204000057,7,23,-16
204000062,2,15,-13
204000068,26,166,-140
204000069,8,270,-262
204000070,67,36,31
204000080,27,74,-47
204000085,2157,2818,-661
204000086,2338,2288,50
204000087,34,8,26
204000088,6,90,-84
204000090,17,328,-311
204000093,320,64,256
204000096,743,1061,-318
204000097,557,12,545
204000099,1177,1237,-60
204000100,1599,2246,-647
204000105,2609,1951,658
204000110,1161,1100,61
204000111,474,580,-106
204000112,1364,573,791
204000113,551,648,-97
204000114,881,656,225
204000115,499,335,164
204000116,1008,450,558
204000119,1939,2800,-861
204000132,646,303,343
204000133,773,251,522
204000134,272,127,145
204000135,492,57,435
204000136,698,194,504
204000138,393,339,54
204000140,196,136,60
204000141,146,63,83
204000144,22,32,-10
204000145,509,29,480
204000146,30,338,-308
204000147,26,173,-147
204000148,303,12,291
204000154,7,12,-5
204000155,2,6,-4
204000177,83,36,47
204000179,31,7,24
204000180,0,22,-22
204000222,6,8,-2
204000235,4,27,-23
204000236,101,226,-125
204000238,47,17,30
204000240,345,148,197
204000308,241,21,220
204000317,4,62,-58
204000322,0,43,-43
204000323,11,14,-3
204000328,317,58,259
204000329,33,255,-222
204000330,199,11,188
204000331,29,89,-60
204010341,12,190,-178
205000001,883,1808,-925
205000013,5,56,-51
205000014,13,105,-92
205000015,21,236,-215
205000016,15,194,-179
205000017,30,108,-78
205000022,300,853,-553
205000025,1172,1138,34
205000029,191,7,184
205000045,129,339,-210
205000047,65,393,-328
205000048,314,906,-592
205000049,173,774,-601
205000050,514,354,160
205000059,1,200,-199
205000060,0,82,-82
205000061,2,70,-68
205000062,3,57,-54
205000063,15,101,-86
205000064,12,88,-76
205000065,55,523,-468
205000066,115,698,-583
205000067,32,916,-884
205000069,213,18,195
205000082,178,134,44
205000110,61,280,-219
205000111,192,245,-53
205000112,245,273,-28
205000113,214,418,-204
205000121,392,48,344
205000123,41,247,-206
205000126,400,87,313
205000127,702,128,574
205000128,537,57,480
205000129,519,64,455
205000130,231,32,199
205000131,202,12,190
205000132,229,3,226
205000133,242,2,240
205000134,235,1,234
205000137,84,167,-83
205000138,184,279,-95
205000139,32,139,-107
205000144,73,73,0
205000145,431,205,226
205000151,229,44,185
205000152,260,29,231
205000153,226,27,199
205000154,110,45,65
205000155,80,14,66
205000207,17,156,-139
205000233,5,1,4
205000234,0,1,-1
205000243,1,0,1
205000244,0,4,-4
205000245,9,171,-162
205000249,0,31,-31
205000250,9,3,6
205000251,80,421,-341
205000264,2,91,-89
206000027,6,4,2
206000028,11,2,9
206000043,7,68,-61
206000053,2,14,-12
206000054,1,21,-20
206000055,2,33,-31
206000075,12,22,-10
206000076,26,10,16
206000077,23,4,19
206000078,28,6,22
206000079,14,3,11
206000082,422,61,361
206000100,32,472,-440
206000103,4,10,-6
206000104,10,19,-9
206000105,0,8,-8
206000106,12,21,-9
206000108,624,40,584
206000125,49,0,49
206000157,51,669,-618
206000170,0,219,-219
206000171,1,173,-172
206000172,8,514,-506
206000173,0,231,-231
206000174,9,88,-79
206000175,4,117,-113
206000176,22,162,-140
206000177,1,146,-145
206000178,4,173,-169
206000179,9,132,-123
206000180,20,164,-144
206000181,12,134,-122
206000182,15,145,-130
206000183,15,526,-511
206000184,1,372,-371
206000185,6,180,-174
206000186,105,1027,-922
206000223,5,259,-254
206000226,18,0,18
206000227,15,5,10
206000237,25,413,-388
206000238,27,479,-452
206000239,233,1916,-1683
206000240,3,60,-57
206000241,1,77,-76
206000242,7,253,-246
206000243,3,212,-209
206000244,68,557,-489
206000245,863,52,811
206000246,172,7,165
206000247,197,11,186
206000248,322,12,310
206000252,97,30,67
206000258,31,32,-1
206000315,19,6,13
206000317,424,92,332
206000318,349,34,315
206000319,1278,92,1186
206000320,159,34,125
206000321,178,4,174
206000322,525,27,498
206000323,175,8,167
206000324,158,5,153
206000325,227,18,209
206000326,187,8,179
206000327,159,13,146
206000328,141,4,137
206000329,247,9,238
206000330,55,6,49
206000331,146,3,143
206000332,35,4,31
206000333,602,3,599
206000334,259,2,257
206000335,0,12,-12
206000361,4,205,-201
206000392,10,28,-18
206000405,101,2,99
206000441,51,15,36
206000498,34,3,31
206000515,124,44,80
206000530,166,58,108
206000531,129,203,-74
206000532,1472,277,1195
206000535,348,1660,-1312
206000536,22,135,-113
206000537,17,147,-130
206000613,1404,228,1176
207000001,152,537,-385
207000002,165,300,-135
207000003,171,152,19
207000007,799,235,564
207000008,112,6,106
207000009,39,37,2
207000010,371,419,-48
207000012,334,286,48
207000015,266,1140,-874
207000019,277,88,189
207000021,589,184,405
207000022,171,104,67
207000023,193,44,149
207000024,9,7,2
207000025,20,61,-41
207000026,85,40,45
207000027,11,95,-84
207000028,100,203,-103
207000029,188,439,-251
207000033,196,359,-163
207000034,362,68,294
207000039,417,161,256
207000040,367,154,213
207000041,188,49,139
207000042,288,81,207
207000043,224,247,-23
207000051,142,273,-131
207000052,28,155,-127
207000053,450,471,-21
207000054,43,89,-46
207000055,157,126,31
207000056,372,297,75
207000057,137,261,-124
207000058,155,261,-106
207000059,86,424,-338
207000060,39,141,-102
207000061,146,441,-295
207000062,203,42,161
207000063,283,122,161
207000064,380,223,157
207000065,498,273,225
207000066,197,170,27
207000067,47,92,-45
207000068,118,46,72
207000069,667,360,307
207000082,9,210,-201
207000083,126,297,-171
207000084,266,231,35
207000085,171,14,157
207000086,147,3,144
207000106,33,37,-4
207000107,67,23,44
207000108,43,16,27
207000109,68,8,60
207000110,57,86,-29
207000111,78,94,-16
207000112,191,483,-292
207000114,24,54,-30
207000115,25,69,-44
207000116,37,350,-313
207000117,12,100,-88
207000118,8,93,-85
207000119,52,70,-18
207000123,216,17,199
207000124,86,37,49
207000125,67,41,26
207000126,73,55,18
207000134,63,156,-93
207000135,17,150,-133
207000148,68,297,-229
207000149,87,45,42
207000152,113,400,-287
207000153,1097,1368,-271
207000154,363,161,202
207000159,102,367,-265
207000160,172,398,-226
207000238,1,142,-141
207000242,1,174,-173
207000248,50,37,13
207000249,160,40,120
207000250,624,65,559
207000251,108,82,26
207000252,78,68,10
207000278,77,85,-8
207000279,25,164,-139
207000280,560,62,498
207000281,128,869,-741
207000282,130,108,22
207000283,160,182,-22
207000284,105,164,-59
207000285,77,33,44
207000291,17,122,-105
207000304,135,55,80
207000306,72,411,-339
207000310,90,123,-33
207000353,321,1,320
207000356,17,37,-20
207000357,25,23,2
207000415,6,169,-163
207000417,74,4,70
207000437,0,0,0
207000439,1079,798,281
207000446,189,5,184
207000460,14,9,5
207000466,189,177,12
207000476,11,86,-75
207000477,771,87,684
207000523,0,11,-11
207000524,17,0,17
207000527,109,165,-56
207000530,431,9,422
207000531,373,6,367
207000532,137,24,113
207000534,488,64,424
207000535,34,297,-263
207000537,19,84,-65
207000540,9,213,-204
207000541,4,311,-307
207000548,8,197,-189
207000549,254,12,242
207000561,153,196,-43
207000562,29,194,-165
207000567,126,255,-129
207000568,216,79,137
207000569,504,820,-316
207000584,365,237,128
207000585,111,339,-228
207000616,1,117,-116
207000617,134,0,134
207900008,246,104,142
208000001,732,918,-186
208000002,620,449,171
208000003,1251,425,826
208000004,1197,634,563
208000005,9,24,-15
208000019,702,1224,-522
208000020,170,534,-364
208000021,308,422,-114
208000022,1220,566,654
208000028,1250,912,338
208000033,719,745,-26
208000034,1307,1460,-153
208000040,196,189,7
208000041,897,711,186
208000042,1242,687,555
208000047,146,282,-136
208000064,2763,1590,1173
208000066,2026,2640,-614
208000070,335,392,-57
208000071,417,867,-450
208000072,326,1397,-1071
208000080,298,336,-38
208000081,369,150,219
208000082,298,304,-6
208000083,129,458,-329
208000084,12,21,-9
208000085,853,652,201
208000086,430,1052,-622
208000087,349,860,-511
208000089,878,469,409
208000090,906,741,165
208000093,177,189,-12
208000094,1023,442,581
208000095,704,418,286
208000104,885,916,-31
208000105,773,1042,-269
208000114,108,363,-255
208000115,557,407,150
208000116,538,1012,-474
208000117,159,175,-16
208000118,127,134,-7
208000155,777,1081,-304
208000158,1307,3879,-2572
208000186,4431,4631,-200
208000204,652,1012,-360
208000205,1217,1062,155
208000282,7014,3598,3416
209000004,482,184,298
209000005,62,50,12
209000006,525,163,362
209000007,293,274,19
209000010,460,169,291
209000011,222,280,-58
209000012,413,166,247
209000013,232,342,-110
209000014,494,1149,-655
209000025,232,57,175
209000026,680,120,560
209000027,447,932,-485
209000028,473,784,-311
209000029,649,790,-141
209000030,554,1379,-825
209000031,2534,2124,410
209000034,155,197,-42
209000035,90,141,-51
209000036,143,109,34
209000037,234,207,27
209000038,118,177,-59
209000039,68,114,-46
209000040,271,645,-374
209000041,188,510,-322
209000042,265,387,-122
209000043,758,861,-103
209000044,235,824,-589
209000045,1453,568,885
209000046,642,682,-40
209000047,427,193,234
209000048,610,314,296
209000049,95,124,-29
209000050,174,140,34
209000051,312,282,30
209000052,145,241,-96
209000062,47,98,-51
209000063,53,60,-7
209000064,54,124,-70
209000065,88,41,47
209000066,98,41,57
209000067,91,50,41
209000080,49,262,-213
209000082,102,47,55
209000091,21,114,-93
209000093,67,27,40
209000094,218,236,-18
209000110,60,105,-45
209000111,536,1514,-978
209000112,1023,790,233
209000113,1584,692,892
209000114,699,518,181
209000115,70,123,-53
209000116,438,422,16
209000118,24,41,-17
209000119,54,30,24
209000121,127,500,-373
209000135,122,171,-49
209000142,637,1460,-823
209000143,112,83,29
209000144,79,117,-38
209000229,349,283,66
209000240,27,313,-286
209000259,96,83,13
209000260,45,1258,-1213
209000261,4,680,-676
209000262,0,423,-423
209000263,0,105,-105
209000264,0,91,-91
209000265,813,3,810
209000266,240,6,234
209000267,1432,25,1407
209000268,868,63,805
210000037,76,33,43
210000047,57,26,31
210000048,130,32,98
210000049,72,12,60
210000052,46,114,-68
210000053,32,68,-36
210000054,42,90,-48
210000070,190,3,187
210000071,164,0,164
210000072,86,0,86
210000073,1,31,-30
210000074,1,88,-87
210000075,7,109,-102
210000076,21,149,-128
210000077,13,48,-35
210000078,41,37,4
210000079,58,14,44
210000080,136,57,79
210000081,222,27,195
210000082,220,3,217
210000083,87,2,85
210000084,37,0,37
210000085,1,79,-78
210000086,0,147,-147
210000099,46,217,-171
210000100,69,150,-81
210000101,80,156,-76
210000105,75,229,-154
210000159,4,182,-178
210000163,205,234,-29
210000164,306,215,91
210000168,192,66,126
210000187,0,21,-21
210000188,0,16,-16
210000214,73,0,73
210000219,24,43,-19
210000220,83,39,44
210000232,1,22,-21
210000233,38,45,-7
210000234,20,124,-104
210000235,71,74,-3
210000245,1,49,-48
210000246,54,1,53
210000258,6,97,-91
210000259,359,84,275
210000282,116,257,-141
210000285,2,135,-133
210000286,16,203,-187
210000295,56,152,-96
210000296,42,38,4
210000320,178,67,111
210000321,122,69,53
210000338,72,72,0
210000339,381,1163,-782
210000340,135,363,-228
210000341,227,260,-33
210000342,220,198,22
210000343,123,175,-52
210000344,201,105,96
210000345,129,140,-11
210000346,58,91,-33
210000347,71,30,41
210000348,86,20,66
210000349,36,19,17
210000350,77,68,9
210000351,146,108,38
210000352,58,67,-9
210000353,54,66,-12
210000354,41,63,-22
210000355,46,78,-32
210000356,75,44,31
210000357,71,40,31
210000358,264,146,118
210000359,89,88,1
210000360,141,123,18
210000361,185,155,30
210000362,258,228,30
210000363,791,287,504
210000364,115,185,-70
210000365,147,73,74
210000366,184,65,119
210000367,107,44,63
210000368,205,52,153
210000369,26,33,-7
210000370,31,38,-7
210000372,21,30,-9
210000373,34,8,26
210000374,54,19,35
210000375,36,60,-24
210000376,57,96,-39
210000404,74,88,-14
210000439,16,39,-23
210000472,109,6,103
210000482,59,124,-65
210000564,394,350,44
210000568,354,1,353
211000092,27,36,-9
211000094,65,7,58
211000169,160,14,146
211000172,6,179,-173
211000209,0,24,-24
211000275,19,18,1
211000276,80,36,44
211000279,19,33,-14
211000281,61,32,29
211507980,1,41,-40
211977296,40,2,38
212000003,89,56,33
212000004,44,31,13
212000005,8,24,-16
212000006,31,60,-29
212000008,203,144,59
212000009,38,116,-78
212000012,96,84,12
212000013,21,65,-44
212000014,266,162,104
212000015,279,237,42
212000016,501,572,-71
212000027,550,463,87
212000028,356,413,-57
212000029,233,283,-50
212000030,49,30,19
212000031,70,43,27
212000048,63,135,-72
212000049,17,108,-91
212000050,25,14,11
212000051,194,196,-2
212000052,188,306,-118
212000053,432,549,-117
212000054,290,131,159
212000055,236,254,-18
212000056,24,55,-31
212000057,15,33,-18
212000058,217,39,178
212000070,146,210,-64
212000077,126,585,-459
212000099,252,287,-35
212000108,182,178,4
212000111,219,105,114
212000120,84,45,39
212000138,92,23,69
212000156,10,119,-109
212000158,18,17,1
212000159,407,38,369
212000160,695,278,417
212000161,64,14,50
212000310,47,22,25
212000311,16,65,-49
212000374,29,11,18
213000001,26,470,-444
213000005,443,117,326
213000006,1128,302,826
213000007,144,6,138
213000009,909,599,310
213000010,181,357,-176
213000011,285,155,130
213000012,168,458,-290
213000014,90,6,84
213000015,345,4,341
213000016,667,5,662
213000017,82,1,81
213000018,6,164,-158
213000019,3,166,-163
213000020,106,426,-320
213000021,8,133,-125
213000023,394,146,248
213000033,377,1872,-1495
213000034,1058,334,724
213000035,92,186,-94
213000045,221,322,-101
213000046,243,189,54
213000047,821,1430,-609
213000056,103,50,53
213000069,88,2,86
213000073,0,39,-39
213000074,57,368,-311
213000075,597,13,584
213000085,5,63,-58
213000086,8,189,-181
213000091,214,27,187
213000092,16,3,13
213000099,138,1253,-1115
213000100,1275,231,1044
213000101,417,156,261
213000102,424,330,94
213000103,989,980,9
213000104,61,503,-442
213000105,5,222,-217
213000106,26,131,-105
213000107,178,716,-538
213000108,31,634,-603
213000109,9,273,-264
213000110,13,99,-86
213000111,10,66,-56
213000112,232,126,106
213000115,98,15,83
213000116,43,475,-432
213000117,14,807,-793
213000118,426,246,180
213000119,47,713,-666
213000120,196,600,-404
213000122,151,803,-652
213000123,441,1588,-1147
213000124,147,1730,-1583
213000125,118,19,99
213000126,123,162,-39
213000127,165,305,-140
213000128,516,1398,-882
213000129,403,509,-106
213000130,605,230,375
213000132,467,120,347
213000133,500,112,388
213000134,734,33,701
213000136,588,32,556
213000137,692,106,586
213000139,259,30,229
213000147,54,6,48
213000148,21,11,10
213000149,63,4,59
213000150,1,119,-118
213000151,3,97,-94
213000152,3,76,-73
213000153,5,82,-77
213000154,30,285,-255
213000155,57,293,-236
213000156,151,603,-452
213000157,596,462,134
213000158,433,1074,-641
213000159,688,595,93
213000163,984,107,877
213000165,1022,332,690
213000171,0,121,-121
213000172,4,426,-422
213000173,8,269,-261
213000174,20,308,-288
213000175,46,260,-214
213000176,200,44,156
213000177,154,18,136
213000178,140,14,126
213000179,258,4,254
213000180,184,0,184
213000184,91,512,-421
213000188,413,117,296
213000189,364,52,312
213000190,1085,958,127
213000191,341,498,-157
213000192,326,440,-114
213000193,854,422,432
213000194,5,82,-77
213000195,22,442,-420
213000196,271,1314,-1043
213000197,453,515,-62
213000198,107,1,106
213000200,162,1112,-950
213000201,68,44,24
213000202,9,547,-538
213000203,3665,721,2944
213000204,675,81,594
213000205,402,96,306
213000206,475,52,423
213000207,152,16,136
213000208,87,0,87
213000209,177,5,172
213000210,434,1,433
213000211,5,22,-17
213000212,14,19,-5
213000213,17,63,-46
213000218,235,659,-424
213000219,557,21,536
213000220,404,15,389
213000223,151,195,-44
213000224,47,37,10
213000225,114,5,109
213000226,76,18,58
213000227,905,190,715
213000228,357,74,283
213000229,374,26,348
213000230,434,20,414
213000232,70,959,-889
213000233,20,301,-281
213000234,0,17,-17
213000293,15,84,-69
213000294,147,24,123
213000295,42,84,-42
213000296,67,27,40
213000297,6,115,-109
213000298,34,109,-75
213000299,91,49,42
213000300,38,9,29
213000303,3,26,-23
213000304,4,21,-17
213000305,12,14,-2
213000306,63,41,22
213000307,174,75,99
213000308,110,206,-96
213000309,162,82,80
213000310,751,216,535
213000311,349,807,-458
213000315,69,136,-67
213000316,145,64,81
213000322,122,167,-45
213000323,98,66,32
213000324,170,169,1
213000325,92,149,-57
213000326,111,108,3
213000327,125,138,-13
213000328,105,199,-94
213000329,174,104,70
213000340,202,594,-392
213000341,465,118,347
213000347,852,490,362
213000348,18,97,-79
213000349,70,19,51
213000350,427,1125,-698
213000366,85,334,-249
213000367,222,15,207
213000379,153,35,118
213000386,39,290,-251
213000406,91,368,-277
213000417,1313,595,718
213000425,184,47,137
213000426,140,64,76
213000427,29,271,-242
213000428,51,247,-196
213000429,46,2,44
213000430,97,959,-862
213000431,202,6,196
213000432,7,102,-95
213000433,26,189,-163
213000434,76,93,-17
213000435,118,76,42
213000436,47,53,-6
213000437,7,46,-39
213000438,178,146,32
213000439,53,21,32
213000440,14,387,-373
213000441,10,2,8
213000442,13,51,-38
213000443,638,382,256
213000444,26,77,-51
213000445,0,81,-81
213000446,2,182,-180
213000447,2,36,-34
213000448,15,131,-116
213000449,313,5,308
213000450,13,58,-45
213000451,284,176,108
213000452,28,31,-3
213000453,41,275,-234
213000455,524,33,491
213000456,0,299,-299
213000481,3,3,0
213000484,37,4,33
213000489,528,68,460
213900002,0,97,-97
213900003,263,26,237
213900013,1,180,-179
213900015,0,13,-13
213900016,15,24,-9
213900020,16,112,-96
213900030,2,71,-69
213900032,289,229,60
213900033,146,48,98
213900034,570,135,435
213900035,283,625,-342
213900036,154,243,-89
213900037,38,364,-326
213900038,381,168,213
213900039,0,91,-91
213900041,1,165,-164
213900042,259,302,-43
213900043,257,173,84
213900244,28,0,28
213900245,0,40,-40
218000003,19,29,-10
218000004,18,30,-12
218000005,48,33,15
218000006,33,24,9
218000007,12,19,-7
218000012,128,154,-26
218000013,161,264,-103
218000014,656,774,-118
218000019,1367,1130,237
218000020,381,568,-187
218000021,41,46,-5
218000022,12,28,-16
218000023,6,16,-10
218000024,4,8,-4
218000025,6,15,-9
218000026,6,19,-13
218000027,2,15,-13
218000028,0,5,-5
218000029,0,3,-3
218000030,18,25,-7
218000031,7,19,-12
218000032,2,15,-13
218000039,32,42,-10
218000040,11,2,9
218000046,39,116,-77
218000047,8,158,-150
218000048,116,182,-66
218000049,148,150,-2
218000050,427,323,104
218000051,89,328,-239
218000052,1,107,-106
218000053,5,8,-3
218000054,19,24,-5
218000055,2,18,-16
218000056,18,47,-29
218000057,0,32,-32
218000064,9,31,-22
218000065,237,105,132
218000066,24,167,-143
218000067,87,142,-55
218000068,276,209,67
218000069,339,241,98
218000070,369,387,-18
218000071,283,289,-6
218000072,551,312,239
218000078,821,906,-85
218000079,139,149,-10
218000080,155,109,46
218000081,611,345,266
218000082,62,183,-121
218000083,91,78,13
218000084,237,165,72
218000085,258,550,-292
218000086,87,280,-193
218000087,279,294,-15
218000090,12,97,-85
218000091,567,214,353
218000092,108,239,-131
218000093,86,79,7
218000094,204,423,-219
218000099,443,1359,-916
218000100,338,524,-186
218000101,480,227,253
218000102,599,364,235
218000103,162,210,-48
218000104,116,60,56
218000105,147,56,91
218000107,105,126,-21
218000108,11,86,-75
218000112,208,170,38
218000117,287,251,36
218000134,719,637,82
218000135,40,91,-51
218000136,284,80,204
218000137,239,124,115
218000138,31,121,-90
218000139,198,357,-159
218000140,521,196,325
218000141,137,94,43
218000142,215,116,99
218000143,102,226,-124
218000144,75,92,-17
218000145,435,408,27
218000146,144,343,-199
218000151,26,28,-2
218000152,171,62,109
218000153,24,2,22
218000154,18,1,17
218000155,27,2,25
218000156,81,17,64
218000157,38,23,15
218000158,7,6,1
218000159,3,6,-3
218000160,5,4,1
218000161,26,2,24
218000162,32,6,26
218000163,9,7,2
218000164,55,3,52
218000165,82,26,56
218000170,8,52,-44
218000171,50,15,35
218000172,22,11,11
218000173,58,10,48
218000174,27,6,21
218000176,213,47,166
218000177,369,261,108
218000178,77,232,-155
218000179,108,80,28
218000180,103,29,74
218000181,171,37,134
218000187,8,25,-17
218000188,48,71,-23
218000189,22,81,-59
218000190,20,26,-6
218000191,196,49,147
218000192,404,316,88
218000193,712,379,333
218000194,134,341,-207
218000195,130,100,30
218000196,383,571,-188
218000197,477,670,-193
218000198,15,155,-140
218000199,64,74,-10
218000200,75,38,37
218000201,12,8,4
218000202,48,197,-149
218000207,4,21,-17
218000208,36,37,-1
218000211,34,9,25
218000212,5,19,-14
218000213,123,107,16
218000214,6,34,-28
218000215,70,75,-5
218000217,4,107,-103
218000218,198,85,113
218000219,76,26,50
218000220,138,380,-242
218000221,644,159,485
218000222,23,49,-26
218000223,51,473,-422
218000224,11,179,-168
218000225,190,34,156
218000226,162,81,81
218000230,1,3,-2
218000232,95,83,12
218000234,50,21,29
218000239,160,8,152
218000240,34,3,31
218000241,30,2,28
218000242,100,3,97
218000243,100,3,97
218000244,52,1,51
218000245,61,3,58
218000246,0,0,0
218000247,0,0,0
218000248,1,23,-22
218000249,0,2,-2
218000250,0,7,-7
218000251,5,7,-2
218000252,3,19,-16
218000253,0,16,-16
218000254,0,7,-7
218000255,3,5,-2
218000256,7,46,-39
218000267,149,644,-495
218000268,10,67,-57
218000269,0,8,-8
218000270,42,19,23
218000271,22,18,4
218000273,23,5,18
218000274,14,3,11
218000275,13,44,-31
218000276,16,50,-34
218000278,16,32,-16
218000279,43,30,13
218000280,4,5,-1
218000281,11,3,8
218000282,245,110,135
218000284,60,6,54
218000301,174,132,42
218000302,152,100,52
218000303,33,35,-2
218000316,748,1144,-396
218000317,1096,1137,-41
218000318,646,833,-187
218000319,925,1189,-264
218000320,784,725,59
218000338,59,24,35
218000339,21,29,-8
218000342,84,110,-26
218000343,194,95,99
218000345,4,17,-13
218000346,19,21,-2
218000353,70,23,47
218000354,33,121,-88
218000459,34,301,-267
218000490,44,38,6
218000501,209,112,97
218000502,60,110,-50
218000503,231,75,156
218000504,406,105,301
218000505,152,270,-118
218000506,131,628,-497
218000508,4,14,-10
218000510,454,53,401
218000520,169,195,-26
218000522,2,149,-147
218000523,128,1,127
218000524,52,133,-81
218000525,140,13,127
218000526,37,115,-78
218000530,15,3,12
218000531,58,46,12
218000532,50,60,-10
218000537,11,6,5
218000538,152,232,-80
218000539,121,60,61
218000540,226,93,133
218000543,137,47,90
218000544,35,73,-38
218000545,56,82,-26
218000546,56,78,-22
218000547,94,165,-71
218000548,173,144,29
218000549,525,501,24
218000550,250,334,-84
218000551,130,905,-775
218000552,574,53,521
218000553,4,45,-41
218000554,15,14,1
218000555,35,21,14
218000556,34,217,-183
218000557,275,42,233
218000558,52,0,52
218000559,0,52,-52
218000560,0,18,-18
218000561,38,0,38
218000562,38,161,-123
218000563,234,30,204
218000564,8,120,-112
218000565,210,32,178
218000566,411,18,393
218000567,8,79,-71
218000568,57,5,52
218000569,34,106,-72
218000570,191,8,183
218000571,0,99,-99
218000572,138,4,134
218000573,9,101,-92
218000574,142,42,100
218000575,90,2,88
218000576,0,69,-69
218000577,141,2,139
218000578,1,86,-85
218000579,38,19,19
218000581,5,58,-53
218000582,60,0,60
218000583,15,0,15
218000584,0,18,-18
218000585,35,3,32
218000586,17,24,-7
218000587,4,0,4
218000588,1,3,-2
218000589,0,6,-6
218000590,4,3,1
218000591,1,4,-3
218000592,26,1,25
218000593,0,1,-1
218000594,3,0,3
218000595,1,0,1
218000596,0,1,-1
218000597,0,0,0
218000598,0,1,-1
218000599,2,0,2
218000600,5,0,5
218000601,0,0,0
218000602,0,3,-3
218000603,0,9,-9
218000604,4,0,4
218000605,0,30,-30
218000606,59,0,59
218000607,8,58,-50
218000608,51,18,33
218000609,3,71,-68
218000610,52,4,48
218000611,48,0,48
218000612,0,32,-32
218000613,37,0,37
218000614,1,50,-49
218000615,240,0,240
218000616,4,166,-162
218000617,28,0,28
218000618,0,15,-15
218000619,58,27,31
218000620,18,22,-4
218000621,0,1,-1
218000622,0,17,-17
218000623,209,6,203
218000624,6,29,-23
218000625,15,3,12
218000626,1,8,-7
218000628,104,47,57
218000632,18,89,-71
218000633,110,1,109
218000634,8,25,-17
218000635,14,13,1
218000636,892,1226,-334
218000637,814,578,236
218000638,150,25,125
218000639,26,152,-126
218000640,274,24,250
218000641,43,366,-323
218000652,83,57,26
218000653,231,46,185
218000675,59,7,52
218000676,6,25,-19
218000677,5,9,-4
218000703,3,22,-19
218000718,694,1208,-514
218000719,1351,753,598
218000720,5,121,-116
218000721,238,12,226
218000725,5,11,-6
218001214,6,28,-22
219000001,79,57,22
219000002,52,69,-17
219000003,80,41,39
219000004,58,46,12
219000017,134,33,101
219000020,111,64,47
219000022,158,9,149
219000023,119,1,118
219000029,0,87,-87
219000034,57,34,23
219000039,91,113,-22
219000040,56,67,-11
219000041,126,31,95
219000051,0,52,-52
219000052,0,26,-26
219000053,6,113,-107
219000054,595,324,271
219000055,184,1,183
219000056,22,0,22
219000057,68,3,65
219000062,17,77,-60
219000063,70,8,62
219000110,647,64,583
219000111,90,44,46
219000112,191,53,138
219000113,149,56,93
219000114,253,110,143
219000116,97,51,46
219000117,156,46,110
219000118,142,46,96
219000123,273,82,191
219000124,231,76,155
219000125,4,25,-21
219000126,102,92,10
219000127,1,3,-2
219000128,10,93,-83
219000129,17,109,-92
219000130,471,497,-26
219000131,593,1000,-407
219000133,89,40,49
219000134,15,20,-5
219000135,63,103,-40
219000136,75,248,-173
219000138,86,31,55
219000139,31,56,-25
219000140,70,9,61
219000141,30,104,-74
219000142,9,82,-73
219000143,10,72,-62
219000145,23,40,-17
219000146,10,36,-26
219000147,3,19,-16
219000148,6,20,-14
219000149,10,72,-62
219000150,4,68,-64
219000151,5,46,-41
219000157,193,220,-27
219000158,213,226,-13
219000161,128,16,112
219000163,1722,575,1147
219000166,168,212,-44
219000167,142,205,-63
219000168,275,133,142
219000174,422,131,291
219000175,83,6,77
219000176,103,6,97
219000177,30,1,29
219000178,38,2,36
219000179,17,8,9
219000180,55,57,-2
219000182,159,14,145
219000183,105,34,71
219000184,126,20,106
219000185,0,50,-50
219000186,71,25,46
219000187,45,79,-34
219000189,124,173,-49
219000190,99,208,-109
219000191,975,1364,-389
219000192,176,130,46
219000193,228,170,58
219000195,2,64,-62
219000196,10,104,-94
219000198,16,138,-122
219000199,67,236,-169
219000200,47,186,-139
219000201,84,221,-137
219000203,19,107,-88
219000204,162,191,-29
219000205,25,170,-145
219000207,125,270,-145
219000209,27,75,-48
219000210,50,86,-36
219000213,10,153,-143
219000239,268,319,-51
219000240,229,421,-192
219000241,137,197,-60
219000242,60,121,-61
219000243,63,225,-162
219000244,26,92,-66
219000245,38,27,11
219000246,54,23,31
219000247,126,32,94
219000248,596,406,190
219000249,123,90,33
219000250,106,130,-24
219000251,623,250,373
219000252,327,189,138
219000253,593,120,473
219000255,89,123,-34
219000256,229,91,138
219000257,105,0,105
219000262,107,114,-7
219000263,88,128,-40
219000267,4,67,-63
219000268,1,4,-3
219000269,5,4,1
219000270,11,1,10
219000271,118,3,115
219000278,1,3,-2
219000279,1,3,-2
219000283,0,8,-8
219000295,16,100,-84
219000296,96,563,-467
219000297,13,105,-92
219000298,21,151,-130
219000299,511,107,404
219000300,28,208,-180
219000301,246,410,-164
219000302,59,317,-258
219000307,40,47,-7
219000308,43,46,-3
219000311,250,64,186
219000312,661,148,513
219000313,399,45,354
219000314,83,402,-319
219000315,363,44,319
219000316,554,93,461
219000317,128,45,83
219000320,1,60,-59
219000321,0,30,-30
219000323,0,72,-72
219000325,4,18,-14
219000326,75,63,12
219000327,51,42,9
219000328,30,50,-20
219000329,432,117,315
219000330,68,41,27
219000331,52,35,17
219000332,135,81,54
219000333,15,0,15
219000335,46,1,45
219000337,40,0,40
219000338,66,0,66
219000344,45,57,-12
219000345,57,100,-43
219000346,35,90,-55
219000348,155,107,48
219000349,62,193,-131
219000350,174,233,-59
219000351,10,4,6
219000352,687,111,576
219000353,104,61,43
219000354,189,79,110
219000355,155,64,91
219000356,1342,1539,-197
219000363,269,71,198
219000364,72,41,31
219000365,125,13,112
219000366,269,282,-13
219000368,376,670,-294
219000370,1300,530,770
219000371,13,24,-11
219000382,15,34,-19
219000383,750,1161,-411
219000385,528,532,-4
219000386,817,1500,-683
219000387,5,13,-8
219000390,6,3,3
219000391,0,1,-1
219000397,57,54,3
219000398,69,45,24
219000401,4,123,-119
219000402,43,110,-67
219000403,198,412,-214
219000404,42,193,-151
219000409,67,82,-15
219000410,167,37,130
219000411,67,19,48
219000446,155,345,-190
219000447,1,20,-19
219000448,11,2,9
219000452,166,66,100
219000453,66,161,-95
219000454,241,292,-51
219000556,253,92,161
219000558,311,144,167
219000590,31,181,-150
219000591,90,75,15
219000592,90,393,-303
219000595,7,20,-13
219000635,175,30,145
219000636,29,81,-52
219000657,55,17,38
219000658,48,127,-79
219000673,1,28,-27
219000676,43,10,33
219000679,36,7,29
219000684,78,2,76
219000685,0,46,-46
219000686,2,1,1
219000688,1,79,-78
219000689,60,456,-396
219000690,353,55,298
219000693,2,39,-37
219000694,33,0,33
219000695,23,2,21
219000698,22,0,22
219000699,1,18,-17
219000727,0,101,-101
219000728,76,5,71
219000770,26,0,26
219000771,1,40,-39
219001150,1,29,-28
219001151,0,4,-4
220000001,68,77,-9
220000002,9,75,-66
220000003,344,221,123
220000004,673,567,106
220000005,1564,2144,-580
220000006,192,983,-791
220000007,402,515,-113
220000008,347,779,-432
220000009,268,368,-100
220000010,266,115,151
220000011,557,3765,-3208
220000012,139,319,-180
220000014,116,86,30
220000015,42,150,-108
220000017,61,260,-199
220000018,4677,1429,3248
220000019,72,276,-204
220000020,343,238,105
220000021,580,155,425
220000022,654,455,199
220000023,327,142,185
220000024,1887,416,1471
220000025,1038,1110,-72
220000026,259,344,-85
220000027,28,93,-65
220000028,35,39,-4
220000029,46,138,-92
220000030,75,72,3
220000031,406,311,95
220000064,30,1161,-1131
221000046,11,3,8
221000047,0,1,-1
221000048,0,3,-3
221000049,0,8,-8
221000050,9,0,9
221000055,51,49,2
221000057,49,13,36
221000068,395,155,240
221000069,336,74,262
221000070,224,32,192
221000071,90,11,79
221000072,151,23,128
221000073,166,42,124
221000074,2,22,-20
221000075,13,23,-10
221000076,9,33,-24
221000077,30,72,-42
221000081,54,20,34
221000082,64,3,61
221000083,13,6,7
221000084,10,4,6
221000085,8,61,-53
221000086,11,106,-95
221000087,4,124,-120
221000088,13,158,-145
221000089,28,222,-194
221000090,140,461,-321
221000098,97,15,82
221000099,148,13,135
221000100,76,11,65
221000101,168,28,140
221000102,124,16,108
221000109,4,86,-82
221000110,16,89,-73
221000111,21,134,-113
221000112,8,160,-152
221000113,20,140,-120
221000114,18,148,-130
221000120,62,34,28
221000121,14,34,-20
221000122,47,26,21
221000123,22,2,20
221000124,49,191,-142
221000155,122,7,115
221000156,15,15,0
221000175,5,1,4
221000176,0,5,-5
221000182,54,9,45
221000241,582,318,264
221000242,157,374,-217
221000243,503,159,344
221000244,294,449,-155
221000245,71,88,-17
221000246,43,209,-166
221000247,62,101,-39
221000248,105,97,8
221000267,47,584,-537
221000325,156,55,101
221000331,5,73,-68
221000338,15,17,-2
221000378,184,33,151
221000381,73,40,33
222000282,4,0,4
222000296,1,18,-17
222000568,244,32,212
222000569,189,52,137
222000570,144,29,115
222000571,289,30,259
222000577,24,190,-166
222000578,64,180,-116
222000579,27,150,-123
222000580,122,932,-810
222000599,0,155,-155
222000600,3,352,-349
222000601,3,946,-943
222000603,19,38,-19
222000604,2,41,-39
222000605,16,16,0
222000606,0,9,-9
222000607,7,4,3
222000608,36,14,22
222000609,116,174,-58
222000616,344,47,297
222000617,3,29,-26
222000618,16,1,15
222000620,24,9,15
222000621,87,13,74
222000623,560,10,550
222000624,319,3,316
222000625,432,29,403
222000636,45,7,38
222000686,23,8,15
222000687,40,43,-3
222001066,346,1,345
222001067,14,3,11
222001068,48,21,27
222001069,20,55,-35
222001082,12,41,-29
222001083,37,55,-18
222001084,0,23,-23
222001085,1,232,-231
222001111,46,166,-120
222001112,92,53,39
222001313,44,9,35
222001314,10,143,-133
222001464,54,41,13
222001465,23,103,-80
222001484,105,57,48
222001485,25,48,-23
222001494,520,137,383
222001495,199,297,-98
222001496,318,110,208
222001497,128,413,-285
222001502,26,94,-68
222001503,122,54,68
222001504,24,354,-330
222001505,311,31,280
222001506,39,398,-359
222001507,394,62,332
222001510,415,52,363
222001511,39,383,-344
222001514,661,279,382
222001515,266,534,-268
222001518,332,84,248
222001519,79,304,-225
222001527,180,72,108
222001528,66,183,-117
222001529,264,60,204
222001530,49,209,-160
222001533,195,314,-119
222001534,323,91,232
222001535,149,244,-95
222001536,116,232,-116
222001537,278,57,221
222001538,108,501,-393
222001563,652,117,535
222001564,79,522,-443
222001568,619,136,483
222001576,0,3,-3
222001579,4,7,-3
222001583,15,217,-202
222001584,92,11,81
222001596,698,1076,-378
222001597,2252,343,1909
222001626,0,155,-155
222001650,481,107,374
222001651,441,134,307
222001914,180,81,99
222001915,81,188,-107
222900004,434,329,105
222900009,547,714,-167
222900019,223,174,49
222900024,23,21,2
222900025,12,23,-11
225000001,438,176,262
225000002,572,155,417
225000003,534,100,434
225000004,371,217,154
225000005,52,61,-9
225000006,1,171,-170
225000007,1530,1186,344
225000010,384,12,372
225000011,373,940,-567
225000012,193,560,-367
225000013,96,110,-14
225000014,869,98,771
225000015,84,146,-62
225000021,777,155,622
225000027,211,488,-277
225000032,694,177,517
225000042,82,607,-525
225000049,40,40,0
225000050,84,16,68
225000053,6,269,-263
225000058,566,149,417
225000067,245,148,97
225000068,94,294,-200
225000069,116,404,-288
225000070,66,336,-270
225000071,42,176,-134
225000075,27,744,-717
225000076,57,126,-69
225000078,82,33,49
225000085,54,113,-59
225000086,266,47,219
225000087,163,25,138
225000088,4,168,-164
225000089,209,851,-642
225000090,74,379,-305
225000091,150,163,-13
225000092,18,59,-41
225000093,144,241,-97
225000094,11,257,-246
225000095,264,364,-100
225000096,351,492,-141
225000098,626,299,327
225000099,299,185,114
225000100,262,171,91
225000104,128,367,-239
225000110,7,356,-349
225000111,226,936,-710
225000112,281,1098,-817
225000113,268,535,-267
225000114,82,236,-154
225000115,1271,629,642
225000116,957,152,805
225000117,693,242,451
225000118,986,203,783
225000119,204,78,126
225000120,680,38,642
225000121,242,21,221
225000123,528,9,519
225000125,314,192,122
225000126,643,159,484
225000127,646,815,-169
225000128,384,578,-194
225000132,285,56,229
225000133,241,33,208
225000134,564,173,391
225000135,77,13,64
225000136,288,10,278
225000137,199,61,138
225000138,312,78,234
225000143,64,176,-112
225000144,3,304,-301
225000145,70,41,29
225000146,50,109,-59
225000147,16,212,-196
225000148,16,218,-202
225000149,35,415,-380
225000151,25,244,-219
225000155,345,453,-108
225000156,149,728,-579
225000157,188,300,-112
225000158,72,326,-254
225000171,6,179,-173
225000180,16,2,14
225000181,0,71,-71
225000182,94,6,88
225000185,17,348,-331
225000187,43,289,-246
225000191,170,7,163
225000194,0,4,-4
225000208,2,53,-51
225000209,91,12,79
225000210,5,259,-254
225000217,0,6,-6
225000218,17,4,13
225000223,0,31,-31
225000224,56,0,56
225000225,1,14,-13
225000226,55,2,53
225000227,26,75,-49
225000228,8,11,-3
225000229,0,61,-61
225000230,14,1,13
225000231,1,53,-52
225000232,133,1,132
225000241,90,0,90
225000242,0,26,-26
225000249,32,20,12
225000250,44,844,-800
225000251,282,41,241
225000254,3,7,-4
225000256,2,15,-13
225000257,0,45,-45
226000042,350,446,-96
226000043,57,272,-215
226000044,101,443,-342
226000045,70,345,-275
226000046,364,68,296
226000047,314,81,233
226000048,327,64,263
226000049,221,139,82
226000070,0,37,-37
226000071,0,37,-37
226000072,0,20,-20
226000073,0,4,-4
226000074,0,10,-10
226000084,3,65,-62
226000085,2,8,-6
226000086,0,8,-8
226000087,0,8,-8
226000088,103,58,45
226000090,290,98,192
226000091,16,38,-22
226000092,4,17,-13
226000093,28,0,28
226000094,24,1,23
226000095,20,2,18
226000105,10,4,6
226000106,8,0,8
226000107,6,1,5
226000108,33,1,32
226000109,112,0,112
226000124,119,62,57
226000134,627,463,164
226000135,1382,541,841
226000136,1205,354,851
226000137,15,295,-280
226000138,9,170,-161
226000139,1,32,-31
226000156,143,9,134
226000157,225,10,215
226000163,112,129,-17
226000202,7,346,-339
226000231,175,9,166
226000232,75,8,67
227000033,310,68,242
227000036,259,31,228
227000037,262,25,237
227000038,191,23,168
227000084,4,109,-105
227000085,0,65,-65
227000088,38,2,36
227000089,99,1,98
227000090,44,2,42
227000091,7,1,6
227000092,32,0,32
227000093,106,0,106
227000094,13,0,13
227000130,26,53,-27
227000131,26,170,-144
227000132,8,199,-191
227000133,11,185,-174
227000134,16,303,-287
227000152,0,1,-1
227000153,0,38,-38
227000154,0,16,-16
227000155,1,14,-13
227000156,0,6,-6
227000165,6,27,-21
227000196,414,270,144
227000199,300,470,-170
227000230,21,362,-341
227000232,488,22,466
227000242,52,345,-293
227000243,439,81,358
227000245,14,347,-333
227000246,131,405,-274
227000247,317,105,212
227000248,106,22,84
227000249,26,118,-92
227000250,224,124,100
227000251,78,132,-54
227000252,28,300,-272
227000253,94,20,74
227000262,320,36,284
227000266,930,15,915
227000267,53,1194,-1141
227000282,3,133,-130
227000284,373,18,355
227000286,7,63,-56
227000291,13,446,-433
227000296,232,228,4
227000484,173,21,152
227000485,19,702,-683
227000655,175,6,169
227000656,658,39,619
227000657,82,8,74
229000265,8,7,1
229000266,1,0,1
229000267,12,1,11
229000268,33,1,32
229000269,28,0,28
229000274,1,43,-42
229000275,3,12,-9
229000276,0,12,-12
229000277,1,3,-2
229000278,1,7,-6
229000295,20,41,-21
229000296,10,6,4
229000297,22,36,-14
229000298,3,120,-117
229000320,21,12,9
229000321,13,19,-6
229000412,16,45,-29
229000414,5,69,-64
229000415,14,3,11
229000416,3,4,-1
229000417,0,22,-22
229000419,105,298,-193
229000440,406,72,334
229000442,28,14,14
229000443,12,1,11
229000444,10,23,-13
229000445,60,7,53
229000446,71,12,59
229000491,1,13,-12
229000492,6,89,-83
229000493,3,78,-75
229000494,61,7,54
229000495,114,4,110
229000496,54,4,50
229000507,0,72,-72
229000508,2,32,-30
229000509,0,72,-72
229000510,1,32,-31
229000511,1,55,-54
229000512,0,32,-32
229000513,0,13,-13
229000514,0,2,-2
229000517,2,3,-1
229000518,13,23,-10
229000519,3,10,-7
229000520,16,38,-22
229000521,52,6,46
229000522,10,6,4
229000523,14,1,13
229000524,7,4,3
229000527,4,1,3
229000528,0,0,0
229000529,6,0,6
229000530,48,2,46
229000531,36,2,34
229000532,14,0,14
229000533,46,0,46
229000534,45,2,43
229000564,48,3,45
229000565,21,0,21
229000566,0,9,-9
229000567,0,32,-32
229000582,62,2,60
229000583,2,2,0
229000584,0,23,-23
229000585,4,70,-66
229000718,0,3,-3
229000719,0,1,-1
229000720,0,6,-6
229000721,0,11,-11
229000722,0,13,-13
229000723,0,4,-4
229000724,0,2,-2
229000725,0,5,-5
229000738,7,0,7
229000739,3,1,2
229000740,4,0,4
229000741,17,0,17
229000742,6,0,6
229000743,10,0,10
229000744,4,0,4
229000745,1,0,1
229000746,13,0,13
229000847,42,2,40
229000848,27,0,27
229000849,90,3,87
229000851,52,2,50
229000854,0,36,-36
229000856,0,77,-77
229000857,0,39,-39
229000858,1,64,-63
229000919,16,92,-76
229000930,4,289,-285
229000937,77,30,47
229000966,55,17,38
229000981,30,44,-14
229000985,13,32,-19
229000986,1,4,-3
229000987,1,1,0
229000988,3,5,-2
229000989,8,4,4
229000990,0,1,-1
229000991,1,1,0
229000992,11,19,-8
229000993,129,24,105
229000998,28,49,-21
229000999,68,30,38
229001034,0,22,-22
229001035,11,1,10
229001036,3,55,-52
229001037,49,2,47
229001038,0,3,-3
229001039,1,1,0
229001040,0,75,-75
229001041,36,0,36
229001042,15,22,-7
229001047,9,42,-33
229001050,47,8,39
229001168,0,27,-27
229001200,9,3,6
229001338,14,32,-18
229001394,204,8,196
229001422,155,24,131
229001423,51,150,-99
229001431,38,59,-21
229001432,68,93,-25
229001444,136,53,83
229001445,26,169,-143
229001479,12,3,9
229001503,180,114,66
229001504,153,228,-75
229001505,99,30,69
229001506,90,149,-59
229001509,50,4,46
229001510,5,39,-34
229001545,75,9,66
229001546,28,129,-101
229001553,96,21,75
229001554,51,97,-46
229001630,56,15,41
229001631,24,30,-6
229001635,0,15,-15
229001636,10,1,9
229001658,0,146,-146
229001659,42,15,27
229001660,8,5,3
229001661,5,23,-18
229001662,52,2,50
229001663,0,16,-16
229002584,234,195,39
229002831,196,139,57
229002841,6,20,-14
229002842,20,30,-10
229002843,74,26,48
229002844,31,61,-30
229002845,18,87,-69
229002846,27,22,5
229002847,2,10,-8
229002848,2,9,-7
229002849,4,74,-70
229002850,12,4,8
229002851,47,124,-77
229002852,209,33,176
229002853,125,30,95
229002854,31,75,-44
229002855,8,17,-9
229002856,53,22,31
229002857,13,93,-80
229002858,14,13,1
229002859,19,50,-31
229002860,212,19,193
229002861,127,24,103
229002862,66,34,32
229002863,22,24,-2
229002864,24,36,-12
229002865,32,14,18
229002866,32,24,8
229002867,2,20,-18
229002868,15,17,-2
229002869,37,141,-104
229002870,41,14,27
235000067,598,104,494
235000072,61,296,-235
235000080,6,108,-102
235000081,114,132,-18
235000082,126,48,78
235000083,259,122,137
235000084,60,56,4
235000085,162,61,101
235000093,20,8,12
235000097,2,5,-3
235000098,53,9,44
235000115,186,153,33
235000116,71,14,57
235000117,693,15,678
235000133,11,338,-327
235000134,16,101,-85
235000206,10,3,7
235000207,5,2,3
235000210,2,2,0
235000212,1,9,-8
235000220,1,2,-1
235000221,87,18,69
235000238,13,76,-63
235000239,3,26,-23
235000242,304,497,-193
235000245,599,163,436
235000246,7,61,-54
235000284,24,95,-71
235000295,126,19,107
235000305,240,16,224
235000306,256,5,251
235000307,10,4,6
235000308,12,1,11
235000309,50,0,50
235000310,55,0,55
235000311,146,76,70
235000322,0,23,-23
235000323,0,35,-35
235000324,0,29,-29
235000325,2,16,-14
235000326,4,186,-182
235000351,6,56,-50
235000352,18,28,-10
235000353,2,25,-23
235000354,4,27,-23
235000355,8,36,-28
235000356,101,6,95
235000357,40,4,36
235000358,122,2,120
235000359,14,4,10
235000360,41,35,6
235000361,54,25,29
235000381,45,105,-60
235000382,194,43,151
235000390,13,4,9
235000391,194,16,178
235000392,125,323,-198
235000393,130,116,14
235000395,88,39,49
235000396,490,91,399
235000399,126,23,103
235000400,78,37,41
235000401,23,133,-110
235000402,29,93,-64
235000405,78,294,-216
235000406,50,236,-186
235000407,73,124,-51
235000409,144,113,31
235000411,2,76,-74
235000485,0,4,-4
235000486,4,0,4
235000549,90,191,-101
235000550,56,169,-113
235000599,70,35,35
235000600,5,7,-2
235000601,10,14,-4
235000602,50,40,10
235000614,4,4,0
235000648,1,21,-20
235000649,47,9,38
235000815,7,33,-26
235000834,0,0,0
235000855,43,54,-11
235000862,41,161,-120
235000891,0,9,-9
235000892,33,2,31
235000901,28,114,-86
235000907,0,12,-12
235001010,69,106,-37
235001030,416,299,117
235001078,68,91,-23
235001079,58,96,-38
235001147,7,60,-53
235001166,18,83,-65
235001167,38,42,-4
235001169,18,259,-241
235001200,42,34,8
235001239,1,39,-38
235016266,4,21,-17
235016267,0,42,-42
235900013,0,5,-5
235900014,0,1,-1
241900007,43,1,42
277101746,0,2,-2
277102712,25,5,20
277103813,0,0,0
277103814,0,0,0
277103898,0,5,-5
990010990,53,217,-164
990011530,2,185,-183
990014944,2,557,-555
990015176,38,4,34
990015618,3,142,-139
990015888,15,64,-49
990016032,1,351,-350
990032570,1,347,-346
990070001,76,3,73
990070103,0,4,-4
990070601,1,66,-65
990070751,828,2,826
990070766,0,425,-425
990071180,561,243,318
990071343,50,25,25
990071387,0,28,-28
990071823,679,55,624
990072600,2,792,-790
990072964,2,444,-442
990073285,0,1,-1
990074393,5,947,-942
990074714,62,36,26
990074870,1393,13,1380
990075106,1785,11,1774
990075746,557,6,551
990076437,1179,6,1173
990076458,0,738,-738
997000007,439,5,434
997000041,1,210,-209
997000058,49,0,49
997000062,46,2,44
997000069,0,5,-5
997000070,1,37,-36
997000100,47,0,47
997000141,12,2389,-2377
997000198,6,1048,-1042
998000475,4,36,-32
998000736,0,194,-194
998000965,0,13,-13
998001031,0,77,-77
998001072,497,378,119
998001091,5,2,3
998001093,7,0,7
998001103,7,7,0
998001105,1,17,-16
998001700,0,31,-31
998001899,0,4,-4
998001900,5,4,1
998003073,1143,0,1143
998003124,56,22,34
998003125,24,108,-84
998101900,0,0,0
998102850,3,275,-272
998501819,0,0,0
998501820,0,5,-5
998501832,76,137,-61
998501927,1374,730,644
998501929,96,5,91
998501930,48,1,47
998501931,323,15,308
998501932,8,1,7
998501933,57,1,56
998501937,9,1,8
998501944,12,0,12
998501950,0,0,0
998501970,81,5,76
998501971,0,97,-97
998501972,363,2,361
998501973,0,70,-70
998501974,2,322,-320
998501975,158,2,156
998501976,64,0,64
998501977,0,27,-27
998501978,30,0,30
998501979,0,17,-17
998501980,44,1,43
998501981,27,4,23
998501982,0,153,-153
998501983,0,0,0
998502006,0,0,0
998502024,0,5,-5
998502032,0,2,-2
998502062,10,0,10
998502063,0,0,0
998502173,6,0,6
998502269,1,5,-4
998601159,5,162,-157
998601292,1,23,-22
999033574,1,103,-102
999800001,55,6,49
999800002,0,5,-5
999800003,4,0,4
999800004,0,1,-1
999800005,0,11,-11
