ID,insum,outsum,diff
100000001,614,1277,-663
100000002,6342,1303,5039
100000003,8824,4437,4387
100000004,1924,1386,538
100000005,2772,5597,-2825
100000006,753,169,584
100000007,3225,811,2414
100000008,262,704,-442
100000009,763,1047,-284
100000010,37,119,-82
100000011,1186,93,1093
100000012,148,909,-761
100000013,46,306,-260
100000014,433,285,148
100000015,2354,3101,-747
100000016,1394,1792,-398
100000017,1022,1078,-56
100000018,1940,789,1151
100000019,6115,2590,3525
100000020,2760,8493,-5733
100000021,7209,3166,4043
100000022,2968,2094,874
100000023,8023,2084,5939
100000025,3465,1383,2082
100000028,3488,1346,2142
100000029,495,360,135
100000030,466,111,355
100000031,8696,10055,-1359
100000032,3428,5925,-2497
100000033,1429,3495,-2066
100000034,999,683,316
100000035,2263,1324,939
100000036,3506,1789,1717
100000037,702,682,20
100000038,2450,1301,1149
100000039,1195,244,951
100000040,252,213,39
100000041,1660,611,1049
100000042,2647,627,2020
100000043,1427,452,975
100000044,500,797,-297
100000045,1021,1771,-750
100000046,1682,1545,137
100000047,424,974,-550
100000048,1117,1002,115
100000049,2339,2939,-600
100000051,668,1320,-652
100000053,318,11,307
100000054,701,68,633
100000055,2091,258,1833
100000056,786,773,13
100000057,2775,1060,1715
100000058,1278,1546,-268
100000059,21,108,-87
100000060,507,436,71
100000061,3452,721,2731
100000062,2867,786,2081
100000063,1017,365,652
100000064,2042,459,1583
100000065,583,1219,-636
100000066,366,1016,-650
100000067,727,987,-260
100000068,878,2325,-1447
100000069,620,2148,-1528
100000072,340,1593,-1253
100000073,1537,1664,-127
100000075,884,351,533
100000076,6299,3436,2863
100000077,529,344,185
100000078,81,67,14
100000079,70,77,-7
100000080,52,41,11
100000081,142,207,-65
100000102,4394,2215,2179
100000103,7329,1371,5958
100000104,6844,2830,4014
100000105,4256,1941,2315
100000106,3992,3328,664
100000107,1272,1111,161
100000108,1503,1415,88
100000109,5942,1633,4309
100000116,2247,1345,902
100000117,95,88,7
100000118,3052,1173,1879
100000119,924,783,141
100000121,333,608,-275
100000122,2185,1446,739
100000123,4810,7064,-2254
100000124,8768,10090,-1322
100000125,5681,1911,3770
100000126,1604,614,990
100000127,2897,470,2427
100000128,2662,2337,325
100000129,836,577,259
100000130,415,655,-240
100000131,4302,4548,-246
100000132,2166,4031,-1865
100000133,8857,3921,4936
100000135,718,1076,-358
100000139,586,221,365
100000140,853,430,423
100000142,556,579,-23
100000143,1082,615,467
100000144,4758,1005,3753
100000147,1336,3487,-2151
100000150,105,450,-345
100000151,1487,1032,455
100000153,466,626,-160
100000154,318,211,107
100000155,45,65,-20
100000156,554,320,234
100000157,122,102,20
100000158,294,54,240
100000159,494,715,-221
100000165,2184,1019,1165
100000169,869,462,407
100000174,2065,679,1386
100000179,144,714,-570
100000180,4630,1539,3091
100000181,655,310,345
100000188,88,495,-407
100000189,1485,533,952
100000190,1325,654,671
100000191,912,688,224
100000192,94,177,-83
100000193,242,168,74
100000330,2227,1345,882
100000355,423,661,-238
100000362,7031,4880,2151
100000363,4672,6292,-1620
100000364,494,175,319
100000365,6204,6525,-321
100000366,8686,3561,5125
100000367,6277,5503,774
100000368,3453,2361,1092
100000369,1980,2754,-774
100000370,313,803,-490
100000376,173,185,-12
100000379,7010,1992,5018
100000380,12343,3995,8348
100000384,9159,6428,2731
100000385,7519,6086,1433
100000386,12796,7386,5410
100000387,9564,7426,2138
100000388,11392,9501,1891
100000389,11915,9265,2650
100000390,13748,7659,6089
100000391,10387,10420,-33
100000392,5737,4176,1561
100000393,3736,5060,-1324
100000394,13861,8735,5126
100000395,8424,3694,4730
100000396,11835,3438,8397
100000397,7958,4770,3188
100000398,15636,9779,5857
100900002,11,103,-92
100900003,615,238,377
100900004,30,927,-897
100900005,154,25,129
100900006,27,203,-176
100900007,903,24,879
100900008,7,442,-435
100900009,75,135,-60
100900010,70,146,-76
100900011,184,406,-222
100900012,1,274,-273
100900013,1078,15,1063
100900014,2,25,-23
100900015,163,200,-37
100900016,13,49,-36
100900017,1169,86,1083
100900018,1,33,-32
100900019,83,169,-86
100900020,479,17,462
100900021,802,4,798
100900022,19,28,-9
100900023,1,82,-81
100900024,1718,12,1706
100900025,5,21,-16
100900026,139,162,-23
100900027,883,4408,-3525
100900028,164,308,-144
100900029,105,18,87
100900030,3,83,-80
100900031,812,41,771
100900032,270,2,268
100900033,349,271,78
100900034,634,6,628
100900035,1117,4,1113
100900036,40,1,39
100900037,128,387,-259
100900038,185,51,134
100900039,338,621,-283
100900040,712,957,-245
100900041,870,876,-6
100900042,1732,534,1198
100900043,1,24,-23
100900044,3627,780,2847
100900045,91,0,91
100900046,1781,18,1763
100900047,1067,234,833
100900048,240,41,199
100900049,42,273,-231
100900050,4,21,-17
100900051,105,140,-35
100900052,602,55,547
100900053,457,35,422
100900054,30,135,-105
100900055,507,770,-263
100900056,295,412,-117
100900057,940,1725,-785
100900058,443,74,369
100900059,213,15,198
100900060,203,5,198
100900061,468,472,-4
100900062,10,90,-80
100900063,239,924,-685
100900064,1185,29,1156
100900065,222,144,78
100900066,55,185,-130
100900067,3,10,-7
100900068,157,176,-19
100900069,1879,19,1860
100900070,420,10,410
100900071,1082,533,549
100900072,8,56,-48
100900073,128,737,-609
100900074,9,9,0
100900075,2367,628,1739
100900076,59,55,4
100900077,37,155,-118
100900078,145,622,-477
100900079,12,34,-22
100900080,54,250,-196
100900081,62,295,-233
100900082,119,763,-644
100900083,7,46,-39
100900085,15,135,-120
100900086,482,2031,-1549
100900088,139,742,-603
100900089,25,28,-3
100900090,247,804,-557
100900091,3,38,-35
100900092,479,442,37
100900093,277,435,-158
100900094,150,803,-653
100900095,4,38,-34
100900096,32,107,-75
100900097,3,7,-4
100900098,22,27,-5
100900099,46,780,-734
100900100,15,489,-474
100900101,548,87,461
100900102,150,98,52
100900103,27,18,9
100900104,9,215,-206
100900105,57,301,-244
100900106,56,17,39
100900107,2473,1054,1419
100900108,8,37,-29
100900109,37,36,1
100900110,0,25,-25
100900111,65,286,-221
100900112,2,16,-14
100900113,27,22,5
100900114,28,31,-3
100900115,7,83,-76
100900116,916,1377,-461
100900117,398,1032,-634
100900118,233,204,29
100900119,26,40,-14
100900120,4,23,-19
100900121,346,994,-648
100900122,245,236,9
100900123,121,203,-82
100900124,11,13,-2
100900125,37,99,-62
100900126,158,262,-104
100900127,1,11,-10
100900128,191,237,-46
100900129,2,162,-160
100900131,160,285,-125
100900133,82,78,4
100900134,1,3,-2
100900135,1,164,-163
100900137,484,241,243
100900138,669,554,115
100900139,36,15,21
100900140,7,1014,-1007
100900141,3,524,-521
100900142,0,11,-11
100900143,1020,493,527
100900144,21,10,11
100900145,52,191,-139
100900146,20,137,-117
100900147,22,343,-321
100900148,56,916,-860
100900149,21,145,-124
100900150,7,95,-88
100900151,147,686,-539
100900152,161,11,150
100900153,7,220,-213
100900154,8,52,-44
100900155,19,31,-12
100900156,46,7,39
100900157,12,233,-221
100900158,855,336,519
100900159,0,42,-42
100900160,38,13,25
100900161,165,5,160
100900162,23,361,-338
100900163,216,282,-66
100900164,46,68,-22
100900165,19,124,-105
100900166,35,13,22
100900167,19,130,-111
100900168,71,194,-123
100900169,199,1224,-1025
100900170,27,8,19
100900171,30,930,-900
100900172,0,8,-8
100900173,14,570,-556
100900174,1180,79,1101
100900176,1942,350,1592
100900177,1063,600,463
100900178,752,224,528
100900179,133,206,-73
100900180,3,6,-3
100900181,108,78,30
100900182,58,45,13
100900184,20,209,-189
100900186,1204,736,468
100900187,22,137,-115
100900188,67,30,37
100900189,1148,280,868
100900191,2133,1574,559
100900192,465,356,109
100900195,182,190,-8
100900197,15,57,-42
100900198,30,247,-217
100900199,7,9,-2
100900200,759,514,245
100900201,195,1029,-834
100900202,37,0,37
100900203,0,113,-113
100900204,1240,422,818
100900205,224,536,-312
100900206,184,140,44
100900207,231,154,77
100900210,52,861,-809
100900211,486,276,210
100900213,86,44,42
100900214,1155,131,1024
100900215,25,56,-31
101000001,6001,3225,2776
101000002,5696,6066,-370
101000003,976,2614,-1638
101000004,13408,10776,2632
101000005,6498,6743,-245
101000006,10870,10247,623
101000007,3827,4333,-506
101000008,7293,3825,3468
101000009,2593,2237,356
101000010,1307,1804,-497
101000011,2497,839,1658
101000012,2449,971,1478
101000013,720,1387,-667
101000014,808,1072,-264
101000015,1326,1056,270
101000016,772,589,183
101000017,892,797,95
101000018,5407,3629,1778
101000020,4735,1639,3096
101000021,2364,454,1910
101000022,641,135,506
101000023,2928,994,1934
101000025,273,631,-358
101000026,720,40,680
101000027,3632,2546,1086
101000028,60,157,-97
101000029,381,1695,-1314
101000030,3087,178,2909
101000031,1415,654,761
101000032,15483,4074,11409
101000033,3836,4057,-221
101000034,4596,1915,2681
101000035,1498,768,730
101000036,2202,892,1310
101000037,5316,2128,3188
101000039,4277,3179,1098
101000040,4624,4271,353
101000041,18153,9708,8445
101000042,1231,1641,-410
101000043,12624,9217,3407
101000045,2744,973,1771
101000046,6891,1172,5719
101000047,4427,2713,1714
101000048,1381,1179,202
101000049,1334,1872,-538
101000050,4437,3199,1238
101000051,3340,2850,490
101000052,2242,1059,1183
101000053,1416,2159,-743
101000054,3235,1884,1351
101000055,2063,1932,131
101000056,55,138,-83
101000057,3198,1304,1894
101000058,2013,1503,510
101000059,4338,2258,2080
101000060,2162,713,1449
101000061,1315,1460,-145
101000062,974,832,142
101000063,854,1006,-152
101000064,1638,847,791
101000065,375,417,-42
101000066,1168,735,433
101000067,1993,886,1107
101000068,547,465,82
101000069,712,120,592
101000070,1949,1185,764
101000071,2738,1116,1622
101000072,1314,4578,-3264
101000073,1068,838,230
101000074,9940,4497,5443
101000075,8088,3964,4124
101000077,1612,1285,327
101000078,1349,2857,-1508
101000079,907,440,467
101000080,856,422,434
101000081,1788,2011,-223
101000082,5252,4407,845
101000083,2740,2898,-158
101000084,1838,1340,498
101000085,2063,1639,424
101000086,1389,1387,2
101000087,1094,1401,-307
101000088,1338,1580,-242
101000089,1186,2132,-946
101000090,2711,1893,818
101000091,412,1407,-995
101000092,1064,1601,-537
101000093,2063,1148,915
101000094,1153,1805,-652
101000095,595,1048,-453
101000096,516,770,-254
101000097,1622,546,1076
101000098,1001,780,221
101000099,1666,1771,-105
101000100,1530,1252,278
101000101,548,503,45
101000102,2123,525,1598
101000103,1779,718,1061
101000104,697,749,-52
101000105,1288,310,978
101000106,1351,642,709
101000107,194,468,-274
101000108,1422,576,846
101000109,360,110,250
101000110,48,797,-749
101000111,236,257,-21
101000113,291,1248,-957
101000114,13178,4385,8793
101000115,136,115,21
101000116,307,219,88
101000117,1648,404,1244
101000119,182,81,101
101000120,243,84,159
101000121,86,52,34
101000122,185,106,79
101000123,119,93,26
101000124,798,193,605
101000125,309,676,-367
101000128,1347,471,876
101000130,314,351,-37
101000131,922,764,158
101000132,743,1828,-1085
101000135,86,31,55
101000136,859,156,703
101000137,51,335,-284
101000141,2551,4208,-1657
101000147,1075,576,499
101000148,2527,64,2463
101000149,99,96,3
101000150,92,1011,-919
101000151,232,73,159
101000152,349,403,-54
101000153,622,589,33
101000154,314,1798,-1484
101000155,466,187,279
101000156,46,312,-266
101000157,55,45,10
101000160,150,59,91
101000163,340,308,32
101000164,665,488,177
101000165,341,425,-84
101000166,283,649,-366
101000168,1036,419,617
101000252,2096,1088,1008
101000254,818,107,711
101000258,32,13,19
101000261,365,36,329
101000262,1662,1954,-292
101000263,539,1488,-949
101000265,145,908,-763
101000266,548,396,152
101000269,182,22,160
101000290,2474,4259,-1785
101000293,61,88,-27
101000294,691,588,103
101000295,168,819,-651
101000301,921,514,407
101000304,2732,2751,-19
101000305,3725,2436,1289
101900001,17,58,-41
101900002,0,11,-11
101900003,80,145,-65
101900004,6,58,-52
101900005,6571,2565,4006
101900006,1253,99,1154
101900007,1013,217,796
101900008,192,424,-232
101900009,130,853,-723
101900010,1246,785,461
101900011,496,2687,-2191
101900012,242,752,-510
101900013,1588,220,1368
101900017,44,178,-134
101900018,954,194,760
101900019,412,163,249
101900020,1126,285,841
101900021,6,82,-76
101900022,155,1570,-1415
101900023,159,309,-150
102000001,5700,5664,36
102000002,4831,1438,3393
102000003,4845,9027,-4182
102000004,11758,4224,7534
102000005,1946,3188,-1242
102000006,2143,2817,-674
102000007,2418,6523,-4105
102000008,7976,2487,5489
102000009,7837,9825,-1988
102000010,7509,5459,2050
102000011,4014,3491,523
102000012,4861,4809,52
102000018,4772,4267,505
102000019,3764,2494,1270
102000026,301,1077,-776
102000029,459,317,142
102000030,121,490,-369
102000031,64,241,-177
102000032,516,454,62
102000033,233,559,-326
102000034,752,682,70
102000035,1243,951,292
102000036,21,429,-408
102000037,208,98,110
102000038,286,277,9
102000039,322,140,182
102000040,731,232,499
102000041,284,377,-93
102000042,503,304,199
102000043,561,249,312
102000044,1065,588,477
102000045,888,1387,-499
102000046,1424,932,492
102000047,1156,1592,-436
102000048,508,970,-462
102000049,1394,965,429
102000050,1576,1717,-141
102000051,612,808,-196
102000052,1881,1231,650
102000053,1439,1198,241
102000054,608,971,-363
102000055,1208,1068,140
102000056,991,2144,-1153
102000057,2253,873,1380
102000058,1697,2659,-962
102000059,2227,2161,66
102000060,1711,1327,384
102000061,1948,2941,-993
102000062,1987,1312,675
102000063,1397,1932,-535
102000064,592,1006,-414
102000065,56,141,-85
102000066,1293,1743,-450
102000067,3728,4801,-1073
102000068,13079,4040,9039
102000069,96,1804,-1708
102000070,2535,78,2457
102000071,10661,12134,-1473
102000072,4416,6165,-1749
102000073,2683,1158,1525
102000074,1494,1295,199
102000075,229,388,-159
102000076,270,772,-502
102000077,531,1180,-649
102000078,964,1299,-335
102000079,337,419,-82
102000080,450,364,86
102000081,703,913,-210
102000082,1062,456,606
102000083,730,462,268
102000084,312,399,-87
102000085,2152,1531,621
102000086,1326,2162,-836
102000087,1191,2138,-947
102000088,394,377,17
102000089,1307,586,721
102000090,980,1670,-690
102000091,2194,610,1584
102000092,632,1359,-727
102000093,651,785,-134
102000094,1172,821,351
102000095,1358,1658,-300
102000096,1095,1212,-117
102000097,1353,1482,-129
102000098,780,1471,-691
102000099,1364,873,491
102000100,1088,1537,-449
102000101,1663,874,789
102000102,576,2965,-2389
102000103,1914,678,1236
102000104,1191,414,777
102000105,235,838,-603
102000106,1030,1019,11
102000107,1444,875,569
102000108,870,272,598
102000109,893,821,72
102000110,985,2066,-1081
102000111,11,380,-369
102000112,197,117,80
102000113,24,55,-31
102000114,1187,487,700
102000115,215,414,-199
102000116,1033,429,604
102000117,545,624,-79
102000118,2334,1489,845
102000119,2752,881,1871
102000120,261,552,-291
102000121,1431,771,660
102000122,831,959,-128
102000123,1939,1857,82
102000124,1857,1332,525
102000125,1108,1537,-429
102000126,903,752,151
102000127,1635,983,652
102000128,1055,1351,-296
102000129,2160,1109,1051
102000130,954,934,20
102000131,2500,966,1534
102000132,976,1105,-129
102000133,2189,2701,-512
102000134,892,936,-44
102000135,994,1229,-235
102000136,1301,899,402
102000137,1558,992,566
102000138,473,589,-116
102000139,283,485,-202
102000140,696,359,337
102000141,908,660,248
102000142,478,520,-42
102000143,169,585,-416
102000144,309,492,-183
102000145,410,638,-228
102000146,479,444,35
102000147,563,632,-69
102000148,286,649,-363
102000149,255,730,-475
102000150,412,205,207
102000151,135,423,-288
102000152,178,191,-13
102000153,1291,513,778
102000154,347,797,-450
102000155,178,403,-225
102000156,511,135,376
102000157,129,371,-242
102000158,496,363,133
102000159,1688,651,1037
102000161,5299,2615,2684
102000162,265,200,65
102000163,96,681,-585
102000164,1478,1529,-51
102000165,311,154,157
102000166,56,189,-133
102000167,347,297,50
102000168,321,131,190
102000169,140,818,-678
102000170,788,239,549
102000171,541,159,382
102000172,604,474,130
102000173,592,339,253
102000174,70,106,-36
102000175,164,169,-5
102000176,45,50,-5
102000178,362,679,-317
102000179,818,290,528
102000180,976,749,227
102000181,697,871,-174
102000182,690,735,-45
102000183,1985,2328,-343
102000184,2091,1086,1005
102000185,3046,1795,1251
102000186,1376,2706,-1330
102000187,1101,2244,-1143
102000188,1141,2023,-882
102000189,3796,1336,2460
102000190,872,3750,-2878
102000191,1677,742,935
102000192,1249,1527,-278
102000193,83,195,-112
102000194,105,155,-50
102000195,534,676,-142
102000196,295,570,-275
102000197,851,604,247
102000198,266,1064,-798
102000199,1124,481,643
102000200,414,1525,-1111
102000201,999,672,327
102000202,6,167,-161
102000203,488,346,142
102000204,525,1107,-582
102000205,1479,802,677
102000206,1404,1010,394
102000207,2397,581,1816
102000208,736,712,24
102000209,72,89,-17
102000210,445,585,-140
102000211,886,521,365
102000212,389,14,375
102000213,4,414,-410
102000214,261,21,240
102000215,6,617,-611
102000216,47,77,-30
102000217,21,231,-210
102000218,339,196,143
102000219,509,349,160
102000225,781,818,-37
102000226,5655,1819,3836
102000227,252,3,249
102000228,0,156,-156
102000229,32,56,-24
102000230,305,675,-370
102000231,386,540,-154
102000232,44,300,-256
102000233,519,1088,-569
102000234,154,1978,-1824
102000236,382,120,262
102000237,1044,185,859
102000238,223,358,-135
102000240,845,658,187
102000241,236,182,54
102000243,16,92,-76
102000245,32,121,-89
102000246,17,42,-25
102000247,430,1252,-822
102000248,197,516,-319
102000249,193,224,-31
102000250,87,554,-467
102000254,81,504,-423
102000266,81,269,-188
102000271,47,2,45
102000286,570,476,94
102000297,2387,1501,886
102000300,0,0,0
102000301,0,0,0
102000305,0,0,0
102000306,0,0,0
102000307,0,2,-2
102000308,0,0,0
102900001,1768,1182,586
102900002,406,44,362
102900003,64,262,-198
102900005,431,480,-49
102900006,566,293,273
102900007,577,57,520
102900008,243,136,107
102900009,756,343,413
102900010,1732,698,1034
102900011,2663,561,2102
102900012,436,106,330
102900013,24,82,-58
102900015,1249,684,565
102900016,88,128,-40
102900017,187,711,-524
102900018,31,149,-118
102900019,575,715,-140
102900020,163,53,110
102900021,20,114,-94
102900022,817,209,608
102900023,22,88,-66
102900024,38,91,-53
102900025,297,133,164
102900026,882,2160,-1278
102900027,89,120,-31
102900028,247,900,-653
102900029,191,221,-30
102900030,776,420,356
102900031,174,189,-15
102900032,127,136,-9
102900033,143,268,-125
102900034,542,168,374
102900035,212,459,-247
102900036,464,732,-268
102900037,337,862,-525
102900038,459,867,-408
102900039,46,582,-536
102900040,205,445,-240
102900041,134,303,-169
102900042,240,416,-176
102900043,223,323,-100
102900044,873,2770,-1897
102900045,151,774,-623
102900046,172,365,-193
102900047,88,773,-685
102900048,804,824,-20
102900049,132,520,-388
102900050,426,471,-45
102900051,291,271,20
102900052,58,43,15
102900053,625,887,-262
102900054,1302,1471,-169
102900055,181,247,-66
102900056,198,709,-511
102900057,14,76,-62
102900058,395,78,317
102900059,11,79,-68
102900060,156,562,-406
102900061,237,651,-414
102900062,262,1377,-1115
102900063,1321,571,750
102900064,266,731,-465
102900065,2291,970,1321
102900066,455,56,399
102900068,120,115,5
102900070,346,703,-357
102900072,15,61,-46
102900073,217,12,205
102900074,288,293,-5
102900075,44,48,-4
102900076,230,128,102
102900077,35,66,-31
102900078,41,125,-84
102900079,243,21,222
102900080,508,67,441
102900081,134,368,-234
102900082,16,271,-255
102900083,270,27,243
102900084,23,25,-2
102900085,451,164,287
102900086,14,74,-60
102900087,171,127,44
102900088,56,43,13
102900089,395,209,186
102900090,2,581,-579
102900091,256,5,251
102900092,527,1218,-691
102900093,310,378,-68
102900094,0,123,-123
102900095,118,8,110
102900096,50,22,28
102900097,13,167,-154
103000001,3049,3689,-640
103000002,3544,3551,-7
103000003,6216,3986,2230
103000004,1055,1139,-84
103000005,2264,3823,-1559
103000006,779,1874,-1095
103000007,539,977,-438
103000008,1556,1150,406
103000009,1573,1555,18
103000010,218,171,47
103000011,2389,2088,301
103000012,1795,1901,-106
103000013,7373,3105,4268
103000014,1826,3864,-2038
103000015,2774,1018,1756
103000016,604,1864,-1260
103000017,245,528,-283
103000018,1352,685,667
103000019,247,404,-157
103000020,3961,1947,2014
103000021,2759,2024,735
103000022,1330,1684,-354
103000023,823,2285,-1462
103000024,109,293,-184
103000025,101,770,-669
103000026,1938,180,1758
103000027,383,683,-300
103000028,612,484,128
103000029,407,316,91
103000030,2397,1097,1300
103000031,2013,2692,-679
103000032,2643,2564,79
103000033,3780,3592,188
103000034,2371,1705,666
103000035,544,2013,-1469
103000036,577,728,-151
103000037,649,627,22
103000038,610,1452,-842
103000039,474,597,-123
103000040,589,1652,-1063
103000041,2085,3700,-1615
103000042,1577,831,746
103000043,673,1533,-860
103000044,190,245,-55
103000046,317,648,-331
103000047,695,876,-181
103000048,198,269,-71
103000049,122,240,-118
103000050,951,810,141
103000051,731,706,25
103000052,1200,558,642
103000053,283,656,-373
103000054,3153,1840,1313
103000055,2383,2789,-406
103000056,717,2431,-1714
103000057,483,449,34
103000058,777,1140,-363
103000059,573,1155,-582
103000060,1434,850,584
103000061,539,1241,-702
103000062,1338,797,541
103000063,882,1129,-247
103000064,150,311,-161
103000065,6,577,-571
103000066,281,16,265
103000069,405,458,-53
103000070,1429,1173,256
103000071,1402,605,797
103000072,224,1173,-949
103000073,777,227,550
103000074,949,181,768
103000075,195,1118,-923
103000076,385,511,-126
103000077,39,576,-537
103000078,1506,815,691
103000079,1565,733,832
103000080,1416,499,917
103000081,623,1181,-558
103000082,575,277,298
103000083,161,449,-288
103000084,154,15,139
103000085,6,158,-152
103000086,1038,530,508
103000087,228,806,-578
103000088,428,406,22
103000089,334,679,-345
103000090,2511,923,1588
103000091,597,593,4
103000092,450,383,67
103000093,425,638,-213
103000094,231,172,59
103000095,79,502,-423
103000096,805,154,651
103000097,118,895,-777
103000098,1662,268,1394
103000099,698,806,-108
103000100,162,1110,-948
103000101,1406,255,1151
103000102,149,973,-824
103000103,922,268,654
103000104,68,190,-122
103000105,213,173,40
103000106,21,135,-114
103000107,361,76,285
103000108,859,733,126
103000109,406,455,-49
103000110,426,501,-75
103000111,824,567,257
103000112,483,201,282
103000113,1443,919,524
103000114,2866,549,2317
103000115,641,700,-59
103000116,648,622,26
103000117,361,600,-239
103000118,1338,1222,116
103000119,2118,755,1363
103000120,170,222,-52
103000121,329,722,-393
103000122,459,336,123
103000125,20,411,-391
103000126,628,12,616
103000127,2,230,-228
103000128,197,4,193
103000129,2,162,-160
103000130,68,30,38
103000131,155,105,50
103000132,143,161,-18
103000133,14,114,-100
103000134,667,1045,-378
103000135,1071,337,734
103000136,1015,562,453
103000137,770,807,-37
103000138,1024,988,36
103000139,4,110,-106
103000140,170,43,127
103000141,84,150,-66
103000142,167,109,58
103000143,104,283,-179
103000144,256,145,111
103000145,120,55,65
103000150,133,83,50
103000152,311,296,15
103000153,224,219,5
103000156,5,461,-456
103000157,462,4,458
103000159,245,71,174
103000162,67,18,49
103000163,8,17,-9
103000164,28,12,16
103000165,200,437,-237
103000166,251,369,-118
103000167,228,134,94
103000168,84,237,-153
103000169,240,622,-382
103000170,824,555,269
103000171,56,129,-73
103000172,720,1329,-609
103000173,538,760,-222
103000174,193,465,-272
103000175,266,509,-243
103000176,1095,664,431
103000177,988,717,271
103000178,405,452,-47
103000179,164,56,108
103000183,200,36,164
103000185,124,79,45
103000186,192,279,-87
103000187,684,692,-8
103000188,9,80,-71
103000189,1785,1265,520
103000191,761,912,-151
103000292,2859,2118,741
103000293,1407,2679,-1272
103000295,191,151,40
103000296,598,3,595
103000297,152,38,114
103000504,348,42,306
103000505,16,17,-1
103000506,3,275,-272
103000507,247,4,243
103000508,108,51,57
103000509,271,852,-581
103900001,3,405,-402
103900002,2125,275,1850
103900003,2783,208,2575
103900004,141,10,131
103900005,1,345,-344
103900006,0,1,-1
103900007,18,11,7
103900008,39,3,36
103900009,312,584,-272
103900010,261,449,-188
103900011,330,235,95
103900012,18,31,-13
103900013,49,101,-52
103900014,56,12,44
103900015,66,38,28
103900016,261,297,-36
103900017,44,98,-54
103900018,635,241,394
103900019,52,374,-322
103900020,291,642,-351
103900021,792,68,724
103900022,1227,776,451
103900023,165,4,161
103900024,161,713,-552
103900025,15,51,-36
103900026,34,4,30
103900027,843,461,382
103900028,19,394,-375
103900029,1278,117,1161
103900030,667,64,603
103900031,21,5,16
103900032,94,68,26
103900033,203,17,186
103900034,28,224,-196
103900035,80,75,5
103900036,43,40,3
103900037,139,76,63
103900038,110,191,-81
103900039,82,472,-390
103900040,11,245,-234
103900041,77,70,7
103900042,73,449,-376
103900043,199,143,56
103900044,209,325,-116
103900045,375,215,160
103900047,85,36,49
103900048,59,20,39
103900049,239,1684,-1445
103900050,18,144,-126
103900051,1,70,-69
103900052,217,611,-394
103900053,173,1078,-905
103900054,167,631,-464
103900055,638,299,339
103900056,75,49,26
103900057,46,253,-207
103900058,312,1113,-801
103900059,0,5,-5
103900060,60,309,-249
103900061,127,71,56
103900062,546,142,404
103900063,4,0,4
103900064,132,11,121
103900065,980,489,491
103900066,191,24,167
103900067,301,8,293
103900068,18,3,15
103900069,181,21,160
103900070,198,294,-96
103900071,20,145,-125
103900072,19,355,-336
103900073,44,47,-3
103900074,104,147,-43
103900075,140,107,33
103900076,453,992,-539
103900077,103,135,-32
103900078,312,169,143
103900079,210,340,-130
103900080,11,31,-20
103900081,192,59,133
103900082,12,182,-170
103900083,2378,1425,953
103900084,78,238,-160
103900085,85,158,-73
103900086,808,474,334
103900087,22,115,-93
103900088,434,543,-109
103900089,65,179,-114
103900090,34,303,-269
103900091,1321,412,909
103900092,1312,563,749
103900093,162,531,-369
103900094,19,190,-171
103900095,983,248,735
103900096,47,377,-330
103900097,15,681,-666
103900098,254,173,81
103900099,123,321,-198
103900100,292,503,-211
103900101,79,1460,-1381
103900102,2,54,-52
103900104,5,45,-40
103900105,93,230,-137
103900106,0,26,-26
103900107,114,348,-234
103900108,44,383,-339
103900109,102,96,6
103900110,419,66,353
103900111,101,938,-837
103900112,64,120,-56
103900113,155,273,-118
103900114,535,396,139
103900115,354,360,-6
103900116,6974,3014,3960
103900117,189,191,-2
103900119,53,60,-7
103900120,28,163,-135
103900122,114,325,-211
103900123,1842,787,1055
103900124,43,20,23
103900125,137,79,58
103900126,657,699,-42
103900127,171,800,-629
103900128,146,204,-58
103900131,28,117,-89
103900133,1395,52,1343
103900134,0,4,-4
103900135,14,9,5
103900137,0,66,-66
103900138,142,396,-254
103900139,261,2148,-1887
103900140,16,122,-106
103900141,352,115,237
103900142,269,184,85
103900143,120,5,115
103900144,0,71,-71
103900145,195,459,-264
103900146,434,453,-19
103900147,635,185,450
103900148,275,300,-25
103900149,318,940,-622
103900150,9656,5643,4013
103900151,67,238,-171
103900152,560,674,-114
103900153,37,8,29
103900154,1475,2310,-835
103900155,47,369,-322
103900156,36,226,-190
103900157,43,290,-247
103900158,127,228,-101
103900159,231,124,107
103900160,72,42,30
103900161,145,321,-176
103900162,70,355,-285
103900163,30,603,-573
103900164,250,40,210
103900167,26,123,-97
103900168,160,159,1
103900169,50,83,-33
103900170,4,183,-179
103900171,4,80,-76
103900172,6,33,-27
103900173,20,13,7
103900174,244,115,129
103900175,91,123,-32
103900176,19,46,-27
103900177,26,75,-49
103900178,67,66,1
103900179,86,196,-110
103900180,21,142,-121
103900181,82,64,18
103900182,27,37,-10
103900184,619,133,486
103900185,373,442,-69
103900187,37,72,-35
103900188,48,43,5
103900189,139,13,126
103900190,95,79,16
103900191,34,81,-47
103900192,39,183,-144
103900193,219,278,-59
103900194,92,474,-382
103900195,8,66,-58
103900196,42,61,-19
103900197,15,37,-22
103900198,19,85,-66
103900199,167,73,94
103900200,154,167,-13
103900201,143,228,-85
103900202,5,77,-72
103900203,85,35,50
103900204,5,126,-121
103900207,1,165,-164
103900208,127,0,127
103900209,19,149,-130
103900210,41,37,4
103900211,789,766,23
103900212,128,532,-404
103900213,115,330,-215
103900214,416,198,218
103900215,598,334,264
103900216,7,1033,-1026
103900217,520,87,433
103900218,1,417,-416
103900219,180,465,-285
103900233,200,6,194
103900235,62,26,36
103900236,45,6,39
103900242,6,25,-19
103900243,13,6,7
103900244,126,423,-297
103900245,165,242,-77
103900246,81,55,26
103900247,52,131,-79
103900248,8,47,-39
103900249,39,56,-17
103900250,56,31,25
103900251,6,30,-24
103900253,61,103,-42
103900254,16,27,-11
103900255,56,21,35
103900256,38,18,20
103900257,45,202,-157
103900258,52,6,46
103900259,258,8,250
103900261,13,13,0
103900262,71,21,50
103900263,66,155,-89
103900264,84,38,46
103900265,43,18,25
103900266,0,79,-79
103900267,2,49,-47
104000001,2650,2803,-153
104000002,2177,3976,-1799
104000003,3220,2990,230
104000004,4167,3844,323
104000005,1675,2661,-986
104000006,3625,3768,-143
104000007,5306,4951,355
104000008,436,467,-31
104000009,187,175,12
104000010,197,288,-91
104000011,833,459,374
104000012,218,572,-354
104000013,256,200,56
104000014,391,916,-525
104000015,393,212,181
104000016,686,595,91
104000018,915,241,674
104000019,655,247,408
104000020,168,918,-750
104000021,305,775,-470
104000022,183,338,-155
104000023,718,489,229
104000024,282,463,-181
104000026,61,513,-452
104000027,437,492,-55
104000028,469,332,137
104000029,468,608,-140
104000030,283,308,-25
104000031,1382,584,798
104000032,300,411,-111
104000033,692,623,69
104000034,397,440,-43
104000035,1088,548,540
104000036,1048,792,256
104000037,346,361,-15
104000038,380,366,14
104000039,231,344,-113
104000040,427,527,-100
104000041,647,484,163
104000042,251,490,-239
104000043,309,472,-163
104000044,295,811,-516
104000045,1439,1441,-2
104000046,1662,1975,-313
104000047,957,1450,-493
104000048,1283,2375,-1092
104000049,637,402,235
104000050,400,850,-450
104000051,141,765,-624
104000052,1639,2219,-580
104000053,1071,744,327
104000054,765,671,94
104000055,5424,3515,1909
104000056,1723,358,1365
104000057,198,682,-484
104000058,881,1089,-208
104000059,761,1380,-619
104000060,1413,1542,-129
104000061,1786,1498,288
104000062,431,207,224
104000064,596,400,196
104000065,266,774,-508
104000069,1466,1169,297
104000070,105,695,-590
104000071,173,602,-429
104000072,906,311,595
104000075,107,407,-300
104000076,661,239,422
104000082,2951,4128,-1177
104000083,1111,309,802
104000084,185,712,-527
104000085,303,394,-91
104000086,223,524,-301
104000087,535,2453,-1918
104000090,1187,1849,-662
104000092,1341,3385,-2044
104000094,1263,2520,-1257
104000095,2523,1990,533
104000096,2097,453,1644
104000097,2028,1290,738
104000098,2198,1570,628
104000100,1977,984,993
104000101,1493,2714,-1221
104000106,127,808,-681
104000107,774,567,207
104000108,361,831,-470
104000109,406,84,322
104000110,1144,1615,-471
104000111,6216,3550,2666
104000112,3312,752,2560
104000116,3,1535,-1532
104000117,157,1066,-909
104000118,687,344,343
104000119,771,329,442
104000120,249,1220,-971
104000121,232,1054,-822
104000122,654,1068,-414
104000123,1282,1424,-142
104000124,1363,3305,-1942
104000125,6048,5485,563
104000126,689,679,10
104000127,1992,4042,-2050
104000128,1000,657,343
104000129,89,1,88
104000130,3,325,-322
104000131,871,614,257
104000132,1058,849,209
104000133,1598,1225,373
104000134,1176,2374,-1198
104000135,497,2166,-1669
104000136,1012,5163,-4151
104000137,1829,538,1291
104000138,1511,562,949
104000139,9585,4098,5487
104000141,1472,1814,-342
104000142,780,1058,-278
104000143,744,752,-8
104000144,106,211,-105
104000145,476,280,196
104000146,368,749,-381
104000147,176,433,-257
104000148,418,222,196
104000149,279,453,-174
104000150,1420,568,852
104000151,634,735,-101
104000152,676,859,-183
104000153,656,683,-27
104000154,1279,932,347
104000155,406,636,-230
104000157,1324,1813,-489
104000158,477,507,-30
104000159,971,469,502
104000160,2129,2227,-98
104000161,277,245,32
104000162,74,150,-76
104000165,1513,1463,50
104000167,676,1124,-448
104000168,737,29,708
104000169,140,87,53
104000170,766,817,-51
104000248,517,999,-482
104000251,114,363,-249
104000272,0,0,0
104000273,0,0,0
104000274,0,0,0
104000275,0,0,0
104000279,949,618,331
104000290,241,411,-170
104000291,903,1411,-508
104000293,847,914,-67
104000294,38,1,37
104000295,875,1232,-357
104000296,503,1079,-576
104000297,932,2419,-1487
104000298,2374,1277,1097
104000299,756,2082,-1326
104900001,204,573,-369
104900002,81,244,-163
104900003,103,417,-314
104900004,171,422,-251
104900005,360,331,29
104900006,332,150,182
104900007,329,359,-30
104900009,189,467,-278
104900010,80,77,3
104900011,28,9,19
104900012,360,43,317
104900013,157,20,137
104900014,4217,518,3699
104900015,170,11,159
104900016,294,375,-81
104900017,228,242,-14
104900018,14,285,-271
104900019,542,3187,-2645
104900020,79,397,-318
104900021,3,319,-316
104900022,13,140,-127
104900023,1,177,-176
104900024,64,149,-85
104900025,72,350,-278
104900026,7,142,-135
104900027,570,380,190
104900028,32,136,-104
104900029,88,137,-49
104900030,589,305,284
104900031,144,260,-116
104900032,75,214,-139
104900033,205,336,-131
104900034,464,162,302
104900035,344,216,128
104900036,216,118,98
104900037,159,363,-204
104900038,831,1077,-246
104900039,1494,497,997
104900040,423,114,309
104900041,245,243,2
104900042,195,384,-189
104900043,17,145,-128
104900044,523,244,279
104900045,435,73,362
104900046,239,242,-3
104900047,342,170,172
104900048,276,104,172
104900049,46,25,21
104900050,330,192,138
104900051,362,68,294
104900052,115,5,110
104900053,584,149,435
104900054,196,123,73
104900055,149,1,148
104900056,170,22,148
104900057,83,1,82
104900058,1918,441,1477
104900059,84,51,33
104900060,1,669,-668
104900061,271,804,-533
104900063,1,127,-126
104900064,1,110,-109
104900065,0,228,-228
104900066,4,301,-297
104900067,7,370,-363
104900068,34,321,-287
104900070,266,383,-117
104900071,2,893,-891
104900072,117,340,-223
104900073,85,288,-203
104900074,87,330,-243
104900075,86,93,-7
104900076,130,409,-279
104900077,1571,269,1302
104900078,237,751,-514
104900079,178,538,-360
104900080,109,601,-492
104900082,8,494,-486
104900085,0,262,-262
104900087,381,6,375
104900089,187,0,187
104900090,967,758,209
104900091,611,1004,-393
104900093,346,724,-378
104900097,3866,2347,1519
104900098,132,56,76
104900099,241,799,-558
104900100,685,439,246
104900102,40,270,-230
104900103,695,128,567
104900104,4553,2321,2232
104900106,104,212,-108
104900107,137,361,-224
104900108,44,355,-311
104900109,122,530,-408
104900110,15,75,-60
104900111,162,167,-5
104900112,337,1021,-684
104900113,888,544,344
104900114,388,938,-550
104900115,843,638,205
104900116,210,343,-133
104900118,31,94,-63
104900119,3,53,-50
104900120,29,175,-146
104900121,3,162,-159
104900122,9,121,-112
104900123,86,11,75
104900124,44,0,44
104900125,660,5,655
104900126,138,96,42
104900127,56,108,-52
104900128,125,307,-182
104900129,3484,2678,806
105000001,2920,2099,821
105000002,3090,2433,657
105000003,4550,4682,-132
105000004,875,1634,-759
105000005,1174,1462,-288
105000006,1804,2000,-196
105000007,1716,1839,-123
105000008,2768,3020,-252
105000009,2328,3897,-1569
105000010,4326,3828,498
105000011,3749,3167,582
105000012,5471,4445,1026
105000013,1054,1342,-288
105000014,2045,2999,-954
105000015,13000,14706,-1706
105000016,5400,3188,2212
105000017,2753,1265,1488
105000018,2065,2093,-28
105000019,2190,1303,887
105000020,318,585,-267
105000021,526,177,349
105000022,379,108,271
105000023,817,408,409
105000028,76,169,-93
105000029,861,1514,-653
105000030,5981,4417,1564
105000033,1586,2810,-1224
105000034,253,1000,-747
105000037,1069,530,539
105000038,2547,2230,317
105000039,3802,2540,1262
105000040,1221,1359,-138
105000041,776,1918,-1142
105000042,4547,1634,2913
105000043,2440,3243,-803
105000044,1226,730,496
105000045,735,1557,-822
105000046,1288,662,626
105000047,684,1644,-960
105000048,798,297,501
105000049,331,943,-612
105000050,706,586,120
105000051,235,767,-532
105000052,621,1167,-546
105000053,211,215,-4
105000054,466,1373,-907
105000055,1203,507,696
105000056,1816,3425,-1609
105000057,1577,1212,365
105000058,1970,1892,78
105000059,1136,890,246
105000060,795,941,-146
105000061,762,818,-56
105000062,1082,1401,-319
105000063,481,797,-316
105000064,1586,1255,331
105000065,472,974,-502
105000066,1721,2617,-896
105000067,1762,1047,715
105000068,1039,1225,-186
105000069,3594,1908,1686
105000070,1236,1176,60
105000071,484,1118,-634
105000072,862,2146,-1284
105000073,1182,737,445
105000074,1588,1200,388
105000075,1032,952,80
105000076,1811,1388,423
105000077,3653,1249,2404
105000078,1997,1696,301
105000079,2254,3251,-997
105000080,2954,1950,1004
105000081,4491,1414,3077
105000082,1975,1445,530
105000083,5462,2675,2787
105000084,998,1400,-402
105000085,2112,1680,432
105000086,653,1287,-634
105000087,2625,2475,150
105000088,1993,2241,-248
105000089,4439,2709,1730
105000090,1357,1098,259
105000091,2307,2252,55
105000092,1210,1498,-288
105000093,503,300,203
105000094,407,372,35
105000095,142,589,-447
105000096,2121,1119,1002
105000097,1821,815,1006
105000098,1518,933,585
105000099,1698,1120,578
105000100,1554,1503,51
105000101,2425,2862,-437
105000102,2792,1946,846
105000103,2064,3160,-1096
105000104,2627,1239,1388
105000105,1439,3100,-1661
105000106,2116,3014,-898
105000107,1694,1685,9
105000108,1973,2690,-717
105000109,2103,2853,-750
105000110,824,1096,-272
105000111,766,822,-56
105000112,1345,1123,222
105000113,384,878,-494
105000114,4601,1535,3066
105000115,398,1224,-826
105000116,1001,673,328
105000117,1234,1439,-205
105000118,693,714,-21
105000119,920,1872,-952
105000120,1551,890,661
105000121,1402,1859,-457
105000122,411,815,-404
105000123,1608,1920,-312
105000124,2281,1157,1124
105000125,1202,2715,-1513
105000126,2670,2787,-117
105000127,3291,3002,289
105000128,575,1737,-1162
105000129,1158,451,707
105000130,526,2866,-2340
105000131,1466,608,858
105000132,1072,789,283
105000133,517,1495,-978
105000134,1134,720,414
105000135,553,848,-295
105000136,83,177,-94
105000137,280,410,-130
105000138,47,189,-142
105000139,1545,1417,128
105000140,252,635,-383
105000141,352,832,-480
105000142,180,580,-400
105000143,308,966,-658
105000144,433,1150,-717
105000145,807,607,200
105000146,730,1288,-558
105000147,683,529,154
105000148,1441,808,633
105000149,2999,2709,290
105000150,3033,2291,742
105000151,723,594,129
105000152,229,876,-647
105000153,795,866,-71
105000154,1052,991,61
105000155,619,1137,-518
105000156,1437,989,448
105000157,1327,2517,-1190
105000158,2747,1055,1692
105000159,326,1623,-1297
105000160,2170,814,1356
105000161,849,1793,-944
105000162,981,2423,-1442
105000163,1956,1449,507
105000164,273,423,-150
105000165,1994,6893,-4899
105000166,8709,975,7734
105000167,3546,1954,1592
105000168,439,1013,-574
105000169,557,536,21
105000170,288,1816,-1528
105000171,1703,438,1265
105000172,143,91,52
105000173,182,76,106
105000174,109,61,48
105000175,141,170,-29
105000176,458,255,203
105000177,422,265,157
105000178,198,796,-598
105000179,497,308,189
105000180,268,199,69
105000181,152,551,-399
105000182,81,89,-8
105000183,3454,2605,849
105000184,1907,1180,727
105000185,2104,1035,1069
105000186,818,1074,-256
105000187,1253,302,951
105000188,645,168,477
105000189,417,654,-237
105000190,446,516,-70
105000191,457,421,36
105000192,401,90,311
105000193,150,210,-60
105000194,286,95,191
105000195,421,1243,-822
105000196,43,188,-145
105000197,367,932,-565
105000198,800,514,286
105000199,427,566,-139
105000200,248,304,-56
105000201,176,42,134
105000203,13,182,-169
105000204,101,150,-49
105000205,88,222,-134
105000207,1028,349,679
105000208,384,700,-316
105000209,306,375,-69
105000212,1526,1999,-473
105000213,301,261,40
105000214,163,418,-255
105000215,331,324,7
105000216,186,485,-299
105000217,235,435,-200
105000218,1408,1342,66
105000221,253,304,-51
105000222,399,84,315
105000223,348,229,119
105000226,124,490,-366
105000227,77,261,-184
105000228,395,1864,-1469
105000229,236,527,-291
105000231,289,399,-110
105000233,1022,1037,-15
105000234,729,1761,-1032
105000235,562,723,-161
105000237,1065,134,931
105000243,31,288,-257
105000248,165,100,65
105000262,444,2094,-1650
105000269,190,299,-109
105000270,494,115,379
105000271,0,375,-375
105000282,165,96,69
105000287,503,162,341
105000288,652,663,-11
105000289,3719,1785,1934
105000290,27,9,18
105000402,6015,4372,1643
105000426,770,844,-74
105000438,4613,1485,3128
105000446,18995,7793,11202
105000447,11633,4711,6922
105000454,433,614,-181
105000455,441,259,182
105000474,32,8,24
105000477,393,603,-210
105000478,2302,4706,-2404
105000479,234,170,64
105000480,9245,5246,3999
105000481,5111,3761,1350
105000482,8639,7374,1265
105000483,1848,2187,-339
105000484,3414,3792,-378
105000485,2301,2784,-483
105000486,6647,3571,3076
105000488,11988,7374,4614
105000489,1166,1125,41
105000549,124,188,-64
105000550,861,2038,-1177
105000551,47,137,-90
105000552,3993,2522,1471
105900001,10,1531,-1521
105900002,1736,867,869
105900003,20,125,-105
105900004,390,159,231
105900005,5,352,-347
105900006,32,106,-74
105900007,187,28,159
105900008,82,853,-771
105900009,36,20,16
105900011,371,47,324
105900012,880,162,718
105900013,15,55,-40
105900014,21,108,-87
105900015,235,465,-230
105900016,681,854,-173
105900017,1536,72,1464
105900018,221,321,-100
105900019,112,744,-632
105900020,58,80,-22
105900021,47,378,-331
105900022,412,384,28
105900023,20,166,-146
105900024,34,192,-158
105900025,220,67,153
105900026,493,42,451
105900027,8381,13969,-5588
105900028,300,308,-8
105900029,2563,602,1961
105900030,381,365,16
105900031,526,255,271
105900032,102,188,-86
105900033,153,174,-21
105900034,300,316,-16
105900035,432,260,172
105900036,76,160,-84
105900037,86,82,4
105900038,160,416,-256
105900039,147,182,-35
105900040,117,151,-34
105900041,236,423,-187
105900042,61,161,-100
105900043,2393,78,2315
105900044,3,350,-347
105900045,27,1162,-1135
105900046,5,320,-315
105900047,13,61,-48
105900048,129,858,-729
105900050,11276,2248,9028
105900051,22,1675,-1653
105900052,813,565,248
105900053,5096,3185,1911
105900054,480,337,143
105900056,922,529,393
105900057,55,183,-128
105900058,11,25,-14
105900059,1,46,-45
106000001,6053,3226,2827
106000002,3650,7016,-3366
106000003,3895,4592,-697
106000004,2648,3779,-1131
106000005,3595,7588,-3993
106000006,7987,6580,1407
106000007,613,695,-82
106000008,570,418,152
106000009,597,483,114
106000010,732,884,-152
106000011,1219,1563,-344
106000012,1331,2227,-896
106000013,2110,2687,-577
106000014,2551,2396,155
106000015,1694,1588,106
106000016,1696,3323,-1627
106000017,846,857,-11
106000018,863,775,88
106000019,363,530,-167
106000020,367,534,-167
106000021,306,515,-209
106000022,517,387,130
106000023,765,395,370
106000024,798,876,-78
106000025,142,236,-94
106000026,135,261,-126
106000027,1411,1811,-400
106000028,748,799,-51
106000029,1234,1536,-302
106000030,992,504,488
106000034,414,888,-474
106000035,1342,2163,-821
106000036,314,652,-338
106000037,2793,2098,695
106000038,638,180,458
106000039,231,112,119
106000040,223,1077,-854
106000041,903,666,237
106000043,757,246,511
106000046,433,61,372
106000047,63,574,-511
106000049,961,193,768
106000050,376,1065,-689
106000051,619,508,111
106000052,126,1041,-915
106000053,407,170,237
106000054,464,774,-310
106000055,1212,1454,-242
106000056,340,717,-377
106000057,297,352,-55
106000058,200,319,-119
106000059,379,294,85
106000060,539,769,-230
106000061,226,656,-430
106000062,179,827,-648
106000063,723,696,27
106000064,73,524,-451
106000065,494,323,171
106000066,144,474,-330
106000067,394,159,235
106000068,68,844,-776
106000069,243,86,157
106000070,541,1132,-591
106000071,1141,434,707
106000072,5132,2135,2997
106000073,2439,3692,-1253
106000074,593,977,-384
106000075,419,1844,-1425
106000076,2218,2958,-740
106000077,4823,1815,3008
106000078,1147,1292,-145
106000079,753,1392,-639
106000080,1762,1002,760
106000081,846,1599,-753
106000082,3093,1265,1828
106000083,469,2031,-1562
106000084,1271,896,375
106000085,1884,1997,-113
106000086,836,1228,-392
106000087,1035,805,230
106000088,525,1117,-592
106000089,1254,531,723
106000090,358,836,-478
106000091,321,857,-536
106000092,811,450,361
106000093,341,148,193
106000094,156,414,-258
106000095,792,1293,-501
106000096,1040,970,70
106000097,1184,1385,-201
106000098,897,1322,-425
106000099,278,1074,-796
106000100,1266,380,886
106000101,1312,312,1000
106000102,208,843,-635
106000103,313,683,-370
106000104,857,533,324
106000105,490,895,-405
106000106,668,595,73
106000107,131,420,-289
106000108,226,322,-96
106000109,163,378,-215
106000110,256,347,-91
106000111,193,509,-316
106000112,218,508,-290
106000113,881,755,126
106000114,567,599,-32
106000115,255,685,-430
106000116,246,244,2
106000117,1397,1113,284
106000118,1604,1760,-156
106000119,2489,1863,626
106000120,1132,1474,-342
106000121,209,227,-18
106000122,110,394,-284
106000123,378,259,119
106000124,37,367,-330
106000125,17,399,-382
106000126,322,150,172
106000127,1025,1238,-213
106000128,848,262,586
106000129,638,795,-157
106000130,814,418,396
106000131,132,983,-851
106000132,715,194,521
106000133,3309,1576,1733
106000134,867,2035,-1168
106000135,296,897,-601
106000136,738,970,-232
106000137,103,1237,-1134
106000138,1346,100,1246
106000139,71,159,-88
106000140,45,97,-52
106000141,90,135,-45
106000142,129,110,19
106000143,133,118,15
106000144,43,113,-70
106000145,308,429,-121
106000146,443,257,186
106000147,698,760,-62
106000148,885,1181,-296
106000149,845,533,312
106000150,606,2616,-2010
106000151,5739,1052,4687
106000152,1909,2256,-347
106000153,120,2054,-1934
106000154,1554,292,1262
106000155,81,272,-191
106000156,1093,456,637
106000157,865,2656,-1791
106000158,3559,1239,2320
106000159,5061,2304,2757
106000160,461,3650,-3189
106000161,2102,625,1477
106000162,284,1180,-896
106000163,458,619,-161
106000164,445,484,-39
106000165,281,779,-498
106000166,959,415,544
106000167,500,1678,-1178
106000168,479,358,121
106000169,295,944,-649
106000170,810,314,496
106000171,271,1552,-1281
106000172,3632,1553,2079
106000173,1372,3619,-2247
106000174,1425,458,967
106000175,412,1302,-890
106000176,2149,1120,1029
106000177,1055,3524,-2469
106000178,4516,2206,2310
106000179,1683,3405,-1722
106000180,1133,2029,-896
106000181,1009,2462,-1453
106000182,1289,1036,253
106000183,1507,973,534
106000184,3339,1060,2279
106000185,2154,1557,597
106000186,1280,277,1003
106000187,387,1571,-1184
106000188,0,0,0
106000189,20,77,-57
106000190,16,0,16
106000191,747,269,478
106000192,10,45,-35
106000193,508,312,196
106000194,250,581,-331
106000195,1131,264,867
106000196,333,683,-350
106000197,637,498,139
106000198,221,397,-176
106000199,1177,1273,-96
106000200,463,279,184
106000201,632,3865,-3233
106000202,6718,886,5832
106000203,126,288,-162
106000204,106,7,99
106000205,48,188,-140
106000206,169,45,124
106000207,42,1112,-1070
106000208,1465,217,1248
106000209,1790,397,1393
106000210,436,1549,-1113
106000211,495,1780,-1285
106000212,926,418,508
106000213,1135,1946,-811
106000214,3525,779,2746
106000215,350,654,-304
106000216,399,468,-69
106000217,330,590,-260
106000218,609,548,61
106000219,116,376,-260
106000220,412,296,116
106000221,136,343,-207
106000222,61,113,-52
106000223,254,148,106
106000224,203,302,-99
106000225,85,119,-34
106000226,192,412,-220
106000228,54,129,-75
106000229,136,834,-698
106000231,1034,177,857
106000232,76,476,-400
106000233,767,126,641
106000234,120,220,-100
106000235,476,122,354
106000236,181,65,116
106000237,3,15,-12
106000238,28,20,8
106000239,3,134,-131
106000240,84,13,71
106000241,20,879,-859
106000242,362,44,318
106000249,65,132,-67
106000250,79,864,-785
106000251,117,41,76
106000252,53,160,-107
106000253,64,73,-9
106000254,44,84,-40
106000255,29,263,-234
106000256,88,76,12
106000257,211,356,-145
106000258,265,24,241
106000259,3,60,-57
106000260,21,8,13
106000261,1,65,-64
106000262,96,16,80
106000263,7,86,-79
106000264,271,8,263
106000265,7,219,-212
106000266,171,32,139
106000267,4,151,-147
106000268,636,56,580
106000269,84,72,12
106000270,230,729,-499
106000271,134,273,-139
106000272,201,73,128
106000273,12,333,-321
106000274,253,65,188
106000275,197,397,-200
106000276,295,74,221
106000277,207,284,-77
106000278,322,65,257
106000279,10,64,-54
106000280,88,170,-82
106000281,84,84,0
106000282,69,77,-8
106000283,154,73,81
106000284,115,138,-23
106000285,145,132,13
106000286,114,216,-102
106000287,123,96,27
106000288,163,220,-57
106000289,85,92,-7
106000290,72,140,-68
106000291,84,134,-50
106000292,97,167,-70
106000293,158,156,2
106000294,158,187,-29
106000295,80,68,12
106000296,103,137,-34
106000297,73,257,-184
106000298,183,95,88
106000299,46,152,-106
106000300,62,127,-65
106000301,55,132,-77
106000303,43,87,-44
106000304,55,25,30
106000305,39,50,-11
106000306,34,56,-22
106000307,52,34,18
106000308,29,171,-142
106000309,30,81,-51
106000310,393,756,-363
106000311,412,237,175
106000312,96,242,-146
106000313,169,300,-131
106000318,182,545,-363
106000319,1161,194,967
106000320,4,69,-65
106000321,447,107,340
106000322,135,225,-90
106000324,16,181,-165
106000325,1947,1195,752
106000326,1479,2873,-1394
106000327,152,127,25
106000328,24,145,-121
106000329,70,466,-396
106000330,58,97,-39
106000428,71,182,-111
106000429,163,505,-342
106000430,405,1643,-1238
106000431,2279,389,1890
106000432,2398,3775,-1377
106000433,2491,1394,1097
106000434,4096,1861,2235
106000435,2631,3651,-1020
106000436,21,422,-401
106000437,412,48,364
106000438,797,244,553
106000439,153,637,-484
106000440,281,583,-302
106000441,3,2,1
106000442,232,8,224
106000443,185,477,-292
106000450,3,263,-260
106000451,30,67,-37
106000454,6,136,-130
106000455,12,228,-216
106000456,150,42,108
106000457,27,1400,-1373
106000458,742,261,481
106000459,157,517,-360
106000460,1679,49,1630
106000461,146,2027,-1881
106000462,0,23,-23
106000463,2,45,-43
106000464,3,639,-636
106000465,610,5,605
106000466,11,971,-960
106000467,474,797,-323
106000468,83,230,-147
106000469,367,15,352
106000470,323,2340,-2017
106000471,47,849,-802
106000472,219,23,196
106000473,58,22,36
106000474,473,690,-217
106000475,308,198,110
106000476,158,192,-34
106000477,30,55,-25
106900001,0,22,-22
106900002,4,729,-725
106900003,357,1173,-816
106900004,3,73,-70
106900006,0,9,-9
106900007,0,19,-19
106900008,411,381,30
106900009,487,480,7
106900010,368,448,-80
106900012,2775,2649,126
106900013,721,203,518
106900014,29,8,21
106900015,30,4,26
106900016,326,12,314
106900017,16,1,15
106900018,5,0,5
106900019,59,0,59
106900020,3450,1892,1558
106900021,117,50,67
106900022,816,0,816
106900023,43,361,-318
106900024,717,32,685
106900025,105,932,-827
106900026,5,935,-930
106900027,928,8,920
107000001,5182,4018,1164
107000002,5683,6698,-1015
107000003,6727,7926,-1199
107000004,8618,7675,943
107000005,4736,6671,-1935
107000006,5753,7709,-1956
107000007,6832,13095,-6263
107000008,17679,13960,3719
107000009,8193,8926,-733
107000010,15188,15841,-653
107000011,1451,2060,-609
107000012,5905,5122,783
107000013,81,156,-75
107000014,46,308,-262
107000015,483,1059,-576
107000016,744,1279,-535
107000017,5787,1392,4395
107000018,40,626,-586
107000020,3604,709,2895
107000021,1707,709,998
107000022,1307,1473,-166
107000023,2147,443,1704
107000024,682,2146,-1464
107000025,220,545,-325
107000026,228,759,-531
107000027,1696,1454,242
107000028,1578,2166,-588
107000029,3284,2924,360
107000030,3792,4481,-689
107000031,4587,3314,1273
107000032,845,1325,-480
107000033,4791,7142,-2351
107000034,5408,2848,2560
107000035,428,382,46
107000036,556,1741,-1185
107000037,75,1132,-1057
107000038,268,367,-99
107000039,1017,883,134
107000040,196,533,-337
107000041,2362,1063,1299
107000042,1155,2475,-1320
107000043,3239,1362,1877
107000044,688,385,303
107000045,176,360,-184
107000046,945,507,438
107000047,562,1112,-550
107000048,862,385,477
107000049,797,1059,-262
107000050,1338,633,705
107000051,618,532,86
107000052,1543,1248,295
107000053,631,291,340
107000054,59,343,-284
107000055,228,138,90
107000056,513,1124,-611
107000057,1538,294,1244
107000058,2594,3105,-511
107000059,3355,5293,-1938
107000060,4975,7097,-2122
107000061,7368,5484,1884
107000062,4952,3750,1202
107000063,6116,7907,-1791
107000064,5839,2991,2848
107000065,5950,6706,-756
107000066,2752,3639,-887
107000067,1378,1367,11
107000068,2094,838,1256
107000069,1030,645,385
107000070,1004,7,997
107000071,3933,64,3869
107000072,77,4514,-4437
107000073,813,448,365
107000074,239,1422,-1183
107000075,2074,706,1368
107000076,1012,2294,-1282
107000077,3980,1622,2358
107000078,3455,4835,-1380
107000079,3137,1233,1904
107000080,1705,4618,-2913
107000081,1989,881,1108
107000082,786,2801,-2015
107000083,1709,614,1095
107000084,714,2909,-2195
107000085,3616,4473,-857
107000086,4758,4984,-226
107000087,3215,2916,299
107000088,3961,5247,-1286
107000089,1493,2619,-1126
107000090,1351,1669,-318
107000091,1459,1098,361
107000092,1075,1613,-538
107000093,1432,1011,421
107000094,1512,1704,-192
107000095,793,680,113
107000096,828,1254,-426
107000097,762,315,447
107000098,539,609,-70
107000099,630,452,178
107000100,546,315,231
107000101,119,232,-113
107000102,517,498,19
107000103,456,248,208
107000104,351,408,-57
107000105,379,151,228
107000106,267,411,-144
107000107,647,301,346
107000108,376,753,-377
107000109,712,217,495
107000110,73,668,-595
107000111,288,48,240
107000112,61,508,-447
107000113,769,149,620
107000114,146,721,-575
107000115,529,176,353
107000116,146,1101,-955
107000117,177,586,-409
107000118,178,316,-138
107000119,2015,1947,68
107000120,1952,743,1209
107000121,948,993,-45
107000122,1435,1555,-120
107000123,584,830,-246
107000124,954,1381,-427
107000125,765,820,-55
107000126,706,898,-192
107000127,50,413,-363
107000129,1048,246,802
107000130,939,323,616
107000131,681,483,198
107000132,1019,485,534
107000133,1294,123,1171
107000134,415,10,405
107000135,6,357,-351
107000136,1136,7,1129
107000137,11,460,-449
107000138,521,42,479
107000139,33,630,-597
107000140,1989,166,1823
107000141,142,1048,-906
107000142,627,147,480
107000143,107,1191,-1084
107000144,664,759,-95
107000145,200,814,-614
107000146,232,590,-358
107000147,3899,1053,2846
107000150,1249,3824,-2575
107000151,84,188,-104
107000152,762,1270,-508
107000153,321,675,-354
107000154,305,268,37
107000155,1400,41,1359
107000156,1357,49,1308
107000157,54,2446,-2392
107000158,654,29,625
107000159,42,1214,-1172
107000160,1154,174,980
107000161,114,2175,-2061
107000162,305,649,-344
107000163,200,3,197
107000164,703,2,701
107000165,1204,10,1194
107000166,90,1591,-1501
107000167,645,283,362
107000168,997,619,378
107000169,949,1175,-226
107000170,2769,1085,1684
107000171,923,3090,-2167
107000172,1323,1943,-620
107000173,1008,1609,-601
107000174,1335,6254,-4919
107000175,10412,2546,7866
107000176,1,0,1
107000177,13,3,10
107000178,18,53,-35
107000179,373,3370,-2997
107000180,1481,462,1019
107000181,490,1563,-1073
107000182,1894,1301,593
107000183,165,1334,-1169
107000184,1092,883,209
107000185,780,2207,-1427
107000186,1874,568,1306
107000187,1517,1726,-209
107000188,722,821,-99
107000189,514,1527,-1013
107000190,766,1037,-271
107000191,776,1350,-574
107000192,2071,1256,815
107000193,490,701,-211
107000194,1251,1120,131
107000197,1222,389,833
107000198,395,951,-556
107000199,827,1214,-387
107000200,1104,1074,30
107000201,505,292,213
107000202,324,747,-423
107000203,1470,872,598
107000204,2635,823,1812
107000205,2893,1442,1451
107000206,1389,1663,-274
107000207,1123,1486,-363
107000208,1690,651,1039
107000209,3470,1749,1721
107000210,1224,502,722
107000211,18,42,-24
107000212,17,571,-554
107000213,11,48,-37
107000214,21,308,-287
107000215,678,570,108
107000216,588,533,55
107000217,211,211,0
107000219,99,202,-103
107000220,265,320,-55
107000222,328,1048,-720
107000224,507,111,396
107000225,226,756,-530
107000226,475,128,347
107000227,128,407,-279
107000228,83,306,-223
107000229,268,183,85
107000230,1481,634,847
107000231,2304,1589,715
107000232,127,66,61
107000233,1941,1070,871
107000234,0,55,-55
107000235,56,8,48
107000236,18,819,-801
107000237,13,5,8
107000238,38,1,37
107000239,4977,840,4137
107000240,47,1251,-1204
107000241,159,37,122
107000242,709,74,635
107000243,0,86,-86
107000244,13,90,-77
107000246,10,1518,-1508
107000249,7,1304,-1297
107000251,1,343,-342
107000252,6,1472,-1466
107000255,601,168,433
107000257,7,610,-603
107000258,1,201,-200
107000259,5,338,-333
107000260,701,14,687
107000262,16,769,-753
107000263,286,9,277
107000266,6,6,0
107000267,73,201,-128
107000268,180,230,-50
107000269,1273,78,1195
107000270,4,30,-26
107000271,16,973,-957
107000272,26,185,-159
107000273,4,265,-261
107000274,2889,308,2581
107000275,140,985,-845
107000280,891,47,844
107000281,47,1039,-992
107000282,25,1287,-1262
107000290,1,24,-23
107000291,28,9,19
107000292,3,35,-32
107000293,109,3,106
107000294,0,53,-53
107000295,21,4,17
107000296,0,18,-18
107000444,411,13,398
107000496,0,32,-32
107000497,2091,3571,-1480
107000500,519,403,116
107000501,149,228,-79
107000502,277,482,-205
107000505,623,1032,-409
107000506,7,59,-52
107000508,8,838,-830
107000509,313,1205,-892
107000510,36,32,4
107000514,88,368,-280
107000515,22,298,-276
107000516,339,462,-123
107000518,1146,1602,-456
107000519,3436,1386,2050
107000520,88,27,61
107900001,76,187,-111
107900002,96,10,86
107900003,327,14,313
107900004,95,2,93
107900005,1589,6,1583
107900006,290,5,285
107900007,517,52,465
107900008,107,49,58
107900009,241,14,227
107900010,13,1,12
107900012,493,19,474
107900013,284,57,227
107900014,53,4,49
107900015,1160,17,1143
107900016,615,118,497
107900017,30,1,29
107900018,94,191,-97
107900019,17,70,-53
107900020,137,12,125
107900021,73,203,-130
107900023,4,0,4
107900024,1,33,-32
107900025,219,388,-169
107900026,68,113,-45
107900027,97,95,2
107900028,72,104,-32
107900030,168,22,146
107900031,99,185,-86
107900032,27,4,23
107900033,41,11,30
107900034,489,28,461
107900035,991,86,905
107900036,70,24,46
107900037,0,90,-90
107900038,200,322,-122
107900039,42,88,-46
107900040,285,153,132
107900041,3,0,3
107900043,31,178,-147
107900044,12,5,7
107900045,94,63,31
107900046,221,238,-17
107900047,48,131,-83
107900048,193,13,180
107900049,390,2120,-1730
107900050,132,488,-356
107900051,116,94,22
107900052,15,29,-14
107900053,46,148,-102
107900055,1163,410,753
107900056,144,51,93
107900057,2,0,2
107900058,39,877,-838
107900060,29,54,-25
107900061,36,2,34
107900063,109,137,-28
107900064,584,149,435
107900065,305,22,283
107900066,15,9,6
107900067,1,0,1
107900068,326,403,-77
107900069,50,2340,-2290
107900070,193,78,115
107900071,53,1175,-1122
107900072,110,278,-168
107900073,184,138,46
107900074,1091,317,774
107900076,149,89,60
107900077,33,0,33
107900078,306,47,259
107900079,5,26,-21
107900080,373,433,-60
107900081,25,153,-128
107900082,31,27,4
107900083,721,223,498
107900084,151,178,-27
107900086,20,199,-179
107900087,1020,122,898
107900088,35,22,13
107900089,383,1507,-1124
107900090,730,3128,-2398
107900091,325,572,-247
107900092,2906,706,2200
107900093,85,124,-39
107900095,4457,2699,1758
107900097,77,110,-33
107900098,84,209,-125
107900100,1330,1580,-250
107900101,1623,291,1332
107900102,21,9,12
107900103,105,206,-101
107900104,277,15,262
107900105,0,574,-574
107900106,0,1472,-1472
107900107,1502,678,824
107900108,464,156,308
107900109,1408,32,1376
107900110,58,108,-50
107900111,5,1288,-1283
107900112,109,546,-437
107900113,305,159,146
107900114,213,222,-9
107900115,5,57,-52
107900116,170,213,-43
107900117,736,659,77
107900118,107,231,-124
107900119,95,382,-287
107900120,37,24,13
107900121,4,253,-249
107900122,5,82,-77
107900123,8,47,-39
107900124,31,48,-17
107900125,37,306,-269
107900126,20,61,-41
107900127,650,325,325
107900128,138,103,35
107900129,51,35,16
107900130,97,47,50
107900131,1021,278,743
107900132,161,551,-390
107900133,1,129,-128
107900134,27,59,-32
107900135,5,293,-288
107900136,65,55,10
107900137,163,183,-20
107900138,57,49,8
107900139,45,97,-52
107900140,110,111,-1
107900141,64,79,-15
107900142,140,1377,-1237
107900143,75,49,26
107900144,1,204,-203
107900145,10,148,-138
107900146,56,219,-163
107900147,60,48,12
107900148,244,210,34
107900149,1742,364,1378
107900150,131,1069,-938
107900151,29,174,-145
107900152,14,341,-327
107900153,166,475,-309
107900154,48,24,24
107900155,88,81,7
107900156,6,374,-368
107900157,52,70,-18
107900158,986,46,940
107900159,48,1486,-1438
107900160,81,187,-106
107900161,17,230,-213
107900162,0,187,-187
107900163,253,37,216
107900164,14,53,-39
107900165,33,131,-98
107900166,22,258,-236
107900167,32,20,12
107900168,38,51,-13
107900169,3,221,-218
107900171,39,2211,-2172
107900172,3,432,-429
107900173,16,248,-232
107900174,149,1,148
107900175,17,22,-5
107900176,45,55,-10
107900177,1,212,-211
107900178,0,236,-236
107900179,38,194,-156
107900180,1078,653,425
107900181,455,361,94
107900182,7,1563,-1556
107900183,50,397,-347
107900184,136,406,-270
107900185,97,4,93
107900186,35,57,-22
107900187,2,186,-184
107900188,942,219,723
107900189,31,160,-129
107900190,105,132,-27
107900191,74,198,-124
107900193,15,86,-71
107900194,388,4,384
107900195,4418,754,3664
107900196,35,123,-88
107900197,1356,412,944
107900199,2,1200,-1198
107900201,84,145,-61
107900203,113,152,-39
107900204,215,405,-190
107900205,304,665,-361
107900206,1377,247,1130
107900207,5,913,-908
107900208,11,803,-792
107900209,476,208,268
107900210,129,151,-22
107900213,1276,937,339
107900214,15,147,-132
107900215,259,412,-153
107900216,213,116,97
107900217,57,116,-59
107900218,17,1665,-1648
107900219,59,164,-105
107900220,343,330,13
107900221,252,245,7
107900223,124,784,-660
107900224,192,470,-278
107900225,14,943,-929
107900226,149,205,-56
107900227,212,646,-434
107900228,46,106,-60
107900229,8,344,-336
107900230,14,178,-164
107900231,10,291,-281
107900232,48,228,-180
107900233,11,221,-210
107900234,107,182,-75
107900235,31,137,-106
107900236,117,113,4
107900237,92,592,-500
107900238,36,166,-130
107900239,1268,545,723
107900240,26,171,-145
107900241,20,146,-126
107900242,33,365,-332
107900243,3,93,-90
107900244,271,4,267
107900245,709,36,673
107900246,275,16,259
107900248,530,690,-160
107900249,791,41,750
107900250,1,878,-877
107900251,67,2090,-2023
107900252,1372,22,1350
107900253,238,14,224
107900254,106,538,-432
107900255,510,114,396
107900256,2166,505,1661
107900257,280,174,106
107900258,142,348,-206
107900259,152,2464,-2312
107900261,6,590,-584
107900262,43,179,-136
107900264,364,10,354
107900265,186,234,-48
107900267,249,22,227
107900268,48,7,41
107900269,0,5,-5
107900270,2,2,0
107900271,1,28,-27
107900272,174,27,147
107900273,33,121,-88
107900274,62,0,62
107900275,44,0,44
107900276,1,117,-116
107900277,0,275,-275
107900278,359,503,-144
107900279,167,220,-53
107900280,2361,3163,-802
107900281,3187,3195,-8
107900282,93,631,-538
107900283,2021,714,1307
107900284,625,963,-338
107900285,110,170,-60
107900286,165,114,51
107900287,192,268,-76
107900290,0,113,-113
107900291,498,12,486
107900292,126,300,-174
107900293,118,589,-471
107900295,75,98,-23
107900297,0,477,-477
107900298,1238,1037,201
107900299,4130,3226,904
107900300,84,375,-291
107900301,735,643,92
107900302,125,58,67
107900303,250,522,-272
107900304,302,640,-338
107900305,356,27,329
107900306,12,14,-2
107900307,55,259,-204
107900308,135,115,20
107900309,223,4,219
107900310,464,4,460
107900311,2,219,-217
107900312,173,2,171
107900313,3,165,-162
107900314,0,66,-66
107900315,2,106,-104
107900316,94,2,92
107900317,147,18,129
107900318,10,211,-201
107900319,13,354,-341
107900320,0,212,-212
107900321,166,5,161
107900322,1,119,-118
107900323,10,224,-214
107900324,201,2,199
107900325,112,0,112
107900326,416,477,-61
107900327,1,76,-75
107900328,287,2,285
107900329,278,106,172
107900330,14,721,-707
107900331,225,21,204
107900332,373,43,330
107900333,106,23,83
107900334,16,267,-251
107900335,66,86,-20
107900336,43,60,-17
107900337,1984,1229,755
107900338,3,249,-246
107900339,1,45,-44
107900340,2,74,-72
107900341,54,1,53
107900342,154,84,70
107900343,230,4,226
107900344,1,88,-87
107900345,177,64,113
107900346,34,3,31
107900347,40,2,38
107900348,7,2,5
107900349,17,15,2
107900350,39,355,-316
108000001,3298,4688,-1390
108000002,2886,4049,-1163
108000003,4919,3730,1189
108000004,19680,22933,-3253
108000005,9766,6574,3192
108000006,11177,10579,598
108000007,5775,5030,745
108000008,6702,8810,-2108
108000009,4095,5557,-1462
108000010,4204,7017,-2813
108000011,14051,14173,-122
108000012,24579,23713,866
108000014,844,723,121
108000015,811,413,398
108000016,385,718,-333
108000017,1308,528,780
108000018,2204,700,1504
108000019,2590,1067,1523
108000020,1597,671,926
108000021,520,2226,-1706
108000022,610,1883,-1273
108000023,1465,271,1194
108000024,334,772,-438
108000025,355,365,-10
108000026,616,629,-13
108000027,811,642,169
108000028,624,371,253
108000029,550,669,-119
108000030,1154,341,813
108000031,570,882,-312
108000032,1568,885,683
108000033,853,1593,-740
108000034,1932,537,1395
108000035,1187,3519,-2332
108000036,423,1576,-1153
108000037,1919,537,1382
108000038,2819,651,2168
108000039,731,3135,-2404
108000040,2244,1078,1166
108000041,917,3623,-2706
108000042,211,295,-84
108000043,231,448,-217
108000044,475,228,247
108000045,294,910,-616
108000046,1703,445,1258
108000047,564,1503,-939
108000048,240,590,-350
108000049,945,367,578
108000050,152,607,-455
108000051,300,182,118
108000052,336,987,-651
108000053,434,231,203
108000054,736,1459,-723
108000055,1508,594,914
108000056,1370,1468,-98
108000057,890,1344,-454
108000058,2273,4416,-2143
108000059,4207,2616,1591
108000060,222,463,-241
108000061,239,415,-176
108000062,814,675,139
108000063,561,787,-226
108000064,221,311,-90
108000065,807,854,-47
108000066,2185,1116,1069
108000067,2025,712,1313
108000068,843,517,326
108000069,305,1469,-1164
108000070,1939,864,1075
108000071,932,2157,-1225
108000072,1918,1363,555
108000073,2019,2718,-699
108000074,631,468,163
108000075,474,1153,-679
108000076,903,694,209
108000077,799,1009,-210
108000078,2500,1712,788
108000079,1060,2489,-1429
108000080,1227,751,476
108000081,658,2744,-2086
108000082,1415,2797,-1382
108000083,2374,1363,1011
108000084,473,1850,-1377
108000085,850,543,307
108000086,1078,1169,-91
108000087,156,2339,-2183
108000088,217,18,199
108000089,540,479,61
108000090,503,222,281
108000091,294,641,-347
108000092,220,190,30
108000093,207,989,-782
108000094,716,124,592
108000095,152,674,-522
108000096,299,206,93
108000097,173,673,-500
108000098,1675,1990,-315
108000099,321,111,210
108000100,86,273,-187
108000101,1243,1675,-432
108000102,1671,3330,-1659
108000106,964,0,964
108000107,2,943,-941
108000108,677,57,620
108000109,6,937,-931
108000110,223,441,-218
108000111,210,1074,-864
108000112,65,182,-117
108000113,730,409,321
108000115,593,434,159
108000117,1123,534,589
108000118,134,207,-73
108000119,923,531,392
108000120,181,901,-720
108000121,226,689,-463
108000122,561,478,83
108000123,738,331,407
108000124,349,812,-463
108000125,386,396,-10
108000126,243,576,-333
108000127,548,433,115
108000128,778,725,53
108000129,313,1522,-1209
108000130,388,287,101
108000131,984,551,433
108000132,2676,2148,528
108000133,1059,590,469
108000134,711,779,-68
108000135,1260,561,699
108000136,762,1376,-614
108000137,551,473,78
108000138,274,663,-389
108000139,422,412,10
108000140,124,39,85
108000141,76,148,-72
108000142,84,188,-104
108000143,37,42,-5
108000144,78,14,64
108000145,62,33,29
108000146,81,36,45
108000147,101,76,25
108000148,128,26,102
108000149,35,33,2
108000150,39,6,33
108000151,29,4,25
108000152,124,588,-464
108000153,535,208,327
108000154,77,17,60
108000155,88,22,66
108000156,403,143,260
108000157,249,1015,-766
108000158,95,874,-779
108000159,859,220,639
108000160,5176,1349,3827
108000161,4933,3083,1850
108000165,12,236,-224
108000172,2,357,-355
108000173,3058,2521,537
108000175,253,137,116
108000178,648,443,205
108000179,230,894,-664
108000181,98,32,66
108000182,179,31,148
108000183,23,31,-8
108000184,1347,2651,-1304
108000185,329,735,-406
108000186,245,57,188
108000187,131,807,-676
108000188,705,368,337
108000189,846,1730,-884
108000190,50,168,-118
108000192,218,766,-548
108000193,1026,61,965
108000194,61,24,37
108000195,1,1617,-1616
108000196,242,248,-6
108000197,147,711,-564
108000198,555,413,142
108000199,0,199,-199
108000200,536,904,-368
108000202,2,209,-207
108000203,139,880,-741
108000204,119,75,44
108000205,415,647,-232
108000339,1881,525,1356
108000364,161,387,-226
108000365,54,433,-379
108000367,214,610,-396
108000368,20,94,-74
108000369,1233,211,1022
108000371,2,690,-688
108000372,687,2,685
108000373,286,182,104
108000376,74,31,43
108000377,440,442,-2
108000378,11547,12863,-1316
108000379,50,304,-254
108000381,70,8,62
108000382,78,1,77
108000383,0,105,-105
108900001,135,1371,-1236
108900002,278,95,183
108900003,426,1150,-724
108900004,107,372,-265
108900005,78,365,-287
108900006,818,226,592
108900007,258,298,-40
108900008,103,236,-133
108900009,63,167,-104
108900010,195,252,-57
108900011,518,457,61
108900012,403,588,-185
108900013,108,307,-199
108900014,19,132,-113
108900015,0,26,-26
108900016,0,310,-310
108900017,365,377,-12
108900018,120,626,-506
108900019,93,1221,-1128
108900020,42,245,-203
108900021,141,360,-219
108900022,214,14,200
108900023,3,63,-60
108900024,35,156,-121
108900025,104,237,-133
108900026,35,153,-118
108900027,0,112,-112
108900028,89,503,-414
108900029,86,331,-245
108900030,0,98,-98
108900031,116,578,-462
108900032,15,412,-397
108900033,4,136,-132
108900034,1,253,-252
108900035,397,1989,-1592
108900036,220,385,-165
108900037,71,511,-440
108900038,0,458,-458
108900039,2,601,-599
108900040,16,144,-128
108900041,6934,3926,3008
108900042,20,346,-326
108900043,98,732,-634
108900044,4,685,-681
108900045,62,748,-686
108900046,58,1201,-1143
108900047,0,63,-63
108900048,168,1289,-1121
108900049,5912,1515,4397
108900050,2,297,-295
108900051,4,253,-249
108900052,31,364,-333
108900053,100,261,-161
108900054,128,358,-230
108900055,84,520,-436
108900056,2,218,-216
108900057,1,267,-266
108900058,39,602,-563
108900059,507,42,465
108900060,162,261,-99
108900061,112,53,59
108900062,8,314,-306
108900063,13,528,-515
108900064,286,98,188
108900065,12,313,-301
108900066,326,189,137
108900067,57,205,-148
108900068,4,182,-178
108900069,73,165,-92
108900070,83,186,-103
108900071,116,130,-14
108900072,3528,724,2804
108900073,11,100,-89
108900074,189,640,-451
108900075,58,80,-22
108900076,316,127,189
108900077,171,161,10
108900078,29,260,-231
108900079,1256,335,921
108900080,51,1301,-1250
108900081,78,365,-287
108900082,67,150,-83
108900083,46,542,-496
108900084,524,254,270
108900085,2616,247,2369
108900086,102,373,-271
108900087,146,363,-217
108900088,1392,550,842
108900089,37,194,-157
108900090,36,568,-532
108900091,159,157,2
108900092,601,472,129
108900093,143,109,34
108900094,238,130,108
108900095,117,622,-505
108900096,482,41,441
108900097,347,346,1
108900098,3411,1026,2385
108900099,426,407,19
108900100,76,165,-89
108900101,260,208,52
108900102,171,1152,-981
108900103,235,116,119
108900104,198,629,-431
108900105,18,1022,-1004
108900106,442,534,-92
108900108,1174,59,1115
108900109,109,29,80
108900110,294,651,-357
108900111,564,851,-287
108900112,329,19,310
108900113,40,47,-7
108900114,9,2,7
108900115,111,85,26
108900116,95,14,81
108900117,284,17,267
108900118,718,15,703
108900119,279,42,237
108900120,583,197,386
108900121,395,115,280
108900122,122,45,77
108900123,150,127,23
108900124,436,242,194
108900125,478,3,475
108900126,117,50,67
108900127,190,38,152
108900128,155,54,101
108900129,975,220,755
108900130,420,5,415
108900131,485,2,483
108900132,546,127,419
108900133,256,57,199
108900134,322,380,-58
108900135,140,11,129
108900136,55,3,52
108900137,165,1,164
108900138,658,53,605
108900139,875,152,723
108900140,262,390,-128
108900141,310,11,299
108900142,94,2,92
108900143,69,0,69
108900144,94,3,91
108900145,170,18,152
108900146,88,0,88
108900147,205,0,205
108900148,84,82,2
108900149,662,483,179
108900150,313,16,297
108900151,101,2,99
108900152,119,68,51
108900153,149,534,-385
108900154,5884,610,5274
108900155,290,114,176
108900156,96,6,90
108900157,28,639,-611
108900158,384,51,333
108900159,4,367,-363
108900160,18,388,-370
108900161,8,558,-550
108900162,76,0,76
108900163,9,265,-256
108900164,84,131,-47
108900165,279,153,126
108900167,2628,7012,-4384
108900168,11278,3392,7886
108900169,72,179,-107
108900171,11811,3573,8238
108900172,203,44,159
108900173,292,516,-224
108900174,943,728,215
108900176,192,619,-427
108900177,8994,5657,3337
108900178,6483,3788,2695
108900179,742,1764,-1022
108900180,141,452,-311
108900182,38,345,-307
108900183,233,284,-51
108900184,554,357,197
108900185,180,502,-322
108900186,89,562,-473
108900187,392,101,291
108900188,547,108,439
108900189,494,274,220
108900190,69,4208,-4139
108900191,243,41,202
108900192,144,313,-169
108900193,147,77,70
108900194,28,301,-273
108900195,147,405,-258
108900196,37,700,-663
108900198,9,638,-629
108900199,362,419,-57
108900200,1164,532,632
108900201,640,1801,-1161
108900203,593,51,542
108900204,448,17,431
108900205,276,28,248
108900206,542,77,465
108900207,205,90,115
108900208,20,484,-464
108900209,293,827,-534
108900210,266,341,-75
108900211,177,537,-360
108900212,895,1303,-408
108900215,141,678,-537
108900216,439,158,281
108900217,131,0,131
108900218,215,17,198
108900219,78,2,76
108900220,49,19,30
108900221,49,201,-152
108900222,238,15,223
108900223,7,120,-113
108900224,52,250,-198
108900225,1,290,-289
108900226,320,19,301
108900227,143,300,-157
108900230,371,411,-40
108900231,55,327,-272
108900232,2,419,-417
108900233,561,134,427
108900234,427,203,224
108900235,282,843,-561
108900236,108,504,-396
108900237,96,375,-279
108900240,195,131,64
108900241,40,65,-25
108900245,17,1837,-1820
108900249,162,47,115
108900250,327,218,109
108900257,363,879,-516
108900258,10,278,-268
108900259,103,130,-27
108900260,12,146,-134
108900261,136,206,-70
108900262,219,192,27
108900263,50,240,-190
108900264,624,298,326
108900265,1369,409,960
108900266,1285,571,714
108900267,4,118,-114
108900268,8,2,6
108900269,69,9,60
108900270,48,10,38
108900271,58,9,49
108900272,202,9,193
108900273,1370,752,618
108900274,90,88,2
109000001,3749,1548,2201
109000002,2318,1695,623
109000003,3166,651,2515
109000004,639,3202,-2563
109000005,3526,936,2590
109000006,962,2943,-1981
109000007,1948,783,1165
109000008,826,2845,-2019
109000009,4193,1817,2376
109000010,1824,5087,-3263
109000011,3986,2511,1475
109000012,2406,4720,-2314
109000013,4419,3627,792
109000014,2380,4844,-2464
109000015,4139,7999,-3860
109000016,10322,5780,4542
109000017,2783,1605,1178
109000018,1260,4449,-3189
109000019,3714,1556,2158
109000020,1471,2781,-1310
109000023,271,39,232
109000024,8,288,-280
109000025,510,658,-148
109000026,1167,463,704
109000027,162,411,-249
109000028,181,157,24
109000029,273,260,13
109000030,130,765,-635
109000031,270,160,110
109000032,169,666,-497
109000033,443,180,263
109000034,53,42,11
109000035,21,107,-86
109000036,112,480,-368
109000037,241,1665,-1424
109000038,795,573,222
109000039,1080,913,167
109000040,6698,9595,-2897
109000041,5295,2075,3220
109000042,1070,1810,-740
109000044,597,84,513
109000045,199,587,-388
109000046,454,130,324
109000047,111,562,-451
109000048,1428,221,1207
109000049,497,788,-291
109000050,601,373,228
109000051,438,390,48
109000052,802,1630,-828
109000053,292,241,51
109000054,327,1038,-711
109000055,297,402,-105
109000056,382,731,-349
109000057,832,638,194
109000058,1605,463,1142
109000059,1219,1679,-460
109000060,661,392,269
109000061,1577,1484,93
109000062,156,380,-224
109000063,288,316,-28
109000064,316,250,66
109000065,198,443,-245
109000066,481,143,338
109000067,51,451,-400
109000068,1655,12,1643
109000069,924,37,887
109000070,8,1255,-1247
109000071,570,124,446
109000072,169,480,-311
109000073,187,148,39
109000074,122,267,-145
109000075,110,491,-381
109000076,101,281,-180
109000077,438,313,125
109000078,49,182,-133
109000079,156,233,-77
109000080,129,149,-20
109000081,108,622,-514
109000082,600,281,319
109000083,270,931,-661
109000088,183,717,-534
109000089,306,85,221
109000090,250,478,-228
109000091,403,212,191
109000092,517,782,-265
109000093,235,214,21
109000094,546,2,544
109000095,120,780,-660
109000096,708,331,377
109000097,89,215,-126
109000098,75,108,-33
109000099,997,547,450
109000100,220,766,-546
109000101,2000,1069,931
109000102,415,1252,-837
109000103,531,869,-338
109000104,1852,979,873
109000105,677,1733,-1056
109000106,2690,1073,1617
109000107,760,3019,-2259
109000108,2164,857,1307
109000109,652,2802,-2150
109000110,1571,726,845
109000111,1187,2830,-1643
109000112,549,239,310
109000113,340,281,59
109000114,223,431,-208
109000115,1763,45,1718
109000116,8,368,-360
109000117,243,116,127
109000118,10,397,-387
109000119,1370,382,988
109000120,199,1318,-1119
109000121,478,65,413
109000122,135,1300,-1165
109000123,40,108,-68
109000124,729,522,207
109000125,1490,551,939
109000126,600,1177,-577
109000127,916,259,657
109000128,694,2541,-1847
109000129,2724,1041,1683
109000130,845,3442,-2597
109000131,870,620,250
109000132,934,2536,-1602
109000133,393,1425,-1032
109000134,1240,2107,-867
109000135,1752,1862,-110
109000136,310,525,-215
109000137,276,523,-247
109000138,532,525,7
109000139,593,564,29
109000140,317,639,-322
109000141,620,591,29
109000142,162,677,-515
109000143,132,91,41
109000145,78,286,-208
109000146,46,147,-101
109000148,5361,3247,2114
109000149,26,55,-29
109000150,109,275,-166
109000155,939,759,180
109000156,1790,995,795
109000158,311,465,-154
109000159,271,776,-505
109000160,1342,326,1016
109000161,464,1615,-1151
109000162,2275,1110,1165
109000163,1295,2529,-1234
109000164,1428,3524,-2096
109000165,1364,751,613
109000166,880,165,715
109000167,157,961,-804
109000170,50,77,-27
109000171,74,55,19
109000172,31,72,-41
109000173,31,80,-49
109000174,138,82,56
109000175,55,84,-29
109000176,360,278,82
109000177,33,133,-100
109000178,418,124,294
109000179,8667,5921,2746
109000180,8580,4762,3818
109000181,19,38,-19
109000182,48,47,1
109000183,42,79,-37
109000184,34,33,1
109000185,22,87,-65
109000188,1627,3115,-1488
109000189,5915,1380,4535
109000190,687,654,33
109000191,311,689,-378
109000192,452,395,57
109000193,264,514,-250
109000194,257,194,63
109000195,111,566,-455
109000196,338,163,175
109000197,224,671,-447
109000198,387,76,311
109000199,150,695,-545
109000206,282,61,221
109000207,154,57,97
109000208,166,116,50
109000209,192,136,56
109000210,179,696,-517
109000211,269,565,-296
109000214,511,603,-92
109000215,229,108,121
109000216,417,265,152
109000217,265,155,110
109000218,624,265,359
109000221,696,1541,-845
109000222,1058,282,776
109000223,432,378,54
109000224,60,215,-155
109000225,80,52,28
109000226,49,312,-263
109000227,1376,1729,-353
109000228,1,561,-560
109000231,1,488,-487
109000232,382,561,-179
109000236,408,1053,-645
109000241,2350,2883,-533
109000242,2277,1974,303
109000293,22,86,-64
109000361,119,376,-257
109000364,300,775,-475
109000396,11,830,-819
109000397,569,16,553
109000399,149,608,-459
109000400,93,292,-199
109000403,222,842,-620
109000406,414,6,408
109000407,363,324,39
109000408,1,400,-399
109000410,1406,336,1070
109000411,60,26,34
109900001,150,1,149
109900002,873,21,852
109900003,237,2,235
109900004,1515,291,1224
109900005,15,3,12
109900006,423,338,85
109900007,865,1000,-135
109900008,0,70,-70
109900009,264,898,-634
109900010,523,13,510
109900011,187,59,128
109900012,351,361,-10
109900013,631,218,413
109900014,450,82,368
109900015,650,236,414
109900016,155,57,98
109900017,213,211,2
109900018,320,167,153
109900019,245,95,150
109900020,49,52,-3
109900021,74,22,52
109900022,63,327,-264
109900023,33,5,28
109900024,31,1,30
109900025,10,94,-84
109900026,4,262,-258
109900027,38,23,15
109900028,2655,1105,1550
109900029,9,616,-607
109900030,67,9,58
109900031,3,233,-230
109900032,9,430,-421
109900033,5,710,-705
109900034,42,1,41
109900035,12,33,-21
109900036,32,82,-50
109900037,31,779,-748
109900038,76,377,-301
109900039,10,0,10
109900040,33,847,-814
109900041,97,525,-428
109900042,45,536,-491
109900044,223,335,-112
109900045,66,54,12
109900046,13,105,-92
109900047,390,496,-106
109900048,1,96,-95
109900049,15,51,-36
109900050,0,239,-239
109900051,0,62,-62
109900052,175,486,-311
109900053,1,573,-572
109900054,727,364,363
109900055,79,485,-406
109900056,29,234,-205
109900057,16,250,-234
109900058,0,147,-147
109900059,791,173,618
109900060,543,215,328
109900061,85,440,-355
109900062,1,327,-326
109900063,5,593,-588
109900064,701,439,262
109900065,119,230,-111
109900066,417,1305,-888
109900067,4,388,-384
109900068,116,8,108
109900069,3,61,-58
109900070,96,480,-384
109900071,3,37,-34
109900072,50,240,-190
109900073,387,887,-500
109900074,18,67,-49
109900075,28,40,-12
109900076,36,318,-282
109900077,36,86,-50
109900078,138,413,-275
109900080,263,585,-322
109900081,69,249,-180
109900082,41,664,-623
109900083,12,86,-74
109900084,73,206,-133
109900085,360,1245,-885
109900086,176,533,-357
109900087,399,725,-326
109900089,753,198,555
109900090,662,1625,-963
109900091,432,108,324
109900092,945,18,927
109900093,1030,202,828
109900094,107,136,-29
109900095,196,372,-176
109900096,39,5,34
109900097,87,2,85
109900098,424,51,373
109900099,166,0,166
109900100,60,0,60
109900101,549,15,534
109900102,494,38,456
109900103,32,45,-13
109900104,601,1061,-460
109900105,695,50,645
109900106,491,81,410
109900107,582,134,448
109900108,131,459,-328
109900109,32,143,-111
109900110,138,600,-462
109900111,505,1520,-1015
109900112,639,1041,-402
109900113,1031,663,368
109900114,2375,937,1438
109900115,184,127,57
109900117,1304,201,1103
109900118,354,701,-347
109900119,932,420,512
109900120,71,11,60
109900121,613,486,127
109900122,391,6,385
109900123,15,274,-259
109900124,50,760,-710
109900125,3,227,-224
109900126,362,206,156
109900128,328,68,260
109900130,12474,3406,9068
109900131,94,238,-144
109900132,63,219,-156
109900133,83,364,-281
109900134,90,106,-16
109900135,534,91,443
109900136,60,224,-164
109900137,88,464,-376
109900138,450,499,-49
109900140,305,370,-65
109900141,548,428,120
109900142,1551,465,1086
109900145,7,524,-517
109900146,853,90,763
109900148,47,131,-84
109900149,67,73,-6
109900150,13,117,-104
109900151,6,78,-72
109900152,1,32,-31
109900153,2,54,-52
109900154,27,1,26
109900155,65,19,46
109900157,116,373,-257
109900158,131,200,-69
109900159,228,62,166
109900160,228,94,134
109900161,278,101,177
109900162,308,152,156
109900163,1123,488,635
109900164,54,228,-174
109900165,359,12,347
109900166,12,179,-167
109900167,197,755,-558
109900168,275,882,-607
109900169,309,277,32
109900170,345,972,-627
109900171,257,123,134
109900172,230,335,-105
109900173,4917,2689,2228
109900174,55,171,-116
109900175,108,125,-17
109900176,80,261,-181
109900177,40,388,-348
109900178,2,137,-135
109900179,21,31,-10
109900180,15,34,-19
110000001,1126,844,282
110000002,733,826,-93
110000003,1422,905,517
110000004,606,795,-189
110000005,671,2479,-1808
110000006,630,426,204
110000007,135,232,-97
110000008,34,99,-65
110000009,123,53,70
110000010,48,83,-35
110000011,63,150,-87
110000012,842,652,190
110000013,64,696,-632
110000014,597,475,122
110000015,321,692,-371
110000016,356,1896,-1540
110000017,3512,384,3128
110000018,4059,604,3455
110000019,7,108,-101
110000020,499,213,286
110000021,1046,631,415
110000022,1406,422,984
110000023,4,168,-164
110000024,1158,488,670
110000025,357,5,352
110000026,6,446,-440
110000027,2054,556,1498
110000028,1023,979,44
110000029,710,1187,-477
110000030,279,514,-235
110000031,434,810,-376
110000032,922,699,223
110000033,593,97,496
110000034,670,1084,-414
110000035,1294,955,339
110000036,1438,1077,361
110000037,352,719,-367
110000038,404,982,-578
110000039,925,3812,-2887
110000040,429,517,-88
110000041,445,1664,-1219
110000042,118,331,-213
110000043,930,383,547
110000044,138,139,-1
110000045,1291,120,1171
110000046,21,23,-2
110000047,310,26,284
110000048,11,27,-16
110000049,96,8,88
110000050,21,62,-41
110000051,119,15,104
110000052,24,29,-5
110000053,679,10,669
110000054,193,409,-216
110000055,814,41,773
110000056,234,57,177
110000057,608,1019,-411
110000058,1688,786,902
110000059,1064,683,381
110000060,880,1450,-570
110000061,1192,1117,75
110000062,819,1217,-398
110000063,26,154,-128
110000064,147,164,-17
110000065,108,104,4
110000066,97,57,40
110000067,183,417,-234
110000068,444,399,45
110000069,305,143,162
110000071,157,234,-77
110000073,13,31,-18
110000075,13,151,-138
110000076,413,614,-201
110000077,608,2109,-1501
110000078,30,90,-60
110000080,312,960,-648
110000081,35,469,-434
110000082,31,534,-503
110000083,250,817,-567
110000084,1117,1018,99
110000085,2614,2060,554
110000086,1663,2559,-896
110000087,9,83,-74
110000088,107,315,-208
110000089,355,186,169
110000090,168,451,-283
110000091,1962,473,1489
110000092,72,136,-64
110000093,78,11,67
110000094,615,353,262
110000095,300,921,-621
110000096,3273,2365,908
110000097,1329,1771,-442
110000098,2706,1046,1660
110000099,1070,2092,-1022
110000100,1119,823,296
110000101,28,570,-542
110000102,65,33,32
110000104,353,135,218
110000105,104,297,-193
110000106,821,440,381
110000107,422,488,-66
110000108,237,59,178
110000109,384,432,-48
110000110,4735,6598,-1863
110000111,9561,3448,6113
110000112,1847,1423,424
110000113,795,2481,-1686
110000114,156,674,-518
110000115,328,345,-17
110000116,46,72,-26
110000117,242,586,-344
110000118,442,245,197
110000119,256,550,-294
110000120,426,193,233
110000121,146,450,-304
110000122,493,895,-402
110000123,644,873,-229
110000124,7,1203,-1196
110000125,1244,11,1233
110000126,433,46,387
110000127,1487,96,1391
110000128,62,1941,-1879
110000129,1,625,-624
110000130,408,306,102
110000131,113,460,-347
110000132,4,875,-871
110000133,44,563,-519
110000134,28,464,-436
110000135,218,44,174
110000136,73,413,-340
110000137,648,923,-275
110000138,966,896,70
110000139,995,1977,-982
110000140,1298,735,563
110000143,961,601,360
110000144,7121,2174,4947
110000145,2431,1247,1184
110000146,2535,1226,1309
110000147,535,1008,-473
110000148,474,393,81
110000151,1277,1122,155
110000152,1256,440,816
110000153,132,61,71
110000154,147,38,109
110000155,2908,4894,-1986
110000156,1296,2626,-1330
110000157,2532,2416,116
110000160,487,356,131
110000161,176,433,-257
110000166,573,173,400
110000167,987,834,153
110000168,1002,534,468
110000169,975,432,543
110000170,163,109,54
110000171,712,198,514
110000172,258,1178,-920
110000173,1312,1574,-262
110000174,283,1578,-1295
110000175,630,109,521
110000176,97,355,-258
110000177,182,1161,-979
110000178,656,1549,-893
110000179,1725,566,1159
110000180,235,413,-178
110000181,484,582,-98
110000182,514,279,235
110000183,14871,8701,6170
110000184,850,2797,-1947
110000185,1893,983,910
110000186,1079,1460,-381
110000191,788,487,301
110000192,603,19,584
110000193,995,10,985
110000194,28,1703,-1675
110000195,522,457,65
110000196,474,576,-102
110000197,91,295,-204
110000198,119,128,-9
110000199,98,161,-63
110000200,1773,748,1025
110000201,1132,1171,-39
110000202,1803,691,1112
110000203,1039,1112,-73
110000204,3,376,-373
110000205,162,78,84
110000206,914,2065,-1151
110000207,1024,502,522
110000208,260,191,69
110000209,171,1102,-931
110000210,924,794,130
110000211,857,941,-84
110000212,444,1321,-877
110000213,237,74,163
110000214,258,154,104
110000215,213,662,-449
110000216,122,767,-645
110000217,339,237,102
110000218,180,518,-338
110000219,415,117,298
110000220,88,470,-382
110000221,347,131,216
110000222,120,269,-149
110000223,8,148,-140
110000224,70,11,59
110000225,277,899,-622
110000226,308,86,222
110000227,935,943,-8
110000228,554,388,166
110000229,1,347,-346
110000230,589,735,-146
110000231,180,270,-90
110000232,200,213,-13
110000233,186,393,-207
110000234,1148,653,495
110000235,1266,1354,-88
110000236,683,1017,-334
110000237,2349,1513,836
110000238,1434,1616,-182
110000239,2310,1611,699
110000240,1,102,-101
110000242,1,19,-18
110000243,145,229,-84
110000244,169,418,-249
110000245,59,503,-444
110000246,905,805,100
110000247,2138,7492,-5354
110000248,3974,2343,1631
110000249,97,11,86
110000250,62,309,-247
110000251,387,936,-549
110000252,298,293,5
110000253,1617,848,769
110000254,974,2001,-1027
110000255,309,1394,-1085
110000256,663,396,267
110000257,916,510,406
110000258,11,644,-633
110000259,129,28,101
110000260,41,416,-375
110000263,948,165,783
110000264,296,800,-504
110000265,1329,2432,-1103
110000266,3072,3741,-669
110000267,22,341,-319
110000268,381,742,-361
110000269,2,120,-118
110000270,45,9,36
110000271,2224,357,1867
110000272,1380,1235,145
110000273,5503,1948,3555
110000274,280,1839,-1559
110000275,3057,679,2378
110000276,213,485,-272
110000277,268,513,-245
110000278,395,989,-594
110000279,896,828,68
110000280,549,591,-42
110000281,41,267,-226
110000282,385,64,321
110000283,56,152,-96
110000284,78,77,1
110000285,2,527,-525
110000286,48,0,48
110000287,68,3,65
110000288,4,155,-151
110000289,578,2150,-1572
110000290,1276,850,426
110000291,7909,1903,6006
110000292,1840,6050,-4210
110000293,812,1051,-239
110000294,1261,1638,-377
110000295,358,1438,-1080
110000296,844,539,305
110000297,3754,491,3263
110000298,365,757,-392
110000299,951,137,814
110000301,320,38,282
110000302,199,1275,-1076
110000303,472,15,457
110000304,91,318,-227
110000305,1598,27,1571
110000306,168,1818,-1650
110000307,1962,12,1950
110000308,964,54,910
110000309,6,1202,-1196
110000310,867,81,786
110000311,28,998,-970
110000312,644,106,538
110000313,5087,4898,189
110000314,4,465,-461
110000315,4864,3147,1717
110000316,596,1618,-1022
110000317,831,410,421
110000318,23,118,-95
110000319,10,30,-20
110000320,91,53,38
110000321,48,59,-11
110000322,388,528,-140
110000323,545,332,213
110000324,4843,1711,3132
110000325,3721,3791,-70
110000327,803,528,275
110000328,362,568,-206
110000333,1093,885,208
110000334,1087,1853,-766
110000335,1170,709,461
110000336,909,1424,-515
110000337,1446,807,639
110000338,591,286,305
110000339,374,300,74
110000340,71,236,-165
110000341,574,602,-28
110000342,721,11,710
110000343,0,24,-24
110000344,103,219,-116
110000345,195,102,93
110000346,3219,2276,943
110000347,1298,1057,241
110000348,49,33,16
110000349,18,26,-8
110000350,75,18,57
110000351,1101,1117,-16
110000352,889,2124,-1235
110000353,3143,997,2146
110000354,1766,3700,-1934
110000355,132,170,-38
110000356,703,14,689
110000357,577,34,543
110000361,62,98,-36
110000362,80,171,-91
110000363,410,171,239
110000364,327,360,-33
110000365,243,1,242
110000366,3,161,-158
110000367,541,397,144
110000368,3,103,-100
110000369,47,1,46
110000373,8,344,-336
110000374,279,27,252
110000375,140,1186,-1046
110000376,48,145,-97
110000377,82,662,-580
110000378,37,527,-490
110000379,3963,1993,1970
110000380,79,22,57
110000383,1,1062,-1061
110000384,2593,693,1900
110000385,5,376,-371
110000387,78,7,71
110000388,54,313,-259
110000389,937,5,932
110000391,652,482,170
110000396,194,160,34
110000397,138,251,-113
110000398,8,66,-58
110000399,195,1,194
110000587,162,59,103
110000589,217,258,-41
110000640,277,76,201
110000652,74,228,-154
110000653,323,573,-250
110000654,21,81,-60
110000656,1,979,-978
110000674,42,25,17
110000675,18,22,-4
110000676,5,53,-48
110000679,451,1606,-1155
110000682,109,203,-94
110000683,529,775,-246
110000684,19,78,-59
110000685,14,18,-4
110000686,5,59,-54
110000687,99,10,89
110000688,78,1010,-932
110000689,18,99,-81
110000692,120,292,-172
110000693,192,351,-159
110000694,0,236,-236
110000695,381,862,-481
110000696,144,183,-39
110900001,435,26,409
110900002,697,342,355
110900003,892,1095,-203
110900004,534,326,208
110900005,4831,2569,2262
110900006,30,10,20
110900007,122,39,83
110900008,9,38,-29
110900009,593,145,448
110900010,16,128,-112
110900011,14,177,-163
110900012,33,159,-126
110900013,1195,159,1036
110900014,214,14,200
110900015,991,801,190
110900016,72,194,-122
110900017,473,52,421
110900018,582,69,513
110900019,196,39,157
110900020,156,558,-402
110900021,98,827,-729
110900022,124,413,-289
110900023,149,843,-694
110900024,36,657,-621
110900025,7,97,-90
110900027,44,376,-332
110900028,37,247,-210
110900029,45,564,-519
110900030,31,515,-484
110900031,6,287,-281
110900032,1,148,-147
110900033,49,343,-294
110900035,35,628,-593
110900036,120,48,72
110900037,103,37,66
110900038,1762,268,1494
110900039,10,323,-313
110900040,336,69,267
110900041,9,194,-185
110900042,122,65,57
110900043,5,209,-204
110900044,416,21,395
110900045,35,750,-715
110900046,83,428,-345
110900047,916,343,573
110900049,142,99,43
110900050,32,8,24
110900051,50,250,-200
110900052,3,281,-278
110900053,107,52,55
110900054,16,358,-342
110900055,21,4,17
110900056,82,170,-88
110900057,27,272,-245
110900058,379,308,71
110900059,860,861,-1
110900060,630,185,445
110900061,28,60,-32
110900062,187,329,-142
110900063,72,190,-118
110900064,11,0,11
110900065,322,140,182
110900066,19,107,-88
110900067,498,893,-395
110900068,290,377,-87
110900069,15,52,-37
110900070,212,78,134
110900071,340,770,-430
110900073,1,39,-38
110900074,386,174,212
110900075,440,121,319
110900077,1005,803,202
110900078,45,124,-79
110900079,2848,1401,1447
110900080,156,109,47
110900081,9,87,-78
110900082,139,206,-67
110900083,187,57,130
110900084,71,174,-103
110900085,68,586,-518
110900086,67,350,-283
110900087,346,117,229
110900088,18,4,14
110900090,44,65,-21
110900091,2,81,-79
110900093,387,145,242
110900095,70,92,-22
110900097,31,22,9
110900098,36,158,-122
110900099,84,736,-652
110900100,0,41,-41
110900102,112,50,62
110900105,967,452,515
110900108,8,120,-112
110900111,678,210,468
110900112,912,8,904
110900113,590,111,479
110900115,13,95,-82
110900116,874,3011,-2137
110900118,144,3177,-3033
110900119,6244,625,5619
110900120,17,137,-120
110900121,138,4,134
110900122,475,205,270
110900125,346,464,-118
110900127,856,1595,-739
110900128,283,345,-62
110900129,556,979,-423
110900130,1327,520,807
110900131,310,78,232
110900132,392,112,280
110900133,147,327,-180
110900135,236,577,-341
110900136,358,26,332
110900137,152,1,151
110900138,1480,371,1109
110900139,54,73,-19
110900140,135,5,130
110900141,6,125,-119
110900142,68,229,-161
110900143,202,118,84
110900144,5,1005,-1000
110900145,223,55,168
110900146,471,216,255
110900147,169,406,-237
110900148,4,449,-445
110900149,9,110,-101
110900150,48,31,17
110900151,4,142,-138
110900152,21,359,-338
110900153,134,49,85
111000001,865,295,570
111000002,712,726,-14
111000003,1276,1033,243
111000004,715,1326,-611
111000005,2081,2103,-22
111000006,1384,2355,-971
111000007,6488,4840,1648
111000008,3967,4982,-1015
111000009,366,1240,-874
111000010,1116,366,750
111000011,326,1082,-756
111000012,832,483,349
111000013,364,978,-614
111000014,1029,720,309
111000017,187,1048,-861
111000018,285,562,-277
111000020,1804,3424,-1620
111000021,111,196,-85
111000023,104,129,-25
111000025,7481,4155,3326
111000029,66,138,-72
111000030,62,113,-51
111000031,2688,1523,1165
111000032,653,333,320
111000033,363,295,68
111000034,397,214,183
111000037,3151,1744,1407
111000038,5114,3523,1591
111000039,2775,3375,-600
111000040,2240,3518,-1278
111000041,2326,2446,-120
111000042,5959,3830,2129
111000043,2473,3975,-1502
111000044,2027,1339,688
111000045,2622,2538,84
111000046,2300,1959,341
111000047,3235,4550,-1315
111000049,702,892,-190
111000050,2251,1951,300
111000051,806,1546,-740
111000052,800,2395,-1595
111000053,535,1433,-898
111000054,420,1274,-854
111000055,1443,2679,-1236
111000056,130,812,-682
111000057,90,864,-774
111000058,370,133,237
111000059,441,375,66
111000060,4470,1172,3298
111000061,655,469,186
111000062,909,343,566
111000063,2220,1206,1014
111000064,610,734,-124
111000065,1336,1061,275
111000066,617,432,185
111000067,712,822,-110
111000068,682,1282,-600
111000069,2252,2788,-536
111000070,1383,1202,181
111000071,231,907,-676
111000072,923,470,453
111000073,305,750,-445
111000074,1772,1997,-225
111000075,1185,919,266
111000076,663,926,-263
111000077,2004,2118,-114
111000078,3590,1765,1825
111000079,1753,1036,717
111000080,723,913,-190
111000081,2293,5152,-2859
111000082,865,863,2
111000084,958,760,198
111000085,1173,1761,-588
111000086,3218,1604,1614
111000087,855,886,-31
111000088,7578,2881,4697
111000089,989,1145,-156
111000090,1229,1895,-666
111000091,1015,793,222
111000092,1523,1155,368
111000093,873,1259,-386
111000094,2284,1273,1011
111000095,953,2944,-1991
111000096,3069,9859,-6790
111000097,6999,1744,5255
111000098,980,1725,-745
111000099,743,2997,-2254
111000100,494,2428,-1934
111000101,507,1157,-650
111000102,239,914,-675
111000104,795,268,527
111000107,113,1006,-893
111000109,701,352,349
111000110,1897,935,962
111000111,2405,673,1732
111000112,2020,698,1322
111000113,976,1543,-567
111000114,1806,3706,-1900
111000115,8404,1561,6843
111000116,1136,1344,-208
111000117,504,1179,-675
111000118,1813,1202,611
111000119,1399,1658,-259
111000120,608,810,-202
111000121,276,886,-610
111000122,788,1409,-621
111000123,1414,4238,-2824
111000124,830,4068,-3238
111000125,273,2225,-1952
111000126,122,1340,-1218
111000127,1101,240,861
111000128,1800,425,1375
111000129,3801,614,3187
111000130,2515,916,1599
111000131,1803,760,1043
111000132,1506,1033,473
111000133,183,217,-34
111000134,191,138,53
111000135,47,152,-105
111000136,340,401,-61
111000138,33,7,26
111000140,3,17,-14
111000141,321,443,-122
111000142,12,117,-105
111000143,4,85,-81
111000144,30,155,-125
111000145,1214,22,1192
111000146,89,15,74
111000147,223,48,175
111000148,505,102,403
111000149,3,69,-66
111000150,15,7,8
111000151,6,28,-22
111000153,765,900,-135
111000154,999,259,740
111000155,113,227,-114
111000156,491,676,-185
111000157,248,1105,-857
111000158,1342,768,574
111000159,3449,894,2555
111000160,397,400,-3
111000161,16,375,-359
111000162,35,237,-202
111000163,823,1235,-412
111000164,983,5079,-4096
111000165,1557,715,842
111000166,3091,635,2456
111000167,166,681,-515
111000168,314,629,-315
111000169,426,794,-368
111000170,725,605,120
111000171,600,1065,-465
111000172,176,591,-415
111000173,456,944,-488
111000174,231,579,-348
111000175,38,340,-302
111000176,370,181,189
111000177,346,240,106
111000178,1296,275,1021
111000179,241,204,37
111000180,315,504,-189
111000181,1113,341,772
111000182,214,356,-142
111000183,409,467,-58
111000184,446,393,53
111000185,467,642,-175
111000186,325,333,-8
111000187,188,321,-133
111000188,243,562,-319
111000189,1450,674,776
111000190,266,467,-201
111000191,219,550,-331
111000192,351,684,-333
111000193,344,386,-42
111000194,67,393,-326
111000195,108,509,-401
111000196,75,325,-250
111000197,410,165,245
111000198,467,125,342
111000199,216,190,26
111000200,365,377,-12
111000201,662,350,312
111000202,253,278,-25
111000203,299,279,20
111000204,400,702,-302
111000213,239,510,-271
111000214,2266,2001,265
111000215,1279,1678,-399
111000217,1694,1342,352
111000218,1802,1503,299
111000219,494,279,215
111000220,2945,965,1980
111000221,938,162,776
111000224,2,410,-408
111000225,344,55,289
111000226,235,5,230
111000227,41,7,34
111000228,26,566,-540
111000229,69,957,-888
111000230,560,728,-168
111000231,1203,1375,-172
111000232,675,1183,-508
111000233,818,944,-126
111000234,199,592,-393
111000239,162,284,-122
111000240,46,304,-258
111000241,72,476,-404
111000242,219,126,93
111000243,114,804,-690
111000244,494,147,347
111000245,1094,656,438
111000246,516,657,-141
111000247,354,1181,-827
111000248,735,636,99
111000249,560,975,-415
111000250,51,197,-146
111000251,73,154,-81
111000253,9,21,-12
111000255,19,8,11
111000257,30,24,6
111000260,110,1491,-1381
111000261,1508,128,1380
111000271,63,352,-289
111000273,7142,2069,5073
111000274,1422,2659,-1237
111000275,140,71,69
111000276,406,2975,-2569
111000277,381,479,-98
111000278,825,327,498
111000291,861,6833,-5972
111000298,677,267,410
111000299,912,177,735
111000300,121,858,-737
111000302,321,95,226
111000303,81,316,-235
111000312,43,58,-15
111000315,0,20,-20
111000320,525,900,-375
111000321,461,106,355
111000322,392,545,-153
111000323,189,32,157
111000324,493,368,125
111000325,49,93,-44
111000326,195,350,-155
111000327,387,628,-241
111000328,266,604,-338
111000329,2,32,-30
111000330,67,13,54
111000331,10,10,0
111000332,575,1909,-1334
111000334,451,1773,-1322
111000335,780,306,474
111000337,1348,631,717
111000338,98,183,-85
111000339,757,748,9
111000340,116,970,-854
111000341,1243,760,483
111000342,235,478,-243
111000344,1106,895,211
111000345,186,76,110
111000346,11,117,-106
111000347,168,12,156
111000350,142,160,-18
111000351,101,268,-167
111000352,179,168,11
111000353,148,357,-209
111000354,657,146,511
111000355,363,844,-481
111000358,221,2095,-1874
111000360,220,1031,-811
111000361,118,492,-374
111000546,846,892,-46
111000547,496,769,-273
111000548,153,380,-227
111000549,354,571,-217
111000550,88,833,-745
111000551,820,169,651
111000552,1646,106,1540
111000907,1402,74,1328
111000908,13,2,11
111000916,1771,434,1337
111000917,49,633,-584
111000918,213,1249,-1036
111000920,498,36,462
111000921,1,377,-376
111000922,563,438,125
111000924,73,1256,-1183
111000925,2120,2571,-451
111000926,1012,2365,-1353
111000927,3089,5605,-2516
111000928,5778,4935,843
111000929,1253,1459,-206
111000930,916,3304,-2388
111000931,2337,2893,-556
111000932,5725,3336,2389
111000933,4318,2807,1511
111000934,2755,4513,-1758
111000935,1637,1309,328
111000936,1379,2925,-1546
111000937,1131,1633,-502
111000938,2115,2228,-113
111000939,442,46,396
111000940,462,229,233
111000941,387,721,-334
111000943,404,325,79
111000944,173,605,-432
111000945,97,2228,-2131
111001109,653,386,267
111001110,232,690,-458
111001111,71,10,61
111001112,226,3,223
111001113,4,193,-189
111001114,1856,152,1704
111001115,48,433,-385
111001116,6487,4576,1911
111001117,868,2558,-1690
111001120,112,416,-304
111001121,182,378,-196
111001122,30,471,-441
111900001,15,175,-160
111900002,23,922,-899
111900003,7,496,-489
111900004,48,204,-156
111900006,9,26,-17
111900007,99,4,95
111900008,232,7,225
111900009,175,295,-120
111900010,458,806,-348
111900012,337,258,79
111900013,4,135,-131
111900014,8235,3887,4348
111900015,1,114,-113
111900016,1,163,-162
111900017,1,178,-177
111900018,230,11,219
111900019,8,190,-182
111900020,5,91,-86
111900021,27,172,-145
111900022,15,120,-105
111900023,137,114,23
111900024,1,73,-72
111900025,0,73,-73
111900026,1,166,-165
111900027,7,223,-216
111900028,2,559,-557
111900029,4,146,-142
111900030,53,453,-400
111900031,0,36,-36
111900032,4,538,-534
111900033,7,151,-144
111900034,375,471,-96
111900035,74,278,-204
111900036,3,447,-444
111900038,418,735,-317
111900039,62,522,-460
111900040,1,701,-700
111900042,57,159,-102
111900043,4,557,-553
111900044,402,326,76
111900046,54,215,-161
111900048,132,729,-597
111900049,42,401,-359
111900050,159,23,136
111900051,1,172,-171
111900052,518,892,-374
111900053,1574,1363,211
111900054,160,6,154
111900055,21,456,-435
111900056,236,298,-62
111900057,137,23,114
111900058,432,927,-495
111900059,2450,699,1751
111900060,413,2,411
111900061,10,185,-175
111900062,30,85,-55
111900063,242,305,-63
111900064,109,187,-78
111900065,129,62,67
111900066,146,172,-26
111900067,2,395,-393
111900068,58,54,4
111900069,102,35,67
111900070,134,175,-41
111900071,3,358,-355
111900072,67,24,43
111900073,968,130,838
111900074,19,230,-211
111900075,83,18,65
111900076,171,47,124
111900077,46,4,42
111900078,291,18,273
111900079,62,32,30
111900080,296,227,69
111900081,807,177,630
111900082,92,23,69
111900083,122,13,109
111900084,136,7,129
111900085,70,128,-58
111900086,25,0,25
111900087,99,4,95
111900088,419,5,414
111900089,95,15,80
111900090,75,58,17
111900091,168,4,164
111900092,104,2,102
111900093,372,6,366
111900094,105,2,103
111900095,202,39,163
111900096,89,2,87
111900097,60,0,60
111900098,170,1,169
111900099,78,0,78
111900100,132,7,125
111900101,177,17,160
111900102,523,804,-281
111900103,115,85,30
111900104,168,88,80
111900105,541,360,181
111900106,2168,122,2046
111900107,134,127,7
111900108,188,180,8
111900109,747,426,321
111900110,2742,406,2336
111900111,107,206,-99
111900112,1032,2485,-1453
111900113,288,51,237
111900114,217,193,24
111900115,12,43,-31
111900118,378,124,254
111900119,322,162,160
111900122,121,67,54
111900123,21,34,-13
111900124,63,145,-82
111900125,663,64,599
111900126,308,3,305
111900127,1,1045,-1044
111900128,2,659,-657
111900129,258,6,252
111900130,314,29,285
111900131,483,0,483
111900132,46,1499,-1453
111900133,5,585,-580
111900134,21,335,-314
111900135,10,40,-30
111900136,107,178,-71
111900137,113,99,14
111900138,41,157,-116
111900139,15,204,-189
111900140,81,34,47
111900141,52,17,35
111900142,77,36,41
111900143,29,266,-237
111900144,0,139,-139
111900145,2,596,-594
111900146,6,371,-365
111900147,198,640,-442
111900148,30,1095,-1065
111900149,10,461,-451
111900150,14,243,-229
111900151,4,40,-36
111900152,137,95,42
111900153,2322,543,1779
111900154,20,287,-267
111900155,68,85,-17
111900156,49,67,-18
111900157,127,30,97
111900158,618,62,556
111900159,269,25,244
111900160,288,1,287
111900161,158,9,149
111900162,64,264,-200
111900163,55,297,-242
111900164,101,76,25
111901113,476,336,140
111901114,160,383,-223
111901115,101,0,101
111901116,50,1,49
111901117,22,30,-8
111901118,81,233,-152
111901119,1573,123,1450
111901120,139,289,-150
111901121,268,341,-73
111901122,10,683,-673
111901123,237,463,-226
111901124,193,4,189
111901125,224,28,196
111901126,110,67,43
111901127,985,720,265
111901128,6,139,-133
111901129,6,190,-184
111901130,6,282,-276
111901131,3,258,-255
111901132,98,14,84
111901133,34,6,28
111901134,94,4,90
111901135,19,8,11
111901136,34,48,-14
111901137,0,28,-28
111901138,241,56,185
111901139,27,42,-15
111901140,18,142,-124
111901141,5,232,-227
111901142,4,141,-137
111901143,2,113,-111
111901144,22,39,-17
112000001,2304,1171,1133
112000002,929,3540,-2611
112000003,1512,1232,280
112000004,1006,2045,-1039
112000005,3527,3761,-234
112000006,3041,2962,79
112000007,3213,2226,987
112000008,3127,4830,-1703
112000009,4691,4541,150
112000010,3503,3779,-276
112000011,2480,2706,-226
112000012,8080,4453,3627
112000013,8209,4473,3736
112000014,5285,1629,3656
112000015,5571,4518,1053
112000016,11234,1475,9759
112000017,4574,2847,1727
112000024,3263,1428,1835
112000026,5758,6896,-1138
112000027,1330,744,586
112000028,2130,2198,-68
112000029,595,1105,-510
112000030,258,171,87
112000031,2386,5730,-3344
112000032,584,90,494
112000033,3310,1757,1553
112000034,509,68,441
112000035,187,417,-230
112000036,1419,1139,280
112000037,2100,803,1297
112000038,1920,1198,722
112000039,89,103,-14
112000040,140,294,-154
112000041,662,660,2
112000042,1760,498,1262
112000050,1405,2317,-912
112000051,1167,1464,-297
112000054,2234,3018,-784
112000057,632,489,143
112000058,531,877,-346
112000059,764,1294,-530
112000061,4711,2684,2027
112000062,2230,1015,1215
112000063,1858,2207,-349
112000064,5520,7372,-1852
112000065,2816,3227,-411
112000066,4630,1739,2891
112000067,1108,872,236
112000068,4235,2568,1667
112000069,1092,2655,-1563
112000070,2941,1185,1756
112000071,1558,3483,-1925
112000072,3244,1271,1973
112000073,2228,2633,-405
112000074,1853,1410,443
112000075,1810,1590,220
112000076,4465,3585,880
112000077,625,858,-233
112000078,2046,932,1114
112000079,1865,1719,146
112000080,869,1161,-292
112000081,1877,3344,-1467
112000082,1682,1045,637
112000083,783,1895,-1112
112000084,1551,1092,459
112000085,1714,1478,236
112000086,2200,2040,160
112000087,474,489,-15
112000088,680,793,-113
112000089,369,393,-24
112000090,341,453,-112
112000091,706,1615,-909
112000092,2137,1534,603
112000093,2018,1417,601
112000094,712,1295,-583
112000095,761,1125,-364
112000096,618,912,-294
112000097,1568,768,800
112000098,1575,1882,-307
112000099,950,1752,-802
112000100,2182,1352,830
112000101,723,1363,-640
112000102,1404,705,699
112000103,531,1673,-1142
112000105,877,2271,-1394
112000106,3166,644,2522
112000107,28,336,-308
112000108,473,2117,-1644
112000109,256,121,135
112000110,1770,611,1159
112000111,1543,4649,-3106
112000112,5602,754,4848
112000113,1288,2438,-1150
112000114,3474,1337,2137
112000115,374,585,-211
112000116,1188,1443,-255
112000117,1743,1218,525
112000118,1596,1167,429
112000119,647,1029,-382
112000120,92,499,-407
112000121,107,763,-656
112000122,240,233,7
112000123,756,205,551
112000124,309,90,219
112000125,190,232,-42
112000126,278,749,-471
112000127,3382,2354,1028
112000128,1321,813,508
112000129,154,139,15
112000130,257,93,164
112000131,79,542,-463
112000132,136,317,-181
112000133,477,414,63
112000134,425,470,-45
112000135,1221,896,325
112000136,1340,1486,-146
112000137,2123,1749,374
112000138,2356,1408,948
112000139,1218,614,604
112000140,1319,1377,-58
112000141,1164,433,731
112000142,252,866,-614
112000143,1412,281,1131
112000144,397,1575,-1178
112000145,2854,867,1987
112000146,853,2437,-1584
112000147,3051,2245,806
112000148,2055,2618,-563
112000149,576,797,-221
112000150,214,848,-634
112000151,384,706,-322
112000152,319,576,-257
112000153,174,355,-181
112000154,149,212,-63
112000155,191,135,56
112000157,1208,774,434
112000158,358,836,-478
112000159,742,570,172
112000167,468,100,368
112000169,540,568,-28
112000173,987,330,657
112000175,485,511,-26
112000176,4902,2993,1909
112000177,870,229,641
112000178,150,648,-498
112000179,309,183,126
112000180,331,443,-112
112000181,1865,2908,-1043
112000182,1160,2766,-1606
112000183,42,54,-12
112000184,418,644,-226
112000185,527,746,-219
112000187,6921,4114,2807
112000195,197,47,150
112000196,480,3,477
112000197,405,201,204
112000198,38,405,-367
112000199,199,1239,-1040
112000202,427,3,424
112000216,81,286,-205
112000230,194,15,179
112000231,11,359,-348
112000256,82,255,-173
112000313,170,190,-20
112000314,60,36,24
112000337,493,781,-288
112000352,686,401,285
112000392,2153,2089,64
112000398,1476,1259,217
112000399,3580,2662,918
112000400,2301,4559,-2258
112000401,3778,3675,103
112000402,3925,3300,625
112000403,3726,3565,161
112000404,833,1005,-172
112000405,2184,3509,-1325
112000406,4631,3856,775
112000407,7436,9973,-2537
112000408,10926,9327,1599
112000409,2260,6532,-4272
112000410,565,352,213
112000411,5876,1944,3932
112000412,2107,826,1281
112000413,12578,6562,6016
112000414,121,98,23
112000415,144,77,67
112000416,2725,1738,987
112000417,347,84,263
112000421,36,151,-115
112000422,432,669,-237
112000424,3306,3616,-310
112000425,660,1209,-549
112000426,151,528,-377
112000427,0,14,-14
112000428,242,430,-188
112000429,2697,4176,-1479
112000430,3277,3746,-469
112000431,84,169,-85
112000432,825,1929,-1104
112000433,616,1268,-652
112000437,44,281,-237
112900001,78,1,77
112900002,449,1541,-1092
112900003,58,391,-333
112900004,99,386,-287
112900005,205,250,-45
112900006,11,585,-574
112900007,86,285,-199
112900008,1,36,-35
112900009,490,174,316
112900010,441,998,-557
112900011,258,365,-107
112900012,0,71,-71
112900013,4,258,-254
112900014,8,368,-360
112900015,462,1098,-636
112900016,1,411,-410
112900017,54,365,-311
112900018,1,315,-314
112900019,79,244,-165
112900020,556,1782,-1226
112900021,4,332,-328
112900022,13,146,-133
112900023,2,312,-310
112900024,52,323,-271
112900025,113,465,-352
112900026,9,349,-340
112900027,12,1596,-1584
112900028,43,213,-170
112900029,19,915,-896
112900030,224,293,-69
112900031,8,688,-680
112900032,208,359,-151
112900034,5,79,-74
112900035,14,595,-581
112900036,28,203,-175
112900037,177,167,10
112900038,840,263,577
112900039,28,402,-374
112900040,22,393,-371
112900041,1629,1678,-49
112900042,38,588,-550
112900043,121,66,55
112900044,812,740,72
112900045,542,444,98
112900046,235,85,150
112900047,17,31,-14
112900049,226,147,79
112900050,89,824,-735
112900051,429,942,-513
112900052,16,1320,-1304
112900053,399,125,274
112900054,239,62,177
112900055,216,37,179
112900056,517,252,265
112900057,12,815,-803
112900058,436,401,35
112900059,214,161,53
112900060,13,276,-263
112900061,127,236,-109
112900062,63,279,-216
112900063,135,10,125
112900064,276,310,-34
112900065,69,41,28
112900066,343,251,92
112900067,670,291,379
112900068,43,37,6
112900069,2545,793,1752
112900071,43,2,41
112900072,329,2345,-2016
112900073,543,119,424
112900074,132,278,-146
112900075,2278,1137,1141
112900076,151,33,118
112900078,344,665,-321
112900079,345,42,303
112900080,67,4,63
112900081,39,244,-205
112900082,584,27,557
112900083,166,94,72
112900084,267,180,87
112900085,0,14,-14
112900086,58,1,57
112900087,951,195,756
112900088,124,19,105
112900089,1282,31,1251
112900090,64,47,17
112900091,254,5,249
112900092,208,352,-144
112900093,1568,22,1546
112900094,452,3,449
112900095,30,0,30
112900096,556,138,418
112900097,100,573,-473
112900098,273,3,270
112900099,1083,34,1049
112900100,95,1,94
112900101,276,5,271
112900102,195,11,184
112900103,230,8,222
112900104,56,0,56
112900105,32,0,32
112900106,459,166,293
112900107,14,1,13
112900108,24,0,24
112900109,112,0,112
112900110,1113,8,1105
112900111,924,6,918
112900112,430,3,427
112900113,2,10,-8
112900114,100,52,48
112900115,1298,9,1289
112900116,116,56,60
112900117,112,134,-22
112900118,50,144,-94
112900119,193,6,187
112900120,1107,361,746
112900121,313,283,30
112900122,21,197,-176
112900123,158,44,114
112900124,22,194,-172
112900125,105,680,-575
112900126,311,291,20
112900127,449,89,360
112900128,489,1079,-590
112900129,8,1410,-1402
112900130,361,98,263
112900131,41,274,-233
112900132,106,489,-383
112900133,43,1657,-1614
112900134,3,417,-414
112900135,95,44,51
112900136,3,47,-44
112900137,4,856,-852
112900138,11,556,-545
112900139,402,2146,-1744
112900140,1,77,-76
112900141,926,48,878
112900142,110,166,-56
112900143,73,818,-745
112900144,4,284,-280
112900145,44,850,-806
112900146,4,1566,-1562
112900147,4,2553,-2549
112900148,80,0,80
112900149,314,358,-44
112900151,18,60,-42
112900152,5255,1353,3902
112900153,2650,2556,94
112900154,0,123,-123
112900155,268,20,248
112900156,386,1798,-1412
112900157,289,11,278
112900158,56,28,28
112900159,344,151,193
112900160,101,323,-222
112900161,130,37,93
112900162,36,30,6
112900163,180,58,122
112900164,21,209,-188
112900165,169,61,108
112900166,45,74,-29
112900167,3,60,-57
112900168,8,5,3
112900169,15,12,3
112900170,81,184,-103
112900172,48,13,35
112900173,262,121,141
112900174,307,61,246
112900175,217,153,64
112900176,7,29,-22
112900177,190,80,110
112900178,966,4287,-3321
112900179,47,682,-635
112900180,3427,2285,1142
112900181,606,12,594
112900182,71,1530,-1459
112900183,209,381,-172
112900184,559,602,-43
112900185,547,739,-192
112900186,2237,1216,1021
112900187,110,577,-467
112900188,1087,455,632
112900189,28,57,-29
112900190,199,80,119
112900192,830,879,-49
112900193,2015,461,1554
112900194,69,169,-100
112900195,997,72,925
112900196,315,621,-306
112900197,256,532,-276
112900199,577,962,-385
112900200,648,416,232
112900201,67,114,-47
112900202,487,1265,-778
112900203,260,419,-159
112900204,1423,702,721
112900205,4,20,-16
112900206,16,77,-61
112900207,14,0,14
112900208,100,318,-218
112900209,708,506,202
112900210,0,22,-22
112900211,95,142,-47
112900212,2,87,-85
112900213,31,28,3
112900214,23,9,14
112900215,15,224,-209
112900216,41,131,-90
112900217,5,79,-74
112900218,64,8,56
112900219,62,78,-16
112900220,2,0,2
112900221,24,185,-161
112900222,1,33,-32
112900223,1510,32,1478
112900224,387,953,-566
112900225,529,657,-128
112900226,375,517,-142
112900227,558,1619,-1061
112900228,77,70,7
112900229,223,75,148
112900230,10054,5997,4057
112900232,319,386,-67
112900233,158,271,-113
112900234,24,205,-181
112900235,116,28,88
112900236,308,27,281
112900237,210,290,-80
112900238,16,64,-48
113000001,7352,8812,-1460
113000002,4291,5216,-925
113000003,2340,3349,-1009
113000004,2541,3735,-1194
113000005,1889,1507,382
113000006,1902,2240,-338
113000007,2664,1746,918
113000008,2530,2547,-17
113000009,1215,1274,-59
113000010,1437,2256,-819
113000011,980,1867,-887
113000012,1951,1114,837
113000013,1735,805,930
113000014,2035,1677,358
113000015,818,249,569
113000016,487,705,-218
113000017,101,416,-315
113000018,664,72,592
113000019,425,335,90
113000020,463,58,405
113000021,2296,750,1546
113000022,808,1703,-895
113000025,109,443,-334
113000026,688,733,-45
113000027,1475,723,752
113000028,1966,743,1223
113000029,1090,907,183
113000030,486,960,-474
113000031,338,517,-179
113000032,288,430,-142
113000033,444,561,-117
113000034,537,557,-20
113000035,46,50,-4
113000036,32,90,-58
113000037,102,64,38
113000038,20,99,-79
113000039,137,736,-599
113000040,50,127,-77
113000042,1034,886,148
113000051,1166,3584,-2418
113000052,2609,1745,864
113000053,424,643,-219
113000054,381,1279,-898
113000055,1407,1151,256
113000056,1055,1384,-329
113000058,987,1052,-65
113000059,1294,975,319
113000060,249,694,-445
113000061,631,1326,-695
113000062,1533,367,1166
113000063,179,219,-40
113000064,53,466,-413
113000065,215,1331,-1116
113000066,942,174,768
113000067,2491,1943,548
113000068,616,2105,-1489
113000069,734,1799,-1065
113000070,3026,1569,1457
113000071,497,968,-471
113000072,943,789,154
113000073,876,2395,-1519
113000074,1423,716,707
113000075,2514,1069,1445
113000076,1238,2456,-1218
113000077,2020,649,1371
113000078,1194,3614,-2420
113000079,1340,1075,265
113000080,946,714,232
113000081,1208,1220,-12
113000082,2333,1032,1301
113000083,767,1263,-496
113000084,2348,1710,638
113000085,1245,971,274
113000086,1322,1660,-338
113000087,1250,1250,0
113000088,3414,1831,1583
113000089,1071,2296,-1225
113000090,386,866,-480
113000091,837,454,383
113000094,1685,274,1411
113000095,372,1323,-951
113000096,237,1043,-806
113000097,1692,555,1137
113000098,215,52,163
113000099,1333,467,866
113000100,198,569,-371
113000101,589,831,-242
113000102,889,511,378
113000103,3146,898,2248
113000104,592,3155,-2563
113000105,1149,588,561
113000106,604,870,-266
113000107,849,1108,-259
113000108,1023,1792,-769
113000109,823,4822,-3999
113000110,1864,677,1187
113000111,220,925,-705
113000112,472,360,112
113000113,1962,354,1608
113000114,475,2649,-2174
113000116,1060,369,691
113000117,1168,206,962
113000118,289,1008,-719
113000119,413,475,-62
113000120,97,353,-256
113000121,1295,1158,137
113000124,300,179,121
113000125,71,1023,-952
113000127,3762,637,3125
113000128,648,919,-271
113000129,732,1565,-833
113000133,4065,2831,1234
113000134,16,1694,-1678
113000135,4514,6016,-1502
113000137,3077,4293,-1216
113000139,530,263,267
113000140,203,423,-220
113000141,533,256,277
113000142,1177,1677,-500
113000143,330,267,63
113000144,568,957,-389
113000145,64,241,-177
113000146,184,143,41
113000147,263,328,-65
113000148,174,235,-61
113000149,168,269,-101
113000150,906,602,304
113000151,121,93,28
113000152,42,137,-95
113000153,2063,855,1208
113000154,1076,2303,-1227
113000155,396,705,-309
113000156,190,616,-426
113000157,435,1341,-906
113000158,960,338,622
113000159,1320,823,497
113000160,739,1831,-1092
113000161,323,699,-376
113000162,965,672,293
113000163,160,65,95
113000164,27,149,-122
113000166,183,125,58
113000167,67,201,-134
113000168,75,180,-105
113000169,166,101,65
113000170,132,132,0
113000171,80,138,-58
113000172,270,91,179
113000173,61,22,39
113000174,117,612,-495
113000175,606,116,490
113000176,678,172,506
113000177,193,554,-361
113000178,274,478,-204
113000179,492,242,250
113000180,1146,1720,-574
113000181,1281,1261,20
113000182,266,660,-394
113000183,244,766,-522
113000184,24,167,-143
113000189,728,1224,-496
113000190,1520,872,648
113000192,2388,2326,62
113000193,7162,1358,5804
113000194,3116,1408,1708
113000195,3915,1089,2826
113000196,264,128,136
113000197,2831,1588,1243
113000198,95,518,-423
113000199,2665,435,2230
113000201,1739,331,1408
113000202,5923,6041,-118
113000203,414,336,78
113000204,2512,2496,16
113000205,30,58,-28
113000206,13,44,-31
113000207,116,28,88
113000208,44,75,-31
113000209,48,48,0
113000210,14,49,-35
113000211,299,229,70
113000212,210,34,176
113000213,64,214,-150
113000214,295,509,-214
113000234,219,1518,-1299
113000410,386,317,69
113000411,4358,6138,-1780
113000412,10610,3533,7077
113000413,4495,4243,252
113000414,11365,20530,-9165
113000415,3606,4811,-1205
113000416,13106,6486,6620
113000417,4623,5248,-625
113000418,5581,4087,1494
113000419,2630,2923,-293
113000420,5264,7999,-2735
113000421,5044,8294,-3250
113000422,18007,15560,2447
113000423,3219,7267,-4048
113000424,4663,12353,-7690
113000425,11,102,-91
113000428,106,30,76
113000430,9,38,-29
113000432,3514,180,3334
113000433,127,1472,-1345
113000434,39,254,-215
113000435,44,987,-943
113000436,50,1799,-1749
113000437,1120,25,1095
113000438,384,19,365
113000439,25,141,-116
113000440,134,33,101
113000441,273,242,31
113000442,173,235,-62
113000443,278,307,-29
113000444,299,291,8
113000445,107,179,-72
113000446,27,127,-100
113000448,175,417,-242
113000449,348,1450,-1102
113000450,903,7336,-6433
113000451,1475,315,1160
113000452,577,1117,-540
113000453,38,378,-340
113000454,4131,35,4096
113000455,13,288,-275
113000456,5816,3841,1975
113000468,2585,551,2034
113000469,342,255,87
113000470,559,81,478
113000471,13,535,-522
113000472,155,447,-292
113000474,504,815,-311
113000475,2281,2692,-411
113000476,1685,2300,-615
113000477,3188,2598,590
113000478,5291,7833,-2542
113000479,113,231,-118
113000480,147,163,-16
113000482,0,0,0
113000483,0,0,0
113000485,0,0,0
113000486,16,0,16
113000487,0,2,-2
113000488,0,0,0
113000489,0,0,0
113000490,0,0,0
113000491,1,10,-9
113000492,1,0,1
113000493,2,0,2
113000495,139,179,-40
113000496,66,94,-28
113000497,0,0,0
113000500,0,4,-4
113900001,8,539,-531
113900002,0,235,-235
113900003,2,206,-204
113900004,3,145,-142
113900005,2,125,-123
113900006,16,46,-30
113900007,559,45,514
113900008,457,3,454
113900009,1049,2,1047
113900010,670,6,664
113900011,99,7,92
113900012,73,3,70
113900013,2299,40,2259
113900014,656,8,648
113900015,0,58,-58
113900016,28,0,28
113900017,3,74,-71
113900018,649,286,363
113900019,225,104,121
113900020,202,1,201
113900022,24,0,24
113900023,53,0,53
113900024,64,91,-27
113900025,432,47,385
113900026,54,0,54
113900027,4,70,-66
113900028,37,630,-593
113900029,68,275,-207
113900030,300,4,296
113900031,11,1,10
113900032,32,0,32
113900033,76,97,-21
113900035,48,4,44
113900036,18,141,-123
113900037,136,581,-445
113900038,45,114,-69
113900039,198,23,175
113900040,10,4,6
113900041,8,5,3
113900042,98,67,31
113900043,304,194,110
113900044,282,284,-2
113900045,118,6,112
113900046,402,869,-467
113900047,66,164,-98
113900048,327,107,220
113900049,897,556,341
113900050,283,453,-170
113900051,358,618,-260
113900052,220,242,-22
113900053,1022,720,302
113900054,46,11,35
113900055,103,613,-510
113900056,82,257,-175
113900057,24,374,-350
113900058,75,264,-189
113900059,273,548,-275
113900060,115,318,-203
113900061,1351,327,1024
113900062,72,23,49
113900063,158,219,-61
113900064,59,183,-124
113900065,543,34,509
113900066,393,521,-128
113900067,225,424,-199
113900068,680,641,39
113900069,65,55,10
113900070,255,690,-435
113900071,101,97,4
113900072,105,324,-219
113900073,200,444,-244
113900074,252,423,-171
113900075,1549,1457,92
113900076,242,13,229
113900077,135,288,-153
113900078,92,95,-3
113900079,2,84,-82
113900080,811,289,522
113900081,154,365,-211
113900082,194,452,-258
113900083,337,559,-222
113900084,313,195,118
113900085,54,352,-298
113900086,28,26,2
113900087,116,274,-158
113900088,67,132,-65
113900089,637,68,569
113900090,809,492,317
113900091,26,22,4
113900092,67,135,-68
113900093,113,958,-845
113900094,557,646,-89
113900095,152,178,-26
113900096,313,76,237
113900097,44,140,-96
113900098,860,157,703
113900099,0,93,-93
113900100,1,8,-7
113900101,26,108,-82
113900102,272,171,101
113900103,404,405,-1
113900104,140,262,-122
113900105,149,395,-246
113900106,0,120,-120
113900107,1,37,-36
113900108,340,334,6
113900109,525,215,310
113900110,53,16,37
113900111,191,129,62
113900112,224,115,109
113900113,1239,717,522
113900114,4,159,-155
113900115,4,147,-143
113900116,149,243,-94
113900117,248,48,200
113900118,373,509,-136
113900119,345,740,-395
113900120,67,60,7
113900121,59,134,-75
113900122,518,2423,-1905
113900123,588,221,367
113900124,5,97,-92
113900125,1595,226,1369
113900126,143,97,46
113900127,399,805,-406
113900128,163,87,76
113900129,12,165,-153
113900130,6,51,-45
113900131,268,177,91
113900132,74,68,6
113900133,31,62,-31
113900135,280,372,-92
113900136,161,132,29
113900137,507,339,168
113900138,99,248,-149
113900139,566,220,346
113900140,576,441,135
113900141,710,522,188
113900142,216,119,97
113900143,12,44,-32
113900144,526,325,201
113900145,357,242,115
113900146,175,84,91
113900148,191,470,-279
113900149,217,108,109
113900150,1284,896,388
113900151,486,287,199
113900152,33,67,-34
113900153,555,1042,-487
113900154,2,151,-149
113900155,273,235,38
113900156,318,708,-390
113900157,46,377,-331
113900158,787,490,297
113900159,24,326,-302
113900160,678,751,-73
113900161,60,316,-256
113900162,939,1082,-143
113900163,491,366,125
113900164,397,62,335
113900165,904,748,156
113900166,374,292,82
113900167,332,64,268
113900168,201,192,9
113900169,352,549,-197
113900171,290,157,133
113900172,13,260,-247
113900173,54,833,-779
113900174,658,798,-140
113900175,510,196,314
113900176,395,899,-504
113900177,430,284,146
113900178,342,156,186
113900179,12,642,-630
113900180,221,165,56
113900181,839,147,692
113900182,1066,1545,-479
113900183,100,120,-20
113900184,16,556,-540
113900185,232,109,123
113900186,41,58,-17
113900187,52,215,-163
113900188,31,229,-198
113900189,410,123,287
113900190,386,153,233
113900191,159,321,-162
113900192,10,796,-786
113900193,36,243,-207
113900194,2439,1399,1040
113900195,324,539,-215
113900196,4,179,-175
113900197,5,268,-263
113900198,62,224,-162
113900199,192,1112,-920
113900200,30,369,-339
113900201,1,267,-266
113900202,54,422,-368
113900203,1,148,-147
113900204,81,822,-741
113900205,13,255,-242
113900206,2,194,-192
113900207,3,80,-77
113900208,1,77,-76
113900209,0,118,-118
113900210,694,1123,-429
113900211,304,144,160
113900212,338,714,-376
113900214,657,576,81
113900215,76,180,-104
113900216,108,1403,-1295
113900217,106,338,-232
113900218,174,60,114
113900219,117,470,-353
113900220,257,155,102
113900221,529,346,183
113900222,370,667,-297
113900223,198,1219,-1021
113900224,112,109,3
113900225,842,367,475
113900226,418,152,266
113900227,378,316,62
113900228,379,553,-174
113900229,105,1064,-959
113900230,7033,4248,2785
113900231,270,356,-86
113900232,110,165,-55
113900233,130,99,31
113900234,389,556,-167
113900235,112,47,65
113900236,149,475,-326
113900237,196,7,189
113900238,407,697,-290
113900239,125,97,28
113900240,7,205,-198
113900241,168,102,66
113900242,69,210,-141
113900243,159,607,-448
113900244,583,338,245
113900245,1730,397,1333
113900246,23,29,-6
113900247,226,578,-352
113900248,4425,2622,1803
113900249,1516,580,936
113900250,108,215,-107
113900251,815,254,561
113900252,723,27,696
113900253,1017,93,924
113900254,1268,261,1007
113900255,617,23,594
113900256,473,53,420
113900257,45,714,-669
113900258,22,552,-530
113900259,755,239,516
113900260,326,67,259
113900261,23,107,-84
113900262,180,814,-634
113900263,264,1029,-765
113900264,7,633,-626
113900265,191,443,-252
113900266,31,297,-266
113900267,153,653,-500
113900268,397,597,-200
113900269,86,239,-153
113900270,444,795,-351
113900271,978,1795,-817
113900273,111,12,99
113900274,108,31,77
113900275,57,96,-39
113900276,2,249,-247
113900277,200,7,193
113900278,319,238,81
113900279,169,130,39
113900280,1758,640,1118
113900281,835,1841,-1006
113900282,1168,798,370
113900283,486,610,-124
113900284,1034,206,828
113900285,179,25,154
113900286,99,163,-64
113900287,46,171,-125
113900288,3,164,-161
113900289,1635,159,1476
113900290,484,229,255
113900291,178,248,-70
113900292,17,15,2
113900293,4,379,-375
113900294,624,35,589
113900295,594,478,116
113900296,2655,542,2113
113900297,2776,75,2701
113900298,15,2228,-2213
113900299,71,245,-174
113900300,7822,4697,3125
113900301,1313,583,730
113900302,3059,1275,1784
113900303,861,622,239
113900304,1,219,-218
113900305,113,0,113
113900306,40,0,40
113900307,138,2,136
113900308,141,196,-55
113900309,4,935,-931
113900310,0,13,-13
113900311,1,0,1
113900312,198,247,-49
113900313,33,17,16
114000001,1571,4550,-2979
114000002,312,504,-192
114000003,48,315,-267
114000004,90,156,-66
114000005,318,254,64
114000006,4936,3040,1896
114000007,1029,1839,-810
114000008,2203,2212,-9
114000009,995,349,646
114000011,3385,4094,-709
114000012,2803,2934,-131
114000013,2114,2608,-494
114000014,630,466,164
114000015,2738,601,2137
114000016,293,485,-192
114000017,114,241,-127
114000018,410,78,332
114000026,2020,1930,90
114000027,4119,2909,1210
114000028,3308,3580,-272
114000038,360,186,174
114000039,123,85,38
114000040,126,395,-269
114000042,159,259,-100
114000043,91,205,-114
114000044,220,76,144
114000045,74,142,-68
114000046,4796,6428,-1632
114000047,63,110,-47
114000048,89,50,39
114000049,2203,2129,74
114000050,2779,3168,-389
114000051,5661,2755,2906
114000052,8349,2333,6016
114000053,169,769,-600
114000054,230,1423,-1193
114000055,769,28,741
114000056,1738,1081,657
114000057,9947,3158,6789
114000058,857,2194,-1337
114000059,453,456,-3
114000060,926,1278,-352
114000061,4614,3541,1073
114000062,3661,1824,1837
114000063,3682,2357,1325
114000064,9037,5312,3725
114000065,2226,3458,-1232
114000066,566,842,-276
114000067,41,937,-896
114000068,634,995,-361
114000069,1706,744,962
114000070,2755,2168,587
114000071,1214,785,429
114000072,568,390,178
114000073,41,146,-105
114000074,43,21,22
114000075,56,186,-130
114000076,12,252,-240
114000077,8,104,-96
114000078,403,1157,-754
114000079,197,33,164
114000080,95,126,-31
114000081,79,91,-12
114000082,37,753,-716
114000083,60,412,-352
114000084,424,142,282
114000085,149,972,-823
114000086,349,673,-324
114000087,168,310,-142
114000088,61,71,-10
114000089,1576,651,925
114000090,1047,898,149
114000091,2360,1026,1334
114000092,1409,707,702
114000093,1832,957,875
114000094,495,401,94
114000095,414,148,266
114000096,274,489,-215
114000097,182,988,-806
114000098,639,100,539
114000099,737,910,-173
114000100,1708,946,762
114000101,489,1255,-766
114000102,595,413,182
114000103,148,605,-457
114000104,14,460,-446
114000105,141,69,72
114000106,1364,1293,71
114000107,372,236,136
114000108,2201,1634,567
114000109,573,1273,-700
114000110,829,2125,-1296
114000111,2031,944,1087
114000112,620,2027,-1407
114000113,1343,392,951
114000114,1717,1902,-185
114000115,3261,1127,2134
114000116,889,2063,-1174
114000117,3359,623,2736
114000118,2843,679,2164
114000119,2059,610,1449
114000120,886,1178,-292
114000121,576,998,-422
114000122,472,404,68
114000123,2284,470,1814
114000124,1344,344,1000
114000125,869,1839,-970
114000126,1935,269,1666
114000127,203,312,-109
114000128,1056,660,396
114000130,558,666,-108
114000131,295,174,121
114000132,959,876,83
114000133,1303,2020,-717
114000134,115,301,-186
114000138,90,279,-189
114000139,701,283,418
114000144,1275,642,633
114000145,136,284,-148
114000146,175,455,-280
114000147,1699,2340,-641
114000148,2762,2331,431
114000149,508,340,168
114000150,1011,871,140
114000151,1122,1492,-370
114000152,204,57,147
114000153,1216,2651,-1435
114000154,1130,902,228
114000155,1678,2971,-1293
114000156,1294,673,621
114000157,356,1139,-783
114000158,2548,1324,1224
114000159,232,601,-369
114000160,157,373,-216
114000161,2028,3527,-1499
114000162,1501,2849,-1348
114000163,15,169,-154
114000165,683,288,395
114000166,1082,451,631
114000167,4751,1908,2843
114000168,970,891,79
114000169,2121,1233,888
114000170,1735,1394,341
114000171,1342,4009,-2667
114000174,281,668,-387
114000176,813,577,236
114000177,3040,1213,1827
114000178,68,67,1
114000179,1541,1007,534
114000180,613,902,-289
114000181,2388,4602,-2214
114000182,5561,3217,2344
114000183,1249,1392,-143
114000184,7486,1843,5643
114000185,1408,1125,283
114000189,1158,161,997
114000190,2871,412,2459
114000191,45,101,-56
114000192,472,2247,-1775
114000193,1035,4461,-3426
114000194,1716,1324,392
114000195,206,35,171
114000196,5,402,-397
114000197,1400,29,1371
114000198,1352,493,859
114000199,3088,2380,708
114000200,689,2555,-1866
114000201,300,1102,-802
114000202,1364,789,575
114000203,688,979,-291
114000204,207,630,-423
114000205,310,2250,-1940
114000206,660,1736,-1076
114000207,962,2777,-1815
114000208,683,4086,-3403
114000209,926,3734,-2808
114000210,468,2317,-1849
114000211,1314,2218,-904
114000212,1054,1005,49
114000213,1689,821,868
114000214,110,237,-127
114000215,238,104,134
114000216,1956,462,1494
114000217,302,350,-48
114000218,132,342,-210
114000219,1537,367,1170
114000220,42,1083,-1041
114000221,856,250,606
114000222,210,1418,-1208
114000223,578,181,397
114000224,141,868,-727
114000225,403,756,-353
114000226,208,303,-95
114000227,1338,583,755
114000228,976,1086,-110
114000229,1263,1665,-402
114000230,1998,1630,368
114000231,1265,1800,-535
114000232,781,196,585
114000233,2492,194,2298
114000234,1275,1118,157
114000235,1135,1799,-664
114000236,2,785,-783
114000237,148,1431,-1283
114000238,192,282,-90
114000239,178,1831,-1653
114000240,1076,992,84
114000241,290,1272,-982
114000242,1230,1144,86
114000243,1951,1150,801
114000244,835,537,298
114000245,382,742,-360
114000246,278,70,208
114000247,1005,1004,1
114000248,1105,767,338
114000249,688,696,-8
114000250,586,963,-377
114000251,401,397,4
114000252,100,112,-12
114000253,54,161,-107
114000254,65,124,-59
114000255,966,458,508
114000256,2623,2732,-109
114000257,598,1877,-1279
114000258,437,505,-68
114000259,125,314,-189
114000260,0,29,-29
114000261,58,45,13
114000262,209,241,-32
114000263,11,1,10
114000264,1551,767,784
114000265,0,13,-13
114000267,8,2078,-2070
114000268,5,2285,-2280
114000270,144,13,131
114000271,731,94,637
114000283,1447,602,845
114000285,40,355,-315
114000288,73,445,-372
114000289,1773,172,1601
114000293,266,565,-299
114000294,184,477,-293
114000395,2350,119,2231
114000396,684,608,76
114000402,564,414,150
114000403,309,573,-264
114000405,109,677,-568
114000423,309,543,-234
114000424,506,217,289
114000425,766,601,165
114000426,405,959,-554
114000427,62,100,-38
114000428,312,192,120
114000429,28,291,-263
114000432,112,119,-7
114000434,53,146,-93
114900001,976,1575,-599
114900002,742,111,631
114900003,816,2289,-1473
114900004,266,481,-215
114900005,737,1216,-479
114900006,113,49,64
114900007,263,37,226
114900008,242,141,101
114900010,3362,2987,375
114900011,277,213,64
114900013,301,149,152
114900015,129,638,-509
114900018,1119,56,1063
114900020,326,106,220
114900021,483,220,263
114900022,20,809,-789
114900024,501,229,272
114900025,556,287,269
114900026,64,180,-116
114900027,331,314,17
114900029,52,35,17
114900030,392,212,180
114900031,421,29,392
114900032,535,77,458
114900033,1700,932,768
114900034,75,306,-231
114900035,184,372,-188
114900036,317,1108,-791
114900037,144,281,-137
114900038,232,963,-731
114900039,699,862,-163
114900040,113,266,-153
114900041,847,803,44
114900042,1025,1028,-3
114900043,837,414,423
114900044,135,45,90
114900045,173,429,-256
114900046,70,192,-122
114900047,283,2240,-1957
114900048,149,392,-243
114900049,6,241,-235
114900050,67,716,-649
114900051,64,573,-509
114900052,89,310,-221
114900053,97,454,-357
114900054,67,208,-141
114900057,266,13,253
114900058,4,269,-265
114900059,102,69,33
114900060,2012,1034,978
114900061,167,229,-62
114900062,523,486,37
114900063,90,340,-250
114900064,1603,825,778
114900065,459,1121,-662
114900067,59,582,-523
114900068,128,214,-86
114900069,336,204,132
114900070,768,565,203
114900072,10,328,-318
114900073,3,256,-253
114900074,774,977,-203
114900075,354,9,345
114900076,15,450,-435
114900080,3303,634,2669
114900082,4776,2513,2263
114900083,1779,1738,41
114900084,294,278,16
114900090,439,350,89
114900091,161,310,-149
114900095,438,207,231
114900096,709,1024,-315
114900097,151,71,80
114900098,5,286,-281
114900099,208,7,201
115000001,9577,6529,3048
115000002,4330,4996,-666
115000003,6535,5203,1332
115000004,4963,7273,-2310
115000005,2149,3340,-1191
115000006,1260,1865,-605
115000007,61,242,-181
115000008,498,508,-10
115000009,234,322,-88
115000010,424,203,221
115000013,126,211,-85
115000015,58,345,-287
115000016,203,343,-140
115000019,32,651,-619
115000020,210,825,-615
115000021,319,602,-283
115000022,734,525,209
115000023,422,712,-290
115000024,1748,694,1054
115000025,1168,816,352
115000026,197,552,-355
115000027,318,421,-103
115000028,301,1249,-948
115000029,659,161,498
115000030,1207,1460,-253
115000031,1320,558,762
115000032,4,294,-290
115000033,173,39,134
115000034,164,1507,-1343
115000035,1372,86,1286
115000036,2,466,-464
115000037,802,19,783
115000038,46,212,-166
115000039,4298,3584,714
115000040,8330,3872,4458
115000041,1484,3824,-2340
115000042,1067,977,90
115000043,4129,2833,1296
115000044,4973,5503,-530
115000045,3467,2678,789
115000046,2549,3314,-765
115000047,2410,2240,170
115000048,2080,3747,-1667
115000049,2293,4739,-2446
115000050,4267,2557,1710
115000051,2212,3412,-1200
115000052,3333,2432,901
115000053,1965,2190,-225
115000054,835,1621,-786
115000055,222,423,-201
115000056,231,760,-529
115000057,933,785,148
115000058,633,215,418
115000059,414,187,227
115000061,420,129,291
115000062,302,340,-38
115000063,346,353,-7
115000064,361,177,184
115000065,50,526,-476
115000067,232,43,189
115000069,81,449,-368
115000070,39,1447,-1408
115000071,192,17,175
115000072,9,92,-83
115000073,1722,76,1646
115000075,110,79,31
115000076,4915,4185,730
115000077,2531,3673,-1142
115000078,1644,2122,-478
115000079,1652,2704,-1052
115000080,3038,3370,-332
115000081,629,1234,-605
115000082,4611,4765,-154
115000083,2659,3298,-639
115000084,2442,1596,846
115000085,1014,1357,-343
115000086,1293,1199,94
115000087,664,2102,-1438
115000088,2330,917,1413
115000089,1932,1811,121
115000090,734,1110,-376
115000091,347,1441,-1094
115000092,485,463,22
115000093,503,6,497
115000094,10217,6953,3264
115000095,7466,7240,226
115000096,739,2422,-1683
115000097,1011,1165,-154
115000098,1224,1185,39
115000099,3054,4282,-1228
115000100,1266,614,652
115000101,617,2093,-1476
115000102,552,343,209
115000103,432,997,-565
115000105,61,209,-148
115000106,603,418,185
115000107,269,702,-433
115000108,5065,3198,1867
115000109,6555,5442,1113
115000110,1956,1786,170
115000111,932,2411,-1479
115000112,1042,1011,31
115000113,907,1285,-378
115000114,2179,1174,1005
115000116,5357,2782,2575
115000117,5688,3967,1721
115000118,3275,2178,1097
115000119,2790,3035,-245
115000120,827,1580,-753
115000121,1876,1338,538
115000122,5033,2647,2386
115000123,2318,2949,-631
115000124,1063,1138,-75
115000125,660,694,-34
115000126,251,349,-98
115000127,570,193,377
115000128,924,1020,-96
115000129,400,417,-17
115000130,475,1284,-809
115000131,803,347,456
115000132,278,568,-290
115000133,681,403,278
115000134,435,326,109
115000135,460,259,201
115000136,402,310,92
115000137,250,295,-45
115000138,273,344,-71
115000139,333,329,4
115000140,417,301,116
115000141,232,417,-185
115000142,194,393,-199
115000143,609,665,-56
115000144,677,118,559
115000145,293,632,-339
115000146,526,344,182
115000147,704,741,-37
115000148,470,1719,-1249
115000149,818,274,544
115000150,945,1548,-603
115000151,1400,681,719
115000152,918,1981,-1063
115000153,1346,777,569
115000154,961,463,498
115000155,779,1579,-800
115000156,1570,892,678
115000157,1179,1273,-94
115000158,1243,540,703
115000159,1092,726,366
115000160,912,885,27
115000161,637,786,-149
115000162,904,974,-70
115000163,854,782,72
115000164,940,743,197
115000165,632,571,61
115000167,146,97,49
115000168,857,439,418
115000169,966,476,490
115000170,295,166,129
115000171,441,285,156
115000172,1946,842,1104
115000173,510,681,-171
115000174,435,321,114
115000175,366,97,269
115000176,265,98,167
115000177,321,132,189
115000178,46,386,-340
115000179,71,59,12
115000180,218,1144,-926
115000181,678,182,496
115000182,864,516,348
115000183,442,1269,-827
115000186,811,346,465
115000187,261,989,-728
115000188,486,681,-195
115000189,331,593,-262
115000190,1111,714,397
115000191,564,843,-279
115000194,257,277,-20
115000195,469,386,83
115000196,211,124,87
115000197,199,436,-237
115000198,409,269,140
115000199,365,342,23
115000200,479,123,356
115000201,179,540,-361
115000206,514,101,413
115000207,170,506,-336
115000208,638,909,-271
115000209,656,387,269
115000210,214,154,60
115000211,283,338,-55
115000212,2276,339,1937
115000218,160,128,32
115000219,43,70,-27
115000224,451,83,368
115000225,73,79,-6
115000229,321,164,157
115000230,194,559,-365
115000231,367,2874,-2507
115000232,1726,447,1279
115000233,206,277,-71
115000234,31,403,-372
115000241,114,333,-219
115000242,133,400,-267
115000243,35,291,-256
115000244,1,128,-127
115000246,42,32,10
115000247,64,21,43
115000248,16,16,0
115000249,49,32,17
115000250,417,45,372
115000251,330,210,120
115000252,120,280,-160
115000253,18,510,-492
115000258,356,248,108
115000259,458,247,211
115000261,12,28,-16
115000262,9,34,-25
115000263,10,57,-47
115000264,26,51,-25
115000267,78,90,-12
115000268,31,155,-124
115000269,139,93,46
115000270,6,24,-18
115000272,75,187,-112
115000273,410,55,355
115000274,354,406,-52
115000280,2617,201,2416
115000281,867,747,120
115000282,1875,1012,863
115000284,290,283,7
115000296,1594,16,1578
115000297,353,182,171
115000298,160,466,-306
115000300,232,306,-74
115000302,642,296,346
115000303,751,290,461
115000304,915,158,757
115000305,129,1216,-1087
115000306,269,486,-217
115000307,137,184,-47
115000308,28,13,15
115000310,1067,1185,-118
115000311,942,1731,-789
115000313,157,918,-761
115000314,526,197,329
115000315,1080,489,591
115000316,90,152,-62
115000317,281,852,-571
115000318,1048,457,591
115000319,139,446,-307
115000320,14,398,-384
115000321,595,30,565
115000322,47,374,-327
115000449,404,183,221
115000557,63,1384,-1321
115000558,621,121,500
115000587,530,542,-12
115000588,3094,3981,-887
115000589,4091,3000,1091
115000590,1667,2021,-354
115000591,2111,962,1149
115000592,1225,2445,-1220
115000593,1955,714,1241
115000594,1187,2603,-1416
115000609,115,142,-27
115000617,3061,4396,-1335
115000624,220,45,175
115000633,632,2877,-2245
115000634,3638,1095,2543
115000635,609,212,397
115000638,1402,1021,381
115000641,74,180,-106
115000642,353,384,-31
115000643,142,663,-521
115000644,186,548,-362
115000646,1146,1896,-750
115000647,238,643,-405
115000648,2094,2518,-424
115000893,3562,1813,1749
115000894,237,1664,-1427
115000895,504,1096,-592
115000896,1676,380,1296
115000897,712,160,552
115000898,1436,256,1180
115000899,765,1312,-547
115000900,245,540,-295
115000901,117,161,-44
115000912,440,108,332
115000913,1,24,-23
115000915,108,0,108
115000916,50,1,49
115000917,0,16,-16
115000918,77,719,-642
115000919,8,13,-5
115000920,102,85,17
115000921,1237,214,1023
115000922,2146,915,1231
115000923,578,1029,-451
115000925,48,113,-65
115000927,35,48,-13
115000933,212,181,31
115900001,141,50,91
115900002,130,236,-106
115900003,245,167,78
115900004,1,83,-82
115900005,159,21,138
115900006,160,410,-250
115900008,51,16,35
115900009,84,382,-298
115900010,413,274,139
115900011,480,291,189
115900012,158,105,53
115900013,669,275,394
115900014,123,195,-72
115900015,129,110,19
115900016,94,49,45
115900017,21,2,19
115900018,176,144,32
115900019,1179,61,1118
115900020,61,2,59
115900021,2015,561,1454
115900022,1699,30,1669
115900023,59,2,57
115900025,47,233,-186
115900026,1289,311,978
115900027,0,397,-397
115900028,963,109,854
115900029,3,481,-478
115900030,37,18,19
115900031,414,374,40
115900032,746,1090,-344
115900033,1,56,-55
115900034,32,615,-583
115900035,64,17,47
115900036,89,673,-584
115900037,66,556,-490
115900038,57,6,51
115900039,211,335,-124
115900041,570,618,-48
115900042,22,6,16
115900043,139,100,39
115900044,364,421,-57
115900046,294,384,-90
115900047,125,133,-8
115900049,215,287,-72
115900051,3,43,-40
115900052,9,317,-308
115900053,304,358,-54
115900054,250,37,213
115900055,19,192,-173
115900056,340,472,-132
115900057,96,11,85
115900058,26,85,-59
115900060,196,207,-11
115900061,311,4,307
115900062,113,395,-282
115900063,62,11,51
115900064,207,320,-113
115900065,151,111,40
115900066,216,182,34
115900067,8,797,-789
115900068,4231,826,3405
115900069,51,204,-153
115900070,214,222,-8
115900071,0,627,-627
115900072,79,279,-200
115900073,66,96,-30
115900074,4,409,-405
115900075,42,368,-326
115900076,3,77,-74
115900077,4,354,-350
115900078,70,182,-112
115900079,260,32,228
115900080,700,353,347
115900081,11,78,-67
115900082,186,256,-70
115900084,438,27,411
115900085,133,80,53
115900086,2176,794,1382
115900088,15,40,-25
115900089,288,803,-515
115900090,358,30,328
115900091,17,14,3
115900092,39,256,-217
115900093,7,28,-21
115900094,5,495,-490
115900096,8,12,-4
115900097,14,498,-484
115900098,151,681,-530
115900099,61,80,-19
115900100,15,868,-853
115900101,147,492,-345
115900102,58,93,-35
115900103,309,260,49
115900104,64,153,-89
115900105,274,932,-658
115900106,81,34,47
115900107,43,202,-159
115900108,111,55,56
115900109,90,620,-530
115900110,0,42,-42
115900111,3,101,-98
115900112,73,1472,-1399
115900113,61,52,9
115900114,2,170,-168
115900115,66,256,-190
115900116,121,1419,-1298
115900117,79,26,53
115900118,3,362,-359
115900119,151,133,18
115900120,56,601,-545
115900121,212,382,-170
115900124,265,737,-472
115900125,341,65,276
115900126,977,158,819
115900127,784,96,688
115900128,10,99,-89
115900129,1020,62,958
115900130,52,295,-243
115900131,435,39,396
115900132,643,17,626
115900134,414,18,396
115900135,616,1319,-703
115900137,58,4,54
115900139,264,235,29
115900140,251,40,211
115900141,41,185,-144
115900142,46,93,-47
115900143,171,409,-238
115900144,97,376,-279
115900146,10,145,-135
115900147,323,371,-48
115900148,69,18,51
115900149,95,26,69
115900150,113,58,55
115900151,9,75,-66
115900152,167,426,-259
115900153,144,282,-138
115900154,704,454,250
115900155,0,75,-75
115900156,892,1209,-317
115900157,163,655,-492
115900158,18,14,4
115900159,116,347,-231
115900160,10,9,1
115900161,145,242,-97
115900163,240,186,54
115900164,634,49,585
115900165,2,151,-149
115900166,223,254,-31
115900168,162,235,-73
115900171,246,589,-343
115900172,91,177,-86
115900173,312,216,96
115900174,407,282,125
115900175,120,237,-117
115900178,9,829,-820
115900179,241,34,207
115900180,60,309,-249
115900181,171,290,-119
115900182,392,394,-2
115900183,346,134,212
115900184,2164,24,2140
115900187,23,176,-153
115900189,1,294,-293
115900190,615,1607,-992
115900191,75,571,-496
115900192,18,90,-72
115900193,231,137,94
115900194,751,88,663
115900195,989,2411,-1422
115900198,403,400,3
115900199,279,362,-83
115900200,381,472,-91
115900201,534,437,97
115900202,0,93,-93
115900203,6,8,-2
115900204,8,2,6
115900205,177,22,155
115900206,218,201,17
115900207,18,53,-35
115900208,164,284,-120
115900209,11,216,-205
115900210,6,163,-157
115900211,0,339,-339
115900212,161,358,-197
115900213,220,106,114
115900214,366,265,101
115900215,22,79,-57
115900216,12,111,-99
115900217,1,73,-72
115900218,5,53,-48
115900219,89,11,78
115900220,148,10,138
115900221,90,23,67
115900222,52,31,21
115900223,27,294,-267
115900224,1657,1046,611
115900225,75,45,30
115900226,16,68,-52
115900227,30,65,-35
115900228,13,61,-48
115900229,10,82,-72
115900230,82,167,-85
115900231,148,5,143
115900232,92,1,91
115900233,122,36,86
115900234,56,44,12
115900235,22,56,-34
115900236,36,48,-12
115900237,19,38,-19
115900238,26,21,5
115900239,23,32,-9
115900240,11,67,-56
115900241,261,115,146
115900242,308,431,-123
115900243,24,13,11
115900244,34,24,10
115900245,5,6,-1
115900246,13,2,11
115900247,37,8,29
115900248,13,5,8
115900249,8,18,-10
115900250,18,28,-10
115900251,1,12,-11
115900252,6,4,2
115900253,5,24,-19
115900254,66,38,28
115900255,10,35,-25
115900256,20,48,-28
115900257,12,5,7
115900258,0,5,-5
115900259,7,3,4
115900260,12,1,11
115900261,19,4,15
115900262,1,3,-2
115900263,8,6,2
115900264,32,8,24
115900265,3,6,-3
115900266,5,16,-11
115900267,9,21,-12
115900268,3,10,-7
115900269,449,487,-38
115900270,412,656,-244
116000001,18080,6822,11258
116000002,6261,12734,-6473
116000003,2198,2372,-174
116000004,3391,4562,-1171
116000005,5038,4324,714
116000006,4569,2401,2168
116000007,4650,5295,-645
116000008,5789,2615,3174
116000009,2404,3461,-1057
116000010,2590,1710,880
116000011,1260,2651,-1391
116000012,1642,1071,571
116000013,17666,7196,10470
116000014,23004,15479,7525
116000015,732,2150,-1418
116000016,10468,5395,5073
116000017,43,962,-919
116000018,941,770,171
116000019,1581,423,1158
116000020,894,1962,-1068
116000021,666,509,157
116000022,426,532,-106
116000023,1821,1152,669
116000024,962,1440,-478
116000025,1204,895,309
116000026,2655,3214,-559
116000027,2081,860,1221
116000028,569,1062,-493
116000029,1670,1154,516
116000030,876,588,288
116000031,317,392,-75
116000032,220,331,-111
116000033,344,420,-76
116000034,1467,896,571
116000035,319,1295,-976
116000036,2744,1755,989
116000037,1219,1219,0
116000038,796,600,196
116000039,472,529,-57
116000040,1977,320,1657
116000041,209,921,-712
116000042,906,339,567
116000043,114,910,-796
116000045,3164,2298,866
116000046,2229,2174,55
116000047,3731,3987,-256
116000048,3774,2621,1153
116000049,1551,3187,-1636
116000050,1799,2527,-728
116000051,7611,3058,4553
116000052,8062,6646,1416
116000053,3235,1553,1682
116000054,1198,3896,-2698
116000055,708,2072,-1364
116000056,927,1665,-738
116000057,5790,2692,3098
116000058,5263,3748,1515
116000059,4877,7473,-2596
116000060,3279,1209,2070
116000061,543,1255,-712
116000062,1130,303,827
116000063,890,1571,-681
116000066,250,789,-539
116000067,415,589,-174
116000068,287,499,-212
116000069,420,610,-190
116000078,487,1413,-926
116000080,2279,1403,876
116000082,22,106,-84
116000083,1656,486,1170
116000084,3026,5081,-2055
116000085,2444,2137,307
116000086,2368,1560,808
116000087,2102,1769,333
116000088,1068,1691,-623
116000089,213,139,74
116000090,133,173,-40
116000091,309,359,-50
116000093,883,689,194
116000094,901,846,55
116000095,868,932,-64
116000096,974,1986,-1012
116000097,1139,2235,-1096
116000098,35,7384,-7349
116000099,10408,435,9973
116000100,200,23,177
116000101,942,1519,-577
116000102,68,424,-356
116000103,532,335,197
116000104,325,2440,-2115
116000105,1493,326,1167
116000106,443,1196,-753
116000107,2569,560,2009
116000108,415,211,204
116000111,159,25,134
116000113,166,118,48
116000114,95,257,-162
116000115,314,121,193
116000116,435,790,-355
116000117,1859,2830,-971
116000118,1605,2029,-424
116000119,3686,2672,1014
116000120,3860,6150,-2290
116000121,1092,731,361
116000122,1535,2726,-1191
116000123,1211,615,596
116000124,508,1508,-1000
116000125,3109,1014,2095
116000126,479,2255,-1776
116000127,1494,2056,-562
116000128,1853,1232,621
116000129,1301,290,1011
116000130,582,515,67
116000133,1007,1330,-323
116000134,2363,3512,-1149
116000135,2696,1665,1031
116000136,1448,3049,-1601
116000137,1219,852,367
116000138,1196,733,463
116000139,2792,2912,-120
116000140,281,300,-19
116000141,507,1107,-600
116000142,4707,4480,227
116000143,2249,2525,-276
116000144,1979,3155,-1176
116000145,2210,1796,414
116000146,659,392,267
116000147,484,160,324
116000148,675,646,29
116000149,891,858,33
116000151,809,900,-91
116000153,118,803,-685
116000155,232,517,-285
116000156,716,1759,-1043
116000157,1,0,1
116000158,217,631,-414
116000159,0,0,0
116000160,17,121,-104
116000161,12,139,-127
116000162,133,130,3
116000163,33,16,17
116000164,41,18,23
116000177,220,119,101
116000194,133,595,-462
116000195,2185,863,1322
116000196,37,11,26
116000197,17,11,6
116000198,3944,1803,2141
116000200,1067,612,455
116000201,835,1034,-199
116000202,17,367,-350
116000203,2,161,-159
116000204,17,77,-60
116000205,1,236,-235
116000206,1,110,-109
116000207,3,41,-38
116000233,240,802,-562
116000287,150,666,-516
116000288,347,456,-109
116000292,125,233,-108
116000296,35,123,-88
116000297,275,21,254
116000304,809,9,800
116000305,32,235,-203
116000346,261,138,123
116000352,278,55,223
116000354,159,29,130
116000357,45,37,8
116000358,380,54,326
116000361,89,3,86
116000372,10886,5145,5741
116000381,191,2,189
116000388,4,78,-74
116000389,1426,694,732
116000445,443,862,-419
116000446,678,1186,-508
116000447,23,645,-622
116000448,825,273,552
116000563,1716,1447,269
116000565,65,591,-526
116000568,93,415,-322
116000579,50,143,-93
116000584,23,17,6
116000585,29,24,5
116000586,266,197,69
116000587,493,739,-246
116000589,65,140,-75
116000590,117,81,36
116000591,197,402,-205
116000592,20,151,-131
116000593,0,19,-19
116000594,675,706,-31
116000595,978,285,693
116000596,179,8,171
116000597,407,104,303
116000598,19,258,-239
116000602,141,911,-770
116000605,340,265,75
116000606,86,226,-140
116000607,12,81,-69
116000609,305,1284,-979
116000611,122,702,-580
116000612,906,2734,-1828
116000613,698,404,294
116000614,570,1047,-477
116000615,33,371,-338
116000616,72,173,-101
116000617,105,83,22
116000618,4,197,-193
116000619,46,92,-46
116000620,116,96,20
116000621,76,132,-56
116000622,56,171,-115
116000624,192,97,95
116900001,302,203,99
116900002,293,7,286
116900003,48,118,-70
116900004,33,84,-51
116900005,305,79,226
116900006,100,171,-71
116900007,206,271,-65
116900008,498,575,-77
116900009,22,20,2
116900010,13,2125,-2112
116900011,11,44,-33
116900012,211,308,-97
116900013,11,324,-313
116900014,117,375,-258
116900015,342,94,248
116900016,231,1,230
116900017,5,855,-850
116900018,82,105,-23
116900019,7,593,-586
116900020,863,1171,-308
116900023,54,7,47
116900024,604,95,509
116900025,1375,1210,165
116900026,272,1109,-837
116900027,38,79,-41
116900028,5,222,-217
116900029,0,83,-83
116900031,0,5,-5
116900032,7,566,-559
116900033,17,16,1
116900034,34,76,-42
116900035,198,300,-102
116900036,0,139,-139
116900038,47,4,43
116900041,65,26,39
116900042,1179,369,810
116900043,31,109,-78
116900045,384,113,271
116900047,89,119,-30
116900049,68,424,-356
116900050,182,756,-574
116900051,120,373,-253
116900052,301,135,166
116900055,2,20,-18
116900057,26,403,-377
116900058,54,613,-559
116900059,5,338,-333
116900060,288,267,21
116900062,4,5,-1
116900064,89,1122,-1033
116900065,27,204,-177
116900067,130,142,-12
116900068,209,394,-185
116900070,1,2,-1
116900072,38,636,-598
116900073,14,251,-237
116900074,12,78,-66
116900076,22,38,-16
116900077,11,241,-230
116900078,305,218,87
116900079,27,394,-367
116900080,16,31,-15
116900081,556,1893,-1337
116900082,630,1455,-825
116900083,62,97,-35
116900084,239,91,148
116900085,62,204,-142
116900086,42,292,-250
116900088,624,125,499
116900090,192,83,109
116900091,373,111,262
116900092,101,1134,-1033
116900093,2349,3126,-777
116900094,8010,6473,1537
116900095,562,187,375
116900096,133,247,-114
116900097,5572,3338,2234
116900098,478,215,263
116900099,1241,763,478
116900100,1176,60,1116
116900101,363,720,-357
116900103,2,4,-2
116900104,73,109,-36
116900105,486,170,316
116900106,2416,293,2123
116900107,5787,3036,2751
116900110,13,2,11
116900111,499,1186,-687
116900112,276,1523,-1247
116900113,3470,1274,2196
116900116,194,442,-248
116900117,108,146,-38
116900118,1046,1008,38
116900120,394,168,226
116900121,86,62,24
116900122,1000,1259,-259
116900123,272,1404,-1132
116900124,253,1502,-1249
116900125,436,283,153
116900126,290,862,-572
116900128,1,73,-72
116900129,5,465,-460
116900130,1065,4579,-3514
116900131,143,418,-275
116900132,52,160,-108
116900133,191,185,6
116900134,334,392,-58
116900136,345,238,107
116900137,603,214,389
116900138,347,261,86
116900139,142,508,-366
116900140,233,222,11
116900141,840,613,227
116900142,6,55,-49
116900143,516,941,-425
116900144,36,62,-26
116900145,152,452,-300
116900147,997,494,503
116900148,16,46,-30
116900149,51,227,-176
116900150,12,19,-7
116900151,617,200,417
116900153,117,136,-19
116900154,913,607,306
116900155,96,98,-2
116900157,537,411,126
116900158,324,329,-5
116900159,82,458,-376
116900160,2995,552,2443
116900161,11870,7879,3991
116900162,44,139,-95
116900163,238,224,14
116900164,130,59,71
116900165,309,172,137
116900166,40,187,-147
116900167,532,85,447
116900168,492,91,401
116900169,1322,437,885
116900170,360,498,-138
116900171,106,351,-245
116900172,336,280,56
116900173,254,68,186
116900174,57,91,-34
116900175,427,166,261
116900178,14,186,-172
116900179,135,294,-159
116900180,122,46,76
116900182,788,371,417
116900183,178,131,47
116900185,27,35,-8
116900186,107,338,-231
116900187,72,77,-5
116900188,152,39,113
116900189,302,1,301
116900191,527,851,-324
116900192,338,235,103
116900194,136,1161,-1025
116900195,58,33,25
116900196,20,134,-114
116900197,113,7,106
116900198,274,247,27
116900200,74,45,29
116900201,104,10,94
116900202,228,72,156
116900203,202,9,193
116900204,83,115,-32
116900206,23,43,-20
116900207,43,39,4
116900208,22,149,-127
116900209,26,148,-122
116900210,591,419,172
116900211,314,9,305
116900212,91,124,-33
116900213,301,276,25
116900214,219,256,-37
116900215,62,91,-29
116900216,510,368,142
116900218,11,437,-426
116900219,1756,668,1088
116900220,96,326,-230
116900221,89,547,-458
116900222,441,576,-135
116900223,163,406,-243
116900226,119,101,18
116900227,295,87,208
116900228,350,397,-47
116900230,59,388,-329
116900231,25,647,-622
116900232,16,652,-636
116900233,279,129,150
116900234,15,19,-4
116900235,232,487,-255
116900238,1980,541,1439
116900239,13,1062,-1049
116900240,8936,4770,4166
116900241,275,254,21
116900242,619,540,79
116900243,1,154,-153
116900245,40,28,12
116900246,161,18,143
116900247,802,25,777
116900248,127,55,72
116900249,461,229,232
116900250,454,93,361
116900251,735,691,44
116900252,125,1249,-1124
116900253,166,170,-4
116900254,30,135,-105
116900255,144,92,52
116900256,369,240,129
116900257,30,672,-642
116900258,10,382,-372
116900259,146,8,138
116900260,2,172,-170
116900261,49,2,47
116900262,125,243,-118
116900263,0,3,-3
116900264,0,2,-2
116900265,14,3,11
116900266,23,60,-37
116900267,1,0,1
116900268,173,7,166
116900269,519,744,-225
116900271,2423,317,2106
116900272,496,838,-342
116900273,345,73,272
116900274,106,136,-30
116900275,249,151,98
116900276,355,127,228
116900277,759,37,722
116900278,7,24,-17
116900279,2,27,-25
116900280,84,49,35
116900281,10174,5429,4745
116900282,1,186,-185
116900283,22,179,-157
116900284,21,329,-308
116900285,427,502,-75
116900286,256,25,231
116900287,11,92,-81
116900288,59,144,-85
116900289,6,40,-34
116900290,2,39,-37
116900291,31,13,18
116900292,0,29,-29
116900293,85,98,-13
116900294,42,199,-157
116900295,265,36,229
116900296,157,48,109
116900297,9,93,-84
116900298,44,15,29
116900299,55,17,38
116900300,15,81,-66
116900301,30,84,-54
116900302,2129,983,1146
116900303,423,167,256
116900304,0,188,-188
116900305,25,170,-145
116900306,437,189,248
117000001,2764,2790,-26
117000002,3192,7944,-4752
117000003,10647,4669,5978
117000004,6861,7842,-981
117000005,3317,2638,679
117000006,1880,5006,-3126
117000007,4919,1663,3256
117000008,1891,6299,-4408
117000009,6320,2701,3619
117000010,3755,6397,-2642
117000011,2876,2490,386
117000012,1793,2168,-375
117000013,2881,1356,1525
117000014,2326,3562,-1236
117000015,5596,1852,3744
117000016,871,103,768
117000017,883,200,683
117000018,471,770,-299
117000019,590,3,587
117000020,681,2376,-1695
117000021,3826,697,3129
117000022,989,146,843
117000023,1445,230,1215
117000024,1041,152,889
117000025,1564,639,925
117000026,5917,1542,4375
117000027,2298,1420,878
117000028,4862,883,3979
117000030,305,218,87
117000032,2690,1968,722
117000033,2346,2227,119
117000034,207,139,68
117000036,169,241,-72
117000038,316,539,-223
117000039,61,111,-50
117000040,217,1757,-1540
117000041,1481,223,1258
117000044,16,1301,-1285
117000045,434,114,320
117000046,922,875,47
117000047,1245,874,371
117000048,3248,2025,1223
117000049,282,1192,-910
117000050,166,2926,-2760
117000051,2589,173,2416
117000052,42,577,-535
117000053,528,94,434
117000054,2145,15,2130
117000055,27,4922,-4895
117000056,837,33,804
117000057,829,3513,-2684
117000060,787,2963,-2176
117000061,2488,1463,1025
117000062,437,902,-465
117000063,2609,1254,1355
117000064,1169,1242,-73
117000066,2137,1191,946
117000067,224,597,-373
117000074,217,276,-59
117000076,62,77,-15
117000077,227,198,29
117000078,220,1012,-792
117000079,539,333,206
117000080,1,532,-531
117000081,1352,198,1154
117000082,43,98,-55
117000083,148,16,132
117000084,530,2,528
117000085,370,1068,-698
117000086,1261,697,564
117000087,145,776,-631
117000088,376,340,36
117000089,1992,424,1568
117000090,377,1973,-1596
117000091,1014,405,609
117000092,579,2109,-1530
117000093,1702,994,708
117000094,1595,4092,-2497
117000095,4062,1141,2921
117000096,870,3455,-2585
117000097,1608,1455,153
117000098,3829,7110,-3281
117000099,4023,1585,2438
117000100,183,301,-118
117000101,271,1878,-1607
117000102,1974,984,990
117000103,1131,2650,-1519
117000104,1702,851,851
117000105,1253,2558,-1305
117000106,1514,1060,454
117000107,719,2815,-2096
117000108,1869,1232,637
117000109,2769,4016,-1247
117000110,1979,1414,565
117000111,5630,6750,-1120
117000112,4635,2830,1805
117000113,85,391,-306
117000114,174,194,-20
117000115,98,185,-87
117000116,150,351,-201
117000117,2800,1268,1532
117000118,753,186,567
117000119,1183,229,954
117000120,876,508,368
117000121,343,1677,-1334
117000122,592,1561,-969
117000123,2820,80,2740
117000124,1163,140,1023
117000125,726,196,530
117000126,122,82,40
117000127,354,720,-366
117000128,720,1247,-527
117000129,481,111,370
117000130,260,0,260
117000131,0,64,-64
117000132,3132,118,3014
117000133,1587,49,1538
117000134,1,59,-58
117000135,7,46,-39
117000136,3,71,-68
117000137,99,113,-14
117000138,0,804,-804
117000140,648,2316,-1668
117000141,2236,889,1347
117000181,1397,998,399
117000182,492,689,-197
117000195,266,1708,-1442
117000196,349,114,235
117000225,574,23,551
117000226,41,261,-220
117000276,283,24,259
117000277,0,622,-622
117000310,2845,3766,-921
117000315,62,2586,-2524
117000320,136,0,136
117000906,348,17,331
117000907,22,505,-483
117000908,230,36,194
117000909,84,70,14
117000910,243,173,70
117000911,101,210,-109
117000915,4,883,-879
117000916,35,19,16
117000917,1553,62,1491
117000918,72,133,-61
117000919,16,213,-197
117000920,4,1948,-1944
117000921,3,2299,-2296
117000922,43,189,-146
117000924,1197,1168,29
117000926,1429,111,1318
117000927,3164,1100,2064
117000928,1,235,-234
117000929,274,626,-352
117000930,213,34,179
117000931,807,137,670
117900002,284,696,-412
117900003,1198,653,545
117900005,46,49,-3
117900006,0,35,-35
117900007,216,170,46
117900008,0,33,-33
117900010,605,114,491
117900011,135,63,72
117900012,86,185,-99
117900013,1,357,-356
117900014,477,190,287
117900015,36,122,-86
117900016,1841,906,935
117900017,1052,376,676
117900018,364,118,246
117900019,594,419,175
117900020,92,478,-386
117900021,54,104,-50
117900022,39,15,24
117900023,918,957,-39
117900024,128,118,10
117900025,57,19,38
117900026,487,428,59
117900028,225,10,215
117900029,389,1214,-825
117900030,546,489,57
117900031,925,212,713
117900032,1056,834,222
117900033,331,1338,-1007
117900034,30,65,-35
117900035,232,100,132
117900036,301,811,-510
117900037,159,202,-43
117900038,29,510,-481
117900039,1,83,-82
117900040,129,630,-501
117900041,15,60,-45
117900042,6185,796,5389
117900043,50,76,-26
117900044,196,5161,-4965
117900045,256,189,67
117900048,404,471,-67
117900049,309,873,-564
117900050,42,72,-30
117900051,621,5,616
117900052,71,524,-453
117900053,1831,1083,748
117900054,1,26,-25
117900055,256,616,-360
117900056,625,21,604
117900057,1272,1751,-479
117900058,1052,845,207
117900059,728,146,582
117900060,1940,7468,-5528
117900061,40,500,-460
117900063,417,301,116
117900065,833,1602,-769
117900066,11,57,-46
117900067,476,342,134
117900069,1342,549,793
117900070,1033,36,997
117900071,161,238,-77
117900073,577,600,-23
117900074,1114,57,1057
117900075,131,171,-40
117900076,6,50,-44
117900077,397,283,114
117900078,380,786,-406
117900080,301,77,224
117900081,701,588,113
117900082,471,442,29
117900083,532,888,-356
117900086,260,56,204
117900087,247,89,158
117900088,4234,3148,1086
117900089,2302,771,1531
117900090,829,991,-162
117900091,257,280,-23
117900092,130,49,81
117900093,110,122,-12
117900094,52,33,19
117900095,302,500,-198
117900096,128,418,-290
117900097,243,130,113
117900098,15,11,4
117900099,208,384,-176
117900100,212,4,208
117900101,610,1940,-1330
117900102,50,77,-27
117900103,98,3,95
117900104,49,280,-231
117900105,165,348,-183
117900106,87,51,36
117900107,58,1,57
117900109,869,544,325
117900110,104,0,104
117900111,367,38,329
117900112,87,15,72
117900113,6765,2942,3823
117900114,43,2,41
117900115,431,97,334
117900116,1221,1356,-135
117900117,791,694,97
117900118,67,1,66
117900119,241,280,-39
117900120,307,225,82
117900121,216,34,182
117900122,1796,4064,-2268
117900123,1191,679,512
117900124,1021,977,44
117900125,2292,1736,556
117900126,355,790,-435
117900127,715,760,-45
117900128,530,1087,-557
117900129,103,3,100
117900130,1140,640,500
117900131,9,173,-164
117900132,13,132,-119
117900133,13,170,-157
117900134,99,300,-201
117900135,45,236,-191
117900136,0,31,-31
117900137,114,464,-350
117900138,0,38,-38
117900139,114,187,-73
117900140,6726,374,6352
117900141,526,319,207
117900142,643,39,604
117900144,331,271,60
117900145,154,39,115
117900146,462,190,272
117900147,115,106,9
117900148,4732,1806,2926
117900149,85,271,-186
117900150,77,82,-5
117900151,65,125,-60
117900152,109,108,1
117900153,21,206,-185
117900154,830,976,-146
117900156,1245,1104,141
117900157,130,628,-498
117900158,336,125,211
117900160,764,762,2
117900161,4073,3330,743
117900162,416,641,-225
117900163,614,86,528
117900165,0,13,-13
117900166,171,470,-299
117900168,32,212,-180
117900169,1,194,-193
117900170,4,54,-50
117900171,1,30,-29
117900172,25,58,-33
117900173,263,145,118
117900174,41,67,-26
117900175,8,67,-59
117900176,15,39,-24
117900177,38,56,-18
117900178,93,80,13
117900180,389,50,339
117900181,228,367,-139
117900182,1,39,-38
117900183,89,233,-144
117900184,13,57,-44
117900185,54,73,-19
117900186,56,24,32
117900187,16,16,0
117900188,255,66,189
117900189,94,39,55
117900190,44,3,41
117900191,117,1,116
117900192,264,5,259
117900193,13,101,-88
117900194,12,8,4
117900195,12,56,-44
117900196,35,39,-4
117900207,226,163,63
117900208,42,52,-10
117900209,258,253,5
117900210,243,243,0
117900211,13,360,-347
117900212,155,287,-132
117900213,18,21,-3
117900214,4,54,-50
117900216,31,57,-26
117900217,111,374,-263
117900218,110,237,-127
117900219,148,134,14
117900220,378,232,146
117900221,41,9,32
118000001,1448,916,532
118000002,2092,2913,-821
118000003,2898,2678,220
118000004,4057,2419,1638
118000005,7600,6289,1311
118000006,10367,12303,-1936
118000007,11544,3817,7727
118000008,8222,4802,3420
118000009,3157,5599,-2442
118000010,8537,6390,2147
118000011,1805,3440,-1635
118000012,1825,3207,-1382
118000013,4820,3875,945
118000014,3292,3913,-621
118000016,305,492,-187
118000017,428,575,-147
118000018,697,707,-10
118000019,3679,1602,2077
118000020,3085,3641,-556
118000021,1467,3702,-2235
118000022,3724,1023,2701
118000023,2009,381,1628
118000024,3496,1404,2092
118000025,1947,2024,-77
118000027,20475,13308,7167
118000029,1539,898,641
118000032,2015,4183,-2168
118000033,5130,6037,-907
118000034,9372,3522,5850
118000035,2456,3163,-707
118000036,1855,1257,598
118000037,1255,1115,140
118000038,185,108,77
118000039,199,387,-188
118000040,2582,1953,629
118000041,3438,2097,1341
118000045,1525,227,1298
118000046,3238,727,2511
118000047,4190,1229,2961
118000048,6255,1900,4355
118000051,4463,1030,3433
118000052,3201,827,2374
118000053,1261,931,330
118000054,3042,2602,440
118000055,2050,3057,-1007
118000056,222,519,-297
118000057,233,703,-470
118000058,7981,2303,5678
118000059,5577,1238,4339
118000060,1434,947,487
118000061,1565,2091,-526
118000062,867,456,411
118000063,635,710,-75
118000064,1320,1759,-439
118000065,6893,2932,3961
118000066,1115,1769,-654
118000067,1604,953,651
118000068,3017,6054,-3037
118000069,5173,1883,3290
118000070,9547,2846,6701
118000071,4991,8657,-3666
118000072,3753,1240,2513
118000073,4551,766,3785
118000074,1407,504,903
118000075,1638,461,1177
118000076,2610,2348,262
118000077,2179,1638,541
118000078,3031,2669,362
118000079,382,634,-252
118000080,1727,1215,512
118000081,2313,1324,989
118000082,470,1552,-1082
118000083,2747,2322,425
118000084,4136,3105,1031
118000086,458,983,-525
118000087,6843,3629,3214
118000088,2227,2218,9
118000089,4718,2692,2026
118000090,2675,4117,-1442
118000091,1929,3329,-1400
118000092,1500,670,830
118000093,158,1038,-880
118000096,732,808,-76
118000097,1089,721,368
118000098,395,260,135
118000099,574,1227,-653
118000101,1462,420,1042
118000102,502,1698,-1196
118000107,3380,848,2532
118000108,979,3810,-2831
118000110,0,27,-27
118000111,2,575,-573
118000112,580,14,566
118000113,8,979,-971
118000114,438,11,427
118000115,32,21,11
118000116,136,0,136
118000117,1647,1200,447
118000118,1230,1017,213
118000119,1073,1445,-372
118000120,2412,1888,524
118000121,118,592,-474
118000122,2081,409,1672
118000123,86,278,-192
118000125,2541,1457,1084
118000126,1307,2329,-1022
118000127,2375,1004,1371
118000128,775,1588,-813
118000129,1527,479,1048
118000130,3722,5473,-1751
118000131,939,1092,-153
118000132,2895,2112,783
118000133,1559,515,1044
118000135,937,607,330
118000136,127,554,-427
118000137,966,84,882
118000138,506,909,-403
118000139,537,99,438
118000140,3241,6274,-3033
118000141,2811,3315,-504
118000142,2521,3262,-741
118000143,2442,2016,426
118000144,1917,1715,202
118000145,2467,3892,-1425
118000146,1849,1666,183
118000147,1543,2315,-772
118000148,986,2111,-1125
118000149,1067,1211,-144
118000150,559,300,259
118000151,631,645,-14
118000153,1570,1923,-353
118000154,1903,2484,-581
118000155,1346,2105,-759
118000156,4113,3808,305
118000157,602,421,181
118000158,184,629,-445
118000159,20,110,-90
118000160,598,682,-84
118000161,679,1178,-499
118000162,3272,1242,2030
118000163,941,1559,-618
118000164,3363,2844,519
118000168,2113,861,1252
118000169,1899,2270,-371
118000170,6039,7621,-1582
118000171,489,830,-341
118000172,187,407,-220
118000173,1369,1714,-345
118000175,614,502,112
118000176,469,648,-179
118000177,274,773,-499
118000178,92,86,6
118000179,2314,1470,844
118000180,1203,1189,14
118000181,1330,622,708
118000182,426,441,-15
118000183,393,435,-42
118000184,995,1391,-396
118000185,1608,1363,245
118000186,1177,1409,-232
118000187,1763,1013,750
118000188,1159,327,832
118000189,949,1056,-107
118000190,33,14,19
118000191,20,36,-16
118000192,189,177,12
118000193,171,551,-380
118000194,3971,1689,2282
118000195,1741,983,758
118000196,1363,294,1069
118000197,1494,145,1349
118000198,1037,635,402
118000199,2717,547,2170
118000200,153,279,-126
118000201,1049,574,475
118000202,120,77,43
118000203,2125,635,1490
118000204,388,433,-45
118000205,450,438,12
118000206,431,285,146
118000207,0,139,-139
118000208,1999,2235,-236
118000209,2905,2404,501
118000210,56,48,8
118000211,34,38,-4
118000213,2105,1393,712
118000214,929,819,110
118000215,400,560,-160
118000216,2665,6525,-3860
118000217,37,157,-120
118000218,121,110,11
118000219,649,478,171
118000220,1,26,-25
118000221,229,512,-283
118000222,78,8,70
118000223,50,70,-20
118000224,375,171,204
118000225,254,1069,-815
118000226,2165,222,1943
118000227,1245,497,748
118000228,263,270,-7
118000229,581,126,455
118000230,179,304,-125
118000231,105,303,-198
118000232,914,1405,-491
118000233,1266,1098,168
118000234,518,424,94
118000236,667,465,202
118000237,115,928,-813
118000238,290,276,14
118000239,413,398,15
118000240,698,170,528
118000241,194,352,-158
118000242,532,988,-456
118000243,332,324,8
118000244,60,193,-133
118000246,0,19,-19
118000255,74,284,-210
118000256,141,268,-127
118000259,27,99,-72
118000260,318,129,189
118000261,38,150,-112
118000263,86,353,-267
118000266,365,538,-173
118000267,0,116,-116
118000268,1172,9,1163
118000270,106,59,47
118000271,198,437,-239
118000272,127,57,70
118000273,163,132,31
118000274,138,469,-331
118000276,503,507,-4
118000295,13,109,-96
118000298,252,382,-130
118000299,127,201,-74
118000301,0,71,-71
118000302,184,89,95
118000311,591,147,444
118000312,301,353,-52
118000313,65,239,-174
118000314,81,95,-14
118000315,30,67,-37
118000316,881,680,201
118000325,93,142,-49
118000326,43,66,-23
118000331,53,88,-35
118000332,33,68,-35
118000333,33,109,-76
118000335,434,4,430
118000336,2,347,-345
118000407,222,114,108
118000457,12,48,-36
118000465,4970,5470,-500
118000480,51,163,-112
118000489,17,357,-340
118000490,47,511,-464
118000492,231,290,-59
118000510,99,41,58
118000514,225,494,-269
118000515,1052,1129,-77
118000517,494,319,175
118000524,810,355,455
118000525,1466,1205,261
118000530,26,160,-134
118000531,314,327,-13
118000532,230,451,-221
118000533,762,189,573
118000534,1077,634,443
118000535,306,192,114
118000536,1509,2016,-507
118000537,39,193,-154
118000538,43,125,-82
118000539,50,204,-154
118000540,379,275,104
118000541,286,117,169
118000542,189,239,-50
118000543,313,278,35
118000546,95,43,52
118000560,4588,2314,2274
118000562,54,413,-359
118000563,2973,1985,988
118000576,253,210,43
118000577,236,198,38
118000578,180,106,74
118000579,842,1562,-720
118000595,210,113,97
118000596,0,73,-73
118000597,100,169,-69
118000598,22,3,19
118000599,52,54,-2
118000600,0,72,-72
118000601,19,0,19
118000602,0,27,-27
118000603,0,34,-34
118900001,1314,1826,-512
118900002,1460,1135,325
118900003,498,32,466
118900004,144,99,45
118900005,66,16,50
118900006,144,4,140
118900007,15,6,9
118900008,2135,76,2059
118900009,92,81,11
118900010,104,20,84
118900011,213,39,174
118900012,496,258,238
118900013,580,163,417
118900015,302,76,226
118900016,12,35,-23
118900017,417,310,107
118900018,1118,34,1084
118900019,65,18,47
118900020,233,147,86
118900021,267,548,-281
118900022,203,159,44
118900023,244,165,79
118900024,119,200,-81
118900025,107,23,84
118900026,83,102,-19
118900027,527,354,173
118900028,198,279,-81
118900029,317,471,-154
118900030,367,140,227
118900031,194,126,68
118900032,320,218,102
118900033,855,482,373
118900034,227,41,186
118900035,191,263,-72
118900036,1333,959,374
118900037,1218,361,857
118900038,482,263,219
118900039,615,261,354
118900040,326,330,-4
118900041,742,197,545
118900042,271,142,129
118900045,367,268,99
118900046,1211,270,941
118900047,784,334,450
118900048,413,250,163
118900049,89,68,21
118900050,41,169,-128
118900051,79,75,4
118900052,963,305,658
118900053,73,111,-38
118900054,145,36,109
118900055,85,139,-54
118900056,38,386,-348
118900057,933,658,275
118900058,813,399,414
118900059,18,126,-108
118900060,56,123,-67
118900062,312,243,69
118900064,1095,818,277
118900065,62,336,-274
118900066,99,134,-35
118900067,7256,5077,2179
118900068,3,718,-715
118900069,446,282,164
118900071,7,145,-138
118900072,540,646,-106
118900073,94,159,-65
118900074,140,310,-170
118900075,53,153,-100
118900076,409,122,287
118900077,470,304,166
118900078,43,21,22
118900079,72,260,-188
118900080,25,176,-151
118900081,107,23,84
118900082,838,226,612
118900083,49,22,27
118900084,20,32,-12
118900085,822,1779,-957
118900086,44,118,-74
118900087,23,313,-290
118900088,0,30,-30
118900089,26,32,-6
118900090,625,636,-11
118900091,267,262,5
118900092,196,156,40
118900093,206,24,182
118900096,79,37,42
118900097,293,903,-610
118900099,143,472,-329
118900100,158,405,-247
118900101,190,757,-567
118900102,59,130,-71
118900103,80,173,-93
118900104,410,329,81
118900105,423,180,243
118900107,201,168,33
118900108,136,181,-45
118900109,1606,342,1264
118900110,1954,1052,902
118900111,529,832,-303
118900112,115,187,-72
118900113,114,828,-714
118900114,15,122,-107
118900115,162,542,-380
118900116,165,238,-73
118900117,128,234,-106
118900118,314,545,-231
118900119,155,404,-249
118900120,127,407,-280
118900121,42,358,-316
118900122,29,1117,-1088
118900123,157,326,-169
118900124,115,286,-171
118900126,22,560,-538
118900129,459,300,159
118900130,48,208,-160
118900131,169,379,-210
118900132,757,255,502
118900133,18,123,-105
118900135,382,434,-52
118900136,241,952,-711
118900137,19,59,-40
118900139,345,622,-277
118900140,509,1124,-615
118900141,100,285,-185
118900144,146,704,-558
118900145,34,215,-181
118900146,421,933,-512
118900147,370,175,195
118900148,105,62,43
118900150,220,697,-477
118900152,638,1176,-538
118900157,106,220,-114
118900158,121,98,23
118900159,2,259,-257
118900161,143,13,130
118900163,296,140,156
118900164,16,200,-184
118900165,94,324,-230
118900166,64,4,60
118900167,85,216,-131
118900168,11,171,-160
118900169,215,708,-493
118900170,199,195,4
118900171,31,59,-28
118900174,106,100,6
118900175,451,767,-316
118900176,179,380,-201
118900177,67,84,-17
118900178,108,258,-150
118900179,6,68,-62
118900181,87,142,-55
118900182,186,99,87
118900183,24,224,-200
118900184,624,95,529
118900185,168,156,12
118900186,137,124,13
118900187,302,387,-85
118900188,462,401,61
118900189,46,1113,-1067
118900190,20,557,-537
118900191,196,87,109
118900192,225,26,199
118900193,544,9,535
118900195,579,1249,-670
118900196,64,302,-238
118900197,152,116,36
118900198,23,41,-18
118900199,121,82,39
118900200,18,20,-2
118900201,42,30,12
118900202,26,102,-76
118900203,5,49,-44
118900204,22,54,-32
118900205,2,35,-33
118900206,2,39,-37
119000001,1962,2313,-351
119000002,6909,4325,2584
119000003,3394,1910,1484
119000004,3580,2219,1361
119000005,2533,3138,-605
119000006,3237,2295,942
119000007,5133,4885,248
119000008,3677,2823,854
119000009,4584,5950,-1366
119000010,9918,5745,4173
119000011,6578,3968,2610
119000012,5419,4936,483
119000013,2905,1649,1256
119000014,3988,5221,-1233
119000019,374,232,142
119000020,2528,1947,581
119000021,5317,3348,1969
119000022,4954,3768,1186
119000023,421,442,-21
119000024,2470,12863,-10393
119000025,13867,2147,11720
119000026,191,421,-230
119000027,622,666,-44
119000028,3059,2000,1059
119000029,168,394,-226
119000030,666,1327,-661
119000031,923,820,103
119000032,2831,3373,-542
119000033,2908,2314,594
119000034,1431,1248,183
119000035,35,454,-419
119000036,2056,1398,658
119000037,1550,2841,-1291
119000038,196,1458,-1262
119000039,362,458,-96
119000040,1263,700,563
119000041,1129,1606,-477
119000048,4331,4482,-151
119000049,2101,3472,-1371
119000050,2136,3211,-1075
119000051,2680,1445,1235
119000052,2597,4029,-1432
119000053,2378,1657,721
119000054,3850,4753,-903
119000055,4388,5115,-727
119000056,2837,2993,-156
119000057,1902,3366,-1464
119000058,2762,2984,-222
119000059,1689,2498,-809
119000060,1835,1592,243
119000061,1157,1141,16
119000062,1399,1736,-337
119000063,633,457,176
119000064,1882,1980,-98
119000065,2816,4756,-1940
119000066,2505,1493,1012
119000067,2448,3345,-897
119000068,2059,1377,682
119000069,1917,3559,-1642
119000070,2834,1252,1582
119000071,586,883,-297
119000072,8799,4531,4268
119000073,7573,8594,-1021
119000074,1777,3994,-2217
119000075,2379,3087,-708
119000076,724,1046,-322
119000077,1458,650,808
119000078,655,239,416
119000079,195,699,-504
119000080,661,384,277
119000081,479,373,106
119000082,1399,340,1059
119000083,625,503,122
119000084,393,612,-219
119000085,647,358,289
119000086,347,652,-305
119000087,2203,1435,768
119000088,363,280,83
119000089,75,264,-189
119000090,131,238,-107
119000091,143,506,-363
119000092,542,294,248
119000093,5375,4283,1092
119000094,3448,8300,-4852
119000095,2121,3877,-1756
119000097,3213,2458,755
119000098,934,3235,-2301
119000099,3377,3046,331
119000100,4343,3527,816
119000101,5988,2756,3232
119000102,1419,1182,237
119000103,2466,677,1789
119000104,3934,2075,1859
119000105,1348,2143,-795
119000106,489,2329,-1840
119000107,1044,699,345
119000108,538,1337,-799
119000109,242,518,-276
119000110,858,432,426
119000111,139,684,-545
119000112,244,110,134
119000113,3375,478,2897
119000114,1138,1533,-395
119000115,169,225,-56
119000116,223,160,63
119000117,216,500,-284
119000118,2,3,-1
119000123,7143,1080,6063
119000124,887,331,556
119000125,3706,1298,2408
119000126,535,1002,-467
119000127,583,975,-392
119000128,43,1,42
119000131,1114,1054,60
119000132,5,2,3
119000133,1,6,-5
119000134,3286,904,2382
119000135,140,275,-135
119000136,294,314,-20
119000137,243,580,-337
119000138,502,512,-10
119000139,265,336,-71
119000140,302,545,-243
119000284,1632,4137,-2505
119000285,3088,3144,-56
119000286,10090,8296,1794
119000287,1801,3445,-1644
119000288,3002,2223,779
119000289,3009,4955,-1946
119000290,219,703,-484
119000291,6,400,-394
119000293,111,196,-85
119000294,44,49,-5
119000295,2648,871,1777
119000296,186,229,-43
119000302,3606,1961,1645
119000303,67,264,-197
119000314,2094,11980,-9886
119000315,2,696,-694
119000316,127,131,-4
119000317,70,421,-351
119900001,412,1607,-1195
119900002,263,396,-133
119900003,101,1650,-1549
119900004,473,1123,-650
119900005,253,163,90
119900006,311,621,-310
119900007,1397,245,1152
119900008,155,58,97
119900009,886,933,-47
119900010,2233,1462,771
119900011,25,144,-119
119900012,29,143,-114
119900013,2243,1030,1213
119900014,923,353,570
119900015,152,41,111
119900016,61,145,-84
119900017,20,39,-19
119900018,2800,1056,1744
119900019,53,17,36
119900020,234,295,-61
119900021,195,125,70
119900022,184,829,-645
119900023,938,1444,-506
119900025,185,41,144
119900026,1347,180,1167
119900027,11,42,-31
119900028,595,227,368
119900029,0,12,-12
119900030,719,694,25
119900031,107,450,-343
119900033,3094,444,2650
119900034,456,200,256
119900037,363,82,281
119900038,85,367,-282
119900039,46,13,33
119900040,294,41,253
119900041,137,69,68
119900042,112,233,-121
119900043,130,264,-134
119900044,322,942,-620
119900046,141,120,21
119900047,333,99,234
119900048,282,51,231
119900049,108,12,96
119900050,203,180,23
119900051,1213,25,1188
119900052,53,77,-24
119900053,207,239,-32
119900054,89,12,77
119900055,1649,601,1048
119900057,257,118,139
119900058,313,6,307
119900059,243,80,163
119900060,325,29,296
119900061,379,13,366
119900062,71,56,15
119900063,21,87,-66
119900064,408,100,308
119900065,326,12,314
119900066,3,0,3
119900067,177,66,111
119900068,494,1,493
119900069,109,19,90
119900070,1451,47,1404
119900071,809,26,783
119900072,610,816,-206
119900073,2423,708,1715
119900074,90,31,59
119900075,7939,3738,4201
119900076,1001,746,255
119900077,1009,1635,-626
119900078,555,1185,-630
119900079,239,377,-138
119900080,446,391,55
119900081,48,106,-58
119900082,1931,531,1400
119900083,489,149,340
119900084,1380,454,926
119900085,132,134,-2
119900086,144,795,-651
119900087,1120,448,672
119900088,73,106,-33
119900089,45,841,-796
119900090,237,117,120
119900091,110,1657,-1547
119900092,65,744,-679
119900093,1534,376,1158
119900094,29,196,-167
119900095,272,192,80
119900096,39,195,-156
119900097,1058,217,841
119900098,59,89,-30
119900099,33,363,-330
119900100,3652,3560,92
119900101,263,1551,-1288
119900102,53,494,-441
119900103,47,687,-640
119900104,84,393,-309
119900105,1674,1712,-38
119900106,28,297,-269
119900107,517,4403,-3886
119900108,2945,920,2025
119900109,54,363,-309
119900110,745,838,-93
119900111,120,529,-409
119900112,3068,827,2241
119900113,150,547,-397
119900114,290,1957,-1667
119900115,307,1744,-1437
119900116,162,830,-668
119900117,413,1259,-846
119900118,99,1449,-1350
119900119,204,334,-130
119900120,837,971,-134
119900121,422,1708,-1286
119900122,747,528,219
119900123,278,628,-350
119900124,260,1495,-1235
119900125,81,409,-328
119900126,7158,517,6641
119900127,3562,1391,2171
119900128,642,1406,-764
119900129,315,1048,-733
119900130,56,425,-369
119900131,47,448,-401
119900132,10,427,-417
119900133,97,84,13
119900134,3116,427,2689
119900135,2,593,-591
119900136,222,557,-335
119900138,582,872,-290
119900139,78,129,-51
119900140,3,163,-160
119900141,215,1072,-857
119900142,22,60,-38
119900143,25,299,-274
119900144,2739,383,2356
119900145,131,280,-149
119900146,259,335,-76
119900147,2,208,-206
119900148,251,94,157
119900149,2351,5292,-2941
119900150,244,275,-31
119900151,2577,1258,1319
119900152,141,579,-438
119900153,213,104,109
119900154,35,306,-271
119900155,41,54,-13
119900156,21,13,8
119900157,233,370,-137
119900158,250,105,145
119900159,6,2388,-2382
119900160,38,332,-294
119900161,212,365,-153
119900162,1092,1352,-260
119900163,188,285,-97
119900164,1,4,-3
119900165,204,318,-114
119900166,115,60,55
119900167,152,232,-80
119900168,1043,801,242
119900169,208,450,-242
119900170,370,406,-36
119900171,1369,731,638
119900172,268,46,222
119900173,9,691,-682
119900174,6,320,-314
119900175,1377,1110,267
119900177,62,357,-295
119900178,9,242,-233
119900179,131,441,-310
119900180,1134,1104,30
119900181,92,147,-55
119900182,9,748,-739
119900183,225,1153,-928
119900184,4362,1083,3279
119900185,62,210,-148
119900186,160,1053,-893
119900187,18,735,-717
119900188,133,571,-438
119900189,728,533,195
119900190,85,336,-251
119900191,379,175,204
119900192,122,266,-144
119900193,376,301,75
119900194,41,104,-63
119900195,75,379,-304
119900196,2405,743,1662
119900197,383,198,185
119900198,196,384,-188
119900199,187,31,156
119900200,765,917,-152
119900201,558,400,158
119900202,176,212,-36
119900203,260,590,-330
119900204,285,487,-202
119900205,703,871,-168
119900206,169,205,-36
119900208,340,250,90
119900209,680,1546,-866
119900210,54,33,21
119900211,116,16,100
119900212,146,315,-169
119900213,13,95,-82
119900214,42,154,-112
119900215,54,145,-91
119900216,7,122,-115
119900217,32,106,-74
119900218,33,94,-61
119900219,26,204,-178
119900220,9,155,-146
119900221,35,434,-399
119900222,42,406,-364
119900223,38,165,-127
119900224,29,54,-25
119900225,1706,87,1619
119900226,911,2671,-1760
119900227,1592,589,1003
119900228,236,401,-165
119900229,430,731,-301
119900230,2458,1066,1392
119900231,262,289,-27
119900232,367,168,199
119900233,124,12,112
119900234,33,70,-37
119900235,24,49,-25
119900236,39,293,-254
119900237,84,816,-732
119900238,3,87,-84
119900240,85,201,-116
119900241,159,399,-240
119900242,2211,2682,-471
119900244,1172,2312,-1140
119900245,201,268,-67
119900246,596,662,-66
119900247,45,105,-60
119900248,101,221,-120
119900249,263,130,133
119900253,5416,752,4664
119900254,101,726,-625
119900255,150,724,-574
119900256,785,1385,-600
119900257,70,3,67
119900258,207,59,148
119900259,9,193,-184
119900260,145,10,135
119900261,313,271,42
119900262,1,355,-354
119900263,1610,586,1024
119900264,167,324,-157
119900265,492,453,39
119900266,373,432,-59
119900267,419,832,-413
119900268,155,314,-159
119900269,1326,1752,-426
119900271,38,159,-121
119900272,422,159,263
119900275,125,9,116
119900276,53,2,51
119900277,46,38,8
119900278,419,94,325
119900279,150,408,-258
119900280,1111,328,783
119900281,4,256,-252
119900282,109,103,6
119900283,17,533,-516
119900284,49,312,-263
119900285,35,108,-73
119900286,6,61,-55
119900288,1,34,-33
119900289,0,50,-50
119900290,10,45,-35
119900291,44,155,-111
119900292,54,42,12
119900293,27,122,-95
119900294,23,149,-126
119900295,12,44,-32
119900296,50,360,-310
119900297,5,51,-46
119900298,18,10,8
119900299,51,314,-263
119900300,271,301,-30
119900301,205,99,106
119900302,141,99,42
119900303,249,218,31
119900304,212,65,147
119900305,24,183,-159
119900306,27,0,27
119900307,35,186,-151
119900308,21,33,-12
119900309,57,149,-92
119900310,444,546,-102
119900311,93,186,-93
119900312,195,152,43
119900313,378,552,-174
119900314,281,530,-249
119900315,1712,3625,-1913
119900318,18,38,-20
119900319,11,407,-396
119900320,189,803,-614
119900321,71,5,66
120000001,10891,19566,-8675
120000002,3053,3759,-706
120000003,4088,2111,1977
120000004,3593,2957,636
120000005,6094,2734,3360
120000006,1864,1713,151
120000007,5347,4115,1232
120000008,1569,1937,-368
120000009,5319,1465,3854
120000010,2401,3902,-1501
120000011,1460,3052,-1592
120000012,2063,4332,-2269
120000013,3520,3921,-401
120000014,1147,2307,-1160
120000015,3460,2361,1099
120000016,4429,3575,854
120000017,3974,3629,345
120000018,5986,14005,-8019
120000019,1132,2182,-1050
120000020,3860,4137,-277
120000021,2124,2927,-803
120000022,3268,4745,-1477
120000023,1038,2207,-1169
120000024,1545,2965,-1420
120000025,2684,2958,-274
120000026,1902,2544,-642
120000027,2117,2822,-705
120000028,1205,758,447
120000029,7542,800,6742
120000030,781,1666,-885
120000031,2642,13764,-11122
120000032,12305,5158,7147
120000033,5710,2937,2773
120000034,2375,2903,-528
120000035,2660,3259,-599
120000036,3522,7236,-3714
120000037,969,2056,-1087
120000038,11888,5060,6828
120000039,617,1221,-604
120000040,204,280,-76
120000041,1461,2178,-717
120000042,2776,4295,-1519
120000043,7296,3239,4057
120000044,5914,2021,3893
120000045,6642,1556,5086
120000046,2934,3743,-809
120000047,2606,6820,-4214
120000048,11727,5465,6262
120000049,4638,3734,904
120000050,5558,6387,-829
120000051,4437,7275,-2838
120000052,16689,3465,13224
120000053,1299,4569,-3270
120000054,1661,6940,-5279
120000055,2099,7730,-5631
120000056,5387,6296,-909
120000057,4027,949,3078
120000058,2328,470,1858
120000059,116,1830,-1714
120000061,192,837,-645
120000062,239,459,-220
120000063,2505,4036,-1531
120000064,296,2030,-1734
120000065,825,2696,-1871
120000066,334,812,-478
120000067,235,763,-528
120000068,209,1301,-1092
120000069,797,1977,-1180
120000070,79,1127,-1048
120000071,568,251,317
120000072,854,570,284
120000073,902,108,794
120000074,617,109,508
120000075,1251,463,788
120000076,2260,588,1672
120000077,2109,820,1289
120000078,5049,1412,3637
120000079,275,186,89
120000080,148,267,-119
120000081,408,224,184
120000082,232,228,4
120000083,65,683,-618
120000084,614,606,8
120000085,533,388,145
120000086,332,728,-396
120000087,189,1057,-868
120000088,1069,2007,-938
120000089,1438,1025,413
120000090,863,755,108
120000091,1050,1465,-415
120000092,1618,877,741
120000093,496,708,-212
120000094,208,838,-630
120000095,1159,722,437
120000096,322,1186,-864
120000098,1006,1191,-185
120000099,573,1142,-569
120000100,901,1558,-657
120000101,665,697,-32
120000102,698,1028,-330
120000103,1658,942,716
120000104,2089,642,1447
120000105,3410,891,2519
120000106,2636,854,1782
120000107,4288,916,3372
120000108,1228,185,1043
120000109,1463,121,1342
120000110,103,1403,-1300
120000111,135,1846,-1711
120000112,1116,5294,-4178
120000113,858,3696,-2838
120000114,1310,4552,-3242
120000115,466,3537,-3071
120000116,910,2997,-2087
120000117,1987,2252,-265
120000118,36,31,5
120000119,25,91,-66
120000120,96,79,17
120000121,48,71,-23
120000122,372,450,-78
120000123,8581,6352,2229
120000124,588,552,36
120000125,556,974,-418
120000126,477,1031,-554
120000127,3331,1225,2106
120000128,5039,3911,1128
120000129,380,442,-62
120000130,1130,944,186
120000131,337,637,-300
120000134,531,1711,-1180
120000135,601,685,-84
120000137,324,2433,-2109
120000138,1085,805,280
120000139,393,1238,-845
120000140,930,995,-65
120000141,356,775,-419
120000142,583,933,-350
120000143,2,151,-149
120000144,112,1,111
120000145,402,2,400
120000146,2654,1247,1407
120000149,893,1375,-482
120000150,5553,15203,-9650
120000151,531,717,-186
120000152,536,338,198
120000153,430,1028,-598
120000154,647,737,-90
120000155,135,366,-231
120000156,1619,1093,526
120000157,1302,903,399
120000158,1301,1368,-67
120000159,2396,3532,-1136
120000160,3143,2075,1068
120000161,2583,3552,-969
120000162,163,454,-291
120000163,762,1689,-927
120000164,595,508,87
120000165,714,1260,-546
120000166,1483,823,660
120000167,52,132,-80
120000168,29,383,-354
120000169,105,851,-746
120000170,120,601,-481
120000171,25,176,-151
120000172,48,85,-37
120000173,4829,440,4389
120000174,1085,26,1059
120000175,1896,58,1838
120000176,1104,45,1059
120000177,3078,183,2895
120000178,318,13,305
120000179,819,42,777
120000180,1793,129,1664
120000181,240,631,-391
120000182,147,240,-93
120000183,28,242,-214
120000184,216,1169,-953
120000186,176,197,-21
120000187,153,102,51
120000188,917,160,757
120000190,2389,27,2362
120000191,3262,56,3206
120000192,2170,41,2129
120000193,1053,19,1034
120000195,168,8,160
120000196,602,123,479
120000197,273,340,-67
120000198,284,179,105
120000199,127,3,124
120000200,88,1,87
120000201,11,35,-24
120000202,1,85,-84
120000203,51,350,-299
120000207,5,119,-114
120000208,21,394,-373
120000209,8,120,-112
120000210,136,136,0
120000211,140,3,137
120000212,180,0,180
120000213,100,475,-375
120000214,4,502,-498
120000215,7,248,-241
120000216,90,8,82
120000217,1023,1752,-729
120000218,236,1157,-921
120000219,15,787,-772
120000220,13,2488,-2475
120000225,1567,0,1567
120000226,491,5,486
120000227,1026,62,964
120000228,9743,4192,5551
120000230,390,20,370
120000231,1532,3145,-1613
120000233,357,13,344
120000235,248,1074,-826
120000236,1606,1,1605
120000237,5,2626,-2621
120000238,1,778,-777
120000241,1447,5223,-3776
120000412,1884,41,1843
120000413,269,475,-206
120000414,141,3,138
120000415,1,294,-293
120000416,101,8,93
120000417,8,149,-141
120000418,165,19,146
120000419,19,572,-553
120000420,77,70,7
120000421,18306,8811,9495
120000422,219,1135,-916
120000423,4,85,-81
120000424,83,232,-149
120000436,145,671,-526
120000437,195,206,-11
120000438,5233,406,4827
120000439,271,600,-329
120000443,212,1,211
120000444,1621,980,641
120000445,1979,1640,339
120000446,1124,307,817
120000447,195,20,175
120000449,123,12,111
120000450,16,395,-379
120000451,217,405,-188
120000452,111,1,110
120000453,1,742,-741
120000454,92,62,30
120000455,143,61,82
120000456,3451,5318,-1867
120000457,2211,1131,1080
120000458,696,943,-247
120000459,104,119,-15
120000665,3467,261,3206
120000668,181,439,-258
120000669,90,334,-244
120000670,367,523,-156
120000671,1464,464,1000
120000672,142,717,-575
120900001,133,111,22
120900002,802,623,179
120900003,973,72,901
120900004,14,90,-76
120900005,174,1314,-1140
120900006,396,284,112
120900007,169,161,8
120900008,307,1752,-1445
120900009,820,39,781
120900010,644,110,534
120900011,499,223,276
120900012,981,1443,-462
120900013,391,148,243
120900014,11,1040,-1029
120900015,688,102,586
120900016,841,76,765
120900017,3678,170,3508
120900018,188,729,-541
120900019,880,272,608
120900020,1038,1354,-316
120900021,836,215,621
120900022,41,474,-433
120900023,275,56,219
120900024,2467,669,1798
120900025,2620,1424,1196
120900026,344,320,24
120900027,1238,46,1192
120900028,409,93,316
120900029,247,448,-201
120900030,1228,891,337
120900031,356,141,215
120900032,1022,237,785
120900033,1180,81,1099
120900034,37,3474,-3437
120900035,65,328,-263
120900037,222,11,211
120900038,78,252,-174
120900039,118,89,29
120900040,321,2,319
120900041,233,55,178
120900042,566,90,476
120900043,44,21,23
120900044,17,690,-673
120900045,204,237,-33
120900046,386,10,376
120900047,171,108,63
120900048,134,47,87
120900049,425,6,419
120900050,4111,1733,2378
120900051,341,211,130
120900052,685,5,680
120900053,338,132,206
120900054,2347,1055,1292
120900055,309,4,305
120900056,545,32,513
120900057,174,18,156
120900058,551,0,551
120900059,95,8,87
120900060,86,48,38
120900061,291,574,-283
120900062,210,2,208
120900063,586,1,585
120900064,630,1,629
120900065,533,10,523
120900066,306,434,-128
120900067,179,59,120
120900068,318,2,316
120900069,262,91,171
120900071,57,3,54
120900072,725,5,720
120900073,516,403,113
120900074,642,13,629
120900076,322,1,321
120900077,5829,750,5079
120900078,1002,1396,-394
120900079,877,178,699
120900080,816,2662,-1846
120900081,1033,1623,-590
120900082,822,607,215
120900083,98,41,57
120900084,357,611,-254
120900085,147,225,-78
120900086,211,389,-178
120900087,559,337,222
120900088,312,410,-98
120900089,5972,3056,2916
120900090,203,286,-83
120900091,738,752,-14
120900092,1827,917,910
120900093,4140,377,3763
120900094,714,311,403
120900095,970,52,918
120900096,71,340,-269
120900097,1035,1177,-142
120900098,465,305,160
120900099,78,107,-29
120900100,134,452,-318
120900101,1127,506,621
120900102,51,201,-150
120900103,71,303,-232
120900104,52,81,-29
120900105,41,764,-723
120900106,1985,865,1120
120900107,453,278,175
120900108,5,976,-971
120900109,79,1092,-1013
120900110,8,1636,-1628
120900111,293,528,-235
120900112,14,1543,-1529
120900113,37,1281,-1244
120900114,47,246,-199
120900115,216,334,-118
120900116,426,761,-335
120900117,1,847,-846
120900118,8,1196,-1188
120900119,4525,10073,-5548
120900120,136,930,-794
120900121,293,872,-579
120900122,614,866,-252
120900123,1,627,-626
120900124,0,945,-945
120900125,6,1380,-1374
120900126,2392,1816,576
120900127,33,753,-720
120900128,1597,1982,-385
120900129,62,428,-366
120900130,10,609,-599
120900131,45,79,-34
120900132,1001,638,363
120900133,326,1509,-1183
120900134,1086,700,386
120900135,9,871,-862
120900136,103,54,49
120900137,301,206,95
120900138,24,309,-285
120900139,2,1095,-1093
120900140,1,137,-136
120900141,455,237,218
120900142,46,919,-873
120900143,3,1470,-1467
120900144,1,291,-290
120900145,156,1170,-1014
120900146,5,1622,-1617
120900147,1,673,-672
120900148,189,197,-8
120900149,0,526,-526
120900150,60,936,-876
120900151,3,998,-995
120900152,1,72,-71
120900153,19,150,-131
120900154,2,538,-536
120900155,289,1611,-1322
120900156,48,604,-556
120900157,102,361,-259
120900158,62,788,-726
120900159,100,347,-247
120900160,57,742,-685
120900161,24,745,-721
120900162,20,692,-672
120900163,46,531,-485
120900164,0,1,-1
120900165,6,13,-7
120900166,259,352,-93
120900167,610,212,398
120900169,101,629,-528
120900170,2720,2865,-145
120900171,1630,619,1011
120900172,4305,524,3781
120900173,0,77,-77
120900174,13,197,-184
120900175,414,342,72
120900176,17,439,-422
120900177,5,1432,-1427
120900178,2,675,-673
120900179,1584,791,793
120900180,239,199,40
120900181,160,91,69
120900182,27,878,-851
120900183,379,422,-43
120900184,110,148,-38
120900185,10,736,-726
120900186,1,722,-721
120900187,693,1333,-640
120900188,207,26,181
120900189,194,1161,-967
120900190,60,13,47
120900191,3,30,-27
120900192,17113,7098,10015
120900194,44,123,-79
120900195,198,409,-211
120900196,1102,57,1045
120900197,739,165,574
120900198,366,857,-491
120900199,643,2526,-1883
120900200,135,183,-48
120900201,770,276,494
120900202,1,239,-238
120900203,43,123,-80
120900204,172,397,-225
120900205,103,117,-14
120900206,13,25,-12
121000001,1475,1453,22
121000002,4589,3149,1440
121000003,5269,2855,2414
121000004,4771,9525,-4754
121000005,3248,4084,-836
121000006,5690,2490,3200
121000007,5274,3698,1576
121000008,12703,5929,6774
121000009,9155,7918,1237
121000010,13714,11169,2545
121000011,15241,20510,-5269
121000012,24463,17713,6750
121000013,7581,11166,-3585
121000014,9680,9891,-211
121000015,8074,9927,-1853
121000016,6323,6076,247
121000017,3115,5473,-2358
121000018,3755,2636,1119
121000019,27918,15431,12487
121000020,18201,18779,-578
121000021,4807,4555,252
121000022,3727,3244,483
121000023,6639,4656,1983
121000024,6644,6044,600
121000025,822,2209,-1387
121000026,443,237,206
121000027,1902,1510,392
121000028,1296,669,627
121000029,1408,770,638
121000030,156,186,-30
121000031,1169,982,187
121000032,351,115,236
121000034,979,248,731
121000035,387,158,229
121000036,2240,1581,659
121000037,1150,710,440
121000038,1000,1182,-182
121000039,681,894,-213
121000041,1092,888,204
121000042,427,522,-95
121000043,1235,881,354
121000044,2528,1071,1457
121000045,874,495,379
121000046,1012,1249,-237
121000047,249,179,70
121000049,3420,970,2450
121000050,562,1461,-899
121000051,1186,447,739
121000052,1000,920,80
121000053,503,130,373
121000054,51,429,-378
121000055,1814,1372,442
121000056,1117,1514,-397
121000057,486,797,-311
121000058,434,198,236
121000059,2856,1830,1026
121000060,609,1302,-693
121000061,292,292,0
121000062,194,538,-344
121000063,944,713,231
121000064,689,763,-74
121000065,676,611,65
121000066,443,407,36
121000067,1167,668,499
121000068,1321,580,741
121000069,1587,791,796
121000070,3071,1864,1207
121000071,2611,1858,753
121000072,2359,1132,1227
121000073,1849,1187,662
121000074,164,163,1
121000075,109,368,-259
121000076,1937,537,1400
121000077,190,217,-27
121000078,176,170,6
121000080,3448,1068,2380
121000081,5352,5126,226
121000082,119,276,-157
121000083,283,204,79
121000084,323,183,140
121000085,325,647,-322
121000086,247,986,-739
121000087,80,388,-308
121000088,659,935,-276
121000089,671,511,160
121000090,809,581,228
121000091,2171,1206,965
121000092,227,134,93
121000093,222,310,-88
121000094,647,1063,-416
121000095,437,783,-346
121000096,2935,3564,-629
121000097,1640,2914,-1274
121000098,812,1580,-768
121000099,929,1127,-198
121000100,1393,637,756
121000101,575,406,169
121000102,450,460,-10
121000103,404,422,-18
121000104,521,275,246
121000105,630,363,267
121000106,456,600,-144
121000107,3367,4941,-1574
121000109,2003,1580,423
121000110,483,940,-457
121000114,4196,2982,1214
121000115,1338,924,414
121000116,383,1222,-839
121000117,1061,315,746
121000118,1613,316,1297
121000119,461,524,-63
121000120,328,530,-202
121000121,799,1604,-805
121000123,3263,758,2505
121000126,145,401,-256
121000127,462,150,312
121000128,1285,721,564
121000129,1186,753,433
121000130,824,1335,-511
121000131,3765,2646,1119
121000132,2485,2057,428
121000135,679,1055,-376
121000136,3297,693,2604
121000137,702,333,369
121000138,2351,992,1359
121000139,1321,213,1108
121000141,472,198,274
121000142,1202,926,276
121000143,171,30,141
121000144,1519,2122,-603
121000145,1122,1622,-500
121000146,2125,1245,880
121000147,1422,748,674
121000148,1647,1487,160
121000149,2867,1652,1215
121000152,710,1090,-380
121000153,2594,1007,1587
121000154,1221,1129,92
121000155,1855,1892,-37
121000156,519,1703,-1184
121000157,1504,3282,-1778
121000158,509,781,-272
121000159,233,723,-490
121000160,436,801,-365
121000161,236,510,-274
121000162,185,339,-154
121000165,2421,2327,94
121000166,24,603,-579
121000168,603,368,235
121000169,144,219,-75
121000170,420,288,132
121000171,84,242,-158
121000172,926,624,302
121000173,1838,1494,344
121000174,448,629,-181
121000175,1309,581,728
121000176,554,320,234
121000177,1125,542,583
121000178,195,89,106
121000179,179,86,93
121000181,558,565,-7
121000182,143,263,-120
121000183,78,103,-25
121000184,550,105,445
121000185,28,175,-147
121000186,239,541,-302
121000187,219,296,-77
121000188,202,321,-119
121000192,1142,600,542
121000193,1163,771,392
121000194,3433,3210,223
121000195,476,1104,-628
121000196,760,199,561
121000197,469,1048,-579
121000198,734,129,605
121000199,189,591,-402
121000200,758,136,622
121000201,10,299,-289
121000202,306,19,287
121000203,1375,2998,-1623
121000204,4486,910,3576
121000205,366,406,-40
121000206,455,36,419
121000207,2910,665,2245
121000208,14,604,-590
121000209,392,544,-152
121000210,684,689,-5
121000211,528,232,296
121000212,461,959,-498
121000213,12553,4193,8360
121000214,1131,4147,-3016
121000215,1794,1079,715
121000216,790,1174,-384
121000217,8549,4863,3686
121000218,626,2333,-1707
121000219,3003,635,2368
121000220,395,82,313
121000221,229,300,-71
121000222,3689,3211,478
121000223,1286,446,840
121000224,701,255,446
121000225,4569,1814,2755
121000226,14972,1813,13159
121000227,13,198,-185
121000228,32,876,-844
121000229,411,502,-91
121000230,60,2177,-2117
121000231,1152,71,1081
121000232,449,452,-3
121000233,728,478,250
121000234,41,45,-4
121000235,124,46,78
121000236,9,101,-92
121000237,32,11,21
121000238,4,128,-124
121000239,22,3,19
121000240,7,393,-386
121000241,125,9,116
121000242,34,248,-214
121000243,367,136,231
121000244,16,95,-79
121000245,72,19,53
121000246,5,129,-124
121000247,147,7,140
121000248,1227,524,703
121000249,199,342,-143
121000250,1177,227,950
121000251,21,682,-661
121000252,154,138,16
121000253,447,555,-108
121000254,1202,362,840
121000255,516,227,289
121000256,1133,298,835
121000257,144,128,16
121000258,535,86,449
121000259,215,85,130
121000260,246,194,52
121000261,305,75,230
121000262,1549,1784,-235
121000263,559,540,19
121000271,335,2051,-1716
121000273,290,4,286
121000274,49,91,-42
121000275,4,15,-11
121000276,9,32,-23
121000278,252,62,190
121000279,118,27,91
121000280,339,58,281
121000289,392,53,339
121000290,1682,965,717
121000294,226,223,3
121000297,1338,2134,-796
121000299,812,392,420
121000300,945,933,12
121000302,101,1573,-1472
121000303,764,529,235
121000304,623,86,537
121000305,231,86,145
121000306,194,162,32
121000308,232,653,-421
121000309,743,921,-178
121000310,213,502,-289
121000311,131,1191,-1060
121000312,516,377,139
121000313,669,859,-190
121000314,141,126,15
121000315,42,84,-42
121000530,1867,1963,-96
121000531,1769,1960,-191
121000532,8742,8369,373
121000533,3603,3931,-328
121000918,162,221,-59
121000919,121,70,51
121000938,184,202,-18
121000939,165,131,34
121000956,1356,2087,-731
121000957,7,13,-6
121000958,155,42,113
121000959,1109,1244,-135
121000960,2561,3011,-450
121000961,274,129,145
121000962,361,1345,-984
121000973,0,198,-198
121000976,26,298,-272
121000979,584,221,363
121000981,398,274,124
121000982,463,235,228
121000983,567,559,8
121000984,123,89,34
121000985,829,970,-141
121000986,688,388,300
121000987,321,1742,-1421
121000988,972,184,788
121001302,581,186,395
121001308,9,14,-5
121001309,363,340,23
121001313,759,286,473
121001314,3726,5336,-1610
121001315,5271,2887,2384
121900001,120,234,-114
121900002,243,40,203
121900003,623,26,597
121900004,250,580,-330
121900005,43,15,28
121900006,162,24,138
121900007,2962,4273,-1311
121900008,3621,934,2687
121900009,911,18,893
121900010,326,7,319
121900011,500,585,-85
121900012,38,0,38
121900013,3014,69,2945
121900014,1749,619,1130
121900015,204,294,-90
121900016,7,50,-43
121900017,654,765,-111
121900018,463,8,455
121900019,530,384,146
121900020,38,2,36
121900021,1131,21,1110
121900022,246,298,-52
121900023,152,487,-335
121900024,503,130,373
121900025,751,500,251
121900026,512,61,451
121900027,654,231,423
121900028,346,46,300
121900029,199,278,-79
121900030,846,1052,-206
121900031,1575,9562,-7987
121900032,163,166,-3
121900033,175,190,-15
121900034,628,127,501
121900035,3905,3125,780
121900036,127,478,-351
121900037,284,837,-553
121900038,39,279,-240
121900039,767,79,688
121900040,61,105,-44
121900041,118,176,-58
121900042,589,174,415
121900043,4,14,-10
121900044,269,96,173
121900045,769,460,309
121900046,541,372,169
121900047,236,82,154
121900048,109,263,-154
121900050,36,76,-40
121900051,255,220,35
121900052,216,88,128
121900053,674,496,178
121900054,577,1220,-643
121900055,9,14,-5
121900058,380,246,134
121900059,576,251,325
121900060,190,441,-251
121900061,479,263,216
121900062,211,238,-27
121900063,1533,410,1123
121900064,494,961,-467
121900066,46,31,15
121900067,66,53,13
121900069,182,197,-15
121900070,639,153,486
121900071,359,317,42
121900072,71,247,-176
121900073,348,298,50
121900074,1220,1437,-217
121900075,1428,541,887
121900076,1375,846,529
121900077,20,95,-75
121900078,91,55,36
121900079,0,0,0
121900080,1401,591,810
121900082,64,179,-115
121900083,499,316,183
121900084,9,255,-246
121900085,11,29,-18
121900086,16,74,-58
121900087,297,108,189
121900088,3224,5295,-2071
121900089,243,462,-219
121900090,39,146,-107
121900091,88,213,-125
121900092,225,131,94
121900093,65,93,-28
121900094,12,5,7
121900095,276,170,106
121900096,2555,998,1557
121900097,809,241,568
121900098,16,7,9
121900099,301,74,227
121900100,398,596,-198
121900101,149,167,-18
121900102,6,208,-202
121900103,1567,342,1225
121900104,1875,462,1413
121900105,362,299,63
121900106,18,10,8
121900107,74,61,13
121900108,2,59,-57
121900109,510,195,315
121900110,638,1383,-745
121900111,2144,182,1962
121900112,336,144,192
121900113,100,790,-690
121900114,76,148,-72
121900115,236,387,-151
121900117,994,72,922
121900118,3441,762,2679
121900119,177,146,31
121900120,63,2249,-2186
121900121,875,74,801
121900122,47,91,-44
121900123,231,623,-392
121900124,143,151,-8
121900125,2032,1907,125
121900127,21,102,-81
121900128,105,144,-39
121900129,1047,227,820
121900130,218,303,-85
121900131,390,96,294
121900132,135,162,-27
121900133,92,722,-630
121900134,45,217,-172
121900135,3364,483,2881
121900136,229,460,-231
121900137,86,571,-485
121900138,276,339,-63
121900139,463,563,-100
121900140,99,291,-192
121900141,36,45,-9
121900142,253,195,58
121900143,29,241,-212
121900144,148,291,-143
121900145,237,347,-110
121900146,1142,1162,-20
121900147,79,187,-108
121900148,274,479,-205
121900149,609,1019,-410
121900150,80,180,-100
121900151,91,319,-228
121900152,122,193,-71
121900153,183,914,-731
121900154,22,315,-293
121900155,3,193,-190
121900156,181,119,62
121900157,4,457,-453
121900158,101,134,-33
121900159,0,312,-312
121900160,8,309,-301
121900161,464,471,-7
121900162,112,188,-76
121900163,296,909,-613
121900164,707,250,457
121900165,340,233,107
121900166,404,238,166
121900167,198,147,51
121900168,291,247,44
121900169,4,277,-273
121900170,9,356,-347
121900171,1009,872,137
121900172,647,311,336
121900173,1193,376,817
121900174,56,134,-78
121900175,277,219,58
121900176,883,2062,-1179
121900177,312,104,208
121900178,19,8,11
121900179,407,165,242
121900180,6406,5956,450
121900182,997,331,666
121900183,1238,978,260
121900184,75,914,-839
121900185,166,153,13
121900186,10,438,-428
121900187,82,188,-106
121900188,650,568,82
121900189,38,181,-143
121900190,595,771,-176
121900191,91,308,-217
121900192,444,858,-414
121900193,33,53,-20
121900194,3,273,-270
121900195,159,183,-24
121900196,1350,1763,-413
121900197,505,2222,-1717
121900198,1420,1582,-162
121900199,1,39,-38
121900200,108,333,-225
121900201,1584,1114,470
121900202,165,887,-722
121900203,338,1391,-1053
121900204,1237,1764,-527
121900205,210,329,-119
121900206,12,23,-11
121900207,197,56,141
121900208,195,371,-176
121900209,96,46,50
121900210,1825,1602,223
121900211,6,131,-125
121900212,154,162,-8
121900213,186,93,93
121900214,13,1100,-1087
121900215,59,232,-173
121900216,89,164,-75
121900217,363,175,188
121900218,293,600,-307
121900219,497,101,396
121900220,203,18,185
121900221,331,1139,-808
121900222,316,255,61
121900223,413,86,327
121900224,188,63,125
121900225,326,157,169
121900226,542,1967,-1425
121900227,220,665,-445
121900228,299,478,-179
121900229,353,395,-42
121900230,238,480,-242
121900231,949,2378,-1429
121900232,563,508,55
121900233,309,348,-39
121900234,807,464,343
121900235,986,285,701
121900236,627,263,364
121900237,269,347,-78
121900238,165,512,-347
121900239,247,63,184
121900240,259,219,40
121900241,74,86,-12
121900242,8,2,6
121900243,17,1,16
121900244,21,4,17
121900245,249,103,146
121900246,2923,574,2349
121900247,403,390,13
121900248,2024,1492,532
121900250,392,395,-3
121900251,446,64,382
121900252,904,209,695
121900253,173,965,-792
121900254,648,360,288
121900255,317,150,167
121900258,4226,3220,1006
121900259,478,922,-444
121900260,258,279,-21
121900261,215,845,-630
121900262,558,1522,-964
121900263,307,495,-188
121900264,2883,2805,78
121900265,387,413,-26
121900266,504,225,279
121900267,65,44,21
121900269,288,853,-565
121900270,62,349,-287
121900271,58,255,-197
121900273,907,2944,-2037
121900274,409,309,100
121900276,1185,195,990
121900277,583,1513,-930
121900278,248,1110,-862
121900279,229,193,36
121900280,466,497,-31
121900281,1243,582,661
121900284,132,26,106
121900286,490,190,300
121900287,48,47,1
121900290,337,361,-24
121900291,610,751,-141
121900292,292,213,79
121900293,1297,3914,-2617
121900294,361,5,356
121900295,193,353,-160
121900296,150,220,-70
121900298,723,918,-195
121900299,10,0,10
121900300,80,2,78
121900301,127,2,125
121900302,3,175,-172
121900303,922,414,508
121900304,0,16,-16
121900305,3,12,-9
121900306,73,1,72
121900307,44,40,4
121900308,22,332,-310
121900309,41,338,-297
121900310,51,536,-485
121900311,554,31,523
121900312,292,36,256
121900313,399,48,351
121900314,0,87,-87
121900315,9,0,9
121900316,0,15,-15
121900317,6,2,4
121900318,4,17,-13
121900319,24,127,-103
121900320,67,154,-87
121900321,10,2,8
121900322,0,33,-33
121900323,7,18,-11
121900324,6,52,-46
121900325,9,3,6
121900326,7,14,-7
121900327,9,86,-77
121900328,1,29,-28
121900329,0,289,-289
121900330,19,14,5
121900331,69,24,45
121900332,112,57,55
122000001,3386,5162,-1776
122000002,6288,2193,4095
122000003,2942,3180,-238
122000004,4325,2245,2080
122000005,3685,2052,1633
122000006,2864,1003,1861
122000007,1766,2066,-300
122000008,6912,7345,-433
122000009,574,496,78
122000010,2717,4069,-1352
122000011,4370,1954,2416
122000012,1561,1740,-179
122000013,2354,1464,890
122000014,1992,2095,-103
122000015,1796,1467,329
122000016,682,1061,-379
122000017,1464,1412,52
122000018,1934,1655,279
122000019,1012,1592,-580
122000020,355,219,136
122000021,580,732,-152
122000022,2005,1865,140
122000023,875,3421,-2546
122000024,1146,1353,-207
122000025,2236,2070,166
122000026,1575,1214,361
122000027,686,3914,-3228
122000028,966,644,322
122000029,627,466,161
122000030,521,222,299
122000031,215,309,-94
122000032,2120,3691,-1571
122000033,1138,1243,-105
122000034,1180,885,295
122000035,439,1217,-778
122000036,786,702,84
122000037,450,392,58
122000038,393,506,-113
122000039,821,763,58
122000040,508,614,-106
122000041,687,732,-45
122000042,533,581,-48
122000043,211,147,64
122000044,182,218,-36
122000045,2042,611,1431
122000046,1051,1292,-241
122000047,419,277,142
122000048,4535,6906,-2371
122000049,8931,3906,5025
122000050,2447,837,1610
122000051,516,345,171
122000052,678,426,252
122000053,166,781,-615
122000054,3230,2872,358
122000055,2892,3587,-695
122000056,6824,5145,1679
122000057,4557,4721,-164
122000058,4584,1567,3017
122000059,4137,1917,2220
122000060,1096,730,366
122000061,622,467,155
122000062,1586,414,1172
122000063,2991,939,2052
122000064,5501,3290,2211
122000065,7744,3429,4315
122000066,1643,1184,459
122000067,2955,1732,1223
122000068,2005,2081,-76
122000069,878,1022,-144
122000070,942,4336,-3394
122000071,2015,2179,-164
122000072,437,408,29
122000073,443,620,-177
122000074,3587,2073,1514
122000075,860,1844,-984
122000076,2449,1616,833
122000077,2623,898,1725
122000078,3402,2795,607
122000079,3381,1524,1857
122000080,1388,485,903
122000081,281,486,-205
122000082,1667,1034,633
122000083,2180,3824,-1644
122000084,1606,1167,439
122000085,417,2703,-2286
122000086,3377,6530,-3153
122000087,510,265,245
122000088,482,495,-13
122000089,8795,4350,4445
122000090,360,695,-335
122000091,665,93,572
122000092,320,27,293
122000093,3079,1549,1530
122000094,10872,3084,7788
122000095,5004,4463,541
122000096,4063,2885,1178
122000098,4987,2465,2522
122000099,3962,990,2972
122000100,1325,973,352
122000101,399,1552,-1153
122000102,2343,1475,868
122000103,2771,2063,708
122000104,529,278,251
122000105,830,334,496
122000106,623,684,-61
122000107,1286,605,681
122000108,572,942,-370
122000109,500,392,108
122000110,639,549,90
122000111,3353,1875,1478
122000112,1123,2051,-928
122000113,667,885,-218
122000114,6072,2153,3919
122000115,2101,2749,-648
122000116,751,803,-52
122000117,1768,656,1112
122000118,769,1212,-443
122000119,5788,4147,1641
122000120,5732,8005,-2273
122000121,5723,4809,914
122000122,1224,2737,-1513
122000123,3455,3152,303
122000124,1911,983,928
122000125,782,1105,-323
122000126,1177,1928,-751
122000127,2195,1880,315
122000128,731,1440,-709
122000129,519,2163,-1644
122000130,5288,2160,3128
122000131,3781,2525,1256
122000132,1631,1092,539
122000133,1864,2576,-712
122000134,1295,1102,193
122000135,1020,976,44
122000136,1252,1097,155
122000137,2559,1194,1365
122000139,2198,5437,-3239
122000140,1735,737,998
122000141,6408,1526,4882
122000142,615,1081,-466
122000143,1007,1105,-98
122000144,3418,2127,1291
122000145,2439,1327,1112
122000146,893,1726,-833
122000147,1469,589,880
122000148,2642,2345,297
122000149,3130,2165,965
122000150,2154,1791,363
122000151,367,501,-134
122000152,722,585,137
122000153,660,501,159
122000154,501,226,275
122000155,2031,4048,-2017
122000156,2955,2851,104
122000157,2456,2160,296
122000158,596,951,-355
122000159,2004,2983,-979
122000160,11262,5086,6176
122000161,2615,2010,605
122000162,3549,3258,291
122000163,362,111,251
122000164,32,92,-60
122000165,1656,999,657
122000166,2277,1604,673
122000167,319,312,7
122000168,290,628,-338
122000169,772,293,479
122000170,409,320,89
122000171,58,95,-37
122000172,2008,1953,55
122000173,1917,2989,-1072
122000174,4446,988,3458
122000175,1873,460,1413
122000176,425,870,-445
122000177,2835,1698,1137
122000178,4429,4100,329
122000179,2542,3363,-821
122000180,2484,1995,489
122000181,2411,4482,-2071
122000182,2760,2475,285
122000183,2584,1575,1009
122000184,3484,3052,432
122000185,1488,1735,-247
122000186,779,956,-177
122000187,3343,1540,1803
122000188,504,210,294
122000189,315,492,-177
122000190,1630,1530,100
122000191,1844,1130,714
122000192,1696,472,1224
122000193,570,750,-180
122000194,1118,273,845
122000195,294,452,-158
122000196,1926,685,1241
122000197,716,767,-51
122000198,689,1160,-471
122000199,485,393,92
122000200,1677,1058,619
122000201,1705,1626,79
122000202,2093,1593,500
122000203,3644,1916,1728
122000204,2415,2782,-367
122000205,2067,2014,53
122000206,3248,1260,1988
122000207,3192,1887,1305
122000208,4510,2080,2430
122000209,3595,503,3092
122000210,3762,2464,1298
122000211,2705,1410,1295
122000212,1203,965,238
122000213,1460,2467,-1007
122000214,2939,2580,359
122000215,2536,1932,604
122000217,3120,1937,1183
122000218,1219,138,1081
122000219,1649,1230,419
122000220,498,912,-414
122000221,136,535,-399
122000222,852,283,569
122000223,2174,645,1529
122000225,1485,401,1084
122000226,3797,2744,1053
122000227,571,4167,-3596
122000228,590,497,93
122000229,32,629,-597
122000230,75,893,-818
122000231,350,1235,-885
122000232,1201,689,512
122000233,2,62,-60
122000234,480,205,275
122000235,2904,329,2575
122000236,1624,284,1340
122000237,215,123,92
122000238,440,570,-130
122000239,932,206,726
122000240,2305,851,1454
122000241,743,483,260
122000242,1634,145,1489
122000243,1883,68,1815
122000244,75,361,-286
122000245,38,119,-81
122000246,81,95,-14
122000247,868,356,512
122000248,1322,2709,-1387
122000249,1158,1881,-723
122000250,3487,2957,530
122000251,379,735,-356
122000252,917,175,742
122000253,60,428,-368
122000254,391,156,235
122000255,1071,2371,-1300
122000256,503,1655,-1152
122000257,228,514,-286
122000258,375,371,4
122000259,15,678,-663
122000260,12,115,-103
122000261,18,271,-253
122000262,0,59,-59
122000263,309,162,147
122000264,1753,691,1062
122000265,4292,1101,3191
122000266,8680,799,7881
122000267,276,141,135
122000268,293,510,-217
122000269,1604,521,1083
122000270,1954,255,1699
122000271,546,1597,-1051
122000272,554,1408,-854
122000273,704,554,150
122000274,360,211,149
122000275,384,300,84
122000276,1072,808,264
122000277,1803,1865,-62
122000278,2583,1260,1323
122000279,310,886,-576
122000280,1154,1285,-131
122000281,1077,1216,-139
122000282,443,241,202
122000283,1215,113,1102
122000284,285,133,152
122000285,990,138,852
122000286,275,231,44
122000287,2948,2100,848
122000288,1164,373,791
122000291,2455,1134,1321
122000293,320,459,-139
122000294,166,345,-179
122000295,1650,214,1436
122000296,36,901,-865
122000297,3959,3709,250
122000299,546,615,-69
122000300,627,960,-333
122000301,16248,4431,11817
122000302,1032,2251,-1219
122000303,5130,1904,3226
122000304,120,375,-255
122000305,1544,377,1167
122000306,39,999,-960
122000307,221,179,42
122000309,106,45,61
122000310,60,89,-29
122000311,541,202,339
122000312,222,121,101
122000313,229,144,85
122000314,167,298,-131
122000315,372,46,326
122000316,1045,240,805
122000317,1832,308,1524
122000318,365,1268,-903
122000319,320,637,-317
122000320,484,2832,-2348
122000321,181,300,-119
122000322,3264,3171,93
122000323,2069,2928,-859
122000324,2094,1415,679
122000325,1237,1875,-638
122000326,96,207,-111
122000327,1065,1678,-613
122000328,2112,1443,669
122000330,3342,1208,2134
122000332,527,570,-43
122000333,17,164,-147
122000337,1296,2527,-1231
122000338,694,704,-10
122000340,605,427,178
122000342,2053,1344,709
122000343,540,399,141
122000344,60,35,25
122000345,442,89,353
122000346,351,89,262
122000348,892,1073,-181
122000349,174,629,-455
122000351,172,298,-126
122000352,575,212,363
122000353,148,133,15
122000355,235,290,-55
122000356,2778,1343,1435
122000357,134,29,105
122000358,0,75,-75
122000359,1,49,-48
122000360,1,54,-53
122000362,14,109,-95
122000364,201,490,-289
122000365,1,78,-77
122000366,5,13,-8
122000368,612,941,-329
122000370,33,84,-51
122000371,31,0,31
122000372,26,4,22
122000381,81,481,-400
122000382,90,328,-238
122000384,4475,2239,2236
122000385,127,0,127
122000386,1100,1952,-852
122000387,1063,751,312
122000388,2687,869,1818
122000389,233,855,-622
122000390,833,335,498
122000391,376,197,179
122000392,269,342,-73
122000393,201,227,-26
122000394,954,441,513
122000395,258,236,22
122000396,537,142,395
122000397,48,80,-32
122000398,35,55,-20
122000399,277,93,184
122000400,215,565,-350
122000401,187,124,63
122000402,435,178,257
122000403,705,1380,-675
122000404,242,458,-216
122000408,970,1688,-718
122000503,25,197,-172
122000524,259,191,68
122000544,126,5281,-5155
122000616,575,6,569
122000640,82,218,-136
122000641,110,490,-380
122000642,2525,1451,1074
122000643,78,153,-75
122000644,270,25,245
122000645,178,422,-244
122000651,2683,942,1741
122000664,204,73,131
122000665,1651,616,1035
122000666,837,1487,-650
122000673,58,404,-346
122000674,175,89,86
122000675,2602,1681,921
122000686,491,1535,-1044
122000687,2161,443,1718
122000688,359,1025,-666
122000689,1175,853,322
122000690,2071,861,1210
122000691,667,2877,-2210
122000692,2012,574,1438
122000693,716,2475,-1759
122000695,397,718,-321
122000696,520,438,82
122000698,436,1044,-608
122000699,299,250,49
122000701,1675,406,1269
122000702,607,1846,-1239
122000703,184,94,90
122000717,226,75,151
122000718,376,986,-610
122000719,197,116,81
122000720,448,450,-2
122900001,43,11,32
122900002,1823,6494,-4671
122900003,638,90,548
122900004,1222,103,1119
122900005,158,59,99
122900006,2787,541,2246
122900007,174,83,91
122900008,1667,123,1544
122900009,1566,730,836
122900010,272,179,93
122900012,239,415,-176
122900014,227,536,-309
122900015,3263,1300,1963
122900016,251,480,-229
122900017,580,1398,-818
122900018,317,34,283
122900019,9,268,-259
122900020,1027,604,423
122900021,74,1579,-1505
122900022,1147,1184,-37
122900023,748,397,351
122900024,244,159,85
122900025,31,316,-285
122900026,130,480,-350
122900027,105,1032,-927
122900028,314,886,-572
122900029,6272,4764,1508
122900030,1655,699,956
122900031,180,338,-158
122900032,143,551,-408
122900033,439,200,239
122900034,5739,8241,-2502
122900035,67,19,48
122900036,64,231,-167
122900037,874,190,684
122900038,225,5621,-5396
122900039,138,735,-597
122900040,417,385,32
122900041,439,303,136
122900042,258,353,-95
122900043,729,221,508
122900044,138,508,-370
122900045,136,114,22
122900046,508,185,323
122900047,357,280,77
122900048,78,505,-427
122900049,2117,193,1924
122900051,162,193,-31
122900052,62,195,-133
122900053,36,43,-7
122900055,635,220,415
122900057,561,83,478
122900061,648,346,302
122900062,665,1203,-538
122900063,235,521,-286
122900064,2493,756,1737
122900065,781,302,479
122900066,886,501,385
122900067,1636,1112,524
122900068,209,367,-158
122900069,554,3969,-3415
122900070,487,84,403
122900071,163,646,-483
122900072,40,940,-900
122900073,30,414,-384
122900074,874,947,-73
122900075,1,101,-100
122900076,11,270,-259
122900077,0,282,-282
122900078,236,176,60
122900080,59,37,22
122900081,405,266,139
122900082,1118,298,820
122900083,213,190,23
122900084,7,320,-313
122900086,24,169,-145
122900087,634,680,-46
122900088,72,160,-88
122900089,323,231,92
122900090,41,870,-829
122900091,327,2,325
122900092,0,251,-251
122900093,1,352,-351
122900094,2,278,-276
122900095,310,17,293
122900096,420,342,78
122900097,40,42,-2
122900098,114,163,-49
122900099,19,23,-4
122900100,2166,368,1798
122900101,773,369,404
123000001,2580,557,2023
123000002,6994,5328,1666
123000003,5433,5037,396
123000004,4163,5832,-1669
123000005,4002,3783,219
123000006,3528,3639,-111
123000007,4525,3072,1453
123000008,3713,3715,-2
123000009,6536,4301,2235
123000010,4667,5041,-374
123000011,4403,1118,3285
123000012,1125,3078,-1953
123000013,4832,1133,3699
123000014,1372,4807,-3435
123000015,6563,1167,5396
123000016,7524,5802,1722
123000017,4317,2169,2148
123000018,44,135,-91
123000019,434,405,29
123000020,249,167,82
123000021,115,420,-305
123000022,478,3996,-3518
123000023,1976,2035,-59
123000024,2216,811,1405
123000025,394,389,5
123000026,17,69,-52
123000027,1074,592,482
123000028,3358,278,3080
123000029,3148,761,2387
123000030,508,647,-139
123000031,305,483,-178
123000032,361,367,-6
123000033,476,59,417
123000034,1627,1482,145
123000035,561,684,-123
123000036,496,1654,-1158
123000037,409,525,-116
123000038,180,310,-130
123000039,610,1613,-1003
123000040,1110,552,558
123000041,1823,1354,469
123000042,1398,791,607
123000043,5332,11837,-6505
123000044,7380,3564,3816
123000045,13312,3825,9487
123000046,1093,1845,-752
123000047,3379,1778,1601
123000048,103,806,-703
123000049,10649,12776,-2127
123000050,1930,2059,-129
123000051,166,247,-81
123000052,1068,4916,-3848
123000053,3926,5143,-1217
123000054,1991,1984,7
123000055,1596,3050,-1454
123000056,1649,2412,-763
123000057,22540,9898,12642
123000058,938,1131,-193
123000059,673,813,-140
123000060,1053,534,519
123000061,298,1064,-766
123000063,1411,1521,-110
123000064,1570,303,1267
123000065,8540,4732,3808
123000066,1159,1140,19
123000067,1339,865,474
123000068,4391,4626,-235
123000069,10002,5631,4371
123000070,462,1102,-640
123000071,1432,1563,-131
123000072,1443,1727,-284
123000073,1480,1095,385
123000074,1261,2178,-917
123000075,553,1611,-1058
123000076,964,1509,-545
123000077,2461,4313,-1852
123000078,1954,2239,-285
123000079,1989,2652,-663
123000080,3213,3287,-74
123000081,242,653,-411
123000082,539,1447,-908
123000083,1656,243,1413
123000084,779,778,1
123000085,376,136,240
123000086,581,372,209
123000087,472,586,-114
123000088,1502,1468,34
123000089,680,1689,-1009
123000090,1702,1398,304
123000091,2008,2269,-261
123000092,1172,1656,-484
123000094,850,315,535
123000095,766,1002,-236
123000096,1033,584,449
123000097,917,1001,-84
123000098,929,729,200
123000099,748,692,56
123000100,909,1014,-105
123000101,985,739,246
123000102,712,949,-237
123000104,612,585,27
123000105,742,621,121
123000106,630,618,12
123000107,575,722,-147
123000108,1029,1731,-702
123000111,1234,503,731
123000112,1544,884,660
123000113,707,2311,-1604
123000114,642,669,-27
123000115,342,381,-39
123000116,34,152,-118
123000117,2530,3172,-642
123000118,638,1319,-681
123000119,412,1284,-872
123000120,610,1214,-604
123000121,582,788,-206
123000122,645,319,326
123000123,672,774,-102
123000124,645,617,28
123000125,1769,1630,139
123000126,2372,5099,-2727
123000127,1266,914,352
123000128,447,450,-3
123000129,832,382,450
123000130,793,140,653
123000131,1187,887,300
123000132,561,868,-307
123000133,500,547,-47
123000134,637,210,427
123000135,3078,1871,1207
123000136,428,1421,-993
123000137,200,564,-364
123000138,104,650,-546
123000139,670,188,482
123000140,171,1283,-1112
123000141,1149,204,945
123000142,1166,1314,-148
123000143,2116,2912,-796
123000144,63,33,30
123000145,255,294,-39
123000146,75,134,-59
123000147,239,180,59
123000149,506,566,-60
123000150,242,322,-80
123000151,349,674,-325
123000152,117,572,-455
123000153,217,841,-624
123000154,2057,2477,-420
123000155,2824,1291,1533
123000156,74,188,-114
123000157,777,1132,-355
123000158,927,1008,-81
123000159,4904,3292,1612
123000160,1434,978,456
123000161,2222,1766,456
123000162,1389,2437,-1048
123000163,812,176,636
123000164,1931,483,1448
123000165,519,2305,-1786
123000166,50,222,-172
123000167,202,399,-197
123000168,403,410,-7
123000169,1074,179,895
123000170,83,728,-645
123000171,963,92,871
123000172,250,809,-559
123000173,1052,387,665
123000174,1643,583,1060
123000175,948,1853,-905
123000176,1573,437,1136
123000177,446,1491,-1045
123000178,1340,278,1062
123000179,25,923,-898
123000180,2439,433,2006
123000181,392,2057,-1665
123000182,264,659,-395
123000183,232,580,-348
123000184,168,958,-790
123000185,947,506,441
123000186,11,1053,-1042
123000187,872,10,862
123000188,333,2,331
123000189,206,250,-44
123000190,64,72,-8
123000192,24,482,-458
123000193,91,1050,-959
123000194,518,395,123
123000195,466,64,402
123000196,375,43,332
123000197,52,155,-103
123000198,34,310,-276
123000199,17,850,-833
123000200,817,11,806
123000201,1250,31,1219
123000202,34,1592,-1558
123000203,1145,97,1048
123000204,133,1417,-1284
123000205,811,2571,-1760
123000206,2464,343,2121
123000207,112,1226,-1114
123000208,611,256,355
123000209,2729,766,1963
123000210,724,2481,-1757
123000211,853,3747,-2894
123000212,4386,648,3738
123000213,975,120,855
123000215,180,189,-9
123000216,378,790,-412
123000217,325,51,274
123000218,170,890,-720
123000219,1426,247,1179
123000220,554,136,418
123000221,267,247,20
123000222,647,962,-315
123000223,416,648,-232
123000224,541,705,-164
123000225,407,109,298
123000226,140,533,-393
123000227,139,468,-329
123000228,370,94,276
123000229,1477,2484,-1007
123000232,143,899,-756
123000233,1072,266,806
123000234,318,921,-603
123000235,1399,500,899
123000236,383,1164,-781
123000237,533,147,386
123000238,171,846,-675
123000239,715,2444,-1729
123000240,71,634,-563
123000241,955,218,737
123000242,291,248,43
123000243,1161,1272,-111
123000244,1362,1010,352
123000245,82,250,-168
123000249,543,953,-410
123000252,1350,349,1001
123000253,1540,696,844
123000254,841,1348,-507
123000255,1759,1209,550
123000256,36,310,-274
123000257,4673,3482,1191
123000258,1334,1559,-225
123000259,420,565,-145
123000260,525,755,-230
123000261,264,349,-85
123000262,121,264,-143
123000263,595,172,423
123000264,270,114,156
123000265,69,221,-152
123000266,748,959,-211
123000267,804,473,331
123000268,75,110,-35
123000269,60,72,-12
123000270,25,75,-50
123000271,126,85,41
123000272,844,322,522
123000273,316,934,-618
123000274,1572,747,825
123000275,516,1344,-828
123000278,3832,3824,8
123000279,105,151,-46
123000280,392,449,-57
123000281,433,168,265
123000282,212,386,-174
123000283,148,131,17
123000284,88,167,-79
123000286,431,422,9
123000287,765,406,359
123000288,1787,1232,555
123000289,594,1413,-819
123000291,480,1037,-557
123000294,168,351,-183
123000295,1309,1290,19
123000296,834,606,228
123000297,313,307,6
123000298,454,174,280
123000299,8,96,-88
123000300,1124,1048,76
123000301,251,418,-167
123000302,99,310,-211
123000303,316,129,187
123000305,1396,1193,203
123000306,175,325,-150
123000309,63,74,-11
123000310,80,89,-9
123000311,0,138,-138
123000312,730,1236,-506
123000313,606,489,117
123000315,139,585,-446
123000316,1682,266,1416
123000317,292,75,217
123000318,70,278,-208
123000329,42,15,27
123000337,622,238,384
123000338,1676,38,1638
123000339,237,259,-22
123000340,156,587,-431
123000342,16,22,-6
123000343,78,11,67
123000344,1866,758,1108
123000345,459,893,-434
123000346,380,101,279
123000352,2367,1142,1225
123000353,30,142,-112
123000354,807,3,804
123000355,2,822,-820
123000356,470,4,466
123000357,3,284,-281
123000359,13,312,-299
123000360,315,237,78
123000361,713,478,235
123000362,582,211,371
123000363,209,336,-127
123000364,798,604,194
123000365,66,523,-457
123000366,564,3191,-2627
123000367,417,1637,-1220
123000370,38,358,-320
123000371,524,47,477
123000372,402,24,378
123000373,12,540,-528
123000374,10,326,-316
123000375,399,74,325
123000376,1084,812,272
123000377,558,33,525
123000378,24,468,-444
123000379,14,303,-289
123000380,103,512,-409
123000381,241,58,183
123000382,1880,193,1687
123000383,253,1696,-1443
123000384,670,118,552
123000385,631,854,-223
123000436,47,1480,-1433
123000507,139,419,-280
123000508,172,1176,-1004
123000517,396,39,357
123000518,32,291,-259
123000519,221,100,121
123000520,75,345,-270
123000521,440,153,287
123000522,195,593,-398
123000541,4,4,0
123000542,0,29,-29
123000565,718,69,649
123000566,287,755,-468
123000567,135,329,-194
123000573,56,1097,-1041
123000574,1071,159,912
123000575,1759,1631,128
123000576,1185,2207,-1022
123000577,140,966,-826
123000578,926,106,820
123000579,5078,6766,-1688
123000580,100,31,69
123000582,624,46,578
123000583,26,628,-602
123000584,225,387,-162
123000585,0,157,-157
123000586,109,4,105
123000596,111,184,-73
123000597,96,234,-138
123000602,38,14,24
123000603,816,855,-39
123000604,479,1179,-700
123000605,1198,148,1050
123000606,0,526,-526
123000609,23,459,-436
123000610,235,221,14
123000613,45,273,-228
123000614,388,98,290
123000615,75,172,-97
123000616,1164,103,1061
123000617,156,664,-508
123000618,134,923,-789
123000619,833,82,751
123000620,20,693,-673
123000622,650,31,619
123000624,221,60,161
123000630,941,627,314
123000631,315,1933,-1618
123000632,1255,1381,-126
123000633,0,204,-204
123000634,44,147,-103
123000635,183,127,56
123000636,34,784,-750
123000637,203,100,103
123000638,765,76,689
123000639,1583,5355,-3772
123000640,14,785,-771
123900001,1634,49,1585
123900002,43,2393,-2350
123900003,691,813,-122
123900005,377,253,124
123900006,693,47,646
124000001,2961,263,2698
124000002,148,2376,-2228
124000003,1182,227,955
124000004,79,984,-905
124000005,1419,804,615
124000006,373,1809,-1436
124000007,1206,237,969
124000008,16,1437,-1421
124000009,736,573,163
124000010,250,976,-726
124000011,2432,543,1889
124000012,740,1003,-263
124000017,169,180,-11
124000018,145,79,66
124000019,175,157,18
124000020,115,224,-109
124000021,195,86,109
124000022,144,358,-214
124000023,2310,1877,433
124000024,1562,733,829
124000025,1784,2202,-418
124000026,1353,1282,71
124000027,6430,6986,-556
124000028,3478,5650,-2172
124000030,4232,1597,2635
124000031,1861,4486,-2625
124000032,5463,1590,3873
124000033,517,1138,-621
124000034,2158,981,1177
124000035,51,206,-155
124000036,99,259,-160
124000037,837,1283,-446
124000038,93,46,47
124000039,1977,648,1329
124000040,851,1401,-550
124000041,514,133,381
124000042,129,565,-436
124000043,208,171,37
124000044,61,328,-267
124000045,931,888,43
124000046,402,924,-522
124000047,1958,1359,599
124000048,1255,2258,-1003
124000049,2499,997,1502
124000050,1150,2836,-1686
124000051,1113,856,257
124000052,788,1607,-819
124000053,694,2059,-1365
124000054,1281,881,400
124000055,1678,3618,-1940
124000056,4305,2093,2212
124000057,1165,843,322
124000058,554,1886,-1332
124000059,800,1427,-627
124000060,1732,1129,603
124000061,1912,5327,-3415
124000062,5772,2289,3483
124000063,1897,2360,-463
124000064,3466,2234,1232
124000065,32,1151,-1119
124000066,249,88,161
124000067,205,457,-252
124000068,21,63,-42
124000069,189,27,162
124000070,258,208,50
124000071,192,166,26
124000072,258,588,-330
124000073,1047,179,868
124000074,296,1048,-752
124000075,409,36,373
124000076,3,307,-304
124000077,2637,961,1676
124000078,4809,1423,3386
124000079,737,1784,-1047
124000080,425,298,127
124000081,205,803,-598
124000082,65,144,-79
124000083,89,130,-41
124000084,54,270,-216
124000085,321,44,277
124000086,89,111,-22
124000087,203,102,101
124000088,353,395,-42
124000089,1442,731,711
124000090,165,457,-292
124000091,399,90,309
124000092,68,616,-548
124000093,92,145,-53
124000094,215,835,-620
124000095,61,137,-76
124000096,168,511,-343
124000097,91,172,-81
124000098,99,136,-37
124000099,95,109,-14
124000100,47,147,-100
124000101,142,127,15
124000102,129,89,40
124000103,103,145,-42
124000104,208,56,152
124000105,74,77,-3
124000106,158,84,74
124000107,16,184,-168
124000108,65,41,24
124000109,115,131,-16
124000110,320,137,183
124000111,202,217,-15
124000112,853,937,-84
124000113,96,111,-15
124000114,338,699,-361
124000115,590,880,-290
124000116,148,202,-54
124000117,80,115,-35
124000118,74,129,-55
124000119,1585,873,712
124000120,1089,576,513
124000121,2025,863,1162
124000122,873,1735,-862
124000123,1386,653,733
124000124,650,1410,-760
124000125,525,676,-151
124000126,493,843,-350
124000127,1146,485,661
124000128,798,1306,-508
124000129,2756,1903,853
124000130,1109,934,175
124000131,1309,646,663
124000132,1219,1174,45
124000133,985,1251,-266
124000134,1182,958,224
124000135,2566,2562,4
124000136,1323,1518,-195
124000137,2186,931,1255
124000138,2264,1988,276
124000139,1143,31,1112
124000140,116,567,-451
124000141,926,21,905
124000142,27,219,-192
124000143,117,24,93
124000144,7,96,-89
124000145,130,113,17
124000146,45,128,-83
124000148,55,176,-121
124000149,1540,724,816
124000150,545,889,-344
124000151,781,317,464
124000152,811,1626,-815
124000153,712,863,-151
124000154,303,948,-645
124000155,1289,1051,238
124000156,1554,1181,373
124000169,259,836,-577
124000170,914,552,362
124000171,507,453,54
124000172,550,764,-214
124000173,892,273,619
124000174,480,859,-379
124000175,16,212,-196
124000176,156,21,135
124000177,21,54,-33
124000178,55,105,-50
124000190,71,47,24
124000191,196,52,144
124000192,5690,646,5044
124000193,1773,1419,354
124000194,542,733,-191
124000195,389,710,-321
124000196,1365,1585,-220
124000197,132,80,52
124000198,71,34,37
124000201,633,1452,-819
124000202,835,379,456
124000203,398,1223,-825
124000204,1001,599,402
124000205,84,758,-674
124000206,723,562,161
124000207,0,60,-60
124000209,367,832,-465
124000210,580,293,287
124000211,706,6,700
124000212,0,761,-761
124000213,463,470,-7
124000214,378,919,-541
124000215,637,34,603
124000216,6,652,-646
124000329,213,2670,-2457
124000338,136,1463,-1327
124000339,1070,254,816
124000341,1387,208,1179
124000344,42,4,38
124000357,1318,4143,-2825
124000358,930,2219,-1289
124000359,1601,1136,465
124000360,1089,726,363
124000361,2862,982,1880
124000362,2401,2494,-93
124000363,404,531,-127
124000364,1011,1416,-405
124000365,913,1448,-535
124000366,2147,1117,1030
124000367,172,807,-635
124000368,504,523,-19
124000369,194,185,9
124000370,88,841,-753
124000402,49,12,37
124000403,140,14,126
124000404,10,181,-171
124000405,1420,1026,394
124000406,1172,1125,47
124000407,6,43,-37
124000411,7,461,-454
124000412,467,23,444
124000413,1056,64,992
124000414,87,166,-79
124000415,59,176,-117
124000416,138,269,-131
124000417,144,149,-5
124000418,140,147,-7
124000419,95,131,-36
124000420,76,80,-4
124000421,63,251,-188
124000422,49,26,23
124000423,307,99,208
124000424,5,124,-119
124000425,43,156,-113
124000426,3,52,-49
124000427,112,35,77
124000428,58,75,-17
124000429,114,84,30
124000430,936,941,-5
124000431,379,1026,-647
124000432,253,977,-724
124000439,8,12,-4
124000442,14,214,-200
124000443,0,4,-4
124000445,125,488,-363
124000446,1173,50,1123
124900001,388,402,-14
124900002,318,622,-304
124900003,829,646,183
124900004,543,414,129
124900005,502,315,187
124900006,631,417,214
124900008,1487,558,929
124900009,248,682,-434
124900010,243,134,109
124900011,1045,385,660
124900012,982,177,805
124900013,637,220,417
124900014,287,146,141
124900015,271,741,-470
124900016,57,198,-141
124900017,1248,1726,-478
124900018,57,32,25
124900019,701,75,626
124900020,278,147,131
124900021,462,143,319
124900022,104,39,65
124900024,419,39,380
124900026,500,7,493
124900027,89,404,-315
124900028,862,196,666
124900029,9,487,-478
124900030,23,297,-274
124900031,86,627,-541
124900032,183,298,-115
124900033,125,596,-471
124900034,16,104,-88
124900035,312,785,-473
124900036,0,60,-60
124900037,251,546,-295
124900038,429,411,18
124900039,2,21,-19
124900040,256,115,141
124900041,345,1135,-790
124900042,171,5,166
124900043,405,1180,-775
124900044,80,5,75
124900045,1138,1060,78
124900046,2426,412,2014
124900047,169,338,-169
124900048,161,222,-61
124900050,202,292,-90
124900052,205,973,-768
124900053,150,495,-345
124900054,2815,884,1931
124900055,0,187,-187
124900057,8,88,-80
124900060,107,290,-183
124900061,81,19,62
124900062,120,34,86
124900066,0,12,-12
124900067,3,194,-191
124900068,478,1467,-989
124900069,244,180,64
124900070,135,21,114
124900072,173,51,122
124900074,577,419,158
124900075,196,217,-21
124900076,49,1118,-1069
124900077,51,135,-84
124900078,146,20,126
124900079,968,358,610
124900080,253,775,-522
124900081,897,297,600
124900082,389,887,-498
124900083,254,644,-390
124900084,2279,159,2120
124900085,1334,438,896
124900086,145,1187,-1042
124900087,629,117,512
124900088,815,125,690
124900089,1945,52,1893
124900090,370,387,-17
124900091,503,674,-171
124900092,421,556,-135
124900093,490,306,184
124900094,521,364,157
124900095,143,794,-651
124900096,869,508,361
124900097,424,148,276
124900098,187,653,-466
124900099,1307,803,504
124900100,477,89,388
124900101,63,362,-299
124900102,329,55,274
124900103,195,356,-161
124900104,71,214,-143
124900105,131,208,-77
124900106,622,93,529
124900107,89,32,57
124900108,177,94,83
124900109,88,298,-210
124900110,1354,497,857
124900111,15,105,-90
124900112,93,1188,-1095
129000186,559,60,499
204000001,122,6,116
204000002,38,3,35
204000003,54,2,52
204000004,8,3,5
204000005,730,660,70
204000006,1408,2071,-663
204000008,1437,871,566
204000011,8,74,-66
204000012,27,112,-85
204000013,0,34,-34
204000019,597,710,-113
204000020,788,671,117
204000021,1675,825,850
204000022,559,581,-22
204000023,803,1143,-340
204000031,45,18,27
204000032,635,25,610
204000034,26,331,-305
204000035,1,6,-5
204000036,10,31,-21
204000037,2,22,-20
204000038,0,14,-14
204000039,3,53,-50
204000040,11,55,-44
204000041,28,47,-19
204000042,144,18,126
204000043,56,0,56
204000044,79,1,78
204000045,115,2,113
204000046,35,1,34
204000057,7,26,-19
204000062,14,31,-17
204000068,158,224,-66
204000069,12,277,-265
204000070,63,103,-40
204000080,13,50,-37
204000085,2574,3148,-574
204000086,3271,2925,346
204000087,40,10,30
204000088,21,137,-116
204000090,29,448,-419
204000093,381,64,317
204000096,1041,1090,-49
204000097,660,10,650
204000099,1370,1837,-467
204000100,1457,2160,-703
204000105,3086,2305,781
204000110,861,1357,-496
204000111,608,776,-168
204000112,850,811,39
204000113,678,855,-177
204000114,1056,721,335
204000115,669,390,279
204000116,861,558,303
204000119,2404,3071,-667
204000132,613,332,281
204000133,757,427,330
204000134,329,197,132
204000135,496,109,387
204000136,447,209,238
204000138,455,416,39
204000140,268,166,102
204000141,175,99,76
204000144,10,29,-19
204000145,660,45,615
204000146,44,462,-418
204000147,34,158,-124
204000148,445,29,416
204000154,9,5,4
204000155,10,9,1
204000177,88,60,28
204000179,15,2,13
204000180,0,23,-23
204000222,9,13,-4
204000235,15,26,-11
204000236,114,336,-222
204000238,44,38,6
204000240,494,159,335
204000308,309,24,285
204000317,13,111,-98
204000322,5,84,-79
204000323,28,13,15
204000328,308,82,226
204000329,42,257,-215
204000330,205,25,180
204000331,75,137,-62
204010341,10,220,-210
205000001,1236,2181,-945
205000013,7,93,-86
205000014,24,105,-81
205000015,13,234,-221
205000016,22,201,-179
205000017,46,106,-60
205000022,366,1080,-714
205000025,1563,1421,142
205000029,205,5,200
205000045,154,271,-117
205000047,63,585,-522
205000048,373,1285,-912
205000049,169,1058,-889
205000050,1060,393,667
205000059,2,260,-258
205000060,0,107,-107
205000061,5,57,-52
205000062,0,42,-42
205000063,24,177,-153
205000064,12,150,-138
205000065,44,703,-659
205000066,132,976,-844
205000067,55,1126,-1071
205000069,147,23,124
205000082,180,364,-184
205000110,67,297,-230
205000111,187,337,-150
205000112,238,273,-35
205000113,241,444,-203
205000121,379,112,267
205000123,42,320,-278
205000126,566,243,323
205000127,803,434,369
205000128,884,271,613
205000129,821,361,460
205000130,1046,153,893
205000131,1281,42,1239
205000132,995,6,989
205000133,1284,6,1278
205000134,541,2,539
205000137,96,173,-77
205000138,235,402,-167
205000139,38,158,-120
205000144,70,99,-29
205000145,366,310,56
205000151,261,76,185
205000152,245,53,192
205000153,280,104,176
205000154,169,166,3
205000155,147,36,111
205000207,10,212,-202
205000233,22,0,22
205000234,0,1,-1
205000243,0,0,0
205000244,0,2,-2
205000245,14,249,-235
205000249,0,30,-30
205000250,4,0,4
205000251,102,496,-394
205000264,14,107,-93
206000027,6,1,5
206000028,2,3,-1
206000043,22,122,-100
206000053,1,9,-8
206000054,9,37,-28
206000055,3,52,-49
206000075,7,15,-8
206000076,24,15,9
206000077,35,5,30
206000078,23,7,16
206000079,16,1,15
206000082,753,59,694
206000100,64,846,-782
206000103,1,18,-17
206000104,11,34,-23
206000105,7,28,-21
206000106,12,66,-54
206000108,750,62,688
206000125,68,1,67
206000157,66,1000,-934
206000170,1,257,-256
206000171,6,230,-224
206000172,12,875,-863
206000173,6,353,-347
206000174,24,169,-145
206000175,4,190,-186
206000176,24,319,-295
206000177,2,202,-200
206000178,9,170,-161
206000179,16,163,-147
206000180,22,209,-187
206000181,9,276,-267
206000182,10,228,-218
206000183,34,935,-901
206000184,4,456,-452
206000185,4,294,-290
206000186,142,1373,-1231
206000223,11,265,-254
206000226,27,13,14
206000227,29,4,25
206000237,20,528,-508
206000238,41,672,-631
206000239,429,2684,-2255
206000240,2,72,-70
206000241,0,121,-121
206000242,12,328,-316
206000243,4,312,-308
206000244,98,832,-734
206000245,846,90,756
206000246,203,8,195
206000247,173,6,167
206000248,337,14,323
206000252,150,27,123
206000258,39,46,-7
206000315,31,6,25
206000317,671,119,552
206000318,395,89,306
206000319,1319,125,1194
206000320,175,61,114
206000321,206,17,189
206000322,750,14,736
206000323,162,12,150
206000324,173,4,169
206000325,235,15,220
206000326,237,14,223
206000327,568,6,562
206000328,134,9,125
206000329,218,14,204
206000330,46,3,43
206000331,183,1,182
206000332,59,3,56
206000333,619,1,618
206000334,249,5,244
206000335,0,31,-31
206000361,2,293,-291
206000392,2,52,-50
206000405,141,1,140
206000441,47,22,25
206000498,25,3,22
206000515,114,41,73
206000530,243,51,192
206000531,161,259,-98
206000532,2361,354,2007
206000535,461,2401,-1940
206000536,23,217,-194
206000537,11,195,-184
206000613,1682,283,1399
207000001,208,659,-451
207000002,123,342,-219
207000003,196,196,0
207000007,890,304,586
207000008,76,9,67
207000009,41,39,2
207000010,488,585,-97
207000012,401,316,85
207000015,313,1502,-1189
207000019,321,127,194
207000021,719,228,491
207000022,162,147,15
207000023,253,46,207
207000024,8,12,-4
207000025,31,59,-28
207000026,112,62,50
207000027,23,139,-116
207000028,68,283,-215
207000029,313,577,-264
207000033,361,430,-69
207000034,363,107,256
207000039,479,198,281
207000040,352,138,214
207000041,147,63,84
207000042,297,94,203
207000043,284,257,27
207000051,214,499,-285
207000052,74,224,-150
207000053,595,624,-29
207000054,58,153,-95
207000055,241,217,24
207000056,467,471,-4
207000057,169,334,-165
207000058,177,429,-252
207000059,96,812,-716
207000060,105,217,-112
207000061,222,433,-211
207000062,255,52,203
207000063,325,135,190
207000064,522,333,189
207000065,473,325,148
207000066,214,293,-79
207000067,74,155,-81
207000068,146,116,30
207000069,866,546,320
207000082,10,265,-255
207000083,129,379,-250
207000084,223,275,-52
207000085,157,13,144
207000086,165,6,159
207000106,49,39,10
207000107,120,26,94
207000108,75,17,58
207000109,61,19,42
207000110,65,74,-9
207000111,87,62,25
207000112,274,534,-260
207000114,26,65,-39
207000115,31,105,-74
207000116,32,534,-502
207000117,9,133,-124
207000118,9,125,-116
207000119,31,139,-108
207000123,262,42,220
207000124,78,37,41
207000125,88,46,42
207000126,103,88,15
207000134,56,173,-117
207000135,25,204,-179
207000148,76,281,-205
207000149,84,47,37
207000152,173,584,-411
207000153,1474,1685,-211
207000154,493,157,336
207000159,117,491,-374
207000160,220,542,-322
207000238,1,144,-143
207000242,2,283,-281
207000248,21,49,-28
207000249,240,61,179
207000250,996,70,926
207000251,134,110,24
207000252,84,60,24
207000278,145,99,46
207000279,20,242,-222
207000280,539,58,481
207000281,135,1160,-1025
207000282,216,98,118
207000283,123,239,-116
207000284,88,172,-84
207000285,127,54,73
207000291,21,157,-136
207000304,201,55,146
207000306,123,586,-463
207000310,109,107,2
207000353,279,7,272
207000356,17,70,-53
207000357,142,19,123
207000415,6,250,-244
207000417,42,1,41
207000437,0,6,-6
207000439,1517,803,714
207000446,176,3,173
207000460,19,12,7
207000466,209,204,5
207000476,10,131,-121
207000477,819,110,709
207000523,0,14,-14
207000524,87,0,87
207000527,143,205,-62
207000530,404,10,394
207000531,374,11,363
207000532,110,32,78
207000534,540,65,475
207000535,43,369,-326
207000537,26,142,-116
207000540,10,289,-279
207000541,5,412,-407
207000548,7,245,-238
207000549,189,8,181
207000561,206,215,-9
207000562,56,275,-219
207000567,228,307,-79
207000568,193,151,42
207000569,547,1187,-640
207000584,446,371,75
207000585,113,296,-183
207000616,1,164,-163
207000617,142,0,142
207900008,235,159,76
208000001,894,1104,-210
208000002,970,627,343
208000003,1546,641,905
208000004,1768,903,865
208000005,41,29,12
208000019,820,1549,-729
208000020,215,757,-542
208000021,216,641,-425
208000022,1273,763,510
208000028,1860,1350,510
208000033,705,643,62
208000034,1485,2095,-610
208000040,315,226,89
208000041,1307,768,539
208000042,1659,749,910
208000047,181,386,-205
208000064,3498,1984,1514
208000066,2400,2556,-156
208000070,494,403,91
208000071,482,995,-513
208000072,482,1581,-1099
208000080,311,507,-196
208000081,426,191,235
208000082,563,407,156
208000083,230,483,-253
208000084,71,36,35
208000085,1513,755,758
208000086,725,1198,-473
208000087,490,984,-494
208000089,1130,740,390
208000090,1095,1157,-62
208000093,177,180,-3
208000094,634,629,5
208000095,853,568,285
208000104,1231,1360,-129
208000105,1023,1440,-417
208000114,220,360,-140
208000115,677,470,207
208000116,960,1428,-468
208000117,169,199,-30
208000118,90,167,-77
208000155,1292,1167,125
208000158,1909,4260,-2351
208000186,5134,4891,243
208000204,742,1540,-798
208000205,1372,1651,-279
208000282,7005,3453,3552
209000004,302,262,40
209000005,68,47,21
209000006,667,200,467
209000007,573,394,179
209000010,799,228,571
209000011,264,376,-112
209000012,179,265,-86
209000013,390,576,-186
209000014,699,1633,-934
209000025,475,53,422
209000026,951,164,787
209000027,594,1333,-739
209000028,509,1171,-662
209000029,1217,1038,179
209000030,739,2213,-1474
209000031,4183,3613,570
209000034,184,207,-23
209000035,90,160,-70
209000036,169,160,9
209000037,267,275,-8
209000038,117,170,-53
209000039,83,163,-80
209000040,336,730,-394
209000041,179,497,-318
209000042,342,560,-218
209000043,965,1031,-66
209000044,334,937,-603
209000045,1471,564,907
209000046,614,659,-45
209000047,583,254,329
209000048,611,408,203
209000049,128,114,14
209000050,253,191,62
209000051,375,369,6
209000052,207,351,-144
209000062,59,164,-105
209000063,50,132,-82
209000064,46,161,-115
209000065,104,51,53
209000066,75,51,24
209000067,79,71,8
209000080,59,309,-250
209000082,121,92,29
209000091,38,177,-139
209000093,87,55,32
209000094,235,312,-77
209000110,91,130,-39
209000111,518,1931,-1413
209000112,1147,660,487
209000113,2799,601,2198
209000114,686,521,165
209000115,99,166,-67
209000116,658,721,-63
209000118,75,64,11
209000119,104,20,84
209000121,183,841,-658
209000135,96,228,-132
209000142,690,2142,-1452
209000143,269,131,138
209000144,176,134,42
209000229,233,267,-34
209000240,41,519,-478
209000259,102,153,-51
209000260,58,1513,-1455
209000261,14,959,-945
209000262,0,616,-616
209000263,0,165,-165
209000264,0,144,-144
209000265,532,1,531
209000266,155,1,154
209000267,1539,17,1522
209000268,1382,86,1296
210000037,71,21,50
210000047,112,33,79
210000048,150,42,108
210000049,56,30,26
210000052,74,135,-61
210000053,37,99,-62
210000054,100,97,3
210000070,158,12,146
210000071,146,1,145
210000072,111,0,111
210000073,0,37,-37
210000074,0,157,-157
210000075,3,83,-80
210000076,16,204,-188
210000077,145,62,83
210000078,66,55,11
210000079,92,21,71
210000080,234,76,158
210000081,252,19,233
210000082,281,6,275
210000083,113,2,111
210000084,49,0,49
210000085,0,116,-116
210000086,4,162,-158
210000099,40,317,-277
210000100,58,257,-199
210000101,118,258,-140
210000105,43,343,-300
210000159,5,208,-203
210000163,245,300,-55
210000164,312,218,94
210000168,186,37,149
210000187,0,12,-12
210000188,0,26,-26
210000214,46,0,46
210000219,43,73,-30
210000220,98,88,10
210000232,6,35,-29
210000233,48,82,-34
210000234,53,174,-121
210000235,79,163,-84
210000245,0,54,-54
210000246,45,4,41
210000258,18,158,-140
210000259,528,68,460
210000282,119,323,-204
210000285,1,173,-172
210000286,22,233,-211
210000295,67,207,-140
210000296,96,67,29
210000320,179,127,52
210000321,103,95,8
210000338,200,99,101
210000339,571,1607,-1036
210000340,170,505,-335
210000341,320,405,-85
210000342,285,289,-4
210000343,250,252,-2
210000344,422,180,242
210000345,287,416,-129
210000346,196,235,-39
210000347,588,66,522
210000348,409,16,393
210000349,306,18,288
210000350,98,79,19
210000351,152,116,36
210000352,85,143,-58
210000353,73,159,-86
210000354,61,124,-63
210000355,171,115,56
210000356,257,67,190
210000357,167,66,101
210000358,392,154,238
210000359,207,107,100
210000360,260,141,119
210000361,252,215,37
210000362,420,316,104
210000363,1035,293,742
210000364,151,238,-87
210000365,182,79,103
210000366,181,98,83
210000367,99,64,35
210000368,240,46,194
210000369,24,18,6
210000370,92,32,60
210000372,124,39,85
210000373,111,25,86
210000374,93,17,76
210000375,51,95,-44
210000376,141,153,-12
210000404,85,160,-75
210000439,35,56,-21
210000472,124,11,113
210000482,170,134,36
210000564,522,455,67
210000568,776,6,770
211000092,32,66,-34
211000094,42,15,27
211000169,287,22,265
211000172,10,273,-263
211000209,0,40,-40
211000275,28,19,9
211000276,99,64,35
211000279,22,60,-38
211000281,54,61,-7
211507980,1,51,-50
211977296,102,4,98
212000003,179,64,115
212000004,265,32,233
212000005,97,54,43
212000006,87,90,-3
212000008,181,159,22
212000009,35,169,-134
212000012,81,100,-19
212000013,34,67,-33
212000014,354,183,171
212000015,360,275,85
212000016,780,741,39
212000027,613,785,-172
212000028,373,675,-302
212000029,241,433,-192
212000030,57,50,7
212000031,98,102,-4
212000048,83,240,-157
212000049,21,181,-160
212000050,39,15,24
212000051,248,240,8
212000052,204,384,-180
212000053,385,783,-398
212000054,227,193,34
212000055,283,324,-41
212000056,22,59,-37
212000057,23,46,-23
212000058,496,55,441
212000070,120,346,-226
212000077,147,868,-721
212000099,274,353,-79
212000108,404,278,126
212000111,279,184,95
212000120,236,83,153
212000138,193,30,163
212000156,7,185,-178
212000158,10,24,-14
212000159,435,61,374
212000160,580,346,234
212000161,53,22,31
212000310,62,14,48
212000311,21,119,-98
212000374,52,12,40
213000001,36,779,-743
213000005,635,218,417
213000006,1513,300,1213
213000007,349,8,341
213000009,894,486,408
213000010,260,286,-26
213000011,358,144,214
213000012,114,345,-231
213000014,116,11,105
213000015,298,11,287
213000016,432,1,431
213000017,85,0,85
213000018,3,216,-213
213000019,4,222,-218
213000020,146,511,-365
213000021,9,145,-136
213000023,491,242,249
213000033,379,2056,-1677
213000034,1003,458,545
213000035,132,465,-333
213000045,163,414,-251
213000046,224,300,-76
213000047,903,1442,-539
213000056,80,82,-2
213000069,181,5,176
213000073,0,35,-35
213000074,94,538,-444
213000075,669,10,659
213000085,14,63,-49
213000086,19,239,-220
213000091,203,26,177
213000092,14,2,12
213000099,129,1244,-1115
213000100,1278,252,1026
213000101,397,201,196
213000102,409,474,-65
213000103,1040,1277,-237
213000104,67,643,-576
213000105,2,125,-123
213000106,26,151,-125
213000107,164,822,-658
213000108,39,903,-864
213000109,10,350,-340
213000110,19,93,-74
213000111,11,80,-69
213000112,225,150,75
213000115,64,9,55
213000116,58,951,-893
213000117,12,1304,-1292
213000118,458,364,94
213000119,61,644,-583
213000120,144,706,-562
213000122,218,630,-412
213000123,527,1423,-896
213000124,125,1421,-1296
213000125,157,27,130
213000126,192,150,42
213000127,205,227,-22
213000128,780,1524,-744
213000129,593,725,-132
213000130,512,322,190
213000132,432,112,320
213000133,486,160,326
213000134,864,15,849
213000136,509,22,487
213000137,628,78,550
213000139,768,27,741
213000147,208,27,181
213000148,112,25,87
213000149,54,24,30
213000150,0,117,-117
213000151,8,84,-76
213000152,6,111,-105
213000153,0,52,-52
213000154,32,272,-240
213000155,45,353,-308
213000156,106,777,-671
213000157,670,567,103
213000158,560,1184,-624
213000159,854,809,45
213000163,872,154,718
213000165,904,320,584
213000171,1,149,-148
213000172,0,510,-510
213000173,3,340,-337
213000174,6,373,-367
213000175,27,298,-271
213000176,137,59,78
213000177,139,21,118
213000178,166,22,144
213000179,267,4,263
213000180,196,0,196
213000184,171,696,-525
213000188,596,130,466
213000189,446,45,401
213000190,1099,963,136
213000191,370,483,-113
213000192,277,536,-259
213000193,930,320,610
213000194,0,66,-66
213000195,16,441,-425
213000196,294,1543,-1249
213000197,376,1192,-816
213000198,183,4,179
213000200,189,1245,-1056
213000201,70,63,7
213000202,12,569,-557
213000203,4000,956,3044
213000204,822,131,691
213000205,502,237,265
213000206,764,132,632
213000207,270,19,251
213000208,416,6,410
213000209,231,1,230
213000210,1349,3,1346
213000211,34,14,20
213000212,68,16,52
213000213,40,34,6
213000218,303,1053,-750
213000219,708,22,686
213000220,574,9,565
213000223,374,240,134
213000224,75,33,42
213000225,126,7,119
213000226,134,14,120
213000227,1250,264,986
213000228,413,137,276
213000229,857,49,808
213000230,679,52,627
213000232,153,717,-564
213000233,10,97,-87
213000234,0,3,-3
213000293,63,74,-11
213000294,413,8,405
213000295,30,79,-49
213000296,88,39,49
213000297,2,144,-142
213000298,42,168,-126
213000299,103,49,54
213000300,13,8,5
213000303,15,43,-28
213000304,3,9,-6
213000305,4,16,-12
213000306,129,58,71
213000307,578,90,488
213000308,172,337,-165
213000309,273,63,210
213000310,896,162,734
213000311,361,849,-488
213000315,93,170,-77
213000316,142,73,69
213000322,106,268,-162
213000323,106,88,18
213000324,139,215,-76
213000325,89,245,-156
213000326,133,148,-15
213000327,126,264,-138
213000328,114,248,-134
213000329,159,129,30
213000340,179,610,-431
213000341,487,183,304
213000347,974,458,516
213000348,12,159,-147
213000349,32,10,22
213000350,343,1672,-1329
213000366,45,524,-479
213000367,252,28,224
213000379,81,83,-2
213000386,20,290,-270
213000406,92,443,-351
213000417,1913,766,1147
213000425,186,57,129
213000426,135,76,59
213000427,42,481,-439
213000428,53,283,-230
213000429,64,5,59
213000430,124,1125,-1001
213000431,228,7,221
213000432,8,38,-30
213000433,32,243,-211
213000434,107,150,-43
213000435,120,154,-34
213000436,46,63,-17
213000437,6,95,-89
213000438,142,215,-73
213000439,89,16,73
213000440,18,382,-364
213000441,2,2,0
213000442,11,101,-90
213000443,683,650,33
213000444,47,141,-94
213000445,0,157,-157
213000446,4,50,-46
213000447,4,68,-64
213000448,12,158,-146
213000449,411,3,408
213000450,20,84,-64
213000451,329,105,224
213000452,38,29,9
213000453,58,461,-403
213000455,434,1,433
213000456,2,200,-198
213000481,12,13,-1
213000484,59,7,52
213000489,701,142,559
213900002,1,192,-191
213900003,1209,69,1140
213900013,0,118,-118
213900015,0,8,-8
213900016,10,20,-10
213900020,10,95,-85
213900030,0,29,-29
213900032,335,118,217
213900033,122,51,71
213900034,513,150,363
213900035,181,654,-473
213900036,86,241,-155
213900037,67,309,-242
213900038,449,229,220
213900039,2,155,-153
213900041,10,192,-182
213900042,312,241,71
213900043,264,239,25
213900244,33,0,33
213900245,0,53,-53
218000003,36,12,24
218000004,89,29,60
218000005,31,20,11
218000006,106,30,76
218000007,9,17,-8
218000012,279,203,76
218000013,162,292,-130
218000014,775,881,-106
218000019,1646,1183,463
218000020,520,717,-197
218000021,51,115,-64
218000022,9,39,-30
218000023,9,48,-39
218000024,0,18,-18
218000025,12,39,-27
218000026,8,57,-49
218000027,9,20,-11
218000028,1,7,-6
218000029,7,6,1
218000030,25,32,-7
218000031,2,50,-48
218000032,5,31,-26
218000039,46,66,-20
218000040,9,1,8
218000046,65,159,-94
218000047,10,191,-181
218000048,92,180,-88
218000049,178,206,-28
218000050,448,375,73
218000051,159,377,-218
218000052,2,135,-133
218000053,1,20,-19
218000054,21,39,-18
218000055,15,8,7
218000056,18,28,-10
218000057,4,53,-49
218000064,6,41,-35
218000065,290,114,176
218000066,28,229,-201
218000067,134,220,-86
218000068,268,239,29
218000069,352,371,-19
218000070,444,481,-37
218000071,329,408,-79
218000072,662,378,284
218000078,962,1212,-250
218000079,174,176,-2
218000080,165,165,0
218000081,657,398,259
218000082,86,225,-139
218000083,98,142,-44
218000084,302,262,40
218000085,235,889,-654
218000086,92,379,-287
218000087,338,438,-100
218000090,15,158,-143
218000091,646,255,391
218000092,111,305,-194
218000093,135,98,37
218000094,320,586,-266
218000099,520,1541,-1021
218000100,441,652,-211
218000101,818,306,512
218000102,643,472,171
218000103,245,249,-4
218000104,124,74,50
218000105,170,34,136
218000107,100,248,-148
218000108,23,124,-101
218000112,263,108,155
218000117,189,316,-127
218000134,903,1105,-202
218000135,222,149,73
218000136,342,114,228
218000137,284,110,174
218000138,56,174,-118
218000139,300,413,-113
218000140,612,238,374
218000141,186,121,65
218000142,164,198,-34
218000143,115,289,-174
218000144,134,107,27
218000145,464,502,-38
218000146,127,346,-219
218000151,17,35,-18
218000152,149,55,94
218000153,7,5,2
218000154,12,3,9
218000155,14,1,13
218000156,58,13,45
218000157,27,22,5
218000158,6,9,-3
218000159,1,5,-4
218000160,11,4,7
218000161,27,12,15
218000162,36,14,22
218000163,12,6,6
218000164,54,6,48
218000165,103,54,49
218000170,5,42,-37
218000171,100,11,89
218000172,19,10,9
218000173,31,8,23
218000174,36,13,23
218000176,155,60,95
218000177,348,264,84
218000178,93,344,-251
218000179,99,152,-53
218000180,80,64,16
218000181,204,62,142
218000187,3,27,-24
218000188,38,55,-17
218000189,33,116,-83
218000190,30,36,-6
218000191,153,50,103
218000192,427,452,-25
218000193,819,562,257
218000194,178,591,-413
218000195,167,132,35
218000196,440,619,-179
218000197,498,605,-107
218000198,18,164,-146
218000199,69,44,25
218000200,69,32,37
218000201,11,20,-9
218000202,104,312,-208
218000207,8,58,-50
218000208,61,65,-4
218000211,77,9,68
218000212,4,4,0
218000213,147,101,46
218000214,11,29,-18
218000215,55,77,-22
218000217,3,169,-166
218000218,384,151,233
218000219,144,31,113
218000220,222,414,-192
218000221,1842,218,1624
218000222,91,27,64
218000223,35,449,-414
218000224,9,171,-162
218000225,150,27,123
218000226,150,80,70
218000230,0,5,-5
218000232,142,120,22
218000234,35,19,16
218000239,171,10,161
218000240,7,6,1
218000241,37,0,37
218000242,48,0,48
218000243,68,4,64
218000244,57,17,40
218000245,337,3,334
218000246,0,2,-2
218000247,2,0,2
218000248,0,22,-22
218000249,0,3,-3
218000250,11,15,-4
218000251,3,18,-15
218000252,2,24,-22
218000253,5,12,-7
218000254,12,9,3
218000255,0,13,-13
218000256,4,45,-41
218000267,360,885,-525
218000268,10,73,-63
218000269,4,17,-13
218000270,41,28,13
218000271,13,31,-18
218000273,25,6,19
218000274,12,4,8
218000275,26,68,-42
218000276,13,63,-50
218000278,33,31,2
218000279,30,37,-7
218000280,10,23,-13
218000281,32,8,24
218000282,318,152,166
218000284,66,13,53
218000301,168,169,-1
218000302,236,100,136
218000303,36,72,-36
218000316,985,1530,-545
218000317,1158,1567,-409
218000318,541,1021,-480
218000319,1196,1663,-467
218000320,1043,986,57
218000338,80,20,60
218000339,51,27,24
218000342,109,160,-51
218000343,197,117,80
218000345,25,14,11
218000346,7,42,-35
218000353,64,27,37
218000354,71,145,-74
218000459,57,427,-370
218000490,63,39,24
218000501,211,84,127
218000502,115,190,-75
218000503,207,63,144
218000504,411,101,310
218000505,214,371,-157
218000506,125,754,-629
218000508,5,11,-6
218000510,542,50,492
218000520,169,241,-72
218000522,3,161,-158
218000523,204,4,200
218000524,40,174,-134
218000525,187,13,174
218000526,52,157,-105
218000530,19,8,11
218000531,34,91,-57
218000532,67,66,1
218000537,7,7,0
218000538,199,231,-32
218000539,87,75,12
218000540,328,84,244
218000543,111,80,31
218000544,54,107,-53
218000545,92,96,-4
218000546,65,98,-33
218000547,354,164,190
218000548,213,189,24
218000549,581,363,218
218000550,225,476,-251
218000551,231,733,-502
218000552,790,89,701
218000553,8,66,-58
218000554,9,20,-11
218000555,9,20,-11
218000556,44,336,-292
218000557,252,72,180
218000558,122,1,121
218000559,0,47,-47
218000560,0,19,-19
218000561,34,0,34
218000562,27,218,-191
218000563,287,26,261
218000564,14,145,-131
218000565,362,26,336
218000566,333,20,313
218000567,2,100,-98
218000568,38,1,37
218000569,28,113,-85
218000570,162,8,154
218000571,3,122,-119
218000572,174,0,174
218000573,4,52,-48
218000574,84,42,42
218000575,150,1,149
218000576,2,76,-74
218000577,195,4,191
218000578,2,112,-110
218000579,60,37,23
218000581,18,84,-66
218000582,86,1,85
218000583,9,0,9
218000584,0,23,-23
218000585,27,6,21
218000586,7,44,-37
218000587,7,1,6
218000588,1,4,-3
218000589,0,5,-5
218000590,1,0,1
218000591,1,4,-3
218000592,0,0,0
218000593,0,1,-1
218000594,5,2,3
218000595,0,0,0
218000596,0,0,0
218000597,2,0,2
218000598,0,3,-3
218000599,0,0,0
218000600,0,2,-2
218000601,0,0,0
218000602,3,14,-11
218000603,0,11,-11
218000604,63,0,63
218000605,0,43,-43
218000606,118,7,111
218000607,18,55,-37
218000608,58,11,47
218000609,4,63,-59
218000610,90,1,89
218000611,22,1,21
218000612,0,36,-36
218000613,33,0,33
218000614,2,53,-51
218000615,207,0,207
218000616,8,209,-201
218000617,22,1,21
218000618,0,30,-30
218000619,165,47,118
218000620,26,15,11
218000621,2,7,-5
218000622,1,31,-30
218000623,131,1,130
218000624,5,52,-47
218000625,7,2,5
218000626,2,7,-5
218000628,125,60,65
218000632,1,113,-112
218000633,96,5,91
218000634,7,44,-37
218000635,14,19,-5
218000636,1143,1863,-720
218000637,934,741,193
218000638,163,53,110
218000639,37,266,-229
218000640,314,16,298
218000641,103,499,-396
218000652,65,108,-43
218000653,216,73,143
218000675,32,17,15
218000676,8,39,-31
218000677,9,9,0
218000703,7,65,-58
218000718,1066,901,165
218000719,1892,407,1485
218000720,0,77,-77
218000721,202,8,194
218000725,19,7,12
218001214,25,35,-10
219000001,54,64,-10
219000002,52,61,-9
219000003,70,24,46
219000004,61,43,18
219000017,281,25,256
219000020,120,56,64
219000022,171,8,163
219000023,124,1,123
219000029,0,91,-91
219000034,35,21,14
219000039,96,75,21
219000040,55,51,4
219000041,115,24,91
219000051,0,48,-48
219000052,0,30,-30
219000053,1,149,-148
219000054,681,397,284
219000055,172,5,167
219000056,71,0,71
219000057,215,0,215
219000062,23,154,-131
219000063,65,8,57
219000110,804,77,727
219000111,96,49,47
219000112,269,44,225
219000113,106,58,48
219000114,323,83,240
219000116,100,30,70
219000117,182,128,54
219000118,154,68,86
219000123,314,111,203
219000124,222,77,145
219000125,11,28,-17
219000126,106,115,-9
219000127,2,3,-1
219000128,16,121,-105
219000129,36,108,-72
219000130,784,772,12
219000131,943,1287,-344
219000133,87,39,48
219000134,13,20,-7
219000135,66,102,-36
219000136,141,215,-74
219000138,116,18,98
219000139,40,57,-17
219000140,76,4,72
219000141,25,142,-117
219000142,24,123,-99
219000143,24,120,-96
219000145,37,72,-35
219000146,5,59,-54
219000147,2,58,-56
219000148,3,75,-72
219000149,12,149,-137
219000150,3,132,-129
219000151,4,70,-66
219000157,221,189,32
219000158,221,284,-63
219000161,198,21,177
219000163,1846,581,1265
219000166,97,253,-156
219000167,121,238,-117
219000168,308,127,181
219000174,405,140,265
219000175,87,5,82
219000176,90,16,74
219000177,66,8,58
219000178,42,1,41
219000179,16,5,11
219000180,29,45,-16
219000182,179,19,160
219000183,72,53,19
219000184,110,19,91
219000185,0,79,-79
219000186,46,41,5
219000187,42,114,-72
219000189,187,213,-26
219000190,165,265,-100
219000191,1500,1547,-47
219000192,201,167,34
219000193,381,135,246
219000195,2,90,-88
219000196,5,137,-132
219000198,46,171,-125
219000199,110,295,-185
219000200,43,273,-230
219000201,87,356,-269
219000203,30,159,-129
219000204,298,256,42
219000205,48,205,-157
219000207,179,289,-110
219000209,50,93,-43
219000210,128,136,-8
219000213,10,243,-233
219000239,264,337,-73
219000240,297,503,-206
219000241,136,300,-164
219000242,77,200,-123
219000243,93,297,-204
219000244,60,125,-65
219000245,26,69,-43
219000246,55,15,40
219000247,135,27,108
219000248,885,349,536
219000249,177,92,85
219000250,176,142,34
219000251,716,251,465
219000252,320,184,136
219000253,459,65,394
219000255,133,130,3
219000256,220,121,99
219000257,142,0,142
219000262,119,218,-99
219000263,74,196,-122
219000267,2,123,-121
219000268,3,15,-12
219000269,7,7,0
219000270,5,0,5
219000271,138,23,115
219000278,5,9,-4
219000279,2,0,2
219000283,0,3,-3
219000295,32,123,-91
219000296,119,690,-571
219000297,17,167,-150
219000298,27,204,-177
219000299,638,90,548
219000300,49,346,-297
219000301,251,402,-151
219000302,49,326,-277
219000307,60,85,-25
219000308,40,27,13
219000311,208,65,143
219000312,655,108,547
219000313,373,42,331
219000314,83,709,-626
219000315,355,48,307
219000316,606,112,494
219000317,116,38,78
219000320,1,57,-56
219000321,0,22,-22
219000323,5,108,-103
219000325,0,23,-23
219000326,66,113,-47
219000327,57,48,9
219000328,49,66,-17
219000329,410,107,303
219000330,58,31,27
219000331,53,53,0
219000332,101,122,-21
219000333,20,15,5
219000335,117,5,112
219000337,20,4,16
219000338,63,0,63
219000344,21,122,-101
219000345,80,124,-44
219000346,41,160,-119
219000348,105,172,-67
219000349,63,224,-161
219000350,77,178,-101
219000351,22,7,15
219000352,382,96,286
219000353,147,59,88
219000354,164,134,30
219000355,186,59,127
219000356,1886,1429,457
219000363,317,87,230
219000364,130,43,87
219000365,187,11,176
219000366,236,360,-124
219000368,502,573,-71
219000370,1561,412,1149
219000371,11,33,-22
219000382,14,29,-15
219000383,918,1109,-191
219000385,688,576,112
219000386,1096,1959,-863
219000387,8,6,2
219000390,5,1,4
219000391,7,2,5
219000397,73,70,3
219000398,72,39,33
219000401,20,134,-114
219000402,45,153,-108
219000403,201,383,-182
219000404,26,158,-132
219000409,60,66,-6
219000410,87,38,49
219000411,69,12,57
219000446,228,480,-252
219000447,2,42,-40
219000448,15,24,-9
219000452,164,69,95
219000453,106,185,-79
219000454,375,301,74
219000556,301,114,187
219000558,182,218,-36
219000590,24,181,-157
219000591,75,88,-13
219000592,130,458,-328
219000595,0,27,-27
219000635,228,43,185
219000636,20,102,-82
219000657,24,16,8
219000658,29,80,-51
219000673,0,12,-12
219000676,136,2,134
219000679,62,15,47
219000684,139,4,135
219000685,0,95,-95
219000686,4,6,-2
219000688,0,96,-96
219000689,50,498,-448
219000690,354,68,286
219000693,2,27,-25
219000694,32,10,22
219000695,17,5,12
219000698,26,0,26
219000699,0,15,-15
219000727,1,104,-103
219000728,104,7,97
219000770,34,1,33
219000771,0,41,-41
219001150,0,42,-42
219001151,1,2,-1
220000001,167,59,108
220000002,58,153,-95
220000003,614,288,326
220000004,1004,686,318
220000005,1799,2305,-506
220000006,440,1205,-765
220000007,490,764,-274
220000008,344,1056,-712
220000009,301,547,-246
220000010,288,166,122
220000011,861,5414,-4553
220000012,100,627,-527
220000014,141,44,97
220000015,83,161,-78
220000017,46,414,-368
220000018,7162,2225,4937
220000019,126,385,-259
220000020,517,302,215
220000021,624,260,364
220000022,822,584,238
220000023,365,188,177
220000024,2120,432,1688
220000025,1257,1285,-28
220000026,321,305,16
220000027,117,113,4
220000028,63,34,29
220000029,90,256,-166
220000030,192,97,95
220000031,584,355,229
220000064,15,1120,-1105
221000046,6,0,6
221000047,0,1,-1
221000048,0,0,0
221000049,0,8,-8
221000050,12,0,12
221000055,54,45,9
221000057,64,13,51
221000068,353,146,207
221000069,399,80,319
221000070,186,36,150
221000071,105,14,91
221000072,273,19,254
221000073,150,64,86
221000074,0,29,-29
221000075,23,16,7
221000076,10,48,-38
221000077,34,139,-105
221000081,32,15,17
221000082,86,8,78
221000083,41,3,38
221000084,3,2,1
221000085,18,84,-66
221000086,26,160,-134
221000087,10,215,-205
221000088,19,234,-215
221000089,50,380,-330
221000090,192,728,-536
221000098,110,13,97
221000099,186,19,167
221000100,79,17,62
221000101,215,16,199
221000102,124,22,102
221000109,5,127,-122
221000110,16,123,-107
221000111,26,226,-200
221000112,7,172,-165
221000113,35,226,-191
221000114,9,245,-236
221000120,41,40,1
221000121,7,29,-22
221000122,154,17,137
221000123,17,4,13
221000124,55,273,-218
221000155,149,20,129
221000156,113,27,86
221000175,0,3,-3
221000176,0,3,-3
221000182,31,4,27
221000241,566,289,277
221000242,265,541,-276
221000243,533,152,381
221000244,440,593,-153
221000245,102,89,13
221000246,54,298,-244
221000247,94,158,-64
221000248,168,132,36
221000267,53,864,-811
221000325,102,61,41
221000331,104,172,-68
221000338,38,26,12
221000378,248,45,203
221000381,64,22,42
222000282,62,1,61
222000296,3,50,-47
222000568,363,18,345
222000569,159,38,121
222000570,151,14,137
222000571,336,16,320
222000577,26,203,-177
222000578,39,259,-220
222000579,20,150,-130
222000580,134,1161,-1027
222000599,0,156,-156
222000600,1,410,-409
222000601,12,1174,-1162
222000603,25,37,-12
222000604,8,36,-28
222000605,20,38,-18
222000606,23,11,12
222000607,25,7,18
222000608,41,11,30
222000609,49,250,-201
222000616,346,39,307
222000617,5,25,-20
222000618,4,5,-1
222000620,82,10,72
222000621,124,9,115
222000623,604,11,593
222000624,461,2,459
222000625,532,37,495
222000636,68,2,66
222000686,17,14,3
222000687,64,29,35
222001066,381,1,380
222001067,21,12,9
222001068,47,35,12
222001069,19,59,-40
222001082,15,54,-39
222001083,18,71,-53
222001084,0,27,-27
222001085,0,259,-259
222001111,50,241,-191
222001112,84,34,50
222001313,59,9,50
222001314,14,161,-147
222001464,179,50,129
222001465,52,136,-84
222001484,153,68,85
222001485,31,58,-27
222001494,433,162,271
222001495,130,349,-219
222001496,400,98,302
222001497,155,651,-496
222001502,12,130,-118
222001503,179,86,93
222001504,26,363,-337
222001505,339,28,311
222001506,35,316,-281
222001507,353,28,325
222001510,485,32,453
222001511,49,534,-485
222001514,685,270,415
222001515,302,757,-455
222001518,262,128,134
222001519,57,400,-343
222001527,242,86,156
222001528,61,229,-168
222001529,283,81,202
222001530,59,289,-230
222001533,118,495,-377
222001534,402,76,326
222001535,218,318,-100
222001536,122,334,-212
222001537,275,53,222
222001538,95,634,-539
222001563,579,95,484
222001564,65,829,-764
222001568,421,136,285
222001576,3,2,1
222001579,3,4,-1
222001583,43,299,-256
222001584,124,18,106
222001596,875,1769,-894
222001597,2373,372,2001
222001626,1,211,-210
222001650,113,100,13
222001651,106,163,-57
222001914,208,145,63
222001915,72,246,-174
222900004,497,374,123
222900009,549,809,-260
222900019,246,232,14
222900024,29,41,-12
222900025,4,27,-23
225000001,555,249,306
225000002,902,224,678
225000003,628,100,528
225000004,458,282,176
225000005,53,90,-37
225000006,0,260,-260
225000007,2877,1778,1099
225000010,353,12,341
225000011,509,1680,-1171
225000012,215,792,-577
225000013,232,171,61
225000014,1805,103,1702
225000015,123,265,-142
225000021,944,263,681
225000027,297,769,-472
225000032,859,222,637
225000042,135,914,-779
225000049,40,78,-38
225000050,67,10,57
225000053,4,424,-420
225000058,1156,166,990
225000067,217,197,20
225000068,248,431,-183
225000069,211,597,-386
225000070,99,535,-436
225000071,84,274,-190
225000075,55,1554,-1499
225000076,111,182,-71
225000078,82,59,23
225000085,66,175,-109
225000086,338,74,264
225000087,242,34,208
225000088,8,252,-244
225000089,395,1183,-788
225000090,71,527,-456
225000091,197,246,-49
225000092,32,97,-65
225000093,264,373,-109
225000094,23,418,-395
225000095,468,577,-109
225000096,412,706,-294
225000098,762,314,448
225000099,454,211,243
225000100,357,199,158
225000104,154,601,-447
225000110,21,632,-611
225000111,415,1544,-1129
225000112,676,1458,-782
225000113,341,752,-411
225000114,94,436,-342
225000115,2668,872,1796
225000116,1303,276,1027
225000117,1146,433,713
225000118,1268,432,836
225000119,316,122,194
225000120,825,114,711
225000121,377,34,343
225000123,1846,33,1813
225000125,453,288,165
225000126,1055,249,806
225000127,1012,1286,-274
225000128,566,987,-421
225000132,279,36,243
225000133,345,33,312
225000134,588,161,427
225000135,42,13,29
225000136,289,15,274
225000137,187,78,109
225000138,381,99,282
225000143,121,238,-117
225000144,3,426,-423
225000145,49,109,-60
225000146,56,124,-68
225000147,33,415,-382
225000148,6,312,-306
225000149,118,657,-539
225000151,30,354,-324
225000155,460,646,-186
225000156,264,1300,-1036
225000157,363,518,-155
225000158,121,428,-307
225000171,4,224,-220
225000180,23,5,18
225000181,0,69,-69
225000182,190,30,160
225000185,24,435,-411
225000187,71,449,-378
225000191,101,5,96
225000194,0,2,-2
225000208,3,80,-77
225000209,130,35,95
225000210,6,400,-394
225000217,0,19,-19
225000218,38,0,38
225000223,1,46,-45
225000224,480,0,480
225000225,2,26,-24
225000226,103,3,100
225000227,64,122,-58
225000228,45,28,17
225000229,0,91,-91
225000230,43,1,42
225000231,0,89,-89
225000232,204,0,204
225000241,75,0,75
225000242,0,51,-51
225000249,38,23,15
225000250,77,1099,-1022
225000251,341,47,294
225000254,6,0,6
225000256,28,209,-181
225000257,1,193,-192
226000042,528,490,38
226000043,106,324,-218
226000044,226,724,-498
226000045,92,560,-468
226000046,472,133,339
226000047,429,126,303
226000048,535,120,415
226000049,337,250,87
226000070,1,55,-54
226000071,0,82,-82
226000072,0,12,-12
226000073,0,11,-11
226000074,0,8,-8
226000084,12,87,-75
226000085,5,16,-11
226000086,4,11,-7
226000087,1,12,-11
226000088,71,54,17
226000090,404,86,318
226000091,22,46,-24
226000092,14,10,4
226000093,52,0,52
226000094,31,1,30
226000095,67,6,61
226000105,9,3,6
226000106,12,0,12
226000107,12,0,12
226000108,39,0,39
226000109,85,0,85
226000124,201,91,110
226000134,710,526,184
226000135,1433,736,697
226000136,499,459,40
226000137,15,472,-457
226000138,12,198,-186
226000139,1,31,-30
226000156,279,2,277
226000157,285,6,279
226000163,145,137,8
226000202,17,640,-623
226000231,182,19,163
226000232,46,4,42
227000033,355,68,287
227000036,254,34,220
227000037,216,24,192
227000038,215,28,187
227000084,4,80,-76
227000085,2,56,-54
227000088,114,2,112
227000089,153,1,152
227000090,113,1,112
227000091,15,1,14
227000092,36,0,36
227000093,207,0,207
227000094,16,0,16
227000130,32,46,-14
227000131,19,250,-231
227000132,9,273,-264
227000133,8,225,-217
227000134,23,413,-390
227000152,0,2,-2
227000153,0,47,-47
227000154,0,27,-27
227000155,0,18,-18
227000156,0,19,-19
227000165,2,26,-24
227000196,402,422,-20
227000199,240,796,-556
227000230,23,619,-596
227000232,764,26,738
227000242,65,488,-423
227000243,412,89,323
227000245,18,588,-570
227000246,138,651,-513
227000247,357,70,287
227000248,271,23,248
227000249,34,200,-166
227000250,730,118,612
227000251,179,174,5
227000252,32,457,-425
227000253,103,18,85
227000262,344,41,303
227000266,1535,28,1507
227000267,53,2066,-2013
227000282,5,253,-248
227000284,506,29,477
227000286,3,91,-88
227000291,16,817,-801
227000296,444,330,114
227000484,268,15,253
227000485,12,1003,-991
227000655,159,22,137
227000656,662,28,634
227000657,61,10,51
229000265,17,5,12
229000266,5,0,5
229000267,12,0,12
229000268,18,1,17
229000269,121,0,121
229000274,1,57,-56
229000275,2,40,-38
229000276,0,26,-26
229000277,0,4,-4
229000278,3,5,-2
229000295,21,38,-17
229000296,17,24,-7
229000297,11,55,-44
229000298,15,203,-188
229000320,16,20,-4
229000321,34,25,9
229000412,54,72,-18
229000414,26,99,-73
229000415,13,3,10
229000416,2,6,-4
229000417,8,29,-21
229000419,207,384,-177
229000440,405,74,331
229000442,25,7,18
229000443,2,20,-18
229000444,30,37,-7
229000445,75,17,58
229000446,99,17,82
229000491,3,20,-17
229000492,17,139,-122
229000493,6,136,-130
229000494,38,2,36
229000495,112,11,101
229000496,59,8,51
229000507,0,80,-80
229000508,1,42,-41
229000509,0,74,-74
229000510,2,32,-30
229000511,15,80,-65
229000512,0,48,-48
229000513,0,2,-2
229000514,1,10,-9
229000517,3,15,-12
229000518,18,23,-5
229000519,9,17,-8
229000520,25,26,-1
229000521,48,21,27
229000522,20,17,3
229000523,8,7,1
229000524,3,4,-1
229000527,6,0,6
229000528,0,0,0
229000529,5,0,5
229000530,70,2,68
229000531,35,8,27
229000532,33,1,32
229000533,90,1,89
229000534,84,1,83
229000564,73,0,73
229000565,13,0,13
229000566,1,24,-23
229000567,0,53,-53
229000582,106,2,104
229000583,5,4,1
229000584,0,49,-49
229000585,2,73,-71
229000718,0,1,-1
229000719,0,1,-1
229000720,0,9,-9
229000721,0,7,-7
229000722,0,10,-10
229000723,0,8,-8
229000724,0,3,-3
229000725,0,8,-8
229000738,0,0,0
229000739,2,0,2
229000740,7,0,7
229000741,9,0,9
229000742,9,0,9
229000743,13,0,13
229000744,5,0,5
229000745,6,0,6
229000746,27,0,27
229000847,46,1,45
229000848,20,0,20
229000849,161,0,161
229000851,70,0,70
229000854,0,60,-60
229000856,2,167,-165
229000857,0,52,-52
229000858,1,85,-84
229000919,26,115,-89
229000930,1,324,-323
229000937,77,33,44
229000966,69,20,49
229000981,21,42,-21
229000985,8,39,-31
229000986,1,12,-11
229000987,1,1,0
229000988,13,8,5
229000989,7,6,1
229000990,6,3,3
229000991,1,0,1
229000992,32,11,21
229000993,229,40,189
229000998,32,59,-27
229000999,84,29,55
229001034,3,18,-15
229001035,21,2,19
229001036,13,80,-67
229001037,48,3,45
229001038,0,8,-8
229001039,3,0,3
229001040,0,156,-156
229001041,99,0,99
229001042,13,30,-17
229001047,4,86,-82
229001050,61,19,42
229001168,0,5,-5
229001200,11,1,10
229001338,4,70,-66
229001394,200,6,194
229001422,130,29,101
229001423,60,162,-102
229001431,49,48,1
229001432,103,86,17
229001444,165,98,67
229001445,83,218,-135
229001479,5,3,2
229001503,148,74,74
229001504,142,220,-78
229001505,91,49,42
229001506,81,213,-132
229001509,99,12,87
229001510,16,58,-42
229001545,86,12,74
229001546,20,128,-108
229001553,66,30,36
229001554,41,108,-67
229001630,62,33,29
229001631,17,59,-42
229001635,0,17,-17
229001636,3,7,-4
229001658,0,189,-189
229001659,77,3,74
229001660,10,2,8
229001661,50,42,8
229001662,46,0,46
229001663,0,8,-8
229002584,231,277,-46
229002831,369,264,105
229002841,22,28,-6
229002842,54,26,28
229002843,158,28,130
229002844,155,86,69
229002845,66,104,-38
229002846,40,42,-2
229002847,2,3,-1
229002848,4,14,-10
229002849,41,73,-32
229002850,21,0,21
229002851,99,130,-31
229002852,199,34,165
229002853,166,22,144
229002854,70,63,7
229002855,30,31,-1
229002856,153,28,125
229002857,11,44,-33
229002858,74,28,46
229002859,78,33,45
229002860,154,13,141
229002861,156,52,104
229002862,82,44,38
229002863,83,29,54
229002864,88,40,48
229002865,4,28,-24
229002866,13,25,-12
229002867,2,28,-26
229002868,21,13,8
229002869,44,188,-144
229002870,50,21,29
235000067,457,66,391
235000072,70,324,-254
235000080,23,128,-105
235000081,103,209,-106
235000082,180,44,136
235000083,251,76,175
235000084,93,58,35
235000085,127,40,87
235000093,6,5,1
235000097,0,7,-7
235000098,41,9,32
235000115,184,103,81
235000116,58,38,20
235000117,570,27,543
235000133,11,392,-381
235000134,12,95,-83
235000206,10,2,8
235000207,6,3,3
235000210,36,2,34
235000212,3,20,-17
235000220,7,4,3
235000221,76,11,65
235000238,19,43,-24
235000239,1,7,-6
235000242,357,707,-350
235000245,949,201,748
235000246,10,71,-61
235000284,8,136,-128
235000295,119,13,106
235000305,282,19,263
235000306,155,17,138
235000307,29,4,25
235000308,44,0,44
235000309,73,9,64
235000310,58,1,57
235000311,241,91,150
235000322,0,14,-14
235000323,1,66,-65
235000324,0,19,-19
235000325,0,27,-27
235000326,4,283,-279
235000351,3,64,-61
235000352,34,57,-23
235000353,5,37,-32
235000354,4,37,-33
235000355,4,62,-58
235000356,421,5,416
235000357,35,20,15
235000358,36,9,27
235000359,11,15,-4
235000360,113,11,102
235000361,86,10,76
235000381,49,186,-137
235000382,183,29,154
235000390,13,2,11
235000391,97,21,76
235000392,128,260,-132
235000393,105,127,-22
235000395,130,43,87
235000396,537,59,478
235000399,189,16,173
235000400,109,23,86
235000401,68,217,-149
235000402,57,150,-93
235000405,128,384,-256
235000406,68,389,-321
235000407,71,155,-84
235000409,196,126,70
235000411,3,112,-109
235000485,0,3,-3
235000486,10,0,10
235000549,95,190,-95
235000550,59,279,-220
235000599,33,32,1
235000600,12,11,1
235000601,7,17,-10
235000602,69,63,6
235000614,0,7,-7
235000648,0,13,-13
235000649,38,15,23
235000815,11,29,-18
235000834,0,5,-5
235000855,80,68,12
235000862,45,245,-200
235000891,0,12,-12
235000892,42,3,39
235000901,41,108,-67
235000907,13,16,-3
235001010,70,107,-37
235001030,337,299,38
235001078,110,107,3
235001079,143,174,-31
235001147,37,61,-24
235001166,20,78,-58
235001167,29,35,-6
235001169,19,326,-307
235001200,40,41,-1
235001239,1,36,-35
235016266,14,18,-4
235016267,0,31,-31
235900013,0,4,-4
235900014,2,2,0
241900007,66,0,66
277101746,0,1,-1
277102712,0,1,-1
277103813,0,0,0
277103814,0,0,0
277103898,0,2,-2
990010990,27,277,-250
990011530,1,269,-268
990014944,3,718,-715
990015176,30,2,28
990015618,0,148,-148
990015888,34,67,-33
990016032,1,633,-632
990032570,14,377,-363
990070001,112,2,110
990070103,0,3,-3
990070601,0,88,-88
990070751,778,3,775
990070766,2,713,-711
990071180,741,283,458
990071343,28,2,26
990071387,0,16,-16
990071823,726,8,718
990072600,9,828,-819
990072964,2,540,-538
990073285,0,1,-1
990074393,1,1335,-1334
990074714,13,44,-31
990074870,1193,11,1182
990075106,1098,15,1083
990075746,584,4,580
990076437,1271,7,1264
990076458,5,1329,-1324
997000007,478,6,472
997000041,1,216,-215
997000058,30,0,30
997000062,176,3,173
997000069,0,5,-5
997000070,0,53,-53
997000100,26,0,26
997000141,11,2591,-2580
997000198,6,1469,-1463
998000475,1,69,-68
998000736,3,190,-187
998000965,0,55,-55
998001031,0,78,-78
998001072,691,485,206
998001091,10,3,7
998001093,2,1,1
998001103,0,12,-12
998001105,3,24,-21
998001700,0,49,-49
998001899,0,0,0
998001900,7,2,5
998003073,1526,4,1522
998003124,19,24,-5
998003125,12,122,-110
998101900,0,0,0
998102850,5,142,-137
998501819,0,0,0
998501820,0,1,-1
998501832,86,144,-58
998501927,986,635,351
998501929,132,1,131
998501930,67,1,66
998501931,123,6,117
998501932,7,4,3
998501933,95,1,94
998501937,30,1,29
998501944,5,0,5
998501950,0,0,0
998501970,48,4,44
998501971,0,107,-107
998501972,617,5,612
998501973,1,65,-64
998501974,1,289,-288
998501975,544,1,543
998501976,107,2,105
998501977,2,20,-18
998501978,51,2,49
998501979,0,17,-17
998501980,213,2,211
998501981,40,18,22
998501982,1,225,-224
998501983,0,0,0
998502006,0,1,-1
998502024,0,10,-10
998502032,0,5,-5
998502062,15,0,15
998502063,0,0,0
998502173,16,0,16
998502269,0,3,-3
998601159,0,229,-229
998601292,0,21,-21
999033574,0,104,-104
999800001,69,29,40
999800002,0,3,-3
999800003,2,0,2
999800004,0,3,-3
999800005,0,7,-7
