ID,insum,outsum,diff
100000001,626,534,92
100000002,1371,598,773
100000003,9654,1951,7703
100000004,2194,664,1530
100000005,2318,2150,168
100000006,219,70,149
100000007,600,329,271
100000008,122,703,-581
100000009,145,145,0
100000010,12,50,-38
100000011,337,85,252
100000012,81,891,-810
100000013,18,230,-212
100000014,272,383,-111
100000015,714,604,110
100000016,916,1634,-718
100000017,460,1349,-889
100000018,1287,467,820
100000019,5546,1560,3986
100000020,1590,1898,-308
100000021,8418,1904,6514
100000022,1254,622,632
100000023,7722,743,6979
100000025,3314,342,2972
100000028,1662,818,844
100000029,278,202,76
100000030,770,32,738
100000031,6671,3191,3480
100000032,2801,2470,331
100000033,547,1703,-1156
100000034,967,261,706
100000035,1499,656,843
100000036,2735,803,1932
100000037,287,392,-105
100000038,634,680,-46
100000039,507,202,305
100000040,62,64,-2
100000041,267,306,-39
100000042,395,264,131
100000043,314,194,120
100000044,428,791,-363
100000045,446,1709,-1263
100000046,449,1488,-1039
100000047,225,931,-706
100000048,383,799,-416
100000049,1612,3093,-1481
100000051,257,1218,-961
100000053,27,4,23
100000054,66,16,50
100000055,346,323,23
100000056,132,462,-330
100000057,1178,725,453
100000058,542,1608,-1066
100000059,1,116,-115
100000060,216,243,-27
100000061,1003,484,519
100000062,801,456,345
100000063,305,248,57
100000064,492,329,163
100000065,342,1386,-1044
100000066,162,1137,-975
100000067,331,895,-564
100000068,404,1964,-1560
100000069,193,2077,-1884
100000072,502,1888,-1386
100000073,1093,1599,-506
100000075,397,373,24
100000076,2015,1645,370
100000077,895,38,857
100000078,154,19,135
100000079,70,44,26
100000080,16,8,8
100000081,47,36,11
100000102,1678,897,781
100000103,3113,632,2481
100000104,4656,997,3659
100000105,4134,544,3590
100000106,2445,928,1517
100000107,470,239,231
100000108,867,1475,-608
100000109,3816,1267,2549
100000116,1154,414,740
100000117,30,34,-4
100000118,1273,637,636
100000119,326,505,-179
100000121,116,602,-486
100000122,631,685,-54
100000123,4879,4676,203
100000124,11463,5077,6386
100000125,4947,638,4309
100000126,782,242,540
100000127,1805,332,1473
100000128,885,937,-52
100000129,631,356,275
100000130,413,760,-347
100000131,5959,2651,3308
100000132,3170,1221,1949
100000133,13714,3515,10199
100000135,388,437,-49
100000139,169,313,-144
100000140,184,356,-172
100000142,216,608,-392
100000143,655,883,-228
100000144,4597,1238,3359
100000147,794,1562,-768
100000150,19,500,-481
100000151,516,285,231
100000153,344,242,102
100000154,109,67,42
100000155,11,20,-9
100000156,56,79,-23
100000157,128,143,-15
100000158,60,99,-39
100000159,234,426,-192
100000165,1015,861,154
100000169,501,216,285
100000174,2136,334,1802
100000179,79,657,-578
100000180,885,1105,-220
100000181,115,368,-253
100000188,45,378,-333
100000189,365,278,87
100000190,361,227,134
100000191,495,412,83
100000192,122,48,74
100000193,100,75,25
100000330,2825,342,2483
100000355,254,604,-350
100000362,5176,3858,1318
100000363,1629,2569,-940
100000364,396,196,200
100000365,3060,4418,-1358
100000366,4224,2884,1340
100000367,2215,2902,-687
100000368,1929,2089,-160
100000369,725,1197,-472
100000370,139,271,-132
100000376,79,100,-21
100000379,2052,1111,941
100000380,2727,1296,1431
100000384,6484,1976,4508
100000385,5867,3085,2782
100000386,10547,2182,8365
100000387,8285,2924,5361
100000388,17662,2943,14719
100000389,14795,2896,11899
100000390,16133,2455,13678
100000391,9703,3036,6667
100000392,3485,1161,2324
100000393,1392,892,500
100000394,6554,2526,4028
100000395,3309,718,2591
100000396,4045,1656,2389
100000397,2152,976,1176
100000398,12674,8909,3765
100900002,0,60,-60
100900003,81,66,15
100900004,24,1299,-1275
100900005,52,6,46
100900006,6,233,-227
100900007,181,15,166
100900008,7,669,-662
100900009,32,34,-2
100900010,9,149,-140
100900011,21,411,-390
100900012,4,332,-328
100900013,278,10,268
100900014,2,12,-10
100900015,145,67,78
100900016,0,78,-78
100900017,647,48,599
100900018,0,6,-6
100900019,10,36,-26
100900020,152,4,148
100900021,691,0,691
100900022,5,12,-7
100900023,0,22,-22
100900024,410,1,409
100900025,2,7,-5
100900026,39,205,-166
100900027,632,2032,-1400
100900028,48,135,-87
100900029,178,24,154
100900030,2,8,-6
100900031,206,45,161
100900032,74,1,73
100900033,192,57,135
100900034,200,1,199
100900035,317,0,317
100900036,8,5,3
100900037,25,366,-341
100900038,27,8,19
100900039,455,777,-322
100900040,99,1116,-1017
100900041,174,1168,-994
100900042,231,144,87
100900043,0,2,-2
100900044,3014,238,2776
100900045,27,1,26
100900046,740,2,738
100900047,1200,187,1013
100900048,18,4,14
100900049,42,271,-229
100900050,5,28,-23
100900051,27,41,-14
100900052,54,8,46
100900053,101,44,57
100900054,3,191,-188
100900055,117,201,-84
100900056,38,97,-59
100900057,512,304,208
100900058,60,25,35
100900059,24,1,23
100900060,31,14,17
100900061,255,233,22
100900062,2,78,-76
100900063,123,357,-234
100900064,385,9,376
100900065,31,43,-12
100900066,39,27,12
100900067,3,6,-3
100900068,31,213,-182
100900069,96,2,94
100900070,75,3,72
100900071,724,226,498
100900072,0,94,-94
100900073,35,611,-576
100900074,2,5,-3
100900075,3139,229,2910
100900076,27,22,5
100900077,1,143,-142
100900078,34,79,-45
100900079,4,49,-45
100900080,3,145,-142
100900081,9,33,-24
100900082,15,971,-956
100900083,4,54,-50
100900085,5,85,-80
100900086,67,254,-187
100900088,25,963,-938
100900089,1,36,-35
100900090,194,434,-240
100900091,0,17,-17
100900092,105,80,25
100900093,41,146,-105
100900094,36,990,-954
100900095,1,34,-33
100900096,10,169,-159
100900097,0,4,-4
100900098,4,51,-47
100900099,21,644,-623
100900100,8,226,-218
100900101,288,28,260
100900102,179,20,159
100900103,0,32,-32
100900104,3,145,-142
100900105,7,52,-45
100900106,61,6,55
100900107,1821,409,1412
100900108,0,0,0
100900109,0,61,-61
100900110,3,25,-22
100900111,78,101,-23
100900112,0,4,-4
100900113,2,16,-14
100900114,0,24,-24
100900115,0,26,-26
100900116,854,214,640
100900117,181,354,-173
100900118,1,55,-54
100900119,1,28,-27
100900120,2,6,-4
100900121,317,212,105
100900122,104,183,-79
100900123,11,125,-114
100900124,1,5,-4
100900125,9,67,-58
100900126,24,176,-152
100900127,2,4,-2
100900128,68,120,-52
100900129,0,106,-106
100900131,36,106,-70
100900133,5,45,-40
100900134,2,9,-7
100900135,1,131,-130
100900137,255,182,73
100900138,332,189,143
100900139,0,13,-13
100900140,7,1188,-1181
100900141,3,269,-266
100900142,1,2,-1
100900143,1165,275,890
100900144,12,4,8
100900145,26,91,-65
100900146,14,15,-1
100900147,3,413,-410
100900148,27,1394,-1367
100900149,8,34,-26
100900150,1,8,-7
100900151,52,508,-456
100900152,102,8,94
100900153,5,194,-189
100900154,2,12,-10
100900155,2,7,-5
100900156,21,5,16
100900157,0,134,-134
100900158,1401,415,986
100900159,0,13,-13
100900160,3,24,-21
100900161,152,1,151
100900162,2,219,-217
100900163,93,242,-149
100900164,11,42,-31
100900165,34,93,-59
100900166,45,1,44
100900167,18,110,-92
100900168,26,112,-86
100900169,180,1622,-1442
100900170,5,4,1
100900171,16,1045,-1029
100900172,0,3,-3
100900173,2,738,-736
100900174,148,24,124
100900176,1220,58,1162
100900177,1155,160,995
100900178,129,192,-63
100900179,120,51,69
100900180,1,3,-2
100900181,55,14,41
100900182,20,10,10
100900184,1,134,-133
100900186,1105,521,584
100900187,3,193,-190
100900188,49,5,44
100900189,899,111,788
100900191,1208,666,542
100900192,141,100,41
100900195,61,154,-93
100900197,0,80,-80
100900198,19,269,-250
100900199,8,5,3
100900200,670,309,361
100900201,67,881,-814
100900202,1,0,1
100900203,0,60,-60
100900204,292,136,156
100900205,96,228,-132
100900206,17,8,9
100900207,94,41,53
100900210,42,957,-915
100900211,222,35,187
100900213,51,12,39
100900214,1161,49,1112
100900215,1,28,-27
100900217,77,37,40
101000001,4857,2214,2643
101000002,3291,2513,778
101000003,855,1338,-483
101000004,11114,5631,5483
101000005,5848,4774,1074
101000006,9088,5513,3575
101000007,2513,2632,-119
101000008,3273,2834,439
101000009,1161,2703,-1542
101000010,669,1933,-1264
101000011,2568,897,1671
101000012,1887,359,1528
101000013,503,794,-291
101000014,437,621,-184
101000015,720,940,-220
101000016,289,399,-110
101000017,449,474,-25
101000018,3534,2484,1050
101000020,4411,1088,3323
101000021,872,200,672
101000022,520,80,440
101000023,1711,881,830
101000025,109,360,-251
101000026,378,34,344
101000027,1254,1281,-27
101000028,599,149,450
101000029,21,963,-942
101000030,592,53,539
101000031,311,543,-232
101000032,4607,2120,2487
101000033,2579,1766,813
101000034,2443,949,1494
101000035,1328,323,1005
101000036,1133,296,837
101000037,4247,978,3269
101000039,4256,706,3550
101000040,5077,1813,3264
101000041,12552,2151,10401
101000042,779,344,435
101000043,10878,1991,8887
101000045,1235,297,938
101000046,1970,884,1086
101000047,1143,1228,-85
101000048,756,784,-28
101000049,945,654,291
101000050,3179,2175,1004
101000051,5357,894,4463
101000052,1519,552,967
101000053,992,2055,-1063
101000054,1920,2015,-95
101000055,1707,752,955
101000056,65,42,23
101000057,3785,550,3235
101000058,2347,508,1839
101000059,4380,1287,3093
101000060,2161,191,1970
101000061,1849,619,1230
101000062,1869,308,1561
101000063,452,268,184
101000064,1017,353,664
101000065,124,253,-129
101000066,263,167,96
101000067,514,340,174
101000068,222,137,85
101000069,264,95,169
101000070,1995,856,1139
101000071,2111,687,1424
101000072,1418,2990,-1572
101000073,945,317,628
101000074,6279,2246,4033
101000075,9191,2830,6361
101000077,1254,968,286
101000078,1009,1776,-767
101000079,461,1028,-567
101000080,675,725,-50
101000081,846,854,-8
101000082,3237,2346,891
101000083,1559,1121,438
101000084,1225,1466,-241
101000085,1466,891,575
101000086,1256,1105,151
101000087,892,1398,-506
101000088,783,938,-155
101000089,781,1409,-628
101000090,2738,1764,974
101000091,249,1706,-1457
101000092,832,1436,-604
101000093,1431,806,625
101000094,460,1336,-876
101000095,177,964,-787
101000096,263,705,-442
101000097,228,287,-59
101000098,568,577,-9
101000099,1297,1443,-146
101000100,885,613,272
101000101,299,410,-111
101000102,811,283,528
101000103,826,625,201
101000104,303,306,-3
101000105,1278,168,1110
101000106,669,354,315
101000107,95,216,-121
101000108,1726,488,1238
101000109,105,50,55
101000110,44,1036,-992
101000111,142,242,-100
101000113,103,799,-696
101000114,2381,1137,1244
101000115,124,238,-114
101000116,43,214,-171
101000117,154,305,-151
101000119,214,32,182
101000120,253,27,226
101000121,55,9,46
101000122,66,33,33
101000123,65,52,13
101000124,386,379,7
101000125,87,398,-311
101000128,845,310,535
101000130,404,264,140
101000131,387,897,-510
101000132,238,2003,-1765
101000135,95,14,81
101000136,289,102,187
101000137,22,205,-183
101000141,3188,1222,1966
101000147,837,564,273
101000148,3069,39,3030
101000149,52,39,13
101000150,41,1463,-1422
101000151,54,115,-61
101000152,298,340,-42
101000153,900,570,330
101000154,89,2242,-2153
101000155,89,128,-39
101000156,21,245,-224
101000157,76,28,48
101000160,10,110,-100
101000163,116,44,72
101000164,507,377,130
101000165,223,312,-89
101000166,255,560,-305
101000168,623,280,343
101000252,749,574,175
101000254,420,19,401
101000258,39,15,24
101000261,186,154,32
101000262,488,846,-358
101000263,171,1689,-1518
101000265,31,574,-543
101000266,290,257,33
101000269,132,6,126
101000290,1817,1360,457
101000293,8,140,-132
101000294,578,581,-3
101000295,152,572,-420
101000301,983,142,841
101000304,1840,2843,-1003
101000305,2541,1846,695
101900001,13,88,-75
101900002,0,18,-18
101900003,78,138,-60
101900004,2,31,-29
101900005,6272,753,5519
101900006,922,7,915
101900007,402,38,364
101900008,142,157,-15
101900009,37,248,-211
101900010,1011,309,702
101900011,361,615,-254
101900012,108,209,-101
101900013,1322,91,1231
101900017,23,64,-41
101900018,1575,86,1489
101900019,76,146,-70
101900020,692,267,425
101900021,1,31,-30
101900022,31,1597,-1566
101900023,37,308,-271
102000001,1947,3973,-2026
102000002,2842,1344,1498
102000003,4307,3675,632
102000004,11453,2403,9050
102000005,1387,2063,-676
102000006,1893,1364,529
102000007,1463,3848,-2385
102000008,8006,1781,6225
102000009,6179,7001,-822
102000010,7803,3354,4449
102000011,2196,2252,-56
102000012,3498,3697,-199
102000018,4158,2230,1928
102000019,3081,1107,1974
102000026,254,453,-199
102000029,570,175,395
102000030,97,235,-138
102000031,20,268,-248
102000032,202,418,-216
102000033,105,585,-480
102000034,551,416,135
102000035,1129,628,501
102000036,2,173,-171
102000037,170,86,84
102000038,82,79,3
102000039,51,43,8
102000040,388,77,311
102000041,213,147,66
102000042,185,58,127
102000043,300,209,91
102000044,211,551,-340
102000045,679,1081,-402
102000046,761,527,234
102000047,751,1233,-482
102000048,155,705,-550
102000049,710,508,202
102000050,896,1132,-236
102000051,286,553,-267
102000052,1060,1045,15
102000053,490,799,-309
102000054,252,760,-508
102000055,709,1184,-475
102000056,482,1582,-1100
102000057,1448,596,852
102000058,1338,2231,-893
102000059,883,1462,-579
102000060,1002,1107,-105
102000061,1077,3414,-2337
102000062,769,1684,-915
102000063,1132,1647,-515
102000064,486,667,-181
102000065,30,166,-136
102000066,927,1155,-228
102000067,2483,2577,-94
102000068,8524,2877,5647
102000069,43,1606,-1563
102000070,2657,97,2560
102000071,6991,9950,-2959
102000072,3804,5364,-1560
102000073,1231,1465,-234
102000074,931,1034,-103
102000075,222,312,-90
102000076,208,565,-357
102000077,254,1634,-1380
102000078,473,1192,-719
102000079,110,438,-328
102000080,310,251,59
102000081,367,1071,-704
102000082,801,369,432
102000083,194,768,-574
102000084,104,617,-513
102000085,1611,1578,33
102000086,1077,1467,-390
102000087,616,2393,-1777
102000088,165,321,-156
102000089,709,723,-14
102000090,403,1455,-1052
102000091,1187,514,673
102000092,752,1128,-376
102000093,758,497,261
102000094,1269,337,932
102000095,1005,1237,-232
102000096,2080,742,1338
102000097,2312,1637,675
102000098,651,1477,-826
102000099,1179,521,658
102000100,1070,707,363
102000101,1350,237,1113
102000102,431,1557,-1126
102000103,1370,274,1096
102000104,1307,410,897
102000105,167,956,-789
102000106,484,1150,-666
102000107,536,729,-193
102000108,426,418,8
102000109,219,698,-479
102000110,362,1877,-1515
102000111,7,327,-320
102000112,93,82,11
102000113,9,32,-23
102000114,1114,324,790
102000115,188,135,53
102000116,219,207,12
102000117,252,614,-362
102000118,1611,928,683
102000119,3042,522,2520
102000120,86,516,-430
102000121,736,559,177
102000122,351,868,-517
102000123,1419,1068,351
102000124,1072,955,117
102000125,1030,884,146
102000126,593,786,-193
102000127,873,883,-10
102000128,380,1202,-822
102000129,688,1184,-496
102000130,437,758,-321
102000131,2042,816,1226
102000132,775,466,309
102000133,861,3273,-2412
102000134,340,774,-434
102000135,1341,606,735
102000136,1264,297,967
102000137,1106,792,314
102000138,198,504,-306
102000139,40,509,-469
102000140,191,245,-54
102000141,211,685,-474
102000142,182,514,-332
102000143,41,599,-558
102000144,69,571,-502
102000145,169,455,-286
102000146,163,399,-236
102000147,326,286,40
102000148,161,316,-155
102000149,149,900,-751
102000150,141,226,-85
102000151,90,420,-330
102000152,59,137,-78
102000153,743,228,515
102000154,362,602,-240
102000155,109,232,-123
102000156,379,63,316
102000157,69,114,-45
102000158,235,139,96
102000159,2031,122,1909
102000161,5313,1201,4112
102000162,224,106,118
102000163,110,343,-233
102000164,1459,657,802
102000165,202,144,58
102000166,19,67,-48
102000167,131,203,-72
102000168,170,147,23
102000169,75,405,-330
102000170,762,110,652
102000171,104,75,29
102000172,26,204,-178
102000173,245,202,43
102000174,32,78,-46
102000175,153,305,-152
102000176,25,86,-61
102000178,210,730,-520
102000179,179,243,-64
102000180,432,751,-319
102000181,223,893,-670
102000182,334,780,-446
102000183,881,2399,-1518
102000184,781,1147,-366
102000185,1304,2022,-718
102000186,546,2314,-1768
102000187,312,2459,-2147
102000188,330,1864,-1534
102000189,3823,1162,2661
102000190,862,2419,-1557
102000191,1469,690,779
102000192,632,1017,-385
102000193,19,188,-169
102000194,39,141,-102
102000195,297,619,-322
102000196,67,640,-573
102000197,196,617,-421
102000198,112,1126,-1014
102000199,272,523,-251
102000200,172,1573,-1401
102000201,289,607,-318
102000202,0,148,-148
102000203,121,446,-325
102000204,162,1415,-1253
102000205,459,1215,-756
102000206,436,1013,-577
102000207,410,590,-180
102000208,168,799,-631
102000209,35,78,-43
102000210,154,637,-483
102000211,209,635,-426
102000212,50,18,32
102000213,2,552,-550
102000214,109,20,89
102000215,2,769,-767
102000216,18,24,-6
102000217,9,249,-240
102000218,113,35,78
102000219,375,442,-67
102000225,851,764,87
102000226,9410,484,8926
102000227,35,1,34
102000228,1,116,-115
102000229,15,18,-3
102000230,273,834,-561
102000231,197,536,-339
102000232,8,156,-148
102000233,324,554,-230
102000234,99,1938,-1839
102000236,313,87,226
102000237,270,192,78
102000238,144,322,-178
102000240,799,512,287
102000241,258,92,166
102000243,6,74,-68
102000245,29,99,-70
102000246,16,49,-33
102000247,406,976,-570
102000248,163,347,-184
102000249,57,190,-133
102000250,24,586,-562
102000254,39,815,-776
102000266,48,212,-164
102000271,15,0,15
102000286,515,303,212
102000297,1458,964,494
102000299,0,0,0
102000300,0,0,0
102000301,0,0,0
102000303,0,0,0
102000305,0,0,0
102000306,0,0,0
102000307,0,23,-23
102000308,0,5,-5
102900001,1033,971,62
102900002,382,60,322
102900003,13,396,-383
102900005,147,354,-207
102900006,318,250,68
102900007,348,44,304
102900008,169,84,85
102900009,312,112,200
102900010,802,483,319
102900011,2437,256,2181
102900012,352,66,286
102900013,9,68,-59
102900015,821,193,628
102900016,21,124,-103
102900017,66,750,-684
102900018,11,161,-150
102900019,186,484,-298
102900020,40,50,-10
102900021,8,131,-123
102900022,276,74,202
102900023,23,89,-66
102900024,14,62,-48
102900025,284,135,149
102900026,586,1059,-473
102900027,49,67,-18
102900028,121,368,-247
102900029,78,120,-42
102900030,204,170,34
102900031,54,169,-115
102900032,8,146,-138
102900033,37,163,-126
102900034,130,165,-35
102900035,55,594,-539
102900036,120,827,-707
102900037,198,924,-726
102900038,395,635,-240
102900039,15,293,-278
102900040,96,191,-95
102900041,45,168,-123
102900042,163,383,-220
102900043,95,284,-189
102900044,366,2186,-1820
102900045,82,639,-557
102900046,51,421,-370
102900047,50,969,-919
102900048,394,846,-452
102900049,61,432,-371
102900050,329,392,-63
102900051,114,207,-93
102900052,16,16,0
102900053,212,780,-568
102900054,1160,651,509
102900055,40,88,-48
102900056,113,583,-470
102900057,0,20,-20
102900058,363,50,313
102900059,8,33,-25
102900060,27,442,-415
102900061,68,503,-435
102900062,61,1954,-1893
102900063,443,405,38
102900064,180,341,-161
102900065,1741,1000,741
102900066,331,42,289
102900068,37,90,-53
102900070,123,870,-747
102900072,12,25,-13
102900073,133,15,118
102900074,208,124,84
102900075,11,16,-5
102900076,227,30,197
102900077,29,25,4
102900078,27,71,-44
102900079,205,15,190
102900080,237,36,201
102900081,84,287,-203
102900082,7,306,-299
102900083,331,13,318
102900084,4,19,-15
102900085,65,53,12
102900086,1,9,-8
102900087,52,140,-88
102900088,13,44,-31
102900089,236,163,73
102900090,4,659,-655
102900091,56,4,52
102900092,109,1281,-1172
102900093,180,240,-60
102900094,2,40,-38
102900095,65,2,63
102900096,27,13,14
102900097,27,152,-125
103000001,1831,2786,-955
103000002,1610,1868,-258
103000003,3145,2428,717
103000004,1080,754,326
103000005,1973,1988,-15
103000006,590,1250,-660
103000007,446,1035,-589
103000008,721,1156,-435
103000009,542,740,-198
103000010,148,132,16
103000011,2036,1093,943
103000012,977,1046,-69
103000013,8624,2040,6584
103000014,1318,1311,7
103000015,2722,979,1743
103000016,532,696,-164
103000017,91,272,-181
103000018,1184,465,719
103000019,161,163,-2
103000020,1414,1452,-38
103000021,964,1094,-130
103000022,849,1208,-359
103000023,351,941,-590
103000024,120,171,-51
103000025,62,288,-226
103000026,2276,118,2158
103000027,285,270,15
103000028,810,282,528
103000029,657,143,514
103000030,2557,621,1936
103000031,1659,980,679
103000032,2197,1919,278
103000033,3002,2550,452
103000034,2288,888,1400
103000035,541,769,-228
103000036,604,468,136
103000037,797,422,375
103000038,699,866,-167
103000039,122,544,-422
103000040,191,1543,-1352
103000041,1535,3848,-2313
103000042,459,908,-449
103000043,319,1736,-1417
103000044,131,279,-148
103000046,230,318,-88
103000047,414,878,-464
103000048,113,137,-24
103000049,91,227,-136
103000050,359,771,-412
103000051,247,490,-243
103000052,775,508,267
103000053,122,414,-292
103000054,1357,1109,248
103000055,1141,1655,-514
103000056,555,2757,-2202
103000057,442,405,37
103000058,227,1101,-874
103000059,291,953,-662
103000060,721,882,-161
103000061,385,868,-483
103000062,796,955,-159
103000063,598,851,-253
103000064,105,416,-311
103000065,8,407,-399
103000066,47,11,36
103000069,94,496,-402
103000070,479,1723,-1244
103000071,614,367,247
103000072,59,1168,-1109
103000073,208,115,93
103000074,261,86,175
103000075,121,1248,-1127
103000076,133,136,-3
103000077,22,581,-559
103000078,1023,209,814
103000079,1773,430,1343
103000080,905,169,736
103000081,511,578,-67
103000082,289,145,144
103000083,69,508,-439
103000084,88,4,84
103000085,5,99,-94
103000086,474,274,200
103000087,88,419,-331
103000088,237,333,-96
103000089,142,258,-116
103000090,1113,1073,40
103000091,456,464,-8
103000092,197,289,-92
103000093,264,677,-413
103000094,62,105,-43
103000095,19,517,-498
103000096,562,112,450
103000097,32,711,-679
103000098,872,107,765
103000099,324,611,-287
103000100,52,1168,-1116
103000101,360,185,175
103000102,91,731,-640
103000103,352,276,76
103000104,29,216,-187
103000105,82,141,-59
103000106,9,115,-106
103000107,310,80,230
103000108,396,641,-245
103000109,322,319,3
103000110,336,409,-73
103000111,530,451,79
103000112,230,289,-59
103000113,404,669,-265
103000114,536,384,152
103000115,300,444,-144
103000116,339,530,-191
103000117,117,454,-337
103000118,1269,1379,-110
103000119,2132,819,1313
103000120,50,123,-73
103000121,260,727,-467
103000122,230,258,-28
103000125,5,722,-717
103000126,201,4,197
103000127,4,378,-374
103000128,74,0,74
103000129,2,251,-249
103000130,20,18,2
103000131,254,103,151
103000132,81,95,-14
103000133,5,286,-281
103000134,654,401,253
103000135,1141,232,909
103000136,760,322,438
103000137,616,635,-19
103000138,795,535,260
103000139,0,47,-47
103000140,107,25,82
103000141,19,135,-116
103000142,142,56,86
103000143,29,284,-255
103000144,120,71,49
103000145,8,44,-36
103000150,89,70,19
103000152,193,275,-82
103000153,67,199,-132
103000156,2,796,-794
103000157,155,4,151
103000159,120,135,-15
103000162,111,6,105
103000163,3,4,-1
103000164,9,11,-2
103000165,129,504,-375
103000166,102,152,-50
103000167,88,153,-65
103000168,42,240,-198
103000169,130,286,-156
103000170,627,641,-14
103000171,32,59,-27
103000172,186,366,-180
103000173,176,1145,-969
103000174,152,334,-182
103000175,114,701,-587
103000176,771,219,552
103000177,1014,430,584
103000178,435,226,209
103000179,72,34,38
103000183,40,56,-16
103000185,54,91,-37
103000186,53,195,-142
103000187,195,923,-728
103000188,17,105,-88
103000189,636,1211,-575
103000191,747,845,-98
103000292,3573,644,2929
103000293,1912,793,1119
103000295,85,85,0
103000296,80,8,72
103000297,177,8,169
103000504,63,18,45
103000505,12,1,11
103000506,4,278,-274
103000507,77,1,76
103000508,48,23,25
103000509,170,598,-428
103900001,2,556,-554
103900002,2159,172,1987
103900003,2137,100,2037
103900004,8,1,7
103900005,1,360,-359
103900006,1,8,-7
103900007,8,26,-18
103900008,9,1,8
103900009,103,295,-192
103900010,63,316,-253
103900011,58,313,-255
103900012,10,11,-1
103900013,9,98,-89
103900014,47,22,25
103900015,24,19,5
103900016,198,424,-226
103900017,19,124,-105
103900018,820,135,685
103900019,41,131,-90
103900020,118,227,-109
103900021,1150,65,1085
103900022,710,671,39
103900023,65,1,64
103900024,85,831,-746
103900025,9,52,-43
103900026,1,0,1
103900027,234,251,-17
103900028,21,236,-215
103900029,605,147,458
103900030,71,20,51
103900031,6,0,6
103900032,21,40,-19
103900033,56,9,47
103900034,16,307,-291
103900035,38,65,-27
103900036,28,8,20
103900037,24,16,8
103900038,81,54,27
103900039,10,630,-620
103900040,2,261,-259
103900041,9,23,-14
103900042,8,565,-557
103900043,64,143,-79
103900044,315,100,215
103900045,90,169,-79
103900047,30,60,-30
103900048,34,12,22
103900049,284,1269,-985
103900050,3,90,-87
103900051,0,33,-33
103900052,99,878,-779
103900053,42,1404,-1362
103900054,49,850,-801
103900055,189,193,-4
103900056,9,66,-57
103900057,9,325,-316
103900058,58,950,-892
103900059,0,6,-6
103900060,10,230,-220
103900061,18,57,-39
103900062,69,56,13
103900063,2,0,2
103900064,29,1,28
103900065,840,310,530
103900066,31,4,27
103900067,46,6,40
103900068,0,0,0
103900069,20,3,17
103900070,114,311,-197
103900071,20,227,-207
103900072,8,460,-452
103900073,11,10,1
103900074,16,112,-96
103900075,166,130,36
103900076,179,932,-753
103900077,103,34,69
103900078,55,167,-112
103900079,57,296,-239
103900080,18,18,0
103900081,78,9,69
103900082,1,122,-121
103900083,2283,217,2066
103900084,10,146,-136
103900085,56,76,-20
103900086,219,341,-122
103900087,11,154,-143
103900088,421,167,254
103900089,70,198,-128
103900090,2,282,-280
103900091,906,316,590
103900092,226,529,-303
103900093,116,476,-360
103900094,7,232,-225
103900095,123,144,-21
103900096,7,361,-354
103900097,4,677,-673
103900098,77,55,22
103900099,8,276,-268
103900100,70,418,-348
103900101,45,877,-832
103900102,1,54,-53
103900104,2,24,-22
103900105,76,190,-114
103900106,0,16,-16
103900107,54,269,-215
103900108,18,690,-672
103900109,5,79,-74
103900110,153,42,111
103900111,38,1012,-974
103900112,14,53,-39
103900113,148,175,-27
103900114,503,370,133
103900115,196,60,136
103900116,7973,891,7082
103900117,267,195,72
103900119,24,38,-14
103900120,19,91,-72
103900122,47,421,-374
103900123,1734,532,1202
103900124,41,780,-739
103900125,49,88,-39
103900126,137,569,-432
103900127,92,1135,-1043
103900128,33,270,-237
103900131,5,164,-159
103900133,717,21,696
103900134,0,0,0
103900135,27,14,13
103900137,0,54,-54
103900138,27,490,-463
103900139,147,862,-715
103900140,2,24,-22
103900141,226,94,132
103900142,39,243,-204
103900143,10,1,9
103900144,0,79,-79
103900145,121,393,-272
103900146,235,391,-156
103900147,169,87,82
103900148,65,269,-204
103900149,43,1014,-971
103900150,8903,1488,7415
103900151,24,138,-114
103900152,159,1053,-894
103900153,3,2,1
103900154,1856,681,1175
103900155,19,268,-249
103900156,8,185,-177
103900157,7,347,-340
103900158,24,263,-239
103900159,27,116,-89
103900160,26,22,4
103900161,61,191,-130
103900162,50,329,-279
103900163,16,260,-244
103900164,8,3,5
103900167,4,52,-48
103900168,28,145,-117
103900169,7,29,-22
103900170,4,129,-125
103900171,4,92,-88
103900172,9,31,-22
103900173,2,7,-5
103900174,53,66,-13
103900175,40,28,12
103900176,1,6,-5
103900177,7,47,-40
103900178,14,107,-93
103900179,15,263,-248
103900180,6,126,-120
103900181,43,27,16
103900182,57,8,49
103900184,599,34,565
103900185,302,75,227
103900187,58,27,31
103900188,25,8,17
103900189,53,11,42
103900190,21,50,-29
103900191,6,57,-51
103900192,13,51,-38
103900193,205,165,40
103900194,34,362,-328
103900195,2,35,-33
103900196,16,18,-2
103900197,8,32,-24
103900198,4,84,-80
103900199,62,65,-3
103900200,90,200,-110
103900201,39,224,-185
103900202,8,56,-48
103900203,10,12,-2
103900204,0,148,-148
103900207,1,224,-223
103900208,24,1,23
103900209,3,110,-107
103900210,9,39,-30
103900211,203,799,-596
103900212,46,582,-536
103900213,49,183,-134
103900214,134,91,43
103900215,738,288,450
103900216,10,547,-537
103900217,203,10,193
103900218,0,173,-173
103900219,36,317,-281
103900233,71,3,68
103900235,23,9,14
103900236,4,0,4
103900242,0,12,-12
103900243,1,5,-4
103900244,45,318,-273
103900245,38,249,-211
103900246,38,32,6
103900247,23,87,-64
103900248,3,10,-7
103900249,5,8,-3
103900250,30,16,14
103900251,1,24,-23
103900253,35,31,4
103900254,0,15,-15
103900255,1,10,-9
103900256,7,12,-5
103900257,42,44,-2
103900258,4,0,4
103900259,87,2,85
103900261,2,2,0
103900262,7,1,6
103900263,22,18,4
103900264,46,5,41
103900265,53,14,39
103900266,0,45,-45
103900267,3,56,-53
103900268,4,128,-124
103900269,78,233,-155
103900270,17,176,-159
104000001,1753,2494,-741
104000002,1722,2947,-1225
104000003,2451,2427,24
104000004,4201,2709,1492
104000005,849,1931,-1082
104000006,2609,3285,-676
104000007,3600,3466,134
104000008,319,684,-365
104000009,71,132,-61
104000010,92,126,-34
104000011,997,669,328
104000012,88,667,-579
104000013,81,133,-52
104000014,191,909,-718
104000015,177,179,-2
104000016,393,494,-101
104000018,423,134,289
104000019,370,82,288
104000020,161,1226,-1065
104000021,246,1027,-781
104000022,103,424,-321
104000023,314,290,24
104000024,159,487,-328
104000026,36,322,-286
104000027,196,525,-329
104000028,292,224,68
104000029,403,789,-386
104000030,103,224,-121
104000031,409,226,183
104000032,177,445,-268
104000033,247,357,-110
104000034,246,522,-276
104000035,339,499,-160
104000036,360,782,-422
104000037,191,357,-166
104000038,192,311,-119
104000039,163,605,-442
104000040,478,612,-134
104000041,463,322,141
104000042,183,551,-368
104000043,258,537,-279
104000044,228,1102,-874
104000045,654,1563,-909
104000046,1667,2023,-356
104000047,717,1770,-1053
104000048,1283,2655,-1372
104000049,277,321,-44
104000050,226,621,-395
104000051,54,970,-916
104000052,770,1587,-817
104000053,501,763,-262
104000054,444,799,-355
104000055,4204,3616,588
104000056,2520,242,2278
104000057,105,617,-512
104000058,395,826,-431
104000059,284,1327,-1043
104000060,440,1109,-669
104000061,1013,1576,-563
104000062,158,182,-24
104000064,831,355,476
104000065,114,337,-223
104000069,1371,578,793
104000070,62,392,-330
104000071,170,501,-331
104000072,835,330,505
104000075,50,289,-239
104000076,416,141,275
104000082,1995,2282,-287
104000083,694,236,458
104000084,86,519,-433
104000085,166,289,-123
104000086,131,435,-304
104000087,534,1034,-500
104000090,453,2036,-1583
104000092,422,3390,-2968
104000094,667,2816,-2149
104000095,1079,1523,-444
104000096,759,539,220
104000097,987,1291,-304
104000098,795,1636,-841
104000100,854,874,-20
104000101,756,3011,-2255
104000106,84,568,-484
104000107,475,693,-218
104000108,389,740,-351
104000109,271,54,217
104000110,923,955,-32
104000111,6818,1390,5428
104000112,2868,549,2319
104000116,2,1866,-1864
104000117,112,1387,-1275
104000118,251,294,-43
104000119,378,315,63
104000120,182,1513,-1331
104000121,171,773,-602
104000122,473,796,-323
104000123,946,1924,-978
104000124,2203,3340,-1137
104000125,6742,2627,4115
104000126,279,615,-336
104000127,1996,5488,-3492
104000128,836,572,264
104000129,515,26,489
104000130,19,224,-205
104000131,1121,849,272
104000132,775,1194,-419
104000133,936,839,97
104000134,811,1303,-492
104000135,420,810,-390
104000136,1089,1674,-585
104000137,2398,194,2204
104000138,1640,279,1361
104000139,12911,3530,9381
104000141,1794,2429,-635
104000142,646,1580,-934
104000143,363,1217,-854
104000144,51,211,-160
104000145,295,149,146
104000146,499,723,-224
104000147,104,419,-315
104000148,143,105,38
104000149,171,543,-372
104000150,488,438,50
104000151,331,923,-592
104000152,336,1176,-840
104000153,179,453,-274
104000154,1272,942,330
104000155,257,388,-131
104000157,1349,2329,-980
104000158,213,308,-95
104000159,414,349,65
104000160,1579,1321,258
104000161,195,170,25
104000162,28,128,-100
104000165,1308,1083,225
104000167,359,463,-104
104000168,316,6,310
104000169,26,58,-32
104000170,1096,226,870
104000248,105,1140,-1035
104000251,56,492,-436
104000272,0,0,0
104000273,0,0,0
104000274,0,0,0
104000275,0,0,0
104000279,856,505,351
104000290,38,507,-469
104000291,562,1032,-470
104000293,468,780,-312
104000294,6,0,6
104000295,328,772,-444
104000296,250,923,-673
104000297,909,1592,-683
104000298,2166,1111,1055
104000299,428,1377,-949
104900001,47,534,-487
104900002,27,67,-40
104900003,31,546,-515
104900004,58,543,-485
104900005,133,113,20
104900006,80,46,34
104900007,181,354,-173
104900009,72,726,-654
104900010,10,10,0
104900011,4,1,3
104900012,54,4,50
104900013,39,0,39
104900014,5377,368,5009
104900015,47,1,46
104900016,54,401,-347
104900017,12,211,-199
104900018,6,301,-295
104900019,413,892,-479
104900020,28,477,-449
104900021,4,384,-380
104900022,6,145,-139
104900023,2,209,-207
104900024,15,129,-114
104900025,39,483,-444
104900026,0,168,-168
104900027,143,179,-36
104900028,40,113,-73
104900029,39,109,-70
104900030,275,151,124
104900031,139,167,-28
104900032,60,230,-170
104900033,45,155,-110
104900034,155,69,86
104900035,56,63,-7
104900036,51,39,12
104900037,54,355,-301
104900038,785,405,380
104900039,735,79,656
104900040,73,89,-16
104900041,76,132,-56
104900042,82,444,-362
104900043,13,24,-11
104900044,186,195,-9
104900045,189,28,161
104900046,44,152,-108
104900047,110,145,-35
104900048,113,117,-4
104900049,5,5,0
104900050,74,116,-42
104900051,52,44,8
104900052,9,0,9
104900053,256,42,214
104900054,117,28,89
104900055,15,1,14
104900056,72,9,63
104900057,13,2,11
104900058,963,95,868
104900059,11,39,-28
104900060,3,474,-471
104900061,320,820,-500
104900063,2,154,-152
104900064,0,110,-110
104900065,0,124,-124
104900066,1,275,-274
104900067,5,317,-312
104900068,15,368,-353
104900070,51,404,-353
104900071,4,969,-965
104900072,18,270,-252
104900073,18,371,-353
104900074,32,280,-248
104900075,24,107,-83
104900076,76,610,-534
104900077,1601,69,1532
104900078,85,1235,-1150
104900079,137,105,32
104900080,30,768,-738
104900082,12,300,-288
104900085,2,356,-354
104900087,297,4,293
104900089,28,0,28
104900090,261,350,-89
104900091,557,1192,-635
104900093,179,714,-535
104900097,3800,1122,2678
104900098,31,40,-9
104900099,138,409,-271
104900100,958,248,710
104900102,25,336,-311
104900103,505,104,401
104900104,4142,1043,3099
104900106,26,168,-142
104900107,28,495,-467
104900108,14,472,-458
104900109,37,207,-170
104900110,6,77,-71
104900111,76,102,-26
104900112,174,1121,-947
104900113,374,437,-63
104900114,172,1017,-845
104900115,265,708,-443
104900116,82,407,-325
104900118,16,109,-93
104900119,0,39,-39
104900120,89,32,57
104900121,1,161,-160
104900122,0,99,-99
104900123,12,3,9
104900124,10,0,10
104900125,417,11,406
104900126,147,65,82
104900127,15,4,11
104900128,66,135,-69
104900129,3294,817,2477
105000001,1603,1873,-270
105000002,1566,1983,-417
105000003,2118,4365,-2247
105000004,465,1333,-868
105000005,618,1238,-620
105000006,821,1442,-621
105000007,606,1175,-569
105000008,650,1351,-701
105000009,950,2505,-1555
105000010,3094,3003,91
105000011,1561,1734,-173
105000012,3985,3933,52
105000013,557,824,-267
105000014,913,1662,-749
105000015,7254,4713,2541
105000016,3479,2205,1274
105000017,1386,1324,62
105000018,1238,769,469
105000019,1321,1077,244
105000020,115,319,-204
105000021,271,130,141
105000022,105,36,69
105000023,388,242,146
105000028,48,183,-135
105000029,328,772,-444
105000030,4179,4191,-12
105000033,1055,2619,-1564
105000034,97,523,-426
105000037,531,685,-154
105000038,1526,934,592
105000039,4357,2505,1852
105000040,689,539,150
105000041,736,1833,-1097
105000042,2404,872,1532
105000043,2858,3399,-541
105000044,238,304,-66
105000045,248,1234,-986
105000046,381,370,11
105000047,442,2142,-1700
105000048,303,191,112
105000049,260,1151,-891
105000050,273,265,8
105000051,212,666,-454
105000052,357,1127,-770
105000053,82,274,-192
105000054,163,1184,-1021
105000055,279,474,-195
105000056,852,3080,-2228
105000057,1015,1410,-395
105000058,1925,1711,214
105000059,462,497,-35
105000060,433,795,-362
105000061,264,431,-167
105000062,848,1186,-338
105000063,238,840,-602
105000064,500,682,-182
105000065,344,1328,-984
105000066,839,2608,-1769
105000067,598,523,75
105000068,462,1147,-685
105000069,2971,640,2331
105000070,835,880,-45
105000071,156,313,-157
105000072,430,665,-235
105000073,628,501,127
105000074,1051,1221,-170
105000075,495,998,-503
105000076,1145,1334,-189
105000077,1999,962,1037
105000078,1561,1088,473
105000079,1643,1621,22
105000080,1640,954,686
105000081,808,720,88
105000082,421,381,40
105000083,799,740,59
105000084,435,1334,-899
105000085,944,999,-55
105000086,409,1037,-628
105000087,2459,1962,497
105000088,1304,1127,177
105000089,3284,3171,113
105000090,1179,1267,-88
105000091,1925,2524,-599
105000092,616,1487,-871
105000093,312,197,115
105000094,289,202,87
105000095,65,381,-316
105000096,869,566,303
105000097,1051,603,448
105000098,432,403,29
105000099,586,830,-244
105000100,805,1320,-515
105000101,1534,2530,-996
105000102,1245,1726,-481
105000103,1280,2783,-1503
105000104,1071,1099,-28
105000105,733,2038,-1305
105000106,869,1828,-959
105000107,630,1178,-548
105000108,977,2139,-1162
105000109,1071,1908,-837
105000110,482,993,-511
105000111,361,568,-207
105000112,676,1047,-371
105000113,215,431,-216
105000114,4227,889,3338
105000115,266,572,-306
105000116,400,488,-88
105000117,552,1775,-1223
105000118,199,528,-329
105000119,442,1734,-1292
105000120,426,935,-509
105000121,570,1474,-904
105000122,226,486,-260
105000123,1050,1774,-724
105000124,1348,1188,160
105000125,581,2120,-1539
105000126,1482,2333,-851
105000127,1657,2154,-497
105000128,296,1443,-1147
105000129,557,345,212
105000130,52,832,-780
105000131,364,409,-45
105000132,551,402,149
105000133,276,1419,-1143
105000134,413,567,-154
105000135,334,852,-518
105000136,42,264,-222
105000137,153,302,-149
105000138,104,281,-177
105000139,947,1319,-372
105000140,99,450,-351
105000141,152,757,-605
105000142,66,535,-469
105000143,203,698,-495
105000144,192,745,-553
105000145,469,653,-184
105000146,431,740,-309
105000147,518,368,150
105000148,1117,550,567
105000149,1480,1362,118
105000150,2474,1557,917
105000151,242,310,-68
105000152,156,778,-622
105000153,401,386,15
105000154,675,1030,-355
105000155,304,467,-163
105000156,1137,977,160
105000157,1473,2006,-533
105000158,1697,773,924
105000159,392,1414,-1022
105000160,1018,546,472
105000161,733,2380,-1647
105000162,291,1085,-794
105000163,1350,1494,-144
105000164,266,387,-121
105000165,1753,2929,-1176
105000166,9234,272,8962
105000167,3270,1190,2080
105000168,153,1040,-887
105000169,189,637,-448
105000170,69,1363,-1294
105000171,1076,459,617
105000172,16,75,-59
105000173,27,40,-13
105000174,32,29,3
105000175,61,193,-132
105000176,63,88,-25
105000177,46,146,-100
105000178,128,888,-760
105000179,124,151,-27
105000180,76,131,-55
105000181,52,575,-523
105000182,22,104,-82
105000183,3018,1683,1335
105000184,1389,868,521
105000185,1059,533,526
105000186,394,1106,-712
105000187,657,325,332
105000188,191,128,63
105000189,146,690,-544
105000190,116,373,-257
105000191,196,559,-363
105000192,58,92,-34
105000193,46,219,-173
105000194,96,72,24
105000195,262,1705,-1443
105000196,20,68,-48
105000197,177,1096,-919
105000198,531,293,238
105000199,142,133,9
105000200,92,227,-135
105000201,66,17,49
105000203,3,322,-319
105000204,48,98,-50
105000205,97,295,-198
105000207,872,319,553
105000208,219,324,-105
105000209,161,497,-336
105000212,721,1755,-1034
105000213,237,164,73
105000214,77,254,-177
105000215,92,335,-243
105000216,54,506,-452
105000217,134,477,-343
105000218,443,1233,-790
105000221,86,401,-315
105000222,59,51,8
105000223,75,200,-125
105000226,22,487,-465
105000227,26,249,-223
105000228,149,669,-520
105000229,42,216,-174
105000231,84,194,-110
105000233,492,508,-16
105000234,566,1480,-914
105000235,132,433,-301
105000237,436,37,399
105000243,8,256,-248
105000248,57,33,24
105000262,121,2098,-1977
105000269,66,133,-67
105000270,143,136,7
105000271,1,377,-376
105000282,44,41,3
105000287,310,132,178
105000288,344,411,-67
105000289,725,654,71
105000290,6,4,2
105000402,5704,1545,4159
105000426,372,563,-191
105000438,521,607,-86
105000446,14454,5279,9175
105000447,8744,2954,5790
105000454,105,1076,-971
105000455,242,231,11
105000474,13,1,12
105000477,122,413,-291
105000478,893,1485,-592
105000479,69,113,-44
105000480,1358,1648,-290
105000481,1547,1867,-320
105000482,4527,3253,1274
105000483,844,1055,-211
105000484,2337,3163,-826
105000485,903,1215,-312
105000486,3247,2685,562
105000488,2824,2886,-62
105000489,429,750,-321
105000549,13,103,-90
105000550,418,1175,-757
105000551,19,112,-93
105000552,3888,2420,1468
105900001,5,817,-812
105900002,1958,325,1633
105900003,4,71,-67
105900004,334,120,214
105900005,1,275,-274
105900006,4,28,-24
105900007,50,17,33
105900008,38,933,-895
105900009,4,5,-1
105900011,95,48,47
105900012,342,181,161
105900013,0,19,-19
105900014,6,86,-80
105900015,108,301,-193
105900016,108,853,-745
105900017,512,62,450
105900018,196,258,-62
105900019,67,700,-633
105900020,16,77,-61
105900021,21,499,-478
105900022,151,371,-220
105900023,1,222,-221
105900024,7,359,-352
105900025,20,29,-9
105900026,187,27,160
105900027,6001,3008,2993
105900028,19,150,-131
105900029,2196,321,1875
105900030,109,340,-231
105900031,370,216,154
105900032,42,150,-108
105900033,29,138,-109
105900034,111,239,-128
105900035,217,177,40
105900036,17,154,-137
105900037,65,99,-34
105900038,83,317,-234
105900039,24,168,-144
105900040,29,133,-104
105900041,198,408,-210
105900042,27,74,-47
105900043,1816,60,1756
105900044,2,129,-127
105900045,1,608,-607
105900046,2,178,-176
105900047,1,26,-25
105900048,53,472,-419
105900050,2017,851,1166
105900051,7,1476,-1469
105900052,212,78,134
105900053,4772,1135,3637
105900054,263,364,-101
105900056,1160,196,964
105900057,26,271,-245
105900058,4,37,-33
105900059,0,28,-28
106000001,3318,967,2351
106000002,2841,3515,-674
106000003,2624,1886,738
106000004,2352,2206,146
106000005,1966,4229,-2263
106000006,6070,4693,1377
106000007,454,541,-87
106000008,315,324,-9
106000009,380,341,39
106000010,342,555,-213
106000011,399,1015,-616
106000012,652,1882,-1230
106000013,1181,1944,-763
106000014,1990,2117,-127
106000015,899,1250,-351
106000016,1041,2733,-1692
106000017,596,714,-118
106000018,491,832,-341
106000019,179,435,-256
106000020,163,516,-353
106000021,172,540,-368
106000022,235,374,-139
106000023,366,406,-40
106000024,465,1020,-555
106000025,95,195,-100
106000026,176,402,-226
106000027,537,1086,-549
106000028,395,948,-553
106000029,811,1998,-1187
106000030,948,220,728
106000034,153,552,-399
106000035,574,897,-323
106000036,350,317,33
106000037,1440,1584,-144
106000038,448,73,375
106000039,136,32,104
106000040,172,586,-414
106000041,718,259,459
106000043,496,57,439
106000046,245,25,220
106000047,34,347,-313
106000049,327,136,191
106000050,175,1064,-889
106000051,255,334,-79
106000052,74,734,-660
106000053,105,89,16
106000054,297,607,-310
106000055,456,672,-216
106000056,270,631,-361
106000057,136,132,4
106000058,107,216,-109
106000059,119,281,-162
106000060,511,729,-218
106000061,117,333,-216
106000062,177,661,-484
106000063,342,351,-9
106000064,35,457,-422
106000065,134,102,32
106000066,74,463,-389
106000067,147,65,82
106000068,28,774,-746
106000069,65,85,-20
106000070,313,911,-598
106000071,565,269,296
106000072,5064,1358,3706
106000073,1672,1736,-64
106000074,242,560,-318
106000075,229,1012,-783
106000076,958,1577,-619
106000077,2379,1179,1200
106000078,401,883,-482
106000079,385,1149,-764
106000080,600,975,-375
106000081,415,992,-577
106000082,1944,1038,906
106000083,331,1124,-793
106000084,485,637,-152
106000085,1436,1015,421
106000086,429,653,-224
106000087,429,538,-109
106000088,256,801,-545
106000089,466,492,-26
106000090,218,681,-463
106000091,201,745,-544
106000092,323,268,55
106000093,205,79,126
106000094,126,403,-277
106000095,297,1384,-1087
106000096,457,897,-440
106000097,432,1732,-1300
106000098,278,1136,-858
106000099,104,1056,-952
106000100,340,335,5
106000101,381,293,88
106000102,108,619,-511
106000103,219,785,-566
106000104,399,421,-22
106000105,331,1218,-887
106000106,293,538,-245
106000107,31,490,-459
106000108,107,390,-283
106000109,76,435,-359
106000110,88,318,-230
106000111,78,802,-724
106000112,99,309,-210
106000113,1284,787,497
106000114,402,342,60
106000115,152,664,-512
106000116,129,257,-128
106000117,902,932,-30
106000118,825,1000,-175
106000119,2604,1330,1274
106000120,668,613,55
106000121,60,188,-128
106000122,37,424,-387
106000123,144,338,-194
106000124,29,450,-421
106000125,23,398,-375
106000126,62,259,-197
106000127,286,1090,-804
106000128,231,295,-64
106000129,234,878,-644
106000130,350,389,-39
106000131,67,608,-541
106000132,834,118,716
106000133,4668,848,3820
106000134,639,526,113
106000135,125,902,-777
106000136,419,263,156
106000137,45,1807,-1762
106000138,507,43,464
106000139,19,152,-133
106000140,40,141,-101
106000141,26,181,-155
106000142,27,61,-34
106000143,15,176,-161
106000144,20,55,-35
106000145,100,608,-508
106000146,96,219,-123
106000147,325,526,-201
106000148,825,867,-42
106000149,331,414,-83
106000150,413,1657,-1244
106000151,5047,905,4142
106000152,1600,1012,588
106000153,43,1198,-1155
106000154,1476,234,1242
106000155,33,125,-92
106000156,385,358,27
106000157,529,2006,-1477
106000158,3364,630,2734
106000159,5459,1285,4174
106000160,147,1419,-1272
106000161,1404,537,867
106000162,144,640,-496
106000163,195,646,-451
106000164,180,386,-206
106000165,111,871,-760
106000166,205,356,-151
106000167,169,1759,-1590
106000168,99,338,-239
106000169,73,1018,-945
106000170,241,332,-91
106000171,64,1055,-991
106000172,1915,925,990
106000173,617,2712,-2095
106000174,676,256,420
106000175,252,1333,-1081
106000176,853,625,228
106000177,536,2402,-1866
106000178,2718,1468,1250
106000179,901,2117,-1216
106000180,769,2136,-1367
106000181,286,2299,-2013
106000182,334,738,-404
106000183,462,1219,-757
106000184,879,1155,-276
106000185,487,1052,-565
106000186,998,170,828
106000187,187,782,-595
106000188,0,0,0
106000189,6,36,-30
106000190,9,4,5
106000191,547,179,368
106000192,0,32,-32
106000193,241,143,98
106000194,150,416,-266
106000195,876,76,800
106000196,172,355,-183
106000197,155,399,-244
106000198,106,367,-261
106000199,968,693,275
106000200,522,152,370
106000201,513,953,-440
106000202,8105,550,7555
106000203,293,161,132
106000204,17,4,13
106000205,15,195,-180
106000206,37,7,30
106000207,61,1150,-1089
106000208,455,56,399
106000209,699,256,443
106000210,200,1647,-1447
106000211,391,1738,-1347
106000212,311,112,199
106000213,826,1059,-233
106000214,2727,439,2288
106000215,161,497,-336
106000216,226,340,-114
106000217,158,497,-339
106000218,263,332,-69
106000219,58,299,-241
106000220,252,264,-12
106000221,43,312,-269
106000222,21,211,-190
106000223,36,158,-122
106000224,90,402,-312
106000225,27,63,-36
106000226,111,457,-346
106000228,14,135,-121
106000229,41,957,-916
106000231,338,85,253
106000232,28,538,-510
106000233,277,97,180
106000234,55,247,-192
106000235,159,50,109
106000236,49,62,-13
106000237,1,6,-5
106000238,5,3,2
106000239,4,67,-63
106000240,26,1,25
106000241,16,730,-714
106000242,123,11,112
106000249,30,52,-22
106000250,22,429,-407
106000251,39,35,4
106000252,15,161,-146
106000253,29,39,-10
106000254,22,69,-47
106000255,21,65,-44
106000256,69,151,-82
106000257,115,362,-247
106000258,85,7,78
106000259,1,27,-26
106000260,4,8,-4
106000261,0,69,-69
106000262,20,6,14
106000263,0,81,-81
106000264,98,5,93
106000265,8,141,-133
106000266,85,13,72
106000267,11,139,-128
106000268,357,4,353
106000269,52,85,-33
106000270,140,421,-281
106000271,57,207,-150
106000272,74,47,27
106000273,4,132,-128
106000274,159,52,107
106000275,73,135,-62
106000276,121,71,50
106000277,72,114,-42
106000278,166,46,120
106000279,6,80,-74
106000280,27,169,-142
106000281,50,90,-40
106000282,63,62,1
106000283,79,118,-39
106000284,34,103,-69
106000285,50,176,-126
106000286,53,157,-104
106000287,55,141,-86
106000288,57,148,-91
106000289,37,97,-60
106000290,29,144,-115
106000291,43,83,-40
106000292,54,201,-147
106000293,52,91,-39
106000294,69,122,-53
106000295,25,63,-38
106000296,43,106,-63
106000297,67,180,-113
106000298,132,75,57
106000299,76,157,-81
106000300,30,71,-41
106000301,50,59,-9
106000303,9,55,-46
106000304,36,43,-7
106000305,40,35,5
106000306,79,94,-15
106000307,27,15,12
106000308,36,210,-174
106000309,21,121,-100
106000310,141,633,-492
106000311,141,122,19
106000312,44,191,-147
106000313,46,268,-222
106000318,185,162,23
106000319,299,35,264
106000320,2,38,-36
106000321,345,42,303
106000322,37,236,-199
106000324,5,147,-142
106000325,725,919,-194
106000326,732,2243,-1511
106000327,58,254,-196
106000328,6,139,-133
106000329,31,310,-279
106000330,35,51,-16
106000428,29,185,-156
106000429,59,495,-436
106000430,289,1597,-1308
106000431,564,259,305
106000432,1154,2628,-1474
106000433,888,688,200
106000434,1931,738,1193
106000435,2230,2687,-457
106000436,27,411,-384
106000437,142,20,122
106000438,384,95,289
106000439,72,547,-475
106000440,170,587,-417
106000441,1,3,-2
106000442,44,5,39
106000443,55,801,-746
106000450,3,245,-242
106000451,17,12,5
106000454,1,33,-32
106000455,28,160,-132
106000456,68,36,32
106000457,8,1498,-1490
106000458,138,187,-49
106000459,27,630,-603
106000460,312,24,288
106000461,31,2679,-2648
106000462,0,11,-11
106000463,1,24,-23
106000464,6,743,-737
106000465,151,5,146
106000466,3,970,-967
106000467,495,638,-143
106000468,65,254,-189
106000469,251,10,241
106000470,258,1115,-857
106000471,20,788,-768
106000472,47,13,34
106000473,16,39,-23
106000474,209,922,-713
106000475,102,167,-65
106000476,179,99,80
106000477,19,85,-66
106900001,0,13,-13
106900002,3,656,-653
106900003,192,725,-533
106900004,3,85,-82
106900006,0,21,-21
106900007,0,13,-13
106900008,83,317,-234
106900009,101,408,-307
106900010,83,358,-275
106900012,1850,888,962
106900013,187,29,158
106900014,8,0,8
106900015,18,0,18
106900016,37,0,37
106900017,4,0,4
106900018,4,0,4
106900019,14,2,12
106900020,2822,462,2360
106900021,34,40,-6
106900022,155,0,155
106900023,7,313,-306
106900024,174,10,164
106900025,54,657,-603
106900026,5,992,-987
106900027,163,2,161
107000001,1882,1463,419
107000002,2788,4501,-1713
107000003,3704,4655,-951
107000004,6181,7839,-1658
107000005,1508,2975,-1467
107000006,3508,9103,-5595
107000007,4779,4326,453
107000008,24268,14351,9917
107000009,4203,4113,90
107000010,11658,15453,-3795
107000011,1024,1887,-863
107000012,4618,4563,55
107000013,52,211,-159
107000014,10,375,-365
107000015,302,1105,-803
107000016,285,1497,-1212
107000017,2566,1024,1542
107000018,7,289,-282
107000020,1630,450,1180
107000021,821,1316,-495
107000022,661,1893,-1232
107000023,1058,387,671
107000024,324,2838,-2514
107000025,123,393,-270
107000026,116,892,-776
107000027,791,763,28
107000028,1254,1985,-731
107000029,1131,1230,-99
107000030,3507,3971,-464
107000031,1987,1655,332
107000032,294,798,-504
107000033,5249,4674,575
107000034,6664,2665,3999
107000035,377,162,215
107000036,353,906,-553
107000037,60,580,-520
107000038,279,305,-26
107000039,366,424,-58
107000040,106,367,-261
107000041,1276,583,693
107000042,723,1810,-1087
107000043,2858,776,2082
107000044,580,469,111
107000045,147,335,-188
107000046,368,296,72
107000047,278,1003,-725
107000048,469,364,105
107000049,318,807,-489
107000050,588,463,125
107000051,595,359,236
107000052,959,613,346
107000053,207,108,99
107000054,57,276,-219
107000055,84,81,3
107000056,428,930,-502
107000057,1753,219,1534
107000058,1506,1644,-138
107000059,1974,3019,-1045
107000060,2533,4521,-1988
107000061,5727,4664,1063
107000062,1699,2993,-1294
107000063,3279,7018,-3739
107000064,2014,1980,34
107000065,3202,7307,-4105
107000066,1220,1704,-484
107000067,531,972,-441
107000068,1367,585,782
107000069,360,353,7
107000070,214,10,204
107000071,871,19,852
107000072,26,4283,-4257
107000073,170,117,53
107000074,165,1184,-1019
107000075,576,120,456
107000076,737,2277,-1540
107000077,1286,327,959
107000078,1411,3873,-2462
107000079,1171,319,852
107000080,971,4161,-3190
107000081,613,373,240
107000082,438,3761,-3323
107000083,665,224,441
107000084,466,3689,-3223
107000085,2869,3266,-397
107000086,4095,3068,1027
107000087,1915,2042,-127
107000088,2534,3449,-915
107000089,1057,1763,-706
107000090,984,1348,-364
107000091,693,1093,-400
107000092,515,1547,-1032
107000093,625,865,-240
107000094,620,1791,-1171
107000095,344,527,-183
107000096,496,1093,-597
107000097,266,188,78
107000098,212,527,-315
107000099,252,248,4
107000100,258,347,-89
107000101,52,128,-76
107000102,312,363,-51
107000103,216,164,52
107000104,205,335,-130
107000105,174,122,52
107000106,130,364,-234
107000107,292,158,134
107000108,76,1102,-1026
107000109,293,124,169
107000110,48,641,-593
107000111,83,33,50
107000112,24,432,-408
107000113,236,79,157
107000114,53,736,-683
107000115,126,78,48
107000116,55,1207,-1152
107000117,51,164,-113
107000118,79,313,-234
107000119,1828,781,1047
107000120,2550,424,2126
107000121,290,621,-331
107000122,763,967,-204
107000123,184,1009,-825
107000124,299,914,-615
107000125,261,1033,-772
107000126,391,1453,-1062
107000127,17,364,-347
107000129,122,372,-250
107000130,111,223,-112
107000131,318,585,-267
107000132,345,290,55
107000133,515,195,320
107000134,128,1,127
107000135,0,268,-268
107000136,315,4,311
107000137,15,413,-398
107000138,276,20,256
107000139,12,390,-378
107000140,561,20,541
107000141,124,1057,-933
107000142,219,38,181
107000143,28,1052,-1024
107000144,267,161,106
107000145,139,626,-487
107000146,140,212,-72
107000147,3063,738,2325
107000150,1034,1275,-241
107000151,46,57,-11
107000152,500,330,170
107000153,335,290,45
107000154,130,66,64
107000155,577,9,568
107000156,541,16,525
107000157,24,3840,-3816
107000158,248,20,228
107000159,47,1790,-1743
107000160,306,52,254
107000161,79,2620,-2541
107000162,118,197,-79
107000163,15,1,14
107000164,97,3,94
107000165,186,9,177
107000166,56,1868,-1812
107000167,244,327,-83
107000168,474,241,233
107000169,899,1474,-575
107000170,699,514,185
107000171,673,3799,-3126
107000172,555,599,-44
107000173,983,1726,-743
107000174,979,1571,-592
107000175,15027,2053,12974
107000176,4,0,4
107000177,0,0,0
107000178,3,56,-53
107000179,177,3827,-3650
107000180,529,644,-115
107000181,162,1726,-1564
107000182,586,857,-271
107000183,93,1272,-1179
107000184,298,758,-460
107000185,176,1741,-1565
107000186,374,352,22
107000187,1079,1415,-336
107000188,416,376,40
107000189,258,1014,-756
107000190,298,683,-385
107000191,437,970,-533
107000192,859,968,-109
107000193,284,391,-107
107000194,788,899,-111
107000197,341,236,105
107000198,112,953,-841
107000199,642,940,-298
107000200,980,486,494
107000201,293,298,-5
107000202,172,459,-287
107000203,609,639,-30
107000204,731,679,52
107000205,2815,1386,1429
107000206,733,762,-29
107000207,724,1036,-312
107000208,1342,332,1010
107000209,2393,388,2005
107000210,1664,268,1396
107000211,25,19,6
107000212,8,176,-168
107000213,21,32,-11
107000214,22,94,-72
107000215,159,639,-480
107000216,110,527,-417
107000217,64,165,-101
107000219,39,159,-120
107000220,63,445,-382
107000222,300,920,-620
107000224,246,35,211
107000225,168,1057,-889
107000226,144,72,72
107000227,84,709,-625
107000228,93,167,-74
107000229,263,118,145
107000230,993,571,422
107000231,1018,296,722
107000232,52,79,-27
107000233,569,287,282
107000234,2,22,-20
107000235,20,2,18
107000236,10,411,-401
107000237,13,1,12
107000238,5,0,5
107000239,7336,394,6942
107000240,41,1473,-1432
107000241,82,18,64
107000242,737,73,664
107000243,0,56,-56
107000244,8,76,-68
107000246,7,1510,-1503
107000249,4,1027,-1023
107000251,2,486,-484
107000252,7,1863,-1856
107000255,788,79,709
107000257,4,901,-897
107000258,0,193,-193
107000259,1,335,-334
107000260,144,1,143
107000262,18,1189,-1171
107000263,73,1,72
107000266,5,4,1
107000267,66,257,-191
107000268,164,263,-99
107000269,168,30,138
107000270,0,7,-7
107000271,6,1464,-1458
107000272,9,388,-379
107000273,2,304,-302
107000274,677,306,371
107000275,36,883,-847
107000280,210,22,188
107000281,19,1508,-1489
107000282,18,2000,-1982
107000290,0,81,-81
107000291,5,9,-4
107000292,0,18,-18
107000293,84,12,72
107000294,0,40,-40
107000295,41,4,37
107000296,0,10,-10
107000444,110,3,107
107000496,0,40,-40
107000497,1135,4302,-3167
107000500,213,418,-205
107000501,33,182,-149
107000502,99,433,-334
107000505,486,942,-456
107000506,0,12,-12
107000508,2,967,-965
107000509,200,476,-276
107000510,12,18,-6
107000514,14,319,-305
107000515,11,449,-438
107000516,84,169,-85
107000518,286,305,-19
107000519,4187,1330,2857
107000520,41,8,33
107900001,15,303,-288
107900002,20,0,20
107900003,136,5,131
107900004,28,1,27
107900005,239,2,237
107900006,18,0,18
107900007,76,9,67
107900008,22,46,-24
107900009,87,1,86
107900010,7,0,7
107900012,97,4,93
107900013,182,66,116
107900014,5,0,5
107900015,262,1,261
107900016,421,137,284
107900017,11,5,6
107900018,20,25,-5
107900019,6,88,-82
107900020,65,17,48
107900021,7,195,-188
107900023,1,2,-1
107900024,0,43,-43
107900025,235,455,-220
107900026,13,131,-118
107900027,15,111,-96
107900028,18,101,-83
107900030,100,7,93
107900031,24,289,-265
107900032,4,1,3
107900033,23,4,19
107900034,110,6,104
107900035,347,4,343
107900036,12,0,12
107900037,1,52,-51
107900038,126,75,51
107900039,0,56,-56
107900040,24,70,-46
107900041,1,0,1
107900043,18,146,-128
107900044,10,3,7
107900045,29,11,18
107900046,71,23,48
107900047,5,146,-141
107900048,68,5,63
107900049,280,373,-93
107900050,85,431,-346
107900051,43,91,-48
107900052,21,12,9
107900053,8,113,-105
107900055,227,130,97
107900056,32,13,19
107900057,1,0,1
107900058,19,968,-949
107900060,14,33,-19
107900061,13,4,9
107900063,86,127,-41
107900064,193,28,165
107900065,109,41,68
107900066,3,5,-2
107900067,0,0,0
107900068,109,229,-120
107900069,32,352,-320
107900070,29,9,20
107900071,15,1173,-1158
107900072,31,275,-244
107900073,41,162,-121
107900074,1099,132,967
107900076,62,85,-23
107900077,24,2,22
107900078,148,17,131
107900079,7,11,-4
107900080,91,138,-47
107900081,7,59,-52
107900082,23,8,15
107900083,118,62,56
107900084,26,104,-78
107900086,13,71,-58
107900087,235,34,201
107900088,2,3,-1
107900089,284,1045,-761
107900090,423,581,-158
107900091,124,574,-450
107900092,2554,598,1956
107900093,55,89,-34
107900095,3497,1092,2405
107900097,19,37,-18
107900098,27,113,-86
107900100,1093,389,704
107900101,1270,136,1134
107900102,5,1,4
107900103,44,221,-177
107900104,144,3,141
107900105,1,849,-848
107900106,4,1952,-1948
107900107,1971,109,1862
107900108,313,72,241
107900109,254,4,250
107900110,3,129,-126
107900111,9,1996,-1987
107900112,99,175,-76
107900113,51,129,-78
107900114,62,282,-220
107900115,2,43,-41
107900116,36,272,-236
107900117,224,453,-229
107900118,39,163,-124
107900119,22,93,-71
107900120,10,4,6
107900121,1,261,-260
107900122,1,84,-83
107900123,1,19,-18
107900124,7,94,-87
107900125,19,184,-165
107900126,1,33,-32
107900127,709,87,622
107900128,81,29,52
107900129,4,42,-38
107900130,14,27,-13
107900131,156,27,129
107900132,84,485,-401
107900133,8,102,-94
107900134,7,13,-6
107900135,2,224,-222
107900136,68,37,31
107900137,97,58,39
107900138,16,28,-12
107900139,7,40,-33
107900140,93,69,24
107900141,61,12,49
107900142,78,1362,-1284
107900143,84,74,10
107900144,2,161,-159
107900145,20,130,-110
107900146,20,103,-83
107900147,8,16,-8
107900148,89,206,-117
107900149,2488,108,2380
107900150,73,863,-790
107900151,4,103,-99
107900152,19,441,-422
107900153,103,138,-35
107900154,11,5,6
107900155,12,31,-19
107900156,2,458,-456
107900157,40,65,-25
107900158,153,5,148
107900159,38,1363,-1325
107900160,10,237,-227
107900161,7,314,-307
107900162,0,301,-301
107900163,53,58,-5
107900164,2,16,-14
107900165,12,35,-23
107900166,10,345,-335
107900167,34,8,26
107900168,6,47,-41
107900169,1,243,-242
107900171,6,2230,-2224
107900172,0,472,-472
107900173,1,218,-217
107900174,29,6,23
107900175,4,2,2
107900176,2,44,-42
107900177,1,316,-315
107900178,0,385,-385
107900179,5,154,-149
107900180,1459,132,1327
107900181,271,430,-159
107900182,7,2232,-2225
107900183,12,457,-445
107900184,61,327,-266
107900185,23,1,22
107900186,5,31,-26
107900187,1,221,-220
107900188,1048,87,961
107900189,5,178,-173
107900190,181,24,157
107900191,36,179,-143
107900193,2,18,-16
107900194,73,1,72
107900195,5764,532,5232
107900196,35,113,-78
107900197,457,109,348
107900199,1,1546,-1545
107900201,35,138,-103
107900203,19,74,-55
107900204,297,191,106
107900205,146,562,-416
107900206,218,164,54
107900207,1,852,-851
107900208,9,1139,-1130
107900209,459,105,354
107900210,64,104,-40
107900213,257,359,-102
107900214,3,206,-203
107900215,164,353,-189
107900216,42,49,-7
107900217,13,52,-39
107900218,13,2275,-2262
107900219,8,184,-176
107900220,218,75,143
107900221,202,236,-34
107900223,57,679,-622
107900224,130,304,-174
107900225,1,1009,-1008
107900226,50,120,-70
107900227,62,643,-581
107900228,11,116,-105
107900229,6,255,-249
107900230,7,187,-180
107900231,5,235,-230
107900232,23,343,-320
107900233,4,163,-159
107900234,38,194,-156
107900235,46,118,-72
107900236,27,141,-114
107900237,109,436,-327
107900238,11,124,-113
107900239,1361,411,950
107900240,5,237,-232
107900241,6,112,-106
107900242,7,487,-480
107900243,1,31,-30
107900244,113,0,113
107900245,91,30,61
107900246,46,12,34
107900248,115,763,-648
107900249,221,17,204
107900250,2,738,-736
107900251,25,1561,-1536
107900252,217,4,213
107900253,26,1,25
107900254,41,121,-80
107900255,728,63,665
107900256,413,875,-462
107900257,51,55,-4
107900258,27,214,-187
107900259,118,414,-296
107900261,2,620,-618
107900262,25,161,-136
107900264,30,3,27
107900265,46,293,-247
107900267,32,20,12
107900268,91,6,85
107900269,0,18,-18
107900270,0,0,0
107900271,2,3,-1
107900272,163,5,158
107900273,14,100,-86
107900274,7,0,7
107900275,3,0,3
107900276,0,63,-63
107900277,0,319,-319
107900278,68,397,-329
107900279,199,79,120
107900280,2391,844,1547
107900281,4306,844,3462
107900282,42,102,-60
107900283,1748,283,1465
107900284,85,968,-883
107900285,40,139,-99
107900286,128,65,63
107900287,33,91,-58
107900290,0,52,-52
107900291,137,5,132
107900292,107,310,-203
107900293,22,566,-544
107900295,13,135,-122
107900297,2,284,-282
107900298,704,994,-290
107900299,4171,998,3173
107900300,25,195,-170
107900301,515,214,301
107900302,99,20,79
107900303,32,286,-254
107900304,75,572,-497
107900305,162,17,145
107900306,10,2,8
107900307,19,298,-279
107900308,149,14,135
107900309,3,0,3
107900310,0,0,0
107900311,88,60,28
107900312,1,0,1
107900313,0,78,-78
107900314,0,45,-45
107900315,1,52,-51
107900316,10,0,10
107900317,18,2,16
107900318,1,145,-144
107900319,2,330,-328
107900320,4,271,-267
107900321,43,4,39
107900322,2,314,-312
107900323,13,144,-131
107900324,93,2,91
107900325,24,0,24
107900326,72,467,-395
107900327,0,0,0
107900328,0,0,0
107900329,0,1,-1
107900330,6,696,-690
107900331,56,33,23
107900332,61,28,33
107900333,22,13,9
107900334,6,253,-247
107900335,30,83,-53
107900336,5,39,-34
107900337,1443,398,1045
107900338,2,152,-150
107900339,1,17,-16
107900340,1,68,-67
107900341,11,1,10
107900342,75,122,-47
107900343,14,1,13
107900344,3,123,-120
107900345,64,33,31
107900346,8,2,6
107900347,11,2,9
107900348,2,1,1
107900349,6,2,4
107900350,30,375,-345
108000001,2504,2176,328
108000002,2829,3626,-797
108000003,2595,1414,1181
108000004,17740,16877,863
108000005,3306,2216,1090
108000006,4984,6794,-1810
108000007,3806,2985,821
108000008,5034,6633,-1599
108000009,1799,2475,-676
108000010,2302,6111,-3809
108000011,8622,6407,2215
108000012,18581,17581,1000
108000014,538,429,109
108000015,291,315,-24
108000016,124,728,-604
108000017,402,409,-7
108000018,796,431,365
108000019,1078,526,552
108000020,668,351,317
108000021,372,1816,-1444
108000022,482,1609,-1127
108000023,695,92,603
108000024,121,832,-711
108000025,99,175,-76
108000026,174,705,-531
108000027,199,520,-321
108000028,111,314,-203
108000029,166,706,-540
108000030,234,187,47
108000031,132,809,-677
108000032,559,405,154
108000033,458,1475,-1017
108000034,743,396,347
108000035,840,2921,-2081
108000036,241,1685,-1444
108000037,750,215,535
108000038,1024,244,780
108000039,364,2780,-2416
108000040,794,412,382
108000041,618,3116,-2498
108000042,50,299,-249
108000043,80,301,-221
108000044,160,227,-67
108000045,107,928,-821
108000046,703,220,483
108000047,264,1346,-1082
108000048,84,520,-436
108000049,231,179,52
108000050,75,530,-455
108000051,103,49,54
108000052,253,753,-500
108000053,159,96,63
108000054,443,1094,-651
108000055,624,263,361
108000056,930,1133,-203
108000057,402,491,-89
108000058,1609,1477,132
108000059,3488,1658,1830
108000060,62,295,-233
108000061,154,371,-217
108000062,311,372,-61
108000063,232,863,-631
108000064,70,276,-206
108000065,278,766,-488
108000066,1173,584,589
108000067,710,271,439
108000068,420,273,147
108000069,146,1271,-1125
108000070,799,511,288
108000071,365,2174,-1809
108000072,746,719,27
108000073,1091,2199,-1108
108000074,208,246,-38
108000075,182,869,-687
108000076,399,370,29
108000077,536,946,-410
108000078,1085,916,169
108000079,1116,2446,-1330
108000080,538,446,92
108000081,491,3679,-3188
108000082,1004,1798,-794
108000083,1338,573,765
108000084,262,1334,-1072
108000085,176,200,-24
108000086,820,871,-51
108000087,151,954,-803
108000088,55,8,47
108000089,190,291,-101
108000090,144,146,-2
108000091,64,635,-571
108000092,54,99,-45
108000093,76,1041,-965
108000094,181,101,80
108000095,85,613,-528
108000096,105,130,-25
108000097,73,610,-537
108000098,478,1653,-1175
108000099,135,98,37
108000100,22,212,-190
108000101,656,761,-105
108000102,904,1412,-508
108000106,476,2,474
108000107,5,832,-827
108000108,254,30,224
108000109,4,924,-920
108000110,72,269,-197
108000111,102,742,-640
108000112,48,84,-36
108000113,443,389,54
108000115,465,369,96
108000117,736,256,480
108000118,108,85,23
108000119,672,507,165
108000120,91,335,-244
108000121,127,681,-554
108000122,170,256,-86
108000123,397,405,-8
108000124,175,712,-537
108000125,97,463,-366
108000126,53,910,-857
108000127,106,483,-377
108000128,159,1185,-1026
108000129,152,1887,-1735
108000130,103,416,-313
108000131,421,125,296
108000132,1361,1410,-49
108000133,389,293,96
108000134,647,1095,-448
108000135,355,242,113
108000136,922,1524,-602
108000137,140,427,-287
108000138,223,1417,-1194
108000139,72,469,-397
108000140,27,28,-1
108000141,3,208,-205
108000142,30,140,-110
108000143,15,27,-12
108000144,8,11,-3
108000145,25,27,-2
108000146,24,3,21
108000147,53,59,-6
108000148,38,5,33
108000149,7,42,-35
108000150,14,5,9
108000151,28,3,25
108000152,86,791,-705
108000153,92,94,-2
108000154,27,11,16
108000155,2,8,-6
108000156,319,80,239
108000157,67,315,-248
108000158,72,322,-250
108000159,646,107,539
108000160,5819,596,5223
108000161,6004,1067,4937
108000165,7,106,-99
108000172,0,100,-100
108000173,3273,809,2464
108000175,96,82,14
108000178,460,441,19
108000179,198,519,-321
108000181,20,32,-12
108000182,137,9,128
108000183,21,14,7
108000184,1262,945,317
108000185,46,921,-875
108000186,68,64,4
108000187,40,1043,-1003
108000188,168,323,-155
108000189,419,585,-166
108000190,22,114,-92
108000192,29,812,-783
108000193,729,33,696
108000194,18,2,16
108000195,4,1334,-1330
108000196,61,79,-18
108000198,178,394,-216
108000199,2,110,-108
108000200,155,941,-786
108000202,2,162,-160
108000203,37,1321,-1284
108000204,51,16,35
108000205,647,681,-34
108000339,1796,186,1610
108000364,184,168,16
108000365,43,431,-388
108000367,126,498,-372
108000368,10,49,-39
108000369,1957,89,1868
108000371,4,674,-670
108000372,169,1,168
108000373,78,217,-139
108000376,58,10,48
108000377,173,418,-245
108000378,8557,5966,2591
108000379,34,156,-122
108000381,18,10,8
108000382,40,1,39
108000383,0,90,-90
108900001,123,1347,-1224
108900002,295,53,242
108900003,369,1125,-756
108900004,15,96,-81
108900005,21,80,-59
108900006,356,126,230
108900007,69,164,-95
108900008,33,124,-91
108900009,18,113,-95
108900010,47,154,-107
108900011,138,340,-202
108900012,123,603,-480
108900013,23,245,-222
108900014,5,52,-47
108900015,1,35,-34
108900016,1,184,-183
108900017,137,262,-125
108900018,43,631,-588
108900019,60,1609,-1549
108900020,23,429,-406
108900021,48,375,-327
108900022,21,1,20
108900023,5,40,-35
108900024,3,171,-168
108900025,27,98,-71
108900026,11,99,-88
108900027,0,149,-149
108900028,24,549,-525
108900029,16,350,-334
108900030,0,157,-157
108900031,28,692,-664
108900032,3,299,-296
108900033,0,139,-139
108900034,1,283,-282
108900035,177,2286,-2109
108900036,160,412,-252
108900037,20,594,-574
108900038,1,461,-460
108900039,4,678,-674
108900040,10,161,-151
108900041,6565,1619,4946
108900042,3,252,-249
108900043,30,504,-474
108900044,0,980,-980
108900045,23,966,-943
108900046,76,1296,-1220
108900047,0,40,-40
108900048,44,1162,-1118
108900049,6330,620,5710
108900050,0,398,-398
108900051,1,256,-255
108900052,8,388,-380
108900053,80,118,-38
108900054,18,266,-248
108900055,48,584,-536
108900056,2,204,-202
108900057,4,253,-249
108900058,5,650,-645
108900059,144,14,130
108900060,40,85,-45
108900061,38,15,23
108900062,1,447,-446
108900063,1,605,-604
108900064,39,78,-39
108900065,4,370,-366
108900066,93,113,-20
108900067,41,295,-254
108900068,0,187,-187
108900069,16,159,-143
108900070,24,186,-162
108900071,31,41,-10
108900072,2852,228,2624
108900073,2,110,-108
108900074,30,581,-551
108900075,76,95,-19
108900076,90,49,41
108900077,95,132,-37
108900078,10,345,-335
108900079,899,287,612
108900080,35,290,-255
108900081,44,296,-252
108900082,14,119,-105
108900083,5,115,-110
108900084,345,101,244
108900085,2201,143,2058
108900086,28,407,-379
108900087,115,230,-115
108900088,442,214,228
108900089,11,48,-37
108900090,9,627,-618
108900091,154,129,25
108900092,127,203,-76
108900093,56,33,23
108900094,128,56,72
108900095,79,782,-703
108900096,505,28,477
108900097,114,259,-145
108900098,3925,282,3643
108900099,245,433,-188
108900100,38,95,-57
108900101,81,43,38
108900102,166,287,-121
108900103,19,35,-16
108900104,199,295,-96
108900105,4,277,-273
108900106,150,611,-461
108900108,111,19,92
108900109,6,19,-13
108900110,61,559,-498
108900111,151,932,-781
108900112,55,12,43
108900113,15,20,-5
108900114,0,1,-1
108900115,35,33,2
108900116,25,15,10
108900117,44,21,23
108900118,116,1,115
108900119,41,29,12
108900120,19,152,-133
108900121,91,22,69
108900122,25,34,-9
108900123,23,14,9
108900124,179,64,115
108900125,71,2,69
108900126,20,4,16
108900127,51,18,33
108900128,22,7,15
108900129,352,49,303
108900130,56,1,55
108900131,80,1,79
108900132,149,128,21
108900133,77,32,45
108900134,92,192,-100
108900135,38,4,34
108900136,10,0,10
108900137,16,0,16
108900138,154,11,143
108900139,313,57,256
108900140,31,232,-201
108900141,42,7,35
108900142,29,1,28
108900143,14,0,14
108900144,14,0,14
108900145,47,2,45
108900146,13,0,13
108900147,42,0,42
108900148,46,55,-9
108900149,422,332,90
108900150,104,5,99
108900151,53,6,47
108900152,15,44,-29
108900153,45,602,-557
108900154,2148,204,1944
108900155,70,79,-9
108900156,19,4,15
108900157,13,735,-722
108900158,85,22,63
108900159,4,406,-402
108900160,6,289,-283
108900161,6,720,-714
108900162,15,0,15
108900163,1,89,-88
108900164,21,79,-58
108900165,167,63,104
108900167,1880,1372,508
108900168,12070,1419,10651
108900169,5,90,-85
108900171,10350,1201,9149
108900172,69,21,48
108900173,201,365,-164
108900174,147,317,-170
108900176,70,686,-616
108900177,10326,1451,8875
108900178,6106,1068,5038
108900179,324,541,-217
108900180,45,98,-53
108900182,24,125,-101
108900183,158,218,-60
108900184,163,170,-7
108900185,44,302,-258
108900186,49,394,-345
108900187,96,30,66
108900188,110,32,78
108900189,161,133,28
108900190,36,3547,-3511
108900191,134,15,119
108900192,63,344,-281
108900193,139,30,109
108900194,16,388,-372
108900195,35,462,-427
108900196,8,726,-718
108900198,5,724,-719
108900199,75,355,-280
108900200,170,362,-192
108900201,210,1040,-830
108900203,181,3,178
108900204,145,2,143
108900205,123,9,114
108900206,120,6,114
108900207,82,12,70
108900208,26,358,-332
108900209,195,716,-521
108900210,97,181,-84
108900211,119,140,-21
108900212,620,485,135
108900215,79,746,-667
108900216,254,78,176
108900217,30,1,29
108900218,41,4,37
108900219,19,2,17
108900220,27,3,24
108900221,16,45,-29
108900222,56,5,51
108900223,8,47,-39
108900224,23,74,-51
108900225,0,177,-177
108900226,118,5,113
108900227,21,52,-31
108900230,417,320,97
108900231,46,295,-249
108900232,0,494,-494
108900233,137,20,117
108900234,139,44,95
108900235,143,674,-531
108900236,29,416,-387
108900237,23,324,-301
108900240,41,71,-30
108900241,11,11,0
108900245,1,513,-512
108900249,71,6,65
108900250,88,99,-11
108900257,52,895,-843
108900258,15,313,-298
108900259,18,76,-58
108900260,3,167,-164
108900261,138,176,-38
108900262,372,117,255
108900263,49,449,-400
108900264,316,304,12
108900265,1795,186,1609
108900266,1206,157,1049
108900267,3,45,-42
108900268,1,0,1
108900269,21,3,18
108900270,21,0,21
108900271,4,1,3
108900272,66,4,62
108900273,1075,281,794
108900274,11,42,-31
109000001,2422,765,1657
109000002,3449,1487,1962
109000003,1396,511,885
109000004,382,3182,-2800
109000005,1016,629,387
109000006,520,2488,-1968
109000007,735,529,206
109000008,322,2318,-1996
109000009,2546,717,1829
109000010,1288,4147,-2859
109000011,1362,1406,-44
109000012,1423,4386,-2963
109000013,2150,1417,733
109000014,1588,4771,-3183
109000015,2420,2883,-463
109000016,11030,5068,5962
109000017,1246,908,338
109000018,695,3844,-3149
109000019,1422,806,616
109000020,1020,2637,-1617
109000023,191,13,178
109000024,4,158,-154
109000025,303,198,105
109000026,633,259,374
109000027,76,192,-116
109000028,60,130,-70
109000029,188,109,79
109000030,113,511,-398
109000031,98,78,20
109000032,53,475,-422
109000033,172,96,76
109000034,35,20,15
109000035,18,29,-11
109000036,98,350,-252
109000037,192,553,-361
109000038,663,324,339
109000039,501,279,222
109000040,5799,2453,3346
109000041,5894,946,4948
109000042,1019,1017,2
109000044,149,53,96
109000045,70,581,-511
109000046,135,64,71
109000047,36,540,-504
109000048,519,83,436
109000049,197,626,-429
109000050,218,159,59
109000051,268,373,-105
109000052,350,2031,-1681
109000053,95,143,-48
109000054,176,941,-765
109000055,70,207,-137
109000056,159,790,-631
109000057,216,209,7
109000058,993,314,679
109000059,459,1269,-810
109000060,404,136,268
109000061,1904,431,1473
109000062,160,167,-7
109000063,166,268,-102
109000064,56,163,-107
109000065,47,504,-457
109000066,163,155,8
109000067,38,611,-573
109000068,146,2,144
109000069,459,14,445
109000070,8,909,-901
109000071,273,59,214
109000072,56,374,-318
109000073,21,81,-60
109000074,16,317,-301
109000075,64,515,-451
109000076,34,125,-91
109000077,293,354,-61
109000078,20,159,-139
109000079,106,309,-203
109000080,43,153,-110
109000081,25,613,-588
109000082,129,330,-201
109000083,97,1038,-941
109000088,68,425,-357
109000089,121,39,82
109000090,155,531,-376
109000091,166,54,112
109000092,387,841,-454
109000093,162,77,85
109000094,153,1,152
109000095,56,947,-891
109000096,226,90,136
109000097,68,97,-29
109000098,32,38,-6
109000099,515,339,176
109000100,132,680,-548
109000101,549,886,-337
109000102,254,1152,-898
109000103,172,730,-558
109000104,626,578,48
109000105,271,2092,-1821
109000106,1087,587,500
109000107,391,2430,-2039
109000108,704,454,250
109000109,405,2285,-1880
109000110,865,385,480
109000111,1014,2846,-1832
109000112,316,169,147
109000113,112,225,-113
109000114,81,477,-396
109000115,887,36,851
109000116,2,240,-238
109000117,57,104,-47
109000118,1,372,-371
109000119,324,336,-12
109000120,55,1480,-1425
109000121,131,60,71
109000122,80,1570,-1490
109000123,13,102,-89
109000124,289,473,-184
109000125,446,405,41
109000126,201,1344,-1143
109000127,362,174,188
109000128,330,3118,-2788
109000129,1000,293,707
109000130,505,3343,-2838
109000131,388,197,191
109000132,561,1931,-1370
109000133,263,1076,-813
109000134,488,1627,-1139
109000135,714,1269,-555
109000136,170,491,-321
109000137,89,302,-213
109000138,251,591,-340
109000139,155,379,-224
109000140,68,581,-513
109000141,165,488,-323
109000142,76,610,-534
109000143,41,48,-7
109000145,73,105,-32
109000146,40,118,-78
109000148,5180,1019,4161
109000149,27,18,9
109000150,51,144,-93
109000155,216,443,-227
109000156,982,1149,-167
109000158,63,253,-190
109000159,38,781,-743
109000160,440,396,44
109000161,190,1933,-1743
109000162,1027,1159,-132
109000163,534,2055,-1521
109000164,608,2525,-1917
109000165,616,869,-253
109000166,256,145,111
109000167,70,975,-905
109000170,28,49,-21
109000171,30,46,-16
109000172,40,48,-8
109000173,7,37,-30
109000174,44,76,-32
109000175,33,118,-85
109000176,92,397,-305
109000177,10,171,-161
109000178,151,75,76
109000179,9252,2320,6932
109000180,6163,3417,2746
109000181,7,45,-38
109000182,12,75,-63
109000183,17,85,-68
109000184,16,28,-12
109000185,11,131,-120
109000188,810,3308,-2498
109000189,1979,1052,927
109000190,299,574,-275
109000191,199,815,-616
109000192,113,334,-221
109000193,53,509,-456
109000194,53,170,-117
109000195,41,540,-499
109000196,173,101,72
109000197,90,630,-540
109000198,89,44,45
109000199,65,527,-462
109000206,91,34,57
109000207,32,46,-14
109000208,76,42,34
109000209,109,76,33
109000210,176,604,-428
109000211,166,542,-376
109000214,196,775,-579
109000215,58,47,11
109000216,68,97,-29
109000217,148,76,72
109000218,110,113,-3
109000221,195,1240,-1045
109000222,344,73,271
109000223,142,215,-73
109000224,21,413,-392
109000225,37,55,-18
109000226,21,314,-293
109000227,515,1879,-1364
109000228,2,341,-339
109000231,4,522,-518
109000232,109,604,-495
109000236,178,913,-735
109000241,812,1809,-997
109000242,605,1431,-826
109000293,7,23,-16
109000361,47,221,-174
109000364,251,751,-500
109000396,5,1118,-1113
109000397,139,8,131
109000399,102,616,-514
109000400,39,338,-299
109000403,52,213,-161
109000406,101,7,94
109000407,154,340,-186
109000408,2,729,-727
109000410,445,167,278
109000411,22,25,-3
109900001,47,30,17
109900002,250,11,239
109900003,29,0,29
109900004,657,248,409
109900005,10,3,7
109900006,142,199,-57
109900007,206,1125,-919
109900008,0,35,-35
109900009,59,1226,-1167
109900010,178,6,172
109900011,30,10,20
109900012,225,150,75
109900013,185,75,110
109900014,68,48,20
109900015,199,70,129
109900016,66,57,9
109900017,27,45,-18
109900018,154,137,17
109900019,84,80,4
109900020,4,14,-10
109900021,5,6,-1
109900022,43,384,-341
109900023,8,2,6
109900024,6,2,4
109900025,3,82,-79
109900026,6,207,-201
109900027,25,12,13
109900028,2985,321,2664
109900029,8,697,-689
109900030,5,21,-16
109900031,0,119,-119
109900032,5,335,-330
109900033,1,547,-546
109900034,6,0,6
109900035,10,16,-6
109900036,6,68,-62
109900037,13,585,-572
109900038,17,270,-253
109900039,1,0,1
109900040,17,977,-960
109900041,42,583,-541
109900042,16,639,-623
109900044,66,374,-308
109900045,46,30,16
109900046,18,55,-37
109900047,289,357,-68
109900048,12,80,-68
109900049,4,30,-26
109900050,0,331,-331
109900051,0,55,-55
109900052,18,302,-284
109900053,2,575,-573
109900054,272,81,191
109900055,27,294,-267
109900056,31,58,-27
109900057,2,302,-300
109900058,3,129,-126
109900059,175,66,109
109900060,151,145,6
109900061,104,387,-283
109900062,1,274,-273
109900063,2,292,-290
109900064,92,183,-91
109900065,94,161,-67
109900066,244,1121,-877
109900067,2,470,-468
109900068,12,1,11
109900069,2,23,-21
109900070,56,335,-279
109900071,0,52,-52
109900072,8,157,-149
109900073,76,911,-835
109900074,9,79,-70
109900075,5,19,-14
109900076,14,331,-317
109900077,12,90,-78
109900078,93,275,-182
109900080,115,407,-292
109900081,15,75,-60
109900082,40,576,-536
109900083,6,51,-45
109900084,11,125,-114
109900085,115,1478,-1363
109900086,110,152,-42
109900087,129,357,-228
109900089,141,51,90
109900090,385,1038,-653
109900091,94,65,29
109900092,243,7,236
109900093,201,86,115
109900094,16,103,-87
109900095,139,217,-78
109900096,4,0,4
109900097,31,0,31
109900098,127,28,99
109900099,26,0,26
109900100,15,1,14
109900101,111,4,107
109900102,168,19,149
109900103,3,34,-31
109900104,143,1482,-1339
109900105,177,10,167
109900106,87,46,41
109900107,95,55,40
109900108,48,816,-768
109900109,28,490,-462
109900110,33,560,-527
109900111,187,1184,-997
109900112,269,1181,-912
109900113,268,204,64
109900114,840,157,683
109900115,47,62,-15
109900117,327,108,219
109900118,200,518,-318
109900119,513,327,186
109900120,22,6,16
109900121,209,99,110
109900122,139,4,135
109900123,5,215,-210
109900124,29,1029,-1000
109900125,3,282,-279
109900126,37,177,-140
109900128,40,39,1
109900130,13584,965,12619
109900131,59,157,-98
109900132,41,232,-191
109900133,20,507,-487
109900134,51,39,12
109900135,463,42,421
109900136,29,173,-144
109900137,20,467,-447
109900138,130,412,-282
109900140,89,398,-309
109900142,344,248,96
109900145,2,78,-76
109900146,319,32,287
109900148,19,79,-60
109900149,30,41,-11
109900150,6,58,-52
109900151,7,54,-47
109900152,0,27,-27
109900153,0,28,-28
109900154,5,0,5
109900155,15,3,12
109900157,19,295,-276
109900158,31,94,-63
109900159,75,10,65
109900160,28,37,-9
109900161,90,60,30
109900162,53,57,-4
109900163,903,236,667
109900164,43,238,-195
109900165,113,6,107
109900166,1,263,-262
109900167,84,848,-764
109900168,108,785,-677
109900169,86,144,-58
109900170,194,328,-134
109900171,35,62,-27
109900172,67,138,-71
109900173,5422,800,4622
109900174,18,151,-133
109900175,33,60,-27
109900176,74,273,-199
109900177,29,379,-350
109900178,0,103,-103
109900179,5,28,-23
109900180,1,4,-3
110000001,577,509,68
110000002,379,517,-138
110000003,924,649,275
110000004,446,530,-84
110000005,753,1028,-275
110000006,641,322,319
110000007,138,227,-89
110000008,14,54,-40
110000009,21,54,-33
110000010,10,83,-73
110000011,11,117,-106
110000012,624,493,131
110000013,12,324,-312
110000014,673,382,291
110000015,517,546,-29
110000016,276,807,-531
110000017,5483,272,5211
110000018,4288,652,3636
110000019,9,287,-278
110000020,607,244,363
110000021,415,465,-50
110000022,650,158,492
110000023,10,304,-294
110000024,603,416,187
110000025,108,3,105
110000026,11,918,-907
110000027,461,318,143
110000028,532,955,-423
110000029,309,1023,-714
110000030,138,313,-175
110000031,130,706,-576
110000032,431,558,-127
110000033,115,118,-3
110000034,202,1377,-1175
110000035,271,1257,-986
110000036,372,1581,-1209
110000037,102,984,-882
110000038,155,941,-786
110000039,495,1302,-807
110000040,378,699,-321
110000041,109,553,-444
110000042,72,466,-394
110000043,312,101,211
110000044,65,89,-24
110000045,174,48,126
110000046,3,14,-11
110000047,5,10,-5
110000048,1,11,-10
110000049,8,2,6
110000050,4,13,-9
110000051,12,5,7
110000052,20,33,-13
110000053,20,5,15
110000054,231,245,-14
110000055,299,34,265
110000056,116,32,84
110000057,220,794,-574
110000058,558,820,-262
110000059,541,625,-84
110000060,331,951,-620
110000061,1023,958,65
110000062,650,856,-206
110000063,16,81,-65
110000064,79,142,-63
110000065,25,123,-98
110000066,24,75,-51
110000067,68,421,-353
110000068,61,597,-536
110000069,62,222,-160
110000071,22,247,-225
110000073,5,28,-23
110000075,7,151,-144
110000076,204,183,21
110000077,458,436,22
110000078,7,93,-86
110000080,193,757,-564
110000081,8,272,-264
110000082,32,228,-196
110000083,225,703,-478
110000084,468,446,22
110000085,4097,1498,2599
110000086,2129,604,1525
110000087,6,60,-54
110000088,19,254,-235
110000089,135,180,-45
110000090,44,285,-241
110000091,2086,372,1714
110000092,28,131,-103
110000093,46,5,41
110000094,384,314,70
110000095,111,457,-346
110000096,4640,1924,2716
110000097,908,765,143
110000098,1248,401,847
110000099,977,1739,-762
110000100,191,1179,-988
110000101,7,868,-861
110000102,27,38,-11
110000104,78,73,5
110000105,44,354,-310
110000106,214,151,63
110000107,365,517,-152
110000108,145,20,125
110000109,364,300,64
110000110,6685,3163,3522
110000111,11512,1711,9801
110000112,1720,261,1459
110000113,1271,649,622
110000114,107,268,-161
110000115,155,313,-158
110000116,30,32,-2
110000117,114,744,-630
110000118,193,324,-131
110000119,132,506,-374
110000120,219,226,-7
110000121,74,294,-220
110000122,218,706,-488
110000123,206,443,-237
110000124,1,1247,-1246
110000125,630,7,623
110000126,157,23,134
110000127,359,40,319
110000128,20,2230,-2210
110000129,6,641,-635
110000130,72,101,-29
110000131,82,387,-305
110000132,2,992,-990
110000133,48,284,-236
110000134,29,400,-371
110000135,117,58,59
110000136,30,365,-335
110000137,279,913,-634
110000138,316,1219,-903
110000139,512,2203,-1691
110000140,540,258,282
110000143,887,368,519
110000144,5247,878,4369
110000145,1439,805,634
110000146,3222,1086,2136
110000147,181,652,-471
110000148,288,466,-178
110000151,1208,589,619
110000152,1142,287,855
110000153,31,81,-50
110000154,45,10,35
110000155,2417,1585,832
110000156,810,1069,-259
110000157,1968,1462,506
110000160,270,457,-187
110000161,134,700,-566
110000166,184,113,71
110000167,482,433,49
110000168,570,225,345
110000169,193,313,-120
110000170,81,111,-30
110000171,465,213,252
110000172,108,1087,-979
110000173,1069,1567,-498
110000174,78,1732,-1654
110000175,283,150,133
110000176,56,304,-248
110000177,132,794,-662
110000178,550,602,-52
110000179,1388,327,1061
110000180,67,380,-313
110000181,154,470,-316
110000182,333,372,-39
110000183,14247,3973,10274
110000184,672,1612,-940
110000185,768,645,123
110000186,575,527,48
110000191,202,412,-210
110000192,192,1,191
110000193,178,4,174
110000194,11,1583,-1572
110000195,108,535,-427
110000196,126,711,-585
110000197,26,301,-275
110000198,71,82,-11
110000199,36,101,-65
110000200,1657,888,769
110000201,615,392,223
110000202,614,336,278
110000203,631,972,-341
110000204,1,387,-386
110000205,32,82,-50
110000206,564,2114,-1550
110000207,315,282,33
110000208,59,70,-11
110000209,82,804,-722
110000210,287,719,-432
110000211,324,758,-434
110000212,159,939,-780
110000213,34,106,-72
110000214,64,168,-104
110000215,45,870,-825
110000216,18,927,-909
110000217,116,319,-203
110000218,82,654,-572
110000219,98,80,18
110000220,11,634,-623
110000221,142,146,-4
110000222,26,416,-390
110000223,8,60,-52
110000224,124,14,110
110000225,127,515,-388
110000226,101,45,56
110000227,426,382,44
110000228,177,353,-176
110000229,1,331,-330
110000230,330,511,-181
110000231,89,236,-147
110000232,80,203,-123
110000233,79,335,-256
110000234,396,463,-67
110000235,821,1159,-338
110000236,213,1056,-843
110000237,903,990,-87
110000238,823,1353,-530
110000239,851,1380,-529
110000240,0,145,-145
110000242,0,11,-11
110000243,29,225,-196
110000244,144,355,-211
110000245,18,438,-420
110000246,488,851,-363
110000247,3486,4399,-913
110000248,4707,1476,3231
110000249,90,11,79
110000250,1,259,-258
110000251,66,554,-488
110000252,216,379,-163
110000253,881,343,538
110000254,1192,1747,-555
110000255,261,1504,-1243
110000256,356,229,127
110000257,980,434,546
110000258,3,569,-566
110000259,44,32,12
110000260,9,616,-607
110000263,1025,80,945
110000264,167,764,-597
110000265,1029,1936,-907
110000266,2489,2601,-112
110000267,8,243,-235
110000268,259,602,-343
110000269,0,132,-132
110000270,29,5,24
110000271,2534,328,2206
110000272,612,910,-298
110000273,2938,1286,1652
110000274,251,1276,-1025
110000275,3481,448,3033
110000276,104,340,-236
110000277,131,359,-228
110000278,214,982,-768
110000279,626,678,-52
110000280,174,559,-385
110000281,8,230,-222
110000282,183,47,136
110000283,26,90,-64
110000284,34,37,-3
110000285,3,217,-214
110000286,24,0,24
110000287,35,1,34
110000288,3,114,-111
110000289,374,1211,-837
110000290,1519,582,937
110000291,6961,1521,5440
110000292,1187,6039,-4852
110000293,256,1200,-944
110000294,415,1310,-895
110000295,118,1149,-1031
110000296,171,392,-221
110000297,4186,309,3877
110000298,422,508,-86
110000299,1521,29,1492
110000301,317,12,305
110000302,111,1535,-1424
110000303,233,5,228
110000304,93,287,-194
110000305,446,15,431
110000306,76,2732,-2656
110000307,558,1,557
110000308,308,42,266
110000309,12,1975,-1963
110000310,413,77,336
110000311,22,1292,-1270
110000312,1034,53,981
110000313,6940,1511,5429
110000314,3,291,-288
110000315,3234,1458,1776
110000316,476,1054,-578
110000317,502,317,185
110000318,4,106,-102
110000319,7,34,-27
110000320,45,63,-18
110000321,4,73,-69
110000322,117,706,-589
110000323,290,385,-95
110000324,5699,1220,4479
110000325,2254,2771,-517
110000327,615,223,392
110000328,182,604,-422
110000333,1006,720,286
110000334,635,1592,-957
110000335,1205,688,517
110000336,319,1473,-1154
110000337,582,581,1
110000338,101,335,-234
110000339,83,272,-189
110000340,23,222,-199
110000341,194,673,-479
110000342,380,3,377
110000343,0,17,-17
110000344,15,194,-179
110000345,58,99,-41
110000346,2544,1809,735
110000347,1137,1057,80
110000348,2,28,-26
110000349,5,45,-40
110000350,27,2,25
110000351,426,1076,-650
110000352,307,1584,-1277
110000353,3317,1158,2159
110000354,722,1587,-865
110000355,40,109,-69
110000356,288,2,286
110000357,295,7,288
110000361,9,113,-104
110000362,43,236,-193
110000363,130,152,-22
110000364,70,366,-296
110000365,141,5,136
110000366,0,71,-71
110000367,199,364,-165
110000368,0,77,-77
110000369,41,1,40
110000373,7,336,-329
110000374,31,5,26
110000375,101,813,-712
110000376,27,121,-94
110000377,39,172,-133
110000378,30,341,-311
110000379,4479,888,3591
110000380,31,34,-3
110000383,0,534,-534
110000384,2267,299,1968
110000385,3,267,-264
110000387,38,16,22
110000388,5,289,-284
110000389,229,4,225
110000391,254,537,-283
110000396,26,158,-132
110000397,28,302,-274
110000398,0,58,-58
110000399,111,1,110
110000587,21,59,-38
110000589,119,224,-105
110000640,152,194,-42
110000652,18,150,-132
110000653,82,538,-456
110000654,2,21,-19
110000656,1,843,-842
110000674,16,8,8
110000675,81,8,73
110000676,22,45,-23
110000679,825,342,483
110000682,57,95,-38
110000683,329,734,-405
110000684,2,64,-62
110000685,2,19,-17
110000686,3,16,-13
110000687,12,2,10
110000688,42,328,-286
110000689,16,166,-150
110000692,58,348,-290
110000693,76,396,-320
110000694,1,80,-79
110000695,95,786,-691
110000696,123,176,-53
110900001,44,10,34
110900002,103,298,-195
110900003,140,1362,-1222
110900004,97,405,-308
110900005,5573,1072,4501
110900006,33,1,32
110900007,43,10,33
110900008,6,23,-17
110900009,184,24,160
110900010,1,68,-67
110900011,11,81,-70
110900012,7,118,-111
110900013,427,212,215
110900014,58,11,47
110900015,897,222,675
110900016,3,200,-197
110900017,134,61,73
110900018,372,41,331
110900019,40,27,13
110900020,22,738,-716
110900021,63,877,-814
110900022,83,591,-508
110900023,63,591,-528
110900024,23,688,-665
110900025,6,76,-70
110900027,21,301,-280
110900028,26,232,-206
110900029,84,661,-577
110900030,14,432,-418
110900031,1,242,-241
110900032,2,141,-139
110900033,70,343,-273
110900035,34,515,-481
110900036,30,16,14
110900037,25,16,9
110900038,1477,176,1301
110900039,13,244,-231
110900040,99,22,77
110900041,1,192,-191
110900042,29,50,-21
110900043,4,208,-204
110900044,196,20,176
110900045,22,902,-880
110900046,112,412,-300
110900047,877,81,796
110900049,62,24,38
110900050,2,2,0
110900051,27,228,-201
110900052,1,292,-291
110900053,43,76,-33
110900054,26,446,-420
110900055,11,1,10
110900056,65,128,-63
110900057,5,312,-307
110900058,64,345,-281
110900059,450,1040,-590
110900060,239,64,175
110900061,29,36,-7
110900062,18,459,-441
110900063,16,68,-52
110900064,2,0,2
110900065,434,102,332
110900066,5,98,-93
110900067,712,326,386
110900068,182,288,-106
110900069,1,23,-22
110900070,121,59,62
110900071,239,330,-91
110900073,1,22,-21
110900074,170,58,112
110900075,129,63,66
110900077,175,412,-237
110900078,7,155,-148
110900079,2130,354,1776
110900080,15,39,-24
110900081,3,132,-129
110900082,28,226,-198
110900083,70,40,30
110900084,9,281,-272
110900085,27,384,-357
110900086,66,107,-41
110900087,113,69,44
110900088,2,0,2
110900090,15,15,0
110900091,0,100,-100
110900093,213,63,150
110900095,35,62,-27
110900097,2,34,-32
110900098,12,94,-82
110900099,69,625,-556
110900100,0,41,-41
110900102,10,12,-2
110900105,926,381,545
110900108,1,114,-113
110900111,265,35,230
110900112,292,7,285
110900113,656,14,642
110900115,7,83,-76
110900116,223,3139,-2916
110900118,177,814,-637
110900119,7390,243,7147
110900120,3,181,-178
110900121,66,0,66
110900122,141,157,-16
110900125,126,217,-91
110900127,625,498,127
110900128,155,123,32
110900129,250,203,47
110900130,1153,210,943
110900131,67,49,18
110900132,137,33,104
110900133,38,437,-399
110900135,113,597,-484
110900136,114,3,111
110900137,137,0,137
110900138,232,408,-176
110900139,0,26,-26
110900140,17,5,12
110900141,0,57,-57
110900142,31,269,-238
110900143,87,86,1
110900144,8,797,-789
110900145,53,4,49
110900146,245,31,214
110900147,214,180,34
110900148,1,306,-305
110900149,0,73,-73
110900150,32,11,21
110900151,0,70,-70
110900152,7,326,-319
110900153,47,14,33
111000001,162,134,28
111000002,329,620,-291
111000003,295,389,-94
111000004,371,1201,-830
111000005,646,448,198
111000006,678,1320,-642
111000007,4155,1185,2970
111000008,3622,3625,-3
111000009,276,1006,-730
111000010,424,309,115
111000011,495,722,-227
111000012,674,321,353
111000013,332,1270,-938
111000014,834,527,307
111000017,128,370,-242
111000018,165,354,-189
111000020,3131,2117,1014
111000021,140,187,-47
111000023,102,233,-131
111000025,7972,1816,6156
111000029,42,81,-39
111000030,52,68,-16
111000031,2412,619,1793
111000032,487,264,223
111000033,280,101,179
111000034,433,141,292
111000037,3177,1241,1936
111000038,2653,2628,25
111000039,1392,2522,-1130
111000040,1453,2725,-1272
111000041,1630,1484,146
111000042,7976,3033,4943
111000043,1739,1249,490
111000044,867,385,482
111000045,1020,1345,-325
111000046,897,1044,-147
111000047,1214,1725,-511
111000049,253,545,-292
111000050,1706,1821,-115
111000051,354,1185,-831
111000052,608,1554,-946
111000053,459,1038,-579
111000054,311,1027,-716
111000055,1182,2366,-1184
111000056,62,943,-881
111000057,58,1173,-1115
111000058,88,113,-25
111000059,192,312,-120
111000060,2086,642,1444
111000061,763,386,377
111000062,508,221,287
111000063,1795,814,981
111000064,268,529,-261
111000065,607,737,-130
111000066,214,247,-33
111000067,272,768,-496
111000068,235,733,-498
111000069,1600,2023,-423
111000070,2617,1508,1109
111000071,108,721,-613
111000072,260,170,90
111000073,59,312,-253
111000074,1162,1169,-7
111000075,367,717,-350
111000076,206,891,-685
111000077,835,1225,-390
111000078,1437,1095,342
111000079,1412,815,597
111000080,287,768,-481
111000081,2366,3014,-648
111000082,440,790,-350
111000084,614,535,79
111000085,829,1934,-1105
111000086,3587,1647,1940
111000087,796,1134,-338
111000088,7367,1805,5562
111000089,415,1076,-661
111000090,1103,1571,-468
111000091,479,1013,-534
111000092,708,1554,-846
111000093,528,825,-297
111000094,1666,854,812
111000095,794,1512,-718
111000096,3486,5197,-1711
111000097,6851,1183,5668
111000098,273,1659,-1386
111000099,269,3049,-2780
111000100,200,2858,-2658
111000101,366,1173,-807
111000102,68,1173,-1105
111000104,145,206,-61
111000107,41,1033,-992
111000109,140,204,-64
111000110,423,461,-38
111000111,582,380,202
111000112,799,269,530
111000113,347,257,90
111000114,794,727,67
111000115,8982,738,8244
111000116,1054,735,319
111000117,604,698,-94
111000118,1853,980,873
111000119,650,2053,-1403
111000120,283,586,-303
111000121,134,478,-344
111000122,325,1192,-867
111000123,496,4048,-3552
111000124,382,4583,-4201
111000125,122,2643,-2521
111000126,66,1263,-1197
111000127,356,134,222
111000128,535,244,291
111000129,1076,302,774
111000130,616,793,-177
111000131,498,707,-209
111000132,404,353,51
111000133,63,172,-109
111000134,88,130,-42
111000135,16,143,-127
111000136,142,305,-163
111000138,0,9,-9
111000140,1,9,-8
111000141,83,297,-214
111000142,15,143,-128
111000143,0,102,-102
111000144,1,129,-128
111000145,72,7,65
111000146,22,2,20
111000147,112,8,104
111000148,98,147,-49
111000149,4,26,-22
111000150,8,12,-4
111000151,1,18,-17
111000153,523,539,-16
111000154,753,214,539
111000155,67,236,-169
111000156,385,184,201
111000157,106,345,-239
111000158,755,412,343
111000159,2994,646,2348
111000160,142,540,-398
111000161,4,268,-264
111000162,3,174,-171
111000163,248,810,-562
111000164,825,1806,-981
111000165,1382,473,909
111000166,1331,353,978
111000167,177,622,-445
111000168,226,479,-253
111000169,252,400,-148
111000170,531,367,164
111000171,425,1129,-704
111000172,56,671,-615
111000173,144,1347,-1203
111000174,80,811,-731
111000175,29,312,-283
111000176,103,214,-111
111000177,77,347,-270
111000178,474,376,98
111000179,33,236,-203
111000180,111,309,-198
111000181,342,296,46
111000182,78,177,-99
111000183,236,223,13
111000184,196,212,-16
111000185,270,545,-275
111000186,179,450,-271
111000187,51,410,-359
111000188,82,544,-462
111000189,1690,768,922
111000190,150,682,-532
111000191,131,608,-477
111000192,142,781,-639
111000193,407,455,-48
111000194,19,542,-523
111000195,56,605,-549
111000196,7,445,-438
111000197,86,253,-167
111000198,189,142,47
111000199,55,226,-171
111000200,113,323,-210
111000201,204,291,-87
111000202,85,182,-97
111000203,160,230,-70
111000204,172,270,-98
111000213,76,402,-326
111000214,1139,1837,-698
111000215,511,1377,-866
111000217,563,933,-370
111000218,786,968,-182
111000219,351,252,99
111000220,3527,614,2913
111000221,593,206,387
111000224,4,269,-265
111000225,175,63,112
111000226,166,4,162
111000227,51,7,44
111000228,19,148,-129
111000229,28,265,-237
111000230,184,712,-528
111000231,270,1859,-1589
111000232,185,1280,-1095
111000233,199,907,-708
111000234,38,170,-132
111000239,160,252,-92
111000240,17,46,-29
111000241,28,586,-558
111000242,31,54,-23
111000243,49,1105,-1056
111000244,66,105,-39
111000245,210,754,-544
111000246,87,757,-670
111000247,75,1653,-1578
111000248,239,402,-163
111000249,388,1280,-892
111000250,32,253,-221
111000251,25,188,-163
111000253,0,0,0
111000255,0,0,0
111000257,0,0,0
111000260,64,1728,-1664
111000261,360,57,303
111000271,35,367,-332
111000273,7128,1342,5786
111000274,1069,1901,-832
111000275,69,75,-6
111000276,222,3280,-3058
111000277,147,667,-520
111000278,447,316,131
111000291,330,2135,-1805
111000298,203,313,-110
111000299,469,64,405
111000300,66,604,-538
111000302,135,81,54
111000303,60,332,-272
111000312,75,54,21
111000315,1,118,-117
111000320,299,836,-537
111000321,183,31,152
111000322,92,743,-651
111000323,72,20,52
111000324,314,294,20
111000325,15,71,-56
111000326,56,460,-404
111000327,329,683,-354
111000328,161,483,-322
111000329,1,43,-42
111000330,20,5,15
111000331,5,3,2
111000332,297,1297,-1000
111000334,374,1913,-1539
111000335,240,119,121
111000337,204,469,-265
111000338,5,147,-142
111000339,111,1024,-913
111000340,81,1149,-1068
111000341,364,150,214
111000342,28,328,-300
111000344,489,727,-238
111000345,49,26,23
111000346,11,98,-87
111000347,16,1,15
111000350,158,179,-21
111000351,65,255,-190
111000352,94,165,-71
111000353,130,315,-185
111000354,295,176,119
111000355,103,946,-843
111000358,75,2329,-2254
111000360,71,1333,-1262
111000361,45,537,-492
111000546,146,928,-782
111000547,156,822,-666
111000548,75,219,-144
111000549,157,526,-369
111000550,61,269,-208
111000551,590,118,472
111000552,203,64,139
111000907,73,35,38
111000908,9,0,9
111000916,372,245,127
111000917,46,311,-265
111000918,71,1394,-1323
111000920,130,5,125
111000921,6,376,-370
111000922,129,449,-320
111000924,20,1411,-1391
111000925,998,1538,-540
111000926,912,3040,-2128
111000927,3056,2849,207
111000928,7661,4119,3542
111000929,636,841,-205
111000930,566,2743,-2177
111000931,1133,1449,-316
111000932,3659,2648,1011
111000933,2764,1574,1190
111000934,2435,3066,-631
111000935,610,1043,-433
111000936,523,2480,-1957
111000937,447,1059,-612
111000938,1630,2965,-1335
111000939,127,34,93
111000940,159,238,-79
111000941,141,691,-550
111000943,69,331,-262
111000944,48,705,-657
111000945,40,2900,-2860
111001109,157,103,54
111001110,93,878,-785
111001111,7,1,6
111001112,48,2,46
111001113,34,73,-39
111001114,886,27,859
111001115,28,402,-374
111001116,6461,943,5518
111001117,747,471,276
111001120,67,320,-253
111001121,83,387,-304
111001122,132,751,-619
111001123,47,117,-70
111900001,1,169,-168
111900002,3,999,-996
111900003,4,645,-641
111900004,16,244,-228
111900006,6,3,3
111900007,26,4,22
111900008,30,0,30
111900009,18,177,-159
111900010,151,625,-474
111900012,118,115,3
111900013,7,96,-89
111900014,9688,1380,8308
111900015,0,79,-79
111900016,4,225,-221
111900017,0,224,-224
111900018,28,0,28
111900019,1,63,-62
111900020,6,36,-30
111900021,8,85,-77
111900022,12,87,-75
111900023,176,53,123
111900024,0,82,-82
111900025,0,42,-42
111900026,0,111,-111
111900027,6,229,-223
111900028,3,553,-550
111900029,1,101,-100
111900030,78,516,-438
111900031,27,243,-216
111900032,5,504,-499
111900033,3,126,-123
111900034,150,635,-485
111900035,38,317,-279
111900036,1,509,-508
111900038,269,593,-324
111900039,68,518,-450
111900040,9,908,-899
111900042,61,96,-35
111900043,3,632,-629
111900044,250,260,-10
111900046,68,328,-260
111900048,37,1160,-1123
111900049,35,413,-378
111900050,43,7,36
111900051,8,268,-260
111900052,492,766,-274
111900053,1590,254,1336
111900054,74,3,71
111900055,44,914,-870
111900056,114,110,4
111900057,20,41,-21
111900058,106,1038,-932
111900059,2447,181,2266
111900060,160,4,156
111900061,19,392,-373
111900062,7,21,-14
111900063,96,233,-137
111900064,120,298,-178
111900065,30,21,9
111900066,25,58,-33
111900067,1,449,-448
111900068,32,17,15
111900069,39,4,35
111900070,49,121,-72
111900071,0,365,-365
111900072,12,4,8
111900073,195,57,138
111900074,4,266,-262
111900075,12,1,11
111900076,26,18,8
111900077,3,0,3
111900078,70,5,65
111900079,9,5,4
111900080,178,83,95
111900081,899,86,813
111900082,19,12,7
111900083,54,56,-2
111900084,25,1,24
111900085,23,47,-24
111900086,21,2,19
111900087,17,0,17
111900088,88,0,88
111900089,9,0,9
111900090,46,13,33
111900091,28,0,28
111900092,14,2,12
111900093,140,3,137
111900094,16,1,15
111900095,107,12,95
111900096,28,0,28
111900097,13,1,12
111900098,60,0,60
111900099,11,0,11
111900100,52,1,51
111900101,42,4,38
111900102,97,1075,-978
111900103,35,33,2
111900104,49,64,-15
111900105,147,117,30
111900106,2338,81,2257
111900107,39,127,-88
111900108,60,33,27
111900109,401,126,275
111900110,4552,229,4323
111900111,23,297,-274
111900112,963,732,231
111900113,269,37,232
111900114,270,124,146
111900115,13,41,-28
111900118,125,18,107
111900119,167,61,106
111900122,53,4,49
111900123,12,27,-15
111900124,24,108,-84
111900125,106,3,103
111900126,63,7,56
111900127,8,893,-885
111900128,5,753,-748
111900129,96,7,89
111900130,83,6,77
111900131,75,0,75
111900132,23,1740,-1717
111900133,3,430,-427
111900134,28,355,-327
111900135,1,4,-3
111900136,25,51,-26
111900137,54,32,22
111900138,1,53,-52
111900139,40,182,-142
111900140,17,37,-20
111900141,19,5,14
111900142,43,12,31
111900143,8,541,-533
111900144,0,174,-174
111900145,4,1003,-999
111900146,3,554,-551
111900147,227,634,-407
111900148,47,1155,-1108
111900149,9,574,-565
111900150,13,292,-279
111900151,4,29,-25
111900152,140,26,114
111900153,1920,82,1838
111900154,5,85,-80
111900155,51,21,30
111900156,16,17,-1
111900157,10,2,8
111900158,104,12,92
111900159,33,24,9
111900160,85,1,84
111900161,32,1,31
111900162,122,78,44
111900163,27,175,-148
111900164,32,27,5
111901113,83,259,-176
111901114,27,520,-493
111901115,13,0,13
111901116,12,0,12
111901117,8,7,1
111901118,70,32,38
111901119,1882,75,1807
111901120,103,238,-135
111901121,130,400,-270
111901122,3,823,-820
111901123,37,634,-597
111901124,44,1,43
111901125,72,126,-54
111901126,65,13,52
111901127,1128,163,965
111901128,8,134,-126
111901129,4,159,-155
111901130,11,335,-324
111901131,0,291,-291
111901132,38,6,32
111901133,8,1,7
111901134,16,5,11
111901135,6,0,6
111901136,8,7,1
111901137,0,13,-13
111901138,30,38,-8
111901139,28,60,-32
111901140,3,190,-187
111901141,6,296,-290
111901142,5,174,-169
111901143,2,124,-122
111901144,32,20,12
111901145,167,158,9
111901146,164,0,164
112000001,1102,683,419
112000002,707,2999,-2292
112000003,469,756,-287
112000004,582,2286,-1704
112000005,1147,1146,1
112000006,1289,2385,-1096
112000007,1190,1029,161
112000008,1722,2687,-965
112000009,4012,4051,-39
112000010,1704,2210,-506
112000011,2074,3047,-973
112000012,7988,1538,6450
112000013,8690,4104,4586
112000014,3191,562,2629
112000015,3897,2525,1372
112000016,3638,1072,2566
112000017,1607,1361,246
112000024,1769,810,959
112000026,5508,6669,-1161
112000027,557,409,148
112000028,1711,2165,-454
112000029,268,436,-168
112000030,238,188,50
112000031,1741,1843,-102
112000032,791,95,696
112000033,2742,714,2028
112000034,400,52,348
112000035,109,399,-290
112000036,770,602,168
112000037,680,1349,-669
112000038,718,1051,-333
112000039,13,123,-110
112000040,164,510,-346
112000041,440,736,-296
112000042,933,336,597
112000050,377,1633,-1256
112000051,464,626,-162
112000054,1810,3007,-1197
112000057,794,370,424
112000058,439,507,-68
112000059,1203,388,815
112000061,8849,1756,7093
112000062,4656,581,4075
112000063,3401,690,2711
112000064,6698,7329,-631
112000065,2923,3381,-458
112000066,2443,754,1689
112000067,630,848,-218
112000068,1194,755,439
112000069,538,3306,-2768
112000070,1085,412,673
112000071,733,4451,-3718
112000072,796,883,-87
112000073,1060,2184,-1124
112000074,559,729,-170
112000075,717,895,-178
112000076,3547,3268,279
112000077,275,968,-693
112000078,988,906,82
112000079,1306,1811,-505
112000080,454,1225,-771
112000081,863,2239,-1376
112000082,859,593,266
112000083,466,2259,-1793
112000084,724,672,52
112000085,579,1660,-1081
112000086,922,1795,-873
112000087,172,694,-522
112000088,203,922,-719
112000089,166,424,-258
112000090,207,539,-332
112000091,601,1749,-1148
112000092,843,780,63
112000093,1324,1524,-200
112000094,210,888,-678
112000095,365,911,-546
112000096,170,759,-589
112000097,394,483,-89
112000098,778,2226,-1448
112000099,456,390,66
112000100,760,909,-149
112000101,283,1371,-1088
112000102,471,594,-123
112000103,192,1876,-1684
112000105,338,2711,-2373
112000106,528,412,116
112000107,4,154,-150
112000108,112,2137,-2025
112000109,32,48,-16
112000110,639,381,258
112000111,1317,6311,-4994
112000112,2113,468,1645
112000113,883,3028,-2145
112000114,1368,806,562
112000115,111,745,-634
112000116,482,1194,-712
112000117,401,607,-206
112000118,597,1113,-516
112000119,344,1235,-891
112000120,58,469,-411
112000121,60,1005,-945
112000122,120,139,-19
112000123,175,127,48
112000124,62,86,-24
112000125,87,117,-30
112000126,65,1023,-958
112000127,3384,1002,2382
112000128,1691,692,999
112000129,55,140,-85
112000130,32,30,2
112000131,13,467,-454
112000132,26,348,-322
112000133,124,295,-171
112000134,326,461,-135
112000135,593,539,54
112000136,739,1618,-879
112000137,572,1228,-656
112000138,853,1648,-795
112000139,591,175,416
112000140,858,1286,-428
112000141,281,255,26
112000142,136,1334,-1198
112000143,425,196,229
112000144,178,2121,-1943
112000145,963,835,128
112000146,561,2962,-2401
112000147,888,1457,-569
112000148,1414,2511,-1097
112000149,108,810,-702
112000150,40,801,-761
112000151,206,845,-639
112000152,173,383,-210
112000153,184,310,-126
112000154,69,142,-73
112000155,119,65,54
112000157,420,423,-3
112000158,116,942,-826
112000159,123,343,-220
112000167,119,12,107
112000169,288,416,-128
112000173,351,318,33
112000175,143,431,-288
112000176,7457,1961,5496
112000177,160,90,70
112000178,41,758,-717
112000179,84,238,-154
112000180,156,248,-92
112000181,835,2378,-1543
112000182,409,2780,-2371
112000183,26,87,-61
112000184,167,728,-561
112000185,194,752,-558
112000187,2093,2241,-148
112000195,72,7,65
112000196,78,0,78
112000197,55,90,-35
112000198,32,579,-547
112000199,779,1348,-569
112000202,103,30,73
112000216,34,126,-92
112000230,23,2,21
112000231,0,585,-585
112000256,23,81,-58
112000313,216,437,-221
112000314,14,7,7
112000337,155,640,-485
112000352,164,139,25
112000392,3571,1272,2299
112000398,537,730,-193
112000399,1673,1118,555
112000400,1767,5325,-3558
112000401,2650,3389,-739
112000402,1177,1742,-565
112000403,1622,1301,321
112000404,201,519,-318
112000405,1172,2311,-1139
112000406,3679,3895,-216
112000407,2692,5006,-2314
112000408,8818,7900,918
112000409,1536,6142,-4606
112000410,210,89,121
112000411,5453,396,5057
112000412,893,314,579
112000413,11530,1512,10018
112000414,40,127,-87
112000415,74,46,28
112000416,1108,1349,-241
112000417,148,97,51
112000421,17,152,-135
112000422,243,720,-477
112000424,2497,1204,1293
112000425,271,1310,-1039
112000426,86,252,-166
112000427,1,20,-19
112000428,39,549,-510
112000429,1682,3417,-1735
112000430,1536,3945,-2409
112000431,25,89,-64
112000432,504,2765,-2261
112000433,812,622,190
112000437,20,475,-455
112900001,17,0,17
112900002,82,1638,-1556
112900003,20,311,-291
112900004,21,460,-439
112900005,42,351,-309
112900006,12,525,-513
112900007,24,226,-202
112900008,0,8,-8
112900009,339,77,262
112900010,55,1041,-986
112900011,433,290,143
112900012,0,62,-62
112900013,1,164,-163
112900014,1,434,-433
112900015,362,1299,-937
112900016,1,270,-269
112900017,22,188,-166
112900018,2,491,-489
112900019,74,158,-84
112900020,665,2070,-1405
112900021,2,298,-296
112900022,4,67,-63
112900023,1,398,-397
112900024,27,210,-183
112900025,64,182,-118
112900026,2,378,-376
112900027,5,1702,-1697
112900028,8,99,-91
112900029,2,811,-809
112900030,347,238,109
112900031,4,763,-759
112900032,88,306,-218
112900034,0,69,-69
112900035,3,616,-613
112900036,21,178,-157
112900037,111,55,56
112900038,156,124,32
112900039,10,374,-364
112900040,8,379,-371
112900041,1763,674,1089
112900042,17,419,-402
112900043,9,43,-34
112900044,451,356,95
112900045,665,362,303
112900046,263,83,180
112900047,13,12,1
112900049,20,67,-47
112900050,51,711,-660
112900051,314,890,-576
112900052,14,1365,-1351
112900053,332,123,209
112900054,302,29,273
112900055,179,4,175
112900056,203,68,135
112900057,6,1003,-997
112900058,214,63,151
112900059,51,151,-100
112900060,5,332,-327
112900061,21,208,-187
112900062,26,185,-159
112900063,54,3,51
112900064,198,111,87
112900065,18,6,12
112900066,95,27,68
112900067,758,125,633
112900068,19,7,12
112900069,3658,297,3361
112900071,11,0,11
112900072,211,349,-138
112900073,173,27,146
112900074,35,54,-19
112900075,2957,291,2666
112900076,22,1,21
112900078,91,170,-79
112900079,70,3,67
112900080,3,0,3
112900081,17,48,-31
112900082,140,6,134
112900083,17,28,-11
112900084,59,29,30
112900085,2,0,2
112900086,16,0,16
112900087,187,61,126
112900088,15,5,10
112900089,252,8,244
112900090,2,3,-1
112900091,50,3,47
112900092,110,52,58
112900093,426,4,422
112900094,9,0,9
112900095,4,0,4
112900096,156,39,117
112900097,27,449,-422
112900098,33,1,32
112900099,207,8,199
112900100,22,0,22
112900101,60,0,60
112900102,69,2,67
112900103,80,2,78
112900104,6,0,6
112900105,2,0,2
112900106,183,38,145
112900107,1,0,1
112900108,8,0,8
112900109,10,0,10
112900110,197,8,189
112900111,168,1,167
112900112,45,0,45
112900113,0,15,-15
112900114,17,24,-7
112900115,200,2,198
112900116,26,33,-7
112900117,124,119,5
112900118,12,87,-75
112900119,41,1,40
112900120,673,164,509
112900121,227,171,56
112900122,9,139,-130
112900123,171,4,167
112900124,4,146,-142
112900125,126,355,-229
112900126,122,289,-167
112900127,126,36,90
112900128,549,736,-187
112900129,8,1520,-1512
112900130,78,43,35
112900131,25,280,-255
112900132,65,470,-405
112900133,25,1777,-1752
112900134,1,341,-340
112900135,43,13,30
112900136,1,46,-45
112900137,6,1258,-1252
112900138,5,683,-678
112900139,211,1197,-986
112900140,2,121,-119
112900141,238,34,204
112900142,60,32,28
112900143,43,746,-703
112900144,0,334,-334
112900145,40,515,-475
112900146,11,1823,-1812
112900147,6,3022,-3016
112900148,4,0,4
112900149,163,643,-480
112900151,34,39,-5
112900152,6421,1369,5052
112900153,1342,614,728
112900154,1,121,-120
112900155,31,5,26
112900156,61,2690,-2629
112900157,59,17,42
112900158,12,7,5
112900159,116,24,92
112900160,10,283,-273
112900161,25,17,8
112900162,34,10,24
112900163,97,9,88
112900164,19,65,-46
112900165,101,41,60
112900166,6,31,-25
112900167,6,14,-8
112900168,0,4,-4
112900169,5,7,-2
112900170,21,95,-74
112900172,75,3,72
112900173,306,127,179
112900174,117,11,106
112900175,111,44,67
112900176,9,9,0
112900177,86,6,80
112900178,414,615,-201
112900179,31,667,-636
112900180,556,3611,-3055
112900181,132,1,131
112900182,29,2046,-2017
112900183,110,175,-65
112900184,377,335,42
112900185,268,451,-183
112900186,2035,572,1463
112900187,30,139,-109
112900188,1103,389,714
112900189,7,42,-35
112900190,0,83,-83
112900192,278,166,112
112900193,822,183,639
112900194,11,129,-118
112900195,293,18,275
112900196,239,929,-690
112900197,142,618,-476
112900199,184,650,-466
112900200,201,293,-92
112900201,35,103,-68
112900202,66,1132,-1066
112900203,36,339,-303
112900204,550,238,312
112900205,0,10,-10
112900206,0,50,-50
112900207,2,0,2
112900208,63,45,18
112900209,251,443,-192
112900210,0,23,-23
112900211,47,27,20
112900212,1,71,-70
112900213,3,9,-6
112900214,9,1,8
112900215,6,275,-269
112900216,30,48,-18
112900217,2,90,-88
112900218,4,20,-16
112900219,2,0,2
112900220,0,0,0
112900221,0,125,-125
112900222,0,10,-10
112900223,299,2,297
112900224,78,1005,-927
112900225,143,718,-575
112900226,353,259,94
112900227,117,1883,-1766
112900228,22,31,-9
112900229,27,69,-42
112900230,10064,2046,8018
112900232,142,93,49
112900233,25,238,-213
112900234,3,212,-209
112900235,46,9,37
112900236,32,15,17
112900237,35,494,-459
112900238,3,45,-42
112900239,437,196,241
113000001,4975,5106,-131
113000002,3688,4053,-365
113000003,2069,1793,276
113000004,2370,2341,29
113000005,1169,1110,59
113000006,867,1440,-573
113000007,1132,1512,-380
113000008,1232,2156,-924
113000009,608,974,-366
113000010,749,2179,-1430
113000011,680,2342,-1662
113000012,864,591,273
113000013,1307,401,906
113000014,2603,1819,784
113000015,962,277,685
113000016,549,399,150
113000017,59,277,-218
113000018,146,48,98
113000019,71,299,-228
113000020,52,34,18
113000021,490,647,-157
113000022,339,1564,-1225
113000025,73,383,-310
113000026,113,372,-259
113000027,661,405,256
113000028,1176,415,761
113000029,1026,506,520
113000030,596,799,-203
113000031,385,262,123
113000032,333,206,127
113000033,480,383,97
113000034,665,451,214
113000035,15,35,-20
113000036,24,69,-45
113000037,67,54,13
113000038,12,64,-52
113000039,98,557,-459
113000040,65,108,-43
113000042,983,976,7
113000051,559,1678,-1119
113000052,2597,1536,1061
113000053,223,991,-768
113000054,142,824,-682
113000055,559,1114,-555
113000056,442,2225,-1783
113000058,768,1235,-467
113000059,1388,1016,372
113000060,75,733,-658
113000061,720,1200,-480
113000062,1583,157,1426
113000063,74,349,-275
113000064,20,537,-517
113000065,112,1653,-1541
113000066,265,78,187
113000067,1042,1267,-225
113000068,417,2870,-2453
113000069,330,1967,-1637
113000070,799,719,80
113000071,270,1029,-759
113000072,286,416,-130
113000073,572,1827,-1255
113000074,930,260,670
113000075,2052,421,1631
113000076,1370,1839,-469
113000077,2478,422,2056
113000078,1663,1630,33
113000079,915,657,258
113000080,798,536,262
113000081,1197,945,252
113000082,1591,920,671
113000083,597,861,-264
113000084,1750,1269,481
113000085,1151,591,560
113000086,972,1062,-90
113000087,1221,987,234
113000088,2236,1344,892
113000089,922,1649,-727
113000090,340,337,3
113000091,1010,295,715
113000094,542,147,395
113000095,251,1597,-1346
113000096,159,1279,-1120
113000097,541,276,265
113000098,107,29,78
113000099,965,204,761
113000100,162,579,-417
113000101,420,576,-156
113000102,454,201,253
113000103,2437,744,1693
113000104,269,2361,-2092
113000105,299,432,-133
113000106,327,700,-373
113000107,418,872,-454
113000108,834,1888,-1054
113000109,497,2859,-2362
113000110,1658,384,1274
113000111,73,439,-366
113000112,391,389,2
113000113,3264,257,3007
113000114,603,1153,-550
113000116,793,254,539
113000117,881,230,651
113000118,120,347,-227
113000119,120,507,-387
113000120,44,191,-147
113000121,460,1016,-556
113000124,92,208,-116
113000125,25,512,-487
113000127,4151,624,3527
113000128,443,668,-225
113000129,836,1225,-389
113000133,5370,832,4538
113000134,5,434,-429
113000135,2775,1806,969
113000137,3601,1459,2142
113000139,503,142,361
113000140,243,316,-73
113000141,566,103,463
113000142,936,967,-31
113000143,585,179,406
113000144,386,738,-352
113000145,61,181,-120
113000146,154,115,39
113000147,99,187,-88
113000148,44,216,-172
113000149,129,159,-30
113000150,543,406,137
113000151,207,89,118
113000152,43,198,-155
113000153,2211,600,1611
113000154,769,1013,-244
113000155,259,355,-96
113000156,175,534,-359
113000157,273,953,-680
113000158,475,183,292
113000159,693,463,230
113000160,538,1534,-996
113000161,231,987,-756
113000162,508,321,187
113000163,52,36,16
113000164,28,117,-89
113000166,39,59,-20
113000167,38,221,-183
113000168,59,390,-331
113000169,99,54,45
113000170,68,67,1
113000171,61,122,-61
113000172,132,63,69
113000173,39,9,30
113000174,70,637,-567
113000175,241,138,103
113000176,256,92,164
113000177,103,489,-386
113000178,157,514,-357
113000179,156,88,68
113000180,396,1557,-1161
113000181,612,1272,-660
113000182,439,235,204
113000183,260,638,-378
113000184,16,166,-150
113000189,1164,621,543
113000190,2358,405,1953
113000192,2709,1439,1270
113000193,5002,809,4193
113000194,1834,1275,559
113000195,2339,495,1844
113000196,73,72,1
113000197,1309,833,476
113000198,24,342,-318
113000199,835,493,342
113000201,201,151,50
113000202,3622,1453,2169
113000203,458,106,352
113000204,1432,1360,72
113000205,15,29,-14
113000206,8,41,-33
113000207,67,36,31
113000208,33,65,-32
113000209,27,25,2
113000210,7,29,-22
113000211,316,123,193
113000212,278,21,257
113000213,37,74,-37
113000214,72,184,-112
113000234,91,1853,-1762
113000410,103,88,15
113000411,3232,4558,-1326
113000412,14009,1717,12292
113000413,5974,2192,3782
113000414,17059,7470,9589
113000415,3712,2615,1097
113000416,14175,3437,10738
113000417,5463,2851,2612
113000418,4047,2618,1429
113000419,2781,1946,835
113000420,5580,3037,2543
113000421,5156,4270,886
113000422,24860,6661,18199
113000423,3850,3181,669
113000424,5736,6083,-347
113000425,28,79,-51
113000428,400,35,365
113000430,39,63,-24
113000432,683,49,634
113000433,143,1136,-993
113000434,13,481,-468
113000435,19,1254,-1235
113000436,19,1898,-1879
113000437,184,10,174
113000438,107,13,94
113000439,6,274,-268
113000440,36,29,7
113000441,59,186,-127
113000442,131,457,-326
113000443,42,350,-308
113000444,52,490,-438
113000445,50,157,-107
113000446,7,127,-120
113000448,119,187,-68
113000449,316,546,-230
113000450,735,1485,-750
113000451,1205,133,1072
113000452,450,239,211
113000453,83,242,-159
113000454,569,21,548
113000455,9,193,-184
113000456,4470,2269,2201
113000468,3112,359,2753
113000469,319,122,197
113000470,582,108,474
113000471,9,321,-312
113000472,54,300,-246
113000474,228,937,-709
113000475,1211,2221,-1010
113000476,886,2489,-1603
113000477,1688,2958,-1270
113000478,3169,7104,-3935
113000479,46,357,-311
113000480,92,75,17
113000481,0,0,0
113000482,0,0,0
113000483,0,0,0
113000484,0,0,0
113000485,0,0,0
113000486,0,0,0
113000487,0,0,0
113000488,0,0,0
113000489,0,0,0
113000490,0,0,0
113000491,0,0,0
113000492,0,0,0
113000493,0,0,0
113000495,147,291,-144
113000496,38,77,-39
113000497,0,0,0
113000499,0,0,0
113000500,0,9,-9
113900001,0,64,-64
113900002,0,151,-151
113900003,3,67,-64
113900004,0,19,-19
113900005,0,18,-18
113900006,7,16,-9
113900007,13,10,3
113900008,25,0,25
113900009,190,0,190
113900010,63,0,63
113900011,5,0,5
113900012,4,1,3
113900013,372,5,367
113900014,781,3,778
113900015,0,63,-63
113900016,16,1,15
113900017,1,44,-43
113900018,476,46,430
113900019,25,65,-40
113900020,43,1,42
113900022,2,0,2
113900023,3,0,3
113900024,19,115,-96
113900025,557,23,534
113900026,20,0,20
113900027,2,76,-74
113900028,13,579,-566
113900029,20,402,-382
113900030,61,5,56
113900031,1,0,1
113900032,2,0,2
113900033,57,77,-20
113900035,12,0,12
113900036,7,115,-108
113900037,30,767,-737
113900038,40,35,5
113900039,65,4,61
113900040,3,3,0
113900041,0,0,0
113900042,17,62,-45
113900043,211,146,65
113900044,226,40,186
113900045,60,4,56
113900046,348,847,-499
113900047,14,169,-155
113900048,401,23,378
113900049,1186,105,1081
113900050,130,392,-262
113900051,105,637,-532
113900052,225,164,61
113900053,455,153,302
113900054,4,7,-3
113900055,82,662,-580
113900056,21,160,-139
113900057,17,181,-164
113900058,32,238,-206
113900059,77,466,-389
113900060,149,400,-251
113900061,1395,63,1332
113900062,43,7,36
113900063,65,218,-153
113900064,21,211,-190
113900065,617,14,603
113900066,144,705,-561
113900067,34,672,-638
113900068,253,313,-60
113900069,110,11,99
113900070,224,609,-385
113900071,21,73,-52
113900072,29,198,-169
113900073,123,475,-352
113900074,18,628,-610
113900075,646,954,-308
113900076,126,10,116
113900077,25,277,-252
113900078,17,61,-44
113900079,0,76,-76
113900080,293,188,105
113900081,36,301,-265
113900082,115,306,-191
113900083,90,1009,-919
113900084,144,79,65
113900085,16,379,-363
113900086,5,20,-15
113900087,33,347,-314
113900088,16,44,-28
113900089,227,34,193
113900090,268,309,-41
113900091,23,19,4
113900092,21,91,-70
113900093,46,373,-327
113900094,131,700,-569
113900095,48,59,-11
113900096,66,26,40
113900097,2,148,-146
113900098,342,42,300
113900099,1,69,-68
113900100,0,2,-2
113900101,20,64,-44
113900102,51,77,-26
113900103,180,299,-119
113900104,64,110,-46
113900105,21,405,-384
113900106,0,132,-132
113900107,1,30,-29
113900108,171,163,8
113900109,278,132,146
113900110,17,11,6
113900111,54,95,-41
113900112,30,105,-75
113900113,409,380,29
113900114,2,186,-184
113900115,2,123,-121
113900116,76,154,-78
113900117,51,12,39
113900118,125,160,-35
113900119,400,232,168
113900120,30,26,4
113900121,32,71,-39
113900122,191,1195,-1004
113900123,261,145,116
113900124,2,82,-80
113900125,1525,161,1364
113900126,77,27,50
113900127,203,321,-118
113900128,59,35,24
113900129,6,93,-87
113900130,7,17,-10
113900131,41,54,-13
113900132,11,30,-19
113900133,13,27,-14
113900135,162,534,-372
113900136,66,72,-6
113900137,205,122,83
113900138,63,106,-43
113900139,723,91,632
113900140,641,161,480
113900141,108,537,-429
113900142,45,108,-63
113900143,2,18,-16
113900144,524,90,434
113900145,110,196,-86
113900146,37,49,-12
113900148,127,144,-17
113900149,132,28,104
113900150,1634,530,1104
113900151,100,259,-159
113900152,16,56,-40
113900153,670,454,216
113900154,2,98,-96
113900155,281,45,236
113900156,164,866,-702
113900157,14,192,-178
113900158,509,129,380
113900159,12,230,-218
113900160,347,1029,-682
113900161,24,104,-80
113900162,723,523,200
113900163,471,207,264
113900164,143,28,115
113900165,561,857,-296
113900166,406,89,317
113900167,208,22,186
113900168,113,177,-64
113900169,144,536,-392
113900171,40,36,4
113900172,4,334,-330
113900173,59,837,-778
113900174,343,944,-601
113900175,183,56,127
113900176,154,983,-829
113900177,267,204,63
113900178,338,143,195
113900179,14,923,-909
113900180,113,140,-27
113900181,342,168,174
113900182,467,1162,-695
113900183,32,110,-78
113900184,24,637,-613
113900185,120,98,22
113900186,31,52,-21
113900187,28,222,-194
113900188,12,175,-163
113900189,175,93,82
113900190,413,105,308
113900191,128,333,-205
113900192,10,297,-287
113900193,30,347,-317
113900194,2009,1218,791
113900195,306,582,-276
113900196,2,154,-152
113900197,3,349,-346
113900198,17,196,-179
113900199,176,797,-621
113900200,11,322,-311
113900201,2,332,-330
113900202,24,241,-217
113900203,1,339,-338
113900204,26,868,-842
113900205,11,80,-69
113900206,13,130,-117
113900207,0,102,-102
113900208,0,81,-81
113900209,3,103,-100
113900210,660,505,155
113900211,134,13,121
113900212,131,734,-603
113900214,571,313,258
113900215,33,182,-149
113900216,30,1806,-1776
113900217,18,412,-394
113900218,68,24,44
113900219,102,599,-497
113900220,102,66,36
113900221,281,175,106
113900222,292,212,80
113900223,51,1530,-1479
113900224,164,80,84
113900225,940,269,671
113900226,301,110,191
113900227,285,163,122
113900228,397,289,108
113900229,19,603,-584
113900230,5856,1110,4746
113900231,133,230,-97
113900232,48,118,-70
113900233,14,31,-17
113900234,100,290,-190
113900235,19,47,-28
113900236,25,378,-353
113900237,35,2,33
113900238,135,266,-131
113900239,59,31,28
113900240,1,63,-62
113900241,118,74,44
113900242,35,158,-123
113900243,131,518,-387
113900244,651,161,490
113900245,1701,248,1453
113900246,22,22,0
113900247,145,145,0
113900248,5345,920,4425
113900249,1220,162,1058
113900250,25,91,-66
113900251,228,198,30
113900252,237,10,227
113900253,334,16,318
113900254,176,60,116
113900255,208,11,197
113900256,164,12,152
113900257,27,994,-967
113900258,7,784,-777
113900259,230,304,-74
113900260,88,15,73
113900261,26,209,-183
113900262,110,1043,-933
113900263,43,500,-457
113900264,3,860,-857
113900265,77,353,-276
113900266,27,307,-280
113900267,140,538,-398
113900268,185,291,-106
113900269,60,152,-92
113900270,247,366,-119
113900271,565,1940,-1375
113900273,10,1,9
113900274,11,18,-7
113900275,12,68,-56
113900276,5,321,-316
113900277,25,1,24
113900278,321,184,137
113900279,138,98,40
113900280,1141,434,707
113900281,320,1028,-708
113900282,968,427,541
113900283,274,446,-172
113900284,765,141,624
113900285,71,28,43
113900286,64,200,-136
113900287,6,93,-87
113900288,0,92,-92
113900289,1948,73,1875
113900290,598,55,543
113900291,140,240,-100
113900292,6,8,-2
113900293,2,308,-306
113900294,192,15,177
113900295,770,227,543
113900296,3093,315,2778
113900297,467,22,445
113900298,11,2068,-2057
113900299,3,187,-184
113900300,7895,2096,5799
113900301,880,171,709
113900302,2976,598,2378
113900303,843,121,722
113900304,1,232,-231
113900305,24,1,23
113900306,3,0,3
113900307,49,0,49
113900308,84,101,-17
113900309,3,1080,-1077
113900310,0,26,-26
113900311,3,0,3
113900312,44,96,-52
113900313,31,10,21
114000001,1373,4218,-2845
114000002,113,568,-455
114000003,59,426,-367
114000004,373,690,-317
114000005,171,419,-248
114000006,6915,2778,4137
114000007,627,1844,-1217
114000008,2006,1063,943
114000009,232,203,29
114000011,2095,3897,-1802
114000012,1094,3390,-2296
114000013,880,2700,-1820
114000014,456,626,-170
114000015,822,776,46
114000016,211,564,-353
114000017,109,255,-146
114000018,526,124,402
114000026,628,2472,-1844
114000027,1200,2525,-1325
114000028,1592,2081,-489
114000038,96,298,-202
114000039,74,148,-74
114000040,93,213,-120
114000042,61,298,-237
114000043,18,333,-315
114000044,48,108,-60
114000045,43,132,-89
114000046,3620,5817,-2197
114000047,23,66,-43
114000048,40,76,-36
114000049,1902,1226,676
114000050,2627,1206,1421
114000051,6525,1536,4989
114000052,3646,1315,2331
114000053,27,448,-421
114000054,50,2024,-1974
114000055,139,30,109
114000056,1454,752,702
114000057,10506,2719,7787
114000058,597,534,63
114000059,333,182,151
114000060,302,1321,-1019
114000061,4149,1256,2893
114000062,2116,760,1356
114000063,5010,1951,3059
114000064,9978,2588,7390
114000065,2227,2429,-202
114000066,236,630,-394
114000067,36,341,-305
114000068,581,425,156
114000069,967,459,508
114000070,2745,1303,1442
114000071,314,953,-639
114000072,82,493,-411
114000073,11,174,-163
114000074,7,22,-15
114000075,22,272,-250
114000076,5,243,-238
114000077,4,90,-86
114000078,104,2183,-2079
114000079,59,51,8
114000080,58,157,-99
114000081,44,82,-38
114000082,90,860,-770
114000083,38,400,-362
114000084,68,84,-16
114000085,101,1120,-1019
114000086,117,976,-859
114000087,16,429,-413
114000088,31,76,-45
114000089,1917,749,1168
114000090,681,457,224
114000091,1969,408,1561
114000092,1253,319,934
114000093,935,886,49
114000094,283,496,-213
114000095,81,87,-6
114000096,56,767,-711
114000097,56,1441,-1385
114000098,180,37,143
114000099,167,1133,-966
114000100,397,904,-507
114000101,245,1898,-1653
114000102,133,302,-169
114000103,94,689,-595
114000104,9,429,-420
114000105,26,62,-36
114000106,908,345,563
114000107,91,127,-36
114000108,2378,1621,757
114000109,230,337,-107
114000110,555,2313,-1758
114000111,557,292,265
114000112,215,1913,-1698
114000113,337,316,21
114000114,1152,1885,-733
114000115,719,471,248
114000116,255,359,-104
114000117,926,304,622
114000118,817,305,512
114000119,516,242,274
114000120,501,1149,-648
114000121,381,695,-314
114000122,257,262,-5
114000123,475,231,244
114000124,256,253,3
114000125,718,2111,-1393
114000126,633,180,453
114000127,65,198,-133
114000128,473,674,-201
114000130,289,354,-65
114000131,87,45,42
114000132,764,1240,-476
114000133,1641,1947,-306
114000134,36,353,-317
114000138,87,270,-183
114000139,1272,104,1168
114000144,664,289,375
114000145,72,276,-204
114000146,91,511,-420
114000147,877,587,290
114000148,2206,1061,1145
114000149,382,150,232
114000150,1435,816,619
114000151,1032,827,205
114000152,186,25,161
114000153,1370,1292,78
114000154,937,826,111
114000155,1963,1550,413
114000156,1153,476,677
114000157,352,668,-316
114000158,3071,846,2225
114000159,269,450,-181
114000160,237,241,-4
114000161,1861,966,895
114000162,1339,706,633
114000163,16,215,-199
114000165,227,112,115
114000166,818,179,639
114000167,6444,1403,5041
114000168,942,789,153
114000169,2586,468,2118
114000170,1038,306,732
114000171,457,641,-184
114000174,328,552,-224
114000176,983,462,521
114000177,2325,1066,1259
114000178,30,69,-39
114000179,1209,478,731
114000180,348,737,-389
114000181,1525,1909,-384
114000182,8226,2165,6061
114000183,1236,950,286
114000184,575,2211,-1636
114000185,770,830,-60
114000189,249,45,204
114000190,1020,127,893
114000191,7,22,-15
114000192,413,2085,-1672
114000193,1122,4073,-2951
114000194,1059,1412,-353
114000195,50,9,41
114000196,6,427,-421
114000197,446,7,439
114000198,1428,442,986
114000199,1829,897,932
114000200,727,3478,-2751
114000201,108,1543,-1435
114000202,843,918,-75
114000203,350,922,-572
114000204,107,482,-375
114000205,254,2500,-2246
114000206,334,1650,-1316
114000207,610,3227,-2617
114000208,454,4235,-3781
114000209,723,4281,-3558
114000210,348,2227,-1879
114000211,726,1601,-875
114000212,636,734,-98
114000213,911,655,256
114000214,48,338,-290
114000215,64,83,-19
114000216,485,169,316
114000217,67,408,-341
114000218,89,403,-314
114000219,409,360,49
114000220,5,1810,-1805
114000221,241,98,143
114000222,196,1510,-1314
114000223,223,45,178
114000224,110,833,-723
114000225,89,705,-616
114000226,49,290,-241
114000227,587,561,26
114000228,378,1124,-746
114000229,420,1522,-1102
114000230,964,1914,-950
114000231,423,1313,-890
114000232,275,171,104
114000233,893,136,757
114000234,727,1399,-672
114000235,554,1838,-1284
114000236,1,702,-701
114000237,96,1484,-1388
114000238,26,139,-113
114000239,186,1841,-1655
114000240,454,736,-282
114000241,246,1289,-1043
114000242,846,1047,-201
114000243,678,637,41
114000244,315,331,-16
114000245,294,642,-348
114000246,102,39,63
114000247,414,755,-341
114000248,458,467,-9
114000249,381,520,-139
114000250,242,628,-386
114000251,99,429,-330
114000252,46,171,-125
114000253,59,406,-347
114000254,9,158,-149
114000255,542,188,354
114000256,1781,492,1289
114000257,572,2821,-2249
114000258,96,719,-623
114000259,34,365,-331
114000260,0,28,-28
114000261,24,15,9
114000262,33,277,-244
114000263,2,1,1
114000264,236,1024,-788
114000265,0,41,-41
114000267,2,1163,-1161
114000268,3,2759,-2756
114000270,92,1,91
114000271,234,153,81
114000283,485,611,-126
114000285,65,442,-377
114000288,47,583,-536
114000289,974,88,886
114000293,101,367,-266
114000294,192,440,-248
114000395,644,28,616
114000396,183,294,-111
114000402,163,523,-360
114000403,159,785,-626
114000405,97,878,-781
114000423,47,633,-586
114000424,216,275,-59
114000425,190,906,-716
114000426,200,470,-270
114000427,26,192,-166
114000428,334,73,261
114000429,7,328,-321
114000432,26,189,-163
114000434,9,174,-165
114000435,2,248,-246
114000436,6766,1866,4900
114000437,369,607,-238
114900001,242,2016,-1774
114900002,305,59,246
114900003,241,2902,-2661
114900004,99,169,-70
114900005,202,1287,-1085
114900006,13,24,-11
114900007,76,4,72
114900008,37,27,10
114900010,3413,2153,1260
114900011,68,101,-33
114900013,66,58,8
114900015,25,160,-135
114900018,746,61,685
114900020,37,74,-37
114900022,1,583,-582
114900024,70,164,-94
114900025,209,307,-98
114900026,18,58,-40
114900027,300,321,-21
114900029,4,17,-13
114900030,101,280,-179
114900031,47,17,30
114900032,90,28,62
114900033,1544,265,1279
114900034,38,402,-364
114900035,108,233,-125
114900036,306,1758,-1452
114900037,62,302,-240
114900038,179,1585,-1406
114900039,542,1060,-518
114900040,50,289,-239
114900041,223,987,-764
114900042,374,1287,-913
114900043,832,485,347
114900044,28,19,9
114900046,68,179,-111
114900047,179,1205,-1026
114900048,39,265,-226
114900049,9,301,-292
114900050,5,870,-865
114900051,18,684,-666
114900052,112,192,-80
114900053,66,309,-243
114900054,37,205,-168
114900057,131,2,129
114900058,0,128,-128
114900059,45,28,17
114900060,2293,302,1991
114900061,91,318,-227
114900062,379,338,41
114900063,44,373,-329
114900064,427,1145,-718
114900065,142,859,-717
114900067,17,474,-457
114900068,84,204,-120
114900069,370,236,134
114900070,176,987,-811
114900072,10,348,-338
114900073,0,330,-330
114900074,129,1394,-1265
114900075,84,0,84
114900076,2,574,-572
114900080,3928,469,3459
114900082,4928,1620,3308
114900083,504,824,-320
114900090,140,110,30
114900091,111,263,-152
114900095,537,131,406
114900096,813,703,110
114900097,25,0,25
114900098,3,221,-218
114900099,41,4,37
115000001,10102,8594,1508
115000002,2550,2919,-369
115000003,3792,5891,-2099
115000004,1871,4309,-2438
115000005,1056,3432,-2376
115000006,375,1272,-897
115000007,29,157,-128
115000008,346,393,-47
115000009,113,399,-286
115000010,270,204,66
115000013,83,59,24
115000015,87,118,-31
115000016,263,191,72
115000019,16,495,-479
115000020,238,211,27
115000021,226,379,-153
115000022,489,444,45
115000023,235,384,-149
115000024,1011,695,316
115000025,685,361,324
115000026,175,449,-274
115000027,84,224,-140
115000028,128,590,-462
115000029,162,137,25
115000030,237,836,-599
115000031,522,284,238
115000032,11,285,-274
115000033,107,14,93
115000034,92,982,-890
115000035,701,33,668
115000036,1,525,-524
115000037,178,3,175
115000038,28,254,-226
115000039,2920,2058,862
115000040,8363,2906,5457
115000041,859,1915,-1056
115000042,796,636,160
115000043,2767,2456,311
115000044,3609,5396,-1787
115000045,1685,3031,-1346
115000046,1171,2268,-1097
115000047,1064,1913,-849
115000048,1198,3793,-2595
115000049,1460,3332,-1872
115000050,2003,1752,251
115000051,2344,1077,1267
115000052,3925,2235,1690
115000053,1196,961,235
115000054,1121,1706,-585
115000055,21,418,-397
115000056,121,258,-137
115000057,248,509,-261
115000058,256,114,142
115000059,114,249,-135
115000061,97,85,12
115000062,67,307,-240
115000063,124,424,-300
115000064,150,226,-76
115000065,13,191,-178
115000067,146,18,128
115000069,67,294,-227
115000070,31,846,-815
115000071,68,5,63
115000072,37,47,-10
115000073,1334,46,1288
115000075,27,37,-10
115000076,3611,4550,-939
115000077,1158,5263,-4105
115000078,397,2585,-2188
115000079,812,2984,-2172
115000080,1238,3606,-2368
115000081,359,1119,-760
115000082,2493,3024,-531
115000083,1360,4543,-3183
115000084,787,1067,-280
115000085,393,1457,-1064
115000086,444,1100,-656
115000087,601,1932,-1331
115000088,1456,593,863
115000089,1742,1791,-49
115000090,967,518,449
115000091,300,1631,-1331
115000092,257,288,-31
115000093,388,1,387
115000094,9029,4231,4798
115000095,7424,4074,3350
115000096,404,2827,-2423
115000097,333,779,-446
115000098,452,990,-538
115000099,969,3992,-3023
115000100,439,604,-165
115000101,306,1947,-1641
115000102,269,152,117
115000103,423,1154,-731
115000105,53,304,-251
115000106,166,217,-51
115000107,126,785,-659
115000108,4938,3697,1241
115000109,6101,2061,4040
115000110,1375,692,683
115000111,829,1712,-883
115000112,753,510,243
115000113,972,1013,-41
115000114,1575,985,590
115000116,3465,1292,2173
115000117,4342,1700,2642
115000118,1903,1334,569
115000119,2248,1606,642
115000120,810,573,237
115000121,2293,855,1438
115000122,4537,621,3916
115000123,2409,1155,1254
115000124,594,618,-24
115000125,300,635,-335
115000126,120,285,-165
115000127,292,169,123
115000128,1268,723,545
115000129,182,128,54
115000130,218,1615,-1397
115000131,223,324,-101
115000132,92,644,-552
115000133,140,421,-281
115000134,107,280,-173
115000135,38,310,-272
115000136,66,256,-190
115000137,46,238,-192
115000138,93,235,-142
115000139,120,337,-217
115000140,79,182,-103
115000141,97,463,-366
115000142,47,421,-374
115000143,174,571,-397
115000144,218,120,98
115000145,106,660,-554
115000146,239,232,7
115000147,302,677,-375
115000148,233,2161,-1928
115000149,293,196,97
115000150,559,2211,-1652
115000151,413,516,-103
115000152,428,2655,-2227
115000153,427,495,-68
115000154,493,409,84
115000155,421,1680,-1259
115000156,761,638,123
115000157,956,1066,-110
115000158,758,355,403
115000159,705,433,272
115000160,784,536,248
115000161,521,789,-268
115000162,693,451,242
115000163,704,564,140
115000164,493,462,31
115000165,283,347,-64
115000167,51,44,7
115000168,556,364,192
115000169,578,455,123
115000170,69,163,-94
115000171,208,167,41
115000172,2299,734,1565
115000173,192,243,-51
115000174,34,203,-169
115000175,66,97,-31
115000176,276,48,228
115000177,215,87,128
115000178,14,425,-411
115000179,15,23,-8
115000180,86,860,-774
115000181,235,131,104
115000182,316,467,-151
115000183,117,1325,-1208
115000186,553,308,245
115000187,101,873,-772
115000188,468,410,58
115000189,258,486,-228
115000190,630,315,315
115000191,417,412,5
115000194,165,103,62
115000195,330,165,165
115000196,91,161,-70
115000197,103,565,-462
115000198,108,276,-168
115000199,131,528,-397
115000200,226,129,97
115000201,62,511,-449
115000206,126,71,55
115000207,37,443,-406
115000208,687,799,-112
115000209,288,129,159
115000210,73,110,-37
115000211,180,257,-77
115000212,1463,313,1150
115000224,86,54,32
115000225,58,63,-5
115000229,253,172,81
115000230,31,488,-457
115000231,340,3085,-2745
115000232,600,445,155
115000233,66,304,-238
115000234,12,234,-222
115000241,38,374,-336
115000242,41,372,-331
115000243,19,280,-261
115000244,3,123,-120
115000246,19,4,15
115000247,11,5,6
115000248,9,1,8
115000249,32,10,22
115000250,95,74,21
115000251,57,211,-154
115000252,59,215,-156
115000253,5,189,-184
115000258,82,221,-139
115000259,280,182,98
115000261,3,57,-54
115000262,11,23,-12
115000263,5,24,-19
115000264,4,24,-20
115000267,28,89,-61
115000268,20,115,-95
115000269,49,98,-49
115000270,4,28,-24
115000272,61,165,-104
115000273,160,9,151
115000280,2573,62,2511
115000281,894,118,776
115000282,1800,395,1405
115000284,327,84,243
115000296,282,5,277
115000297,205,20,185
115000298,141,64,77
115000300,44,284,-240
115000302,165,260,-95
115000303,181,140,41
115000304,319,117,202
115000305,77,1389,-1312
115000306,57,773,-716
115000307,22,369,-347
115000308,78,22,56
115000309,18,10,8
115000310,459,1925,-1466
115000311,261,1625,-1364
115000313,101,1065,-964
115000314,130,55,75
115000315,1483,242,1241
115000316,16,58,-42
115000317,159,743,-584
115000318,423,284,139
115000319,33,305,-272
115000320,22,234,-212
115000321,255,68,187
115000322,32,278,-246
115000449,483,140,343
115000557,0,277,-277
115000558,91,60,31
115000587,243,336,-93
115000588,2127,4701,-2574
115000589,2514,2617,-103
115000590,761,1626,-865
115000591,1496,660,836
115000592,1108,1584,-476
115000593,1275,436,839
115000594,925,1310,-385
115000609,131,100,31
115000617,2375,1143,1232
115000624,82,131,-49
115000633,353,2108,-1755
115000634,2559,643,1916
115000635,212,131,81
115000638,1608,847,761
115000641,128,120,8
115000642,418,213,205
115000643,103,629,-526
115000644,143,600,-457
115000646,714,925,-211
115000647,126,512,-386
115000648,610,1954,-1344
115000893,3606,766,2840
115000894,72,1493,-1421
115000895,242,1064,-822
115000896,761,297,464
115000897,471,82,389
115000898,1130,230,900
115000899,1217,873,344
115000900,83,365,-282
115000901,71,96,-25
115000912,187,100,87
115000913,5,69,-64
115000915,12,0,12
115000916,2,1,1
115000917,0,2,-2
115000918,105,167,-62
115000919,27,15,12
115000920,20,46,-26
115000921,2103,98,2005
115000922,779,334,445
115000923,430,765,-335
115000925,39,75,-36
115000927,4,26,-22
115000933,257,96,161
115000934,50,311,-261
115000935,25,153,-128
115000936,11,108,-97
115000937,235,68,167
115000938,23,33,-10
115000939,37,39,-2
115900001,24,125,-101
115900002,140,224,-84
115900003,69,172,-103
115900004,1,54,-53
115900005,38,1,37
115900006,73,487,-414
115900008,18,17,1
115900009,62,400,-338
115900010,108,253,-145
115900011,132,332,-200
115900012,23,140,-117
115900013,387,125,262
115900014,76,161,-85
115900015,21,172,-151
115900016,61,25,36
115900017,0,3,-3
115900018,193,101,92
115900019,1131,27,1104
115900020,11,0,11
115900021,2155,102,2053
115900022,2405,14,2391
115900023,11,0,11
115900025,107,171,-64
115900026,1111,451,660
115900027,2,595,-593
115900028,740,73,667
115900029,7,766,-759
115900030,11,2,9
115900031,285,101,184
115900032,283,760,-477
115900033,0,42,-42
115900034,18,767,-749
115900035,44,148,-104
115900036,171,210,-39
115900037,22,622,-600
115900038,2,15,-13
115900039,60,442,-382
115900041,225,222,3
115900042,5,4,1
115900043,31,202,-171
115900044,196,201,-5
115900046,157,305,-148
115900047,45,31,14
115900049,54,242,-188
115900051,1,158,-157
115900052,10,422,-412
115900053,52,439,-387
115900054,24,68,-44
115900055,10,188,-178
115900056,89,562,-473
115900057,14,0,14
115900058,34,94,-60
115900060,50,192,-142
115900061,36,0,36
115900062,14,433,-419
115900063,51,31,20
115900064,164,240,-76
115900065,27,200,-173
115900066,274,192,82
115900067,4,1087,-1083
115900068,4872,90,4782
115900069,64,238,-174
115900070,102,367,-265
115900071,3,923,-920
115900072,120,293,-173
115900073,11,16,-5
115900074,2,446,-444
115900075,16,442,-426
115900076,2,122,-120
115900077,10,438,-428
115900078,37,190,-153
115900079,52,7,45
115900080,496,185,311
115900081,18,94,-76
115900082,220,200,20
115900084,74,20,54
115900085,48,28,20
115900086,2095,435,1660
115900088,20,10,10
115900089,123,997,-874
115900090,73,10,63
115900091,3,31,-28
115900092,11,328,-317
115900093,0,49,-49
115900094,5,661,-656
115900096,0,24,-24
115900097,14,802,-788
115900098,51,613,-562
115900099,15,125,-110
115900100,9,820,-811
115900101,61,528,-467
115900102,5,146,-141
115900103,134,291,-157
115900104,22,242,-220
115900105,51,948,-897
115900106,11,28,-17
115900107,13,229,-216
115900108,23,46,-23
115900109,37,593,-556
115900110,1,22,-21
115900111,1,94,-93
115900112,30,1250,-1220
115900113,32,22,10
115900114,3,208,-205
115900115,15,166,-151
115900116,84,1410,-1326
115900117,10,17,-7
115900118,7,519,-512
115900119,38,125,-87
115900120,16,581,-565
115900121,87,354,-267
115900124,112,243,-131
115900125,114,21,93
115900126,260,65,195
115900127,298,28,270
115900128,4,77,-73
115900129,524,42,482
115900130,25,160,-135
115900131,95,4,91
115900132,114,6,108
115900134,97,13,84
115900135,655,466,189
115900137,4,5,-1
115900139,87,14,73
115900140,52,8,44
115900141,8,15,-7
115900142,8,9,-1
115900143,56,201,-145
115900144,15,160,-145
115900146,8,183,-175
115900147,128,193,-65
115900148,3,22,-19
115900149,10,34,-24
115900150,17,104,-87
115900151,14,41,-27
115900152,19,484,-465
115900153,12,290,-278
115900154,620,290,330
115900155,0,70,-70
115900156,351,741,-390
115900157,47,431,-384
115900158,40,13,27
115900159,16,304,-288
115900160,13,2,11
115900161,34,250,-216
115900163,80,152,-72
115900164,123,85,38
115900165,0,115,-115
115900166,143,319,-176
115900168,29,215,-186
115900171,51,481,-430
115900172,23,181,-158
115900173,83,137,-54
115900174,260,200,60
115900175,49,143,-94
115900178,5,1049,-1044
115900179,65,18,47
115900180,26,399,-373
115900181,76,330,-254
115900182,111,426,-315
115900183,107,13,94
115900184,1152,21,1131
115900187,4,98,-94
115900189,1,68,-67
115900190,791,374,417
115900191,55,721,-666
115900192,7,52,-45
115900193,64,45,19
115900194,191,17,174
115900195,443,526,-83
115900198,206,259,-53
115900199,82,328,-246
115900200,428,421,7
115900201,169,233,-64
115900202,0,6,-6
115900203,2,5,-3
115900204,0,0,0
115900205,33,13,20
115900206,19,163,-144
115900207,6,20,-14
115900208,28,461,-433
115900209,4,203,-199
115900210,3,222,-219
115900211,3,322,-319
115900212,35,281,-246
115900213,14,18,-4
115900214,123,432,-309
115900215,26,13,13
115900216,6,78,-72
115900217,1,71,-70
115900218,2,89,-87
115900219,19,4,15
115900220,48,9,39
115900221,14,9,5
115900222,19,3,16
115900223,3,39,-36
115900224,2017,217,1800
115900225,64,11,53
115900226,5,50,-45
115900227,4,52,-48
115900228,1,68,-67
115900229,6,59,-53
115900230,56,87,-31
115900231,47,1,46
115900232,18,0,18
115900233,38,13,25
115900234,44,18,26
115900235,1,17,-16
115900236,6,18,-12
115900237,5,33,-28
115900238,1,16,-15
115900239,2,35,-33
115900240,3,99,-96
115900241,39,111,-72
115900242,108,132,-24
115900243,11,16,-5
115900244,4,30,-26
115900245,15,14,1
115900246,13,0,13
115900247,11,2,9
115900248,9,0,9
115900249,2,8,-6
115900250,2,19,-17
115900251,0,3,-3
115900252,0,1,-1
115900253,1,10,-9
115900254,5,28,-23
115900255,7,2,5
115900256,40,7,33
115900257,2,11,-9
115900258,0,7,-7
115900259,4,5,-1
115900260,11,5,6
115900261,8,3,5
115900262,0,5,-5
115900263,3,2,1
115900264,3,12,-9
115900265,0,6,-6
115900266,2,2,0
115900267,1,1,0
115900268,6,1,5
115900269,117,528,-411
115900270,116,1090,-974
115900271,16,0,16
115900272,4,1,3
115900273,4,3,1
115900274,0,21,-21
115900275,2,43,-41
115900276,1,125,-124
115900277,1,181,-180
115900278,9,91,-82
115900279,11,156,-145
115900280,21,121,-100
115900281,453,59,394
115900282,8,5,3
116000001,23185,5521,17664
116000002,3798,3617,181
116000003,1671,2276,-605
116000004,1305,1527,-222
116000005,2511,3185,-674
116000006,1290,926,364
116000007,3900,4473,-573
116000008,2912,1207,1705
116000009,1868,3421,-1553
116000010,913,737,176
116000011,701,1910,-1209
116000012,398,512,-114
116000013,21175,5059,16116
116000014,25064,4601,20463
116000015,604,645,-41
116000016,10289,1544,8745
116000017,43,315,-272
116000018,770,426,344
116000019,527,191,336
116000020,390,1488,-1098
116000021,157,235,-78
116000022,254,570,-316
116000023,455,386,69
116000024,600,1751,-1151
116000025,379,415,-36
116000026,1208,2712,-1504
116000027,521,440,81
116000028,301,483,-182
116000029,1325,701,624
116000030,255,235,20
116000031,153,214,-61
116000032,97,336,-239
116000033,190,521,-331
116000034,384,825,-441
116000035,110,731,-621
116000036,2083,430,1653
116000037,556,319,237
116000038,568,254,314
116000039,713,394,319
116000040,1125,301,824
116000041,491,772,-281
116000042,365,236,129
116000043,62,457,-395
116000044,5,53,-48
116000045,1093,865,228
116000046,1013,794,219
116000047,1663,1669,-6
116000048,1659,1234,425
116000049,491,1589,-1098
116000050,1056,1716,-660
116000051,1510,1467,43
116000052,2236,3576,-1340
116000053,870,1074,-204
116000054,465,2848,-2383
116000055,273,2005,-1732
116000056,309,745,-436
116000057,3034,2727,307
116000058,3100,1986,1114
116000059,2666,2805,-139
116000060,3218,881,2337
116000061,246,909,-663
116000062,475,240,235
116000063,396,1320,-924
116000066,113,220,-107
116000067,244,719,-475
116000068,102,137,-35
116000069,204,653,-449
116000078,130,815,-685
116000080,869,1315,-446
116000082,8,166,-158
116000083,822,321,501
116000084,2470,4162,-1692
116000085,1604,822,782
116000086,2224,1362,862
116000087,764,674,90
116000088,815,1666,-851
116000089,114,89,25
116000090,126,173,-47
116000091,124,71,53
116000093,1304,518,786
116000094,336,912,-576
116000095,354,559,-205
116000096,436,1359,-923
116000097,270,819,-549
116000098,183,3489,-3306
116000099,9316,337,8979
116000100,53,5,48
116000101,261,2021,-1760
116000102,129,1501,-1372
116000103,214,225,-11
116000104,77,1808,-1731
116000105,477,312,165
116000106,123,1347,-1224
116000107,734,580,154
116000108,10,216,-206
116000111,39,23,16
116000113,142,51,91
116000114,13,218,-205
116000115,89,41,48
116000116,171,835,-664
116000117,746,1513,-767
116000118,810,1688,-878
116000119,1355,1254,101
116000120,2124,5733,-3609
116000121,492,343,149
116000122,1311,3201,-1890
116000123,342,376,-34
116000124,306,1555,-1249
116000125,1103,508,595
116000126,302,1833,-1531
116000127,924,1903,-979
116000128,810,654,156
116000129,312,191,121
116000130,109,181,-72
116000133,248,1047,-799
116000134,971,3594,-2623
116000135,892,1358,-466
116000136,839,2697,-1858
116000137,389,555,-166
116000138,1944,465,1479
116000139,1649,2364,-715
116000140,75,244,-169
116000141,353,1453,-1100
116000142,4077,4407,-330
116000143,1853,1456,397
116000144,954,3644,-2690
116000145,1164,1751,-587
116000146,182,460,-278
116000147,159,109,50
116000148,194,386,-192
116000149,231,546,-315
116000151,354,1055,-701
116000153,34,315,-281
116000155,135,212,-77
116000156,1575,1214,361
116000157,27,30,-3
116000158,100,523,-423
116000159,9,5,4
116000160,18,198,-180
116000161,18,175,-157
116000162,96,45,51
116000163,13,4,9
116000164,2,10,-8
116000177,16,93,-77
116000194,77,497,-420
116000195,992,691,301
116000196,8,1,7
116000197,3,5,-2
116000198,1562,804,758
116000200,862,196,666
116000201,509,817,-308
116000202,3,354,-351
116000203,4,138,-134
116000204,11,35,-24
116000205,0,245,-245
116000206,1,120,-119
116000207,0,50,-50
116000233,68,981,-913
116000287,65,685,-620
116000288,51,255,-204
116000292,32,307,-275
116000296,3,142,-139
116000297,29,9,20
116000304,25,21,4
116000305,1,169,-168
116000346,74,283,-209
116000352,37,58,-21
116000354,29,16,13
116000357,3,9,-6
116000358,94,33,61
116000361,119,6,113
116000372,11766,1790,9976
116000381,60,20,40
116000388,2,71,-69
116000389,496,636,-140
116000445,131,1004,-873
116000446,143,1218,-1075
116000447,20,480,-460
116000448,493,239,254
116000563,906,418,488
116000565,92,592,-500
116000568,29,80,-51
116000579,38,185,-147
116000584,1,20,-19
116000585,9,10,-1
116000586,278,113,165
116000587,90,528,-438
116000589,24,118,-94
116000590,53,39,14
116000591,39,303,-264
116000592,23,209,-186
116000593,0,53,-53
116000594,154,824,-670
116000595,302,280,22
116000596,37,3,34
116000597,117,65,52
116000598,11,312,-301
116000602,180,140,40
116000605,137,157,-20
116000606,13,90,-77
116000607,3,61,-58
116000609,208,499,-291
116000611,32,672,-640
116000612,437,1821,-1384
116000613,193,281,-88
116000614,397,1096,-699
116000615,1,105,-104
116000616,27,161,-134
116000617,32,173,-141
116000618,2,285,-283
116000619,9,50,-41
116000620,18,24,-6
116000621,19,50,-31
116000622,13,96,-83
116000624,11,66,-55
116000627,0,30,-30
116000628,15,926,-911
116000629,9,787,-778
116000630,73,69,4
116000631,13,65,-52
116000632,114,667,-553
116000633,8,1367,-1359
116000634,107,5,102
116000635,1472,843,629
116000636,249,625,-376
116000637,5,2,3
116000638,0,98,-98
116900001,86,108,-22
116900002,298,5,293
116900003,1,125,-124
116900004,17,30,-13
116900005,83,63,20
116900006,201,157,44
116900007,54,183,-129
116900008,109,635,-526
116900009,6,3,3
116900010,36,2438,-2402
116900011,21,96,-75
116900012,132,209,-77
116900013,8,339,-331
116900014,25,524,-499
116900015,81,108,-27
116900016,36,1,35
116900017,0,982,-982
116900018,24,31,-7
116900019,6,551,-545
116900020,2052,180,1872
116900023,14,8,6
116900024,113,106,7
116900025,299,1356,-1057
116900026,177,827,-650
116900027,13,42,-29
116900028,1,136,-135
116900029,20,11,9
116900031,0,7,-7
116900032,10,536,-526
116900033,1,3,-2
116900034,3,97,-94
116900035,71,235,-164
116900036,1,137,-136
116900038,11,2,9
116900041,13,8,5
116900042,1248,205,1043
116900043,8,46,-38
116900045,255,50,205
116900047,93,26,67
116900049,39,234,-195
116900050,57,308,-251
116900051,41,423,-382
116900052,131,70,61
116900055,1,1,0
116900057,9,342,-333
116900058,34,478,-444
116900059,2,228,-226
116900060,106,262,-156
116900062,0,9,-9
116900064,27,1227,-1200
116900065,4,92,-88
116900067,48,162,-114
116900068,87,667,-580
116900070,1,7,-6
116900072,9,663,-654
116900073,11,269,-258
116900074,5,73,-68
116900076,5,19,-14
116900077,3,235,-232
116900078,219,174,45
116900079,15,420,-405
116900080,5,28,-23
116900081,230,1874,-1644
116900082,133,1242,-1109
116900083,56,87,-31
116900084,171,51,120
116900085,24,174,-150
116900086,20,259,-239
116900088,447,45,402
116900090,178,59,119
116900091,94,138,-44
116900092,51,894,-843
116900093,2267,1612,655
116900094,8541,1616,6925
116900095,183,186,-3
116900096,94,99,-5
116900097,3458,1091,2367
116900098,1265,154,1111
116900099,454,228,226
116900100,318,12,306
116900101,250,811,-561
116900103,1,0,1
116900104,25,54,-29
116900105,103,37,66
116900106,549,404,145
116900107,5148,894,4254
116900110,7,0,7
116900111,103,1627,-1524
116900112,133,970,-837
116900113,3464,653,2811
116900116,90,186,-96
116900117,11,99,-88
116900118,1330,460,870
116900120,82,139,-57
116900121,23,74,-51
116900122,244,1311,-1067
116900123,75,1230,-1155
116900124,113,954,-841
116900125,123,286,-163
116900126,282,498,-216
116900128,0,42,-42
116900129,1,493,-492
116900130,1398,1971,-573
116900131,45,146,-101
116900132,27,92,-65
116900133,43,144,-101
116900134,140,243,-103
116900136,181,135,46
116900137,167,238,-71
116900138,90,307,-217
116900139,57,517,-460
116900140,110,259,-149
116900141,300,389,-89
116900142,0,15,-15
116900143,122,648,-526
116900144,20,20,0
116900145,77,496,-419
116900147,567,324,243
116900148,0,36,-36
116900149,16,80,-64
116900150,5,12,-7
116900151,34,12,22
116900153,39,63,-24
116900154,401,143,258
116900155,40,28,12
116900157,139,391,-252
116900158,27,64,-37
116900159,39,194,-155
116900160,374,219,155
116900161,11324,2845,8479
116900162,4,210,-206
116900163,36,253,-217
116900164,16,25,-9
116900165,82,87,-5
116900166,8,107,-99
116900167,179,60,119
116900168,80,134,-54
116900169,591,158,433
116900170,94,189,-95
116900171,14,297,-283
116900172,255,49,206
116900173,36,64,-28
116900174,4,11,-7
116900175,100,77,23
116900178,17,295,-278
116900179,53,57,-4
116900180,30,35,-5
116900182,244,237,7
116900183,85,69,16
116900185,11,21,-10
116900186,49,528,-479
116900187,8,9,-1
116900188,53,11,42
116900189,5,1,4
116900191,258,460,-202
116900192,127,184,-57
116900194,25,334,-309
116900195,12,3,9
116900196,4,170,-166
116900197,30,4,26
116900198,355,103,252
116900200,7,59,-52
116900201,21,6,15
116900202,123,77,46
116900203,41,6,35
116900204,15,52,-37
116900206,1,37,-36
116900207,6,30,-24
116900208,2,128,-126
116900209,6,172,-166
116900210,187,165,22
116900211,226,15,211
116900212,11,102,-91
116900213,97,244,-147
116900214,28,180,-152
116900215,48,107,-59
116900216,101,504,-403
116900218,4,495,-491
116900219,764,458,306
116900220,98,242,-144
116900221,58,257,-199
116900222,247,308,-61
116900223,84,207,-123
116900226,27,102,-75
116900227,49,59,-10
116900228,120,346,-226
116900230,30,423,-393
116900231,9,554,-545
116900232,5,563,-558
116900233,70,65,5
116900234,6,2,4
116900235,85,373,-288
116900238,1582,318,1264
116900239,71,608,-537
116900240,6586,1704,4882
116900241,28,205,-177
116900242,466,132,334
116900243,2,150,-148
116900245,9,23,-14
116900246,16,2,14
116900247,154,15,139
116900248,52,21,31
116900249,138,215,-77
116900250,76,52,24
116900251,483,120,363
116900252,31,1137,-1106
116900253,26,85,-59
116900254,4,115,-111
116900255,99,16,83
116900256,122,110,12
116900257,12,907,-895
116900258,1,489,-488
116900259,51,5,46
116900260,0,162,-162
116900261,30,7,23
116900262,53,142,-89
116900263,0,3,-3
116900264,1,1,0
116900265,16,3,13
116900266,1,64,-63
116900267,1,2,-1
116900268,1,16,-15
116900269,254,619,-365
116900271,4202,107,4095
116900272,492,708,-216
116900273,215,33,182
116900274,31,58,-27
116900275,31,177,-146
116900276,1085,56,1029
116900277,892,21,871
116900278,4,13,-9
116900279,0,30,-30
116900280,7,49,-42
116900281,9243,1536,7707
116900282,3,133,-130
116900283,14,179,-165
116900284,11,268,-257
116900285,350,129,221
116900286,207,8,199
116900287,8,106,-98
116900288,13,147,-134
116900289,1,34,-33
116900290,0,58,-58
116900291,1,18,-17
116900292,0,4,-4
116900293,5,112,-107
116900294,14,141,-127
116900295,115,56,59
116900296,23,42,-19
116900297,5,33,-28
116900298,87,38,49
116900299,21,62,-41
116900300,166,254,-88
116900301,51,74,-23
116900302,22,19,3
116900303,546,23,523
116900304,0,79,-79
116900305,9,26,-17
116900306,19,69,-50
117000001,911,1111,-200
117000002,1297,4897,-3600
117000003,5118,2718,2400
117000004,4773,5376,-603
117000005,910,1307,-397
117000006,869,4843,-3974
117000007,1892,1263,629
117000008,1267,4875,-3608
117000009,4237,1183,3054
117000010,2835,5006,-2171
117000011,744,1754,-1010
117000012,837,2165,-1328
117000013,615,1182,-567
117000014,563,2660,-2097
117000015,2621,1213,1408
117000016,261,62,199
117000017,293,142,151
117000018,99,310,-211
117000019,155,1,154
117000020,707,870,-163
117000021,3536,332,3204
117000022,407,43,364
117000023,536,98,438
117000024,526,71,455
117000025,647,736,-89
117000026,2151,692,1459
117000027,2229,1224,1005
117000028,1230,410,820
117000030,444,438,6
117000031,266,132,134
117000032,1865,1483,382
117000033,1189,857,332
117000034,202,336,-134
117000035,143,172,-29
117000036,260,256,4
117000037,154,199,-45
117000038,140,304,-164
117000039,178,334,-156
117000040,135,1834,-1699
117000041,627,143,484
117000044,22,1599,-1577
117000045,156,38,118
117000046,312,816,-504
117000047,276,651,-375
117000048,2316,1851,465
117000049,169,526,-357
117000050,87,3693,-3606
117000051,1025,166,859
117000052,19,928,-909
117000053,109,79,30
117000054,1030,9,1021
117000055,21,4785,-4764
117000056,394,18,376
117000057,621,2245,-1624
117000060,362,2652,-2290
117000061,753,650,103
117000062,161,528,-367
117000063,881,547,334
117000064,1045,689,356
117000066,1616,877,739
117000067,141,305,-164
117000074,183,129,54
117000076,100,57,43
117000077,163,46,117
117000078,76,682,-606
117000079,150,175,-25
117000080,2,451,-449
117000081,464,111,353
117000082,12,70,-58
117000083,44,5,39
117000084,250,4,246
117000085,128,436,-308
117000086,1026,869,157
117000087,74,476,-402
117000088,192,199,-7
117000089,971,415,556
117000090,179,1964,-1785
117000091,326,358,-32
117000092,236,2515,-2279
117000093,502,687,-185
117000094,506,3266,-2760
117000095,1084,765,319
117000096,476,3679,-3203
117000097,661,1075,-414
117000098,3088,7584,-4496
117000099,1454,752,702
117000100,82,91,-9
117000101,232,1885,-1653
117000102,647,495,152
117000103,846,2596,-1750
117000104,671,430,241
117000105,592,2687,-2095
117000106,488,671,-183
117000107,412,3553,-3141
117000108,625,649,-24
117000109,1939,4177,-2238
117000110,765,586,179
117000111,2829,4491,-1662
117000112,1809,1966,-157
117000113,107,606,-499
117000114,83,119,-36
117000115,34,324,-290
117000116,56,257,-201
117000117,1407,285,1122
117000118,120,174,-54
117000119,82,43,39
117000120,158,37,121
117000121,76,159,-83
117000122,562,665,-103
117000123,1630,28,1602
117000124,248,9,239
117000125,381,58,323
117000126,26,41,-15
117000127,159,363,-204
117000128,473,574,-101
117000129,321,43,278
117000130,84,0,84
117000131,0,23,-23
117000132,994,126,868
117000133,662,345,317
117000134,0,77,-77
117000135,7,48,-41
117000136,3,57,-54
117000137,36,58,-22
117000138,7,498,-491
117000140,338,2783,-2445
117000141,786,455,331
117000181,1279,374,905
117000182,198,125,73
117000195,178,1806,-1628
117000196,85,52,33
117000225,112,7,105
117000226,6,78,-72
117000276,86,12,74
117000277,4,744,-740
117000310,2048,2587,-539
117000315,31,438,-407
117000320,37,1,36
117000906,86,20,66
117000907,13,675,-662
117000908,46,12,34
117000909,44,20,24
117000910,204,120,84
117000911,109,292,-183
117000915,11,819,-808
117000916,7,1,6
117000917,468,12,456
117000918,24,29,-5
117000919,36,194,-158
117000920,6,2348,-2342
117000921,15,2990,-2975
117000922,44,99,-55
117000924,75,333,-258
117000926,1695,65,1630
117000927,930,247,683
117000928,0,327,-327
117000929,106,802,-696
117000930,52,14,38
117000931,394,26,368
117900002,134,355,-221
117900003,1179,248,931
117900005,4,10,-6
117900006,0,30,-30
117900007,85,222,-137
117900008,0,70,-70
117900010,73,183,-110
117900011,28,15,13
117900012,23,283,-260
117900013,1,513,-512
117900014,123,381,-258
117900015,10,309,-299
117900016,1441,331,1110
117900017,158,620,-462
117900018,173,20,153
117900019,125,685,-560
117900020,59,140,-81
117900021,11,138,-127
117900022,21,11,10
117900023,851,56,795
117900024,68,287,-219
117900025,24,21,3
117900026,158,515,-357
117900028,28,5,23
117900029,115,1201,-1086
117900030,172,138,34
117900031,44,59,-15
117900032,364,183,181
117900033,75,1191,-1116
117900034,35,33,2
117900035,56,51,5
117900036,88,950,-862
117900037,23,119,-96
117900038,30,648,-618
117900039,5,99,-94
117900040,115,826,-711
117900041,6,79,-73
117900042,5359,426,4933
117900043,24,52,-28
117900044,42,1253,-1211
117900045,55,57,-2
117900048,88,403,-315
117900049,69,807,-738
117900050,13,34,-21
117900051,13,7,6
117900052,28,228,-200
117900053,635,831,-196
117900054,1,8,-7
117900055,125,95,30
117900056,276,27,249
117900057,800,1381,-581
117900058,61,6,55
117900059,678,105,573
117900060,495,6995,-6500
117900061,8,103,-95
117900063,62,232,-170
117900065,730,1322,-592
117900066,9,36,-27
117900067,152,410,-258
117900069,254,582,-328
117900070,127,4,123
117900071,42,136,-94
117900073,139,444,-305
117900074,112,6,106
117900075,15,108,-93
117900076,9,36,-27
117900077,191,130,61
117900078,172,335,-163
117900080,55,48,7
117900081,611,539,72
117900082,136,165,-29
117900083,110,759,-649
117900086,48,57,-9
117900087,48,67,-19
117900088,3087,1743,1344
117900089,916,287,629
117900090,129,1030,-901
117900091,194,196,-2
117900092,24,63,-39
117900093,31,108,-77
117900094,13,6,7
117900095,57,692,-635
117900096,48,314,-266
117900097,147,85,62
117900098,4,2,2
117900099,62,566,-504
117900100,31,1,30
117900101,345,808,-463
117900102,18,58,-40
117900103,4,0,4
117900104,13,168,-155
117900105,137,196,-59
117900106,44,86,-42
117900107,6,0,6
117900109,173,309,-136
117900110,17,0,17
117900111,150,5,145
117900112,25,19,6
117900113,4612,1659,2953
117900114,3,0,3
117900115,85,29,56
117900116,977,753,224
117900117,360,307,53
117900118,7,0,7
117900119,66,411,-345
117900120,177,109,68
117900121,18,28,-10
117900122,979,1176,-197
117900123,376,1010,-634
117900124,515,608,-93
117900125,1048,655,393
117900126,305,657,-352
117900127,185,869,-684
117900128,142,1359,-1217
117900129,24,0,24
117900130,681,329,352
117900131,2,163,-161
117900132,1,131,-130
117900133,3,224,-221
117900134,73,250,-177
117900135,7,381,-374
117900136,0,97,-97
117900137,30,519,-489
117900138,0,78,-78
117900139,37,127,-90
117900140,5867,156,5711
117900141,188,263,-75
117900142,16,23,-7
117900144,57,84,-27
117900145,58,1,57
117900146,81,77,4
117900147,15,73,-58
117900148,3104,1047,2057
117900149,21,188,-167
117900150,13,206,-193
117900151,12,198,-186
117900152,62,105,-43
117900153,3,119,-116
117900154,159,644,-485
117900156,669,552,117
117900157,39,394,-355
117900158,90,52,38
117900160,216,250,-34
117900161,2830,2630,200
117900162,129,361,-232
117900163,46,18,28
117900165,0,12,-12
117900166,73,197,-124
117900168,59,213,-154
117900169,0,153,-153
117900170,0,67,-67
117900171,2,21,-19
117900172,15,43,-28
117900173,209,48,161
117900174,56,70,-14
117900175,9,35,-26
117900176,5,63,-58
117900177,5,64,-59
117900178,93,41,52
117900180,343,23,320
117900181,158,165,-7
117900182,2,8,-6
117900183,22,142,-120
117900184,2,48,-46
117900185,10,27,-17
117900186,11,20,-9
117900187,17,7,10
117900188,198,18,180
117900189,73,8,65
117900190,5,0,5
117900191,39,1,38
117900192,52,0,52
117900193,19,59,-40
117900194,4,2,2
117900195,3,24,-21
117900196,3,17,-14
117900207,94,85,9
117900208,37,56,-19
117900209,167,138,29
117900210,123,184,-61
117900211,12,278,-266
117900212,75,165,-90
117900213,11,14,-3
117900214,2,45,-43
117900215,7,26,-19
117900216,7,15,-8
117900217,70,18,52
117900218,186,120,66
117900219,2,34,-32
117900220,26,67,-41
117900222,86,280,-194
117900223,64,113,-49
118000001,573,358,215
118000002,1435,2094,-659
118000003,1165,807,358
118000004,2947,2489,458
118000005,6407,1358,5049
118000006,9878,6814,3064
118000007,7484,1954,5530
118000008,6014,3050,2964
118000009,2488,4761,-2273
118000010,6497,5222,1275
118000011,646,3955,-3309
118000012,984,3784,-2800
118000013,4158,3807,351
118000014,2115,4319,-2204
118000016,276,845,-569
118000017,183,512,-329
118000018,243,1015,-772
118000019,1782,1441,341
118000020,1332,1226,106
118000021,700,1408,-708
118000022,2393,600,1793
118000023,1289,266,1023
118000024,1902,680,1222
118000027,19381,4726,14655
118000029,1620,494,1126
118000032,1860,1287,573
118000033,2895,2076,819
118000034,5648,2114,3534
118000035,1623,1317,306
118000036,1144,1042,102
118000037,534,1067,-533
118000038,144,128,16
118000039,91,448,-357
118000040,1275,2715,-1440
118000041,1493,1528,-35
118000045,838,138,700
118000046,1743,626,1117
118000047,1719,373,1346
118000048,3636,1333,2303
118000051,2788,659,2129
118000052,2109,589,1520
118000053,800,543,257
118000054,3794,1464,2330
118000055,3397,1415,1982
118000056,438,323,115
118000057,571,367,204
118000058,3182,1109,2073
118000059,1647,708,939
118000060,634,989,-355
118000061,673,1329,-656
118000062,489,255,234
118000063,296,435,-139
118000064,894,1274,-380
118000065,6020,1378,4642
118000066,743,917,-174
118000067,1702,1141,561
118000068,1944,2898,-954
118000069,3697,1462,2235
118000070,9819,1584,8235
118000071,4629,4200,429
118000072,2194,911,1283
118000073,2956,398,2558
118000074,244,339,-95
118000075,799,389,410
118000076,979,979,0
118000077,1278,1125,153
118000078,1635,2008,-373
118000079,379,571,-192
118000080,1054,882,172
118000081,1092,1204,-112
118000082,326,621,-295
118000083,2960,1010,1950
118000084,3268,1779,1489
118000086,159,922,-763
118000087,7478,2678,4800
118000088,2281,2323,-42
118000089,4439,2756,1683
118000090,2647,2084,563
118000091,2238,1806,432
118000092,1533,420,1113
118000093,147,520,-373
118000096,366,469,-103
118000097,518,482,36
118000098,183,218,-35
118000099,236,1209,-973
118000101,479,366,113
118000102,276,2310,-2034
118000107,4351,466,3885
118000108,478,622,-144
118000110,0,27,-27
118000111,5,929,-924
118000112,103,0,103
118000113,8,1444,-1436
118000114,58,1,57
118000115,17,5,12
118000116,18,0,18
118000117,1351,955,396
118000118,634,778,-144
118000119,760,1522,-762
118000120,1357,1754,-397
118000121,47,471,-424
118000122,770,135,635
118000123,33,256,-223
118000125,1857,1579,278
118000126,460,2152,-1692
118000127,1482,714,768
118000128,682,1335,-653
118000129,641,262,379
118000130,3776,5762,-1986
118000131,629,1522,-893
118000132,2245,1686,559
118000133,290,593,-303
118000135,322,408,-86
118000136,101,652,-551
118000137,558,67,491
118000138,286,1233,-947
118000139,157,136,21
118000140,2326,2698,-372
118000141,1500,2353,-853
118000142,1003,2843,-1840
118000143,847,968,-121
118000144,1745,1212,533
118000145,1213,3914,-2701
118000146,847,2337,-1490
118000147,620,2528,-1908
118000148,258,1458,-1200
118000149,455,1339,-884
118000150,206,214,-8
118000151,133,454,-321
118000153,515,1460,-945
118000154,476,1779,-1303
118000155,511,1542,-1031
118000156,2469,2415,54
118000157,422,439,-17
118000158,117,616,-499
118000159,25,69,-44
118000160,245,529,-284
118000161,265,1358,-1093
118000162,1279,822,457
118000163,352,774,-422
118000164,2368,1599,769
118000168,2022,241,1781
118000169,1249,2381,-1132
118000170,4635,9415,-4780
118000171,192,837,-645
118000172,68,340,-272
118000173,702,1186,-484
118000175,183,309,-126
118000176,189,442,-253
118000177,184,560,-376
118000178,56,53,3
118000179,2171,770,1401
118000180,812,900,-88
118000181,778,472,306
118000182,226,397,-171
118000183,172,190,-18
118000184,331,1655,-1324
118000185,1265,805,460
118000186,601,1020,-419
118000187,575,1432,-857
118000188,190,296,-106
118000189,233,955,-722
118000190,8,12,-4
118000191,9,46,-37
118000192,162,183,-21
118000193,62,251,-189
118000194,1982,1139,843
118000195,969,479,490
118000196,344,86,258
118000197,226,106,120
118000198,761,271,490
118000199,487,263,224
118000200,87,248,-161
118000201,409,317,92
118000202,30,41,-11
118000203,1560,357,1203
118000204,207,170,37
118000205,324,313,11
118000206,138,199,-61
118000207,0,129,-129
118000208,1048,1732,-684
118000209,1069,2376,-1307
118000210,20,37,-17
118000211,4,30,-26
118000213,771,708,63
118000214,692,226,466
118000215,223,356,-133
118000216,1052,3537,-2485
118000217,12,224,-212
118000218,28,134,-106
118000219,505,473,32
118000220,3,21,-18
118000221,60,242,-182
118000222,92,30,62
118000223,8,41,-33
118000224,287,169,118
118000225,106,1057,-951
118000226,296,83,213
118000227,1318,409,909
118000228,271,122,149
118000229,142,16,126
118000230,54,352,-298
118000231,17,197,-180
118000232,396,1292,-896
118000233,436,1001,-565
118000234,137,386,-249
118000236,216,479,-263
118000237,47,802,-755
118000238,72,392,-320
118000239,237,312,-75
118000240,626,74,552
118000241,81,337,-256
118000242,277,906,-629
118000243,114,202,-88
118000244,7,228,-221
118000246,0,8,-8
118000255,31,224,-193
118000256,25,206,-181
118000259,3,55,-52
118000260,96,138,-42
118000261,7,176,-169
118000263,51,236,-185
118000266,105,602,-497
118000267,0,144,-144
118000268,102,1,101
118000270,31,61,-30
118000271,92,393,-301
118000272,23,58,-35
118000273,38,94,-56
118000274,87,449,-362
118000276,217,393,-176
118000295,6,42,-36
118000298,169,743,-574
118000299,50,351,-301
118000301,0,78,-78
118000302,59,145,-86
118000311,79,167,-88
118000312,93,252,-159
118000313,31,227,-196
118000314,43,117,-74
118000315,22,72,-50
118000316,373,623,-250
118000325,17,120,-103
118000326,26,63,-37
118000331,20,107,-87
118000332,8,89,-81
118000333,12,108,-96
118000335,40,0,40
118000336,2,548,-546
118000407,47,118,-71
118000457,10,53,-43
118000465,3905,2307,1598
118000480,17,223,-206
118000489,48,141,-93
118000490,107,669,-562
118000492,122,247,-125
118000510,99,30,69
118000514,115,451,-336
118000515,408,261,147
118000517,469,194,275
118000524,791,120,671
118000525,979,1123,-144
118000530,19,131,-112
118000531,86,278,-192
118000532,117,463,-346
118000533,207,199,8
118000534,296,567,-271
118000535,80,117,-37
118000536,804,311,493
118000537,28,98,-70
118000538,20,137,-117
118000539,35,137,-102
118000540,246,321,-75
118000541,185,145,40
118000542,62,156,-94
118000543,128,229,-101
118000546,17,38,-21
118000560,4154,539,3615
118000562,6,481,-475
118000563,2129,1859,270
118000576,58,326,-268
118000577,143,223,-80
118000578,120,103,17
118000579,845,1024,-179
118000595,86,63,23
118000596,0,74,-74
118000597,54,196,-142
118000598,5,0,5
118000599,11,42,-31
118000600,3,47,-44
118000601,3,0,3
118000602,0,57,-57
118000603,1,20,-19
118900001,1769,598,1171
118900002,1377,532,845
118900003,56,13,43
118900004,23,77,-54
118900005,50,1,49
118900006,24,0,24
118900007,9,3,6
118900008,973,44,929
118900009,24,7,17
118900010,11,8,3
118900011,92,22,70
118900012,242,275,-33
118900013,696,30,666
118900015,91,49,42
118900016,16,17,-1
118900017,62,103,-41
118900018,1408,9,1399
118900019,44,9,35
118900020,116,125,-9
118900021,95,357,-262
118900022,68,132,-64
118900023,37,103,-66
118900024,24,207,-183
118900025,29,18,11
118900026,46,112,-66
118900027,359,229,130
118900028,57,186,-129
118900029,79,464,-385
118900030,42,58,-16
118900031,38,156,-118
118900032,61,268,-207
118900033,272,808,-536
118900034,23,7,16
118900035,104,338,-234
118900036,392,629,-237
118900037,244,299,-55
118900038,150,565,-415
118900039,158,383,-225
118900040,66,163,-97
118900041,108,192,-84
118900042,65,92,-27
118900045,158,109,49
118900046,909,103,806
118900047,820,166,654
118900048,39,112,-73
118900049,57,22,35
118900050,10,198,-188
118900051,13,37,-24
118900052,170,261,-91
118900053,29,105,-76
118900054,45,96,-51
118900055,16,132,-116
118900056,20,87,-67
118900057,138,229,-91
118900058,209,455,-246
118900059,11,64,-53
118900060,16,100,-84
118900062,53,205,-152
118900064,707,252,455
118900065,21,123,-102
118900066,46,106,-60
118900067,9683,2814,6869
118900068,1,96,-95
118900069,108,297,-189
118900071,7,50,-43
118900072,207,456,-249
118900073,32,123,-91
118900074,29,122,-93
118900075,11,73,-62
118900076,91,50,41
118900077,123,221,-98
118900078,13,5,8
118900079,40,167,-127
118900080,2,67,-65
118900081,39,12,27
118900082,188,148,40
118900083,5,27,-22
118900084,7,7,0
118900085,356,932,-576
118900086,11,39,-28
118900087,20,90,-70
118900088,0,21,-21
118900089,5,11,-6
118900090,315,509,-194
118900091,162,73,89
118900092,70,108,-38
118900093,100,10,90
118900096,30,16,14
118900097,115,909,-794
118900099,35,311,-276
118900100,81,158,-77
118900101,25,976,-951
118900102,11,58,-47
118900103,42,45,-3
118900104,35,204,-169
118900105,146,123,23
118900107,260,146,114
118900108,36,122,-86
118900110,2012,278,1734
118900111,201,782,-581
118900112,32,83,-51
118900113,50,933,-883
118900114,8,120,-112
118900115,84,349,-265
118900116,55,210,-155
118900117,37,214,-177
118900118,118,576,-458
118900119,41,320,-279
118900120,77,311,-234
118900121,4,364,-360
118900122,7,391,-384
118900123,77,239,-162
118900124,48,279,-231
118900126,10,158,-148
118900129,89,183,-94
118900130,21,42,-21
118900131,37,352,-315
118900132,197,210,-13
118900133,16,64,-48
118900135,100,305,-205
118900136,209,967,-758
118900137,0,12,-12
118900139,40,688,-648
118900140,321,1122,-801
118900141,46,475,-429
118900144,67,1007,-940
118900145,37,220,-183
118900146,182,904,-722
118900147,54,79,-25
118900148,21,91,-70
118900150,127,229,-102
118900152,188,1119,-931
118900157,76,110,-34
118900158,25,141,-116
118900159,2,255,-253
118900161,48,6,42
118900163,223,60,163
118900164,1,129,-128
118900165,26,482,-456
118900166,36,1,35
118900167,22,231,-209
118900168,1,51,-50
118900169,37,685,-648
118900170,52,120,-68
118900171,4,30,-26
118900174,20,78,-58
118900175,59,369,-310
118900176,69,187,-118
118900177,14,57,-43
118900178,20,144,-124
118900179,0,69,-69
118900181,61,129,-68
118900182,91,25,66
118900183,4,51,-47
118900184,220,73,147
118900185,28,149,-121
118900186,49,121,-72
118900187,86,298,-212
118900188,135,352,-217
118900189,13,323,-310
118900190,19,921,-902
118900191,48,41,7
118900192,82,35,47
118900193,82,11,71
118900195,319,1187,-868
118900196,22,209,-187
118900197,49,108,-59
118900198,2,73,-71
118900199,9,47,-38
118900200,7,7,0
118900201,8,9,-1
118900202,9,90,-81
118900203,6,59,-53
118900204,2,38,-36
118900205,6,30,-24
118900206,1,54,-53
119000001,742,950,-208
119000002,4207,2610,1597
119000003,1476,2037,-561
119000004,1688,1452,236
119000005,1095,1564,-469
119000006,1145,1541,-396
119000007,2565,3153,-588
119000008,1589,2943,-1354
119000009,6128,2505,3623
119000010,14980,4309,10671
119000011,8684,1858,6826
119000012,9095,3208,5887
119000013,2863,1259,1604
119000014,3098,4401,-1303
119000019,165,202,-37
119000020,833,1409,-576
119000021,2275,2167,108
119000022,4435,1431,3004
119000023,283,220,63
119000024,3353,4729,-1376
119000025,17173,1677,15496
119000026,545,249,296
119000027,1284,447,837
119000028,2495,1465,1030
119000029,199,287,-88
119000030,395,1644,-1249
119000031,479,889,-410
119000032,3107,2747,360
119000033,1801,2271,-470
119000034,848,1347,-499
119000035,21,543,-522
119000036,648,1570,-922
119000037,777,3559,-2782
119000038,92,1700,-1608
119000039,106,503,-397
119000040,1422,579,843
119000041,1060,1027,33
119000048,5116,5140,-24
119000049,1219,4841,-3622
119000050,1646,3035,-1389
119000051,1616,985,631
119000052,2363,3454,-1091
119000053,1623,1226,397
119000054,2266,4990,-2724
119000055,1820,4401,-2581
119000056,1269,2732,-1463
119000057,1214,3371,-2157
119000058,1445,3009,-1564
119000059,878,2032,-1154
119000060,821,870,-49
119000061,810,1174,-364
119000062,861,1705,-844
119000063,194,261,-67
119000064,1345,1972,-627
119000065,1862,4275,-2413
119000066,1187,1114,73
119000067,1611,3647,-2036
119000068,989,1298,-309
119000069,954,3574,-2620
119000070,1216,1476,-260
119000071,741,1382,-641
119000072,6906,4960,1946
119000073,4688,5919,-1231
119000074,550,5165,-4615
119000075,586,3372,-2786
119000076,441,1203,-762
119000077,574,736,-162
119000078,253,442,-189
119000079,70,1027,-957
119000080,94,391,-297
119000081,233,629,-396
119000082,415,387,28
119000083,202,391,-189
119000084,236,840,-604
119000085,726,410,316
119000086,224,556,-332
119000087,1541,1174,367
119000088,170,286,-116
119000089,56,171,-115
119000090,246,180,66
119000091,177,357,-180
119000092,857,229,628
119000093,4388,4874,-486
119000094,1593,5291,-3698
119000095,1011,4044,-3033
119000097,5345,2112,3233
119000098,624,1239,-615
119000099,2156,2191,-35
119000100,1934,2426,-492
119000101,2678,3301,-623
119000102,771,540,231
119000103,1426,687,739
119000104,3921,1986,1935
119000105,584,781,-197
119000106,168,2881,-2713
119000107,303,510,-207
119000108,173,1854,-1681
119000109,61,470,-409
119000110,443,858,-415
119000111,24,519,-495
119000112,187,229,-42
119000113,2841,332,2509
119000114,866,529,337
119000115,155,113,42
119000116,126,90,36
119000117,123,353,-230
119000118,3,1,2
119000123,2474,579,1895
119000124,208,311,-103
119000125,1091,1540,-449
119000126,157,1425,-1268
119000127,168,1398,-1230
119000128,45,5,40
119000131,338,1541,-1203
119000132,1,6,-5
119000133,0,9,-9
119000134,4936,610,4326
119000135,42,326,-284
119000136,62,518,-456
119000137,66,824,-758
119000138,153,679,-526
119000139,111,513,-402
119000140,108,239,-131
119000284,2050,3130,-1080
119000285,3393,2707,686
119000286,7383,5781,1602
119000287,1395,3001,-1606
119000288,1420,2770,-1350
119000289,2603,5793,-3190
119000290,215,695,-480
119000291,3,504,-501
119000293,81,194,-113
119000294,28,35,-7
119000295,2381,863,1518
119000296,153,189,-36
119000302,5869,1501,4368
119000303,21,163,-142
119000314,1775,4641,-2866
119000315,3,1050,-1047
119000316,17,132,-115
119000317,8,855,-847
119900001,122,623,-501
119900002,34,304,-270
119900003,51,1859,-1808
119900004,420,263,157
119900005,48,229,-181
119900006,93,364,-271
119900007,462,61,401
119900008,78,37,41
119900009,299,627,-328
119900010,919,1353,-434
119900011,36,32,4
119900012,16,45,-29
119900013,1391,636,755
119900014,587,290,297
119900015,47,24,23
119900016,13,137,-124
119900017,24,53,-29
119900018,1252,194,1058
119900019,14,10,4
119900020,61,252,-191
119900021,67,89,-22
119900022,101,223,-122
119900023,1036,338,698
119900025,38,31,7
119900026,1140,55,1085
119900027,9,39,-30
119900028,68,33,35
119900029,3,14,-11
119900030,498,511,-13
119900031,21,166,-145
119900033,3158,187,2971
119900034,74,170,-96
119900037,27,50,-23
119900038,28,125,-97
119900039,34,2,32
119900040,27,14,13
119900041,39,59,-20
119900042,62,144,-82
119900043,25,189,-164
119900044,152,312,-160
119900046,22,107,-85
119900047,97,40,57
119900048,13,48,-35
119900049,9,5,4
119900050,49,48,1
119900051,138,13,125
119900052,10,115,-105
119900053,75,200,-125
119900054,17,1,16
119900055,480,243,237
119900057,56,117,-61
119900058,61,0,61
119900059,62,57,5
119900060,78,10,68
119900062,23,63,-40
119900063,17,41,-24
119900064,192,49,143
119900065,101,1,100
119900066,2,1,1
119900067,40,33,7
119900068,106,1,105
119900069,19,29,-10
119900070,132,3,129
119900071,158,10,148
119900073,2145,483,1662
119900074,43,31,12
119900075,7436,1788,5648
119900076,165,588,-423
119900077,219,2235,-2016
119900078,207,1027,-820
119900079,45,441,-396
119900080,605,1776,-1171
119900081,391,400,-9
119900082,316,235,81
119900083,261,115,146
119900084,432,161,271
119900085,183,45,138
119900087,203,183,20
119900088,33,91,-58
119900089,3,805,-802
119900090,270,118,152
119900091,30,1658,-1628
119900092,92,639,-547
119900093,780,101,679
119900094,15,275,-260
119900095,185,78,107
119900096,64,101,-37
119900097,355,156,199
119900098,16,58,-42
119900099,25,358,-333
119900100,3182,1321,1861
119900101,228,849,-621
119900102,28,459,-431
119900103,32,704,-672
119900104,38,508,-470
119900105,503,2347,-1844
119900106,11,367,-356
119900107,330,4816,-4486
119900108,2218,979,1239
119900109,14,337,-323
119900110,319,1082,-763
119900111,43,546,-503
119900112,3743,617,3126
119900113,80,785,-705
119900114,107,2675,-2568
119900115,61,1802,-1741
119900116,165,213,-48
119900117,156,1753,-1597
119900118,17,1655,-1638
119900119,69,530,-461
119900120,753,982,-229
119900121,113,2178,-2065
119900122,231,515,-284
119900123,162,313,-151
119900124,38,1650,-1612
119900125,46,667,-621
119900126,8559,322,8237
119900127,3257,1024,2233
119900128,214,1521,-1307
119900129,72,1418,-1346
119900130,39,400,-361
119900131,15,525,-510
119900132,1,609,-608
119900133,14,35,-21
119900134,3072,335,2737
119900135,5,735,-730
119900136,213,889,-676
119900138,514,1008,-494
119900139,13,89,-76
119900140,3,235,-232
119900141,151,333,-182
119900142,12,29,-17
119900143,7,292,-285
119900144,3315,287,3028
119900145,52,414,-362
119900146,192,94,98
119900147,2,123,-121
119900148,51,73,-22
119900149,2501,1974,527
119900150,186,330,-144
119900151,1879,929,950
119900152,39,671,-632
119900153,60,72,-12
119900154,16,406,-390
119900155,26,35,-9
119900156,4,1,3
119900157,24,451,-427
119900158,57,94,-37
119900159,4,2141,-2137
119900160,8,429,-421
119900161,148,380,-232
119900162,506,511,-5
119900163,153,95,58
119900164,0,0,0
119900165,45,445,-400
119900166,46,47,-1
119900167,53,194,-141
119900168,262,461,-199
119900169,171,135,36
119900170,136,224,-88
119900171,632,791,-159
119900172,162,26,136
119900173,48,802,-754
119900174,1,482,-481
119900175,402,785,-383
119900177,14,296,-282
119900178,8,290,-282
119900179,25,191,-166
119900180,559,613,-54
119900181,28,26,2
119900182,9,813,-804
119900183,118,1346,-1228
119900184,4052,595,3457
119900185,12,77,-65
119900186,64,174,-110
119900187,9,941,-932
119900188,16,318,-302
119900189,396,191,205
119900190,42,101,-59
119900191,197,109,88
119900192,11,299,-288
119900193,80,280,-200
119900194,6,27,-21
119900195,14,376,-362
119900196,3016,511,2505
119900197,85,121,-36
119900198,106,684,-578
119900199,200,11,189
119900200,231,656,-425
119900201,578,333,245
119900202,231,65,166
119900203,78,237,-159
119900204,139,453,-314
119900205,128,969,-841
119900206,20,178,-158
119900208,119,183,-64
119900209,241,439,-198
119900210,9,37,-28
119900211,74,9,65
119900212,60,480,-420
119900213,2,51,-49
119900214,11,158,-147
119900215,9,142,-133
119900216,8,198,-190
119900217,5,88,-83
119900218,12,91,-79
119900219,2,167,-165
119900220,7,180,-173
119900221,10,677,-667
119900222,16,522,-506
119900223,26,178,-152
119900224,40,55,-15
119900225,1882,55,1827
119900226,1630,938,692
119900227,2367,463,1904
119900228,121,461,-340
119900229,238,588,-350
119900230,1830,788,1042
119900231,42,246,-204
119900232,129,45,84
119900233,15,2,13
119900234,19,26,-7
119900235,23,24,-1
119900236,13,365,-352
119900237,77,810,-733
119900238,0,101,-101
119900240,23,213,-190
119900241,100,396,-296
119900242,2619,778,1841
119900244,803,1389,-586
119900245,31,143,-112
119900246,191,195,-4
119900247,14,52,-38
119900248,18,41,-23
119900249,116,41,75
119900253,5646,389,5257
119900254,37,139,-102
119900255,51,751,-700
119900256,165,2287,-2122
119900257,21,0,21
119900258,27,18,9
119900259,6,417,-411
119900260,31,3,28
119900261,104,293,-189
119900262,1,425,-424
119900263,913,501,412
119900264,33,454,-421
119900265,120,610,-490
119900266,73,421,-348
119900267,70,648,-578
119900268,58,485,-427
119900269,203,2419,-2216
119900271,50,109,-59
119900272,106,35,71
119900275,62,11,51
119900276,1,1,0
119900277,12,11,1
119900278,279,56,223
119900279,96,206,-110
119900280,1192,192,1000
119900281,1,81,-80
119900282,53,16,37
119900283,5,500,-495
119900284,26,234,-208
119900285,203,105,98
119900286,242,42,200
119900288,4,43,-39
119900289,0,34,-34
119900290,0,45,-45
119900291,0,46,-46
119900292,13,7,6
119900293,13,4,9
119900294,14,1,13
119900295,5,0,5
119900296,17,18,-1
119900299,14,494,-480
119900300,101,409,-308
119900301,103,40,63
119900302,57,36,21
119900303,154,458,-304
119900304,41,30,11
119900305,31,110,-79
119900306,16,1,15
119900307,14,215,-201
119900308,1,17,-16
119900309,2,34,-32
119900310,278,342,-64
119900311,23,211,-188
119900312,24,116,-92
119900313,134,545,-411
119900314,30,293,-263
119900315,385,4126,-3741
119900318,2,11,-9
119900319,1,560,-559
119900320,180,1024,-844
119900321,23,5,18
119900322,80,46,34
119900323,10,62,-52
119900324,3,38,-35
119900325,0,453,-453
119900326,7,13,-6
120000001,9312,7000,2312
120000002,2308,4366,-2058
120000003,4528,2801,1727
120000004,3547,3519,28
120000005,6641,2804,3837
120000006,1582,1698,-116
120000007,3828,2646,1182
120000008,1165,1786,-621
120000009,6902,1191,5711
120000010,1341,4716,-3375
120000011,907,2957,-2050
120000012,1625,4237,-2612
120000013,1769,3572,-1803
120000014,412,2235,-1823
120000015,2336,2172,164
120000016,2675,2319,356
120000017,1784,1599,185
120000018,6692,6526,166
120000019,780,952,-172
120000020,2840,2220,620
120000021,2524,1800,724
120000022,3476,3256,220
120000023,744,1950,-1206
120000024,1383,2651,-1268
120000025,1669,2973,-1304
120000026,905,2433,-1528
120000027,1235,1902,-667
120000028,572,458,114
120000029,4134,555,3579
120000030,255,719,-464
120000031,2444,5481,-3037
120000032,15097,4247,10850
120000033,2254,2149,105
120000034,913,3400,-2487
120000035,1145,3242,-2097
120000036,2456,4563,-2107
120000037,505,736,-231
120000038,15960,3909,12051
120000039,452,1466,-1014
120000040,92,149,-57
120000041,414,2922,-2508
120000042,1886,7650,-5764
120000043,4481,4040,441
120000044,2418,1388,1030
120000045,2354,1068,1286
120000046,1236,1866,-630
120000047,2857,3204,-347
120000048,11456,3491,7965
120000049,2204,3365,-1161
120000050,2480,5694,-3214
120000051,4970,4752,218
120000052,20051,3086,16965
120000053,896,6074,-5178
120000054,1866,9217,-7351
120000055,842,5966,-5124
120000056,3653,7213,-3560
120000057,2019,1418,601
120000058,374,189,185
120000059,188,1530,-1342
120000061,79,892,-813
120000062,253,378,-125
120000063,2582,4841,-2259
120000064,327,2583,-2256
120000065,412,2519,-2107
120000066,93,680,-587
120000067,40,803,-763
120000068,118,1710,-1592
120000069,446,2439,-1993
120000070,24,1597,-1573
120000071,127,192,-65
120000072,185,527,-342
120000073,173,117,56
120000074,95,109,-14
120000075,176,242,-66
120000076,569,321,248
120000077,941,435,506
120000078,4943,533,4410
120000079,66,122,-56
120000080,49,114,-65
120000081,173,82,91
120000082,127,149,-22
120000083,37,155,-118
120000084,472,813,-341
120000085,359,577,-218
120000086,176,948,-772
120000087,103,1781,-1678
120000088,647,1620,-973
120000089,735,550,185
120000090,291,559,-268
120000091,447,986,-539
120000092,715,665,50
120000093,173,613,-440
120000094,81,393,-312
120000095,653,1120,-467
120000096,211,1920,-1709
120000098,564,1603,-1039
120000099,125,1083,-958
120000100,441,1263,-822
120000101,345,669,-324
120000102,289,403,-114
120000103,632,336,296
120000104,785,218,567
120000105,842,214,628
120000106,885,264,621
120000107,1042,340,702
120000108,280,98,182
120000109,494,51,443
120000110,72,1321,-1249
120000111,99,2074,-1975
120000112,528,6483,-5955
120000113,489,4507,-4018
120000114,347,3287,-2940
120000115,265,2858,-2593
120000116,499,2706,-2207
120000117,1448,2166,-718
120000118,20,11,9
120000119,44,49,-5
120000120,41,39,2
120000121,30,36,-6
120000122,214,209,5
120000123,9029,2069,6960
120000124,249,611,-362
120000125,229,932,-703
120000126,233,531,-298
120000127,1159,453,706
120000128,2790,1858,932
120000129,327,275,52
120000130,646,797,-151
120000131,166,496,-330
120000134,364,2210,-1846
120000135,92,447,-355
120000137,89,3719,-3630
120000138,181,880,-699
120000139,118,1625,-1507
120000140,223,1120,-897
120000141,91,834,-743
120000142,106,934,-828
120000143,8,239,-231
120000144,34,1,33
120000145,95,5,90
120000146,2019,615,1404
120000149,423,1332,-909
120000150,8135,7893,242
120000151,445,478,-33
120000152,172,463,-291
120000153,125,1267,-1142
120000154,406,430,-24
120000155,80,150,-70
120000156,2246,452,1794
120000157,763,878,-115
120000158,552,1273,-721
120000159,2416,2884,-468
120000160,2172,1340,832
120000161,967,3407,-2440
120000162,43,253,-210
120000163,189,1996,-1807
120000164,195,746,-551
120000165,147,1425,-1278
120000166,375,792,-417
120000167,24,34,-10
120000168,1,86,-85
120000169,79,212,-133
120000170,114,139,-25
120000171,9,33,-24
120000172,20,22,-2
120000173,2035,103,1932
120000174,379,4,375
120000175,546,10,536
120000176,212,65,147
120000177,1518,423,1095
120000178,72,13,59
120000179,398,22,376
120000180,585,31,554
120000181,187,89,98
120000182,80,58,22
120000183,3,174,-171
120000184,169,2267,-2098
120000186,63,54,9
120000187,57,31,26
120000188,220,39,181
120000190,972,6,966
120000191,1786,10,1776
120000192,2233,7,2226
120000193,941,2,939
120000195,79,4,75
120000196,334,31,303
120000197,97,100,-3
120000198,86,237,-151
120000199,21,0,21
120000200,30,1,29
120000201,17,16,1
120000202,1,96,-95
120000203,12,607,-595
120000207,5,192,-187
120000208,25,532,-507
120000209,6,163,-157
120000210,294,136,158
120000211,43,0,43
120000212,36,0,36
120000213,55,652,-597
120000214,0,674,-674
120000215,1,274,-273
120000216,32,4,28
120000217,1165,2276,-1111
120000218,359,2267,-1908
120000219,16,1465,-1449
120000220,28,4407,-4379
120000225,466,0,466
120000226,197,3,194
120000227,766,22,744
120000228,12024,1587,10437
120000230,77,10,67
120000231,375,3745,-3370
120000233,105,50,55
120000235,103,970,-867
120000236,494,1,493
120000237,6,3892,-3886
120000238,0,75,-75
120000241,1112,2629,-1517
120000412,2466,30,2436
120000413,100,630,-530
120000414,26,5,21
120000415,3,339,-336
120000416,26,9,17
120000417,3,156,-153
120000418,30,13,17
120000419,13,736,-723
120000420,40,40,0
120000421,21250,7449,13801
120000422,317,332,-15
120000423,3,53,-50
120000424,27,261,-234
120000436,111,249,-138
120000437,205,183,22
120000438,6761,439,6322
120000439,81,223,-142
120000443,67,2,65
120000444,376,628,-252
120000445,1324,1216,108
120000446,1134,374,760
120000447,98,14,84
120000449,26,11,15
120000450,7,515,-508
120000451,49,238,-189
120000452,79,1,78
120000453,0,513,-513
120000454,89,22,67
120000455,23,85,-62
120000456,4826,2447,2379
120000457,2123,1348,775
120000458,574,979,-405
120000459,123,77,46
120000665,1518,155,1363
120000668,91,146,-55
120000669,52,701,-649
120000670,302,487,-185
120000671,368,229,139
120000672,91,608,-517
120900001,43,20,23
120900002,115,307,-192
120900003,145,29,116
120900004,7,30,-23
120900005,32,2338,-2306
120900006,79,256,-177
120900007,52,253,-201
120900008,69,1689,-1620
120900009,66,10,56
120900010,127,36,91
120900011,355,74,281
120900012,1652,558,1094
120900013,111,26,85
120900014,11,1289,-1278
120900015,314,104,210
120900016,172,60,112
120900017,4364,150,4214
120900018,28,712,-684
120900019,268,72,196
120900020,503,389,114
120900021,194,28,166
120900022,9,596,-587
120900023,63,50,13
120900024,1600,462,1138
120900025,2964,783,2181
120900026,59,220,-161
120900027,532,114,418
120900028,88,39,49
120900029,71,169,-98
120900030,484,435,49
120900031,60,17,43
120900032,313,263,50
120900033,259,11,248
120900034,57,1521,-1464
120900035,35,337,-302
120900037,61,7,54
120900038,22,51,-29
120900039,15,24,-9
120900040,55,4,51
120900041,134,43,91
120900042,89,64,25
120900043,15,14,1
120900044,7,644,-637
120900045,146,304,-158
120900046,121,7,114
120900047,56,23,33
120900048,37,5,32
120900049,137,0,137
120900050,5827,799,5028
120900051,121,114,7
120900052,131,3,128
120900053,107,101,6
120900054,1488,979,509
120900055,68,10,58
120900056,128,3,125
120900057,53,20,33
120900058,124,1,123
120900059,11,3,8
120900060,15,51,-36
120900061,231,379,-148
120900062,69,0,69
120900063,105,1,104
120900064,134,1,133
120900065,71,12,59
120900066,162,558,-396
120900067,119,36,83
120900068,48,0,48
120900069,76,131,-55
120900071,12,7,5
120900072,208,0,208
120900073,137,356,-219
120900074,191,9,182
120900076,98,1,97
120900077,5849,368,5481
120900078,271,996,-725
120900079,150,167,-17
120900080,166,3726,-3560
120900081,225,1743,-1518
120900082,661,324,337
120900083,14,0,14
120900084,102,138,-36
120900085,110,76,34
120900086,195,165,30
120900087,179,69,110
120900088,143,159,-16
120900089,6742,984,5758
120900090,36,225,-189
120900091,277,211,66
120900092,505,1036,-531
120900093,6643,394,6249
120900094,564,326,238
120900095,162,30,132
120900096,28,164,-136
120900097,699,1757,-1058
120900098,318,306,12
120900099,49,87,-38
120900100,83,557,-474
120900101,275,479,-204
120900102,13,111,-98
120900103,20,159,-139
120900104,12,39,-27
120900105,27,1333,-1306
120900106,1593,840,753
120900107,577,333,244
120900108,4,1580,-1576
120900109,21,1150,-1129
120900110,20,585,-565
120900111,149,537,-388
120900112,12,2194,-2182
120900113,18,1434,-1416
120900114,20,321,-301
120900115,127,116,11
120900116,67,981,-914
120900117,2,813,-811
120900118,8,1488,-1480
120900119,6045,3380,2665
120900120,30,1148,-1118
120900121,91,518,-427
120900122,78,1006,-928
120900123,3,880,-877
120900124,3,975,-972
120900125,4,1561,-1557
120900126,1220,890,330
120900127,1,870,-869
120900128,978,1216,-238
120900129,85,786,-701
120900130,9,563,-554
120900131,27,60,-33
120900132,231,625,-394
120900133,193,1803,-1610
120900134,255,725,-470
120900135,7,1131,-1124
120900136,38,42,-4
120900137,53,170,-117
120900138,11,353,-342
120900139,6,1344,-1338
120900140,3,67,-64
120900141,63,121,-58
120900142,18,1417,-1399
120900143,6,1728,-1722
120900144,1,385,-384
120900145,200,1345,-1145
120900146,12,1782,-1770
120900147,2,406,-404
120900148,37,99,-62
120900149,1,625,-624
120900150,27,917,-890
120900151,5,1028,-1023
120900152,2,97,-95
120900153,13,105,-92
120900154,1,458,-457
120900155,63,1697,-1634
120900156,10,593,-583
120900157,5,294,-289
120900158,12,871,-859
120900159,30,502,-472
120900160,24,561,-537
120900161,7,2035,-2028
120900162,16,2217,-2201
120900163,7,129,-122
120900164,0,0,0
120900165,0,1,-1
120900166,27,123,-96
120900167,95,89,6
120900169,41,909,-868
120900170,4112,1059,3053
120900171,1586,438,1148
120900172,1690,97,1593
120900173,6,75,-69
120900174,1,127,-126
120900175,463,296,167
120900176,10,136,-126
120900177,1,260,-259
120900178,0,196,-196
120900179,563,414,149
120900180,115,77,38
120900181,41,96,-55
120900182,29,395,-366
120900183,517,86,431
120900184,190,81,109
120900185,8,559,-551
120900186,1,701,-700
120900187,150,562,-412
120900188,50,8,42
120900189,171,279,-108
120900190,8,13,-5
120900191,0,54,-54
120900192,20420,1596,18824
120900194,38,96,-58
120900195,86,431,-345
120900196,431,17,414
120900197,239,46,193
120900198,230,973,-743
120900199,267,1951,-1684
120900200,148,74,74
120900201,994,238,756
120900202,0,344,-344
120900203,6,44,-38
120900204,384,525,-141
120900205,93,151,-58
120900206,19,20,-1
121000001,1170,1471,-301
121000002,1822,1046,776
121000003,5531,2597,2934
121000004,3198,2433,765
121000005,2663,3254,-591
121000006,3255,1324,1931
121000007,4105,3850,255
121000008,5363,3366,1997
121000009,14685,6062,8623
121000010,17071,4155,12916
121000011,22269,10750,11519
121000012,29669,7925,21744
121000013,7258,6866,392
121000014,9762,6939,2823
121000015,5445,6431,-986
121000016,5837,4199,1638
121000017,1889,5351,-3462
121000018,2323,2324,-1
121000019,23098,9572,13526
121000020,14568,7719,6849
121000021,3670,4856,-1186
121000022,1891,1706,185
121000023,5810,5184,626
121000024,3345,3714,-369
121000025,1597,824,773
121000026,317,123,194
121000027,2087,1265,822
121000028,1007,621,386
121000029,907,1084,-177
121000030,354,425,-71
121000031,482,841,-359
121000032,191,101,90
121000034,184,176,8
121000035,80,94,-14
121000036,787,1013,-226
121000037,461,782,-321
121000038,843,716,127
121000039,395,689,-294
121000041,291,760,-469
121000042,304,328,-24
121000043,1409,840,569
121000044,3037,800,2237
121000045,316,488,-172
121000046,332,843,-511
121000047,24,185,-161
121000049,2565,1175,1390
121000050,375,1267,-892
121000051,486,615,-129
121000052,208,562,-354
121000053,369,65,304
121000054,37,253,-216
121000055,3116,1154,1962
121000056,1151,1217,-66
121000057,179,491,-312
121000058,624,144,480
121000059,2362,1073,1289
121000060,645,1097,-452
121000061,89,178,-89
121000062,174,258,-84
121000063,631,502,129
121000064,396,654,-258
121000065,527,522,5
121000066,650,694,-44
121000067,1123,373,750
121000068,517,542,-25
121000069,1273,240,1033
121000070,1780,2184,-404
121000071,855,779,76
121000072,1626,1425,201
121000073,780,748,32
121000074,87,114,-27
121000075,161,28,133
121000076,2032,443,1589
121000077,142,70,72
121000078,160,165,-5
121000080,3539,866,2673
121000081,2995,1632,1363
121000082,152,383,-231
121000083,336,145,191
121000084,267,107,160
121000085,734,625,109
121000086,263,1092,-829
121000087,135,258,-123
121000088,474,942,-468
121000089,942,290,652
121000090,519,420,99
121000091,3092,773,2319
121000092,147,146,1
121000093,168,318,-150
121000094,636,546,90
121000095,351,843,-492
121000096,3408,2458,950
121000097,2622,1667,955
121000098,298,1729,-1431
121000099,339,1197,-858
121000100,302,993,-691
121000101,126,374,-248
121000102,84,782,-698
121000103,74,412,-338
121000104,80,361,-281
121000105,226,536,-310
121000106,146,468,-322
121000107,2597,5208,-2611
121000109,1941,1174,767
121000110,343,385,-42
121000114,2834,2562,272
121000115,998,905,93
121000116,562,888,-326
121000117,1581,341,1240
121000118,1326,520,806
121000119,251,647,-396
121000120,280,667,-387
121000121,514,1300,-786
121000123,2101,892,1209
121000126,132,372,-240
121000127,183,114,69
121000128,402,871,-469
121000129,364,664,-300
121000130,365,1548,-1183
121000131,2459,1198,1261
121000132,1212,1187,25
121000135,720,519,201
121000136,1422,821,601
121000137,589,146,443
121000138,886,516,370
121000139,543,84,459
121000141,190,150,40
121000142,1255,650,605
121000143,200,26,174
121000144,1255,1066,189
121000145,328,1670,-1342
121000146,750,892,-142
121000147,573,588,-15
121000148,756,1391,-635
121000149,1628,1230,398
121000152,460,868,-408
121000153,2222,769,1453
121000154,697,604,93
121000155,1011,1132,-121
121000156,436,925,-489
121000157,1835,2314,-479
121000158,467,705,-238
121000159,156,798,-642
121000160,350,1073,-723
121000161,91,476,-385
121000162,13,448,-435
121000165,2562,1692,870
121000166,45,416,-371
121000168,152,278,-126
121000169,35,254,-219
121000170,159,74,85
121000171,40,213,-173
121000172,449,480,-31
121000173,1375,768,607
121000174,180,498,-318
121000175,535,629,-94
121000176,388,270,118
121000177,722,772,-50
121000178,71,74,-3
121000179,112,123,-11
121000181,360,413,-53
121000182,57,171,-114
121000183,31,54,-23
121000184,63,64,-1
121000185,20,182,-162
121000186,141,274,-133
121000187,150,456,-306
121000188,55,462,-407
121000192,549,439,110
121000193,458,534,-76
121000194,3336,2959,377
121000195,512,1160,-648
121000196,742,239,503
121000197,206,1031,-825
121000198,128,57,71
121000199,44,776,-732
121000200,173,103,70
121000201,2,356,-354
121000202,145,85,60
121000203,411,3544,-3133
121000204,844,724,120
121000205,108,469,-361
121000206,181,65,116
121000207,730,535,195
121000208,7,685,-678
121000209,106,668,-562
121000210,193,815,-622
121000211,66,133,-67
121000212,225,1096,-871
121000213,11042,2839,8203
121000214,890,1175,-285
121000215,1794,967,827
121000216,519,522,-3
121000217,3772,2161,1611
121000218,553,2203,-1650
121000219,1170,396,774
121000220,362,91,271
121000221,161,285,-124
121000222,2703,2971,-268
121000223,429,272,157
121000224,381,121,260
121000225,1099,909,190
121000226,1288,558,730
121000227,7,245,-238
121000228,13,1209,-1196
121000229,69,750,-681
121000230,91,2461,-2370
121000231,178,11,167
121000232,428,163,265
121000233,462,338,124
121000234,5,22,-17
121000235,16,34,-18
121000236,0,49,-49
121000237,5,7,-2
121000238,0,120,-120
121000239,10,5,5
121000240,1,221,-220
121000241,24,7,17
121000242,14,191,-177
121000243,89,33,56
121000244,0,112,-112
121000245,5,5,0
121000246,4,99,-95
121000247,24,1,23
121000248,324,575,-251
121000249,43,245,-202
121000250,113,119,-6
121000251,19,791,-772
121000252,41,21,20
121000253,132,728,-596
121000254,229,312,-83
121000255,176,150,26
121000256,197,166,31
121000257,30,75,-45
121000258,29,59,-30
121000259,21,48,-27
121000260,49,212,-163
121000261,15,61,-46
121000262,2141,624,1517
121000263,399,486,-87
121000271,252,2028,-1776
121000273,48,19,29
121000274,3,45,-42
121000275,4,23,-19
121000276,2,13,-11
121000278,11,83,-72
121000279,42,20,22
121000280,23,50,-27
121000289,60,30,30
121000290,1187,847,340
121000294,48,328,-280
121000297,896,668,228
121000299,93,291,-198
121000300,1080,748,332
121000302,398,785,-387
121000303,1001,438,563
121000304,444,67,377
121000305,96,57,39
121000306,22,175,-153
121000308,185,542,-357
121000309,464,871,-407
121000310,43,597,-554
121000311,93,1045,-952
121000312,491,218,273
121000313,756,619,137
121000314,243,150,93
121000315,95,63,32
121000530,614,1672,-1058
121000531,1062,1785,-723
121000532,5740,4356,1384
121000533,2720,2618,102
121000918,9,328,-319
121000919,9,65,-56
121000938,1443,367,1076
121000939,2278,305,1973
121000956,380,1692,-1312
121000957,1,8,-7
121000958,42,48,-6
121000959,240,1662,-1422
121000960,612,2888,-2276
121000961,171,28,143
121000962,275,694,-419
121000973,10,283,-273
121000976,18,255,-237
121000979,208,57,151
121000981,280,39,241
121000982,141,330,-189
121000983,144,583,-439
121000984,8,36,-28
121000985,201,899,-698
121000986,55,753,-698
121000987,147,2108,-1961
121000988,297,142,155
121001302,357,119,238
121001308,7,17,-10
121001309,66,48,18
121001313,69,567,-498
121001314,5523,5074,449
121001315,4698,1699,2999
121900001,71,195,-124
121900002,19,25,-6
121900003,265,13,252
121900004,95,481,-386
121900005,3,2,1
121900006,43,16,27
121900007,2222,2436,-214
121900008,2818,142,2676
121900009,406,15,391
121900010,264,1,263
121900011,561,745,-184
121900012,0,0,0
121900013,582,10,572
121900014,1088,421,667
121900015,134,220,-86
121900016,6,29,-23
121900017,253,523,-270
121900018,252,6,246
121900019,123,381,-258
121900020,36,0,36
121900021,465,4,461
121900022,271,167,104
121900023,54,416,-362
121900024,459,59,400
121900025,365,262,103
121900026,154,42,112
121900027,336,95,241
121900028,115,3,112
121900029,58,170,-112
121900030,437,366,71
121900031,893,2298,-1405
121900032,90,65,25
121900033,152,102,50
121900034,94,62,32
121900035,2857,1407,1450
121900036,44,410,-366
121900037,125,902,-777
121900038,30,178,-148
121900039,272,26,246
121900040,10,75,-65
121900041,46,134,-88
121900042,188,95,93
121900043,0,5,-5
121900044,408,28,380
121900046,275,199,76
121900047,121,36,85
121900048,10,133,-123
121900050,5,44,-39
121900051,71,169,-98
121900052,68,43,25
121900053,237,171,66
121900054,537,899,-362
121900055,1,19,-18
121900058,55,354,-299
121900059,182,87,95
121900060,39,278,-239
121900061,163,120,43
121900062,126,39,87
121900063,312,206,106
121900064,99,967,-868
121900066,24,26,-2
121900067,2,10,-8
121900069,204,177,27
121900070,231,107,124
121900071,48,244,-196
121900072,44,143,-99
121900073,140,178,-38
121900074,642,326,316
121900075,278,191,87
121900076,150,849,-699
121900077,2,22,-20
121900078,33,51,-18
121900079,0,0,0
121900080,446,589,-143
121900082,17,106,-89
121900084,3,309,-306
121900085,0,7,-7
121900086,3,58,-55
121900087,227,85,142
121900088,4350,1942,2408
121900089,85,521,-436
121900090,10,139,-129
121900091,7,102,-95
121900092,98,123,-25
121900093,49,56,-7
121900094,16,5,11
121900095,137,85,52
121900096,1922,497,1425
121900097,165,140,25
121900098,0,10,-10
121900099,93,117,-24
121900100,75,215,-140
121900101,49,95,-46
121900102,25,129,-104
121900103,659,186,473
121900104,667,159,508
121900105,49,68,-19
121900106,1,5,-4
121900107,9,57,-48
121900108,0,1,-1
121900109,310,99,211
121900110,124,1710,-1586
121900111,770,107,663
121900112,115,127,-12
121900113,37,122,-85
121900114,4,0,4
121900117,141,29,112
121900118,2836,284,2552
121900119,70,158,-88
121900120,17,1379,-1362
121900121,530,88,442
121900122,8,21,-13
121900123,405,383,22
121900124,93,253,-160
121900125,1103,1052,51
121900127,10,105,-95
121900128,60,216,-156
121900129,1749,74,1675
121900130,71,330,-259
121900131,110,110,0
121900132,25,235,-210
121900133,60,58,2
121900134,12,156,-144
121900135,3246,376,2870
121900136,90,598,-508
121900137,41,337,-296
121900138,56,238,-182
121900139,331,446,-115
121900140,21,151,-130
121900141,36,17,19
121900142,29,122,-93
121900143,4,195,-191
121900144,207,397,-190
121900145,105,145,-40
121900146,482,918,-436
121900147,51,264,-213
121900148,84,239,-155
121900149,296,927,-631
121900150,58,238,-180
121900151,55,234,-179
121900152,37,191,-154
121900153,82,617,-535
121900154,9,119,-110
121900155,2,69,-67
121900156,134,144,-10
121900157,4,458,-454
121900158,90,76,14
121900159,1,241,-240
121900160,26,287,-261
121900161,450,312,138
121900162,131,95,36
121900163,38,951,-913
121900164,169,236,-67
121900165,74,284,-210
121900166,60,247,-187
121900167,35,80,-45
121900168,161,143,18
121900169,3,395,-392
121900170,3,181,-178
121900171,408,454,-46
121900172,209,303,-94
121900173,811,163,648
121900174,25,66,-41
121900175,36,162,-126
121900176,478,2020,-1542
121900177,104,78,26
121900178,19,98,-79
121900179,259,136,123
121900180,7647,2503,5144
121900182,245,290,-45
121900183,448,299,149
121900184,55,790,-735
121900186,6,374,-368
121900187,14,113,-99
121900188,711,295,416
121900189,33,214,-181
121900190,137,452,-315
121900191,54,96,-42
121900192,706,617,89
121900193,15,279,-264
121900194,3,192,-189
121900195,103,174,-71
121900196,743,993,-250
121900197,336,2475,-2139
121900198,1214,955,259
121900199,3,35,-32
121900200,56,187,-131
121900201,1044,649,395
121900202,90,351,-261
121900203,385,785,-400
121900204,1260,655,605
121900205,5,140,-135
121900206,4,8,-4
121900207,260,24,236
121900208,94,276,-182
121900209,62,31,31
121900210,788,1123,-335
121900211,17,116,-99
121900212,100,118,-18
121900213,40,100,-60
121900214,3,372,-369
121900215,46,124,-78
121900216,21,58,-37
121900217,380,131,249
121900218,249,556,-307
121900220,197,12,185
121900221,281,540,-259
121900222,36,234,-198
121900223,64,49,15
121900224,28,39,-11
121900225,50,42,8
121900226,196,2097,-1901
121900227,136,405,-269
121900228,177,282,-105
121900230,66,69,-3
121900231,650,266,384
121900232,266,317,-51
121900233,284,359,-75
121900234,146,420,-274
121900235,182,266,-84
121900236,147,121,26
121900237,146,290,-144
121900238,107,216,-109
121900239,139,68,71
121900240,259,212,47
121900241,8,101,-93
121900242,0,0,0
121900243,0,0,0
121900244,1,0,1
121900245,156,153,3
121900246,1138,496,642
121900247,256,384,-128
121900248,1241,611,630
121900250,258,238,20
121900251,277,11,266
121900252,906,132,774
121900253,114,931,-817
121900254,545,264,281
121900255,104,65,39
121900258,2135,1209,926
121900259,369,403,-34
121900260,73,201,-128
121900261,110,389,-279
121900262,334,563,-229
121900263,91,292,-201
121900264,2934,1232,1702
121900265,165,455,-290
121900266,116,243,-127
121900267,19,15,4
121900269,140,287,-147
121900270,6,152,-146
121900271,27,196,-169
121900273,334,863,-529
121900274,84,246,-162
121900277,172,1654,-1482
121900278,40,958,-918
121900279,95,299,-204
121900280,129,309,-180
121900281,974,70,904
121900284,109,11,98
121900286,33,275,-242
121900287,12,14,-2
121900288,1,1,0
121900290,212,244,-32
121900291,371,491,-120
121900292,97,90,7
121900293,942,3484,-2542
121900294,279,5,274
121900295,61,324,-263
121900296,33,24,9
121900298,164,270,-106
121900299,0,0,0
121900300,8,0,8
121900301,32,0,32
121900302,0,53,-53
121900303,158,545,-387
121900304,3,2,1
121900305,0,0,0
121900306,34,0,34
121900307,9,15,-6
121900308,6,519,-513
121900309,16,341,-325
121900310,9,619,-610
121900311,90,13,77
121900312,56,3,53
121900313,144,21,123
121900314,0,113,-113
121900315,0,0,0
121900316,2,11,-9
121900317,0,0,0
121900318,0,39,-39
121900319,6,7,-1
121900320,78,74,4
121900321,7,2,5
121900322,0,31,-31
121900323,7,13,-6
121900324,4,19,-15
121900325,4,0,4
121900326,1,29,-28
121900327,0,36,-36
121900328,0,18,-18
121900329,4,206,-202
121900330,1,35,-34
121900331,164,23,141
121900332,65,20,45
121900333,6,1,5
122000001,2957,3374,-417
122000002,6679,1524,5155
122000003,2964,1625,1339
122000004,3808,1185,2623
122000005,2919,822,2097
122000006,2358,389,1969
122000007,1254,922,332
122000008,8233,3343,4890
122000009,879,218,661
122000010,2664,2718,-54
122000011,4365,822,3543
122000012,1299,936,363
122000013,1819,1044,775
122000014,1414,1556,-142
122000015,1311,1085,226
122000016,357,919,-562
122000017,1223,1146,77
122000018,1394,1452,-58
122000019,640,1880,-1240
122000020,192,212,-20
122000021,935,418,517
122000022,1370,1695,-325
122000023,566,3411,-2845
122000024,1123,842,281
122000025,1613,1079,534
122000026,2323,740,1583
122000027,586,3910,-3324
122000028,768,306,462
122000029,450,285,165
122000030,290,89,201
122000031,133,193,-60
122000032,1106,2422,-1316
122000033,778,582,196
122000034,631,597,34
122000035,423,711,-288
122000036,456,641,-185
122000037,374,380,-6
122000038,291,469,-178
122000039,552,581,-29
122000040,470,296,174
122000041,389,540,-151
122000042,170,417,-247
122000043,117,152,-35
122000044,155,185,-30
122000045,1099,569,530
122000046,431,965,-534
122000047,261,145,116
122000048,3696,3294,402
122000049,5630,2764,2866
122000050,1461,559,902
122000051,388,264,124
122000052,556,191,365
122000053,124,377,-253
122000054,2093,2114,-21
122000055,2070,2216,-146
122000056,4788,3063,1725
122000057,3906,2289,1617
122000058,4107,1178,2929
122000059,3295,1365,1930
122000060,1144,536,608
122000061,802,207,595
122000062,1395,267,1128
122000063,793,417,376
122000064,3221,3247,-26
122000065,5922,3426,2496
122000066,1346,1313,33
122000067,1432,1346,86
122000068,791,1357,-566
122000069,517,983,-466
122000070,574,3190,-2616
122000071,931,1793,-862
122000072,241,310,-69
122000073,310,371,-61
122000074,1395,1518,-123
122000075,434,1136,-702
122000076,1337,1267,70
122000077,1225,604,621
122000078,3055,1678,1377
122000079,1123,749,374
122000080,559,364,195
122000081,136,198,-62
122000082,1410,811,599
122000083,1049,3878,-2829
122000084,733,812,-79
122000085,279,2754,-2475
122000086,2540,3603,-1063
122000087,520,155,365
122000088,382,242,140
122000089,6965,4170,2795
122000090,307,466,-159
122000091,231,108,123
122000092,120,12,108
122000093,1464,1233,231
122000094,9320,1838,7482
122000095,4545,1300,3245
122000096,3763,1008,2755
122000098,3834,1604,2230
122000099,2057,849,1208
122000100,1613,786,827
122000101,224,1473,-1249
122000102,1572,1263,309
122000103,1141,1623,-482
122000104,237,207,30
122000105,218,332,-114
122000106,661,488,173
122000107,727,582,145
122000108,401,1094,-693
122000109,253,241,12
122000110,284,623,-339
122000111,3535,1433,2102
122000112,644,1799,-1155
122000113,464,916,-452
122000114,2885,1560,1325
122000115,2344,993,1351
122000116,538,851,-313
122000117,1080,429,651
122000118,451,878,-427
122000119,3588,2080,1508
122000120,6813,3237,3576
122000121,8713,2981,5732
122000122,1193,2055,-862
122000123,5727,1472,4255
122000124,1862,678,1184
122000125,564,891,-327
122000126,1003,948,55
122000127,3723,1249,2474
122000128,1092,1775,-683
122000129,339,474,-135
122000130,3765,400,3365
122000131,5093,475,4618
122000132,1658,618,1040
122000133,1443,3202,-1759
122000134,453,601,-148
122000135,778,1505,-727
122000136,410,165,245
122000137,1043,665,378
122000139,1497,3792,-2295
122000140,1318,544,774
122000141,8225,1035,7190
122000142,641,783,-142
122000143,1078,213,865
122000144,4257,912,3345
122000145,2204,1044,1160
122000146,956,1182,-226
122000147,1262,521,741
122000148,2882,1625,1257
122000149,3180,1247,1933
122000150,2206,1224,982
122000151,573,459,114
122000152,808,455,353
122000153,811,335,476
122000154,697,276,421
122000155,3130,2484,646
122000156,3114,2273,841
122000157,2016,1644,372
122000158,337,640,-303
122000159,2621,2143,478
122000160,12934,726,12208
122000161,2164,874,1290
122000162,2729,1997,732
122000163,477,87,390
122000164,44,105,-61
122000165,937,727,210
122000166,788,878,-90
122000167,203,256,-53
122000168,213,524,-311
122000169,425,159,266
122000170,264,317,-53
122000171,46,101,-55
122000172,1631,1591,40
122000173,1875,2259,-384
122000174,1694,944,750
122000175,1220,492,728
122000176,286,758,-472
122000177,1799,1620,179
122000178,3287,1928,1359
122000179,2569,2306,263
122000180,2098,922,1176
122000181,3476,2315,1161
122000182,5135,896,4239
122000183,2546,1041,1505
122000184,6166,2005,4161
122000185,1951,1457,494
122000186,686,808,-122
122000187,1297,2140,-843
122000188,876,238,638
122000189,275,389,-114
122000190,1032,1630,-598
122000191,1141,436,705
122000192,931,400,531
122000193,317,790,-473
122000194,555,289,266
122000195,125,472,-347
122000196,810,684,126
122000197,541,774,-233
122000198,476,1205,-729
122000199,415,394,21
122000200,1183,488,695
122000201,1749,1998,-249
122000202,1068,1369,-301
122000203,4405,1646,2759
122000204,2361,2288,73
122000205,2071,1185,886
122000206,2544,1127,1417
122000207,1455,1848,-393
122000208,1705,2024,-319
122000209,2046,343,1703
122000210,1301,2631,-1330
122000211,916,1830,-914
122000212,498,721,-223
122000213,1067,1366,-299
122000214,1975,2285,-310
122000215,1689,1491,198
122000217,2371,1719,652
122000218,485,58,427
122000219,1793,1519,274
122000220,359,1173,-814
122000221,122,453,-331
122000222,597,98,499
122000223,817,745,72
122000225,744,567,177
122000226,1040,2657,-1617
122000227,334,1936,-1602
122000228,480,628,-148
122000229,23,449,-426
122000230,82,1578,-1496
122000231,228,1054,-826
122000232,590,1387,-797
122000233,0,220,-220
122000234,56,299,-243
122000235,272,336,-64
122000236,337,329,8
122000237,60,70,-10
122000238,93,139,-46
122000239,324,160,164
122000240,870,436,434
122000241,565,451,114
122000242,391,74,317
122000243,23,22,1
122000244,8,454,-446
122000245,10,146,-136
122000246,5,60,-55
122000247,655,660,-5
122000248,1523,3772,-2249
122000249,217,555,-338
122000250,1476,476,1000
122000251,367,399,-32
122000252,644,70,574
122000253,24,440,-416
122000254,154,95,59
122000255,667,3217,-2550
122000256,441,2223,-1782
122000257,138,760,-622
122000258,75,199,-124
122000259,23,959,-936
122000260,8,145,-137
122000261,2,220,-218
122000262,3,109,-106
122000263,114,193,-79
122000264,355,604,-249
122000265,1495,818,677
122000266,3405,532,2873
122000267,51,211,-160
122000268,94,614,-520
122000269,501,395,106
122000270,376,137,239
122000271,329,1347,-1018
122000272,326,1403,-1077
122000273,213,629,-416
122000274,50,245,-195
122000275,18,172,-154
122000276,226,753,-527
122000277,639,1496,-857
122000278,433,1441,-1008
122000279,112,1194,-1082
122000280,685,1434,-749
122000281,601,1112,-511
122000282,113,310,-197
122000283,336,72,264
122000284,90,155,-65
122000285,280,115,165
122000286,115,267,-152
122000287,597,1355,-758
122000288,211,255,-44
122000291,560,391,169
122000293,401,775,-374
122000294,62,171,-109
122000295,1055,157,898
122000296,78,580,-502
122000297,3848,1938,1910
122000299,259,455,-196
122000300,379,551,-172
122000301,18648,2519,16129
122000302,1158,505,653
122000303,5255,1307,3948
122000304,13,198,-185
122000305,783,356,427
122000306,22,1176,-1154
122000307,86,133,-47
122000309,40,65,-25
122000310,18,10,8
122000311,18,58,-40
122000312,43,12,31
122000313,7,44,-37
122000314,61,237,-176
122000315,96,15,81
122000316,199,199,0
122000317,490,174,316
122000318,151,340,-189
122000319,318,737,-419
122000320,378,3112,-2734
122000321,86,379,-293
122000322,3050,1772,1278
122000323,2199,1230,969
122000324,1348,1209,139
122000325,880,1045,-165
122000326,15,213,-198
122000327,207,430,-223
122000328,2794,1606,1188
122000330,2781,865,1916
122000332,221,409,-188
122000333,13,221,-208
122000337,443,4330,-3887
122000338,156,797,-641
122000340,319,257,62
122000342,3195,1739,1456
122000343,467,2519,-2052
122000344,20,21,-1
122000345,23,70,-47
122000346,354,973,-619
122000348,494,933,-439
122000349,236,1191,-955
122000351,69,240,-171
122000352,473,68,405
122000353,28,193,-165
122000355,116,175,-59
122000356,1687,1015,672
122000357,22,27,-5
122000358,0,178,-178
122000359,0,105,-105
122000360,0,117,-117
122000362,9,184,-175
122000364,82,752,-670
122000365,2,29,-27
122000366,12,12,0
122000368,490,1131,-641
122000370,11,151,-140
122000371,1,0,1
122000372,4,0,4
122000381,32,354,-322
122000382,73,404,-331
122000384,4058,2104,1954
122000385,7,0,7
122000386,347,777,-430
122000387,387,727,-340
122000388,1882,330,1552
122000389,217,998,-781
122000390,376,341,35
122000391,212,113,99
122000392,253,475,-222
122000393,16,267,-251
122000394,237,437,-200
122000395,122,234,-112
122000396,170,127,43
122000397,20,168,-148
122000398,10,36,-26
122000399,47,131,-84
122000400,144,416,-272
122000401,107,125,-18
122000402,131,65,66
122000403,272,1773,-1501
122000404,83,416,-333
122000408,1063,1534,-471
122000503,12,70,-58
122000524,194,93,101
122000544,19,1177,-1158
122000616,1197,4,1193
122000640,24,322,-298
122000641,32,708,-676
122000642,896,1619,-723
122000643,6,130,-124
122000644,177,37,140
122000645,113,154,-41
122000651,1668,589,1079
122000664,149,62,87
122000665,1131,747,384
122000666,571,1631,-1060
122000673,24,544,-520
122000674,82,64,18
122000675,1014,1697,-683
122000686,167,1882,-1715
122000687,370,451,-81
122000688,193,1287,-1094
122000689,287,867,-580
122000690,387,950,-563
122000691,346,3399,-3053
122000692,870,548,322
122000693,587,2665,-2078
122000695,123,731,-608
122000696,136,498,-362
122000698,81,1455,-1374
122000699,110,156,-46
122000701,781,435,346
122000702,487,2653,-2166
122000703,154,26,128
122000717,272,67,205
122000718,481,314,167
122000719,22,53,-31
122000720,88,311,-223
122000724,128,23,105
122900001,9,5,4
122900002,1135,1375,-240
122900003,157,42,115
122900004,509,16,493
122900005,60,53,7
122900006,566,267,299
122900007,128,9,119
122900008,517,81,436
122900009,1019,265,754
122900010,159,149,10
122900012,478,421,57
122900014,163,416,-253
122900015,2925,286,2639
122900016,71,454,-383
122900017,778,1132,-354
122900018,165,19,146
122900019,5,206,-201
122900020,431,584,-153
122900021,59,631,-572
122900022,332,1342,-1010
122900023,197,444,-247
122900024,150,96,54
122900025,8,193,-185
122900026,249,535,-286
122900027,53,826,-773
122900028,91,204,-113
122900029,4827,1476,3351
122900030,1685,484,1201
122900031,101,147,-46
122900032,173,269,-96
122900033,171,193,-22
122900034,3987,3066,921
122900035,22,3,19
122900036,16,91,-75
122900037,293,184,109
122900038,168,1546,-1378
122900039,160,368,-208
122900040,123,466,-343
122900041,200,285,-85
122900042,118,432,-314
122900043,264,205,59
122900044,77,444,-367
122900045,53,87,-34
122900046,139,60,79
122900047,110,121,-11
122900048,20,123,-103
122900049,1899,101,1798
122900051,67,97,-30
122900052,28,129,-101
122900053,55,53,2
122900055,172,92,80
122900057,181,12,169
122900061,531,91,440
122900062,331,429,-98
122900063,90,573,-483
122900064,860,923,-63
122900065,226,160,66
122900066,309,273,36
122900067,2287,1132,1155
122900068,248,605,-357
122900069,218,981,-763
122900070,99,48,51
122900071,87,611,-524
122900072,16,800,-784
122900073,73,367,-294
122900074,156,1039,-883
122900075,1,76,-75
122900076,7,209,-202
122900077,2,252,-250
122900078,25,218,-193
122900080,52,21,31
122900081,159,112,47
122900082,395,258,137
122900083,146,149,-3
122900084,2,267,-265
122900086,9,37,-28
122900087,108,838,-730
122900088,66,81,-15
122900089,15,168,-153
122900090,15,774,-759
122900091,52,0,52
122900092,2,442,-440
122900093,2,552,-550
122900094,6,323,-317
122900095,62,1,61
122900096,44,396,-352
122900097,36,5,31
122900098,148,139,9
122900099,8,0,8
122900100,249,136,113
122900101,944,212,732
122900102,14,16,-2
122900103,20,12,8
122900104,42,4,38
122900105,3,5,-2
122900106,4,123,-119
122900107,3,331,-328
122900108,7,287,-280
123000001,2307,447,1860
123000002,7624,2251,5373
123000003,4420,2357,2063
123000004,4550,5228,-678
123000005,2394,2330,64
123000006,4115,3713,402
123000007,2569,2637,-68
123000008,2823,5499,-2676
123000009,4315,3466,849
123000010,4957,4787,170
123000011,3883,1219,2664
123000012,1453,3145,-1692
123000013,3624,1224,2400
123000014,1700,4894,-3194
123000015,4830,711,4119
123000016,9056,3205,5851
123000017,3609,1573,2036
123000018,55,103,-48
123000019,93,523,-430
123000020,69,202,-133
123000021,27,127,-100
123000022,353,715,-362
123000023,1156,1262,-106
123000024,878,542,336
123000025,14,57,-43
123000026,0,88,-88
123000027,107,385,-278
123000028,299,233,66
123000029,616,481,135
123000030,104,1273,-1169
123000031,69,622,-553
123000032,124,419,-295
123000033,116,75,41
123000034,509,430,79
123000035,195,292,-97
123000036,222,472,-250
123000037,178,455,-277
123000038,82,217,-135
123000039,788,921,-133
123000040,1247,504,743
123000041,825,434,391
123000042,692,732,-40
123000043,4420,4183,237
123000044,7534,2811,4723
123000045,15892,1757,14135
123000046,1289,822,467
123000047,3728,1202,2526
123000048,101,233,-132
123000049,9201,4090,5111
123000050,799,1198,-399
123000051,160,170,-10
123000052,624,2156,-1532
123000053,2997,2629,368
123000054,1403,1285,118
123000055,2392,1231,1161
123000056,1420,2719,-1299
123000057,23126,5490,17636
123000058,523,682,-159
123000059,405,622,-217
123000060,719,534,185
123000061,156,841,-685
123000063,896,591,305
123000064,969,314,655
123000065,12049,4743,7306
123000066,1405,1010,395
123000067,324,731,-407
123000068,3795,4971,-1176
123000069,13221,5855,7366
123000070,272,963,-691
123000071,540,1532,-992
123000072,936,2246,-1310
123000073,607,1165,-558
123000074,1021,3036,-2015
123000075,474,842,-368
123000076,470,2090,-1620
123000077,2183,5001,-2818
123000078,837,2249,-1412
123000079,782,2530,-1748
123000080,1879,3635,-1756
123000081,203,793,-590
123000082,520,1561,-1041
123000083,783,149,634
123000084,273,861,-588
123000085,74,182,-108
123000086,134,637,-503
123000087,145,715,-570
123000088,1028,1963,-935
123000089,365,1482,-1117
123000090,1088,1778,-690
123000091,1951,1404,547
123000092,1638,1507,131
123000094,376,392,-16
123000095,322,579,-257
123000096,256,652,-396
123000097,247,1837,-1590
123000098,432,660,-228
123000099,449,1249,-800
123000100,560,575,-15
123000101,649,483,166
123000102,585,655,-70
123000104,404,276,128
123000105,699,556,143
123000106,667,292,375
123000107,543,635,-92
123000108,1441,1349,92
123000111,472,241,231
123000112,503,738,-235
123000113,663,2485,-1822
123000114,423,407,16
123000115,169,293,-124
123000116,33,203,-170
123000117,1727,3235,-1508
123000118,479,1563,-1084
123000119,208,1458,-1250
123000120,395,1267,-872
123000121,345,758,-413
123000122,331,338,-7
123000123,473,627,-154
123000124,644,616,28
123000125,1131,634,497
123000126,2589,1832,757
123000127,2532,1023,1509
123000128,287,560,-273
123000129,345,253,92
123000130,317,88,229
123000131,556,456,100
123000132,496,765,-269
123000133,640,584,56
123000134,897,203,694
123000135,1208,1646,-438
123000136,137,1803,-1666
123000137,75,614,-539
123000138,65,736,-671
123000139,387,147,240
123000140,194,1075,-881
123000141,1044,100,944
123000142,996,1347,-351
123000143,1181,3431,-2250
123000144,29,16,13
123000145,186,97,89
123000146,133,102,31
123000147,62,124,-62
123000149,349,379,-30
123000150,244,281,-37
123000151,324,525,-201
123000152,73,418,-345
123000153,191,467,-276
123000154,2516,1701,815
123000155,3228,1013,2215
123000156,70,106,-36
123000157,786,1230,-444
123000158,914,498,416
123000159,3149,1805,1344
123000160,736,386,350
123000161,1254,781,473
123000162,527,1299,-772
123000163,207,51,156
123000164,625,199,426
123000165,301,2831,-2530
123000166,38,219,-181
123000167,62,364,-302
123000168,206,505,-299
123000169,326,97,229
123000170,23,558,-535
123000171,150,107,43
123000172,259,922,-663
123000173,706,152,554
123000174,772,176,596
123000175,1381,2077,-696
123000176,997,74,923
123000177,433,1501,-1068
123000178,424,81,343
123000179,22,1242,-1220
123000180,1066,303,763
123000181,372,2151,-1779
123000182,89,763,-674
123000183,172,150,22
123000184,96,1244,-1148
123000185,277,430,-153
123000186,6,934,-928
123000187,279,1,278
123000188,89,0,89
123000189,120,306,-186
123000190,16,74,-58
123000192,9,602,-593
123000193,53,874,-821
123000194,519,332,187
123000195,224,9,215
123000196,97,1,96
123000197,14,120,-106
123000198,3,276,-273
123000199,1,635,-634
123000200,170,13,157
123000201,441,13,428
123000202,21,1797,-1776
123000203,397,24,373
123000204,37,1845,-1808
123000205,312,2986,-2674
123000206,755,71,684
123000207,81,1343,-1262
123000208,225,59,166
123000209,825,213,612
123000210,405,2117,-1712
123000211,698,4249,-3551
123000212,1136,233,903
123000213,287,37,250
123000215,87,79,8
123000216,295,397,-102
123000217,116,21,95
123000218,130,330,-200
123000219,1143,25,1118
123000220,482,62,420
123000221,101,189,-88
123000222,212,1044,-832
123000223,96,890,-794
123000224,456,872,-416
123000225,205,112,93
123000226,70,603,-533
123000227,54,554,-500
123000228,156,77,79
123000229,1341,2663,-1322
123000232,92,906,-814
123000233,430,125,305
123000234,126,902,-776
123000235,182,348,-166
123000236,142,1380,-1238
123000237,209,43,166
123000238,47,990,-943
123000239,553,3211,-2658
123000240,36,225,-189
123000241,1359,124,1235
123000242,102,314,-212
123000243,358,1258,-900
123000244,829,587,242
123000245,73,198,-125
123000249,425,637,-212
123000252,553,144,409
123000253,410,294,116
123000254,525,1766,-1241
123000255,653,750,-97
123000256,25,356,-331
123000257,4138,3245,893
123000258,1212,1974,-762
123000259,110,428,-318
123000260,284,871,-587
123000261,65,366,-301
123000262,60,329,-269
123000263,212,129,83
123000264,156,50,106
123000265,60,178,-118
123000266,458,894,-436
123000267,227,285,-58
123000268,17,49,-32
123000269,25,68,-43
123000270,9,52,-43
123000271,66,79,-13
123000272,774,219,555
123000273,198,416,-218
123000274,961,348,613
123000275,312,1453,-1141
123000278,3998,3218,780
123000279,21,93,-72
123000280,223,532,-309
123000281,177,111,66
123000282,79,357,-278
123000283,50,36,14
123000284,50,160,-110
123000286,450,248,202
123000287,812,279,533
123000288,711,335,376
123000289,472,469,3
123000291,439,1200,-761
123000294,162,309,-147
123000295,688,916,-228
123000296,138,506,-368
123000297,205,1273,-1068
123000298,265,1174,-909
123000299,32,415,-383
123000300,630,748,-118
123000301,51,183,-132
123000302,78,251,-173
123000303,43,133,-90
123000305,993,1008,-15
123000306,36,398,-362
123000309,54,60,-6
123000310,66,37,29
123000311,0,194,-194
123000312,759,1336,-577
123000313,140,304,-164
123000315,71,457,-386
123000316,1909,41,1868
123000317,191,37,154
123000318,29,397,-368
123000329,9,22,-13
123000337,99,296,-197
123000338,328,65,263
123000339,75,481,-406
123000340,191,565,-374
123000342,1,4,-3
123000343,18,2,16
123000344,1042,604,438
123000345,451,925,-474
123000346,169,70,99
123000352,2909,983,1926
123000353,26,168,-142
123000354,89,17,72
123000355,0,485,-485
123000356,90,3,87
123000357,2,390,-388
123000359,3,295,-292
123000360,92,6,86
123000361,624,324,300
123000362,121,127,-6
123000363,72,334,-262
123000364,421,300,121
123000365,29,262,-233
123000366,262,1269,-1007
123000367,271,1675,-1404
123000370,12,425,-413
123000371,107,11,96
123000372,142,8,134
123000373,9,537,-528
123000374,5,211,-206
123000375,192,6,186
123000376,601,508,93
123000377,192,15,177
123000378,7,716,-709
123000379,0,244,-244
123000380,86,209,-123
123000381,122,36,86
123000382,1203,34,1169
123000383,233,804,-571
123000384,452,86,366
123000385,533,634,-101
123000436,48,1014,-966
123000507,282,483,-201
123000508,261,410,-149
123000517,343,11,332
123000518,70,249,-179
123000519,139,54,85
123000520,65,268,-203
123000521,320,116,204
123000522,203,708,-505
123000541,0,0,0
123000542,0,50,-50
123000565,4,1,3
123000566,230,1216,-986
123000567,97,384,-287
123000573,34,1801,-1767
123000574,436,101,335
123000575,1233,1816,-583
123000576,685,2511,-1826
123000577,86,548,-462
123000578,850,161,689
123000579,7381,2323,5058
123000580,33,8,25
123000582,108,29,79
123000583,20,765,-745
123000584,113,297,-184
123000585,0,146,-146
123000586,17,0,17
123000596,145,140,5
123000597,32,55,-23
123000602,12,0,12
123000603,247,929,-682
123000604,279,1928,-1649
123000605,656,132,524
123000606,0,210,-210
123000609,24,529,-505
123000610,95,91,4
123000613,37,119,-82
123000614,238,33,205
123000615,34,179,-145
123000616,380,37,343
123000617,33,955,-922
123000618,48,1019,-971
123000619,679,22,657
123000620,9,770,-761
123000622,288,28,260
123000624,156,24,132
123000630,382,397,-15
123000631,171,2953,-2782
123000632,1356,1562,-206
123000633,2,227,-225
123000634,56,40,16
123000635,283,152,131
123000636,14,970,-956
123000637,151,178,-27
123000638,453,169,284
123000639,1193,2442,-1249
123000640,21,1511,-1490
123900001,1840,117,1723
123900002,16,977,-961
123900003,443,872,-429
123900005,107,113,-6
123900006,99,19,80
124000001,1313,123,1190
124000002,105,1996,-1891
124000003,336,153,183
124000004,52,1107,-1055
124000005,449,196,253
124000006,193,2085,-1892
124000007,616,91,525
124000008,15,478,-463
124000009,147,305,-158
124000010,107,679,-572
124000011,379,350,29
124000012,199,1260,-1061
124000017,52,154,-102
124000018,103,232,-129
124000019,63,109,-46
124000020,61,327,-266
124000021,58,80,-22
124000022,121,418,-297
124000023,1196,1488,-292
124000024,1055,779,276
124000025,917,1369,-452
124000026,1290,1209,81
124000027,6317,2958,3359
124000028,3765,3984,-219
124000030,3970,1346,2624
124000031,623,672,-49
124000032,6042,1405,4637
124000033,32,54,-22
124000034,2507,665,1842
124000035,26,56,-30
124000036,163,205,-42
124000037,471,244,227
124000038,115,22,93
124000039,1622,229,1393
124000040,804,493,311
124000041,272,96,176
124000042,82,431,-349
124000043,34,92,-58
124000044,56,432,-376
124000045,329,730,-401
124000046,162,940,-778
124000047,556,1004,-448
124000048,370,2852,-2482
124000049,697,718,-21
124000050,387,3396,-3009
124000051,377,616,-239
124000052,355,2131,-1776
124000053,473,886,-413
124000054,655,1039,-384
124000055,940,1149,-209
124000056,5497,1631,3866
124000057,503,385,118
124000058,418,1862,-1444
124000059,329,535,-206
124000060,1131,1216,-85
124000061,1144,2254,-1110
124000062,6759,2045,4714
124000063,1449,1901,-452
124000064,3201,2429,772
124000065,43,196,-153
124000066,244,105,139
124000067,35,294,-259
124000068,4,25,-21
124000069,48,18,30
124000070,24,207,-183
124000071,81,70,11
124000072,152,800,-648
124000073,544,75,469
124000074,184,1447,-1263
124000075,85,11,74
124000076,8,391,-383
124000077,2146,576,1570
124000078,3354,345,3009
124000079,935,1108,-173
124000080,211,147,64
124000081,137,1280,-1143
124000082,7,134,-127
124000083,46,218,-172
124000084,36,156,-120
124000085,47,45,2
124000086,178,75,103
124000087,109,63,46
124000088,265,302,-37
124000089,338,368,-30
124000090,55,483,-428
124000091,142,144,-2
124000092,39,844,-805
124000093,111,41,70
124000094,206,476,-270
124000095,62,98,-36
124000096,90,516,-426
124000097,42,85,-43
124000098,54,190,-136
124000099,118,78,40
124000100,32,125,-93
124000101,20,132,-112
124000102,69,106,-37
124000103,31,103,-72
124000104,54,115,-61
124000105,27,54,-27
124000106,85,145,-60
124000107,3,82,-79
124000108,44,37,7
124000109,93,63,30
124000110,81,151,-70
124000111,149,198,-49
124000112,501,994,-493
124000113,22,43,-21
124000114,137,790,-653
124000115,428,899,-471
124000116,90,85,5
124000117,84,76,8
124000118,29,41,-12
124000119,1012,745,267
124000120,582,571,11
124000121,1689,547,1142
124000122,614,995,-381
124000123,898,395,503
124000124,636,1216,-580
124000125,435,451,-16
124000126,542,664,-122
124000127,865,432,433
124000128,747,1416,-669
124000129,2028,1445,583
124000130,928,780,148
124000131,1038,571,467
124000132,1112,938,174
124000133,718,963,-245
124000134,854,992,-138
124000135,1639,1609,30
124000136,1241,1362,-121
124000137,1657,586,1071
124000138,2450,1303,1147
124000139,334,20,314
124000140,20,537,-517
124000141,16,8,8
124000142,2,126,-124
124000143,15,16,-1
124000144,8,42,-34
124000145,84,16,68
124000146,27,246,-219
124000148,32,22,10
124000149,654,245,409
124000150,361,654,-293
124000151,452,197,255
124000152,780,1374,-594
124000153,641,381,260
124000154,690,1065,-375
124000155,1022,531,491
124000156,1374,1064,310
124000169,158,303,-145
124000170,739,494,245
124000171,206,236,-30
124000172,460,729,-269
124000173,176,323,-147
124000174,200,1029,-829
124000175,9,197,-188
124000176,6,3,3
124000177,16,66,-50
124000178,41,9,32
124000190,229,37,192
124000191,272,43,229
124000192,1611,348,1263
124000193,338,1543,-1205
124000194,431,796,-365
124000195,184,502,-318
124000196,809,1517,-708
124000197,56,68,-12
124000198,18,33,-15
124000201,185,1235,-1050
124000202,333,104,229
124000203,100,1340,-1240
124000204,285,685,-400
124000205,41,840,-799
124000206,134,426,-292
124000207,0,57,-57
124000209,197,828,-631
124000210,111,271,-160
124000211,166,2,164
124000212,4,841,-837
124000213,121,546,-425
124000214,122,1041,-919
124000215,72,7,65
124000216,2,802,-800
124000329,53,3193,-3140
124000338,48,1767,-1719
124000339,204,67,137
124000341,287,61,226
124000344,49,32,17
124000357,838,1173,-335
124000358,868,934,-66
124000359,844,359,485
124000360,405,280,125
124000361,923,694,229
124000362,1805,2398,-593
124000363,326,638,-312
124000364,528,1461,-933
124000365,814,1376,-562
124000366,1876,1089,787
124000367,121,859,-738
124000368,145,114,31
124000369,84,82,2
124000370,79,650,-571
124000402,9,4,5
124000403,21,6,15
124000404,7,161,-154
124000405,1533,707,826
124000406,1314,1101,213
124000407,4,30,-26
124000411,4,720,-716
124000412,85,11,74
124000413,75,39,36
124000414,31,158,-127
124000415,44,328,-284
124000416,95,535,-440
124000417,150,140,10
124000418,79,185,-106
124000419,47,225,-178
124000420,20,88,-68
124000421,27,411,-384
124000422,39,31,8
124000423,123,42,81
124000424,2,147,-145
124000425,13,4,9
124000426,4,56,-52
124000427,15,16,-1
124000428,3,42,-39
124000429,19,76,-57
124000430,498,1022,-524
124000431,205,935,-730
124000432,137,873,-736
124000439,4,7,-3
124000442,5,227,-222
124000443,0,8,-8
124000445,203,204,-1
124000446,2228,64,2164
124900001,175,216,-41
124900002,132,717,-585
124900003,300,511,-211
124900004,190,361,-171
124900005,262,284,-22
124900006,218,355,-137
124900008,1082,476,606
124900009,84,92,-8
124900010,70,26,44
124900011,138,135,3
124900012,198,61,137
124900013,224,94,130
124900014,117,88,29
124900015,136,129,7
124900016,19,49,-30
124900017,664,204,460
124900018,6,6,0
124900020,31,57,-26
124900021,84,34,50
124900022,20,5,15
124900024,114,20,94
124900026,124,103,21
124900027,46,117,-71
124900028,836,178,658
124900029,8,289,-281
124900030,3,206,-203
124900031,24,462,-438
124900032,247,182,65
124900033,87,560,-473
124900034,7,99,-92
124900035,119,582,-463
124900036,2,52,-50
124900037,122,532,-410
124900038,402,395,7
124900039,0,17,-17
124900040,24,102,-78
124900041,188,1395,-1207
124900042,23,8,15
124900043,314,1360,-1046
124900044,29,2,27
124900045,852,733,119
124900046,2067,248,1819
124900047,100,248,-148
124900048,96,196,-100
124900050,99,282,-183
124900052,66,489,-423
124900053,31,569,-538
124900054,3690,351,3339
124900055,0,109,-109
124900057,17,98,-81
124900060,88,269,-181
124900061,21,4,17
124900062,16,13,3
124900066,0,26,-26
124900067,5,159,-154
124900068,238,214,24
124900070,38,18,20
124900072,26,7,19
124900074,128,315,-187
124900075,54,210,-156
124900076,16,297,-281
124900077,25,116,-91
124900078,68,7,61
124900079,635,38,597
124900080,149,882,-733
124900081,264,201,63
124900082,252,1024,-772
124900083,183,725,-542
124900084,2859,111,2748
124900085,1655,163,1492
124900086,78,415,-337
124900087,456,45,411
124900088,769,76,693
124900089,1523,35,1488
124900090,135,208,-73
124900091,177,837,-660
124900092,133,653,-520
124900093,108,161,-53
124900094,135,263,-128
124900095,50,322,-272
124900096,617,131,486
124900097,175,53,122
124900098,95,523,-428
124900099,749,295,454
124900100,224,46,178
124900101,32,490,-458
124900102,98,26,72
124900103,82,390,-308
124900104,33,214,-181
124900105,33,165,-132
124900106,226,21,205
124900107,39,16,23
124900108,154,21,133
124900109,9,101,-92
124900110,113,542,-429
124900111,1,65,-64
124900112,55,1139,-1084
124900113,138,157,-19
124900114,268,55,213
124900115,59,31,28
124900116,61,143,-82
124900117,715,150,565
124900118,96,63,33
124900119,202,59,143
124900120,29,535,-506
124900121,86,126,-40
124900122,605,254,351
124900123,487,37,450
124900124,165,167,-2
129000186,87,20,67
204000001,13,7,6
204000002,8,7,1
204000003,3,3,0
204000004,1,5,-4
204000005,353,240,113
204000006,571,602,-31
204000011,9,80,-71
204000012,20,98,-78
204000013,4,42,-38
204000019,350,607,-257
204000020,374,679,-305
204000021,1593,759,834
204000022,428,607,-179
204000023,311,1715,-1404
204000031,29,42,-13
204000032,548,53,495
204000034,19,552,-533
204000035,0,4,-4
204000036,1,47,-46
204000037,1,17,-16
204000038,0,4,-4
204000039,2,102,-100
204000040,15,67,-52
204000041,7,85,-78
204000042,15,18,-3
204000043,13,26,-13
204000044,13,8,5
204000045,16,13,3
204000046,4,10,-6
204000057,5,77,-72
204000062,7,29,-22
204000068,27,132,-105
204000069,10,194,-184
204000070,43,168,-125
204000080,11,71,-60
204000085,812,1904,-1092
204000086,2912,2264,648
204000087,34,25,9
204000088,3,129,-126
204000090,19,683,-664
204000093,224,37,187
204000096,379,610,-231
204000097,195,13,182
204000099,777,1102,-325
204000100,571,902,-331
204000105,1854,1593,261
204000110,543,1427,-884
204000111,263,930,-667
204000112,467,1182,-715
204000113,543,1013,-470
204000114,852,354,498
204000115,281,272,9
204000116,426,483,-57
204000119,1207,1088,119
204000132,251,187,64
204000133,388,287,101
204000134,149,158,-9
204000135,229,98,131
204000136,164,254,-90
204000138,232,209,23
204000140,91,88,3
204000141,84,80,4
204000144,14,34,-20
204000145,748,31,717
204000146,49,556,-507
204000147,25,138,-113
204000148,605,25,580
204000154,1,1,0
204000155,2,10,-8
204000177,60,61,-1
204000179,5,4,1
204000180,1,45,-44
204000222,1,30,-29
204000235,14,8,6
204000236,90,464,-374
204000238,42,25,17
204000240,436,47,389
204000263,366,1381,-1015
204000268,752,352,400
204000308,197,21,176
204000317,11,83,-72
204000322,6,32,-26
204000323,28,19,9
204000328,206,53,153
204000329,47,87,-40
204000330,207,21,186
204000331,14,218,-204
204010341,19,366,-347
205000001,1260,1523,-263
205000013,4,125,-121
205000014,22,165,-143
205000015,33,342,-309
205000016,18,308,-290
205000017,39,133,-94
205000022,282,557,-275
205000025,1882,970,912
205000029,110,8,102
205000045,39,193,-154
205000046,29,551,-522
205000047,56,561,-505
205000048,126,1079,-953
205000049,130,756,-626
205000050,1109,283,826
205000059,1,312,-311
205000060,0,47,-47
205000061,1,19,-18
205000062,3,44,-41
205000063,21,50,-29
205000064,13,144,-131
205000065,52,883,-831
205000066,79,952,-873
205000067,44,1350,-1306
205000069,205,38,167
205000082,183,126,57
205000110,36,223,-187
205000111,133,316,-183
205000112,61,123,-62
205000113,204,305,-101
205000121,136,48,88
205000123,106,251,-145
205000126,281,66,215
205000127,397,89,308
205000128,273,23,250
205000129,188,31,157
205000130,97,5,92
205000131,80,1,79
205000132,222,1,221
205000133,33,1,32
205000134,80,1,79
205000137,170,181,-11
205000138,357,299,58
205000139,33,91,-58
205000144,27,40,-13
205000145,373,77,296
205000151,126,12,114
205000152,95,16,79
205000153,78,25,53
205000154,28,13,15
205000155,44,8,36
205000207,57,179,-122
205000233,40,51,-11
205000234,0,0,0
205000243,0,1,-1
205000244,0,9,-9
205000245,25,553,-528
205000249,1,56,-55
205000250,0,0,0
205000264,3,117,-114
206000027,7,1,6
206000028,12,2,10
206000043,19,191,-172
206000053,13,19,-6
206000054,11,39,-28
206000055,9,76,-67
206000075,6,4,2
206000076,26,12,14
206000077,25,8,17
206000078,14,4,10
206000079,18,7,11
206000082,475,23,452
206000100,93,1177,-1084
206000103,6,25,-19
206000104,48,25,23
206000105,7,38,-31
206000106,11,52,-41
206000108,732,42,690
206000125,36,0,36
206000157,196,1075,-879
206000170,2,363,-361
206000171,3,328,-325
206000172,14,1612,-1598
206000173,4,480,-476
206000174,13,280,-267
206000175,1,335,-334
206000176,17,680,-663
206000177,8,367,-359
206000178,3,306,-303
206000179,10,226,-216
206000180,35,438,-403
206000181,13,602,-589
206000182,28,520,-492
206000183,29,2094,-2065
206000184,13,743,-730
206000185,10,618,-608
206000186,218,2608,-2390
206000223,7,361,-354
206000226,17,2,15
206000227,43,4,39
206000237,45,668,-623
206000238,76,1100,-1024
206000239,953,3331,-2378
206000240,2,83,-81
206000241,1,215,-214
206000242,9,827,-818
206000243,7,735,-728
206000244,85,1467,-1382
206000245,342,60,282
206000246,29,13,16
206000247,59,8,51
206000248,144,22,122
206000252,143,19,124
206000258,24,43,-19
206000315,23,7,16
206000317,256,96,160
206000318,113,58,55
206000319,479,84,395
206000320,62,43,19
206000321,43,10,33
206000322,141,13,128
206000323,69,4,65
206000324,90,7,83
206000325,131,11,120
206000326,61,17,44
206000327,108,8,100
206000328,58,4,54
206000329,124,8,116
206000330,23,8,15
206000331,41,5,36
206000332,22,3,19
206000333,181,2,179
206000334,109,2,107
206000335,0,35,-35
206000361,5,381,-376
206000392,10,62,-52
206000405,77,0,77
206000441,24,6,18
206000498,27,5,22
206000515,219,29,190
206000530,86,38,48
206000531,124,57,67
206000532,1655,114,1541
206000535,511,2851,-2340
206000536,20,346,-326
206000537,13,246,-233
206000613,1330,148,1182
207000001,87,386,-299
207000002,58,331,-273
207000003,127,254,-127
207000007,449,265,184
207000008,54,10,44
207000009,36,33,3
207000010,508,705,-197
207000012,244,296,-52
207000015,407,2272,-1865
207000019,140,94,46
207000021,568,158,410
207000022,50,115,-65
207000023,68,60,8
207000024,0,8,-8
207000025,6,61,-55
207000026,100,75,25
207000027,9,128,-119
207000028,40,324,-284
207000029,261,487,-226
207000033,227,208,19
207000034,165,62,103
207000039,189,172,17
207000040,96,259,-163
207000041,39,85,-46
207000042,175,82,93
207000043,117,240,-123
207000051,65,471,-406
207000052,14,256,-242
207000053,497,865,-368
207000054,43,157,-114
207000055,63,231,-168
207000056,249,435,-186
207000057,103,333,-230
207000058,35,576,-541
207000059,28,1032,-1004
207000060,35,278,-243
207000061,64,161,-97
207000062,98,38,60
207000063,110,196,-86
207000064,283,261,22
207000065,246,272,-26
207000066,70,233,-163
207000067,26,129,-103
207000068,72,71,1
207000069,657,424,233
207000082,34,475,-441
207000083,100,569,-469
207000084,132,200,-68
207000085,118,13,105
207000086,83,5,78
207000106,19,43,-24
207000107,61,31,30
207000108,29,14,15
207000109,31,7,24
207000110,38,37,1
207000111,45,53,-8
207000112,114,198,-84
207000114,24,22,2
207000115,14,111,-97
207000116,17,234,-217
207000117,12,131,-119
207000118,3,93,-90
207000119,9,140,-131
207000123,251,26,225
207000124,43,21,22
207000125,34,45,-11
207000126,49,16,33
207000134,18,326,-308
207000135,18,356,-338
207000148,54,118,-64
207000149,90,46,44
207000152,149,453,-304
207000153,1417,968,449
207000154,300,133,167
207000159,53,341,-288
207000160,77,813,-736
207000238,0,81,-81
207000242,1,242,-241
207000248,24,27,-3
207000249,114,58,56
207000250,784,62,722
207000251,90,55,35
207000252,51,119,-68
207000278,54,117,-63
207000279,8,355,-347
207000280,140,61,79
207000281,52,1721,-1669
207000282,165,34,131
207000283,130,239,-109
207000284,42,41,1
207000285,183,35,148
207000291,15,140,-125
207000304,86,60,26
207000306,57,450,-393
207000310,29,76,-47
207000353,83,0,83
207000356,4,16,-12
207000357,25,13,12
207000358,41,11,30
207000415,2,227,-225
207000417,12,0,12
207000418,69,167,-98
207000438,0,3,-3
207000439,1553,295,1258
207000446,77,4,73
207000460,4,9,-5
207000466,168,236,-68
207000467,114,128,-14
207000468,18,667,-649
207000476,2,112,-110
207000477,213,179,34
207000478,43,20,23
207000523,0,16,-16
207000524,8,1,7
207000527,67,169,-102
207000530,83,0,83
207000531,75,4,71
207000532,58,13,45
207000534,861,41,820
207000535,53,205,-152
207000537,36,154,-118
207000540,4,254,-250
207000541,3,393,-390
207000548,6,436,-430
207000549,90,8,82
207000561,80,59,21
207000562,42,246,-204
207000567,148,318,-170
207000568,40,166,-126
207000569,111,1667,-1556
207000584,581,131,450
207000585,69,131,-62
207000616,4,312,-308
207000617,58,20,38
207900008,62,327,-265
208000001,322,480,-158
208000002,280,372,-92
208000003,561,422,139
208000004,526,583,-57
208000005,4,20,-16
208000019,470,930,-460
208000020,66,383,-317
208000021,83,644,-561
208000022,469,652,-183
208000028,1219,941,278
208000033,327,628,-301
208000034,955,1520,-565
208000040,114,182,-68
208000041,566,507,59
208000042,592,588,4
208000047,77,379,-302
208000064,2742,1230,1512
208000066,1247,625,622
208000070,159,560,-401
208000071,161,932,-771
208000072,200,1188,-988
208000080,97,299,-202
208000081,103,157,-54
208000082,139,344,-205
208000083,62,407,-345
208000084,4,16,-12
208000085,599,572,27
208000086,316,951,-635
208000087,200,715,-515
208000089,532,690,-158
208000090,431,1089,-658
208000093,32,131,-99
208000094,238,546,-308
208000095,456,364,92
208000104,586,948,-362
208000105,432,1185,-753
208000114,30,144,-114
208000115,350,310,40
208000116,129,1035,-906
208000117,20,126,-106
208000118,45,112,-67
208000155,387,894,-507
208000158,1809,2206,-397
208000186,3077,1263,1814
208000204,304,806,-502
208000205,700,1387,-687
208000282,3399,1008,2391
209000004,67,212,-145
209000005,12,16,-4
209000006,239,132,107
209000007,265,174,91
209000010,450,158,292
209000011,83,220,-137
209000012,229,297,-68
209000013,149,886,-737
209000014,771,2368,-1597
209000025,121,30,91
209000026,398,69,329
209000027,337,1414,-1077
209000028,428,1579,-1151
209000029,499,1337,-838
209000030,317,2264,-1947
209000031,5104,3327,1777
209000034,121,148,-27
209000035,62,101,-39
209000036,59,94,-35
209000037,113,177,-64
209000038,56,123,-67
209000039,28,122,-94
209000040,360,562,-202
209000041,135,377,-242
209000042,264,381,-117
209000043,735,515,220
209000044,203,436,-233
209000045,656,270,386
209000046,155,345,-190
209000047,121,164,-43
209000048,242,221,21
209000049,117,161,-44
209000050,134,211,-77
209000051,203,396,-193
209000052,84,400,-316
209000062,20,235,-215
209000063,15,186,-171
209000064,25,195,-170
209000065,32,38,-6
209000066,19,61,-42
209000067,45,69,-24
209000080,20,189,-169
209000082,72,43,29
209000091,42,110,-68
209000093,124,52,72
209000094,201,149,52
209000110,43,61,-18
209000111,468,841,-373
209000112,414,392,22
209000113,837,286,551
209000114,221,261,-40
209000115,64,200,-136
209000116,698,769,-71
209000118,10,48,-38
209000119,13,6,7
209000121,151,886,-735
209000135,61,51,10
209000142,901,675,226
209000143,98,103,-5
209000144,12,59,-47
209000229,82,167,-85
209000240,28,563,-535
209000259,64,145,-81
209000260,66,1194,-1128
209000261,4,787,-783
209000262,5,722,-717
209000263,0,193,-193
209000264,0,46,-46
209000265,227,2,225
209000266,37,0,37
209000267,152,3,149
209000268,502,25,477
210000037,71,32,39
210000047,19,47,-28
210000048,34,37,-3
210000049,69,27,42
210000052,27,174,-147
210000053,17,101,-84
210000054,57,69,-12
210000070,36,2,34
210000071,21,0,21
210000072,4,0,4
210000073,2,38,-36
210000074,0,111,-111
210000075,2,63,-61
210000076,4,226,-222
210000077,28,32,-4
210000078,37,20,17
210000079,36,10,26
210000080,93,46,47
210000081,117,5,112
210000082,36,2,34
210000083,61,0,61
210000084,30,0,30
210000085,1,114,-113
210000086,1,175,-174
210000099,53,338,-285
210000100,29,298,-269
210000101,97,228,-131
210000105,38,121,-83
210000159,0,157,-157
210000163,226,199,27
210000164,417,105,312
210000168,152,19,133
210000187,0,10,-10
210000188,0,30,-30
210000214,12,0,12
210000219,31,32,-1
210000220,50,154,-104
210000232,2,33,-31
210000233,16,52,-36
210000234,31,155,-124
210000235,69,156,-87
210000245,2,28,-26
210000246,26,1,25
210000258,12,199,-187
210000259,139,27,112
210000282,67,249,-182
210000285,0,97,-97
210000286,19,216,-197
210000290,1,4,-3
210000295,26,126,-100
210000296,27,61,-34
210000320,113,200,-87
210000321,37,97,-60
210000338,45,99,-54
210000339,774,686,88
210000340,135,199,-64
210000341,102,221,-119
210000342,141,166,-25
210000343,109,195,-86
210000344,187,93,94
210000345,140,77,63
210000346,27,52,-25
210000347,47,24,23
210000348,55,11,44
210000349,33,28,5
210000350,54,75,-21
210000351,65,131,-66
210000352,63,89,-26
210000353,22,119,-97
210000354,42,115,-73
210000355,42,85,-43
210000356,32,54,-22
210000357,29,22,7
210000358,290,109,181
210000359,73,57,16
210000360,117,97,20
210000361,73,111,-38
210000362,169,116,53
210000363,975,116,859
210000364,88,89,-1
210000365,57,33,24
210000366,82,39,43
210000367,37,22,15
210000368,125,36,89
210000369,10,24,-14
210000370,23,50,-27
210000372,13,51,-38
210000373,19,4,15
210000374,64,12,52
210000375,22,89,-67
210000376,35,153,-118
210000404,105,138,-33
210000439,9,75,-66
210000472,73,1,72
210000482,115,50,65
210000564,950,130,820
210000567,0,7,-7
210000568,645,1,644
211000092,18,95,-77
211000094,47,5,42
211000169,123,11,112
211000172,20,262,-242
211000209,2,19,-17
211000226,10,20,-10
211000270,10,7,3
211000275,14,37,-23
211000276,38,53,-15
211000279,4,76,-72
211000281,14,87,-73
211507980,0,25,-25
211977296,4,4,0
212000003,72,68,4
212000004,18,10,8
212000005,1,13,-12
212000006,9,86,-77
212000008,88,300,-212
212000009,5,146,-141
212000012,30,101,-71
212000013,13,53,-40
212000014,221,185,36
212000015,160,261,-101
212000016,401,592,-191
212000027,346,460,-114
212000028,153,342,-189
212000029,108,266,-158
212000030,23,33,-10
212000031,29,67,-38
212000048,32,99,-67
212000049,12,94,-82
212000050,38,8,30
212000051,141,270,-129
212000052,91,476,-385
212000053,235,769,-534
212000054,62,169,-107
212000055,102,253,-151
212000056,2,41,-39
212000057,9,42,-33
212000058,298,38,260
212000070,75,431,-356
212000077,87,1003,-916
212000099,106,241,-135
212000108,98,179,-81
212000111,98,198,-100
212000120,61,130,-69
212000138,54,27,27
212000156,3,161,-158
212000158,5,11,-6
212000159,144,66,78
212000160,252,223,29
212000161,17,9,8
212000310,37,43,-6
212000311,2,73,-71
212000374,25,18,7
213000001,27,824,-797
213000005,551,73,478
213000006,1215,65,1150
213000007,45,6,39
213000009,373,155,218
213000010,129,126,3
213000011,165,128,37
213000012,96,391,-295
213000014,45,6,39
213000015,101,3,98
213000016,112,0,112
213000017,12,1,11
213000018,0,351,-351
213000019,3,175,-172
213000020,65,327,-262
213000021,8,124,-116
213000023,238,121,117
213000033,203,644,-441
213000034,250,270,-20
213000035,58,73,-15
213000045,85,274,-189
213000046,80,209,-129
213000047,380,782,-402
213000056,31,9,22
213000069,14,1,13
213000073,2,8,-6
213000074,184,738,-554
213000075,394,11,383
213000076,10,0,10
213000085,0,64,-64
213000086,25,247,-222
213000091,21,3,18
213000092,16,15,1
213000099,117,786,-669
213000100,972,161,811
213000101,69,167,-98
213000102,114,552,-438
213000103,570,785,-215
213000104,30,656,-626
213000105,1,41,-40
213000106,6,251,-245
213000107,91,967,-876
213000108,11,658,-647
213000109,3,273,-270
213000110,3,57,-54
213000111,7,49,-42
213000112,250,140,110
213000115,16,3,13
213000116,89,848,-759
213000117,8,1112,-1104
213000118,193,316,-123
213000119,55,899,-844
213000120,55,924,-869
213000122,172,1127,-955
213000123,804,1804,-1000
213000124,58,2160,-2102
213000125,161,24,137
213000126,166,79,87
213000127,261,126,135
213000128,1022,445,577
213000129,591,149,442
213000130,268,109,159
213000132,125,54,71
213000133,138,62,76
213000134,370,16,354
213000136,146,11,135
213000137,409,48,361
213000139,215,3,212
213000147,15,2,13
213000148,10,4,6
213000149,16,2,14
213000150,1,78,-77
213000151,0,93,-93
213000152,0,88,-88
213000153,2,40,-38
213000154,11,230,-219
213000155,32,403,-371
213000156,44,605,-561
213000157,556,739,-183
213000158,237,883,-646
213000159,417,519,-102
213000163,363,111,252
213000165,699,113,586
213000171,1,240,-239
213000172,1,398,-397
213000173,2,413,-411
213000174,4,399,-395
213000175,4,262,-258
213000176,14,11,3
213000177,4,2,2
213000178,27,1,26
213000179,105,1,104
213000180,25,0,25
213000184,79,627,-548
213000188,421,77,344
213000189,166,32,134
213000190,861,821,40
213000191,107,698,-591
213000192,89,744,-655
213000193,1319,180,1139
213000194,1,23,-22
213000195,19,527,-508
213000196,98,808,-710
213000197,187,140,47
213000198,32,1,31
213000200,102,1272,-1170
213000201,159,82,77
213000202,11,835,-824
213000203,2561,280,2281
213000204,317,11,306
213000205,170,34,136
213000206,134,14,120
213000207,25,4,21
213000208,12,1,11
213000209,15,1,14
213000210,82,2,80
213000211,2,8,-6
213000212,1,36,-35
213000213,3,47,-44
213000218,122,1106,-984
213000219,539,19,520
213000220,356,6,350
213000223,156,86,70
213000224,6,19,-13
213000225,14,3,11
213000226,22,3,19
213000227,391,109,282
213000228,87,47,40
213000229,561,26,535
213000230,159,7,152
213000232,45,282,-237
213000233,5,35,-30
213000234,0,33,-33
213000293,6,54,-48
213000294,26,6,20
213000295,0,133,-133
213000296,73,18,55
213000297,10,65,-55
213000298,22,98,-76
213000299,58,35,23
213000300,9,6,3
213000303,1,39,-38
213000304,1,6,-5
213000305,3,14,-11
213000306,40,42,-2
213000307,152,84,68
213000308,64,349,-285
213000309,76,59,17
213000310,275,101,174
213000311,359,659,-300
213000315,46,227,-181
213000316,76,63,13
213000322,47,188,-141
213000323,17,100,-83
213000324,18,119,-101
213000325,8,111,-103
213000326,21,53,-32
213000327,6,120,-114
213000328,13,80,-67
213000329,26,79,-53
213000340,122,1238,-1116
213000341,199,89,110
213000346,199,59,140
213000347,1003,110,893
213000348,5,178,-173
213000349,26,14,12
213000350,164,1866,-1702
213000366,20,375,-355
213000367,88,39,49
213000379,112,236,-124
213000386,3,172,-169
213000406,142,357,-215
213000417,683,322,361
213000425,58,73,-15
213000426,88,85,3
213000427,5,498,-493
213000428,12,322,-310
213000429,15,5,10
213000430,55,1246,-1191
213000431,95,0,95
213000432,1,8,-7
213000433,5,132,-127
213000434,23,133,-110
213000435,51,86,-35
213000436,4,74,-70
213000437,0,39,-39
213000438,56,75,-19
213000439,19,6,13
213000440,4,197,-193
213000441,0,0,0
213000442,0,44,-44
213000443,319,291,28
213000444,10,151,-141
213000445,0,143,-143
213000446,0,9,-9
213000447,0,28,-28
213000448,0,43,-43
213000449,63,1,62
213000450,14,66,-52
213000451,85,95,-10
213000452,3,22,-19
213000453,30,315,-285
213000455,267,89,178
213000456,4,154,-150
213000481,8,2,6
213000484,121,2,119
213000489,388,8,380
213000491,2,71,-69
213000492,185,126,59
213000493,0,37,-37
213000494,85,169,-84
213000495,2,222,-220
213000496,216,211,5
213000497,20,527,-507
213000498,61,407,-346
213000499,94,1013,-919
213000500,140,109,31
213000501,17,16,1
213000502,129,25,104
213000503,6,112,-106
213000504,9,288,-279
213000505,3,3,0
213000506,0,7,-7
213000507,6,286,-280
213900016,0,11,-11
213900244,2,0,2
213900245,1,42,-41
218000003,28,11,17
218000004,18,16,2
218000005,23,28,-5
218000006,33,33,0
218000007,4,17,-13
218000012,274,183,91
218000013,58,121,-63
218000014,627,384,243
218000019,951,479,472
218000020,357,432,-75
218000021,37,134,-97
218000022,8,91,-83
218000023,3,66,-63
218000024,0,38,-38
218000025,11,44,-33
218000026,8,89,-81
218000027,1,22,-21
218000028,6,4,2
218000029,1,5,-4
218000030,20,40,-20
218000031,4,80,-76
218000032,1,49,-48
218000040,2,1,1
218000046,13,238,-225
218000047,6,309,-303
218000048,40,426,-386
218000049,92,274,-182
218000050,352,462,-110
218000051,58,563,-505
218000052,5,116,-111
218000053,2,18,-16
218000054,45,43,2
218000055,7,17,-10
218000056,8,43,-35
218000057,2,52,-50
218000064,0,1,-1
218000065,29,84,-55
218000066,12,63,-51
218000067,16,106,-90
218000068,67,97,-30
218000069,80,201,-121
218000070,145,428,-283
218000071,158,312,-154
218000072,365,340,25
218000078,526,1423,-897
218000079,28,82,-54
218000080,60,82,-22
218000081,187,382,-195
218000082,19,183,-164
218000083,15,74,-59
218000084,69,246,-177
218000085,102,530,-428
218000086,26,260,-234
218000087,176,320,-144
218000090,5,59,-54
218000091,684,392,292
218000092,39,158,-119
218000093,48,125,-77
218000094,474,1054,-580
218000099,363,432,-69
218000100,163,349,-186
218000101,134,254,-120
218000102,153,461,-308
218000103,39,216,-177
218000104,21,66,-45
218000105,24,11,13
218000106,12,9,3
218000107,38,163,-125
218000108,11,74,-63
218000112,64,18,46
218000117,45,52,-7
218000134,507,976,-469
218000135,11,111,-100
218000136,83,47,36
218000137,92,192,-100
218000138,54,142,-88
218000139,76,458,-382
218000140,122,170,-48
218000141,31,60,-29
218000142,56,245,-189
218000143,19,180,-161
218000144,4,67,-63
218000145,163,558,-395
218000146,50,128,-78
218000151,10,15,-5
218000152,44,65,-21
218000153,1,5,-4
218000154,5,6,-1
218000155,5,6,-1
218000156,37,15,22
218000157,7,8,-1
218000158,1,11,-10
218000159,2,3,-1
218000160,0,8,-8
218000161,14,12,2
218000162,15,17,-2
218000163,6,4,2
218000164,12,20,-8
218000165,25,36,-11
218000170,2,31,-29
218000171,33,10,23
218000172,3,8,-5
218000173,60,22,38
218000174,3,5,-2
218000176,90,13,77
218000177,231,75,156
218000178,70,94,-24
218000179,41,26,15
218000180,56,11,45
218000181,83,28,55
218000187,4,12,-8
218000188,30,44,-14
218000189,21,83,-62
218000190,9,29,-20
218000191,40,136,-96
218000192,82,604,-522
218000193,271,608,-337
218000194,46,611,-565
218000195,91,99,-8
218000196,224,347,-123
218000197,142,567,-425
218000198,5,159,-154
218000199,16,51,-35
218000200,64,42,22
218000201,21,12,9
218000202,147,137,10
218000207,6,54,-48
218000208,21,84,-63
218000211,29,10,19
218000212,3,11,-8
218000213,100,73,27
218000214,4,19,-15
218000215,56,135,-79
218000217,13,143,-130
218000218,372,100,272
218000219,16,22,-6
218000220,77,318,-241
218000221,447,172,275
218000222,74,18,56
218000223,25,114,-89
218000224,2,40,-38
218000225,148,21,127
218000226,38,66,-28
218000230,0,3,-3
218000232,42,58,-16
218000239,14,1,13
218000240,5,1,4
218000241,2,0,2
218000242,1,0,1
218000243,6,1,5
218000244,27,1,26
218000245,1,1,0
218000246,0,1,-1
218000247,1,0,1
218000248,0,41,-41
218000249,0,4,-4
218000250,1,14,-13
218000251,4,18,-14
218000252,0,21,-21
218000253,0,13,-13
218000254,0,19,-19
218000255,0,9,-9
218000256,0,55,-55
218000267,820,1422,-602
218000268,8,82,-74
218000269,6,20,-14
218000270,8,59,-51
218000271,36,64,-28
218000273,9,5,4
218000274,10,10,0
218000275,26,37,-11
218000276,2,81,-79
218000278,6,19,-13
218000279,7,42,-35
218000280,18,13,5
218000281,9,17,-8
218000282,338,169,169
218000284,113,16,97
218000301,26,143,-117
218000302,74,48,26
218000303,12,48,-36
218000316,760,1392,-632
218000317,538,1467,-929
218000318,194,1332,-1138
218000319,562,1781,-1219
218000320,550,825,-275
218000338,11,22,-11
218000345,118,71,47
218000346,24,127,-103
218000459,71,487,-416
218000490,15,54,-39
218000501,20,27,-7
218000502,32,154,-122
218000503,40,13,27
218000504,72,7,65
218000505,23,158,-135
218000506,37,160,-123
218000508,0,7,-7
218000510,132,11,121
218000520,97,113,-16
218000521,3,65,-62
218000522,1,146,-145
218000523,53,0,53
218000524,38,134,-96
218000525,73,16,57
218000526,93,108,-15
218000529,15,251,-236
218000530,1,7,-6
218000531,3,27,-24
218000532,12,31,-19
218000534,31,10,21
218000537,5,35,-30
218000538,73,163,-90
218000540,194,128,66
218000543,96,58,38
218000544,57,163,-106
218000545,17,87,-70
218000546,39,203,-164
218000547,46,147,-101
218000548,138,221,-83
218000549,298,101,197
218000550,276,830,-554
218000551,372,240,132
218000552,859,46,813
218000553,16,64,-48
218000554,23,37,-14
218000555,25,44,-19
218000556,133,480,-347
218000557,196,164,32
218000558,59,1,58
218000559,0,18,-18
218000560,0,17,-17
218000561,11,0,11
218000562,14,211,-197
218000563,103,22,81
218000564,11,112,-101
218000565,315,26,289
218000566,249,20,229
218000567,10,75,-65
218000568,4,2,2
218000569,6,57,-51
218000570,196,7,189
218000571,0,71,-71
218000572,34,1,33
218000573,54,48,6
218000574,229,61,168
218000575,31,1,30
218000576,1,68,-67
218000577,19,0,19
218000578,1,126,-125
218000579,30,2,28
218000581,2,90,-88
218000582,13,0,13
218000583,8,0,8
218000584,1,20,-19
218000585,4,2,2
218000586,1,35,-34
218000587,0,0,0
218000588,0,2,-2
218000589,0,0,0
218000590,0,0,0
218000591,0,6,-6
218000592,0,1,-1
218000593,0,1,-1
218000594,0,1,-1
218000595,0,0,0
218000596,0,0,0
218000597,0,0,0
218000598,0,2,-2
218000599,0,0,0
218000600,0,0,0
218000601,0,0,0
218000602,1,1,0
218000603,0,3,-3
218000604,2,1,1
218000605,0,23,-23
218000606,11,0,11
218000607,12,35,-23
218000608,16,5,11
218000609,1,38,-37
218000610,24,2,22
218000611,4,2,2
218000612,0,57,-57
218000613,10,1,9
218000614,0,48,-48
218000615,19,3,16
218000616,2,165,-163
218000617,6,1,5
218000618,0,22,-22
218000619,7,16,-9
218000620,2,32,-30
218000621,0,3,-3
218000622,0,4,-4
218000623,2,1,1
218000624,0,7,-7
218000625,8,1,7
218000626,0,3,-3
218000628,49,35,14
218000631,12,11,1
218000632,0,47,-47
218000633,24,1,23
218000634,5,12,-7
218000635,4,5,-1
218000636,549,1706,-1157
218000637,514,843,-329
218000638,71,50,21
218000639,8,360,-352
218000640,153,40,113
218000641,38,579,-541
218000652,187,226,-39
218000653,117,70,47
218000663,3,91,-88
218000675,21,35,-14
218000676,1,34,-33
218000677,9,26,-17
218000680,94,635,-541
218000681,247,94,153
218000691,94,568,-474
218000693,78,88,-10
218000703,7,110,-103
218000718,1381,316,1065
218000719,1718,54,1664
218000720,3,56,-53
218000721,25,10,15
218000725,4,10,-6
218001214,12,21,-9
218001329,135,78,57
218001330,174,53,121
218001351,3,11,-8
218001352,6,13,-7
218001353,4,8,-4
218001354,2,11,-9
218001355,31,8,23
218001357,7,1,6
219000001,26,76,-50
219000002,39,105,-66
219000003,42,17,25
219000004,29,65,-36
219000017,73,30,43
219000020,51,27,24
219000022,101,5,96
219000023,65,1,64
219000029,0,132,-132
219000034,7,18,-11
219000039,38,68,-30
219000040,56,21,35
219000041,125,41,84
219000051,0,75,-75
219000052,0,26,-26
219000053,1,303,-302
219000054,26,270,-244
219000055,48,2,46
219000056,3,0,3
219000057,31,0,31
219000062,8,253,-245
219000063,23,11,12
219000064,2,29,-27
219000110,242,47,195
219000111,113,35,78
219000112,212,66,146
219000113,100,51,49
219000114,581,18,563
219000116,56,36,20
219000117,148,92,56
219000118,61,91,-30
219000123,253,96,157
219000124,64,59,5
219000125,8,34,-26
219000126,63,133,-70
219000127,0,5,-5
219000128,42,98,-56
219000129,23,129,-106
219000130,1223,685,538
219000131,921,761,160
219000133,48,36,12
219000134,10,13,-3
219000135,22,58,-36
219000136,96,176,-80
219000138,53,17,36
219000139,19,66,-47
219000140,20,0,20
219000141,11,155,-144
219000142,29,138,-109
219000143,20,169,-149
219000145,12,47,-35
219000146,8,83,-75
219000147,3,83,-80
219000148,1,128,-127
219000149,34,381,-347
219000150,2,196,-194
219000151,6,138,-132
219000157,135,232,-97
219000158,86,262,-176
219000161,100,11,89
219000163,1878,451,1427
219000166,74,196,-122
219000167,57,282,-225
219000168,739,79,660
219000174,171,103,68
219000175,26,1,25
219000176,24,6,18
219000177,10,4,6
219000178,10,5,5
219000179,3,9,-6
219000180,34,20,14
219000182,74,10,64
219000183,22,66,-44
219000184,29,5,24
219000185,2,175,-173
219000186,18,115,-97
219000187,11,209,-198
219000189,166,138,28
219000190,161,205,-44
219000191,1964,641,1323
219000192,111,113,-2
219000193,569,120,449
219000195,3,93,-90
219000196,3,139,-136
219000198,48,248,-200
219000199,115,290,-175
219000200,47,253,-206
219000201,76,243,-167
219000203,23,131,-108
219000204,121,201,-80
219000205,46,271,-225
219000207,326,270,56
219000209,17,135,-118
219000210,37,164,-127
219000213,4,346,-342
219000239,175,268,-93
219000240,169,401,-232
219000241,70,316,-246
219000242,67,246,-179
219000243,62,387,-325
219000244,19,127,-108
219000245,7,41,-34
219000246,6,19,-13
219000247,44,14,30
219000248,337,204,133
219000249,121,46,75
219000250,67,75,-8
219000251,381,120,261
219000252,93,82,11
219000253,63,44,19
219000255,30,66,-36
219000256,68,60,8
219000257,52,0,52
219000262,109,334,-225
219000263,27,250,-223
219000267,2,143,-141
219000268,3,6,-3
219000269,2,1,1
219000270,2,1,1
219000271,30,3,27
219000278,1,10,-9
219000279,1,6,-5
219000283,0,10,-10
219000295,14,129,-115
219000296,73,749,-676
219000297,23,223,-200
219000298,12,318,-306
219000299,446,53,393
219000300,32,412,-380
219000301,200,469,-269
219000302,22,283,-261
219000307,35,98,-63
219000308,47,28,19
219000311,77,44,33
219000312,195,41,154
219000313,143,25,118
219000314,128,812,-684
219000315,96,20,76
219000316,189,25,164
219000317,27,9,18
219000320,2,87,-85
219000321,1,18,-17
219000323,7,130,-123
219000325,0,66,-66
219000326,92,175,-83
219000327,79,63,16
219000328,49,97,-48
219000329,350,82,268
219000330,51,26,25
219000331,28,56,-28
219000332,52,87,-35
219000333,3,5,-2
219000335,58,9,49
219000337,1,1,0
219000338,22,1,21
219000344,32,128,-96
219000345,105,216,-111
219000346,33,273,-240
219000348,83,230,-147
219000349,24,297,-273
219000350,26,68,-42
219000351,3,6,-3
219000352,236,51,185
219000353,62,55,7
219000354,120,163,-43
219000355,107,46,61
219000356,2120,291,1829
219000363,280,16,264
219000364,53,13,40
219000365,63,5,58
219000366,332,87,245
219000368,328,392,-64
219000370,1148,141,1007
219000371,13,14,-1
219000382,0,24,-24
219000383,842,622,220
219000385,723,456,267
219000386,1425,1385,40
219000387,4,7,-3
219000390,0,1,-1
219000391,0,0,0
219000397,120,181,-61
219000398,104,30,74
219000401,4,81,-77
219000402,11,93,-82
219000403,31,115,-84
219000404,1,82,-81
219000407,0,36,-36
219000409,26,22,4
219000410,26,11,15
219000411,16,10,6
219000446,245,495,-250
219000447,0,17,-17
219000448,11,2,9
219000452,66,55,11
219000453,38,91,-53
219000454,222,236,-14
219000556,93,51,42
219000558,84,449,-365
219000590,11,227,-216
219000591,34,37,-3
219000592,106,497,-391
219000595,5,52,-47
219000635,33,21,12
219000636,14,120,-106
219000657,45,27,18
219000658,12,29,-17
219000673,0,11,-11
219000676,75,30,45
219000679,6,16,-10
219000684,18,2,16
219000685,1,99,-98
219000686,11,0,11
219000688,1,116,-115
219000689,80,175,-95
219000690,186,19,167
219000691,60,76,-16
219000692,116,38,78
219000693,1,46,-45
219000694,8,0,8
219000695,15,5,10
219000698,7,0,7
219000699,0,15,-15
219000727,4,218,-214
219000728,44,3,41
219000770,13,1,12
219000771,0,44,-44
219000788,203,236,-33
219001150,1,6,-5
219001151,1,2,-1
219001166,15,2,13
219001167,0,71,-71
219001178,23,1,22
220000001,6,33,-27
220000002,12,225,-213
220000003,353,374,-21
220000004,630,851,-221
220000005,1887,1765,122
220000006,122,1035,-913
220000007,192,1094,-902
220000008,191,1399,-1208
220000009,93,632,-539
220000010,72,153,-81
220000011,734,1617,-883
220000012,29,146,-117
220000014,23,80,-57
220000015,18,183,-165
220000017,14,421,-407
220000018,6021,873,5148
220000019,61,220,-159
220000020,118,307,-189
220000021,385,177,208
220000022,429,527,-98
220000023,173,155,18
220000024,1597,258,1339
220000025,1155,362,793
220000026,189,131,58
220000027,12,104,-92
220000028,12,30,-18
220000029,59,196,-137
220000030,53,68,-15
220000031,249,310,-61
220000064,12,1283,-1271
221000046,56,66,-10
221000047,0,3,-3
221000048,0,1,-1
221000049,0,15,-15
221000050,32,23,9
221000055,25,40,-15
221000057,60,6,54
221000068,291,68,223
221000069,249,46,203
221000070,120,17,103
221000071,21,11,10
221000072,124,20,104
221000073,161,59,102
221000074,0,20,-20
221000075,28,17,11
221000076,17,42,-25
221000077,25,81,-56
221000081,22,12,10
221000082,29,0,29
221000083,21,1,20
221000084,4,4,0
221000085,11,72,-61
221000086,6,186,-180
221000087,5,242,-237
221000088,10,200,-190
221000089,34,289,-255
221000090,108,505,-397
221000098,150,20,130
221000099,146,18,128
221000100,50,6,44
221000101,245,9,236
221000102,118,8,110
221000109,7,104,-97
221000110,9,172,-163
221000111,18,162,-144
221000112,8,128,-120
221000113,9,160,-151
221000114,13,218,-205
221000120,10,41,-31
221000121,6,29,-23
221000122,19,19,0
221000123,6,18,-12
221000124,27,457,-430
221000155,99,8,91
221000156,7,18,-11
221000175,0,0,0
221000176,1,0,1
221000182,24,3,21
221000241,435,210,225
221000242,319,278,41
221000243,288,96,192
221000244,294,316,-22
221000245,31,89,-58
221000246,19,208,-189
221000247,14,153,-139
221000248,43,141,-98
221000267,41,832,-791
221000325,47,45,2
221000331,2,128,-126
221000338,3,28,-25
221000378,92,29,63
221000381,62,106,-44
222000282,2,0,2
222000296,2,20,-18
222000568,209,6,203
222000569,76,12,64
222000570,99,5,94
222000571,96,6,90
222000577,18,252,-234
222000578,11,244,-233
222000579,25,107,-82
222000580,117,973,-856
222000599,1,163,-162
222000600,3,314,-311
222000601,11,978,-967
222000603,3,12,-9
222000604,2,17,-15
222000605,6,18,-12
222000606,2,10,-8
222000607,2,1,1
222000608,6,21,-15
222000609,39,418,-379
222000616,54,34,20
222000617,11,7,4
222000618,1,3,-2
222000620,13,6,7
222000621,19,8,11
222000623,406,4,402
222000624,123,3,120
222000625,293,61,232
222000636,30,1,29
222000686,21,9,12
222000687,53,27,26
222001066,226,1,225
222001067,0,5,-5
222001068,11,38,-27
222001069,18,61,-43
222001082,6,66,-60
222001083,9,87,-78
222001084,0,21,-21
222001085,0,284,-284
222001111,12,296,-284
222001112,77,36,41
222001313,4,3,1
222001314,2,114,-112
222001464,10,39,-29
222001465,2,141,-139
222001484,28,54,-26
222001485,11,103,-92
222001494,137,132,5
222001495,103,578,-475
222001496,122,48,74
222001497,70,800,-730
222001502,38,147,-109
222001503,7,7,0
222001504,29,283,-254
222001505,18,2,16
222001506,43,318,-275
222001507,44,1,43
222001510,52,12,40
222001511,33,529,-496
222001514,228,40,188
222001515,240,758,-518
222001518,35,15,20
222001519,51,583,-532
222001527,48,8,40
222001528,137,232,-95
222001529,47,9,38
222001530,32,315,-283
222001533,151,586,-435
222001534,33,12,21
222001535,48,133,-85
222001536,114,514,-400
222001537,181,8,173
222001538,76,601,-525
222001563,93,37,56
222001564,35,1074,-1039
222001568,159,119,40
222001576,0,3,-3
222001579,1,4,-3
222001583,11,382,-371
222001584,49,6,43
222001596,523,2083,-1560
222001597,721,176,545
222001626,0,260,-260
222001650,110,68,42
222001651,73,145,-72
222001914,57,12,45
222001915,82,249,-167
222001968,434,172,262
222001969,434,1115,-681
222001970,59,189,-130
222001971,8,59,-51
222001972,2,46,-44
225000001,369,62,307
225000002,237,48,189
225000003,199,62,137
225000004,154,160,-6
225000005,9,47,-38
225000006,1,118,-117
225000007,3013,1041,1972
225000010,37,0,37
225000011,425,559,-134
225000012,105,270,-165
225000013,52,93,-41
225000014,458,40,418
225000015,108,228,-120
225000021,362,77,285
225000027,250,447,-197
225000032,529,69,460
225000042,47,661,-614
225000049,20,72,-52
225000050,24,4,20
225000053,3,188,-185
225000058,202,92,110
225000067,103,236,-133
225000068,93,573,-480
225000069,172,481,-309
225000070,79,538,-459
225000071,13,315,-302
225000075,24,828,-804
225000076,77,100,-23
225000078,53,11,42
225000085,20,71,-51
225000086,64,40,24
225000087,95,11,84
225000088,18,159,-141
225000089,367,433,-66
225000090,17,352,-335
225000091,40,230,-190
225000092,17,72,-55
225000093,103,413,-310
225000094,19,543,-524
225000095,258,584,-326
225000096,82,382,-300
225000098,295,100,195
225000099,130,95,35
225000100,92,112,-20
225000104,39,415,-376
225000110,7,495,-488
225000111,107,1183,-1076
225000112,191,943,-752
225000113,81,579,-498
225000114,35,280,-245
225000115,2682,516,2166
225000116,1050,53,997
225000117,419,196,223
225000118,452,112,340
225000119,85,32,53
225000120,303,31,272
225000121,106,17,89
225000123,788,18,770
225000125,103,248,-145
225000126,718,169,549
225000127,898,490,408
225000128,217,316,-99
225000132,122,14,108
225000133,193,17,176
225000134,484,59,425
225000135,19,5,14
225000136,78,15,63
225000137,45,28,17
225000138,227,18,209
225000143,97,174,-77
225000144,0,302,-302
225000145,13,32,-19
225000146,25,123,-98
225000147,9,506,-497
225000148,4,283,-279
225000149,61,517,-456
225000151,35,304,-269
225000155,142,318,-176
225000156,154,569,-415
225000157,92,391,-299
225000158,31,423,-392
225000171,3,169,-166
225000180,52,41,11
225000181,1,24,-23
225000182,15,4,11
225000185,14,246,-232
225000187,40,464,-424
225000191,13,4,9
225000194,0,7,-7
225000208,2,41,-39
225000209,16,19,-3
225000210,3,197,-194
225000217,0,15,-15
225000218,6,2,4
225000223,0,37,-37
225000224,25,0,25
225000225,0,3,-3
225000226,16,0,16
225000227,38,55,-17
225000228,7,2,5
225000229,0,106,-106
225000230,15,0,15
225000231,2,108,-106
225000232,44,0,44
225000241,23,0,23
225000242,1,39,-38
225000249,6,0,6
225000250,31,998,-967
225000251,179,15,164
225000254,1,0,1
225000256,0,1,-1
225000257,1,3,-2
226000042,436,419,17
226000043,72,250,-178
226000044,107,803,-696
226000045,55,484,-429
226000046,149,30,119
226000047,179,35,144
226000048,203,28,175
226000049,114,49,65
226000070,0,58,-58
226000071,0,70,-70
226000072,0,9,-9
226000073,0,13,-13
226000074,0,9,-9
226000084,2,68,-66
226000085,0,1,-1
226000086,3,5,-2
226000087,1,16,-15
226000088,83,12,71
226000090,120,11,109
226000091,17,3,14
226000092,3,0,3
226000093,4,1,3
226000094,3,0,3
226000095,3,1,2
226000105,1,1,0
226000106,5,1,4
226000107,5,0,5
226000108,9,0,9
226000109,26,0,26
226000124,58,52,6
226000134,331,295,36
226000135,627,424,203
226000136,146,230,-84
226000137,19,484,-465
226000138,4,316,-312
226000139,0,21,-21
226000156,42,1,41
226000157,67,7,60
226000163,31,38,-7
226000202,2,458,-456
226000231,87,3,84
226000232,13,3,10
227000033,229,32,197
227000036,113,20,93
227000037,73,17,56
227000038,66,11,55
227000084,1,42,-41
227000085,0,43,-43
227000088,6,1,5
227000089,61,4,57
227000090,14,0,14
227000091,10,0,10
227000092,15,3,12
227000093,20,0,20
227000094,2,0,2
227000130,14,90,-76
227000131,8,295,-287
227000132,28,260,-232
227000133,8,301,-293
227000134,14,453,-439
227000152,0,1,-1
227000153,0,32,-32
227000154,0,38,-38
227000155,0,22,-22
227000156,0,19,-19
227000165,3,38,-35
227000196,124,444,-320
227000199,89,676,-587
227000230,22,675,-653
227000232,152,13,139
227000242,59,472,-413
227000243,352,48,304
227000245,12,405,-393
227000246,75,458,-383
227000247,136,65,71
227000248,52,19,33
227000249,14,339,-325
227000250,200,88,112
227000251,134,253,-119
227000252,17,429,-412
227000253,42,18,24
227000262,169,25,144
227000266,354,20,334
227000267,34,2911,-2877
227000282,7,356,-349
227000284,107,15,92
227000286,3,144,-141
227000291,20,770,-750
227000296,681,289,392
227000484,368,17,351
227000485,21,737,-716
227000655,52,12,40
227000656,561,14,547
227000657,24,21,3
227000704,106,13,93
229000265,0,2,-2
229000266,0,1,-1
229000267,1,0,1
229000268,3,0,3
229000269,32,0,32
229000274,1,14,-13
229000275,1,27,-26
229000276,0,14,-14
229000277,0,3,-3
229000278,3,2,1
229000295,25,32,-7
229000296,3,4,-1
229000297,1,34,-33
229000298,11,108,-97
229000320,7,2,5
229000321,6,5,1
229000412,7,68,-61
229000414,0,112,-112
229000415,4,1,3
229000416,0,0,0
229000417,1,5,-4
229000419,87,240,-153
229000440,158,51,107
229000442,6,15,-9
229000443,2,2,0
229000444,2,35,-33
229000445,14,4,10
229000446,20,20,0
229000491,1,54,-53
229000492,12,199,-187
229000493,13,149,-136
229000494,24,10,14
229000495,81,19,62
229000496,15,14,1
229000507,0,34,-34
229000508,1,24,-23
229000509,0,67,-67
229000510,6,23,-17
229000511,3,55,-52
229000512,0,45,-45
229000513,0,6,-6
229000514,0,5,-5
229000517,0,11,-11
229000518,4,47,-43
229000519,1,15,-14
229000520,3,53,-50
229000521,14,25,-11
229000522,3,15,-12
229000523,4,24,-20
229000524,1,17,-16
229000527,0,0,0
229000528,0,2,-2
229000529,2,0,2
229000530,71,5,66
229000531,26,4,22
229000532,23,3,20
229000533,99,2,97
229000534,72,0,72
229000564,34,3,31
229000565,2,0,2
229000566,0,37,-37
229000567,0,116,-116
229000582,164,1,163
229000583,1,2,-1
229000584,0,76,-76
229000585,8,80,-72
229000718,0,5,-5
229000719,0,1,-1
229000720,0,15,-15
229000721,0,16,-16
229000722,0,29,-29
229000723,0,25,-25
229000724,0,1,-1
229000725,0,11,-11
229000738,3,0,3
229000739,0,0,0
229000740,1,0,1
229000741,6,0,6
229000742,7,1,6
229000743,16,1,15
229000744,0,0,0
229000745,1,0,1
229000746,11,0,11
229000847,15,2,13
229000848,8,0,8
229000849,42,0,42
229000851,4,0,4
229000854,1,93,-92
229000856,4,207,-203
229000857,0,58,-58
229000858,0,157,-157
229000919,9,121,-112
229000930,6,215,-209
229000937,58,26,32
229000966,16,28,-12
229000981,8,80,-72
229000985,3,32,-29
229000986,1,3,-2
229000987,0,0,0
229000988,0,2,-2
229000989,1,3,-2
229000990,0,0,0
229000991,0,1,-1
229000992,6,16,-10
229000993,115,14,101
229000998,20,27,-7
229000999,68,10,58
229001034,1,13,-12
229001035,2,0,2
229001036,3,38,-35
229001037,27,0,27
229001038,0,0,0
229001039,1,1,0
229001040,0,34,-34
229001041,42,0,42
229001042,11,20,-9
229001047,1,33,-32
229001050,28,13,15
229001168,0,14,-14
229001200,0,8,-8
229001338,3,27,-24
229001394,373,19,354
229001422,103,41,62
229001423,39,196,-157
229001431,67,64,3
229001432,58,82,-24
229001444,87,63,24
229001445,31,170,-139
229001479,6,8,-2
229001503,115,87,28
229001504,78,229,-151
229001505,48,64,-16
229001506,34,213,-179
229001509,27,3,24
229001510,4,30,-26
229001545,54,3,51
229001546,2,111,-109
229001553,21,17,4
229001554,12,139,-127
229001630,45,20,25
229001631,19,39,-20
229001635,0,6,-6
229001636,0,0,0
229001658,0,75,-75
229001659,148,9,139
229001660,0,6,-6
229001661,1,11,-10
229001662,26,2,24
229001663,0,22,-22
229002584,86,101,-15
229002831,129,97,32
229002841,4,17,-13
229002842,7,15,-8
229002843,12,18,-6
229002844,13,64,-51
229002845,0,72,-72
229002846,6,10,-4
229002847,0,10,-10
229002848,1,4,-3
229002849,0,42,-42
229002850,2,2,0
229002851,6,91,-85
229002852,24,27,-3
229002853,19,12,7
229002854,5,55,-50
229002855,4,39,-35
229002856,6,9,-3
229002857,0,44,-44
229002858,2,4,-2
229002859,14,22,-8
229002860,17,3,14
229002861,14,20,-6
229002862,6,57,-51
229002863,5,20,-15
229002864,2,37,-35
229002865,3,13,-10
229002866,0,17,-17
229002867,4,21,-17
229002868,2,4,-2
229002869,1,103,-102
229002870,5,6,-1
235000066,345,118,227
235000067,97,151,-54
235000072,25,66,-41
235000073,103,261,-158
235000074,31,96,-65
235000080,3,91,-88
235000081,67,289,-222
235000082,19,45,-26
235000083,118,100,18
235000084,11,55,-44
235000085,45,85,-40
235000089,13,74,-61
235000092,6,136,-130
235000093,2,6,-4
235000097,0,1,-1
235000098,27,26,1
235000099,19,43,-24
235000116,54,32,22
235000117,906,9,897
235000133,9,190,-181
235000134,7,79,-72
235000206,15,4,11
235000207,0,0,0
235000208,1,1,0
235000209,2,2,0
235000210,3,2,1
235000212,5,10,-5
235000213,1,6,-5
235000220,0,1,-1
235000221,14,8,6
235000238,6,30,-24
235000239,0,4,-4
235000242,117,229,-112
235000245,1243,233,1010
235000246,4,70,-66
235000284,4,90,-86
235000295,42,3,39
235000305,32,1,31
235000306,18,0,18
235000307,2,0,2
235000308,0,0,0
235000309,8,1,7
235000310,7,0,7
235000311,20,7,13
235000322,0,56,-56
235000323,0,57,-57
235000324,3,24,-21
235000325,0,12,-12
235000326,3,351,-348
235000351,2,44,-42
235000352,13,61,-48
235000353,0,61,-61
235000354,4,34,-30
235000355,6,75,-69
235000356,10,0,10
235000357,1,3,-2
235000358,6,4,2
235000359,0,0,0
235000360,18,5,13
235000361,7,4,3
235000381,20,430,-410
235000382,71,49,22
235000390,15,5,10
235000391,52,26,26
235000392,52,125,-73
235000393,71,83,-12
235000395,58,28,30
235000396,213,47,166
235000400,80,26,54
235000401,21,278,-257
235000405,69,570,-501
235000406,52,484,-432
235000407,58,145,-87
235000409,257,209,48
235000410,44,222,-178
235000411,1,113,-112
235000485,0,12,-12
235000486,3,0,3
235000549,30,82,-52
235000550,51,262,-211
235000599,46,81,-35
235000600,7,14,-7
235000601,15,35,-20
235000602,41,144,-103
235000614,0,0,0
235000648,1,27,-26
235000649,24,1,23
235000685,1,4,-3
235000815,5,24,-19
235000834,0,7,-7
235000855,21,62,-41
235000862,18,271,-253
235000891,0,7,-7
235000892,7,2,5
235000901,62,129,-67
235000907,3,9,-6
235001010,15,60,-45
235001029,954,442,512
235001030,510,168,342
235001078,84,91,-7
235001079,63,205,-142
235001147,23,32,-9
235001166,12,69,-57
235001167,4,106,-102
235001169,17,298,-281
235001188,0,5,-5
235001189,0,2,-2
235001197,13,16,-3
235001200,52,19,33
235001207,58,19,39
235001210,16,179,-163
235001215,27,170,-143
235001239,0,36,-36
235001244,0,4,-4
235016267,0,11,-11
277101746,0,4,-4
277102712,0,0,0
277103813,0,0,0
277103814,0,1,-1
277103898,0,4,-4
277104249,0,4,-4
277104250,0,5,-5
277104251,0,8,-8
277104252,0,0,0
990011530,4,273,-269
990014944,4,657,-653
990015176,8,3,5
990015618,1,123,-122
990016032,1,441,-440
990032570,0,94,-94
990070001,46,29,17
990070103,0,2,-2
990070601,0,80,-80
990070751,126,2,124
990070766,3,1298,-1295
990071180,254,228,26
990071343,7,1,6
990071387,0,8,-8
990071823,165,1,164
990072600,0,608,-608
990072964,0,714,-714
990073285,0,2,-2
990074393,2,1355,-1353
990074870,282,2,280
990075106,169,12,157
990075746,82,3,79
990076437,185,5,180
990076458,5,1666,-1661
997000007,56,1,55
997000041,3,206,-203
997000058,5,0,5
997000062,11,0,11
997000069,0,6,-6
997000070,0,60,-60
997000100,5,2,3
997000141,2,562,-560
997000198,2,200,-198
998000475,1,33,-32
998000736,1,349,-348
998000965,0,18,-18
998001031,0,51,-51
998001700,1,26,-25
998001899,0,2,-2
998001900,4,1,3
998003073,481,6,475
998101900,0,0,0
998102850,1,126,-125
998501927,266,402,-136
998501929,83,5,78
998501930,34,0,34
998501931,46,14,32
998501932,6,1,5
998501933,9,0,9
998501937,11,3,8
998501944,10,1,9
998501950,0,0,0
998501970,13,7,6
998501971,1,73,-72
998501973,0,88,-88
998501974,0,291,-291
998501975,75,0,75
998501976,13,0,13
998501977,0,23,-23
998501978,12,0,12
998501979,0,12,-12
998501980,105,3,102
998501981,18,1,17
998501982,1,115,-114
998502006,0,0,0
998502024,0,2,-2
998502032,0,3,-3
998502062,27,13,14
998502063,0,0,0
998502173,13,0,13
998502269,0,0,0
998601159,4,552,-548
998601292,2,16,-14
999033574,2,379,-377
999800001,22,5,17
999800002,0,3,-3
999800003,5,2,3
999800004,0,14,-14
999800005,0,7,-7
