ID,insum,outsum,diff
100000001,657,1064,-407
100000002,6715,1567,5148
100000003,9523,5044,4479
100000004,1886,1577,309
100000005,2944,5906,-2962
100000006,936,182,754
100000007,3597,942,2655
100000008,352,673,-321
100000009,994,681,313
100000010,156,151,5
100000011,1278,147,1131
100000012,214,1009,-795
100000013,321,339,-18
100000014,930,383,547
100000015,2378,3887,-1509
100000016,1365,1782,-417
100000017,1093,1219,-126
100000018,2629,901,1728
100000019,7205,2955,4250
100000020,3178,12347,-9169
100000021,8067,3302,4765
100000022,3318,2701,617
100000023,8071,2302,5769
100000025,3632,1276,2356
100000028,2980,1321,1659
100000029,294,277,17
100000030,497,91,406
100000031,7802,12052,-4250
100000032,4131,7102,-2971
100000033,1403,4236,-2833
100000034,782,513,269
100000035,2657,1611,1046
100000036,3452,1742,1710
100000037,781,661,120
100000038,2724,1496,1228
100000039,2416,388,2028
100000040,746,281,465
100000041,1715,715,1000
100000042,2004,569,1435
100000043,1368,493,875
100000044,606,849,-243
100000045,921,1658,-737
100000046,1637,1729,-92
100000047,793,1013,-220
100000048,2318,973,1345
100000049,2735,3107,-372
100000051,872,1326,-454
100000053,224,11,213
100000054,709,71,638
100000055,2223,300,1923
100000056,946,704,242
100000057,3144,1105,2039
100000058,1614,1728,-114
100000059,39,164,-125
100000060,502,678,-176
100000061,2982,887,2095
100000062,3409,796,2613
100000063,946,359,587
100000064,2061,552,1509
100000065,690,1553,-863
100000066,340,1185,-845
100000067,804,1079,-275
100000068,826,2357,-1531
100000069,596,2282,-1686
100000072,453,1468,-1015
100000073,1822,1710,112
100000075,999,438,561
100000076,6348,3344,3004
100000077,526,345,181
100000078,97,65,32
100000079,63,122,-59
100000080,59,61,-2
100000081,134,148,-14
100000102,4543,2176,2367
100000103,8386,1749,6637
100000104,7130,3201,3929
100000105,4469,1900,2569
100000106,3840,3082,758
100000107,1300,1277,23
100000108,1370,1278,92
100000109,5331,1489,3842
100000116,2075,1216,859
100000117,130,87,43
100000118,2590,1184,1406
100000119,814,813,1
100000121,529,678,-149
100000122,2057,1466,591
100000123,4655,6812,-2157
100000124,7963,9684,-1721
100000125,4388,1720,2668
100000126,1323,528,795
100000127,2595,483,2112
100000128,2778,2826,-48
100000129,601,689,-88
100000130,477,730,-253
100000131,3948,5219,-1271
100000132,1828,4234,-2406
100000133,8991,3745,5246
100000135,687,1250,-563
100000139,673,304,369
100000140,762,419,343
100000142,545,734,-189
100000143,2160,925,1235
100000144,5229,1295,3934
100000147,1345,3509,-2164
100000150,68,573,-505
100000151,1444,1151,293
100000153,536,559,-23
100000154,280,200,80
100000155,46,77,-31
100000156,472,217,255
100000157,102,118,-16
100000158,241,68,173
100000159,537,805,-268
100000165,2315,1039,1276
100000169,690,440,250
100000174,1511,541,970
100000179,128,771,-643
100000180,10614,2792,7822
100000181,711,349,362
100000188,135,495,-360
100000189,4398,638,3760
100000190,1212,785,427
100000191,1052,609,443
100000192,83,192,-109
100000193,228,242,-14
100000330,2043,1440,603
100000355,445,931,-486
100000362,7109,4620,2489
100000363,4773,6265,-1492
100000364,470,222,248
100000365,5675,6264,-589
100000366,8531,3709,4822
100000367,6529,5643,886
100000368,3186,2126,1060
100000369,2144,2675,-531
100000370,447,872,-425
100000376,194,155,39
100000379,6186,2165,4021
100000380,10839,4033,6806
100000384,8410,6370,2040
100000385,6969,5695,1274
100000386,11925,7067,4858
100000387,8831,7134,1697
100000388,10370,9196,1174
100000389,10755,8216,2539
100000390,11388,6988,4400
100000391,8762,9600,-838
100000392,5371,3887,1484
100000393,3836,4789,-953
100000394,11768,8431,3337
100000395,6986,3438,3548
100000396,10514,3499,7015
100000397,7024,4394,2630
100000398,15000,9700,5300
100900002,11,102,-91
100900003,465,197,268
100900004,41,1265,-1224
100900005,224,29,195
100900006,33,186,-153
100900007,904,25,879
100900008,2,448,-446
100900009,104,133,-29
100900010,260,191,69
100900011,226,388,-162
100900012,2,283,-281
100900013,1774,7,1767
100900014,2,15,-13
100900015,153,139,14
100900016,22,77,-55
100900017,1241,188,1053
100900018,0,34,-34
100900019,65,477,-412
100900020,658,10,648
100900021,709,3,706
100900022,28,82,-54
100900023,4,140,-136
100900024,1605,12,1593
100900025,22,24,-2
100900026,242,195,47
100900027,868,4346,-3478
100900028,172,269,-97
100900029,117,30,87
100900030,16,53,-37
100900031,860,64,796
100900032,244,2,242
100900033,338,254,84
100900034,650,8,642
100900035,1310,4,1306
100900036,35,2,33
100900037,109,350,-241
100900038,194,29,165
100900039,390,803,-413
100900040,608,1032,-424
100900041,904,979,-75
100900042,1570,540,1030
100900043,0,24,-24
100900044,3471,908,2563
100900045,83,0,83
100900046,1940,20,1920
100900047,1170,450,720
100900048,264,72,192
100900049,125,246,-121
100900050,2,21,-19
100900051,87,106,-19
100900052,728,79,649
100900053,383,32,351
100900054,30,134,-104
100900055,641,993,-352
100900056,241,469,-228
100900057,710,1664,-954
100900058,442,89,353
100900059,196,16,180
100900060,182,7,175
100900061,570,440,130
100900062,8,75,-67
100900063,285,782,-497
100900064,1131,32,1099
100900065,190,130,60
100900066,109,214,-105
100900067,5,15,-10
100900068,565,127,438
100900069,1588,14,1574
100900070,403,8,395
100900071,969,448,521
100900072,3,68,-65
100900073,213,627,-414
100900074,13,26,-13
100900075,2567,539,2028
100900076,50,64,-14
100900077,43,186,-143
100900078,148,732,-584
100900079,19,42,-23
100900080,54,296,-242
100900081,72,266,-194
100900082,134,786,-652
100900083,19,92,-73
100900085,19,119,-100
100900086,404,2208,-1804
100900088,144,897,-753
100900089,2,35,-33
100900090,210,840,-630
100900091,2,39,-37
100900092,481,375,106
100900093,256,807,-551
100900094,159,781,-622
100900095,7,41,-34
100900096,91,124,-33
100900097,1,9,-8
100900098,29,27,2
100900099,69,813,-744
100900100,30,529,-499
100900101,541,82,459
100900102,194,134,60
100900103,35,20,15
100900104,15,276,-261
100900105,49,528,-479
100900106,55,6,49
100900107,2524,967,1557
100900108,24,55,-31
100900109,36,40,-4
100900110,2,12,-10
100900111,67,301,-234
100900112,2,18,-16
100900113,31,20,11
100900114,20,39,-19
100900115,7,64,-57
100900116,1183,1522,-339
100900117,430,1035,-605
100900118,49,67,-18
100900119,23,55,-32
100900120,7,30,-23
100900121,432,1162,-730
100900122,238,332,-94
100900123,98,364,-266
100900124,6,9,-3
100900125,26,125,-99
100900126,173,518,-345
100900127,5,18,-13
100900128,131,239,-108
100900129,1,182,-181
100900131,156,350,-194
100900133,114,110,4
100900134,4,10,-6
100900135,5,228,-223
100900137,405,294,111
100900138,989,684,305
100900139,24,23,1
100900140,10,900,-890
100900141,2,566,-564
100900142,3,24,-21
100900143,1393,613,780
100900144,43,8,35
100900145,436,284,152
100900146,17,104,-87
100900147,36,430,-394
100900148,37,1122,-1085
100900149,25,218,-193
100900150,5,83,-78
100900151,212,671,-459
100900152,302,21,281
100900153,8,205,-197
100900154,28,109,-81
100900155,21,29,-8
100900156,36,5,31
100900157,15,279,-264
100900158,269,89,180
100900159,3,62,-59
100900160,22,28,-6
100900161,185,14,171
100900162,20,388,-368
100900163,289,344,-55
100900164,54,101,-47
100900165,26,107,-81
100900166,42,31,11
100900167,26,162,-136
100900168,71,216,-145
100900169,210,1245,-1035
100900170,63,8,55
100900171,48,820,-772
100900172,0,14,-14
100900173,15,681,-666
100900174,1177,84,1093
100900176,1952,317,1635
100900177,1011,533,478
100900178,939,229,710
100900179,207,218,-11
100900180,5,2,3
100900181,174,167,7
100900182,92,59,33
100900184,20,319,-299
100900186,1067,724,343
100900187,17,107,-90
100900188,36,27,9
100900189,1775,255,1520
100900191,1753,1347,406
100900192,419,387,32
100900195,153,178,-25
100900197,9,84,-75
100900198,53,327,-274
100900199,5,7,-2
100900200,918,597,321
100900201,120,1023,-903
100900202,71,1,70
100900203,0,113,-113
100900204,2017,1285,732
100900205,295,639,-344
100900206,170,140,30
100900207,310,146,164
100900210,146,806,-660
100900211,766,324,442
100900213,120,57,63
100900214,1101,210,891
100900215,36,98,-62
100900217,161,98,63
101000001,5983,3461,2522
101000002,6144,6747,-603
101000003,999,3344,-2345
101000004,13331,10818,2513
101000005,6490,6851,-361
101000006,10495,11597,-1102
101000007,3710,4619,-909
101000008,6361,3814,2547
101000009,3174,2205,969
101000010,1360,1738,-378
101000011,3325,1005,2320
101000012,1954,905,1049
101000013,915,1503,-588
101000014,871,1002,-131
101000015,1303,1060,243
101000016,846,639,207
101000017,905,667,238
101000018,5504,3754,1750
101000020,5977,1594,4383
101000021,2189,454,1735
101000022,751,174,577
101000023,2800,1136,1664
101000025,315,677,-362
101000026,655,70,585
101000027,3130,2689,441
101000028,1518,219,1299
101000029,315,1590,-1275
101000030,2459,153,2306
101000031,1464,738,726
101000032,13877,4055,9822
101000033,4245,3929,316
101000034,4710,2135,2575
101000035,1634,884,750
101000036,2446,1040,1406
101000037,5533,2034,3499
101000039,4438,3220,1218
101000040,4746,4130,616
101000041,17243,9042,8201
101000042,1222,1785,-563
101000043,12774,9327,3447
101000045,2897,950,1947
101000046,5907,1218,4689
101000047,4187,2663,1524
101000048,1512,1220,292
101000049,1359,1966,-607
101000050,4621,3886,735
101000051,3661,3112,549
101000052,2490,1286,1204
101000053,1943,2875,-932
101000054,3153,2020,1133
101000055,2145,2086,59
101000056,68,144,-76
101000057,3349,1383,1966
101000058,2251,1478,773
101000059,4882,2229,2653
101000060,2385,702,1683
101000061,1221,1731,-510
101000062,1038,945,93
101000063,859,1065,-206
101000064,1947,1042,905
101000065,470,506,-36
101000066,940,735,205
101000067,1468,870,598
101000068,498,457,41
101000069,622,111,511
101000070,2033,1275,758
101000071,3051,1356,1695
101000072,1416,4619,-3203
101000073,1093,966,127
101000074,8680,4439,4241
101000075,8124,4003,4121
101000077,1729,1285,444
101000078,1460,2733,-1273
101000079,938,489,449
101000080,878,504,374
101000081,1771,1955,-184
101000082,4222,4059,163
101000083,2797,2767,30
101000084,1698,1384,314
101000085,2269,1689,580
101000086,1261,1553,-292
101000087,1214,1555,-341
101000088,1476,1632,-156
101000089,1190,2113,-923
101000090,2913,1771,1142
101000091,419,1449,-1030
101000092,993,1441,-448
101000093,2106,1142,964
101000094,1027,1761,-734
101000095,428,975,-547
101000096,417,912,-495
101000097,1553,469,1084
101000098,1075,785,290
101000099,1918,1873,45
101000100,1571,1307,264
101000101,574,527,47
101000102,2215,558,1657
101000103,1343,735,608
101000104,643,788,-145
101000105,1471,551,920
101000106,1603,893,710
101000107,248,510,-262
101000108,1562,494,1068
101000109,328,62,266
101000110,50,871,-821
101000111,234,326,-92
101000113,322,1429,-1107
101000114,12122,4389,7733
101000115,210,202,8
101000116,409,344,65
101000117,1703,358,1345
101000119,188,116,72
101000120,289,37,252
101000121,98,44,54
101000122,200,77,123
101000123,127,106,21
101000124,666,182,484
101000125,341,697,-356
101000128,1440,444,996
101000130,396,418,-22
101000131,1069,896,173
101000132,692,1821,-1129
101000135,83,44,39
101000136,708,183,525
101000137,55,428,-373
101000141,2746,4026,-1280
101000147,1156,671,485
101000148,2535,43,2492
101000149,306,296,10
101000150,89,1174,-1085
101000151,288,80,208
101000152,464,577,-113
101000153,829,510,319
101000154,442,1836,-1394
101000155,400,219,181
101000156,21,455,-434
101000157,83,54,29
101000160,195,52,143
101000163,323,261,62
101000164,614,513,101
101000165,390,519,-129
101000166,343,606,-263
101000168,1136,493,643
101000252,2095,1241,854
101000254,782,100,682
101000258,41,22,19
101000261,258,19,239
101000262,1819,2020,-201
101000263,610,1789,-1179
101000265,143,939,-796
101000266,621,476,145
101000269,124,18,106
101000290,2522,5626,-3104
101000293,60,110,-50
101000294,755,568,187
101000295,240,908,-668
101000301,1102,595,507
101000304,3133,3111,22
101000305,4643,2551,2092
101900001,38,92,-54
101900002,0,27,-27
101900003,86,145,-59
101900004,12,67,-55
101900005,6114,2281,3833
101900006,1230,109,1121
101900007,1153,234,919
101900008,127,559,-432
101900009,124,917,-793
101900010,1239,947,292
101900011,559,2653,-2094
101900012,285,730,-445
101900013,1694,222,1472
101900017,27,203,-176
101900018,2278,390,1888
101900019,386,167,219
101900020,49,131,-82
101900021,8,81,-73
101900022,214,1806,-1592
101900023,209,351,-142
101900026,74,37,37
101900027,7,105,-98
102000001,5369,5609,-240
102000002,4564,1777,2787
102000003,5027,9651,-4624
102000004,11748,4256,7492
102000005,1930,3236,-1306
102000006,2067,2726,-659
102000007,2374,7399,-5025
102000008,8528,2546,5982
102000009,8525,10065,-1540
102000010,8114,5378,2736
102000011,4234,3656,578
102000012,5200,5099,101
102000018,4729,3979,750
102000019,3876,2452,1424
102000026,432,1138,-706
102000029,468,298,170
102000030,233,519,-286
102000031,91,239,-148
102000032,530,521,9
102000033,270,525,-255
102000034,754,666,88
102000035,1665,892,773
102000036,32,406,-374
102000037,312,148,164
102000038,343,326,17
102000039,358,92,266
102000040,662,294,368
102000041,354,367,-13
102000042,436,332,104
102000043,567,308,259
102000044,1030,626,404
102000045,1029,1475,-446
102000046,1296,887,409
102000047,1146,1548,-402
102000048,499,1217,-718
102000049,1472,1057,415
102000050,1686,1727,-41
102000051,541,880,-339
102000052,1911,1228,683
102000053,1436,1237,199
102000054,688,1123,-435
102000055,1134,1026,108
102000056,962,2063,-1101
102000057,2143,930,1213
102000058,1620,2364,-744
102000059,2240,2125,115
102000060,1945,1560,385
102000061,1979,2749,-770
102000062,2019,1983,36
102000063,1588,2012,-424
102000064,818,1124,-306
102000065,56,229,-173
102000066,1268,1550,-282
102000067,4017,4843,-826
102000068,13530,3904,9626
102000069,72,2037,-1965
102000070,2639,75,2564
102000071,11540,12973,-1433
102000072,4523,5799,-1276
102000073,2446,1333,1113
102000074,1263,1471,-208
102000075,294,553,-259
102000076,335,957,-622
102000077,636,1413,-777
102000078,1005,1342,-337
102000079,307,367,-60
102000080,462,366,96
102000081,619,1033,-414
102000082,990,472,518
102000083,696,538,158
102000084,281,438,-157
102000085,2461,1629,832
102000086,1441,2500,-1059
102000087,1468,2297,-829
102000088,451,480,-29
102000089,1535,608,927
102000090,792,1513,-721
102000091,2446,753,1693
102000092,512,1381,-869
102000093,993,859,134
102000094,1231,824,407
102000095,1490,1804,-314
102000096,1055,1192,-137
102000097,1247,1553,-306
102000098,772,1393,-621
102000099,1356,916,440
102000100,1036,1560,-524
102000101,1613,954,659
102000102,573,3197,-2624
102000103,2083,697,1386
102000104,1310,454,856
102000105,346,900,-554
102000106,875,1031,-156
102000107,1358,850,508
102000108,857,328,529
102000109,942,846,96
102000110,1014,2122,-1108
102000111,18,447,-429
102000112,229,131,98
102000113,43,70,-27
102000114,1308,495,813
102000115,311,368,-57
102000116,1314,526,788
102000117,616,763,-147
102000118,2272,1371,901
102000119,2736,910,1826
102000120,319,571,-252
102000121,1358,729,629
102000122,768,1142,-374
102000123,1906,1666,240
102000124,1735,1456,279
102000125,1063,1641,-578
102000126,947,926,21
102000127,1576,1112,464
102000128,996,1352,-356
102000129,1891,1078,813
102000130,885,945,-60
102000131,2639,1038,1601
102000132,962,1092,-130
102000133,2108,2632,-524
102000134,851,1038,-187
102000135,1190,1356,-166
102000136,1572,930,642
102000137,1754,1396,358
102000138,628,673,-45
102000139,520,633,-113
102000140,1041,498,543
102000141,1222,944,278
102000142,430,592,-162
102000143,163,603,-440
102000144,320,633,-313
102000145,583,644,-61
102000146,502,445,57
102000147,613,715,-102
102000148,281,716,-435
102000149,227,782,-555
102000150,352,260,92
102000151,168,471,-303
102000152,182,210,-28
102000153,1280,587,693
102000154,477,908,-431
102000155,171,366,-195
102000156,462,174,288
102000157,170,372,-202
102000158,811,856,-45
102000159,1593,651,942
102000161,5071,2802,2269
102000162,235,187,48
102000163,178,755,-577
102000164,1568,1436,132
102000165,384,141,243
102000166,75,216,-141
102000167,361,319,42
102000168,372,178,194
102000169,192,989,-797
102000170,893,255,638
102000171,593,248,345
102000172,671,544,127
102000173,630,419,211
102000174,132,95,37
102000175,221,193,28
102000176,67,50,17
102000178,446,629,-183
102000179,654,397,257
102000180,1063,638,425
102000181,800,889,-89
102000182,682,985,-303
102000183,1922,2328,-406
102000184,2188,1224,964
102000185,3067,1921,1146
102000186,1455,2592,-1137
102000187,2046,2330,-284
102000188,2293,2003,290
102000189,3575,1325,2250
102000190,860,4257,-3397
102000191,1758,843,915
102000192,1425,1916,-491
102000193,70,257,-187
102000194,103,225,-122
102000195,583,678,-95
102000196,240,592,-352
102000197,799,614,185
102000198,305,1064,-759
102000199,973,512,461
102000200,406,1492,-1086
102000201,1077,694,383
102000202,7,154,-147
102000203,510,400,110
102000204,579,1173,-594
102000205,1299,824,475
102000206,1356,1080,276
102000207,2693,808,1885
102000208,947,828,119
102000209,116,109,7
102000210,475,611,-136
102000211,787,532,255
102000212,528,24,504
102000213,5,397,-392
102000214,372,25,347
102000215,11,519,-508
102000216,60,112,-52
102000217,18,209,-191
102000218,312,230,82
102000219,481,424,57
102000225,889,876,13
102000226,6749,2071,4678
102000227,221,1,220
102000228,0,150,-150
102000229,33,53,-20
102000230,365,655,-290
102000231,382,747,-365
102000232,40,297,-257
102000233,572,1325,-753
102000234,134,1568,-1434
102000236,550,147,403
102000237,1086,288,798
102000238,221,461,-240
102000240,921,779,142
102000241,311,195,116
102000243,16,110,-94
102000245,52,185,-133
102000246,24,43,-19
102000247,1151,1473,-322
102000248,706,1016,-310
102000249,266,256,10
102000250,111,566,-455
102000254,110,544,-434
102000266,116,360,-244
102000271,47,3,44
102000286,732,636,96
102000297,2530,1460,1070
102000299,0,0,0
102000301,0,0,0
102000305,0,0,0
102000307,0,2,-2
102000308,0,0,0
102900001,1579,1310,269
102900002,513,79,434
102900003,74,306,-232
102900005,397,497,-100
102900006,645,302,343
102900007,570,44,526
102900008,259,122,137
102900009,765,389,376
102900010,1094,716,378
102900011,2632,565,2067
102900012,481,110,371
102900013,34,94,-60
102900015,868,518,350
102900016,89,180,-91
102900017,240,830,-590
102900018,30,197,-167
102900019,599,671,-72
102900020,176,47,129
102900021,24,151,-127
102900022,639,158,481
102900023,37,103,-66
102900024,41,69,-28
102900025,353,168,185
102900026,913,2063,-1150
102900027,102,71,31
102900028,184,952,-768
102900029,246,271,-25
102900030,679,371,308
102900031,189,207,-18
102900032,108,141,-33
102900033,126,302,-176
102900034,604,150,454
102900035,172,439,-267
102900036,449,840,-391
102900037,516,796,-280
102900038,719,855,-136
102900039,47,702,-655
102900040,209,341,-132
102900041,112,282,-170
102900042,264,382,-118
102900043,270,416,-146
102900044,826,2652,-1826
102900045,159,745,-586
102900046,153,365,-212
102900047,101,848,-747
102900048,807,894,-87
102900049,158,487,-329
102900050,455,492,-37
102900051,245,335,-90
102900052,74,55,19
102900053,529,951,-422
102900054,1247,1569,-322
102900055,211,268,-57
102900056,194,617,-423
102900057,18,69,-51
102900058,396,104,292
102900059,25,78,-53
102900060,147,608,-461
102900061,170,657,-487
102900062,249,1329,-1080
102900063,1233,578,655
102900064,173,701,-528
102900065,2061,641,1420
102900066,509,73,436
102900068,171,119,52
102900070,403,777,-374
102900072,21,31,-10
102900073,228,16,212
102900075,66,69,-3
102900076,307,156,151
102900077,69,47,22
102900078,51,119,-68
102900079,277,21,256
102900080,448,65,383
102900081,87,321,-234
102900082,18,324,-306
102900083,355,21,334
102900084,13,41,-28
102900085,408,201,207
102900086,19,84,-65
102900087,166,129,37
102900088,58,39,19
102900089,351,208,143
102900090,3,588,-585
102900091,256,11,245
102900092,501,1276,-775
102900093,403,332,71
102900094,8,113,-105
102900095,122,7,115
102900096,54,19,35
102900097,209,400,-191
103000001,2915,3282,-367
103000002,3480,3493,-13
103000003,5798,3607,2191
103000004,1130,990,140
103000005,2514,4462,-1948
103000006,834,2117,-1283
103000007,562,1116,-554
103000008,1462,1055,407
103000009,1584,1660,-76
103000010,207,204,3
103000011,2119,1883,236
103000012,1539,2150,-611
103000013,7110,2795,4315
103000014,1815,3948,-2133
103000015,2697,948,1749
103000016,657,2257,-1600
103000017,230,551,-321
103000018,1211,625,586
103000019,343,416,-73
103000020,3505,1927,1578
103000021,2516,1876,640
103000022,1234,1483,-249
103000023,778,2197,-1419
103000024,131,315,-184
103000025,152,839,-687
103000026,2055,171,1884
103000027,517,835,-318
103000028,834,624,210
103000029,532,646,-114
103000030,2950,1318,1632
103000031,2596,2803,-207
103000032,2693,2540,153
103000033,3733,3807,-74
103000034,2334,1705,629
103000035,553,1973,-1420
103000036,627,780,-153
103000037,820,820,0
103000038,698,1405,-707
103000039,430,619,-189
103000040,528,1646,-1118
103000041,2030,3378,-1348
103000042,1444,828,616
103000043,721,1414,-693
103000044,237,290,-53
103000046,293,640,-347
103000047,874,840,34
103000048,179,262,-83
103000049,136,239,-103
103000050,808,794,14
103000051,747,689,58
103000052,998,604,394
103000053,295,838,-543
103000054,3108,1888,1220
103000055,2313,2855,-542
103000056,738,2401,-1663
103000057,478,410,68
103000058,816,1252,-436
103000059,558,1158,-600
103000060,1210,1007,203
103000061,514,1305,-791
103000062,1284,779,505
103000063,860,1143,-283
103000064,165,326,-161
103000065,6,490,-484
103000066,252,6,246
103000069,488,502,-14
103000070,1369,1203,166
103000071,1291,669,622
103000072,176,1119,-943
103000073,646,228,418
103000074,862,134,728
103000075,184,1084,-900
103000076,443,411,32
103000077,73,555,-482
103000078,1902,853,1049
103000079,1499,845,654
103000080,1521,495,1026
103000081,757,1399,-642
103000082,583,287,296
103000083,170,442,-272
103000084,220,9,211
103000085,3,164,-161
103000086,1157,561,596
103000087,212,809,-597
103000088,451,453,-2
103000089,326,717,-391
103000090,2187,927,1260
103000091,639,574,65
103000092,324,392,-68
103000093,320,545,-225
103000094,260,132,128
103000095,81,479,-398
103000096,657,128,529
103000097,99,800,-701
103000098,1391,272,1119
103000099,618,741,-123
103000100,164,1038,-874
103000101,1191,193,998
103000102,120,834,-714
103000103,809,299,510
103000104,77,163,-86
103000105,157,149,8
103000106,12,150,-138
103000107,342,92,250
103000108,855,627,228
103000109,375,352,23
103000110,389,505,-116
103000111,684,580,104
103000112,460,266,194
103000113,1224,844,380
103000114,2594,500,2094
103000115,584,618,-34
103000116,589,675,-86
103000117,324,636,-312
103000118,1500,1281,219
103000119,2056,886,1170
103000120,157,187,-30
103000121,836,859,-23
103000122,774,648,126
103000125,22,452,-430
103000126,802,14,788
103000127,3,305,-302
103000128,231,9,222
103000129,2,205,-203
103000130,112,82,30
103000131,315,140,175
103000132,131,324,-193
103000133,40,202,-162
103000134,885,1178,-293
103000135,1110,402,708
103000136,950,574,376
103000137,694,743,-49
103000138,999,844,155
103000139,8,87,-79
103000140,165,33,132
103000141,78,132,-54
103000142,177,95,82
103000143,95,235,-140
103000144,196,113,83
103000145,177,147,30
103000150,109,85,24
103000152,234,361,-127
103000153,232,231,1
103000156,12,564,-552
103000157,684,8,676
103000159,192,89,103
103000162,140,67,73
103000163,19,50,-31
103000164,76,23,53
103000165,154,573,-419
103000166,239,344,-105
103000167,281,157,124
103000168,82,246,-164
103000169,257,729,-472
103000170,909,672,237
103000171,56,122,-66
103000172,666,509,157
103000173,550,974,-424
103000174,215,538,-323
103000175,272,476,-204
103000176,1136,807,329
103000177,1062,669,393
103000178,411,507,-96
103000179,208,74,134
103000183,331,105,226
103000185,107,104,3
103000186,145,275,-130
103000187,611,775,-164
103000188,19,96,-77
103000189,1827,1210,617
103000191,809,969,-160
103000292,2827,2769,58
103000293,1734,2474,-740
103000295,169,146,23
103000296,1124,8,1116
103000297,336,117,219
103000504,223,35,188
103000505,19,37,-18
103000506,2,298,-296
103000507,289,2,287
103000508,48,81,-33
103000509,247,717,-470
103900001,14,460,-446
103900002,2084,241,1843
103900003,2462,219,2243
103900004,107,1,106
103900005,6,423,-417
103900006,2,10,-8
103900007,93,62,31
103900008,24,3,21
103900009,300,585,-285
103900010,163,401,-238
103900011,301,257,44
103900012,19,30,-11
103900013,79,117,-38
103900014,81,32,49
103900015,83,26,57
103900016,282,241,41
103900017,42,141,-99
103900018,919,298,621
103900019,81,380,-299
103900020,295,651,-356
103900021,1038,109,929
103900022,1328,904,424
103900023,172,1,171
103900024,136,640,-504
103900025,21,60,-39
103900026,254,1,253
103900027,748,437,311
103900028,25,379,-354
103900029,1369,197,1172
103900030,674,93,581
103900031,40,2,38
103900032,81,118,-37
103900033,259,14,245
103900034,15,297,-282
103900035,71,91,-20
103900036,71,27,44
103900037,148,78,70
103900038,131,254,-123
103900039,76,499,-423
103900040,10,225,-215
103900041,42,80,-38
103900042,66,498,-432
103900043,156,158,-2
103900044,190,376,-186
103900045,295,238,57
103900047,80,48,32
103900048,101,34,67
103900049,344,1757,-1413
103900050,8,153,-145
103900051,3,50,-47
103900052,217,700,-483
103900053,316,1266,-950
103900054,148,681,-533
103900055,569,328,241
103900056,86,78,8
103900057,52,246,-194
103900058,312,960,-648
103900059,0,18,-18
103900060,62,285,-223
103900061,168,71,97
103900062,457,163,294
103900063,26,0,26
103900064,157,12,145
103900065,1089,543,546
103900066,172,30,142
103900067,287,14,273
103900068,17,2,15
103900069,162,13,149
103900070,168,365,-197
103900071,29,201,-172
103900072,13,319,-306
103900073,88,36,52
103900074,112,117,-5
103900075,290,150,140
103900076,472,871,-399
103900077,87,129,-42
103900078,333,158,175
103900079,188,343,-155
103900080,10,59,-49
103900081,191,45,146
103900082,21,161,-140
103900083,2031,1486,545
103900084,82,241,-159
103900085,104,137,-33
103900086,751,404,347
103900087,21,142,-121
103900088,431,535,-104
103900089,66,165,-99
103900090,7,278,-271
103900091,1423,356,1067
103900092,1294,581,713
103900093,128,404,-276
103900094,15,198,-183
103900095,816,274,542
103900096,37,342,-305
103900097,8,784,-776
103900098,251,149,102
103900099,96,309,-213
103900100,252,486,-234
103900101,108,1334,-1226
103900102,2,42,-40
103900104,2,44,-42
103900105,187,311,-124
103900106,0,49,-49
103900107,140,377,-237
103900108,53,515,-462
103900109,89,127,-38
103900110,293,83,210
103900111,84,1029,-945
103900112,67,123,-56
103900113,154,314,-160
103900114,485,422,63
103900115,263,339,-76
103900116,7659,3229,4430
103900117,180,133,47
103900119,54,88,-34
103900120,104,138,-34
103900122,109,424,-315
103900123,2277,869,1408
103900124,65,734,-669
103900125,180,137,43
103900126,580,631,-51
103900127,180,823,-643
103900128,138,228,-90
103900131,49,140,-91
103900133,1334,147,1187
103900134,2,5,-3
103900135,20,16,4
103900137,5,89,-84
103900138,49,349,-300
103900139,359,2099,-1740
103900140,8,121,-113
103900141,371,124,247
103900142,249,275,-26
103900143,46,4,42
103900144,0,89,-89
103900145,220,394,-174
103900146,400,484,-84
103900147,565,176,389
103900148,243,372,-129
103900149,335,1030,-695
103900150,9740,5173,4567
103900151,63,224,-161
103900152,559,785,-226
103900153,23,8,15
103900154,1755,2560,-805
103900155,47,357,-310
103900156,59,275,-216
103900157,50,353,-303
103900158,104,245,-141
103900159,204,109,95
103900160,64,41,23
103900161,117,335,-218
103900162,69,338,-269
103900163,31,626,-595
103900167,33,144,-111
103900168,175,169,6
103900169,86,72,14
103900170,7,159,-152
103900171,3,96,-93
103900172,7,43,-36
103900173,14,33,-19
103900174,191,111,80
103900175,91,100,-9
103900176,10,40,-30
103900177,20,76,-56
103900178,76,111,-35
103900179,54,239,-185
103900180,17,120,-103
103900181,106,88,18
103900182,56,36,20
103900184,695,117,578
103900185,360,407,-47
103900187,51,99,-48
103900188,40,34,6
103900189,138,16,122
103900190,105,79,26
103900191,38,86,-48
103900192,43,145,-102
103900193,215,291,-76
103900194,96,412,-316
103900195,18,90,-72
103900196,72,55,17
103900197,25,41,-16
103900198,23,81,-58
103900199,221,97,124
103900200,165,230,-65
103900201,172,366,-194
103900202,14,81,-67
103900203,55,34,21
103900204,7,180,-173
103900207,1,185,-184
103900208,102,1,101
103900209,19,139,-120
103900210,70,48,22
103900211,679,671,8
103900212,126,503,-377
103900213,130,285,-155
103900214,347,196,151
103900215,626,373,253
103900216,11,657,-646
103900217,516,95,421
103900218,5,468,-463
103900219,254,462,-208
103900233,87,2,85
103900235,80,28,52
103900236,40,2,38
103900242,16,34,-18
103900243,10,12,-2
103900244,186,426,-240
103900245,170,294,-124
103900246,115,50,65
103900247,68,182,-114
103900248,24,70,-46
103900249,43,80,-37
103900250,77,35,42
103900251,2,30,-28
103900253,77,103,-26
103900254,30,49,-19
103900255,30,30,0
103900256,50,50,0
103900257,188,274,-86
103900258,78,4,74
103900259,186,7,179
103900261,14,8,6
103900262,41,4,37
103900263,81,122,-41
103900264,63,47,16
103900265,95,41,54
103900266,5,129,-124
103900267,12,72,-60
103900268,9,105,-96
103900269,161,47,114
103900270,91,189,-98
103900271,81,217,-136
104000001,2651,2831,-180
104000002,2034,3769,-1735
104000003,3359,3217,142
104000004,4078,3655,423
104000005,1765,2561,-796
104000006,3955,4183,-228
104000007,5595,5535,60
104000008,427,464,-37
104000009,139,136,3
104000010,186,275,-89
104000011,734,488,246
104000012,163,509,-346
104000013,255,204,51
104000014,403,1005,-602
104000015,369,204,165
104000016,672,589,83
104000018,819,234,585
104000019,678,242,436
104000020,272,820,-548
104000021,334,711,-377
104000022,179,358,-179
104000023,989,487,502
104000024,354,488,-134
104000026,83,505,-422
104000027,518,487,31
104000028,448,388,60
104000029,481,622,-141
104000030,373,300,73
104000031,1216,508,708
104000032,275,448,-173
104000033,650,668,-18
104000034,367,452,-85
104000035,968,559,409
104000036,876,757,119
104000037,376,343,33
104000038,394,373,21
104000039,245,377,-132
104000040,514,568,-54
104000041,1046,451,595
104000042,309,477,-168
104000043,509,458,51
104000044,329,949,-620
104000045,1333,1493,-160
104000046,1646,2082,-436
104000047,1528,1632,-104
104000048,1204,2267,-1063
104000049,739,414,325
104000050,363,854,-491
104000051,181,775,-594
104000052,1811,2265,-454
104000053,1319,746,573
104000054,934,665,269
104000055,5207,3445,1762
104000056,1770,312,1458
104000057,155,651,-496
104000058,1062,995,67
104000059,688,1482,-794
104000060,1497,1505,-8
104000061,2093,1507,586
104000062,402,205,197
104000064,527,423,104
104000065,345,727,-382
104000069,1601,1256,345
104000070,103,708,-605
104000071,152,714,-562
104000072,768,384,384
104000075,135,421,-286
104000076,761,202,559
104000082,2931,4295,-1364
104000083,968,311,657
104000084,166,637,-471
104000085,356,351,5
104000086,265,486,-221
104000087,663,2215,-1552
104000090,978,2030,-1052
104000092,1238,3323,-2085
104000094,1147,2416,-1269
104000095,2397,1889,508
104000096,1906,503,1403
104000097,1873,1242,631
104000098,2219,1539,680
104000100,1881,903,978
104000101,1424,2663,-1239
104000106,128,739,-611
104000107,768,600,168
104000108,426,816,-390
104000109,376,118,258
104000110,1085,1322,-237
104000111,5908,2954,2954
104000112,3101,733,2368
104000116,3,1709,-1706
104000117,152,1068,-916
104000118,718,365,353
104000119,688,409,279
104000120,268,1221,-953
104000121,215,1195,-980
104000122,647,1048,-401
104000123,1044,1529,-485
104000124,1310,3314,-2004
104000125,5913,4678,1235
104000126,533,700,-167
104000127,1922,3879,-1957
104000128,1008,658,350
104000129,637,58,579
104000130,9,367,-358
104000131,878,572,306
104000132,990,721,269
104000133,1483,1252,231
104000134,1406,2383,-977
104000135,548,2496,-1948
104000136,1092,4750,-3658
104000137,1802,517,1285
104000138,1710,612,1098
104000139,9372,3619,5753
104000141,1550,1821,-271
104000142,729,967,-238
104000143,693,842,-149
104000144,85,224,-139
104000145,434,248,186
104000146,489,821,-332
104000147,201,486,-285
104000148,377,209,168
104000149,278,487,-209
104000150,1663,681,982
104000151,718,664,54
104000152,813,975,-162
104000153,771,683,88
104000154,1239,943,296
104000155,558,593,-35
104000157,1514,1967,-453
104000158,1005,639,366
104000159,958,648,310
104000160,2017,2349,-332
104000161,281,302,-21
104000162,59,234,-175
104000165,1731,1342,389
104000167,707,1269,-562
104000168,671,13,658
104000169,135,65,70
104000170,720,718,2
104000248,409,897,-488
104000251,66,401,-335
104000272,0,0,0
104000273,0,0,0
104000274,0,0,0
104000275,0,0,0
104000279,865,593,272
104000290,198,403,-205
104000291,826,1497,-671
104000293,936,781,155
104000294,24,0,24
104000295,858,1155,-297
104000296,492,1226,-734
104000297,1033,2359,-1326
104000298,2662,1226,1436
104000299,952,2079,-1127
104900001,224,560,-336
104900002,51,226,-175
104900003,89,437,-348
104900004,124,433,-309
104900005,343,307,36
104900006,358,158,200
104900007,322,321,1
104900009,180,494,-314
104900010,102,64,38
104900011,92,10,82
104900012,309,51,258
104900013,249,29,220
104900014,4136,586,3550
104900015,178,15,163
104900016,277,427,-150
104900017,198,283,-85
104900018,14,267,-253
104900019,442,3007,-2565
104900020,106,424,-318
104900021,2,311,-309
104900022,26,134,-108
104900023,2,127,-125
104900024,61,109,-48
104900025,103,465,-362
104900026,4,141,-137
104900027,578,398,180
104900028,19,112,-93
104900029,69,140,-71
104900030,666,318,348
104900031,136,213,-77
104900032,37,237,-200
104900033,192,346,-154
104900034,432,190,242
104900035,274,222,52
104900036,203,122,81
104900037,182,390,-208
104900038,835,983,-148
104900039,1263,475,788
104900040,401,118,283
104900041,276,251,25
104900042,184,393,-209
104900043,14,172,-158
104900044,525,304,221
104900045,589,80,509
104900046,225,237,-12
104900047,370,171,199
104900048,338,106,232
104900049,41,53,-12
104900050,404,153,251
104900051,374,70,304
104900052,71,2,69
104900053,589,142,447
104900054,168,77,91
104900055,153,0,153
104900056,215,25,190
104900057,67,0,67
104900058,1571,438,1133
104900059,201,52,149
104900060,1,624,-623
104900061,370,854,-484
104900063,0,143,-143
104900064,1,109,-108
104900065,0,210,-210
104900066,3,277,-274
104900067,4,523,-519
104900068,47,356,-309
104900070,240,351,-111
104900071,4,822,-818
104900072,108,369,-261
104900073,88,367,-279
104900074,94,361,-267
104900075,100,100,0
104900076,160,506,-346
104900077,1416,298,1118
104900078,246,766,-520
104900079,180,670,-490
104900080,135,608,-473
104900082,22,615,-593
104900085,2,301,-299
104900087,615,6,609
104900089,229,0,229
104900090,1028,721,307
104900091,1097,991,106
104900093,307,731,-424
104900097,4061,2543,1518
104900098,168,63,105
104900099,129,689,-560
104900100,897,485,412
104900102,59,356,-297
104900103,594,138,456
104900104,4421,2417,2004
104900106,89,224,-135
104900107,128,329,-201
104900108,72,373,-301
104900109,127,442,-315
104900110,26,77,-51
104900111,185,187,-2
104900112,295,1026,-731
104900113,731,547,184
104900114,413,823,-410
104900115,777,645,132
104900116,295,320,-25
104900118,24,104,-80
104900119,19,56,-37
104900120,77,267,-190
104900121,2,134,-132
104900122,3,129,-126
104900123,73,13,60
104900124,66,2,64
104900125,558,17,541
104900126,81,95,-14
104900127,48,120,-72
104900128,110,332,-222
104900129,3161,2143,1018
105000001,2775,2200,575
105000002,2969,2307,662
105000003,4734,4784,-50
105000004,915,1430,-515
105000005,1259,1467,-208
105000006,1607,1904,-297
105000007,1573,1800,-227
105000008,2556,3484,-928
105000009,2549,4136,-1587
105000010,4174,3765,409
105000011,4016,3253,763
105000012,6163,4115,2048
105000013,1254,1449,-195
105000014,2756,3328,-572
105000015,12159,16065,-3906
105000016,4956,3167,1789
105000017,2603,1344,1259
105000018,1854,2152,-298
105000019,2713,1386,1327
105000020,293,623,-330
105000021,553,172,381
105000022,426,125,301
105000023,733,399,334
105000028,70,145,-75
105000029,742,1435,-693
105000030,5504,4339,1165
105000033,1629,2861,-1232
105000034,353,1230,-877
105000037,935,576,359
105000038,2948,2422,526
105000039,3959,2755,1204
105000040,1424,1474,-50
105000041,1136,2077,-941
105000042,6813,2221,4592
105000043,3303,3254,49
105000044,755,720,35
105000045,565,1320,-755
105000046,1159,546,613
105000047,660,2151,-1491
105000048,785,378,407
105000049,310,917,-607
105000050,779,582,197
105000051,309,698,-389
105000052,841,1296,-455
105000053,248,243,5
105000054,593,1387,-794
105000055,1317,517,800
105000056,1841,3439,-1598
105000057,1714,1294,420
105000058,1916,1856,60
105000059,961,1017,-56
105000060,649,923,-274
105000061,701,829,-128
105000062,1005,1215,-210
105000063,469,742,-273
105000064,1401,1159,242
105000065,454,943,-489
105000066,1662,2577,-915
105000067,1524,1044,480
105000068,900,1236,-336
105000069,3244,1953,1291
105000070,1276,999,277
105000071,451,1027,-576
105000072,971,2432,-1461
105000073,1065,844,221
105000074,1487,1110,377
105000075,955,1068,-113
105000076,1701,1374,327
105000077,3330,1206,2124
105000078,1916,1702,214
105000079,2194,3203,-1009
105000080,2666,1997,669
105000081,4097,1296,2801
105000082,1767,1588,179
105000083,5021,2853,2168
105000084,1248,1467,-219
105000085,2214,1807,407
105000086,793,1421,-628
105000087,2852,2650,202
105000088,2423,2139,284
105000089,5252,3170,2082
105000090,1527,1092,435
105000091,2286,2098,188
105000092,1119,1436,-317
105000093,580,315,265
105000094,332,333,-1
105000095,129,607,-478
105000096,1899,1161,738
105000097,1746,923,823
105000098,1644,967,677
105000099,1709,1038,671
105000100,1760,1593,167
105000101,2878,3049,-171
105000102,5289,2039,3250
105000103,3319,3396,-77
105000104,2898,1396,1502
105000105,1873,3100,-1227
105000106,1811,2591,-780
105000107,1444,1427,17
105000108,1634,2311,-677
105000109,1735,2616,-881
105000110,750,1130,-380
105000111,873,1203,-330
105000112,1404,1304,100
105000113,475,977,-502
105000114,4547,1698,2849
105000115,401,1451,-1050
105000116,761,696,65
105000117,1198,1699,-501
105000118,567,725,-158
105000119,787,1547,-760
105000120,1147,824,323
105000121,1080,1648,-568
105000122,541,884,-343
105000123,1839,2132,-293
105000124,2057,1236,821
105000125,1059,2724,-1665
105000126,2359,2536,-177
105000127,2966,2900,66
105000128,1108,1746,-638
105000129,1137,448,689
105000130,466,2846,-2380
105000131,1228,649,579
105000132,975,812,163
105000133,632,1388,-756
105000134,927,848,79
105000135,639,967,-328
105000136,191,555,-364
105000137,437,399,38
105000138,240,539,-299
105000139,1434,1525,-91
105000140,404,886,-482
105000141,417,936,-519
105000142,227,699,-472
105000143,413,1083,-670
105000144,453,1162,-709
105000145,718,632,86
105000146,705,1320,-615
105000147,681,472,209
105000148,1388,742,646
105000149,2646,2913,-267
105000150,2748,2292,456
105000151,671,574,97
105000152,218,853,-635
105000153,615,887,-272
105000154,795,923,-128
105000155,459,1570,-1111
105000156,1239,1006,233
105000157,1128,2278,-1150
105000158,2288,1085,1203
105000159,240,1470,-1230
105000160,1876,855,1021
105000161,915,1688,-773
105000162,779,2150,-1371
105000163,1751,1386,365
105000164,230,386,-156
105000165,2015,5678,-3663
105000166,8287,1132,7155
105000167,3775,1964,1811
105000168,419,1064,-645
105000169,526,591,-65
105000170,309,1649,-1340
105000171,1709,469,1240
105000172,213,80,133
105000173,196,108,88
105000174,161,79,82
105000175,111,206,-95
105000176,498,158,340
105000177,363,271,92
105000178,135,806,-671
105000179,535,339,196
105000180,222,204,18
105000181,124,494,-370
105000182,69,71,-2
105000183,3633,2172,1461
105000184,2008,1690,318
105000185,2740,1161,1579
105000186,900,1203,-303
105000187,1461,349,1112
105000188,790,194,596
105000189,482,700,-218
105000190,505,746,-241
105000191,501,427,74
105000192,520,119,401
105000193,166,227,-61
105000194,295,153,142
105000195,425,1267,-842
105000196,36,236,-200
105000197,343,802,-459
105000198,775,511,264
105000199,394,718,-324
105000200,284,327,-43
105000201,197,45,152
105000203,10,212,-202
105000204,100,163,-63
105000205,189,272,-83
105000207,1186,374,812
105000208,438,662,-224
105000209,284,492,-208
105000212,1467,1985,-518
105000213,312,353,-41
105000214,240,464,-224
105000215,316,293,23
105000216,171,527,-356
105000217,179,474,-295
105000218,1220,1508,-288
105000221,293,398,-105
105000222,570,92,478
105000223,430,295,135
105000226,84,434,-350
105000227,88,292,-204
105000228,447,1914,-1467
105000229,213,554,-341
105000231,367,450,-83
105000233,986,961,25
105000234,837,1747,-910
105000235,488,917,-429
105000237,980,155,825
105000243,42,344,-302
105000248,191,101,90
105000262,377,2156,-1779
105000269,188,299,-111
105000270,481,80,401
105000271,4,274,-270
105000282,151,66,85
105000287,487,172,315
105000288,926,612,314
105000289,3618,2335,1283
105000290,30,7,23
105000402,5554,4528,1026
105000426,822,817,5
105000438,4362,1490,2872
105000446,18631,7409,11222
105000447,10652,4289,6363
105000454,466,1215,-749
105000455,399,296,103
105000474,27,7,20
105000477,345,644,-299
105000478,2307,4601,-2294
105000479,256,176,80
105000480,8637,5524,3113
105000481,4879,3613,1266
105000482,8047,7158,889
105000483,1657,2054,-397
105000484,3304,3808,-504
105000485,2152,3075,-923
105000486,6793,3981,2812
105000488,11137,6620,4517
105000489,1185,1247,-62
105000549,152,238,-86
105000550,760,2182,-1422
105000551,42,155,-113
105000552,4518,2685,1833
105900001,16,1777,-1761
105900002,1982,824,1158
105900003,16,133,-117
105900004,728,203,525
105900005,7,383,-376
105900006,26,146,-120
105900007,346,37,309
105900008,80,766,-686
105900009,56,20,36
105900011,757,73,684
105900012,1175,167,1008
105900013,8,80,-72
105900014,15,82,-67
105900015,332,534,-202
105900016,777,861,-84
105900017,1571,87,1484
105900018,291,344,-53
105900019,172,729,-557
105900020,74,64,10
105900021,93,528,-435
105900022,431,414,17
105900023,10,217,-207
105900024,30,222,-192
105900025,180,70,110
105900026,388,36,352
105900027,9817,14974,-5157
105900028,595,288,307
105900029,2371,568,1803
105900030,364,399,-35
105900031,528,289,239
105900032,88,229,-141
105900033,199,180,19
105900034,274,335,-61
105900035,404,248,156
105900036,79,205,-126
105900037,83,79,4
105900038,210,458,-248
105900039,112,191,-79
105900040,78,152,-74
105900041,280,439,-159
105900042,99,174,-75
105900043,2524,131,2393
105900044,6,397,-391
105900045,6,1268,-1262
105900046,15,279,-264
105900047,15,61,-46
105900048,111,922,-811
105900050,12362,3336,9026
105900051,35,1664,-1629
105900052,852,644,208
105900053,5450,3523,1927
105900054,497,376,121
105900056,939,637,302
105900057,72,229,-157
105900058,23,27,-4
105900059,2,49,-47
106000001,5711,2996,2715
106000002,3396,6459,-3063
106000003,3984,4408,-424
106000004,2683,3888,-1205
106000005,3355,7318,-3963
106000006,7732,6073,1659
106000007,543,688,-145
106000008,428,416,12
106000009,580,501,79
106000010,722,772,-50
106000011,984,1487,-503
106000012,978,1943,-965
106000013,2137,2983,-846
106000014,2165,2253,-88
106000015,1543,1792,-249
106000016,1681,3082,-1401
106000017,841,999,-158
106000018,825,700,125
106000019,381,590,-209
106000020,315,487,-172
106000021,318,665,-347
106000022,413,375,38
106000023,727,525,202
106000024,770,904,-134
106000025,102,303,-201
106000026,164,300,-136
106000027,1374,2018,-644
106000028,677,797,-120
106000029,1358,1710,-352
106000030,971,550,421
106000034,305,789,-484
106000035,1242,2201,-959
106000036,356,564,-208
106000037,2897,2110,787
106000038,571,149,422
106000039,237,114,123
106000040,215,1140,-925
106000041,1032,630,402
106000043,779,225,554
106000046,545,83,462
106000047,95,577,-482
106000049,1051,239,812
106000050,484,1094,-610
106000051,684,614,70
106000052,131,946,-815
106000053,312,169,143
106000054,537,620,-83
106000055,1133,1436,-303
106000056,402,582,-180
106000057,338,386,-48
106000058,198,297,-99
106000059,309,399,-90
106000060,573,738,-165
106000061,238,692,-454
106000062,234,857,-623
106000063,772,711,61
106000064,53,559,-506
106000065,423,376,47
106000066,138,483,-345
106000067,583,152,431
106000068,68,868,-800
106000069,198,104,94
106000070,593,1167,-574
106000071,1321,573,748
106000072,4840,2278,2562
106000073,2477,3799,-1322
106000074,623,866,-243
106000075,395,1808,-1413
106000076,2241,2855,-614
106000077,4481,1828,2653
106000078,1091,1314,-223
106000079,809,1504,-695
106000080,1544,949,595
106000081,873,1651,-778
106000082,2892,1112,1780
106000083,442,2230,-1788
106000084,1217,893,324
106000085,2060,2208,-148
106000086,856,1156,-300
106000087,1026,689,337
106000088,449,979,-530
106000089,1145,575,570
106000090,265,908,-643
106000091,398,765,-367
106000092,911,418,493
106000093,386,200,186
106000094,139,422,-283
106000095,802,1331,-529
106000096,1134,944,190
106000097,1140,1518,-378
106000098,949,1533,-584
106000099,307,1641,-1334
106000100,2159,395,1764
106000101,2744,733,2011
106000102,448,2001,-1553
106000103,383,991,-608
106000104,1214,645,569
106000105,658,1090,-432
106000106,762,738,24
106000107,174,432,-258
106000108,236,461,-225
106000109,192,401,-209
106000110,241,467,-226
106000111,273,631,-358
106000112,169,660,-491
106000113,1297,774,523
106000114,675,753,-78
106000115,284,697,-413
106000116,287,278,9
106000117,1350,993,357
106000118,1586,1917,-331
106000119,2222,1575,647
106000120,1042,1575,-533
106000121,255,219,36
106000122,133,384,-251
106000123,466,257,209
106000124,75,422,-347
106000125,34,449,-415
106000126,298,203,95
106000127,987,1317,-330
106000128,806,316,490
106000129,520,830,-310
106000130,746,487,259
106000131,160,1020,-860
106000132,749,224,525
106000133,4518,1498,3020
106000134,887,3277,-2390
106000135,352,965,-613
106000136,764,1269,-505
106000137,119,1505,-1386
106000138,1237,140,1097
106000139,63,197,-134
106000140,54,119,-65
106000141,125,135,-10
106000142,101,101,0
106000143,94,117,-23
106000144,27,81,-54
106000145,349,453,-104
106000146,308,273,35
106000147,583,692,-109
106000148,858,1196,-338
106000149,648,528,120
106000150,639,2518,-1879
106000151,5556,1125,4431
106000152,2208,2633,-425
106000153,125,2324,-2199
106000154,2078,370,1708
106000155,134,350,-216
106000156,967,474,493
106000157,842,2627,-1785
106000158,3563,1179,2384
106000159,5083,2613,2470
106000160,452,3222,-2770
106000161,1918,657,1261
106000162,233,1167,-934
106000163,382,602,-220
106000164,419,519,-100
106000165,275,834,-559
106000166,829,447,382
106000167,494,1663,-1169
106000168,545,397,148
106000169,270,871,-601
106000170,910,368,542
106000171,270,1416,-1146
106000172,3403,1891,1512
106000173,1399,3532,-2133
106000174,1421,563,858
106000175,379,1404,-1025
106000176,2019,1087,932
106000177,1149,3454,-2305
106000178,4145,2292,1853
106000179,1532,3518,-1986
106000180,1100,2056,-956
106000181,934,2598,-1664
106000182,1253,1026,227
106000183,1369,1119,250
106000184,2956,1189,1767
106000185,1939,1778,161
106000186,1127,262,865
106000187,317,1496,-1179
106000188,0,0,0
106000189,11,73,-62
106000190,22,1,21
106000191,786,338,448
106000192,16,32,-16
106000193,580,331,249
106000194,241,566,-325
106000195,1036,321,715
106000196,335,679,-344
106000197,669,420,249
106000198,191,357,-166
106000199,1395,1380,15
106000200,508,313,195
106000201,763,4028,-3265
106000202,7216,952,6264
106000203,132,226,-94
106000204,105,22,83
106000205,25,185,-160
106000206,107,34,73
106000207,59,1143,-1084
106000208,1400,211,1189
106000209,1559,458,1101
106000210,398,1591,-1193
106000211,552,1725,-1173
106000212,958,429,529
106000213,1152,2410,-1258
106000214,3681,913,2768
106000215,404,692,-288
106000216,437,537,-100
106000217,378,662,-284
106000218,667,526,141
106000219,167,431,-264
106000220,573,477,96
106000221,186,387,-201
106000222,59,154,-95
106000223,201,155,46
106000224,191,359,-168
106000225,79,131,-52
106000226,157,358,-201
106000228,59,181,-122
106000229,102,873,-771
106000231,1024,177,847
106000232,83,470,-387
106000233,925,154,771
106000234,240,280,-40
106000235,1044,139,905
106000236,395,130,265
106000237,9,14,-5
106000238,129,28,101
106000239,7,249,-242
106000240,97,5,92
106000241,23,990,-967
106000242,368,27,341
106000249,63,139,-76
106000250,87,789,-702
106000251,123,60,63
106000252,23,132,-109
106000253,59,111,-52
106000254,64,71,-7
106000255,26,209,-183
106000256,70,108,-38
106000257,183,376,-193
106000258,593,39,554
106000259,8,65,-57
106000260,62,3,59
106000261,8,63,-55
106000262,144,10,134
106000263,16,103,-87
106000264,346,23,323
106000265,16,196,-180
106000266,176,41,135
106000267,5,147,-142
106000268,664,82,582
106000269,69,89,-20
106000270,219,755,-536
106000271,109,339,-230
106000272,268,84,184
106000273,12,359,-347
106000274,249,75,174
106000275,224,327,-103
106000276,231,81,150
106000277,198,258,-60
106000278,292,53,239
106000279,33,104,-71
106000280,99,143,-44
106000281,96,101,-5
106000282,74,123,-49
106000283,146,100,46
106000284,66,167,-101
106000285,203,159,44
106000286,98,215,-117
106000287,167,116,51
106000288,123,174,-51
106000289,114,112,2
106000290,72,167,-95
106000291,135,156,-21
106000292,89,182,-93
106000293,122,135,-13
106000294,168,178,-10
106000295,48,101,-53
106000296,88,151,-63
106000297,88,359,-271
106000298,190,90,100
106000299,87,227,-140
106000300,77,154,-77
106000301,81,132,-51
106000303,36,144,-108
106000304,36,47,-11
106000305,56,71,-15
106000306,40,103,-63
106000307,52,35,17
106000308,42,167,-125
106000309,18,79,-61
106000310,367,678,-311
106000311,408,268,140
106000312,151,241,-90
106000313,162,316,-154
106000318,219,512,-293
106000319,1178,245,933
106000320,3,70,-67
106000321,500,138,362
106000322,109,225,-116
106000324,19,148,-129
106000325,1754,1209,545
106000326,1216,2398,-1182
106000327,185,188,-3
106000328,14,170,-156
106000329,130,444,-314
106000330,80,105,-25
106000428,93,180,-87
106000429,189,643,-454
106000430,510,1760,-1250
106000431,2399,468,1931
106000432,2449,3825,-1376
106000433,2469,1564,905
106000434,3925,1798,2127
106000435,2392,3515,-1123
106000436,21,415,-394
106000437,428,40,388
106000438,1026,256,770
106000439,111,657,-546
106000440,523,921,-398
106000441,2,0,2
106000442,191,5,186
106000443,127,493,-366
106000450,7,253,-246
106000451,36,52,-16
106000454,15,230,-215
106000455,34,265,-231
106000456,181,69,112
106000457,18,1368,-1350
106000458,741,199,542
106000459,197,678,-481
106000460,1501,60,1441
106000461,119,2049,-1930
106000462,0,31,-31
106000463,7,35,-28
106000464,5,664,-659
106000465,731,7,724
106000466,21,959,-938
106000467,590,833,-243
106000468,100,225,-125
106000469,278,1,277
106000470,298,2266,-1968
106000471,45,920,-875
106000472,153,24,129
106000473,54,31,23
106000474,448,761,-313
106000475,308,215,93
106000476,252,267,-15
106000477,20,56,-36
106900001,0,20,-20
106900002,5,663,-658
106900003,337,2784,-2447
106900004,2,89,-87
106900006,0,20,-20
106900007,2,22,-20
106900008,397,386,11
106900009,384,584,-200
106900010,305,433,-128
106900012,2609,3801,-1192
106900013,1240,206,1034
106900014,33,4,29
106900015,24,7,17
106900016,328,8,320
106900017,10,0,10
106900018,2,0,2
106900019,60,0,60
106900020,5140,1727,3413
106900021,153,75,78
106900022,722,6,716
106900023,68,320,-252
106900024,1388,80,1308
106900025,93,1137,-1044
106900026,4,880,-876
106900027,951,6,945
107000001,5469,4399,1070
107000002,5715,6830,-1115
107000003,6461,8495,-2034
107000004,7927,7647,280
107000005,4988,6901,-1913
107000006,6255,7550,-1295
107000007,7037,14200,-7163
107000008,18115,13087,5028
107000009,8196,9730,-1534
107000010,15905,15829,76
107000011,1496,1942,-446
107000012,5904,5252,652
107000013,83,134,-51
107000014,47,312,-265
107000015,593,1101,-508
107000016,867,1276,-409
107000017,12764,2429,10335
107000018,178,1596,-1418
107000020,9067,1713,7354
107000021,2675,888,1787
107000022,3462,2270,1192
107000023,2771,518,2253
107000024,978,2273,-1295
107000025,315,687,-372
107000026,317,951,-634
107000027,1535,1946,-411
107000028,1761,2347,-586
107000029,4100,4012,88
107000030,4630,4974,-344
107000031,4368,3836,532
107000032,758,1310,-552
107000033,4727,9598,-4871
107000034,6604,2767,3837
107000035,442,397,45
107000036,712,2047,-1335
107000037,98,1259,-1161
107000038,397,356,41
107000039,1031,1150,-119
107000040,206,543,-337
107000041,2276,1014,1262
107000042,1141,2670,-1529
107000043,3743,1422,2321
107000044,823,548,275
107000045,196,399,-203
107000046,1101,593,508
107000047,662,1101,-439
107000048,795,436,359
107000049,786,1117,-331
107000050,1338,762,576
107000051,560,586,-26
107000052,1548,1364,184
107000053,595,361,234
107000054,102,393,-291
107000055,208,135,73
107000056,491,1189,-698
107000057,1866,360,1506
107000058,2439,2851,-412
107000059,2975,5083,-2108
107000060,4999,7182,-2183
107000061,7445,5792,1653
107000062,4336,3998,338
107000063,5261,7467,-2206
107000064,6160,3302,2858
107000065,6550,7075,-525
107000066,3266,3908,-642
107000067,1511,1640,-129
107000068,2454,873,1581
107000069,1020,711,309
107000070,1258,50,1208
107000071,3548,65,3483
107000072,105,4246,-4141
107000073,946,432,514
107000074,188,1554,-1366
107000075,2118,676,1442
107000076,980,2280,-1300
107000077,3858,1628,2230
107000078,3359,5079,-1720
107000079,3304,1220,2084
107000080,1774,4690,-2916
107000081,1822,813,1009
107000082,768,2775,-2007
107000083,1450,557,893
107000084,646,3002,-2356
107000085,3611,4604,-993
107000086,4560,4896,-336
107000087,3154,2917,237
107000088,4136,5234,-1098
107000089,1557,2512,-955
107000090,1487,1576,-89
107000091,1362,1308,54
107000092,1008,1563,-555
107000093,1409,1186,223
107000094,1571,1634,-63
107000095,1027,747,280
107000096,774,1403,-629
107000097,1003,333,670
107000098,724,903,-179
107000099,859,388,471
107000100,405,396,9
107000101,122,322,-200
107000102,525,484,41
107000103,446,280,166
107000104,274,431,-157
107000105,401,239,162
107000106,300,352,-52
107000107,719,239,480
107000108,257,921,-664
107000109,927,236,691
107000110,184,676,-492
107000111,490,71,419
107000112,54,508,-454
107000113,758,148,610
107000114,147,854,-707
107000115,633,212,421
107000116,151,1109,-958
107000117,145,836,-691
107000118,154,371,-217
107000119,2446,2272,174
107000120,2308,611,1697
107000121,779,1006,-227
107000122,1515,1460,55
107000123,445,1131,-686
107000124,714,1204,-490
107000125,912,978,-66
107000126,1326,1133,193
107000129,740,569,171
107000130,1146,598,548
107000131,700,784,-84
107000132,786,494,292
107000133,1205,146,1059
107000134,424,2,422
107000135,3,357,-354
107000136,1020,14,1006
107000137,8,527,-519
107000138,474,31,443
107000139,36,574,-538
107000140,2350,183,2167
107000141,209,1168,-959
107000142,520,147,373
107000143,94,1113,-1019
107000144,661,725,-64
107000145,204,789,-585
107000146,243,516,-273
107000147,3728,1090,2638
107000150,1189,5430,-4241
107000151,77,135,-58
107000152,799,1469,-670
107000153,366,589,-223
107000154,303,261,42
107000155,1511,66,1445
107000156,1533,49,1484
107000157,111,2430,-2319
107000158,698,25,673
107000159,51,1584,-1533
107000160,1009,317,692
107000161,120,2268,-2148
107000162,281,1083,-802
107000163,243,1,242
107000164,714,2,712
107000165,1041,11,1030
107000166,101,1713,-1612
107000167,763,342,421
107000168,994,689,305
107000169,1224,1179,45
107000170,2405,1175,1230
107000171,851,3206,-2355
107000172,1339,1875,-536
107000173,851,1595,-744
107000174,1165,7286,-6121
107000175,9915,2580,7335
107000176,2,2,0
107000177,11,10,1
107000178,9,51,-42
107000179,378,3342,-2964
107000180,1390,547,843
107000181,501,1446,-945
107000182,1774,1318,456
107000183,214,1237,-1023
107000184,1126,966,160
107000185,689,1959,-1270
107000186,1409,581,828
107000187,1642,1767,-125
107000188,743,847,-104
107000189,531,1544,-1013
107000190,685,1051,-366
107000191,826,1471,-645
107000192,1888,1123,765
107000193,555,731,-176
107000194,1032,1084,-52
107000197,1074,376,698
107000198,384,1030,-646
107000199,786,1277,-491
107000200,1149,1128,21
107000201,498,379,119
107000202,431,888,-457
107000203,1776,947,829
107000204,2661,940,1721
107000205,3353,1519,1834
107000206,1921,1887,34
107000207,1070,1563,-493
107000208,2365,631,1734
107000209,3139,1680,1459
107000210,1073,507,566
107000211,16,51,-35
107000212,11,698,-687
107000213,14,40,-26
107000214,15,325,-310
107000215,826,610,216
107000216,470,714,-244
107000217,226,258,-32
107000219,148,231,-83
107000220,249,353,-104
107000222,323,1194,-871
107000224,695,112,583
107000225,415,841,-426
107000226,595,138,457
107000227,135,465,-330
107000228,141,279,-138
107000229,361,419,-58
107000230,1441,724,717
107000231,2495,1664,831
107000232,159,101,58
107000233,1911,992,919
107000234,0,53,-53
107000235,116,10,106
107000236,51,1305,-1254
107000237,21,0,21
107000238,40,2,38
107000239,5316,719,4597
107000240,100,1438,-1338
107000241,142,34,108
107000242,687,84,603
107000243,0,84,-84
107000244,10,119,-109
107000246,4,1448,-1444
107000249,5,1509,-1504
107000251,1,433,-432
107000252,8,1527,-1519
107000255,732,188,544
107000257,3,528,-525
107000258,3,159,-156
107000259,6,236,-230
107000260,610,28,582
107000262,25,765,-740
107000263,300,9,291
107000266,9,19,-10
107000267,89,213,-124
107000268,210,219,-9
107000269,1007,57,950
107000270,5,16,-11
107000271,43,917,-874
107000272,39,179,-140
107000273,13,310,-297
107000274,7863,437,7426
107000275,359,1316,-957
107000280,835,66,769
107000281,64,1526,-1462
107000282,71,1405,-1334
107000290,7,28,-21
107000291,38,49,-11
107000292,5,109,-104
107000293,454,5,449
107000294,2,38,-36
107000295,85,5,80
107000296,1,14,-13
107000444,536,10,526
107000496,0,33,-33
107000497,1905,3536,-1631
107000500,446,435,11
107000501,133,206,-73
107000502,286,431,-145
107000505,695,1078,-383
107000506,15,57,-42
107000508,9,909,-900
107000509,338,1383,-1045
107000510,46,18,28
107000514,61,421,-360
107000515,20,287,-267
107000516,382,442,-60
107000518,1406,1391,15
107000519,3348,1541,1807
107000520,108,32,76
107900001,41,194,-153
107900002,88,13,75
107900003,487,17,470
107900004,107,2,105
107900005,1532,6,1526
107900006,342,2,340
107900007,462,48,414
107900008,164,63,101
107900009,300,6,294
107900010,30,2,28
107900012,413,21,392
107900013,305,59,246
107900014,57,1,56
107900015,1122,15,1107
107900016,778,166,612
107900017,40,7,33
107900018,82,197,-115
107900019,28,82,-54
107900020,225,28,197
107900021,45,177,-132
107900023,11,1,10
107900024,0,36,-36
107900025,243,404,-161
107900026,101,108,-7
107900027,83,110,-27
107900028,84,99,-15
107900030,177,25,152
107900031,87,220,-133
107900032,35,0,35
107900033,28,6,22
107900034,475,28,447
107900035,903,65,838
107900036,69,22,47
107900037,0,71,-71
107900038,163,290,-127
107900039,52,79,-27
107900040,146,274,-128
107900041,5,0,5
107900043,67,264,-197
107900044,6,11,-5
107900045,143,52,91
107900046,194,232,-38
107900047,37,136,-99
107900048,235,6,229
107900049,476,2042,-1566
107900050,190,452,-262
107900051,116,123,-7
107900052,29,22,7
107900053,30,133,-103
107900055,1065,457,608
107900056,276,69,207
107900057,5,0,5
107900058,59,1011,-952
107900060,60,46,14
107900061,24,11,13
107900063,116,130,-14
107900064,493,157,336
107900065,212,21,191
107900066,34,28,6
107900067,7,0,7
107900068,257,439,-182
107900069,52,2125,-2073
107900070,117,72,45
107900071,52,1089,-1037
107900072,101,238,-137
107900073,147,216,-69
107900074,1106,345,761
107900076,166,70,96
107900077,54,0,54
107900078,278,38,240
107900079,8,39,-31
107900080,436,530,-94
107900081,36,124,-88
107900082,43,32,11
107900083,483,231,252
107900084,140,185,-45
107900086,65,252,-187
107900087,851,163,688
107900088,37,22,15
107900089,478,1499,-1021
107900090,1418,3737,-2319
107900091,273,581,-308
107900092,2556,687,1869
107900093,162,108,54
107900095,4563,2886,1677
107900097,33,110,-77
107900098,71,247,-176
107900100,1404,1511,-107
107900101,1545,274,1271
107900102,41,8,33
107900103,63,211,-148
107900104,347,12,335
107900105,5,751,-746
107900106,7,1370,-1363
107900107,2259,724,1535
107900108,514,211,303
107900109,1537,15,1522
107900110,42,136,-94
107900111,12,1261,-1249
107900112,152,539,-387
107900113,282,209,73
107900114,193,247,-54
107900115,2,44,-42
107900116,163,324,-161
107900117,684,601,83
107900118,111,246,-135
107900119,110,377,-267
107900120,24,23,1
107900121,5,330,-325
107900122,4,112,-108
107900123,4,51,-47
107900124,51,51,0
107900125,50,261,-211
107900126,13,50,-37
107900127,788,365,423
107900128,143,133,10
107900129,84,53,31
107900130,99,44,55
107900131,897,260,637
107900132,158,640,-482
107900133,0,139,-139
107900134,27,54,-27
107900135,4,285,-281
107900136,76,65,11
107900137,178,142,36
107900138,70,78,-8
107900139,40,95,-55
107900140,118,90,28
107900141,84,67,17
107900142,168,1425,-1257
107900143,126,53,73
107900144,2,200,-198
107900145,17,134,-117
107900146,53,196,-143
107900147,55,55,0
107900148,213,209,4
107900149,1639,327,1312
107900150,137,1015,-878
107900151,49,192,-143
107900152,18,407,-389
107900153,213,485,-272
107900154,52,37,15
107900155,94,75,19
107900156,8,424,-416
107900157,64,69,-5
107900158,842,47,795
107900159,53,1433,-1380
107900160,128,209,-81
107900161,20,226,-206
107900162,0,297,-297
107900163,216,102,114
107900164,6,54,-48
107900165,37,194,-157
107900166,21,267,-246
107900167,56,39,17
107900168,31,61,-30
107900169,5,263,-258
107900171,72,2169,-2097
107900172,8,496,-488
107900173,16,226,-210
107900174,142,11,131
107900175,41,25,16
107900176,40,51,-11
107900177,14,342,-328
107900178,0,267,-267
107900179,53,205,-152
107900180,1004,585,419
107900181,469,352,117
107900182,6,1908,-1902
107900183,40,432,-392
107900184,181,326,-145
107900185,117,4,113
107900186,32,51,-19
107900187,3,221,-218
107900188,1004,215,789
107900189,28,198,-170
107900190,153,135,18
107900191,44,186,-142
107900193,15,58,-43
107900194,328,11,317
107900195,4087,623,3464
107900196,98,131,-33
107900197,1319,394,925
107900199,8,1411,-1403
107900201,118,185,-67
107900203,49,93,-44
107900204,247,318,-71
107900205,224,526,-302
107900206,1367,204,1163
107900207,8,801,-793
107900208,13,782,-769
107900209,511,159,352
107900210,97,160,-63
107900213,1177,880,297
107900214,34,175,-141
107900215,211,373,-162
107900216,196,132,64
107900217,74,98,-24
107900218,47,2608,-2561
107900219,40,120,-80
107900220,351,351,0
107900221,344,284,60
107900223,111,811,-700
107900224,154,417,-263
107900225,18,1160,-1142
107900226,83,193,-110
107900227,165,688,-523
107900228,37,163,-126
107900229,8,361,-353
107900230,21,164,-143
107900231,14,303,-289
107900232,53,259,-206
107900233,8,200,-192
107900234,133,214,-81
107900235,38,148,-110
107900236,114,126,-12
107900237,95,658,-563
107900238,28,142,-114
107900239,1313,520,793
107900240,30,180,-150
107900241,19,135,-116
107900242,28,377,-349
107900243,5,56,-51
107900244,406,8,398
107900245,633,55,578
107900246,421,15,406
107900248,319,707,-388
107900249,753,27,726
107900250,4,688,-684
107900251,99,1966,-1867
107900252,1082,47,1035
107900253,161,2,159
107900254,93,661,-568
107900255,502,116,386
107900256,2475,1985,490
107900257,265,172,93
107900258,144,456,-312
107900259,173,2463,-2290
107900261,5,584,-579
107900262,64,169,-105
107900264,266,1,265
107900265,178,319,-141
107900267,195,15,180
107900268,57,13,44
107900269,0,14,-14
107900270,0,2,-2
107900271,10,30,-20
107900272,204,22,182
107900273,46,122,-76
107900274,69,0,69
107900275,17,0,17
107900276,2,108,-106
107900277,2,308,-306
107900278,294,509,-215
107900279,177,197,-20
107900280,2499,3149,-650
107900281,3432,2975,457
107900282,102,577,-475
107900283,1839,749,1090
107900284,756,1067,-311
107900285,129,133,-4
107900286,217,142,75
107900287,169,279,-110
107900290,0,122,-122
107900291,535,17,518
107900292,126,324,-198
107900293,99,760,-661
107900295,57,102,-45
107900297,3,534,-531
107900298,1262,1153,109
107900299,4371,2648,1723
107900300,74,318,-244
107900301,1233,722,511
107900302,122,40,82
107900303,234,457,-223
107900304,285,749,-464
107900305,324,18,306
107900306,25,12,13
107900307,58,315,-257
107900308,144,126,18
107900309,285,11,274
107900310,693,5,688
107900311,6,257,-251
107900312,118,2,116
107900313,2,165,-163
107900314,0,48,-48
107900315,0,76,-76
107900316,93,7,86
107900317,161,29,132
107900318,15,278,-263
107900319,3,309,-306
107900320,0,253,-253
107900321,179,5,174
107900322,3,191,-188
107900323,7,212,-205
107900324,227,2,225
107900325,129,1,128
107900326,458,472,-14
107900327,31,75,-44
107900328,368,9,359
107900329,366,142,224
107900330,18,702,-684
107900331,245,47,198
107900332,263,63,200
107900333,78,20,58
107900334,17,228,-211
107900335,74,91,-17
107900336,75,75,0
107900337,1712,1018,694
107900338,10,238,-228
107900339,6,38,-32
107900340,1,56,-55
107900341,62,0,62
107900342,166,190,-24
107900343,154,2,152
107900344,9,194,-185
107900345,171,44,127
107900346,30,1,29
107900347,33,4,29
107900348,10,4,6
107900349,14,14,0
107900350,32,347,-315
108000001,3062,4724,-1662
108000002,2791,4001,-1210
108000003,4517,3835,682
108000004,18526,22124,-3598
108000005,10662,6714,3948
108000006,11543,10805,738
108000007,5918,4915,1003
108000008,6424,9222,-2798
108000009,4133,5199,-1066
108000010,4207,6701,-2494
108000011,13266,13665,-399
108000012,22969,22927,42
108000014,1146,743,403
108000015,795,382,413
108000016,400,826,-426
108000017,1208,497,711
108000018,2118,787,1331
108000019,4039,1000,3039
108000020,1645,739,906
108000021,482,2300,-1818
108000022,753,1942,-1189
108000023,1298,282,1016
108000024,304,839,-535
108000025,372,361,11
108000026,522,638,-116
108000027,797,642,155
108000028,631,381,250
108000029,607,720,-113
108000030,1174,360,814
108000031,461,897,-436
108000032,1408,784,624
108000033,930,1704,-774
108000034,1851,641,1210
108000035,1183,3292,-2109
108000036,429,1514,-1085
108000037,1744,589,1155
108000038,2818,812,2006
108000039,680,3133,-2453
108000040,2018,1243,775
108000041,952,3502,-2550
108000042,288,324,-36
108000043,281,403,-122
108000044,499,263,236
108000045,480,988,-508
108000046,1565,373,1192
108000047,571,1445,-874
108000048,281,658,-377
108000049,1026,369,657
108000050,140,704,-564
108000051,297,177,120
108000052,348,964,-616
108000053,444,283,161
108000054,726,1451,-725
108000055,1357,585,772
108000056,1364,1683,-319
108000057,806,1365,-559
108000058,2317,4428,-2111
108000059,4280,2849,1431
108000060,204,526,-322
108000061,214,366,-152
108000062,768,754,14
108000063,543,771,-228
108000064,221,324,-103
108000065,874,919,-45
108000066,1986,1057,929
108000067,2091,880,1211
108000068,846,472,374
108000069,287,1513,-1226
108000070,1949,912,1037
108000071,884,2208,-1324
108000072,1848,1353,495
108000073,2020,2742,-722
108000074,626,439,187
108000075,442,1159,-717
108000076,951,775,176
108000077,839,979,-140
108000078,2431,1991,440
108000079,1111,2301,-1190
108000080,1242,780,462
108000081,650,2660,-2010
108000082,1219,2668,-1449
108000083,2102,1194,908
108000084,542,1685,-1143
108000085,863,553,310
108000086,1035,1019,16
108000087,175,2194,-2019
108000088,223,5,218
108000089,476,591,-115
108000090,587,204,383
108000091,256,664,-408
108000092,143,128,15
108000093,212,900,-688
108000094,678,173,505
108000095,157,680,-523
108000096,338,263,75
108000097,179,708,-529
108000098,1696,1904,-208
108000099,380,132,248
108000100,73,315,-242
108000101,1627,1926,-299
108000102,1864,3659,-1795
108000106,1131,6,1125
108000107,1,1028,-1027
108000108,873,64,809
108000109,14,1013,-999
108000110,216,483,-267
108000111,199,1006,-807
108000112,99,176,-77
108000113,722,392,330
108000115,568,492,76
108000117,1062,554,508
108000118,190,255,-65
108000119,875,489,386
108000120,191,862,-671
108000121,285,725,-440
108000122,636,486,150
108000123,1029,386,643
108000124,475,959,-484
108000125,350,363,-13
108000126,177,587,-410
108000127,556,479,77
108000128,781,748,33
108000129,618,1623,-1005
108000130,607,360,247
108000131,895,665,230
108000132,2787,2155,632
108000133,948,735,213
108000134,638,886,-248
108000135,1263,584,679
108000136,788,1354,-566
108000137,461,657,-196
108000138,434,1368,-934
108000139,502,526,-24
108000140,127,32,95
108000141,67,151,-84
108000142,88,158,-70
108000143,29,33,-4
108000144,46,24,22
108000145,93,46,47
108000146,76,27,49
108000147,87,60,27
108000148,125,38,87
108000149,59,37,22
108000150,80,11,69
108000151,57,17,40
108000152,131,734,-603
108000153,442,156,286
108000154,84,17,67
108000155,27,27,0
108000156,416,207,209
108000157,220,1037,-817
108000158,98,984,-886
108000159,799,191,608
108000160,5131,1439,3692
108000161,4745,2932,1813
108000165,7,245,-238
108000172,7,368,-361
108000173,2876,2524,352
108000175,222,186,36
108000178,547,453,94
108000179,301,806,-505
108000181,64,38,26
108000182,158,24,134
108000183,61,40,21
108000184,1335,2589,-1254
108000185,315,858,-543
108000186,193,109,84
108000187,138,961,-823
108000188,538,319,219
108000189,908,1737,-829
108000190,62,193,-131
108000192,337,718,-381
108000193,1161,79,1082
108000194,67,20,47
108000195,3,1459,-1456
108000196,339,279,60
108000198,544,452,92
108000199,0,220,-220
108000200,528,825,-297
108000202,2,266,-264
108000203,167,1167,-1000
108000204,137,68,69
108000205,496,669,-173
108000339,1994,485,1509
108000364,192,426,-234
108000365,93,455,-362
108000367,163,517,-354
108000368,17,95,-78
108000369,1985,288,1697
108000371,0,774,-774
108000372,639,2,637
108000373,268,221,47
108000376,71,38,33
108000377,394,442,-48
108000378,10655,12626,-1971
108000379,55,309,-254
108000381,55,13,42
108000382,160,2,158
108000383,0,233,-233
108900001,143,1465,-1322
108900002,277,104,173
108900003,447,1109,-662
108900004,119,397,-278
108900005,112,405,-293
108900006,973,219,754
108900007,251,299,-48
108900008,100,189,-89
108900009,91,141,-50
108900010,223,228,-5
108900011,405,557,-152
108900012,344,600,-256
108900013,116,321,-205
108900014,18,133,-115
108900015,1,57,-56
108900016,0,303,-303
108900017,331,374,-43
108900018,119,619,-500
108900019,126,1296,-1170
108900020,49,307,-258
108900021,130,373,-243
108900022,150,10,140
108900023,3,53,-50
108900024,43,198,-155
108900025,129,195,-66
108900026,34,113,-79
108900027,1,106,-105
108900028,90,469,-379
108900029,89,411,-322
108900030,0,124,-124
108900031,103,607,-504
108900032,26,327,-301
108900033,0,93,-93
108900034,1,312,-311
108900035,421,1938,-1517
108900036,241,367,-126
108900037,74,593,-519
108900038,0,461,-461
108900039,2,619,-617
108900040,7,154,-147
108900041,7034,3353,3681
108900042,10,488,-478
108900043,120,641,-521
108900044,1,670,-669
108900045,106,743,-637
108900046,67,1245,-1178
108900047,2,182,-180
108900048,139,1341,-1202
108900049,5679,1616,4063
108900050,0,285,-285
108900051,3,265,-262
108900052,28,368,-340
108900053,135,255,-120
108900054,88,311,-223
108900055,98,566,-468
108900056,0,246,-246
108900057,1,228,-227
108900058,36,557,-521
108900059,454,39,415
108900060,127,251,-124
108900061,108,49,59
108900062,8,368,-360
108900063,15,485,-470
108900064,239,124,115
108900065,10,313,-303
108900066,372,180,192
108900067,28,261,-233
108900068,0,162,-162
108900069,55,170,-115
108900070,52,169,-117
108900071,85,87,-2
108900072,3221,963,2258
108900073,11,75,-64
108900074,238,675,-437
108900075,62,84,-22
108900076,338,114,224
108900077,136,195,-59
108900078,17,275,-258
108900079,1210,320,890
108900080,29,1120,-1091
108900081,64,313,-249
108900082,57,144,-87
108900083,45,420,-375
108900084,542,210,332
108900085,2533,243,2290
108900086,114,364,-250
108900087,141,326,-185
108900088,1264,448,816
108900089,33,234,-201
108900090,53,432,-379
108900091,153,142,11
108900092,554,459,95
108900093,167,124,43
108900094,316,127,189
108900095,65,591,-526
108900096,467,30,437
108900097,339,316,23
108900098,3714,889,2825
108900099,406,382,24
108900100,76,177,-101
108900101,260,150,110
108900102,173,1141,-968
108900103,155,105,50
108900104,209,572,-363
108900105,15,1324,-1309
108900106,393,490,-97
108900108,929,76,853
108900109,218,36,182
108900110,219,580,-361
108900111,552,792,-240
108900112,296,32,264
108900113,60,83,-23
108900114,0,2,-2
108900115,92,105,-13
108900116,100,18,82
108900117,168,17,151
108900118,623,14,609
108900119,264,48,216
108900120,179,282,-103
108900121,449,178,271
108900122,104,45,59
108900123,159,122,37
108900124,567,263,304
108900125,383,5,378
108900126,142,33,109
108900127,210,43,167
108900128,110,54,56
108900129,744,240,504
108900130,295,5,290
108900131,536,7,529
108900132,608,136,472
108900133,282,97,185
108900134,318,387,-69
108900135,150,19,131
108900136,72,0,72
108900137,147,3,144
108900138,736,54,682
108900139,767,169,598
108900140,317,378,-61
108900141,361,19,342
108900142,128,4,124
108900143,62,0,62
108900144,92,0,92
108900145,152,10,142
108900146,61,0,61
108900147,250,2,248
108900148,91,76,15
108900149,706,514,192
108900150,346,10,336
108900151,237,11,226
108900152,239,35,204
108900153,162,570,-408
108900154,5798,610,5188
108900155,361,148,213
108900156,94,9,85
108900157,34,704,-670
108900158,536,60,476
108900159,12,381,-369
108900160,23,344,-321
108900161,24,695,-671
108900162,98,1,97
108900163,20,357,-337
108900164,87,92,-5
108900165,235,145,90
108900167,2534,6451,-3917
108900168,11070,3104,7966
108900169,87,191,-104
108900171,10780,3497,7283
108900172,272,67,205
108900173,313,574,-261
108900174,808,884,-76
108900176,144,586,-442
108900177,9519,7286,2233
108900178,6322,3863,2459
108900179,872,1833,-961
108900180,130,458,-328
108900182,45,360,-315
108900183,267,352,-85
108900184,525,341,184
108900185,151,527,-376
108900186,75,497,-422
108900187,363,80,283
108900188,536,116,420
108900189,444,236,208
108900190,79,3994,-3915
108900191,274,52,222
108900192,109,290,-181
108900193,467,85,382
108900194,54,488,-434
108900195,163,419,-256
108900196,56,688,-632
108900198,5,709,-704
108900199,295,540,-245
108900200,1052,460,592
108900201,592,1841,-1249
108900203,653,108,545
108900204,373,19,354
108900205,260,34,226
108900206,561,52,509
108900207,216,87,129
108900208,30,500,-470
108900209,402,910,-508
108900210,244,334,-90
108900211,199,604,-405
108900212,962,1766,-804
108900215,157,682,-525
108900216,594,170,424
108900217,143,0,143
108900218,203,14,189
108900219,113,4,109
108900220,58,26,32
108900221,71,199,-128
108900222,244,13,231
108900223,9,161,-152
108900224,41,267,-226
108900225,1,238,-237
108900226,305,18,287
108900227,150,358,-208
108900230,361,390,-29
108900231,52,314,-262
108900232,3,404,-401
108900233,734,157,577
108900234,409,251,158
108900235,327,797,-470
108900236,90,456,-366
108900237,85,306,-221
108900240,133,138,-5
108900241,53,54,-1
108900245,7,1538,-1531
108900249,155,55,100
108900250,372,263,109
108900257,253,731,-478
108900258,21,273,-252
108900259,181,124,57
108900260,8,153,-145
108900261,137,215,-78
108900262,216,220,-4
108900263,33,238,-205
108900264,650,365,285
108900265,1520,397,1123
108900266,1381,597,784
108900267,6,153,-147
108900268,40,3,37
108900269,117,19,98
108900270,52,15,37
108900271,51,11,40
108900272,221,11,210
108900273,1237,859,378
108900274,55,86,-31
109000001,5065,1716,3349
109000002,2293,1975,318
109000003,3200,649,2551
109000004,646,3103,-2457
109000005,2978,1002,1976
109000006,874,2624,-1750
109000007,1763,923,840
109000008,675,2426,-1751
109000009,3884,1691,2193
109000010,1779,5070,-3291
109000011,3595,2498,1097
109000012,2291,4870,-2579
109000013,3949,3938,11
109000014,2584,4625,-2041
109000015,4036,8200,-4164
109000016,10163,5539,4624
109000017,2599,1566,1033
109000018,1342,4363,-3021
109000019,3571,1829,1742
109000020,1520,2669,-1149
109000023,385,46,339
109000024,7,258,-251
109000025,487,613,-126
109000026,1021,459,562
109000027,106,391,-285
109000028,144,150,-6
109000029,194,235,-41
109000030,137,698,-561
109000031,239,229,10
109000032,153,638,-485
109000033,500,205,295
109000034,62,55,7
109000035,24,68,-44
109000036,116,532,-416
109000037,217,1423,-1206
109000038,781,569,212
109000039,1215,777,438
109000040,6700,8866,-2166
109000041,5649,2204,3445
109000042,945,1739,-794
109000044,476,69,407
109000045,118,472,-354
109000046,456,109,347
109000047,124,589,-465
109000048,1074,240,834
109000049,435,828,-393
109000050,500,372,128
109000051,380,404,-24
109000052,647,1649,-1002
109000053,266,190,76
109000054,730,995,-265
109000055,441,503,-62
109000056,427,833,-406
109000057,752,533,219
109000058,1327,450,877
109000059,1388,1560,-172
109000060,629,392,237
109000061,1509,1280,229
109000062,236,489,-253
109000063,310,306,4
109000064,338,253,85
109000065,164,420,-256
109000066,501,179,322
109000067,60,477,-417
109000068,2397,20,2377
109000069,1470,40,1430
109000070,7,1375,-1368
109000071,496,128,368
109000072,107,431,-324
109000073,70,179,-109
109000074,37,295,-258
109000075,121,431,-310
109000076,141,251,-110
109000077,540,404,136
109000078,91,231,-140
109000079,170,301,-131
109000080,135,175,-40
109000081,146,744,-598
109000082,650,377,273
109000083,356,1133,-777
109000088,219,710,-491
109000089,262,99,163
109000090,263,545,-282
109000091,347,221,126
109000092,461,803,-342
109000093,266,238,28
109000094,493,0,493
109000095,147,641,-494
109000096,637,348,289
109000097,100,233,-133
109000098,64,138,-74
109000099,1035,537,498
109000100,266,739,-473
109000101,1698,1078,620
109000102,413,1125,-712
109000103,487,932,-445
109000104,1757,851,906
109000105,568,1807,-1239
109000106,2204,1015,1189
109000107,723,2947,-2224
109000108,1886,881,1005
109000109,553,2770,-2217
109000110,1458,738,720
109000111,1284,2998,-1714
109000112,493,257,236
109000113,557,338,219
109000114,227,616,-389
109000115,1700,56,1644
109000116,5,381,-376
109000117,175,108,67
109000118,9,410,-401
109000119,1304,393,911
109000120,217,1246,-1029
109000121,444,52,392
109000122,149,1249,-1100
109000123,50,113,-63
109000124,649,696,-47
109000125,1108,530,578
109000126,590,1256,-666
109000127,936,322,614
109000128,613,2507,-1894
109000129,2364,1027,1337
109000130,799,3399,-2600
109000131,935,635,300
109000132,801,2822,-2021
109000133,461,1433,-972
109000134,1092,2000,-908
109000135,2018,2138,-120
109000136,388,497,-109
109000137,375,510,-135
109000138,609,644,-35
109000139,548,518,30
109000140,323,622,-299
109000141,600,632,-32
109000142,127,766,-639
109000143,140,97,43
109000145,135,294,-159
109000146,85,174,-89
109000148,5553,2947,2606
109000149,44,56,-12
109000150,101,262,-161
109000155,911,880,31
109000156,1891,987,904
109000158,319,417,-98
109000159,246,887,-641
109000160,1259,364,895
109000161,374,1737,-1363
109000162,2170,1089,1081
109000163,1127,2455,-1328
109000164,1332,3287,-1955
109000165,1421,881,540
109000166,852,189,663
109000167,140,995,-855
109000170,54,74,-20
109000171,82,71,11
109000172,49,81,-32
109000173,21,101,-80
109000174,180,66,114
109000175,76,148,-72
109000176,317,337,-20
109000177,42,193,-151
109000178,709,562,147
109000179,8591,6115,2476
109000180,8507,4401,4106
109000181,16,34,-18
109000182,69,47,22
109000183,66,94,-28
109000184,31,27,4
109000185,17,84,-67
109000188,1209,3085,-1876
109000189,4614,1371,3243
109000190,1369,681,688
109000191,435,756,-321
109000192,405,389,16
109000193,235,472,-237
109000194,276,207,69
109000195,169,491,-322
109000196,342,203,139
109000197,226,510,-284
109000198,358,106,252
109000199,165,676,-511
109000206,273,44,229
109000207,120,56,64
109000208,102,112,-10
109000209,158,141,17
109000210,195,819,-624
109000211,695,812,-117
109000214,465,585,-120
109000215,162,109,53
109000216,399,276,123
109000217,333,180,153
109000218,638,315,323
109000221,630,1514,-884
109000222,1023,293,730
109000223,422,361,61
109000224,72,236,-164
109000225,90,47,43
109000226,47,288,-241
109000227,1195,1821,-626
109000228,3,654,-651
109000231,4,476,-472
109000232,397,622,-225
109000236,339,1015,-676
109000241,2582,2908,-326
109000242,2150,2107,43
109000293,51,93,-42
109000361,137,392,-255
109000364,278,841,-563
109000396,13,838,-825
109000397,552,9,543
109000399,139,640,-501
109000400,94,481,-387
109000403,151,871,-720
109000406,631,10,621
109000407,393,315,78
109000408,2,761,-759
109000410,1229,377,852
109000411,221,32,189
109900001,142,10,132
109900002,981,24,957
109900003,263,1,262
109900004,1161,303,858
109900005,21,4,17
109900006,543,444,99
109900007,818,884,-66
109900008,1,54,-53
109900009,182,1090,-908
109900010,639,19,620
109900011,118,42,76
109900012,356,275,81
109900013,555,235,320
109900014,399,83,316
109900015,578,306,272
109900016,135,68,67
109900017,216,254,-38
109900018,298,139,159
109900019,355,127,228
109900020,52,53,-1
109900021,37,17,20
109900022,116,335,-219
109900023,31,14,17
109900024,36,20,16
109900025,13,115,-102
109900026,1,197,-196
109900027,51,41,10
109900028,2878,1087,1791
109900029,2,530,-528
109900030,47,24,23
109900031,0,229,-229
109900032,12,498,-486
109900033,3,625,-622
109900034,30,4,26
109900035,16,16,0
109900036,44,105,-61
109900037,46,787,-741
109900038,67,286,-219
109900039,11,1,10
109900040,30,840,-810
109900041,65,529,-464
109900042,112,764,-652
109900044,202,347,-145
109900045,207,83,124
109900046,22,79,-57
109900047,381,428,-47
109900048,12,127,-115
109900049,17,46,-29
109900050,0,305,-305
109900051,0,56,-56
109900052,205,425,-220
109900053,2,604,-602
109900054,618,304,314
109900055,61,411,-350
109900056,33,238,-205
109900057,24,271,-247
109900058,0,150,-150
109900059,654,163,491
109900060,575,214,361
109900061,113,439,-326
109900062,0,287,-287
109900063,20,519,-499
109900064,704,379,325
109900065,132,186,-54
109900066,536,1241,-705
109900067,1,473,-472
109900068,70,4,66
109900069,2,62,-60
109900070,79,462,-383
109900071,2,41,-39
109900072,22,220,-198
109900073,403,731,-328
109900074,6,80,-74
109900075,23,52,-29
109900076,25,285,-260
109900077,39,90,-51
109900078,138,304,-166
109900080,211,439,-228
109900081,44,254,-210
109900082,41,515,-474
109900083,36,115,-79
109900084,96,258,-162
109900085,252,1062,-810
109900086,151,557,-406
109900087,417,681,-264
109900089,719,236,483
109900090,585,1491,-906
109900091,414,140,274
109900092,3531,36,3495
109900093,991,235,756
109900094,84,131,-47
109900095,170,308,-138
109900096,38,4,34
109900097,131,0,131
109900098,461,56,405
109900099,173,1,172
109900100,49,0,49
109900101,495,16,479
109900102,504,32,472
109900103,41,54,-13
109900104,517,1169,-652
109900105,585,36,549
109900106,858,85,773
109900107,925,134,791
109900108,151,776,-625
109900109,43,242,-199
109900110,114,583,-469
109900111,465,1358,-893
109900112,479,892,-413
109900113,767,559,208
109900114,1697,673,1024
109900115,236,135,101
109900117,1086,156,930
109900118,337,590,-253
109900119,823,443,380
109900120,84,35,49
109900121,538,405,133
109900122,384,16,368
109900123,23,203,-180
109900124,59,772,-713
109900125,3,242,-239
109900126,270,177,93
109900128,294,84,210
109900130,11302,2958,8344
109900131,74,233,-159
109900132,61,232,-171
109900133,140,448,-308
109900134,114,144,-30
109900135,498,120,378
109900136,53,208,-155
109900137,93,548,-455
109900138,74,128,-54
109900140,214,319,-105
109900142,1373,411,962
109900145,10,495,-485
109900146,582,63,519
109900148,58,139,-81
109900149,64,97,-33
109900150,6,101,-95
109900151,6,54,-48
109900152,3,40,-37
109900153,1,68,-67
109900154,59,0,59
109900155,74,26,48
109900157,75,380,-305
109900158,86,159,-73
109900159,177,73,104
109900160,135,80,55
109900161,300,133,167
109900162,245,131,114
109900163,930,455,475
109900164,71,326,-255
109900165,987,7,980
109900166,23,221,-198
109900167,192,726,-534
109900168,239,825,-586
109900169,203,213,-10
109900170,488,955,-467
109900171,225,116,109
109900172,246,383,-137
109900173,5063,2846,2217
109900174,61,188,-127
109900175,78,116,-38
109900176,146,248,-102
109900177,49,333,-284
109900178,23,231,-208
109900179,145,38,107
109900180,13,28,-15
110000001,1097,712,385
110000002,699,861,-162
110000003,1330,976,354
110000004,674,720,-46
110000005,741,2623,-1882
110000006,605,484,121
110000007,201,217,-16
110000008,23,111,-88
110000009,83,54,29
110000010,33,92,-59
110000011,59,139,-80
110000012,946,643,303
110000013,44,859,-815
110000014,794,523,271
110000015,353,920,-567
110000016,377,2085,-1708
110000017,3743,369,3374
110000018,3903,634,3269
110000019,12,162,-150
110000020,600,247,353
110000021,1649,695,954
110000022,1851,388,1463
110000023,8,217,-209
110000024,909,533,376
110000025,278,9,269
110000026,10,559,-549
110000027,2014,567,1447
110000028,1086,1113,-27
110000029,599,1159,-560
110000030,294,610,-316
110000031,359,723,-364
110000032,794,735,59
110000033,473,152,321
110000034,700,1324,-624
110000035,1643,1007,636
110000036,1806,1234,572
110000037,306,851,-545
110000038,362,1081,-719
110000039,956,4735,-3779
110000040,339,578,-239
110000041,371,1656,-1285
110000042,165,544,-379
110000043,1112,401,711
110000044,529,285,244
110000045,3082,219,2863
110000046,16,17,-1
110000047,91,52,39
110000048,22,17,5
110000049,160,17,143
110000050,16,42,-26
110000051,154,25,129
110000052,23,19,4
110000053,293,14,279
110000054,528,310,218
110000055,1381,55,1326
110000056,283,88,195
110000057,495,938,-443
110000058,1768,936,832
110000059,1135,663,472
110000060,840,1465,-625
110000061,1126,1137,-11
110000062,817,1114,-297
110000063,45,169,-124
110000064,143,157,-14
110000065,75,133,-58
110000066,101,52,49
110000067,190,486,-296
110000068,376,414,-38
110000069,272,159,113
110000071,191,182,9
110000073,7,54,-47
110000075,27,202,-175
110000076,367,713,-346
110000077,584,2772,-2188
110000078,54,96,-42
110000080,380,936,-556
110000081,120,509,-389
110000082,44,535,-491
110000083,260,827,-567
110000084,1150,949,201
110000085,3058,2173,885
110000086,2482,2406,76
110000087,4,95,-91
110000088,81,355,-274
110000089,395,200,195
110000090,453,536,-83
110000091,2108,581,1527
110000092,29,123,-94
110000093,64,6,58
110000094,687,359,328
110000095,276,913,-637
110000096,3302,2265,1037
110000097,1257,1529,-272
110000098,2569,953,1616
110000099,1176,2121,-945
110000100,819,841,-22
110000101,23,615,-592
110000102,44,43,1
110000104,644,165,479
110000105,101,330,-229
110000106,824,447,377
110000107,434,519,-85
110000108,164,65,99
110000109,346,386,-40
110000110,4376,5535,-1159
110000111,9143,3623,5520
110000112,1763,1333,430
110000113,785,2842,-2057
110000114,196,797,-601
110000115,316,427,-111
110000116,38,85,-47
110000117,259,638,-379
110000118,477,337,140
110000119,241,506,-265
110000120,502,238,264
110000121,152,579,-427
110000122,524,832,-308
110000123,635,829,-194
110000124,6,1302,-1296
110000125,1176,6,1170
110000126,378,34,344
110000127,1463,83,1380
110000128,34,1942,-1908
110000129,2,640,-638
110000130,353,257,96
110000131,153,447,-294
110000132,2,895,-893
110000133,73,709,-636
110000134,32,515,-483
110000135,235,58,177
110000136,104,472,-368
110000137,739,969,-230
110000138,947,1024,-77
110000139,902,1864,-962
110000140,1438,778,660
110000143,1017,621,396
110000144,6372,2046,4326
110000145,2151,1224,927
110000146,2793,1199,1594
110000147,624,1123,-499
110000148,522,343,179
110000151,1395,875,520
110000152,1239,529,710
110000153,123,73,50
110000154,137,59,78
110000155,2702,4583,-1881
110000156,1150,2896,-1746
110000157,2556,2494,62
110000160,470,450,20
110000161,232,558,-326
110000166,584,277,307
110000167,1003,691,312
110000168,933,486,447
110000169,838,457,381
110000170,184,155,29
110000171,883,269,614
110000172,211,1093,-882
110000173,1231,1631,-400
110000174,292,1684,-1392
110000175,706,122,584
110000176,246,401,-155
110000177,156,1175,-1019
110000178,826,1883,-1057
110000179,1781,475,1306
110000180,202,407,-205
110000181,597,746,-149
110000182,476,280,196
110000183,15413,9522,5891
110000184,919,3448,-2529
110000185,3766,1094,2672
110000186,1039,1415,-376
110000191,778,433,345
110000192,711,19,692
110000193,1193,7,1186
110000194,23,1590,-1567
110000195,490,571,-81
110000196,375,522,-147
110000197,114,281,-167
110000198,171,84,87
110000199,137,152,-15
110000200,1834,692,1142
110000201,1652,1135,517
110000202,1689,598,1091
110000203,1019,1111,-92
110000204,7,369,-362
110000205,186,72,114
110000206,961,1900,-939
110000207,986,492,494
110000208,496,290,206
110000209,182,1435,-1253
110000210,943,858,85
110000211,1849,1298,551
110000212,568,1544,-976
110000213,337,159,178
110000214,282,171,111
110000215,230,747,-517
110000216,147,697,-550
110000217,335,256,79
110000218,189,575,-386
110000219,379,97,282
110000220,100,449,-349
110000221,356,112,244
110000222,123,320,-197
110000223,3,190,-187
110000224,105,10,95
110000225,301,940,-639
110000226,306,104,202
110000227,1058,1082,-24
110000228,566,346,220
110000229,3,375,-372
110000230,1308,914,394
110000231,232,305,-73
110000232,361,292,69
110000233,312,401,-89
110000234,2000,940,1060
110000235,1331,1464,-133
110000236,800,1102,-302
110000237,4298,1876,2422
110000238,1599,1824,-225
110000239,2259,1602,657
110000240,0,101,-101
110000242,0,16,-16
110000243,110,203,-93
110000244,243,602,-359
110000245,55,546,-491
110000246,1241,883,358
110000247,1761,8264,-6503
110000248,3042,2522,520
110000249,77,7,70
110000250,127,404,-277
110000251,403,1034,-631
110000252,298,310,-12
110000253,1618,985,633
110000254,869,2146,-1277
110000255,369,1421,-1052
110000256,626,401,225
110000257,796,541,255
110000258,8,743,-735
110000259,136,26,110
110000260,41,516,-475
110000263,807,182,625
110000264,398,778,-380
110000265,1546,2507,-961
110000266,2952,3342,-390
110000267,37,380,-343
110000268,362,621,-259
110000269,11,153,-142
110000270,65,7,58
110000271,2227,379,1848
110000272,1431,1226,205
110000273,4719,2027,2692
110000274,408,1788,-1380
110000275,3599,820,2779
110000276,551,463,88
110000277,762,555,207
110000278,695,992,-297
110000279,1025,818,207
110000280,519,492,27
110000281,46,324,-278
110000282,364,51,313
110000283,102,152,-50
110000284,101,87,14
110000285,4,601,-597
110000286,46,0,46
110000287,130,6,124
110000288,47,147,-100
110000289,570,2091,-1521
110000290,1347,799,548
110000291,7852,1815,6037
110000292,1498,5089,-3591
110000293,808,943,-135
110000294,1067,1520,-453
110000295,187,1369,-1182
110000296,443,426,17
110000297,3154,465,2689
110000298,350,1009,-659
110000299,521,130,391
110000301,567,49,518
110000302,536,1567,-1031
110000303,611,21,590
110000304,173,399,-226
110000305,1352,24,1328
110000306,190,1945,-1755
110000307,1764,14,1750
110000308,840,5,835
110000309,22,1279,-1257
110000310,828,92,736
110000311,33,961,-928
110000312,621,171,450
110000313,4047,5389,-1342
110000314,4,582,-578
110000315,4362,3240,1122
110000316,640,1580,-940
110000317,1038,555,483
110000318,19,152,-133
110000319,44,42,2
110000320,182,75,107
110000321,20,77,-57
110000322,472,580,-108
110000323,866,297,569
110000324,5299,1687,3612
110000325,3327,3524,-197
110000327,960,505,455
110000328,266,557,-291
110000333,1475,870,605
110000334,1153,1884,-731
110000335,1152,801,351
110000336,1095,1386,-291
110000337,1861,815,1046
110000338,447,359,88
110000339,378,284,94
110000340,290,284,6
110000341,639,603,36
110000342,778,10,768
110000343,0,39,-39
110000344,337,223,114
110000345,481,199,282
110000346,3220,2267,953
110000347,1398,1041,357
110000348,54,37,17
110000349,12,53,-41
110000350,72,13,59
110000351,1067,1131,-64
110000352,761,2381,-1620
110000353,3231,986,2245
110000354,1852,5191,-3339
110000355,139,161,-22
110000356,979,18,961
110000357,490,21,469
110000361,27,97,-70
110000362,60,191,-131
110000363,373,167,206
110000364,372,481,-109
110000365,294,2,292
110000366,8,145,-137
110000367,866,359,507
110000368,7,93,-86
110000369,64,6,58
110000373,4,369,-365
110000374,341,18,323
110000375,167,1731,-1564
110000376,43,158,-115
110000377,87,836,-749
110000378,31,592,-561
110000379,4611,2898,1713
110000380,66,17,49
110000383,1,1324,-1323
110000384,3104,1093,2011
110000385,2,291,-289
110000387,114,14,100
110000388,49,326,-277
110000389,1021,101,920
110000391,873,377,496
110000396,164,183,-19
110000397,141,233,-92
110000398,7,53,-46
110000399,219,16,203
110000587,164,57,107
110000589,241,222,19
110000640,266,101,165
110000652,20,190,-170
110000653,349,557,-208
110000654,111,69,42
110000656,4,816,-812
110000674,43,37,6
110000675,35,19,16
110000676,15,117,-102
110000679,512,1410,-898
110000682,155,249,-94
110000683,717,892,-175
110000684,32,65,-33
110000685,30,17,13
110000686,5,52,-47
110000687,88,11,77
110000688,78,953,-875
110000689,40,73,-33
110000692,198,320,-122
110000693,446,378,68
110000694,1,206,-205
110000695,613,835,-222
110000696,136,207,-71
110900001,294,22,272
110900002,597,454,143
110900003,909,1015,-106
110900004,473,284,189
110900005,4622,2481,2141
110900006,63,13,50
110900007,183,40,143
110900008,19,56,-37
110900009,508,136,372
110900010,10,146,-136
110900011,34,160,-126
110900012,24,157,-133
110900013,1090,238,852
110900014,400,30,370
110900015,1043,698,345
110900016,59,180,-121
110900017,432,46,386
110900018,472,98,374
110900019,197,41,156
110900020,135,462,-327
110900021,115,836,-721
110900022,122,445,-323
110900023,125,791,-666
110900024,42,589,-547
110900025,64,143,-79
110900027,38,311,-273
110900028,72,198,-126
110900029,24,527,-503
110900030,72,416,-344
110900031,2,261,-259
110900032,0,135,-135
110900033,73,372,-299
110900035,45,652,-607
110900036,123,44,79
110900037,128,40,88
110900038,1556,331,1225
110900039,6,352,-346
110900040,259,65,194
110900041,13,192,-179
110900042,124,116,8
110900043,6,156,-150
110900044,356,33,323
110900045,57,616,-559
110900046,102,370,-268
110900047,818,361,457
110900049,139,104,35
110900050,41,10,31
110900051,65,278,-213
110900052,6,250,-244
110900053,159,101,58
110900054,32,358,-326
110900055,55,8,47
110900056,78,135,-57
110900057,11,265,-254
110900058,298,341,-43
110900059,714,759,-45
110900060,544,155,389
110900061,36,56,-20
110900062,182,368,-186
110900063,69,276,-207
110900064,20,0,20
110900065,456,177,279
110900066,17,142,-125
110900067,570,998,-428
110900068,293,303,-10
110900069,10,53,-43
110900070,219,44,175
110900071,382,795,-413
110900073,0,38,-38
110900074,350,151,199
110900075,453,147,306
110900077,897,710,187
110900078,46,113,-67
110900079,2489,1428,1061
110900080,146,106,40
110900081,17,121,-104
110900082,122,256,-134
110900083,174,64,110
110900084,72,168,-96
110900085,70,502,-432
110900086,66,382,-316
110900087,394,124,270
110900088,6,4,2
110900090,56,64,-8
110900091,0,76,-76
110900093,557,168,389
110900095,61,84,-23
110900097,18,38,-20
110900098,52,119,-67
110900099,72,657,-585
110900100,1,33,-32
110900102,129,38,91
110900105,1098,503,595
110900108,28,103,-75
110900111,620,302,318
110900112,905,16,889
110900113,640,58,582
110900115,17,114,-97
110900116,755,2781,-2026
110900118,162,3247,-3085
110900119,5731,553,5178
110900120,24,115,-91
110900121,146,3,143
110900122,456,205,251
110900125,394,514,-120
110900127,835,1511,-676
110900128,331,283,48
110900129,455,896,-441
110900130,1467,655,812
110900131,353,88,265
110900132,356,89,267
110900133,222,344,-122
110900135,144,578,-434
110900136,352,33,319
110900137,215,2,213
110900138,2401,500,1901
110900139,194,72,122
110900140,182,14,168
110900141,30,147,-117
110900142,90,309,-219
110900143,202,129,73
110900144,6,886,-880
110900145,232,60,172
110900146,891,182,709
110900147,190,462,-272
110900148,2,434,-432
110900149,7,146,-139
110900150,69,42,27
110900151,8,91,-83
110900152,43,387,-344
110900153,138,52,86
111000001,1072,558,514
111000002,909,901,8
111000003,1294,1032,262
111000004,778,1459,-681
111000005,1550,1562,-12
111000006,1323,2031,-708
111000007,6437,4096,2341
111000008,4156,4539,-383
111000009,402,1172,-770
111000010,1084,396,688
111000011,528,1291,-763
111000012,928,562,366
111000013,500,1412,-912
111000014,1798,870,928
111000017,174,1023,-849
111000018,288,498,-210
111000020,2243,3228,-985
111000021,133,168,-35
111000023,96,159,-63
111000025,7425,4616,2809
111000029,110,156,-46
111000030,60,135,-75
111000031,2688,1856,832
111000032,910,452,458
111000033,446,337,109
111000034,458,282,176
111000037,3096,1589,1507
111000038,4938,3797,1141
111000039,2537,3344,-807
111000040,2093,3470,-1377
111000041,2185,2414,-229
111000042,5545,3355,2190
111000043,2594,3692,-1098
111000044,1965,1338,627
111000045,2384,2871,-487
111000046,1920,2042,-122
111000047,2790,5055,-2265
111000049,635,770,-135
111000050,2256,2165,91
111000051,658,1474,-816
111000052,894,2221,-1327
111000053,557,1359,-802
111000054,473,1318,-845
111000055,1502,2571,-1069
111000056,201,826,-625
111000057,87,850,-763
111000058,398,145,253
111000059,767,419,348
111000060,4674,1055,3619
111000061,678,529,149
111000062,884,462,422
111000063,2548,1360,1188
111000064,634,911,-277
111000065,1231,1365,-134
111000066,678,559,119
111000067,740,931,-191
111000068,681,1335,-654
111000069,2340,3497,-1157
111000070,2339,1534,805
111000071,285,924,-639
111000072,1105,578,527
111000073,415,1024,-609
111000074,1882,2062,-180
111000075,1269,1087,182
111000076,661,1304,-643
111000077,2008,2264,-256
111000078,3322,1808,1514
111000079,1699,1147,552
111000080,705,1113,-408
111000081,2514,8992,-6478
111000082,749,968,-219
111000084,976,911,65
111000085,1323,1969,-646
111000086,4731,1683,3048
111000087,752,916,-164
111000088,10729,2823,7906
111000089,916,1207,-291
111000090,1243,1784,-541
111000091,1007,793,214
111000092,1390,1195,195
111000093,960,1304,-344
111000094,2589,1211,1378
111000095,837,2943,-2106
111000096,2939,9111,-6172
111000097,6502,1798,4704
111000098,973,1717,-744
111000099,751,2783,-2032
111000100,526,2394,-1868
111000101,561,1240,-679
111000102,335,1073,-738
111000104,756,297,459
111000107,162,915,-753
111000109,685,401,284
111000110,2179,1079,1100
111000111,2347,635,1712
111000112,1890,800,1090
111000113,1093,1812,-719
111000114,2301,4121,-1820
111000115,9041,1711,7330
111000116,1202,1396,-194
111000117,581,1280,-699
111000118,2165,1531,634
111000119,1238,1957,-719
111000120,588,975,-387
111000121,358,925,-567
111000122,750,1402,-652
111000123,1163,3949,-2786
111000124,708,4147,-3439
111000125,324,2289,-1965
111000126,160,1351,-1191
111000127,1078,251,827
111000128,2003,461,1542
111000129,3373,689,2684
111000130,2245,1036,1209
111000131,1710,873,837
111000132,1270,945,325
111000133,248,243,5
111000134,186,215,-29
111000135,40,195,-155
111000136,307,434,-127
111000138,19,21,-2
111000140,6,24,-18
111000141,595,510,85
111000142,12,149,-137
111000143,7,114,-107
111000144,51,236,-185
111000145,1942,39,1903
111000146,100,22,78
111000147,230,50,180
111000148,598,121,477
111000149,4,63,-59
111000150,67,21,46
111000151,4,33,-29
111000153,845,968,-123
111000154,1006,269,737
111000155,116,283,-167
111000156,483,706,-223
111000157,280,1181,-901
111000158,1316,935,381
111000159,3761,889,2872
111000160,354,447,-93
111000161,30,355,-325
111000162,65,296,-231
111000163,705,1676,-971
111000164,1161,6222,-5061
111000165,1574,912,662
111000166,2851,595,2256
111000167,197,725,-528
111000168,331,659,-328
111000169,404,821,-417
111000170,748,665,83
111000171,642,1202,-560
111000172,258,637,-379
111000173,396,1304,-908
111000174,216,629,-413
111000175,72,487,-415
111000176,635,199,436
111000177,389,359,30
111000178,1418,409,1009
111000179,216,258,-42
111000180,299,570,-271
111000181,1281,391,890
111000182,231,279,-48
111000183,657,547,110
111000184,470,364,106
111000185,546,715,-169
111000186,568,457,111
111000187,158,313,-155
111000188,279,586,-307
111000189,1543,710,833
111000190,237,580,-343
111000191,184,519,-335
111000192,226,668,-442
111000193,445,455,-10
111000194,48,429,-381
111000195,187,469,-282
111000196,71,371,-300
111000197,388,196,192
111000198,791,182,609
111000199,231,218,13
111000200,351,439,-88
111000201,714,373,341
111000202,265,333,-68
111000203,290,360,-70
111000204,477,1117,-640
111000213,240,654,-414
111000214,2038,2013,25
111000215,1302,1729,-427
111000217,1596,1398,198
111000218,1402,1394,8
111000219,495,263,232
111000220,2665,1848,817
111000221,934,134,800
111000224,5,601,-596
111000225,368,413,-45
111000226,203,5,198
111000227,47,3,44
111000228,25,459,-434
111000229,75,897,-822
111000230,307,599,-292
111000231,1083,1243,-160
111000232,759,1270,-511
111000233,769,950,-181
111000234,150,421,-271
111000239,150,294,-144
111000240,50,215,-165
111000241,38,450,-412
111000242,138,95,43
111000243,217,906,-689
111000244,517,146,371
111000245,1370,750,620
111000246,519,604,-85
111000247,267,1277,-1010
111000248,684,627,57
111000249,516,1093,-577
111000250,46,166,-120
111000251,63,199,-136
111000253,12,12,0
111000255,38,18,20
111000257,39,53,-14
111000260,80,1530,-1450
111000261,1277,134,1143
111000271,48,392,-344
111000273,7032,2155,4877
111000274,1701,3540,-1839
111000275,221,95,126
111000276,326,2745,-2419
111000277,329,520,-191
111000278,756,450,306
111000291,725,6847,-6122
111000298,692,342,350
111000299,749,174,575
111000300,180,834,-654
111000302,289,140,149
111000303,84,326,-242
111000312,45,96,-51
111000315,1,325,-324
111000320,546,992,-446
111000321,422,195,227
111000322,417,763,-346
111000323,206,53,153
111000324,430,367,63
111000325,47,92,-45
111000326,232,474,-242
111000327,489,569,-80
111000328,279,773,-494
111000329,1,49,-48
111000330,73,23,50
111000331,6,8,-2
111000332,641,1934,-1293
111000334,452,1917,-1465
111000335,953,358,595
111000337,1359,483,876
111000338,109,202,-93
111000339,626,686,-60
111000340,186,975,-789
111000341,1294,1030,264
111000342,416,674,-258
111000344,1129,963,166
111000345,396,106,290
111000346,33,139,-106
111000347,156,25,131
111000350,258,135,123
111000351,150,327,-177
111000352,183,172,11
111000353,184,362,-178
111000354,776,201,575
111000355,448,927,-479
111000358,197,1886,-1689
111000360,264,1031,-767
111000361,133,456,-323
111000546,1040,892,148
111000547,415,813,-398
111000548,148,381,-233
111000549,357,524,-167
111000550,128,1085,-957
111000551,862,273,589
111000552,2988,152,2836
111000907,1011,109,902
111000908,34,0,34
111000916,1902,418,1484
111000917,55,596,-541
111000918,217,1331,-1114
111000920,577,43,534
111000921,16,358,-342
111000922,558,518,40
111000924,43,1119,-1076
111000925,2346,2858,-512
111000926,1107,2448,-1341
111000927,3291,5825,-2534
111000928,5615,4751,864
111000929,1879,1585,294
111000930,1149,3165,-2016
111000931,2261,2952,-691
111000932,5080,3154,1926
111000933,4421,2799,1622
111000934,2759,4191,-1432
111000935,1755,1508,247
111000936,1395,2884,-1489
111000937,1096,2012,-916
111000938,2130,2675,-545
111000939,444,69,375
111000940,428,246,182
111000941,443,744,-301
111000943,409,413,-4
111000944,188,623,-435
111000945,127,2344,-2217
111001109,736,406,330
111001110,332,750,-418
111001111,84,13,71
111001112,249,5,244
111001113,4,220,-216
111001114,1789,133,1656
111001115,72,491,-419
111001116,7034,5197,1837
111001117,718,3079,-2361
111001120,120,476,-356
111001121,209,387,-178
111001122,216,730,-514
111001123,260,112,148
111001124,83,254,-171
111900001,21,194,-173
111900002,20,1124,-1104
111900003,4,666,-662
111900004,80,263,-183
111900006,13,62,-49
111900007,83,8,75
111900008,205,4,201
111900009,218,310,-92
111900010,435,801,-366
111900012,504,204,300
111900013,22,142,-120
111900014,7391,3663,3728
111900015,1,107,-106
111900016,1,178,-177
111900017,0,206,-206
111900018,229,7,222
111900019,3,152,-149
111900020,5,117,-112
111900021,50,182,-132
111900022,40,120,-80
111900023,172,131,41
111900024,8,117,-109
111900025,0,72,-72
111900026,2,130,-128
111900027,11,225,-214
111900028,2,508,-506
111900029,5,154,-149
111900030,66,541,-475
111900031,30,95,-65
111900032,2,451,-449
111900033,10,176,-166
111900034,397,760,-363
111900035,107,352,-245
111900036,0,359,-359
111900038,491,775,-284
111900039,89,599,-510
111900040,4,685,-681
111900042,53,198,-145
111900043,5,495,-490
111900044,407,348,59
111900046,83,263,-180
111900048,117,668,-551
111900049,56,349,-293
111900050,154,39,115
111900051,3,209,-206
111900052,537,790,-253
111900053,1412,1265,147
111900054,177,5,172
111900055,29,392,-363
111900056,312,340,-28
111900057,123,49,74
111900058,383,958,-575
111900059,2946,594,2352
111900060,478,5,473
111900061,11,179,-168
111900062,16,93,-77
111900063,448,257,191
111900064,94,193,-99
111900065,180,36,144
111900066,120,235,-115
111900067,2,380,-378
111900068,43,54,-11
111900069,77,36,41
111900070,140,167,-27
111900071,3,312,-309
111900072,34,28,6
111900073,838,152,686
111900074,21,252,-231
111900075,51,18,33
111900076,150,49,101
111900077,57,4,53
111900078,280,19,261
111900079,69,28,41
111900080,364,292,72
111900081,370,108,262
111900082,91,28,63
111900083,116,13,103
111900084,158,25,133
111900085,70,108,-38
111900086,47,7,40
111900087,53,0,53
111900088,428,11,417
111900089,84,7,77
111900090,88,71,17
111900091,160,6,154
111900092,110,1,109
111900093,385,13,372
111900094,95,2,93
111900095,230,44,186
111900096,104,1,103
111900097,53,0,53
111900098,228,4,224
111900099,98,0,98
111900100,216,4,212
111900101,131,40,91
111900102,560,1017,-457
111900103,96,91,5
111900104,294,93,201
111900105,510,246,264
111900106,1906,99,1807
111900107,68,63,5
111900108,88,83,5
111900109,360,233,127
111900110,2944,461,2483
111900111,145,234,-89
111900112,1055,2753,-1698
111900113,384,97,287
111900114,110,109,1
111900115,8,28,-20
111900118,335,102,233
111900119,353,169,184
111900122,147,65,82
111900123,14,28,-14
111900124,34,149,-115
111900125,553,40,513
111900126,326,5,321
111900127,5,975,-970
111900128,5,660,-655
111900129,466,198,268
111900130,342,31,311
111900131,471,3,468
111900132,56,1621,-1565
111900133,14,698,-684
111900134,29,315,-286
111900135,8,39,-31
111900136,134,138,-4
111900137,92,109,-17
111900138,29,154,-125
111900139,16,199,-183
111900140,76,20,56
111900141,47,16,31
111900142,73,47,26
111900143,68,355,-287
111900144,1,140,-139
111900145,7,699,-692
111900146,9,366,-357
111900147,194,638,-444
111900148,39,848,-809
111900149,7,394,-387
111900150,13,240,-227
111900151,7,24,-17
111900152,116,85,31
111900153,1801,391,1410
111900154,20,294,-274
111900155,61,124,-63
111900156,34,87,-53
111900157,98,24,74
111900158,583,84,499
111900159,286,15,271
111900160,277,1,276
111900161,193,5,188
111900162,85,215,-130
111900163,76,264,-188
111900164,101,92,9
111901113,487,253,234
111901114,332,409,-77
111901115,111,2,109
111901116,97,3,94
111901117,31,40,-9
111901118,115,369,-254
111901119,1459,111,1348
111901120,77,141,-64
111901121,265,345,-80
111901122,8,772,-764
111901123,177,528,-351
111901124,154,4,150
111901125,325,273,52
111901126,78,31,47
111901127,956,477,479
111901128,15,124,-109
111901129,11,190,-179
111901130,7,281,-274
111901131,6,320,-314
111901132,132,20,112
111901133,41,4,37
111901134,97,4,93
111901135,27,17,10
111901136,55,53,2
111901137,0,28,-28
111901138,225,52,173
111901139,33,65,-32
111901140,18,183,-165
111901141,7,329,-322
111901142,16,152,-136
111901143,3,109,-106
111901144,46,57,-11
111901145,216,331,-115
111901146,709,37,672
112000001,2151,1147,1004
112000002,926,3249,-2323
112000003,1411,1287,124
112000004,810,1691,-881
112000005,3347,4095,-748
112000006,2603,2755,-152
112000007,3159,2395,764
112000008,3133,4509,-1376
112000009,4594,4679,-85
112000010,3678,4032,-354
112000011,2801,2764,37
112000012,9205,4404,4801
112000013,8277,4720,3557
112000014,5144,1614,3530
112000015,4857,4558,299
112000016,12382,1833,10549
112000017,5178,3259,1919
112000024,3032,1336,1696
112000026,5160,6212,-1052
112000027,1198,685,513
112000028,2241,2109,132
112000029,557,1087,-530
112000030,271,161,110
112000031,2577,6343,-3766
112000032,668,114,554
112000033,3991,2009,1982
112000034,468,101,367
112000035,190,578,-388
112000036,1703,1366,337
112000037,3020,1083,1937
112000038,2325,1401,924
112000039,84,138,-54
112000040,140,311,-171
112000041,815,653,162
112000042,1568,499,1069
112000050,1386,2589,-1203
112000051,1254,1639,-385
112000054,2179,2884,-705
112000057,837,597,240
112000058,593,1070,-477
112000059,803,1359,-556
112000061,4588,2700,1888
112000062,2157,1191,966
112000063,1733,2187,-454
112000064,4933,7084,-2151
112000065,2518,3138,-620
112000066,4206,1946,2260
112000067,930,922,8
112000068,4066,2598,1468
112000069,1385,2632,-1247
112000070,3583,1146,2437
112000071,1338,3266,-1928
112000072,2816,1260,1556
112000073,2338,2759,-421
112000074,1916,1451,465
112000075,1850,1615,235
112000076,4651,3737,914
112000077,614,846,-232
112000078,1903,1069,834
112000079,1840,1857,-17
112000080,1031,1404,-373
112000081,1952,3097,-1145
112000082,1720,1194,526
112000083,750,1667,-917
112000084,1471,1095,376
112000085,1747,1562,185
112000086,2519,2016,503
112000087,462,533,-71
112000088,692,964,-272
112000089,647,529,118
112000090,526,423,103
112000091,765,1479,-714
112000092,1955,1528,427
112000093,1828,1220,608
112000094,630,1300,-670
112000095,780,1189,-409
112000096,591,916,-325
112000097,1698,897,801
112000098,1296,1797,-501
112000099,818,1874,-1056
112000100,2022,1278,744
112000101,660,1416,-756
112000102,1340,752,588
112000103,417,1569,-1152
112000105,824,2220,-1396
112000106,1848,524,1324
112000107,59,479,-420
112000108,556,2374,-1818
112000109,227,101,126
112000110,2416,813,1603
112000111,2474,5922,-3448
112000112,9432,971,8461
112000113,1690,3117,-1427
112000114,6482,1448,5034
112000115,414,683,-269
112000116,1018,1663,-645
112000117,1554,1197,357
112000118,1441,1230,211
112000119,622,1107,-485
112000120,80,532,-452
112000121,117,805,-688
112000122,256,260,-4
112000123,660,255,405
112000124,362,112,250
112000125,205,277,-72
112000126,244,779,-535
112000127,4036,2744,1292
112000128,1812,1005,807
112000129,103,158,-55
112000130,203,84,119
112000131,74,483,-409
112000132,153,356,-203
112000133,515,468,47
112000134,680,550,130
112000135,2776,1125,1651
112000136,2874,2576,298
112000137,5761,4876,885
112000138,6830,2569,4261
112000139,1227,642,585
112000140,1446,1395,51
112000141,1034,382,652
112000142,331,946,-615
112000143,1255,373,882
112000144,407,1822,-1415
112000145,2475,924,1551
112000146,794,2691,-1897
112000147,3069,2386,683
112000148,2450,3242,-792
112000149,508,1037,-529
112000150,251,1085,-834
112000151,381,752,-371
112000152,362,664,-302
112000153,247,417,-170
112000154,100,494,-394
112000155,150,139,11
112000157,1387,880,507
112000158,361,873,-512
112000159,660,567,93
112000167,500,118,382
112000169,546,584,-38
112000173,784,314,470
112000175,999,622,377
112000176,4519,2933,1586
112000177,713,216,497
112000178,172,665,-493
112000179,310,175,135
112000180,280,449,-169
112000181,1768,2655,-887
112000182,1227,2930,-1703
112000183,45,80,-35
112000184,407,741,-334
112000185,613,788,-175
112000187,4825,3118,1707
112000195,218,19,199
112000196,346,4,342
112000197,221,157,64
112000198,45,411,-366
112000199,1522,1389,133
112000202,422,1,421
112000216,77,311,-234
112000230,161,11,150
112000231,2,310,-308
112000256,60,346,-286
112000313,157,231,-74
112000314,95,34,61
112000337,441,756,-315
112000352,714,464,250
112000392,1845,1963,-118
112000398,1508,1196,312
112000399,3951,3095,856
112000400,2498,4720,-2222
112000401,3790,3786,4
112000402,3789,3400,389
112000403,3973,3939,34
112000404,789,1063,-274
112000405,2157,3871,-1714
112000406,4517,3522,995
112000407,7172,10610,-3438
112000408,10472,8973,1499
112000409,2092,6587,-4495
112000410,699,332,367
112000411,6026,2886,3140
112000412,1809,752,1057
112000413,12369,6388,5981
112000414,105,150,-45
112000415,262,54,208
112000416,2738,2051,687
112000417,341,93,248
112000421,54,159,-105
112000422,505,697,-192
112000424,3629,3755,-126
112000425,639,1219,-580
112000426,160,504,-344
112000427,5,16,-11
112000428,283,502,-219
112000429,3219,4046,-827
112000430,3366,3862,-496
112000431,80,223,-143
112000432,736,1903,-1167
112000433,747,1389,-642
112000437,51,282,-231
112900001,72,4,68
112900002,347,1401,-1054
112900003,57,505,-448
112900004,65,381,-316
112900005,222,331,-109
112900006,22,534,-512
112900007,59,350,-291
112900008,1,48,-47
112900009,455,185,270
112900010,417,1040,-623
112900011,255,415,-160
112900012,1,57,-56
112900013,27,267,-240
112900014,2,454,-452
112900015,539,1067,-528
112900016,1,390,-389
112900017,66,320,-254
112900018,2,458,-456
112900019,95,284,-189
112900020,535,1606,-1071
112900021,4,385,-381
112900022,12,135,-123
112900023,2,302,-300
112900024,35,392,-357
112900025,163,393,-230
112900026,7,345,-338
112900027,12,1594,-1582
112900028,43,184,-141
112900029,20,848,-828
112900030,304,300,4
112900031,9,707,-698
112900032,276,417,-141
112900034,1,76,-75
112900035,17,611,-594
112900036,119,223,-104
112900037,234,222,12
112900038,726,234,492
112900039,43,470,-427
112900040,13,657,-644
112900041,1496,1642,-146
112900042,99,521,-422
112900043,310,59,251
112900044,790,663,127
112900045,555,485,70
112900046,287,102,185
112900047,16,38,-22
112900049,265,149,116
112900050,66,778,-712
112900051,399,835,-436
112900052,10,1213,-1203
112900053,454,167,287
112900054,338,51,287
112900055,253,55,198
112900056,557,320,237
112900057,29,809,-780
112900058,313,475,-162
112900059,173,215,-42
112900060,24,367,-343
112900061,106,191,-85
112900062,94,276,-182
112900063,212,27,185
112900064,302,271,31
112900065,49,40,9
112900066,298,222,76
112900067,697,281,416
112900068,61,52,9
112900069,3029,1556,1473
112900071,42,1,41
112900072,392,3194,-2802
112900073,826,125,701
112900074,184,250,-66
112900075,2302,1330,972
112900076,179,38,141
112900078,428,828,-400
112900079,317,38,279
112900080,58,3,55
112900081,65,341,-276
112900082,586,34,552
112900083,116,93,23
112900084,264,120,144
112900085,1,6,-5
112900086,77,0,77
112900087,935,238,697
112900088,170,35,135
112900089,991,36,955
112900090,65,29,36
112900091,275,8,267
112900092,329,319,10
112900093,2299,28,2271
112900094,222,6,216
112900095,66,2,64
112900096,550,283,267
112900097,131,543,-412
112900098,258,1,257
112900099,932,21,911
112900100,84,2,82
112900101,312,3,309
112900102,972,17,955
112900103,283,7,276
112900104,709,8,701
112900105,23,1,22
112900106,592,207,385
112900107,6,6,0
112900108,130,0,130
112900109,108,1,107
112900110,1007,16,991
112900111,916,4,912
112900112,305,0,305
112900113,0,29,-29
112900114,117,144,-27
112900115,1180,2,1178
112900116,127,24,103
112900117,131,120,11
112900118,41,123,-82
112900119,235,5,230
112900120,1066,371,695
112900121,298,300,-2
112900122,24,216,-192
112900123,225,22,203
112900124,28,148,-120
112900125,111,612,-501
112900126,259,285,-26
112900127,498,170,328
112900128,499,1013,-514
112900129,4,1198,-1194
112900130,340,140,200
112900131,85,298,-213
112900132,168,602,-434
112900133,49,1756,-1707
112900134,1,417,-416
112900135,191,75,116
112900136,0,23,-23
112900137,4,832,-828
112900138,10,454,-444
112900139,408,1547,-1139
112900140,0,79,-79
112900141,892,48,844
112900142,114,202,-88
112900143,74,819,-745
112900144,4,333,-329
112900145,51,640,-589
112900146,15,1636,-1621
112900147,6,2734,-2728
112900148,55,1,54
112900149,311,791,-480
112900151,25,93,-68
112900152,5770,1329,4441
112900153,3047,2694,353
112900154,0,182,-182
112900155,209,68,141
112900156,433,1903,-1470
112900157,314,3,311
112900158,55,21,34
112900159,314,123,191
112900160,87,382,-295
112900161,139,45,94
112900162,37,27,10
112900163,133,49,84
112900164,51,302,-251
112900165,320,68,252
112900166,31,75,-44
112900167,8,96,-88
112900168,6,3,3
112900169,20,16,4
112900170,115,159,-44
112900172,59,20,39
112900173,302,188,114
112900174,434,52,382
112900175,296,252,44
112900176,14,56,-42
112900177,325,86,239
112900178,1027,4796,-3769
112900179,50,685,-635
112900180,3439,2464,975
112900181,665,15,650
112900182,70,1745,-1675
112900183,227,422,-195
112900184,468,591,-123
112900185,596,819,-223
112900186,2258,1353,905
112900187,143,781,-638
112900188,1075,773,302
112900189,35,57,-22
112900190,46,62,-16
112900192,811,826,-15
112900193,1793,548,1245
112900194,128,157,-29
112900195,1309,68,1241
112900196,248,567,-319
112900197,277,481,-204
112900199,711,841,-130
112900200,688,425,263
112900201,85,131,-46
112900202,412,1398,-986
112900203,249,440,-191
112900204,1310,726,584
112900205,6,45,-39
112900206,25,73,-48
112900207,28,1,27
112900208,109,370,-261
112900209,566,499,67
112900210,0,35,-35
112900211,161,193,-32
112900212,1,145,-144
112900213,37,27,10
112900214,40,3,37
112900215,18,245,-227
112900216,41,117,-76
112900217,2,67,-65
112900218,71,74,-3
112900219,94,0,94
112900220,8,0,8
112900221,41,243,-202
112900222,0,57,-57
112900223,1451,27,1424
112900224,349,786,-437
112900225,455,600,-145
112900226,312,477,-165
112900227,634,1915,-1281
112900228,59,51,8
112900229,196,96,100
112900230,9921,6099,3822
112900232,300,342,-42
112900233,98,240,-142
112900234,23,166,-143
112900235,143,32,111
112900236,249,26,223
112900237,233,331,-98
112900238,8,52,-44
112900239,1178,436,742
113000001,6696,8954,-2258
113000002,4488,5237,-749
113000003,2398,3730,-1332
113000004,2584,3675,-1091
113000005,1891,1628,263
113000006,1512,2245,-733
113000007,2658,1929,729
113000008,2584,2591,-7
113000009,1330,1350,-20
113000010,1570,2182,-612
113000011,1067,2256,-1189
113000012,2082,1401,681
113000013,2275,943,1332
113000014,2164,2090,74
113000015,1047,434,613
113000016,833,1002,-169
113000017,186,461,-275
113000018,753,81,672
113000019,325,365,-40
113000020,515,45,470
113000021,2320,846,1474
113000022,740,1468,-728
113000025,334,818,-484
113000026,650,699,-49
113000027,1431,664,767
113000028,2086,719,1367
113000029,1107,833,274
113000030,477,954,-477
113000031,395,496,-101
113000032,365,420,-55
113000033,443,616,-173
113000034,482,541,-59
113000035,86,60,26
113000036,25,79,-54
113000037,112,67,45
113000038,16,97,-81
113000039,109,822,-713
113000040,60,122,-62
113000042,1217,881,336
113000051,1065,3337,-2272
113000052,2701,1684,1017
113000053,470,777,-307
113000054,437,1305,-868
113000055,1390,952,438
113000056,1055,1502,-447
113000058,1075,1118,-43
113000059,1460,925,535
113000060,285,750,-465
113000061,930,1499,-569
113000062,1680,380,1300
113000063,178,260,-82
113000064,59,548,-489
113000065,150,1332,-1182
113000066,849,181,668
113000067,2123,2131,-8
113000068,504,2248,-1744
113000069,643,1738,-1095
113000070,2621,1505,1116
113000071,542,926,-384
113000072,824,694,130
113000073,579,2238,-1659
113000074,1401,631,770
113000075,2376,1042,1334
113000076,1174,2602,-1428
113000077,1765,754,1011
113000078,1134,3638,-2504
113000079,1766,1156,610
113000080,1203,874,329
113000081,1441,1249,192
113000082,2432,1328,1104
113000083,831,1213,-382
113000084,2215,1885,330
113000085,1256,1195,61
113000086,1671,1832,-161
113000087,1190,1253,-63
113000088,3543,1839,1704
113000089,1368,2308,-940
113000090,348,849,-501
113000091,829,510,319
113000094,1841,304,1537
113000095,317,1182,-865
113000096,213,956,-743
113000097,1580,520,1060
113000098,205,45,160
113000099,1426,491,935
113000100,159,514,-355
113000101,525,766,-241
113000102,832,452,380
113000103,3300,806,2494
113000104,560,3229,-2669
113000105,1026,538,488
113000106,464,800,-336
113000107,893,1025,-132
113000108,1086,1991,-905
113000109,832,4777,-3945
113000110,2095,718,1377
113000111,194,948,-754
113000112,438,440,-2
113000113,2458,514,1944
113000114,430,2449,-2019
113000116,1301,414,887
113000117,1420,205,1215
113000118,269,1170,-901
113000119,649,544,105
113000120,135,453,-318
113000121,1425,1438,-13
113000124,356,192,164
113000125,107,908,-801
113000127,3767,597,3170
113000128,765,912,-147
113000129,704,1529,-825
113000133,4000,2558,1442
113000134,13,1642,-1629
113000135,4445,6471,-2026
113000137,2740,4132,-1392
113000139,695,287,408
113000140,276,379,-103
113000141,746,323,423
113000142,1560,1915,-355
113000143,365,262,103
113000144,425,1023,-598
113000145,95,177,-82
113000146,189,115,74
113000147,261,190,71
113000148,214,154,60
113000149,114,193,-79
113000150,775,614,161
113000151,162,127,35
113000152,48,171,-123
113000153,2150,890,1260
113000154,1014,2266,-1252
113000155,462,842,-380
113000156,202,605,-403
113000157,372,1406,-1034
113000158,808,430,378
113000159,1207,1021,186
113000160,802,1772,-970
113000161,362,760,-398
113000162,1023,630,393
113000163,208,81,127
113000164,65,133,-68
113000166,208,135,73
113000167,42,175,-133
113000168,114,185,-71
113000169,187,99,88
113000170,192,156,36
113000171,83,113,-30
113000172,288,134,154
113000173,62,54,8
113000174,132,677,-545
113000175,484,254,230
113000176,538,245,293
113000177,208,575,-367
113000178,210,514,-304
113000179,433,311,122
113000180,1255,1957,-702
113000181,1494,1416,78
113000182,343,737,-394
113000183,274,774,-500
113000184,19,167,-148
113000189,619,1403,-784
113000190,1710,834,876
113000192,2593,2186,407
113000193,6429,1404,5025
113000194,2978,1426,1552
113000195,3545,1032,2513
113000196,300,103,197
113000197,3130,1594,1536
113000198,112,475,-363
113000199,2981,571,2410
113000201,2009,364,1645
113000202,6070,5089,981
113000203,541,356,185
113000204,2463,2376,87
113000205,50,46,4
113000206,9,58,-49
113000207,66,31,35
113000208,52,97,-45
113000209,43,58,-15
113000210,12,53,-41
113000211,326,281,45
113000212,222,60,162
113000213,39,275,-236
113000214,201,414,-213
113000234,228,1396,-1168
113000410,1002,373,629
113000411,4734,6170,-1436
113000412,10945,3415,7530
113000413,4620,4206,414
113000414,10926,22766,-11840
113000415,3689,4939,-1250
113000416,12308,6424,5884
113000417,4019,5012,-993
113000418,6413,4389,2024
113000419,2398,2824,-426
113000420,5316,7981,-2665
113000421,5606,9120,-3514
113000422,18585,14710,3875
113000423,3326,6753,-3427
113000424,4919,11906,-6987
113000425,10,181,-171
113000428,335,118,217
113000430,40,440,-400
113000432,3100,251,2849
113000433,197,1074,-877
113000434,24,277,-253
113000435,51,965,-914
113000436,71,1620,-1549
113000437,1003,45,958
113000438,258,18,240
113000439,30,218,-188
113000440,150,53,97
113000441,228,336,-108
113000442,187,343,-156
113000443,256,380,-124
113000444,221,381,-160
113000445,171,199,-28
113000446,55,136,-81
113000448,196,256,-60
113000449,398,2079,-1681
113000450,1038,7401,-6363
113000451,1601,265,1336
113000452,677,1146,-469
113000453,65,372,-307
113000454,3538,100,3438
113000455,19,266,-247
113000456,5393,3769,1624
113000468,2753,540,2213
113000469,454,277,177
113000470,579,63,516
113000471,19,608,-589
113000472,130,552,-422
113000474,584,954,-370
113000475,2011,2508,-497
113000476,1655,2467,-812
113000477,3459,2785,674
113000478,5483,7702,-2219
113000479,170,354,-184
113000480,126,126,0
113000483,0,0,0
113000485,2,0,2
113000486,15,0,15
113000487,0,0,0
113000488,4,0,4
113000489,0,2,-2
113000490,0,11,-11
113000491,9,12,-3
113000492,5,8,-3
113000493,1,0,1
113000495,221,238,-17
113000496,182,146,36
113000499,0,0,0
113000500,0,2,-2
113900001,6,448,-442
113900002,1,278,-277
113900003,2,231,-229
113900004,2,122,-120
113900005,2,145,-143
113900006,12,54,-42
113900007,608,59,549
113900008,347,1,346
113900009,863,1,862
113900010,779,5,774
113900011,130,9,121
113900012,85,6,79
113900013,2608,38,2570
113900014,813,2,811
113900015,2,92,-90
113900016,51,0,51
113900017,0,80,-80
113900018,671,293,378
113900019,207,123,84
113900020,185,1,184
113900022,30,0,30
113900023,60,0,60
113900024,75,80,-5
113900025,406,36,370
113900026,52,3,49
113900027,11,95,-84
113900028,22,584,-562
113900029,72,330,-258
113900030,243,1,242
113900031,9,0,9
113900032,24,0,24
113900033,117,98,19
113900035,55,2,53
113900036,31,119,-88
113900037,169,602,-433
113900038,70,178,-108
113900039,202,21,181
113900040,14,11,3
113900041,16,13,3
113900042,104,43,61
113900043,291,215,76
113900044,424,309,115
113900045,114,0,114
113900046,395,753,-358
113900047,60,124,-64
113900048,337,111,226
113900049,975,497,478
113900050,313,573,-260
113900051,371,608,-237
113900052,205,226,-21
113900053,858,635,223
113900054,34,2,32
113900055,90,589,-499
113900056,95,196,-101
113900057,28,361,-333
113900058,114,281,-167
113900059,244,484,-240
113900060,211,318,-107
113900061,1616,315,1301
113900062,93,27,66
113900063,138,177,-39
113900064,57,203,-146
113900065,676,26,650
113900066,387,576,-189
113900067,318,435,-117
113900068,650,594,56
113900069,114,49,65
113900070,230,625,-395
113900071,102,109,-7
113900072,94,254,-160
113900073,367,596,-229
113900074,311,531,-220
113900075,1544,1734,-190
113900076,307,20,287
113900077,98,291,-193
113900078,55,84,-29
113900079,0,82,-82
113900080,505,256,249
113900081,104,331,-227
113900082,182,331,-149
113900083,281,656,-375
113900084,312,155,157
113900085,56,359,-303
113900086,27,28,-1
113900087,113,241,-128
113900088,72,114,-42
113900089,483,51,432
113900090,859,448,411
113900091,19,32,-13
113900092,66,112,-46
113900093,156,1043,-887
113900094,498,557,-59
113900095,163,201,-38
113900096,337,85,252
113900097,78,162,-84
113900098,678,116,562
113900099,1,81,-80
113900100,0,4,-4
113900101,37,99,-62
113900102,215,180,35
113900103,407,344,63
113900104,169,288,-119
113900105,133,490,-357
113900106,1,124,-123
113900107,2,46,-44
113900108,383,308,75
113900109,531,215,316
113900110,72,15,57
113900111,210,141,69
113900112,159,138,21
113900113,1274,622,652
113900114,8,159,-151
113900115,2,166,-164
113900116,157,186,-29
113900117,287,33,254
113900118,270,503,-233
113900119,300,504,-204
113900120,79,43,36
113900121,61,127,-66
113900122,427,2209,-1782
113900123,592,260,332
113900124,4,126,-122
113900125,1518,190,1328
113900126,191,100,91
113900127,363,744,-381
113900128,136,74,62
113900129,15,197,-182
113900130,11,62,-51
113900131,279,186,93
113900132,139,83,56
113900133,21,54,-33
113900135,358,572,-214
113900136,161,175,-14
113900137,451,367,84
113900138,77,255,-178
113900139,602,191,411
113900140,511,451,60
113900141,544,546,-2
113900142,173,144,29
113900143,19,47,-28
113900144,637,262,375
113900145,412,222,190
113900146,188,66,122
113900148,202,423,-221
113900149,212,166,46
113900150,1127,856,271
113900151,527,327,200
113900152,59,61,-2
113900153,596,783,-187
113900154,1,142,-141
113900155,295,225,70
113900156,266,629,-363
113900157,62,368,-306
113900158,1088,533,555
113900159,30,325,-295
113900160,795,920,-125
113900161,105,257,-152
113900162,1239,1109,130
113900163,406,375,31
113900164,372,56,316
113900165,1059,669,390
113900166,387,239,148
113900167,285,54,231
113900168,194,176,18
113900169,385,501,-116
113900171,321,83,238
113900172,12,311,-299
113900173,69,767,-698
113900174,590,821,-231
113900175,435,147,288
113900176,420,784,-364
113900177,533,264,269
113900178,592,155,437
113900179,22,654,-632
113900180,226,142,84
113900181,800,155,645
113900182,902,1295,-393
113900183,94,95,-1
113900184,22,776,-754
113900185,236,113,123
113900186,41,79,-38
113900187,43,180,-137
113900188,62,256,-194
113900189,359,183,176
113900190,334,156,178
113900191,162,393,-231
113900192,14,757,-743
113900193,42,333,-291
113900194,2562,1540,1022
113900195,388,566,-178
113900196,19,198,-179
113900197,0,248,-248
113900198,62,240,-178
113900199,259,957,-698
113900200,40,400,-360
113900201,3,249,-246
113900202,60,428,-368
113900203,0,166,-166
113900204,77,696,-619
113900205,16,285,-269
113900206,13,205,-192
113900207,1,103,-102
113900208,1,92,-91
113900209,0,128,-128
113900210,888,1055,-167
113900211,371,128,243
113900212,243,713,-470
113900214,626,561,65
113900215,81,185,-104
113900216,111,1514,-1403
113900217,84,301,-217
113900218,161,64,97
113900219,127,538,-411
113900220,248,213,35
113900221,505,292,213
113900222,429,821,-392
113900223,155,1316,-1161
113900224,117,90,27
113900225,862,355,507
113900226,475,167,308
113900227,444,284,160
113900228,469,613,-144
113900229,76,1074,-998
113900230,6114,3790,2324
113900231,223,259,-36
113900232,133,157,-24
113900233,135,112,23
113900234,405,609,-204
113900235,126,41,85
113900236,188,510,-322
113900237,212,14,198
113900238,314,665,-351
113900239,87,118,-31
113900240,8,215,-207
113900241,124,62,62
113900242,54,177,-123
113900243,182,624,-442
113900244,531,341,190
113900245,1622,351,1271
113900246,23,52,-29
113900247,268,554,-286
113900248,4018,2388,1630
113900249,1535,644,891
113900250,84,173,-89
113900251,692,288,404
113900252,621,29,592
113900253,919,103,816
113900254,1012,230,782
113900255,444,43,401
113900256,398,49,349
113900257,40,795,-755
113900258,18,564,-546
113900259,634,242,392
113900260,201,12,189
113900261,59,165,-106
113900262,215,822,-607
113900263,243,828,-585
113900264,6,660,-654
113900265,215,418,-203
113900266,29,277,-248
113900267,165,643,-478
113900268,429,524,-95
113900269,128,203,-75
113900270,357,793,-436
113900271,825,1654,-829
113900273,139,17,122
113900274,117,45,72
113900275,40,72,-32
113900276,2,266,-264
113900277,200,7,193
113900278,408,273,135
113900279,158,142,16
113900280,1678,623,1055
113900281,841,1912,-1071
113900282,1114,800,314
113900283,584,609,-25
113900284,1199,286,913
113900285,176,61,115
113900286,49,161,-112
113900287,63,134,-71
113900288,6,255,-249
113900289,1646,140,1506
113900290,405,219,186
113900291,196,271,-75
113900292,33,6,27
113900293,19,340,-321
113900294,508,39,469
113900295,629,529,100
113900296,2776,547,2229
113900297,2649,52,2597
113900298,28,2017,-1989
113900299,91,253,-162
113900300,6899,4218,2681
113900301,1138,560,578
113900302,3147,1301,1846
113900303,789,609,180
113900304,3,210,-207
113900305,119,0,119
113900306,42,0,42
113900307,209,0,209
113900308,144,184,-40
113900309,4,1386,-1382
113900310,0,19,-19
113900311,8,0,8
113900312,259,223,36
113900313,25,18,7
114000001,1375,4542,-3167
114000002,328,609,-281
114000003,53,426,-373
114000004,444,579,-135
114000005,339,405,-66
114000006,3881,3551,330
114000007,1008,2027,-1019
114000008,2018,2245,-227
114000009,921,308,613
114000011,3117,4264,-1147
114000012,2653,3082,-429
114000013,1822,2688,-866
114000014,532,463,69
114000015,2438,677,1761
114000016,283,436,-153
114000017,137,423,-286
114000018,378,72,306
114000026,1815,1893,-78
114000027,3539,2695,844
114000028,2993,3289,-296
114000038,323,251,72
114000039,150,76,74
114000040,138,294,-156
114000042,133,255,-122
114000043,49,184,-135
114000044,214,63,151
114000045,68,107,-39
114000046,4878,7055,-2177
114000047,34,138,-104
114000048,114,33,81
114000049,2199,2395,-196
114000050,2323,3910,-1587
114000051,4169,2625,1544
114000052,6249,1951,4298
114000053,129,851,-722
114000054,270,1476,-1206
114000055,605,42,563
114000056,1406,1081,325
114000057,9966,3011,6955
114000058,806,1869,-1063
114000059,455,412,43
114000060,946,1244,-298
114000061,4761,3218,1543
114000062,3134,1811,1323
114000063,3544,2406,1138
114000064,8376,4856,3520
114000065,2255,3538,-1283
114000066,497,786,-289
114000067,41,841,-800
114000068,617,1016,-399
114000069,1438,977,461
114000070,2714,2127,587
114000071,904,874,30
114000072,602,505,97
114000073,29,128,-99
114000074,54,29,25
114000075,55,195,-140
114000076,22,186,-164
114000077,13,79,-66
114000078,413,1185,-772
114000079,205,50,155
114000080,97,104,-7
114000081,86,104,-18
114000082,47,618,-571
114000083,80,395,-315
114000084,374,99,275
114000085,149,1025,-876
114000086,293,682,-389
114000087,169,277,-108
114000088,94,69,25
114000089,1752,625,1127
114000090,1015,1181,-166
114000091,1896,1271,625
114000092,1366,1016,350
114000093,1600,1573,27
114000094,598,532,66
114000095,538,150,388
114000096,219,518,-299
114000097,184,940,-756
114000098,575,120,455
114000099,591,934,-343
114000100,1587,1233,354
114000101,468,1107,-639
114000102,605,460,145
114000103,156,509,-353
114000104,73,390,-317
114000105,211,182,29
114000106,1417,1282,135
114000107,418,227,191
114000108,2575,1535,1040
114000109,582,1410,-828
114000110,761,2122,-1361
114000111,1786,1186,600
114000112,644,2199,-1555
114000113,1359,667,692
114000114,1745,1792,-47
114000115,2573,1342,1231
114000116,966,825,141
114000117,3154,704,2450
114000118,2391,770,1621
114000119,1927,620,1307
114000120,706,1337,-631
114000121,533,1052,-519
114000122,479,487,-8
114000123,2161,631,1530
114000124,1332,538,794
114000125,1267,1944,-677
114000126,5369,318,5051
114000127,286,297,-11
114000128,1017,631,386
114000130,710,896,-186
114000131,365,287,78
114000132,765,939,-174
114000133,1170,2086,-916
114000134,113,266,-153
114000138,81,335,-254
114000139,562,256,306
114000144,933,697,236
114000145,152,296,-144
114000146,147,359,-212
114000147,1713,2011,-298
114000148,2498,2523,-25
114000149,521,395,126
114000150,797,977,-180
114000151,1149,1598,-449
114000152,203,55,148
114000153,951,2548,-1597
114000154,985,1215,-230
114000155,2383,3504,-1121
114000156,1355,755,600
114000157,376,1362,-986
114000158,2403,1065,1338
114000159,196,663,-467
114000160,187,452,-265
114000161,1786,3245,-1459
114000162,1256,2762,-1506
114000163,28,207,-179
114000165,638,264,374
114000166,1092,553,539
114000167,4975,2013,2962
114000168,935,913,22
114000169,2132,1491,641
114000170,1407,992,415
114000171,1339,2419,-1080
114000174,313,763,-450
114000176,799,645,154
114000177,2990,1178,1812
114000178,89,72,17
114000179,1541,1135,406
114000180,688,971,-283
114000181,2072,4397,-2325
114000182,7290,2897,4393
114000183,1108,1017,91
114000184,724,1954,-1230
114000185,1523,1288,235
114000189,956,150,806
114000190,2597,411,2186
114000191,56,78,-22
114000192,471,2131,-1660
114000193,1047,4288,-3241
114000194,1596,1581,15
114000195,224,41,183
114000196,6,450,-444
114000197,1455,45,1410
114000198,1664,583,1081
114000199,2932,2135,797
114000200,769,2404,-1635
114000201,281,1156,-875
114000202,1711,867,844
114000203,626,1026,-400
114000204,243,624,-381
114000205,269,1931,-1662
114000206,704,1966,-1262
114000207,854,2755,-1901
114000208,657,4023,-3366
114000209,842,3630,-2788
114000210,436,2067,-1631
114000211,1245,2796,-1551
114000212,1038,976,62
114000213,1693,835,858
114000214,112,280,-168
114000215,324,143,181
114000216,2851,650,2201
114000217,253,506,-253
114000218,162,349,-187
114000219,1688,362,1326
114000220,41,1426,-1385
114000221,1009,232,777
114000222,230,1532,-1302
114000223,564,184,380
114000224,110,965,-855
114000225,310,759,-449
114000226,186,342,-156
114000227,1237,670,567
114000228,950,1207,-257
114000229,1292,1616,-324
114000230,1961,1618,343
114000231,1122,1718,-596
114000232,724,158,566
114000233,2227,186,2041
114000234,1325,1370,-45
114000235,1230,1996,-766
114000236,1,611,-610
114000237,144,1390,-1246
114000238,347,251,96
114000239,286,1732,-1446
114000240,992,988,4
114000241,246,1155,-909
114000242,1103,1110,-7
114000243,2457,1034,1423
114000244,2038,516,1522
114000245,352,794,-442
114000246,227,46,181
114000247,1820,886,934
114000248,1310,795,515
114000249,576,905,-329
114000250,548,1014,-466
114000251,458,401,57
114000252,54,124,-70
114000253,68,210,-142
114000254,69,115,-46
114000255,1006,364,642
114000256,2459,2237,222
114000257,592,1874,-1282
114000258,701,579,122
114000259,328,309,19
114000260,0,60,-60
114000261,42,56,-14
114000262,275,250,25
114000263,20,5,15
114000264,1418,854,564
114000265,0,9,-9
114000267,2,2604,-2602
114000268,0,2167,-2167
114000270,210,3,207
114000271,806,87,719
114000283,1610,618,992
114000285,51,399,-348
114000288,108,431,-323
114000289,1424,152,1272
114000293,193,677,-484
114000294,187,408,-221
114000395,2909,80,2829
114000396,667,576,91
114000402,549,428,121
114000403,338,673,-335
114000405,146,681,-535
114000423,287,591,-304
114000424,666,217,449
114000425,686,549,137
114000426,364,1259,-895
114000427,69,169,-100
114000428,293,175,118
114000429,13,257,-244
114000432,79,181,-102
114000434,57,159,-102
114000435,8,336,-328
114000436,5505,1631,3874
114000437,652,3146,-2494
114900001,820,1546,-726
114900002,1663,161,1502
114900003,713,2369,-1656
114900004,561,478,83
114900005,719,1256,-537
114900006,139,100,39
114900007,320,35,285
114900008,208,150,58
114900010,3217,2591,626
114900011,243,234,9
114900013,275,243,32
114900015,132,652,-520
114900018,1056,20,1036
114900020,259,121,138
114900022,27,793,-766
114900024,409,184,225
114900025,554,281,273
114900026,57,193,-136
114900027,348,333,15
114900029,31,35,-4
114900030,393,326,67
114900031,491,48,443
114900032,500,74,426
114900033,1848,855,993
114900034,77,267,-190
114900035,181,440,-259
114900036,293,1091,-798
114900037,136,225,-89
114900038,177,1032,-855
114900039,586,809,-223
114900040,142,281,-139
114900041,751,675,76
114900042,899,944,-45
114900043,902,401,501
114900044,227,32,195
114900046,52,163,-111
114900047,264,1995,-1731
114900048,125,305,-180
114900049,20,235,-215
114900050,80,666,-586
114900051,48,551,-503
114900052,187,308,-121
114900053,370,404,-34
114900054,85,186,-101
114900057,280,14,266
114900058,0,109,-109
114900059,103,92,11
114900060,1659,1116,543
114900061,167,235,-68
114900062,360,469,-109
114900063,67,282,-215
114900064,1453,761,692
114900065,457,872,-415
114900067,98,468,-370
114900068,104,220,-116
114900069,283,178,105
114900070,610,684,-74
114900072,13,478,-465
114900073,3,337,-334
114900074,717,1068,-351
114900075,363,12,351
114900076,22,537,-515
114900080,2913,636,2277
114900082,5112,2207,2905
114900083,1777,1490,287
114900090,447,457,-10
114900091,159,229,-70
114900095,531,179,352
114900096,591,1028,-437
114900097,128,5,123
114900098,8,306,-298
114900099,267,3,264
115000001,8882,6575,2307
115000002,4083,4887,-804
115000003,5729,5207,522
115000004,4443,7154,-2711
115000005,1901,3132,-1231
115000006,1182,2128,-946
115000007,141,221,-80
115000008,623,632,-9
115000009,318,352,-34
115000010,454,175,279
115000013,101,234,-133
115000015,74,363,-289
115000016,224,365,-141
115000019,41,632,-591
115000020,163,842,-679
115000021,308,589,-281
115000022,668,469,199
115000023,517,750,-233
115000024,1584,647,937
115000025,1024,917,107
115000026,185,630,-445
115000027,316,391,-75
115000028,294,1106,-812
115000029,808,233,575
115000030,1071,1450,-379
115000031,1441,525,916
115000032,8,306,-298
115000033,309,50,259
115000034,183,1499,-1316
115000035,1507,106,1401
115000036,0,521,-521
115000037,717,12,705
115000038,61,193,-132
115000039,4473,3748,725
115000040,8451,3979,4472
115000041,2183,3769,-1586
115000042,1589,842,747
115000043,4292,2573,1719
115000044,4665,4993,-328
115000045,3499,2548,951
115000046,2540,3067,-527
115000047,2200,2241,-41
115000048,1989,3546,-1557
115000049,2123,4641,-2518
115000050,3504,2545,959
115000051,2239,3646,-1407
115000052,2872,2626,246
115000053,2026,2201,-175
115000054,845,1702,-857
115000055,185,558,-373
115000056,210,604,-394
115000057,915,807,108
115000058,416,211,205
115000059,235,196,39
115000061,512,115,397
115000062,377,399,-22
115000063,340,421,-81
115000064,361,179,182
115000065,38,506,-468
115000067,320,38,282
115000069,100,484,-384
115000070,48,1430,-1382
115000071,161,23,138
115000072,11,112,-101
115000073,1752,91,1661
115000075,121,105,16
115000076,4519,4103,416
115000077,2551,3686,-1135
115000078,1561,2155,-594
115000079,1645,2677,-1032
115000080,2759,3419,-660
115000081,592,1330,-738
115000082,4230,4642,-412
115000083,2676,3197,-521
115000084,2446,1743,703
115000085,884,1294,-410
115000086,1230,1286,-56
115000087,573,2058,-1485
115000088,2064,1077,987
115000089,1972,1787,185
115000090,900,1548,-648
115000091,370,1430,-1060
115000092,480,517,-37
115000093,544,2,542
115000094,9961,6777,3184
115000095,7472,6932,540
115000096,792,2493,-1701
115000097,995,1204,-209
115000098,1146,1106,40
115000099,2777,4071,-1294
115000100,1060,590,470
115000101,568,2222,-1654
115000102,465,364,101
115000103,413,1000,-587
115000105,66,234,-168
115000106,575,416,159
115000107,280,766,-486
115000108,4933,3479,1454
115000109,6548,5426,1122
115000110,1808,1798,10
115000111,899,2324,-1425
115000112,836,916,-80
115000113,766,1292,-526
115000114,2177,1213,964
115000116,5311,2846,2465
115000117,5300,4183,1117
115000118,3140,2518,622
115000119,2988,3118,-130
115000120,862,1653,-791
115000121,2131,1278,853
115000122,5101,2666,2435
115000123,2283,2791,-508
115000124,1368,1158,210
115000125,802,705,97
115000126,228,374,-146
115000127,568,193,375
115000128,876,931,-55
115000129,425,429,-4
115000130,508,1339,-831
115000131,820,406,414
115000132,381,640,-259
115000133,904,454,450
115000134,857,305,552
115000135,647,316,331
115000136,400,293,107
115000137,226,282,-56
115000138,280,337,-57
115000139,330,315,15
115000140,335,308,27
115000141,223,379,-156
115000142,209,382,-173
115000143,718,670,48
115000144,607,100,507
115000145,268,548,-280
115000146,512,353,159
115000147,665,667,-2
115000148,422,1735,-1313
115000149,803,310,493
115000150,941,1525,-584
115000151,1275,765,510
115000152,816,1847,-1031
115000153,1286,803,483
115000154,914,489,425
115000155,734,1493,-759
115000156,1344,963,381
115000157,1203,1255,-52
115000158,1085,539,546
115000159,1006,746,260
115000160,930,933,-3
115000161,693,697,-4
115000162,822,961,-139
115000163,795,714,81
115000164,812,712,100
115000165,527,554,-27
115000167,147,101,46
115000168,906,419,487
115000169,1009,452,557
115000170,257,193,64
115000171,399,275,124
115000172,1921,866,1055
115000173,560,637,-77
115000174,304,400,-96
115000175,335,111,224
115000176,292,115,177
115000177,300,176,124
115000178,82,371,-289
115000179,62,54,8
115000180,234,969,-735
115000181,680,188,492
115000182,980,501,479
115000183,403,1250,-847
115000186,782,365,417
115000187,256,1041,-785
115000188,615,713,-98
115000189,333,564,-231
115000190,1121,717,404
115000191,505,771,-266
115000194,225,303,-78
115000195,458,388,70
115000196,192,150,42
115000197,250,492,-242
115000198,350,281,69
115000199,402,364,38
115000200,449,127,322
115000201,140,600,-460
115000206,508,119,389
115000207,135,449,-314
115000208,580,893,-313
115000209,787,374,413
115000210,179,149,30
115000211,294,326,-32
115000212,2277,405,1872
115000224,588,82,506
115000225,70,107,-37
115000229,227,233,-6
115000230,108,580,-472
115000231,329,2760,-2431
115000232,1561,402,1159
115000233,255,308,-53
115000234,27,402,-375
115000241,102,385,-283
115000242,147,462,-315
115000243,46,300,-254
115000244,6,185,-179
115000246,51,34,17
115000247,67,39,28
115000248,30,28,2
115000249,37,41,-4
115000250,394,47,347
115000251,327,207,120
115000252,164,289,-125
115000253,33,500,-467
115000258,386,252,134
115000259,433,206,227
115000261,26,28,-2
115000262,18,17,1
115000263,25,50,-25
115000264,40,52,-12
115000267,67,98,-31
115000268,23,134,-111
115000269,149,86,63
115000270,1,27,-26
115000272,49,240,-191
115000273,430,59,371
115000280,2700,232,2468
115000281,791,791,0
115000282,1796,1091,705
115000284,435,200,235
115000296,1241,7,1234
115000297,372,175,197
115000298,171,551,-380
115000300,265,190,75
115000302,605,297,308
115000303,902,211,691
115000304,992,127,865
115000305,118,1223,-1105
115000306,192,554,-362
115000307,130,270,-140
115000308,66,23,43
115000309,41,56,-15
115000310,1134,1225,-91
115000311,966,1882,-916
115000313,99,912,-813
115000314,485,202,283
115000315,1066,534,532
115000316,83,156,-73
115000317,246,714,-468
115000318,1016,490,526
115000319,112,424,-312
115000320,16,446,-430
115000321,726,11,715
115000322,57,370,-313
115000449,440,275,165
115000557,1,1412,-1411
115000558,700,97,603
115000587,535,662,-127
115000588,3359,3943,-584
115000589,4724,3158,1566
115000590,1467,1658,-191
115000591,2529,900,1629
115000592,896,2242,-1346
115000593,1745,874,871
115000594,999,2685,-1686
115000609,141,170,-29
115000617,2644,4060,-1416
115000624,339,111,228
115000633,580,2703,-2123
115000634,3647,1031,2616
115000635,668,168,500
115000638,1299,924,375
115000641,81,202,-121
115000642,436,414,22
115000643,139,737,-598
115000644,164,571,-407
115000646,1034,1731,-697
115000647,238,595,-357
115000648,1955,2328,-373
115000893,3911,1832,2079
115000894,192,1503,-1311
115000895,589,1040,-451
115000896,1559,476,1083
115000897,768,206,562
115000898,872,371,501
115000899,1006,1478,-472
115000900,165,521,-356
115000901,95,162,-67
115000912,390,201,189
115000913,1,22,-21
115000915,92,1,91
115000916,3,0,3
115000917,0,14,-14
115000918,77,378,-301
115000919,6,23,-17
115000920,122,74,48
115000921,1225,169,1056
115000922,2021,913,1108
115000923,671,1023,-352
115000925,104,100,4
115000927,33,80,-47
115000933,395,205,190
115000934,186,351,-165
115000935,94,179,-85
115000936,48,708,-660
115000937,985,188,797
115000938,94,173,-79
115000939,134,185,-51
115900001,115,65,50
115900002,125,233,-108
115900003,230,151,79
115900004,0,93,-93
115900005,202,9,193
115900006,187,453,-266
115900008,72,34,38
115900009,72,337,-265
115900010,384,222,162
115900011,1117,367,750
115900012,172,125,47
115900013,629,229,400
115900014,163,222,-59
115900015,139,128,11
115900016,102,43,59
115900017,17,10,7
115900018,247,99,148
115900019,710,35,675
115900020,57,0,57
115900021,1986,215,1771
115900022,2353,15,2338
115900023,72,22,50
115900025,81,373,-292
115900026,1068,339,729
115900027,0,412,-412
115900028,809,93,716
115900029,18,583,-565
115900030,39,41,-2
115900031,453,388,65
115900032,574,974,-400
115900033,1,51,-50
115900034,26,762,-736
115900035,62,26,36
115900036,194,894,-700
115900037,69,470,-401
115900038,59,16,43
115900039,240,355,-115
115900041,611,656,-45
115900042,37,4,33
115900043,149,137,12
115900044,311,352,-41
115900046,280,373,-93
115900047,218,161,57
115900049,199,292,-93
115900051,4,65,-61
115900052,10,292,-282
115900053,252,308,-56
115900054,260,54,206
115900055,24,158,-134
115900056,366,492,-126
115900057,89,11,78
115900058,30,91,-61
115900060,211,223,-12
115900061,322,1,321
115900062,62,344,-282
115900063,51,25,26
115900064,205,338,-133
115900065,156,145,11
115900066,287,246,41
115900067,5,878,-873
115900068,4187,1074,3113
115900069,122,238,-116
115900070,222,269,-47
115900071,0,509,-509
115900072,53,284,-231
115900073,88,99,-11
115900074,5,417,-412
115900075,47,328,-281
115900076,5,88,-83
115900077,3,355,-352
115900078,74,172,-98
115900079,211,17,194
115900080,666,362,304
115900081,31,78,-47
115900082,171,243,-72
115900084,408,33,375
115900085,74,105,-31
115900086,2018,852,1166
115900088,24,82,-58
115900089,278,852,-574
115900090,292,12,280
115900091,25,27,-2
115900092,21,282,-261
115900093,11,42,-31
115900094,1,485,-484
115900096,8,29,-21
115900097,15,572,-557
115900098,168,608,-440
115900099,248,114,134
115900100,25,739,-714
115900101,160,477,-317
115900102,41,85,-44
115900103,387,281,106
115900104,74,216,-142
115900105,255,934,-679
115900106,70,39,31
115900107,96,253,-157
115900108,101,63,38
115900109,95,591,-496
115900110,3,26,-23
115900111,6,119,-113
115900112,56,1311,-1255
115900113,52,40,12
115900114,11,185,-174
115900115,70,307,-237
115900116,122,1303,-1181
115900117,84,33,51
115900118,10,427,-417
115900119,195,226,-31
115900120,30,575,-545
115900121,201,390,-189
115900124,300,844,-544
115900125,338,55,283
115900126,826,112,714
115900127,686,77,609
115900128,13,117,-104
115900129,832,77,755
115900130,34,283,-249
115900131,453,34,419
115900132,519,11,508
115900134,415,11,404
115900135,475,1295,-820
115900137,35,7,28
115900139,127,109,18
115900140,220,31,189
115900141,17,77,-60
115900142,5,37,-32
115900143,528,497,31
115900144,117,325,-208
115900146,15,200,-185
115900147,290,293,-3
115900148,64,11,53
115900149,115,23,92
115900150,107,92,15
115900151,17,113,-96
115900152,159,448,-289
115900153,155,353,-198
115900154,754,416,338
115900155,0,103,-103
115900156,759,971,-212
115900157,186,639,-453
115900158,41,15,26
115900159,139,320,-181
115900160,32,16,16
115900161,244,275,-31
115900163,229,190,39
115900164,527,39,488
115900165,2,205,-203
115900166,272,336,-64
115900168,162,252,-90
115900171,147,553,-406
115900172,81,199,-118
115900173,270,184,86
115900174,363,263,100
115900175,120,301,-181
115900178,6,916,-910
115900179,212,20,192
115900180,77,342,-265
115900181,172,309,-137
115900182,400,366,34
115900183,144,53,91
115900184,2008,22,1986
115900187,10,120,-110
115900189,2,267,-265
115900190,540,1573,-1033
115900191,67,514,-447
115900192,17,103,-86
115900193,249,188,61
115900194,666,69,597
115900195,856,1973,-1117
115900198,291,516,-225
115900199,202,345,-143
115900200,413,526,-113
115900201,582,456,126
115900202,1,55,-54
115900203,7,17,-10
115900204,5,9,-4
115900205,203,29,174
115900206,231,231,0
115900207,65,39,26
115900208,150,335,-185
115900209,7,162,-155
115900210,4,160,-156
115900211,9,301,-292
115900212,260,476,-216
115900213,188,93,95
115900214,437,397,40
115900215,28,134,-106
115900216,11,126,-115
115900217,22,102,-80
115900218,1,55,-54
115900219,108,13,95
115900220,158,28,130
115900221,80,44,36
115900222,53,31,22
115900223,14,326,-312
115900224,1888,1351,537
115900225,91,65,26
115900226,47,58,-11
115900227,17,55,-38
115900228,13,65,-52
115900229,8,74,-66
115900230,92,203,-111
115900231,147,9,138
115900232,77,4,73
115900233,101,14,87
115900234,57,39,18
115900235,44,46,-2
115900236,175,29,146
115900237,68,31,37
115900238,111,56,55
115900239,25,36,-11
115900240,10,91,-81
115900241,213,167,46
115900242,335,423,-88
115900243,8,20,-12
115900244,12,19,-7
115900245,42,28,14
115900246,62,12,50
115900247,36,7,29
115900248,30,10,20
115900249,4,22,-18
115900250,11,67,-56
115900251,0,20,-20
115900252,7,3,4
115900253,15,25,-10
115900254,26,42,-16
115900255,9,21,-12
115900256,29,29,0
115900257,4,4,0
115900258,1,3,-2
115900259,7,5,2
115900260,13,0,13
115900261,14,3,11
115900262,2,3,-1
115900263,9,10,-1
115900264,36,9,27
115900265,1,13,-12
115900266,8,11,-3
115900267,16,17,-1
115900268,11,5,6
115900269,455,613,-158
115900270,366,754,-388
115900271,157,1,156
115900272,40,2,38
115900273,17,26,-9
115900274,0,12,-12
115900275,5,35,-30
115900276,2,61,-59
115900277,0,121,-121
115900278,52,134,-82
115900279,20,210,-190
115900280,28,482,-454
115900281,512,267,245
115900282,19,15,4
115900283,0,1,-1
115900284,0,0,0
116000001,17417,7005,10412
116000002,5836,12819,-6983
116000003,2166,2433,-267
116000004,2809,4430,-1621
116000005,4790,4607,183
116000006,4041,2676,1365
116000007,5663,5049,614
116000008,8017,3253,4764
116000009,2243,3195,-952
116000010,2364,1991,373
116000011,1208,2276,-1068
116000012,1629,1298,331
116000013,16593,6668,9925
116000014,20741,15024,5717
116000015,682,1877,-1195
116000016,10349,4983,5366
116000017,58,996,-938
116000018,968,707,261
116000019,1512,458,1054
116000020,825,1595,-770
116000021,613,426,187
116000022,471,525,-54
116000023,1493,1118,375
116000024,809,1330,-521
116000025,1177,849,328
116000026,2556,3244,-688
116000027,1929,864,1065
116000028,617,1182,-565
116000029,1575,993,582
116000030,941,633,308
116000031,264,356,-92
116000032,500,372,128
116000033,457,663,-206
116000034,1382,1527,-145
116000035,697,1425,-728
116000036,2297,1025,1272
116000037,783,880,-97
116000038,792,491,301
116000039,677,405,272
116000040,2078,342,1736
116000041,249,654,-405
116000042,845,276,569
116000043,113,719,-606
116000044,12,95,-83
116000045,2700,1921,779
116000046,2102,1991,111
116000047,3346,4542,-1196
116000048,3375,2400,975
116000049,1518,3273,-1755
116000050,1670,2729,-1059
116000051,7092,2959,4133
116000052,7144,6854,290
116000053,2920,1524,1396
116000054,1107,3603,-2496
116000055,871,1983,-1112
116000056,1198,1881,-683
116000057,5590,2702,2888
116000058,4652,3065,1587
116000059,3649,6479,-2830
116000060,3492,1282,2210
116000061,888,1328,-440
116000062,1060,321,739
116000063,900,1430,-530
116000066,321,759,-438
116000067,255,713,-458
116000068,368,422,-54
116000069,356,577,-221
116000078,608,1384,-776
116000080,2262,1400,862
116000082,9,123,-114
116000083,1715,606,1109
116000084,3145,4632,-1487
116000085,2749,2225,524
116000086,2574,1576,998
116000087,2041,1970,71
116000088,1137,1647,-510
116000089,215,133,82
116000090,168,200,-32
116000091,695,327,368
116000093,792,682,110
116000094,828,1070,-242
116000095,1104,896,208
116000096,956,2276,-1320
116000097,1530,1198,332
116000098,168,10092,-9924
116000099,11200,470,10730
116000100,279,27,252
116000101,950,1588,-638
116000102,337,1873,-1536
116000103,665,405,260
116000104,374,2382,-2008
116000105,1492,301,1191
116000106,1218,1407,-189
116000107,4831,611,4220
116000108,1160,232,928
116000111,172,55,117
116000113,159,156,3
116000114,69,199,-130
116000115,410,196,214
116000116,349,718,-369
116000117,1736,2564,-828
116000118,1612,2028,-416
116000119,3360,2360,1000
116000120,3302,6470,-3168
116000121,920,747,173
116000122,1507,2635,-1128
116000123,1181,677,504
116000124,551,1569,-1018
116000125,3107,1091,2016
116000126,471,1987,-1516
116000127,1517,1960,-443
116000128,1690,1318,372
116000129,1300,281,1019
116000130,583,495,88
116000133,873,1374,-501
116000134,2249,3210,-961
116000135,2626,1943,683
116000136,1494,2801,-1307
116000137,1210,971,239
116000138,1075,691,384
116000139,2464,2844,-380
116000140,206,296,-90
116000141,544,1075,-531
116000142,4835,4095,740
116000143,2329,2516,-187
116000144,1952,3334,-1382
116000145,1936,1812,124
116000146,603,417,186
116000147,441,143,298
116000148,662,669,-7
116000149,806,775,31
116000151,868,944,-76
116000153,127,921,-794
116000155,297,486,-189
116000156,697,1567,-870
116000157,72,28,44
116000158,443,662,-219
116000159,12,23,-11
116000160,35,172,-137
116000161,11,150,-139
116000162,113,125,-12
116000163,32,15,17
116000164,71,19,52
116000177,1029,209,820
116000194,132,595,-463
116000195,2415,863,1552
116000196,25,15,10
116000197,13,21,-8
116000198,3381,1693,1688
116000200,1109,616,493
116000201,762,943,-181
116000202,13,417,-404
116000203,2,166,-164
116000204,22,82,-60
116000205,5,284,-279
116000206,0,172,-172
116000207,8,67,-59
116000233,236,866,-630
116000287,129,774,-645
116000288,277,338,-61
116000292,165,272,-107
116000296,29,383,-354
116000297,129,20,109
116000304,199,76,123
116000305,18,144,-126
116000346,264,190,74
116000352,234,47,187
116000354,113,22,91
116000357,53,26,27
116000358,380,70,310
116000361,105,7,98
116000372,10257,5115,5142
116000381,129,0,129
116000388,3,107,-104
116000389,1233,708,525
116000445,442,853,-411
116000446,653,1185,-532
116000447,22,660,-638
116000448,856,320,536
116000563,1299,1118,181
116000565,91,538,-447
116000566,2,50,-48
116000568,74,315,-241
116000579,46,175,-129
116000584,34,14,20
116000585,31,23,8
116000586,267,196,71
116000587,860,959,-99
116000589,51,75,-24
116000590,119,123,-4
116000591,270,390,-120
116000592,12,139,-127
116000593,0,34,-34
116000594,686,644,42
116000595,932,266,666
116000596,145,14,131
116000597,362,118,244
116000598,21,266,-245
116000602,108,868,-760
116000605,351,193,158
116000606,97,303,-206
116000607,23,101,-78
116000609,359,1092,-733
116000611,127,746,-619
116000612,868,2656,-1788
116000613,720,493,227
116000614,580,965,-385
116000615,1,294,-293
116000616,93,202,-109
116000617,106,123,-17
116000618,3,184,-181
116000619,110,96,14
116000620,91,113,-22
116000621,47,191,-144
116000622,75,270,-195
116000624,271,109,162
116000627,62,73,-11
116000628,68,654,-586
116000629,32,540,-508
116000630,386,51,335
116000631,186,72,114
116000632,407,413,-6
116000633,79,594,-515
116000634,560,76,484
116000635,3986,2405,1581
116000636,1435,1315,120
116000637,399,23,376
116000638,24,644,-620
116900001,303,217,86
116900002,312,4,308
116900003,37,144,-107
116900004,44,92,-48
116900005,311,78,233
116900006,231,241,-10
116900007,173,228,-55
116900008,446,551,-105
116900009,32,14,18
116900010,5,2294,-2289
116900011,12,57,-45
116900012,293,302,-9
116900013,12,276,-264
116900014,116,401,-285
116900015,303,97,206
116900016,258,2,256
116900017,10,960,-950
116900018,96,93,3
116900019,24,551,-527
116900020,1890,1160,730
116900023,88,10,78
116900024,702,72,630
116900025,1388,1272,116
116900026,225,1005,-780
116900027,44,102,-58
116900028,9,174,-165
116900029,0,71,-71
116900031,0,8,-8
116900032,28,508,-480
116900033,26,32,-6
116900034,31,112,-81
116900035,147,315,-168
116900036,2,150,-148
116900038,62,2,60
116900041,66,29,37
116900042,1015,349,666
116900043,23,114,-91
116900047,73,120,-47
116900049,50,492,-442
116900050,150,706,-556
116900051,147,326,-179
116900052,206,100,106
116900055,3,4,-1
116900057,30,409,-379
116900058,46,601,-555
116900059,5,230,-225
116900060,255,260,-5
116900062,1,29,-28
116900064,114,1143,-1029
116900065,25,178,-153
116900067,116,198,-82
116900068,188,363,-175
116900070,3,7,-4
116900072,46,665,-619
116900073,18,248,-230
116900074,23,56,-33
116900076,14,49,-35
116900077,14,214,-200
116900078,312,185,127
116900079,51,424,-373
116900080,21,34,-13
116900081,533,1887,-1354
116900082,488,1234,-746
116900083,84,74,10
116900084,218,81,137
116900085,48,223,-175
116900086,91,323,-232
116900088,649,126,523
116900090,226,87,139
116900091,408,68,340
116900092,139,1049,-910
116900093,2071,2566,-495
116900094,7154,5524,1630
116900095,338,155,183
116900096,116,331,-215
116900097,5267,3243,2024
116900098,1182,386,796
116900099,1109,810,299
116900100,1088,45,1043
116900101,295,763,-468
116900103,4,0,4
116900104,66,128,-62
116900105,427,148,279
116900106,2012,323,1689
116900107,5787,3150,2637
116900110,12,3,9
116900111,451,1155,-704
116900112,370,1523,-1153
116900113,3344,1803,1541
116900116,222,475,-253
116900117,158,175,-17
116900118,1038,977,61
116900120,282,143,139
116900121,173,52,121
116900122,845,1054,-209
116900123,210,1029,-819
116900124,207,1469,-1262
116900125,384,332,52
116900126,364,844,-480
116900128,8,64,-56
116900129,1,428,-427
116900130,1130,4037,-2907
116900131,142,386,-244
116900132,47,117,-70
116900133,176,157,19
116900134,290,344,-54
116900136,388,193,195
116900137,420,190,230
116900138,235,256,-21
116900139,137,479,-342
116900140,247,191,56
116900141,908,559,349
116900142,13,82,-69
116900143,317,587,-270
116900144,53,108,-55
116900145,117,445,-328
116900147,853,494,359
116900148,13,80,-67
116900149,73,207,-134
116900150,19,25,-6
116900151,63,24,39
116900153,182,116,66
116900154,896,625,271
116900155,126,103,23
116900157,624,500,124
116900158,521,341,180
116900159,41,389,-348
116900160,2558,571,1987
116900161,11066,7335,3731
116900162,42,220,-178
116900163,205,246,-41
116900164,243,81,162
116900165,339,189,150
116900166,49,155,-106
116900167,482,142,340
116900168,446,136,310
116900169,1167,475,692
116900170,327,563,-236
116900171,34,322,-288
116900172,367,300,67
116900173,245,87,158
116900174,51,73,-22
116900175,237,178,59
116900178,38,209,-171
116900179,99,278,-179
116900180,124,33,91
116900182,432,337,95
116900183,244,176,68
116900185,34,51,-17
116900186,154,384,-230
116900187,78,49,29
116900188,209,37,172
116900189,118,1,117
116900191,443,751,-308
116900192,290,221,69
116900194,188,1230,-1042
116900195,84,32,52
116900196,22,133,-111
116900197,129,11,118
116900198,317,284,33
116900200,62,59,3
116900201,128,13,115
116900202,197,59,138
116900203,183,9,174
116900204,67,123,-56
116900206,16,36,-20
116900207,29,52,-23
116900208,21,210,-189
116900209,32,186,-154
116900210,669,368,301
116900211,229,13,216
116900212,91,126,-35
116900213,195,306,-111
116900214,233,207,26
116900215,67,107,-40
116900216,635,383,252
116900218,15,371,-356
116900219,1507,596,911
116900220,149,311,-162
116900221,118,426,-308
116900222,519,507,12
116900223,140,384,-244
116900226,104,96,8
116900227,235,122,113
116900228,386,375,11
116900230,64,417,-353
116900231,34,566,-532
116900232,10,620,-610
116900233,234,138,96
116900234,19,13,6
116900235,198,406,-208
116900238,1968,496,1472
116900239,25,1091,-1066
116900240,9156,4921,4235
116900241,79,230,-151
116900242,455,482,-27
116900243,4,148,-144
116900245,39,30,9
116900246,129,24,105
116900247,802,42,760
116900248,143,87,56
116900249,376,178,198
116900250,515,92,423
116900251,716,668,48
116900252,130,1262,-1132
116900253,152,167,-15
116900254,30,159,-129
116900255,156,93,63
116900256,388,123,265
116900257,24,727,-703
116900258,8,349,-341
116900259,225,9,216
116900260,7,163,-156
116900261,39,0,39
116900262,293,265,28
116900263,1,13,-12
116900264,0,6,-6
116900265,17,0,17
116900266,27,76,-49
116900267,2,1,1
116900268,81,6,75
116900269,443,810,-367
116900271,2266,229,2037
116900272,521,748,-227
116900273,324,84,240
116900274,108,159,-51
116900275,180,212,-32
116900276,1110,172,938
116900277,891,53,838
116900278,6,24,-18
116900279,3,25,-22
116900280,22,68,-46
116900281,10070,5018,5052
116900282,10,177,-167
116900283,22,153,-131
116900284,18,310,-292
116900285,459,329,130
116900286,283,45,238
116900287,8,107,-99
116900288,52,171,-119
116900289,26,59,-33
116900290,3,55,-52
116900291,37,13,24
116900292,0,28,-28
116900293,59,112,-53
116900294,76,283,-207
116900295,603,56,547
116900296,240,56,184
116900297,18,123,-105
116900298,142,67,75
116900299,128,51,77
116900300,18,129,-111
116900301,127,78,49
116900302,86,53,33
116900303,438,133,305
116900304,1,168,-167
116900305,38,152,-114
116900306,171,135,36
117000001,2417,2346,71
117000002,3018,6855,-3837
117000003,9704,4478,5226
117000004,6063,7578,-1515
117000005,2798,2477,321
117000006,1812,5327,-3515
117000007,4434,1794,2640
117000008,1772,6547,-4775
117000009,6348,2735,3613
117000010,3773,6209,-2436
117000011,2821,2723,98
117000012,1840,2147,-307
117000013,2525,1423,1102
117000014,2117,3484,-1367
117000015,5220,1748,3472
117000016,706,66,640
117000017,939,180,759
117000018,411,746,-335
117000019,533,2,531
117000020,557,1974,-1417
117000021,3242,748,2494
117000022,689,107,582
117000023,1123,217,906
117000024,1060,178,882
117000025,1652,634,1018
117000026,5233,1063,4170
117000027,3329,3244,85
117000028,5934,1677,4257
117000030,1023,758,265
117000031,633,319,314
117000032,2860,1751,1109
117000033,1834,1171,663
117000034,530,536,-6
117000035,426,391,35
117000036,597,542,55
117000037,378,295,83
117000038,402,843,-441
117000039,605,334,271
117000040,210,1586,-1376
117000041,1203,242,961
117000044,33,1383,-1350
117000045,458,100,358
117000046,811,895,-84
117000047,1182,819,363
117000048,2897,1885,1012
117000049,143,794,-651
117000050,239,3051,-2812
117000051,2556,263,2293
117000052,40,517,-477
117000053,463,111,352
117000054,2002,14,1988
117000055,30,4543,-4513
117000056,816,40,776
117000057,890,3335,-2445
117000060,651,2468,-1817
117000061,2474,1361,1113
117000062,383,732,-349
117000063,2621,1251,1370
117000064,1076,1071,5
117000066,1948,1275,673
117000067,221,659,-438
117000074,230,297,-67
117000076,111,74,37
117000077,212,220,-8
117000078,218,1001,-783
117000079,536,294,242
117000080,4,499,-495
117000081,1285,181,1104
117000082,35,76,-41
117000083,178,28,150
117000084,676,3,673
117000085,470,1001,-531
117000086,1341,810,531
117000087,161,764,-603
117000088,379,325,54
117000089,1879,455,1424
117000090,365,1869,-1504
117000091,993,462,531
117000092,523,2035,-1512
117000093,1592,1013,579
117000094,1632,4072,-2440
117000095,3873,1239,2634
117000096,803,3329,-2526
117000097,1621,1726,-105
117000098,3525,7221,-3696
117000099,3935,1765,2170
117000100,238,393,-155
117000101,271,1893,-1622
117000102,2202,946,1256
117000103,1071,2589,-1518
117000104,1654,910,744
117000105,1083,2418,-1335
117000106,1447,1091,356
117000107,712,2845,-2133
117000108,2051,1282,769
117000109,2553,3803,-1250
117000110,1985,1402,583
117000111,5115,6676,-1561
117000112,4074,2726,1348
117000113,234,416,-182
117000114,302,246,56
117000115,140,198,-58
117000116,195,404,-209
117000117,2433,1127,1306
117000118,548,219,329
117000119,1066,206,860
117000120,653,495,158
117000121,245,1570,-1325
117000122,653,1601,-948
117000123,2587,70,2517
117000124,1061,79,982
117000125,804,98,706
117000126,154,34,120
117000127,277,435,-158
117000128,665,1035,-370
117000129,845,549,296
117000130,268,3,265
117000131,0,98,-98
117000132,3443,48,3395
117000133,1489,220,1269
117000134,0,50,-50
117000135,7,42,-35
117000136,1,29,-28
117000137,105,141,-36
117000138,4,842,-838
117000140,747,2290,-1543
117000141,1977,803,1174
117000181,1040,424,616
117000182,381,740,-359
117000195,254,1637,-1383
117000196,380,131,249
117000225,300,22,278
117000226,28,202,-174
117000276,312,21,291
117000277,3,664,-661
117000310,3053,3457,-404
117000315,72,1925,-1853
117000320,83,1,82
117000906,346,14,332
117000907,20,589,-569
117000908,188,35,153
117000909,96,43,53
117000910,246,207,39
117000911,141,339,-198
117000915,15,947,-932
117000916,47,10,37
117000917,1349,79,1270
117000918,85,96,-11
117000919,28,144,-116
117000920,4,1843,-1839
117000921,3,2155,-2152
117000922,105,174,-69
117000924,493,1221,-728
117000926,1410,132,1278
117000927,2942,839,2103
117000928,0,200,-200
117000929,292,726,-434
117000930,223,21,202
117000931,616,229,387
117900002,299,726,-427
117900003,1136,669,467
117900005,27,92,-65
117900006,0,40,-40
117900007,231,170,61
117900008,0,62,-62
117900010,633,91,542
117900011,114,49,65
117900012,96,166,-70
117900013,0,418,-418
117900014,633,182,451
117900015,31,164,-133
117900016,2109,964,1145
117900017,1536,470,1066
117900018,257,73,184
117900019,489,413,76
117900020,130,507,-377
117900021,53,132,-79
117900022,50,48,2
117900023,834,817,17
117900024,142,148,-6
117900025,40,23,17
117900026,445,404,41
117900028,256,4,252
117900029,304,1218,-914
117900030,600,430,170
117900031,763,151,612
117900032,1078,856,222
117900033,264,1113,-849
117900034,69,67,2
117900035,379,110,269
117900036,326,744,-418
117900037,152,205,-53
117900038,34,525,-491
117900039,4,96,-92
117900040,153,690,-537
117900041,6,59,-53
117900042,6504,634,5870
117900043,67,69,-2
117900044,130,5361,-5231
117900045,451,234,217
117900048,296,481,-185
117900049,271,838,-567
117900050,14,71,-57
117900051,487,5,482
117900052,93,550,-457
117900053,1471,1005,466
117900054,2,37,-35
117900055,234,512,-278
117900056,767,59,708
117900057,1532,1862,-330
117900058,179,22,157
117900059,623,137,486
117900060,2474,7283,-4809
117900061,43,440,-397
117900063,418,254,164
117900065,1133,1734,-601
117900066,24,98,-74
117900067,434,314,120
117900069,1088,545,543
117900070,611,20,591
117900071,199,208,-9
117900073,565,518,47
117900074,738,27,711
117900075,110,123,-13
117900076,31,84,-53
117900077,424,259,165
117900078,369,847,-478
117900080,283,78,205
117900081,702,658,44
117900082,504,557,-53
117900083,403,783,-380
117900086,206,39,167
117900087,202,96,106
117900088,4003,3170,833
117900089,2216,878,1338
117900090,966,970,-4
117900091,293,239,54
117900092,86,48,38
117900093,98,105,-7
117900094,50,22,28
117900095,433,576,-143
117900096,110,334,-224
117900097,363,137,226
117900098,27,13,14
117900099,215,362,-147
117900100,242,4,238
117900101,631,2038,-1407
117900102,78,103,-25
117900103,63,5,58
117900104,43,181,-138
117900105,158,391,-233
117900106,109,77,32
117900107,41,0,41
117900109,617,527,90
117900110,123,3,120
117900111,517,31,486
117900112,93,19,74
117900113,6901,2705,4196
117900114,33,0,33
117900115,378,58,320
117900116,1253,1407,-154
117900117,594,498,96
117900118,72,1,71
117900119,204,333,-129
117900120,224,192,32
117900121,171,31,140
117900122,2145,4130,-1985
117900123,1106,693,413
117900124,1188,1062,126
117900125,2246,1937,309
117900126,378,823,-445
117900127,613,760,-147
117900128,469,1045,-576
117900129,121,0,121
117900130,1723,708,1015
117900131,4,191,-187
117900132,14,166,-152
117900133,7,195,-188
117900134,117,276,-159
117900135,31,307,-276
117900136,0,80,-80
117900137,70,438,-368
117900138,0,65,-65
117900139,140,197,-57
117900140,6161,503,5658
117900141,376,302,74
117900142,435,62,373
117900144,236,177,59
117900145,95,36,59
117900146,529,191,338
117900147,54,94,-40
117900148,4548,1771,2777
117900149,102,230,-128
117900150,107,77,30
117900151,58,117,-59
117900152,205,103,102
117900153,22,169,-147
117900154,831,1026,-195
117900156,1314,1242,72
117900157,96,660,-564
117900158,324,238,86
117900160,750,708,42
117900161,3619,3498,121
117900162,452,672,-220
117900163,238,62,176
117900165,0,18,-18
117900166,197,595,-398
117900168,25,296,-271
117900169,3,204,-201
117900170,3,82,-79
117900171,4,51,-47
117900172,26,63,-37
117900173,259,126,133
117900174,79,110,-31
117900175,3,87,-84
117900176,20,88,-68
117900177,33,96,-63
117900178,182,72,110
117900180,497,89,408
117900181,366,417,-51
117900182,6,47,-41
117900183,93,295,-202
117900184,16,94,-78
117900185,45,55,-10
117900186,58,35,23
117900187,25,20,5
117900188,301,90,211
117900189,99,54,45
117900190,26,1,25
117900191,133,0,133
117900192,369,2,367
117900193,13,144,-131
117900194,13,5,8
117900195,36,68,-32
117900196,37,36,1
117900207,231,219,12
117900208,45,75,-30
117900209,213,275,-62
117900210,166,299,-133
117900211,15,335,-320
117900212,175,275,-100
117900213,27,13,14
117900214,13,70,-57
117900215,45,55,-10
117900216,107,23,84
117900217,218,270,-52
117900218,249,391,-142
117900219,29,114,-85
117900220,330,133,197
117900222,183,386,-203
117900223,188,357,-169
118000001,1458,899,559
118000002,1732,2914,-1182
118000003,3874,2812,1062
118000004,4440,2706,1734
118000005,7489,6278,1211
118000006,9718,13319,-3601
118000007,12680,4100,8580
118000008,9049,4950,4099
118000009,3073,5279,-2206
118000010,8293,6053,2240
118000011,1679,3555,-1876
118000012,1508,3432,-1924
118000013,4319,3839,480
118000014,2770,3600,-830
118000016,261,542,-281
118000017,409,526,-117
118000018,671,610,61
118000019,3428,1626,1802
118000020,3039,3454,-415
118000021,1388,3570,-2182
118000022,3275,1112,2163
118000023,1777,365,1412
118000024,3266,1278,1988
118000027,23310,14679,8631
118000029,1697,890,807
118000032,2000,4261,-2261
118000033,4524,5476,-952
118000034,7995,3158,4837
118000035,2554,3099,-545
118000036,1786,1303,483
118000037,1274,1194,80
118000038,226,121,105
118000039,164,524,-360
118000040,2484,2006,478
118000041,3344,2056,1288
118000045,1291,203,1088
118000046,3134,841,2293
118000047,3670,924,2746
118000048,5995,2041,3954
118000051,4613,2017,2596
118000052,3555,988,2567
118000053,1539,1946,-407
118000054,3694,4486,-792
118000055,2611,3900,-1289
118000056,405,576,-171
118000057,450,853,-403
118000058,5563,1938,3625
118000059,4253,1171,3082
118000060,1495,877,618
118000061,1601,2180,-579
118000062,852,453,399
118000063,542,723,-181
118000064,1279,1592,-313
118000065,6322,2701,3621
118000066,1182,1761,-579
118000067,1740,1193,547
118000068,3367,5772,-2405
118000069,5477,1759,3718
118000070,9683,2795,6888
118000071,5492,8820,-3328
118000072,4724,1480,3244
118000073,4721,822,3899
118000074,1374,876,498
118000075,1295,464,831
118000076,3079,2417,662
118000077,2141,1762,379
118000078,2875,2438,437
118000079,455,596,-141
118000080,1527,1132,395
118000081,2339,1268,1071
118000082,394,1390,-996
118000083,2523,2101,422
118000084,3924,2734,1190
118000086,420,949,-529
118000087,7101,3512,3589
118000088,2439,2398,41
118000089,4720,2815,1905
118000090,3051,4087,-1036
118000091,2054,3095,-1041
118000092,1517,735,782
118000093,150,1056,-906
118000096,772,887,-115
118000097,1021,806,215
118000098,386,279,107
118000099,670,1107,-437
118000101,1400,439,961
118000102,480,1739,-1259
118000107,3399,754,2645
118000108,968,3483,-2515
118000110,0,24,-24
118000111,2,601,-599
118000112,514,21,493
118000113,6,1036,-1030
118000114,468,15,453
118000115,41,31,10
118000116,130,3,127
118000117,1609,1203,406
118000118,1314,841,473
118000119,1177,1267,-90
118000120,2283,1812,471
118000121,156,644,-488
118000122,2275,435,1840
118000123,65,364,-299
118000125,2709,1350,1359
118000126,1347,2146,-799
118000127,2762,871,1891
118000128,961,1649,-688
118000129,1786,560,1226
118000130,4101,6248,-2147
118000131,1137,1295,-158
118000132,3266,2222,1044
118000133,1301,638,663
118000135,940,645,295
118000136,161,612,-451
118000137,973,122,851
118000138,536,878,-342
118000139,432,146,286
118000140,3618,5890,-2272
118000141,2687,2940,-253
118000142,2224,2961,-737
118000143,2481,1747,734
118000144,1972,1539,433
118000145,2408,3733,-1325
118000146,1833,1600,233
118000147,1257,2251,-994
118000148,835,1882,-1047
118000149,1103,1426,-323
118000150,634,409,225
118000151,611,657,-46
118000153,1596,1916,-320
118000154,1627,2262,-635
118000155,1418,2112,-694
118000156,3822,3416,406
118000157,794,532,262
118000158,257,618,-361
118000159,33,145,-112
118000160,559,659,-100
118000161,642,1247,-605
118000162,2578,1228,1350
118000163,991,1384,-393
118000164,3238,2376,862
118000168,2057,757,1300
118000169,1814,2089,-275
118000170,5836,8044,-2208
118000171,445,838,-393
118000172,145,430,-285
118000173,1641,1678,-37
118000175,488,494,-6
118000176,419,664,-245
118000177,327,779,-452
118000178,117,68,49
118000179,2261,1710,551
118000180,1105,1222,-117
118000181,1424,487,937
118000182,545,416,129
118000183,353,409,-56
118000184,1026,1307,-281
118000185,1777,1414,363
118000186,1207,1465,-258
118000187,1561,1129,432
118000188,1113,254,859
118000189,874,1120,-246
118000190,50,21,29
118000191,54,43,11
118000192,458,440,18
118000193,311,695,-384
118000194,3578,1642,1936
118000195,1558,1213,345
118000196,949,230,719
118000197,1369,170,1199
118000198,1349,852,497
118000199,3092,812,2280
118000200,133,299,-166
118000201,1092,688,404
118000202,172,140,32
118000203,2495,697,1798
118000204,307,432,-125
118000205,399,430,-31
118000206,380,287,93
118000207,1,77,-76
118000208,1796,2100,-304
118000209,2391,2378,13
118000210,69,75,-6
118000211,57,52,5
118000213,2164,1637,527
118000214,951,962,-11
118000215,325,613,-288
118000216,2584,5360,-2776
118000217,34,169,-135
118000218,95,164,-69
118000219,589,559,30
118000220,2,35,-33
118000221,182,445,-263
118000222,93,16,77
118000223,36,71,-35
118000224,409,134,275
118000225,160,1022,-862
118000226,1895,241,1654
118000227,1101,527,574
118000228,237,312,-75
118000229,497,88,409
118000230,177,353,-176
118000231,122,313,-191
118000232,921,1319,-398
118000233,1252,1069,183
118000234,554,398,156
118000236,685,529,156
118000237,143,757,-614
118000238,358,351,7
118000239,432,361,71
118000240,797,206,591
118000241,216,394,-178
118000242,474,888,-414
118000243,258,302,-44
118000244,76,213,-137
118000246,0,16,-16
118000255,46,315,-269
118000256,106,331,-225
118000259,18,110,-92
118000260,280,152,128
118000261,61,156,-95
118000263,120,322,-202
118000266,339,477,-138
118000267,0,127,-127
118000268,1085,70,1015
118000270,100,74,26
118000271,202,432,-230
118000272,169,81,88
118000273,204,150,54
118000274,142,389,-247
118000276,553,514,39
118000295,16,149,-133
118000298,199,532,-333
118000299,79,262,-183
118000301,0,90,-90
118000302,138,100,38
118000311,485,131,354
118000312,413,297,116
118000313,150,288,-138
118000314,105,143,-38
118000315,74,115,-41
118000316,776,717,59
118000325,74,109,-35
118000326,45,73,-28
118000331,39,81,-42
118000332,23,63,-40
118000333,57,148,-91
118000335,442,5,437
118000336,2,411,-409
118000407,172,102,70
118000457,8,40,-32
118000465,4461,5273,-812
118000480,66,179,-113
118000489,111,502,-391
118000490,106,533,-427
118000492,370,299,71
118000510,81,20,61
118000514,213,511,-298
118000515,906,1025,-119
118000517,574,341,233
118000524,706,253,453
118000525,1314,1136,178
118000530,25,165,-140
118000531,254,429,-175
118000532,282,387,-105
118000533,556,215,341
118000534,997,717,280
118000535,291,186,105
118000536,1300,1969,-669
118000537,44,208,-164
118000538,62,129,-67
118000539,11,149,-138
118000540,460,282,178
118000541,467,105,362
118000542,225,266,-41
118000543,292,287,5
118000546,87,41,46
118000560,4217,2412,1805
118000562,61,393,-332
118000563,3058,2031,1027
118000576,258,216,42
118000577,217,216,1
118000578,273,142,131
118000579,923,1631,-708
118000595,216,108,108
118000596,0,66,-66
118000597,107,184,-77
118000598,31,2,29
118000599,68,57,11
118000600,5,65,-60
118000601,37,1,36
118000602,0,48,-48
118000603,0,44,-44
118900001,1383,1943,-560
118900002,1478,1199,279
118900003,438,28,410
118900004,110,81,29
118900005,97,21,76
118900006,192,15,177
118900007,21,8,13
118900008,1921,72,1849
118900009,68,53,15
118900010,104,13,91
118900011,219,106,113
118900012,579,362,217
118900013,721,189,532
118900015,311,94,217
118900016,10,50,-40
118900017,339,326,13
118900018,1069,26,1043
118900019,98,49,49
118900020,317,172,145
118900021,248,523,-275
118900022,176,151,25
118900023,233,141,92
118900024,101,236,-135
118900025,75,40,35
118900026,103,154,-51
118900027,699,402,297
118900028,187,231,-44
118900029,375,456,-81
118900030,447,120,327
118900031,194,180,14
118900032,148,140,8
118900033,733,608,125
118900034,229,54,175
118900035,229,287,-58
118900036,1211,1010,201
118900037,1018,337,681
118900038,457,319,138
118900039,675,343,332
118900040,309,329,-20
118900041,708,277,431
118900042,268,124,144
118900045,403,253,150
118900046,1347,436,911
118900047,752,384,368
118900048,413,251,162
118900049,90,66,24
118900050,31,213,-182
118900051,86,83,3
118900052,715,341,374
118900053,66,99,-33
118900054,157,84,73
118900055,72,167,-95
118900056,48,356,-308
118900057,794,617,177
118900058,673,478,195
118900059,31,97,-66
118900060,71,114,-43
118900062,328,275,53
118900064,896,731,165
118900065,39,280,-241
118900066,115,105,10
118900067,7341,4474,2867
118900068,16,601,-585
118900069,456,314,142
118900071,14,106,-92
118900072,522,618,-96
118900073,107,129,-22
118900074,151,289,-138
118900075,293,136,157
118900076,404,102,302
118900077,336,209,127
118900078,82,27,55
118900079,54,285,-231
118900080,34,153,-119
118900081,104,52,52
118900082,859,250,609
118900083,48,40,8
118900084,19,41,-22
118900085,810,1468,-658
118900086,38,147,-109
118900087,57,353,-296
118900088,0,18,-18
118900089,28,30,-2
118900090,689,655,34
118900091,232,283,-51
118900092,148,191,-43
118900093,176,34,142
118900096,74,32,42
118900097,202,759,-557
118900099,147,374,-227
118900100,153,331,-178
118900101,179,833,-654
118900102,46,176,-130
118900103,75,205,-130
118900104,368,283,85
118900105,355,188,167
118900107,224,137,87
118900108,100,170,-70
118900110,1836,1072,764
118900111,706,755,-49
118900112,97,189,-92
118900113,120,910,-790
118900114,35,103,-68
118900115,191,563,-372
118900116,152,232,-80
118900117,137,225,-88
118900118,315,582,-267
118900119,177,396,-219
118900120,120,395,-275
118900121,13,293,-280
118900122,18,1142,-1124
118900123,135,341,-206
118900124,69,331,-262
118900126,44,501,-457
118900129,400,321,79
118900130,70,203,-133
118900131,155,369,-214
118900132,802,257,545
118900133,15,124,-109
118900135,278,369,-91
118900136,243,927,-684
118900137,10,38,-28
118900139,324,631,-307
118900140,537,1107,-570
118900141,120,302,-182
118900144,187,612,-425
118900145,53,229,-176
118900146,435,1050,-615
118900147,329,165,164
118900148,115,104,11
118900150,175,756,-581
118900152,650,1106,-456
118900157,121,189,-68
118900158,71,71,0
118900159,1,290,-289
118900161,119,13,106
118900163,247,121,126
118900164,12,178,-166
118900165,86,348,-262
118900166,53,9,44
118900167,80,230,-150
118900168,19,167,-148
118900169,173,659,-486
118900170,202,287,-85
118900171,22,74,-52
118900174,116,116,0
118900175,437,669,-232
118900176,173,338,-165
118900177,75,110,-35
118900178,71,195,-124
118900179,4,59,-55
118900181,131,158,-27
118900182,143,76,67
118900183,26,196,-170
118900184,651,162,489
118900185,142,172,-30
118900186,143,117,26
118900187,304,395,-91
118900188,444,358,86
118900189,33,1084,-1051
118900190,26,636,-610
118900191,189,77,112
118900192,228,32,196
118900193,557,13,544
118900195,476,1134,-658
118900196,37,234,-197
118900197,156,110,46
118900198,23,58,-35
118900199,98,85,13
118900200,41,23,18
118900201,50,31,19
118900202,25,122,-97
118900203,8,68,-60
118900204,21,61,-40
118900205,6,25,-19
118900206,3,45,-42
119000001,2012,2260,-248
119000002,6367,4515,1852
119000003,3055,1926,1129
119000004,3519,2068,1451
119000005,2324,2652,-328
119000006,2894,2173,721
119000007,5001,4614,387
119000008,2918,2632,286
119000009,4850,6266,-1416
119000010,10179,5921,4258
119000011,6379,4040,2339
119000012,5503,4740,763
119000013,2968,1962,1006
119000014,3943,4993,-1050
119000019,341,237,104
119000020,2336,1867,469
119000021,5497,3346,2151
119000022,4984,3773,1211
119000023,417,421,-4
119000024,2424,13044,-10620
119000025,13222,2027,11195
119000026,262,392,-130
119000027,568,687,-119
119000028,3061,2199,862
119000029,164,416,-252
119000030,696,1577,-881
119000031,1243,1028,215
119000032,3247,3667,-420
119000033,3070,2382,688
119000034,1383,1458,-75
119000035,46,496,-450
119000036,1689,1317,372
119000037,1337,2518,-1181
119000038,162,1376,-1214
119000039,303,478,-175
119000040,1501,731,770
119000041,1301,1647,-346
119000048,4063,4463,-400
119000049,1870,3530,-1660
119000050,1879,3097,-1218
119000051,2604,1176,1428
119000052,2594,4168,-1574
119000053,2296,1605,691
119000054,3866,4903,-1037
119000055,4278,4978,-700
119000056,2699,2915,-216
119000057,1843,3403,-1560
119000058,2481,2948,-467
119000059,1653,2440,-787
119000060,1836,1578,258
119000061,1285,1311,-26
119000062,1723,1910,-187
119000063,628,612,16
119000064,1841,2251,-410
119000065,2843,5089,-2246
119000066,3874,1648,2226
119000067,2590,3395,-805
119000068,1928,1625,303
119000069,1804,3742,-1938
119000070,2616,1487,1129
119000071,641,1021,-380
119000072,9064,5300,3764
119000073,9854,9091,763
119000074,1492,4240,-2748
119000075,2344,3507,-1163
119000076,1069,1307,-238
119000077,2090,801,1289
119000078,784,292,492
119000079,219,871,-652
119000080,608,350,258
119000081,582,915,-333
119000082,1695,414,1281
119000083,644,561,83
119000084,359,870,-511
119000085,913,383,530
119000086,358,723,-365
119000087,2080,1411,669
119000088,384,303,81
119000089,103,284,-181
119000090,179,258,-79
119000091,163,593,-430
119000092,675,299,376
119000093,4981,4153,828
119000094,3318,8285,-4967
119000095,1967,3909,-1942
119000097,3257,2247,1010
119000098,929,2977,-2048
119000099,3193,2807,386
119000100,3961,3299,662
119000101,7647,2749,4898
119000102,1531,1352,179
119000103,3021,662,2359
119000104,3976,2159,1817
119000105,1392,2083,-691
119000106,483,2458,-1975
119000107,951,701,250
119000108,565,1521,-956
119000109,428,708,-280
119000110,1543,651,892
119000111,203,911,-708
119000112,379,185,194
119000113,4822,478,4344
119000114,1149,1682,-533
119000115,175,216,-41
119000116,233,173,60
119000117,207,558,-351
119000118,3,1,2
119000123,6953,1169,5784
119000124,914,293,621
119000125,3812,1392,2420
119000126,608,1130,-522
119000127,561,1015,-454
119000128,81,9,72
119000131,1050,1130,-80
119000132,10,1,9
119000133,1,10,-9
119000134,3323,912,2411
119000135,126,268,-142
119000136,293,290,3
119000137,219,527,-308
119000138,410,471,-61
119000139,341,386,-45
119000140,186,591,-405
119000284,1694,4130,-2436
119000285,2784,3121,-337
119000286,9647,7787,1860
119000287,2029,3255,-1226
119000288,2624,2126,498
119000289,2933,5237,-2304
119000290,220,797,-577
119000291,6,442,-436
119000293,124,232,-108
119000294,65,28,37
119000295,2840,760,2080
119000296,174,149,25
119000302,4081,2316,1765
119000303,77,262,-185
119000314,1959,11942,-9983
119000315,1,806,-805
119000316,157,189,-32
119000317,97,512,-415
119900001,352,1697,-1345
119900002,235,482,-247
119900003,77,1556,-1479
119900004,479,1182,-703
119900005,271,154,117
119900006,256,599,-343
119900007,1273,243,1030
119900008,826,77,749
119900009,991,920,71
119900010,3446,1803,1643
119900011,25,99,-74
119900012,42,160,-118
119900013,2629,1216,1413
119900014,1069,381,688
119900015,117,36,81
119900016,56,176,-120
119900017,43,113,-70
119900018,2780,972,1808
119900019,37,12,25
119900020,188,298,-110
119900021,256,164,92
119900022,248,742,-494
119900023,1029,1392,-363
119900025,176,34,142
119900026,1289,184,1105
119900027,88,51,37
119900028,345,140,205
119900029,1,6,-5
119900030,681,732,-51
119900031,135,410,-275
119900033,3209,331,2878
119900034,437,228,209
119900037,238,77,161
119900038,65,334,-269
119900039,70,22,48
119900040,157,23,134
119900041,190,52,138
119900042,194,265,-71
119900043,103,289,-186
119900044,298,929,-631
119900046,141,109,32
119900047,318,70,248
119900048,139,84,55
119900049,138,17,121
119900050,152,148,4
119900051,662,13,649
119900052,55,73,-18
119900053,205,256,-51
119900054,120,10,110
119900055,1414,557,857
119900057,257,130,127
119900058,272,2,270
119900059,309,100,209
119900060,332,31,301
119900062,63,47,16
119900063,31,100,-69
119900064,549,87,462
119900065,341,15,326
119900066,1,0,1
119900067,222,59,163
119900068,412,4,408
119900069,175,52,123
119900070,968,10,958
119900071,755,46,709
119900073,2655,823,1832
119900074,99,55,44
119900075,7879,3356,4523
119900076,519,634,-115
119900077,921,1632,-711
119900078,683,1262,-579
119900079,262,459,-197
119900080,1710,1936,-226
119900081,207,76,131
119900082,1313,156,1157
119900083,559,237,322
119900084,1232,459,773
119900085,113,145,-32
119900087,1159,476,683
119900088,40,111,-71
119900089,50,749,-699
119900090,214,103,111
119900091,87,1647,-1560
119900092,72,623,-551
119900093,1460,367,1093
119900094,107,345,-238
119900095,309,146,163
119900096,63,204,-141
119900097,903,273,630
119900098,75,103,-28
119900099,35,399,-364
119900100,3408,3954,-546
119900101,422,2055,-1633
119900102,57,443,-386
119900103,39,659,-620
119900104,52,338,-286
119900105,2526,3061,-535
119900106,41,309,-268
119900107,613,4651,-4038
119900108,3808,902,2906
119900109,52,373,-321
119900110,773,951,-178
119900111,102,590,-488
119900112,3217,910,2307
119900113,116,490,-374
119900114,301,2145,-1844
119900115,304,1639,-1335
119900116,232,873,-641
119900117,370,1391,-1021
119900118,118,1686,-1568
119900119,231,378,-147
119900120,865,1079,-214
119900121,439,1897,-1458
119900122,683,558,125
119900123,360,596,-236
119900124,228,1488,-1260
119900125,68,545,-477
119900126,7284,461,6823
119900127,3743,1374,2369
119900128,612,1567,-955
119900129,344,1127,-783
119900130,51,432,-381
119900131,39,445,-406
119900132,4,435,-431
119900133,84,118,-34
119900134,3109,411,2698
119900135,2,709,-707
119900136,188,706,-518
119900138,556,859,-303
119900139,219,170,49
119900140,4,246,-242
119900141,194,946,-752
119900142,15,57,-42
119900143,9,330,-321
119900144,3018,402,2616
119900145,143,337,-194
119900146,245,303,-58
119900147,2,303,-301
119900148,263,122,141
119900149,2454,5378,-2924
119900150,268,308,-40
119900151,2821,1239,1582
119900152,166,658,-492
119900153,220,121,99
119900154,36,384,-348
119900155,67,49,18
119900156,11,10,1
119900157,202,405,-203
119900158,225,133,92
119900159,38,2344,-2306
119900160,33,356,-323
119900161,320,429,-109
119900162,917,1184,-267
119900163,210,313,-103
119900164,3,5,-2
119900165,194,304,-110
119900166,86,69,17
119900167,188,286,-98
119900168,885,753,132
119900169,214,509,-295
119900170,317,375,-58
119900171,1833,730,1103
119900172,201,38,163
119900173,13,657,-644
119900174,19,392,-373
119900175,1229,1137,92
119900177,41,299,-258
119900178,23,284,-261
119900179,162,557,-395
119900180,1239,1259,-20
119900181,69,166,-97
119900182,14,786,-772
119900183,238,973,-735
119900184,4230,944,3286
119900185,76,229,-153
119900186,174,899,-725
119900187,33,778,-745
119900188,104,456,-352
119900189,718,554,164
119900190,89,389,-300
119900191,515,222,293
119900192,73,295,-222
119900193,387,359,28
119900194,37,107,-70
119900195,66,356,-290
119900196,2566,748,1818
119900197,319,221,98
119900198,235,480,-245
119900199,204,33,171
119900200,860,938,-78
119900201,515,370,145
119900202,246,267,-21
119900203,293,665,-372
119900204,362,514,-152
119900205,726,913,-187
119900206,153,217,-64
119900208,257,273,-16
119900209,628,1305,-677
119900210,44,66,-22
119900211,117,18,99
119900212,191,592,-401
119900213,13,99,-86
119900214,29,156,-127
119900215,56,119,-63
119900216,10,105,-95
119900217,30,90,-60
119900218,62,82,-20
119900219,27,263,-236
119900220,10,152,-142
119900221,43,484,-441
119900222,28,415,-387
119900223,15,139,-124
119900224,23,33,-10
119900225,1416,90,1326
119900226,1057,2451,-1394
119900227,1648,552,1096
119900228,882,586,296
119900229,446,691,-245
119900230,2570,993,1577
119900231,303,323,-20
119900232,337,160,177
119900233,104,2,102
119900234,52,112,-60
119900235,32,138,-106
119900236,31,368,-337
119900237,110,834,-724
119900238,28,95,-67
119900240,191,219,-28
119900241,199,407,-208
119900242,2598,2773,-175
119900244,1078,2704,-1626
119900245,244,271,-27
119900246,493,661,-168
119900247,52,149,-97
119900248,124,232,-108
119900249,270,179,91
119900253,5250,659,4591
119900254,97,812,-715
119900255,236,888,-652
119900256,656,1619,-963
119900257,73,3,70
119900258,199,73,126
119900259,16,264,-248
119900260,173,24,149
119900261,398,353,45
119900262,0,405,-405
119900263,1350,732,618
119900264,114,374,-260
119900265,752,675,77
119900266,297,534,-237
119900267,308,773,-465
119900268,245,274,-29
119900269,1497,2447,-950
119900271,37,168,-131
119900272,583,132,451
119900275,160,4,156
119900276,60,3,57
119900277,20,9,11
119900278,471,97,374
119900279,182,546,-364
119900280,1276,272,1004
119900281,4,260,-256
119900282,109,99,10
119900283,16,403,-387
119900284,69,548,-479
119900285,54,133,-79
119900286,12,92,-80
119900288,5,38,-33
119900289,1,95,-94
119900290,7,38,-31
119900291,6,91,-85
119900292,50,26,24
119900293,37,5,32
119900294,28,1,27
119900295,4,0,4
119900296,6,0,6
119900299,76,346,-270
119900300,438,353,85
119900301,199,81,118
119900302,176,143,33
119900303,371,424,-53
119900304,271,61,210
119900305,32,173,-141
119900306,25,4,21
119900307,58,293,-235
119900308,5,24,-19
119900309,69,158,-89
119900310,375,435,-60
119900311,106,255,-149
119900312,132,139,-7
119900313,364,593,-229
119900314,209,511,-302
119900315,1800,3732,-1932
119900318,38,43,-5
119900319,20,468,-448
119900320,341,965,-624
119900321,106,8,98
119900322,40,116,-76
119900323,2,216,-214
119900324,2,56,-54
119900325,109,506,-397
119900326,137,118,19
120000001,10515,18171,-7656
120000002,3104,3798,-694
120000003,4423,2094,2329
120000004,3457,3047,410
120000005,5845,2688,3157
120000006,1561,1779,-218
120000007,4969,3812,1157
120000008,1531,2027,-496
120000009,4809,1365,3444
120000010,2350,3735,-1385
120000011,1569,3130,-1561
120000012,1917,4279,-2362
120000013,3466,3833,-367
120000014,929,2352,-1423
120000015,3435,2272,1163
120000016,4279,3540,739
120000017,5349,3530,1819
120000018,5767,12941,-7174
120000019,1097,2091,-994
120000020,4072,4371,-299
120000021,2217,3241,-1024
120000022,3861,5119,-1258
120000023,1112,2286,-1174
120000024,1740,3125,-1385
120000025,2735,3013,-278
120000026,1768,2419,-651
120000027,2071,2801,-730
120000028,1520,887,633
120000029,10997,1000,9997
120000030,1036,2718,-1682
120000031,2873,18360,-15487
120000032,12365,5791,6574
120000033,5795,3204,2591
120000034,2180,3075,-895
120000035,2256,3224,-968
120000036,3219,6832,-3613
120000037,920,2112,-1192
120000038,11410,4915,6495
120000039,780,1331,-551
120000040,266,439,-173
120000041,2225,2327,-102
120000042,2694,4310,-1616
120000043,6943,3175,3768
120000044,5791,2314,3477
120000045,6003,1641,4362
120000046,2816,3918,-1102
120000047,2170,6409,-4239
120000048,10768,5635,5133
120000049,4546,3921,625
120000050,5373,6154,-781
120000051,4388,6522,-2134
120000052,14879,3312,11567
120000053,1331,4316,-2985
120000054,1744,6850,-5106
120000055,2089,7472,-5383
120000056,4909,5746,-837
120000057,3603,932,2671
120000058,3992,552,3440
120000059,89,1904,-1815
120000061,235,834,-599
120000062,307,490,-183
120000063,2313,3816,-1503
120000064,342,1852,-1510
120000065,1090,2612,-1522
120000066,559,721,-162
120000067,143,785,-642
120000068,238,1410,-1172
120000069,981,2158,-1177
120000070,79,1258,-1179
120000071,403,273,130
120000072,671,671,0
120000073,737,148,589
120000074,317,120,197
120000075,1137,437,700
120000076,2684,629,2055
120000077,2286,858,1428
120000078,4375,1462,2913
120000079,301,233,68
120000080,177,351,-174
120000081,615,275,340
120000082,218,306,-88
120000083,94,687,-593
120000084,635,674,-39
120000085,559,621,-62
120000086,436,878,-442
120000087,250,1164,-914
120000088,1229,2118,-889
120000089,1366,1046,320
120000090,957,897,60
120000091,1186,1680,-494
120000092,1524,946,578
120000093,507,742,-235
120000094,211,865,-654
120000095,1220,837,383
120000096,330,1348,-1018
120000098,1205,1451,-246
120000099,571,1110,-539
120000100,979,1387,-408
120000101,634,721,-87
120000102,571,1017,-446
120000103,1756,962,794
120000104,2014,698,1316
120000105,2765,880,1885
120000106,2426,836,1590
120000107,3840,929,2911
120000108,1276,172,1104
120000109,1352,103,1249
120000110,113,1443,-1330
120000111,194,1698,-1504
120000112,937,4981,-4044
120000113,894,3722,-2828
120000114,1275,4198,-2923
120000115,416,3252,-2836
120000116,897,2966,-2069
120000117,1886,2091,-205
120000118,45,32,13
120000119,38,77,-39
120000120,86,89,-3
120000121,59,92,-33
120000122,384,564,-180
120000123,8297,6102,2195
120000124,512,677,-165
120000125,565,1148,-583
120000126,574,1084,-510
120000127,3258,1193,2065
120000128,4657,3921,736
120000129,415,383,32
120000130,1148,946,202
120000131,384,773,-389
120000134,590,1686,-1096
120000135,602,689,-87
120000137,316,2682,-2366
120000138,1014,904,110
120000139,377,1319,-942
120000140,798,967,-169
120000141,628,733,-105
120000142,859,974,-115
120000143,1,157,-156
120000144,115,2,113
120000145,347,2,345
120000146,2580,1311,1269
120000149,784,1551,-767
120000150,5605,12944,-7339
120000151,491,840,-349
120000152,631,403,228
120000153,327,1014,-687
120000154,639,615,24
120000155,128,408,-280
120000156,1826,1265,561
120000157,1236,1336,-100
120000158,1120,1341,-221
120000159,2387,3405,-1018
120000160,2828,2161,667
120000161,2601,3544,-943
120000162,207,362,-155
120000163,689,1833,-1144
120000164,496,656,-160
120000165,605,1460,-855
120000166,1400,956,444
120000167,64,134,-70
120000168,25,474,-449
120000169,59,859,-800
120000170,119,461,-342
120000171,37,165,-128
120000172,112,92,20
120000173,6976,610,6366
120000174,1624,36,1588
120000175,1389,47,1342
120000176,1000,79,921
120000177,3863,234,3629
120000178,579,31,548
120000179,1050,66,984
120000180,1803,179,1624
120000181,403,855,-452
120000182,179,382,-203
120000183,51,345,-294
120000184,222,1407,-1185
120000186,111,374,-263
120000187,144,102,42
120000188,838,177,661
120000190,2936,45,2891
120000191,2573,61,2512
120000192,1992,59,1933
120000193,1140,18,1122
120000195,162,16,146
120000196,707,159,548
120000197,236,381,-145
120000198,198,161,37
120000199,149,1,148
120000200,84,2,82
120000201,19,10,9
120000202,5,109,-104
120000203,48,402,-354
120000207,6,104,-98
120000208,9,369,-360
120000209,14,111,-97
120000210,144,158,-14
120000211,139,2,137
120000212,198,0,198
120000213,161,553,-392
120000214,1,559,-558
120000215,8,219,-211
120000216,95,14,81
120000217,1024,1511,-487
120000218,254,1093,-839
120000219,11,689,-678
120000220,17,2462,-2445
120000225,1377,4,1373
120000226,371,3,368
120000227,1017,71,946
120000228,9305,4252,5053
120000230,393,22,371
120000231,1431,3288,-1857
120000233,305,12,293
120000235,199,1036,-837
120000236,1356,3,1353
120000237,8,2651,-2643
120000238,1,425,-424
120000241,1589,5020,-3431
120000412,1789,26,1763
120000413,345,459,-114
120000414,137,3,134
120000415,3,271,-268
120000416,239,7,232
120000417,7,198,-191
120000418,126,21,105
120000419,28,585,-557
120000420,86,56,30
120000421,16694,7949,8745
120000422,214,1087,-873
120000423,11,64,-53
120000424,85,235,-150
120000436,142,732,-590
120000437,213,245,-32
120000438,4982,393,4589
120000439,256,578,-322
120000443,245,2,243
120000444,1680,1101,579
120000445,2487,1620,867
120000446,1292,373,919
120000447,216,14,202
120000449,112,13,99
120000450,9,436,-427
120000451,190,343,-153
120000452,175,3,172
120000453,0,806,-806
120000454,135,73,62
120000455,125,107,18
120000456,3262,4991,-1729
120000457,1912,948,964
120000458,763,944,-181
120000459,150,177,-27
120000665,3657,400,3257
120000668,174,540,-366
120000669,92,309,-217
120000670,518,608,-90
120000671,2372,675,1697
120000672,143,648,-505
120900001,102,121,-19
120900002,730,593,137
120900003,486,63,423
120900004,9,101,-92
120900005,50,1678,-1628
120900006,389,310,79
120900007,173,243,-70
120900008,264,1829,-1565
120900009,1423,116,1307
120900010,646,126,520
120900011,512,224,288
120900012,1117,1520,-403
120900013,405,128,277
120900014,6,1024,-1018
120900015,1229,132,1097
120900016,980,109,871
120900017,4229,185,4044
120900018,163,774,-611
120900019,782,307,475
120900020,1125,1578,-453
120900021,720,223,497
120900022,92,610,-518
120900023,229,48,181
120900024,2491,719,1772
120900025,2810,1373,1437
120900026,284,267,17
120900027,1528,70,1458
120900028,444,95,349
120900029,265,459,-194
120900030,1384,990,394
120900031,264,120,144
120900032,992,229,763
120900033,1178,100,1078
120900034,36,3341,-3305
120900035,70,263,-193
120900037,262,10,252
120900038,60,238,-178
120900039,117,64,53
120900040,357,9,348
120900041,203,104,99
120900042,468,103,365
120900043,82,40,42
120900044,19,686,-667
120900045,291,301,-10
120900046,462,4,458
120900047,211,95,116
120900048,132,55,77
120900049,409,1,408
120900050,4528,1714,2814
120900051,363,202,161
120900052,664,12,652
120900053,346,135,211
120900054,2476,1217,1259
120900055,389,5,384
120900056,490,21,469
120900057,149,32,117
120900058,548,2,546
120900059,83,8,75
120900060,109,64,45
120900061,361,518,-157
120900062,214,2,212
120900063,584,10,574
120900064,512,2,510
120900065,472,1,471
120900066,477,597,-120
120900067,205,68,137
120900068,292,2,290
120900069,296,112,184
120900071,28,1,27
120900072,784,4,780
120900073,494,326,168
120900074,749,16,733
120900076,1020,0,1020
120900077,5727,617,5110
120900078,833,1323,-490
120900079,752,170,582
120900080,722,2832,-2110
120900081,1008,1427,-419
120900082,902,665,237
120900083,306,3,303
120900084,298,455,-157
120900085,162,243,-81
120900086,212,398,-186
120900087,504,368,136
120900088,296,431,-135
120900089,5770,3101,2669
120900090,207,343,-136
120900091,767,957,-190
120900092,1656,937,719
120900093,4393,404,3989
120900094,743,366,377
120900095,824,76,748
120900096,86,346,-260
120900097,978,1228,-250
120900098,413,300,113
120900099,119,113,6
120900100,185,459,-274
120900101,1037,510,527
120900102,59,252,-193
120900103,34,275,-241
120900104,42,82,-40
120900105,56,933,-877
120900106,1994,788,1206
120900107,330,263,67
120900108,6,1085,-1079
120900109,54,937,-883
120900110,28,2204,-2176
120900111,238,582,-344
120900112,18,1491,-1473
120900113,15,1370,-1355
120900114,52,225,-173
120900115,274,320,-46
120900116,482,696,-214
120900117,4,899,-895
120900118,11,1192,-1181
120900119,5314,11942,-6628
120900120,98,924,-826
120900121,211,710,-499
120900122,573,833,-260
120900123,4,659,-655
120900124,3,949,-946
120900125,4,1459,-1455
120900126,2220,1593,627
120900127,25,738,-713
120900128,1463,2011,-548
120900129,74,484,-410
120900130,4,545,-541
120900131,72,105,-33
120900132,1007,616,391
120900133,286,1448,-1162
120900134,1001,601,400
120900135,15,907,-892
120900136,156,127,29
120900137,239,149,90
120900138,35,295,-260
120900139,11,1019,-1008
120900140,5,174,-169
120900141,348,266,82
120900142,48,970,-922
120900143,4,1332,-1328
120900144,1,299,-298
120900145,413,1213,-800
120900146,9,1592,-1583
120900147,2,717,-715
120900148,173,275,-102
120900149,2,520,-518
120900150,51,862,-811
120900151,6,941,-935
120900152,8,100,-92
120900153,25,174,-149
120900154,2,454,-452
120900155,219,1509,-1290
120900156,45,589,-544
120900157,85,464,-379
120900158,54,833,-779
120900159,184,571,-387
120900160,45,784,-739
120900161,60,770,-710
120900162,43,869,-826
120900163,37,689,-652
120900164,3,11,-8
120900165,5,13,-8
120900166,293,338,-45
120900167,713,218,495
120900169,100,699,-599
120900170,2921,3386,-465
120900171,1710,593,1117
120900172,4186,745,3441
120900173,1,84,-83
120900174,14,169,-155
120900175,408,305,103
120900176,15,506,-491
120900177,3,1352,-1349
120900178,0,609,-609
120900179,1323,759,564
120900180,228,154,74
120900181,275,143,132
120900182,18,1280,-1262
120900183,528,389,139
120900184,228,115,113
120900185,21,757,-736
120900186,5,680,-675
120900187,651,1489,-838
120900188,196,21,175
120900189,266,1187,-921
120900190,69,22,47
120900191,8,57,-49
120900192,16534,7460,9074
120900194,68,164,-96
120900195,181,376,-195
120900196,1557,115,1442
120900197,827,144,683
120900198,413,827,-414
120900199,452,482,-30
120900200,111,195,-84
120900201,735,281,454
120900202,4,282,-278
120900203,40,124,-84
120900204,192,409,-217
120900205,74,114,-40
120900206,16,46,-30
120900207,146,2079,-1933
121000001,1335,1452,-117
121000002,4113,2699,1414
121000003,4694,2719,1975
121000004,4412,8793,-4381
121000005,2800,3818,-1018
121000006,5344,2506,2838
121000007,5138,3623,1515
121000008,10670,5498,5172
121000009,8473,7915,558
121000010,13387,9759,3628
121000011,12063,18347,-6284
121000012,20917,15548,5369
121000013,6475,10310,-3835
121000014,9135,8932,203
121000015,7088,9401,-2313
121000016,6192,5656,536
121000017,3299,5206,-1907
121000018,3064,2685,379
121000019,25860,15425,10435
121000020,17723,19658,-1935
121000021,5118,4589,529
121000022,4133,3888,245
121000023,5711,4283,1428
121000024,6530,6583,-53
121000025,911,2267,-1356
121000026,491,240,251
121000027,1881,1596,285
121000028,1095,702,393
121000029,1515,999,516
121000030,937,618,319
121000031,1301,847,454
121000032,394,137,257
121000034,1011,271,740
121000035,393,142,251
121000036,2114,1429,685
121000037,1010,841,169
121000038,931,1013,-82
121000039,649,803,-154
121000041,1032,673,359
121000042,391,519,-128
121000043,1083,749,334
121000044,2301,1183,1118
121000045,738,409,329
121000046,932,1281,-349
121000047,449,176,273
121000049,2774,927,1847
121000050,602,1458,-856
121000051,1221,451,770
121000052,767,941,-174
121000053,617,130,487
121000054,67,403,-336
121000055,1886,1387,499
121000056,1099,1316,-217
121000057,486,807,-321
121000058,502,216,286
121000059,3000,1701,1299
121000060,620,1224,-604
121000061,304,281,23
121000062,278,510,-232
121000063,883,808,75
121000064,935,1049,-114
121000065,578,527,51
121000066,802,769,33
121000067,1218,571,647
121000068,1145,706,439
121000069,1410,896,514
121000070,2909,1690,1219
121000071,2231,2002,229
121000072,2824,1084,1740
121000073,2071,1296,775
121000074,244,203,41
121000075,106,323,-217
121000076,1798,519,1279
121000077,228,288,-60
121000078,188,202,-14
121000080,3512,1135,2377
121000081,5397,4497,900
121000082,149,276,-127
121000083,275,181,94
121000084,229,224,5
121000085,297,706,-409
121000086,236,975,-739
121000087,114,402,-288
121000088,598,943,-345
121000089,556,489,67
121000090,675,535,140
121000091,1992,1079,913
121000092,220,103,117
121000093,191,257,-66
121000094,610,1274,-664
121000095,489,828,-339
121000096,2519,3359,-840
121000097,1443,2640,-1197
121000098,797,1621,-824
121000099,906,1165,-259
121000100,1181,815,366
121000101,577,462,115
121000102,466,461,5
121000103,359,438,-79
121000104,362,212,150
121000105,481,368,113
121000106,357,562,-205
121000107,3256,4608,-1352
121000109,1871,1343,528
121000110,394,1049,-655
121000114,3439,2476,963
121000115,1370,977,393
121000116,410,1215,-805
121000117,1009,297,712
121000118,1882,339,1543
121000119,557,545,12
121000120,387,628,-241
121000121,823,1681,-858
121000123,2454,871,1583
121000126,159,482,-323
121000127,293,142,151
121000128,1169,732,437
121000129,1126,771,355
121000130,715,1378,-663
121000131,3372,2508,864
121000132,2199,2177,22
121000135,628,1054,-426
121000136,2815,908,1907
121000137,585,408,177
121000138,2401,1167,1234
121000139,1207,209,998
121000141,375,254,121
121000142,1127,1146,-19
121000143,192,28,164
121000144,1353,1958,-605
121000145,864,1489,-625
121000146,1650,1270,380
121000147,1349,758,591
121000148,1351,1458,-107
121000149,2952,2037,915
121000152,831,1025,-194
121000153,2788,1147,1641
121000154,1333,1288,45
121000155,1900,1569,331
121000156,618,1456,-838
121000157,1695,2906,-1211
121000158,517,893,-376
121000159,215,706,-491
121000160,397,732,-335
121000161,223,443,-220
121000162,144,309,-165
121000165,2186,2261,-75
121000166,30,810,-780
121000168,716,384,332
121000169,101,224,-123
121000170,479,229,250
121000171,96,228,-132
121000172,976,692,284
121000173,2135,1397,738
121000174,457,513,-56
121000175,1273,515,758
121000176,547,288,259
121000177,1568,887,681
121000178,196,73,123
121000179,112,97,15
121000181,566,586,-20
121000182,182,233,-51
121000183,137,158,-21
121000184,351,158,193
121000185,57,233,-176
121000186,260,643,-383
121000187,215,311,-96
121000188,254,304,-50
121000192,1004,484,520
121000193,956,654,302
121000194,3278,2993,285
121000195,447,1164,-717
121000196,1233,343,890
121000197,511,927,-416
121000198,593,148,445
121000199,318,545,-227
121000200,1164,106,1058
121000201,8,303,-295
121000202,1430,162,1268
121000203,1384,2849,-1465
121000204,3866,1042,2824
121000205,360,437,-77
121000206,379,38,341
121000207,2722,593,2129
121000208,12,554,-542
121000209,455,522,-67
121000210,548,670,-122
121000211,389,226,163
121000212,425,992,-567
121000213,11809,4128,7681
121000214,1036,4098,-3062
121000215,1587,1123,464
121000216,762,1093,-331
121000217,7416,4880,2536
121000218,736,2104,-1368
121000219,2824,713,2111
121000220,388,54,334
121000221,255,333,-78
121000222,3647,2901,746
121000223,1008,365,643
121000224,494,181,313
121000225,4315,1851,2464
121000226,13353,1855,11498
121000227,20,225,-205
121000228,26,779,-753
121000229,398,527,-129
121000230,74,2006,-1932
121000231,1003,57,946
121000232,420,478,-58
121000233,733,409,324
121000234,70,54,16
121000235,112,80,32
121000236,13,101,-88
121000237,45,31,14
121000238,10,124,-114
121000239,73,7,66
121000240,15,423,-408
121000241,133,28,105
121000242,53,279,-226
121000243,496,104,392
121000244,26,85,-59
121000245,143,18,125
121000246,4,114,-110
121000247,107,14,93
121000248,1328,696,632
121000249,190,409,-219
121000250,958,184,774
121000251,29,645,-616
121000252,147,107,40
121000253,895,660,235
121000254,1915,412,1503
121000255,737,263,474
121000256,1207,385,822
121000257,131,98,33
121000258,714,81,633
121000259,230,96,134
121000260,383,215,168
121000261,341,83,258
121000262,1447,1768,-321
121000263,598,540,58
121000271,380,1957,-1577
121000273,339,9,330
121000274,24,46,-22
121000275,5,25,-20
121000276,9,38,-29
121000278,255,72,183
121000279,97,23,74
121000280,312,80,232
121000289,327,36,291
121000290,1674,1041,633
121000294,234,294,-60
121000297,1241,1884,-643
121000299,822,360,462
121000300,905,1049,-144
121000302,195,2183,-1988
121000303,820,1167,-347
121000304,589,108,481
121000305,248,55,193
121000306,158,167,-9
121000308,213,643,-430
121000309,759,834,-75
121000310,148,544,-396
121000311,133,1212,-1079
121000312,498,334,164
121000313,607,906,-299
121000314,187,188,-1
121000315,66,189,-123
121000530,1677,1954,-277
121000531,2603,2031,572
121000532,8745,8714,31
121000533,3430,4048,-618
121000918,140,210,-70
121000919,81,78,3
121000938,436,974,-538
121000939,500,1135,-635
121000956,1335,2099,-764
121000957,9,16,-7
121000958,374,70,304
121000959,1007,1206,-199
121000960,2578,3004,-426
121000961,333,192,141
121000962,348,1437,-1089
121000973,1,187,-186
121000976,24,269,-245
121000979,564,215,349
121000981,388,328,60
121000982,452,282,170
121000983,511,590,-79
121000984,95,83,12
121000985,690,901,-211
121000986,770,378,392
121000987,341,1534,-1193
121000988,927,200,727
121001302,481,197,284
121001308,16,10,6
121001309,220,173,47
121001313,526,315,211
121001314,3289,4770,-1481
121001315,6036,3703,2333
121900001,170,267,-97
121900002,211,21,190
121900003,540,40,500
121900004,187,536,-349
121900005,41,4,37
121900006,138,42,96
121900007,2713,3613,-900
121900008,2477,492,1985
121900009,913,30,883
121900010,310,7,303
121900011,416,647,-231
121900012,47,2,45
121900013,2511,67,2444
121900014,2001,466,1535
121900015,235,298,-63
121900016,10,55,-45
121900017,888,849,39
121900018,424,10,414
121900019,521,399,122
121900020,38,5,33
121900021,887,20,867
121900022,325,326,-1
121900023,216,556,-340
121900024,492,135,357
121900025,729,526,203
121900026,440,55,385
121900027,562,195,367
121900028,351,39,312
121900029,257,241,16
121900030,868,982,-114
121900031,1568,9866,-8298
121900032,146,126,20
121900033,180,238,-58
121900034,563,110,453
121900035,3755,3178,577
121900036,139,461,-322
121900037,269,1024,-755
121900038,55,299,-244
121900039,526,76,450
121900040,107,130,-23
121900041,72,217,-145
121900042,441,151,290
121900043,42,10,32
121900044,286,69,217
121900046,544,401,143
121900047,276,85,191
121900048,83,238,-155
121900050,31,68,-37
121900051,224,234,-10
121900052,160,45,115
121900053,924,544,380
121900054,697,1335,-638
121900055,15,18,-3
121900058,333,267,66
121900059,548,210,338
121900060,214,457,-243
121900061,674,277,397
121900062,251,210,41
121900063,2409,444,1965
121900064,432,841,-409
121900066,97,35,62
121900067,86,77,9
121900069,189,160,29
121900070,426,156,270
121900071,345,383,-38
121900072,62,261,-199
121900073,474,232,242
121900074,1041,1296,-255
121900075,1222,463,759
121900076,1093,878,215
121900077,27,68,-41
121900078,155,61,94
121900079,1,4,-3
121900080,1307,609,698
121900082,80,172,-92
121900084,19,253,-234
121900085,1,18,-17
121900086,11,83,-72
121900087,209,141,68
121900088,2734,4369,-1635
121900089,228,478,-250
121900090,69,171,-102
121900091,52,215,-163
121900092,181,143,38
121900093,93,99,-6
121900094,18,13,5
121900095,253,233,20
121900096,1846,1080,766
121900097,788,254,534
121900098,10,5,5
121900099,320,124,196
121900100,402,630,-228
121900101,346,373,-27
121900102,14,187,-173
121900103,1177,335,842
121900104,1756,489,1267
121900105,322,296,26
121900106,11,7,4
121900107,79,55,24
121900108,2,34,-32
121900109,434,245,189
121900110,596,1556,-960
121900111,1893,193,1700
121900112,341,197,144
121900113,88,790,-702
121900114,87,141,-54
121900117,888,101,787
121900118,3098,811,2287
121900119,265,146,119
121900120,82,1941,-1859
121900121,762,75,687
121900122,43,132,-89
121900123,269,634,-365
121900124,158,207,-49
121900125,1692,1685,7
121900127,8,141,-133
121900128,132,144,-12
121900129,886,196,690
121900130,144,320,-176
121900131,456,88,368
121900132,134,138,-4
121900133,130,598,-468
121900134,25,209,-184
121900135,3450,492,2958
121900136,558,632,-74
121900137,65,489,-424
121900138,208,331,-123
121900139,464,576,-112
121900140,128,288,-160
121900141,54,60,-6
121900142,232,243,-11
121900143,23,278,-255
121900144,150,361,-211
121900145,308,520,-212
121900146,879,1166,-287
121900147,54,221,-167
121900148,280,393,-113
121900149,556,969,-413
121900150,79,194,-115
121900151,110,291,-181
121900152,146,212,-66
121900153,152,840,-688
121900154,20,267,-247
121900155,3,181,-178
121900156,272,161,111
121900157,4,581,-577
121900158,107,137,-30
121900159,0,287,-287
121900160,42,378,-336
121900161,517,431,86
121900162,139,237,-98
121900163,285,907,-622
121900164,688,256,432
121900165,374,228,146
121900166,415,268,147
121900167,177,150,27
121900168,242,281,-39
121900169,6,332,-326
121900170,9,390,-381
121900171,896,797,99
121900172,609,341,268
121900173,1332,305,1027
121900174,47,110,-63
121900175,352,204,148
121900176,925,1951,-1026
121900177,284,110,174
121900178,62,78,-16
121900179,579,274,305
121900180,6214,5674,540
121900182,1274,399,875
121900183,1080,1022,58
121900184,91,868,-777
121900186,21,458,-437
121900187,68,257,-189
121900188,792,834,-42
121900189,46,149,-103
121900190,548,617,-69
121900191,152,448,-296
121900192,460,872,-412
121900193,123,253,-130
121900194,7,238,-231
121900195,131,152,-21
121900196,1184,1844,-660
121900197,549,2200,-1651
121900198,1343,1597,-254
121900199,5,28,-23
121900200,231,319,-88
121900201,1851,1105,746
121900202,192,924,-732
121900203,286,1433,-1147
121900204,1259,1722,-463
121900205,35,122,-87
121900206,25,24,1
121900207,205,86,119
121900208,286,389,-103
121900209,63,46,17
121900210,2126,1423,703
121900211,21,117,-96
121900212,235,157,78
121900213,171,155,16
121900214,10,836,-826
121900215,105,149,-44
121900216,121,221,-100
121900217,342,195,147
121900218,312,622,-310
121900220,215,20,195
121900221,378,1157,-779
121900222,316,203,113
121900223,223,86,137
121900224,158,75,83
121900225,387,167,220
121900226,302,1189,-887
121900227,309,697,-388
121900228,317,553,-236
121900230,191,385,-194
121900231,784,2029,-1245
121900232,491,552,-61
121900233,296,320,-24
121900234,526,392,134
121900235,795,353,442
121900236,437,217,220
121900237,186,372,-186
121900238,224,529,-305
121900239,280,66,214
121900240,270,207,63
121900241,54,85,-31
121900242,9,0,9
121900243,15,1,14
121900244,30,9,21
121900245,201,107,94
121900246,2603,435,2168
121900247,383,315,68
121900248,1912,1614,298
121900250,326,338,-12
121900251,436,61,375
121900252,749,200,549
121900253,191,994,-803
121900254,605,331,274
121900255,385,125,260
121900258,4155,2897,1258
121900259,604,899,-295
121900260,215,309,-94
121900261,269,805,-536
121900262,537,1513,-976
121900263,356,425,-69
121900264,2986,2293,693
121900265,431,352,79
121900266,533,243,290
121900267,112,50,62
121900269,335,818,-483
121900270,34,301,-267
121900271,58,259,-201
121900273,780,2740,-1960
121900274,302,308,-6
121900277,665,1404,-739
121900278,265,1077,-812
121900279,228,210,18
121900280,302,445,-143
121900281,1114,513,601
121900284,189,13,176
121900286,595,191,404
121900287,14,62,-48
121900288,24,0,24
121900290,278,404,-126
121900291,551,885,-334
121900292,257,185,72
121900293,1165,3306,-2141
121900294,361,5,356
121900295,185,361,-176
121900296,217,240,-23
121900298,685,761,-76
121900299,0,2,-2
121900300,48,0,48
121900301,97,20,77
121900302,0,53,-53
121900303,810,558,252
121900304,0,21,-21
121900305,5,8,-3
121900306,70,1,69
121900307,31,24,7
121900308,40,374,-334
121900309,24,368,-344
121900310,25,595,-570
121900311,362,97,265
121900312,336,32,304
121900313,712,66,646
121900314,20,109,-89
121900315,11,1,10
121900316,0,9,-9
121900317,16,5,11
121900318,8,16,-8
121900319,33,370,-337
121900320,107,176,-69
121900321,14,0,14
121900322,2,37,-35
121900323,19,11,8
121900324,18,69,-51
121900325,3,0,3
121900326,5,22,-17
121900327,6,85,-79
121900328,1,35,-34
121900329,0,333,-333
121900330,1,31,-30
121900331,60,47,13
121900332,146,63,83
121900333,20,2,18
122000001,3484,5705,-2221
122000002,6594,2340,4254
122000003,3039,3267,-228
122000004,4533,2136,2397
122000005,3241,1979,1262
122000006,2290,1015,1275
122000007,1633,2260,-627
122000008,6080,6764,-684
122000009,521,420,101
122000010,2605,3545,-940
122000011,4098,1680,2418
122000012,1393,1543,-150
122000013,2654,1423,1231
122000014,1981,1973,8
122000015,1842,1377,465
122000016,843,1096,-253
122000017,1329,1292,37
122000018,1763,1425,338
122000019,1015,1532,-517
122000020,324,250,74
122000021,654,652,2
122000022,1800,1569,231
122000023,940,2859,-1919
122000024,1040,1189,-149
122000025,2450,1816,634
122000026,1427,1098,329
122000027,798,4557,-3759
122000028,963,596,367
122000029,612,512,100
122000030,446,206,240
122000031,213,291,-78
122000032,2357,3559,-1202
122000033,1170,1275,-105
122000034,1124,837,287
122000035,426,1113,-687
122000036,778,699,79
122000037,472,341,131
122000038,379,528,-149
122000039,888,807,81
122000040,454,634,-180
122000041,683,742,-59
122000042,447,597,-150
122000043,217,173,44
122000044,147,184,-37
122000045,2072,619,1453
122000046,1028,1321,-293
122000047,378,293,85
122000048,4758,6673,-1915
122000049,7963,3716,4247
122000050,2147,841,1306
122000051,500,433,67
122000052,662,403,259
122000053,199,937,-738
122000054,3238,2668,570
122000055,2879,3543,-664
122000056,6203,4832,1371
122000057,4636,4376,260
122000058,4112,1588,2524
122000059,3919,1919,2000
122000060,1101,751,350
122000061,629,574,55
122000062,1514,450,1064
122000063,2187,935,1252
122000064,4933,3074,1859
122000065,7102,3205,3897
122000066,1616,1241,375
122000067,2870,1714,1156
122000068,2060,2024,36
122000069,879,873,6
122000070,1031,4432,-3401
122000071,1966,1964,2
122000072,419,508,-89
122000073,568,659,-91
122000074,3474,2028,1446
122000075,815,1968,-1153
122000076,2575,1502,1073
122000077,2381,943,1438
122000078,3269,2749,520
122000079,3060,1452,1608
122000080,1693,505,1188
122000081,348,463,-115
122000082,1631,1100,531
122000083,2047,3973,-1926
122000084,1785,1186,599
122000085,384,2399,-2015
122000086,3300,6674,-3374
122000087,619,287,332
122000088,488,551,-63
122000089,8995,4050,4945
122000090,380,708,-328
122000091,511,129,382
122000092,342,24,318
122000093,2717,1424,1293
122000094,10075,2728,7347
122000095,4366,4037,329
122000096,3321,2659,662
122000098,4325,2321,2004
122000099,4791,848,3943
122000100,1446,949,497
122000101,341,1476,-1135
122000102,2451,1602,849
122000103,2681,1938,743
122000104,631,277,354
122000105,740,340,400
122000106,708,714,-6
122000107,1207,645,562
122000108,474,939,-465
122000109,417,496,-79
122000110,544,643,-99
122000111,3222,1631,1591
122000112,1070,2129,-1059
122000113,720,904,-184
122000114,6316,2066,4250
122000115,2090,2672,-582
122000116,906,725,181
122000117,2429,641,1788
122000118,760,1248,-488
122000119,6263,4422,1841
122000120,3749,9389,-5640
122000121,4314,5428,-1114
122000122,1234,2524,-1290
122000123,3035,2875,160
122000124,1487,954,533
122000125,899,947,-48
122000126,993,1936,-943
122000127,1772,2271,-499
122000128,742,1212,-470
122000129,568,2063,-1495
122000130,5456,2321,3135
122000131,3131,3051,80
122000132,1019,952,67
122000133,1417,2227,-810
122000134,1335,1100,235
122000135,1014,989,25
122000136,1307,936,371
122000137,2101,1350,751
122000139,2066,4476,-2410
122000140,1686,795,891
122000141,6201,1498,4703
122000142,673,1085,-412
122000143,743,1228,-485
122000144,2578,3052,-474
122000145,2217,1401,816
122000146,930,2052,-1122
122000147,1158,715,443
122000148,2988,2141,847
122000149,2983,2329,654
122000150,1854,1482,372
122000151,393,572,-179
122000152,579,642,-63
122000153,476,599,-123
122000154,471,299,172
122000155,2398,3831,-1433
122000156,2597,2690,-93
122000157,2125,1933,192
122000158,583,1075,-492
122000159,1400,3287,-1887
122000160,8288,5242,3046
122000161,2032,2080,-48
122000162,3265,2797,468
122000163,314,120,194
122000164,32,84,-52
122000165,1698,963,735
122000166,2031,1643,388
122000167,300,309,-9
122000168,234,695,-461
122000169,680,284,396
122000170,472,274,198
122000171,41,94,-53
122000172,1887,1850,37
122000173,1793,2862,-1069
122000174,3794,1011,2783
122000175,1995,477,1518
122000176,377,810,-433
122000177,2430,1667,763
122000178,4204,4105,99
122000179,2491,3585,-1094
122000180,2359,1687,672
122000181,2358,4298,-1940
122000182,2267,2051,216
122000183,2356,1599,757
122000184,3052,2533,519
122000185,1560,1632,-72
122000186,707,951,-244
122000187,2769,1392,1377
122000188,617,262,355
122000189,347,399,-52
122000190,1684,1497,187
122000191,1521,1096,425
122000192,1756,494,1262
122000193,654,855,-201
122000194,1162,279,883
122000195,324,564,-240
122000196,1751,750,1001
122000197,733,900,-167
122000198,651,1052,-401
122000199,523,409,114
122000200,1787,1112,675
122000201,1785,1647,138
122000202,1692,1353,339
122000203,5388,2076,3312
122000204,2504,2721,-217
122000205,2267,2176,91
122000206,2966,1162,1804
122000207,2697,1726,971
122000208,4126,1872,2254
122000209,3759,508,3251
122000210,3329,2415,914
122000211,2294,1513,781
122000212,1100,890,210
122000213,1468,2041,-573
122000214,2815,2195,620
122000215,2660,1995,665
122000217,3023,1745,1278
122000218,1112,110,1002
122000219,1750,1253,497
122000220,459,846,-387
122000221,121,619,-498
122000222,877,227,650
122000223,2210,622,1588
122000225,1352,432,920
122000226,3551,2671,880
122000227,584,3676,-3092
122000228,635,576,59
122000229,57,697,-640
122000230,137,860,-723
122000231,528,1127,-599
122000232,1145,1432,-287
122000233,0,158,-158
122000234,498,244,254
122000235,1681,274,1407
122000236,1431,264,1167
122000237,165,119,46
122000238,559,509,50
122000239,982,182,800
122000240,1684,706,978
122000241,1960,711,1249
122000242,1152,184,968
122000243,514,50,464
122000244,31,402,-371
122000245,96,152,-56
122000246,226,111,115
122000247,875,534,341
122000248,1735,2334,-599
122000249,1943,1276,667
122000250,3515,1865,1650
122000251,393,640,-247
122000252,757,217,540
122000253,47,367,-320
122000254,333,176,157
122000255,1167,2245,-1078
122000256,570,1497,-927
122000257,242,418,-176
122000258,358,352,6
122000259,19,751,-732
122000260,16,103,-87
122000261,19,306,-287
122000262,0,72,-72
122000263,354,162,192
122000264,1487,612,875
122000265,3929,1151,2778
122000266,7765,919,6846
122000267,238,179,59
122000268,288,493,-205
122000269,1483,464,1019
122000270,1869,194,1675
122000271,482,1389,-907
122000272,481,1407,-926
122000273,631,646,-15
122000274,332,281,51
122000275,240,260,-20
122000276,1002,751,251
122000277,2090,1985,105
122000278,2735,1230,1505
122000279,297,706,-409
122000280,1500,1041,459
122000281,1310,1122,188
122000282,378,219,159
122000283,1091,126,965
122000284,330,134,196
122000285,783,131,652
122000286,267,187,80
122000287,2360,1884,476
122000288,1200,417,783
122000291,2080,1061,1019
122000293,469,425,44
122000294,165,311,-146
122000295,1916,344,1572
122000296,83,878,-795
122000297,3938,3580,358
122000299,538,669,-131
122000300,646,873,-227
122000301,16420,4644,11776
122000302,1448,2023,-575
122000303,5527,1933,3594
122000304,111,335,-224
122000305,1371,581,790
122000306,54,1187,-1133
122000307,417,214,203
122000309,204,75,129
122000310,92,105,-13
122000311,423,253,170
122000312,172,110,62
122000313,180,97,83
122000314,150,350,-200
122000315,346,61,285
122000316,861,302,559
122000317,1620,289,1331
122000318,379,1074,-695
122000319,352,724,-372
122000320,455,2494,-2039
122000321,146,325,-179
122000322,3286,3444,-158
122000323,1907,2896,-989
122000324,1747,1358,389
122000325,1270,1852,-582
122000326,84,162,-78
122000327,966,1520,-554
122000328,1434,948,486
122000330,3142,1128,2014
122000332,449,477,-28
122000333,9,163,-154
122000337,1249,2076,-827
122000338,567,701,-134
122000340,493,398,95
122000342,3353,1308,2045
122000343,622,1698,-1076
122000344,100,52,48
122000345,233,55,178
122000346,487,767,-280
122000348,893,1062,-169
122000349,192,1131,-939
122000351,111,262,-151
122000352,578,233,345
122000353,106,116,-10
122000355,231,256,-25
122000356,2751,1155,1596
122000357,169,33,136
122000358,0,105,-105
122000359,0,49,-49
122000360,1,54,-53
122000362,7,122,-115
122000364,211,485,-274
122000365,4,64,-60
122000366,16,10,6
122000368,629,894,-265
122000370,32,74,-42
122000371,37,1,36
122000372,33,4,29
122000381,99,456,-357
122000382,125,320,-195
122000384,5245,2261,2984
122000385,128,3,125
122000386,844,1734,-890
122000387,1130,597,533
122000388,2191,904,1287
122000389,234,887,-653
122000390,787,323,464
122000391,602,161,441
122000392,239,308,-69
122000393,288,210,78
122000394,833,483,350
122000395,214,251,-37
122000396,481,169,312
122000397,114,125,-11
122000398,51,84,-33
122000399,240,88,152
122000400,247,557,-310
122000401,165,133,32
122000402,481,163,318
122000403,631,1389,-758
122000404,223,357,-134
122000408,1192,1978,-786
122000503,13,194,-181
122000524,213,145,68
122000544,119,4928,-4809
122000616,417,9,408
122000640,72,194,-122
122000641,133,521,-388
122000642,2289,1462,827
122000643,64,183,-119
122000644,257,29,228
122000645,136,318,-182
122000651,2983,877,2106
122000664,155,84,71
122000665,1576,680,896
122000666,770,1409,-639
122000673,49,432,-383
122000674,144,76,68
122000675,2204,1562,642
122000686,687,1618,-931
122000687,2600,471,2129
122000688,343,962,-619
122000689,1190,914,276
122000690,1905,832,1073
122000691,681,2747,-2066
122000692,2047,636,1411
122000693,854,2759,-1905
122000695,355,734,-379
122000696,479,462,17
122000698,381,1150,-769
122000699,340,206,134
122000701,1704,493,1211
122000702,608,1805,-1197
122000703,205,95,110
122000717,282,78,204
122000718,547,1172,-625
122000719,171,104,67
122000720,435,372,63
122000724,186,38,148
122900001,64,18,46
122900002,1948,6142,-4194
122900003,574,90,484
122900004,1229,61,1168
122900005,164,69,95
122900006,2276,496,1780
122900007,301,109,192
122900008,1293,128,1165
122900009,1044,670,374
122900010,312,265,47
122900012,283,432,-149
122900014,184,463,-279
122900015,2771,1088,1683
122900016,211,436,-225
122900017,495,1283,-788
122900018,319,31,288
122900019,24,238,-214
122900020,837,539,298
122900021,77,1251,-1174
122900022,997,1050,-53
122900023,662,346,316
122900024,177,149,28
122900025,23,317,-294
122900026,172,460,-288
122900027,79,991,-912
122900028,165,284,-119
122900029,6148,3899,2249
122900030,1646,660,986
122900031,143,273,-130
122900032,154,513,-359
122900033,430,196,234
122900034,5641,7549,-1908
122900035,73,19,54
122900036,63,191,-128
122900037,768,197,571
122900038,225,4388,-4163
122900039,139,740,-601
122900040,486,495,-9
122900041,453,324,129
122900042,286,361,-75
122900043,736,249,487
122900044,173,507,-334
122900045,130,191,-61
122900046,492,221,271
122900047,385,277,108
122900048,60,451,-391
122900049,2124,235,1889
122900051,118,144,-26
122900052,105,198,-93
122900053,55,43,12
122900055,704,220,484
122900057,444,116,328
122900061,510,302,208
122900062,573,1023,-450
122900063,244,468,-224
122900064,2117,591,1526
122900065,718,300,418
122900066,845,446,399
122900067,1936,1060,876
122900068,283,422,-139
122900069,541,3188,-2647
122900070,609,53,556
122900071,135,583,-448
122900072,15,813,-798
122900073,68,390,-322
122900074,1050,1054,-4
122900075,3,119,-116
122900076,7,287,-280
122900077,0,218,-218
122900078,233,164,69
122900080,102,41,61
122900081,349,239,110
122900082,902,397,505
122900083,196,303,-107
122900084,19,331,-312
122900086,17,148,-131
122900087,564,663,-99
122900088,92,148,-56
122900089,334,254,80
122900090,28,775,-747
122900091,264,1,263
122900092,0,321,-321
122900093,0,416,-416
122900094,3,345,-342
122900095,267,7,260
122900096,376,384,-8
122900097,50,36,14
122900098,171,144,27
122900099,61,22,39
122900100,1375,353,1022
122900101,1021,458,563
122900102,29,32,-3
122900103,158,15,143
122900104,162,16,146
122900105,6,6,0
122900106,9,164,-155
122900107,9,324,-315
122900108,4,330,-326
123000001,2494,566,1928
123000002,6386,5177,1209
123000003,4984,4914,70
123000004,4080,5738,-1658
123000005,3554,3770,-216
123000006,3459,3866,-407
123000007,5146,3487,1659
123000008,3752,4940,-1188
123000009,5923,4235,1688
123000010,4702,4483,219
123000011,4443,1248,3195
123000012,1152,2962,-1810
123000013,4498,1248,3250
123000014,1568,4615,-3047
123000015,6211,1629,4582
123000016,8001,5718,2283
123000017,4186,2229,1957
123000018,118,197,-79
123000019,347,458,-111
123000020,220,179,41
123000021,154,449,-295
123000022,557,3267,-2710
123000023,1992,1863,129
123000024,1783,756,1027
123000025,353,337,16
123000026,14,77,-63
123000027,925,573,352
123000028,2937,284,2653
123000029,2430,663,1767
123000030,486,616,-130
123000031,269,544,-275
123000032,391,385,6
123000033,419,57,362
123000034,1568,1397,171
123000035,431,732,-301
123000036,348,1553,-1205
123000037,288,410,-122
123000038,142,282,-140
123000039,492,1478,-986
123000040,1110,370,740
123000041,1830,1453,377
123000042,1361,755,606
123000043,4886,10210,-5324
123000044,6447,3126,3321
123000045,12812,3687,9125
123000046,1116,1753,-637
123000047,3311,1698,1613
123000048,104,835,-731
123000049,9898,10872,-974
123000050,1600,2041,-441
123000051,177,330,-153
123000052,1044,4426,-3382
123000053,3815,4516,-701
123000054,1996,2282,-286
123000055,3074,3145,-71
123000056,1895,2519,-624
123000057,20574,8336,12238
123000058,957,1124,-167
123000059,635,823,-188
123000060,1118,462,656
123000061,354,1148,-794
123000063,1215,1252,-37
123000064,1382,442,940
123000065,10284,4549,5735
123000066,1194,1120,74
123000067,1464,1113,351
123000068,4072,4359,-287
123000069,8971,4940,4031
123000070,357,1278,-921
123000071,1211,1498,-287
123000072,1462,1735,-273
123000073,1481,1097,384
123000074,1396,2137,-741
123000075,457,1454,-997
123000076,852,1104,-252
123000077,2562,4247,-1685
123000078,1875,2335,-460
123000079,1817,2589,-772
123000080,3217,2888,329
123000081,268,663,-395
123000082,573,1516,-943
123000083,1242,349,893
123000084,625,940,-315
123000085,368,167,201
123000086,556,386,170
123000087,466,587,-121
123000088,1665,1277,388
123000089,643,1627,-984
123000090,1532,1480,52
123000091,2008,2291,-283
123000092,1364,1628,-264
123000094,690,393,297
123000095,723,892,-169
123000096,810,573,237
123000097,702,1244,-542
123000098,998,888,110
123000099,850,1140,-290
123000100,801,944,-143
123000101,863,817,46
123000102,707,903,-196
123000104,532,546,-14
123000105,727,612,115
123000106,612,605,7
123000107,541,738,-197
123000108,913,1698,-785
123000111,1103,467,636
123000112,1318,912,406
123000113,758,2253,-1495
123000114,592,822,-230
123000115,365,425,-60
123000116,51,252,-201
123000117,2163,3004,-841
123000118,633,1455,-822
123000119,456,1338,-882
123000120,685,1270,-585
123000121,557,814,-257
123000122,580,409,171
123000123,544,796,-252
123000124,680,608,72
123000125,1585,1575,10
123000126,2194,4428,-2234
123000127,1212,910,302
123000128,469,452,17
123000129,741,349,392
123000130,656,131,525
123000131,1080,905,175
123000132,622,973,-351
123000133,357,581,-224
123000134,612,284,328
123000135,2613,1869,744
123000136,378,1353,-975
123000137,162,509,-347
123000138,149,634,-485
123000139,577,213,364
123000140,166,1235,-1069
123000141,1046,260,786
123000142,1258,1287,-29
123000143,1994,2811,-817
123000144,80,55,25
123000145,305,214,91
123000146,68,128,-60
123000147,220,143,77
123000149,694,666,28
123000150,350,400,-50
123000151,465,645,-180
123000152,185,546,-361
123000153,368,966,-598
123000154,2628,2904,-276
123000155,3079,1494,1585
123000156,73,288,-215
123000157,768,1226,-458
123000158,858,1139,-281
123000159,4799,3146,1653
123000160,1263,907,356
123000161,2392,1722,670
123000162,1372,2169,-797
123000163,735,154,581
123000164,1890,439,1451
123000165,547,2498,-1951
123000166,72,281,-209
123000167,187,493,-306
123000168,422,376,46
123000169,870,225,645
123000170,107,420,-313
123000171,897,71,826
123000172,297,824,-527
123000173,690,356,334
123000174,1310,558,752
123000175,976,1929,-953
123000176,1584,327,1257
123000177,498,1532,-1034
123000178,1070,210,860
123000179,90,931,-841
123000180,2156,557,1599
123000181,518,1988,-1470
123000182,262,642,-380
123000183,217,619,-402
123000184,222,1141,-919
123000185,761,660,101
123000186,7,907,-900
123000187,672,11,661
123000188,246,4,242
123000189,247,285,-38
123000190,91,91,0
123000192,43,585,-542
123000193,92,1138,-1046
123000194,594,483,111
123000195,299,29,270
123000196,458,46,412
123000197,77,203,-126
123000198,125,406,-281
123000199,15,939,-924
123000200,692,14,678
123000201,1159,35,1124
123000202,39,1870,-1831
123000203,1172,122,1050
123000204,145,1545,-1400
123000205,726,2650,-1924
123000206,2286,387,1899
123000207,99,1244,-1145
123000208,899,251,648
123000209,2412,670,1742
123000210,750,2630,-1880
123000211,848,3823,-2975
123000212,3706,594,3112
123000213,731,97,634
123000215,285,334,-49
123000216,431,2270,-1839
123000217,226,55,171
123000218,155,759,-604
123000219,1415,277,1138
123000220,709,146,563
123000221,305,230,75
123000222,669,846,-177
123000223,306,614,-308
123000224,505,715,-210
123000225,486,140,346
123000226,111,520,-409
123000227,169,445,-276
123000228,332,127,205
123000229,1437,2394,-957
123000232,152,885,-733
123000233,912,250,662
123000234,238,912,-674
123000235,1100,474,626
123000236,349,1183,-834
123000237,430,139,291
123000238,124,825,-701
123000239,590,2389,-1799
123000240,76,602,-526
123000241,979,192,787
123000242,216,353,-137
123000243,886,1105,-219
123000244,1251,905,346
123000245,98,231,-133
123000249,585,1165,-580
123000252,1137,321,816
123000253,1240,698,542
123000254,845,1560,-715
123000255,1271,1213,58
123000256,46,386,-340
123000257,4780,3147,1633
123000258,1463,1561,-98
123000259,388,629,-241
123000260,485,827,-342
123000261,261,385,-124
123000262,143,298,-155
123000263,448,139,309
123000264,241,126,115
123000265,81,233,-152
123000266,669,1044,-375
123000267,741,442,299
123000268,66,118,-52
123000269,62,83,-21
123000270,33,67,-34
123000271,150,102,48
123000272,1035,354,681
123000273,322,880,-558
123000274,1560,761,799
123000275,473,1310,-837
123000278,4341,3469,872
123000279,130,177,-47
123000280,544,507,37
123000281,432,164,268
123000282,210,374,-164
123000283,137,95,42
123000284,83,175,-92
123000286,343,425,-82
123000287,701,432,269
123000288,1458,1014,444
123000289,659,1624,-965
123000291,381,993,-612
123000294,173,279,-106
123000295,1099,1175,-76
123000296,752,534,218
123000297,617,1055,-438
123000298,784,774,10
123000299,50,301,-251
123000300,1038,1096,-58
123000301,241,332,-91
123000302,108,374,-266
123000303,321,126,195
123000305,1240,1207,33
123000306,204,299,-95
123000309,63,92,-29
123000310,77,55,22
123000311,2,148,-146
123000312,973,1262,-289
123000313,526,673,-147
123000315,96,485,-389
123000316,2656,241,2415
123000317,282,69,213
123000318,74,288,-214
123000329,59,18,41
123000337,923,352,571
123000338,1460,83,1377
123000339,237,245,-8
123000340,309,701,-392
123000342,10,9,1
123000343,93,3,90
123000344,1657,800,857
123000345,381,963,-582
123000346,366,116,250
123000352,2464,1053,1411
123000353,16,106,-90
123000354,736,9,727
123000355,3,774,-771
123000356,476,15,461
123000357,1,333,-332
123000359,4,275,-271
123000360,326,166,160
123000361,661,439,222
123000362,543,178,365
123000363,157,327,-170
123000364,710,560,150
123000365,52,495,-443
123000366,613,2548,-1935
123000367,375,1755,-1380
123000370,59,440,-381
123000371,840,73,767
123000372,507,43,464
123000373,9,627,-618
123000374,21,351,-330
123000375,386,76,310
123000376,1181,709,472
123000377,545,38,507
123000378,24,460,-436
123000379,5,366,-361
123000380,88,429,-341
123000381,227,56,171
123000382,1639,233,1406
123000383,357,1667,-1310
123000384,692,126,566
123000385,532,844,-312
123000436,85,1565,-1480
123000507,212,480,-268
123000508,265,1188,-923
123000517,364,39,325
123000518,31,335,-304
123000519,168,103,65
123000520,75,326,-251
123000521,416,142,274
123000522,222,586,-364
123000541,2,6,-4
123000542,0,30,-30
123000565,12,0,12
123000566,847,1003,-156
123000567,128,296,-168
123000573,71,1056,-985
123000574,844,121,723
123000575,1546,1755,-209
123000576,1046,2505,-1459
123000577,118,1085,-967
123000578,877,138,739
123000579,4791,7230,-2439
123000580,99,46,53
123000582,570,47,523
123000583,53,618,-565
123000584,234,440,-206
123000585,0,177,-177
123000586,161,6,155
123000596,130,186,-56
123000597,72,196,-124
123000602,31,12,19
123000603,835,1047,-212
123000604,640,1350,-710
123000605,1432,167,1265
123000606,2,594,-592
123000609,28,519,-491
123000610,234,213,21
123000613,33,257,-224
123000614,261,85,176
123000615,50,176,-126
123000616,813,105,708
123000617,155,795,-640
123000618,139,985,-846
123000619,814,91,723
123000620,35,758,-723
123000622,487,40,447
123000624,150,76,74
123000630,981,644,337
123000631,380,2318,-1938
123000632,1193,1371,-178
123000633,1,305,-304
123000634,110,176,-66
123000635,270,163,107
123000636,124,1005,-881
123000637,233,284,-51
123000638,729,141,588
123000639,1458,4675,-3217
123000640,7,1166,-1159
123900001,1742,89,1653
123900002,51,2356,-2305
123900003,509,778,-269
123900005,312,187,125
123900006,429,44,385
124000001,2587,236,2351
124000002,159,2370,-2211
124000003,1011,206,805
124000004,80,915,-835
124000005,1363,696,667
124000006,358,1783,-1425
124000007,978,259,719
124000008,29,1251,-1222
124000009,683,513,170
124000010,190,921,-731
124000011,2014,528,1486
124000012,789,961,-172
124000017,173,214,-41
124000018,124,116,8
124000019,158,190,-32
124000020,73,224,-151
124000021,171,99,72
124000022,102,309,-207
124000023,2103,1832,271
124000024,1370,742,628
124000025,1928,2147,-219
124000026,1450,1346,104
124000027,5985,5957,28
124000028,3208,5697,-2489
124000030,4022,1710,2312
124000031,1647,4001,-2354
124000032,4864,1299,3565
124000033,20,978,-958
124000034,2542,729,1813
124000035,91,274,-183
124000036,101,203,-102
124000037,1343,1431,-88
124000038,73,71,2
124000039,1582,598,984
124000040,822,1270,-448
124000041,536,185,351
124000042,160,576,-416
124000043,336,166,170
124000044,130,349,-219
124000045,1044,880,164
124000046,376,1148,-772
124000047,1796,1409,387
124000048,1167,2299,-1132
124000049,2100,955,1145
124000050,1080,2928,-1848
124000051,1014,798,216
124000052,850,1619,-769
124000053,627,1866,-1239
124000054,1230,909,321
124000055,1707,3310,-1603
124000056,4223,2158,2065
124000057,1135,768,367
124000058,666,1851,-1185
124000059,804,1429,-625
124000060,1660,1086,574
124000061,2038,5505,-3467
124000062,6026,2323,3703
124000063,1754,2209,-455
124000064,3473,1994,1479
124000065,69,482,-413
124000066,595,554,41
124000067,230,381,-151
124000068,20,29,-9
124000069,161,57,104
124000070,57,167,-110
124000071,585,156,429
124000072,299,677,-378
124000073,1203,228,975
124000074,318,1108,-790
124000075,348,63,285
124000076,13,325,-312
124000077,2437,913,1524
124000078,4239,1650,2589
124000079,678,1746,-1068
124000080,712,256,456
124000081,243,907,-664
124000082,107,210,-103
124000083,134,152,-18
124000084,60,578,-518
124000085,187,93,94
124000086,74,106,-32
124000087,327,128,199
124000088,412,462,-50
124000089,1182,502,680
124000090,124,518,-394
124000091,612,186,426
124000092,152,1004,-852
124000093,108,179,-71
124000094,207,713,-506
124000095,79,181,-102
124000096,208,523,-315
124000097,178,246,-68
124000098,86,150,-64
124000099,283,179,104
124000100,74,149,-75
124000101,116,173,-57
124000102,153,100,53
124000103,134,148,-14
124000104,192,93,99
124000105,78,117,-39
124000106,182,115,67
124000107,19,230,-211
124000108,87,48,39
124000109,161,225,-64
124000110,287,165,122
124000111,252,293,-41
124000112,783,973,-190
124000113,102,183,-81
124000114,424,711,-287
124000115,626,977,-351
124000116,167,228,-61
124000117,81,117,-36
124000118,63,151,-88
124000119,1701,897,804
124000120,952,601,351
124000121,1904,780,1124
124000122,840,1928,-1088
124000123,1356,817,539
124000124,607,1571,-964
124000125,490,780,-290
124000126,453,841,-388
124000127,1167,765,402
124000128,908,1428,-520
124000129,2504,1937,567
124000130,995,904,91
124000131,1384,628,756
124000132,1370,1051,319
124000133,910,1186,-276
124000134,1203,960,243
124000135,2089,2493,-404
124000136,1274,1528,-254
124000137,2017,917,1100
124000138,2335,1759,576
124000139,1505,48,1457
124000140,67,703,-636
124000141,633,21,612
124000142,10,240,-230
124000143,70,32,38
124000144,16,79,-63
124000145,329,82,247
124000146,107,143,-36
124000148,77,193,-116
124000149,1660,692,968
124000150,443,896,-453
124000151,1076,593,483
124000152,1030,1770,-740
124000153,909,976,-67
124000154,452,1153,-701
124000155,1708,1345,363
124000156,2308,1397,911
124000169,233,667,-434
124000170,1059,635,424
124000171,471,383,88
124000172,619,771,-152
124000173,710,320,390
124000174,628,987,-359
124000175,38,184,-146
124000176,100,23,77
124000177,17,60,-43
124000178,78,80,-2
124000190,182,63,119
124000191,506,161,345
124000192,4796,553,4243
124000193,1436,1397,39
124000194,500,671,-171
124000195,336,759,-423
124000196,1399,1518,-119
124000197,71,95,-24
124000198,57,66,-9
124000201,623,1324,-701
124000202,788,475,313
124000203,478,1122,-644
124000204,1021,622,399
124000205,125,747,-622
124000206,744,577,167
124000207,0,59,-59
124000209,357,844,-487
124000210,517,269,248
124000211,697,5,692
124000212,1,700,-699
124000213,466,505,-39
124000214,342,963,-621
124000215,881,33,848
124000216,2,600,-598
124000329,187,2818,-2631
124000338,204,1388,-1184
124000339,1106,257,849
124000341,1396,204,1192
124000344,42,1,41
124000357,1232,3125,-1893
124000358,875,1846,-971
124000359,1149,792,357
124000360,716,604,112
124000361,2598,926,1672
124000362,2041,2557,-516
124000363,325,432,-107
124000364,794,1060,-266
124000365,803,1421,-618
124000366,2172,1168,1004
124000367,268,825,-557
124000368,619,493,126
124000369,255,243,12
124000370,121,830,-709
124000402,73,14,59
124000403,165,14,151
124000404,13,206,-193
124000405,1409,1093,316
124000406,1147,1257,-110
124000407,6,45,-39
124000411,10,667,-657
124000412,561,15,546
124000413,1154,45,1109
124000414,73,202,-129
124000415,74,228,-154
124000416,237,405,-168
124000417,212,199,13
124000418,173,233,-60
124000419,86,205,-119
124000420,114,193,-79
124000421,66,305,-239
124000422,27,20,7
124000423,186,49,137
124000424,0,130,-130
124000425,47,162,-115
124000426,11,57,-46
124000427,42,32,10
124000428,78,63,15
124000429,95,78,17
124000430,931,904,27
124000431,482,882,-400
124000432,324,1513,-1189
124000439,3,10,-7
124000443,2,5,-3
124000445,483,1259,-776
124000446,2224,122,2102
124900001,461,455,6
124900002,245,521,-276
124900003,1014,755,259
124900004,660,546,114
124900005,458,334,124
124900006,718,488,230
124900008,1714,853,861
124900009,199,350,-151
124900010,205,112,93
124900011,686,395,291
124900012,556,191,365
124900013,715,217,498
124900014,414,131,283
124900015,212,494,-282
124900016,89,138,-49
124900017,921,1841,-920
124900018,61,16,45
124900020,118,114,4
124900021,304,86,218
124900022,362,26,336
124900024,409,106,303
124900026,382,41,341
124900027,131,467,-336
124900028,752,170,582
124900029,15,629,-614
124900030,3,201,-198
124900031,52,448,-396
124900032,253,316,-63
124900033,162,571,-409
124900034,13,128,-115
124900035,272,689,-417
124900036,6,63,-57
124900037,291,552,-261
124900038,431,483,-52
124900039,0,43,-43
124900040,198,135,63
124900041,351,1403,-1052
124900042,352,4,348
124900043,586,1341,-755
124900044,110,4,106
124900045,1104,1358,-254
124900046,1587,352,1235
124900047,192,297,-105
124900048,219,229,-10
124900050,209,329,-120
124900052,78,557,-479
124900053,195,557,-362
124900054,2944,733,2211
124900055,2,243,-241
124900057,23,64,-41
124900060,167,345,-178
124900061,105,16,89
124900062,160,41,119
124900066,1,25,-24
124900067,8,225,-217
124900068,255,716,-461
124900070,107,41,66
124900072,185,71,114
124900074,686,360,326
124900075,268,315,-47
124900076,33,1340,-1307
124900077,40,131,-91
124900078,122,37,85
124900079,888,357,531
124900080,396,946,-550
124900081,995,386,609
124900082,330,1079,-749
124900083,296,752,-456
124900084,2734,172,2562
124900085,1451,515,936
124900086,161,1438,-1277
124900087,815,137,678
124900088,1006,192,814
124900089,1801,53,1748
124900090,372,323,49
124900091,491,631,-140
124900092,362,453,-91
124900093,365,292,73
124900094,393,388,5
124900095,159,591,-432
124900096,804,399,405
124900097,363,120,243
124900098,158,630,-472
124900099,944,762,182
124900100,296,211,85
124900101,106,306,-200
124900102,292,132,160
124900103,238,344,-106
124900104,76,209,-133
124900105,142,194,-52
124900106,463,97,366
124900107,119,28,91
124900108,251,110,141
124900109,82,152,-70
124900110,469,478,-9
124900111,2,100,-98
124900112,71,937,-866
124900113,134,338,-204
124900114,284,155,129
124900115,178,52,126
124900116,207,283,-76
124900117,676,209,467
124900118,355,331,24
124900119,385,219,166
124900120,76,479,-403
124900121,191,553,-362
124900122,600,288,312
124900123,405,172,233
124900124,171,396,-225
129000186,468,97,371
204000001,131,8,123
204000002,31,6,25
204000003,74,9,65
204000004,46,0,46
204000005,768,711,57
204000006,1587,2119,-532
204000011,14,99,-85
204000012,77,124,-47
204000013,0,8,-8
204000019,665,790,-125
204000020,1006,762,244
204000021,2983,1160,1823
204000022,551,707,-156
204000023,748,1349,-601
204000031,69,41,28
204000032,849,54,795
204000034,18,303,-285
204000035,2,7,-5
204000036,14,29,-15
204000037,2,21,-19
204000038,1,15,-14
204000039,26,35,-9
204000040,8,24,-16
204000041,32,52,-20
204000042,115,17,98
204000043,47,5,42
204000044,47,2,45
204000045,94,5,89
204000046,47,5,42
204000057,7,34,-27
204000062,29,49,-20
204000068,63,349,-286
204000069,55,424,-369
204000070,113,248,-135
204000080,71,83,-12
204000085,2451,2268,183
204000086,3220,3066,154
204000087,52,18,34
204000088,6,147,-141
204000090,38,416,-378
204000093,326,111,215
204000096,973,1398,-425
204000097,452,33,419
204000099,1238,1928,-690
204000100,1436,2357,-921
204000105,2592,2211,381
204000110,1697,2101,-404
204000111,549,1065,-516
204000112,2347,918,1429
204000113,685,958,-273
204000114,1143,1096,47
204000115,968,383,585
204000116,4486,736,3750
204000119,2231,3515,-1284
204000132,814,565,249
204000133,896,602,294
204000134,634,330,304
204000135,739,272,467
204000136,665,400,265
204000138,454,976,-522
204000140,234,245,-11
204000141,245,130,115
204000144,6,43,-37
204000145,677,48,629
204000146,40,524,-484
204000147,26,192,-166
204000148,866,44,822
204000154,3,5,-2
204000155,5,11,-6
204000177,94,85,9
204000179,31,9,22
204000180,0,25,-25
204000222,89,13,76
204000235,17,25,-8
204000236,118,389,-271
204000238,26,49,-23
204000240,376,127,249
204000263,674,1493,-819
204000268,1721,1121,600
204000308,262,32,230
204000317,19,112,-93
204000322,7,49,-42
204000323,26,11,15
204000328,316,95,221
204000329,63,240,-177
204000330,272,22,250
204000331,77,137,-60
204010341,12,310,-298
205000001,1743,2436,-693
205000013,1,81,-80
205000014,27,123,-96
205000015,37,269,-232
205000016,14,194,-180
205000017,34,123,-89
205000022,350,1100,-750
205000025,1738,1457,281
205000029,289,10,279
205000045,188,334,-146
205000046,167,629,-462
205000047,146,604,-458
205000048,307,1618,-1311
205000049,189,1154,-965
205000050,1113,389,724
205000059,4,299,-295
205000060,2,106,-104
205000061,1,50,-49
205000062,12,34,-22
205000063,24,147,-123
205000064,17,161,-144
205000065,61,669,-608
205000066,117,1095,-978
205000067,59,1296,-1237
205000069,204,30,174
205000082,247,323,-76
205000110,76,364,-288
205000111,217,344,-127
205000112,315,382,-67
205000113,259,467,-208
205000121,290,135,155
205000123,58,296,-238
205000126,560,235,325
205000127,757,364,393
205000128,762,201,561
205000129,859,284,575
205000130,1091,112,979
205000131,1043,32,1011
205000132,791,6,785
205000133,1069,0,1069
205000134,472,0,472
205000137,110,205,-95
205000138,286,472,-186
205000139,53,156,-103
205000144,311,104,207
205000145,797,254,543
205000151,290,106,184
205000152,313,55,258
205000153,316,101,215
205000154,131,142,-11
205000155,138,39,99
205000207,9,253,-244
205000233,66,2,64
205000234,0,1,-1
205000243,0,0,0
205000244,0,10,-10
205000245,21,347,-326
205000249,0,32,-32
205000250,8,0,8
205000264,12,113,-101
206000027,10,4,6
206000028,9,4,5
206000043,40,123,-83
206000053,17,6,11
206000054,3,45,-42
206000055,1,39,-38
206000075,12,14,-2
206000076,35,17,18
206000077,25,4,21
206000078,13,7,6
206000079,26,6,20
206000082,729,37,692
206000100,56,896,-840
206000103,2,37,-35
206000104,33,51,-18
206000105,14,28,-14
206000106,16,47,-31
206000108,654,38,616
206000125,60,1,59
206000157,67,926,-859
206000170,1,251,-250
206000171,3,293,-290
206000172,18,877,-859
206000173,1,346,-345
206000174,18,134,-116
206000175,5,169,-164
206000176,18,326,-308
206000177,0,243,-243
206000178,7,170,-163
206000179,14,93,-79
206000180,29,237,-208
206000181,72,322,-250
206000182,11,269,-258
206000183,45,941,-896
206000184,5,510,-505
206000185,10,271,-261
206000186,165,1503,-1338
206000223,4,276,-272
206000226,29,9,20
206000227,32,2,30
206000237,28,407,-379
206000238,47,661,-614
206000239,491,2703,-2212
206000240,4,77,-73
206000241,0,119,-119
206000242,9,420,-411
206000243,3,293,-290
206000244,97,881,-784
206000245,827,103,724
206000246,178,24,154
206000247,194,13,181
206000248,367,23,344
206000252,132,37,95
206000258,36,64,-28
206000315,38,5,33
206000317,738,125,613
206000318,376,97,279
206000319,1204,159,1045
206000320,187,73,114
206000321,148,19,129
206000322,484,22,462
206000323,165,3,162
206000324,209,10,199
206000325,242,16,226
206000326,200,14,186
206000327,573,11,562
206000328,143,2,141
206000329,299,10,289
206000330,42,7,35
206000331,149,1,148
206000332,34,4,30
206000333,458,5,453
206000334,211,2,209
206000335,1,34,-33
206000361,3,316,-313
206000392,3,40,-37
206000405,183,0,183
206000441,67,20,47
206000498,31,3,28
206000515,127,38,89
206000530,205,90,115
206000531,180,213,-33
206000532,2608,309,2299
206000535,346,2588,-2242
206000536,11,290,-279
206000537,25,244,-219
206000613,1780,228,1552
207000001,200,698,-498
207000002,154,337,-183
207000003,168,232,-64
207000007,941,449,492
207000008,86,14,72
207000009,60,37,23
207000010,688,561,127
207000012,367,673,-306
207000015,422,1745,-1323
207000019,324,131,193
207000021,944,202,742
207000022,191,109,82
207000023,286,48,238
207000024,12,20,-8
207000025,27,68,-41
207000026,180,65,115
207000027,36,133,-97
207000028,87,303,-216
207000029,546,581,-35
207000033,278,526,-248
207000034,414,111,303
207000039,394,269,125
207000040,327,160,167
207000041,695,76,619
207000042,405,113,292
207000043,315,269,46
207000051,257,391,-134
207000052,502,251,251
207000053,617,866,-249
207000054,60,198,-138
207000055,205,180,25
207000056,495,440,55
207000057,180,342,-162
207000058,406,386,20
207000059,127,650,-523
207000060,87,205,-118
207000061,315,498,-183
207000062,265,44,221
207000063,280,141,139
207000064,634,182,452
207000065,447,298,149
207000066,196,236,-40
207000067,65,172,-107
207000068,128,86,42
207000069,767,630,137
207000082,5,298,-293
207000083,101,390,-289
207000084,240,416,-176
207000085,202,24,178
207000086,170,18,152
207000106,49,52,-3
207000107,140,45,95
207000108,76,26,50
207000109,72,28,44
207000110,150,131,19
207000111,112,132,-20
207000112,334,795,-461
207000114,37,68,-31
207000115,30,136,-106
207000116,43,651,-608
207000117,16,202,-186
207000118,6,197,-191
207000119,34,164,-130
207000123,274,44,230
207000124,76,46,30
207000125,72,106,-34
207000126,112,101,11
207000134,68,184,-116
207000135,23,252,-229
207000148,71,437,-366
207000149,90,92,-2
207000152,197,593,-396
207000153,1480,1726,-246
207000154,542,222,320
207000159,152,223,-71
207000160,186,711,-525
207000238,0,215,-215
207000242,10,297,-287
207000248,72,64,8
207000249,262,61,201
207000250,1423,112,1311
207000251,147,111,36
207000252,122,113,9
207000278,120,131,-11
207000279,23,254,-231
207000280,563,91,472
207000281,145,1222,-1077
207000282,319,105,214
207000283,149,248,-99
207000284,68,240,-172
207000285,155,38,117
207000291,16,226,-210
207000304,170,78,92
207000306,100,531,-431
207000310,118,126,-8
207000353,264,1,263
207000356,16,72,-56
207000357,51,13,38
207000358,78,25,53
207000415,6,275,-269
207000417,54,9,45
207000418,151,178,-27
207000438,0,5,-5
207000439,1255,918,337
207000446,170,6,164
207000460,23,7,16
207000466,399,237,162
207000467,283,172,111
207000468,63,489,-426
207000476,13,113,-100
207000477,717,168,549
207000478,10,29,-19
207000523,0,16,-16
207000524,46,0,46
207000527,99,282,-183
207000530,391,6,385
207000531,384,17,367
207000532,168,58,110
207000534,694,72,622
207000535,56,577,-521
207000537,54,196,-142
207000540,13,319,-306
207000541,7,550,-543
207000548,26,482,-456
207000549,859,30,829
207000561,160,221,-61
207000562,54,338,-284
207000567,296,271,25
207000568,191,129,62
207000569,467,1290,-823
207000584,484,438,46
207000585,116,538,-422
207000616,1,251,-250
207000617,377,1,376
207900008,260,164,96
208000001,864,1018,-154
208000002,886,591,295
208000003,1279,589,690
208000004,1999,902,1097
208000005,31,31,0
208000019,800,1565,-765
208000020,250,726,-476
208000021,224,665,-441
208000022,1224,684,540
208000028,3101,1553,1548
208000033,573,766,-193
208000034,1483,2157,-674
208000037,500,19,481
208000040,208,242,-34
208000041,1253,850,403
208000042,1687,982,705
208000047,146,373,-227
208000064,3982,2101,1881
208000066,2674,2276,398
208000070,415,563,-148
208000071,412,1056,-644
208000072,389,1648,-1259
208000080,334,505,-171
208000081,362,166,196
208000082,492,418,74
208000083,218,493,-275
208000084,52,24,28
208000085,1611,793,818
208000086,689,1220,-531
208000087,679,1030,-351
208000089,1157,643,514
208000090,951,982,-31
208000093,179,190,-11
208000094,672,648,24
208000095,1010,554,456
208000104,1259,1313,-54
208000105,1275,1375,-100
208000114,161,341,-180
208000115,599,453,146
208000116,868,1475,-607
208000117,173,167,6
208000118,131,156,-25
208000155,1382,1188,194
208000158,2291,4202,-1911
208000186,4652,4360,292
208000204,1055,1405,-350
208000205,1336,1495,-159
208000282,6866,3172,3694
209000004,563,298,265
209000005,55,44,11
209000006,522,154,368
209000007,504,300,204
209000010,721,223,498
209000011,264,349,-85
209000012,490,264,226
209000013,410,580,-170
209000014,707,1643,-936
209000025,354,62,292
209000026,842,203,639
209000027,556,1245,-689
209000028,511,1281,-770
209000029,928,1196,-268
209000030,718,2215,-1497
209000031,4250,3389,861
209000034,218,271,-53
209000035,112,170,-58
209000036,175,157,18
209000037,269,264,5
209000038,117,178,-61
209000039,46,134,-88
209000040,370,642,-272
209000041,229,536,-307
209000042,258,558,-300
209000043,1037,1101,-64
209000044,264,967,-703
209000045,1452,609,843
209000046,534,693,-159
209000047,607,273,334
209000048,654,342,312
209000049,118,124,-6
209000050,264,173,91
209000051,539,388,151
209000052,169,340,-171
209000062,49,152,-103
209000063,68,137,-69
209000064,140,182,-42
209000065,74,50,24
209000066,88,49,39
209000067,116,58,58
209000080,45,311,-266
209000082,84,49,35
209000091,50,162,-112
209000093,73,49,24
209000094,270,322,-52
209000110,40,151,-111
209000111,523,1858,-1335
209000112,1075,748,327
209000113,2516,594,1922
209000114,714,491,223
209000115,93,173,-80
209000116,824,706,118
209000118,98,67,31
209000119,84,20,64
209000121,214,773,-559
209000135,96,272,-176
209000142,683,2021,-1338
209000143,200,141,59
209000144,173,117,56
209000229,237,239,-2
209000240,42,531,-489
209000259,79,131,-52
209000260,67,1449,-1382
209000261,5,804,-799
209000262,1,758,-757
209000263,1,216,-215
209000264,0,150,-150
209000265,600,2,598
209000266,167,3,164
209000267,1044,5,1039
209000268,907,70,837
210000037,89,24,65
210000047,124,62,62
210000048,114,43,71
210000049,69,28,41
210000052,55,113,-58
210000053,31,82,-51
210000054,87,121,-34
210000070,249,6,243
210000071,252,3,249
210000072,191,0,191
210000073,0,26,-26
210000074,2,137,-135
210000075,2,95,-93
210000076,12,211,-199
210000077,101,27,74
210000078,45,35,10
210000079,99,15,84
210000080,285,67,218
210000081,251,38,213
210000082,230,5,225
210000083,128,0,128
210000084,117,1,116
210000085,3,96,-93
210000086,4,182,-178
210000099,66,276,-210
210000100,39,218,-179
210000101,87,220,-133
210000105,58,305,-247
210000159,0,199,-199
210000163,227,284,-57
210000164,341,248,93
210000168,143,44,99
210000187,0,32,-32
210000188,0,41,-41
210000214,68,1,67
210000219,54,83,-29
210000220,69,93,-24
210000232,4,28,-24
210000233,31,81,-50
210000234,31,162,-131
210000235,49,174,-125
210000245,0,55,-55
210000246,40,0,40
210000258,15,142,-127
210000259,416,76,340
210000282,129,310,-181
210000285,2,115,-113
210000286,21,247,-226
210000290,4,18,-14
210000295,55,210,-155
210000296,68,69,-1
210000320,201,143,58
210000321,159,141,18
210000338,161,127,34
210000339,453,1377,-924
210000340,154,560,-406
210000341,214,348,-134
210000342,250,267,-17
210000343,376,252,124
210000344,378,145,233
210000345,275,422,-147
210000346,207,266,-59
210000347,530,66,464
210000348,349,18,331
210000349,274,24,250
210000350,156,78,78
210000351,189,136,53
210000352,78,109,-31
210000353,70,176,-106
210000354,402,163,239
210000355,147,121,26
210000356,281,99,182
210000357,178,74,104
210000358,492,195,297
210000359,249,88,161
210000360,250,141,109
210000361,214,207,7
210000362,340,294,46
210000363,1080,298,782
210000364,200,244,-44
210000365,143,117,26
210000366,198,89,109
210000367,98,66,32
210000368,245,73,172
210000369,35,15,20
210000370,59,31,28
210000372,94,34,60
210000373,127,20,107
210000374,70,6,64
210000375,67,125,-58
210000376,165,228,-63
210000404,105,203,-98
210000439,23,71,-48
210000472,138,6,132
210000482,135,150,-15
210000564,691,495,196
210000567,0,27,-27
210000568,810,7,803
211000092,68,111,-43
211000094,37,13,24
211000169,295,9,286
211000172,17,276,-259
211000209,2,57,-55
211000226,14,19,-5
211000270,19,10,9
211000275,30,35,-5
211000276,148,62,86
211000279,54,57,-3
211000281,67,67,0
211507980,2,97,-95
211977296,103,6,97
212000003,189,79,110
212000004,180,26,154
212000005,64,35,29
212000006,78,105,-27
212000008,211,199,12
212000009,56,146,-90
212000012,90,67,23
212000013,35,78,-43
212000014,266,185,81
212000015,255,311,-56
212000016,590,678,-88
212000027,509,804,-295
212000028,320,702,-382
212000029,208,494,-286
212000030,75,51,24
212000031,79,81,-2
212000048,64,146,-82
212000049,28,144,-116
212000050,20,11,9
212000051,213,286,-73
212000052,194,416,-222
212000053,385,710,-325
212000054,213,196,17
212000055,263,362,-99
212000056,18,71,-53
212000057,15,43,-28
212000058,412,49,363
212000070,124,367,-243
212000077,185,798,-613
212000099,293,435,-142
212000108,303,275,28
212000111,226,146,80
212000120,301,85,216
212000138,240,16,224
212000156,5,161,-156
212000158,16,12,4
212000159,440,60,380
212000160,578,397,181
212000161,99,15,84
212000310,38,14,24
212000311,18,101,-83
212000374,49,11,38
213000001,68,685,-617
213000005,686,259,427
213000006,1329,509,820
213000007,336,21,315
213000009,838,486,352
213000010,216,324,-108
213000011,292,173,119
213000012,174,351,-177
213000014,85,20,65
213000015,304,23,281
213000016,853,4,849
213000017,89,0,89
213000018,7,222,-215
213000019,6,206,-200
213000020,128,467,-339
213000021,8,191,-183
213000023,331,192,139
213000033,328,1943,-1615
213000034,862,506,356
213000035,132,490,-358
213000045,202,337,-135
213000046,282,275,7
213000047,984,1400,-416
213000056,131,73,58
213000069,238,3,235
213000073,0,30,-30
213000074,79,519,-440
213000075,737,8,729
213000076,65,3,62
213000085,7,52,-45
213000086,25,198,-173
213000091,168,20,148
213000092,74,15,59
213000099,206,1367,-1161
213000100,1366,296,1070
213000101,329,171,158
213000102,409,460,-51
213000103,1060,1224,-164
213000104,87,612,-525
213000105,3,117,-114
213000106,68,208,-140
213000107,183,791,-608
213000108,47,768,-721
213000109,19,345,-326
213000110,11,98,-87
213000111,24,84,-60
213000112,206,146,60
213000115,41,17,24
213000116,74,812,-738
213000117,20,1293,-1273
213000118,447,391,56
213000119,63,852,-789
213000120,129,646,-517
213000122,229,673,-444
213000123,532,1646,-1114
213000124,151,1390,-1239
213000125,141,24,117
213000126,183,198,-15
213000127,207,305,-98
213000128,784,1403,-619
213000129,550,767,-217
213000130,531,319,212
213000132,386,150,236
213000133,552,158,394
213000134,897,36,861
213000136,661,44,617
213000137,753,120,633
213000139,814,36,778
213000147,200,12,188
213000148,84,32,52
213000149,95,40,55
213000150,1,127,-126
213000151,6,116,-110
213000152,2,119,-117
213000153,6,79,-73
213000154,47,307,-260
213000155,62,403,-341
213000156,148,690,-542
213000157,709,640,69
213000158,442,1221,-779
213000159,544,802,-258
213000163,752,183,569
213000165,800,317,483
213000171,2,153,-151
213000172,6,434,-428
213000173,2,313,-311
213000174,7,215,-208
213000175,10,133,-123
213000176,40,38,2
213000177,73,6,67
213000178,129,9,120
213000179,196,2,194
213000180,211,1,210
213000184,246,579,-333
213000188,515,150,365
213000189,405,43,362
213000190,1037,935,102
213000191,325,518,-193
213000192,207,618,-411
213000193,1139,231,908
213000194,4,118,-114
213000195,22,483,-461
213000196,291,1408,-1117
213000197,458,1159,-701
213000198,138,6,132
213000200,143,1275,-1132
213000201,83,56,27
213000202,15,721,-706
213000203,3840,914,2926
213000204,778,159,619
213000205,435,278,157
213000206,696,107,589
213000207,333,22,311
213000208,335,0,335
213000209,263,2,261
213000210,977,4,973
213000211,30,20,10
213000212,73,20,53
213000213,51,39,12
213000218,305,908,-603
213000219,611,26,585
213000220,641,13,628
213000223,340,402,-62
213000224,99,83,16
213000225,138,18,120
213000226,101,26,75
213000227,1283,319,964
213000228,641,154,487
213000229,584,68,516
213000230,460,35,425
213000232,141,698,-557
213000233,13,115,-102
213000234,1,37,-36
213000293,36,65,-29
213000294,443,23,420
213000295,43,80,-37
213000296,74,27,47
213000297,11,141,-130
213000298,43,155,-112
213000299,100,67,33
213000300,20,7,13
213000303,4,41,-37
213000304,1,10,-9
213000305,12,23,-11
213000306,92,35,57
213000307,482,117,365
213000308,159,301,-142
213000309,214,103,111
213000310,766,166,600
213000311,390,1032,-642
213000315,110,193,-83
213000316,129,145,-16
213000322,131,219,-88
213000323,110,130,-20
213000324,56,86,-30
213000325,27,162,-135
213000326,34,55,-21
213000327,40,89,-49
213000328,28,132,-104
213000329,97,55,42
213000340,174,790,-616
213000341,434,190,244
213000346,268,421,-153
213000347,1015,891,124
213000348,15,156,-141
213000349,28,10,18
213000350,361,1677,-1316
213000366,79,471,-392
213000367,273,36,237
213000379,85,82,3
213000386,19,329,-310
213000406,114,534,-420
213000417,1576,625,951
213000425,194,71,123
213000426,165,127,38
213000427,66,410,-344
213000428,65,294,-229
213000429,85,1,84
213000430,124,945,-821
213000431,134,11,123
213000432,1,65,-64
213000433,44,258,-214
213000434,91,179,-88
213000435,122,115,7
213000436,46,123,-77
213000437,0,36,-36
213000438,148,137,11
213000439,70,24,46
213000440,12,313,-301
213000441,5,1,4
213000442,4,66,-62
213000443,584,567,17
213000444,45,67,-22
213000445,1,131,-130
213000446,0,36,-36
213000447,11,55,-44
213000448,13,157,-144
213000449,360,4,356
213000450,23,68,-45
213000451,325,155,170
213000452,64,33,31
213000453,78,435,-357
213000455,519,2,517
213000456,1,260,-259
213000481,52,12,40
213000482,105,8,97
213000489,734,106,628
213000491,2,189,-187
213000492,1151,7,1144
213000493,0,171,-171
213000494,225,277,-52
213000495,1,150,-149
213000496,420,302,118
213000497,44,278,-234
213000498,140,252,-112
213000499,183,775,-592
213000500,516,183,333
213000501,137,70,67
213000502,364,301,63
213000503,0,67,-67
213000504,10,136,-126
213000505,16,7,9
213000506,1,10,-9
213000507,4,147,-143
213900016,1,12,-11
213900244,77,0,77
213900245,0,30,-30
218000003,23,31,-8
218000004,76,26,50
218000005,139,70,69
218000006,74,36,38
218000007,17,12,5
218000012,322,270,52
218000013,113,194,-81
218000014,454,625,-171
218000019,1002,992,10
218000020,331,760,-429
218000021,46,127,-81
218000022,17,52,-35
218000023,5,52,-47
218000024,3,30,-27
218000025,23,38,-15
218000026,18,64,-46
218000027,5,18,-13
218000028,3,11,-8
218000029,20,6,14
218000030,30,47,-17
218000031,14,65,-51
218000032,7,38,-31
218000040,13,2,11
218000046,51,146,-95
218000047,14,199,-185
218000048,68,191,-123
218000049,108,179,-71
218000050,407,360,47
218000051,133,327,-194
218000052,1,115,-114
218000053,6,10,-4
218000054,41,32,9
218000055,45,16,29
218000056,49,38,11
218000057,2,22,-20
218000064,0,23,-23
218000065,95,94,1
218000066,11,101,-90
218000067,82,106,-24
218000068,103,125,-22
218000069,247,189,58
218000070,243,322,-79
218000071,206,246,-40
218000072,384,304,80
218000078,1026,1327,-301
218000079,108,93,15
218000080,104,117,-13
218000081,376,296,80
218000082,66,149,-83
218000083,51,113,-62
218000084,146,232,-86
218000085,146,604,-458
218000086,70,279,-209
218000087,283,234,49
218000090,13,273,-260
218000091,983,714,269
218000092,65,228,-163
218000093,97,125,-28
218000094,628,1079,-451
218000099,443,864,-421
218000100,306,436,-130
218000101,729,203,526
218000102,431,360,71
218000103,104,263,-159
218000104,85,73,12
218000105,27,11,16
218000106,14,8,6
218000107,61,111,-50
218000108,4,66,-62
218000112,95,33,62
218000117,51,96,-45
218000134,692,1065,-373
218000135,224,146,78
218000136,294,116,178
218000137,484,162,322
218000138,59,122,-63
218000139,223,373,-150
218000140,679,343,336
218000141,130,129,1
218000142,237,243,-6
218000143,153,353,-200
218000144,121,99,22
218000145,432,455,-23
218000146,104,218,-114
218000151,7,46,-39
218000152,201,132,69
218000153,6,12,-6
218000154,30,4,26
218000155,10,1,9
218000156,47,21,26
218000157,31,34,-3
218000158,13,25,-12
218000159,3,9,-6
218000160,4,3,1
218000161,18,6,12
218000162,38,6,32
218000163,19,2,17
218000164,51,23,28
218000165,58,51,7
218000170,3,96,-93
218000171,110,20,90
218000172,42,13,29
218000173,77,16,61
218000174,52,17,35
218000176,308,48,260
218000177,377,398,-21
218000178,118,436,-318
218000179,79,154,-75
218000180,117,41,76
218000181,214,90,124
218000187,3,45,-42
218000188,30,69,-39
218000189,28,96,-68
218000190,21,36,-15
218000191,123,108,15
218000192,201,423,-222
218000193,410,541,-131
218000194,97,495,-398
218000195,131,70,61
218000196,343,339,4
218000197,324,393,-69
218000198,27,148,-121
218000199,60,42,18
218000200,110,44,66
218000201,28,16,12
218000202,151,407,-256
218000207,8,61,-53
218000208,44,72,-28
218000211,71,18,53
218000212,5,17,-12
218000213,147,66,81
218000214,7,31,-24
218000215,69,86,-17
218000217,16,128,-112
218000218,347,108,239
218000219,130,35,95
218000220,254,357,-103
218000221,1502,243,1259
218000222,91,34,57
218000223,61,552,-491
218000224,7,331,-324
218000225,173,66,107
218000226,176,114,62
218000230,0,3,-3
218000232,65,120,-55
218000239,244,58,186
218000240,20,8,12
218000241,104,3,101
218000242,89,1,88
218000243,149,4,145
218000244,77,2,75
218000245,595,5,590
218000246,8,6,2
218000247,2,0,2
218000248,0,26,-26
218000249,1,5,-4
218000250,26,10,16
218000251,4,12,-8
218000252,4,32,-28
218000253,5,11,-6
218000254,3,20,-17
218000255,3,18,-15
218000256,8,87,-79
218000267,960,1582,-622
218000268,5,93,-88
218000269,4,14,-10
218000270,113,73,40
218000271,21,99,-78
218000273,22,16,6
218000274,15,16,-1
218000275,21,83,-62
218000276,13,80,-67
218000278,37,52,-15
218000279,86,68,18
218000280,10,34,-24
218000281,15,18,-3
218000282,604,598,6
218000284,143,18,125
218000301,114,158,-44
218000302,177,107,70
218000303,50,88,-38
218000316,772,1527,-755
218000317,1128,1441,-313
218000318,652,1063,-411
218000319,1281,1823,-542
218000320,891,1086,-195
218000338,88,42,46
218000345,194,62,132
218000346,36,258,-222
218000459,49,314,-265
218000490,73,56,17
218000501,212,105,107
218000502,68,157,-89
218000503,132,39,93
218000504,185,29,156
218000505,115,218,-103
218000506,55,270,-215
218000508,28,7,21
218000510,222,22,200
218000520,140,110,30
218000521,6,52,-46
218000522,2,132,-130
218000523,167,6,161
218000524,52,234,-182
218000525,231,16,215
218000526,41,174,-133
218000529,32,205,-173
218000530,16,1,15
218000531,7,56,-49
218000532,47,39,8
218000534,160,12,148
218000537,39,91,-52
218000538,339,256,83
218000540,728,94,634
218000543,142,96,46
218000544,34,130,-96
218000545,50,81,-31
218000546,51,111,-60
218000547,193,178,15
218000548,381,195,186
218000549,588,353,235
218000550,284,430,-146
218000551,197,834,-637
218000552,615,70,545
218000553,27,120,-93
218000554,33,31,2
218000555,23,56,-33
218000556,133,436,-303
218000557,259,201,58
218000558,147,2,145
218000559,0,30,-30
218000560,0,28,-28
218000561,41,0,41
218000562,54,238,-184
218000563,302,22,280
218000564,23,166,-143
218000565,206,27,179
218000566,393,30,363
218000567,2,110,-108
218000568,69,4,65
218000569,21,165,-144
218000570,210,9,201
218000571,1,166,-165
218000572,204,1,203
218000573,20,103,-83
218000574,128,52,76
218000575,125,1,124
218000576,1,85,-84
218000577,191,2,189
218000578,2,102,-100
218000579,196,28,168
218000581,16,78,-62
218000582,110,5,105
218000583,51,0,51
218000584,1,30,-29
218000585,34,6,28
218000586,12,64,-52
218000587,5,3,2
218000588,5,4,1
218000589,0,5,-5
218000590,9,0,9
218000591,1,2,-1
218000592,10,0,10
218000593,0,0,0
218000594,2,0,2
218000595,1,0,1
218000596,2,0,2
218000597,0,0,0
218000598,0,0,0
218000599,0,0,0
218000600,3,5,-2
218000601,0,0,0
218000602,0,7,-7
218000603,0,10,-10
218000604,58,44,14
218000605,0,66,-66
218000606,82,3,79
218000607,21,64,-43
218000608,84,23,61
218000609,6,82,-76
218000610,82,8,74
218000611,51,5,46
218000612,0,32,-32
218000613,32,2,30
218000614,1,47,-46
218000615,246,1,245
218000616,5,209,-204
218000617,31,1,30
218000618,0,24,-24
218000619,319,61,258
218000620,29,23,6
218000621,5,10,-5
218000622,0,33,-33
218000623,230,5,225
218000624,12,45,-33
218000625,10,2,8
218000626,0,6,-6
218000628,169,78,91
218000631,41,12,29
218000632,0,151,-151
218000633,200,5,195
218000634,6,39,-33
218000635,13,4,9
218000636,1569,1925,-356
218000637,1237,721,516
218000638,199,65,134
218000639,26,286,-260
218000640,409,42,367
218000641,249,451,-202
218000652,80,126,-46
218000653,183,129,54
218000663,13,104,-91
218000675,78,56,22
218000676,0,36,-36
218000677,8,4,4
218000680,434,579,-145
218000681,461,99,362
218000691,127,380,-253
218000693,206,137,69
218000703,12,54,-42
218000718,1153,1032,121
218000719,1709,488,1221
218000720,22,135,-113
218000721,251,19,232
218000725,12,22,-10
218001214,30,66,-36
218001258,234,6,228
218001329,140,101,39
218001330,94,95,-1
218001351,92,23,69
218001352,13,25,-12
218001353,20,17,3
218001354,3,21,-18
218001356,338,38,300
218001358,234,19,215
218001361,295,83,212
219000001,55,57,-2
219000002,53,67,-14
219000003,65,28,37
219000004,27,45,-18
219000017,217,27,190
219000020,142,132,10
219000022,121,13,108
219000023,314,5,309
219000029,0,113,-113
219000034,69,15,54
219000039,109,97,12
219000040,73,48,25
219000041,106,21,85
219000051,0,47,-47
219000052,0,40,-40
219000053,3,256,-253
219000054,87,156,-69
219000055,125,1,124
219000056,49,0,49
219000057,124,2,122
219000062,24,161,-137
219000063,83,6,77
219000064,3,264,-261
219000110,699,49,650
219000111,103,42,61
219000112,204,71,133
219000113,123,142,-19
219000114,263,283,-20
219000116,100,84,16
219000117,152,127,25
219000118,365,86,279
219000123,387,105,282
219000124,284,73,211
219000125,8,28,-20
219000126,87,111,-24
219000127,0,12,-12
219000128,26,148,-122
219000129,48,138,-90
219000130,658,701,-43
219000131,686,983,-297
219000133,76,42,34
219000134,59,34,25
219000135,45,49,-4
219000136,218,195,23
219000138,84,29,55
219000139,56,65,-9
219000140,61,2,59
219000141,27,142,-115
219000142,21,120,-99
219000143,15,146,-131
219000145,34,57,-23
219000146,5,46,-41
219000147,0,52,-52
219000148,1,49,-48
219000149,17,157,-140
219000150,2,105,-103
219000151,3,72,-69
219000157,181,183,-2
219000158,218,350,-132
219000161,178,5,173
219000163,1713,572,1141
219000166,161,257,-96
219000167,152,282,-130
219000168,304,162,142
219000174,388,131,257
219000175,105,4,101
219000176,96,11,85
219000177,42,6,36
219000178,55,7,48
219000179,20,12,8
219000180,58,42,16
219000182,125,63,62
219000183,75,66,9
219000184,96,15,81
219000185,3,86,-83
219000186,31,69,-38
219000187,42,137,-95
219000189,184,206,-22
219000190,314,272,42
219000191,1326,1465,-139
219000192,217,124,93
219000193,510,155,355
219000195,1,108,-107
219000196,26,159,-133
219000198,31,280,-249
219000199,96,649,-553
219000200,70,426,-356
219000201,123,389,-266
219000203,43,176,-133
219000204,486,244,242
219000205,116,222,-106
219000207,213,427,-214
219000209,22,94,-72
219000210,107,107,0
219000213,19,219,-200
219000239,350,401,-51
219000240,330,471,-141
219000241,152,328,-176
219000242,131,228,-97
219000243,240,411,-171
219000244,69,110,-41
219000245,28,60,-32
219000246,65,26,39
219000247,145,30,115
219000248,1010,400,610
219000249,205,109,96
219000250,164,171,-7
219000251,701,352,349
219000252,328,229,99
219000253,570,116,454
219000255,156,131,25
219000256,410,91,319
219000257,172,2,170
219000262,351,150,201
219000263,93,228,-135
219000267,4,120,-116
219000268,3,5,-2
219000269,4,1,3
219000270,27,0,27
219000271,88,4,84
219000278,0,14,-14
219000279,2,5,-3
219000283,1,80,-79
219000295,12,140,-128
219000296,89,693,-604
219000297,11,192,-181
219000298,14,218,-204
219000299,435,161,274
219000300,42,335,-293
219000301,211,598,-387
219000302,44,386,-342
219000307,128,68,60
219000308,50,52,-2
219000311,205,84,121
219000312,673,130,543
219000313,497,101,396
219000314,78,625,-547
219000315,243,62,181
219000316,661,106,555
219000317,92,32,60
219000320,1,60,-59
219000321,0,26,-26
219000323,8,90,-82
219000325,0,42,-42
219000326,118,96,22
219000327,79,43,36
219000328,53,86,-33
219000329,402,152,250
219000330,67,52,15
219000331,55,45,10
219000332,112,76,36
219000333,27,2,25
219000335,127,5,122
219000337,32,3,29
219000338,78,3,75
219000344,39,101,-62
219000345,53,122,-69
219000346,37,199,-162
219000348,159,109,50
219000349,50,242,-192
219000350,99,181,-82
219000351,18,6,12
219000352,459,97,362
219000353,126,52,74
219000354,206,141,65
219000355,158,63,95
219000356,1699,1400,299
219000363,310,81,229
219000364,87,41,46
219000365,189,13,176
219000366,331,501,-170
219000368,544,576,-32
219000370,1338,456,882
219000371,9,27,-18
219000382,15,33,-18
219000383,820,1024,-204
219000385,1005,621,384
219000386,1112,1948,-836
219000387,4,10,-6
219000390,6,3,3
219000391,6,0,6
219000397,76,74,2
219000398,82,111,-29
219000401,15,216,-201
219000402,76,240,-164
219000403,182,504,-322
219000404,32,209,-177
219000407,6,87,-81
219000409,45,70,-25
219000410,222,73,149
219000411,86,57,29
219000446,234,436,-202
219000447,4,32,-28
219000448,212,12,200
219000452,134,63,71
219000453,102,173,-71
219000454,390,300,90
219000556,305,153,152
219000558,877,292,585
219000590,88,255,-167
219000591,90,110,-20
219000592,187,507,-320
219000595,5,32,-27
219000635,342,112,230
219000636,25,98,-73
219000657,46,25,21
219000658,34,96,-62
219000673,0,21,-21
219000676,186,6,180
219000679,66,6,60
219000684,123,1,122
219000685,1,81,-80
219000686,0,6,-6
219000688,0,138,-138
219000689,31,376,-345
219000690,194,45,149
219000691,67,273,-206
219000692,182,42,140
219000693,0,25,-25
219000694,6,0,6
219000695,44,6,38
219000698,32,0,32
219000699,0,16,-16
219000727,2,164,-162
219000728,367,15,352
219000770,66,5,61
219000771,0,53,-53
219000788,586,207,379
219001150,2,33,-31
219001151,9,5,4
219001166,50,38,12
219001167,4,154,-150
219001178,148,1,147
220000001,314,77,237
220000002,37,183,-146
220000003,751,337,414
220000004,1030,680,350
220000005,2023,2080,-57
220000006,492,1080,-588
220000007,397,749,-352
220000008,352,1162,-810
220000009,432,613,-181
220000010,258,162,96
220000011,827,4109,-3282
220000012,75,432,-357
220000014,118,46,72
220000015,83,207,-124
220000017,60,431,-371
220000018,6775,2732,4043
220000019,126,321,-195
220000020,763,296,467
220000021,674,254,420
220000022,648,650,-2
220000023,399,226,173
220000024,2103,402,1701
220000025,1239,1161,78
220000026,348,306,42
220000027,116,150,-34
220000028,74,41,33
220000029,109,278,-169
220000030,238,92,146
220000031,540,435,105
220000064,15,1063,-1048
221000046,21,1,20
221000047,0,6,-6
221000048,0,4,-4
221000049,1,15,-14
221000050,99,0,99
221000055,79,60,19
221000057,59,28,31
221000068,314,193,121
221000069,365,81,284
221000070,233,48,185
221000071,93,15,78
221000072,375,19,356
221000073,328,77,251
221000074,3,18,-15
221000075,35,28,7
221000076,15,48,-33
221000077,48,177,-129
221000081,35,15,20
221000082,67,19,48
221000083,18,7,11
221000084,9,7,2
221000085,94,101,-7
221000086,42,149,-107
221000087,5,226,-221
221000088,23,237,-214
221000089,52,394,-342
221000090,225,711,-486
221000098,124,22,102
221000099,205,34,171
221000100,97,9,88
221000101,222,49,173
221000102,132,39,93
221000109,16,141,-125
221000110,23,173,-150
221000111,18,295,-277
221000112,8,220,-212
221000113,23,232,-209
221000114,26,207,-181
221000120,57,39,18
221000121,7,23,-16
221000122,135,33,102
221000123,20,24,-4
221000124,53,321,-268
221000155,142,15,127
221000156,98,38,60
221000175,2,10,-8
221000176,3,3,0
221000182,54,33,21
221000241,594,365,229
221000242,305,592,-287
221000243,570,279,291
221000244,375,578,-203
221000245,139,124,15
221000246,72,306,-234
221000247,66,159,-93
221000248,128,168,-40
221000267,90,850,-760
221000325,122,57,65
221000331,45,142,-97
221000338,48,27,21
221000378,214,57,157
221000381,50,95,-45
222000282,30,4,26
222000296,15,49,-34
222000568,362,41,321
222000569,215,42,173
222000570,138,32,106
222000571,310,18,292
222000577,35,267,-232
222000578,38,330,-292
222000579,43,254,-211
222000580,136,1351,-1215
222000599,2,214,-212
222000600,1,409,-408
222000601,10,1583,-1573
222000603,24,40,-16
222000604,16,33,-17
222000605,34,30,4
222000606,18,13,5
222000607,11,5,6
222000608,59,19,40
222000609,49,337,-288
222000616,311,90,221
222000617,21,20,1
222000618,17,3,14
222000620,69,21,48
222000621,93,11,82
222000623,871,8,863
222000624,301,6,295
222000625,545,69,476
222000636,70,3,67
222000686,54,20,34
222000687,47,37,10
222001066,392,6,386
222001067,17,7,10
222001068,47,62,-15
222001069,41,49,-8
222001082,12,67,-55
222001083,14,107,-93
222001084,0,23,-23
222001085,1,357,-356
222001111,90,215,-125
222001112,98,55,43
222001313,56,8,48
222001314,28,226,-198
222001464,84,87,-3
222001465,30,140,-110
222001484,116,118,-2
222001485,36,48,-12
222001494,352,234,118
222001495,147,395,-248
222001496,313,165,148
222001497,273,688,-415
222001502,13,126,-113
222001503,169,87,82
222001504,44,361,-317
222001505,494,33,461
222001506,51,384,-333
222001507,318,49,269
222001510,350,43,307
222001511,56,515,-459
222001514,789,288,501
222001515,306,851,-545
222001518,261,97,164
222001519,60,387,-327
222001527,278,127,151
222001528,63,217,-154
222001529,268,83,185
222001530,53,316,-263
222001533,212,437,-225
222001534,370,141,229
222001535,274,300,-26
222001536,302,363,-61
222001537,323,60,263
222001538,88,696,-608
222001563,550,122,428
222001564,99,790,-691
222001568,420,140,280
222001576,4,1,3
222001579,0,4,-4
222001583,43,251,-208
222001584,120,16,104
222001596,1517,1653,-136
222001597,3572,452,3120
222001626,0,333,-333
222001650,104,125,-21
222001651,98,167,-69
222001914,182,124,58
222001915,79,336,-257
222001968,532,286,246
222001969,587,897,-310
222001970,222,274,-52
222001971,28,32,-4
222001972,4,45,-41
225000001,568,438,130
225000002,903,352,551
225000003,749,203,546
225000004,400,418,-18
225000005,86,78,8
225000006,0,202,-202
225000007,3018,1829,1189
225000010,504,18,486
225000011,537,1404,-867
225000012,223,746,-523
225000013,184,238,-54
225000014,1665,143,1522
225000015,97,244,-147
225000021,841,361,480
225000027,287,880,-593
225000032,681,257,424
225000042,96,1011,-915
225000049,153,101,52
225000050,72,26,46
225000053,7,454,-447
225000058,889,157,732
225000067,465,219,246
225000068,221,487,-266
225000069,189,593,-404
225000070,104,546,-442
225000071,68,313,-245
225000075,54,1507,-1453
225000076,170,176,-6
225000078,86,128,-42
225000085,69,162,-93
225000086,243,75,168
225000087,231,67,164
225000088,26,354,-328
225000089,412,1165,-753
225000090,54,575,-521
225000091,184,273,-89
225000092,61,98,-37
225000093,413,378,35
225000094,34,401,-367
225000095,374,613,-239
225000096,363,687,-324
225000098,762,496,266
225000099,466,326,140
225000100,386,326,60
225000104,127,548,-421
225000110,15,626,-611
225000111,294,1572,-1278
225000112,728,1394,-666
225000113,342,685,-343
225000114,78,356,-278
225000115,2383,949,1434
225000116,1177,448,729
225000117,1141,434,707
225000118,1141,419,722
225000119,296,175,121
225000120,1196,140,1056
225000121,295,60,235
225000123,1290,30,1260
225000125,452,281,171
225000126,1106,287,819
225000127,880,1299,-419
225000128,490,890,-400
225000132,277,94,183
225000133,293,52,241
225000134,669,207,462
225000135,41,17,24
225000136,287,44,243
225000137,341,76,265
225000138,420,102,318
225000143,101,382,-281
225000144,2,499,-497
225000145,433,92,341
225000146,77,138,-61
225000147,21,361,-340
225000148,8,287,-279
225000149,158,579,-421
225000151,36,399,-363
225000155,400,653,-253
225000156,287,1204,-917
225000157,346,511,-165
225000158,88,396,-308
225000171,2,235,-233
225000180,59,5,54
225000181,0,91,-91
225000182,142,41,101
225000185,9,473,-464
225000187,144,531,-387
225000191,114,1,113
225000194,0,6,-6
225000208,5,76,-71
225000209,119,32,87
225000210,3,359,-356
225000217,4,24,-20
225000218,24,2,22
225000223,1,55,-54
225000224,376,10,366
225000225,4,31,-27
225000226,112,9,103
225000227,87,150,-63
225000228,41,228,-187
225000229,0,98,-98
225000230,481,3,478
225000231,1,110,-109
225000232,514,0,514
225000241,117,0,117
225000242,0,78,-78
225000249,13,2,11
225000250,38,1062,-1024
225000251,371,57,314
225000254,4,2,2
225000256,27,203,-176
225000257,3,248,-245
226000042,559,524,35
226000043,113,305,-192
226000044,214,617,-403
226000045,97,572,-475
226000046,384,182,202
226000047,416,149,267
226000048,586,181,405
226000049,389,223,166
226000070,1,58,-57
226000071,0,77,-77
226000072,0,23,-23
226000073,1,14,-13
226000074,1,24,-23
226000084,1,87,-86
226000085,3,24,-21
226000086,3,32,-29
226000087,8,22,-14
226000088,107,61,46
226000090,356,108,248
226000091,58,50,8
226000092,3,16,-13
226000093,48,3,45
226000094,22,5,17
226000095,32,4,28
226000105,39,0,39
226000106,7,0,7
226000107,8,0,8
226000108,56,1,55
226000109,172,40,132
226000124,175,110,65
226000134,609,569,40
226000135,1331,789,542
226000136,611,448,163
226000137,11,583,-572
226000138,12,349,-337
226000139,1,30,-29
226000156,249,9,240
226000157,658,9,649
226000163,107,93,14
226000202,16,551,-535
226000231,288,12,276
226000232,84,15,69
227000033,280,58,222
227000036,225,36,189
227000037,212,16,196
227000038,200,38,162
227000084,4,118,-114
227000085,1,52,-51
227000088,94,3,91
227000089,145,1,144
227000090,69,0,69
227000091,31,1,30
227000092,25,1,24
227000093,164,0,164
227000094,13,1,12
227000130,27,60,-33
227000131,39,234,-195
227000132,13,227,-214
227000133,11,207,-196
227000134,26,364,-338
227000152,0,4,-4
227000153,0,54,-54
227000154,0,25,-25
227000155,0,14,-14
227000156,1,26,-25
227000165,7,38,-31
227000196,305,316,-11
227000199,240,788,-548
227000230,26,654,-628
227000232,663,56,607
227000242,62,481,-419
227000243,367,84,283
227000245,10,408,-398
227000246,97,510,-413
227000247,321,91,230
227000248,136,26,110
227000249,17,208,-191
227000250,442,103,339
227000251,166,160,6
227000252,16,389,-373
227000253,101,33,68
227000262,268,72,196
227000266,1188,14,1174
227000267,45,2076,-2031
227000282,4,310,-306
227000284,539,31,508
227000286,5,119,-114
227000287,10,161,-151
227000291,18,808,-790
227000296,346,369,-23
227000484,381,15,366
227000485,21,1066,-1045
227000655,118,21,97
227000656,620,30,590
227000657,102,21,81
227000661,428,27,401
229000265,30,58,-28
229000296,40,32,8
229000297,8,53,-45
229000298,10,245,-235
229000320,22,11,11
229000321,104,12,92
229000412,37,119,-82
229000414,19,83,-64
229000415,16,2,14
229000416,0,10,-10
229000417,2,23,-21
229000419,201,413,-212
229000440,440,78,362
229000442,38,14,24
229000443,4,14,-10
229000444,9,35,-26
229000445,77,11,66
229000446,98,28,70
229000491,2,24,-22
229000492,19,142,-123
229000493,19,124,-105
229000494,95,4,91
229000495,113,6,107
229000496,58,2,56
229000507,0,84,-84
229000508,0,61,-61
229000509,0,77,-77
229000510,4,52,-48
229000511,2,68,-66
229000512,1,36,-35
229000513,0,6,-6
229000514,0,2,-2
229000517,4,11,-7
229000518,25,52,-27
229000519,0,14,-14
229000520,15,52,-37
229000521,37,20,17
229000522,13,11,2
229000523,12,5,7
229000524,1,5,-4
229000527,3,1,2
229000528,0,0,0
229000529,12,0,12
229000530,59,1,58
229000531,48,4,44
229000532,31,3,28
229000533,81,1,80
229000534,60,0,60
229000564,48,1,47
229000565,7,0,7
229000566,0,13,-13
229000567,0,64,-64
229000582,81,4,77
229000583,3,2,1
229000584,0,33,-33
229000585,2,75,-73
229000718,0,0,0
229000719,0,1,-1
229000720,0,8,-8
229000721,0,7,-7
229000722,0,17,-17
229000723,0,15,-15
229000724,0,4,-4
229000725,0,1,-1
229000738,2,0,2
229000739,4,1,3
229000740,2,0,2
229000741,10,0,10
229000742,8,1,7
229000743,16,0,16
229000744,4,0,4
229000745,3,0,3
229000746,35,1,34
229000847,41,0,41
229000848,15,0,15
229000849,86,0,86
229000851,34,0,34
229000854,0,54,-54
229000856,1,199,-198
229000857,0,79,-79
229000858,0,129,-129
229000919,26,164,-138
229000930,2,507,-505
229000937,175,16,159
229000966,62,28,34
229000981,44,76,-32
229000985,10,58,-48
229000986,2,14,-12
229000987,0,3,-3
229000988,6,9,-3
229000989,119,13,106
229000990,1,2,-1
229000991,11,2,9
229000992,42,9,33
229000993,268,32,236
229000998,6,88,-82
229000999,67,20,47
229001034,7,31,-24
229001035,27,1,26
229001037,72,6,66
229001042,11,11,0
229001047,7,72,-65
229001050,56,87,-31
229001168,0,13,-13
229001200,10,13,-3
229001338,8,80,-72
229001394,161,3,158
229001422,102,40,62
229001423,49,252,-203
229001431,77,52,25
229001432,180,93,87
229001444,162,105,57
229001445,74,250,-176
229001479,14,2,12
229001503,115,166,-51
229001504,152,274,-122
229001505,80,44,36
229001506,160,257,-97
229001509,94,36,58
229001545,80,5,75
229001546,28,176,-148
229001553,108,18,90
229001554,53,171,-118
229001630,89,14,75
229001631,12,63,-51
229001635,1,13,-12
229001636,10,3,7
229001658,0,254,-254
229001659,52,4,48
229001660,8,2,6
229001661,28,39,-11
229001662,32,0,32
229001663,1,18,-17
229002584,252,425,-173
229002831,332,266,66
229002841,18,20,-2
229002842,39,40,-1
229002843,136,36,100
229002844,120,57,63
229002845,22,79,-57
229002846,51,31,20
229002847,12,9,3
229002848,28,20,8
229002849,72,70,2
229002850,51,5,46
229002851,89,119,-30
229002852,282,34,248
229002853,236,33,203
229002854,160,59,101
229002855,17,18,-1
229002856,129,48,81
229002857,10,82,-72
229002858,52,28,24
229002859,147,35,112
229002860,403,19,384
229002861,80,56,24
229002862,75,39,36
229002863,47,18,29
229002864,43,28,15
229002865,6,23,-17
229002866,18,24,-6
229002867,2,44,-42
229002868,20,39,-19
229002869,46,197,-151
229002870,55,12,43
235000066,480,89,391
235000067,128,113,15
235000072,59,128,-69
235000073,114,608,-494
235000074,59,98,-39
235000080,33,93,-60
235000081,110,216,-106
235000082,224,127,97
235000083,131,137,-6
235000084,50,71,-21
235000085,72,84,-12
235000089,60,44,16
235000092,87,301,-214
235000093,6,8,-2
235000097,4,8,-4
235000098,59,18,41
235000099,112,48,64
235000116,69,26,43
235000117,932,13,919
235000133,17,652,-635
235000134,23,166,-143
235000206,11,7,4
235000207,11,2,9
235000208,13,0,13
235000209,9,1,8
235000210,12,3,9
235000212,4,22,-18
235000213,1,8,-7
235000220,2,2,0
235000221,84,17,67
235000238,10,98,-88
235000239,2,10,-8
235000242,410,590,-180
235000245,868,281,587
235000246,16,89,-73
235000284,10,141,-131
235000295,128,14,114
235000305,294,25,269
235000306,144,24,120
235000307,101,6,95
235000308,96,2,94
235000309,95,0,95
235000310,24,1,23
235000311,208,60,148
235000322,0,34,-34
235000323,0,55,-55
235000324,3,22,-19
235000325,0,16,-16
235000326,12,289,-277
235000351,8,83,-75
235000352,37,64,-27
235000353,5,37,-32
235000354,55,43,12
235000355,6,87,-81
235000356,412,7,405
235000357,95,5,90
235000358,81,8,73
235000359,34,6,28
235000360,106,11,95
235000361,41,8,33
235000381,64,329,-265
235000382,125,57,68
235000390,9,3,6
235000391,106,28,78
235000392,206,275,-69
235000393,138,133,5
235000395,96,97,-1
235000396,343,153,190
235000400,127,37,90
235000401,67,217,-150
235000405,129,324,-195
235000406,52,323,-271
235000407,121,140,-19
235000409,301,206,95
235000410,38,282,-244
235000411,0,75,-75
235000485,0,16,-16
235000486,18,1,17
235000549,259,167,92
235000550,81,188,-107
235000599,102,61,41
235000600,12,14,-2
235000601,21,35,-14
235000602,118,101,17
235000614,3,2,1
235000648,0,23,-23
235000649,67,11,56
235000685,1,10,-9
235000815,8,22,-14
235000834,0,18,-18
235000855,102,82,20
235000862,42,191,-149
235000891,0,11,-11
235000892,28,4,24
235000901,452,133,319
235000907,3,9,-6
235001010,168,149,19
235001029,630,560,70
235001030,432,329,103
235001078,120,148,-28
235001079,134,146,-12
235001147,10,81,-71
235001166,55,94,-39
235001167,23,64,-41
235001169,13,387,-374
235001188,1,13,-12
235001189,3,1,2
235001197,19,13,6
235001200,57,50,7
235001207,201,32,169
235001210,26,127,-101
235001215,24,128,-104
235001239,0,96,-96
235001244,1,4,-3
235016267,0,115,-115
277101746,0,1,-1
277102712,17,0,17
277103813,0,1,-1
277103814,0,0,0
277103898,0,1,-1
277104249,0,1,-1
277104250,0,8,-8
277104251,0,4,-4
277104252,1,0,1
990011530,0,272,-272
990014944,2,715,-713
990015176,85,2,83
990015618,1,242,-241
990016032,3,716,-713
990032570,20,384,-364
990070001,90,8,82
990070103,0,2,-2
990070601,0,84,-84
990070751,745,0,745
990070766,0,690,-690
990071180,604,282,322
990071343,25,1,24
990071387,0,8,-8
990071823,498,7,491
990072600,0,830,-830
990072964,5,689,-684
990073285,0,6,-6
990074393,1,1219,-1218
990074870,1281,31,1250
990075106,1288,7,1281
990075746,513,20,493
990076437,1099,4,1095
990076458,4,1094,-1090
997000007,504,4,500
997000041,0,241,-241
997000058,65,0,65
997000062,119,2,117
997000069,0,4,-4
997000070,0,38,-38
997000100,14,0,14
997000141,19,3359,-3340
997000198,18,1653,-1635
998000475,32,69,-37
998000736,1,267,-266
998000965,0,53,-53
998001031,0,78,-78
998001700,0,32,-32
998001899,1,3,-2
998001900,19,3,16
998003073,3148,10,3138
998101900,0,0,0
998102850,4,144,-140
998501927,954,631,323
998501929,148,1,147
998501930,79,0,79
998501931,145,12,133
998501932,10,1,9
998501933,198,108,90
998501937,26,11,15
998501944,50,80,-30
998501970,113,14,99
998501971,0,116,-116
998501973,0,89,-89
998501974,2,335,-333
998501975,569,2,567
998501976,126,41,85
998501977,0,25,-25
998501978,48,2,46
998501979,0,16,-16
998501980,324,15,309
998501981,43,8,35
998501982,1,123,-122
998502006,0,1,-1
998502024,1,15,-14
998502032,0,2,-2
998502062,39,2,37
998502063,0,0,0
998502173,30,0,30
998502269,0,0,0
998601159,2,245,-243
998601292,0,17,-17
999033574,2,1026,-1024
999800001,95,27,68
999800002,0,3,-3
999800003,2,0,2
999800004,0,3,-3
999800005,0,4,-4
