ID,insum,outsum,diff
100000001,857,1219,-362
100000002,4577,3770,807
100000003,7500,6191,1309
100000004,1461,1485,-24
100000005,2960,5479,-2519
100000006,904,194,710
100000007,2399,1070,1329
100000008,408,1130,-722
100000009,954,723,231
100000010,120,94,26
100000011,1750,194,1556
100000012,157,1458,-1301
100000013,78,355,-277
100000014,813,388,425
100000015,2147,3007,-860
100000016,1287,1691,-404
100000017,777,1279,-502
100000018,1855,784,1071
100000019,5286,2499,2787
100000020,2938,9303,-6365
100000021,8225,2828,5397
100000022,2204,3432,-1228
100000023,6235,2032,4203
100000025,1771,1574,197
100000028,2189,1553,636
100000029,431,460,-29
100000030,318,82,236
100000031,5354,7829,-2475
100000032,3317,5013,-1696
100000033,1074,2838,-1764
100000034,562,874,-312
100000035,2440,2330,110
100000036,2655,1890,765
100000037,886,531,355
100000038,2698,1262,1436
100000039,1063,726,337
100000040,315,223,92
100000041,1700,690,1010
100000042,2187,836,1351
100000043,1540,547,993
100000044,489,1266,-777
100000045,744,2572,-1828
100000046,1351,1073,278
100000047,493,750,-257
100000048,1115,798,317
100000049,1953,2066,-113
100000051,651,983,-332
100000053,362,27,335
100000054,679,67,612
100000055,1734,298,1436
100000056,616,547,69
100000057,2341,810,1531
100000058,1305,1276,29
100000059,26,182,-156
100000060,448,391,57
100000061,2442,753,1689
100000062,2214,726,1488
100000063,787,331,456
100000064,1749,377,1372
100000065,567,878,-311
100000066,199,668,-469
100000067,492,829,-337
100000068,591,1926,-1335
100000069,332,1444,-1112
100000072,271,993,-722
100000073,1259,1282,-23
100000075,808,294,514
100000076,2865,3711,-846
100000077,310,285,25
100000078,48,27,21
100000079,46,58,-12
100000080,21,69,-48
100000081,207,222,-15
100000102,3161,2579,582
100000103,3737,2812,925
100000104,6104,3861,2243
100000105,3379,2267,1112
100000106,2859,2510,349
100000107,848,1158,-310
100000108,886,1429,-543
100000109,2770,1594,1176
100000116,1587,1262,325
100000117,119,156,-37
100000118,1725,1643,82
100000119,620,978,-358
100000121,533,562,-29
100000122,960,1325,-365
100000123,4508,5448,-940
100000124,5716,8252,-2536
100000125,4370,2207,2163
100000126,944,566,378
100000127,2001,486,1515
100000128,2028,3867,-1839
100000129,743,569,174
100000130,558,638,-80
100000131,2792,3620,-828
100000132,1491,3840,-2349
100000133,5568,2780,2788
100000135,729,1379,-650
100000139,511,453,58
100000140,456,441,15
100000142,560,597,-37
100000143,1907,647,1260
100000144,3883,959,2924
100000147,1370,3250,-1880
100000150,48,462,-414
100000151,1557,1430,127
100000153,264,510,-246
100000154,58,296,-238
100000155,36,51,-15
100000156,598,538,60
100000157,183,159,24
100000158,363,135,228
100000159,301,715,-414
100000165,1788,1153,635
100000169,442,827,-385
100000174,853,629,224
100000179,129,681,-552
100000180,7091,6732,359
100000181,767,523,244
100000188,110,391,-281
100000189,1838,640,1198
100000190,923,1149,-226
100000191,852,804,48
100000192,57,171,-114
100000193,422,207,215
100000330,1377,1061,316
100000355,301,989,-688
100000362,4990,3483,1507
100000363,4913,5002,-89
100000364,290,318,-28
100000365,6559,8108,-1549
100000366,7020,3677,3343
100000367,6449,7467,-1018
100000368,3182,1979,1203
100000369,1642,2705,-1063
100000370,381,1072,-691
100000376,113,223,-110
100000379,2697,2066,631
100000380,5084,5181,-97
100000384,6358,6123,235
100000385,4715,5485,-770
100000386,8939,5723,3216
100000387,6074,7131,-1057
100000388,7772,7593,179
100000389,9134,7860,1274
100000390,9512,7921,1591
100000391,7719,9608,-1889
100000392,4590,5018,-428
100000393,3820,6195,-2375
100000394,9504,10816,-1312
100000395,7143,5069,2074
100000396,9481,5065,4416
100000397,6906,8450,-1544
100000398,12764,9595,3169
100900002,11,37,-26
100900003,492,199,293
100900004,44,1347,-1303
100900005,154,21,133
100900006,32,113,-81
100900007,600,10,590
100900008,3,423,-420
100900009,117,154,-37
100900010,107,100,7
100900011,128,193,-65
100900012,3,190,-187
100900013,1795,9,1786
100900014,1,24,-23
100900015,128,104,24
100900016,4,45,-41
100900017,831,92,739
100900018,0,30,-30
100900019,39,227,-188
100900020,391,3,388
100900021,526,2,524
100900022,46,34,12
100900023,0,35,-35
100900024,945,5,940
100900025,66,16,50
100900026,124,122,2
100900027,775,3177,-2402
100900028,138,266,-128
100900029,72,9,63
100900030,8,126,-118
100900031,620,56,564
100900032,280,0,280
100900033,357,275,82
100900034,561,1,560
100900035,626,1,625
100900036,14,0,14
100900037,117,188,-71
100900038,111,73,38
100900039,283,644,-361
100900040,420,682,-262
100900041,824,645,179
100900042,1650,1623,27
100900043,0,21,-21
100900044,1950,491,1459
100900045,36,1,35
100900046,1669,13,1656
100900047,995,300,695
100900048,243,64,179
100900049,202,179,23
100900050,7,16,-9
100900051,152,268,-116
100900052,567,50,517
100900053,436,17,419
100900054,8,59,-51
100900055,464,718,-254
100900056,207,248,-41
100900057,1593,1340,253
100900058,336,96,240
100900059,154,16,138
100900060,235,6,229
100900061,383,298,85
100900062,13,51,-38
100900063,280,680,-400
100900064,880,26,854
100900065,104,104,0
100900066,221,167,54
100900067,5,9,-4
100900068,144,115,29
100900069,503,16,487
100900070,374,5,369
100900071,812,314,498
100900072,1,32,-31
100900073,166,349,-183
100900074,5,12,-7
100900075,2029,411,1618
100900076,75,57,18
100900077,39,97,-58
100900078,150,394,-244
100900079,8,24,-16
100900080,43,254,-211
100900081,41,132,-91
100900082,165,452,-287
100900083,13,47,-34
100900085,22,422,-400
100900086,175,898,-723
100900088,125,537,-412
100900089,3,20,-17
100900090,241,605,-364
100900091,8,25,-17
100900092,332,225,107
100900093,269,525,-256
100900094,141,402,-261
100900095,6,29,-23
100900096,103,144,-41
100900097,2,9,-7
100900098,25,28,-3
100900099,44,595,-551
100900100,21,742,-721
100900101,324,52,272
100900102,84,160,-76
100900103,9,23,-14
100900104,9,195,-186
100900105,65,783,-718
100900106,73,5,68
100900107,2205,928,1277
100900108,4,63,-59
100900109,21,45,-24
100900110,12,24,-12
100900111,52,218,-166
100900112,28,25,3
100900113,23,37,-14
100900114,18,35,-17
100900115,1,35,-34
100900116,1148,772,376
100900117,392,1026,-634
100900118,13,55,-42
100900119,18,12,6
100900120,10,14,-4
100900121,536,736,-200
100900122,274,250,24
100900123,101,193,-92
100900124,11,6,5
100900125,21,74,-53
100900126,185,195,-10
100900127,5,12,-7
100900128,115,186,-71
100900129,2,204,-202
100900131,177,315,-138
100900133,42,46,-4
100900134,2,5,-3
100900135,1,276,-275
100900137,357,262,95
100900138,509,556,-47
100900139,16,6,10
100900140,7,510,-503
100900141,6,707,-701
100900142,1,21,-20
100900143,1186,552,634
100900144,23,15,8
100900145,253,218,35
100900146,16,95,-79
100900147,26,740,-714
100900148,40,549,-509
100900149,18,194,-176
100900150,3,48,-45
100900151,195,598,-403
100900152,700,27,673
100900153,19,263,-244
100900154,129,226,-97
100900155,20,23,-3
100900156,96,3,93
100900157,10,270,-260
100900159,33,108,-75
100900160,35,5,30
100900161,159,14,145
100900162,50,641,-591
100900163,201,208,-7
100900164,53,47,6
100900165,5,24,-19
100900166,42,14,28
100900167,34,77,-43
100900168,68,193,-125
100900169,155,1208,-1053
100900170,99,10,89
100900171,24,621,-597
100900172,3,24,-21
100900173,6,404,-398
100900174,539,70,469
100900176,1809,262,1547
100900177,710,346,364
100900178,322,220,102
100900179,395,541,-146
100900180,1,10,-9
100900181,129,125,4
100900182,130,22,108
100900184,18,245,-227
100900186,644,490,154
100900187,1,96,-95
100900188,45,13,32
100900189,2009,294,1715
100900191,1328,1256,72
100900192,298,528,-230
100900195,147,184,-37
100900197,201,190,11
100900198,75,241,-166
100900199,8,9,-1
100900200,841,497,344
100900201,107,950,-843
100900202,87,1,86
100900203,2,225,-223
100900204,1502,2231,-729
100900205,234,644,-410
100900206,223,178,45
100900207,343,174,169
100900210,107,514,-407
100900211,875,215,660
100900213,311,67,244
100900214,697,157,540
100900215,15,69,-54
100900217,146,111,35
101000001,4805,2762,2043
101000002,7158,7432,-274
101000003,570,2102,-1532
101000004,8502,7564,938
101000005,4427,5149,-722
101000006,6732,7598,-866
101000007,3253,4904,-1651
101000008,3484,3053,431
101000009,2115,1516,599
101000010,1100,1218,-118
101000011,1745,787,958
101000012,1361,858,503
101000013,798,1470,-672
101000014,582,732,-150
101000015,1374,978,396
101000016,474,605,-131
101000017,716,631,85
101000018,3564,3038,526
101000020,2912,1363,1549
101000021,927,529,398
101000022,258,119,139
101000023,1613,858,755
101000025,279,459,-180
101000026,362,29,333
101000027,2221,3009,-788
101000028,1215,257,958
101000029,455,2627,-2172
101000030,2484,138,2346
101000031,1588,1370,218
101000032,10938,6214,4724
101000033,3276,4444,-1168
101000034,2860,2252,608
101000035,1186,664,522
101000036,2103,1360,743
101000037,3600,2276,1324
101000039,3313,3146,167
101000040,4104,4613,-509
101000041,12634,10044,2590
101000042,796,1757,-961
101000043,9067,9575,-508
101000045,2347,1310,1037
101000046,5326,2540,2786
101000047,3651,5557,-1906
101000048,1117,838,279
101000049,1143,2748,-1605
101000050,3477,3617,-140
101000051,2678,3949,-1271
101000052,2115,1606,509
101000053,1747,2278,-531
101000054,3095,1680,1415
101000055,1690,1730,-40
101000056,68,139,-71
101000057,2333,1455,878
101000058,1566,1559,7
101000059,2541,2554,-13
101000060,2293,695,1598
101000061,1073,1517,-444
101000062,1017,810,207
101000063,681,1134,-453
101000064,1232,1339,-107
101000065,504,547,-43
101000066,1338,1041,297
101000067,1568,1380,188
101000068,398,589,-191
101000069,437,124,313
101000070,1512,1493,19
101000071,2251,1186,1065
101000072,1024,4035,-3011
101000073,1210,1484,-274
101000074,8140,4933,3207
101000075,6113,7093,-980
101000077,1956,1495,461
101000078,1356,2211,-855
101000079,1014,550,464
101000080,800,597,203
101000081,2223,1749,474
101000082,3677,3344,333
101000083,3016,2555,461
101000084,1467,1009,458
101000085,1771,1441,330
101000086,1238,1233,5
101000087,1114,1069,45
101000088,1702,1311,391
101000089,1396,1712,-316
101000090,2080,1399,681
101000091,497,845,-348
101000092,1124,1095,29
101000093,1490,971,519
101000094,1215,1168,47
101000095,530,726,-196
101000096,451,569,-118
101000097,654,651,3
101000098,564,775,-211
101000099,1446,1441,5
101000100,1164,1261,-97
101000101,448,467,-19
101000102,1003,629,374
101000103,1072,681,391
101000104,445,809,-364
101000105,671,651,20
101000106,1039,1138,-99
101000107,357,402,-45
101000108,930,365,565
101000109,439,78,361
101000110,49,508,-459
101000111,184,325,-141
101000113,269,835,-566
101000114,11203,9155,2048
101000115,277,164,113
101000116,288,203,85
101000117,2321,512,1809
101000119,144,86,58
101000120,183,67,116
101000121,104,78,26
101000122,183,142,41
101000123,80,186,-106
101000124,724,316,408
101000125,257,538,-281
101000128,614,553,61
101000130,311,426,-115
101000131,865,582,283
101000132,786,1018,-232
101000135,40,75,-35
101000136,578,246,332
101000137,61,448,-387
101000141,1570,3847,-2277
101000147,900,406,494
101000148,1350,59,1291
101000149,397,677,-280
101000150,118,758,-640
101000151,249,56,193
101000152,394,375,19
101000153,500,318,182
101000154,277,1006,-729
101000155,373,153,220
101000156,20,307,-287
101000157,71,52,19
101000160,108,66,42
101000163,305,422,-117
101000164,475,395,80
101000165,318,409,-91
101000166,332,383,-51
101000168,959,502,457
101000252,2061,1037,1024
101000254,583,162,421
101000258,71,12,59
101000261,198,44,154
101000262,1451,2525,-1074
101000263,550,1917,-1367
101000265,121,1010,-889
101000266,449,437,12
101000269,37,15,22
101000290,1635,3782,-2147
101000293,64,92,-28
101000294,954,562,392
101000295,165,562,-397
101000301,901,679,222
101000304,2203,3142,-939
101000305,3267,1727,1540
101000328,10,37,-27
101900001,51,89,-38
101900002,1,16,-15
101900003,67,117,-50
101900004,5,72,-67
101900005,3468,2496,972
101900006,1475,83,1392
101900007,1037,348,689
101900008,127,433,-306
101900009,96,550,-454
101900010,968,789,179
101900011,314,1434,-1120
101900012,293,314,-21
101900013,911,211,700
101900017,16,139,-123
101900018,1583,359,1224
101900019,258,150,108
101900020,60,71,-11
101900021,3,63,-60
101900022,141,1131,-990
101900023,182,232,-50
101900026,141,33,108
101900027,20,115,-95
102000001,2962,5225,-2263
102000002,3040,1350,1690
102000003,3922,8340,-4418
102000004,7560,3657,3903
102000005,1441,2316,-875
102000006,1538,2063,-525
102000007,2123,5304,-3181
102000008,5095,1821,3274
102000009,7818,9020,-1202
102000010,6349,3971,2378
102000011,3598,3227,371
102000012,3938,3559,379
102000018,3190,2853,337
102000019,2655,1640,1015
102000026,300,670,-370
102000029,457,310,147
102000030,146,436,-290
102000031,100,131,-31
102000032,543,312,231
102000033,296,402,-106
102000034,720,406,314
102000035,1626,779,847
102000036,21,310,-289
102000037,223,71,152
102000038,285,411,-126
102000039,238,113,125
102000040,589,344,245
102000041,305,383,-78
102000042,306,392,-86
102000043,389,290,99
102000044,386,444,-58
102000045,797,980,-183
102000046,1180,612,568
102000047,915,1189,-274
102000048,539,762,-223
102000049,1188,884,304
102000050,1377,1385,-8
102000051,558,712,-154
102000052,1294,920,374
102000053,1038,1062,-24
102000054,812,1498,-686
102000055,1448,585,863
102000056,961,1165,-204
102000057,1772,625,1147
102000058,1486,1519,-33
102000059,1620,1623,-3
102000060,1523,1204,319
102000061,1758,1967,-209
102000062,1818,1278,540
102000063,1192,1447,-255
102000064,713,848,-135
102000065,86,171,-85
102000066,891,996,-105
102000067,2418,3261,-843
102000068,9371,2806,6565
102000069,118,1996,-1878
102000070,1740,47,1693
102000071,7300,9726,-2426
102000072,3119,3868,-749
102000073,1747,1461,286
102000074,1059,1463,-404
102000075,172,415,-243
102000076,241,590,-349
102000077,782,789,-7
102000078,940,760,180
102000079,220,243,-23
102000080,349,285,64
102000081,479,903,-424
102000082,775,524,251
102000083,560,365,195
102000084,309,332,-23
102000085,2476,1057,1419
102000086,1344,1736,-392
102000087,1009,1657,-648
102000088,431,410,21
102000089,1370,462,908
102000090,634,1233,-599
102000091,1641,701,940
102000092,428,836,-408
102000093,597,704,-107
102000094,1154,695,459
102000095,1193,1550,-357
102000096,1029,831,198
102000097,1195,1042,153
102000098,716,925,-209
102000099,1246,1015,231
102000100,816,1358,-542
102000101,1266,849,417
102000102,324,1503,-1179
102000103,1553,507,1046
102000104,761,364,397
102000105,304,571,-267
102000106,887,661,226
102000107,1452,513,939
102000108,806,236,570
102000109,480,618,-138
102000110,1104,1215,-111
102000111,24,296,-272
102000112,209,113,96
102000113,33,26,7
102000114,758,393,365
102000115,287,321,-34
102000116,342,450,-108
102000117,210,504,-294
102000118,1410,1235,175
102000119,1576,754,822
102000120,183,553,-370
102000121,1183,706,477
102000122,831,1154,-323
102000123,1477,1339,138
102000124,1525,1341,184
102000125,1291,1058,233
102000126,1147,837,310
102000127,1324,785,539
102000128,875,1119,-244
102000129,1499,807,692
102000130,806,1065,-259
102000131,2105,994,1111
102000132,732,1448,-716
102000133,2049,1687,362
102000134,869,919,-50
102000135,1068,1099,-31
102000136,1293,610,683
102000137,1237,1291,-54
102000138,479,544,-65
102000139,371,798,-427
102000140,669,895,-226
102000141,1191,1473,-282
102000142,534,488,46
102000143,192,488,-296
102000144,359,398,-39
102000145,553,615,-62
102000146,588,400,188
102000147,646,524,122
102000148,262,561,-299
102000149,181,439,-258
102000150,398,116,282
102000151,112,284,-172
102000152,228,150,78
102000153,1263,573,690
102000154,347,675,-328
102000155,107,378,-271
102000156,406,166,240
102000157,131,474,-343
102000158,664,669,-5
102000159,1075,490,585
102000161,3998,2438,1560
102000162,239,252,-13
102000163,125,664,-539
102000164,1280,1294,-14
102000165,365,193,172
102000166,92,160,-68
102000167,289,291,-2
102000168,364,193,171
102000169,148,480,-332
102000170,653,319,334
102000171,326,423,-97
102000172,288,486,-198
102000173,518,340,178
102000174,93,81,12
102000175,209,128,81
102000176,123,45,78
102000178,240,435,-195
102000179,366,232,134
102000180,915,460,455
102000181,754,545,209
102000182,599,553,46
102000183,1772,1710,62
102000184,1957,822,1135
102000185,2920,1253,1667
102000186,1319,1672,-353
102000187,1115,1581,-466
102000188,1482,1513,-31
102000189,2382,921,1461
102000190,873,2847,-1974
102000191,1400,520,880
102000192,1110,1514,-404
102000193,64,143,-79
102000194,83,138,-55
102000195,497,475,22
102000196,229,427,-198
102000197,701,438,263
102000198,234,1029,-795
102000199,1089,409,680
102000200,324,1132,-808
102000201,1048,519,529
102000202,6,115,-109
102000203,362,239,123
102000204,471,680,-209
102000205,1147,401,746
102000206,674,658,16
102000207,720,444,276
102000208,437,538,-101
102000209,70,110,-40
102000210,410,412,-2
102000211,599,347,252
102000212,329,6,323
102000213,7,312,-305
102000214,237,8,229
102000215,13,378,-365
102000216,73,72,1
102000217,11,123,-112
102000218,345,188,157
102000219,393,294,99
102000225,642,660,-18
102000226,5619,1907,3712
102000227,166,1,165
102000228,0,95,-95
102000229,74,83,-9
102000230,269,453,-184
102000231,341,451,-110
102000232,29,177,-148
102000233,464,887,-423
102000234,129,1209,-1080
102000236,424,107,317
102000237,435,195,240
102000238,160,300,-140
102000240,553,662,-109
102000241,400,159,241
102000243,53,64,-11
102000245,27,165,-138
102000246,9,33,-24
102000247,653,987,-334
102000248,540,1009,-469
102000249,163,179,-16
102000250,97,348,-251
102000254,135,285,-150
102000266,92,555,-463
102000271,38,0,38
102000286,493,432,61
102000297,2027,1079,948
102000299,0,0,0
102000301,0,0,0
102000305,0,0,0
102000307,0,8,-8
102000308,0,0,0
102900001,1300,842,458
102900002,413,49,364
102900003,77,212,-135
102900005,436,289,147
102900006,567,190,377
102900007,577,29,548
102900008,223,70,153
102900009,628,430,198
102900010,501,982,-481
102900011,1745,367,1378
102900012,388,87,301
102900013,48,56,-8
102900015,708,551,157
102900016,78,117,-39
102900017,189,519,-330
102900018,53,116,-63
102900019,423,569,-146
102900020,153,32,121
102900021,28,79,-51
102900022,688,210,478
102900023,50,40,10
102900024,35,44,-9
102900025,218,144,74
102900026,488,2099,-1611
102900027,106,69,37
102900028,184,834,-650
102900029,248,188,60
102900030,464,292,172
102900031,236,160,76
102900032,96,113,-17
102900033,112,202,-90
102900034,652,120,532
102900035,154,330,-176
102900036,507,513,-6
102900037,350,510,-160
102900038,493,463,30
102900039,45,555,-510
102900040,170,295,-125
102900041,97,187,-90
102900042,208,279,-71
102900043,139,260,-121
102900044,627,1891,-1264
102900045,170,571,-401
102900046,152,255,-103
102900047,128,652,-524
102900048,712,577,135
102900049,149,401,-252
102900050,295,258,37
102900051,233,234,-1
102900052,65,82,-17
102900053,496,642,-146
102900054,728,1130,-402
102900055,145,233,-88
102900056,157,381,-224
102900057,8,56,-48
102900058,353,86,267
102900059,34,66,-32
102900060,174,511,-337
102900061,186,396,-210
102900062,317,850,-533
102900063,1277,430,847
102900064,171,446,-275
102900065,1261,439,822
102900066,415,39,376
102900068,126,83,43
102900070,384,691,-307
102900072,18,58,-40
102900073,126,18,108
102900075,22,67,-45
102900076,221,156,65
102900077,86,33,53
102900078,35,75,-40
102900079,235,7,228
102900080,351,53,298
102900081,119,360,-241
102900082,25,257,-232
102900083,169,23,146
102900084,14,35,-21
102900085,433,169,264
102900086,43,66,-23
102900087,192,143,49
102900088,29,44,-15
102900089,241,97,144
102900090,3,366,-363
102900091,164,3,161
102900092,344,711,-367
102900093,374,271,103
102900094,0,120,-120
102900095,152,0,152
102900096,64,23,41
102900097,8,111,-103
103000001,2565,2662,-97
103000002,2276,2710,-434
103000003,3727,3246,481
103000004,1063,853,210
103000005,1973,2903,-930
103000006,895,1527,-632
103000007,497,755,-258
103000008,1026,688,338
103000009,1142,1150,-8
103000010,153,85,68
103000011,1788,1487,301
103000012,1668,1631,37
103000013,4428,2234,2194
103000014,1656,2804,-1148
103000015,1712,696,1016
103000016,526,1441,-915
103000017,268,452,-184
103000018,884,385,499
103000019,358,391,-33
103000020,2641,1559,1082
103000021,1965,1911,54
103000022,832,1073,-241
103000023,706,1833,-1127
103000024,117,156,-39
103000025,137,702,-565
103000026,1058,180,878
103000027,355,742,-387
103000028,491,429,62
103000029,347,316,31
103000030,1878,1368,510
103000031,1734,2181,-447
103000032,2516,1891,625
103000033,3087,2906,181
103000034,1821,1231,590
103000035,524,1433,-909
103000036,411,590,-179
103000037,757,656,101
103000038,688,1096,-408
103000039,433,346,87
103000040,518,886,-368
103000041,1622,2135,-513
103000042,1267,482,785
103000043,641,943,-302
103000044,356,238,118
103000046,432,441,-9
103000047,759,780,-21
103000048,240,203,37
103000049,132,190,-58
103000050,762,477,285
103000051,600,643,-43
103000052,824,347,477
103000053,229,633,-404
103000054,2783,1379,1404
103000055,2061,2354,-293
103000056,838,1401,-563
103000057,595,263,332
103000058,813,872,-59
103000059,521,850,-329
103000060,958,653,305
103000061,419,1163,-744
103000062,1273,570,703
103000063,876,1060,-184
103000064,170,192,-22
103000065,4,411,-407
103000066,235,23,212
103000069,440,397,43
103000070,1086,824,262
103000071,1193,555,638
103000072,115,697,-582
103000073,650,118,532
103000074,773,119,654
103000075,145,743,-598
103000076,380,347,33
103000077,65,400,-335
103000078,1164,656,508
103000079,741,858,-117
103000080,1399,342,1057
103000081,589,1313,-724
103000082,463,223,240
103000083,128,273,-145
103000084,162,10,152
103000085,6,165,-159
103000086,639,430,209
103000087,150,641,-491
103000088,276,325,-49
103000089,315,516,-201
103000090,2098,785,1313
103000091,728,416,312
103000092,274,320,-46
103000093,322,325,-3
103000094,220,112,108
103000095,95,355,-260
103000096,689,127,562
103000097,97,748,-651
103000098,923,223,700
103000099,370,745,-375
103000100,121,673,-552
103000101,876,121,755
103000102,135,511,-376
103000103,625,152,473
103000104,74,100,-26
103000105,155,63,92
103000106,10,125,-115
103000107,189,48,141
103000108,670,562,108
103000109,428,436,-8
103000110,558,455,103
103000111,578,534,44
103000112,362,198,164
103000113,862,651,211
103000114,1378,486,892
103000115,597,465,132
103000116,595,406,189
103000117,427,563,-136
103000118,768,737,31
103000119,1253,512,741
103000120,74,191,-117
103000121,482,951,-469
103000122,656,810,-154
103000125,44,233,-189
103000126,768,6,762
103000127,1,183,-182
103000128,194,5,189
103000129,5,119,-114
103000130,80,39,41
103000131,248,117,131
103000132,98,202,-104
103000133,20,160,-140
103000134,688,892,-204
103000135,681,448,233
103000136,744,495,249
103000137,562,666,-104
103000138,952,738,214
103000139,2,64,-62
103000140,135,29,106
103000141,99,125,-26
103000142,227,89,138
103000143,49,211,-162
103000144,277,64,213
103000145,45,205,-160
103000150,89,53,36
103000152,167,260,-93
103000153,246,141,105
103000156,6,294,-288
103000157,490,3,487
103000159,184,48,136
103000162,118,51,67
103000163,19,66,-47
103000164,26,21,5
103000165,115,332,-217
103000166,235,297,-62
103000167,209,105,104
103000168,118,197,-79
103000169,237,538,-301
103000170,784,439,345
103000171,69,97,-28
103000172,547,299,248
103000173,714,520,194
103000174,226,320,-94
103000175,347,243,104
103000176,846,680,166
103000177,497,383,114
103000178,262,275,-13
103000179,221,62,159
103000183,183,58,125
103000185,109,39,70
103000186,123,165,-42
103000187,557,350,207
103000188,16,97,-81
103000189,767,788,-21
103000191,773,718,55
103000292,1438,1880,-442
103000293,1059,2301,-1242
103000295,78,128,-50
103000296,357,4,353
103000297,160,146,14
103000504,179,23,156
103000505,11,37,-26
103000506,2,230,-228
103000507,244,5,239
103000508,91,103,-12
103000509,257,596,-339
103900001,4,184,-180
103900002,1203,200,1003
103900003,1489,98,1391
103900004,138,0,138
103900005,5,213,-208
103900006,1,3,-2
103900007,53,12,41
103900008,18,2,16
103900009,281,633,-352
103900010,182,469,-287
103900011,354,212,142
103900012,17,13,4
103900013,98,84,14
103900014,79,12,67
103900015,75,15,60
103900016,423,232,191
103900017,39,95,-56
103900018,652,228,424
103900019,121,379,-258
103900020,234,567,-333
103900021,513,70,443
103900022,1227,767,460
103900023,165,1,164
103900024,107,494,-387
103900025,16,48,-32
103900026,323,1,322
103900027,751,255,496
103900028,18,328,-310
103900029,1077,149,928
103900030,292,97,195
103900031,47,14,33
103900032,98,86,12
103900033,103,23,80
103900034,49,143,-94
103900035,86,50,36
103900036,42,31,11
103900037,128,96,32
103900038,112,202,-90
103900039,77,328,-251
103900040,9,162,-153
103900041,49,58,-9
103900042,58,304,-246
103900043,182,94,88
103900044,104,244,-140
103900045,401,203,198
103900047,79,35,44
103900048,104,41,63
103900049,211,1405,-1194
103900050,30,117,-87
103900051,0,32,-32
103900052,242,448,-206
103900053,255,611,-356
103900054,127,359,-232
103900055,449,227,222
103900056,65,67,-2
103900057,34,173,-139
103900058,299,540,-241
103900059,0,70,-70
103900060,53,144,-91
103900061,204,56,148
103900062,377,99,278
103900063,20,0,20
103900064,126,9,117
103900065,961,471,490
103900066,196,44,152
103900067,186,16,170
103900068,56,1,55
103900069,76,16,60
103900070,185,223,-38
103900071,27,118,-91
103900072,20,165,-145
103900073,16,36,-20
103900074,109,81,28
103900075,299,115,184
103900076,524,492,32
103900077,61,102,-41
103900078,696,139,557
103900079,168,241,-73
103900080,12,52,-40
103900081,69,12,57
103900082,31,140,-109
103900083,1403,1056,347
103900084,74,208,-134
103900085,99,135,-36
103900086,676,493,183
103900087,10,35,-25
103900088,322,642,-320
103900089,87,184,-97
103900090,1,135,-134
103900091,1242,282,960
103900092,733,542,191
103900093,103,315,-212
103900094,27,115,-88
103900095,350,245,105
103900096,29,172,-143
103900097,21,424,-403
103900098,245,159,86
103900099,77,136,-59
103900100,200,318,-118
103900101,206,1050,-844
103900102,4,54,-50
103900104,8,25,-17
103900105,98,215,-117
103900106,0,266,-266
103900107,193,165,28
103900108,48,325,-277
103900109,113,66,47
103900110,264,87,177
103900111,113,537,-424
103900112,119,161,-42
103900113,195,285,-90
103900114,469,325,144
103900115,351,235,116
103900116,5574,3042,2532
103900117,120,68,52
103900119,44,68,-24
103900120,74,122,-48
103900122,88,325,-237
103900123,1311,660,651
103900124,74,468,-394
103900125,140,96,44
103900126,458,379,79
103900127,210,488,-278
103900128,274,140,134
103900131,44,130,-86
103900133,1096,144,952
103900134,2,5,-3
103900135,18,5,13
103900137,0,53,-53
103900138,105,211,-106
103900139,326,2181,-1855
103900140,8,126,-118
103900141,291,65,226
103900142,234,196,38
103900143,56,3,53
103900144,1,80,-79
103900145,208,279,-71
103900146,313,252,61
103900147,379,166,213
103900148,274,348,-74
103900149,385,728,-343
103900150,6518,4121,2397
103900151,47,143,-96
103900152,571,408,163
103900153,3,9,-6
103900154,848,1810,-962
103900155,46,216,-170
103900156,70,140,-70
103900157,53,180,-127
103900158,124,136,-12
103900159,174,56,118
103900160,57,47,10
103900161,108,207,-99
103900162,70,219,-149
103900163,33,473,-440
103900167,26,101,-75
103900168,101,131,-30
103900169,65,31,34
103900170,3,93,-90
103900171,2,40,-38
103900172,1,28,-27
103900173,15,14,1
103900174,206,73,133
103900175,64,79,-15
103900176,6,13,-7
103900177,7,53,-46
103900178,46,42,4
103900179,46,149,-103
103900180,13,117,-104
103900181,50,66,-16
103900182,26,15,11
103900184,381,113,268
103900185,152,370,-218
103900187,21,80,-59
103900188,45,22,23
103900189,146,17,129
103900190,74,61,13
103900191,34,58,-24
103900192,19,136,-117
103900193,158,214,-56
103900194,82,218,-136
103900195,7,71,-64
103900196,214,46,168
103900197,18,27,-9
103900198,27,46,-19
103900199,131,68,63
103900200,172,101,71
103900201,137,213,-76
103900202,21,77,-56
103900203,43,36,7
103900204,2,88,-86
103900207,0,95,-95
103900208,116,2,114
103900209,16,103,-87
103900210,46,30,16
103900211,596,411,185
103900212,179,354,-175
103900213,91,250,-159
103900214,283,215,68
103900215,382,329,53
103900216,16,378,-362
103900217,519,70,449
103900218,1,326,-325
103900219,140,284,-144
103900233,73,4,69
103900235,24,10,14
103900236,26,3,23
103900242,9,19,-10
103900243,11,12,-1
103900244,109,221,-112
103900245,110,199,-89
103900246,57,56,1
103900247,45,73,-28
103900248,20,102,-82
103900249,36,68,-32
103900250,40,33,7
103900251,8,39,-31
103900253,18,86,-68
103900254,12,43,-31
103900255,9,19,-10
103900256,14,23,-9
103900257,101,117,-16
103900258,38,6,32
103900259,87,3,84
103900261,10,5,5
103900262,42,3,39
103900263,57,68,-11
103900264,73,52,21
103900265,131,28,103
103900266,1,86,-85
103900267,15,85,-70
103900268,3,49,-46
103900269,151,40,111
103900270,70,117,-47
103900271,27,108,-81
103900272,88,92,-4
103900273,30,74,-44
103900274,82,21,61
103900275,39,22,17
103900276,8,119,-111
103900277,3,104,-101
103900278,1,3,-2
103900279,0,1,-1
104000001,2173,2141,32
104000002,1706,2551,-845
104000003,2470,2221,249
104000004,2751,2752,-1
104000005,1568,2004,-436
104000006,3138,2597,541
104000007,4342,4209,133
104000008,212,303,-91
104000009,151,136,15
104000010,175,269,-94
104000011,459,271,188
104000012,148,319,-171
104000013,233,200,33
104000014,202,554,-352
104000015,388,135,253
104000016,593,336,257
104000018,862,189,673
104000019,695,274,421
104000020,173,545,-372
104000021,269,538,-269
104000022,120,263,-143
104000023,842,322,520
104000024,226,346,-120
104000026,62,332,-270
104000027,257,272,-15
104000028,357,251,106
104000029,331,317,14
104000030,233,225,8
104000031,1452,407,1045
104000032,212,244,-32
104000033,710,507,203
104000034,369,254,115
104000035,969,379,590
104000036,838,551,287
104000037,310,223,87
104000038,449,297,152
104000039,223,267,-44
104000040,258,402,-144
104000041,716,346,370
104000042,289,358,-69
104000043,236,406,-170
104000044,245,508,-263
104000045,979,914,65
104000046,1118,1359,-241
104000047,1030,1230,-200
104000048,1156,1394,-238
104000049,571,368,203
104000050,274,737,-463
104000051,120,578,-458
104000052,1495,1757,-262
104000053,875,422,453
104000054,607,365,242
104000055,3933,2536,1397
104000056,1162,205,957
104000057,94,437,-343
104000058,959,671,288
104000059,576,923,-347
104000060,1091,1239,-148
104000061,1370,1123,247
104000062,433,117,316
104000064,474,343,131
104000065,283,744,-461
104000069,1172,1266,-94
104000070,77,638,-561
104000071,123,365,-242
104000072,655,183,472
104000075,136,323,-187
104000076,628,153,475
104000082,2518,3566,-1048
104000083,877,245,632
104000084,145,583,-438
104000085,285,406,-121
104000086,261,419,-158
104000087,468,2247,-1779
104000090,832,1165,-333
104000092,1279,1823,-544
104000094,903,1472,-569
104000095,1850,1261,589
104000096,1595,171,1424
104000097,1854,811,1043
104000098,2238,985,1253
104000100,1795,630,1165
104000101,1221,1673,-452
104000106,61,600,-539
104000107,671,438,233
104000108,292,511,-219
104000109,334,106,228
104000110,844,1048,-204
104000111,3809,2513,1296
104000112,2208,584,1624
104000116,6,940,-934
104000117,201,638,-437
104000118,581,248,333
104000119,699,309,390
104000120,307,792,-485
104000121,227,651,-424
104000122,710,764,-54
104000123,806,1002,-196
104000124,881,1951,-1070
104000125,3480,4287,-807
104000126,389,394,-5
104000127,1249,2502,-1253
104000128,688,473,215
104000129,377,33,344
104000130,5,265,-260
104000131,548,427,121
104000132,391,496,-105
104000133,1496,952,544
104000134,990,1722,-732
104000135,569,2158,-1589
104000136,831,4490,-3659
104000137,1655,442,1213
104000138,1069,364,705
104000139,6122,3154,2968
104000141,1085,1393,-308
104000142,708,686,22
104000143,600,537,63
104000144,84,214,-130
104000145,401,222,179
104000146,282,570,-288
104000147,147,281,-134
104000148,360,180,180
104000149,218,265,-47
104000150,1314,559,755
104000151,383,414,-31
104000152,660,616,44
104000153,845,565,280
104000154,1072,652,420
104000155,577,535,42
104000157,1168,1396,-228
104000158,714,912,-198
104000159,1038,730,308
104000160,1856,1954,-98
104000161,223,215,8
104000162,77,163,-86
104000165,1011,1019,-8
104000167,726,1017,-291
104000168,629,10,619
104000169,143,33,110
104000170,444,603,-159
104000248,242,635,-393
104000251,53,236,-183
104000272,0,0,0
104000273,0,0,0
104000274,0,0,0
104000275,0,0,0
104000279,692,433,259
104000290,119,324,-205
104000291,559,1093,-534
104000293,799,660,139
104000294,52,0,52
104000295,771,920,-149
104000296,416,716,-300
104000297,908,1955,-1047
104000298,2054,893,1161
104000299,804,1471,-667
104900001,143,362,-219
104900002,81,181,-100
104900003,58,235,-177
104900004,110,231,-121
104900005,304,318,-14
104900006,343,134,209
104900007,313,168,145
104900009,125,313,-188
104900010,157,88,69
104900011,72,30,42
104900012,393,35,358
104900013,182,15,167
104900014,2605,385,2220
104900015,93,3,90
104900016,226,212,14
104900017,203,226,-23
104900018,11,213,-202
104900019,312,2789,-2477
104900020,71,306,-235
104900021,2,144,-142
104900022,13,126,-113
104900023,2,55,-53
104900024,29,96,-67
104900025,79,282,-203
104900026,2,86,-84
104900027,560,298,262
104900028,23,106,-83
104900029,46,62,-16
104900030,555,267,288
104900031,109,219,-110
104900032,79,157,-78
104900033,200,300,-100
104900034,368,164,204
104900035,363,217,146
104900036,216,112,104
104900037,186,200,-14
104900038,589,922,-333
104900039,606,377,229
104900040,494,116,378
104900041,254,166,88
104900042,130,253,-123
104900043,11,141,-130
104900044,621,258,363
104900045,497,45,452
104900046,208,178,30
104900047,378,120,258
104900048,323,104,219
104900049,37,42,-5
104900050,336,149,187
104900051,343,49,294
104900052,66,1,65
104900053,434,139,295
104900054,207,46,161
104900055,89,1,88
104900056,169,20,149
104900057,34,6,28
104900058,991,786,205
104900059,245,89,156
104900060,1,471,-470
104900061,277,497,-220
104900063,1,158,-157
104900064,0,86,-86
104900065,1,247,-246
104900066,3,161,-158
104900067,14,283,-269
104900068,19,200,-181
104900070,205,285,-80
104900071,1,446,-445
104900072,50,284,-234
104900073,91,224,-133
104900074,61,249,-188
104900075,81,80,1
104900076,90,285,-195
104900077,1137,275,862
104900078,204,412,-208
104900079,145,542,-397
104900080,155,416,-261
104900082,21,412,-391
104900085,5,139,-134
104900087,469,2,467
104900089,215,1,214
104900090,967,799,168
104900091,715,599,116
104900093,350,513,-163
104900097,2523,2404,119
104900098,135,63,72
104900099,126,572,-446
104900100,503,254,249
104900102,34,187,-153
104900103,459,81,378
104900104,3022,2194,828
104900106,113,136,-23
104900107,177,213,-36
104900108,86,225,-139
104900109,155,261,-106
104900110,9,81,-72
104900111,293,171,122
104900112,262,649,-387
104900113,735,354,381
104900114,353,480,-127
104900115,766,430,336
104900116,250,161,89
104900118,21,91,-70
104900119,18,78,-60
104900120,41,243,-202
104900121,0,79,-79
104900122,5,56,-51
104900123,71,22,49
104900124,44,1,43
104900125,562,19,543
104900126,71,48,23
104900127,30,93,-63
104900128,110,154,-44
104900129,1676,1959,-283
105000001,2746,1416,1330
105000002,2369,1644,725
105000003,3488,3664,-176
105000004,669,981,-312
105000005,944,1244,-300
105000006,1615,1868,-253
105000007,1320,1592,-272
105000008,1944,3340,-1396
105000009,2529,3626,-1097
105000010,3000,2174,826
105000011,4037,3024,1013
105000012,4078,3062,1016
105000013,1123,1109,14
105000014,2223,2934,-711
105000015,10913,16899,-5986
105000016,3201,2634,567
105000017,1902,1012,890
105000018,1379,1746,-367
105000019,1369,915,454
105000020,174,459,-285
105000021,274,117,157
105000022,328,114,214
105000023,719,439,280
105000028,80,108,-28
105000029,713,1538,-825
105000030,4516,2932,1584
105000033,1190,2102,-912
105000034,146,1041,-895
105000037,708,333,375
105000038,2319,1859,460
105000039,3048,1948,1100
105000040,1115,1350,-235
105000041,649,1708,-1059
105000042,5161,2234,2927
105000043,1987,3264,-1277
105000044,639,751,-112
105000045,414,775,-361
105000046,1388,436,952
105000047,516,1277,-761
105000048,642,210,432
105000049,204,449,-245
105000050,699,335,364
105000051,152,351,-199
105000052,674,869,-195
105000053,131,147,-16
105000054,492,885,-393
105000055,1183,342,841
105000056,1315,1917,-602
105000057,1216,862,354
105000058,1283,1160,123
105000059,818,706,112
105000060,493,588,-95
105000061,665,551,114
105000062,642,758,-116
105000063,348,493,-145
105000064,1637,897,740
105000065,378,569,-191
105000066,1131,1443,-312
105000067,1586,800,786
105000068,493,888,-395
105000069,1682,1840,-158
105000070,583,919,-336
105000071,293,825,-532
105000072,1130,2407,-1277
105000073,904,739,165
105000074,1296,740,556
105000075,580,910,-330
105000076,1182,1095,87
105000077,2784,1354,1430
105000078,1609,1646,-37
105000079,1484,3589,-2105
105000080,2135,1515,620
105000081,4198,1564,2634
105000082,1310,2224,-914
105000083,5781,4348,1433
105000084,1187,803,384
105000085,2202,2479,-277
105000086,629,954,-325
105000087,1586,2167,-581
105000088,1609,1528,81
105000089,3439,2296,1143
105000090,1169,922,247
105000091,1476,1639,-163
105000092,797,949,-152
105000093,384,278,106
105000094,316,260,56
105000095,145,491,-346
105000096,1315,1149,166
105000097,1093,868,225
105000098,996,749,247
105000099,956,744,212
105000100,1418,1305,113
105000101,2030,2250,-220
105000102,2820,1822,998
105000103,2064,3069,-1005
105000104,3954,1190,2764
105000105,1796,2032,-236
105000106,1883,1746,137
105000107,1496,884,612
105000108,1791,1347,444
105000109,1605,1625,-20
105000110,926,616,310
105000111,834,772,62
105000112,1363,736,627
105000113,534,762,-228
105000114,2680,1159,1521
105000115,381,1265,-884
105000116,852,491,361
105000117,899,1016,-117
105000118,620,447,173
105000119,586,841,-255
105000120,1114,548,566
105000121,778,932,-154
105000122,464,690,-226
105000123,1382,1323,59
105000124,2094,881,1213
105000125,816,1840,-1024
105000126,2177,1794,383
105000127,2341,1831,510
105000128,787,945,-158
105000129,928,397,531
105000130,519,3415,-2896
105000131,793,410,383
105000132,960,832,128
105000133,540,1002,-462
105000134,710,677,33
105000135,483,622,-139
105000136,164,346,-182
105000137,520,208,312
105000138,204,351,-147
105000139,1092,992,100
105000140,490,498,-8
105000141,365,593,-228
105000142,236,510,-274
105000143,312,706,-394
105000144,310,815,-505
105000145,776,379,397
105000146,380,961,-581
105000147,653,368,285
105000148,1387,608,779
105000149,2789,2341,448
105000150,2095,1577,518
105000151,461,426,35
105000152,219,527,-308
105000153,544,643,-99
105000154,712,640,72
105000155,353,961,-608
105000156,909,763,146
105000157,892,1644,-752
105000158,1992,758,1234
105000159,270,881,-611
105000160,1870,548,1322
105000161,695,929,-234
105000162,656,1664,-1008
105000163,1056,803,253
105000164,237,254,-17
105000165,925,5188,-4263
105000166,4983,1070,3913
105000167,1896,1640,256
105000168,349,597,-248
105000169,601,297,304
105000170,270,1477,-1207
105000171,1061,262,799
105000172,231,42,189
105000173,228,52,176
105000174,94,81,13
105000175,62,167,-105
105000176,456,108,348
105000177,356,202,154
105000178,120,478,-358
105000179,604,212,392
105000180,202,173,29
105000181,161,267,-106
105000182,85,67,18
105000183,2432,2200,232
105000184,1344,1483,-139
105000185,1921,1237,684
105000186,644,947,-303
105000187,967,276,691
105000188,461,204,257
105000189,246,697,-451
105000190,306,451,-145
105000191,472,350,122
105000192,470,101,369
105000193,95,215,-120
105000194,416,158,258
105000195,501,797,-296
105000196,70,273,-203
105000197,302,632,-330
105000198,654,370,284
105000199,328,585,-257
105000200,267,363,-96
105000201,230,35,195
105000203,9,182,-173
105000204,93,85,8
105000205,116,221,-105
105000207,660,220,440
105000208,264,822,-558
105000209,243,414,-171
105000212,1209,1255,-46
105000213,231,236,-5
105000214,189,258,-69
105000215,318,183,135
105000216,150,273,-123
105000217,151,275,-124
105000218,1454,1184,270
105000221,186,197,-11
105000222,656,134,522
105000223,524,167,357
105000226,119,244,-125
105000227,96,164,-68
105000228,305,2366,-2061
105000229,180,633,-453
105000231,408,378,30
105000233,894,755,139
105000234,580,1365,-785
105000235,438,542,-104
105000237,704,93,611
105000243,34,152,-118
105000248,71,87,-16
105000262,345,1142,-797
105000269,184,254,-70
105000270,403,48,355
105000271,0,221,-221
105000282,66,48,18
105000287,411,118,293
105000288,627,439,188
105000289,3167,2187,980
105000290,27,12,15
105000402,3598,4736,-1138
105000426,494,739,-245
105000438,4504,1979,2525
105000446,12403,6131,6272
105000447,7158,3091,4067
105000454,576,695,-119
105000455,339,217,122
105000474,51,2,49
105000477,372,657,-285
105000478,1960,5019,-3059
105000479,164,133,31
105000480,10514,8109,2405
105000481,5525,4055,1470
105000482,5740,8581,-2841
105000483,1831,2039,-208
105000484,2432,3433,-1001
105000485,1827,3633,-1806
105000486,3546,2585,961
105000488,11381,6011,5370
105000489,928,865,63
105000549,202,150,52
105000550,566,1719,-1153
105000551,36,134,-98
105000552,2789,1753,1036
105000555,326,602,-276
105900001,24,2178,-2154
105900002,1453,674,779
105900003,15,96,-81
105900004,328,124,204
105900005,17,226,-209
105900006,38,140,-102
105900007,154,41,113
105900008,88,490,-402
105900009,32,37,-5
105900011,477,110,367
105900012,825,191,634
105900013,1,31,-30
105900014,18,80,-62
105900015,254,405,-151
105900016,575,673,-98
105900017,1164,62,1102
105900018,210,154,56
105900019,89,702,-613
105900020,50,67,-17
105900021,67,1095,-1028
105900022,290,214,76
105900023,13,283,-270
105900024,26,400,-374
105900025,174,49,125
105900026,255,24,231
105900027,13705,9876,3829
105900028,847,345,502
105900029,1799,362,1437
105900030,198,274,-76
105900031,389,211,178
105900032,92,181,-89
105900033,179,176,3
105900034,197,234,-37
105900035,189,222,-33
105900036,138,134,4
105900037,116,80,36
105900038,222,268,-46
105900039,146,93,53
105900040,52,142,-90
105900041,156,227,-71
105900042,49,176,-127
105900043,1371,90,1281
105900044,6,201,-195
105900045,4,764,-760
105900046,24,286,-262
105900047,9,51,-42
105900048,87,493,-406
105900050,8991,6766,2225
105900051,65,1303,-1238
105900052,674,374,300
105900053,2787,2849,-62
105900054,354,235,119
105900056,951,473,478
105900057,79,169,-90
105900058,16,13,3
105900059,0,45,-45
106000001,4703,2682,2021
106000002,2553,5857,-3304
106000003,3202,3663,-461
106000004,1714,2926,-1212
106000005,3639,5660,-2021
106000006,5650,3822,1828
106000007,456,627,-171
106000008,529,353,176
106000009,606,382,224
106000010,735,591,144
106000011,1191,1150,41
106000012,976,1267,-291
106000013,1789,2057,-268
106000014,1930,1615,315
106000015,1887,1532,355
106000016,1253,1993,-740
106000017,521,804,-283
106000018,671,522,149
106000019,479,438,41
106000020,396,315,81
106000021,366,466,-100
106000022,387,195,192
106000023,670,315,355
106000024,541,476,65
106000025,154,228,-74
106000026,128,191,-63
106000027,1382,1386,-4
106000028,575,468,107
106000029,791,1102,-311
106000030,579,575,4
106000034,250,631,-381
106000035,967,1993,-1026
106000036,259,485,-226
106000037,1865,1413,452
106000038,442,131,311
106000039,181,100,81
106000040,134,962,-828
106000041,669,582,87
106000043,512,246,266
106000046,395,83,312
106000047,43,447,-404
106000049,988,165,823
106000050,262,689,-427
106000051,808,586,222
106000052,152,589,-437
106000053,382,140,242
106000054,386,469,-83
106000055,1106,913,193
106000056,343,344,-1
106000057,391,256,135
106000058,109,189,-80
106000059,309,217,92
106000060,358,485,-127
106000061,224,453,-229
106000062,158,553,-395
106000063,653,532,121
106000064,41,399,-358
106000065,386,430,-44
106000066,99,320,-221
106000067,331,125,206
106000068,68,634,-566
106000069,230,62,168
106000070,426,783,-357
106000071,1089,439,650
106000072,2734,1649,1085
106000073,1648,3004,-1356
106000074,668,602,66
106000075,379,1471,-1092
106000076,1913,2095,-182
106000077,3610,1343,2267
106000078,1187,840,347
106000079,605,881,-276
106000080,1273,667,606
106000081,724,1215,-491
106000082,2483,825,1658
106000083,396,1561,-1165
106000084,1225,725,500
106000085,1295,1547,-252
106000086,703,905,-202
106000087,1047,537,510
106000088,428,772,-344
106000089,1157,351,806
106000090,242,620,-378
106000091,257,491,-234
106000092,733,270,463
106000093,323,126,197
106000094,104,292,-188
106000095,810,724,86
106000096,851,618,233
106000097,1159,819,340
106000098,808,905,-97
106000099,231,1016,-785
106000100,1825,301,1524
106000101,2333,421,1912
106000102,313,913,-600
106000103,318,545,-227
106000104,1063,441,622
106000105,470,599,-129
106000106,610,439,171
106000107,192,305,-113
106000108,255,274,-19
106000109,188,273,-85
106000110,246,262,-16
106000111,190,341,-151
106000112,219,489,-270
106000113,650,501,149
106000114,477,552,-75
106000115,299,367,-68
106000116,291,195,96
106000117,1117,656,461
106000118,1228,1392,-164
106000119,1371,1008,363
106000120,911,1053,-142
106000121,230,149,81
106000122,99,168,-69
106000123,527,115,412
106000124,81,204,-123
106000125,39,258,-219
106000126,242,95,147
106000127,833,850,-17
106000128,736,199,537
106000129,480,499,-19
106000130,773,296,477
106000131,149,692,-543
106000132,559,151,408
106000133,1979,1166,813
106000134,606,2404,-1798
106000135,191,559,-368
106000136,640,1085,-445
106000137,93,698,-605
106000138,957,116,841
106000139,71,137,-66
106000140,41,44,-3
106000141,93,46,47
106000142,90,82,8
106000143,35,61,-26
106000144,32,75,-43
106000145,236,247,-11
106000146,356,147,209
106000147,376,402,-26
106000148,512,813,-301
106000149,555,344,211
106000150,484,1927,-1443
106000151,3546,751,2795
106000152,1283,1991,-708
106000153,55,1576,-1521
106000154,1300,203,1097
106000155,109,258,-149
106000156,792,279,513
106000157,719,1557,-838
106000158,2349,930,1419
106000159,2995,1911,1084
106000160,397,2537,-2140
106000161,1426,398,1028
106000162,254,929,-675
106000163,425,367,58
106000164,394,318,76
106000165,225,441,-216
106000166,685,308,377
106000167,378,857,-479
106000168,531,240,291
106000169,267,588,-321
106000170,926,225,701
106000171,228,1212,-984
106000172,3041,1463,1578
106000173,1169,2637,-1468
106000174,1185,366,819
106000175,308,805,-497
106000176,1616,819,797
106000177,814,2385,-1571
106000178,3279,1757,1522
106000179,1085,2195,-1110
106000180,902,1132,-230
106000181,831,1826,-995
106000182,1281,780,501
106000183,1256,595,661
106000184,2014,682,1332
106000185,1137,1457,-320
106000186,881,124,757
106000187,251,1050,-799
106000188,0,4,-4
106000189,42,53,-11
106000190,21,2,19
106000191,660,212,448
106000192,5,20,-15
106000193,456,214,242
106000194,155,444,-289
106000195,828,283,545
106000196,276,657,-381
106000197,767,338,429
106000198,160,239,-79
106000199,802,715,87
106000200,241,254,-13
106000201,466,2703,-2237
106000202,3788,635,3153
106000203,40,157,-117
106000204,101,7,94
106000205,13,135,-122
106000206,89,25,64
106000207,36,910,-874
106000208,1254,154,1100
106000209,1609,428,1181
106000210,817,925,-108
106000211,365,1041,-676
106000212,840,461,379
106000213,690,2028,-1338
106000214,2744,890,1854
106000215,260,472,-212
106000216,272,323,-51
106000217,266,375,-109
106000218,472,365,107
106000219,152,288,-136
106000220,428,233,195
106000221,204,296,-92
106000222,70,78,-8
106000223,221,124,97
106000224,189,158,31
106000225,86,99,-13
106000226,122,235,-113
106000228,49,80,-31
106000229,65,718,-653
106000231,955,148,807
106000232,49,344,-295
106000233,765,91,674
106000234,80,228,-148
106000235,518,110,408
106000236,159,82,77
106000237,2,18,-16
106000238,20,9,11
106000239,11,87,-76
106000240,84,3,81
106000241,23,559,-536
106000242,288,40,248
106000249,56,74,-18
106000250,104,590,-486
106000251,94,37,57
106000252,26,89,-63
106000253,57,77,-20
106000254,65,48,17
106000255,21,141,-120
106000256,65,54,11
106000257,138,214,-76
106000258,229,16,213
106000259,3,77,-74
106000260,34,6,28
106000261,2,48,-46
106000262,104,9,95
106000263,9,57,-48
106000264,228,2,226
106000265,23,142,-119
106000266,158,24,134
106000267,2,92,-90
106000268,471,49,422
106000269,81,42,39
106000270,127,473,-346
106000271,83,192,-109
106000272,196,65,131
106000273,9,251,-242
106000274,186,49,137
106000275,153,281,-128
106000276,173,32,141
106000277,111,313,-202
106000278,186,28,158
106000279,15,39,-24
106000280,73,48,25
106000281,77,43,34
106000282,79,78,1
106000283,138,82,56
106000284,79,125,-46
106000285,130,100,30
106000286,109,113,-4
106000287,130,57,73
106000288,88,161,-73
106000289,91,40,51
106000290,65,110,-45
106000291,118,77,41
106000292,84,101,-17
106000293,172,80,92
106000294,131,79,52
106000295,61,61,0
106000296,41,94,-53
106000297,74,219,-145
106000298,124,74,50
106000299,66,144,-78
106000300,72,121,-49
106000301,76,139,-63
106000303,38,98,-60
106000304,29,44,-15
106000305,61,55,6
106000306,33,54,-21
106000307,74,16,58
106000308,41,110,-69
106000309,16,58,-42
106000310,323,441,-118
106000311,368,186,182
106000312,102,160,-58
106000313,185,248,-63
106000318,163,514,-351
106000319,982,255,727
106000320,1,79,-78
106000321,334,175,159
106000322,173,152,21
106000324,25,147,-122
106000325,1609,937,672
106000326,945,1641,-696
106000327,176,121,55
106000328,115,116,-1
106000329,222,262,-40
106000330,54,96,-42
106000428,91,189,-98
106000429,136,492,-356
106000430,402,1221,-819
106000431,2305,397,1908
106000432,1727,2663,-936
106000433,2290,1414,876
106000434,3080,1740,1340
106000435,1524,2461,-937
106000436,13,191,-178
106000437,278,64,214
106000438,480,200,280
106000439,92,473,-381
106000440,392,482,-90
106000441,0,0,0
106000442,144,3,141
106000443,176,260,-84
106000450,1,150,-149
106000451,26,80,-54
106000454,3,128,-125
106000455,6,176,-170
106000456,109,45,64
106000457,9,847,-838
106000458,736,82,654
106000459,111,348,-237
106000460,1793,33,1760
106000461,79,978,-899
106000462,0,19,-19
106000463,3,20,-17
106000464,4,394,-390
106000465,809,4,805
106000466,5,539,-534
106000467,278,361,-83
106000468,61,177,-116
106000469,140,3,137
106000470,353,1584,-1231
106000471,29,564,-535
106000472,168,24,144
106000473,60,17,43
106000474,270,384,-114
106000475,258,177,81
106000476,116,215,-99
106000477,26,29,-3
106000480,0,88,-88
106900001,0,13,-13
106900002,1,364,-363
106900003,227,1337,-1110
106900004,0,18,-18
106900006,0,11,-11
106900007,1,13,-12
106900008,358,158,200
106900009,328,218,110
106900010,260,235,25
106900012,1313,2418,-1105
106900013,886,135,751
106900014,19,5,14
106900015,23,1,22
106900016,290,17,273
106900017,7,1,6
106900018,1,0,1
106900019,62,2,60
106900020,2699,1491,1208
106900021,159,74,85
106900022,784,2,782
106900023,65,297,-232
106900024,860,72,788
106900025,48,712,-664
106900026,0,474,-474
106900027,733,5,728
107000001,4846,4768,78
107000002,3542,5202,-1660
107000003,6257,7281,-1024
107000004,4843,5020,-177
107000005,4725,6008,-1283
107000006,4213,4340,-127
107000007,6897,11083,-4186
107000008,12319,8360,3959
107000009,8813,8724,89
107000010,10989,10079,910
107000011,1286,1466,-180
107000012,4008,3062,946
107000013,67,97,-30
107000014,53,212,-159
107000015,577,713,-136
107000016,850,819,31
107000017,7785,3837,3948
107000018,89,3052,-2963
107000020,5348,4189,1159
107000021,2062,610,1452
107000022,1844,2562,-718
107000023,2006,259,1747
107000024,874,1515,-641
107000025,207,452,-245
107000026,378,497,-119
107000027,1535,1387,148
107000028,1686,1314,372
107000029,3996,3525,471
107000030,3803,3171,632
107000031,4485,3199,1286
107000032,609,1114,-505
107000033,2999,6072,-3073
107000034,4993,1752,3241
107000035,379,276,103
107000036,844,1351,-507
107000037,83,930,-847
107000038,318,300,18
107000039,991,981,10
107000040,180,376,-196
107000041,1934,1041,893
107000042,872,2120,-1248
107000043,3117,1253,1864
107000044,647,437,210
107000045,136,355,-219
107000046,980,430,550
107000047,516,862,-346
107000048,721,319,402
107000049,708,779,-71
107000050,1233,630,603
107000051,421,380,41
107000052,1221,1151,70
107000053,378,214,164
107000054,75,323,-248
107000055,227,91,136
107000056,507,801,-294
107000057,1404,248,1156
107000058,2630,2756,-126
107000059,2071,3569,-1498
107000060,4983,5821,-838
107000061,5353,3866,1487
107000062,4922,3365,1557
107000063,4232,4988,-756
107000064,4930,2717,2213
107000065,4725,4631,94
107000066,2408,3351,-943
107000067,1429,1504,-75
107000068,1695,784,911
107000069,966,586,380
107000070,1451,13,1438
107000071,3677,43,3634
107000072,72,2634,-2562
107000073,991,400,591
107000074,166,826,-660
107000075,1870,545,1325
107000076,674,1451,-777
107000077,4304,1630,2674
107000078,2643,3211,-568
107000079,3112,1304,1808
107000080,1151,3308,-2157
107000081,2131,573,1558
107000082,695,1841,-1146
107000083,1569,503,1066
107000084,351,1835,-1484
107000085,3376,3462,-86
107000086,3903,3685,218
107000087,3475,2319,1156
107000088,3861,3980,-119
107000089,1527,1846,-319
107000090,1282,1102,180
107000091,1628,957,671
107000092,814,1055,-241
107000093,1296,940,356
107000094,1113,1213,-100
107000095,898,793,105
107000096,737,825,-88
107000097,750,386,364
107000098,667,598,69
107000099,558,271,287
107000100,285,431,-146
107000101,67,161,-94
107000102,278,410,-132
107000103,282,170,112
107000104,218,246,-28
107000105,345,143,202
107000106,180,231,-51
107000107,630,186,444
107000108,148,504,-356
107000109,647,168,479
107000110,62,462,-400
107000111,388,67,321
107000112,62,286,-224
107000113,677,138,539
107000114,112,432,-320
107000115,590,171,419
107000116,140,678,-538
107000117,147,645,-498
107000118,120,164,-44
107000119,1601,1539,62
107000120,1265,550,715
107000121,1088,780,308
107000122,1225,942,283
107000123,567,629,-62
107000124,546,898,-352
107000125,1126,720,406
107000126,1017,713,304
107000129,240,628,-388
107000130,682,213,469
107000131,582,542,40
107000132,579,380,199
107000133,854,138,716
107000134,364,5,359
107000135,6,321,-315
107000136,969,7,962
107000137,21,468,-447
107000138,480,30,450
107000139,40,586,-546
107000140,1571,133,1438
107000141,178,799,-621
107000142,468,134,334
107000143,87,668,-581
107000144,695,588,107
107000145,190,497,-307
107000146,297,425,-128
107000147,3546,939,2607
107000150,675,4348,-3673
107000151,47,177,-130
107000152,561,1564,-1003
107000153,166,401,-235
107000154,309,298,11
107000155,1065,34,1031
107000156,1374,52,1322
107000157,204,1403,-1199
107000158,683,27,656
107000159,51,841,-790
107000160,1150,253,897
107000161,83,1304,-1221
107000162,395,754,-359
107000163,273,3,270
107000164,986,9,977
107000165,910,28,882
107000166,49,1108,-1059
107000167,632,258,374
107000168,1227,583,644
107000169,831,977,-146
107000170,2360,963,1397
107000171,826,2192,-1366
107000172,1225,1553,-328
107000173,920,1131,-211
107000174,1228,6373,-5145
107000175,7479,1884,5595
107000176,1,0,1
107000177,6,0,6
107000178,11,23,-12
107000179,330,1969,-1639
107000180,1535,393,1142
107000181,438,1024,-586
107000182,1957,1141,816
107000183,153,834,-681
107000184,1056,713,343
107000185,535,1490,-955
107000186,1501,537,964
107000187,1353,1310,43
107000188,675,725,-50
107000189,618,1082,-464
107000190,725,706,19
107000191,804,987,-183
107000192,1832,844,988
107000193,452,617,-165
107000194,931,687,244
107000197,1278,387,891
107000198,405,673,-268
107000199,925,788,137
107000200,762,726,36
107000201,438,380,58
107000202,400,557,-157
107000203,1197,1175,22
107000204,1429,1512,-83
107000205,2508,1185,1323
107000206,1181,1704,-523
107000207,887,1142,-255
107000208,1395,701,694
107000209,2230,1415,815
107000210,821,436,385
107000211,6,54,-48
107000212,23,375,-352
107000213,15,23,-8
107000214,35,151,-116
107000215,633,376,257
107000216,486,646,-160
107000217,199,154,45
107000219,124,226,-102
107000220,226,231,-5
107000222,327,737,-410
107000224,997,88,909
107000225,330,529,-199
107000226,645,112,533
107000227,105,332,-227
107000228,245,267,-22
107000229,140,204,-64
107000230,1165,461,704
107000231,1823,2066,-243
107000232,158,61,97
107000233,1430,1210,220
107000234,0,52,-52
107000235,124,9,115
107000236,15,735,-720
107000237,25,1,24
107000238,36,3,33
107000239,4367,658,3709
107000240,128,973,-845
107000241,116,24,92
107000242,412,41,371
107000243,0,35,-35
107000244,5,74,-69
107000246,2,955,-953
107000249,3,1269,-1266
107000251,0,337,-337
107000252,1,927,-926
107000255,391,135,256
107000257,5,366,-361
107000258,2,106,-104
107000259,4,166,-162
107000260,638,3,635
107000262,8,529,-521
107000263,283,5,278
107000266,12,10,2
107000267,182,157,25
107000268,169,184,-15
107000269,666,123,543
107000270,6,40,-34
107000271,18,625,-607
107000272,31,99,-68
107000273,9,313,-304
107000274,5936,1038,4898
107000275,200,3537,-3337
107000280,895,78,817
107000281,44,836,-792
107000282,137,843,-706
107000290,32,53,-21
107000291,15,19,-4
107000292,1,292,-291
107000293,274,4,270
107000294,0,32,-32
107000295,93,6,87
107000296,0,13,-13
107000444,413,9,404
107000496,2,13,-11
107000497,1593,2206,-613
107000500,377,407,-30
107000501,277,159,118
107000502,233,371,-138
107000505,413,829,-416
107000506,1,137,-136
107000508,6,578,-572
107000509,283,941,-658
107000510,47,46,1
107000514,39,361,-322
107000515,6,230,-224
107000516,406,297,109
107000518,1128,1403,-275
107000519,1855,984,871
107000520,149,41,108
107000521,584,456,128
107000522,844,538,306
107900001,82,139,-57
107900002,101,14,87
107900003,652,26,626
107900004,161,6,155
107900005,1532,6,1526
107900006,218,2,216
107900007,283,61,222
107900008,239,23,216
107900009,229,11,218
107900010,35,5,30
107900012,329,39,290
107900013,176,31,145
107900014,32,9,23
107900015,990,12,978
107900016,636,70,566
107900017,38,3,35
107900018,60,177,-117
107900019,42,45,-3
107900020,78,33,45
107900021,98,101,-3
107900023,7,3,4
107900024,0,30,-30
107900025,237,272,-35
107900026,78,73,5
107900027,45,90,-45
107900028,82,70,12
107900030,157,32,125
107900031,68,79,-11
107900032,23,5,18
107900033,32,14,18
107900034,390,22,368
107900035,857,71,786
107900036,76,16,60
107900037,1,32,-31
107900038,139,279,-140
107900039,37,54,-17
107900040,40,359,-319
107900041,3,2,1
107900043,28,92,-64
107900044,9,11,-2
107900045,123,43,80
107900046,144,203,-59
107900047,51,56,-5
107900048,205,10,195
107900049,438,2247,-1809
107900050,173,337,-164
107900051,99,109,-10
107900052,18,47,-29
107900053,46,136,-90
107900055,880,329,551
107900056,188,63,125
107900057,1,1,0
107900058,51,604,-553
107900060,84,75,9
107900061,9,10,-1
107900063,96,146,-50
107900064,327,172,155
107900065,219,23,196
107900066,35,10,25
107900067,0,0,0
107900068,158,710,-552
107900069,38,1818,-1780
107900070,126,51,75
107900071,22,607,-585
107900072,98,150,-52
107900073,182,97,85
107900074,673,299,374
107900076,144,68,76
107900077,77,1,76
107900078,225,44,181
107900079,4,29,-25
107900080,280,841,-561
107900081,60,98,-38
107900082,18,15,3
107900083,403,212,191
107900084,117,136,-19
107900086,65,188,-123
107900087,630,238,392
107900088,23,14,9
107900089,294,1043,-749
107900090,1655,2858,-1203
107900091,262,387,-125
107900092,2142,507,1635
107900093,128,102,26
107900095,3049,2197,852
107900097,24,83,-59
107900098,62,194,-132
107900100,1021,1317,-296
107900101,846,221,625
107900102,41,12,29
107900103,72,220,-148
107900104,289,13,276
107900105,3,418,-415
107900106,5,936,-931
107900107,2439,590,1849
107900108,251,141,110
107900109,1360,15,1345
107900110,64,111,-47
107900111,10,782,-772
107900112,102,406,-304
107900113,213,105,108
107900114,210,160,50
107900115,5,44,-39
107900116,185,187,-2
107900117,329,339,-10
107900118,67,158,-91
107900119,97,361,-264
107900120,51,40,11
107900121,6,143,-137
107900122,2,105,-103
107900123,8,32,-24
107900124,10,72,-62
107900125,42,175,-133
107900126,8,57,-49
107900127,772,364,408
107900128,107,91,16
107900129,75,41,34
107900130,69,35,34
107900131,728,325,403
107900132,121,351,-230
107900133,2,76,-74
107900134,43,111,-68
107900135,14,210,-196
107900136,38,50,-12
107900137,140,132,8
107900138,70,41,29
107900139,31,58,-27
107900140,155,51,104
107900141,56,35,21
107900142,56,780,-724
107900143,88,33,55
107900144,3,168,-165
107900145,16,97,-81
107900146,65,112,-47
107900147,82,42,40
107900148,205,118,87
107900149,924,247,677
107900150,62,665,-603
107900151,70,107,-37
107900152,18,186,-168
107900153,167,335,-168
107900154,90,35,55
107900155,131,63,68
107900156,10,272,-262
107900157,53,70,-17
107900158,937,30,907
107900159,34,796,-762
107900160,128,195,-67
107900161,27,150,-123
107900162,2,166,-164
107900163,61,203,-142
107900164,9,62,-53
107900165,23,117,-94
107900166,25,180,-155
107900167,26,65,-39
107900168,41,42,-1
107900169,2,209,-207
107900171,3,1232,-1229
107900172,5,325,-320
107900173,16,119,-103
107900174,162,7,155
107900175,30,52,-22
107900176,24,41,-17
107900177,2,373,-371
107900178,9,201,-192
107900179,31,134,-103
107900180,605,677,-72
107900181,474,297,177
107900182,8,1036,-1028
107900183,58,233,-175
107900184,136,299,-163
107900185,112,9,103
107900186,30,53,-23
107900187,1,223,-222
107900188,596,141,455
107900189,27,110,-83
107900190,77,150,-73
107900191,71,92,-21
107900193,0,36,-36
107900194,215,12,203
107900195,2337,400,1937
107900196,93,132,-39
107900197,850,461,389
107900199,4,847,-843
107900201,77,79,-2
107900203,41,78,-37
107900204,165,244,-79
107900205,227,401,-174
107900206,1013,448,565
107900207,19,557,-538
107900208,7,565,-558
107900209,384,132,252
107900210,65,118,-53
107900213,980,798,182
107900214,52,121,-69
107900215,123,376,-253
107900216,190,50,140
107900217,62,126,-64
107900218,41,2524,-2483
107900219,27,86,-59
107900220,238,244,-6
107900221,186,207,-21
107900223,113,630,-517
107900224,116,477,-361
107900225,9,793,-784
107900226,91,88,3
107900227,125,378,-253
107900228,19,97,-78
107900229,3,211,-208
107900230,4,91,-87
107900231,16,246,-230
107900232,65,108,-43
107900233,4,109,-105
107900234,79,99,-20
107900235,35,161,-126
107900236,84,47,37
107900237,64,505,-441
107900238,35,111,-76
107900239,764,575,189
107900240,82,111,-29
107900241,16,81,-65
107900242,41,209,-168
107900243,3,86,-83
107900244,318,3,315
107900245,586,60,526
107900246,533,22,511
107900248,213,382,-169
107900249,710,23,687
107900250,5,429,-424
107900251,141,1468,-1327
107900252,1005,26,979
107900253,170,4,166
107900254,71,435,-364
107900255,445,130,315
107900256,2682,3054,-372
107900257,236,187,49
107900258,131,240,-109
107900259,93,2000,-1907
107900261,2,288,-286
107900262,276,111,165
107900264,254,2,252
107900265,157,230,-73
107900267,208,18,190
107900268,33,8,25
107900269,0,4,-4
107900270,0,1,-1
107900271,2,24,-22
107900272,119,28,91
107900273,52,70,-18
107900274,77,0,77
107900275,30,0,30
107900276,2,79,-77
107900277,2,165,-163
107900278,311,407,-96
107900279,86,178,-92
107900280,2309,2197,112
107900281,1487,2623,-1136
107900282,56,516,-460
107900283,1015,649,366
107900284,596,576,20
107900285,119,96,23
107900286,140,106,34
107900287,249,211,38
107900290,0,118,-118
107900291,478,24,454
107900292,107,161,-54
107900293,62,390,-328
107900295,48,55,-7
107900297,0,307,-307
107900298,805,677,128
107900299,2899,2478,421
107900300,83,371,-288
107900301,610,786,-176
107900302,141,62,79
107900303,231,285,-54
107900304,291,412,-121
107900305,318,5,313
107900306,24,26,-2
107900307,30,238,-208
107900308,159,164,-5
107900309,76,3,73
107900310,766,13,753
107900311,22,919,-897
107900312,71,1,70
107900313,1,159,-158
107900314,1,59,-58
107900315,6,54,-48
107900316,58,2,56
107900317,126,36,90
107900318,16,143,-127
107900319,8,184,-176
107900320,7,147,-140
107900321,139,5,134
107900322,3,91,-88
107900323,32,160,-128
107900324,175,2,173
107900325,147,2,145
107900326,412,316,96
107900327,6,68,-62
107900328,112,1,111
107900329,153,184,-31
107900330,14,286,-272
107900331,196,26,170
107900332,267,35,232
107900333,52,41,11
107900334,27,151,-124
107900335,158,58,100
107900336,38,78,-40
107900337,1065,962,103
107900338,9,191,-182
107900339,5,19,-14
107900340,2,65,-63
107900341,64,0,64
107900342,163,136,27
107900343,67,0,67
107900344,2,38,-36
107900345,104,31,73
107900346,29,2,27
107900347,27,1,26
107900348,11,3,8
107900349,38,7,31
107900350,33,290,-257
108000001,3077,3832,-755
108000002,2076,2559,-483
108000003,4237,3921,316
108000004,12265,14467,-2202
108000005,9814,7126,2688
108000006,8791,8116,675
108000007,5774,4147,1627
108000008,4513,6390,-1877
108000009,3939,4909,-970
108000010,2979,4345,-1366
108000011,13355,13253,102
108000012,16782,15630,1152
108000014,1123,844,279
108000015,752,315,437
108000016,296,525,-229
108000017,1098,397,701
108000018,2147,739,1408
108000019,3059,1061,1998
108000020,1505,656,849
108000021,375,1797,-1422
108000022,493,1240,-747
108000023,1328,268,1060
108000024,386,557,-171
108000025,338,271,67
108000026,670,445,225
108000027,730,461,269
108000028,599,219,380
108000029,576,433,143
108000030,761,286,475
108000031,235,648,-413
108000032,1687,766,921
108000033,818,1145,-327
108000034,1855,619,1236
108000035,736,2157,-1421
108000036,355,906,-551
108000037,1744,543,1201
108000038,2742,720,2022
108000039,478,1773,-1295
108000040,1922,1148,774
108000041,695,2198,-1503
108000042,342,238,104
108000043,256,287,-31
108000044,562,228,334
108000045,287,494,-207
108000046,1621,356,1265
108000047,512,1017,-505
108000048,161,356,-195
108000049,1069,291,778
108000050,101,387,-286
108000051,326,142,184
108000052,236,597,-361
108000053,435,258,177
108000054,513,1062,-549
108000055,1117,610,507
108000056,962,1279,-317
108000057,649,1357,-708
108000058,2163,3969,-1806
108000059,3262,2010,1252
108000060,232,426,-194
108000061,143,308,-165
108000062,893,634,259
108000063,649,514,135
108000064,259,316,-57
108000065,535,558,-23
108000066,1511,879,632
108000067,1758,690,1068
108000068,840,452,388
108000069,213,901,-688
108000070,1984,847,1137
108000071,775,1552,-777
108000072,1878,1305,573
108000073,1268,1645,-377
108000074,789,451,338
108000075,400,839,-439
108000076,905,735,170
108000077,558,739,-181
108000078,2503,1545,958
108000079,834,1465,-631
108000080,1405,556,849
108000081,584,1520,-936
108000082,998,1892,-894
108000083,1844,1119,725
108000084,377,1137,-760
108000085,911,476,435
108000086,931,703,228
108000087,210,2127,-1917
108000088,170,12,158
108000089,349,351,-2
108000090,357,194,163
108000091,375,491,-116
108000092,132,102,30
108000093,207,487,-280
108000094,466,124,342
108000095,151,305,-154
108000096,330,168,162
108000097,201,383,-182
108000098,1781,1471,310
108000099,318,92,226
108000100,61,205,-144
108000101,1290,1651,-361
108000102,1860,3494,-1634
108000106,1061,2,1059
108000107,2,975,-973
108000108,1040,65,975
108000109,19,746,-727
108000110,225,287,-62
108000111,175,530,-355
108000112,68,122,-54
108000113,388,242,146
108000115,358,288,70
108000117,759,413,346
108000118,101,230,-129
108000119,626,324,302
108000120,156,840,-684
108000121,173,422,-249
108000122,621,318,303
108000123,1036,207,829
108000124,508,497,11
108000125,510,353,157
108000126,177,380,-203
108000127,638,380,258
108000128,676,398,278
108000129,423,916,-493
108000130,550,281,269
108000131,972,610,362
108000132,1765,1299,466
108000133,963,541,422
108000134,518,430,88
108000135,1180,478,702
108000136,364,851,-487
108000137,468,306,162
108000138,511,891,-380
108000139,541,331,210
108000140,161,25,136
108000141,44,91,-47
108000142,51,72,-21
108000143,32,23,9
108000144,48,7,41
108000145,36,18,18
108000146,94,10,84
108000147,38,20,18
108000148,68,36,32
108000149,28,18,10
108000150,29,22,7
108000151,21,16,5
108000152,89,554,-465
108000153,519,160,359
108000154,60,19,41
108000155,32,31,1
108000156,395,126,269
108000157,520,1128,-608
108000158,122,812,-690
108000159,511,270,241
108000160,2704,1106,1598
108000161,2760,3058,-298
108000165,12,279,-267
108000172,4,268,-264
108000173,1739,2074,-335
108000175,287,151,136
108000178,394,339,55
108000179,174,944,-770
108000181,60,38,22
108000182,107,23,84
108000183,27,37,-10
108000184,1010,2219,-1209
108000185,326,581,-255
108000186,208,50,158
108000187,114,608,-494
108000188,628,242,386
108000189,652,1531,-879
108000190,29,111,-82
108000192,186,513,-327
108000193,1095,51,1044
108000194,57,12,45
108000195,3,878,-875
108000196,422,210,212
108000198,478,301,177
108000199,1,195,-194
108000200,483,431,52
108000202,1,302,-301
108000203,157,731,-574
108000204,170,89,81
108000205,331,424,-93
108000339,1368,339,1029
108000364,148,312,-164
108000365,64,264,-200
108000367,162,352,-190
108000368,5,64,-59
108000369,978,269,709
108000371,2,492,-490
108000372,721,1,720
108000373,256,192,64
108000376,108,41,67
108000377,491,280,211
108000378,9912,10724,-812
108000379,25,259,-234
108000381,74,19,55
108000382,181,2,179
108000383,0,182,-182
108900001,93,1043,-950
108900002,184,68,116
108900003,282,648,-366
108900004,545,426,119
108900005,65,475,-410
108900006,781,246,535
108900007,323,242,81
108900008,151,138,13
108900009,107,120,-13
108900010,256,162,94
108900011,564,378,186
108900012,425,434,-9
108900013,193,322,-129
108900014,11,160,-149
108900015,0,83,-83
108900016,1,240,-239
108900017,249,403,-154
108900018,157,411,-254
108900019,48,662,-614
108900020,38,204,-166
108900021,120,240,-120
108900022,129,10,119
108900023,1,51,-50
108900024,30,132,-102
108900025,110,122,-12
108900026,42,91,-49
108900027,0,78,-78
108900028,99,265,-166
108900029,76,242,-166
108900030,0,97,-97
108900031,113,361,-248
108900032,16,199,-183
108900033,0,92,-92
108900034,0,170,-170
108900035,374,1167,-793
108900036,214,237,-23
108900037,88,316,-228
108900038,1,308,-307
108900039,2,369,-367
108900040,15,85,-70
108900041,5075,3369,1706
108900042,8,383,-375
108900043,62,512,-450
108900044,1,399,-398
108900045,83,469,-386
108900046,61,603,-542
108900047,0,112,-112
108900048,103,874,-771
108900049,2921,1186,1735
108900050,1,199,-198
108900051,0,156,-156
108900052,33,219,-186
108900053,93,183,-90
108900054,84,206,-122
108900055,66,377,-311
108900056,0,120,-120
108900057,0,147,-147
108900058,34,286,-252
108900059,430,32,398
108900060,101,124,-23
108900061,104,25,79
108900062,9,225,-216
108900063,22,255,-233
108900064,209,92,117
108900065,28,162,-134
108900066,396,127,269
108900067,4,172,-168
108900068,6,131,-125
108900069,72,106,-34
108900070,36,74,-38
108900071,122,72,50
108900072,2119,803,1316
108900073,40,313,-273
108900074,192,417,-225
108900075,75,48,27
108900076,360,77,283
108900077,131,387,-256
108900078,48,147,-99
108900079,792,176,616
108900080,27,907,-880
108900081,93,218,-125
108900082,67,116,-49
108900083,27,257,-230
108900084,422,148,274
108900085,2207,206,2001
108900086,123,196,-73
108900087,93,168,-75
108900088,957,463,494
108900089,27,163,-136
108900090,43,287,-244
108900091,123,83,40
108900092,485,371,114
108900093,144,78,66
108900094,263,88,175
108900095,79,308,-229
108900096,286,17,269
108900097,323,213,110
108900098,1973,781,1192
108900099,422,287,135
108900100,133,192,-59
108900101,193,195,-2
108900102,134,1056,-922
108900103,135,162,-27
108900104,133,339,-206
108900105,7,1126,-1119
108900106,420,354,66
108900108,422,55,367
108900109,307,50,257
108900110,263,350,-87
108900111,483,496,-13
108900112,311,31,280
108900113,48,84,-36
108900114,40,13,27
108900115,93,95,-2
108900116,135,16,119
108900117,170,25,145
108900118,556,20,536
108900119,270,21,249
108900120,255,204,51
108900121,335,185,150
108900122,156,24,132
108900123,162,136,26
108900124,474,205,269
108900125,432,8,424
108900126,124,30,94
108900127,247,29,218
108900128,110,45,65
108900129,730,151,579
108900130,372,2,370
108900131,447,6,441
108900132,532,75,457
108900133,229,79,150
108900134,386,258,128
108900135,128,14,114
108900136,92,0,92
108900137,185,1,184
108900138,692,66,626
108900139,490,121,369
108900140,283,232,51
108900141,422,20,402
108900142,118,8,110
108900143,71,1,70
108900144,105,2,103
108900145,173,13,160
108900146,70,1,69
108900147,233,2,231
108900148,69,46,23
108900149,823,328,495
108900150,259,10,249
108900151,263,18,245
108900152,247,6,241
108900153,190,330,-140
108900154,5025,509,4516
108900155,244,103,141
108900156,63,14,49
108900157,48,426,-378
108900158,373,37,336
108900159,6,180,-174
108900160,12,227,-215
108900161,13,372,-359
108900162,120,1,119
108900163,16,257,-241
108900164,40,121,-81
108900165,140,140,0
108900167,1545,6776,-5231
108900168,7060,2663,4397
108900169,90,109,-19
108900171,6605,2994,3611
108900172,195,70,125
108900173,168,378,-210
108900174,936,631,305
108900176,135,526,-391
108900177,5870,6337,-467
108900178,3602,3397,205
108900179,579,1748,-1169
108900180,137,239,-102
108900182,67,287,-220
108900183,202,231,-29
108900184,430,266,164
108900185,123,414,-291
108900186,80,357,-277
108900187,469,65,404
108900188,517,61,456
108900189,411,188,223
108900190,84,2512,-2428
108900191,226,45,181
108900192,124,260,-136
108900193,291,65,226
108900194,40,525,-485
108900195,211,280,-69
108900196,30,329,-299
108900198,3,362,-359
108900199,272,338,-66
108900200,721,434,287
108900201,537,1433,-896
108900203,560,123,437
108900204,428,18,410
108900205,175,26,149
108900206,503,59,444
108900207,168,94,74
108900208,16,364,-348
108900209,264,608,-344
108900210,201,170,31
108900211,218,515,-297
108900212,566,1477,-911
108900215,105,399,-294
108900216,704,326,378
108900217,153,1,152
108900218,173,26,147
108900219,98,6,92
108900220,57,53,4
108900221,45,175,-130
108900222,230,23,207
108900223,6,120,-114
108900224,43,185,-142
108900225,0,177,-177
108900226,254,28,226
108900227,128,401,-273
108900230,259,231,28
108900231,34,179,-145
108900232,0,250,-250
108900233,491,126,365
108900234,400,185,215
108900235,188,625,-437
108900236,46,422,-376
108900237,89,176,-87
108900240,167,121,46
108900241,39,46,-7
108900245,16,1386,-1370
108900249,143,44,99
108900250,316,144,172
108900257,225,375,-150
108900258,35,275,-240
108900259,383,99,284
108900260,16,86,-70
108900261,60,164,-104
108900262,188,134,54
108900263,40,140,-100
108900264,548,258,290
108900265,1466,506,960
108900266,732,619,113
108900267,4,125,-121
108900268,20,17,3
108900269,77,18,59
108900270,73,7,66
108900271,69,13,56
108900272,223,13,210
108900273,862,1214,-352
108900274,52,60,-8
109000001,3087,1655,1432
109000002,1501,1682,-181
109000003,2574,499,2075
109000004,529,2028,-1499
109000005,2517,699,1818
109000006,747,2046,-1299
109000007,1587,666,921
109000008,521,1678,-1157
109000009,3981,1410,2571
109000010,1456,3722,-2266
109000011,3548,2454,1094
109000012,2005,3053,-1048
109000013,3768,3385,383
109000014,1855,3044,-1189
109000015,3986,7577,-3591
109000016,6258,3441,2817
109000017,2683,1270,1413
109000018,963,2709,-1746
109000019,2914,1383,1531
109000020,1069,1931,-862
109000023,248,39,209
109000024,13,228,-215
109000025,331,525,-194
109000026,697,284,413
109000027,101,370,-269
109000028,130,100,30
109000029,109,187,-78
109000030,105,584,-479
109000031,275,215,60
109000032,172,508,-336
109000033,365,247,118
109000034,82,57,25
109000035,16,73,-57
109000036,97,319,-222
109000037,230,1370,-1140
109000038,598,396,202
109000039,1041,759,282
109000040,4473,8796,-4323
109000041,2839,1800,1039
109000042,497,1258,-761
109000044,488,88,400
109000045,154,350,-196
109000046,419,104,315
109000047,78,555,-477
109000048,872,244,628
109000049,367,714,-347
109000050,381,272,109
109000051,320,306,14
109000052,479,951,-472
109000053,244,80,164
109000054,415,608,-193
109000055,354,387,-33
109000056,378,562,-184
109000057,775,504,271
109000058,1027,309,718
109000059,905,1455,-550
109000060,369,359,10
109000061,801,1249,-448
109000062,183,404,-221
109000063,281,154,127
109000064,384,216,168
109000065,174,188,-14
109000066,422,112,310
109000067,73,300,-227
109000068,3123,14,3109
109000069,1166,53,1113
109000070,17,1293,-1276
109000071,434,110,324
109000072,118,307,-189
109000073,53,103,-50
109000074,22,155,-133
109000075,91,403,-312
109000076,139,235,-96
109000077,379,245,134
109000078,95,182,-87
109000079,185,173,12
109000080,186,96,90
109000081,118,447,-329
109000082,632,222,410
109000083,288,642,-354
109000088,144,487,-343
109000089,296,83,213
109000090,148,391,-243
109000091,325,253,72
109000092,320,473,-153
109000093,222,231,-9
109000094,576,5,571
109000095,117,405,-288
109000096,563,320,243
109000097,126,140,-14
109000098,52,165,-113
109000099,1192,345,847
109000100,271,533,-262
109000101,1803,768,1035
109000102,388,774,-386
109000103,483,613,-130
109000104,1716,603,1113
109000105,509,1142,-633
109000106,2362,971,1391
109000107,617,1908,-1291
109000108,1771,669,1102
109000109,506,1727,-1221
109000110,1482,621,861
109000111,1023,1882,-859
109000112,525,187,338
109000113,497,233,264
109000114,241,465,-224
109000115,1364,46,1318
109000116,4,280,-276
109000117,218,67,151
109000118,16,366,-350
109000119,1563,267,1296
109000120,231,760,-529
109000121,561,45,516
109000122,122,757,-635
109000123,26,51,-25
109000124,695,416,279
109000125,919,431,488
109000126,425,842,-417
109000127,941,237,704
109000128,521,1263,-742
109000129,2410,983,1427
109000130,641,1659,-1018
109000131,984,653,331
109000132,899,1735,-836
109000133,366,925,-559
109000134,905,1263,-358
109000135,1538,1879,-341
109000136,368,326,42
109000137,306,366,-60
109000138,606,330,276
109000139,610,493,117
109000140,190,378,-188
109000141,532,518,14
109000142,149,502,-353
109000143,148,79,69
109000145,152,246,-94
109000146,65,133,-68
109000148,3504,2324,1180
109000149,26,55,-29
109000150,89,333,-244
109000155,867,638,229
109000156,1069,697,372
109000158,238,318,-80
109000159,163,621,-458
109000160,983,270,713
109000161,318,1079,-761
109000162,1952,705,1247
109000163,1114,1818,-704
109000164,1265,2274,-1009
109000165,1214,601,613
109000166,636,99,537
109000167,95,495,-400
109000170,42,70,-28
109000171,67,45,22
109000172,56,75,-19
109000173,31,89,-58
109000174,101,58,43
109000175,66,94,-28
109000176,314,262,52
109000177,25,127,-102
109000178,724,478,246
109000179,4837,5401,-564
109000180,5507,3898,1609
109000181,14,34,-20
109000182,38,30,8
109000183,46,31,15
109000184,49,18,31
109000185,24,40,-16
109000188,613,1794,-1181
109000189,3227,1011,2216
109000190,658,476,182
109000191,416,511,-95
109000192,413,258,155
109000193,208,257,-49
109000194,318,130,188
109000195,118,315,-197
109000196,440,144,296
109000197,256,394,-138
109000198,456,78,378
109000199,154,398,-244
109000206,224,47,177
109000207,103,42,61
109000208,77,87,-10
109000209,171,140,31
109000210,203,567,-364
109000211,610,482,128
109000214,421,316,105
109000215,173,67,106
109000216,294,314,-20
109000217,204,127,77
109000218,354,236,118
109000221,521,1125,-604
109000222,969,355,614
109000223,350,341,9
109000224,38,104,-66
109000225,52,28,24
109000226,62,182,-120
109000227,1109,1046,63
109000228,4,1266,-1262
109000231,1,283,-282
109000232,329,293,36
109000236,302,658,-356
109000241,2266,2111,155
109000242,2067,1394,673
109000293,17,88,-71
109000361,100,391,-291
109000364,603,606,-3
109000396,3,448,-445
109000397,633,13,620
109000399,132,421,-289
109000400,72,271,-199
109000403,122,1016,-894
109000406,346,8,338
109000407,286,202,84
109000408,1,395,-394
109000410,1241,296,945
109000411,244,34,210
109900001,118,2,116
109900002,847,37,810
109900003,246,0,246
109900004,898,137,761
109900005,34,6,28
109900006,496,205,291
109900007,867,471,396
109900008,0,39,-39
109900009,164,599,-435
109900010,529,29,500
109900011,113,54,59
109900012,475,289,186
109900013,350,216,134
109900014,484,66,418
109900015,498,207,291
109900016,179,36,143
109900017,177,286,-109
109900018,234,69,165
109900019,484,57,427
109900020,38,50,-12
109900021,34,27,7
109900022,181,195,-14
109900023,49,13,36
109900024,34,14,20
109900025,33,53,-20
109900026,1,148,-147
109900027,61,79,-18
109900028,1341,926,415
109900029,7,251,-244
109900030,55,25,30
109900031,0,137,-137
109900032,13,357,-344
109900033,5,457,-452
109900034,48,8,40
109900035,13,28,-15
109900036,24,89,-65
109900037,32,443,-411
109900038,131,216,-85
109900039,8,0,8
109900040,33,433,-400
109900041,68,350,-282
109900042,90,1379,-1289
109900044,100,225,-125
109900045,204,94,110
109900046,34,105,-71
109900047,342,375,-33
109900048,1,113,-112
109900049,9,39,-30
109900050,0,137,-137
109900051,1,49,-48
109900052,100,331,-231
109900053,4,277,-273
109900054,709,215,494
109900055,60,250,-190
109900056,28,292,-264
109900057,3,132,-129
109900058,0,107,-107
109900059,732,163,569
109900060,413,149,264
109900061,79,280,-201
109900062,2,192,-190
109900063,15,541,-526
109900064,563,225,338
109900065,120,138,-18
109900066,393,813,-420
109900067,0,230,-230
109900068,73,8,65
109900069,3,34,-31
109900070,45,261,-216
109900071,2,43,-41
109900072,27,159,-132
109900073,483,472,11
109900074,13,32,-19
109900075,26,52,-26
109900076,40,190,-150
109900077,34,48,-14
109900078,96,251,-155
109900080,128,289,-161
109900081,28,277,-249
109900082,34,300,-266
109900083,36,83,-47
109900084,57,127,-70
109900085,195,603,-408
109900086,169,450,-281
109900087,330,589,-259
109900089,825,230,595
109900090,529,990,-461
109900091,360,72,288
109900092,1767,50,1717
109900093,1090,180,910
109900094,89,134,-45
109900095,128,225,-97
109900096,35,5,30
109900097,99,3,96
109900098,414,47,367
109900099,206,2,204
109900100,27,1,26
109900101,499,22,477
109900102,496,22,474
109900103,29,47,-18
109900104,612,711,-99
109900105,478,21,457
109900106,631,108,523
109900107,911,115,796
109900108,201,397,-196
109900109,51,214,-163
109900110,88,338,-250
109900111,352,758,-406
109900112,360,529,-169
109900113,825,619,206
109900114,1262,1293,-31
109900115,135,103,32
109900117,1058,193,865
109900118,349,434,-85
109900119,605,461,144
109900120,94,31,63
109900121,548,560,-12
109900122,440,14,426
109900123,26,152,-126
109900124,57,399,-342
109900125,1,153,-152
109900126,256,83,173
109900128,336,55,281
109900130,6229,2380,3849
109900131,36,167,-131
109900132,40,162,-122
109900133,89,262,-173
109900134,98,116,-18
109900135,331,71,260
109900136,73,178,-105
109900137,187,328,-141
109900140,217,163,54
109900142,1221,295,926
109900145,3,521,-518
109900146,506,57,449
109900148,32,93,-61
109900149,52,70,-18
109900150,5,96,-91
109900151,12,41,-29
109900152,0,35,-35
109900153,0,48,-48
109900154,205,1,204
109900155,98,34,64
109900157,61,298,-237
109900158,53,138,-85
109900159,170,45,125
109900160,222,75,147
109900161,262,93,169
109900162,241,142,99
109900163,697,353,344
109900164,96,205,-109
109900165,236,6,230
109900166,6,136,-130
109900167,176,520,-344
109900168,251,668,-417
109900169,204,177,27
109900170,240,861,-621
109900171,184,114,70
109900172,250,246,4
109900173,2643,2573,70
109900174,46,131,-85
109900175,49,103,-54
109900176,158,147,11
109900177,69,210,-141
109900178,15,262,-247
109900179,91,22,69
109900180,5,19,-14
110000001,1033,519,514
110000002,638,786,-148
110000003,1051,644,407
110000004,544,785,-241
110000005,476,1760,-1284
110000006,294,359,-65
110000007,137,146,-9
110000008,22,60,-38
110000009,40,32,8
110000010,53,72,-19
110000011,54,81,-27
110000012,585,348,237
110000013,37,647,-610
110000014,612,422,190
110000015,243,827,-584
110000016,244,1633,-1389
110000017,3427,307,3120
110000018,2567,493,2074
110000019,17,129,-112
110000020,670,240,430
110000021,835,562,273
110000022,1133,261,872
110000023,14,176,-162
110000024,661,444,217
110000025,398,10,388
110000026,8,370,-362
110000027,1277,1198,79
110000028,869,759,110
110000029,580,648,-68
110000030,263,462,-199
110000031,294,457,-163
110000032,800,426,374
110000033,321,213,108
110000034,555,703,-148
110000035,1045,669,376
110000036,1111,721,390
110000037,243,634,-391
110000038,279,706,-427
110000039,670,3488,-2818
110000040,326,378,-52
110000041,267,1530,-1263
110000042,137,707,-570
110000043,1085,330,755
110000044,381,1188,-807
110000045,2440,238,2202
110000046,6,16,-10
110000047,44,122,-78
110000048,16,50,-34
110000049,105,33,72
110000050,9,84,-75
110000051,40,12,28
110000052,21,38,-17
110000053,258,49,209
110000054,227,407,-180
110000055,602,81,521
110000056,319,98,221
110000057,445,537,-92
110000058,1145,609,536
110000059,1125,566,559
110000060,935,1079,-144
110000061,1065,789,276
110000062,716,977,-261
110000063,40,91,-51
110000064,97,81,16
110000065,76,50,26
110000066,76,30,46
110000067,104,195,-91
110000068,369,237,132
110000069,306,93,213
110000071,165,110,55
110000073,10,24,-14
110000075,12,80,-68
110000076,346,496,-150
110000077,481,1682,-1201
110000078,35,47,-12
110000080,239,793,-554
110000081,65,331,-266
110000082,31,454,-423
110000083,240,673,-433
110000084,1323,843,480
110000085,1909,1809,100
110000086,1425,2493,-1068
110000087,10,60,-50
110000088,113,228,-115
110000089,309,121,188
110000090,423,279,144
110000091,977,253,724
110000092,35,72,-37
110000093,101,14,87
110000094,556,295,261
110000095,240,634,-394
110000096,2120,2077,43
110000097,1167,1197,-30
110000098,2288,714,1574
110000099,824,1719,-895
110000100,979,451,528
110000101,34,422,-388
110000102,72,26,46
110000104,497,147,350
110000105,64,307,-243
110000106,650,428,222
110000107,302,388,-86
110000108,138,75,63
110000109,341,279,62
110000110,3121,4836,-1715
110000111,6177,3014,3163
110000112,1341,1541,-200
110000113,384,2348,-1964
110000114,174,655,-481
110000115,391,399,-8
110000116,48,69,-21
110000117,194,307,-113
110000118,466,153,313
110000119,297,329,-32
110000120,410,186,224
110000121,88,445,-357
110000122,444,674,-230
110000123,606,787,-181
110000124,3,915,-912
110000125,1159,15,1144
110000126,293,33,260
110000127,1197,86,1111
110000128,53,1320,-1267
110000129,6,520,-514
110000130,231,217,14
110000131,66,311,-245
110000132,2,652,-650
110000133,60,556,-496
110000134,35,308,-273
110000135,192,31,161
110000136,133,274,-141
110000137,486,570,-84
110000138,756,608,148
110000139,888,1054,-166
110000140,1019,670,349
110000143,676,444,232
110000144,5876,2244,3632
110000145,2325,1393,932
110000146,2958,995,1963
110000147,634,716,-82
110000148,623,309,314
110000151,1201,1247,-46
110000152,867,356,511
110000153,123,39,84
110000154,48,51,-3
110000155,1986,4744,-2758
110000156,1047,2947,-1900
110000157,2491,2652,-161
110000160,539,251,288
110000161,215,313,-98
110000166,612,124,488
110000167,1057,496,561
110000168,1120,592,528
110000169,980,424,556
110000170,126,114,12
110000171,734,179,555
110000172,187,762,-575
110000173,995,1185,-190
110000174,188,836,-648
110000175,734,61,673
110000176,401,323,78
110000177,219,865,-646
110000178,531,1513,-982
110000179,1296,402,894
110000180,246,253,-7
110000181,523,465,58
110000182,375,168,207
110000183,9002,7724,1278
110000184,369,2695,-2326
110000185,2308,1155,1153
110000186,917,860,57
110000191,1007,286,721
110000192,730,12,718
110000193,1386,14,1372
110000194,12,1077,-1065
110000195,407,291,116
110000196,449,383,66
110000197,122,140,-18
110000198,165,87,78
110000199,102,130,-28
110000200,1341,563,778
110000201,1213,1167,46
110000202,1329,594,735
110000203,727,736,-9
110000204,6,259,-253
110000205,158,63,95
110000206,659,1304,-645
110000207,1138,441,697
110000208,385,246,139
110000209,167,1228,-1061
110000210,1251,519,732
110000211,1079,872,207
110000212,502,1137,-635
110000213,198,82,116
110000214,277,97,180
110000215,247,327,-80
110000216,121,345,-224
110000217,275,161,114
110000218,158,321,-163
110000219,382,109,273
110000220,77,238,-161
110000221,298,93,205
110000222,62,233,-171
110000223,2,192,-190
110000224,47,17,30
110000225,319,834,-515
110000226,258,49,209
110000227,997,843,154
110000228,311,174,137
110000229,4,232,-228
110000230,831,792,39
110000231,207,260,-53
110000232,259,320,-61
110000233,268,287,-19
110000234,1337,1926,-589
110000235,1225,1399,-174
110000236,726,667,59
110000237,2699,1590,1109
110000238,1241,1654,-413
110000239,2134,1325,809
110000240,2,79,-77
110000242,0,10,-10
110000243,124,154,-30
110000244,182,546,-364
110000245,53,416,-363
110000246,841,551,290
110000247,1193,4651,-3458
110000248,2035,1563,472
110000249,48,8,40
110000250,57,207,-150
110000251,353,482,-129
110000252,244,217,27
110000253,1361,638,723
110000254,663,1385,-722
110000255,319,1094,-775
110000256,524,305,219
110000257,761,476,285
110000258,8,434,-426
110000259,124,20,104
110000260,15,243,-228
110000263,540,102,438
110000264,301,406,-105
110000265,1297,2284,-987
110000266,2629,3503,-874
110000267,30,221,-191
110000268,386,545,-159
110000269,4,100,-96
110000270,96,11,85
110000271,1392,296,1096
110000272,1196,1204,-8
110000273,4277,2154,2123
110000274,204,1540,-1336
110000275,1933,539,1394
110000276,375,367,8
110000277,306,387,-81
110000278,302,751,-449
110000279,829,757,72
110000280,411,459,-48
110000281,48,428,-380
110000282,368,37,331
110000283,91,165,-74
110000284,78,61,17
110000285,7,858,-851
110000286,32,1,31
110000287,83,3,80
110000288,2,150,-148
110000289,486,1934,-1448
110000290,832,574,258
110000291,4609,1302,3307
110000292,1352,4406,-3054
110000293,511,688,-177
110000294,966,1219,-253
110000295,151,797,-646
110000296,415,347,68
110000297,2568,330,2238
110000298,239,578,-339
110000299,268,122,146
110000301,427,64,363
110000302,464,936,-472
110000303,496,11,485
110000304,178,231,-53
110000305,1307,31,1276
110000306,148,1188,-1040
110000307,1594,6,1588
110000308,674,6,668
110000309,5,710,-705
110000310,670,44,626
110000311,19,613,-594
110000312,446,118,328
110000313,2746,3047,-301
110000314,1,255,-254
110000315,3525,3414,111
110000316,704,1744,-1040
110000317,691,969,-278
110000318,8,80,-72
110000319,14,34,-20
110000320,49,82,-33
110000321,22,49,-27
110000322,295,373,-78
110000323,476,237,239
110000324,3618,2061,1557
110000325,3015,3421,-406
110000327,665,430,235
110000328,242,437,-195
110000333,1184,787,397
110000334,939,1487,-548
110000335,1041,545,496
110000336,771,1108,-337
110000337,1444,641,803
110000338,580,232,348
110000339,376,283,93
110000340,56,216,-160
110000341,505,502,3
110000342,689,8,681
110000343,0,34,-34
110000344,1191,226,965
110000345,1102,211,891
110000346,2806,2129,677
110000347,1252,831,421
110000348,1,1,0
110000349,1,0,1
110000350,46,8,38
110000351,1146,905,241
110000352,689,1576,-887
110000353,3165,746,2419
110000354,1084,3344,-2260
110000355,100,79,21
110000356,1359,19,1340
110000357,454,19,435
110000361,46,44,2
110000362,95,92,3
110000363,419,126,293
110000364,319,509,-190
110000365,217,2,215
110000366,0,96,-96
110000367,582,237,345
110000368,10,72,-62
110000369,161,2,159
110000373,7,312,-305
110000374,235,11,224
110000375,119,1056,-937
110000376,39,91,-52
110000377,86,498,-412
110000378,29,409,-380
110000379,2716,1927,789
110000380,181,33,148
110000383,4,1338,-1334
110000384,1857,1197,660
110000385,0,182,-182
110000387,114,7,107
110000388,59,221,-162
110000389,854,7,847
110000391,804,308,496
110000396,187,154,33
110000397,171,182,-11
110000398,5,46,-41
110000399,201,3,198
110000587,244,92,152
110000589,280,173,107
110000640,179,61,118
110000652,23,355,-332
110000653,403,543,-140
110000654,205,272,-67
110000656,2,612,-610
110000674,34,12,22
110000675,19,22,-3
110000676,7,35,-28
110000679,387,1292,-905
110000682,140,241,-101
110000683,483,497,-14
110000684,9,44,-35
110000685,12,15,-3
110000686,2,51,-49
110000687,51,14,37
110000688,67,956,-889
110000689,4,3,1
110000692,102,216,-114
110000693,131,362,-231
110000694,0,162,-162
110000695,199,707,-508
110000696,73,68,5
110900001,306,26,280
110900002,410,211,199
110900003,841,523,318
110900004,441,234,207
110900005,1719,2169,-450
110900006,63,19,44
110900007,172,34,138
110900008,23,45,-22
110900009,481,134,347
110900010,26,74,-48
110900011,21,94,-73
110900012,13,62,-49
110900013,1054,142,912
110900014,259,9,250
110900015,561,744,-183
110900016,70,77,-7
110900017,474,38,436
110900018,576,80,496
110900019,201,26,175
110900020,106,219,-113
110900021,94,501,-407
110900022,143,294,-151
110900023,160,598,-438
110900024,25,402,-377
110900025,9,56,-47
110900027,47,228,-181
110900028,47,152,-105
110900029,20,334,-314
110900030,33,251,-218
110900031,9,138,-129
110900032,2,76,-74
110900033,47,217,-170
110900035,36,488,-452
110900036,106,22,84
110900037,66,27,39
110900038,1029,226,803
110900039,16,272,-256
110900040,234,49,185
110900041,23,134,-111
110900042,108,59,49
110900043,3,133,-130
110900044,245,20,225
110900045,68,362,-294
110900046,51,248,-197
110900047,535,287,248
110900049,135,78,57
110900050,28,5,23
110900051,63,227,-164
110900052,6,176,-170
110900053,129,53,76
110900054,86,194,-108
110900055,29,3,26
110900056,85,123,-38
110900057,2,140,-138
110900058,275,287,-12
110900059,584,557,27
110900060,551,199,352
110900061,19,64,-45
110900062,171,281,-110
110900063,39,339,-300
110900064,12,0,12
110900065,392,148,244
110900066,17,139,-122
110900067,436,591,-155
110900068,562,237,325
110900069,8,26,-18
110900071,265,641,-376
110900073,1,14,-13
110900074,323,95,228
110900075,438,63,375
110900077,842,623,219
110900078,51,62,-11
110900079,2002,1562,440
110900080,117,95,22
110900081,3,43,-40
110900082,104,94,10
110900083,131,82,49
110900084,52,70,-18
110900085,83,253,-170
110900086,115,401,-286
110900087,459,107,352
110900088,20,1,19
110900090,43,52,-9
110900091,4,41,-37
110900093,315,156,159
110900095,55,51,4
110900097,7,29,-22
110900098,24,101,-77
110900099,82,418,-336
110900100,0,24,-24
110900102,60,33,27
110900105,1204,247,957
110900108,27,70,-43
110900111,600,447,153
110900112,910,7,903
110900113,501,62,439
110900115,7,94,-87
110900116,668,1640,-972
110900118,126,2880,-2754
110900119,3728,405,3323
110900120,22,47,-25
110900121,149,1,148
110900122,564,236,328
110900125,456,513,-57
110900127,798,1607,-809
110900128,290,329,-39
110900129,427,960,-533
110900130,1112,736,376
110900131,453,78,375
110900132,400,97,303
110900133,300,210,90
110900135,93,289,-196
110900136,352,25,327
110900137,100,2,98
110900138,1514,856,658
110900139,31,217,-186
110900140,93,47,46
110900141,29,371,-342
110900142,53,197,-144
110900143,218,120,98
110900144,4,594,-590
110900145,224,70,154
110900146,644,196,448
110900147,104,425,-321
110900148,5,324,-319
110900149,6,94,-88
110900150,170,37,133
110900151,25,176,-151
110900152,40,302,-262
110900153,199,59,140
111000001,560,453,107
111000002,678,581,97
111000003,1129,719,410
111000004,474,913,-439
111000005,1330,1294,36
111000006,928,1634,-706
111000007,4679,2947,1732
111000008,2234,3221,-987
111000009,413,866,-453
111000010,821,233,588
111000011,439,1340,-901
111000012,710,414,296
111000013,402,1255,-853
111000014,1373,575,798
111000017,122,1108,-986
111000018,326,436,-110
111000020,1029,2436,-1407
111000021,86,103,-17
111000023,108,103,5
111000025,4317,4605,-288
111000029,169,140,29
111000030,27,139,-112
111000031,2556,1568,988
111000032,526,337,189
111000033,307,328,-21
111000034,189,245,-56
111000037,1519,907,612
111000038,3886,2483,1403
111000039,2075,2159,-84
111000040,1977,2340,-363
111000041,1802,1676,126
111000042,3111,2455,656
111000043,2003,3173,-1170
111000044,2055,1210,845
111000045,2407,2458,-51
111000046,1769,1898,-129
111000047,2760,4223,-1463
111000049,610,556,54
111000050,1502,1396,106
111000051,538,936,-398
111000052,597,1542,-945
111000053,345,890,-545
111000054,359,806,-447
111000055,1056,1473,-417
111000056,140,449,-309
111000057,91,439,-348
111000058,390,58,332
111000059,524,291,233
111000060,3873,870,3003
111000061,618,380,238
111000062,846,359,487
111000063,1814,953,861
111000064,764,526,238
111000065,1145,949,196
111000066,511,472,39
111000067,562,652,-90
111000068,706,1021,-315
111000069,1847,2096,-249
111000070,1212,998,214
111000071,229,620,-391
111000072,1185,508,677
111000073,322,846,-524
111000074,1637,1685,-48
111000075,1106,744,362
111000076,563,655,-92
111000077,1764,1762,2
111000078,2959,1473,1486
111000079,1365,773,592
111000080,552,693,-141
111000081,1731,4759,-3028
111000082,681,675,6
111000084,991,612,379
111000085,931,1249,-318
111000086,2703,1087,1616
111000087,748,578,170
111000088,5678,2397,3281
111000089,810,847,-37
111000090,923,1370,-447
111000091,835,543,292
111000092,1238,809,429
111000093,785,1102,-317
111000094,1921,1074,847
111000095,678,2114,-1436
111000096,1817,7127,-5310
111000097,4949,1745,3204
111000098,973,1230,-257
111000099,694,1667,-973
111000100,460,1380,-920
111000101,548,937,-389
111000102,253,667,-414
111000104,762,212,550
111000107,111,785,-674
111000109,904,291,613
111000110,1528,674,854
111000111,2320,521,1799
111000112,1930,690,1240
111000113,1099,1711,-612
111000114,2267,3805,-1538
111000115,5445,1332,4113
111000116,1056,919,137
111000117,412,755,-343
111000118,1437,852,585
111000119,1109,1140,-31
111000120,469,613,-144
111000121,299,672,-373
111000122,605,1049,-444
111000123,979,2541,-1562
111000124,459,2573,-2114
111000125,258,1287,-1029
111000126,97,738,-641
111000127,1026,168,858
111000128,2064,304,1760
111000129,2729,494,2235
111000130,2281,665,1616
111000131,1768,630,1138
111000132,1589,884,705
111000133,223,151,72
111000134,237,123,114
111000135,51,183,-132
111000136,317,295,22
111000138,16,7,9
111000140,0,10,-10
111000141,262,308,-46
111000142,22,114,-92
111000143,2,132,-130
111000144,28,406,-378
111000145,1610,19,1591
111000146,106,15,91
111000147,341,47,294
111000148,185,75,110
111000149,6,24,-18
111000150,19,5,14
111000151,3,37,-34
111000153,678,825,-147
111000154,910,258,652
111000155,108,183,-75
111000156,550,730,-180
111000157,278,1281,-1003
111000158,1052,756,296
111000159,3341,767,2574
111000160,455,346,109
111000161,29,341,-312
111000162,105,193,-88
111000163,726,954,-228
111000164,707,4239,-3532
111000165,981,668,313
111000166,2197,461,1736
111000167,173,423,-250
111000168,213,455,-242
111000169,348,648,-300
111000170,465,492,-27
111000171,558,674,-116
111000172,180,447,-267
111000173,367,878,-511
111000174,200,351,-151
111000175,36,357,-321
111000176,451,117,334
111000177,354,193,161
111000178,1312,328,984
111000179,238,153,85
111000180,267,470,-203
111000181,1093,237,856
111000182,228,163,65
111000183,284,365,-81
111000184,395,248,147
111000185,428,348,80
111000186,346,228,118
111000187,121,179,-58
111000188,253,398,-145
111000189,1001,655,346
111000190,153,320,-167
111000191,189,323,-134
111000192,197,448,-251
111000193,334,274,60
111000194,48,307,-259
111000195,112,286,-174
111000196,75,198,-123
111000197,454,132,322
111000198,510,162,348
111000199,289,143,146
111000200,442,300,142
111000201,691,238,453
111000202,320,197,123
111000203,336,265,71
111000204,492,1274,-782
111000213,215,475,-260
111000214,1468,1388,80
111000215,1078,1248,-170
111000217,1570,1024,546
111000218,1383,1164,219
111000219,460,155,305
111000220,1573,816,757
111000221,770,133,637
111000224,20,281,-261
111000225,386,326,60
111000226,103,3,100
111000227,44,8,36
111000228,39,391,-352
111000229,111,853,-742
111000230,240,342,-102
111000231,890,742,148
111000232,610,895,-285
111000233,908,723,185
111000234,163,410,-247
111000239,101,192,-91
111000240,45,173,-128
111000241,49,331,-282
111000242,184,55,129
111000243,191,508,-317
111000244,523,85,438
111000245,1217,405,812
111000246,557,400,157
111000247,420,779,-359
111000248,668,461,207
111000249,501,609,-108
111000250,62,92,-30
111000251,40,129,-89
111000253,20,26,-6
111000255,30,7,23
111000257,66,16,50
111000260,94,1230,-1136
111000261,1223,91,1132
111000271,68,343,-275
111000273,3513,1322,2191
111000274,1247,2495,-1248
111000275,177,67,110
111000276,300,1630,-1330
111000277,217,410,-193
111000278,725,285,440
111000291,750,6258,-5508
111000298,579,253,326
111000299,686,187,499
111000300,136,478,-342
111000302,254,65,189
111000303,91,242,-151
111000312,46,68,-22
111000315,2,110,-108
111000320,350,743,-393
111000321,409,131,278
111000322,368,468,-100
111000323,198,32,166
111000324,430,238,192
111000325,59,66,-7
111000326,183,271,-88
111000327,426,408,18
111000328,270,535,-265
111000329,1,34,-33
111000330,53,4,49
111000331,20,5,15
111000332,584,1363,-779
111000334,327,1180,-853
111000335,838,349,489
111000337,1299,444,855
111000338,113,155,-42
111000339,606,366,240
111000340,146,554,-408
111000341,1213,694,519
111000342,276,1192,-916
111000344,1058,731,327
111000345,249,94,155
111000346,21,103,-82
111000347,154,24,130
111000350,151,119,32
111000351,113,351,-238
111000352,184,138,46
111000353,178,309,-131
111000354,771,124,647
111000355,485,668,-183
111000358,186,1067,-881
111000360,222,572,-350
111000361,148,276,-128
111000546,1463,674,789
111000547,824,451,373
111000548,113,482,-369
111000549,314,316,-2
111000550,76,1176,-1100
111000551,734,176,558
111000552,1873,252,1621
111000907,435,21,414
111000908,43,2,41
111000916,1534,338,1196
111000917,34,447,-413
111000918,189,698,-509
111000920,495,17,478
111000921,3,185,-182
111000922,691,341,350
111000924,65,744,-679
111000925,3093,2030,1063
111000926,1143,1531,-388
111000927,3113,4368,-1255
111000928,4323,2959,1364
111000929,1274,1234,40
111000930,794,2118,-1324
111000931,2170,2901,-731
111000932,4259,2444,1815
111000933,4014,2499,1515
111000934,2077,3761,-1684
111000935,1619,1008,611
111000936,1080,2149,-1069
111000937,1109,1467,-358
111000938,1535,1433,102
111000939,457,44,413
111000940,508,186,322
111000941,679,463,216
111000943,469,301,168
111000944,158,294,-136
111000945,110,1420,-1310
111001109,514,333,181
111001110,127,437,-310
111001111,109,6,103
111001112,195,40,155
111001113,3,199,-196
111001114,939,151,788
111001115,55,628,-573
111001116,4942,4121,821
111001117,665,2138,-1473
111001120,90,309,-219
111001121,224,214,10
111001122,187,453,-266
111001123,257,95,162
111001124,94,159,-65
111001125,1,43,-42
111900001,4,98,-94
111900002,25,664,-639
111900003,0,323,-323
111900004,75,116,-41
111900006,20,68,-48
111900007,137,11,126
111900008,256,8,248
111900009,279,282,-3
111900010,358,490,-132
111900012,71,113,-42
111900013,38,94,-56
111900014,4555,3994,561
111900015,0,56,-56
111900016,0,119,-119
111900017,1,142,-141
111900018,293,13,280
111900019,4,159,-155
111900020,6,52,-46
111900021,34,78,-44
111900022,17,61,-44
111900023,143,88,55
111900024,7,73,-66
111900025,0,36,-36
111900026,1,76,-75
111900027,1,109,-108
111900028,4,296,-292
111900029,6,89,-83
111900030,42,419,-377
111900031,19,39,-20
111900032,8,268,-260
111900033,9,110,-101
111900034,187,597,-410
111900035,73,228,-155
111900036,0,221,-221
111900038,299,652,-353
111900039,49,359,-310
111900040,4,378,-374
111900042,98,124,-26
111900043,3,249,-246
111900044,353,202,151
111900046,56,153,-97
111900048,254,507,-253
111900049,19,204,-185
111900050,158,40,118
111900051,1,215,-214
111900052,343,441,-98
111900053,1047,1510,-463
111900054,190,4,186
111900055,18,333,-315
111900056,173,323,-150
111900057,155,50,105
111900058,474,542,-68
111900059,1692,648,1044
111900060,400,5,395
111900061,10,201,-191
111900062,16,58,-42
111900063,439,210,229
111900064,112,191,-79
111900065,86,19,67
111900066,138,190,-52
111900067,3,319,-316
111900068,96,66,30
111900069,82,24,58
111900070,161,121,40
111900071,1,218,-217
111900072,69,37,32
111900073,849,149,700
111900074,18,140,-122
111900075,127,18,109
111900076,199,50,149
111900077,79,5,74
111900078,319,22,297
111900079,76,57,19
111900080,232,257,-25
111900082,138,34,104
111900083,128,24,104
111900084,91,23,68
111900085,38,134,-96
111900086,46,9,37
111900087,54,5,49
111900088,527,12,515
111900089,172,30,142
111900090,77,36,41
111900091,236,1,235
111900092,105,1,104
111900093,387,9,378
111900094,184,35,149
111900095,257,29,228
111900096,210,4,206
111900097,38,0,38
111900098,235,5,230
111900099,109,0,109
111900100,143,2,141
111900101,130,38,92
111900102,494,517,-23
111900103,73,83,-10
111900104,308,82,226
111900105,361,202,159
111900106,1111,59,1052
111900110,1659,470,1189
111900111,363,258,105
111900112,588,2828,-2240
111900113,280,146,134
111900118,406,114,292
111900119,378,173,205
111900122,150,91,59
111900123,34,34,0
111900124,45,84,-39
111900125,485,29,456
111900126,339,14,325
111900127,2,538,-536
111900128,3,474,-471
111900129,342,40,302
111900130,246,61,185
111900131,489,2,487
111900132,25,1006,-981
111900133,6,309,-303
111900134,15,183,-168
111900135,14,52,-38
111900136,104,163,-59
111900137,54,54,0
111900138,18,59,-41
111900139,11,113,-102
111900140,89,50,39
111900141,47,19,28
111900142,87,40,47
111900143,57,199,-142
111900144,0,84,-84
111900145,1,373,-372
111900146,3,195,-192
111900147,146,398,-252
111900148,22,518,-496
111900149,5,241,-236
111900150,15,109,-94
111900151,4,34,-30
111900152,96,136,-40
111900153,1245,525,720
111900154,26,269,-243
111900155,63,87,-24
111900156,65,65,0
111900157,140,16,124
111900158,572,107,465
111900159,307,16,291
111900160,262,0,262
111900161,118,0,118
111900162,97,167,-70
111900163,60,234,-174
111900164,124,55,69
111901113,528,165,363
111901114,259,271,-12
111901115,63,2,61
111901116,34,2,32
111901117,27,25,2
111901118,60,222,-162
111901119,664,85,579
111901121,134,151,-17
111901122,7,331,-324
111901123,186,291,-105
111901124,210,4,206
111901125,391,178,213
111901127,573,525,48
111901128,11,80,-69
111901129,11,135,-124
111901130,13,158,-145
111901131,2,290,-288
111901132,96,12,84
111901133,53,6,47
111901134,95,8,87
111901135,48,14,34
111901136,44,82,-38
111901137,1,40,-39
111901138,231,58,173
111901139,26,32,-6
111901140,9,79,-70
111901141,14,143,-129
111901142,14,99,-85
111901143,0,112,-112
111901144,53,52,1
111901145,182,317,-135
111901146,410,27,383
112000001,1809,771,1038
112000002,654,2099,-1445
112000003,1470,1109,361
112000004,603,901,-298
112000005,3637,3681,-44
112000006,2506,2012,494
112000007,3501,2427,1074
112000008,2845,3981,-1136
112000009,3234,2794,440
112000010,3331,3867,-536
112000011,1770,1687,83
112000012,5579,5546,33
112000013,4896,3712,1184
112000014,2973,2898,75
112000015,3851,4098,-247
112000016,6687,2224,4463
112000017,2748,4079,-1331
112000024,2429,1178,1251
112000026,3181,4197,-1016
112000027,944,679,265
112000028,1357,1591,-234
112000029,628,887,-259
112000030,215,129,86
112000031,1649,5489,-3840
112000032,489,69,420
112000033,2178,2495,-317
112000034,292,87,205
112000035,158,697,-539
112000036,958,1718,-760
112000037,1526,1035,491
112000038,1546,1595,-49
112000039,86,96,-10
112000040,77,282,-205
112000041,467,452,15
112000042,1213,526,687
112000050,1378,1564,-186
112000051,1168,1600,-432
112000054,1868,2053,-185
112000057,758,505,253
112000058,577,908,-331
112000059,586,922,-336
112000061,3250,2103,1147
112000062,1461,927,534
112000063,1034,1476,-442
112000064,4303,5139,-836
112000065,1864,2379,-515
112000066,3914,1706,2208
112000067,895,783,112
112000068,3768,2727,1041
112000069,809,1954,-1145
112000070,2313,989,1324
112000071,1204,3157,-1953
112000072,2542,1100,1442
112000073,1944,2637,-693
112000074,1771,1436,335
112000075,1578,1380,198
112000076,3912,2831,1081
112000077,782,504,278
112000078,1975,760,1215
112000079,1702,1466,236
112000080,852,901,-49
112000081,1512,2378,-866
112000082,1600,895,705
112000083,605,1199,-594
112000084,1229,912,317
112000085,1349,922,427
112000086,1996,1281,715
112000087,527,380,147
112000088,907,589,318
112000089,500,363,137
112000090,337,353,-16
112000091,618,924,-306
112000092,1985,1097,888
112000093,1509,870,639
112000094,675,804,-129
112000095,616,830,-214
112000096,645,557,88
112000097,1353,871,482
112000098,1069,1215,-146
112000099,860,1939,-1079
112000100,1956,887,1069
112000101,521,895,-374
112000102,1438,518,920
112000103,335,940,-605
112000105,543,1413,-870
112000106,1599,419,1180
112000107,4,247,-243
112000108,201,1678,-1477
112000109,54,69,-15
112000110,2224,755,1469
112000111,1570,5351,-3781
112000112,7349,765,6584
112000113,1094,1828,-734
112000114,4017,1172,2845
112000115,438,500,-62
112000116,700,1128,-428
112000117,1154,856,298
112000118,1113,904,209
112000119,487,725,-238
112000120,77,317,-240
112000121,126,420,-294
112000122,380,171,209
112000123,710,192,518
112000124,410,93,317
112000125,277,271,6
112000126,259,478,-219
112000127,3128,2608,520
112000128,1121,924,197
112000129,132,92,40
112000130,199,97,102
112000131,61,253,-192
112000132,144,214,-70
112000133,437,200,237
112000134,504,401,103
112000135,2008,824,1184
112000136,1547,1549,-2
112000137,3116,2658,458
112000138,3297,1733,1564
112000139,1121,655,466
112000140,1315,1177,138
112000141,905,353,552
112000142,179,625,-446
112000143,1127,224,903
112000144,280,1293,-1013
112000145,2699,674,2025
112000146,615,1828,-1213
112000147,2929,2009,920
112000148,1660,2280,-620
112000149,596,626,-30
112000150,278,658,-380
112000151,325,382,-57
112000152,416,420,-4
112000153,214,216,-2
112000154,155,223,-68
112000155,143,121,22
112000157,1190,736,454
112000158,377,406,-29
112000159,520,344,176
112000167,528,121,407
112000169,360,480,-120
112000173,833,276,557
112000175,499,406,93
112000176,3126,2292,834
112000177,753,225,528
112000178,124,377,-253
112000179,325,126,199
112000180,285,389,-104
112000181,1454,1744,-290
112000182,1247,1415,-168
112000183,48,53,-5
112000184,369,387,-18
112000185,534,416,118
112000187,4626,3006,1620
112000195,174,27,147
112000196,293,2,291
112000197,221,335,-114
112000198,66,280,-214
112000199,1132,944,188
112000202,426,4,422
112000216,85,252,-167
112000230,107,11,96
112000231,11,268,-257
112000256,56,286,-230
112000313,81,159,-78
112000314,48,33,15
112000337,966,708,258
112000352,500,430,70
112000392,1454,1129,325
112000398,1622,942,680
112000399,1840,2602,-762
112000400,1914,2856,-942
112000401,2904,2496,408
112000402,3455,3613,-158
112000403,2117,3510,-1393
112000404,907,999,-92
112000405,2076,3071,-995
112000406,3499,2253,1246
112000407,7819,8939,-1120
112000408,7302,6123,1179
112000409,1555,4178,-2623
112000410,546,376,170
112000411,4243,2098,2145
112000412,1516,678,838
112000413,7623,6150,1473
112000414,71,58,13
112000415,113,50,63
112000416,2632,1460,1172
112000417,315,69,246
112000421,41,138,-97
112000422,323,373,-50
112000424,2303,3190,-887
112000425,562,816,-254
112000426,123,327,-204
112000427,0,13,-13
112000428,314,338,-24
112000429,2590,2847,-257
112000430,2779,3275,-496
112000431,95,181,-86
112000432,714,1139,-425
112000433,535,1017,-482
112000437,77,190,-113
112900001,63,0,63
112900002,463,812,-349
112900003,93,331,-238
112900004,49,288,-239
112900005,268,222,46
112900006,26,343,-317
112900007,51,169,-118
112900008,3,44,-41
112900009,407,129,278
112900010,460,1009,-549
112900011,225,250,-25
112900012,2,49,-47
112900013,23,279,-256
112900014,10,319,-309
112900015,423,678,-255
112900016,11,249,-238
112900017,66,230,-164
112900018,0,250,-250
112900019,78,210,-132
112900020,408,1039,-631
112900021,4,225,-221
112900022,8,75,-67
112900023,2,144,-142
112900024,19,227,-208
112900025,88,287,-199
112900026,2,235,-233
112900027,10,951,-941
112900028,25,144,-119
112900029,19,469,-450
112900030,99,152,-53
112900031,2,406,-404
112900032,470,267,203
112900034,1,44,-43
112900035,8,331,-323
112900036,130,141,-11
112900037,182,191,-9
112900038,729,206,523
112900039,13,299,-286
112900040,18,2066,-2048
112900041,807,1194,-387
112900042,186,284,-98
112900043,38,72,-34
112900044,596,519,77
112900045,356,310,46
112900046,238,86,152
112900047,13,70,-57
112900049,249,86,163
112900050,57,516,-459
112900051,330,565,-235
112900052,10,769,-759
112900053,576,304,272
112900054,512,75,437
112900055,178,42,136
112900056,402,213,189
112900057,22,521,-499
112900058,414,395,19
112900059,180,188,-8
112900060,31,176,-145
112900061,108,118,-10
112900062,98,118,-20
112900063,148,17,131
112900064,231,184,47
112900065,53,28,25
112900066,401,211,190
112900067,427,200,227
112900068,82,43,39
112900069,2946,1005,1941
112900071,36,9,27
112900072,276,2311,-2035
112900073,665,91,574
112900074,100,257,-157
112900075,1817,1041,776
112900076,107,33,74
112900078,310,471,-161
112900079,253,36,217
112900080,103,15,88
112900081,81,216,-135
112900082,548,33,515
112900083,106,117,-11
112900084,241,110,131
112900086,74,0,74
112900087,826,190,636
112900088,267,30,237
112900089,1048,35,1013
112900090,61,38,23
112900091,286,3,283
112900092,383,359,24
112900093,1481,24,1457
112900095,38,3,35
112900096,526,230,296
112900097,99,326,-227
112900098,346,4,342
112900099,785,33,752
112900100,133,1,132
112900101,375,5,370
112900102,420,24,396
112900103,189,12,177
112900104,134,5,129
112900105,29,1,28
112900106,522,141,381
112900107,19,2,17
112900108,52,6,46
112900109,122,1,121
112900110,1231,21,1210
112900111,691,5,686
112900112,341,1,340
112900113,0,13,-13
112900114,166,57,109
112900115,1257,4,1253
112900116,166,43,123
112900117,104,96,8
112900118,29,91,-62
112900119,190,9,181
112900120,923,355,568
112900121,91,213,-122
112900122,14,142,-128
112900123,143,29,114
112900124,14,123,-109
112900125,68,553,-485
112900126,226,225,1
112900127,387,132,255
112900128,309,763,-454
112900129,2,848,-846
112900130,295,92,203
112900131,45,308,-263
112900132,202,648,-446
112900133,35,1529,-1494
112900134,1,316,-315
112900135,107,55,52
112900137,3,495,-492
112900138,9,251,-242
112900139,231,1080,-849
112900141,986,61,925
112900142,77,181,-104
112900143,20,479,-459
112900144,1,303,-302
112900145,33,457,-424
112900146,1,1079,-1078
112900147,2,1383,-1381
112900148,93,9,84
112900149,267,610,-343
112900151,11,66,-55
112900152,4210,894,3316
112900153,2011,2532,-521
112900154,0,166,-166
112900155,224,42,182
112900156,421,1250,-829
112900157,341,56,285
112900158,92,29,63
112900159,264,171,93
112900160,100,305,-205
112900161,104,50,54
112900162,44,23,21
112900163,105,63,42
112900164,40,234,-194
112900165,217,42,175
112900166,26,82,-56
112900167,4,70,-66
112900168,2,5,-3
112900169,14,16,-2
112900170,166,148,18
112900172,63,17,46
112900173,213,107,106
112900174,308,64,244
112900175,151,178,-27
112900176,18,74,-56
112900177,236,59,177
112900178,895,2705,-1810
112900179,50,509,-459
112900180,2364,1986,378
112900181,652,13,639
112900182,47,980,-933
112900183,190,321,-131
112900184,559,558,1
112900185,377,827,-450
112900186,1488,1270,218
112900187,109,559,-450
112900188,689,1129,-440
112900189,9,35,-26
112900190,10,42,-32
112900192,798,733,65
112900193,1442,412,1030
112900194,85,86,-1
112900195,1063,92,971
112900196,189,257,-68
112900197,261,500,-239
112900199,640,456,184
112900200,660,234,426
112900201,145,95,50
112900202,418,849,-431
112900203,260,236,24
112900204,1014,711,303
112900205,13,12,1
112900206,22,74,-52
112900207,16,0,16
112900208,100,376,-276
112900209,452,379,73
112900210,0,38,-38
112900211,147,126,21
112900212,0,91,-91
112900213,59,26,33
112900214,26,15,11
112900215,12,185,-173
112900216,35,67,-32
112900217,0,55,-55
112900218,66,34,32
112900219,158,4,154
112900220,2,0,2
112900221,68,112,-44
112900222,0,31,-31
112900223,1200,43,1157
112900224,360,513,-153
112900225,506,342,164
112900226,322,386,-64
112900227,804,950,-146
112900228,56,42,14
112900229,283,81,202
112900230,7706,4630,3076
112900232,424,314,110
112900233,64,194,-130
112900234,15,79,-64
112900235,121,31,90
112900236,319,15,304
112900237,172,170,2
112900238,7,28,-21
112900239,626,500,126
113000001,6398,4999,1399
113000002,4163,3820,343
113000003,2220,1539,681
113000004,1780,2556,-776
113000005,2081,1034,1047
113000006,1315,1472,-157
113000007,2376,1212,1164
113000008,1862,2050,-188
113000009,1350,865,485
113000010,1197,1648,-451
113000011,902,2084,-1182
113000012,2219,862,1357
113000013,1883,779,1104
113000014,1817,2620,-803
113000015,715,487,228
113000016,704,1526,-822
113000017,87,472,-385
113000018,440,90,350
113000019,340,421,-81
113000020,473,85,388
113000021,1422,572,850
113000022,865,1260,-395
113000025,323,1352,-1029
113000026,547,615,-68
113000027,593,771,-178
113000028,1019,736,283
113000029,966,805,161
113000030,450,812,-362
113000031,271,377,-106
113000032,303,355,-52
113000033,371,464,-93
113000034,436,340,96
113000035,57,43,14
113000036,25,63,-38
113000037,91,49,42
113000038,23,78,-55
113000039,161,482,-321
113000040,67,98,-31
113000042,867,668,199
113000051,963,2427,-1464
113000052,2159,892,1267
113000053,525,475,50
113000054,341,846,-505
113000055,1073,616,457
113000056,1093,956,137
113000058,733,921,-188
113000059,1248,654,594
113000060,234,640,-406
113000061,550,879,-329
113000062,835,311,524
113000063,204,68,136
113000064,56,318,-262
113000065,143,726,-583
113000066,729,112,617
113000067,2318,1338,980
113000068,347,1233,-886
113000069,602,1175,-573
113000070,2843,1121,1722
113000071,495,695,-200
113000072,830,566,264
113000073,374,1518,-1144
113000074,1090,429,661
113000075,2235,699,1536
113000076,742,1992,-1250
113000077,1340,882,458
113000078,950,2663,-1713
113000079,1071,1129,-58
113000080,850,865,-15
113000081,989,1146,-157
113000082,1471,1081,390
113000083,656,911,-255
113000084,1753,1347,406
113000085,966,748,218
113000086,1269,1128,141
113000087,1038,902,136
113000088,2495,1402,1093
113000089,1006,1691,-685
113000090,318,731,-413
113000091,673,420,253
113000094,1292,240,1052
113000095,252,886,-634
113000096,158,806,-648
113000097,1249,444,805
113000098,168,43,125
113000099,1100,452,648
113000100,142,492,-350
113000101,403,674,-271
113000102,698,462,236
113000103,2001,419,1582
113000104,656,2163,-1507
113000105,909,557,352
113000106,312,486,-174
113000107,907,781,126
113000108,619,1301,-682
113000109,583,1798,-1215
113000110,1934,522,1412
113000111,135,697,-562
113000112,363,400,-37
113000113,1563,391,1172
113000114,297,1651,-1354
113000116,967,348,619
113000117,963,124,839
113000118,129,708,-579
113000119,417,445,-28
113000120,87,259,-172
113000121,961,1315,-354
113000124,240,146,94
113000125,88,775,-687
113000127,2416,380,2036
113000128,757,630,127
113000129,693,927,-234
113000133,2283,1909,374
113000134,4,1090,-1086
113000135,4365,4749,-384
113000137,2065,3703,-1638
113000139,539,338,201
113000140,226,322,-96
113000141,528,326,202
113000142,883,1664,-781
113000143,379,252,127
113000144,323,736,-413
113000145,119,167,-48
113000146,166,94,72
113000147,200,158,42
113000148,232,138,94
113000149,120,132,-12
113000150,620,358,262
113000151,84,57,27
113000152,55,117,-62
113000153,1819,658,1161
113000154,1062,1917,-855
113000155,495,747,-252
113000156,232,493,-261
113000157,422,993,-571
113000158,862,290,572
113000159,1108,868,240
113000160,817,1263,-446
113000161,350,571,-221
113000162,1014,473,541
113000163,138,71,67
113000164,31,95,-64
113000166,186,123,63
113000167,69,87,-18
113000168,102,143,-41
113000169,207,64,143
113000170,90,89,1
113000171,76,112,-36
113000172,305,73,232
113000173,66,23,43
113000174,149,490,-341
113000175,501,109,392
113000176,576,180,396
113000177,231,447,-216
113000178,301,334,-33
113000179,384,204,180
113000180,848,1288,-440
113000181,1199,1007,192
113000182,178,541,-363
113000183,157,683,-526
113000184,18,117,-99
113000189,571,1161,-590
113000190,1109,707,402
113000192,1410,2715,-1305
113000193,4052,1566,2486
113000194,1407,1234,173
113000195,2356,1237,1119
113000196,205,87,118
113000197,1693,1522,171
113000198,73,448,-375
113000199,2162,520,1642
113000201,286,371,-85
113000202,4085,1428,2657
113000203,212,183,29
113000204,1288,2528,-1240
113000205,17,24,-7
113000206,12,50,-38
113000207,117,23,94
113000208,74,58,16
113000209,30,30,0
113000210,8,32,-24
113000211,170,192,-22
113000212,91,18,73
113000213,84,182,-98
113000214,170,244,-74
113000234,205,812,-607
113000410,1102,412,690
113000411,3336,5190,-1854
113000412,6658,2388,4270
113000413,2730,3261,-531
113000414,6728,15739,-9011
113000415,2404,3359,-955
113000416,9133,4622,4511
113000417,2758,3499,-741
113000418,5350,3951,1399
113000419,2145,2519,-374
113000420,5092,6587,-1495
113000421,4568,7210,-2642
113000422,13367,11822,1545
113000423,2425,5671,-3246
113000424,3486,9383,-5897
113000425,10,114,-104
113000428,188,99,89
113000430,38,687,-649
113000432,1987,223,1764
113000433,148,755,-607
113000434,17,129,-112
113000435,55,541,-486
113000436,37,1033,-996
113000437,1108,24,1084
113000438,422,17,405
113000439,28,114,-86
113000440,125,45,80
113000441,260,218,42
113000442,153,201,-48
113000443,230,244,-14
113000444,173,173,0
113000445,155,117,38
113000446,26,90,-64
113000448,243,179,64
113000449,217,997,-780
113000450,733,2247,-1514
113000451,1325,229,1096
113000452,459,380,79
113000453,80,354,-274
113000454,762,100,662
113000455,24,404,-380
113000456,4042,2955,1087
113000468,1528,258,1270
113000469,242,201,41
113000470,345,15,330
113000471,12,394,-382
113000472,96,324,-228
113000474,687,656,31
113000475,1652,1901,-249
113000476,1553,2020,-467
113000477,3685,2161,1524
113000478,4039,5786,-1747
113000479,105,180,-75
113000480,112,236,-124
113000484,1,0,1
113000485,4,0,4
113000486,7,3,4
113000487,6,2,4
113000488,0,2,-2
113000489,0,4,-4
113000490,0,22,-22
113000491,7,7,0
113000492,6,2,4
113000493,2,0,2
113000495,171,172,-1
113000496,137,130,7
113000497,0,0,0
113000499,0,0,0
113000500,0,3,-3
113900001,1,238,-237
113900002,0,79,-79
113900003,3,81,-78
113900004,0,55,-55
113900005,2,87,-85
113900006,2,20,-18
113900007,72,23,49
113900008,27,0,27
113900009,150,0,150
113900010,90,0,90
113900011,46,2,44
113900012,28,1,27
113900013,235,4,231
113900014,539,8,531
113900015,0,73,-73
113900016,60,0,60
113900017,2,62,-60
113900018,429,269,160
113900019,154,64,90
113900020,179,0,179
113900022,16,0,16
113900023,22,0,22
113900024,44,75,-31
113900025,311,40,271
113900026,88,0,88
113900027,8,82,-74
113900028,25,416,-391
113900029,55,168,-113
113900030,218,3,215
113900031,11,1,10
113900032,15,0,15
113900033,103,75,28
113900035,73,1,72
113900036,20,110,-90
113900037,152,386,-234
113900038,64,148,-84
113900039,169,27,142
113900040,8,13,-5
113900041,5,4,1
113900042,70,67,3
113900043,171,148,23
113900044,379,345,34
113900045,80,1,79
113900046,267,714,-447
113900047,30,120,-90
113900048,210,126,84
113900049,627,300,327
113900050,279,355,-76
113900051,231,333,-102
113900052,129,142,-13
113900053,766,613,153
113900054,41,3,38
113900055,79,474,-395
113900056,56,223,-167
113900057,22,84,-62
113900058,64,122,-58
113900059,262,398,-136
113900060,72,250,-178
113900061,931,262,669
113900062,100,9,91
113900063,122,158,-36
113900064,35,121,-86
113900065,423,20,403
113900066,306,298,8
113900067,254,395,-141
113900068,551,630,-79
113900069,110,45,65
113900070,178,532,-354
113900071,94,66,28
113900072,77,155,-78
113900073,232,388,-156
113900074,209,398,-189
113900075,1409,1171,238
113900076,188,16,172
113900077,55,171,-116
113900078,81,45,36
113900079,0,50,-50
113900080,529,237,292
113900081,52,204,-152
113900082,116,241,-125
113900083,278,320,-42
113900084,296,93,203
113900085,38,248,-210
113900086,57,26,31
113900087,75,139,-64
113900088,78,104,-26
113900089,417,46,371
113900090,660,371,289
113900091,16,21,-5
113900092,28,77,-49
113900093,81,682,-601
113900094,364,327,37
113900095,151,140,11
113900096,339,98,241
113900097,78,100,-22
113900098,629,89,540
113900099,0,41,-41
113900100,1,2,-1
113900101,22,86,-64
113900102,135,173,-38
113900103,308,272,36
113900104,159,250,-91
113900105,126,199,-73
113900106,0,56,-56
113900107,2,15,-13
113900108,238,259,-21
113900109,496,225,271
113900110,85,46,39
113900111,172,123,49
113900112,136,66,70
113900113,1117,505,612
113900114,3,77,-74
113900115,2,65,-63
113900116,144,134,10
113900117,128,21,107
113900118,234,373,-139
113900119,203,494,-291
113900120,56,123,-67
113900121,98,134,-36
113900122,440,2015,-1575
113900123,499,174,325
113900124,1,56,-55
113900125,929,134,795
113900126,148,45,103
113900127,385,794,-409
113900128,174,92,82
113900129,8,141,-133
113900130,23,141,-118
113900131,298,89,209
113900132,82,86,-4
113900133,23,61,-38
113900135,294,367,-73
113900136,105,68,37
113900137,441,335,106
113900138,68,197,-129
113900139,351,172,179
113900140,310,466,-156
113900141,612,303,309
113900142,158,77,81
113900143,17,33,-16
113900144,264,319,-55
113900145,502,161,341
113900146,161,74,87
113900148,161,289,-128
113900149,170,100,70
113900150,679,488,191
113900151,450,203,247
113900152,55,30,25
113900153,306,679,-373
113900154,0,141,-141
113900155,224,209,15
113900156,249,469,-220
113900157,78,268,-190
113900158,468,670,-202
113900159,18,281,-263
113900160,637,619,18
113900161,71,266,-195
113900162,719,1129,-410
113900163,307,356,-49
113900164,324,60,264
113900165,695,472,223
113900166,279,205,74
113900167,315,52,263
113900168,116,101,15
113900169,206,405,-199
113900171,186,91,95
113900172,14,176,-162
113900173,43,444,-401
113900174,543,646,-103
113900175,338,144,194
113900176,505,504,1
113900177,343,212,131
113900178,444,131,313
113900179,21,381,-360
113900180,193,140,53
113900181,591,126,465
113900182,809,958,-149
113900183,52,93,-41
113900184,13,386,-373
113900185,175,103,72
113900186,40,33,7
113900187,45,161,-116
113900188,41,164,-123
113900189,312,166,146
113900190,324,144,180
113900191,117,250,-133
113900192,18,694,-676
113900193,23,179,-156
113900194,1570,1005,565
113900195,308,383,-75
113900196,75,246,-171
113900197,1,159,-158
113900198,73,228,-155
113900199,169,731,-562
113900200,34,304,-270
113900201,1,186,-185
113900202,54,316,-262
113900203,0,109,-109
113900204,52,500,-448
113900205,15,216,-201
113900206,10,163,-153
113900207,0,48,-48
113900208,0,66,-66
113900209,1,71,-70
113900210,588,949,-361
113900211,202,57,145
113900212,181,433,-252
113900214,449,383,66
113900215,229,138,91
113900216,127,899,-772
113900217,83,188,-105
113900218,178,73,105
113900219,151,448,-297
113900220,144,129,15
113900221,382,292,90
113900222,289,611,-322
113900223,166,767,-601
113900224,78,69,9
113900225,632,206,426
113900226,383,133,250
113900227,384,210,174
113900228,383,627,-244
113900229,69,907,-838
113900230,4055,3967,88
113900231,159,187,-28
113900232,101,103,-2
113900233,71,63,8
113900234,361,451,-90
113900235,125,47,78
113900236,170,263,-93
113900237,348,16,332
113900238,289,535,-246
113900239,68,100,-32
113900240,6,210,-204
113900241,117,75,42
113900242,37,150,-113
113900243,150,395,-245
113900244,360,203,157
113900245,1279,323,956
113900246,11,16,-5
113900247,200,529,-329
113900248,2639,1923,716
113900249,750,380,370
113900250,79,175,-96
113900251,672,140,532
113900252,571,27,544
113900253,792,76,716
113900254,980,163,817
113900255,505,30,475
113900256,366,44,322
113900257,34,509,-475
113900258,34,381,-347
113900259,525,157,368
113900260,173,5,168
113900261,49,107,-58
113900262,142,438,-296
113900263,191,699,-508
113900264,10,436,-426
113900265,202,322,-120
113900266,87,176,-89
113900267,95,538,-443
113900268,352,461,-109
113900269,80,190,-110
113900270,360,742,-382
113900271,716,979,-263
113900273,49,9,40
113900274,95,35,60
113900275,65,78,-13
113900276,1,164,-163
113900277,140,3,137
113900278,337,207,130
113900279,66,85,-19
113900280,1575,743,832
113900281,701,1559,-858
113900282,871,693,178
113900283,445,488,-43
113900284,1047,369,678
113900285,204,152,52
113900286,19,105,-86
113900287,51,26,25
113900288,4,195,-191
113900289,819,122,697
113900290,272,229,43
113900291,100,191,-91
113900292,9,5,4
113900293,2,248,-246
113900294,460,26,434
113900295,522,412,110
113900296,2002,424,1578
113900297,2231,51,2180
113900298,15,1676,-1661
113900299,205,198,7
113900300,5022,3463,1559
113900301,986,487,499
113900302,2210,1087,1123
113900303,506,504,2
113900304,1,126,-125
113900305,95,0,95
113900306,54,0,54
113900307,78,0,78
113900308,118,131,-13
113900309,5,682,-677
113900310,0,21,-21
113900311,16,2,14
113900312,218,209,9
113900313,11,23,-12
114000001,1012,2493,-1481
114000002,338,323,15
114000003,47,275,-228
114000004,347,406,-59
114000005,247,268,-21
114000006,2286,2440,-154
114000007,849,1355,-506
114000008,1517,2184,-667
114000009,808,270,538
114000011,2859,2580,279
114000012,2530,1641,889
114000013,1712,1514,198
114000014,504,274,230
114000015,2058,399,1659
114000016,242,283,-41
114000017,142,353,-211
114000018,238,52,186
114000026,1906,1276,630
114000027,3398,2148,1250
114000028,2721,2698,23
114000038,312,159,153
114000039,91,44,47
114000040,144,232,-88
114000042,165,206,-41
114000043,54,124,-70
114000044,251,48,203
114000045,57,67,-10
114000046,3108,5450,-2342
114000047,15,93,-78
114000048,92,52,40
114000049,1725,1771,-46
114000050,1562,2157,-595
114000051,2845,2209,636
114000052,4107,2227,1880
114000053,108,722,-614
114000054,174,1018,-844
114000055,238,40,198
114000056,1189,1047,142
114000057,5032,2467,2565
114000058,563,1534,-971
114000059,338,319,19
114000060,643,909,-266
114000061,3138,3262,-124
114000062,2477,1840,637
114000063,2713,1748,965
114000064,6241,4064,2177
114000065,1591,2714,-1123
114000066,512,682,-170
114000067,41,866,-825
114000068,519,775,-256
114000069,1051,523,528
114000070,2517,1837,680
114000071,815,608,207
114000072,554,234,320
114000073,17,73,-56
114000074,36,12,24
114000075,46,98,-52
114000076,28,145,-117
114000077,16,51,-35
114000078,522,802,-280
114000079,160,18,142
114000080,83,113,-30
114000081,81,99,-18
114000082,56,435,-379
114000083,70,265,-195
114000084,310,92,218
114000085,119,609,-490
114000086,263,374,-111
114000087,162,179,-17
114000088,48,44,4
114000089,982,411,571
114000090,975,926,49
114000091,1784,865,919
114000092,1062,543,519
114000093,1464,681,783
114000094,407,439,-32
114000095,281,199,82
114000096,114,385,-271
114000097,131,542,-411
114000098,592,124,468
114000099,689,435,254
114000100,1555,645,910
114000101,451,640,-189
114000102,631,323,308
114000103,174,382,-208
114000104,100,258,-158
114000105,192,63,129
114000106,858,1140,-282
114000107,395,140,255
114000108,1322,950,372
114000109,563,1138,-575
114000110,650,1372,-722
114000111,1880,941,939
114000112,475,1611,-1136
114000113,1275,581,694
114000114,1420,1241,179
114000115,1992,1110,882
114000116,1005,1569,-564
114000117,3051,474,2577
114000118,2805,491,2314
114000119,1816,453,1363
114000120,554,649,-95
114000121,448,795,-347
114000122,408,303,105
114000123,2274,345,1929
114000124,894,287,607
114000125,776,1171,-395
114000126,1577,205,1372
114000127,304,190,114
114000128,779,400,379
114000130,514,554,-40
114000131,354,81,273
114000132,639,530,109
114000133,1034,1542,-508
114000134,83,150,-67
114000138,42,243,-201
114000139,552,340,212
114000144,1021,528,493
114000145,95,171,-76
114000146,99,238,-139
114000147,1586,2006,-420
114000148,1955,1827,128
114000149,383,283,100
114000150,639,667,-28
114000151,800,1577,-777
114000152,147,45,102
114000153,826,2566,-1740
114000154,865,795,70
114000155,1282,2303,-1021
114000156,912,684,228
114000157,270,1066,-796
114000158,1675,841,834
114000159,219,484,-265
114000160,119,504,-385
114000161,1374,3153,-1779
114000162,1257,2974,-1717
114000163,18,123,-105
114000165,710,359,351
114000166,890,496,394
114000167,2994,1601,1393
114000168,742,639,103
114000169,1627,1438,189
114000170,1292,1451,-159
114000171,1203,3670,-2467
114000174,228,529,-301
114000176,467,565,-98
114000177,1840,887,953
114000178,43,63,-20
114000179,1168,739,429
114000180,452,744,-292
114000181,1869,4019,-2150
114000182,2550,2462,88
114000183,882,997,-115
114000184,3382,1095,2287
114000185,1260,841,419
114000189,1070,118,952
114000190,2748,335,2413
114000191,35,86,-51
114000192,184,1314,-1130
114000193,577,2347,-1770
114000194,1314,870,444
114000195,168,30,138
114000196,1,164,-163
114000197,1190,49,1141
114000198,885,368,517
114000199,2028,1664,364
114000200,673,1840,-1167
114000201,145,845,-700
114000202,979,592,387
114000203,452,519,-67
114000204,206,492,-286
114000205,247,1361,-1114
114000206,579,1160,-581
114000207,635,1560,-925
114000208,453,2471,-2018
114000209,632,2224,-1592
114000210,238,1137,-899
114000211,938,1502,-564
114000212,721,794,-73
114000213,1376,570,806
114000214,89,154,-65
114000215,242,98,144
114000216,1242,350,892
114000217,339,218,121
114000218,181,247,-66
114000219,1363,241,1122
114000220,39,814,-775
114000221,914,182,732
114000222,224,936,-712
114000223,458,131,327
114000224,109,544,-435
114000225,213,590,-377
114000226,188,265,-77
114000227,742,501,241
114000228,825,811,14
114000229,1163,1232,-69
114000230,1800,1157,643
114000231,1068,1311,-243
114000232,746,157,589
114000233,2192,134,2058
114000234,1111,992,119
114000235,1100,1250,-150
114000236,1,376,-375
114000237,137,787,-650
114000238,174,151,23
114000239,185,1068,-883
114000240,812,847,-35
114000241,312,879,-567
114000242,931,742,189
114000243,1682,877,805
114000244,735,431,304
114000245,419,754,-335
114000246,113,46,67
114000247,719,647,72
114000248,1321,540,781
114000249,494,537,-43
114000250,514,740,-226
114000251,434,226,208
114000252,95,74,21
114000253,90,166,-76
114000254,41,83,-42
114000255,610,265,345
114000256,1677,2467,-790
114000257,407,1211,-804
114000258,582,427,155
114000259,347,245,102
114000260,0,30,-30
114000261,48,33,15
114000262,347,134,213
114000263,15,2,13
114000264,1267,526,741
114000265,0,0,0
114000267,2,1745,-1743
114000268,2,1187,-1185
114000270,68,2,66
114000271,369,68,301
114000283,1615,398,1217
114000285,31,190,-159
114000288,95,308,-213
114000289,1320,130,1190
114000293,238,453,-215
114000294,235,379,-144
114000395,1825,62,1763
114000396,603,556,47
114000402,585,301,284
114000403,268,370,-102
114000405,177,449,-272
114000423,288,370,-82
114000424,592,219,373
114000425,710,406,304
114000426,346,836,-490
114000427,79,80,-1
114000428,185,183,2
114000429,15,226,-211
114000432,137,106,31
114000434,29,92,-63
114000435,1,178,-177
114900001,811,895,-84
114900002,548,140,408
114900003,664,1184,-520
114900004,251,518,-267
114900005,650,748,-98
114900006,73,86,-13
114900007,610,27,583
114900008,182,89,93
114900010,1741,1792,-51
114900011,205,146,59
114900013,298,126,172
114900015,79,494,-415
114900018,770,22,748
114900020,193,104,89
114900022,126,676,-550
114900024,302,151,151
114900025,561,233,328
114900026,54,132,-78
114900027,207,230,-23
114900029,34,18,16
114900030,322,230,92
114900031,357,22,335
114900032,438,40,398
114900033,1020,810,210
114900034,79,207,-128
114900035,160,324,-164
114900036,226,678,-452
114900037,189,202,-13
114900038,208,698,-490
114900039,463,551,-88
114900040,78,152,-74
114900041,721,411,310
114900042,827,685,142
114900043,583,274,309
114900044,198,51,147
114900046,57,127,-70
114900047,253,1886,-1633
114900048,123,276,-153
114900049,4,179,-175
114900050,41,387,-346
114900051,29,356,-327
114900052,114,265,-151
114900053,92,251,-159
114900054,41,134,-93
114900057,218,8,210
114900058,0,59,-59
114900059,143,51,92
114900060,1072,909,163
114900061,170,155,15
114900062,225,367,-142
114900063,93,210,-117
114900064,1469,484,985
114900065,421,685,-264
114900067,97,471,-374
114900068,73,171,-98
114900069,209,132,77
114900070,561,428,133
114900072,3,324,-321
114900073,2,142,-140
114900074,748,620,128
114900075,319,9,310
114900076,12,375,-363
114900080,1931,377,1554
114900082,3124,2098,1026
114900083,1237,1238,-1
114900090,326,167,159
114900091,125,166,-41
114900095,290,117,173
114900096,571,821,-250
114900097,143,2,141
114900098,5,204,-199
114900099,354,18,336
115000001,5967,3868,2099
115000002,3842,4210,-368
115000003,4944,3157,1787
115000004,4382,6160,-1778
115000005,1490,2120,-630
115000006,902,1620,-718
115000007,136,199,-63
115000008,438,479,-41
115000009,188,269,-81
115000010,284,210,74
115000013,120,182,-62
115000015,78,288,-210
115000016,273,364,-91
115000019,44,461,-417
115000020,142,797,-655
115000021,280,401,-121
115000022,556,458,98
115000023,388,671,-283
115000024,1155,486,669
115000025,951,776,175
115000026,189,461,-272
115000027,266,334,-68
115000028,327,815,-488
115000029,707,118,589
115000030,1078,1193,-115
115000031,1325,502,823
115000032,16,217,-201
115000033,166,39,127
115000034,91,1325,-1234
115000035,1329,61,1268
115000036,0,433,-433
115000037,593,12,581
115000038,73,207,-134
115000039,3743,3467,276
115000040,6147,3192,2955
115000041,1376,3655,-2279
115000042,894,728,166
115000043,4239,2513,1726
115000044,3747,3683,64
115000045,2667,1574,1093
115000046,2345,2500,-155
115000047,2271,1443,828
115000048,1535,2103,-568
115000049,1607,3017,-1410
115000050,3320,1717,1603
115000051,1806,3044,-1238
115000052,2287,1696,591
115000053,1717,1832,-115
115000054,710,1203,-493
115000055,172,780,-608
115000056,265,602,-337
115000057,626,1276,-650
115000058,499,371,128
115000059,268,144,124
115000061,203,198,5
115000062,211,273,-62
115000063,409,296,113
115000064,241,138,103
115000065,45,501,-456
115000067,201,15,186
115000069,105,334,-229
115000070,51,849,-798
115000071,108,21,87
115000072,8,84,-76
115000073,1225,63,1162
115000075,92,65,27
115000076,3075,2903,172
115000077,2217,2241,-24
115000078,1516,1337,179
115000079,1297,1609,-312
115000080,2328,2066,262
115000081,467,982,-515
115000082,4289,3913,376
115000083,2133,2068,65
115000084,2447,1195,1252
115000085,817,889,-72
115000086,1393,876,517
115000087,445,1440,-995
115000088,1803,752,1051
115000089,1374,1260,114
115000090,566,789,-223
115000091,213,862,-649
115000092,617,346,271
115000093,576,2,574
115000094,6429,5402,1027
115000095,4639,5908,-1269
115000096,837,1304,-467
115000097,1024,918,106
115000098,1243,723,520
115000099,2454,2501,-47
115000100,1016,416,600
115000101,415,1424,-1009
115000102,483,239,244
115000103,265,594,-329
115000105,74,166,-92
115000106,728,343,385
115000107,199,397,-198
115000108,2981,2318,663
115000109,4260,4636,-376
115000110,1616,1656,-40
115000111,775,1660,-885
115000112,939,836,103
115000113,1038,896,142
115000114,1770,795,975
115000116,4225,2730,1495
115000117,3932,3556,376
115000118,2239,2030,209
115000119,1756,2716,-960
115000120,643,1616,-973
115000121,1581,1053,528
115000122,4424,2128,2296
115000123,1962,2795,-833
115000124,959,1185,-226
115000125,529,727,-198
115000126,177,303,-126
115000127,462,198,264
115000128,517,937,-420
115000129,253,360,-107
115000130,530,770,-240
115000131,790,281,509
115000132,302,442,-140
115000133,533,317,216
115000134,485,275,210
115000135,427,230,197
115000136,331,248,83
115000137,195,214,-19
115000138,368,308,60
115000139,244,255,-11
115000140,498,219,279
115000141,200,229,-29
115000142,239,271,-32
115000143,880,667,213
115000144,526,86,440
115000145,265,329,-64
115000146,503,390,113
115000147,437,431,6
115000148,334,971,-637
115000149,678,237,441
115000150,786,921,-135
115000151,1193,583,610
115000152,776,1062,-286
115000153,1128,673,455
115000154,829,451,378
115000155,667,904,-237
115000156,1127,833,294
115000157,847,908,-61
115000158,751,432,319
115000159,819,738,81
115000160,772,655,117
115000161,572,463,109
115000162,784,895,-111
115000163,598,689,-91
115000164,725,586,139
115000165,385,549,-164
115000167,146,97,49
115000168,656,312,344
115000169,662,372,290
115000170,125,185,-60
115000171,365,246,119
115000172,1430,744,686
115000173,424,645,-221
115000174,129,352,-223
115000175,194,211,-17
115000176,136,196,-60
115000177,119,275,-156
115000178,19,234,-215
115000179,35,57,-22
115000180,127,591,-464
115000181,708,145,563
115000182,961,324,637
115000183,410,854,-444
115000186,704,256,448
115000187,246,783,-537
115000188,408,499,-91
115000189,209,469,-260
115000190,777,394,383
115000191,222,581,-359
115000194,153,205,-52
115000195,310,319,-9
115000196,202,89,113
115000197,280,251,29
115000198,465,230,235
115000199,372,164,208
115000200,485,125,360
115000201,169,379,-210
115000206,527,86,441
115000207,179,337,-158
115000208,456,700,-244
115000209,860,326,534
115000210,159,136,23
115000211,264,262,2
115000212,1426,415,1011
115000224,490,57,433
115000225,65,116,-51
115000229,209,145,64
115000230,119,517,-398
115000231,295,1417,-1122
115000232,1723,296,1427
115000233,161,178,-17
115000234,21,270,-249
115000241,139,263,-124
115000242,103,259,-156
115000243,43,207,-164
115000244,12,99,-87
115000246,34,46,-12
115000247,22,46,-24
115000248,31,37,-6
115000249,35,16,19
115000250,289,42,247
115000251,267,125,142
115000252,102,212,-110
115000253,28,469,-441
115000258,383,152,231
115000259,412,187,225
115000261,21,22,-1
115000262,34,38,-4
115000263,19,55,-36
115000264,38,40,-2
115000267,85,70,15
115000268,35,110,-75
115000269,130,64,66
115000270,9,32,-23
115000272,106,192,-86
115000273,477,29,448
115000280,3231,283,2948
115000281,815,830,-15
115000282,1467,870,597
115000284,292,192,100
115000296,1194,19,1175
115000297,217,165,52
115000298,78,516,-438
115000300,230,171,59
115000302,616,176,440
115000303,800,140,660
115000304,861,77,784
115000305,128,722,-594
115000306,294,326,-32
115000307,118,218,-100
115000308,41,17,24
115000309,16,63,-47
115000310,1024,769,255
115000311,932,1172,-240
115000313,114,598,-484
115000314,509,112,397
115000315,848,479,369
115000316,62,96,-34
115000317,236,517,-281
115000318,888,335,553
115000319,70,308,-238
115000320,16,372,-356
115000321,343,5,338
115000322,39,250,-211
115000449,304,192,112
115000557,2,1175,-1173
115000558,495,145,350
115000587,493,391,102
115000588,2201,2773,-572
115000589,3665,2609,1056
115000590,1341,1630,-289
115000591,1824,903,921
115000592,650,1867,-1217
115000593,1596,716,880
115000594,929,2446,-1517
115000609,182,111,71
115000617,1970,3717,-1747
115000624,324,52,272
115000633,484,1925,-1441
115000634,2706,908,1798
115000635,582,165,417
115000638,837,699,138
115000641,73,115,-42
115000642,315,271,44
115000643,118,516,-398
115000644,173,481,-308
115000646,955,1649,-694
115000647,239,566,-327
115000648,2065,1804,261
115000893,3072,1457,1615
115000894,130,1017,-887
115000895,327,739,-412
115000896,1141,373,768
115000897,563,149,414
115000898,686,199,487
115000899,498,1150,-652
115000900,111,299,-188
115000901,76,136,-60
115000912,424,110,314
115000913,2,25,-23
115000915,16,0,16
115000916,4,0,4
115000917,0,10,-10
115000918,104,321,-217
115000919,10,23,-13
115000920,24,48,-24
115000921,608,69,539
115000922,721,816,-95
115000923,397,906,-509
115000925,100,88,12
115000927,56,60,-4
115000933,239,203,36
115000934,151,177,-26
115000935,139,86,53
115000936,66,559,-493
115000937,717,103,614
115000938,118,205,-87
115000939,65,201,-136
115900001,85,40,45
115900002,112,164,-52
115900003,202,81,121
115900004,1,52,-51
115900005,184,17,167
115900006,200,341,-141
115900008,55,10,45
115900009,90,292,-202
115900010,400,158,242
115900011,549,362,187
115900012,197,53,144
115900013,431,151,280
115900014,188,172,16
115900015,129,51,78
115900016,100,24,76
115900017,15,8,7
115900018,173,60,113
115900019,234,14,220
115900020,82,1,81
115900021,1357,202,1155
115900022,1713,9,1704
115900023,41,2,39
115900025,62,292,-230
115900026,884,252,632
115900027,2,302,-300
115900028,524,68,456
115900029,27,325,-298
115900030,31,32,-1
115900031,310,369,-59
115900032,600,719,-119
115900033,0,73,-73
115900034,53,332,-279
115900035,47,36,11
115900036,62,718,-656
115900037,42,330,-288
115900038,67,14,53
115900039,155,212,-57
115900041,429,615,-186
115900042,34,13,21
115900043,116,92,24
115900044,250,336,-86
115900046,292,231,61
115900047,177,182,-5
115900049,191,232,-41
115900051,3,25,-22
115900052,9,222,-213
115900053,215,227,-12
115900054,254,32,222
115900055,15,114,-99
115900056,241,277,-36
115900057,27,11,16
115900058,32,88,-56
115900060,123,209,-86
115900061,230,2,228
115900062,31,224,-193
115900063,76,12,64
115900064,176,219,-43
115900065,129,150,-21
115900066,221,133,88
115900067,13,525,-512
115900068,2802,891,1911
115900069,64,167,-103
115900070,214,134,80
115900071,1,446,-445
115900072,47,157,-110
115900073,78,88,-10
115900074,8,259,-251
115900075,62,222,-160
115900076,1,49,-48
115900077,3,226,-223
115900078,59,141,-82
115900079,189,20,169
115900080,445,232,213
115900081,8,62,-54
115900082,142,188,-46
115900084,470,25,445
115900085,43,100,-57
115900086,1489,533,956
115900088,10,64,-54
115900089,435,667,-232
115900090,320,11,309
115900091,9,30,-21
115900092,20,136,-116
115900093,4,11,-7
115900094,3,248,-245
115900096,1,6,-5
115900097,9,337,-328
115900098,170,307,-137
115900099,101,71,30
115900100,14,457,-443
115900101,134,242,-108
115900102,104,71,33
115900103,385,159,226
115900104,68,124,-56
115900105,305,681,-376
115900106,89,28,61
115900107,70,103,-33
115900108,127,26,101
115900109,62,438,-376
115900110,14,28,-14
115900111,3,74,-71
115900112,32,824,-792
115900113,44,47,-3
115900114,5,136,-131
115900115,59,249,-190
115900116,77,866,-789
115900117,75,23,52
115900118,6,257,-251
115900119,104,130,-26
115900120,36,329,-293
115900121,209,258,-49
115900124,339,649,-310
115900125,364,64,300
115900126,685,80,605
115900127,714,72,642
115900128,11,142,-131
115900129,791,50,741
115900130,24,250,-226
115900131,281,27,254
115900132,534,19,515
115900134,323,12,311
115900135,505,1344,-839
115900137,52,9,43
115900139,48,124,-76
115900140,217,32,185
115900141,8,55,-47
115900142,3,28,-25
115900143,310,494,-184
115900144,75,247,-172
115900146,5,99,-94
115900147,297,257,40
115900148,68,11,57
115900149,102,13,89
115900150,79,35,44
115900151,11,136,-125
115900152,130,335,-205
115900153,135,231,-96
115900154,519,357,162
115900155,0,48,-48
115900156,772,889,-117
115900157,174,490,-316
115900158,11,1,10
115900159,147,216,-69
115900160,12,10,2
115900161,81,264,-183
115900163,233,185,48
115900164,523,68,455
115900165,7,153,-146
115900166,184,211,-27
115900168,77,135,-58
115900171,114,409,-295
115900172,73,116,-43
115900173,244,145,99
115900174,294,227,67
115900175,154,239,-85
115900178,8,436,-428
115900179,264,10,254
115900180,41,143,-102
115900181,195,150,45
115900182,406,177,229
115900183,62,107,-45
115900184,1509,12,1497
115900187,10,109,-99
115900189,1,317,-316
115900190,454,1399,-945
115900191,45,353,-308
115900192,8,108,-100
115900193,210,118,92
115900194,780,63,717
115900195,700,2074,-1374
115900198,231,348,-117
115900199,222,210,12
115900200,240,309,-69
115900201,619,398,221
115900202,18,62,-44
115900203,9,14,-5
115900204,1,4,-3
115900205,80,40,40
115900206,275,143,132
115900207,38,14,24
115900208,135,158,-23
115900209,5,159,-154
115900210,5,146,-141
115900211,9,202,-193
115900212,201,227,-26
115900213,83,97,-14
115900214,448,237,211
115900215,37,131,-94
115900216,1,124,-123
115900217,16,63,-47
115900218,8,30,-22
115900219,95,9,86
115900220,164,17,147
115900221,97,8,89
115900222,50,29,21
115900223,13,393,-380
115900224,999,1075,-76
115900225,59,53,6
115900226,14,69,-55
115900227,13,45,-32
115900228,15,49,-34
115900229,16,69,-53
115900230,42,100,-58
115900231,128,4,124
115900232,55,8,47
115900233,87,24,63
115900234,44,48,-4
115900235,28,36,-8
115900236,66,34,32
115900237,40,19,21
115900238,35,17,18
115900239,31,30,1
115900240,12,54,-42
115900241,216,132,84
115900242,233,329,-96
115900243,7,13,-6
115900244,7,14,-7
115900245,46,12,34
115900246,22,24,-2
115900247,54,7,47
115900248,7,5,2
115900249,3,13,-10
115900250,9,42,-33
115900251,3,19,-16
115900252,3,3,0
115900253,8,11,-3
115900254,17,18,-1
115900255,13,17,-4
115900256,14,24,-10
115900257,6,7,-1
115900258,0,3,-3
115900259,7,4,3
115900260,13,2,11
115900261,12,3,9
115900262,1,2,-1
115900263,11,0,11
115900264,8,2,6
115900265,3,7,-4
115900266,5,21,-16
115900267,9,13,-4
115900268,6,9,-3
115900269,440,385,55
115900270,413,366,47
115900271,154,0,154
115900272,49,7,42
115900273,11,29,-18
115900274,1,14,-13
115900275,0,25,-25
115900276,0,34,-34
115900277,0,58,-58
115900278,48,110,-62
115900279,25,223,-198
115900280,28,401,-373
115900281,342,249,93
115900282,12,11,1
115900283,7,40,-33
115900284,25,7,18
116000001,12453,4883,7570
116000002,5491,11759,-6268
116000003,1662,1854,-192
116000004,2680,4251,-1571
116000005,2662,3591,-929
116000006,3001,2724,277
116000007,3561,4227,-666
116000008,5737,2720,3017
116000009,1704,2404,-700
116000010,2695,1864,831
116000011,922,2008,-1086
116000012,1914,1188,726
116000013,8187,4141,4046
116000014,11049,11290,-241
116000015,352,1435,-1083
116000016,6131,3684,2447
116000017,34,861,-827
116000018,818,416,402
116000019,771,315,456
116000020,790,1029,-239
116000021,448,293,155
116000022,386,339,47
116000023,1108,774,334
116000024,736,896,-160
116000025,948,890,58
116000026,1983,3034,-1051
116000027,799,728,71
116000028,423,903,-480
116000029,697,775,-78
116000030,913,515,398
116000031,206,348,-142
116000032,425,162,263
116000033,344,494,-150
116000034,695,843,-148
116000035,396,765,-369
116000036,1950,1395,555
116000037,680,606,74
116000038,528,548,-20
116000039,705,456,249
116000040,822,383,439
116000041,200,527,-327
116000042,670,277,393
116000043,113,800,-687
116000044,14,74,-60
116000045,1972,1398,574
116000046,1202,1827,-625
116000047,1823,2171,-348
116000048,2111,1797,314
116000049,1223,3300,-2077
116000050,1523,1355,168
116000051,6266,3173,3093
116000052,5965,5353,612
116000053,1889,964,925
116000054,804,2817,-2013
116000055,727,1051,-324
116000056,1141,1228,-87
116000057,2994,1620,1374
116000058,3211,2724,487
116000059,3322,4460,-1138
116000060,2424,1107,1317
116000061,855,1145,-290
116000062,633,260,373
116000063,724,1057,-333
116000066,321,663,-342
116000067,278,487,-209
116000068,251,339,-88
116000069,379,400,-21
116000078,705,1260,-555
116000080,1892,1005,887
116000082,10,47,-37
116000083,1704,424,1280
116000084,2260,4171,-1911
116000085,2374,1962,412
116000086,1712,1012,700
116000087,1983,1576,407
116000088,846,1188,-342
116000089,185,137,48
116000090,87,191,-104
116000091,763,296,467
116000093,1128,495,633
116000094,721,655,66
116000095,808,794,14
116000096,800,1505,-705
116000097,931,755,176
116000098,154,6454,-6300
116000099,6863,271,6592
116000100,265,21,244
116000101,910,924,-14
116000102,305,1367,-1062
116000103,488,279,209
116000104,230,1473,-1243
116000105,1116,175,941
116000106,572,1077,-505
116000107,2461,362,2099
116000108,260,246,14
116000111,175,48,127
116000113,165,101,64
116000114,75,165,-90
116000115,390,136,254
116000116,284,532,-248
116000117,1686,1982,-296
116000118,1655,1227,428
116000119,3598,2016,1582
116000120,2929,3837,-908
116000121,987,639,348
116000122,1244,1777,-533
116000123,1160,401,759
116000124,412,1136,-724
116000125,3094,917,2177
116000126,348,1574,-1226
116000127,1026,1198,-172
116000128,1938,905,1033
116000129,1400,314,1086
116000130,583,535,48
116000133,1126,881,245
116000134,1910,2100,-190
116000135,2696,1546,1150
116000136,1194,2107,-913
116000137,1131,844,287
116000138,1106,786,320
116000139,1620,2525,-905
116000140,176,189,-13
116000141,369,610,-241
116000142,3110,2543,567
116000143,1767,1510,257
116000144,1449,1987,-538
116000145,1847,1274,573
116000146,519,225,294
116000147,199,157,42
116000148,578,559,19
116000149,879,794,85
116000151,450,590,-140
116000153,123,366,-243
116000155,214,244,-30
116000156,1050,1161,-111
116000157,103,20,83
116000158,406,364,42
116000159,21,14,7
116000160,42,72,-30
116000161,6,122,-116
116000162,79,96,-17
116000163,43,15,28
116000164,32,10,22
116000177,254,163,91
116000194,86,443,-357
116000195,1399,653,746
116000196,6,2,4
116000197,0,3,-3
116000198,2571,1210,1361
116000200,723,569,154
116000201,667,616,51
116000202,16,282,-266
116000203,3,88,-85
116000204,31,66,-35
116000205,0,203,-203
116000206,0,118,-118
116000207,13,47,-34
116000233,222,531,-309
116000287,148,468,-320
116000288,286,194,92
116000292,82,120,-38
116000296,12,305,-293
116000297,139,14,125
116000304,154,45,109
116000305,46,88,-42
116000346,154,169,-15
116000352,80,98,-18
116000354,40,49,-9
116000357,15,79,-64
116000358,510,56,454
116000361,111,4,107
116000372,5134,4484,650
116000381,115,12,103
116000388,1,44,-43
116000389,1108,628,480
116000445,512,586,-74
116000446,571,604,-33
116000447,13,584,-571
116000448,560,206,354
116000563,899,826,73
116000565,47,373,-326
116000568,73,315,-242
116000579,25,110,-85
116000584,19,16,3
116000585,49,14,35
116000586,85,122,-37
116000587,589,689,-100
116000589,78,45,33
116000590,90,85,5
116000591,278,240,38
116000592,16,109,-93
116000593,1,24,-23
116000594,605,504,101
116000595,610,169,441
116000596,95,17,78
116000597,480,90,390
116000598,43,192,-149
116000602,75,351,-276
116000605,318,153,165
116000606,109,275,-166
116000607,0,24,-24
116000609,206,849,-643
116000611,144,501,-357
116000612,695,1753,-1058
116000613,726,257,469
116000614,445,562,-117
116000615,2,408,-406
116000616,79,57,22
116000617,89,47,42
116000618,0,98,-98
116000619,44,95,-51
116000620,153,117,36
116000621,75,96,-21
116000622,72,146,-74
116000624,195,116,79
116000627,51,29,22
116000628,78,314,-236
116000629,47,292,-245
116000630,533,53,480
116000631,254,63,191
116000632,496,274,222
116000633,105,349,-244
116000634,566,73,493
116000635,2625,2405,220
116000636,730,1170,-440
116000637,341,20,321
116000638,36,390,-354
116900001,238,175,63
116900002,280,3,277
116900003,23,41,-18
116900004,63,57,6
116900005,311,62,249
116900006,258,304,-46
116900007,125,158,-33
116900008,440,308,132
116900009,15,4,11
116900010,1,1223,-1222
116900011,24,51,-27
116900012,296,205,91
116900013,5,146,-141
116900014,122,201,-79
116900015,398,52,346
116900016,203,3,200
116900017,1,533,-532
116900018,62,61,1
116900019,8,326,-318
116900020,1002,1079,-77
116900023,74,15,59
116900024,600,42,558
116900025,1033,889,144
116900026,138,585,-447
116900027,36,54,-18
116900028,5,82,-77
116900029,0,46,-46
116900031,6,4,2
116900032,10,334,-324
116900033,17,9,8
116900034,32,69,-37
116900035,194,180,14
116900036,4,104,-100
116900038,28,0,28
116900041,51,12,39
116900042,530,244,286
116900043,29,77,-48
116900047,46,152,-106
116900049,41,318,-277
116900050,148,508,-360
116900051,132,214,-82
116900052,185,125,60
116900055,2,8,-6
116900057,25,235,-210
116900058,81,366,-285
116900059,5,145,-140
116900060,190,206,-16
116900062,0,5,-5
116900064,75,629,-554
116900065,34,122,-88
116900067,119,95,24
116900068,108,220,-112
116900070,5,7,-2
116900072,34,326,-292
116900073,17,141,-124
116900074,23,51,-28
116900076,16,28,-12
116900077,16,114,-98
116900078,194,98,96
116900079,69,236,-167
116900080,42,53,-11
116900081,412,1129,-717
116900082,433,991,-558
116900083,45,50,-5
116900084,122,42,80
116900085,33,171,-138
116900086,75,210,-135
116900088,424,174,250
116900090,113,45,68
116900091,385,33,352
116900092,85,599,-514
116900093,1747,2023,-276
116900094,4256,3620,636
116900095,234,125,109
116900096,151,377,-226
116900097,2827,2799,28
116900098,853,392,461
116900099,822,850,-28
116900100,942,50,892
116900101,390,577,-187
116900103,7,0,7
116900104,86,84,2
116900105,304,160,144
116900106,1842,222,1620
116900107,3589,2591,998
116900110,23,0,23
116900111,445,644,-199
116900112,290,908,-618
116900113,1958,1507,451
116900116,167,634,-467
116900117,129,133,-4
116900118,649,861,-212
116900120,362,81,281
116900121,171,17,154
116900122,811,669,142
116900123,196,715,-519
116900124,194,960,-766
116900125,367,273,94
116900126,144,550,-406
116900128,0,50,-50
116900129,1,331,-330
116900130,709,3600,-2891
116900131,128,320,-192
116900132,60,126,-66
116900133,163,164,-1
116900134,256,261,-5
116900136,301,233,68
116900137,279,168,111
116900138,163,172,-9
116900139,156,434,-278
116900140,205,158,47
116900141,857,529,328
116900142,8,100,-92
116900143,331,387,-56
116900144,40,107,-67
116900145,94,253,-159
116900147,642,549,93
116900148,5,44,-39
116900149,57,270,-213
116900150,28,16,12
116900151,53,16,37
116900153,116,90,26
116900154,664,624,40
116900155,114,112,2
116900157,569,236,333
116900158,131,297,-166
116900159,69,303,-234
116900160,972,958,14
116900161,5988,6367,-379
116900162,10,90,-80
116900163,172,166,6
116900164,124,68,56
116900165,211,330,-119
116900166,41,58,-17
116900167,402,70,332
116900168,348,64,284
116900169,560,532,28
116900170,311,593,-282
116900171,47,185,-138
116900172,237,382,-145
116900173,175,34,141
116900174,54,52,2
116900175,233,176,57
116900178,60,127,-67
116900179,138,348,-210
116900180,94,28,66
116900182,500,234,266
116900183,193,109,84
116900185,37,68,-31
116900186,90,261,-171
116900187,103,49,54
116900188,156,29,127
116900189,102,2,100
116900191,493,685,-192
116900192,318,146,172
116900194,200,1294,-1094
116900195,68,45,23
116900196,10,77,-67
116900197,142,35,107
116900198,205,287,-82
116900200,60,33,27
116900201,150,14,136
116900202,143,48,95
116900203,138,8,130
116900204,43,125,-82
116900206,14,23,-9
116900207,30,33,-3
116900208,11,137,-126
116900209,25,101,-76
116900210,621,302,319
116900211,264,3,261
116900212,72,62,10
116900213,296,148,148
116900214,225,172,53
116900215,87,75,12
116900216,199,218,-19
116900218,5,202,-197
116900219,1403,448,955
116900220,121,258,-137
116900221,96,335,-239
116900222,434,350,84
116900223,124,361,-237
116900226,83,83,0
116900227,205,113,92
116900228,331,246,85
116900230,85,254,-169
116900231,17,313,-296
116900232,12,333,-321
116900233,242,120,122
116900234,38,25,13
116900235,174,310,-136
116900238,1539,356,1183
116900239,65,1196,-1131
116900240,5468,3373,2095
116900241,116,221,-105
116900242,367,579,-212
116900243,2,74,-72
116900245,37,25,12
116900246,129,7,122
116900247,762,29,733
116900248,101,42,59
116900249,344,140,204
116900250,576,55,521
116900251,466,570,-104
116900252,165,866,-701
116900253,111,98,13
116900254,30,87,-57
116900255,111,61,50
116900256,418,136,282
116900257,35,430,-395
116900258,4,231,-227
116900259,314,8,306
116900260,3,105,-102
116900261,68,5,63
116900262,234,219,15
116900263,0,15,-15
116900264,4,1,3
116900265,55,0,55
116900266,22,61,-39
116900267,2,1,1
116900268,244,200,44
116900269,247,548,-301
116900271,1771,242,1529
116900272,350,318,32
116900273,191,81,110
116900274,108,80,28
116900275,134,120,14
116900276,747,147,600
116900277,538,52,486
116900278,7,16,-9
116900279,1,28,-27
116900280,25,18,7
116900281,5577,4179,1398
116900282,10,92,-82
116900283,23,114,-91
116900284,31,186,-155
116900285,278,201,77
116900286,241,29,212
116900287,2,46,-44
116900288,58,121,-63
116900289,16,16,0
116900290,5,25,-20
116900291,23,18,5
116900292,0,15,-15
116900293,51,85,-34
116900294,24,156,-132
116900295,172,93,79
116900296,71,63,8
116900297,3,130,-127
116900298,112,62,50
116900299,28,82,-54
116900300,16,62,-46
116900301,52,94,-42
116900302,72,79,-7
116900303,271,123,148
116900304,1,157,-156
116900305,12,75,-63
116900306,142,89,53
117000001,2152,1670,482
117000002,1995,4148,-2153
117000003,6881,3481,3400
117000004,4048,5210,-1162
117000005,2147,1856,291
117000006,1213,3173,-1960
117000007,4103,1331,2772
117000008,1084,3485,-2401
117000009,5132,2180,2952
117000010,2648,3895,-1247
117000011,2223,1672,551
117000012,1158,1331,-173
117000013,1923,917,1006
117000014,1198,2092,-894
117000015,2617,1492,1125
117000016,334,112,222
117000017,239,131,108
117000018,162,636,-474
117000019,89,1,88
117000020,521,1364,-843
117000021,1643,422,1221
117000022,400,125,275
117000023,216,164,52
117000024,263,246,17
117000025,442,1104,-662
117000026,2111,1323,788
117000027,2840,5926,-3086
117000028,4331,2274,2057
117000030,567,474,93
117000031,425,280,145
117000032,1684,1092,592
117000033,1121,631,490
117000034,481,337,144
117000035,413,320,93
117000036,340,333,7
117000037,274,228,46
117000038,215,542,-327
117000039,478,263,215
117000040,214,968,-754
117000041,971,156,815
117000044,18,726,-708
117000045,409,77,332
117000046,418,807,-389
117000047,882,687,195
117000048,1947,1002,945
117000049,91,576,-485
117000050,147,1648,-1501
117000051,2131,113,2018
117000052,50,320,-270
117000053,561,57,504
117000054,1722,14,1708
117000055,11,2684,-2673
117000056,788,25,763
117000057,519,2297,-1778
117000060,479,1407,-928
117000061,1617,925,692
117000062,337,734,-397
117000063,2045,1127,918
117000064,814,817,-3
117000066,1048,881,167
117000067,144,655,-511
117000074,149,213,-64
117000076,74,39,35
117000077,162,174,-12
117000078,152,784,-632
117000079,531,246,285
117000080,1,369,-368
117000081,1203,144,1059
117000082,16,77,-61
117000083,140,8,132
117000084,223,1,222
117000085,254,721,-467
117000086,800,444,356
117000087,94,468,-374
117000088,229,175,54
117000089,1567,260,1307
117000090,306,1274,-968
117000091,943,263,680
117000092,472,1279,-807
117000093,1189,794,395
117000094,1314,2697,-1383
117000095,3862,966,2896
117000096,746,2394,-1648
117000097,1512,1124,388
117000098,2604,4239,-1635
117000099,3641,1343,2298
117000100,256,347,-91
117000101,237,1124,-887
117000102,1787,733,1054
117000103,741,1472,-731
117000104,1356,659,697
117000105,818,1465,-647
117000106,1274,777,497
117000107,556,1730,-1174
117000108,1766,967,799
117000109,1513,2397,-884
117000110,1570,1104,466
117000111,3813,4392,-579
117000112,3460,1817,1643
117000113,159,274,-115
117000114,321,149,172
117000115,99,152,-53
117000116,167,289,-122
117000117,1758,1137,621
117000118,295,155,140
117000119,219,191,28
117000120,226,622,-396
117000121,134,1211,-1077
117000122,326,753,-427
117000123,1824,60,1764
117000124,790,95,695
117000125,373,142,231
117000126,52,29,23
117000127,181,393,-212
117000128,467,821,-354
117000129,349,551,-202
117000130,94,4,90
117000131,0,79,-79
117000132,2947,23,2924
117000133,1520,74,1446
117000134,2,67,-65
117000135,5,45,-40
117000136,1,41,-40
117000137,139,159,-20
117000138,5,756,-751
117000140,509,1374,-865
117000141,1802,546,1256
117000181,665,300,365
117000182,456,628,-172
117000195,212,1065,-853
117000196,274,149,125
117000225,125,30,95
117000226,13,148,-135
117000276,369,22,347
117000277,0,308,-308
117000310,1651,2080,-429
117000315,51,705,-654
117000320,66,0,66
117000906,347,19,328
117000907,19,295,-276
117000908,28,25,3
117000909,41,51,-10
117000910,213,229,-16
117000911,114,196,-82
117000915,12,555,-543
117000916,35,11,24
117000917,1229,33,1196
117000918,63,70,-7
117000919,18,94,-76
117000920,1,1254,-1253
117000921,3,1149,-1146
117000922,49,113,-64
117000924,372,854,-482
117000926,1049,107,942
117000927,2135,1386,749
117000928,2,142,-140
117000929,190,293,-103
117000930,171,11,160
117000931,558,223,335
117900002,113,396,-283
117900003,869,542,327
117900005,8,42,-34
117900006,0,49,-49
117900007,152,129,23
117900008,0,39,-39
117900010,249,81,168
117900011,25,109,-84
117900012,58,106,-48
117900013,0,167,-167
117900014,374,120,254
117900015,14,95,-81
117900016,1339,1066,273
117900017,531,255,276
117900018,192,132,60
117900019,432,222,210
117900020,87,463,-376
117900021,38,67,-29
117900022,44,10,34
117900023,775,190,585
117900024,87,62,25
117900025,52,14,38
117900026,386,320,66
117900028,68,9,59
117900029,282,526,-244
117900030,589,278,311
117900031,183,81,102
117900032,1102,585,517
117900033,247,506,-259
117900034,43,25,18
117900035,198,84,114
117900036,256,419,-163
117900037,160,111,49
117900038,40,308,-268
117900039,3,53,-50
117900040,106,411,-305
117900041,3,71,-68
117900042,3946,363,3583
117900043,23,62,-39
117900044,41,2799,-2758
117900045,168,179,-11
117900048,292,259,33
117900049,255,433,-178
117900050,7,76,-69
117900051,22,3,19
117900052,58,421,-363
117900053,1593,615,978
117900054,0,34,-34
117900055,288,171,117
117900056,314,56,258
117900057,1202,1138,64
117900058,100,27,73
117900059,303,104,199
117900060,2546,4813,-2267
117900061,22,189,-167
117900063,402,186,216
117900065,695,1333,-638
117900066,6,78,-72
117900067,454,190,264
117900069,698,265,433
117900070,216,46,170
117900071,82,128,-46
117900073,481,287,194
117900074,109,84,25
117900075,81,77,4
117900076,23,60,-37
117900077,539,186,353
117900078,361,744,-383
117900080,98,38,60
117900081,608,427,181
117900082,387,363,24
117900083,350,357,-7
117900086,108,27,81
117900087,173,49,124
117900088,3354,2122,1232
117900089,2303,764,1539
117900090,398,424,-26
117900091,254,206,48
117900092,65,25,40
117900093,98,43,55
117900094,32,23,9
117900095,212,303,-91
117900096,121,290,-169
117900097,324,112,212
117900098,43,9,34
117900099,169,206,-37
117900100,194,3,191
117900101,457,1904,-1447
117900102,58,43,15
117900103,93,1,92
117900104,27,164,-137
117900105,192,229,-37
117900106,106,30,76
117900107,42,0,42
117900109,602,370,232
117900110,121,0,121
117900111,443,60,383
117900112,62,17,45
117900113,3231,1956,1275
117900114,14,0,14
117900115,220,89,131
117900116,1103,933,170
117900117,614,277,337
117900118,94,1,93
117900119,201,163,38
117900120,218,55,163
117900121,329,62,267
117900122,1775,4084,-2309
117900123,675,432,243
117900124,851,799,52
117900125,1942,1902,40
117900126,281,569,-288
117900127,494,502,-8
117900128,369,739,-370
117900129,68,1,67
117900130,1061,468,593
117900131,6,142,-136
117900132,26,102,-76
117900133,12,121,-109
117900134,113,330,-217
117900135,36,213,-177
117900136,0,23,-23
117900137,57,301,-244
117900138,1,31,-30
117900139,158,150,8
117900140,3089,364,2725
117900141,195,205,-10
117900142,114,47,67
117900144,99,192,-93
117900145,53,37,16
117900146,216,180,36
117900147,94,75,19
117900148,2833,1559,1274
117900149,115,223,-108
117900150,61,49,12
117900151,43,105,-62
117900152,87,94,-7
117900153,40,117,-77
117900154,385,567,-182
117900156,969,816,153
117900157,145,608,-463
117900158,309,136,173
117900160,657,766,-109
117900161,2584,2239,345
117900162,447,339,108
117900163,67,108,-41
117900165,2,14,-12
117900166,127,623,-496
117900168,59,139,-80
117900169,1,80,-79
117900170,1,22,-21
117900171,0,30,-30
117900172,16,29,-13
117900173,123,108,15
117900174,36,79,-43
117900175,10,33,-23
117900176,9,24,-15
117900177,39,55,-16
117900178,105,55,50
117900180,248,35,213
117900181,99,307,-208
117900182,9,44,-35
117900183,63,182,-119
117900184,26,70,-44
117900185,49,47,2
117900186,41,13,28
117900187,31,10,21
117900188,161,33,128
117900189,82,37,45
117900190,28,5,23
117900191,82,2,80
117900192,187,0,187
117900193,22,62,-40
117900194,9,10,-1
117900195,22,54,-32
117900196,21,53,-32
117900207,195,155,40
117900208,36,46,-10
117900209,253,179,74
117900210,180,271,-91
117900211,7,203,-196
117900212,168,150,18
117900213,29,19,10
117900214,7,33,-26
117900215,22,51,-29
117900216,12,35,-23
117900217,126,410,-284
117900218,159,137,22
117900219,8,130,-122
117900220,125,76,49
117900222,171,246,-75
117900223,136,370,-234
118000001,811,1079,-268
118000002,963,2009,-1046
118000003,2426,3169,-743
118000004,2643,2470,173
118000005,5355,6038,-683
118000006,6300,10234,-3934
118000007,5767,3908,1859
118000008,4979,4175,804
118000009,1863,4138,-2275
118000010,7841,4916,2925
118000011,1510,2342,-832
118000012,1169,2262,-1093
118000013,2939,2607,332
118000014,2100,2414,-314
118000016,212,349,-137
118000017,503,544,-41
118000018,429,466,-37
118000019,2604,1738,866
118000020,1661,4486,-2825
118000021,730,4114,-3384
118000022,1791,995,796
118000023,946,275,671
118000024,1714,1728,-14
118000027,15931,14372,1559
118000029,1178,789,389
118000032,1262,4130,-2868
118000033,3141,7161,-4020
118000034,5444,2880,2564
118000035,1942,3649,-1707
118000036,964,1516,-552
118000037,686,947,-261
118000038,212,115,97
118000039,82,253,-171
118000040,1728,1477,251
118000041,2391,1357,1034
118000045,587,205,382
118000046,1445,575,870
118000047,863,810,53
118000048,2967,1942,1025
118000051,3955,2014,1941
118000052,2766,1091,1675
118000053,431,779,-348
118000054,1904,1741,163
118000055,1622,1676,-54
118000056,322,538,-216
118000057,320,358,-38
118000058,3438,2332,1106
118000059,2116,1553,563
118000060,1233,665,568
118000061,1477,1687,-210
118000062,701,329,372
118000063,437,810,-373
118000064,918,1269,-351
118000065,4180,1842,2338
118000066,1030,1603,-573
118000067,1083,1020,63
118000068,1822,4833,-3011
118000069,3199,1313,1886
118000070,5359,2118,3241
118000071,3612,6888,-3276
118000072,1697,1411,286
118000073,2180,736,1444
118000074,480,469,11
118000075,668,310,358
118000076,1866,2792,-926
118000077,1376,1341,35
118000078,1910,2590,-680
118000079,325,504,-179
118000080,1087,874,213
118000081,1906,1350,556
118000082,348,1313,-965
118000083,2019,1938,81
118000084,3708,1620,2088
118000086,302,630,-328
118000087,5015,2774,2241
118000088,1988,1744,244
118000089,3687,2508,1179
118000090,2138,2887,-749
118000091,1312,2359,-1047
118000092,1055,560,495
118000093,106,770,-664
118000096,546,692,-146
118000097,952,597,355
118000098,255,232,23
118000099,620,799,-179
118000101,1116,398,718
118000102,354,1116,-762
118000107,1891,530,1361
118000108,834,2089,-1255
118000110,0,40,-40
118000111,0,275,-275
118000112,466,3,463
118000113,1,479,-478
118000114,486,8,478
118000115,11,9,2
118000116,35,1,34
118000117,1258,794,464
118000118,956,960,-4
118000119,989,1133,-144
118000120,1771,1308,463
118000121,98,687,-589
118000122,1522,439,1083
118000123,65,266,-201
118000125,1757,965,792
118000126,730,1576,-846
118000127,1794,697,1097
118000128,708,1139,-431
118000129,913,395,518
118000130,2301,3292,-991
118000131,551,845,-294
118000132,2674,1989,685
118000133,872,412,460
118000135,599,373,226
118000136,128,417,-289
118000137,664,97,567
118000138,382,561,-179
118000139,410,112,298
118000140,2688,4622,-1934
118000141,2158,1798,360
118000142,1835,1566,269
118000143,2200,1185,1015
118000144,1099,854,245
118000145,1504,1758,-254
118000146,1140,716,424
118000147,903,1479,-576
118000148,559,1104,-545
118000149,1120,961,159
118000150,590,262,328
118000151,536,442,94
118000153,1640,1383,257
118000154,1481,1563,-82
118000155,1275,1331,-56
118000156,2026,2451,-425
118000157,662,450,212
118000158,198,426,-228
118000159,17,97,-80
118000160,472,385,87
118000161,451,652,-201
118000162,1924,839,1085
118000163,936,842,94
118000164,2244,1548,696
118000168,1045,679,366
118000169,1145,1123,22
118000170,4149,5494,-1345
118000171,373,767,-394
118000172,83,293,-210
118000173,852,1226,-374
118000175,355,413,-58
118000176,324,425,-101
118000177,279,604,-325
118000178,28,55,-27
118000179,1349,1411,-62
118000180,877,786,91
118000181,808,289,519
118000182,372,271,101
118000183,218,325,-107
118000184,852,706,146
118000185,1425,1280,145
118000186,956,1178,-222
118000187,1358,807,551
118000188,628,175,453
118000189,600,755,-155
118000190,5,16,-11
118000191,26,32,-6
118000192,263,396,-133
118000193,144,438,-294
118000194,1331,902,429
118000195,1050,1256,-206
118000196,340,232,108
118000197,205,169,36
118000198,499,666,-167
118000199,469,448,21
118000200,153,281,-128
118000201,463,487,-24
118000202,88,62,26
118000203,963,619,344
118000204,141,357,-216
118000205,228,397,-169
118000206,288,172,116
118000207,0,72,-72
118000208,1302,1470,-168
118000209,1861,1596,265
118000210,78,42,36
118000211,37,24,13
118000213,1686,1957,-271
118000214,627,571,56
118000215,343,132,211
118000216,2171,2724,-553
118000217,26,100,-74
118000218,103,110,-7
118000219,478,308,170
118000220,5,35,-30
118000221,214,332,-118
118000222,85,12,73
118000223,39,48,-9
118000224,220,105,115
118000225,163,633,-470
118000226,1030,228,802
118000227,815,425,390
118000228,178,276,-98
118000229,293,64,229
118000230,150,221,-71
118000231,85,219,-134
118000232,744,754,-10
118000233,1107,808,299
118000234,535,222,313
118000236,446,346,100
118000237,98,377,-279
118000238,298,205,93
118000239,304,296,8
118000240,469,175,294
118000241,194,193,1
118000242,390,521,-131
118000243,308,193,115
118000244,83,167,-84
118000246,1,30,-29
118000255,58,252,-194
118000256,109,226,-117
118000259,9,60,-51
118000260,168,119,49
118000261,43,67,-24
118000263,88,201,-113
118000266,126,228,-102
118000267,0,160,-160
118000268,287,3,284
118000270,103,29,74
118000271,145,289,-144
118000272,138,55,83
118000273,172,86,86
118000274,118,268,-150
118000276,666,392,274
118000295,13,160,-147
118000298,171,300,-129
118000299,54,117,-63
118000301,0,48,-48
118000302,136,59,77
118000311,498,101,397
118000312,311,225,86
118000313,103,178,-75
118000314,84,66,18
118000315,65,79,-14
118000316,771,471,300
118000325,131,70,61
118000326,40,34,6
118000331,37,51,-14
118000332,19,27,-8
118000333,28,82,-54
118000335,332,2,330
118000336,2,244,-242
118000407,175,80,95
118000457,6,31,-25
118000465,3556,4370,-814
118000480,39,98,-59
118000489,62,333,-271
118000490,20,254,-234
118000492,304,221,83
118000510,87,25,62
118000514,225,272,-47
118000515,836,694,142
118000517,365,230,135
118000524,658,330,328
118000525,854,773,81
118000530,27,131,-104
118000531,327,274,53
118000532,236,292,-56
118000533,311,131,180
118000534,553,404,149
118000535,345,187,158
118000536,811,1902,-1091
118000537,32,228,-196
118000538,28,78,-50
118000539,24,128,-104
118000540,311,158,153
118000541,194,78,116
118000542,152,235,-83
118000543,217,233,-16
118000546,59,37,22
118000553,0,0,0
118000560,2660,2310,350
118000562,27,201,-174
118000563,1496,1191,305
118000576,193,145,48
118000577,143,125,18
118000578,142,91,51
118000579,511,1262,-751
118000583,0,0,0
118000595,202,115,87
118000596,0,54,-54
118000597,112,87,25
118000598,26,2,24
118000599,36,39,-3
118000600,0,33,-33
118000601,19,2,17
118000602,0,20,-20
118000603,0,19,-19
118900001,672,1326,-654
118900002,885,935,-50
118900003,397,18,379
118900004,26,70,-44
118900005,60,7,53
118900006,203,16,187
118900007,9,6,3
118900008,1728,61,1667
118900009,58,47,11
118900010,42,5,37
118900011,204,41,163
118900012,435,222,213
118900013,500,157,343
118900015,200,67,133
118900016,12,14,-2
118900017,214,332,-118
118900018,949,22,927
118900019,69,34,35
118900020,274,126,148
118900021,177,385,-208
118900022,139,108,31
118900023,199,80,119
118900024,118,176,-58
118900025,66,22,44
118900026,95,87,8
118900027,460,156,304
118900028,209,178,31
118900029,334,393,-59
118900030,406,64,342
118900031,172,107,65
118900032,215,202,13
118900033,416,428,-12
118900034,163,27,136
118900035,153,183,-30
118900036,1219,663,556
118900037,417,296,121
118900038,442,197,245
118900039,594,188,406
118900040,209,195,14
118900041,524,165,359
118900042,203,98,105
118900045,283,172,111
118900046,868,460,408
118900047,536,281,255
118900048,206,235,-29
118900049,57,62,-5
118900050,35,139,-104
118900051,60,136,-76
118900052,335,238,97
118900053,50,99,-49
118900054,140,59,81
118900055,95,112,-17
118900056,34,429,-395
118900057,830,534,296
118900058,423,322,101
118900059,31,76,-45
118900060,84,139,-55
118900062,374,158,216
118900064,650,587,63
118900065,59,146,-87
118900066,86,103,-17
118900067,5178,3554,1624
118900068,16,238,-222
118900069,402,235,167
118900071,6,80,-74
118900072,387,347,40
118900073,137,111,26
118900074,105,148,-43
118900075,69,91,-22
118900076,201,109,92
118900077,233,186,47
118900078,69,7,62
118900079,85,199,-114
118900080,33,157,-124
118900081,95,40,55
118900082,828,160,668
118900083,87,15,72
118900084,19,28,-9
118900085,566,843,-277
118900086,41,78,-37
118900087,25,261,-236
118900088,0,10,-10
118900089,33,18,15
118900090,479,350,129
118900091,194,240,-46
118900092,181,97,84
118900093,151,34,117
118900096,47,21,26
118900097,269,453,-184
118900099,129,228,-99
118900100,150,266,-116
118900101,152,471,-319
118900102,61,85,-24
118900103,78,136,-58
118900104,250,139,111
118900105,274,137,137
118900107,161,93,68
118900108,92,83,9
118900110,1296,898,398
118900111,584,539,45
118900112,95,189,-94
118900113,92,417,-325
118900114,15,82,-67
118900115,135,545,-410
118900116,175,198,-23
118900117,106,198,-92
118900118,267,355,-88
118900119,157,227,-70
118900120,110,364,-254
118900121,22,169,-147
118900122,48,903,-855
118900123,168,300,-132
118900124,104,233,-129
118900126,28,389,-361
118900129,259,210,49
118900130,83,224,-141
118900131,240,224,16
118900132,341,173,168
118900133,22,105,-83
118900135,162,234,-72
118900136,217,490,-273
118900137,14,40,-26
118900139,196,396,-200
118900140,454,598,-144
118900141,96,144,-48
118900144,145,394,-249
118900145,79,117,-38
118900146,373,653,-280
118900147,225,120,105
118900148,113,88,25
118900150,170,609,-439
118900152,675,731,-56
118900157,69,157,-88
118900158,80,58,22
118900159,1,142,-141
118900161,101,10,91
118900163,96,117,-21
118900164,2,104,-102
118900165,53,210,-157
118900166,40,1,39
118900167,92,93,-1
118900168,22,214,-192
118900169,117,302,-185
118900170,174,124,50
118900171,42,41,1
118900174,49,67,-18
118900175,401,480,-79
118900176,142,287,-145
118900177,63,60,3
118900178,62,168,-106
118900179,1,34,-33
118900181,87,115,-28
118900182,138,63,75
118900183,29,142,-113
118900184,369,129,240
118900185,125,95,30
118900186,117,94,23
118900187,270,264,6
118900188,305,276,29
118900189,70,736,-666
118900190,20,316,-296
118900191,185,56,129
118900192,209,27,182
118900193,480,3,477
118900195,345,590,-245
118900196,59,142,-83
118900197,152,60,92
118900198,27,26,1
118900199,99,48,51
118900200,16,22,-6
118900201,29,36,-7
118900202,12,72,-60
118900203,9,50,-41
118900204,10,37,-27
118900205,2,15,-13
118900206,7,25,-18
119000001,1366,2110,-744
119000002,5339,4028,1311
119000003,2912,1248,1664
119000004,2601,1398,1203
119000005,2003,2121,-118
119000006,2581,1512,1069
119000007,3631,3344,287
119000008,2085,1936,149
119000009,4223,4837,-614
119000010,6737,4764,1973
119000011,4375,3019,1356
119000012,3277,3722,-445
119000013,2664,1703,961
119000014,1968,2879,-911
119000019,358,202,156
119000020,2292,1637,655
119000021,4655,2645,2010
119000022,2747,3057,-310
119000023,292,290,2
119000024,2165,11202,-9037
119000025,7072,1581,5491
119000026,202,523,-321
119000027,300,464,-164
119000028,1829,962,867
119000029,123,351,-228
119000030,550,1172,-622
119000031,1009,791,218
119000032,3172,2820,352
119000033,2373,1505,868
119000034,1190,1072,118
119000035,31,314,-283
119000036,1763,826,937
119000037,1310,1553,-243
119000038,189,791,-602
119000039,307,342,-35
119000040,936,624,312
119000041,883,1444,-561
119000048,2996,2985,11
119000049,1635,2219,-584
119000050,1970,1924,46
119000051,2486,1038,1448
119000052,2127,2991,-864
119000053,2060,1361,699
119000054,3381,2962,419
119000055,4702,3329,1373
119000056,2761,2189,572
119000057,1835,1835,0
119000058,2187,1744,443
119000059,1340,1707,-367
119000060,1684,1235,449
119000061,1272,845,427
119000062,1357,1439,-82
119000063,566,426,140
119000064,1107,1551,-444
119000065,2057,4162,-2105
119000066,3004,1203,1801
119000067,2122,2242,-120
119000068,1811,1194,617
119000069,1499,2617,-1118
119000070,2675,974,1701
119000071,656,849,-193
119000072,5600,4196,1404
119000073,7139,7470,-331
119000074,1225,2327,-1102
119000075,2508,2458,50
119000076,625,1639,-1014
119000077,1361,753,608
119000078,493,253,240
119000079,161,992,-831
119000080,374,261,113
119000081,410,569,-159
119000082,1136,278,858
119000083,652,426,226
119000084,365,548,-183
119000085,731,280,451
119000086,335,408,-73
119000087,1712,912,800
119000088,408,282,126
119000089,63,191,-128
119000090,205,170,35
119000091,112,472,-360
119000092,660,187,473
119000093,3461,2918,543
119000094,3043,5268,-2225
119000095,1998,3176,-1178
119000097,2093,1476,617
119000098,885,2986,-2101
119000099,2387,1742,645
119000100,4052,3242,810
119000101,6038,2542,3496
119000102,1100,1264,-164
119000103,1999,800,1199
119000104,2456,1308,1148
119000105,1312,2147,-835
119000106,377,1373,-996
119000107,905,558,347
119000108,446,877,-431
119000109,270,1215,-945
119000110,1156,1130,26
119000111,84,822,-738
119000112,274,261,13
119000113,3342,375,2967
119000114,1302,1040,262
119000115,169,129,40
119000116,142,102,40
119000117,135,424,-289
119000118,4,1,3
119000123,4812,2619,2193
119000124,829,274,555
119000125,3894,822,3072
119000126,1261,816,445
119000127,486,519,-33
119000128,51,4,47
119000131,879,672,207
119000132,4,6,-2
119000133,2,6,-4
119000134,2168,552,1616
119000135,138,288,-150
119000136,228,182,46
119000137,229,343,-114
119000138,517,350,167
119000139,370,237,133
119000140,216,455,-239
119000284,1491,2709,-1218
119000285,2390,2011,379
119000286,7462,5649,1813
119000287,1240,2177,-937
119000288,1956,1346,610
119000289,1743,2984,-1241
119000290,191,426,-235
119000291,13,232,-219
119000293,110,202,-92
119000294,46,19,27
119000295,1676,434,1242
119000296,238,147,91
119000299,0,0,0
119000302,2641,1452,1189
119000303,61,182,-121
119000314,1725,10112,-8387
119000315,6,386,-380
119000316,142,155,-13
119000317,90,317,-227
119900001,315,1263,-948
119900002,179,288,-109
119900003,45,1034,-989
119900004,294,1118,-824
119900005,220,105,115
119900006,243,422,-179
119900007,1249,235,1014
119900008,81,53,28
119900009,745,666,79
119900010,2651,2147,504
119900011,12,87,-75
119900012,17,99,-82
119900013,2450,1468,982
119900014,779,417,362
119900015,94,37,57
119900016,60,98,-38
119900017,41,52,-11
119900018,2061,888,1173
119900019,48,10,38
119900020,214,262,-48
119900021,230,115,115
119900022,135,818,-683
119900023,552,1454,-902
119900025,183,32,151
119900026,808,209,599
119900027,29,32,-3
119900028,257,139,118
119900029,1,3,-2
119900030,620,549,71
119900031,77,382,-305
119900033,2768,426,2342
119900034,396,124,272
119900037,172,38,134
119900038,48,372,-324
119900039,128,27,101
119900040,171,17,154
119900041,128,76,52
119900042,258,196,62
119900043,78,156,-78
119900044,230,1019,-789
119900046,123,65,58
119900047,361,84,277
119900048,37,33,4
119900049,193,10,183
119900050,372,187,185
119900051,600,20,580
119900052,59,44,15
119900053,204,182,22
119900054,128,11,117
119900055,1487,472,1015
119900057,212,91,121
119900058,244,4,240
119900059,248,72,176
119900060,301,23,278
119900062,75,31,44
119900063,15,62,-47
119900065,224,14,210
119900066,1,1,0
119900067,159,26,133
119900068,471,4,467
119900069,185,90,95
119900070,958,10,948
119900071,763,25,738
119900073,2019,740,1279
119900074,187,55,132
119900075,4914,2743,2171
119900076,589,312,277
119900077,1048,1174,-126
119900078,631,901,-270
119900079,487,260,227
119900080,1891,1644,247
119900081,286,37,249
119900082,1296,186,1110
119900083,599,232,367
119900084,830,344,486
119900085,84,59,25
119900087,908,589,319
119900088,48,73,-25
119900089,72,637,-565
119900090,120,74,46
119900091,90,811,-721
119900092,459,439,20
119900093,1480,306,1174
119900094,86,228,-142
119900095,238,112,126
119900096,43,143,-100
119900097,592,214,378
119900098,43,65,-22
119900099,36,250,-214
119900100,1892,3164,-1272
119900101,224,1585,-1361
119900102,46,252,-206
119900103,59,358,-299
119900104,78,288,-210
119900105,1910,5841,-3931
119900106,4,157,-153
119900107,301,2490,-2189
119900108,4835,844,3991
119900109,34,186,-152
119900110,873,533,340
119900111,133,291,-158
119900112,1424,615,809
119900113,100,341,-241
119900114,294,1116,-822
119900115,321,982,-661
119900116,195,429,-234
119900117,360,730,-370
119900118,105,755,-650
119900119,298,214,84
119900120,854,584,270
119900121,358,1040,-682
119900122,426,366,60
119900123,286,331,-45
119900124,288,887,-599
119900125,45,288,-243
119900126,5124,379,4745
119900127,2293,1140,1153
119900128,507,800,-293
119900129,272,575,-303
119900130,33,221,-188
119900131,68,303,-235
119900132,6,226,-220
119900133,74,154,-80
119900134,1800,276,1524
119900135,1,373,-372
119900136,202,337,-135
119900138,388,551,-163
119900139,37,150,-113
119900140,5,140,-135
119900141,90,709,-619
119900142,17,38,-21
119900143,15,331,-316
119900144,1585,268,1317
119900145,120,184,-64
119900146,204,290,-86
119900147,1,180,-179
119900148,225,67,158
119900149,1126,4929,-3803
119900150,180,143,37
119900151,2188,808,1380
119900152,141,388,-247
119900153,157,87,70
119900154,3,236,-233
119900155,57,65,-8
119900156,13,7,6
119900157,145,263,-118
119900158,236,86,150
119900159,6,1247,-1241
119900160,46,205,-159
119900161,231,243,-12
119900162,1094,945,149
119900163,119,184,-65
119900164,3,9,-6
119900165,200,178,22
119900166,109,49,60
119900167,105,153,-48
119900168,1041,590,451
119900169,291,340,-49
119900170,253,334,-81
119900171,1584,472,1112
119900172,188,20,168
119900173,10,401,-391
119900174,6,250,-244
119900175,1376,747,629
119900177,31,221,-190
119900178,14,190,-176
119900179,150,583,-433
119900180,977,985,-8
119900181,98,139,-41
119900182,11,474,-463
119900183,173,687,-514
119900184,2404,567,1837
119900185,43,195,-152
119900186,111,978,-867
119900187,66,491,-425
119900188,112,343,-231
119900189,519,570,-51
119900190,98,367,-269
119900191,333,345,-12
119900192,63,197,-134
119900193,361,195,166
119900194,42,96,-54
119900195,670,405,265
119900196,1566,564,1002
119900197,226,188,38
119900198,197,303,-106
119900199,203,43,160
119900200,813,742,71
119900201,363,251,112
119900202,124,319,-195
119900203,200,662,-462
119900204,359,312,47
119900205,790,507,283
119900206,188,152,36
119900208,144,178,-34
119900209,478,1360,-882
119900210,40,29,11
119900211,71,10,61
119900212,207,269,-62
119900213,8,55,-47
119900214,19,52,-33
119900215,49,66,-17
119900216,10,39,-29
119900217,4,34,-30
119900218,43,65,-22
119900219,36,169,-133
119900220,9,106,-97
119900221,33,281,-248
119900222,11,225,-214
119900223,17,78,-61
119900224,19,39,-20
119900225,854,51,803
119900226,626,1927,-1301
119900227,1169,413,756
119900228,55,279,-224
119900229,369,469,-100
119900230,1399,711,688
119900231,321,173,148
119900232,333,138,195
119900233,190,50,140
119900234,28,119,-91
119900235,11,80,-69
119900236,35,250,-215
119900237,141,729,-588
119900238,3,77,-74
119900240,75,175,-100
119900241,180,277,-97
119900242,1868,1897,-29
119900244,720,1806,-1086
119900245,202,247,-45
119900246,387,656,-269
119900247,38,137,-99
119900248,109,268,-159
119900249,304,90,214
119900253,2882,441,2441
119900254,104,785,-681
119900255,136,727,-591
119900256,686,1049,-363
119900257,101,10,91
119900258,190,20,170
119900259,7,140,-133
119900260,168,8,160
119900261,254,193,61
119900262,0,214,-214
119900263,1031,459,572
119900264,124,162,-38
119900265,716,451,265
119900266,380,313,67
119900267,269,569,-300
119900268,204,178,26
119900269,1424,1395,29
119900271,42,132,-90
119900272,493,307,186
119900275,125,19,106
119900276,82,3,79
119900277,4,8,-4
119900278,290,114,176
119900279,155,379,-224
119900280,702,208,494
119900281,1,225,-224
119900282,56,109,-53
119900283,25,202,-177
119900284,74,252,-178
119900285,36,96,-60
119900286,4,44,-40
119900288,6,36,-30
119900289,0,43,-43
119900290,4,37,-33
119900291,1,108,-107
119900292,53,22,31
119900293,36,9,27
119900294,26,0,26
119900295,0,0,0
119900296,0,0,0
119900299,91,189,-98
119900300,308,231,77
119900301,129,171,-42
119900302,219,102,117
119900303,344,207,137
119900304,185,53,132
119900305,14,122,-108
119900306,25,14,11
119900307,67,103,-36
119900308,11,16,-5
119900309,52,122,-70
119900310,336,344,-8
119900311,86,121,-35
119900312,108,103,5
119900313,298,339,-41
119900314,210,422,-212
119900315,1856,2663,-807
119900318,13,34,-21
119900319,0,282,-282
119900320,396,656,-260
119900321,88,5,83
119900322,4,81,-77
119900323,4,117,-113
119900324,0,31,-31
119900325,132,174,-42
119900326,54,56,-2
120000001,6889,15335,-8446
120000002,2678,2642,36
120000003,3529,1598,1931
120000004,2734,1903,831
120000005,4284,2006,2278
120000006,1249,1307,-58
120000007,3676,3068,608
120000008,1017,1476,-459
120000009,2972,880,2092
120000010,2115,2633,-518
120000011,1116,1817,-701
120000012,1776,2865,-1089
120000013,3284,2849,435
120000014,669,1561,-892
120000015,2696,1749,947
120000016,3997,2388,1609
120000017,3219,2624,595
120000018,3952,11707,-7755
120000019,1145,1493,-348
120000020,3250,3381,-131
120000021,2127,2554,-427
120000022,3428,4070,-642
120000023,1122,1589,-467
120000024,1514,2631,-1117
120000025,2762,2162,600
120000026,2050,1766,284
120000027,2295,2287,8
120000028,805,1277,-472
120000029,4706,1500,3206
120000030,811,1369,-558
120000031,2790,8335,-5545
120000032,8496,4174,4322
120000033,5043,2025,3018
120000034,1996,1747,249
120000035,2139,2127,12
120000036,3122,5630,-2508
120000037,765,1778,-1013
120000038,6620,4155,2465
120000039,699,907,-208
120000040,198,562,-364
120000041,1671,1911,-240
120000042,1953,2289,-336
120000043,5238,1583,3655
120000044,5576,1622,3954
120000045,5845,1176,4669
120000046,3158,3038,120
120000047,1142,4995,-3853
120000048,7653,4528,3125
120000049,3614,3314,300
120000050,4256,4110,146
120000051,3203,4677,-1474
120000052,8671,2498,6173
120000053,1189,2380,-1191
120000054,1400,3942,-2542
120000055,1882,4722,-2840
120000056,4607,4005,602
120000057,3148,1078,2070
120000058,4048,1172,2876
120000059,29,1670,-1641
120000061,187,512,-325
120000062,222,321,-99
120000063,1481,2496,-1015
120000064,246,1069,-823
120000065,580,1506,-926
120000066,1004,587,417
120000067,99,727,-628
120000068,221,948,-727
120000069,555,1250,-695
120000070,73,637,-564
120000071,459,167,292
120000072,835,411,424
120000073,895,157,738
120000074,269,178,91
120000075,1196,370,826
120000076,2235,452,1783
120000077,1933,703,1230
120000078,3680,1391,2289
120000079,295,182,113
120000080,176,218,-42
120000081,346,129,217
120000082,190,284,-94
120000083,109,675,-566
120000084,398,393,5
120000085,291,396,-105
120000086,245,471,-226
120000087,173,608,-435
120000088,897,1199,-302
120000089,1118,663,455
120000090,889,601,288
120000091,1167,1140,27
120000092,1477,678,799
120000093,473,512,-39
120000094,213,935,-722
120000095,995,509,486
120000096,295,775,-480
120000098,1263,960,303
120000099,652,813,-161
120000100,964,916,48
120000101,645,520,125
120000102,625,909,-284
120000103,1601,864,737
120000104,2079,573,1506
120000105,3379,749,2630
120000106,2462,744,1718
120000107,3874,647,3227
120000108,1288,129,1159
120000109,1159,102,1057
120000110,113,970,-857
120000111,105,1059,-954
120000112,756,2611,-1855
120000113,677,1843,-1166
120000114,954,2441,-1487
120000115,382,2025,-1643
120000116,806,1876,-1070
120000117,1002,1475,-473
120000118,74,28,46
120000119,20,92,-72
120000120,81,70,11
120000121,41,71,-30
120000122,250,329,-79
120000123,4798,5722,-924
120000124,451,387,64
120000125,523,685,-162
120000126,344,1094,-750
120000127,3088,1146,1942
120000128,3722,4909,-1187
120000129,346,279,67
120000130,883,606,277
120000131,405,838,-433
120000134,385,1151,-766
120000135,641,543,98
120000137,302,1525,-1223
120000138,1013,595,418
120000139,327,725,-398
120000140,916,669,247
120000141,667,486,181
120000142,841,718,123
120000143,2,104,-102
120000144,127,5,122
120000145,396,4,392
120000146,1067,992,75
120000149,774,1288,-514
120000150,3860,11266,-7406
120000151,467,493,-26
120000152,546,215,331
120000153,400,632,-232
120000154,560,414,146
120000155,129,277,-148
120000156,965,1144,-179
120000157,1145,826,319
120000158,946,900,46
120000159,2052,2631,-579
120000160,2806,1565,1241
120000161,2276,2353,-77
120000162,73,286,-213
120000163,757,1136,-379
120000164,622,439,183
120000165,614,895,-281
120000166,1439,699,740
120000167,177,271,-94
120000168,24,718,-694
120000169,78,1644,-1566
120000170,61,1302,-1241
120000171,32,494,-462
120000172,31,248,-217
120000173,2790,1514,1276
120000174,456,45,411
120000175,308,32,276
120000176,404,50,354
120000177,1609,191,1418
120000178,166,37,129
120000179,362,57,305
120000180,1093,119,974
120000181,240,1614,-1374
120000182,127,799,-672
120000183,22,666,-644
120000184,253,1435,-1182
120000186,62,464,-402
120000187,41,294,-253
120000188,150,546,-396
120000190,997,51,946
120000191,1036,91,945
120000192,1176,42,1134
120000193,551,15,536
120000195,133,10,123
120000196,505,72,433
120000197,170,154,16
120000198,169,70,99
120000199,154,3,151
120000200,101,1,100
120000201,12,23,-11
120000202,4,46,-42
120000203,42,182,-140
120000207,0,54,-54
120000208,16,206,-190
120000209,10,94,-84
120000210,72,76,-4
120000211,158,1,157
120000212,177,0,177
120000213,180,382,-202
120000214,3,280,-277
120000215,8,119,-111
120000216,77,16,61
120000217,730,1201,-471
120000218,210,656,-446
120000219,6,400,-394
120000220,24,1391,-1367
120000225,1698,4,1694
120000226,327,3,324
120000227,891,44,847
120000228,10454,3497,6957
120000230,416,29,387
120000231,1330,2163,-833
120000233,387,3,384
120000235,288,595,-307
120000236,1113,8,1105
120000237,0,1153,-1153
120000238,14,1021,-1007
120000241,1307,3787,-2480
120000412,917,20,897
120000413,351,272,79
120000414,150,7,143
120000415,2,117,-115
120000416,191,9,182
120000417,11,80,-69
120000418,183,21,162
120000419,20,252,-232
120000420,65,33,32
120000421,10610,6209,4401
120000422,138,1453,-1315
120000423,1,60,-59
120000424,81,124,-43
120000436,172,610,-438
120000437,128,132,-4
120000438,2450,284,2166
120000439,264,585,-321
120000443,262,0,262
120000444,1559,597,962
120000445,1645,1076,569
120000446,737,216,521
120000447,258,8,250
120000449,90,6,84
120000450,7,259,-252
120000451,129,277,-148
120000452,298,9,289
120000453,3,298,-295
120000454,61,58,3
120000455,81,38,43
120000456,2439,3789,-1350
120000457,1058,471,587
120000458,706,677,29
120000459,113,70,43
120000665,1469,299,1170
120000668,149,1118,-969
120000669,47,127,-80
120000670,296,926,-630
120000671,1639,586,1053
120000672,110,619,-509
120900001,93,113,-20
120900002,599,774,-175
120900003,301,36,265
120900004,21,78,-57
120900005,49,915,-866
120900006,409,213,196
120900007,186,102,84
120900008,340,1134,-794
120900009,764,51,713
120900010,546,152,394
120900011,591,210,381
120900012,364,1298,-934
120900013,332,136,196
120900014,0,509,-509
120900015,848,116,732
120900016,826,51,775
120900017,2456,112,2344
120900018,183,493,-310
120900019,738,417,321
120900020,824,1450,-626
120900021,850,289,561
120900022,45,348,-303
120900023,300,57,243
120900024,2091,546,1545
120900025,1731,1111,620
120900026,495,290,205
120900027,953,21,932
120900028,394,116,278
120900029,165,490,-325
120900030,1347,897,450
120900031,303,118,185
120900032,1097,140,957
120900033,1036,76,960
120900034,29,2452,-2423
120900035,58,141,-83
120900037,245,6,239
120900038,55,248,-193
120900039,123,44,79
120900040,371,11,360
120900041,159,39,120
120900042,543,50,493
120900043,92,41,51
120900044,26,395,-369
120900045,201,158,43
120900046,658,8,650
120900047,177,133,44
120900048,135,31,104
120900049,549,5,544
120900050,2158,1638,520
120900051,392,180,212
120900052,630,5,625
120900053,332,85,247
120900054,1883,739,1144
120900055,503,2,501
120900056,537,26,511
120900057,173,24,149
120900058,531,5,526
120900059,105,2,103
120900060,73,54,19
120900061,267,265,2
120900062,219,3,216
120900063,518,12,506
120900064,549,1,548
120900065,530,1,529
120900066,445,282,163
120900067,206,74,132
120900068,262,0,262
120900069,261,47,214
120900071,15,1,14
120900072,682,7,675
120900073,582,150,432
120900074,931,12,919
120900076,391,0,391
120900077,3040,398,2642
120900078,803,753,50
120900079,786,115,671
120900080,752,1547,-795
120900081,875,792,83
120900082,522,421,101
120900083,118,5,113
120900084,283,507,-224
120900085,81,118,-37
120900086,123,314,-191
120900087,477,433,44
120900088,194,446,-252
120900089,2995,3081,-86
120900090,239,128,111
120900091,688,916,-228
120900092,1329,541,788
120900093,2178,178,2000
120900094,551,212,339
120900095,590,30,560
120900096,40,274,-234
120900097,895,685,210
120900098,269,204,65
120900099,135,82,53
120900100,118,283,-165
120900101,596,266,330
120900102,43,105,-62
120900103,80,260,-180
120900104,37,66,-29
120900105,39,554,-515
120900106,1391,545,846
120900107,282,191,91
120900108,6,634,-628
120900109,49,623,-574
120900110,19,890,-871
120900111,204,351,-147
120900112,12,808,-796
120900113,15,759,-744
120900114,56,147,-91
120900115,228,252,-24
120900116,413,423,-10
120900117,1,423,-422
120900118,13,691,-678
120900119,6648,6164,484
120900120,79,482,-403
120900121,518,584,-66
120900122,492,490,2
120900123,6,408,-402
120900124,2,500,-498
120900125,5,631,-626
120900126,1556,1153,403
120900127,11,534,-523
120900128,1277,1670,-393
120900129,56,296,-240
120900130,18,357,-339
120900131,78,155,-77
120900132,1041,256,785
120900133,286,819,-533
120900134,757,483,274
120900135,12,582,-570
120900136,55,191,-136
120900137,257,131,126
120900138,62,222,-160
120900139,2,660,-658
120900140,1,210,-209
120900141,209,249,-40
120900142,18,453,-435
120900143,3,740,-737
120900144,0,169,-169
120900145,267,742,-475
120900146,1,988,-987
120900147,1,486,-485
120900148,157,125,32
120900149,2,266,-264
120900150,45,478,-433
120900151,0,649,-649
120900152,6,36,-30
120900153,87,138,-51
120900154,2,246,-244
120900155,181,992,-811
120900156,52,317,-265
120900157,103,326,-223
120900158,54,577,-523
120900159,263,629,-366
120900160,25,591,-566
120900161,81,528,-447
120900162,76,819,-743
120900163,93,1114,-1021
120900164,1,31,-30
120900165,32,136,-104
120900166,253,702,-449
120900167,438,173,265
120900169,99,348,-249
120900170,1145,2951,-1806
120900171,1039,286,753
120900172,1458,1516,-58
120900173,3,81,-78
120900174,20,143,-123
120900175,316,171,145
120900176,16,366,-350
120900177,6,1273,-1267
120900178,0,482,-482
120900179,808,480,328
120900180,90,122,-32
120900181,299,73,226
120900182,36,350,-314
120900183,545,121,424
120900184,461,131,330
120900185,19,741,-722
120900186,3,382,-379
120900187,610,1204,-594
120900188,199,15,184
120900189,107,1156,-1049
120900190,75,4,71
120900191,9,20,-11
120900192,9431,7155,2276
120900194,44,136,-92
120900195,175,348,-173
120900196,913,53,860
120900197,693,179,514
120900198,274,593,-319
120900199,369,488,-119
120900200,76,126,-50
120900201,477,243,234
120900202,4,198,-194
120900203,33,83,-50
120900204,145,258,-113
120900205,52,68,-16
120900206,18,61,-43
120900207,87,1347,-1260
121000001,745,1243,-498
121000002,2365,1343,1022
121000003,3385,2337,1048
121000004,2984,3797,-813
121000005,1958,3167,-1209
121000006,3989,1904,2085
121000007,2864,3227,-363
121000008,5703,3854,1849
121000009,5959,6406,-447
121000010,9382,6200,3182
121000011,10093,13318,-3225
121000012,18164,11147,7017
121000013,5472,8031,-2559
121000014,6867,6038,829
121000015,4678,7437,-2759
121000016,4618,3816,802
121000017,2425,4264,-1839
121000018,3055,1947,1108
121000019,19247,13186,6061
121000020,15754,18391,-2637
121000021,3199,3524,-325
121000022,2750,3565,-815
121000023,4351,3135,1216
121000024,5213,5100,113
121000025,1006,1570,-564
121000026,383,185,198
121000027,1894,1453,441
121000028,958,683,275
121000029,1167,841,326
121000030,814,589,225
121000031,839,817,22
121000032,437,122,315
121000034,533,329,204
121000035,177,214,-37
121000036,1300,1009,291
121000037,705,706,-1
121000038,595,1135,-540
121000039,361,472,-111
121000041,728,577,151
121000042,343,421,-78
121000043,790,668,122
121000044,1484,977,507
121000045,513,344,169
121000046,936,1201,-265
121000047,76,127,-51
121000049,1695,766,929
121000050,416,1234,-818
121000051,628,351,277
121000052,454,764,-310
121000053,537,148,389
121000054,73,454,-381
121000055,1267,1359,-92
121000056,837,1142,-305
121000057,482,604,-122
121000058,440,244,196
121000059,2748,1585,1163
121000060,814,1096,-282
121000061,133,470,-337
121000062,254,469,-215
121000063,989,850,139
121000064,939,1028,-89
121000065,518,538,-20
121000066,769,676,93
121000067,678,736,-58
121000068,902,485,417
121000069,633,950,-317
121000070,2306,1479,827
121000071,1752,1450,302
121000072,1768,851,917
121000073,1200,1028,172
121000074,173,188,-15
121000075,64,442,-378
121000076,1090,493,597
121000077,163,227,-64
121000078,126,205,-79
121000080,2281,723,1558
121000081,4830,3612,1218
121000082,97,333,-236
121000083,221,155,66
121000084,212,206,6
121000085,413,525,-112
121000086,347,910,-563
121000087,53,352,-299
121000088,496,692,-196
121000089,469,432,37
121000090,494,454,40
121000091,1521,1062,459
121000092,214,107,107
121000093,180,248,-68
121000094,645,906,-261
121000095,440,830,-390
121000096,2660,2570,90
121000097,1202,2311,-1109
121000098,737,1255,-518
121000099,694,912,-218
121000100,1051,445,606
121000101,332,367,-35
121000102,301,330,-29
121000103,253,305,-52
121000104,272,172,100
121000105,556,332,224
121000106,394,458,-64
121000107,2083,3204,-1121
121000109,1353,1270,83
121000110,451,718,-267
121000114,3134,2238,896
121000115,1046,712,334
121000116,275,1032,-757
121000117,814,220,594
121000118,1659,224,1435
121000119,301,526,-225
121000120,325,542,-217
121000121,681,1604,-923
121000123,1769,1003,766
121000126,87,362,-275
121000127,195,102,93
121000128,1180,482,698
121000129,910,658,252
121000130,667,893,-226
121000131,3165,2215,950
121000132,2186,2168,18
121000135,721,1039,-318
121000136,1537,1343,194
121000137,612,458,154
121000138,1139,1783,-644
121000139,670,632,38
121000141,205,192,13
121000142,744,943,-199
121000143,200,31,169
121000144,1232,2126,-894
121000145,822,1184,-362
121000146,1417,1136,281
121000147,1105,532,573
121000148,984,1215,-231
121000149,2334,1385,949
121000152,484,544,-60
121000153,2135,691,1444
121000154,1149,636,513
121000155,1686,1147,539
121000156,566,1034,-468
121000157,1261,2054,-793
121000158,458,528,-70
121000159,260,427,-167
121000160,334,454,-120
121000161,249,361,-112
121000162,117,231,-114
121000165,1947,1966,-19
121000166,24,489,-465
121000168,390,292,98
121000169,88,222,-134
121000170,439,98,341
121000171,118,231,-113
121000172,803,641,162
121000173,1583,1307,276
121000174,378,450,-72
121000175,1025,471,554
121000176,444,294,150
121000177,1056,780,276
121000178,124,77,47
121000179,91,86,5
121000181,509,453,56
121000182,221,320,-99
121000183,88,115,-27
121000184,164,153,11
121000185,64,217,-153
121000186,277,709,-432
121000187,202,182,20
121000188,233,201,32
121000192,1063,483,580
121000193,649,618,31
121000194,2578,2408,170
121000195,290,933,-643
121000196,737,282,455
121000197,255,806,-551
121000198,219,150,69
121000199,175,432,-257
121000200,657,95,562
121000201,9,237,-228
121000202,934,168,766
121000203,893,2012,-1119
121000204,2860,853,2007
121000205,220,389,-169
121000206,269,77,192
121000207,2200,439,1761
121000208,7,284,-277
121000209,482,267,215
121000210,633,402,231
121000211,314,138,176
121000212,407,724,-317
121000213,10802,3177,7625
121000214,890,2329,-1439
121000215,1070,1005,65
121000216,638,718,-80
121000217,4366,2526,1840
121000218,390,1746,-1356
121000219,1648,472,1176
121000220,217,80,137
121000221,142,266,-124
121000222,2612,2855,-243
121000223,662,443,219
121000224,321,275,46
121000225,1079,1956,-877
121000226,2696,1095,1601
121000227,13,144,-131
121000228,22,474,-452
121000229,316,329,-13
121000230,55,1490,-1435
121000231,899,32,867
121000232,366,329,37
121000233,538,363,175
121000234,27,37,-10
121000235,71,89,-18
121000236,15,52,-37
121000237,42,25,17
121000238,4,68,-64
121000239,72,10,62
121000240,13,174,-161
121000241,91,14,77
121000242,77,313,-236
121000243,622,264,358
121000244,15,90,-75
121000245,110,53,57
121000246,0,120,-120
121000247,90,10,80
121000248,1995,644,1351
121000249,130,297,-167
121000250,689,247,442
121000251,20,378,-358
121000252,114,78,36
121000253,382,470,-88
121000254,616,190,426
121000255,204,267,-63
121000256,344,221,123
121000257,56,98,-42
121000258,187,80,107
121000259,76,59,17
121000260,76,108,-32
121000261,106,86,20
121000262,1023,749,274
121000263,552,479,73
121000271,346,1509,-1163
121000273,35,6,29
121000274,15,49,-34
121000275,3,15,-12
121000276,5,17,-12
121000278,50,46,4
121000279,33,31,2
121000280,39,39,0
121000289,186,18,168
121000290,1340,1080,260
121000294,161,184,-23
121000297,1035,1128,-93
121000299,193,517,-324
121000300,1035,648,387
121000302,58,1311,-1253
121000303,560,368,192
121000304,471,64,407
121000305,194,57,137
121000306,108,129,-21
121000308,169,391,-222
121000309,331,527,-196
121000310,116,396,-280
121000311,71,753,-682
121000312,488,269,219
121000313,383,481,-98
121000314,113,134,-21
121000315,34,122,-88
121000530,1540,1339,201
121000531,1515,1514,1
121000532,7153,8261,-1108
121000533,3640,3999,-359
121000918,85,155,-70
121000919,45,82,-37
121000938,166,220,-54
121000939,144,282,-138
121000956,1417,1374,43
121000957,8,23,-15
121000958,72,114,-42
121000959,854,832,22
121000960,1636,1946,-310
121000961,295,282,13
121000962,409,555,-146
121000963,0,0,0
121000973,0,190,-190
121000976,13,301,-288
121000979,699,228,471
121000981,484,441,43
121000982,298,212,86
121000983,493,468,25
121000984,34,70,-36
121000985,752,587,165
121000986,329,234,95
121000987,243,822,-579
121000988,778,146,632
121001302,273,96,177
121001308,1,22,-21
121001309,90,107,-17
121001313,261,199,62
121001314,2443,2782,-339
121001315,5102,3282,1820
121900001,111,223,-112
121900002,32,36,-4
121900003,523,24,499
121900004,127,457,-330
121900005,43,6,37
121900006,114,22,92
121900007,2277,2121,156
121900008,972,663,309
121900009,701,21,680
121900010,254,6,248
121900011,412,444,-32
121900012,11,0,11
121900013,1459,124,1335
121900014,1421,397,1024
121900015,286,288,-2
121900016,4,43,-39
121900017,581,529,52
121900018,326,13,313
121900019,585,269,316
121900020,35,4,31
121900021,1015,20,995
121900022,443,290,153
121900023,195,411,-216
121900024,415,90,325
121900025,690,511,179
121900026,363,47,316
121900027,508,235,273
121900028,329,17,312
121900029,136,206,-70
121900030,551,570,-19
121900031,1012,6703,-5691
121900032,206,98,108
121900033,217,250,-33
121900034,246,88,158
121900035,3530,2413,1117
121900036,98,455,-357
121900037,175,1317,-1142
121900038,62,135,-73
121900039,469,81,388
121900040,190,141,49
121900041,147,274,-127
121900042,429,291,138
121900043,10,6,4
121900044,199,78,121
121900046,392,476,-84
121900047,235,83,152
121900048,57,134,-77
121900050,59,67,-8
121900051,179,224,-45
121900052,187,39,148
121900053,566,321,245
121900054,564,1180,-616
121900055,2,32,-30
121900058,291,207,84
121900059,573,196,377
121900060,199,507,-308
121900061,240,220,20
121900062,179,121,58
121900063,1659,457,1202
121900064,316,672,-356
121900066,96,40,56
121900067,81,65,16
121900069,189,137,52
121900070,372,150,222
121900071,397,320,77
121900072,67,222,-155
121900073,350,248,102
121900074,1008,1174,-166
121900075,575,512,63
121900076,446,727,-281
121900077,19,46,-27
121900078,108,64,44
121900079,2,2,0
121900080,1137,485,652
121900082,104,109,-5
121900084,32,145,-113
121900085,0,10,-10
121900086,10,86,-76
121900087,235,103,132
121900088,2247,3400,-1153
121900089,192,417,-225
121900090,33,93,-60
121900091,82,89,-7
121900092,99,137,-38
121900093,96,59,37
121900094,31,14,17
121900095,287,210,77
121900096,1371,1134,237
121900097,555,297,258
121900098,10,12,-2
121900099,242,92,150
121900100,356,677,-321
121900101,282,157,125
121900102,9,231,-222
121900103,515,291,224
121900104,1581,343,1238
121900105,332,211,121
121900106,9,14,-5
121900107,50,36,14
121900108,0,24,-24
121900109,298,157,141
121900110,504,775,-271
121900111,722,288,434
121900112,182,203,-21
121900113,75,392,-317
121900114,129,100,29
121900117,361,142,219
121900118,2127,641,1486
121900119,175,99,76
121900120,75,1301,-1226
121900121,594,79,515
121900122,30,97,-67
121900123,355,498,-143
121900124,160,184,-24
121900125,2081,1063,1018
121900127,12,142,-130
121900128,107,137,-30
121900129,630,202,428
121900130,120,314,-194
121900131,221,87,134
121900132,71,137,-66
121900133,111,1173,-1062
121900134,23,254,-231
121900135,3587,450,3137
121900136,631,368,263
121900137,66,404,-338
121900138,138,279,-141
121900139,430,639,-209
121900140,94,204,-110
121900141,75,53,22
121900142,250,168,82
121900143,45,218,-173
121900144,159,280,-121
121900145,330,402,-72
121900146,612,921,-309
121900147,52,184,-132
121900148,226,333,-107
121900149,400,631,-231
121900150,84,176,-92
121900151,92,270,-178
121900152,116,156,-40
121900153,140,901,-761
121900154,35,279,-244
121900155,2,226,-224
121900156,318,198,120
121900157,6,396,-390
121900158,94,151,-57
121900159,1,228,-227
121900160,59,261,-202
121900161,439,420,19
121900162,85,231,-146
121900163,244,539,-295
121900164,478,392,86
121900165,395,243,152
121900166,223,206,17
121900167,89,132,-43
121900168,145,265,-120
121900169,5,236,-231
121900170,20,208,-188
121900171,886,667,219
121900172,583,279,304
121900173,1116,326,790
121900174,37,93,-56
121900175,197,253,-56
121900176,583,1457,-874
121900177,263,104,159
121900178,34,37,-3
121900179,459,218,241
121900180,3865,4561,-696
121900182,709,360,349
121900183,725,1640,-915
121900184,95,637,-542
121900186,22,548,-526
121900187,36,208,-172
121900188,621,466,155
121900189,49,125,-76
121900190,388,442,-54
121900191,170,188,-18
121900192,345,894,-549
121900193,45,153,-108
121900194,7,345,-338
121900195,87,104,-17
121900196,1025,1206,-181
121900197,365,1428,-1063
121900198,1365,1145,220
121900199,3,42,-39
121900200,80,301,-221
121900201,1210,858,352
121900202,142,762,-620
121900203,240,1187,-947
121900204,1010,1104,-94
121900205,19,91,-72
121900206,13,72,-59
121900207,170,41,129
121900208,226,396,-170
121900209,112,46,66
121900210,1528,1140,388
121900211,29,115,-86
121900212,220,146,74
121900213,220,84,136
121900214,16,522,-506
121900215,65,125,-60
121900216,58,310,-252
121900217,334,158,176
121900218,276,469,-193
121900220,133,19,114
121900221,366,644,-278
121900222,159,242,-83
121900223,267,68,199
121900224,124,32,92
121900225,136,176,-40
121900226,337,499,-162
121900227,274,657,-383
121900228,217,341,-124
121900230,191,393,-202
121900231,407,2137,-1730
121900232,311,496,-185
121900233,276,247,29
121900234,327,349,-22
121900235,607,249,358
121900236,365,188,177
121900237,202,355,-153
121900238,226,295,-69
121900239,312,43,269
121900240,314,163,151
121900241,72,76,-4
121900242,9,2,7
121900243,15,2,13
121900244,15,4,11
121900245,192,116,76
121900246,2485,319,2166
121900247,312,278,34
121900248,1737,1467,270
121900250,242,304,-62
121900251,516,57,459
121900252,665,183,482
121900253,112,734,-622
121900254,527,364,163
121900255,428,98,330
121900258,4107,2322,1785
121900259,424,586,-162
121900260,143,246,-103
121900261,250,603,-353
121900262,389,1027,-638
121900263,280,260,20
121900264,1771,1412,359
121900265,347,307,40
121900266,496,164,332
121900267,99,49,50
121900269,323,776,-453
121900270,31,206,-175
121900271,52,195,-143
121900273,523,2040,-1517
121900274,341,299,42
121900277,808,1333,-525
121900278,136,1067,-931
121900279,123,221,-98
121900280,207,550,-343
121900281,447,464,-17
121900284,185,9,176
121900286,247,142,105
121900287,28,35,-7
121900288,2,2,0
121900290,287,419,-132
121900291,464,868,-404
121900292,191,135,56
121900293,1184,2826,-1642
121900294,322,3,319
121900295,167,198,-31
121900296,103,306,-203
121900298,325,713,-388
121900299,4,12,-8
121900300,124,20,104
121900301,57,23,34
121900302,10,34,-24
121900303,324,648,-324
121900304,4,14,-10
121900305,8,7,1
121900306,150,0,150
121900307,90,19,71
121900308,51,291,-240
121900309,35,261,-226
121900310,24,418,-394
121900311,426,23,403
121900312,465,20,445
121900313,397,27,370
121900314,4,43,-39
121900315,19,5,14
121900316,0,19,-19
121900317,16,12,4
121900318,1,19,-18
121900319,40,97,-57
121900320,51,62,-11
121900321,7,0,7
121900322,3,12,-9
121900323,20,33,-13
121900324,4,60,-56
121900325,13,0,13
121900326,6,21,-15
121900327,2,55,-53
121900328,0,24,-24
121900329,1,128,-127
121900330,2,39,-37
121900331,138,63,75
121900332,84,22,62
121900333,26,0,26
122000001,2469,5320,-2851
122000002,4241,1739,2502
122000003,2379,2901,-522
122000004,3209,1819,1390
122000005,3128,2003,1125
122000006,1810,1083,727
122000007,1224,1922,-698
122000008,3851,5065,-1214
122000009,482,459,23
122000010,2383,3266,-883
122000011,3879,1688,2191
122000012,1341,2054,-713
122000013,1590,1082,508
122000014,1642,1289,353
122000015,1586,1369,217
122000016,561,959,-398
122000017,1444,1155,289
122000018,1532,1521,11
122000019,875,1174,-299
122000020,270,274,-4
122000021,243,468,-225
122000022,1367,1005,362
122000023,747,1891,-1144
122000024,861,1610,-749
122000025,1251,2010,-759
122000026,1097,1233,-136
122000027,736,2131,-1395
122000028,1091,551,540
122000029,578,566,12
122000030,348,171,177
122000031,181,344,-163
122000032,1968,2057,-89
122000033,780,1560,-780
122000034,723,795,-72
122000035,356,927,-571
122000036,638,621,17
122000037,526,305,221
122000038,324,385,-61
122000039,793,550,243
122000040,342,334,8
122000041,619,648,-29
122000042,393,480,-87
122000043,163,141,22
122000044,135,172,-37
122000045,1403,575,828
122000046,811,768,43
122000047,335,308,27
122000048,3703,4590,-887
122000049,6569,3752,2817
122000050,1408,884,524
122000051,398,390,8
122000052,586,476,110
122000053,214,931,-717
122000054,2696,2184,512
122000055,2438,3500,-1062
122000056,5125,3744,1381
122000057,3762,4077,-315
122000058,2509,1514,995
122000059,3184,2075,1109
122000060,760,813,-53
122000061,621,594,27
122000062,1034,392,642
122000063,1417,770,647
122000064,3429,3247,182
122000065,4264,2696,1568
122000066,1229,1240,-11
122000067,1703,1281,422
122000068,1533,1134,399
122000069,779,842,-63
122000070,910,1635,-725
122000071,1929,1258,671
122000072,439,539,-100
122000073,462,946,-484
122000074,2890,1914,976
122000075,912,1284,-372
122000076,2900,1424,1476
122000077,1286,986,300
122000078,2291,2919,-628
122000079,1178,1607,-429
122000080,846,524,322
122000081,233,338,-105
122000082,732,1102,-370
122000083,1738,1880,-142
122000084,1626,996,630
122000085,322,1217,-895
122000086,2527,5622,-3095
122000087,536,275,261
122000088,414,618,-204
122000089,5788,2615,3173
122000090,312,511,-199
122000091,241,106,135
122000092,186,31,155
122000093,1872,2215,-343
122000094,6498,3202,3296
122000095,3362,4547,-1185
122000096,2883,2155,728
122000098,3887,2825,1062
122000099,1797,758,1039
122000100,1282,614,668
122000101,471,636,-165
122000102,2240,1368,872
122000103,2314,1974,340
122000104,425,199,226
122000105,560,341,219
122000106,575,665,-90
122000107,1028,478,550
122000108,517,786,-269
122000109,602,356,246
122000110,574,556,18
122000111,3256,1429,1827
122000112,1109,1502,-393
122000113,777,718,59
122000114,3120,1489,1631
122000115,1949,1382,567
122000116,606,643,-37
122000117,1465,517,948
122000118,744,1038,-294
122000119,4171,3005,1166
122000120,2391,5498,-3107
122000121,2321,3674,-1353
122000122,785,1885,-1100
122000123,1947,1991,-44
122000124,1146,658,488
122000125,703,845,-142
122000126,747,1266,-519
122000127,1212,1516,-304
122000128,544,880,-336
122000129,594,1500,-906
122000130,3518,1494,2024
122000131,1604,1555,49
122000132,737,779,-42
122000133,1043,1694,-651
122000134,946,891,55
122000135,805,868,-63
122000136,865,740,125
122000137,1945,1015,930
122000139,1377,3776,-2399
122000140,942,780,162
122000141,4636,1384,3252
122000142,442,928,-486
122000143,541,645,-104
122000144,1533,1619,-86
122000145,1506,943,563
122000146,1000,1680,-680
122000147,713,586,127
122000148,1815,2626,-811
122000149,2469,1873,596
122000150,1312,1132,180
122000151,242,431,-189
122000152,386,499,-113
122000153,389,398,-9
122000154,284,265,19
122000155,1652,2586,-934
122000156,2661,3011,-350
122000157,1503,2752,-1249
122000158,436,758,-322
122000159,863,2010,-1147
122000160,4301,2893,1408
122000161,1379,1330,49
122000162,2573,2092,481
122000163,280,124,156
122000164,41,95,-54
122000165,935,714,221
122000166,887,1119,-232
122000167,262,251,11
122000168,235,641,-406
122000169,467,180,287
122000170,429,302,127
122000171,53,101,-48
122000172,2018,1511,507
122000173,1690,2507,-817
122000174,2321,1045,1276
122000175,1194,342,852
122000176,381,793,-412
122000177,1658,1721,-63
122000178,3118,2365,753
122000179,1687,2614,-927
122000180,2025,1512,513
122000181,1820,3320,-1500
122000182,1984,1807,177
122000183,2275,1006,1269
122000184,3233,2528,705
122000185,1705,1901,-196
122000186,546,839,-293
122000187,1756,1022,734
122000188,597,271,326
122000189,331,322,9
122000190,1234,1213,21
122000191,1018,807,211
122000192,1192,437,755
122000193,514,896,-382
122000194,581,214,367
122000195,201,606,-405
122000196,1190,816,374
122000197,595,824,-229
122000198,614,972,-358
122000199,393,367,26
122000200,1207,720,487
122000201,1567,1694,-127
122000202,1507,1681,-174
122000203,3018,1534,1484
122000204,1834,2171,-337
122000205,1474,1694,-220
122000206,2339,1098,1241
122000207,2086,1617,469
122000208,2376,1505,871
122000209,1971,425,1546
122000210,2194,1908,286
122000211,1386,1497,-111
122000212,841,479,362
122000213,1211,1404,-193
122000214,2386,1898,488
122000215,2390,1705,685
122000217,2076,1634,442
122000218,837,89,748
122000219,1418,1040,378
122000220,515,852,-337
122000221,69,482,-413
122000222,673,156,517
122000223,1579,646,933
122000225,832,349,483
122000226,2007,2072,-65
122000227,410,2410,-2000
122000228,456,488,-32
122000229,60,506,-446
122000230,406,589,-183
122000231,413,824,-411
122000232,669,1090,-421
122000233,1,141,-140
122000234,362,77,285
122000235,541,170,371
122000236,1210,114,1096
122000237,96,105,-9
122000238,720,322,398
122000239,694,150,544
122000240,1234,721,513
122000241,1820,581,1239
122000242,936,167,769
122000243,281,59,222
122000244,58,505,-447
122000245,176,243,-67
122000246,305,200,105
122000247,654,707,-53
122000248,1269,1721,-452
122000249,1342,866,476
122000250,2481,1083,1398
122000251,312,460,-148
122000252,612,162,450
122000253,137,341,-204
122000254,457,113,344
122000255,819,1798,-979
122000256,423,1000,-577
122000257,225,321,-96
122000258,311,297,14
122000259,15,483,-468
122000260,4,84,-80
122000261,15,233,-218
122000262,2,50,-48
122000263,458,154,304
122000264,1414,357,1057
122000265,2447,912,1535
122000266,4633,713,3920
122000267,365,132,233
122000268,200,340,-140
122000269,910,392,518
122000270,637,225,412
122000271,264,1085,-821
122000272,298,959,-661
122000273,438,478,-40
122000274,279,180,99
122000275,231,178,53
122000276,710,736,-26
122000277,1525,1931,-406
122000278,1648,821,827
122000279,298,516,-218
122000280,1013,759,254
122000281,1033,778,255
122000282,306,707,-401
122000283,335,218,117
122000284,342,116,226
122000285,375,126,249
122000286,61,179,-118
122000287,1245,1612,-367
122000288,468,328,140
122000291,2114,760,1354
122000293,341,319,22
122000294,149,273,-124
122000295,1482,232,1250
122000296,42,502,-460
122000297,2859,3125,-266
122000299,550,530,20
122000300,558,576,-18
122000301,9758,3452,6306
122000302,611,1596,-985
122000303,3130,1332,1798
122000304,84,197,-113
122000305,1175,324,851
122000306,53,597,-544
122000307,153,136,17
122000309,89,56,33
122000310,31,129,-98
122000311,256,151,105
122000312,129,179,-50
122000313,131,93,38
122000314,150,261,-111
122000315,340,80,260
122000316,890,232,658
122000317,1786,310,1476
122000318,415,943,-528
122000319,204,372,-168
122000320,310,1142,-832
122000321,114,176,-62
122000322,2658,2474,184
122000323,1602,2408,-806
122000324,1202,1320,-118
122000325,1111,1964,-853
122000326,100,103,-3
122000327,452,838,-386
122000328,1000,798,202
122000330,2434,1016,1418
122000332,223,368,-145
122000333,14,98,-84
122000337,1062,1387,-325
122000338,534,495,39
122000340,419,605,-186
122000342,1838,964,874
122000343,522,1364,-842
122000344,92,23,69
122000345,32,44,-12
122000346,362,496,-134
122000348,906,896,10
122000349,166,813,-647
122000351,130,216,-86
122000352,348,195,153
122000353,116,92,24
122000355,184,289,-105
122000356,1302,1375,-73
122000357,74,29,45
122000358,0,66,-66
122000359,0,25,-25
122000360,0,66,-66
122000362,15,71,-56
122000364,167,435,-268
122000365,0,52,-52
122000366,16,11,5
122000368,456,798,-342
122000370,49,66,-17
122000371,29,0,29
122000372,7,3,4
122000381,111,363,-252
122000382,123,215,-92
122000384,2875,1272,1603
122000385,77,0,77
122000386,395,1459,-1064
122000387,554,786,-232
122000388,1471,747,724
122000389,168,701,-533
122000390,428,263,165
122000391,425,385,40
122000392,196,218,-22
122000393,40,173,-133
122000394,722,243,479
122000395,152,172,-20
122000396,349,131,218
122000397,36,81,-45
122000398,50,67,-17
122000399,124,75,49
122000400,177,615,-438
122000401,156,65,91
122000402,296,131,165
122000403,534,820,-286
122000404,255,249,6
122000408,942,1252,-310
122000503,16,118,-102
122000524,249,176,73
122000544,98,2242,-2144
122000616,359,3,356
122000640,108,92,16
122000641,125,291,-166
122000642,1156,1008,148
122000643,49,180,-131
122000644,189,61,128
122000645,149,156,-7
122000651,1539,1069,470
122000664,136,45,91
122000665,1389,650,739
122000666,799,1219,-420
122000673,28,243,-215
122000674,148,88,60
122000675,1737,800,937
122000686,485,1141,-656
122000687,1554,379,1175
122000688,472,587,-115
122000689,936,462,474
122000690,2276,497,1779
122000691,1191,1472,-281
122000692,1707,517,1190
122000693,482,1999,-1517
122000695,301,403,-102
122000696,456,317,139
122000698,418,618,-200
122000699,221,138,83
122000701,1372,347,1025
122000702,536,1164,-628
122000703,180,84,96
122000717,58,53,5
122000718,207,818,-611
122000719,94,98,-4
122000720,434,211,223
122000724,104,26,78
122900001,52,17,35
122900002,1285,5310,-4025
122900003,435,45,390
122900004,1606,80,1526
122900005,162,111,51
122900006,729,724,5
122900007,118,97,21
122900008,561,189,372
122900009,791,495,296
122900010,363,154,209
122900012,241,564,-323
122900014,188,278,-90
122900015,2178,1239,939
122900016,157,313,-156
122900017,368,1105,-737
122900018,188,24,164
122900019,10,113,-103
122900020,203,467,-264
122900021,29,459,-430
122900022,1089,1031,58
122900023,494,317,177
122900024,161,165,-4
122900025,7,408,-401
122900026,83,315,-232
122900027,64,620,-556
122900028,128,219,-91
122900029,4666,3232,1434
122900030,1093,668,425
122900031,92,282,-190
122900032,137,455,-318
122900033,208,169,39
122900034,4760,5327,-567
122900035,82,68,14
122900036,83,149,-66
122900037,500,163,337
122900038,156,2710,-2554
122900039,106,542,-436
122900040,254,510,-256
122900041,358,376,-18
122900042,231,308,-77
122900043,436,284,152
122900044,166,384,-218
122900045,126,113,13
122900046,233,339,-106
122900047,154,226,-72
122900048,100,209,-109
122900049,1501,193,1308
122900051,96,173,-77
122900052,102,158,-56
122900053,27,39,-12
122900055,450,113,337
122900057,242,105,137
122900061,481,200,281
122900062,667,648,19
122900063,203,261,-58
122900064,954,485,469
122900065,619,297,322
122900066,731,444,287
122900067,1312,784,528
122900068,140,342,-202
122900069,372,1406,-1034
122900070,444,69,375
122900071,138,387,-249
122900072,7,425,-418
122900073,45,211,-166
122900074,808,681,127
122900075,0,69,-69
122900076,12,184,-172
122900077,1,154,-153
122900078,235,105,130
122900080,64,32,32
122900081,240,207,33
122900082,889,482,407
122900083,153,228,-75
122900084,14,298,-284
122900086,12,109,-97
122900087,328,540,-212
122900088,73,251,-178
122900089,87,290,-203
122900090,6,391,-385
122900091,240,0,240
122900092,0,193,-193
122900093,1,227,-226
122900094,7,219,-212
122900095,157,9,148
122900096,278,181,97
122900097,30,45,-15
122900098,80,161,-81
122900099,74,15,59
122900100,244,359,-115
122900101,636,339,297
122900102,24,27,-3
122900103,142,7,135
122900104,170,14,156
122900105,19,16,3
122900106,8,89,-81
122900107,8,179,-171
122900108,3,147,-144
123000001,1511,533,978
123000002,4060,5505,-1445
123000003,3881,4275,-394
123000004,3058,3915,-857
123000005,2635,2894,-259
123000006,2407,2500,-93
123000007,4308,2779,1529
123000008,2979,3309,-330
123000009,4800,3011,1789
123000010,3395,3487,-92
123000011,2437,885,1552
123000012,889,2214,-1325
123000013,3556,997,2559
123000014,1004,3511,-2507
123000015,3955,1394,2561
123000016,4906,5019,-113
123000017,3415,1848,1567
123000018,57,103,-46
123000019,322,140,182
123000020,195,88,107
123000021,134,256,-122
123000022,430,1969,-1539
123000023,1684,1814,-130
123000024,1615,654,961
123000025,116,141,-25
123000026,36,53,-17
123000027,297,732,-435
123000028,1690,993,697
123000029,1194,1581,-387
123000030,259,333,-74
123000031,295,259,36
123000032,441,167,274
123000033,274,79,195
123000034,1075,860,215
123000035,430,407,23
123000036,279,989,-710
123000037,273,329,-56
123000038,125,240,-115
123000039,373,1631,-1258
123000040,844,358,486
123000041,1214,1231,-17
123000042,1103,740,363
123000043,3287,9728,-6441
123000044,5200,2860,2340
123000045,8266,3515,4751
123000046,906,1794,-888
123000047,2268,1152,1116
123000048,124,888,-764
123000049,7157,10254,-3097
123000050,1611,1706,-95
123000051,158,256,-98
123000052,844,3558,-2714
123000053,2793,3595,-802
123000054,1584,1861,-277
123000055,1540,2445,-905
123000056,1245,1858,-613
123000057,12825,7856,4969
123000058,763,1183,-420
123000059,469,618,-149
123000060,837,432,405
123000061,272,733,-461
123000063,864,955,-91
123000064,1083,296,787
123000065,5169,2964,2205
123000066,753,608,145
123000067,861,670,191
123000068,2750,2992,-242
123000069,6729,3295,3434
123000070,258,709,-451
123000071,1107,954,153
123000072,1144,977,167
123000073,1237,725,512
123000074,1118,1150,-32
123000075,411,1135,-724
123000076,916,689,227
123000077,2073,2631,-558
123000078,1661,1697,-36
123000079,1657,1848,-191
123000080,2490,1673,817
123000081,176,391,-215
123000082,371,1084,-713
123000083,1067,284,783
123000084,785,584,201
123000085,298,93,205
123000086,598,206,392
123000087,462,341,121
123000088,1408,695,713
123000089,542,1133,-591
123000090,1300,905,395
123000091,1720,1453,267
123000092,1043,1143,-100
123000094,616,258,358
123000095,568,695,-127
123000096,694,351,343
123000097,436,688,-252
123000098,921,635,286
123000099,674,795,-121
123000100,510,760,-250
123000101,622,837,-215
123000102,569,711,-142
123000104,450,460,-10
123000105,721,540,181
123000106,500,412,88
123000107,383,510,-127
123000108,719,1087,-368
123000111,917,356,561
123000112,1364,552,812
123000113,574,1365,-791
123000114,439,603,-164
123000115,335,291,44
123000116,69,94,-25
123000117,1745,2045,-300
123000118,502,897,-395
123000119,287,854,-567
123000120,344,874,-530
123000121,524,636,-112
123000122,366,309,57
123000123,460,525,-65
123000124,544,430,114
123000125,1256,1246,10
123000126,1360,4625,-3265
123000127,764,675,89
123000128,387,342,45
123000129,712,239,473
123000130,639,105,534
123000131,922,620,302
123000132,414,791,-377
123000133,276,402,-126
123000134,407,178,229
123000135,2503,1232,1271
123000136,230,742,-512
123000137,110,281,-171
123000138,124,457,-333
123000139,554,129,425
123000140,150,795,-645
123000141,986,188,798
123000142,1065,1127,-62
123000143,1059,1908,-849
123000144,57,44,13
123000145,205,220,-15
123000146,78,79,-1
123000147,89,133,-44
123000149,387,474,-87
123000150,192,281,-89
123000151,318,528,-210
123000152,196,474,-278
123000153,334,790,-456
123000154,2017,2182,-165
123000155,2386,1495,891
123000156,56,119,-63
123000157,636,1014,-378
123000158,744,821,-77
123000159,3334,2681,653
123000160,1074,888,186
123000161,1913,1311,602
123000162,1033,1646,-613
123000163,575,120,455
123000164,1602,366,1236
123000165,562,1512,-950
123000166,60,169,-109
123000167,166,292,-126
123000168,281,240,41
123000169,799,153,646
123000170,92,191,-99
123000171,743,31,712
123000172,264,556,-292
123000173,646,289,357
123000174,1198,457,741
123000175,701,1248,-547
123000176,1019,264,755
123000177,362,915,-553
123000178,778,199,579
123000179,65,546,-481
123000180,1715,382,1333
123000181,315,1231,-916
123000182,282,446,-164
123000183,197,479,-282
123000184,170,559,-389
123000185,816,388,428
123000186,8,647,-639
123000187,549,9,540
123000188,231,1,230
123000189,179,176,3
123000190,54,89,-35
123000192,24,385,-361
123000193,102,961,-859
123000194,462,360,102
123000195,337,63,274
123000196,425,30,395
123000197,97,122,-25
123000198,54,461,-407
123000199,14,673,-659
123000200,578,8,570
123000201,1128,26,1102
123000202,12,1033,-1021
123000203,1205,97,1108
123000204,92,1042,-950
123000205,702,1638,-936
123000206,2516,289,2227
123000207,65,764,-699
123000208,540,258,282
123000209,2244,717,1527
123000210,518,1899,-1381
123000211,534,2276,-1742
123000212,3259,616,2643
123000213,736,117,619
123000215,94,287,-193
123000216,232,1317,-1085
123000217,246,52,194
123000218,116,809,-693
123000219,1006,101,905
123000220,539,107,432
123000221,201,142,59
123000222,502,486,16
123000223,412,395,17
123000224,540,491,49
123000225,354,74,280
123000226,81,413,-332
123000227,95,372,-277
123000228,287,53,234
123000229,1052,1438,-386
123000232,111,633,-522
123000233,836,167,669
123000234,201,610,-409
123000235,1161,390,771
123000236,324,744,-420
123000237,304,103,201
123000238,103,476,-373
123000239,508,1393,-885
123000240,71,466,-395
123000241,508,92,416
123000242,188,221,-33
123000243,710,1010,-300
123000244,1108,801,307
123000245,91,165,-74
123000249,616,658,-42
123000252,905,276,629
123000253,1252,622,630
123000254,755,1037,-282
123000255,1442,1159,283
123000256,37,245,-208
123000257,2755,1875,880
123000258,1029,900,129
123000259,459,430,29
123000260,514,436,78
123000261,314,205,109
123000262,116,162,-46
123000263,432,114,318
123000264,204,103,101
123000265,51,146,-95
123000266,635,841,-206
123000267,733,441,292
123000268,64,64,0
123000269,89,67,22
123000270,32,67,-35
123000271,63,70,-7
123000272,914,333,581
123000273,283,615,-332
123000274,1186,655,531
123000275,411,933,-522
123000278,2737,2592,145
123000279,111,112,-1
123000280,328,392,-64
123000281,351,102,249
123000282,176,300,-124
123000283,133,60,73
123000284,98,96,2
123000286,268,379,-111
123000287,600,291,309
123000288,1569,906,663
123000289,466,971,-505
123000291,341,915,-574
123000294,204,299,-95
123000295,1136,933,203
123000296,731,402,329
123000297,608,619,-11
123000298,777,571,206
123000299,68,193,-125
123000300,1057,870,187
123000301,123,267,-144
123000302,105,180,-75
123000303,137,211,-74
123000305,895,959,-64
123000306,205,139,66
123000309,60,67,-7
123000310,36,35,1
123000311,0,84,-84
123000312,635,749,-114
123000313,565,365,200
123000315,160,318,-158
123000316,1173,94,1079
123000317,181,93,88
123000318,66,221,-155
123000329,10,20,-10
123000337,978,382,596
123000338,393,66,327
123000339,272,184,88
123000340,143,409,-266
123000342,23,33,-10
123000343,55,17,38
123000344,1209,471,738
123000345,386,681,-295
123000346,343,73,270
123000352,1411,890,521
123000353,62,103,-41
123000354,325,7,318
123000355,2,317,-315
123000356,464,11,453
123000357,0,144,-144
123000359,5,162,-157
123000360,233,71,162
123000361,303,301,2
123000362,391,132,259
123000363,117,242,-125
123000364,460,493,-33
123000365,20,438,-418
123000366,492,2040,-1548
123000367,380,1115,-735
123000370,68,452,-384
123000371,654,61,593
123000372,361,43,318
123000373,15,401,-386
123000374,52,184,-132
123000375,502,71,431
123000376,1062,714,348
123000377,396,23,373
123000378,14,318,-304
123000379,14,267,-253
123000380,69,477,-408
123000381,158,134,24
123000382,1450,133,1317
123000383,176,1254,-1078
123000384,513,131,382
123000385,142,555,-413
123000436,49,1130,-1081
123000507,132,231,-99
123000508,164,1126,-962
123000517,323,30,293
123000518,35,243,-208
123000519,174,56,118
123000520,89,245,-156
123000521,380,76,304
123000522,167,363,-196
123000541,6,2,4
123000542,0,14,-14
123000565,680,39,641
123000566,267,485,-218
123000567,105,176,-71
123000573,36,823,-787
123000574,713,73,640
123000575,1466,1149,317
123000576,884,1456,-572
123000577,85,752,-667
123000578,545,117,428
123000579,2689,5886,-3197
123000580,124,45,79
123000582,407,42,365
123000583,17,370,-353
123000584,183,298,-115
123000585,0,113,-113
123000586,102,0,102
123000596,64,86,-22
123000597,74,122,-48
123000602,47,7,40
123000603,850,603,247
123000604,551,722,-171
123000605,834,117,717
123000606,2,420,-418
123000609,24,361,-337
123000610,212,136,76
123000613,22,175,-153
123000614,232,66,166
123000615,36,67,-31
123000616,766,75,691
123000617,127,372,-245
123000618,71,722,-651
123000619,570,72,498
123000620,18,470,-452
123000622,420,29,391
123000624,130,45,85
123000630,954,459,495
123000631,278,1107,-829
123000632,777,851,-74
123000633,2,174,-172
123000634,51,128,-77
123000635,158,110,48
123000636,37,647,-610
123000637,215,88,127
123000638,517,50,467
123000639,1193,4162,-2969
123000640,25,612,-587
123000648,225,105,120
123000649,53,429,-376
123900001,1368,74,1294
123900002,35,1238,-1203
123900003,260,418,-158
123900005,233,168,65
123900006,302,32,270
124000001,2000,161,1839
124000002,81,1794,-1713
124000003,838,185,653
124000004,76,553,-477
124000005,1043,451,592
124000006,268,980,-712
124000007,447,89,358
124000008,10,477,-467
124000009,577,233,344
124000010,189,432,-243
124000011,961,329,632
124000012,341,543,-202
124000017,173,141,32
124000018,114,85,29
124000019,140,139,1
124000020,53,189,-136
124000021,127,90,37
124000022,95,175,-80
124000023,1403,1724,-321
124000024,992,515,477
124000025,1331,1978,-647
124000026,1136,1163,-27
124000027,5096,5311,-215
124000028,2209,4569,-2360
124000030,2712,1472,1240
124000031,1200,2922,-1722
124000032,2387,846,1541
124000033,524,377,147
124000034,1085,693,392
124000035,239,235,4
124000036,117,438,-321
124000037,727,1199,-472
124000038,55,190,-135
124000039,1054,475,579
124000040,653,1297,-644
124000041,396,72,324
124000042,91,480,-389
124000043,150,115,35
124000044,102,200,-98
124000045,1003,615,388
124000046,459,747,-288
124000047,1737,796,941
124000048,1061,1473,-412
124000049,1791,647,1144
124000050,804,1723,-919
124000051,1030,563,467
124000052,735,968,-233
124000053,568,1538,-970
124000054,951,595,356
124000055,1433,2609,-1176
124000056,2381,1334,1047
124000057,1005,583,422
124000058,528,1087,-559
124000059,667,1265,-598
124000060,1174,705,469
124000061,1447,5365,-3918
124000062,4365,1983,2382
124000063,1239,1720,-481
124000064,2152,1358,794
124000065,128,392,-264
124000066,159,67,92
124000067,243,174,69
124000068,132,157,-25
124000069,812,167,645
124000070,314,480,-166
124000071,394,88,306
124000072,235,427,-192
124000073,984,244,740
124000074,329,770,-441
124000075,379,21,358
124000076,6,178,-172
124000077,1492,1148,344
124000078,2976,1247,1729
124000079,414,1552,-1138
124000080,485,207,278
124000081,206,561,-355
124000082,34,163,-129
124000083,67,83,-16
124000084,84,455,-371
124000085,96,67,29
124000086,121,117,4
124000087,139,115,24
124000088,231,501,-270
124000089,1026,360,666
124000090,147,385,-238
124000091,565,139,426
124000092,114,599,-485
124000093,118,89,29
124000094,214,538,-324
124000095,119,67,52
124000096,169,316,-147
124000097,118,93,25
124000098,52,86,-34
124000099,323,128,195
124000100,88,145,-57
124000101,85,81,4
124000102,136,66,70
124000103,129,93,36
124000104,107,30,77
124000105,97,119,-22
124000106,170,51,119
124000107,24,163,-139
124000108,47,25,22
124000109,127,112,15
124000110,232,110,122
124000111,214,124,90
124000112,753,688,65
124000113,99,88,11
124000114,282,451,-169
124000115,420,640,-220
124000116,144,143,1
124000117,54,105,-51
124000118,58,70,-12
124000119,955,521,434
124000120,571,480,91
124000121,1392,733,659
124000122,605,1210,-605
124000123,1023,480,543
124000124,416,1127,-711
124000125,509,560,-51
124000126,276,630,-354
124000127,906,392,514
124000128,605,973,-368
124000129,2214,1725,489
124000130,897,796,101
124000131,905,661,244
124000132,916,868,48
124000133,858,800,58
124000134,984,652,332
124000135,1875,1904,-29
124000136,1024,996,28
124000137,1433,1063,370
124000138,2229,1466,763
124000139,670,40,630
124000140,36,499,-463
124000141,124,18,106
124000142,28,160,-132
124000143,56,22,34
124000144,25,64,-39
124000145,109,70,39
124000146,27,95,-68
124000148,18,100,-82
124000149,1161,493,668
124000150,376,657,-281
124000151,983,456,527
124000152,816,1297,-481
124000153,1007,819,188
124000154,600,745,-145
124000155,1618,1125,493
124000156,1710,1179,531
124000169,204,418,-214
124000170,565,539,26
124000171,279,298,-19
124000172,387,563,-176
124000173,486,249,237
124000174,444,568,-124
124000175,6,143,-137
124000176,53,9,44
124000177,8,39,-31
124000178,98,57,41
124000190,139,59,80
124000191,139,191,-52
124000192,1812,382,1430
124000193,431,1061,-630
124000194,502,475,27
124000195,244,639,-395
124000196,1133,1030,103
124000197,36,57,-21
124000198,33,52,-19
124000201,362,963,-601
124000202,600,498,102
124000203,471,503,-32
124000204,830,389,441
124000205,141,413,-272
124000206,737,366,371
124000207,0,50,-50
124000209,234,373,-139
124000210,461,271,190
124000211,759,4,755
124000212,2,340,-338
124000213,430,317,113
124000214,379,585,-206
124000215,352,23,329
124000216,5,362,-357
124000329,169,1450,-1281
124000338,409,768,-359
124000339,1005,150,855
124000341,1327,120,1207
124000344,38,26,12
124000357,1124,2207,-1083
124000358,869,1371,-502
124000359,1151,656,495
124000360,741,516,225
124000361,1819,841,978
124000362,1181,1736,-555
124000363,274,318,-44
124000364,527,725,-198
124000365,611,1078,-467
124000366,1424,962,462
124000367,119,549,-430
124000368,468,460,8
124000369,198,126,72
124000370,73,633,-560
124000402,48,21,27
124000403,123,17,106
124000404,9,91,-82
124000405,1300,878,422
124000406,910,886,24
124000407,1,30,-29
124000411,14,287,-273
124000412,540,20,520
124000413,185,39,146
124000414,65,110,-45
124000415,43,120,-77
124000416,146,198,-52
124000417,183,79,104
124000418,194,114,80
124000419,128,131,-3
124000420,56,69,-13
124000421,78,176,-98
124000422,37,21,16
124000423,120,38,82
124000424,3,70,-67
124000425,81,19,62
124000426,4,55,-51
124000427,63,13,50
124000428,17,52,-35
124000429,122,63,59
124000430,724,470,254
124000431,344,553,-209
124000432,266,810,-544
124000439,4,10,-6
124000443,3,10,-7
124000445,270,907,-637
124000446,1399,154,1245
124900001,613,446,167
124900002,187,345,-158
124900003,1107,643,464
124900004,673,355,318
124900005,253,192,61
124900006,667,311,356
124900008,1220,611,609
124900009,197,378,-181
124900010,249,198,51
124900011,571,273,298
124900012,505,92,413
124900013,551,132,419
124900014,323,56,267
124900015,168,322,-154
124900016,78,96,-18
124900017,542,1428,-886
124900018,49,5,44
124900020,73,46,27
124900021,285,33,252
124900022,52,11,41
124900024,253,7,246
124900026,186,57,129
124900027,133,471,-338
124900028,451,98,353
124900029,15,509,-494
124900030,15,132,-117
124900031,50,296,-246
124900032,306,239,67
124900033,135,337,-202
124900034,16,134,-118
124900035,184,414,-230
124900036,7,82,-75
124900037,229,268,-39
124900038,393,307,86
124900039,2,94,-92
124900040,210,122,88
124900041,295,1215,-920
124900042,125,2,123
124900043,564,1017,-453
124900044,96,2,94
124900045,757,1254,-497
124900046,1069,342,727
124900047,204,223,-19
124900048,201,121,80
124900050,217,167,50
124900052,79,482,-403
124900053,101,388,-287
124900054,1757,436,1321
124900055,4,256,-252
124900057,15,51,-36
124900060,81,203,-122
124900061,96,9,87
124900062,359,42,317
124900066,0,20,-20
124900067,12,136,-124
124900068,271,561,-290
124900070,96,42,54
124900072,135,38,97
124900075,240,216,24
124900076,31,1067,-1036
124900077,42,104,-62
124900078,105,16,89
124900079,502,227,275
124900080,319,625,-306
124900081,1013,278,735
124900082,364,750,-386
124900083,262,500,-238
124900084,1394,123,1271
124900085,1133,556,577
124900086,134,1627,-1493
124900087,1046,165,881
124900088,703,130,573
124900089,1219,46,1173
124900090,332,248,84
124900091,372,308,64
124900092,262,249,13
124900093,352,198,154
124900094,420,293,127
124900095,122,506,-384
124900096,560,266,294
124900097,394,59,335
124900098,161,352,-191
124900099,632,488,144
124900100,391,49,342
124900101,77,596,-519
124900102,206,9,197
124900103,176,184,-8
124900104,73,149,-76
124900105,147,100,47
124900106,391,59,332
124900107,144,19,125
124900108,154,76,78
124900111,0,152,-152
124900112,46,596,-550
124900113,130,346,-216
124900114,234,183,51
124900115,65,36,29
124900116,289,181,108
124900117,353,186,167
124900118,247,287,-40
124900119,445,196,249
124900120,64,412,-348
124900121,133,466,-333
124900122,327,286,41
124900123,379,134,245
124900124,205,296,-91
204000001,96,3,93
204000002,33,14,19
204000003,27,5,22
204000004,11,7,4
204000005,602,397,205
204000006,1187,920,267
204000011,10,46,-36
204000012,94,96,-2
204000019,699,449,250
204000020,891,612,279
204000021,2331,997,1334
204000022,561,520,41
204000023,475,676,-201
204000031,96,9,87
204000032,377,46,331
204000034,16,191,-175
204000035,1,6,-5
204000036,7,39,-32
204000037,0,22,-22
204000038,1,11,-10
204000039,5,37,-32
204000040,1,28,-27
204000041,3,33,-30
204000042,59,9,50
204000043,34,9,25
204000044,37,15,22
204000045,69,0,69
204000046,10,2,8
204000057,2,26,-24
204000062,22,40,-18
204000068,35,160,-125
204000069,53,309,-256
204000070,73,88,-15
204000080,48,50,-2
204000085,2027,1512,515
204000086,2315,1721,594
204000087,28,10,18
204000088,5,104,-99
204000090,27,315,-288
204000093,347,81,266
204000096,741,913,-172
204000097,510,12,498
204000099,1244,1422,-178
204000100,1517,1784,-267
204000105,1916,1238,678
204000110,973,1336,-363
204000111,507,746,-239
204000112,1432,1128,304
204000113,686,924,-238
204000114,1227,843,384
204000115,703,395,308
204000116,2478,925,1553
204000119,1975,2477,-502
204000132,727,342,385
204000133,783,223,560
204000134,382,103,279
204000135,693,83,610
204000136,782,195,587
204000138,367,662,-295
204000140,223,170,53
204000141,171,64,107
204000144,12,25,-13
204000145,594,41,553
204000146,29,393,-364
204000147,23,122,-99
204000148,204,11,193
204000154,19,8,11
204000155,11,5,6
204000177,93,61,32
204000179,25,5,20
204000180,0,16,-16
204000222,4,11,-7
204000235,16,14,2
204000236,78,282,-204
204000238,24,20,4
204000240,377,75,302
204000263,538,934,-396
204000268,1030,609,421
204000308,182,22,160
204000317,9,65,-56
204000322,12,46,-34
204000323,22,18,4
204000328,249,55,194
204000329,46,151,-105
204000330,179,10,169
204000331,22,99,-77
204010341,14,160,-146
205000001,720,1720,-1000
205000013,7,50,-43
205000014,23,85,-62
205000015,24,138,-114
205000016,23,134,-111
205000017,25,81,-56
205000022,251,766,-515
205000025,994,1042,-48
205000029,249,14,235
205000045,140,450,-310
205000046,102,448,-346
205000047,83,568,-485
205000048,294,841,-547
205000049,125,732,-607
205000050,734,283,451
205000059,1,216,-215
205000060,1,87,-86
205000061,6,71,-65
205000062,4,65,-61
205000063,11,97,-86
205000064,5,70,-65
205000065,57,439,-382
205000066,116,558,-442
205000067,24,699,-675
205000069,196,22,174
205000082,203,182,21
205000110,89,244,-155
205000111,172,200,-28
205000112,183,223,-40
205000113,184,335,-151
205000121,309,38,271
205000123,29,226,-197
205000126,427,74,353
205000127,683,127,556
205000128,366,51,315
205000129,555,71,484
205000130,194,26,168
205000131,126,5,121
205000132,187,5,182
205000133,98,1,97
205000134,253,0,253
205000137,71,159,-88
205000138,163,298,-135
205000139,28,116,-88
205000144,63,102,-39
205000145,430,192,238
205000151,157,37,120
205000152,189,19,170
205000153,253,26,227
205000154,141,49,92
205000155,86,10,76
205000207,9,227,-218
205000233,21,2,19
205000234,0,0,0
205000243,0,2,-2
205000244,0,5,-5
205000245,12,211,-199
205000249,1,27,-26
205000250,7,0,7
205000264,5,78,-73
206000027,5,7,-2
206000028,6,0,6
206000043,23,43,-20
206000053,5,6,-1
206000054,3,22,-19
206000055,2,32,-30
206000075,15,19,-4
206000076,29,24,5
206000077,24,8,16
206000078,18,12,6
206000079,25,8,17
206000082,424,54,370
206000100,33,491,-458
206000103,1,15,-14
206000104,8,22,-14
206000105,7,14,-7
206000106,15,34,-19
206000108,622,53,569
206000125,67,0,67
206000157,52,570,-518
206000170,0,181,-181
206000171,5,191,-186
206000172,10,392,-382
206000173,1,197,-196
206000174,13,85,-72
206000175,4,122,-118
206000176,16,148,-132
206000177,0,115,-115
206000178,6,183,-177
206000179,9,100,-91
206000180,7,126,-119
206000181,8,124,-116
206000182,9,121,-112
206000183,19,526,-507
206000184,1,300,-299
206000185,3,151,-148
206000186,89,759,-670
206000223,10,223,-213
206000226,14,2,12
206000227,31,2,29
206000237,64,280,-216
206000238,26,386,-360
206000239,230,1559,-1329
206000240,1,47,-46
206000241,1,76,-75
206000242,5,222,-217
206000243,11,150,-139
206000244,44,513,-469
206000245,763,60,703
206000246,209,28,181
206000247,223,5,218
206000248,343,9,334
206000252,59,43,16
206000258,27,55,-28
206000315,29,7,22
206000317,605,108,497
206000318,523,57,466
206000319,1436,65,1371
206000320,224,37,187
206000321,236,12,224
206000322,443,14,429
206000323,169,10,159
206000324,188,5,183
206000325,181,9,172
206000326,185,10,175
206000327,201,9,192
206000328,195,1,194
206000329,257,6,251
206000330,72,2,70
206000331,166,6,160
206000332,48,2,46
206000333,557,3,554
206000334,244,2,242
206000335,0,18,-18
206000361,3,165,-162
206000392,4,27,-23
206000405,151,2,149
206000441,21,26,-5
206000498,50,16,34
206000515,120,32,88
206000530,288,61,227
206000531,276,201,75
206000532,1741,283,1458
206000535,209,1737,-1528
206000536,17,163,-146
206000537,25,138,-113
206000613,1615,219,1396
207000001,157,634,-477
207000002,116,432,-316
207000003,147,211,-64
207000007,925,231,694
207000008,111,13,98
207000009,58,47,11
207000010,360,393,-33
207000012,414,232,182
207000015,219,1058,-839
207000019,249,79,170
207000021,603,168,435
207000022,146,125,21
207000023,212,46,166
207000024,9,19,-10
207000025,55,58,-3
207000026,95,35,60
207000027,20,70,-50
207000028,77,218,-141
207000029,262,393,-131
207000033,151,513,-362
207000034,276,139,137
207000039,377,121,256
207000040,376,75,301
207000041,149,36,113
207000042,208,60,148
207000043,202,148,54
207000051,89,223,-134
207000052,47,107,-60
207000053,441,520,-79
207000054,49,103,-54
207000055,198,125,73
207000056,378,294,84
207000057,164,273,-109
207000058,216,246,-30
207000059,85,438,-353
207000060,69,170,-101
207000061,221,516,-295
207000062,269,35,234
207000063,294,86,208
207000064,437,117,320
207000065,358,232,126
207000066,202,127,75
207000067,75,83,-8
207000068,135,80,55
207000069,707,350,357
207000082,16,189,-173
207000083,70,215,-145
207000084,267,215,52
207000085,223,19,204
207000086,192,8,184
207000106,34,31,3
207000107,68,20,48
207000108,36,10,26
207000109,52,16,36
207000110,69,107,-38
207000111,83,93,-10
207000112,203,614,-411
207000114,31,24,7
207000115,26,60,-34
207000116,17,343,-326
207000117,14,106,-92
207000118,3,77,-74
207000119,34,87,-53
207000123,174,38,136
207000124,88,22,66
207000125,67,37,30
207000126,93,54,39
207000134,80,119,-39
207000135,38,216,-178
207000148,59,335,-276
207000149,74,49,25
207000152,174,344,-170
207000153,988,1094,-106
207000154,287,141,146
207000159,97,148,-51
207000160,118,366,-248
207000238,0,143,-143
207000242,2,162,-160
207000248,47,35,12
207000249,146,40,106
207000250,640,68,572
207000251,128,71,57
207000252,98,79,19
207000278,123,81,42
207000279,20,132,-112
207000280,521,69,452
207000281,146,692,-546
207000282,190,131,59
207000283,111,203,-92
207000284,65,248,-183
207000285,99,63,36
207000291,13,94,-81
207000304,152,76,76
207000306,67,373,-306
207000310,63,91,-28
207000353,231,1,230
207000356,12,35,-23
207000357,20,11,9
207000358,10,29,-19
207000415,3,141,-138
207000417,48,4,44
207000418,141,140,1
207000438,0,0,0
207000439,879,777,102
207000446,166,4,162
207000460,43,5,38
207000466,216,129,87
207000467,237,72,165
207000468,32,252,-220
207000476,9,54,-45
207000477,686,83,603
207000478,1,57,-56
207000523,0,5,-5
207000524,42,1,41
207000527,143,168,-25
207000530,431,11,420
207000531,357,13,344
207000532,84,37,47
207000534,410,42,368
207000535,44,331,-287
207000537,24,127,-103
207000540,8,138,-130
207000541,4,295,-291
207000548,14,253,-239
207000549,382,20,362
207000561,218,207,11
207000562,51,201,-150
207000567,205,240,-35
207000568,196,81,115
207000569,420,701,-281
207000584,356,257,99
207000585,67,392,-325
207000616,1,138,-137
207000617,146,1,145
207900008,248,99,149
208000001,648,1079,-431
208000002,661,554,107
208000003,1351,426,925
208000004,1406,749,657
208000005,6,18,-12
208000019,610,917,-307
208000020,192,505,-313
208000021,216,337,-121
208000022,1142,486,656
208000028,1499,1096,403
208000033,593,586,7
208000034,1339,1274,65
208000037,235,16,219
208000040,214,181,33
208000041,1069,625,444
208000042,1375,603,772
208000047,131,232,-101
208000064,2437,1572,865
208000066,1796,2597,-801
208000070,333,301,32
208000071,400,766,-366
208000072,441,1097,-656
208000080,341,344,-3
208000081,387,149,238
208000082,273,226,47
208000083,142,340,-198
208000084,18,14,4
208000085,900,668,232
208000086,440,1029,-589
208000087,417,744,-327
208000089,1125,329,796
208000090,994,592,402
208000093,155,128,27
208000094,576,386,190
208000095,689,460,229
208000104,911,859,52
208000105,653,981,-328
208000114,142,310,-168
208000115,466,390,76
208000116,549,1097,-548
208000117,91,135,-44
208000118,117,126,-9
208000155,788,1125,-337
208000158,1421,3803,-2382
208000186,3572,4332,-760
208000204,657,1118,-461
208000205,1061,938,123
208000282,5402,3434,1968
209000004,370,172,198
209000005,44,29,15
209000006,439,146,293
209000007,266,300,-34
209000010,413,147,266
209000011,195,293,-98
209000012,359,176,183
209000013,252,273,-21
209000014,510,934,-424
209000025,311,35,276
209000026,574,104,470
209000027,438,784,-346
209000028,482,694,-212
209000029,468,737,-269
209000030,385,1303,-918
209000031,2373,2281,92
209000034,209,294,-85
209000035,168,204,-36
209000036,194,103,91
209000037,326,221,105
209000038,104,186,-82
209000039,114,155,-41
209000040,281,563,-282
209000041,164,429,-265
209000042,235,375,-140
209000043,699,960,-261
209000044,165,758,-593
209000045,1229,462,767
209000046,539,490,49
209000047,401,221,180
209000048,562,343,219
209000049,91,148,-57
209000050,232,190,42
209000051,250,344,-94
209000052,171,283,-112
209000062,38,80,-42
209000063,55,69,-14
209000064,34,70,-36
209000065,82,32,50
209000066,90,33,57
209000067,106,45,61
209000080,36,234,-198
209000082,119,38,81
209000091,33,100,-67
209000093,65,26,39
209000094,156,162,-6
209000110,29,148,-119
209000111,540,1417,-877
209000112,914,448,466
209000113,1513,466,1047
209000114,780,432,348
209000115,41,118,-77
209000116,573,454,119
209000118,13,54,-41
209000119,23,12,11
209000121,130,471,-341
209000135,108,206,-98
209000142,836,1549,-713
209000143,73,75,-2
209000144,71,137,-66
209000229,238,138,100
209000240,34,248,-214
209000259,90,97,-7
209000260,42,990,-948
209000261,3,460,-457
209000262,4,353,-349
209000263,0,112,-112
209000264,1,124,-123
209000265,543,5,538
209000266,121,0,121
209000267,923,20,903
209000268,739,76,663
210000037,77,30,47
210000047,74,32,42
210000048,95,30,65
210000049,57,26,31
210000052,44,70,-26
210000053,34,46,-12
210000054,43,83,-40
210000070,169,1,168
210000071,91,0,91
210000072,41,0,41
210000073,0,29,-29
210000074,2,96,-94
210000075,2,101,-99
210000076,15,124,-109
210000077,18,34,-16
210000078,32,39,-7
210000079,40,9,31
210000080,89,91,-2
210000081,178,18,160
210000082,161,2,159
210000083,81,1,80
210000084,65,0,65
210000085,1,74,-73
210000086,5,110,-105
210000099,38,197,-159
210000100,59,121,-62
210000101,48,125,-77
210000105,38,185,-147
210000159,1,166,-165
210000163,137,243,-106
210000164,329,207,122
210000168,127,47,80
210000187,0,29,-29
210000188,3,10,-7
210000214,29,0,29
210000219,29,79,-50
210000220,101,57,44
210000232,3,23,-20
210000233,37,52,-15
210000234,33,102,-69
210000235,83,46,37
210000245,4,57,-53
210000246,22,2,20
210000258,21,96,-75
210000259,249,85,164
210000282,99,186,-87
210000285,0,142,-142
210000286,24,178,-154
210000290,4,13,-9
210000295,51,100,-49
210000296,56,45,11
210000320,186,99,87
210000321,101,63,38
210000338,85,55,30
210000339,280,1002,-722
210000340,83,359,-276
210000341,183,211,-28
210000342,169,152,17
210000343,192,172,20
210000344,166,104,62
210000345,162,185,-23
210000346,59,128,-69
210000347,89,48,41
210000348,100,23,77
210000349,36,28,8
210000350,125,73,52
210000351,160,116,44
210000352,75,43,32
210000353,53,88,-35
210000354,61,65,-4
210000355,47,89,-42
210000356,71,64,7
210000357,56,29,27
210000358,261,115,146
210000359,87,62,25
210000360,154,132,22
210000361,170,124,46
210000362,279,223,56
210000363,655,232,423
210000364,100,149,-49
210000365,110,80,30
210000366,107,41,66
210000367,90,76,14
210000368,116,60,56
210000369,17,31,-14
210000370,66,36,30
210000372,13,30,-17
210000373,18,17,1
210000374,47,32,15
210000375,51,60,-9
210000376,69,161,-92
210000404,74,82,-8
210000439,28,46,-18
210000472,113,2,111
210000482,65,125,-60
210000564,293,273,20
210000567,2,46,-44
210000568,386,3,383
211000092,56,72,-16
211000094,34,9,25
211000169,246,15,231
211000172,13,257,-244
211000209,3,18,-15
211000226,8,24,-16
211000270,27,17,10
211000275,22,19,3
211000276,82,19,63
211000279,31,37,-6
211000281,43,76,-33
211507980,1,47,-46
211977296,40,3,37
212000003,121,41,80
212000004,26,34,-8
212000005,15,15,0
212000006,23,55,-32
212000008,142,145,-3
212000009,33,108,-75
212000012,62,86,-24
212000013,32,45,-13
212000014,232,143,89
212000015,286,229,57
212000016,410,516,-106
212000027,502,455,47
212000028,368,325,43
212000029,187,197,-10
212000030,41,22,19
212000031,55,31,24
212000048,26,149,-123
212000049,10,79,-69
212000050,17,5,12
212000051,168,173,-5
212000052,187,271,-84
212000053,422,483,-61
212000054,255,108,147
212000055,248,178,70
212000056,21,36,-15
212000057,13,20,-7
212000058,254,30,224
212000070,95,227,-132
212000077,166,517,-351
212000099,265,272,-7
212000108,200,168,32
212000111,228,110,118
212000120,99,51,48
212000138,129,27,102
212000156,8,111,-103
212000158,17,19,-2
212000159,454,39,415
212000160,675,278,397
212000161,80,10,70
212000310,30,22,8
212000311,21,49,-28
212000374,40,13,27
213000001,31,410,-379
213000005,493,154,339
213000006,1117,343,774
213000007,129,25,104
213000009,875,477,398
213000010,189,280,-91
213000011,292,105,187
213000012,157,292,-135
213000014,77,10,67
213000015,231,2,229
213000016,536,2,534
213000017,113,0,113
213000018,5,162,-157
213000019,1,160,-159
213000020,84,328,-244
213000021,4,114,-110
213000023,359,211,148
213000033,358,1767,-1409
213000034,972,325,647
213000035,102,194,-92
213000045,180,222,-42
213000046,251,178,73
213000047,649,1352,-703
213000056,105,35,70
213000069,83,14,69
213000073,4,60,-56
213000074,60,303,-243
213000075,518,18,500
213000076,45,4,41
213000085,8,46,-38
213000086,21,151,-130
213000091,234,22,212
213000092,102,10,92
213000099,151,1124,-973
213000100,1175,281,894
213000101,407,165,242
213000102,538,254,284
213000103,1029,798,231
213000104,40,369,-329
213000105,7,162,-155
213000106,37,90,-53
213000107,144,467,-323
213000108,34,436,-402
213000109,7,207,-200
213000110,22,104,-82
213000111,17,73,-56
213000112,148,114,34
213000115,55,8,47
213000116,26,326,-300
213000117,14,608,-594
213000118,433,246,187
213000119,60,577,-517
213000120,153,508,-355
213000122,172,542,-370
213000123,398,1277,-879
213000124,101,1552,-1451
213000125,172,22,150
213000126,106,172,-66
213000127,150,296,-146
213000128,478,1088,-610
213000129,410,618,-208
213000130,679,332,347
213000132,448,125,323
213000133,624,137,487
213000134,822,30,792
213000136,529,31,498
213000137,709,104,605
213000139,300,28,272
213000147,79,6,73
213000148,25,6,19
213000149,46,4,42
213000150,1,118,-117
213000151,1,112,-111
213000152,0,77,-77
213000153,4,121,-117
213000154,35,349,-314
213000155,43,229,-186
213000156,143,477,-334
213000157,595,393,202
213000158,354,956,-602
213000159,664,522,142
213000163,928,84,844
213000165,1012,316,696
213000171,1,81,-80
213000172,3,274,-271
213000173,6,218,-212
213000174,4,114,-110
213000175,22,72,-50
213000176,46,37,9
213000177,94,14,80
213000178,196,4,192
213000179,210,2,208
213000180,195,1,194
213000184,120,473,-353
213000188,522,118,404
213000189,424,52,372
213000190,926,908,18
213000191,349,416,-67
213000192,264,340,-76
213000193,765,298,467
213000194,2,71,-69
213000195,20,374,-354
213000196,281,1177,-896
213000197,525,511,14
213000198,63,3,60
213000200,151,787,-636
213000201,42,37,5
213000202,9,501,-492
213000203,3412,675,2737
213000204,680,90,590
213000205,353,86,267
213000206,432,53,379
213000207,147,22,125
213000208,120,3,117
213000209,150,2,148
213000210,369,7,362
213000211,18,31,-13
213000212,13,21,-8
213000213,20,43,-23
213000218,206,530,-324
213000219,543,28,515
213000220,478,5,473
213000223,202,239,-37
213000224,84,76,8
213000225,181,11,170
213000226,97,14,83
213000227,973,160,813
213000228,410,70,340
213000229,254,23,231
213000230,390,17,373
213000232,99,935,-836
213000233,11,375,-364
213000234,2,51,-49
213000293,12,74,-62
213000294,133,18,115
213000295,10,103,-93
213000296,87,32,55
213000297,6,73,-67
213000298,24,76,-52
213000299,69,41,28
213000300,20,2,18
213000303,6,24,-18
213000304,2,9,-7
213000305,5,12,-7
213000306,55,47,8
213000307,181,60,121
213000308,96,164,-68
213000309,160,51,109
213000310,599,200,399
213000311,302,761,-459
213000315,64,100,-36
213000316,151,88,63
213000322,76,137,-61
213000323,115,67,48
213000324,64,51,13
213000325,33,83,-50
213000326,29,33,-4
213000327,41,48,-7
213000328,38,143,-105
213000329,117,36,81
213000340,186,555,-369
213000341,541,109,432
213000346,275,326,-51
213000347,778,587,191
213000348,15,81,-66
213000349,48,14,34
213000350,316,986,-670
213000366,70,344,-274
213000367,294,23,271
213000379,132,36,96
213000386,14,317,-303
213000406,100,432,-332
213000417,1186,476,710
213000425,202,49,153
213000426,192,39,153
213000427,49,232,-183
213000428,52,188,-136
213000429,26,3,23
213000430,164,674,-510
213000431,101,3,98
213000432,3,130,-127
213000433,16,151,-135
213000434,84,94,-10
213000435,154,81,73
213000436,31,64,-33
213000437,0,10,-10
213000438,169,70,99
213000439,37,8,29
213000440,14,310,-296
213000441,3,3,0
213000442,2,35,-33
213000443,418,395,23
213000444,45,42,3
213000445,2,69,-67
213000446,1,191,-190
213000447,7,53,-46
213000448,15,124,-109
213000449,332,6,326
213000450,20,42,-22
213000451,270,112,158
213000452,18,18,0
213000453,49,266,-217
213000455,579,3,576
213000456,2,311,-309
213000481,13,5,8
213000482,20,3,17
213000489,316,66,250
213000491,0,134,-134
213000492,217,18,199
213000493,2,111,-109
213000494,259,100,159
213000495,0,81,-81
213000496,460,132,328
213000497,42,260,-218
213000498,137,179,-42
213000499,167,471,-304
213000500,510,70,440
213000501,160,34,126
213000502,214,150,64
213000503,0,59,-59
213000504,11,74,-63
213000505,14,3,11
213000506,0,14,-14
213000507,1,129,-128
213900016,0,10,-10
213900244,49,0,49
213900245,0,29,-29
218000003,20,24,-4
218000004,42,38,4
218000005,44,39,5
218000006,70,22,48
218000007,33,14,19
218000012,218,144,74
218000013,96,178,-82
218000014,489,396,93
218000019,810,710,100
218000020,250,413,-163
218000021,30,43,-13
218000022,10,22,-12
218000023,11,31,-20
218000024,4,15,-11
218000025,12,16,-4
218000026,5,28,-23
218000027,0,12,-12
218000028,2,7,-5
218000029,6,3,3
218000030,18,30,-12
218000031,4,14,-10
218000032,3,35,-32
218000040,3,1,2
218000046,34,72,-38
218000047,11,103,-92
218000048,51,101,-50
218000049,97,108,-11
218000050,350,244,106
218000051,73,223,-150
218000052,0,96,-96
218000053,9,5,4
218000054,11,43,-32
218000055,9,24,-15
218000056,11,37,-26
218000057,5,15,-10
218000064,0,8,-8
218000065,110,41,69
218000066,6,47,-41
218000067,39,74,-35
218000068,116,138,-22
218000069,250,99,151
218000070,213,220,-7
218000071,159,174,-15
218000072,361,216,145
218000078,972,898,74
218000079,101,70,31
218000080,156,72,84
218000081,404,223,181
218000082,63,129,-66
218000083,49,52,-3
218000084,147,129,18
218000085,179,359,-180
218000086,86,196,-110
218000087,205,211,-6
218000090,5,85,-80
218000091,993,535,458
218000092,88,162,-74
218000093,99,90,9
218000094,482,603,-121
218000099,352,646,-294
218000100,264,318,-54
218000101,279,151,128
218000102,423,211,212
218000103,109,180,-71
218000104,120,68,52
218000105,41,22,19
218000106,13,9,4
218000107,88,59,29
218000108,4,36,-32
218000112,45,38,7
218000117,86,64,22
218000134,589,594,-5
218000135,40,103,-63
218000136,290,97,193
218000137,277,120,157
218000138,45,112,-67
218000139,164,275,-111
218000140,543,283,260
218000141,76,56,20
218000142,257,159,98
218000143,158,304,-146
218000144,51,114,-63
218000145,368,318,50
218000146,107,181,-74
218000151,4,18,-14
218000152,82,30,52
218000153,13,5,8
218000154,13,9,4
218000155,28,1,27
218000156,54,13,41
218000157,21,16,5
218000158,8,10,-2
218000159,3,3,0
218000160,3,2,1
218000161,38,8,30
218000162,24,7,17
218000163,19,2,17
218000164,35,4,31
218000165,79,21,58
218000170,4,44,-40
218000171,23,5,18
218000172,9,11,-2
218000173,51,9,42
218000174,11,4,7
218000176,77,41,36
218000177,161,180,-19
218000178,39,201,-162
218000179,30,65,-35
218000180,31,37,-6
218000181,96,40,56
218000187,11,24,-13
218000188,34,46,-12
218000189,28,61,-33
218000190,19,19,0
218000191,142,52,90
218000192,192,193,-1
218000193,382,360,22
218000194,80,312,-232
218000195,121,76,45
218000196,296,257,39
218000197,376,303,73
218000198,9,93,-84
218000199,51,41,10
218000200,89,37,52
218000201,15,11,4
218000202,93,232,-139
218000207,0,46,-46
218000208,37,43,-6
218000211,78,11,67
218000212,3,9,-6
218000213,86,84,2
218000214,4,31,-27
218000215,37,62,-25
218000217,4,52,-48
218000218,137,57,80
218000219,33,18,15
218000220,70,395,-325
218000221,501,186,315
218000222,9,16,-7
218000223,40,231,-191
218000224,5,151,-146
218000225,103,17,86
218000226,88,51,37
218000230,0,5,-5
218000232,39,45,-6
218000239,197,8,189
218000240,70,5,65
218000241,69,1,68
218000242,65,4,61
218000243,153,14,139
218000244,41,1,40
218000245,26,2,24
218000246,3,1,2
218000247,1,0,1
218000248,0,11,-11
218000249,0,2,-2
218000250,1,11,-10
218000251,1,19,-18
218000252,5,27,-22
218000253,12,28,-16
218000254,0,21,-21
218000255,0,11,-11
218000256,1,46,-45
218000267,554,983,-429
218000268,9,40,-31
218000269,3,13,-10
218000270,94,49,45
218000271,18,61,-43
218000273,31,9,22
218000274,19,3,16
218000275,41,36,5
218000276,9,55,-46
218000278,15,23,-8
218000279,79,62,17
218000280,4,26,-22
218000281,14,11,3
218000282,558,430,128
218000284,99,4,95
218000301,141,113,28
218000302,144,55,89
218000303,49,55,-6
218000316,786,1027,-241
218000317,1278,1017,261
218000318,707,721,-14
218000319,1114,992,122
218000320,783,637,146
218000338,65,27,38
218000345,97,71,26
218000346,21,172,-151
218000459,21,169,-148
218000490,17,48,-31
218000501,89,46,43
218000502,29,66,-37
218000503,95,25,70
218000504,179,20,159
218000505,55,107,-52
218000506,41,226,-185
218000508,3,9,-6
218000510,165,12,153
218000520,117,91,26
218000521,6,31,-25
218000522,0,112,-112
218000523,118,2,116
218000524,103,185,-82
218000525,156,13,143
218000526,40,132,-92
218000529,34,174,-140
218000530,17,5,12
218000531,16,27,-11
218000532,33,23,10
218000534,109,14,95
218000537,15,51,-36
218000538,195,318,-123
218000540,602,92,510
218000543,173,66,107
218000544,70,97,-27
218000545,56,89,-33
218000546,47,85,-38
218000547,94,153,-59
218000548,110,127,-17
218000549,487,491,-4
218000550,244,317,-73
218000551,120,985,-865
218000552,458,63,395
218000553,64,91,-27
218000554,37,21,16
218000555,35,48,-13
218000556,153,199,-46
218000557,189,152,37
218000558,51,1,50
218000559,0,46,-46
218000560,0,34,-34
218000561,17,0,17
218000562,29,192,-163
218000563,202,14,188
218000564,7,118,-111
218000565,157,24,133
218000566,549,13,536
218000567,4,99,-95
218000568,24,4,20
218000569,10,101,-91
218000570,171,22,149
218000571,18,126,-108
218000572,152,3,149
218000573,12,133,-121
218000574,176,24,152
218000575,109,0,109
218000576,0,84,-84
218000577,93,0,93
218000578,0,115,-115
218000579,91,35,56
218000581,5,74,-69
218000582,36,1,35
218000583,17,2,15
218000584,1,31,-30
218000585,40,5,35
218000586,8,48,-40
218000587,4,4,0
218000588,7,2,5
218000589,5,3,2
218000590,13,0,13
218000591,7,8,-1
218000592,22,2,20
218000593,4,3,1
218000594,0,0,0
218000595,0,0,0
218000596,0,0,0
218000597,0,0,0
218000598,0,0,0
218000599,0,0,0
218000600,0,0,0
218000601,1,0,1
218000602,0,2,-2
218000603,0,5,-5
218000604,27,0,27
218000605,0,44,-44
218000606,116,0,116
218000607,7,30,-23
218000608,63,31,32
218000609,11,42,-31
218000610,62,13,49
218000611,39,3,36
218000612,5,18,-13
218000613,41,2,39
218000614,4,43,-39
218000615,183,1,182
218000616,2,106,-104
218000617,27,3,24
218000618,0,11,-11
218000619,57,28,29
218000620,18,24,-6
218000621,1,4,-3
218000622,0,18,-18
218000623,175,3,172
218000624,1,30,-29
218000625,11,0,11
218000626,0,7,-7
218000628,163,44,119
218000631,24,14,10
218000632,3,123,-120
218000633,129,1,128
218000634,12,10,2
218000635,14,9,5
218000636,791,1126,-335
218000637,1021,526,495
218000638,186,46,140
218000639,12,158,-146
218000640,283,25,258
218000641,47,304,-257
218000652,36,57,-21
218000653,119,44,75
218000663,5,133,-128
218000675,86,46,40
218000676,4,13,-9
218000677,12,5,7
218000680,174,366,-192
218000681,351,175,176
218000691,175,191,-16
218000693,185,142,43
218000703,14,27,-13
218000718,440,1201,-761
218000719,951,732,219
218000720,14,241,-227
218000721,274,25,249
218000725,4,7,-3
218001147,0,49,-49
218001214,23,96,-73
218001258,87,3,84
218001329,108,143,-35
218001330,104,58,46
218001351,22,22,0
218001352,19,21,-2
218001353,23,11,12
218001354,2,33,-31
218001355,8,142,-134
218001356,373,12,361
218001357,0,51,-51
218001358,276,1,275
218001361,264,13,251
218001362,0,40,-40
219000001,40,43,-3
219000002,52,41,11
219000003,43,26,17
219000004,48,45,3
219000017,121,31,90
219000020,88,64,24
219000022,165,7,158
219000023,126,4,122
219000029,1,61,-60
219000034,47,17,30
219000039,78,157,-79
219000040,74,85,-11
219000041,115,28,87
219000051,0,47,-47
219000052,0,17,-17
219000053,0,101,-101
219000054,32,98,-66
219000055,209,2,207
219000056,6,1,5
219000057,79,1,78
219000062,9,81,-72
219000063,61,4,57
219000064,5,56,-51
219000110,543,65,478
219000111,74,40,34
219000112,193,56,137
219000113,113,64,49
219000114,206,89,117
219000116,107,51,56
219000117,148,49,99
219000118,127,48,79
219000123,200,74,126
219000124,71,29,42
219000125,21,12,9
219000126,52,115,-63
219000127,0,3,-3
219000128,13,103,-90
219000129,28,116,-88
219000130,345,528,-183
219000131,602,954,-352
219000133,62,48,14
219000134,21,26,-5
219000135,42,97,-55
219000136,95,226,-131
219000138,53,17,36
219000139,24,42,-18
219000140,32,0,32
219000141,35,96,-61
219000142,14,81,-67
219000143,9,80,-71
219000145,17,38,-21
219000146,7,23,-16
219000147,9,30,-21
219000148,4,37,-33
219000149,10,68,-58
219000150,1,61,-60
219000151,2,45,-43
219000157,176,136,40
219000158,226,240,-14
219000161,109,14,95
219000163,1392,429,963
219000166,164,230,-66
219000167,108,177,-69
219000168,283,97,186
219000174,426,147,279
219000175,92,4,88
219000176,121,13,108
219000177,62,5,57
219000178,45,0,45
219000179,17,9,8
219000180,37,34,3
219000182,133,17,116
219000183,129,37,92
219000184,101,11,90
219000185,1,43,-42
219000186,45,39,6
219000187,22,79,-57
219000189,82,211,-129
219000190,99,260,-161
219000191,724,1521,-797
219000192,220,111,109
219000193,202,152,50
219000195,2,49,-47
219000196,5,110,-105
219000198,19,104,-85
219000199,67,259,-192
219000200,46,200,-154
219000201,63,169,-106
219000203,38,116,-78
219000204,96,207,-111
219000205,54,168,-114
219000207,176,247,-71
219000209,9,70,-61
219000210,27,70,-43
219000213,6,136,-130
219000239,227,292,-65
219000240,291,398,-107
219000241,148,158,-10
219000242,42,137,-95
219000243,131,239,-108
219000244,19,81,-62
219000245,30,53,-23
219000246,39,28,11
219000247,131,32,99
219000248,555,438,117
219000249,135,120,15
219000250,167,89,78
219000251,595,233,362
219000252,188,201,-13
219000253,483,107,376
219000255,114,110,4
219000256,249,83,166
219000257,73,0,73
219000262,150,115,35
219000263,67,114,-47
219000267,3,65,-62
219000268,3,5,-2
219000269,6,2,4
219000270,7,1,6
219000271,132,7,125
219000278,9,3,6
219000279,13,1,12
219000283,0,8,-8
219000295,24,110,-86
219000296,80,389,-309
219000297,19,132,-113
219000298,11,96,-85
219000299,370,52,318
219000300,23,162,-139
219000301,289,370,-81
219000302,42,229,-187
219000307,32,32,0
219000308,36,35,1
219000311,225,66,159
219000312,619,145,474
219000313,394,61,333
219000314,59,370,-311
219000315,301,25,276
219000316,475,41,434
219000317,91,17,74
219000320,0,57,-57
219000321,1,28,-27
219000323,11,75,-64
219000325,2,15,-13
219000326,72,60,12
219000327,85,33,52
219000328,32,65,-33
219000329,323,129,194
219000330,42,42,0
219000331,52,63,-11
219000332,111,95,16
219000333,29,3,26
219000335,87,5,82
219000337,41,0,41
219000338,54,0,54
219000344,20,70,-50
219000345,48,75,-27
219000346,29,75,-46
219000348,128,88,40
219000349,30,181,-151
219000350,121,318,-197
219000351,5,4,1
219000352,441,143,298
219000353,95,67,28
219000354,164,71,93
219000355,116,57,59
219000356,1274,1461,-187
219000363,238,58,180
219000364,110,72,38
219000365,111,21,90
219000366,269,296,-27
219000368,432,579,-147
219000370,1231,526,705
219000371,9,44,-35
219000382,26,22,4
219000383,526,1214,-688
219000385,489,537,-48
219000386,710,1576,-866
219000387,1,2,-1
219000390,2,1,1
219000391,4,0,4
219000397,61,78,-17
219000398,65,41,24
219000401,7,98,-91
219000402,45,80,-35
219000403,180,340,-160
219000404,25,152,-127
219000407,6,40,-34
219000409,69,48,21
219000410,99,35,64
219000411,76,26,50
219000446,134,406,-272
219000447,1,15,-14
219000448,15,4,11
219000452,116,81,35
219000453,75,207,-132
219000454,259,284,-25
219000556,213,104,109
219000558,146,212,-66
219000590,31,237,-206
219000591,83,111,-28
219000592,92,299,-207
219000595,3,11,-8
219000635,153,45,108
219000636,16,57,-41
219000657,38,22,16
219000658,60,114,-54
219000673,0,60,-60
219000676,62,12,50
219000679,36,14,22
219000684,88,2,86
219000685,0,38,-38
219000686,3,3,0
219000688,1,56,-55
219000689,28,209,-181
219000690,163,26,137
219000691,67,179,-112
219000692,202,33,169
219000693,2,16,-14
219000694,8,0,8
219000695,29,4,25
219000698,29,0,29
219000699,0,22,-22
219000727,3,77,-74
219000728,152,1,151
219000770,51,0,51
219000771,0,26,-26
219000788,369,216,153
219001150,5,35,-30
219001151,1,4,-3
219001166,46,39,7
219001167,7,65,-58
219001178,40,0,40
220000001,42,76,-34
220000002,7,114,-107
220000003,425,275,150
220000004,772,507,265
220000005,1665,1990,-325
220000006,183,946,-763
220000007,422,492,-70
220000008,330,851,-521
220000009,302,409,-107
220000010,183,100,83
220000011,578,2800,-2222
220000012,175,309,-134
220000014,118,63,55
220000015,47,305,-258
220000017,73,308,-235
220000018,4485,1769,2716
220000019,120,316,-196
220000020,433,310,123
220000021,850,226,624
220000022,833,425,408
220000023,333,192,141
220000024,2169,361,1808
220000025,1660,1351,309
220000026,214,393,-179
220000027,48,117,-69
220000028,33,45,-12
220000029,55,126,-71
220000030,99,69,30
220000031,459,358,101
220000064,35,1106,-1071
221000046,13,1,12
221000047,0,4,-4
221000048,0,0,0
221000049,0,14,-14
221000050,29,0,29
221000055,23,39,-16
221000057,51,6,45
221000068,348,105,243
221000069,350,66,284
221000070,243,24,219
221000071,92,5,87
221000072,234,7,227
221000073,139,32,107
221000074,0,13,-13
221000075,21,24,-3
221000076,3,32,-29
221000077,31,90,-59
221000081,22,8,14
221000082,60,5,55
221000083,34,2,32
221000084,13,2,11
221000085,9,56,-47
221000086,9,91,-82
221000087,2,139,-137
221000088,13,197,-184
221000089,16,241,-225
221000090,84,495,-411
221000098,77,4,73
221000099,158,7,151
221000100,86,5,81
221000101,163,7,156
221000102,111,16,95
221000109,12,69,-57
221000110,9,54,-45
221000111,23,145,-122
221000112,6,121,-115
221000113,17,95,-78
221000114,8,110,-102
221000120,41,22,19
221000121,9,48,-39
221000122,33,30,3
221000123,8,12,-4
221000124,43,176,-133
221000155,105,8,97
221000156,66,33,33
221000175,5,6,-1
221000176,0,4,-4
221000182,53,8,45
221000241,558,269,289
221000242,184,442,-258
221000243,482,176,306
221000244,242,515,-273
221000245,79,99,-20
221000246,39,255,-216
221000247,101,119,-18
221000248,92,125,-33
221000267,48,486,-438
221000325,107,69,38
221000331,9,77,-68
221000338,18,22,-4
221000378,180,22,158
221000381,33,57,-24
222000282,7,2,5
222000296,3,22,-19
222000568,314,16,298
222000569,140,38,102
222000570,172,24,148
222000571,331,28,303
222000577,21,119,-98
222000578,37,170,-133
222000579,32,131,-99
222000580,70,786,-716
222000599,2,111,-109
222000600,2,264,-262
222000601,5,820,-815
222000603,27,40,-13
222000604,4,23,-19
222000605,21,31,-10
222000606,3,8,-5
222000607,5,5,0
222000608,17,8,9
222000609,70,140,-70
222000616,303,34,269
222000617,10,34,-24
222000618,6,7,-1
222000620,30,7,23
222000621,52,16,36
222000623,528,10,518
222000624,374,3,371
222000625,577,12,565
222000636,69,4,65
222000686,32,12,20
222000687,37,23,14
222001066,333,4,329
222001067,24,4,20
222001068,43,14,29
222001069,42,38,4
222001082,14,35,-21
222001083,19,39,-20
222001084,1,77,-76
222001085,0,141,-141
222001111,46,107,-61
222001112,105,32,73
222001313,54,7,47
222001314,5,97,-92
222001464,52,43,9
222001465,11,67,-56
222001484,122,52,70
222001485,21,58,-37
222001494,391,161,230
222001495,132,238,-106
222001496,322,123,199
222001497,77,375,-298
222001502,24,83,-59
222001503,112,28,84
222001504,25,282,-257
222001505,322,19,303
222001506,33,362,-329
222001507,307,27,280
222001510,432,26,406
222001511,63,357,-294
222001514,630,194,436
222001515,221,548,-327
222001518,251,74,177
222001519,59,232,-173
222001527,244,74,170
222001528,90,152,-62
222001529,289,53,236
222001530,61,200,-139
222001533,157,219,-62
222001534,283,43,240
222001535,262,233,29
222001536,93,202,-109
222001537,368,39,329
222001538,69,415,-346
222001563,691,93,598
222001564,117,395,-278
222001568,335,130,205
222001576,1,3,-2
222001579,0,9,-9
222001583,13,117,-104
222001584,109,11,98
222001596,781,992,-211
222001597,1840,420,1420
222001626,3,149,-146
222001650,73,101,-28
222001651,86,107,-21
222001914,187,70,117
222001915,74,217,-143
222001968,441,252,189
222001969,457,572,-115
222001970,168,163,5
222001971,19,16,3
222001972,2,15,-13
225000001,461,132,329
225000002,514,154,360
225000003,513,96,417
225000004,270,159,111
225000005,57,45,12
225000006,0,188,-188
225000007,1459,1181,278
225000010,308,7,301
225000011,402,763,-361
225000012,205,473,-268
225000013,80,116,-36
225000014,659,91,568
225000015,108,149,-41
225000021,642,101,541
225000027,184,424,-240
225000032,636,101,535
225000042,54,511,-457
225000049,54,56,-2
225000050,74,10,64
225000053,3,312,-309
225000058,515,166,349
225000067,185,124,61
225000068,86,296,-210
225000069,119,458,-339
225000070,71,372,-301
225000071,32,158,-126
225000075,15,407,-392
225000076,73,116,-43
225000078,66,48,18
225000085,51,160,-109
225000086,295,114,181
225000087,135,18,117
225000088,11,160,-149
225000089,159,800,-641
225000090,62,378,-316
225000091,170,139,31
225000092,46,63,-17
225000093,186,249,-63
225000094,13,247,-234
225000095,222,357,-135
225000096,308,442,-134
225000098,661,286,375
225000099,333,142,191
225000100,339,102,237
225000104,82,387,-305
225000110,19,286,-267
225000111,177,826,-649
225000112,249,853,-604
225000113,181,431,-250
225000114,51,208,-157
225000115,1071,533,538
225000116,993,171,822
225000117,768,221,547
225000118,941,177,764
225000119,241,57,184
225000120,555,28,527
225000121,223,14,209
225000123,433,10,423
225000125,373,184,189
225000126,781,141,640
225000127,636,954,-318
225000128,421,654,-233
225000132,263,14,249
225000133,219,16,203
225000134,548,116,432
225000135,60,8,52
225000136,317,17,300
225000137,283,75,208
225000138,391,79,312
225000143,49,166,-117
225000144,2,281,-279
225000145,50,35,15
225000146,37,113,-76
225000147,25,207,-182
225000148,5,133,-128
225000149,43,408,-365
225000151,36,187,-151
225000155,296,382,-86
225000156,131,657,-526
225000157,197,288,-91
225000158,41,219,-178
225000171,9,190,-181
225000180,28,0,28
225000181,0,65,-65
225000182,72,9,63
225000185,7,350,-343
225000187,51,329,-278
225000191,94,6,88
225000194,0,4,-4
225000208,1,35,-34
225000209,72,17,55
225000210,5,212,-207
225000217,0,21,-21
225000218,20,1,19
225000223,2,38,-36
225000224,45,0,45
225000225,0,12,-12
225000226,14,3,11
225000227,20,60,-40
225000228,16,7,9
225000229,0,62,-62
225000230,16,0,16
225000231,0,33,-33
225000232,100,0,100
225000241,79,2,77
225000242,0,54,-54
225000249,8,0,8
225000250,40,623,-583
225000251,323,31,292
225000254,3,11,-8
225000256,2,23,-21
225000257,0,65,-65
226000042,237,451,-214
226000043,32,229,-197
226000044,109,427,-318
226000045,58,312,-254
226000046,346,48,298
226000047,345,69,276
226000048,293,87,206
226000049,230,129,101
226000070,0,22,-22
226000071,0,29,-29
226000072,0,15,-15
226000073,0,6,-6
226000074,0,20,-20
226000084,1,48,-47
226000085,2,11,-9
226000086,5,7,-2
226000087,2,11,-9
226000088,30,47,-17
226000090,273,75,198
226000091,40,47,-7
226000092,3,21,-18
226000093,37,2,35
226000094,9,3,6
226000095,14,6,8
226000105,18,2,16
226000106,11,0,11
226000107,11,1,10
226000108,30,0,30
226000109,70,1,69
226000124,105,85,20
226000134,687,461,226
226000135,1419,505,914
226000136,446,335,111
226000137,11,222,-211
226000138,5,143,-138
226000139,1,17,-16
226000156,157,0,157
226000157,203,6,197
226000163,70,160,-90
226000202,12,219,-207
226000231,311,12,299
226000232,34,6,28
227000033,342,67,275
227000036,281,42,239
227000037,296,23,273
227000038,236,38,198
227000084,2,63,-61
227000085,1,31,-30
227000088,32,0,32
227000089,125,2,123
227000090,27,2,25
227000091,21,0,21
227000092,51,0,51
227000093,100,1,99
227000094,7,0,7
227000130,20,68,-48
227000131,15,144,-129
227000132,6,173,-167
227000133,12,192,-180
227000134,9,262,-253
227000152,0,9,-9
227000153,1,39,-38
227000154,1,31,-30
227000155,0,12,-12
227000156,0,7,-7
227000165,3,27,-24
227000196,328,231,97
227000199,371,355,16
227000230,21,348,-327
227000232,437,19,418
227000242,48,407,-359
227000243,471,59,412
227000245,11,222,-211
227000246,117,378,-261
227000247,437,82,355
227000248,149,40,109
227000249,22,152,-130
227000250,430,163,267
227000251,100,176,-76
227000252,18,263,-245
227000253,142,16,126
227000262,323,38,285
227000266,942,15,927
227000267,23,1278,-1255
227000282,9,130,-121
227000284,367,13,354
227000286,8,62,-54
227000287,14,99,-85
227000291,19,408,-389
227000296,142,190,-48
227000484,260,15,245
227000485,27,679,-652
227000655,181,9,172
227000656,566,35,531
227000657,77,3,74
227000661,313,21,292
227000680,158,44,114
229000265,23,37,-14
229000296,4,19,-15
229000297,7,14,-7
229000298,4,137,-133
229000320,14,6,8
229000321,32,3,29
229000412,12,29,-17
229000414,8,30,-22
229000415,21,1,20
229000416,1,5,-4
229000417,3,36,-33
229000419,98,286,-188
229000440,352,53,299
229000442,17,8,9
229000443,10,4,6
229000444,1,19,-18
229000445,44,5,39
229000446,66,4,62
229000491,4,14,-10
229000492,4,77,-73
229000493,3,69,-66
229000494,32,0,32
229000495,100,3,97
229000496,47,1,46
229000507,1,68,-67
229000508,0,33,-33
229000509,0,63,-63
229000510,2,17,-15
229000511,1,29,-28
229000512,0,21,-21
229000513,0,2,-2
229000514,0,2,-2
229000517,1,5,-4
229000518,14,13,1
229000519,0,5,-5
229000520,9,36,-27
229000521,44,12,32
229000522,5,7,-2
229000523,7,4,3
229000524,6,4,2
229000527,2,2,0
229000528,0,0,0
229000529,7,0,7
229000530,53,2,51
229000531,41,0,41
229000532,27,2,25
229000533,66,2,64
229000534,37,1,36
229000564,38,0,38
229000565,11,0,11
229000566,0,8,-8
229000567,0,28,-28
229000582,73,1,72
229000583,9,2,7
229000584,0,23,-23
229000585,0,57,-57
229000718,0,1,-1
229000719,0,4,-4
229000720,0,15,-15
229000721,0,4,-4
229000722,0,9,-9
229000723,0,7,-7
229000724,0,1,-1
229000725,0,1,-1
229000738,0,0,0
229000739,0,0,0
229000740,0,0,0
229000741,11,0,11
229000742,11,0,11
229000743,7,0,7
229000744,4,0,4
229000745,1,0,1
229000746,19,0,19
229000847,44,0,44
229000848,25,0,25
229000849,114,3,111
229000851,46,1,45
229000854,0,16,-16
229000856,1,39,-38
229000857,0,16,-16
229000858,0,30,-30
229000919,18,89,-71
229000930,0,234,-234
229000937,60,12,48
229000966,36,26,10
229000981,20,22,-2
229000985,7,24,-17
229000986,1,5,-4
229000987,0,2,-2
229000988,1,4,-3
229000989,3,3,0
229000990,0,2,-2
229000991,3,2,1
229000992,16,6,10
229000993,119,13,106
229000998,14,60,-46
229000999,64,4,60
229001034,0,24,-24
229001035,6,0,6
229001037,33,21,12
229001042,13,13,0
229001047,8,42,-34
229001050,33,40,-7
229001168,0,12,-12
229001200,25,1,24
229001338,7,21,-14
229001394,170,4,166
229001422,124,33,91
229001423,39,169,-130
229001431,70,60,10
229001432,42,78,-36
229001444,149,26,123
229001445,51,121,-70
229001479,7,3,4
229001503,156,74,82
229001504,125,104,21
229001505,121,18,103
229001506,65,79,-14
229001509,24,11,13
229001545,65,5,60
229001546,6,123,-117
229001553,86,16,70
229001554,43,76,-33
229001559,1,3,-2
229001560,2,5,-3
229001630,60,8,52
229001631,9,22,-13
229001635,0,8,-8
229001636,17,0,17
229001658,0,155,-155
229001659,44,1,43
229001660,16,4,12
229001661,3,22,-19
229001662,29,0,29
229001663,0,14,-14
229002584,189,152,37
229002831,126,114,12
229002841,17,21,-4
229002842,25,16,9
229002843,56,20,36
229002844,26,54,-28
229002845,6,78,-72
229002846,27,13,14
229002847,1,7,-6
229002848,18,16,2
229002849,4,72,-68
229002850,12,0,12
229002851,32,113,-81
229002852,174,25,149
229002853,129,16,113
229002854,43,32,11
229002855,6,16,-10
229002856,27,15,12
229002857,6,91,-85
229002858,14,11,3
229002859,18,54,-36
229002860,229,14,215
229002861,85,27,58
229002862,64,32,32
229002863,18,10,8
229002864,26,27,-1
229002865,15,13,2
229002866,42,24,18
229002867,3,19,-16
229002868,10,14,-4
229002869,28,116,-88
229002870,45,7,38
235000066,409,47,362
235000067,101,97,4
235000072,26,78,-52
235000073,45,373,-328
235000074,36,66,-30
235000080,18,120,-102
235000081,112,145,-33
235000082,104,52,52
235000083,149,51,98
235000084,46,58,-12
235000085,106,87,19
235000089,20,21,-1
235000092,37,157,-120
235000093,17,7,10
235000097,5,3,2
235000098,77,2,75
235000099,46,12,34
235000116,75,14,61
235000117,606,10,596
235000133,13,380,-367
235000134,9,154,-145
235000206,9,5,4
235000207,1,3,-2
235000208,13,5,8
235000209,14,1,13
235000210,11,6,5
235000212,5,16,-11
235000213,4,10,-6
235000220,0,4,-4
235000221,60,18,42
235000238,12,94,-82
235000239,2,29,-27
235000242,378,552,-174
235000245,619,184,435
235000246,14,56,-42
235000284,27,84,-57
235000295,243,15,228
235000305,273,13,260
235000306,240,8,232
235000307,17,1,16
235000308,27,0,27
235000309,53,0,53
235000310,23,0,23
235000311,138,29,109
235000322,0,38,-38
235000323,1,32,-31
235000324,0,33,-33
235000325,0,15,-15
235000326,2,142,-140
235000351,3,26,-23
235000352,33,28,5
235000353,2,18,-16
235000354,9,18,-9
235000355,7,26,-19
235000356,163,14,149
235000357,30,11,19
235000358,207,6,201
235000359,6,16,-10
235000360,61,37,24
235000361,45,44,1
235000381,79,142,-63
235000382,141,37,104
235000390,16,3,13
235000391,133,14,119
235000392,162,219,-57
235000393,121,150,-29
235000395,121,60,61
235000396,459,71,388
235000400,88,42,46
235000401,29,116,-87
235000405,72,252,-180
235000406,33,298,-265
235000407,181,106,75
235000409,137,142,-5
235000410,32,234,-202
235000411,1,65,-64
235000485,0,8,-8
235000486,10,0,10
235000549,110,109,1
235000550,106,153,-47
235000599,133,61,72
235000600,7,9,-2
235000601,55,43,12
235000602,122,85,37
235000614,3,3,0
235000648,0,26,-26
235000649,26,6,20
235000685,6,5,1
235000815,20,24,-4
235000834,0,6,-6
235000855,52,78,-26
235000862,25,140,-115
235000891,0,11,-11
235000892,15,3,12
235000901,170,104,66
235000907,11,15,-4
235001010,112,85,27
235001029,501,453,48
235001030,431,292,139
235001078,100,74,26
235001079,43,114,-71
235001147,10,40,-30
235001166,16,81,-65
235001167,36,34,2
235001169,21,217,-196
235001188,3,10,-7
235001189,9,1,8
235001197,1,6,-5
235001200,33,47,-14
235001207,117,43,74
235001210,14,65,-51
235001215,49,99,-50
235001239,2,41,-39
235001244,1,5,-4
235016267,1,54,-53
277101746,0,0,0
277102712,13,2,11
277103813,0,0,0
277103898,0,4,-4
277104249,0,3,-3
277104250,0,6,-6
277104251,0,4,-4
277104252,0,3,-3
990011530,0,129,-129
990014944,1,459,-458
990015176,33,22,11
990015618,0,142,-142
990016032,0,259,-259
990032570,10,166,-156
990070001,58,3,55
990070103,0,8,-8
990070601,5,45,-40
990070751,817,1,816
990070766,0,428,-428
990071180,442,178,264
990071343,25,3,22
990071387,0,27,-27
990071823,461,7,454
990072600,4,948,-944
990072964,1,403,-402
990073285,0,6,-6
990074393,3,676,-673
990074870,1454,16,1438
990075106,1738,9,1729
990075746,566,31,535
990076437,1128,5,1123
990076458,2,578,-576
997000007,556,8,548
997000041,1,215,-214
997000058,73,1,72
997000062,52,3,49
997000069,0,7,-7
997000070,0,33,-33
997000100,34,0,34
997000141,20,3124,-3104
997000198,16,1639,-1623
998000475,1,54,-53
998000736,0,128,-128
998000965,0,8,-8
998001031,0,85,-85
998001700,0,13,-13
998001899,0,0,0
998001900,19,3,16
998003073,1475,49,1426
998101900,0,0,0
998102850,1,285,-284
998501927,1272,624,648
998501929,107,4,103
998501930,52,0,52
998501931,114,3,111
998501932,15,2,13
998501933,49,1,48
998501937,21,1,20
998501944,7,0,7
998501950,0,0,0
998501970,308,125,183
998501971,0,90,-90
998501973,0,40,-40
998501974,0,202,-202
998501975,140,0,140
998501976,59,0,59
998501977,0,12,-12
998501978,21,1,20
998501979,0,6,-6
998501980,136,2,134
998501981,29,0,29
998501982,0,93,-93
998502006,0,0,0
998502024,0,3,-3
998502032,0,4,-4
998502062,26,15,11
998502063,0,0,0
998502173,18,0,18
998502269,0,2,-2
998601159,2,175,-173
998601292,0,19,-19
999033574,0,338,-338
999800001,111,58,53
999800002,0,2,-2
999800003,1,1,0
999800004,0,10,-10
999800005,0,9,-9
