ID,insum,outsum,diff
100000001,249,174,75
100000002,79,80,-1
100000003,762,321,441
100000004,83,26,57
100000005,146,369,-223
100000006,4,0,4
100000007,6,0,6
100000008,2,74,-72
100000009,0,0,0
100000010,0,0,0
100000011,0,0,0
100000012,1,112,-111
100000013,0,27,-27
100000014,4,47,-43
100000015,4,3,1
100000016,58,200,-142
100000017,37,163,-126
100000018,110,95,15
100000019,745,368,377
100000020,26,30,-4
100000021,825,217,608
100000022,88,74,14
100000023,573,82,491
100000025,767,311,456
100000028,463,306,157
100000029,61,64,-3
100000030,0,0,0
100000031,484,311,173
100000032,559,483,76
100000033,67,444,-377
100000034,461,345,116
100000035,48,86,-38
100000036,126,230,-104
100000037,2,0,2
100000038,4,1,3
100000039,15,3,12
100000040,7,2,5
100000041,3,0,3
100000042,1,3,-2
100000043,0,0,0
100000044,17,151,-134
100000045,78,213,-135
100000046,35,255,-220
100000047,70,310,-240
100000048,189,357,-168
100000049,333,719,-386
100000051,75,324,-249
100000053,1,0,1
100000054,9,2,7
100000055,73,111,-38
100000056,0,0,0
100000057,4,0,4
100000058,149,403,-254
100000059,0,20,-20
100000060,32,81,-49
100000061,126,118,8
100000062,77,67,10
100000063,55,48,7
100000064,73,110,-37
100000065,89,355,-266
100000066,37,275,-238
100000067,53,185,-132
100000068,106,279,-173
100000069,52,311,-259
100000072,36,137,-101
100000073,344,635,-291
100000075,72,130,-58
100000076,91,137,-46
100000077,0,0,0
100000078,0,0,0
100000079,0,0,0
100000080,0,0,0
100000081,0,0,0
100000102,61,144,-83
100000103,483,131,352
100000104,511,162,349
100000105,672,86,586
100000106,110,90,20
100000107,36,64,-28
100000108,239,432,-193
100000109,1571,599,972
100000116,257,135,122
100000117,0,0,0
100000118,659,1038,-379
100000119,65,442,-377
100000121,0,0,0
100000122,48,198,-150
100000123,715,780,-65
100000124,2686,1246,1440
100000125,336,24,312
100000126,51,33,18
100000127,107,40,67
100000128,211,229,-18
100000129,44,128,-84
100000130,0,0,0
100000131,1979,753,1226
100000132,366,99,267
100000133,5036,1465,3571
100000135,11,0,11
100000139,0,0,0
100000140,122,130,-8
100000142,0,0,0
100000143,175,313,-138
100000144,600,209,391
100000147,61,129,-68
100000150,0,89,-89
100000151,0,3,-3
100000153,0,0,0
100000154,7,104,-97
100000155,0,0,0
100000156,0,0,0
100000157,0,0,0
100000158,0,0,0
100000159,36,39,-3
100000165,285,151,134
100000169,0,0,0
100000174,12,16,-4
100000179,0,0,0
100000180,26,67,-41
100000181,4,72,-68
100000188,2,4,-2
100000189,0,0,0
100000190,226,67,159
100000191,47,33,14
100000192,0,0,0
100000193,0,0,0
100000330,280,81,199
100000355,28,101,-73
100000362,1124,941,183
100000363,142,228,-86
100000364,24,58,-34
100000365,1460,1222,238
100000366,2792,1284,1508
100000367,827,961,-134
100000368,671,803,-132
100000369,1,18,-17
100000370,3,25,-22
100000376,2,13,-11
100000379,212,177,35
100000380,404,543,-139
100000384,2074,916,1158
100000385,1269,851,418
100000386,1624,805,819
100000387,1598,791,807
100000388,6066,1411,4655
100000389,4121,912,3209
100000390,5047,1256,3791
100000391,2804,777,2027
100000392,1363,475,888
100000393,244,197,47
100000394,1911,1299,612
100000395,924,263,661
100000396,1387,781,606
100000397,861,290,571
100000398,5374,3593,1781
100900002,0,0,0
100900003,0,0,0
100900004,4,136,-132
100900005,0,0,0
100900006,0,0,0
100900007,0,0,0
100900008,4,98,-94
100900009,0,0,0
100900010,0,0,0
100900011,0,0,0
100900012,0,29,-29
100900013,0,0,0
100900014,0,0,0
100900015,0,0,0
100900016,0,0,0
100900017,0,0,0
100900018,0,0,0
100900019,0,0,0
100900020,0,0,0
100900021,0,0,0
100900022,0,0,0
100900023,0,0,0
100900024,0,0,0
100900025,0,0,0
100900026,0,0,0
100900027,0,0,0
100900028,0,0,0
100900029,0,0,0
100900030,0,0,0
100900031,0,0,0
100900032,0,0,0
100900033,1,1,0
100900034,0,0,0
100900035,0,0,0
100900036,0,0,0
100900037,0,0,0
100900038,0,0,0
100900039,38,65,-27
100900040,0,143,-143
100900041,0,83,-83
100900042,0,0,0
100900043,0,0,0
100900044,0,0,0
100900045,0,0,0
100900046,0,0,0
100900047,0,0,0
100900048,0,0,0
100900049,0,0,0
100900050,0,0,0
100900051,0,0,0
100900052,0,0,0
100900053,0,0,0
100900054,0,0,0
100900055,0,0,0
100900056,0,0,0
100900057,0,0,0
100900058,0,0,0
100900059,0,0,0
100900060,0,0,0
100900061,0,0,0
100900062,0,0,0
100900063,0,0,0
100900064,0,0,0
100900065,0,0,0
100900066,0,0,0
100900067,0,0,0
100900068,0,0,0
100900069,0,0,0
100900070,0,0,0
100900071,0,0,0
100900072,0,0,0
100900073,0,0,0
100900074,0,0,0
100900075,198,5,193
100900076,0,0,0
100900077,0,0,0
100900078,0,0,0
100900079,0,0,0
100900080,0,0,0
100900081,0,0,0
100900082,0,0,0
100900083,0,0,0
100900085,0,0,0
100900086,0,0,0
100900088,0,0,0
100900089,0,0,0
100900090,0,0,0
100900091,0,0,0
100900092,0,0,0
100900093,0,0,0
100900094,0,0,0
100900095,0,0,0
100900096,0,0,0
100900097,0,0,0
100900098,0,0,0
100900099,1,22,-21
100900100,0,0,0
100900101,0,0,0
100900102,0,0,0
100900103,0,0,0
100900104,0,2,-2
100900105,0,0,0
100900106,0,0,0
100900107,0,0,0
100900108,0,0,0
100900109,0,0,0
100900110,0,0,0
100900111,0,0,0
100900112,0,0,0
100900113,0,0,0
100900114,0,0,0
100900115,0,0,0
100900116,0,0,0
100900117,0,0,0
100900118,0,0,0
100900119,0,0,0
100900120,0,0,0
100900121,0,0,0
100900122,9,6,3
100900123,0,0,0
100900124,0,0,0
100900125,0,0,0
100900126,0,0,0
100900127,0,0,0
100900128,2,9,-7
100900129,0,0,0
100900131,0,0,0
100900133,0,0,0
100900134,0,0,0
100900135,0,0,0
100900137,0,0,0
100900138,0,0,0
100900139,0,0,0
100900140,0,35,-35
100900141,0,0,0
100900142,0,0,0
100900143,0,0,0
100900144,0,0,0
100900145,0,0,0
100900146,0,0,0
100900147,0,0,0
100900148,1,94,-93
100900149,0,0,0
100900150,0,0,0
100900151,10,33,-23
100900152,0,0,0
100900153,0,0,0
100900154,0,0,0
100900155,0,0,0
100900156,0,0,0
100900157,0,0,0
100900158,96,11,85
100900159,0,0,0
100900160,0,0,0
100900161,0,0,0
100900162,0,0,0
100900163,2,9,-7
100900164,0,0,0
100900165,0,0,0
100900166,0,0,0
100900167,0,0,0
100900168,0,0,0
100900169,20,165,-145
100900170,0,0,0
100900171,2,84,-82
100900172,0,0,0
100900173,2,72,-70
100900174,0,0,0
100900176,0,0,0
100900177,0,0,0
100900178,0,0,0
100900179,0,0,0
100900180,0,0,0
100900181,0,0,0
100900182,0,0,0
100900184,0,0,0
100900186,0,0,0
100900187,0,0,0
100900188,0,0,0
100900189,0,0,0
100900191,0,0,0
100900192,0,0,0
100900195,0,0,0
100900197,0,0,0
100900198,0,0,0
100900199,0,0,0
100900200,35,25,10
100900201,1,110,-109
100900202,0,0,0
100900203,0,0,0
100900204,0,0,0
100900205,0,0,0
100900206,0,0,0
100900207,0,0,0
100900210,6,88,-82
100900211,0,0,0
100900213,0,0,0
100900214,100,5,95
100900215,0,0,0
101000001,680,229,451
101000002,785,271,514
101000003,132,72,60
101000004,3145,345,2800
101000005,1158,413,745
101000006,1616,1046,570
101000007,1786,921,865
101000008,885,379,506
101000009,168,412,-244
101000010,77,120,-43
101000011,478,39,439
101000012,0,0,0
101000013,181,63,118
101000014,52,23,29
101000015,190,124,66
101000016,20,23,-3
101000017,110,91,19
101000018,488,587,-99
101000020,854,150,704
101000021,58,12,46
101000022,607,104,503
101000023,489,444,45
101000025,0,0,0
101000026,20,0,20
101000027,392,192,200
101000028,117,38,79
101000029,2,83,-81
101000030,212,17,195
101000031,16,3,13
101000032,486,378,108
101000033,740,355,385
101000034,481,287,194
101000035,246,42,204
101000036,246,86,160
101000037,471,86,385
101000039,396,182,214
101000040,1255,331,924
101000041,738,150,588
101000042,13,119,-106
101000043,2117,412,1705
101000045,136,28,108
101000046,407,169,238
101000047,103,115,-12
101000048,91,71,20
101000049,55,80,-25
101000050,212,70,142
101000051,1001,146,855
101000052,347,69,278
101000053,88,73,15
101000054,318,142,176
101000055,390,87,303
101000056,11,8,3
101000057,1146,198,948
101000058,219,28,191
101000059,137,46,91
101000060,356,83,273
101000061,28,30,-2
101000062,715,96,619
101000063,16,11,5
101000064,434,99,335
101000065,3,13,-10
101000066,5,6,-1
101000067,240,116,124
101000068,60,26,34
101000069,107,45,62
101000070,787,406,381
101000071,766,190,576
101000072,455,418,37
101000073,52,29,23
101000074,1883,395,1488
101000075,4589,901,3688
101000077,245,164,81
101000078,174,93,81
101000079,134,201,-67
101000080,565,321,244
101000081,138,115,23
101000082,563,316,247
101000083,118,90,28
101000084,302,264,38
101000085,76,9,67
101000086,506,272,234
101000087,241,213,28
101000088,34,13,21
101000089,36,40,-4
101000090,606,199,407
101000091,32,86,-54
101000092,214,112,102
101000093,130,20,110
101000094,186,279,-93
101000095,43,254,-211
101000096,13,23,-10
101000097,31,61,-30
101000098,10,34,-24
101000099,267,107,160
101000100,192,194,-2
101000101,10,31,-21
101000102,211,61,150
101000103,92,69,23
101000104,36,47,-11
101000105,0,0,0
101000106,26,32,-6
101000107,11,44,-33
101000108,0,0,0
101000109,0,4,-4
101000110,0,0,0
101000111,4,33,-29
101000113,0,0,0
101000114,675,278,397
101000115,0,3,-3
101000116,0,4,-4
101000117,5,4,1
101000119,44,6,38
101000120,34,6,28
101000121,44,2,42
101000122,4,17,-13
101000123,13,22,-9
101000124,370,201,169
101000125,29,133,-104
101000128,189,111,78
101000130,163,42,121
101000131,44,27,17
101000132,115,357,-242
101000135,43,2,41
101000136,160,57,103
101000137,11,40,-29
101000141,191,118,73
101000147,156,169,-13
101000148,227,5,222
101000149,3,1,2
101000150,0,0,0
101000151,4,3,1
101000152,46,41,5
101000153,64,51,13
101000154,11,222,-211
101000155,35,44,-9
101000156,4,76,-72
101000157,0,0,0
101000160,1,0,1
101000163,0,0,0
101000164,35,103,-68
101000165,84,58,26
101000166,27,21,6
101000168,37,65,-28
101000252,65,102,-37
101000254,235,18,217
101000258,0,2,-2
101000261,1,0,1
101000262,27,111,-84
101000263,10,26,-16
101000265,0,91,-91
101000266,100,49,51
101000269,197,33,164
101000290,153,35,118
101000293,0,4,-4
101000294,197,103,94
101000295,13,36,-23
101000301,146,46,100
101000304,584,834,-250
101000305,388,378,10
101900001,0,1,-1
101900002,0,0,0
101900003,4,4,0
101900004,0,0,0
101900005,470,60,410
101900006,0,0,0
101900007,0,0,0
101900008,0,0,0
101900009,0,0,0
101900010,0,0,0
101900011,0,0,0
101900012,0,0,0
101900013,53,1,52
101900017,0,0,0
101900018,0,0,0
101900019,0,0,0
101900020,0,0,0
101900021,0,0,0
101900022,0,0,0
101900023,0,0,0
102000001,319,566,-247
102000002,166,193,-27
102000003,1249,854,395
102000004,1108,298,810
102000005,364,514,-150
102000006,259,173,86
102000007,525,918,-393
102000008,914,297,617
102000009,1326,1296,30
102000010,1640,761,879
102000011,621,606,15
102000012,401,481,-80
102000018,357,46,311
102000019,53,47,6
102000026,3,2,1
102000029,0,0,0
102000030,11,10,1
102000031,0,1,-1
102000032,11,37,-26
102000033,1,4,-3
102000034,42,34,8
102000035,0,4,-4
102000036,0,0,0
102000037,7,4,3
102000038,2,1,1
102000039,0,0,0
102000040,19,14,5
102000041,0,0,0
102000042,0,0,0
102000043,25,10,15
102000044,0,3,-3
102000045,95,76,19
102000046,58,15,43
102000047,41,111,-70
102000048,11,28,-17
102000049,32,16,16
102000050,71,147,-76
102000051,34,29,5
102000052,85,147,-62
102000053,63,79,-16
102000054,40,160,-120
102000055,107,196,-89
102000056,44,124,-80
102000057,115,41,74
102000058,187,245,-58
102000059,164,349,-185
102000060,48,46,2
102000061,147,523,-376
102000062,59,77,-18
102000063,247,254,-7
102000064,81,115,-34
102000065,20,34,-14
102000066,341,262,79
102000067,462,465,-3
102000068,796,372,424
102000069,0,0,0
102000070,273,20,253
102000071,1667,1969,-302
102000072,954,1541,-587
102000073,16,166,-150
102000074,39,314,-275
102000075,3,57,-54
102000076,14,243,-229
102000077,29,399,-370
102000078,49,523,-474
102000079,15,77,-62
102000080,34,105,-71
102000081,64,234,-170
102000082,105,138,-33
102000083,32,76,-44
102000084,0,0,0
102000085,166,147,19
102000086,75,74,1
102000087,88,213,-125
102000088,14,21,-7
102000089,0,0,0
102000090,110,92,18
102000091,384,93,291
102000092,146,143,3
102000093,52,117,-65
102000094,0,0,0
102000095,161,444,-283
102000096,0,0,0
102000097,579,540,39
102000098,11,49,-38
102000099,204,80,124
102000100,13,12,1
102000101,147,40,107
102000102,32,6,26
102000103,188,53,135
102000104,113,49,64
102000105,13,109,-96
102000106,16,153,-137
102000107,0,0,0
102000108,35,70,-35
102000109,0,0,0
102000110,0,0,0
102000111,0,0,0
102000112,13,9,4
102000113,0,0,0
102000114,0,0,0
102000115,39,12,27
102000116,6,35,-29
102000117,1,105,-104
102000118,40,176,-136
102000119,486,68,418
102000120,16,5,11
102000121,51,69,-18
102000122,31,10,21
102000123,123,81,42
102000124,115,17,98
102000125,61,48,13
102000126,53,38,15
102000127,93,42,51
102000128,100,53,47
102000129,53,55,-2
102000130,45,63,-18
102000131,70,30,40
102000132,21,47,-26
102000133,183,566,-383
102000134,43,93,-50
102000135,0,0,0
102000136,16,21,-5
102000137,60,23,37
102000138,0,0,0
102000139,0,0,0
102000140,30,8,22
102000141,5,33,-28
102000142,7,27,-20
102000143,5,17,-12
102000144,14,52,-38
102000145,5,17,-12
102000146,0,0,0
102000147,11,39,-28
102000148,0,0,0
102000149,3,0,3
102000150,1,2,-1
102000151,0,0,0
102000152,0,0,0
102000153,0,0,0
102000154,19,18,1
102000155,17,28,-11
102000156,51,12,39
102000157,3,11,-8
102000158,38,11,27
102000159,199,7,192
102000161,639,229,410
102000162,60,45,15
102000163,0,0,0
102000164,3,1,2
102000165,79,32,47
102000166,2,23,-21
102000167,37,83,-46
102000168,27,35,-8
102000169,64,65,-1
102000170,371,96,275
102000171,23,44,-21
102000172,2,46,-44
102000173,33,38,-5
102000174,7,28,-21
102000175,8,0,8
102000176,2,0,2
102000178,13,129,-116
102000179,7,33,-26
102000180,58,108,-50
102000181,18,144,-126
102000182,63,155,-92
102000183,90,206,-116
102000184,159,525,-366
102000185,75,206,-131
102000186,113,744,-631
102000187,106,578,-472
102000188,24,124,-100
102000189,1082,285,797
102000190,138,248,-110
102000191,191,28,163
102000192,151,270,-119
102000193,0,0,0
102000194,0,0,0
102000195,9,54,-45
102000196,0,1,-1
102000197,11,67,-56
102000198,0,2,-2
102000199,13,49,-36
102000200,1,1,0
102000201,20,46,-26
102000202,0,0,0
102000203,14,74,-60
102000204,4,15,-11
102000205,15,20,-5
102000206,86,147,-61
102000207,8,5,3
102000208,20,134,-114
102000209,5,5,0
102000210,0,182,-182
102000211,11,87,-76
102000212,0,0,0
102000213,0,58,-58
102000214,0,0,0
102000215,1,97,-96
102000216,0,0,0
102000217,0,31,-31
102000218,0,0,0
102000219,26,38,-12
102000225,0,0,0
102000226,5,2,3
102000227,0,0,0
102000228,0,24,-24
102000229,2,4,-2
102000230,9,78,-69
102000231,16,8,8
102000232,0,0,0
102000233,22,35,-13
102000234,0,0,0
102000236,7,2,5
102000237,17,10,7
102000238,6,3,3
102000240,139,356,-217
102000241,36,20,16
102000243,0,0,0
102000245,10,9,1
102000246,0,0,0
102000247,37,112,-75
102000248,33,100,-67
102000249,14,50,-36
102000250,3,109,-106
102000254,0,0,0
102000266,0,6,-6
102000271,0,0,0
102000286,2,1,1
102000297,54,21,33
102000301,0,0,0
102000303,0,0,0
102000305,0,0,0
102000306,0,0,0
102000307,0,3,-3
102000308,0,12,-12
102900001,0,0,0
102900002,0,0,0
102900003,0,26,-26
102900005,0,0,0
102900006,0,0,0
102900007,0,0,0
102900008,0,0,0
102900009,0,0,0
102900010,0,0,0
102900011,0,0,0
102900012,0,0,0
102900013,0,0,0
102900015,0,0,0
102900016,0,0,0
102900017,0,0,0
102900018,0,0,0
102900019,0,0,0
102900020,0,0,0
102900021,0,0,0
102900022,11,13,-2
102900023,0,0,0
102900024,0,0,0
102900025,0,0,0
102900026,0,0,0
102900027,0,0,0
102900028,0,0,0
102900029,1,5,-4
102900030,0,0,0
102900031,0,0,0
102900032,0,13,-13
102900033,0,0,0
102900034,0,0,0
102900035,1,57,-56
102900036,0,0,0
102900037,0,0,0
102900038,0,0,0
102900039,0,0,0
102900040,0,0,0
102900041,0,0,0
102900042,0,0,0
102900043,0,0,0
102900044,0,0,0
102900045,0,0,0
102900046,0,0,0
102900047,0,0,0
102900048,0,0,0
102900049,0,0,0
102900050,0,0,0
102900051,0,0,0
102900052,0,0,0
102900053,0,0,0
102900054,0,0,0
102900055,0,0,0
102900056,0,0,0
102900057,0,0,0
102900058,0,0,0
102900059,0,0,0
102900060,0,0,0
102900061,0,0,0
102900062,0,0,0
102900063,0,0,0
102900064,0,0,0
102900065,0,0,0
102900066,0,0,0
102900068,0,0,0
102900070,1,43,-42
102900072,0,3,-3
102900073,18,7,11
102900074,0,0,0
102900075,0,0,0
102900076,0,0,0
102900077,0,0,0
102900078,0,0,0
102900079,0,0,0
102900080,0,0,0
102900081,0,0,0
102900082,0,0,0
102900083,0,0,0
102900084,0,0,0
102900085,0,0,0
102900086,0,0,0
102900087,0,0,0
102900088,0,0,0
102900089,0,0,0
102900090,0,97,-97
102900091,1,0,1
102900092,20,171,-151
102900093,0,0,0
102900094,0,0,0
102900095,0,0,0
102900096,3,1,2
102900097,3,21,-18
103000001,554,596,-42
103000002,192,322,-130
103000003,668,569,99
103000004,187,160,27
103000005,103,127,-24
103000006,41,88,-47
103000007,11,69,-58
103000008,99,354,-255
103000009,34,31,3
103000010,4,14,-10
103000011,348,232,116
103000012,128,85,43
103000013,2324,544,1780
103000014,63,51,12
103000015,877,311,566
103000016,43,19,24
103000017,0,0,0
103000018,0,0,0
103000019,0,0,0
103000020,203,459,-256
103000021,28,29,-1
103000022,184,427,-243
103000023,3,31,-28
103000024,0,0,0
103000025,0,0,0
103000026,0,0,0
103000027,0,0,0
103000028,0,0,0
103000029,49,3,46
103000030,851,99,752
103000031,72,64,8
103000032,447,392,55
103000033,170,71,99
103000034,615,271,344
103000035,83,99,-16
103000036,87,36,51
103000037,177,152,25
103000038,66,69,-3
103000039,29,113,-84
103000040,15,70,-55
103000041,422,744,-322
103000042,138,225,-87
103000043,13,70,-57
103000044,14,18,-4
103000046,61,29,32
103000047,0,0,0
103000048,11,12,-1
103000049,0,0,0
103000050,15,22,-7
103000051,23,19,4
103000052,15,9,6
103000053,6,20,-14
103000054,455,164,291
103000055,96,90,6
103000056,57,183,-126
103000057,45,66,-21
103000058,68,147,-79
103000059,20,59,-39
103000060,229,251,-22
103000061,29,50,-21
103000062,197,174,23
103000063,71,62,9
103000064,36,86,-50
103000065,0,6,-6
103000066,3,1,2
103000069,1,3,-2
103000070,61,270,-209
103000071,62,28,34
103000072,32,335,-303
103000073,0,0,0
103000074,0,0,0
103000075,65,339,-274
103000076,3,0,3
103000077,6,134,-128
103000078,1,1,0
103000079,246,52,194
103000080,3,1,2
103000081,50,87,-37
103000082,0,1,-1
103000083,5,103,-98
103000084,0,0,0
103000085,1,13,-12
103000086,23,11,12
103000087,13,83,-70
103000088,45,68,-23
103000089,3,14,-11
103000090,278,235,43
103000091,51,77,-26
103000092,3,13,-10
103000093,42,151,-109
103000094,2,2,0
103000095,6,101,-95
103000096,8,1,7
103000097,8,147,-139
103000098,0,3,-3
103000099,15,118,-103
103000100,6,322,-316
103000101,0,0,0
103000102,33,264,-231
103000103,0,25,-25
103000104,2,63,-61
103000105,0,3,-3
103000106,0,65,-65
103000107,1,2,-1
103000108,36,81,-45
103000109,48,51,-3
103000110,142,90,52
103000111,134,70,64
103000112,9,16,-7
103000113,56,145,-89
103000114,12,27,-15
103000115,37,72,-35
103000116,30,63,-33
103000117,13,65,-52
103000118,216,282,-66
103000119,675,218,457
103000120,14,51,-37
103000121,35,89,-54
103000122,5,11,-6
103000125,0,0,0
103000126,1,0,1
103000127,0,0,0
103000128,2,1,1
103000129,0,0,0
103000130,0,0,0
103000131,0,0,0
103000132,12,0,12
103000133,0,0,0
103000134,130,84,46
103000135,353,39,314
103000136,130,84,46
103000137,121,85,36
103000138,184,82,102
103000139,0,13,-13
103000140,0,0,0
103000141,6,21,-15
103000142,0,1,-1
103000143,14,57,-43
103000144,4,0,4
103000145,0,0,0
103000150,2,4,-2
103000152,26,44,-18
103000153,4,14,-10
103000156,0,0,0
103000157,1,0,1
103000159,9,25,-16
103000162,0,0,0
103000163,0,0,0
103000164,0,0,0
103000165,1,5,-4
103000166,0,0,0
103000167,6,10,-4
103000168,17,22,-5
103000169,0,0,0
103000170,124,64,60
103000171,0,0,0
103000172,4,97,-93
103000173,34,199,-165
103000174,11,9,2
103000175,95,278,-183
103000176,37,3,34
103000177,251,133,118
103000178,206,150,56
103000179,9,2,7
103000183,0,22,-22
103000185,1,2,-1
103000186,0,0,0
103000187,31,125,-94
103000188,0,24,-24
103000189,78,355,-277
103000191,36,51,-15
103000292,370,29,341
103000293,0,0,0
103000295,0,0,0
103000296,5,0,5
103000297,0,0,0
103000504,0,0,0
103000505,0,0,0
103000506,1,2,-1
103000507,2,0,2
103000508,2,5,-3
103000509,47,156,-109
103900001,0,0,0
103900002,0,0,0
103900003,1,5,-4
103900004,0,0,0
103900005,0,0,0
103900006,0,0,0
103900007,0,0,0
103900008,0,0,0
103900009,7,77,-70
103900010,3,59,-56
103900011,1,78,-77
103900012,0,0,0
103900013,1,9,-8
103900014,0,0,0
103900015,0,0,0
103900016,39,41,-2
103900017,3,17,-14
103900018,84,17,67
103900019,0,0,0
103900020,0,0,0
103900021,0,0,0
103900022,0,53,-53
103900023,0,0,0
103900024,0,0,0
103900025,0,0,0
103900026,0,0,0
103900027,0,0,0
103900028,2,51,-49
103900029,7,23,-16
103900030,0,0,0
103900031,0,0,0
103900032,0,0,0
103900033,0,0,0
103900034,0,33,-33
103900035,5,0,5
103900036,0,0,0
103900037,0,0,0
103900038,0,0,0
103900039,1,78,-77
103900040,1,9,-8
103900041,0,0,0
103900042,4,152,-148
103900043,0,0,0
103900044,0,0,0
103900045,0,0,0
103900047,1,25,-24
103900048,0,0,0
103900049,0,0,0
103900050,0,30,-30
103900051,0,7,-7
103900052,2,27,-25
103900053,5,151,-146
103900054,0,0,0
103900055,7,7,0
103900056,1,4,-3
103900057,0,1,-1
103900058,4,97,-93
103900059,0,0,0
103900060,0,0,0
103900061,0,0,0
103900062,5,15,-10
103900063,0,0,0
103900064,0,0,0
103900065,105,39,66
103900066,0,0,0
103900067,0,0,0
103900068,0,0,0
103900069,0,0,0
103900070,0,0,0
103900071,2,22,-20
103900072,1,71,-70
103900073,0,0,0
103900074,0,0,0
103900075,0,0,0
103900076,10,27,-17
103900077,0,0,0
103900078,0,0,0
103900079,0,0,0
103900080,0,0,0
103900081,0,0,0
103900082,0,0,0
103900083,0,0,0
103900084,0,0,0
103900085,0,0,0
103900086,0,0,0
103900087,0,0,0
103900088,0,0,0
103900089,0,0,0
103900090,0,0,0
103900091,0,0,0
103900092,8,29,-21
103900093,0,0,0
103900094,0,0,0
103900095,5,8,-3
103900096,0,1,-1
103900097,0,2,-2
103900098,13,1,12
103900099,0,0,0
103900100,7,38,-31
103900101,0,3,-3
103900102,0,1,-1
103900104,0,0,0
103900105,11,11,0
103900106,0,1,-1
103900107,0,0,0
103900108,9,146,-137
103900109,0,0,0
103900110,12,9,3
103900111,1,122,-121
103900112,0,0,0
103900113,3,3,0
103900114,21,11,10
103900115,17,4,13
103900116,366,3,363
103900117,38,20,18
103900119,0,0,0
103900120,0,0,0
103900122,4,88,-84
103900123,37,24,13
103900124,2,1,1
103900125,6,8,-2
103900126,0,0,0
103900127,15,104,-89
103900128,2,41,-39
103900131,2,12,-10
103900133,0,0,0
103900134,0,0,0
103900135,0,0,0
103900137,0,0,0
103900138,0,0,0
103900139,0,57,-57
103900140,0,0,0
103900141,0,0,0
103900142,0,0,0
103900143,0,0,0
103900144,0,0,0
103900145,0,0,0
103900146,0,0,0
103900147,15,18,-3
103900148,15,44,-29
103900149,0,0,0
103900150,0,83,-83
103900151,0,0,0
103900152,1,5,-4
103900153,0,0,0
103900154,72,9,63
103900155,0,0,0
103900156,0,0,0
103900157,0,0,0
103900158,0,0,0
103900159,0,0,0
103900160,0,0,0
103900161,0,0,0
103900162,15,20,-5
103900163,0,0,0
103900164,0,0,0
103900167,0,0,0
103900168,0,0,0
103900169,0,0,0
103900170,0,0,0
103900171,0,0,0
103900172,0,0,0
103900173,0,0,0
103900174,0,0,0
103900175,0,0,0
103900176,0,4,-4
103900177,0,0,0
103900178,0,0,0
103900179,0,0,0
103900180,0,0,0
103900181,0,0,0
103900182,0,0,0
103900184,0,0,0
103900185,0,0,0
103900187,5,1,4
103900188,5,2,3
103900189,3,3,0
103900190,0,0,0
103900191,0,0,0
103900192,0,0,0
103900193,0,0,0
103900194,0,0,0
103900195,0,0,0
103900196,0,0,0
103900197,0,2,-2
103900198,0,0,0
103900199,0,0,0
103900200,0,0,0
103900201,0,6,-6
103900202,0,1,-1
103900203,1,2,-1
103900204,0,2,-2
103900207,0,0,0
103900208,1,0,1
103900209,0,0,0
103900210,0,0,0
103900211,3,12,-9
103900212,4,106,-102
103900213,23,131,-108
103900214,27,16,11
103900215,638,177,461
103900216,0,150,-150
103900217,0,0,0
103900218,0,0,0
103900219,0,0,0
103900233,0,0,0
103900235,0,0,0
103900236,0,0,0
103900242,0,0,0
103900243,0,0,0
103900244,0,0,0
103900245,0,0,0
103900246,1,1,0
103900247,0,1,-1
103900248,0,0,0
103900249,0,0,0
103900250,0,0,0
103900251,0,0,0
103900253,0,0,0
103900254,0,0,0
103900255,0,0,0
103900256,0,0,0
103900257,0,0,0
103900258,0,0,0
103900259,0,0,0
103900261,0,0,0
103900262,0,0,0
103900263,0,0,0
103900264,0,0,0
103900265,0,0,0
103900266,0,0,0
103900267,0,7,-7
104000001,426,386,40
104000002,416,677,-261
104000003,489,683,-194
104000004,1409,576,833
104000005,98,464,-366
104000006,534,832,-298
104000007,905,936,-31
104000008,286,367,-81
104000009,14,59,-45
104000010,0,0,0
104000011,306,357,-51
104000012,40,291,-251
104000013,0,0,0
104000014,85,426,-341
104000015,0,0,0
104000016,70,242,-172
104000018,35,1,34
104000019,19,5,14
104000020,2,2,0
104000021,12,27,-15
104000022,5,7,-2
104000023,57,45,12
104000024,6,10,-4
104000026,1,3,-2
104000027,78,280,-202
104000028,64,53,11
104000029,87,352,-265
104000030,17,51,-34
104000031,9,5,4
104000032,16,238,-222
104000033,4,8,-4
104000034,77,349,-272
104000035,5,13,-8
104000036,11,15,-4
104000037,34,174,-140
104000038,39,55,-16
104000039,5,20,-15
104000040,23,21,2
104000041,74,55,19
104000042,32,76,-44
104000043,50,72,-22
104000044,36,164,-128
104000045,96,224,-128
104000046,180,208,-28
104000047,17,48,-31
104000048,51,107,-56
104000049,8,27,-19
104000050,6,33,-27
104000051,33,240,-207
104000052,175,397,-222
104000053,140,142,-2
104000054,36,91,-55
104000055,803,293,510
104000056,48,14,34
104000057,12,184,-172
104000058,166,188,-22
104000059,27,365,-338
104000060,59,245,-186
104000061,72,131,-59
104000062,0,0,0
104000064,88,32,56
104000065,2,23,-21
104000069,207,42,165
104000070,6,8,-2
104000071,19,93,-74
104000072,0,0,0
104000075,0,0,0
104000076,0,0,0
104000082,377,559,-182
104000083,83,43,40
104000084,25,111,-86
104000085,17,26,-9
104000086,52,94,-42
104000087,19,45,-26
104000090,41,364,-323
104000092,81,577,-496
104000094,66,446,-380
104000095,444,414,30
104000096,0,47,-47
104000097,0,0,0
104000098,0,0,0
104000100,0,0,0
104000101,156,257,-101
104000106,8,19,-11
104000107,56,196,-140
104000108,39,101,-62
104000109,0,0,0
104000110,90,86,4
104000111,197,186,11
104000112,225,47,178
104000116,1,681,-680
104000117,2,241,-239
104000118,11,27,-16
104000119,7,28,-21
104000120,3,242,-239
104000121,12,82,-70
104000122,62,125,-63
104000123,191,199,-8
104000124,409,328,81
104000125,1152,258,894
104000126,23,106,-83
104000127,459,939,-480
104000128,67,109,-42
104000129,9,1,8
104000130,4,69,-65
104000131,959,432,527
104000132,365,517,-152
104000133,351,244,107
104000134,246,152,94
104000135,91,133,-42
104000136,446,257,189
104000137,830,79,751
104000138,571,94,477
104000139,2918,431,2487
104000141,246,471,-225
104000142,96,444,-348
104000143,103,385,-282
104000144,0,0,0
104000145,0,0,0
104000146,250,415,-165
104000147,75,236,-161
104000148,0,0,0
104000149,39,233,-194
104000150,0,0,0
104000151,162,303,-141
104000152,73,510,-437
104000153,0,0,0
104000154,417,351,66
104000155,0,0,0
104000157,174,370,-196
104000158,98,55,43
104000159,64,29,35
104000160,479,194,285
104000161,0,0,0
104000162,0,0,0
104000165,0,0,0
104000167,28,81,-53
104000168,0,0,0
104000169,0,0,0
104000170,286,59,227
104000248,0,124,-124
104000251,17,109,-92
104000272,20,2,18
104000273,7,0,7
104000274,1,2,-1
104000275,19,4,15
104000279,130,60,70
104000290,22,122,-100
104000291,113,149,-36
104000293,15,25,-10
104000294,0,0,0
104000295,58,285,-227
104000296,25,112,-87
104000297,479,457,22
104000298,384,134,250
104000299,105,411,-306
104900001,0,0,0
104900002,0,0,0
104900003,0,0,0
104900004,0,0,0
104900005,0,4,-4
104900006,0,0,0
104900007,4,7,-3
104900009,0,0,0
104900010,0,0,0
104900011,0,0,0
104900012,0,0,0
104900013,0,0,0
104900014,0,0,0
104900015,0,0,0
104900016,0,0,0
104900017,0,0,0
104900018,0,0,0
104900019,0,0,0
104900020,0,0,0
104900021,0,0,0
104900022,0,0,0
104900023,0,0,0
104900024,0,0,0
104900025,0,0,0
104900026,0,0,0
104900027,0,0,0
104900028,0,0,0
104900029,0,0,0
104900030,0,0,0
104900031,0,0,0
104900032,0,0,0
104900033,0,0,0
104900034,0,0,0
104900035,0,0,0
104900036,0,0,0
104900037,0,0,0
104900038,0,0,0
104900039,0,0,0
104900040,0,0,0
104900041,0,0,0
104900042,0,0,0
104900043,0,0,0
104900044,0,0,0
104900045,0,0,0
104900046,0,0,0
104900047,0,0,0
104900048,0,0,0
104900049,0,0,0
104900050,0,0,0
104900051,0,0,0
104900052,0,0,0
104900053,0,0,0
104900054,0,0,0
104900055,0,0,0
104900056,0,0,0
104900057,0,0,0
104900058,0,0,0
104900059,0,0,0
104900060,0,2,-2
104900061,0,0,0
104900063,0,0,0
104900064,0,0,0
104900065,0,1,-1
104900066,0,0,0
104900067,0,0,0
104900068,0,0,0
104900070,0,0,0
104900071,2,129,-127
104900072,0,0,0
104900073,0,0,0
104900074,0,0,0
104900075,0,0,0
104900076,0,0,0
104900077,0,0,0
104900078,0,0,0
104900079,0,0,0
104900080,0,0,0
104900082,0,0,0
104900085,0,0,0
104900087,0,0,0
104900089,0,0,0
104900090,0,0,0
104900091,0,0,0
104900093,0,0,0
104900097,0,0,0
104900098,0,0,0
104900099,0,0,0
104900100,0,0,0
104900102,0,0,0
104900103,0,0,0
104900104,0,0,0
104900106,0,0,0
104900107,0,0,0
104900108,0,0,0
104900109,0,0,0
104900110,0,0,0
104900111,0,0,0
104900112,0,0,0
104900113,3,6,-3
104900114,0,0,0
104900115,9,21,-12
104900116,0,0,0
104900118,0,0,0
104900119,0,0,0
104900120,0,0,0
104900121,0,0,0
104900122,0,0,0
104900123,0,0,0
104900124,0,0,0
104900125,0,0,0
104900126,0,0,0
104900127,0,0,0
104900128,0,0,0
104900129,0,0,0
105000001,505,516,-11
105000002,136,367,-231
105000003,266,613,-347
105000004,84,330,-246
105000005,102,268,-166
105000006,69,184,-115
105000007,66,196,-130
105000008,35,305,-270
105000009,154,299,-145
105000010,886,1224,-338
105000011,261,250,11
105000012,1494,1801,-307
105000013,178,139,39
105000014,213,162,51
105000015,1288,455,833
105000016,1488,534,954
105000017,260,193,67
105000018,91,194,-103
105000019,24,10,14
105000020,7,107,-100
105000021,7,4,3
105000022,0,0,0
105000023,0,0,0
105000028,16,26,-10
105000029,61,141,-80
105000030,1290,1791,-501
105000033,342,1215,-873
105000034,1,0,1
105000037,55,71,-16
105000038,98,116,-18
105000039,1471,1449,22
105000040,44,42,2
105000041,223,985,-762
105000042,206,91,115
105000043,1179,1762,-583
105000044,36,25,11
105000045,60,543,-483
105000046,51,17,34
105000047,115,758,-643
105000048,5,2,3
105000049,112,350,-238
105000050,0,0,0
105000051,43,181,-138
105000052,7,61,-54
105000053,15,64,-49
105000054,1,116,-115
105000055,8,91,-83
105000056,11,294,-283
105000057,134,264,-130
105000058,161,305,-144
105000059,40,70,-30
105000060,33,205,-172
105000061,11,30,-19
105000062,177,382,-205
105000063,34,224,-190
105000064,37,107,-70
105000065,47,299,-252
105000066,154,487,-333
105000067,75,56,19
105000068,120,158,-38
105000069,317,148,169
105000070,61,64,-3
105000071,0,0,0
105000072,0,0,0
105000073,20,17,3
105000074,166,379,-213
105000075,106,145,-39
105000076,282,283,-1
105000077,640,199,441
105000078,168,162,6
105000079,483,660,-177
105000080,87,75,12
105000081,265,228,37
105000082,44,75,-31
105000083,26,29,-3
105000084,92,275,-183
105000085,50,46,4
105000086,97,174,-77
105000087,684,485,199
105000088,34,20,14
105000089,1249,1241,8
105000090,424,615,-191
105000091,1026,1062,-36
105000092,147,413,-266
105000093,8,53,-45
105000094,10,3,7
105000095,3,58,-55
105000096,5,6,-1
105000097,106,168,-62
105000098,1,1,0
105000099,86,232,-146
105000100,260,154,106
105000101,177,360,-183
105000102,315,271,44
105000103,106,403,-297
105000104,125,172,-47
105000105,27,333,-306
105000106,162,521,-359
105000107,63,50,13
105000108,179,112,67
105000109,198,395,-197
105000110,29,35,-6
105000111,18,30,-12
105000112,267,61,206
105000113,16,51,-35
105000114,0,0,0
105000115,13,43,-30
105000116,2,12,-10
105000117,47,186,-139
105000118,9,5,4
105000119,79,281,-202
105000120,5,4,1
105000121,191,303,-112
105000122,22,82,-60
105000123,130,297,-167
105000124,119,244,-125
105000125,113,429,-316
105000126,201,573,-372
105000127,178,369,-191
105000128,22,302,-280
105000129,58,85,-27
105000130,2,1,1
105000131,83,99,-16
105000132,0,0,0
105000133,101,411,-310
105000134,0,0,0
105000135,65,208,-143
105000136,4,39,-35
105000137,40,62,-22
105000138,11,59,-48
105000139,180,287,-107
105000140,0,0,0
105000141,37,163,-126
105000142,0,0,0
105000143,35,227,-192
105000144,76,292,-216
105000145,0,0,0
105000146,129,311,-182
105000147,0,0,0
105000148,0,0,0
105000149,0,0,0
105000150,539,502,37
105000151,15,26,-11
105000152,6,218,-212
105000153,46,40,6
105000154,22,272,-250
105000155,9,44,-35
105000156,66,265,-199
105000157,104,563,-459
105000158,115,85,30
105000159,34,456,-422
105000160,41,71,-30
105000161,93,611,-518
105000162,17,81,-64
105000163,155,338,-183
105000164,72,89,-17
105000165,78,190,-112
105000166,2093,68,2025
105000167,268,252,16
105000168,9,327,-318
105000169,77,250,-173
105000170,0,0,0
105000171,74,27,47
105000172,0,0,0
105000173,0,0,0
105000174,0,0,0
105000175,9,62,-53
105000176,7,31,-24
105000177,2,46,-44
105000178,0,0,0
105000179,19,20,-1
105000180,7,35,-28
105000181,0,0,0
105000182,4,23,-19
105000183,29,3,26
105000184,621,433,188
105000185,225,111,114
105000186,81,611,-530
105000187,123,61,62
105000188,12,26,-14
105000189,38,339,-301
105000190,0,0,0
105000191,97,293,-196
105000192,8,67,-59
105000193,24,63,-39
105000194,47,45,2
105000195,37,354,-317
105000196,5,32,-27
105000197,23,196,-173
105000198,131,87,44
105000199,49,59,-10
105000200,4,54,-50
105000201,18,8,10
105000203,1,23,-22
105000204,19,41,-22
105000205,9,17,-8
105000207,342,108,234
105000208,0,0,0
105000209,47,183,-136
105000212,108,292,-184
105000213,0,0,0
105000214,0,0,0
105000215,3,59,-56
105000216,49,234,-185
105000217,35,277,-242
105000218,19,235,-216
105000221,1,41,-40
105000222,3,11,-8
105000223,8,41,-33
105000226,0,0,0
105000227,0,0,0
105000228,16,98,-82
105000229,0,0,0
105000231,0,0,0
105000233,50,48,2
105000234,200,814,-614
105000235,4,16,-12
105000237,0,0,0
105000243,0,0,0
105000248,51,34,17
105000262,8,286,-278
105000269,4,25,-21
105000270,13,47,-34
105000271,0,17,-17
105000282,4,6,-2
105000287,5,6,-1
105000288,9,82,-73
105000289,111,213,-102
105000290,0,0,0
105000402,620,200,420
105000426,75,40,35
105000438,132,92,40
105000446,2189,1196,993
105000447,2301,806,1495
105000454,3,18,-15
105000455,0,0,0
105000474,0,0,0
105000477,0,2,-2
105000478,122,178,-56
105000479,5,57,-52
105000480,293,439,-146
105000481,412,454,-42
105000482,1418,1168,250
105000483,290,476,-186
105000484,529,1000,-471
105000485,697,723,-26
105000486,1027,1002,25
105000488,776,931,-155
105000489,46,108,-62
105000549,0,0,0
105000550,121,464,-343
105000551,0,0,0
105000552,1742,754,988
105900001,0,0,0
105900002,0,18,-18
105900003,0,14,-14
105900004,96,38,58
105900005,0,53,-53
105900006,0,0,0
105900007,0,0,0
105900008,5,131,-126
105900009,0,0,0
105900011,0,0,0
105900012,0,0,0
105900013,0,0,0
105900014,0,0,0
105900015,11,22,-11
105900016,0,0,0
105900017,0,0,0
105900018,10,21,-11
105900019,0,0,0
105900020,0,5,-5
105900021,0,0,0
105900022,2,19,-17
105900023,0,0,0
105900024,0,0,0
105900025,0,0,0
105900026,8,0,8
105900027,0,0,0
105900028,0,44,-44
105900029,7,58,-51
105900030,7,46,-39
105900031,23,32,-9
105900032,17,25,-8
105900033,6,30,-24
105900034,11,53,-42
105900035,10,33,-23
105900036,4,16,-12
105900037,8,14,-6
105900038,5,29,-24
105900039,2,12,-10
105900040,6,14,-8
105900041,9,21,-12
105900042,0,27,-27
105900043,46,1,45
105900044,0,19,-19
105900045,0,91,-91
105900046,1,48,-47
105900047,0,6,-6
105900048,1,80,-79
105900050,0,0,0
105900051,0,0,0
105900052,0,0,0
105900053,404,11,393
105900054,15,30,-15
105900056,0,0,0
105900057,0,0,0
105900058,0,1,-1
105900059,0,0,0
106000001,373,210,163
106000002,680,1294,-614
106000003,611,429,182
106000004,938,753,185
106000005,464,588,-124
106000006,1911,1697,214
106000007,121,53,68
106000008,220,203,17
106000009,63,29,34
106000010,193,243,-50
106000011,102,95,7
106000012,215,611,-396
106000013,154,198,-44
106000014,606,598,8
106000015,83,157,-74
106000016,316,867,-551
106000017,201,93,108
106000018,249,406,-157
106000019,23,50,-27
106000020,39,236,-197
106000021,58,54,4
106000022,66,218,-152
106000023,42,34,8
106000024,141,407,-266
106000025,38,37,1
106000026,126,204,-78
106000027,67,93,-26
106000028,232,491,-259
106000029,396,836,-440
106000030,100,66,34
106000034,184,221,-37
106000035,68,117,-49
106000036,94,93,1
106000037,385,593,-208
106000038,0,0,0
106000039,0,0,0
106000040,34,218,-184
106000041,104,99,5
106000043,0,0,0
106000046,0,0,0
106000047,4,56,-52
106000049,19,3,16
106000050,58,492,-434
106000051,3,9,-6
106000052,21,438,-417
106000053,0,0,0
106000054,127,281,-154
106000055,0,0,0
106000056,105,350,-245
106000057,0,0,0
106000058,23,155,-132
106000059,1,1,0
106000060,205,379,-174
106000061,0,3,-3
106000062,54,377,-323
106000063,2,6,-4
106000064,22,269,-247
106000065,3,14,-11
106000066,17,182,-165
106000067,4,10,-6
106000068,18,322,-304
106000069,7,5,2
106000070,41,347,-306
106000071,22,16,6
106000072,1205,371,834
106000073,343,286,57
106000074,53,193,-140
106000075,56,294,-238
106000076,162,492,-330
106000077,554,367,187
106000078,76,347,-271
106000079,62,326,-264
106000080,193,332,-139
106000081,21,289,-268
106000082,597,418,179
106000083,29,364,-335
106000084,120,313,-193
106000085,134,264,-130
106000086,58,227,-169
106000087,72,185,-113
106000088,9,277,-268
106000089,60,198,-138
106000090,2,267,-265
106000091,64,215,-151
106000092,0,37,-37
106000093,0,0,0
106000094,16,148,-132
106000095,47,271,-224
106000096,16,194,-178
106000097,33,461,-428
106000098,8,313,-305
106000099,7,527,-520
106000100,24,41,-17
106000101,11,30,-19
106000102,2,257,-255
106000103,15,76,-61
106000104,98,61,37
106000105,18,116,-98
106000106,37,58,-21
106000107,8,86,-78
106000108,22,38,-16
106000109,7,80,-73
106000110,22,20,2
106000111,13,90,-77
106000112,21,44,-23
106000113,130,93,37
106000114,71,53,18
106000115,30,62,-32
106000116,57,34,23
106000117,173,292,-119
106000118,75,138,-63
106000119,788,323,465
106000120,49,36,13
106000121,0,4,-4
106000122,6,59,-53
106000123,6,6,0
106000124,3,45,-42
106000125,1,83,-82
106000126,0,5,-5
106000127,19,139,-120
106000128,0,5,-5
106000129,69,170,-101
106000130,0,0,0
106000131,24,150,-126
106000132,0,0,0
106000133,1429,235,1194
106000134,0,0,0
106000135,42,301,-259
106000136,0,0,0
106000137,21,667,-646
106000138,0,0,0
106000139,0,0,0
106000140,3,76,-73
106000141,5,87,-82
106000142,0,0,0
106000143,4,89,-85
106000144,0,0,0
106000145,24,234,-210
106000146,0,0,0
106000147,56,120,-64
106000148,51,229,-178
106000149,63,68,-5
106000150,58,326,-268
106000151,1073,111,962
106000152,109,103,6
106000153,5,164,-159
106000154,127,29,98
106000155,3,10,-7
106000156,57,57,0
106000157,121,581,-460
106000158,731,100,631
106000159,1380,409,971
106000160,20,247,-227
106000161,364,181,183
106000162,5,103,-98
106000163,29,248,-219
106000164,11,60,-49
106000165,26,284,-258
106000166,62,98,-36
106000167,56,568,-512
106000168,24,88,-64
106000169,12,300,-288
106000170,53,83,-30
106000171,13,278,-265
106000172,317,316,1
106000173,100,805,-705
106000174,19,107,-88
106000175,40,402,-362
106000176,28,78,-50
106000177,96,874,-778
106000178,186,151,35
106000179,181,713,-532
106000180,210,804,-594
106000181,36,657,-621
106000182,49,193,-144
106000183,52,400,-348
106000184,119,382,-263
106000185,64,244,-180
106000186,98,30,68
106000187,11,192,-181
106000188,0,0,0
106000189,0,1,-1
106000190,0,0,0
106000191,31,34,-3
106000192,0,14,-14
106000193,33,29,4
106000194,21,84,-63
106000195,11,13,-2
106000196,1,73,-72
106000197,40,64,-24
106000198,11,99,-88
106000199,206,69,137
106000200,180,46,134
106000201,58,61,-3
106000202,2497,123,2374
106000203,16,99,-83
106000204,0,0,0
106000205,16,90,-74
106000206,0,0,0
106000207,14,431,-417
106000208,24,3,21
106000209,14,24,-10
106000210,67,528,-461
106000211,118,758,-640
106000212,7,0,7
106000213,59,343,-284
106000214,167,39,128
106000215,10,49,-39
106000216,14,34,-20
106000217,13,57,-44
106000218,37,46,-9
106000219,10,31,-21
106000220,26,28,-2
106000221,18,114,-96
106000222,0,0,0
106000223,0,0,0
106000224,18,99,-81
106000225,0,0,0
106000226,14,132,-118
106000228,11,69,-58
106000229,13,372,-359
106000231,12,3,9
106000232,4,155,-151
106000233,3,2,1
106000234,3,126,-123
106000235,3,1,2
106000236,8,15,-7
106000237,0,2,-2
106000238,0,0,0
106000239,1,9,-8
106000240,0,0,0
106000241,18,259,-241
106000242,7,0,7
106000249,0,0,0
106000250,2,120,-118
106000251,0,0,0
106000252,0,29,-29
106000253,0,0,0
106000254,13,35,-22
106000255,0,0,0
106000256,31,43,-12
106000257,16,113,-97
106000258,0,0,0
106000259,0,6,-6
106000260,0,0,0
106000261,0,22,-22
106000262,0,0,0
106000263,0,10,-10
106000264,0,0,0
106000265,2,33,-31
106000266,0,0,0
106000267,0,25,-25
106000268,0,0,0
106000269,14,9,5
106000270,11,170,-159
106000271,0,0,0
106000272,10,10,0
106000273,0,0,0
106000274,22,5,17
106000275,1,1,0
106000276,9,5,4
106000277,1,2,-1
106000278,17,10,7
106000279,0,13,-13
106000280,2,25,-23
106000281,4,11,-7
106000282,3,10,-7
106000283,8,7,1
106000284,6,8,-2
106000285,7,14,-7
106000286,8,24,-16
106000287,0,13,-13
106000288,10,24,-14
106000289,3,13,-10
106000290,2,29,-27
106000291,5,12,-7
106000292,7,35,-28
106000293,2,14,-12
106000294,4,28,-24
106000295,7,7,0
106000296,7,26,-19
106000297,21,8,13
106000298,17,11,6
106000299,13,5,8
106000300,5,18,-13
106000301,5,25,-20
106000303,0,0,0
106000304,2,12,-10
106000305,0,0,0
106000306,9,9,0
106000307,0,0,0
106000308,4,23,-19
106000309,2,6,-4
106000310,21,121,-100
106000311,16,17,-1
106000312,10,27,-17
106000313,10,20,-10
106000318,15,50,-35
106000319,46,1,45
106000320,0,0,0
106000321,5,4,1
106000322,6,80,-74
106000324,0,7,-7
106000325,94,80,14
106000326,325,784,-459
106000327,0,0,0
106000328,0,0,0
106000329,7,64,-57
106000330,8,42,-34
106000428,20,56,-36
106000429,33,128,-95
106000430,76,363,-287
106000431,68,53,15
106000432,293,838,-545
106000433,163,177,-14
106000434,218,64,154
106000435,772,969,-197
106000436,5,222,-217
106000437,0,0,0
106000438,0,0,0
106000439,37,246,-209
106000440,25,49,-24
106000441,0,0,0
106000442,0,0,0
106000443,3,24,-21
106000450,2,103,-101
106000451,0,0,0
106000454,1,4,-3
106000455,1,83,-82
106000456,0,0,0
106000457,7,572,-565
106000458,0,0,0
106000459,4,182,-178
106000460,0,0,0
106000461,12,805,-793
106000462,0,5,-5
106000463,0,0,0
106000464,6,209,-203
106000465,0,0,0
106000466,3,330,-327
106000467,175,177,-2
106000468,0,5,-5
106000469,0,2,-2
106000470,72,229,-157
106000471,4,220,-216
106000472,0,0,0
106000473,1,7,-6
106000474,126,331,-205
106000475,34,32,2
106000476,43,18,25
106000477,5,28,-23
106900001,0,0,0
106900002,0,0,0
106900003,0,0,0
106900004,0,2,-2
106900006,0,1,-1
106900007,0,0,0
106900008,0,0,0
106900009,0,0,0
106900010,0,0,0
106900012,0,0,0
106900013,0,0,0
106900014,0,0,0
106900015,0,0,0
106900016,0,0,0
106900017,0,0,0
106900018,0,0,0
106900019,1,0,1
106900020,0,0,0
106900021,0,0,0
106900022,0,0,0
106900023,0,0,0
106900024,0,0,0
106900025,0,0,0
106900026,0,0,0
106900027,0,0,0
107000001,379,506,-127
107000002,1262,1965,-703
107000003,731,946,-215
107000004,2370,3017,-647
107000005,214,541,-327
107000006,1217,3119,-1902
107000007,755,841,-86
107000008,10319,7023,3296
107000009,469,556,-87
107000010,6224,5023,1201
107000011,483,397,86
107000012,907,1009,-102
107000013,17,173,-156
107000014,16,222,-206
107000015,105,667,-562
107000016,90,682,-592
107000017,953,225,728
107000018,3,105,-102
107000020,274,83,191
107000021,549,361,188
107000022,151,800,-649
107000023,630,159,471
107000024,165,1368,-1203
107000025,52,98,-46
107000026,18,376,-358
107000027,341,164,177
107000028,271,487,-216
107000029,260,263,-3
107000030,414,1001,-587
107000031,207,402,-195
107000032,18,64,-46
107000033,969,1622,-653
107000034,2650,760,1890
107000035,18,11,7
107000036,40,244,-204
107000037,1,37,-36
107000038,99,152,-53
107000039,0,0,0
107000040,45,150,-105
107000041,252,107,145
107000042,168,372,-204
107000043,477,177,300
107000044,130,154,-24
107000045,10,105,-95
107000046,62,73,-11
107000047,42,195,-153
107000048,46,80,-34
107000049,23,194,-171
107000050,59,89,-30
107000051,90,82,8
107000052,200,67,133
107000053,15,11,4
107000054,10,105,-95
107000055,40,8,32
107000056,79,308,-229
107000057,127,29,98
107000058,0,0,0
107000059,438,1200,-762
107000060,44,68,-24
107000061,1374,1583,-209
107000062,33,50,-17
107000063,812,2228,-1416
107000064,41,63,-22
107000065,760,2241,-1481
107000066,27,68,-41
107000067,20,44,-24
107000068,0,0,0
107000069,0,0,0
107000070,0,1,-1
107000071,0,0,0
107000072,9,1630,-1621
107000073,0,0,0
107000074,55,508,-453
107000075,0,0,0
107000076,285,1265,-980
107000077,0,0,0
107000078,309,1648,-1339
107000079,0,0,0
107000080,282,1466,-1184
107000081,9,5,4
107000082,102,1211,-1109
107000083,4,6,-2
107000084,172,1079,-907
107000085,453,525,-72
107000086,456,680,-224
107000087,264,445,-181
107000088,311,750,-439
107000089,96,159,-63
107000090,279,395,-116
107000091,86,162,-76
107000092,288,439,-151
107000093,67,167,-100
107000094,205,508,-303
107000095,0,0,0
107000096,226,481,-255
107000097,0,0,0
107000098,96,191,-95
107000099,0,0,0
107000100,99,81,18
107000101,0,0,0
107000102,112,133,-21
107000103,0,0,0
107000104,59,119,-60
107000105,1,0,1
107000106,23,105,-82
107000107,3,0,3
107000108,47,364,-317
107000109,0,0,0
107000110,24,244,-220
107000111,0,0,0
107000112,1,189,-188
107000113,0,0,0
107000114,28,229,-201
107000115,0,0,0
107000116,25,425,-400
107000117,0,0,0
107000118,29,108,-79
107000119,157,26,131
107000120,761,275,486
107000121,49,24,25
107000122,186,407,-221
107000123,22,23,-1
107000124,82,437,-355
107000125,58,27,31
107000126,103,609,-506
107000127,12,257,-245
107000129,30,85,-55
107000130,0,0,0
107000131,149,186,-37
107000132,0,0,0
107000133,3,13,-10
107000134,2,0,2
107000135,0,17,-17
107000136,8,0,8
107000137,0,21,-21
107000138,5,3,2
107000139,3,59,-56
107000140,63,2,61
107000141,14,98,-84
107000142,13,0,13
107000143,4,117,-113
107000144,11,8,3
107000145,7,52,-45
107000146,11,3,8
107000147,433,24,409
107000150,16,20,-4
107000151,5,14,-9
107000152,0,57,-57
107000153,38,58,-20
107000154,2,9,-7
107000155,25,2,23
107000156,77,0,77
107000157,2,376,-374
107000158,16,1,15
107000159,0,127,-127
107000160,10,3,7
107000161,0,181,-181
107000162,16,24,-8
107000163,0,0,0
107000164,0,0,0
107000165,0,0,0
107000166,7,437,-430
107000167,23,25,-2
107000168,51,13,38
107000169,96,503,-407
107000170,47,21,26
107000171,60,1488,-1428
107000172,17,31,-14
107000173,113,440,-327
107000174,104,248,-144
107000175,2788,488,2300
107000176,0,0,0
107000177,0,0,0
107000178,0,0,0
107000179,74,1212,-1138
107000180,0,0,0
107000181,53,474,-421
107000182,13,114,-101
107000183,59,402,-343
107000184,11,118,-107
107000185,36,553,-517
107000186,0,0,0
107000187,114,140,-26
107000188,74,74,0
107000189,10,101,-91
107000190,57,182,-125
107000191,1,9,-8
107000192,137,257,-120
107000193,2,5,-3
107000194,183,221,-38
107000197,0,0,0
107000198,23,375,-352
107000199,220,323,-103
107000200,0,0,0
107000201,75,91,-16
107000202,0,0,0
107000203,189,216,-27
107000204,20,10,10
107000205,1293,636,657
107000206,0,0,0
107000207,35,22,13
107000208,78,9,69
107000209,94,11,83
107000210,259,63,196
107000211,0,0,0
107000212,0,94,-94
107000213,0,0,0
107000214,2,6,-4
107000215,6,51,-45
107000216,1,63,-62
107000217,1,11,-10
107000219,2,5,-3
107000220,4,32,-28
107000222,84,211,-127
107000224,0,0,0
107000225,35,154,-119
107000226,0,0,0
107000227,12,137,-125
107000228,7,26,-19
107000229,21,13,8
107000230,302,169,133
107000231,10,20,-10
107000232,0,0,0
107000233,42,39,3
107000234,0,0,0
107000235,0,1,-1
107000236,22,404,-382
107000237,0,0,0
107000238,0,1,-1
107000239,206,11,195
107000240,1,289,-288
107000241,40,13,27
107000242,189,56,133
107000243,0,31,-31
107000244,3,99,-96
107000246,4,672,-668
107000249,2,331,-329
107000251,0,120,-120
107000252,2,561,-559
107000255,82,26,56
107000257,2,63,-61
107000258,0,14,-14
107000259,0,27,-27
107000260,0,0,0
107000262,0,88,-88
107000263,0,0,0
107000266,0,0,0
107000267,1,24,-23
107000268,7,17,-10
107000269,0,0,0
107000270,0,0,0
107000271,0,193,-193
107000272,0,43,-43
107000273,2,44,-42
107000274,42,67,-25
107000275,27,121,-94
107000280,8,0,8
107000281,1,147,-146
107000282,7,315,-308
107000290,0,12,-12
107000291,0,0,0
107000292,1,8,-7
107000293,0,0,0
107000294,0,12,-12
107000295,0,0,0
107000296,0,0,0
107000444,22,2,20
107000496,0,0,0
107000497,230,1415,-1185
107000500,0,0,0
107000501,0,0,0
107000502,0,0,0
107000505,93,236,-143
107000506,0,4,-4
107000508,1,234,-233
107000509,15,17,-2
107000510,0,0,0
107000514,0,16,-16
107000515,1,41,-40
107000516,0,0,0
107000518,0,0,0
107000519,790,646,144
107000520,0,0,0
107900001,0,1,-1
107900002,0,0,0
107900003,2,0,2
107900004,3,0,3
107900005,24,0,24
107900006,0,0,0
107900007,4,0,4
107900008,20,12,8
107900009,0,0,0
107900010,0,0,0
107900012,26,0,26
107900013,13,13,0
107900014,0,0,0
107900015,35,0,35
107900016,14,4,10
107900017,0,0,0
107900018,2,0,2
107900019,0,6,-6
107900020,0,0,0
107900021,3,27,-24
107900023,0,1,-1
107900024,0,0,0
107900025,7,22,-15
107900026,0,17,-17
107900027,0,0,0
107900028,0,33,-33
107900030,11,0,11
107900031,2,50,-48
107900032,0,1,-1
107900033,1,0,1
107900034,11,0,11
107900035,32,2,30
107900036,0,0,0
107900037,0,0,0
107900038,25,2,23
107900039,0,10,-10
107900040,0,0,0
107900041,0,0,0
107900043,0,17,-17
107900044,0,0,0
107900045,7,6,1
107900046,3,3,0
107900047,0,0,0
107900048,6,0,6
107900049,10,41,-31
107900050,22,52,-30
107900051,2,11,-9
107900052,0,0,0
107900053,1,17,-16
107900055,21,25,-4
107900056,2,0,2
107900057,0,0,0
107900058,22,154,-132
107900060,0,0,0
107900061,0,0,0
107900063,4,17,-13
107900064,12,0,12
107900065,6,2,4
107900066,0,0,0
107900067,0,0,0
107900068,2,15,-13
107900069,0,5,-5
107900070,0,0,0
107900071,0,287,-287
107900072,2,28,-26
107900073,0,0,0
107900074,0,0,0
107900076,3,14,-11
107900077,0,0,0
107900078,17,1,16
107900079,0,1,-1
107900080,14,8,6
107900081,0,0,0
107900082,0,0,0
107900083,13,15,-2
107900084,2,6,-4
107900086,5,8,-3
107900087,66,4,62
107900088,0,0,0
107900089,28,58,-30
107900090,26,36,-10
107900091,4,69,-65
107900092,457,85,372
107900093,0,0,0
107900095,206,107,99
107900097,1,6,-5
107900098,1,4,-3
107900100,196,40,156
107900101,299,37,262
107900102,0,0,0
107900103,6,20,-14
107900104,0,0,0
107900105,0,115,-115
107900106,2,365,-363
107900107,388,25,363
107900108,5,1,4
107900109,0,0,0
107900110,0,11,-11
107900111,1,286,-285
107900112,13,30,-17
107900113,0,0,0
107900114,1,26,-25
107900115,0,0,0
107900116,1,56,-55
107900117,13,47,-34
107900118,12,33,-21
107900119,3,7,-4
107900120,0,0,0
107900121,0,7,-7
107900122,0,4,-4
107900123,1,11,-10
107900124,0,1,-1
107900125,1,53,-52
107900126,0,21,-21
107900127,149,12,137
107900128,2,1,1
107900129,0,7,-7
107900130,0,0,0
107900131,21,3,18
107900132,6,112,-106
107900133,1,6,-5
107900134,0,0,0
107900135,1,44,-43
107900136,8,7,1
107900137,2,7,-5
107900138,0,4,-4
107900139,0,0,0
107900140,12,12,0
107900141,4,4,0
107900142,13,239,-226
107900143,6,7,-1
107900144,0,50,-50
107900145,4,17,-13
107900146,1,5,-4
107900147,1,1,0
107900148,39,33,6
107900149,500,32,468
107900150,10,155,-145
107900151,0,34,-34
107900152,1,53,-52
107900153,1,7,-6
107900154,1,1,0
107900155,0,0,0
107900156,0,0,0
107900157,3,16,-13
107900158,14,0,14
107900159,10,243,-233
107900160,6,48,-42
107900161,2,64,-62
107900162,0,57,-57
107900163,0,0,0
107900164,1,8,-7
107900165,1,1,0
107900166,0,82,-82
107900167,0,0,0
107900168,0,8,-8
107900169,0,54,-54
107900171,0,463,-463
107900172,1,125,-124
107900173,1,76,-75
107900174,5,2,3
107900175,0,0,0
107900176,0,6,-6
107900177,0,60,-60
107900178,0,88,-88
107900179,0,32,-32
107900180,128,9,119
107900181,121,95,26
107900182,0,394,-394
107900183,0,104,-104
107900184,0,3,-3
107900185,9,0,9
107900186,3,1,2
107900187,0,78,-78
107900188,89,19,70
107900189,0,35,-35
107900190,18,0,18
107900191,2,30,-28
107900193,1,22,-21
107900194,15,0,15
107900195,660,56,604
107900196,0,1,-1
107900197,20,5,15
107900199,0,176,-176
107900201,9,34,-25
107900203,0,16,-16
107900204,73,72,1
107900205,23,174,-151
107900206,11,9,2
107900207,1,204,-203
107900208,0,175,-175
107900209,53,25,28
107900210,9,28,-19
107900213,43,99,-56
107900214,0,59,-59
107900215,41,130,-89
107900216,1,4,-3
107900217,0,0,0
107900218,2,156,-154
107900219,1,39,-38
107900220,26,17,9
107900221,25,58,-33
107900223,0,1,-1
107900224,20,92,-72
107900225,1,73,-72
107900226,1,23,-22
107900227,16,106,-90
107900228,0,28,-28
107900229,0,81,-81
107900230,0,18,-18
107900231,0,0,0
107900232,5,69,-64
107900233,1,24,-23
107900234,13,99,-86
107900235,22,30,-8
107900236,5,32,-27
107900237,21,175,-154
107900238,0,0,0
107900239,268,158,110
107900240,0,30,-30
107900241,1,20,-19
107900242,0,99,-99
107900243,0,5,-5
107900244,0,0,0
107900245,7,0,7
107900246,0,0,0
107900248,13,191,-178
107900249,0,0,0
107900250,0,103,-103
107900251,2,258,-256
107900252,0,0,0
107900253,0,0,0
107900254,0,20,-20
107900255,57,4,53
107900256,28,125,-97
107900257,6,2,4
107900258,2,31,-29
107900259,2,22,-20
107900261,1,159,-158
107900262,0,0,0
107900264,0,0,0
107900265,0,13,-13
107900267,1,1,0
107900268,0,0,0
107900269,0,0,0
107900270,0,0,0
107900271,0,0,0
107900272,0,0,0
107900273,0,34,-34
107900274,0,0,0
107900275,0,0,0
107900276,0,32,-32
107900277,0,56,-56
107900278,0,74,-74
107900279,14,2,12
107900280,6,109,-103
107900281,513,76,437
107900282,2,14,-12
107900283,55,22,33
107900284,9,283,-274
107900285,0,11,-11
107900286,15,19,-4
107900287,1,11,-10
107900290,0,11,-11
107900291,18,0,18
107900292,8,55,-47
107900293,3,32,-29
107900295,2,28,-26
107900297,0,59,-59
107900298,60,116,-56
107900299,730,112,618
107900300,7,41,-34
107900301,8,23,-15
107900302,10,2,8
107900303,1,57,-56
107900304,1,135,-134
107900305,3,0,3
107900306,0,0,0
107900307,9,97,-88
107900308,34,0,34
107900309,1,0,1
107900310,0,0,0
107900311,4,9,-5
107900312,0,0,0
107900313,0,2,-2
107900314,0,10,-10
107900315,0,12,-12
107900316,0,0,0
107900317,4,0,4
107900318,0,20,-20
107900319,0,58,-58
107900320,0,43,-43
107900321,0,0,0
107900322,0,34,-34
107900323,0,22,-22
107900324,3,0,3
107900325,2,0,2
107900326,2,116,-114
107900327,1,0,1
107900328,0,0,0
107900329,0,0,0
107900330,0,94,-94
107900331,4,1,3
107900332,2,2,0
107900333,1,0,1
107900334,1,68,-67
107900335,8,18,-10
107900336,0,6,-6
107900337,255,23,232
107900338,0,43,-43
107900339,0,11,-11
107900340,0,16,-16
107900341,1,0,1
107900342,8,22,-14
107900343,0,1,-1
107900344,0,39,-39
107900345,0,7,-7
107900346,0,0,0
107900347,0,0,0
107900348,0,0,0
107900349,0,0,0
107900350,3,69,-66
108000001,423,525,-102
108000002,1397,2169,-772
108000003,480,294,186
108000004,8984,7550,1434
108000005,368,403,-35
108000006,1488,3233,-1745
108000007,392,529,-137
108000008,1479,3011,-1532
108000009,237,625,-388
108000010,667,2669,-2002
108000011,1434,996,438
108000012,8205,7109,1096
108000014,11,90,-79
108000015,5,48,-43
108000016,43,423,-380
108000017,3,48,-45
108000018,11,50,-39
108000019,1,55,-54
108000020,0,0,0
108000021,133,895,-762
108000022,159,638,-479
108000023,2,2,0
108000024,15,228,-213
108000025,3,103,-100
108000026,15,247,-232
108000027,14,273,-259
108000028,6,160,-154
108000029,17,387,-370
108000030,8,89,-81
108000031,48,383,-335
108000032,0,0,0
108000033,104,517,-413
108000034,1,1,0
108000035,209,1265,-1056
108000036,71,768,-697
108000037,117,23,94
108000038,44,16,28
108000039,90,1202,-1112
108000040,33,24,9
108000041,255,1387,-1132
108000042,2,99,-97
108000043,14,212,-198
108000044,4,55,-51
108000045,33,618,-585
108000046,2,2,0
108000047,75,622,-547
108000048,60,454,-394
108000049,31,11,20
108000050,14,222,-208
108000051,5,14,-9
108000052,120,215,-95
108000053,18,13,5
108000054,97,314,-217
108000055,27,30,-3
108000056,310,451,-141
108000057,8,67,-59
108000058,57,246,-189
108000059,1068,486,582
108000060,3,24,-21
108000061,49,153,-104
108000062,21,11,10
108000063,33,220,-187
108000064,0,0,0
108000065,72,192,-120
108000066,376,68,308
108000067,59,76,-17
108000068,0,0,0
108000069,30,736,-706
108000070,0,0,0
108000071,110,1015,-905
108000072,0,0,0
108000073,262,896,-634
108000074,0,0,0
108000075,32,381,-349
108000076,0,0,0
108000077,142,478,-336
108000078,19,60,-41
108000079,489,941,-452
108000080,1,28,-27
108000081,130,1173,-1043
108000082,204,758,-554
108000083,43,12,31
108000084,40,507,-467
108000085,4,6,-2
108000086,156,298,-142
108000087,0,25,-25
108000088,0,0,0
108000089,43,53,-10
108000090,9,1,8
108000091,24,293,-269
108000092,1,2,-1
108000093,62,356,-294
108000094,0,0,0
108000095,71,256,-185
108000096,0,0,0
108000097,40,340,-300
108000098,39,148,-109
108000099,0,0,0
108000100,0,0,0
108000101,0,0,0
108000102,117,224,-107
108000106,0,0,0
108000107,0,291,-291
108000108,0,0,0
108000109,2,367,-365
108000110,23,57,-34
108000111,80,450,-370
108000112,0,0,0
108000113,22,20,2
108000115,80,92,-12
108000117,120,86,34
108000118,12,81,-69
108000119,60,235,-175
108000120,5,96,-91
108000121,4,279,-275
108000122,14,78,-64
108000123,4,1,3
108000124,16,375,-359
108000125,2,1,1
108000126,24,334,-310
108000127,0,0,0
108000128,33,472,-439
108000129,23,767,-744
108000130,5,2,3
108000131,0,5,-5
108000132,209,447,-238
108000133,4,4,0
108000134,126,608,-482
108000135,26,9,17
108000136,192,790,-598
108000137,2,4,-2
108000138,22,137,-115
108000139,0,18,-18
108000140,22,6,16
108000141,7,78,-71
108000142,39,148,-109
108000143,12,84,-72
108000144,5,4,1
108000145,9,112,-103
108000146,6,4,2
108000147,10,105,-95
108000148,3,2,1
108000149,12,49,-37
108000150,5,0,5
108000151,2,1,1
108000152,14,88,-74
108000153,3,4,-1
108000154,7,24,-17
108000155,1,2,-1
108000156,124,13,111
108000157,4,11,-7
108000158,14,94,-80
108000159,38,7,31
108000160,955,183,772
108000161,806,213,593
108000165,0,9,-9
108000172,0,0,0
108000173,529,53,476
108000175,0,35,-35
108000178,116,158,-42
108000179,0,0,0
108000181,1,4,-3
108000182,5,0,5
108000183,0,23,-23
108000184,153,147,6
108000185,5,196,-191
108000186,3,8,-5
108000187,9,180,-171
108000188,6,23,-17
108000189,19,29,-10
108000190,9,64,-55
108000192,11,233,-222
108000193,200,11,189
108000194,0,0,0
108000195,2,995,-993
108000196,0,29,-29
108000198,56,120,-64
108000199,0,78,-78
108000200,9,109,-100
108000202,5,146,-141
108000203,3,288,-285
108000204,15,2,13
108000205,95,125,-30
108000339,77,19,58
108000364,3,13,-10
108000365,0,33,-33
108000367,5,34,-29
108000368,0,29,-29
108000369,545,21,524
108000371,1,294,-293
108000372,0,0,0
108000373,0,0,0
108000376,20,5,15
108000377,23,1,22
108000378,1756,904,852
108000379,8,48,-40
108000381,0,0,0
108000382,0,0,0
108000383,0,12,-12
108900001,23,53,-30
108900002,7,7,0
108900003,36,110,-74
108900004,155,59,96
108900005,2,19,-17
108900006,90,41,49
108900007,2,19,-17
108900008,3,24,-21
108900009,2,15,-13
108900010,6,17,-11
108900011,10,54,-44
108900012,18,106,-88
108900013,4,40,-36
108900014,0,8,-8
108900015,0,2,-2
108900016,0,33,-33
108900017,0,7,-7
108900018,4,99,-95
108900019,3,207,-204
108900020,1,48,-47
108900021,8,43,-35
108900022,0,0,0
108900023,0,4,-4
108900024,0,20,-20
108900025,0,0,0
108900026,0,13,-13
108900027,0,19,-19
108900028,3,103,-100
108900029,0,26,-26
108900030,0,35,-35
108900031,2,119,-117
108900032,2,31,-29
108900033,0,15,-15
108900034,0,25,-25
108900035,8,347,-339
108900036,13,53,-40
108900037,0,49,-49
108900038,0,62,-62
108900039,0,27,-27
108900040,0,18,-18
108900041,552,74,478
108900042,1,44,-43
108900043,12,42,-30
108900044,0,147,-147
108900045,5,70,-65
108900046,3,133,-130
108900047,0,11,-11
108900048,1,80,-79
108900049,493,41,452
108900050,0,31,-31
108900051,0,61,-61
108900052,0,42,-42
108900053,4,4,0
108900054,3,5,-2
108900055,4,58,-54
108900056,0,55,-55
108900057,1,53,-52
108900058,1,101,-100
108900059,9,0,9
108900060,0,0,0
108900061,4,0,4
108900062,0,83,-83
108900063,1,51,-50
108900064,3,0,3
108900065,0,19,-19
108900066,0,0,0
108900067,1,44,-43
108900068,0,17,-17
108900069,0,4,-4
108900070,2,7,-5
108900071,0,0,0
108900072,5,0,5
108900073,0,5,-5
108900074,0,40,-40
108900075,1,3,-2
108900076,0,0,0
108900077,2,14,-12
108900078,0,19,-19
108900079,18,16,2
108900080,0,0,0
108900081,11,60,-49
108900082,1,10,-9
108900083,0,0,0
108900084,17,8,9
108900085,217,12,205
108900086,0,31,-31
108900087,13,12,1
108900088,0,0,0
108900089,0,0,0
108900090,0,29,-29
108900091,6,9,-3
108900092,0,4,-4
108900093,0,0,0
108900094,4,5,-1
108900095,3,37,-34
108900096,24,0,24
108900097,1,102,-101
108900098,3,0,3
108900099,1,107,-106
108900100,2,14,-12
108900101,0,0,0
108900102,0,9,-9
108900103,0,0,0
108900104,40,36,4
108900105,0,0,0
108900106,1,134,-133
108900108,0,0,0
108900109,0,0,0
108900110,2,84,-82
108900111,1,168,-167
108900112,0,0,0
108900113,0,1,-1
108900114,0,0,0
108900115,0,0,0
108900116,0,0,0
108900117,0,0,0
108900118,0,0,0
108900119,0,0,0
108900120,0,0,0
108900121,0,0,0
108900122,0,0,0
108900123,0,0,0
108900124,2,3,-1
108900125,0,0,0
108900126,2,0,2
108900127,0,0,0
108900128,0,0,0
108900129,0,0,0
108900130,0,0,0
108900131,3,0,3
108900132,0,0,0
108900133,0,0,0
108900134,0,0,0
108900135,0,0,0
108900136,0,0,0
108900137,1,0,1
108900138,0,0,0
108900139,0,0,0
108900140,0,0,0
108900141,0,0,0
108900142,0,0,0
108900143,0,0,0
108900144,1,0,1
108900145,0,0,0
108900146,0,0,0
108900147,4,0,4
108900148,0,0,0
108900149,51,34,17
108900150,0,0,0
108900151,0,0,0
108900152,4,6,-2
108900153,0,40,-40
108900154,1,1,0
108900155,0,8,-8
108900156,0,0,0
108900157,1,43,-42
108900158,0,0,0
108900159,0,32,-32
108900160,0,23,-23
108900161,0,63,-63
108900162,0,0,0
108900163,0,0,0
108900164,1,13,-12
108900165,11,10,1
108900167,95,27,68
108900168,820,48,772
108900169,2,9,-7
108900171,503,208,295
108900172,0,0,0
108900173,6,20,-14
108900174,0,0,0
108900176,10,98,-88
108900177,991,73,918
108900178,298,24,274
108900179,4,7,-3
108900180,0,0,0
108900182,0,0,0
108900183,5,21,-16
108900184,1,3,-2
108900185,2,44,-42
108900186,4,48,-44
108900187,0,0,0
108900188,0,0,0
108900189,0,0,0
108900190,3,466,-463
108900191,0,1,-1
108900192,2,43,-41
108900193,0,0,0
108900194,1,47,-46
108900195,1,48,-47
108900196,2,114,-112
108900198,0,87,-87
108900199,9,72,-63
108900200,59,53,6
108900201,8,133,-125
108900203,1,0,1
108900204,2,0,2
108900205,5,1,4
108900206,0,0,0
108900207,0,0,0
108900208,11,44,-33
108900209,16,88,-72
108900210,2,10,-8
108900211,11,10,1
108900212,62,34,28
108900215,6,82,-76
108900216,0,5,-5
108900217,0,0,0
108900218,0,0,0
108900219,0,0,0
108900220,0,0,0
108900221,1,7,-6
108900222,0,0,0
108900223,0,1,-1
108900224,1,11,-10
108900225,0,18,-18
108900226,0,0,0
108900227,0,4,-4
108900230,27,20,7
108900231,4,33,-29
108900232,0,67,-67
108900233,0,0,0
108900234,0,0,0
108900235,7,56,-49
108900236,3,27,-24
108900237,2,18,-16
108900240,0,10,-10
108900241,0,0,0
108900245,0,0,0
108900249,0,0,0
108900250,3,31,-28
108900257,0,98,-98
108900258,2,11,-9
108900259,0,3,-3
108900260,0,4,-4
108900261,1,3,-2
108900262,0,2,-2
108900263,0,0,0
108900264,0,0,0
108900265,0,0,0
108900266,0,0,0
108900267,0,0,0
108900268,0,0,0
108900269,0,0,0
108900270,0,0,0
108900271,0,0,0
108900272,0,0,0
108900273,0,0,0
108900274,5,15,-10
109000001,462,140,322
109000002,3979,569,3410
109000003,272,134,138
109000004,348,1626,-1278
109000005,183,141,42
109000006,348,1251,-903
109000007,118,123,-5
109000008,201,1159,-958
109000009,505,236,269
109000010,684,2291,-1607
109000011,346,237,109
109000012,731,2273,-1542
109000013,414,213,201
109000014,517,2079,-1562
109000015,507,433,74
109000016,5274,2572,2702
109000017,244,236,8
109000018,377,2191,-1814
109000019,297,223,74
109000020,527,1263,-736
109000023,0,0,0
109000024,0,20,-20
109000025,132,43,89
109000026,94,59,35
109000027,17,48,-31
109000028,1,34,-33
109000029,58,24,34
109000030,14,204,-190
109000031,0,0,0
109000032,7,199,-192
109000033,0,0,0
109000034,1,0,1
109000035,0,0,0
109000036,15,157,-142
109000037,14,40,-26
109000038,311,183,128
109000039,79,21,58
109000040,678,111,567
109000041,3557,309,3248
109000042,91,271,-180
109000044,2,9,-7
109000045,31,246,-215
109000046,2,4,-2
109000047,10,333,-323
109000048,2,2,0
109000049,101,470,-369
109000050,0,7,-7
109000051,102,283,-181
109000052,55,401,-346
109000053,1,1,0
109000054,6,159,-153
109000055,11,25,-14
109000056,19,112,-93
109000057,28,24,4
109000058,122,18,104
109000059,16,130,-114
109000060,50,5,45
109000061,359,73,286
109000062,4,9,-5
109000063,58,78,-20
109000064,5,2,3
109000065,8,102,-94
109000066,9,1,8
109000067,7,102,-95
109000068,0,1,-1
109000069,0,0,0
109000070,0,347,-347
109000071,109,9,100
109000072,7,73,-66
109000073,9,25,-16
109000074,5,46,-41
109000075,26,396,-370
109000076,1,18,-17
109000077,37,67,-30
109000078,1,10,-9
109000079,6,43,-37
109000080,2,28,-26
109000081,0,130,-130
109000082,5,64,-59
109000083,13,156,-143
109000088,7,86,-79
109000089,8,2,6
109000090,32,121,-89
109000091,29,9,20
109000092,95,269,-174
109000093,15,8,7
109000094,12,0,12
109000095,4,170,-166
109000096,35,4,31
109000097,9,14,-5
109000098,0,0,0
109000099,50,82,-32
109000100,8,212,-204
109000101,87,125,-38
109000102,19,558,-539
109000103,24,121,-97
109000104,99,61,38
109000105,64,945,-881
109000106,136,92,44
109000107,62,864,-802
109000108,94,67,27
109000109,140,853,-713
109000110,132,96,36
109000111,258,977,-719
109000112,33,56,-23
109000113,26,117,-91
109000114,0,14,-14
109000115,40,3,37
109000116,2,116,-114
109000117,3,6,-3
109000118,1,163,-162
109000119,20,30,-10
109000120,7,683,-676
109000121,4,8,-4
109000122,5,887,-882
109000123,0,18,-18
109000124,53,101,-48
109000125,35,73,-38
109000126,67,1187,-1120
109000127,41,46,-5
109000128,52,1343,-1291
109000129,24,17,7
109000130,161,1612,-1451
109000131,80,37,43
109000132,247,855,-608
109000133,46,455,-409
109000134,112,876,-764
109000135,123,592,-469
109000136,19,19,0
109000137,53,65,-12
109000138,7,26,-19
109000139,29,84,-55
109000140,4,21,-17
109000141,32,175,-143
109000142,9,102,-93
109000143,4,5,-1
109000145,26,1,25
109000146,1,2,-1
109000148,1262,100,1162
109000149,8,8,0
109000150,0,0,0
109000155,57,158,-101
109000156,287,238,49
109000158,7,75,-68
109000159,7,156,-149
109000160,97,128,-31
109000161,16,402,-386
109000162,208,390,-182
109000163,50,269,-219
109000164,108,691,-583
109000165,76,156,-80
109000166,34,64,-30
109000167,14,190,-176
109000170,0,0,0
109000171,0,3,-3
109000172,0,0,0
109000173,0,1,-1
109000174,0,2,-2
109000175,0,0,0
109000176,9,180,-171
109000177,0,0,0
109000178,18,42,-24
109000179,1174,228,946
109000180,1136,429,707
109000181,6,39,-33
109000182,2,21,-19
109000183,2,3,-1
109000184,6,4,2
109000185,1,5,-4
109000188,5,127,-122
109000189,133,213,-80
109000190,82,283,-201
109000191,0,0,0
109000192,5,9,-4
109000193,16,168,-152
109000194,1,5,-4
109000195,8,133,-125
109000196,3,1,2
109000197,33,127,-94
109000198,1,1,0
109000199,17,154,-137
109000206,13,15,-2
109000207,9,11,-2
109000208,32,20,12
109000209,16,7,9
109000210,25,74,-49
109000211,1,2,-1
109000214,4,42,-38
109000215,0,4,-4
109000216,6,17,-11
109000217,27,16,11
109000218,6,29,-23
109000221,22,243,-221
109000222,38,3,35
109000223,31,44,-13
109000224,0,25,-25
109000225,1,11,-10
109000226,7,60,-53
109000227,59,305,-246
109000228,3,139,-136
109000231,1,140,-139
109000232,9,112,-103
109000236,38,412,-374
109000241,137,537,-400
109000242,43,160,-117
109000293,0,0,0
109000361,3,33,-30
109000364,9,154,-145
109000396,1,283,-282
109000397,33,1,32
109000399,32,128,-96
109000400,4,110,-106
109000403,7,30,-23
109000406,12,5,7
109000407,16,20,-4
109000408,2,105,-103
109000410,182,89,93
109000411,0,0,0
109900001,0,0,0
109900002,0,0,0
109900003,0,0,0
109900004,16,29,-13
109900005,0,0,0
109900006,0,10,-10
109900007,0,250,-250
109900008,0,3,-3
109900009,6,280,-274
109900010,0,0,0
109900011,5,2,3
109900012,10,9,1
109900013,16,14,2
109900014,15,5,10
109900015,6,2,4
109900016,4,22,-18
109900017,4,4,0
109900018,1,30,-29
109900019,7,16,-9
109900020,0,0,0
109900021,1,0,1
109900022,0,34,-34
109900023,0,0,0
109900024,0,0,0
109900025,1,11,-10
109900026,0,15,-15
109900027,0,0,0
109900028,202,18,184
109900029,0,53,-53
109900030,0,0,0
109900031,0,14,-14
109900032,3,33,-30
109900033,0,2,-2
109900034,0,0,0
109900035,5,3,2
109900036,3,15,-12
109900037,0,105,-105
109900038,0,0,0
109900039,0,0,0
109900040,1,141,-140
109900041,2,70,-68
109900042,1,101,-100
109900044,0,34,-34
109900045,1,4,-3
109900046,0,0,0
109900047,24,36,-12
109900048,0,11,-11
109900049,0,5,-5
109900050,0,76,-76
109900051,0,4,-4
109900052,1,33,-32
109900053,0,85,-85
109900054,0,0,0
109900055,1,43,-42
109900056,0,0,0
109900057,0,31,-31
109900058,0,9,-9
109900059,0,0,0
109900060,0,0,0
109900061,23,66,-43
109900062,0,23,-23
109900063,0,13,-13
109900064,12,2,10
109900065,8,40,-32
109900066,29,167,-138
109900067,0,84,-84
109900068,0,0,0
109900069,0,3,-3
109900070,24,35,-11
109900071,0,2,-2
109900072,6,28,-22
109900073,0,52,-52
109900074,1,15,-14
109900075,0,0,0
109900076,0,24,-24
109900077,1,9,-8
109900078,6,43,-37
109900080,6,36,-30
109900081,0,2,-2
109900082,2,61,-59
109900083,0,8,-8
109900084,0,10,-10
109900085,3,102,-99
109900086,0,0,0
109900087,17,67,-50
109900089,0,0,0
109900090,11,58,-47
109900091,0,0,0
109900092,0,0,0
109900093,0,0,0
109900094,0,9,-9
109900095,2,0,2
109900096,0,0,0
109900097,0,0,0
109900098,0,0,0
109900099,0,0,0
109900100,0,0,0
109900101,0,0,0
109900102,0,0,0
109900103,3,3,0
109900104,0,343,-343
109900105,0,0,0
109900106,0,0,0
109900107,0,0,0
109900108,5,330,-325
109900109,1,89,-88
109900110,0,26,-26
109900111,6,82,-76
109900112,8,79,-71
109900113,0,0,0
109900114,0,2,-2
109900115,0,0,0
109900117,0,0,0
109900118,13,63,-50
109900119,50,40,10
109900120,0,0,0
109900121,30,17,13
109900122,0,0,0
109900123,0,26,-26
109900124,1,41,-40
109900125,0,15,-15
109900126,0,11,-11
109900128,0,0,0
109900130,215,18,197
109900131,0,0,0
109900132,0,0,0
109900133,0,0,0
109900134,0,0,0
109900135,26,3,23
109900136,6,16,-10
109900137,0,0,0
109900138,0,0,0
109900140,2,68,-66
109900141,11,26,-15
109900142,26,37,-11
109900145,0,23,-23
109900146,8,2,6
109900148,1,24,-23
109900149,4,8,-4
109900150,1,13,-12
109900151,0,10,-10
109900152,0,0,0
109900153,0,3,-3
109900154,0,0,0
109900155,0,1,-1
109900157,6,42,-36
109900158,4,37,-33
109900159,4,3,1
109900160,3,3,0
109900161,2,4,-2
109900162,13,4,9
109900163,32,6,26
109900164,3,74,-71
109900165,4,2,2
109900166,0,12,-12
109900167,5,94,-89
109900168,7,81,-74
109900169,14,47,-33
109900170,24,39,-15
109900171,4,8,-4
109900172,12,10,2
109900173,695,68,627
109900174,4,18,-14
109900175,5,45,-40
109900176,30,69,-39
109900177,8,135,-127
109900178,0,19,-19
109900179,0,0,0
109900180,0,0,0
110000001,147,300,-153
110000002,44,70,-26
110000003,826,349,477
110000004,191,94,97
110000005,428,209,219
110000006,87,135,-48
110000007,1,9,-8
110000008,1,30,-29
110000009,0,0,0
110000010,3,38,-35
110000011,0,16,-16
110000012,257,199,58
110000013,2,56,-54
110000014,212,51,161
110000015,18,29,-11
110000016,64,132,-68
110000017,188,23,165
110000018,916,83,833
110000019,5,53,-48
110000020,91,76,15
110000021,18,25,-7
110000022,67,8,59
110000023,3,46,-43
110000024,310,163,147
110000025,11,0,11
110000026,0,145,-145
110000027,107,54,53
110000028,37,27,10
110000029,128,364,-236
110000030,7,19,-12
110000031,44,245,-201
110000032,20,22,-2
110000033,11,16,-5
110000034,90,323,-233
110000035,33,187,-154
110000036,62,174,-112
110000037,6,163,-157
110000038,79,140,-61
110000039,110,113,-3
110000040,49,118,-69
110000041,0,0,0
110000042,9,85,-76
110000043,0,0,0
110000044,4,5,-1
110000045,0,0,0
110000046,2,0,2
110000047,0,0,0
110000048,0,4,-4
110000049,0,0,0
110000050,2,2,0
110000051,0,0,0
110000052,0,0,0
110000053,0,0,0
110000054,12,58,-46
110000055,0,0,0
110000056,0,0,0
110000057,108,377,-269
110000058,65,91,-26
110000059,169,325,-156
110000060,80,102,-22
110000061,490,518,-28
110000062,265,130,135
110000063,3,33,-30
110000064,0,0,0
110000065,8,23,-15
110000066,3,13,-10
110000067,0,0,0
110000068,3,0,3
110000069,16,55,-39
110000071,5,55,-50
110000073,0,10,-10
110000075,3,67,-64
110000076,30,10,20
110000077,42,28,14
110000078,0,14,-14
110000080,58,249,-191
110000081,3,86,-83
110000082,3,57,-54
110000083,73,240,-167
110000084,53,88,-35
110000085,1360,528,832
110000086,93,230,-137
110000087,0,20,-20
110000088,2,116,-114
110000089,1,24,-23
110000090,6,95,-89
110000091,465,117,348
110000092,3,26,-23
110000093,18,0,18
110000094,125,212,-87
110000095,4,80,-76
110000096,1097,495,602
110000097,234,188,46
110000098,117,81,36
110000099,153,440,-287
110000100,5,170,-165
110000101,1,142,-141
110000102,10,5,5
110000104,13,8,5
110000105,1,38,-37
110000106,42,14,28
110000107,35,46,-11
110000108,32,0,32
110000109,34,189,-155
110000110,573,263,310
110000111,2889,725,2164
110000112,198,78,120
110000113,145,111,34
110000114,15,47,-32
110000115,22,46,-24
110000116,3,7,-4
110000117,11,224,-213
110000118,37,62,-25
110000119,13,195,-182
110000120,34,36,-2
110000121,13,125,-112
110000122,40,203,-163
110000123,29,49,-20
110000124,4,339,-335
110000125,0,0,0
110000126,0,0,0
110000127,0,0,0
110000128,5,784,-779
110000129,0,264,-264
110000130,0,0,0
110000131,42,182,-140
110000132,1,389,-388
110000133,10,88,-78
110000134,5,94,-89
110000135,0,0,0
110000136,6,117,-111
110000137,8,78,-70
110000138,23,287,-264
110000139,15,186,-171
110000140,0,0,0
110000143,65,31,34
110000144,953,280,673
110000145,226,152,74
110000146,583,130,453
110000147,27,271,-244
110000148,0,0,0
110000151,30,34,-4
110000152,52,97,-45
110000153,7,25,-18
110000154,0,0,0
110000155,453,799,-346
110000156,134,424,-290
110000157,563,555,8
110000160,51,116,-65
110000161,27,135,-108
110000166,2,6,-4
110000167,67,89,-22
110000168,106,62,44
110000169,31,39,-8
110000170,2,3,-1
110000171,7,17,-10
110000172,23,408,-385
110000173,246,438,-192
110000174,14,418,-404
110000175,0,0,0
110000176,0,0,0
110000177,1,46,-45
110000178,482,153,329
110000179,305,134,171
110000180,18,103,-85
110000181,48,123,-75
110000182,153,79,74
110000183,1290,554,736
110000184,40,187,-147
110000185,219,327,-108
110000186,196,138,58
110000191,10,134,-124
110000192,28,0,28
110000193,13,0,13
110000194,1,422,-421
110000195,3,33,-30
110000196,17,142,-125
110000197,0,21,-21
110000198,0,6,-6
110000199,12,53,-41
110000200,85,211,-126
110000201,35,59,-24
110000202,124,80,44
110000203,37,236,-199
110000204,0,91,-91
110000205,0,11,-11
110000206,22,546,-524
110000207,24,62,-38
110000208,7,7,0
110000209,41,303,-262
110000210,0,0,0
110000211,0,0,0
110000212,17,83,-66
110000213,0,8,-8
110000214,4,24,-20
110000215,8,257,-249
110000216,4,227,-223
110000217,12,29,-17
110000218,9,228,-219
110000219,11,2,9
110000220,6,209,-203
110000221,8,16,-8
110000222,5,103,-98
110000223,1,1,0
110000224,3,1,2
110000225,15,188,-173
110000226,5,3,2
110000227,86,69,17
110000228,16,7,9
110000229,0,113,-113
110000230,51,74,-23
110000231,16,38,-22
110000232,3,163,-160
110000233,3,35,-32
110000234,12,71,-59
110000235,32,177,-145
110000236,154,491,-337
110000237,446,436,10
110000238,54,278,-224
110000239,142,460,-318
110000240,0,62,-62
110000242,0,42,-42
110000243,17,73,-56
110000244,3,140,-137
110000245,0,158,-158
110000246,40,189,-149
110000247,173,941,-768
110000248,14,407,-393
110000249,0,0,0
110000250,1,39,-38
110000251,7,99,-92
110000252,24,148,-124
110000253,61,65,-4
110000254,154,585,-431
110000255,31,547,-516
110000256,7,12,-5
110000257,62,208,-146
110000258,0,61,-61
110000259,3,8,-5
110000260,8,64,-56
110000263,91,23,68
110000264,23,112,-89
110000265,305,327,-22
110000266,423,412,11
110000267,7,100,-93
110000268,0,50,-50
110000269,0,33,-33
110000270,0,0,0
110000271,23,19,4
110000272,136,352,-216
110000273,406,457,-51
110000274,30,185,-155
110000275,697,155,542
110000276,31,97,-66
110000277,15,83,-68
110000278,60,280,-220
110000279,5,146,-141
110000280,2,94,-92
110000281,6,58,-52
110000282,5,10,-5
110000283,0,2,-2
110000284,6,6,0
110000285,0,61,-61
110000286,0,0,0
110000287,0,0,0
110000288,0,38,-38
110000289,26,350,-324
110000290,501,293,208
110000291,1666,405,1261
110000292,399,566,-167
110000293,40,381,-341
110000294,61,295,-234
110000295,7,259,-252
110000296,20,215,-195
110000297,425,173,252
110000298,18,145,-127
110000299,0,0,0
110000301,0,0,0
110000302,16,541,-525
110000303,0,0,0
110000304,20,136,-116
110000305,10,0,10
110000306,16,984,-968
110000307,11,0,11
110000308,0,3,-3
110000309,1,746,-745
110000310,24,14,10
110000311,4,458,-454
110000312,31,7,24
110000313,435,734,-299
110000314,0,113,-113
110000315,723,498,225
110000316,304,662,-358
110000317,236,138,98
110000318,1,31,-30
110000319,0,0,0
110000320,5,29,-24
110000321,0,0,0
110000322,10,95,-85
110000323,46,134,-88
110000324,1962,760,1202
110000325,7,49,-42
110000327,0,83,-83
110000328,56,338,-282
110000333,2,3,-1
110000334,74,588,-514
110000335,47,95,-48
110000336,67,672,-605
110000337,43,91,-48
110000338,10,53,-43
110000339,9,75,-66
110000340,0,80,-80
110000341,28,353,-325
110000342,0,0,0
110000343,0,19,-19
110000344,5,59,-54
110000345,1,9,-8
110000346,599,395,204
110000347,167,55,112
110000348,1,7,-6
110000349,0,4,-4
110000350,0,0,0
110000351,51,191,-140
110000352,39,749,-710
110000353,614,246,368
110000354,125,772,-647
110000355,1,26,-25
110000356,0,0,0
110000357,31,3,28
110000361,5,38,-33
110000362,0,0,0
110000363,11,9,2
110000364,4,54,-50
110000365,0,0,0
110000366,1,40,-39
110000367,51,165,-114
110000368,11,89,-78
110000369,0,0,0
110000373,1,131,-130
110000374,1,0,1
110000375,8,280,-272
110000376,4,43,-39
110000377,0,0,0
110000378,20,150,-130
110000379,830,254,576
110000380,6,6,0
110000383,2,152,-150
110000384,1,24,-23
110000385,0,108,-108
110000387,1,8,-7
110000388,3,146,-143
110000389,0,3,-3
110000391,1,113,-112
110000396,3,72,-69
110000397,0,12,-12
110000398,1,2,-1
110000399,0,1,-1
110000587,1,0,1
110000589,4,6,-2
110000640,17,23,-6
110000652,0,21,-21
110000653,18,178,-160
110000654,0,6,-6
110000656,0,243,-243
110000674,5,0,5
110000675,0,3,-3
110000676,0,14,-14
110000679,222,156,66
110000682,0,0,0
110000683,16,26,-10
110000684,0,32,-32
110000685,0,0,0
110000686,1,7,-6
110000687,0,0,0
110000688,19,10,9
110000689,3,8,-5
110000692,10,50,-40
110000693,20,75,-55
110000694,2,158,-156
110000695,50,319,-269
110000696,0,0,0
110900001,0,2,-2
110900002,0,30,-30
110900003,1,225,-224
110900004,0,73,-73
110900005,425,41,384
110900006,0,0,0
110900007,0,0,0
110900008,2,3,-1
110900009,0,0,0
110900010,0,28,-28
110900011,1,12,-11
110900012,0,21,-21
110900013,0,0,0
110900014,0,0,0
110900015,0,0,0
110900016,0,16,-16
110900017,0,0,0
110900018,0,0,0
110900019,0,0,0
110900020,1,144,-143
110900021,12,131,-119
110900022,5,73,-68
110900023,10,85,-75
110900024,3,140,-137
110900025,1,14,-13
110900027,1,23,-22
110900028,3,12,-9
110900029,28,104,-76
110900030,3,15,-12
110900031,0,57,-57
110900032,0,16,-16
110900033,1,57,-56
110900035,4,55,-51
110900036,0,1,-1
110900037,0,0,0
110900038,42,6,36
110900039,1,34,-33
110900040,8,6,2
110900041,0,42,-42
110900042,1,0,1
110900043,0,25,-25
110900044,0,0,0
110900045,2,132,-130
110900046,15,68,-53
110900047,0,0,0
110900049,2,0,2
110900050,0,0,0
110900051,5,19,-14
110900052,0,31,-31
110900053,0,0,0
110900054,0,57,-57
110900055,0,0,0
110900056,4,14,-10
110900057,1,38,-37
110900058,0,0,0
110900059,33,143,-110
110900060,7,3,4
110900061,1,4,-3
110900062,0,0,0
110900063,0,16,-16
110900064,0,0,0
110900065,12,5,7
110900066,0,11,-11
110900067,0,0,0
110900068,8,32,-24
110900069,0,8,-8
110900070,4,3,1
110900071,0,0,0
110900073,0,4,-4
110900074,0,9,-9
110900075,4,4,0
110900077,0,1,-1
110900078,1,24,-23
110900079,56,6,50
110900080,0,0,0
110900081,1,34,-33
110900082,0,0,0
110900083,0,0,0
110900084,0,62,-62
110900085,4,116,-112
110900086,0,0,0
110900087,0,0,0
110900088,0,0,0
110900090,0,0,0
110900091,0,0,0
110900093,0,0,0
110900095,1,8,-7
110900097,1,5,-4
110900098,1,21,-20
110900099,8,83,-75
110900100,0,4,-4
110900102,0,2,-2
110900105,118,58,60
110900108,0,10,-10
110900111,15,22,-7
110900112,0,0,0
110900113,0,0,0
110900115,0,0,0
110900116,15,597,-582
110900118,3,22,-19
110900119,1044,25,1019
110900120,0,53,-53
110900121,0,0,0
110900122,0,2,-2
110900125,0,1,-1
110900127,39,154,-115
110900128,1,10,-9
110900129,0,0,0
110900130,45,10,35
110900131,0,0,0
110900132,6,0,6
110900133,1,36,-35
110900135,7,81,-74
110900136,0,0,0
110900137,0,0,0
110900138,1,130,-129
110900139,0,5,-5
110900140,0,0,0
110900141,0,10,-10
110900142,8,29,-21
110900143,0,0,0
110900144,2,205,-203
110900145,0,0,0
110900146,16,0,16
110900147,38,119,-81
110900148,0,84,-84
110900149,0,8,-8
110900150,2,1,1
110900151,0,17,-17
110900152,0,81,-81
110900153,0,0,0
111000001,215,29,186
111000002,217,214,3
111000003,109,135,-26
111000004,193,462,-269
111000005,130,204,-74
111000006,392,787,-395
111000007,613,513,100
111000008,1800,813,987
111000009,266,496,-230
111000010,165,75,90
111000011,501,429,72
111000012,229,90,139
111000013,190,528,-338
111000014,106,114,-8
111000017,50,229,-179
111000018,59,135,-76
111000020,861,1101,-240
111000021,0,0,0
111000023,0,0,0
111000025,1731,517,1214
111000029,5,25,-20
111000030,13,29,-16
111000031,89,26,63
111000032,29,27,2
111000033,0,0,0
111000034,47,174,-127
111000037,608,301,307
111000038,374,562,-188
111000039,116,434,-318
111000040,215,479,-264
111000041,155,199,-44
111000042,1684,440,1244
111000043,0,0,0
111000044,0,0,0
111000045,19,32,-13
111000046,18,23,-5
111000047,118,179,-61
111000049,59,251,-192
111000050,587,903,-316
111000051,147,553,-406
111000052,200,573,-373
111000053,146,388,-242
111000054,124,444,-320
111000055,250,847,-597
111000056,44,234,-190
111000057,14,243,-229
111000058,14,42,-28
111000059,27,63,-36
111000060,78,82,-4
111000061,66,59,7
111000062,28,70,-42
111000063,101,138,-37
111000064,28,56,-28
111000065,65,91,-26
111000066,50,89,-39
111000067,52,238,-186
111000068,30,204,-174
111000069,531,658,-127
111000070,949,439,510
111000071,58,377,-319
111000072,0,0,0
111000073,0,0,0
111000074,6,5,1
111000075,0,6,-6
111000076,0,5,-5
111000077,106,116,-10
111000078,435,526,-91
111000079,212,181,31
111000080,62,132,-70
111000081,907,610,297
111000082,103,198,-95
111000084,108,200,-92
111000085,113,129,-16
111000086,107,156,-49
111000087,105,148,-43
111000088,153,158,-5
111000089,129,232,-103
111000090,443,330,113
111000091,186,266,-80
111000092,162,423,-261
111000093,48,184,-136
111000094,213,230,-17
111000095,44,423,-379
111000096,506,1934,-1428
111000097,2705,293,2412
111000098,149,557,-408
111000099,80,1134,-1054
111000100,81,1055,-974
111000101,96,374,-278
111000102,25,419,-394
111000104,0,0,0
111000107,12,362,-350
111000109,0,0,0
111000110,27,7,20
111000111,39,4,35
111000112,26,5,21
111000113,14,3,11
111000114,32,23,9
111000115,1471,156,1315
111000116,57,95,-38
111000117,77,192,-115
111000118,210,120,90
111000119,114,295,-181
111000120,37,128,-91
111000121,25,118,-93
111000122,72,398,-326
111000123,104,1076,-972
111000124,98,1278,-1180
111000125,28,742,-714
111000126,8,340,-332
111000127,0,0,0
111000128,0,0,0
111000129,0,0,0
111000130,27,82,-55
111000131,26,46,-20
111000132,0,0,0
111000133,10,10,0
111000134,4,21,-17
111000135,3,50,-47
111000136,4,40,-36
111000138,0,1,-1
111000140,3,1,2
111000141,25,117,-92
111000142,1,52,-51
111000143,1,38,-37
111000144,0,79,-79
111000145,0,0,0
111000146,0,0,0
111000147,0,0,0
111000148,5,39,-34
111000149,5,20,-15
111000150,2,0,2
111000151,2,11,-9
111000153,67,108,-41
111000154,16,70,-54
111000155,3,53,-50
111000156,0,0,0
111000157,0,0,0
111000158,0,0,0
111000159,0,0,0
111000160,0,0,0
111000161,0,0,0
111000162,2,47,-45
111000163,96,275,-179
111000164,298,743,-445
111000165,312,160,152
111000166,246,65,181
111000167,42,140,-98
111000168,22,79,-57
111000169,11,67,-56
111000170,32,60,-28
111000171,35,169,-134
111000172,10,106,-96
111000173,15,286,-271
111000174,5,134,-129
111000175,8,51,-43
111000176,6,37,-31
111000177,8,49,-41
111000178,46,89,-43
111000179,0,49,-49
111000180,38,66,-28
111000181,49,61,-12
111000182,7,39,-32
111000183,32,27,5
111000184,9,32,-23
111000185,64,187,-123
111000186,25,106,-81
111000187,2,171,-169
111000188,4,133,-129
111000189,389,158,231
111000190,29,159,-130
111000191,36,172,-136
111000192,50,224,-174
111000193,133,160,-27
111000194,6,120,-114
111000195,12,163,-151
111000196,23,109,-86
111000197,0,0,0
111000198,0,0,0
111000199,0,0,0
111000200,0,0,0
111000201,0,0,0
111000202,0,0,0
111000203,0,0,0
111000204,0,0,0
111000213,3,24,-21
111000214,103,279,-176
111000215,80,315,-235
111000217,104,164,-60
111000218,118,245,-127
111000219,72,176,-104
111000220,11,290,-279
111000221,0,0,0
111000224,0,89,-89
111000225,6,11,-5
111000226,0,0,0
111000227,0,0,0
111000228,20,54,-34
111000229,15,84,-69
111000230,0,0,0
111000231,0,0,0
111000232,54,352,-298
111000233,83,261,-178
111000234,9,82,-73
111000239,65,91,-26
111000240,0,0,0
111000241,6,217,-211
111000242,0,0,0
111000243,20,582,-562
111000244,0,0,0
111000245,1,6,-5
111000246,3,19,-16
111000247,45,536,-491
111000248,9,22,-13
111000249,107,388,-281
111000250,6,47,-41
111000251,3,26,-23
111000253,0,0,0
111000255,0,0,0
111000257,0,0,0
111000260,37,468,-431
111000261,23,1,22
111000271,3,111,-108
111000273,1171,182,989
111000274,194,423,-229
111000275,0,0,0
111000276,51,652,-601
111000277,22,104,-82
111000278,62,32,30
111000291,42,198,-156
111000298,13,14,-1
111000299,0,0,0
111000300,5,119,-114
111000302,10,5,5
111000303,8,49,-41
111000312,19,15,4
111000315,0,39,-39
111000320,32,97,-65
111000321,22,16,6
111000322,11,54,-43
111000323,9,5,4
111000324,0,0,0
111000325,2,49,-47
111000326,4,85,-81
111000327,35,69,-34
111000328,43,112,-69
111000329,2,13,-11
111000330,1,0,1
111000331,1,0,1
111000332,49,227,-178
111000334,84,591,-507
111000335,67,58,9
111000337,73,329,-256
111000338,0,46,-46
111000339,14,215,-201
111000340,6,257,-251
111000341,94,57,37
111000342,11,118,-107
111000344,118,104,14
111000345,0,2,-2
111000346,5,43,-38
111000347,7,4,3
111000350,7,2,5
111000351,17,40,-23
111000352,7,5,2
111000353,15,38,-23
111000354,6,0,6
111000355,25,128,-103
111000358,11,563,-552
111000360,2,365,-363
111000361,1,135,-134
111000546,66,433,-367
111000547,2,107,-105
111000548,38,99,-61
111000549,11,69,-58
111000550,15,122,-107
111000551,69,8,61
111000552,7,1,6
111000907,0,2,-2
111000908,0,0,0
111000916,83,169,-86
111000917,4,134,-130
111000918,7,359,-352
111000920,0,0,0
111000921,1,181,-180
111000922,45,216,-171
111000924,9,439,-430
111000925,180,397,-217
111000926,374,1333,-959
111000927,1070,824,246
111000928,3552,1477,2075
111000929,114,176,-62
111000930,222,1110,-888
111000931,213,387,-174
111000932,1531,1281,250
111000933,300,215,85
111000934,804,1233,-429
111000935,70,166,-96
111000936,171,892,-721
111000937,129,85,44
111000938,334,1126,-792
111000939,0,0,0
111000940,28,67,-39
111000941,0,90,-90
111000943,25,60,-35
111000944,8,124,-116
111000945,4,1187,-1183
111001109,2,1,1
111001110,52,451,-399
111001111,1,1,0
111001112,31,11,20
111001113,1,76,-75
111001114,0,0,0
111001115,12,134,-122
111001116,535,67,468
111001117,373,366,7
111001120,10,78,-68
111001121,16,84,-68
111001122,15,223,-208
111001123,0,0,0
111900001,0,15,-15
111900002,0,43,-43
111900003,0,22,-22
111900004,0,5,-5
111900006,0,0,0
111900007,0,0,0
111900008,0,0,0
111900009,0,8,-8
111900010,49,86,-37
111900012,23,10,13
111900013,0,6,-6
111900014,847,81,766
111900015,0,18,-18
111900016,1,37,-36
111900017,1,40,-39
111900018,0,0,0
111900019,0,11,-11
111900020,1,2,-1
111900021,1,8,-7
111900022,0,10,-10
111900023,15,4,11
111900024,0,10,-10
111900025,0,6,-6
111900026,0,16,-16
111900027,0,26,-26
111900028,3,168,-165
111900029,0,11,-11
111900030,0,0,0
111900031,0,55,-55
111900032,0,107,-107
111900033,1,3,-2
111900034,0,0,0
111900035,0,38,-38
111900036,1,101,-100
111900038,0,0,0
111900039,6,92,-86
111900040,0,121,-121
111900042,6,6,0
111900043,0,68,-68
111900044,0,0,0
111900046,9,42,-33
111900048,8,257,-249
111900049,0,55,-55
111900050,1,1,0
111900051,0,49,-49
111900052,59,94,-35
111900053,0,0,0
111900054,1,0,1
111900055,4,195,-191
111900056,0,0,0
111900057,0,5,-5
111900058,1,252,-251
111900059,0,0,0
111900060,4,1,3
111900061,1,58,-57
111900062,0,0,0
111900063,0,13,-13
111900064,9,52,-43
111900065,0,0,0
111900066,0,0,0
111900067,0,45,-45
111900068,0,0,0
111900069,0,0,0
111900070,0,0,0
111900071,0,26,-26
111900072,0,0,0
111900073,1,0,1
111900074,0,8,-8
111900075,0,0,0
111900076,0,0,0
111900077,0,0,0
111900078,0,0,0
111900079,0,0,0
111900080,0,0,0
111900081,1,0,1
111900082,3,2,1
111900083,0,2,-2
111900084,0,0,0
111900085,0,0,0
111900086,0,0,0
111900087,0,0,0
111900088,0,0,0
111900089,0,0,0
111900090,0,0,0
111900091,2,0,2
111900092,0,0,0
111900093,2,0,2
111900094,0,0,0
111900095,0,0,0
111900096,2,0,2
111900097,0,0,0
111900098,1,0,1
111900099,0,0,0
111900100,0,0,0
111900101,0,0,0
111900102,0,149,-149
111900103,0,0,0
111900104,0,0,0
111900105,0,0,0
111900106,89,2,87
111900107,1,4,-3
111900108,2,2,0
111900109,7,2,5
111900110,302,5,297
111900111,0,27,-27
111900112,0,0,0
111900113,0,0,0
111900114,0,0,0
111900115,0,0,0
111900118,0,0,0
111900119,0,0,0
111900122,0,0,0
111900123,0,0,0
111900124,2,2,0
111900125,0,0,0
111900126,0,0,0
111900127,0,0,0
111900128,0,0,0
111900129,0,0,0
111900130,0,0,0
111900131,0,0,0
111900132,0,0,0
111900133,0,0,0
111900134,8,53,-45
111900135,0,0,0
111900136,0,0,0
111900137,9,3,6
111900138,2,23,-21
111900139,1,42,-41
111900140,0,0,0
111900141,0,0,0
111900142,0,0,0
111900143,0,46,-46
111900144,0,40,-40
111900145,0,114,-114
111900146,0,52,-52
111900147,16,47,-31
111900148,1,67,-66
111900149,0,43,-43
111900150,0,13,-13
111900151,0,0,0
111900152,4,1,3
111900153,18,0,18
111900154,0,0,0
111900155,0,0,0
111900156,0,0,0
111900157,0,0,0
111900158,0,0,0
111900159,0,0,0
111900160,0,0,0
111900161,0,0,0
111900162,0,0,0
111900163,0,0,0
111900164,0,0,0
111901113,0,21,-21
111901114,0,3,-3
111901115,0,0,0
111901116,0,0,0
111901117,0,0,0
111901118,0,0,0
111901119,3,3,0
111901120,1,1,0
111901121,10,24,-14
111901122,0,85,-85
111901123,0,69,-69
111901124,0,0,0
111901125,0,0,0
111901126,0,0,0
111901127,0,0,0
111901128,0,0,0
111901129,0,0,0
111901130,0,0,0
111901131,0,26,-26
111901132,0,0,0
111901133,0,0,0
111901134,0,0,0
111901135,0,0,0
111901136,0,0,0
111901137,0,0,0
111901138,0,0,0
111901139,0,0,0
111901140,0,0,0
111901141,0,0,0
111901142,0,0,0
111901143,0,0,0
111901144,0,0,0
112000001,293,182,111
112000002,284,881,-597
112000003,126,198,-72
112000004,144,699,-555
112000005,393,329,64
112000006,380,897,-517
112000007,152,201,-49
112000008,255,503,-248
112000009,926,1222,-296
112000010,223,304,-81
112000011,424,914,-490
112000012,484,467,17
112000013,3016,1154,1862
112000014,164,91,73
112000015,505,678,-173
112000016,167,177,-10
112000017,234,497,-263
112000024,617,271,346
112000026,1438,2163,-725
112000027,3,18,-15
112000028,530,976,-446
112000029,50,33,17
112000030,96,51,45
112000031,334,363,-29
112000032,593,29,564
112000033,697,98,599
112000034,100,12,88
112000035,18,78,-60
112000036,104,68,36
112000037,51,216,-165
112000038,87,114,-27
112000039,0,0,0
112000040,16,45,-29
112000041,19,67,-48
112000042,148,104,44
112000050,0,0,0
112000051,23,58,-35
112000054,506,386,120
112000057,137,84,53
112000058,95,87,8
112000059,10,2,8
112000061,1847,428,1419
112000062,1487,68,1419
112000063,159,96,63
112000064,2070,2114,-44
112000065,795,902,-107
112000066,3,5,-2
112000067,153,252,-99
112000068,1,0,1
112000069,112,1663,-1551
112000070,70,19,51
112000071,111,1477,-1366
112000072,55,28,27
112000073,155,516,-361
112000074,7,109,-102
112000075,9,69,-60
112000076,287,441,-154
112000077,52,227,-175
112000078,48,198,-150
112000079,133,483,-350
112000080,48,265,-217
112000081,447,632,-185
112000082,33,25,8
112000083,168,386,-218
112000084,34,19,15
112000085,127,427,-300
112000086,27,46,-19
112000087,17,252,-235
112000088,5,22,-17
112000089,13,148,-135
112000090,13,10,3
112000091,133,687,-554
112000092,86,90,-4
112000093,314,593,-279
112000094,31,88,-57
112000095,84,377,-293
112000096,11,83,-72
112000097,10,13,-3
112000098,163,591,-428
112000099,16,7,9
112000100,52,39,13
112000101,96,481,-385
112000102,25,25,0
112000103,59,701,-642
112000105,80,908,-828
112000106,25,31,-6
112000107,0,0,0
112000108,12,219,-207
112000109,0,1,-1
112000110,55,31,24
112000111,408,2637,-2229
112000112,167,23,144
112000113,428,1388,-960
112000114,41,29,12
112000115,8,99,-91
112000116,8,132,-124
112000117,5,128,-123
112000118,134,306,-172
112000119,81,333,-252
112000120,23,150,-127
112000121,0,0,0
112000122,0,0,0
112000123,0,0,0
112000124,0,0,0
112000125,0,0,0
112000126,0,0,0
112000127,371,105,266
112000128,215,68,147
112000129,1,38,-37
112000130,10,12,-2
112000131,0,106,-106
112000132,10,211,-201
112000133,0,91,-91
112000134,25,152,-127
112000135,43,14,29
112000136,153,454,-301
112000137,37,28,9
112000138,190,525,-335
112000139,0,0,0
112000140,91,350,-259
112000141,0,0,0
112000142,50,339,-289
112000143,0,0,0
112000144,22,691,-669
112000145,0,0,0
112000146,128,923,-795
112000147,0,0,0
112000148,134,780,-646
112000149,0,0,0
112000150,10,102,-92
112000151,0,0,0
112000152,23,72,-49
112000153,0,27,-27
112000154,9,22,-13
112000155,9,2,7
112000157,97,59,38
112000158,11,53,-42
112000159,29,85,-56
112000167,3,0,3
112000169,25,37,-12
112000173,3,92,-89
112000175,8,27,-19
112000176,1595,647,948
112000177,1,13,-12
112000178,7,7,0
112000179,5,7,-2
112000180,19,63,-44
112000181,192,780,-588
112000182,30,335,-305
112000183,0,0,0
112000184,0,0,0
112000185,27,128,-101
112000187,531,730,-199
112000195,0,0,0
112000196,0,0,0
112000197,0,0,0
112000198,0,5,-5
112000199,0,4,-4
112000202,0,1,-1
112000216,6,12,-6
112000230,0,0,0
112000231,0,1,-1
112000256,0,0,0
112000313,12,20,-8
112000314,0,1,-1
112000337,11,271,-260
112000352,18,14,4
112000392,370,200,170
112000398,73,57,16
112000399,14,33,-19
112000400,428,1093,-665
112000401,1212,809,403
112000402,146,241,-95
112000403,27,90,-63
112000404,51,64,-13
112000405,69,178,-109
112000406,721,1046,-325
112000407,432,440,-8
112000408,3030,2092,938
112000409,391,1602,-1211
112000410,0,0,0
112000411,367,33,334
112000412,130,39,91
112000413,217,10,207
112000414,12,19,-7
112000415,0,0,0
112000416,163,112,51
112000417,0,0,0
112000421,4,40,-36
112000422,14,53,-39
112000424,315,233,82
112000425,69,401,-332
112000426,6,62,-56
112000427,0,3,-3
112000428,2,22,-20
112000429,372,702,-330
112000430,431,1083,-652
112000431,0,0,0
112000432,107,936,-829
112000433,146,70,76
112000437,4,38,-34
112900001,0,0,0
112900002,0,0,0
112900003,1,20,-19
112900004,0,66,-66
112900005,0,35,-35
112900006,2,115,-113
112900007,0,0,0
112900008,0,0,0
112900009,0,0,0
112900010,0,116,-116
112900011,12,14,-2
112900012,0,13,-13
112900013,0,0,0
112900014,0,48,-48
112900015,95,459,-364
112900016,1,57,-56
112900017,0,0,0
112900018,0,83,-83
112900019,6,10,-4
112900020,149,682,-533
112900021,0,69,-69
112900022,0,0,0
112900023,0,40,-40
112900024,2,44,-42
112900025,0,0,0
112900026,0,41,-41
112900027,0,0,0
112900028,6,26,-20
112900029,0,0,0
112900030,36,32,4
112900031,0,0,0
112900032,6,19,-13
112900034,0,0,0
112900035,0,0,0
112900036,9,10,-1
112900037,0,0,0
112900038,0,17,-17
112900039,0,0,0
112900040,0,7,-7
112900041,243,79,164
112900042,5,62,-57
112900043,0,4,-4
112900044,41,43,-2
112900045,0,0,0
112900046,32,5,27
112900047,0,1,-1
112900049,0,4,-4
112900050,32,196,-164
112900051,100,210,-110
112900052,0,176,-176
112900053,9,78,-69
112900054,4,0,4
112900055,1,2,-1
112900056,0,0,0
112900057,1,146,-145
112900058,14,2,12
112900059,0,18,-18
112900060,0,37,-37
112900061,0,4,-4
112900062,4,9,-5
112900063,0,0,0
112900064,16,12,4
112900065,0,0,0
112900066,3,1,2
112900067,60,9,51
112900068,0,0,0
112900069,195,18,177
112900071,0,0,0
112900072,6,15,-9
112900073,2,1,1
112900074,0,0,0
112900075,0,4,-4
112900076,0,0,0
112900078,0,0,0
112900079,0,0,0
112900080,0,0,0
112900081,1,3,-2
112900082,1,0,1
112900083,1,2,-1
112900084,0,0,0
112900085,0,0,0
112900086,0,0,0
112900087,2,5,-3
112900088,0,0,0
112900089,16,1,15
112900090,1,0,1
112900091,0,0,0
112900092,0,0,0
112900093,0,0,0
112900094,0,0,0
112900095,0,0,0
112900096,5,1,4
112900097,1,40,-39
112900098,0,0,0
112900099,4,0,4
112900100,0,0,0
112900101,0,0,0
112900102,0,0,0
112900103,0,0,0
112900104,0,0,0
112900105,0,0,0
112900106,8,7,1
112900107,0,0,0
112900108,0,0,0
112900109,0,0,0
112900110,0,0,0
112900111,0,0,0
112900112,0,0,0
112900113,0,3,-3
112900114,1,0,1
112900115,6,0,6
112900116,0,6,-6
112900117,4,12,-8
112900118,2,5,-3
112900119,0,0,0
112900120,133,37,96
112900121,16,7,9
112900122,1,27,-26
112900123,0,0,0
112900124,0,19,-19
112900125,0,4,-4
112900126,8,31,-23
112900127,0,0,0
112900128,66,240,-174
112900129,0,406,-406
112900130,0,0,0
112900131,12,96,-84
112900132,2,101,-99
112900133,3,168,-165
112900134,0,164,-164
112900135,0,0,0
112900136,0,1,-1
112900137,0,132,-132
112900138,3,230,-227
112900139,66,404,-338
112900140,0,23,-23
112900141,14,2,12
112900142,1,0,1
112900143,13,204,-191
112900144,0,49,-49
112900145,11,182,-171
112900146,0,120,-120
112900147,7,1020,-1013
112900148,0,0,0
112900149,9,37,-28
112900151,0,0,0
112900152,602,95,507
112900153,14,2,12
112900154,0,0,0
112900155,0,0,0
112900156,0,156,-156
112900157,15,3,12
112900158,0,0,0
112900159,0,6,-6
112900160,5,31,-26
112900161,0,0,0
112900162,4,2,2
112900163,0,0,0
112900164,0,0,0
112900165,0,12,-12
112900166,0,0,0
112900167,0,0,0
112900168,0,0,0
112900169,0,0,0
112900170,0,0,0
112900172,0,0,0
112900173,25,5,20
112900174,0,0,0
112900175,0,0,0
112900176,0,0,0
112900177,0,0,0
112900178,0,0,0
112900179,3,78,-75
112900180,2,438,-436
112900181,0,0,0
112900182,0,37,-37
112900183,3,1,2
112900184,66,100,-34
112900185,4,13,-9
112900186,231,127,104
112900187,0,0,0
112900188,431,91,340
112900189,0,3,-3
112900190,0,10,-10
112900192,38,24,14
112900193,137,42,95
112900194,0,8,-8
112900195,24,0,24
112900196,74,291,-217
112900197,21,214,-193
112900199,0,0,0
112900200,0,0,0
112900201,0,0,0
112900202,1,122,-121
112900203,0,0,0
112900204,31,18,13
112900205,0,0,0
112900206,0,5,-5
112900207,0,0,0
112900208,1,2,-1
112900209,35,122,-87
112900210,0,3,-3
112900211,0,3,-3
112900212,0,0,0
112900213,1,0,1
112900214,0,0,0
112900215,0,27,-27
112900216,2,2,0
112900217,0,32,-32
112900218,0,0,0
112900219,0,0,0
112900220,0,0,0
112900221,0,0,0
112900222,0,0,0
112900223,53,0,53
112900224,0,206,-206
112900225,1,181,-180
112900226,17,2,15
112900227,3,435,-432
112900228,0,1,-1
112900229,0,0,0
112900230,2170,302,1868
112900232,4,22,-18
112900233,3,48,-45
112900234,0,15,-15
112900235,0,1,-1
112900236,0,3,-3
112900237,5,81,-76
112900238,1,4,-3
113000001,1321,1116,205
113000002,488,282,206
113000003,777,377,400
113000004,663,232,431
113000005,224,250,-26
113000006,87,101,-14
113000007,333,350,-17
113000008,235,143,92
113000009,231,271,-40
113000010,190,140,50
113000011,145,642,-497
113000012,196,111,85
113000013,231,142,89
113000014,182,346,-164
113000015,24,37,-13
113000016,60,172,-112
113000017,11,126,-115
113000018,8,4,4
113000019,16,252,-236
113000020,0,0,0
113000021,76,318,-242
113000022,56,662,-606
113000025,14,86,-72
113000026,15,54,-39
113000027,38,74,-36
113000028,145,132,13
113000029,0,0,0
113000030,450,300,150
113000031,256,134,122
113000032,0,0,0
113000033,0,0,0
113000034,347,209,138
113000035,13,17,-4
113000036,0,0,0
113000037,43,15,28
113000038,0,0,0
113000039,15,67,-52
113000040,45,22,23
113000042,111,73,38
113000051,111,193,-82
113000052,617,127,490
113000053,42,120,-78
113000054,30,91,-61
113000055,75,149,-74
113000056,95,326,-231
113000058,157,250,-93
113000059,0,0,0
113000060,14,88,-74
113000061,109,145,-36
113000062,35,2,33
113000063,0,0,0
113000064,0,0,0
113000065,46,429,-383
113000066,26,39,-13
113000067,62,84,-22
113000068,50,667,-617
113000069,74,460,-386
113000070,51,60,-9
113000071,39,262,-223
113000072,33,30,3
113000073,147,486,-339
113000074,54,59,-5
113000075,171,105,66
113000076,414,540,-126
113000077,6,0,6
113000078,213,631,-418
113000079,353,179,174
113000080,4,3,1
113000081,2,4,-2
113000082,396,258,138
113000083,2,5,-3
113000084,335,279,56
113000085,54,42,12
113000086,154,296,-142
113000087,46,40,6
113000088,610,282,328
113000089,18,105,-87
113000090,0,65,-65
113000091,423,78,345
113000094,33,11,22
113000095,68,547,-479
113000096,74,400,-326
113000097,16,4,12
113000098,0,0,0
113000099,79,21,58
113000100,45,232,-187
113000101,103,150,-47
113000102,7,17,-10
113000103,518,408,110
113000104,28,131,-103
113000105,17,21,-4
113000106,33,307,-274
113000107,65,84,-19
113000108,173,469,-296
113000109,113,245,-132
113000110,15,5,10
113000111,14,47,-33
113000112,2,5,-3
113000113,25,5,20
113000114,103,174,-71
113000116,110,30,80
113000117,84,16,68
113000118,1,23,-22
113000119,15,76,-61
113000120,1,21,-20
113000121,62,144,-82
113000124,0,3,-3
113000125,0,0,0
113000127,1039,162,877
113000128,4,4,0
113000129,558,298,260
113000133,1793,372,1421
113000134,7,152,-145
113000135,34,67,-33
113000137,1,0,1
113000139,0,0,0
113000140,201,197,4
113000141,0,0,0
113000142,198,247,-49
113000143,0,0,0
113000144,110,99,11
113000145,0,0,0
113000146,22,34,-12
113000147,22,53,-31
113000148,0,0,0
113000149,0,1,-1
113000150,72,90,-18
113000151,82,35,47
113000152,1,4,-3
113000153,400,61,339
113000154,126,198,-72
113000155,92,101,-9
113000156,62,74,-12
113000157,52,144,-92
113000158,191,57,134
113000159,262,158,104
113000160,98,242,-144
113000161,19,55,-36
113000162,258,130,128
113000163,0,0,0
113000164,10,85,-75
113000166,0,0,0
113000167,15,191,-176
113000168,16,195,-179
113000169,0,0,0
113000170,0,0,0
113000171,48,96,-48
113000172,0,0,0
113000173,0,0,0
113000174,27,527,-500
113000175,0,0,0
113000176,0,0,0
113000177,37,399,-362
113000178,45,370,-325
113000179,0,0,0
113000180,61,215,-154
113000181,121,356,-235
113000182,36,24,12
113000183,74,229,-155
113000184,10,45,-35
113000189,56,75,-19
113000190,185,42,143
113000192,634,421,213
113000193,553,198,355
113000194,348,360,-12
113000195,115,66,49
113000196,18,35,-17
113000197,121,90,31
113000198,2,54,-52
113000199,22,10,12
113000201,6,65,-59
113000202,726,139,587
113000203,0,0,0
113000204,318,351,-33
113000205,8,21,-13
113000206,0,0,0
113000207,20,10,10
113000208,0,0,0
113000209,9,15,-6
113000210,0,0,0
113000211,48,12,36
113000212,18,0,18
113000213,1,7,-6
113000214,12,53,-41
113000234,23,471,-448
113000410,12,9,3
113000411,729,994,-265
113000412,3056,628,2428
113000413,1258,608,650
113000414,3004,854,2150
113000415,1168,1101,67
113000416,4164,1508,2656
113000417,1052,924,128
113000418,784,752,32
113000419,510,478,32
113000420,1579,835,744
113000421,561,404,157
113000422,6625,945,5680
113000423,1852,749,1103
113000424,1651,864,787
113000425,9,38,-29
113000428,15,40,-25
113000430,9,15,-6
113000432,48,28,20
113000433,57,370,-313
113000434,6,208,-202
113000435,2,433,-431
113000436,11,540,-529
113000437,0,0,0
113000438,0,0,0
113000439,4,61,-57
113000440,0,0,0
113000441,0,0,0
113000442,20,171,-151
113000443,0,0,0
113000444,6,155,-149
113000445,0,0,0
113000446,5,40,-35
113000448,41,35,6
113000449,0,0,0
113000450,32,14,18
113000451,275,27,248
113000452,0,0,0
113000453,13,95,-82
113000454,0,0,0
113000455,2,57,-55
113000456,216,155,61
113000468,148,9,139
113000469,37,16,21
113000470,0,0,0
113000471,0,0,0
113000472,30,40,-10
113000474,57,166,-109
113000475,328,470,-142
113000476,164,692,-528
113000477,511,871,-360
113000478,844,1337,-493
113000479,3,161,-158
113000480,13,8,5
113000481,0,0,0
113000483,0,0,0
113000485,0,0,0
113000486,0,0,0
113000487,0,0,0
113000488,0,0,0
113000489,0,0,0
113000490,0,0,0
113000491,0,0,0
113000492,0,0,0
113000493,0,0,0
113000495,20,67,-47
113000496,0,0,0
113000497,0,0,0
113000500,0,11,-11
113900001,0,0,0
113900002,0,0,0
113900003,0,0,0
113900004,0,0,0
113900005,0,0,0
113900006,0,0,0
113900007,0,0,0
113900008,0,0,0
113900009,0,0,0
113900010,0,0,0
113900011,0,0,0
113900012,0,0,0
113900013,0,0,0
113900014,0,0,0
113900015,0,5,-5
113900016,0,0,0
113900017,0,0,0
113900018,23,2,21
113900019,1,0,1
113900020,0,0,0
113900022,0,0,0
113900023,0,0,0
113900024,0,9,-9
113900025,0,0,0
113900026,0,0,0
113900027,0,0,0
113900028,0,0,0
113900029,0,15,-15
113900030,0,0,0
113900031,0,0,0
113900032,0,0,0
113900033,0,3,-3
113900035,0,0,0
113900036,0,0,0
113900037,0,0,0
113900038,3,1,2
113900039,0,0,0
113900040,0,0,0
113900041,0,0,0
113900042,0,5,-5
113900043,3,9,-6
113900044,0,0,0
113900045,0,0,0
113900046,39,107,-68
113900047,0,0,0
113900048,57,6,51
113900049,78,3,75
113900050,27,53,-26
113900051,5,55,-50
113900052,0,0,0
113900053,0,0,0
113900054,0,0,0
113900055,5,96,-91
113900056,0,0,0
113900057,5,54,-49
113900058,1,25,-24
113900059,1,32,-31
113900060,0,0,0
113900061,0,0,0
113900062,0,0,0
113900063,0,0,0
113900064,0,12,-12
113900065,0,0,0
113900066,4,53,-49
113900067,0,0,0
113900068,0,0,0
113900069,0,0,0
113900070,8,75,-67
113900071,0,0,0
113900072,0,23,-23
113900073,5,45,-40
113900074,0,0,0
113900075,0,0,0
113900076,0,0,0
113900077,1,41,-40
113900078,0,0,0
113900079,1,0,1
113900080,0,0,0
113900081,1,19,-18
113900082,0,50,-50
113900083,0,0,0
113900084,0,0,0
113900085,5,59,-54
113900086,0,0,0
113900087,0,0,0
113900088,0,0,0
113900089,0,0,0
113900090,0,0,0
113900091,0,0,0
113900092,0,3,-3
113900093,0,42,-42
113900094,0,0,0
113900095,0,0,0
113900096,0,0,0
113900097,0,15,-15
113900098,0,0,0
113900099,0,0,0
113900100,0,0,0
113900101,1,8,-7
113900102,0,5,-5
113900103,0,0,0
113900104,0,0,0
113900105,1,23,-22
113900106,0,0,0
113900107,0,0,0
113900108,0,24,-24
113900109,2,7,-5
113900110,0,0,0
113900111,0,0,0
113900112,2,6,-4
113900113,15,1,14
113900114,0,0,0
113900115,0,0,0
113900116,0,12,-12
113900117,3,1,2
113900118,0,0,0
113900119,0,0,0
113900120,0,0,0
113900121,0,0,0
113900122,0,0,0
113900123,2,4,-2
113900124,0,0,0
113900125,3,10,-7
113900126,3,3,0
113900127,2,6,-4
113900128,0,0,0
113900129,0,0,0
113900130,0,0,0
113900131,6,1,5
113900132,0,0,0
113900133,3,8,-5
113900135,19,76,-57
113900136,4,4,0
113900137,5,4,1
113900138,0,0,0
113900139,124,9,115
113900140,0,0,0
113900141,4,36,-32
113900142,1,7,-6
113900143,1,1,0
113900144,0,0,0
113900145,2,10,-8
113900146,1,0,1
113900148,7,11,-4
113900149,0,0,0
113900150,275,90,185
113900151,7,5,2
113900152,0,1,-1
113900153,49,32,17
113900154,0,0,0
113900155,38,19,19
113900156,23,136,-113
113900157,0,3,-3
113900158,101,7,94
113900159,0,0,0
113900160,54,186,-132
113900161,1,7,-6
113900162,106,52,54
113900163,12,17,-5
113900164,0,0,0
113900165,118,87,31
113900166,11,1,10
113900167,0,0,0
113900168,9,20,-11
113900169,14,90,-76
113900171,0,0,0
113900172,1,38,-37
113900173,2,93,-91
113900174,22,252,-230
113900175,0,0,0
113900176,54,233,-179
113900177,13,10,3
113900178,0,0,0
113900179,2,82,-80
113900180,8,19,-11
113900181,0,0,0
113900182,54,212,-158
113900183,3,14,-11
113900184,0,109,-109
113900185,3,4,-1
113900186,0,5,-5
113900187,0,31,-31
113900188,4,8,-4
113900189,0,0,0
113900190,76,41,35
113900191,12,13,-1
113900192,0,0,0
113900193,1,61,-60
113900194,151,71,80
113900195,39,106,-67
113900196,0,7,-7
113900197,1,32,-31
113900198,0,31,-31
113900199,24,71,-47
113900200,4,15,-11
113900201,0,42,-42
113900202,4,24,-20
113900203,0,39,-39
113900204,4,98,-94
113900205,5,7,-2
113900206,0,10,-10
113900207,0,13,-13
113900208,0,9,-9
113900209,0,22,-22
113900210,78,75,3
113900211,2,0,2
113900212,0,97,-97
113900214,62,38,24
113900215,1,27,-26
113900216,0,76,-76
113900217,0,0,0
113900218,0,0,0
113900219,6,45,-39
113900220,0,0,0
113900221,0,0,0
113900222,0,11,-11
113900223,4,175,-171
113900224,16,7,9
113900225,0,0,0
113900226,0,0,0
113900227,0,0,0
113900228,21,14,7
113900229,1,12,-11
113900230,239,35,204
113900231,5,26,-21
113900232,1,10,-9
113900233,0,5,-5
113900234,2,3,-1
113900235,0,0,0
113900236,0,0,0
113900237,0,0,0
113900238,2,8,-6
113900239,0,0,0
113900240,0,5,-5
113900241,11,3,8
113900242,4,10,-6
113900243,7,47,-40
113900244,102,26,76
113900245,178,12,166
113900246,0,0,0
113900247,9,7,2
113900248,347,37,310
113900249,0,0,0
113900250,0,0,0
113900251,2,31,-29
113900252,0,0,0
113900253,0,0,0
113900254,0,0,0
113900255,0,0,0
113900256,0,0,0
113900257,13,119,-106
113900258,3,84,-81
113900259,0,58,-58
113900260,0,9,-9
113900261,0,26,-26
113900262,0,116,-116
113900263,3,57,-54
113900264,0,104,-104
113900265,42,62,-20
113900266,2,48,-46
113900267,4,68,-64
113900268,0,3,-3
113900269,9,23,-14
113900270,21,68,-47
113900271,53,363,-310
113900273,0,0,0
113900274,0,0,0
113900275,0,12,-12
113900276,1,39,-38
113900277,0,0,0
113900278,11,17,-6
113900279,14,22,-8
113900280,42,54,-12
113900281,7,79,-72
113900282,38,6,32
113900283,0,0,0
113900284,0,9,-9
113900285,0,1,-1
113900286,0,0,0
113900287,2,34,-32
113900288,0,16,-16
113900289,156,1,155
113900290,32,3,29
113900291,15,34,-19
113900292,0,0,0
113900293,1,32,-31
113900294,0,0,0
113900295,4,9,-5
113900296,14,3,11
113900297,0,2,-2
113900298,1,468,-467
113900299,0,0,0
113900300,428,22,406
113900301,0,0,0
113900302,0,8,-8
113900303,48,4,44
113900304,1,52,-51
113900305,0,0,0
113900306,0,0,0
113900307,0,0,0
113900308,3,10,-7
113900309,2,160,-158
113900310,0,0,0
113900311,0,0,0
113900312,0,5,-5
113900313,0,0,0
114000001,366,1037,-671
114000002,2,0,2
114000003,2,5,-3
114000004,14,52,-38
114000005,10,7,3
114000006,544,657,-113
114000007,72,489,-417
114000008,351,330,21
114000009,18,4,14
114000011,528,982,-454
114000012,239,991,-752
114000013,195,747,-552
114000014,107,177,-70
114000015,69,139,-70
114000016,22,136,-114
114000017,27,27,0
114000018,107,16,91
114000026,124,510,-386
114000027,241,587,-346
114000028,336,536,-200
114000038,10,5,5
114000039,22,63,-41
114000040,7,30,-23
114000042,28,50,-22
114000043,2,44,-42
114000044,5,17,-12
114000045,2,33,-31
114000046,345,1293,-948
114000047,0,4,-4
114000048,0,6,-6
114000049,56,72,-16
114000050,30,68,-38
114000051,191,197,-6
114000052,159,89,70
114000053,6,11,-5
114000054,1,39,-38
114000055,8,8,0
114000056,161,169,-8
114000057,2555,794,1761
114000058,52,30,22
114000059,41,40,1
114000060,86,333,-247
114000061,223,24,199
114000062,101,51,50
114000063,797,924,-127
114000064,2367,606,1761
114000065,434,741,-307
114000066,42,196,-154
114000067,0,0,0
114000068,36,30,6
114000069,51,38,13
114000070,127,20,107
114000071,40,81,-41
114000072,14,101,-87
114000073,0,0,0
114000074,3,8,-5
114000075,0,0,0
114000076,0,0,0
114000077,0,0,0
114000078,13,126,-113
114000079,7,5,2
114000080,2,1,1
114000081,0,0,0
114000082,8,189,-181
114000083,13,162,-149
114000084,3,5,-2
114000085,30,269,-239
114000086,15,267,-252
114000087,6,68,-62
114000088,0,0,0
114000089,185,88,97
114000090,47,46,1
114000091,183,83,100
114000092,112,74,38
114000093,51,145,-94
114000094,35,78,-43
114000095,0,0,0
114000096,5,126,-121
114000097,3,177,-174
114000098,0,0,0
114000099,13,187,-174
114000100,10,89,-79
114000101,44,361,-317
114000102,0,0,0
114000103,3,46,-43
114000104,1,33,-32
114000105,1,6,-5
114000106,198,37,161
114000107,23,24,-1
114000108,730,529,201
114000109,1,0,1
114000110,91,452,-361
114000111,0,0,0
114000112,59,558,-499
114000113,0,0,0
114000114,225,587,-362
114000115,2,2,0
114000116,38,29,9
114000117,46,28,18
114000118,86,16,70
114000119,61,12,49
114000120,180,373,-193
114000121,68,135,-67
114000122,82,98,-16
114000123,9,11,-2
114000124,1,10,-9
114000125,234,677,-443
114000126,8,1,7
114000127,11,42,-31
114000128,31,67,-36
114000130,0,0,0
114000131,0,0,0
114000132,198,293,-95
114000133,277,365,-88
114000134,15,58,-43
114000138,17,29,-12
114000139,2,4,-2
114000144,18,11,7
114000145,3,39,-36
114000146,1,39,-38
114000147,30,28,2
114000148,64,5,59
114000149,12,29,-17
114000150,291,190,101
114000151,21,13,8
114000152,12,10,2
114000153,199,284,-85
114000154,108,165,-57
114000155,61,102,-41
114000156,35,63,-28
114000157,33,150,-117
114000158,528,109,419
114000159,47,48,-1
114000160,20,28,-8
114000161,68,14,54
114000162,6,6,0
114000163,2,36,-34
114000165,1,14,-13
114000166,92,19,73
114000167,880,364,516
114000168,209,298,-89
114000169,211,75,136
114000170,73,78,-5
114000171,72,73,-1
114000174,41,207,-166
114000176,167,191,-24
114000177,705,267,438
114000178,0,0,0
114000179,46,11,35
114000180,135,257,-122
114000181,212,346,-134
114000182,1641,770,871
114000183,401,339,62
114000184,366,761,-395
114000185,44,47,-3
114000189,0,0,0
114000190,0,0,0
114000191,0,0,0
114000192,166,631,-465
114000193,341,1458,-1117
114000194,305,412,-107
114000195,0,0,0
114000196,0,92,-92
114000197,0,26,-26
114000198,265,119,146
114000199,323,191,132
114000200,99,727,-628
114000201,14,331,-317
114000202,185,246,-61
114000203,66,329,-263
114000204,25,85,-60
114000205,11,547,-536
114000206,69,460,-391
114000207,193,967,-774
114000208,81,1220,-1139
114000209,166,1383,-1217
114000210,112,785,-673
114000211,35,220,-185
114000212,98,192,-94
114000213,197,86,111
114000214,1,40,-39
114000215,1,24,-23
114000216,42,0,42
114000217,3,79,-76
114000218,12,44,-32
114000219,46,133,-87
114000220,3,608,-605
114000221,47,14,33
114000222,27,480,-453
114000223,0,0,0
114000224,34,225,-191
114000225,38,217,-179
114000226,7,102,-95
114000227,68,147,-79
114000228,21,148,-127
114000229,102,384,-282
114000230,88,190,-102
114000231,181,481,-300
114000232,25,48,-23
114000233,58,30,28
114000234,63,134,-71
114000235,160,528,-368
114000236,2,387,-385
114000237,11,471,-460
114000238,1,11,-10
114000239,12,546,-534
114000240,141,233,-92
114000241,56,532,-476
114000242,234,369,-135
114000243,120,112,8
114000244,0,1,-1
114000245,91,398,-307
114000246,54,19,35
114000247,49,107,-58
114000248,81,97,-16
114000249,48,111,-63
114000250,79,205,-126
114000251,19,119,-100
114000252,7,29,-22
114000253,0,0,0
114000254,1,25,-24
114000255,94,49,45
114000256,26,17,9
114000257,101,872,-771
114000258,42,117,-75
114000259,13,162,-149
114000260,1,43,-42
114000261,21,0,21
114000262,3,48,-45
114000263,0,0,0
114000264,13,101,-88
114000265,0,5,-5
114000267,4,509,-505
114000268,1,916,-915
114000270,0,0,0
114000271,38,22,16
114000283,41,98,-57
114000285,28,132,-104
114000288,16,156,-140
114000289,108,47,61
114000293,29,164,-135
114000294,16,33,-17
114000395,66,1,65
114000396,6,29,-23
114000402,13,56,-43
114000403,18,71,-53
114000405,16,266,-250
114000423,5,211,-206
114000424,22,76,-54
114000425,29,247,-218
114000426,0,0,0
114000427,15,85,-70
114000428,0,0,0
114000429,2,87,-85
114000432,1,10,-9
114000434,1,38,-37
114000435,1,47,-46
114000436,1260,498,762
114000437,2,19,-17
114900001,0,0,0
114900002,0,0,0
114900003,0,0,0
114900004,0,0,0
114900005,0,0,0
114900006,0,0,0
114900007,0,0,0
114900008,0,0,0
114900010,4,0,4
114900011,0,0,0
114900013,0,0,0
114900015,0,0,0
114900018,0,0,0
114900020,0,0,0
114900022,0,47,-47
114900024,0,0,0
114900025,0,0,0
114900026,0,0,0
114900027,0,0,0
114900029,0,0,0
114900030,0,0,0
114900031,0,0,0
114900032,0,0,0
114900033,0,0,0
114900034,0,39,-39
114900035,4,15,-11
114900036,19,180,-161
114900037,8,27,-19
114900038,9,189,-180
114900039,39,155,-116
114900040,0,12,-12
114900041,15,147,-132
114900042,18,194,-176
114900043,41,7,34
114900044,0,0,0
114900046,2,19,-17
114900047,10,90,-80
114900048,2,15,-13
114900049,0,33,-33
114900050,1,87,-86
114900051,3,71,-68
114900052,7,17,-10
114900053,3,23,-20
114900054,3,23,-20
114900057,0,0,0
114900058,0,29,-29
114900059,0,0,0
114900060,43,14,29
114900061,8,18,-10
114900062,5,19,-14
114900063,3,35,-32
114900064,33,159,-126
114900065,9,92,-83
114900067,2,42,-40
114900068,5,33,-28
114900069,21,6,15
114900070,0,0,0
114900072,0,43,-43
114900073,0,50,-50
114900074,0,0,0
114900075,0,0,0
114900076,1,70,-69
114900080,0,0,0
114900082,0,118,-118
114900083,0,66,-66
114900090,0,0,0
114900091,2,2,0
114900095,74,14,60
114900096,13,51,-38
114900097,0,0,0
114900098,0,0,0
114900099,0,0,0
115000001,2854,2972,-118
115000002,509,238,271
115000003,1113,1995,-882
115000004,304,369,-65
115000005,556,1696,-1140
115000006,96,204,-108
115000007,1,5,-4
115000008,60,65,-5
115000009,2,17,-15
115000010,0,0,0
115000013,25,60,-35
115000015,48,135,-87
115000016,140,85,55
115000019,2,64,-62
115000020,0,0,0
115000021,77,144,-67
115000022,220,124,96
115000023,40,61,-21
115000024,361,165,196
115000025,31,49,-18
115000026,43,121,-78
115000027,34,53,-19
115000028,34,257,-223
115000029,18,24,-6
115000030,68,356,-288
115000031,159,61,98
115000032,4,82,-78
115000033,0,0,0
115000034,13,317,-304
115000035,0,0,0
115000036,0,180,-180
115000037,0,0,0
115000038,0,0,0
115000039,218,203,15
115000040,899,435,464
115000041,68,364,-296
115000042,94,121,-27
115000043,207,706,-499
115000044,1357,1784,-427
115000045,311,1107,-796
115000046,75,408,-333
115000047,203,357,-154
115000048,337,1528,-1191
115000049,439,1264,-825
115000050,446,239,207
115000051,595,219,376
115000052,1485,751,734
115000053,240,254,-14
115000054,213,356,-143
115000055,21,259,-238
115000056,1,25,-24
115000057,32,158,-126
115000058,4,33,-29
115000059,0,76,-76
115000061,0,0,0
115000062,5,117,-112
115000063,25,132,-107
115000064,0,0,0
115000065,6,66,-60
115000067,0,0,0
115000069,0,90,-90
115000070,5,116,-111
115000071,0,0,0
115000072,24,12,12
115000073,156,1,155
115000075,1,4,-3
115000076,647,644,3
115000077,150,952,-802
115000078,66,547,-481
115000079,147,681,-534
115000080,136,831,-695
115000081,56,156,-100
115000082,354,638,-284
115000083,285,949,-664
115000084,2,1,1
115000085,55,336,-281
115000086,1,2,-1
115000087,106,390,-284
115000088,6,2,4
115000089,595,582,13
115000090,34,19,15
115000091,98,398,-300
115000092,16,102,-86
115000093,0,0,0
115000094,1852,744,1108
115000095,1321,1264,57
115000096,69,688,-619
115000097,29,254,-225
115000098,46,419,-373
115000099,120,874,-754
115000100,16,59,-43
115000101,112,749,-637
115000102,29,25,4
115000103,86,383,-297
115000105,0,2,-2
115000106,15,29,-14
115000107,37,286,-249
115000108,1300,1199,101
115000109,333,146,187
115000110,468,195,273
115000111,138,342,-204
115000112,107,150,-43
115000113,148,189,-41
115000114,433,249,184
115000116,629,269,360
115000117,306,233,73
115000118,204,354,-150
115000119,218,206,12
115000120,161,281,-120
115000121,597,174,423
115000122,633,227,406
115000123,457,271,186
115000124,99,127,-28
115000125,22,107,-85
115000126,18,103,-85
115000127,37,36,1
115000128,173,177,-4
115000129,7,35,-28
115000130,24,235,-211
115000131,14,42,-28
115000132,10,103,-93
115000133,4,83,-79
115000134,14,46,-32
115000135,7,67,-60
115000136,0,0,0
115000137,10,61,-51
115000138,0,0,0
115000139,28,136,-108
115000140,0,0,0
115000141,21,153,-132
115000142,16,120,-104
115000143,0,0,0
115000144,7,11,-4
115000145,17,217,-200
115000146,0,0,0
115000147,25,179,-154
115000148,92,319,-227
115000149,28,29,-1
115000150,125,305,-180
115000151,28,40,-12
115000152,93,483,-390
115000153,48,29,19
115000154,25,29,-4
115000155,111,386,-275
115000156,50,29,21
115000157,203,190,13
115000158,35,40,-5
115000159,33,34,-1
115000160,127,40,87
115000161,39,107,-68
115000162,0,0,0
115000163,250,226,24
115000164,130,165,-35
115000165,0,0,0
115000167,0,0,0
115000168,0,0,0
115000169,163,189,-26
115000170,30,83,-53
115000171,0,0,0
115000172,313,133,180
115000173,0,0,0
115000174,0,0,0
115000175,8,60,-52
115000176,0,0,0
115000177,1,7,-6
115000178,3,78,-75
115000179,0,0,0
115000180,20,254,-234
115000181,0,0,0
115000182,0,0,0
115000183,32,386,-354
115000186,26,41,-15
115000187,21,220,-199
115000188,100,87,13
115000189,51,167,-116
115000190,100,45,55
115000191,31,94,-63
115000194,54,48,6
115000195,0,0,0
115000196,0,0,0
115000197,6,90,-84
115000198,0,0,0
115000199,14,79,-65
115000200,0,0,0
115000201,19,153,-134
115000206,0,0,0
115000207,4,159,-155
115000208,144,315,-171
115000209,60,28,32
115000210,11,16,-5
115000211,73,86,-13
115000212,230,105,125
115000218,0,0,0
115000219,0,0,0
115000224,0,0,0
115000225,0,0,0
115000229,0,0,0
115000230,0,0,0
115000231,75,1043,-968
115000232,40,104,-64
115000233,8,163,-155
115000234,0,0,0
115000241,0,0,0
115000242,0,0,0
115000243,0,0,0
115000244,0,0,0
115000246,0,0,0
115000247,0,0,0
115000248,0,0,0
115000249,0,0,0
115000250,4,8,-4
115000251,0,0,0
115000252,0,0,0
115000253,0,0,0
115000258,0,0,0
115000259,0,0,0
115000261,0,0,0
115000262,0,0,0
115000263,0,0,0
115000264,0,0,0
115000267,0,0,0
115000268,1,5,-4
115000269,0,0,0
115000270,0,0,0
115000272,0,0,0
115000273,0,0,0
115000274,0,0,0
115000280,0,0,0
115000281,105,38,67
115000282,115,21,94
115000284,127,73,54
115000296,0,0,0
115000297,0,0,0
115000298,36,11,25
115000300,2,64,-62
115000302,0,0,0
115000303,0,0,0
115000304,0,0,0
115000305,11,306,-295
115000306,24,177,-153
115000307,3,84,-81
115000308,8,3,5
115000309,0,0,0
115000310,92,386,-294
115000311,0,4,-4
115000313,56,174,-118
115000314,0,0,0
115000315,380,128,252
115000316,0,0,0
115000317,20,239,-219
115000318,102,53,49
115000319,4,166,-162
115000320,4,39,-35
115000321,92,3,89
115000322,7,115,-108
115000449,0,0,0
115000557,0,11,-11
115000558,0,0,0
115000587,21,45,-24
115000588,1152,2090,-938
115000589,773,423,350
115000590,216,850,-634
115000591,82,108,-26
115000592,151,799,-648
115000593,163,52,111
115000594,289,649,-360
115000609,0,0,0
115000617,222,114,108
115000624,0,2,-2
115000633,69,672,-603
115000634,843,180,663
115000635,29,9,20
115000638,0,0,0
115000641,0,0,0
115000642,21,28,-7
115000643,8,147,-139
115000644,15,118,-103
115000646,194,253,-59
115000647,15,186,-171
115000648,75,527,-452
115000893,430,146,284
115000894,41,650,-609
115000895,52,618,-566
115000896,95,24,71
115000897,63,4,59
115000898,171,21,150
115000899,171,185,-14
115000900,31,31,0
115000901,33,15,18
115000912,15,6,9
115000913,0,4,-4
115000915,0,0,0
115000916,0,0,0
115000917,0,0,0
115000918,0,0,0
115000919,0,0,0
115000920,0,1,-1
115000921,187,4,183
115000922,32,56,-24
115000923,121,461,-340
115000925,17,19,-2
115000927,0,0,0
115000933,31,34,-3
115000934,0,0,0
115000935,0,0,0
115900001,0,0,0
115900002,0,0,0
115900003,0,0,0
115900004,0,0,0
115900005,0,0,0
115900006,0,0,0
115900008,0,0,0
115900009,0,0,0
115900010,0,0,0
115900011,4,11,-7
115900012,0,0,0
115900013,0,0,0
115900014,8,13,-5
115900015,0,0,0
115900016,0,0,0
115900017,0,0,0
115900018,14,3,11
115900019,0,0,0
115900020,0,0,0
115900021,81,3,78
115900022,0,0,0
115900023,0,0,0
115900025,0,0,0
115900026,1,1,0
115900027,0,20,-20
115900028,29,2,27
115900029,1,90,-89
115900030,0,0,0
115900031,0,0,0
115900032,0,4,-4
115900033,0,0,0
115900034,0,45,-45
115900035,0,0,0
115900036,7,1,6
115900037,1,57,-56
115900038,0,0,0
115900039,0,0,0
115900041,3,7,-4
115900042,0,0,0
115900043,0,0,0
115900044,0,0,0
115900046,2,18,-16
115900047,0,0,0
115900049,1,0,1
115900051,0,14,-14
115900052,0,18,-18
115900053,1,2,-1
115900054,0,11,-11
115900055,0,12,-12
115900056,0,3,-3
115900057,0,0,0
115900058,3,1,2
115900060,0,2,-2
115900061,0,0,0
115900062,0,73,-73
115900063,2,1,1
115900064,0,0,0
115900065,0,0,0
115900066,17,16,1
115900067,1,145,-144
115900068,396,6,390
115900069,0,0,0
115900070,0,0,0
115900071,0,29,-29
115900072,23,20,3
115900073,0,0,0
115900074,1,57,-56
115900075,3,27,-24
115900076,0,0,0
115900077,1,45,-44
115900078,0,12,-12
115900079,0,0,0
115900080,0,1,-1
115900081,2,24,-22
115900082,2,4,-2
115900084,0,0,0
115900085,0,0,0
115900086,134,14,120
115900088,0,1,-1
115900089,2,106,-104
115900090,0,0,0
115900091,0,2,-2
115900092,0,25,-25
115900093,0,2,-2
115900094,0,25,-25
115900096,0,6,-6
115900097,0,54,-54
115900098,1,41,-40
115900099,0,0,0
115900100,0,78,-78
115900101,1,38,-37
115900102,0,0,0
115900103,2,22,-20
115900104,0,0,0
115900105,0,0,0
115900106,0,0,0
115900107,0,0,0
115900108,0,0,0
115900109,14,59,-45
115900110,0,0,0
115900111,0,25,-25
115900112,5,102,-97
115900113,0,0,0
115900114,0,24,-24
115900115,1,3,-2
115900116,8,96,-88
115900117,0,0,0
115900118,0,78,-78
115900119,0,4,-4
115900120,2,25,-23
115900121,14,57,-43
115900124,16,36,-20
115900125,6,2,4
115900126,68,11,57
115900127,63,4,59
115900128,2,0,2
115900129,38,5,33
115900130,1,0,1
115900131,9,1,8
115900132,12,2,10
115900134,17,0,17
115900135,0,0,0
115900137,2,0,2
115900139,1,16,-15
115900140,0,0,0
115900141,0,6,-6
115900142,1,5,-4
115900143,2,27,-25
115900144,0,22,-22
115900146,0,0,0
115900147,0,0,0
115900148,0,1,-1
115900149,1,4,-3
115900150,0,0,0
115900151,1,11,-10
115900152,3,91,-88
115900153,5,50,-45
115900154,96,58,38
115900155,0,0,0
115900156,87,134,-47
115900157,2,73,-71
115900158,0,0,0
115900159,7,69,-62
115900160,0,0,0
115900161,1,51,-50
115900163,6,28,-22
115900164,0,2,-2
115900165,0,4,-4
115900166,0,0,0
115900168,1,3,-2
115900171,6,52,-46
115900172,1,44,-43
115900173,0,0,0
115900174,36,39,-3
115900175,3,11,-8
115900178,0,116,-116
115900179,0,0,0
115900180,0,0,0
115900181,5,19,-14
115900182,6,30,-24
115900183,4,1,3
115900184,0,0,0
115900187,0,0,0
115900189,0,33,-33
115900190,0,49,-49
115900191,9,59,-50
115900192,1,5,-4
115900193,2,9,-7
115900194,35,5,30
115900195,56,63,-7
115900198,1,6,-5
115900199,22,55,-33
115900200,63,85,-22
115900201,10,50,-40
115900202,0,0,0
115900203,0,0,0
115900204,0,0,0
115900205,1,3,-2
115900206,0,4,-4
115900207,0,0,0
115900208,0,0,0
115900209,0,19,-19
115900210,0,22,-22
115900211,0,23,-23
115900212,3,4,-1
115900213,0,0,0
115900214,0,23,-23
115900215,0,0,0
115900216,0,40,-40
115900217,0,30,-30
115900218,0,20,-20
115900219,0,0,0
115900220,0,0,0
115900221,0,0,0
115900222,0,0,0
115900223,0,0,0
115900224,0,0,0
115900225,0,0,0
115900226,0,0,0
115900227,0,0,0
115900228,0,0,0
115900229,0,0,0
115900230,0,0,0
115900231,0,0,0
115900232,0,0,0
115900233,0,0,0
115900234,0,0,0
115900235,0,0,0
115900236,0,1,-1
115900237,0,21,-21
115900238,0,6,-6
115900239,0,30,-30
115900240,0,28,-28
115900241,0,1,-1
115900242,0,1,-1
115900243,0,1,-1
115900244,2,0,2
115900245,0,2,-2
115900246,0,0,0
115900247,0,0,0
115900248,0,0,0
115900249,0,0,0
115900250,0,0,0
115900251,0,0,0
115900252,0,0,0
115900253,0,0,0
115900254,0,0,0
115900255,0,0,0
115900256,0,0,0
115900257,0,0,0
115900258,0,0,0
115900259,0,0,0
115900260,0,0,0
115900261,0,0,0
115900262,0,0,0
115900263,0,0,0
115900264,0,0,0
115900265,0,0,0
115900266,0,0,0
115900267,0,0,0
115900268,0,0,0
115900269,2,9,-7
115900270,0,0,0
115900271,0,0,0
115900272,0,0,0
115900273,0,0,0
115900274,0,0,0
115900275,0,3,-3
115900276,0,2,-2
115900277,0,4,-4
115900278,0,0,0
115900279,0,5,-5
115900280,0,3,-3
115900281,0,2,-2
116000001,8334,1193,7141
116000002,848,346,502
116000003,553,667,-114
116000004,510,127,383
116000005,486,780,-294
116000006,262,170,92
116000007,954,1221,-267
116000008,471,447,24
116000009,349,622,-273
116000010,154,73,81
116000011,144,217,-73
116000012,117,119,-2
116000013,6996,1229,5767
116000014,902,143,759
116000015,76,316,-240
116000016,529,88,441
116000017,14,121,-107
116000018,48,33,15
116000019,58,79,-21
116000020,19,91,-72
116000021,28,53,-25
116000022,24,33,-9
116000023,43,49,-6
116000024,41,153,-112
116000025,31,68,-37
116000026,123,603,-480
116000027,30,128,-98
116000028,0,1,-1
116000029,313,139,174
116000030,3,1,2
116000031,58,56,2
116000032,19,116,-97
116000033,1,138,-137
116000034,15,189,-174
116000035,38,285,-247
116000036,130,75,55
116000037,0,0,0
116000038,0,0,0
116000039,110,82,28
116000040,0,0,0
116000041,31,133,-102
116000042,1,0,1
116000043,13,175,-162
116000044,0,0,0
116000045,0,0,0
116000046,305,417,-112
116000047,345,522,-177
116000048,60,127,-67
116000049,30,161,-131
116000050,211,457,-246
116000051,87,128,-41
116000052,455,839,-384
116000053,0,1,-1
116000054,131,675,-544
116000055,88,359,-271
116000056,0,0,0
116000057,1228,500,728
116000058,739,245,494
116000059,282,137,145
116000060,832,139,693
116000061,109,71,38
116000062,68,80,-12
116000063,66,184,-118
116000066,0,1,-1
116000067,81,149,-68
116000068,2,2,0
116000069,88,114,-26
116000078,0,0,0
116000080,284,380,-96
116000082,0,51,-51
116000083,105,66,39
116000084,126,341,-215
116000085,216,73,143
116000086,108,203,-95
116000087,155,69,86
116000088,149,302,-153
116000089,4,4,0
116000090,0,0,0
116000091,4,3,1
116000093,73,37,36
116000094,18,341,-323
116000095,48,60,-12
116000096,34,277,-243
116000097,45,145,-100
116000098,4,479,-475
116000099,1119,42,1077
116000100,6,1,5
116000101,12,27,-15
116000102,14,229,-215
116000103,12,43,-31
116000104,2,241,-239
116000105,10,44,-34
116000106,10,215,-205
116000107,27,118,-91
116000108,0,36,-36
116000111,0,0,0
116000113,0,0,0
116000114,1,14,-13
116000115,0,0,0
116000116,17,63,-46
116000117,15,42,-27
116000118,129,626,-497
116000119,10,54,-44
116000120,424,1458,-1034
116000121,0,1,-1
116000122,332,1374,-1042
116000123,0,0,0
116000124,69,810,-741
116000125,9,4,5
116000126,60,933,-873
116000127,227,698,-471
116000128,14,17,-3
116000129,2,8,-6
116000130,2,18,-16
116000133,178,359,-181
116000134,151,1215,-1064
116000135,108,166,-58
116000136,134,873,-739
116000137,38,95,-57
116000138,407,101,306
116000139,257,561,-304
116000140,38,94,-56
116000141,35,192,-157
116000142,1076,1357,-281
116000143,531,138,393
116000144,247,1126,-879
116000145,312,219,93
116000146,12,58,-46
116000147,50,15,35
116000148,12,64,-52
116000149,3,72,-69
116000151,78,388,-310
116000153,0,0,0
116000155,0,0,0
116000156,83,305,-222
116000157,0,0,0
116000158,10,191,-181
116000159,0,0,0
116000160,1,43,-42
116000161,4,19,-15
116000162,104,3,101
116000163,4,0,4
116000164,0,10,-10
116000177,3,21,-18
116000194,0,205,-205
116000195,79,69,10
116000196,0,1,-1
116000197,2,0,2
116000198,149,140,9
116000200,0,0,0
116000201,105,132,-27
116000202,0,0,0
116000203,0,9,-9
116000204,2,4,-2
116000205,0,24,-24
116000206,0,10,-10
116000207,0,17,-17
116000233,6,62,-56
116000287,18,198,-180
116000288,0,0,0
116000292,0,30,-30
116000296,0,0,0
116000297,0,0,0
116000304,0,0,0
116000305,0,0,0
116000346,19,50,-31
116000352,0,17,-17
116000354,10,6,4
116000357,0,2,-2
116000358,0,0,0
116000361,0,0,0
116000372,2341,575,1766
116000381,0,0,0
116000388,0,16,-16
116000389,17,36,-19
116000445,37,433,-396
116000446,0,0,0
116000447,2,203,-201
116000448,0,0,0
116000563,0,0,0
116000565,31,56,-25
116000568,5,9,-4
116000579,2,26,-24
116000584,1,4,-3
116000585,0,1,-1
116000586,78,26,52
116000587,0,80,-80
116000589,4,20,-16
116000590,0,0,0
116000591,2,0,2
116000592,0,0,0
116000593,0,7,-7
116000594,19,140,-121
116000595,12,46,-34
116000596,2,1,1
116000597,0,0,0
116000598,0,40,-40
116000602,0,38,-38
116000605,2,15,-13
116000606,0,0,0
116000607,1,5,-4
116000609,2,98,-96
116000611,6,251,-245
116000612,99,249,-150
116000613,0,1,-1
116000614,106,382,-276
116000615,7,119,-112
116000616,3,51,-48
116000617,3,50,-47
116000618,0,72,-72
116000619,1,5,-4
116000620,0,0,0
116000621,0,0,0
116000622,0,0,0
116000624,1,0,1
116000627,0,0,0
116000628,0,0,0
116000629,0,2,-2
116000630,1,0,1
116000631,1,0,1
116000632,0,0,0
116000633,0,0,0
116000634,0,0,0
116000635,32,55,-23
116900001,0,0,0
116900002,0,0,0
116900003,0,0,0
116900004,0,0,0
116900005,2,9,-7
116900006,0,0,0
116900007,0,0,0
116900008,2,153,-151
116900009,0,0,0
116900010,1,269,-268
116900011,0,4,-4
116900012,0,0,0
116900013,0,72,-72
116900014,0,0,0
116900015,0,0,0
116900016,0,0,0
116900017,2,123,-121
116900018,0,0,0
116900019,0,67,-67
116900020,17,6,11
116900023,0,0,0
116900024,0,0,0
116900025,4,110,-106
116900026,4,100,-96
116900027,0,0,0
116900028,1,19,-18
116900029,0,0,0
116900031,0,0,0
116900032,0,16,-16
116900033,0,0,0
116900034,3,17,-14
116900035,4,22,-18
116900036,0,8,-8
116900038,0,0,0
116900041,0,0,0
116900042,92,38,54
116900043,0,4,-4
116900045,0,0,0
116900047,0,0,0
116900049,1,41,-40
116900050,1,28,-27
116900051,0,0,0
116900052,0,0,0
116900055,0,0,0
116900057,1,47,-46
116900058,0,31,-31
116900059,0,0,0
116900060,8,46,-38
116900062,0,0,0
116900064,9,210,-201
116900065,0,5,-5
116900067,0,0,0
116900068,9,71,-62
116900070,0,0,0
116900072,0,111,-111
116900073,1,12,-11
116900074,0,0,0
116900076,0,0,0
116900077,0,25,-25
116900078,26,32,-6
116900079,0,31,-31
116900080,0,0,0
116900081,1,76,-75
116900082,9,105,-96
116900083,0,0,0
116900084,5,2,3
116900085,0,15,-15
116900086,1,35,-34
116900088,0,0,0
116900090,0,0,0
116900091,0,14,-14
116900092,0,69,-69
116900093,3,0,3
116900094,353,21,332
116900095,0,30,-30
116900096,2,7,-5
116900097,16,1,15
116900098,61,4,57
116900099,31,40,-9
116900100,0,0,0
116900101,14,72,-58
116900103,0,0,0
116900104,1,17,-16
116900105,0,0,0
116900106,0,51,-51
116900107,13,1,12
116900110,0,0,0
116900111,0,95,-95
116900112,1,55,-54
116900113,207,5,202
116900116,0,0,0
116900117,2,31,-29
116900118,4,160,-156
116900120,0,0,0
116900121,0,0,0
116900122,12,255,-243
116900123,2,225,-223
116900124,1,65,-64
116900125,3,11,-8
116900126,18,72,-54
116900128,0,12,-12
116900129,1,92,-91
116900130,228,246,-18
116900131,6,52,-46
116900132,1,18,-17
116900133,4,22,-18
116900134,8,51,-43
116900136,2,18,-16
116900137,3,17,-14
116900138,7,30,-23
116900139,10,47,-37
116900140,8,28,-20
116900141,16,35,-19
116900142,0,2,-2
116900143,4,40,-36
116900144,2,2,0
116900145,5,22,-17
116900147,14,12,2
116900148,0,3,-3
116900149,0,0,0
116900150,1,0,1
116900151,0,0,0
116900153,0,0,0
116900154,1,4,-3
116900155,0,3,-3
116900157,0,0,0
116900158,0,4,-4
116900159,1,33,-32
116900160,0,0,0
116900161,799,147,652
116900162,0,0,0
116900163,0,0,0
116900164,1,0,1
116900165,0,0,0
116900166,0,0,0
116900167,0,0,0
116900168,1,3,-2
116900169,0,0,0
116900170,0,0,0
116900171,0,0,0
116900172,0,0,0
116900173,0,10,-10
116900174,0,0,0
116900175,0,0,0
116900178,0,0,0
116900179,0,0,0
116900180,2,2,0
116900182,0,0,0
116900183,0,0,0
116900185,0,0,0
116900186,0,0,0
116900187,0,0,0
116900188,2,6,-4
116900189,1,0,1
116900191,0,0,0
116900192,0,0,0
116900194,0,0,0
116900195,0,0,0
116900196,0,0,0
116900197,0,0,0
116900198,19,13,6
116900200,0,0,0
116900201,0,0,0
116900202,0,0,0
116900203,0,0,0
116900204,1,8,-7
116900206,0,0,0
116900207,1,4,-3
116900208,0,0,0
116900209,0,0,0
116900210,0,11,-11
116900211,0,0,0
116900212,0,0,0
116900213,0,0,0
116900214,5,10,-5
116900215,0,0,0
116900216,2,12,-10
116900218,2,97,-95
116900219,97,51,46
116900220,0,0,0
116900221,1,17,-16
116900222,0,0,0
116900223,0,0,0
116900226,1,4,-3
116900227,0,6,-6
116900228,7,22,-15
116900230,0,26,-26
116900231,0,37,-37
116900232,0,36,-36
116900233,0,0,0
116900234,0,0,0
116900235,13,203,-190
116900238,44,27,17
116900239,0,9,-9
116900240,280,36,244
116900241,0,0,0
116900242,33,31,2
116900243,6,12,-6
116900245,0,0,0
116900246,0,0,0
116900247,0,0,0
116900248,0,1,-1
116900249,0,0,0
116900250,8,5,3
116900251,0,0,0
116900252,0,78,-78
116900253,0,0,0
116900254,0,0,0
116900255,4,1,3
116900256,6,3,3
116900257,0,107,-107
116900258,0,70,-70
116900259,0,0,0
116900260,0,18,-18
116900261,0,0,0
116900262,25,47,-22
116900263,0,0,0
116900264,0,0,0
116900265,0,0,0
116900266,0,3,-3
116900267,0,6,-6
116900268,0,6,-6
116900269,1,16,-15
116900271,0,0,0
116900272,23,55,-32
116900273,5,2,3
116900274,0,0,0
116900275,0,0,0
116900276,0,0,0
116900277,0,0,0
116900278,0,0,0
116900279,0,6,-6
116900280,0,2,-2
116900281,189,31,158
116900282,0,17,-17
116900283,1,7,-6
116900284,2,11,-9
116900285,0,0,0
116900286,0,0,0
116900287,0,0,0
116900288,0,0,0
116900289,0,0,0
116900290,0,0,0
116900291,0,0,0
116900292,0,0,0
116900293,0,0,0
116900294,1,16,-15
116900295,0,0,0
116900296,0,0,0
116900297,0,0,0
116900298,0,0,0
116900299,0,0,0
116900300,0,0,0
116900301,0,0,0
116900302,0,8,-8
116900303,0,3,-3
116900304,0,22,-22
116900305,0,0,0
116900306,0,4,-4
117000001,112,127,-15
117000002,417,1419,-1002
117000003,369,109,260
117000004,1257,1566,-309
117000005,53,36,17
117000006,223,1501,-1278
117000007,123,11,112
117000008,248,1530,-1282
117000009,5,6,-1
117000010,640,1586,-946
117000011,7,5,2
117000012,253,748,-495
117000013,2,9,-7
117000014,171,961,-790
117000015,7,4,3
117000016,15,10,5
117000017,27,23,4
117000018,1,119,-118
117000019,0,0,0
117000020,123,346,-223
117000021,560,85,475
117000022,38,12,26
117000023,33,58,-25
117000024,93,75,18
117000025,190,243,-53
117000026,76,29,47
117000027,304,498,-194
117000028,0,0,0
117000030,21,76,-55
117000031,0,0,0
117000032,180,308,-128
117000033,258,256,2
117000034,16,43,-27
117000035,0,0,0
117000036,38,69,-31
117000037,0,0,0
117000038,7,96,-89
117000039,11,12,-1
117000040,18,503,-485
117000041,0,0,0
117000044,8,354,-346
117000045,0,0,0
117000046,93,278,-185
117000047,0,1,-1
117000048,431,257,174
117000049,17,67,-50
117000050,16,829,-813
117000051,92,23,69
117000052,2,38,-36
117000053,3,8,-5
117000054,52,1,51
117000055,7,1286,-1279
117000056,22,0,22
117000057,80,524,-444
117000060,52,191,-139
117000061,1,12,-11
117000062,15,54,-39
117000063,0,0,0
117000064,71,254,-183
117000066,228,124,104
117000067,2,40,-38
117000074,0,2,-2
117000076,0,0,0
117000077,25,19,6
117000078,6,130,-124
117000079,2,13,-11
117000080,0,209,-209
117000081,10,6,4
117000082,7,32,-25
117000083,0,0,0
117000084,0,0,0
117000085,14,129,-115
117000086,16,162,-146
117000087,30,206,-176
117000088,0,0,0
117000089,25,12,13
117000090,69,804,-735
117000091,8,5,3
117000092,81,877,-796
117000093,12,13,-1
117000094,195,1043,-848
117000095,17,13,4
117000096,174,1363,-1189
117000097,21,28,-7
117000098,518,1891,-1373
117000099,15,25,-10
117000100,2,19,-17
117000101,41,219,-178
117000102,0,1,-1
117000103,395,812,-417
117000104,1,1,0
117000105,154,830,-676
117000106,0,2,-2
117000107,157,925,-768
117000108,1,2,-1
117000109,670,1111,-441
117000110,0,3,-3
117000111,333,426,-93
117000112,129,179,-50
117000113,10,74,-64
117000114,0,0,0
117000115,6,28,-22
117000116,0,13,-13
117000117,32,9,23
117000118,4,17,-13
117000119,3,1,2
117000120,1,3,-2
117000121,0,6,-6
117000122,0,0,0
117000123,0,0,0
117000124,6,0,6
117000125,8,6,2
117000126,2,3,-1
117000127,6,17,-11
117000128,8,32,-24
117000129,0,0,0
117000130,0,0,0
117000131,0,16,-16
117000132,98,24,74
117000133,1,150,-149
117000134,1,40,-39
117000135,1,26,-25
117000136,0,24,-24
117000137,0,0,0
117000138,0,255,-255
117000140,100,590,-490
117000141,1,0,1
117000181,98,25,73
117000182,0,0,0
117000195,15,174,-159
117000196,0,0,0
117000225,0,0,0
117000226,0,7,-7
117000276,0,0,0
117000277,0,82,-82
117000310,473,737,-264
117000315,0,0,0
117000320,0,0,0
117000906,0,0,0
117000907,1,154,-153
117000908,1,3,-2
117000909,0,4,-4
117000910,55,56,-1
117000911,10,15,-5
117000915,1,135,-134
117000916,0,0,0
117000917,0,0,0
117000918,0,0,0
117000919,0,18,-18
117000920,3,954,-951
117000921,1,336,-335
117000922,0,0,0
117000924,40,5,35
117000926,266,17,249
117000927,10,38,-28
117000928,0,142,-142
117000929,7,74,-67
117000930,7,1,6
117000931,34,7,27
117900002,29,47,-18
117900003,45,13,32
117900005,0,0,0
117900006,0,5,-5
117900007,1,39,-38
117900008,0,9,-9
117900010,0,16,-16
117900011,0,1,-1
117900012,4,26,-22
117900013,0,34,-34
117900014,2,56,-54
117900015,0,25,-25
117900016,99,29,70
117900017,5,56,-51
117900018,13,5,8
117900019,2,46,-44
117900020,1,7,-6
117900021,0,14,-14
117900022,0,3,-3
117900023,22,1,21
117900024,3,18,-15
117900025,3,1,2
117900026,0,38,-38
117900028,0,0,0
117900029,2,64,-62
117900030,11,27,-16
117900031,0,0,0
117900032,9,11,-2
117900033,3,53,-50
117900034,0,0,0
117900035,7,1,6
117900036,5,38,-33
117900037,0,0,0
117900038,0,47,-47
117900039,0,25,-25
117900040,18,79,-61
117900041,1,7,-6
117900042,37,9,28
117900043,4,11,-7
117900044,0,38,-38
117900045,0,0,0
117900048,12,38,-26
117900049,9,45,-36
117900050,0,0,0
117900051,0,0,0
117900052,0,0,0
117900053,59,112,-53
117900054,0,0,0
117900055,0,0,0
117900056,0,0,0
117900057,17,167,-150
117900058,20,57,-37
117900059,0,0,0
117900060,13,533,-520
117900061,0,0,0
117900063,2,23,-21
117900065,42,68,-26
117900066,0,0,0
117900067,2,51,-49
117900069,5,64,-59
117900070,0,0,0
117900071,0,0,0
117900073,3,46,-43
117900074,0,0,0
117900075,0,0,0
117900076,0,2,-2
117900077,0,0,0
117900078,15,38,-23
117900080,0,0,0
117900081,20,33,-13
117900082,10,18,-8
117900083,1,78,-77
117900086,0,0,0
117900087,0,0,0
117900088,140,72,68
117900089,51,13,38
117900090,3,134,-131
117900091,33,2,31
117900092,0,0,0
117900093,0,0,0
117900094,0,0,0
117900095,4,80,-76
117900096,0,0,0
117900097,0,0,0
117900098,0,0,0
117900099,2,78,-76
117900100,0,0,0
117900101,34,35,-1
117900102,0,0,0
117900103,0,0,0
117900104,1,13,-12
117900105,2,13,-11
117900106,0,0,0
117900107,0,0,0
117900109,8,27,-19
117900110,0,0,0
117900111,0,0,0
117900112,0,0,0
117900113,0,7,-7
117900114,0,0,0
117900115,9,6,3
117900116,25,45,-20
117900117,22,71,-49
117900118,0,0,0
117900119,0,82,-82
117900120,0,12,-12
117900121,0,8,-8
117900122,33,48,-15
117900123,31,78,-47
117900124,15,35,-20
117900125,194,99,95
117900126,19,47,-28
117900127,9,70,-61
117900128,4,77,-73
117900129,0,0,0
117900130,0,45,-45
117900131,0,16,-16
117900132,0,29,-29
117900133,0,22,-22
117900134,7,23,-16
117900135,0,28,-28
117900136,0,13,-13
117900137,0,61,-61
117900138,0,15,-15
117900139,0,17,-17
117900140,28,2,26
117900141,17,27,-10
117900142,0,0,0
117900144,0,0,0
117900145,0,1,-1
117900146,0,0,0
117900147,0,0,0
117900148,109,101,8
117900149,0,10,-10
117900150,0,24,-24
117900151,1,19,-18
117900152,13,4,9
117900153,0,22,-22
117900154,3,51,-48
117900156,27,47,-20
117900157,2,12,-10
117900158,0,0,0
117900160,30,24,6
117900161,195,181,14
117900162,0,28,-28
117900163,0,5,-5
117900165,0,0,0
117900166,0,10,-10
117900168,3,34,-31
117900169,0,32,-32
117900170,2,4,-2
117900171,0,2,-2
117900172,1,6,-5
117900173,36,4,32
117900174,2,4,-2
117900175,0,1,-1
117900176,0,2,-2
117900177,0,8,-8
117900178,6,0,6
117900180,8,3,5
117900181,0,0,0
117900182,0,0,0
117900183,0,0,0
117900184,0,0,0
117900185,0,0,0
117900186,0,0,0
117900187,0,0,0
117900188,0,0,0
117900189,0,0,0
117900190,0,0,0
117900191,0,0,0
117900192,3,3,0
117900193,0,19,-19
117900194,0,0,0
117900195,0,0,0
117900196,0,0,0
117900207,0,0,0
117900208,0,0,0
117900209,0,2,-2
117900210,0,0,0
117900211,0,0,0
117900212,4,7,-3
117900213,0,0,0
117900214,0,16,-16
117900215,0,0,0
117900216,0,0,0
117900217,0,10,-10
117900218,0,0,0
117900219,0,9,-9
117900220,0,0,0
117900221,0,0,0
118000001,58,67,-9
118000002,241,406,-165
118000003,106,197,-91
118000004,346,310,36
118000005,825,479,346
118000006,1975,1062,913
118000007,873,400,473
118000008,656,477,179
118000009,343,582,-239
118000010,325,593,-268
118000011,76,584,-508
118000012,173,593,-420
118000013,787,712,75
118000014,164,572,-408
118000016,30,79,-49
118000017,0,0,0
118000018,45,158,-113
118000019,855,231,624
118000020,402,296,106
118000021,287,466,-179
118000022,198,38,160
118000023,76,116,-40
118000024,93,186,-93
118000025,90,29,61
118000027,3234,571,2663
118000029,118,47,71
118000032,48,80,-32
118000033,203,203,0
118000034,1154,363,791
118000035,86,439,-353
118000036,49,203,-154
118000037,127,265,-138
118000038,0,6,-6
118000039,21,24,-3
118000040,77,518,-441
118000041,242,377,-135
118000045,17,0,17
118000046,129,27,102
118000047,115,56,59
118000048,206,105,101
118000051,53,12,41
118000052,54,38,16
118000053,30,10,20
118000054,265,54,211
118000055,172,55,117
118000056,13,4,9
118000057,7,9,-2
118000058,77,39,38
118000059,60,44,16
118000060,14,58,-44
118000061,15,57,-42
118000062,19,9,10
118000063,17,13,4
118000064,47,58,-11
118000065,322,83,239
118000066,34,40,-6
118000067,209,119,90
118000068,201,241,-40
118000069,215,70,145
118000070,758,81,677
118000071,478,259,219
118000072,231,162,69
118000073,89,22,67
118000074,10,26,-16
118000075,52,36,16
118000076,179,173,6
118000077,383,220,163
118000078,121,128,-7
118000079,55,123,-68
118000080,310,235,75
118000081,79,79,0
118000082,11,11,0
118000083,37,24,13
118000084,278,118,160
118000086,33,94,-61
118000087,2341,463,1878
118000088,119,128,-9
118000089,861,1078,-217
118000090,1680,418,1262
118000091,1315,589,726
118000092,146,31,115
118000093,16,23,-7
118000096,14,21,-7
118000097,22,44,-22
118000098,1,1,0
118000099,50,172,-122
118000101,82,85,-3
118000102,11,180,-169
118000107,727,81,646
118000108,6,36,-30
118000110,0,4,-4
118000111,1,310,-309
118000112,0,0,0
118000113,2,513,-511
118000114,0,0,0
118000115,0,0,0
118000116,0,0,0
118000117,270,243,27
118000118,21,35,-14
118000119,26,57,-31
118000120,364,528,-164
118000121,3,48,-45
118000122,47,9,38
118000123,5,68,-63
118000125,260,326,-66
118000126,7,39,-32
118000127,25,31,-6
118000128,170,370,-200
118000129,47,49,-2
118000130,924,1392,-468
118000131,79,409,-330
118000132,101,77,24
118000133,26,69,-43
118000135,0,1,-1
118000136,13,74,-61
118000137,74,9,65
118000138,5,53,-48
118000139,12,20,-8
118000140,555,359,196
118000141,157,180,-23
118000142,226,546,-320
118000143,18,46,-28
118000144,65,71,-6
118000145,382,791,-409
118000146,176,303,-127
118000147,207,464,-257
118000148,41,248,-207
118000149,55,162,-107
118000150,13,0,13
118000151,7,24,-17
118000153,18,93,-75
118000154,26,125,-99
118000155,8,72,-64
118000156,502,374,128
118000157,19,17,2
118000158,3,77,-74
118000159,0,0,0
118000160,0,3,-3
118000161,48,236,-188
118000162,18,62,-44
118000163,14,55,-41
118000164,146,75,71
118000168,11,30,-19
118000169,283,603,-320
118000170,461,703,-242
118000171,1,5,-4
118000172,0,2,-2
118000173,79,173,-94
118000175,16,16,0
118000176,13,36,-23
118000177,3,14,-11
118000178,3,13,-10
118000179,6,0,6
118000180,0,2,-2
118000181,258,147,111
118000182,76,84,-8
118000183,40,84,-44
118000184,0,4,-4
118000185,552,188,364
118000186,225,200,25
118000187,77,199,-122
118000188,14,39,-25
118000189,7,124,-117
118000190,1,1,0
118000191,1,5,-4
118000192,3,27,-24
118000193,1,42,-41
118000194,310,32,278
118000195,11,8,3
118000196,0,0,0
118000197,36,11,25
118000198,14,3,11
118000199,91,73,18
118000200,0,0,0
118000201,13,7,6
118000202,0,0,0
118000203,89,29,60
118000204,51,42,9
118000205,35,18,17
118000206,4,0,4
118000207,0,8,-8
118000208,73,61,12
118000209,218,473,-255
118000210,0,1,-1
118000211,0,2,-2
118000213,27,33,-6
118000214,175,36,139
118000215,43,116,-73
118000216,2,0,2
118000217,0,8,-8
118000218,0,6,-6
118000219,7,29,-22
118000220,0,0,0
118000221,4,30,-26
118000222,46,4,42
118000223,0,0,0
118000224,3,7,-4
118000225,1,274,-273
118000226,0,0,0
118000227,80,19,61
118000228,70,33,37
118000229,0,0,0
118000230,18,31,-13
118000231,1,27,-26
118000232,52,202,-150
118000233,25,30,-5
118000234,4,18,-14
118000236,18,76,-58
118000237,0,0,0
118000238,6,71,-65
118000239,0,6,-6
118000240,73,11,62
118000241,1,16,-15
118000242,11,168,-157
118000243,3,23,-20
118000244,0,23,-23
118000246,0,3,-3
118000255,0,8,-8
118000256,0,20,-20
118000259,0,3,-3
118000260,0,0,0
118000261,0,17,-17
118000263,1,24,-23
118000266,7,36,-29
118000267,0,26,-26
118000268,0,5,-5
118000270,0,0,0
118000271,1,37,-36
118000272,0,0,0
118000273,1,22,-21
118000274,17,88,-71
118000276,7,15,-8
118000295,2,11,-9
118000298,27,157,-130
118000299,16,80,-64
118000301,0,6,-6
118000302,2,7,-5
118000311,10,20,-10
118000312,5,49,-44
118000313,1,19,-18
118000314,2,16,-14
118000315,1,14,-13
118000316,7,64,-57
118000325,0,7,-7
118000326,0,0,0
118000331,0,5,-5
118000332,0,7,-7
118000333,0,12,-12
118000335,0,0,0
118000336,2,151,-149
118000407,0,0,0
118000457,1,5,-4
118000465,609,353,256
118000480,0,13,-13
118000489,0,0,0
118000490,15,133,-118
118000492,6,9,-3
118000510,7,4,3
118000514,19,107,-88
118000515,4,37,-33
118000517,102,43,59
118000524,782,203,579
118000525,233,347,-114
118000530,0,0,0
118000531,0,0,0
118000532,34,110,-76
118000533,95,141,-46
118000534,45,164,-119
118000535,4,20,-16
118000536,27,50,-23
118000537,12,40,-28
118000538,9,43,-34
118000539,0,0,0
118000540,21,113,-92
118000541,8,77,-69
118000542,0,0,0
118000543,0,0,0
118000546,3,31,-28
118000560,439,64,375
118000562,0,0,0
118000563,135,87,48
118000576,8,49,-41
118000577,29,9,20
118000578,28,27,1
118000579,75,147,-72
118000595,0,0,0
118000596,0,11,-11
118000597,4,18,-14
118000598,0,0,0
118000599,0,0,0
118000600,0,19,-19
118000601,0,0,0
118000602,0,7,-7
118000603,0,23,-23
118900001,0,0,0
118900002,0,19,-19
118900003,0,0,0
118900004,0,0,0
118900005,0,0,0
118900006,0,0,0
118900007,1,0,1
118900008,0,0,0
118900009,0,0,0
118900010,0,0,0
118900011,12,0,12
118900012,2,0,2
118900013,0,0,0
118900015,4,0,4
118900016,2,2,0
118900017,0,0,0
118900018,0,0,0
118900019,6,0,6
118900020,0,0,0
118900021,0,0,0
118900022,2,5,-3
118900023,0,0,0
118900024,0,0,0
118900025,0,0,0
118900026,0,8,-8
118900027,0,0,0
118900028,0,0,0
118900029,0,0,0
118900030,0,0,0
118900031,4,7,-3
118900032,0,0,0
118900033,0,0,0
118900034,0,0,0
118900035,5,32,-27
118900036,19,55,-36
118900037,0,0,0
118900038,4,46,-42
118900039,0,0,0
118900040,3,3,0
118900041,0,0,0
118900042,0,7,-7
118900045,3,11,-8
118900046,69,2,67
118900047,49,7,42
118900048,0,0,0
118900049,0,0,0
118900050,0,25,-25
118900051,0,0,0
118900052,0,0,0
118900053,0,0,0
118900054,0,6,-6
118900055,3,17,-14
118900056,0,0,0
118900057,0,31,-31
118900058,0,0,0
118900059,0,0,0
118900060,1,5,-4
118900062,0,0,0
118900064,0,0,0
118900065,0,0,0
118900066,0,0,0
118900067,36,0,36
118900068,0,0,0
118900069,6,14,-8
118900071,0,0,0
118900072,0,0,0
118900073,1,14,-13
118900074,0,0,0
118900075,0,0,0
118900076,0,0,0
118900077,1,4,-3
118900078,0,1,-1
118900079,0,0,0
118900080,0,0,0
118900081,0,0,0
118900082,0,6,-6
118900083,4,3,1
118900084,0,0,0
118900085,27,71,-44
118900086,0,0,0
118900087,1,8,-7
118900088,0,2,-2
118900089,0,0,0
118900090,3,40,-37
118900091,0,0,0
118900092,3,29,-26
118900093,0,0,0
118900096,0,0,0
118900097,8,98,-90
118900099,0,46,-46
118900100,0,0,0
118900101,0,91,-91
118900102,0,9,-9
118900103,1,10,-9
118900104,1,39,-38
118900105,26,12,14
118900107,14,7,7
118900108,0,15,-15
118900109,10,2,8
118900110,0,0,0
118900111,0,0,0
118900112,0,0,0
118900113,0,0,0
118900114,0,0,0
118900115,0,0,0
118900116,4,55,-51
118900117,7,45,-38
118900118,11,112,-101
118900119,1,70,-69
118900120,6,48,-42
118900121,0,0,0
118900122,0,22,-22
118900123,25,42,-17
118900124,0,0,0
118900126,0,34,-34
118900129,0,23,-23
118900130,0,0,0
118900131,5,63,-58
118900132,8,21,-13
118900133,0,0,0
118900135,1,50,-49
118900136,20,158,-138
118900137,0,0,0
118900139,0,0,0
118900140,10,153,-143
118900141,0,0,0
118900144,3,180,-177
118900145,0,0,0
118900146,13,117,-104
118900147,0,0,0
118900148,0,0,0
118900150,0,0,0
118900152,20,101,-81
118900157,0,0,0
118900158,0,0,0
118900159,0,0,0
118900161,0,0,0
118900163,0,0,0
118900164,0,0,0
118900165,1,45,-44
118900166,2,0,2
118900167,5,22,-17
118900168,0,17,-17
118900169,14,68,-54
118900170,1,15,-14
118900171,0,7,-7
118900174,2,14,-12
118900175,2,26,-24
118900176,0,11,-11
118900177,0,4,-4
118900178,0,5,-5
118900179,0,8,-8
118900181,4,7,-3
118900182,3,7,-4
118900183,0,2,-2
118900184,1,2,-1
118900185,2,4,-2
118900186,4,22,-18
118900187,0,0,0
118900188,0,0,0
118900189,2,15,-13
118900190,0,0,0
118900191,0,0,0
118900192,0,0,0
118900193,0,0,0
118900195,0,0,0
118900196,6,39,-33
118900197,0,0,0
118900198,1,7,-6
118900199,0,8,-8
118900200,0,1,-1
118900201,0,2,-2
118900202,0,20,-20
118900203,2,7,-5
118900204,0,2,-2
118900205,0,1,-1
118900206,0,8,-8
119000001,72,88,-16
119000002,161,335,-174
119000003,78,420,-342
119000004,121,238,-117
119000005,146,193,-47
119000006,113,187,-74
119000007,179,263,-84
119000008,320,965,-645
119000009,444,537,-93
119000010,2130,1421,709
119000011,1103,385,718
119000012,1549,931,618
119000013,546,306,240
119000014,423,941,-518
119000019,12,34,-22
119000020,112,194,-82
119000021,247,261,-14
119000022,83,117,-34
119000023,0,0,0
119000024,252,409,-157
119000025,2709,217,2492
119000026,0,0,0
119000027,54,63,-9
119000028,165,279,-114
119000029,0,0,0
119000030,51,180,-129
119000031,110,156,-46
119000032,199,226,-27
119000033,488,375,113
119000034,206,246,-40
119000035,3,133,-130
119000036,124,259,-135
119000037,107,578,-471
119000038,19,283,-264
119000039,18,58,-40
119000040,332,53,279
119000041,493,136,357
119000048,1101,638,463
119000049,100,608,-508
119000050,60,107,-47
119000051,106,73,33
119000052,107,140,-33
119000053,160,98,62
119000054,125,758,-633
119000055,321,607,-286
119000056,241,406,-165
119000057,60,485,-425
119000058,121,454,-333
119000059,42,34,8
119000060,101,182,-81
119000061,17,24,-7
119000062,172,349,-177
119000063,54,65,-11
119000064,33,63,-30
119000065,38,144,-106
119000066,209,201,8
119000067,81,105,-24
119000068,166,245,-79
119000069,39,136,-97
119000070,177,260,-83
119000071,2,22,-20
119000072,813,388,425
119000073,798,737,61
119000074,58,500,-442
119000075,121,1045,-924
119000076,0,7,-7
119000077,4,2,2
119000078,0,0,0
119000079,0,0,0
119000080,0,0,0
119000081,0,1,-1
119000082,0,0,0
119000083,0,3,-3
119000084,2,0,2
119000085,0,0,0
119000086,0,0,0
119000087,51,42,9
119000088,0,1,-1
119000089,1,0,1
119000090,0,0,0
119000091,5,3,2
119000092,0,0,0
119000093,671,490,181
119000094,283,934,-651
119000095,97,492,-395
119000097,614,275,339
119000098,123,260,-137
119000099,248,439,-191
119000100,372,459,-87
119000101,829,602,227
119000102,24,45,-21
119000103,43,6,37
119000104,786,765,21
119000105,0,0,0
119000106,44,678,-634
119000107,0,0,0
119000108,73,720,-647
119000109,0,1,-1
119000110,79,147,-68
119000111,6,21,-15
119000112,44,19,25
119000113,381,15,366
119000114,0,12,-12
119000115,41,15,26
119000116,0,0,0
119000117,7,13,-6
119000118,2,2,0
119000123,74,17,57
119000124,0,0,0
119000125,0,0,0
119000126,0,0,0
119000127,94,434,-340
119000128,46,3,43
119000131,112,585,-473
119000132,9,1,8
119000133,0,0,0
119000134,0,0,0
119000135,0,2,-2
119000136,9,50,-41
119000137,0,4,-4
119000138,8,96,-88
119000139,0,0,0
119000140,2,40,-38
119000284,487,1079,-592
119000285,961,1083,-122
119000286,1421,1153,268
119000287,230,668,-438
119000288,229,496,-267
119000289,361,865,-504
119000290,9,28,-19
119000291,1,89,-88
119000293,38,53,-15
119000294,0,0,0
119000295,569,102,467
119000296,0,1,-1
119000302,835,115,720
119000303,0,0,0
119000314,306,580,-274
119000315,0,16,-16
119000316,2,34,-32
119000317,0,0,0
119900001,3,44,-41
119900002,0,0,0
119900003,1,89,-88
119900004,0,2,-2
119900005,0,0,0
119900006,2,21,-19
119900007,0,0,0
119900008,0,0,0
119900009,0,50,-50
119900010,16,112,-96
119900011,0,0,0
119900012,0,5,-5
119900013,83,98,-15
119900014,27,13,14
119900015,0,1,-1
119900016,0,0,0
119900017,0,0,0
119900018,0,0,0
119900019,0,0,0
119900020,0,0,0
119900021,0,3,-3
119900022,0,0,0
119900023,0,0,0
119900025,0,0,0
119900026,0,0,0
119900027,0,0,0
119900028,0,0,0
119900029,0,0,0
119900030,2,4,-2
119900031,0,0,0
119900033,187,4,183
119900034,0,0,0
119900037,0,0,0
119900038,0,0,0
119900039,0,0,0
119900040,0,0,0
119900041,0,0,0
119900042,0,0,0
119900043,0,0,0
119900044,0,0,0
119900046,0,0,0
119900047,0,0,0
119900048,0,1,-1
119900049,1,0,1
119900050,0,0,0
119900051,0,0,0
119900052,0,0,0
119900053,0,0,0
119900054,0,0,0
119900055,9,23,-14
119900057,0,1,-1
119900058,0,0,0
119900059,1,2,-1
119900060,0,0,0
119900061,0,0,0
119900062,0,0,0
119900063,0,0,0
119900064,0,0,0
119900065,0,0,0
119900066,0,0,0
119900067,0,0,0
119900068,0,0,0
119900069,0,0,0
119900070,1,1,0
119900071,0,0,0
119900072,2,121,-119
119900073,0,30,-30
119900074,1,0,1
119900075,424,150,274
119900076,0,25,-25
119900077,1,133,-132
119900078,0,0,0
119900079,0,0,0
119900080,2,12,-10
119900081,0,15,-15
119900082,0,16,-16
119900083,0,0,0
119900084,2,10,-8
119900085,12,5,7
119900086,0,171,-171
119900087,3,9,-6
119900088,11,10,1
119900089,0,232,-232
119900090,38,13,25
119900091,6,262,-256
119900092,4,152,-148
119900093,33,3,30
119900094,3,49,-46
119900095,0,4,-4
119900096,2,6,-4
119900097,60,36,24
119900098,0,1,-1
119900099,0,17,-17
119900100,556,238,318
119900101,32,131,-99
119900102,1,31,-30
119900103,1,58,-57
119900104,0,41,-41
119900105,90,426,-336
119900106,1,31,-30
119900107,16,240,-224
119900108,349,216,133
119900109,2,6,-4
119900110,13,112,-99
119900111,0,0,0
119900112,152,19,133
119900113,0,0,0
119900114,7,369,-362
119900115,0,0,0
119900116,0,10,-10
119900117,23,156,-133
119900118,0,0,0
119900119,0,19,-19
119900120,59,77,-18
119900121,6,39,-33
119900122,0,0,0
119900123,0,6,-6
119900124,0,52,-52
119900125,0,0,0
119900126,614,14,600
119900127,0,0,0
119900128,0,34,-34
119900129,0,26,-26
119900130,0,0,0
119900131,0,10,-10
119900132,0,0,0
119900133,0,0,0
119900134,82,7,75
119900135,0,0,0
119900136,0,0,0
119900138,0,0,0
119900139,0,14,-14
119900140,0,1,-1
119900141,0,0,0
119900142,0,0,0
119900143,0,1,-1
119900144,0,0,0
119900145,2,23,-21
119900146,4,7,-3
119900147,0,0,0
119900148,0,0,0
119900149,1,22,-21
119900150,7,14,-7
119900151,42,23,19
119900152,0,0,0
119900153,0,0,0
119900154,0,69,-69
119900155,0,5,-5
119900156,0,2,-2
119900157,0,0,0
119900158,0,0,0
119900159,2,394,-392
119900160,0,13,-13
119900161,0,0,0
119900162,0,0,0
119900163,6,8,-2
119900164,0,0,0
119900165,0,0,0
119900166,0,0,0
119900167,0,2,-2
119900168,0,0,0
119900169,11,9,2
119900170,5,6,-1
119900171,12,45,-33
119900172,0,0,0
119900173,0,118,-118
119900174,0,1,-1
119900175,0,0,0
119900177,1,45,-44
119900178,0,0,0
119900179,0,0,0
119900180,0,0,0
119900181,0,0,0
119900182,1,41,-40
119900183,2,135,-133
119900184,11,1,10
119900185,0,0,0
119900186,0,0,0
119900187,0,55,-55
119900188,0,23,-23
119900189,1,3,-2
119900190,0,0,0
119900191,0,0,0
119900192,0,21,-21
119900193,0,0,0
119900194,0,0,0
119900195,0,23,-23
119900196,0,0,0
119900197,0,0,0
119900198,1,53,-52
119900199,0,0,0
119900200,0,0,0
119900201,21,23,-2
119900202,0,0,0
119900203,0,0,0
119900204,0,0,0
119900205,0,0,0
119900206,0,0,0
119900208,0,0,0
119900209,0,24,-24
119900210,0,0,0
119900211,0,0,0
119900212,0,38,-38
119900213,0,4,-4
119900214,0,22,-22
119900215,0,21,-21
119900216,0,20,-20
119900217,0,5,-5
119900218,0,14,-14
119900219,0,8,-8
119900220,0,3,-3
119900221,0,0,0
119900222,0,0,0
119900223,0,0,0
119900224,0,0,0
119900225,0,0,0
119900226,0,0,0
119900227,287,22,265
119900228,0,19,-19
119900229,0,0,0
119900230,27,12,15
119900231,0,0,0
119900232,0,0,0
119900233,0,0,0
119900234,0,6,-6
119900235,0,1,-1
119900236,0,0,0
119900237,0,0,0
119900238,0,18,-18
119900240,0,20,-20
119900241,4,77,-73
119900242,0,16,-16
119900244,0,0,0
119900245,1,3,-2
119900246,0,0,0
119900247,0,0,0
119900248,0,0,0
119900249,0,0,0
119900253,0,0,0
119900254,0,0,0
119900255,3,147,-144
119900256,0,72,-72
119900257,0,0,0
119900258,0,0,0
119900259,0,12,-12
119900260,0,0,0
119900261,0,0,0
119900262,0,71,-71
119900263,47,54,-7
119900264,0,0,0
119900265,0,0,0
119900266,0,0,0
119900267,3,13,-10
119900268,0,30,-30
119900269,3,164,-161
119900271,0,0,0
119900272,0,0,0
119900275,0,0,0
119900276,0,0,0
119900277,0,0,0
119900278,33,1,32
119900279,9,2,7
119900280,48,25,23
119900281,0,17,-17
119900282,0,0,0
119900283,0,0,0
119900284,10,150,-140
119900285,0,1,-1
119900286,1,4,-3
119900288,1,11,-10
119900289,0,25,-25
119900290,1,5,-4
119900291,0,4,-4
119900292,1,2,-1
119900293,0,3,-3
119900294,1,8,-7
119900295,0,2,-2
119900296,0,5,-5
119900297,0,1,-1
119900298,0,10,-10
119900299,0,0,0
119900300,0,0,0
119900301,0,0,0
119900302,0,1,-1
119900303,0,26,-26
119900304,0,2,-2
119900305,0,0,0
119900306,0,0,0
119900307,0,0,0
119900308,0,0,0
119900309,0,0,0
119900310,13,31,-18
119900311,0,0,0
119900312,0,0,0
119900313,2,24,-22
119900314,0,0,0
119900315,4,271,-267
119900318,0,0,0
119900319,0,53,-53
119900320,0,144,-144
119900321,0,0,0
120000001,1193,469,724
120000002,330,601,-271
120000003,531,448,83
120000004,521,652,-131
120000005,1830,712,1118
120000006,282,392,-110
120000007,898,767,131
120000008,195,593,-398
120000009,1770,325,1445
120000010,228,1278,-1050
120000011,166,844,-678
120000012,554,1431,-877
120000013,283,1034,-751
120000014,72,617,-545
120000015,377,610,-233
120000016,248,48,200
120000017,51,73,-22
120000018,345,330,15
120000019,67,96,-29
120000020,314,247,67
120000021,267,270,-3
120000022,1172,499,673
120000023,152,200,-48
120000024,251,357,-106
120000025,255,448,-193
120000026,61,449,-388
120000027,241,458,-217
120000028,92,425,-333
120000029,390,101,289
120000030,10,56,-46
120000031,293,413,-120
120000032,2401,268,2133
120000033,144,393,-249
120000034,62,578,-516
120000035,102,231,-129
120000036,117,351,-234
120000037,6,22,-16
120000038,1828,249,1579
120000039,40,161,-121
120000040,4,12,-8
120000041,30,376,-346
120000042,79,1196,-1117
120000043,184,371,-187
120000044,276,192,84
120000045,287,134,153
120000046,164,246,-82
120000047,292,351,-59
120000048,2178,369,1809
120000049,316,617,-301
120000050,251,844,-593
120000051,1215,955,260
120000052,4803,282,4521
120000053,69,930,-861
120000054,206,2235,-2029
120000055,178,1385,-1207
120000056,121,1567,-1446
120000057,65,404,-339
120000058,2,41,-39
120000059,6,6,0
120000061,48,280,-232
120000062,11,92,-81
120000063,630,1497,-867
120000064,51,632,-581
120000065,45,649,-604
120000066,14,140,-126
120000067,14,160,-146
120000068,24,555,-531
120000069,96,761,-665
120000070,3,257,-254
120000071,35,24,11
120000072,91,155,-64
120000073,47,46,1
120000074,9,29,-20
120000075,20,69,-49
120000076,60,116,-56
120000077,110,149,-39
120000078,606,198,408
120000079,0,0,0
120000080,0,0,0
120000081,0,0,0
120000082,0,0,0
120000083,0,0,0
120000084,83,95,-12
120000085,23,51,-28
120000086,19,115,-96
120000087,7,333,-326
120000088,51,132,-81
120000089,0,0,0
120000090,0,0,0
120000091,0,0,0
120000092,0,0,0
120000093,0,0,0
120000094,0,0,0
120000095,62,68,-6
120000096,9,217,-208
120000098,48,135,-87
120000099,13,105,-92
120000100,50,105,-55
120000101,23,93,-70
120000102,11,39,-28
120000103,36,58,-22
120000104,71,13,58
120000105,77,11,66
120000106,71,19,52
120000107,87,39,48
120000108,42,5,37
120000109,94,6,88
120000110,18,385,-367
120000111,25,553,-528
120000112,114,1659,-1545
120000113,101,1197,-1096
120000114,89,981,-892
120000115,75,841,-766
120000116,90,742,-652
120000117,419,587,-168
120000118,0,0,0
120000119,0,0,0
120000120,0,0,0
120000121,0,0,0
120000122,0,0,0
120000123,396,78,318
120000124,12,38,-26
120000125,17,84,-67
120000126,8,54,-46
120000127,55,37,18
120000128,160,165,-5
120000129,8,7,1
120000130,0,0,0
120000131,18,54,-36
120000134,0,0,0
120000135,0,49,-49
120000137,0,0,0
120000138,18,48,-30
120000139,0,0,0
120000140,15,60,-45
120000141,0,0,0
120000142,8,35,-27
120000143,0,1,-1
120000144,0,0,0
120000145,0,0,0
120000146,304,66,238
120000149,31,143,-112
120000150,23,122,-99
120000151,0,0,0
120000152,0,0,0
120000153,41,290,-249
120000154,84,237,-153
120000155,0,0,0
120000156,0,0,0
120000157,0,0,0
120000158,121,406,-285
120000159,349,1150,-801
120000160,398,166,232
120000161,122,783,-661
120000162,11,25,-14
120000163,33,505,-472
120000164,26,204,-178
120000165,27,367,-340
120000166,33,209,-176
120000167,1,5,-4
120000168,3,8,-5
120000169,79,33,46
120000170,161,30,131
120000171,49,9,40
120000172,6,3,3
120000173,193,6,187
120000174,51,0,51
120000175,67,0,67
120000176,8,38,-30
120000177,179,263,-84
120000178,5,2,3
120000179,46,5,41
120000180,135,29,106
120000181,11,40,-29
120000182,11,12,-1
120000183,0,62,-62
120000184,11,1400,-1389
120000186,0,9,-9
120000187,0,2,-2
120000188,0,10,-10
120000190,0,0,0
120000191,0,0,0
120000192,0,0,0
120000193,0,0,0
120000195,0,0,0
120000196,0,0,0
120000197,0,0,0
120000198,0,27,-27
120000199,0,0,0
120000200,0,0,0
120000201,0,0,0
120000202,0,16,-16
120000203,0,71,-71
120000207,0,0,0
120000208,0,0,0
120000209,0,0,0
120000210,0,0,0
120000211,0,0,0
120000212,0,0,0
120000213,0,0,0
120000214,0,0,0
120000215,0,0,0
120000216,0,0,0
120000217,99,214,-115
120000218,30,236,-206
120000219,2,148,-146
120000220,1,592,-591
120000225,0,0,0
120000226,0,0,0
120000227,0,0,0
120000228,1424,352,1072
120000230,0,0,0
120000231,0,0,0
120000233,0,0,0
120000235,71,383,-312
120000236,0,1,-1
120000237,0,488,-488
120000238,1,39,-38
120000241,0,0,0
120000412,0,0,0
120000413,0,0,0
120000414,0,0,0
120000415,0,0,0
120000416,0,0,0
120000417,0,0,0
120000418,0,0,0
120000419,0,0,0
120000420,0,0,0
120000421,5567,2683,2884
120000422,90,88,2
120000423,0,9,-9
120000424,2,34,-32
120000436,11,57,-46
120000437,91,40,51
120000438,1372,93,1279
120000439,16,75,-59
120000443,0,0,0
120000444,24,351,-327
120000445,30,24,6
120000446,105,13,92
120000447,0,1,-1
120000449,0,0,0
120000450,0,0,0
120000451,8,65,-57
120000452,0,0,0
120000453,5,445,-440
120000454,0,0,0
120000455,5,16,-11
120000456,463,395,68
120000457,218,149,69
120000458,168,261,-93
120000459,0,0,0
120000665,116,5,111
120000668,3,60,-57
120000669,0,0,0
120000670,23,28,-5
120000671,114,94,20
120000672,22,218,-196
120900001,0,0,0
120900002,0,0,0
120900003,0,0,0
120900004,0,1,-1
120900005,0,0,0
120900006,0,1,-1
120900007,5,12,-7
120900008,0,43,-43
120900009,0,0,0
120900010,0,0,0
120900011,0,0,0
120900012,14,20,-6
120900013,0,0,0
120900014,0,0,0
120900015,0,0,0
120900016,0,0,0
120900017,194,13,181
120900018,0,0,0
120900019,2,2,0
120900020,7,20,-13
120900021,0,0,0
120900022,0,0,0
120900023,0,0,0
120900024,67,45,22
120900025,1,1,0
120900026,0,0,0
120900027,0,0,0
120900028,1,0,1
120900029,0,0,0
120900030,3,7,-4
120900031,0,0,0
120900032,0,0,0
120900033,0,0,0
120900034,0,0,0
120900035,0,0,0
120900037,2,0,2
120900038,0,0,0
120900039,0,0,0
120900040,0,0,0
120900041,0,0,0
120900042,0,0,0
120900043,0,0,0
120900044,0,0,0
120900045,0,0,0
120900046,2,1,1
120900047,0,0,0
120900048,0,0,0
120900049,0,0,0
120900050,0,0,0
120900051,0,0,0
120900052,0,0,0
120900053,0,0,0
120900054,0,0,0
120900055,4,0,4
120900056,0,0,0
120900057,0,0,0
120900058,0,0,0
120900059,0,0,0
120900060,0,0,0
120900061,0,0,0
120900062,1,0,1
120900063,0,0,0
120900064,0,0,0
120900065,0,3,-3
120900066,0,96,-96
120900067,0,0,0
120900068,0,0,0
120900069,0,0,0
120900071,0,3,-3
120900072,0,0,0
120900073,0,3,-3
120900074,0,0,0
120900076,0,1,-1
120900077,0,2,-2
120900078,0,143,-143
120900079,0,5,-5
120900080,1,258,-257
120900081,0,0,0
120900082,0,47,-47
120900083,1,1,0
120900084,0,2,-2
120900085,0,0,0
120900086,2,4,-2
120900087,0,0,0
120900088,5,2,3
120900089,492,44,448
120900090,0,2,-2
120900091,0,0,0
120900092,15,70,-55
120900093,0,0,0
120900094,42,29,13
120900095,0,0,0
120900096,0,0,0
120900097,28,170,-142
120900098,0,0,0
120900099,0,7,-7
120900100,0,9,-9
120900101,0,0,0
120900102,0,0,0
120900103,3,4,-1
120900104,0,3,-3
120900105,0,0,0
120900106,210,115,95
120900107,30,29,1
120900108,0,1,-1
120900109,2,139,-137
120900110,0,0,0
120900111,0,21,-21
120900112,0,10,-10
120900113,2,213,-211
120900114,1,39,-38
120900115,40,26,14
120900116,0,44,-44
120900117,0,5,-5
120900118,1,213,-212
120900119,0,0,0
120900120,3,111,-108
120900121,15,52,-37
120900122,0,33,-33
120900123,0,6,-6
120900124,1,170,-169
120900125,0,127,-127
120900126,84,94,-10
120900127,0,12,-12
120900128,148,156,-8
120900129,14,74,-60
120900130,1,171,-170
120900131,0,0,0
120900132,0,0,0
120900133,11,161,-150
120900134,26,67,-41
120900135,1,162,-161
120900136,0,0,0
120900137,0,0,0
120900138,0,35,-35
120900139,1,190,-189
120900140,0,0,0
120900141,0,0,0
120900142,3,198,-195
120900143,1,229,-228
120900144,0,66,-66
120900145,5,220,-215
120900146,0,208,-208
120900147,0,5,-5
120900148,0,1,-1
120900149,1,92,-91
120900150,2,103,-101
120900151,0,108,-108
120900152,0,5,-5
120900153,0,7,-7
120900154,0,67,-67
120900155,8,351,-343
120900156,3,118,-115
120900157,0,8,-8
120900158,3,146,-143
120900159,0,12,-12
120900160,8,131,-123
120900161,0,153,-153
120900162,0,130,-130
120900163,0,0,0
120900164,0,0,0
120900165,0,0,0
120900166,1,3,-2
120900167,3,7,-4
120900169,3,100,-97
120900170,58,20,38
120900171,113,22,91
120900172,0,0,0
120900173,0,19,-19
120900174,1,16,-15
120900175,0,0,0
120900176,0,5,-5
120900177,0,15,-15
120900178,0,14,-14
120900179,75,37,38
120900180,1,2,-1
120900181,0,0,0
120900182,0,0,0
120900183,0,0,0
120900184,0,0,0
120900185,0,6,-6
120900186,0,130,-130
120900187,1,13,-12
120900188,0,0,0
120900189,0,0,0
120900190,0,0,0
120900191,0,1,-1
120900192,842,51,791
120900194,0,0,0
120900195,2,33,-31
120900196,0,0,0
120900197,0,0,0
120900198,11,103,-92
120900199,1,147,-146
120900200,0,0,0
120900201,45,20,25
120900202,0,54,-54
120900203,0,0,0
120900204,111,105,6
120900205,0,0,0
120900206,0,0,0
121000001,334,589,-255
121000002,318,261,57
121000003,3251,982,2269
121000004,648,468,180
121000005,918,792,126
121000006,865,382,483
121000007,1308,1434,-126
121000008,1169,634,535
121000009,4093,1917,2176
121000010,2994,875,2119
121000011,6741,2135,4606
121000012,5187,1255,3932
121000013,3129,2357,772
121000014,3015,1751,1264
121000015,1514,2096,-582
121000016,2461,2042,419
121000017,355,651,-296
121000018,725,534,191
121000019,3959,1177,2782
121000020,3566,1283,2283
121000021,544,883,-339
121000022,518,505,13
121000023,945,810,135
121000024,646,1016,-370
121000025,111,66,45
121000026,43,14,29
121000027,808,159,649
121000028,131,86,45
121000029,39,79,-40
121000030,28,39,-11
121000031,40,100,-60
121000032,55,27,28
121000034,0,0,0
121000035,4,29,-25
121000036,47,113,-66
121000037,102,166,-64
121000038,111,109,2
121000039,4,37,-33
121000041,13,36,-23
121000042,0,0,0
121000043,45,32,13
121000044,188,75,113
121000045,17,62,-45
121000046,19,64,-45
121000047,3,19,-16
121000049,247,138,109
121000050,71,478,-407
121000051,51,38,13
121000052,45,176,-131
121000053,0,0,0
121000054,12,77,-65
121000055,483,225,258
121000056,245,257,-12
121000057,32,52,-20
121000058,93,41,52
121000059,84,35,49
121000060,96,76,20
121000061,15,9,6
121000062,6,21,-15
121000063,80,269,-189
121000064,20,40,-20
121000065,23,50,-27
121000066,23,109,-86
121000067,84,53,31
121000068,0,0,0
121000069,0,0,0
121000070,122,196,-74
121000071,102,219,-117
121000072,291,85,206
121000073,263,271,-8
121000074,46,50,-4
121000075,39,14,25
121000076,75,32,43
121000077,0,0,0
121000078,5,51,-46
121000080,465,157,308
121000081,298,372,-74
121000082,85,113,-28
121000083,0,0,0
121000084,56,71,-15
121000085,254,179,75
121000086,0,0,0
121000087,0,0,0
121000088,81,224,-143
121000089,0,0,0
121000090,60,143,-83
121000091,605,504,101
121000092,34,19,15
121000093,14,40,-26
121000094,91,41,50
121000095,0,0,0
121000096,1411,913,498
121000097,574,506,68
121000098,96,335,-239
121000099,83,262,-179
121000100,32,222,-190
121000101,0,0,0
121000102,19,123,-104
121000103,0,0,0
121000104,9,81,-72
121000105,30,109,-79
121000106,0,0,0
121000107,687,921,-234
121000109,564,540,24
121000110,80,120,-40
121000114,804,1062,-258
121000115,319,369,-50
121000116,138,400,-262
121000117,28,2,26
121000118,49,5,44
121000119,12,11,1
121000120,0,0,0
121000121,0,0,0
121000123,0,0,0
121000126,8,24,-16
121000127,1,19,-18
121000128,39,206,-167
121000129,55,106,-51
121000130,116,244,-128
121000131,240,188,52
121000132,189,153,36
121000135,29,30,-1
121000136,203,30,173
121000137,32,0,32
121000138,43,48,-5
121000139,128,64,64
121000141,23,45,-22
121000142,154,89,65
121000143,0,0,0
121000144,37,44,-7
121000145,25,179,-154
121000146,139,146,-7
121000147,70,116,-46
121000148,61,143,-82
121000149,224,336,-112
121000152,39,51,-12
121000153,465,90,375
121000154,165,53,112
121000155,251,153,98
121000156,169,163,6
121000157,243,107,136
121000158,62,84,-22
121000159,12,119,-107
121000160,25,156,-131
121000161,2,7,-5
121000162,0,1,-1
121000165,0,0,0
121000166,11,31,-20
121000168,30,70,-40
121000169,6,142,-136
121000170,52,18,34
121000171,33,99,-66
121000172,118,148,-30
121000173,353,157,196
121000174,56,156,-100
121000175,80,114,-34
121000176,142,97,45
121000177,57,104,-47
121000178,12,10,2
121000179,6,16,-10
121000181,46,82,-36
121000182,64,29,35
121000183,6,4,2
121000184,1,3,-2
121000185,0,0,0
121000186,22,96,-74
121000187,1,1,0
121000188,2,1,1
121000192,101,69,32
121000193,84,123,-39
121000194,1453,698,755
121000195,83,362,-279
121000196,2,0,2
121000197,39,262,-223
121000198,10,51,-41
121000199,14,479,-465
121000200,61,32,29
121000201,1,68,-67
121000202,18,2,16
121000203,11,182,-171
121000204,63,16,47
121000205,53,311,-258
121000206,24,48,-24
121000207,109,114,-5
121000208,2,128,-126
121000209,19,341,-322
121000210,65,304,-239
121000211,6,48,-42
121000212,136,317,-181
121000213,295,213,82
121000214,109,188,-79
121000215,293,255,38
121000216,55,154,-99
121000217,830,269,561
121000218,127,883,-756
121000219,208,112,96
121000220,145,88,57
121000221,32,26,6
121000222,607,1170,-563
121000223,40,152,-112
121000224,0,0,0
121000225,171,153,18
121000226,64,81,-17
121000227,1,77,-76
121000228,9,666,-657
121000229,6,430,-424
121000230,50,1474,-1424
121000231,0,0,0
121000232,0,0,0
121000233,3,17,-14
121000234,0,0,0
121000235,1,0,1
121000236,0,0,0
121000237,0,0,0
121000238,0,0,0
121000239,0,0,0
121000240,0,0,0
121000241,4,4,0
121000242,0,0,0
121000243,3,0,3
121000244,0,0,0
121000245,0,0,0
121000246,0,0,0
121000247,2,0,2
121000248,0,15,-15
121000249,17,72,-55
121000250,24,27,-3
121000251,2,243,-241
121000252,12,11,1
121000253,42,376,-334
121000254,121,50,71
121000255,28,53,-25
121000256,18,11,7
121000257,8,28,-20
121000258,17,7,10
121000259,4,11,-7
121000260,9,59,-50
121000261,5,5,0
121000262,312,190,122
121000263,95,194,-99
121000271,113,290,-177
121000273,8,16,-8
121000274,0,0,0
121000275,2,20,-18
121000276,0,0,0
121000278,1,1,0
121000279,1,10,-9
121000280,0,0,0
121000289,8,1,7
121000290,259,156,103
121000294,10,71,-61
121000297,104,83,21
121000299,6,100,-94
121000300,139,127,12
121000302,21,81,-60
121000303,115,66,49
121000304,0,0,0
121000305,0,0,0
121000306,0,0,0
121000308,42,100,-58
121000309,159,216,-57
121000310,18,171,-153
121000311,13,360,-347
121000312,0,0,0
121000313,250,197,53
121000314,47,38,9
121000315,27,13,14
121000530,89,362,-273
121000531,130,355,-225
121000532,1029,466,563
121000533,751,413,338
121000918,0,81,-81
121000919,0,0,0
121000938,33,19,14
121000939,31,2,29
121000956,118,470,-352
121000957,1,99,-98
121000958,4,137,-133
121000959,56,405,-349
121000960,88,615,-527
121000961,15,0,15
121000962,0,0,0
121000973,1,101,-100
121000976,0,0,0
121000979,0,0,0
121000981,24,0,24
121000982,0,0,0
121000983,17,155,-138
121000984,0,6,-6
121000985,44,159,-115
121000986,1,77,-76
121000987,70,866,-796
121000988,121,14,107
121001302,69,35,34
121001308,0,9,-9
121001309,3,7,-4
121001313,9,118,-109
121001314,4171,1668,2503
121001315,1322,876,446
121900001,0,0,0
121900002,0,7,-7
121900003,0,0,0
121900004,0,0,0
121900005,0,2,-2
121900006,0,0,0
121900007,0,0,0
121900008,0,0,0
121900009,0,0,0
121900010,0,0,0
121900011,0,0,0
121900012,0,0,0
121900013,0,0,0
121900014,0,0,0
121900015,0,0,0
121900016,0,0,0
121900017,0,0,0
121900018,0,0,0
121900019,0,0,0
121900020,0,0,0
121900021,0,0,0
121900022,0,0,0
121900023,0,0,0
121900024,0,0,0
121900025,0,0,0
121900026,0,0,0
121900027,0,0,0
121900028,0,0,0
121900029,0,0,0
121900030,0,0,0
121900031,0,0,0
121900032,0,0,0
121900033,0,0,0
121900034,0,0,0
121900035,0,0,0
121900036,0,0,0
121900037,0,0,0
121900038,0,0,0
121900039,0,0,0
121900040,0,0,0
121900041,0,0,0
121900042,0,0,0
121900043,0,0,0
121900044,0,0,0
121900046,0,0,0
121900047,0,0,0
121900048,0,0,0
121900050,0,0,0
121900051,0,0,0
121900052,0,0,0
121900053,17,35,-18
121900054,0,0,0
121900055,0,0,0
121900058,0,0,0
121900059,0,0,0
121900060,0,0,0
121900061,0,0,0
121900062,0,0,0
121900063,0,0,0
121900064,0,0,0
121900066,0,0,0
121900067,0,0,0
121900069,0,0,0
121900070,0,0,0
121900071,0,0,0
121900072,0,0,0
121900073,0,0,0
121900074,0,0,0
121900075,0,0,0
121900076,0,0,0
121900077,0,0,0
121900078,0,0,0
121900079,0,0,0
121900080,0,0,0
121900082,0,0,0
121900084,0,0,0
121900085,0,0,0
121900086,0,0,0
121900087,0,0,0
121900088,0,0,0
121900089,0,0,0
121900090,0,0,0
121900091,0,0,0
121900092,0,0,0
121900093,0,0,0
121900094,0,0,0
121900095,0,0,0
121900096,0,0,0
121900097,0,0,0
121900098,0,0,0
121900099,0,0,0
121900100,0,0,0
121900101,0,0,0
121900102,0,0,0
121900103,0,0,0
121900104,0,0,0
121900105,0,0,0
121900106,0,0,0
121900107,0,0,0
121900108,0,0,0
121900109,0,0,0
121900110,0,0,0
121900111,0,0,0
121900112,0,0,0
121900113,0,0,0
121900114,0,0,0
121900115,0,0,0
121900117,0,0,0
121900118,0,0,0
121900119,0,0,0
121900120,0,0,0
121900121,0,0,0
121900122,0,0,0
121900123,0,0,0
121900124,0,0,0
121900125,0,0,0
121900127,0,0,0
121900128,0,0,0
121900129,0,0,0
121900130,0,0,0
121900131,0,0,0
121900132,0,0,0
121900133,0,0,0
121900134,0,0,0
121900135,0,0,0
121900136,0,0,0
121900137,0,0,0
121900138,0,0,0
121900139,0,0,0
121900140,0,0,0
121900141,0,0,0
121900142,0,0,0
121900143,0,0,0
121900144,0,0,0
121900145,0,0,0
121900146,0,0,0
121900147,0,0,0
121900148,0,0,0
121900149,0,0,0
121900150,0,0,0
121900151,0,0,0
121900152,0,0,0
121900153,0,0,0
121900154,0,0,0
121900155,0,0,0
121900156,0,0,0
121900157,0,0,0
121900158,0,2,-2
121900159,0,0,0
121900160,0,0,0
121900161,0,0,0
121900162,0,2,-2
121900163,0,1,-1
121900164,0,0,0
121900165,0,0,0
121900166,0,0,0
121900167,0,0,0
121900168,0,0,0
121900169,3,62,-59
121900170,0,0,0
121900171,0,0,0
121900172,0,0,0
121900173,0,0,0
121900174,0,0,0
121900175,0,0,0
121900176,24,182,-158
121900177,0,0,0
121900178,0,0,0
121900179,0,0,0
121900180,11,6,5
121900182,0,0,0
121900183,0,0,0
121900184,0,0,0
121900186,0,0,0
121900187,0,3,-3
121900188,0,0,0
121900189,0,0,0
121900190,0,0,0
121900191,0,0,0
121900192,0,0,0
121900193,0,0,0
121900194,0,0,0
121900195,0,0,0
121900196,0,0,0
121900197,4,53,-49
121900198,0,0,0
121900199,0,0,0
121900200,0,0,0
121900201,0,0,0
121900202,4,2,2
121900203,0,0,0
121900204,0,0,0
121900205,0,0,0
121900206,0,0,0
121900207,0,0,0
121900208,0,0,0
121900209,0,0,0
121900210,0,0,0
121900211,0,0,0
121900212,0,0,0
121900213,0,0,0
121900214,0,0,0
121900215,0,0,0
121900216,0,0,0
121900217,0,0,0
121900218,0,0,0
121900219,0,0,0
121900220,0,0,0
121900221,0,0,0
121900222,0,0,0
121900223,0,0,0
121900224,0,0,0
121900225,0,0,0
121900226,0,0,0
121900227,0,0,0
121900228,0,0,0
121900229,0,0,0
121900230,0,0,0
121900231,0,0,0
121900232,0,0,0
121900233,0,0,0
121900234,0,0,0
121900235,0,0,0
121900236,0,0,0
121900237,0,0,0
121900238,0,0,0
121900239,0,0,0
121900240,0,0,0
121900241,0,0,0
121900242,0,0,0
121900243,0,0,0
121900244,0,0,0
121900245,0,0,0
121900246,0,0,0
121900247,0,0,0
121900248,0,0,0
121900250,0,0,0
121900251,0,0,0
121900252,0,0,0
121900253,0,0,0
121900254,0,0,0
121900255,0,0,0
121900258,0,0,0
121900259,0,0,0
121900260,0,0,0
121900261,0,0,0
121900262,0,0,0
121900263,0,0,0
121900264,0,0,0
121900265,0,0,0
121900266,0,0,0
121900267,0,0,0
121900269,0,0,0
121900270,0,0,0
121900271,0,0,0
121900273,0,0,0
121900274,0,0,0
121900276,0,0,0
121900277,0,0,0
121900278,0,0,0
121900279,0,0,0
121900280,0,0,0
121900281,0,0,0
121900284,0,0,0
121900286,0,14,-14
121900287,0,0,0
121900290,0,0,0
121900291,6,26,-20
121900292,0,0,0
121900293,21,269,-248
121900294,0,0,0
121900295,0,0,0
121900296,0,0,0
121900298,0,0,0
121900299,0,0,0
121900300,0,0,0
121900301,0,0,0
121900302,0,0,0
121900303,0,0,0
121900304,0,0,0
121900305,0,0,0
121900306,0,0,0
121900307,0,0,0
121900308,1,21,-20
121900309,2,18,-16
121900310,0,34,-34
121900311,0,0,0
121900312,0,0,0
121900313,0,0,0
121900314,0,0,0
121900315,0,0,0
121900316,0,0,0
121900317,0,0,0
121900318,0,0,0
121900319,0,0,0
121900320,0,0,0
121900321,0,0,0
121900322,0,0,0
121900323,0,0,0
121900324,0,0,0
121900325,0,0,0
121900326,0,0,0
121900327,0,0,0
121900328,0,0,0
121900329,0,0,0
121900330,0,0,0
121900331,0,0,0
121900332,0,0,0
121900333,0,0,0
122000001,506,664,-158
122000002,680,275,405
122000003,369,354,15
122000004,418,210,208
122000005,278,135,143
122000006,126,46,80
122000007,74,125,-51
122000008,656,416,240
122000009,126,18,108
122000010,322,246,76
122000011,252,118,134
122000012,159,201,-42
122000013,176,194,-18
122000014,212,201,11
122000015,117,113,4
122000016,89,114,-25
122000017,236,215,21
122000018,308,384,-76
122000019,167,497,-330
122000020,37,39,-2
122000021,178,90,88
122000022,160,59,101
122000023,62,73,-11
122000024,85,104,-19
122000025,71,162,-91
122000026,37,12,25
122000027,248,526,-278
122000028,0,0,0
122000029,0,0,0
122000030,137,32,105
122000031,0,0,0
122000032,90,60,30
122000033,34,69,-35
122000034,180,170,10
122000035,161,193,-32
122000036,64,209,-145
122000037,80,63,17
122000038,44,60,-16
122000039,120,168,-48
122000040,100,119,-19
122000041,0,1,-1
122000042,0,1,-1
122000043,0,0,0
122000044,0,0,0
122000045,34,33,1
122000046,30,63,-33
122000047,111,71,40
122000048,601,358,243
122000049,1326,665,661
122000050,171,206,-35
122000051,0,0,0
122000052,9,9,0
122000053,21,139,-118
122000054,352,254,98
122000055,391,573,-182
122000056,619,591,28
122000057,1157,798,359
122000058,655,653,2
122000059,583,541,42
122000060,273,153,120
122000061,84,35,49
122000062,342,55,287
122000063,55,115,-60
122000064,665,773,-108
122000065,1001,715,286
122000066,291,364,-73
122000067,241,336,-95
122000068,179,164,15
122000069,313,212,101
122000070,10,36,-26
122000071,42,34,8
122000072,102,72,30
122000073,62,100,-38
122000074,26,6,20
122000075,6,6,0
122000076,179,110,69
122000077,174,226,-52
122000078,332,630,-298
122000079,218,248,-30
122000080,51,69,-18
122000081,15,23,-8
122000082,0,0,0
122000083,260,332,-72
122000084,228,213,15
122000085,82,335,-253
122000086,349,554,-205
122000087,15,10,5
122000088,59,101,-42
122000089,833,424,409
122000090,14,40,-26
122000091,17,12,5
122000092,23,3,20
122000093,152,500,-348
122000094,1092,257,835
122000095,844,380,464
122000096,141,49,92
122000098,765,656,109
122000099,89,192,-103
122000100,71,83,-12
122000101,14,34,-20
122000102,457,232,225
122000103,176,235,-59
122000104,54,21,33
122000105,12,24,-12
122000106,103,61,42
122000107,23,32,-9
122000108,119,179,-60
122000109,6,14,-8
122000110,65,121,-56
122000111,458,188,270
122000112,60,104,-44
122000113,56,103,-47
122000114,698,1141,-443
122000115,640,369,271
122000116,163,86,77
122000117,201,29,172
122000118,67,44,23
122000119,563,519,44
122000120,502,818,-316
122000121,710,411,299
122000122,193,262,-69
122000123,392,85,307
122000124,131,45,86
122000125,306,166,140
122000126,109,182,-73
122000127,301,325,-24
122000128,74,229,-155
122000129,68,14,54
122000130,104,21,83
122000131,73,22,51
122000132,321,133,188
122000133,124,637,-513
122000134,119,92,27
122000135,107,355,-248
122000136,6,17,-11
122000137,29,25,4
122000139,285,331,-46
122000140,181,91,90
122000141,1236,178,1058
122000142,71,341,-270
122000143,30,16,14
122000144,78,43,35
122000145,133,85,48
122000146,0,0,0
122000147,18,9,9
122000148,940,363,577
122000149,382,111,271
122000150,93,90,3
122000151,114,102,12
122000152,85,72,13
122000153,0,0,0
122000154,0,0,0
122000155,217,165,52
122000156,1328,1022,306
122000157,696,655,41
122000158,25,114,-89
122000159,36,73,-37
122000160,333,67,266
122000161,88,33,55
122000162,171,45,126
122000163,0,0,0
122000164,0,0,0
122000165,96,95,1
122000166,27,44,-17
122000167,58,55,3
122000168,0,4,-4
122000169,104,94,10
122000170,40,81,-41
122000171,15,56,-41
122000172,339,380,-41
122000173,270,479,-209
122000174,331,361,-30
122000175,274,131,143
122000176,1,4,-3
122000177,394,652,-258
122000178,214,50,164
122000179,435,344,91
122000180,289,525,-236
122000181,454,1117,-663
122000182,234,61,173
122000183,239,21,218
122000184,3606,652,2954
122000185,805,534,271
122000186,105,141,-36
122000187,59,155,-96
122000188,67,58,9
122000189,0,0,0
122000190,13,190,-177
122000191,64,45,19
122000192,76,9,67
122000193,1,10,-9
122000194,47,24,23
122000195,0,3,-3
122000196,32,41,-9
122000197,24,29,-5
122000198,85,93,-8
122000199,45,38,7
122000200,121,54,67
122000201,815,1115,-300
122000202,532,591,-59
122000203,702,474,228
122000204,178,600,-422
122000205,174,351,-177
122000206,126,61,65
122000207,61,103,-42
122000208,50,163,-113
122000209,68,13,55
122000210,228,691,-463
122000211,161,425,-264
122000212,126,80,46
122000213,177,180,-3
122000214,201,226,-25
122000215,250,254,-4
122000217,340,690,-350
122000218,0,0,0
122000219,574,454,120
122000220,71,280,-209
122000221,32,61,-29
122000222,82,16,66
122000223,132,146,-14
122000225,194,58,136
122000226,170,716,-546
122000227,84,376,-292
122000228,55,213,-158
122000229,4,169,-165
122000230,11,265,-254
122000231,19,274,-255
122000232,24,298,-274
122000233,0,0,0
122000234,6,27,-21
122000235,20,30,-10
122000236,66,22,44
122000237,12,15,-3
122000238,28,7,21
122000239,12,13,-1
122000240,20,23,-3
122000241,3,0,3
122000242,3,6,-3
122000243,0,2,-2
122000244,2,123,-121
122000245,8,41,-33
122000246,1,8,-7
122000247,94,134,-40
122000248,259,499,-240
122000249,27,28,-1
122000250,75,15,60
122000251,112,102,10
122000252,27,9,18
122000253,7,139,-132
122000254,4,2,2
122000255,40,32,8
122000256,131,882,-751
122000257,41,196,-155
122000258,37,43,-6
122000259,2,234,-232
122000260,0,69,-69
122000261,0,3,-3
122000262,1,50,-49
122000263,7,79,-72
122000264,1,0,1
122000265,0,0,0
122000266,0,0,0
122000267,0,0,0
122000268,0,0,0
122000269,0,0,0
122000270,0,0,0
122000271,11,39,-28
122000272,4,60,-56
122000273,14,29,-15
122000274,8,13,-5
122000275,3,9,-6
122000276,22,79,-57
122000277,105,206,-101
122000278,83,63,20
122000279,41,287,-246
122000280,284,331,-47
122000281,112,295,-183
122000282,5,37,-32
122000283,242,25,217
122000284,23,15,8
122000285,137,106,31
122000286,40,123,-83
122000287,13,3,10
122000288,23,5,18
122000291,138,28,110
122000293,35,21,14
122000294,0,0,0
122000295,1,0,1
122000296,5,65,-60
122000297,421,151,270
122000299,25,74,-49
122000300,64,197,-133
122000301,2410,257,2153
122000302,76,40,36
122000303,2128,524,1604
122000304,3,48,-45
122000305,158,47,111
122000306,10,312,-302
122000307,70,40,30
122000309,16,160,-144
122000310,3,3,0
122000311,25,33,-8
122000312,20,8,12
122000313,0,11,-11
122000314,10,38,-28
122000315,5,0,5
122000316,14,5,9
122000317,41,5,36
122000318,2,18,-16
122000319,66,183,-117
122000320,55,916,-861
122000321,20,208,-188
122000322,467,155,312
122000323,250,164,86
122000324,237,216,21
122000325,28,121,-93
122000326,0,0,0
122000327,21,61,-40
122000328,168,340,-172
122000330,92,33,59
122000332,34,114,-80
122000333,0,120,-120
122000337,128,954,-826
122000338,47,214,-167
122000340,45,40,5
122000342,528,389,139
122000343,24,265,-241
122000344,0,0,0
122000345,3,4,-1
122000346,58,24,34
122000348,58,120,-62
122000349,4,196,-192
122000351,1,3,-2
122000352,43,11,32
122000353,0,87,-87
122000355,0,4,-4
122000356,591,283,308
122000357,0,0,0
122000358,0,0,0
122000359,0,0,0
122000360,0,0,0
122000362,4,36,-32
122000364,7,127,-120
122000365,0,0,0
122000366,3,2,1
122000368,86,171,-85
122000370,1,28,-27
122000371,0,0,0
122000372,0,0,0
122000381,3,75,-72
122000382,2,48,-46
122000384,503,396,107
122000385,0,0,0
122000386,14,62,-48
122000387,39,90,-51
122000388,65,18,47
122000389,51,305,-254
122000390,28,70,-42
122000391,0,0,0
122000392,12,59,-47
122000393,4,19,-15
122000394,10,62,-52
122000395,12,46,-34
122000396,24,45,-21
122000397,1,40,-39
122000398,0,0,0
122000399,7,19,-12
122000400,0,0,0
122000401,25,41,-16
122000402,0,0,0
122000403,102,1077,-975
122000404,4,10,-6
122000408,168,258,-90
122000503,0,0,0
122000524,8,2,6
122000544,0,0,0
122000616,536,5,531
122000640,2,13,-11
122000641,2,26,-24
122000642,3,52,-49
122000643,0,0,0
122000644,63,32,31
122000645,68,177,-109
122000651,152,164,-12
122000664,21,10,11
122000665,446,243,203
122000666,72,188,-116
122000673,18,207,-189
122000674,91,22,69
122000675,171,377,-206
122000686,0,0,0
122000687,33,138,-105
122000688,0,0,0
122000689,82,404,-322
122000690,114,535,-421
122000691,0,0,0
122000692,135,272,-137
122000693,0,0,0
122000695,55,235,-180
122000696,5,10,-5
122000698,34,465,-431
122000699,24,2,22
122000701,162,128,34
122000702,0,0,0
122000703,0,0,0
122000717,127,26,101
122000718,39,15,24
122000719,0,0,0
122000720,1,13,-12
122900001,0,0,0
122900002,0,0,0
122900003,0,0,0
122900004,0,0,0
122900005,0,0,0
122900006,0,0,0
122900007,0,0,0
122900008,0,0,0
122900009,0,0,0
122900010,0,0,0
122900012,0,0,0
122900013,0,0,0
122900014,0,0,0
122900015,0,0,0
122900016,0,0,0
122900017,0,0,0
122900018,0,0,0
122900019,1,16,-15
122900020,0,0,0
122900021,0,0,0
122900022,7,65,-58
122900023,13,10,3
122900024,2,1,1
122900025,0,0,0
122900026,0,0,0
122900027,1,52,-51
122900028,0,0,0
122900029,0,0,0
122900030,258,13,245
122900031,0,0,0
122900032,13,10,3
122900033,0,0,0
122900034,0,0,0
122900035,0,0,0
122900036,0,0,0
122900037,0,0,0
122900038,0,33,-33
122900039,0,0,0
122900040,0,0,0
122900041,0,0,0
122900042,0,0,0
122900043,0,0,0
122900044,0,0,0
122900045,0,0,0
122900046,0,0,0
122900047,0,0,0
122900048,0,0,0
122900049,0,0,0
122900051,0,0,0
122900052,0,4,-4
122900053,0,0,0
122900055,0,0,0
122900057,0,0,0
122900061,0,0,0
122900062,7,2,5
122900063,0,0,0
122900064,0,0,0
122900065,8,8,0
122900066,16,17,-1
122900067,0,0,0
122900068,0,0,0
122900069,2,4,-2
122900070,3,0,3
122900071,1,14,-13
122900072,6,42,-36
122900073,0,0,0
122900074,0,0,0
122900075,0,14,-14
122900076,0,9,-9
122900077,0,49,-49
122900078,0,64,-64
122900080,0,0,0
122900081,0,0,0
122900082,0,0,0
122900083,0,0,0
122900084,0,0,0
122900086,0,0,0
122900087,0,5,-5
122900088,0,0,0
122900089,0,0,0
122900090,0,46,-46
122900091,0,0,0
122900092,0,0,0
122900093,0,0,0
122900094,0,0,0
122900095,0,0,0
122900096,0,0,0
122900097,0,0,0
122900098,0,0,0
122900099,0,0,0
122900100,0,0,0
122900101,0,0,0
122900102,0,0,0
122900103,0,0,0
122900104,0,0,0
122900105,0,0,0
122900106,0,0,0
122900107,0,0,0
122900108,0,0,0
123000001,384,189,195
123000002,2086,622,1464
123000003,752,630,122
123000004,1501,1803,-302
123000005,241,402,-161
123000006,1105,1362,-257
123000007,239,306,-67
123000008,673,2058,-1385
123000009,969,616,353
123000010,2408,2763,-355
123000011,341,261,80
123000012,454,1468,-1014
123000013,415,133,282
123000014,874,2027,-1153
123000015,1075,230,845
123000016,3211,1531,1680
123000017,270,102,168
123000018,5,25,-20
123000019,1,18,-17
123000020,0,0,0
123000021,0,2,-2
123000022,1,9,-8
123000023,96,79,17
123000024,41,40,1
123000025,0,1,-1
123000026,1,13,-12
123000027,17,87,-70
123000028,13,3,10
123000029,103,112,-9
123000030,5,375,-370
123000031,2,20,-18
123000032,6,15,-9
123000033,3,1,2
123000034,36,51,-15
123000035,19,14,5
123000036,17,17,0
123000037,61,153,-92
123000038,18,87,-69
123000039,253,155,98
123000040,414,182,232
123000041,63,34,29
123000042,98,197,-99
123000043,246,187,59
123000044,1315,682,633
123000045,3228,690,2538
123000046,16,19,-3
123000047,756,295,461
123000048,0,0,0
123000049,958,180,778
123000050,128,71,57
123000051,0,4,-4
123000052,133,230,-97
123000053,847,364,483
123000054,341,226,115
123000055,132,130,2
123000056,333,680,-347
123000057,4872,1255,3617
123000058,53,96,-43
123000059,24,53,-29
123000060,103,90,13
123000061,30,78,-48
123000063,103,181,-78
123000064,88,76,12
123000065,2225,837,1388
123000066,325,251,74
123000067,27,107,-80
123000068,1012,1075,-63
123000069,4708,1359,3349
123000070,48,77,-29
123000071,25,50,-25
123000072,336,591,-255
123000073,18,34,-16
123000074,239,731,-492
123000075,24,54,-30
123000076,91,261,-170
123000077,672,1086,-414
123000078,24,77,-53
123000079,31,45,-14
123000080,406,971,-565
123000081,30,64,-34
123000082,87,174,-87
123000083,33,7,26
123000084,17,240,-223
123000085,4,20,-16
123000086,7,52,-45
123000087,5,82,-77
123000088,119,385,-266
123000089,1,23,-22
123000090,427,618,-191
123000091,23,13,10
123000092,237,382,-145
123000094,25,31,-6
123000095,1,12,-11
123000096,5,10,-5
123000097,35,325,-290
123000098,3,20,-17
123000099,84,194,-110
123000100,165,136,29
123000101,2,1,1
123000102,53,108,-55
123000104,32,67,-35
123000105,182,164,18
123000106,20,87,-67
123000107,94,180,-86
123000108,256,492,-236
123000111,26,13,13
123000112,19,47,-28
123000113,93,573,-480
123000114,3,5,-2
123000115,15,50,-35
123000116,10,38,-28
123000117,175,618,-443
123000118,92,272,-180
123000119,51,272,-221
123000120,79,211,-132
123000121,55,63,-8
123000122,94,133,-39
123000123,43,28,15
123000124,220,276,-56
123000125,51,17,34
123000126,58,92,-34
123000127,1205,529,676
123000128,82,181,-99
123000129,0,0,0
123000130,0,0,0
123000131,8,129,-121
123000132,74,236,-162
123000133,96,182,-86
123000134,126,52,74
123000135,106,148,-42
123000136,46,628,-582
123000137,25,164,-139
123000138,14,223,-209
123000139,0,0,0
123000140,45,370,-325
123000141,0,0,0
123000142,295,420,-125
123000143,360,1056,-696
123000144,3,4,-1
123000145,30,33,-3
123000146,3,14,-11
123000147,2,18,-16
123000149,0,0,0
123000150,0,0,0
123000151,51,64,-13
123000152,11,127,-116
123000153,8,49,-41
123000154,265,155,110
123000155,554,129,425
123000156,12,26,-14
123000157,103,243,-140
123000158,0,0,0
123000159,305,186,119
123000160,58,19,39
123000161,231,28,203
123000162,48,55,-7
123000163,0,0,0
123000164,0,0,0
123000165,54,596,-542
123000166,7,46,-39
123000167,2,106,-104
123000168,19,133,-114
123000169,0,0,0
123000170,1,121,-120
123000171,1,12,-11
123000172,63,295,-232
123000173,0,0,0
123000174,0,0,0
123000175,291,613,-322
123000176,0,0,0
123000177,70,338,-268
123000178,0,0,0
123000179,5,248,-243
123000180,159,12,147
123000181,39,544,-505
123000182,6,146,-140
123000183,39,17,22
123000184,11,263,-252
123000185,0,0,0
123000186,1,385,-384
123000187,0,0,0
123000188,0,0,0
123000189,5,42,-37
123000190,2,14,-12
123000192,0,146,-146
123000193,7,193,-186
123000194,110,87,23
123000195,0,0,0
123000196,2,3,-1
123000197,0,55,-55
123000198,1,78,-77
123000199,2,174,-172
123000200,0,0,0
123000201,0,0,0
123000202,6,617,-611
123000203,0,0,0
123000204,18,559,-541
123000205,67,738,-671
123000206,117,2,115
123000207,27,328,-301
123000208,16,4,12
123000209,99,13,86
123000210,107,450,-343
123000211,175,1092,-917
123000212,0,0,0
123000213,0,0,0
123000215,177,56,121
123000216,0,0,0
123000217,0,0,0
123000218,42,87,-45
123000219,0,0,0
123000220,0,0,0
123000221,0,0,0
123000222,8,26,-18
123000223,5,11,-6
123000224,23,67,-44
123000225,7,30,-23
123000226,8,213,-205
123000227,14,170,-156
123000228,4,23,-19
123000229,246,699,-453
123000232,54,224,-170
123000233,0,0,0
123000234,37,354,-317
123000235,0,0,0
123000236,30,453,-423
123000237,0,0,0
123000238,12,268,-256
123000239,104,926,-822
123000240,22,85,-63
123000241,0,0,0
123000242,9,75,-66
123000243,185,451,-266
123000244,330,284,46
123000245,27,115,-88
123000249,624,360,264
123000252,0,0,0
123000253,0,0,0
123000254,29,301,-272
123000255,80,87,-7
123000256,13,125,-112
123000257,845,797,48
123000258,156,482,-326
123000259,20,125,-105
123000260,55,236,-181
123000261,6,94,-88
123000262,20,81,-61
123000263,16,11,5
123000264,4,1,3
123000265,21,50,-29
123000266,160,212,-52
123000267,0,0,0
123000268,3,31,-28
123000269,0,0,0
123000270,0,0,0
123000271,15,28,-13
123000272,0,0,0
123000273,0,0,0
123000274,0,0,0
123000275,75,519,-444
123000278,666,576,90
123000279,0,0,0
123000280,16,78,-62
123000281,0,0,0
123000282,14,68,-54
123000283,0,0,0
123000284,9,57,-48
123000286,89,37,52
123000287,47,45,2
123000288,0,0,0
123000289,0,0,0
123000291,101,501,-400
123000294,22,21,1
123000295,120,31,89
123000296,28,10,18
123000297,0,1,-1
123000298,2,46,-44
123000299,0,0,0
123000300,31,92,-61
123000301,7,42,-35
123000302,2,8,-6
123000303,0,5,-5
123000305,307,288,19
123000306,1,139,-138
123000309,14,19,-5
123000310,0,0,0
123000311,0,134,-134
123000312,128,233,-105
123000313,0,0,0
123000315,1,12,-11
123000316,0,0,0
123000317,0,0,0
123000318,3,54,-51
123000329,189,28,161
123000337,0,56,-56
123000338,11,3,8
123000339,2,426,-424
123000340,8,18,-10
123000342,0,11,-11
123000343,0,0,0
123000344,200,100,100
123000345,54,180,-126
123000346,0,0,0
123000352,665,423,242
123000353,14,53,-39
123000354,7,1,6
123000355,0,146,-146
123000356,1,0,1
123000357,0,81,-81
123000359,0,100,-100
123000360,0,0,0
123000361,143,57,86
123000362,10,72,-62
123000363,3,147,-144
123000364,35,21,14
123000365,13,67,-54
123000366,70,166,-96
123000367,37,344,-307
123000370,7,140,-133
123000371,0,0,0
123000372,5,0,5
123000373,2,196,-194
123000374,2,68,-66
123000375,6,1,5
123000376,35,42,-7
123000377,0,0,0
123000378,2,213,-211
123000379,2,75,-73
123000380,0,61,-61
123000381,4,1,3
123000382,30,4,26
123000383,36,205,-169
123000384,37,4,33
123000385,52,296,-244
123000436,27,253,-226
123000507,28,22,6
123000508,5,89,-84
123000517,154,21,133
123000518,12,68,-56
123000519,66,51,15
123000520,22,62,-40
123000521,58,51,7
123000522,49,154,-105
123000541,0,0,0
123000542,0,10,-10
123000565,16,6,10
123000566,6,245,-239
123000567,32,83,-51
123000573,36,594,-558
123000574,0,1,-1
123000575,101,688,-587
123000576,36,912,-876
123000577,27,328,-301
123000578,0,0,0
123000579,392,103,289
123000580,35,1,34
123000582,0,0,0
123000583,7,287,-280
123000584,0,0,0
123000585,0,38,-38
123000586,0,0,0
123000596,26,36,-10
123000597,0,0,0
123000602,0,0,0
123000603,30,131,-101
123000604,13,605,-592
123000605,367,42,325
123000606,5,956,-951
123000609,9,156,-147
123000610,7,5,2
123000613,98,136,-38
123000614,0,0,0
123000615,66,163,-97
123000616,0,0,0
123000617,52,577,-525
123000618,30,425,-395
123000619,0,0,0
123000620,48,362,-314
123000622,0,0,0
123000624,0,0,0
123000630,19,33,-14
123000631,37,774,-737
123000632,237,362,-125
123000633,0,64,-64
123000634,0,0,0
123000635,59,60,-1
123000636,2,186,-184
123000637,0,6,-6
123000638,0,0,0
123000639,0,0,0
123000640,2,516,-514
123900001,59,5,54
123900002,0,0,0
123900003,0,0,0
123900005,0,0,0
123900006,0,0,0
124000001,167,1,166
124000002,79,707,-628
124000003,21,1,20
124000004,18,414,-396
124000005,14,2,12
124000006,118,787,-669
124000007,15,8,7
124000008,9,215,-206
124000009,6,13,-7
124000010,48,283,-235
124000011,14,9,5
124000012,64,478,-414
124000017,0,0,0
124000018,64,54,10
124000019,0,0,0
124000020,16,112,-96
124000021,0,0,0
124000022,48,127,-79
124000023,169,131,38
124000024,269,225,44
124000025,108,91,17
124000026,362,228,134
124000027,885,267,618
124000028,1239,1563,-324
124000030,926,466,460
124000031,40,2,38
124000032,2078,470,1608
124000033,25,1,24
124000034,847,202,645
124000035,3,0,3
124000036,8,82,-74
124000037,4,5,-1
124000038,2,15,-13
124000039,197,49,148
124000040,149,294,-145
124000041,75,13,62
124000042,29,247,-218
124000043,14,12,2
124000044,10,179,-169
124000045,0,0,0
124000046,48,432,-384
124000047,0,0,0
124000048,146,1030,-884
124000049,0,0,0
124000050,131,1136,-1005
124000051,0,0,0
124000052,122,695,-573
124000053,0,0,0
124000054,237,350,-113
124000055,0,0,0
124000056,1268,845,423
124000057,0,0,0
124000058,126,719,-593
124000059,12,35,-23
124000060,422,365,57
124000061,14,60,-46
124000062,2967,683,2284
124000063,608,772,-164
124000064,581,777,-196
124000065,1,38,-37
124000066,0,0,0
124000067,0,0,0
124000068,1,14,-13
124000069,0,0,0
124000070,12,156,-144
124000071,0,0,0
124000072,25,145,-120
124000073,0,0,0
124000074,54,293,-239
124000075,0,0,0
124000076,3,145,-142
124000077,312,147,165
124000078,23,2,21
124000079,424,312,112
124000080,0,0,0
124000081,28,348,-320
124000082,0,0,0
124000083,8,91,-83
124000084,0,0,0
124000085,13,21,-8
124000086,0,0,0
124000087,0,0,0
124000088,5,9,-4
124000089,0,0,0
124000090,11,199,-188
124000091,0,0,0
124000092,18,232,-214
124000093,0,0,0
124000094,0,67,-67
124000095,0,0,0
124000096,12,55,-43
124000097,0,0,0
124000098,23,64,-41
124000099,0,0,0
124000100,1,64,-63
124000101,1,7,-6
124000102,10,57,-47
124000103,2,8,-6
124000104,8,73,-65
124000105,2,1,1
124000106,14,51,-37
124000107,0,10,-10
124000108,12,25,-13
124000109,0,0,0
124000110,13,24,-11
124000111,4,25,-21
124000112,40,98,-58
124000113,0,0,0
124000114,14,79,-65
124000115,89,87,2
124000116,0,0,0
124000117,36,23,13
124000118,0,1,-1
124000119,55,224,-169
124000120,6,35,-29
124000121,126,21,105
124000122,385,324,61
124000123,127,47,80
124000124,95,245,-150
124000125,33,51,-18
124000126,136,202,-66
124000127,68,85,-17
124000128,176,632,-456
124000129,177,352,-175
124000130,305,225,80
124000131,110,104,6
124000132,433,429,4
124000133,25,56,-31
124000134,185,264,-79
124000135,99,105,-6
124000136,268,417,-149
124000137,82,74,8
124000138,237,358,-121
124000139,0,0,0
124000140,16,159,-143
124000141,0,0,0
124000142,2,43,-41
124000143,0,0,0
124000144,8,16,-8
124000145,0,0,0
124000146,5,65,-60
124000148,0,0,0
124000149,5,0,5
124000150,102,246,-144
124000151,14,4,10
124000152,107,323,-216
124000153,8,9,-1
124000154,58,334,-276
124000155,8,7,1
124000156,355,325,30
124000169,4,15,-11
124000170,189,120,69
124000171,3,10,-7
124000172,84,200,-116
124000173,11,29,-18
124000174,20,282,-262
124000175,8,112,-104
124000176,0,0,0
124000177,22,31,-9
124000178,0,0,0
124000190,0,0,0
124000191,36,7,29
124000192,23,5,18
124000193,88,639,-551
124000194,88,300,-212
124000195,23,100,-77
124000196,319,608,-289
124000197,9,27,-18
124000198,0,1,-1
124000201,11,443,-432
124000202,0,23,-23
124000203,21,477,-456
124000204,9,124,-115
124000205,11,372,-361
124000206,3,104,-101
124000207,1,97,-96
124000209,38,305,-267
124000210,5,137,-132
124000211,0,0,0
124000212,3,346,-343
124000213,8,239,-231
124000214,2,192,-190
124000215,0,0,0
124000216,1,346,-345
124000329,27,1010,-983
124000338,34,545,-511
124000339,13,0,13
124000341,9,0,9
124000344,0,1,-1
124000357,35,38,-3
124000358,97,48,49
124000359,41,35,6
124000360,15,23,-8
124000361,39,24,15
124000362,467,919,-452
124000363,143,409,-266
124000364,216,920,-704
124000365,428,1147,-719
124000366,1287,906,381
124000367,32,284,-252
124000368,10,0,10
124000369,3,3,0
124000370,25,223,-198
124000402,0,0,0
124000403,0,0,0
124000404,1,54,-53
124000405,190,106,84
124000406,267,418,-151
124000407,0,9,-9
124000411,1,148,-147
124000412,0,0,0
124000413,0,0,0
124000414,8,18,-10
124000415,5,66,-61
124000416,16,141,-125
124000417,7,26,-19
124000418,2,23,-21
124000419,9,113,-104
124000420,0,14,-14
124000421,7,144,-137
124000422,1,4,-3
124000423,6,7,-1
124000424,0,58,-58
124000425,0,0,0
124000426,4,28,-24
124000427,0,0,0
124000428,4,3,1
124000429,1,174,-173
124000430,36,103,-67
124000431,11,109,-98
124000432,22,129,-107
124000439,0,0,0
124000442,11,102,-91
124000443,2,6,-4
124000445,0,0,0
124000446,430,20,410
124900001,0,0,0
124900002,0,0,0
124900003,0,0,0
124900004,0,0,0
124900005,0,0,0
124900006,0,0,0
124900008,0,0,0
124900009,0,0,0
124900010,0,0,0
124900011,0,0,0
124900012,0,0,0
124900013,0,0,0
124900014,0,0,0
124900015,0,0,0
124900016,0,0,0
124900017,0,0,0
124900018,0,0,0
124900020,0,0,0
124900021,0,0,0
124900022,0,0,0
124900024,0,0,0
124900026,0,1,-1
124900027,0,0,0
124900028,0,0,0
124900029,0,0,0
124900030,0,0,0
124900031,0,0,0
124900032,0,0,0
124900033,0,2,-2
124900034,0,0,0
124900035,0,7,-7
124900036,0,0,0
124900037,2,13,-11
124900038,0,0,0
124900039,0,0,0
124900040,0,0,0
124900041,2,24,-22
124900042,0,0,0
124900043,34,84,-50
124900044,0,0,0
124900045,61,34,27
124900046,61,9,52
124900047,3,10,-7
124900048,7,13,-6
124900050,6,27,-21
124900052,6,36,-30
124900053,3,81,-78
124900054,395,63,332
124900055,1,24,-23
124900057,0,12,-12
124900060,11,54,-43
124900061,0,0,0
124900062,0,0,0
124900066,0,7,-7
124900067,1,27,-26
124900068,0,0,0
124900070,0,0,0
124900072,0,0,0
124900074,0,0,0
124900075,0,0,0
124900076,0,0,0
124900077,0,0,0
124900078,0,0,0
124900079,9,1,8
124900080,7,44,-37
124900081,0,0,0
124900082,0,3,-3
124900083,9,36,-27
124900084,0,0,0
124900085,0,0,0
124900086,0,0,0
124900087,0,0,0
124900088,0,0,0
124900089,85,3,82
124900090,0,0,0
124900091,0,0,0
124900092,0,0,0
124900093,0,0,0
124900094,0,0,0
124900095,0,0,0
124900096,0,0,0
124900097,0,0,0
124900098,0,0,0
124900099,0,0,0
124900100,0,0,0
124900101,0,0,0
124900102,0,0,0
124900103,0,6,-6
124900104,0,8,-8
124900105,0,4,-4
124900106,0,0,0
124900107,0,0,0
124900108,0,0,0
124900109,2,17,-15
124900110,5,87,-82
124900111,0,7,-7
124900112,4,61,-57
124900113,0,2,-2
124900114,0,2,-2
124900115,0,0,0
124900116,0,0,0
124900117,3,1,2
124900118,0,0,0
124900119,0,0,0
124900120,2,58,-56
124900121,0,0,0
124900122,53,12,41
124900123,0,0,0
124900124,15,7,8
129000186,0,0,0
204000001,0,0,0
204000002,0,0,0
204000003,0,0,0
204000004,0,0,0
204000005,1,0,1
204000006,0,0,0
204000008,2,0,2
204000011,39,79,-40
204000012,16,123,-107
204000013,0,39,-39
204000019,138,145,-7
204000020,66,104,-38
204000021,249,163,86
204000022,68,145,-77
204000023,211,955,-744
204000031,0,0,0
204000032,0,0,0
204000034,120,525,-405
204000035,11,3,8
204000036,6,15,-9
204000037,3,12,-9
204000038,2,4,-2
204000039,3,32,-29
204000040,9,28,-19
204000041,2,45,-43
204000042,0,0,0
204000043,0,0,0
204000044,0,0,0
204000045,0,0,0
204000046,0,0,0
204000057,7,58,-51
204000062,8,18,-10
204000068,49,86,-37
204000069,0,40,-40
204000070,0,0,0
204000080,21,26,-5
204000085,402,738,-336
204000086,1298,1184,114
204000087,84,172,-88
204000088,47,77,-30
204000090,79,507,-428
204000093,0,0,0
204000096,9,20,-11
204000097,0,0,0
204000099,28,51,-23
204000100,21,28,-7
204000105,639,768,-129
204000110,429,867,-438
204000111,160,490,-330
204000112,251,555,-304
204000113,104,440,-336
204000114,43,32,11
204000115,34,63,-29
204000116,150,86,64
204000119,10,9,1
204000132,0,0,0
204000133,0,0,0
204000134,0,0,0
204000135,0,0,0
204000136,0,0,0
204000138,0,0,0
204000140,0,0,0
204000141,0,0,0
204000144,0,0,0
204000145,0,0,0
204000146,49,341,-292
204000147,32,124,-92
204000148,0,0,0
204000154,0,0,0
204000155,6,9,-3
204000177,0,0,0
204000179,0,0,0
204000180,1,70,-69
204000222,1,12,-11
204000235,33,30,3
204000236,22,261,-239
204000238,0,0,0
204000240,36,45,-9
204000263,137,559,-422
204000308,0,0,0
204000317,35,52,-17
204000322,11,37,-26
204000323,0,0,0
204000328,0,0,0
204000329,65,132,-67
204000330,0,0,0
204000331,96,87,9
204010341,0,0,0
205000001,816,563,253
205000013,3,86,-83
205000014,20,157,-137
205000015,19,284,-265
205000016,12,227,-215
205000017,57,58,-1
205000022,174,410,-236
205000025,1368,718,650
205000029,61,45,16
205000045,26,139,-113
205000047,54,447,-393
205000048,96,619,-523
205000049,69,594,-525
205000050,833,271,562
205000059,1,296,-295
205000060,0,28,-28
205000061,1,16,-15
205000062,0,25,-25
205000063,5,27,-22
205000064,12,134,-122
205000065,41,426,-385
205000066,21,630,-609
205000067,28,1012,-984
205000069,422,380,42
205000082,0,0,0
205000110,24,168,-144
205000111,83,186,-103
205000112,0,0,0
205000113,154,92,62
205000121,0,0,0
205000123,151,104,47
205000126,0,0,0
205000127,0,0,0
205000128,0,0,0
205000129,0,0,0
205000130,0,0,0
205000131,0,0,0
205000132,0,0,0
205000133,0,0,0
205000134,0,0,0
205000137,65,92,-27
205000138,174,156,18
205000139,14,39,-25
205000144,0,0,0
205000145,0,0,0
205000151,0,0,0
205000152,0,0,0
205000153,0,0,0
205000154,0,0,0
205000155,0,0,0
205000207,327,222,105
205000233,0,0,0
205000234,0,0,0
205000243,0,0,0
205000244,0,9,-9
205000245,19,238,-219
205000249,2,25,-23
205000250,0,0,0
205000251,27,338,-311
205000264,1,88,-87
206000027,0,0,0
206000028,0,0,0
206000043,9,135,-126
206000053,16,23,-7
206000054,11,56,-45
206000055,24,63,-39
206000075,7,16,-9
206000076,16,40,-24
206000077,19,17,2
206000078,21,23,-2
206000079,42,10,32
206000082,0,1,-1
206000100,75,742,-667
206000103,11,32,-21
206000104,17,26,-9
206000105,4,32,-28
206000106,27,69,-42
206000108,717,171,546
206000125,0,0,0
206000157,299,845,-546
206000170,3,359,-356
206000171,4,257,-253
206000172,18,936,-918
206000173,0,286,-286
206000174,8,165,-157
206000175,7,250,-243
206000176,20,413,-393
206000177,5,307,-302
206000178,3,198,-195
206000179,10,212,-202
206000180,37,236,-199
206000181,36,309,-273
206000182,40,283,-243
206000183,35,773,-738
206000184,12,523,-511
206000185,13,397,-384
206000186,76,1037,-961
206000223,15,291,-276
206000226,0,0,0
206000227,0,0,0
206000237,21,340,-319
206000238,51,411,-360
206000239,699,1087,-388
206000240,0,74,-74
206000241,0,247,-247
206000242,18,479,-461
206000243,9,402,-393
206000244,95,845,-750
206000245,57,7,50
206000246,10,1,9
206000247,29,1,28
206000248,27,1,26
206000252,34,58,-24
206000258,11,77,-66
206000315,52,14,38
206000317,85,18,67
206000318,37,21,16
206000319,104,15,89
206000320,19,5,14
206000321,22,5,17
206000322,0,0,0
206000323,0,0,0
206000324,0,0,0
206000325,0,0,0
206000326,0,0,0
206000327,1,1,0
206000328,15,0,15
206000329,7,0,7
206000330,2,1,1
206000331,3,0,3
206000332,2,0,2
206000333,12,0,12
206000334,15,0,15
206000335,2,32,-30
206000361,8,333,-325
206000392,4,93,-89
206000405,38,0,38
206000441,0,0,0
206000498,5,2,3
206000515,397,57,340
206000530,0,0,0
206000531,0,0,0
206000532,0,0,0
206000535,168,473,-305
206000536,14,114,-100
206000537,14,95,-81
206000613,0,0,0
207000001,105,427,-322
207000002,29,301,-272
207000003,77,264,-187
207000007,61,7,54
207000008,3,5,-2
207000009,11,7,4
207000010,157,282,-125
207000012,0,0,0
207000015,236,743,-507
207000019,35,18,17
207000021,40,37,3
207000022,8,8,0
207000023,6,5,1
207000024,2,1,1
207000025,1,6,-5
207000026,47,141,-94
207000027,10,158,-148
207000028,22,294,-272
207000029,184,466,-282
207000033,43,46,-3
207000034,17,12,5
207000039,0,0,0
207000040,0,0,0
207000041,0,0,0
207000042,0,0,0
207000043,0,0,0
207000051,29,443,-414
207000052,4,231,-227
207000053,405,762,-357
207000054,19,121,-102
207000055,53,228,-175
207000056,141,431,-290
207000057,136,312,-176
207000058,66,375,-309
207000059,42,785,-743
207000060,21,214,-193
207000061,5,17,-12
207000062,32,30,2
207000063,35,75,-40
207000064,191,116,75
207000065,61,109,-48
207000066,26,78,-52
207000067,14,52,-38
207000068,23,21,2
207000069,320,163,157
207000082,2,12,-10
207000083,29,172,-143
207000084,6,7,-1
207000085,17,2,15
207000086,10,0,10
207000106,0,0,0
207000107,0,0,0
207000108,0,0,0
207000109,0,0,0
207000110,0,0,0
207000111,0,0,0
207000112,0,0,0
207000114,4,34,-30
207000115,7,122,-115
207000116,11,260,-249
207000117,4,135,-131
207000118,1,172,-171
207000119,11,203,-192
207000123,0,0,0
207000124,0,0,0
207000125,0,0,0
207000126,0,0,0
207000134,5,33,-28
207000135,4,23,-19
207000148,0,0,0
207000149,32,48,-16
207000152,78,384,-306
207000153,1615,997,618
207000154,69,38,31
207000159,25,270,-245
207000160,73,448,-375
207000238,0,59,-59
207000242,2,122,-120
207000248,19,14,5
207000249,66,93,-27
207000250,243,59,184
207000251,42,61,-19
207000252,22,98,-76
207000278,0,0,0
207000279,28,204,-176
207000280,11,0,11
207000281,35,455,-420
207000282,1,4,-3
207000283,30,75,-45
207000284,9,11,-2
207000285,0,0,0
207000291,20,143,-123
207000304,13,12,1
207000306,20,512,-492
207000310,0,0,0
207000353,0,0,0
207000356,3,23,-20
207000357,0,0,0
207000358,0,0,0
207000415,3,133,-130
207000417,0,0,0
207000418,0,15,-15
207000437,0,3,-3
207000439,244,84,160
207000446,0,0,0
207000460,0,2,-2
207000466,81,253,-172
207000467,0,0,0
207000468,11,337,-326
207000476,10,4,6
207000477,8,14,-6
207000523,0,7,-7
207000524,0,0,0
207000527,24,31,-7
207000530,0,0,0
207000531,0,0,0
207000532,0,0,0
207000534,0,0,0
207000535,23,167,-144
207000537,7,87,-80
207000540,9,120,-111
207000541,2,174,-172
207000548,5,191,-186
207000549,0,0,0
207000561,0,0,0
207000562,19,95,-76
207000567,184,275,-91
207000568,2,25,-23
207000569,11,401,-390
207000584,160,88,72
207000585,0,0,0
207000616,3,245,-242
207000617,0,0,0
207900008,5,53,-48
208000001,36,59,-23
208000002,24,43,-19
208000003,52,48,4
208000004,66,70,-4
208000005,1,21,-20
208000019,0,0,0
208000020,0,0,0
208000021,15,225,-210
208000022,176,277,-101
208000028,82,52,30
208000033,95,232,-137
208000034,303,544,-241
208000040,0,0,0
208000041,0,0,0
208000042,0,0,0
208000047,11,189,-178
208000064,14,0,14
208000066,2,1,1
208000070,0,3,-3
208000071,1,1,0
208000072,3,7,-4
208000080,17,35,-18
208000081,5,34,-29
208000082,41,170,-129
208000083,54,231,-177
208000084,0,0,0
208000085,269,319,-50
208000086,227,503,-276
208000087,73,386,-313
208000089,230,252,-22
208000090,167,483,-316
208000093,18,74,-56
208000094,137,268,-131
208000095,302,211,91
208000104,3,1,2
208000105,1,1,0
208000114,0,0,0
208000115,50,221,-171
208000116,0,4,-4
208000117,0,1,-1
208000118,1,1,0
208000155,176,479,-303
208000158,857,1189,-332
208000186,16,8,8
208000204,102,400,-298
208000205,283,543,-260
208000282,1901,480,1421
209000004,48,47,1
209000005,11,14,-3
209000006,147,166,-19
209000007,96,102,-6
209000010,117,81,36
209000011,49,104,-55
209000012,40,233,-193
209000013,56,433,-377
209000014,210,1201,-991
209000025,47,28,19
209000026,202,44,158
209000027,91,990,-899
209000028,105,1034,-929
209000029,182,849,-667
209000030,165,1547,-1382
209000031,3748,1772,1976
209000034,110,258,-148
209000035,35,132,-97
209000036,44,85,-41
209000037,54,125,-71
209000038,54,147,-93
209000039,64,98,-34
209000040,100,433,-333
209000041,127,346,-219
209000042,170,363,-193
209000043,176,265,-89
209000044,217,277,-60
209000045,40,155,-115
209000046,41,165,-124
209000047,26,79,-53
209000048,19,101,-82
209000049,45,140,-95
209000050,99,231,-132
209000051,105,271,-166
209000052,53,281,-228
209000062,6,97,-91
209000063,17,74,-57
209000064,6,110,-104
209000065,0,0,0
209000066,0,0,0
209000067,0,0,0
209000080,28,101,-73
209000082,0,0,0
209000091,7,36,-29
209000093,19,29,-10
209000094,145,66,79
209000110,0,0,0
209000111,149,627,-478
209000112,177,198,-21
209000113,247,183,64
209000114,115,126,-11
209000115,54,151,-97
209000116,1261,331,930
209000118,0,0,0
209000119,29,12,17
209000121,79,503,-424
209000135,0,0,0
209000142,600,442,158
209000143,8,33,-25
209000144,6,25,-19
209000229,10,84,-74
209000240,12,276,-264
209000259,72,115,-43
209000260,13,636,-623
209000261,1,269,-268
209000262,0,161,-161
209000263,0,45,-45
209000264,1,16,-15
209000265,0,0,0
209000266,0,0,0
209000267,0,0,0
209000268,0,0,0
210000037,0,0,0
210000047,0,0,0
210000048,0,0,0
210000049,0,0,0
210000052,6,102,-96
210000053,6,60,-54
210000054,31,38,-7
210000070,0,0,0
210000071,0,0,0
210000072,0,0,0
210000073,0,19,-19
210000074,2,57,-55
210000075,0,39,-39
210000076,2,124,-122
210000077,13,33,-20
210000078,34,27,7
210000079,0,0,0
210000080,0,0,0
210000081,0,0,0
210000082,0,0,0
210000083,0,0,0
210000084,0,0,0
210000085,1,57,-56
210000086,4,67,-63
210000099,39,190,-151
210000100,23,158,-135
210000101,39,186,-147
210000105,32,59,-27
210000159,0,54,-54
210000163,143,118,25
210000164,0,0,0
210000168,0,0,0
210000187,0,14,-14
210000188,0,19,-19
210000214,0,0,0
210000219,0,0,0
210000220,0,0,0
210000232,1,18,-17
210000233,3,19,-16
210000234,5,53,-48
210000235,5,77,-72
210000245,0,24,-24
210000246,0,0,0
210000258,8,88,-80
210000259,0,0,0
210000282,26,121,-95
210000285,1,30,-29
210000286,4,78,-74
210000290,0,0,0
210000295,15,43,-28
210000296,2,34,-32
210000320,0,0,0
210000321,0,0,0
210000338,22,72,-50
210000339,403,387,16
210000340,67,111,-44
210000341,54,104,-50
210000342,60,78,-18
210000343,54,136,-82
210000344,65,71,-6
210000345,100,46,54
210000346,5,30,-25
210000347,12,20,-8
210000348,11,2,9
210000349,8,19,-11
210000350,53,41,12
210000351,52,75,-23
210000352,0,0,0
210000353,0,0,0
210000354,0,0,0
210000355,0,0,0
210000356,0,0,0
210000357,0,0,0
210000358,0,0,0
210000359,0,0,0
210000360,0,0,0
210000361,0,0,0
210000362,0,0,0
210000363,0,0,0
210000364,0,0,0
210000365,0,0,0
210000366,0,0,0
210000367,0,0,0
210000368,0,0,0
210000369,0,0,0
210000370,0,0,0
210000372,0,0,0
210000373,0,0,0
210000374,0,0,0
210000375,0,0,0
210000376,0,0,0
210000404,81,86,-5
210000439,0,0,0
210000472,0,0,0
210000482,0,0,0
210000564,0,0,0
210000567,0,1,-1
210000568,0,0,0
211000092,0,0,0
211000094,0,0,0
211000169,0,0,0
211000172,0,0,0
211000209,0,0,0
211000226,0,0,0
211000270,0,0,0
211000275,0,0,0
211000276,0,0,0
211000279,0,0,0
211000281,0,0,0
211507980,0,0,0
211977296,0,0,0
212000003,0,0,0
212000004,0,12,-12
212000005,12,37,-25
212000006,8,57,-49
212000008,65,218,-153
212000009,10,89,-79
212000012,25,55,-30
212000013,7,46,-39
212000014,142,120,22
212000015,99,161,-62
212000016,315,452,-137
212000027,8,7,1
212000028,1,1,0
212000029,0,0,0
212000030,0,0,0
212000031,0,0,0
212000048,11,48,-37
212000049,8,16,-8
212000050,11,8,3
212000051,78,139,-61
212000052,71,253,-182
212000053,232,418,-186
212000054,9,7,2
212000055,6,12,-6
212000056,0,0,0
212000057,0,0,0
212000058,0,0,0
212000070,34,194,-160
212000077,61,443,-382
212000099,11,20,-9
212000108,0,0,0
212000111,0,0,0
212000120,49,90,-41
212000138,19,19,0
212000156,10,61,-51
212000158,0,0,0
212000159,9,12,-3
212000160,43,30,13
212000161,0,0,0
212000310,25,30,-5
212000311,0,0,0
212000374,10,12,-2
213000001,8,269,-261
213000005,5,1,4
213000006,21,1,20
213000007,0,0,0
213000009,0,0,0
213000010,0,0,0
213000011,0,0,0
213000012,25,159,-134
213000014,0,0,0
213000015,0,0,0
213000016,0,0,0
213000017,0,0,0
213000018,2,96,-94
213000019,1,99,-98
213000020,22,129,-107
213000021,2,37,-35
213000023,0,0,0
213000033,41,222,-181
213000034,0,0,0
213000035,0,0,0
213000045,25,39,-14
213000046,20,24,-4
213000047,146,73,73
213000056,0,0,0
213000069,0,0,0
213000073,0,1,-1
213000074,32,272,-240
213000075,0,0,0
213000085,1,29,-28
213000086,2,198,-196
213000091,0,0,0
213000092,0,0,0
213000099,64,203,-139
213000100,0,0,0
213000101,1,71,-70
213000102,4,184,-180
213000103,62,216,-154
213000104,29,172,-143
213000105,2,26,-24
213000106,5,142,-137
213000107,31,385,-354
213000108,2,268,-266
213000109,1,124,-123
213000110,4,15,-11
213000111,3,9,-6
213000112,87,48,39
213000115,0,0,0
213000116,14,177,-163
213000117,2,254,-252
213000118,61,69,-8
213000119,31,495,-464
213000120,28,468,-440
213000122,91,321,-230
213000123,419,394,25
213000124,28,625,-597
213000125,0,0,0
213000126,2,8,-6
213000127,69,37,32
213000128,246,141,105
213000129,0,0,0
213000130,0,0,0
213000132,0,0,0
213000133,0,0,0
213000134,0,0,0
213000136,0,0,0
213000137,3,0,3
213000139,0,0,0
213000147,0,0,0
213000148,0,0,0
213000149,0,0,0
213000150,0,51,-51
213000151,0,26,-26
213000152,0,43,-43
213000153,0,15,-15
213000154,15,96,-81
213000155,15,185,-170
213000156,14,245,-231
213000157,234,312,-78
213000158,60,292,-232
213000159,0,0,0
213000163,0,0,0
213000165,0,0,0
213000171,0,47,-47
213000172,0,120,-120
213000173,0,138,-138
213000174,2,194,-192
213000175,1,158,-157
213000176,0,0,0
213000177,0,0,0
213000178,0,0,0
213000179,0,0,0
213000180,0,0,0
213000184,20,122,-102
213000188,0,0,0
213000189,0,0,0
213000190,26,407,-381
213000191,13,299,-286
213000192,19,294,-275
213000193,1267,93,1174
213000194,0,21,-21
213000195,4,184,-180
213000196,19,445,-426
213000197,0,0,0
213000198,0,0,0
213000200,59,511,-452
213000201,13,19,-6
213000202,5,487,-482
213000203,0,0,0
213000204,0,0,0
213000205,0,0,0
213000206,0,0,0
213000207,0,0,0
213000208,0,0,0
213000209,0,0,0
213000210,0,0,0
213000211,1,1,0
213000212,1,12,-11
213000213,3,6,-3
213000218,38,338,-300
213000219,1,0,1
213000220,0,0,0
213000223,0,0,0
213000224,0,0,0
213000225,0,0,0
213000226,0,0,0
213000227,0,0,0
213000228,0,0,0
213000229,0,0,0
213000230,0,0,0
213000232,7,155,-148
213000233,1,11,-10
213000234,1,33,-32
213000293,1,23,-22
213000294,0,0,0
213000295,2,35,-33
213000296,0,0,0
213000297,4,27,-23
213000298,20,36,-16
213000299,3,0,3
213000300,0,0,0
213000303,1,24,-23
213000304,3,2,1
213000305,0,0,0
213000306,14,9,5
213000307,0,0,0
213000308,24,138,-114
213000309,1,0,1
213000310,0,0,0
213000311,112,181,-69
213000315,14,74,-60
213000316,1,2,-1
213000322,0,34,-34
213000323,0,0,0
213000324,3,55,-52
213000325,0,0,0
213000326,1,25,-24
213000327,0,0,0
213000328,8,35,-27
213000329,0,0,0
213000340,43,779,-736
213000341,0,0,0
213000347,0,0,0
213000348,1,59,-58
213000349,3,4,-1
213000350,28,634,-606
213000366,20,176,-156
213000367,3,0,3
213000379,17,55,-38
213000386,3,135,-132
213000406,34,215,-181
213000417,29,14,15
213000425,0,0,0
213000426,0,0,0
213000427,1,77,-76
213000428,0,56,-56
213000429,0,0,0
213000430,0,108,-108
213000431,29,0,29
213000432,0,2,-2
213000433,0,20,-20
213000434,0,0,0
213000435,0,0,0
213000436,0,0,0
213000437,0,0,0
213000438,0,0,0
213000439,0,2,-2
213000440,2,44,-42
213000441,0,0,0
213000442,0,16,-16
213000443,1,30,-29
213000444,10,30,-20
213000445,0,10,-10
213000446,0,0,0
213000447,0,1,-1
213000448,0,0,0
213000449,0,0,0
213000450,0,0,0
213000451,0,0,0
213000452,0,0,0
213000453,10,99,-89
213000455,4,6,-2
213000456,1,46,-45
213000481,0,0,0
213000484,0,0,0
213000489,0,0,0
213900002,0,14,-14
213900003,0,1,-1
213900013,2,118,-116
213900015,0,10,-10
213900016,0,14,-14
213900020,0,103,-103
213900030,0,21,-21
213900032,0,0,0
213900033,0,0,0
213900034,0,0,0
213900035,17,283,-266
213900036,18,87,-69
213900037,6,153,-147
213900038,0,0,0
213900039,0,58,-58
213900041,1,29,-28
213900042,0,0,0
213900043,0,0,0
213900244,0,0,0
213900245,0,18,-18
218000003,8,19,-11
218000004,8,17,-9
218000005,0,0,0
218000006,8,53,-45
218000007,0,6,-6
218000012,181,32,149
218000013,28,128,-100
218000014,266,187,79
218000019,846,313,533
218000020,283,324,-41
218000021,46,135,-89
218000022,7,56,-49
218000023,4,54,-50
218000024,2,23,-21
218000025,6,55,-49
218000026,14,98,-84
218000027,0,32,-32
218000028,2,10,-8
218000029,4,14,-10
218000030,30,68,-38
218000031,2,78,-76
218000032,2,68,-66
218000040,0,0,0
218000046,13,144,-131
218000047,7,180,-173
218000048,23,301,-278
218000049,53,195,-142
218000050,177,334,-157
218000051,22,421,-399
218000052,0,63,-63
218000053,3,19,-16
218000054,4,46,-42
218000055,1,7,-6
218000056,16,32,-16
218000057,2,42,-40
218000064,0,1,-1
218000065,1,0,1
218000066,0,0,0
218000067,10,99,-89
218000068,37,111,-74
218000069,50,244,-194
218000070,58,316,-258
218000071,108,173,-65
218000072,460,265,195
218000078,292,814,-522
218000079,13,85,-72
218000080,56,108,-52
218000081,144,164,-20
218000082,16,81,-65
218000083,8,73,-65
218000084,58,165,-107
218000085,140,419,-279
218000086,25,176,-151
218000087,93,184,-91
218000090,10,59,-49
218000091,276,206,70
218000092,40,171,-131
218000093,93,75,18
218000094,220,572,-352
218000099,250,244,6
218000100,83,196,-113
218000101,52,91,-39
218000102,89,178,-89
218000103,19,100,-81
218000104,16,43,-27
218000105,9,8,1
218000106,3,9,-6
218000107,12,134,-122
218000108,0,65,-65
218000112,42,10,32
218000117,0,0,0
218000134,226,403,-177
218000135,4,28,-24
218000136,74,33,41
218000137,68,102,-34
218000138,1,75,-74
218000139,48,201,-153
218000140,41,86,-45
218000141,6,12,-6
218000142,46,162,-116
218000143,7,104,-97
218000144,3,55,-52
218000145,83,221,-138
218000146,30,121,-91
218000151,1,8,-7
218000152,39,47,-8
218000153,5,22,-17
218000154,3,5,-2
218000155,13,6,7
218000156,104,52,52
218000157,7,31,-24
218000158,2,9,-7
218000159,12,6,6
218000160,6,4,2
218000161,27,20,7
218000162,67,33,34
218000163,9,5,4
218000164,65,13,52
218000165,93,58,35
218000170,0,2,-2
218000171,1,2,-1
218000172,0,2,-2
218000173,0,3,-3
218000174,1,0,1
218000176,4,2,2
218000177,12,3,9
218000178,1,1,0
218000179,0,0,0
218000180,0,0,0
218000181,0,0,0
218000187,4,16,-12
218000188,7,17,-10
218000189,7,32,-25
218000190,2,23,-21
218000191,40,121,-81
218000192,67,408,-341
218000193,436,409,27
218000194,42,483,-441
218000195,101,126,-25
218000196,131,185,-54
218000197,115,191,-76
218000198,5,68,-63
218000199,14,19,-5
218000200,4,38,-34
218000201,3,5,-2
218000202,92,35,57
218000207,1,44,-43
218000208,6,37,-31
218000211,9,36,-27
218000212,2,8,-6
218000213,87,75,12
218000214,0,16,-16
218000215,17,186,-169
218000217,3,92,-89
218000218,589,81,508
218000219,1,12,-11
218000220,43,149,-106
218000221,58,68,-10
218000222,19,15,4
218000223,96,110,-14
218000224,4,24,-20
218000225,115,16,99
218000226,52,51,1
218000230,0,1,-1
218000232,35,29,6
218000239,0,0,0
218000240,0,0,0
218000241,0,0,0
218000242,0,0,0
218000243,0,0,0
218000244,0,0,0
218000245,0,0,0
218000246,0,0,0
218000247,0,0,0
218000248,1,13,-12
218000249,0,0,0
218000250,2,15,-13
218000251,1,12,-11
218000252,0,28,-28
218000253,0,2,-2
218000254,0,5,-5
218000255,0,5,-5
218000256,3,28,-25
218000267,382,458,-76
218000268,2,23,-21
218000269,3,19,-16
218000270,12,89,-77
218000271,38,126,-88
218000273,0,0,0
218000274,0,0,0
218000275,30,26,4
218000276,14,88,-74
218000278,16,28,-12
218000279,17,39,-22
218000280,3,14,-11
218000281,3,9,-6
218000282,66,35,31
218000284,0,0,0
218000301,10,89,-79
218000302,20,17,3
218000303,7,39,-32
218000316,397,406,-9
218000317,212,431,-219
218000318,109,385,-276
218000319,364,990,-626
218000320,235,583,-348
218000338,2,13,-11
218000345,18,70,-52
218000346,0,0,0
218000459,67,431,-364
218000490,12,30,-18
218000501,2,1,1
218000502,4,89,-85
218000503,5,6,-1
218000504,18,3,15
218000505,11,130,-119
218000506,50,115,-65
218000508,0,1,-1
218000510,50,4,46
218000520,74,64,10
218000521,2,10,-8
218000522,1,48,-47
218000523,1,0,1
218000524,4,23,-19
218000525,3,5,-2
218000526,1,36,-35
218000529,8,53,-45
218000530,15,20,-5
218000531,0,0,0
218000532,3,37,-34
218000534,0,0,0
218000537,0,0,0
218000538,66,79,-13
218000540,433,109,324
218000543,61,31,30
218000544,50,123,-73
218000545,14,41,-27
218000546,28,95,-67
218000547,32,37,-5
218000548,49,142,-93
218000549,67,41,26
218000550,149,405,-256
218000551,96,98,-2
218000552,62,13,49
218000553,2,38,-36
218000554,9,15,-6
218000555,1,26,-25
218000556,67,347,-280
218000557,129,59,70
218000558,0,0,0
218000559,0,8,-8
218000560,0,2,-2
218000561,0,0,0
218000562,7,101,-94
218000563,11,7,4
218000564,3,59,-56
218000565,1,15,-14
218000566,6,9,-3
218000567,0,10,-10
218000568,0,0,0
218000569,0,17,-17
218000570,2,0,2
218000571,0,23,-23
218000572,0,0,0
218000573,0,2,-2
218000574,0,13,-13
218000575,0,0,0
218000576,0,13,-13
218000577,0,0,0
218000578,0,29,-29
218000579,31,0,31
218000581,0,22,-22
218000582,1,0,1
218000583,4,0,4
218000584,0,12,-12
218000585,1,0,1
218000586,2,41,-39
218000587,0,0,0
218000588,0,1,-1
218000589,0,0,0
218000590,0,0,0
218000591,0,20,-20
218000592,1,0,1
218000593,0,0,0
218000594,0,1,-1
218000595,0,0,0
218000596,0,0,0
218000597,0,0,0
218000598,0,0,0
218000599,0,0,0
218000600,0,1,-1
218000601,0,0,0
218000602,0,1,-1
218000603,0,0,0
218000604,0,0,0
218000605,1,10,-9
218000606,1,0,1
218000607,2,13,-11
218000608,0,3,-3
218000609,0,12,-12
218000610,0,1,-1
218000611,0,2,-2
218000612,0,11,-11
218000613,22,0,22
218000614,0,14,-14
218000615,1,0,1
218000616,1,81,-80
218000617,0,0,0
218000618,0,5,-5
218000619,0,0,0
218000620,2,21,-19
218000621,0,0,0
218000622,0,2,-2
218000623,0,0,0
218000624,0,2,-2
218000625,0,0,0
218000626,0,2,-2
218000628,10,6,4
218000631,0,0,0
218000632,1,9,-8
218000633,0,0,0
218000634,0,11,-11
218000635,0,6,-6
218000636,354,867,-513
218000637,231,250,-19
218000638,0,0,0
218000639,10,295,-285
218000640,0,0,0
218000641,10,288,-278
218000652,109,218,-109
218000653,154,88,66
218000663,0,20,-20
218000675,3,10,-7
218000676,1,42,-41
218000677,11,18,-7
218000680,14,96,-82
218000681,0,0,0
218000691,19,98,-79
218000693,0,0,0
218000703,3,108,-105
218000718,54,126,-72
218000719,6,23,-17
218000720,0,5,-5
218000721,0,1,-1
218000725,11,16,-5
218001214,12,33,-21
218001329,0,0,0
218001330,17,14,3
218001351,0,0,0
218001352,1,5,-4
218001353,0,0,0
218001354,0,0,0
219000001,20,48,-28
219000002,36,70,-34
219000003,180,46,134
219000004,226,110,116
219000017,32,16,16
219000020,25,4,21
219000022,24,1,23
219000023,21,3,18
219000029,0,75,-75
219000034,0,0,0
219000039,14,28,-14
219000040,8,29,-21
219000041,55,47,8
219000051,0,70,-70
219000052,0,31,-31
219000053,1,134,-133
219000054,166,285,-119
219000055,28,0,28
219000056,1,1,0
219000057,36,0,36
219000062,3,133,-130
219000063,32,19,13
219000064,2,12,-10
219000110,46,25,21
219000111,46,11,35
219000112,73,25,48
219000113,70,20,50
219000114,86,4,82
219000116,44,54,-10
219000117,145,130,15
219000118,46,181,-135
219000123,136,78,58
219000124,24,45,-21
219000125,7,22,-15
219000126,19,47,-28
219000127,3,8,-5
219000128,16,154,-138
219000129,15,167,-152
219000130,1585,637,948
219000131,1501,1363,138
219000133,14,81,-67
219000134,17,20,-3
219000135,172,82,90
219000136,246,210,36
219000138,13,33,-20
219000139,6,66,-60
219000140,0,0,0
219000141,2,86,-84
219000142,5,61,-56
219000143,11,62,-51
219000145,0,16,-16
219000146,10,70,-60
219000147,0,48,-48
219000148,0,54,-54
219000149,24,158,-134
219000150,1,105,-104
219000151,4,118,-114
219000157,77,74,3
219000158,82,229,-147
219000161,120,40,80
219000163,937,170,767
219000166,33,114,-81
219000167,42,230,-188
219000168,86,28,58
219000174,0,0,0
219000175,0,0,0
219000176,0,0,0
219000177,0,0,0
219000178,0,0,0
219000179,0,0,0
219000180,5,35,-30
219000182,0,0,0
219000183,0,42,-42
219000184,0,0,0
219000185,0,154,-154
219000186,2,34,-32
219000187,2,120,-118
219000189,90,133,-43
219000190,181,183,-2
219000191,1177,523,654
219000192,177,368,-191
219000193,451,246,205
219000195,0,42,-42
219000196,4,67,-63
219000198,4,146,-142
219000199,53,145,-92
219000200,16,120,-104
219000201,47,139,-92
219000203,10,116,-106
219000204,26,118,-92
219000205,15,144,-129
219000207,94,191,-97
219000209,20,60,-40
219000210,14,50,-36
219000213,13,147,-134
219000239,48,82,-34
219000240,41,190,-149
219000241,20,116,-96
219000242,27,102,-75
219000243,26,197,-171
219000244,4,41,-37
219000245,4,29,-25
219000246,0,0,0
219000247,0,0,0
219000248,0,0,0
219000249,0,0,0
219000250,0,0,0
219000251,0,0,0
219000252,0,0,0
219000253,0,0,0
219000255,0,0,0
219000256,0,0,0
219000257,0,0,0
219000262,26,299,-273
219000263,15,154,-139
219000267,1,105,-104
219000268,3,10,-7
219000269,0,0,0
219000270,0,0,0
219000271,91,6,85
219000278,0,6,-6
219000279,1,4,-3
219000283,0,4,-4
219000295,16,93,-77
219000296,41,433,-392
219000297,19,137,-118
219000298,7,203,-196
219000299,0,0,0
219000300,13,331,-318
219000301,49,252,-203
219000302,10,171,-161
219000307,11,77,-66
219000308,54,46,8
219000311,0,0,0
219000312,0,0,0
219000313,0,0,0
219000314,141,373,-232
219000315,0,0,0
219000316,0,0,0
219000317,0,0,0
219000320,0,37,-37
219000321,0,21,-21
219000323,4,57,-53
219000325,0,44,-44
219000326,19,155,-136
219000327,42,29,13
219000328,20,33,-13
219000329,373,201,172
219000330,13,54,-41
219000331,17,41,-24
219000332,0,0,0
219000333,0,0,0
219000335,0,0,0
219000337,0,0,0
219000338,0,0,0
219000344,42,64,-22
219000345,84,183,-99
219000346,40,147,-107
219000348,41,103,-62
219000349,27,133,-106
219000350,24,77,-53
219000351,0,1,-1
219000352,64,36,28
219000353,49,78,-29
219000354,79,175,-96
219000355,29,15,14
219000356,777,492,285
219000363,209,67,142
219000364,87,50,37
219000365,79,23,56
219000366,519,157,362
219000368,208,87,121
219000370,451,164,287
219000371,6,10,-4
219000382,9,25,-16
219000383,574,451,123
219000385,596,378,218
219000386,641,709,-68
219000387,0,1,-1
219000390,0,0,0
219000391,0,0,0
219000397,61,92,-31
219000398,92,56,36
219000401,2,42,-40
219000402,6,34,-28
219000403,20,41,-21
219000404,5,23,-18
219000407,4,6,-2
219000409,0,0,0
219000410,0,0,0
219000411,0,0,0
219000446,159,333,-174
219000447,0,22,-22
219000448,0,0,0
219000452,0,0,0
219000453,28,44,-16
219000454,123,82,41
219000556,0,0,0
219000558,51,184,-133
219000590,5,92,-87
219000591,0,0,0
219000592,49,318,-269
219000595,0,23,-23
219000635,0,0,0
219000636,10,101,-91
219000657,15,9,6
219000658,7,23,-16
219000673,1,16,-15
219000676,0,1,-1
219000679,17,33,-16
219000684,14,1,13
219000685,0,72,-72
219000686,0,0,0
219000688,0,173,-173
219000689,75,85,-10
219000690,0,0,0
219000691,41,28,13
219000692,0,5,-5
219000693,1,32,-31
219000694,0,0,0
219000695,0,0,0
219000698,0,0,0
219000699,0,6,-6
219000727,2,139,-137
219000728,31,2,29
219000770,0,0,0
219000771,0,13,-13
219001150,2,5,-3
219001151,1,3,-2
219001166,0,0,0
219001167,0,20,-20
220000001,2,28,-26
220000002,7,87,-80
220000003,163,224,-61
220000004,231,351,-120
220000005,734,874,-140
220000006,78,431,-353
220000007,166,534,-368
220000008,124,649,-525
220000009,208,335,-127
220000010,36,61,-25
220000011,164,129,35
220000012,1,15,-14
220000014,2,37,-35
220000015,0,0,0
220000017,13,146,-133
220000018,1098,148,950
220000019,20,93,-73
220000020,74,202,-128
220000021,189,147,42
220000022,223,500,-277
220000023,75,156,-81
220000024,1010,329,681
220000025,297,334,-37
220000026,136,100,36
220000027,9,26,-17
220000028,14,64,-50
220000029,46,93,-47
220000030,20,54,-34
220000031,41,112,-71
220000064,0,0,0
221000046,0,0,0
221000047,0,0,0
221000048,0,0,0
221000049,0,6,-6
221000050,1,0,1
221000055,18,52,-34
221000057,6,2,4
221000068,89,22,67
221000069,64,19,45
221000070,46,3,43
221000071,2,1,1
221000072,34,10,24
221000073,25,30,-5
221000074,0,8,-8
221000075,2,18,-16
221000076,14,52,-38
221000077,11,104,-93
221000081,2,0,2
221000082,5,2,3
221000083,13,0,13
221000084,1,0,1
221000085,17,66,-49
221000086,18,170,-152
221000087,4,143,-139
221000088,14,124,-110
221000089,39,146,-107
221000090,218,293,-75
221000098,18,4,14
221000099,35,1,34
221000100,8,2,6
221000101,46,6,40
221000102,24,0,24
221000109,9,91,-82
221000110,6,134,-128
221000111,8,132,-124
221000112,1,105,-104
221000113,14,161,-147
221000114,20,182,-162
221000120,0,5,-5
221000121,0,0,0
221000122,0,0,0
221000123,3,0,3
221000124,0,101,-101
221000155,0,0,0
221000156,0,0,0
221000175,0,0,0
221000176,0,0,0
221000182,7,1,6
221000241,311,85,226
221000242,393,264,129
221000243,129,47,82
221000244,84,228,-144
221000245,9,58,-49
221000246,20,165,-145
221000247,10,56,-46
221000248,21,109,-88
221000267,2,210,-208
221000325,2,13,-11
221000331,0,19,-19
221000338,0,0,0
221000378,0,0,0
221000381,6,11,-5
222000282,0,0,0
222000296,0,2,-2
222000568,0,0,0
222000569,0,0,0
222000570,0,0,0
222000571,0,0,0
222000577,2,70,-68
222000578,5,75,-70
222000579,9,17,-8
222000580,40,177,-137
222000599,0,27,-27
222000600,0,48,-48
222000601,1,94,-93
222000603,0,1,-1
222000604,0,5,-5
222000605,0,2,-2
222000606,0,1,-1
222000607,0,0,0
222000608,1,0,1
222000609,3,35,-32
222000616,0,0,0
222000617,0,0,0
222000618,0,0,0
222000620,0,0,0
222000621,0,0,0
222000623,0,0,0
222000624,0,0,0
222000625,0,4,-4
222000636,0,0,0
222000686,0,0,0
222000687,0,0,0
222001066,0,0,0
222001067,0,0,0
222001068,0,0,0
222001069,0,0,0
222001082,2,27,-25
222001083,0,25,-25
222001084,0,3,-3
222001085,0,82,-82
222001111,1,74,-73
222001112,0,0,0
222001313,0,0,0
222001314,0,6,-6
222001464,0,0,0
222001465,2,11,-9
222001484,0,0,0
222001485,4,3,1
222001494,0,0,0
222001495,2,35,-33
222001496,0,0,0
222001497,1,41,-40
222001502,24,152,-128
222001503,0,0,0
222001504,13,199,-186
222001505,0,0,0
222001506,19,165,-146
222001507,0,0,0
222001510,0,0,0
222001511,16,211,-195
222001514,0,0,0
222001515,78,359,-281
222001518,0,0,0
222001519,17,222,-205
222001527,0,0,0
222001528,43,81,-38
222001529,0,0,0
222001530,15,99,-84
222001533,82,394,-312
222001534,0,0,0
222001535,0,0,0
222001536,1,12,-11
222001537,0,0,0
222001538,50,214,-164
222001563,0,0,0
222001564,20,530,-510
222001568,0,42,-42
222001576,0,0,0
222001579,0,0,0
222001583,0,28,-28
222001584,0,0,0
222001596,42,535,-493
222001597,0,0,0
222001626,0,32,-32
222001650,0,57,-57
222001651,0,0,0
222001914,0,0,0
222001915,22,95,-73
222900004,0,0,0
222900009,7,10,-3
222900019,0,0,0
222900024,0,0,0
222900025,0,14,-14
225000001,14,2,12
225000002,22,9,13
225000003,22,4,18
225000004,25,24,1
225000005,3,1,2
225000006,0,62,-62
225000007,2316,445,1871
225000010,98,4,94
225000011,0,0,0
225000012,0,0,0
225000013,0,0,0
225000014,0,0,0
225000015,54,159,-105
225000021,0,0,0
225000027,96,271,-175
225000032,0,0,0
225000042,26,485,-459
225000049,18,40,-22
225000050,20,7,13
225000053,1,53,-52
225000058,0,0,0
225000067,35,197,-162
225000068,32,437,-405
225000069,56,353,-297
225000070,36,299,-263
225000071,11,239,-228
225000075,20,440,-420
225000076,32,74,-42
225000078,0,0,0
225000085,0,0,0
225000086,0,0,0
225000087,0,0,0
225000088,2,70,-68
225000089,453,254,199
225000090,6,149,-143
225000091,17,161,-144
225000092,6,57,-51
225000093,51,353,-302
225000094,7,382,-375
225000095,151,530,-379
225000096,69,314,-245
225000098,21,8,13
225000099,19,4,15
225000100,10,4,6
225000104,11,243,-232
225000110,13,247,-234
225000111,37,617,-580
225000112,54,594,-540
225000113,31,395,-364
225000114,33,194,-161
225000115,1768,233,1535
225000116,0,0,0
225000117,0,0,0
225000118,0,0,0
225000119,0,0,0
225000120,0,0,0
225000121,0,0,0
225000123,0,0,0
225000125,12,28,-16
225000126,170,2,168
225000127,314,26,288
225000128,20,20,0
225000132,71,25,46
225000133,47,15,32
225000134,180,25,155
225000135,28,5,23
225000136,40,3,37
225000137,25,13,12
225000138,113,14,99
225000143,51,70,-19
225000144,2,193,-191
225000145,0,0,0
225000146,3,67,-64
225000147,5,201,-196
225000148,0,120,-120
225000149,53,227,-174
225000151,38,100,-62
225000155,107,189,-82
225000156,44,247,-203
225000157,34,181,-147
225000158,18,282,-264
225000171,1,108,-107
225000180,27,1,26
225000181,1,25,-24
225000182,0,0,0
225000185,12,151,-139
225000187,29,213,-184
225000191,0,0,0
225000194,0,17,-17
225000208,0,34,-34
225000209,0,0,0
225000210,1,66,-65
225000217,0,16,-16
225000218,0,0,0
225000223,0,24,-24
225000224,0,0,0
225000225,0,5,-5
225000226,0,0,0
225000227,53,52,1
225000228,0,0,0
225000229,0,41,-41
225000230,0,0,0
225000231,0,70,-70
225000232,0,0,0
225000241,0,0,0
225000242,0,39,-39
225000249,0,0,0
225000250,29,450,-421
225000251,85,21,64
225000254,0,0,0
225000256,0,1,-1
225000257,0,2,-2
226000042,106,235,-129
226000043,27,140,-113
226000044,51,461,-410
226000045,23,379,-356
226000046,93,19,74
226000047,93,22,71
226000048,100,10,90
226000049,59,28,31
226000070,0,53,-53
226000071,0,42,-42
226000072,1,4,-3
226000073,0,6,-6
226000074,0,5,-5
226000084,1,32,-31
226000085,1,10,-9
226000086,6,6,0
226000087,0,7,-7
226000088,0,4,-4
226000090,1,1,0
226000091,0,0,0
226000092,1,0,1
226000093,2,1,1
226000094,1,1,0
226000095,3,1,2
226000105,0,0,0
226000106,1,0,1
226000107,0,0,0
226000108,1,0,1
226000109,26,7,19
226000124,125,12,113
226000134,210,142,68
226000135,374,216,158
226000136,63,94,-31
226000137,14,206,-192
226000138,2,119,-117
226000139,1,9,-8
226000156,8,0,8
226000157,65,0,65
226000163,8,25,-17
226000202,4,230,-226
226000231,21,1,20
226000232,8,0,8
227000033,0,0,0
227000036,0,0,0
227000037,0,0,0
227000038,0,0,0
227000084,0,18,-18
227000085,1,24,-23
227000088,0,0,0
227000089,0,0,0
227000090,0,0,0
227000091,0,0,0
227000092,0,0,0
227000093,0,0,0
227000094,0,0,0
227000130,9,47,-38
227000131,7,220,-213
227000132,6,206,-200
227000133,3,176,-173
227000134,7,264,-257
227000152,0,3,-3
227000153,0,44,-44
227000154,0,18,-18
227000155,0,19,-19
227000156,0,16,-16
227000165,0,39,-39
227000196,54,220,-166
227000199,18,338,-320
227000230,14,289,-275
227000232,0,0,0
227000242,59,271,-212
227000243,0,0,0
227000245,22,314,-292
227000246,52,335,-283
227000247,0,0,0
227000248,0,0,0
227000249,9,157,-148
227000250,3,1,2
227000251,59,169,-110
227000252,9,343,-334
227000253,0,0,0
227000262,0,0,0
227000266,0,0,0
227000267,26,1317,-1291
227000282,25,94,-69
227000284,0,0,0
227000286,27,38,-11
227000291,46,330,-284
227000296,0,0,0
227000484,0,0,0
227000485,32,421,-389
227000655,0,0,0
227000656,0,0,0
227000657,0,0,0
227000704,0,0,0
229000265,0,0,0
229000266,0,0,0
229000267,0,0,0
229000268,0,0,0
229000269,0,0,0
229000274,2,18,-16
229000275,1,6,-5
229000276,2,3,-1
229000277,0,2,-2
229000278,0,3,-3
229000295,11,13,-2
229000296,0,2,-2
229000297,10,15,-5
229000298,25,38,-13
229000320,0,0,0
229000321,0,0,0
229000412,6,11,-5
229000414,1,21,-20
229000415,0,0,0
229000416,0,2,-2
229000417,1,2,-1
229000419,37,142,-105
229000440,0,0,0
229000442,0,0,0
229000443,0,0,0
229000444,0,15,-15
229000445,0,0,0
229000446,0,0,0
229000491,8,48,-40
229000492,28,131,-103
229000493,1,123,-122
229000494,34,26,8
229000495,175,123,52
229000496,17,125,-108
229000507,1,34,-33
229000508,3,35,-32
229000509,1,69,-68
229000510,5,55,-50
229000511,3,49,-46
229000512,1,32,-31
229000513,1,3,-2
229000514,1,13,-12
229000517,5,10,-5
229000518,4,37,-33
229000519,0,12,-12
229000520,8,41,-33
229000521,28,45,-17
229000522,3,18,-15
229000523,12,37,-25
229000524,6,23,-17
229000527,6,9,-3
229000528,0,3,-3
229000529,11,3,8
229000530,56,49,7
229000531,14,32,-18
229000532,20,21,-1
229000533,240,113,127
229000534,80,38,42
229000564,92,16,76
229000565,12,4,8
229000566,0,48,-48
229000567,0,123,-123
229000582,271,22,249
229000583,10,15,-5
229000584,1,51,-50
229000585,12,53,-41
229000718,0,2,-2
229000719,0,2,-2
229000720,0,22,-22
229000721,1,14,-13
229000722,0,26,-26
229000723,0,15,-15
229000724,0,2,-2
229000725,0,16,-16
229000738,16,4,12
229000739,0,0,0
229000740,6,1,5
229000741,33,2,31
229000742,27,2,25
229000743,57,3,54
229000744,5,1,4
229000745,3,0,3
229000746,96,1,95
229000847,35,2,33
229000848,31,3,28
229000849,347,3,344
229000851,14,0,14
229000854,0,65,-65
229000856,1,100,-99
229000857,1,19,-18
229000858,0,86,-86
229000919,5,97,-92
229000930,1,113,-112
229000937,331,74,257
229000966,94,33,61
229000981,11,49,-38
229000985,2,10,-8
229000986,0,5,-5
229000987,0,0,0
229000988,0,1,-1
229000989,0,0,0
229000990,0,0,0
229000991,0,0,0
229000992,0,0,0
229000993,0,0,0
229000998,20,13,7
229000999,0,0,0
229001034,1,24,-23
229001035,0,0,0
229001036,9,44,-35
229001037,0,0,0
229001038,0,2,-2
229001039,0,0,0
229001040,0,82,-82
229001041,0,0,0
229001042,0,0,0
229001047,3,16,-13
229001050,0,0,0
229001168,0,18,-18
229001200,0,0,0
229001338,0,20,-20
229001394,263,7,256
229001422,406,79,327
229001423,19,135,-116
229001431,224,64,160
229001432,30,74,-44
229001444,0,0,0
229001445,9,123,-114
229001479,12,20,-8
229001503,297,104,193
229001504,45,91,-46
229001505,362,57,305
229001506,41,149,-108
229001509,0,0,0
229001510,2,18,-16
229001545,84,12,72
229001546,0,79,-79
229001553,66,32,34
229001554,6,81,-75
229001630,0,0,0
229001631,12,17,-5
229001635,0,6,-6
229001636,0,0,0
229001658,2,43,-41
229001659,218,8,210
229001660,0,0,0
229001661,0,5,-5
229001662,34,2,32
229001663,0,14,-14
229002584,0,0,0
229002831,42,34,8
229002841,0,10,-10
229002842,0,0,0
229002843,0,0,0
229002844,7,29,-22
229002845,2,61,-59
229002846,0,0,0
229002847,0,1,-1
229002848,0,0,0
229002849,0,26,-26
229002850,0,0,0
229002851,3,28,-25
229002852,0,0,0
229002853,0,0,0
229002854,5,27,-22
229002855,1,13,-12
229002856,0,0,0
229002857,0,30,-30
229002858,0,0,0
229002859,2,3,-1
229002860,0,0,0
229002861,0,0,0
229002862,0,7,-7
229002863,2,6,-4
229002864,0,0,0
229002865,0,0,0
229002866,0,0,0
229002867,0,7,-7
229002868,0,0,0
229002869,0,53,-53
229002870,0,0,0
235000066,0,0,0
235000067,0,0,0
235000072,20,112,-92
235000073,37,286,-249
235000074,36,85,-49
235000080,3,54,-51
235000081,43,88,-45
235000082,0,0,0
235000083,0,0,0
235000084,0,0,0
235000085,0,0,0
235000089,0,0,0
235000092,12,131,-119
235000093,1,3,-2
235000097,0,0,0
235000098,0,0,0
235000099,0,0,0
235000116,0,0,0
235000117,0,0,0
235000133,5,148,-143
235000134,5,84,-79
235000206,0,0,0
235000207,0,0,0
235000208,0,0,0
235000209,0,0,0
235000210,0,0,0
235000212,1,13,-12
235000213,11,8,3
235000220,0,3,-3
235000221,4,11,-7
235000238,0,0,0
235000239,0,0,0
235000242,10,4,6
235000245,613,175,438
235000246,1,51,-50
235000284,1,32,-31
235000295,0,0,0
235000305,0,0,0
235000306,0,0,0
235000307,0,0,0
235000308,0,0,0
235000309,0,0,0
235000310,0,0,0
235000311,0,1,-1
235000322,0,10,-10
235000323,0,14,-14
235000324,0,10,-10
235000325,0,6,-6
235000326,1,116,-115
235000351,3,28,-25
235000352,3,29,-26
235000353,0,18,-18
235000354,5,26,-21
235000355,0,30,-30
235000356,0,0,0
235000357,0,0,0
235000358,0,0,0
235000359,0,0,0
235000360,0,0,0
235000361,0,0,0
235000381,30,132,-102
235000382,0,0,0
235000390,0,0,0
235000391,0,0,0
235000392,0,0,0
235000393,0,0,0
235000395,0,0,0
235000396,0,0,0
235000400,0,0,0
235000401,11,109,-98
235000405,58,282,-224
235000406,12,182,-170
235000407,28,108,-80
235000409,89,158,-69
235000410,23,180,-157
235000411,0,64,-64
235000485,0,12,-12
235000486,0,0,0
235000549,0,0,0
235000550,103,166,-63
235000599,96,82,14
235000600,7,8,-1
235000601,0,0,0
235000602,0,0,0
235000614,0,1,-1
235000648,0,66,-66
235000649,0,0,0
235000685,2,7,-5
235000815,2,28,-26
235000834,0,1,-1
235000855,0,0,0
235000862,13,119,-106
235000891,0,2,-2
235000892,0,3,-3
235000901,64,98,-34
235000907,0,6,-6
235001010,0,0,0
235001029,386,272,114
235001030,0,0,0
235001078,0,0,0
235001079,24,86,-62
235001147,0,0,0
235001166,0,0,0
235001167,12,58,-46
235001169,1,162,-161
235001188,0,10,-10
235001189,0,0,0
235001197,1,6,-5
235001200,8,73,-65
235001208,0,0,0
235001209,11,23,-12
235001210,4,115,-111
235001239,3,62,-59
235001244,0,0,0
235016267,0,8,-8
241900007,34,1,33
277101746,1,47,-46
277102712,8,13,-5
277103813,0,0,0
277103814,0,1,-1
277103898,0,7,-7
277104249,0,0,0
277104250,0,0,0
277104251,0,3,-3
277104252,0,0,0
990011530,1,181,-180
990014944,2,338,-336
990015176,0,0,0
990015618,0,52,-52
990016032,0,145,-145
990032570,0,68,-68
990070001,0,0,0
990070103,1,2,-1
990070601,0,21,-21
990070751,0,1,-1
990070766,2,175,-173
990071180,0,89,-89
990071343,0,0,0
990071387,0,1,-1
990071823,0,0,0
990072600,4,311,-307
990072964,0,282,-282
990073285,0,0,0
990074393,0,358,-358
990074870,0,1,-1
990075106,0,1,-1
990075746,0,0,0
990076437,0,3,-3
990076458,1,649,-648
997000007,0,0,0
997000041,1,78,-77
997000058,0,3,-3
997000062,0,0,0
997000069,0,2,-2
997000070,0,42,-42
997000100,0,0,0
997000141,0,7,-7
997000198,0,0,0
998000475,0,9,-9
998000736,2,102,-100
998000965,0,0,0
998001031,0,28,-28
998001700,0,21,-21
998001899,0,2,-2
998001900,10,0,10
998003073,0,3,-3
998101900,0,0,0
998102850,0,2,-2
998501927,2,176,-174
998501929,13,1,12
998501930,8,0,8
998501931,6,2,4
998501932,45,0,45
998501933,0,0,0
998501937,0,5,-5
998501944,0,1,-1
998501950,0,0,0
998501970,5,5,0
998501971,0,92,-92
998501972,0,0,0
998501973,0,49,-49
998501974,0,169,-169
998501975,0,1,-1
998501976,0,0,0
998501977,0,20,-20
998501978,0,2,-2
998501979,0,25,-25
998501980,0,0,0
998501981,0,1,-1
998501982,0,137,-137
998502006,0,0,0
998502024,0,5,-5
998502032,0,1,-1
998502062,2,0,2
998502063,0,0,0
998502173,0,0,0
998502269,0,0,0
998601159,0,60,-60
998601292,0,3,-3
999033574,1,116,-115
999800001,0,0,0
999800002,0,2,-2
999800003,0,3,-3
999800004,0,18,-18
999800005,2,26,-24
