ID,insum,outsum,diff
100000001,306,251,55
100000002,869,215,654
100000003,3481,979,2502
100000004,749,168,581
100000005,600,965,-365
100000006,73,31,42
100000007,138,130,8
100000008,40,316,-276
100000009,15,41,-26
100000010,0,21,-21
100000011,32,11,21
100000012,27,504,-477
100000013,7,104,-97
100000014,80,265,-185
100000015,154,241,-87
100000016,428,906,-478
100000017,194,827,-633
100000018,412,298,114
100000019,2346,726,1620
100000020,545,585,-40
100000021,5085,1129,3956
100000022,422,272,150
100000023,3639,445,3194
100000025,1765,281,1484
100000028,808,488,320
100000029,84,108,-24
100000030,438,14,424
100000031,1809,1222,587
100000032,1371,1374,-3
100000033,238,951,-713
100000034,662,215,447
100000035,464,265,199
100000036,1032,407,625
100000037,105,186,-81
100000038,332,257,75
100000039,153,52,101
100000040,100,24,76
100000041,143,121,22
100000042,79,101,-22
100000043,88,73,15
100000044,123,487,-364
100000045,146,991,-845
100000046,273,952,-679
100000047,112,660,-548
100000048,249,593,-344
100000049,997,1985,-988
100000051,136,1057,-921
100000053,6,6,0
100000054,39,8,31
100000055,95,215,-120
100000056,71,276,-205
100000057,445,322,123
100000058,277,1237,-960
100000059,0,51,-51
100000060,90,157,-67
100000061,379,225,154
100000062,168,183,-15
100000063,171,95,76
100000064,199,234,-35
100000065,96,1076,-980
100000066,62,816,-754
100000067,87,689,-602
100000068,247,1115,-868
100000069,135,1198,-1063
100000072,211,1136,-925
100000073,573,996,-423
100000075,177,196,-19
100000076,605,733,-128
100000077,302,24,278
100000078,100,13,87
100000079,43,5,38
100000080,3,9,-6
100000081,9,2,7
100000102,570,587,-17
100000103,1434,347,1087
100000104,2087,558,1529
100000105,2178,249,1929
100000106,870,496,374
100000107,160,126,34
100000108,443,916,-473
100000109,2227,815,1412
100000116,685,235,450
100000117,14,9,5
100000118,823,548,275
100000119,174,358,-184
100000121,75,392,-317
100000122,285,429,-144
100000123,2513,2353,160
100000124,6972,2537,4435
100000125,1944,260,1684
100000126,294,117,177
100000127,878,205,673
100000128,680,394,286
100000129,285,222,63
100000130,197,341,-144
100000131,3887,1715,2172
100000132,1521,517,1004
100000133,8877,2197,6680
100000135,116,350,-234
100000139,59,409,-350
100000140,149,150,-1
100000142,87,171,-84
100000143,362,549,-187
100000144,2600,699,1901
100000147,382,885,-503
100000150,16,275,-259
100000151,224,246,-22
100000153,245,80,165
100000154,25,65,-40
100000155,0,4,-4
100000156,52,9,43
100000157,26,56,-30
100000158,19,94,-75
100000159,81,151,-70
100000165,599,446,153
100000169,280,91,189
100000174,828,163,665
100000179,16,312,-296
100000180,315,926,-611
100000181,32,249,-217
100000188,42,230,-188
100000189,119,140,-21
100000190,150,151,-1
100000191,229,148,81
100000192,35,17,18
100000193,7,36,-29
100000330,1491,323,1168
100000355,38,338,-300
100000362,2692,2357,335
100000363,655,1282,-627
100000364,280,371,-91
100000365,1887,4539,-2652
100000366,2980,1916,1064
100000367,1151,2003,-852
100000368,1003,1320,-317
100000369,226,532,-306
100000370,36,146,-110
100000376,29,51,-22
100000379,960,554,406
100000380,1038,681,357
100000384,2906,1070,1836
100000385,2539,1927,612
100000386,4577,987,3590
100000387,4267,1734,2533
100000388,11348,1456,9892
100000389,8652,1512,7140
100000390,9163,1423,7740
100000391,4821,1466,3355
100000392,1855,570,1285
100000393,567,448,119
100000394,3492,1524,1968
100000395,1571,446,1125
100000396,2279,880,1399
100000397,1136,578,558
100000398,8061,5734,2327
100900002,0,0,0
100900003,24,44,-20
100900004,21,1062,-1041
100900005,10,3,7
100900006,0,0,0
100900007,16,1,15
100900008,3,559,-556
100900009,11,9,2
100900010,0,0,0
100900011,8,291,-283
100900012,2,359,-357
100900013,144,1,143
100900014,0,0,0
100900015,51,41,10
100900016,0,22,-22
100900017,112,68,44
100900018,0,0,0
100900019,0,0,0
100900020,26,0,26
100900021,900,3,897
100900022,0,0,0
100900023,0,0,0
100900024,5,0,5
100900025,0,0,0
100900026,5,100,-95
100900027,230,1277,-1047
100900028,11,69,-58
100900029,34,5,29
100900030,2,12,-10
100900031,65,8,57
100900032,41,1,40
100900033,74,44,30
100900034,64,0,64
100900035,28,0,28
100900036,0,0,0
100900037,0,239,-239
100900038,4,10,-6
100900039,72,536,-464
100900040,58,899,-841
100900041,45,823,-778
100900042,96,34,62
100900043,0,0,0
100900044,1221,173,1048
100900045,0,0,0
100900046,322,2,320
100900047,0,2,-2
100900048,2,0,2
100900049,4,140,-136
100900050,0,4,-4
100900051,9,14,-5
100900052,25,6,19
100900053,54,18,36
100900054,2,78,-76
100900055,64,47,17
100900056,1,14,-13
100900057,167,143,24
100900058,13,14,-1
100900059,9,0,9
100900060,19,6,13
100900061,63,131,-68
100900062,0,36,-36
100900063,9,144,-135
100900064,243,6,237
100900065,11,31,-20
100900066,1,9,-8
100900067,0,0,0
100900068,1,92,-91
100900069,17,1,16
100900070,67,2,65
100900071,252,126,126
100900072,1,32,-31
100900073,14,292,-278
100900074,0,2,-2
100900075,2855,113,2742
100900076,5,7,-2
100900077,0,0,0
100900078,6,27,-21
100900079,0,23,-23
100900080,0,0,0
100900081,3,8,-5
100900082,3,535,-532
100900083,1,16,-15
100900085,0,24,-24
100900086,9,109,-100
100900088,5,394,-389
100900089,0,7,-7
100900090,46,258,-212
100900091,0,0,0
100900092,19,32,-13
100900093,30,25,5
100900094,18,458,-440
100900095,0,9,-9
100900096,4,87,-83
100900097,0,0,0
100900098,0,29,-29
100900099,4,353,-349
100900100,1,57,-56
100900101,163,9,154
100900102,1,7,-6
100900103,0,8,-8
100900104,6,77,-71
100900105,2,12,-10
100900106,8,1,7
100900107,1010,180,830
100900108,0,0,0
100900109,2,9,-7
100900110,0,0,0
100900111,40,74,-34
100900112,0,0,0
100900113,0,18,-18
100900114,0,12,-12
100900115,0,0,0
100900116,232,66,166
100900117,81,80,1
100900118,2,26,-24
100900119,0,13,-13
100900120,0,0,0
100900121,156,35,121
100900122,54,138,-84
100900123,2,14,-12
100900124,0,7,-7
100900125,2,33,-31
100900126,1,12,-11
100900127,0,0,0
100900128,32,71,-39
100900129,0,36,-36
100900131,16,50,-34
100900133,0,13,-13
100900134,0,2,-2
100900135,0,17,-17
100900137,169,132,37
100900138,27,39,-12
100900139,0,1,-1
100900140,2,745,-743
100900141,0,68,-68
100900142,0,0,0
100900143,526,132,394
100900144,5,2,3
100900145,1,37,-36
100900146,0,3,-3
100900147,2,104,-102
100900148,20,873,-853
100900149,1,7,-6
100900150,0,4,-4
100900151,28,397,-369
100900152,0,0,0
100900153,0,74,-74
100900154,0,2,-2
100900155,0,2,-2
100900156,0,0,0
100900157,0,43,-43
100900158,963,224,739
100900159,2,0,2
100900160,0,0,0
100900161,0,0,0
100900162,0,71,-71
100900163,25,107,-82
100900164,1,8,-7
100900165,14,28,-14
100900166,0,0,0
100900167,9,60,-51
100900168,0,29,-29
100900169,146,1460,-1314
100900170,0,0,0
100900171,11,754,-743
100900172,0,3,-3
100900173,4,497,-493
100900174,9,4,5
100900176,510,11,499
100900177,706,90,616
100900178,1,63,-62
100900179,9,14,-5
100900180,0,0,0
100900181,0,0,0
100900182,0,0,0
100900184,0,0,0
100900186,560,214,346
100900187,1,111,-110
100900188,44,9,35
100900189,299,45,254
100900191,748,214,534
100900192,61,62,-1
100900195,22,92,-70
100900197,0,0,0
100900198,4,59,-55
100900199,0,0,0
100900200,313,191,122
100900201,10,770,-760
100900202,0,0,0
100900203,0,27,-27
100900204,94,53,41
100900205,65,76,-11
100900206,24,10,14
100900207,33,50,-17
100900210,37,499,-462
100900211,89,11,78
100900213,3,0,3
100900214,718,23,695
100900215,0,3,-3
101000001,2725,784,1941
101000002,1960,1024,936
101000003,492,383,109
101000004,6454,2060,4394
101000005,4006,2394,1612
101000006,5642,3113,2529
101000007,1758,1493,265
101000008,2018,1198,820
101000009,525,1479,-954
101000010,347,844,-497
101000011,1279,286,993
101000012,571,191,380
101000013,273,310,-37
101000014,211,222,-11
101000015,422,628,-206
101000016,95,194,-99
101000017,200,297,-97
101000018,1577,1318,259
101000020,2293,664,1629
101000021,428,142,286
101000022,499,56,443
101000023,972,518,454
101000025,61,106,-45
101000026,226,20,206
101000027,891,875,16
101000028,14,35,-21
101000029,5,194,-189
101000030,422,49,373
101000031,251,49,202
101000032,2303,1051,1252
101000033,1699,704,995
101000034,1076,443,633
101000035,1002,158,844
101000036,619,193,426
101000037,2184,465,1719
101000039,1854,325,1529
101000040,2811,811,2000
101000041,4978,644,4334
101000042,359,188,171
101000043,6531,874,5657
101000045,460,70,390
101000046,1122,610,512
101000047,519,591,-72
101000048,440,218,222
101000049,375,250,125
101000050,1501,445,1056
101000051,3067,577,2490
101000052,948,317,631
101000053,395,481,-86
101000054,1021,603,418
101000055,1043,555,488
101000056,69,29,40
101000057,2371,288,2083
101000058,1361,257,1104
101000059,1449,348,1101
101000060,1196,96,1100
101000061,403,144,259
101000062,1185,137,1048
101000063,88,33,55
101000064,665,147,518
101000065,57,165,-108
101000066,31,22,9
101000067,368,183,185
101000068,117,67,50
101000069,182,58,124
101000070,1597,432,1165
101000071,1211,283,928
101000072,1030,1491,-461
101000073,181,83,98
101000074,3230,874,2356
101000075,6055,1753,4302
101000077,794,596,198
101000078,753,903,-150
101000079,242,1455,-1213
101000080,401,1300,-899
101000081,427,571,-144
101000082,2353,1417,936
101000083,569,679,-110
101000084,819,901,-82
101000085,720,347,373
101000086,858,809,49
101000087,545,811,-266
101000088,356,379,-23
101000089,349,525,-176
101000090,1779,869,910
101000091,158,808,-650
101000092,570,641,-71
101000093,751,458,293
101000094,361,784,-423
101000095,116,543,-427
101000096,87,316,-229
101000097,110,161,-51
101000098,115,250,-135
101000099,590,579,11
101000100,387,271,116
101000101,189,172,17
101000102,294,117,177
101000103,346,334,12
101000104,67,167,-100
101000105,223,38,185
101000106,86,76,10
101000107,32,127,-95
101000108,954,218,736
101000109,41,30,11
101000110,13,459,-446
101000111,21,62,-41
101000113,50,131,-81
101000114,1242,585,657
101000115,3,21,-18
101000116,0,22,-22
101000117,23,58,-35
101000119,158,9,149
101000120,126,8,118
101000121,20,3,17
101000122,21,22,-1
101000123,10,46,-36
101000124,277,660,-383
101000125,116,273,-157
101000128,541,175,366
101000130,314,134,180
101000131,254,347,-93
101000132,145,1282,-1137
101000135,35,5,30
101000136,183,91,92
101000137,38,116,-78
101000141,1658,637,1021
101000147,276,298,-22
101000148,2245,51,2194
101000149,0,1,-1
101000150,5,757,-752
101000151,58,37,21
101000152,151,176,-25
101000153,350,315,35
101000154,77,1607,-1530
101000155,62,83,-21
101000156,5,166,-161
101000157,21,16,5
101000160,5,4,1
101000163,2,1,1
101000164,323,195,128
101000165,111,102,9
101000166,93,175,-82
101000168,247,152,95
101000252,308,298,10
101000254,229,12,217
101000258,23,34,-11
101000261,133,190,-57
101000262,162,402,-240
101000263,53,322,-269
101000265,14,279,-265
101000266,150,116,34
101000269,115,11,104
101000290,687,495,192
101000293,2,33,-31
101000294,206,311,-105
101000295,41,273,-232
101000301,362,82,280
101000304,1178,1186,-8
101000305,1072,992,80
101900001,5,31,-26
101900002,0,6,-6
101900003,19,83,-64
101900004,3,30,-27
101900005,4199,450,3749
101900006,360,4,356
101900007,163,5,158
101900008,71,17,54
101900009,9,52,-43
101900010,475,103,372
101900011,124,76,48
101900012,17,16,1
101900013,737,27,710
101900017,21,31,-10
101900018,597,14,583
101900019,36,43,-7
101900020,442,53,389
101900021,0,13,-13
101900022,13,910,-897
101900023,10,169,-159
102000001,907,2030,-1123
102000002,1380,708,672
102000003,2141,1584,557
102000004,5408,1099,4309
102000005,868,1252,-384
102000006,1079,528,551
102000007,1248,2270,-1022
102000008,4992,949,4043
102000009,3860,3666,194
102000010,4750,1703,3047
102000011,1308,1269,39
102000012,1517,1731,-214
102000018,2356,713,1643
102000019,1484,498,986
102000026,184,115,69
102000029,334,97,237
102000030,36,107,-71
102000031,9,131,-122
102000032,125,198,-73
102000033,31,242,-211
102000034,276,161,115
102000035,612,232,380
102000036,2,65,-63
102000037,120,66,54
102000038,53,66,-13
102000039,9,19,-10
102000040,246,29,217
102000041,22,42,-20
102000042,31,32,-1
102000043,60,101,-41
102000044,78,231,-153
102000045,427,514,-87
102000046,515,190,325
102000047,313,627,-314
102000048,61,280,-219
102000049,314,237,77
102000050,421,643,-222
102000051,201,193,8
102000052,569,585,-16
102000053,187,410,-223
102000054,116,355,-239
102000055,362,520,-158
102000056,176,380,-204
102000057,533,129,404
102000058,546,834,-288
102000059,488,726,-238
102000060,302,284,18
102000061,363,1730,-1367
102000062,277,502,-225
102000063,631,746,-115
102000064,204,312,-108
102000065,23,80,-57
102000066,828,895,-67
102000067,2450,1539,911
102000068,4149,1555,2594
102000069,6,694,-688
102000070,1947,58,1889
102000071,3889,5880,-1991
102000072,2329,3880,-1551
102000073,104,500,-396
102000074,138,725,-587
102000075,31,185,-154
102000076,51,409,-358
102000077,136,958,-822
102000078,241,1003,-762
102000079,38,200,-162
102000080,143,148,-5
102000081,103,490,-387
102000082,268,165,103
102000083,94,519,-425
102000084,23,184,-161
102000085,982,791,191
102000086,554,538,16
102000087,346,1342,-996
102000088,97,158,-61
102000089,234,298,-64
102000090,116,624,-508
102000091,634,233,401
102000092,366,433,-67
102000093,316,279,37
102000094,343,99,244
102000095,487,637,-150
102000096,721,211,510
102000097,1709,947,762
102000098,253,641,-388
102000099,717,320,397
102000100,287,279,8
102000101,553,184,369
102000102,430,352,78
102000103,1085,166,919
102000104,872,226,646
102000105,63,798,-735
102000106,182,885,-703
102000107,186,245,-59
102000108,208,358,-150
102000109,118,334,-216
102000110,109,692,-583
102000111,2,72,-70
102000112,51,41,10
102000113,4,45,-41
102000114,375,135,240
102000115,114,91,23
102000116,52,115,-63
102000117,46,344,-298
102000118,602,555,47
102000119,1528,281,1247
102000120,36,201,-165
102000121,326,337,-11
102000122,93,338,-245
102000123,802,387,415
102000124,690,399,291
102000125,360,290,70
102000126,271,339,-68
102000127,385,311,74
102000128,242,702,-460
102000129,327,500,-173
102000130,159,447,-288
102000131,235,362,-127
102000132,128,243,-115
102000133,538,2019,-1481
102000134,247,412,-165
102000135,800,269,531
102000136,617,124,493
102000137,658,447,211
102000138,156,282,-126
102000139,24,258,-234
102000140,110,181,-71
102000141,77,477,-400
102000142,58,227,-169
102000143,11,299,-288
102000144,29,310,-281
102000145,76,244,-168
102000146,225,213,12
102000147,201,117,84
102000148,69,53,16
102000149,58,405,-347
102000150,26,148,-122
102000151,33,191,-158
102000152,56,118,-62
102000153,303,140,163
102000154,192,305,-113
102000155,32,175,-143
102000156,163,35,128
102000157,33,103,-70
102000158,85,46,39
102000159,1362,45,1317
102000161,2863,422,2441
102000162,191,56,135
102000163,21,113,-92
102000164,519,203,316
102000165,168,78,90
102000166,7,47,-40
102000167,47,119,-72
102000168,78,64,14
102000169,30,165,-135
102000170,481,60,421
102000171,67,41,26
102000172,4,89,-85
102000173,119,82,37
102000174,18,61,-43
102000175,21,53,-32
102000176,8,10,-2
102000178,54,453,-399
102000179,53,108,-55
102000180,140,428,-288
102000181,72,520,-448
102000182,220,647,-427
102000183,334,720,-386
102000184,356,1000,-644
102000185,438,521,-83
102000186,277,1889,-1612
102000187,161,1517,-1356
102000188,65,544,-479
102000189,2776,672,2104
102000190,324,740,-416
102000191,776,166,610
102000192,277,628,-351
102000193,7,115,-108
102000194,23,98,-75
102000195,116,389,-273
102000196,20,361,-341
102000197,90,413,-323
102000198,36,670,-634
102000199,124,384,-260
102000200,69,792,-723
102000201,125,397,-272
102000202,2,88,-86
102000203,48,245,-197
102000204,78,407,-329
102000205,209,306,-97
102000206,177,591,-414
102000207,131,215,-84
102000208,76,435,-359
102000209,17,39,-22
102000210,51,474,-423
102000211,70,515,-445
102000212,26,6,20
102000213,3,339,-336
102000214,14,2,12
102000215,4,440,-436
102000216,3,4,-1
102000217,12,219,-207
102000218,35,10,25
102000219,230,329,-99
102000225,106,42,64
102000226,803,41,762
102000227,6,0,6
102000228,0,123,-123
102000229,7,27,-20
102000230,45,300,-255
102000231,113,169,-56
102000232,4,51,-47
102000233,190,295,-105
102000234,18,260,-242
102000236,222,51,171
102000237,115,145,-30
102000238,67,117,-50
102000240,344,380,-36
102000241,177,50,127
102000243,4,29,-25
102000245,8,33,-25
102000246,0,12,-12
102000247,108,410,-302
102000248,61,198,-137
102000249,43,136,-93
102000250,23,278,-255
102000254,9,244,-235
102000266,16,126,-110
102000271,2,0,2
102000286,183,122,61
102000297,688,356,332
102000300,0,0,0
102000301,0,0,0
102000305,0,1,-1
102000306,0,0,0
102000307,0,7,-7
102000308,0,3,-3
102900001,305,199,106
102900002,74,8,66
102900003,3,222,-219
102900005,51,72,-21
102900006,72,57,15
102900007,69,5,64
102900008,39,29,10
102900009,0,0,0
102900010,114,192,-78
102900011,1707,143,1564
102900012,109,31,78
102900013,0,0,0
102900015,249,68,181
102900016,0,0,0
102900017,0,0,0
102900018,0,0,0
102900019,46,188,-142
102900020,11,22,-11
102900021,0,0,0
102900022,196,33,163
102900023,0,0,0
102900024,1,33,-32
102900025,0,0,0
102900026,193,322,-129
102900027,8,25,-17
102900028,32,82,-50
102900029,31,37,-6
102900030,43,72,-29
102900031,11,56,-45
102900032,1,93,-92
102900033,0,0,0
102900034,41,41,0
102900035,21,375,-354
102900036,30,345,-315
102900037,17,441,-424
102900038,130,291,-161
102900039,6,162,-156
102900040,71,116,-45
102900041,23,90,-67
102900042,66,239,-173
102900043,57,232,-175
102900044,192,1430,-1238
102900045,54,304,-250
102900046,23,241,-218
102900047,23,495,-472
102900048,211,644,-433
102900049,38,222,-184
102900050,105,276,-171
102900051,74,126,-52
102900052,0,0,0
102900053,92,434,-342
102900054,258,398,-140
102900055,0,0,0
102900056,53,297,-244
102900057,0,0,0
102900058,131,6,125
102900059,0,0,0
102900060,19,246,-227
102900061,61,353,-292
102900062,21,1296,-1275
102900063,117,150,-33
102900064,45,103,-58
102900065,324,224,100
102900066,70,8,62
102900068,27,37,-10
102900070,45,532,-487
102900072,5,13,-8
102900073,62,4,58
102900074,51,33,18
102900075,0,0,0
102900076,0,0,0
102900077,0,0,0
102900078,0,0,0
102900079,55,3,52
102900080,37,12,25
102900081,23,121,-98
102900082,19,105,-86
102900083,0,0,0
102900084,0,0,0
102900085,0,0,0
102900086,0,0,0
102900087,4,64,-60
102900088,3,32,-29
102900089,111,81,30
102900090,4,490,-486
102900091,17,3,14
102900092,55,923,-868
102900093,72,49,23
102900094,0,22,-22
102900095,6,1,5
102900096,10,4,6
102900097,6,154,-148
103000001,1159,1607,-448
103000002,816,1057,-241
103000003,1802,1484,318
103000004,533,474,59
103000005,1145,837,308
103000006,199,512,-313
103000007,152,453,-301
103000008,299,770,-471
103000009,199,454,-255
103000010,30,86,-56
103000011,1175,615,560
103000012,586,403,183
103000013,5419,1354,4065
103000014,717,627,90
103000015,1953,635,1318
103000016,175,326,-151
103000017,30,68,-38
103000018,594,210,384
103000019,25,46,-21
103000020,747,863,-116
103000021,396,403,-7
103000022,395,993,-598
103000023,186,484,-298
103000024,75,104,-29
103000025,16,41,-25
103000026,1386,49,1337
103000027,107,67,40
103000028,546,148,398
103000029,502,44,458
103000030,1817,267,1550
103000031,696,461,235
103000032,848,1054,-206
103000033,1362,1005,357
103000034,1183,469,714
103000035,228,408,-180
103000036,319,146,173
103000037,468,257,211
103000038,326,306,20
103000039,52,318,-266
103000040,104,804,-700
103000041,726,2144,-1418
103000042,276,557,-281
103000043,162,851,-689
103000044,95,190,-95
103000046,108,128,-20
103000047,163,358,-195
103000048,59,90,-31
103000049,51,114,-63
103000050,164,483,-319
103000051,125,290,-165
103000052,338,294,44
103000053,54,210,-156
103000054,875,576,299
103000055,611,927,-316
103000056,239,1166,-927
103000057,259,220,39
103000058,133,575,-442
103000059,168,419,-251
103000060,391,619,-228
103000061,177,447,-270
103000062,309,542,-233
103000063,267,358,-91
103000064,47,264,-217
103000065,2,193,-191
103000066,19,8,11
103000069,28,305,-277
103000070,287,943,-656
103000071,304,137,167
103000072,47,925,-878
103000073,134,81,53
103000074,123,43,80
103000075,80,952,-872
103000076,37,54,-17
103000077,16,369,-353
103000078,402,78,324
103000079,1062,246,816
103000080,327,77,250
103000081,220,350,-130
103000082,161,75,86
103000083,31,282,-251
103000084,0,0,0
103000085,3,54,-51
103000086,154,110,44
103000087,38,204,-166
103000088,103,245,-142
103000089,79,168,-89
103000090,781,762,19
103000091,182,275,-93
103000092,69,180,-111
103000093,193,465,-272
103000094,45,97,-52
103000095,22,355,-333
103000096,244,67,177
103000097,30,573,-543
103000098,458,43,415
103000099,100,428,-328
103000100,33,826,-793
103000101,205,94,111
103000102,56,577,-521
103000103,140,109,31
103000104,5,94,-89
103000105,32,37,-5
103000106,5,85,-80
103000107,162,11,151
103000108,262,389,-127
103000109,165,244,-79
103000110,225,269,-44
103000111,231,270,-39
103000112,129,156,-27
103000113,242,369,-127
103000114,288,244,44
103000115,211,279,-68
103000116,121,311,-190
103000117,59,326,-267
103000118,744,802,-58
103000119,1718,527,1191
103000120,17,96,-79
103000121,56,260,-204
103000122,33,62,-29
103000125,2,445,-443
103000126,87,0,87
103000127,0,263,-263
103000128,32,1,31
103000129,0,168,-168
103000130,18,7,11
103000131,154,36,118
103000132,55,35,20
103000133,6,193,-187
103000134,225,233,-8
103000135,859,82,777
103000136,464,172,292
103000137,267,307,-40
103000138,384,213,171
103000139,0,28,-28
103000140,42,14,28
103000141,13,96,-83
103000142,48,32,16
103000143,18,198,-180
103000144,41,78,-37
103000145,2,31,-29
103000150,26,30,-4
103000152,76,144,-68
103000153,29,90,-61
103000156,3,456,-453
103000157,70,4,66
103000159,35,58,-23
103000162,11,1,10
103000163,0,5,-5
103000164,1,0,1
103000165,91,297,-206
103000166,12,43,-31
103000167,23,72,-49
103000168,35,118,-83
103000169,38,46,-8
103000170,384,437,-53
103000171,10,67,-57
103000172,140,678,-538
103000173,74,485,-411
103000174,85,131,-46
103000175,92,464,-372
103000176,414,94,320
103000177,447,238,209
103000178,248,166,82
103000179,39,9,30
103000183,14,43,-29
103000185,27,31,-4
103000186,39,86,-47
103000187,85,530,-445
103000188,6,74,-68
103000189,246,748,-502
103000191,253,419,-166
103000292,2125,225,1900
103000293,1027,347,680
103000295,27,55,-28
103000296,25,1,24
103000297,33,3,30
103000504,45,7,38
103000505,3,2,1
103000506,2,96,-94
103000507,34,1,33
103000508,19,22,-3
103000509,71,413,-342
103900001,1,88,-87
103900002,1075,74,1001
103900003,956,23,933
103900004,13,0,13
103900005,2,232,-230
103900006,0,0,0
103900007,0,1,-1
103900008,0,0,0
103900009,17,128,-111
103900010,39,218,-179
103900011,27,209,-182
103900012,0,10,-10
103900013,8,52,-44
103900014,6,8,-2
103900015,4,4,0
103900016,91,284,-193
103900017,10,79,-69
103900018,329,77,252
103900019,5,44,-39
103900020,41,89,-48
103900021,41,2,39
103900022,244,336,-92
103900023,11,0,11
103900024,41,688,-647
103900025,2,22,-20
103900026,0,0,0
103900027,84,127,-43
103900028,9,132,-123
103900029,312,117,195
103900030,16,5,11
103900031,3,0,3
103900032,17,3,14
103900033,8,1,7
103900034,5,190,-185
103900035,18,44,-26
103900036,6,1,5
103900037,3,13,-10
103900038,6,20,-14
103900039,4,362,-358
103900040,0,129,-129
103900041,0,11,-11
103900042,8,363,-355
103900043,16,76,-60
103900044,163,13,150
103900045,39,102,-63
103900047,5,48,-43
103900048,10,12,-2
103900049,135,777,-642
103900050,2,60,-58
103900051,5,15,-10
103900052,37,426,-389
103900053,34,984,-950
103900054,12,506,-494
103900055,75,117,-42
103900056,7,34,-27
103900057,3,251,-248
103900058,26,593,-567
103900059,0,1,-1
103900060,1,180,-179
103900061,4,17,-13
103900062,40,43,-3
103900063,0,0,0
103900064,4,0,4
103900065,378,186,192
103900066,14,2,12
103900067,3,0,3
103900068,0,0,0
103900069,2,0,2
103900070,20,152,-132
103900071,10,174,-164
103900072,1,249,-248
103900073,3,6,-3
103900074,9,67,-58
103900075,4,54,-50
103900076,132,514,-382
103900077,39,9,30
103900078,13,104,-91
103900079,19,181,-162
103900080,0,4,-4
103900081,0,0,0
103900082,2,42,-40
103900083,1368,65,1303
103900084,2,73,-71
103900085,23,37,-14
103900086,71,152,-81
103900087,18,50,-32
103900088,119,41,78
103900089,24,102,-78
103900090,0,97,-97
103900091,331,108,223
103900092,53,270,-217
103900093,54,361,-307
103900094,7,98,-91
103900095,23,72,-49
103900096,8,270,-262
103900097,0,326,-326
103900098,83,41,42
103900099,8,260,-252
103900100,38,297,-259
103900101,19,439,-420
103900102,0,11,-11
103900104,4,8,-4
103900105,47,91,-44
103900106,0,4,-4
103900107,5,124,-119
103900108,6,295,-289
103900109,3,46,-43
103900110,66,29,37
103900111,11,657,-646
103900112,2,33,-31
103900113,76,88,-12
103900114,312,155,157
103900115,204,28,176
103900116,3809,260,3549
103900117,139,128,11
103900119,10,11,-1
103900120,1,46,-45
103900122,14,257,-243
103900123,620,197,423
103900124,11,14,-3
103900125,29,56,-27
103900126,63,289,-226
103900127,45,687,-642
103900128,10,184,-174
103900131,3,62,-59
103900133,248,8,240
103900134,0,0,0
103900135,0,1,-1
103900137,0,10,-10
103900138,3,86,-83
103900139,38,335,-297
103900140,0,0,0
103900141,73,50,23
103900142,0,43,-43
103900143,0,2,-2
103900144,0,14,-14
103900145,62,307,-245
103900146,78,214,-136
103900147,96,102,-6
103900148,24,134,-110
103900149,4,529,-525
103900150,4693,624,4069
103900151,13,91,-78
103900152,24,608,-584
103900153,0,0,0
103900154,860,171,689
103900155,13,95,-82
103900156,4,77,-73
103900157,5,185,-180
103900158,13,146,-133
103900159,7,41,-34
103900160,21,4,17
103900161,30,87,-57
103900162,30,174,-144
103900163,1,214,-213
103900164,19,11,8
103900167,1,11,-10
103900168,14,71,-57
103900169,6,7,-1
103900170,2,78,-76
103900171,1,50,-49
103900172,8,17,-9
103900173,1,2,-1
103900174,13,36,-23
103900175,18,13,5
103900176,2,2,0
103900177,0,26,-26
103900178,7,72,-65
103900179,8,230,-222
103900180,1,99,-98
103900181,34,15,19
103900182,17,6,11
103900184,464,11,453
103900185,163,34,129
103900187,51,5,46
103900188,8,1,7
103900189,38,3,35
103900190,8,15,-7
103900191,2,30,-28
103900192,9,31,-22
103900193,90,78,12
103900194,17,275,-258
103900195,2,7,-5
103900196,0,10,-10
103900197,1,19,-18
103900198,21,28,-7
103900199,30,53,-23
103900200,15,117,-102
103900201,29,143,-114
103900202,1,24,-23
103900203,6,6,0
103900204,0,81,-81
103900207,0,89,-89
103900208,7,1,6
103900209,2,84,-82
103900210,3,14,-11
103900211,113,467,-354
103900212,22,393,-371
103900213,20,116,-96
103900214,0,0,0
103900215,586,160,426
103900216,6,698,-692
103900217,32,7,25
103900218,1,71,-70
103900219,3,126,-123
103900233,38,1,37
103900235,11,2,9
103900236,8,4,4
103900242,0,1,-1
103900243,0,0,0
103900244,7,207,-200
103900245,7,156,-149
103900246,8,14,-6
103900247,14,42,-28
103900248,0,0,0
103900249,1,4,-3
103900250,7,8,-1
103900251,1,3,-2
103900253,5,13,-8
103900254,5,5,0
103900255,3,4,-1
103900256,3,2,1
103900257,15,28,-13
103900258,6,1,5
103900259,30,0,30
103900261,0,1,-1
103900262,1,0,1
103900263,9,2,7
103900264,11,1,10
103900265,4,1,3
103900266,0,18,-18
103900267,3,21,-18
104000001,987,1463,-476
104000002,829,1757,-928
104000003,1344,1344,0
104000004,2439,1578,861
104000005,467,985,-518
104000006,1348,1741,-393
104000007,2110,1989,121
104000008,174,450,-276
104000009,48,129,-81
104000010,35,83,-48
104000011,632,474,158
104000012,54,505,-451
104000013,27,42,-15
104000014,138,656,-518
104000015,60,45,15
104000016,101,345,-244
104000018,218,75,143
104000019,155,56,99
104000020,56,857,-801
104000021,139,684,-545
104000022,41,221,-180
104000023,191,195,-4
104000024,53,155,-102
104000026,5,64,-59
104000027,79,402,-323
104000028,82,126,-44
104000029,153,542,-389
104000030,54,139,-85
104000031,153,118,35
104000032,64,331,-267
104000033,129,179,-50
104000034,113,447,-334
104000035,146,316,-170
104000036,222,479,-257
104000037,126,293,-167
104000038,150,129,21
104000039,73,357,-284
104000040,301,404,-103
104000041,202,173,29
104000042,86,352,-266
104000043,118,283,-165
104000044,81,573,-492
104000045,335,985,-650
104000046,826,832,-6
104000047,243,969,-726
104000048,918,1598,-680
104000049,89,163,-74
104000050,72,325,-253
104000051,41,544,-503
104000052,318,861,-543
104000053,273,381,-108
104000054,125,557,-432
104000055,2564,1752,812
104000056,978,95,883
104000057,30,433,-403
104000058,313,544,-231
104000059,141,712,-571
104000060,159,659,-500
104000061,378,920,-542
104000062,38,18,20
104000064,401,158,243
104000065,60,167,-107
104000069,1075,246,829
104000070,22,207,-185
104000071,61,321,-260
104000072,60,24,36
104000075,9,112,-103
104000076,206,27,179
104000082,955,1158,-203
104000083,347,94,253
104000084,47,343,-296
104000085,30,91,-61
104000086,81,378,-297
104000087,157,267,-110
104000090,259,1266,-1007
104000092,243,2042,-1799
104000094,348,1580,-1232
104000095,873,955,-82
104000096,224,496,-272
104000097,318,481,-163
104000098,317,764,-447
104000100,263,434,-171
104000101,504,1040,-536
104000106,136,248,-112
104000107,151,372,-221
104000108,170,436,-266
104000109,76,26,50
104000110,405,510,-105
104000111,3302,675,2627
104000112,1537,390,1147
104000116,1,1496,-1495
104000117,8,814,-806
104000118,115,166,-51
104000119,102,124,-22
104000120,14,896,-882
104000121,90,372,-282
104000122,261,521,-260
104000123,443,564,-121
104000124,1252,1387,-135
104000125,4893,1419,3474
104000126,194,397,-203
104000127,1041,2287,-1246
104000128,257,336,-79
104000129,27,0,27
104000130,1,102,-101
104000131,910,522,388
104000132,444,764,-320
104000133,556,480,76
104000134,558,827,-269
104000135,218,415,-197
104000136,609,931,-322
104000137,1182,112,1070
104000138,914,164,750
104000139,8678,1654,7024
104000141,1010,1352,-342
104000142,269,844,-575
104000143,245,825,-580
104000144,18,77,-59
104000145,138,71,67
104000146,433,416,17
104000147,53,285,-232
104000148,82,44,38
104000149,91,414,-323
104000150,206,157,49
104000151,214,772,-558
104000152,143,1066,-923
104000153,48,205,-157
104000154,756,793,-37
104000155,88,262,-174
104000157,700,1388,-688
104000158,84,159,-75
104000159,232,211,21
104000160,1017,778,239
104000161,82,44,38
104000162,20,39,-19
104000165,457,377,80
104000167,99,197,-98
104000168,179,0,179
104000169,0,0,0
104000170,968,152,816
104000248,0,470,-470
104000251,25,253,-228
104000272,2,0,2
104000273,0,1,-1
104000274,0,0,0
104000275,3,0,3
104000279,483,382,101
104000290,40,236,-196
104000291,499,496,3
104000293,279,445,-166
104000294,0,0,0
104000295,174,573,-399
104000296,152,476,-324
104000297,600,1010,-410
104000298,1048,518,530
104000299,273,851,-578
104900001,10,109,-99
104900002,8,22,-14
104900003,21,333,-312
104900004,24,364,-340
104900005,43,70,-27
104900006,20,9,11
104900007,87,158,-71
104900009,22,376,-354
104900010,2,3,-1
104900011,0,0,0
104900012,9,0,9
104900013,9,1,8
104900014,2607,121,2486
104900015,9,0,9
104900016,32,273,-241
104900017,2,112,-110
104900018,2,163,-161
104900019,82,205,-123
104900020,15,158,-143
104900021,0,0,0
104900022,4,93,-89
104900023,0,0,0
104900024,10,63,-53
104900025,21,230,-209
104900026,0,0,0
104900027,51,23,28
104900028,19,60,-41
104900029,0,0,0
104900030,37,16,21
104900031,95,107,-12
104900032,12,124,-112
104900033,0,0,0
104900034,42,14,28
104900035,16,17,-1
104900036,18,16,2
104900037,29,168,-139
104900038,256,87,169
104900039,0,0,0
104900040,13,35,-22
104900041,0,0,0
104900042,43,249,-206
104900043,0,0,0
104900044,51,34,17
104900045,0,0,0
104900046,8,88,-80
104900047,34,24,10
104900048,18,43,-25
104900049,0,0,0
104900050,25,48,-23
104900051,8,16,-8
104900052,0,0,0
104900053,45,5,40
104900054,24,11,13
104900055,0,0,0
104900056,22,0,22
104900057,12,1,11
104900058,80,39,41
104900059,0,0,0
104900060,0,274,-274
104900061,96,507,-411
104900063,1,74,-73
104900064,0,73,-73
104900065,0,58,-58
104900066,0,118,-118
104900067,1,152,-151
104900068,14,185,-171
104900070,19,283,-264
104900071,2,736,-734
104900072,14,158,-144
104900073,2,124,-122
104900074,15,182,-167
104900075,11,36,-25
104900076,39,407,-368
104900077,455,11,444
104900078,63,712,-649
104900079,40,57,-17
104900080,10,449,-439
104900082,2,61,-59
104900085,0,93,-93
104900087,43,0,43
104900089,0,0,0
104900090,95,61,34
104900091,181,623,-442
104900093,87,329,-242
104900097,2048,552,1496
104900098,15,8,7
104900099,13,199,-186
104900100,532,141,391
104900102,11,203,-192
104900103,235,68,167
104900104,1228,312,916
104900106,6,60,-54
104900107,29,314,-285
104900108,3,112,-109
104900109,7,92,-85
104900110,2,22,-20
104900111,27,27,0
104900112,86,693,-607
104900113,160,378,-218
104900114,65,688,-623
104900115,111,354,-243
104900116,20,252,-232
104900118,2,55,-53
104900119,1,30,-29
104900120,0,0,0
104900121,0,0,0
104900122,0,0,0
104900123,0,0,0
104900124,0,0,0
104900125,76,6,70
104900126,38,36,2
104900127,5,3,2
104900128,0,8,-8
104900129,1315,236,1079
105000001,1219,1346,-127
105000002,847,1130,-283
105000003,1117,2244,-1127
105000004,225,670,-445
105000005,386,689,-303
105000006,393,689,-296
105000007,360,623,-263
105000008,299,821,-522
105000009,440,998,-558
105000010,1712,1917,-205
105000011,757,709,48
105000012,2863,2601,262
105000013,352,395,-43
105000014,487,880,-393
105000015,4450,1903,2547
105000016,2850,1094,1756
105000017,758,702,56
105000018,530,498,32
105000019,694,445,249
105000020,85,243,-158
105000021,120,90,30
105000022,48,17,31
105000023,175,102,73
105000028,19,113,-94
105000029,182,415,-233
105000030,2639,2848,-209
105000033,593,1976,-1383
105000034,44,198,-154
105000037,350,550,-200
105000038,435,454,-19
105000039,2925,1782,1143
105000040,213,277,-64
105000041,392,1500,-1108
105000042,857,355,502
105000043,1690,2891,-1201
105000044,127,333,-206
105000045,271,1226,-955
105000046,154,240,-86
105000047,212,1465,-1253
105000048,103,60,43
105000049,223,674,-451
105000050,36,20,16
105000051,93,353,-260
105000052,91,610,-519
105000053,60,155,-95
105000054,53,725,-672
105000055,93,337,-244
105000056,303,2042,-1739
105000057,403,835,-432
105000058,560,1100,-540
105000059,103,208,-105
105000060,114,442,-328
105000061,82,200,-118
105000062,349,810,-461
105000063,126,568,-442
105000064,150,423,-273
105000065,103,872,-769
105000066,332,1737,-1405
105000067,214,220,-6
105000068,261,609,-348
105000069,1568,208,1360
105000070,452,480,-28
105000071,26,98,-72
105000072,166,176,-10
105000073,309,249,60
105000074,419,757,-338
105000075,290,477,-187
105000076,647,792,-145
105000077,1171,522,649
105000078,655,571,84
105000079,938,1143,-205
105000080,662,545,117
105000081,480,462,18
105000082,146,258,-112
105000083,292,327,-35
105000084,180,848,-668
105000085,404,424,-20
105000086,237,534,-297
105000087,1993,1189,804
105000088,513,376,137
105000089,2326,2075,251
105000090,840,931,-91
105000091,1446,1863,-417
105000092,282,1198,-916
105000093,220,112,108
105000094,124,106,18
105000095,21,258,-237
105000096,278,339,-61
105000097,480,432,48
105000098,157,288,-131
105000099,296,612,-316
105000100,560,617,-57
105000101,985,1748,-763
105000102,774,921,-147
105000103,680,1966,-1286
105000104,424,604,-180
105000105,317,1369,-1052
105000106,525,1491,-966
105000107,277,522,-245
105000108,370,1055,-685
105000109,555,1554,-999
105000110,196,590,-394
105000111,155,278,-123
105000112,395,507,-112
105000113,67,284,-217
105000114,2527,520,2007
105000115,104,317,-213
105000116,158,169,-11
105000117,315,1102,-787
105000118,52,151,-99
105000119,327,1169,-842
105000120,175,261,-86
105000121,409,879,-470
105000122,114,190,-76
105000123,459,971,-512
105000124,329,718,-389
105000125,192,1250,-1058
105000126,739,1675,-936
105000127,1017,1334,-317
105000128,114,840,-726
105000129,171,196,-25
105000130,36,280,-244
105000131,334,196,138
105000132,189,169,20
105000133,147,893,-746
105000134,161,212,-51
105000135,136,469,-333
105000136,10,81,-71
105000137,49,216,-167
105000138,34,171,-137
105000139,443,945,-502
105000140,29,135,-106
105000141,52,522,-470
105000142,29,147,-118
105000143,74,426,-352
105000144,124,467,-343
105000145,133,216,-83
105000146,138,445,-307
105000147,64,48,16
105000148,115,83,32
105000149,149,138,11
105000150,938,937,1
105000151,115,175,-60
105000152,29,494,-465
105000153,182,266,-84
105000154,145,728,-583
105000155,55,263,-208
105000156,383,667,-284
105000157,631,1510,-879
105000158,661,581,80
105000159,223,1187,-964
105000160,580,403,177
105000161,243,1738,-1495
105000162,193,539,-346
105000163,823,871,-48
105000164,110,241,-131
105000165,974,1250,-276
105000166,5920,137,5783
105000167,2109,706,1403
105000168,17,713,-696
105000169,86,452,-366
105000170,20,483,-463
105000171,606,293,313
105000172,0,0,0
105000173,1,2,-1
105000174,1,1,0
105000175,54,136,-82
105000176,24,36,-12
105000177,22,78,-56
105000178,17,239,-222
105000179,25,57,-32
105000180,30,77,-47
105000181,26,118,-92
105000182,19,42,-23
105000183,1818,537,1281
105000184,930,476,454
105000185,280,193,87
105000186,185,963,-778
105000187,103,76,27
105000188,20,35,-15
105000189,43,598,-555
105000190,13,40,-27
105000191,122,394,-272
105000192,17,63,-46
105000193,31,148,-117
105000194,65,49,16
105000195,108,957,-849
105000196,15,27,-12
105000197,71,553,-482
105000198,364,143,221
105000199,60,55,5
105000200,48,213,-165
105000201,25,5,20
105000203,3,206,-203
105000204,54,75,-21
105000205,45,180,-135
105000207,531,176,355
105000208,0,0,0
105000209,62,312,-250
105000212,319,1065,-746
105000213,156,114,42
105000214,12,134,-122
105000215,6,151,-145
105000216,64,378,-314
105000217,73,379,-306
105000218,166,543,-377
105000221,41,244,-203
105000222,5,25,-20
105000223,18,120,-102
105000226,17,131,-114
105000227,20,81,-61
105000228,86,546,-460
105000229,13,65,-52
105000231,0,0,0
105000233,223,269,-46
105000234,360,1073,-713
105000235,82,190,-108
105000237,148,20,128
105000243,14,151,-137
105000248,62,33,29
105000262,73,1639,-1566
105000269,59,121,-62
105000270,77,119,-42
105000271,0,210,-210
105000282,25,32,-7
105000287,177,43,134
105000288,87,206,-119
105000289,274,325,-51
105000290,0,0,0
105000402,4005,1315,2690
105000426,186,234,-48
105000438,270,287,-17
105000446,9255,2893,6362
105000447,6107,1749,4358
105000454,46,346,-300
105000455,68,131,-63
105000474,0,0,0
105000477,50,166,-116
105000478,414,558,-144
105000479,19,91,-72
105000480,691,654,37
105000481,761,939,-178
105000482,2606,1801,805
105000483,346,644,-298
105000484,1275,1757,-482
105000485,607,844,-237
105000486,1756,1725,31
105000488,1780,1732,48
105000489,131,421,-290
105000549,2,25,-23
105000550,223,687,-464
105000551,3,36,-33
105000552,2256,1145,1111
105900001,1,452,-451
105900002,1145,111,1034
105900003,2,52,-50
105900004,302,82,220
105900005,7,164,-157
105900006,4,35,-31
105900007,7,10,-3
105900008,17,695,-678
105900009,0,11,-11
105900011,26,53,-27
105900012,119,213,-94
105900013,0,14,-14
105900014,1,103,-102
105900015,57,223,-166
105900016,40,783,-743
105900017,156,36,120
105900018,108,146,-38
105900019,21,580,-559
105900020,10,25,-15
105900021,6,415,-409
105900022,102,232,-130
105900023,2,129,-127
105900024,1,195,-194
105900025,7,32,-25
105900026,136,27,109
105900027,2791,1025,1766
105900028,8,124,-116
105900029,1611,288,1323
105900030,85,235,-150
105900031,177,194,-17
105900032,12,128,-116
105900033,16,88,-72
105900034,37,190,-153
105900035,74,109,-35
105900036,12,93,-81
105900037,35,44,-9
105900038,51,145,-94
105900039,14,101,-87
105900040,11,67,-56
105900041,94,249,-155
105900042,9,60,-51
105900043,1007,32,975
105900044,1,89,-88
105900045,2,248,-246
105900046,1,90,-89
105900047,1,17,-16
105900048,6,338,-332
105900050,245,416,-171
105900051,0,853,-853
105900052,66,6,60
105900053,3430,331,3099
105900054,141,233,-92
105900056,750,51,699
105900057,9,137,-128
105900058,6,23,-17
105900059,0,4,-4
106000001,966,424,542
106000002,1433,2350,-917
106000003,1632,854,778
106000004,1693,1575,118
106000005,1328,1746,-418
106000006,4177,3373,804
106000007,226,256,-30
106000008,203,196,7
106000009,221,173,48
106000010,314,322,-8
106000011,246,549,-303
106000012,400,1264,-864
106000013,738,927,-189
106000014,1145,1315,-170
106000015,387,615,-228
106000016,621,1839,-1218
106000017,359,425,-66
106000018,238,638,-400
106000019,115,282,-167
106000020,68,327,-259
106000021,124,311,-187
106000022,150,353,-203
106000023,203,169,34
106000024,194,725,-531
106000025,82,116,-34
106000026,103,256,-153
106000027,156,314,-158
106000028,254,793,-539
106000029,451,1368,-917
106000030,643,172,471
106000034,197,462,-265
106000035,185,403,-218
106000036,262,237,25
106000037,755,1102,-347
106000038,174,54,120
106000039,79,41,38
106000040,92,444,-352
106000041,345,227,118
106000043,179,35,144
106000046,123,18,105
106000047,21,210,-189
106000049,82,42,40
106000050,128,649,-521
106000051,75,128,-53
106000052,63,645,-582
106000053,0,0,0
106000054,246,382,-136
106000055,181,272,-91
106000056,187,455,-268
106000057,0,0,0
106000058,74,224,-150
106000059,52,95,-43
106000060,406,528,-122
106000061,47,155,-108
106000062,109,498,-389
106000063,96,161,-65
106000064,29,420,-391
106000065,14,51,-37
106000066,35,373,-338
106000067,20,10,10
106000068,15,553,-538
106000069,20,32,-12
106000070,115,711,-596
106000071,75,159,-84
106000072,2897,609,2288
106000073,838,690,148
106000074,64,331,-267
106000075,81,502,-421
106000076,399,934,-535
106000077,1338,585,753
106000078,183,506,-323
106000079,160,752,-592
106000080,322,615,-293
106000081,168,579,-411
106000082,1086,603,483
106000083,102,586,-484
106000084,180,344,-164
106000085,579,536,43
106000086,138,327,-189
106000087,165,305,-140
106000088,77,509,-432
106000089,134,292,-158
106000090,77,415,-338
106000091,138,340,-202
106000092,105,99,6
106000093,44,23,21
106000094,69,350,-281
106000095,89,894,-805
106000096,158,497,-339
106000097,125,1084,-959
106000098,95,639,-544
106000099,34,717,-683
106000100,136,169,-33
106000101,119,160,-41
106000102,29,396,-367
106000103,125,505,-380
106000104,164,161,3
106000105,110,742,-632
106000106,139,191,-52
106000107,39,354,-315
106000108,36,165,-129
106000109,34,313,-279
106000110,75,161,-86
106000111,39,462,-423
106000112,45,178,-133
106000113,814,496,318
106000114,291,172,119
106000115,100,377,-277
106000116,96,126,-30
106000117,467,647,-180
106000118,446,439,7
106000119,2168,870,1298
106000120,469,247,222
106000121,61,115,-54
106000122,23,176,-153
106000123,78,188,-110
106000124,7,279,-272
106000125,2,319,-317
106000126,31,179,-148
106000127,186,709,-523
106000128,104,156,-52
106000129,180,515,-335
106000130,109,163,-54
106000131,38,345,-307
106000132,302,66,236
106000133,3243,529,2714
106000134,186,168,18
106000135,88,664,-576
106000136,114,126,-12
106000137,34,1258,-1224
106000138,79,13,66
106000139,0,0,0
106000140,2,96,-94
106000141,10,152,-142
106000142,0,0,0
106000143,15,124,-109
106000144,0,0,0
106000145,63,347,-284
106000146,0,0,0
106000147,134,295,-161
106000148,252,415,-163
106000149,162,201,-39
106000150,177,850,-673
106000151,2626,334,2292
106000152,785,385,400
106000153,37,521,-484
106000154,793,150,643
106000155,6,35,-29
106000156,166,185,-19
106000157,308,1438,-1130
106000158,1862,334,1528
106000159,3804,818,2986
106000160,89,601,-512
106000161,857,432,425
106000162,61,250,-189
106000163,71,463,-392
106000164,50,167,-117
106000165,70,638,-568
106000166,75,193,-118
106000167,111,1311,-1200
106000168,44,157,-113
106000169,53,799,-746
106000170,94,166,-72
106000171,34,777,-743
106000172,806,522,284
106000173,311,1949,-1638
106000174,108,146,-38
106000175,93,891,-798
106000176,264,283,-19
106000177,210,1808,-1598
106000178,988,629,359
106000179,497,1481,-984
106000180,513,1620,-1107
106000181,156,1613,-1457
106000182,164,450,-286
106000183,226,885,-659
106000184,516,806,-290
106000185,425,586,-161
106000186,338,103,235
106000187,106,442,-336
106000188,0,2,-2
106000189,2,19,-17
106000190,0,1,-1
106000191,167,140,27
106000192,0,27,-27
106000193,132,84,48
106000194,65,191,-126
106000195,97,41,56
106000196,51,194,-143
106000197,123,249,-126
106000198,44,224,-180
106000199,531,206,325
106000200,343,117,226
106000201,268,451,-183
106000202,5843,293,5550
106000203,97,147,-50
106000204,2,0,2
106000205,16,139,-123
106000206,10,3,7
106000207,34,747,-713
106000208,99,9,90
106000209,106,125,-19
106000210,127,1265,-1138
106000211,233,1406,-1173
106000212,97,34,63
106000213,302,687,-385
106000214,867,129,738
106000215,66,337,-271
106000216,128,155,-27
106000217,79,297,-218
106000218,133,137,-4
106000219,31,163,-132
106000220,167,149,18
106000221,43,246,-203
106000222,20,63,-43
106000223,16,38,-22
106000224,77,357,-280
106000225,15,21,-6
106000226,65,259,-194
106000228,3,84,-81
106000229,26,499,-473
106000231,136,81,55
106000232,10,367,-357
106000233,78,61,17
106000234,10,197,-187
106000235,50,33,17
106000236,32,29,3
106000237,0,7,-7
106000238,2,1,1
106000239,0,42,-42
106000240,3,0,3
106000241,14,466,-452
106000242,12,4,8
106000249,0,0,0
106000250,27,253,-226
106000251,4,10,-6
106000252,6,97,-91
106000253,4,39,-35
106000254,14,66,-52
106000255,0,43,-43
106000256,38,82,-44
106000257,42,270,-228
106000258,1,2,-1
106000259,0,10,-10
106000260,2,0,2
106000261,1,30,-29
106000262,15,0,15
106000263,1,35,-34
106000264,42,2,40
106000265,7,67,-60
106000266,47,3,44
106000267,1,63,-62
106000268,119,6,113
106000269,24,52,-28
106000270,67,270,-203
106000271,8,101,-93
106000272,35,45,-10
106000273,3,79,-76
106000274,111,41,70
106000275,47,104,-57
106000276,95,41,54
106000277,44,109,-65
106000278,104,32,72
106000279,1,67,-66
106000280,11,141,-130
106000281,51,69,-18
106000282,34,37,-3
106000283,14,72,-58
106000284,34,84,-50
106000285,61,151,-90
106000286,26,99,-73
106000287,24,99,-75
106000288,36,99,-63
106000289,18,78,-60
106000290,19,113,-94
106000291,22,68,-46
106000292,36,121,-85
106000293,37,72,-35
106000294,67,94,-27
106000295,16,33,-17
106000296,39,86,-47
106000297,85,98,-13
106000298,99,32,67
106000299,72,76,-4
106000300,22,42,-20
106000301,36,67,-31
106000303,4,28,-24
106000304,25,46,-21
106000305,21,17,4
106000306,39,51,-12
106000307,7,4,3
106000308,42,165,-123
106000309,12,92,-80
106000310,99,351,-252
106000311,91,74,17
106000312,19,130,-111
106000313,25,149,-124
106000318,105,93,12
106000319,103,11,92
106000320,1,30,-29
106000321,173,31,142
106000322,26,221,-195
106000324,12,93,-81
106000325,434,474,-40
106000326,502,1537,-1035
106000327,7,100,-93
106000328,1,50,-49
106000329,18,195,-177
106000330,23,42,-19
106000428,35,178,-143
106000429,26,413,-387
106000430,139,1246,-1107
106000431,271,167,104
106000432,583,1718,-1135
106000433,384,326,58
106000434,766,234,532
106000435,1660,1775,-115
106000436,8,368,-360
106000437,21,11,10
106000438,125,39,86
106000439,76,359,-283
106000440,71,363,-292
106000441,0,0,0
106000442,34,4,30
106000443,27,588,-561
106000450,2,141,-139
106000451,9,1,8
106000454,0,19,-19
106000455,8,79,-71
106000456,19,4,15
106000457,5,1047,-1042
106000458,44,33,11
106000459,31,376,-345
106000460,72,2,70
106000461,13,1867,-1854
106000462,0,3,-3
106000463,1,4,-3
106000464,2,531,-529
106000465,50,0,50
106000466,4,672,-668
106000467,334,334,0
106000468,19,155,-136
106000469,34,1,33
106000470,130,580,-450
106000471,6,437,-431
106000472,20,2,18
106000473,3,18,-15
106000474,123,638,-515
106000475,76,83,-7
106000476,164,116,48
106000477,8,36,-28
106900001,0,8,-8
106900002,1,539,-538
106900003,136,573,-437
106900004,1,28,-27
106900006,0,8,-8
106900007,0,4,-4
106900008,38,145,-107
106900009,30,245,-215
106900010,36,200,-164
106900012,721,299,422
106900013,65,6,59
106900014,3,1,2
106900015,2,0,2
106900016,15,0,15
106900017,0,1,-1
106900018,0,0,0
106900019,5,1,4
106900020,2024,300,1724
106900021,2,4,-2
106900022,27,0,27
106900023,1,162,-161
106900024,55,3,52
106900025,39,514,-475
106900026,1,873,-872
106900027,63,0,63
107000001,378,770,-392
107000002,1420,2391,-971
107000003,1494,2484,-990
107000004,3892,4979,-1087
107000005,635,1289,-654
107000006,2057,5840,-3783
107000007,2365,1837,528
107000008,16495,10067,6428
107000009,1784,1956,-172
107000010,7207,10113,-2906
107000011,569,984,-415
107000012,2448,2652,-204
107000013,16,143,-127
107000014,2,222,-220
107000015,119,742,-623
107000016,148,1026,-878
107000017,1150,543,607
107000018,2,134,-132
107000020,365,172,193
107000021,415,893,-478
107000022,239,1341,-1102
107000023,746,345,401
107000024,145,2002,-1857
107000025,52,247,-195
107000026,31,674,-643
107000027,461,483,-22
107000028,619,1137,-518
107000029,421,605,-184
107000030,1721,2269,-548
107000031,635,692,-57
107000032,95,237,-142
107000033,2896,2760,136
107000034,5199,1652,3547
107000035,123,89,34
107000036,194,618,-424
107000037,27,247,-220
107000038,192,180,12
107000039,239,262,-23
107000040,54,282,-228
107000041,679,314,365
107000042,284,923,-639
107000043,1797,352,1445
107000044,386,321,65
107000045,15,183,-168
107000046,179,163,16
107000047,144,568,-424
107000048,197,182,15
107000049,88,472,-384
107000050,179,219,-40
107000051,297,170,127
107000052,397,304,93
107000053,55,50,5
107000054,39,158,-119
107000055,6,9,-3
107000056,226,498,-272
107000057,988,126,862
107000058,357,532,-175
107000059,1093,2069,-976
107000060,1016,1679,-663
107000061,3144,3162,-18
107000062,740,1079,-339
107000063,1942,4806,-2864
107000064,759,786,-27
107000065,1687,5139,-3452
107000066,584,634,-50
107000067,323,424,-101
107000068,654,249,405
107000069,186,171,15
107000070,23,2,21
107000071,222,6,216
107000072,29,3107,-3078
107000073,76,52,24
107000074,82,711,-629
107000075,272,29,243
107000076,529,1701,-1172
107000077,453,66,387
107000078,758,2607,-1849
107000079,335,137,198
107000080,643,2511,-1868
107000081,242,161,81
107000082,213,2463,-2250
107000083,136,89,47
107000084,203,2535,-2332
107000085,1337,1787,-450
107000086,1939,1738,201
107000087,1105,1156,-51
107000088,1127,2116,-989
107000089,690,836,-146
107000090,490,623,-133
107000091,336,550,-214
107000092,239,719,-480
107000093,296,583,-287
107000094,288,873,-585
107000095,111,77,34
107000096,279,733,-454
107000097,55,46,9
107000098,180,266,-86
107000099,97,145,-48
107000100,186,193,-7
107000101,18,53,-35
107000102,231,218,13
107000103,63,73,-10
107000104,100,238,-138
107000105,56,48,8
107000106,101,202,-101
107000107,73,55,18
107000108,54,575,-521
107000109,0,0,0
107000110,11,579,-568
107000111,0,0,0
107000112,9,338,-329
107000113,0,0,0
107000114,20,567,-547
107000115,0,0,0
107000116,28,845,-817
107000117,0,0,0
107000118,44,227,-183
107000119,917,167,750
107000120,1844,326,1518
107000121,110,284,-174
107000122,328,608,-280
107000123,54,323,-269
107000124,156,738,-582
107000125,110,330,-220
107000126,144,698,-554
107000127,6,226,-220
107000129,35,114,-79
107000130,17,70,-53
107000131,149,258,-109
107000132,71,148,-77
107000133,63,71,-8
107000134,40,1,39
107000135,1,157,-156
107000136,65,3,62
107000137,2,262,-260
107000138,78,4,74
107000139,5,301,-296
107000140,275,9,266
107000141,62,706,-644
107000142,80,11,69
107000143,19,781,-762
107000144,161,84,77
107000145,42,417,-375
107000146,77,59,18
107000147,2043,458,1585
107000150,553,669,-116
107000151,16,37,-21
107000152,189,150,39
107000153,178,182,-4
107000154,23,33,-10
107000155,142,12,130
107000156,314,4,310
107000157,12,2507,-2495
107000158,67,4,63
107000159,17,837,-820
107000160,133,32,101
107000161,28,1838,-1810
107000162,32,87,-55
107000163,13,1,12
107000164,49,0,49
107000165,151,3,148
107000166,19,1263,-1244
107000167,163,124,39
107000168,179,86,93
107000169,550,865,-315
107000170,283,175,108
107000171,229,3025,-2796
107000172,193,231,-38
107000173,289,1159,-870
107000174,392,794,-402
107000175,10252,1362,8890
107000176,0,0,0
107000177,0,0,0
107000178,2,21,-19
107000179,80,2858,-2778
107000180,271,198,73
107000181,81,1119,-1038
107000182,229,486,-257
107000183,48,916,-868
107000184,131,442,-311
107000185,90,1184,-1094
107000186,124,181,-57
107000187,473,737,-264
107000188,216,212,4
107000189,132,557,-425
107000190,146,571,-425
107000191,103,380,-277
107000192,480,771,-291
107000193,131,171,-40
107000194,400,571,-171
107000197,139,98,41
107000198,64,661,-597
107000199,343,650,-307
107000200,676,275,401
107000201,111,219,-108
107000202,134,247,-113
107000203,417,366,51
107000204,568,320,248
107000205,2227,864,1363
107000206,277,235,42
107000207,623,696,-73
107000208,1095,175,920
107000209,1510,176,1334
107000210,1267,154,1113
107000211,1,7,-6
107000212,4,210,-206
107000213,8,8,0
107000214,5,132,-127
107000215,87,398,-311
107000216,62,405,-343
107000217,22,124,-102
107000219,13,75,-62
107000220,22,313,-291
107000222,86,561,-475
107000224,111,13,98
107000225,87,752,-665
107000226,89,43,46
107000227,102,576,-474
107000228,65,127,-62
107000229,67,43,24
107000230,945,331,614
107000231,173,130,43
107000232,30,16,14
107000233,123,117,6
107000234,1,4,-3
107000235,0,2,-2
107000236,10,301,-291
107000237,0,0,0
107000238,0,0,0
107000239,5116,297,4819
107000240,19,1028,-1009
107000241,60,18,42
107000242,543,48,495
107000243,0,29,-29
107000244,6,58,-52
107000246,5,1020,-1015
107000249,1,684,-683
107000251,0,297,-297
107000252,4,1484,-1480
107000255,485,71,414
107000257,1,610,-609
107000258,1,167,-166
107000259,2,281,-279
107000260,53,0,53
107000262,5,862,-857
107000263,26,1,25
107000266,5,0,5
107000267,32,192,-160
107000268,64,202,-138
107000269,50,17,33
107000270,1,5,-4
107000271,7,1034,-1027
107000272,7,294,-287
107000273,0,190,-190
107000274,223,200,23
107000275,0,502,-502
107000280,77,8,69
107000281,7,908,-901
107000282,10,1478,-1468
107000290,0,32,-32
107000291,1,10,-9
107000292,0,33,-33
107000293,26,1,25
107000294,2,35,-33
107000295,7,1,6
107000296,0,2,-2
107000444,82,2,80
107000496,0,2,-2
107000497,604,2885,-2281
107000500,213,173,40
107000501,18,82,-64
107000502,36,243,-207
107000505,342,460,-118
107000506,1,31,-30
107000508,2,682,-680
107000509,96,129,-33
107000510,13,7,6
107000514,4,204,-200
107000515,7,290,-283
107000516,21,71,-50
107000518,82,59,23
107000519,2787,966,1821
107000520,11,2,9
107900001,14,244,-230
107900002,25,6,19
107900003,72,3,69
107900004,23,0,23
107900005,174,0,174
107900006,4,1,3
107900007,58,2,56
107900008,31,39,-8
107900009,29,2,27
107900010,1,5,-4
107900012,127,3,124
107900013,75,59,16
107900014,3,3,0
107900015,158,1,157
107900016,192,54,138
107900017,4,1,3
107900018,5,25,-20
107900019,5,71,-66
107900020,15,9,6
107900021,9,126,-117
107900023,0,0,0
107900024,0,10,-10
107900025,126,311,-185
107900026,23,113,-90
107900027,14,47,-33
107900028,7,103,-96
107900030,70,1,69
107900031,11,215,-204
107900032,2,2,0
107900033,8,2,6
107900034,52,1,51
107900035,175,1,174
107900036,13,2,11
107900037,0,9,-9
107900038,107,36,71
107900039,1,73,-72
107900040,1,19,-18
107900041,0,0,0
107900043,7,96,-89
107900044,2,3,-1
107900045,9,12,-3
107900046,31,18,13
107900047,2,53,-51
107900048,29,1,28
107900049,163,150,13
107900050,48,297,-249
107900051,23,77,-54
107900052,0,2,-2
107900053,4,62,-58
107900055,127,48,79
107900056,21,6,15
107900057,0,0,0
107900058,31,770,-739
107900060,0,19,-19
107900061,14,2,12
107900063,31,42,-11
107900064,159,20,139
107900065,19,5,14
107900066,0,7,-7
107900067,0,0,0
107900068,54,99,-45
107900069,10,144,-134
107900070,8,3,5
107900071,11,945,-934
107900072,7,192,-185
107900073,4,42,-38
107900074,753,80,673
107900076,35,51,-16
107900077,9,0,9
107900078,77,3,74
107900079,4,3,1
107900080,94,107,-13
107900081,1,16,-15
107900082,18,12,6
107900083,65,69,-4
107900084,5,51,-46
107900086,6,31,-25
107900087,201,31,170
107900088,19,3,16
107900089,185,629,-444
107900090,139,199,-60
107900091,56,440,-384
107900092,2066,375,1691
107900093,9,12,-3
107900095,2090,596,1494
107900097,10,26,-16
107900098,16,78,-62
107900100,754,213,541
107900101,759,94,665
107900102,3,2,1
107900103,34,97,-63
107900104,21,0,21
107900105,1,495,-494
107900106,3,1465,-1462
107900107,1479,78,1401
107900108,176,26,150
107900109,127,0,127
107900110,2,73,-71
107900111,7,1334,-1327
107900112,42,126,-84
107900113,8,24,-16
107900114,18,189,-171
107900115,16,41,-25
107900116,19,201,-182
107900117,146,313,-167
107900118,28,139,-111
107900119,11,33,-22
107900120,7,3,4
107900121,0,100,-100
107900122,0,31,-31
107900123,0,9,-9
107900124,2,61,-59
107900125,8,122,-114
107900126,1,28,-27
107900127,449,34,415
107900128,84,24,60
107900129,0,29,-29
107900130,5,12,-7
107900131,30,27,3
107900132,49,404,-355
107900133,0,54,-54
107900134,9,27,-18
107900135,0,186,-186
107900136,38,16,22
107900137,47,53,-6
107900138,1,19,-18
107900139,2,7,-5
107900140,29,50,-21
107900141,16,7,9
107900142,21,1040,-1019
107900143,11,45,-34
107900144,0,123,-123
107900145,3,84,-81
107900146,10,56,-46
107900147,6,16,-10
107900148,62,157,-95
107900149,2014,65,1949
107900150,24,561,-537
107900151,0,101,-101
107900152,5,302,-297
107900153,56,91,-35
107900154,54,1,53
107900155,2,8,-6
107900156,3,314,-311
107900157,31,49,-18
107900158,132,1,131
107900159,11,959,-948
107900160,8,168,-160
107900161,3,200,-197
107900162,0,202,-202
107900163,8,21,-13
107900164,1,14,-13
107900165,34,26,8
107900166,6,247,-241
107900167,0,1,-1
107900168,1,44,-43
107900169,0,199,-199
107900171,4,1596,-1592
107900172,1,312,-311
107900173,2,196,-194
107900174,6,5,1
107900175,0,3,-3
107900176,2,38,-36
107900177,0,223,-223
107900178,0,227,-227
107900179,2,96,-94
107900180,1000,122,878
107900181,181,335,-154
107900182,4,1413,-1409
107900183,5,401,-396
107900184,11,270,-259
107900185,13,1,12
107900186,0,22,-22
107900187,0,142,-142
107900188,362,40,322
107900189,1,123,-122
107900190,98,13,85
107900191,6,137,-131
107900193,6,29,-23
107900194,31,0,31
107900195,3767,283,3484
107900196,26,31,-5
107900197,138,35,103
107900199,4,989,-985
107900201,32,93,-61
107900203,11,45,-34
107900204,150,171,-21
107900205,90,490,-400
107900206,161,105,56
107900207,0,601,-601
107900208,3,733,-730
107900209,191,64,127
107900210,14,76,-62
107900213,132,223,-91
107900214,1,111,-110
107900215,87,251,-164
107900216,11,46,-35
107900217,1,33,-32
107900218,10,1307,-1297
107900219,2,128,-126
107900220,86,32,54
107900221,115,189,-74
107900223,17,419,-402
107900224,103,221,-118
107900225,0,655,-655
107900226,16,130,-114
107900227,40,370,-330
107900228,2,66,-64
107900229,2,237,-235
107900230,5,147,-142
107900231,4,146,-142
107900232,7,221,-214
107900233,2,128,-126
107900234,15,158,-143
107900235,33,78,-45
107900236,27,97,-70
107900237,108,412,-304
107900238,9,85,-76
107900239,929,317,612
107900240,2,122,-120
107900241,7,121,-114
107900242,1,378,-377
107900243,0,24,-24
107900244,43,0,43
107900245,40,13,27
107900246,15,0,15
107900248,66,491,-425
107900249,64,1,63
107900250,2,533,-531
107900251,5,1043,-1038
107900252,51,1,50
107900253,19,0,19
107900254,15,50,-35
107900255,189,24,165
107900256,84,342,-258
107900257,23,18,5
107900258,46,221,-175
107900259,47,224,-177
107900261,0,486,-486
107900262,28,80,-52
107900264,39,0,39
107900265,18,210,-192
107900267,16,5,11
107900268,11,1,10
107900269,0,3,-3
107900270,0,0,0
107900271,0,1,-1
107900272,0,0,0
107900273,2,67,-65
107900274,2,0,2
107900275,27,0,27
107900276,1,70,-69
107900277,0,204,-204
107900278,83,303,-220
107900279,110,40,70
107900280,1491,608,883
107900281,2561,454,2107
107900282,25,104,-79
107900283,1266,233,1033
107900284,58,680,-622
107900285,14,152,-138
107900286,46,48,-2
107900287,33,53,-20
107900290,0,39,-39
107900291,92,5,87
107900292,54,232,-178
107900293,15,359,-344
107900295,13,103,-90
107900297,1,174,-173
107900298,316,574,-258
107900299,2844,541,2303
107900300,14,142,-128
107900301,98,94,4
107900302,23,7,16
107900303,14,186,-172
107900304,40,440,-400
107900305,46,9,37
107900306,2,4,-2
107900307,24,230,-206
107900308,103,6,97
107900309,2,0,2
107900310,0,0,0
107900311,19,18,1
107900312,0,0,0
107900313,0,27,-27
107900314,1,30,-29
107900315,0,19,-19
107900316,8,1,7
107900317,6,1,5
107900318,1,56,-55
107900319,4,253,-249
107900320,2,176,-174
107900321,10,0,10
107900322,1,223,-222
107900323,5,156,-151
107900324,28,0,28
107900325,4,0,4
107900326,68,372,-304
107900327,2,1,1
107900328,0,0,0
107900329,0,0,0
107900330,4,615,-611
107900331,20,9,11
107900332,27,4,23
107900333,17,0,17
107900334,5,235,-230
107900335,18,71,-53
107900336,3,15,-12
107900337,964,133,831
107900338,3,136,-133
107900339,0,24,-24
107900340,1,49,-48
107900341,3,0,3
107900342,7,36,-29
107900343,3,0,3
107900344,1,63,-62
107900345,30,16,14
107900346,21,0,21
107900347,3,0,3
107900348,0,1,-1
107900349,5,1,4
107900350,27,267,-240
108000001,1010,956,54
108000002,1635,2723,-1088
108000003,1299,786,513
108000004,14540,12211,2329
108000005,1420,1177,243
108000006,2766,4883,-2117
108000007,1372,1403,-31
108000008,2776,4407,-1631
108000009,652,1306,-654
108000010,1377,4216,-2839
108000011,3785,2957,828
108000012,14701,12079,2622
108000014,77,217,-140
108000015,119,165,-46
108000016,102,412,-310
108000017,86,173,-87
108000018,190,199,-9
108000019,142,202,-60
108000020,170,155,15
108000021,282,1373,-1091
108000022,382,1333,-951
108000023,457,46,411
108000024,37,502,-465
108000025,59,145,-86
108000026,44,462,-418
108000027,79,494,-415
108000028,21,198,-177
108000029,58,576,-518
108000030,32,160,-128
108000031,41,538,-497
108000032,281,186,95
108000033,230,1043,-813
108000034,277,132,145
108000035,499,2205,-1706
108000036,152,1461,-1309
108000037,399,149,250
108000038,450,127,323
108000039,202,2163,-1961
108000040,305,174,131
108000041,363,2380,-2017
108000042,13,185,-172
108000043,49,314,-265
108000044,6,105,-99
108000045,50,808,-758
108000046,144,90,54
108000047,153,994,-841
108000048,50,478,-428
108000049,62,50,12
108000050,44,401,-357
108000051,29,11,18
108000052,206,511,-305
108000053,50,31,19
108000054,220,673,-453
108000055,223,142,81
108000056,522,746,-224
108000057,164,295,-131
108000058,584,852,-268
108000059,2206,1112,1094
108000060,19,169,-150
108000061,69,251,-182
108000062,147,211,-64
108000063,152,697,-545
108000064,53,104,-51
108000065,135,619,-484
108000066,552,247,305
108000067,311,148,163
108000068,114,108,6
108000069,59,936,-877
108000070,226,176,50
108000071,207,1619,-1412
108000072,254,173,81
108000073,638,1607,-969
108000074,71,96,-25
108000075,104,583,-479
108000076,133,126,7
108000077,307,737,-430
108000078,516,558,-42
108000079,653,1576,-923
108000080,205,242,-37
108000081,256,2639,-2383
108000082,692,1351,-659
108000083,624,226,398
108000084,177,1011,-834
108000085,66,76,-10
108000086,576,605,-29
108000087,46,444,-398
108000088,32,3,29
108000089,101,163,-62
108000090,52,28,24
108000091,32,350,-318
108000092,37,18,19
108000093,65,699,-634
108000094,100,15,85
108000095,78,458,-380
108000096,34,33,1
108000097,32,464,-432
108000098,97,406,-309
108000099,0,0,0
108000100,2,3,-1
108000101,119,158,-39
108000102,289,549,-260
108000106,197,1,196
108000107,2,610,-608
108000108,99,13,86
108000109,2,574,-572
108000110,35,95,-60
108000111,83,459,-376
108000112,9,14,-5
108000113,278,292,-14
108000115,263,284,-21
108000117,524,214,310
108000118,33,74,-41
108000119,306,397,-91
108000120,18,209,-191
108000121,59,473,-414
108000122,31,120,-89
108000123,70,194,-124
108000124,52,517,-465
108000125,30,346,-316
108000126,56,552,-496
108000127,45,303,-258
108000128,92,731,-639
108000129,58,1412,-1354
108000130,41,225,-184
108000131,238,76,162
108000132,609,904,-295
108000133,168,186,-18
108000134,305,781,-476
108000135,157,134,23
108000136,464,948,-484
108000137,136,375,-239
108000138,68,475,-407
108000139,23,223,-200
108000140,16,8,8
108000141,4,148,-144
108000142,19,98,-79
108000143,20,5,15
108000144,15,7,8
108000145,10,17,-7
108000146,14,8,6
108000147,23,42,-19
108000148,23,14,9
108000149,6,17,-11
108000150,13,2,11
108000151,3,0,3
108000152,24,444,-420
108000153,64,21,43
108000154,9,9,0
108000155,4,5,-1
108000156,200,42,158
108000157,71,183,-112
108000158,22,190,-168
108000159,470,55,415
108000160,4166,326,3840
108000161,4037,617,3420
108000165,2,71,-69
108000172,2,80,-78
108000173,2236,597,1639
108000175,2,32,-30
108000178,282,268,14
108000179,129,232,-103
108000181,17,26,-9
108000182,55,6,49
108000183,2,4,-2
108000184,599,590,9
108000185,25,653,-628
108000186,16,22,-6
108000187,22,718,-696
108000188,92,231,-139
108000189,128,322,-194
108000190,15,78,-63
108000192,26,615,-589
108000193,402,24,378
108000194,0,0,0
108000195,2,957,-955
108000196,10,48,-38
108000197,41,343,-302
108000198,117,319,-202
108000199,0,73,-73
108000200,75,718,-643
108000202,1,122,-121
108000203,13,846,-833
108000204,23,14,9
108000205,422,477,-55
108000339,752,128,624
108000364,84,72,12
108000365,22,285,-263
108000367,68,295,-227
108000368,8,41,-33
108000369,1174,33,1141
108000371,0,509,-509
108000372,62,0,62
108000373,0,1,-1
108000376,56,7,49
108000377,82,282,-200
108000378,4772,2546,2226
108000379,11,71,-60
108000381,10,7,3
108000382,18,4,14
108000383,0,13,-13
108900001,90,795,-705
108900002,146,25,121
108900003,208,861,-653
108900004,280,83,197
108900005,3,69,-66
108900006,187,121,66
108900007,40,105,-65
108900008,11,113,-102
108900009,5,60,-55
108900010,16,86,-70
108900011,54,244,-190
108900012,61,428,-367
108900013,21,242,-221
108900014,0,32,-32
108900015,0,4,-4
108900016,0,130,-130
108900017,84,93,-9
108900018,31,513,-482
108900019,9,1183,-1174
108900020,6,298,-292
108900021,44,276,-232
108900022,4,2,2
108900023,0,35,-35
108900024,1,97,-96
108900025,14,72,-58
108900026,1,43,-42
108900027,0,123,-123
108900028,24,511,-487
108900029,21,143,-122
108900030,2,78,-76
108900031,12,736,-724
108900032,4,243,-239
108900033,1,84,-83
108900034,0,282,-282
108900035,50,1733,-1683
108900036,100,319,-219
108900037,8,388,-380
108900038,2,410,-408
108900039,2,526,-524
108900040,4,119,-115
108900041,4984,802,4182
108900042,3,184,-181
108900043,14,391,-377
108900044,2,731,-729
108900045,21,571,-550
108900046,39,844,-805
108900047,0,35,-35
108900048,17,684,-667
108900049,4455,374,4081
108900050,1,247,-246
108900051,1,206,-205
108900052,2,307,-305
108900053,77,41,36
108900054,16,233,-217
108900055,25,432,-407
108900056,1,186,-185
108900057,2,240,-238
108900058,7,649,-642
108900059,106,6,100
108900060,36,43,-7
108900061,18,12,6
108900062,1,381,-380
108900063,1,483,-482
108900064,19,56,-37
108900065,5,278,-273
108900066,89,61,28
108900067,16,238,-222
108900068,0,180,-180
108900069,2,148,-146
108900070,29,177,-148
108900071,24,35,-11
108900072,1860,112,1748
108900073,0,73,-73
108900074,14,504,-490
108900075,21,81,-60
108900076,55,50,5
108900077,31,103,-72
108900078,3,230,-227
108900079,375,183,192
108900080,8,93,-85
108900081,26,196,-170
108900082,7,99,-92
108900083,5,57,-52
108900084,263,66,197
108900085,1570,102,1468
108900086,10,391,-381
108900087,88,136,-48
108900088,201,81,120
108900089,0,39,-39
108900090,10,412,-402
108900091,92,69,23
108900092,78,85,-7
108900093,23,21,2
108900094,95,32,63
108900095,43,540,-497
108900096,406,28,378
108900097,57,168,-111
108900098,2474,90,2384
108900099,84,311,-227
108900100,11,72,-61
108900101,63,28,35
108900102,82,193,-111
108900103,9,23,-14
108900104,161,251,-90
108900105,1,182,-181
108900106,80,533,-453
108900108,28,1,27
108900109,1,3,-2
108900110,30,465,-435
108900111,50,605,-555
108900112,36,6,30
108900113,8,4,4
108900114,0,2,-2
108900115,12,15,-3
108900116,3,5,-2
108900117,12,4,8
108900118,96,1,95
108900119,67,9,58
108900120,11,34,-23
108900121,55,4,51
108900122,15,9,6
108900123,9,7,2
108900124,48,43,5
108900125,53,0,53
108900126,10,1,9
108900127,22,7,15
108900128,31,3,28
108900129,94,25,69
108900130,17,0,17
108900131,31,1,30
108900132,49,20,29
108900133,24,39,-15
108900134,55,107,-52
108900135,13,1,12
108900136,0,0,0
108900137,35,0,35
108900138,108,8,100
108900139,43,47,-4
108900140,23,153,-130
108900141,26,1,25
108900142,6,0,6
108900143,4,0,4
108900144,7,0,7
108900145,8,0,8
108900146,6,0,6
108900147,25,0,25
108900148,32,12,20
108900149,172,253,-81
108900150,118,5,113
108900151,8,0,8
108900152,16,22,-6
108900153,25,450,-425
108900154,909,111,798
108900155,36,41,-5
108900156,20,13,7
108900157,2,533,-531
108900158,44,9,35
108900159,4,278,-274
108900160,4,174,-170
108900161,5,371,-366
108900162,11,0,11
108900163,0,42,-42
108900164,4,57,-53
108900165,69,42,27
108900167,1129,664,465
108900168,9610,946,8664
108900169,10,50,-40
108900171,6195,566,5629
108900172,16,8,8
108900173,118,240,-122
108900174,98,234,-136
108900176,30,585,-555
108900177,8493,814,7679
108900178,4697,564,4133
108900179,171,280,-109
108900180,31,58,-27
108900182,2,93,-91
108900183,50,198,-148
108900184,55,91,-36
108900185,15,232,-217
108900186,4,246,-242
108900187,48,20,28
108900188,51,19,32
108900189,42,129,-87
108900190,12,2572,-2560
108900191,33,3,30
108900192,27,309,-282
108900193,13,14,-1
108900194,3,272,-269
108900195,19,316,-297
108900196,16,572,-556
108900198,0,510,-510
108900199,32,264,-232
108900200,123,218,-95
108900201,75,808,-733
108900203,66,5,61
108900204,53,0,53
108900205,37,4,33
108900206,52,4,48
108900207,33,6,27
108900208,13,227,-214
108900209,107,569,-462
108900210,58,131,-73
108900211,36,91,-55
108900212,439,235,204
108900215,55,608,-553
108900216,176,50,126
108900217,8,0,8
108900218,19,1,18
108900219,12,2,10
108900220,8,2,6
108900221,7,32,-25
108900222,19,1,18
108900223,2,21,-19
108900224,12,44,-32
108900225,1,84,-83
108900226,36,2,34
108900227,27,36,-9
108900230,320,309,11
108900231,23,218,-195
108900232,0,345,-345
108900233,74,13,61
108900234,90,22,68
108900235,101,536,-435
108900236,15,351,-336
108900237,21,214,-193
108900240,7,83,-76
108900241,1,30,-29
108900245,0,184,-184
108900249,22,3,19
108900250,37,52,-15
108900257,19,653,-634
108900258,3,230,-227
108900259,5,57,-52
108900260,6,111,-105
108900261,58,121,-63
108900262,246,67,179
108900263,39,329,-290
108900264,138,180,-42
108900265,1320,170,1150
108900266,692,78,614
108900267,1,20,-19
108900268,0,3,-3
108900269,5,3,2
108900270,10,6,4
108900271,0,3,-3
108900272,23,0,23
108900273,669,174,495
108900274,4,40,-36
109000001,1035,378,657
109000002,3570,791,2779
109000003,559,292,267
109000004,355,2569,-2214
109000005,374,349,25
109000006,491,1825,-1334
109000007,208,238,-30
109000008,255,1667,-1412
109000009,873,413,460
109000010,746,3245,-2499
109000011,502,587,-85
109000012,845,3751,-2906
109000013,783,475,308
109000014,772,3395,-2623
109000015,1094,949,145
109000016,8766,3688,5078
109000017,581,446,135
109000018,426,3084,-2658
109000019,593,374,219
109000020,694,1931,-1237
109000023,1,0,1
109000024,1,78,-77
109000025,275,145,130
109000026,344,283,61
109000027,54,146,-92
109000028,30,103,-73
109000029,144,71,73
109000030,10,374,-364
109000031,0,0,0
109000032,16,399,-383
109000033,25,2,23
109000034,12,11,1
109000035,0,4,-4
109000036,22,300,-278
109000037,47,352,-305
109000038,546,301,245
109000039,248,165,83
109000040,4039,1043,2996
109000041,6030,586,5444
109000042,553,583,-30
109000044,31,45,-14
109000045,28,424,-396
109000046,26,34,-8
109000047,25,441,-416
109000048,107,37,70
109000049,97,444,-347
109000050,40,31,9
109000051,140,289,-149
109000052,143,1693,-1550
109000053,47,35,12
109000054,61,727,-666
109000055,42,82,-40
109000056,93,546,-453
109000057,78,72,6
109000058,550,175,375
109000059,206,623,-417
109000060,168,31,137
109000061,1387,318,1069
109000062,46,76,-30
109000063,136,240,-104
109000064,24,72,-48
109000065,17,380,-363
109000066,75,55,20
109000067,13,372,-359
109000068,2,0,2
109000069,1,1,0
109000070,3,557,-554
109000071,203,36,167
109000072,41,302,-261
109000073,19,51,-32
109000074,16,252,-236
109000075,14,343,-329
109000076,11,56,-45
109000077,175,201,-26
109000078,4,31,-27
109000079,25,163,-138
109000080,11,97,-86
109000081,11,348,-337
109000082,59,309,-250
109000083,43,535,-492
109000088,34,346,-312
109000089,58,14,44
109000090,121,474,-353
109000091,86,23,63
109000092,228,642,-414
109000093,85,28,57
109000094,66,1,65
109000095,29,822,-793
109000096,118,16,102
109000097,38,51,-13
109000098,3,5,-2
109000099,102,246,-144
109000100,44,377,-333
109000101,226,495,-269
109000102,81,771,-690
109000103,99,558,-459
109000104,248,330,-82
109000105,157,1490,-1333
109000106,365,285,80
109000107,201,1545,-1344
109000108,230,226,4
109000109,222,1547,-1325
109000110,257,242,15
109000111,531,1969,-1438
109000112,88,125,-37
109000113,62,149,-87
109000114,20,156,-136
109000115,375,22,353
109000116,1,160,-159
109000117,47,53,-6
109000118,0,221,-221
109000119,168,204,-36
109000120,23,1352,-1329
109000121,24,17,7
109000122,37,1245,-1208
109000123,8,74,-66
109000124,121,275,-154
109000125,105,216,-111
109000126,89,1018,-929
109000127,125,108,17
109000128,197,2623,-2426
109000129,392,132,260
109000130,305,2501,-2196
109000131,142,124,18
109000132,460,1486,-1026
109000133,107,647,-540
109000134,263,1215,-952
109000135,317,885,-568
109000136,63,441,-378
109000137,58,192,-134
109000138,124,484,-360
109000139,92,240,-148
109000140,25,433,-408
109000141,68,333,-265
109000142,48,447,-399
109000143,32,17,15
109000145,29,54,-25
109000146,14,59,-45
109000148,3379,427,2952
109000149,15,8,7
109000150,29,80,-51
109000155,119,269,-150
109000156,628,686,-58
109000158,6,167,-161
109000159,11,466,-455
109000160,126,237,-111
109000161,69,1078,-1009
109000162,575,955,-380
109000163,236,1004,-768
109000164,451,1659,-1208
109000165,350,450,-100
109000166,149,117,32
109000167,26,839,-813
109000170,4,30,-26
109000171,21,18,3
109000172,12,12,0
109000173,3,17,-14
109000174,16,52,-36
109000175,6,79,-73
109000176,33,286,-253
109000177,15,87,-72
109000178,116,89,27
109000179,6852,814,6038
109000180,4108,1766,2342
109000181,2,39,-37
109000182,0,38,-38
109000183,6,33,-27
109000184,6,8,-2
109000185,2,51,-49
109000188,101,2134,-2033
109000189,406,532,-126
109000190,213,418,-205
109000191,57,371,-314
109000192,45,182,-137
109000193,63,478,-415
109000194,19,82,-63
109000195,22,455,-433
109000196,47,67,-20
109000197,43,502,-459
109000198,22,24,-2
109000199,41,378,-337
109000206,47,36,11
109000207,25,34,-9
109000208,70,29,41
109000209,80,25,55
109000210,101,306,-205
109000211,26,95,-69
109000214,121,573,-452
109000215,5,23,-18
109000216,10,22,-12
109000217,68,38,30
109000218,75,40,35
109000221,47,1076,-1029
109000222,132,8,124
109000223,94,109,-15
109000224,39,332,-293
109000225,24,38,-14
109000226,18,266,-248
109000227,197,1329,-1132
109000228,1,278,-277
109000231,4,486,-482
109000232,41,485,-444
109000236,99,614,-515
109000241,434,1183,-749
109000242,224,651,-427
109000293,0,8,-8
109000361,25,137,-112
109000364,59,524,-465
109000396,1,963,-962
109000397,104,4,100
109000399,57,404,-347
109000400,10,269,-259
109000403,14,104,-90
109000406,0,2,-2
109000407,79,220,-141
109000408,1,177,-176
109000410,281,96,185
109000411,7,2,5
109900001,14,0,14
109900002,119,1,118
109900003,20,0,20
109900004,243,217,26
109900005,3,2,1
109900006,51,199,-148
109900007,89,929,-840
109900008,0,10,-10
109900009,15,1170,-1155
109900010,116,7,109
109900011,6,19,-13
109900012,47,65,-18
109900013,120,33,87
109900014,51,23,28
109900015,75,23,52
109900016,31,46,-15
109900017,30,39,-9
109900018,34,121,-87
109900019,27,81,-54
109900020,1,4,-3
109900021,1,0,1
109900022,13,286,-273
109900023,1,1,0
109900024,0,0,0
109900025,27,87,-60
109900026,3,113,-110
109900027,11,2,9
109900028,2150,173,1977
109900029,7,627,-620
109900030,2,0,2
109900031,1,90,-89
109900032,3,188,-185
109900033,0,325,-325
109900034,3,1,2
109900035,8,22,-14
109900036,12,69,-57
109900037,9,515,-506
109900038,15,156,-141
109900039,1,0,1
109900040,3,561,-558
109900041,13,381,-368
109900042,2,426,-424
109900044,12,246,-234
109900045,8,65,-57
109900046,6,25,-19
109900047,211,175,36
109900048,12,58,-46
109900049,6,29,-23
109900050,2,269,-267
109900051,0,22,-22
109900052,8,192,-184
109900053,5,435,-430
109900054,74,51,23
109900055,6,183,-177
109900056,9,33,-24
109900057,4,189,-185
109900058,1,108,-107
109900059,105,31,74
109900060,65,87,-22
109900061,72,268,-196
109900062,0,265,-265
109900063,1,174,-173
109900064,43,133,-90
109900065,60,79,-19
109900066,107,916,-809
109900067,2,410,-408
109900068,10,1,9
109900069,2,8,-6
109900070,38,165,-127
109900071,0,25,-25
109900072,4,86,-82
109900073,50,595,-545
109900074,3,27,-24
109900075,4,10,-6
109900076,2,231,-229
109900077,7,61,-54
109900078,41,221,-180
109900080,52,352,-300
109900081,7,50,-43
109900082,17,552,-535
109900083,3,22,-19
109900084,13,88,-75
109900085,34,1048,-1014
109900086,48,57,-9
109900087,41,214,-173
109900089,71,40,31
109900090,281,806,-525
109900091,37,26,11
109900092,134,4,130
109900093,162,50,112
109900094,6,43,-37
109900095,27,128,-101
109900096,10,0,10
109900097,5,5,0
109900098,32,3,29
109900099,14,0,14
109900100,1,0,1
109900101,37,2,35
109900102,128,9,119
109900103,1,20,-19
109900104,89,1134,-1045
109900105,113,7,106
109900106,55,37,18
109900107,103,43,60
109900108,20,1075,-1055
109900109,7,233,-226
109900110,10,469,-459
109900111,108,873,-765
109900112,182,862,-680
109900113,116,110,6
109900114,347,74,273
109900115,18,45,-27
109900117,141,44,97
109900118,109,383,-274
109900119,256,192,64
109900120,5,4,1
109900121,150,51,99
109900122,39,1,38
109900123,3,143,-140
109900124,12,733,-721
109900125,1,211,-210
109900126,10,148,-138
109900128,37,50,-13
109900130,9700,438,9262
109900131,58,49,9
109900132,25,128,-103
109900133,6,345,-339
109900134,7,14,-7
109900135,232,27,205
109900136,21,88,-67
109900137,26,339,-313
109900138,46,202,-156
109900140,53,357,-304
109900141,19,110,-91
109900142,159,91,68
109900145,0,54,-54
109900146,110,25,85
109900148,7,58,-51
109900149,71,17,54
109900150,2,51,-49
109900151,1,43,-42
109900152,0,11,-11
109900153,1,46,-45
109900154,0,0,0
109900155,2,0,2
109900157,19,192,-173
109900158,46,76,-30
109900159,42,4,38
109900160,29,24,5
109900161,32,50,-18
109900162,27,30,-3
109900163,579,135,444
109900164,12,153,-141
109900165,41,1,40
109900166,2,157,-155
109900167,28,603,-575
109900168,29,464,-435
109900169,32,76,-44
109900170,170,157,13
109900171,16,44,-28
109900172,54,85,-31
109900173,3439,337,3102
109900174,13,112,-99
109900175,18,76,-58
109900176,44,181,-137
109900177,16,280,-264
109900178,3,83,-80
109900179,6,7,-1
109900180,3,1,2
110000001,222,377,-155
110000002,213,300,-87
110000003,539,487,52
110000004,243,263,-20
110000005,592,528,64
110000006,428,289,139
110000007,39,162,-123
110000008,0,58,-58
110000009,20,27,-7
110000010,8,33,-25
110000011,10,67,-57
110000012,435,337,98
110000013,10,181,-171
110000014,487,214,273
110000015,259,256,3
110000016,156,284,-128
110000017,3619,214,3405
110000018,3480,403,3077
110000019,7,147,-140
110000020,345,163,182
110000021,258,225,33
110000022,313,89,224
110000023,7,135,-128
110000024,408,255,153
110000025,18,0,18
110000026,2,531,-529
110000027,242,113,129
110000028,395,448,-53
110000029,174,763,-589
110000030,69,214,-145
110000031,98,477,-379
110000032,282,283,-1
110000033,57,50,7
110000034,116,648,-532
110000035,150,1031,-881
110000036,167,606,-439
110000037,37,765,-728
110000038,121,345,-224
110000039,142,494,-352
110000040,182,554,-372
110000041,25,116,-91
110000042,28,415,-387
110000043,67,17,50
110000044,18,54,-36
110000045,40,14,26
110000046,1,2,-1
110000047,0,0,0
110000048,2,4,-2
110000049,0,1,-1
110000050,5,10,-5
110000051,2,2,0
110000052,9,22,-13
110000053,1,0,1
110000054,22,102,-80
110000055,29,1,28
110000056,15,7,8
110000057,168,621,-453
110000058,214,450,-236
110000059,245,400,-155
110000060,230,380,-150
110000061,620,690,-70
110000062,373,417,-44
110000063,18,54,-36
110000064,19,127,-108
110000065,22,34,-12
110000066,8,17,-9
110000067,33,325,-292
110000068,35,567,-532
110000069,27,62,-35
110000071,8,90,-82
110000073,0,21,-21
110000075,0,71,-71
110000076,155,84,71
110000077,281,198,83
110000078,0,72,-72
110000080,87,400,-313
110000081,7,140,-133
110000082,10,147,-137
110000083,146,365,-219
110000084,216,216,0
110000085,2430,757,1673
110000086,753,441,312
110000087,3,27,-24
110000088,7,162,-155
110000089,32,135,-103
110000090,25,247,-222
110000091,1513,173,1340
110000092,13,107,-94
110000093,22,8,14
110000094,236,173,63
110000095,24,244,-220
110000096,3335,1008,2327
110000097,499,432,67
110000098,571,224,347
110000099,499,822,-323
110000100,79,941,-862
110000101,4,635,-631
110000102,14,12,2
110000104,46,23,23
110000105,17,218,-201
110000106,133,84,49
110000107,198,297,-99
110000108,30,26,4
110000109,114,227,-113
110000110,3498,1289,2209
110000111,9207,1162,8045
110000112,722,132,590
110000113,500,327,173
110000114,21,134,-113
110000115,63,117,-54
110000116,13,17,-4
110000117,43,539,-496
110000118,101,236,-135
110000119,80,390,-310
110000120,112,125,-13
110000121,35,207,-172
110000122,133,402,-269
110000123,115,235,-120
110000124,3,651,-648
110000125,318,0,318
110000126,67,5,62
110000127,163,12,151
110000128,15,1518,-1503
110000129,0,380,-380
110000130,50,48,2
110000131,54,279,-225
110000132,0,515,-515
110000133,34,158,-124
110000134,18,174,-156
110000135,61,16,45
110000136,9,261,-252
110000137,94,598,-504
110000138,123,654,-531
110000139,241,1250,-1009
110000140,372,111,261
110000143,299,190,109
110000144,1946,440,1506
110000145,588,323,265
110000146,1566,381,1185
110000147,110,519,-409
110000148,59,133,-74
110000151,416,253,163
110000152,313,147,166
110000153,39,46,-7
110000154,16,0,16
110000155,886,882,4
110000156,333,543,-210
110000157,1389,817,572
110000160,130,336,-206
110000161,46,473,-427
110000166,69,81,-12
110000167,170,223,-53
110000168,259,116,143
110000169,81,101,-20
110000170,13,20,-7
110000171,89,51,38
110000172,55,594,-539
110000173,621,827,-206
110000174,33,1150,-1117
110000175,79,22,57
110000176,3,87,-84
110000177,31,366,-335
110000178,372,355,17
110000179,981,182,799
110000180,35,291,-256
110000181,101,262,-161
110000182,238,181,57
110000183,9731,1892,7839
110000184,228,728,-500
110000185,411,449,-38
110000186,354,321,33
110000191,112,342,-230
110000192,66,2,64
110000193,99,3,96
110000194,8,1116,-1108
110000195,63,321,-258
110000196,92,459,-367
110000197,11,197,-186
110000198,25,81,-56
110000199,26,96,-70
110000200,1005,736,269
110000201,154,276,-122
110000202,370,202,168
110000203,261,791,-530
110000204,3,314,-311
110000205,7,62,-55
110000206,344,1642,-1298
110000207,149,147,2
110000208,33,61,-28
110000209,62,661,-599
110000210,1,0,1
110000211,1,1,0
110000212,73,420,-347
110000213,18,16,2
110000214,39,42,-3
110000215,12,719,-707
110000216,7,662,-655
110000217,65,126,-61
110000218,30,490,-460
110000219,57,31,26
110000220,9,444,-435
110000221,97,24,73
110000222,11,259,-248
110000223,1,5,-4
110000224,46,0,46
110000225,58,361,-303
110000226,5,8,-3
110000227,189,195,-6
110000228,55,20,35
110000229,4,192,-188
110000230,156,349,-193
110000231,40,93,-53
110000232,49,144,-95
110000233,17,129,-112
110000234,193,210,-17
110000235,360,516,-156
110000236,111,762,-651
110000237,521,631,-110
110000238,271,814,-543
110000239,476,970,-494
110000240,0,70,-70
110000242,0,17,-17
110000243,48,194,-146
110000244,54,226,-172
110000245,6,255,-249
110000246,164,458,-294
110000247,757,3242,-2485
110000248,1020,1106,-86
110000249,34,0,34
110000250,4,191,-187
110000251,42,457,-415
110000252,68,265,-197
110000253,285,215,70
110000254,289,1183,-894
110000255,92,1032,-940
110000256,167,86,81
110000257,234,259,-25
110000258,2,538,-536
110000259,21,19,2
110000260,7,463,-456
110000263,246,119,127
110000264,51,445,-394
110000265,443,612,-169
110000266,898,988,-90
110000267,12,220,-208
110000268,65,437,-372
110000269,1,77,-76
110000270,5,0,5
110000271,963,162,801
110000272,275,554,-279
110000273,1029,755,274
110000274,177,490,-313
110000275,2897,323,2574
110000276,69,179,-110
110000277,42,267,-225
110000278,106,683,-577
110000279,172,379,-207
110000280,65,318,-253
110000281,6,133,-127
110000282,20,48,-28
110000283,1,27,-26
110000284,8,21,-13
110000285,1,139,-138
110000286,0,0,0
110000287,5,0,5
110000288,0,56,-56
110000289,259,604,-345
110000290,1133,438,695
110000291,5766,994,4772
110000292,918,1451,-533
110000293,147,1027,-880
110000294,259,394,-135
110000295,32,727,-695
110000296,64,239,-175
110000297,1251,191,1060
110000298,50,320,-270
110000299,170,14,156
110000301,45,2,43
110000302,33,1172,-1139
110000303,98,4,94
110000304,28,212,-184
110000305,178,10,168
110000306,43,2151,-2108
110000307,276,5,271
110000308,87,6,81
110000309,9,1619,-1610
110000310,158,38,120
110000311,12,950,-938
110000312,143,13,130
110000313,1240,1009,231
110000314,2,182,-180
110000315,1875,932,943
110000316,296,757,-461
110000317,333,286,47
110000318,2,64,-62
110000319,6,10,-4
110000320,11,77,-66
110000321,3,15,-12
110000322,35,524,-489
110000323,97,341,-244
110000324,4159,763,3396
110000325,404,764,-360
110000327,88,107,-19
110000328,110,457,-347
110000333,164,175,-11
110000334,212,1180,-968
110000335,215,365,-150
110000336,202,1146,-944
110000337,259,338,-79
110000338,42,223,-181
110000339,32,225,-193
110000340,7,196,-189
110000341,77,528,-451
110000342,82,2,80
110000343,0,17,-17
110000344,9,112,-103
110000345,21,47,-26
110000346,1338,806,532
110000347,577,417,160
110000348,0,21,-21
110000349,1,5,-4
110000350,7,0,7
110000351,117,584,-467
110000352,138,1134,-996
110000353,1756,482,1274
110000354,471,1051,-580
110000355,29,87,-58
110000356,0,0,0
110000357,107,10,97
110000361,20,68,-48
110000362,5,87,-82
110000363,67,72,-5
110000364,19,174,-155
110000365,43,0,43
110000366,0,63,-63
110000367,143,213,-70
110000368,0,54,-54
110000369,1,0,1
110000373,6,272,-266
110000374,5,2,3
110000375,61,469,-408
110000376,28,90,-62
110000377,0,0,0
110000378,17,214,-197
110000379,2475,557,1918
110000380,7,7,0
110000383,2,287,-285
110000384,460,81,379
110000385,0,273,-273
110000387,0,7,-7
110000388,9,201,-192
110000389,72,2,70
110000391,6,350,-344
110000396,10,126,-116
110000397,20,163,-143
110000398,0,24,-24
110000399,7,3,4
110000587,20,63,-43
110000589,52,127,-75
110000640,64,87,-23
110000652,4,58,-54
110000653,35,342,-307
110000654,2,2,0
110000656,4,474,-470
110000674,3,0,3
110000675,1,0,1
110000676,0,21,-21
110000679,440,185,255
110000682,35,33,2
110000683,231,296,-65
110000684,1,36,-35
110000685,1,2,-1
110000686,0,14,-14
110000687,3,0,3
110000688,21,187,-166
110000689,5,42,-37
110000692,20,228,-208
110000693,27,106,-79
110000694,1,99,-98
110000695,49,577,-528
110000696,136,137,-1
110900001,56,8,48
110900002,11,198,-187
110900003,55,997,-942
110900004,85,310,-225
110900005,4219,540,3679
110900006,6,4,2
110900007,5,2,3
110900008,7,24,-17
110900009,75,16,59
110900010,2,78,-76
110900011,5,72,-67
110900012,0,169,-169
110900013,246,110,136
110900014,25,11,14
110900015,621,94,527
110900016,4,220,-216
110900017,40,33,7
110900018,112,8,104
110900019,14,11,3
110900020,8,593,-585
110900021,36,721,-685
110900022,51,405,-354
110900023,48,563,-515
110900024,11,520,-509
110900025,2,50,-48
110900027,14,264,-250
110900028,13,176,-163
110900029,48,542,-494
110900030,9,311,-302
110900031,0,156,-156
110900032,0,96,-96
110900033,22,303,-281
110900035,22,241,-219
110900036,9,22,-13
110900037,1,26,-25
110900038,1013,121,892
110900039,5,184,-179
110900040,73,23,50
110900041,3,168,-165
110900042,20,37,-17
110900043,0,174,-174
110900044,172,20,152
110900045,14,798,-784
110900046,142,295,-153
110900047,543,28,515
110900049,19,13,6
110900050,1,0,1
110900051,27,132,-105
110900052,2,189,-187
110900053,18,52,-34
110900054,11,340,-329
110900055,16,0,16
110900056,19,65,-46
110900057,0,227,-227
110900058,34,360,-326
110900059,233,772,-539
110900060,85,49,36
110900061,22,34,-12
110900062,14,294,-280
110900063,3,66,-63
110900064,2,0,2
110900065,225,58,167
110900066,3,83,-80
110900067,665,202,463
110900068,127,258,-131
110900069,1,16,-15
110900070,52,32,20
110900071,124,118,6
110900073,0,22,-22
110900074,107,33,74
110900075,66,41,25
110900077,85,195,-110
110900078,2,118,-116
110900079,1414,204,1210
110900080,21,26,-5
110900081,0,105,-105
110900082,8,199,-191
110900083,29,17,12
110900084,5,244,-239
110900085,22,303,-281
110900086,13,64,-51
110900087,47,86,-39
110900088,1,0,1
110900090,6,9,-3
110900091,1,43,-42
110900093,79,19,60
110900095,2,58,-56
110900097,1,12,-11
110900098,16,102,-86
110900099,48,594,-546
110900100,0,13,-13
110900102,4,9,-5
110900105,722,366,356
110900108,1,120,-119
110900111,177,51,126
110900112,140,1,139
110900113,344,11,333
110900115,0,59,-59
110900116,122,2251,-2129
110900118,88,359,-271
110900119,5894,202,5692
110900120,2,103,-101
110900121,25,2,23
110900122,50,66,-16
110900125,52,110,-58
110900127,247,307,-60
110900128,65,78,-13
110900129,109,75,34
110900130,690,81,609
110900131,3,55,-52
110900132,41,14,27
110900133,12,283,-271
110900135,68,658,-590
110900136,61,3,58
110900137,9,0,9
110900138,93,561,-468
110900139,2,20,-18
110900140,9,2,7
110900141,1,33,-32
110900142,18,207,-189
110900143,14,29,-15
110900144,3,558,-555
110900145,48,1,47
110900146,152,19,133
110900147,107,114,-7
110900148,3,228,-225
110900149,0,52,-52
110900150,3,3,0
110900151,1,68,-67
110900152,10,274,-264
110900153,17,7,10
111000001,100,45,55
111000002,250,362,-112
111000003,161,146,15
111000004,268,844,-576
111000005,259,313,-54
111000006,516,1118,-602
111000007,1707,704,1003
111000008,2638,2008,630
111000009,171,628,-457
111000010,215,101,114
111000011,291,540,-249
111000012,174,121,53
111000013,184,631,-447
111000014,214,239,-25
111000017,82,252,-170
111000018,104,198,-94
111000020,1991,1391,600
111000021,33,42,-9
111000023,30,28,2
111000025,6001,964,5037
111000029,32,76,-44
111000030,22,59,-37
111000031,1246,300,946
111000032,188,106,82
111000033,103,35,68
111000034,208,132,76
111000037,2446,806,1640
111000038,1152,1534,-382
111000039,532,1581,-1049
111000040,703,1657,-954
111000041,743,809,-66
111000042,6194,1978,4216
111000043,370,193,177
111000044,223,69,154
111000045,460,427,33
111000046,302,411,-109
111000047,500,595,-95
111000049,149,425,-276
111000050,1252,1426,-174
111000051,213,819,-606
111000052,296,957,-661
111000053,169,768,-599
111000054,142,771,-629
111000055,759,1739,-980
111000056,60,652,-592
111000057,34,735,-701
111000058,23,88,-65
111000059,58,122,-64
111000060,197,162,35
111000061,110,159,-49
111000062,73,107,-34
111000063,298,378,-80
111000064,105,272,-167
111000065,215,303,-88
111000066,32,91,-59
111000067,123,499,-376
111000068,101,398,-297
111000069,977,1196,-219
111000070,1596,680,916
111000071,59,653,-594
111000072,0,0,0
111000073,0,0,0
111000074,262,200,62
111000075,76,156,-80
111000076,44,232,-188
111000077,381,657,-276
111000078,856,817,39
111000079,684,479,205
111000080,168,388,-220
111000081,1607,1316,291
111000082,254,465,-211
111000084,204,299,-95
111000085,216,741,-525
111000086,831,534,297
111000087,347,414,-67
111000088,2750,731,2019
111000089,211,569,-358
111000090,677,853,-176
111000091,208,612,-404
111000092,371,1094,-723
111000093,150,534,-384
111000094,454,535,-81
111000095,191,978,-787
111000096,2076,3129,-1053
111000097,5464,670,4794
111000098,156,1121,-965
111000099,126,2259,-2133
111000100,142,2048,-1906
111000101,250,763,-513
111000102,29,873,-844
111000104,42,51,-9
111000107,13,651,-638
111000109,29,55,-26
111000110,201,122,79
111000111,271,80,191
111000112,336,43,293
111000113,163,104,59
111000114,312,284,28
111000115,6125,391,5734
111000116,304,486,-182
111000117,160,483,-323
111000118,719,652,67
111000119,336,1287,-951
111000120,105,347,-242
111000121,70,314,-244
111000122,192,723,-531
111000123,300,3268,-2968
111000124,207,3403,-3196
111000125,77,2089,-2012
111000126,19,861,-842
111000127,62,14,48
111000128,68,23,45
111000129,136,29,107
111000130,170,327,-157
111000131,145,190,-45
111000132,104,35,69
111000133,46,84,-38
111000134,43,65,-22
111000135,7,67,-60
111000136,66,104,-38
111000138,6,3,3
111000140,2,2,0
111000141,26,198,-172
111000142,2,91,-89
111000143,1,55,-54
111000144,1,87,-86
111000145,0,0,0
111000146,0,0,0
111000147,0,0,0
111000148,17,73,-56
111000149,3,30,-27
111000150,5,6,-1
111000151,3,15,-12
111000153,272,208,64
111000154,284,95,189
111000155,18,87,-69
111000156,83,44,39
111000157,14,57,-43
111000158,262,117,145
111000159,1106,197,909
111000160,55,207,-152
111000161,1,167,-166
111000162,3,101,-98
111000163,145,500,-355
111000164,506,1005,-499
111000165,712,277,435
111000166,614,266,348
111000167,99,321,-222
111000168,74,264,-190
111000169,77,159,-82
111000170,175,161,14
111000171,230,698,-468
111000172,30,380,-350
111000173,98,782,-684
111000174,33,517,-484
111000175,14,238,-224
111000176,36,120,-84
111000177,30,194,-164
111000178,105,210,-105
111000179,32,134,-102
111000180,56,130,-74
111000181,153,156,-3
111000182,26,78,-52
111000183,32,69,-37
111000184,43,68,-25
111000185,107,402,-295
111000186,54,260,-206
111000187,18,236,-218
111000188,45,288,-243
111000189,1246,468,778
111000190,99,473,-374
111000191,81,439,-358
111000192,84,687,-603
111000193,221,391,-170
111000194,8,367,-359
111000195,15,399,-384
111000196,5,292,-287
111000197,23,54,-31
111000198,53,35,18
111000199,23,36,-13
111000200,28,83,-55
111000201,82,93,-11
111000202,51,88,-37
111000203,50,63,-13
111000204,52,72,-20
111000213,28,211,-183
111000214,583,1049,-466
111000215,401,926,-525
111000217,319,482,-163
111000218,315,534,-219
111000219,173,210,-37
111000220,2452,308,2144
111000221,328,154,174
111000224,0,99,-99
111000225,22,7,15
111000226,11,0,11
111000227,3,0,3
111000228,9,136,-127
111000229,23,182,-159
111000230,91,399,-308
111000231,82,1211,-1129
111000232,97,645,-548
111000233,149,550,-401
111000234,32,141,-109
111000239,115,224,-109
111000240,6,12,-6
111000241,19,479,-460
111000242,4,5,-1
111000243,18,810,-792
111000244,16,13,3
111000245,101,451,-350
111000246,49,544,-495
111000247,51,1123,-1072
111000248,148,271,-123
111000249,175,794,-619
111000250,27,166,-139
111000251,37,146,-109
111000253,0,0,0
111000255,0,0,0
111000257,0,0,0
111000260,24,1135,-1111
111000261,156,19,137
111000271,12,303,-291
111000273,5046,684,4362
111000274,619,1006,-387
111000275,26,11,15
111000276,178,2350,-2172
111000277,100,410,-310
111000278,179,116,63
111000291,138,798,-660
111000298,168,187,-19
111000299,103,13,90
111000300,63,492,-429
111000302,70,73,-3
111000303,41,230,-189
111000312,26,47,-21
111000315,0,6,-6
111000320,206,372,-166
111000321,63,23,40
111000322,49,370,-321
111000323,25,11,14
111000324,103,176,-73
111000325,4,48,-44
111000326,45,279,-234
111000327,69,241,-172
111000328,60,205,-145
111000329,1,15,-14
111000330,6,8,-2
111000331,4,4,0
111000332,165,779,-614
111000334,224,1261,-1037
111000335,91,81,10
111000337,116,382,-266
111000338,8,135,-127
111000339,77,881,-804
111000340,26,697,-671
111000341,277,102,175
111000342,10,192,-182
111000344,288,443,-155
111000345,9,8,1
111000346,4,75,-71
111000347,12,6,6
111000350,38,27,11
111000351,15,131,-116
111000352,26,24,2
111000353,18,234,-216
111000354,52,37,15
111000355,82,569,-487
111000358,30,1555,-1525
111000360,18,903,-885
111000361,11,387,-376
111000546,68,712,-644
111000547,34,407,-373
111000548,41,157,-116
111000549,32,250,-218
111000550,41,168,-127
111000551,208,49,159
111000552,37,9,28
111000907,15,3,12
111000908,0,0,0
111000916,167,192,-25
111000917,7,244,-237
111000918,28,901,-873
111000920,69,6,63
111000921,0,320,-320
111000922,84,283,-199
111000924,9,961,-952
111000925,413,634,-221
111000926,483,2012,-1529
111000927,1985,1275,710
111000928,6349,2530,3819
111000929,279,410,-131
111000930,341,1963,-1622
111000931,642,755,-113
111000932,2519,1947,572
111000933,1256,673,583
111000934,1627,2113,-486
111000935,248,474,-226
111000936,375,1657,-1282
111000937,220,457,-237
111000938,982,1783,-801
111000939,6,1,5
111000940,70,179,-109
111000941,96,320,-224
111000943,34,139,-105
111000944,34,518,-484
111000945,6,1779,-1773
111001109,37,30,7
111001110,54,508,-454
111001111,9,2,7
111001112,12,1,11
111001113,18,52,-34
111001114,256,12,244
111001115,19,257,-238
111001116,2350,315,2035
111001117,636,342,294
111001120,41,199,-158
111001121,37,256,-219
111001122,22,311,-289
111900001,1,172,-171
111900002,5,827,-822
111900003,2,478,-476
111900004,3,151,-148
111900006,3,1,2
111900007,8,2,6
111900008,28,0,28
111900009,12,152,-140
111900010,91,528,-437
111900012,86,65,21
111900013,0,46,-46
111900014,7530,674,6856
111900015,1,55,-54
111900016,2,134,-132
111900017,0,133,-133
111900018,6,2,4
111900019,0,54,-54
111900020,2,30,-28
111900021,6,57,-51
111900022,4,32,-28
111900023,101,23,78
111900024,0,41,-41
111900025,0,23,-23
111900026,0,83,-83
111900027,4,118,-114
111900028,2,479,-477
111900029,3,73,-70
111900030,65,205,-140
111900031,1,63,-62
111900032,0,411,-411
111900033,6,84,-78
111900034,32,159,-127
111900035,5,165,-160
111900036,1,432,-431
111900038,147,269,-122
111900039,18,374,-356
111900040,3,689,-686
111900042,39,44,-5
111900043,2,517,-515
111900044,86,138,-52
111900046,43,262,-219
111900048,33,877,-844
111900049,21,419,-398
111900050,26,7,19
111900051,2,244,-242
111900052,276,663,-387
111900053,898,124,774
111900054,20,0,20
111900055,12,816,-804
111900056,106,48,58
111900057,19,30,-11
111900058,55,832,-777
111900059,846,58,788
111900060,38,2,36
111900061,4,368,-364
111900062,0,7,-7
111900063,23,174,-151
111900064,68,286,-218
111900065,14,7,7
111900066,9,44,-35
111900067,2,233,-231
111900068,7,7,0
111900069,10,3,7
111900070,12,40,-28
111900071,1,258,-257
111900072,7,2,5
111900073,126,20,106
111900074,2,178,-176
111900075,25,4,21
111900076,5,3,2
111900077,11,0,11
111900078,33,2,31
111900079,3,3,0
111900080,63,17,46
111900081,579,31,548
111900082,8,6,2
111900083,9,2,7
111900084,5,0,5
111900085,6,4,2
111900086,5,0,5
111900087,22,1,21
111900088,19,0,19
111900089,6,2,4
111900090,43,4,39
111900091,13,1,12
111900092,6,0,6
111900093,51,0,51
111900094,4,0,4
111900095,29,1,28
111900096,10,0,10
111900097,12,0,12
111900098,6,0,6
111900099,3,0,3
111900100,14,0,14
111900101,12,3,9
111900102,43,791,-748
111900103,23,4,19
111900104,5,22,-17
111900105,63,70,-7
111900106,1618,28,1590
111900107,32,57,-25
111900108,39,12,27
111900109,191,37,154
111900110,3744,92,3652
111900111,19,153,-134
111900112,618,317,301
111900113,133,35,98
111900114,168,72,96
111900115,5,25,-20
111900118,6,11,-5
111900119,32,18,14
111900122,15,10,5
111900123,2,3,-1
111900124,21,74,-53
111900125,60,3,57
111900126,30,0,30
111900127,2,525,-523
111900128,2,448,-446
111900129,25,2,23
111900130,10,2,8
111900131,48,0,48
111900132,13,912,-899
111900133,3,309,-306
111900134,15,324,-309
111900135,1,9,-8
111900136,22,16,6
111900137,30,18,12
111900138,1,38,-37
111900139,3,101,-98
111900140,6,12,-6
111900141,2,14,-12
111900142,34,6,28
111900143,5,356,-351
111900144,1,149,-148
111900145,7,879,-872
111900146,5,462,-457
111900147,109,613,-504
111900148,16,1019,-1003
111900149,4,535,-531
111900150,12,189,-177
111900151,4,34,-30
111900152,84,15,69
111900153,1256,73,1183
111900154,2,51,-49
111900155,25,6,19
111900156,1,5,-4
111900157,5,2,3
111900158,41,1,40
111900159,24,0,24
111900160,24,0,24
111900161,5,0,5
111900162,35,16,19
111900163,11,114,-103
111900164,2,4,-2
111901113,27,208,-181
111901114,12,334,-322
111901115,19,0,19
111901116,4,0,4
111901117,6,6,0
111901118,47,29,18
111901119,1376,74,1302
111901120,79,234,-155
111901121,77,327,-250
111901122,1,538,-537
111901123,13,428,-415
111901124,27,0,27
111901125,44,2,42
111901126,41,5,36
111901127,844,127,717
111901128,4,104,-100
111901129,3,181,-178
111901130,3,280,-277
111901131,0,165,-165
111901132,4,3,1
111901133,2,0,2
111901134,4,0,4
111901135,1,0,1
111901136,1,0,1
111901137,0,10,-10
111901138,5,60,-55
111901139,1,77,-76
111901140,7,139,-132
111901141,5,251,-246
111901142,3,127,-124
111901143,1,55,-54
111901144,7,3,4
112000001,425,294,131
112000002,446,1838,-1392
112000003,242,379,-137
112000004,248,1430,-1182
112000005,543,469,74
112000006,814,1600,-786
112000007,437,502,-65
112000008,827,1609,-782
112000009,2232,2337,-105
112000010,882,1097,-215
112000011,1063,1960,-897
112000012,3772,790,2982
112000013,5779,2573,3206
112000014,1184,290,894
112000015,1616,1187,429
112000016,1242,521,721
112000017,675,855,-180
112000024,1300,489,811
112000026,3504,4021,-517
112000027,112,144,-32
112000028,1027,1581,-554
112000029,193,181,12
112000030,144,122,22
112000031,1214,1023,191
112000032,672,38,634
112000033,1879,362,1517
112000034,308,17,291
112000035,24,236,-212
112000036,250,246,4
112000037,284,843,-559
112000038,419,530,-111
112000039,5,58,-53
112000040,96,363,-267
112000041,161,489,-328
112000042,549,182,367
112000050,122,435,-313
112000051,174,319,-145
112000054,1208,1825,-617
112000057,496,181,315
112000058,315,237,78
112000059,531,149,382
112000061,5669,1019,4650
112000062,3578,320,3258
112000063,1605,429,1176
112000064,4811,4876,-65
112000065,1971,2550,-579
112000066,991,262,729
112000067,382,510,-128
112000068,351,338,13
112000069,215,2587,-2372
112000070,363,168,195
112000071,302,2922,-2620
112000072,304,480,-176
112000073,442,1282,-840
112000074,147,372,-225
112000075,220,344,-124
112000076,1857,2027,-170
112000077,156,600,-444
112000078,309,474,-165
112000079,526,1116,-590
112000080,150,603,-453
112000081,508,1385,-877
112000082,342,197,145
112000083,272,1494,-1222
112000084,384,279,105
112000085,272,1154,-882
112000086,303,722,-419
112000087,53,397,-344
112000088,81,368,-287
112000089,56,291,-235
112000090,46,221,-175
112000091,246,1201,-955
112000092,352,362,-10
112000093,716,1107,-391
112000094,144,315,-171
112000095,214,680,-466
112000096,65,342,-277
112000097,124,200,-76
112000098,361,1616,-1255
112000099,137,134,3
112000100,279,438,-159
112000101,145,977,-832
112000102,214,239,-25
112000103,137,1346,-1209
112000105,148,1746,-1598
112000106,242,246,-4
112000107,1,86,-85
112000108,54,1111,-1057
112000109,7,20,-13
112000110,172,110,62
112000111,667,4897,-4230
112000112,1044,184,860
112000113,733,2540,-1807
112000114,572,381,191
112000115,22,427,-405
112000116,172,802,-630
112000117,111,349,-238
112000118,323,787,-464
112000119,190,756,-566
112000120,16,302,-286
112000121,17,434,-417
112000122,23,49,-26
112000123,54,37,17
112000124,32,16,16
112000125,9,62,-53
112000126,26,525,-499
112000127,1355,402,953
112000128,728,272,456
112000129,12,80,-68
112000130,13,33,-20
112000131,3,227,-224
112000132,14,249,-235
112000133,48,202,-154
112000134,96,329,-233
112000135,121,193,-72
112000136,252,1037,-785
112000137,153,368,-215
112000138,284,1193,-909
112000139,202,72,130
112000140,358,959,-601
112000141,124,106,18
112000142,62,931,-869
112000143,172,88,84
112000144,149,1502,-1353
112000145,521,370,151
112000146,379,1902,-1523
112000147,318,610,-292
112000148,679,1571,-892
112000149,42,291,-249
112000150,29,456,-427
112000151,70,205,-135
112000152,65,232,-167
112000153,43,83,-40
112000154,22,43,-21
112000155,48,31,17
112000157,210,173,37
112000158,36,450,-414
112000159,125,235,-110
112000167,69,9,60
112000169,147,259,-112
112000173,108,239,-131
112000175,67,293,-226
112000176,4666,1255,3411
112000177,90,58,32
112000178,36,358,-322
112000179,43,138,-95
112000180,87,167,-80
112000181,448,1462,-1014
112000182,103,1661,-1558
112000183,21,82,-61
112000184,42,242,-200
112000185,82,415,-333
112000187,1738,1807,-69
112000195,19,5,14
112000196,63,0,63
112000197,48,45,3
112000198,12,419,-407
112000199,43,772,-729
112000202,0,0,0
112000216,32,54,-22
112000230,17,2,15
112000231,3,443,-440
112000256,4,15,-11
112000313,89,210,-121
112000314,14,1,13
112000337,80,469,-389
112000352,47,82,-35
112000392,1675,686,989
112000398,280,304,-24
112000399,579,486,93
112000400,1160,2914,-1754
112000401,1248,1939,-691
112000402,453,800,-347
112000403,576,496,80
112000404,151,226,-75
112000405,456,916,-460
112000406,1912,2464,-552
112000407,1469,2421,-952
112000408,7326,4838,2488
112000409,991,3377,-2386
112000410,60,38,22
112000411,4136,174,3962
112000412,622,128,494
112000413,7175,521,6654
112000414,29,58,-29
112000415,27,14,13
112000416,430,514,-84
112000417,55,40,15
112000421,6,95,-89
112000422,133,373,-240
112000424,1303,556,747
112000425,158,733,-575
112000426,29,126,-97
112000427,0,6,-6
112000428,14,319,-305
112000429,736,1823,-1087
112000430,793,2045,-1252
112000431,12,14,-2
112000432,273,2195,-1922
112000433,314,214,100
112000437,11,300,-289
112900001,2,1,1
112900002,24,1295,-1271
112900003,14,212,-198
112900004,4,358,-354
112900005,15,198,-183
112900006,1,455,-454
112900007,0,134,-134
112900008,0,2,-2
112900009,66,12,54
112900010,21,530,-509
112900011,234,175,59
112900012,2,52,-50
112900013,0,89,-89
112900014,0,209,-209
112900015,200,903,-703
112900016,0,99,-99
112900017,18,129,-111
112900018,1,311,-310
112900019,44,86,-42
112900020,506,1537,-1031
112900021,3,143,-140
112900022,3,45,-42
112900023,0,220,-220
112900024,7,113,-106
112900025,71,135,-64
112900026,4,231,-227
112900027,9,1156,-1147
112900028,20,58,-38
112900029,1,400,-399
112900030,160,182,-22
112900031,2,541,-539
112900032,77,194,-117
112900034,1,38,-37
112900035,1,404,-403
112900036,23,130,-107
112900037,58,24,34
112900038,58,125,-67
112900039,5,280,-275
112900040,5,334,-329
112900041,815,360,455
112900042,9,432,-423
112900043,2,36,-34
112900044,293,307,-14
112900045,392,224,168
112900046,188,33,155
112900047,6,7,-1
112900049,5,69,-64
112900050,78,720,-642
112900051,228,733,-505
112900052,10,930,-920
112900053,132,66,66
112900054,261,24,237
112900055,92,6,86
112900056,42,41,1
112900057,3,747,-744
112900058,161,46,115
112900059,29,85,-56
112900060,3,214,-211
112900061,19,138,-119
112900062,22,169,-147
112900063,19,2,17
112900064,59,82,-23
112900065,0,1,-1
112900066,43,42,1
112900067,409,65,344
112900068,5,2,3
112900069,2217,139,2078
112900071,7,0,7
112900072,135,205,-70
112900073,53,8,45
112900074,5,18,-13
112900075,1733,145,1588
112900076,10,0,10
112900078,46,84,-38
112900079,26,4,22
112900080,3,0,3
112900081,33,34,-1
112900082,78,3,75
112900083,8,4,4
112900084,16,9,7
112900085,0,0,0
112900086,3,0,3
112900087,150,31,119
112900088,2,0,2
112900089,204,2,202
112900090,1,1,0
112900091,9,0,9
112900092,68,26,42
112900093,117,3,114
112900094,7,1,6
112900095,1,0,1
112900096,84,52,32
112900097,13,339,-326
112900098,3,0,3
112900099,132,6,126
112900100,3,1,2
112900101,20,0,20
112900102,31,2,29
112900103,9,1,8
112900104,2,0,2
112900105,0,0,0
112900106,57,20,37
112900107,3,2,1
112900108,0,0,0
112900109,8,0,8
112900110,56,3,53
112900111,82,0,82
112900112,12,0,12
112900113,0,3,-3
112900114,9,10,-1
112900115,142,2,140
112900116,3,25,-22
112900117,76,58,18
112900118,17,52,-35
112900119,5,0,5
112900120,497,112,385
112900121,120,102,18
112900122,7,137,-130
112900123,51,6,45
112900124,1,114,-113
112900125,34,110,-76
112900126,82,171,-89
112900127,60,7,53
112900128,265,498,-233
112900129,1,1103,-1102
112900130,58,33,25
112900131,46,163,-117
112900132,34,416,-382
112900133,11,1334,-1323
112900134,0,343,-343
112900135,28,5,23
112900136,0,36,-36
112900137,1,802,-801
112900138,7,497,-490
112900139,115,1384,-1269
112900140,0,73,-73
112900141,65,24,41
112900142,53,17,36
112900143,28,603,-575
112900144,1,218,-217
112900145,35,432,-397
112900146,5,1172,-1167
112900147,8,2385,-2377
112900148,1,0,1
112900149,62,273,-211
112900151,4,7,-3
112900152,4354,751,3603
112900153,511,206,305
112900154,0,29,-29
112900155,7,0,7
112900156,24,1585,-1561
112900157,13,8,5
112900158,12,15,-3
112900159,25,22,3
112900160,12,240,-228
112900161,13,8,5
112900162,11,4,7
112900163,37,4,33
112900164,7,20,-13
112900165,31,14,17
112900166,19,0,19
112900167,2,11,-9
112900168,0,2,-2
112900169,5,0,5
112900170,4,62,-58
112900172,94,0,94
112900173,127,53,74
112900174,80,5,75
112900175,89,14,75
112900176,4,5,-1
112900177,36,4,32
112900178,147,237,-90
112900179,20,562,-542
112900180,235,2536,-2301
112900181,60,2,58
112900182,10,1477,-1467
112900183,39,78,-39
112900184,230,168,62
112900185,112,160,-48
112900186,1011,318,693
112900187,21,54,-33
112900188,764,200,564
112900189,0,28,-28
112900190,0,59,-59
112900192,148,68,80
112900193,443,91,352
112900194,2,139,-137
112900195,90,8,82
112900196,183,792,-609
112900197,43,383,-340
112900199,45,406,-361
112900200,92,123,-31
112900201,29,22,7
112900202,23,797,-774
112900203,7,174,-167
112900204,331,125,206
112900205,0,1,-1
112900206,1,10,-9
112900207,0,0,0
112900208,26,37,-11
112900209,165,357,-192
112900210,0,17,-17
112900211,14,10,4
112900212,0,18,-18
112900213,1,15,-14
112900214,5,0,5
112900215,2,179,-177
112900216,14,29,-15
112900217,0,61,-61
112900218,25,12,13
112900219,1,10,-9
112900220,0,0,0
112900221,1,110,-109
112900222,0,14,-14
112900223,205,4,201
112900224,30,796,-766
112900225,36,606,-570
112900226,144,69,75
112900227,42,1228,-1186
112900228,5,12,-7
112900229,5,23,-18
112900230,7664,1189,6475
112900232,124,84,40
112900233,7,168,-161
112900234,1,91,-90
112900235,4,5,-1
112900236,16,13,3
112900237,16,322,-306
112900238,0,41,-41
113000001,2592,2656,-64
113000002,1693,1927,-234
113000003,1186,923,263
113000004,1339,1072,267
113000005,564,682,-118
113000006,305,775,-470
113000007,781,926,-145
113000008,698,1045,-347
113000009,328,612,-284
113000010,346,948,-602
113000011,314,1311,-997
113000012,300,240,60
113000013,293,217,76
113000014,878,784,94
113000015,164,94,70
113000016,97,152,-55
113000017,22,191,-169
113000018,27,21,6
113000019,29,220,-191
113000020,5,3,2
113000021,106,396,-290
113000022,188,1167,-979
113000025,18,175,-157
113000026,56,198,-142
113000027,213,197,16
113000028,540,348,192
113000029,545,222,323
113000030,544,429,115
113000031,301,177,124
113000032,193,114,79
113000033,286,172,114
113000034,472,234,238
113000035,32,20,12
113000036,14,22,-8
113000037,45,29,16
113000038,20,37,-17
113000039,42,260,-218
113000040,18,83,-65
113000042,324,202,122
113000051,313,831,-518
113000052,1729,656,1073
113000053,105,548,-443
113000054,97,344,-247
113000055,249,572,-323
113000056,259,1372,-1113
113000058,530,893,-363
113000059,343,295,48
113000060,46,396,-350
113000061,390,724,-334
113000062,843,64,779
113000063,26,192,-166
113000064,8,293,-285
113000065,74,1042,-968
113000066,76,71,5
113000067,428,554,-126
113000068,162,1694,-1532
113000069,147,1163,-1016
113000070,317,396,-79
113000071,102,624,-522
113000072,137,292,-155
113000073,343,1089,-746
113000074,507,180,327
113000075,969,186,783
113000076,876,1125,-249
113000077,772,175,597
113000078,560,1026,-466
113000079,547,415,132
113000080,416,213,203
113000081,381,479,-98
113000082,671,545,126
113000083,150,297,-147
113000084,812,813,-1
113000085,208,287,-79
113000086,428,736,-308
113000087,261,366,-105
113000088,1177,845,332
113000089,258,698,-440
113000090,48,117,-69
113000091,716,211,505
113000094,129,76,53
113000095,138,1120,-982
113000096,128,706,-578
113000097,229,146,83
113000098,41,12,29
113000099,818,66,752
113000100,75,375,-300
113000101,233,408,-175
113000102,150,78,72
113000103,1376,508,868
113000104,198,1198,-1000
113000105,99,190,-91
113000106,134,444,-310
113000107,203,516,-313
113000108,409,1069,-660
113000109,283,1237,-954
113000110,773,180,593
113000111,18,184,-166
113000112,87,97,-10
113000113,1558,102,1456
113000114,270,551,-281
113000116,345,175,170
113000117,516,137,379
113000118,43,153,-110
113000119,61,394,-333
113000120,15,140,-125
113000121,249,639,-390
113000124,37,80,-43
113000125,5,186,-181
113000127,3188,503,2685
113000128,253,306,-53
113000129,567,628,-61
113000133,3848,495,3353
113000134,3,401,-398
113000135,849,702,147
113000137,990,474,516
113000139,290,62,228
113000140,192,206,-14
113000141,225,55,170
113000142,485,513,-28
113000143,144,76,68
113000144,295,405,-110
113000145,36,97,-61
113000146,75,49,26
113000147,74,141,-67
113000148,36,174,-138
113000149,68,267,-199
113000150,345,283,62
113000151,85,55,30
113000152,39,176,-137
113000153,1137,354,783
113000154,374,542,-168
113000155,133,160,-27
113000156,109,344,-235
113000157,146,648,-502
113000158,274,95,179
113000159,492,303,189
113000160,291,986,-695
113000161,107,620,-513
113000162,408,191,217
113000163,21,11,10
113000164,17,143,-126
113000166,10,12,-2
113000167,10,206,-196
113000168,33,208,-175
113000169,37,10,27
113000170,18,7,11
113000171,56,70,-14
113000172,71,17,54
113000173,9,1,8
113000174,80,545,-465
113000175,63,24,39
113000176,97,28,69
113000177,46,465,-419
113000178,44,418,-374
113000179,63,19,44
113000180,156,720,-564
113000181,239,861,-622
113000182,104,128,-24
113000183,91,420,-329
113000184,16,106,-90
113000189,298,309,-11
113000190,1480,238,1242
113000192,1265,910,355
113000193,2086,485,1601
113000194,817,782,35
113000195,843,346,497
113000196,9,43,-34
113000197,354,367,-13
113000198,10,147,-137
113000199,303,283,20
113000201,47,81,-34
113000202,2375,597,1778
113000203,47,22,25
113000204,720,794,-74
113000205,8,25,-17
113000206,2,23,-21
113000207,28,15,13
113000208,26,24,2
113000209,9,17,-8
113000210,7,14,-7
113000211,121,59,62
113000212,163,15,148
113000213,4,45,-41
113000214,42,128,-86
113000234,86,1553,-1467
113000410,18,25,-7
113000411,1677,2465,-788
113000412,9180,1194,7986
113000413,4105,1270,2835
113000414,10786,3996,6790
113000415,2027,1503,524
113000416,8391,2167,6224
113000417,2568,1661,907
113000418,1631,1470,161
113000419,991,1052,-61
113000420,2938,1735,1203
113000421,1991,1864,127
113000422,17296,3244,14052
113000423,2949,1948,1001
113000424,4056,2785,1271
113000425,7,37,-30
113000428,7,4,3
113000430,0,0,0
113000432,247,18,229
113000433,107,830,-723
113000434,10,409,-399
113000435,5,904,-899
113000436,20,1401,-1381
113000437,37,4,33
113000438,59,4,55
113000439,4,184,-180
113000440,5,15,-10
113000441,21,103,-82
113000442,29,343,-314
113000443,16,169,-153
113000444,27,336,-309
113000445,12,60,-48
113000446,8,61,-53
113000448,75,88,-13
113000449,119,121,-2
113000450,333,421,-88
113000451,689,47,642
113000452,91,65,26
113000453,46,169,-123
113000454,124,8,116
113000455,0,102,-102
113000456,2468,1366,1102
113000468,2453,290,2163
113000469,173,88,85
113000470,444,58,386
113000471,13,161,-148
113000472,15,171,-156
113000474,115,528,-413
113000475,693,1271,-578
113000476,365,1387,-1022
113000477,861,1556,-695
113000478,1949,3987,-2038
113000479,30,137,-107
113000480,56,51,5
113000482,0,1,-1
113000483,0,0,0
113000485,0,0,0
113000486,0,0,0
113000487,0,0,0
113000488,0,0,0
113000489,0,0,0
113000490,0,0,0
113000491,0,0,0
113000492,0,0,0
113000493,0,0,0
113000495,77,181,-104
113000496,6,54,-48
113000497,0,1,-1
113000500,0,4,-4
113900001,0,12,-12
113900002,0,31,-31
113900003,0,14,-14
113900004,0,1,-1
113900005,0,1,-1
113900006,2,1,1
113900007,0,0,0
113900008,3,0,3
113900009,13,0,13
113900010,7,0,7
113900011,0,0,0
113900012,1,0,1
113900013,42,0,42
113900014,178,0,178
113900015,0,41,-41
113900016,8,0,8
113900017,0,39,-39
113900018,296,21,275
113900019,20,29,-9
113900020,20,0,20
113900022,0,0,0
113900023,0,0,0
113900024,38,60,-22
113900025,174,11,163
113900026,4,0,4
113900027,2,43,-41
113900028,11,255,-244
113900029,3,240,-237
113900030,36,0,36
113900031,0,0,0
113900032,3,0,3
113900033,7,41,-34
113900035,9,0,9
113900036,2,80,-78
113900037,43,482,-439
113900038,3,12,-9
113900039,17,2,15
113900040,0,2,-2
113900041,2,0,2
113900042,14,20,-6
113900043,95,73,22
113900044,46,15,31
113900045,12,2,10
113900046,350,770,-420
113900047,9,100,-91
113900048,407,15,392
113900049,763,48,715
113900050,96,311,-215
113900051,43,379,-336
113900052,75,57,18
113900053,135,50,85
113900054,5,0,5
113900055,31,680,-649
113900056,6,114,-108
113900057,18,106,-88
113900058,15,172,-157
113900059,29,355,-326
113900060,48,254,-206
113900061,447,22,425
113900062,11,3,8
113900063,7,117,-110
113900064,5,134,-129
113900065,92,3,89
113900066,46,384,-338
113900067,3,383,-380
113900068,80,167,-87
113900069,25,3,22
113900070,104,442,-338
113900071,7,71,-64
113900072,12,137,-125
113900073,53,219,-166
113900074,2,377,-375
113900075,252,272,-20
113900076,44,0,44
113900077,16,270,-254
113900078,6,43,-37
113900079,0,52,-52
113900080,127,50,77
113900081,12,212,-200
113900082,26,151,-125
113900083,36,546,-510
113900084,59,37,22
113900085,13,344,-331
113900086,1,8,-7
113900087,14,278,-264
113900088,3,22,-19
113900089,86,8,78
113900090,132,111,21
113900091,23,21,2
113900092,4,36,-32
113900093,25,221,-196
113900094,37,401,-364
113900095,28,29,-1
113900096,14,22,-8
113900097,1,113,-112
113900098,116,12,104
113900099,0,34,-34
113900100,0,1,-1
113900101,6,21,-15
113900102,11,58,-47
113900103,112,130,-18
113900104,34,57,-23
113900105,15,302,-287
113900106,0,81,-81
113900107,0,31,-31
113900108,97,97,0
113900109,239,80,159
113900110,6,1,5
113900111,3,92,-89
113900112,14,81,-67
113900113,209,167,42
113900114,1,123,-122
113900115,1,82,-81
113900116,30,61,-31
113900117,23,8,15
113900118,68,106,-38
113900119,225,102,123
113900120,3,9,-6
113900121,15,63,-48
113900122,133,361,-228
113900123,128,64,64
113900124,0,46,-46
113900125,1021,163,858
113900126,33,19,14
113900127,89,176,-87
113900128,20,19,1
113900129,1,39,-38
113900130,0,7,-7
113900131,33,27,6
113900132,28,18,10
113900133,14,18,-4
113900135,70,291,-221
113900136,46,50,-4
113900137,73,51,22
113900138,37,69,-32
113900139,485,32,453
113900140,339,85,254
113900141,59,343,-284
113900142,17,62,-45
113900143,19,7,12
113900144,186,53,133
113900145,53,102,-49
113900146,44,41,3
113900148,62,98,-36
113900149,52,5,47
113900150,1832,340,1492
113900151,41,88,-47
113900152,10,67,-57
113900153,550,267,283
113900154,0,49,-49
113900155,226,42,184
113900156,116,573,-457
113900157,6,177,-171
113900158,437,48,389
113900159,5,77,-72
113900160,237,681,-444
113900161,7,58,-51
113900162,405,293,112
113900163,85,127,-42
113900164,58,11,47
113900165,396,458,-62
113900166,177,40,137
113900167,38,35,3
113900168,55,110,-55
113900169,81,451,-370
113900171,15,9,6
113900172,2,181,-179
113900173,74,542,-468
113900174,122,830,-708
113900175,47,32,15
113900176,54,778,-724
113900177,97,125,-28
113900178,58,29,29
113900179,9,640,-631
113900180,74,132,-58
113900181,163,26,137
113900182,137,743,-606
113900183,28,53,-25
113900184,12,540,-528
113900185,52,67,-15
113900186,14,29,-15
113900187,29,133,-104
113900188,12,104,-92
113900189,61,9,52
113900190,245,68,177
113900191,72,168,-96
113900192,4,179,-175
113900193,11,334,-323
113900194,1657,678,979
113900195,154,417,-263
113900196,1,95,-94
113900197,1,306,-305
113900198,5,96,-91
113900199,171,618,-447
113900200,13,214,-201
113900201,1,276,-275
113900202,35,120,-85
113900203,3,318,-315
113900204,14,551,-537
113900205,14,42,-28
113900206,4,68,-64
113900207,0,42,-42
113900208,0,33,-33
113900209,0,81,-81
113900210,361,220,141
113900211,55,9,46
113900212,25,466,-441
113900214,344,217,127
113900215,9,103,-94
113900216,6,1104,-1098
113900217,15,319,-304
113900218,42,15,27
113900219,72,377,-305
113900220,30,15,15
113900221,126,69,57
113900222,35,115,-80
113900223,15,1025,-1010
113900224,97,48,49
113900225,557,113,444
113900226,121,112,9
113900227,106,92,14
113900228,209,146,63
113900229,12,247,-235
113900230,3784,616,3168
113900231,64,199,-135
113900232,22,78,-56
113900233,6,40,-34
113900234,43,101,-58
113900235,5,6,-1
113900236,9,269,-260
113900237,15,9,6
113900238,117,168,-51
113900239,11,27,-16
113900240,3,61,-58
113900241,111,47,64
113900242,10,102,-92
113900243,99,279,-180
113900244,495,65,430
113900245,1297,153,1144
113900246,12,4,8
113900247,110,121,-11
113900248,3580,462,3118
113900249,699,110,589
113900250,20,28,-8
113900251,120,233,-113
113900252,117,2,115
113900253,211,8,203
113900254,89,25,64
113900255,95,4,91
113900256,50,13,37
113900257,22,630,-608
113900258,7,553,-546
113900259,92,224,-132
113900260,20,10,10
113900261,5,141,-136
113900262,31,694,-663
113900263,21,362,-341
113900264,1,605,-604
113900265,60,322,-262
113900266,11,315,-304
113900267,73,444,-371
113900268,83,134,-51
113900269,18,97,-79
113900270,102,158,-56
113900271,163,1378,-1215
113900273,3,0,3
113900274,1,1,0
113900275,7,40,-33
113900276,1,271,-270
113900277,19,0,19
113900278,133,151,-18
113900279,77,73,4
113900280,519,327,192
113900281,126,581,-455
113900282,536,190,346
113900283,90,304,-214
113900284,124,47,77
113900285,34,22,12
113900286,32,146,-114
113900287,11,102,-91
113900288,0,52,-52
113900289,1351,27,1324
113900290,328,35,293
113900291,81,149,-68
113900292,0,2,-2
113900293,0,167,-167
113900294,84,9,75
113900295,143,126,17
113900296,1996,201,1795
113900297,137,12,125
113900298,5,1246,-1241
113900299,16,158,-142
113900300,6166,1081,5085
113900301,369,49,320
113900302,1557,276,1281
113900303,442,38,404
113900304,1,200,-199
113900305,8,0,8
113900306,0,0,0
113900307,25,2,23
113900308,44,83,-39
113900309,4,878,-874
113900310,0,8,-8
113900311,0,1,-1
113900312,21,69,-48
113900313,48,3,45
114000001,726,2542,-1816
114000002,83,412,-329
114000003,47,263,-216
114000004,48,107,-59
114000005,90,180,-90
114000006,1899,1812,87
114000007,383,1318,-935
114000008,1161,682,479
114000009,101,84,17
114000011,1262,2048,-786
114000012,581,2117,-1536
114000013,432,1646,-1214
114000014,172,276,-104
114000015,364,465,-101
114000016,136,328,-192
114000017,56,53,3
114000018,326,60,266
114000026,316,1323,-1007
114000027,675,1275,-600
114000028,836,1123,-287
114000038,63,118,-55
114000039,42,134,-92
114000040,48,184,-136
114000042,44,152,-108
114000043,7,217,-210
114000044,28,46,-18
114000045,14,111,-97
114000046,1234,4241,-3007
114000047,2,87,-85
114000048,16,27,-11
114000049,648,583,65
114000050,541,551,-10
114000051,1690,827,863
114000052,1614,539,1075
114000053,15,272,-257
114000054,21,1183,-1162
114000055,92,7,85
114000056,389,355,34
114000057,6819,1655,5164
114000058,179,185,-6
114000059,156,85,71
114000060,119,557,-438
114000061,1689,409,1280
114000062,807,273,534
114000063,2167,1115,1052
114000064,6987,1605,5382
114000065,955,1428,-473
114000066,68,415,-347
114000067,7,99,-92
114000068,286,279,7
114000069,357,267,90
114000070,1014,503,511
114000071,142,739,-597
114000072,69,390,-321
114000073,1,49,-48
114000074,2,18,-16
114000075,1,60,-59
114000076,0,56,-56
114000077,0,8,-8
114000078,59,1465,-1406
114000079,24,32,-8
114000080,26,30,-4
114000081,2,12,-10
114000082,26,549,-523
114000083,16,244,-228
114000084,27,40,-13
114000085,49,715,-666
114000086,53,671,-618
114000087,23,291,-268
114000088,8,33,-25
114000089,1071,296,775
114000090,140,107,33
114000091,523,250,273
114000092,414,159,255
114000093,350,367,-17
114000094,132,147,-15
114000095,17,23,-6
114000096,45,458,-413
114000097,17,882,-865
114000098,34,19,15
114000099,95,1300,-1205
114000100,208,499,-291
114000101,228,1410,-1182
114000102,40,103,-63
114000103,24,429,-405
114000104,1,246,-245
114000105,17,38,-21
114000106,732,211,521
114000107,57,94,-37
114000108,1362,1024,338
114000109,24,87,-63
114000110,218,1345,-1127
114000111,137,91,46
114000112,87,1100,-1013
114000113,50,23,27
114000114,669,1147,-478
114000115,239,94,145
114000116,53,224,-171
114000117,295,131,164
114000118,265,127,138
114000119,189,97,92
114000120,258,838,-580
114000121,173,384,-211
114000122,166,167,-1
114000123,117,96,21
114000124,71,118,-47
114000125,385,1270,-885
114000126,171,48,123
114000127,8,71,-63
114000128,99,186,-87
114000130,30,26,4
114000131,31,9,22
114000132,301,707,-406
114000133,655,1168,-513
114000134,27,221,-194
114000138,23,172,-149
114000139,102,69,33
114000144,178,163,15
114000145,26,226,-200
114000146,33,360,-327
114000147,464,413,51
114000148,1092,172,920
114000149,56,71,-15
114000150,528,418,110
114000151,505,381,124
114000152,21,8,13
114000153,493,798,-305
114000154,399,400,-1
114000155,578,736,-158
114000156,200,231,-31
114000157,82,362,-280
114000158,2229,480,1749
114000159,133,277,-144
114000160,87,173,-86
114000161,505,410,95
114000162,277,302,-25
114000163,4,168,-164
114000165,91,74,17
114000166,229,44,185
114000167,2605,640,1965
114000168,411,520,-109
114000169,359,167,192
114000170,232,156,76
114000171,175,280,-105
114000174,67,326,-259
114000176,277,260,17
114000177,1914,498,1416
114000178,12,40,-28
114000179,263,78,185
114000180,187,358,-171
114000181,654,1058,-404
114000182,3728,1346,2382
114000183,646,674,-28
114000184,5887,1264,4623
114000185,126,140,-14
114000189,49,14,35
114000190,380,32,348
114000191,8,13,-5
114000192,230,1353,-1123
114000193,854,3081,-2227
114000194,543,1022,-479
114000195,17,1,16
114000196,4,217,-213
114000197,241,17,224
114000198,1055,328,727
114000199,1331,652,679
114000200,276,2274,-1998
114000201,37,958,-921
114000202,498,583,-85
114000203,116,646,-530
114000204,49,333,-284
114000205,119,1322,-1203
114000206,202,1012,-810
114000207,341,2048,-1707
114000208,296,2937,-2641
114000209,397,2953,-2556
114000210,212,1593,-1381
114000211,295,854,-559
114000212,332,433,-101
114000213,376,289,87
114000214,17,182,-165
114000215,19,41,-22
114000216,99,19,80
114000217,3,261,-258
114000218,61,235,-174
114000219,161,208,-47
114000220,4,925,-921
114000221,93,78,15
114000222,100,863,-763
114000223,77,14,63
114000224,65,526,-461
114000225,50,436,-386
114000226,22,226,-204
114000227,211,255,-44
114000228,189,713,-524
114000229,222,875,-653
114000230,438,1364,-926
114000231,317,857,-540
114000232,89,59,30
114000233,422,56,366
114000234,287,669,-382
114000235,291,1128,-837
114000236,1,633,-632
114000237,28,987,-959
114000238,15,75,-60
114000239,99,1220,-1121
114000240,280,444,-164
114000241,135,787,-652
114000242,607,737,-130
114000243,279,392,-113
114000244,72,53,19
114000245,173,565,-392
114000246,83,38,45
114000247,166,519,-353
114000248,209,251,-42
114000249,174,269,-95
114000250,54,344,-290
114000251,50,314,-264
114000252,25,92,-67
114000253,6,54,-48
114000254,3,98,-95
114000255,338,110,228
114000256,697,204,493
114000257,419,1857,-1438
114000258,47,434,-387
114000259,6,295,-289
114000260,0,22,-22
114000261,2,0,2
114000262,24,211,-187
114000263,0,0,0
114000264,169,736,-567
114000265,0,13,-13
114000267,4,671,-667
114000268,2,1956,-1954
114000270,7,0,7
114000271,137,89,48
114000283,129,293,-164
114000285,59,299,-240
114000288,10,313,-303
114000289,373,69,304
114000293,41,234,-193
114000294,88,129,-41
114000395,153,66,87
114000396,72,112,-40
114000402,90,272,-182
114000403,90,425,-335
114000405,43,544,-501
114000423,51,508,-457
114000424,49,203,-154
114000425,73,642,-569
114000426,22,33,-11
114000427,18,92,-74
114000428,115,31,84
114000429,4,198,-194
114000432,14,112,-98
114000434,3,112,-109
114900001,120,1194,-1074
114900002,185,14,171
114900003,65,1646,-1581
114900004,46,49,-3
114900005,89,657,-568
114900006,9,14,-5
114900007,23,1,22
114900008,13,20,-7
114900010,2464,608,1856
114900011,19,43,-24
114900013,42,33,9
114900015,11,72,-61
114900018,303,37,266
114900020,31,29,2
114900021,74,57,17
114900022,4,352,-348
114900024,19,81,-62
114900025,95,159,-64
114900026,10,23,-13
114900027,51,162,-111
114900029,12,13,-1
114900030,48,151,-103
114900031,20,6,14
114900032,28,6,22
114900033,1045,128,917
114900034,44,284,-240
114900035,50,232,-182
114900036,135,1301,-1166
114900037,37,178,-141
114900038,95,1378,-1283
114900039,166,974,-808
114900040,21,194,-173
114900041,138,852,-714
114900042,152,1058,-906
114900043,514,191,323
114900044,7,9,-2
114900045,32,157,-125
114900046,10,111,-101
114900047,76,552,-476
114900048,28,143,-115
114900049,6,157,-151
114900050,15,502,-487
114900051,3,468,-465
114900052,120,109,11
114900053,35,160,-125
114900054,24,118,-94
114900057,47,0,47
114900058,1,181,-180
114900059,5,17,-12
114900060,679,248,431
114900061,55,166,-111
114900062,185,204,-19
114900063,19,231,-212
114900064,225,816,-591
114900065,75,455,-380
114900067,4,258,-254
114900068,24,135,-111
114900069,82,153,-71
114900070,123,498,-375
114900072,4,139,-135
114900073,0,201,-201
114900074,26,632,-606
114900075,16,1,15
114900076,3,369,-366
114900080,2240,223,2017
114900082,2241,739,1502
114900083,97,395,-298
114900084,100,322,-222
114900090,55,51,4
114900091,57,94,-37
114900095,311,83,228
114900096,270,357,-87
114900097,13,31,-18
114900098,1,117,-116
114900099,19,3,16
115000001,7809,5658,2151
115000002,1149,1198,-49
115000003,2676,4019,-1343
115000004,788,1694,-906
115000005,794,2513,-1719
115000006,171,602,-431
115000007,10,107,-97
115000008,166,131,35
115000009,41,184,-143
115000010,110,59,51
115000013,62,63,-1
115000015,35,81,-46
115000016,163,147,16
115000019,3,172,-169
115000020,119,54,65
115000021,228,247,-19
115000022,319,228,91
115000023,50,81,-31
115000024,904,367,537
115000025,147,94,53
115000026,103,265,-162
115000027,4,34,-30
115000028,66,458,-392
115000029,23,44,-21
115000030,151,727,-576
115000031,117,66,51
115000032,6,173,-167
115000033,15,7,8
115000034,60,687,-627
115000035,90,0,90
115000036,1,328,-327
115000037,28,1,27
115000038,15,131,-116
115000039,1261,897,364
115000040,3750,1302,2448
115000041,337,957,-620
115000042,260,335,-75
115000043,1788,1404,384
115000044,2865,3412,-547
115000045,775,2039,-1264
115000046,529,1141,-612
115000047,498,956,-458
115000048,861,2837,-1976
115000049,1068,2263,-1195
115000050,1153,810,343
115000051,1319,597,722
115000052,2959,1391,1568
115000053,660,599,61
115000054,564,872,-308
115000055,16,325,-309
115000056,14,63,-49
115000057,113,303,-190
115000058,28,35,-7
115000059,18,185,-167
115000061,15,18,-3
115000062,19,225,-206
115000063,28,198,-170
115000064,13,23,-10
115000065,14,120,-106
115000067,0,0,0
115000069,3,177,-174
115000070,10,314,-304
115000071,9,0,9
115000072,55,44,11
115000073,395,10,385
115000075,4,46,-42
115000076,2091,2719,-628
115000077,476,3693,-3217
115000078,256,1657,-1401
115000079,464,2055,-1591
115000080,624,2637,-2013
115000081,233,807,-574
115000082,1370,1703,-333
115000083,754,2997,-2243
115000084,238,529,-291
115000085,203,903,-700
115000086,113,526,-413
115000087,335,1051,-716
115000088,593,212,381
115000089,1209,1302,-93
115000090,432,66,366
115000091,191,928,-737
115000092,114,229,-115
115000093,0,0,0
115000094,5706,2068,3638
115000095,4466,2311,2155
115000096,165,1732,-1567
115000097,107,519,-412
115000098,227,656,-429
115000099,341,2434,-2093
115000100,165,267,-102
115000101,204,1275,-1071
115000102,113,107,6
115000103,201,830,-629
115000105,18,215,-197
115000106,66,100,-34
115000107,53,515,-462
115000108,3170,2274,896
115000109,3612,726,2886
115000110,675,419,256
115000111,402,824,-422
115000112,296,283,13
115000113,438,460,-22
115000114,1065,520,545
115000116,1992,653,1339
115000117,2275,798,1477
115000118,642,743,-101
115000119,737,838,-101
115000120,237,379,-142
115000121,1015,478,537
115000122,2095,452,1643
115000123,1294,594,700
115000124,233,313,-80
115000125,170,440,-270
115000126,96,218,-122
115000127,111,131,-20
115000128,587,359,228
115000129,25,72,-47
115000130,72,779,-707
115000131,52,202,-150
115000132,23,357,-334
115000133,28,280,-252
115000134,30,150,-120
115000135,18,185,-167
115000136,39,86,-47
115000137,55,228,-173
115000138,34,110,-76
115000139,102,260,-158
115000140,53,95,-42
115000141,51,352,-301
115000142,33,368,-335
115000143,76,296,-220
115000144,123,43,80
115000145,81,499,-418
115000146,82,116,-34
115000147,80,471,-391
115000148,191,1216,-1025
115000149,168,133,35
115000150,316,1163,-847
115000151,185,221,-36
115000152,227,1650,-1423
115000153,201,207,-6
115000154,177,184,-7
115000155,266,1002,-736
115000156,349,314,35
115000157,492,568,-76
115000158,310,174,136
115000159,247,198,49
115000160,359,245,114
115000161,307,405,-98
115000162,244,172,72
115000163,535,420,115
115000164,297,344,-47
115000165,89,124,-35
115000167,10,16,-6
115000168,158,132,26
115000169,303,380,-77
115000170,28,96,-68
115000171,67,71,-4
115000172,1547,359,1188
115000173,36,49,-13
115000174,6,30,-24
115000175,18,57,-39
115000176,1,4,-3
115000177,4,45,-41
115000178,6,246,-240
115000179,0,9,-9
115000180,38,602,-564
115000181,70,60,10
115000182,143,221,-78
115000183,67,800,-733
115000186,260,180,80
115000187,45,511,-466
115000188,108,214,-106
115000189,128,224,-96
115000190,191,147,44
115000191,160,265,-105
115000194,122,96,26
115000195,101,42,59
115000196,13,48,-35
115000197,56,433,-377
115000198,21,102,-81
115000199,77,433,-356
115000200,61,47,14
115000201,47,384,-337
115000206,0,0,0
115000207,15,306,-291
115000208,440,591,-151
115000209,110,87,23
115000210,13,33,-20
115000211,152,159,-7
115000212,759,250,509
115000218,5,36,-31
115000219,2,36,-34
115000224,14,30,-16
115000225,15,28,-13
115000229,139,36,103
115000230,40,247,-207
115000231,148,1986,-1838
115000232,206,256,-50
115000233,23,252,-229
115000234,4,145,-141
115000241,14,116,-102
115000242,32,113,-81
115000243,13,89,-76
115000244,2,87,-85
115000246,6,1,5
115000247,4,3,1
115000248,4,0,4
115000249,15,7,8
115000250,34,21,13
115000251,10,55,-45
115000252,4,38,-34
115000253,6,48,-42
115000258,41,52,-11
115000259,83,71,12
115000261,0,2,-2
115000262,0,4,-4
115000263,3,13,-10
115000264,0,5,-5
115000267,3,21,-18
115000268,14,63,-49
115000269,12,31,-19
115000270,0,6,-6
115000272,11,58,-47
115000273,49,3,46
115000274,28,223,-195
115000280,538,19,519
115000281,577,51,526
115000282,605,126,479
115000284,52,16,36
115000296,48,2,46
115000297,10,6,4
115000298,69,25,44
115000300,4,217,-213
115000302,30,68,-38
115000303,39,55,-16
115000304,115,34,81
115000305,33,1046,-1013
115000306,42,498,-456
115000307,11,212,-201
115000308,58,17,41
115000310,295,1054,-759
115000311,96,780,-684
115000313,119,671,-552
115000314,36,23,13
115000315,965,162,803
115000316,9,24,-15
115000317,39,568,-529
115000318,228,99,129
115000319,20,308,-288
115000320,4,58,-54
115000321,46,0,46
115000322,6,240,-234
115000449,145,38,107
115000557,13,118,-105
115000558,6,23,-17
115000587,92,171,-79
115000588,1384,3413,-2029
115000589,1009,1118,-109
115000590,338,1224,-886
115000591,255,216,39
115000592,311,1007,-696
115000593,272,137,135
115000594,531,775,-244
115000609,31,53,-22
115000617,342,338,4
115000624,20,22,-2
115000633,118,1074,-956
115000634,1085,351,734
115000635,52,24,28
115000638,736,201,535
115000641,49,65,-16
115000642,102,97,5
115000643,54,309,-255
115000644,75,304,-229
115000646,365,530,-165
115000647,38,311,-273
115000648,282,1116,-834
115000893,854,178,676
115000894,35,990,-955
115000895,88,796,-708
115000896,165,84,81
115000897,200,20,180
115000898,479,97,382
115000899,533,470,63
115000900,37,214,-177
115000901,41,46,-5
115000912,31,17,14
115000913,3,49,-46
115000915,2,0,2
115000916,0,0,0
115000917,0,0,0
115000918,0,0,0
115000919,0,0,0
115000920,4,12,-8
115000921,1094,62,1032
115000922,97,68,29
115000923,181,530,-349
115000925,16,47,-31
115000927,2,9,-7
115000933,54,44,10
115900001,9,65,-56
115900002,44,170,-126
115900003,24,92,-68
115900004,1,29,-28
115900005,8,4,4
115900006,20,336,-316
115900008,2,2,0
115900009,25,203,-178
115900010,35,139,-104
115900011,40,239,-199
115900012,9,40,-31
115900013,171,131,40
115900014,58,119,-61
115900015,5,24,-19
115900016,6,19,-13
115900017,0,0,0
115900018,77,70,7
115900019,794,11,783
115900020,1,0,1
115900021,1561,71,1490
115900022,957,4,953
115900023,0,0,0
115900025,35,43,-8
115900026,1008,314,694
115900027,3,331,-328
115900028,449,34,415
115900029,3,463,-460
115900030,8,63,-55
115900031,116,33,83
115900032,197,498,-301
115900033,0,31,-31
115900034,9,473,-464
115900035,0,1,-1
115900036,78,100,-22
115900037,11,460,-449
115900038,1,7,-6
115900039,29,207,-178
115900041,85,115,-30
115900042,2,1,1
115900043,0,104,-104
115900044,84,113,-29
115900046,52,170,-118
115900047,11,7,4
115900049,40,141,-101
115900051,0,49,-49
115900052,2,316,-314
115900053,39,235,-196
115900054,6,39,-33
115900055,10,155,-145
115900056,29,417,-388
115900057,0,1,-1
115900058,30,60,-30
115900060,17,111,-94
115900061,5,0,5
115900062,5,204,-199
115900063,24,10,14
115900064,106,79,27
115900065,19,118,-99
115900066,133,177,-44
115900067,1,735,-734
115900068,3943,35,3908
115900069,31,115,-84
115900070,32,176,-144
115900071,1,732,-731
115900072,101,219,-118
115900073,10,9,1
115900074,5,373,-368
115900075,9,351,-342
115900076,1,62,-61
115900077,4,337,-333
115900078,11,181,-170
115900079,11,5,6
115900080,204,71,133
115900081,2,100,-98
115900082,64,108,-44
115900084,39,24,15
115900085,20,12,8
115900086,1415,295,1120
115900088,2,17,-15
115900089,80,798,-718
115900090,21,5,16
115900091,0,19,-19
115900092,3,256,-253
115900093,0,23,-23
115900094,2,480,-478
115900096,0,19,-19
115900097,2,572,-570
115900098,21,409,-388
115900099,0,75,-75
115900100,2,635,-633
115900101,29,398,-369
115900102,0,62,-62
115900103,77,218,-141
115900104,4,106,-102
115900105,17,422,-405
115900106,6,26,-20
115900107,7,154,-147
115900108,9,15,-6
115900109,17,510,-493
115900110,0,1,-1
115900111,1,119,-118
115900112,22,844,-822
115900113,7,6,1
115900114,0,155,-155
115900115,8,40,-32
115900116,51,1049,-998
115900117,6,0,6
115900118,7,433,-426
115900119,18,49,-31
115900120,11,350,-339
115900121,37,202,-165
115900124,59,121,-62
115900125,80,5,75
115900126,193,27,166
115900127,184,29,155
115900128,5,40,-35
115900129,248,18,230
115900130,37,96,-59
115900131,44,4,40
115900132,33,8,25
115900134,50,6,44
115900135,344,249,95
115900137,9,0,9
115900139,160,69,91
115900140,48,25,23
115900141,38,61,-23
115900142,12,21,-9
115900143,11,132,-121
115900144,5,123,-118
115900146,3,114,-111
115900147,72,90,-18
115900148,1,2,-1
115900149,4,27,-23
115900150,4,33,-29
115900151,1,35,-34
115900152,13,305,-292
115900153,20,180,-160
115900154,343,227,116
115900155,0,29,-29
115900156,325,459,-134
115900157,15,224,-209
115900158,15,3,12
115900159,16,164,-148
115900160,1,2,-1
115900161,8,136,-128
115900163,54,87,-33
115900164,28,86,-58
115900165,3,46,-43
115900166,71,187,-116
115900168,9,89,-80
115900171,28,221,-193
115900172,11,87,-76
115900173,53,83,-30
115900174,201,133,68
115900175,30,110,-80
115900178,5,609,-604
115900179,19,17,2
115900180,8,211,-203
115900181,23,288,-265
115900182,50,230,-180
115900183,120,38,82
115900184,831,7,824
115900187,5,70,-65
115900189,0,50,-50
115900190,116,163,-47
115900191,43,515,-472
115900192,1,57,-56
115900193,24,23,1
115900194,171,12,159
115900195,198,261,-63
115900198,55,122,-67
115900199,57,245,-188
115900200,102,249,-147
115900201,67,167,-100
115900202,0,0,0
115900203,2,1,1
115900204,0,2,-2
115900205,13,1,12
115900206,14,86,-72
115900207,7,5,2
115900208,4,300,-296
115900209,0,117,-117
115900210,6,157,-151
115900211,3,170,-167
115900212,29,149,-120
115900213,2,2,0
115900214,39,188,-149
115900215,10,6,4
115900216,1,89,-88
115900217,1,71,-70
115900218,0,49,-49
115900219,8,0,8
115900220,7,0,7
115900221,2,0,2
115900222,6,1,5
115900223,4,7,-3
115900224,625,35,590
115900225,30,11,19
115900226,3,17,-14
115900227,3,20,-17
115900228,1,23,-22
115900229,2,28,-26
115900230,11,38,-27
115900231,13,0,13
115900232,6,0,6
115900233,10,1,9
115900234,18,3,15
115900235,1,7,-6
115900236,0,9,-9
115900237,2,50,-48
115900238,0,35,-35
115900239,3,58,-55
115900240,1,88,-87
115900241,19,39,-20
115900242,63,46,17
115900243,4,6,-2
115900244,13,13,0
115900245,1,20,-19
115900246,1,0,1
115900247,0,0,0
115900248,2,2,0
115900249,1,4,-3
115900250,2,3,-1
115900251,0,2,-2
115900252,0,0,0
115900253,0,1,-1
115900254,9,1,8
115900255,1,6,-5
115900256,8,5,3
115900257,0,4,-4
115900258,0,1,-1
115900259,0,1,-1
115900260,9,0,9
115900261,0,0,0
115900262,0,2,-2
115900263,3,0,3
115900264,2,0,2
115900265,1,2,-1
115900266,3,1,2
115900267,0,2,-2
115900268,0,1,-1
115900269,44,240,-196
115900270,24,675,-651
116000001,17970,3429,14541
116000002,1537,2553,-1016
116000003,943,1344,-401
116000004,534,953,-419
116000005,1157,1705,-548
116000006,759,651,108
116000007,3075,3105,-30
116000008,5734,784,4950
116000009,1066,2098,-1032
116000010,857,375,482
116000011,358,1112,-754
116000012,283,243,40
116000013,14570,3135,11435
116000014,18120,2322,15798
116000015,410,332,78
116000016,6257,740,5517
116000017,26,258,-232
116000018,496,296,200
116000019,175,198,-23
116000020,190,1069,-879
116000021,66,152,-86
116000022,109,309,-200
116000023,239,240,-1
116000024,356,1550,-1194
116000025,215,297,-82
116000026,738,1734,-996
116000027,260,278,-18
116000028,96,161,-65
116000029,658,334,324
116000030,41,16,25
116000031,123,136,-13
116000032,38,231,-193
116000033,21,152,-131
116000034,46,266,-220
116000035,43,432,-389
116000036,1054,346,708
116000037,206,178,28
116000038,232,85,147
116000039,416,263,153
116000040,282,56,226
116000041,163,521,-358
116000042,161,65,96
116000043,51,410,-359
116000045,361,223,138
116000046,708,689,19
116000047,1133,1232,-99
116000048,439,510,-71
116000049,226,539,-313
116000050,590,1000,-410
116000051,448,407,41
116000052,1529,2075,-546
116000053,330,187,143
116000054,297,1630,-1333
116000055,136,1022,-886
116000056,34,237,-203
116000057,1917,1524,393
116000058,1857,1055,802
116000059,1485,1293,192
116000060,2336,585,1751
116000061,129,368,-239
116000062,222,135,87
116000063,161,439,-278
116000066,4,58,-54
116000067,149,475,-326
116000068,15,36,-21
116000069,121,332,-211
116000078,75,291,-216
116000080,485,696,-211
116000082,5,117,-112
116000083,316,223,93
116000084,1106,2169,-1063
116000085,930,485,445
116000086,1075,829,246
116000087,558,454,104
116000088,374,900,-526
116000089,49,62,-13
116000090,11,57,-46
116000091,94,21,73
116000093,1191,465,726
116000094,112,550,-438
116000095,192,399,-207
116000096,209,802,-593
116000097,158,1275,-1117
116000098,11,2089,-2078
116000099,5715,311,5404
116000100,37,12,25
116000101,183,1216,-1033
116000102,10,105,-95
116000103,99,156,-57
116000104,20,1202,-1182
116000105,189,179,10
116000106,46,968,-922
116000107,233,412,-179
116000108,3,131,-128
116000111,5,10,-5
116000113,21,28,-7
116000114,13,124,-111
116000115,41,24,17
116000116,118,571,-453
116000117,378,716,-338
116000118,433,1476,-1043
116000119,554,517,37
116000120,1487,4189,-2702
116000121,216,200,16
116000122,823,2656,-1833
116000123,144,181,-37
116000124,117,1145,-1028
116000125,406,245,161
116000126,149,1459,-1310
116000127,575,1334,-759
116000128,525,355,170
116000129,150,145,5
116000130,66,87,-21
116000133,181,648,-467
116000134,371,2420,-2049
116000135,441,858,-417
116000136,379,1759,-1380
116000137,222,351,-129
116000138,1406,294,1112
116000139,754,1188,-434
116000140,59,204,-145
116000141,218,704,-486
116000142,2400,3169,-769
116000143,958,614,344
116000144,772,2682,-1910
116000145,566,946,-380
116000146,50,229,-179
116000147,100,42,58
116000148,110,210,-100
116000149,119,249,-130
116000151,226,933,-707
116000153,9,94,-85
116000155,20,84,-64
116000156,1113,860,253
116000157,0,0,0
116000158,36,318,-282
116000159,0,0,0
116000160,8,153,-145
116000161,9,109,-100
116000162,52,49,3
116000163,5,0,5
116000164,0,11,-11
116000177,4,100,-96
116000194,33,354,-321
116000195,498,427,71
116000196,0,20,-20
116000197,2,1,1
116000198,646,433,213
116000200,421,98,323
116000201,309,496,-187
116000202,1,225,-224
116000203,1,73,-72
116000204,9,23,-14
116000205,1,129,-128
116000206,0,70,-70
116000207,1,36,-35
116000233,41,842,-801
116000287,22,507,-485
116000288,31,187,-156
116000292,22,275,-253
116000296,1,36,-35
116000297,6,1,5
116000304,12,7,5
116000305,2,119,-117
116000346,43,240,-197
116000352,9,78,-69
116000354,17,13,4
116000357,1,11,-10
116000358,40,9,31
116000361,79,0,79
116000372,7398,1191,6207
116000381,26,1,25
116000388,0,19,-19
116000389,167,401,-234
116000445,93,767,-674
116000446,66,617,-551
116000447,2,280,-278
116000448,201,157,44
116000563,215,141,74
116000565,150,487,-337
116000568,20,67,-47
116000579,15,129,-114
116000584,6,6,0
116000585,3,10,-7
116000586,169,59,110
116000587,1,239,-238
116000589,32,82,-50
116000590,10,17,-7
116000591,15,147,-132
116000592,5,96,-91
116000593,0,3,-3
116000594,115,712,-597
116000595,117,183,-66
116000596,18,6,12
116000597,52,25,27
116000598,8,295,-287
116000602,50,75,-25
116000605,90,118,-28
116000606,6,28,-22
116000607,2,79,-77
116000609,105,325,-220
116000611,14,552,-538
116000612,161,961,-800
116000613,117,158,-41
116000614,235,866,-631
116000615,27,91,-64
116000616,25,107,-82
116000617,42,98,-56
116000618,0,238,-238
116000619,3,49,-46
116000620,0,0,0
116000621,3,24,-21
116000622,0,29,-29
116000624,11,51,-40
116900001,43,71,-28
116900002,113,3,110
116900003,4,130,-126
116900004,13,3,10
116900005,33,57,-24
116900006,56,51,5
116900007,23,103,-80
116900008,71,568,-497
116900009,6,1,5
116900010,4,1979,-1975
116900011,8,28,-20
116900012,40,128,-88
116900013,4,248,-244
116900014,4,378,-374
116900015,35,22,13
116900016,26,0,26
116900017,1,748,-747
116900018,13,11,2
116900019,3,403,-400
116900020,560,33,527
116900023,6,2,4
116900024,17,48,-31
116900025,84,1035,-951
116900026,166,630,-464
116900027,0,19,-19
116900028,1,137,-136
116900029,0,7,-7
116900031,0,3,-3
116900032,1,313,-312
116900033,0,3,-3
116900034,3,58,-55
116900035,36,162,-126
116900036,0,106,-106
116900038,1,1,0
116900041,11,3,8
116900042,859,133,726
116900043,6,52,-46
116900045,88,8,80
116900047,54,20,34
116900049,26,160,-134
116900050,17,222,-205
116900051,11,243,-232
116900052,31,26,5
116900055,0,3,-3
116900057,11,253,-242
116900058,17,279,-262
116900059,0,162,-162
116900060,51,271,-220
116900062,0,0,0
116900064,24,904,-880
116900065,4,48,-44
116900067,10,75,-65
116900068,56,405,-349
116900070,2,0,2
116900072,5,400,-395
116900073,3,205,-202
116900074,1,54,-53
116900076,2,10,-8
116900077,18,167,-149
116900078,144,151,-7
116900079,4,288,-284
116900080,4,13,-9
116900081,87,924,-837
116900082,107,660,-553
116900083,9,51,-42
116900084,54,19,35
116900085,8,153,-145
116900086,6,175,-169
116900088,190,16,174
116900090,115,30,85
116900091,31,62,-31
116900092,21,591,-570
116900093,1935,704,1231
116900094,5835,954,4881
116900095,19,203,-184
116900096,78,38,40
116900097,2337,532,1805
116900098,388,38,350
116900099,229,180,49
116900100,155,8,147
116900101,196,619,-423
116900103,0,0,0
116900104,5,66,-61
116900105,93,13,80
116900106,194,172,22
116900107,3457,484,2973
116900110,6,0,6
116900111,51,1211,-1160
116900112,21,653,-632
116900113,2276,259,2017
116900116,24,74,-50
116900117,4,102,-98
116900118,942,305,637
116900120,47,74,-27
116900121,5,15,-10
116900122,136,1066,-930
116900123,54,791,-737
116900124,28,595,-567
116900125,101,171,-70
116900126,162,375,-213
116900128,0,43,-43
116900129,4,258,-254
116900130,1198,886,312
116900131,14,91,-77
116900132,9,46,-37
116900133,14,101,-87
116900134,65,204,-139
116900136,63,118,-55
116900137,124,175,-51
116900138,44,208,-164
116900139,25,335,-310
116900140,89,186,-97
116900141,258,321,-63
116900142,1,5,-4
116900143,83,524,-441
116900144,3,11,-8
116900145,40,356,-316
116900147,299,253,46
116900148,1,13,-12
116900149,6,32,-26
116900150,8,3,5
116900151,550,64,486
116900153,2,41,-39
116900154,54,65,-11
116900155,11,14,-3
116900157,47,234,-187
116900158,6,27,-21
116900159,11,85,-74
116900160,238,104,134
116900161,7954,1335,6619
116900162,0,82,-82
116900163,17,131,-114
116900164,6,11,-5
116900165,23,53,-30
116900166,4,69,-65
116900167,56,41,15
116900168,62,102,-40
116900169,201,73,128
116900170,54,83,-29
116900171,3,196,-193
116900172,107,29,78
116900173,17,72,-55
116900174,9,5,4
116900175,48,34,14
116900178,1,207,-206
116900179,56,36,20
116900180,15,34,-19
116900182,123,177,-54
116900183,42,38,4
116900185,3,6,-3
116900186,23,391,-368
116900187,2,6,-4
116900188,38,9,29
116900189,3,0,3
116900191,81,240,-159
116900192,46,101,-55
116900194,12,186,-174
116900195,11,2,9
116900196,3,115,-112
116900197,14,3,11
116900198,251,60,191
116900200,3,78,-75
116900201,8,0,8
116900202,40,44,-4
116900203,10,1,9
116900204,19,38,-19
116900206,0,46,-46
116900207,5,34,-29
116900208,1,66,-65
116900209,5,118,-113
116900210,141,80,61
116900211,118,1,117
116900212,3,66,-63
116900213,26,106,-80
116900214,12,123,-111
116900215,10,54,-44
116900216,97,336,-239
116900218,8,342,-334
116900219,554,351,203
116900220,37,88,-51
116900221,16,205,-189
116900222,131,132,-1
116900223,44,123,-79
116900226,11,81,-70
116900227,23,53,-30
116900228,35,255,-220
116900230,10,304,-294
116900231,3,432,-429
116900232,2,355,-353
116900233,19,32,-13
116900234,4,0,4
116900235,52,366,-314
116900238,861,224,637
116900239,48,257,-209
116900240,4720,772,3948
116900241,18,189,-171
116900242,250,105,145
116900243,3,133,-130
116900245,9,7,2
116900246,2,3,-1
116900247,48,6,42
116900248,11,24,-13
116900249,42,41,1
116900250,48,37,11
116900251,108,27,81
116900252,12,770,-758
116900253,17,21,-4
116900254,3,61,-58
116900255,54,11,43
116900256,74,51,23
116900257,12,603,-591
116900258,0,474,-474
116900259,10,3,7
116900260,2,180,-178
116900261,11,0,11
116900262,29,119,-90
116900263,0,10,-10
116900264,0,4,-4
116900265,0,1,-1
116900266,3,38,-35
116900267,0,1,-1
116900268,0,7,-7
116900269,67,250,-183
116900271,2621,35,2586
116900272,292,483,-191
116900273,134,12,122
116900274,9,21,-12
116900275,19,91,-72
116900276,73,19,54
116900277,371,3,368
116900278,0,10,-10
116900279,0,15,-15
116900280,1,15,-14
116900281,6797,816,5981
116900282,9,113,-104
116900283,7,99,-92
116900284,5,157,-152
116900285,163,16,147
116900286,59,2,57
116900287,1,61,-60
116900288,6,114,-108
116900289,1,33,-32
116900290,0,38,-38
116900291,1,4,-3
116900292,0,1,-1
116900293,9,111,-102
116900294,9,75,-66
116900295,11,1,10
116900296,3,1,2
116900297,0,4,-4
116900298,2,6,-4
116900299,2,7,-5
116900300,24,27,-3
116900301,13,7,6
116900302,2,17,-15
116900303,313,21,292
116900304,0,78,-78
116900305,1,7,-6
116900306,12,128,-116
117000001,399,576,-177
117000002,751,2867,-2116
117000003,1899,937,962
117000004,2685,3512,-827
117000005,298,536,-238
117000006,414,2804,-2390
117000007,633,399,234
117000008,788,3093,-2305
117000009,1348,502,846
117000010,1491,2908,-1417
117000011,344,701,-357
117000012,481,1396,-915
117000013,245,543,-298
117000014,307,1749,-1442
117000015,1142,525,617
117000016,180,31,149
117000017,114,114,0
117000018,36,274,-238
117000019,0,0,0
117000020,414,677,-263
117000021,1954,138,1816
117000022,143,30,113
117000023,145,64,81
117000024,309,117,192
117000025,470,621,-151
117000026,442,142,300
117000027,768,236,532
117000028,110,116,-6
117000030,113,160,-47
117000032,807,961,-154
117000033,688,630,58
117000034,31,93,-62
117000036,62,89,-27
117000038,17,111,-94
117000039,38,139,-101
117000040,50,1557,-1507
117000041,166,32,134
117000044,13,956,-943
117000045,67,21,46
117000046,164,598,-434
117000047,66,195,-129
117000048,1459,1043,416
117000049,81,339,-258
117000050,65,2869,-2804
117000051,432,89,343
117000052,2,751,-749
117000053,44,67,-23
117000054,328,2,326
117000055,13,3520,-3507
117000056,163,8,155
117000057,559,1404,-845
117000060,232,1797,-1565
117000061,250,256,-6
117000062,90,324,-234
117000063,228,180,48
117000064,573,566,7
117000066,915,435,480
117000067,38,172,-134
117000074,36,35,1
117000076,22,12,10
117000077,68,36,32
117000078,28,233,-205
117000079,41,45,-4
117000080,2,304,-302
117000081,130,80,50
117000082,10,27,-17
117000083,4,1,3
117000084,7,1,6
117000085,31,195,-164
117000086,255,534,-279
117000087,38,339,-301
117000088,40,47,-7
117000089,407,147,260
117000090,102,1592,-1490
117000091,144,127,17
117000092,149,1890,-1741
117000093,174,191,-17
117000094,297,2220,-1923
117000095,431,270,161
117000096,261,2446,-2185
117000097,253,364,-111
117000098,2194,5296,-3102
117000099,622,286,336
117000100,33,62,-29
117000101,137,1027,-890
117000102,251,189,62
117000103,632,1709,-1077
117000104,339,228,111
117000105,394,1747,-1353
117000106,181,166,15
117000107,248,2333,-2085
117000108,243,218,25
117000109,1051,2654,-1603
117000110,252,238,14
117000111,1135,2085,-950
117000112,724,865,-141
117000113,49,321,-272
117000114,13,53,-40
117000115,26,171,-145
117000116,11,97,-86
117000117,633,184,449
117000118,48,63,-15
117000119,104,28,76
117000120,68,21,47
117000121,21,77,-56
117000122,299,215,84
117000123,789,13,776
117000124,100,19,81
117000125,92,38,54
117000126,27,65,-38
117000127,71,285,-214
117000128,155,357,-202
117000129,36,5,31
117000130,0,0,0
117000131,0,10,-10
117000132,338,66,272
117000133,251,227,24
117000134,0,85,-85
117000135,3,23,-20
117000136,0,66,-66
117000137,14,31,-17
117000138,2,266,-264
117000140,233,1651,-1418
117000141,278,159,119
117000181,833,174,659
117000182,42,38,4
117000195,102,1225,-1123
117000196,34,21,13
117000225,33,3,30
117000226,2,13,-11
117000276,38,5,33
117000277,0,450,-450
117000310,1535,1410,125
117000315,17,136,-119
117000320,0,0,0
117000906,20,3,17
117000907,6,456,-450
117000908,47,8,39
117000909,13,16,-3
117000910,96,92,4
117000911,67,125,-58
117000915,4,546,-542
117000916,6,0,6
117000917,148,10,138
117000918,3,11,-8
117000919,11,108,-97
117000920,8,1807,-1799
117000921,6,2634,-2628
117000922,0,0,0
117000924,220,29,191
117000926,959,37,922
117000927,72,140,-68
117000928,1,263,-262
117000929,36,480,-444
117000930,26,7,19
117000931,281,25,256
117900002,104,324,-220
117900003,620,108,512
117900005,1,6,-5
117900006,1,29,-28
117900007,36,194,-158
117900008,1,33,-32
117900010,34,176,-142
117900011,7,6,1
117900012,15,205,-190
117900013,1,307,-306
117900014,34,314,-280
117900015,5,217,-212
117900016,761,118,643
117900017,75,504,-429
117900018,81,24,57
117900019,48,646,-598
117900020,30,57,-27
117900021,3,128,-125
117900022,7,8,-1
117900023,480,36,444
117900024,41,157,-116
117900025,5,15,-10
117900026,72,442,-370
117900028,10,2,8
117900029,105,924,-819
117900030,63,83,-20
117900031,16,23,-7
117900032,92,113,-21
117900033,23,844,-821
117900034,2,14,-12
117900035,28,25,3
117900036,35,736,-701
117900037,3,45,-42
117900038,11,493,-482
117900039,2,61,-59
117900040,83,599,-516
117900041,9,50,-41
117900042,3868,362,3506
117900043,19,41,-22
117900044,3,390,-387
117900045,24,26,-2
117900048,119,322,-203
117900049,23,563,-540
117900050,1,16,-15
117900051,15,4,11
117900052,22,57,-35
117900053,397,702,-305
117900054,0,29,-29
117900055,73,24,49
117900056,137,11,126
117900057,534,844,-310
117900058,211,189,22
117900059,54,33,21
117900060,216,4445,-4229
117900061,1,70,-69
117900063,32,139,-107
117900065,324,805,-481
117900066,1,9,-8
117900067,58,303,-245
117900069,108,408,-300
117900070,58,0,58
117900071,23,65,-42
117900073,79,357,-278
117900074,25,0,25
117900075,5,32,-27
117900076,3,12,-9
117900077,20,36,-16
117900078,98,240,-142
117900080,18,14,4
117900081,318,287,31
117900082,119,94,25
117900083,45,690,-645
117900086,38,23,15
117900087,7,15,-8
117900088,1873,1114,759
117900089,524,110,414
117900090,80,906,-826
117900091,85,47,38
117900092,2,37,-35
117900093,7,23,-16
117900094,6,6,0
117900095,37,539,-502
117900096,9,142,-133
117900097,11,42,-31
117900098,0,1,-1
117900099,12,322,-310
117900100,5,0,5
117900101,202,361,-159
117900102,12,23,-11
117900103,1,2,-1
117900104,7,65,-58
117900105,36,91,-55
117900106,13,20,-7
117900107,1,1,0
117900109,77,192,-115
117900110,4,1,3
117900111,32,0,32
117900112,17,10,7
117900113,2464,577,1887
117900114,0,0,0
117900115,53,12,41
117900116,531,464,67
117900117,181,328,-147
117900118,1,0,1
117900119,37,332,-295
117900120,25,102,-77
117900121,8,20,-12
117900122,542,476,66
117900123,150,935,-785
117900124,237,315,-78
117900125,528,442,86
117900126,130,407,-277
117900127,195,559,-364
117900128,81,928,-847
117900129,3,0,3
117900130,197,221,-24
117900131,0,65,-65
117900132,8,77,-69
117900133,2,157,-155
117900134,12,172,-160
117900135,13,211,-198
117900136,0,31,-31
117900137,15,333,-318
117900138,0,60,-60
117900139,10,72,-62
117900140,4421,68,4353
117900141,142,186,-44
117900142,12,2,10
117900144,49,26,23
117900145,13,9,4
117900146,39,49,-10
117900147,11,28,-17
117900148,1517,520,997
117900149,12,100,-88
117900150,15,172,-157
117900151,5,184,-179
117900152,13,76,-63
117900153,2,76,-74
117900154,50,394,-344
117900156,328,219,109
117900157,11,133,-122
117900158,25,16,9
117900160,226,185,41
117900161,1967,1815,152
117900162,29,140,-111
117900163,51,19,32
117900165,0,8,-8
117900166,34,59,-25
117900168,33,111,-78
117900169,0,101,-101
117900170,1,30,-29
117900171,1,12,-11
117900172,6,35,-29
117900173,137,34,103
117900174,30,29,1
117900175,1,20,-19
117900176,2,29,-27
117900177,1,49,-48
117900178,50,37,13
117900180,246,15,231
117900181,102,58,44
117900182,0,14,-14
117900183,4,63,-59
117900184,0,12,-12
117900185,4,69,-65
117900186,5,25,-20
117900187,5,9,-4
117900188,62,6,56
117900189,27,3,24
117900190,2,0,2
117900191,14,0,14
117900192,25,0,25
117900193,10,33,-23
117900194,0,2,-2
117900195,1,3,-2
117900196,1,10,-9
117900207,77,22,55
117900208,11,40,-29
117900209,19,81,-62
117900210,102,54,48
117900211,19,129,-110
117900212,22,93,-71
117900213,5,2,3
117900214,2,62,-60
117900216,1,0,1
117900217,8,32,-24
117900218,27,14,13
117900219,0,14,-14
117900220,6,5,1
117900221,3,2,1
118000001,210,202,8
118000002,774,1198,-424
118000003,393,470,-77
118000004,1253,1111,142
118000005,1905,868,1037
118000006,6314,2684,3630
118000007,2690,1197,1493
118000008,2516,1687,829
118000009,1175,2032,-857
118000010,2352,2487,-135
118000011,302,2268,-1966
118000012,403,2200,-1797
118000013,2289,2123,166
118000014,864,2488,-1624
118000016,166,444,-278
118000017,53,131,-78
118000018,144,540,-396
118000019,1063,634,429
118000020,1135,733,402
118000021,555,928,-373
118000022,1607,268,1339
118000023,1051,161,890
118000024,998,348,650
118000025,735,285,450
118000027,10751,1906,8845
118000029,884,232,652
118000032,810,592,218
118000033,1174,931,243
118000034,3126,1194,1932
118000035,608,810,-202
118000036,392,707,-315
118000037,214,579,-365
118000038,58,181,-123
118000039,35,209,-174
118000040,578,2048,-1470
118000041,766,879,-113
118000045,247,34,213
118000046,763,394,369
118000047,928,267,661
118000048,1773,478,1295
118000051,696,321,375
118000052,466,287,179
118000053,154,168,-14
118000054,640,483,157
118000055,398,387,11
118000056,50,110,-60
118000057,91,139,-48
118000058,924,428,496
118000059,651,444,207
118000060,157,533,-376
118000061,262,681,-419
118000062,157,128,29
118000063,125,258,-133
118000064,427,628,-201
118000065,2911,582,2329
118000066,365,406,-41
118000067,720,353,367
118000068,1051,1567,-516
118000069,1760,630,1130
118000070,5345,634,4711
118000071,2402,1915,487
118000072,954,711,243
118000073,1129,229,900
118000074,70,170,-100
118000075,226,287,-61
118000076,364,552,-188
118000077,744,666,78
118000078,749,942,-193
118000079,165,194,-29
118000080,712,543,169
118000081,563,554,9
118000082,152,405,-253
118000083,1793,573,1220
118000084,1654,731,923
118000086,70,284,-214
118000087,5037,1439,3598
118000088,970,955,15
118000089,3268,1658,1610
118000090,1680,1096,584
118000091,1540,754,786
118000092,1127,239,888
118000093,73,370,-297
118000096,204,271,-67
118000097,175,326,-151
118000098,73,134,-61
118000099,127,733,-606
118000101,205,160,45
118000102,85,814,-729
118000107,2921,229,2692
118000108,35,116,-81
118000110,2,13,-11
118000111,1,795,-794
118000112,0,0,0
118000113,7,1086,-1079
118000114,0,0,0
118000115,2,7,-5
118000116,7,0,7
118000117,519,613,-94
118000118,282,334,-52
118000119,211,612,-401
118000120,820,1193,-373
118000121,14,237,-223
118000122,264,57,207
118000123,25,161,-136
118000125,1054,1086,-32
118000126,216,917,-701
118000127,712,280,432
118000128,382,875,-493
118000129,167,118,49
118000130,2261,3334,-1073
118000131,211,937,-726
118000132,610,529,81
118000133,114,253,-139
118000135,63,89,-26
118000136,36,365,-329
118000137,278,21,257
118000138,71,509,-438
118000139,68,84,-16
118000140,1253,1228,25
118000141,631,1042,-411
118000142,681,1526,-845
118000143,374,470,-96
118000144,749,534,215
118000145,718,1867,-1149
118000146,464,1148,-684
118000147,314,1460,-1146
118000148,94,855,-761
118000149,243,741,-498
118000150,109,49,60
118000151,47,185,-138
118000153,178,580,-402
118000154,218,870,-652
118000155,251,509,-258
118000156,1582,1163,419
118000157,135,160,-25
118000158,32,288,-256
118000159,1,7,-6
118000160,69,162,-93
118000161,156,774,-618
118000162,301,446,-145
118000163,143,375,-232
118000164,998,799,199
118000168,1634,129,1505
118000169,547,1430,-883
118000170,2260,4811,-2551
118000171,35,148,-113
118000172,14,62,-48
118000173,258,654,-396
118000175,92,77,15
118000176,49,136,-87
118000177,76,145,-69
118000178,18,24,-6
118000179,580,127,453
118000180,149,277,-128
118000181,396,226,170
118000182,139,197,-58
118000183,73,96,-23
118000184,82,424,-342
118000185,807,400,407
118000186,365,389,-24
118000187,286,690,-404
118000188,97,151,-54
118000189,66,631,-565
118000190,2,2,0
118000191,9,41,-32
118000192,22,40,-18
118000193,6,69,-63
118000194,923,380,543
118000195,403,226,177
118000196,105,20,85
118000197,96,63,33
118000198,221,104,117
118000199,175,159,16
118000200,2,13,-11
118000201,193,193,0
118000202,18,6,12
118000203,618,160,458
118000204,157,99,58
118000205,186,86,100
118000206,85,93,-8
118000207,2,96,-94
118000208,334,739,-405
118000209,684,1344,-660
118000210,3,23,-20
118000211,3,22,-19
118000213,214,185,29
118000214,332,135,197
118000215,64,223,-159
118000216,6,639,-633
118000217,13,86,-73
118000218,32,57,-25
118000219,158,171,-13
118000220,1,6,-5
118000221,10,157,-147
118000222,88,15,73
118000223,5,16,-11
118000224,150,103,47
118000225,29,825,-796
118000226,36,25,11
118000227,445,115,330
118000228,91,69,22
118000229,23,4,19
118000230,25,230,-205
118000231,20,147,-127
118000232,208,748,-540
118000233,227,426,-199
118000234,96,263,-167
118000236,145,480,-335
118000237,6,559,-553
118000238,73,304,-231
118000239,74,146,-72
118000240,438,59,379
118000241,12,251,-239
118000242,107,538,-431
118000243,24,150,-126
118000244,9,161,-152
118000246,0,8,-8
118000255,10,140,-130
118000256,14,161,-147
118000259,0,24,-24
118000260,16,62,-46
118000261,3,112,-109
118000263,22,149,-127
118000266,80,484,-404
118000267,1,71,-70
118000268,12,0,12
118000270,8,35,-27
118000271,16,222,-206
118000272,11,12,-1
118000273,19,141,-122
118000274,34,320,-286
118000276,63,260,-197
118000295,1,61,-60
118000298,70,341,-271
118000299,33,129,-96
118000301,0,32,-32
118000302,36,82,-46
118000311,23,79,-56
118000312,29,256,-227
118000313,17,171,-154
118000314,11,78,-67
118000315,11,43,-32
118000316,166,379,-213
118000325,5,88,-83
118000326,4,42,-38
118000331,8,77,-69
118000332,2,45,-43
118000333,4,78,-74
118000335,0,0,0
118000336,2,382,-380
118000407,20,40,-20
118000457,2,22,-20
118000465,1958,1106,852
118000480,7,147,-140
118000489,3,47,-44
118000490,19,376,-357
118000492,25,114,-89
118000510,60,27,33
118000514,41,297,-256
118000515,38,93,-55
118000517,321,124,197
118000524,586,121,465
118000525,481,546,-65
118000530,8,78,-70
118000531,65,122,-57
118000532,43,242,-199
118000533,180,171,9
118000534,134,321,-187
118000535,51,92,-41
118000536,281,101,180
118000537,3,34,-31
118000538,8,121,-113
118000539,3,65,-62
118000540,70,307,-237
118000541,31,98,-67
118000542,20,86,-66
118000543,71,111,-40
118000546,4,21,-17
118000560,2698,297,2401
118000562,6,175,-169
118000563,856,663,193
118000576,49,214,-165
118000577,74,73,1
118000578,34,86,-52
118000579,429,613,-184
118000595,32,27,5
118000596,0,32,-32
118000597,28,126,-98
118000598,1,0,1
118000599,5,16,-11
118000600,0,42,-42
118000601,0,0,0
118000602,0,20,-20
118000603,0,8,-8
118900001,735,212,523
118900002,700,206,494
118900003,26,4,22
118900004,1,48,-47
118900005,1,0,1
118900006,0,0,0
118900007,6,1,5
118900008,585,15,570
118900009,3,1,2
118900010,0,0,0
118900011,9,4,5
118900012,126,143,-17
118900013,108,4,104
118900015,26,10,16
118900016,3,6,-3
118900017,6,20,-14
118900018,277,0,277
118900019,24,2,22
118900020,20,22,-2
118900021,51,208,-157
118900022,65,77,-12
118900023,24,29,-5
118900024,3,69,-66
118900025,1,1,0
118900026,16,70,-54
118900027,80,62,18
118900028,26,81,-55
118900029,12,198,-186
118900030,1,9,-8
118900031,65,111,-46
118900032,6,44,-38
118900033,65,256,-191
118900034,3,0,3
118900035,32,283,-251
118900036,221,402,-181
118900037,53,115,-62
118900038,53,348,-295
118900039,26,127,-101
118900040,68,149,-81
118900041,55,53,2
118900042,39,72,-33
118900045,69,94,-25
118900046,615,58,557
118900047,514,104,410
118900048,14,79,-65
118900049,3,2,1
118900050,5,153,-148
118900051,6,15,-9
118900052,26,122,-96
118900053,7,15,-8
118900054,14,29,-15
118900055,6,90,-84
118900056,0,28,-28
118900057,46,127,-81
118900058,76,220,-144
118900059,0,13,-13
118900060,3,77,-74
118900062,21,103,-82
118900064,309,70,239
118900065,18,51,-33
118900066,8,31,-23
118900067,7285,1153,6132
118900068,1,38,-37
118900069,60,187,-127
118900071,1,15,-14
118900072,85,165,-80
118900073,32,108,-76
118900074,17,31,-14
118900075,1,39,-38
118900076,23,27,-4
118900077,30,72,-42
118900078,4,2,2
118900079,24,70,-46
118900080,2,39,-37
118900081,7,4,3
118900082,97,75,22
118900083,4,16,-12
118900084,2,9,-7
118900085,156,565,-409
118900086,4,6,-2
118900087,28,42,-14
118900088,0,15,-15
118900089,4,4,0
118900090,137,330,-193
118900091,55,13,42
118900092,17,106,-89
118900093,17,2,15
118900096,12,5,7
118900097,72,828,-756
118900099,10,239,-229
118900100,51,99,-48
118900101,16,730,-714
118900102,8,56,-48
118900103,18,26,-8
118900104,23,227,-204
118900105,137,87,50
118900107,116,84,32
118900108,32,106,-74
118900109,431,27,404
118900110,291,110,181
118900111,52,356,-304
118900112,7,35,-28
118900113,15,425,-410
118900114,2,51,-49
118900115,44,249,-205
118900116,34,102,-68
118900117,12,138,-126
118900118,43,455,-412
118900119,8,261,-253
118900120,54,231,-177
118900121,0,213,-213
118900122,4,123,-119
118900123,67,179,-112
118900124,17,99,-82
118900126,1,121,-120
118900129,15,78,-63
118900130,6,21,-15
118900131,35,258,-223
118900132,61,83,-22
118900133,9,12,-3
118900135,15,142,-127
118900136,86,767,-681
118900137,0,4,-4
118900139,17,422,-405
118900140,72,852,-780
118900141,6,206,-200
118900144,21,873,-852
118900145,7,113,-106
118900146,100,566,-466
118900147,18,17,1
118900148,3,21,-18
118900150,13,103,-90
118900152,90,607,-517
118900157,9,33,-24
118900158,3,53,-50
118900159,0,139,-139
118900161,9,0,9
118900163,123,22,101
118900164,0,40,-40
118900165,31,498,-467
118900166,10,0,10
118900167,13,207,-194
118900168,0,24,-24
118900169,63,495,-432
118900170,25,87,-62
118900171,0,24,-24
118900174,13,59,-46
118900175,33,257,-224
118900176,17,103,-86
118900177,9,43,-34
118900178,7,65,-58
118900179,1,39,-38
118900181,53,54,-1
118900182,30,21,9
118900183,4,39,-35
118900184,50,12,38
118900185,8,91,-83
118900186,39,39,0
118900187,55,153,-98
118900188,60,174,-114
118900189,7,134,-127
118900190,4,407,-403
118900191,33,14,19
118900192,12,9,3
118900193,12,2,10
118900195,55,490,-435
118900196,6,162,-156
118900197,3,33,-30
118900198,0,30,-30
118900199,4,54,-50
118900200,1,1,0
118900201,1,3,-2
118900202,16,44,-28
118900203,1,75,-74
118900204,4,26,-22
118900205,2,9,-7
118900206,2,35,-33
119000001,437,572,-135
119000002,1855,1666,189
119000003,715,1479,-764
119000004,593,779,-186
119000005,654,931,-277
119000006,513,1020,-507
119000007,947,1530,-583
119000008,832,1946,-1114
119000009,2319,1526,793
119000010,7120,3271,3849
119000011,5134,1040,4094
119000012,5429,1648,3781
119000013,1711,700,1011
119000014,1425,2238,-813
119000019,65,182,-117
119000020,357,993,-636
119000021,1226,1395,-169
119000022,2271,671,1600
119000023,39,85,-46
119000024,1500,2383,-883
119000025,11696,832,10864
119000026,230,136,94
119000027,530,209,321
119000028,1088,826,262
119000029,108,154,-46
119000030,265,660,-395
119000031,272,442,-170
119000032,1713,1416,297
119000033,1057,1020,37
119000034,450,875,-425
119000035,8,263,-255
119000036,373,852,-479
119000037,389,2030,-1641
119000038,44,1029,-985
119000039,130,271,-141
119000040,605,216,389
119000041,728,562,166
119000048,3364,3181,183
119000049,746,3194,-2448
119000050,567,1459,-892
119000051,902,824,78
119000052,892,1736,-844
119000053,918,861,57
119000054,1161,2794,-1633
119000055,992,2392,-1400
119000056,592,1531,-939
119000057,561,1936,-1375
119000058,841,1596,-755
119000059,464,932,-468
119000060,348,481,-133
119000061,284,564,-280
119000062,470,1012,-542
119000063,71,95,-24
119000064,619,1034,-415
119000065,951,2683,-1732
119000066,564,391,173
119000067,895,2101,-1206
119000068,408,688,-280
119000069,450,2000,-1550
119000070,616,905,-289
119000071,271,676,-405
119000072,4232,2995,1237
119000073,2730,3017,-287
119000074,363,3092,-2729
119000075,320,2259,-1939
119000076,287,638,-351
119000077,323,325,-2
119000078,133,204,-71
119000079,29,300,-271
119000080,51,196,-145
119000081,41,281,-240
119000082,120,278,-158
119000083,106,257,-151
119000084,60,364,-304
119000085,198,100,98
119000086,119,295,-176
119000087,774,567,207
119000088,157,167,-10
119000089,58,101,-43
119000090,36,54,-18
119000091,124,178,-54
119000092,244,57,187
119000093,2981,2758,223
119000094,1050,3485,-2435
119000095,452,2246,-1794
119000097,2502,1148,1354
119000098,309,845,-536
119000099,1228,1364,-136
119000100,989,1396,-407
119000101,1722,2483,-761
119000102,361,295,66
119000103,634,272,362
119000104,2436,1284,1152
119000105,205,419,-214
119000106,107,2015,-1908
119000107,169,280,-111
119000108,90,1349,-1259
119000109,26,342,-316
119000110,236,531,-295
119000111,20,256,-236
119000112,118,176,-58
119000113,1872,198,1674
119000114,499,144,355
119000115,73,55,18
119000116,73,46,27
119000117,50,208,-158
119000118,1,3,-2
119000123,1073,274,799
119000124,81,156,-75
119000125,533,787,-254
119000126,77,624,-547
119000127,148,941,-793
119000128,74,8,66
119000131,243,1091,-848
119000132,1,17,-16
119000133,2,2,0
119000134,1152,341,811
119000135,20,238,-218
119000136,29,329,-300
119000137,35,614,-579
119000138,72,449,-377
119000139,66,328,-262
119000140,34,128,-94
119000284,1062,1714,-652
119000285,2106,1658,448
119000286,4397,2806,1591
119000287,686,1524,-838
119000288,731,1310,-579
119000289,1042,2688,-1646
119000290,88,379,-291
119000291,5,222,-217
119000293,12,128,-116
119000294,12,24,-12
119000295,1769,474,1295
119000296,39,91,-52
119000302,3798,832,2966
119000303,4,30,-26
119000314,1196,2667,-1471
119000315,1,581,-580
119000316,10,60,-50
119000317,8,465,-457
119900001,81,344,-263
119900002,15,112,-97
119900003,13,1237,-1224
119900004,225,152,73
119900005,23,123,-100
119900006,59,212,-153
119900007,105,26,79
119900008,2,16,-14
119900009,155,475,-320
119900010,603,1055,-452
119900011,12,17,-5
119900012,11,22,-11
119900013,628,455,173
119900014,323,181,142
119900015,19,15,4
119900016,12,84,-72
119900017,0,19,-19
119900018,501,50,451
119900019,4,7,-3
119900020,28,64,-36
119900021,18,18,0
119900022,47,95,-48
119900023,372,128,244
119900025,15,33,-18
119900026,662,70,592
119900027,0,14,-14
119900028,37,9,28
119900029,0,14,-14
119900030,67,219,-152
119900031,7,64,-57
119900033,1835,61,1774
119900034,25,167,-142
119900037,14,21,-7
119900038,6,35,-29
119900039,3,0,3
119900040,23,0,23
119900041,15,87,-72
119900042,14,81,-67
119900043,14,168,-154
119900044,104,106,-2
119900046,8,104,-96
119900047,30,15,15
119900048,0,53,-53
119900049,11,2,9
119900050,17,13,4
119900051,85,1,84
119900052,1,129,-128
119900053,64,180,-116
119900054,3,3,0
119900055,203,138,65
119900057,37,120,-83
119900058,40,0,40
119900059,83,35,48
119900060,20,0,20
119900061,24,0,24
119900062,0,53,-53
119900063,1,11,-10
119900064,76,34,42
119900065,36,3,33
119900066,0,0,0
119900067,12,56,-44
119900068,64,0,64
119900069,13,1,12
119900070,112,8,104
119900071,56,1,55
119900072,23,430,-407
119900073,936,313,623
119900074,1,7,-6
119900075,5164,1252,3912
119900076,54,380,-326
119900077,77,1359,-1282
119900078,81,641,-560
119900079,3,218,-215
119900080,88,168,-80
119900081,6,72,-66
119900082,161,212,-51
119900083,0,26,-26
119900084,107,80,27
119900085,113,39,74
119900086,7,562,-555
119900087,79,94,-15
119900088,28,78,-50
119900089,3,570,-567
119900090,141,60,81
119900091,13,1294,-1281
119900092,6,553,-547
119900093,383,57,326
119900094,3,131,-128
119900095,72,61,11
119900096,10,108,-98
119900097,223,79,144
119900098,9,44,-35
119900099,5,336,-331
119900100,2548,810,1738
119900101,123,466,-343
119900102,8,385,-377
119900103,12,521,-509
119900104,15,278,-263
119900105,287,1482,-1195
119900106,5,256,-251
119900107,177,2886,-2709
119900108,1315,724,591
119900109,12,174,-162
119900110,132,538,-406
119900111,7,317,-310
119900112,2175,360,1815
119900113,37,544,-507
119900114,40,1671,-1631
119900115,32,1279,-1247
119900116,28,211,-183
119900117,73,1131,-1058
119900118,5,1157,-1152
119900119,26,295,-269
119900120,476,789,-313
119900121,71,1549,-1478
119900122,121,315,-194
119900123,67,152,-85
119900124,16,1122,-1106
119900125,20,371,-351
119900126,6324,151,6173
119900127,2051,530,1521
119900128,39,842,-803
119900129,21,838,-817
119900130,47,217,-170
119900131,10,351,-341
119900132,1,392,-391
119900133,2,18,-16
119900134,1746,233,1513
119900135,2,353,-351
119900136,135,584,-449
119900138,244,516,-272
119900139,2,46,-44
119900140,1,101,-100
119900141,88,161,-73
119900142,0,10,-10
119900143,0,282,-282
119900144,1742,107,1635
119900145,46,250,-204
119900146,59,80,-21
119900147,2,76,-74
119900148,58,18,40
119900149,1328,1009,319
119900150,81,179,-98
119900151,714,482,232
119900152,17,276,-259
119900153,13,25,-12
119900154,2,377,-375
119900155,5,22,-17
119900156,1,1,0
119900157,9,239,-230
119900158,32,39,-7
119900159,4,1836,-1832
119900160,8,366,-358
119900161,88,279,-191
119900162,277,245,32
119900163,47,62,-15
119900164,0,0,0
119900165,8,221,-213
119900166,20,21,-1
119900167,24,155,-131
119900168,227,209,18
119900169,90,94,-4
119900170,68,58,10
119900171,211,521,-310
119900172,67,17,50
119900173,7,599,-592
119900174,1,353,-352
119900175,177,390,-213
119900177,18,240,-222
119900178,4,229,-225
119900179,9,121,-112
119900180,201,325,-124
119900181,31,7,24
119900182,0,576,-576
119900183,101,1099,-998
119900184,2884,405,2479
119900185,9,61,-52
119900186,11,51,-40
119900187,4,657,-653
119900188,8,227,-219
119900189,106,86,20
119900190,10,73,-63
119900191,93,88,5
119900192,4,184,-180
119900193,60,107,-47
119900194,5,6,-1
119900195,14,283,-269
119900196,1869,291,1578
119900197,44,49,-5
119900198,42,477,-435
119900199,59,4,55
119900200,82,258,-176
119900201,331,235,96
119900202,60,22,38
119900203,24,88,-64
119900204,33,210,-177
119900205,54,290,-236
119900206,7,111,-104
119900208,39,65,-26
119900209,110,218,-108
119900210,2,19,-17
119900211,44,6,38
119900212,33,203,-170
119900213,2,41,-39
119900214,5,116,-111
119900215,9,99,-90
119900216,1,144,-143
119900217,4,77,-73
119900218,4,59,-55
119900219,5,142,-137
119900220,5,176,-171
119900221,9,523,-514
119900222,2,321,-319
119900223,20,113,-93
119900224,20,36,-16
119900225,1424,35,1389
119900226,839,466,373
119900227,1506,301,1205
119900228,26,277,-251
119900229,115,296,-181
119900230,847,411,436
119900231,25,106,-81
119900232,26,5,21
119900233,5,2,3
119900234,0,18,-18
119900235,10,6,4
119900236,13,235,-222
119900237,15,476,-461
119900238,1,68,-67
119900240,15,139,-124
119900241,54,262,-208
119900242,1354,380,974
119900244,427,836,-409
119900245,21,64,-43
119900246,58,54,4
119900247,2,9,-7
119900248,4,18,-14
119900249,31,13,18
119900253,3238,155,3083
119900254,9,58,-49
119900255,35,613,-578
119900256,65,1505,-1440
119900257,3,0,3
119900258,5,0,5
119900259,5,275,-270
119900260,10,0,10
119900261,66,138,-72
119900262,4,366,-362
119900263,518,417,101
119900264,11,261,-250
119900265,38,229,-191
119900266,50,240,-190
119900267,56,370,-314
119900268,14,285,-271
119900269,79,1376,-1297
119900271,33,58,-25
119900272,34,27,7
119900275,16,1,15
119900276,12,0,12
119900277,14,13,1
119900278,147,20,127
119900279,63,55,8
119900280,712,243,469
119900281,0,59,-59
119900282,10,5,5
119900283,4,319,-315
119900284,11,153,-142
119900285,9,28,-19
119900286,3,8,-5
119900288,2,21,-19
119900289,0,22,-22
119900290,0,7,-7
119900291,11,45,-34
119900292,2,2,0
119900293,2,32,-30
119900294,4,54,-50
119900295,0,17,-17
119900296,1,159,-158
119900297,0,30,-30
119900298,4,22,-18
119900299,4,376,-372
119900300,22,279,-257
119900301,8,14,-6
119900302,8,26,-18
119900303,16,147,-131
119900304,8,13,-5
119900305,9,68,-59
119900306,4,1,3
119900307,6,87,-81
119900308,0,2,-2
119900309,4,19,-15
119900310,83,267,-184
119900311,1,118,-117
119900312,4,77,-73
119900313,95,361,-266
119900314,15,92,-77
119900315,150,2886,-2736
119900318,4,3,1
119900319,1,334,-333
119900320,36,724,-688
119900321,11,0,11
120000001,5634,3244,2390
120000002,1424,2735,-1311
120000003,2596,1978,618
120000004,2248,2284,-36
120000005,4208,2003,2205
120000006,835,1169,-334
120000007,2080,1533,547
120000008,602,1126,-524
120000009,4629,813,3816
120000010,760,3442,-2682
120000011,611,2054,-1443
120000012,1333,2922,-1589
120000013,785,2478,-1693
120000014,282,1207,-925
120000015,1091,1301,-210
120000016,1086,787,299
120000017,432,669,-237
120000018,2543,2837,-294
120000019,283,461,-178
120000020,1110,1168,-58
120000021,922,990,-68
120000022,1944,1859,85
120000023,382,839,-457
120000024,726,1255,-529
120000025,718,1458,-740
120000026,283,1314,-1031
120000027,561,1037,-476
120000028,338,285,53
120000029,1792,345,1447
120000030,52,414,-362
120000031,1234,2647,-1413
120000032,10228,2092,8136
120000033,959,1310,-351
120000034,532,1962,-1430
120000035,776,1966,-1190
120000036,1097,2471,-1374
120000037,225,380,-155
120000038,9933,2510,7423
120000039,176,906,-730
120000040,27,108,-81
120000041,169,2286,-2117
120000042,993,6099,-5106
120000043,2687,2971,-284
120000044,1172,1029,143
120000045,1490,832,658
120000046,803,1138,-335
120000047,1749,1650,99
120000048,8507,2036,6471
120000049,1104,2171,-1067
120000050,1531,3153,-1622
120000051,3963,3069,894
120000052,16537,1885,14652
120000053,468,4356,-3888
120000054,1133,7059,-5926
120000055,530,4230,-3700
120000056,2130,5242,-3112
120000057,942,1233,-291
120000058,146,149,-3
120000059,144,1219,-1075
120000061,46,597,-551
120000062,114,344,-230
120000063,1913,3860,-1947
120000064,186,1948,-1762
120000065,223,1849,-1626
120000066,48,468,-420
120000067,23,561,-538
120000068,89,1393,-1304
120000069,318,1701,-1383
120000070,23,1102,-1079
120000071,62,116,-54
120000072,110,408,-298
120000073,124,85,39
120000074,57,42,15
120000075,71,145,-74
120000076,263,182,81
120000077,412,251,161
120000078,2404,334,2070
120000079,12,18,-6
120000080,3,9,-6
120000081,13,11,2
120000082,17,19,-2
120000083,12,26,-14
120000084,241,566,-325
120000085,173,336,-163
120000086,122,703,-581
120000087,45,1335,-1290
120000088,267,1090,-823
120000089,282,160,122
120000090,80,188,-108
120000091,126,392,-266
120000092,170,143,27
120000093,40,172,-132
120000094,20,127,-107
120000095,342,738,-396
120000096,107,1451,-1344
120000098,338,1007,-669
120000099,95,574,-479
120000100,218,806,-588
120000101,141,443,-302
120000102,94,263,-169
120000103,169,193,-24
120000104,341,75,266
120000105,427,143,284
120000106,344,111,233
120000107,408,157,251
120000108,141,42,99
120000109,209,34,175
120000110,48,824,-776
120000111,87,1423,-1336
120000112,295,4302,-4007
120000113,244,2940,-2696
120000114,199,2279,-2080
120000115,170,1957,-1787
120000116,366,1902,-1536
120000117,999,1736,-737
120000118,2,5,-3
120000119,13,19,-6
120000120,4,14,-10
120000121,12,18,-6
120000122,30,26,4
120000123,6314,946,5368
120000124,111,226,-115
120000125,109,561,-452
120000126,71,269,-198
120000127,294,215,79
120000128,1127,1287,-160
120000129,59,71,-12
120000130,198,300,-102
120000131,126,363,-237
120000134,183,1127,-944
120000135,46,278,-232
120000137,43,2158,-2115
120000138,79,559,-480
120000139,32,1073,-1041
120000140,97,732,-635
120000141,41,503,-462
120000142,61,544,-483
120000143,4,150,-146
120000144,4,0,4
120000145,41,2,39
120000146,1044,345,699
120000149,221,988,-767
120000150,4149,3841,308
120000151,206,219,-13
120000152,74,234,-160
120000153,53,662,-609
120000154,178,273,-95
120000155,60,83,-23
120000156,828,147,681
120000157,301,482,-181
120000158,207,739,-532
120000159,1205,1945,-740
120000160,973,715,258
120000161,446,2518,-2072
120000162,14,108,-94
120000163,123,1354,-1231
120000164,139,441,-302
120000165,85,1049,-964
120000166,137,543,-406
120000167,4,13,-9
120000168,5,23,-18
120000169,114,88,26
120000170,173,51,122
120000171,54,23,31
120000172,27,26,1
120000173,1602,39,1563
120000174,188,2,186
120000175,361,4,357
120000176,111,45,66
120000177,906,434,472
120000178,30,5,25
120000179,247,23,224
120000180,336,49,287
120000181,77,23,54
120000182,29,37,-8
120000183,0,79,-79
120000184,33,1571,-1538
120000186,3,22,-19
120000187,62,18,44
120000188,109,14,95
120000190,531,1,530
120000191,944,4,940
120000192,1228,4,1224
120000193,430,3,427
120000195,18,0,18
120000196,78,13,65
120000197,40,47,-7
120000198,15,182,-167
120000199,10,0,10
120000200,2,0,2
120000201,1,3,-2
120000202,1,88,-87
120000203,2,447,-445
120000207,0,132,-132
120000208,6,298,-292
120000209,0,100,-100
120000210,120,90,30
120000211,25,2,23
120000212,21,1,20
120000213,40,477,-437
120000214,2,433,-431
120000215,1,167,-166
120000216,36,5,31
120000217,785,1680,-895
120000218,279,2139,-1860
120000219,9,1273,-1264
120000220,20,4232,-4212
120000225,158,0,158
120000226,35,0,35
120000227,206,2,204
120000228,9783,1073,8710
120000230,26,0,26
120000231,239,2499,-2260
120000233,26,3,23
120000235,81,768,-687
120000236,0,0,0
120000237,5,2767,-2762
120000238,1,46,-45
120000241,375,832,-457
120000412,946,6,940
120000413,23,346,-323
120000414,6,1,5
120000415,2,142,-140
120000416,6,2,4
120000417,0,84,-84
120000418,9,3,6
120000419,4,476,-472
120000420,9,24,-15
120000421,15635,5547,10088
120000422,254,312,-58
120000423,1,44,-43
120000424,11,196,-185
120000436,77,142,-65
120000437,113,174,-61
120000438,5578,423,5155
120000439,23,98,-75
120000443,57,0,57
120000444,87,464,-377
120000445,365,546,-181
120000446,648,76,572
120000447,4,11,-7
120000449,4,7,-3
120000450,3,324,-321
120000451,13,181,-168
120000452,14,1,13
120000453,1,507,-506
120000454,17,6,11
120000455,7,54,-47
120000456,3627,1710,1917
120000457,1488,848,640
120000458,360,648,-288
120000459,22,35,-13
120000665,466,87,379
120000668,44,94,-50
120000669,19,396,-377
120000670,189,314,-125
120000671,158,137,21
120000672,31,364,-333
120900001,4,7,-3
120900002,15,183,-168
120900003,120,29,91
120900004,4,22,-18
120900005,7,1402,-1395
120900006,67,90,-23
120900007,37,188,-151
120900008,34,1132,-1098
120900009,43,15,28
120900010,92,19,73
120900011,226,46,180
120900012,925,280,645
120900013,88,18,70
120900014,3,799,-796
120900015,61,51,10
120900016,109,28,81
120900017,3325,105,3220
120900018,16,472,-456
120900019,119,45,74
120900020,176,218,-42
120900021,70,16,54
120900022,8,420,-412
120900023,21,31,-10
120900024,897,355,542
120900025,1667,498,1169
120900026,16,183,-167
120900027,241,105,136
120900028,39,23,16
120900029,18,87,-69
120900030,226,261,-35
120900031,24,4,20
120900032,187,84,103
120900033,144,9,135
120900034,17,633,-616
120900035,17,298,-281
120900037,11,0,11
120900038,21,42,-21
120900039,7,15,-8
120900040,27,0,27
120900041,73,19,54
120900042,29,37,-8
120900043,2,1,1
120900044,8,341,-333
120900045,68,235,-167
120900046,35,0,35
120900047,21,6,15
120900048,22,11,11
120900049,52,1,51
120900050,3644,400,3244
120900051,62,63,-1
120900052,48,1,47
120900053,17,24,-7
120900054,764,630,134
120900055,35,0,35
120900056,49,2,47
120900057,10,13,-3
120900058,66,0,66
120900059,11,2,9
120900060,6,10,-4
120900061,113,271,-158
120900062,52,0,52
120900063,62,2,60
120900064,46,0,46
120900065,41,4,37
120900066,29,209,-180
120900067,28,12,16
120900068,29,0,29
120900069,33,94,-61
120900071,2,0,2
120900072,72,0,72
120900073,45,232,-187
120900074,92,1,91
120900076,30,1,29
120900077,3328,197,3131
120900078,112,830,-718
120900079,105,117,-12
120900080,80,3263,-3183
120900081,66,1444,-1378
120900082,339,138,201
120900083,23,36,-13
120900084,56,78,-22
120900085,51,30,21
120900086,83,71,12
120900087,84,20,64
120900088,61,64,-3
120900089,5410,466,4944
120900090,11,148,-137
120900091,153,78,75
120900092,302,634,-332
120900093,4906,292,4614
120900094,319,302,17
120900095,39,29,10
120900096,8,58,-50
120900097,505,1471,-966
120900098,225,178,47
120900099,23,111,-88
120900100,14,451,-437
120900101,149,347,-198
120900102,6,118,-112
120900103,16,95,-79
120900104,7,71,-64
120900105,13,997,-984
120900106,945,649,296
120900107,381,160,221
120900108,4,1144,-1140
120900109,16,939,-923
120900110,5,389,-384
120900111,89,338,-249
120900112,4,1723,-1719
120900113,4,1023,-1019
120900114,6,308,-302
120900115,64,63,1
120900116,31,731,-700
120900117,4,708,-704
120900118,6,955,-949
120900119,3824,2266,1558
120900120,21,847,-826
120900121,66,419,-353
120900122,48,770,-722
120900123,2,607,-605
120900124,4,810,-806
120900125,5,1107,-1102
120900126,755,677,78
120900127,5,729,-724
120900128,785,906,-121
120900129,21,559,-538
120900130,0,435,-435
120900131,6,75,-69
120900132,107,508,-401
120900133,206,1183,-977
120900134,155,548,-393
120900135,5,867,-862
120900136,2,11,-9
120900137,9,105,-96
120900138,1,238,-237
120900139,3,1065,-1062
120900140,1,37,-36
120900141,25,79,-54
120900142,12,1046,-1034
120900143,1,1185,-1184
120900144,1,356,-355
120900145,13,1072,-1059
120900146,5,1333,-1328
120900147,1,220,-219
120900148,20,46,-26
120900149,2,437,-435
120900150,9,665,-656
120900151,2,708,-706
120900152,0,69,-69
120900153,1,64,-63
120900154,1,354,-353
120900155,26,1270,-1244
120900156,9,503,-494
120900157,1,198,-197
120900158,5,713,-708
120900159,6,335,-329
120900160,35,437,-402
120900161,7,2006,-1999
120900162,7,1720,-1713
120900163,3,38,-35
120900164,0,0,0
120900165,9,0,9
120900166,10,25,-15
120900167,47,74,-27
120900169,15,547,-532
120900170,2054,617,1437
120900171,1419,179,1240
120900172,876,58,818
120900173,0,29,-29
120900174,7,120,-113
120900175,285,177,108
120900176,4,85,-81
120900177,0,159,-159
120900178,1,101,-100
120900179,330,387,-57
120900180,42,57,-15
120900181,4,104,-100
120900182,13,280,-267
120900183,448,73,375
120900184,102,106,-4
120900185,3,334,-331
120900186,0,619,-619
120900187,40,297,-257
120900188,12,11,1
120900189,61,77,-16
120900190,4,15,-11
120900191,1,15,-14
120900192,14844,929,13915
120900194,12,76,-64
120900195,91,400,-309
120900196,227,27,200
120900197,104,30,74
120900198,120,738,-618
120900199,99,1323,-1224
120900200,87,42,45
120900201,652,182,470
120900202,1,299,-298
120900203,7,25,-18
120900204,331,447,-116
120900205,36,99,-63
120900206,10,2,8
121000001,667,1061,-394
121000002,861,654,207
121000003,4456,1943,2513
121000004,1969,1421,548
121000005,1563,2234,-671
121000006,1946,752,1194
121000007,2427,2691,-264
121000008,2498,1340,1158
121000009,8386,3783,4603
121000010,6932,2059,4873
121000011,15356,6838,8518
121000012,17417,3648,13769
121000013,6412,4588,1824
121000014,7112,4370,2742
121000015,3370,4305,-935
121000016,3280,3210,70
121000017,1078,2741,-1663
121000018,1297,1113,184
121000019,10278,4211,6067
121000020,7192,3545,3647
121000021,1298,2205,-907
121000022,801,1085,-284
121000023,2209,2224,-15
121000024,1278,1923,-645
121000025,485,381,104
121000026,138,56,82
121000027,1341,660,681
121000028,464,347,117
121000029,221,515,-294
121000030,34,64,-30
121000031,364,556,-192
121000032,108,59,49
121000034,12,13,-1
121000035,42,50,-8
121000036,335,336,-1
121000037,183,422,-239
121000038,273,296,-23
121000039,207,157,50
121000041,144,309,-165
121000042,82,153,-71
121000043,480,366,114
121000044,746,258,488
121000045,150,379,-229
121000046,77,220,-143
121000047,6,53,-47
121000049,1324,645,679
121000050,183,625,-442
121000051,208,215,-7
121000052,186,369,-183
121000053,111,3,108
121000054,28,137,-109
121000055,1440,758,682
121000056,526,574,-48
121000057,85,135,-50
121000058,307,93,214
121000059,821,424,397
121000060,237,350,-113
121000061,34,78,-44
121000062,47,73,-26
121000063,275,349,-74
121000064,148,170,-22
121000065,180,217,-37
121000066,220,253,-33
121000067,638,226,412
121000068,135,132,3
121000069,290,105,185
121000070,549,849,-300
121000071,248,508,-260
121000072,605,451,154
121000073,373,643,-270
121000074,95,198,-103
121000075,36,26,10
121000076,944,244,700
121000077,26,21,5
121000078,64,89,-25
121000080,2104,396,1708
121000081,763,669,94
121000082,124,158,-34
121000083,83,46,37
121000084,125,74,51
121000085,294,406,-112
121000086,129,375,-246
121000087,20,158,-138
121000088,192,392,-200
121000089,160,145,15
121000090,128,244,-116
121000091,2184,529,1655
121000092,59,71,-12
121000093,50,181,-131
121000094,326,187,139
121000095,109,197,-88
121000096,2368,1601,767
121000097,1760,1101,659
121000098,145,858,-713
121000099,161,714,-553
121000100,141,399,-258
121000101,14,36,-22
121000102,43,383,-340
121000103,6,48,-42
121000104,59,146,-87
121000105,70,216,-146
121000106,14,25,-11
121000107,1634,3339,-1705
121000109,1606,828,778
121000110,195,316,-121
121000114,2002,1646,356
121000115,705,597,108
121000116,443,573,-130
121000117,1047,192,855
121000118,674,218,456
121000119,72,217,-145
121000120,150,289,-139
121000121,94,303,-209
121000123,361,262,99
121000126,39,236,-197
121000127,82,93,-11
121000128,86,458,-372
121000129,176,309,-133
121000130,171,795,-624
121000131,430,420,10
121000132,332,431,-99
121000135,301,338,-37
121000136,870,178,692
121000137,248,109,139
121000138,333,287,46
121000139,364,52,312
121000141,96,69,27
121000142,605,265,340
121000143,54,8,46
121000144,522,648,-126
121000145,199,897,-698
121000146,391,640,-249
121000147,294,350,-56
121000148,259,660,-401
121000149,703,800,-97
121000152,149,306,-157
121000153,1628,350,1278
121000154,505,387,118
121000155,636,540,96
121000156,430,545,-115
121000157,1561,944,617
121000158,293,433,-140
121000159,102,603,-501
121000160,173,639,-466
121000161,37,349,-312
121000162,26,255,-229
121000165,1180,678,502
121000166,37,226,-189
121000168,73,163,-90
121000169,8,198,-190
121000170,64,31,33
121000171,60,120,-60
121000172,264,360,-96
121000173,1145,510,635
121000174,138,345,-207
121000175,175,332,-157
121000176,240,157,83
121000177,288,440,-152
121000178,28,54,-26
121000179,25,76,-51
121000181,146,224,-78
121000182,40,117,-77
121000183,26,18,8
121000184,3,48,-45
121000185,6,116,-110
121000186,68,283,-215
121000187,70,253,-183
121000188,50,190,-140
121000192,278,262,16
121000193,277,250,27
121000194,2005,1673,332
121000195,258,690,-432
121000196,215,123,92
121000197,99,615,-516
121000198,58,79,-21
121000199,46,679,-633
121000200,109,83,26
121000201,2,273,-271
121000202,54,7,47
121000203,155,2129,-1974
121000204,351,227,124
121000205,69,373,-304
121000206,67,81,-14
121000207,330,319,11
121000208,3,420,-417
121000209,25,627,-602
121000210,100,584,-484
121000211,29,92,-63
121000212,147,753,-606
121000213,5743,1308,4435
121000214,494,491,3
121000215,1077,452,625
121000216,260,263,-3
121000217,2044,818,1226
121000218,250,1518,-1268
121000219,458,250,208
121000220,269,66,203
121000221,89,202,-113
121000222,1748,2283,-535
121000223,159,393,-234
121000224,96,24,72
121000225,524,466,58
121000226,699,256,443
121000227,2,212,-210
121000228,10,877,-867
121000229,22,502,-480
121000230,77,1882,-1805
121000231,0,0,0
121000232,131,48,83
121000233,146,241,-95
121000234,4,27,-23
121000235,8,9,-1
121000236,0,39,-39
121000237,3,4,-1
121000238,1,68,-67
121000239,1,2,-1
121000240,1,146,-145
121000241,21,3,18
121000242,1,135,-134
121000243,14,6,8
121000244,0,82,-82
121000245,0,2,-2
121000246,1,50,-49
121000247,15,1,14
121000248,53,276,-223
121000249,35,194,-159
121000250,66,47,19
121000251,8,519,-511
121000252,26,19,7
121000253,69,535,-466
121000254,198,146,52
121000255,80,115,-35
121000256,35,133,-98
121000257,18,52,-34
121000258,17,35,-18
121000259,8,31,-23
121000260,17,99,-82
121000261,14,16,-2
121000262,933,361,572
121000263,301,373,-72
121000271,214,1174,-960
121000273,20,13,7
121000274,1,43,-42
121000275,0,22,-22
121000276,0,8,-8
121000278,9,42,-33
121000279,8,14,-6
121000280,5,52,-47
121000289,22,8,14
121000290,548,413,135
121000294,14,192,-178
121000297,420,260,160
121000299,144,169,-25
121000300,623,305,318
121000302,25,156,-131
121000303,141,157,-16
121000304,50,8,42
121000305,18,4,14
121000306,2,16,-14
121000308,101,267,-166
121000309,175,509,-334
121000310,39,394,-355
121000311,73,513,-440
121000312,85,34,51
121000313,524,265,259
121000314,72,55,17
121000315,19,22,-3
121000530,400,1162,-762
121000531,538,1140,-602
121000532,3812,1996,1816
121000533,1171,1179,-8
121000918,4,262,-258
121000919,1,7,-6
121000938,42,62,-20
121000939,70,21,49
121000956,232,1142,-910
121000957,0,20,-20
121000958,25,70,-45
121000959,111,833,-722
121000960,283,1812,-1529
121000961,64,5,59
121000962,165,446,-281
121000973,0,167,-167
121000976,0,53,-53
121000979,1,5,-4
121000981,70,11,59
121000982,40,60,-20
121000983,52,317,-265
121000984,11,11,0
121000985,118,591,-473
121000986,15,376,-361
121000987,72,1794,-1722
121000988,212,87,125
121001302,249,94,155
121001308,4,11,-7
121001309,33,90,-57
121001313,19,397,-378
121001314,4822,2923,1899
121001315,3139,1271,1868
121900001,41,95,-54
121900002,2,10,-8
121900003,3,5,-2
121900004,6,138,-132
121900005,0,2,-2
121900006,1,4,-3
121900007,31,270,-239
121900008,41,1,40
121900009,0,0,0
121900010,26,1,25
121900011,46,120,-74
121900012,0,0,0
121900013,91,1,90
121900014,128,31,97
121900015,8,22,-14
121900016,0,0,0
121900017,20,43,-23
121900018,34,0,34
121900019,58,69,-11
121900020,0,0,0
121900021,104,0,104
121900022,11,18,-7
121900023,1,32,-31
121900024,167,16,151
121900025,41,55,-14
121900026,5,4,1
121900027,52,19,33
121900028,52,0,52
121900029,0,18,-18
121900030,85,117,-32
121900031,199,557,-358
121900032,31,28,3
121900033,42,31,11
121900034,31,8,23
121900035,389,128,261
121900036,4,24,-20
121900037,23,155,-132
121900038,0,66,-66
121900039,28,1,27
121900040,1,7,-6
121900041,17,30,-13
121900042,10,23,-13
121900043,0,0,0
121900044,151,10,141
121900045,26,97,-71
121900046,6,18,-12
121900047,11,0,11
121900048,5,60,-55
121900050,0,2,-2
121900051,13,44,-31
121900052,3,7,-4
121900053,65,41,24
121900054,31,132,-101
121900055,1,3,-2
121900058,17,80,-63
121900059,4,14,-10
121900060,24,59,-35
121900061,16,20,-4
121900062,4,2,2
121900063,53,61,-8
121900064,13,161,-148
121900066,2,2,0
121900067,0,0,0
121900069,178,95,83
121900070,16,37,-21
121900071,21,47,-26
121900072,3,69,-66
121900073,18,34,-16
121900074,40,48,-8
121900075,35,45,-10
121900076,16,153,-137
121900077,2,34,-32
121900078,0,5,-5
121900079,0,0,0
121900080,97,115,-18
121900082,1,43,-42
121900083,15,39,-24
121900084,1,140,-139
121900085,0,20,-20
121900086,1,4,-3
121900087,52,19,33
121900088,664,691,-27
121900089,3,79,-76
121900090,2,79,-77
121900091,0,41,-41
121900092,1,8,-7
121900093,8,30,-22
121900094,3,2,1
121900095,22,27,-5
121900096,246,19,227
121900097,27,16,11
121900098,0,1,-1
121900099,3,6,-3
121900100,7,28,-21
121900101,42,47,-5
121900102,0,25,-25
121900103,25,7,18
121900104,162,60,102
121900105,4,3,1
121900106,0,0,0
121900107,0,5,-5
121900108,0,0,0
121900109,79,34,45
121900110,34,519,-485
121900111,308,39,269
121900112,10,13,-3
121900113,1,26,-25
121900114,0,0,0
121900115,24,62,-38
121900117,12,9,3
121900118,777,72,705
121900119,8,106,-98
121900120,3,605,-602
121900121,0,0,0
121900122,1,0,1
121900123,44,110,-66
121900124,14,65,-51
121900125,375,426,-51
121900127,0,18,-18
121900128,6,83,-77
121900129,703,39,664
121900130,5,37,-32
121900131,33,33,0
121900132,6,55,-49
121900133,4,7,-3
121900134,0,40,-40
121900135,541,69,472
121900136,6,194,-188
121900137,16,64,-48
121900138,3,40,-37
121900139,133,124,9
121900140,1,20,-19
121900141,3,1,2
121900142,2,14,-12
121900143,0,26,-26
121900144,333,246,87
121900145,19,24,-5
121900146,84,243,-159
121900147,25,114,-89
121900148,22,90,-68
121900149,87,250,-163
121900150,28,152,-124
121900151,49,64,-15
121900152,19,33,-14
121900153,7,94,-87
121900154,3,49,-46
121900155,0,26,-26
121900156,94,69,25
121900157,2,148,-146
121900158,30,58,-28
121900159,0,89,-89
121900160,1,109,-108
121900161,99,87,12
121900162,23,47,-24
121900163,13,408,-395
121900164,31,67,-36
121900165,18,71,-53
121900166,14,64,-50
121900167,10,19,-9
121900168,49,38,11
121900169,1,296,-295
121900170,0,62,-62
121900171,64,114,-50
121900172,30,78,-48
121900173,121,38,83
121900174,0,1,-1
121900175,3,47,-44
121900176,179,1180,-1001
121900177,25,23,2
121900178,0,0,0
121900179,19,27,-8
121900180,4802,1161,3641
121900182,37,77,-40
121900183,76,71,5
121900184,5,145,-140
121900185,11,24,-13
121900186,2,203,-201
121900187,4,45,-41
121900188,213,58,155
121900189,5,47,-42
121900190,32,130,-98
121900191,1,7,-6
121900192,264,75,189
121900193,0,12,-12
121900194,0,63,-63
121900195,10,35,-25
121900196,33,107,-74
121900197,117,1188,-1071
121900198,469,76,393
121900199,2,13,-11
121900200,5,18,-13
121900201,134,136,-2
121900202,28,59,-31
121900203,11,41,-30
121900204,274,94,180
121900205,0,72,-72
121900206,1,5,-4
121900207,39,8,31
121900208,19,59,-40
121900209,20,8,12
121900210,31,65,-34
121900211,1,46,-45
121900212,13,35,-22
121900213,6,22,-16
121900214,0,156,-156
121900215,3,12,-9
121900216,3,17,-14
121900217,26,14,12
121900218,13,28,-15
121900219,45,25,20
121900220,18,2,16
121900221,54,183,-129
121900222,7,33,-26
121900223,3,5,-2
121900224,0,6,-6
121900225,0,2,-2
121900226,25,582,-557
121900227,10,62,-52
121900228,30,37,-7
121900229,48,148,-100
121900230,28,9,19
121900231,150,38,112
121900232,61,76,-15
121900233,90,95,-5
121900234,32,69,-37
121900235,21,69,-48
121900236,16,21,-5
121900237,88,128,-40
121900238,38,75,-37
121900239,26,9,17
121900240,23,25,-2
121900241,1,21,-20
121900242,0,0,0
121900243,0,0,0
121900244,0,0,0
121900245,43,31,12
121900246,12,9,3
121900247,72,80,-8
121900248,202,178,24
121900250,52,70,-18
121900251,7,2,5
121900252,325,27,298
121900253,27,307,-280
121900254,132,54,78
121900255,8,17,-9
121900258,220,42,178
121900259,56,39,17
121900260,9,101,-92
121900261,14,71,-57
121900262,87,190,-103
121900263,9,94,-85
121900264,736,354,382
121900265,16,112,-96
121900266,14,26,-12
121900267,0,0,0
121900269,7,62,-55
121900270,6,56,-50
121900271,3,52,-49
121900273,123,284,-161
121900274,16,108,-92
121900276,41,25,16
121900277,54,884,-830
121900278,11,462,-451
121900279,42,181,-139
121900280,33,131,-98
121900281,104,6,98
121900284,11,2,9
121900286,7,152,-145
121900287,3,6,-3
121900290,61,93,-32
121900291,135,174,-39
121900292,21,27,-6
121900293,458,2127,-1669
121900294,69,0,69
121900295,17,68,-51
121900296,1,0,1
121900298,26,78,-52
121900299,0,0,0
121900300,1,1,0
121900301,2,0,2
121900302,0,19,-19
121900303,31,74,-43
121900304,0,0,0
121900305,0,0,0
121900306,0,0,0
121900307,0,7,-7
121900308,4,210,-206
121900309,5,174,-169
121900310,9,360,-351
121900311,18,4,14
121900312,13,0,13
121900313,35,4,31
121900314,1,48,-47
121900315,0,0,0
121900316,0,2,-2
121900317,0,0,0
121900318,0,13,-13
121900319,0,0,0
121900320,13,27,-14
121900321,0,0,0
121900322,0,6,-6
121900323,3,1,2
121900324,0,0,0
121900325,0,0,0
121900326,0,11,-11
121900327,0,14,-14
121900328,0,7,-7
121900329,0,38,-38
121900330,0,10,-10
121900331,35,12,23
121900332,0,0,0
122000001,1345,1479,-134
122000002,2497,729,1768
122000003,994,695,299
122000004,1255,502,753
122000005,1342,486,856
122000006,874,252,622
122000007,487,451,36
122000008,3253,1395,1858
122000009,515,91,424
122000010,1460,1797,-337
122000011,1908,557,1351
122000012,605,778,-173
122000013,698,645,53
122000014,835,748,87
122000015,565,552,13
122000016,192,477,-285
122000017,698,640,58
122000018,738,915,-177
122000019,435,1165,-730
122000020,117,84,33
122000021,503,201,302
122000022,459,437,22
122000023,157,835,-678
122000024,546,561,-15
122000025,644,760,-116
122000026,1146,401,745
122000027,401,1601,-1200
122000028,422,152,270
122000029,115,114,1
122000030,282,64,218
122000031,79,100,-21
122000032,561,1065,-504
122000033,328,375,-47
122000034,309,347,-38
122000035,254,336,-82
122000036,210,440,-230
122000037,187,133,54
122000038,170,271,-101
122000039,267,294,-27
122000040,210,142,68
122000041,197,304,-107
122000042,81,226,-145
122000043,80,45,35
122000044,57,74,-17
122000045,718,356,362
122000046,359,585,-226
122000047,173,94,79
122000048,1392,1558,-166
122000049,2724,1242,1482
122000050,716,383,333
122000051,165,165,0
122000052,161,134,27
122000053,44,258,-214
122000054,1163,931,232
122000055,896,1218,-322
122000056,2290,1511,779
122000057,2201,1333,868
122000058,2025,903,1122
122000059,2238,1308,930
122000060,605,317,288
122000061,287,128,159
122000062,585,138,447
122000063,233,256,-23
122000064,2096,2306,-210
122000065,2610,1807,803
122000066,585,691,-106
122000067,552,665,-113
122000068,342,509,-167
122000069,342,467,-125
122000070,158,828,-670
122000071,424,604,-180
122000072,129,173,-44
122000073,121,265,-144
122000074,497,428,69
122000075,211,331,-120
122000076,636,581,55
122000077,451,374,77
122000078,1582,1496,86
122000079,479,396,83
122000080,188,184,4
122000081,69,89,-20
122000082,364,325,39
122000083,596,1570,-974
122000084,461,476,-15
122000085,114,994,-880
122000086,1267,1371,-104
122000087,175,93,82
122000088,141,129,12
122000089,2757,1412,1345
122000090,162,258,-96
122000091,178,36,142
122000092,48,2,46
122000093,799,1128,-329
122000094,3805,1015,2790
122000095,1781,683,1098
122000096,1014,274,740
122000098,1348,1152,196
122000099,759,581,178
122000100,421,307,114
122000101,112,324,-212
122000102,1067,760,307
122000103,459,920,-461
122000104,131,127,4
122000105,107,166,-59
122000106,293,230,63
122000107,265,254,11
122000108,293,428,-135
122000109,49,103,-54
122000110,149,257,-108
122000111,1699,641,1058
122000112,328,561,-233
122000113,167,469,-302
122000114,1583,1370,213
122000115,1265,746,519
122000116,257,247,10
122000117,459,113,346
122000118,193,191,2
122000119,1785,1117,668
122000120,1654,1825,-171
122000121,2323,1347,976
122000122,377,722,-345
122000123,820,408,412
122000124,352,197,155
122000125,238,470,-232
122000126,258,474,-216
122000127,786,660,126
122000128,283,528,-245
122000129,152,86,66
122000130,859,200,659
122000131,864,214,650
122000132,666,335,331
122000133,505,1729,-1224
122000134,262,288,-26
122000135,373,763,-390
122000136,100,78,22
122000137,281,359,-78
122000139,675,1270,-595
122000140,626,277,349
122000141,3616,543,3073
122000142,113,460,-347
122000143,322,121,201
122000144,987,463,524
122000145,457,367,90
122000146,130,394,-264
122000147,298,129,169
122000148,1363,581,782
122000149,1044,421,623
122000150,645,286,359
122000151,192,238,-46
122000152,183,210,-27
122000153,75,50,25
122000154,95,31,64
122000155,898,789,109
122000156,2044,1423,621
122000157,1093,942,151
122000158,107,366,-259
122000159,435,925,-490
122000160,2105,429,1676
122000161,453,215,238
122000162,673,508,165
122000163,392,53,339
122000164,34,85,-51
122000165,410,352,58
122000166,365,480,-115
122000167,150,164,-14
122000168,111,322,-211
122000169,312,125,187
122000170,136,203,-67
122000171,20,64,-44
122000172,720,700,20
122000173,773,902,-129
122000174,851,653,198
122000175,904,258,646
122000176,139,322,-183
122000177,1112,1340,-228
122000178,1927,639,1288
122000179,1657,1076,581
122000180,1023,648,375
122000181,1223,1407,-184
122000182,2139,297,1842
122000183,965,141,824
122000184,3866,1042,2824
122000185,1328,909,419
122000186,430,411,19
122000187,426,540,-114
122000188,233,152,81
122000189,101,99,2
122000190,174,608,-434
122000191,380,195,185
122000192,317,111,206
122000193,65,240,-175
122000194,250,98,152
122000195,63,310,-247
122000196,556,249,307
122000197,148,78,70
122000198,258,779,-521
122000199,200,122,78
122000200,515,150,365
122000201,1090,1547,-457
122000202,716,851,-135
122000203,1391,1059,332
122000204,717,1374,-657
122000205,676,648,28
122000206,1150,394,756
122000207,556,588,-32
122000208,613,872,-259
122000209,852,106,746
122000210,587,1696,-1109
122000211,426,1092,-666
122000212,206,254,-48
122000213,490,534,-44
122000214,713,697,16
122000215,612,631,-19
122000217,1072,1148,-76
122000218,58,8,50
122000219,1274,945,329
122000220,144,696,-552
122000221,106,298,-192
122000222,373,72,301
122000223,444,522,-78
122000225,284,153,131
122000226,487,1686,-1199
122000227,119,977,-858
122000228,150,383,-233
122000229,4,316,-312
122000230,45,672,-627
122000231,75,432,-357
122000232,177,293,-116
122000233,0,20,-20
122000234,40,161,-121
122000235,219,172,47
122000236,236,170,66
122000237,31,36,-5
122000238,30,40,-10
122000239,106,58,48
122000240,170,110,60
122000241,49,49,0
122000242,101,26,75
122000243,5,21,-16
122000244,4,223,-219
122000245,3,59,-56
122000246,2,14,-12
122000247,249,298,-49
122000248,719,1316,-597
122000249,87,203,-116
122000250,586,151,435
122000251,187,239,-52
122000252,350,36,314
122000253,13,269,-256
122000254,51,52,-1
122000255,298,1193,-895
122000256,210,1254,-1044
122000257,80,351,-271
122000258,67,195,-128
122000259,9,649,-640
122000260,12,122,-110
122000261,0,79,-79
122000262,0,37,-37
122000263,21,116,-95
122000264,47,76,-29
122000265,238,151,87
122000266,955,114,841
122000267,27,47,-20
122000268,46,214,-168
122000269,245,199,46
122000270,148,95,53
122000271,177,937,-760
122000272,111,930,-819
122000273,172,487,-315
122000274,31,186,-155
122000275,17,129,-112
122000276,67,387,-320
122000277,283,595,-312
122000278,240,689,-449
122000279,74,358,-284
122000280,369,590,-221
122000281,161,595,-434
122000282,43,76,-33
122000283,402,31,371
122000284,20,60,-40
122000285,208,97,111
122000286,74,131,-57
122000287,306,477,-171
122000288,129,85,44
122000291,323,228,95
122000293,369,249,120
122000294,35,53,-18
122000295,357,74,283
122000296,20,197,-177
122000297,2051,941,1110
122000299,104,315,-211
122000300,91,324,-233
122000301,10519,1003,9516
122000302,530,398,132
122000303,3873,683,3190
122000304,4,109,-105
122000305,592,90,502
122000306,8,894,-886
122000307,57,88,-31
122000309,8,44,-36
122000310,2,11,-9
122000311,34,32,2
122000312,40,17,23
122000313,1,13,-12
122000314,43,100,-57
122000315,39,5,34
122000316,119,102,17
122000317,313,69,244
122000318,63,116,-53
122000319,171,460,-289
122000320,225,2522,-2297
122000321,17,295,-278
122000322,1387,806,581
122000323,1009,669,340
122000324,739,636,103
122000325,379,514,-135
122000326,3,29,-26
122000327,90,291,-201
122000328,454,737,-283
122000330,1024,304,720
122000332,104,264,-160
122000333,5,172,-167
122000337,258,1774,-1516
122000338,77,448,-371
122000340,198,169,29
122000342,1329,793,536
122000343,74,141,-67
122000344,7,1,6
122000345,22,41,-19
122000346,158,37,121
122000348,157,635,-478
122000349,45,328,-283
122000351,4,64,-60
122000352,116,37,79
122000353,15,111,-96
122000355,48,69,-21
122000356,867,447,420
122000357,12,5,7
122000358,1,66,-65
122000359,0,37,-37
122000360,0,23,-23
122000362,8,81,-73
122000364,18,302,-284
122000365,0,2,-2
122000366,1,6,-5
122000368,222,484,-262
122000370,3,54,-51
122000371,0,0,0
122000372,0,0,0
122000381,8,190,-182
122000382,27,183,-156
122000384,1986,1034,952
122000385,1,0,1
122000386,43,316,-273
122000387,157,435,-278
122000388,276,206,70
122000389,164,662,-498
122000390,92,83,9
122000391,12,8,4
122000392,129,226,-97
122000393,13,246,-233
122000394,75,278,-203
122000395,24,192,-168
122000396,109,109,0
122000397,12,70,-58
122000398,2,5,-3
122000399,16,87,-71
122000400,31,59,-28
122000401,41,83,-42
122000402,9,9,0
122000403,161,1363,-1202
122000404,30,181,-151
122000408,249,683,-434
122000503,2,28,-26
122000524,118,91,27
122000544,7,418,-411
122000616,854,2,852
122000640,17,245,-228
122000641,9,480,-471
122000642,591,1199,-608
122000643,6,14,-8
122000644,110,19,91
122000645,76,146,-70
122000651,762,457,305
122000664,70,37,33
122000665,689,423,266
122000666,289,643,-354
122000673,24,419,-395
122000674,93,39,54
122000675,437,1207,-770
122000686,82,728,-646
122000687,82,438,-356
122000688,103,423,-320
122000689,138,576,-438
122000690,198,832,-634
122000691,124,1566,-1442
122000692,263,549,-286
122000693,126,1239,-1113
122000695,92,567,-475
122000696,49,212,-163
122000698,52,1059,-1007
122000699,123,47,76
122000701,362,337,25
122000702,227,909,-682
122000703,6,6,0
122000717,222,37,185
122000718,343,66,277
122000719,5,22,-17
122000720,25,111,-86
122900001,11,1,10
122900002,275,249,26
122900003,39,17,22
122900004,105,5,100
122900005,34,9,25
122900006,199,26,173
122900007,33,3,30
122900008,239,11,228
122900009,130,20,110
122900010,0,0,0
122900012,10,17,-7
122900014,79,163,-84
122900015,825,48,777
122900016,20,292,-272
122900017,114,439,-325
122900018,35,4,31
122900019,9,131,-122
122900020,313,256,57
122900021,22,262,-240
122900022,114,683,-569
122900023,88,243,-155
122900024,68,35,33
122900025,7,61,-54
122900026,86,235,-149
122900027,19,454,-435
122900028,101,309,-208
122900029,1849,385,1464
122900030,1473,197,1276
122900031,22,53,-31
122900032,67,136,-69
122900033,45,26,19
122900034,921,806,115
122900035,0,3,-3
122900036,3,14,-11
122900037,93,39,54
122900038,41,707,-666
122900039,26,102,-76
122900040,8,31,-23
122900041,12,29,-17
122900042,3,30,-27
122900043,24,29,-5
122900044,2,42,-40
122900045,11,14,-3
122900046,8,20,-12
122900047,35,26,9
122900048,10,41,-31
122900049,1111,96,1015
122900051,48,52,-4
122900052,11,32,-21
122900053,5,11,-6
122900055,32,36,-4
122900057,63,2,61
122900061,240,58,182
122900062,204,137,67
122900063,29,309,-280
122900064,521,469,52
122900065,112,80,32
122900066,164,116,48
122900067,966,372,594
122900068,189,233,-44
122900069,96,313,-217
122900070,28,16,12
122900071,22,392,-370
122900072,19,606,-587
122900073,17,169,-152
122900074,21,460,-439
122900075,2,49,-47
122900076,3,130,-127
122900077,1,265,-264
122900078,8,178,-170
122900080,15,6,9
122900081,30,0,30
122900082,43,6,37
122900083,0,1,-1
122900084,1,107,-106
122900086,0,2,-2
122900087,18,581,-563
122900088,19,27,-8
122900089,1,72,-71
122900090,6,663,-657
122900091,0,0,0
122900092,0,87,-87
122900093,0,171,-171
122900094,2,92,-90
122900095,0,0,0
122900096,1,137,-136
122900097,0,0,0
122900098,25,41,-16
122900099,2,5,-3
122900100,115,32,83
122900101,47,22,25
123000001,1008,244,764
123000002,3510,1028,2482
123000003,2027,1301,726
123000004,2552,3304,-752
123000005,819,900,-81
123000006,2377,2309,68
123000007,485,614,-129
123000008,1134,2372,-1238
123000009,1936,1423,513
123000010,3210,3474,-264
123000011,599,353,246
123000012,637,2068,-1431
123000013,1121,311,810
123000014,1088,3209,-2121
123000015,995,254,741
123000016,6495,2433,4062
123000017,2051,950,1101
123000018,20,62,-42
123000019,50,287,-237
123000020,35,103,-68
123000021,8,88,-80
123000022,237,434,-197
123000023,876,839,37
123000024,384,318,66
123000025,1,45,-44
123000026,0,48,-48
123000027,41,224,-183
123000028,384,35,349
123000029,617,228,389
123000030,43,955,-912
123000031,56,395,-339
123000032,56,235,-179
123000033,54,42,12
123000034,326,324,2
123000035,127,129,-2
123000036,124,231,-107
123000037,119,421,-302
123000038,52,177,-125
123000039,767,703,64
123000040,822,414,408
123000041,386,190,196
123000042,329,390,-61
123000043,2014,1893,121
123000044,4021,1356,2665
123000045,8746,1027,7719
123000046,480,491,-11
123000047,2534,729,1805
123000048,26,130,-104
123000049,5234,1697,3537
123000050,431,442,-11
123000051,18,40,-22
123000052,375,846,-471
123000053,2227,1336,891
123000054,920,638,282
123000055,434,480,-46
123000056,779,1397,-618
123000057,15253,3171,12082
123000058,284,312,-28
123000059,163,330,-167
123000060,244,221,23
123000061,82,494,-412
123000063,300,327,-27
123000064,402,135,267
123000065,6322,2205,4117
123000066,1130,631,499
123000067,174,394,-220
123000068,2322,1850,472
123000069,11849,2514,9335
123000070,96,579,-483
123000071,330,742,-412
123000072,587,1607,-1020
123000073,321,527,-206
123000074,451,1901,-1450
123000075,115,384,-269
123000076,284,858,-574
123000077,1034,3243,-2209
123000078,434,1013,-579
123000079,446,1299,-853
123000080,1123,2370,-1247
123000081,135,737,-602
123000082,180,1170,-990
123000083,311,59,252
123000084,126,436,-310
123000085,71,95,-24
123000086,67,469,-402
123000087,30,548,-518
123000088,376,1400,-1024
123000089,153,549,-396
123000090,756,1025,-269
123000091,913,724,189
123000092,548,754,-206
123000094,238,176,62
123000095,111,367,-256
123000096,116,314,-198
123000097,150,846,-696
123000098,142,276,-134
123000099,206,432,-226
123000100,300,291,9
123000101,443,180,263
123000102,203,244,-41
123000104,249,203,46
123000105,337,365,-28
123000106,267,176,91
123000107,218,318,-100
123000108,771,1268,-497
123000111,248,140,108
123000112,319,354,-35
123000113,366,1654,-1288
123000114,313,139,174
123000115,78,123,-45
123000116,14,75,-61
123000117,685,2156,-1471
123000118,191,1022,-831
123000119,155,1031,-876
123000120,205,897,-692
123000121,211,539,-328
123000122,231,253,-22
123000123,337,469,-132
123000124,271,434,-163
123000125,353,359,-6
123000126,1248,942,306
123000127,1640,783,857
123000128,122,400,-278
123000129,26,49,-23
123000130,50,24,26
123000131,174,216,-42
123000132,171,435,-264
123000133,109,323,-214
123000134,331,136,195
123000135,467,929,-462
123000136,92,1293,-1201
123000137,75,489,-414
123000138,31,567,-536
123000139,16,44,-28
123000140,116,732,-616
123000141,99,27,72
123000142,447,753,-306
123000143,783,2242,-1459
123000144,9,19,-10
123000145,89,69,20
123000146,33,82,-49
123000147,18,72,-54
123000149,85,170,-85
123000150,81,102,-21
123000151,154,279,-125
123000152,35,211,-176
123000153,107,189,-82
123000154,1072,700,372
123000155,1559,570,989
123000156,16,74,-58
123000157,206,619,-413
123000158,354,254,100
123000159,1825,907,918
123000160,345,195,150
123000161,521,296,225
123000162,143,556,-413
123000163,62,26,36
123000164,298,93,205
123000165,229,1829,-1600
123000166,15,115,-100
123000167,21,245,-224
123000168,99,400,-301
123000169,105,37,68
123000170,3,629,-626
123000171,11,136,-125
123000172,129,631,-502
123000173,114,34,80
123000174,107,85,22
123000175,685,1330,-645
123000176,384,34,350
123000177,332,1108,-776
123000178,132,25,107
123000179,13,820,-807
123000180,669,150,519
123000181,161,1220,-1059
123000182,29,515,-486
123000183,97,51,46
123000184,23,752,-729
123000185,85,168,-83
123000186,5,688,-683
123000187,79,2,77
123000188,10,1,9
123000189,80,200,-120
123000190,3,59,-56
123000192,6,351,-345
123000193,25,480,-455
123000194,281,159,122
123000195,56,0,56
123000196,41,0,41
123000197,25,86,-61
123000198,3,186,-183
123000199,2,402,-400
123000200,74,0,74
123000201,257,4,253
123000202,23,1365,-1342
123000203,202,12,190
123000204,31,1289,-1258
123000205,137,2072,-1935
123000206,380,20,360
123000207,38,881,-843
123000208,84,48,36
123000209,488,104,384
123000210,272,1228,-956
123000211,546,2909,-2363
123000212,463,81,382
123000213,131,21,110
123000215,40,29,11
123000216,99,61,38
123000217,38,5,33
123000218,99,226,-127
123000219,295,9,286
123000220,127,12,115
123000221,59,71,-12
123000222,104,452,-348
123000223,80,426,-346
123000224,107,343,-236
123000225,46,75,-29
123000226,9,379,-370
123000227,31,373,-342
123000228,11,59,-48
123000229,666,1782,-1116
123000232,64,517,-453
123000233,125,49,76
123000234,76,639,-563
123000235,62,131,-69
123000236,121,929,-808
123000237,72,12,60
123000238,48,679,-631
123000239,294,2308,-2014
123000240,34,160,-126
123000241,387,48,339
123000242,62,186,-124
123000243,242,846,-604
123000244,545,330,215
123000245,33,132,-99
123000249,368,452,-84
123000252,140,65,75
123000253,187,93,94
123000254,199,945,-746
123000255,276,384,-108
123000256,18,223,-205
123000257,2904,2160,744
123000258,513,1131,-618
123000259,90,356,-266
123000260,124,680,-556
123000261,33,318,-285
123000262,42,293,-251
123000263,143,86,57
123000264,97,23,74
123000265,30,130,-100
123000266,259,582,-323
123000267,87,165,-78
123000268,10,50,-40
123000269,10,15,-5
123000270,7,17,-10
123000271,42,74,-32
123000272,295,37,258
123000273,33,216,-183
123000274,214,116,98
123000275,220,942,-722
123000278,2705,1799,906
123000279,6,48,-42
123000280,52,296,-244
123000281,84,53,31
123000282,23,246,-223
123000283,22,30,-8
123000284,14,136,-122
123000286,221,130,91
123000287,492,195,297
123000288,149,118,31
123000289,166,190,-24
123000291,302,675,-373
123000294,158,225,-67
123000295,311,583,-272
123000296,91,240,-149
123000297,28,132,-104
123000298,25,120,-95
123000299,2,13,-11
123000300,234,363,-129
123000301,13,88,-75
123000302,35,177,-142
123000303,25,58,-33
123000305,725,651,74
123000306,25,369,-344
123000309,31,69,-38
123000310,17,24,-7
123000311,0,142,-142
123000312,482,921,-439
123000313,72,123,-51
123000315,22,334,-312
123000316,380,20,360
123000317,38,19,19
123000318,8,228,-220
123000329,85,28,57
123000337,35,229,-194
123000338,215,25,190
123000339,45,496,-451
123000340,38,228,-190
123000342,0,6,-6
123000343,0,0,0
123000344,660,303,357
123000345,173,559,-386
123000346,17,8,9
123000352,1974,633,1341
123000353,9,96,-87
123000354,68,3,65
123000355,0,285,-285
123000356,27,0,27
123000357,0,267,-267
123000359,0,211,-211
123000360,0,0,0
123000361,460,169,291
123000362,48,165,-117
123000363,9,255,-246
123000364,228,145,83
123000365,26,193,-167
123000366,140,548,-408
123000367,118,866,-748
123000370,14,314,-300
123000371,20,2,18
123000372,26,0,26
123000373,3,402,-399
123000374,8,205,-197
123000375,75,5,70
123000376,246,304,-58
123000377,54,3,51
123000378,3,492,-489
123000379,0,205,-205
123000380,16,133,-117
123000381,13,4,9
123000382,245,12,233
123000383,147,531,-384
123000384,129,17,112
123000385,409,533,-124
123000436,47,746,-699
123000507,67,95,-28
123000508,30,120,-90
123000517,242,25,217
123000518,45,256,-211
123000519,75,56,19
123000520,38,220,-182
123000521,163,79,84
123000522,213,631,-418
123000541,0,0,0
123000542,0,32,-32
123000565,66,17,49
123000566,18,883,-865
123000567,64,221,-157
123000573,15,1253,-1238
123000574,56,21,35
123000575,523,1420,-897
123000576,46,2110,-2064
123000577,58,323,-265
123000578,217,48,169
123000579,2830,1085,1745
123000580,70,2,68
123000582,38,7,31
123000583,7,644,-637
123000584,34,85,-51
123000585,0,92,-92
123000586,0,0,0
123000596,103,93,10
123000597,13,67,-54
123000602,0,0,0
123000603,48,497,-449
123000604,118,1180,-1062
123000605,184,63,121
123000606,1,382,-381
123000609,13,272,-259
123000610,25,29,-4
123000613,55,171,-116
123000614,38,11,27
123000615,45,225,-180
123000616,51,14,37
123000617,48,875,-827
123000618,34,870,-836
123000619,76,8,68
123000620,34,765,-731
123000622,84,4,80
123000624,25,8,17
123000630,148,173,-25
123000631,73,1711,-1638
123000632,880,1077,-197
123000633,0,101,-101
123000634,9,3,6
123000635,127,69,58
123000636,8,490,-482
123000637,78,49,29
123000638,169,35,134
123000639,183,493,-310
123000640,5,748,-743
123900001,843,42,801
123900002,10,447,-437
123900003,197,414,-217
123900005,21,50,-29
123900006,17,12,5
124000001,559,21,538
124000002,71,1216,-1145
124000003,67,22,45
124000004,28,708,-680
124000005,158,44,114
124000006,204,1425,-1221
124000007,157,19,138
124000008,14,281,-267
124000009,71,93,-22
124000010,53,535,-482
124000011,80,83,-3
124000012,141,1007,-866
124000017,0,0,0
124000018,78,79,-1
124000019,0,0,0
124000020,25,152,-127
124000021,0,0,0
124000022,105,187,-82
124000023,707,729,-22
124000024,822,493,329
124000025,615,663,-48
124000026,996,741,255
124000027,3701,1463,2238
124000028,3084,2613,471
124000030,2659,844,1815
124000031,149,188,-39
124000032,5791,992,4799
124000033,80,41,39
124000034,2046,430,1616
124000035,7,15,-8
124000036,34,126,-92
124000037,55,84,-29
124000038,20,7,13
124000039,439,94,345
124000040,270,300,-30
124000041,104,19,85
124000042,44,301,-257
124000043,9,15,-6
124000044,14,317,-303
124000045,171,219,-48
124000046,70,668,-598
124000047,284,390,-106
124000048,200,1952,-1752
124000049,459,272,187
124000050,266,2434,-2168
124000051,114,208,-94
124000052,170,1494,-1324
124000053,209,392,-183
124000054,419,806,-387
124000055,561,460,101
124000056,3375,1157,2218
124000057,258,228,30
124000058,211,1159,-948
124000059,150,278,-128
124000060,500,727,-227
124000061,660,1212,-552
124000062,5501,1343,4158
124000063,1024,1108,-84
124000064,1871,1532,339
124000065,6,93,-87
124000066,55,40,15
124000067,33,114,-81
124000068,1,25,-24
124000069,0,0,0
124000070,8,205,-197
124000071,9,30,-21
124000072,57,509,-452
124000073,164,21,143
124000074,84,913,-829
124000075,0,0,0
124000076,1,281,-280
124000077,935,274,661
124000078,1538,79,1459
124000079,341,527,-186
124000080,10,54,-44
124000081,37,635,-598
124000082,0,15,-15
124000083,14,149,-135
124000084,1,28,-27
124000085,33,29,4
124000086,15,37,-22
124000087,41,12,29
124000088,78,125,-47
124000089,281,387,-106
124000090,34,433,-399
124000091,32,27,5
124000092,14,589,-575
124000093,30,23,7
124000094,26,223,-197
124000095,27,58,-31
124000096,31,307,-276
124000097,23,80,-57
124000098,22,84,-62
124000099,2,14,-12
124000100,16,109,-93
124000101,28,51,-23
124000102,54,80,-26
124000103,30,41,-11
124000104,27,100,-73
124000105,10,26,-16
124000106,35,87,-52
124000107,5,67,-62
124000108,24,32,-8
124000109,48,29,19
124000110,54,53,1
124000111,51,100,-49
124000112,209,546,-337
124000113,23,31,-8
124000114,84,564,-480
124000115,181,613,-432
124000116,27,60,-33
124000117,61,32,29
124000118,12,34,-22
124000119,284,551,-267
124000120,89,285,-196
124000121,698,239,459
124000122,546,581,-35
124000123,389,255,134
124000124,200,657,-457
124000125,138,198,-60
124000126,210,436,-226
124000127,272,239,33
124000128,271,842,-571
124000129,917,773,144
124000130,543,482,61
124000131,551,315,236
124000132,609,599,10
124000133,232,378,-146
124000134,378,528,-150
124000135,864,712,152
124000136,785,708,77
124000137,668,396,272
124000138,1524,711,813
124000139,111,12,99
124000140,27,244,-217
124000141,3,5,-2
124000142,1,74,-73
124000143,7,3,4
124000144,2,31,-29
124000145,26,8,18
124000146,10,114,-104
124000148,25,5,20
124000149,365,162,203
124000150,164,398,-234
124000151,164,65,99
124000152,250,751,-501
124000153,159,111,48
124000154,179,700,-521
124000155,306,183,123
124000156,591,633,-42
124000169,60,132,-72
124000170,532,355,177
124000171,57,118,-61
124000172,207,544,-337
124000173,45,152,-107
124000174,93,740,-647
124000175,4,181,-177
124000176,0,0,0
124000177,18,47,-29
124000178,0,0,0
124000190,24,3,21
124000191,71,9,62
124000192,195,48,147
124000193,149,1091,-942
124000194,173,499,-326
124000195,63,215,-152
124000196,440,973,-533
124000197,28,38,-10
124000198,9,12,-3
124000201,39,926,-887
124000202,0,62,-62
124000203,46,1096,-1050
124000204,22,409,-387
124000205,65,687,-622
124000206,35,268,-233
124000207,3,86,-83
124000209,82,555,-473
124000210,79,180,-101
124000211,32,0,32
124000212,2,672,-670
124000213,39,378,-339
124000214,11,613,-602
124000215,0,0,0
124000216,1,584,-583
124000329,50,2047,-1997
124000338,31,1198,-1167
124000339,101,19,82
124000341,151,11,140
124000344,2,0,2
124000357,318,355,-37
124000358,527,322,205
124000359,419,162,257
124000360,117,112,5
124000361,331,243,88
124000362,1101,1830,-729
124000363,250,620,-370
124000364,482,1341,-859
124000365,622,1197,-575
124000366,1804,966,838
124000367,76,614,-538
124000368,40,42,-2
124000369,30,23,7
124000370,29,413,-384
124000402,2,4,-2
124000403,20,6,14
124000404,5,97,-92
124000405,567,359,208
124000406,684,702,-18
124000407,2,13,-11
124000411,0,267,-267
124000412,45,20,25
124000413,51,43,8
124000414,36,80,-44
124000415,28,185,-157
124000416,45,245,-200
124000417,34,75,-41
124000418,12,89,-77
124000419,19,164,-145
124000420,7,44,-37
124000421,5,282,-277
124000422,8,4,4
124000423,47,56,-9
124000424,1,106,-105
124000425,2,3,-1
124000426,10,43,-33
124000427,15,9,6
124000428,4,10,-6
124000429,4,84,-80
124000430,245,797,-552
124000431,78,985,-907
124000432,77,677,-600
124000439,1,4,-3
124000442,8,235,-227
124000443,1,21,-20
124000445,42,27,15
124000446,1105,13,1092
124900001,64,92,-28
124900002,34,353,-319
124900003,99,185,-86
124900004,91,120,-29
124900005,112,184,-72
124900006,98,150,-52
124900008,525,157,368
124900009,30,57,-27
124900010,27,10,17
124900011,111,69,42
124900012,125,49,76
124900013,79,35,44
124900014,23,30,-7
124900015,53,36,17
124900016,8,6,2
124900017,283,73,210
124900018,1,1,0
124900019,59,1,58
124900020,10,14,-4
124900021,15,5,10
124900022,8,6,2
124900024,16,0,16
124900026,14,16,-2
124900027,26,84,-58
124900028,460,104,356
124900029,4,142,-138
124900030,8,149,-141
124900031,13,352,-339
124900032,177,69,108
124900033,21,372,-351
124900034,8,70,-62
124900035,93,357,-264
124900036,0,41,-41
124900037,41,240,-199
124900038,254,238,16
124900039,0,10,-10
124900040,11,82,-71
124900041,100,918,-818
124900042,7,0,7
124900043,140,741,-601
124900044,7,1,6
124900045,401,360,41
124900046,2233,184,2049
124900047,81,169,-88
124900048,60,87,-27
124900050,70,167,-97
124900052,66,545,-479
124900053,10,330,-320
124900054,2524,213,2311
124900055,0,97,-97
124900057,0,50,-50
124900060,44,167,-123
124900061,7,1,6
124900062,6,5,1
124900066,0,19,-19
124900067,3,102,-99
124900068,174,168,6
124900069,3,33,-30
124900070,1,0,1
124900072,13,13,0
124900074,36,137,-101
124900075,20,87,-67
124900076,18,81,-63
124900077,20,66,-46
124900078,7,2,5
124900079,420,18,402
124900080,68,585,-517
124900081,159,107,52
124900082,97,632,-535
124900083,70,363,-293
124900084,1918,42,1876
124900085,983,60,923
124900086,17,193,-176
124900087,189,39,150
124900088,626,41,585
124900089,1027,9,1018
124900090,24,51,-27
124900091,98,481,-383
124900092,47,363,-316
124900093,25,44,-19
124900094,32,90,-58
124900095,19,133,-114
124900096,190,52,138
124900097,33,22,11
124900098,58,235,-177
124900099,544,153,391
124900100,36,8,28
124900101,1,19,-18
124900102,32,2,30
124900103,23,167,-144
124900104,6,166,-160
124900105,12,127,-115
124900106,18,6,12
124900107,7,2,5
124900108,54,4,50
124900109,16,49,-33
124900110,39,484,-445
124900111,0,44,-44
124900112,61,1008,-947
129000186,32,24,8
204000001,1,1,0
204000002,1,2,-1
204000003,1,0,1
204000004,0,0,0
204000005,132,82,50
204000006,270,157,113
204000008,329,123,206
204000011,15,45,-30
204000012,9,132,-123
204000013,0,46,-46
204000019,197,255,-58
204000020,204,433,-229
204000021,1048,379,669
204000022,126,250,-124
204000023,189,999,-810
204000031,5,2,3
204000032,96,9,87
204000034,41,588,-547
204000035,1,6,-5
204000036,2,34,-32
204000037,1,16,-15
204000038,5,11,-6
204000039,1,111,-110
204000040,2,56,-54
204000041,9,104,-95
204000042,2,2,0
204000043,0,1,-1
204000044,2,0,2
204000045,0,2,-2
204000046,1,0,1
204000057,3,126,-123
204000062,4,24,-20
204000068,23,123,-100
204000069,1,47,-46
204000070,7,32,-25
204000080,19,21,-2
204000085,600,1638,-1038
204000086,2034,1355,679
204000087,40,47,-7
204000088,11,80,-69
204000090,33,701,-668
204000093,0,0,0
204000096,150,176,-26
204000097,0,0,0
204000099,368,277,91
204000100,188,264,-76
204000105,1060,1553,-493
204000110,370,953,-583
204000111,197,638,-441
204000112,292,845,-553
204000113,158,713,-555
204000114,175,125,50
204000115,112,248,-136
204000116,168,308,-140
204000119,341,352,-11
204000132,204,113,91
204000133,193,92,101
204000134,110,30,80
204000135,108,33,75
204000136,54,52,2
204000138,143,82,61
204000140,56,60,-4
204000141,35,33,2
204000144,1,10,-9
204000145,0,0,0
204000146,49,455,-406
204000147,15,148,-133
204000148,136,2,134
204000154,0,1,-1
204000155,3,17,-14
204000177,22,19,3
204000179,2,0,2
204000180,1,48,-47
204000222,2,26,-24
204000235,38,27,11
204000236,56,326,-270
204000238,12,1,11
204000240,49,70,-21
204000308,15,0,15
204000317,24,65,-41
204000322,11,24,-13
204000323,1,3,-2
204000328,45,9,36
204000329,65,140,-75
204000330,0,0,0
204000331,56,141,-85
204010341,10,114,-104
205000001,868,942,-74
205000013,7,127,-120
205000014,17,130,-113
205000015,18,271,-253
205000016,18,207,-189
205000017,45,103,-58
205000022,202,488,-286
205000025,1636,698,938
205000029,73,8,65
205000045,33,122,-89
205000047,32,371,-339
205000048,56,659,-603
205000049,62,519,-457
205000050,885,234,651
205000059,0,262,-262
205000060,0,40,-40
205000061,2,20,-18
205000062,0,27,-27
205000063,3,36,-33
205000064,18,91,-73
205000065,38,710,-672
205000066,60,844,-784
205000067,42,1000,-958
205000069,326,60,266
205000082,37,18,19
205000110,13,125,-112
205000111,85,197,-112
205000112,5,17,-12
205000113,246,146,100
205000121,2,1,1
205000123,85,200,-115
205000126,0,0,0
205000127,0,0,0
205000128,0,0,0
205000129,0,0,0
205000130,0,0,0
205000131,0,0,0
205000132,0,0,0
205000133,0,0,0
205000134,0,0,0
205000137,110,114,-4
205000138,167,165,2
205000139,24,46,-22
205000144,6,6,0
205000145,39,22,17
205000151,0,0,0
205000152,1,0,1
205000153,0,0,0
205000154,0,0,0
205000155,0,0,0
205000207,98,112,-14
205000233,0,0,0
205000234,0,0,0
205000243,0,0,0
205000244,0,4,-4
205000245,20,334,-314
205000249,0,30,-30
205000250,0,0,0
205000251,17,328,-311
205000264,1,118,-117
206000027,0,0,0
206000028,0,0,0
206000043,32,291,-259
206000053,18,34,-16
206000054,19,60,-41
206000055,6,83,-77
206000075,5,11,-6
206000076,11,20,-9
206000077,11,16,-5
206000078,8,21,-13
206000079,28,6,22
206000082,386,29,357
206000100,89,731,-642
206000103,17,23,-6
206000104,33,30,3
206000105,9,45,-36
206000106,16,57,-41
206000108,607,38,569
206000125,19,0,19
206000157,376,1037,-661
206000170,2,484,-482
206000171,15,412,-397
206000172,8,1679,-1671
206000173,3,494,-491
206000174,14,302,-288
206000175,6,374,-368
206000176,27,726,-699
206000177,6,425,-419
206000178,3,286,-283
206000179,16,246,-230
206000180,39,398,-359
206000181,23,517,-494
206000182,110,538,-428
206000183,55,1671,-1616
206000184,3,718,-715
206000185,8,572,-564
206000186,142,2380,-2238
206000223,5,398,-393
206000226,0,0,0
206000227,0,0,0
206000237,68,648,-580
206000238,73,934,-861
206000239,994,3009,-2015
206000240,1,63,-62
206000241,5,319,-314
206000242,13,931,-918
206000243,8,739,-731
206000244,63,1509,-1446
206000245,183,32,151
206000246,33,6,27
206000247,67,11,56
206000248,66,17,49
206000252,61,39,22
206000258,11,32,-21
206000315,26,9,17
206000317,77,29,48
206000318,41,19,22
206000319,193,39,154
206000320,33,17,16
206000321,29,5,24
206000322,148,27,121
206000323,53,20,33
206000324,41,7,34
206000325,73,7,66
206000326,70,3,67
206000327,12,5,7
206000328,75,10,65
206000329,52,9,43
206000330,28,4,24
206000331,31,3,28
206000332,7,12,-5
206000333,105,2,103
206000334,58,2,56
206000335,0,43,-43
206000361,11,397,-386
206000392,2,108,-106
206000405,94,0,94
206000441,0,0,0
206000498,6,9,-3
206000515,311,66,245
206000530,19,8,11
206000531,17,17,0
206000532,415,33,382
206000535,546,2040,-1494
206000536,31,278,-247
206000537,14,205,-191
206000613,259,31,228
207000001,95,326,-231
207000002,34,285,-251
207000003,81,307,-226
207000007,183,31,152
207000008,33,14,19
207000009,49,31,18
207000010,412,660,-248
207000012,22,28,-6
207000015,359,1778,-1419
207000019,149,84,65
207000021,373,148,225
207000022,80,94,-14
207000023,39,49,-10
207000024,8,21,-13
207000025,4,53,-49
207000026,60,82,-22
207000027,6,87,-81
207000028,38,277,-239
207000029,177,455,-278
207000033,240,226,14
207000034,166,25,141
207000039,0,4,-4
207000040,0,2,-2
207000041,0,0,0
207000042,2,0,2
207000043,0,0,0
207000051,74,434,-360
207000052,3,232,-229
207000053,404,760,-356
207000054,20,159,-139
207000055,46,227,-181
207000056,137,472,-335
207000057,99,338,-239
207000058,55,526,-471
207000059,19,886,-867
207000060,18,215,-197
207000061,26,78,-52
207000062,83,37,46
207000063,76,122,-46
207000064,230,243,-13
207000065,196,264,-68
207000066,46,188,-142
207000067,17,133,-116
207000068,42,70,-28
207000069,585,460,125
207000082,36,415,-379
207000083,87,490,-403
207000084,15,37,-22
207000085,79,11,68
207000086,40,7,33
207000106,0,0,0
207000107,0,0,0
207000108,0,0,0
207000109,0,0,0
207000110,0,0,0
207000111,0,0,0
207000112,0,0,0
207000114,14,21,-7
207000115,9,76,-67
207000116,15,194,-179
207000117,8,108,-100
207000118,5,95,-90
207000119,9,132,-123
207000123,0,0,0
207000124,0,0,0
207000125,0,0,0
207000126,0,0,0
207000134,19,281,-262
207000135,19,304,-285
207000148,0,0,0
207000149,57,31,26
207000152,83,402,-319
207000153,1173,821,352
207000154,279,117,162
207000159,45,555,-510
207000160,56,703,-647
207000238,1,50,-49
207000242,2,114,-112
207000248,10,15,-5
207000249,63,62,1
207000250,294,73,221
207000251,64,60,4
207000252,16,64,-48
207000278,1,5,-4
207000279,12,274,-262
207000280,70,16,54
207000281,52,1186,-1134
207000282,16,14,2
207000283,44,137,-93
207000284,9,37,-28
207000285,119,20,99
207000291,19,101,-82
207000304,100,76,24
207000306,11,448,-437
207000310,0,0,0
207000353,0,0,0
207000356,1,15,-14
207000357,1,2,-1
207000415,2,151,-149
207000417,0,0,0
207000437,0,0,0
207000439,1605,350,1255
207000446,0,0,0
207000460,6,14,-8
207000466,102,202,-100
207000476,3,38,-35
207000477,62,68,-6
207000523,0,9,-9
207000524,0,0,0
207000527,54,171,-117
207000530,0,0,0
207000531,0,0,0
207000532,0,0,0
207000534,0,0,0
207000535,73,138,-65
207000537,10,111,-101
207000540,6,135,-129
207000541,3,196,-193
207000548,0,156,-156
207000549,0,0,0
207000561,0,0,0
207000562,16,106,-90
207000567,100,292,-192
207000568,30,115,-85
207000569,60,1172,-1112
207000584,236,91,145
207000585,0,0,0
207000616,1,164,-163
207000617,7,0,7
207900008,50,302,-252
208000001,172,226,-54
208000002,91,112,-21
208000003,240,141,99
208000004,263,210,53
208000005,2,44,-42
208000019,68,346,-278
208000020,14,112,-98
208000021,45,448,-403
208000022,312,664,-352
208000028,676,483,193
208000033,185,597,-412
208000034,921,1179,-258
208000040,15,76,-61
208000041,120,225,-105
208000042,120,208,-88
208000047,14,248,-234
208000064,910,273,637
208000066,358,142,216
208000070,55,256,-201
208000071,76,362,-286
208000072,121,483,-362
208000080,64,92,-28
208000081,47,81,-34
208000082,62,258,-196
208000083,51,343,-292
208000084,4,30,-26
208000085,414,448,-34
208000086,242,744,-502
208000087,116,582,-466
208000089,234,496,-262
208000090,222,858,-636
208000093,15,70,-55
208000094,203,425,-222
208000095,525,308,217
208000104,240,289,-49
208000105,116,283,-167
208000114,0,0,0
208000115,132,223,-91
208000116,43,444,-401
208000117,2,81,-79
208000118,14,78,-64
208000155,236,733,-497
208000158,1364,1590,-226
208000186,1366,297,1069
208000204,119,686,-567
208000205,448,1014,-566
208000282,3461,659,2802
209000004,50,100,-50
209000005,3,29,-26
209000006,136,90,46
209000007,117,114,3
209000010,226,123,103
209000011,69,154,-85
209000012,68,239,-171
209000013,92,805,-713
209000014,440,1962,-1522
209000025,85,42,43
209000026,371,68,303
209000027,201,1433,-1232
209000028,227,1469,-1242
209000029,363,1212,-849
209000030,254,2155,-1901
209000031,4211,2603,1608
209000034,139,180,-41
209000035,64,126,-62
209000036,60,127,-67
209000037,89,224,-135
209000038,78,168,-90
209000039,39,133,-94
209000040,277,598,-321
209000041,155,425,-270
209000042,237,508,-271
209000043,338,530,-192
209000044,325,455,-130
209000045,166,222,-56
209000046,24,316,-292
209000047,33,130,-97
209000048,23,116,-93
209000049,58,151,-93
209000050,127,235,-108
209000051,110,369,-259
209000052,63,342,-279
209000062,12,203,-191
209000063,9,186,-177
209000064,10,219,-209
209000065,15,34,-19
209000066,18,55,-37
209000067,20,66,-46
209000080,12,160,-148
209000082,65,62,3
209000091,20,101,-81
209000093,41,46,-5
209000094,172,120,52
209000110,27,27,0
209000111,249,484,-235
209000112,238,225,13
209000113,321,227,94
209000114,125,127,-2
209000115,38,157,-119
209000116,769,616,153
209000118,8,32,-24
209000119,14,25,-11
209000121,56,748,-692
209000135,81,65,16
209000142,577,388,189
209000143,15,54,-39
209000144,16,54,-38
209000229,19,124,-105
209000240,11,524,-513
209000259,83,149,-66
209000260,42,894,-852
209000261,0,515,-515
209000262,0,502,-502
209000263,0,104,-104
209000264,0,15,-15
209000265,62,54,8
209000266,0,0,0
209000267,0,0,0
209000268,0,0,0
210000037,35,39,-4
210000047,11,9,2
210000048,2,2,0
210000049,6,0,6
210000052,12,233,-221
210000053,12,112,-100
210000054,56,60,-4
210000070,31,1,30
210000071,6,0,6
210000072,0,0,0
210000073,0,32,-32
210000074,0,76,-76
210000075,0,35,-35
210000076,2,122,-120
210000077,10,26,-16
210000078,26,31,-5
210000079,9,8,1
210000080,18,29,-11
210000081,24,1,23
210000082,11,1,10
210000083,43,1,42
210000084,9,0,9
210000085,1,69,-68
210000086,2,124,-122
210000099,16,196,-180
210000100,22,229,-207
210000101,55,192,-137
210000105,53,107,-54
210000159,0,100,-100
210000163,246,173,73
210000164,190,23,167
210000168,62,14,48
210000187,0,7,-7
210000188,0,15,-15
210000214,2,0,2
210000219,4,13,-9
210000220,21,29,-8
210000232,2,35,-33
210000233,5,50,-45
210000234,34,128,-94
210000235,14,149,-135
210000245,0,27,-27
210000246,3,0,3
210000258,9,165,-156
210000259,39,3,36
210000282,16,185,-169
210000285,0,84,-84
210000286,4,112,-108
210000295,13,94,-81
210000296,33,61,-28
210000320,65,36,29
210000321,6,18,-12
210000338,20,128,-108
210000339,723,468,255
210000340,64,123,-59
210000341,67,160,-93
210000342,63,110,-47
210000343,61,165,-104
210000344,55,75,-20
210000345,99,48,51
210000346,12,26,-14
210000347,6,14,-8
210000348,29,5,24
210000349,12,10,2
210000350,30,46,-16
210000351,37,67,-30
210000352,33,92,-59
210000353,16,100,-84
210000354,34,102,-68
210000355,16,91,-75
210000356,4,41,-37
210000357,18,12,6
210000358,224,70,154
210000359,26,21,5
210000360,80,43,37
210000361,50,57,-7
210000362,73,93,-20
210000363,561,45,516
210000364,34,30,4
210000365,23,15,8
210000366,18,5,13
210000367,7,7,0
210000368,36,16,20
210000369,3,12,-9
210000370,14,39,-25
210000372,3,17,-14
210000373,5,11,-6
210000374,12,4,8
210000375,10,81,-71
210000376,29,111,-82
210000404,70,113,-43
210000439,5,8,-3
210000472,20,1,19
210000482,40,21,19
210000564,469,36,433
210000568,96,0,96
211000092,3,59,-56
211000094,0,10,-10
211000169,61,5,56
211000172,4,129,-125
211000209,0,13,-13
211000275,8,17,-9
211000276,15,26,-11
211000279,2,40,-38
211000281,3,53,-50
211507980,0,13,-13
211977296,2,2,0
212000003,27,28,-1
212000004,2,17,-15
212000005,4,14,-10
212000006,12,88,-76
212000008,64,295,-231
212000009,8,175,-167
212000012,16,64,-48
212000013,9,41,-32
212000014,133,146,-13
212000015,101,237,-136
212000016,255,456,-201
212000027,316,325,-9
212000028,126,245,-119
212000029,94,162,-68
212000030,25,19,6
212000031,42,68,-26
212000048,27,63,-36
212000049,3,36,-33
212000050,4,4,0
212000051,79,185,-106
212000052,71,367,-296
212000053,225,504,-279
212000054,70,121,-51
212000055,81,212,-131
212000056,3,60,-57
212000057,3,25,-22
212000058,260,14,246
212000070,45,293,-248
212000077,59,588,-529
212000099,76,155,-79
212000108,51,116,-65
212000111,62,78,-16
212000120,60,133,-73
212000138,14,17,-3
212000156,5,91,-86
212000158,9,11,-2
212000159,95,37,58
212000160,172,207,-35
212000161,4,6,-2
212000310,8,17,-9
212000311,3,56,-53
212000374,18,19,-1
213000001,9,694,-685
213000005,97,25,72
213000006,331,27,304
213000007,2,0,2
213000009,54,30,24
213000010,24,27,-3
213000011,41,24,17
213000012,63,306,-243
213000014,5,2,3
213000015,18,0,18
213000016,15,0,15
213000017,1,0,1
213000018,0,184,-184
213000019,2,115,-113
213000020,59,293,-234
213000021,4,100,-96
213000023,0,0,0
213000033,106,411,-305
213000034,105,114,-9
213000035,23,25,-2
213000045,56,212,-156
213000046,64,138,-74
213000047,398,347,51
213000056,6,6,0
213000069,5,1,4
213000073,0,21,-21
213000074,96,446,-350
213000075,46,0,46
213000085,1,30,-29
213000086,14,195,-181
213000091,0,0,0
213000092,0,0,0
213000099,72,547,-475
213000100,177,10,167
213000101,8,122,-114
213000102,10,481,-471
213000103,121,568,-447
213000104,31,421,-390
213000105,1,32,-31
213000106,9,230,-221
213000107,46,689,-643
213000108,12,559,-547
213000109,2,235,-233
213000110,1,36,-35
213000111,5,70,-65
213000112,104,122,-18
213000115,0,0,0
213000116,43,589,-546
213000117,0,846,-846
213000118,100,196,-96
213000119,56,624,-568
213000120,49,632,-583
213000122,124,687,-563
213000123,534,984,-450
213000124,36,1495,-1459
213000125,0,0,0
213000126,33,77,-44
213000127,93,109,-16
213000128,823,388,435
213000129,0,0,0
213000130,28,2,26
213000132,22,2,20
213000133,18,4,14
213000134,29,13,16
213000136,62,6,56
213000137,126,13,113
213000139,16,0,16
213000147,4,0,4
213000148,2,0,2
213000149,2,2,0
213000150,0,62,-62
213000151,0,31,-31
213000152,0,64,-64
213000153,0,24,-24
213000154,6,151,-145
213000155,19,330,-311
213000156,21,421,-400
213000157,356,506,-150
213000158,159,680,-521
213000159,160,229,-69
213000163,57,12,45
213000165,147,10,137
213000171,1,176,-175
213000172,2,327,-325
213000173,7,314,-307
213000174,8,446,-438
213000175,2,336,-334
213000176,0,0,0
213000177,0,0,0
213000178,0,0,0
213000179,0,0,0
213000180,0,0,0
213000184,45,410,-365
213000188,56,21,35
213000189,55,10,45
213000190,294,447,-153
213000191,43,439,-396
213000192,37,445,-408
213000193,1195,164,1031
213000194,0,24,-24
213000195,8,267,-259
213000196,70,655,-585
213000197,70,27,43
213000198,2,0,2
213000200,59,865,-806
213000201,49,45,4
213000202,6,660,-654
213000203,843,102,741
213000204,90,6,84
213000205,33,2,31
213000206,27,1,26
213000207,10,0,10
213000208,3,0,3
213000209,1,0,1
213000210,3,0,3
213000211,0,4,-4
213000212,1,29,-28
213000213,1,25,-24
213000218,68,802,-734
213000219,49,2,47
213000220,45,2,43
213000223,62,17,45
213000224,2,3,-1
213000225,9,2,7
213000226,3,3,0
213000227,142,29,113
213000228,28,6,22
213000229,80,7,73
213000230,21,0,21
213000232,12,202,-190
213000233,3,16,-13
213000234,2,7,-5
213000293,3,30,-27
213000294,5,1,4
213000295,1,25,-24
213000296,15,1,14
213000297,1,47,-46
213000298,9,54,-45
213000299,9,9,0
213000300,4,2,2
213000303,1,32,-31
213000304,1,1,0
213000305,0,4,-4
213000306,18,12,6
213000307,43,38,5
213000308,52,199,-147
213000309,47,18,29
213000310,59,5,54
213000311,183,477,-294
213000315,24,136,-112
213000316,20,11,9
213000322,13,127,-114
213000323,12,41,-29
213000324,77,230,-153
213000325,8,136,-128
213000326,31,79,-48
213000327,14,218,-204
213000328,8,72,-64
213000329,23,113,-90
213000340,58,888,-830
213000341,16,2,14
213000347,296,22,274
213000348,1,127,-126
213000349,3,9,-6
213000350,111,1527,-1416
213000366,9,247,-238
213000367,26,5,21
213000379,37,69,-32
213000386,3,147,-144
213000406,44,253,-209
213000417,227,133,94
213000425,43,20,23
213000426,38,64,-26
213000427,9,417,-408
213000428,8,275,-267
213000429,5,0,5
213000430,23,784,-761
213000431,84,0,84
213000432,2,8,-6
213000433,3,135,-132
213000434,8,27,-19
213000435,25,43,-18
213000436,1,38,-37
213000437,2,92,-90
213000438,35,109,-74
213000439,3,2,1
213000440,2,116,-114
213000441,0,0,0
213000442,5,49,-44
213000443,164,134,30
213000444,23,162,-139
213000445,0,104,-104
213000446,0,6,-6
213000447,1,8,-7
213000448,0,13,-13
213000449,33,1,32
213000450,2,14,-12
213000451,17,38,-21
213000452,2,9,-7
213000453,19,223,-204
213000455,47,1,46
213000456,0,55,-55
213000481,2,0,2
213000484,20,1,19
213000489,181,6,175
213900002,0,19,-19
213900003,5,0,5
213900013,0,134,-134
213900015,0,8,-8
213900016,0,8,-8
213900020,3,161,-158
213900030,0,46,-46
213900032,49,6,43
213900033,4,7,-3
213900034,17,6,11
213900035,70,886,-816
213900036,33,293,-260
213900037,17,399,-382
213900038,2,2,0
213900039,0,103,-103
213900041,2,34,-32
213900042,40,10,30
213900043,5,2,3
213900244,0,0,0
213900245,0,39,-39
218000003,6,17,-11
218000004,7,13,-6
218000005,3,16,-13
218000006,24,27,-3
218000007,4,13,-9
218000012,170,57,113
218000013,41,101,-60
218000014,458,217,241
218000019,1202,376,826
218000020,352,348,4
218000021,56,157,-101
218000022,8,83,-75
218000023,4,80,-76
218000024,3,25,-22
218000025,5,56,-51
218000026,23,110,-87
218000027,3,34,-31
218000028,2,13,-11
218000029,0,5,-5
218000030,29,65,-36
218000031,6,97,-91
218000032,2,61,-59
218000039,0,0,0
218000040,7,4,3
218000046,13,139,-126
218000047,4,244,-240
218000048,33,332,-299
218000049,53,207,-154
218000050,190,344,-154
218000051,32,420,-388
218000052,0,60,-60
218000053,0,17,-17
218000054,11,36,-25
218000055,0,19,-19
218000056,11,24,-13
218000057,1,37,-36
218000064,0,0,0
218000065,0,0,0
218000066,0,0,0
218000067,24,136,-112
218000068,46,168,-122
218000069,87,267,-180
218000070,110,426,-316
218000071,186,268,-82
218000072,504,264,240
218000078,329,1223,-894
218000079,16,64,-48
218000080,27,88,-61
218000081,129,239,-110
218000082,11,96,-85
218000083,25,106,-81
218000084,124,330,-206
218000085,151,698,-547
218000086,57,335,-278
218000087,186,477,-291
218000090,6,36,-30
218000091,359,187,172
218000092,67,141,-74
218000093,33,77,-44
218000094,189,435,-246
218000099,226,283,-57
218000100,141,160,-19
218000101,143,104,39
218000102,109,218,-109
218000103,30,132,-102
218000104,15,47,-32
218000105,57,31,26
218000107,45,264,-219
218000108,3,139,-136
218000112,109,79,30
218000117,71,73,-2
218000134,398,761,-363
218000135,9,82,-73
218000136,42,44,-2
218000137,36,193,-157
218000138,2,86,-84
218000139,34,260,-226
218000140,68,68,0
218000141,18,61,-43
218000142,35,98,-63
218000143,7,120,-113
218000144,4,51,-47
218000145,128,331,-203
218000146,19,99,-80
218000151,20,21,-1
218000152,46,96,-50
218000153,0,7,-7
218000154,4,0,4
218000155,7,1,6
218000156,32,36,-4
218000157,15,15,0
218000158,0,9,-9
218000159,5,5,0
218000160,1,7,-6
218000161,13,2,11
218000162,10,13,-3
218000163,3,3,0
218000164,14,21,-7
218000165,36,31,5
218000170,1,28,-27
218000171,45,20,25
218000172,4,11,-7
218000173,32,10,22
218000174,8,7,1
218000176,64,12,52
218000177,402,80,322
218000178,111,58,53
218000179,95,14,81
218000180,76,8,68
218000181,107,7,100
218000187,2,10,-8
218000188,19,19,0
218000189,3,30,-27
218000190,3,30,-27
218000191,24,101,-77
218000192,126,684,-558
218000193,530,547,-17
218000194,52,467,-415
218000195,69,121,-52
218000196,150,296,-146
218000197,105,310,-205
218000198,4,145,-141
218000199,7,31,-24
218000200,7,40,-33
218000201,7,10,-3
218000202,83,116,-33
218000207,4,34,-30
218000208,13,48,-35
218000211,7,13,-6
218000212,3,9,-6
218000213,67,46,21
218000214,1,11,-10
218000215,40,171,-131
218000217,0,108,-108
218000218,361,80,281
218000219,7,22,-15
218000220,52,253,-201
218000221,132,76,56
218000222,58,10,48
218000223,32,179,-147
218000224,2,58,-56
218000225,173,28,145
218000226,59,66,-7
218000230,0,1,-1
218000232,67,47,20
218000234,12,16,-4
218000239,0,0,0
218000240,0,0,0
218000241,0,0,0
218000242,0,0,0
218000243,0,0,0
218000244,0,0,0
218000245,0,0,0
218000246,0,0,0
218000247,0,0,0
218000248,0,45,-45
218000249,0,1,-1
218000250,0,19,-19
218000251,1,13,-12
218000252,0,19,-19
218000253,0,6,-6
218000254,1,6,-5
218000255,1,6,-5
218000256,1,40,-39
218000267,262,456,-194
218000268,2,35,-33
218000269,0,20,-20
218000270,14,46,-32
218000271,17,40,-23
218000273,7,2,5
218000274,6,2,4
218000275,8,21,-13
218000276,4,41,-37
218000278,15,24,-9
218000279,7,42,-35
218000280,0,12,-12
218000281,2,10,-8
218000282,119,42,77
218000284,33,3,30
218000301,22,130,-108
218000302,26,28,-2
218000303,5,21,-16
218000316,425,844,-419
218000317,429,932,-503
218000318,205,856,-651
218000319,421,1474,-1053
218000320,352,582,-230
218000338,6,20,-14
218000339,6,20,-14
218000342,0,8,-8
218000343,91,129,-38
218000345,5,18,-13
218000346,2,38,-36
218000353,15,70,-55
218000354,0,3,-3
218000459,113,444,-331
218000490,2,38,-36
218000501,0,0,0
218000502,26,229,-203
218000503,0,0,0
218000504,0,0,0
218000505,70,332,-262
218000506,84,238,-154
218000508,0,0,0
218000510,0,0,0
218000520,71,91,-20
218000522,2,112,-110
218000523,6,1,5
218000524,14,71,-57
218000525,7,17,-10
218000526,16,61,-45
218000530,3,6,-3
218000531,0,0,0
218000532,10,77,-67
218000537,2,13,-11
218000538,49,75,-26
218000539,20,78,-58
218000540,186,118,68
218000543,41,53,-12
218000544,39,161,-122
218000545,8,59,-51
218000546,33,153,-120
218000547,32,77,-45
218000548,44,245,-201
218000549,234,72,162
218000550,223,810,-587
218000551,90,115,-25
218000552,113,14,99
218000553,3,29,-26
218000554,10,15,-5
218000555,9,23,-14
218000556,36,465,-429
218000557,157,52,105
218000558,0,1,-1
218000559,0,30,-30
218000560,0,5,-5
218000561,0,0,0
218000562,18,157,-139
218000563,24,20,4
218000564,1,110,-109
218000565,5,20,-15
218000566,45,11,34
218000567,0,39,-39
218000568,0,0,0
218000569,4,71,-67
218000570,11,3,8
218000571,1,62,-61
218000572,0,0,0
218000573,2,10,-8
218000574,0,43,-43
218000575,0,0,0
218000576,1,37,-36
218000577,0,0,0
218000578,0,89,-89
218000579,16,3,13
218000581,1,74,-73
218000582,6,4,2
218000583,0,0,0
218000584,0,18,-18
218000585,6,8,-2
218000586,3,41,-38
218000587,0,0,0
218000588,0,6,-6
218000589,0,5,-5
218000590,0,1,-1
218000591,0,19,-19
218000592,0,0,0
218000593,0,13,-13
218000594,0,0,0
218000595,0,0,0
218000596,0,0,0
218000597,0,0,0
218000598,0,0,0
218000599,0,0,0
218000600,0,0,0
218000601,0,0,0
218000602,0,0,0
218000603,0,3,-3
218000604,0,0,0
218000605,0,5,-5
218000606,6,0,6
218000607,5,25,-20
218000608,4,0,4
218000609,1,48,-47
218000610,5,0,5
218000611,1,0,1
218000612,0,34,-34
218000613,4,0,4
218000614,0,26,-26
218000615,17,2,15
218000616,0,115,-115
218000617,2,1,1
218000618,0,28,-28
218000619,11,4,7
218000620,0,22,-22
218000621,0,0,0
218000622,0,3,-3
218000623,2,2,0
218000624,0,3,-3
218000625,0,1,-1
218000626,0,3,-3
218000628,20,20,0
218000632,1,49,-48
218000633,0,0,0
218000634,0,9,-9
218000635,1,5,-4
218000636,648,1407,-759
218000637,385,518,-133
218000638,30,12,18
218000639,14,295,-281
218000640,27,19,8
218000641,13,515,-502
218000652,115,174,-59
218000653,147,120,27
218000675,2,11,-9
218000676,3,52,-49
218000677,1,13,-12
218000703,9,84,-75
218000718,151,228,-77
218000719,85,6,79
218000720,0,14,-14
218000721,1,3,-2
218000725,3,21,-18
218001214,32,27,5
219000001,8,68,-60
219000002,12,78,-66
219000003,97,23,74
219000004,78,53,25
219000017,70,13,57
219000020,67,10,57
219000022,25,1,24
219000023,32,0,32
219000029,1,85,-84
219000034,4,1,3
219000039,19,53,-34
219000040,8,15,-7
219000041,37,42,-5
219000051,0,63,-63
219000052,0,37,-37
219000053,1,229,-228
219000054,211,223,-12
219000055,38,2,36
219000056,4,0,4
219000057,34,0,34
219000062,8,211,-203
219000063,14,12,2
219000110,100,20,80
219000111,51,23,28
219000112,152,43,109
219000113,60,22,38
219000114,183,9,174
219000116,59,34,25
219000117,128,88,40
219000118,41,77,-36
219000123,174,79,95
219000124,43,46,-3
219000125,13,41,-28
219000126,20,74,-54
219000127,0,7,-7
219000128,17,83,-66
219000129,21,155,-134
219000130,1482,694,788
219000131,1737,874,863
219000133,37,29,8
219000134,6,5,1
219000135,50,81,-31
219000136,128,142,-14
219000138,37,15,22
219000139,11,68,-57
219000140,15,1,14
219000141,8,113,-105
219000142,10,68,-58
219000143,8,109,-101
219000145,14,40,-26
219000146,7,100,-93
219000147,0,77,-77
219000148,1,56,-55
219000149,25,239,-214
219000150,4,142,-138
219000151,1,131,-130
219000157,54,93,-39
219000158,107,231,-124
219000161,119,19,100
219000163,1186,283,903
219000166,27,82,-55
219000167,42,258,-216
219000168,127,30,97
219000174,114,62,52
219000175,45,4,41
219000176,49,1,48
219000177,3,0,3
219000178,3,2,1
219000179,13,4,9
219000180,14,35,-21
219000182,10,5,5
219000183,8,44,-36
219000184,15,1,14
219000185,1,180,-179
219000186,1,75,-74
219000187,5,174,-169
219000189,115,116,-1
219000190,191,167,24
219000191,1260,596,664
219000192,114,180,-66
219000193,516,160,356
219000195,1,52,-51
219000196,1,96,-95
219000198,16,192,-176
219000199,74,162,-88
219000200,14,168,-154
219000201,90,258,-168
219000203,12,110,-98
219000204,48,197,-149
219000205,20,228,-208
219000207,75,222,-147
219000209,9,72,-63
219000210,11,98,-87
219000213,8,192,-184
219000239,96,133,-37
219000240,58,218,-160
219000241,23,171,-148
219000242,14,127,-113
219000243,33,199,-166
219000244,2,61,-59
219000245,14,49,-35
219000246,4,4,0
219000247,15,4,11
219000248,157,19,138
219000249,14,27,-13
219000250,20,2,18
219000251,138,9,129
219000252,0,0,0
219000253,0,0,0
219000255,17,20,-3
219000256,67,44,23
219000257,13,0,13
219000262,45,349,-304
219000263,43,224,-181
219000267,0,123,-123
219000268,2,8,-6
219000269,9,2,7
219000270,8,0,8
219000271,93,5,88
219000278,2,6,-4
219000279,0,2,-2
219000283,0,8,-8
219000295,10,114,-104
219000296,53,595,-542
219000297,11,185,-174
219000298,19,290,-271
219000299,177,32,145
219000300,26,425,-399
219000301,67,312,-245
219000302,7,205,-198
219000307,32,70,-38
219000308,40,23,17
219000311,53,37,16
219000312,103,30,73
219000313,62,14,48
219000314,158,534,-376
219000315,18,13,5
219000316,63,8,55
219000317,6,0,6
219000320,1,45,-44
219000321,0,14,-14
219000323,1,64,-63
219000325,0,70,-70
219000326,33,198,-165
219000327,25,33,-8
219000328,19,36,-17
219000329,335,77,258
219000330,9,40,-31
219000331,14,24,-10
219000332,48,36,12
219000333,6,5,1
219000335,10,2,8
219000337,0,1,-1
219000338,3,0,3
219000344,32,75,-43
219000345,125,241,-116
219000346,28,235,-207
219000348,49,161,-112
219000349,28,233,-205
219000350,33,57,-24
219000351,4,2,2
219000352,148,42,106
219000353,57,47,10
219000354,97,107,-10
219000355,30,15,15
219000356,1570,317,1253
219000363,259,47,212
219000364,77,32,45
219000365,91,6,85
219000366,403,113,290
219000368,427,241,186
219000370,808,159,649
219000371,1,13,-12
219000382,2,9,-7
219000383,667,561,106
219000385,630,439,191
219000386,922,1018,-96
219000387,0,1,-1
219000390,12,1,11
219000391,5,0,5
219000397,56,131,-75
219000398,75,26,49
219000401,3,63,-60
219000402,8,64,-56
219000403,30,104,-74
219000404,8,46,-38
219000409,0,0,0
219000410,0,0,0
219000411,0,0,0
219000446,159,391,-232
219000447,2,43,-41
219000448,7,0,7
219000452,55,30,25
219000453,42,67,-25
219000454,263,128,135
219000556,47,6,41
219000558,43,246,-203
219000590,7,148,-141
219000591,17,8,9
219000592,74,394,-320
219000595,1,35,-34
219000635,16,8,8
219000636,6,116,-110
219000657,11,15,-4
219000658,7,39,-32
219000673,0,8,-8
219000676,0,4,-4
219000679,10,10,0
219000684,18,1,17
219000685,0,85,-85
219000686,0,0,0
219000688,0,160,-160
219000689,116,179,-63
219000690,0,0,0
219000693,1,37,-36
219000694,17,0,17
219000695,2,1,1
219000698,0,0,0
219000699,0,7,-7
219000727,4,149,-145
219000728,49,2,47
219000770,2,0,2
219000771,3,26,-23
219001150,0,3,-3
219001151,1,1,0
220000001,7,30,-23
220000002,12,115,-103
220000003,225,310,-85
220000004,427,628,-201
220000005,1113,1219,-106
220000006,83,671,-588
220000007,117,819,-702
220000008,68,877,-809
220000009,97,443,-346
220000010,34,89,-55
220000011,379,827,-448
220000012,36,99,-63
220000014,28,102,-74
220000015,6,27,-21
220000017,36,316,-280
220000018,3190,240,2950
220000019,41,123,-82
220000020,100,177,-77
220000021,176,101,75
220000022,242,405,-163
220000023,63,131,-68
220000024,1159,286,873
220000025,904,253,651
220000026,151,80,71
220000027,9,64,-55
220000028,19,34,-15
220000029,58,128,-70
220000030,29,53,-24
220000031,113,175,-62
220000064,14,591,-577
221000046,0,1,-1
221000047,0,0,0
221000048,0,0,0
221000049,0,11,-11
221000050,1,0,1
221000055,24,42,-18
221000057,26,7,19
221000068,278,61,217
221000069,206,32,174
221000070,85,18,67
221000071,18,7,11
221000072,65,13,52
221000073,80,22,58
221000074,0,17,-17
221000075,7,24,-17
221000076,22,57,-35
221000077,12,109,-97
221000081,10,3,7
221000082,23,1,22
221000083,11,2,9
221000084,4,2,2
221000085,17,66,-49
221000086,19,143,-124
221000087,1,187,-186
221000088,18,172,-154
221000089,33,181,-148
221000090,157,343,-186
221000098,88,14,74
221000099,125,16,109
221000100,17,11,6
221000101,139,10,129
221000102,71,7,64
221000109,11,87,-76
221000110,9,149,-140
221000111,13,164,-151
221000112,7,112,-105
221000113,17,176,-159
221000114,19,199,-180
221000120,5,28,-23
221000121,0,10,-10
221000122,4,7,-3
221000123,0,4,-4
221000124,12,469,-457
221000155,29,2,27
221000156,0,8,-8
221000175,1,3,-2
221000176,1,5,-4
221000182,11,0,11
221000241,459,104,355
221000242,325,208,117
221000243,255,90,165
221000244,146,248,-102
221000245,20,93,-73
221000246,14,147,-133
221000247,23,109,-86
221000248,25,140,-115
221000267,20,560,-540
221000325,5,25,-20
221000331,0,83,-83
221000338,3,6,-3
221000378,28,4,24
221000381,33,57,-24
222000282,0,0,0
222000296,0,17,-17
222000568,96,6,90
222000569,15,5,10
222000570,8,1,7
222000571,23,6,17
222000577,2,220,-218
222000578,12,165,-153
222000579,15,93,-78
222000580,143,611,-468
222000599,2,118,-116
222000600,2,245,-243
222000601,13,605,-592
222000603,3,12,-9
222000604,1,11,-10
222000605,0,1,-1
222000606,1,2,-1
222000607,5,2,3
222000608,2,24,-22
222000609,40,354,-314
222000616,19,13,6
222000617,0,0,0
222000618,0,0,0
222000620,2,1,1
222000621,1,2,-1
222000623,69,1,68
222000624,17,0,17
222000625,7,59,-52
222000636,11,0,11
222000686,0,0,0
222000687,0,1,-1
222001066,58,0,58
222001067,3,3,0
222001068,2,14,-12
222001069,2,12,-10
222001082,2,72,-70
222001083,3,54,-51
222001084,0,10,-10
222001085,1,226,-225
222001111,19,226,-207
222001112,8,9,-1
222001313,1,1,0
222001314,1,49,-48
222001464,0,3,-3
222001465,18,107,-89
222001484,3,7,-4
222001485,13,70,-57
222001494,38,18,20
222001495,53,522,-469
222001496,16,8,8
222001497,35,654,-619
222001502,21,101,-80
222001503,0,0,0
222001504,11,266,-255
222001505,0,0,0
222001506,46,219,-173
222001507,0,0,0
222001510,0,0,0
222001511,24,455,-431
222001514,0,0,0
222001515,151,665,-514
222001518,0,0,0
222001519,43,501,-458
222001527,0,0,0
222001528,27,171,-144
222001529,0,0,0
222001530,26,237,-211
222001533,116,546,-430
222001534,0,0,0
222001535,12,16,-4
222001536,38,463,-425
222001537,0,0,0
222001538,64,500,-436
222001563,0,0,0
222001564,34,815,-781
222001568,28,58,-30
222001576,0,5,-5
222001579,0,5,-5
222001583,6,326,-320
222001584,2,5,-3
222001596,241,1337,-1096
222001597,83,14,69
222001626,1,173,-172
222001650,0,26,-26
222001651,3,89,-86
222001914,0,0,0
222001915,54,173,-119
222900004,77,43,34
222900009,243,773,-530
222900019,13,129,-116
222900024,1,4,-3
222900025,0,25,-25
225000001,58,18,40
225000002,77,7,70
225000003,81,5,76
225000004,45,17,28
225000005,2,6,-4
225000006,0,108,-108
225000007,3248,726,2522
225000010,51,2,49
225000011,96,102,-6
225000012,34,59,-25
225000013,5,34,-29
225000014,63,14,49
225000015,73,206,-133
225000021,54,16,38
225000027,162,393,-231
225000032,97,19,78
225000042,50,545,-495
225000049,12,39,-27
225000050,28,5,23
225000053,3,90,-87
225000058,32,17,15
225000067,34,192,-158
225000068,30,497,-467
225000069,75,395,-320
225000070,42,454,-412
225000071,6,323,-317
225000075,28,816,-788
225000076,30,80,-50
225000078,12,10,2
225000085,0,0,0
225000086,0,0,0
225000087,0,0,0
225000088,11,61,-50
225000089,282,293,-11
225000090,12,242,-230
225000091,34,234,-200
225000092,6,63,-57
225000093,48,332,-284
225000094,6,426,-420
225000095,183,508,-325
225000096,62,303,-241
225000098,137,58,79
225000099,65,32,33
225000100,51,28,23
225000104,21,298,-277
225000110,6,393,-387
225000111,84,929,-845
225000112,124,700,-576
225000113,45,507,-462
225000114,24,232,-208
225000115,2891,388,2503
225000116,179,15,164
225000117,86,42,44
225000118,154,20,134
225000119,14,8,6
225000120,47,11,36
225000121,83,0,83
225000123,63,0,63
225000125,38,98,-60
225000126,361,63,298
225000127,519,156,363
225000128,84,72,12
225000132,94,20,74
225000133,101,20,81
225000134,276,39,237
225000135,30,18,12
225000136,49,5,44
225000137,64,27,37
225000138,151,2,149
225000143,102,97,5
225000144,1,254,-253
225000145,0,0,0
225000146,10,111,-101
225000147,6,273,-267
225000148,3,207,-204
225000149,18,364,-346
225000151,13,213,-200
225000155,84,309,-225
225000156,123,416,-293
225000157,82,238,-156
225000158,21,434,-413
225000171,2,167,-165
225000180,12,3,9
225000181,2,21,-19
225000182,2,1,1
225000185,5,283,-278
225000187,37,436,-399
225000191,0,0,0
225000194,0,1,-1
225000208,0,42,-42
225000209,0,0,0
225000210,5,122,-117
225000217,0,6,-6
225000218,0,1,-1
225000223,0,30,-30
225000224,2,0,2
225000225,1,6,-5
225000226,5,0,5
225000227,28,58,-30
225000228,2,0,2
225000229,1,53,-52
225000230,0,0,0
225000231,0,65,-65
225000232,13,1,12
225000241,6,0,6
225000242,0,27,-27
225000249,1,0,1
225000250,33,739,-706
225000251,119,12,107
225000254,0,2,-2
225000256,0,1,-1
225000257,0,3,-3
226000042,214,290,-76
226000043,13,197,-184
226000044,32,687,-655
226000045,42,529,-487
226000046,121,52,69
226000047,116,49,67
226000048,196,28,168
226000049,73,51,22
226000070,0,51,-51
226000071,0,56,-56
226000072,0,3,-3
226000073,0,11,-11
226000074,0,5,-5
226000084,1,63,-62
226000085,2,7,-5
226000086,1,7,-6
226000087,0,18,-18
226000088,35,10,25
226000090,99,4,95
226000091,2,0,2
226000092,0,0,0
226000093,8,0,8
226000094,3,0,3
226000095,7,2,5
226000105,0,2,-2
226000106,2,0,2
226000107,3,0,3
226000108,7,0,7
226000109,44,2,42
226000124,105,51,54
226000134,201,198,3
226000135,431,334,97
226000136,93,138,-45
226000137,22,264,-242
226000138,2,144,-142
226000139,2,13,-11
226000156,27,0,27
226000157,161,11,150
226000163,16,35,-19
226000202,4,321,-317
226000231,54,2,52
226000232,13,5,8
227000033,111,33,78
227000036,76,10,66
227000037,68,10,58
227000038,41,5,36
227000084,0,24,-24
227000085,0,24,-24
227000088,4,1,3
227000089,38,1,37
227000090,19,0,19
227000091,3,0,3
227000092,5,1,4
227000093,14,0,14
227000094,3,0,3
227000130,9,77,-68
227000131,8,297,-289
227000132,7,249,-242
227000133,7,368,-361
227000134,10,388,-378
227000152,0,1,-1
227000153,0,29,-29
227000154,0,16,-16
227000155,0,16,-16
227000156,0,12,-12
227000165,3,46,-43
227000196,80,419,-339
227000199,13,643,-630
227000230,33,644,-611
227000232,11,1,10
227000242,58,366,-308
227000243,314,35,279
227000245,11,323,-312
227000246,64,505,-441
227000247,111,52,59
227000248,37,18,19
227000249,6,248,-242
227000250,175,83,92
227000251,98,211,-113
227000252,27,391,-364
227000253,28,21,7
227000262,109,14,95
227000266,30,2,28
227000267,29,2252,-2223
227000282,21,312,-291
227000284,37,4,33
227000286,8,95,-87
227000291,14,665,-651
227000296,142,89,53
227000484,70,5,65
227000485,17,630,-613
227000655,21,3,18
227000656,157,7,150
227000657,3,4,-1
229000265,0,1,-1
229000266,0,0,0
229000267,0,0,0
229000268,2,0,2
229000269,0,0,0
229000274,0,14,-14
229000275,0,7,-7
229000276,0,14,-14
229000277,0,0,0
229000278,0,13,-13
229000295,18,12,6
229000296,0,0,0
229000297,9,21,-12
229000298,16,60,-44
229000320,2,4,-2
229000321,1,0,1
229000412,3,44,-41
229000414,3,40,-37
229000415,2,0,2
229000416,0,3,-3
229000417,0,4,-4
229000419,62,225,-163
229000440,100,27,73
229000442,1,3,-2
229000443,0,5,-5
229000444,0,44,-44
229000445,5,2,3
229000446,4,4,0
229000491,2,61,-59
229000492,15,173,-158
229000493,9,169,-160
229000494,43,25,18
229000495,117,146,-29
229000496,24,153,-129
229000507,0,43,-43
229000508,4,29,-25
229000509,0,46,-46
229000510,3,35,-32
229000511,7,89,-82
229000512,1,66,-65
229000513,1,8,-7
229000514,0,5,-5
229000517,2,20,-18
229000518,4,54,-50
229000519,0,21,-21
229000520,4,62,-58
229000521,14,36,-22
229000522,1,33,-32
229000523,8,31,-23
229000524,1,28,-27
229000527,15,7,8
229000528,3,5,-2
229000529,18,4,14
229000530,99,60,39
229000531,20,40,-20
229000532,25,35,-10
229000533,218,61,157
229000534,120,38,82
229000564,70,10,60
229000565,18,5,13
229000566,1,30,-29
229000567,2,137,-135
229000582,360,24,336
229000583,5,13,-8
229000584,0,65,-65
229000585,7,60,-53
229000718,0,3,-3
229000719,0,1,-1
229000720,0,21,-21
229000721,0,23,-23
229000722,0,51,-51
229000723,0,29,-29
229000724,0,3,-3
229000725,0,15,-15
229000738,3,2,1
229000739,1,0,1
229000740,5,0,5
229000741,30,1,29
229000742,22,2,20
229000743,27,2,25
229000744,2,2,0
229000745,6,0,6
229000746,57,0,57
229000847,20,1,19
229000848,5,1,4
229000849,100,5,95
229000851,20,2,18
229000854,0,77,-77
229000856,6,205,-199
229000857,0,62,-62
229000858,1,166,-165
229000919,10,96,-86
229000930,4,173,-169
229000937,195,32,163
229000966,39,28,11
229000981,3,42,-39
229000985,3,24,-21
229000986,0,7,-7
229000987,0,2,-2
229000988,1,3,-2
229000989,0,3,-3
229000990,0,0,0
229000991,0,0,0
229000992,0,5,-5
229000993,47,4,43
229000998,18,26,-8
229000999,19,4,15
229001034,0,15,-15
229001035,0,1,-1
229001036,5,19,-14
229001037,9,0,9
229001038,0,2,-2
229001039,0,0,0
229001040,1,42,-41
229001041,13,0,13
229001042,2,4,-2
229001047,8,34,-26
229001050,6,0,6
229001168,0,6,-6
229001200,2,0,2
229001338,0,20,-20
229001394,352,6,346
229001422,247,50,197
229001423,23,193,-170
229001431,129,79,50
229001432,24,63,-39
229001444,68,20,48
229001445,18,160,-142
229001479,5,16,-11
229001503,187,117,70
229001504,56,175,-119
229001505,216,66,150
229001506,32,163,-131
229001509,1,0,1
229001510,3,26,-23
229001545,103,14,89
229001546,5,91,-86
229001553,60,28,32
229001554,2,100,-98
229001630,20,4,16
229001631,20,13,7
229001635,0,9,-9
229001636,0,0,0
229001658,0,66,-66
229001659,225,6,219
229001660,0,6,-6
229001661,4,10,-6
229001662,24,0,24
229001663,0,12,-12
229002584,50,37,13
229002831,89,85,4
229002841,1,30,-29
229002842,1,13,-12
229002843,5,12,-7
229002844,2,66,-64
229002845,2,52,-50
229002846,0,6,-6
229002847,14,4,10
229002848,0,2,-2
229002849,0,32,-32
229002850,2,0,2
229002851,3,56,-53
229002852,15,22,-7
229002853,10,9,1
229002854,6,26,-20
229002855,3,53,-50
229002856,0,10,-10
229002857,1,59,-58
229002858,0,0,0
229002859,10,13,-3
229002860,6,3,3
229002861,6,9,-3
229002862,1,19,-18
229002863,2,21,-19
229002864,3,9,-6
229002865,1,9,-8
229002866,0,7,-7
229002867,0,16,-16
229002868,1,5,-4
229002869,3,113,-110
229002870,9,2,7
235000067,188,237,-49
235000072,61,289,-228
235000080,1,67,-66
235000081,58,125,-67
235000082,26,35,-9
235000083,50,51,-1
235000084,6,33,-27
235000085,48,31,17
235000093,1,1,0
235000097,4,1,3
235000098,23,59,-36
235000115,74,271,-197
235000116,11,29,-18
235000117,946,14,932
235000133,11,173,-162
235000134,4,46,-42
235000206,0,3,-3
235000207,1,0,1
235000210,0,2,-2
235000212,0,3,-3
235000220,0,4,-4
235000221,5,7,-2
235000238,1,15,-14
235000239,0,3,-3
235000242,146,110,36
235000245,922,194,728
235000246,2,53,-51
235000284,1,70,-69
235000295,0,0,0
235000305,0,0,0
235000306,0,0,0
235000307,0,0,0
235000308,0,0,0
235000309,0,0,0
235000310,0,0,0
235000311,0,1,-1
235000322,0,12,-12
235000323,1,50,-49
235000324,0,11,-11
235000325,0,12,-12
235000326,1,201,-200
235000351,2,39,-37
235000352,2,45,-43
235000353,0,49,-49
235000354,1,21,-20
235000355,2,60,-58
235000356,0,0,0
235000357,0,0,0
235000358,0,0,0
235000359,0,0,0
235000360,0,0,0
235000361,0,0,0
235000381,6,177,-171
235000382,19,19,0
235000390,22,4,18
235000391,69,27,42
235000392,54,93,-39
235000393,81,48,33
235000395,41,13,28
235000396,127,29,98
235000399,22,2,20
235000400,14,9,5
235000401,6,124,-118
235000402,11,97,-86
235000405,35,360,-325
235000406,5,274,-269
235000407,38,142,-104
235000409,104,181,-77
235000411,0,100,-100
235000485,2,3,-1
235000486,1,0,1
235000549,27,71,-44
235000550,74,232,-158
235000599,61,70,-9
235000600,5,5,0
235000601,13,21,-8
235000602,14,54,-40
235000614,1,3,-2
235000648,0,31,-31
235000649,16,0,16
235000815,1,30,-29
235000834,0,3,-3
235000855,72,66,6
235000862,6,170,-164
235000891,0,5,-5
235000892,2,5,-3
235000901,30,67,-37
235000907,0,11,-11
235001010,8,39,-31
235001030,731,114,617
235001078,30,58,-28
235001079,31,115,-84
235001147,1,43,-42
235001166,34,46,-12
235001167,17,45,-28
235001169,4,227,-223
235001200,23,18,5
235001239,2,40,-38
235016266,1,10,-9
235016267,0,9,-9
235900013,0,2,-2
235900014,4,1,3
241900007,55,0,55
277101746,0,59,-59
277102712,0,0,0
277103813,0,0,0
277103814,0,0,0
277103898,0,3,-3
990010990,15,204,-189
990011530,0,250,-250
990014944,1,517,-516
990015176,3,1,2
990015618,1,83,-82
990015888,31,48,-17
990016032,0,258,-258
990032570,37,102,-65
990070001,0,2,-2
990070103,0,5,-5
990070601,1,63,-62
990070751,35,3,32
990070766,1,881,-880
990071180,0,76,-76
990071343,0,0,0
990071387,0,2,-2
990071823,34,5,29
990072600,0,409,-409
990072964,0,551,-551
990073285,0,2,-2
990074393,4,1046,-1042
990074714,4,82,-78
990074870,51,0,51
990075106,41,3,38
990075746,23,0,23
990076437,67,6,61
990076458,0,1225,-1225
997000007,52,4,48
997000041,0,137,-137
997000058,0,0,0
997000062,2,0,2
997000069,0,5,-5
997000070,0,33,-33
997000100,2,0,2
997000141,1,14,-13
997000198,0,5,-5
998000475,0,20,-20
998000736,1,284,-283
998000965,0,0,0
998001031,0,27,-27
998001072,588,325,263
998001091,3,6,-3
998001093,0,0,0
998001103,0,4,-4
998001105,3,22,-19
998001700,0,22,-22
998001899,0,2,-2
998001900,2,1,1
998003073,5,1,4
998003124,6,42,-36
998003125,5,164,-159
998101900,0,0,0
998102850,0,93,-93
998501819,1,0,1
998501820,0,3,-3
998501832,85,116,-31
998501927,76,234,-158
998501929,29,7,22
998501930,44,0,44
998501931,8,1,7
998501932,40,12,28
998501933,1,0,1
998501937,0,2,-2
998501944,0,0,0
998501950,0,0,0
998501970,0,4,-4
998501971,0,70,-70
998501972,120,1,119
998501973,1,146,-145
998501974,1,172,-171
998501975,3,0,3
998501976,1,2,-1
998501977,1,30,-29
998501978,0,0,0
998501979,0,10,-10
998501980,31,36,-5
998501981,0,6,-6
998501982,1,68,-67
998501983,0,0,0
998502006,0,1,-1
998502024,0,1,-1
998502032,0,0,0
998502062,11,19,-8
998502063,0,0,0
998502173,10,1,9
998502269,0,1,-1
998601159,1,282,-281
998601292,0,23,-23
999033574,0,16,-16
999800001,5,2,3
999800002,0,0,0
999800003,2,1,1
999800004,0,7,-7
999800005,0,14,-14
