ID,insum,outsum,diff
100000001,790,471,319
100000002,3583,5283,-1700
100000003,4035,4628,-593
100000004,243,938,-695
100000005,2808,2950,-142
100000006,599,468,131
100000007,2274,1569,705
100000008,97,323,-226
100000009,299,781,-482
100000010,17,283,-266
100000011,375,41,334
100000012,19,306,-287
100000013,4,89,-85
100000014,31,741,-710
100000015,845,1870,-1025
100000016,269,2265,-1996
100000017,147,2757,-2610
100000018,627,432,195
100000019,1935,1801,134
100000020,1094,5163,-4069
100000021,4534,1312,3222
100000022,597,3466,-2869
100000023,3764,1579,2185
100000025,383,1457,-1074
100000028,323,2252,-1929
100000029,37,958,-921
100000030,50,21,29
100000031,1723,6879,-5156
100000032,1414,4124,-2710
100000033,1092,2903,-1811
100000034,95,1304,-1209
100000035,380,1017,-637
100000036,397,1619,-1222
100000037,634,355,279
100000038,2583,764,1819
100000039,185,228,-43
100000040,719,253,466
100000041,1888,1025,863
100000042,1299,217,1082
100000043,511,89,422
100000044,87,180,-93
100000045,145,350,-205
100000046,190,462,-272
100000047,102,219,-117
100000048,174,338,-164
100000049,883,823,60
100000051,462,432,30
100000053,69,1,68
100000054,170,18,152
100000055,448,143,305
100000056,246,363,-117
100000057,1960,306,1654
100000058,769,370,399
100000059,72,192,-120
100000060,804,313,491
100000061,2447,455,1992
100000062,1578,622,956
100000063,1244,395,849
100000064,1601,355,1246
100000065,249,385,-136
100000066,110,293,-183
100000067,249,526,-277
100000068,248,1146,-898
100000069,318,747,-429
100000072,56,272,-216
100000073,841,525,316
100000075,719,127,592
100000076,1122,7993,-6871
100000077,76,560,-484
100000078,1,70,-69
100000079,12,62,-50
100000080,3,44,-41
100000081,12,54,-42
100000102,1857,4442,-2585
100000103,1019,4740,-3721
100000104,2694,2108,586
100000105,1265,1612,-347
100000106,454,2760,-2306
100000107,39,1103,-1064
100000108,174,745,-571
100000109,298,1507,-1209
100000116,213,502,-289
100000117,20,71,-51
100000118,389,989,-600
100000119,757,699,58
100000121,148,419,-271
100000122,370,1942,-1572
100000123,804,1630,-826
100000124,1562,1836,-274
100000125,5336,1814,3522
100000126,388,699,-311
100000127,1044,880,164
100000128,454,2667,-2213
100000129,214,646,-432
100000130,897,179,718
100000131,638,668,-30
100000132,834,1016,-182
100000133,835,428,407
100000135,377,841,-464
100000139,142,367,-225
100000140,83,96,-13
100000142,655,430,225
100000143,440,197,243
100000144,778,273,505
100000147,1246,4326,-3080
100000150,81,395,-314
100000151,156,1262,-1106
100000153,66,547,-481
100000154,24,709,-685
100000155,0,56,-56
100000156,45,170,-125
100000157,143,192,-49
100000158,143,134,9
100000159,74,1049,-975
100000165,501,362,139
100000169,29,2774,-2745
100000174,428,1629,-1201
100000179,46,616,-570
100000180,794,1071,-277
100000181,243,181,62
100000188,78,51,27
100000189,687,525,162
100000190,326,1171,-845
100000191,586,321,265
100000192,9,197,-188
100000193,243,178,65
100000330,414,890,-476
100000355,143,350,-207
100000362,1343,612,731
100000363,6015,6144,-129
100000364,74,178,-104
100000365,4522,6711,-2189
100000366,1175,688,487
100000367,4622,4850,-228
100000368,1222,1003,219
100000369,318,1973,-1655
100000370,65,827,-762
100000376,20,443,-423
100000379,485,3466,-2981
100000380,2274,6740,-4466
100000384,4209,5863,-1654
100000385,945,3950,-3005
100000386,905,5971,-5066
100000387,2615,6857,-4242
100000388,1306,3426,-2120
100000389,3920,5153,-1233
100000390,2191,1969,222
100000391,2026,5360,-3334
100000392,323,1626,-1303
100000393,388,3064,-2676
100000394,1065,3628,-2563
100000395,484,3095,-2611
100000396,520,1232,-712
100000397,912,4860,-3948
100000398,4170,2740,1430
100900002,17,2,15
100900003,605,341,264
100900004,3,260,-257
100900005,186,10,176
100900006,21,10,11
100900007,266,2,264
100900008,1,198,-197
100900009,39,15,24
100900010,14,2,12
100900011,212,126,86
100900012,1,27,-26
100900013,962,7,955
100900014,4,0,4
100900015,41,32,9
100900016,0,5,-5
100900017,1347,35,1312
100900018,0,10,-10
100900019,33,57,-24
100900020,367,1,366
100900021,464,0,464
100900022,0,5,-5
100900023,1,46,-45
100900024,335,4,331
100900025,4,6,-2
100900026,81,28,53
100900027,204,2850,-2646
100900028,111,284,-173
100900029,13,0,13
100900030,1,102,-101
100900031,1120,27,1093
100900032,486,0,486
100900033,53,402,-349
100900034,1629,3,1626
100900035,189,12,177
100900036,8,0,8
100900037,199,39,160
100900038,21,27,-6
100900039,200,56,144
100900040,794,191,603
100900041,1978,82,1896
100900042,205,1913,-1708
100900043,0,26,-26
100900044,768,925,-157
100900045,37,0,37
100900046,1320,4,1316
100900047,341,65,276
100900048,72,18,54
100900049,16,38,-22
100900050,9,14,-5
100900051,12,60,-48
100900052,303,8,295
100900053,838,48,790
100900054,3,22,-19
100900055,286,1412,-1126
100900056,18,23,-5
100900057,1492,252,1240
100900058,126,35,91
100900059,124,0,124
100900060,176,5,171
100900061,91,110,-19
100900062,3,5,-2
100900063,306,1297,-991
100900064,651,9,642
100900065,31,178,-147
100900066,47,19,28
100900067,4,1,3
100900068,163,301,-138
100900069,69,0,69
100900070,870,9,861
100900071,208,73,135
100900072,2,8,-6
100900073,111,230,-119
100900074,2,7,-5
100900075,1041,38,1003
100900076,27,7,20
100900077,128,11,117
100900078,63,120,-57
100900079,1,2,-1
100900080,144,25,119
100900081,1,103,-102
100900082,248,53,195
100900083,25,5,20
100900085,2,273,-271
100900086,19,307,-288
100900088,243,45,198
100900089,0,1,-1
100900090,47,727,-680
100900091,6,7,-1
100900092,39,161,-122
100900093,320,716,-396
100900094,287,46,241
100900095,3,6,-3
100900096,11,96,-85
100900097,1,1,0
100900098,11,20,-9
100900099,1,185,-184
100900100,10,199,-189
100900101,215,17,198
100900102,1,70,-69
100900103,3,9,-6
100900104,0,81,-81
100900105,6,367,-361
100900106,2,2,0
100900107,1347,521,826
100900108,15,37,-22
100900109,10,3,7
100900110,2,10,-8
100900111,13,174,-161
100900112,0,23,-23
100900113,22,13,9
100900114,9,8,1
100900115,49,24,25
100900116,706,385,321
100900117,165,1160,-995
100900118,17,86,-69
100900119,25,12,13
100900120,65,5,60
100900121,414,233,181
100900122,16,58,-42
100900123,330,20,310
100900124,0,2,-2
100900125,4,13,-9
100900126,750,162,588
100900127,0,1,-1
100900128,44,313,-269
100900129,0,146,-146
100900131,8,87,-79
100900133,134,32,102
100900134,3,0,3
100900135,0,328,-328
100900137,221,133,88
100900138,410,238,172
100900139,1,22,-21
100900140,2,67,-65
100900141,1,325,-324
100900142,1,4,-3
100900143,138,370,-232
100900144,10,3,7
100900145,46,541,-495
100900146,4,53,-49
100900147,9,1395,-1386
100900148,46,84,-38
100900149,4,552,-548
100900150,0,64,-64
100900151,15,230,-215
100900152,30,0,30
100900153,1,193,-192
100900154,2,119,-117
100900155,9,4,5
100900156,0,0,0
100900157,11,348,-337
100900158,337,35,302
100900159,2,33,-31
100900160,48,0,48
100900161,7,0,7
100900162,7,202,-195
100900163,37,51,-14
100900164,208,21,187
100900165,8,0,8
100900166,2,0,2
100900167,0,13,-13
100900168,9,69,-60
100900169,14,466,-452
100900170,12,1,11
100900171,1,241,-240
100900172,1,90,-89
100900173,5,64,-59
100900174,7,18,-11
100900176,985,165,820
100900177,177,126,51
100900178,256,204,52
100900179,176,138,38
100900180,0,0,0
100900181,6,31,-25
100900182,25,7,18
100900184,80,34,46
100900186,464,250,214
100900187,38,61,-23
100900188,26,13,13
100900189,1866,347,1519
100900191,177,1085,-908
100900192,65,276,-211
100900195,75,243,-168
100900197,114,49,65
100900198,4,6,-2
100900199,2,7,-5
100900200,545,116,429
100900201,15,798,-783
100900202,59,0,59
100900203,0,44,-44
100900204,46,149,-103
100900205,91,453,-362
100900206,160,312,-152
100900207,333,99,234
100900210,7,80,-73
100900211,213,101,112
100900213,74,29,45
100900214,139,64,75
100900215,43,36,7
101000001,1604,2030,-426
101000002,6497,7835,-1338
101000003,207,816,-609
101000004,5392,6334,-942
101000005,4765,6223,-1458
101000006,5613,9521,-3908
101000007,2513,4370,-1857
101000008,1480,1848,-368
101000009,2163,481,1682
101000010,1150,499,651
101000011,572,148,424
101000012,190,448,-258
101000013,463,1027,-564
101000014,212,267,-55
101000015,2809,1085,1724
101000016,193,587,-394
101000017,213,312,-99
101000018,889,5178,-4289
101000020,878,1132,-254
101000021,345,561,-216
101000022,91,452,-361
101000023,614,656,-42
101000025,225,575,-350
101000026,305,42,263
101000027,1365,2729,-1364
101000028,28,9,19
101000029,33,871,-838
101000030,555,112,443
101000031,59,554,-495
101000032,1705,2819,-1114
101000033,813,3983,-3170
101000034,309,2235,-1926
101000035,362,328,34
101000036,275,1985,-1710
101000037,426,2845,-2419
101000039,1457,2949,-1492
101000040,1997,6100,-4103
101000041,1311,5374,-4063
101000042,53,532,-479
101000043,2171,5529,-3358
101000045,140,542,-402
101000046,664,1389,-725
101000047,696,3781,-3085
101000048,335,220,115
101000049,415,1541,-1126
101000050,285,1393,-1108
101000051,601,1651,-1050
101000052,870,1485,-615
101000053,283,955,-672
101000054,1434,555,879
101000055,954,1109,-155
101000056,1,94,-93
101000057,355,2805,-2450
101000058,454,1745,-1291
101000059,1762,3289,-1527
101000060,1192,787,405
101000061,211,2191,-1980
101000062,82,456,-374
101000063,109,1119,-1010
101000064,109,686,-577
101000065,84,646,-562
101000066,204,948,-744
101000067,158,581,-423
101000068,74,347,-273
101000069,62,73,-11
101000070,204,617,-413
101000071,2775,1000,1775
101000072,341,1896,-1555
101000073,347,753,-406
101000074,1173,2185,-1012
101000075,1112,1657,-545
101000077,1261,1154,107
101000078,562,589,-27
101000079,614,546,68
101000080,655,424,231
101000081,994,1018,-24
101000082,1145,1042,103
101000083,2685,1752,933
101000084,732,315,417
101000085,1352,691,661
101000086,594,436,158
101000087,450,518,-68
101000088,1661,799,862
101000089,795,1346,-551
101000090,742,443,299
101000091,400,355,45
101000092,1759,347,1412
101000093,1361,345,1016
101000094,643,430,213
101000095,449,388,61
101000096,605,147,458
101000097,419,545,-126
101000098,358,610,-252
101000099,364,818,-454
101000100,598,930,-332
101000101,188,738,-550
101000102,230,1051,-821
101000103,280,1003,-723
101000104,182,575,-393
101000105,163,352,-189
101000106,145,1169,-1024
101000107,261,416,-155
101000108,342,70,272
101000109,827,140,687
101000110,34,116,-82
101000111,26,124,-98
101000113,67,970,-903
101000114,1402,4591,-3189
101000115,6,6,0
101000116,3,6,-3
101000117,594,101,493
101000119,15,98,-83
101000120,45,147,-102
101000121,14,60,-46
101000122,33,74,-41
101000123,42,117,-75
101000124,382,493,-111
101000125,118,73,45
101000128,258,1680,-1422
101000130,109,153,-44
101000131,1697,197,1500
101000132,710,353,357
101000135,0,14,-14
101000136,57,97,-40
101000137,21,415,-394
101000141,351,3760,-3409
101000147,577,202,375
101000148,748,32,716
101000149,7,20,-13
101000150,115,144,-29
101000151,526,22,504
101000152,257,270,-13
101000153,167,155,12
101000154,587,347,240
101000155,772,224,548
101000156,6,770,-764
101000157,11,224,-213
101000160,2,39,-37
101000163,44,597,-553
101000164,250,101,149
101000165,197,343,-146
101000166,77,178,-101
101000168,1050,244,806
101000252,2283,601,1682
101000254,29,26,3
101000258,50,2,48
101000261,66,37,29
101000262,1143,4971,-3828
101000263,200,1038,-838
101000265,54,442,-388
101000266,368,119,249
101000269,21,49,-28
101000290,195,3012,-2817
101000293,1,9,-8
101000294,204,381,-177
101000295,246,117,129
101000301,114,570,-456
101000304,1624,3258,-1634
101000305,1826,1203,623
101900001,25,61,-36
101900002,0,14,-14
101900003,24,55,-31
101900004,0,106,-106
101900005,825,4297,-3472
101900006,1265,129,1136
101900007,234,107,127
101900008,59,139,-80
101900009,33,379,-346
101900010,312,580,-268
101900011,26,1304,-1278
101900012,251,59,192
101900013,230,69,161
101900017,26,97,-71
101900018,411,171,240
101900019,47,142,-95
101900020,329,107,222
101900021,4,37,-33
101900022,131,566,-435
101900023,127,54,73
102000001,3147,5923,-2776
102000002,2205,2253,-48
102000003,1440,4449,-3009
102000004,3806,2440,1366
102000005,1091,3460,-2369
102000006,658,976,-318
102000007,1324,3738,-2414
102000008,3647,1188,2459
102000009,7007,7598,-591
102000010,2707,1755,952
102000011,4283,4028,255
102000012,3228,1953,1275
102000018,2442,2752,-310
102000019,2150,1762,388
102000026,359,329,30
102000029,392,276,116
102000030,102,327,-225
102000031,79,46,33
102000032,688,298,390
102000033,558,176,382
102000034,403,177,226
102000035,677,267,410
102000036,15,116,-101
102000037,100,30,70
102000038,148,158,-10
102000039,74,49,25
102000040,168,150,18
102000041,7,241,-234
102000042,17,192,-175
102000043,49,241,-192
102000044,365,748,-383
102000045,688,523,165
102000046,1362,407,955
102000047,956,436,520
102000048,737,383,354
102000049,777,741,36
102000050,1427,680,747
102000051,167,430,-263
102000052,1238,776,462
102000053,803,765,38
102000054,819,876,-57
102000055,934,144,790
102000056,1469,211,1258
102000057,1627,412,1215
102000058,749,545,204
102000059,591,683,-92
102000060,540,621,-81
102000061,1597,1041,556
102000062,2029,696,1333
102000063,813,1116,-303
102000064,335,426,-91
102000065,40,148,-108
102000066,514,299,215
102000067,5255,3763,1492
102000068,6733,2510,4223
102000069,90,2045,-1955
102000070,1766,49,1717
102000071,4997,9935,-4938
102000072,2157,2832,-675
102000073,439,303,136
102000074,699,453,246
102000075,188,170,18
102000076,425,67,358
102000077,812,235,577
102000078,1398,160,1238
102000079,103,51,52
102000080,277,127,150
102000081,328,774,-446
102000082,564,484,80
102000083,926,126,800
102000084,810,94,716
102000085,1084,401,683
102000086,1469,518,951
102000087,416,754,-338
102000088,247,189,58
102000089,1403,132,1271
102000090,224,1035,-811
102000091,658,685,-27
102000092,212,547,-335
102000093,583,450,133
102000094,391,281,110
102000095,596,640,-44
102000096,485,328,157
102000097,508,214,294
102000098,285,256,29
102000099,617,308,309
102000100,159,343,-184
102000101,216,207,9
102000102,106,1099,-993
102000103,2507,379,2128
102000104,360,265,95
102000105,193,244,-51
102000106,710,262,448
102000107,2062,101,1961
102000108,618,159,459
102000109,707,298,409
102000110,1401,274,1127
102000111,1,344,-343
102000112,123,158,-35
102000113,13,32,-19
102000114,455,291,164
102000115,201,347,-146
102000116,139,683,-544
102000117,30,633,-603
102000118,611,1722,-1111
102000119,404,689,-285
102000120,138,359,-221
102000121,1112,203,909
102000122,561,523,38
102000123,806,650,156
102000124,1416,912,504
102000125,375,453,-78
102000126,390,418,-28
102000127,1119,286,833
102000128,691,679,12
102000129,1308,405,903
102000130,576,762,-186
102000131,737,785,-48
102000132,338,823,-485
102000133,4237,1389,2848
102000134,1521,523,998
102000135,381,542,-161
102000136,498,355,143
102000137,298,231,67
102000138,184,91,93
102000139,30,228,-198
102000140,50,238,-188
102000141,116,306,-190
102000142,292,116,176
102000143,334,78,256
102000144,372,58,314
102000145,240,131,109
102000146,471,127,344
102000147,500,268,232
102000148,93,310,-217
102000149,485,61,424
102000150,990,42,948
102000151,96,47,49
102000152,427,70,357
102000153,716,320,396
102000154,102,129,-27
102000155,43,271,-228
102000156,215,97,118
102000157,8,427,-419
102000158,85,250,-165
102000159,946,1198,-252
102000161,1948,2199,-251
102000162,124,180,-56
102000163,112,253,-141
102000164,459,673,-214
102000165,155,182,-27
102000166,49,136,-87
102000167,162,170,-8
102000168,225,134,91
102000169,63,631,-568
102000170,618,97,521
102000171,59,51,8
102000172,3,352,-349
102000173,437,281,156
102000174,204,31,173
102000175,60,49,11
102000176,23,16,7
102000178,205,454,-249
102000179,445,209,236
102000180,930,167,763
102000181,1415,291,1124
102000182,639,758,-119
102000183,1745,616,1129
102000184,2009,495,1514
102000185,2882,306,2576
102000186,1954,571,1383
102000187,846,365,481
102000188,1316,975,341
102000189,1329,184,1145
102000190,467,2016,-1549
102000191,646,171,475
102000192,1787,1206,581
102000193,85,168,-83
102000194,59,312,-253
102000195,731,338,393
102000196,293,278,15
102000197,1383,128,1255
102000198,255,308,-53
102000199,1703,130,1573
102000200,326,311,15
102000201,1890,361,1529
102000202,11,266,-255
102000203,531,93,438
102000204,1031,532,499
102000205,1505,1098,407
102000206,802,685,117
102000207,606,596,10
102000208,360,713,-353
102000209,72,109,-37
102000210,804,331,473
102000211,846,195,651
102000212,741,6,735
102000213,1,177,-176
102000214,701,11,690
102000215,1,110,-109
102000216,216,161,55
102000217,9,40,-31
102000218,272,203,69
102000219,123,80,43
102000225,168,862,-694
102000226,113,455,-342
102000227,147,1,146
102000228,1,140,-139
102000229,97,27,70
102000230,313,203,110
102000231,494,306,188
102000232,34,132,-98
102000233,1095,260,835
102000234,51,798,-747
102000236,254,32,222
102000237,989,225,764
102000238,286,182,104
102000240,183,687,-504
102000241,91,46,45
102000243,11,46,-35
102000245,5,55,-50
102000246,2,57,-55
102000247,94,271,-177
102000248,132,776,-644
102000249,108,37,71
102000250,56,109,-53
102000254,506,140,366
102000266,2,156,-154
102000271,42,0,42
102000286,220,267,-47
102000297,1770,485,1285
102000299,0,0,0
102000302,0,0,0
102000305,0,0,0
102000306,0,0,0
102000307,0,3,-3
102000308,0,0,0
102900001,1152,186,966
102900002,167,37,130
102900003,135,37,98
102900005,423,87,336
102900006,430,48,382
102900007,608,1,607
102900008,319,14,305
102900009,189,241,-52
102900010,201,1870,-1669
102900011,820,391,429
102900012,479,78,401
102900013,90,16,74
102900015,1135,353,782
102900016,147,11,136
102900017,303,87,216
102900018,112,28,84
102900019,459,301,158
102900020,88,7,81
102900021,61,10,51
102900022,49,24,25
102900023,8,3,5
102900024,9,28,-19
102900025,35,12,23
102900026,229,2056,-1827
102900027,45,54,-9
102900028,111,925,-814
102900029,11,274,-263
102900030,344,345,-1
102900031,343,107,236
102900032,115,27,88
102900033,110,97,13
102900034,808,31,777
102900035,168,71,97
102900036,212,106,106
102900037,161,207,-46
102900038,197,138,59
102900039,9,699,-690
102900040,210,231,-21
102900041,194,67,127
102900042,347,72,275
102900043,441,88,353
102900044,425,584,-159
102900045,292,260,32
102900046,179,129,50
102900047,159,437,-278
102900048,475,147,328
102900049,58,178,-120
102900050,106,188,-82
102900051,95,239,-144
102900052,20,40,-20
102900053,121,325,-204
102900054,192,1273,-1081
102900055,95,515,-420
102900056,29,128,-99
102900057,2,127,-125
102900058,650,76,574
102900059,10,9,1
102900060,71,227,-156
102900061,237,377,-140
102900062,245,251,-6
102900063,1941,207,1734
102900064,50,398,-348
102900065,317,199,118
102900066,174,7,167
102900068,42,126,-84
102900070,264,123,141
102900072,1,50,-49
102900073,20,1,19
102900074,258,169,89
102900075,0,41,-41
102900076,25,100,-75
102900077,21,4,17
102900078,27,8,19
102900079,151,1,150
102900080,414,18,396
102900081,17,47,-30
102900082,12,97,-85
102900083,62,0,62
102900084,1,15,-14
102900085,73,40,33
102900086,4,31,-27
102900087,254,31,223
102900088,72,23,49
102900089,152,116,36
102900090,0,120,-120
102900091,366,3,363
102900092,1009,190,819
102900093,249,143,106
102900094,2,133,-131
102900095,43,0,43
102900096,57,5,52
102900097,317,132,185
103000001,1795,1837,-42
103000002,2257,2093,164
103000003,2462,1757,705
103000004,609,228,381
103000005,1257,3695,-2438
103000006,1199,1477,-278
103000007,414,269,145
103000008,792,584,208
103000009,2367,1085,1282
103000010,106,41,65
103000011,1054,340,714
103000012,1094,1263,-169
103000013,2075,1273,802
103000014,1013,2644,-1631
103000015,1151,672,479
103000016,488,1582,-1094
103000017,175,928,-753
103000018,511,151,360
103000019,248,586,-338
103000020,972,1085,-113
103000021,2001,2617,-616
103000022,522,1046,-524
103000023,991,2112,-1121
103000024,60,51,9
103000025,84,1323,-1239
103000026,222,130,92
103000027,60,435,-375
103000028,81,108,-27
103000029,51,130,-79
103000030,1375,824,551
103000031,626,2395,-1769
103000032,1336,707,629
103000033,3351,2286,1065
103000034,983,561,422
103000035,118,832,-714
103000036,218,134,84
103000037,484,210,274
103000038,503,592,-89
103000039,825,182,643
103000040,859,259,600
103000041,2601,817,1784
103000042,1896,100,1796
103000043,1130,366,764
103000044,301,49,252
103000046,291,562,-271
103000047,693,244,449
103000048,186,123,63
103000049,99,50,49
103000050,991,71,920
103000051,770,301,469
103000052,877,130,747
103000053,277,243,34
103000054,1385,206,1179
103000055,1495,679,816
103000056,588,594,-6
103000057,1401,109,1292
103000058,740,177,563
103000059,910,256,654
103000060,590,179,411
103000061,918,489,429
103000062,595,79,516
103000063,1147,303,844
103000064,103,48,55
103000065,8,81,-73
103000066,214,17,197
103000069,272,181,91
103000070,561,149,412
103000071,1946,439,1507
103000072,174,331,-157
103000073,1381,105,1276
103000074,893,72,821
103000075,82,306,-224
103000076,466,1008,-542
103000077,2,220,-218
103000078,541,1410,-869
103000079,348,603,-255
103000080,252,294,-42
103000081,332,664,-332
103000082,544,154,390
103000083,120,216,-96
103000084,138,4,134
103000085,1,102,-101
103000086,408,522,-114
103000087,314,401,-87
103000088,107,197,-90
103000089,372,683,-311
103000090,3248,897,2351
103000091,682,413,269
103000092,357,113,244
103000093,352,463,-111
103000094,398,102,296
103000095,105,193,-88
103000096,667,25,642
103000097,36,502,-466
103000098,649,53,596
103000099,35,739,-704
103000100,178,309,-131
103000101,1588,117,1471
103000102,153,155,-2
103000103,814,109,705
103000104,271,53,218
103000105,287,56,231
103000106,24,85,-61
103000107,316,77,239
103000108,1453,1258,195
103000109,529,685,-156
103000110,321,751,-430
103000111,253,604,-351
103000112,274,447,-173
103000113,472,931,-459
103000114,1612,1019,593
103000115,1064,641,423
103000116,934,310,624
103000117,466,334,132
103000118,302,268,34
103000119,954,188,766
103000120,59,232,-173
103000121,71,134,-63
103000122,414,848,-434
103000125,6,24,-18
103000126,995,8,987
103000127,1,76,-75
103000128,142,1,141
103000129,0,53,-53
103000130,68,42,26
103000131,33,101,-68
103000132,10,52,-42
103000133,29,39,-10
103000134,170,931,-761
103000135,475,111,364
103000136,178,277,-99
103000137,264,395,-131
103000138,325,437,-112
103000139,0,22,-22
103000140,74,7,67
103000141,5,76,-71
103000142,115,30,85
103000143,42,64,-22
103000144,272,32,240
103000145,11,32,-21
103000150,88,31,57
103000152,130,313,-183
103000153,141,154,-13
103000156,0,59,-59
103000157,311,0,311
103000159,221,99,122
103000162,26,10,16
103000163,14,9,5
103000164,2,1,1
103000165,38,56,-18
103000166,185,681,-496
103000167,147,145,2
103000168,188,49,139
103000169,222,1110,-888
103000170,1989,198,1791
103000171,41,93,-52
103000172,1342,181,1161
103000173,1487,87,1400
103000174,603,133,470
103000175,386,51,335
103000176,559,868,-309
103000177,158,711,-553
103000178,76,230,-154
103000179,82,3,79
103000183,447,36,411
103000185,269,31,238
103000186,383,37,346
103000187,2021,87,1934
103000188,28,153,-125
103000189,629,362,267
103000191,408,243,165
103000292,400,1953,-1553
103000293,340,4179,-3839
103000295,39,93,-54
103000296,94,2,92
103000297,0,9,-9
103000504,107,19,88
103000505,0,4,-4
103000506,1,84,-83
103000507,194,1,193
103000508,67,50,17
103000509,199,218,-19
103900001,25,24,1
103900002,397,39,358
103900003,798,202,596
103900004,147,1,146
103900005,0,26,-26
103900006,3,5,-2
103900007,178,4,174
103900008,7,2,5
103900009,528,93,435
103900010,199,50,149
103900011,951,53,898
103900012,15,92,-77
103900013,27,18,9
103900014,178,7,171
103900015,114,2,112
103900016,157,67,90
103900017,123,35,88
103900018,154,23,131
103900019,7,218,-211
103900020,245,296,-51
103900021,265,20,245
103900022,278,244,34
103900023,328,1,327
103900024,110,171,-61
103900025,8,15,-7
103900026,0,0,0
103900027,196,129,67
103900028,55,366,-311
103900029,978,107,871
103900030,281,87,194
103900031,50,0,50
103900032,51,79,-28
103900033,269,34,235
103900034,77,22,55
103900035,115,39,76
103900036,34,46,-12
103900037,199,25,174
103900038,70,142,-72
103900039,222,73,149
103900040,7,64,-57
103900041,122,28,94
103900042,205,42,163
103900043,492,19,473
103900044,57,586,-529
103900045,386,162,224
103900047,104,17,87
103900048,1,39,-38
103900049,46,676,-630
103900050,25,140,-115
103900051,0,71,-71
103900052,223,291,-68
103900053,354,114,240
103900054,310,94,216
103900055,595,92,503
103900056,79,24,55
103900057,192,79,113
103900058,697,85,612
103900059,3,69,-66
103900060,79,31,48
103900061,256,2,254
103900062,1360,307,1053
103900063,0,0,0
103900064,250,3,247
103900065,112,166,-54
103900066,355,83,272
103900067,467,27,440
103900068,0,0,0
103900069,100,6,94
103900070,149,116,33
103900071,16,47,-31
103900072,61,76,-15
103900073,267,56,211
103900074,113,31,82
103900075,118,10,108
103900076,747,157,590
103900077,56,134,-78
103900078,391,82,309
103900079,74,59,15
103900080,2,12,-10
103900081,6,24,-18
103900082,53,73,-20
103900083,1012,2828,-1816
103900084,10,33,-23
103900085,26,46,-20
103900086,2042,173,1869
103900087,28,50,-22
103900088,192,245,-53
103900089,44,85,-41
103900090,26,29,-3
103900091,519,47,472
103900092,662,431,231
103900093,40,226,-186
103900094,12,22,-10
103900095,119,276,-157
103900096,165,30,135
103900097,17,124,-107
103900098,364,80,284
103900099,489,43,446
103900100,356,39,317
103900101,587,611,-24
103900102,5,35,-30
103900104,0,3,-3
103900105,35,26,9
103900106,2,614,-612
103900107,315,28,287
103900108,58,52,6
103900109,281,4,277
103900110,424,29,395
103900111,452,88,364
103900112,30,50,-20
103900113,14,42,-28
103900114,455,156,299
103900115,124,132,-8
103900116,958,1927,-969
103900117,22,4,18
103900119,8,196,-188
103900120,21,20,1
103900122,260,36,224
103900123,144,776,-632
103900124,15,1,14
103900125,121,12,109
103900126,906,64,842
103900127,163,119,44
103900128,188,25,163
103900131,22,22,0
103900133,934,14,920
103900134,0,27,-27
103900135,3,2,1
103900137,0,16,-16
103900138,103,4,99
103900139,86,4115,-4029
103900140,6,467,-461
103900141,119,52,67
103900142,767,48,719
103900143,275,3,272
103900144,2,4,-2
103900145,111,198,-87
103900146,190,123,67
103900147,553,48,505
103900148,615,122,493
103900149,425,130,295
103900150,2086,6321,-4235
103900151,3,33,-30
103900152,1596,129,1467
103900153,14,25,-11
103900154,178,2360,-2182
103900155,18,23,-5
103900156,53,11,42
103900157,284,23,261
103900158,374,20,354
103900159,587,4,583
103900160,23,12,11
103900161,44,110,-66
103900162,26,26,0
103900163,4,219,-215
103900164,190,3,187
103900167,1,71,-70
103900168,41,17,24
103900169,23,29,-6
103900170,0,29,-29
103900171,0,11,-11
103900172,1,1,0
103900173,22,27,-5
103900174,649,31,618
103900175,38,145,-107
103900176,5,10,-5
103900177,3,6,-3
103900178,92,0,92
103900179,57,6,51
103900180,1,15,-14
103900181,7,18,-11
103900182,4,6,-2
103900184,96,37,59
103900185,19,1184,-1165
103900187,8,165,-157
103900188,119,74,45
103900189,98,7,91
103900190,191,26,165
103900191,3,22,-19
103900192,13,30,-17
103900193,16,18,-2
103900194,82,36,46
103900195,0,175,-175
103900196,65,42,23
103900197,3,9,-6
103900198,7,6,1
103900199,129,28,101
103900200,334,30,304
103900201,78,21,57
103900202,3,24,-21
103900203,31,58,-27
103900204,0,11,-11
103900207,2,25,-23
103900208,221,0,221
103900209,8,29,-21
103900210,42,10,32
103900211,1050,109,941
103900212,217,56,161
103900213,6,154,-148
103900214,85,390,-305
103900215,88,335,-247
103900216,22,219,-197
103900217,402,121,281
103900218,0,457,-457
103900219,428,55,373
103900233,164,13,151
103900235,29,119,-90
103900236,16,20,-4
103900242,9,1,8
103900243,1,0,1
103900244,93,50,43
103900245,243,28,215
103900246,12,25,-13
103900247,2,19,-17
103900248,0,68,-68
103900249,1,20,-19
103900250,35,24,11
103900251,0,19,-19
103900253,20,41,-21
103900254,0,22,-22
103900255,0,17,-17
103900256,32,4,28
103900257,65,244,-179
103900258,21,13,8
103900259,4,1,3
103900261,71,0,71
103900262,32,2,30
103900263,30,99,-69
103900264,26,5,21
103900265,5,0,5
103900266,1,80,-79
103900267,2,17,-15
104000001,2941,1420,1521
104000002,1720,1259,461
104000003,1866,1086,780
104000004,2565,1453,1112
104000005,2384,1334,1050
104000006,2470,1422,1048
104000007,3743,2937,806
104000008,225,128,97
104000009,314,113,201
104000010,146,583,-437
104000011,189,148,41
104000012,86,83,3
104000013,333,633,-300
104000014,171,132,39
104000015,585,100,485
104000016,228,75,153
104000018,707,139,568
104000019,655,218,437
104000020,56,132,-76
104000021,380,175,205
104000022,340,353,-13
104000023,1662,288,1374
104000024,180,138,42
104000026,47,93,-46
104000027,233,130,103
104000028,533,209,324
104000029,313,172,141
104000030,565,249,316
104000031,1569,112,1457
104000032,170,80,90
104000033,890,301,589
104000034,212,86,126
104000035,1341,291,1050
104000036,1485,275,1210
104000037,187,73,114
104000038,425,223,202
104000039,182,99,83
104000040,78,588,-510
104000041,672,375,297
104000042,148,125,23
104000043,105,169,-64
104000044,257,890,-633
104000045,588,448,140
104000046,593,516,77
104000047,548,391,157
104000048,830,336,494
104000049,644,297,347
104000050,66,445,-379
104000051,192,296,-104
104000052,1945,1298,647
104000053,1241,203,1038
104000054,563,69,494
104000055,1873,1221,652
104000056,442,101,341
104000057,255,93,162
104000058,893,437,456
104000059,579,818,-239
104000060,1191,783,408
104000061,953,606,347
104000062,301,53,248
104000064,520,185,335
104000065,106,389,-283
104000069,321,1644,-1323
104000070,52,588,-536
104000071,164,94,70
104000072,680,88,592
104000075,51,254,-203
104000076,532,27,505
104000082,1668,2794,-1126
104000083,420,75,345
104000084,108,151,-43
104000085,500,129,371
104000086,232,184,48
104000087,277,1108,-831
104000090,1131,215,916
104000092,1669,440,1229
104000094,582,375,207
104000095,2724,893,1831
104000096,2965,40,2925
104000097,3016,270,2746
104000098,4445,268,4177
104000100,3013,592,2421
104000101,1624,794,830
104000106,24,420,-396
104000107,664,109,555
104000108,230,192,38
104000109,288,77,211
104000110,532,1324,-792
104000111,1876,4494,-2618
104000112,341,221,120
104000116,0,282,-282
104000117,387,161,226
104000118,2274,84,2190
104000119,1280,136,1144
104000120,382,208,174
104000121,225,211,14
104000122,575,364,211
104000123,802,436,366
104000124,205,1030,-825
104000125,1399,5321,-3922
104000126,502,415,87
104000127,1225,1086,139
104000128,635,92,543
104000129,92,0,92
104000130,0,483,-483
104000131,187,278,-91
104000132,334,258,76
104000133,1171,566,605
104000134,825,1372,-547
104000135,291,1067,-776
104000136,555,2140,-1585
104000137,1642,347,1295
104000138,854,249,605
104000139,1731,1998,-267
104000141,510,309,201
104000142,506,229,277
104000143,676,132,544
104000144,157,161,-4
104000145,246,127,119
104000146,133,431,-298
104000147,164,407,-243
104000148,383,148,235
104000149,136,62,74
104000150,1218,194,1024
104000151,446,107,339
104000152,759,157,602
104000153,938,463,475
104000154,407,128,279
104000155,488,641,-153
104000157,1118,390,728
104000158,40,252,-212
104000159,784,248,536
104000160,1502,2389,-887
104000161,189,79,110
104000162,48,37,11
104000165,582,517,65
104000167,641,1691,-1050
104000168,1315,13,1302
104000169,280,29,251
104000170,106,206,-100
104000248,488,384,104
104000251,50,83,-33
104000272,0,0,0
104000273,0,0,0
104000274,0,0,0
104000275,0,0,0
104000279,589,408,181
104000290,78,218,-140
104000291,312,938,-626
104000293,1352,780,572
104000294,225,0,225
104000295,788,605,183
104000296,643,334,309
104000297,1045,1356,-311
104000298,1516,594,922
104000299,850,495,355
104900001,40,66,-26
104900002,59,341,-282
104900003,79,79,0
104900004,111,51,60
104900005,977,208,769
104900006,921,35,886
104900007,795,62,733
104900009,209,111,98
104900010,74,7,67
104900011,14,3,11
104900012,187,37,150
104900013,35,26,9
104900014,805,144,661
104900015,79,7,72
104900016,143,41,102
104900017,97,58,39
104900018,3,28,-25
104900019,118,6080,-5962
104900020,24,152,-128
104900021,0,29,-29
104900022,13,91,-78
104900023,3,27,-24
104900024,39,155,-116
104900025,33,117,-84
104900026,1,24,-23
104900027,964,220,744
104900028,22,141,-119
104900029,10,24,-14
104900030,623,136,487
104900031,24,197,-173
104900032,3,64,-61
104900033,332,78,254
104900034,339,193,146
104900035,553,312,241
104900036,434,30,404
104900037,258,55,203
104900038,67,2061,-1994
104900039,177,820,-643
104900040,684,13,671
104900041,395,70,325
104900042,207,108,99
104900043,20,558,-538
104900044,1104,61,1043
104900045,169,55,114
104900046,879,54,825
104900047,482,74,408
104900048,500,38,462
104900049,147,54,93
104900050,936,34,902
104900051,394,10,384
104900052,291,1,290
104900053,439,38,401
104900054,324,36,288
104900055,485,1,484
104900056,464,9,455
104900057,109,1,108
104900058,512,248,264
104900059,219,25,194
104900060,0,216,-216
104900061,147,57,90
104900063,2,94,-92
104900064,0,86,-86
104900065,1,182,-181
104900066,1,48,-47
104900067,4,584,-580
104900068,70,132,-62
104900070,36,101,-65
104900071,2,166,-164
104900072,39,74,-35
104900073,138,44,94
104900074,73,27,46
104900075,68,19,49
104900076,210,72,138
104900077,283,106,177
104900078,178,82,96
104900079,77,1434,-1357
104900080,179,97,82
104900082,1,112,-111
104900085,3,94,-91
104900087,391,8,383
104900089,788,3,785
104900090,1923,584,1339
104900091,248,204,44
104900093,181,200,-19
104900097,703,3500,-2797
104900098,317,33,284
104900099,57,798,-741
104900100,173,68,105
104900102,62,69,-7
104900103,163,60,103
104900104,887,1325,-438
104900106,308,79,229
104900107,93,109,-16
104900108,32,74,-42
104900109,91,182,-91
104900110,15,20,-5
104900111,166,42,124
104900112,539,169,370
104900113,1002,116,886
104900114,875,266,609
104900115,1283,94,1189
104900116,839,53,786
104900118,5,7,-2
104900119,0,21,-21
104900120,7,1245,-1238
104900121,0,19,-19
104900122,0,35,-35
104900123,408,28,380
104900124,290,15,275
104900125,382,3,379
104900126,8,13,-5
104900127,28,6,22
104900128,171,78,93
104900129,674,3602,-2928
105000001,2215,890,1325
105000002,1883,1256,627
105000003,1991,2893,-902
105000004,1237,695,542
105000005,1915,1129,786
105000006,1251,1588,-337
105000007,1614,2101,-487
105000008,604,2524,-1920
105000009,3646,3372,274
105000010,1729,582,1147
105000011,2915,2812,103
105000012,1408,1055,353
105000013,1148,1178,-30
105000014,3810,2910,900
105000015,6575,13957,-7382
105000016,720,726,-6
105000017,1398,888,510
105000018,545,1422,-877
105000019,959,1072,-113
105000020,44,462,-418
105000021,232,143,89
105000022,69,115,-46
105000023,768,92,676
105000028,37,43,-6
105000029,678,911,-233
105000030,1906,1496,410
105000033,757,587,170
105000034,81,1486,-1405
105000037,535,66,469
105000038,745,1172,-427
105000039,468,546,-78
105000040,963,1090,-127
105000041,214,368,-154
105000042,1714,935,779
105000043,499,417,82
105000044,1580,200,1380
105000045,263,289,-26
105000046,1124,172,952
105000047,436,190,246
105000048,1228,223,1005
105000049,278,264,14
105000050,864,350,514
105000051,159,213,-54
105000052,695,830,-135
105000053,56,37,19
105000054,607,554,53
105000055,732,143,589
105000056,2216,1226,990
105000057,1720,581,1139
105000058,1104,651,453
105000059,1990,592,1398
105000060,603,331,272
105000061,1806,463,1343
105000062,535,439,96
105000063,252,243,9
105000064,3662,646,3016
105000065,487,272,215
105000066,790,702,88
105000067,1949,708,1241
105000068,225,500,-275
105000069,979,3575,-2596
105000070,437,1081,-644
105000071,149,1983,-1834
105000072,779,6961,-6182
105000073,1503,718,785
105000074,312,333,-21
105000075,636,385,251
105000076,1011,617,394
105000077,1720,566,1154
105000078,682,962,-280
105000079,552,1425,-873
105000080,1638,2267,-629
105000081,773,542,231
105000082,625,1137,-512
105000083,1544,2514,-970
105000084,401,415,-14
105000085,2613,1568,1045
105000086,676,639,37
105000087,1289,1211,78
105000088,1758,3143,-1385
105000089,1319,756,563
105000090,292,258,34
105000091,371,383,-12
105000092,337,369,-32
105000093,232,338,-106
105000094,145,89,56
105000095,200,516,-316
105000096,1290,1673,-383
105000097,501,349,152
105000098,1529,1209,320
105000099,371,699,-328
105000100,2687,773,1914
105000101,2242,704,1538
105000102,2565,866,1699
105000103,1012,955,57
105000104,2952,1838,1114
105000105,1299,1387,-88
105000106,2186,526,1660
105000107,2417,682,1735
105000108,2550,765,1785
105000109,3721,502,3219
105000110,1378,219,1159
105000111,1941,211,1730
105000112,919,265,654
105000113,344,767,-423
105000114,846,1135,-289
105000115,209,2279,-2070
105000116,1567,576,991
105000117,678,216,462
105000118,1776,309,1467
105000119,656,285,371
105000120,2636,453,2183
105000121,1115,327,788
105000122,487,582,-95
105000123,309,400,-91
105000124,2739,382,2357
105000125,1366,702,664
105000126,2489,832,1657
105000127,3215,870,2345
105000128,964,1093,-129
105000129,1728,200,1528
105000130,123,3985,-3862
105000131,260,80,180
105000132,1798,926,872
105000133,286,372,-86
105000134,2087,196,1891
105000135,186,226,-40
105000136,12,18,-6
105000137,786,87,699
105000138,20,21,-1
105000139,748,261,487
105000140,411,200,211
105000141,441,221,220
105000142,257,318,-61
105000143,213,209,4
105000144,411,223,188
105000145,789,185,604
105000146,422,292,130
105000147,714,245,469
105000148,602,457,145
105000149,4260,993,3267
105000150,1239,290,949
105000151,1173,301,872
105000152,247,328,-81
105000153,1558,218,1340
105000154,747,283,464
105000155,473,292,181
105000156,302,348,-46
105000157,681,580,101
105000158,3257,420,2837
105000159,299,407,-108
105000160,5090,430,4660
105000161,679,397,282
105000162,782,3504,-2722
105000163,575,447,128
105000164,113,284,-171
105000165,638,11987,-11349
105000166,2657,2818,-161
105000167,959,4538,-3579
105000168,476,325,151
105000169,1245,90,1155
105000170,887,700,187
105000171,1202,154,1048
105000172,630,9,621
105000173,979,12,967
105000174,229,16,213
105000175,241,26,215
105000176,1253,56,1197
105000177,561,270,291
105000178,545,113,432
105000179,1984,73,1911
105000180,762,54,708
105000181,213,74,139
105000182,97,22,75
105000183,1612,3339,-1727
105000184,156,350,-194
105000185,338,846,-508
105000186,345,553,-208
105000187,853,349,504
105000188,128,84,44
105000189,78,318,-240
105000190,304,214,90
105000191,366,236,130
105000192,357,63,294
105000193,85,77,8
105000194,661,32,629
105000195,387,292,95
105000196,57,258,-201
105000197,80,281,-201
105000198,119,62,57
105000199,74,514,-440
105000200,150,445,-295
105000201,89,9,80
105000203,39,78,-39
105000204,87,61,26
105000205,44,40,4
105000207,137,32,105
105000208,72,322,-250
105000209,247,62,185
105000212,1197,396,801
105000213,44,58,-14
105000214,58,88,-30
105000215,336,136,200
105000216,218,55,163
105000217,327,43,284
105000218,3497,625,2872
105000221,121,149,-28
105000222,530,144,386
105000223,504,115,389
105000226,198,67,131
105000227,71,62,9
105000228,38,1588,-1550
105000229,161,649,-488
105000231,310,160,150
105000233,1228,756,472
105000234,278,504,-226
105000235,644,489,155
105000237,1603,41,1562
105000243,58,67,-9
105000248,47,38,9
105000262,646,238,408
105000269,144,127,17
105000270,1245,10,1235
105000271,0,162,-162
105000282,40,52,-12
105000287,154,73,81
105000288,1364,379,985
105000289,318,925,-607
105000290,46,4,42
105000402,1234,4617,-3383
105000426,141,270,-129
105000438,542,678,-136
105000446,4379,2575,1804
105000447,1320,843,477
105000454,829,72,757
105000455,124,53,71
105000474,195,1,194
105000477,1717,399,1318
105000478,2367,5366,-2999
105000479,121,127,-6
105000480,2927,4858,-1931
105000481,3780,3458,322
105000482,1609,1784,-175
105000483,1800,2450,-650
105000484,902,1083,-181
105000485,1012,2461,-1449
105000486,1037,1356,-319
105000488,1423,1268,155
105000489,1832,716,1116
105000549,146,139,7
105000550,391,379,12
105000551,16,63,-47
105000552,1232,549,683
105900001,5,1370,-1365
105900002,490,1688,-1198
105900003,3,162,-159
105900004,222,53,169
105900005,9,184,-175
105900006,10,36,-26
105900007,43,34,9
105900008,127,149,-22
105900009,24,21,3
105900011,133,24,109
105900012,467,68,399
105900013,3,32,-29
105900014,3,57,-54
105900015,48,188,-140
105900016,1061,178,883
105900017,2703,12,2691
105900018,73,148,-75
105900019,139,60,79
105900020,77,35,42
105900021,57,105,-48
105900022,396,114,282
105900023,11,52,-41
105900024,2,298,-296
105900025,434,16,418
105900026,83,7,76
105900027,7422,3552,3870
105900028,136,388,-252
105900029,1275,213,1062
105900030,152,183,-31
105900031,475,60,415
105900032,174,64,110
105900033,107,108,-1
105900034,581,106,475
105900035,776,233,543
105900036,155,48,107
105900037,228,21,207
105900038,95,234,-139
105900039,208,24,184
105900040,217,77,140
105900041,174,69,105
105900042,147,207,-60
105900043,589,43,546
105900044,1,528,-527
105900045,4,1790,-1786
105900046,1,113,-112
105900047,7,58,-51
105900048,145,289,-144
105900050,953,3204,-2251
105900051,17,644,-627
105900052,1310,195,1115
105900053,1875,4949,-3074
105900054,94,124,-30
105900056,342,776,-434
105900057,2,49,-47
105900058,6,10,-4
105900059,1,223,-222
106000001,1750,2327,-577
106000002,573,1755,-1182
106000003,3371,3999,-628
106000004,1060,1558,-498
106000005,4262,2900,1362
106000006,3271,1006,2265
106000007,573,135,438
106000008,224,184,40
106000009,500,119,381
106000010,228,220,8
106000011,2290,678,1612
106000012,776,449,327
106000013,1767,982,785
106000014,1066,755,311
106000015,2799,607,2192
106000016,1329,802,527
106000017,936,484,452
106000018,430,328,102
106000019,528,239,289
106000020,355,187,168
106000021,374,229,145
106000022,309,103,206
106000023,856,151,705
106000024,601,217,384
106000025,211,132,79
106000026,72,91,-19
106000027,2413,923,1490
106000028,753,225,528
106000029,594,498,96
106000030,132,364,-232
106000034,57,231,-174
106000035,1065,1202,-137
106000036,45,364,-319
106000037,765,512,253
106000038,18,283,-265
106000039,23,210,-187
106000040,73,691,-618
106000041,473,413,60
106000043,256,153,103
106000046,301,38,263
106000047,45,252,-207
106000049,1331,73,1258
106000050,231,273,-42
106000051,1255,510,745
106000052,110,148,-38
106000053,712,91,621
106000054,89,88,1
106000055,1261,339,922
106000056,134,136,-2
106000057,708,153,555
106000058,44,29,15
106000059,614,234,380
106000060,119,137,-18
106000061,210,795,-585
106000062,112,115,-3
106000063,1101,923,178
106000064,6,129,-123
106000065,668,192,476
106000066,116,308,-192
106000067,764,36,728
106000068,152,185,-33
106000069,758,69,689
106000070,279,108,171
106000071,987,119,868
106000072,1988,1007,981
106000073,1271,6823,-5552
106000074,613,409,204
106000075,305,768,-463
106000076,1049,956,93
106000077,1563,387,1176
106000078,1549,239,1310
106000079,1035,363,672
106000080,1507,254,1253
106000081,1215,434,781
106000082,1376,254,1122
106000083,579,636,-57
106000084,742,288,454
106000085,1126,740,386
106000086,397,231,166
106000087,908,208,700
106000088,308,284,24
106000089,945,124,821
106000090,445,180,265
106000091,189,289,-100
106000092,1037,115,922
106000093,816,40,776
106000094,98,101,-3
106000095,1752,223,1529
106000096,2048,264,1784
106000097,1838,438,1400
106000098,1166,302,864
106000099,140,231,-91
106000100,2328,131,2197
106000101,1004,62,942
106000102,72,227,-155
106000103,240,204,36
106000104,1322,206,1116
106000105,229,262,-33
106000106,1497,109,1388
106000107,222,117,105
106000108,563,70,493
106000109,200,92,108
106000110,612,106,506
106000111,183,119,64
106000112,314,954,-640
106000113,336,259,77
106000114,494,1183,-689
106000115,207,186,21
106000116,420,141,279
106000117,625,227,398
106000118,1601,1162,439
106000119,489,231,258
106000120,1174,2269,-1095
106000121,472,105,367
106000122,526,99,427
106000123,1190,60,1130
106000124,393,69,324
106000125,83,113,-30
106000126,557,48,509
106000127,2202,411,1791
106000128,1640,110,1530
106000129,993,163,830
106000130,1844,142,1702
106000131,135,774,-639
106000132,707,88,619
106000133,962,2054,-1092
106000134,537,4156,-3619
106000135,117,391,-274
106000136,1256,2024,-768
106000137,103,575,-472
106000138,3832,62,3770
106000139,101,75,26
106000140,59,16,43
106000141,137,24,113
106000142,211,34,177
106000143,30,23,7
106000144,113,42,71
106000145,978,120,858
106000146,867,99,768
106000147,517,211,306
106000148,500,449,51
106000149,912,166,746
106000150,1141,2532,-1391
106000151,2425,416,2009
106000152,791,2394,-1603
106000153,79,1474,-1395
106000154,689,86,603
106000155,259,221,38
106000156,2508,95,2413
106000157,539,1633,-1094
106000158,900,375,525
106000159,1752,2533,-781
106000160,871,5685,-4814
106000161,592,125,467
106000162,568,1987,-1419
106000163,336,158,178
106000164,1086,177,909
106000165,150,216,-66
106000166,1914,95,1819
106000167,640,329,311
106000168,1573,121,1452
106000169,349,265,84
106000170,1705,95,1610
106000171,308,592,-284
106000172,3277,741,2536
106000173,917,1187,-270
106000174,1922,151,1771
106000175,196,266,-70
106000176,3562,441,3121
106000177,1268,698,570
106000178,3992,574,3418
106000179,783,595,188
106000180,1379,397,982
106000181,3274,1062,2212
106000182,2676,233,2443
106000183,2700,191,2509
106000184,1788,298,1490
106000185,2817,1858,959
106000186,231,42,189
106000187,65,1850,-1785
106000188,0,1,-1
106000189,20,12,8
106000190,31,1,30
106000191,403,46,357
106000192,0,0,0
106000193,203,343,-140
106000194,110,367,-257
106000195,239,157,82
106000196,82,625,-543
106000197,867,301,566
106000198,283,90,193
106000199,504,2591,-2087
106000200,286,252,34
106000201,385,11264,-10879
106000202,2231,725,1506
106000203,3,87,-84
106000204,111,2,109
106000205,7,116,-109
106000206,67,15,52
106000207,8,209,-201
106000208,2551,87,2464
106000209,3256,189,3067
106000210,432,286,146
106000211,179,747,-568
106000212,1713,261,1452
106000213,221,687,-466
106000214,1195,194,1001
106000215,375,324,51
106000216,841,220,621
106000217,130,213,-83
106000218,318,132,186
106000219,124,153,-29
106000220,890,89,801
106000221,365,61,304
106000222,137,35,102
106000223,659,74,585
106000224,383,66,317
106000225,97,133,-36
106000226,53,74,-21
106000228,24,80,-56
106000229,170,348,-178
106000231,2095,58,2037
106000232,118,196,-78
106000233,1098,65,1033
106000234,43,599,-556
106000235,397,410,-13
106000236,139,560,-421
106000237,2,14,-12
106000238,14,30,-16
106000239,0,149,-149
106000240,40,0,40
106000241,5,492,-487
106000242,320,26,294
106000249,236,72,164
106000250,55,825,-770
106000251,178,11,167
106000252,58,148,-90
106000253,177,51,126
106000254,188,18,170
106000255,101,184,-83
106000256,74,10,64
106000257,96,133,-37
106000258,61,194,-133
106000259,7,355,-348
106000260,35,5,30
106000261,14,74,-60
106000262,65,11,54
106000263,84,54,30
106000264,161,4,157
106000265,42,84,-42
106000266,165,39,126
106000267,37,68,-31
106000268,219,20,199
106000269,44,24,20
106000270,89,195,-106
106000271,78,36,42
106000272,105,13,92
106000273,8,72,-64
106000274,135,4,131
106000275,298,95,203
106000276,28,2,26
106000277,139,108,31
106000278,48,7,41
106000279,16,9,7
106000280,122,19,103
106000281,61,14,47
106000282,108,28,80
106000283,71,15,56
106000284,247,18,229
106000285,96,58,38
106000286,168,29,139
106000287,42,31,11
106000288,212,48,164
106000289,110,25,85
106000290,75,41,34
106000291,145,19,126
106000292,203,15,188
106000293,156,57,99
106000294,142,25,117
106000295,36,61,-25
106000296,27,42,-15
106000297,34,106,-72
106000298,27,105,-78
106000299,31,44,-13
106000300,35,73,-38
106000301,34,75,-41
106000303,115,28,87
106000304,61,8,53
106000305,209,20,189
106000306,93,42,51
106000307,310,5,305
106000308,37,50,-13
106000309,17,19,-2
106000310,376,110,266
106000311,481,102,379
106000312,202,54,148
106000313,374,39,335
106000318,20,431,-411
106000319,2436,424,2012
106000320,8,137,-129
106000321,192,442,-250
106000322,380,32,348
106000324,165,75,90
106000325,2399,408,1991
106000326,503,591,-88
106000327,429,29,400
106000328,2,50,-48
106000329,31,154,-123
106000330,28,110,-82
106000428,123,149,-26
106000429,148,89,59
106000430,257,668,-411
106000431,3170,274,2896
106000432,492,987,-495
106000433,2694,795,1899
106000434,4208,812,3396
106000435,804,915,-111
106000436,7,124,-117
106000437,1214,90,1124
106000438,224,741,-517
106000439,70,704,-634
106000440,187,195,-8
106000441,4,0,4
106000442,441,10,431
106000443,371,60,311
106000450,0,74,-74
106000451,41,233,-192
106000454,1,108,-107
106000455,0,75,-75
106000456,193,37,156
106000457,40,225,-185
106000458,2028,52,1976
106000459,683,63,620
106000460,3229,20,3209
106000461,460,194,266
106000462,1,64,-63
106000463,49,28,21
106000464,0,118,-118
106000465,1494,5,1489
106000466,0,134,-134
106000467,64,169,-105
106000468,324,61,263
106000469,71,1,70
106000470,149,2940,-2791
106000471,18,169,-151
106000472,419,9,410
106000473,44,9,35
106000474,223,260,-37
106000475,617,154,463
106000476,88,278,-190
106000477,7,17,-10
106900001,0,6,-6
106900002,0,141,-141
106900003,73,550,-477
106900004,3,7,-4
106900006,0,2,-2
106900007,0,5,-5
106900008,1030,46,984
106900009,738,89,649
106900010,615,128,487
106900012,587,4143,-3556
106900013,837,245,592
106900014,101,1,100
106900015,25,4,21
106900016,694,60,634
106900017,31,0,31
106900018,49,1,48
106900019,376,4,372
106900020,832,3415,-2583
106900021,258,45,213
106900022,2700,17,2683
106900023,180,61,119
106900024,866,75,791
106900025,24,215,-191
106900026,1,100,-99
106900027,1843,5,1838
107000001,2250,2533,-283
107000002,1035,899,136
107000003,9422,7076,2346
107000004,2056,903,1153
107000005,11481,5935,5546
107000006,2118,1140,978
107000007,4921,6368,-1447
107000008,2349,1699,650
107000009,9635,5714,3921
107000010,3540,2591,949
107000011,317,375,-58
107000012,1269,919,350
107000013,145,24,121
107000014,131,68,63
107000015,424,199,225
107000016,1079,284,795
107000017,477,720,-243
107000018,3,693,-690
107000020,600,599,1
107000021,873,262,611
107000022,1005,975,30
107000023,1747,110,1637
107000024,646,1221,-575
107000025,337,161,176
107000026,267,321,-54
107000027,2105,400,1705
107000028,1206,350,856
107000029,4202,2262,1940
107000030,1536,935,601
107000031,6307,2386,3921
107000032,199,447,-248
107000033,1487,3451,-1964
107000034,2076,664,1412
107000035,362,114,248
107000036,369,1197,-828
107000037,139,478,-339
107000038,154,71,83
107000039,900,473,427
107000040,337,120,217
107000041,629,326,303
107000042,374,2346,-1972
107000043,807,416,391
107000044,148,116,32
107000045,57,83,-26
107000046,730,219,511
107000047,224,336,-112
107000048,340,117,223
107000049,299,257,42
107000050,596,172,424
107000051,238,175,63
107000052,450,1412,-962
107000053,257,353,-96
107000054,24,108,-84
107000055,125,64,61
107000056,355,396,-41
107000057,795,94,701
107000058,1880,1722,158
107000059,1502,1395,107
107000060,6687,3291,3396
107000061,2696,1200,1496
107000062,8897,1960,6937
107000063,2602,1380,1222
107000064,7213,3779,3434
107000065,1669,1918,-249
107000066,1201,3079,-1878
107000067,1273,899,374
107000068,710,627,83
107000069,1297,759,538
107000070,1335,4,1331
107000071,6158,54,6104
107000072,3,584,-581
107000073,1842,1159,683
107000074,79,335,-256
107000075,2196,119,2077
107000076,209,431,-222
107000077,3625,345,3280
107000078,477,468,9
107000079,3757,631,3126
107000080,296,649,-353
107000081,5412,489,4923
107000082,326,414,-88
107000083,2075,1176,899
107000084,131,489,-358
107000085,2342,2014,328
107000086,2227,1502,725
107000087,2938,1865,1073
107000088,1795,1526,269
107000089,1515,1854,-339
107000090,1042,550,492
107000091,2121,566,1555
107000092,773,534,239
107000093,1764,717,1047
107000094,629,388,241
107000095,1893,702,1191
107000096,493,415,78
107000097,662,481,181
107000098,124,271,-147
107000099,655,315,340
107000100,296,202,94
107000101,146,172,-26
107000102,169,197,-28
107000103,484,120,364
107000104,219,196,23
107000105,679,136,543
107000106,136,105,31
107000107,944,209,735
107000108,169,172,-3
107000109,1904,138,1766
107000110,51,115,-64
107000111,983,17,966
107000112,13,104,-91
107000113,1784,64,1720
107000114,35,149,-114
107000115,1149,741,408
107000116,66,280,-214
107000117,252,3021,-2769
107000118,62,76,-14
107000119,1092,1992,-900
107000120,381,725,-344
107000121,922,260,662
107000122,499,334,165
107000123,754,292,462
107000124,738,172,566
107000125,1024,197,827
107000126,838,107,731
107000127,28,279,-251
107000129,181,224,-43
107000130,311,313,-2
107000131,292,219,73
107000132,955,96,859
107000133,315,28,287
107000134,273,4,269
107000135,4,227,-223
107000136,506,5,501
107000137,2,283,-281
107000138,69,17,52
107000139,1,340,-339
107000140,1798,41,1757
107000141,66,732,-666
107000142,601,39,562
107000143,18,608,-590
107000144,410,804,-394
107000145,39,492,-453
107000146,110,362,-252
107000147,2334,439,1895
107000150,131,5334,-5203
107000151,6,18,-12
107000152,338,3622,-3284
107000153,45,137,-92
107000154,1,95,-94
107000155,1306,8,1298
107000156,1715,2,1713
107000157,1,257,-256
107000158,898,9,889
107000159,3,185,-182
107000160,2776,168,2608
107000161,37,274,-237
107000162,265,794,-529
107000163,652,1,651
107000164,1566,1,1565
107000165,2420,6,2414
107000166,3,178,-175
107000167,1385,307,1078
107000168,1173,527,646
107000169,130,192,-62
107000170,5556,641,4915
107000171,459,340,119
107000172,1950,2531,-581
107000173,261,177,84
107000174,1254,8181,-6927
107000175,2079,289,1790
107000176,0,0,0
107000177,2,0,2
107000178,228,24,204
107000179,418,548,-130
107000180,2410,96,2314
107000181,489,281,208
107000182,2573,279,2294
107000183,196,250,-54
107000184,2082,237,1845
107000185,327,399,-72
107000186,976,120,856
107000187,1365,559,806
107000188,862,138,724
107000189,1091,284,807
107000190,1032,220,812
107000191,1243,365,878
107000192,1746,173,1573
107000193,406,244,162
107000194,401,181,220
107000197,875,105,770
107000198,467,297,170
107000199,473,463,10
107000200,936,672,264
107000201,190,215,-25
107000202,248,324,-76
107000203,387,530,-143
107000204,487,1267,-780
107000205,433,326,107
107000206,161,916,-755
107000207,245,408,-163
107000208,203,484,-281
107000209,459,452,7
107000210,65,79,-14
107000211,5,24,-19
107000212,6,79,-73
107000213,4,3,1
107000214,20,45,-25
107000215,753,72,681
107000216,540,110,430
107000217,323,86,237
107000219,92,204,-112
107000220,115,60,55
107000222,234,157,77
107000224,585,123,462
107000225,152,98,54
107000226,1062,180,882
107000227,130,78,52
107000228,42,646,-604
107000229,18,141,-123
107000230,596,339,257
107000231,139,531,-392
107000232,144,3,141
107000233,95,246,-151
107000234,4,76,-72
107000235,95,32,63
107000236,7,584,-577
107000237,105,0,105
107000238,46,1,45
107000239,1243,631,612
107000240,61,145,-84
107000241,63,4,59
107000242,128,13,115
107000243,0,38,-38
107000244,5,26,-21
107000246,1,314,-313
107000249,0,295,-295
107000251,0,50,-50
107000252,1,148,-147
107000255,205,240,-35
107000257,2,686,-684
107000258,1,200,-199
107000259,2,66,-64
107000260,2486,20,2466
107000262,15,159,-144
107000263,958,23,935
107000266,21,13,8
107000267,28,35,-7
107000268,237,32,205
107000269,34,2,32
107000270,236,27,209
107000271,11,0,11
107000272,86,0,86
107000273,2,386,-384
107000274,566,64,502
107000275,10,593,-583
107000280,1928,20,1908
107000281,34,166,-132
107000282,13,317,-304
107000290,0,19,-19
107000291,8,1,7
107000292,2,47,-45
107000293,0,1,-1
107000294,0,66,-66
107000295,7,1,6
107000296,0,22,-22
107000444,281,3,278
107000496,49,10,39
107000497,635,747,-112
107000500,579,121,458
107000501,82,105,-23
107000502,263,189,74
107000505,170,365,-195
107000506,0,0,0
107000508,0,82,-82
107000509,54,717,-663
107000510,93,36,57
107000514,17,302,-285
107000515,24,59,-35
107000516,648,314,334
107000518,1895,4700,-2805
107000519,458,296,162
107000520,284,81,203
107900001,112,18,94
107900002,38,5,33
107900003,863,16,847
107900004,473,0,473
107900005,4679,47,4632
107900006,232,15,217
107900007,437,52,385
107900008,14,4,10
107900009,90,14,76
107900010,118,2,116
107900012,370,47,323
107900013,159,8,151
107900014,410,5,405
107900015,3680,46,3634
107900016,125,17,108
107900017,113,1,112
107900018,37,512,-475
107900019,9,8,1
107900020,9,11,-2
107900021,405,25,380
107900023,17,5,12
107900024,0,1,-1
107900025,217,42,175
107900026,143,13,130
107900027,10,47,-37
107900028,523,15,508
107900030,300,20,280
107900031,98,58,40
107900032,167,0,167
107900033,46,12,34
107900034,346,11,335
107900035,2791,197,2594
107900036,49,58,-9
107900037,0,10,-10
107900038,21,412,-391
107900039,49,15,34
107900040,0,180,-180
107900041,0,1,-1
107900043,72,35,37
107900044,4,20,-16
107900045,140,41,99
107900046,410,442,-32
107900047,118,9,109
107900048,465,29,436
107900049,225,1603,-1378
107900050,30,86,-56
107900051,96,39,57
107900052,5,110,-105
107900053,181,40,141
107900055,446,156,290
107900056,74,238,-164
107900057,1,0,1
107900058,57,220,-163
107900060,14,28,-14
107900061,5,9,-4
107900063,77,84,-7
107900064,151,1060,-909
107900065,1195,26,1169
107900066,32,8,24
107900067,1,1,0
107900068,151,709,-558
107900069,12,4566,-4554
107900070,224,223,1
107900071,31,145,-114
107900072,233,41,192
107900073,98,129,-31
107900074,119,531,-412
107900076,207,33,174
107900077,151,0,151
107900078,125,20,105
107900079,14,37,-23
107900080,76,539,-463
107900081,51,7,44
107900082,0,3,-3
107900083,304,96,208
107900084,326,164,162
107900086,3,356,-353
107900087,195,28,167
107900088,178,2,176
107900089,110,448,-338
107900090,356,2252,-1896
107900091,76,67,9
107900092,709,106,603
107900093,63,27,36
107900095,1101,847,254
107900097,87,27,60
107900098,175,227,-52
107900100,206,2051,-1845
107900101,197,40,157
107900102,47,1,46
107900103,55,66,-11
107900104,240,1,239
107900105,0,84,-84
107900106,0,182,-182
107900107,522,255,267
107900108,82,12,70
107900109,2740,29,2711
107900110,147,10,137
107900111,0,115,-115
107900112,42,516,-474
107900113,312,27,285
107900114,281,40,241
107900115,1,8,-7
107900116,425,46,379
107900117,176,146,30
107900118,27,82,-55
107900119,240,361,-121
107900120,29,9,20
107900121,5,57,-52
107900122,0,76,-76
107900123,23,102,-79
107900124,6,15,-9
107900125,28,62,-34
107900126,38,29,9
107900127,337,145,192
107900128,92,33,59
107900129,228,4,224
107900130,270,9,261
107900131,54,71,-17
107900132,15,212,-197
107900133,0,24,-24
107900134,14,49,-35
107900135,1,23,-22
107900136,9,24,-15
107900137,71,22,49
107900138,207,11,196
107900139,107,13,94
107900140,30,47,-17
107900141,17,13,4
107900142,34,325,-291
107900143,23,28,-5
107900144,1,15,-14
107900145,0,22,-22
107900146,29,65,-36
107900147,48,37,11
107900148,103,134,-31
107900149,349,32,317
107900150,2,163,-161
107900151,32,13,19
107900152,0,48,-48
107900153,277,165,112
107900154,48,41,7
107900155,218,23,195
107900156,3,34,-31
107900157,2,44,-42
107900158,2674,142,2532
107900159,5,255,-250
107900160,172,29,143
107900161,142,19,123
107900162,0,44,-44
107900163,27,17,10
107900164,53,9,44
107900165,13,447,-434
107900166,38,46,-8
107900167,44,52,-8
107900168,97,5,92
107900169,3,1825,-1822
107900171,16,207,-191
107900172,1,105,-104
107900173,72,28,44
107900174,161,9,152
107900175,2,75,-73
107900176,76,11,65
107900177,8,82,-74
107900178,0,118,-118
107900179,38,49,-11
107900180,143,1384,-1241
107900181,131,327,-196
107900182,0,111,-111
107900183,132,28,104
107900184,164,206,-42
107900185,158,5,153
107900186,25,11,14
107900187,0,79,-79
107900188,840,63,777
107900189,58,59,-1
107900190,7,58,-51
107900191,64,69,-5
107900193,3,101,-98
107900194,214,14,200
107900195,1369,150,1219
107900196,52,25,27
107900197,102,120,-18
107900199,1,224,-223
107900201,50,20,30
107900203,13,20,-7
107900204,39,115,-76
107900205,163,119,44
107900206,132,654,-522
107900207,5,93,-88
107900208,1,140,-139
107900209,153,74,79
107900210,27,24,3
107900213,296,167,129
107900214,2,51,-49
107900215,94,227,-133
107900216,7,7,0
107900217,23,39,-16
107900218,3,256,-253
107900219,107,20,87
107900220,33,63,-30
107900221,41,40,1
107900223,165,73,92
107900224,73,355,-282
107900225,3,156,-153
107900226,11,20,-9
107900227,36,83,-47
107900228,99,58,41
107900229,1,34,-33
107900230,39,10,29
107900231,55,26,29
107900232,262,17,245
107900233,1,29,-28
107900234,454,41,413
107900235,4,43,-39
107900236,569,26,543
107900237,4,95,-91
107900238,50,10,40
107900239,119,528,-409
107900240,104,13,91
107900241,20,20,0
107900242,14,47,-33
107900243,0,10,-10
107900244,366,1,365
107900245,1362,44,1318
107900246,296,29,267
107900248,717,62,655
107900249,1785,223,1562
107900250,0,146,-146
107900251,14,227,-213
107900252,1057,66,991
107900253,287,34,253
107900254,62,316,-254
107900255,83,16,67
107900256,401,665,-264
107900257,469,189,280
107900258,116,34,82
107900259,34,4947,-4913
107900261,1,89,-88
107900262,43,15,28
107900264,673,36,637
107900265,99,43,56
107900267,573,9,564
107900268,8,1,7
107900269,0,0,0
107900270,2,14,-12
107900271,2,49,-47
107900272,7,62,-55
107900273,69,14,55
107900274,247,0,247
107900275,57,5,52
107900276,0,9,-9
107900277,0,18,-18
107900278,645,102,543
107900279,8,11,-3
107900280,1613,838,775
107900281,821,11186,-10365
107900282,44,1226,-1182
107900283,416,934,-518
107900284,1040,256,784
107900285,205,26,179
107900286,5,31,-26
107900287,808,61,747
107900290,1,785,-784
107900291,642,18,624
107900292,156,66,90
107900293,30,74,-44
107900295,30,11,19
107900297,8,239,-231
107900298,441,329,112
107900299,1491,3149,-1658
107900300,48,249,-201
107900301,812,451,361
107900302,133,12,121
107900303,668,176,492
107900304,951,37,914
107900305,531,8,523
107900306,5,38,-33
107900307,7,113,-106
107900308,181,88,93
107900309,16,0,16
107900310,20,0,20
107900311,164,190,-26
107900312,25,0,25
107900313,3,119,-116
107900314,0,110,-110
107900315,0,37,-37
107900316,59,1,58
107900317,102,0,102
107900318,3,177,-174
107900319,8,18,-10
107900320,0,58,-58
107900321,313,19,294
107900322,2,19,-17
107900323,4,78,-74
107900324,91,1,90
107900325,292,0,292
107900326,1320,75,1245
107900327,58,132,-74
107900328,13,0,13
107900329,6,112,-106
107900330,28,50,-22
107900331,912,21,891
107900332,495,5,490
107900333,93,12,81
107900334,1,52,-51
107900335,5,30,-25
107900336,29,27,2
107900337,312,1146,-834
107900338,0,35,-35
107900339,0,37,-37
107900340,0,104,-104
107900341,45,0,45
107900342,51,16,35
107900343,20,0,20
107900344,6,213,-207
107900345,70,61,9
107900346,4,0,4
107900347,9,0,9
107900348,2,1,1
107900349,8,14,-6
107900350,5,57,-52
108000001,4759,2500,2259
108000002,713,736,-23
108000003,2615,1516,1099
108000004,5605,5798,-193
108000005,7371,3468,3903
108000006,2096,1714,382
108000007,5183,2421,2762
108000008,1720,1848,-128
108000009,6667,3285,3382
108000010,1580,1739,-159
108000011,11276,8576,2700
108000012,4605,5629,-1024
108000014,237,1157,-920
108000015,855,138,717
108000016,174,252,-78
108000017,1506,170,1336
108000018,1610,451,1159
108000019,842,313,529
108000020,1189,227,962
108000021,187,636,-449
108000022,405,392,13
108000023,2091,265,1826
108000024,499,92,407
108000025,725,76,649
108000026,915,78,837
108000027,1126,79,1047
108000028,777,98,679
108000029,874,151,723
108000030,472,132,340
108000031,214,388,-174
108000032,3246,463,2783
108000033,425,253,172
108000034,2273,425,1848
108000035,347,660,-313
108000036,302,286,16
108000037,3321,194,3127
108000038,4974,222,4752
108000039,324,535,-211
108000040,2904,901,2003
108000041,233,737,-504
108000042,796,49,747
108000043,123,128,-5
108000044,892,38,854
108000045,105,124,-19
108000046,2699,170,2529
108000047,225,247,-22
108000048,42,110,-68
108000049,948,113,835
108000050,51,108,-57
108000051,392,252,140
108000052,72,125,-53
108000053,487,255,232
108000054,178,346,-168
108000055,1140,302,838
108000056,228,444,-216
108000057,796,1139,-343
108000058,1393,5329,-3936
108000059,1118,620,498
108000060,238,287,-49
108000061,73,99,-26
108000062,1571,400,1171
108000063,470,265,205
108000064,442,134,308
108000065,507,253,254
108000066,1985,882,1103
108000067,3351,872,2479
108000068,1134,217,917
108000069,73,345,-272
108000070,2903,231,2672
108000071,309,462,-153
108000072,1542,377,1165
108000073,393,451,-58
108000074,1065,251,814
108000075,117,183,-66
108000076,1045,213,832
108000077,278,232,46
108000078,3780,601,3179
108000079,259,369,-110
108000080,3075,299,2776
108000081,410,430,-20
108000082,338,383,-45
108000083,2521,477,2044
108000084,216,462,-246
108000085,1470,326,1144
108000086,182,210,-28
108000087,103,2983,-2880
108000088,359,11,348
108000089,384,332,52
108000090,1055,39,1016
108000091,110,275,-165
108000092,659,91,568
108000093,230,225,5
108000094,1828,83,1745
108000095,282,144,138
108000096,1060,168,892
108000097,166,189,-23
108000098,3611,817,2794
108000099,353,43,310
108000100,88,133,-45
108000101,1379,811,568
108000102,981,2518,-1537
108000106,964,1,963
108000107,0,354,-354
108000108,841,104,737
108000109,0,240,-240
108000110,863,157,706
108000111,344,382,-38
108000112,57,128,-71
108000113,238,126,112
108000115,268,158,110
108000117,282,223,59
108000118,20,249,-229
108000119,464,121,343
108000120,251,1084,-833
108000121,319,157,162
108000122,1408,230,1178
108000123,934,167,767
108000124,559,223,336
108000125,961,102,859
108000126,480,192,288
108000127,1032,339,693
108000128,1142,128,1014
108000129,245,450,-205
108000130,729,280,449
108000131,774,50,724
108000132,202,214,-12
108000133,1592,74,1518
108000134,307,134,173
108000135,1632,823,809
108000136,372,248,124
108000137,584,167,417
108000138,499,145,354
108000139,713,165,548
108000140,950,17,933
108000141,35,18,17
108000142,21,31,-10
108000143,29,5,24
108000144,179,3,176
108000145,64,5,59
108000146,253,7,246
108000147,84,23,61
108000148,198,29,169
108000149,11,12,-1
108000150,86,30,56
108000151,1,3,-2
108000152,35,86,-51
108000153,1485,139,1346
108000154,21,0,21
108000155,84,17,67
108000156,204,108,96
108000157,193,2577,-2384
108000158,32,1055,-1023
108000159,86,85,1
108000160,1086,1775,-689
108000161,979,5785,-4806
108000165,5,869,-864
108000172,0,273,-273
108000173,387,2317,-1930
108000175,522,57,465
108000178,181,83,98
108000179,58,725,-667
108000181,66,13,53
108000182,34,3,31
108000183,1,3,-2
108000184,297,4803,-4506
108000185,725,82,643
108000186,459,9,450
108000187,149,150,-1
108000188,1773,79,1694
108000189,235,2115,-1880
108000190,13,47,-34
108000192,246,137,109
108000193,265,20,245
108000194,21,10,11
108000195,1,561,-560
108000196,158,188,-30
108000197,92,71,21
108000198,520,44,476
108000199,0,247,-247
108000200,1474,66,1408
108000202,2,325,-323
108000203,513,147,366
108000204,327,45,282
108000205,88,231,-143
108000339,403,276,127
108000364,48,83,-35
108000365,77,109,-32
108000367,70,66,4
108000368,7,51,-44
108000369,171,35,136
108000371,0,326,-326
108000372,1068,1,1067
108000373,258,42,216
108000376,298,16,282
108000377,1368,83,1285
108000378,8375,13568,-5193
108000379,32,178,-146
108000381,275,21,254
108000382,42,1,41
108000383,0,99,-99
108900001,12,107,-95
108900002,168,36,132
108900003,66,239,-173
108900004,2,479,-477
108900005,55,259,-204
108900006,883,165,718
108900007,495,112,383
108900008,294,36,258
108900009,214,158,56
108900010,638,79,559
108900011,1293,109,1184
108900012,692,128,564
108900013,172,228,-56
108900014,12,106,-94
108900015,0,48,-48
108900016,1,74,-73
108900017,83,238,-155
108900018,125,169,-44
108900019,31,165,-134
108900020,76,50,26
108900021,109,84,25
108900022,140,12,128
108900023,1,32,-31
108900024,30,20,10
108900025,537,20,517
108900026,20,28,-8
108900027,0,28,-28
108900028,174,67,107
108900029,48,125,-77
108900030,0,3,-3
108900031,137,75,62
108900032,1,39,-38
108900033,0,65,-65
108900034,2,40,-38
108900035,230,238,-8
108900036,136,149,-13
108900037,55,82,-27
108900038,1,51,-50
108900039,0,58,-58
108900040,7,45,-38
108900041,2929,3010,-81
108900042,2,265,-263
108900043,23,400,-377
108900044,0,76,-76
108900045,138,45,93
108900046,18,115,-97
108900047,1,87,-86
108900048,25,169,-144
108900049,509,3363,-2854
108900050,1,53,-52
108900051,0,34,-34
108900052,34,48,-14
108900053,81,559,-478
108900054,25,54,-29
108900055,20,143,-123
108900056,1,24,-23
108900057,1,21,-20
108900058,54,61,-7
108900059,1567,47,1520
108900060,85,87,-2
108900061,29,8,21
108900062,4,61,-57
108900063,47,160,-113
108900064,757,6,751
108900065,11,50,-39
108900066,713,42,671
108900067,5,78,-73
108900068,0,94,-94
108900069,164,14,150
108900070,16,29,-13
108900071,256,17,239
108900072,1319,142,1177
108900073,1,40,-39
108900074,579,50,529
108900075,12,8,4
108900076,792,14,778
108900077,43,156,-113
108900078,49,26,23
108900079,165,63,102
108900080,1,1254,-1253
108900081,16,90,-74
108900082,113,35,78
108900083,2,349,-347
108900084,110,70,40
108900085,675,41,634
108900086,337,52,285
108900087,39,69,-30
108900088,369,459,-90
108900089,8,67,-59
108900090,69,77,-8
108900091,119,63,56
108900092,395,252,143
108900093,100,35,65
108900094,233,102,131
108900095,15,93,-78
108900096,109,15,94
108900097,237,51,186
108900098,683,2056,-1373
108900099,426,64,362
108900100,49,63,-14
108900101,268,628,-360
108900102,6,1760,-1754
108900103,215,137,78
108900104,61,142,-81
108900105,9,3099,-3090
108900106,586,53,533
108900108,354,13,341
108900109,139,30,109
108900110,271,100,171
108900111,532,106,426
108900112,546,11,535
108900113,78,46,32
108900114,4,9,-5
108900115,303,153,150
108900116,147,5,142
108900117,554,12,542
108900118,1393,24,1369
108900119,831,35,796
108900120,294,205,89
108900121,363,74,289
108900122,429,13,416
108900123,539,69,470
108900124,1323,72,1251
108900125,1424,11,1413
108900126,200,90,110
108900127,514,45,469
108900128,592,38,554
108900129,2352,68,2284
108900130,1555,6,1549
108900131,917,6,911
108900132,795,52,743
108900133,533,41,492
108900134,914,70,844
108900135,618,19,599
108900136,10,0,10
108900137,503,0,503
108900138,1306,37,1269
108900139,1385,44,1341
108900140,1119,50,1069
108900141,956,19,937
108900142,51,18,33
108900143,174,0,174
108900144,216,0,216
108900145,390,12,378
108900146,192,7,185
108900147,687,0,687
108900148,51,4,47
108900149,345,142,203
108900150,177,10,167
108900151,26,2,24
108900152,230,66,164
108900153,320,52,268
108900154,8265,292,7973
108900155,411,52,359
108900156,223,4,219
108900157,4,77,-73
108900158,1158,59,1099
108900159,24,77,-53
108900160,20,117,-97
108900161,14,279,-265
108900162,338,0,338
108900163,7,454,-447
108900164,36,9,27
108900165,48,30,18
108900167,442,15664,-15222
108900168,2188,1839,349
108900169,32,63,-31
108900171,2220,4597,-2377
108900172,165,67,98
108900173,67,110,-43
108900174,1201,230,971
108900176,57,129,-72
108900177,1499,11443,-9944
108900178,1177,6844,-5667
108900179,189,1593,-1404
108900180,54,134,-80
108900182,79,305,-226
108900183,237,107,130
108900184,349,174,175
108900185,36,141,-105
108900186,80,181,-101
108900187,1230,35,1195
108900188,1535,41,1494
108900189,424,42,382
108900190,12,612,-600
108900191,111,209,-98
108900192,31,105,-74
108900193,9,44,-35
108900194,1,54,-53
108900195,87,67,20
108900196,20,70,-50
108900198,0,161,-161
108900199,220,220,0
108900200,800,446,354
108900201,196,579,-383
108900203,630,69,561
108900204,540,3,537
108900205,338,20,318
108900206,730,103,627
108900207,390,464,-74
108900208,17,90,-73
108900209,91,199,-108
108900210,95,103,-8
108900211,148,613,-465
108900212,71,1903,-1832
108900215,58,171,-113
108900216,144,477,-333
108900217,48,0,48
108900218,53,5,48
108900219,15,1,14
108900220,57,6,51
108900221,27,77,-50
108900222,227,3,224
108900223,3,84,-81
108900224,27,76,-49
108900225,0,90,-90
108900226,717,32,685
108900227,206,290,-84
108900230,24,57,-33
108900231,8,71,-63
108900232,5,86,-81
108900233,586,135,451
108900234,346,235,111
108900235,101,264,-163
108900236,48,139,-91
108900237,10,39,-29
108900240,195,40,155
108900241,122,45,77
108900245,19,3784,-3765
108900249,148,6,142
108900250,513,42,471
108900257,478,73,405
108900258,5,43,-38
108900259,10,13,-3
108900260,19,8,11
108900261,3,36,-33
108900262,74,80,-6
108900263,19,90,-71
108900264,104,162,-58
108900265,240,372,-132
108900266,93,2146,-2053
108900267,0,469,-469
108900268,10,28,-18
108900269,206,18,188
108900270,304,19,285
108900271,58,7,51
108900272,505,5,500
108900273,161,409,-248
108900274,67,10,57
109000001,3857,4959,-1102
109000002,611,3072,-2461
109000003,4220,334,3886
109000004,574,1406,-832
109000005,2330,310,2020
109000006,918,640,278
109000007,2924,438,2486
109000008,954,672,282
109000009,4217,665,3552
109000010,748,1050,-302
109000011,7037,1357,5680
109000012,1046,1211,-165
109000013,6825,5551,1274
109000014,1166,842,324
109000015,3719,15375,-11656
109000016,2115,1182,933
109000017,4114,744,3370
109000018,1010,1186,-176
109000019,3502,752,2750
109000020,1057,837,220
109000023,142,11,131
109000024,1,146,-145
109000025,105,766,-661
109000026,327,187,140
109000027,88,381,-293
109000028,73,31,42
109000029,41,446,-405
109000030,24,214,-190
109000031,615,43,572
109000032,61,224,-163
109000033,724,115,609
109000034,19,31,-12
109000035,1,6,-5
109000036,24,187,-163
109000037,518,4612,-4094
109000038,156,86,70
109000039,1442,761,681
109000040,2175,21712,-19537
109000041,817,4002,-3185
109000042,686,2377,-1691
109000044,672,13,659
109000045,117,104,13
109000046,650,31,619
109000047,103,207,-104
109000048,340,190,150
109000049,152,329,-177
109000050,280,146,134
109000051,138,85,53
109000052,351,233,118
109000053,725,89,636
109000054,100,370,-270
109000055,607,872,-265
109000056,212,270,-58
109000057,1653,568,1085
109000058,173,71,102
109000059,52,867,-815
109000060,94,469,-375
109000061,285,2379,-2094
109000062,162,365,-203
109000063,192,62,130
109000064,1001,59,942
109000065,604,73,531
109000066,669,36,633
109000067,138,130,8
109000068,584,9,575
109000069,608,33,575
109000070,8,578,-570
109000071,364,29,335
109000072,73,155,-82
109000073,93,27,66
109000074,6,86,-80
109000075,81,108,-27
109000076,69,197,-128
109000077,284,96,188
109000078,158,100,58
109000079,97,43,54
109000080,340,47,293
109000081,189,147,42
109000082,1063,60,1003
109000083,387,125,262
109000088,230,121,109
109000089,458,92,366
109000090,125,112,13
109000091,833,124,709
109000092,196,89,107
109000093,482,86,396
109000094,1667,22,1645
109000095,290,136,154
109000096,1873,114,1759
109000097,13,14,-1
109000098,51,95,-44
109000099,1051,43,1008
109000100,539,200,339
109000101,2673,246,2427
109000102,496,205,291
109000103,1191,310,881
109000104,4267,123,4144
109000105,601,316,285
109000106,2472,193,2279
109000107,470,383,87
109000108,3459,374,3085
109000109,404,439,-35
109000110,1520,266,1254
109000111,443,631,-188
109000112,218,33,185
109000113,372,208,164
109000114,117,126,-9
109000115,552,17,535
109000116,20,244,-224
109000117,318,22,296
109000118,21,167,-146
109000119,3049,57,2992
109000120,743,171,572
109000121,1070,11,1059
109000122,331,227,104
109000123,9,14,-5
109000124,1482,110,1372
109000125,1272,191,1081
109000126,464,224,240
109000127,2101,92,2009
109000128,531,244,287
109000129,5236,270,4966
109000130,261,274,-13
109000131,1045,629,416
109000132,234,410,-176
109000133,175,249,-74
109000134,419,474,-55
109000135,281,420,-139
109000136,181,139,42
109000137,418,158,260
109000138,223,97,126
109000139,886,221,665
109000140,104,132,-28
109000141,775,269,506
109000142,97,230,-133
109000143,143,62,81
109000145,98,150,-52
109000146,2,16,-14
109000148,1405,2337,-932
109000149,12,64,-52
109000150,24,148,-124
109000155,1263,887,376
109000156,694,174,520
109000158,71,214,-143
109000159,58,183,-125
109000160,2335,131,2204
109000161,937,421,516
109000162,2889,187,2702
109000163,1981,525,1456
109000164,1855,898,957
109000165,2052,364,1688
109000166,1779,64,1715
109000167,86,147,-61
109000170,22,23,-1
109000171,135,19,116
109000172,3,27,-24
109000173,5,172,-167
109000174,433,29,404
109000175,22,55,-33
109000176,647,108,539
109000177,24,44,-20
109000178,787,9,778
109000179,1937,9996,-8059
109000180,1906,2489,-583
109000181,42,6,36
109000182,74,9,65
109000183,86,2,84
109000184,101,6,95
109000185,27,5,22
109000188,429,929,-500
109000189,4648,910,3738
109000190,1015,260,755
109000191,306,884,-578
109000192,1170,51,1119
109000193,367,46,321
109000194,605,23,582
109000195,339,38,301
109000196,311,33,278
109000197,167,90,77
109000198,356,58,298
109000199,225,137,88
109000206,256,10,246
109000207,343,23,320
109000208,133,147,-14
109000209,226,16,210
109000210,118,157,-39
109000211,706,87,619
109000214,468,90,378
109000215,139,24,115
109000216,354,411,-57
109000217,100,55,45
109000218,245,208,37
109000221,85,222,-137
109000222,728,107,621
109000223,883,514,369
109000224,103,30,73
109000225,356,15,341
109000226,101,66,35
109000227,3446,236,3210
109000228,0,289,-289
109000231,2,82,-80
109000232,1559,81,1478
109000236,240,280,-40
109000241,1544,388,1156
109000242,1408,263,1145
109000293,66,75,-9
109000361,41,71,-30
109000364,33,239,-206
109000396,7,116,-109
109000397,1301,32,1269
109000399,70,175,-105
109000400,109,105,4
109000403,10,1756,-1746
109000406,1070,59,1011
109000407,143,84,59
109000408,0,184,-184
109000410,812,105,707
109000411,178,7,171
109900001,154,0,154
109900002,1395,4,1391
109900003,855,8,847
109900004,126,78,48
109900005,6,0,6
109900006,861,71,790
109900007,2349,88,2261
109900008,0,5,-5
109900009,119,234,-115
109900010,1023,18,1005
109900011,25,18,7
109900012,567,168,399
109900013,550,83,467
109900014,183,65,118
109900015,157,21,136
109900016,115,2,113
109900017,285,47,238
109900018,226,33,193
109900019,139,37,102
109900020,84,11,73
109900021,58,11,47
109900022,42,48,-6
109900023,23,1,22
109900024,10,0,10
109900025,9,37,-28
109900026,1,39,-38
109900027,4,15,-11
109900028,311,4047,-3736
109900029,0,82,-82
109900030,55,2,53
109900031,5,1043,-1038
109900032,0,74,-74
109900033,3,203,-200
109900034,11,0,11
109900035,294,206,88
109900036,5,54,-49
109900037,4,122,-118
109900038,92,84,8
109900039,1,0,1
109900040,23,116,-93
109900041,14,91,-77
109900042,8,263,-255
109900044,52,191,-139
109900045,66,7,59
109900046,112,57,55
109900047,110,108,2
109900048,2,28,-26
109900049,78,14,64
109900050,1,9,-8
109900051,0,1,-1
109900052,125,58,67
109900053,2,14,-12
109900054,1648,115,1533
109900055,266,99,167
109900056,90,220,-130
109900057,4,77,-73
109900058,1,20,-19
109900059,2516,46,2470
109900060,1385,59,1326
109900061,41,80,-39
109900062,0,50,-50
109900063,20,268,-248
109900064,915,71,844
109900065,33,25,8
109900066,133,164,-31
109900067,0,56,-56
109900068,138,2,136
109900069,2,10,-8
109900070,22,57,-35
109900071,1,8,-7
109900072,4,31,-27
109900073,1127,116,1011
109900074,3,5,-2
109900075,55,28,27
109900076,29,47,-18
109900077,7,19,-12
109900078,60,34,26
109900080,117,49,68
109900081,1,158,-157
109900082,37,85,-48
109900083,4,6,-2
109900084,65,123,-58
109900085,87,142,-55
109900086,82,1376,-1294
109900087,11,175,-164
109900089,873,92,781
109900090,142,324,-182
109900091,775,102,673
109900092,295,25,270
109900093,1821,97,1724
109900094,73,27,46
109900095,34,101,-67
109900096,178,6,172
109900097,187,0,187
109900098,1053,45,1008
109900099,850,9,841
109900100,141,0,141
109900101,1679,25,1654
109900102,649,12,637
109900103,15,89,-74
109900104,1849,98,1751
109900105,774,14,760
109900106,489,17,472
109900107,788,49,739
109900108,116,84,32
109900109,23,58,-35
109900110,19,79,-60
109900111,44,146,-102
109900112,93,110,-17
109900113,1052,334,718
109900114,454,1184,-730
109900115,237,81,156
109900117,2510,47,2463
109900118,61,106,-45
109900119,74,136,-62
109900120,50,20,30
109900121,191,86,105
109900122,1531,13,1518
109900123,10,27,-17
109900124,13,71,-58
109900125,0,50,-50
109900126,706,11,695
109900128,657,29,628
109900130,1780,4852,-3072
109900131,7,42,-35
109900132,6,26,-20
109900133,91,106,-15
109900134,15,90,-75
109900135,137,31,106
109900136,33,41,-8
109900137,316,93,223
109900138,1007,116,891
109900140,99,28,71
109900141,1957,146,1811
109900142,3985,276,3709
109900145,4,814,-810
109900146,88,46,42
109900148,9,43,-34
109900149,2,7,-5
109900150,4,16,-12
109900151,5,6,-1
109900152,0,8,-8
109900153,0,11,-11
109900154,5,0,5
109900155,63,10,53
109900157,28,49,-21
109900158,31,26,5
109900159,70,5,65
109900160,146,9,137
109900161,494,28,466
109900162,341,30,311
109900163,223,43,180
109900164,38,116,-78
109900165,369,2,367
109900166,4,289,-285
109900167,122,215,-93
109900168,86,247,-161
109900169,371,64,307
109900170,284,2059,-1775
109900171,479,74,405
109900172,437,469,-32
109900173,702,2965,-2263
109900174,26,71,-45
109900175,122,106,16
109900176,165,60,105
109900177,28,82,-54
109900178,0,66,-66
109900179,2,10,-8
109900180,5,9,-4
110000001,575,210,365
110000002,515,421,94
110000003,491,484,7
110000004,255,345,-90
110000005,202,2876,-2674
110000006,280,262,18
110000007,82,41,41
110000008,13,421,-408
110000009,55,9,46
110000010,47,190,-143
110000011,59,24,35
110000012,431,105,326
110000013,39,553,-514
110000014,409,286,123
110000015,75,573,-498
110000016,343,1314,-971
110000017,1783,230,1553
110000018,1546,284,1262
110000019,1,30,-29
110000020,820,402,418
110000021,100,202,-102
110000022,1996,89,1907
110000023,1,61,-60
110000024,449,169,280
110000025,2042,2,2040
110000026,3,162,-159
110000027,664,1170,-506
110000028,1402,153,1249
110000029,450,165,285
110000030,447,442,5
110000031,246,149,97
110000032,1400,129,1271
110000033,121,103,18
110000034,1421,228,1193
110000035,597,265,332
110000036,2415,237,2178
110000037,253,137,116
110000038,381,960,-579
110000039,974,10540,-9566
110000040,287,343,-56
110000041,347,3284,-2937
110000042,60,222,-162
110000043,909,293,616
110000044,21,233,-212
110000045,101,81,20
110000046,2,136,-134
110000047,11,37,-26
110000048,1,108,-107
110000049,1,10,-9
110000050,14,147,-133
110000051,22,6,16
110000052,45,25,20
110000053,10,31,-21
110000054,46,342,-296
110000055,113,96,17
110000056,98,54,44
110000057,272,143,129
110000058,850,207,643
110000059,590,383,207
110000060,1483,519,964
110000061,434,418,16
110000062,617,496,121
110000063,71,648,-577
110000064,72,15,57
110000065,195,336,-141
110000066,143,24,119
110000067,136,52,84
110000068,496,67,429
110000069,1373,22,1351
110000071,1582,33,1549
110000073,62,3,59
110000075,18,42,-24
110000076,650,738,-88
110000077,212,2039,-1827
110000078,200,7,193
110000080,130,230,-100
110000081,13,366,-353
110000082,6,371,-365
110000083,233,170,63
110000084,1461,1249,212
110000085,443,1047,-604
110000086,517,1974,-1457
110000087,41,32,9
110000088,159,176,-17
110000089,590,19,571
110000090,113,376,-263
110000091,503,148,355
110000092,28,38,-10
110000093,35,9,26
110000094,404,75,329
110000095,103,649,-546
110000096,785,3000,-2215
110000097,784,1899,-1115
110000098,1860,366,1494
110000099,1098,1267,-169
110000100,2450,100,2350
110000101,279,92,187
110000102,66,45,21
110000104,342,96,246
110000105,40,108,-68
110000106,409,403,6
110000107,70,144,-74
110000108,169,183,-14
110000109,138,145,-7
110000110,1136,2994,-1858
110000111,2272,2833,-561
110000112,81,952,-871
110000113,32,3288,-3256
110000114,909,867,42
110000115,1166,141,1025
110000116,128,58,70
110000117,928,144,784
110000118,1523,110,1413
110000119,1016,117,899
110000120,624,75,549
110000121,76,547,-471
110000122,233,102,131
110000123,728,220,508
110000124,1,308,-307
110000125,788,7,781
110000126,178,39,139
110000127,1124,36,1088
110000128,15,326,-311
110000129,0,126,-126
110000130,261,167,94
110000131,62,103,-41
110000132,0,189,-189
110000133,16,399,-383
110000134,15,275,-260
110000135,273,13,260
110000136,78,116,-38
110000137,1297,169,1128
110000138,1493,184,1309
110000139,2205,156,2049
110000140,903,598,305
110000143,347,454,-107
110000144,1409,1392,17
110000145,1535,1059,476
110000146,947,655,292
110000147,257,784,-527
110000148,921,223,698
110000151,519,893,-374
110000152,295,335,-40
110000153,879,30,849
110000154,49,77,-28
110000155,483,1225,-742
110000156,766,675,91
110000157,805,1840,-1035
110000160,311,146,165
110000161,152,118,34
110000166,1571,36,1535
110000167,2415,788,1627
110000168,664,1054,-390
110000169,798,462,336
110000170,202,60,142
110000171,424,77,347
110000172,379,259,120
110000173,372,285,87
110000174,141,211,-70
110000175,2254,103,2151
110000176,30,1260,-1230
110000177,261,3006,-2745
110000178,326,4182,-3856
110000179,787,313,474
110000180,628,266,362
110000181,1715,197,1518
110000182,404,103,301
110000183,3992,9160,-5168
110000184,153,4241,-4088
110000185,357,444,-87
110000186,399,848,-449
110000191,1862,77,1785
110000192,1158,19,1139
110000193,1713,22,1691
110000194,2,299,-297
110000195,813,38,775
110000196,1193,78,1115
110000197,162,27,135
110000198,62,14,48
110000199,59,155,-96
110000200,372,840,-468
110000201,1306,1967,-661
110000202,1204,314,890
110000203,265,206,59
110000204,1,54,-53
110000205,607,39,568
110000206,247,245,2
110000207,2345,141,2204
110000208,243,316,-73
110000209,24,192,-168
110000210,1644,304,1340
110000211,891,379,512
110000212,525,1662,-1137
110000213,450,25,425
110000214,641,55,586
110000215,153,80,73
110000216,170,106,64
110000217,751,59,692
110000218,352,58,294
110000219,685,51,634
110000220,23,46,-23
110000221,894,21,873
110000222,51,80,-29
110000223,27,88,-61
110000224,2,12,-10
110000225,200,474,-274
110000226,371,28,343
110000227,526,991,-465
110000228,336,58,278
110000229,0,78,-78
110000230,438,356,82
110000231,348,696,-348
110000232,215,157,58
110000233,188,623,-435
110000234,316,282,34
110000235,882,687,195
110000236,1032,318,714
110000237,2708,1037,1671
110000238,920,569,351
110000239,2379,492,1887
110000240,0,35,-35
110000242,1,16,-15
110000243,341,49,292
110000244,61,107,-46
110000245,6,129,-123
110000246,1798,329,1469
110000247,1201,1735,-534
110000248,1154,873,281
110000249,278,5,273
110000250,9,135,-126
110000251,527,150,377
110000252,879,142,737
110000253,2531,257,2274
110000254,1172,364,808
110000255,205,291,-86
110000256,540,165,375
110000257,302,196,106
110000258,2,262,-260
110000259,532,35,497
110000260,127,79,48
110000263,887,21,866
110000264,1216,190,1026
110000265,1238,1170,68
110000266,816,1258,-442
110000267,101,61,40
110000268,290,132,158
110000269,2,42,-40
110000270,142,3,139
110000271,1313,189,1124
110000272,970,685,285
110000273,1072,422,650
110000274,260,4945,-4685
110000275,1304,804,500
110000276,210,1427,-1217
110000277,529,447,82
110000278,487,462,25
110000279,1081,284,797
110000280,934,257,677
110000281,99,78,21
110000282,126,6,120
110000283,12,74,-62
110000284,11,15,-4
110000285,1,90,-89
110000286,32,0,32
110000287,161,2,159
110000288,2,40,-38
110000289,335,3072,-2737
110000290,204,1188,-984
110000291,2195,631,1564
110000292,698,11028,-10330
110000293,685,349,336
110000294,2082,2623,-541
110000295,198,370,-172
110000296,1131,261,870
110000297,3812,248,3564
110000298,47,238,-191
110000299,152,40,112
110000301,700,15,685
110000302,707,1192,-485
110000303,997,28,969
110000304,248,296,-48
110000305,1953,34,1919
110000306,621,480,141
110000307,4260,23,4237
110000308,931,4,927
110000309,0,462,-462
110000310,1289,32,1257
110000311,4,226,-222
110000312,769,41,728
110000313,2917,1359,1558
110000314,1,91,-90
110000315,1226,882,344
110000316,286,747,-461
110000317,92,558,-466
110000318,0,59,-59
110000319,1,40,-39
110000320,14,28,-14
110000321,39,78,-39
110000322,171,191,-20
110000323,1222,121,1101
110000324,1542,828,714
110000325,1345,6327,-4982
110000327,441,134,307
110000328,56,255,-199
110000333,1590,1848,-258
110000334,253,670,-417
110000335,763,217,546
110000336,449,665,-216
110000337,2457,385,2072
110000338,460,537,-77
110000339,725,80,645
110000340,47,148,-101
110000341,777,233,544
110000342,84,1,83
110000343,0,2,-2
110000344,46,478,-432
110000345,77,798,-721
110000346,1072,1850,-778
110000347,1197,350,847
110000348,44,19,25
110000349,19,5,14
110000350,158,1,157
110000351,2147,335,1812
110000352,646,2032,-1386
110000353,2059,310,1749
110000354,1057,5399,-4342
110000355,466,54,412
110000356,342,23,319
110000357,1190,19,1171
110000361,194,6,188
110000362,334,36,298
110000363,1301,21,1280
110000364,643,213,430
110000365,152,3,149
110000366,2,120,-118
110000367,744,183,561
110000368,2,45,-43
110000369,81,8,73
110000373,2,410,-408
110000374,92,34,58
110000375,89,833,-744
110000376,49,25,24
110000377,103,242,-139
110000378,18,444,-426
110000379,1149,3118,-1969
110000380,188,32,156
110000383,1,476,-475
110000384,1221,110,1111
110000385,0,57,-57
110000387,538,1,537
110000388,81,88,-7
110000389,867,0,867
110000391,1423,325,1098
110000396,488,37,451
110000397,70,17,53
110000398,13,16,-3
110000399,251,3,248
110000587,316,201,115
110000589,318,63,255
110000640,162,10,152
110000652,4,301,-297
110000653,514,208,306
110000654,0,138,-138
110000656,1,117,-116
110000674,112,7,105
110000675,29,15,14
110000676,0,17,-17
110000679,59,915,-856
110000682,170,277,-107
110000683,228,154,74
110000684,0,27,-27
110000685,6,11,-5
110000686,1,161,-160
110000687,7,6,1
110000688,55,1456,-1401
110000689,31,0,31
110000692,7,51,-44
110000693,2,252,-250
110000694,0,44,-44
110000695,113,285,-172
110000696,51,6,45
110900001,746,53,693
110900002,400,165,235
110900003,3039,115,2924
110900004,1002,17,985
110900005,1026,8343,-7317
110900006,111,130,-19
110900007,506,297,209
110900008,7,6,1
110900009,333,1231,-898
110900010,2,10,-8
110900011,6,35,-29
110900012,7,36,-29
110900013,1539,63,1476
110900014,502,21,481
110900015,137,538,-401
110900016,115,43,72
110900017,849,17,832
110900018,707,2,705
110900019,876,15,861
110900020,512,73,439
110900021,131,140,-9
110900022,35,35,0
110900023,38,165,-127
110900024,175,87,88
110900025,0,10,-10
110900027,55,31,24
110900028,6,30,-24
110900029,7,51,-44
110900030,30,32,-2
110900031,0,56,-56
110900032,0,22,-22
110900033,3,72,-69
110900035,38,412,-374
110900036,151,0,151
110900037,188,2,186
110900038,213,133,80
110900039,0,199,-199
110900040,381,11,370
110900041,5,34,-29
110900042,111,43,68
110900043,10,28,-18
110900044,77,4,73
110900045,194,105,89
110900046,20,47,-27
110900047,110,784,-674
110900049,228,55,173
110900050,66,3,63
110900051,30,28,2
110900052,1,188,-187
110900053,311,22,289
110900054,26,184,-158
110900055,30,0,30
110900056,33,48,-15
110900057,0,66,-66
110900058,502,60,442
110900059,294,119,175
110900060,297,58,239
110900061,8,12,-4
110900062,287,72,215
110900063,18,73,-55
110900064,10,1,9
110900065,33,39,-6
110900066,4,39,-35
110900067,113,867,-754
110900068,169,37,132
110900069,4,6,-2
110900070,131,14,117
110900071,122,2048,-1926
110900073,0,1,-1
110900074,1254,202,1052
110900075,910,37,873
110900077,2789,291,2498
110900078,392,15,377
110900079,494,656,-162
110900080,262,52,210
110900081,39,4,35
110900082,290,38,252
110900083,246,15,231
110900084,279,21,258
110900085,22,45,-23
110900086,103,258,-155
110900087,540,126,414
110900088,9,1,8
110900090,99,141,-42
110900091,5,24,-19
110900093,266,51,215
110900095,61,17,44
110900097,89,13,76
110900098,16,16,0
110900099,25,101,-76
110900100,0,5,-5
110900102,87,16,71
110900105,524,64,460
110900108,70,13,57
110900111,654,78,576
110900112,584,4,580
110900113,402,218,184
110900115,1,19,-18
110900116,2718,411,2307
110900118,49,5324,-5275
110900119,873,55,818
110900120,364,64,300
110900121,71,1,70
110900122,551,171,380
110900125,334,1269,-935
110900127,185,1093,-908
110900128,23,101,-78
110900129,71,881,-810
110900130,116,118,-2
110900131,455,341,114
110900132,1013,45,968
110900133,65,442,-377
110900135,64,102,-38
110900136,358,34,324
110900137,12,0,12
110900138,167,324,-157
110900139,0,38,-38
110900140,3,0,3
110900141,3,118,-115
110900142,49,43,6
110900143,622,21,601
110900144,0,121,-121
110900145,376,189,187
110900146,74,648,-574
110900147,53,229,-176
110900148,0,75,-75
110900149,2,22,-20
110900150,20,12,8
110900151,7,38,-31
110900152,10,55,-45
110900153,208,26,182
111000001,372,475,-103
111000002,225,443,-218
111000003,2811,1110,1701
111000004,614,756,-142
111000005,1655,1676,-21
111000006,826,1683,-857
111000007,3781,5577,-1796
111000008,2425,4730,-2305
111000009,354,779,-425
111000010,1883,403,1480
111000011,74,629,-555
111000012,189,300,-111
111000013,311,580,-269
111000014,1789,418,1371
111000017,6,562,-556
111000018,61,233,-172
111000020,177,634,-457
111000021,40,36,4
111000023,89,39,50
111000025,1767,4790,-3023
111000029,73,53,20
111000030,14,26,-12
111000031,1228,541,687
111000032,620,354,266
111000033,233,52,181
111000034,94,84,10
111000037,756,265,491
111000038,1004,962,42
111000039,1272,717,555
111000040,1249,478,771
111000041,290,244,46
111000042,1641,1743,-102
111000043,1825,7450,-5625
111000044,2188,389,1799
111000045,4226,893,3333
111000046,3084,794,2290
111000047,2903,6978,-4075
111000049,293,163,130
111000050,517,272,245
111000051,470,457,13
111000052,558,880,-322
111000053,176,268,-92
111000054,217,400,-183
111000055,652,989,-337
111000056,230,374,-144
111000057,183,99,84
111000058,1327,53,1274
111000059,776,370,406
111000060,7185,793,6392
111000061,1109,216,893
111000062,1537,630,907
111000063,1164,1233,-69
111000064,1295,202,1093
111000065,1481,337,1144
111000066,1137,185,952
111000067,2080,172,1908
111000068,1466,178,1288
111000069,1071,1188,-117
111000070,224,288,-64
111000071,187,114,73
111000072,1635,712,923
111000073,166,1465,-1299
111000074,1656,986,670
111000075,675,279,396
111000076,932,290,642
111000077,1095,437,658
111000078,1280,250,1030
111000079,631,410,221
111000080,541,388,153
111000081,989,6191,-5202
111000082,978,105,873
111000084,943,301,642
111000085,1088,637,451
111000086,1027,697,330
111000087,656,281,375
111000088,2903,4954,-2051
111000089,675,338,337
111000090,371,544,-173
111000091,698,194,504
111000092,2624,531,2093
111000093,1393,1422,-29
111000094,1799,1254,545
111000095,1050,3114,-2064
111000096,631,8157,-7526
111000097,1450,370,1080
111000098,147,389,-242
111000099,349,589,-240
111000100,508,477,31
111000101,274,348,-74
111000102,357,173,184
111000104,1451,89,1362
111000107,97,200,-103
111000109,1301,180,1121
111000110,1861,293,1568
111000111,5642,113,5529
111000112,3369,296,3073
111000113,519,3071,-2552
111000114,930,6511,-5581
111000115,2102,560,1542
111000116,745,411,334
111000117,211,553,-342
111000118,698,793,-95
111000119,1970,340,1630
111000120,889,528,361
111000121,247,657,-410
111000122,319,368,-49
111000123,944,764,180
111000124,216,1106,-890
111000125,266,636,-370
111000126,54,226,-172
111000127,1954,79,1875
111000128,4460,198,4262
111000129,4895,289,4606
111000130,4692,186,4506
111000131,4546,269,4277
111000132,2726,2504,222
111000133,101,22,79
111000134,105,15,90
111000135,133,79,54
111000136,459,197,262
111000138,81,1,80
111000140,0,0,0
111000141,162,199,-37
111000142,0,68,-68
111000143,7,112,-105
111000144,4,162,-158
111000145,27,1,26
111000146,185,2,183
111000147,107,18,89
111000148,137,33,104
111000149,0,19,-19
111000150,151,3,148
111000151,0,83,-83
111000153,292,193,99
111000154,297,75,222
111000155,256,50,206
111000156,646,105,541
111000157,382,315,67
111000158,1467,384,1083
111000159,1952,514,1438
111000160,432,82,350
111000161,4,209,-205
111000162,1,40,-39
111000163,1038,595,443
111000164,195,2393,-2198
111000165,422,82,340
111000166,215,55,160
111000167,43,157,-114
111000168,162,127,35
111000169,379,83,296
111000170,177,133,44
111000171,233,217,16
111000172,107,121,-14
111000173,185,290,-105
111000174,543,101,442
111000175,49,133,-84
111000176,1097,32,1065
111000177,1854,68,1786
111000178,1915,64,1851
111000179,657,40,617
111000180,321,218,103
111000181,2739,99,2640
111000182,316,77,239
111000183,195,209,-14
111000184,286,48,238
111000185,305,110,195
111000186,169,176,-7
111000187,207,70,137
111000188,621,151,470
111000189,150,165,-15
111000190,224,72,152
111000191,187,100,87
111000192,117,173,-56
111000193,164,66,98
111000194,100,90,10
111000195,72,60,12
111000196,66,29,37
111000197,1144,29,1115
111000198,688,23,665
111000199,656,433,223
111000200,1013,657,356
111000201,1573,62,1511
111000202,633,83,550
111000203,594,204,390
111000204,261,1465,-1204
111000213,274,155,119
111000214,1039,404,635
111000215,638,481,157
111000217,1736,325,1411
111000218,2261,354,1907
111000219,194,65,129
111000220,661,610,51
111000221,153,83,70
111000224,0,146,-146
111000225,409,72,337
111000226,101,1,100
111000227,3,1,2
111000228,7,793,-786
111000229,10,2161,-2151
111000230,187,103,84
111000231,970,212,758
111000232,1565,800,765
111000233,2588,239,2349
111000234,400,590,-190
111000239,75,45,30
111000240,56,630,-574
111000241,82,109,-27
111000242,522,57,465
111000243,314,243,71
111000244,1570,135,1435
111000245,578,289,289
111000246,847,65,782
111000247,1013,181,832
111000248,744,101,643
111000249,638,110,528
111000250,81,22,59
111000251,197,32,165
111000253,34,11,23
111000255,63,3,60
111000257,42,8,34
111000260,71,349,-278
111000261,2654,55,2599
111000271,71,135,-64
111000273,2014,716,1298
111000274,1291,3014,-1723
111000275,110,9,101
111000276,159,457,-298
111000277,308,144,164
111000278,284,82,202
111000291,1457,17626,-16169
111000298,683,150,533
111000299,834,67,767
111000300,26,196,-170
111000302,530,16,514
111000303,219,67,152
111000312,71,33,38
111000315,0,89,-89
111000320,362,155,207
111000321,550,140,410
111000322,931,127,804
111000323,436,51,385
111000324,294,74,220
111000325,37,25,12
111000326,163,122,41
111000327,264,222,42
111000328,393,430,-37
111000329,0,4,-4
111000330,151,4,147
111000331,4,0,4
111000332,298,413,-115
111000334,134,506,-372
111000335,1869,304,1565
111000337,3596,110,3486
111000338,210,37,173
111000339,1552,90,1462
111000340,76,594,-518
111000341,2710,1940,770
111000342,73,314,-241
111000344,1348,248,1100
111000345,98,56,42
111000346,9,84,-75
111000347,290,13,277
111000350,126,44,82
111000351,104,285,-181
111000352,198,60,138
111000353,130,108,22
111000354,596,80,516
111000355,487,254,233
111000358,121,229,-108
111000360,192,71,121
111000361,284,67,217
111000546,1961,209,1752
111000547,807,171,636
111000548,397,117,280
111000549,477,67,410
111000550,16,1552,-1536
111000551,157,49,108
111000552,392,132,260
111000907,131,14,117
111000908,37,1,36
111000916,4210,204,4006
111000917,53,267,-214
111000918,233,147,86
111000920,1171,5,1166
111000921,2,24,-22
111000922,1798,67,1731
111000924,28,140,-112
111000925,5229,2056,3173
111000926,1158,531,627
111000927,1879,4851,-2972
111000928,2443,812,1631
111000929,2278,590,1688
111000930,1031,1825,-794
111000931,2362,772,1590
111000932,1673,953,720
111000933,2305,3145,-840
111000934,694,820,-126
111000935,3378,896,2482
111000936,925,590,335
111000937,1182,1031,151
111000938,832,451,381
111000939,1485,29,1456
111000940,2005,23,1982
111000941,595,72,523
111000943,986,104,882
111000944,147,105,42
111000945,506,453,53
111001109,504,1322,-818
111001110,113,160,-47
111001111,302,2,300
111001112,106,6,100
111001113,0,153,-153
111001114,853,57,796
111001115,12,557,-545
111001116,1523,8783,-7260
111001117,182,3794,-3612
111001120,81,107,-26
111001121,84,60,24
111001122,74,24,50
111900001,89,24,65
111900002,207,105,102
111900003,1,116,-115
111900004,9,38,-29
111900006,77,29,48
111900007,618,3,615
111900008,693,0,693
111900009,633,9,624
111900010,37,142,-105
111900012,30,34,-4
111900013,17,14,3
111900014,1365,9766,-8401
111900015,0,12,-12
111900016,1,33,-32
111900017,0,16,-16
111900018,202,4,198
111900019,5,96,-91
111900020,0,8,-8
111900021,5,14,-9
111900022,4,13,-9
111900023,62,27,35
111900024,0,132,-132
111900025,0,27,-27
111900026,0,18,-18
111900027,1,17,-16
111900028,14,70,-56
111900029,1,13,-12
111900030,15,188,-173
111900031,51,8,43
111900032,0,81,-81
111900033,4,7,-3
111900034,23,141,-118
111900035,89,389,-300
111900036,2,88,-86
111900038,33,163,-130
111900039,20,106,-86
111900040,2,98,-96
111900042,1,12,-11
111900043,1,81,-80
111900044,19,58,-39
111900046,9,57,-48
111900048,778,116,662
111900049,7,85,-78
111900050,265,10,255
111900051,1,67,-66
111900052,94,62,32
111900053,334,3897,-3563
111900054,655,1,654
111900055,134,79,55
111900056,28,424,-396
111900057,472,15,457
111900058,1371,277,1094
111900059,672,1304,-632
111900060,465,2,463
111900061,5,77,-72
111900062,135,149,-14
111900063,385,71,314
111900064,14,55,-41
111900065,278,19,259
111900066,339,52,287
111900067,1,31,-30
111900068,37,107,-70
111900069,80,15,65
111900070,475,26,449
111900071,0,41,-41
111900072,36,66,-30
111900073,2359,278,2081
111900074,1,66,-65
111900075,61,2,59
111900076,665,81,584
111900077,78,2,76
111900078,916,57,859
111900079,36,74,-38
111900080,45,53,-8
111900081,122,97,25
111900082,343,62,281
111900083,468,54,414
111900084,281,19,262
111900085,42,28,14
111900086,158,35,123
111900087,189,6,183
111900088,1429,39,1390
111900089,144,2,142
111900090,88,180,-92
111900091,1234,30,1204
111900092,259,1,258
111900093,1036,41,995
111900094,286,3,283
111900095,890,33,857
111900096,405,8,397
111900097,114,4,110
111900098,877,35,842
111900099,102,0,102
111900100,253,2,251
111900101,101,6,95
111900102,1370,80,1290
111900103,84,61,23
111900104,148,24,124
111900105,154,403,-249
111900106,308,26,282
111900107,7,18,-11
111900108,57,428,-371
111900109,56,946,-890
111900110,1064,99,965
111900111,622,21,601
111900112,113,7435,-7322
111900113,224,24,200
111900114,82,33,49
111900115,24,2,22
111900118,201,73,128
111900119,142,76,66
111900122,7,43,-36
111900123,3,4,-1
111900124,25,24,1
111900125,990,115,875
111900126,1229,2,1227
111900127,3,74,-71
111900128,8,111,-103
111900129,594,2,592
111900130,135,67,68
111900131,973,1,972
111900132,11,286,-275
111900133,17,93,-76
111900134,2,71,-69
111900135,15,17,-2
111900136,46,61,-15
111900137,26,5,21
111900138,2,17,-15
111900139,18,29,-11
111900140,141,14,127
111900141,198,0,198
111900142,77,5,72
111900143,185,63,122
111900144,2,21,-19
111900145,0,136,-136
111900146,2,55,-53
111900147,14,174,-160
111900148,6,192,-186
111900149,4,121,-117
111900150,14,29,-15
111900151,0,22,-22
111900152,32,29,3
111900153,374,697,-323
111900154,36,1086,-1050
111900155,91,242,-151
111900156,158,69,89
111900157,257,19,238
111900158,876,109,767
111900159,834,111,723
111900160,675,17,658
111900161,702,4,698
111900162,202,490,-288
111900163,10,37,-27
111900164,67,11,56
111901113,1763,49,1714
111901114,602,720,-118
111901115,610,3,607
111901116,67,16,51
111901117,32,117,-85
111901118,15,1141,-1126
111901119,198,11,187
111901120,15,39,-24
111901121,47,42,5
111901122,9,97,-88
111901123,865,83,782
111901124,636,29,607
111901125,1734,64,1670
111901126,325,142,183
111901127,940,2925,-1985
111901128,3,38,-35
111901129,1,41,-40
111901130,5,108,-103
111901131,0,138,-138
111901132,89,39,50
111901133,213,1,212
111901134,357,5,352
111901135,54,1,53
111901136,71,13,58
111901137,0,14,-14
111901138,2,6,-4
111901139,2,21,-19
111901140,5,23,-18
111901141,8,50,-42
111901142,2,53,-51
111901143,0,50,-50
111901144,54,25,29
112000001,3542,609,2933
112000002,734,1889,-1155
112000003,5613,754,4859
112000004,1504,231,1273
112000005,4395,4192,203
112000006,515,317,198
112000007,5618,3523,2095
112000008,3881,3828,53
112000009,2563,887,1676
112000010,5159,4861,298
112000011,1290,867,423
112000012,3914,4103,-189
112000013,1192,1426,-234
112000014,611,2917,-2306
112000015,935,2512,-1577
112000016,2153,2910,-757
112000017,361,3708,-3347
112000024,255,74,181
112000026,1529,735,794
112000027,655,449,206
112000028,445,638,-193
112000029,837,647,190
112000030,127,13,114
112000031,1032,3310,-2278
112000032,70,6,64
112000033,1466,3484,-2018
112000034,65,17,48
112000035,39,415,-376
112000036,100,1055,-955
112000037,524,1372,-848
112000038,721,1156,-435
112000039,167,39,128
112000040,17,99,-82
112000041,179,236,-57
112000042,429,47,382
112000050,1038,378,660
112000051,1078,2216,-1138
112000054,960,901,59
112000057,356,79,277
112000058,200,206,-6
112000059,598,389,209
112000061,1664,297,1367
112000062,330,1146,-816
112000063,191,3158,-2967
112000064,1639,1308,331
112000065,535,708,-173
112000066,2836,1021,1815
112000067,415,283,132
112000068,2863,1544,1319
112000069,349,1151,-802
112000070,1545,682,863
112000071,1119,1056,63
112000072,3605,567,3038
112000073,1088,1453,-365
112000074,932,824,108
112000075,1289,1152,137
112000076,2435,1382,1053
112000077,1236,415,821
112000078,2288,422,1866
112000079,2441,1027,1414
112000080,912,335,577
112000081,637,851,-214
112000082,1307,257,1050
112000083,841,480,361
112000084,1563,304,1259
112000085,1506,269,1237
112000086,2842,448,2394
112000087,1090,75,1015
112000088,1180,156,1024
112000089,308,167,141
112000090,149,111,38
112000091,481,221,260
112000092,2871,401,2470
112000093,1211,238,973
112000094,720,342,378
112000095,917,186,731
112000096,851,271,580
112000097,4107,380,3727
112000098,271,286,-15
112000099,1181,2134,-953
112000100,3773,253,3520
112000101,612,150,462
112000102,2650,219,2431
112000103,449,167,282
112000105,419,381,38
112000106,3508,184,3324
112000107,108,70,38
112000108,1082,410,672
112000109,131,39,92
112000110,2966,445,2521
112000111,312,814,-502
112000112,2706,141,2565
112000113,721,654,67
112000114,3509,457,3052
112000115,254,164,90
112000116,751,277,474
112000117,1334,326,1008
112000118,368,327,41
112000119,284,248,36
112000120,66,80,-14
112000121,356,169,187
112000122,607,73,534
112000123,1216,56,1160
112000124,808,88,720
112000125,388,225,163
112000126,1402,142,1260
112000127,1707,1912,-205
112000128,554,393,161
112000129,112,34,78
112000130,561,48,513
112000131,77,97,-20
112000132,203,60,143
112000133,783,61,722
112000134,799,134,665
112000135,1810,651,1159
112000136,851,1183,-332
112000137,1995,1012,983
112000138,1162,311,851
112000139,504,449,55
112000140,89,400,-311
112000141,1459,243,1216
112000142,146,207,-61
112000143,1923,170,1753
112000144,242,443,-201
112000145,4209,312,3897
112000146,634,457,177
112000147,2697,1176,1521
112000148,644,358,286
112000149,747,315,432
112000150,654,143,511
112000151,398,79,319
112000152,1192,123,1069
112000153,221,85,136
112000154,217,614,-397
112000155,149,51,98
112000157,350,702,-352
112000158,308,95,213
112000159,2294,148,2146
112000167,486,289,197
112000169,78,789,-711
112000173,2198,162,2036
112000175,830,175,655
112000176,651,754,-103
112000177,1591,410,1181
112000178,49,109,-60
112000179,472,170,302
112000180,449,61,388
112000181,786,406,380
112000182,3044,237,2807
112000183,66,7,59
112000184,634,156,478
112000185,1784,159,1625
112000187,4485,3035,1450
112000195,296,11,285
112000196,128,0,128
112000197,76,65,11
112000198,21,141,-120
112000199,172,306,-134
112000202,1396,1,1395
112000216,19,103,-84
112000230,299,1,298
112000231,1,62,-61
112000256,86,352,-266
112000313,39,15,24
112000314,45,63,-18
112000337,226,458,-232
112000352,140,247,-107
112000392,1447,449,998
112000398,2566,408,2158
112000399,847,4975,-4128
112000400,756,534,222
112000401,722,503,219
112000402,3948,3810,138
112000403,1313,6907,-5594
112000404,1939,917,1022
112000405,3694,2071,1623
112000406,1841,874,967
112000407,10084,7263,2821
112000408,3340,940,2400
112000409,1022,816,206
112000410,202,264,-62
112000411,901,1621,-720
112000412,265,152,113
112000413,2358,8291,-5933
112000414,143,21,122
112000415,143,11,132
112000416,4460,614,3846
112000417,309,58,251
112000421,116,15,101
112000422,352,112,240
112000424,763,3901,-3138
112000425,381,186,195
112000426,486,326,160
112000427,0,3,-3
112000428,532,53,479
112000429,1406,1031,375
112000430,1889,2624,-735
112000431,232,142,90
112000432,714,306,408
112000433,157,287,-130
112000437,35,52,-17
112900001,78,1,77
112900002,1196,119,1077
112900003,31,53,-22
112900004,130,67,63
112900005,452,21,431
112900006,6,48,-42
112900007,72,25,47
112900008,1,54,-53
112900009,568,159,409
112900010,452,134,318
112900011,37,88,-51
112900012,0,7,-7
112900013,3,263,-260
112900014,18,25,-7
112900015,53,139,-86
112900016,2,58,-56
112900017,44,89,-45
112900018,0,73,-73
112900019,13,120,-107
112900020,183,299,-116
112900021,1,59,-58
112900022,9,26,-17
112900023,0,23,-23
112900024,28,39,-11
112900025,94,67,27
112900026,0,31,-31
112900027,18,164,-146
112900028,16,56,-40
112900029,10,67,-57
112900030,42,32,10
112900031,0,70,-70
112900032,243,77,166
112900034,1,24,-23
112900035,0,67,-67
112900036,12,41,-29
112900037,100,166,-66
112900038,1249,33,1216
112900039,2,121,-119
112900040,2,162,-160
112900041,275,842,-567
112900042,96,88,8
112900043,38,38,0
112900044,65,94,-29
112900045,87,75,12
112900046,39,31,8
112900047,4,8,-4
112900049,567,12,555
112900050,21,187,-166
112900051,58,126,-68
112900052,2,233,-231
112900053,52,95,-43
112900054,64,44,20
112900055,40,7,33
112900056,238,139,99
112900057,66,59,7
112900058,297,412,-115
112900059,100,92,8
112900060,42,29,13
112900061,56,30,26
112900062,21,34,-13
112900063,3,5,-2
112900064,14,30,-16
112900065,22,7,15
112900066,337,474,-137
112900067,190,13,177
112900068,45,113,-68
112900069,444,1183,-739
112900071,43,9,34
112900072,29,6217,-6188
112900073,330,306,24
112900074,192,379,-187
112900075,320,2036,-1716
112900076,33,21,12
112900078,217,775,-558
112900079,441,37,404
112900080,356,2,354
112900081,35,491,-456
112900082,498,18,480
112900083,223,180,43
112900084,380,368,12
112900085,0,4,-4
112900086,124,1,123
112900087,2381,175,2206
112900088,433,8,425
112900089,1796,29,1767
112900090,183,148,35
112900091,579,14,565
112900092,30,872,-842
112900093,1309,29,1280
112900094,151,1,150
112900095,205,0,205
112900096,950,169,781
112900097,97,111,-14
112900098,182,4,178
112900099,1903,9,1894
112900100,177,5,172
112900101,512,12,500
112900102,72,84,-12
112900103,321,6,315
112900104,93,0,93
112900105,50,0,50
112900106,489,105,384
112900107,8,2,6
112900108,0,0,0
112900109,271,2,269
112900110,2010,17,1993
112900111,1242,8,1234
112900112,431,0,431
112900113,1,2,-1
112900114,657,8,649
112900115,3127,3,3124
112900116,93,9,84
112900117,131,20,111
112900118,2,22,-20
112900119,377,28,349
112900120,238,169,69
112900121,31,17,14
112900122,17,30,-13
112900123,401,25,376
112900124,7,28,-21
112900125,7,140,-133
112900126,25,46,-21
112900127,733,18,715
112900128,52,175,-123
112900129,1,230,-229
112900130,213,25,188
112900131,4,150,-146
112900132,49,150,-101
112900133,18,720,-702
112900134,0,116,-116
112900135,117,27,90
112900136,1,37,-36
112900137,0,156,-156
112900138,3,63,-60
112900139,14,398,-384
112900140,0,122,-122
112900141,1028,8,1020
112900142,17,267,-250
112900143,358,207,151
112900144,0,363,-363
112900145,2,149,-147
112900146,0,150,-150
112900147,1,153,-152
112900148,22,1,21
112900149,152,104,48
112900151,1,11,-10
112900152,1555,195,1360
112900153,171,4680,-4509
112900154,0,11,-11
112900155,67,8,59
112900156,1255,186,1069
112900157,678,5,673
112900158,94,1,93
112900159,123,238,-115
112900160,32,57,-25
112900161,195,16,179
112900162,11,10,1
112900163,5,58,-53
112900164,27,98,-71
112900165,26,17,9
112900166,23,82,-59
112900167,3,367,-364
112900168,1,0,1
112900169,4,3,1
112900170,134,24,110
112900172,29,11,18
112900173,83,40,43
112900174,357,19,338
112900175,140,184,-44
112900176,21,43,-22
112900177,167,73,94
112900178,343,3750,-3407
112900179,12,178,-166
112900180,2319,672,1647
112900181,1371,8,1363
112900182,30,181,-151
112900183,18,164,-146
112900184,106,193,-87
112900185,51,258,-207
112900186,486,551,-65
112900187,43,195,-152
112900188,392,1600,-1208
112900189,25,0,25
112900190,16,5,11
112900192,519,324,195
112900193,795,138,657
112900194,67,1,66
112900195,650,35,615
112900196,254,169,85
112900197,74,214,-140
112900199,1052,143,909
112900200,667,72,595
112900201,211,164,47
112900202,749,275,474
112900203,545,68,477
112900204,295,142,153
112900205,11,0,11
112900206,20,5,15
112900207,27,0,27
112900208,37,477,-440
112900209,29,96,-67
112900210,0,4,-4
112900211,65,1,64
112900212,7,11,-4
112900213,20,2,18
112900214,3,1,2
112900215,8,13,-5
112900216,77,20,57
112900217,2,11,-9
112900218,110,8,102
112900219,183,7,176
112900220,3,0,3
112900221,22,42,-20
112900222,0,151,-151
112900223,926,37,889
112900224,1697,95,1602
112900225,849,127,722
112900226,66,181,-115
112900227,1673,281,1392
112900228,96,24,72
112900229,600,13,587
112900230,5772,2341,3431
112900232,353,420,-67
112900233,91,37,54
112900234,86,4,82
112900235,2,2,0
112900236,1091,11,1080
112900237,848,142,706
112900238,14,3,11
113000001,4581,2999,1582
113000002,5718,2665,3053
113000003,1696,1081,615
113000004,2182,1192,990
113000005,2013,976,1037
113000006,1897,859,1038
113000007,2277,723,1554
113000008,2535,762,1773
113000009,1535,432,1103
113000010,1985,550,1435
113000011,701,617,84
113000012,1374,800,574
113000013,358,385,-27
113000014,569,735,-166
113000015,96,112,-16
113000016,152,385,-233
113000017,88,269,-181
113000018,545,51,494
113000019,313,102,211
113000020,194,36,158
113000021,2555,619,1936
113000022,1043,1798,-755
113000025,73,191,-118
113000026,746,460,286
113000027,871,687,184
113000028,621,1050,-429
113000029,471,281,190
113000030,89,391,-302
113000031,141,150,-9
113000032,141,82,59
113000033,209,132,77
113000034,114,67,47
113000035,28,11,17
113000036,30,30,0
113000037,22,18,4
113000038,18,46,-28
113000039,31,144,-113
113000040,23,11,12
113000042,893,529,364
113000051,1725,2479,-754
113000052,2092,256,1836
113000053,837,192,645
113000054,867,890,-23
113000055,2358,250,2108
113000056,2599,578,2021
113000058,277,602,-325
113000059,839,213,626
113000060,335,496,-161
113000061,607,778,-171
113000062,279,241,38
113000063,581,33,548
113000064,174,141,33
113000065,136,237,-101
113000066,1564,120,1444
113000067,4134,367,3767
113000068,463,285,178
113000069,575,320,255
113000070,3453,328,3125
113000071,649,358,291
113000072,1580,158,1422
113000073,408,608,-200
113000074,833,413,420
113000075,1753,598,1155
113000076,255,1335,-1080
113000077,360,372,-12
113000078,202,962,-760
113000079,292,387,-95
113000080,381,387,-6
113000081,857,783,74
113000082,674,313,361
113000083,611,649,-38
113000084,1124,746,378
113000085,1138,450,688
113000086,556,786,-230
113000087,1280,936,344
113000088,944,850,94
113000089,777,967,-190
113000090,68,734,-666
113000091,113,245,-132
113000094,1864,162,1702
113000095,241,319,-78
113000096,57,315,-258
113000097,1020,320,700
113000098,63,36,27
113000099,1005,393,612
113000100,112,212,-100
113000101,67,278,-211
113000102,725,366,359
113000103,2815,289,2526
113000104,804,2169,-1365
113000105,1120,304,816
113000106,641,127,514
113000107,1484,665,819
113000108,925,364,561
113000109,326,883,-557
113000110,5999,654,5345
113000111,238,336,-98
113000112,683,250,433
113000113,1945,234,1711
113000114,118,518,-400
113000116,287,141,146
113000117,337,141,196
113000118,28,653,-625
113000119,301,248,53
113000120,61,370,-309
113000121,298,413,-115
113000124,267,75,192
113000125,9,1276,-1267
113000127,704,57,647
113000128,1203,198,1005
113000129,304,830,-526
113000133,1514,272,1242
113000134,1,1999,-1998
113000135,3897,3602,295
113000137,671,2436,-1765
113000139,177,125,52
113000140,35,51,-16
113000141,91,36,55
113000142,115,135,-20
113000143,309,59,250
113000144,135,107,28
113000145,175,51,124
113000146,77,11,66
113000147,217,47,170
113000148,468,69,399
113000149,256,202,54
113000150,501,156,345
113000151,8,27,-19
113000152,36,195,-159
113000153,667,129,538
113000154,363,1875,-1512
113000155,372,779,-407
113000156,114,115,-1
113000157,110,109,1
113000158,604,66,538
113000159,1088,89,999
113000160,292,208,84
113000161,202,114,88
113000162,968,90,878
113000163,99,10,89
113000164,3,67,-64
113000166,355,15,340
113000167,61,15,46
113000168,117,68,49
113000169,325,8,317
113000170,93,16,77
113000171,50,71,-21
113000172,438,15,423
113000173,56,20,36
113000174,143,78,65
113000175,850,43,807
113000176,781,37,744
113000177,162,69,93
113000178,62,68,-6
113000179,335,20,315
113000180,874,1220,-346
113000181,1701,783,918
113000182,106,438,-332
113000183,141,673,-532
113000184,4,77,-73
113000189,263,251,12
113000190,211,92,119
113000192,389,2513,-2124
113000193,1349,1939,-590
113000194,851,1791,-940
113000195,1616,1591,25
113000196,776,89,687
113000197,1554,2561,-1007
113000198,126,244,-118
113000199,2225,269,1956
113000201,861,305,556
113000202,6945,1970,4975
113000203,142,444,-302
113000204,314,2622,-2308
113000205,8,4,4
113000206,4,19,-15
113000207,83,12,71
113000208,41,22,19
113000209,6,6,0
113000210,18,14,4
113000211,35,77,-42
113000212,8,5,3
113000213,17,72,-55
113000214,147,213,-66
113000234,124,204,-80
113000410,28,122,-94
113000411,783,894,-111
113000412,4176,750,3426
113000413,1023,1156,-133
113000414,2943,11047,-8104
113000415,1684,783,901
113000416,1335,1440,-105
113000417,590,898,-308
113000418,3793,2636,1157
113000419,1484,1192,292
113000420,2417,4459,-2042
113000421,3692,5341,-1649
113000422,5484,7931,-2447
113000423,819,2616,-1797
113000424,996,7383,-6387
113000425,15,65,-50
113000428,6,9,-3
113000430,7,25,-18
113000432,3781,183,3598
113000433,21,349,-328
113000434,45,113,-68
113000435,16,140,-124
113000436,2,441,-439
113000437,2087,10,2077
113000438,760,9,751
113000439,34,11,23
113000440,215,14,201
113000441,269,115,154
113000442,264,27,237
113000443,516,99,417
113000444,914,29,885
113000445,100,62,38
113000446,39,140,-101
113000448,245,556,-311
113000449,74,857,-783
113000450,647,4015,-3368
113000451,2665,668,1997
113000452,43,654,-611
113000453,3,548,-545
113000454,148,52,96
113000455,1,695,-694
113000456,713,1366,-653
113000468,575,90,485
113000469,82,333,-251
113000470,245,14,231
113000471,11,392,-381
113000472,62,134,-72
113000474,1361,622,739
113000475,1147,498,649
113000476,3157,1723,1434
113000477,4491,1243,3248
113000478,2308,1829,479
113000479,135,81,54
113000480,229,195,34
113000482,0,0,0
113000484,0,0,0
113000485,0,0,0
113000486,0,0,0
113000487,0,0,0
113000489,0,0,0
113000490,0,0,0
113000491,0,0,0
113000492,0,0,0
113000493,0,0,0
113000495,177,53,124
113000496,103,60,43
113000498,0,0,0
113000499,0,0,0
113000500,0,0,0
113900001,12,1776,-1764
113900002,18,49,-31
113900003,0,98,-98
113900004,3,188,-185
113900005,3,520,-517
113900006,11,47,-36
113900007,17,161,-144
113900008,14,0,14
113900009,38,0,38
113900010,35,1,34
113900011,385,0,385
113900012,111,3,108
113900013,55,0,55
113900014,883,3,880
113900015,0,6,-6
113900016,31,0,31
113900017,0,11,-11
113900018,85,126,-41
113900019,363,13,350
113900020,442,1,441
113900022,101,5,96
113900023,51,0,51
113900024,5,10,-5
113900025,230,23,207
113900026,156,0,156
113900027,12,26,-14
113900028,21,130,-109
113900029,61,18,43
113900030,757,0,757
113900031,72,8,64
113900032,63,0,63
113900033,51,16,35
113900035,76,0,76
113900036,57,44,13
113900037,131,435,-304
113900038,15,158,-143
113900039,521,20,501
113900040,5,15,-10
113900041,56,1,55
113900042,84,9,75
113900043,94,17,77
113900044,32,165,-133
113900045,55,0,55
113900046,68,303,-235
113900047,241,26,215
113900048,166,116,50
113900049,79,492,-413
113900050,134,102,32
113900051,256,35,221
113900052,50,45,5
113900053,226,1042,-816
113900054,6,0,6
113900055,104,198,-94
113900056,123,6,117
113900057,8,32,-24
113900058,121,17,104
113900059,288,74,214
113900060,74,407,-333
113900061,364,41,323
113900062,123,35,88
113900063,195,21,174
113900064,13,28,-15
113900065,705,12,693
113900066,944,41,903
113900067,637,132,505
113900068,208,1090,-882
113900069,32,28,4
113900070,61,97,-36
113900071,175,10,165
113900072,15,22,-7
113900073,579,83,496
113900074,463,354,109
113900075,312,2485,-2173
113900076,92,3,89
113900077,41,39,2
113900078,106,24,82
113900079,12,26,-14
113900080,445,66,379
113900081,166,34,132
113900082,314,202,112
113900083,849,82,767
113900084,202,46,156
113900085,17,82,-65
113900086,122,37,85
113900087,128,156,-28
113900088,78,67,11
113900089,510,27,483
113900090,297,171,126
113900091,2,25,-23
113900092,19,23,-4
113900093,38,1738,-1700
113900094,1032,171,861
113900095,162,90,72
113900096,376,177,199
113900097,23,56,-33
113900098,1094,287,807
113900099,4,6,-2
113900100,0,1,-1
113900101,1,48,-47
113900102,21,79,-58
113900103,138,431,-293
113900104,103,68,35
113900105,398,15,383
113900106,0,8,-8
113900107,0,3,-3
113900108,43,170,-127
113900109,123,190,-67
113900110,17,13,4
113900111,270,43,227
113900112,326,42,284
113900113,1309,253,1056
113900114,2,31,-29
113900115,0,14,-14
113900116,9,168,-159
113900117,8,5,3
113900118,68,1243,-1175
113900119,13,160,-147
113900120,116,15,101
113900121,225,56,169
113900122,93,5211,-5118
113900123,507,47,460
113900124,0,42,-42
113900125,479,65,414
113900126,10,24,-14
113900127,199,590,-391
113900128,290,39,251
113900129,5,80,-75
113900130,1,40,-39
113900131,235,16,219
113900132,21,66,-45
113900133,9,10,-1
113900135,236,94,142
113900136,36,15,21
113900137,275,142,133
113900138,3,92,-89
113900139,339,291,48
113900140,31,96,-65
113900141,703,126,577
113900142,108,30,78
113900143,38,58,-20
113900144,25,48,-23
113900145,211,34,177
113900146,347,32,315
113900148,25,78,-53
113900149,173,190,-17
113900150,302,88,214
113900151,585,62,523
113900152,9,39,-30
113900153,83,78,5
113900154,0,57,-57
113900155,53,199,-146
113900156,132,149,-17
113900157,70,376,-306
113900158,80,149,-69
113900159,6,168,-162
113900160,183,284,-101
113900161,144,235,-91
113900162,57,139,-82
113900163,337,58,279
113900164,460,15,445
113900165,298,92,206
113900166,14,30,-16
113900167,468,23,445
113900168,25,48,-23
113900169,95,119,-24
113900171,326,27,299
113900172,6,58,-52
113900173,3,122,-119
113900174,229,211,18
113900175,171,128,43
113900176,118,128,-10
113900177,137,47,90
113900178,335,122,213
113900179,6,188,-182
113900180,63,15,48
113900181,1290,93,1197
113900182,493,174,319
113900183,62,15,47
113900184,16,141,-125
113900185,34,13,21
113900186,21,21,0
113900187,9,51,-42
113900188,11,47,-36
113900189,285,164,121
113900190,71,12,59
113900191,28,39,-11
113900192,1,943,-942
113900193,6,48,-42
113900194,482,166,316
113900195,81,110,-29
113900196,0,48,-48
113900197,0,100,-100
113900198,4,131,-127
113900199,4,134,-130
113900200,4,19,-15
113900201,0,39,-39
113900202,21,27,-6
113900203,0,30,-30
113900204,4,110,-106
113900205,1,29,-28
113900206,0,76,-76
113900207,0,61,-61
113900208,0,2,-2
113900209,0,2,-2
113900210,326,716,-390
113900211,234,20,214
113900212,461,84,377
113900214,99,100,-1
113900215,151,23,128
113900216,198,162,36
113900217,166,65,101
113900218,70,46,24
113900219,106,150,-44
113900220,214,157,57
113900221,176,860,-684
113900222,33,560,-527
113900223,334,129,205
113900224,32,9,23
113900225,677,71,606
113900226,171,67,104
113900227,146,169,-23
113900228,133,367,-234
113900229,7,1012,-1005
113900230,1242,2836,-1594
113900231,48,35,13
113900232,73,5,68
113900233,185,22,163
113900234,364,270,94
113900235,59,14,45
113900236,553,81,472
113900237,325,24,301
113900238,50,253,-203
113900239,54,77,-23
113900240,3,129,-126
113900241,15,46,-31
113900242,26,68,-42
113900243,9,84,-75
113900244,92,30,62
113900245,247,119,128
113900246,10,28,-18
113900247,29,502,-473
113900248,1034,1999,-965
113900249,232,764,-532
113900250,37,466,-429
113900251,1336,56,1280
113900252,1015,15,1000
113900253,648,28,620
113900254,440,108,332
113900255,1256,8,1248
113900256,671,24,647
113900257,8,172,-164
113900258,18,114,-96
113900259,734,79,655
113900260,378,6,372
113900261,52,42,10
113900262,209,109,100
113900263,1,92,-91
113900264,0,98,-98
113900265,76,564,-488
113900266,0,82,-82
113900267,60,303,-243
113900268,60,711,-651
113900269,52,200,-148
113900270,61,223,-162
113900271,516,198,318
113900273,3,2,1
113900274,78,27,51
113900275,0,14,-14
113900276,4,46,-42
113900277,374,2,372
113900278,107,99,8
113900279,30,42,-12
113900280,354,326,28
113900281,88,655,-567
113900282,120,186,-66
113900283,236,331,-95
113900284,1487,78,1409
113900285,115,16,99
113900286,137,46,91
113900287,118,22,96
113900288,1,63,-62
113900289,193,180,13
113900290,256,703,-447
113900291,54,41,13
113900292,3,13,-10
113900293,2,73,-71
113900294,1077,4,1073
113900295,311,57,254
113900296,573,168,405
113900297,2347,18,2329
113900298,13,550,-537
113900299,148,15,133
113900300,2626,4965,-2339
113900301,224,988,-764
113900302,1037,871,166
113900303,112,1237,-1125
113900304,0,118,-118
113900305,271,0,271
113900306,133,0,133
113900307,2,0,2
113900308,19,52,-33
113900309,0,131,-131
113900310,0,1,-1
113900311,11,0,11
113900312,37,123,-86
113900313,7,2,5
114000001,999,837,162
114000002,438,168,270
114000003,290,97,193
114000004,271,48,223
114000005,893,120,773
114000006,1306,483,823
114000007,1263,357,906
114000008,2120,1090,1030
114000009,2102,181,1921
114000011,3030,950,2080
114000012,5038,972,4066
114000013,2989,848,2141
114000014,817,39,778
114000015,3162,167,2995
114000016,552,44,508
114000017,119,1399,-1280
114000018,104,9,95
114000026,4912,571,4341
114000027,7112,2065,5047
114000028,1841,3081,-1240
114000038,628,93,535
114000039,92,6,86
114000040,193,623,-430
114000042,190,82,108
114000043,39,24,15
114000044,762,8,754
114000045,31,25,6
114000046,1252,2195,-943
114000047,17,90,-73
114000048,214,32,182
114000049,2803,776,2027
114000050,2205,731,1474
114000051,3670,1325,2345
114000052,3707,2259,1448
114000053,28,546,-518
114000054,285,489,-204
114000055,543,85,458
114000056,101,438,-337
114000057,2354,1020,1334
114000058,33,843,-810
114000059,14,2038,-2024
114000060,645,457,188
114000061,1609,2164,-555
114000062,297,714,-417
114000063,861,828,33
114000064,1147,3975,-2828
114000065,766,869,-103
114000066,767,559,208
114000067,63,1988,-1925
114000068,304,932,-628
114000069,1677,251,1426
114000070,1900,849,1051
114000071,1326,232,1094
114000072,1718,166,1552
114000073,21,8,13
114000074,75,5,70
114000075,96,19,77
114000076,51,27,24
114000077,1,8,-7
114000078,728,214,514
114000079,491,32,459
114000080,135,64,71
114000081,98,76,22
114000082,129,129,0
114000083,76,52,24
114000084,311,159,152
114000085,84,107,-23
114000086,345,135,210
114000087,473,22,451
114000088,83,26,57
114000089,308,144,164
114000090,625,622,3
114000091,852,585,267
114000092,779,383,396
114000093,1932,369,1563
114000094,626,229,397
114000095,195,251,-56
114000096,69,84,-15
114000097,109,151,-42
114000098,1262,99,1163
114000099,1716,72,1644
114000100,2823,236,2587
114000101,544,188,356
114000102,1450,172,1278
114000103,114,76,38
114000104,21,117,-96
114000105,556,137,419
114000106,683,4060,-3377
114000107,884,219,665
114000108,314,293,21
114000109,868,2293,-1425
114000110,598,322,276
114000111,3636,1227,2409
114000112,414,374,40
114000113,1254,124,1130
114000114,302,421,-119
114000115,2311,392,1919
114000116,808,6204,-5396
114000117,6135,728,5407
114000118,6010,321,5689
114000119,5381,350,5031
114000120,917,439,478
114000121,305,263,42
114000122,494,172,322
114000123,4079,233,3846
114000124,2650,285,2365
114000125,873,871,2
114000126,2547,281,2266
114000127,257,57,200
114000128,1340,159,1181
114000130,629,298,331
114000131,719,89,630
114000132,1134,150,984
114000133,783,533,250
114000134,78,1,77
114000138,30,67,-37
114000139,499,335,164
114000144,809,457,352
114000145,112,22,90
114000146,140,17,123
114000147,937,3365,-2428
114000148,651,2055,-1404
114000149,311,259,52
114000150,179,307,-128
114000151,328,2568,-2240
114000152,75,27,48
114000153,373,1291,-918
114000154,776,220,556
114000155,662,4333,-3671
114000156,693,542,151
114000157,443,1474,-1031
114000158,444,338,106
114000159,210,149,61
114000160,134,217,-83
114000161,835,1038,-203
114000162,1015,1421,-406
114000163,34,23,11
114000165,439,304,135
114000166,309,192,117
114000167,1660,1749,-89
114000168,296,121,175
114000169,686,900,-214
114000170,1126,732,394
114000171,1854,15789,-13935
114000174,66,407,-341
114000176,163,336,-173
114000177,436,175,261
114000178,226,88,138
114000179,633,731,-98
114000180,130,163,-33
114000181,966,8147,-7181
114000182,532,1788,-1256
114000183,563,667,-104
114000184,1499,275,1224
114000185,1328,606,722
114000189,2666,175,2491
114000190,5270,411,4859
114000191,190,811,-621
114000192,95,305,-210
114000193,82,423,-341
114000194,2166,510,1656
114000195,557,634,-77
114000196,1,73,-72
114000197,3145,29,3116
114000198,513,173,340
114000199,912,1329,-417
114000200,524,463,61
114000201,191,367,-176
114000202,980,402,578
114000203,747,289,458
114000204,214,208,6
114000205,388,1566,-1178
114000206,972,504,468
114000207,246,402,-156
114000208,427,497,-70
114000209,298,783,-485
114000210,225,373,-148
114000211,1944,808,1136
114000212,1226,1125,101
114000213,2533,326,2207
114000214,200,27,173
114000215,229,46,183
114000216,2934,373,2561
114000217,753,107,646
114000218,805,108,697
114000219,1715,155,1560
114000220,43,335,-292
114000221,1782,154,1628
114000222,161,275,-114
114000223,1046,117,929
114000224,51,236,-185
114000225,550,211,339
114000226,325,103,222
114000227,1013,381,632
114000228,1107,250,857
114000229,2273,571,1702
114000230,1847,450,1397
114000231,1117,858,259
114000232,1712,125,1587
114000233,3616,69,3547
114000234,1372,447,925
114000235,2548,569,1979
114000236,0,177,-177
114000237,137,383,-246
114000238,116,364,-248
114000239,168,444,-276
114000240,940,1849,-909
114000241,322,443,-121
114000242,644,500,144
114000243,2791,957,1834
114000244,452,207,245
114000245,514,1174,-660
114000246,113,108,5
114000247,571,241,330
114000248,2293,513,1780
114000249,978,251,727
114000250,1037,152,885
114000251,433,78,355
114000252,46,17,29
114000253,66,52,14
114000254,81,13,68
114000255,337,215,122
114000256,278,610,-332
114000257,577,692,-115
114000258,1193,146,1047
114000259,298,229,69
114000260,0,22,-22
114000261,68,30,38
114000262,587,211,376
114000263,1,0,1
114000264,2958,218,2740
114000265,0,4,-4
114000267,3,2482,-2479
114000268,0,319,-319
114000270,276,5,271
114000271,213,50,163
114000283,2449,309,2140
114000285,12,93,-81
114000288,93,218,-125
114000289,3026,141,2885
114000293,494,274,220
114000294,174,386,-212
114000395,2430,85,2345
114000396,709,280,429
114000402,1531,97,1434
114000403,620,95,525
114000405,572,111,461
114000423,895,88,807
114000424,924,124,800
114000425,1937,72,1865
114000426,454,987,-533
114000427,116,31,85
114000428,33,128,-95
114000429,14,55,-41
114000432,204,29,175
114000434,28,24,4
114000435,0,1,-1
114900001,902,174,728
114900002,380,101,279
114900003,1111,204,907
114900004,169,692,-523
114900005,514,132,382
114900006,73,69,4
114900007,199,13,186
114900008,593,74,519
114900010,774,2012,-1238
114900011,670,80,590
114900013,502,61,441
114900015,40,800,-760
114900018,1293,20,1273
114900020,104,49,55
114900021,248,59,189
114900022,1,525,-524
114900024,150,128,22
114900025,802,57,745
114900026,102,160,-58
114900027,177,84,93
114900029,25,10,15
114900030,388,102,286
114900031,1057,8,1049
114900032,1073,12,1061
114900033,313,2643,-2330
114900034,32,44,-12
114900035,96,119,-23
114900036,252,85,167
114900037,207,40,167
114900038,402,150,252
114900039,1035,104,931
114900040,181,9,172
114900041,1912,79,1833
114900042,2186,190,1996
114900043,188,93,95
114900044,256,113,143
114900045,103,58,45
114900046,29,28,1
114900047,151,5916,-5765
114900048,17,61,-44
114900049,5,53,-48
114900050,69,56,13
114900051,16,67,-51
114900052,7,220,-213
114900053,56,265,-209
114900054,38,13,25
114900057,142,11,131
114900058,0,25,-25
114900059,287,85,202
114900060,167,318,-151
114900061,90,29,61
114900062,68,141,-73
114900063,133,17,116
114900064,2852,141,2711
114900065,336,791,-455
114900067,26,119,-93
114900068,19,89,-70
114900069,169,20,149
114900070,766,80,686
114900072,1,93,-92
114900073,2,23,-21
114900074,2112,60,2052
114900075,223,5,218
114900076,1,92,-91
114900080,475,51,424
114900082,1311,2325,-1014
114900083,140,490,-350
114900084,596,81,515
114900090,971,142,829
114900091,67,97,-30
114900095,127,31,96
114900096,52,189,-137
114900097,298,2,296
114900098,2,54,-52
114900099,410,18,392
115000001,3322,1414,1908
115000002,4379,7462,-3083
115000003,3063,1123,1940
115000004,5642,6230,-588
115000005,1573,1759,-186
115000006,1690,992,698
115000007,187,168,19
115000008,325,174,151
115000009,233,284,-51
115000010,183,198,-15
115000013,24,147,-123
115000015,31,203,-172
115000016,131,147,-16
115000019,42,587,-545
115000020,77,1557,-1480
115000021,57,278,-221
115000022,113,142,-29
115000023,320,563,-243
115000024,330,98,232
115000025,815,501,314
115000026,160,89,71
115000027,447,194,253
115000028,307,120,187
115000029,1366,72,1294
115000030,647,259,388
115000031,589,140,449
115000032,19,136,-117
115000033,197,14,183
115000034,26,1546,-1520
115000035,569,145,424
115000036,1,127,-126
115000037,853,110,743
115000038,113,87,26
115000039,1644,4250,-2606
115000040,2928,2214,714
115000041,1128,3997,-2869
115000042,363,501,-138
115000043,2948,2219,729
115000044,2460,2243,217
115000045,2982,528,2454
115000046,3455,1739,1716
115000047,3264,849,2415
115000048,3195,1621,1574
115000049,1250,2549,-1299
115000050,3039,811,2228
115000051,1605,6234,-4629
115000052,922,826,96
115000053,2844,3239,-395
115000054,774,575,199
115000055,204,752,-548
115000056,95,240,-145
115000057,420,1029,-609
115000058,54,608,-554
115000059,56,337,-281
115000061,83,161,-78
115000062,397,499,-102
115000063,703,228,475
115000064,264,40,224
115000065,172,596,-424
115000067,193,20,173
115000069,41,209,-168
115000070,35,1162,-1127
115000071,103,70,33
115000072,12,35,-23
115000073,1968,115,1853
115000075,76,66,10
115000076,1912,814,1098
115000077,2438,766,1672
115000078,2630,471,2159
115000079,2082,712,1370
115000080,5128,831,4297
115000081,160,214,-54
115000082,6864,4575,2289
115000083,3139,527,2612
115000084,3833,359,3474
115000085,1911,439,1472
115000086,1401,340,1061
115000087,391,1678,-1287
115000088,1185,362,823
115000089,1110,630,480
115000090,487,713,-226
115000091,222,271,-49
115000092,721,1278,-557
115000093,1341,1,1340
115000094,3834,10949,-7115
115000095,2529,9931,-7402
115000096,1288,428,860
115000097,2949,2330,619
115000098,2783,407,2376
115000099,3179,605,2574
115000100,2526,354,2172
115000101,924,462,462
115000102,797,138,659
115000103,340,306,34
115000105,117,25,92
115000106,1328,616,712
115000107,159,165,-6
115000108,1290,1137,153
115000109,2479,6634,-4155
115000110,887,2849,-1962
115000111,186,351,-165
115000112,551,337,214
115000113,359,269,90
115000114,522,201,321
115000116,1634,1412,222
115000117,1158,1849,-691
115000118,1783,1719,64
115000119,1162,2374,-1212
115000120,526,751,-225
115000121,257,442,-185
115000122,394,2028,-1634
115000123,419,908,-489
115000124,807,801,6
115000125,310,503,-193
115000126,118,257,-139
115000127,477,125,352
115000128,353,761,-408
115000129,98,1048,-950
115000130,367,325,42
115000131,1112,278,834
115000132,881,329,552
115000133,1498,632,866
115000134,425,97,328
115000135,216,158,58
115000136,225,148,77
115000137,47,110,-63
115000138,550,267,283
115000139,143,63,80
115000140,505,112,393
115000141,171,71,100
115000142,164,52,112
115000143,1174,315,859
115000144,552,63,489
115000145,216,65,151
115000146,514,295,219
115000147,350,270,80
115000148,326,409,-83
115000149,872,244,628
115000150,572,206,366
115000151,1779,203,1576
115000152,923,340,583
115000153,2284,212,2072
115000154,1383,160,1223
115000155,940,609,331
115000156,811,560,251
115000157,283,428,-145
115000158,274,232,42
115000159,387,261,126
115000160,392,419,-27
115000161,732,448,284
115000162,344,1507,-1163
115000163,308,227,81
115000164,326,236,90
115000165,200,501,-301
115000167,94,47,47
115000168,551,259,292
115000169,271,433,-162
115000170,26,148,-122
115000171,179,170,9
115000172,550,499,51
115000173,223,1701,-1478
115000174,36,392,-356
115000175,73,127,-54
115000176,35,171,-136
115000177,38,206,-168
115000178,2,138,-136
115000179,23,206,-183
115000180,181,138,43
115000181,1457,105,1352
115000182,1678,147,1531
115000183,672,282,390
115000186,467,105,362
115000187,264,146,118
115000188,419,239,180
115000189,377,433,-56
115000190,551,895,-344
115000191,252,955,-703
115000194,139,57,82
115000195,132,114,18
115000196,632,37,595
115000197,460,83,377
115000198,1096,82,1014
115000199,1054,74,980
115000200,804,43,761
115000201,475,88,387
115000206,734,40,694
115000207,1147,199,948
115000208,224,287,-63
115000209,881,634,247
115000210,369,134,235
115000211,247,188,59
115000212,775,205,570
115000218,10,136,-126
115000219,4,47,-43
115000224,189,11,178
115000225,105,48,57
115000229,80,29,51
115000230,68,155,-87
115000231,429,367,62
115000232,4338,348,3990
115000233,119,66,53
115000234,35,129,-94
115000241,87,34,53
115000242,289,24,265
115000243,190,18,172
115000244,6,97,-91
115000246,71,24,47
115000247,18,23,-5
115000248,19,5,14
115000249,8,15,-7
115000250,243,6,237
115000251,529,62,467
115000252,159,220,-61
115000253,5,613,-608
115000258,447,76,371
115000259,190,26,164
115000261,77,24,53
115000262,21,58,-37
115000263,24,74,-50
115000264,5,15,-10
115000267,20,25,-5
115000268,27,32,-5
115000269,71,12,59
115000270,8,36,-28
115000272,85,53,32
115000273,994,14,980
115000274,733,26,707
115000280,823,344,479
115000281,192,967,-775
115000282,626,2276,-1650
115000284,65,244,-179
115000296,284,5,279
115000297,46,341,-295
115000298,53,773,-720
115000300,352,47,305
115000302,693,76,617
115000303,1366,37,1329
115000304,1370,111,1259
115000305,131,162,-31
115000306,513,119,394
115000307,301,107,194
115000308,12,53,-41
115000310,3542,208,3334
115000311,1861,457,1404
115000313,109,102,7
115000314,489,400,89
115000315,295,1018,-723
115000316,81,217,-136
115000317,307,267,40
115000318,1432,447,985
115000319,191,64,127
115000320,17,433,-416
115000321,638,15,623
115000322,69,68,1
115000449,118,141,-23
115000557,19,3885,-3866
115000558,47,64,-17
115000587,1140,213,927
115000588,1584,1782,-198
115000589,5213,2121,3092
115000590,730,975,-245
115000591,1818,672,1146
115000592,547,893,-346
115000593,2068,513,1555
115000594,272,1452,-1180
115000609,187,49,138
115000617,329,3277,-2948
115000624,366,7,359
115000633,572,1346,-774
115000634,2671,588,2083
115000635,823,103,720
115000638,118,241,-123
115000641,76,338,-262
115000642,386,112,274
115000643,166,99,67
115000644,145,154,-9
115000646,581,1008,-427
115000647,108,268,-160
115000648,5115,462,4653
115000893,1211,542,669
115000894,164,478,-314
115000895,385,503,-118
115000896,1034,313,721
115000897,382,42,340
115000898,354,271,83
115000899,109,1333,-1224
115000900,9,233,-224
115000901,47,164,-117
115000912,417,94,323
115000913,17,10,7
115000915,3,0,3
115000916,0,2,-2
115000917,1,62,-61
115000918,53,1328,-1275
115000919,1,50,-49
115000920,13,39,-26
115000921,184,91,93
115000922,210,493,-283
115000923,23,1049,-1026
115000925,167,217,-50
115000927,60,113,-53
115000933,20,148,-128
115900001,389,7,382
115900002,44,54,-10
115900003,321,72,249
115900004,0,8,-8
115900005,480,38,442
115900006,93,114,-21
115900008,279,2,277
115900009,18,77,-59
115900010,1080,75,1005
115900011,411,61,350
115900012,437,3,434
115900013,626,96,530
115900014,149,33,116
115900015,387,18,369
115900016,123,15,108
115900017,192,65,127
115900018,139,8,131
115900019,153,15,138
115900020,546,3,543
115900021,369,1375,-1006
115900022,384,23,361
115900023,4,5,-1
115900025,22,89,-67
115900026,632,38,594
115900027,0,102,-102
115900028,103,21,82
115900029,9,99,-90
115900030,68,15,53
115900031,41,271,-230
115900032,251,540,-289
115900033,1,28,-27
115900034,9,100,-91
115900035,85,7,78
115900036,16,4105,-4089
115900037,24,95,-71
115900038,33,8,25
115900039,262,86,176
115900041,128,1344,-1216
115900042,54,5,49
115900043,165,29,136
115900044,139,981,-842
115900046,1247,49,1198
115900047,47,223,-176
115900049,267,92,175
115900051,3,28,-25
115900052,36,42,-6
115900053,527,47,480
115900054,689,16,673
115900055,28,31,-3
115900056,410,70,340
115900057,2,7,-5
115900058,12,17,-5
115900060,68,47,21
115900061,490,4,486
115900062,186,27,159
115900063,13,1,12
115900064,82,191,-109
115900065,268,43,225
115900066,28,29,-1
115900067,23,59,-36
115900068,899,2165,-1266
115900069,27,122,-95
115900070,459,16,443
115900071,0,42,-42
115900072,23,66,-43
115900073,325,185,140
115900074,0,53,-53
115900075,36,53,-17
115900076,1,27,-26
115900077,4,39,-35
115900078,22,436,-414
115900079,838,18,820
115900080,46,63,-17
115900081,31,7,24
115900082,103,184,-81
115900084,1156,7,1149
115900085,46,54,-8
115900086,467,190,277
115900088,2,141,-139
115900089,695,179,516
115900090,1198,4,1194
115900091,37,2,35
115900092,24,37,-13
115900093,5,12,-7
115900094,2,39,-37
115900096,6,17,-11
115900097,3,61,-58
115900098,466,102,364
115900099,180,194,-14
115900100,17,136,-119
115900101,270,52,218
115900102,189,35,154
115900103,210,35,175
115900104,103,34,69
115900105,463,66,397
115900106,209,4,205
115900107,158,19,139
115900108,334,4,330
115900109,4,136,-132
115900110,13,0,13
115900111,0,30,-30
115900112,21,268,-247
115900113,81,12,69
115900114,0,35,-35
115900115,153,41,112
115900116,108,329,-221
115900117,213,5,208
115900118,0,69,-69
115900119,353,38,315
115900120,46,82,-36
115900121,352,39,313
115900124,96,963,-867
115900125,632,166,466
115900126,1717,36,1681
115900127,1620,47,1573
115900128,1,78,-77
115900129,661,8,653
115900130,2,250,-248
115900131,829,45,784
115900132,1097,4,1093
115900134,654,9,645
115900135,202,470,-268
115900137,8,1,7
115900139,33,184,-151
115900140,867,28,839
115900141,2,115,-113
115900142,11,39,-28
115900143,284,67,217
115900144,241,85,156
115900146,23,21,2
115900147,181,375,-194
115900148,28,25,3
115900149,398,3,395
115900150,198,11,187
115900151,109,56,53
115900152,353,100,253
115900153,170,69,101
115900154,164,186,-22
115900155,0,11,-11
115900156,617,523,94
115900157,446,360,86
115900158,30,1,29
115900159,541,72,469
115900160,0,1,-1
115900161,16,24,-8
115900163,428,30,398
115900164,1609,3,1606
115900165,6,522,-516
115900166,30,46,-16
115900168,611,35,576
115900171,153,75,78
115900172,42,38,4
115900173,343,122,221
115900174,78,83,-5
115900175,396,72,324
115900178,46,97,-51
115900179,750,2,748
115900180,50,36,14
115900181,466,54,412
115900182,1146,71,1075
115900183,44,219,-175
115900184,362,11,351
115900187,5,180,-175
115900189,0,184,-184
115900190,129,793,-664
115900191,8,107,-99
115900192,33,151,-118
115900193,49,267,-218
115900194,1543,31,1512
115900195,263,4572,-4309
115900198,328,278,50
115900199,441,67,374
115900200,243,64,179
115900201,108,181,-73
115900202,10,440,-430
115900203,0,0,0
115900204,0,17,-17
115900205,3,0,3
115900206,923,41,882
115900207,70,3,67
115900208,135,40,95
115900209,12,71,-59
115900210,1,136,-135
115900211,0,67,-67
115900212,451,76,375
115900213,50,254,-204
115900214,1069,38,1031
115900215,16,277,-261
115900216,0,14,-14
115900217,12,13,-1
115900218,4,6,-2
115900219,326,9,317
115900220,469,3,466
115900221,261,7,254
115900222,135,44,91
115900223,4,554,-550
115900224,446,3130,-2684
115900225,41,54,-13
115900226,5,18,-13
115900227,10,11,-1
115900228,0,26,-26
115900229,3,4,-1
115900230,64,22,42
115900231,251,1,250
115900232,162,2,160
115900233,262,4,258
115900234,67,20,47
115900235,41,23,18
115900236,58,228,-170
115900237,32,24,8
115900238,27,20,7
115900239,10,36,-26
115900240,6,22,-16
115900241,494,13,481
115900242,173,861,-688
115900243,38,9,29
115900244,59,11,48
115900245,1,21,-20
115900246,1,2,-1
115900247,1,2,-1
115900248,4,2,2
115900249,9,2,7
115900250,56,8,48
115900251,11,0,11
115900252,10,0,10
115900253,33,16,17
115900254,4,22,-18
115900255,2,29,-27
115900256,11,75,-64
115900257,1,4,-3
115900258,0,2,-2
115900259,7,0,7
115900260,3,0,3
115900261,5,0,5
115900262,0,0,0
115900263,2,0,2
115900264,30,0,30
115900265,11,1,10
115900266,2,4,-2
115900267,1,1,0
115900268,1,20,-19
115900269,1638,56,1582
115900270,297,48,249
116000001,3630,1029,2601
116000002,5125,19609,-14484
116000003,770,584,186
116000004,5106,7234,-2128
116000005,618,2040,-1422
116000006,2487,4670,-2183
116000007,1323,1295,28
116000008,6465,2540,3925
116000009,819,653,166
116000010,3880,1721,2159
116000011,605,696,-91
116000012,2435,991,1444
116000013,3137,1723,1414
116000014,7249,28039,-20790
116000015,124,2476,-2352
116000016,3180,7664,-4484
116000017,75,612,-537
116000018,240,206,34
116000019,1993,127,1866
116000020,373,791,-418
116000021,1755,138,1617
116000022,684,288,396
116000023,2791,1411,1380
116000024,562,519,43
116000025,1225,618,607
116000026,1097,2570,-1473
116000027,570,841,-271
116000028,488,694,-206
116000029,320,190,130
116000030,720,407,313
116000031,61,75,-14
116000032,153,56,97
116000033,456,89,367
116000034,426,321,105
116000035,276,305,-29
116000036,293,1807,-1514
116000037,132,638,-506
116000038,87,682,-595
116000039,174,766,-592
116000040,424,662,-238
116000041,104,531,-427
116000042,1244,661,583
116000043,234,632,-398
116000044,0,3,-3
116000045,1222,1444,-222
116000046,812,983,-171
116000047,1610,2128,-518
116000048,2780,1196,1584
116000049,1683,1654,29
116000050,1263,930,333
116000051,2948,1930,1018
116000052,2853,1860,993
116000053,2641,574,2067
116000054,949,1833,-884
116000055,894,883,11
116000056,1860,1008,852
116000057,1990,699,1291
116000058,3371,2439,932
116000059,2150,4448,-2298
116000060,1846,1168,678
116000061,149,1300,-1151
116000062,746,212,534
116000063,700,1963,-1263
116000066,578,692,-114
116000067,239,289,-50
116000068,142,244,-102
116000069,304,147,157
116000078,666,675,-9
116000080,1221,304,917
116000082,0,12,-12
116000083,2505,216,2289
116000084,1137,967,170
116000085,1515,1745,-230
116000086,739,227,512
116000087,3815,1315,2500
116000088,1523,593,930
116000089,191,50,141
116000090,335,139,196
116000091,252,350,-98
116000093,826,202,624
116000094,1370,287,1083
116000095,981,279,702
116000096,3112,4539,-1427
116000097,1353,365,988
116000098,29,15173,-15144
116000099,4986,186,4800
116000100,461,36,425
116000101,2700,218,2482
116000102,320,318,2
116000103,367,518,-151
116000104,328,723,-395
116000105,2351,202,2149
116000106,676,1583,-907
116000107,4140,519,3621
116000108,66,899,-833
116000111,255,25,230
116000113,211,33,178
116000114,23,66,-43
116000115,385,127,258
116000116,327,107,220
116000117,1929,917,1012
116000118,2321,603,1718
116000119,5070,1125,3945
116000120,2482,1450,1032
116000121,1637,259,1378
116000122,780,366,414
116000123,2345,305,2040
116000124,723,217,506
116000125,4588,272,4316
116000126,497,250,247
116000127,989,384,605
116000128,3459,568,2891
116000129,2236,69,2167
116000130,1408,749,659
116000133,3402,371,3031
116000134,1546,454,1092
116000135,4106,603,3503
116000136,941,868,73
116000137,1357,499,858
116000138,1071,356,715
116000139,2388,2828,-440
116000140,293,354,-61
116000141,1163,395,768
116000142,3215,1690,1525
116000143,2454,1576,878
116000144,2351,1142,1209
116000145,3948,738,3210
116000146,1512,130,1382
116000147,391,222,169
116000148,1556,1323,233
116000149,649,266,383
116000151,807,510,297
116000153,155,506,-351
116000155,222,492,-270
116000156,1259,444,815
116000157,94,3,91
116000158,366,118,248
116000159,2,16,-14
116000160,102,39,63
116000161,5,86,-81
116000162,46,388,-342
116000163,135,15,120
116000164,48,15,33
116000177,116,637,-521
116000194,78,227,-149
116000195,2596,493,2103
116000196,193,15,178
116000197,144,96,48
116000198,1980,936,1044
116000200,696,1181,-485
116000201,450,204,246
116000202,4,267,-263
116000203,0,14,-14
116000204,3,7,-4
116000205,0,71,-71
116000206,1,160,-159
116000207,18,92,-74
116000233,129,130,-1
116000287,515,99,416
116000288,614,170,444
116000292,234,176,58
116000296,27,160,-133
116000297,143,20,123
116000304,408,4,404
116000305,1,321,-320
116000346,568,134,434
116000352,259,79,180
116000354,79,33,46
116000357,10,30,-20
116000358,754,289,465
116000361,15,0,15
116000372,2541,8517,-5976
116000381,426,3,423
116000388,7,47,-40
116000389,946,105,841
116000445,2207,199,2008
116000446,1055,79,976
116000447,28,692,-664
116000448,450,46,404
116000563,474,746,-272
116000565,163,206,-43
116000568,31,755,-724
116000579,52,212,-160
116000584,93,8,85
116000585,136,45,91
116000586,46,91,-45
116000587,360,129,231
116000589,92,55,37
116000590,253,42,211
116000591,355,62,293
116000592,2,50,-48
116000593,2,14,-12
116000594,2661,112,2549
116000595,1200,23,1177
116000596,445,6,439
116000597,1110,424,686
116000598,93,158,-65
116000602,19,1327,-1308
116000605,177,47,130
116000606,95,160,-65
116000607,1,49,-48
116000609,89,1946,-1857
116000611,385,112,273
116000612,2359,2223,136
116000613,1011,206,805
116000614,737,139,598
116000615,34,372,-338
116000616,159,41,118
116000617,290,4,286
116000618,7,46,-39
116000619,25,176,-151
116000620,589,224,365
116000621,119,68,51
116000622,125,98,27
116000624,76,149,-73
116900001,208,67,141
116900002,251,2,249
116900003,170,3,167
116900004,50,178,-128
116900005,530,19,511
116900006,84,175,-91
116900007,82,102,-20
116900008,1423,84,1339
116900009,13,34,-21
116900010,0,279,-279
116900011,5,24,-19
116900012,144,160,-16
116900013,3,93,-90
116900014,339,36,303
116900015,1273,57,1216
116900016,482,9,473
116900017,40,182,-142
116900018,170,155,15
116900019,10,104,-94
116900020,421,2068,-1647
116900023,35,17,18
116900024,1648,23,1625
116900025,2547,350,2197
116900026,46,279,-233
116900027,216,15,201
116900028,0,33,-33
116900029,1,232,-231
116900031,0,5,-5
116900032,0,65,-65
116900033,38,4,34
116900034,1,12,-11
116900035,181,70,111
116900036,6,100,-94
116900038,9,8,1
116900041,433,9,424
116900042,133,97,36
116900043,32,36,-4
116900045,176,54,122
116900047,29,469,-440
116900049,19,99,-80
116900050,47,124,-77
116900051,676,43,633
116900052,278,78,200
116900055,0,36,-36
116900057,14,64,-50
116900058,13,125,-112
116900059,2,39,-37
116900060,154,197,-43
116900062,3,96,-93
116900064,97,111,-14
116900065,9,49,-40
116900067,157,14,143
116900068,152,68,84
116900070,6,3,3
116900072,52,88,-36
116900073,20,40,-20
116900074,1,32,-31
116900076,36,41,-5
116900077,5,39,-34
116900078,141,44,97
116900079,83,46,37
116900080,0,20,-20
116900081,127,295,-168
116900082,112,1033,-921
116900083,1,1,0
116900084,48,14,34
116900085,12,46,-34
116900086,16,116,-100
116900088,216,11,205
116900090,6,3,3
116900091,897,16,881
116900092,112,185,-73
116900093,1951,1435,516
116900094,3731,8389,-4658
116900095,441,109,332
116900096,208,593,-385
116900097,937,5994,-5057
116900098,297,153,144
116900099,119,320,-201
116900100,2206,176,2030
116900101,152,477,-325
116900103,12,0,12
116900104,9,154,-145
116900105,699,358,341
116900106,5924,80,5844
116900107,814,4631,-3817
116900110,31,0,31
116900111,1362,370,992
116900112,438,267,171
116900113,1018,1654,-636
116900116,22,436,-414
116900117,447,311,136
116900118,650,1250,-600
116900120,824,98,726
116900121,506,15,491
116900122,2431,297,2134
116900123,1109,229,880
116900124,75,174,-99
116900125,1031,61,970
116900126,123,1441,-1318
116900128,24,12,12
116900129,1,129,-128
116900130,785,8008,-7223
116900131,14,359,-345
116900132,201,126,75
116900133,527,90,437
116900134,418,129,289
116900136,232,40,192
116900137,164,50,114
116900138,148,24,124
116900139,42,83,-41
116900140,103,42,61
116900141,194,49,145
116900142,14,53,-39
116900143,633,205,428
116900144,123,25,98
116900145,58,110,-52
116900147,90,954,-864
116900148,3,4,-1
116900149,62,213,-151
116900150,19,1,18
116900151,19,4,15
116900153,191,158,33
116900154,263,697,-434
116900155,125,117,8
116900157,1678,48,1630
116900158,186,365,-179
116900159,62,423,-361
116900160,1092,607,485
116900161,2827,14507,-11680
116900162,21,91,-70
116900163,584,43,541
116900164,138,39,99
116900165,881,297,584
116900166,206,89,117
116900167,872,21,851
116900168,1070,22,1048
116900169,111,730,-619
116900170,855,252,603
116900171,111,121,-10
116900172,101,876,-775
116900173,957,7,950
116900174,72,89,-17
116900175,638,332,306
116900178,86,76,10
116900179,55,597,-542
116900180,120,3,117
116900182,1077,171,906
116900183,326,136,190
116900185,44,7,37
116900186,169,84,85
116900187,80,96,-16
116900188,287,10,277
116900189,39,0,39
116900191,127,100,27
116900192,762,175,587
116900194,82,1859,-1777
116900195,53,6,47
116900196,33,37,-4
116900197,307,18,289
116900198,55,1185,-1130
116900200,222,5,217
116900201,665,6,659
116900202,44,19,25
116900203,347,9,338
116900204,23,373,-350
116900206,100,2,98
116900207,15,25,-10
116900208,1,58,-57
116900209,17,19,-2
116900210,431,183,248
116900211,304,10,294
116900212,271,3,268
116900213,227,57,170
116900214,548,151,397
116900215,33,26,7
116900216,321,95,226
116900218,5,165,-160
116900219,589,117,472
116900220,119,154,-35
116900221,207,266,-59
116900222,298,176,122
116900223,35,61,-26
116900226,517,26,491
116900227,481,22,459
116900228,615,82,533
116900230,88,80,8
116900231,121,114,7
116900232,51,113,-62
116900233,740,66,674
116900234,58,6,52
116900235,134,147,-13
116900238,358,119,239
116900239,19,1579,-1560
116900240,2461,5115,-2654
116900241,340,228,112
116900242,348,1836,-1488
116900243,0,37,-37
116900245,53,91,-38
116900246,187,2,185
116900247,1428,35,1393
116900248,122,24,98
116900249,1333,40,1293
116900250,730,119,611
116900251,262,2349,-2087
116900252,439,344,95
116900253,194,36,158
116900254,74,133,-59
116900255,147,241,-94
116900256,952,284,668
116900257,42,274,-232
116900258,2,33,-31
116900259,424,18,406
116900260,2,19,-17
116900261,43,4,39
116900262,96,58,38
116900263,0,9,-9
116900264,6,3,3
116900265,205,0,205
116900266,24,3,21
116900267,18,0,18
116900268,26,492,-466
116900269,306,864,-558
116900271,384,1216,-832
116900272,275,253,22
116900273,22,169,-147
116900274,200,32,168
116900275,495,61,434
116900276,235,630,-395
116900277,217,132,85
116900278,2,5,-3
116900279,6,8,-2
116900280,139,5,134
116900281,2362,11258,-8896
116900282,0,28,-28
116900283,0,13,-13
116900284,7,68,-61
116900285,33,611,-578
116900286,56,0,56
116900287,2,30,-28
116900288,242,34,208
116900289,56,5,51
116900290,13,4,9
116900291,33,22,11
116900292,1,29,-28
116900293,168,4,164
116900294,2,44,-42
116900295,135,165,-30
116900296,26,98,-72
116900297,2,31,-29
116900298,7,24,-17
116900299,3,73,-70
116900300,0,68,-68
116900301,20,199,-179
116900302,333,522,-189
116900303,135,231,-96
116900304,0,208,-208
116900305,2,41,-39
116900306,532,121,411
117000001,3622,3581,41
117000002,1800,2672,-872
117000003,5862,2037,3825
117000004,1789,2946,-1157
117000005,4260,1780,2480
117000006,963,1508,-545
117000007,8156,990,7166
117000008,1170,1734,-564
117000009,4800,1492,3308
117000010,974,1313,-339
117000011,4466,1086,3380
117000012,2032,816,1216
117000013,3360,876,2484
117000014,1661,2246,-585
117000015,3960,1784,2176
117000016,317,341,-24
117000017,68,281,-213
117000018,121,1476,-1355
117000019,63,4,59
117000020,410,3985,-3575
117000021,1090,317,773
117000022,116,449,-333
117000023,58,446,-388
117000024,195,750,-555
117000025,210,2904,-2694
117000026,1953,3269,-1316
117000027,363,1196,-833
117000028,436,1150,-714
117000030,85,94,-9
117000032,1215,1056,159
117000033,2098,1800,298
117000034,177,35,142
117000036,335,59,276
117000038,259,197,62
117000039,15,70,-55
117000040,22,408,-386
117000041,2443,75,2368
117000044,3,246,-243
117000045,1484,693,791
117000046,206,723,-517
117000047,665,927,-262
117000048,1095,720,375
117000049,55,1069,-1014
117000050,954,1498,-544
117000051,3873,172,3701
117000052,152,159,-7
117000053,2210,11,2199
117000054,2295,3,2292
117000055,2,598,-596
117000056,721,30,691
117000057,666,1054,-388
117000060,430,614,-184
117000061,3161,1837,1324
117000062,160,480,-320
117000063,1854,744,1110
117000064,432,415,17
117000066,272,536,-264
117000067,69,645,-576
117000074,10,163,-153
117000076,53,26,27
117000077,221,131,90
117000078,73,578,-505
117000079,397,143,254
117000080,1,372,-371
117000081,624,118,506
117000082,20,123,-103
117000083,57,10,47
117000084,128,0,128
117000085,634,1169,-535
117000086,665,291,374
117000087,117,531,-414
117000088,642,147,495
117000089,4324,147,4177
117000090,538,382,156
117000091,2223,110,2113
117000092,525,484,41
117000093,3462,157,3305
117000094,926,539,387
117000095,5005,235,4770
117000096,755,618,137
117000097,3855,589,3266
117000098,1538,1064,474
117000099,6864,701,6163
117000100,343,272,71
117000101,146,398,-252
117000102,2867,365,2502
117000103,390,579,-189
117000104,2782,331,2451
117000105,397,678,-281
117000106,2950,228,2722
117000107,557,722,-165
117000108,3854,776,3078
117000109,696,1205,-509
117000110,2205,2224,-19
117000111,4385,3340,1045
117000112,5325,832,4493
117000113,132,65,67
117000114,550,226,324
117000115,81,34,47
117000116,335,158,177
117000117,1628,1049,579
117000118,633,460,173
117000119,172,488,-316
117000120,27,606,-579
117000121,10,970,-960
117000122,818,1380,-562
117000123,1986,63,1923
117000124,42,237,-195
117000125,38,490,-452
117000126,43,74,-31
117000127,167,676,-509
117000128,69,1073,-1004
117000129,51,209,-158
117000130,50,2,48
117000131,0,60,-60
117000132,7942,54,7888
117000133,5949,19,5930
117000134,0,82,-82
117000135,0,155,-155
117000136,0,11,-11
117000137,412,123,289
117000138,0,766,-766
117000140,424,551,-127
117000141,2627,281,2346
117000181,255,104,151
117000182,2309,2663,-354
117000195,195,211,-16
117000196,664,280,384
117000225,54,349,-295
117000226,2,273,-271
117000276,894,52,842
117000277,0,89,-89
117000310,1006,3176,-2170
117000315,199,876,-677
117000320,66,0,66
117000906,989,22,967
117000907,25,73,-48
117000908,2,215,-213
117000909,124,140,-16
117000910,277,89,188
117000911,41,99,-58
117000915,1,113,-112
117000916,102,8,94
117000917,2075,113,1962
117000918,324,132,192
117000919,7,24,-17
117000920,1,1033,-1032
117000921,0,317,-317
117000922,25,45,-20
117000924,2216,475,1741
117000926,467,196,271
117000927,226,619,-393
117000928,0,121,-121
117000929,616,96,520
117000930,1265,18,1247
117000931,142,71,71
117900002,64,1004,-940
117900003,36,76,-40
117900005,4,285,-281
117900006,0,28,-28
117900007,254,62,192
117900008,0,14,-14
117900010,755,71,684
117900011,15,589,-574
117900012,158,59,99
117900013,1,334,-333
117900014,1007,78,929
117900015,22,52,-30
117900016,895,1548,-653
117900017,1395,169,1226
117900018,530,375,155
117900019,1527,130,1397
117900020,42,135,-93
117900021,32,142,-110
117900022,23,9,14
117900023,2602,102,2500
117900024,170,161,9
117900025,21,1,20
117900026,805,232,573
117900028,145,39,106
117900029,848,231,617
117900030,273,527,-254
117900031,514,468,46
117900032,1286,585,701
117900033,906,274,632
117900034,50,40,10
117900035,420,557,-137
117900036,557,166,391
117900037,401,37,364
117900038,47,64,-17
117900039,0,29,-29
117900040,244,59,185
117900041,0,15,-15
117900042,2003,600,1403
117900043,0,16,-16
117900044,119,6295,-6176
117900045,523,110,413
117900048,586,197,389
117900049,444,273,171
117900050,17,323,-306
117900051,47,48,-1
117900052,135,771,-636
117900053,2792,116,2676
117900054,1,9,-8
117900055,1157,296,861
117900056,57,49,8
117900057,1274,472,802
117900058,70,778,-708
117900059,163,210,-47
117900060,4447,1440,3007
117900061,6,430,-424
117900063,931,234,697
117900065,187,735,-548
117900066,1,225,-224
117900067,1463,134,1329
117900069,1911,82,1829
117900070,13,365,-352
117900071,361,146,215
117900073,1770,58,1712
117900074,13,532,-519
117900075,267,112,155
117900076,6,102,-96
117900077,1261,59,1202
117900078,657,457,200
117900080,310,37,273
117900081,256,135,121
117900082,1221,217,1004
117900083,1555,489,1066
117900086,309,100,209
117900087,300,17,283
117900088,603,693,-90
117900089,3983,364,3619
117900090,1335,658,677
117900091,200,45,155
117900092,290,59,231
117900093,291,29,262
117900094,174,43,131
117900095,1056,300,756
117900096,394,452,-58
117900097,235,53,182
117900098,165,34,131
117900099,605,499,106
117900100,1529,3,1526
117900101,1135,3107,-1972
117900102,127,21,106
117900103,130,17,113
117900104,8,362,-354
117900105,50,114,-64
117900106,121,20,101
117900107,192,2,190
117900109,2461,681,1780
117900110,573,2,571
117900111,2109,201,1908
117900112,206,6,200
117900113,1168,2982,-1814
117900114,46,0,46
117900115,30,179,-149
117900116,596,286,310
117900117,1527,184,1343
117900118,453,2,451
117900119,564,7,557
117900120,1486,9,1477
117900121,144,23,121
117900122,1016,8752,-7736
117900123,1247,582,665
117900124,208,594,-386
117900125,1989,765,1224
117900126,87,177,-90
117900127,809,401,408
117900128,608,317,291
117900129,262,3,259
117900130,1241,370,871
117900131,6,37,-31
117900132,13,27,-14
117900133,9,28,-19
117900134,71,260,-189
117900135,23,88,-65
117900136,0,5,-5
117900137,17,102,-85
117900138,0,8,-8
117900139,59,85,-26
117900140,4082,707,3375
117900141,45,252,-207
117900142,17,470,-453
117900144,9,590,-581
117900145,22,379,-357
117900146,27,499,-472
117900147,135,172,-37
117900148,2616,4073,-1457
117900149,84,67,17
117900150,150,44,106
117900151,105,166,-61
117900152,59,100,-41
117900153,11,253,-242
117900154,880,421,459
117900156,237,201,36
117900157,92,217,-125
117900158,551,60,491
117900160,1619,731,888
117900161,629,456,173
117900162,971,357,614
117900163,45,988,-943
117900165,0,6,-6
117900166,13,198,-185
117900168,143,107,36
117900169,0,31,-31
117900170,0,15,-15
117900171,8,8,0
117900172,3,3,0
117900173,38,24,14
117900174,27,11,16
117900175,13,18,-5
117900176,51,7,44
117900177,46,17,29
117900178,60,15,45
117900180,148,25,123
117900181,35,852,-817
117900182,0,142,-142
117900183,284,138,146
117900184,63,82,-19
117900185,72,37,35
117900186,138,16,122
117900187,47,3,44
117900188,254,47,207
117900189,122,20,102
117900190,15,0,15
117900191,148,0,148
117900192,275,0,275
117900193,22,38,-16
117900194,10,0,10
117900195,16,89,-73
117900196,28,18,10
117900207,63,163,-100
117900208,55,37,18
117900209,146,73,73
117900210,98,37,61
117900211,0,34,-34
117900212,223,77,146
117900213,46,23,23
117900214,40,6,34
117900216,6,32,-26
117900217,122,201,-79
117900218,249,319,-70
117900219,1,275,-274
117900220,2,199,-197
117900221,0,24,-24
118000001,642,1704,-1062
118000002,487,917,-430
118000003,1652,3077,-1425
118000004,781,2670,-1889
118000005,3905,2062,1843
118000006,2052,2753,-701
118000007,5601,9304,-3703
118000008,792,7545,-6753
118000009,1331,3360,-2029
118000010,2966,3661,-695
118000011,3335,1172,2163
118000012,1053,1060,-7
118000013,2266,2517,-251
118000014,1559,1122,437
118000016,316,146,170
118000017,684,363,321
118000018,353,149,204
118000019,986,1549,-563
118000020,255,1555,-1300
118000021,496,1631,-1135
118000022,1016,440,576
118000023,374,270,104
118000024,506,553,-47
118000025,328,626,-298
118000027,7265,4770,2495
118000029,432,651,-219
118000032,309,1497,-1188
118000033,1657,3343,-1686
118000034,1919,2284,-365
118000035,1496,1813,-317
118000036,971,783,188
118000037,742,1216,-474
118000038,760,106,654
118000039,136,51,85
118000040,2285,1010,1275
118000041,4252,1621,2631
118000045,96,193,-97
118000046,537,984,-447
118000047,580,2706,-2126
118000048,1264,2502,-1238
118000051,791,2918,-2127
118000052,354,1098,-744
118000053,322,1589,-1267
118000054,3541,1006,2535
118000055,1860,1352,508
118000056,74,592,-518
118000057,109,482,-373
118000058,1667,6744,-5077
118000059,1016,4020,-3004
118000060,1291,659,632
118000061,1605,1367,238
118000062,407,140,267
118000063,325,827,-502
118000064,646,1052,-406
118000065,1741,1811,-70
118000066,1184,2501,-1317
118000067,330,556,-226
118000068,720,10751,-10031
118000069,1018,1096,-78
118000070,5795,2435,3360
118000071,3952,12372,-8420
118000072,540,4391,-3851
118000073,359,1990,-1631
118000074,349,726,-377
118000075,535,407,128
118000076,1637,8724,-7087
118000077,843,910,-67
118000078,2268,2052,216
118000079,148,512,-364
118000080,308,531,-223
118000081,1288,1248,40
118000082,319,813,-494
118000083,766,1111,-345
118000084,1209,3507,-2298
118000086,94,828,-734
118000087,2870,2029,841
118000088,1325,1419,-94
118000089,3282,3505,-223
118000090,1105,4038,-2933
118000091,1009,6143,-5134
118000092,776,489,287
118000093,89,688,-599
118000096,718,429,289
118000097,632,514,118
118000098,100,197,-97
118000099,768,196,572
118000101,2228,283,1945
118000102,426,298,128
118000107,1451,345,1106
118000108,678,8511,-7833
118000110,2,14,-12
118000111,0,95,-95
118000112,2263,26,2237
118000113,5,178,-173
118000114,2187,51,2136
118000115,16,16,0
118000116,77,1,76
118000117,476,554,-78
118000118,1567,1021,546
118000119,1879,1104,775
118000120,930,608,322
118000121,17,393,-376
118000122,274,190,84
118000123,57,203,-146
118000125,616,1052,-436
118000126,799,2530,-1731
118000127,1350,804,546
118000128,310,1295,-985
118000129,1649,908,741
118000130,1411,2432,-1021
118000131,300,639,-339
118000132,2179,2050,129
118000133,1888,681,1207
118000135,725,782,-57
118000136,62,601,-539
118000137,383,48,335
118000138,482,243,239
118000139,679,85,594
118000140,3918,9574,-5656
118000141,3568,1453,2115
118000142,3244,1597,1647
118000143,3741,1404,2337
118000144,537,238,299
118000145,1119,569,550
118000146,1515,171,1344
118000147,1243,571,672
118000148,1205,1529,-324
118000149,803,270,533
118000150,866,119,747
118000151,886,156,730
118000153,2272,456,1816
118000154,1889,611,1278
118000155,2968,661,2307
118000156,1817,3765,-1948
118000157,600,188,412
118000158,252,532,-280
118000159,56,88,-32
118000160,1021,220,801
118000161,847,204,643
118000162,1623,674,949
118000163,1363,809,554
118000164,1990,1138,852
118000168,500,1920,-1420
118000169,860,708,152
118000170,2557,1910,647
118000171,472,413,59
118000172,88,134,-46
118000173,693,1021,-328
118000175,192,201,-9
118000176,436,166,270
118000177,385,224,161
118000178,16,44,-28
118000179,503,490,13
118000180,501,326,175
118000181,380,122,258
118000182,172,88,84
118000183,190,175,15
118000184,1803,315,1488
118000185,397,2268,-1871
118000186,396,1376,-980
118000187,3169,295,2874
118000188,1580,73,1507
118000189,2084,185,1899
118000190,3,1,2
118000191,22,18,4
118000192,6,78,-72
118000193,8,157,-149
118000194,1905,872,1033
118000195,194,3334,-3140
118000196,92,731,-639
118000197,88,342,-254
118000198,306,1697,-1391
118000199,195,1248,-1053
118000200,56,834,-778
118000201,128,926,-798
118000202,26,607,-581
118000203,253,1712,-1459
118000204,17,563,-546
118000205,50,325,-275
118000206,253,186,67
118000207,1,74,-73
118000208,2033,1432,601
118000209,2599,428,2171
118000210,354,12,342
118000211,254,75,179
118000213,229,3731,-3502
118000214,199,614,-415
118000215,422,120,302
118000216,11417,1823,9594
118000217,16,28,-12
118000218,144,23,121
118000219,220,242,-22
118000220,70,15,55
118000221,1784,1338,446
118000222,154,5,149
118000223,125,26,99
118000224,77,51,26
118000225,312,606,-294
118000226,2511,151,2360
118000227,402,499,-97
118000228,77,281,-204
118000229,28,672,-644
118000230,193,129,64
118000231,44,135,-91
118000232,868,104,764
118000233,1725,328,1397
118000234,578,66,512
118000236,318,366,-48
118000237,188,117,71
118000238,286,55,231
118000239,357,178,179
118000240,70,94,-24
118000241,337,88,249
118000242,1129,96,1033
118000243,366,112,254
118000244,75,22,53
118000246,0,40,-40
118000255,38,180,-142
118000256,231,127,104
118000259,34,65,-31
118000260,348,50,298
118000261,90,8,82
118000263,141,163,-22
118000266,119,92,27
118000267,0,93,-93
118000268,362,3,359
118000270,281,2,279
118000271,410,73,337
118000272,83,33,50
118000273,592,52,540
118000274,67,139,-72
118000276,476,100,376
118000295,43,99,-56
118000298,100,75,25
118000299,68,40,28
118000301,0,40,-40
118000302,119,11,108
118000311,2195,70,2125
118000312,577,70,507
118000313,116,40,76
118000314,193,26,167
118000315,131,15,116
118000316,1026,219,807
118000325,136,13,123
118000326,74,38,36
118000331,129,2,127
118000332,29,19,10
118000333,107,39,68
118000335,1346,20,1326
118000336,0,137,-137
118000407,457,21,436
118000457,6,27,-21
118000465,568,2438,-1870
118000480,77,21,56
118000489,4,837,-833
118000490,3,161,-158
118000492,472,103,369
118000510,62,6,56
118000514,55,255,-200
118000515,896,2233,-1337
118000517,204,165,39
118000524,207,577,-370
118000525,352,491,-139
118000530,17,161,-144
118000531,645,107,538
118000532,253,122,131
118000533,190,51,139
118000534,713,197,516
118000535,474,24,450
118000536,49,468,-419
118000537,26,101,-75
118000538,14,59,-45
118000539,60,158,-98
118000540,220,125,95
118000541,104,79,25
118000542,145,200,-55
118000543,553,190,363
118000546,78,15,63
118000560,532,2961,-2429
118000562,141,61,80
118000563,1420,794,626
118000576,215,23,192
118000577,188,137,51
118000578,66,15,51
118000579,378,1982,-1604
118000595,173,21,152
118000596,0,155,-155
118000597,219,50,169
118000598,19,0,19
118000599,214,40,174
118000600,1,17,-16
118000601,52,0,52
118000602,0,22,-22
118000603,0,3,-3
118900001,532,1312,-780
118900002,699,888,-189
118900003,1216,8,1208
118900004,139,11,128
118900005,95,8,87
118900006,197,0,197
118900007,1,1,0
118900008,744,8,736
118900009,133,169,-36
118900010,87,21,66
118900011,201,17,184
118900012,191,112,79
118900013,1229,925,304
118900015,578,27,551
118900016,6,3,3
118900017,16,237,-221
118900018,1305,32,1273
118900019,0,3,-3
118900020,23,99,-76
118900021,152,617,-465
118900022,74,12,62
118900023,53,122,-69
118900024,147,126,21
118900025,36,41,-5
118900026,38,11,27
118900027,259,208,51
118900028,285,119,166
118900029,185,293,-108
118900030,1392,61,1331
118900031,56,32,24
118900032,304,51,253
118900033,359,726,-367
118900034,428,20,408
118900035,129,59,70
118900036,1165,205,960
118900037,446,923,-477
118900038,603,36,567
118900039,1670,106,1564
118900040,309,83,226
118900041,1107,89,1018
118900042,95,17,78
118900045,134,99,35
118900046,244,187,57
118900047,202,419,-217
118900048,62,482,-420
118900049,16,8,8
118900050,154,3,151
118900051,104,86,18
118900052,298,578,-280
118900053,2,56,-54
118900054,149,29,120
118900055,269,16,253
118900056,33,218,-185
118900057,788,325,463
118900058,622,410,212
118900059,24,78,-54
118900060,45,67,-22
118900062,266,41,225
118900064,121,688,-567
118900065,53,196,-143
118900066,158,24,134
118900067,1926,5014,-3088
118900068,11,517,-506
118900069,925,76,849
118900071,0,13,-13
118900072,535,1080,-545
118900073,501,34,467
118900074,173,32,141
118900075,439,10,429
118900076,270,38,232
118900077,714,105,609
118900078,11,0,11
118900079,32,89,-57
118900080,242,65,177
118900081,17,42,-25
118900082,3364,280,3084
118900083,17,5,12
118900084,11,1,10
118900085,173,141,32
118900086,21,111,-90
118900087,214,1321,-1107
118900088,0,0,0
118900089,6,25,-19
118900090,189,83,106
118900091,144,197,-53
118900092,426,10,416
118900093,47,11,36
118900096,40,12,28
118900097,214,177,37
118900099,38,97,-59
118900100,39,72,-33
118900101,428,116,312
118900102,58,72,-14
118900103,30,50,-20
118900104,632,71,561
118900105,208,51,157
118900107,55,42,13
118900108,126,139,-13
118900109,116,148,-32
118900110,964,1604,-640
118900111,1262,444,818
118900112,452,157,295
118900113,104,88,16
118900114,1,33,-32
118900115,95,181,-86
118900116,154,30,124
118900117,193,22,171
118900118,604,77,527
118900119,297,95,202
118900120,51,182,-131
118900121,25,212,-187
118900122,1,669,-668
118900123,76,158,-82
118900124,184,111,73
118900126,44,162,-118
118900129,315,43,272
118900130,32,88,-56
118900131,537,96,441
118900132,372,120,252
118900133,5,108,-103
118900135,273,90,183
118900136,234,160,74
118900137,6,101,-95
118900139,539,192,347
118900140,540,241,299
118900141,87,217,-130
118900144,170,108,62
118900145,5,127,-122
118900146,407,242,165
118900147,115,301,-186
118900148,45,29,16
118900150,70,760,-690
118900152,525,211,314
118900157,30,156,-126
118900158,450,27,423
118900159,0,95,-95
118900161,63,20,43
118900163,47,48,-1
118900164,0,25,-25
118900165,82,94,-12
118900166,2,0,2
118900167,59,48,11
118900168,47,137,-90
118900169,173,135,38
118900170,639,58,581
118900171,123,22,101
118900174,20,27,-7
118900175,640,213,427
118900176,166,179,-13
118900177,127,14,113
118900178,105,60,45
118900179,6,22,-16
118900181,113,15,98
118900182,26,34,-8
118900183,26,159,-133
118900184,183,31,152
118900185,160,18,142
118900186,116,28,88
118900187,128,405,-277
118900188,339,194,145
118900189,44,488,-444
118900190,200,88,112
118900191,949,65,884
118900192,989,44,945
118900193,1808,8,1800
118900195,160,480,-320
118900196,28,76,-48
118900197,716,9,707
118900198,124,1,123
118900199,140,4,136
118900200,29,29,0
118900201,52,53,-1
118900202,0,28,-28
118900203,108,1,107
118900204,32,0,32
118900205,5,4,1
118900206,2,3,-1
119000001,1712,1538,174
119000002,3391,3209,182
119000003,6287,659,5628
119000004,4109,2158,1951
119000005,2788,2631,157
119000006,5027,2124,2903
119000007,4687,4336,351
119000008,1826,1493,333
119000009,2286,7979,-5693
119000010,3635,4805,-1170
119000011,2039,3061,-1022
119000012,1064,3882,-2818
119000013,3210,1590,1620
119000014,1904,2487,-583
119000019,311,189,122
119000020,3421,1737,1684
119000021,6208,3722,2486
119000022,1205,4937,-3732
119000023,171,349,-178
119000024,1465,25157,-23692
119000025,2899,1170,1729
119000026,21,474,-453
119000027,80,534,-454
119000028,1731,569,1162
119000029,9,138,-129
119000030,549,646,-97
119000031,1454,581,873
119000032,1047,1111,-64
119000033,2712,845,1867
119000034,2022,443,1579
119000035,32,104,-72
119000036,3751,263,3488
119000037,2216,472,1744
119000038,398,281,117
119000039,766,574,192
119000040,550,863,-313
119000041,1066,2096,-1030
119000048,1768,853,915
119000049,3641,1146,2495
119000050,884,1724,-840
119000051,2873,1027,1846
119000052,2222,1818,404
119000053,2374,771,1603
119000054,3549,720,2829
119000055,7386,916,6470
119000056,4924,915,4009
119000057,1858,440,1418
119000058,1223,624,599
119000059,722,501,221
119000060,2764,315,2449
119000061,840,223,617
119000062,922,464,458
119000063,729,634,95
119000064,480,457,23
119000065,870,1626,-756
119000066,1883,1087,796
119000067,1095,637,458
119000068,2456,353,2103
119000069,2372,781,1591
119000070,5056,230,4826
119000071,265,183,82
119000072,3070,1706,1364
119000073,4928,10315,-5387
119000074,2061,640,1421
119000075,6433,1790,4643
119000076,67,248,-181
119000077,1156,165,991
119000078,581,79,502
119000079,214,126,88
119000080,911,109,802
119000081,416,229,187
119000082,1112,114,998
119000083,768,340,428
119000084,493,169,324
119000085,539,53,486
119000086,352,561,-209
119000087,595,153,442
119000088,360,25,335
119000089,105,95,10
119000090,123,91,32
119000091,72,175,-103
119000092,137,93,44
119000093,2744,1332,1412
119000094,6001,4233,1768
119000095,3399,2247,1152
119000097,841,525,316
119000098,1366,7006,-5640
119000099,1599,515,1084
119000100,5351,2800,2551
119000101,3755,1063,2692
119000102,320,1650,-1330
119000103,849,559,290
119000104,777,399,378
119000105,870,3034,-2164
119000106,528,335,193
119000107,1901,598,1303
119000108,875,277,598
119000109,112,178,-66
119000110,189,64,125
119000111,61,544,-483
119000112,76,25,51
119000113,496,94,402
119000114,1497,1665,-168
119000115,35,110,-75
119000116,69,68,1
119000117,123,266,-143
119000118,32,0,32
119000123,1659,1867,-208
119000124,1551,125,1426
119000125,6802,420,6382
119000126,1723,313,1410
119000127,1160,208,952
119000128,47,0,47
119000131,1274,84,1190
119000132,0,2,-2
119000133,14,15,-1
119000134,603,731,-128
119000135,309,99,210
119000136,530,53,477
119000137,556,70,486
119000138,1228,32,1196
119000139,156,50,106
119000140,315,242,73
119000284,907,1260,-353
119000285,1136,683,453
119000286,2443,1930,513
119000287,1437,1508,-71
119000288,2118,532,1586
119000289,1229,1396,-167
119000290,333,272,61
119000291,47,380,-333
119000293,171,174,-3
119000294,17,26,-9
119000295,1565,148,1417
119000296,438,47,391
119000302,757,971,-214
119000303,9,135,-126
119000314,1672,15151,-13479
119000315,0,48,-48
119000316,212,23,189
119000317,194,56,138
119900001,67,1957,-1890
119900002,386,113,273
119900003,6,145,-139
119900004,95,3744,-3649
119900005,440,34,406
119900006,76,418,-342
119900007,347,236,111
119900008,23,199,-176
119900009,470,150,320
119900010,906,221,685
119900011,11,448,-437
119900012,21,199,-178
119900013,1008,676,332
119900014,609,52,557
119900015,596,71,525
119900016,116,10,106
119900017,40,52,-12
119900018,431,2724,-2293
119900019,89,10,79
119900020,92,90,2
119900021,165,56,109
119900022,60,2445,-2385
119900023,276,3420,-3144
119900025,762,21,741
119900026,411,90,321
119900027,5,11,-6
119900028,208,346,-138
119900029,1,2,-1
119900030,612,353,259
119900031,77,1119,-1042
119900033,781,206,575
119900034,1546,33,1513
119900037,281,11,270
119900038,21,516,-495
119900039,109,3,106
119900040,178,43,135
119900041,388,5,383
119900042,57,401,-344
119900043,128,19,109
119900044,156,964,-808
119900046,411,18,393
119900047,690,334,356
119900048,94,4,90
119900049,228,1,227
119900050,321,153,168
119900051,2600,32,2568
119900052,259,15,244
119900053,570,93,477
119900054,684,3,681
119900055,1486,166,1320
119900057,706,21,685
119900058,623,6,617
119900059,46,6,40
119900060,498,22,476
119900061,1229,21,1208
119900062,326,2,324
119900063,26,85,-59
119900064,1103,104,999
119900065,220,6,214
119900066,0,0,0
119900067,153,44,109
119900068,1283,3,1280
119900069,167,7,160
119900070,2411,9,2402
119900071,1398,32,1366
119900072,534,203,331
119900073,1236,62,1174
119900074,72,23,49
119900075,832,1290,-458
119900076,1362,258,1104
119900077,1655,179,1476
119900078,767,267,500
119900079,953,79,874
119900080,486,141,345
119900081,581,9,572
119900082,3610,351,3259
119900083,500,76,424
119900084,673,321,352
119900085,19,19,0
119900086,290,161,129
119900087,191,343,-152
119900088,4,11,-7
119900089,31,86,-55
119900090,18,9,9
119900091,20,108,-88
119900092,18,195,-177
119900093,1534,106,1428
119900094,3,109,-106
119900095,132,33,99
119900096,22,56,-34
119900097,61,145,-84
119900098,37,20,17
119900099,8,56,-48
119900100,282,2347,-2065
119900101,57,460,-403
119900102,74,76,-2
119900103,48,43,5
119900104,17,37,-20
119900105,525,647,-122
119900106,4,43,-39
119900107,85,458,-373
119900108,1828,447,1381
119900109,7,39,-32
119900110,503,180,323
119900111,359,71,288
119900112,399,1014,-615
119900113,20,144,-124
119900114,252,180,72
119900115,1055,164,891
119900116,92,305,-213
119900117,401,191,210
119900118,256,144,112
119900119,308,50,258
119900120,317,164,153
119900121,781,119,662
119900122,16,40,-24
119900123,104,103,1
119900124,251,174,77
119900125,11,49,-38
119900126,1014,183,831
119900127,402,187,215
119900128,587,444,143
119900129,292,95,197
119900130,3,48,-45
119900131,60,43,17
119900132,4,27,-23
119900133,229,45,184
119900134,180,68,112
119900135,2,96,-94
119900136,68,99,-31
119900138,69,146,-77
119900139,16,294,-278
119900140,0,28,-28
119900141,26,810,-784
119900142,8,22,-14
119900143,15,98,-83
119900144,502,102,400
119900145,16,55,-39
119900146,262,125,137
119900147,2,164,-162
119900148,537,20,517
119900149,279,8791,-8512
119900150,54,54,0
119900151,1761,1044,717
119900152,289,37,252
119900153,329,45,284
119900154,58,76,-18
119900155,48,16,32
119900156,1,7,-6
119900157,186,40,146
119900158,285,34,251
119900159,15,218,-203
119900160,8,56,-48
119900161,38,42,-4
119900162,1808,550,1258
119900163,35,81,-46
119900164,0,1,-1
119900165,156,34,122
119900166,74,20,54
119900167,0,40,-40
119900168,2094,217,1877
119900169,15,244,-229
119900170,261,138,123
119900171,615,231,384
119900172,49,16,33
119900173,1,52,-51
119900174,1,65,-64
119900175,3104,216,2888
119900177,0,33,-33
119900178,2,70,-68
119900179,313,1533,-1220
119900180,1591,451,1140
119900181,24,64,-40
119900182,5,74,-69
119900183,87,272,-185
119900184,488,332,156
119900185,96,467,-371
119900186,7,2080,-2073
119900187,3,105,-102
119900188,153,223,-70
119900189,71,179,-108
119900190,81,326,-245
119900191,164,314,-150
119900192,14,98,-84
119900193,1209,112,1097
119900194,47,39,8
119900195,6,87,-81
119900196,249,102,147
119900197,514,93,421
119900198,96,160,-64
119900199,147,2,145
119900200,734,517,217
119900201,112,65,47
119900202,36,347,-311
119900203,231,674,-443
119900204,405,185,220
119900205,1623,174,1449
119900206,468,89,379
119900208,139,66,73
119900209,626,2090,-1464
119900210,127,10,117
119900211,35,8,27
119900212,428,295,133
119900213,3,82,-79
119900214,150,34,116
119900215,67,9,58
119900216,31,9,22
119900217,9,14,-5
119900218,2,42,-40
119900219,37,31,6
119900220,4,7,-3
119900221,91,31,60
119900222,19,38,-19
119900223,20,19,1
119900224,8,6,2
119900225,173,27,146
119900226,151,2365,-2214
119900227,186,101,85
119900228,17,787,-770
119900229,42,102,-60
119900230,802,113,689
119900231,547,59,488
119900232,175,54,121
119900233,60,3,57
119900234,1,64,-63
119900235,0,10,-10
119900236,42,57,-15
119900237,99,340,-241
119900238,1,31,-30
119900240,83,46,37
119900241,118,124,-6
119900242,1262,1459,-197
119900244,557,694,-137
119900245,258,103,155
119900246,165,373,-208
119900247,19,26,-7
119900248,21,649,-628
119900249,464,48,416
119900253,637,284,353
119900254,89,1724,-1635
119900255,96,214,-118
119900256,1615,299,1316
119900257,159,0,159
119900258,372,24,348
119900259,1,37,-36
119900260,314,5,309
119900261,626,117,509
119900262,2,56,-54
119900263,1454,129,1325
119900264,290,18,272
119900265,575,168,407
119900266,829,54,775
119900267,121,154,-33
119900268,197,29,168
119900269,1197,366,831
119900271,25,96,-71
119900272,89,119,-30
119900275,196,13,183
119900276,125,1,124
119900277,10,0,10
119900278,246,50,196
119900279,52,260,-208
119900280,327,35,292
119900281,0,432,-432
119900282,19,118,-99
119900283,26,56,-30
119900284,9,91,-82
119900285,1,62,-61
119900286,0,3,-3
119900288,0,5,-5
119900289,0,2,-2
119900290,10,0,10
119900291,2,33,-31
119900292,18,67,-49
119900293,27,28,-1
119900294,41,53,-12
119900295,20,5,15
119900296,113,21,92
119900297,0,13,-13
119900298,3,6,-3
119900299,166,42,124
119900300,572,202,370
119900301,67,192,-125
119900302,32,135,-103
119900303,659,136,523
119900304,412,1,411
119900305,2,41,-39
119900306,13,2,11
119900307,62,22,40
119900308,6,31,-25
119900309,62,327,-265
119900310,179,108,71
119900311,229,12,217
119900312,176,19,157
119900313,134,132,2
119900314,313,433,-120
119900315,3488,647,2841
119900318,28,143,-115
119900319,2,52,-50
119900320,437,122,315
119900321,373,24,349
120000001,8133,33454,-25321
120000002,2563,2149,414
120000003,1837,523,1314
120000004,2312,660,1652
120000005,2272,724,1548
120000006,1516,488,1028
120000007,2238,4992,-2754
120000008,1217,555,662
120000009,1071,774,297
120000010,2090,2945,-855
120000011,1162,779,383
120000012,2101,845,1256
120000013,4209,2008,2201
120000014,1105,1034,71
120000015,2929,1176,1753
120000016,4356,1761,2595
120000017,5061,4994,67
120000018,2673,22109,-19436
120000019,1218,1152,66
120000020,1629,2563,-934
120000021,1346,891,455
120000022,2241,2500,-259
120000023,1635,927,708
120000024,1107,1257,-150
120000025,2941,837,2104
120000026,4333,1121,3212
120000027,2218,1509,709
120000028,602,1088,-486
120000029,1288,833,455
120000030,159,1141,-982
120000031,1920,5029,-3109
120000032,3809,1342,2467
120000033,4340,669,3671
120000034,5532,683,4849
120000035,4876,800,4076
120000036,3349,4858,-1509
120000037,517,2448,-1931
120000038,2489,1779,710
120000039,438,1501,-1063
120000040,65,5088,-5023
120000041,671,532,139
120000042,4586,923,3663
120000043,8202,672,7530
120000044,10126,1431,8695
120000045,11018,514,10504
120000046,7445,6156,1289
120000047,707,14783,-14076
120000048,6217,2790,3427
120000049,5446,1914,3532
120000050,4086,3357,729
120000051,2252,4826,-2574
120000052,4118,501,3617
120000053,1122,943,179
120000054,1176,1634,-458
120000055,1235,2056,-821
120000056,4449,2541,1908
120000057,4310,606,3704
120000058,1406,722,684
120000059,15,1944,-1929
120000061,102,335,-233
120000062,118,94,24
120000063,420,1775,-1355
120000064,430,407,23
120000065,564,560,4
120000066,153,147,6
120000067,38,130,-92
120000068,448,158,290
120000069,968,218,750
120000070,335,307,28
120000071,1556,111,1445
120000072,1791,308,1483
120000073,1828,28,1800
120000074,115,88,27
120000075,1795,151,1644
120000076,4309,183,4126
120000077,4448,421,4027
120000078,2513,731,1782
120000079,320,103,217
120000080,39,89,-50
120000081,292,70,222
120000082,375,99,276
120000083,83,660,-577
120000084,238,229,9
120000085,315,264,51
120000086,115,174,-59
120000087,248,160,88
120000088,749,473,276
120000089,1029,172,857
120000090,832,270,562
120000091,1608,269,1339
120000092,1185,198,987
120000093,1539,312,1227
120000094,498,474,24
120000095,706,152,554
120000096,454,196,258
120000098,1068,265,803
120000099,394,301,93
120000100,941,234,707
120000101,739,146,593
120000102,1226,1151,75
120000103,2110,835,1275
120000104,3456,168,3288
120000105,3589,189,3400
120000106,5721,170,5551
120000107,9882,333,9549
120000108,3539,80,3459
120000109,1793,64,1729
120000110,21,439,-418
120000111,131,451,-320
120000112,428,854,-426
120000113,401,943,-542
120000114,269,539,-270
120000115,305,501,-196
120000116,235,668,-433
120000117,366,402,-36
120000118,53,28,25
120000119,2,24,-22
120000120,263,296,-33
120000121,4,17,-13
120000122,154,1263,-1109
120000123,1522,12880,-11358
120000124,438,331,107
120000125,1449,415,1034
120000126,446,1293,-847
120000127,630,691,-61
120000128,2151,3034,-883
120000129,179,153,26
120000130,918,271,647
120000131,597,320,277
120000134,139,139,0
120000135,1698,606,1092
120000137,353,111,242
120000138,3374,136,3238
120000139,504,90,414
120000140,2828,151,2677
120000141,561,137,424
120000142,1394,205,1189
120000143,2,33,-31
120000144,217,23,194
120000145,993,2,991
120000146,830,867,-37
120000149,435,251,184
120000150,999,13440,-12441
120000151,969,189,780
120000152,2299,80,2219
120000153,1512,234,1278
120000154,973,728,245
120000155,347,427,-80
120000156,374,3165,-2791
120000157,2203,289,1914
120000158,1425,262,1163
120000159,2038,859,1179
120000160,1822,1187,635
120000161,5109,2557,2552
120000162,168,277,-109
120000163,1378,279,1099
120000164,1247,116,1131
120000165,2148,183,1965
120000166,2826,302,2524
120000167,69,138,-69
120000168,5,434,-429
120000169,4,1397,-1393
120000170,10,893,-883
120000171,9,251,-242
120000172,4,183,-179
120000173,76,348,-272
120000174,7,54,-47
120000175,23,41,-18
120000176,4,27,-23
120000177,256,57,199
120000178,1,15,-14
120000179,14,27,-13
120000180,11,31,-20
120000181,9,463,-454
120000182,6,395,-389
120000183,2,101,-99
120000184,32,394,-362
120000186,8,314,-306
120000187,2,533,-531
120000188,16,155,-139
120000190,20,11,9
120000191,41,21,20
120000192,58,9,49
120000193,26,3,23
120000195,5,0,5
120000196,19,1,18
120000197,1,7,-6
120000198,540,15,525
120000199,546,0,546
120000200,343,3,340
120000201,42,148,-106
120000202,1,43,-42
120000203,346,93,253
120000207,0,17,-17
120000208,97,46,51
120000209,44,11,33
120000210,46,42,4
120000211,964,4,960
120000212,788,2,786
120000213,629,75,554
120000214,1,29,-28
120000215,12,40,-28
120000216,644,23,621
120000217,166,686,-520
120000218,28,304,-276
120000219,16,273,-257
120000220,36,619,-583
120000225,4642,5,4637
120000226,965,21,944
120000227,1403,229,1174
120000228,7767,5440,2327
120000230,636,32,604
120000231,3076,312,2764
120000233,1365,33,1332
120000235,659,248,411
120000236,3743,3,3740
120000237,0,416,-416
120000238,0,245,-245
120000241,1423,5717,-4294
120000412,244,39,205
120000413,1213,80,1133
120000414,613,5,608
120000415,3,25,-22
120000416,336,25,311
120000417,7,116,-109
120000418,682,19,663
120000419,22,43,-21
120000420,32,15,17
120000421,6544,3550,2994
120000422,51,4082,-4031
120000423,8,202,-194
120000424,770,38,732
120000436,44,1738,-1694
120000437,35,39,-4
120000438,1096,211,885
120000439,316,867,-551
120000443,217,1,216
120000444,3200,438,2762
120000445,3033,1198,1835
120000446,994,75,919
120000447,1107,4,1103
120000449,442,21,421
120000450,6,48,-42
120000451,227,90,137
120000452,149,0,149
120000453,0,19,-19
120000454,36,163,-127
120000455,125,24,101
120000456,1168,6253,-5085
120000457,463,162,301
120000458,305,228,77
120000459,389,69,320
120000665,105,276,-171
120000668,58,891,-833
120000669,936,63,873
120000670,42,194,-152
120000671,3786,810,2976
120000672,55,213,-158
120900001,88,22,66
120900002,97,614,-517
120900003,168,11,157
120900004,16,211,-195
120900005,273,256,17
120900006,1493,91,1402
120900007,189,65,124
120900008,925,328,597
120900009,195,5,190
120900010,1297,102,1195
120900011,9,82,-73
120900012,28,1282,-1254
120900013,417,81,336
120900014,1,152,-151
120900015,1805,133,1672
120900016,3119,36,3083
120900017,864,44,820
120900018,581,152,429
120900019,535,306,229
120900020,309,507,-198
120900021,514,59,455
120900022,2,45,-43
120900023,822,310,512
120900024,1364,220,1144
120900025,669,444,225
120900026,224,73,151
120900027,466,21,445
120900028,1059,239,820
120900029,17,1464,-1447
120900030,2812,303,2509
120900031,594,67,527
120900032,2978,139,2839
120900033,2438,223,2215
120900034,12,3805,-3793
120900035,118,45,73
120900037,751,21,730
120900038,124,781,-657
120900039,137,46,91
120900040,723,4,719
120900041,16,18,-2
120900042,1105,14,1091
120900043,231,101,130
120900044,9,576,-567
120900045,88,24,64
120900046,1440,7,1433
120900047,183,295,-112
120900048,302,19,283
120900049,1417,15,1402
120900050,480,4912,-4432
120900051,731,64,667
120900052,2374,8,2366
120900053,1031,35,996
120900054,545,158,387
120900055,1438,11,1427
120900056,1242,54,1188
120900057,613,21,592
120900058,1385,4,1381
120900059,273,3,270
120900060,190,4,186
120900061,189,66,123
120900062,746,2,744
120900063,1918,54,1864
120900064,1546,11,1535
120900065,1217,3,1214
120900066,2898,565,2333
120900067,345,148,197
120900068,956,0,956
120900069,978,13,965
120900071,62,0,62
120900072,1954,26,1928
120900073,1580,40,1540
120900074,2495,105,2390
120900076,1249,3,1246
120900077,902,346,556
120900078,1416,204,1212
120900079,2434,109,2325
120900080,2094,321,1773
120900081,3409,327,3082
120900082,489,424,65
120900083,165,1,164
120900084,811,509,302
120900085,24,56,-32
120900086,29,1149,-1120
120900087,566,165,401
120900088,250,978,-728
120900089,1147,5842,-4695
120900090,401,6,395
120900091,127,851,-724
120900092,61,124,-63
120900093,801,140,661
120900094,126,95,31
120900095,363,12,351
120900096,115,99,16
120900097,564,242,322
120900098,36,82,-46
120900099,45,15,30
120900100,27,59,-32
120900101,19,50,-31
120900102,116,25,91
120900103,149,132,17
120900104,6,25,-19
120900105,4,164,-160
120900106,227,120,107
120900107,127,54,73
120900108,21,170,-149
120900109,54,195,-141
120900110,3,106,-103
120900111,231,192,39
120900112,7,171,-164
120900113,11,222,-211
120900114,36,81,-45
120900115,107,222,-115
120900116,1813,106,1707
120900117,2,62,-60
120900118,31,125,-94
120900119,4300,1620,2680
120900120,55,200,-145
120900121,18,201,-183
120900122,1984,151,1833
120900123,4,56,-52
120900124,0,131,-131
120900125,1,252,-251
120900126,143,261,-118
120900127,26,129,-103
120900128,151,383,-232
120900129,6,131,-125
120900130,12,180,-168
120900131,36,70,-34
120900132,2165,169,1996
120900133,32,320,-288
120900134,38,160,-122
120900135,4,436,-432
120900136,11,68,-57
120900137,746,48,698
120900138,2,111,-109
120900139,9,173,-164
120900140,0,115,-115
120900141,658,91,567
120900142,1,99,-98
120900143,2,177,-175
120900144,0,35,-35
120900145,132,921,-789
120900146,0,122,-122
120900147,5,2,3
120900148,347,79,268
120900149,0,86,-86
120900150,118,93,25
120900151,0,72,-72
120900152,0,2,-2
120900153,0,0,0
120900154,0,45,-45
120900155,350,203,147
120900156,547,100,447
120900157,0,0,0
120900158,56,137,-81
120900159,0,63,-63
120900160,30,341,-311
120900161,12,240,-228
120900162,2,210,-208
120900163,11,243,-232
120900164,0,16,-16
120900165,0,21,-21
120900166,40,453,-413
120900167,152,45,107
120900169,253,72,181
120900170,222,5673,-5451
120900171,259,78,181
120900172,27,520,-493
120900173,0,12,-12
120900174,14,44,-30
120900175,100,84,16
120900176,26,539,-513
120900177,0,2995,-2995
120900178,0,1225,-1225
120900179,105,118,-13
120900180,40,113,-73
120900181,11,14,-3
120900182,35,36,-1
120900183,214,33,181
120900184,91,40,51
120900185,173,1019,-846
120900186,0,98,-98
120900187,1201,436,765
120900188,732,15,717
120900189,31,5342,-5311
120900190,602,26,576
120900191,261,5,256
120900192,3468,20633,-17165
120900194,174,81,93
120900195,50,117,-67
120900196,311,7,304
120900197,897,66,831
120900198,55,230,-175
120900199,340,710,-370
120900200,32,85,-53
120900201,155,39,116
120900202,1,77,-76
120900203,32,12,20
120900204,25,88,-63
120900205,32,27,5
120900206,90,56,34
121000001,782,1177,-395
121000002,2362,1901,461
121000003,4772,1643,3129
121000004,1755,3165,-1410
121000005,2266,2683,-417
121000006,2288,2671,-383
121000007,2865,4066,-1201
121000008,3794,4812,-1018
121000009,4401,7268,-2867
121000010,4767,5783,-1016
121000011,4969,5750,-781
121000012,10557,4238,6319
121000013,4936,4267,669
121000014,4115,2786,1329
121000015,4566,6363,-1797
121000016,2995,3913,-918
121000017,2755,1785,970
121000018,3151,1402,1749
121000019,6306,6415,-109
121000020,6940,11927,-4987
121000021,1625,1827,-202
121000022,2632,2945,-313
121000023,2072,595,1477
121000024,4435,4168,267
121000025,212,1490,-1278
121000026,127,105,22
121000027,1116,1194,-78
121000028,670,547,123
121000029,980,401,579
121000030,292,194,98
121000031,267,458,-191
121000032,148,93,55
121000034,302,515,-213
121000035,74,172,-98
121000036,1075,1015,60
121000037,575,906,-331
121000038,315,1017,-702
121000039,89,355,-266
121000041,342,311,31
121000042,155,302,-147
121000043,360,438,-78
121000044,954,1068,-114
121000045,615,285,330
121000046,1178,618,560
121000047,10,47,-37
121000049,755,459,296
121000050,204,1338,-1134
121000051,823,307,516
121000052,426,782,-356
121000053,291,147,144
121000054,32,303,-271
121000055,648,2098,-1450
121000056,667,1377,-710
121000057,148,317,-169
121000058,201,54,147
121000059,3658,784,2874
121000060,586,841,-255
121000061,12,515,-503
121000062,64,525,-461
121000063,789,966,-177
121000064,491,545,-54
121000065,161,423,-262
121000066,230,240,-10
121000067,213,862,-649
121000068,387,438,-51
121000069,120,1063,-943
121000070,849,858,-9
121000071,1901,1418,483
121000072,561,816,-255
121000073,820,1346,-526
121000074,53,315,-262
121000075,25,41,-16
121000076,200,208,-8
121000077,118,139,-21
121000078,52,113,-61
121000080,1271,385,886
121000081,2637,3343,-706
121000082,102,119,-17
121000083,51,95,-44
121000084,144,194,-50
121000085,113,431,-318
121000086,964,593,371
121000087,45,191,-146
121000088,782,1005,-223
121000089,173,507,-334
121000090,284,282,2
121000091,1309,650,659
121000092,236,43,193
121000093,405,139,266
121000094,348,906,-558
121000095,180,686,-506
121000096,5405,1430,3975
121000097,406,1606,-1200
121000098,598,316,282
121000099,783,404,379
121000100,1285,206,1079
121000101,307,55,252
121000102,603,166,437
121000103,279,249,30
121000104,621,110,511
121000105,497,34,463
121000106,220,177,43
121000107,1626,1878,-252
121000109,1056,761,295
121000110,197,592,-395
121000114,2653,1668,985
121000115,1527,480,1047
121000116,375,578,-203
121000117,202,177,25
121000118,1464,149,1315
121000119,422,188,234
121000120,620,486,134
121000121,654,1438,-784
121000123,580,256,324
121000126,40,266,-226
121000127,164,144,20
121000128,1645,124,1521
121000129,1453,151,1302
121000130,437,710,-273
121000131,1504,775,729
121000132,347,593,-246
121000135,256,497,-241
121000136,700,1545,-845
121000137,597,480,117
121000138,302,2489,-2187
121000139,142,827,-685
121000141,166,183,-17
121000142,396,351,45
121000143,133,15,118
121000144,445,895,-450
121000145,666,648,18
121000146,970,1002,-32
121000147,1451,476,975
121000148,817,516,301
121000149,2786,1508,1278
121000152,239,310,-71
121000153,1219,379,840
121000154,1537,357,1180
121000155,1823,785,1038
121000156,279,672,-393
121000157,479,854,-375
121000158,243,217,26
121000159,333,230,103
121000160,310,214,96
121000161,262,295,-33
121000162,258,82,176
121000165,812,1990,-1178
121000166,76,193,-117
121000168,583,119,464
121000169,78,63,15
121000170,262,43,219
121000171,34,78,-44
121000172,981,977,4
121000173,1265,1179,86
121000174,846,500,346
121000175,1928,283,1645
121000176,415,154,261
121000177,804,477,327
121000178,61,52,9
121000179,35,67,-32
121000181,269,296,-27
121000182,203,424,-221
121000183,48,232,-184
121000184,3,188,-185
121000185,4,312,-308
121000186,173,583,-410
121000187,230,65,165
121000188,378,50,328
121000192,1039,304,735
121000193,808,204,604
121000194,1426,1385,41
121000195,329,1029,-700
121000196,334,361,-27
121000197,68,655,-587
121000198,121,167,-46
121000199,239,131,108
121000200,743,130,613
121000201,3,190,-187
121000202,194,3,191
121000203,778,912,-134
121000204,3411,471,2940
121000205,217,215,2
121000206,286,46,240
121000207,2324,794,1530
121000208,17,240,-223
121000209,1112,94,1018
121000210,953,333,620
121000211,535,71,464
121000212,508,369,139
121000213,12212,2911,9301
121000214,1107,2084,-977
121000215,617,1296,-679
121000216,436,700,-264
121000217,3936,3966,-30
121000218,458,1266,-808
121000219,1483,873,610
121000220,261,80,181
121000221,788,535,253
121000222,6690,2741,3949
121000223,125,522,-397
121000224,93,405,-312
121000225,351,10627,-10276
121000226,740,3120,-2380
121000227,10,113,-103
121000228,29,415,-386
121000229,347,230,117
121000230,43,2132,-2089
121000231,2407,22,2385
121000232,292,195,97
121000233,909,426,483
121000234,1,11,-10
121000235,83,179,-96
121000236,1,27,-26
121000237,25,73,-48
121000238,4,69,-65
121000239,163,16,147
121000240,1,124,-123
121000241,87,6,81
121000242,9,109,-100
121000243,254,42,212
121000244,0,39,-39
121000245,48,13,35
121000246,0,38,-38
121000247,154,5,149
121000248,330,162,168
121000249,86,152,-66
121000250,739,739,0
121000251,22,184,-162
121000252,213,153,60
121000253,324,388,-64
121000254,1022,204,818
121000255,63,438,-375
121000256,341,375,-34
121000257,33,191,-158
121000258,31,306,-275
121000259,11,112,-101
121000260,20,74,-54
121000261,33,192,-159
121000262,1536,414,1122
121000263,479,435,44
121000271,860,1482,-622
121000273,37,0,37
121000274,12,307,-295
121000275,1,18,-17
121000276,10,106,-96
121000278,100,22,78
121000279,44,84,-40
121000280,37,71,-34
121000289,620,32,588
121000290,1066,999,67
121000294,530,16,514
121000297,196,1002,-806
121000299,133,4084,-3951
121000300,1423,525,898
121000302,12,445,-433
121000303,806,174,632
121000304,624,32,592
121000305,306,22,284
121000306,293,132,161
121000308,115,158,-43
121000309,145,220,-75
121000310,156,89,67
121000311,41,174,-133
121000312,447,334,113
121000313,178,191,-13
121000314,6,25,-19
121000315,15,86,-71
121000530,2841,1124,1717
121000531,2145,1265,880
121000532,4069,5201,-1132
121000533,3424,1965,1459
121000918,32,66,-34
121000919,25,99,-74
121000938,40,123,-83
121000939,9,235,-226
121000956,2335,1487,848
121000957,8,41,-33
121000958,4,112,-108
121000959,1673,249,1424
121000960,1862,965,897
121000961,426,25,401
121000962,108,139,-31
121000973,1,614,-613
121000976,4,47,-43
121000979,265,89,176
121000981,506,74,432
121000982,742,413,329
121000983,777,91,686
121000984,2,44,-42
121000985,1257,549,708
121000986,1451,60,1391
121000987,367,426,-59
121000988,1809,53,1756
121001302,183,65,118
121001308,0,11,-11
121001309,68,577,-509
121001313,270,104,166
121001314,1571,1861,-290
121001315,4700,3278,1422
121900001,157,331,-174
121900002,39,94,-55
121900003,366,4,362
121900004,10,508,-498
121900005,77,48,29
121900006,135,10,125
121900007,1460,1642,-182
121900008,48,93,-45
121900009,1074,16,1058
121900010,295,1,294
121900011,214,79,135
121900012,14,2,12
121900013,68,83,-15
121900014,1811,323,1488
121900015,97,80,17
121900016,3,16,-13
121900017,614,633,-19
121900018,484,5,479
121900019,697,140,557
121900020,23,12,11
121900021,1549,12,1537
121900022,181,91,90
121900023,204,334,-130
121900024,293,26,267
121900025,587,334,253
121900026,277,70,207
121900027,296,188,108
121900028,322,6,316
121900029,156,305,-149
121900030,406,332,74
121900031,1117,6599,-5482
121900032,122,92,30
121900033,72,153,-81
121900034,195,130,65
121900035,3949,2562,1387
121900036,115,158,-43
121900037,150,563,-413
121900038,11,16,-5
121900039,232,30,202
121900040,78,70,8
121900041,27,149,-122
121900042,492,84,408
121900043,0,0,0
121900044,44,53,-9
121900045,335,172,163
121900046,140,121,19
121900047,75,58,17
121900048,88,37,51
121900050,34,117,-83
121900051,171,227,-56
121900052,148,13,135
121900053,397,307,90
121900054,290,1159,-869
121900055,15,20,-5
121900058,405,143,262
121900059,297,80,217
121900060,113,334,-221
121900061,99,91,8
121900062,117,91,26
121900063,2067,332,1735
121900064,484,600,-116
121900066,88,30,58
121900067,60,21,39
121900069,78,110,-32
121900070,304,256,48
121900071,833,232,601
121900072,22,43,-21
121900073,240,206,34
121900074,284,465,-181
121900075,284,810,-526
121900076,369,872,-503
121900077,11,10,1
121900078,143,57,86
121900079,0,0,0
121900080,865,169,696
121900082,85,48,37
121900084,33,23,10
121900085,0,10,-10
121900086,27,52,-25
121900087,67,22,45
121900088,1009,1478,-469
121900089,453,103,350
121900090,50,43,7
121900091,69,5,64
121900092,198,114,84
121900093,73,59,14
121900094,7,16,-9
121900095,371,85,286
121900096,1230,439,791
121900097,805,84,721
121900098,18,1,17
121900099,408,17,391
121900100,33,100,-67
121900101,101,80,21
121900102,0,45,-45
121900103,522,189,333
121900104,2070,250,1820
121900105,169,172,-3
121900106,2,2,0
121900107,221,21,200
121900108,0,3,-3
121900109,211,102,109
121900110,1014,228,786
121900111,301,241,60
121900112,178,69,109
121900113,25,532,-507
121900114,48,56,-8
121900115,179,273,-94
121900117,87,49,38
121900118,1395,525,870
121900119,132,51,81
121900120,51,663,-612
121900121,362,19,343
121900122,95,52,43
121900123,326,289,37
121900124,95,64,31
121900125,2358,996,1362
121900127,8,44,-36
121900128,80,46,34
121900129,113,58,55
121900130,81,345,-264
121900131,270,46,224
121900132,141,42,99
121900133,15,620,-605
121900134,7,225,-218
121900135,3861,356,3505
121900136,146,201,-55
121900137,13,302,-289
121900138,68,205,-137
121900139,286,1773,-1487
121900140,57,66,-9
121900141,65,49,16
121900142,87,16,71
121900143,4,95,-91
121900144,108,435,-327
121900145,199,357,-158
121900146,364,294,70
121900147,60,151,-91
121900148,54,157,-103
121900149,333,148,185
121900150,59,52,7
121900151,5,233,-228
121900152,199,21,178
121900153,11,255,-244
121900154,1,269,-268
121900155,0,294,-294
121900156,59,114,-55
121900157,5,44,-39
121900158,45,118,-73
121900159,1,57,-56
121900160,25,104,-79
121900161,107,205,-98
121900162,60,37,23
121900163,716,160,556
121900164,142,171,-29
121900165,119,110,9
121900166,123,124,-1
121900167,22,11,11
121900168,76,27,49
121900169,11,71,-60
121900170,46,102,-56
121900171,867,390,477
121900172,452,181,271
121900173,523,222,301
121900174,98,11,87
121900175,65,596,-531
121900176,615,1022,-407
121900177,96,52,44
121900179,183,295,-112
121900180,1001,6732,-5731
121900182,442,294,148
121900183,185,2377,-2192
121900184,32,824,-792
121900185,100,45,55
121900186,21,394,-373
121900187,11,70,-59
121900188,1017,121,896
121900189,62,25,37
121900190,105,352,-247
121900191,56,268,-212
121900192,113,1818,-1705
121900194,1,174,-173
121900195,2,25,-23
121900196,705,620,85
121900197,344,488,-144
121900198,2191,2550,-359
121900199,0,14,-14
121900200,58,197,-139
121900201,590,896,-306
121900202,122,699,-577
121900203,39,796,-757
121900204,797,1597,-800
121900205,356,238,118
121900206,8,33,-25
121900207,40,44,-4
121900208,80,400,-320
121900209,135,84,51
121900210,2601,1160,1441
121900211,4,91,-87
121900212,15,170,-155
121900213,526,13,513
121900214,1,666,-665
121900215,46,155,-109
121900216,9,380,-371
121900217,188,239,-51
121900218,126,550,-424
121900219,194,26,168
121900220,96,7,89
121900221,407,293,114
121900222,344,36,308
121900223,81,98,-17
121900224,98,122,-24
121900225,80,386,-306
121900226,254,34,220
121900227,236,1288,-1052
121900228,92,156,-64
121900229,175,317,-142
121900230,52,246,-194
121900231,19,629,-610
121900232,63,292,-229
121900233,237,131,106
121900234,263,223,40
121900235,1013,57,956
121900236,319,101,218
121900237,106,493,-387
121900238,71,204,-133
121900239,188,41,147
121900240,126,112,14
121900241,31,20,11
121900242,14,0,14
121900243,7,1,6
121900244,2,2,0
121900245,246,43,203
121900246,6657,288,6369
121900247,211,178,33
121900248,926,612,314
121900250,211,146,65
121900251,436,37,399
121900252,337,66,271
121900253,16,472,-456
121900254,171,210,-39
121900255,350,117,233
121900258,4216,1643,2573
121900259,102,297,-195
121900260,267,57,210
121900261,46,518,-472
121900262,313,937,-624
121900263,249,237,12
121900264,572,866,-294
121900265,473,59,414
121900266,843,165,678
121900267,72,23,49
121900269,155,665,-510
121900270,73,221,-148
121900271,22,115,-93
121900273,444,2014,-1570
121900274,585,204,381
121900276,712,118,594
121900277,185,567,-382
121900278,119,817,-698
121900279,253,181,72
121900280,228,398,-170
121900281,34,83,-49
121900284,12,0,12
121900286,210,136,74
121900287,4,58,-54
121900290,102,984,-882
121900291,325,615,-290
121900292,259,55,204
121900293,699,3957,-3258
121900294,332,4,328
121900295,278,55,223
121900296,100,85,15
121900298,116,1144,-1028
121900299,5,24,-19
121900300,31,7,24
121900301,23,1,22
121900302,9,79,-70
121900303,90,323,-233
121900304,22,22,0
121900305,20,10,10
121900306,458,4,454
121900307,497,0,497
121900308,18,130,-112
121900309,3,85,-82
121900310,38,91,-53
121900311,698,32,666
121900312,464,8,456
121900313,490,70,420
121900314,1,18,-17
121900315,92,0,92
121900316,0,1,-1
121900317,45,16,29
121900318,0,0,0
121900319,63,265,-202
121900320,32,8,24
121900321,71,0,71
121900322,1,1,0
121900323,21,23,-2
121900324,4,18,-14
121900325,27,0,27
121900326,1,7,-6
121900327,15,19,-4
121900328,0,10,-10
121900329,0,30,-30
121900330,7,71,-64
121900331,52,100,-48
121900332,35,24,11
122000001,1113,1812,-699
122000002,2046,454,1592
122000003,511,1016,-505
122000004,730,640,90
122000005,4210,1775,2435
122000006,425,647,-222
122000007,414,860,-446
122000008,700,1490,-790
122000009,160,316,-156
122000010,1778,1892,-114
122000011,2530,937,1593
122000012,399,1157,-758
122000013,381,944,-563
122000014,5315,926,4389
122000015,875,393,482
122000016,327,424,-97
122000017,716,798,-82
122000018,1939,1043,896
122000019,580,1693,-1113
122000020,183,355,-172
122000021,113,305,-192
122000022,577,1095,-518
122000023,431,1363,-932
122000024,276,1389,-1113
122000025,230,1798,-1568
122000026,219,767,-548
122000027,413,508,-95
122000028,1042,476,566
122000029,308,495,-187
122000030,116,45,71
122000031,92,409,-317
122000032,1827,1331,496
122000033,315,1032,-717
122000034,260,770,-510
122000035,104,318,-214
122000036,286,315,-29
122000037,368,218,150
122000038,119,229,-110
122000039,347,308,39
122000040,153,180,-27
122000041,810,789,21
122000042,345,610,-265
122000043,68,151,-83
122000044,58,94,-36
122000045,701,456,245
122000046,633,523,110
122000047,51,74,-23
122000048,1975,3264,-1289
122000049,4295,2538,1757
122000050,499,433,66
122000051,136,626,-490
122000052,361,468,-107
122000053,204,1402,-1198
122000054,1998,1513,485
122000055,1436,2066,-630
122000056,2273,1593,680
122000057,1857,2063,-206
122000058,346,916,-570
122000059,472,1563,-1091
122000060,244,433,-189
122000061,99,261,-162
122000062,419,174,245
122000063,200,970,-770
122000064,2296,2973,-677
122000065,1937,1902,35
122000066,572,1295,-723
122000067,740,1206,-466
122000068,2456,1147,1309
122000069,984,762,222
122000070,1315,1049,266
122000071,3194,888,2306
122000072,416,346,70
122000073,135,519,-384
122000074,2308,1417,891
122000075,957,708,249
122000076,2648,1023,1625
122000077,375,1144,-769
122000078,377,933,-556
122000079,135,1657,-1522
122000080,389,229,160
122000081,34,119,-85
122000082,181,837,-656
122000083,5716,727,4989
122000084,4082,1328,2754
122000085,336,464,-128
122000086,2276,5874,-3598
122000087,113,259,-146
122000088,52,223,-171
122000089,3157,2917,240
122000090,263,1125,-862
122000091,70,468,-398
122000092,31,104,-73
122000093,1241,3580,-2339
122000094,4661,2450,2211
122000095,425,3401,-2976
122000096,421,2272,-1851
122000098,3314,3163,151
122000099,288,2046,-1758
122000100,551,246,305
122000101,216,318,-102
122000102,2471,787,1684
122000103,1036,1478,-442
122000104,1253,107,1146
122000105,272,300,-28
122000106,284,1316,-1032
122000107,1227,213,1014
122000108,603,342,261
122000109,269,209,60
122000110,381,307,74
122000111,1328,1018,310
122000112,1135,1437,-302
122000113,464,342,122
122000114,1134,2690,-1556
122000115,3578,1700,1878
122000116,173,528,-355
122000117,774,511,263
122000118,932,401,531
122000119,1219,839,380
122000120,715,1387,-672
122000121,757,1216,-459
122000122,248,715,-467
122000123,855,1613,-758
122000124,517,263,254
122000125,131,477,-346
122000126,157,372,-215
122000127,155,478,-323
122000128,215,224,-9
122000129,251,1026,-775
122000130,2055,653,1402
122000131,1030,436,594
122000132,165,174,-9
122000133,881,522,359
122000134,899,684,215
122000135,366,179,187
122000136,795,457,338
122000137,2177,544,1633
122000139,644,3035,-2391
122000140,147,941,-794
122000141,3570,1562,2008
122000142,107,1542,-1435
122000143,310,203,107
122000144,2090,591,1499
122000145,844,1378,-534
122000146,403,2401,-1998
122000147,389,742,-353
122000148,283,1008,-725
122000149,1267,465,802
122000150,1718,822,896
122000151,58,199,-141
122000152,264,227,37
122000153,320,208,112
122000154,217,170,47
122000155,929,1921,-992
122000156,8102,3560,4542
122000157,445,7548,-7103
122000158,249,642,-393
122000159,1032,713,319
122000160,1879,924,955
122000161,1007,740,267
122000162,502,858,-356
122000163,295,99,196
122000164,23,94,-71
122000165,762,1315,-553
122000166,515,1880,-1365
122000167,217,496,-279
122000168,193,1062,-869
122000169,224,130,94
122000170,256,236,20
122000171,14,45,-31
122000172,1458,1106,352
122000173,1459,1875,-416
122000174,890,4168,-3278
122000175,378,267,111
122000176,293,1453,-1160
122000177,596,1668,-1072
122000178,2904,3155,-251
122000179,3161,3850,-689
122000180,405,806,-401
122000181,500,1420,-920
122000182,711,924,-213
122000183,1797,791,1006
122000184,2760,2812,-52
122000185,884,2256,-1372
122000186,347,1084,-737
122000187,1812,638,1174
122000188,250,161,89
122000189,290,246,44
122000190,473,1837,-1364
122000191,534,698,-164
122000192,979,371,608
122000193,517,527,-10
122000194,360,97,263
122000195,109,889,-780
122000196,1419,277,1142
122000197,505,508,-3
122000198,299,2014,-1715
122000199,234,175,59
122000200,618,619,-1
122000201,577,2715,-2138
122000202,563,2544,-1981
122000203,1423,825,598
122000204,885,796,89
122000205,487,343,144
122000206,4481,1057,3424
122000207,2063,1671,392
122000208,1951,1199,752
122000209,2164,359,1805
122000210,1498,1634,-136
122000211,764,1624,-860
122000212,666,377,289
122000213,604,1175,-571
122000214,1656,1362,294
122000215,2166,2144,22
122000217,791,1634,-843
122000218,573,73,500
122000219,967,443,524
122000220,238,646,-408
122000221,97,274,-177
122000222,368,92,276
122000223,504,575,-71
122000225,684,253,431
122000226,1227,1071,156
122000227,167,1022,-855
122000228,146,280,-134
122000229,29,568,-539
122000230,14,214,-200
122000231,178,400,-222
122000232,299,316,-17
122000233,0,27,-27
122000234,813,75,738
122000235,455,89,366
122000236,1758,47,1711
122000237,108,58,50
122000238,251,292,-41
122000239,573,114,459
122000240,964,246,718
122000241,171,298,-127
122000242,252,64,188
122000243,22,51,-29
122000244,5,1047,-1042
122000245,36,59,-23
122000246,54,210,-156
122000247,446,965,-519
122000248,1529,523,1006
122000249,1382,939,443
122000250,1608,648,960
122000251,53,114,-61
122000252,259,14,245
122000253,50,65,-15
122000254,442,43,399
122000255,343,424,-81
122000256,221,322,-101
122000257,416,162,254
122000258,327,175,152
122000259,34,149,-115
122000260,2,27,-25
122000261,11,176,-165
122000262,0,15,-15
122000263,223,112,111
122000264,1762,243,1519
122000265,2829,858,1971
122000266,3296,303,2993
122000267,74,84,-10
122000268,196,133,63
122000269,1061,255,806
122000270,440,149,291
122000271,166,1622,-1456
122000272,213,367,-154
122000273,396,110,286
122000274,223,155,68
122000275,39,138,-99
122000276,1747,582,1165
122000277,795,1832,-1037
122000278,2020,201,1819
122000279,264,274,-10
122000280,485,439,46
122000281,505,232,273
122000282,95,802,-707
122000283,269,153,116
122000284,31,135,-104
122000285,375,85,290
122000286,72,229,-157
122000287,1963,1565,398
122000288,260,143,117
122000291,2719,562,2157
122000293,157,54,103
122000294,156,421,-265
122000295,1233,165,1068
122000296,15,682,-667
122000297,1660,4082,-2422
122000299,667,290,377
122000300,223,544,-321
122000301,5006,4050,956
122000302,309,5620,-5311
122000303,1326,813,513
122000304,7,210,-203
122000305,2219,311,1908
122000306,124,271,-147
122000307,105,144,-39
122000309,31,62,-31
122000310,2,39,-37
122000311,26,71,-45
122000312,67,151,-84
122000313,11,93,-82
122000314,204,357,-153
122000315,333,24,309
122000316,2374,219,2155
122000317,3857,217,3640
122000318,243,2599,-2356
122000319,105,184,-79
122000320,183,629,-446
122000321,96,91,5
122000322,758,1458,-700
122000323,316,1077,-761
122000324,1316,1844,-528
122000325,792,1317,-525
122000326,291,41,250
122000327,262,588,-326
122000328,371,553,-182
122000330,1870,1559,311
122000332,221,481,-260
122000333,60,50,10
122000337,1694,586,1108
122000338,572,146,426
122000340,87,2514,-2427
122000342,859,489,370
122000343,177,209,-32
122000344,35,3,32
122000345,36,19,17
122000346,150,24,126
122000348,585,508,77
122000349,34,240,-206
122000351,314,93,221
122000352,138,115,23
122000353,125,31,94
122000355,68,392,-324
122000356,201,1242,-1041
122000357,68,16,52
122000358,0,22,-22
122000359,0,6,-6
122000360,0,2,-2
122000362,3,45,-42
122000364,548,102,446
122000365,0,29,-29
122000366,5,3,2
122000368,462,579,-117
122000370,15,38,-23
122000371,59,1,58
122000372,38,0,38
122000381,285,242,43
122000382,80,99,-19
122000384,926,790,136
122000385,72,0,72
122000386,87,1883,-1796
122000387,262,1592,-1330
122000388,1314,1031,283
122000389,128,762,-634
122000390,279,448,-169
122000391,44,1449,-1405
122000392,91,104,-13
122000393,28,184,-156
122000394,593,118,475
122000395,107,69,38
122000396,273,42,231
122000397,28,44,-16
122000398,1,153,-152
122000399,127,43,84
122000400,19,831,-812
122000401,93,26,67
122000402,954,135,819
122000403,367,214,153
122000404,413,169,244
122000408,320,590,-270
122000503,10,87,-77
122000524,15,169,-154
122000544,70,2611,-2541
122000616,226,1,225
122000640,130,61,69
122000641,272,142,130
122000642,1333,392,941
122000643,16,247,-231
122000644,102,57,45
122000645,50,116,-66
122000651,229,1213,-984
122000664,249,35,214
122000665,1000,242,758
122000666,311,388,-77
122000673,33,103,-70
122000674,868,197,671
122000675,2661,666,1995
122000686,336,1231,-895
122000687,2696,352,2344
122000688,249,276,-27
122000689,2073,212,1861
122000690,5337,234,5103
122000691,1130,466,664
122000692,1591,336,1255
122000693,428,522,-94
122000695,406,244,162
122000696,1105,82,1023
122000698,442,87,355
122000699,662,142,520
122000701,2727,225,2502
122000702,498,797,-299
122000703,186,42,144
122000717,132,60,72
122000718,199,2114,-1915
122000719,25,58,-33
122000720,889,95,794
122900001,95,44,51
122900002,650,8397,-7747
122900003,626,8,618
122900004,5513,362,5151
122900005,14,371,-357
122900006,405,2955,-2550
122900007,25,31,-6
122900008,257,485,-228
122900009,377,269,108
122900010,266,63,203
122900012,224,323,-99
122900014,61,54,7
122900015,947,634,313
122900016,81,86,-5
122900017,321,933,-612
122900018,170,17,153
122900019,3,58,-55
122900020,202,836,-634
122900021,22,380,-358
122900022,1786,792,994
122900023,1259,80,1179
122900024,137,68,69
122900025,3,292,-289
122900026,2,43,-41
122900027,40,621,-581
122900028,104,76,28
122900029,5207,1836,3371
122900030,1393,216,1177
122900031,73,353,-280
122900032,581,290,291
122900033,130,82,48
122900034,2268,3550,-1282
122900035,14,5,9
122900036,73,43,30
122900037,450,281,169
122900038,63,2474,-2411
122900039,41,366,-325
122900040,192,903,-711
122900041,72,568,-496
122900042,125,130,-5
122900043,429,212,217
122900044,131,338,-207
122900045,138,127,11
122900046,78,332,-254
122900047,112,76,36
122900048,17,256,-239
122900049,2005,49,1956
122900051,8,222,-214
122900052,100,35,65
122900053,0,9,-9
122900055,203,60,143
122900057,311,23,288
122900061,317,28,289
122900062,431,957,-526
122900063,321,92,229
122900064,875,571,304
122900065,383,116,267
122900066,614,118,496
122900067,573,239,334
122900068,33,161,-128
122900069,291,2314,-2023
122900070,443,56,387
122900071,90,210,-120
122900072,11,161,-150
122900073,22,74,-52
122900074,1753,137,1616
122900075,0,14,-14
122900076,2,57,-55
122900077,0,45,-45
122900078,375,12,363
122900080,2,85,-83
122900081,182,94,88
122900082,2338,65,2273
122900083,96,12,84
122900084,2,112,-110
122900086,0,62,-62
122900087,514,185,329
122900088,18,612,-594
122900089,35,564,-529
122900090,1,163,-162
122900091,773,4,769
122900092,0,84,-84
122900093,0,99,-99
122900094,0,98,-98
122900095,332,32,300
122900096,1037,54,983
122900097,28,78,-50
122900098,8,143,-135
122900099,124,83,41
122900100,70,1457,-1387
122900101,192,230,-38
123000001,697,720,-23
123000002,2120,5443,-3323
123000003,5362,3913,1449
123000004,1980,2645,-665
123000005,4233,1967,2266
123000006,1671,1294,377
123000007,3049,2286,763
123000008,1273,2359,-1086
123000009,4583,2634,1949
123000010,2279,2826,-547
123000011,1314,865,449
123000012,417,2172,-1755
123000013,6296,784,5512
123000014,628,2073,-1445
123000015,3225,744,2481
123000016,2104,2112,-8
123000017,4092,1695,2397
123000018,96,39,57
123000019,1275,24,1251
123000020,782,32,750
123000021,587,680,-93
123000022,804,2873,-2069
123000023,2107,3359,-1252
123000024,1774,730,1044
123000025,17,79,-62
123000026,0,181,-181
123000027,16,641,-625
123000028,444,2259,-1815
123000029,441,1806,-1365
123000030,348,186,162
123000031,795,161,634
123000032,1088,210,878
123000033,426,68,358
123000034,1161,564,597
123000035,461,455,6
123000036,257,1136,-879
123000037,306,158,148
123000038,157,176,-19
123000039,590,1232,-642
123000040,434,157,277
123000041,385,971,-586
123000042,330,819,-489
123000043,1478,15784,-14306
123000044,2419,1789,630
123000045,2351,1330,1021
123000046,214,1073,-859
123000047,255,550,-295
123000048,215,1966,-1751
123000049,4249,9420,-5171
123000050,2806,1622,1184
123000051,160,278,-118
123000052,859,2553,-1694
123000053,2070,1864,206
123000054,2876,2196,680
123000055,2004,5414,-3410
123000056,924,577,347
123000057,2852,5214,-2362
123000058,681,1633,-952
123000059,113,276,-163
123000060,1362,378,984
123000061,362,423,-61
123000063,1708,1235,473
123000064,2049,124,1925
123000065,2593,2838,-245
123000066,232,447,-215
123000067,903,319,584
123000068,1265,1106,159
123000069,2215,900,1315
123000070,111,231,-120
123000071,2860,361,2499
123000072,1079,343,736
123000073,2888,595,2293
123000074,834,466,368
123000075,309,2195,-1886
123000076,1192,259,933
123000077,1828,847,981
123000078,3604,706,2898
123000079,3739,960,2779
123000080,2718,605,2113
123000081,189,161,28
123000082,158,531,-373
123000083,1527,242,1285
123000084,883,227,656
123000085,903,48,855
123000086,1350,70,1280
123000087,703,167,536
123000088,1101,447,654
123000089,1463,732,731
123000090,1711,747,964
123000091,1737,929,808
123000092,618,1219,-601
123000094,1357,111,1246
123000095,1646,889,757
123000096,1530,255,1275
123000097,966,428,538
123000098,905,261,644
123000099,722,339,383
123000100,109,614,-505
123000101,374,226,148
123000102,273,933,-660
123000104,523,333,190
123000105,257,97,160
123000106,733,273,460
123000107,309,99,210
123000108,386,680,-294
123000111,1764,327,1437
123000112,2073,243,1830
123000113,520,250,270
123000114,413,676,-263
123000115,556,229,327
123000116,34,31,3
123000117,3666,1210,2456
123000118,648,263,385
123000119,338,232,106
123000120,180,331,-151
123000121,599,368,231
123000122,360,120,240
123000123,642,288,354
123000124,423,167,256
123000125,1631,702,929
123000126,1220,3878,-2658
123000127,449,262,187
123000128,303,74,229
123000129,1617,91,1526
123000130,1806,31,1775
123000131,2632,804,1828
123000132,341,283,58
123000133,164,106,58
123000134,222,25,197
123000135,3803,450,3353
123000136,270,228,42
123000137,192,92,100
123000138,132,143,-11
123000139,1071,44,1027
123000140,35,372,-337
123000141,568,50,518
123000142,1032,687,345
123000143,597,1222,-625
123000144,7,35,-28
123000145,147,516,-369
123000146,23,172,-149
123000147,19,314,-295
123000149,362,102,260
123000150,128,151,-23
123000151,96,350,-254
123000152,4,328,-324
123000153,65,743,-678
123000154,562,1641,-1079
123000155,951,1756,-805
123000156,14,44,-30
123000157,719,919,-200
123000158,385,996,-611
123000159,2095,4601,-2506
123000160,779,1357,-578
123000161,1340,1504,-164
123000162,2119,2282,-163
123000163,1243,166,1077
123000164,2958,123,2835
123000165,157,670,-513
123000166,4,76,-72
123000167,108,137,-29
123000168,338,130,208
123000169,1588,60,1528
123000170,145,31,114
123000171,2269,3,2266
123000172,35,228,-193
123000173,912,209,703
123000174,964,533,431
123000175,187,656,-469
123000176,984,244,740
123000177,204,669,-465
123000178,1162,216,946
123000179,6,342,-336
123000180,1752,229,1523
123000181,133,445,-312
123000182,267,98,169
123000183,71,558,-487
123000184,39,308,-269
123000185,1466,492,974
123000186,4,171,-167
123000187,695,37,658
123000188,627,4,623
123000189,143,72,71
123000190,98,31,67
123000192,3,253,-250
123000193,22,236,-214
123000194,115,77,38
123000195,477,15,462
123000196,627,55,572
123000197,88,87,1
123000198,107,137,-30
123000199,34,182,-148
123000200,715,13,702
123000201,1625,20,1605
123000202,7,242,-235
123000203,1664,20,1644
123000204,20,293,-273
123000205,84,414,-330
123000206,3448,103,3345
123000207,87,353,-266
123000208,1211,80,1131
123000209,2045,469,1576
123000210,77,547,-470
123000211,286,727,-441
123000212,5739,325,5414
123000213,691,73,618
123000215,49,176,-127
123000216,196,1550,-1354
123000217,256,37,219
123000218,26,546,-520
123000219,484,122,362
123000220,657,138,519
123000221,234,97,137
123000222,587,188,399
123000223,1421,106,1315
123000224,729,147,582
123000225,451,34,417
123000226,177,312,-135
123000227,97,150,-53
123000228,514,52,462
123000229,517,435,82
123000232,59,231,-172
123000233,1207,95,1112
123000234,81,267,-186
123000235,2690,190,2500
123000236,329,406,-77
123000237,845,144,701
123000238,16,293,-277
123000239,330,331,-1
123000240,33,872,-839
123000241,223,68,155
123000242,394,142,252
123000243,675,683,-8
123000244,596,366,230
123000245,9,148,-139
123000249,171,561,-390
123000252,1026,316,710
123000253,2551,437,2114
123000254,613,293,320
123000255,1254,524,730
123000256,4,122,-118
123000257,1279,1276,3
123000258,560,393,167
123000259,540,321,219
123000260,805,111,694
123000261,557,99,458
123000262,27,38,-11
123000263,743,48,695
123000264,122,57,65
123000265,13,43,-30
123000266,455,422,33
123000267,1031,160,871
123000268,38,24,14
123000269,15,43,-28
123000270,31,26,5
123000271,34,24,10
123000272,703,249,454
123000273,219,915,-696
123000274,1454,641,813
123000275,164,447,-283
123000278,1149,4308,-3159
123000279,227,91,136
123000280,313,195,118
123000281,343,39,304
123000282,100,173,-73
123000283,319,56,263
123000284,22,40,-18
123000286,134,294,-160
123000287,259,211,48
123000288,783,1720,-937
123000289,214,2110,-1896
123000291,84,499,-415
123000294,143,128,15
123000295,439,1255,-816
123000296,940,518,422
123000297,378,115,263
123000298,644,148,496
123000299,39,56,-17
123000300,1781,681,1100
123000301,210,351,-141
123000302,293,76,217
123000303,60,577,-517
123000305,388,444,-56
123000306,490,53,437
123000309,37,44,-7
123000310,83,9,74
123000311,0,64,-64
123000312,149,136,13
123000313,587,727,-140
123000315,343,129,214
123000316,764,222,542
123000317,298,96,202
123000318,37,127,-90
123000329,32,9,23
123000337,340,99,241
123000338,182,128,54
123000339,618,51,567
123000340,71,274,-203
123000342,1,40,-39
123000343,82,58,24
123000344,387,71,316
123000345,295,235,60
123000346,716,69,647
123000352,751,467,284
123000353,43,60,-17
123000354,659,1,658
123000355,1,417,-416
123000356,639,18,621
123000357,2,71,-69
123000359,2,62,-60
123000360,306,386,-80
123000361,473,172,301
123000362,716,56,660
123000363,154,77,77
123000364,498,540,-42
123000365,13,265,-252
123000366,271,3593,-3322
123000367,200,332,-132
123000370,26,203,-177
123000371,994,131,863
123000372,451,44,407
123000373,10,148,-138
123000374,6,61,-55
123000375,427,218,209
123000376,935,601,334
123000377,1279,11,1268
123000378,9,152,-143
123000379,3,248,-245
123000380,3,198,-195
123000381,76,186,-110
123000382,779,172,607
123000383,27,564,-537
123000384,957,281,676
123000385,138,407,-269
123000436,143,1353,-1210
123000507,36,73,-37
123000508,125,1217,-1092
123000517,173,2,171
123000518,31,51,-20
123000519,179,17,162
123000520,29,24,5
123000521,753,58,695
123000522,131,110,21
123000541,22,2,20
123000542,0,10,-10
123000565,935,64,871
123000566,768,115,653
123000567,222,72,150
123000573,17,260,-243
123000574,1330,57,1273
123000575,3718,242,3476
123000576,1298,478,820
123000577,53,330,-277
123000578,706,66,640
123000579,776,7812,-7036
123000580,61,123,-62
123000582,1021,38,983
123000583,10,187,-177
123000584,190,127,63
123000585,0,21,-21
123000586,330,0,330
123000596,28,30,-2
123000597,193,122,71
123000602,262,56,206
123000603,1967,153,1814
123000604,953,179,774
123000605,995,96,899
123000606,1,678,-677
123000609,16,225,-209
123000610,63,48,15
123000613,109,51,58
123000614,630,62,568
123000615,88,26,62
123000616,2029,43,1986
123000617,125,160,-35
123000618,16,476,-460
123000619,561,29,532
123000620,5,235,-230
123000622,942,29,913
123000624,609,59,550
123000630,2475,487,1988
123000631,246,304,-58
123000632,633,290,343
123000633,0,180,-180
123000634,45,539,-494
123000635,28,80,-52
123000636,20,244,-224
123000637,126,28,98
123000638,841,22,819
123000639,1132,9063,-7931
123000640,7,195,-188
123900001,1308,62,1246
123900002,19,1072,-1053
123900003,142,206,-64
123900005,441,228,213
123900006,686,86,600
124000001,2917,276,2641
124000002,24,456,-432
124000003,1698,241,1457
124000004,49,245,-196
124000005,1432,2910,-1478
124000006,150,343,-193
124000007,1540,323,1217
124000008,6,858,-852
124000009,788,464,324
124000010,698,612,86
124000011,1393,981,412
124000012,558,227,331
124000017,313,56,257
124000018,103,40,63
124000019,256,86,170
124000020,96,71,25
124000021,125,33,92
124000022,33,95,-62
124000023,1379,1418,-39
124000024,856,174,682
124000025,1139,1360,-221
124000026,875,638,237
124000027,2882,1915,967
124000028,892,2857,-1965
124000030,1362,817,545
124000031,1298,16367,-15069
124000032,888,579,309
124000033,185,764,-579
124000034,941,1010,-69
124000035,7,199,-192
124000036,37,523,-486
124000037,213,377,-164
124000038,24,52,-28
124000039,360,154,206
124000040,169,932,-763
124000041,1023,128,895
124000042,367,403,-36
124000043,152,57,95
124000044,46,128,-82
124000045,2062,189,1873
124000046,229,503,-274
124000047,4271,296,3975
124000048,1352,234,1118
124000049,2916,199,2717
124000050,872,441,431
124000051,2256,236,2020
124000052,557,305,252
124000053,352,3021,-2669
124000054,583,131,452
124000055,1032,7212,-6180
124000056,859,464,395
124000057,2043,239,1804
124000058,693,550,143
124000059,1468,1080,388
124000060,300,425,-125
124000061,1126,7122,-5996
124000062,1122,749,373
124000063,910,418,492
124000064,1021,847,174
124000065,6,1882,-1876
124000066,268,46,222
124000067,110,223,-113
124000068,39,49,-10
124000069,310,32,278
124000070,157,25,132
124000071,216,244,-28
124000072,619,1058,-439
124000073,1069,67,1002
124000074,265,344,-79
124000075,792,65,727
124000076,31,44,-13
124000077,336,631,-295
124000078,1283,506,777
124000079,271,745,-474
124000080,1260,191,1069
124000081,302,277,25
124000082,132,93,39
124000083,8,45,-37
124000084,9,741,-732
124000085,37,8,29
124000086,39,381,-342
124000087,11,265,-254
124000088,199,397,-198
124000089,707,260,447
124000090,114,174,-60
124000091,714,48,666
124000092,264,188,76
124000093,223,84,139
124000094,175,380,-205
124000095,206,40,166
124000096,215,124,91
124000097,224,76,148
124000098,124,18,106
124000099,227,40,187
124000100,45,43,2
124000101,165,143,22
124000102,57,4,53
124000103,271,133,138
124000104,52,26,26
124000105,275,51,224
124000106,79,8,71
124000107,46,286,-240
124000108,16,8,8
124000109,214,49,165
124000110,113,29,84
124000111,364,74,290
124000112,1345,305,1040
124000113,260,101,159
124000114,596,167,429
124000115,295,501,-206
124000116,86,189,-103
124000117,16,31,-15
124000118,17,53,-36
124000119,977,475,502
124000120,959,198,761
124000121,634,989,-355
124000122,265,1171,-906
124000123,507,187,320
124000124,430,374,56
124000125,473,177,296
124000126,249,253,-4
124000127,1096,195,901
124000128,638,406,232
124000129,1401,800,601
124000130,241,223,18
124000131,500,432,68
124000132,364,385,-21
124000133,1306,638,668
124000134,583,283,300
124000135,1416,1362,54
124000136,377,498,-121
124000137,838,842,-4
124000138,492,608,-116
124000139,209,53,156
124000140,18,351,-333
124000141,23,29,-6
124000142,7,326,-319
124000143,50,8,42
124000144,7,94,-87
124000145,212,56,156
124000146,20,112,-92
124000148,11,30,-19
124000149,1279,200,1079
124000150,388,402,-14
124000151,1332,142,1190
124000152,578,469,109
124000153,1296,506,790
124000154,555,294,261
124000155,705,623,82
124000156,489,513,-24
124000169,149,770,-621
124000170,505,269,236
124000171,343,393,-50
124000172,245,328,-83
124000173,1266,141,1125
124000174,534,352,182
124000175,35,64,-29
124000176,71,58,13
124000177,2,47,-45
124000178,32,138,-106
124000190,8,26,-18
124000191,14,157,-143
124000192,1221,1146,75
124000193,91,3912,-3821
124000194,216,219,-3
124000195,408,415,-7
124000196,355,650,-295
124000197,84,5,79
124000198,83,39,44
124000201,40,210,-170
124000202,865,94,771
124000203,1548,113,1435
124000204,3445,144,3301
124000205,208,181,27
124000206,2647,145,2502
124000207,0,24,-24
124000209,106,160,-54
124000210,2125,230,1895
124000211,1835,8,1827
124000212,0,90,-90
124000213,1374,136,1238
124000214,972,150,822
124000215,1373,2,1371
124000216,3,156,-153
124000329,25,481,-456
124000338,16,327,-311
124000339,5004,20,4984
124000341,3844,49,3795
124000344,48,11,37
124000357,985,3501,-2516
124000358,645,1903,-1258
124000359,1735,516,1219
124000360,1871,358,1513
124000361,2351,1160,1191
124000362,1364,2447,-1083
124000363,617,188,429
124000364,587,473,114
124000365,807,600,207
124000366,1843,499,1344
124000367,24,187,-163
124000368,184,2592,-2408
124000369,46,85,-39
124000370,27,557,-530
124000402,16,42,-26
124000403,193,49,144
124000404,22,35,-13
124000405,601,426,175
124000406,502,201,301
124000407,1,13,-12
124000411,6,266,-260
124000412,716,0,716
124000413,207,375,-168
124000414,179,28,151
124000415,131,32,99
124000416,153,54,99
124000417,465,41,424
124000418,472,29,443
124000419,132,20,112
124000420,342,17,325
124000421,76,58,18
124000422,7,20,-13
124000423,223,16,207
124000424,35,53,-18
124000425,13,94,-81
124000426,70,152,-82
124000427,94,1,93
124000428,4,837,-833
124000429,244,13,231
124000430,1278,494,784
124000431,514,240,274
124000432,428,603,-175
124000439,46,0,46
124000442,31,18,13
124000443,1,6,-5
124000445,94,1541,-1447
124000446,241,155,86
124900001,1168,99,1069
124900002,322,90,232
124900003,1451,131,1320
124900004,1411,94,1317
124900005,232,72,160
124900006,1163,93,1070
124900008,379,313,66
124900009,48,798,-750
124900010,749,108,641
124900011,2223,227,1996
124900012,630,103,527
124900013,564,65,499
124900014,264,141,123
124900015,270,1221,-951
124900016,121,305,-184
124900017,537,6666,-6129
124900018,283,22,261
124900019,745,28,717
124900020,283,125,158
124900021,808,187,621
124900022,130,6,124
124900024,706,3,703
124900026,68,78,-10
124900027,147,151,-4
124900028,297,53,244
124900029,16,749,-733
124900030,20,103,-83
124900031,59,445,-386
124900032,200,76,124
124900033,74,162,-88
124900034,3,147,-144
124900035,86,137,-51
124900036,1,59,-58
124900037,145,64,81
124900038,75,87,-12
124900039,0,54,-54
124900040,152,35,117
124900041,280,245,35
124900042,18,2,16
124900043,438,188,250
124900044,29,1,28
124900045,233,780,-547
124900046,532,259,273
124900047,40,35,5
124900048,206,76,130
124900050,187,63,124
124900052,243,254,-11
124900053,457,135,322
124900054,660,832,-172
124900055,0,65,-65
124900057,2,113,-111
124900060,16,84,-68
124900061,243,2,241
124900062,216,3,213
124900066,0,2,-2
124900067,13,59,-46
124900068,134,1929,-1795
124900069,12,248,-236
124900070,54,37,17
124900072,523,44,479
124900074,453,387,66
124900075,1084,149,935
124900076,33,2989,-2956
124900077,69,68,1
124900078,204,2,202
124900079,135,303,-168
124900080,517,145,372
124900081,1712,78,1634
124900082,396,146,250
124900083,438,218,220
124900084,571,21,550
124900085,223,274,-51
124900086,34,741,-707
124900087,122,16,106
124900088,74,71,3
124900089,447,20,427
124900090,1106,78,1028
124900091,348,143,205
124900092,402,101,301
124900093,1033,169,864
124900094,1017,101,916
124900095,226,808,-582
124900096,282,424,-142
124900097,826,50,776
124900098,199,310,-111
124900099,212,569,-357
124900100,488,12,476
124900101,135,183,-48
124900102,635,4,631
124900103,198,70,128
124900104,87,79,8
124900105,75,60,15
124900106,456,34,422
124900107,257,22,235
124900108,246,102,144
124900109,181,347,-166
124900110,957,133,824
124900111,1,288,-287
124900112,442,280,162
129000186,170,126,44
204000001,60,7,53
204000002,18,1,17
204000003,31,5,26
204000004,35,1,34
204000005,315,223,92
204000006,1041,881,160
204000008,596,110,486
204000011,18,13,5
204000012,18,5,13
204000013,1,7,-6
204000019,1065,234,831
204000020,1434,219,1215
204000021,751,765,-14
204000022,1404,456,948
204000023,642,261,381
204000031,2,2,0
204000032,186,9,177
204000034,46,129,-83
204000035,4,0,4
204000036,4,54,-50
204000037,0,23,-23
204000038,0,7,-7
204000039,6,23,-17
204000040,7,19,-12
204000041,7,53,-46
204000042,34,18,16
204000043,70,18,52
204000044,80,19,61
204000045,141,17,124
204000046,31,5,26
204000057,4,26,-22
204000062,0,39,-39
204000068,23,199,-176
204000069,5,270,-265
204000070,38,35,3
204000080,75,13,62
204000085,1086,576,510
204000086,960,756,204
204000087,70,2,68
204000088,11,19,-8
204000090,62,162,-100
204000093,992,30,962
204000096,1701,279,1422
204000097,866,5,861
204000099,1018,1824,-806
204000100,1553,696,857
204000105,1240,358,882
204000110,346,565,-219
204000111,595,486,109
204000112,315,245,70
204000113,285,324,-39
204000114,1179,887,292
204000115,1290,234,1056
204000116,660,265,395
204000119,2698,645,2053
204000132,462,529,-67
204000133,806,74,732
204000134,340,52,288
204000135,667,24,643
204000136,501,153,348
204000138,297,794,-497
204000140,282,78,204
204000141,126,25,101
204000144,4,25,-21
204000145,879,18,861
204000146,21,109,-88
204000147,14,120,-106
204000148,118,11,107
204000154,38,9,29
204000155,0,4,-4
204000177,59,44,15
204000179,48,22,26
204000180,0,44,-44
204000222,16,11,5
204000235,81,35,46
204000236,35,95,-60
204000238,40,15,25
204000240,413,22,391
204000308,93,6,87
204000317,23,86,-63
204000322,32,92,-60
204000323,19,6,13
204000328,244,28,216
204000329,33,36,-3
204000330,259,7,252
204000331,131,46,85
204010341,4,130,-126
205000001,491,803,-312
205000013,33,105,-72
205000014,119,95,24
205000015,100,33,67
205000016,37,40,-3
205000017,42,79,-37
205000022,266,257,9
205000025,1098,240,858
205000029,795,3,792
205000045,130,105,25
205000047,50,83,-33
205000048,293,97,196
205000049,108,189,-81
205000050,248,89,159
205000059,0,225,-225
205000060,0,316,-316
205000061,1,692,-691
205000062,4,722,-718
205000063,25,950,-925
205000064,57,254,-197
205000065,269,579,-310
205000066,217,197,20
205000067,155,192,-37
205000069,142,7,135
205000082,47,133,-86
205000110,16,49,-33
205000111,80,47,33
205000112,44,62,-18
205000113,86,49,37
205000121,86,45,41
205000123,100,61,39
205000126,531,79,452
205000127,542,110,432
205000128,418,62,356
205000129,668,84,584
205000130,305,28,277
205000131,35,5,30
205000132,35,16,19
205000133,88,0,88
205000134,243,1,242
205000137,322,24,298
205000138,372,148,224
205000139,21,27,-6
205000144,46,17,29
205000145,164,89,75
205000151,79,42,37
205000152,74,31,43
205000153,107,38,69
205000154,63,29,34
205000155,85,10,75
205000207,0,61,-61
205000233,6,1,5
205000234,1,3,-2
205000243,0,1,-1
205000244,0,1,-1
205000245,3,25,-22
205000249,0,8,-8
205000250,4,0,4
205000251,128,110,18
205000264,13,66,-53
206000027,11,18,-7
206000028,18,5,13
206000043,1,42,-41
206000053,2,0,2
206000054,0,21,-21
206000055,0,14,-14
206000075,8,10,-2
206000076,57,8,49
206000077,48,5,43
206000078,4,6,-2
206000079,38,7,31
206000082,267,172,95
206000100,10,352,-342
206000103,0,0,0
206000104,0,1,-1
206000105,0,1,-1
206000106,0,0,0
206000108,994,44,950
206000125,201,0,201
206000157,19,167,-148
206000170,0,99,-99
206000171,11,125,-114
206000172,20,85,-65
206000173,3,59,-56
206000174,20,20,0
206000175,0,23,-23
206000176,16,39,-23
206000177,0,36,-36
206000178,1,209,-208
206000179,2,71,-69
206000180,4,55,-51
206000181,0,28,-28
206000182,1,33,-32
206000183,7,78,-71
206000184,5,49,-44
206000185,10,35,-25
206000186,107,178,-71
206000223,13,163,-150
206000226,87,5,82
206000227,57,4,53
206000237,33,97,-64
206000238,13,297,-284
206000239,154,1019,-865
206000240,0,1,-1
206000241,0,50,-50
206000242,1,47,-46
206000243,10,22,-12
206000244,19,97,-78
206000245,3282,54,3228
206000246,700,8,692
206000247,1068,6,1062
206000248,1444,4,1440
206000252,63,40,23
206000258,0,13,-13
206000315,67,0,67
206000317,576,207,369
206000318,694,75,619
206000319,3116,56,3060
206000320,781,11,770
206000321,1115,13,1102
206000322,1669,9,1660
206000323,775,5,770
206000324,877,4,873
206000325,406,47,359
206000326,442,10,432
206000327,68,35,33
206000328,608,2,606
206000329,1451,6,1445
206000330,367,3,364
206000331,557,3,554
206000332,94,8,86
206000333,2659,5,2654
206000334,1441,1,1440
206000335,0,13,-13
206000361,0,41,-41
206000392,1,23,-22
206000405,514,0,514
206000441,201,20,181
206000498,114,3,111
206000515,59,37,22
206000530,565,39,526
206000531,260,342,-82
206000532,1314,332,982
206000535,69,1986,-1917
206000536,11,43,-32
206000537,11,88,-77
206000613,1124,244,880
207000001,119,187,-68
207000002,132,123,9
207000003,92,111,-19
207000007,2535,113,2422
207000008,406,3,403
207000009,72,4,68
207000010,204,160,44
207000012,594,119,475
207000015,184,347,-163
207000019,410,45,365
207000021,326,254,72
207000022,196,126,70
207000023,376,36,340
207000024,1,4,-3
207000025,17,54,-37
207000026,34,44,-10
207000027,21,35,-14
207000028,91,99,-8
207000029,319,174,145
207000033,310,173,137
207000034,379,44,335
207000039,1220,38,1182
207000040,1206,31,1175
207000041,232,37,195
207000042,774,17,757
207000043,494,206,288
207000051,42,134,-92
207000052,2,68,-66
207000053,267,169,98
207000054,22,23,-1
207000055,68,35,33
207000056,158,140,18
207000057,84,121,-37
207000058,104,156,-52
207000059,42,223,-181
207000060,44,139,-95
207000061,101,1646,-1545
207000062,923,44,879
207000063,954,32,922
207000064,627,45,582
207000065,437,108,329
207000066,800,168,632
207000067,178,33,145
207000068,261,24,237
207000069,1311,152,1159
207000082,17,61,-44
207000083,89,100,-11
207000084,627,103,524
207000085,424,42,382
207000086,764,11,753
207000106,124,19,105
207000107,352,11,341
207000108,223,7,216
207000109,146,8,138
207000110,51,11,40
207000111,98,25,73
207000112,24,576,-552
207000114,16,16,0
207000115,15,37,-22
207000116,4,175,-171
207000117,3,44,-41
207000118,1,25,-24
207000119,12,24,-12
207000123,481,8,473
207000124,217,17,200
207000125,94,2,92
207000126,76,5,71
207000134,497,65,432
207000135,92,104,-12
207000148,114,258,-144
207000149,46,15,31
207000152,144,288,-144
207000153,248,455,-207
207000154,362,93,269
207000159,41,126,-85
207000160,98,162,-64
207000238,0,17,-17
207000242,0,24,-24
207000248,9,2,7
207000249,70,9,61
207000250,163,56,107
207000251,58,102,-44
207000252,12,37,-25
207000278,317,99,218
207000279,22,75,-53
207000280,1658,29,1629
207000281,128,259,-131
207000282,65,739,-674
207000283,42,192,-150
207000284,40,2326,-2286
207000285,29,64,-35
207000291,4,39,-35
207000304,78,32,46
207000306,40,170,-130
207000310,388,117,271
207000353,56,0,56
207000356,1,66,-65
207000357,6,38,-32
207000415,0,24,-24
207000417,53,0,53
207000437,0,1,-1
207000439,371,87,284
207000446,163,3,160
207000460,124,5,119
207000466,74,77,-3
207000467,0,1,-1
207000468,0,2,-2
207000476,3,9,-6
207000477,523,21,502
207000523,0,2,-2
207000524,59,0,59
207000527,326,43,283
207000530,480,3,477
207000531,282,0,282
207000532,86,25,61
207000534,112,9,103
207000535,6,80,-74
207000537,4,30,-26
207000540,0,23,-23
207000541,0,52,-52
207000548,1,62,-61
207000549,201,6,195
207000561,242,88,154
207000562,2,85,-83
207000567,31,144,-113
207000568,953,49,904
207000569,1724,124,1600
207000584,11,68,-57
207000585,6,57,-51
207000616,1,19,-18
207000617,249,0,249
207000628,0,1,-1
207900008,819,33,786
208000001,761,599,162
208000002,824,434,390
208000003,759,246,513
208000004,724,417,307
208000005,1,36,-35
208000019,1750,198,1552
208000020,275,111,164
208000021,245,201,44
208000022,647,185,462
208000028,788,1495,-707
208000033,268,154,114
208000034,414,757,-343
208000040,385,81,304
208000041,1039,574,465
208000042,2132,459,1673
208000047,60,88,-28
208000064,2479,899,1580
208000066,1256,677,579
208000070,799,449,350
208000071,1132,119,1013
208000072,1110,226,884
208000080,321,487,-166
208000081,323,92,231
208000082,568,81,487
208000083,354,134,220
208000084,13,101,-88
208000085,762,233,529
208000086,608,435,173
208000087,554,272,282
208000089,1121,152,969
208000090,647,244,403
208000093,11,88,-77
208000094,295,190,105
208000095,775,383,392
208000104,2280,167,2113
208000105,1132,311,821
208000114,141,222,-81
208000115,974,336,638
208000116,1942,1524,418
208000117,15,108,-93
208000118,168,278,-110
208000155,854,694,160
208000158,1760,1663,97
208000186,1064,1035,29
208000204,802,560,242
208000205,1453,486,967
208000282,673,540,133
209000004,783,102,681
209000005,125,47,78
209000006,348,123,225
209000007,382,376,6
209000010,114,263,-149
209000011,38,226,-188
209000012,80,49,31
209000013,308,36,272
209000014,372,166,206
209000025,661,61,600
209000026,1641,111,1530
209000027,359,104,255
209000028,245,117,128
209000029,351,445,-94
209000030,426,584,-158
209000031,1694,619,1075
209000034,156,227,-71
209000035,140,234,-94
209000036,386,79,307
209000037,506,100,406
209000038,274,79,195
209000039,107,85,22
209000040,299,201,98
209000041,165,141,24
209000042,237,91,146
209000043,486,215,271
209000044,365,344,21
209000045,508,209,299
209000046,660,179,481
209000047,545,197,348
209000048,622,591,31
209000049,63,29,34
209000050,167,33,134
209000051,233,28,205
209000052,158,59,99
209000062,148,15,133
209000063,83,10,73
209000064,38,16,22
209000065,155,18,137
209000066,331,5,326
209000067,323,29,294
209000080,19,93,-74
209000082,200,37,163
209000091,14,58,-44
209000093,33,57,-24
209000094,23,112,-89
209000110,65,29,36
209000111,418,2978,-2560
209000112,1934,430,1504
209000113,4052,647,3405
209000114,1786,528,1258
209000115,62,54,8
209000116,138,129,9
209000118,9,90,-81
209000119,21,51,-30
209000121,90,244,-154
209000135,97,18,79
209000142,615,5572,-4957
209000143,17,71,-54
209000144,75,343,-268
209000229,226,62,164
209000240,23,121,-98
209000259,48,18,30
209000260,22,300,-278
209000261,26,402,-376
209000262,2,241,-239
209000263,0,131,-131
209000264,1,83,-82
209000265,447,2,445
209000266,159,0,159
209000267,1788,2,1786
209000268,574,141,433
210000037,268,59,209
210000047,128,7,121
210000048,195,71,124
210000049,172,7,165
210000052,90,41,49
210000053,41,29,12
210000054,24,71,-47
210000070,297,18,279
210000071,178,6,172
210000072,52,0,52
210000073,0,8,-8
210000074,0,27,-27
210000075,0,29,-29
210000076,1,98,-97
210000077,10,131,-121
210000078,23,140,-117
210000079,37,37,0
210000080,72,377,-305
210000081,208,17,191
210000082,14,2,12
210000083,64,9,55
210000084,202,0,202
210000085,2,31,-29
210000086,0,38,-38
210000099,40,73,-33
210000100,26,50,-24
210000101,65,90,-25
210000105,6,213,-207
210000159,0,236,-236
210000163,25,60,-35
210000164,326,129,197
210000168,630,30,600
210000187,0,1,-1
210000188,0,6,-6
210000214,9,0,9
210000219,260,30,230
210000220,404,13,391
210000232,3,24,-21
210000233,37,16,21
210000234,43,17,26
210000235,115,20,95
210000245,0,9,-9
210000246,8,1,7
210000258,9,47,-38
210000259,380,21,359
210000282,8,68,-60
210000285,1,119,-118
210000286,38,118,-80
210000295,60,124,-64
210000296,58,13,45
210000320,607,34,573
210000321,497,22,475
210000338,58,79,-21
210000339,64,611,-547
210000340,57,128,-71
210000341,201,100,101
210000342,227,84,143
210000343,138,115,23
210000344,58,198,-140
210000345,83,360,-277
210000346,24,224,-200
210000347,6,181,-175
210000348,158,155,3
210000349,67,106,-39
210000350,200,90,110
210000351,246,43,203
210000352,49,24,25
210000353,33,9,24
210000354,45,23,22
210000355,34,196,-162
210000356,20,438,-418
210000357,29,353,-324
210000358,781,447,334
210000359,166,392,-226
210000360,402,459,-57
210000361,486,138,348
210000362,653,84,569
210000363,692,122,570
210000364,529,152,377
210000365,448,28,420
210000366,561,73,488
210000367,263,28,235
210000368,346,44,302
210000369,89,133,-44
210000370,160,146,14
210000372,38,36,2
210000373,19,88,-69
210000374,102,156,-54
210000375,25,13,12
210000376,48,321,-273
210000404,21,59,-38
210000439,187,3,184
210000472,77,2,75
210000482,161,86,75
210000564,388,123,265
210000568,367,5,362
211000092,115,12,103
211000094,12,1,11
211000169,346,2,344
211000172,41,34,7
211000209,0,67,-67
211000275,29,12,17
211000276,336,20,316
211000279,70,34,36
211000281,237,27,210
211507980,0,33,-33
211977296,34,0,34
212000003,375,150,225
212000004,5,89,-84
212000005,4,126,-122
212000006,34,143,-109
212000008,194,199,-5
212000009,61,95,-34
212000012,173,58,115
212000013,71,26,45
212000014,402,44,358
212000015,336,57,279
212000016,634,208,426
212000027,628,175,453
212000028,541,154,387
212000029,394,152,242
212000030,72,16,56
212000031,74,11,63
212000048,33,602,-569
212000049,19,287,-268
212000050,12,17,-5
212000051,394,83,311
212000052,295,98,197
212000053,251,132,119
212000054,919,60,859
212000055,777,59,718
212000056,59,24,35
212000057,43,15,28
212000058,197,58,139
212000070,180,62,118
212000077,225,98,127
212000099,692,117,575
212000108,339,400,-61
212000111,588,48,540
212000120,103,156,-53
212000138,206,62,144
212000156,0,35,-35
212000158,3,66,-63
212000159,980,48,932
212000160,1095,53,1042
212000161,164,3,161
212000310,103,8,95
212000311,20,49,-29
212000374,34,10,24
213000001,12,260,-248
213000005,1043,74,969
213000006,998,99,899
213000007,37,10,27
213000009,309,108,201
213000010,473,89,384
213000011,177,28,149
213000012,204,100,104
213000014,48,31,17
213000015,321,7,314
213000016,347,9,338
213000017,53,9,44
213000018,1,12,-11
213000019,0,22,-22
213000020,137,61,76
213000021,2,46,-44
213000023,851,173,678
213000033,341,954,-613
213000034,531,119,412
213000035,224,403,-179
213000045,149,161,-12
213000046,79,64,15
213000047,158,532,-374
213000056,397,9,388
213000069,116,36,80
213000073,0,29,-29
213000074,11,147,-136
213000075,1366,10,1356
213000085,0,23,-23
213000086,11,53,-42
213000091,696,7,689
213000092,12,5,7
213000099,83,645,-562
213000100,913,186,727
213000101,1098,60,1038
213000102,1213,60,1153
213000103,653,226,427
213000104,23,120,-97
213000105,130,1770,-1640
213000106,65,101,-36
213000107,78,217,-139
213000108,45,131,-86
213000109,9,85,-76
213000110,0,53,-53
213000111,3,39,-36
213000112,39,62,-23
213000115,73,2,71
213000116,5,164,-159
213000117,2,146,-144
213000118,1697,347,1350
213000119,23,176,-153
213000120,31,138,-107
213000122,154,191,-37
213000123,54,234,-180
213000124,216,437,-221
213000125,196,69,127
213000126,9,74,-65
213000127,13,108,-95
213000128,29,382,-353
213000129,143,1857,-1714
213000130,1577,607,970
213000132,2105,85,2020
213000133,2001,117,1884
213000134,2784,29,2755
213000136,807,4,803
213000137,909,8,901
213000139,240,17,223
213000147,25,4,21
213000148,1,5,-4
213000149,6,11,-5
213000150,1,532,-531
213000151,1,122,-121
213000152,2,143,-141
213000153,1,161,-160
213000154,59,150,-91
213000155,111,81,30
213000156,169,131,38
213000157,1003,142,861
213000158,621,331,290
213000159,1111,188,923
213000163,3520,384,3136
213000165,851,231,620
213000171,0,17,-17
213000172,0,45,-45
213000173,1,34,-33
213000174,13,49,-36
213000175,17,64,-47
213000176,527,62,465
213000177,354,6,348
213000178,628,1,627
213000179,613,1,612
213000180,1044,0,1044
213000184,30,158,-128
213000188,1202,57,1145
213000189,1719,20,1699
213000190,1075,189,886
213000191,1110,108,1002
213000192,768,126,642
213000193,233,175,58
213000194,1,220,-219
213000195,34,144,-110
213000196,507,1655,-1148
213000197,659,809,-150
213000198,41,3,38
213000200,176,380,-204
213000201,19,66,-47
213000202,11,218,-207
213000203,1423,143,1280
213000204,1171,26,1145
213000205,986,16,970
213000206,1175,21,1154
213000207,40,3,37
213000208,15,0,15
213000209,67,0,67
213000210,179,2,177
213000211,1,4,-3
213000212,12,12,0
213000213,52,23,29
213000218,452,375,77
213000219,1889,89,1800
213000220,2325,38,2287
213000223,409,49,360
213000224,46,14,32
213000225,87,16,71
213000226,67,3,64
213000227,2173,60,2113
213000228,1434,33,1401
213000229,282,35,247
213000230,559,5,554
213000232,118,7,111
213000233,11,96,-85
213000234,0,27,-27
213000293,8,43,-35
213000294,101,22,79
213000295,44,31,13
213000296,104,12,92
213000297,18,59,-41
213000298,11,71,-60
213000299,67,10,57
213000300,1,0,1
213000303,0,15,-15
213000304,0,3,-3
213000305,0,6,-6
213000306,22,262,-240
213000307,136,113,23
213000308,62,130,-68
213000309,355,26,329
213000310,514,133,381
213000311,62,459,-397
213000315,74,145,-71
213000316,551,34,517
213000322,127,42,85
213000323,284,31,253
213000324,243,34,209
213000325,425,30,395
213000326,348,32,316
213000327,454,63,391
213000328,210,74,136
213000329,394,40,354
213000340,56,145,-89
213000341,1685,32,1653
213000347,164,978,-814
213000348,4,23,-19
213000349,0,2,-2
213000350,98,619,-521
213000366,120,115,5
213000367,577,17,560
213000379,9,5,4
213000386,26,42,-16
213000406,172,70,102
213000417,2057,599,1458
213000425,702,141,561
213000426,418,36,382
213000427,83,81,2
213000428,69,60,9
213000429,4,21,-17
213000430,118,145,-27
213000431,18,2,16
213000432,1,55,-54
213000433,63,37,26
213000434,269,65,204
213000435,209,41,168
213000436,199,23,176
213000437,18,43,-25
213000438,164,44,120
213000439,40,19,21
213000440,43,138,-95
213000441,0,0,0
213000442,26,12,14
213000443,779,338,441
213000444,45,38,7
213000445,0,35,-35
213000446,0,55,-55
213000447,0,70,-70
213000448,16,97,-81
213000449,2102,20,2082
213000450,16,22,-6
213000451,693,60,633
213000452,25,7,18
213000453,21,118,-97
213000455,130,10,120
213000456,3,98,-95
213000481,0,0,0
213000484,30,12,18
213000489,256,57,199
213900002,3,459,-456
213900003,152,55,97
213900013,0,41,-41
213900015,0,7,-7
213900016,63,1,62
213900020,37,40,-3
213900030,1,41,-40
213900032,90,47,43
213900033,500,16,484
213900034,1214,16,1198
213900035,223,54,169
213900036,105,84,21
213900037,33,215,-182
213900038,961,68,893
213900039,1,19,-18
213900041,7,322,-315
213900042,107,366,-259
213900043,521,36,485
213900244,355,1,354
213900245,0,15,-15
218000003,36,20,16
218000004,43,16,27
218000005,14,77,-63
218000006,63,49,14
218000007,4,19,-15
218000012,110,333,-223
218000013,259,211,48
218000014,361,138,223
218000019,445,227,218
218000020,315,185,130
218000021,51,45,6
218000022,24,6,18
218000023,12,16,-4
218000024,6,8,-2
218000025,11,4,7
218000026,17,8,9
218000027,0,2,-2
218000028,7,3,4
218000029,0,2,-2
218000030,41,8,33
218000031,9,5,4
218000032,0,4,-4
218000039,90,6,84
218000040,1,9,-8
218000046,99,134,-35
218000047,25,54,-29
218000048,157,48,109
218000049,87,55,32
218000050,272,63,209
218000051,112,140,-28
218000052,2,36,-34
218000053,2,13,-11
218000054,3,57,-54
218000055,4,48,-44
218000056,35,58,-23
218000057,8,43,-35
218000064,0,9,-9
218000065,107,35,72
218000066,32,75,-43
218000067,175,39,136
218000068,264,78,186
218000069,487,58,429
218000070,419,211,208
218000071,245,141,104
218000072,120,118,2
218000078,1048,175,873
218000079,570,38,532
218000080,365,46,319
218000081,1128,56,1072
218000082,311,40,271
218000083,172,46,126
218000084,207,52,155
218000085,171,115,56
218000086,118,32,86
218000087,156,40,116
218000090,13,204,-191
218000091,1077,356,721
218000092,260,49,211
218000093,97,76,21
218000094,246,75,171
218000099,251,263,-12
218000100,391,122,269
218000101,373,172,201
218000102,718,184,534
218000103,212,68,144
218000104,225,28,197
218000105,69,8,61
218000106,10,1,9
218000107,121,19,102
218000108,12,15,-3
218000112,183,41,142
218000117,161,182,-21
218000134,477,232,245
218000135,10,68,-58
218000136,186,69,117
218000137,62,73,-11
218000138,70,66,4
218000139,142,294,-152
218000140,491,451,40
218000141,136,125,11
218000142,178,162,16
218000143,28,255,-227
218000144,8,241,-233
218000145,731,252,479
218000146,208,97,111
218000151,2,21,-19
218000152,33,34,-1
218000153,10,13,-3
218000154,16,0,16
218000155,46,3,43
218000156,108,0,108
218000157,71,8,63
218000158,9,5,4
218000159,3,2,1
218000160,17,1,16
218000161,54,3,51
218000162,66,9,57
218000163,36,2,34
218000164,94,5,89
218000165,182,66,116
218000170,3,31,-28
218000171,83,2,81
218000172,15,6,9
218000173,18,2,16
218000174,24,7,17
218000176,347,12,335
218000177,460,76,384
218000178,86,75,11
218000179,170,34,136
218000180,81,23,58
218000181,299,51,248
218000187,23,18,5
218000188,8,22,-14
218000189,19,119,-100
218000190,11,13,-2
218000191,132,17,115
218000192,219,118,101
218000193,348,164,184
218000194,205,212,-7
218000195,332,33,299
218000196,586,275,311
218000197,1177,144,1033
218000198,257,28,229
218000199,130,5,125
218000200,49,14,35
218000201,24,1,23
218000202,50,652,-602
218000207,4,7,-3
218000208,24,72,-48
218000211,40,0,40
218000212,0,0,0
218000213,205,104,101
218000214,6,33,-27
218000215,156,44,112
218000217,0,46,-46
218000218,376,20,356
218000219,1,27,-26
218000220,65,434,-369
218000221,771,275,496
218000222,0,64,-64
218000223,46,609,-563
218000224,8,216,-208
218000225,199,21,178
218000226,298,44,254
218000230,0,7,-7
218000232,111,28,83
218000234,36,2,34
218000239,140,2,138
218000240,6,1,5
218000241,3,0,3
218000242,2,0,2
218000243,15,0,15
218000244,27,1,26
218000245,28,10,18
218000246,0,5,-5
218000247,0,1,-1
218000248,0,32,-32
218000249,0,0,0
218000250,1,75,-74
218000251,3,22,-19
218000252,0,15,-15
218000253,0,10,-10
218000254,0,11,-11
218000255,0,11,-11
218000256,1,9,-8
218000267,136,359,-223
218000268,9,48,-39
218000269,1,51,-50
218000270,38,12,26
218000271,15,21,-6
218000273,178,0,178
218000274,23,2,21
218000275,82,66,16
218000276,38,14,24
218000278,11,21,-10
218000279,35,8,27
218000280,0,17,-17
218000281,6,12,-6
218000282,362,572,-210
218000284,13,0,13
218000301,17,141,-124
218000302,85,66,19
218000303,1,68,-67
218000316,1659,473,1186
218000317,3420,336,3084
218000318,1714,230,1484
218000319,1197,319,878
218000320,1069,524,545
218000338,10,31,-21
218000339,11,8,3
218000342,116,27,89
218000343,43,9,34
218000345,70,30,40
218000346,18,123,-105
218000353,31,9,22
218000354,88,27,61
218000459,36,94,-58
218000490,22,30,-8
218000501,139,66,73
218000502,96,23,73
218000503,102,15,87
218000504,144,9,135
218000505,24,33,-9
218000506,31,64,-33
218000508,1,1,0
218000510,94,30,64
218000520,188,341,-153
218000521,0,4,-4
218000522,0,204,-204
218000523,176,3,173
218000524,6,137,-131
218000525,134,6,128
218000526,12,103,-91
218000529,8,8,0
218000530,40,3,37
218000531,30,31,-1
218000532,86,1,85
218000534,212,6,206
218000537,9,47,-38
218000538,86,143,-57
218000539,45,9,36
218000540,35,40,-5
218000543,333,15,318
218000544,29,57,-28
218000545,301,44,257
218000546,40,20,20
218000547,170,98,72
218000548,76,44,32
218000549,1226,106,1120
218000550,191,61,130
218000551,20,204,-184
218000552,379,100,279
218000553,2,46,-44
218000554,5,26,-21
218000555,13,62,-49
218000556,85,60,25
218000557,782,32,750
218000558,35,0,35
218000559,0,24,-24
218000560,0,21,-21
218000561,5,0,5
218000562,15,55,-40
218000563,160,17,143
218000564,3,105,-102
218000565,85,9,76
218000566,53,5,48
218000567,0,64,-64
218000568,5,1,4
218000569,2,149,-147
218000570,4,0,4
218000571,7,55,-48
218000572,75,2,73
218000573,5,26,-21
218000574,70,17,53
218000575,79,1,78
218000576,0,72,-72
218000577,50,19,31
218000578,2,107,-105
218000579,15,35,-20
218000581,18,66,-48
218000582,118,0,118
218000583,13,0,13
218000584,0,5,-5
218000585,18,2,16
218000586,10,34,-24
218000587,3,0,3
218000588,1,2,-1
218000589,1,11,-10
218000590,3,0,3
218000591,3,41,-38
218000592,25,3,22
218000593,0,1,-1
218000594,0,19,-19
218000595,0,0,0
218000596,0,0,0
218000597,0,0,0
218000598,0,0,0
218000599,0,5,-5
218000600,0,0,0
218000601,0,0,0
218000602,0,18,-18
218000603,0,2,-2
218000604,21,0,21
218000605,0,31,-31
218000606,47,7,40
218000607,6,74,-68
218000608,39,4,35
218000609,0,84,-84
218000610,60,0,60
218000611,16,0,16
218000612,0,24,-24
218000613,41,10,31
218000614,1,22,-21
218000615,143,4,139
218000616,4,98,-94
218000617,0,0,0
218000618,1,18,-17
218000619,82,77,5
218000620,1,141,-140
218000621,0,14,-14
218000622,0,91,-91
218000623,27,6,21
218000624,0,129,-129
218000625,4,33,-29
218000626,0,41,-41
218000628,220,117,103
218000631,35,1,34
218000632,2,61,-59
218000633,89,0,89
218000634,21,1,20
218000635,13,11,2
218000636,742,266,476
218000637,1395,157,1238
218000638,535,5,530
218000639,28,25,3
218000640,873,1,872
218000641,142,60,82
218000652,76,46,30
218000653,232,28,204
218000663,0,4,-4
218000675,2,16,-14
218000676,3,12,-9
218000677,24,3,21
218000680,54,20,34
218000681,348,17,331
218000691,66,20,46
218000693,316,7,309
218000703,12,12,0
218000718,8,74,-66
218000719,23,85,-62
218000720,0,32,-32
218000721,14,4,10
218000725,16,3,13
218001214,24,12,12
218001329,21,13,8
218001330,0,3,-3
219000001,7,12,-5
219000002,22,25,-3
219000003,73,33,40
219000004,57,81,-24
219000017,105,77,28
219000020,239,32,207
219000022,145,5,140
219000023,62,3,59
219000029,1,69,-68
219000034,30,33,-3
219000039,14,180,-166
219000040,31,48,-17
219000041,115,35,80
219000051,0,50,-50
219000052,0,37,-37
219000053,0,54,-54
219000054,275,195,80
219000055,324,0,324
219000056,3,0,3
219000057,45,1,44
219000062,2,64,-62
219000063,302,6,296
219000064,0,6,-6
219000110,149,172,-23
219000111,100,31,69
219000112,332,20,312
219000113,306,20,286
219000114,234,27,207
219000116,66,34,32
219000117,224,23,201
219000118,88,49,39
219000123,165,69,96
219000124,54,38,16
219000125,18,3,15
219000126,38,141,-103
219000127,0,3,-3
219000128,14,90,-76
219000129,31,84,-53
219000130,152,267,-115
219000131,1080,666,414
219000133,20,62,-42
219000134,6,41,-35
219000135,19,31,-12
219000136,28,167,-139
219000138,161,7,154
219000139,105,22,83
219000140,340,2,338
219000141,53,12,41
219000142,44,10,34
219000143,13,8,5
219000145,22,23,-1
219000146,0,0,0
219000147,14,17,-3
219000148,2,8,-6
219000149,0,14,-14
219000150,0,45,-45
219000151,0,1,-1
219000157,468,69,399
219000158,365,90,275
219000161,476,4,472
219000163,1196,239,957
219000166,184,131,53
219000167,103,122,-19
219000168,272,83,189
219000174,640,153,487
219000175,348,4,344
219000176,319,10,309
219000177,150,6,144
219000178,266,0,266
219000179,234,20,214
219000180,114,14,100
219000182,134,15,119
219000183,105,8,97
219000184,76,2,74
219000185,0,9,-9
219000186,154,6,148
219000187,14,14,0
219000189,44,107,-63
219000190,58,94,-36
219000191,86,430,-344
219000192,276,126,150
219000193,228,93,135
219000195,10,18,-8
219000196,2,77,-75
219000198,6,41,-35
219000199,10,56,-46
219000200,34,45,-11
219000201,36,69,-33
219000203,2,41,-39
219000204,37,268,-231
219000205,15,114,-99
219000207,73,134,-61
219000209,58,17,41
219000210,6,173,-167
219000213,16,88,-72
219000239,114,141,-27
219000240,72,254,-182
219000241,112,113,-1
219000242,45,207,-162
219000243,115,139,-24
219000244,26,31,-5
219000245,6,10,-4
219000246,22,20,2
219000247,253,32,221
219000248,402,287,115
219000249,134,111,23
219000250,276,50,226
219000251,654,67,587
219000252,282,62,220
219000253,189,19,170
219000255,180,76,104
219000256,563,59,504
219000257,62,1,61
219000262,65,25,40
219000263,65,39,26
219000267,1,18,-17
219000268,0,1,-1
219000269,1,1,0
219000270,16,0,16
219000271,303,1,302
219000278,0,1,-1
219000279,0,0,0
219000283,0,15,-15
219000295,18,60,-42
219000296,40,173,-133
219000297,4,24,-20
219000298,36,19,17
219000299,313,19,294
219000300,41,36,5
219000301,11,163,-152
219000302,17,57,-40
219000307,31,9,22
219000308,51,18,33
219000311,235,39,196
219000312,294,96,198
219000313,465,44,421
219000314,66,89,-23
219000315,472,14,458
219000316,631,64,567
219000317,217,17,200
219000320,0,57,-57
219000321,1,23,-22
219000323,0,38,-38
219000325,0,1,-1
219000326,16,17,-1
219000327,28,11,17
219000328,13,15,-2
219000329,359,70,289
219000330,27,30,-3
219000331,44,24,20
219000332,334,40,294
219000333,159,3,156
219000335,72,0,72
219000337,27,4,23
219000338,34,0,34
219000344,17,26,-9
219000345,142,14,128
219000346,22,10,12
219000348,148,56,92
219000349,26,85,-59
219000350,40,190,-150
219000351,0,4,-4
219000352,65,57,8
219000353,350,39,311
219000354,749,37,712
219000355,100,44,56
219000356,449,664,-215
219000363,153,39,114
219000364,116,40,76
219000365,61,41,20
219000366,129,765,-636
219000368,321,364,-43
219000370,769,310,459
219000371,5,6,-1
219000382,12,3,9
219000383,169,546,-377
219000385,143,493,-350
219000386,322,999,-677
219000387,0,16,-16
219000390,8,0,8
219000391,2,0,2
219000397,25,13,12
219000398,17,33,-16
219000401,8,91,-83
219000402,8,32,-24
219000403,28,118,-90
219000404,11,49,-38
219000407,1,1,0
219000409,93,37,56
219000410,84,6,78
219000411,89,5,84
219000446,73,217,-144
219000447,0,8,-8
219000448,8,8,0
219000452,87,50,37
219000453,33,100,-67
219000454,366,352,14
219000556,743,28,715
219000558,55,104,-49
219000590,14,235,-221
219000591,278,24,254
219000592,25,186,-161
219000595,4,15,-11
219000635,210,25,185
219000636,27,35,-8
219000657,52,2,50
219000658,5,160,-155
219000673,0,12,-12
219000676,5,2,3
219000679,42,4,38
219000684,187,1,186
219000685,0,38,-38
219000686,0,4,-4
219000688,0,53,-53
219000689,9,104,-95
219000690,177,12,165
219000691,0,10,-10
219000692,26,1,25
219000693,0,6,-6
219000694,54,0,54
219000695,169,6,163
219000698,1,0,1
219000699,0,56,-56
219000727,12,65,-53
219000728,136,0,136
219000770,26,1,25
219000771,0,47,-47
219001150,0,73,-73
219001151,0,2,-2
219001166,30,18,12
219001167,0,8,-8
220000001,38,188,-150
220000002,1,113,-112
220000003,164,50,114
220000004,264,219,45
220000005,355,847,-492
220000006,83,307,-224
220000007,279,68,211
220000008,200,156,44
220000009,225,223,2
220000010,20,23,-3
220000011,273,4328,-4055
220000012,20,534,-514
220000014,138,75,63
220000015,8,296,-288
220000017,31,180,-149
220000018,8040,2196,5844
220000019,205,668,-463
220000020,410,113,297
220000021,933,229,704
220000022,1395,158,1237
220000023,243,64,179
220000024,812,165,647
220000025,675,1251,-576
220000026,423,616,-193
220000027,4,113,-109
220000028,57,85,-28
220000029,22,73,-51
220000030,45,38,7
220000031,833,255,578
220000064,55,853,-798
221000046,2,0,2
221000047,0,0,0
221000048,0,0,0
221000049,0,3,-3
221000050,25,3,22
221000055,19,58,-39
221000057,200,4,196
221000068,240,73,167
221000069,358,24,334
221000070,251,8,243
221000071,126,8,118
221000072,386,9,377
221000073,170,20,150
221000074,0,2,-2
221000075,3,19,-16
221000076,6,6,0
221000077,0,22,-22
221000081,9,6,3
221000082,83,7,76
221000083,3,9,-6
221000084,10,3,7
221000085,9,38,-29
221000086,8,37,-29
221000087,2,95,-93
221000088,8,177,-169
221000089,18,114,-96
221000090,22,198,-176
221000098,150,26,124
221000099,280,14,266
221000100,223,3,220
221000101,251,11,240
221000102,167,5,162
221000109,2,14,-12
221000110,4,35,-31
221000111,3,25,-22
221000112,3,29,-26
221000113,7,45,-38
221000114,2,40,-38
221000120,12,99,-87
221000121,4,47,-43
221000122,38,46,-8
221000123,1,3,-2
221000124,17,63,-46
221000155,145,21,124
221000156,13,62,-49
221000175,0,39,-39
221000176,1,1,0
221000182,148,2,146
221000241,324,210,114
221000242,67,111,-44
221000243,487,112,375
221000244,67,250,-183
221000245,148,79,69
221000246,17,155,-138
221000247,134,103,31
221000248,95,58,37
221000267,10,395,-385
221000325,12,142,-130
221000331,9,32,-23
221000338,13,75,-62
221000378,504,38,466
221000381,47,21,26
222000282,0,1,-1
222000296,1,14,-13
222000568,405,13,392
222000569,187,34,153
222000570,118,44,74
222000571,547,54,493
222000577,34,31,3
222000578,0,76,-76
222000579,6,34,-28
222000580,24,599,-575
222000599,0,65,-65
222000600,0,91,-91
222000601,1,318,-317
222000603,8,91,-83
222000604,1,87,-86
222000605,2,13,-11
222000606,0,11,-11
222000607,0,13,-13
222000608,5,12,-7
222000609,28,50,-22
222000616,1052,6,1046
222000617,2,20,-18
222000618,2,7,-5
222000620,8,10,-2
222000621,23,4,19
222000623,638,1,637
222000624,572,6,566
222000625,1359,30,1329
222000636,43,6,37
222000686,7,7,0
222000687,78,20,58
222001066,860,1,859
222001067,165,8,157
222001068,263,26,237
222001069,152,42,110
222001082,117,10,107
222001083,337,23,314
222001084,0,67,-67
222001085,8,805,-797
222001111,367,30,337
222001112,271,11,260
222001313,6,14,-8
222001314,0,117,-117
222001464,110,27,83
222001465,4,103,-99
222001484,469,28,441
222001485,13,38,-25
222001494,1415,119,1296
222001495,108,54,54
222001496,609,26,583
222001497,116,171,-55
222001502,13,15,-2
222001503,652,23,629
222001504,23,80,-57
222001505,906,11,895
222001506,9,75,-66
222001507,592,11,581
222001510,1429,27,1402
222001511,18,86,-68
222001514,1345,18,1327
222001515,35,88,-53
222001518,1129,34,1095
222001519,115,83,32
222001527,200,31,169
222001528,18,86,-68
222001529,633,21,612
222001530,19,48,-29
222001533,56,165,-109
222001534,1071,27,1044
222001535,483,151,332
222001536,36,91,-55
222001537,703,17,686
222001538,16,119,-103
222001563,1521,41,1480
222001564,24,164,-140
222001568,184,100,84
222001576,0,4,-4
222001579,1,5,-4
222001583,10,65,-55
222001584,281,6,275
222001596,258,360,-102
222001597,1870,127,1743
222001626,0,32,-32
222001650,8,34,-26
222001651,56,154,-98
222001914,635,19,616
222001915,13,84,-71
222900004,601,90,511
222900009,162,166,-4
222900019,97,202,-105
222900024,168,5,163
222900025,23,10,13
225000001,585,83,502
225000002,1575,103,1472
225000003,1699,47,1652
225000004,1088,75,1013
225000005,43,15,28
225000006,0,91,-91
225000007,581,913,-332
225000010,376,23,353
225000011,238,1841,-1603
225000012,277,900,-623
225000013,200,72,128
225000014,910,140,770
225000015,141,179,-38
225000021,780,60,720
225000027,250,179,71
225000032,801,76,725
225000042,109,220,-111
225000049,25,99,-74
225000050,205,24,181
225000053,7,48,-41
225000058,721,129,592
225000067,298,37,261
225000068,208,102,106
225000069,76,135,-59
225000070,90,200,-110
225000071,36,62,-26
225000075,24,953,-929
225000076,64,69,-5
225000078,65,15,50
225000085,253,27,226
225000086,507,24,483
225000087,98,9,89
225000088,18,142,-124
225000089,34,82,-48
225000090,12,141,-129
225000091,39,36,3
225000092,38,93,-55
225000093,377,71,306
225000094,7,82,-75
225000095,230,113,117
225000096,34,85,-51
225000098,1319,97,1222
225000099,660,19,641
225000100,1031,38,993
225000104,79,365,-286
225000110,15,177,-162
225000111,600,203,397
225000112,635,654,-19
225000113,248,975,-727
225000114,109,569,-460
225000115,1245,677,568
225000116,189,67,122
225000117,522,340,182
225000118,1502,332,1170
225000119,523,86,437
225000120,1047,13,1034
225000121,155,13,142
225000123,560,7,553
225000125,700,162,538
225000126,634,184,450
225000127,466,4119,-3653
225000128,358,1537,-1179
225000132,725,13,712
225000133,476,11,465
225000134,842,68,774
225000135,143,8,135
225000136,643,8,635
225000137,471,150,321
225000138,482,221,261
225000143,53,235,-182
225000144,13,248,-235
225000145,36,8,28
225000146,80,40,40
225000147,41,63,-22
225000148,5,42,-37
225000149,47,86,-39
225000151,17,48,-31
225000155,77,80,-3
225000156,184,951,-767
225000157,609,212,397
225000158,62,112,-50
225000171,3,137,-134
225000180,3,0,3
225000181,0,136,-136
225000182,71,5,66
225000185,4,298,-294
225000187,66,156,-90
225000191,68,0,68
225000194,0,2,-2
225000208,0,48,-48
225000209,59,2,57
225000210,5,72,-67
225000217,0,8,-8
225000218,33,1,32
225000223,1,364,-363
225000224,8,6,2
225000225,1,126,-125
225000226,16,4,12
225000227,109,113,-4
225000228,4,2,2
225000229,0,13,-13
225000230,9,0,9
225000231,0,6,-6
225000232,167,0,167
225000241,94,0,94
225000242,0,15,-15
225000249,0,0,0
225000250,64,174,-110
225000251,655,74,581
225000254,1,184,-183
225000256,1,507,-506
225000257,1,49,-48
226000042,96,165,-69
226000043,10,129,-119
226000044,43,334,-291
226000045,52,168,-116
226000046,1114,80,1034
226000047,888,104,784
226000048,703,77,626
226000049,675,229,446
226000070,0,13,-13
226000071,0,35,-35
226000072,0,30,-30
226000073,0,3,-3
226000074,0,2,-2
226000084,0,15,-15
226000085,0,26,-26
226000086,1,12,-11
226000087,0,17,-17
226000088,0,26,-26
226000090,47,202,-155
226000091,17,100,-83
226000092,0,3,-3
226000093,3,1,2
226000094,4,1,3
226000095,4,5,-1
226000105,1,1,0
226000106,5,0,5
226000107,4,0,4
226000108,13,0,13
226000109,291,2,289
226000124,401,71,330
226000134,1881,305,1576
226000135,2911,372,2539
226000136,1117,218,899
226000137,17,62,-45
226000138,11,37,-26
226000139,0,24,-24
226000156,493,1,492
226000157,701,6,695
226000163,14,76,-62
226000202,4,40,-36
226000231,904,0,904
226000232,68,2,66
227000033,610,8,602
227000036,1083,13,1070
227000037,893,19,874
227000038,287,23,264
227000084,1,86,-85
227000085,0,66,-66
227000088,68,2,66
227000089,38,4,34
227000090,26,0,26
227000091,16,0,16
227000092,14,0,14
227000093,143,0,143
227000094,4,0,4
227000130,64,70,-6
227000131,27,141,-114
227000132,21,68,-47
227000133,24,49,-25
227000134,16,69,-53
227000152,0,5,-5
227000153,0,78,-78
227000154,0,34,-34
227000155,0,18,-18
227000156,0,23,-23
227000165,1,68,-67
227000196,972,87,885
227000199,1365,157,1208
227000230,8,144,-136
227000232,2297,16,2281
227000242,12,126,-114
227000243,358,15,343
227000245,19,130,-111
227000246,64,153,-89
227000247,831,12,819
227000248,156,42,114
227000249,3,71,-68
227000250,302,209,93
227000251,27,130,-103
227000252,53,97,-44
227000253,414,7,407
227000262,857,8,849
227000266,3996,55,3941
227000267,5,461,-456
227000282,2,37,-35
227000284,1613,7,1606
227000286,2,11,-9
227000291,1,104,-103
227000296,272,148,124
227000484,133,6,127
227000485,0,192,-192
227000655,860,1,859
227000656,1389,11,1378
227000657,597,3,594
227000704,285,8,277
229000265,16,16,0
229000266,1,2,-1
229000267,32,0,32
229000268,23,1,22
229000269,48,0,48
229000274,0,24,-24
229000275,3,110,-107
229000276,0,29,-29
229000277,0,1,-1
229000278,0,2,-2
229000295,26,11,15
229000296,3,42,-39
229000297,3,33,-30
229000298,22,241,-219
229000320,37,6,31
229000321,33,68,-35
229000412,9,72,-63
229000414,20,65,-45
229000415,25,17,8
229000416,7,3,4
229000417,2,7,-5
229000419,197,284,-87
229000440,280,108,172
229000442,23,20,3
229000443,28,2,26
229000444,0,35,-35
229000445,68,10,58
229000446,124,44,80
229000491,6,6,0
229000492,13,39,-26
229000493,1,39,-38
229000494,75,3,72
229000495,170,2,168
229000496,183,2,181
229000507,0,30,-30
229000508,0,14,-14
229000509,0,34,-34
229000510,2,29,-27
229000511,3,22,-19
229000512,1,23,-22
229000513,0,2,-2
229000514,0,2,-2
229000517,3,2,1
229000518,18,12,6
229000519,0,13,-13
229000520,18,16,2
229000521,95,10,85
229000522,20,7,13
229000523,3,2,1
229000524,11,0,11
229000527,0,1,-1
229000528,0,0,0
229000529,17,0,17
229000530,133,2,131
229000531,96,0,96
229000532,40,0,40
229000533,78,1,77
229000534,35,1,34
229000564,145,1,144
229000565,134,0,134
229000566,0,4,-4
229000567,0,4,-4
229000582,64,3,61
229000583,26,6,20
229000584,0,8,-8
229000585,2,109,-107
229000718,0,4,-4
229000719,0,4,-4
229000720,0,15,-15
229000721,0,6,-6
229000722,0,3,-3
229000723,0,3,-3
229000724,0,14,-14
229000725,0,13,-13
229000738,0,0,0
229000739,1,0,1
229000740,0,0,0
229000741,61,0,61
229000742,19,0,19
229000743,30,0,30
229000744,3,0,3
229000745,3,0,3
229000746,19,0,19
229000847,164,0,164
229000848,135,0,135
229000849,292,0,292
229000851,465,0,465
229000854,0,7,-7
229000856,0,55,-55
229000857,0,13,-13
229000858,0,11,-11
229000919,0,8,-8
229000930,0,8,-8
229000937,87,9,78
229000966,59,7,52
229000981,7,1,6
229000985,39,16,23
229000986,0,1,-1
229000987,0,0,0
229000988,0,0,0
229000989,5,45,-40
229000990,0,15,-15
229000991,1,1,0
229000992,74,8,66
229000993,469,13,456
229000998,59,21,38
229000999,132,10,122
229001034,1,26,-25
229001035,2,14,-12
229001036,2,28,-26
229001037,71,2,69
229001038,0,5,-5
229001039,5,0,5
229001040,0,97,-97
229001041,346,0,346
229001042,54,13,41
229001047,17,105,-88
229001050,47,22,25
229001168,0,41,-41
229001200,18,2,16
229001338,0,4,-4
229001394,253,1,252
229001422,174,5,169
229001423,3,34,-31
229001431,22,21,1
229001432,2,12,-10
229001444,342,57,285
229001445,80,131,-51
229001479,53,1,52
229001503,301,37,264
229001504,15,42,-27
229001505,138,19,119
229001506,17,35,-18
229001509,70,10,60
229001510,2,52,-50
229001545,72,15,57
229001546,3,19,-16
229001553,65,7,58
229001554,3,7,-4
229001630,103,24,79
229001631,34,49,-15
229001635,0,13,-13
229001636,0,1,-1
229001658,0,12,-12
229001659,52,17,35
229001660,0,10,-10
229001661,1,73,-72
229001662,22,1,21
229001663,0,11,-11
229002584,401,414,-13
229002831,209,130,79
229002841,28,41,-13
229002842,36,32,4
229002843,57,44,13
229002844,9,122,-113
229002845,12,124,-112
229002846,2,68,-66
229002847,0,21,-21
229002848,0,49,-49
229002849,0,151,-151
229002850,16,1,15
229002851,17,195,-178
229002852,127,64,63
229002853,111,26,85
229002854,4,38,-34
229002855,2,50,-48
229002856,99,14,85
229002857,20,92,-72
229002858,13,1,12
229002859,13,85,-72
229002860,50,15,35
229002861,54,63,-9
229002862,12,39,-27
229002863,45,8,37
229002864,58,70,-12
229002865,1,24,-23
229002866,15,31,-16
229002867,0,14,-14
229002868,14,40,-26
229002869,10,26,-16
229002870,38,14,24
235000066,63,5,58
235000067,175,24,151
235000072,25,33,-8
235000073,6,7,-1
235000074,6,3,3
235000080,4,30,-26
235000081,22,101,-79
235000082,196,34,162
235000083,422,62,360
235000084,28,48,-20
235000085,200,35,165
235000089,8,1,7
235000092,3,6,-3
235000093,0,0,0
235000097,1,5,-4
235000098,51,1,50
235000099,2,2,0
235000115,61,48,13
235000116,13,10,3
235000117,460,8,452
235000133,20,177,-157
235000134,12,62,-50
235000206,0,6,-6
235000207,0,1,-1
235000208,0,0,0
235000209,1,0,1
235000210,11,12,-1
235000212,1,6,-5
235000213,0,1,-1
235000220,0,0,0
235000221,6,26,-20
235000238,6,198,-192
235000239,0,34,-34
235000242,231,1101,-870
235000245,427,147,280
235000246,20,49,-29
235000284,2,50,-48
235000295,50,0,50
235000305,494,7,487
235000306,561,10,551
235000307,78,6,72
235000308,12,2,10
235000309,123,0,123
235000310,35,0,35
235000311,55,9,46
235000322,2,80,-78
235000323,0,63,-63
235000324,0,68,-68
235000325,1,63,-62
235000326,5,76,-71
235000351,2,51,-49
235000352,70,33,37
235000353,2,33,-31
235000354,23,12,11
235000355,8,233,-225
235000356,92,4,88
235000357,68,25,43
235000358,27,1,26
235000359,16,1,15
235000360,98,23,75
235000361,43,6,37
235000381,52,61,-9
235000382,221,23,198
235000390,2,1,1
235000391,195,9,186
235000392,185,84,101
235000393,178,74,104
235000395,132,21,111
235000396,514,47,467
235000399,107,22,85
235000400,82,47,35
235000401,5,149,-144
235000402,16,99,-83
235000405,100,143,-43
235000406,24,102,-78
235000407,65,28,37
235000409,145,43,102
235000410,14,18,-4
235000411,1,42,-41
235000485,0,0,0
235000486,1,0,1
235000549,90,103,-13
235000550,16,39,-23
235000599,101,6,95
235000600,1,2,-1
235000601,4,13,-9
235000602,178,28,150
235000614,0,3,-3
235000648,1,2,-1
235000649,20,7,13
235000685,0,1,-1
235000815,16,3,13
235000834,0,9,-9
235000855,30,47,-17
235000862,27,95,-68
235000891,0,12,-12
235000892,22,16,6
235000901,53,24,29
235000907,3,8,-5
235001010,162,41,121
235001029,26,22,4
235001030,150,60,90
235001078,117,30,87
235001079,55,22,33
235001147,11,89,-78
235001166,27,32,-5
235001167,22,11,11
235001169,31,85,-54
235001188,0,0,0
235001189,1,0,1
235001197,0,31,-31
235001200,36,7,29
235001208,1,10,-9
235001209,9,17,-8
235001210,3,50,-47
235001239,0,9,-9
235001244,0,2,-2
235016267,0,39,-39
235900013,2,1,1
235900014,0,2,-2
241900007,113,20,93
277101746,0,2,-2
277102712,3,0,3
277103813,0,0,0
277103814,0,0,0
277103898,0,1,-1
990010990,40,41,-1
990011530,0,185,-185
990014944,0,143,-143
990015176,25,5,20
990015618,0,87,-87
990015888,13,5,8
990016032,0,162,-162
990032570,3,1121,-1118
990070001,131,23,108
990070103,0,3,-3
990070601,0,18,-18
990070751,3387,5,3382
990070766,0,109,-109
990071180,413,80,333
990071343,9,0,9
990071387,0,2,-2
990071823,710,0,710
990072600,1,364,-363
990072964,3,126,-123
990073285,0,0,0
990074393,0,279,-279
990074714,19,8,11
990074870,2959,8,2951
990075106,465,0,465
990075746,706,7,699
990076437,7099,28,7071
990076458,2,405,-403
997000007,301,1,300
997000041,0,246,-246
997000058,67,0,67
997000062,17,2,15
997000069,0,2,-2
997000070,0,27,-27
997000100,239,0,239
997000141,0,57,-57
997000198,0,92,-92
998000475,0,2,-2
998000736,0,186,-186
998000965,0,55,-55
998001031,0,23,-23
998001072,92,44,48
998001091,1,0,1
998001093,4,0,4
998001103,0,2,-2
998001105,0,4,-4
998001700,0,49,-49
998001899,0,1,-1
998001900,6,0,6
998003073,1732,13,1719
998003124,13,6,7
998003125,12,30,-18
998101900,0,0,0
998102850,0,62,-62
998501819,3,0,3
998501820,0,6,-6
998501832,52,11,41
998501927,348,666,-318
998501929,242,3,239
998501930,88,2,86
998501931,369,122,247
998501932,26,12,14
998501933,104,2,102
998501937,71,61,10
998501944,6,1,5
998501950,0,0,0
998501970,372,2,370
998501971,0,19,-19
998501972,444,8,436
998501973,0,10,-10
998501974,3,70,-67
998501975,106,1,105
998501976,131,61,70
998501977,0,30,-30
998501978,1,0,1
998501979,0,2,-2
998501980,187,4,183
998501981,109,1,108
998501982,1,129,-128
998502006,0,0,0
998502024,0,10,-10
998502032,0,1,-1
998502062,1,0,1
998502063,0,0,0
998502173,24,0,24
998502269,0,12,-12
998601159,0,13,-13
998601292,0,13,-13
999033574,0,218,-218
999800001,64,10,54
999800002,0,2,-2
999800003,4,3,1
999800004,0,3,-3
999800005,0,6,-6
