ID,insum,outsum,diff
100000001,256,253,3
100000002,1357,3139,-1782
100000003,2617,3392,-775
100000004,106,836,-730
100000005,1713,2405,-692
100000006,299,184,115
100000007,803,1153,-350
100000008,33,124,-91
100000009,126,535,-409
100000010,24,121,-97
100000011,171,72,99
100000012,15,100,-85
100000013,1,40,-39
100000014,6,118,-112
100000015,511,906,-395
100000016,106,750,-644
100000017,131,805,-674
100000018,225,321,-96
100000019,1025,1245,-220
100000020,635,2201,-1566
100000021,1885,664,1221
100000022,198,1291,-1093
100000023,1216,726,490
100000025,232,939,-707
100000028,331,910,-579
100000029,5,565,-560
100000030,41,18,23
100000031,1044,3616,-2572
100000032,815,2364,-1549
100000033,448,1664,-1216
100000034,29,672,-643
100000035,195,450,-255
100000036,287,849,-562
100000037,450,199,251
100000038,1558,598,960
100000039,120,156,-36
100000040,154,96,58
100000041,895,308,587
100000042,660,118,542
100000043,271,92,179
100000044,38,32,6
100000045,50,241,-191
100000046,172,180,-8
100000047,83,137,-54
100000048,92,166,-74
100000049,533,373,160
100000051,201,212,-11
100000053,46,5,41
100000054,124,17,107
100000055,213,164,49
100000056,179,200,-21
100000057,1400,217,1183
100000058,367,264,103
100000059,34,98,-64
100000060,372,218,154
100000061,1500,380,1120
100000062,1015,404,611
100000063,507,270,237
100000064,790,224,566
100000065,146,281,-135
100000066,135,219,-84
100000067,108,191,-83
100000068,152,459,-307
100000069,98,494,-396
100000072,58,160,-102
100000073,358,401,-43
100000075,416,71,345
100000076,475,3363,-2888
100000077,44,417,-373
100000078,8,33,-25
100000079,5,69,-64
100000080,0,50,-50
100000081,3,22,-19
100000102,1164,2771,-1607
100000103,881,1863,-982
100000104,1548,1371,177
100000105,779,723,56
100000106,426,1667,-1241
100000107,30,837,-807
100000108,203,342,-139
100000109,274,605,-331
100000116,180,203,-23
100000117,6,72,-66
100000118,379,440,-61
100000119,423,447,-24
100000121,58,325,-267
100000122,228,949,-721
100000123,621,1077,-456
100000124,958,1200,-242
100000125,2871,1814,1057
100000126,201,249,-48
100000127,442,441,1
100000128,114,1927,-1813
100000129,87,369,-282
100000130,402,141,261
100000131,487,662,-175
100000132,382,955,-573
100000133,919,314,605
100000135,394,710,-316
100000139,94,324,-230
100000140,136,77,59
100000142,375,305,70
100000143,173,116,57
100000144,666,214,452
100000147,692,2690,-1998
100000150,51,173,-122
100000151,34,870,-836
100000153,29,186,-157
100000154,4,478,-474
100000155,0,21,-21
100000156,30,152,-122
100000157,180,165,15
100000158,105,95,10
100000159,25,760,-735
100000165,563,167,396
100000169,32,831,-799
100000174,168,733,-565
100000179,24,424,-400
100000180,340,590,-250
100000181,118,179,-61
100000188,14,64,-50
100000189,365,216,149
100000190,169,519,-350
100000191,288,299,-11
100000192,0,56,-56
100000193,81,42,39
100000330,170,428,-258
100000355,91,273,-182
100000362,1136,518,618
100000363,4240,3899,341
100000364,68,109,-41
100000365,3915,4844,-929
100000366,1168,559,609
100000367,3271,3380,-109
100000368,547,580,-33
100000369,203,1273,-1070
100000370,100,765,-665
100000376,16,321,-305
100000379,297,1689,-1392
100000380,1415,3797,-2382
100000384,2302,3320,-1018
100000385,482,2655,-2173
100000386,831,2793,-1962
100000387,1176,3680,-2504
100000388,1041,1707,-666
100000389,2305,3160,-855
100000390,1352,1309,43
100000391,1568,3832,-2264
100000392,233,982,-749
100000393,159,2380,-2221
100000394,793,2286,-1493
100000395,426,2171,-1745
100000396,612,859,-247
100000397,577,3015,-2438
100000398,4747,1981,2766
100900002,15,1,14
100900003,375,245,130
100900004,11,201,-190
100900005,96,6,90
100900006,29,10,19
100900007,43,0,43
100900008,0,80,-80
100900009,16,8,8
100900010,34,0,34
100900011,257,107,150
100900012,0,24,-24
100900013,685,8,677
100900014,0,0,0
100900015,12,6,6
100900016,2,17,-15
100900017,595,50,545
100900018,0,8,-8
100900019,9,21,-12
100900020,141,0,141
100900021,321,0,321
100900022,0,6,-6
100900023,0,3,-3
100900024,145,0,145
100900025,1,0,1
100900026,89,10,79
100900027,96,1404,-1308
100900028,24,106,-82
100900029,39,0,39
100900030,0,43,-43
100900031,511,39,472
100900032,301,0,301
100900033,29,206,-177
100900034,377,0,377
100900035,77,1,76
100900036,2,0,2
100900037,77,26,51
100900038,12,27,-15
100900039,172,49,123
100900040,472,179,293
100900041,1130,42,1088
100900042,84,1336,-1252
100900043,0,12,-12
100900044,398,381,17
100900045,1,0,1
100900046,746,3,743
100900047,307,21,286
100900048,71,4,67
100900049,8,35,-27
100900050,4,3,1
100900051,53,117,-64
100900052,40,1,39
100900053,580,20,560
100900054,2,5,-3
100900055,85,499,-414
100900056,11,31,-20
100900057,821,69,752
100900058,195,43,152
100900059,67,0,67
100900060,184,6,178
100900061,32,51,-19
100900062,0,4,-4
100900063,149,431,-282
100900064,287,18,269
100900065,19,107,-88
100900066,53,10,43
100900067,1,0,1
100900068,65,20,45
100900069,9,0,9
100900070,440,19,421
100900071,93,32,61
100900072,3,0,3
100900073,59,124,-65
100900074,2,25,-23
100900075,699,19,680
100900076,3,4,-1
100900077,20,10,10
100900078,10,132,-122
100900079,0,0,0
100900080,70,9,61
100900081,2,70,-68
100900082,173,61,112
100900083,2,23,-21
100900085,1,175,-174
100900086,8,192,-184
100900088,89,69,20
100900089,2,58,-56
100900090,30,289,-259
100900091,1,8,-7
100900092,43,135,-92
100900093,183,223,-40
100900094,138,35,103
100900095,1,11,-10
100900096,20,63,-43
100900097,2,0,2
100900098,37,2,35
100900099,2,69,-67
100900100,3,74,-71
100900101,124,2,122
100900102,0,15,-15
100900103,2,0,2
100900104,0,18,-18
100900105,2,17,-15
100900106,3,1,2
100900107,643,298,345
100900108,2,26,-24
100900109,4,8,-4
100900110,0,14,-14
100900111,2,25,-23
100900112,1,8,-7
100900113,4,11,-7
100900114,4,10,-6
100900115,4,2,2
100900116,287,157,130
100900117,142,810,-668
100900118,3,98,-95
100900119,4,17,-13
100900120,4,1,3
100900121,264,177,87
100900122,12,14,-2
100900123,97,2,95
100900124,0,4,-4
100900125,3,11,-8
100900126,209,15,194
100900127,0,1,-1
100900128,9,112,-103
100900129,1,89,-88
100900131,2,25,-23
100900133,10,2,8
100900134,1,1,0
100900135,0,122,-122
100900137,44,7,37
100900138,61,114,-53
100900139,0,0,0
100900140,1,42,-41
100900141,0,178,-178
100900142,0,0,0
100900143,82,142,-60
100900144,4,12,-8
100900145,4,65,-61
100900146,4,17,-13
100900147,0,365,-365
100900148,7,66,-59
100900149,6,215,-209
100900150,1,32,-31
100900151,5,128,-123
100900152,28,5,23
100900153,0,128,-128
100900154,1,41,-40
100900155,4,4,0
100900156,0,0,0
100900157,0,141,-141
100900158,118,13,105
100900159,1,2,-1
100900160,8,0,8
100900161,2,1,1
100900162,3,90,-87
100900163,10,19,-9
100900164,86,0,86
100900165,14,23,-9
100900166,0,0,0
100900167,27,9,18
100900168,1,13,-12
100900169,23,281,-258
100900170,0,0,0
100900171,3,259,-256
100900172,0,167,-167
100900173,0,29,-29
100900174,12,15,-3
100900176,321,53,268
100900177,74,29,45
100900178,114,167,-53
100900179,86,16,70
100900180,0,1,-1
100900181,2,6,-4
100900182,3,6,-3
100900184,33,26,7
100900186,232,139,93
100900187,42,32,10
100900188,7,9,-2
100900189,581,208,373
100900191,80,608,-528
100900192,36,202,-166
100900195,29,98,-69
100900197,21,39,-18
100900198,9,7,2
100900199,3,4,-1
100900200,428,65,363
100900201,4,429,-425
100900202,11,0,11
100900203,0,10,-10
100900204,34,27,7
100900205,47,419,-372
100900206,73,147,-74
100900207,102,78,24
100900210,7,110,-103
100900211,30,52,-22
100900213,57,52,5
100900214,107,18,89
100900215,2,2,0
101000001,722,1453,-731
101000002,2725,3273,-548
101000003,74,541,-467
101000004,3001,4684,-1683
101000005,2762,4245,-1483
101000006,2424,6839,-4415
101000007,1020,3065,-2045
101000008,1026,1545,-519
101000009,1266,271,995
101000010,508,352,156
101000011,245,128,117
101000012,120,302,-182
101000013,234,668,-434
101000014,230,291,-61
101000015,2317,802,1515
101000016,185,407,-222
101000017,112,208,-96
101000018,770,1908,-1138
101000020,603,407,196
101000021,240,248,-8
101000022,84,387,-303
101000023,401,397,4
101000025,303,380,-77
101000026,206,13,193
101000027,939,2362,-1423
101000028,9,8,1
101000029,6,651,-645
101000030,440,168,272
101000031,30,471,-441
101000032,1126,2308,-1182
101000033,271,1809,-1538
101000034,174,1397,-1223
101000035,144,152,-8
101000036,136,902,-766
101000037,226,1370,-1144
101000039,508,1520,-1012
101000040,1109,2389,-1280
101000041,1040,3536,-2496
101000042,44,583,-539
101000043,1338,2795,-1457
101000045,126,447,-321
101000046,481,1946,-1465
101000047,655,3560,-2905
101000048,171,250,-79
101000049,177,518,-341
101000050,270,892,-622
101000051,332,1544,-1212
101000052,308,1146,-838
101000053,283,560,-277
101000054,579,228,351
101000055,524,808,-284
101000056,3,125,-122
101000057,286,1284,-998
101000058,202,919,-717
101000059,565,1902,-1337
101000060,536,427,109
101000061,116,1479,-1363
101000062,78,321,-243
101000063,78,869,-791
101000064,98,671,-573
101000065,24,484,-460
101000066,182,941,-759
101000067,173,364,-191
101000068,96,267,-171
101000069,113,22,91
101000070,281,253,28
101000071,1467,659,808
101000072,191,1339,-1148
101000073,177,783,-606
101000074,1165,1652,-487
101000075,1560,957,603
101000077,1089,1043,46
101000078,549,519,30
101000079,743,590,153
101000080,804,281,523
101000081,749,798,-49
101000082,878,720,158
101000083,1772,881,891
101000084,423,233,190
101000085,1052,665,387
101000086,392,267,125
101000087,269,382,-113
101000088,833,594,239
101000089,437,710,-273
101000090,637,212,425
101000091,256,262,-6
101000092,1154,446,708
101000093,530,240,290
101000094,286,281,5
101000095,284,315,-31
101000096,309,207,102
101000097,169,195,-26
101000098,219,307,-88
101000099,269,625,-356
101000100,484,748,-264
101000101,60,364,-304
101000102,196,511,-315
101000103,272,269,3
101000104,111,366,-255
101000105,454,347,107
101000106,106,1213,-1107
101000107,142,244,-102
101000108,189,43,146
101000109,351,44,307
101000110,5,75,-70
101000111,7,83,-76
101000113,36,420,-384
101000114,1071,3168,-2097
101000115,3,2,1
101000116,17,0,17
101000117,128,14,114
101000119,21,60,-39
101000120,10,33,-23
101000121,11,35,-24
101000122,28,59,-31
101000123,3,59,-56
101000124,747,379,368
101000125,47,58,-11
101000128,119,737,-618
101000130,114,115,-1
101000131,860,177,683
101000132,417,228,189
101000135,0,24,-24
101000136,25,81,-56
101000137,4,256,-252
101000141,239,2226,-1987
101000147,304,135,169
101000148,444,7,437
101000149,5,43,-38
101000150,87,147,-60
101000151,292,15,277
101000152,190,198,-8
101000153,148,144,4
101000154,388,160,228
101000155,416,66,350
101000156,21,158,-137
101000157,4,62,-58
101000160,0,1,-1
101000163,32,510,-478
101000164,71,57,14
101000165,137,186,-49
101000166,100,183,-83
101000168,532,100,432
101000252,1471,453,1018
101000254,15,1,14
101000258,91,5,86
101000261,164,51,113
101000262,717,3077,-2360
101000263,132,887,-755
101000265,36,381,-345
101000266,117,208,-91
101000269,7,5,2
101000290,104,1817,-1713
101000293,3,1,2
101000294,163,162,1
101000295,154,113,41
101000301,103,576,-473
101000304,925,1536,-611
101000305,1074,712,362
101900001,70,64,6
101900002,0,1,-1
101900003,19,27,-8
101900004,0,48,-48
101900005,571,1949,-1378
101900006,352,33,319
101900007,101,81,20
101900008,7,87,-80
101900009,1,194,-193
101900010,161,364,-203
101900011,66,468,-402
101900012,70,25,45
101900013,120,36,84
101900017,3,42,-39
101900018,113,37,76
101900019,9,11,-2
101900020,178,52,126
101900021,0,6,-6
101900022,52,149,-97
101900023,32,22,10
102000001,1517,4110,-2593
102000002,1273,743,530
102000003,816,3813,-2997
102000004,1535,1805,-270
102000005,681,2583,-1902
102000006,275,882,-607
102000007,662,2829,-2167
102000008,2289,945,1344
102000009,4061,4346,-285
102000010,1816,1225,591
102000011,2715,2737,-22
102000012,2011,1520,491
102000018,1274,1805,-531
102000019,912,743,169
102000026,134,192,-58
102000029,212,123,89
102000030,65,158,-93
102000031,22,61,-39
102000032,377,208,169
102000033,206,205,1
102000034,164,150,14
102000035,325,326,-1
102000036,6,115,-109
102000037,81,12,69
102000038,53,58,-5
102000039,21,9,12
102000040,55,103,-48
102000041,6,202,-196
102000042,11,144,-133
102000043,10,123,-113
102000044,142,366,-224
102000045,268,328,-60
102000046,718,202,516
102000047,244,269,-25
102000048,316,283,33
102000049,479,417,62
102000050,395,443,-48
102000051,99,222,-123
102000052,632,383,249
102000053,548,399,149
102000054,376,325,51
102000055,456,91,365
102000056,640,145,495
102000057,804,223,581
102000058,305,255,50
102000059,358,350,8
102000060,413,811,-398
102000061,860,647,213
102000062,1357,563,794
102000063,646,749,-103
102000064,253,400,-147
102000065,21,141,-120
102000066,215,176,39
102000067,1464,2009,-545
102000068,3385,1547,1838
102000069,55,996,-941
102000070,744,19,725
102000071,3416,6487,-3071
102000072,1252,1448,-196
102000073,316,163,153
102000074,293,260,33
102000075,88,59,29
102000076,244,91,153
102000077,362,165,197
102000078,872,194,678
102000079,60,30,30
102000080,240,87,153
102000081,137,431,-294
102000082,253,431,-178
102000083,301,73,228
102000084,813,94,719
102000085,589,290,299
102000086,1079,395,684
102000087,174,595,-421
102000088,142,130,12
102000089,958,153,805
102000090,158,738,-580
102000091,665,342,323
102000092,127,361,-234
102000093,375,469,-94
102000094,244,114,130
102000095,224,489,-265
102000096,631,195,436
102000097,359,229,130
102000098,159,218,-59
102000099,476,290,186
102000100,100,353,-253
102000101,138,214,-76
102000102,55,472,-417
102000103,942,394,548
102000104,333,123,210
102000105,221,211,10
102000106,445,146,299
102000107,1011,96,915
102000108,361,169,192
102000109,303,156,147
102000110,727,147,580
102000111,4,118,-114
102000112,50,126,-76
102000113,2,21,-19
102000114,196,179,17
102000115,59,168,-109
102000116,182,494,-312
102000117,28,223,-195
102000118,461,1185,-724
102000119,290,640,-350
102000120,165,374,-209
102000121,577,243,334
102000122,231,670,-439
102000123,430,401,29
102000124,662,653,9
102000125,268,364,-96
102000126,181,213,-32
102000127,659,236,423
102000128,400,359,41
102000129,589,231,358
102000130,404,504,-100
102000131,1150,583,567
102000132,419,823,-404
102000133,2136,557,1579
102000134,886,315,571
102000135,271,474,-203
102000136,292,251,41
102000137,195,170,25
102000138,52,28,24
102000139,38,96,-58
102000140,51,220,-169
102000141,29,305,-276
102000142,177,81,96
102000143,138,115,23
102000144,199,65,134
102000145,122,74,48
102000146,217,86,131
102000147,176,170,6
102000148,42,127,-85
102000149,194,56,138
102000150,495,19,476
102000151,40,31,9
102000152,208,43,165
102000153,354,249,105
102000154,129,120,9
102000155,23,163,-140
102000156,115,53,62
102000157,5,130,-125
102000158,43,212,-169
102000159,406,504,-98
102000161,904,886,18
102000162,38,83,-45
102000163,19,243,-224
102000164,142,315,-173
102000165,94,65,29
102000166,8,94,-86
102000167,35,55,-20
102000168,30,85,-55
102000169,52,390,-338
102000170,205,25,180
102000171,1,27,-26
102000172,2,161,-159
102000173,229,148,81
102000174,102,30,72
102000175,74,16,58
102000176,9,7,2
102000178,88,117,-29
102000179,190,109,81
102000180,367,136,231
102000181,827,185,642
102000182,430,171,259
102000183,1035,549,486
102000184,828,276,552
102000185,1682,239,1443
102000186,858,368,490
102000187,448,219,229
102000188,675,489,186
102000189,889,133,756
102000190,407,1080,-673
102000191,410,188,222
102000192,559,650,-91
102000193,40,83,-43
102000194,52,104,-52
102000195,433,204,229
102000196,151,174,-23
102000197,806,101,705
102000198,109,211,-102
102000199,914,67,847
102000200,131,289,-158
102000201,1071,172,899
102000202,1,16,-15
102000203,196,56,140
102000204,480,120,360
102000205,688,170,518
102000206,197,158,39
102000207,346,220,126
102000208,132,173,-41
102000209,38,60,-22
102000210,230,42,188
102000211,411,69,342
102000212,386,3,383
102000213,3,46,-43
102000214,327,4,323
102000215,0,90,-90
102000216,95,60,35
102000217,0,66,-66
102000218,216,81,135
102000219,43,19,24
102000225,147,515,-368
102000226,32,247,-215
102000227,41,0,41
102000228,0,26,-26
102000229,57,42,15
102000230,156,137,19
102000231,228,223,5
102000232,7,80,-73
102000233,249,160,89
102000234,42,717,-675
102000236,45,13,32
102000237,255,100,155
102000238,85,118,-33
102000240,49,274,-225
102000241,77,13,64
102000243,0,19,-19
102000245,5,27,-22
102000246,17,89,-72
102000247,51,265,-214
102000248,107,625,-518
102000249,85,18,67
102000250,24,90,-66
102000254,336,42,294
102000266,1,55,-54
102000271,25,0,25
102000286,105,229,-124
102000297,748,206,542
102000300,0,0,0
102000301,0,0,0
102000305,0,0,0
102000306,0,0,0
102000307,0,6,-6
102000308,0,0,0
102900001,834,207,627
102900002,60,35,25
102900003,66,65,1
102900005,225,158,67
102900006,289,53,236
102900007,428,1,427
102900008,153,17,136
102900009,79,148,-69
102900010,208,628,-420
102900011,379,80,299
102900012,247,9,238
102900013,22,9,13
102900015,373,124,249
102900016,72,15,57
102900017,102,41,61
102900018,12,20,-8
102900019,123,126,-3
102900020,38,2,36
102900021,16,14,2
102900022,20,9,11
102900023,5,1,4
102900024,5,24,-19
102900025,14,5,9
102900026,92,1153,-1061
102900027,37,10,27
102900028,51,588,-537
102900029,3,86,-83
102900030,137,255,-118
102900031,184,26,158
102900032,41,12,29
102900033,69,19,50
102900034,593,17,576
102900035,70,54,16
102900036,181,54,127
102900037,47,59,-12
102900038,113,62,51
102900039,45,350,-305
102900040,110,83,27
102900041,56,14,42
102900042,99,21,78
102900043,151,41,110
102900044,184,311,-127
102900045,102,162,-60
102900046,153,87,66
102900047,13,102,-89
102900048,194,50,144
102900049,39,49,-10
102900050,47,48,-1
102900051,49,49,0
102900052,12,6,6
102900053,107,99,8
102900054,135,390,-255
102900055,39,111,-72
102900056,79,58,21
102900057,0,21,-21
102900058,397,34,363
102900059,0,7,-7
102900060,9,73,-64
102900061,61,83,-22
102900062,237,177,60
102900063,1021,71,950
102900064,8,251,-243
102900065,327,139,188
102900066,94,1,93
102900068,10,54,-44
102900070,99,82,17
102900072,0,9,-9
102900073,3,0,3
102900074,21,82,-61
102900075,2,14,-12
102900076,1,14,-13
102900077,14,4,10
102900078,8,0,8
102900079,81,0,81
102900080,202,9,193
102900081,6,56,-50
102900082,0,17,-17
102900083,32,17,15
102900084,0,0,0
102900085,39,15,24
102900086,0,3,-3
102900087,158,28,130
102900088,25,15,10
102900089,72,27,45
102900090,0,11,-11
102900091,223,1,222
102900092,233,77,156
102900093,120,84,36
102900094,0,31,-31
102900095,44,0,44
102900096,15,3,12
102900097,42,23,19
103000001,1571,1263,308
103000002,1823,1589,234
103000003,1547,1410,137
103000004,386,199,187
103000005,922,1929,-1007
103000006,680,940,-260
103000007,215,213,2
103000008,448,343,105
103000009,1057,539,518
103000010,94,17,77
103000011,612,248,364
103000012,639,957,-318
103000013,1336,961,375
103000014,794,1595,-801
103000015,675,260,415
103000016,278,729,-451
103000017,209,534,-325
103000018,220,147,73
103000019,164,383,-219
103000020,731,612,119
103000021,1360,2308,-948
103000022,320,719,-399
103000023,643,1553,-910
103000024,5,55,-50
103000025,18,819,-801
103000026,82,27,55
103000027,36,435,-399
103000028,158,137,21
103000029,88,129,-41
103000030,693,797,-104
103000031,492,1356,-864
103000032,1100,661,439
103000033,2610,1949,661
103000034,730,441,289
103000035,76,764,-688
103000036,134,163,-29
103000037,336,287,49
103000038,283,513,-230
103000039,239,115,124
103000040,538,256,282
103000041,1094,836,258
103000042,958,126,832
103000043,471,454,17
103000044,143,28,115
103000046,154,191,-37
103000047,440,154,286
103000048,219,55,164
103000049,89,49,40
103000050,386,101,285
103000051,548,242,306
103000052,390,74,316
103000053,178,189,-11
103000054,999,267,732
103000055,1075,648,427
103000056,322,406,-84
103000057,884,120,764
103000058,540,180,360
103000059,426,227,199
103000060,536,197,339
103000061,451,365,86
103000062,313,57,256
103000063,727,300,427
103000064,32,63,-31
103000065,0,79,-79
103000066,111,5,106
103000069,157,68,89
103000070,379,98,281
103000071,686,350,336
103000072,151,267,-116
103000073,511,25,486
103000074,690,44,646
103000075,62,179,-117
103000076,191,663,-472
103000077,24,171,-147
103000078,384,728,-344
103000079,241,470,-229
103000080,166,295,-129
103000081,121,710,-589
103000082,329,56,273
103000083,63,93,-30
103000084,37,4,33
103000085,0,43,-43
103000086,415,334,81
103000087,128,482,-354
103000088,223,201,22
103000089,115,356,-241
103000090,2989,1323,1666
103000091,586,457,129
103000092,227,113,114
103000093,119,228,-109
103000094,188,45,143
103000095,52,201,-149
103000096,320,18,302
103000097,28,260,-232
103000098,324,26,298
103000099,53,161,-108
103000100,121,147,-26
103000101,847,42,805
103000102,107,117,-10
103000103,658,53,605
103000104,102,51,51
103000105,138,13,125
103000106,33,70,-37
103000107,178,36,142
103000108,712,992,-280
103000109,219,452,-233
103000110,323,602,-279
103000111,134,384,-250
103000112,133,207,-74
103000113,101,576,-475
103000114,726,319,407
103000115,591,717,-126
103000116,774,306,468
103000117,403,280,123
103000118,159,225,-66
103000119,453,113,340
103000120,58,144,-86
103000121,17,195,-178
103000122,268,574,-306
103000125,7,46,-39
103000126,418,0,418
103000127,0,78,-78
103000128,120,0,120
103000129,1,25,-24
103000130,55,8,47
103000131,111,71,40
103000132,7,29,-22
103000133,5,93,-88
103000134,202,369,-167
103000135,270,181,89
103000136,163,110,53
103000137,144,312,-168
103000138,247,401,-154
103000139,1,24,-23
103000140,45,5,40
103000141,9,75,-66
103000142,42,28,14
103000143,13,83,-70
103000144,214,39,175
103000145,9,202,-193
103000150,30,33,-3
103000152,67,169,-102
103000153,132,103,29
103000156,5,86,-81
103000157,315,1,314
103000159,133,72,61
103000162,33,24,9
103000163,11,18,-7
103000164,0,5,-5
103000165,21,97,-76
103000166,224,426,-202
103000167,94,66,28
103000168,61,13,48
103000169,222,386,-164
103000170,1433,164,1269
103000171,51,60,-9
103000172,730,143,587
103000173,600,89,511
103000174,365,155,210
103000175,203,111,92
103000176,373,413,-40
103000177,141,292,-151
103000178,113,221,-108
103000179,32,4,28
103000183,258,1,257
103000185,64,43,21
103000186,247,30,217
103000187,700,85,615
103000188,33,95,-62
103000189,539,430,109
103000191,269,186,83
103000292,318,1094,-776
103000293,459,1876,-1417
103000295,53,42,11
103000296,92,0,92
103000297,2,32,-30
103000504,135,6,129
103000505,1,4,-3
103000506,0,34,-34
103000507,101,0,101
103000508,46,45,1
103000509,111,141,-30
103900001,0,17,-17
103900002,271,61,210
103900003,388,112,276
103900004,43,0,43
103900005,0,23,-23
103900006,0,1,-1
103900007,34,1,33
103900008,2,0,2
103900009,216,49,167
103900010,144,32,112
103900011,228,22,206
103900012,0,49,-49
103900013,4,8,-4
103900014,31,2,29
103900015,55,1,54
103900016,53,16,37
103900017,54,31,23
103900018,145,35,110
103900019,1,250,-249
103900020,116,247,-131
103900021,43,3,40
103900022,247,106,141
103900023,186,3,183
103900024,28,112,-84
103900025,2,4,-2
103900026,2,0,2
103900027,158,59,99
103900028,21,122,-101
103900029,626,40,586
103900030,191,72,119
103900031,47,0,47
103900032,35,60,-25
103900033,17,28,-11
103900034,11,11,0
103900035,38,32,6
103900036,45,64,-19
103900037,47,5,42
103900038,26,121,-95
103900039,117,56,61
103900040,14,102,-88
103900041,36,3,33
103900042,88,70,18
103900043,159,4,155
103900044,47,245,-198
103900045,206,73,133
103900047,70,3,67
103900048,2,9,-7
103900049,41,424,-383
103900050,19,105,-86
103900051,0,33,-33
103900052,89,111,-22
103900053,132,46,86
103900054,97,56,41
103900055,189,40,149
103900056,7,2,5
103900057,106,33,73
103900058,309,92,217
103900059,0,1,-1
103900060,35,43,-8
103900061,176,7,169
103900062,340,97,243
103900063,0,0,0
103900064,182,0,182
103900065,121,44,77
103900066,146,48,98
103900067,219,5,214
103900068,0,0,0
103900069,22,5,17
103900070,72,64,8
103900071,7,13,-6
103900072,15,88,-73
103900073,27,15,12
103900074,52,12,40
103900075,99,11,88
103900076,373,194,179
103900077,44,87,-43
103900078,103,42,61
103900079,19,19,0
103900080,0,7,-7
103900081,3,8,-5
103900082,11,41,-30
103900083,645,1077,-432
103900084,6,33,-27
103900085,1,30,-29
103900086,673,109,564
103900087,2,25,-23
103900088,80,224,-144
103900089,30,53,-23
103900090,3,16,-13
103900091,172,23,149
103900092,315,258,57
103900093,21,97,-76
103900094,1,29,-28
103900095,22,121,-99
103900096,72,18,54
103900097,9,101,-92
103900098,66,19,47
103900099,166,25,141
103900100,191,41,150
103900101,5,166,-161
103900102,3,8,-5
103900104,4,1,3
103900105,0,42,-42
103900106,0,6,-6
103900107,168,27,141
103900108,18,45,-27
103900109,84,16,68
103900110,198,15,183
103900111,213,82,131
103900112,2,23,-21
103900113,56,71,-15
103900114,171,90,81
103900115,68,52,16
103900116,422,570,-148
103900117,23,6,17
103900119,14,121,-107
103900120,17,7,10
103900122,106,57,49
103900123,90,226,-136
103900124,38,5,33
103900125,46,26,20
103900126,418,33,385
103900127,62,41,21
103900128,68,19,49
103900131,2,9,-7
103900133,486,9,477
103900134,0,4,-4
103900135,4,6,-2
103900137,0,10,-10
103900138,284,10,274
103900139,63,1750,-1687
103900140,4,201,-197
103900141,58,27,31
103900142,288,58,230
103900143,186,1,185
103900144,0,8,-8
103900145,33,51,-18
103900146,189,62,127
103900147,277,50,227
103900148,263,36,227
103900149,202,70,132
103900150,1305,2615,-1310
103900151,18,26,-8
103900152,660,71,589
103900153,3,1,2
103900154,42,828,-786
103900155,5,30,-25
103900156,3,21,-18
103900157,65,6,59
103900158,121,9,112
103900159,197,0,197
103900160,25,6,19
103900161,21,59,-38
103900162,29,26,3
103900163,9,108,-99
103900164,186,14,172
103900167,16,23,-7
103900168,19,31,-12
103900169,1,27,-26
103900170,1,20,-19
103900171,0,1,-1
103900172,0,2,-2
103900173,9,12,-3
103900174,207,5,202
103900175,6,94,-88
103900176,3,15,-12
103900177,1,1,0
103900178,22,2,20
103900179,32,2,30
103900180,4,1,3
103900181,7,5,2
103900182,5,1,4
103900184,26,16,10
103900185,5,275,-270
103900187,0,34,-34
103900188,39,11,28
103900189,19,1,18
103900190,41,6,35
103900191,0,9,-9
103900192,19,17,2
103900193,22,2,20
103900194,16,23,-7
103900195,0,48,-48
103900196,2,4,-2
103900197,2,8,-6
103900198,6,10,-4
103900199,114,8,106
103900200,109,13,96
103900201,25,9,16
103900202,0,13,-13
103900203,59,23,36
103900204,0,16,-16
103900207,0,14,-14
103900208,67,0,67
103900209,0,14,-14
103900210,29,17,12
103900211,668,389,279
103900212,34,52,-18
103900213,1,97,-96
103900214,134,174,-40
103900215,29,179,-150
103900216,3,100,-97
103900217,160,17,143
103900218,0,84,-84
103900219,145,31,114
103900233,56,4,52
103900235,5,26,-21
103900236,1,14,-13
103900242,0,0,0
103900243,0,0,0
103900244,66,31,35
103900245,37,18,19
103900246,10,25,-15
103900247,9,5,4
103900248,0,17,-17
103900249,1,40,-39
103900250,4,3,1
103900251,0,23,-23
103900253,1,20,-19
103900254,0,32,-32
103900255,0,6,-6
103900256,4,39,-35
103900257,9,59,-50
103900258,8,8,0
103900259,4,0,4
103900261,19,0,19
103900262,21,0,21
103900263,13,17,-4
103900264,2,4,-2
103900265,0,0,0
103900266,0,37,-37
103900267,0,5,-5
104000001,1677,902,775
104000002,1429,1368,61
104000003,1292,947,345
104000004,1668,1364,304
104000005,1374,977,397
104000006,1388,1227,161
104000007,3045,2368,677
104000008,186,199,-13
104000009,368,120,248
104000010,119,219,-100
104000011,97,123,-26
104000012,45,155,-110
104000013,168,328,-160
104000014,110,189,-79
104000015,295,108,187
104000016,108,116,-8
104000018,580,115,465
104000019,651,148,503
104000020,78,182,-104
104000021,125,167,-42
104000022,88,184,-96
104000023,973,211,762
104000024,137,94,43
104000026,33,38,-5
104000027,173,102,71
104000028,556,116,440
104000029,78,128,-50
104000030,428,273,155
104000031,708,75,633
104000032,55,133,-78
104000033,693,119,574
104000034,248,136,112
104000035,909,69,840
104000036,848,148,700
104000037,124,53,71
104000038,266,132,134
104000039,126,72,54
104000040,49,270,-221
104000041,358,136,222
104000042,162,126,36
104000043,56,108,-52
104000044,182,150,32
104000045,364,203,161
104000046,279,387,-108
104000047,221,356,-135
104000048,311,451,-140
104000049,498,136,362
104000050,67,311,-244
104000051,93,247,-154
104000052,1392,888,504
104000053,714,173,541
104000054,379,52,327
104000055,1394,715,679
104000056,303,85,218
104000057,205,71,134
104000058,580,354,226
104000059,317,601,-284
104000060,758,615,143
104000061,635,346,289
104000062,138,26,112
104000064,383,92,291
104000065,77,288,-211
104000069,242,793,-551
104000070,25,401,-376
104000071,82,56,26
104000072,334,36,298
104000075,9,72,-63
104000076,192,9,183
104000082,1308,1688,-380
104000083,199,52,147
104000084,58,132,-74
104000085,205,97,108
104000086,151,198,-47
104000087,122,326,-204
104000090,473,242,231
104000092,882,437,445
104000094,291,337,-46
104000095,1567,652,915
104000096,1550,9,1541
104000097,1902,238,1664
104000098,2878,176,2702
104000100,1805,281,1524
104000101,836,739,97
104000106,11,368,-357
104000107,396,90,306
104000108,91,77,14
104000109,180,32,148
104000110,280,759,-479
104000111,1034,1858,-824
104000112,181,154,27
104000116,0,319,-319
104000117,175,160,15
104000118,707,76,631
104000119,410,123,287
104000120,254,150,104
104000121,100,184,-84
104000122,464,351,113
104000123,462,262,200
104000124,193,562,-369
104000125,884,1738,-854
104000126,376,370,6
104000127,893,809,84
104000128,429,96,333
104000129,36,0,36
104000130,2,458,-456
104000131,207,195,12
104000132,326,278,48
104000133,849,543,306
104000134,532,1160,-628
104000135,231,792,-561
104000136,438,1474,-1036
104000137,1094,219,875
104000138,451,121,330
104000139,1556,1147,409
104000141,429,296,133
104000142,364,229,135
104000143,499,207,292
104000144,43,63,-20
104000145,174,65,109
104000146,100,216,-116
104000147,85,179,-94
104000148,255,110,145
104000149,119,98,21
104000150,691,220,471
104000151,217,182,35
104000152,388,204,184
104000153,520,362,158
104000154,335,193,142
104000155,291,436,-145
104000157,723,621,102
104000158,87,279,-192
104000159,465,263,202
104000160,1010,1580,-570
104000161,51,72,-21
104000162,72,37,35
104000165,304,352,-48
104000167,329,942,-613
104000168,587,3,584
104000169,132,25,107
104000170,97,139,-42
104000248,246,166,80
104000251,19,35,-16
104000272,0,0,0
104000273,0,0,0
104000274,0,0,0
104000275,0,0,0
104000279,367,485,-118
104000290,16,94,-78
104000291,391,576,-185
104000293,630,483,147
104000294,56,2,54
104000295,648,951,-303
104000296,251,305,-54
104000297,690,1746,-1056
104000298,1030,579,451
104000299,468,622,-154
104900001,22,21,1
104900002,60,115,-55
104900003,19,75,-56
104900004,10,61,-51
104900005,202,66,136
104900006,309,20,289
104900007,123,71,52
104900009,55,68,-13
104900010,56,0,56
104900011,2,1,1
104900012,62,5,57
104900013,8,2,6
104900014,671,101,570
104900015,22,0,22
104900016,78,44,34
104900017,26,89,-63
104900018,2,31,-29
104900019,72,3337,-3265
104900020,36,78,-42
104900021,0,23,-23
104900022,1,228,-227
104900023,0,5,-5
104900024,4,104,-100
104900025,65,72,-7
104900026,2,15,-13
104900027,600,146,454
104900028,5,28,-23
104900029,1,25,-24
104900030,288,135,153
104900031,10,36,-26
104900032,24,10,14
104900033,145,97,48
104900034,286,106,180
104900035,292,180,112
104900036,479,16,463
104900037,116,116,0
104900038,40,752,-712
104900039,180,989,-809
104900040,678,74,604
104900041,191,49,142
104900042,138,69,69
104900043,28,314,-286
104900044,789,73,716
104900045,167,14,153
104900046,447,18,429
104900047,394,34,360
104900048,389,55,334
104900049,112,44,68
104900050,416,6,410
104900051,176,15,161
104900052,202,1,201
104900053,322,12,310
104900054,217,7,210
104900055,384,3,381
104900056,256,5,251
104900057,20,1,19
104900058,143,51,92
104900059,70,58,12
104900060,1,111,-110
104900061,47,86,-39
104900063,1,43,-42
104900064,0,66,-66
104900065,0,45,-45
104900066,0,15,-15
104900067,4,47,-43
104900068,8,21,-13
104900070,11,33,-22
104900071,0,103,-103
104900072,5,61,-56
104900073,41,5,36
104900074,25,24,1
104900075,12,5,7
104900076,31,31,0
104900077,100,39,61
104900078,26,75,-49
104900079,62,458,-396
104900080,38,182,-144
104900082,1,67,-66
104900085,1,66,-65
104900087,189,2,187
104900089,654,1,653
104900090,933,431,502
104900091,172,137,35
104900093,44,60,-16
104900097,415,1060,-645
104900098,82,11,71
104900099,85,453,-368
104900100,114,52,62
104900102,36,43,-7
104900103,43,29,14
104900104,603,1132,-529
104900106,84,23,61
104900107,63,38,25
104900108,3,31,-28
104900109,32,47,-15
104900110,0,27,-27
104900111,103,61,42
104900112,174,80,94
104900113,259,55,204
104900114,370,138,232
104900115,539,25,514
104900116,143,12,131
104900118,0,8,-8
104900119,0,27,-27
104900120,11,368,-357
104900121,0,37,-37
104900122,0,13,-13
104900123,208,6,202
104900124,71,1,70
104900125,169,1,168
104900126,1,5,-4
104900127,2,0,2
104900128,48,65,-17
104900129,625,1599,-974
105000001,1664,549,1115
105000002,1223,845,378
105000003,1214,1606,-392
105000004,623,468,155
105000005,908,781,127
105000006,573,1277,-704
105000007,700,1052,-352
105000008,317,1238,-921
105000009,1970,1798,172
105000010,1095,581,514
105000011,2222,1866,356
105000012,946,1106,-160
105000013,612,572,40
105000014,1973,1552,421
105000015,4810,8034,-3224
105000016,561,670,-109
105000017,1087,733,354
105000018,325,556,-231
105000019,475,445,30
105000020,23,289,-266
105000021,148,66,82
105000022,62,64,-2
105000023,497,100,397
105000028,3,51,-48
105000029,279,642,-363
105000030,1505,1056,449
105000033,412,572,-160
105000034,61,663,-602
105000037,279,92,187
105000038,478,725,-247
105000039,346,467,-121
105000040,557,678,-121
105000041,255,418,-163
105000042,1111,635,476
105000043,404,429,-25
105000044,758,159,599
105000045,306,247,59
105000046,426,191,235
105000047,406,313,93
105000048,656,204,452
105000049,174,199,-25
105000050,723,250,473
105000051,110,228,-118
105000052,418,420,-2
105000053,40,73,-33
105000054,307,264,43
105000055,335,119,216
105000056,1467,759,708
105000057,1035,278,757
105000058,660,553,107
105000059,1046,377,669
105000060,386,171,215
105000061,1243,295,948
105000062,275,307,-32
105000063,110,228,-118
105000064,1961,311,1650
105000065,272,190,82
105000066,469,488,-19
105000067,1166,415,751
105000068,144,351,-207
105000069,744,1621,-877
105000070,387,777,-390
105000071,166,1531,-1365
105000072,636,2827,-2191
105000073,774,490,284
105000074,276,230,46
105000075,341,367,-26
105000076,792,350,442
105000077,920,308,612
105000078,363,471,-108
105000079,643,1011,-368
105000080,1401,1461,-60
105000081,642,550,92
105000082,474,1006,-532
105000083,1523,1943,-420
105000084,206,389,-183
105000085,2021,1337,684
105000086,271,438,-167
105000087,469,894,-425
105000088,988,1108,-120
105000089,1069,612,457
105000090,122,244,-122
105000091,266,253,13
105000092,223,261,-38
105000093,120,152,-32
105000094,71,67,4
105000095,78,241,-163
105000096,569,829,-260
105000097,287,208,79
105000098,720,700,20
105000099,361,382,-21
105000100,1171,357,814
105000101,1074,516,558
105000102,1118,511,607
105000103,597,559,38
105000104,1312,370,942
105000105,670,432,238
105000106,1032,296,736
105000107,1315,240,1075
105000108,1317,361,956
105000109,1614,316,1298
105000110,745,167,578
105000111,956,173,783
105000112,459,207,252
105000113,354,516,-162
105000114,583,754,-171
105000115,205,1201,-996
105000116,864,353,511
105000117,294,243,51
105000118,773,236,537
105000119,332,233,99
105000120,1576,356,1220
105000121,637,179,458
105000122,289,187,102
105000123,269,291,-22
105000124,1443,262,1181
105000125,589,413,176
105000126,1220,514,706
105000127,1570,496,1074
105000128,228,425,-197
105000129,907,129,778
105000130,121,2041,-1920
105000131,296,93,203
105000132,942,613,329
105000133,184,439,-255
105000134,931,209,722
105000135,115,97,18
105000136,18,12,6
105000137,210,63,147
105000138,7,16,-9
105000139,378,135,243
105000140,324,120,204
105000141,137,92,45
105000142,245,102,143
105000143,79,205,-126
105000144,174,173,1
105000145,455,157,298
105000146,142,256,-114
105000147,527,114,413
105000148,316,836,-520
105000149,1904,1045,859
105000150,450,315,135
105000151,559,187,372
105000152,168,213,-45
105000153,705,303,402
105000154,269,165,104
105000155,225,198,27
105000156,105,339,-234
105000157,410,749,-339
105000158,1653,263,1390
105000159,192,395,-203
105000160,2437,319,2118
105000161,311,334,-23
105000162,533,1923,-1390
105000163,544,323,221
105000164,64,184,-120
105000165,238,5591,-5353
105000166,2435,1419,1016
105000167,633,2230,-1597
105000168,138,181,-43
105000169,504,86,418
105000170,278,495,-217
105000171,609,102,507
105000172,231,9,222
105000173,555,5,550
105000174,114,6,108
105000175,89,16,73
105000176,576,42,534
105000177,250,124,126
105000178,185,106,79
105000179,1182,31,1151
105000180,244,59,185
105000181,117,87,30
105000182,56,13,43
105000183,935,1455,-520
105000184,124,220,-96
105000185,144,687,-543
105000186,266,242,24
105000187,348,222,126
105000188,147,185,-38
105000189,31,249,-218
105000190,129,114,15
105000191,139,145,-6
105000192,330,61,269
105000193,92,81,11
105000194,333,24,309
105000195,89,148,-59
105000196,28,141,-113
105000197,66,94,-28
105000198,68,64,4
105000199,66,222,-156
105000200,96,298,-202
105000201,61,9,52
105000203,10,36,-26
105000204,23,41,-18
105000205,27,55,-28
105000207,115,36,79
105000208,123,266,-143
105000209,66,51,15
105000212,643,268,375
105000213,22,70,-48
105000214,110,59,51
105000215,129,66,63
105000216,94,47,47
105000217,127,31,96
105000218,1830,419,1411
105000221,67,75,-8
105000222,96,45,51
105000223,223,49,174
105000226,13,30,-17
105000227,9,58,-49
105000228,30,774,-744
105000229,99,368,-269
105000231,227,157,70
105000233,537,332,205
105000234,298,467,-169
105000235,395,291,104
105000237,823,46,777
105000243,65,63,2
105000248,6,34,-28
105000262,280,136,144
105000269,83,25,58
105000270,525,2,523
105000271,0,92,-92
105000282,5,43,-38
105000287,69,109,-40
105000288,576,214,362
105000289,351,1003,-652
105000290,25,7,18
105000402,681,1773,-1092
105000426,113,132,-19
105000438,435,575,-140
105000446,2358,2068,290
105000447,1284,821,463
105000454,521,45,476
105000455,102,55,47
105000474,59,2,57
105000477,724,303,421
105000478,1445,3018,-1573
105000479,68,25,43
105000480,3036,3597,-561
105000481,2298,1867,431
105000482,1153,1735,-582
105000483,869,1079,-210
105000484,657,789,-132
105000485,1024,1419,-395
105000486,738,798,-60
105000488,1394,1298,96
105000489,914,262,652
105000549,60,75,-15
105000550,86,474,-388
105000551,1,45,-44
105000552,951,385,566
105900001,3,1231,-1228
105900002,588,478,110
105900003,1,35,-34
105900004,68,20,48
105900005,0,44,-44
105900006,7,28,-21
105900007,5,12,-7
105900008,39,64,-25
105900009,54,20,34
105900011,74,45,29
105900012,291,79,212
105900013,3,25,-22
105900014,0,37,-37
105900015,26,56,-30
105900016,557,128,429
105900017,1142,21,1121
105900018,20,56,-36
105900019,37,53,-16
105900020,17,26,-9
105900021,19,210,-191
105900022,68,73,-5
105900023,12,75,-63
105900024,14,98,-84
105900025,174,0,174
105900026,31,2,29
105900027,4431,1256,3175
105900028,59,58,1
105900029,615,118,497
105900030,83,52,31
105900031,148,36,112
105900032,37,25,12
105900033,33,37,-4
105900034,116,41,75
105900035,162,55,107
105900036,74,28,46
105900037,108,13,95
105900038,68,61,7
105900039,41,9,32
105900040,27,15,12
105900041,38,81,-43
105900042,13,42,-29
105900043,374,19,355
105900044,0,202,-202
105900045,0,353,-353
105900046,0,32,-32
105900047,1,13,-12
105900048,45,80,-35
105900050,255,1527,-1272
105900051,21,379,-358
105900052,264,15,249
105900053,744,1953,-1209
105900054,64,142,-78
105900056,328,358,-30
105900057,1,58,-57
105900058,6,4,2
105900059,2,93,-91
106000001,1350,938,412
106000002,300,1213,-913
106000003,1901,1991,-90
106000004,922,1437,-515
106000005,2902,2306,596
106000006,2229,1068,1161
106000007,531,107,424
106000008,188,193,-5
106000009,437,78,359
106000010,173,209,-36
106000011,1063,493,570
106000012,450,364,86
106000013,1339,762,577
106000014,516,644,-128
106000015,1862,524,1338
106000016,574,795,-221
106000017,1020,381,639
106000018,242,285,-43
106000019,442,202,240
106000020,142,163,-21
106000021,386,164,222
106000022,185,128,57
106000023,993,357,636
106000024,305,263,42
106000025,223,154,69
106000026,55,78,-23
106000027,1740,710,1030
106000028,274,118,156
106000029,203,186,17
106000030,37,199,-162
106000034,27,149,-122
106000035,541,916,-375
106000036,26,325,-299
106000037,298,367,-69
106000038,24,42,-18
106000039,40,77,-37
106000040,54,676,-622
106000041,582,349,233
106000043,193,178,15
106000046,187,23,164
106000047,28,237,-209
106000049,732,45,687
106000050,91,137,-46
106000051,760,262,498
106000052,0,0,0
106000053,758,83,675
106000054,0,0,0
106000055,658,200,458
106000056,0,0,0
106000057,516,125,391
106000058,0,0,0
106000059,350,202,148
106000060,13,83,-70
106000061,165,410,-245
106000062,53,70,-17
106000063,499,474,25
106000064,0,0,0
106000065,364,151,213
106000066,48,13,35
106000067,339,32,307
106000068,25,25,0
106000069,391,25,366
106000070,65,11,54
106000071,562,102,460
106000072,1017,723,294
106000073,842,2706,-1864
106000074,329,445,-116
106000075,236,349,-113
106000076,721,474,247
106000077,1169,310,859
106000078,801,246,555
106000079,638,252,386
106000080,624,207,417
106000081,645,192,453
106000082,916,268,648
106000083,197,538,-341
106000084,543,254,289
106000085,697,428,269
106000086,197,118,79
106000087,389,324,65
106000088,220,200,20
106000089,655,172,483
106000090,278,202,76
106000091,103,168,-65
106000092,400,111,289
106000093,379,40,339
106000094,52,35,17
106000095,1001,242,759
106000096,1179,109,1070
106000097,1034,335,699
106000098,755,125,630
106000099,134,143,-9
106000100,983,71,912
106000101,639,76,563
106000102,46,132,-86
106000103,137,207,-70
106000104,747,289,458
106000105,229,392,-163
106000106,797,149,648
106000107,90,177,-87
106000108,391,89,302
106000109,76,149,-73
106000110,327,56,271
106000111,65,78,-13
106000112,220,478,-258
106000113,202,172,30
106000114,218,430,-212
106000115,78,187,-109
106000116,281,62,219
106000117,391,161,230
106000118,767,828,-61
106000119,328,152,176
106000120,585,1004,-419
106000121,169,100,69
106000122,226,124,102
106000123,697,47,650
106000124,94,56,38
106000125,8,114,-106
106000126,262,55,207
106000127,974,254,720
106000128,643,63,580
106000129,399,204,195
106000130,781,120,661
106000131,22,401,-379
106000132,397,77,320
106000133,587,940,-353
106000134,290,1767,-1477
106000135,69,310,-241
106000136,581,1044,-463
106000137,49,360,-311
106000138,1521,27,1494
106000139,86,54,32
106000140,8,1,7
106000141,19,6,13
106000142,96,163,-67
106000143,2,8,-6
106000144,29,82,-53
106000145,165,62,103
106000146,474,39,435
106000147,215,272,-57
106000148,285,755,-470
106000149,492,261,231
106000150,648,1192,-544
106000151,1495,343,1152
106000152,582,909,-327
106000153,18,760,-742
106000154,815,105,710
106000155,104,138,-34
106000156,1463,76,1387
106000157,228,864,-636
106000158,955,384,571
106000159,905,1091,-186
106000160,417,2161,-1744
106000161,340,98,242
106000162,340,1076,-736
106000163,170,102,68
106000164,615,90,525
106000165,56,180,-124
106000166,954,50,904
106000167,266,241,25
106000168,667,54,613
106000169,100,85,15
106000170,620,62,558
106000171,123,328,-205
106000172,1452,354,1098
106000173,533,675,-142
106000174,1093,103,990
106000175,111,172,-61
106000176,1492,223,1269
106000177,564,404,160
106000178,1996,357,1639
106000179,343,267,76
106000180,533,338,195
106000181,1336,646,690
106000182,1352,149,1203
106000183,1536,111,1425
106000184,791,205,586
106000185,861,794,67
106000186,128,39,89
106000187,11,453,-442
106000188,0,1,-1
106000189,7,16,-9
106000190,29,0,29
106000191,271,46,225
106000192,0,5,-5
106000193,44,86,-42
106000194,44,146,-102
106000195,88,74,14
106000196,27,201,-174
106000197,473,66,407
106000198,124,49,75
106000199,245,983,-738
106000200,107,66,41
106000201,88,4351,-4263
106000202,1102,373,729
106000203,1,60,-59
106000204,56,1,55
106000205,2,66,-64
106000206,30,8,22
106000207,3,86,-83
106000208,1053,37,1016
106000209,1844,120,1724
106000210,118,281,-163
106000211,166,366,-200
106000212,1110,198,912
106000213,77,655,-578
106000214,660,201,459
106000215,228,206,22
106000216,496,140,356
106000217,75,160,-85
106000218,303,73,230
106000219,101,105,-4
106000220,508,58,450
106000221,176,36,140
106000222,54,19,35
106000223,252,41,211
106000224,104,92,12
106000225,56,75,-19
106000226,30,106,-76
106000228,1,5,-4
106000229,75,100,-25
106000231,891,12,879
106000232,37,93,-56
106000233,352,26,326
106000234,21,92,-71
106000235,74,54,20
106000236,43,45,-2
106000237,0,13,-13
106000238,0,42,-42
106000239,1,48,-47
106000240,2,0,2
106000241,6,314,-308
106000242,151,13,138
106000249,145,60,85
106000250,18,354,-336
106000251,137,14,123
106000252,3,2,1
106000253,79,8,71
106000254,33,8,25
106000255,83,67,16
106000256,17,3,14
106000257,22,116,-94
106000258,29,10,19
106000259,1,10,-9
106000260,3,1,2
106000261,1,23,-22
106000262,48,2,46
106000263,30,5,25
106000264,88,2,86
106000265,9,10,-1
106000266,159,25,134
106000267,5,49,-44
106000268,127,11,116
106000269,9,10,-1
106000270,49,88,-39
106000271,29,25,4
106000272,27,15,12
106000273,8,42,-34
106000274,84,5,79
106000275,140,97,43
106000276,15,7,8
106000277,79,93,-14
106000278,21,3,18
106000279,0,2,-2
106000280,32,10,22
106000281,21,6,15
106000282,44,10,34
106000283,27,28,-1
106000284,124,1,123
106000285,59,45,14
106000286,53,10,43
106000287,50,15,35
106000288,100,15,85
106000289,40,5,35
106000290,66,4,62
106000291,19,12,7
106000292,21,9,12
106000293,36,22,14
106000294,50,4,46
106000295,26,10,16
106000296,16,2,14
106000297,7,51,-44
106000298,36,22,14
106000299,42,27,15
106000300,49,44,5
106000301,27,34,-7
106000303,62,4,58
106000304,8,3,5
106000305,84,27,57
106000306,40,7,33
106000307,112,3,109
106000308,6,32,-26
106000309,5,23,-18
106000310,154,118,36
106000311,341,69,272
106000312,134,76,58
106000313,157,41,116
106000318,17,157,-140
106000319,538,148,390
106000320,5,50,-45
106000321,51,250,-199
106000322,112,39,73
106000324,107,111,-4
106000325,1559,354,1205
106000326,311,434,-123
106000327,286,37,249
106000328,10,17,-7
106000329,31,83,-52
106000330,10,65,-55
106000428,64,97,-33
106000429,68,143,-75
106000430,219,378,-159
106000431,1532,130,1402
106000432,330,642,-312
106000433,1743,575,1168
106000434,2510,666,1844
106000435,524,694,-170
106000436,0,83,-83
106000437,533,69,464
106000438,86,249,-163
106000439,11,311,-300
106000440,121,172,-51
106000441,3,0,3
106000442,64,1,63
106000443,242,63,179
106000450,0,84,-84
106000451,27,84,-57
106000454,1,37,-36
106000455,0,78,-78
106000456,37,23,14
106000457,8,118,-110
106000458,1042,71,971
106000459,69,49,20
106000460,1691,40,1651
106000461,58,107,-49
106000462,0,26,-26
106000463,1,28,-27
106000464,3,86,-83
106000465,674,1,673
106000466,2,120,-118
106000467,50,147,-97
106000468,93,52,41
106000469,130,1,129
106000470,33,794,-761
106000471,4,180,-176
106000472,98,14,84
106000473,5,1,4
106000474,103,290,-187
106000475,253,211,42
106000476,126,224,-98
106000477,0,9,-9
106900001,0,0,0
106900002,0,78,-78
106900003,19,397,-378
106900004,2,2,0
106900006,0,3,-3
106900007,0,0,0
106900008,420,42,378
106900009,345,142,203
106900010,260,56,204
106900012,480,1848,-1368
106900013,350,221,129
106900014,51,1,50
106900015,0,0,0
106900016,342,10,332
106900017,1,0,1
106900018,19,0,19
106900019,181,6,175
106900020,570,1225,-655
106900021,91,40,51
106900022,1531,25,1506
106900023,10,51,-41
106900024,421,48,373
106900025,3,89,-86
106900026,0,86,-86
106900027,765,3,762
107000001,1653,2291,-638
107000002,711,702,9
107000003,5551,5050,501
107000004,2010,880,1130
107000005,5939,3450,2489
107000006,1412,799,613
107000007,3102,3735,-633
107000008,1895,1314,581
107000009,5787,3719,2068
107000010,3053,2194,859
107000011,228,386,-158
107000012,1090,794,296
107000013,41,11,30
107000014,30,35,-5
107000015,126,140,-14
107000016,361,201,160
107000017,399,383,16
107000018,0,347,-347
107000020,423,443,-20
107000021,530,163,367
107000022,437,649,-212
107000023,836,125,711
107000024,571,1014,-443
107000025,169,193,-24
107000026,223,285,-62
107000027,1051,273,778
107000028,687,325,362
107000029,2327,1560,767
107000030,1190,875,315
107000031,3567,1464,2103
107000032,124,410,-286
107000033,972,1491,-519
107000034,1381,411,970
107000035,230,113,117
107000036,251,622,-371
107000037,37,509,-472
107000038,85,86,-1
107000039,431,616,-185
107000040,179,82,97
107000041,575,222,353
107000042,243,1096,-853
107000043,580,285,295
107000044,159,152,7
107000045,33,96,-63
107000046,375,129,246
107000047,146,334,-188
107000048,248,98,150
107000049,202,263,-61
107000050,312,162,150
107000051,203,171,32
107000052,429,883,-454
107000053,253,234,19
107000054,6,88,-82
107000055,69,63,6
107000056,325,370,-45
107000057,578,94,484
107000058,1639,1393,246
107000059,926,1169,-243
107000060,4013,2936,1077
107000061,2182,1000,1182
107000062,4714,1657,3057
107000063,1493,1296,197
107000064,3326,2111,1215
107000065,1231,1667,-436
107000066,661,1659,-998
107000067,649,412,237
107000068,477,378,99
107000069,822,477,345
107000070,833,2,831
107000071,2760,17,2743
107000072,3,540,-537
107000073,869,408,461
107000074,32,222,-190
107000075,1631,84,1547
107000076,80,390,-310
107000077,2079,228,1851
107000078,272,544,-272
107000079,1957,459,1498
107000080,271,569,-298
107000081,3267,356,2911
107000082,235,349,-114
107000083,1233,510,723
107000084,121,316,-195
107000085,1420,1132,288
107000086,1274,899,375
107000087,1736,1027,709
107000088,1044,860,184
107000089,988,916,72
107000090,432,243,189
107000091,1113,418,695
107000092,397,336,61
107000093,895,501,394
107000094,242,352,-110
107000095,1077,534,543
107000096,305,398,-93
107000097,470,215,255
107000098,139,367,-228
107000099,290,363,-73
107000100,67,264,-197
107000101,88,177,-89
107000102,119,318,-199
107000103,195,149,46
107000104,111,186,-75
107000105,318,88,230
107000106,136,120,16
107000107,484,219,265
107000108,81,281,-200
107000109,658,80,578
107000110,25,129,-104
107000111,370,41,329
107000112,4,69,-65
107000113,825,42,783
107000114,12,235,-223
107000115,555,148,407
107000116,25,328,-303
107000117,146,788,-642
107000118,57,81,-24
107000119,919,1115,-196
107000120,479,313,166
107000121,568,435,133
107000122,320,332,-12
107000123,484,495,-11
107000124,384,275,109
107000125,585,136,449
107000126,404,394,10
107000127,2,236,-234
107000129,112,310,-198
107000130,302,837,-535
107000131,194,694,-500
107000132,485,203,282
107000133,190,46,144
107000134,236,1,235
107000135,4,178,-174
107000136,317,1,316
107000137,1,105,-104
107000138,33,21,12
107000139,2,123,-121
107000140,783,32,751
107000141,29,235,-206
107000142,284,52,232
107000143,5,204,-199
107000144,161,505,-344
107000145,43,169,-126
107000146,88,196,-108
107000147,1837,309,1528
107000150,108,2896,-2788
107000151,19,9,10
107000152,375,1905,-1530
107000153,55,75,-20
107000154,0,83,-83
107000155,787,0,787
107000156,928,4,924
107000157,9,349,-340
107000158,389,3,386
107000159,1,218,-217
107000160,1758,87,1671
107000161,11,364,-353
107000162,117,414,-297
107000163,148,1,147
107000164,884,1,883
107000165,1118,10,1108
107000166,2,225,-223
107000167,500,50,450
107000168,703,231,472
107000169,211,174,37
107000170,2851,435,2416
107000171,265,281,-16
107000172,1192,1441,-249
107000173,246,205,41
107000174,668,4291,-3623
107000175,1395,298,1097
107000176,0,0,0
107000177,7,0,7
107000178,9,0,9
107000179,200,626,-426
107000180,1683,85,1598
107000181,289,296,-7
107000182,1320,252,1068
107000183,83,276,-193
107000184,1144,211,933
107000185,188,529,-341
107000186,724,130,594
107000187,760,683,77
107000188,469,138,331
107000189,580,305,275
107000190,521,234,287
107000191,649,363,286
107000192,1021,138,883
107000193,249,166,83
107000194,211,139,72
107000197,566,83,483
107000198,148,493,-345
107000199,296,211,85
107000200,535,338,197
107000201,122,144,-22
107000202,122,291,-169
107000203,167,329,-162
107000204,132,678,-546
107000205,301,120,181
107000206,115,482,-367
107000207,165,280,-115
107000208,99,161,-62
107000209,219,209,10
107000210,87,84,3
107000211,27,31,-4
107000212,76,21,55
107000213,2,8,-6
107000214,7,32,-25
107000215,263,52,211
107000216,451,129,322
107000217,73,44,29
107000219,19,110,-91
107000220,97,37,60
107000222,127,126,1
107000224,287,32,255
107000225,51,218,-167
107000226,450,26,424
107000227,43,96,-53
107000228,15,152,-137
107000229,29,27,2
107000230,360,193,167
107000231,231,558,-327
107000232,20,3,17
107000233,45,254,-209
107000234,0,71,-71
107000235,63,30,33
107000236,0,141,-141
107000237,73,1,72
107000238,34,3,31
107000239,975,194,781
107000240,16,92,-76
107000241,16,12,4
107000242,113,7,106
107000243,0,28,-28
107000244,2,9,-7
107000246,0,263,-263
107000249,2,365,-363
107000251,0,16,-16
107000252,0,105,-105
107000255,78,78,0
107000257,0,385,-385
107000258,0,130,-130
107000259,0,63,-63
107000260,1498,8,1490
107000262,2,96,-94
107000263,366,3,363
107000266,9,16,-7
107000267,34,35,-1
107000268,102,21,81
107000269,8,8,0
107000270,73,23,50
107000271,6,0,6
107000272,42,0,42
107000273,4,57,-53
107000274,334,30,304
107000275,8,307,-299
107000280,916,11,905
107000281,4,267,-263
107000282,11,195,-184
107000290,17,17,0
107000291,0,0,0
107000292,0,27,-27
107000293,2,3,-1
107000294,0,60,-60
107000295,11,4,7
107000296,0,4,-4
107000444,199,1,198
107000496,1,12,-11
107000497,383,472,-89
107000500,211,56,155
107000501,20,120,-100
107000502,146,117,29
107000505,127,298,-171
107000506,0,1,-1
107000508,0,44,-44
107000509,60,299,-239
107000510,31,16,15
107000514,54,410,-356
107000515,0,53,-53
107000516,505,174,331
107000518,857,1440,-583
107000519,361,129,232
107000520,131,15,116
107900001,88,29,59
107900002,40,1,39
107900003,407,2,405
107900004,141,0,141
107900005,2138,25,2113
107900006,53,6,47
107900007,287,7,280
107900008,28,5,23
107900009,430,5,425
107900010,12,4,8
107900012,303,37,266
107900013,123,2,121
107900014,34,0,34
107900015,1419,9,1410
107900016,46,18,28
107900017,27,0,27
107900018,87,406,-319
107900019,32,12,20
107900020,9,47,-38
107900021,60,11,49
107900023,8,1,7
107900024,0,2,-2
107900025,96,33,63
107900026,14,26,-12
107900027,11,208,-197
107900028,165,7,158
107900030,186,3,183
107900031,98,21,77
107900032,67,1,66
107900033,0,2,-2
107900034,182,4,178
107900035,1337,73,1264
107900036,37,19,18
107900037,0,5,-5
107900038,17,260,-243
107900039,7,13,-6
107900040,3,707,-704
107900041,1,0,1
107900043,70,12,58
107900044,2,2,0
107900045,47,29,18
107900046,307,97,210
107900047,66,28,38
107900048,240,20,220
107900049,29,618,-589
107900050,9,61,-52
107900051,49,13,36
107900052,1,61,-60
107900053,142,22,120
107900055,217,123,94
107900056,57,83,-26
107900057,2,0,2
107900058,6,95,-89
107900060,4,7,-3
107900061,4,47,-43
107900063,72,33,39
107900064,95,325,-230
107900065,570,2,568
107900066,1,2,-1
107900067,0,0,0
107900068,44,183,-139
107900069,4,2175,-2171
107900070,145,159,-14
107900071,3,70,-67
107900072,157,15,142
107900073,75,6,69
107900074,84,111,-27
107900076,73,25,48
107900077,77,0,77
107900078,131,7,124
107900079,22,15,7
107900080,5,84,-79
107900081,23,22,1
107900082,0,1,-1
107900083,279,143,136
107900084,93,108,-15
107900086,3,183,-180
107900087,63,16,47
107900088,64,2,62
107900089,67,201,-134
107900090,94,919,-825
107900091,29,103,-74
107900092,436,81,355
107900093,30,26,4
107900095,436,757,-321
107900097,24,25,-1
107900098,138,132,6
107900100,152,1100,-948
107900101,92,41,51
107900102,16,1,15
107900103,7,40,-33
107900104,383,0,383
107900105,0,50,-50
107900106,0,155,-155
107900107,272,181,91
107900108,46,2,44
107900109,1517,35,1482
107900110,32,7,25
107900111,1,79,-78
107900112,48,193,-145
107900113,188,17,171
107900114,238,39,199
107900115,0,7,-7
107900116,215,36,179
107900117,63,79,-16
107900118,5,34,-29
107900119,62,117,-55
107900120,80,0,80
107900121,1,28,-27
107900122,0,29,-29
107900123,3,31,-28
107900124,6,82,-76
107900125,26,29,-3
107900126,20,3,17
107900127,194,63,131
107900128,30,21,9
107900129,134,2,132
107900130,48,0,48
107900131,13,43,-30
107900132,3,62,-59
107900133,0,45,-45
107900134,5,19,-14
107900135,3,16,-13
107900136,11,12,-1
107900137,9,23,-14
107900138,68,3,65
107900139,83,20,63
107900140,44,34,10
107900141,4,2,2
107900142,1,98,-97
107900143,1,7,-6
107900144,0,18,-18
107900145,0,14,-14
107900146,10,33,-23
107900147,21,7,14
107900148,118,170,-52
107900149,201,28,173
107900150,0,48,-48
107900151,29,9,20
107900152,1,38,-37
107900153,18,148,-130
107900154,10,12,-2
107900155,33,2,31
107900156,9,40,-31
107900157,2,71,-69
107900158,1256,86,1170
107900159,2,134,-132
107900160,121,58,63
107900161,14,38,-24
107900162,0,27,-27
107900163,1,15,-14
107900164,8,9,-1
107900165,8,100,-92
107900166,53,43,10
107900167,4,124,-120
107900168,63,11,52
107900169,0,16,-16
107900171,1,125,-124
107900172,6,47,-41
107900173,55,32,23
107900174,77,1,76
107900175,2,53,-51
107900176,14,6,8
107900177,1,20,-19
107900178,0,13,-13
107900179,2,32,-30
107900180,85,761,-676
107900181,99,520,-421
107900182,0,80,-80
107900183,21,30,-9
107900184,50,25,25
107900185,72,1,71
107900186,7,13,-6
107900187,0,17,-17
107900188,108,16,92
107900189,4,11,-7
107900190,17,26,-9
107900191,12,61,-49
107900193,0,40,-40
107900194,99,8,91
107900195,288,53,235
107900196,56,6,50
107900197,64,77,-13
107900199,0,153,-153
107900201,17,19,-2
107900203,31,55,-24
107900204,91,111,-20
107900205,81,68,13
107900206,37,274,-237
107900207,0,68,-68
107900208,2,89,-87
107900209,63,20,43
107900210,2,21,-19
107900213,103,108,-5
107900214,8,15,-7
107900215,51,188,-137
107900216,1,12,-11
107900217,61,38,23
107900218,4,109,-105
107900219,12,5,7
107900220,4,64,-60
107900221,28,47,-19
107900223,66,22,44
107900224,28,184,-156
107900225,0,53,-53
107900226,4,60,-56
107900227,21,44,-23
107900228,37,25,12
107900229,2,33,-31
107900230,34,5,29
107900231,5,27,-22
107900232,107,23,84
107900233,4,14,-10
107900234,98,25,73
107900235,2,50,-48
107900236,195,15,180
107900237,12,278,-266
107900238,17,9,8
107900239,104,235,-131
107900240,14,7,7
107900241,1,18,-17
107900242,11,41,-30
107900243,0,2,-2
107900244,240,7,233
107900245,765,12,753
107900246,130,58,72
107900248,367,27,340
107900249,866,108,758
107900250,0,126,-126
107900251,4,125,-121
107900252,526,50,476
107900253,125,13,112
107900254,17,111,-94
107900255,31,20,11
107900256,102,248,-146
107900257,213,79,134
107900258,38,18,20
107900259,5,1958,-1953
107900261,0,63,-63
107900262,44,27,17
107900264,276,10,266
107900265,35,43,-8
107900267,306,0,306
107900268,0,0,0
107900269,0,0,0
107900270,2,0,2
107900271,0,24,-24
107900272,39,44,-5
107900273,36,23,13
107900274,112,0,112
107900275,21,0,21
107900276,0,28,-28
107900277,0,13,-13
107900278,339,100,239
107900279,10,47,-37
107900280,501,456,45
107900281,318,4813,-4495
107900282,63,799,-736
107900283,386,537,-151
107900284,449,175,274
107900285,75,25,50
107900286,13,5,8
107900287,346,37,309
107900290,0,203,-203
107900291,492,3,489
107900292,81,27,54
107900293,44,79,-35
107900295,22,8,14
107900297,1,104,-103
107900298,292,186,106
107900299,2538,2002,536
107900300,117,207,-90
107900301,264,255,9
107900302,51,5,46
107900303,415,198,217
107900304,300,39,261
107900305,169,4,165
107900306,2,27,-25
107900307,2,83,-81
107900308,177,49,128
107900309,32,1,31
107900310,35,0,35
107900311,185,284,-99
107900312,23,0,23
107900313,3,44,-41
107900314,1,76,-75
107900315,1,53,-52
107900316,39,2,37
107900317,29,1,28
107900318,1,261,-260
107900319,4,19,-15
107900320,0,29,-29
107900321,81,0,81
107900322,0,11,-11
107900323,2,25,-23
107900324,75,0,75
107900325,163,0,163
107900326,318,45,273
107900327,21,33,-12
107900328,0,0,0
107900329,0,16,-16
107900330,9,32,-23
107900331,431,4,427
107900332,385,1,384
107900333,125,2,123
107900334,2,92,-90
107900335,15,8,7
107900336,22,7,15
107900337,402,737,-335
107900338,0,46,-46
107900339,0,2,-2
107900340,0,69,-69
107900341,31,1,30
107900342,56,175,-119
107900343,34,0,34
107900344,5,666,-661
107900345,27,7,20
107900346,5,0,5
107900347,18,1,17
107900348,3,7,-4
107900349,11,13,-2
107900350,1,89,-88
108000001,3453,1546,1907
108000002,518,755,-237
108000003,1904,1029,875
108000004,4662,4754,-92
108000005,5674,2434,3240
108000006,1466,1740,-274
108000007,3939,1692,2247
108000008,1271,1357,-86
108000009,4410,2042,2368
108000010,1243,1559,-316
108000011,9267,5543,3724
108000012,4016,4800,-784
108000014,240,777,-537
108000015,506,120,386
108000016,115,259,-144
108000017,819,151,668
108000018,960,237,723
108000019,295,174,121
108000020,640,167,473
108000021,124,315,-191
108000022,177,331,-154
108000023,1029,168,861
108000024,134,142,-8
108000025,434,41,393
108000026,599,107,492
108000027,461,54,407
108000028,549,85,464
108000029,376,130,246
108000030,385,92,293
108000031,89,246,-157
108000032,1885,280,1605
108000033,353,256,97
108000034,1598,197,1401
108000035,211,553,-342
108000036,158,378,-220
108000037,2011,134,1877
108000038,2880,138,2742
108000039,164,444,-280
108000040,1536,404,1132
108000041,225,574,-349
108000042,516,31,485
108000043,56,65,-9
108000044,783,14,769
108000045,33,69,-36
108000046,1488,110,1378
108000047,98,238,-140
108000048,51,101,-50
108000049,486,98,388
108000050,14,93,-79
108000051,316,141,175
108000052,64,163,-99
108000053,207,80,127
108000054,191,412,-221
108000055,749,256,493
108000056,203,384,-181
108000057,526,807,-281
108000058,988,2578,-1590
108000059,974,573,401
108000060,157,220,-63
108000061,53,77,-24
108000062,783,281,502
108000063,341,182,159
108000064,227,109,118
108000065,246,243,3
108000066,936,329,607
108000067,1484,378,1106
108000068,727,91,636
108000069,110,285,-175
108000070,1859,143,1716
108000071,356,402,-46
108000072,1099,214,885
108000073,388,380,8
108000074,693,196,497
108000075,209,144,65
108000076,753,168,585
108000077,203,149,54
108000078,2575,466,2109
108000079,208,394,-186
108000080,1570,186,1384
108000081,210,346,-136
108000082,216,402,-186
108000083,1551,325,1226
108000084,95,349,-254
108000085,865,241,624
108000086,129,161,-32
108000087,87,1694,-1607
108000088,225,0,225
108000089,163,151,12
108000090,740,41,699
108000091,46,260,-214
108000092,237,12,225
108000093,161,206,-45
108000094,1038,23,1015
108000095,85,198,-113
108000096,654,131,523
108000097,35,195,-160
108000098,1832,461,1371
108000099,275,32,243
108000100,175,103,72
108000101,908,512,396
108000102,917,1903,-986
108000106,523,1,522
108000107,2,395,-393
108000108,526,71,455
108000109,3,179,-176
108000110,442,66,376
108000111,113,286,-173
108000112,11,86,-75
108000113,121,113,8
108000115,193,90,103
108000117,231,195,36
108000118,25,117,-92
108000119,411,119,292
108000120,124,568,-444
108000121,203,143,60
108000122,585,149,436
108000123,455,108,347
108000124,182,73,109
108000125,455,78,377
108000126,223,106,117
108000127,385,92,293
108000128,530,73,457
108000129,82,131,-49
108000130,363,110,253
108000131,508,101,407
108000132,116,222,-106
108000133,1261,96,1165
108000134,232,73,159
108000135,1058,277,781
108000136,56,90,-34
108000137,502,63,439
108000138,236,137,99
108000139,482,105,377
108000140,382,6,376
108000141,13,26,-13
108000142,11,25,-14
108000143,22,11,11
108000144,128,5,123
108000145,59,8,51
108000146,186,2,184
108000147,31,12,19
108000148,115,3,112
108000149,4,11,-7
108000150,55,3,52
108000151,3,12,-9
108000152,30,73,-43
108000153,581,55,526
108000154,17,2,15
108000155,43,45,-2
108000156,142,84,58
108000157,54,1242,-1188
108000158,11,387,-376
108000159,54,66,-12
108000160,811,944,-133
108000161,758,2637,-1879
108000165,0,264,-264
108000172,11,116,-105
108000173,330,1309,-979
108000175,381,20,361
108000178,127,92,35
108000179,61,619,-558
108000181,72,16,56
108000182,34,3,31
108000183,1,4,-3
108000184,89,1868,-1779
108000185,215,103,112
108000186,400,6,394
108000187,58,128,-70
108000188,1100,48,1052
108000189,76,1066,-990
108000190,21,18,3
108000192,146,105,41
108000193,216,23,193
108000194,5,2,3
108000195,0,258,-258
108000196,60,77,-17
108000197,14,47,-33
108000198,260,49,211
108000199,1,55,-54
108000200,728,43,685
108000202,1,72,-71
108000203,95,104,-9
108000204,128,73,55
108000205,52,122,-70
108000339,308,197,111
108000364,62,94,-32
108000365,10,105,-95
108000367,84,93,-9
108000368,6,20,-14
108000369,144,34,110
108000371,3,432,-429
108000372,528,7,521
108000373,152,32,120
108000376,91,21,70
108000377,669,63,606
108000378,6670,7860,-1190
108000379,7,57,-50
108000381,143,9,134
108000382,45,0,45
108000383,0,50,-50
108900001,8,135,-127
108900002,83,28,55
108900003,44,211,-167
108900004,2,240,-238
108900005,42,108,-66
108900006,390,109,281
108900007,353,36,317
108900008,192,52,140
108900009,75,60,15
108900010,402,61,341
108900011,753,108,645
108900012,378,129,249
108900013,169,82,87
108900014,1,49,-48
108900015,0,142,-142
108900016,2,114,-112
108900017,20,74,-54
108900018,92,193,-101
108900019,3,108,-105
108900020,31,43,-12
108900021,57,50,7
108900022,70,1,69
108900023,2,37,-35
108900024,17,27,-10
108900025,260,17,243
108900026,6,24,-18
108900027,6,18,-12
108900028,101,79,22
108900029,21,61,-40
108900030,1,9,-8
108900031,55,81,-26
108900032,4,40,-36
108900033,0,38,-38
108900034,0,21,-21
108900035,145,301,-156
108900036,100,154,-54
108900037,25,116,-91
108900038,1,56,-55
108900039,0,72,-72
108900040,4,40,-36
108900041,1904,1955,-51
108900042,0,117,-117
108900043,34,235,-201
108900044,1,113,-112
108900045,149,80,69
108900046,5,125,-120
108900047,0,22,-22
108900048,20,150,-130
108900049,582,1233,-651
108900050,6,101,-95
108900051,0,22,-22
108900052,5,72,-67
108900053,58,143,-85
108900054,74,21,53
108900055,39,87,-48
108900056,0,25,-25
108900057,1,55,-54
108900058,38,114,-76
108900059,454,65,389
108900060,35,83,-48
108900061,16,10,6
108900062,2,70,-68
108900063,37,548,-511
108900064,227,37,190
108900065,12,61,-49
108900066,368,27,341
108900067,3,50,-47
108900068,0,178,-178
108900069,63,35,28
108900070,26,18,8
108900071,144,13,131
108900072,886,162,724
108900073,0,52,-52
108900074,326,40,286
108900075,2,13,-11
108900076,371,12,359
108900077,114,627,-513
108900078,35,27,8
108900079,80,38,42
108900080,28,631,-603
108900081,21,102,-81
108900082,119,25,94
108900083,21,238,-217
108900084,61,26,35
108900085,1052,46,1006
108900086,123,33,90
108900087,36,64,-28
108900088,234,123,111
108900089,26,77,-51
108900090,69,58,11
108900091,44,23,21
108900092,159,122,37
108900093,37,19,18
108900094,95,37,58
108900095,6,84,-78
108900096,71,2,69
108900097,134,45,89
108900098,537,1107,-570
108900099,236,81,155
108900100,71,72,-1
108900101,156,137,19
108900102,11,1003,-992
108900103,128,85,43
108900104,46,76,-30
108900105,6,1352,-1346
108900106,305,76,229
108900108,224,11,213
108900109,32,24,8
108900110,72,68,4
108900111,232,120,112
108900112,168,17,151
108900113,59,41,18
108900114,2,6,-4
108900115,222,47,175
108900116,54,6,48
108900117,209,7,202
108900118,650,26,624
108900119,424,17,407
108900120,143,137,6
108900121,254,39,215
108900122,233,37,196
108900123,227,34,193
108900124,590,31,559
108900125,567,6,561
108900126,56,58,-2
108900127,183,26,157
108900128,218,3,215
108900129,926,29,897
108900130,411,6,405
108900131,392,3,389
108900132,435,37,398
108900133,266,24,242
108900134,513,32,481
108900135,302,1,301
108900136,4,2,2
108900137,252,1,251
108900138,470,7,463
108900139,542,17,525
108900140,482,33,449
108900141,515,4,511
108900142,26,1,25
108900143,60,0,60
108900144,89,1,88
108900145,207,5,202
108900146,65,0,65
108900147,317,4,313
108900148,20,7,13
108900149,146,253,-107
108900150,120,10,110
108900151,13,34,-21
108900152,137,34,103
108900153,197,66,131
108900154,3534,197,3337
108900155,86,18,68
108900156,77,5,72
108900157,4,72,-68
108900158,616,185,431
108900159,0,46,-46
108900160,6,100,-94
108900161,4,85,-81
108900162,217,36,181
108900163,0,289,-289
108900164,62,12,50
108900165,33,24,9
108900167,192,6800,-6608
108900168,2802,1199,1603
108900169,38,53,-15
108900171,1427,2709,-1282
108900172,127,25,102
108900173,80,73,7
108900174,746,82,664
108900176,43,347,-304
108900177,1337,5766,-4429
108900178,1015,3021,-2006
108900179,72,746,-674
108900180,96,120,-24
108900182,131,206,-75
108900183,58,42,16
108900184,196,138,58
108900185,24,124,-100
108900186,44,100,-56
108900187,528,11,517
108900188,650,29,621
108900189,165,22,143
108900190,0,492,-492
108900191,59,151,-92
108900192,45,84,-39
108900193,2,8,-6
108900194,0,48,-48
108900195,36,58,-22
108900196,2,111,-109
108900198,0,100,-100
108900199,97,82,15
108900200,547,169,378
108900201,101,310,-209
108900203,521,37,484
108900204,333,2,331
108900205,150,16,134
108900206,301,20,281
108900207,237,146,91
108900208,4,67,-63
108900209,47,97,-50
108900210,174,64,110
108900211,38,300,-262
108900212,23,768,-745
108900215,22,141,-119
108900216,97,179,-82
108900217,46,0,46
108900218,23,2,21
108900219,34,2,32
108900220,20,16,4
108900221,19,33,-14
108900222,211,7,204
108900223,2,126,-124
108900224,53,131,-78
108900225,1,95,-94
108900226,309,15,294
108900227,120,139,-19
108900230,26,54,-28
108900231,2,48,-46
108900232,2,105,-103
108900233,303,51,252
108900234,153,63,90
108900235,71,230,-159
108900236,15,222,-207
108900237,19,55,-36
108900240,153,45,108
108900241,81,50,31
108900245,1,1588,-1587
108900249,60,8,52
108900250,137,28,109
108900257,317,43,274
108900258,1,45,-44
108900259,18,25,-7
108900260,2,10,-8
108900261,1,9,-8
108900262,38,14,24
108900263,12,16,-4
108900264,50,102,-52
108900265,322,334,-12
108900266,80,528,-448
108900267,1,181,-180
108900268,2,5,-3
108900269,30,11,19
108900270,56,5,51
108900271,36,11,25
108900272,144,2,142
108900273,115,354,-239
108900274,32,15,17
109000001,1939,1989,-50
109000002,298,850,-552
109000003,2179,281,1898
109000004,220,706,-486
109000005,1543,283,1260
109000006,316,490,-174
109000007,1678,220,1458
109000008,219,465,-246
109000009,2587,345,2242
109000010,288,616,-328
109000011,3626,1048,2578
109000012,650,753,-103
109000013,4309,3128,1181
109000014,652,632,20
109000015,2504,7293,-4789
109000016,1184,626,558
109000017,2703,399,2304
109000018,320,711,-391
109000019,1844,439,1405
109000020,323,418,-95
109000023,70,7,63
109000024,25,81,-56
109000025,104,308,-204
109000026,190,144,46
109000027,53,249,-196
109000028,39,29,10
109000029,75,266,-191
109000030,7,102,-95
109000031,339,17,322
109000032,29,112,-83
109000033,563,51,512
109000034,38,27,11
109000035,0,2,-2
109000036,33,244,-211
109000037,372,2824,-2452
109000038,149,109,40
109000039,682,570,112
109000040,1497,12764,-11267
109000041,915,1783,-868
109000042,345,1232,-887
109000044,580,27,553
109000045,55,16,39
109000046,497,28,469
109000047,14,11,3
109000048,264,118,146
109000049,42,23,19
109000050,381,94,287
109000051,19,4,15
109000052,316,312,4
109000053,272,53,219
109000054,28,143,-115
109000055,129,196,-67
109000056,75,78,-3
109000057,717,310,407
109000058,151,49,102
109000059,11,713,-702
109000060,85,392,-307
109000061,133,1250,-1117
109000062,18,220,-202
109000063,80,34,46
109000064,393,21,372
109000065,191,28,163
109000066,420,32,388
109000067,43,36,7
109000068,169,7,162
109000069,298,9,289
109000070,2,308,-306
109000071,179,18,161
109000072,38,142,-104
109000073,46,65,-19
109000074,10,83,-73
109000075,19,17,2
109000076,55,124,-69
109000077,182,122,60
109000078,24,109,-85
109000079,69,104,-35
109000080,159,46,113
109000081,85,161,-76
109000082,455,82,373
109000083,248,195,53
109000088,131,108,23
109000089,389,40,349
109000090,82,198,-116
109000091,556,82,474
109000092,68,139,-71
109000093,382,68,314
109000094,1062,3,1059
109000095,94,213,-119
109000096,761,19,742
109000097,12,33,-21
109000098,22,71,-49
109000099,434,94,340
109000100,192,99,93
109000101,1487,230,1257
109000102,265,158,107
109000103,363,164,199
109000104,2251,135,2116
109000105,199,258,-59
109000106,1479,152,1327
109000107,358,363,-5
109000108,1951,211,1740
109000109,234,261,-27
109000110,828,262,566
109000111,342,369,-27
109000112,95,29,66
109000113,86,60,26
109000114,57,68,-11
109000115,398,5,393
109000116,4,144,-140
109000117,163,14,149
109000118,6,122,-116
109000119,1703,22,1681
109000120,99,170,-71
109000121,637,24,613
109000122,70,236,-166
109000123,21,32,-11
109000124,669,88,581
109000125,968,95,873
109000126,214,193,21
109000127,1173,31,1142
109000128,256,315,-59
109000129,2999,223,2776
109000130,156,321,-165
109000131,558,617,-59
109000132,213,624,-411
109000133,58,248,-190
109000134,255,439,-184
109000135,178,297,-119
109000136,90,103,-13
109000137,245,90,155
109000138,174,132,42
109000139,485,105,380
109000140,103,118,-15
109000141,330,153,177
109000142,53,200,-147
109000143,77,28,49
109000145,43,32,11
109000146,13,43,-30
109000148,738,1090,-352
109000149,3,19,-16
109000150,17,120,-103
109000155,620,552,68
109000156,510,76,434
109000158,18,102,-84
109000159,33,120,-87
109000160,1078,53,1025
109000161,405,258,147
109000162,1507,166,1341
109000163,779,362,417
109000164,914,597,317
109000165,1229,212,1017
109000166,721,74,647
109000167,102,112,-10
109000170,4,19,-15
109000171,46,6,40
109000172,5,24,-19
109000173,1,55,-54
109000174,204,16,188
109000175,20,24,-4
109000176,224,33,191
109000177,6,33,-27
109000178,357,12,345
109000179,1239,4589,-3350
109000180,1347,1580,-233
109000181,20,1,19
109000182,28,9,19
109000183,61,9,52
109000184,81,16,65
109000185,6,11,-5
109000188,155,320,-165
109000189,2080,149,1931
109000190,300,163,137
109000191,236,158,78
109000192,416,44,372
109000193,176,70,106
109000194,210,43,167
109000195,212,50,162
109000196,166,16,150
109000197,163,94,69
109000198,255,14,241
109000199,42,113,-71
109000206,154,7,147
109000207,171,18,153
109000208,100,100,0
109000209,140,29,111
109000210,20,107,-87
109000211,256,79,177
109000214,160,84,76
109000215,142,44,98
109000216,261,360,-99
109000217,109,38,71
109000218,128,83,45
109000221,79,183,-104
109000222,487,55,432
109000223,379,300,79
109000224,83,38,45
109000225,135,14,121
109000226,37,54,-17
109000227,1690,275,1415
109000228,1,202,-201
109000231,1,66,-65
109000232,446,47,399
109000236,110,237,-127
109000241,968,287,681
109000242,716,201,515
109000293,54,64,-10
109000361,26,58,-32
109000364,32,79,-47
109000396,3,219,-216
109000397,718,2,716
109000399,21,139,-118
109000400,78,54,24
109000403,2,586,-584
109000406,357,8,349
109000407,31,52,-21
109000408,0,0,0
109000410,388,36,352
109000411,77,16,61
109900001,46,0,46
109900002,534,15,519
109900003,645,2,643
109900004,89,61,28
109900005,8,0,8
109900006,383,26,357
109900007,1153,67,1086
109900008,0,8,-8
109900009,40,144,-104
109900010,548,10,538
109900011,42,54,-12
109900012,229,57,172
109900013,256,33,223
109900014,160,23,137
109900015,81,10,71
109900016,70,3,67
109900017,188,37,151
109900018,68,7,61
109900019,75,1,74
109900020,85,5,80
109900021,33,5,28
109900022,25,53,-28
109900023,26,0,26
109900024,0,0,0
109900025,1,19,-18
109900026,0,77,-77
109900027,25,3,22
109900028,303,1368,-1065
109900029,0,62,-62
109900030,11,49,-38
109900031,1,431,-430
109900032,0,73,-73
109900033,0,149,-149
109900034,3,14,-11
109900035,55,55,0
109900036,4,4,0
109900037,8,150,-142
109900038,72,91,-19
109900039,2,0,2
109900040,31,122,-91
109900041,26,64,-38
109900042,1,99,-98
109900044,14,47,-33
109900045,69,2,67
109900046,101,38,63
109900047,96,43,53
109900048,2,18,-16
109900049,16,10,6
109900050,0,16,-16
109900051,0,3,-3
109900052,16,91,-75
109900053,0,60,-60
109900054,1011,53,958
109900055,73,162,-89
109900056,4,108,-104
109900057,0,40,-40
109900058,0,8,-8
109900059,1549,13,1536
109900060,693,21,672
109900061,51,45,6
109900062,0,34,-34
109900063,7,175,-168
109900064,280,41,239
109900065,38,30,8
109900066,50,165,-115
109900067,0,78,-78
109900068,83,9,74
109900069,0,3,-3
109900070,22,33,-11
109900071,0,3,-3
109900072,1,16,-15
109900073,497,71,426
109900074,1,12,-11
109900075,9,3,6
109900076,0,35,-35
109900077,6,12,-6
109900078,27,53,-26
109900080,69,27,42
109900081,1,75,-74
109900082,34,54,-20
109900083,0,8,-8
109900084,8,49,-41
109900085,48,108,-60
109900086,27,588,-561
109900087,23,116,-93
109900089,439,29,410
109900090,144,263,-119
109900091,543,35,508
109900092,138,15,123
109900093,924,64,860
109900094,41,19,22
109900095,57,90,-33
109900096,31,13,18
109900097,89,0,89
109900098,574,12,562
109900099,427,0,427
109900100,21,0,21
109900101,1233,6,1227
109900102,267,22,245
109900103,25,41,-16
109900104,1013,145,868
109900105,521,17,504
109900106,211,34,177
109900107,421,14,407
109900108,55,92,-37
109900109,23,15,8
109900110,20,63,-43
109900111,34,101,-67
109900112,136,116,20
109900113,856,261,595
109900114,233,784,-551
109900115,133,48,85
109900117,1339,33,1306
109900118,96,67,29
109900119,90,87,3
109900120,30,5,25
109900121,155,72,83
109900122,768,4,764
109900123,1,26,-25
109900124,5,101,-96
109900125,0,57,-57
109900126,664,8,656
109900128,387,14,373
109900130,1343,2141,-798
109900131,2,14,-12
109900132,1,43,-42
109900133,49,67,-18
109900134,36,10,26
109900135,40,15,25
109900136,24,20,4
109900137,120,69,51
109900138,468,78,390
109900140,83,23,60
109900141,868,102,766
109900142,2066,110,1956
109900145,1,371,-370
109900146,39,31,8
109900148,0,19,-19
109900149,21,5,16
109900150,0,12,-12
109900151,3,33,-30
109900152,1,4,-3
109900153,0,6,-6
109900154,14,0,14
109900155,6,14,-8
109900157,126,91,35
109900158,26,27,-1
109900159,44,19,25
109900160,102,8,94
109900161,247,3,244
109900162,181,21,160
109900163,165,58,107
109900164,60,90,-30
109900165,28,1,27
109900166,0,22,-22
109900167,67,169,-102
109900168,47,166,-119
109900169,163,46,117
109900170,86,824,-738
109900171,203,72,131
109900172,154,198,-44
109900173,507,1652,-1145
109900174,22,41,-19
109900175,46,30,16
109900176,47,26,21
109900177,13,12,1
109900178,0,17,-17
109900179,1,31,-30
109900180,0,0,0
110000001,243,152,91
110000002,463,352,111
110000003,252,390,-138
110000004,405,416,-11
110000005,213,1915,-1702
110000006,77,280,-203
110000007,45,20,25
110000008,10,139,-129
110000009,0,5,-5
110000010,21,114,-93
110000011,7,6,1
110000012,212,144,68
110000013,12,238,-226
110000014,328,217,111
110000015,85,249,-164
110000016,271,745,-474
110000017,1311,223,1088
110000018,1157,157,1000
110000019,6,33,-27
110000020,165,102,63
110000021,74,139,-65
110000022,941,19,922
110000023,0,19,-19
110000024,158,168,-10
110000025,726,0,726
110000026,0,44,-44
110000027,210,282,-72
110000028,716,78,638
110000029,212,172,40
110000030,251,269,-18
110000031,72,172,-100
110000032,963,115,848
110000033,30,84,-54
110000034,874,112,762
110000035,209,198,11
110000036,1206,200,1006
110000037,38,133,-95
110000038,215,583,-368
110000039,474,3678,-3204
110000040,220,93,127
110000041,314,2167,-1853
110000042,34,102,-68
110000043,634,205,429
110000044,38,78,-40
110000045,38,69,-31
110000046,2,15,-13
110000047,20,24,-4
110000048,1,64,-63
110000049,1,9,-8
110000050,2,68,-66
110000051,4,3,1
110000052,38,37,1
110000053,9,8,1
110000054,68,308,-240
110000055,72,45,27
110000056,45,65,-20
110000057,101,146,-45
110000058,360,164,196
110000059,272,173,99
110000060,670,320,350
110000061,178,222,-44
110000062,376,275,101
110000063,35,153,-118
110000064,29,10,19
110000065,184,124,60
110000066,37,2,35
110000067,38,40,-2
110000068,202,29,173
110000069,595,17,578
110000071,637,14,623
110000073,28,4,24
110000075,48,1,47
110000076,268,299,-31
110000077,145,588,-443
110000078,103,8,95
110000080,74,136,-62
110000081,10,96,-86
110000082,2,110,-108
110000083,100,165,-65
110000084,713,671,42
110000085,455,446,9
110000086,456,1300,-844
110000087,26,4,22
110000088,172,98,74
110000089,206,5,201
110000090,46,46,0
110000091,207,78,129
110000092,1,15,-14
110000093,43,11,32
110000094,119,38,81
110000095,70,605,-535
110000096,573,1380,-807
110000097,331,1434,-1103
110000098,793,148,645
110000099,578,850,-272
110000100,1561,62,1499
110000101,106,40,66
110000102,56,12,44
110000104,201,93,108
110000105,88,79,9
110000106,180,327,-147
110000107,79,174,-95
110000108,47,150,-103
110000109,69,102,-33
110000110,855,1883,-1028
110000111,1283,1735,-452
110000112,108,343,-235
110000113,27,1667,-1640
110000114,360,501,-141
110000115,404,82,322
110000116,43,22,21
110000117,423,65,358
110000118,718,53,665
110000119,621,79,542
110000120,212,16,196
110000121,15,370,-355
110000122,93,142,-49
110000123,369,212,157
110000124,1,255,-254
110000125,299,9,290
110000126,117,5,112
110000127,653,11,642
110000128,10,360,-350
110000129,1,143,-142
110000130,129,75,54
110000131,79,107,-28
110000132,1,136,-135
110000133,10,175,-165
110000134,20,177,-157
110000135,112,14,98
110000136,18,78,-60
110000137,468,166,302
110000138,637,138,499
110000139,928,236,692
110000140,321,346,-25
110000143,226,255,-29
110000144,1036,796,240
110000145,642,568,74
110000146,531,235,296
110000147,147,484,-337
110000148,580,95,485
110000151,287,489,-202
110000152,185,206,-21
110000153,513,42,471
110000154,5,48,-43
110000155,421,786,-365
110000156,302,445,-143
110000157,291,975,-684
110000160,103,103,0
110000161,93,104,-11
110000166,981,14,967
110000167,1145,314,831
110000168,452,449,3
110000169,476,182,294
110000170,97,44,53
110000171,283,67,216
110000172,224,200,24
110000173,221,221,0
110000174,92,109,-17
110000175,1309,31,1278
110000176,40,679,-639
110000177,95,1160,-1065
110000178,171,2105,-1934
110000179,626,142,484
110000180,128,107,21
110000181,730,164,566
110000182,66,123,-57
110000183,2730,5367,-2637
110000184,152,2383,-2231
110000185,273,263,10
110000186,190,248,-58
110000191,1144,195,949
110000192,568,4,564
110000193,1107,3,1104
110000194,25,129,-104
110000195,444,22,422
110000196,681,31,650
110000197,80,29,51
110000198,20,5,15
110000199,31,48,-17
110000200,219,119,100
110000201,561,564,-3
110000202,689,265,424
110000203,93,122,-29
110000204,0,53,-53
110000205,281,19,262
110000206,143,167,-24
110000207,1505,95,1410
110000208,67,237,-170
110000209,73,161,-88
110000210,1214,197,1017
110000211,701,326,375
110000212,261,1114,-853
110000213,206,8,198
110000214,295,16,279
110000215,43,94,-51
110000216,48,78,-30
110000217,450,31,419
110000218,90,34,56
110000219,319,5,314
110000220,26,25,1
110000221,426,4,422
110000222,40,78,-38
110000223,2,35,-33
110000224,2,4,-2
110000225,94,272,-178
110000226,272,17,255
110000227,81,268,-187
110000228,174,25,149
110000229,0,86,-86
110000230,295,372,-77
110000231,158,249,-91
110000232,80,56,24
110000233,137,185,-48
110000234,311,143,168
110000235,839,385,454
110000236,339,200,139
110000237,1082,755,327
110000238,673,367,306
110000239,1054,245,809
110000240,0,7,-7
110000242,0,3,-3
110000243,118,20,98
110000244,27,96,-69
110000245,9,167,-158
110000246,983,123,860
110000247,539,497,42
110000248,769,216,553
110000249,158,6,152
110000250,20,68,-48
110000251,318,89,229
110000252,538,67,471
110000253,1351,190,1161
110000254,640,143,497
110000255,55,117,-62
110000256,231,87,144
110000257,151,64,87
110000258,2,52,-50
110000259,289,19,270
110000260,69,32,37
110000263,450,34,416
110000264,436,72,364
110000265,678,447,231
110000266,653,800,-147
110000267,35,31,4
110000268,212,57,155
110000269,0,20,-20
110000270,38,0,38
110000271,642,85,557
110000272,450,405,45
110000273,399,395,4
110000274,134,1878,-1744
110000275,530,259,271
110000276,85,477,-392
110000277,301,56,245
110000278,208,219,-11
110000279,564,144,420
110000280,738,137,601
110000281,51,44,7
110000282,82,2,80
110000283,2,41,-39
110000284,0,1,-1
110000285,0,74,-74
110000286,2,0,2
110000287,64,1,63
110000288,0,47,-47
110000289,212,1866,-1654
110000290,205,618,-413
110000291,909,410,499
110000292,265,5042,-4777
110000293,555,238,317
110000294,1174,1390,-216
110000295,64,155,-91
110000296,652,132,520
110000297,1895,54,1841
110000298,18,128,-110
110000299,162,22,140
110000301,469,12,457
110000302,164,192,-28
110000303,551,2,549
110000304,95,78,17
110000305,1403,10,1393
110000306,290,276,14
110000307,1744,1,1743
110000308,528,1,527
110000309,0,230,-230
110000310,760,15,745
110000311,0,158,-158
110000312,470,34,436
110000313,1505,422,1083
110000314,0,36,-36
110000315,513,860,-347
110000316,126,494,-368
110000317,52,149,-97
110000318,0,8,-8
110000319,25,13,12
110000320,3,17,-14
110000321,7,14,-7
110000322,63,108,-45
110000323,634,126,508
110000324,675,594,81
110000325,1051,2771,-1720
110000327,201,88,113
110000328,66,119,-53
110000333,644,696,-52
110000334,96,392,-296
110000335,582,173,409
110000336,207,276,-69
110000337,1450,239,1211
110000338,317,105,212
110000339,492,81,411
110000340,41,64,-23
110000341,371,133,238
110000342,26,0,26
110000343,0,2,-2
110000344,11,56,-45
110000345,46,166,-120
110000346,659,1003,-344
110000347,732,252,480
110000348,17,4,13
110000349,1,2,-1
110000350,25,0,25
110000351,1323,270,1053
110000352,313,937,-624
110000353,1607,201,1406
110000354,313,1952,-1639
110000355,203,22,181
110000356,315,9,306
110000357,630,2,628
110000361,61,28,33
110000362,139,27,112
110000363,473,6,467
110000364,254,347,-93
110000365,44,0,44
110000366,3,78,-75
110000367,259,94,165
110000368,1,40,-39
110000369,60,5,55
110000373,0,103,-103
110000374,30,26,4
110000375,18,354,-336
110000376,2,93,-91
110000377,40,167,-127
110000378,3,362,-359
110000379,1089,2095,-1006
110000380,106,14,92
110000383,1,313,-312
110000384,562,78,484
110000385,0,59,-59
110000387,121,1,120
110000388,28,54,-26
110000389,363,3,360
110000391,711,119,592
110000396,214,59,155
110000397,73,24,49
110000398,0,9,-9
110000399,96,0,96
110000587,210,58,152
110000589,173,12,161
110000640,98,23,75
110000652,3,196,-193
110000653,234,126,108
110000654,1,282,-281
110000656,0,84,-84
110000674,97,34,63
110000675,16,14,2
110000676,0,30,-30
110000679,31,316,-285
110000682,85,168,-83
110000683,232,101,131
110000684,0,5,-5
110000685,2,15,-13
110000686,0,56,-56
110000687,1,0,1
110000688,10,1104,-1094
110000689,22,29,-7
110000692,3,47,-44
110000693,3,217,-214
110000694,1,41,-40
110000695,22,147,-125
110000696,19,23,-4
110900001,309,9,300
110900002,167,76,91
110900003,1257,62,1195
110900004,450,49,401
110900005,817,3467,-2650
110900006,47,44,3
110900007,208,103,105
110900008,0,8,-8
110900009,196,340,-144
110900010,2,12,-10
110900011,0,4,-4
110900012,1,59,-58
110900013,967,59,908
110900014,354,1,353
110900015,96,403,-307
110900016,52,74,-22
110900017,539,14,525
110900018,505,1,504
110900019,292,22,270
110900020,258,59,199
110900021,120,101,19
110900022,59,97,-38
110900023,19,142,-123
110900024,55,66,-11
110900025,0,2,-2
110900027,37,7,30
110900028,2,9,-7
110900029,0,52,-52
110900030,11,16,-5
110900031,0,53,-53
110900032,0,14,-14
110900033,24,58,-34
110900035,0,278,-278
110900036,31,1,30
110900037,105,0,105
110900038,94,39,55
110900039,0,147,-147
110900040,231,1,230
110900041,14,9,5
110900042,18,10,8
110900043,10,7,3
110900044,26,4,22
110900045,69,109,-40
110900046,1,18,-17
110900047,49,305,-256
110900049,71,52,19
110900050,12,0,12
110900051,3,30,-27
110900052,0,44,-44
110900053,89,6,83
110900054,31,57,-26
110900055,4,0,4
110900056,24,50,-26
110900057,1,43,-42
110900058,265,25,240
110900059,182,104,78
110900060,228,28,200
110900061,1,22,-21
110900062,89,46,43
110900063,2,21,-19
110900064,8,0,8
110900065,35,14,21
110900066,0,15,-15
110900067,59,395,-336
110900068,61,61,0
110900069,4,5,-1
110900070,96,35,61
110900071,86,1074,-988
110900073,1,2,-1
110900074,566,23,543
110900075,488,51,437
110900077,1266,106,1160
110900078,137,4,133
110900079,401,238,163
110900080,74,25,49
110900081,7,4,3
110900082,182,31,151
110900083,136,43,93
110900084,100,35,65
110900085,25,65,-40
110900086,44,193,-149
110900087,288,17,271
110900088,17,0,17
110900090,22,64,-42
110900091,0,11,-11
110900093,121,45,76
110900095,19,13,6
110900097,17,1,16
110900098,0,4,-4
110900099,6,81,-75
110900100,2,3,-1
110900102,40,0,40
110900105,240,33,207
110900108,14,23,-9
110900111,71,30,41
110900112,503,5,498
110900113,70,61,9
110900115,5,19,-14
110900116,1087,359,728
110900118,37,3150,-3113
110900119,696,47,649
110900120,137,8,129
110900121,30,0,30
110900122,355,94,261
110900125,219,463,-244
110900127,75,317,-242
110900128,12,100,-88
110900129,37,384,-347
110900130,83,159,-76
110900131,187,8,179
110900132,441,13,428
110900133,50,58,-8
110900135,44,84,-40
110900136,342,0,342
110900137,15,0,15
110900138,103,178,-75
110900139,1,67,-66
110900140,5,0,5
110900141,1,50,-49
110900142,18,11,7
110900143,309,14,295
110900144,0,159,-159
110900145,187,89,98
110900146,101,220,-119
110900147,23,95,-72
110900148,1,55,-54
110900149,0,16,-16
110900150,23,4,19
110900151,0,18,-18
110900152,28,170,-142
110900153,126,24,102
111000001,142,374,-232
111000002,168,490,-322
111000003,1359,703,656
111000004,418,604,-186
111000005,1036,1011,25
111000006,939,1578,-639
111000007,2802,2394,408
111000008,1970,2438,-468
111000009,268,531,-263
111000010,1187,344,843
111000011,75,608,-533
111000012,157,253,-96
111000013,235,377,-142
111000014,1099,282,817
111000017,19,364,-345
111000018,23,208,-185
111000020,129,511,-382
111000021,42,50,-8
111000023,79,68,11
111000025,1185,2019,-834
111000029,65,41,24
111000030,17,17,0
111000031,978,494,484
111000032,303,99,204
111000033,204,34,170
111000034,153,108,45
111000037,403,477,-74
111000038,863,800,63
111000039,713,607,106
111000040,776,734,42
111000041,91,147,-56
111000042,1230,1267,-37
111000043,1367,2576,-1209
111000044,1303,285,1018
111000045,2243,941,1302
111000046,1561,810,751
111000047,1791,4624,-2833
111000049,33,85,-52
111000050,247,225,22
111000051,180,161,19
111000052,172,224,-52
111000053,58,164,-106
111000054,74,119,-45
111000055,337,466,-129
111000056,95,146,-51
111000057,34,202,-168
111000058,552,105,447
111000059,475,192,283
111000060,3604,354,3250
111000061,728,58,670
111000062,963,206,757
111000063,936,584,352
111000064,1103,244,859
111000065,1073,413,660
111000066,577,172,405
111000067,687,123,564
111000068,561,155,406
111000069,601,804,-203
111000070,78,125,-47
111000071,34,86,-52
111000072,1060,453,607
111000073,144,566,-422
111000074,998,577,421
111000075,464,217,247
111000076,489,216,273
111000077,703,417,286
111000078,801,193,608
111000079,599,176,423
111000080,398,158,240
111000081,941,2100,-1159
111000082,756,153,603
111000084,614,235,379
111000085,406,435,-29
111000086,662,370,292
111000087,417,260,157
111000088,2053,2434,-381
111000089,401,487,-86
111000090,265,453,-188
111000091,325,153,172
111000092,1384,235,1149
111000093,838,260,578
111000094,1005,438,567
111000095,567,1743,-1176
111000096,419,4618,-4199
111000097,1145,332,813
111000098,165,246,-81
111000099,193,469,-276
111000100,254,336,-82
111000101,119,184,-65
111000102,78,135,-57
111000104,1024,74,950
111000107,24,177,-153
111000109,914,64,850
111000110,915,292,623
111000111,2721,114,2607
111000112,2162,106,2056
111000113,627,1945,-1318
111000114,504,2744,-2240
111000115,1626,358,1268
111000116,444,228,216
111000117,204,140,64
111000118,534,315,219
111000119,1055,372,683
111000120,611,315,296
111000121,249,303,-54
111000122,118,283,-165
111000123,633,688,-55
111000124,219,785,-566
111000125,75,239,-164
111000126,45,158,-113
111000127,822,58,764
111000128,2379,122,2257
111000129,2639,140,2499
111000130,2494,190,2304
111000131,2557,186,2371
111000132,1925,1266,659
111000133,41,16,25
111000134,63,9,54
111000135,85,79,6
111000136,357,75,282
111000138,7,5,2
111000140,8,1,7
111000141,57,191,-134
111000142,2,32,-30
111000143,1,52,-51
111000144,0,106,-106
111000145,2,1,1
111000146,96,0,96
111000147,32,7,25
111000148,88,22,66
111000149,5,9,-4
111000150,39,0,39
111000151,0,3,-3
111000153,141,59,82
111000154,246,40,206
111000155,125,42,83
111000156,278,143,135
111000157,87,226,-139
111000158,579,249,330
111000159,1180,420,760
111000160,310,63,247
111000161,13,263,-250
111000162,0,42,-42
111000163,488,365,123
111000164,134,1109,-975
111000165,398,92,306
111000166,100,63,37
111000167,81,86,-5
111000168,168,148,20
111000169,193,84,109
111000170,91,94,-3
111000171,118,147,-29
111000172,19,215,-196
111000173,157,298,-141
111000174,250,43,207
111000175,28,68,-40
111000176,464,42,422
111000177,941,120,821
111000178,1556,94,1462
111000179,489,35,454
111000180,308,220,88
111000181,1539,75,1464
111000182,195,49,146
111000183,59,79,-20
111000184,203,52,151
111000185,124,66,58
111000186,79,42,37
111000187,114,35,79
111000188,228,92,136
111000189,94,97,-3
111000190,103,60,43
111000191,99,61,38
111000192,17,119,-102
111000193,72,45,27
111000194,25,28,-3
111000195,40,35,5
111000196,51,44,7
111000197,602,34,568
111000198,310,25,285
111000199,282,81,201
111000200,586,169,417
111000201,684,26,658
111000202,294,20,274
111000203,352,67,285
111000204,229,685,-456
111000213,90,165,-75
111000214,592,908,-316
111000215,551,325,226
111000217,1121,425,696
111000218,1138,442,696
111000219,136,60,76
111000220,498,321,177
111000221,64,107,-43
111000224,0,59,-59
111000225,342,29,313
111000226,46,0,46
111000227,26,0,26
111000228,7,807,-800
111000229,22,1757,-1735
111000230,92,87,5
111000231,416,84,332
111000232,726,108,618
111000233,1218,167,1051
111000234,258,256,2
111000239,36,15,21
111000240,77,332,-255
111000241,38,37,1
111000242,286,52,234
111000243,138,78,60
111000244,793,88,705
111000245,290,71,219
111000246,594,112,482
111000247,499,75,424
111000248,549,87,462
111000249,473,137,336
111000250,48,35,13
111000251,140,50,90
111000253,17,8,9
111000255,2,7,-5
111000257,5,5,0
111000260,5,325,-320
111000261,1394,27,1367
111000271,15,113,-98
111000273,1563,703,860
111000274,1019,1242,-223
111000275,51,3,48
111000276,141,403,-262
111000277,164,92,72
111000278,333,79,254
111000291,706,7824,-7118
111000298,301,58,243
111000299,361,47,314
111000300,28,99,-71
111000302,271,31,240
111000303,114,28,86
111000312,38,15,23
111000315,0,91,-91
111000320,81,190,-109
111000321,381,100,281
111000322,396,72,324
111000323,306,69,237
111000324,223,57,166
111000325,11,24,-13
111000326,125,105,20
111000327,173,174,-1
111000328,358,214,144
111000329,0,25,-25
111000330,13,26,-13
111000331,12,2,10
111000332,225,318,-93
111000334,120,311,-191
111000335,883,63,820
111000337,1663,100,1563
111000338,56,21,35
111000339,655,76,579
111000340,59,122,-63
111000341,1493,623,870
111000342,6,391,-385
111000344,749,326,423
111000345,65,112,-47
111000346,4,41,-37
111000347,104,2,102
111000350,62,60,2
111000351,41,149,-108
111000352,183,33,150
111000353,66,102,-36
111000354,299,29,270
111000355,180,105,75
111000358,55,237,-182
111000360,106,181,-75
111000361,131,72,59
111000546,690,60,630
111000547,511,93,418
111000548,101,77,24
111000549,189,38,151
111000550,11,441,-430
111000551,86,26,60
111000552,115,72,43
111000907,178,45,133
111000908,51,2,49
111000916,2260,54,2206
111000917,35,185,-150
111000918,88,120,-32
111000920,421,18,403
111000921,1,30,-29
111000922,654,41,613
111000924,8,160,-152
111000925,2932,1335,1597
111000926,801,470,331
111000927,2126,2574,-448
111000928,2087,585,1502
111000929,1781,429,1352
111000930,677,649,28
111000931,1844,749,1095
111000932,1567,660,907
111000933,2045,1949,96
111000934,408,672,-264
111000935,2023,618,1405
111000936,407,507,-100
111000937,722,605,117
111000938,409,364,45
111000939,662,15,647
111000940,937,67,870
111000941,425,50,375
111000943,847,90,757
111000944,112,89,23
111000945,86,234,-148
111001109,320,684,-364
111001110,46,142,-96
111001111,92,1,91
111001112,246,26,220
111001113,0,88,-88
111001114,246,44,202
111001115,11,372,-361
111001116,687,4682,-3995
111001117,82,1406,-1324
111001120,76,46,30
111001121,33,75,-42
111001122,1,12,-11
111900001,84,3,81
111900002,51,43,8
111900003,2,38,-36
111900004,0,18,-18
111900006,15,55,-40
111900007,224,1,223
111900008,329,1,328
111900009,241,5,236
111900010,23,146,-123
111900012,32,29,3
111900013,0,34,-34
111900014,1166,5171,-4005
111900015,0,20,-20
111900016,0,22,-22
111900017,0,14,-14
111900018,191,20,171
111900019,2,212,-210
111900020,1,20,-19
111900021,1,19,-18
111900022,7,1,6
111900023,60,9,51
111900024,2,1,1
111900025,0,11,-11
111900026,0,30,-30
111900027,0,2,-2
111900028,0,36,-36
111900029,0,13,-13
111900030,2,153,-151
111900031,3,8,-5
111900032,0,79,-79
111900033,5,14,-9
111900034,6,244,-238
111900035,52,66,-14
111900036,1,71,-70
111900038,40,220,-180
111900039,5,22,-17
111900040,0,68,-68
111900042,5,22,-17
111900043,0,74,-74
111900044,5,107,-102
111900046,12,37,-25
111900048,402,153,249
111900049,2,65,-63
111900050,114,5,109
111900051,3,32,-29
111900052,70,99,-29
111900053,336,2146,-1810
111900054,244,1,243
111900055,2,77,-75
111900056,24,299,-275
111900057,251,10,241
111900058,571,227,344
111900059,711,544,167
111900060,320,1,319
111900061,7,68,-61
111900062,38,31,7
111900063,185,78,107
111900064,19,85,-66
111900065,184,27,157
111900066,182,53,129
111900067,1,67,-66
111900068,10,53,-43
111900069,56,27,29
111900070,290,8,282
111900071,0,52,-52
111900072,36,21,15
111900073,1109,107,1002
111900074,0,31,-31
111900075,12,1,11
111900076,218,27,191
111900077,99,0,99
111900078,605,50,555
111900079,51,52,-1
111900080,26,35,-9
111900081,79,60,19
111900082,134,39,95
111900083,158,26,132
111900084,62,0,62
111900085,41,22,19
111900086,205,13,192
111900087,140,3,137
111900088,676,16,660
111900089,128,12,116
111900090,37,65,-28
111900091,829,7,822
111900092,231,0,231
111900093,683,20,663
111900094,115,3,112
111900095,462,11,451
111900096,364,4,360
111900097,181,0,181
111900098,484,17,467
111900099,76,0,76
111900100,89,1,88
111900101,84,4,80
111900102,637,55,582
111900103,23,21,2
111900104,59,4,55
111900105,100,317,-217
111900106,135,22,113
111900107,8,13,-5
111900108,40,284,-244
111900109,57,430,-373
111900110,496,135,361
111900111,291,10,281
111900112,155,3392,-3237
111900113,165,44,121
111900114,29,13,16
111900115,1,3,-2
111900118,121,24,97
111900119,73,52,21
111900122,48,22,26
111900123,4,2,2
111900124,7,8,-1
111900125,361,100,261
111900126,356,2,354
111900127,0,102,-102
111900128,0,51,-51
111900129,336,8,328
111900130,83,44,39
111900131,443,0,443
111900132,0,128,-128
111900133,1,50,-49
111900134,1,56,-55
111900135,6,20,-14
111900136,1,39,-38
111900137,27,5,22
111900138,73,5,68
111900139,11,24,-13
111900140,75,9,66
111900141,125,2,123
111900142,67,1,66
111900143,56,34,22
111900144,3,24,-21
111900145,0,81,-81
111900146,1,57,-56
111900147,20,74,-54
111900148,3,125,-122
111900149,18,70,-52
111900150,17,18,-1
111900151,0,12,-12
111900152,22,27,-5
111900153,238,449,-211
111900154,7,609,-602
111900155,47,63,-16
111900156,41,33,8
111900157,241,14,227
111900158,605,36,569
111900159,365,59,306
111900160,410,4,406
111900161,294,1,293
111900162,31,177,-146
111900163,1,145,-144
111900164,102,6,96
111901113,547,23,524
111901114,278,157,121
111901115,204,1,203
111901116,40,1,39
111901117,17,47,-30
111901118,38,303,-265
111901119,194,14,180
111901120,8,62,-54
111901121,9,41,-32
111901122,9,69,-60
111901123,389,77,312
111901124,472,7,465
111901125,563,59,504
111901126,134,67,67
111901127,137,1356,-1219
111901128,2,23,-21
111901129,0,19,-19
111901130,2,23,-21
111901131,1,199,-198
111901132,44,21,23
111901133,52,0,52
111901134,333,0,333
111901135,75,2,73
111901136,81,46,35
111901137,1,7,-6
111901138,11,13,-2
111901139,2,17,-15
111901140,0,40,-40
111901141,1,6,-5
111901142,0,12,-12
111901143,0,35,-35
111901144,19,20,-1
112000001,2439,688,1751
112000002,697,1620,-923
112000003,2640,530,2110
112000004,537,192,345
112000005,2833,2545,288
112000006,399,288,111
112000007,4023,2358,1665
112000008,2161,2918,-757
112000009,1658,796,862
112000010,1980,2869,-889
112000011,877,644,233
112000012,2894,2835,59
112000013,1082,980,102
112000014,595,2263,-1668
112000015,772,1505,-733
112000016,1133,2064,-931
112000017,283,1707,-1424
112000024,1003,146,857
112000026,1555,1207,348
112000027,436,292,144
112000028,529,519,10
112000029,363,488,-125
112000030,158,20,138
112000031,475,1640,-1165
112000032,96,15,81
112000033,694,1850,-1156
112000034,85,8,77
112000035,54,230,-176
112000036,138,508,-370
112000037,297,356,-59
112000038,604,519,85
112000039,81,49,32
112000040,26,81,-55
112000041,89,186,-97
112000042,222,44,178
112000050,729,367,362
112000051,604,1101,-497
112000054,540,503,37
112000057,91,86,5
112000058,83,114,-31
112000059,390,193,197
112000061,1051,388,663
112000062,303,740,-437
112000063,155,949,-794
112000064,1400,1078,322
112000065,489,575,-86
112000066,1343,695,648
112000067,151,183,-32
112000068,1784,1179,605
112000069,187,777,-590
112000070,749,424,325
112000071,429,701,-272
112000072,1713,594,1119
112000073,384,838,-454
112000074,445,439,6
112000075,847,704,143
112000076,1407,640,767
112000077,686,336,350
112000078,1413,484,929
112000079,1324,750,574
112000080,412,397,15
112000081,295,744,-449
112000082,928,179,749
112000083,430,584,-154
112000084,1088,208,880
112000085,1080,491,589
112000086,1855,477,1378
112000087,735,101,634
112000088,574,239,335
112000089,139,112,27
112000090,85,159,-74
112000091,236,226,10
112000092,2454,284,2170
112000093,592,284,308
112000094,528,247,281
112000095,544,148,396
112000096,635,130,505
112000097,1674,284,1390
112000098,95,327,-232
112000099,551,1316,-765
112000100,2021,296,1725
112000101,318,124,194
112000102,1468,380,1088
112000103,331,179,152
112000105,195,1386,-1191
112000106,1867,215,1652
112000107,20,101,-81
112000108,232,1076,-844
112000109,112,59,53
112000110,1404,262,1142
112000111,189,651,-462
112000112,1574,156,1418
112000113,366,382,-16
112000114,1502,314,1188
112000115,117,106,11
112000116,368,196,172
112000117,466,242,224
112000118,174,246,-72
112000119,146,237,-91
112000120,23,95,-72
112000121,105,213,-108
112000122,233,105,128
112000123,718,29,689
112000124,381,29,352
112000125,142,106,36
112000126,382,272,110
112000127,1011,1199,-188
112000128,246,252,-6
112000129,55,28,27
112000130,173,55,118
112000131,23,32,-9
112000132,157,77,80
112000133,313,46,267
112000134,270,125,145
112000135,976,172,804
112000136,346,334,12
112000137,1017,410,607
112000138,653,225,428
112000139,228,234,-6
112000140,70,235,-165
112000141,761,111,650
112000142,54,154,-100
112000143,754,50,704
112000144,185,368,-183
112000145,2402,151,2251
112000146,344,984,-640
112000147,1812,708,1104
112000148,336,1243,-907
112000149,402,140,262
112000150,228,125,103
112000151,228,113,115
112000152,563,54,509
112000153,49,51,-2
112000154,67,156,-89
112000155,88,55,33
112000157,191,403,-212
112000158,151,82,69
112000159,827,81,746
112000167,75,146,-71
112000169,67,592,-525
112000173,1202,123,1079
112000175,318,163,155
112000176,591,502,89
112000177,902,243,659
112000178,18,139,-121
112000179,359,25,334
112000180,263,48,215
112000181,498,276,222
112000182,1887,188,1699
112000183,10,1,9
112000184,422,91,331
112000185,794,58,736
112000187,2145,1556,589
112000195,90,4,86
112000196,62,0,62
112000197,17,48,-31
112000198,6,179,-173
112000199,38,204,-166
112000202,461,8,453
112000216,60,49,11
112000230,102,0,102
112000231,1,47,-46
112000256,35,163,-128
112000313,3,22,-19
112000314,28,100,-72
112000337,65,329,-264
112000352,53,54,-1
112000392,903,335,568
112000398,1255,219,1036
112000399,410,2874,-2464
112000400,556,372,184
112000401,738,552,186
112000402,3225,2966,259
112000403,639,3079,-2440
112000404,872,568,304
112000405,2137,1677,460
112000406,872,510,362
112000407,6291,5431,860
112000408,3019,924,2095
112000409,442,800,-358
112000410,71,171,-100
112000411,807,1073,-266
112000412,174,206,-32
112000413,1614,4882,-3268
112000414,84,64,20
112000415,64,2,62
112000416,1983,500,1483
112000417,226,34,192
112000421,49,13,36
112000422,183,84,99
112000424,397,1415,-1018
112000425,155,1079,-924
112000426,183,255,-72
112000427,1,13,-12
112000428,381,107,274
112000429,1097,910,187
112000430,1300,1299,1
112000431,75,110,-35
112000432,165,878,-713
112000433,201,180,21
112000437,1,61,-60
112900001,94,0,94
112900002,647,106,541
112900003,44,15,29
112900004,61,89,-28
112900005,185,3,182
112900006,20,43,-23
112900007,110,11,99
112900008,0,6,-6
112900009,192,147,45
112900010,193,49,144
112900011,23,33,-10
112900012,0,6,-6
112900013,0,117,-117
112900014,4,50,-46
112900015,105,228,-123
112900016,0,20,-20
112900017,16,42,-26
112900018,0,40,-40
112900019,2,54,-52
112900020,140,262,-122
112900021,0,65,-65
112900022,20,24,-4
112900023,0,31,-31
112900024,0,26,-26
112900025,14,105,-91
112900026,0,10,-10
112900027,4,106,-102
112900028,16,39,-23
112900029,8,46,-38
112900030,23,27,-4
112900031,1,87,-86
112900032,64,35,29
112900034,0,15,-15
112900035,1,53,-52
112900036,0,49,-49
112900037,20,122,-102
112900038,626,14,612
112900039,1,55,-54
112900040,0,100,-100
112900041,97,491,-394
112900042,62,57,5
112900043,16,6,10
112900044,181,54,127
112900045,35,53,-18
112900046,70,12,58
112900047,0,19,-19
112900049,165,14,151
112900050,17,204,-187
112900051,54,125,-71
112900052,5,152,-147
112900053,27,110,-83
112900054,50,34,16
112900055,75,3,72
112900056,128,145,-17
112900057,8,61,-53
112900058,182,227,-45
112900059,57,61,-4
112900060,4,19,-15
112900061,16,31,-15
112900062,39,19,20
112900063,1,14,-13
112900064,6,6,0
112900065,10,2,8
112900066,243,314,-71
112900067,109,14,95
112900068,55,85,-30
112900069,406,488,-82
112900071,12,4,8
112900072,6,2272,-2266
112900073,200,183,17
112900074,36,253,-217
112900075,317,784,-467
112900076,7,5,2
112900078,143,616,-473
112900079,428,6,422
112900080,139,1,138
112900081,49,330,-281
112900082,533,12,521
112900083,129,97,32
112900084,136,239,-103
112900085,0,1,-1
112900086,143,2,141
112900087,1147,53,1094
112900088,173,2,171
112900089,1140,6,1134
112900090,57,62,-5
112900091,231,4,227
112900092,32,391,-359
112900093,737,4,733
112900094,140,0,140
112900095,78,0,78
112900096,498,127,371
112900097,55,58,-3
112900098,45,0,45
112900099,1275,28,1247
112900100,87,3,84
112900101,267,4,263
112900102,39,36,3
112900103,185,1,184
112900104,83,0,83
112900105,4,0,4
112900106,177,57,120
112900107,24,0,24
112900108,0,0,0
112900109,129,0,129
112900110,1400,13,1387
112900111,610,0,610
112900112,280,0,280
112900113,0,2,-2
112900114,260,0,260
112900115,1670,2,1668
112900116,100,17,83
112900117,31,6,25
112900118,2,7,-5
112900119,97,2,95
112900120,270,83,187
112900121,9,9,0
112900122,0,9,-9
112900123,61,16,45
112900124,0,8,-8
112900125,0,53,-53
112900126,5,82,-77
112900127,214,14,200
112900128,49,200,-151
112900129,1,289,-288
112900130,70,15,55
112900131,4,520,-516
112900132,81,229,-148
112900133,11,1362,-1351
112900134,0,53,-53
112900135,71,6,65
112900136,0,49,-49
112900137,2,632,-630
112900138,2,29,-27
112900139,26,423,-397
112900140,0,106,-106
112900141,434,20,414
112900142,14,83,-69
112900143,4,260,-256
112900144,0,256,-256
112900145,3,115,-112
112900146,1,30,-29
112900147,0,306,-306
112900148,6,0,6
112900149,76,79,-3
112900151,0,14,-14
112900152,3914,224,3690
112900153,110,1226,-1116
112900154,0,13,-13
112900155,53,3,50
112900156,401,256,145
112900157,385,35,350
112900158,57,0,57
112900159,119,118,1
112900160,28,59,-31
112900161,43,11,32
112900162,2,13,-11
112900163,3,36,-33
112900164,4,66,-62
112900165,23,19,4
112900166,0,54,-54
112900167,0,15,-15
112900168,18,0,18
112900169,7,9,-2
112900170,89,9,80
112900172,16,11,5
112900173,34,7,27
112900174,209,23,186
112900175,47,100,-53
112900176,11,20,-9
112900177,176,30,146
112900178,244,1756,-1512
112900179,4,445,-441
112900180,1272,1248,24
112900181,770,5,765
112900182,10,188,-178
112900183,12,54,-42
112900184,99,158,-59
112900185,42,98,-56
112900186,403,327,76
112900187,11,177,-166
112900188,344,721,-377
112900189,6,0,6
112900190,1,0,1
112900192,300,193,107
112900193,345,86,259
112900194,35,0,35
112900195,297,24,273
112900196,213,102,111
112900197,15,165,-150
112900199,354,48,306
112900200,270,36,234
112900201,226,35,191
112900202,285,177,108
112900203,143,53,90
112900204,108,82,26
112900205,6,8,-2
112900206,3,13,-10
112900207,12,0,12
112900208,24,106,-82
112900209,33,97,-64
112900210,0,1,-1
112900211,48,6,42
112900212,7,1,6
112900213,43,0,43
112900214,1,7,-6
112900215,12,10,2
112900216,3,7,-4
112900217,24,9,15
112900218,55,0,55
112900219,151,5,146
112900220,0,0,0
112900221,20,7,13
112900222,0,1,-1
112900223,455,16,439
112900224,638,125,513
112900225,425,109,316
112900226,13,53,-40
112900227,650,185,465
112900228,128,32,96
112900229,261,20,241
112900230,3307,1106,2201
112900232,176,179,-3
112900233,28,18,10
112900234,55,0,55
112900235,2,0,2
112900236,449,6,443
112900237,221,9,212
112900238,23,0,23
113000001,2275,1726,549
113000002,2382,1683,699
113000003,602,729,-127
113000004,781,945,-164
113000005,814,329,485
113000006,498,665,-167
113000007,1233,258,975
113000008,947,417,530
113000009,627,231,396
113000010,710,326,384
113000011,289,477,-188
113000012,629,342,287
113000013,262,258,4
113000014,245,612,-367
113000015,66,109,-43
113000016,64,428,-364
113000017,214,162,52
113000018,386,72,314
113000019,155,125,30
113000020,98,19,79
113000021,973,272,701
113000022,601,894,-293
113000025,22,385,-363
113000026,377,291,86
113000027,416,325,91
113000028,358,346,12
113000029,338,385,-47
113000030,68,230,-162
113000031,49,123,-74
113000032,90,100,-10
113000033,130,122,8
113000034,84,44,40
113000035,13,2,11
113000036,46,23,23
113000037,27,6,21
113000038,6,16,-10
113000039,3,126,-123
113000040,11,26,-15
113000042,258,188,70
113000051,560,1076,-516
113000052,1006,190,816
113000053,434,171,263
113000054,292,423,-131
113000055,1010,111,899
113000056,1473,299,1174
113000058,229,282,-53
113000059,745,144,601
113000060,161,259,-98
113000061,268,310,-42
113000062,171,165,6
113000063,221,24,197
113000064,105,80,25
113000065,89,193,-104
113000066,710,59,651
113000067,1772,170,1602
113000068,303,237,66
113000069,277,130,147
113000070,1899,157,1742
113000071,318,154,164
113000072,663,79,584
113000073,241,408,-167
113000074,566,172,394
113000075,965,302,663
113000076,169,803,-634
113000077,303,426,-123
113000078,235,557,-322
113000079,157,304,-147
113000080,233,370,-137
113000081,499,374,125
113000082,449,252,197
113000083,545,426,119
113000084,714,270,444
113000085,828,187,641
113000086,244,310,-66
113000087,630,406,224
113000088,532,380,152
113000089,619,744,-125
113000090,76,340,-264
113000091,92,98,-6
113000094,795,66,729
113000095,148,167,-19
113000096,95,236,-141
113000097,477,90,387
113000098,19,3,16
113000099,567,121,446
113000100,108,38,70
113000101,42,136,-94
113000102,319,125,194
113000103,1395,174,1221
113000104,503,1468,-965
113000105,509,140,369
113000106,270,129,141
113000107,723,383,340
113000108,477,274,203
113000109,173,863,-690
113000110,1700,367,1333
113000111,58,349,-291
113000112,246,148,98
113000113,899,184,715
113000114,75,431,-356
113000116,132,157,-25
113000117,217,135,82
113000118,27,261,-234
113000119,159,238,-79
113000120,38,245,-207
113000121,217,194,23
113000124,100,41,59
113000125,3,881,-878
113000127,601,66,535
113000128,462,208,254
113000129,115,308,-193
113000133,704,77,627
113000134,4,697,-693
113000135,2036,1972,64
113000137,513,1479,-966
113000139,122,67,55
113000140,44,44,0
113000141,108,31,77
113000142,108,114,-6
113000143,160,35,125
113000144,73,112,-39
113000145,125,72,53
113000146,23,11,12
113000147,82,13,69
113000148,220,52,168
113000149,90,138,-48
113000150,123,95,28
113000151,20,9,11
113000152,54,85,-31
113000153,397,101,296
113000154,172,664,-492
113000155,197,307,-110
113000156,75,83,-8
113000157,101,129,-28
113000158,165,38,127
113000159,424,50,374
113000160,268,140,128
113000161,197,120,77
113000162,381,57,324
113000163,104,9,95
113000164,6,9,-3
113000166,98,27,71
113000167,58,17,41
113000168,146,22,124
113000169,121,13,108
113000170,81,17,64
113000171,12,37,-25
113000172,315,11,304
113000173,33,17,16
113000174,56,67,-11
113000175,378,18,360
113000176,432,24,408
113000177,73,41,32
113000178,38,43,-5
113000179,176,37,139
113000180,584,911,-327
113000181,1006,528,478
113000182,21,105,-84
113000183,130,226,-96
113000184,8,7,1
113000189,78,181,-103
113000190,269,74,195
113000192,343,1499,-1156
113000193,1023,828,195
113000194,413,1208,-795
113000195,891,796,95
113000196,332,127,205
113000197,764,1600,-836
113000198,50,146,-96
113000199,672,214,458
113000201,135,153,-18
113000202,2866,699,2167
113000203,25,160,-135
113000204,99,1703,-1604
113000205,5,1,4
113000206,9,8,1
113000207,23,14,9
113000208,33,22,11
113000209,1,4,-3
113000210,3,7,-4
113000211,37,39,-2
113000212,15,4,11
113000213,11,67,-56
113000214,20,73,-53
113000234,56,196,-140
113000410,24,140,-116
113000411,561,995,-434
113000412,2176,882,1294
113000413,1364,1012,352
113000414,1856,5666,-3810
113000415,887,610,277
113000416,1410,819,591
113000417,386,535,-149
113000418,2129,1848,281
113000419,646,961,-315
113000420,1768,2343,-575
113000421,2122,3716,-1594
113000422,4871,3836,1035
113000423,702,1612,-910
113000424,913,4697,-3784
113000425,2,22,-20
113000428,11,22,-11
113000430,0,140,-140
113000432,2112,80,2032
113000433,61,349,-288
113000434,14,70,-56
113000435,38,111,-73
113000436,1,458,-457
113000437,824,27,797
113000438,157,2,155
113000439,15,10,5
113000440,117,3,114
113000441,68,57,11
113000442,99,17,82
113000443,268,32,236
113000444,200,12,188
113000445,112,11,101
113000446,4,55,-51
113000448,257,133,124
113000449,58,369,-311
113000450,171,1179,-1008
113000451,1351,162,1189
113000452,50,217,-167
113000453,4,199,-195
113000454,99,52,47
113000455,2,639,-637
113000456,524,685,-161
113000468,576,111,465
113000469,21,235,-214
113000470,114,11,103
113000471,7,209,-202
113000472,35,38,-3
113000474,816,380,436
113000475,456,556,-100
113000476,1024,1042,-18
113000477,3147,936,2211
113000478,1204,1489,-285
113000479,68,40,28
113000480,95,80,15
113000482,0,0,0
113000483,0,1,-1
113000485,0,0,0
113000486,0,0,0
113000487,0,0,0
113000488,0,0,0
113000489,0,0,0
113000490,0,0,0
113000491,0,0,0
113000492,0,0,0
113000493,0,0,0
113000495,42,38,4
113000496,50,62,-12
113000497,0,0,0
113000500,0,0,0
113900001,3,205,-202
113900002,0,31,-31
113900003,2,37,-35
113900004,0,87,-87
113900005,1,170,-169
113900006,1,11,-10
113900007,2,171,-169
113900008,1,0,1
113900009,12,0,12
113900010,13,0,13
113900011,45,0,45
113900012,12,0,12
113900013,16,1,15
113900014,203,1,202
113900015,0,15,-15
113900016,1,0,1
113900017,0,9,-9
113900018,18,54,-36
113900019,141,18,123
113900020,222,0,222
113900022,16,2,14
113900023,24,1,23
113900024,15,62,-47
113900025,38,1,37
113900026,33,0,33
113900027,5,3,2
113900028,28,97,-69
113900029,38,25,13
113900030,332,0,332
113900031,1,1,0
113900032,16,0,16
113900033,4,15,-11
113900035,21,0,21
113900036,7,10,-3
113900037,112,179,-67
113900038,24,96,-72
113900039,247,30,217
113900040,2,19,-17
113900041,3,0,3
113900042,1,2,-1
113900043,93,13,80
113900044,11,141,-130
113900045,39,0,39
113900046,50,133,-83
113900047,94,20,74
113900048,11,23,-12
113900049,77,321,-244
113900050,48,55,-7
113900051,110,21,89
113900052,10,10,0
113900053,158,524,-366
113900054,18,0,18
113900055,32,95,-63
113900056,38,12,26
113900057,1,45,-44
113900058,26,10,16
113900059,78,23,55
113900060,20,28,-8
113900061,177,48,129
113900062,49,2,47
113900063,74,8,66
113900064,8,13,-5
113900065,311,5,306
113900066,242,25,217
113900067,219,22,197
113900068,144,422,-278
113900069,9,4,5
113900070,85,115,-30
113900071,46,26,20
113900072,6,10,-4
113900073,99,86,13
113900074,130,44,86
113900075,193,878,-685
113900076,51,4,47
113900077,10,71,-61
113900078,9,14,-5
113900079,1,14,-13
113900080,129,50,79
113900081,31,27,4
113900082,38,37,1
113900083,326,92,234
113900084,52,11,41
113900085,2,78,-76
113900086,51,13,38
113900087,52,110,-58
113900088,50,75,-25
113900089,276,17,259
113900090,91,98,-7
113900091,0,1,-1
113900092,0,6,-6
113900093,7,429,-422
113900094,333,92,241
113900095,55,29,26
113900096,158,17,141
113900097,11,15,-4
113900098,575,67,508
113900099,0,2,-2
113900100,0,0,0
113900101,0,28,-28
113900102,2,31,-29
113900103,53,185,-132
113900104,20,14,6
113900105,166,25,141
113900106,0,7,-7
113900107,0,2,-2
113900108,7,26,-19
113900109,52,37,15
113900110,15,2,13
113900111,55,7,48
113900112,102,24,78
113900113,308,54,254
113900114,0,7,-7
113900115,0,2,-2
113900116,3,12,-9
113900117,48,1,47
113900118,50,364,-314
113900119,70,86,-16
113900120,56,20,36
113900121,74,27,47
113900122,116,2309,-2193
113900123,179,24,155
113900124,0,26,-26
113900125,248,19,229
113900126,4,22,-18
113900127,74,287,-213
113900128,87,23,64
113900129,1,71,-70
113900130,0,21,-21
113900131,95,4,91
113900132,2,20,-18
113900133,15,32,-17
113900135,86,120,-34
113900136,39,3,36
113900137,104,112,-8
113900138,10,89,-79
113900139,39,25,14
113900140,40,116,-76
113900141,276,87,189
113900142,25,6,19
113900143,3,30,-27
113900144,48,25,23
113900145,83,3,80
113900146,133,11,122
113900148,15,56,-41
113900149,44,29,15
113900150,443,113,330
113900151,189,39,150
113900152,3,60,-57
113900153,78,64,14
113900154,0,51,-51
113900155,5,31,-26
113900156,31,101,-70
113900157,26,195,-169
113900158,69,57,12
113900159,4,32,-28
113900160,86,65,21
113900161,7,69,-62
113900162,57,59,-2
113900163,130,37,93
113900164,204,6,198
113900165,120,56,64
113900166,5,20,-15
113900167,192,23,169
113900168,16,12,4
113900169,98,73,25
113900171,168,31,137
113900172,0,23,-23
113900173,3,74,-71
113900174,78,112,-34
113900175,117,50,67
113900176,54,106,-52
113900177,39,52,-13
113900178,153,26,127
113900179,1,162,-161
113900180,27,22,5
113900181,592,52,540
113900182,144,70,74
113900183,28,16,12
113900184,4,134,-130
113900185,32,9,23
113900186,1,2,-1
113900187,0,15,-15
113900188,18,22,-4
113900189,150,43,107
113900190,87,11,76
113900191,1,40,-39
113900192,1,223,-222
113900193,0,67,-67
113900194,314,65,249
113900195,24,38,-14
113900196,0,35,-35
113900197,0,68,-68
113900198,0,33,-33
113900199,14,68,-54
113900200,1,16,-15
113900201,0,50,-50
113900202,29,4,25
113900203,0,46,-46
113900204,1,43,-42
113900205,0,3,-3
113900206,1,40,-39
113900207,1,36,-35
113900208,0,10,-10
113900209,0,10,-10
113900210,89,175,-86
113900211,157,6,151
113900212,326,89,237
113900214,56,116,-60
113900215,137,17,120
113900216,72,63,9
113900217,15,110,-95
113900218,27,67,-40
113900219,51,100,-49
113900220,25,65,-40
113900221,44,184,-140
113900222,16,172,-156
113900223,84,89,-5
113900224,1,8,-7
113900225,125,27,98
113900226,49,55,-6
113900227,52,38,14
113900228,136,210,-74
113900229,17,297,-280
113900230,657,776,-119
113900231,23,8,15
113900232,24,5,19
113900233,36,25,11
113900234,205,186,19
113900235,40,9,31
113900236,278,25,253
113900237,84,10,74
113900238,99,193,-94
113900239,11,23,-12
113900240,1,51,-50
113900241,28,4,24
113900242,2,14,-12
113900243,5,36,-31
113900244,91,35,56
113900245,210,65,145
113900246,3,13,-10
113900247,8,190,-182
113900248,421,586,-165
113900249,103,330,-227
113900250,3,69,-66
113900251,621,31,590
113900252,415,6,409
113900253,235,18,217
113900254,239,44,195
113900255,592,9,583
113900256,317,16,301
113900257,18,180,-162
113900258,2,144,-142
113900259,362,89,273
113900260,166,9,157
113900261,16,14,2
113900262,188,110,78
113900263,2,48,-46
113900264,0,61,-61
113900265,49,25,24
113900266,11,49,-38
113900267,14,79,-65
113900268,64,96,-32
113900269,4,38,-34
113900270,50,116,-66
113900271,138,166,-28
113900273,4,1,3
113900274,57,7,50
113900275,8,23,-15
113900276,1,61,-60
113900277,177,1,176
113900278,53,47,6
113900279,30,14,16
113900280,186,93,93
113900281,48,460,-412
113900282,79,121,-42
113900283,78,175,-97
113900284,488,68,420
113900285,20,0,20
113900286,26,59,-33
113900287,27,19,8
113900288,0,22,-22
113900289,129,65,64
113900290,37,87,-50
113900291,24,43,-19
113900292,0,1,-1
113900293,5,43,-38
113900294,429,5,424
113900295,125,71,54
113900296,428,150,278
113900297,1173,10,1163
113900298,7,138,-131
113900299,146,33,113
113900300,1661,2250,-589
113900301,108,313,-205
113900302,771,249,522
113900303,102,566,-464
113900304,0,19,-19
113900305,144,0,144
113900306,56,0,56
113900307,2,1,1
113900308,2,46,-44
113900309,0,165,-165
113900310,0,0,0
113900311,8,0,8
113900312,15,39,-24
113900313,0,0,0
114000001,511,663,-152
114000002,249,112,137
114000003,102,35,67
114000004,245,36,209
114000005,391,56,335
114000006,478,283,195
114000007,444,375,69
114000008,835,647,188
114000009,1046,192,854
114000011,1988,881,1107
114000012,2943,594,2349
114000013,1643,504,1139
114000014,143,34,109
114000015,1240,32,1208
114000016,147,24,123
114000017,89,148,-59
114000018,65,6,59
114000026,2385,514,1871
114000027,3404,1166,2238
114000028,1199,1825,-626
114000038,278,75,203
114000039,8,5,3
114000040,125,454,-329
114000042,23,71,-48
114000043,21,30,-9
114000044,457,12,445
114000045,0,14,-14
114000046,612,1280,-668
114000047,3,43,-40
114000048,82,22,60
114000049,1550,615,935
114000050,1086,426,660
114000051,1871,991,880
114000052,1720,1482,238
114000053,12,392,-380
114000054,104,266,-162
114000055,201,12,189
114000056,27,197,-170
114000057,1512,775,737
114000058,27,327,-300
114000059,2,426,-424
114000060,211,199,12
114000061,1019,1011,8
114000062,150,480,-330
114000063,349,372,-23
114000064,828,1657,-829
114000065,382,685,-303
114000066,361,364,-3
114000067,10,820,-810
114000068,120,365,-245
114000069,698,113,585
114000070,1008,996,12
114000071,561,82,479
114000072,638,61,577
114000073,14,50,-36
114000074,100,5,95
114000075,94,18,76
114000076,4,43,-39
114000077,0,10,-10
114000078,215,108,107
114000079,311,5,306
114000080,34,59,-25
114000081,47,62,-15
114000082,42,117,-75
114000083,46,8,38
114000084,155,103,52
114000085,92,147,-55
114000086,203,42,161
114000087,116,1,115
114000088,64,34,30
114000089,221,116,105
114000090,477,265,212
114000091,366,321,45
114000092,202,179,23
114000093,953,146,807
114000094,368,97,271
114000095,155,136,19
114000096,49,84,-35
114000097,45,110,-65
114000098,765,57,708
114000099,494,65,429
114000100,1875,190,1685
114000101,249,174,75
114000102,710,99,611
114000103,52,117,-65
114000104,7,32,-25
114000105,153,51,102
114000106,306,1399,-1093
114000107,470,60,410
114000108,872,332,540
114000109,564,659,-95
114000110,323,404,-81
114000111,1508,368,1140
114000112,139,1092,-953
114000113,763,451,312
114000114,179,682,-503
114000115,1215,1032,183
114000116,851,3270,-2419
114000117,3712,288,3424
114000118,2914,181,2733
114000119,2654,392,2262
114000120,633,476,157
114000121,205,259,-54
114000122,397,25,372
114000123,2076,64,2012
114000124,1036,131,905
114000125,500,531,-31
114000126,1123,101,1022
114000127,97,42,55
114000128,554,129,425
114000130,288,179,109
114000131,459,25,434
114000132,314,80,234
114000133,372,205,167
114000134,20,1,19
114000138,1,3,-2
114000139,233,82,151
114000144,433,209,224
114000145,16,11,5
114000146,33,36,-3
114000147,592,1418,-826
114000148,656,820,-164
114000149,216,182,34
114000150,52,80,-28
114000151,154,1337,-1183
114000152,34,16,18
114000153,167,519,-352
114000154,208,109,99
114000155,370,1885,-1515
114000156,440,251,189
114000157,185,636,-451
114000158,209,212,-3
114000159,63,96,-33
114000160,40,58,-18
114000161,600,810,-210
114000162,719,1059,-340
114000163,14,3,11
114000165,139,132,7
114000166,137,143,-6
114000167,1077,637,440
114000168,220,148,72
114000169,455,700,-245
114000170,598,717,-119
114000171,1009,6114,-5105
114000174,80,104,-24
114000176,69,138,-69
114000177,489,190,299
114000178,65,19,46
114000179,519,427,92
114000180,121,131,-10
114000181,675,3070,-2395
114000182,576,890,-314
114000183,314,241,73
114000184,1457,280,1177
114000185,917,405,512
114000189,1299,76,1223
114000190,2849,279,2570
114000191,61,373,-312
114000192,70,360,-290
114000193,142,545,-403
114000194,1016,617,399
114000195,267,164,103
114000196,0,48,-48
114000197,1785,13,1772
114000198,168,115,53
114000199,436,887,-451
114000200,426,458,-32
114000201,135,250,-115
114000202,643,457,186
114000203,429,857,-428
114000204,17,103,-86
114000205,181,445,-264
114000206,328,448,-120
114000207,190,446,-256
114000208,305,448,-143
114000209,212,466,-254
114000210,146,394,-248
114000211,1525,527,998
114000212,1162,688,474
114000213,1978,361,1617
114000214,53,36,17
114000215,75,22,53
114000216,1225,395,830
114000217,356,192,164
114000218,192,46,146
114000219,819,113,706
114000220,31,243,-212
114000221,1014,91,923
114000222,143,292,-149
114000223,423,74,349
114000224,56,229,-173
114000225,131,155,-24
114000226,350,104,246
114000227,938,504,434
114000228,969,236,733
114000229,1228,641,587
114000230,1294,508,786
114000231,792,743,49
114000232,928,187,741
114000233,1775,42,1733
114000234,996,382,614
114000235,1220,604,616
114000236,0,207,-207
114000237,96,344,-248
114000238,20,217,-197
114000239,45,393,-348
114000240,734,736,-2
114000241,189,331,-142
114000242,464,353,111
114000243,1349,735,614
114000244,278,151,127
114000245,387,533,-146
114000246,37,13,24
114000247,365,349,16
114000248,1248,296,952
114000249,780,250,530
114000250,535,114,421
114000251,149,82,67
114000252,8,6,2
114000253,36,53,-17
114000254,16,3,13
114000255,183,471,-288
114000256,155,347,-192
114000257,276,545,-269
114000258,311,104,207
114000259,110,98,12
114000260,0,3,-3
114000261,47,20,27
114000262,248,15,233
114000263,1,0,1
114000264,1242,96,1146
114000265,0,1,-1
114000267,3,1300,-1297
114000268,16,533,-517
114000270,103,1,102
114000271,149,105,44
114000283,1273,160,1113
114000285,8,60,-52
114000288,59,68,-9
114000289,1622,79,1543
114000293,245,139,106
114000294,121,242,-121
114000395,1224,57,1167
114000396,375,127,248
114000402,527,115,412
114000403,483,90,393
114000405,223,152,71
114000423,423,125,298
114000424,475,113,362
114000425,1024,125,899
114000426,333,458,-125
114000427,102,6,96
114000428,12,49,-37
114000429,37,108,-71
114000432,71,17,54
114000434,3,12,-9
114900001,506,127,379
114900002,188,12,176
114900003,581,175,406
114900004,132,229,-97
114900005,215,192,23
114900006,35,68,-33
114900007,71,1,70
114900008,326,18,308
114900010,349,1036,-687
114900011,297,32,265
114900013,137,30,107
114900015,29,303,-274
114900018,519,10,509
114900020,50,63,-13
114900021,208,39,169
114900022,0,196,-196
114900024,84,85,-1
114900025,495,48,447
114900026,95,103,-8
114900027,173,27,146
114900029,42,30,12
114900030,302,35,267
114900031,449,5,444
114900032,575,16,559
114900033,243,1194,-951
114900034,2,18,-16
114900035,29,95,-66
114900036,87,56,31
114900037,25,33,-8
114900038,129,66,63
114900039,461,102,359
114900040,130,10,120
114900041,903,45,858
114900042,840,93,747
114900043,379,31,348
114900044,79,22,57
114900045,46,226,-180
114900046,16,22,-6
114900047,19,2160,-2141
114900048,5,179,-174
114900049,35,34,1
114900050,26,42,-16
114900051,18,59,-41
114900052,55,68,-13
114900053,45,114,-69
114900054,9,11,-2
114900057,61,7,54
114900058,0,41,-41
114900059,190,33,157
114900060,91,175,-84
114900061,25,15,10
114900062,27,90,-63
114900063,35,7,28
114900064,1565,84,1481
114900065,199,475,-276
114900067,28,22,6
114900068,5,30,-25
114900069,114,31,83
114900070,513,54,459
114900072,1,32,-31
114900073,1,40,-39
114900074,1081,60,1021
114900075,173,8,165
114900076,2,73,-71
114900080,308,72,236
114900082,1138,925,213
114900083,23,215,-192
114900084,108,59,49
114900090,442,91,351
114900091,35,106,-71
114900095,36,57,-21
114900096,14,118,-104
114900097,46,4,42
114900098,0,41,-41
114900099,214,32,182
115000001,1608,1206,402
115000002,2524,4129,-1605
115000003,1281,770,511
115000004,3045,4259,-1214
115000005,734,1072,-338
115000006,788,685,103
115000007,130,177,-47
115000008,185,95,90
115000009,130,98,32
115000010,114,92,22
115000013,12,64,-52
115000015,5,83,-78
115000016,44,171,-127
115000019,27,427,-400
115000020,47,607,-560
115000021,80,153,-73
115000022,113,126,-13
115000023,261,272,-11
115000024,216,61,155
115000025,554,286,268
115000026,226,98,128
115000027,194,221,-27
115000028,128,81,47
115000029,610,45,565
115000030,262,147,115
115000031,393,66,327
115000032,3,54,-51
115000033,38,8,30
115000034,17,257,-240
115000035,402,93,309
115000036,1,97,-96
115000037,467,52,415
115000038,26,122,-96
115000039,990,1628,-638
115000040,1744,1103,641
115000041,591,2344,-1753
115000042,253,301,-48
115000043,1964,1240,724
115000044,1471,1344,127
115000045,1466,579,887
115000046,2254,1142,1112
115000047,2146,716,1430
115000048,1201,901,300
115000049,764,1090,-326
115000050,2071,492,1579
115000051,734,2687,-1953
115000052,626,722,-96
115000053,1498,2113,-615
115000054,538,534,4
115000055,80,465,-385
115000056,179,156,23
115000057,335,675,-340
115000058,63,283,-220
115000059,141,374,-233
115000061,68,78,-10
115000062,151,252,-101
115000063,478,140,338
115000064,142,67,75
115000065,51,360,-309
115000067,86,12,74
115000069,61,121,-60
115000070,15,673,-658
115000071,73,21,52
115000072,12,55,-43
115000073,1020,73,947
115000075,46,41,5
115000076,889,644,245
115000077,1183,592,591
115000078,915,278,637
115000079,860,564,296
115000080,2344,671,1673
115000081,95,284,-189
115000082,3316,2308,1008
115000083,1331,637,694
115000084,2589,413,2176
115000085,769,262,507
115000086,782,263,519
115000087,257,818,-561
115000088,907,297,610
115000089,602,450,152
115000090,299,424,-125
115000091,187,271,-84
115000092,696,390,306
115000093,547,0,547
115000094,2153,4747,-2594
115000095,1757,3940,-2183
115000096,469,292,177
115000097,1363,978,385
115000098,1315,245,1070
115000099,1832,609,1223
115000100,1264,173,1091
115000101,241,443,-202
115000102,375,105,270
115000103,232,285,-53
115000105,86,42,44
115000106,573,239,334
115000107,67,161,-94
115000108,800,714,86
115000109,1426,4356,-2930
115000110,634,1484,-850
115000111,183,372,-189
115000112,373,362,11
115000113,223,267,-44
115000114,348,130,218
115000116,689,859,-170
115000117,773,818,-45
115000118,978,638,340
115000119,633,741,-108
115000120,210,562,-352
115000121,253,294,-41
115000122,305,832,-527
115000123,262,684,-422
115000124,393,371,22
115000125,188,437,-249
115000126,107,249,-142
115000127,278,58,220
115000128,155,520,-365
115000129,137,407,-270
115000130,305,133,172
115000131,405,132,273
115000132,239,63,176
115000133,476,43,433
115000134,206,41,165
115000135,85,33,52
115000136,129,56,73
115000137,23,40,-17
115000138,180,78,102
115000139,80,56,24
115000140,401,64,337
115000141,110,54,56
115000142,61,33,28
115000143,641,313,328
115000144,208,56,152
115000145,93,76,17
115000146,339,106,233
115000147,141,114,27
115000148,97,235,-138
115000149,426,113,313
115000150,261,115,146
115000151,795,189,606
115000152,286,195,91
115000153,724,202,522
115000154,614,184,430
115000155,426,287,139
115000156,300,449,-149
115000157,179,169,10
115000158,151,117,34
115000159,146,186,-40
115000160,204,348,-144
115000161,362,233,129
115000162,330,741,-411
115000163,179,231,-52
115000164,211,237,-26
115000165,115,298,-183
115000167,4,6,-2
115000168,286,128,158
115000169,97,401,-304
115000170,26,262,-236
115000171,152,333,-181
115000172,580,508,72
115000173,112,582,-470
115000174,35,281,-246
115000175,52,123,-71
115000176,21,147,-126
115000177,4,251,-247
115000178,0,140,-140
115000179,22,93,-71
115000180,57,154,-97
115000181,743,57,686
115000182,935,129,806
115000183,413,140,273
115000186,292,35,257
115000187,165,68,97
115000188,182,131,51
115000189,218,323,-105
115000190,377,370,7
115000191,119,310,-191
115000194,73,21,52
115000195,43,64,-21
115000196,250,10,240
115000197,102,79,23
115000198,640,23,617
115000199,379,74,305
115000200,337,53,284
115000201,89,56,33
115000206,556,11,545
115000207,129,42,87
115000208,101,211,-110
115000209,549,306,243
115000210,146,85,61
115000211,81,148,-67
115000212,452,212,240
115000218,10,57,-47
115000219,24,99,-75
115000224,125,9,116
115000225,15,11,4
115000229,101,13,88
115000230,28,82,-54
115000231,179,321,-142
115000232,1647,200,1447
115000233,56,46,10
115000234,33,106,-73
115000241,41,18,23
115000242,123,26,97
115000243,30,40,-10
115000244,12,47,-35
115000246,11,13,-2
115000247,12,3,9
115000248,22,0,22
115000249,5,1,4
115000250,171,3,168
115000251,248,31,217
115000252,71,121,-50
115000253,6,261,-255
115000258,125,16,109
115000259,30,10,20
115000261,46,2,44
115000262,4,9,-5
115000263,3,11,-8
115000264,3,6,-3
115000267,16,18,-2
115000268,21,44,-23
115000269,79,11,68
115000270,3,31,-28
115000272,28,34,-6
115000273,271,19,252
115000274,339,58,281
115000280,524,445,79
115000281,75,863,-788
115000282,270,1562,-1292
115000284,39,104,-65
115000296,227,6,221
115000297,31,350,-319
115000298,6,519,-513
115000300,132,77,55
115000302,259,43,216
115000303,618,29,589
115000304,843,52,791
115000305,96,106,-10
115000306,255,40,215
115000307,155,57,98
115000308,3,5,-2
115000310,1391,206,1185
115000311,1029,492,537
115000313,52,127,-75
115000314,343,162,181
115000315,110,463,-353
115000316,36,84,-48
115000317,60,190,-130
115000318,804,248,556
115000319,23,43,-20
115000320,1,288,-287
115000321,246,23,223
115000322,50,31,19
115000449,124,82,42
115000557,2,1627,-1625
115000558,22,69,-47
115000587,588,141,447
115000588,880,1022,-142
115000589,2243,1375,868
115000590,339,519,-180
115000591,868,417,451
115000592,295,430,-135
115000593,1277,275,1002
115000594,306,929,-623
115000609,107,41,66
115000617,228,1694,-1466
115000624,214,12,202
115000633,378,855,-477
115000634,1528,341,1187
115000635,447,47,400
115000638,131,195,-64
115000641,27,97,-70
115000642,224,58,166
115000643,32,104,-72
115000644,102,167,-65
115000646,317,614,-297
115000647,46,204,-158
115000648,1643,356,1287
115000893,596,392,204
115000894,95,420,-325
115000895,261,312,-51
115000896,466,158,308
115000897,234,17,217
115000898,132,159,-27
115000899,50,981,-931
115000900,2,163,-161
115000901,9,211,-202
115000912,183,79,104
115000913,3,7,-4
115000915,9,0,9
115000916,7,0,7
115000917,0,23,-23
115000918,7,719,-712
115000919,0,20,-20
115000920,0,74,-74
115000921,65,22,43
115000922,91,376,-285
115000923,33,727,-694
115000925,31,64,-33
115000927,24,30,-6
115000933,17,136,-119
115900001,291,1,290
115900002,24,40,-16
115900003,113,19,94
115900004,0,3,-3
115900005,253,4,249
115900006,45,29,16
115900008,142,0,142
115900009,19,51,-32
115900010,485,49,436
115900011,218,56,162
115900012,207,5,202
115900013,266,31,235
115900014,74,38,36
115900015,159,9,150
115900016,17,8,9
115900017,28,25,3
115900018,60,17,43
115900019,75,24,51
115900020,174,1,173
115900021,360,708,-348
115900022,192,0,192
115900023,0,6,-6
115900025,13,51,-38
115900026,339,44,295
115900027,0,74,-74
115900028,99,10,89
115900029,5,89,-84
115900030,47,7,40
115900031,38,120,-82
115900032,37,186,-149
115900033,0,36,-36
115900034,14,71,-57
115900035,9,2,7
115900036,3,664,-661
115900037,24,82,-58
115900038,4,6,-2
115900039,84,19,65
115900041,61,579,-518
115900042,43,5,38
115900043,42,12,30
115900044,75,327,-252
115900046,375,44,331
115900047,62,155,-93
115900049,170,61,109
115900051,0,7,-7
115900052,0,79,-79
115900053,239,27,212
115900054,471,13,458
115900055,13,63,-50
115900056,75,32,43
115900057,5,19,-14
115900058,5,59,-54
115900060,10,14,-4
115900061,243,0,243
115900062,67,39,28
115900063,8,3,5
115900064,105,75,30
115900065,81,10,71
115900066,28,33,-5
115900067,1,59,-58
115900068,867,1133,-266
115900069,28,87,-59
115900070,103,28,75
115900071,0,107,-107
115900072,11,36,-25
115900073,184,124,60
115900074,2,35,-33
115900075,5,62,-57
115900076,0,43,-43
115900077,5,34,-29
115900078,2,18,-16
115900079,389,5,384
115900080,84,41,43
115900081,19,21,-2
115900082,77,51,26
115900084,590,5,585
115900085,32,25,7
115900086,380,88,292
115900088,0,30,-30
115900089,373,114,259
115900090,630,2,628
115900091,1,7,-6
115900092,41,36,5
115900093,1,2,-1
115900094,11,62,-51
115900096,0,5,-5
115900097,3,87,-84
115900098,207,32,175
115900099,46,13,33
115900100,2,164,-162
115900101,155,50,105
115900102,88,17,71
115900103,164,27,137
115900104,31,26,5
115900105,275,90,185
115900106,186,2,184
115900107,95,68,27
115900108,138,1,137
115900109,0,174,-174
115900110,1,0,1
115900111,0,32,-32
115900112,33,201,-168
115900113,64,1,63
115900114,1,50,-49
115900115,96,27,69
115900116,70,163,-93
115900117,86,0,86
115900118,0,105,-105
115900119,104,20,84
115900120,50,54,-4
115900121,305,19,286
115900124,57,635,-578
115900125,498,3,495
115900126,798,8,790
115900127,782,5,777
115900128,1,58,-57
115900129,255,11,244
115900130,2,279,-277
115900131,298,6,292
115900132,486,6,480
115900134,327,1,326
115900135,141,264,-123
115900137,18,2,16
115900139,17,128,-111
115900140,451,28,423
115900141,1,31,-30
115900142,7,16,-9
115900143,124,115,9
115900144,105,46,59
115900146,13,31,-18
115900147,47,235,-188
115900148,7,10,-3
115900149,148,4,144
115900150,95,19,76
115900151,21,18,3
115900152,86,85,1
115900153,49,52,-3
115900154,69,177,-108
115900155,0,6,-6
115900156,226,248,-22
115900157,186,211,-25
115900158,6,0,6
115900159,241,38,203
115900160,0,1,-1
115900161,4,92,-88
115900163,195,23,172
115900164,641,2,639
115900165,3,130,-127
115900166,14,34,-20
115900168,256,13,243
115900171,34,58,-24
115900172,37,28,9
115900173,97,57,40
115900174,57,54,3
115900175,115,18,97
115900178,5,129,-124
115900179,302,0,302
115900180,23,56,-33
115900181,119,39,80
115900182,509,47,462
115900183,35,118,-83
115900184,206,1,205
115900187,1,167,-166
115900189,0,94,-94
115900190,66,280,-214
115900191,6,72,-66
115900192,24,61,-37
115900193,43,22,21
115900194,902,19,883
115900195,114,2057,-1943
115900198,110,55,55
115900199,195,30,165
115900200,92,36,56
115900201,49,191,-142
115900202,7,170,-163
115900203,3,1,2
115900204,0,0,0
115900205,4,0,4
115900206,378,10,368
115900207,35,7,28
115900208,76,20,56
115900209,9,36,-27
115900210,0,67,-67
115900211,0,35,-35
115900212,140,20,120
115900213,15,177,-162
115900214,243,27,216
115900215,11,129,-118
115900216,0,40,-40
115900217,0,8,-8
115900218,0,7,-7
115900219,155,1,154
115900220,318,3,315
115900221,283,11,272
115900222,139,26,113
115900223,0,355,-355
115900224,222,1642,-1420
115900225,43,35,8
115900226,0,8,-8
115900227,3,2,1
115900228,0,2,-2
115900229,4,10,-6
115900230,57,29,28
115900231,97,0,97
115900232,13,0,13
115900233,71,1,70
115900234,11,2,9
115900235,23,21,2
115900236,3,17,-14
115900237,15,8,7
115900238,5,28,-23
115900239,9,18,-9
115900240,6,12,-6
115900241,282,6,276
115900242,116,259,-143
115900243,2,17,-15
115900244,8,0,8
115900245,2,3,-1
115900246,0,0,0
115900247,0,1,-1
115900248,0,1,-1
115900249,0,0,0
115900250,6,10,-4
115900251,3,0,3
115900252,0,0,0
115900253,6,4,2
115900254,6,7,-1
115900255,0,13,-13
115900256,6,10,-4
115900257,0,6,-6
115900258,0,0,0
115900259,0,0,0
115900260,5,2,3
115900261,0,1,-1
115900262,0,0,0
115900263,8,0,8
115900264,1,0,1
115900265,20,0,20
115900266,2,5,-3
115900267,0,0,0
115900268,0,3,-3
115900269,898,30,868
115900270,160,15,145
116000001,2293,984,1309
116000002,2438,11218,-8780
116000003,536,283,253
116000004,2489,4805,-2316
116000005,532,1400,-868
116000006,1218,2423,-1205
116000007,885,935,-50
116000008,2847,1425,1422
116000009,486,777,-291
116000010,2514,863,1651
116000011,331,746,-415
116000012,1255,539,716
116000013,2942,1170,1772
116000014,4933,13364,-8431
116000015,63,638,-575
116000016,1979,4011,-2032
116000017,34,325,-291
116000018,191,121,70
116000019,675,196,479
116000020,233,354,-121
116000021,626,122,504
116000022,202,159,43
116000023,961,746,215
116000024,469,314,155
116000025,656,350,306
116000026,790,1070,-280
116000027,228,366,-138
116000028,462,388,74
116000029,324,187,137
116000030,374,295,79
116000031,15,16,-1
116000032,146,14,132
116000033,337,74,263
116000034,503,211,292
116000035,43,78,-35
116000036,166,651,-485
116000037,161,256,-95
116000038,67,304,-237
116000039,125,215,-90
116000040,244,350,-106
116000041,62,318,-256
116000042,538,288,250
116000043,101,365,-264
116000045,939,982,-43
116000046,611,629,-18
116000047,1081,1134,-53
116000048,1520,834,686
116000049,1519,1012,507
116000050,834,520,314
116000051,2160,943,1217
116000052,1580,1089,491
116000053,2031,274,1757
116000054,614,751,-137
116000055,382,314,68
116000056,1479,705,774
116000057,948,255,693
116000058,1527,1670,-143
116000059,1168,3406,-2238
116000060,860,627,233
116000061,50,967,-917
116000062,297,160,137
116000063,266,1073,-807
116000066,90,637,-547
116000067,143,205,-62
116000068,105,231,-126
116000069,85,143,-58
116000078,204,786,-582
116000080,777,379,398
116000082,15,12,3
116000083,989,163,826
116000084,1011,1079,-68
116000085,870,838,32
116000086,791,280,511
116000087,2099,1042,1057
116000088,548,431,117
116000089,74,27,47
116000090,84,140,-56
116000091,125,222,-97
116000093,719,128,591
116000094,543,144,399
116000095,502,131,371
116000096,986,1453,-467
116000097,662,387,275
116000098,6,5645,-5639
116000099,2293,89,2204
116000100,166,20,146
116000101,1311,155,1156
116000102,29,65,-36
116000103,209,219,-10
116000104,165,418,-253
116000105,1095,57,1038
116000106,323,285,38
116000107,1686,186,1500
116000108,37,114,-77
116000111,77,58,19
116000113,86,11,75
116000114,12,32,-20
116000115,225,37,188
116000116,98,93,5
116000117,1043,678,365
116000118,1047,447,600
116000119,3110,926,2184
116000120,1084,1017,67
116000121,901,236,665
116000122,428,319,109
116000123,1801,193,1608
116000124,301,197,104
116000125,2536,176,2360
116000126,219,292,-73
116000127,372,303,69
116000128,1866,218,1648
116000129,1064,108,956
116000130,655,346,309
116000133,1401,178,1223
116000134,739,490,249
116000135,2358,364,1994
116000136,274,449,-175
116000137,794,257,537
116000138,384,114,270
116000139,1495,2172,-677
116000140,231,190,41
116000141,370,257,113
116000142,3169,1666,1503
116000143,1522,1248,274
116000144,1453,1093,360
116000145,2732,745,1987
116000146,704,73,631
116000147,127,101,26
116000148,611,603,8
116000149,280,223,57
116000151,489,247,242
116000153,130,257,-127
116000155,171,315,-144
116000156,528,262,266
116000157,2,0,2
116000158,192,72,120
116000159,0,1,-1
116000160,46,34,12
116000161,4,50,-46
116000162,9,217,-208
116000163,17,2,15
116000164,4,11,-7
116000177,13,58,-45
116000194,39,206,-167
116000195,974,227,747
116000196,49,0,49
116000197,22,40,-18
116000198,1182,715,467
116000200,343,615,-272
116000201,412,164,248
116000202,4,70,-66
116000203,10,14,-4
116000204,0,3,-3
116000205,0,58,-58
116000206,1,31,-30
116000207,4,4,0
116000233,48,120,-72
116000287,265,104,161
116000288,320,192,128
116000292,92,62,30
116000296,0,347,-347
116000297,51,6,45
116000304,380,18,362
116000305,9,980,-971
116000346,299,44,255
116000352,169,37,132
116000354,44,4,40
116000357,4,5,-1
116000358,326,160,166
116000361,17,4,13
116000372,1710,3674,-1964
116000381,214,0,214
116000388,1,5,-4
116000389,440,95,345
116000445,975,95,880
116000446,693,54,639
116000447,9,402,-393
116000448,208,47,161
116000563,263,610,-347
116000565,107,92,15
116000568,11,473,-462
116000579,9,160,-151
116000584,64,2,62
116000585,35,25,10
116000586,17,46,-29
116000587,151,131,20
116000589,26,85,-59
116000590,95,44,51
116000591,235,57,178
116000592,8,18,-10
116000593,0,5,-5
116000594,1124,118,1006
116000595,676,38,638
116000596,270,1,269
116000597,459,155,304
116000598,2,109,-107
116000602,12,505,-493
116000605,89,45,44
116000606,50,106,-56
116000607,2,22,-20
116000609,15,957,-942
116000611,180,96,84
116000612,1274,2113,-839
116000613,542,141,401
116000614,414,133,281
116000615,39,36,3
116000616,26,18,8
116000617,125,7,118
116000618,13,14,-1
116000619,31,84,-53
116000620,306,148,158
116000621,69,88,-19
116000622,53,72,-19
116000624,50,30,20
116900001,54,28,26
116900002,144,1,143
116900003,50,3,47
116900004,14,105,-91
116900005,290,8,282
116900006,200,104,96
116900007,41,65,-24
116900008,420,53,367
116900009,5,42,-37
116900010,9,195,-186
116900011,2,35,-33
116900012,31,98,-67
116900013,4,52,-48
116900014,240,24,216
116900015,553,33,520
116900016,345,6,339
116900017,0,210,-210
116900018,70,18,52
116900019,0,34,-34
116900020,1199,695,504
116900023,26,17,9
116900024,545,33,512
116900025,1301,310,991
116900026,58,187,-129
116900027,31,6,25
116900028,0,13,-13
116900029,0,80,-80
116900031,0,7,-7
116900032,2,59,-57
116900033,5,1,4
116900034,0,5,-5
116900035,76,42,34
116900036,22,24,-2
116900038,16,3,13
116900041,127,3,124
116900042,69,79,-10
116900043,42,40,2
116900045,43,36,7
116900047,16,282,-266
116900049,10,39,-29
116900050,45,18,27
116900051,302,7,295
116900052,38,15,23
116900055,0,18,-18
116900057,27,28,-1
116900058,3,41,-38
116900059,0,21,-21
116900060,91,142,-51
116900062,4,0,4
116900064,16,59,-43
116900065,0,21,-21
116900067,51,18,33
116900068,103,146,-43
116900070,21,1,20
116900072,5,81,-76
116900073,1,39,-38
116900074,0,10,-10
116900076,10,6,4
116900077,3,11,-8
116900078,34,17,17
116900079,7,79,-72
116900080,2,4,-2
116900081,69,234,-165
116900082,46,386,-340
116900083,18,8,10
116900084,13,6,7
116900085,7,15,-8
116900086,5,175,-170
116900088,93,2,91
116900090,12,5,7
116900091,278,7,271
116900092,71,198,-127
116900093,842,608,234
116900094,1876,4327,-2451
116900095,189,13,176
116900096,234,217,17
116900097,712,2045,-1333
116900098,54,66,-12
116900099,99,214,-115
116900100,1046,30,1016
116900101,60,206,-146
116900103,9,0,9
116900104,4,150,-146
116900105,252,131,121
116900106,2881,24,2857
116900107,840,2871,-2031
116900110,17,0,17
116900111,574,263,311
116900112,277,201,76
116900113,586,797,-211
116900116,4,175,-171
116900117,116,57,59
116900118,417,768,-351
116900120,424,22,402
116900121,141,25,116
116900122,1080,172,908
116900123,205,142,63
116900124,76,151,-75
116900125,353,29,324
116900126,21,384,-363
116900128,5,5,0
116900129,3,73,-70
116900130,207,3412,-3205
116900131,8,97,-89
116900132,67,56,11
116900133,103,55,48
116900134,146,100,46
116900136,94,37,57
116900137,127,22,105
116900138,85,15,70
116900139,50,58,-8
116900140,66,48,18
116900141,253,62,191
116900142,4,12,-8
116900143,253,103,150
116900144,46,2,44
116900145,17,62,-45
116900147,32,231,-199
116900148,2,0,2
116900149,62,137,-75
116900150,2,1,1
116900151,72,60,12
116900153,162,51,111
116900154,49,303,-254
116900155,25,44,-19
116900157,948,19,929
116900158,96,300,-204
116900159,28,227,-199
116900160,650,326,324
116900161,1802,6140,-4338
116900162,8,25,-17
116900163,351,18,333
116900164,67,38,29
116900165,494,164,330
116900166,68,19,49
116900167,398,9,389
116900168,417,27,390
116900169,69,127,-58
116900170,600,135,465
116900171,88,122,-34
116900172,57,331,-274
116900173,536,20,516
116900174,41,69,-28
116900175,143,131,12
116900178,54,62,-8
116900179,29,398,-369
116900180,64,1,63
116900182,431,109,322
116900183,182,32,150
116900185,68,8,60
116900186,80,84,-4
116900187,21,28,-7
116900188,117,25,92
116900189,31,2,29
116900191,74,86,-12
116900192,325,67,258
116900194,23,650,-627
116900195,57,1,56
116900196,34,28,6
116900197,146,4,142
116900198,35,535,-500
116900200,37,2,35
116900201,249,19,230
116900202,49,30,19
116900203,121,4,117
116900204,99,234,-135
116900206,15,5,10
116900207,9,9,0
116900208,1,123,-122
116900209,10,26,-16
116900210,208,47,161
116900211,264,1,263
116900212,148,0,148
116900213,95,12,83
116900214,168,45,123
116900215,31,15,16
116900216,58,61,-3
116900218,0,104,-104
116900219,256,114,142
116900220,51,150,-99
116900221,129,222,-93
116900222,277,105,172
116900223,81,34,47
116900226,227,8,219
116900227,227,23,204
116900228,382,20,362
116900230,35,72,-37
116900231,39,56,-17
116900232,6,115,-109
116900233,231,31,200
116900234,70,23,47
116900235,43,52,-9
116900238,304,111,193
116900239,0,1109,-1109
116900240,1702,2687,-985
116900241,153,606,-453
116900242,135,837,-702
116900243,2,30,-28
116900245,16,33,-17
116900246,131,19,112
116900247,965,26,939
116900248,83,6,77
116900249,427,44,383
116900250,288,36,252
116900251,101,652,-551
116900252,158,120,38
116900253,54,7,47
116900254,10,40,-30
116900255,198,56,142
116900256,552,80,472
116900257,6,59,-53
116900258,0,22,-22
116900259,229,0,229
116900260,4,11,-7
116900261,31,0,31
116900262,33,36,-3
116900263,1,6,-5
116900264,0,1,-1
116900265,34,0,34
116900266,10,2,8
116900267,1,0,1
116900268,1,123,-122
116900269,212,398,-186
116900271,187,381,-194
116900272,119,143,-24
116900273,26,45,-19
116900274,155,3,152
116900275,120,20,100
116900276,157,152,5
116900277,73,45,28
116900278,0,1,-1
116900279,0,3,-3
116900280,34,3,31
116900281,1480,4736,-3256
116900282,0,11,-11
116900283,3,9,-6
116900284,16,52,-36
116900285,19,242,-223
116900286,32,2,30
116900287,2,9,-7
116900288,189,15,174
116900289,58,1,57
116900290,23,2,21
116900291,51,12,39
116900292,0,47,-47
116900293,19,0,19
116900294,3,30,-27
116900295,4,12,-8
116900296,19,58,-39
116900297,1,19,-18
116900298,4,50,-46
116900299,0,55,-55
116900300,0,14,-14
116900301,6,6,0
116900302,114,235,-121
116900303,76,34,42
116900304,0,64,-64
116900305,1,13,-12
116900306,218,367,-149
117000001,2515,1608,907
117000002,1367,1649,-282
117000003,3909,1600,2309
117000004,1293,1966,-673
117000005,2503,916,1587
117000006,638,1996,-1358
117000007,4397,930,3467
117000008,695,1352,-657
117000009,2718,940,1778
117000010,690,921,-231
117000011,2380,591,1789
117000012,1249,476,773
117000013,1697,404,1293
117000014,1050,1663,-613
117000015,1799,1173,626
117000016,131,294,-163
117000017,100,151,-51
117000018,54,1205,-1151
117000019,4,1,3
117000020,296,2831,-2535
117000021,833,68,765
117000022,88,197,-109
117000023,88,72,16
117000024,155,189,-34
117000025,180,1491,-1311
117000026,1050,1590,-540
117000027,212,478,-266
117000028,196,377,-181
117000030,68,113,-45
117000032,712,730,-18
117000033,1432,853,579
117000034,70,25,45
117000036,145,51,94
117000038,116,139,-23
117000039,37,26,11
117000040,44,276,-232
117000041,1267,40,1227
117000044,20,138,-118
117000045,485,216,269
117000046,195,929,-734
117000047,316,608,-292
117000048,856,457,399
117000049,24,534,-510
117000050,108,553,-445
117000051,2493,69,2424
117000052,59,125,-66
117000053,1045,22,1023
117000054,1363,19,1344
117000055,5,680,-675
117000056,490,29,461
117000057,242,802,-560
117000060,377,576,-199
117000061,1717,741,976
117000062,105,472,-367
117000063,1087,474,613
117000064,330,206,124
117000066,271,284,-13
117000067,81,330,-249
117000074,8,92,-84
117000076,18,14,4
117000077,67,51,16
117000078,152,195,-43
117000079,133,53,80
117000080,1,292,-291
117000081,310,22,288
117000082,29,32,-3
117000083,48,2,46
117000084,115,1,114
117000085,404,333,71
117000086,364,280,84
117000087,95,298,-203
117000088,231,95,136
117000089,2196,151,2045
117000090,267,442,-175
117000091,991,74,917
117000092,412,483,-71
117000093,1746,149,1597
117000094,499,560,-61
117000095,2508,182,2326
117000096,349,620,-271
117000097,1597,444,1153
117000098,761,1212,-451
117000099,4958,580,4378
117000100,201,172,29
117000101,38,268,-230
117000102,2004,237,1767
117000103,164,484,-320
117000104,1830,166,1664
117000105,290,629,-339
117000106,1905,149,1756
117000107,186,554,-368
117000108,2040,740,1300
117000109,542,980,-438
117000110,1631,1266,365
117000111,2513,2387,126
117000112,2970,791,2179
117000113,37,60,-23
117000114,316,58,258
117000115,38,31,7
117000116,145,89,56
117000117,763,523,240
117000118,264,190,74
117000119,71,285,-214
117000120,21,297,-276
117000121,16,489,-473
117000122,59,646,-587
117000123,614,158,456
117000124,57,85,-28
117000125,73,111,-38
117000126,6,52,-46
117000127,90,201,-111
117000128,86,210,-124
117000129,62,38,24
117000130,50,22,28
117000131,0,73,-73
117000132,3086,38,3048
117000133,3082,25,3057
117000134,0,0,0
117000135,0,60,-60
117000136,0,13,-13
117000137,208,65,143
117000138,0,0,0
117000140,185,343,-158
117000141,1947,158,1789
117000181,76,67,9
117000182,611,932,-321
117000195,90,240,-150
117000196,451,191,260
117000225,6,104,-98
117000226,0,54,-54
117000276,360,10,350
117000277,0,132,-132
117000310,561,2074,-1513
117000315,23,258,-235
117000320,10,0,10
117000906,596,30,566
117000907,4,96,-92
117000908,4,128,-124
117000909,23,77,-54
117000910,226,129,97
117000911,6,54,-48
117000915,0,140,-140
117000916,37,9,28
117000917,1146,27,1119
117000918,97,51,46
117000919,2,32,-30
117000920,1,453,-452
117000921,0,427,-427
117000922,12,34,-22
117000924,979,379,600
117000926,361,76,285
117000927,129,366,-237
117000928,0,17,-17
117000929,187,63,124
117000930,290,10,280
117000931,74,52,22
117900002,29,607,-578
117900003,38,27,11
117900005,1,66,-65
117900006,0,1,-1
117900007,99,44,55
117900008,0,4,-4
117900010,348,87,261
117900011,1,140,-139
117900012,70,51,19
117900013,0,65,-65
117900014,308,55,253
117900015,9,70,-61
117900016,297,838,-541
117900017,727,308,419
117900018,165,118,47
117900019,602,225,377
117900020,37,78,-41
117900021,50,30,20
117900022,11,2,9
117900023,424,26,398
117900024,46,33,13
117900025,4,1,3
117900026,503,71,432
117900028,6,1,5
117900029,256,181,75
117900030,162,285,-123
117900031,191,73,118
117900032,714,230,484
117900033,411,228,183
117900034,3,2,1
117900035,206,38,168
117900036,283,142,141
117900037,259,20,239
117900038,76,52,24
117900039,0,42,-42
117900040,34,49,-15
117900041,0,16,-16
117900042,1032,342,690
117900043,1,18,-17
117900044,38,2975,-2937
117900045,186,73,113
117900048,408,48,360
117900049,200,140,60
117900050,3,117,-114
117900051,22,1,21
117900052,50,574,-524
117900053,1743,115,1628
117900054,0,5,-5
117900055,243,68,175
117900056,2,12,-10
117900057,412,494,-82
117900058,4,262,-258
117900059,39,54,-15
117900060,1791,796,995
117900061,7,192,-185
117900063,289,139,150
117900065,128,356,-228
117900066,5,109,-104
117900067,698,87,611
117900069,548,103,445
117900070,3,132,-129
117900071,103,64,39
117900073,731,91,640
117900074,10,52,-42
117900075,86,75,11
117900076,0,36,-36
117900077,489,37,452
117900078,381,392,-11
117900080,127,27,100
117900081,159,94,65
117900082,702,195,507
117900083,598,95,503
117900086,158,71,87
117900087,203,8,195
117900088,364,343,21
117900089,1879,295,1584
117900090,386,1115,-729
117900091,340,19,321
117900092,154,66,88
117900093,123,8,115
117900094,45,30,15
117900095,215,190,25
117900096,90,249,-159
117900097,201,20,181
117900098,174,21,153
117900099,322,389,-67
117900100,519,2,517
117900101,534,1956,-1422
117900102,61,7,54
117900103,74,1,73
117900104,6,104,-98
117900105,67,40,27
117900106,59,3,56
117900107,101,1,100
117900109,983,577,406
117900110,146,0,146
117900111,715,77,638
117900112,54,1,53
117900113,689,1812,-1123
117900114,77,0,77
117900115,49,39,10
117900116,423,237,186
117900117,626,274,352
117900118,217,0,217
117900119,281,10,271
117900120,362,7,355
117900121,128,4,124
117900122,235,4495,-4260
117900123,618,220,398
117900124,145,183,-38
117900125,1028,606,422
117900126,21,129,-108
117900127,382,200,182
117900128,366,222,144
117900129,145,0,145
117900130,332,71,261
117900131,0,15,-15
117900132,0,14,-14
117900133,20,14,6
117900134,24,169,-145
117900135,2,92,-90
117900136,0,1,-1
117900137,1,31,-30
117900138,0,11,-11
117900139,39,9,30
117900140,2558,296,2262
117900141,10,207,-197
117900142,9,182,-173
117900144,18,113,-95
117900145,1,81,-80
117900146,26,259,-233
117900147,51,48,3
117900148,981,1687,-706
117900149,36,16,20
117900150,16,27,-11
117900151,54,88,-34
117900152,15,29,-14
117900153,24,154,-130
117900154,346,159,187
117900156,350,169,181
117900157,88,111,-23
117900158,263,70,193
117900160,894,380,514
117900161,522,519,3
117900162,428,304,124
117900163,35,241,-206
117900165,1,6,-5
117900166,0,94,-94
117900168,76,34,42
117900169,0,38,-38
117900170,0,8,-8
117900171,0,1,-1
117900172,0,1,-1
117900173,57,6,51
117900174,7,7,0
117900175,0,3,-3
117900176,13,9,4
117900177,16,11,5
117900178,21,5,16
117900180,66,18,48
117900181,12,571,-559
117900182,0,90,-90
117900183,191,144,47
117900184,58,25,33
117900185,102,1,101
117900186,112,1,111
117900187,58,1,57
117900188,97,9,88
117900189,85,33,52
117900190,48,0,48
117900191,72,0,72
117900192,102,0,102
117900193,13,27,-14
117900194,31,0,31
117900195,19,6,13
117900196,24,28,-4
117900207,39,79,-40
117900208,25,17,8
117900209,57,68,-11
117900210,27,28,-1
117900211,1,49,-48
117900212,94,82,12
117900213,61,0,61
117900214,3,3,0
117900216,3,33,-30
117900217,23,46,-23
117900218,40,98,-58
117900219,0,111,-111
117900220,4,54,-50
117900221,0,21,-21
118000001,378,843,-465
118000002,391,921,-530
118000003,980,2061,-1081
118000004,750,1052,-302
118000005,1486,1733,-247
118000006,676,2032,-1356
118000007,3099,4532,-1433
118000008,792,3242,-2450
118000009,966,1686,-720
118000010,1283,2393,-1110
118000011,1541,669,872
118000012,513,568,-55
118000013,954,1136,-182
118000014,890,824,66
118000016,154,139,15
118000017,629,243,386
118000018,208,163,45
118000019,675,1157,-482
118000020,254,1176,-922
118000021,269,1695,-1426
118000022,653,375,278
118000023,240,234,6
118000024,370,464,-94
118000025,229,385,-156
118000027,3529,3478,51
118000029,300,737,-437
118000032,165,1158,-993
118000033,1317,2264,-947
118000034,1456,1204,252
118000035,993,936,57
118000036,335,395,-60
118000037,372,654,-282
118000038,281,43,238
118000039,49,36,13
118000040,1073,745,328
118000041,1428,877,551
118000045,56,253,-197
118000046,216,648,-432
118000047,251,1063,-812
118000048,469,1154,-685
118000051,1794,1674,120
118000052,1099,1095,4
118000053,101,819,-718
118000054,1549,1406,143
118000055,756,744,12
118000056,51,296,-245
118000057,76,196,-120
118000058,783,2422,-1639
118000059,343,2269,-1926
118000060,611,244,367
118000061,629,643,-14
118000062,276,111,165
118000063,211,704,-493
118000064,284,623,-339
118000065,1020,575,445
118000066,680,1600,-920
118000067,178,243,-65
118000068,292,5343,-5051
118000069,431,617,-186
118000070,1728,1190,538
118000071,1596,5363,-3767
118000072,268,2686,-2418
118000073,330,1039,-709
118000074,283,1625,-1342
118000075,500,1334,-834
118000076,808,2864,-2056
118000077,472,551,-79
118000078,1131,1428,-297
118000079,47,299,-252
118000080,210,200,10
118000081,912,746,166
118000082,130,545,-415
118000083,535,930,-395
118000084,491,1262,-771
118000086,139,309,-170
118000087,1671,1490,181
118000088,713,696,17
118000089,2172,1871,301
118000090,727,1805,-1078
118000091,498,2351,-1853
118000092,313,289,24
118000093,49,521,-472
118000096,345,376,-31
118000097,127,351,-224
118000098,140,58,82
118000099,379,101,278
118000101,1316,132,1184
118000102,227,303,-76
118000107,650,123,527
118000108,139,2557,-2418
118000110,1,9,-8
118000111,1,85,-84
118000112,655,1,654
118000113,1,172,-171
118000114,742,2,740
118000115,0,3,-3
118000116,7,0,7
118000117,398,249,149
118000118,893,707,186
118000119,892,793,99
118000120,628,389,239
118000121,48,82,-34
118000122,121,70,51
118000123,58,85,-27
118000125,330,490,-160
118000126,320,1062,-742
118000127,621,547,74
118000128,111,902,-791
118000129,484,375,109
118000130,698,1369,-671
118000131,102,301,-199
118000132,1627,1355,272
118000133,943,383,560
118000135,384,481,-97
118000136,53,255,-202
118000137,152,63,89
118000138,194,110,84
118000139,214,67,147
118000140,1972,5773,-3801
118000141,2272,1147,1125
118000142,1983,999,984
118000143,2276,893,1383
118000144,696,206,490
118000145,586,344,242
118000146,672,160,512
118000147,676,483,193
118000148,541,1246,-705
118000149,561,398,163
118000150,511,76,435
118000151,631,75,556
118000153,1649,381,1268
118000154,1002,899,103
118000155,2078,612,1466
118000156,1322,1847,-525
118000157,369,120,249
118000158,93,317,-224
118000159,57,127,-70
118000160,482,225,257
118000161,459,140,319
118000162,658,549,109
118000163,761,741,20
118000164,1325,1688,-363
118000168,416,458,-42
118000169,337,471,-134
118000170,1465,1557,-92
118000171,312,259,53
118000172,36,136,-100
118000173,476,961,-485
118000175,96,97,-1
118000176,383,216,167
118000177,343,288,55
118000178,3,19,-16
118000179,658,357,301
118000180,347,207,140
118000181,275,110,165
118000182,175,113,62
118000183,158,137,21
118000184,806,273,533
118000185,204,986,-782
118000186,118,776,-658
118000187,1559,177,1382
118000188,529,19,510
118000189,853,67,786
118000190,0,0,0
118000191,14,3,11
118000192,6,155,-149
118000193,13,188,-175
118000194,784,663,121
118000195,97,790,-693
118000196,40,136,-96
118000197,40,448,-408
118000198,260,1631,-1371
118000199,123,740,-617
118000200,9,219,-210
118000201,75,293,-218
118000202,7,110,-103
118000203,92,751,-659
118000204,7,238,-231
118000205,12,128,-116
118000206,158,53,105
118000207,0,38,-38
118000208,1127,1118,9
118000209,1446,636,810
118000210,114,28,86
118000211,50,27,23
118000213,372,1567,-1195
118000214,80,188,-108
118000215,319,25,294
118000216,3590,767,2823
118000217,10,25,-15
118000218,61,23,38
118000219,110,57,53
118000220,12,9,3
118000221,451,362,89
118000222,38,0,38
118000223,37,28,9
118000224,95,43,52
118000225,44,237,-193
118000226,918,101,817
118000227,153,210,-57
118000228,16,124,-108
118000229,3,73,-70
118000230,48,118,-70
118000231,16,64,-48
118000232,406,176,230
118000233,975,218,757
118000234,270,31,239
118000236,160,140,20
118000237,125,112,13
118000238,266,47,219
118000239,228,132,96
118000240,89,107,-18
118000241,145,29,116
118000242,388,84,304
118000243,96,93,3
118000244,58,23,35
118000246,0,5,-5
118000255,28,97,-69
118000256,72,170,-98
118000259,6,41,-35
118000260,180,48,132
118000261,22,6,16
118000263,77,48,29
118000266,23,107,-84
118000267,0,162,-162
118000268,125,14,111
118000270,115,2,113
118000271,157,179,-22
118000272,34,15,19
118000273,146,30,116
118000274,61,62,-1
118000276,264,66,198
118000295,13,18,-5
118000298,101,113,-12
118000299,20,132,-112
118000301,0,24,-24
118000302,24,21,3
118000311,914,31,883
118000312,236,49,187
118000313,94,35,59
118000314,116,23,93
118000315,27,36,-9
118000316,725,92,633
118000325,58,8,50
118000326,10,46,-36
118000331,46,8,38
118000332,24,5,19
118000333,31,11,20
118000335,639,0,639
118000336,0,66,-66
118000407,367,39,328
118000457,0,22,-22
118000465,295,1315,-1020
118000480,10,21,-11
118000489,1,318,-317
118000490,2,45,-43
118000492,206,68,138
118000510,2,1,1
118000514,7,156,-149
118000515,307,785,-478
118000517,153,92,61
118000524,156,201,-45
118000525,197,277,-80
118000530,23,119,-96
118000531,268,135,133
118000532,110,141,-31
118000533,75,62,13
118000534,287,140,147
118000535,305,18,287
118000536,19,241,-222
118000537,24,62,-38
118000538,15,50,-35
118000539,21,66,-45
118000540,191,76,115
118000541,63,57,6
118000542,70,180,-110
118000543,166,106,60
118000546,30,18,12
118000560,411,1040,-629
118000562,28,11,17
118000563,823,523,300
118000576,47,42,5
118000577,58,81,-23
118000578,27,28,-1
118000579,183,977,-794
118000595,191,26,165
118000596,0,18,-18
118000597,83,37,46
118000598,26,0,26
118000599,194,3,191
118000600,1,19,-18
118000601,1,0,1
118000602,0,15,-15
118000603,0,0,0
118900001,335,298,37
118900002,293,472,-179
118900003,480,4,476
118900004,64,6,58
118900005,21,4,17
118900006,80,1,79
118900007,1,0,1
118900008,435,12,423
118900009,69,124,-55
118900010,45,5,40
118900011,39,2,37
118900012,60,50,10
118900013,294,241,53
118900015,392,2,390
118900016,1,1,0
118900017,3,37,-34
118900018,592,54,538
118900019,0,3,-3
118900020,11,27,-16
118900021,80,165,-85
118900022,47,9,38
118900023,22,42,-20
118900024,44,64,-20
118900025,6,27,-21
118900026,34,14,20
118900027,272,33,239
118900028,112,64,48
118900029,123,107,16
118900030,641,17,624
118900031,52,18,34
118900032,115,2,113
118900033,143,352,-209
118900034,144,43,101
118900035,59,55,4
118900036,719,171,548
118900037,120,214,-94
118900038,295,61,234
118900039,483,39,444
118900040,127,42,85
118900041,361,144,217
118900042,57,44,13
118900045,68,63,5
118900046,262,182,80
118900047,121,189,-68
118900048,10,242,-232
118900049,3,0,3
118900050,7,15,-8
118900051,31,49,-18
118900052,58,294,-236
118900053,1,14,-13
118900054,151,17,134
118900055,73,7,66
118900056,11,65,-54
118900057,590,180,410
118900058,149,183,-34
118900059,1,28,-27
118900060,49,32,17
118900062,104,35,69
118900064,64,291,-227
118900065,8,104,-96
118900066,81,1,80
118900067,1288,3258,-1970
118900068,0,51,-51
118900069,446,22,424
118900071,0,4,-4
118900072,118,110,8
118900073,153,49,104
118900074,60,32,28
118900075,72,17,55
118900076,139,15,124
118900077,265,68,197
118900078,0,0,0
118900079,16,7,9
118900080,24,13,11
118900081,13,14,-1
118900082,1053,109,944
118900083,10,1,9
118900084,0,0,0
118900085,227,107,120
118900086,27,26,1
118900087,32,447,-415
118900088,0,0,0
118900089,2,1,1
118900090,240,41,199
118900091,66,90,-24
118900092,96,13,83
118900093,32,4,28
118900096,1,0,1
118900097,124,151,-27
118900099,90,87,3
118900100,4,31,-27
118900101,181,128,53
118900102,6,4,2
118900103,4,46,-42
118900104,140,13,127
118900105,45,76,-31
118900107,67,50,17
118900108,68,52,16
118900109,67,117,-50
118900110,360,603,-243
118900111,170,81,89
118900112,94,30,64
118900113,27,86,-59
118900114,1,20,-19
118900115,17,103,-86
118900116,55,28,27
118900117,49,26,23
118900118,331,152,179
118900119,89,82,7
118900120,37,82,-45
118900121,3,93,-90
118900122,0,323,-323
118900123,37,43,-6
118900124,46,18,28
118900126,10,54,-44
118900129,185,46,139
118900130,7,23,-16
118900131,163,85,78
118900132,172,48,124
118900133,0,22,-22
118900135,87,56,31
118900136,206,125,81
118900137,1,10,-9
118900139,73,60,13
118900140,251,183,68
118900141,31,15,16
118900144,121,115,6
118900145,1,41,-40
118900146,87,253,-166
118900147,29,94,-65
118900148,32,24,8
118900150,26,203,-177
118900152,259,238,21
118900157,7,46,-39
118900158,124,12,112
118900159,0,52,-52
118900161,27,15,12
118900163,51,21,30
118900164,0,15,-15
118900165,36,51,-15
118900166,1,0,1
118900167,23,36,-13
118900168,10,12,-2
118900169,61,98,-37
118900170,241,1,240
118900171,66,9,57
118900174,10,3,7
118900175,452,113,339
118900176,146,120,26
118900177,112,5,107
118900178,47,38,9
118900179,3,6,-3
118900181,12,10,2
118900182,4,62,-58
118900183,1,54,-53
118900184,100,6,94
118900185,33,26,7
118900186,64,42,22
118900187,65,219,-154
118900188,139,102,37
118900189,3,296,-293
118900190,24,57,-33
118900191,269,4,265
118900192,274,6,268
118900193,957,9,948
118900195,134,130,4
118900196,1,44,-43
118900197,330,21,309
118900198,41,5,36
118900199,70,1,69
118900200,23,25,-2
118900201,32,23,9
118900202,2,25,-23
118900203,17,3,14
118900204,5,0,5
118900205,0,4,-4
118900206,0,4,-4
119000001,1170,920,250
119000002,2347,1736,611
119000003,2713,483,2230
119000004,1794,1261,533
119000005,1426,1771,-345
119000006,2514,1229,1285
119000007,3059,2481,578
119000008,950,633,317
119000009,1729,3838,-2109
119000010,2163,2509,-346
119000011,1682,1793,-111
119000012,690,1831,-1141
119000013,2801,1555,1246
119000014,792,1553,-761
119000019,157,160,-3
119000020,1717,1271,446
119000021,3601,2590,1011
119000022,573,2029,-1456
119000023,135,170,-35
119000024,1030,11144,-10114
119000025,1631,736,895
119000026,24,311,-287
119000027,32,270,-238
119000028,879,315,564
119000029,71,100,-29
119000030,213,382,-169
119000031,390,230,160
119000032,568,1030,-462
119000033,1103,502,601
119000034,736,245,491
119000035,13,68,-55
119000036,1906,238,1668
119000037,1058,475,583
119000038,113,262,-149
119000039,583,349,234
119000040,308,561,-253
119000041,474,1040,-566
119000048,1276,872,404
119000049,1273,690,583
119000050,458,788,-330
119000051,1111,661,450
119000052,912,919,-7
119000053,1519,652,867
119000054,1746,618,1128
119000055,3863,647,3216
119000056,2796,776,2020
119000057,1051,452,599
119000058,732,410,322
119000059,564,329,235
119000060,1182,266,916
119000061,382,234,148
119000062,599,380,219
119000063,496,216,280
119000064,242,320,-78
119000065,414,922,-508
119000066,1159,522,637
119000067,919,444,475
119000068,1050,303,747
119000069,1093,502,591
119000070,1821,284,1537
119000071,303,155,148
119000072,1680,903,777
119000073,2067,4643,-2576
119000074,1126,483,643
119000075,3371,1030,2341
119000076,97,402,-305
119000077,457,194,263
119000078,225,263,-38
119000079,67,438,-371
119000080,381,48,333
119000081,198,285,-87
119000082,352,61,291
119000083,350,132,218
119000084,144,101,43
119000085,579,45,534
119000086,228,144,84
119000087,377,152,225
119000088,270,36,234
119000089,61,38,23
119000090,28,51,-23
119000091,19,117,-98
119000092,136,148,-12
119000093,1599,982,617
119000094,3185,2306,879
119000095,1622,1082,540
119000097,535,483,52
119000098,801,2963,-2162
119000099,1048,368,680
119000100,3119,1539,1580
119000101,1771,974,797
119000102,81,1028,-947
119000103,469,273,196
119000104,373,208,165
119000105,437,1396,-959
119000106,314,258,56
119000107,1111,346,765
119000108,327,324,3
119000109,48,155,-107
119000110,114,84,30
119000111,26,259,-233
119000112,33,45,-12
119000113,256,69,187
119000114,325,638,-313
119000115,33,90,-57
119000116,30,71,-41
119000117,96,114,-18
119000118,11,0,11
119000123,521,1514,-993
119000124,728,135,593
119000125,3273,285,2988
119000126,646,274,372
119000127,697,66,631
119000128,50,1,49
119000131,848,157,691
119000132,5,0,5
119000133,0,24,-24
119000134,437,341,96
119000135,198,76,122
119000136,228,29,199
119000137,305,70,235
119000138,633,37,596
119000139,41,27,14
119000140,141,105,36
119000284,406,835,-429
119000285,899,554,345
119000286,1860,1241,619
119000287,912,730,182
119000288,1087,323,764
119000289,496,620,-124
119000290,93,187,-94
119000291,2,98,-96
119000293,98,131,-33
119000294,45,11,34
119000295,826,252,574
119000296,144,32,112
119000302,722,723,-1
119000303,6,60,-54
119000314,1048,8959,-7911
119000315,0,51,-51
119000316,74,6,68
119000317,48,52,-4
119900001,107,496,-389
119900002,80,75,5
119900003,0,111,-111
119900004,37,1488,-1451
119900005,233,20,213
119900006,93,182,-89
119900007,252,135,117
119900008,24,34,-10
119900009,209,102,107
119900010,300,181,119
119900011,6,207,-201
119900012,2,97,-95
119900013,908,711,197
119900014,255,59,196
119900015,316,41,275
119900016,30,19,11
119900017,44,27,17
119900018,376,790,-414
119900019,43,2,41
119900020,16,43,-27
119900021,39,12,27
119900022,38,818,-780
119900023,187,1511,-1324
119900025,273,11,262
119900026,75,37,38
119900027,2,22,-20
119900028,34,239,-205
119900029,5,1,4
119900030,248,95,153
119900031,39,575,-536
119900033,325,191,134
119900034,497,41,456
119900037,131,6,125
119900038,15,162,-147
119900039,71,1,70
119900040,132,22,110
119900041,100,3,97
119900042,36,44,-8
119900043,96,27,69
119900044,47,452,-405
119900046,136,11,125
119900047,148,117,31
119900048,9,20,-11
119900049,151,3,148
119900050,233,106,127
119900051,1009,12,997
119900052,70,11,59
119900053,185,20,165
119900054,246,16,230
119900055,856,124,732
119900057,328,19,309
119900058,217,1,216
119900059,80,46,34
119900060,579,24,555
119900061,500,5,495
119900062,108,2,106
119900063,4,59,-55
119900064,421,46,375
119900065,174,3,171
119900066,1,0,1
119900067,27,3,24
119900068,638,1,637
119900069,121,2,119
119900070,1100,17,1083
119900071,986,28,958
119900072,284,139,145
119900073,388,68,320
119900074,6,27,-21
119900075,791,1014,-223
119900076,819,136,683
119900077,1048,134,914
119900078,448,158,290
119900079,232,24,208
119900080,272,71,201
119900081,60,46,14
119900082,2124,233,1891
119900083,197,48,149
119900084,163,33,130
119900085,21,24,-3
119900086,30,99,-69
119900087,67,119,-52
119900088,1,6,-5
119900089,11,88,-77
119900090,57,10,47
119900091,9,156,-147
119900092,42,160,-118
119900093,463,76,387
119900094,0,81,-81
119900095,56,28,28
119900096,20,45,-25
119900097,26,102,-76
119900098,19,11,8
119900099,25,78,-53
119900100,428,1356,-928
119900101,54,273,-219
119900102,12,60,-48
119900103,35,55,-20
119900104,30,40,-10
119900105,281,686,-405
119900106,2,24,-22
119900107,75,623,-548
119900108,1242,332,910
119900109,10,53,-43
119900110,283,114,169
119900111,139,36,103
119900112,490,391,99
119900113,1,81,-80
119900114,199,154,45
119900115,406,128,278
119900116,25,219,-194
119900117,191,160,31
119900118,112,151,-39
119900119,177,43,134
119900120,175,195,-20
119900121,374,149,225
119900122,8,46,-38
119900123,64,54,10
119900124,94,216,-122
119900125,3,34,-31
119900126,1099,110,989
119900127,293,134,159
119900128,196,120,76
119900129,226,75,151
119900130,0,14,-14
119900131,3,41,-38
119900132,0,18,-18
119900133,69,33,36
119900134,226,38,188
119900135,0,75,-75
119900136,53,27,26
119900138,46,78,-32
119900139,17,21,-4
119900140,0,5,-5
119900141,10,408,-398
119900142,4,9,-5
119900143,2,327,-325
119900144,338,77,261
119900145,9,42,-33
119900146,39,66,-27
119900147,1,117,-116
119900148,369,8,361
119900149,131,3010,-2879
119900150,28,27,1
119900151,674,551,123
119900152,112,54,58
119900153,194,12,182
119900154,14,203,-189
119900155,29,2,27
119900156,4,2,2
119900157,125,85,40
119900158,148,13,135
119900159,0,232,-232
119900160,21,19,2
119900161,36,34,2
119900162,800,413,387
119900163,6,64,-58
119900164,0,0,0
119900165,185,58,127
119900166,138,10,128
119900167,1,10,-9
119900168,719,214,505
119900169,20,168,-148
119900170,110,38,72
119900171,296,132,164
119900172,24,11,13
119900173,1,51,-50
119900174,2,16,-14
119900175,1194,122,1072
119900177,14,41,-27
119900178,1,20,-19
119900179,106,843,-737
119900180,412,277,135
119900181,11,72,-61
119900182,28,101,-73
119900183,34,208,-174
119900184,444,221,223
119900185,18,267,-249
119900186,25,934,-909
119900187,6,75,-69
119900188,52,87,-35
119900189,30,48,-18
119900190,40,171,-131
119900191,65,63,2
119900192,20,94,-74
119900193,437,73,364
119900194,16,37,-21
119900195,6,80,-74
119900196,137,61,76
119900197,307,89,218
119900198,59,97,-38
119900199,111,7,104
119900200,554,78,476
119900201,83,75,8
119900202,24,138,-114
119900203,63,229,-166
119900204,171,70,101
119900205,725,73,652
119900206,242,37,205
119900208,47,24,23
119900209,443,876,-433
119900210,40,9,31
119900211,15,2,13
119900212,276,171,105
119900213,1,60,-59
119900214,48,37,11
119900215,58,8,50
119900216,1,3,-2
119900217,15,11,4
119900218,2,5,-3
119900219,5,6,-1
119900220,0,10,-10
119900221,10,42,-32
119900222,0,43,-43
119900223,2,25,-23
119900224,21,4,17
119900225,167,14,153
119900226,133,1026,-893
119900227,219,92,127
119900228,21,80,-59
119900229,38,78,-40
119900230,319,89,230
119900231,250,47,203
119900232,159,27,132
119900233,86,5,81
119900234,16,57,-41
119900235,11,18,-7
119900236,2,21,-19
119900237,34,137,-103
119900238,0,28,-28
119900240,69,29,40
119900241,62,47,15
119900242,598,408,190
119900244,132,377,-245
119900245,105,64,41
119900246,89,174,-85
119900247,1,22,-21
119900248,13,158,-145
119900249,267,38,229
119900253,484,308,176
119900254,80,511,-431
119900255,57,283,-226
119900256,951,183,768
119900257,138,2,136
119900258,282,28,254
119900259,6,9,-3
119900260,317,9,308
119900261,362,48,314
119900262,1,55,-54
119900263,548,87,461
119900264,128,39,89
119900265,365,104,261
119900266,327,27,300
119900267,49,48,1
119900268,82,34,48
119900269,540,161,379
119900271,29,12,17
119900272,31,35,-4
119900275,98,21,77
119900276,83,1,82
119900277,23,2,21
119900278,130,69,61
119900279,22,168,-146
119900280,222,19,203
119900281,0,129,-129
119900282,12,61,-49
119900283,4,48,-44
119900284,8,39,-31
119900285,0,111,-111
119900286,1,13,-12
119900288,1,3,-2
119900289,6,0,6
119900290,2,0,2
119900291,0,12,-12
119900292,9,53,-44
119900293,2,38,-36
119900294,33,25,8
119900295,32,12,20
119900296,86,45,41
119900297,0,6,-6
119900298,8,12,-4
119900299,12,56,-44
119900300,230,66,164
119900301,21,118,-97
119900302,7,49,-42
119900303,179,33,146
119900304,105,1,104
119900305,0,15,-15
119900306,5,7,-2
119900307,61,14,47
119900308,0,5,-5
119900309,14,152,-138
119900310,76,80,-4
119900311,115,10,105
119900312,61,10,51
119900313,64,54,10
119900314,124,167,-43
119900315,1559,517,1042
119900318,14,52,-38
119900319,54,81,-27
119900320,154,166,-12
119900321,128,5,123
120000001,5237,15846,-10609
120000002,1610,1010,600
120000003,1129,514,615
120000004,1385,753,632
120000005,1319,580,739
120000006,769,375,394
120000007,1426,2090,-664
120000008,529,431,98
120000009,927,462,465
120000010,1446,837,609
120000011,443,570,-127
120000012,1395,960,435
120000013,2382,1348,1034
120000014,495,685,-190
120000015,1715,841,874
120000016,3123,1656,1467
120000017,2523,2215,308
120000018,2053,11302,-9249
120000019,762,914,-152
120000020,1322,2141,-819
120000021,1092,809,283
120000022,2461,3695,-1234
120000023,987,958,29
120000024,705,1150,-445
120000025,2213,788,1425
120000026,2422,1366,1056
120000027,1778,1425,353
120000028,489,516,-27
120000029,498,720,-222
120000030,99,374,-275
120000031,978,2578,-1600
120000032,2582,1173,1409
120000033,2298,545,1753
120000034,2307,422,1885
120000035,2278,550,1728
120000036,1952,2402,-450
120000037,420,1400,-980
120000038,1388,1293,95
120000039,319,577,-258
120000040,24,510,-486
120000041,302,503,-201
120000042,1358,735,623
120000043,3889,572,3317
120000044,5377,964,4413
120000045,6101,383,5718
120000046,4953,3124,1829
120000047,358,3965,-3607
120000048,4507,1865,2642
120000049,2957,1387,1570
120000050,1950,1785,165
120000051,1367,2552,-1185
120000052,4223,724,3499
120000053,772,1222,-450
120000054,552,1957,-1405
120000055,1032,1428,-396
120000056,2590,1993,597
120000057,2126,565,1561
120000058,706,615,91
120000059,11,1497,-1486
120000061,20,187,-167
120000062,37,219,-182
120000063,348,1012,-664
120000064,198,422,-224
120000065,246,396,-150
120000066,134,161,-27
120000067,23,187,-164
120000068,109,164,-55
120000069,372,229,143
120000070,87,248,-161
120000071,911,46,865
120000072,935,158,777
120000073,988,24,964
120000074,127,30,97
120000075,1032,85,947
120000076,2223,102,2121
120000077,2570,176,2394
120000078,1686,481,1205
120000079,333,93,240
120000080,72,130,-58
120000081,350,36,314
120000082,366,81,285
120000083,34,520,-486
120000084,106,217,-111
120000085,171,266,-95
120000086,50,154,-104
120000087,140,130,10
120000088,437,467,-30
120000089,758,230,528
120000090,403,205,198
120000091,1090,268,822
120000092,815,153,662
120000093,762,253,509
120000094,305,376,-71
120000095,376,164,212
120000096,212,251,-39
120000098,386,215,171
120000099,175,239,-64
120000100,436,261,175
120000101,333,108,225
120000102,417,1002,-585
120000103,884,627,257
120000104,1947,168,1779
120000105,2317,128,2189
120000106,2785,128,2657
120000107,4829,119,4710
120000108,1783,56,1727
120000109,870,20,850
120000110,12,250,-238
120000111,22,211,-189
120000112,144,994,-850
120000113,96,895,-799
120000114,161,503,-342
120000115,135,542,-407
120000116,88,413,-325
120000117,306,373,-67
120000118,11,11,0
120000119,0,27,-27
120000120,111,80,31
120000121,4,15,-11
120000122,93,367,-274
120000123,1466,7145,-5679
120000124,396,170,226
120000125,487,235,252
120000126,182,493,-311
120000127,337,388,-51
120000128,901,1432,-531
120000129,101,114,-13
120000130,354,252,102
120000131,348,154,194
120000134,170,129,41
120000135,917,423,494
120000137,187,116,71
120000138,1114,84,1030
120000139,136,88,48
120000140,1382,79,1303
120000141,247,157,90
120000142,663,159,504
120000143,0,53,-53
120000144,56,4,52
120000145,404,0,404
120000146,502,757,-255
120000149,232,236,-4
120000150,734,7398,-6664
120000151,515,167,348
120000152,1115,60,1055
120000153,500,108,392
120000154,277,292,-15
120000155,135,259,-124
120000156,259,1313,-1054
120000157,772,142,630
120000158,569,185,384
120000159,1031,753,278
120000160,1495,1441,54
120000161,2274,1608,666
120000162,137,242,-105
120000163,493,125,368
120000164,632,50,582
120000165,766,127,639
120000166,1476,177,1299
120000167,20,96,-76
120000168,2,187,-185
120000169,3,479,-476
120000170,7,411,-404
120000171,5,191,-186
120000172,6,105,-99
120000173,127,207,-80
120000174,23,8,15
120000175,37,7,30
120000176,26,23,3
120000177,255,45,210
120000178,16,17,-1
120000179,34,24,10
120000180,70,30,40
120000181,10,324,-314
120000182,18,219,-201
120000183,1,190,-189
120000184,13,411,-398
120000186,23,301,-278
120000187,14,91,-77
120000188,32,59,-27
120000190,147,26,121
120000191,109,36,73
120000192,69,19,50
120000193,57,3,54
120000195,7,1,6
120000196,53,6,47
120000197,28,28,0
120000198,299,2,297
120000199,240,0,240
120000200,281,2,279
120000201,27,70,-43
120000202,0,21,-21
120000203,70,34,36
120000207,2,16,-14
120000208,3,41,-38
120000209,0,8,-8
120000210,14,23,-9
120000211,153,6,147
120000212,330,1,329
120000213,262,41,221
120000214,0,21,-21
120000215,1,22,-21
120000216,174,5,169
120000217,161,408,-247
120000218,53,338,-285
120000219,8,280,-272
120000220,3,522,-519
120000225,2828,2,2826
120000226,604,9,595
120000227,816,155,661
120000228,4233,2886,1347
120000230,314,30,284
120000231,1265,434,831
120000233,425,13,412
120000235,103,124,-21
120000236,1256,4,1252
120000237,0,241,-241
120000238,0,130,-130
120000241,1117,2930,-1813
120000412,198,15,183
120000413,374,34,340
120000414,173,0,173
120000415,0,27,-27
120000416,89,0,89
120000417,1,29,-28
120000418,493,18,475
120000419,1,43,-42
120000420,14,3,11
120000421,4588,2597,1991
120000422,71,1268,-1197
120000423,1,54,-53
120000424,77,15,62
120000436,67,1055,-988
120000437,15,69,-54
120000438,729,150,579
120000439,73,331,-258
120000443,129,8,121
120000444,1530,163,1367
120000445,1333,569,764
120000446,237,76,161
120000447,445,1,444
120000449,282,0,282
120000450,0,27,-27
120000451,129,36,93
120000452,94,2,92
120000453,0,31,-31
120000454,6,12,-6
120000455,65,31,34
120000456,589,2439,-1850
120000457,410,207,203
120000458,145,104,41
120000459,148,21,127
120000665,80,127,-47
120000668,33,431,-398
120000669,95,68,27
120000670,47,224,-177
120000671,754,327,427
120000672,8,112,-104
120900001,109,25,84
120900002,55,139,-84
120900003,73,7,66
120900004,4,115,-111
120900005,271,205,66
120900006,547,53,494
120900007,50,34,16
120900008,653,299,354
120900009,73,3,70
120900010,621,61,560
120900011,12,108,-96
120900012,50,1085,-1035
120900013,390,70,320
120900014,1,118,-117
120900015,1088,24,1064
120900016,1291,12,1279
120900017,898,76,822
120900018,214,156,58
120900019,292,186,106
120900020,256,382,-126
120900021,604,28,576
120900022,2,72,-70
120900023,492,19,473
120900024,604,229,375
120900025,481,280,201
120900026,82,54,28
120900027,237,29,208
120900028,662,123,539
120900029,18,976,-958
120900030,1791,229,1562
120900031,456,72,384
120900032,1499,58,1441
120900033,1204,70,1134
120900034,8,1655,-1647
120900035,52,71,-19
120900037,368,5,363
120900038,88,476,-388
120900039,79,39,40
120900040,445,0,445
120900041,3,1,2
120900042,497,34,463
120900043,64,34,30
120900044,5,301,-296
120900045,94,22,72
120900046,811,4,807
120900047,175,201,-26
120900048,184,17,167
120900049,713,2,711
120900050,477,2308,-1831
120900051,227,78,149
120900052,990,1,989
120900053,460,61,399
120900054,302,78,224
120900055,689,4,685
120900056,739,23,716
120900057,212,12,200
120900058,774,1,773
120900059,104,2,102
120900060,40,22,18
120900061,97,38,59
120900062,386,0,386
120900063,998,13,985
120900064,825,3,822
120900065,934,1,933
120900066,839,258,581
120900067,162,34,128
120900068,407,0,407
120900069,255,10,245
120900071,80,4,76
120900072,1095,14,1081
120900073,903,44,859
120900074,681,16,665
120900076,603,1,602
120900077,738,270,468
120900078,877,110,767
120900079,1053,90,963
120900080,1388,303,1085
120900081,2068,250,1818
120900082,188,196,-8
120900083,227,2,225
120900084,342,414,-72
120900085,5,28,-23
120900086,17,471,-454
120900087,495,94,401
120900088,41,747,-706
120900089,999,3538,-2539
120900090,164,20,144
120900091,126,581,-455
120900092,68,121,-53
120900093,745,116,629
120900094,53,97,-44
120900095,174,6,168
120900096,39,87,-48
120900097,245,247,-2
120900098,118,49,69
120900099,5,48,-43
120900100,27,28,-1
120900101,26,48,-22
120900102,17,10,7
120900103,42,79,-37
120900104,4,25,-21
120900105,0,114,-114
120900106,234,127,107
120900107,122,61,61
120900108,0,119,-119
120900109,17,147,-130
120900110,1,80,-79
120900111,99,100,-1
120900112,1,203,-202
120900113,32,136,-104
120900114,39,33,6
120900115,47,155,-108
120900116,523,90,433
120900117,17,136,-119
120900118,10,160,-150
120900119,2947,1653,1294
120900120,11,137,-126
120900121,33,144,-111
120900122,933,168,765
120900123,1,108,-107
120900124,0,145,-145
120900125,0,220,-220
120900126,164,171,-7
120900127,9,86,-77
120900128,109,281,-172
120900129,47,91,-44
120900130,29,164,-135
120900131,23,57,-34
120900132,1054,61,993
120900133,38,150,-112
120900134,17,132,-115
120900135,35,255,-220
120900136,28,82,-54
120900137,349,26,323
120900138,1,76,-75
120900139,1,210,-209
120900140,1,104,-103
120900141,225,50,175
120900142,0,138,-138
120900143,0,245,-245
120900144,0,60,-60
120900145,80,244,-164
120900146,10,204,-194
120900147,2,2,0
120900148,65,41,24
120900149,0,67,-67
120900150,25,97,-72
120900151,0,67,-67
120900152,1,0,1
120900153,75,1,74
120900154,0,57,-57
120900155,127,180,-53
120900156,177,95,82
120900157,0,0,0
120900158,12,90,-78
120900159,0,53,-53
120900160,10,130,-120
120900161,3,339,-336
120900162,4,214,-210
120900163,6,216,-210
120900164,0,32,-32
120900165,0,82,-82
120900166,2,295,-293
120900167,71,33,38
120900169,28,90,-62
120900170,162,3593,-3431
120900171,260,49,211
120900172,100,278,-178
120900173,1,21,-20
120900174,3,48,-45
120900175,44,35,9
120900176,2,296,-294
120900177,1,1116,-1115
120900178,1,550,-549
120900179,112,68,44
120900180,34,107,-73
120900181,12,8,4
120900182,3,25,-22
120900183,265,57,208
120900184,69,32,37
120900185,79,758,-679
120900186,1,126,-125
120900187,510,192,318
120900188,225,24,201
120900189,21,2472,-2451
120900190,99,36,63
120900191,72,5,67
120900192,3058,9545,-6487
120900194,36,8,28
120900195,51,118,-67
120900196,276,2,274
120900197,742,51,691
120900198,36,146,-110
120900199,199,471,-272
120900200,5,72,-67
120900201,205,34,171
120900202,1,79,-78
120900203,24,7,17
120900204,40,91,-51
120900205,9,24,-15
120900206,14,20,-6
121000001,578,592,-14
121000002,846,1149,-303
121000003,3284,1449,1835
121000004,962,2008,-1046
121000005,1857,2144,-287
121000006,1055,1768,-713
121000007,1294,2497,-1203
121000008,1904,2531,-627
121000009,3028,4050,-1022
121000010,2236,2351,-115
121000011,3416,4398,-982
121000012,6135,2840,3295
121000013,3751,3329,422
121000014,2690,1746,944
121000015,3210,4177,-967
121000016,1956,1609,347
121000017,1225,1507,-282
121000018,1567,1032,535
121000019,3149,4389,-1240
121000020,5339,8370,-3031
121000021,825,731,94
121000022,958,1979,-1021
121000023,915,443,472
121000024,2378,2708,-330
121000025,200,606,-406
121000026,76,66,10
121000027,712,755,-43
121000028,284,381,-97
121000029,402,280,122
121000030,55,85,-30
121000031,242,299,-57
121000032,63,101,-38
121000034,74,123,-49
121000035,72,133,-61
121000036,510,449,61
121000037,208,709,-501
121000038,215,541,-326
121000039,93,201,-108
121000041,155,277,-122
121000042,120,244,-124
121000043,186,472,-286
121000044,443,327,116
121000045,261,197,64
121000046,336,378,-42
121000047,26,83,-57
121000049,497,532,-35
121000050,77,1205,-1128
121000051,431,150,281
121000052,196,1087,-891
121000053,125,99,26
121000054,31,221,-190
121000055,377,808,-431
121000056,500,871,-371
121000057,81,167,-86
121000058,91,51,40
121000059,2303,684,1619
121000060,515,660,-145
121000061,13,413,-400
121000062,32,252,-220
121000063,556,897,-341
121000064,369,439,-70
121000065,158,305,-147
121000066,133,190,-57
121000067,234,276,-42
121000068,193,402,-209
121000069,122,927,-805
121000070,487,539,-52
121000071,834,1121,-287
121000072,419,246,173
121000073,493,673,-180
121000074,75,129,-54
121000075,16,34,-18
121000076,178,109,69
121000077,55,65,-10
121000078,32,169,-137
121000080,550,294,256
121000081,764,1958,-1194
121000082,71,115,-44
121000083,27,27,0
121000084,76,148,-72
121000085,116,215,-99
121000086,244,292,-48
121000087,13,147,-134
121000088,243,192,51
121000089,76,281,-205
121000090,159,314,-155
121000091,656,484,172
121000092,97,14,83
121000093,106,56,50
121000094,131,218,-87
121000095,84,458,-374
121000096,2309,615,1694
121000097,259,902,-643
121000098,178,278,-100
121000099,351,451,-100
121000100,595,181,414
121000101,142,62,80
121000102,167,67,100
121000103,136,172,-36
121000104,219,65,154
121000105,85,43,42
121000106,80,187,-107
121000107,1085,1542,-457
121000109,620,771,-151
121000110,153,520,-367
121000114,1567,1051,516
121000115,400,254,146
121000116,170,158,12
121000117,271,71,200
121000118,932,72,860
121000119,182,172,10
121000120,182,264,-82
121000121,406,925,-519
121000123,263,88,175
121000126,11,375,-364
121000127,56,78,-22
121000128,728,122,606
121000129,679,183,496
121000130,231,658,-427
121000131,412,612,-200
121000132,122,557,-435
121000135,137,521,-384
121000136,319,1158,-839
121000137,171,244,-73
121000138,188,2494,-2306
121000139,68,466,-398
121000141,132,83,49
121000142,154,302,-148
121000143,6,9,-3
121000144,234,693,-459
121000145,301,375,-74
121000146,514,702,-188
121000147,618,262,356
121000148,301,267,34
121000149,999,707,292
121000152,140,117,23
121000153,833,278,555
121000154,813,226,587
121000155,1111,503,608
121000156,317,338,-21
121000157,334,403,-69
121000158,177,160,17
121000159,167,183,-16
121000160,340,103,237
121000161,160,279,-119
121000162,72,95,-23
121000165,491,1255,-764
121000166,13,229,-216
121000168,293,128,165
121000169,12,44,-32
121000170,143,54,89
121000171,72,54,18
121000172,465,329,136
121000173,1020,885,135
121000174,463,426,37
121000175,913,165,748
121000176,241,225,16
121000177,355,172,183
121000178,86,23,63
121000179,62,44,18
121000181,113,327,-214
121000182,109,467,-358
121000183,20,393,-373
121000184,27,314,-287
121000185,10,464,-454
121000186,206,555,-349
121000187,145,42,103
121000188,220,37,183
121000192,419,260,159
121000193,286,161,125
121000194,795,1065,-270
121000195,185,633,-448
121000196,149,134,15
121000197,73,226,-153
121000198,71,130,-59
121000199,108,145,-37
121000200,431,92,339
121000201,12,195,-183
121000202,98,6,92
121000203,315,540,-225
121000204,2119,235,1884
121000205,187,244,-57
121000206,83,87,-4
121000207,1551,840,711
121000208,1,211,-210
121000209,754,142,612
121000210,644,219,425
121000211,197,53,144
121000212,251,258,-7
121000213,4551,1221,3330
121000214,360,1226,-866
121000215,667,490,177
121000216,167,509,-342
121000217,1798,2249,-451
121000218,272,651,-379
121000219,668,265,403
121000220,76,48,28
121000221,359,401,-42
121000222,3961,2435,1526
121000223,206,470,-264
121000224,87,222,-135
121000225,223,5925,-5702
121000226,697,1710,-1013
121000227,19,113,-94
121000228,36,132,-96
121000229,54,186,-132
121000230,59,601,-542
121000231,1197,33,1164
121000232,140,77,63
121000233,372,209,163
121000234,1,26,-25
121000235,21,132,-111
121000236,0,19,-19
121000237,3,15,-12
121000238,0,11,-11
121000239,90,19,71
121000240,0,60,-60
121000241,26,4,22
121000242,1,61,-60
121000243,121,12,109
121000244,0,17,-17
121000245,25,1,24
121000246,4,41,-37
121000247,112,0,112
121000248,225,139,86
121000249,31,108,-77
121000250,659,734,-75
121000251,1,98,-97
121000252,90,89,1
121000253,58,670,-612
121000254,593,261,332
121000255,14,294,-280
121000256,127,297,-170
121000257,13,110,-97
121000258,22,148,-126
121000259,16,43,-27
121000260,5,79,-74
121000261,48,147,-99
121000262,532,319,213
121000263,203,273,-70
121000271,247,732,-485
121000273,21,5,16
121000274,21,272,-251
121000275,0,6,-6
121000276,1,132,-131
121000278,49,6,43
121000279,6,101,-95
121000280,6,105,-99
121000289,235,40,195
121000290,453,583,-130
121000294,152,42,110
121000297,159,548,-389
121000299,87,966,-879
121000300,621,346,275
121000302,5,272,-267
121000303,176,83,93
121000304,231,30,201
121000305,193,33,160
121000306,122,85,37
121000308,64,69,-5
121000309,132,133,-1
121000310,108,104,4
121000311,50,145,-95
121000312,324,212,112
121000313,111,105,6
121000314,0,11,-11
121000315,1,35,-34
121000530,1312,656,656
121000531,1259,692,567
121000532,2591,4082,-1491
121000533,2040,1284,756
121000918,33,156,-123
121000919,7,78,-71
121000938,18,115,-97
121000939,11,130,-119
121000956,1191,750,441
121000957,1,14,-13
121000958,7,104,-97
121000959,816,223,593
121000960,939,544,395
121000961,278,11,267
121000962,80,124,-44
121000973,1,184,-183
121000976,0,23,-23
121000979,66,142,-76
121000981,206,26,180
121000982,449,289,160
121000983,310,84,226
121000984,0,12,-12
121000985,633,375,258
121000986,579,427,152
121000987,108,684,-576
121000988,901,56,845
121001302,68,110,-42
121001308,0,12,-12
121001309,66,244,-178
121001313,120,193,-73
121001314,471,1340,-869
121001315,2865,1962,903
121900001,50,216,-166
121900002,23,2,21
121900003,64,2,62
121900004,45,256,-211
121900005,8,0,8
121900006,74,1,73
121900007,1497,593,904
121900008,56,63,-7
121900009,685,119,566
121900010,89,0,89
121900011,120,131,-11
121900012,15,0,15
121900013,7,18,-11
121900014,701,162,539
121900015,28,27,1
121900016,9,2,7
121900017,174,328,-154
121900018,206,0,206
121900019,149,73,76
121900020,9,1,8
121900021,552,10,542
121900022,97,55,42
121900023,105,250,-145
121900024,67,15,52
121900025,306,78,228
121900026,54,11,43
121900027,181,125,56
121900028,88,10,78
121900029,51,335,-284
121900030,168,189,-21
121900031,210,3048,-2838
121900032,72,14,58
121900033,55,95,-40
121900034,148,53,95
121900035,1302,1028,274
121900036,41,109,-68
121900037,40,439,-399
121900038,11,6,5
121900039,118,1,117
121900040,9,12,-3
121900041,42,157,-115
121900042,244,61,183
121900043,0,0,0
121900044,18,53,-35
121900045,152,175,-23
121900046,48,50,-2
121900047,24,95,-71
121900048,23,26,-3
121900050,24,6,18
121900051,71,172,-101
121900052,55,13,42
121900053,269,162,107
121900054,88,282,-194
121900055,0,6,-6
121900058,133,21,112
121900059,153,37,116
121900060,82,208,-126
121900061,43,446,-403
121900062,123,54,69
121900063,932,144,788
121900064,217,254,-37
121900066,7,9,-2
121900067,2,0,2
121900069,31,50,-19
121900070,91,153,-62
121900071,330,128,202
121900072,42,15,27
121900073,60,94,-34
121900074,130,227,-97
121900075,182,388,-206
121900076,186,203,-17
121900077,5,0,5
121900078,47,39,8
121900079,0,0,0
121900080,275,105,170
121900082,47,14,33
121900083,59,46,13
121900084,5,9,-4
121900085,2,6,-4
121900086,3,9,-6
121900087,11,25,-14
121900088,353,638,-285
121900089,147,45,102
121900090,36,15,21
121900091,33,12,21
121900092,82,74,8
121900093,56,43,13
121900094,1,0,1
121900095,66,74,-8
121900096,420,183,237
121900097,202,25,177
121900098,12,9,3
121900099,115,29,86
121900100,1,35,-34
121900101,45,16,29
121900102,0,26,-26
121900103,154,112,42
121900104,897,102,795
121900105,79,65,14
121900106,3,4,-1
121900107,50,49,1
121900108,0,1,-1
121900109,95,46,49
121900110,332,116,216
121900111,66,78,-12
121900112,29,28,1
121900113,1,91,-90
121900114,2,4,-2
121900115,77,110,-33
121900117,15,21,-6
121900118,419,106,313
121900119,141,29,112
121900120,15,183,-168
121900121,18,1,17
121900122,24,35,-11
121900123,63,60,3
121900124,26,38,-12
121900125,773,312,461
121900127,2,49,-47
121900128,38,4,34
121900129,138,59,79
121900130,14,813,-799
121900131,74,8,66
121900132,11,9,2
121900133,0,193,-193
121900134,1,221,-220
121900135,2640,426,2214
121900136,31,37,-6
121900137,2,61,-59
121900138,37,55,-18
121900139,106,542,-436
121900140,2,5,-3
121900141,17,29,-12
121900142,11,2,9
121900143,2,30,-28
121900144,26,85,-59
121900145,45,77,-32
121900146,107,55,52
121900147,2,29,-27
121900148,9,53,-44
121900149,27,22,5
121900150,2,10,-8
121900151,1,30,-29
121900152,78,8,70
121900153,0,134,-134
121900154,0,64,-64
121900155,0,57,-57
121900156,4,6,-2
121900157,0,7,-7
121900158,2,21,-19
121900159,0,23,-23
121900160,4,35,-31
121900161,12,104,-92
121900162,1,35,-34
121900163,159,67,92
121900164,71,103,-32
121900165,69,43,26
121900166,136,37,99
121900167,45,20,25
121900168,35,13,22
121900169,0,0,0
121900170,7,24,-17
121900171,447,134,313
121900172,144,48,96
121900173,126,105,21
121900174,54,6,48
121900175,27,92,-65
121900176,198,517,-319
121900177,29,18,11
121900178,9,0,9
121900179,56,177,-121
121900180,856,4088,-3232
121900182,298,177,121
121900183,93,994,-901
121900184,14,535,-521
121900185,68,20,48
121900186,2,215,-213
121900187,1,39,-38
121900188,249,32,217
121900189,8,11,-3
121900190,67,197,-130
121900191,19,113,-94
121900192,93,405,-312
121900193,0,13,-13
121900194,1,95,-94
121900195,27,22,5
121900196,75,396,-321
121900197,60,309,-249
121900198,1608,516,1092
121900199,0,23,-23
121900200,3,58,-55
121900201,244,260,-16
121900202,33,264,-231
121900203,39,418,-379
121900204,210,436,-226
121900205,34,16,18
121900206,0,27,-27
121900207,8,14,-6
121900208,6,92,-86
121900209,23,22,1
121900210,587,306,281
121900211,21,34,-13
121900212,24,26,-2
121900213,92,1,91
121900214,0,182,-182
121900215,3,98,-95
121900216,1,124,-123
121900217,55,110,-55
121900218,88,173,-85
121900219,119,21,98
121900220,19,4,15
121900221,72,126,-54
121900222,62,7,55
121900223,52,11,41
121900224,42,7,35
121900225,34,85,-51
121900226,81,13,68
121900227,59,267,-208
121900228,30,37,-7
121900229,91,177,-86
121900230,49,128,-79
121900231,23,144,-121
121900232,33,85,-52
121900233,44,29,15
121900234,116,20,96
121900235,283,45,238
121900236,143,27,116
121900237,10,61,-51
121900238,35,53,-18
121900239,60,14,46
121900240,64,45,19
121900241,21,6,15
121900242,0,0,0
121900243,0,0,0
121900244,0,0,0
121900245,80,44,36
121900246,1668,119,1549
121900247,179,71,108
121900248,269,230,39
121900250,97,185,-88
121900251,134,12,122
121900252,120,45,75
121900253,12,303,-291
121900254,37,154,-117
121900255,183,29,154
121900258,2120,952,1168
121900259,26,135,-109
121900260,54,23,31
121900261,2,161,-159
121900262,44,136,-92
121900263,38,44,-6
121900264,225,156,69
121900265,72,44,28
121900266,236,96,140
121900267,21,16,5
121900269,111,296,-185
121900270,48,110,-62
121900271,4,36,-32
121900273,284,957,-673
121900274,214,81,133
121900276,336,40,296
121900277,72,237,-165
121900278,36,294,-258
121900279,62,32,30
121900280,37,100,-63
121900281,27,158,-131
121900284,7,14,-7
121900286,41,24,17
121900287,2,19,-17
121900290,26,191,-165
121900291,163,391,-228
121900292,50,72,-22
121900293,331,1088,-757
121900294,51,1,50
121900295,61,17,44
121900296,75,93,-18
121900298,67,475,-408
121900299,5,51,-46
121900300,27,12,15
121900301,26,0,26
121900302,1,49,-48
121900303,23,39,-16
121900304,1,4,-3
121900305,1,4,-3
121900306,133,15,118
121900307,125,5,120
121900308,2,16,-14
121900309,1,35,-34
121900310,2,50,-48
121900311,283,5,278
121900312,275,1,274
121900313,293,1,292
121900314,0,8,-8
121900315,23,0,23
121900316,0,0,0
121900317,2,2,0
121900318,0,0,0
121900319,40,158,-118
121900320,0,0,0
121900321,31,0,31
121900322,0,0,0
121900323,2,2,0
121900324,1,9,-8
121900325,3,0,3
121900326,0,0,0
121900327,0,0,0
121900328,0,0,0
121900329,0,0,0
121900330,0,42,-42
121900331,26,132,-106
121900332,7,35,-28
122000001,394,1009,-615
122000002,1084,257,827
122000003,417,725,-308
122000004,346,385,-39
122000005,1730,1915,-185
122000006,288,620,-332
122000007,335,677,-342
122000008,432,1000,-568
122000009,106,99,7
122000010,1296,1386,-90
122000011,985,567,418
122000012,369,764,-395
122000013,220,779,-559
122000014,1816,481,1335
122000015,460,471,-11
122000016,242,342,-100
122000017,400,691,-291
122000018,651,586,65
122000019,311,881,-570
122000020,130,169,-39
122000021,83,175,-92
122000022,297,344,-47
122000023,137,389,-252
122000024,195,792,-597
122000025,304,603,-299
122000026,249,417,-168
122000027,393,354,39
122000028,375,310,65
122000029,106,153,-47
122000030,60,14,46
122000031,30,467,-437
122000032,875,664,211
122000033,125,547,-422
122000034,103,393,-290
122000035,80,176,-96
122000036,233,180,53
122000037,227,217,10
122000038,124,259,-135
122000039,274,213,61
122000040,124,75,49
122000041,316,540,-224
122000042,250,337,-87
122000043,55,54,1
122000044,46,108,-62
122000045,486,303,183
122000046,356,259,97
122000047,36,41,-5
122000048,1211,2352,-1141
122000049,2932,1419,1513
122000050,314,386,-72
122000051,141,429,-288
122000052,203,381,-178
122000053,115,1282,-1167
122000054,1075,1088,-13
122000055,1456,2082,-626
122000056,1498,1173,325
122000057,1192,1934,-742
122000058,381,716,-335
122000059,422,916,-494
122000060,166,217,-51
122000061,191,122,69
122000062,357,136,221
122000063,198,563,-365
122000064,1707,2742,-1035
122000065,1193,1366,-173
122000066,352,520,-168
122000067,539,1122,-583
122000068,857,927,-70
122000069,558,341,217
122000070,331,655,-324
122000071,1198,630,568
122000072,217,207,10
122000073,62,221,-159
122000074,1013,649,364
122000075,348,399,-51
122000076,1242,564,678
122000077,381,679,-298
122000078,346,830,-484
122000079,131,1293,-1162
122000080,147,172,-25
122000081,52,121,-69
122000082,119,461,-342
122000083,1432,612,820
122000084,1272,573,699
122000085,101,175,-74
122000086,983,3171,-2188
122000087,191,242,-51
122000088,145,212,-67
122000089,1354,1401,-47
122000090,109,595,-486
122000091,110,176,-66
122000092,21,26,-5
122000093,638,1698,-1060
122000094,2555,1371,1184
122000095,377,1491,-1114
122000096,324,790,-466
122000098,1301,2237,-936
122000099,268,732,-464
122000100,408,269,139
122000101,139,221,-82
122000102,784,579,205
122000103,516,694,-178
122000104,281,110,171
122000105,151,174,-23
122000106,201,591,-390
122000107,622,310,312
122000108,202,318,-116
122000109,156,209,-53
122000110,162,259,-97
122000111,1247,646,601
122000112,413,735,-322
122000113,233,152,81
122000114,569,1553,-984
122000115,1009,1067,-58
122000116,86,263,-177
122000117,192,102,90
122000118,494,90,404
122000119,551,427,124
122000120,523,744,-221
122000121,520,545,-25
122000122,148,384,-236
122000123,371,800,-429
122000124,231,155,76
122000125,70,242,-172
122000126,109,199,-90
122000127,167,130,37
122000128,246,162,84
122000129,70,441,-371
122000130,896,307,589
122000131,383,127,256
122000132,198,73,125
122000133,415,232,183
122000134,465,553,-88
122000135,224,157,67
122000136,299,162,137
122000137,969,283,686
122000139,407,1178,-771
122000140,50,385,-335
122000141,1798,554,1244
122000142,67,522,-455
122000143,233,87,146
122000144,934,283,651
122000145,422,248,174
122000146,179,712,-533
122000147,233,209,24
122000148,238,358,-120
122000149,674,200,474
122000150,946,242,704
122000151,39,109,-70
122000152,124,87,37
122000153,131,103,28
122000154,82,67,15
122000155,510,712,-202
122000156,2452,1819,633
122000157,412,2181,-1769
122000158,112,205,-93
122000159,505,261,244
122000160,1116,677,439
122000161,509,289,220
122000162,258,482,-224
122000163,100,27,73
122000164,10,24,-14
122000165,229,653,-424
122000166,235,1124,-889
122000167,88,140,-52
122000168,73,680,-607
122000169,177,103,74
122000170,91,114,-23
122000171,24,17,7
122000172,1041,902,139
122000173,1201,1114,87
122000174,506,1358,-852
122000175,242,156,86
122000176,199,994,-795
122000177,581,1021,-440
122000178,1791,1341,450
122000179,1405,1706,-301
122000180,360,605,-245
122000181,427,1149,-722
122000182,384,554,-170
122000183,597,263,334
122000184,1344,1345,-1
122000185,341,1059,-718
122000186,143,381,-238
122000187,1088,473,615
122000188,128,104,24
122000189,82,65,17
122000190,413,811,-398
122000191,152,267,-115
122000192,437,160,277
122000193,405,358,47
122000194,193,66,127
122000195,73,583,-510
122000196,458,133,325
122000197,273,374,-101
122000198,169,1002,-833
122000199,211,106,105
122000200,387,231,156
122000201,282,1448,-1166
122000202,333,1161,-828
122000203,976,379,597
122000204,496,469,27
122000205,188,306,-118
122000206,1774,612,1162
122000207,1176,802,374
122000208,1258,758,500
122000209,695,170,525
122000210,836,869,-33
122000211,439,696,-257
122000212,330,318,12
122000213,444,831,-387
122000214,929,1013,-84
122000215,1477,1419,58
122000217,699,728,-29
122000218,219,84,135
122000219,1322,311,1011
122000220,222,435,-213
122000221,224,379,-155
122000222,198,68,130
122000223,218,332,-114
122000225,296,159,137
122000226,607,587,20
122000227,43,483,-440
122000228,46,191,-145
122000229,8,209,-201
122000230,79,157,-78
122000231,154,910,-756
122000232,267,1876,-1609
122000233,0,53,-53
122000234,315,176,139
122000235,248,262,-14
122000236,838,45,793
122000237,39,39,0
122000238,151,226,-75
122000239,248,64,184
122000240,445,126,319
122000241,38,238,-200
122000242,173,149,24
122000243,8,196,-188
122000244,6,1733,-1727
122000245,18,52,-34
122000246,34,124,-90
122000247,198,989,-791
122000248,3097,228,2869
122000249,415,320,95
122000250,724,220,504
122000251,30,22,8
122000252,189,28,161
122000253,6,31,-25
122000254,215,26,189
122000255,201,318,-117
122000256,158,190,-32
122000257,128,67,61
122000258,188,189,-1
122000259,38,635,-597
122000260,52,180,-128
122000261,3,57,-54
122000262,0,13,-13
122000263,81,152,-71
122000264,913,120,793
122000265,1188,404,784
122000266,1982,200,1782
122000267,22,175,-153
122000268,164,24,140
122000269,540,80,460
122000270,237,38,199
122000271,240,495,-255
122000272,95,121,-26
122000273,133,72,61
122000274,83,170,-87
122000275,42,309,-267
122000276,768,312,456
122000277,335,1090,-755
122000278,1048,85,963
122000279,114,146,-32
122000280,251,245,6
122000281,445,178,267
122000282,46,559,-513
122000283,38,242,-204
122000284,86,39,47
122000285,339,90,249
122000286,15,143,-128
122000287,1117,1378,-261
122000288,136,163,-27
122000291,1210,266,944
122000293,61,73,-12
122000294,47,294,-247
122000295,943,153,790
122000296,45,489,-444
122000297,904,3523,-2619
122000299,298,271,27
122000300,181,303,-122
122000301,3443,2443,1000
122000302,135,1982,-1847
122000303,896,665,231
122000304,4,165,-161
122000305,1313,161,1152
122000306,57,209,-152
122000307,27,47,-20
122000309,62,61,1
122000310,7,107,-100
122000311,84,59,25
122000312,56,262,-206
122000313,4,94,-90
122000314,95,257,-162
122000315,129,6,123
122000316,904,172,732
122000317,1808,187,1621
122000318,204,1495,-1291
122000319,59,196,-137
122000320,129,380,-251
122000321,54,52,2
122000322,571,671,-100
122000323,300,811,-511
122000324,488,972,-484
122000325,334,774,-440
122000326,113,32,81
122000327,102,201,-99
122000328,232,154,78
122000330,841,711,130
122000332,174,2567,-2393
122000333,44,67,-23
122000337,653,183,470
122000338,298,145,153
122000340,20,400,-380
122000342,1997,370,1627
122000343,139,449,-310
122000344,36,3,33
122000345,40,270,-230
122000346,111,17,94
122000348,366,429,-63
122000349,14,573,-559
122000351,107,150,-43
122000352,132,50,82
122000353,33,5,28
122000355,128,289,-161
122000356,123,497,-374
122000357,34,14,20
122000358,0,2,-2
122000359,0,2,-2
122000360,0,8,-8
122000362,2,9,-7
122000364,273,141,132
122000365,0,9,-9
122000366,26,0,26
122000368,258,257,1
122000370,7,1,6
122000371,61,0,61
122000372,28,0,28
122000381,142,109,33
122000382,13,232,-219
122000384,484,527,-43
122000385,62,0,62
122000386,73,810,-737
122000387,91,737,-646
122000388,475,329,146
122000389,42,356,-314
122000390,84,311,-227
122000391,19,413,-394
122000392,96,45,51
122000393,10,631,-621
122000394,333,259,74
122000395,47,38,9
122000396,98,14,84
122000397,3,28,-25
122000398,3,97,-94
122000399,42,48,-6
122000400,2,249,-247
122000401,64,12,52
122000402,361,74,287
122000403,172,206,-34
122000404,340,69,271
122000408,119,492,-373
122000503,1,79,-78
122000524,14,50,-36
122000544,33,913,-880
122000616,84,1,83
122000640,62,27,35
122000641,55,99,-44
122000642,817,288,529
122000643,27,71,-44
122000644,16,14,2
122000645,24,80,-56
122000651,193,678,-485
122000664,87,37,50
122000665,323,212,111
122000666,127,233,-106
122000673,15,79,-64
122000674,432,123,309
122000675,1306,422,884
122000686,304,601,-297
122000687,1375,166,1209
122000688,263,249,14
122000689,885,159,726
122000690,2458,111,2347
122000691,830,325,505
122000692,963,78,885
122000693,336,446,-110
122000695,242,94,148
122000696,558,108,450
122000698,231,122,109
122000699,258,47,211
122000701,1178,195,983
122000702,205,864,-659
122000703,55,14,41
122000717,5,53,-48
122000718,24,749,-725
122000719,20,42,-22
122000720,506,60,446
122900001,8,8,0
122900002,330,3951,-3621
122900003,225,3,222
122900004,2743,98,2645
122900005,49,232,-183
122900006,45,1515,-1470
122900007,30,66,-36
122900008,60,368,-308
122900009,57,80,-23
122900010,187,92,95
122900012,169,238,-69
122900014,28,53,-25
122900015,733,270,463
122900016,37,68,-31
122900017,121,198,-77
122900018,17,4,13
122900019,4,88,-84
122900020,26,452,-426
122900021,19,218,-199
122900022,685,430,255
122900023,440,95,345
122900024,51,49,2
122900025,2,27,-25
122900026,4,11,-7
122900027,10,388,-378
122900028,49,75,-26
122900029,2601,1054,1547
122900030,479,44,435
122900031,6,184,-178
122900032,210,189,21
122900033,75,87,-12
122900034,1251,1796,-545
122900035,27,14,13
122900036,57,16,41
122900037,99,83,16
122900038,33,1060,-1027
122900039,18,278,-260
122900040,208,326,-118
122900041,85,272,-187
122900042,104,92,12
122900043,147,103,44
122900044,54,264,-210
122900045,17,132,-115
122900046,88,252,-164
122900047,62,51,11
122900048,9,180,-171
122900049,1689,98,1591
122900051,7,128,-121
122900052,62,35,27
122900053,0,14,-14
122900055,129,30,99
122900057,172,8,164
122900061,188,3,185
122900062,168,384,-216
122900063,170,84,86
122900064,644,323,321
122900065,106,140,-34
122900066,291,55,236
122900067,333,97,236
122900068,4,27,-23
122900069,152,617,-465
122900070,225,7,218
122900071,29,70,-41
122900072,23,141,-118
122900073,8,30,-22
122900074,1217,85,1132
122900075,0,22,-22
122900076,0,37,-37
122900077,0,20,-20
122900078,184,7,177
122900080,1,12,-11
122900081,137,66,71
122900082,1085,48,1037
122900083,22,35,-13
122900084,0,44,-44
122900086,2,103,-101
122900087,224,632,-408
122900088,21,120,-99
122900089,2,173,-171
122900090,0,149,-149
122900091,307,5,302
122900092,0,47,-47
122900093,0,57,-57
122900094,1,45,-44
122900095,175,18,157
122900096,519,28,491
122900097,6,11,-5
122900098,11,59,-48
122900099,77,42,35
122900100,22,556,-534
122900101,45,81,-36
123000001,416,291,125
123000002,1523,4022,-2499
123000003,2832,1978,854
123000004,1313,2026,-713
123000005,2250,1242,1008
123000006,1238,1441,-203
123000007,1217,1243,-26
123000008,924,1696,-772
123000009,2496,2423,73
123000010,1506,2280,-774
123000011,752,677,75
123000012,166,1049,-883
123000013,2614,437,2177
123000014,236,1468,-1232
123000015,1574,506,1068
123000016,1905,1846,59
123000017,3986,1761,2225
123000018,72,40,32
123000019,459,8,451
123000020,380,11,369
123000021,239,270,-31
123000022,539,1131,-592
123000023,1848,1635,213
123000024,916,627,289
123000025,2,84,-82
123000026,0,233,-233
123000027,3,482,-479
123000028,84,3138,-3054
123000029,67,1376,-1309
123000030,161,71,90
123000031,579,85,494
123000032,770,141,629
123000033,189,96,93
123000034,537,470,67
123000035,327,284,43
123000036,104,527,-423
123000037,104,141,-37
123000038,84,120,-36
123000039,445,1091,-646
123000040,547,110,437
123000041,177,497,-320
123000042,175,354,-179
123000043,848,7154,-6306
123000044,2236,1154,1082
123000045,2027,875,1152
123000046,112,510,-398
123000047,224,461,-237
123000048,84,1444,-1360
123000049,3066,5142,-2076
123000050,1155,774,381
123000051,22,85,-63
123000052,333,1192,-859
123000053,1065,1294,-229
123000054,942,1526,-584
123000055,1579,2932,-1353
123000056,400,439,-39
123000057,2271,2755,-484
123000058,233,750,-517
123000059,71,248,-177
123000060,532,222,310
123000061,93,366,-273
123000063,687,493,194
123000064,981,85,896
123000065,2218,1577,641
123000066,129,235,-106
123000067,289,232,57
123000068,818,657,161
123000069,2136,535,1601
123000070,66,223,-157
123000071,1255,330,925
123000072,580,268,312
123000073,1565,398,1167
123000074,356,395,-39
123000075,174,994,-820
123000076,481,161,320
123000077,920,614,306
123000078,1605,436,1169
123000079,1598,544,1054
123000080,1375,340,1035
123000081,48,97,-49
123000082,108,581,-473
123000083,630,80,550
123000084,611,137,474
123000085,306,35,271
123000086,653,59,594
123000087,206,121,85
123000088,643,291,352
123000089,443,453,-10
123000090,864,462,402
123000091,759,476,283
123000092,466,456,10
123000094,531,73,458
123000095,565,249,316
123000096,477,194,283
123000097,417,430,-13
123000098,379,244,135
123000099,312,252,60
123000100,121,589,-468
123000101,462,205,257
123000102,186,546,-360
123000104,114,177,-63
123000105,209,53,156
123000106,362,135,227
123000107,275,47,228
123000108,297,514,-217
123000111,560,60,500
123000112,833,146,687
123000113,291,243,48
123000114,215,316,-101
123000115,131,169,-38
123000116,27,40,-13
123000117,1402,634,768
123000118,263,251,12
123000119,141,256,-115
123000120,179,190,-11
123000121,309,284,25
123000122,147,99,48
123000123,325,160,165
123000124,200,96,104
123000125,914,605,309
123000126,611,2033,-1422
123000127,232,298,-66
123000128,153,108,45
123000129,914,53,861
123000130,527,22,505
123000131,1271,347,924
123000132,118,205,-87
123000133,82,48,34
123000134,202,18,184
123000135,1623,279,1344
123000136,113,167,-54
123000137,44,94,-50
123000138,31,173,-142
123000139,431,32,399
123000140,14,204,-190
123000141,291,39,252
123000142,687,472,215
123000143,313,815,-502
123000144,2,72,-70
123000145,120,264,-144
123000146,34,139,-105
123000147,47,308,-261
123000149,153,154,-1
123000150,13,103,-90
123000151,90,282,-192
123000152,9,109,-100
123000153,20,690,-670
123000154,567,1121,-554
123000155,845,930,-85
123000156,20,28,-8
123000157,267,419,-152
123000158,179,389,-210
123000159,845,2253,-1408
123000160,385,648,-263
123000161,827,683,144
123000162,964,1173,-209
123000163,610,96,514
123000164,1515,75,1440
123000165,86,689,-603
123000166,12,80,-68
123000167,101,45,56
123000168,128,143,-15
123000169,699,35,664
123000170,65,96,-31
123000171,958,4,954
123000172,87,195,-108
123000173,417,125,292
123000174,446,240,206
123000175,103,304,-201
123000176,441,121,320
123000177,130,368,-238
123000178,682,150,532
123000179,10,433,-423
123000180,1083,104,979
123000181,163,336,-173
123000182,194,116,78
123000183,59,183,-124
123000184,18,362,-344
123000185,747,245,502
123000186,18,127,-109
123000187,540,6,534
123000188,317,2,315
123000189,235,112,123
123000190,17,74,-57
123000192,0,90,-90
123000193,10,123,-113
123000194,96,89,7
123000195,249,2,247
123000196,402,10,392
123000197,57,95,-38
123000198,54,250,-196
123000199,34,154,-120
123000200,608,14,594
123000201,976,23,953
123000202,1,268,-267
123000203,772,7,765
123000204,74,309,-235
123000205,73,458,-385
123000206,2362,94,2268
123000207,52,256,-204
123000208,496,35,461
123000209,1335,225,1110
123000210,74,371,-297
123000211,168,649,-481
123000212,3103,186,2917
123000213,288,65,223
123000215,26,109,-83
123000216,166,466,-300
123000217,83,36,47
123000218,46,180,-134
123000219,374,53,321
123000220,235,31,204
123000221,70,63,7
123000222,298,190,108
123000223,479,70,409
123000224,454,105,349
123000225,225,23,202
123000226,94,74,20
123000227,90,50,40
123000228,301,56,245
123000229,249,267,-18
123000232,6,92,-86
123000233,766,48,718
123000234,84,136,-52
123000235,932,162,770
123000236,112,195,-83
123000237,515,96,419
123000238,18,77,-59
123000239,176,264,-88
123000240,35,459,-424
123000241,146,17,129
123000242,281,92,189
123000243,425,497,-72
123000244,426,195,231
123000245,4,22,-18
123000249,155,307,-152
123000252,550,118,432
123000253,1281,320,961
123000254,386,226,160
123000255,414,224,190
123000256,2,64,-62
123000257,727,498,229
123000258,449,324,125
123000259,371,192,179
123000260,506,93,413
123000261,233,81,152
123000262,44,10,34
123000263,426,15,411
123000264,172,69,103
123000265,12,18,-6
123000266,215,168,47
123000267,570,156,414
123000268,16,3,13
123000269,33,44,-11
123000270,26,24,2
123000271,13,3,10
123000272,480,212,268
123000273,143,1039,-896
123000274,969,391,578
123000275,71,237,-166
123000278,708,1629,-921
123000279,42,33,9
123000280,177,140,37
123000281,124,38,86
123000282,25,116,-91
123000283,219,18,201
123000284,10,34,-24
123000286,65,203,-138
123000287,70,146,-76
123000288,493,1050,-557
123000289,80,1057,-977
123000291,67,259,-192
123000294,104,140,-36
123000295,620,1224,-604
123000296,617,757,-140
123000297,74,119,-45
123000298,94,86,8
123000299,18,110,-92
123000300,714,317,397
123000301,68,214,-146
123000302,255,66,189
123000303,47,549,-502
123000305,271,299,-28
123000306,204,30,174
123000309,6,7,-1
123000310,47,8,39
123000311,0,166,-166
123000312,138,211,-73
123000313,456,170,286
123000315,383,79,304
123000316,394,12,382
123000317,64,110,-46
123000318,2,149,-147
123000329,8,9,-1
123000337,143,193,-50
123000338,62,235,-173
123000339,395,35,360
123000340,17,141,-124
123000342,0,226,-226
123000343,60,1,59
123000344,326,167,159
123000345,130,264,-134
123000346,244,37,207
123000352,380,349,31
123000353,59,230,-171
123000354,462,17,445
123000355,2,758,-756
123000356,331,5,326
123000357,1,53,-52
123000359,1,44,-43
123000360,104,183,-79
123000361,601,78,523
123000362,324,26,298
123000363,152,31,121
123000364,273,172,101
123000365,3,79,-76
123000366,181,1174,-993
123000367,126,175,-49
123000370,2,38,-36
123000371,595,11,584
123000372,201,4,197
123000373,0,47,-47
123000374,0,21,-21
123000375,270,48,222
123000376,709,452,257
123000377,649,2,647
123000378,0,119,-119
123000379,1,156,-155
123000380,2,61,-59
123000381,73,245,-172
123000382,594,115,479
123000383,69,180,-111
123000384,520,87,433
123000385,34,72,-38
123000436,27,819,-792
123000507,9,85,-76
123000508,66,1015,-949
123000517,77,1,76
123000518,6,63,-57
123000519,67,14,53
123000520,13,56,-43
123000521,306,40,266
123000522,80,118,-38
123000541,18,6,12
123000542,0,0,0
123000565,421,10,411
123000566,252,311,-59
123000567,171,190,-19
123000573,2,27,-25
123000574,697,37,660
123000575,2075,58,2017
123000576,803,285,518
123000577,37,201,-164
123000578,269,92,177
123000579,583,3259,-2676
123000580,104,38,66
123000582,444,2,442
123000583,4,104,-100
123000584,116,70,46
123000585,0,16,-16
123000586,95,3,92
123000596,33,23,10
123000597,63,101,-38
123000602,93,29,64
123000603,1381,136,1245
123000604,336,55,281
123000605,319,76,243
123000606,0,127,-127
123000609,22,167,-145
123000610,24,24,0
123000613,32,60,-28
123000614,327,65,262
123000615,1,31,-30
123000616,939,69,870
123000617,29,126,-97
123000618,3,472,-469
123000619,344,6,338
123000620,2,147,-145
123000622,587,0,587
123000624,195,7,188
123000630,1318,296,1022
123000631,38,255,-217
123000632,236,206,30
123000633,0,118,-118
123000634,6,146,-140
123000635,18,61,-43
123000636,8,130,-122
123000637,40,54,-14
123000638,245,30,215
123000639,624,3967,-3343
123000640,11,97,-86
123900001,780,42,738
123900002,16,637,-621
123900003,23,393,-370
123900005,150,177,-27
123900006,277,111,166
124000001,1430,114,1316
124000002,3,337,-334
124000003,1076,146,930
124000004,5,118,-113
124000005,894,1080,-186
124000006,45,165,-120
124000007,566,69,497
124000008,47,426,-379
124000009,600,394,206
124000010,118,495,-377
124000011,752,440,312
124000012,129,694,-565
124000017,155,62,93
124000018,0,3,-3
124000019,190,27,163
124000020,2,2,0
124000021,80,18,62
124000022,5,9,-4
124000023,707,1060,-353
124000024,618,220,398
124000025,620,967,-347
124000026,723,902,-179
124000027,2173,1425,748
124000028,1195,3835,-2640
124000030,840,386,454
124000031,638,6216,-5578
124000032,623,253,370
124000033,240,365,-125
124000034,1600,548,1052
124000035,3,183,-180
124000036,8,324,-316
124000037,75,456,-381
124000038,0,15,-15
124000039,145,88,57
124000040,41,334,-293
124000041,509,62,447
124000042,149,92,57
124000043,53,25,28
124000044,29,48,-19
124000045,853,72,781
124000046,106,369,-263
124000047,1676,182,1494
124000048,401,268,133
124000049,1524,147,1377
124000050,417,404,13
124000051,1080,90,990
124000052,334,340,-6
124000053,556,1401,-845
124000054,395,80,315
124000055,665,2420,-1755
124000056,958,201,757
124000057,1037,151,886
124000058,242,331,-89
124000059,677,664,13
124000060,198,272,-74
124000061,715,3282,-2567
124000062,1069,622,447
124000063,783,455,328
124000064,702,527,175
124000065,23,224,-201
124000066,1434,165,1269
124000067,170,796,-626
124000068,0,0,0
124000069,193,56,137
124000070,0,0,0
124000071,57,50,7
124000072,57,62,-5
124000073,572,42,530
124000074,81,88,-7
124000075,493,42,451
124000076,0,0,0
124000077,162,583,-421
124000078,452,428,24
124000079,53,504,-451
124000080,561,26,535
124000081,44,57,-13
124000082,58,101,-43
124000083,7,20,-13
124000084,15,361,-346
124000085,15,18,-3
124000086,32,247,-215
124000087,54,92,-38
124000088,137,138,-1
124000089,380,98,282
124000090,47,168,-121
124000091,295,31,264
124000092,41,142,-101
124000093,82,122,-40
124000094,94,169,-75
124000095,122,26,96
124000096,142,65,77
124000097,99,51,48
124000098,57,80,-23
124000099,75,28,47
124000100,51,23,28
124000101,98,99,-1
124000102,32,14,18
124000103,103,59,44
124000104,99,57,42
124000105,106,52,54
124000106,48,24,24
124000107,18,174,-156
124000108,15,17,-2
124000109,105,30,75
124000110,38,38,0
124000111,135,43,92
124000112,553,277,276
124000113,125,74,51
124000114,338,300,38
124000115,243,488,-245
124000116,49,100,-51
124000117,13,13,0
124000118,7,42,-35
124000119,442,265,177
124000120,309,160,149
124000121,423,401,22
124000122,174,973,-799
124000123,372,83,289
124000124,272,195,77
124000125,315,106,209
124000126,166,110,56
124000127,862,119,743
124000128,412,251,161
124000129,793,516,277
124000130,96,142,-46
124000131,387,292,95
124000132,137,235,-98
124000133,791,403,388
124000134,330,184,146
124000135,1020,1029,-9
124000136,116,283,-167
124000137,323,270,53
124000138,268,430,-162
124000139,111,34,77
124000140,3,300,-297
124000141,21,63,-42
124000142,5,1197,-1192
124000143,44,9,35
124000144,2,147,-145
124000145,141,27,114
124000146,10,45,-35
124000148,13,44,-31
124000149,601,159,442
124000150,172,238,-66
124000151,700,165,535
124000152,218,332,-114
124000153,783,505,278
124000154,505,256,249
124000155,481,252,229
124000156,380,369,11
124000169,49,248,-199
124000170,333,135,198
124000171,187,159,28
124000172,79,158,-79
124000173,493,133,360
124000174,288,259,29
124000175,0,0,0
124000176,45,31,14
124000177,0,0,0
124000178,5,106,-101
124000190,14,34,-20
124000191,11,68,-57
124000192,580,510,70
124000193,69,1621,-1552
124000194,81,197,-116
124000195,255,195,60
124000196,239,371,-132
124000197,24,10,14
124000198,46,24,22
124000201,29,255,-226
124000202,460,32,428
124000203,677,87,590
124000204,1171,59,1112
124000205,135,21,114
124000206,1146,155,991
124000207,0,24,-24
124000209,159,33,126
124000210,1079,195,884
124000211,1048,8,1040
124000212,0,74,-74
124000213,605,96,509
124000214,516,47,469
124000215,655,17,638
124000216,4,133,-129
124000329,15,302,-287
124000338,7,203,-196
124000339,1981,11,1970
124000341,1907,27,1880
124000344,99,60,39
124000357,864,1583,-719
124000358,601,1339,-738
124000359,1044,424,620
124000360,1226,378,848
124000361,1327,919,408
124000362,958,1784,-826
124000363,209,153,56
124000364,325,510,-185
124000365,327,474,-147
124000366,991,546,445
124000367,17,90,-73
124000368,133,688,-555
124000369,62,79,-17
124000370,16,643,-627
124000402,5,13,-8
124000403,132,47,85
124000404,22,12,10
124000405,367,224,143
124000406,283,87,196
124000407,1,14,-13
124000411,4,152,-148
124000412,325,0,325
124000413,23,73,-50
124000414,128,27,101
124000415,87,55,32
124000416,172,72,100
124000417,155,25,130
124000418,158,1,157
124000419,137,17,120
124000420,122,5,117
124000421,58,40,18
124000422,4,41,-37
124000423,67,13,54
124000424,8,139,-131
124000425,10,28,-18
124000426,7,483,-476
124000427,28,0,28
124000428,1,177,-176
124000429,111,41,70
124000430,366,151,215
124000431,156,96,60
124000432,201,530,-329
124000439,2,9,-7
124000442,0,1,-1
124000443,0,0,0
124000445,29,466,-437
124000446,150,73,77
124900001,475,37,438
124900002,77,47,30
124900003,484,57,427
124900004,440,39,401
124900005,148,32,116
124900006,446,25,421
124900008,107,158,-51
124900009,13,574,-561
124900010,280,88,192
124900011,873,131,742
124900012,267,51,216
124900013,305,28,277
124900014,189,43,146
124900015,122,446,-324
124900016,77,156,-79
124900017,1375,2573,-1198
124900018,87,4,83
124900019,308,3,305
124900020,180,23,157
124900021,210,43,167
124900022,77,0,77
124900024,336,0,336
124900026,25,0,25
124900027,55,76,-21
124900028,155,18,137
124900029,13,261,-248
124900030,0,10,-10
124900031,27,138,-111
124900032,29,42,-13
124900033,15,39,-24
124900034,21,42,-21
124900035,17,61,-44
124900036,1,24,-23
124900037,43,33,10
124900038,68,44,24
124900039,0,8,-8
124900040,50,11,39
124900041,153,96,57
124900042,4,0,4
124900043,189,93,96
124900044,19,0,19
124900045,180,255,-75
124900046,208,137,71
124900047,7,50,-43
124900048,147,31,116
124900050,117,31,86
124900052,22,99,-77
124900053,52,51,1
124900054,384,129,255
124900055,0,8,-8
124900057,1,3,-2
124900060,1,26,-25
124900061,119,1,118
124900062,174,2,172
124900066,0,1,-1
124900067,3,2,1
124900068,71,714,-643
124900069,0,32,-32
124900070,7,3,4
124900072,272,24,248
124900074,247,1534,-1287
124900075,194,76,118
124900076,7,498,-491
124900077,4,30,-26
124900078,85,5,80
124900079,76,67,9
124900080,119,71,48
124900081,695,38,657
124900082,130,71,59
124900083,191,101,90
124900084,385,21,364
124900085,127,118,9
124900086,6,305,-299
124900087,48,20,28
124900088,35,22,13
124900089,116,5,111
124900090,397,74,323
124900091,75,92,-17
124900092,70,49,21
124900093,534,86,448
124900094,630,73,557
124900095,75,518,-443
124900096,210,149,61
124900097,401,11,390
124900098,32,110,-78
124900099,125,166,-41
124900100,195,10,185
124900101,46,21,25
124900102,205,4,201
124900103,24,20,4
124900104,28,42,-14
124900105,14,17,-3
124900106,229,26,203
124900107,119,5,114
124900108,62,48,14
124900109,17,133,-116
124900110,252,109,143
124900111,0,15,-15
124900112,84,76,8
129000186,58,203,-145
204000001,30,20,10
204000002,7,10,-3
204000003,34,0,34
204000004,2,5,-3
204000005,311,173,138
204000006,865,792,73
204000008,401,117,284
204000011,0,0,0
204000012,0,2,-2
204000013,0,5,-5
204000019,927,234,693
204000020,596,130,466
204000021,506,517,-11
204000022,995,497,498
204000023,160,321,-161
204000031,7,13,-6
204000032,197,55,142
204000034,0,27,-27
204000035,0,2,-2
204000036,0,5,-5
204000037,1,13,-12
204000038,0,23,-23
204000039,11,43,-32
204000040,18,28,-10
204000041,17,42,-25
204000042,13,11,2
204000043,10,1,9
204000044,35,2,33
204000045,70,1,69
204000046,62,2,60
204000057,1,26,-25
204000062,2,61,-59
204000068,0,69,-69
204000069,1,48,-47
204000070,101,14,87
204000080,19,8,11
204000085,389,354,35
204000086,517,521,-4
204000087,39,5,34
204000088,0,0,0
204000090,2,14,-12
204000093,489,33,456
204000096,907,224,683
204000097,551,3,548
204000099,774,1278,-504
204000100,1344,473,871
204000105,343,352,-9
204000110,113,320,-207
204000111,176,245,-69
204000112,111,141,-30
204000113,126,181,-55
204000114,642,766,-124
204000115,478,187,291
204000116,324,107,217
204000119,2007,638,1369
204000132,461,314,147
204000133,536,76,460
204000134,129,44,85
204000135,453,40,413
204000136,399,131,268
204000138,246,498,-252
204000140,207,85,122
204000141,118,34,84
204000144,2,26,-24
204000145,373,13,360
204000146,1,7,-6
204000147,7,48,-41
204000148,50,31,19
204000154,26,3,23
204000155,0,2,-2
204000177,41,4,37
204000179,1,7,-6
204000180,0,5,-5
204000222,14,27,-13
204000235,9,19,-10
204000236,13,14,-1
204000238,11,9,2
204000240,198,18,180
204000308,30,12,18
204000317,3,25,-22
204000322,8,16,-8
204000323,5,0,5
204000328,322,8,314
204000329,21,41,-20
204000330,95,28,67
204000331,0,0,0
204010341,2,73,-71
205000001,86,226,-140
205000013,1,6,-5
205000014,7,9,-2
205000015,10,9,1
205000016,21,17,4
205000017,9,9,0
205000022,91,149,-58
205000025,182,92,90
205000029,543,5,538
205000045,88,75,13
205000047,40,24,16
205000048,165,45,120
205000049,21,32,-11
205000050,65,25,40
205000059,0,27,-27
205000060,0,35,-35
205000061,0,104,-104
205000062,0,86,-86
205000063,12,144,-132
205000064,5,38,-33
205000065,24,204,-180
205000066,59,43,16
205000067,43,101,-58
205000069,96,9,87
205000082,31,101,-70
205000110,5,13,-8
205000111,16,22,-6
205000112,103,81,22
205000113,19,24,-5
205000121,112,89,23
205000123,10,23,-13
205000126,379,82,297
205000127,388,77,311
205000128,290,77,213
205000129,533,100,433
205000130,271,25,246
205000131,15,24,-9
205000132,39,20,19
205000133,430,7,423
205000134,262,0,262
205000137,21,16,5
205000138,26,15,11
205000139,13,11,2
205000144,11,26,-15
205000145,100,46,54
205000151,44,49,-5
205000152,46,39,7
205000153,124,59,65
205000154,40,40,0
205000155,25,31,-6
205000207,0,0,0
205000233,38,29,9
205000234,0,0,0
205000243,0,7,-7
205000244,0,2,-2
205000245,0,14,-14
205000249,0,18,-18
205000250,1,1,0
205000251,40,27,13
205000264,0,6,-6
206000027,2,11,-9
206000028,3,6,-3
206000043,7,26,-19
206000053,0,1,-1
206000054,0,3,-3
206000055,0,3,-3
206000075,8,20,-12
206000076,13,3,10
206000077,74,2,72
206000078,15,0,15
206000079,28,0,28
206000082,326,125,201
206000100,2,127,-125
206000103,0,0,0
206000104,0,0,0
206000105,0,0,0
206000106,0,0,0
206000108,525,39,486
206000125,209,0,209
206000157,0,72,-72
206000170,0,101,-101
206000171,9,95,-86
206000172,9,105,-96
206000173,0,62,-62
206000174,10,28,-18
206000175,0,22,-22
206000176,19,47,-28
206000177,0,29,-29
206000178,0,79,-79
206000179,0,34,-34
206000180,2,33,-31
206000181,0,34,-34
206000182,2,42,-40
206000183,19,76,-57
206000184,1,34,-33
206000185,2,18,-16
206000186,10,166,-156
206000223,1,62,-61
206000226,21,0,21
206000227,39,7,32
206000237,16,48,-32
206000238,3,111,-108
206000239,63,481,-418
206000240,0,0,0
206000241,0,77,-77
206000242,3,41,-38
206000243,0,36,-36
206000244,7,61,-54
206000245,2423,34,2389
206000246,727,14,713
206000247,917,2,915
206000248,814,7,807
206000252,34,49,-15
206000258,0,0,0
206000315,34,2,32
206000317,603,238,365
206000318,815,78,737
206000319,3851,57,3794
206000320,1264,25,1239
206000321,1260,25,1235
206000322,1749,4,1745
206000323,581,2,579
206000324,581,1,580
206000325,409,10,399
206000326,443,34,409
206000327,32,1,31
206000328,431,5,426
206000329,991,7,984
206000330,144,10,134
206000331,483,1,482
206000332,78,2,76
206000333,1896,1,1895
206000334,893,2,891
206000335,0,6,-6
206000361,0,15,-15
206000392,0,13,-13
206000405,174,0,174
206000441,152,44,108
206000498,40,2,38
206000515,32,39,-7
206000530,563,37,526
206000531,278,224,54
206000532,828,123,705
206000535,23,453,-430
206000536,1,49,-48
206000537,3,66,-63
206000613,1336,355,981
207000001,29,162,-133
207000002,32,91,-59
207000003,10,65,-55
207000007,1771,132,1639
207000008,367,2,365
207000009,74,8,66
207000010,55,119,-64
207000012,501,57,444
207000015,29,259,-230
207000019,219,14,205
207000021,282,163,119
207000022,175,138,37
207000023,259,29,230
207000024,4,23,-19
207000025,17,25,-8
207000026,0,0,0
207000027,0,0,0
207000028,2,62,-60
207000029,5,108,-103
207000033,199,181,18
207000034,213,41,172
207000039,669,21,648
207000040,922,32,890
207000041,102,19,83
207000042,555,14,541
207000043,242,62,180
207000051,11,18,-7
207000052,0,19,-19
207000053,107,161,-54
207000054,9,29,-20
207000055,29,51,-22
207000056,105,144,-39
207000057,31,68,-37
207000058,49,109,-60
207000059,55,138,-83
207000060,12,131,-119
207000061,65,889,-824
207000062,463,19,444
207000063,503,41,462
207000064,400,52,348
207000065,332,82,250
207000066,446,92,354
207000067,93,23,70
207000068,197,35,162
207000069,525,128,397
207000082,8,56,-48
207000083,5,167,-162
207000084,511,105,406
207000085,333,47,286
207000086,595,3,592
207000106,99,12,87
207000107,195,3,192
207000108,204,2,202
207000109,120,4,116
207000110,52,3,49
207000111,64,6,58
207000112,43,144,-101
207000114,0,0,0
207000115,0,0,0
207000116,0,4,-4
207000117,0,1,-1
207000118,0,5,-5
207000119,1,2,-1
207000123,290,0,290
207000124,155,5,150
207000125,24,0,24
207000126,80,0,80
207000134,270,48,222
207000135,52,94,-42
207000148,34,199,-165
207000149,0,1,-1
207000152,3,183,-180
207000153,43,315,-272
207000154,221,63,158
207000159,5,12,-7
207000160,1,31,-30
207000238,0,0,0
207000242,0,0,0
207000248,0,0,0
207000249,1,0,1
207000250,0,0,0
207000251,0,0,0
207000252,0,0,0
207000278,119,52,67
207000279,0,21,-21
207000280,1050,31,1019
207000281,21,288,-267
207000282,49,475,-426
207000283,4,86,-82
207000284,42,1326,-1284
207000285,42,59,-17
207000291,0,4,-4
207000304,46,28,18
207000306,5,193,-188
207000310,221,32,189
207000353,56,0,56
207000356,1,11,-10
207000357,2,29,-27
207000415,0,0,0
207000417,22,1,21
207000437,0,5,-5
207000439,192,110,82
207000446,47,0,47
207000460,107,7,100
207000466,1,3,-2
207000476,0,32,-32
207000477,213,47,166
207000523,0,0,0
207000524,11,0,11
207000527,158,39,119
207000530,285,6,279
207000531,137,0,137
207000532,37,7,30
207000534,52,17,35
207000535,0,3,-3
207000537,0,0,0
207000540,0,0,0
207000541,0,0,0
207000548,0,0,0
207000549,89,4,85
207000561,87,81,6
207000562,0,0,0
207000567,14,84,-70
207000568,251,21,230
207000569,831,118,713
207000584,0,0,0
207000585,9,92,-83
207000616,0,35,-35
207000617,204,0,204
207900008,768,49,719
208000001,323,587,-264
208000002,466,537,-71
208000003,475,281,194
208000004,605,341,264
208000005,0,0,0
208000019,885,243,642
208000020,199,139,60
208000021,145,170,-25
208000022,333,180,153
208000028,327,923,-596
208000033,205,106,99
208000034,223,555,-332
208000040,215,54,161
208000041,605,256,349
208000042,804,263,541
208000047,60,78,-18
208000064,1212,948,264
208000066,727,602,125
208000070,563,336,227
208000071,578,209,369
208000072,696,283,413
208000080,161,239,-78
208000081,241,39,202
208000082,92,40,52
208000083,101,47,54
208000084,3,72,-69
208000085,163,85,78
208000086,205,168,37
208000087,195,224,-29
208000089,423,74,349
208000090,318,180,138
208000093,7,63,-56
208000094,133,201,-68
208000095,475,291,184
208000104,1212,237,975
208000105,640,394,246
208000114,45,334,-289
208000115,374,235,139
208000116,1124,1072,52
208000117,12,45,-33
208000118,112,151,-39
208000155,316,273,43
208000158,595,1230,-635
208000186,603,1005,-402
208000204,400,528,-128
208000205,737,351,386
208000282,480,339,141
209000004,635,122,513
209000005,111,40,71
209000006,320,84,236
209000007,225,304,-79
209000010,0,0,0
209000011,0,0,0
209000012,10,40,-30
209000013,26,24,2
209000014,35,52,-17
209000025,673,29,644
209000026,1432,88,1344
209000027,57,35,22
209000028,28,28,0
209000029,73,31,42
209000030,59,54,5
209000031,249,190,59
209000034,128,173,-45
209000035,227,134,93
209000036,355,49,306
209000037,616,102,514
209000038,257,44,213
209000039,79,46,33
209000040,273,202,71
209000041,195,145,50
209000042,210,117,93
209000043,295,166,129
209000044,343,252,91
209000045,335,115,220
209000046,389,145,244
209000047,226,86,140
209000048,408,381,27
209000049,20,10,10
209000050,85,26,59
209000051,49,21,28
209000052,31,20,11
209000062,0,0,0
209000063,1,0,1
209000064,1,2,-1
209000065,345,28,317
209000066,163,30,133
209000067,250,17,233
209000080,0,21,-21
209000082,134,34,100
209000091,0,0,0
209000093,0,0,0
209000094,0,0,0
209000110,28,64,-36
209000111,399,1943,-1544
209000112,1474,384,1090
209000113,2399,403,1996
209000114,1066,311,755
209000115,9,14,-5
209000116,36,54,-18
209000118,7,64,-57
209000119,0,0,0
209000121,11,69,-58
209000135,57,64,-7
209000142,487,1952,-1465
209000143,0,0,0
209000144,59,166,-107
209000229,155,42,113
209000240,13,18,-5
209000259,10,3,7
209000260,9,200,-191
209000261,4,279,-275
209000262,0,219,-219
209000263,0,51,-51
209000264,1,69,-68
209000265,223,45,178
209000266,105,0,105
209000267,1034,5,1029
209000268,229,91,138
210000037,155,26,129
210000047,67,7,60
210000048,89,18,71
210000049,65,5,60
210000052,14,6,8
210000053,6,3,3
210000054,16,11,5
210000070,76,10,66
210000071,112,4,108
210000072,50,0,50
210000073,0,0,0
210000074,0,0,0
210000075,0,0,0
210000076,0,3,-3
210000077,1,21,-20
210000078,2,50,-48
210000079,11,25,-14
210000080,83,156,-73
210000081,149,4,145
210000082,20,0,20
210000083,42,1,41
210000084,77,0,77
210000085,0,3,-3
210000086,0,1,-1
210000099,0,7,-7
210000100,8,6,2
210000101,3,12,-9
210000105,0,26,-26
210000159,0,4,-4
210000163,4,13,-9
210000164,317,106,211
210000168,168,18,150
210000187,0,0,0
210000188,0,0,0
210000214,18,0,18
210000219,170,33,137
210000220,134,24,110
210000232,0,0,0
210000233,2,3,-1
210000234,1,0,1
210000235,5,3,2
210000245,0,1,-1
210000246,56,0,56
210000258,0,5,-5
210000259,184,27,157
210000282,0,8,-8
210000285,0,1,-1
210000286,0,8,-8
210000295,7,22,-15
210000296,10,7,3
210000320,209,12,197
210000321,169,11,158
210000338,13,9,4
210000339,11,62,-51
210000340,2,17,-15
210000341,32,16,16
210000342,53,21,32
210000343,44,25,19
210000344,14,23,-9
210000345,6,30,-24
210000346,2,21,-19
210000347,1,19,-18
210000348,14,12,2
210000349,3,4,-1
210000350,31,11,20
210000351,35,10,25
210000352,44,22,22
210000353,43,26,17
210000354,15,25,-10
210000355,33,80,-47
210000356,56,78,-22
210000357,17,104,-87
210000358,112,143,-31
210000359,100,99,1
210000360,165,137,28
210000361,200,85,115
210000362,310,82,228
210000363,439,95,344
210000364,189,65,124
210000365,139,38,101
210000366,227,23,204
210000367,66,13,53
210000368,113,34,79
210000369,40,40,0
210000370,91,45,46
210000372,50,7,43
210000373,13,18,-5
210000374,79,34,45
210000375,39,21,18
210000376,14,91,-77
210000404,2,5,-3
210000439,61,23,38
210000472,19,0,19
210000482,143,66,77
210000564,264,99,165
210000568,205,0,205
211000092,45,34,11
211000094,51,18,33
211000169,205,4,201
211000172,21,363,-342
211000209,0,15,-15
211000275,34,15,19
211000276,128,10,118
211000279,20,14,6
211000281,80,10,70
211507980,0,7,-7
211977296,14,1,13
212000003,205,67,138
212000004,0,26,-26
212000005,4,91,-87
212000006,11,47,-36
212000008,66,91,-25
212000009,10,20,-10
212000012,25,15,10
212000013,8,2,6
212000014,78,29,49
212000015,85,49,36
212000016,175,133,42
212000027,387,168,219
212000028,380,237,143
212000029,194,228,-34
212000030,26,26,0
212000031,19,32,-13
212000048,3,147,-144
212000049,3,97,-94
212000050,13,0,13
212000051,91,27,64
212000052,78,33,45
212000053,51,105,-54
212000054,541,32,509
212000055,530,47,483
212000056,27,35,-8
212000057,7,21,-14
212000058,190,24,166
212000070,70,31,39
212000077,51,90,-39
212000099,401,71,330
212000108,306,138,168
212000111,392,52,340
212000120,26,55,-29
212000138,48,9,39
212000156,0,16,-16
212000158,0,78,-78
212000159,646,43,603
212000160,572,80,492
212000161,142,2,140
212000310,18,6,12
212000311,14,68,-54
212000374,5,0,5
213000001,9,236,-227
213000005,502,20,482
213000006,641,63,578
213000007,68,16,52
213000009,143,107,36
213000010,298,53,245
213000011,112,44,68
213000012,105,153,-48
213000014,82,19,63
213000015,201,6,195
213000016,233,3,230
213000017,20,0,20
213000018,1,9,-8
213000019,0,33,-33
213000020,91,53,38
213000021,0,36,-36
213000023,252,144,108
213000033,214,522,-308
213000034,365,133,232
213000035,146,257,-111
213000045,87,108,-21
213000046,47,61,-14
213000047,81,538,-457
213000056,144,3,141
213000069,45,3,42
213000073,0,46,-46
213000074,100,173,-73
213000075,499,0,499
213000085,0,7,-7
213000086,0,27,-27
213000091,317,15,302
213000092,3,0,3
213000099,84,499,-415
213000100,409,186,223
213000101,468,50,418
213000102,533,112,421
213000103,277,215,62
213000104,15,192,-177
213000105,53,962,-909
213000106,8,73,-65
213000107,85,235,-150
213000108,9,163,-154
213000109,6,114,-108
213000110,10,55,-45
213000111,1,72,-71
213000112,20,254,-234
213000115,62,1,61
213000116,9,98,-89
213000117,0,122,-122
213000118,996,209,787
213000119,7,177,-170
213000120,12,128,-116
213000122,58,191,-133
213000123,32,282,-250
213000124,71,331,-260
213000125,172,31,141
213000126,14,18,-4
213000127,2,46,-44
213000128,56,291,-235
213000129,256,863,-607
213000130,1009,311,698
213000132,889,89,800
213000133,685,50,635
213000134,716,3,713
213000136,506,7,499
213000137,590,15,575
213000139,105,1,104
213000147,10,6,4
213000148,22,5,17
213000149,1,7,-6
213000150,1,163,-162
213000151,0,155,-155
213000152,1,148,-147
213000153,0,88,-88
213000154,40,112,-72
213000155,64,124,-60
213000156,89,195,-106
213000157,700,136,564
213000158,486,280,206
213000159,866,164,702
213000163,1791,139,1652
213000165,620,123,497
213000171,0,4,-4
213000172,0,14,-14
213000173,0,5,-5
213000174,0,18,-18
213000175,0,23,-23
213000176,337,52,285
213000177,432,2,430
213000178,378,0,378
213000179,321,0,321
213000180,469,0,469
213000184,42,149,-107
213000188,972,51,921
213000189,699,27,672
213000190,663,131,532
213000191,678,44,634
213000192,167,49,118
213000193,214,108,106
213000194,0,135,-135
213000195,27,196,-169
213000196,183,691,-508
213000197,465,277,188
213000198,18,0,18
213000200,111,278,-167
213000201,6,40,-34
213000202,9,163,-154
213000203,798,193,605
213000204,781,11,770
213000205,482,27,455
213000206,263,1,262
213000207,15,0,15
213000208,22,0,22
213000209,46,6,40
213000210,99,0,99
213000211,0,8,-8
213000212,1,37,-36
213000213,5,12,-7
213000218,392,324,68
213000219,954,16,938
213000220,932,11,921
213000223,149,104,45
213000224,8,46,-38
213000225,35,9,26
213000226,5,10,-5
213000227,1266,59,1207
213000228,553,19,534
213000229,61,10,51
213000230,411,19,392
213000232,22,437,-415
213000233,2,73,-71
213000234,0,0,0
213000293,4,62,-58
213000294,43,8,35
213000295,1,42,-41
213000296,107,35,72
213000297,15,18,-3
213000298,2,65,-63
213000299,43,45,-2
213000300,1,18,-17
213000303,0,10,-10
213000304,0,21,-21
213000305,0,34,-34
213000306,20,33,-13
213000307,50,81,-31
213000308,27,63,-36
213000309,137,26,111
213000310,126,60,66
213000311,27,374,-347
213000315,23,39,-16
213000316,293,35,258
213000322,107,32,75
213000323,169,26,143
213000324,259,30,229
213000325,139,36,103
213000326,139,12,127
213000327,221,32,189
213000328,122,56,66
213000329,122,17,105
213000340,31,177,-146
213000341,797,21,776
213000347,162,364,-202
213000348,1,42,-41
213000349,0,3,-3
213000350,168,320,-152
213000366,13,110,-97
213000367,283,8,275
213000379,27,92,-65
213000386,17,264,-247
213000406,88,132,-44
213000417,1368,280,1088
213000425,333,25,308
213000426,188,7,181
213000427,94,29,65
213000428,41,31,10
213000429,1,3,-2
213000430,17,69,-52
213000431,13,9,4
213000432,1,321,-320
213000433,14,22,-8
213000434,142,59,83
213000435,73,28,45
213000436,65,27,38
213000437,2,20,-18
213000438,63,40,23
213000439,31,13,18
213000440,10,107,-97
213000441,0,8,-8
213000442,2,6,-4
213000443,351,376,-25
213000444,24,10,14
213000445,1,59,-58
213000446,2,343,-341
213000447,0,87,-87
213000448,23,38,-15
213000449,814,4,810
213000450,8,4,4
213000451,360,54,306
213000452,6,2,4
213000453,3,63,-60
213000455,46,0,46
213000456,0,185,-185
213000481,1,0,1
213000484,26,1,25
213000489,45,22,23
213900002,0,319,-319
213900003,34,0,34
213900013,0,54,-54
213900015,0,1,-1
213900016,17,5,12
213900020,7,49,-42
213900030,0,25,-25
213900032,49,52,-3
213900033,186,10,176
213900034,644,18,626
213900035,108,131,-23
213900036,83,47,36
213900037,28,177,-149
213900038,457,78,379
213900039,0,6,-6
213900041,4,253,-249
213900042,75,287,-212
213900043,419,32,387
213900244,87,0,87
213900245,0,4,-4
218000003,10,6,4
218000004,8,4,4
218000005,3,27,-24
218000006,32,77,-45
218000007,19,11,8
218000012,60,115,-55
218000013,65,63,2
218000014,81,116,-35
218000019,349,214,135
218000020,176,200,-24
218000021,8,12,-4
218000022,7,10,-3
218000023,2,19,-17
218000024,0,2,-2
218000025,5,18,-13
218000026,13,10,3
218000027,1,4,-3
218000028,8,10,-2
218000029,1,2,-1
218000030,9,3,6
218000031,10,4,6
218000032,0,2,-2
218000039,129,30,99
218000040,4,0,4
218000046,139,79,60
218000047,22,80,-58
218000048,128,88,40
218000049,105,104,1
218000050,234,101,133
218000051,69,135,-66
218000052,0,33,-33
218000053,0,2,-2
218000054,8,17,-9
218000055,0,33,-33
218000056,27,33,-6
218000057,4,48,-44
218000064,0,2,-2
218000065,89,24,65
218000066,14,100,-86
218000067,178,59,119
218000068,103,130,-27
218000069,443,52,391
218000070,198,157,41
218000071,193,119,74
218000072,76,76,0
218000078,589,226,363
218000079,443,39,404
218000080,303,29,274
218000081,892,40,852
218000082,190,47,143
218000083,28,32,-4
218000084,76,92,-16
218000085,116,94,22
218000086,53,47,6
218000087,111,104,7
218000090,11,123,-112
218000091,854,147,707
218000092,181,53,128
218000093,35,43,-8
218000094,17,20,-3
218000099,109,195,-86
218000100,163,81,82
218000101,136,95,41
218000102,345,56,289
218000103,49,76,-27
218000104,88,36,52
218000105,71,22,49
218000107,119,20,99
218000108,1,46,-45
218000112,230,62,168
218000117,127,146,-19
218000134,239,323,-84
218000135,4,114,-110
218000136,137,124,13
218000137,40,49,-9
218000138,27,52,-25
218000139,136,170,-34
218000140,270,140,130
218000141,79,53,26
218000142,93,34,59
218000143,30,89,-59
218000144,4,164,-160
218000145,615,205,410
218000146,153,67,86
218000151,1,35,-34
218000152,37,23,14
218000153,6,10,-4
218000154,14,5,9
218000155,39,0,39
218000156,117,6,111
218000157,66,2,64
218000158,12,1,11
218000159,3,1,2
218000160,12,2,10
218000161,66,2,64
218000162,92,1,91
218000163,35,1,34
218000164,94,1,93
218000165,169,8,161
218000170,3,32,-29
218000171,93,19,74
218000172,4,15,-11
218000173,19,1,18
218000174,9,0,9
218000176,264,11,253
218000177,383,24,359
218000178,96,16,80
218000179,241,75,166
218000180,73,6,67
218000181,349,21,328
218000187,2,3,-1
218000188,22,8,14
218000189,11,20,-9
218000190,24,15,9
218000191,24,3,21
218000192,131,58,73
218000193,168,94,74
218000194,98,207,-109
218000195,187,65,122
218000196,317,191,126
218000197,782,214,568
218000198,74,19,55
218000199,24,2,22
218000200,26,7,19
218000201,3,0,3
218000202,16,197,-181
218000207,3,5,-2
218000208,12,69,-57
218000211,22,34,-12
218000212,0,1,-1
218000213,191,210,-19
218000214,5,67,-62
218000215,67,81,-14
218000217,1,45,-44
218000218,228,81,147
218000219,2,18,-16
218000220,58,383,-325
218000221,566,329,237
218000222,0,42,-42
218000223,30,404,-374
218000224,3,149,-146
218000225,190,16,174
218000226,378,35,343
218000230,0,13,-13
218000232,108,36,72
218000234,10,13,-3
218000239,72,0,72
218000240,6,1,5
218000241,1,0,1
218000242,0,0,0
218000243,0,0,0
218000244,30,0,30
218000245,5,2,3
218000246,0,8,-8
218000247,1,0,1
218000248,0,7,-7
218000249,0,1,-1
218000250,0,8,-8
218000251,1,16,-15
218000252,0,19,-19
218000253,0,0,0
218000254,1,3,-2
218000255,0,2,-2
218000256,5,2,3
218000267,9,31,-22
218000268,5,13,-8
218000269,0,4,-4
218000270,4,2,2
218000271,15,17,-2
218000273,71,4,67
218000274,10,0,10
218000275,69,49,20
218000276,22,23,-1
218000278,27,14,13
218000279,80,29,51
218000280,0,21,-21
218000281,3,4,-1
218000282,175,221,-46
218000284,40,6,34
218000301,48,141,-93
218000302,52,26,26
218000303,4,21,-17
218000316,1371,327,1044
218000317,2309,193,2116
218000318,1210,180,1030
218000319,575,223,352
218000320,318,169,149
218000338,42,13,29
218000339,5,11,-6
218000342,97,68,29
218000343,51,11,40
218000345,0,1,-1
218000346,4,49,-45
218000353,26,19,7
218000354,140,16,124
218000459,56,164,-108
218000490,1,3,-2
218000501,85,41,44
218000502,28,19,9
218000503,140,18,122
218000504,47,14,33
218000505,14,34,-20
218000506,90,45,45
218000508,0,2,-2
218000510,125,12,113
218000520,182,201,-19
218000522,0,187,-187
218000523,85,0,85
218000524,1,101,-100
218000525,30,4,26
218000526,0,104,-104
218000530,18,4,14
218000531,43,18,25
218000532,75,2,73
218000537,10,5,5
218000538,31,90,-59
218000539,75,8,67
218000540,57,133,-76
218000543,197,5,192
218000544,10,36,-26
218000545,165,31,134
218000546,2,6,-4
218000547,171,84,87
218000548,50,69,-19
218000549,795,89,706
218000550,42,109,-67
218000551,36,179,-143
218000552,173,33,140
218000553,0,0,0
218000554,0,0,0
218000555,2,26,-24
218000556,4,0,4
218000557,609,24,585
218000558,13,0,13
218000559,0,34,-34
218000560,0,19,-19
218000561,2,0,2
218000562,0,48,-48
218000563,64,41,23
218000564,0,51,-51
218000565,68,31,37
218000566,78,21,57
218000567,1,66,-65
218000568,1,2,-1
218000569,0,100,-100
218000570,26,7,19
218000571,0,82,-82
218000572,10,9,1
218000573,1,77,-76
218000574,5,13,-8
218000575,43,0,43
218000576,0,68,-68
218000577,28,2,26
218000578,1,32,-31
218000579,1,2,-1
218000581,0,11,-11
218000582,13,0,13
218000583,0,0,0
218000584,0,4,-4
218000585,55,1,54
218000586,8,4,4
218000587,0,0,0
218000588,1,0,1
218000589,0,1,-1
218000590,0,0,0
218000591,0,24,-24
218000592,0,1,-1
218000593,0,6,-6
218000594,0,5,-5
218000595,0,3,-3
218000596,0,0,0
218000597,0,0,0
218000598,0,0,0
218000599,0,69,-69
218000600,0,0,0
218000601,0,28,-28
218000602,0,0,0
218000603,0,1,-1
218000604,32,0,32
218000605,1,229,-228
218000606,150,1,149
218000607,2,38,-36
218000608,11,1,10
218000609,0,26,-26
218000610,97,1,96
218000611,1,1,0
218000612,0,8,-8
218000613,30,0,30
218000614,1,16,-15
218000615,143,0,143
218000616,20,153,-133
218000617,4,0,4
218000618,0,5,-5
218000619,11,4,7
218000620,0,13,-13
218000621,0,1,-1
218000622,1,97,-96
218000623,6,0,6
218000624,0,37,-37
218000625,12,4,8
218000626,0,13,-13
218000628,153,64,89
218000632,0,73,-73
218000633,23,1,22
218000634,1,10,-9
218000635,1,4,-3
218000636,292,281,11
218000637,902,73,829
218000638,388,13,375
218000639,19,36,-17
218000640,623,7,616
218000641,63,89,-26
218000652,61,40,21
218000653,259,33,226
218000675,4,15,-11
218000676,0,2,-2
218000677,17,4,13
218000703,1,2,-1
218000718,4,52,-48
218000719,12,46,-34
218000720,0,91,-91
218000721,10,3,7
218000725,5,2,3
218001214,2,11,-9
219000001,0,0,0
219000002,0,0,0
219000003,29,25,4
219000004,13,51,-38
219000017,39,22,17
219000020,148,27,121
219000022,138,0,138
219000023,31,0,31
219000029,0,0,0
219000034,78,36,42
219000039,0,11,-11
219000040,10,21,-11
219000041,126,17,109
219000051,0,0,0
219000052,0,0,0
219000053,0,2,-2
219000054,63,106,-43
219000055,252,0,252
219000056,1,0,1
219000057,38,0,38
219000062,0,36,-36
219000063,333,0,333
219000110,79,125,-46
219000111,63,48,15
219000112,168,22,146
219000113,178,30,148
219000114,127,9,118
219000116,80,48,32
219000117,98,9,89
219000118,23,27,-4
219000123,61,2,59
219000124,2,0,2
219000125,0,0,0
219000126,0,0,0
219000127,0,0,0
219000128,0,4,-4
219000129,1,21,-20
219000130,62,61,1
219000131,665,698,-33
219000133,18,51,-33
219000134,4,36,-32
219000135,8,36,-28
219000136,30,85,-55
219000138,59,7,52
219000139,53,4,49
219000140,152,0,152
219000141,16,2,14
219000142,3,2,1
219000143,25,1,24
219000145,3,6,-3
219000146,0,0,0
219000147,0,0,0
219000148,0,0,0
219000149,0,0,0
219000150,0,0,0
219000151,0,0,0
219000157,226,57,169
219000158,253,63,190
219000161,218,1,217
219000163,559,198,361
219000166,142,45,97
219000167,28,27,1
219000168,202,34,168
219000174,603,56,547
219000175,170,1,169
219000176,178,5,173
219000177,124,1,123
219000178,129,0,129
219000179,34,89,-55
219000180,22,1,21
219000182,66,8,58
219000183,28,5,23
219000184,103,4,99
219000185,0,0,0
219000186,43,2,41
219000187,13,15,-2
219000189,3,2,1
219000190,0,2,-2
219000191,22,92,-70
219000192,235,136,99
219000193,12,5,7
219000195,0,1,-1
219000196,0,2,-2
219000198,0,8,-8
219000199,1,4,-3
219000200,4,1,3
219000201,1,8,-7
219000203,7,7,0
219000204,10,38,-28
219000205,2,48,-46
219000207,4,33,-29
219000209,1,1,0
219000210,0,25,-25
219000213,0,41,-41
219000239,11,36,-25
219000240,6,171,-165
219000241,54,16,38
219000242,15,66,-51
219000243,28,189,-161
219000244,17,12,5
219000245,4,3,1
219000246,14,12,2
219000247,259,36,223
219000248,215,225,-10
219000249,122,81,41
219000250,98,80,18
219000251,518,71,447
219000252,113,37,76
219000253,232,23,209
219000255,116,111,5
219000256,425,46,379
219000257,118,0,118
219000262,2,11,-9
219000263,4,8,-4
219000267,0,1,-1
219000268,0,0,0
219000269,4,7,-3
219000270,29,0,29
219000271,101,2,99
219000278,0,0,0
219000279,0,0,0
219000283,0,3,-3
219000295,0,4,-4
219000296,2,6,-4
219000297,3,4,-1
219000298,20,12,8
219000299,216,21,195
219000300,10,12,-2
219000301,0,18,-18
219000302,1,13,-12
219000307,0,0,0
219000308,92,18,74
219000311,67,9,58
219000312,209,61,148
219000313,294,35,259
219000314,16,19,-3
219000315,312,15,297
219000316,414,30,384
219000317,146,1,145
219000320,0,0,0
219000321,0,0,0
219000323,0,0,0
219000325,0,0,0
219000326,2,9,-7
219000327,1,0,1
219000328,0,0,0
219000329,258,75,183
219000330,8,8,0
219000331,20,12,8
219000332,181,27,154
219000333,20,5,15
219000335,60,6,54
219000337,1,0,1
219000338,13,0,13
219000344,0,1,-1
219000345,0,0,0
219000346,0,0,0
219000348,11,8,3
219000349,2,7,-5
219000350,3,5,-2
219000351,0,0,0
219000352,5,47,-42
219000353,152,41,111
219000354,728,55,673
219000355,126,10,116
219000356,265,512,-247
219000363,157,24,133
219000364,161,14,147
219000365,51,6,45
219000366,90,637,-547
219000368,216,337,-121
219000370,499,369,130
219000371,0,0,0
219000382,0,2,-2
219000383,62,173,-111
219000385,36,181,-145
219000386,65,363,-298
219000387,0,1,-1
219000390,0,1,-1
219000391,0,0,0
219000397,0,0,0
219000398,31,17,14
219000401,1,4,-3
219000402,1,5,-4
219000403,1,9,-8
219000404,1,7,-6
219000409,20,19,1
219000410,51,8,43
219000411,55,0,55
219000446,15,47,-32
219000447,0,0,0
219000448,0,10,-10
219000452,38,83,-45
219000453,15,92,-77
219000454,174,280,-106
219000556,482,10,472
219000558,1,63,-62
219000590,2,141,-139
219000591,296,29,267
219000592,19,98,-79
219000595,0,0,0
219000635,58,24,34
219000636,3,0,3
219000657,1,5,-4
219000658,0,10,-10
219000673,0,0,0
219000676,0,0,0
219000679,14,0,14
219000684,117,1,116
219000685,0,6,-6
219000686,0,0,0
219000688,0,8,-8
219000689,1,8,-7
219000690,108,8,100
219000693,0,0,0
219000694,32,0,32
219000695,141,8,133
219000698,1,0,1
219000699,0,0,0
219000727,0,4,-4
219000728,38,0,38
219000770,4,0,4
219000771,0,0,0
219001150,0,81,-81
219001151,0,1,-1
220000001,12,28,-16
220000002,1,23,-22
220000003,21,25,-4
220000004,49,87,-38
220000005,113,364,-251
220000006,35,192,-157
220000007,133,85,48
220000008,59,96,-37
220000009,42,31,11
220000010,30,46,-16
220000011,179,2280,-2101
220000012,7,287,-280
220000014,127,48,79
220000015,31,239,-208
220000017,5,135,-130
220000018,3760,548,3212
220000019,55,242,-187
220000020,183,89,94
220000021,454,80,374
220000022,884,153,731
220000023,163,71,92
220000024,542,316,226
220000025,399,1133,-734
220000026,286,516,-230
220000027,6,147,-141
220000028,32,231,-199
220000029,3,25,-22
220000030,6,28,-22
220000031,662,362,300
220000064,21,355,-334
221000046,0,0,0
221000047,0,0,0
221000048,0,0,0
221000049,0,1,-1
221000050,12,0,12
221000055,10,19,-9
221000057,139,3,136
221000068,191,71,120
221000069,222,24,198
221000070,171,15,156
221000071,88,5,83
221000072,242,5,237
221000073,172,12,160
221000074,0,2,-2
221000075,0,10,-10
221000076,0,5,-5
221000077,0,8,-8
221000081,15,4,11
221000082,59,0,59
221000083,2,2,0
221000084,0,6,-6
221000085,4,40,-36
221000086,3,47,-44
221000087,2,47,-45
221000088,0,55,-55
221000089,11,58,-47
221000090,10,85,-75
221000098,126,13,113
221000099,123,3,120
221000100,144,1,143
221000101,130,4,126
221000102,185,6,179
221000109,0,2,-2
221000110,0,24,-24
221000111,0,9,-9
221000112,0,10,-10
221000113,0,24,-24
221000114,0,51,-51
221000120,10,61,-51
221000121,7,5,2
221000122,3,42,-39
221000123,1,62,-61
221000124,27,183,-156
221000155,78,9,69
221000156,13,19,-6
221000175,6,26,-20
221000176,0,1,-1
221000182,24,0,24
221000241,298,255,43
221000242,31,79,-48
221000243,246,137,109
221000244,26,256,-230
221000245,70,28,42
221000246,11,138,-127
221000247,98,28,70
221000248,31,57,-26
221000267,36,233,-197
221000325,55,43,12
221000331,0,83,-83
221000338,7,49,-42
221000378,481,7,474
221000381,40,88,-48
222000282,0,9,-9
222000296,2,42,-40
222000568,404,14,390
222000569,135,34,101
222000570,114,12,102
222000571,384,3,381
222000577,0,54,-54
222000578,1,78,-77
222000579,32,75,-43
222000580,15,733,-718
222000599,0,101,-101
222000600,0,56,-56
222000601,2,189,-187
222000603,19,23,-4
222000604,0,34,-34
222000605,0,36,-36
222000606,0,10,-10
222000607,0,3,-3
222000608,0,15,-15
222000609,46,51,-5
222000616,571,39,532
222000617,1,8,-7
222000618,29,5,24
222000620,6,0,6
222000621,11,2,9
222000623,473,3,470
222000624,488,8,480
222000625,710,33,677
222000636,22,5,17
222000686,2,15,-13
222000687,15,6,9
222001066,497,2,495
222001067,49,0,49
222001068,345,0,345
222001069,211,5,206
222001082,24,29,-5
222001083,136,7,129
222001084,0,12,-12
222001085,0,243,-243
222001111,74,25,49
222001112,311,1,310
222001313,2,3,-1
222001314,0,42,-42
222001464,111,29,82
222001465,0,117,-117
222001484,196,27,169
222001485,13,8,5
222001494,892,45,847
222001495,68,149,-81
222001496,473,10,463
222001497,33,169,-136
222001502,0,6,-6
222001503,172,8,164
222001504,5,65,-60
222001505,405,4,401
222001506,3,13,-10
222001507,166,5,161
222001510,643,43,600
222001511,2,49,-47
222001514,688,43,645
222001515,7,100,-93
222001518,885,15,870
222001519,28,75,-47
222001527,155,15,140
222001528,1,37,-36
222001529,618,24,594
222001530,0,49,-49
222001533,6,60,-54
222001534,758,3,755
222001535,217,119,98
222001536,5,100,-95
222001537,306,30,276
222001538,4,79,-75
222001563,811,23,788
222001564,2,125,-123
222001568,86,16,70
222001576,0,2,-2
222001579,0,22,-22
222001583,10,48,-38
222001584,170,63,107
222001596,149,505,-356
222001597,1234,60,1174
222001626,0,67,-67
222001650,10,11,-1
222001651,25,140,-115
222001914,349,26,323
222001915,14,21,-7
222900004,332,75,257
222900009,141,198,-57
222900019,83,113,-30
222900024,117,0,117
222900025,9,8,1
225000001,365,95,270
225000002,610,52,558
225000003,818,47,771
225000004,456,52,404
225000005,73,19,54
225000006,0,0,0
225000007,83,221,-138
225000010,212,7,205
225000011,121,873,-752
225000012,113,613,-500
225000013,83,67,16
225000014,503,55,448
225000015,27,38,-11
225000021,304,42,262
225000027,45,72,-27
225000032,381,60,321
225000042,27,68,-41
225000049,2,15,-13
225000050,86,8,78
225000053,0,0,0
225000058,384,68,316
225000067,11,11,0
225000068,7,11,-4
225000069,3,24,-21
225000070,2,21,-19
225000071,0,27,-27
225000075,3,211,-208
225000076,0,0,0
225000078,18,28,-10
225000085,96,11,85
225000086,299,7,292
225000087,92,19,73
225000088,2,10,-8
225000089,0,0,0
225000090,0,0,0
225000091,0,0,0
225000092,1,20,-19
225000093,38,11,27
225000094,5,8,-3
225000095,25,18,7
225000096,7,16,-9
225000098,662,54,608
225000099,450,27,423
225000100,593,87,506
225000104,23,110,-87
225000110,5,54,-49
225000111,95,50,45
225000112,96,144,-48
225000113,21,227,-206
225000114,20,132,-112
225000115,345,242,103
225000116,133,56,77
225000117,309,256,53
225000118,695,252,443
225000119,355,62,293
225000120,548,24,524
225000121,83,21,62
225000123,748,4,744
225000125,419,87,332
225000126,313,127,186
225000127,313,1601,-1288
225000128,350,1092,-742
225000132,469,7,462
225000133,162,16,146
225000134,547,85,462
225000135,81,10,71
225000136,478,11,467
225000137,302,49,253
225000138,292,70,222
225000143,0,0,0
225000144,0,0,0
225000145,85,43,42
225000146,0,0,0
225000147,0,0,0
225000148,0,0,0
225000149,0,0,0
225000151,0,0,0
225000155,16,12,4
225000156,60,343,-283
225000157,97,115,-18
225000158,4,21,-17
225000171,0,22,-22
225000180,0,0,0
225000181,0,1,-1
225000182,48,5,43
225000185,0,53,-53
225000187,1,27,-26
225000191,14,0,14
225000194,0,2,-2
225000208,0,1,-1
225000209,42,12,30
225000210,0,0,0
225000217,0,0,0
225000218,1,0,1
225000223,0,30,-30
225000224,12,0,12
225000225,0,35,-35
225000226,103,6,97
225000227,9,35,-26
225000228,3,10,-7
225000229,0,7,-7
225000230,1,0,1
225000231,0,5,-5
225000232,85,1,84
225000241,61,0,61
225000242,0,4,-4
225000249,6,0,6
225000250,0,0,0
225000251,634,18,616
225000254,1,63,-62
225000256,0,106,-106
225000257,0,23,-23
226000042,9,12,-3
226000043,1,21,-20
226000044,5,42,-37
226000045,5,31,-26
226000046,894,15,879
226000047,350,20,330
226000048,405,36,369
226000049,362,103,259
226000070,0,0,0
226000071,0,0,0
226000072,0,0,0
226000073,0,0,0
226000074,0,0,0
226000084,0,0,0
226000085,0,1,-1
226000086,1,0,1
226000087,0,5,-5
226000088,0,0,0
226000090,28,48,-20
226000091,21,7,14
226000092,1,25,-24
226000093,0,12,-12
226000094,9,5,4
226000095,3,5,-2
226000105,2,0,2
226000106,1,0,1
226000107,35,0,35
226000108,17,0,17
226000109,141,0,141
226000124,278,30,248
226000134,1289,248,1041
226000135,2037,294,1743
226000136,766,220,546
226000137,0,1,-1
226000138,0,0,0
226000139,0,0,0
226000156,241,0,241
226000157,346,6,340
226000163,1,4,-3
226000202,0,1,-1
226000231,158,0,158
226000232,31,0,31
227000033,443,8,435
227000036,697,7,690
227000037,686,9,677
227000038,161,28,133
227000084,0,0,0
227000085,0,0,0
227000088,39,2,37
227000089,92,0,92
227000090,39,0,39
227000091,74,0,74
227000092,35,0,35
227000093,54,0,54
227000094,18,0,18
227000130,0,0,0
227000131,0,0,0
227000132,0,0,0
227000133,0,0,0
227000134,0,0,0
227000152,0,0,0
227000153,0,0,0
227000154,0,0,0
227000155,0,0,0
227000156,0,0,0
227000165,0,0,0
227000196,808,40,768
227000199,609,42,567
227000230,1,43,-42
227000232,931,47,884
227000242,0,0,0
227000243,308,41,267
227000245,0,1,-1
227000246,0,1,-1
227000247,684,19,665
227000248,116,71,45
227000249,0,26,-26
227000250,136,249,-113
227000251,2,39,-37
227000252,0,6,-6
227000253,310,39,271
227000262,740,9,731
227000266,1576,9,1567
227000267,1,113,-112
227000282,0,4,-4
227000284,761,14,747
227000286,0,0,0
227000291,0,2,-2
227000296,64,105,-41
227000484,198,5,193
227000485,0,10,-10
227000655,326,2,324
227000656,690,21,669
227000657,189,15,174
229000265,11,3,8
229000266,0,0,0
229000267,5,0,5
229000268,4,13,-9
229000269,49,3,46
229000274,0,66,-66
229000275,0,75,-75
229000276,0,60,-60
229000277,0,1,-1
229000278,0,1,-1
229000295,15,23,-8
229000296,1,32,-31
229000297,16,19,-3
229000298,1,123,-122
229000320,19,2,17
229000321,7,3,4
229000412,16,26,-10
229000414,1,11,-10
229000415,2,0,2
229000416,38,1,37
229000417,2,2,0
229000419,71,149,-78
229000440,64,23,41
229000442,29,1,28
229000443,12,0,12
229000444,0,27,-27
229000445,44,1,43
229000446,88,14,74
229000491,0,0,0
229000492,1,2,-1
229000493,1,4,-3
229000494,96,2,94
229000495,120,3,117
229000496,151,1,150
229000507,0,0,0
229000508,0,0,0
229000509,0,0,0
229000510,0,0,0
229000511,1,2,-1
229000512,0,0,0
229000513,0,0,0
229000514,0,0,0
229000517,2,0,2
229000518,0,1,-1
229000519,0,1,-1
229000520,5,3,2
229000521,36,2,34
229000522,5,3,2
229000523,18,0,18
229000524,6,0,6
229000527,0,0,0
229000528,0,0,0
229000529,12,0,12
229000530,147,1,146
229000531,11,0,11
229000532,4,0,4
229000533,64,0,64
229000534,12,0,12
229000564,74,0,74
229000565,97,0,97
229000566,0,0,0
229000567,0,1,-1
229000582,44,0,44
229000583,15,1,14
229000584,0,0,0
229000585,0,2,-2
229000718,0,0,0
229000719,0,0,0
229000720,0,0,0
229000721,0,0,0
229000722,0,0,0
229000723,0,0,0
229000724,0,0,0
229000725,0,0,0
229000738,3,0,3
229000739,0,0,0
229000740,2,0,2
229000741,11,0,11
229000742,24,0,24
229000743,48,0,48
229000744,0,0,0
229000745,0,0,0
229000746,26,0,26
229000847,157,0,157
229000848,152,0,152
229000849,244,0,244
229000851,269,0,269
229000854,0,0,0
229000856,0,0,0
229000857,0,0,0
229000858,0,0,0
229000919,0,0,0
229000930,0,0,0
229000937,51,3,48
229000966,22,20,2
229000981,0,0,0
229000985,1,6,-5
229000986,0,0,0
229000987,0,0,0
229000988,4,7,-3
229000989,0,6,-6
229000990,0,2,-2
229000991,1,15,-14
229000992,41,7,34
229000993,114,10,104
229000998,93,21,72
229000999,108,2,106
229001034,0,17,-17
229001035,18,0,18
229001036,2,7,-5
229001037,45,6,39
229001038,0,9,-9
229001039,14,0,14
229001040,0,26,-26
229001041,151,0,151
229001042,34,13,21
229001047,23,64,-41
229001050,19,14,5
229001168,0,0,0
229001200,43,2,41
229001338,0,1,-1
229001394,175,2,173
229001422,122,6,116
229001423,0,0,0
229001431,26,7,19
229001432,0,0,0
229001444,185,6,179
229001445,95,30,65
229001479,63,2,61
229001503,285,23,262
229001504,0,0,0
229001505,60,5,55
229001506,0,0,0
229001509,12,1,11
229001510,20,10,10
229001545,12,12,0
229001546,0,0,0
229001553,19,12,7
229001554,0,0,0
229001630,63,4,59
229001631,9,5,4
229001635,0,14,-14
229001636,0,0,0
229001658,0,0,0
229001659,21,2,19
229001660,1,1,0
229001661,0,5,-5
229001662,19,0,19
229001663,0,0,0
229002584,157,100,57
229002831,108,77,31
229002841,0,42,-42
229002842,5,0,5
229002843,53,8,45
229002844,2,75,-73
229002845,6,53,-47
229002846,0,22,-22
229002847,0,1,-1
229002848,1,4,-3
229002849,0,38,-38
229002850,12,0,12
229002851,4,124,-120
229002852,55,38,17
229002853,39,2,37
229002854,33,17,16
229002855,2,55,-53
229002856,42,6,36
229002857,29,33,-4
229002858,43,0,43
229002859,12,3,9
229002860,29,5,24
229002861,27,32,-5
229002862,6,22,-16
229002863,18,6,12
229002864,37,48,-11
229002865,2,5,-3
229002866,25,11,14
229002867,0,14,-14
229002868,1,23,-22
229002869,0,14,-14
229002870,41,0,41
235000067,82,4,78
235000072,0,0,0
235000080,0,0,0
235000081,0,0,0
235000082,172,62,110
235000083,237,61,176
235000084,41,24,17
235000085,197,45,152
235000093,0,0,0
235000097,0,1,-1
235000098,16,0,16
235000115,39,27,12
235000116,3,3,0
235000117,375,7,368
235000133,0,0,0
235000134,0,0,0
235000206,0,0,0
235000207,2,0,2
235000210,16,1,15
235000212,0,0,0
235000220,0,0,0
235000221,0,0,0
235000238,5,222,-217
235000239,1,11,-10
235000242,247,939,-692
235000245,0,0,0
235000246,0,0,0
235000284,0,52,-52
235000295,31,1,30
235000305,170,25,145
235000306,475,2,473
235000307,21,7,14
235000308,1,0,1
235000309,66,0,66
235000310,23,0,23
235000311,62,17,45
235000322,0,10,-10
235000323,0,35,-35
235000324,0,6,-6
235000325,0,2,-2
235000326,1,14,-13
235000351,0,70,-70
235000352,7,32,-25
235000353,11,14,-3
235000354,0,3,-3
235000355,0,16,-16
235000356,67,0,67
235000357,54,0,54
235000358,4,1,3
235000359,0,1,-1
235000360,22,2,20
235000361,34,0,34
235000381,0,0,0
235000382,171,5,166
235000390,0,3,-3
235000391,132,18,114
235000392,215,59,156
235000393,144,64,80
235000395,137,9,128
235000396,542,21,521
235000399,108,4,104
235000400,12,21,-9
235000401,0,0,0
235000402,0,0,0
235000405,0,0,0
235000406,0,0,0
235000407,0,0,0
235000409,0,0,0
235000411,0,0,0
235000485,0,0,0
235000486,0,9,-9
235000549,77,54,23
235000550,0,0,0
235000599,0,0,0
235000600,0,0,0
235000601,3,2,1
235000602,62,31,31
235000614,0,0,0
235000648,0,0,0
235000649,9,5,4
235000815,19,3,16
235000834,0,0,0
235000855,29,17,12
235000862,0,0,0
235000891,0,0,0
235000892,13,0,13
235000901,0,0,0
235000907,0,0,0
235001010,26,20,6
235001030,199,38,161
235001078,155,29,126
235001079,0,0,0
235001147,3,18,-15
235001166,6,48,-42
235001167,0,0,0
235001169,1,105,-104
235001200,0,0,0
235001239,0,0,0
235016266,0,0,0
235016267,0,18,-18
235900013,0,0,0
235900014,3,2,1
241900007,39,1,38
277101746,0,0,0
277102712,0,0,0
277103813,0,0,0
277103814,0,0,0
277103898,0,1,-1
990010990,0,1,-1
990011530,0,114,-114
990014944,0,62,-62
990015176,10,2,8
990015618,1,86,-85
990015888,0,0,0
990016032,0,77,-77
990032570,0,165,-165
990070001,71,10,61
990070103,0,1,-1
990070601,0,14,-14
990070751,1624,1,1623
990070766,0,100,-100
990071180,368,47,321
990071343,4,0,4
990071387,0,0,0
990071823,427,3,424
990072600,2,432,-430
990072964,0,150,-150
990073285,0,0,0
990074393,2,228,-226
990074714,37,10,27
990074870,1213,4,1209
990075106,275,2,273
990075746,500,8,492
990076437,3073,5,3068
990076458,1,328,-327
997000007,119,0,119
997000041,2,299,-297
997000058,103,22,81
997000062,40,0,40
997000069,0,2,-2
997000070,0,8,-8
997000100,78,0,78
997000141,2,213,-211
997000198,4,93,-89
998000475,0,1,-1
998000736,0,35,-35
998000965,0,37,-37
998001031,0,54,-54
998001072,0,0,0
998001091,8,0,8
998001093,1,0,1
998001103,0,0,0
998001105,0,0,0
998001700,0,15,-15
998001899,0,1,-1
998001900,2,4,-2
998003073,1531,57,1474
998003124,3,10,-7
998003125,0,0,0
998101900,0,0,0
998102850,1,52,-51
998501819,1,0,1
998501820,0,0,0
998501832,0,0,0
998501927,302,166,136
998501929,126,2,124
998501930,78,0,78
998501931,96,17,79
998501932,3,0,3
998501933,30,0,30
998501937,22,12,10
998501944,2,0,2
998501950,0,0,0
998501970,111,0,111
998501971,0,4,-4
998501972,188,3,185
998501973,0,6,-6
998501974,0,74,-74
998501975,132,27,105
998501976,22,1,21
998501977,0,12,-12
998501978,5,0,5
998501979,0,0,0
998501980,63,0,63
998501981,80,2,78
998501982,1,95,-94
998501983,0,0,0
998502006,0,0,0
998502024,0,2,-2
998502032,0,1,-1
998502062,18,17,1
998502063,0,0,0
998502173,6,0,6
998502269,0,0,0
998601159,1,29,-28
998601292,2,24,-22
999033574,2,538,-536
999800001,32,6,26
999800002,0,1,-1
999800003,2,2,0
999800004,0,3,-3
999800005,0,0,0
