ID,insum,outsum,diff
100000001,733,1136,-403
100000002,7257,2467,4790
100000003,9222,4697,4525
100000004,1700,1494,206
100000005,3207,5604,-2397
100000006,1560,259,1301
100000007,3797,1324,2473
100000008,890,709,181
100000009,2020,1366,654
100000010,538,614,-76
100000011,1790,168,1622
100000012,174,952,-778
100000013,2012,342,1670
100000014,1512,428,1084
100000015,2127,4053,-1926
100000016,1436,1686,-250
100000017,1824,1145,679
100000018,3225,949,2276
100000019,7251,2649,4602
100000020,3390,12096,-8706
100000021,7194,2743,4451
100000022,2915,2677,238
100000023,6487,1959,4528
100000025,2787,1227,1560
100000028,2943,1256,1687
100000029,386,320,66
100000030,320,85,235
100000031,6797,10477,-3680
100000032,4903,5648,-745
100000033,1329,3605,-2276
100000034,770,635,135
100000035,2873,1681,1192
100000036,3753,1810,1943
100000037,919,689,230
100000038,3155,1626,1529
100000039,2277,385,1892
100000040,325,227,98
100000041,1545,763,782
100000042,3283,862,2421
100000043,2157,577,1580
100000044,522,872,-350
100000045,1001,1790,-789
100000046,1122,1284,-162
100000047,757,1064,-307
100000048,2449,897,1552
100000049,3059,3186,-127
100000051,845,1549,-704
100000053,392,17,375
100000054,724,64,660
100000055,1981,362,1619
100000056,833,675,158
100000057,2872,1046,1826
100000058,1783,1896,-113
100000059,38,185,-147
100000060,400,622,-222
100000061,2631,777,1854
100000062,3239,806,2433
100000063,838,364,474
100000064,1873,527,1346
100000065,588,1438,-850
100000066,271,1012,-741
100000067,600,1039,-439
100000068,776,2799,-2023
100000069,476,2221,-1745
100000072,668,1736,-1068
100000073,1609,1763,-154
100000075,893,413,480
100000076,4482,3322,1160
100000077,403,283,120
100000078,55,53,2
100000079,88,93,-5
100000080,43,61,-18
100000081,231,263,-32
100000102,3740,2353,1387
100000103,7061,1874,5187
100000104,7783,3356,4427
100000105,3821,2137,1684
100000106,3289,2705,584
100000107,1277,1148,129
100000108,1261,1377,-116
100000109,4407,1711,2696
100000116,2114,1382,732
100000117,115,132,-17
100000118,2454,1414,1040
100000119,680,949,-269
100000121,399,661,-262
100000122,958,1368,-410
100000123,5556,6183,-627
100000124,9320,9070,250
100000125,4810,1755,3055
100000126,1286,547,739
100000127,2401,656,1745
100000128,3083,2864,219
100000129,716,778,-62
100000130,577,785,-208
100000131,3943,4692,-749
100000132,2075,3880,-1805
100000133,8684,3479,5205
100000135,688,1526,-838
100000139,670,303,367
100000140,680,358,322
100000142,655,871,-216
100000143,2496,976,1520
100000144,5005,1252,3753
100000147,1352,3241,-1889
100000150,44,631,-587
100000151,1644,1223,421
100000153,431,550,-119
100000154,162,220,-58
100000155,28,57,-29
100000156,555,354,201
100000157,175,135,40
100000158,307,101,206
100000159,506,709,-203
100000165,2194,1006,1188
100000169,673,510,163
100000174,1376,500,876
100000179,97,664,-567
100000180,11076,2822,8254
100000181,944,377,567
100000188,124,444,-320
100000189,3340,563,2777
100000190,1051,872,179
100000191,898,670,228
100000192,81,174,-93
100000193,322,217,105
100000330,1668,1197,471
100000355,389,907,-518
100000362,8015,4536,3479
100000363,4855,6741,-1886
100000364,459,243,216
100000365,6914,6812,102
100000366,9266,3850,5416
100000367,6678,5994,684
100000368,4151,2122,2029
100000369,2370,2291,79
100000370,628,849,-221
100000376,191,150,41
100000379,4660,1953,2707
100000380,8135,4198,3937
100000384,7736,5856,1880
100000385,6117,5484,633
100000386,10429,5926,4503
100000387,6825,7005,-180
100000388,9834,7877,1957
100000389,10133,8081,2052
100000390,11671,7016,4655
100000391,9213,9153,60
100000392,5447,4357,1090
100000393,4257,5257,-1000
100000394,11399,9555,1844
100000395,7754,4166,3588
100000396,11001,4232,6769
100000397,7546,6043,1503
100000398,15175,9911,5264
100900002,11,102,-91
100900003,423,190,233
100900004,41,1023,-982
100900005,254,23,231
100900006,39,217,-178
100900007,640,39,601
100900008,6,459,-453
100900009,113,215,-102
100900010,161,197,-36
100900011,160,320,-160
100900012,1,285,-284
100900013,2423,13,2410
100900014,7,25,-18
100900015,168,113,55
100900016,1,64,-63
100900017,1689,140,1549
100900018,0,40,-40
100900019,52,413,-361
100900020,477,21,456
100900021,612,2,610
100900022,30,102,-72
100900023,1,143,-142
100900024,1339,9,1330
100900025,38,34,4
100900026,141,223,-82
100900027,1043,4227,-3184
100900028,196,327,-131
100900029,107,27,80
100900030,5,66,-61
100900031,998,73,925
100900032,249,0,249
100900033,436,253,183
100900034,596,7,589
100900035,1057,14,1043
100900036,39,2,37
100900037,123,282,-159
100900038,172,41,131
100900039,404,765,-361
100900040,464,978,-514
100900041,959,802,157
100900042,1781,574,1207
100900043,5,20,-15
100900044,3064,946,2118
100900045,114,4,110
100900046,1820,16,1804
100900047,1333,752,581
100900048,210,71,139
100900049,184,241,-57
100900050,13,21,-8
100900051,89,148,-59
100900052,754,85,669
100900053,437,79,358
100900054,15,106,-91
100900055,505,885,-380
100900056,281,539,-258
100900057,828,1553,-725
100900058,396,99,297
100900059,283,10,273
100900060,165,27,138
100900061,559,344,215
100900062,8,85,-77
100900063,269,796,-527
100900064,928,22,906
100900065,154,172,-18
100900066,129,274,-145
100900067,2,15,-13
100900068,518,145,373
100900069,1119,10,1109
100900070,489,11,478
100900071,1089,421,668
100900072,4,52,-48
100900073,226,741,-515
100900074,16,21,-5
100900075,2265,497,1768
100900076,58,74,-16
100900077,37,182,-145
100900078,147,550,-403
100900079,8,48,-40
100900080,30,266,-236
100900081,77,271,-194
100900082,151,735,-584
100900083,9,64,-55
100900085,14,134,-120
100900086,302,1824,-1522
100900088,91,768,-677
100900089,2,35,-33
100900090,205,782,-577
100900091,3,32,-29
100900092,612,464,148
100900093,274,988,-714
100900094,118,745,-627
100900095,3,35,-32
100900096,68,199,-131
100900097,0,4,-4
100900098,30,15,15
100900099,52,633,-581
100900100,14,453,-439
100900101,551,85,466
100900102,891,253,638
100900103,41,25,16
100900104,10,179,-169
100900105,42,537,-495
100900106,102,9,93
100900107,2306,987,1319
100900108,25,40,-15
100900109,33,72,-39
100900110,8,44,-36
100900111,58,168,-110
100900112,32,12,20
100900113,13,17,-4
100900114,13,35,-22
100900115,3,58,-55
100900116,1189,1515,-326
100900117,422,1109,-687
100900118,78,67,11
100900119,40,61,-21
100900120,8,26,-18
100900121,444,1044,-600
100900122,266,339,-73
100900123,70,447,-377
100900124,14,6,8
100900125,20,128,-108
100900126,280,1129,-849
100900127,5,4,1
100900128,129,165,-36
100900129,1,164,-163
100900131,119,367,-248
100900133,130,98,32
100900134,6,10,-4
100900135,3,228,-225
100900137,436,228,208
100900138,953,570,383
100900139,3,18,-15
100900140,9,584,-575
100900141,7,532,-525
100900142,3,18,-15
100900143,2083,518,1565
100900144,30,17,13
100900145,685,268,417
100900146,16,83,-67
100900147,40,532,-492
100900148,67,881,-814
100900149,28,212,-184
100900150,4,61,-57
100900151,196,741,-545
100900152,482,26,456
100900153,10,285,-275
100900154,20,103,-83
100900155,10,21,-11
100900156,68,9,59
100900157,15,257,-242
100900159,5,49,-44
100900160,26,16,10
100900161,199,10,189
100900162,21,534,-513
100900163,295,330,-35
100900164,65,165,-100
100900165,9,49,-40
100900166,75,28,47
100900167,41,117,-76
100900168,74,182,-108
100900169,205,1187,-982
100900170,100,15,85
100900171,21,809,-788
100900172,0,28,-28
100900173,16,609,-593
100900174,991,102,889
100900176,1563,287,1276
100900177,858,369,489
100900178,568,240,328
100900179,288,368,-80
100900180,9,5,4
100900181,174,184,-10
100900182,79,40,39
100900184,19,224,-205
100900186,1132,722,410
100900187,16,157,-141
100900188,39,13,26
100900189,1583,327,1256
100900191,1612,1619,-7
100900192,402,376,26
100900195,191,204,-13
100900197,273,366,-93
100900198,53,264,-211
100900199,16,22,-6
100900200,842,617,225
100900201,195,1099,-904
100900202,112,0,112
100900203,2,101,-99
100900204,1634,1067,567
100900205,243,792,-549
100900206,156,182,-26
100900207,297,231,66
100900210,110,758,-648
100900211,645,258,387
100900213,139,96,43
100900214,1409,360,1049
100900215,8,98,-90
100900217,145,118,27
101000001,5876,3396,2480
101000002,6419,6946,-527
101000003,841,2809,-1968
101000004,12481,9954,2527
101000005,6112,6227,-115
101000006,9474,9940,-466
101000007,3591,4589,-998
101000008,4815,3811,1004
101000009,3613,1831,1782
101000010,1157,1519,-362
101000011,2960,1048,1912
101000012,1651,1140,511
101000013,1018,1514,-496
101000014,835,897,-62
101000015,1242,1010,232
101000016,684,620,64
101000017,926,637,289
101000018,4548,3700,848
101000020,6290,1478,4812
101000021,1047,569,478
101000022,517,142,375
101000023,2237,1002,1235
101000025,287,648,-361
101000026,525,30,495
101000027,2411,2941,-530
101000028,1238,285,953
101000029,364,2187,-1823
101000030,3044,161,2883
101000031,1534,1149,385
101000032,13438,5358,8080
101000033,3209,4255,-1046
101000034,3578,1960,1618
101000035,1295,870,425
101000036,1908,966,942
101000037,4379,2015,2364
101000039,3493,2771,722
101000040,4395,4022,373
101000041,16877,9851,7026
101000042,1036,1843,-807
101000043,12537,9159,3378
101000045,2731,1209,1522
101000046,6404,1794,4610
101000047,4095,3912,183
101000048,1476,1238,238
101000049,1306,2558,-1252
101000050,4887,4005,882
101000051,3712,3316,396
101000052,2128,1243,885
101000053,1827,3011,-1184
101000054,3446,2270,1176
101000055,2003,1749,254
101000056,67,123,-56
101000057,2793,1306,1487
101000058,1948,1516,432
101000059,3421,2493,928
101000060,1984,741,1243
101000061,1152,1757,-605
101000062,949,885,64
101000063,940,1105,-165
101000064,1585,1238,347
101000065,492,568,-76
101000066,1291,908,383
101000067,1667,927,740
101000068,511,508,3
101000069,528,149,379
101000070,1711,1262,449
101000071,2634,1183,1451
101000072,1130,4028,-2898
101000073,1253,1026,227
101000074,9642,4359,5283
101000075,8245,4978,3267
101000077,2405,1368,1037
101000078,2067,2674,-607
101000079,1193,487,706
101000080,1165,527,638
101000081,2104,1739,365
101000082,4370,3961,409
101000083,3354,2627,727
101000084,2071,1276,795
101000085,2155,1715,440
101000086,1349,1477,-128
101000087,1090,1495,-405
101000088,1601,1666,-65
101000089,1153,2085,-932
101000090,2876,1641,1235
101000091,501,1308,-807
101000092,1003,1448,-445
101000093,2073,1088,985
101000094,1180,1692,-512
101000095,566,886,-320
101000096,447,850,-403
101000097,655,498,157
101000098,711,803,-92
101000099,1629,1664,-35
101000100,1548,1140,408
101000101,399,517,-118
101000102,1134,562,572
101000103,1625,735,890
101000104,581,765,-184
101000105,1550,583,967
101000106,1519,963,556
101000107,234,409,-175
101000108,1361,451,910
101000109,288,93,195
101000110,54,770,-716
101000111,293,402,-109
101000113,253,1313,-1060
101000114,12013,6053,5960
101000115,417,200,217
101000116,473,316,157
101000117,2395,537,1858
101000119,139,79,60
101000120,154,54,100
101000121,78,45,33
101000122,206,147,59
101000123,117,126,-9
101000124,927,223,704
101000125,361,570,-209
101000128,955,480,475
101000130,414,421,-7
101000131,854,803,51
101000132,697,1438,-741
101000135,89,38,51
101000136,702,192,510
101000137,69,522,-453
101000141,2101,3556,-1455
101000147,1246,629,617
101000148,1998,43,1955
101000149,422,439,-17
101000150,137,1027,-890
101000151,291,84,207
101000152,423,437,-14
101000153,1590,550,1040
101000154,399,1645,-1246
101000155,390,210,180
101000156,67,429,-362
101000157,78,46,32
101000160,135,90,45
101000163,459,350,109
101000164,591,543,48
101000165,375,445,-70
101000166,343,575,-232
101000168,981,469,512
101000252,2003,1020,983
101000254,880,110,770
101000258,68,16,52
101000261,230,58,172
101000262,1875,2072,-197
101000263,567,1993,-1426
101000265,132,1085,-953
101000266,485,557,-72
101000269,72,14,58
101000290,2199,4765,-2566
101000293,62,127,-65
101000294,925,674,251
101000295,155,774,-619
101000301,1007,603,404
101000304,2780,3238,-458
101000305,4750,2078,2672
101000328,11,40,-29
101900001,59,111,-52
101900002,0,12,-12
101900003,63,127,-64
101900004,8,93,-85
101900005,5488,2173,3315
101900006,1147,109,1038
101900007,958,256,702
101900008,107,522,-415
101900009,80,755,-675
101900010,1331,1040,291
101900011,407,1844,-1437
101900012,321,573,-252
101900013,1534,197,1337
101900017,20,221,-201
101900018,1872,424,1448
101900019,412,164,248
101900020,78,111,-33
101900021,1,83,-82
101900022,288,1562,-1274
101900023,323,404,-81
101900026,161,65,96
101900027,31,192,-161
102000001,4289,5882,-1593
102000002,4572,1776,2796
102000003,5333,9963,-4630
102000004,12370,4563,7807
102000005,1674,2921,-1247
102000006,1647,2558,-911
102000007,2168,6493,-4325
102000008,7306,2347,4959
102000009,9101,9252,-151
102000010,10409,4681,5728
102000011,3791,3462,329
102000012,4468,4469,-1
102000018,4867,3623,1244
102000019,3625,2087,1538
102000026,316,765,-449
102000029,403,297,106
102000030,194,487,-293
102000031,108,233,-125
102000032,468,494,-26
102000033,267,532,-265
102000034,997,557,440
102000035,1700,938,762
102000036,23,329,-306
102000037,394,83,311
102000038,259,350,-91
102000039,331,87,244
102000040,722,309,413
102000041,301,387,-86
102000042,333,333,0
102000043,410,303,107
102000044,532,500,32
102000045,1609,1320,289
102000046,1202,792,410
102000047,1161,1564,-403
102000048,659,1119,-460
102000049,1118,899,219
102000050,1527,1726,-199
102000051,554,793,-239
102000052,2192,1436,756
102000053,1089,1093,-4
102000054,814,1201,-387
102000055,1244,927,317
102000056,1158,1860,-702
102000057,2076,822,1254
102000058,1603,2208,-605
102000059,2861,2083,778
102000060,1980,1441,539
102000061,2062,2882,-820
102000062,1915,1630,285
102000063,1569,1929,-360
102000064,730,1042,-312
102000065,63,176,-113
102000066,1676,1361,315
102000067,3674,4579,-905
102000068,12377,3461,8916
102000069,84,1656,-1572
102000070,2538,97,2441
102000071,9729,12171,-2442
102000072,4320,5085,-765
102000073,2599,1627,972
102000074,1456,1434,22
102000075,213,486,-273
102000076,327,826,-499
102000077,896,1076,-180
102000078,2016,1214,802
102000079,264,319,-55
102000080,391,325,66
102000081,597,1062,-465
102000082,1035,579,456
102000083,663,486,177
102000084,309,420,-111
102000085,2376,1364,1012
102000086,1482,2919,-1437
102000087,1382,2216,-834
102000088,457,507,-50
102000089,1598,546,1052
102000090,834,1734,-900
102000091,1896,728,1168
102000092,542,1135,-593
102000093,749,871,-122
102000094,1493,965,528
102000095,1546,1713,-167
102000096,1306,1159,147
102000097,1497,1393,104
102000098,752,1295,-543
102000099,1421,1065,356
102000100,956,1475,-519
102000101,1616,1007,609
102000102,612,2478,-1866
102000103,2069,627,1442
102000104,905,408,497
102000105,324,835,-511
102000106,985,854,131
102000107,1160,881,279
102000108,1205,317,888
102000109,917,788,129
102000110,1250,1685,-435
102000111,29,390,-361
102000112,484,151,333
102000113,21,61,-40
102000114,1041,491,550
102000115,285,435,-150
102000116,867,426,441
102000117,553,602,-49
102000118,2097,1317,780
102000119,2540,896,1644
102000120,282,694,-412
102000121,1239,767,472
102000122,704,1193,-489
102000123,1734,1646,88
102000124,2145,1552,593
102000125,1509,1416,93
102000126,1846,1035,811
102000127,1961,995,966
102000128,1027,1329,-302
102000129,1584,1053,531
102000130,810,1220,-410
102000131,2267,1237,1030
102000132,801,1925,-1124
102000133,2716,2475,241
102000134,718,1063,-345
102000135,1232,1206,26
102000136,1472,674,798
102000137,1652,1149,503
102000138,708,544,164
102000139,706,698,8
102000140,1072,558,514
102000141,1809,950,859
102000142,659,577,82
102000143,189,563,-374
102000144,290,517,-227
102000145,712,781,-69
102000146,531,488,43
102000147,645,798,-153
102000148,278,1064,-786
102000149,247,708,-461
102000150,409,190,219
102000151,145,487,-342
102000152,195,183,12
102000153,1414,710,704
102000154,505,958,-453
102000155,171,406,-235
102000156,415,208,207
102000157,166,374,-208
102000158,824,726,98
102000159,1618,518,1100
102000161,5067,2942,2125
102000162,354,187,167
102000163,158,741,-583
102000164,1717,1548,169
102000165,538,217,321
102000166,190,233,-43
102000167,447,271,176
102000168,347,196,151
102000169,176,673,-497
102000170,786,280,506
102000171,543,297,246
102000172,434,501,-67
102000173,673,426,247
102000174,115,126,-11
102000175,473,169,304
102000176,105,38,67
102000178,554,650,-96
102000179,374,300,74
102000180,1370,676,694
102000181,746,750,-4
102000182,822,742,80
102000183,2639,2588,51
102000184,2780,1296,1484
102000185,2941,1957,984
102000186,1422,2600,-1178
102000187,1561,2197,-636
102000188,1837,1995,-158
102000189,3166,1140,2026
102000190,894,3874,-2980
102000191,1766,794,972
102000192,1386,2036,-650
102000193,51,186,-135
102000194,68,155,-87
102000195,487,664,-177
102000196,172,545,-373
102000197,675,643,32
102000198,285,1049,-764
102000199,1403,552,851
102000200,421,1492,-1071
102000201,1042,706,336
102000202,2,161,-159
102000203,488,393,95
102000204,414,985,-571
102000205,1185,601,584
102000206,739,1153,-414
102000207,1720,600,1120
102000208,911,775,136
102000209,247,116,131
102000210,640,576,64
102000211,932,506,426
102000212,519,18,501
102000213,12,435,-423
102000214,244,13,231
102000215,18,596,-578
102000216,62,62,0
102000217,11,200,-189
102000218,315,198,117
102000219,570,458,112
102000225,828,844,-16
102000226,8140,2000,6140
102000227,154,3,151
102000228,0,155,-155
102000229,31,57,-26
102000230,309,654,-345
102000231,442,805,-363
102000232,30,221,-191
102000233,728,1094,-366
102000234,171,1698,-1527
102000236,852,124,728
102000237,739,206,533
102000238,243,426,-183
102000240,760,986,-226
102000241,515,193,322
102000243,75,104,-29
102000245,49,147,-98
102000246,21,36,-15
102000247,1198,1454,-256
102000248,945,1077,-132
102000249,263,181,82
102000250,190,509,-319
102000254,72,513,-441
102000266,159,432,-273
102000271,48,4,44
102000286,655,583,72
102000297,2655,1682,973
102000299,0,1,-1
102000301,0,0,0
102000305,0,0,0
102000307,0,4,-4
102000308,0,1,-1
102900001,2472,1176,1296
102900002,442,67,375
102900003,70,294,-224
102900005,567,429,138
102900006,579,272,307
102900007,591,43,548
102900008,298,122,176
102900009,806,336,470
102900010,977,655,322
102900011,2590,462,2128
102900012,448,99,349
102900013,33,122,-89
102900015,1052,595,457
102900016,72,204,-132
102900017,180,923,-743
102900018,38,208,-170
102900019,600,754,-154
102900020,187,40,147
102900021,18,169,-151
102900022,878,232,646
102900023,51,111,-60
102900024,40,82,-42
102900025,358,144,214
102900026,789,2840,-2051
102900027,107,74,33
102900028,252,1231,-979
102900029,220,220,0
102900030,890,473,417
102900031,270,250,20
102900032,165,107,58
102900033,207,318,-111
102900034,808,159,649
102900035,197,484,-287
102900036,462,673,-211
102900037,914,806,108
102900038,1070,799,271
102900039,27,889,-862
102900040,251,434,-183
102900041,66,243,-177
102900042,223,423,-200
102900043,268,446,-178
102900044,1525,2750,-1225
102900045,220,820,-600
102900046,184,390,-206
102900047,67,735,-668
102900048,1034,857,177
102900049,131,486,-355
102900050,538,469,69
102900051,345,291,54
102900052,59,55,4
102900053,501,914,-413
102900054,1221,2069,-848
102900055,148,232,-84
102900056,148,590,-442
102900057,13,74,-61
102900058,377,127,250
102900059,23,119,-96
102900060,146,804,-658
102900061,254,732,-478
102900062,369,1392,-1023
102900063,1293,643,650
102900064,230,638,-408
102900065,1846,628,1218
102900066,406,63,343
102900068,176,130,46
102900070,533,752,-219
102900072,96,65,31
102900073,469,10,459
102900075,52,84,-32
102900076,243,235,8
102900077,40,61,-21
102900078,44,109,-65
102900079,268,11,257
102900080,356,44,312
102900081,123,374,-251
102900082,8,285,-277
102900083,342,24,318
102900084,20,43,-23
102900085,596,211,385
102900086,22,76,-54
102900087,160,127,33
102900088,40,46,-6
102900089,346,198,148
102900090,3,579,-576
102900091,263,18,245
102900092,446,1604,-1158
102900093,284,312,-28
102900094,0,68,-68
102900095,139,4,135
102900096,100,20,80
102900097,1,169,-168
103000001,2592,3104,-512
103000002,2710,3214,-504
103000003,4465,3566,899
103000004,1175,1037,138
103000005,2153,3719,-1566
103000006,781,2019,-1238
103000007,523,1072,-549
103000008,1343,995,348
103000009,1456,1562,-106
103000010,196,129,67
103000011,2111,2017,94
103000012,1502,2006,-504
103000013,6486,2795,3691
103000014,1888,3311,-1423
103000015,2381,861,1520
103000016,598,1790,-1192
103000017,218,576,-358
103000018,1059,635,424
103000019,313,392,-79
103000020,3264,2030,1234
103000021,2207,2025,182
103000022,831,1331,-500
103000023,754,2003,-1249
103000024,135,243,-108
103000025,265,766,-501
103000026,2183,216,1967
103000027,774,724,50
103000028,794,622,172
103000029,456,401,55
103000030,3315,1265,2050
103000031,2903,2199,704
103000032,2951,2615,336
103000033,4432,3703,729
103000034,2124,1720,404
103000035,538,1813,-1275
103000036,539,794,-255
103000037,739,660,79
103000038,707,1417,-710
103000039,437,626,-189
103000040,613,1431,-818
103000041,1942,3025,-1083
103000042,1374,898,476
103000043,940,1478,-538
103000044,360,258,102
103000046,367,643,-276
103000047,777,994,-217
103000048,280,369,-89
103000049,300,220,80
103000050,778,769,9
103000051,653,836,-183
103000052,1021,644,377
103000053,190,939,-749
103000054,3242,2208,1034
103000055,2533,2862,-329
103000056,700,2095,-1395
103000057,543,394,149
103000058,774,1474,-700
103000059,570,1363,-793
103000060,968,1173,-205
103000061,584,1426,-842
103000062,1475,902,573
103000063,873,1264,-391
103000064,226,373,-147
103000065,8,571,-563
103000066,287,20,267
103000069,798,530,268
103000070,1790,1191,599
103000071,1173,681,492
103000072,157,998,-841
103000073,541,151,390
103000074,814,148,666
103000075,207,992,-785
103000076,466,407,59
103000077,108,563,-455
103000078,1534,713,821
103000079,1320,879,441
103000080,1863,556,1307
103000081,809,1426,-617
103000082,879,243,636
103000083,174,469,-295
103000084,280,15,265
103000085,7,181,-174
103000086,1317,477,840
103000087,159,807,-648
103000088,407,442,-35
103000089,322,640,-318
103000090,2182,978,1204
103000091,736,467,269
103000092,304,419,-115
103000093,396,547,-151
103000094,250,117,133
103000095,98,481,-383
103000096,630,135,495
103000097,95,926,-831
103000098,1235,265,970
103000099,457,824,-367
103000100,159,1060,-901
103000101,991,176,815
103000102,148,897,-749
103000103,780,288,492
103000104,80,186,-106
103000105,161,122,39
103000106,19,197,-178
103000107,322,97,225
103000108,764,611,153
103000109,400,387,13
103000110,599,444,155
103000111,607,536,71
103000112,437,249,188
103000113,938,852,86
103000114,1747,559,1188
103000115,633,474,159
103000116,637,557,80
103000117,382,574,-192
103000118,1255,1019,236
103000119,1771,877,894
103000120,153,201,-48
103000121,1372,1020,352
103000122,894,818,76
103000125,19,453,-434
103000126,842,12,830
103000127,4,229,-225
103000128,207,11,196
103000129,2,184,-182
103000130,89,78,11
103000131,292,142,150
103000132,159,267,-108
103000133,29,174,-145
103000134,1011,989,22
103000135,991,378,613
103000136,913,551,362
103000137,734,729,5
103000138,988,933,55
103000139,2,78,-76
103000140,139,30,109
103000141,114,165,-51
103000142,342,111,231
103000143,86,252,-166
103000144,338,112,226
103000145,164,130,34
103000150,170,72,98
103000152,281,315,-34
103000153,278,198,80
103000156,8,475,-467
103000157,583,5,578
103000159,201,95,106
103000162,181,46,135
103000163,22,55,-33
103000164,104,23,81
103000165,123,474,-351
103000166,269,351,-82
103000167,236,110,126
103000168,95,325,-230
103000169,291,614,-323
103000170,816,689,127
103000171,185,111,74
103000172,648,514,134
103000173,626,897,-271
103000174,179,595,-416
103000175,281,569,-288
103000176,1056,930,126
103000177,855,609,246
103000178,599,438,161
103000179,736,85,651
103000183,150,27,123
103000185,98,72,26
103000186,135,256,-121
103000187,547,594,-47
103000188,18,126,-108
103000189,889,1218,-329
103000191,862,919,-57
103000292,2529,2331,198
103000293,1504,2233,-729
103000295,232,138,94
103000296,922,13,909
103000297,333,143,190
103000504,267,27,240
103000505,17,35,-18
103000506,1,334,-333
103000507,349,6,343
103000508,86,108,-22
103000509,273,753,-480
103900001,4,324,-320
103900002,2041,320,1721
103900003,2224,296,1928
103900004,133,1,132
103900005,6,412,-406
103900006,2,0,2
103900007,28,3,25
103900008,30,0,30
103900009,312,652,-340
103900010,170,486,-316
103900011,277,301,-24
103900012,8,20,-12
103900013,75,108,-33
103900014,60,29,31
103900015,53,22,31
103900016,576,277,299
103900017,96,143,-47
103900018,982,365,617
103900019,139,486,-347
103900020,292,713,-421
103900021,906,117,789
103900022,1629,970,659
103900023,178,5,173
103900024,183,502,-319
103900025,24,76,-52
103900026,656,3,653
103900027,894,428,466
103900028,27,424,-397
103900029,1376,214,1162
103900030,511,102,409
103900031,40,10,30
103900032,117,83,34
103900033,158,30,128
103900034,29,247,-218
103900035,110,79,31
103900036,35,42,-7
103900037,137,92,45
103900038,126,283,-157
103900039,86,508,-422
103900040,2,216,-214
103900041,64,75,-11
103900042,70,419,-349
103900043,195,125,70
103900044,208,257,-49
103900045,400,252,148
103900047,102,42,60
103900048,211,33,178
103900049,499,1666,-1167
103900050,26,147,-121
103900051,0,47,-47
103900052,265,620,-355
103900053,221,991,-770
103900054,124,701,-577
103900055,553,282,271
103900056,161,119,42
103900057,40,276,-236
103900058,346,1002,-656
103900059,1,42,-41
103900060,59,284,-225
103900061,146,83,63
103900062,333,112,221
103900063,89,1,88
103900064,103,13,90
103900065,1312,548,764
103900066,165,38,127
103900067,220,11,209
103900068,24,2,22
103900069,86,26,60
103900070,262,317,-55
103900071,19,171,-152
103900072,13,307,-294
103900073,28,29,-1
103900074,124,127,-3
103900075,372,124,248
103900076,443,877,-434
103900077,54,90,-36
103900078,507,193,314
103900079,205,343,-138
103900080,21,61,-40
103900081,128,27,101
103900082,12,141,-129
103900083,1975,1160,815
103900084,129,232,-103
103900085,129,208,-79
103900086,611,550,61
103900087,12,60,-48
103900088,665,623,42
103900089,76,179,-103
103900090,5,211,-206
103900091,1487,404,1083
103900092,1335,678,657
103900093,156,396,-240
103900094,29,164,-135
103900095,624,269,355
103900096,37,299,-262
103900097,9,707,-698
103900098,245,146,99
103900099,79,299,-220
103900100,159,621,-462
103900101,128,1299,-1171
103900102,0,41,-41
103900104,2,33,-31
103900105,127,370,-243
103900106,1,89,-88
103900107,116,293,-177
103900108,40,544,-504
103900109,100,118,-18
103900110,282,78,204
103900111,149,948,-799
103900112,84,169,-85
103900113,167,251,-84
103900114,514,511,3
103900115,375,386,-11
103900116,9109,3342,5767
103900117,232,137,95
103900119,40,85,-45
103900120,108,163,-55
103900122,109,469,-360
103900123,2119,1100,1019
103900124,64,688,-624
103900125,114,137,-23
103900126,470,512,-42
103900127,211,692,-481
103900128,274,227,47
103900131,33,152,-119
103900133,1348,341,1007
103900134,0,7,-7
103900135,16,6,10
103900137,3,71,-68
103900138,122,430,-308
103900139,329,2167,-1838
103900140,9,116,-107
103900141,369,97,272
103900142,138,210,-72
103900143,39,8,31
103900144,0,65,-65
103900145,246,359,-113
103900146,344,396,-52
103900147,420,148,272
103900148,251,497,-246
103900149,311,1032,-721
103900150,8630,4416,4214
103900151,84,205,-121
103900152,559,766,-207
103900153,8,0,8
103900154,1599,2244,-645
103900155,75,316,-241
103900156,42,269,-227
103900157,44,349,-305
103900158,104,294,-190
103900159,191,123,68
103900160,72,50,22
103900161,128,262,-134
103900162,67,288,-221
103900163,18,555,-537
103900167,28,170,-142
103900168,156,186,-30
103900169,73,58,15
103900170,2,139,-137
103900171,5,97,-92
103900172,11,35,-24
103900173,10,15,-5
103900174,143,61,82
103900175,61,66,-5
103900176,20,64,-44
103900177,20,110,-90
103900178,68,115,-47
103900179,59,175,-116
103900180,16,124,-108
103900181,86,93,-7
103900182,105,24,81
103900184,627,115,512
103900185,330,402,-72
103900187,44,86,-42
103900188,53,36,17
103900189,144,15,129
103900190,99,86,13
103900191,28,70,-42
103900192,56,126,-70
103900193,178,301,-123
103900194,74,365,-291
103900195,8,97,-89
103900196,112,62,50
103900197,23,71,-48
103900198,17,105,-88
103900199,147,90,57
103900200,159,303,-144
103900201,189,444,-255
103900202,41,83,-42
103900203,40,20,20
103900204,3,170,-167
103900207,0,177,-177
103900208,134,1,133
103900209,17,149,-132
103900210,47,55,-8
103900211,558,572,-14
103900212,128,512,-384
103900213,113,338,-225
103900214,295,218,77
103900215,559,411,148
103900216,14,557,-543
103900217,425,101,324
103900218,5,378,-373
103900219,198,394,-196
103900233,100,1,99
103900235,25,31,-6
103900236,14,4,10
103900242,30,32,-2
103900243,25,11,14
103900244,123,332,-209
103900245,114,327,-213
103900246,86,54,32
103900247,61,173,-112
103900248,25,65,-40
103900249,55,63,-8
103900250,49,34,15
103900251,6,26,-20
103900253,46,99,-53
103900254,12,25,-13
103900255,19,37,-18
103900256,17,63,-46
103900257,122,182,-60
103900258,68,4,64
103900259,92,15,77
103900261,12,4,8
103900262,21,4,17
103900263,57,62,-5
103900264,145,67,78
103900265,98,40,58
103900266,1,115,-114
103900267,14,100,-86
103900268,8,82,-74
103900269,136,56,80
103900270,79,230,-151
103900271,62,200,-138
103900272,78,122,-44
103900273,33,119,-86
103900274,95,34,61
103900275,48,29,19
103900276,14,195,-181
103900277,12,219,-207
103900278,0,9,-9
103900279,1,6,-5
104000001,2495,2671,-176
104000002,1952,3186,-1234
104000003,2816,3194,-378
104000004,3633,3297,336
104000005,1751,2965,-1214
104000006,3584,3833,-249
104000007,5281,5378,-97
104000008,331,425,-94
104000009,161,150,11
104000010,179,285,-106
104000011,657,475,182
104000012,163,584,-421
104000013,199,220,-21
104000014,257,938,-681
104000015,349,155,194
104000016,729,604,125
104000018,838,210,628
104000019,638,223,415
104000020,193,741,-548
104000021,332,765,-433
104000022,197,349,-152
104000023,1399,406,993
104000024,296,472,-176
104000026,53,572,-519
104000027,377,461,-84
104000028,375,351,24
104000029,501,615,-114
104000030,332,251,81
104000031,1528,517,1011
104000032,217,371,-154
104000033,633,605,28
104000034,363,410,-47
104000035,903,563,340
104000036,782,707,75
104000037,294,245,49
104000038,453,392,61
104000039,190,353,-163
104000040,476,589,-113
104000041,2039,428,1611
104000042,312,571,-259
104000043,568,585,-17
104000044,398,786,-388
104000045,1275,1617,-342
104000046,1657,2271,-614
104000047,1452,1754,-302
104000048,1231,2161,-930
104000049,1220,409,811
104000050,355,927,-572
104000051,146,695,-549
104000052,2704,1972,732
104000053,2451,693,1758
104000054,1434,571,863
104000055,5281,3354,1927
104000056,1795,261,1534
104000057,145,618,-473
104000058,1182,891,291
104000059,768,1555,-787
104000060,1269,1446,-177
104000061,1782,1514,268
104000062,393,143,250
104000064,517,372,145
104000065,439,968,-529
104000069,1424,1204,220
104000070,91,735,-644
104000071,194,745,-551
104000072,738,285,453
104000075,160,355,-195
104000076,706,180,526
104000082,2835,4068,-1233
104000083,906,227,679
104000084,162,642,-480
104000085,292,389,-97
104000086,261,480,-219
104000087,696,2257,-1561
104000090,792,1810,-1018
104000092,1301,2936,-1635
104000094,1483,2192,-709
104000095,2315,1803,512
104000096,2006,359,1647
104000097,1908,1172,736
104000098,2316,1451,865
104000100,2041,916,1125
104000101,1571,2272,-701
104000106,131,850,-719
104000107,729,614,115
104000108,419,737,-318
104000109,409,146,263
104000110,976,1322,-346
104000111,5336,2948,2388
104000112,3231,695,2536
104000116,5,1396,-1391
104000117,173,935,-762
104000118,635,318,317
104000119,868,390,478
104000120,348,1166,-818
104000121,223,877,-654
104000122,732,948,-216
104000123,994,1289,-295
104000124,1079,2614,-1535
104000125,4819,4459,360
104000126,525,493,32
104000127,1685,3557,-1872
104000128,827,629,198
104000129,518,40,478
104000130,7,342,-335
104000131,870,617,253
104000132,643,732,-89
104000133,1550,1109,441
104000134,1310,1756,-446
104000135,511,2113,-1602
104000136,1124,4157,-3033
104000137,1836,475,1361
104000138,1482,419,1063
104000139,8498,3412,5086
104000141,1478,1635,-157
104000142,714,1070,-356
104000143,633,800,-167
104000144,93,230,-137
104000145,399,251,148
104000146,363,737,-374
104000147,174,463,-289
104000148,376,195,181
104000149,201,446,-245
104000150,1453,671,782
104000151,603,663,-60
104000152,750,907,-157
104000153,745,720,25
104000154,1195,911,284
104000155,541,602,-61
104000157,1330,2089,-759
104000158,1022,653,369
104000159,923,578,345
104000160,1919,2158,-239
104000161,233,348,-115
104000162,77,270,-193
104000165,1471,1590,-119
104000167,741,1313,-572
104000168,709,6,703
104000169,95,55,40
104000170,639,591,48
104000248,308,908,-600
104000251,77,389,-312
104000272,0,0,0
104000273,0,0,0
104000274,0,0,0
104000275,0,0,0
104000279,815,532,283
104000290,183,335,-152
104000291,729,1380,-651
104000293,789,861,-72
104000294,47,0,47
104000295,825,1312,-487
104000296,541,1158,-617
104000297,1057,2579,-1522
104000298,3594,1197,2397
104000299,920,1844,-924
104900001,192,739,-547
104900002,69,252,-183
104900003,57,542,-485
104900004,157,528,-371
104900005,351,287,64
104900006,402,167,235
104900007,287,422,-135
104900009,196,456,-260
104900010,60,111,-51
104900011,201,28,173
104900012,449,44,405
104900013,225,24,201
104900014,3875,432,3443
104900015,105,13,92
104900016,321,390,-69
104900017,245,333,-88
104900018,11,261,-250
104900019,464,2852,-2388
104900020,123,435,-312
104900021,1,263,-262
104900022,11,143,-132
104900023,1,105,-104
104900024,24,89,-65
104900025,134,443,-309
104900026,2,107,-105
104900027,575,410,165
104900028,37,103,-66
104900029,63,81,-18
104900030,565,337,228
104900031,119,268,-149
104900032,73,164,-91
104900033,188,280,-92
104900034,453,327,126
104900035,353,369,-16
104900036,194,206,-12
104900037,269,376,-107
104900038,826,1037,-211
104900039,907,368,539
104900040,416,189,227
104900041,260,177,83
104900042,210,320,-110
104900043,28,148,-120
104900044,551,358,193
104900045,510,73,437
104900046,188,265,-77
104900047,342,199,143
104900048,239,84,155
104900049,42,35,7
104900050,675,171,504
104900051,383,90,293
104900052,48,2,46
104900053,470,143,327
104900054,191,91,100
104900055,92,0,92
104900056,622,43,579
104900057,65,2,63
104900058,1504,544,960
104900059,189,34,155
104900060,3,647,-644
104900061,332,927,-595
104900063,1,162,-161
104900064,0,136,-136
104900065,0,239,-239
104900066,3,303,-300
104900067,6,422,-416
104900068,33,329,-296
104900070,325,466,-141
104900071,1,744,-743
104900072,89,441,-352
104900073,82,299,-217
104900074,126,417,-291
104900075,74,87,-13
104900076,128,497,-369
104900077,1382,373,1009
104900078,282,825,-543
104900079,143,663,-520
104900080,117,770,-653
104900082,29,676,-647
104900085,6,320,-314
104900087,1271,10,1261
104900089,208,1,207
104900090,1616,831,785
104900091,2735,858,1877
104900093,322,849,-527
104900097,3559,2715,844
104900098,239,90,149
104900099,220,808,-588
104900100,716,350,366
104900102,79,263,-184
104900103,519,99,420
104900104,4025,3041,984
104900106,142,183,-41
104900107,234,276,-42
104900108,126,334,-208
104900109,127,387,-260
104900110,11,61,-50
104900111,164,192,-28
104900112,340,993,-653
104900113,669,540,129
104900114,414,792,-378
104900115,911,532,379
104900116,260,315,-55
104900118,35,173,-138
104900119,22,86,-64
104900120,53,250,-197
104900121,1,128,-127
104900122,5,95,-90
104900123,67,9,58
104900124,42,0,42
104900125,593,5,588
104900126,98,97,1
104900127,59,121,-62
104900128,92,161,-69
104900129,2824,2085,739
105000001,2609,1907,702
105000002,2511,1938,573
105000003,4111,4222,-111
105000004,853,1443,-590
105000005,946,1258,-312
105000006,1693,1816,-123
105000007,1340,1494,-154
105000008,2305,2978,-673
105000009,2499,3954,-1455
105000010,4509,3318,1191
105000011,4033,3243,790
105000012,6961,4416,2545
105000013,1335,1431,-96
105000014,3181,3246,-65
105000015,12582,17298,-4716
105000016,4839,3096,1743
105000017,2475,1197,1278
105000018,1754,1754,0
105000019,2523,1115,1408
105000020,203,559,-356
105000021,373,116,257
105000022,391,94,297
105000023,843,513,330
105000028,112,155,-43
105000029,662,1481,-819
105000030,5401,3953,1448
105000033,1872,2877,-1005
105000034,194,1266,-1072
105000037,847,583,264
105000038,3522,1987,1535
105000039,4344,2580,1764
105000040,1504,1305,199
105000041,1765,2109,-344
105000042,6117,1938,4179
105000043,3233,3285,-52
105000044,684,563,121
105000045,565,1414,-849
105000046,1141,474,667
105000047,581,2390,-1809
105000048,865,296,569
105000049,325,1022,-697
105000050,674,522,152
105000051,264,692,-428
105000052,986,1188,-202
105000053,189,227,-38
105000054,780,1241,-461
105000055,1564,511,1053
105000056,3584,3165,419
105000057,3328,1181,2147
105000058,1708,1772,-64
105000059,824,880,-56
105000060,597,795,-198
105000061,613,802,-189
105000062,846,1123,-277
105000063,332,724,-392
105000064,1324,1366,-42
105000065,395,760,-365
105000066,1299,2010,-711
105000067,1391,1230,161
105000068,675,1248,-573
105000069,2611,1884,727
105000070,924,940,-16
105000071,344,891,-547
105000072,995,2261,-1266
105000073,964,780,184
105000074,1694,1177,517
105000075,786,1096,-310
105000076,1528,1337,191
105000077,3190,1286,1904
105000078,1932,1769,163
105000079,1968,3434,-1466
105000080,2495,1826,669
105000081,4632,1500,3132
105000082,1483,1807,-324
105000083,5787,3262,2525
105000084,1067,1253,-186
105000085,2450,2143,307
105000086,624,1363,-739
105000087,2119,2440,-321
105000088,2083,2039,44
105000089,5218,3368,1850
105000090,1600,1148,452
105000091,2081,2044,37
105000092,1156,1347,-191
105000093,531,337,194
105000094,305,312,-7
105000095,174,580,-406
105000096,1438,1136,302
105000097,1269,895,374
105000098,1090,1035,55
105000099,1337,977,360
105000100,1685,1361,324
105000101,3398,2651,747
105000102,5578,2009,3569
105000103,3397,3103,294
105000104,3587,1331,2256
105000105,2334,2986,-652
105000106,2327,2500,-173
105000107,1484,1295,189
105000108,1644,1915,-271
105000109,1500,2528,-1028
105000110,846,918,-72
105000111,747,1190,-443
105000112,1367,978,389
105000113,455,1051,-596
105000114,3686,1464,2222
105000115,324,1477,-1153
105000116,1001,828,173
105000117,1158,1533,-375
105000118,793,718,75
105000119,885,1513,-628
105000120,1046,837,209
105000121,964,1600,-636
105000122,583,1066,-483
105000123,2249,1943,306
105000124,2207,1300,907
105000125,968,2765,-1797
105000126,2300,2437,-137
105000127,2836,3012,-176
105000128,2075,1606,469
105000129,1550,512,1038
105000130,531,2801,-2270
105000131,1130,610,520
105000132,883,702,181
105000133,676,1312,-636
105000134,821,830,-9
105000135,713,967,-254
105000136,270,497,-227
105000137,451,310,141
105000138,233,523,-290
105000139,1317,1432,-115
105000140,388,724,-336
105000141,377,935,-558
105000142,265,677,-412
105000143,421,1166,-745
105000144,395,1265,-870
105000145,798,604,194
105000146,501,1288,-787
105000147,647,472,175
105000148,1525,673,852
105000149,3027,2563,464
105000150,2608,2364,244
105000151,632,606,26
105000152,263,703,-440
105000153,660,1015,-355
105000154,797,737,60
105000155,470,1557,-1087
105000156,1108,836,272
105000157,992,2081,-1089
105000158,2134,1100,1034
105000159,309,1361,-1052
105000160,2216,849,1367
105000161,837,1474,-637
105000162,611,2134,-1523
105000163,1338,1201,137
105000164,240,406,-166
105000165,1569,5760,-4191
105000166,7257,1198,6059
105000167,2928,1739,1189
105000168,418,932,-514
105000169,552,815,-263
105000170,241,2279,-2038
105000171,1382,426,956
105000172,317,158,159
105000173,179,462,-283
105000174,92,299,-207
105000175,99,222,-123
105000176,674,253,421
105000177,315,309,6
105000178,149,623,-474
105000179,522,553,-31
105000180,179,194,-15
105000181,115,392,-277
105000182,115,82,33
105000183,3920,2043,1877
105000184,2186,1479,707
105000185,2681,927,1754
105000186,1495,1016,479
105000187,1432,239,1193
105000188,758,252,506
105000189,552,626,-74
105000190,436,620,-184
105000191,497,423,74
105000192,403,125,278
105000193,185,188,-3
105000194,375,181,194
105000195,515,1189,-674
105000196,89,274,-185
105000197,333,731,-398
105000198,793,474,319
105000199,380,660,-280
105000200,227,311,-84
105000201,187,37,150
105000203,23,237,-214
105000204,115,150,-35
105000205,127,251,-124
105000207,911,420,491
105000208,374,651,-277
105000209,265,544,-279
105000212,1633,2023,-390
105000213,324,347,-23
105000214,268,632,-364
105000215,234,286,-52
105000216,174,826,-652
105000217,236,619,-383
105000218,1417,1608,-191
105000221,153,298,-145
105000222,1135,103,1032
105000223,702,268,434
105000226,113,357,-244
105000227,104,216,-112
105000228,387,2073,-1686
105000229,269,605,-336
105000231,356,353,3
105000233,988,1016,-28
105000234,1248,1662,-414
105000235,606,814,-208
105000237,778,65,713
105000243,41,348,-307
105000248,100,106,-6
105000262,393,1809,-1416
105000269,176,265,-89
105000270,467,106,361
105000271,4,258,-254
105000282,87,57,30
105000287,456,189,267
105000288,1275,676,599
105000289,3814,2670,1144
105000290,87,9,78
105000402,5080,4698,382
105000426,659,923,-264
105000438,5175,1826,3349
105000446,16959,7480,9479
105000447,10130,4058,6072
105000454,463,1107,-644
105000455,384,311,73
105000474,33,7,26
105000477,431,838,-407
105000478,1940,4877,-2937
105000479,310,205,105
105000480,10414,6603,3811
105000481,5376,3839,1537
105000482,8187,8782,-595
105000483,1603,2010,-407
105000484,2884,3923,-1039
105000485,2103,3041,-938
105000486,5855,3367,2488
105000488,13094,7049,6045
105000489,1048,1262,-214
105000549,328,245,83
105000550,618,2166,-1548
105000551,45,233,-188
105000552,3932,2328,1604
105000555,378,649,-271
105900001,10,1639,-1629
105900002,2015,901,1114
105900003,16,157,-141
105900004,573,149,424
105900005,26,518,-492
105900006,22,132,-110
105900007,325,39,286
105900008,61,697,-636
105900009,35,25,10
105900011,916,79,837
105900012,987,399,588
105900013,5,54,-49
105900014,19,89,-70
105900015,377,350,27
105900016,607,846,-239
105900017,2146,76,2070
105900018,219,298,-79
105900019,115,1377,-1262
105900020,62,79,-17
105900021,105,556,-451
105900022,554,258,296
105900023,12,178,-166
105900024,47,212,-165
105900025,120,96,24
105900026,265,23,242
105900027,9832,14363,-4531
105900028,1187,320,867
105900029,2239,549,1690
105900030,290,336,-46
105900031,460,272,188
105900032,99,212,-113
105900033,187,185,2
105900034,506,343,163
105900035,300,254,46
105900036,95,205,-110
105900037,110,60,50
105900038,134,413,-279
105900039,93,181,-88
105900040,84,136,-52
105900041,213,236,-23
105900042,67,179,-112
105900043,1662,129,1533
105900044,6,395,-389
105900045,1,1087,-1086
105900046,19,368,-349
105900047,8,55,-47
105900048,152,832,-680
105900050,11841,4043,7798
105900051,26,1305,-1279
105900052,695,504,191
105900053,5044,3737,1307
105900054,480,329,151
105900056,1154,564,590
105900057,157,181,-24
105900058,9,23,-14
105900059,0,23,-23
106000001,5849,3534,2315
106000002,3649,6926,-3277
106000003,3460,4795,-1335
106000004,2383,3672,-1289
106000005,3544,7468,-3924
106000006,7021,5715,1306
106000007,669,762,-93
106000008,546,403,143
106000009,627,489,138
106000010,823,840,-17
106000011,1068,1365,-297
106000012,1059,1810,-751
106000013,2203,2675,-472
106000014,2539,2310,229
106000015,1826,1736,90
106000016,1501,2901,-1400
106000017,704,1027,-323
106000018,866,687,179
106000019,572,679,-107
106000020,363,459,-96
106000021,287,658,-371
106000022,428,299,129
106000023,676,512,164
106000024,644,756,-112
106000025,108,254,-146
106000026,191,319,-128
106000027,1392,1799,-407
106000028,692,685,7
106000029,904,1593,-689
106000030,862,504,358
106000034,243,757,-514
106000035,1242,2203,-961
106000036,318,547,-229
106000037,2534,1974,560
106000038,550,165,385
106000039,260,118,142
106000040,222,1243,-1021
106000041,923,734,189
106000043,786,277,509
106000046,554,114,440
106000047,109,574,-465
106000049,1017,377,640
106000050,404,1065,-661
106000051,678,577,101
106000052,102,892,-790
106000053,392,185,207
106000054,462,711,-249
106000055,1294,1533,-239
106000056,338,529,-191
106000057,379,502,-123
106000058,140,258,-118
106000059,281,523,-242
106000060,492,684,-192
106000061,218,731,-513
106000062,140,661,-521
106000063,742,687,55
106000064,71,551,-480
106000065,459,478,-19
106000066,175,450,-275
106000067,1018,154,864
106000068,74,879,-805
106000069,241,114,127
106000070,513,1077,-564
106000071,1220,470,750
106000072,4008,1968,2040
106000073,1951,3612,-1661
106000074,650,798,-148
106000075,377,1754,-1377
106000076,2018,2810,-792
106000077,4504,1760,2744
106000078,1120,1249,-129
106000079,760,1353,-593
106000080,1392,874,518
106000081,693,1509,-816
106000082,2601,1122,1479
106000083,460,1971,-1511
106000084,1200,772,428
106000085,1934,1972,-38
106000086,693,1098,-405
106000087,1000,616,384
106000088,418,964,-546
106000089,1041,497,544
106000090,298,864,-566
106000091,326,698,-372
106000092,819,350,469
106000093,373,270,103
106000094,149,368,-219
106000095,747,1100,-353
106000096,964,1001,-37
106000097,1319,1222,97
106000098,1213,1502,-289
106000099,283,1325,-1042
106000100,2474,377,2097
106000101,5024,530,4494
106000102,770,1034,-264
106000103,593,765,-172
106000104,1991,684,1307
106000105,554,870,-316
106000106,713,749,-36
106000107,138,425,-287
106000108,260,526,-266
106000109,172,420,-248
106000110,195,583,-388
106000111,332,609,-277
106000112,214,767,-553
106000113,920,779,141
106000114,504,1041,-537
106000115,249,608,-359
106000116,372,264,108
106000117,1302,965,337
106000118,1424,1849,-425
106000119,2196,1469,727
106000120,1005,1416,-411
106000121,189,217,-28
106000122,105,325,-220
106000123,460,237,223
106000124,74,376,-302
106000125,37,440,-403
106000126,247,258,-11
106000127,968,1388,-420
106000128,751,363,388
106000129,532,1007,-475
106000130,812,566,246
106000131,191,1082,-891
106000132,722,318,404
106000133,3042,1583,1459
106000134,861,4569,-3708
106000135,283,826,-543
106000136,787,1469,-682
106000137,104,1173,-1069
106000138,1440,175,1265
106000139,60,181,-121
106000140,58,61,-3
106000141,117,113,4
106000142,86,83,3
106000143,123,92,31
106000144,45,86,-41
106000145,240,375,-135
106000146,404,260,144
106000147,570,626,-56
106000148,980,1116,-136
106000149,641,545,96
106000150,631,2485,-1854
106000151,4399,1106,3293
106000152,1847,2435,-588
106000153,109,2303,-2194
106000154,1823,266,1557
106000155,96,381,-285
106000156,849,409,440
106000157,838,2201,-1363
106000158,2935,1340,1595
106000159,4439,2273,2166
106000160,464,3344,-2880
106000161,1992,641,1351
106000162,266,1111,-845
106000163,740,570,170
106000164,347,542,-195
106000165,305,771,-466
106000166,807,484,323
106000167,481,1584,-1103
106000168,524,463,61
106000169,308,920,-612
106000170,1423,413,1010
106000171,521,1753,-1232
106000172,3558,2193,1365
106000173,1754,3553,-1799
106000174,1196,541,655
106000175,341,1228,-887
106000176,2035,1106,929
106000177,1108,3384,-2276
106000178,4277,2371,1906
106000179,1421,3377,-1956
106000180,1109,1836,-727
106000181,902,2450,-1548
106000182,1274,1177,97
106000183,1393,1083,310
106000184,2572,1176,1396
106000185,1439,1637,-198
106000186,1135,329,806
106000187,311,1581,-1270
106000188,0,4,-4
106000189,19,94,-75
106000190,72,1,71
106000191,786,323,463
106000192,4,25,-21
106000193,583,312,271
106000194,222,589,-367
106000195,1382,323,1059
106000196,335,754,-419
106000197,930,425,505
106000198,243,360,-117
106000199,2508,1088,1420
106000200,397,359,38
106000201,673,3402,-2729
106000202,5968,974,4994
106000203,88,295,-207
106000204,107,9,98
106000205,15,180,-165
106000206,100,27,73
106000207,56,1003,-947
106000208,1369,216,1153
106000209,1625,505,1120
106000210,443,1470,-1027
106000211,512,1618,-1106
106000212,1081,469,612
106000213,1234,2446,-1212
106000214,3863,1019,2844
106000215,680,608,72
106000216,922,452,470
106000217,309,559,-250
106000218,617,556,61
106000219,152,331,-179
106000220,923,378,545
106000221,230,376,-146
106000222,61,140,-79
106000223,191,177,14
106000224,249,330,-81
106000225,80,154,-74
106000226,149,351,-202
106000228,74,138,-64
106000229,141,871,-730
106000231,944,239,705
106000232,183,560,-377
106000233,1086,111,975
106000234,662,303,359
106000235,3390,122,3268
106000236,1619,105,1514
106000237,16,20,-4
106000238,1328,20,1308
106000239,4,291,-287
106000240,120,8,112
106000241,25,956,-931
106000242,318,39,279
106000249,47,101,-54
106000250,71,723,-652
106000251,219,73,146
106000252,72,115,-43
106000253,48,106,-58
106000254,99,65,34
106000255,30,202,-172
106000256,70,116,-46
106000257,219,390,-171
106000258,1362,28,1334
106000259,80,62,18
106000260,58,5,53
106000261,5,60,-55
106000262,177,15,162
106000263,19,122,-103
106000264,227,22,205
106000265,16,240,-224
106000266,169,53,116
106000267,9,128,-119
106000268,686,144,542
106000269,99,80,19
106000270,209,803,-594
106000271,103,338,-235
106000272,432,86,346
106000273,18,337,-319
106000274,243,61,182
106000275,194,334,-140
106000276,245,63,182
106000277,194,323,-129
106000278,273,49,224
106000279,10,68,-58
106000280,81,151,-70
106000281,140,96,44
106000282,57,70,-13
106000283,171,81,90
106000284,88,135,-47
106000285,143,122,21
106000286,102,210,-108
106000287,200,102,98
106000288,140,239,-99
106000289,88,90,-2
106000290,63,106,-43
106000291,134,148,-14
106000292,126,138,-12
106000293,171,172,-1
106000294,132,166,-34
106000295,90,74,16
106000296,78,133,-55
106000297,82,263,-181
106000298,179,77,102
106000299,66,179,-113
106000300,88,174,-86
106000301,87,160,-73
106000303,42,161,-119
106000304,42,43,-1
106000305,81,104,-23
106000306,34,84,-50
106000307,114,56,58
106000308,39,206,-167
106000309,26,120,-94
106000310,334,645,-311
106000311,396,271,125
106000312,125,232,-107
106000313,163,297,-134
106000318,196,662,-466
106000319,1085,220,865
106000320,4,103,-99
106000321,1032,203,829
106000322,167,262,-95
106000324,15,157,-142
106000325,1843,1269,574
106000326,1200,2425,-1225
106000327,123,172,-49
106000328,66,145,-79
106000329,441,393,48
106000330,272,117,155
106000428,74,229,-155
106000429,195,637,-442
106000430,507,1707,-1200
106000431,2980,570,2410
106000432,2406,3622,-1216
106000433,2334,1746,588
106000434,3768,2182,1586
106000435,2294,3347,-1053
106000436,25,416,-391
106000437,434,45,389
106000438,610,246,364
106000439,130,592,-462
106000440,695,639,56
106000441,0,0,0
106000442,135,8,127
106000443,158,373,-215
106000450,5,248,-243
106000451,33,60,-27
106000454,10,866,-856
106000455,21,339,-318
106000456,184,91,93
106000457,16,1498,-1482
106000458,736,237,499
106000459,147,783,-636
106000460,1913,63,1850
106000461,84,2281,-2197
106000462,1,28,-27
106000463,6,41,-35
106000464,3,762,-759
106000465,738,4,734
106000466,8,878,-870
106000467,751,1010,-259
106000468,79,289,-210
106000469,373,0,373
106000470,319,2031,-1712
106000471,58,895,-837
106000472,198,35,163
106000473,34,40,-6
106000474,359,671,-312
106000475,274,194,80
106000476,185,269,-84
106000477,34,49,-15
106000480,0,108,-108
106900001,0,19,-19
106900002,3,627,-624
106900003,313,1442,-1129
106900004,0,52,-52
106900006,0,12,-12
106900007,0,17,-17
106900008,317,414,-97
106900009,289,496,-207
106900010,324,391,-67
106900012,2411,4536,-2125
106900013,1983,217,1766
106900014,30,4,26
106900015,21,2,19
106900016,414,17,397
106900017,3,1,2
106900018,7,0,7
106900019,35,1,34
106900020,3529,1645,1884
106900021,141,105,36
106900022,743,4,739
106900023,48,253,-205
106900024,1828,54,1774
106900025,105,930,-825
106900026,2,748,-746
106900027,1458,7,1451
107000001,5449,4687,762
107000002,5247,7664,-2417
107000003,6467,8227,-1760
107000004,7125,7691,-566
107000005,5377,7457,-2080
107000006,8237,7731,506
107000007,6809,13997,-7188
107000008,17722,12707,5015
107000009,8449,9396,-947
107000010,18035,14993,3042
107000011,1672,1936,-264
107000012,6574,4832,1742
107000013,90,146,-56
107000014,40,278,-238
107000015,695,979,-284
107000016,775,1204,-429
107000017,14355,2491,11864
107000018,171,1910,-1739
107000020,8578,2040,6538
107000021,3250,807,2443
107000022,3146,2390,756
107000023,3880,503,3377
107000024,1017,2135,-1118
107000025,258,778,-520
107000026,402,811,-409
107000027,1442,2153,-711
107000028,1713,2232,-519
107000029,4359,4449,-90
107000030,4572,4998,-426
107000031,4151,4228,-77
107000032,743,1442,-699
107000033,4754,10840,-6086
107000034,5728,2630,3098
107000035,509,345,164
107000036,570,1592,-1022
107000037,125,1226,-1101
107000038,368,411,-43
107000039,1024,1168,-144
107000040,250,633,-383
107000041,2284,1245,1039
107000042,1169,2580,-1411
107000043,3962,1524,2438
107000044,869,542,327
107000045,208,412,-204
107000046,1267,557,710
107000047,677,1105,-428
107000048,792,442,350
107000049,698,1041,-343
107000050,1209,762,447
107000051,629,576,53
107000052,1262,1380,-118
107000053,467,300,167
107000054,111,410,-299
107000055,243,113,130
107000056,490,1112,-622
107000057,1516,337,1179
107000058,2666,2867,-201
107000059,2922,4582,-1660
107000060,5046,7401,-2355
107000061,6814,5504,1310
107000062,4274,3915,359
107000063,4807,7447,-2640
107000064,5600,3191,2409
107000065,8301,7117,1184
107000066,2949,4031,-1082
107000067,1626,1533,93
107000068,2120,931,1189
107000069,989,636,353
107000070,1418,4,1414
107000071,3524,58,3466
107000072,126,4032,-3906
107000073,945,387,558
107000074,232,1478,-1246
107000075,1821,622,1199
107000076,985,2232,-1247
107000077,4193,1536,2657
107000078,3667,4826,-1159
107000079,3283,1261,2022
107000080,1831,4784,-2953
107000081,2030,905,1125
107000082,721,2995,-2274
107000083,1586,640,946
107000084,720,3010,-2290
107000085,3735,4860,-1125
107000086,4955,4745,210
107000087,3349,2764,585
107000088,5092,5069,23
107000089,1650,2352,-702
107000090,1482,1452,30
107000091,1276,1248,28
107000092,967,1389,-422
107000093,1344,1204,140
107000094,1390,1556,-166
107000095,1206,1049,157
107000096,779,1441,-662
107000097,1245,467,778
107000098,1451,985,466
107000099,868,371,497
107000100,430,541,-111
107000101,94,248,-154
107000102,336,504,-168
107000103,432,250,182
107000104,219,424,-205
107000105,554,232,322
107000106,738,373,365
107000107,604,312,292
107000108,359,904,-545
107000109,798,250,548
107000110,96,663,-567
107000111,471,97,374
107000112,50,420,-370
107000113,710,197,513
107000114,140,782,-642
107000115,556,173,383
107000116,116,1014,-898
107000117,135,733,-598
107000118,138,303,-165
107000119,1973,2014,-41
107000120,2142,661,1481
107000121,949,1003,-54
107000122,1578,1378,200
107000123,410,930,-520
107000124,615,1266,-651
107000125,1041,894,147
107000126,1185,1351,-166
107000129,519,888,-369
107000130,721,340,381
107000131,558,691,-133
107000132,721,461,260
107000133,1812,118,1694
107000134,472,5,467
107000135,21,355,-334
107000136,1168,9,1159
107000137,11,516,-505
107000138,679,50,629
107000139,24,647,-623
107000140,2888,213,2675
107000141,261,1239,-978
107000142,1026,197,829
107000143,78,948,-870
107000144,1030,931,99
107000145,241,705,-464
107000146,248,674,-426
107000147,3629,1081,2548
107000150,1031,4534,-3503
107000151,59,130,-71
107000152,698,1423,-725
107000153,265,627,-362
107000154,336,329,7
107000155,1158,55,1103
107000156,1544,49,1495
107000157,111,2359,-2248
107000158,712,38,674
107000159,48,1299,-1251
107000160,880,282,598
107000161,100,2157,-2057
107000162,341,922,-581
107000163,377,3,374
107000164,762,4,758
107000165,1052,17,1035
107000166,100,1683,-1583
107000167,682,372,310
107000168,1082,717,365
107000169,1196,1385,-189
107000170,2134,1308,826
107000171,969,3124,-2155
107000172,1208,1650,-442
107000173,876,1542,-666
107000174,1245,6373,-5128
107000175,10011,2752,7259
107000176,2,4,-2
107000177,28,4,24
107000178,16,96,-80
107000179,376,3041,-2665
107000180,1469,623,846
107000181,408,1640,-1232
107000182,1754,1422,332
107000183,174,1314,-1140
107000184,1136,1032,104
107000185,689,2172,-1483
107000186,1534,694,840
107000187,1966,1761,205
107000188,795,774,21
107000189,597,1479,-882
107000190,880,1037,-157
107000191,698,1289,-591
107000192,2064,1216,848
107000193,426,702,-276
107000194,991,920,71
107000197,1090,442,648
107000198,437,1075,-638
107000199,910,1178,-268
107000200,967,959,8
107000201,901,399,502
107000202,542,763,-221
107000203,2557,932,1625
107000204,2557,1028,1529
107000205,3206,1609,1597
107000206,1544,1720,-176
107000207,1091,1496,-405
107000208,1743,622,1121
107000209,3067,1335,1732
107000210,1166,562,604
107000211,9,50,-41
107000212,19,545,-526
107000213,6,34,-28
107000214,19,215,-196
107000215,565,544,21
107000216,512,503,9
107000217,544,203,341
107000219,139,177,-38
107000220,732,264,468
107000222,314,1218,-904
107000224,865,112,753
107000225,991,881,110
107000226,655,114,541
107000227,194,505,-311
107000228,104,285,-181
107000229,231,321,-90
107000230,1396,638,758
107000231,2447,2009,438
107000232,121,171,-50
107000233,2169,1187,982
107000234,6,56,-50
107000235,113,6,107
107000236,23,1229,-1206
107000237,30,3,27
107000238,127,0,127
107000239,4630,760,3870
107000240,135,1506,-1371
107000241,105,24,81
107000242,535,52,483
107000243,1,77,-76
107000244,6,114,-108
107000246,6,1319,-1313
107000249,4,1377,-1373
107000251,1,503,-502
107000252,6,1551,-1545
107000255,762,137,625
107000257,5,606,-601
107000258,1,159,-158
107000259,13,255,-242
107000260,612,26,586
107000262,12,683,-671
107000263,244,42,202
107000266,3,27,-24
107000267,133,198,-65
107000268,197,240,-43
107000269,779,59,720
107000270,4,41,-37
107000271,25,999,-974
107000272,24,236,-212
107000273,7,280,-273
107000274,5587,423,5164
107000275,373,1409,-1036
107000280,840,53,787
107000281,100,1292,-1192
107000282,51,1168,-1117
107000290,14,25,-11
107000291,49,44,5
107000292,3,106,-103
107000293,420,3,417
107000294,0,57,-57
107000295,427,7,420
107000296,0,34,-34
107000444,442,10,432
107000496,6,30,-24
107000497,2024,3702,-1678
107000500,377,465,-88
107000501,168,194,-26
107000502,259,471,-212
107000505,568,1153,-585
107000506,2,81,-79
107000508,16,853,-837
107000509,342,1674,-1332
107000510,146,22,124
107000514,97,379,-282
107000515,29,285,-256
107000516,378,406,-28
107000518,1362,1458,-96
107000519,2846,1477,1369
107000520,110,36,74
107000521,595,634,-39
107000522,1102,910,192
107900001,53,293,-240
107900002,82,5,77
107900003,436,19,417
107900004,67,7,60
107900005,1470,2,1468
107900006,277,4,273
107900007,407,47,360
107900008,229,46,183
107900009,215,11,204
107900010,42,2,40
107900012,353,29,324
107900013,309,74,235
107900014,40,24,16
107900015,1089,22,1067
107900016,617,149,468
107900017,53,4,49
107900018,52,205,-153
107900019,35,56,-21
107900020,179,19,160
107900021,89,212,-123
107900023,7,6,1
107900024,0,10,-10
107900025,222,434,-212
107900026,93,103,-10
107900027,154,107,47
107900028,70,96,-26
107900030,197,26,171
107900031,73,164,-91
107900032,29,11,18
107900033,31,23,8
107900034,409,29,380
107900035,988,69,919
107900036,61,15,46
107900037,0,9,-9
107900038,191,273,-82
107900039,27,70,-43
107900040,167,262,-95
107900041,1,5,-4
107900043,30,172,-142
107900044,39,15,24
107900045,152,66,86
107900046,205,220,-15
107900047,10,39,-29
107900048,170,9,161
107900049,483,2922,-2439
107900050,180,467,-287
107900051,83,90,-7
107900052,42,22,20
107900053,42,153,-111
107900055,1088,410,678
107900056,356,70,286
107900057,1,0,1
107900058,50,769,-719
107900060,195,63,132
107900061,19,14,5
107900063,109,166,-57
107900064,443,164,279
107900065,186,21,165
107900066,47,10,37
107900067,0,0,0
107900068,287,457,-170
107900069,42,1981,-1939
107900070,187,68,119
107900071,30,1017,-987
107900072,123,233,-110
107900073,518,163,355
107900074,1174,308,866
107900076,117,78,39
107900077,74,1,73
107900078,219,92,127
107900079,10,32,-22
107900080,423,493,-70
107900081,39,224,-185
107900082,40,20,20
107900083,548,208,340
107900084,93,195,-102
107900086,210,236,-26
107900087,1084,189,895
107900088,35,16,19
107900089,414,1624,-1210
107900090,1319,3966,-2647
107900091,303,777,-474
107900092,2663,641,2022
107900093,150,188,-38
107900095,4731,3422,1309
107900097,58,115,-57
107900098,51,259,-208
107900100,1375,1367,8
107900101,1374,308,1066
107900102,36,6,30
107900103,93,348,-255
107900104,379,11,368
107900105,0,499,-499
107900106,5,1627,-1622
107900107,2429,821,1608
107900108,386,150,236
107900109,1252,18,1234
107900110,60,184,-124
107900111,8,1297,-1289
107900112,148,480,-332
107900113,213,229,-16
107900114,172,236,-64
107900115,2,51,-49
107900116,219,296,-77
107900117,369,675,-306
107900118,106,263,-157
107900119,92,446,-354
107900120,51,22,29
107900121,7,459,-452
107900122,11,124,-113
107900123,1,50,-49
107900124,36,43,-7
107900125,25,248,-223
107900126,20,78,-58
107900127,836,458,378
107900128,222,131,91
107900129,73,88,-15
107900130,76,53,23
107900131,981,348,633
107900132,159,661,-502
107900133,2,104,-102
107900134,44,77,-33
107900135,11,240,-229
107900136,54,83,-29
107900137,504,158,346
107900138,53,161,-108
107900139,28,212,-184
107900140,130,83,47
107900141,43,46,-3
107900142,231,1241,-1010
107900143,316,61,255
107900144,7,174,-167
107900145,14,147,-133
107900146,99,179,-80
107900147,81,97,-16
107900148,187,222,-35
107900149,1592,287,1305
107900150,155,993,-838
107900151,56,161,-105
107900152,20,338,-318
107900153,200,403,-203
107900154,73,42,31
107900155,75,143,-68
107900156,6,471,-465
107900157,58,97,-39
107900158,990,37,953
107900159,63,1276,-1213
107900160,145,197,-52
107900161,18,281,-263
107900162,4,186,-182
107900163,199,215,-16
107900164,9,46,-37
107900165,23,132,-109
107900166,32,313,-281
107900167,29,24,5
107900168,35,54,-19
107900169,1,316,-315
107900171,24,2069,-2045
107900172,2,507,-505
107900173,15,206,-191
107900174,153,10,143
107900175,77,39,38
107900176,19,44,-25
107900177,14,458,-444
107900178,0,264,-264
107900179,10,196,-186
107900180,1041,538,503
107900181,904,418,486
107900182,12,1734,-1722
107900183,50,397,-347
107900184,428,320,108
107900185,121,11,110
107900186,34,58,-24
107900187,1,231,-230
107900188,969,223,746
107900189,44,192,-148
107900190,131,152,-21
107900191,83,180,-97
107900193,25,72,-47
107900194,250,19,231
107900195,3929,686,3243
107900196,109,135,-26
107900197,1261,415,846
107900199,4,1252,-1248
107900201,96,146,-50
107900203,44,129,-85
107900204,313,373,-60
107900205,250,598,-348
107900206,1208,224,984
107900207,4,831,-827
107900208,16,831,-815
107900209,500,221,279
107900210,78,161,-83
107900213,1233,978,255
107900214,60,174,-114
107900215,184,415,-231
107900216,186,102,84
107900217,66,124,-58
107900218,18,2457,-2439
107900219,34,181,-147
107900220,373,356,17
107900221,301,278,23
107900223,101,770,-669
107900224,161,529,-368
107900225,23,985,-962
107900226,110,182,-72
107900227,155,569,-414
107900228,17,167,-150
107900229,5,432,-427
107900230,17,180,-163
107900231,23,296,-273
107900232,82,242,-160
107900233,12,221,-209
107900234,96,255,-159
107900235,49,127,-78
107900236,91,124,-33
107900237,109,726,-617
107900238,36,113,-77
107900239,1105,613,492
107900240,24,187,-163
107900241,11,145,-134
107900242,39,352,-313
107900243,14,129,-115
107900244,424,3,421
107900245,682,88,594
107900246,951,19,932
107900248,348,615,-267
107900249,677,46,631
107900250,6,720,-714
107900251,158,2028,-1870
107900252,956,29,927
107900253,167,7,160
107900254,87,1264,-1177
107900255,462,176,286
107900256,4360,2607,1753
107900257,265,228,37
107900258,153,310,-157
107900259,122,2077,-1955
107900261,9,480,-471
107900262,116,140,-24
107900264,451,12,439
107900265,582,236,346
107900267,209,25,184
107900268,8,0,8
107900269,0,2,-2
107900270,0,1,-1
107900271,1,2,-1
107900272,64,14,50
107900273,37,146,-109
107900274,83,0,83
107900275,25,2,23
107900276,1,116,-115
107900277,0,218,-218
107900278,317,521,-204
107900279,153,218,-65
107900280,2565,3373,-808
107900281,2760,2946,-186
107900282,80,580,-500
107900283,1554,704,850
107900284,1048,931,117
107900285,101,137,-36
107900286,201,160,41
107900287,211,303,-92
107900290,0,141,-141
107900291,541,17,524
107900292,268,349,-81
107900293,120,675,-555
107900295,51,81,-30
107900297,4,532,-528
107900298,1025,1168,-143
107900299,4981,2842,2139
107900300,90,321,-231
107900301,2040,685,1355
107900302,163,87,76
107900303,417,441,-24
107900304,222,759,-537
107900305,381,21,360
107900306,33,26,7
107900307,62,314,-252
107900308,209,136,73
107900309,364,2,362
107900310,1082,13,1069
107900311,9,413,-404
107900312,123,18,105
107900313,5,228,-223
107900314,0,71,-71
107900315,4,85,-81
107900316,86,4,82
107900317,218,30,188
107900318,9,208,-199
107900319,2,334,-332
107900320,4,216,-212
107900321,169,19,150
107900322,0,224,-224
107900323,7,222,-215
107900324,277,3,274
107900325,121,1,120
107900326,491,428,63
107900327,15,94,-79
107900328,253,1,252
107900329,318,163,155
107900330,10,540,-530
107900331,174,47,127
107900332,242,48,194
107900333,60,40,20
107900334,36,224,-188
107900335,182,60,122
107900336,163,69,94
107900337,1662,1091,571
107900338,2,214,-212
107900339,4,34,-30
107900340,17,88,-71
107900341,85,4,81
107900342,257,265,-8
107900343,138,6,132
107900344,9,76,-67
107900345,141,34,107
107900346,33,0,33
107900347,50,2,48
107900348,24,3,21
107900349,21,7,14
107900350,30,347,-317
108000001,3320,4468,-1148
108000002,2594,3711,-1117
108000003,4518,3665,853
108000004,17044,21196,-4152
108000005,9867,7271,2596
108000006,11346,11167,179
108000007,5987,5038,949
108000008,5791,9308,-3517
108000009,4234,5404,-1170
108000010,4607,6574,-1967
108000011,15031,13970,1061
108000012,24941,22706,2235
108000014,1288,851,437
108000015,765,386,379
108000016,357,744,-387
108000017,1219,596,623
108000018,2587,853,1734
108000019,4597,1081,3516
108000020,1866,764,1102
108000021,531,2166,-1635
108000022,658,1704,-1046
108000023,1451,404,1047
108000024,354,799,-445
108000025,339,389,-50
108000026,664,662,2
108000027,876,737,139
108000028,699,421,278
108000029,709,847,-138
108000030,819,385,434
108000031,313,916,-603
108000032,1673,960,713
108000033,980,1670,-690
108000034,1853,792,1061
108000035,1063,3270,-2207
108000036,415,1360,-945
108000037,1788,738,1050
108000038,2661,863,1798
108000039,696,2950,-2254
108000040,1966,1171,795
108000041,829,3492,-2663
108000042,326,336,-10
108000043,280,440,-160
108000044,426,265,161
108000045,330,903,-573
108000046,1680,506,1174
108000047,636,1601,-965
108000048,384,513,-129
108000049,1832,375,1457
108000050,120,602,-482
108000051,308,169,139
108000052,310,881,-571
108000053,461,300,161
108000054,662,1311,-649
108000055,1288,622,666
108000056,1156,1521,-365
108000057,649,1469,-820
108000058,2445,4560,-2115
108000059,4364,2945,1419
108000060,207,468,-261
108000061,164,392,-228
108000062,906,761,145
108000063,566,719,-153
108000064,263,353,-90
108000065,667,867,-200
108000066,1879,1030,849
108000067,2022,864,1158
108000068,878,517,361
108000069,296,1396,-1100
108000070,2306,1124,1182
108000071,862,2244,-1382
108000072,1895,1604,291
108000073,1782,2794,-1012
108000074,753,559,194
108000075,540,1337,-797
108000076,941,853,88
108000077,941,1088,-147
108000078,2328,1991,337
108000079,1147,2344,-1197
108000080,1769,883,886
108000081,1043,2580,-1537
108000082,1235,2408,-1173
108000083,1996,1158,838
108000084,698,1604,-906
108000085,991,695,296
108000086,1189,1022,167
108000087,178,2368,-2190
108000088,253,15,238
108000089,400,602,-202
108000090,548,234,314
108000091,364,665,-301
108000092,180,131,49
108000093,172,912,-740
108000094,770,158,612
108000095,199,573,-374
108000096,396,221,175
108000097,165,701,-536
108000098,1849,2089,-240
108000099,354,135,219
108000100,75,281,-206
108000101,2392,1812,580
108000102,2034,3722,-1688
108000106,1307,4,1303
108000107,2,986,-984
108000108,1029,73,956
108000109,14,872,-858
108000110,252,437,-185
108000111,233,922,-689
108000112,61,147,-86
108000113,655,361,294
108000115,518,452,66
108000117,1006,484,522
108000118,113,271,-158
108000119,922,544,378
108000120,217,951,-734
108000121,307,790,-483
108000122,811,439,372
108000123,2377,299,2078
108000124,1062,1037,25
108000125,600,419,181
108000126,263,662,-399
108000127,518,652,-134
108000128,784,721,63
108000129,1200,1699,-499
108000130,1527,469,1058
108000131,941,871,70
108000132,2480,2062,418
108000133,934,799,135
108000134,629,797,-168
108000135,1264,934,330
108000136,740,1332,-592
108000137,437,568,-131
108000138,453,1448,-995
108000139,515,469,46
108000140,132,44,88
108000141,44,163,-119
108000142,76,143,-67
108000143,37,44,-7
108000144,59,20,39
108000145,31,38,-7
108000146,68,12,56
108000147,38,56,-18
108000148,85,12,73
108000149,23,29,-6
108000150,41,13,28
108000151,78,21,57
108000152,137,667,-530
108000153,522,246,276
108000154,88,16,72
108000155,40,19,21
108000156,457,172,285
108000157,290,1032,-742
108000158,82,947,-865
108000159,658,248,410
108000160,4412,1462,2950
108000161,3675,3386,289
108000165,7,264,-257
108000172,5,377,-372
108000173,2697,2541,156
108000175,274,135,139
108000178,471,443,28
108000179,210,945,-735
108000181,87,46,41
108000182,145,18,127
108000183,84,45,39
108000184,1199,2536,-1337
108000185,402,881,-479
108000186,240,129,111
108000187,231,890,-659
108000188,789,323,466
108000189,920,1714,-794
108000190,37,168,-131
108000192,248,675,-427
108000193,1221,70,1151
108000194,92,9,83
108000195,1,1379,-1378
108000196,1329,291,1038
108000198,529,455,74
108000199,2,198,-196
108000200,702,764,-62
108000202,1,354,-353
108000203,154,1043,-889
108000204,232,98,134
108000205,616,629,-13
108000339,1906,526,1380
108000364,156,475,-319
108000365,117,443,-326
108000367,206,491,-285
108000368,12,102,-90
108000369,1508,341,1167
108000371,5,770,-765
108000372,597,4,593
108000373,221,216,5
108000376,95,35,60
108000377,402,432,-30
108000378,10880,12623,-1743
108000379,37,281,-244
108000381,66,62,4
108000382,192,2,190
108000383,2,195,-193
108900001,162,1415,-1253
108900002,266,85,181
108900003,388,989,-601
108900004,192,432,-240
108900005,82,437,-355
108900006,845,193,652
108900007,322,302,20
108900008,96,205,-109
108900009,107,150,-43
108900010,259,230,29
108900011,578,529,49
108900012,342,588,-246
108900013,166,338,-172
108900014,15,194,-179
108900015,0,47,-47
108900016,3,260,-257
108900017,512,476,36
108900018,179,611,-432
108900019,26,1134,-1108
108900020,34,307,-273
108900021,109,276,-167
108900022,116,24,92
108900023,2,57,-55
108900024,40,149,-109
108900025,135,199,-64
108900026,41,133,-92
108900027,0,118,-118
108900028,80,430,-350
108900029,94,380,-286
108900030,0,133,-133
108900031,127,524,-397
108900032,20,337,-317
108900033,0,92,-92
108900034,4,297,-293
108900035,502,1719,-1217
108900036,193,368,-175
108900037,111,468,-357
108900038,1,421,-420
108900039,3,526,-523
108900040,9,144,-135
108900041,6833,3190,3643
108900042,15,453,-438
108900043,90,580,-490
108900044,2,629,-627
108900045,62,725,-663
108900046,69,1051,-982
108900047,1,129,-128
108900048,146,1179,-1033
108900049,5184,2043,3141
108900050,3,270,-267
108900051,3,234,-231
108900052,28,277,-249
108900053,121,256,-135
108900054,77,304,-227
108900055,110,478,-368
108900056,2,216,-214
108900057,4,175,-171
108900058,31,494,-463
108900059,457,46,411
108900060,94,153,-59
108900061,88,52,36
108900062,10,387,-377
108900063,25,387,-362
108900064,198,113,85
108900065,10,311,-301
108900066,350,161,189
108900067,17,237,-220
108900068,7,193,-186
108900069,50,163,-113
108900070,58,153,-95
108900071,58,88,-30
108900072,2901,971,1930
108900073,46,465,-419
108900074,208,551,-343
108900075,97,60,37
108900076,265,137,128
108900077,166,571,-405
108900078,29,201,-172
108900079,1244,275,969
108900080,40,1106,-1066
108900081,65,330,-265
108900082,64,142,-78
108900083,31,408,-377
108900084,529,180,349
108900085,2921,290,2631
108900086,89,375,-286
108900087,185,305,-120
108900088,1217,497,720
108900089,24,171,-147
108900090,31,394,-363
108900091,150,160,-10
108900092,480,446,34
108900093,98,111,-13
108900094,200,146,54
108900095,91,486,-395
108900096,486,36,450
108900097,298,312,-14
108900098,3315,911,2404
108900099,363,327,36
108900100,108,209,-101
108900101,241,144,97
108900102,190,1094,-904
108900103,130,119,11
108900104,220,551,-331
108900105,5,1239,-1234
108900106,386,544,-158
108900108,718,68,650
108900109,480,76,404
108900110,250,681,-431
108900111,435,791,-356
108900112,370,47,323
108900113,45,76,-31
108900114,71,18,53
108900115,89,114,-25
108900116,189,41,148
108900117,170,23,147
108900118,548,28,520
108900119,233,60,173
108900120,236,190,46
108900121,314,217,97
108900122,155,25,130
108900123,120,203,-83
108900124,485,265,220
108900125,361,1,360
108900126,166,31,135
108900127,154,24,130
108900128,107,66,41
108900129,733,221,512
108900130,316,1,315
108900131,597,7,590
108900132,552,121,431
108900133,266,71,195
108900134,330,383,-53
108900135,171,36,135
108900136,102,0,102
108900137,155,5,150
108900138,717,70,647
108900139,467,102,365
108900140,285,358,-73
108900141,296,10,286
108900142,131,20,111
108900143,59,1,58
108900144,88,1,87
108900145,156,18,138
108900146,64,4,60
108900147,185,3,182
108900148,159,110,49
108900149,695,577,118
108900150,299,7,292
108900151,470,9,461
108900152,220,12,208
108900153,210,565,-355
108900154,5709,645,5064
108900155,370,173,197
108900156,82,13,69
108900157,31,634,-603
108900158,785,65,720
108900159,14,351,-337
108900160,43,337,-294
108900161,38,568,-530
108900162,87,4,83
108900163,8,300,-292
108900164,61,135,-74
108900165,214,111,103
108900167,2403,6453,-4050
108900168,10468,3492,6976
108900169,69,192,-123
108900171,10458,3208,7250
108900172,251,103,148
108900173,267,509,-242
108900174,735,826,-91
108900176,156,641,-485
108900177,8072,8355,-283
108900178,5345,3884,1461
108900179,671,1696,-1025
108900180,112,303,-191
108900182,37,328,-291
108900183,237,298,-61
108900184,582,326,256
108900185,270,555,-285
108900186,73,521,-448
108900187,386,83,303
108900188,557,98,459
108900189,588,228,360
108900190,72,4147,-4075
108900191,309,51,258
108900192,109,269,-160
108900193,518,96,422
108900194,39,483,-444
108900195,111,495,-384
108900196,37,506,-469
108900198,9,691,-682
108900199,294,560,-266
108900200,669,422,247
108900201,613,1834,-1221
108900203,610,106,504
108900204,468,12,456
108900205,208,37,171
108900206,859,53,806
108900207,195,81,114
108900208,15,506,-491
108900209,362,843,-481
108900210,186,304,-118
108900211,174,545,-371
108900212,830,1860,-1030
108900215,141,581,-440
108900216,703,345,358
108900217,202,0,202
108900218,202,138,64
108900219,79,13,66
108900220,84,39,45
108900221,41,143,-102
108900222,318,32,286
108900223,6,136,-130
108900224,41,224,-183
108900225,2,216,-214
108900226,306,23,283
108900227,114,302,-188
108900230,374,318,56
108900231,41,273,-232
108900232,3,389,-386
108900233,646,147,499
108900234,314,289,25
108900235,320,814,-494
108900236,45,422,-377
108900237,93,300,-207
108900240,195,123,72
108900241,44,41,3
108900245,28,1731,-1703
108900249,182,58,124
108900250,236,156,80
108900257,213,636,-423
108900258,36,366,-330
108900259,210,136,74
108900260,14,135,-121
108900261,129,177,-48
108900262,244,164,80
108900263,36,260,-224
108900264,676,324,352
108900265,1355,419,936
108900266,1273,588,685
108900267,3,110,-107
108900268,24,7,17
108900269,75,20,55
108900270,81,8,73
108900271,60,20,40
108900272,185,10,175
108900273,1342,859,483
108900274,52,64,-12
109000001,4747,1644,3103
109000002,2433,1909,524
109000003,3010,689,2321
109000004,643,2715,-2072
109000005,2772,926,1846
109000006,994,2634,-1640
109000007,1677,855,822
109000008,656,2191,-1535
109000009,4621,1740,2881
109000010,1922,5049,-3127
109000011,3316,2640,676
109000012,2214,4461,-2247
109000013,4065,3892,173
109000014,2828,4323,-1495
109000015,4147,7979,-3832
109000016,9205,4990,4215
109000017,2499,1535,964
109000018,1101,3978,-2877
109000019,2989,1816,1173
109000020,1406,2543,-1137
109000023,384,49,335
109000024,12,210,-198
109000025,465,555,-90
109000026,977,499,478
109000027,123,396,-273
109000028,134,158,-24
109000029,126,203,-77
109000030,113,695,-582
109000031,262,280,-18
109000032,151,629,-478
109000033,490,249,241
109000034,66,61,5
109000035,24,103,-79
109000036,320,491,-171
109000037,318,1337,-1019
109000038,942,651,291
109000039,1113,815,298
109000040,5906,8365,-2459
109000041,4990,2098,2892
109000042,833,1937,-1104
109000044,541,124,417
109000045,127,475,-348
109000046,429,104,325
109000047,106,592,-486
109000048,1226,333,893
109000049,431,773,-342
109000050,619,450,169
109000051,391,396,-5
109000052,736,1512,-776
109000053,309,111,198
109000054,2080,885,1195
109000055,870,534,336
109000056,697,1064,-367
109000057,766,493,273
109000058,1374,502,872
109000059,1344,1548,-204
109000060,505,402,103
109000061,1369,1413,-44
109000062,422,433,-11
109000063,320,355,-35
109000064,723,303,420
109000065,167,394,-227
109000066,585,204,381
109000067,117,455,-338
109000068,3252,12,3240
109000069,1815,54,1761
109000070,7,1430,-1423
109000071,473,109,364
109000072,124,505,-381
109000073,57,169,-112
109000074,40,252,-212
109000075,84,476,-392
109000076,134,339,-205
109000077,449,379,70
109000078,89,246,-157
109000079,146,265,-119
109000080,165,158,7
109000081,103,780,-677
109000082,657,323,334
109000083,287,1240,-953
109000088,168,753,-585
109000089,328,69,259
109000090,252,647,-395
109000091,398,218,180
109000092,482,714,-232
109000093,269,292,-23
109000094,574,2,572
109000095,193,678,-485
109000096,797,404,393
109000097,108,215,-107
109000098,42,182,-140
109000099,1153,430,723
109000100,289,752,-463
109000101,1780,1029,751
109000102,470,1085,-615
109000103,473,875,-402
109000104,1911,859,1052
109000105,604,1988,-1384
109000106,2326,1086,1240
109000107,717,3184,-2467
109000108,1836,876,960
109000109,513,2588,-2075
109000110,1481,818,663
109000111,1286,2820,-1534
109000112,943,249,694
109000113,1009,297,712
109000114,465,767,-302
109000115,1609,41,1568
109000116,5,306,-301
109000117,230,128,102
109000118,11,457,-446
109000119,1619,349,1270
109000120,264,1260,-996
109000121,519,79,440
109000122,142,1186,-1044
109000123,28,75,-47
109000124,661,779,-118
109000125,1187,523,664
109000126,499,1258,-759
109000127,913,324,589
109000128,580,2278,-1698
109000129,2283,1121,1162
109000130,860,2875,-2015
109000131,976,731,245
109000132,911,2544,-1633
109000133,468,1387,-919
109000134,1212,2098,-886
109000135,1977,2141,-164
109000136,522,406,116
109000137,489,542,-53
109000138,709,547,162
109000139,615,595,20
109000140,514,578,-64
109000141,734,644,90
109000142,182,695,-513
109000143,124,119,5
109000145,158,362,-204
109000146,70,172,-102
109000148,4712,3170,1542
109000149,46,67,-21
109000150,149,301,-152
109000155,934,795,139
109000156,1457,884,573
109000158,255,437,-182
109000159,223,772,-549
109000160,1156,415,741
109000161,373,1463,-1090
109000162,1993,1039,954
109000163,1208,2356,-1148
109000164,1425,3173,-1748
109000165,1376,867,509
109000166,689,225,464
109000167,140,851,-711
109000170,72,74,-2
109000171,71,66,5
109000172,46,110,-64
109000173,37,88,-51
109000174,106,89,17
109000175,44,144,-100
109000176,376,328,48
109000177,30,157,-127
109000178,2401,675,1726
109000179,7580,6536,1044
109000180,6922,4484,2438
109000181,19,47,-28
109000182,56,50,6
109000183,51,61,-10
109000184,37,33,4
109000185,49,76,-27
109000188,951,2867,-1916
109000189,4620,1433,3187
109000190,1701,660,1041
109000191,571,666,-95
109000192,382,600,-218
109000193,233,537,-304
109000194,312,328,-16
109000195,195,444,-249
109000196,327,282,45
109000197,190,581,-391
109000198,424,145,279
109000199,125,605,-480
109000206,236,53,183
109000207,140,53,87
109000208,89,110,-21
109000209,227,174,53
109000210,210,771,-561
109000211,683,732,-49
109000214,439,525,-86
109000215,237,129,108
109000216,286,298,-12
109000217,790,189,601
109000218,1801,354,1447
109000221,658,1357,-699
109000222,1139,328,811
109000223,360,494,-134
109000224,58,210,-152
109000225,78,67,11
109000226,73,341,-268
109000227,1231,1614,-383
109000228,10,819,-809
109000231,78,457,-379
109000232,297,419,-122
109000236,316,1021,-705
109000241,2504,2838,-334
109000242,2195,2000,195
109000293,45,99,-54
109000361,157,399,-242
109000364,405,827,-422
109000396,6,701,-695
109000397,540,7,533
109000399,141,600,-459
109000400,109,416,-307
109000403,159,996,-837
109000406,742,5,737
109000407,380,321,59
109000408,3,764,-761
109000410,1136,345,791
109000411,255,41,214
109900001,102,0,102
109900002,1005,20,985
109900003,242,0,242
109900004,1191,237,954
109900005,45,10,35
109900006,627,445,182
109900007,712,796,-84
109900008,0,72,-72
109900009,136,826,-690
109900010,742,27,715
109900011,110,63,47
109900012,877,379,498
109900013,436,318,118
109900014,477,99,378
109900015,613,296,317
109900016,215,60,155
109900017,285,355,-70
109900018,359,131,228
109900019,642,93,549
109900020,47,43,4
109900021,25,17,8
109900022,163,357,-194
109900023,22,8,14
109900024,38,4,34
109900025,25,133,-108
109900026,3,287,-284
109900027,35,33,2
109900028,2222,1092,1130
109900029,8,502,-494
109900030,42,13,29
109900031,0,154,-154
109900032,17,528,-511
109900033,3,583,-580
109900034,34,5,29
109900035,32,22,10
109900036,48,121,-73
109900037,36,665,-629
109900038,83,258,-175
109900039,10,0,10
109900040,30,751,-721
109900041,87,458,-371
109900042,266,766,-500
109900044,703,374,329
109900045,200,79,121
109900046,27,96,-69
109900047,586,476,110
109900048,3,153,-150
109900049,14,61,-47
109900050,1,236,-235
109900051,0,56,-56
109900052,172,564,-392
109900053,4,431,-427
109900054,659,338,321
109900055,46,450,-404
109900056,59,372,-313
109900057,14,246,-232
109900058,1,98,-97
109900059,637,171,466
109900060,476,276,200
109900061,67,407,-340
109900062,2,236,-234
109900063,8,548,-540
109900064,679,380,299
109900065,202,219,-17
109900066,411,1135,-724
109900067,2,342,-340
109900068,59,16,43
109900069,4,53,-49
109900070,70,495,-425
109900071,4,40,-36
109900072,65,220,-155
109900073,426,763,-337
109900074,15,77,-62
109900075,59,81,-22
109900076,15,243,-228
109900077,56,136,-80
109900078,166,292,-126
109900080,197,463,-266
109900081,36,242,-206
109900082,48,503,-455
109900083,32,102,-70
109900084,84,262,-178
109900085,294,1000,-706
109900086,182,578,-396
109900087,432,699,-267
109900089,992,354,638
109900090,603,1241,-638
109900091,349,104,245
109900092,4373,26,4347
109900093,1088,305,783
109900094,92,141,-49
109900095,500,317,183
109900096,44,6,38
109900097,99,1,98
109900098,430,57,373
109900099,215,0,215
109900100,49,0,49
109900101,525,34,491
109900102,445,33,412
109900103,51,90,-39
109900104,617,1064,-447
109900105,542,22,520
109900106,910,111,799
109900107,932,187,745
109900108,154,596,-442
109900109,34,223,-189
109900110,196,576,-380
109900111,490,1170,-680
109900112,448,864,-416
109900113,799,588,211
109900114,1303,848,455
109900115,268,234,34
109900117,1132,148,984
109900118,328,646,-318
109900119,904,509,395
109900120,96,45,51
109900121,572,584,-12
109900122,496,10,486
109900123,17,203,-186
109900124,68,836,-768
109900125,1,251,-250
109900126,244,196,48
109900128,240,60,180
109900130,9991,2981,7010
109900131,58,300,-242
109900132,30,154,-124
109900133,97,391,-294
109900134,197,170,27
109900135,433,118,315
109900136,201,222,-21
109900137,128,462,-334
109900140,314,343,-29
109900142,1504,408,1096
109900145,3,589,-586
109900146,597,56,541
109900148,46,147,-101
109900149,53,85,-32
109900150,9,139,-130
109900151,5,76,-71
109900152,0,34,-34
109900153,2,44,-42
109900154,118,0,118
109900155,64,37,27
109900157,113,389,-276
109900158,57,214,-157
109900159,198,82,116
109900160,189,111,78
109900161,213,152,61
109900162,208,182,26
109900163,938,500,438
109900164,107,264,-157
109900165,1117,11,1106
109900166,7,206,-199
109900167,267,768,-501
109900168,224,878,-654
109900169,273,243,30
109900170,565,792,-227
109900171,245,157,88
109900172,258,369,-111
109900173,4343,2740,1603
109900174,75,214,-139
109900175,325,101,224
109900176,158,267,-109
109900177,69,344,-275
109900178,34,159,-125
109900179,423,37,386
109900180,4,21,-17
110000001,1097,657,440
110000002,671,1018,-347
110000003,1060,835,225
110000004,537,913,-376
110000005,619,2326,-1707
110000006,559,428,131
110000007,110,146,-36
110000008,38,70,-32
110000009,70,40,30
110000010,41,107,-66
110000011,31,116,-85
110000012,758,529,229
110000013,47,897,-850
110000014,863,574,289
110000015,361,1207,-846
110000016,324,2144,-1820
110000017,3428,318,3110
110000018,3704,597,3107
110000019,23,137,-114
110000020,552,246,306
110000021,1536,727,809
110000022,1716,365,1351
110000023,6,182,-176
110000024,907,479,428
110000025,353,7,346
110000026,11,393,-382
110000027,1565,713,852
110000028,1048,1191,-143
110000029,586,929,-343
110000030,284,713,-429
110000031,344,665,-321
110000032,883,809,74
110000033,412,131,281
110000034,901,1896,-995
110000035,1613,917,696
110000036,1529,1970,-441
110000037,362,773,-411
110000038,285,1352,-1067
110000039,941,4840,-3899
110000040,492,489,3
110000041,286,1825,-1539
110000042,156,430,-274
110000043,1104,506,598
110000044,473,337,136
110000045,2442,185,2257
110000046,10,22,-12
110000047,101,31,70
110000048,15,26,-11
110000049,127,10,117
110000050,17,81,-64
110000051,65,13,52
110000052,37,39,-2
110000053,448,26,422
110000054,1041,430,611
110000055,2053,76,1977
110000056,454,96,358
110000057,395,793,-398
110000058,1687,806,881
110000059,1420,713,707
110000060,1112,1565,-453
110000061,1230,1074,156
110000062,815,1212,-397
110000063,41,121,-80
110000064,76,106,-30
110000065,94,157,-63
110000066,87,72,15
110000067,165,273,-108
110000068,405,359,46
110000069,262,225,37
110000071,148,291,-143
110000073,20,58,-38
110000075,7,275,-268
110000076,440,731,-291
110000077,561,2681,-2120
110000078,31,127,-96
110000080,363,949,-586
110000081,213,422,-209
110000082,58,573,-515
110000083,390,878,-488
110000084,1488,1105,383
110000085,3332,2259,1073
110000086,3065,2802,263
110000087,17,71,-54
110000088,91,364,-273
110000089,460,172,288
110000090,742,447,295
110000091,1864,510,1354
110000092,46,102,-56
110000093,59,11,48
110000094,851,464,387
110000095,303,930,-627
110000096,2995,2419,576
110000097,1266,1577,-311
110000098,2463,902,1561
110000099,1109,2174,-1065
110000100,880,720,160
110000101,28,580,-552
110000102,63,35,28
110000104,1194,168,1026
110000105,220,336,-116
110000106,746,460,286
110000107,428,594,-166
110000108,141,67,74
110000109,328,379,-51
110000110,4023,5011,-988
110000111,8619,3865,4754
110000112,1906,1765,141
110000113,630,3243,-2613
110000114,203,1028,-825
110000115,424,592,-168
110000116,70,99,-29
110000117,251,591,-340
110000118,425,420,5
110000119,231,482,-251
110000120,492,334,158
110000121,168,629,-461
110000122,552,851,-299
110000123,584,873,-289
110000124,3,1499,-1496
110000125,1092,10,1082
110000126,331,53,278
110000127,1566,75,1491
110000128,67,2112,-2045
110000129,6,764,-758
110000130,378,233,145
110000131,322,518,-196
110000132,3,1147,-1144
110000133,48,829,-781
110000134,33,532,-499
110000135,222,60,162
110000136,101,416,-315
110000137,671,783,-112
110000138,791,980,-189
110000139,829,1648,-819
110000140,1276,787,489
110000143,945,588,357
110000144,7118,2407,4711
110000145,2519,1346,1173
110000146,3005,1282,1723
110000147,610,1012,-402
110000148,959,391,568
110000151,1482,1010,472
110000152,1368,439,929
110000153,113,83,30
110000154,137,58,79
110000155,2584,4746,-2162
110000156,1385,3017,-1632
110000157,2674,2588,86
110000160,565,493,72
110000161,245,500,-255
110000166,712,202,510
110000167,946,797,149
110000168,1211,601,610
110000169,1029,519,510
110000170,405,162,243
110000171,1017,230,787
110000172,159,1036,-877
110000173,1443,1548,-105
110000174,242,1393,-1151
110000175,757,127,630
110000176,542,403,139
110000177,268,1037,-769
110000178,629,2580,-1951
110000179,1492,475,1017
110000180,206,375,-169
110000181,570,1049,-479
110000182,393,178,215
110000183,13120,9518,3602
110000184,618,3622,-3004
110000185,3100,1111,1989
110000186,1141,1431,-290
110000191,1014,491,523
110000192,1484,9,1475
110000193,2201,15,2186
110000194,12,1654,-1642
110000195,549,696,-147
110000196,419,498,-79
110000197,102,305,-203
110000198,407,145,262
110000199,361,198,163
110000200,2897,740,2157
110000201,2197,1172,1025
110000202,1619,704,915
110000203,1215,1140,75
110000204,1,336,-335
110000205,143,73,70
110000206,1018,1871,-853
110000207,1025,503,522
110000208,612,272,340
110000209,206,1367,-1161
110000210,1251,841,410
110000211,1917,1227,690
110000212,443,1692,-1249
110000213,225,239,-14
110000214,313,260,53
110000215,272,558,-286
110000216,151,575,-424
110000217,316,211,105
110000218,166,513,-347
110000219,315,148,167
110000220,93,429,-336
110000221,340,144,196
110000222,66,309,-243
110000223,1,175,-174
110000224,87,17,70
110000225,437,1154,-717
110000226,291,94,197
110000227,1096,1166,-70
110000228,540,311,229
110000229,1,397,-396
110000230,1469,957,512
110000231,361,390,-29
110000232,985,299,686
110000233,737,350,387
110000234,1732,1140,592
110000235,1251,1509,-258
110000236,979,976,3
110000237,4703,1943,2760
110000238,2021,1904,117
110000239,2578,1505,1073
110000240,0,124,-124
110000242,0,20,-20
110000243,138,166,-28
110000244,302,559,-257
110000245,64,499,-435
110000246,2014,1133,881
110000247,1929,6734,-4805
110000248,3099,2057,1042
110000249,103,15,88
110000250,313,376,-63
110000251,479,824,-345
110000252,500,291,209
110000253,1928,1062,866
110000254,1102,1860,-758
110000255,478,1347,-869
110000256,666,513,153
110000257,772,586,186
110000258,11,566,-555
110000259,188,35,153
110000260,48,433,-385
110000263,873,233,640
110000264,422,715,-293
110000265,1760,3050,-1290
110000266,3179,4120,-941
110000267,40,418,-378
110000268,341,652,-311
110000269,4,134,-130
110000270,86,6,80
110000271,2077,377,1700
110000272,1459,1305,154
110000273,5168,2337,2831
110000274,613,1662,-1049
110000275,3420,851,2569
110000276,1309,551,758
110000277,845,476,369
110000278,1049,1045,4
110000279,1338,883,455
110000280,935,560,375
110000281,51,391,-340
110000282,487,48,439
110000283,110,180,-70
110000284,121,93,28
110000285,9,750,-741
110000286,49,2,47
110000287,137,4,133
110000288,75,160,-85
110000289,584,2182,-1598
110000290,1538,961,577
110000291,6402,1758,4644
110000292,1586,5506,-3920
110000293,1144,1025,119
110000294,1184,1502,-318
110000295,209,1069,-860
110000296,506,479,27
110000297,3559,524,3035
110000298,333,886,-553
110000299,454,90,364
110000301,1049,37,1012
110000302,1172,1685,-513
110000303,1056,9,1047
110000304,372,515,-143
110000305,1898,32,1866
110000306,236,1756,-1520
110000307,1806,7,1799
110000308,645,9,636
110000309,9,1106,-1097
110000310,1102,89,1013
110000311,17,864,-847
110000312,542,125,417
110000313,3971,5058,-1087
110000314,3,396,-393
110000315,4479,3625,854
110000316,782,2066,-1284
110000317,1338,601,737
110000318,8,92,-84
110000319,136,33,103
110000320,131,58,73
110000321,22,70,-48
110000322,474,594,-120
110000323,834,265,569
110000324,5381,2192,3189
110000325,4247,4180,67
110000327,884,582,302
110000328,271,579,-308
110000333,1510,1041,469
110000334,1332,1912,-580
110000335,1420,846,574
110000336,1949,1508,441
110000337,3616,831,2785
110000338,694,325,369
110000339,658,378,280
110000340,778,266,512
110000341,647,636,11
110000342,860,10,850
110000343,1,50,-49
110000344,1869,267,1602
110000345,1812,256,1556
110000346,3660,2536,1124
110000347,1531,1419,112
110000348,2,9,-7
110000349,1,2,-1
110000350,69,11,58
110000351,1088,1141,-53
110000352,712,2300,-1588
110000353,3530,1082,2448
110000354,1412,5105,-3693
110000355,140,233,-93
110000356,975,7,968
110000357,527,41,486
110000361,50,153,-103
110000362,95,125,-30
110000363,366,184,182
110000364,304,524,-220
110000365,418,7,411
110000366,2,162,-160
110000367,731,259,472
110000368,15,66,-51
110000369,329,2,327
110000373,10,383,-373
110000374,849,33,816
110000375,181,2239,-2058
110000376,64,162,-98
110000377,108,620,-512
110000378,21,501,-480
110000379,4103,2886,1217
110000380,129,12,117
110000383,4,1229,-1225
110000384,3078,1072,2006
110000385,3,259,-256
110000387,178,18,160
110000388,39,324,-285
110000389,817,6,811
110000391,1248,472,776
110000396,244,169,75
110000397,234,278,-44
110000398,8,45,-37
110000399,210,2,208
110000587,280,122,158
110000589,261,377,-116
110000640,262,109,153
110000652,52,245,-193
110000653,417,616,-199
110000654,143,134,9
110000656,2,962,-960
110000674,28,24,4
110000675,28,21,7
110000676,1,28,-27
110000679,534,1287,-753
110000682,167,260,-93
110000683,707,984,-277
110000684,13,76,-63
110000685,17,21,-4
110000686,4,41,-37
110000687,63,1,62
110000688,98,991,-893
110000689,5,17,-12
110000692,302,282,20
110000693,340,565,-225
110000694,0,302,-302
110000695,573,928,-355
110000696,137,147,-10
110900001,373,18,355
110900002,1186,259,927
110900003,795,930,-135
110900004,483,301,182
110900005,3243,2765,478
110900006,82,21,61
110900007,136,33,103
110900008,29,67,-38
110900009,489,112,377
110900010,21,103,-82
110900011,21,112,-91
110900012,21,119,-98
110900013,1371,304,1067
110900014,530,29,501
110900015,767,637,130
110900016,55,162,-107
110900017,450,80,370
110900018,528,120,408
110900019,231,41,190
110900020,102,395,-293
110900021,132,796,-664
110900022,143,447,-304
110900023,148,601,-453
110900024,29,606,-577
110900025,41,82,-41
110900027,62,273,-211
110900028,42,199,-157
110900029,17,452,-435
110900030,66,300,-234
110900031,1,218,-217
110900032,0,99,-99
110900033,93,297,-204
110900035,36,622,-586
110900036,148,28,120
110900037,54,42,12
110900038,1263,262,1001
110900039,24,332,-308
110900040,262,72,190
110900041,40,189,-149
110900042,101,68,33
110900043,11,186,-175
110900044,265,15,250
110900045,54,601,-547
110900046,83,376,-293
110900047,659,287,372
110900049,130,90,40
110900050,21,22,-1
110900051,48,256,-208
110900052,5,246,-241
110900053,102,75,27
110900054,65,314,-249
110900055,32,6,26
110900056,74,125,-51
110900057,19,187,-168
110900058,296,349,-53
110900059,742,750,-8
110900060,523,181,342
110900061,42,73,-31
110900062,180,471,-291
110900063,70,473,-403
110900064,16,2,14
110900065,485,184,301
110900066,27,241,-214
110900067,538,1070,-532
110900068,741,309,432
110900069,8,44,-36
110900071,404,854,-450
110900073,0,32,-32
110900074,418,122,296
110900075,452,161,291
110900077,916,1000,-84
110900078,38,96,-58
110900079,2831,1681,1150
110900080,139,146,-7
110900081,11,73,-62
110900082,145,216,-71
110900083,194,118,76
110900084,50,129,-79
110900085,74,410,-336
110900086,98,318,-220
110900087,626,149,477
110900088,20,5,15
110900090,27,67,-40
110900091,0,78,-78
110900093,855,163,692
110900095,60,87,-27
110900097,15,31,-16
110900098,43,129,-86
110900099,80,523,-443
110900100,3,33,-30
110900102,175,38,137
110900105,959,309,650
110900108,35,96,-61
110900111,634,580,54
110900112,1073,8,1065
110900113,667,95,572
110900115,15,96,-81
110900116,893,2424,-1531
110900118,225,3256,-3031
110900119,5170,516,4654
110900120,14,102,-88
110900121,155,2,153
110900122,405,237,168
110900125,397,617,-220
110900127,1187,1402,-215
110900128,389,254,135
110900129,538,850,-312
110900130,1521,709,812
110900131,826,105,721
110900132,352,102,250
110900133,510,368,142
110900135,177,548,-371
110900136,350,15,335
110900137,167,3,164
110900138,2201,472,1729
110900139,175,93,82
110900140,158,7,151
110900141,36,186,-150
110900142,104,264,-160
110900143,174,142,32
110900144,4,952,-948
110900145,582,88,494
110900146,1138,269,869
110900147,228,463,-235
110900148,1,407,-406
110900149,3,123,-120
110900150,104,27,77
110900151,15,110,-95
110900152,44,370,-326
110900153,167,63,104
111000001,649,549,100
111000002,914,861,53
111000003,1175,927,248
111000004,818,1596,-778
111000005,1820,1536,284
111000006,1323,2151,-828
111000007,6086,4017,2069
111000008,3771,4848,-1077
111000009,502,1434,-932
111000010,904,359,545
111000011,550,1390,-840
111000012,940,554,386
111000013,814,1525,-711
111000014,2462,749,1713
111000017,155,1071,-916
111000018,342,493,-151
111000020,1764,3128,-1364
111000021,79,152,-73
111000023,129,173,-44
111000025,7033,6017,1016
111000029,175,207,-32
111000030,52,141,-89
111000031,2958,2071,887
111000032,1249,630,619
111000033,375,504,-129
111000034,383,333,50
111000037,2664,1613,1051
111000038,5271,3743,1528
111000039,2396,3112,-716
111000040,2202,3197,-995
111000041,2272,2357,-85
111000042,5145,3576,1569
111000043,2108,3957,-1849
111000044,1957,1458,499
111000045,2575,3178,-603
111000046,1766,2131,-365
111000047,2708,5105,-2397
111000049,661,700,-39
111000050,1981,2048,-67
111000051,560,1559,-999
111000052,974,2308,-1334
111000053,468,1076,-608
111000054,422,1171,-749
111000055,1371,2598,-1227
111000056,369,754,-385
111000057,73,835,-762
111000058,502,130,372
111000059,1670,385,1285
111000060,6802,905,5897
111000061,734,532,202
111000062,877,433,444
111000063,3349,1309,2040
111000064,703,885,-182
111000065,1230,1592,-362
111000066,572,867,-295
111000067,1127,938,189
111000068,983,1614,-631
111000069,2960,3833,-873
111000070,2104,1636,468
111000071,367,1206,-839
111000072,1147,624,523
111000073,363,1012,-649
111000074,2001,2322,-321
111000075,1645,1024,621
111000076,644,995,-351
111000077,2327,2254,73
111000078,3505,2180,1325
111000079,1671,1098,573
111000080,736,1020,-284
111000081,2546,8697,-6151
111000082,831,953,-122
111000084,1214,921,293
111000085,1392,2023,-631
111000086,3909,1487,2422
111000087,850,869,-19
111000088,8429,3072,5357
111000089,911,1278,-367
111000090,1141,1952,-811
111000091,941,830,111
111000092,1407,1348,59
111000093,1252,1539,-287
111000094,3097,1434,1663
111000095,790,2888,-2098
111000096,2976,9059,-6083
111000097,7081,2350,4731
111000098,1165,1812,-647
111000099,783,2704,-1921
111000100,510,2387,-1877
111000101,538,1011,-473
111000102,286,821,-535
111000104,1005,370,635
111000107,233,1000,-767
111000109,959,472,487
111000110,1809,1086,723
111000111,3051,911,2140
111000112,2387,845,1542
111000113,1103,1995,-892
111000114,2624,4492,-1868
111000115,8398,1742,6656
111000116,995,1473,-478
111000117,584,1170,-586
111000118,2574,1322,1252
111000119,1159,1666,-507
111000120,455,936,-481
111000121,316,923,-607
111000122,691,1748,-1057
111000123,1353,4110,-2757
111000124,608,3967,-3359
111000125,418,2177,-1759
111000126,172,1265,-1093
111000127,1179,270,909
111000128,2782,553,2229
111000129,3352,915,2437
111000130,2107,1301,806
111000131,1758,1064,694
111000132,1497,1216,281
111000133,261,287,-26
111000134,180,230,-50
111000135,79,273,-194
111000136,398,402,-4
111000138,41,16,25
111000140,5,16,-11
111000141,391,485,-94
111000142,27,117,-90
111000143,1,117,-116
111000144,46,200,-154
111000145,2542,32,2510
111000146,140,17,123
111000147,307,70,237
111000148,295,134,161
111000149,7,62,-55
111000150,98,12,86
111000151,5,50,-45
111000153,851,988,-137
111000154,891,333,558
111000155,116,229,-113
111000156,588,829,-241
111000157,299,1381,-1082
111000158,1245,1126,119
111000159,3554,906,2648
111000160,412,476,-64
111000161,19,358,-339
111000162,53,274,-221
111000163,731,1572,-841
111000164,899,6247,-5348
111000165,1498,882,616
111000166,3206,608,2598
111000167,218,742,-524
111000168,271,652,-381
111000169,421,807,-386
111000170,584,692,-108
111000171,782,1116,-334
111000172,217,636,-419
111000173,612,1368,-756
111000174,205,607,-402
111000175,53,497,-444
111000176,1130,200,930
111000177,348,406,-58
111000178,1688,592,1096
111000179,285,337,-52
111000180,322,734,-412
111000181,1389,416,973
111000182,406,334,72
111000183,1636,515,1121
111000184,655,316,339
111000185,1084,683,401
111000186,1444,458,986
111000187,190,333,-143
111000188,251,619,-368
111000189,1562,881,681
111000190,244,553,-309
111000191,186,566,-380
111000192,269,787,-518
111000193,328,482,-154
111000194,52,467,-415
111000195,253,384,-131
111000196,67,265,-198
111000197,646,290,356
111000198,1195,200,995
111000199,220,232,-12
111000200,415,499,-84
111000201,676,463,213
111000202,257,390,-133
111000203,289,550,-261
111000204,541,1400,-859
111000213,219,626,-407
111000214,2164,1928,236
111000215,1375,1763,-388
111000217,1563,1466,97
111000218,1752,1745,7
111000219,532,270,262
111000220,2693,1691,1002
111000221,937,160,777
111000224,45,416,-371
111000225,353,363,-10
111000226,172,1,171
111000227,32,3,29
111000228,37,433,-396
111000229,92,1009,-917
111000230,453,615,-162
111000231,998,1258,-260
111000232,1535,1262,273
111000233,866,1279,-413
111000234,131,459,-328
111000239,139,253,-114
111000240,46,251,-205
111000241,46,487,-441
111000242,164,87,77
111000243,604,862,-258
111000244,958,137,821
111000245,3423,711,2712
111000246,532,657,-125
111000247,358,1235,-877
111000248,662,768,-106
111000249,577,1007,-430
111000250,71,140,-69
111000251,56,158,-102
111000253,15,36,-21
111000255,45,30,15
111000257,55,63,-8
111000260,92,1460,-1368
111000261,1399,210,1189
111000271,66,362,-296
111000273,5898,2002,3896
111000274,1396,3581,-2185
111000275,338,128,210
111000276,429,2663,-2234
111000277,251,681,-430
111000278,784,510,274
111000291,1076,6892,-5816
111000298,637,403,234
111000299,724,247,477
111000300,163,817,-654
111000302,255,174,81
111000303,107,369,-262
111000312,45,144,-99
111000315,12,259,-247
111000320,531,1191,-660
111000321,480,139,341
111000322,429,653,-224
111000323,197,37,160
111000324,540,329,211
111000325,68,120,-52
111000326,198,501,-303
111000327,1013,572,441
111000328,266,731,-465
111000329,5,47,-42
111000330,80,4,76
111000331,94,11,83
111000332,594,1869,-1275
111000334,558,2270,-1712
111000335,2307,444,1863
111000337,1245,622,623
111000338,250,222,28
111000339,658,722,-64
111000340,693,1040,-347
111000341,1461,1078,383
111000342,557,842,-285
111000344,1492,932,560
111000345,379,94,285
111000346,23,121,-98
111000347,154,20,134
111000350,522,144,378
111000351,146,345,-199
111000352,240,172,68
111000353,194,364,-170
111000354,834,164,670
111000355,552,732,-180
111000358,295,1818,-1523
111000360,171,1030,-859
111000361,141,498,-357
111000546,1764,918,846
111000547,663,815,-152
111000548,172,515,-343
111000549,336,683,-347
111000550,117,1148,-1031
111000551,1034,290,744
111000552,3936,210,3726
111000907,533,70,463
111000908,15,1,14
111000916,1979,506,1473
111000917,101,604,-503
111000918,323,1337,-1014
111000920,729,23,706
111000921,5,445,-440
111000922,745,509,236
111000924,89,1352,-1263
111000925,3718,3112,606
111000926,1407,2483,-1076
111000927,4118,6502,-2384
111000928,6172,4767,1405
111000929,4236,1984,2252
111000930,1830,3023,-1193
111000931,2235,3516,-1281
111000932,5248,3197,2051
111000933,4383,3081,1302
111000934,2820,4573,-1753
111000935,1570,1839,-269
111000936,1289,2825,-1536
111000937,1021,2521,-1500
111000938,2149,2409,-260
111000939,835,69,766
111000940,499,233,266
111000941,716,693,23
111000943,542,530,12
111000944,228,560,-332
111000945,197,2114,-1917
111001109,590,414,176
111001110,247,689,-442
111001111,90,21,69
111001112,257,32,225
111001113,2,232,-230
111001114,1556,146,1410
111001115,74,496,-422
111001116,7127,5313,1814
111001117,846,3817,-2971
111001120,107,407,-300
111001121,240,449,-209
111001122,309,766,-457
111001123,315,152,163
111001124,135,258,-123
111001125,6,63,-57
111900001,18,140,-122
111900002,26,1062,-1036
111900003,8,551,-543
111900004,92,241,-149
111900006,14,49,-35
111900007,73,13,60
111900008,166,4,162
111900009,230,324,-94
111900010,409,696,-287
111900012,67,216,-149
111900013,25,154,-129
111900014,7593,3669,3924
111900015,2,83,-81
111900016,2,193,-191
111900017,1,204,-203
111900018,278,7,271
111900019,5,206,-201
111900020,10,87,-77
111900021,54,187,-133
111900022,20,118,-98
111900023,163,144,19
111900024,9,102,-93
111900025,0,50,-50
111900026,1,138,-137
111900027,1,216,-215
111900028,0,476,-476
111900029,4,121,-117
111900030,51,522,-471
111900031,66,62,4
111900032,3,373,-370
111900033,6,151,-145
111900034,357,625,-268
111900035,247,346,-99
111900036,4,350,-346
111900038,432,748,-316
111900039,94,478,-384
111900040,6,763,-757
111900042,67,186,-119
111900043,2,507,-505
111900044,411,282,129
111900046,89,177,-88
111900048,171,891,-720
111900049,46,288,-242
111900050,145,35,110
111900051,5,304,-299
111900052,556,619,-63
111900053,1849,1662,187
111900054,198,5,193
111900055,26,548,-522
111900056,459,341,118
111900057,159,45,114
111900058,380,795,-415
111900059,2638,613,2025
111900060,432,5,427
111900061,18,313,-295
111900062,44,83,-39
111900063,407,262,145
111900064,175,364,-189
111900065,100,33,67
111900066,116,174,-58
111900067,3,472,-469
111900068,53,60,-7
111900069,77,65,12
111900070,167,162,5
111900071,1,303,-302
111900072,46,33,13
111900073,752,138,614
111900074,17,266,-249
111900075,107,16,91
111900076,142,58,84
111900077,75,1,74
111900078,274,16,258
111900079,45,38,7
111900080,259,281,-22
111900082,107,27,80
111900083,118,5,113
111900084,110,19,91
111900085,53,137,-84
111900086,47,5,42
111900087,83,1,82
111900088,431,4,427
111900089,116,6,110
111900090,91,105,-14
111900091,197,5,192
111900092,101,1,100
111900093,321,9,312
111900094,142,26,116
111900095,259,47,212
111900096,125,1,124
111900097,43,0,43
111900098,227,3,224
111900099,67,0,67
111900100,320,8,312
111900101,140,29,111
111900102,1017,728,289
111900103,58,108,-50
111900104,230,102,128
111900105,426,275,151
111900106,1475,82,1393
111900110,2588,505,2083
111900111,408,340,68
111900112,1084,3217,-2133
111900113,359,178,181
111900118,392,116,276
111900119,383,226,157
111900122,201,78,123
111900123,58,44,14
111900124,44,127,-83
111900125,547,20,527
111900126,300,4,296
111900127,1,958,-957
111900128,8,612,-604
111900129,269,7,262
111900130,341,41,300
111900131,569,1,568
111900132,49,1537,-1488
111900133,8,528,-520
111900134,11,298,-287
111900135,12,35,-23
111900136,94,140,-46
111900137,76,118,-42
111900138,38,106,-68
111900139,19,118,-99
111900140,93,44,49
111900141,67,28,39
111900142,92,39,53
111900143,9,202,-193
111900144,0,110,-110
111900145,2,572,-570
111900146,4,277,-273
111900147,237,597,-360
111900148,37,787,-750
111900149,5,381,-376
111900150,11,206,-195
111900151,2,33,-31
111900152,95,94,1
111900153,1883,436,1447
111900154,10,301,-291
111900155,59,91,-32
111900156,32,100,-68
111900157,97,27,70
111900158,607,61,546
111900159,320,22,298
111900160,321,3,318
111900161,194,0,194
111900162,91,180,-89
111900163,58,271,-213
111900164,111,111,0
111901113,563,378,185
111901114,1063,445,618
111901115,99,4,95
111901116,123,12,111
111901117,23,128,-105
111901118,124,1121,-997
111901119,1100,206,894
111901121,261,324,-63
111901122,8,629,-621
111901123,182,496,-314
111901124,186,9,177
111901125,453,265,188
111901127,909,552,357
111901128,30,124,-94
111901129,6,178,-172
111901130,15,301,-286
111901131,5,349,-344
111901132,88,15,73
111901133,61,3,58
111901134,80,7,73
111901135,26,15,11
111901136,63,72,-9
111901137,2,23,-21
111901138,238,59,179
111901139,20,47,-27
111901140,8,151,-143
111901141,9,247,-238
111901142,4,160,-156
111901143,1,89,-88
111901144,37,40,-3
111901145,205,309,-104
111901146,681,22,659
112000001,2147,1189,958
112000002,929,3549,-2620
112000003,1588,1464,124
112000004,922,1656,-734
112000005,3517,4337,-820
112000006,3212,2975,237
112000007,3101,2411,690
112000008,2855,4696,-1841
112000009,4752,5152,-400
112000010,3355,3918,-563
112000011,2708,2816,-108
112000012,7444,4487,2957
112000013,8942,4780,4162
112000014,4924,1801,3123
112000015,6862,4919,1943
112000016,11022,1984,9038
112000017,6061,3571,2490
112000024,3334,1629,1705
112000026,6189,7348,-1159
112000027,1028,704,324
112000028,2522,2149,373
112000029,601,903,-302
112000030,274,224,50
112000031,2254,5955,-3701
112000032,699,110,589
112000033,3939,2063,1876
112000034,416,124,292
112000035,584,528,56
112000036,1659,1345,314
112000037,4446,1152,3294
112000038,3250,1354,1896
112000039,61,109,-48
112000040,156,357,-201
112000041,697,782,-85
112000042,1593,696,897
112000050,1273,2401,-1128
112000051,1205,1498,-293
112000054,2052,2459,-407
112000057,689,499,190
112000058,687,988,-301
112000059,587,1036,-449
112000061,4222,2604,1618
112000062,2033,910,1123
112000063,1528,1989,-461
112000064,5362,6774,-1412
112000065,2805,3261,-456
112000066,3967,1982,1985
112000067,854,888,-34
112000068,3938,2798,1140
112000069,1838,2540,-702
112000070,5164,1197,3967
112000071,1404,3492,-2088
112000072,3255,1395,1860
112000073,2796,2899,-103
112000074,2407,1575,832
112000075,1816,1591,225
112000076,5059,3989,1070
112000077,1254,832,422
112000078,2128,929,1199
112000079,1990,2197,-207
112000080,887,1386,-499
112000081,2251,3207,-956
112000082,1802,1312,490
112000083,662,1614,-952
112000084,1341,1362,-21
112000085,1887,1525,362
112000086,2993,2280,713
112000087,472,579,-107
112000088,760,1032,-272
112000089,548,504,44
112000090,477,435,42
112000091,675,1440,-765
112000092,1912,1566,346
112000093,2086,1265,821
112000094,720,1139,-419
112000095,827,1237,-410
112000096,613,963,-350
112000097,1518,947,571
112000098,1465,1952,-487
112000099,852,2033,-1181
112000100,2207,1257,950
112000101,738,1522,-784
112000102,1290,758,532
112000103,395,1739,-1344
112000105,666,2238,-1572
112000106,2082,605,1477
112000107,24,492,-468
112000108,400,2307,-1907
112000109,106,134,-28
112000110,2642,1019,1623
112000111,2608,5170,-2562
112000112,10156,1015,9141
112000113,1625,2598,-973
112000114,7009,1551,5458
112000115,530,763,-233
112000116,1112,1648,-536
112000117,1356,1130,226
112000118,1459,1403,56
112000119,642,1153,-511
112000120,80,484,-404
112000121,140,693,-553
112000122,305,236,69
112000123,595,224,371
112000124,374,143,231
112000125,211,376,-165
112000126,259,717,-458
112000127,4111,2800,1311
112000128,1826,967,859
112000129,158,239,-81
112000130,217,117,100
112000131,82,414,-332
112000132,139,380,-241
112000133,494,381,113
112000134,719,557,162
112000135,3788,1097,2691
112000136,3606,1869,1737
112000137,6349,2618,3731
112000138,7985,1940,6045
112000139,1162,718,444
112000140,1693,1392,301
112000141,996,460,536
112000142,246,934,-688
112000143,1346,375,971
112000144,445,1689,-1244
112000145,2695,917,1778
112000146,802,2787,-1985
112000147,3401,2598,803
112000148,2588,3071,-483
112000149,669,1047,-378
112000150,496,1168,-672
112000151,287,613,-326
112000152,396,837,-441
112000153,198,413,-215
112000154,136,513,-377
112000155,155,153,2
112000157,970,743,227
112000158,384,897,-513
112000159,741,591,150
112000167,501,133,368
112000169,458,582,-124
112000173,868,342,526
112000175,1189,587,602
112000176,4137,2801,1336
112000177,782,271,511
112000178,167,580,-413
112000179,379,167,212
112000180,306,537,-231
112000181,1875,2984,-1109
112000182,1297,2603,-1306
112000183,60,106,-46
112000184,416,659,-243
112000185,671,954,-283
112000187,5174,3060,2114
112000195,196,33,163
112000196,445,1,444
112000197,253,190,63
112000198,48,328,-280
112000199,2026,1758,268
112000202,584,5,579
112000216,77,392,-315
112000230,91,10,81
112000231,9,292,-283
112000256,62,394,-332
112000313,108,305,-197
112000314,68,29,39
112000337,616,787,-171
112000352,543,546,-3
112000392,1747,1627,120
112000398,1424,1345,79
112000399,2736,2895,-159
112000400,2315,4903,-2588
112000401,3871,4090,-219
112000402,3553,3572,-19
112000403,3082,3676,-594
112000404,879,1037,-158
112000405,2296,4055,-1759
112000406,4561,3574,987
112000407,7733,11160,-3427
112000408,10388,10516,-128
112000409,1980,6943,-4963
112000410,788,340,448
112000411,6469,2714,3755
112000412,2033,983,1050
112000413,11841,5917,5924
112000414,139,129,10
112000415,273,87,186
112000416,2653,2167,486
112000417,293,94,199
112000421,86,215,-129
112000422,516,684,-168
112000424,3225,3672,-447
112000425,620,1207,-587
112000426,164,558,-394
112000427,2,25,-23
112000428,374,453,-79
112000429,2749,3720,-971
112000430,2765,3840,-1075
112000431,95,216,-121
112000432,748,1691,-943
112000433,789,1315,-526
112000437,56,248,-192
112900001,45,3,42
112900002,437,1407,-970
112900003,81,485,-404
112900004,68,376,-308
112900005,264,405,-141
112900006,14,529,-515
112900007,64,317,-253
112900008,1,28,-27
112900009,513,170,343
112900010,452,1237,-785
112900011,236,405,-169
112900012,1,51,-50
112900013,25,275,-250
112900014,6,584,-578
112900015,579,1084,-505
112900016,6,495,-489
112900017,52,259,-207
112900018,3,479,-476
112900019,79,287,-208
112900020,559,1721,-1162
112900021,6,282,-276
112900022,12,96,-84
112900023,3,308,-305
112900024,38,300,-262
112900025,122,356,-234
112900026,6,329,-323
112900027,14,1436,-1422
112900028,32,154,-122
112900029,9,795,-786
112900030,278,298,-20
112900031,11,702,-691
112900032,323,380,-57
112900034,2,77,-75
112900035,20,590,-570
112900036,225,213,12
112900037,200,311,-111
112900038,779,275,504
112900039,22,462,-440
112900040,6,565,-559
112900041,1403,1777,-374
112900042,94,569,-475
112900043,178,82,96
112900044,809,704,105
112900045,504,468,36
112900046,262,103,159
112900047,23,42,-19
112900049,227,151,76
112900050,103,885,-782
112900051,471,1009,-538
112900052,29,1473,-1444
112900053,782,163,619
112900054,285,67,218
112900055,246,47,199
112900056,586,315,271
112900057,21,861,-840
112900058,365,461,-96
112900059,181,155,26
112900060,14,347,-333
112900061,124,175,-51
112900062,190,220,-30
112900063,149,25,124
112900064,246,279,-33
112900065,56,19,37
112900066,369,178,191
112900067,730,262,468
112900068,72,49,23
112900069,2656,1063,1593
112900071,28,6,22
112900072,336,3075,-2739
112900073,1285,106,1179
112900074,133,303,-170
112900075,2022,999,1023
112900076,152,23,129
112900078,411,644,-233
112900079,709,69,640
112900080,96,4,92
112900081,54,311,-257
112900082,638,36,602
112900083,111,100,11
112900084,301,138,163
112900086,140,2,138
112900087,976,306,670
112900088,208,26,182
112900089,769,31,738
112900090,44,20,24
112900091,276,9,267
112900092,318,299,19
112900093,2823,33,2790
112900095,62,0,62
112900096,505,384,121
112900097,131,485,-354
112900098,292,2,290
112900099,1081,22,1059
112900100,104,4,100
112900101,648,6,642
112900102,344,13,331
112900103,340,9,331
112900104,813,17,796
112900105,14,1,13
112900106,664,304,360
112900107,5,2,3
112900108,28,1,27
112900109,111,1,110
112900110,1320,18,1302
112900111,932,7,925
112900112,350,5,345
112900113,0,10,-10
112900114,179,164,15
112900115,1123,4,1119
112900116,170,49,121
112900117,124,111,13
112900118,34,110,-76
112900119,218,4,214
112900120,1105,435,670
112900121,207,304,-97
112900122,62,210,-148
112900123,221,25,196
112900124,15,171,-156
112900125,134,614,-480
112900126,328,373,-45
112900127,440,132,308
112900128,609,1095,-486
112900129,5,1352,-1347
112900130,384,107,277
112900131,58,280,-222
112900132,501,623,-122
112900133,52,1542,-1490
112900134,4,440,-436
112900135,245,71,174
112900137,3,677,-674
112900138,5,467,-462
112900139,348,1501,-1153
112900141,1095,51,1044
112900142,104,173,-69
112900143,67,696,-629
112900144,4,466,-462
112900145,55,660,-605
112900146,17,1693,-1676
112900147,11,2552,-2541
112900148,102,2,100
112900149,417,1199,-782
112900151,24,87,-63
112900152,5194,1386,3808
112900153,2703,2810,-107
112900154,0,167,-167
112900155,278,42,236
112900156,374,1811,-1437
112900157,352,88,264
112900158,52,66,-14
112900159,247,172,75
112900160,113,494,-381
112900161,132,44,88
112900162,46,35,11
112900163,106,42,64
112900164,41,384,-343
112900165,386,69,317
112900166,36,113,-77
112900167,21,86,-65
112900168,0,5,-5
112900169,38,20,18
112900170,83,121,-38
112900172,67,16,51
112900173,319,140,179
112900174,308,69,239
112900175,262,192,70
112900176,10,46,-36
112900177,316,93,223
112900178,1218,4252,-3034
112900179,57,647,-590
112900180,3176,2463,713
112900181,577,4,573
112900182,78,1496,-1418
112900183,228,479,-251
112900184,624,608,16
112900185,584,902,-318
112900186,2487,1362,1125
112900187,121,1001,-880
112900188,1169,518,651
112900189,9,72,-63
112900190,11,92,-81
112900192,877,912,-35
112900193,1549,522,1027
112900194,76,155,-79
112900195,1397,74,1323
112900196,364,478,-114
112900197,290,535,-245
112900199,625,763,-138
112900200,673,368,305
112900201,144,154,-10
112900202,398,1188,-790
112900203,247,362,-115
112900204,1299,985,314
112900205,12,26,-14
112900206,18,75,-57
112900207,19,0,19
112900208,104,370,-266
112900209,613,558,55
112900210,18,66,-48
112900211,116,204,-88
112900212,1,130,-129
112900213,29,19,10
112900214,47,18,29
112900215,17,253,-236
112900216,41,120,-79
112900217,1,81,-80
112900218,95,21,74
112900219,215,32,183
112900220,6,0,6
112900221,69,151,-82
112900222,1,32,-31
112900223,1336,25,1311
112900224,385,781,-396
112900225,597,537,60
112900226,348,625,-277
112900227,545,1871,-1326
112900228,72,54,18
112900229,183,60,123
112900230,9449,6829,2620
112900232,345,323,22
112900233,219,259,-40
112900234,20,169,-149
112900235,130,45,85
112900236,272,32,240
112900237,361,310,51
112900238,7,79,-72
112900239,1718,494,1224
113000001,6366,6278,88
113000002,4098,5287,-1189
113000003,2495,2182,313
113000004,2382,3237,-855
113000005,1960,1296,664
113000006,1258,1963,-705
113000007,2308,1527,781
113000008,2310,2326,-16
113000009,1375,1025,350
113000010,1964,1984,-20
113000011,1027,2143,-1116
113000012,2064,1315,749
113000013,2855,968,1887
113000014,2337,2444,-107
113000015,1259,502,757
113000016,1139,1125,14
113000017,205,610,-405
113000018,843,100,743
113000019,363,411,-48
113000020,696,63,633
113000021,1598,785,813
113000022,800,1698,-898
113000025,456,1439,-983
113000026,639,800,-161
113000027,1097,697,400
113000028,1636,816,820
113000029,973,789,184
113000030,568,962,-394
113000031,345,360,-15
113000032,383,397,-14
113000033,377,482,-105
113000034,470,437,33
113000035,55,48,7
113000036,32,89,-57
113000037,86,65,21
113000038,11,85,-74
113000039,115,686,-571
113000040,75,98,-23
113000042,1060,1101,-41
113000051,1048,3160,-2112
113000052,2361,1356,1005
113000053,422,704,-282
113000054,381,1201,-820
113000055,1423,894,529
113000056,981,1294,-313
113000058,849,1093,-244
113000059,1258,1079,179
113000060,256,722,-466
113000061,619,1421,-802
113000062,1550,466,1084
113000063,164,178,-14
113000064,70,476,-406
113000065,181,1286,-1105
113000066,758,140,618
113000067,2265,2253,12
113000068,470,2391,-1921
113000069,771,1992,-1221
113000070,3166,1799,1367
113000071,719,1115,-396
113000072,856,814,42
113000073,607,2228,-1621
113000074,1311,668,643
113000075,2471,1003,1468
113000076,1013,2569,-1556
113000077,1819,720,1099
113000078,1227,3307,-2080
113000079,2117,1262,855
113000080,1345,978,367
113000081,1809,1240,569
113000082,2665,1360,1305
113000083,770,1223,-453
113000084,2358,1801,557
113000085,1180,1311,-131
113000086,2792,1804,988
113000087,2294,1276,1018
113000088,3196,1742,1454
113000089,1057,2190,-1133
113000090,354,807,-453
113000091,846,523,323
113000094,1767,256,1511
113000095,386,1051,-665
113000096,282,928,-646
113000097,1572,522,1050
113000098,238,45,193
113000099,1745,472,1273
113000100,251,537,-286
113000101,414,786,-372
113000102,752,514,238
113000103,2696,870,1826
113000104,562,2573,-2011
113000105,1038,585,453
113000106,485,847,-362
113000107,1035,922,113
113000108,1095,1852,-757
113000109,671,2783,-2112
113000110,1826,666,1160
113000111,203,765,-562
113000112,475,526,-51
113000113,1929,428,1501
113000114,441,1884,-1443
113000116,1296,356,940
113000117,1121,158,963
113000118,195,1188,-993
113000119,875,536,339
113000120,239,511,-272
113000121,1955,1451,504
113000124,448,204,244
113000125,74,858,-784
113000127,3463,523,2940
113000128,652,763,-111
113000129,759,1250,-491
113000133,3378,2391,987
113000134,10,1525,-1515
113000135,4536,5618,-1082
113000137,2606,3566,-960
113000139,581,280,301
113000140,260,341,-81
113000141,617,271,346
113000142,1255,1711,-456
113000143,349,273,76
113000144,416,816,-400
113000145,89,252,-163
113000146,190,143,47
113000147,224,228,-4
113000148,159,162,-3
113000149,99,159,-60
113000150,738,447,291
113000151,113,88,25
113000152,25,152,-127
113000153,1886,825,1061
113000154,1041,2359,-1318
113000155,490,880,-390
113000156,234,647,-413
113000157,482,1117,-635
113000158,812,411,401
113000159,1127,1065,62
113000160,886,1589,-703
113000161,298,734,-436
113000162,1018,780,238
113000163,371,107,264
113000164,33,162,-129
113000166,212,186,26
113000167,48,162,-114
113000168,103,155,-52
113000169,186,144,42
113000170,104,166,-62
113000171,74,122,-48
113000172,266,119,147
113000173,65,29,36
113000174,197,582,-385
113000175,467,186,281
113000176,616,230,386
113000177,230,554,-324
113000178,273,484,-211
113000179,387,279,108
113000180,1159,1748,-589
113000181,1439,1245,194
113000182,379,634,-255
113000183,257,787,-530
113000184,94,130,-36
113000189,588,1110,-522
113000190,1481,844,637
113000192,2200,2510,-310
113000193,5234,1278,3956
113000194,2785,1676,1109
113000195,3357,998,2359
113000196,320,173,147
113000197,4444,1528,2916
113000198,119,773,-654
113000199,2913,561,2352
113000201,775,410,365
113000202,5570,2371,3199
113000203,340,316,24
113000204,2433,2323,110
113000205,17,23,-6
113000206,5,48,-43
113000207,133,34,99
113000208,114,62,52
113000209,24,37,-13
113000210,2,33,-31
113000211,177,241,-64
113000212,157,18,139
113000213,54,195,-141
113000214,147,279,-132
113000234,264,1176,-912
113000410,2041,397,1644
113000411,4341,5889,-1548
113000412,9095,3086,6009
113000413,4040,3937,103
113000414,9919,21745,-11826
113000415,3356,4520,-1164
113000416,12289,6243,6046
113000417,3818,4521,-703
113000418,6505,4092,2413
113000419,2351,2642,-291
113000420,5528,7120,-1592
113000421,4934,8299,-3365
113000422,17008,13413,3595
113000423,2897,6203,-3306
113000424,4564,10379,-5815
113000425,18,133,-115
113000428,424,76,348
113000430,67,788,-721
113000432,2465,270,2195
113000433,203,1280,-1077
113000434,49,233,-184
113000435,125,1031,-906
113000436,75,1762,-1687
113000437,1249,33,1216
113000438,321,16,305
113000439,41,142,-101
113000440,138,57,81
113000441,245,299,-54
113000442,185,287,-102
113000443,240,435,-195
113000444,208,373,-165
113000445,119,230,-111
113000446,47,161,-114
113000448,257,210,47
113000449,477,1468,-991
113000450,847,3767,-2920
113000451,1522,292,1230
113000452,589,693,-104
113000453,85,400,-315
113000454,1659,65,1594
113000455,71,282,-211
113000456,5375,3533,1842
113000468,2388,447,1941
113000469,255,259,-4
113000470,495,45,450
113000471,23,483,-460
113000472,154,590,-436
113000474,614,787,-173
113000475,2342,2202,140
113000476,1464,2435,-971
113000477,3988,2931,1057
113000478,6442,7279,-837
113000479,101,291,-190
113000480,173,151,22
113000484,0,0,0
113000485,0,0,0
113000486,27,0,27
113000487,0,0,0
113000488,2,1,1
113000489,3,8,-5
113000490,0,1,-1
113000491,16,55,-39
113000492,19,17,2
113000493,15,0,15
113000495,255,234,21
113000496,162,197,-35
113000497,1,0,1
113000499,0,0,0
113000500,0,2,-2
113900001,7,293,-286
113900002,0,242,-242
113900003,4,186,-182
113900004,2,64,-62
113900005,1,115,-114
113900006,18,29,-11
113900007,167,40,127
113900008,116,2,114
113900009,308,1,307
113900010,356,0,356
113900011,145,1,144
113900012,51,4,47
113900013,663,8,655
113900014,773,2,771
113900015,0,82,-82
113900016,40,1,39
113900017,2,40,-38
113900018,619,318,301
113900019,193,146,47
113900020,169,1,168
113900022,21,0,21
113900023,40,0,40
113900024,182,96,86
113900025,439,39,400
113900026,64,0,64
113900027,3,67,-64
113900028,30,581,-551
113900029,61,250,-189
113900030,254,3,251
113900031,7,0,7
113900032,23,1,22
113900033,89,126,-37
113900035,71,2,69
113900036,19,131,-112
113900037,229,585,-356
113900038,86,181,-95
113900039,213,17,196
113900040,19,8,11
113900041,4,6,-2
113900042,98,59,39
113900043,251,189,62
113900044,528,352,176
113900045,197,5,192
113900046,521,705,-184
113900047,17,69,-52
113900048,340,108,232
113900049,959,448,511
113900050,276,506,-230
113900051,313,592,-279
113900052,222,240,-18
113900053,947,830,117
113900054,29,3,26
113900055,165,530,-365
113900056,38,117,-79
113900057,34,175,-141
113900058,98,233,-135
113900059,289,531,-242
113900060,266,324,-58
113900061,1477,377,1100
113900062,74,14,60
113900063,48,110,-62
113900064,17,208,-191
113900065,614,25,589
113900066,318,557,-239
113900067,382,545,-163
113900068,552,592,-40
113900069,104,76,28
113900070,217,676,-459
113900071,45,44,1
113900072,96,226,-130
113900073,322,579,-257
113900074,105,394,-289
113900075,1413,1470,-57
113900076,209,11,198
113900077,123,276,-153
113900078,31,42,-11
113900079,5,80,-75
113900080,694,340,354
113900081,86,292,-206
113900082,119,354,-235
113900083,296,536,-240
113900084,325,121,204
113900085,70,363,-293
113900086,12,9,3
113900087,134,228,-94
113900088,74,158,-84
113900089,522,67,455
113900090,838,524,314
113900091,47,33,14
113900092,151,138,13
113900093,106,915,-809
113900094,387,530,-143
113900095,121,145,-24
113900096,331,77,254
113900097,170,153,17
113900098,693,113,580
113900099,1,88,-87
113900100,0,4,-4
113900101,70,88,-18
113900102,200,180,20
113900103,321,335,-14
113900104,106,267,-161
113900105,153,373,-220
113900106,2,119,-117
113900107,0,38,-38
113900108,318,395,-77
113900109,443,228,215
113900110,90,27,63
113900111,168,163,5
113900112,142,136,6
113900113,1725,706,1019
113900114,1,128,-127
113900115,1,138,-137
113900116,149,249,-100
113900117,184,28,156
113900118,273,334,-61
113900119,332,572,-240
113900120,44,60,-16
113900121,72,151,-79
113900122,466,2071,-1605
113900123,553,243,310
113900124,5,95,-90
113900125,1247,126,1121
113900126,342,70,272
113900127,453,885,-432
113900128,120,89,31
113900129,20,152,-132
113900130,25,66,-41
113900131,264,109,155
113900132,63,98,-35
113900133,20,75,-55
113900135,287,495,-208
113900136,159,115,44
113900137,418,385,33
113900138,96,302,-206
113900139,578,160,418
113900140,451,448,3
113900141,750,440,310
113900142,140,117,23
113900143,8,56,-48
113900144,534,310,224
113900145,606,308,298
113900146,156,101,55
113900148,172,415,-243
113900149,207,113,94
113900150,930,798,132
113900151,570,359,211
113900152,83,59,24
113900153,414,822,-408
113900154,11,169,-158
113900155,311,245,66
113900156,245,600,-355
113900157,53,311,-258
113900158,802,670,132
113900159,43,359,-316
113900160,2044,890,1154
113900161,77,280,-203
113900162,1081,1100,-19
113900163,338,414,-76
113900164,361,76,285
113900165,1595,614,981
113900166,290,164,126
113900167,362,55,307
113900168,153,179,-26
113900169,427,560,-133
113900171,341,94,247
113900172,22,268,-246
113900173,79,647,-568
113900174,599,818,-219
113900175,498,181,317
113900176,669,933,-264
113900177,377,251,126
113900178,1126,185,941
113900179,17,627,-610
113900180,200,138,62
113900181,588,184,404
113900182,1231,1618,-387
113900183,55,99,-44
113900184,18,623,-605
113900185,218,123,95
113900186,53,61,-8
113900187,54,211,-157
113900188,50,242,-192
113900189,319,151,168
113900190,307,168,139
113900191,134,382,-248
113900192,31,754,-723
113900193,40,307,-267
113900194,1965,1359,606
113900195,328,512,-184
113900196,24,226,-202
113900197,2,228,-226
113900198,47,281,-234
113900199,334,967,-633
113900200,26,404,-378
113900201,0,237,-237
113900202,37,379,-342
113900203,1,125,-124
113900204,60,570,-510
113900205,18,210,-192
113900206,10,216,-206
113900207,4,90,-86
113900208,1,92,-91
113900209,0,107,-107
113900210,854,1142,-288
113900211,257,83,174
113900212,238,655,-417
113900214,639,435,204
113900215,47,198,-151
113900216,154,1376,-1222
113900217,81,305,-224
113900218,241,104,137
113900219,110,396,-286
113900220,137,166,-29
113900221,406,303,103
113900222,341,1006,-665
113900223,162,1364,-1202
113900224,143,86,57
113900225,640,323,317
113900226,384,144,240
113900227,749,265,484
113900228,397,648,-251
113900229,64,1067,-1003
113900230,6081,3846,2235
113900231,271,272,-1
113900232,134,165,-31
113900233,151,104,47
113900234,412,716,-304
113900235,96,53,43
113900236,121,459,-338
113900237,226,9,217
113900238,297,711,-414
113900239,65,65,0
113900240,29,247,-218
113900241,133,72,61
113900242,43,157,-114
113900243,171,597,-426
113900244,478,336,142
113900245,1491,390,1101
113900246,20,22,-2
113900247,221,496,-275
113900248,3335,2437,898
113900249,1285,479,806
113900250,60,168,-108
113900251,701,243,458
113900252,634,35,599
113900253,826,95,731
113900254,1070,221,849
113900255,462,34,428
113900256,368,43,325
113900257,39,682,-643
113900258,27,583,-556
113900259,550,271,279
113900260,242,22,220
113900261,19,129,-110
113900262,204,727,-523
113900263,255,828,-573
113900264,12,623,-611
113900265,439,406,33
113900266,54,275,-221
113900267,158,642,-484
113900268,440,568,-128
113900269,65,196,-131
113900270,473,1074,-601
113900271,876,2039,-1163
113900273,142,39,103
113900274,118,78,40
113900275,56,128,-72
113900276,7,276,-269
113900277,128,1,127
113900278,476,261,215
113900279,144,136,8
113900280,1870,706,1164
113900281,841,1627,-786
113900282,964,751,213
113900283,529,733,-204
113900284,1245,201,1044
113900285,239,42,197
113900286,15,143,-128
113900287,66,93,-27
113900288,2,385,-383
113900289,1436,168,1268
113900290,464,257,207
113900291,263,323,-60
113900292,47,6,41
113900293,19,402,-383
113900294,482,43,439
113900295,579,393,186
113900296,2618,529,2089
113900297,3493,72,3421
113900298,14,1967,-1953
113900299,124,292,-168
113900300,6597,4713,1884
113900301,887,239,648
113900302,3531,1222,2309
113900303,748,642,106
113900304,5,188,-183
113900305,109,0,109
113900306,37,0,37
113900307,122,0,122
113900308,211,186,25
113900309,6,1054,-1048
113900310,3,16,-13
113900311,12,0,12
113900312,275,241,34
113900313,11,12,-1
114000001,1292,3846,-2554
114000002,354,492,-138
114000003,45,480,-435
114000004,580,571,9
114000005,352,441,-89
114000006,3436,3078,358
114000007,939,1924,-985
114000008,1794,2615,-821
114000009,827,371,456
114000011,2942,3454,-512
114000012,3193,2650,543
114000013,2082,2285,-203
114000014,756,508,248
114000015,3126,629,2497
114000016,323,444,-121
114000017,135,465,-330
114000018,355,99,256
114000026,1865,1712,153
114000027,3239,2457,782
114000028,3366,3109,257
114000038,360,298,62
114000039,187,82,105
114000040,121,418,-297
114000042,168,244,-76
114000043,99,152,-53
114000044,188,79,109
114000045,79,146,-67
114000046,5985,6531,-546
114000047,19,129,-110
114000048,86,70,16
114000049,2001,2591,-590
114000050,2091,3482,-1391
114000051,3814,2780,1034
114000052,7016,1974,5042
114000053,394,653,-259
114000054,250,1195,-945
114000055,918,46,872
114000056,1567,1171,396
114000057,7925,2860,5065
114000058,878,1820,-942
114000059,548,471,77
114000060,883,1389,-506
114000061,4891,3709,1182
114000062,3168,1969,1199
114000063,3715,2458,1257
114000064,8718,5122,3596
114000065,2093,3346,-1253
114000066,884,784,100
114000067,56,789,-733
114000068,566,983,-417
114000069,1119,1074,45
114000070,2809,2342,467
114000071,952,886,66
114000072,1223,441,782
114000073,20,104,-84
114000074,43,39,4
114000075,34,198,-164
114000076,17,149,-132
114000077,10,87,-77
114000078,1173,1128,45
114000079,192,42,150
114000080,125,96,29
114000081,97,94,3
114000082,46,673,-627
114000083,86,443,-357
114000084,393,124,269
114000085,129,996,-867
114000086,508,688,-180
114000087,256,252,4
114000088,88,60,28
114000089,1559,685,874
114000090,1119,1302,-183
114000091,1974,1376,598
114000092,1218,970,248
114000093,1797,1358,439
114000094,508,526,-18
114000095,479,205,274
114000096,284,643,-359
114000097,184,970,-786
114000098,519,136,383
114000099,645,982,-337
114000100,1469,1101,368
114000101,613,1202,-589
114000102,826,453,373
114000103,309,534,-225
114000104,272,401,-129
114000105,347,184,163
114000106,1155,1140,15
114000107,577,190,387
114000108,2045,1459,586
114000109,587,1437,-850
114000110,919,2118,-1199
114000111,1911,1483,428
114000112,895,2490,-1595
114000113,1580,753,827
114000114,1818,1863,-45
114000115,2114,1271,843
114000116,1419,1791,-372
114000117,2938,780,2158
114000118,2634,808,1826
114000119,1891,669,1222
114000120,619,1412,-793
114000121,506,941,-435
114000122,531,468,63
114000123,2060,723,1337
114000124,915,500,415
114000125,1148,1842,-694
114000126,5665,391,5274
114000127,576,282,294
114000128,1003,563,440
114000130,868,771,97
114000131,435,253,182
114000132,849,907,-58
114000133,1336,2152,-816
114000134,67,225,-158
114000138,80,330,-250
114000139,559,294,265
114000144,988,650,338
114000145,109,298,-189
114000146,109,389,-280
114000147,1559,1976,-417
114000148,2795,2723,72
114000149,571,484,87
114000150,773,897,-124
114000151,974,1323,-349
114000152,274,54,220
114000153,1054,2723,-1669
114000154,1036,1099,-63
114000155,3505,2880,625
114000156,1020,773,247
114000157,517,1301,-784
114000158,2233,1153,1080
114000159,214,659,-445
114000160,137,529,-392
114000161,1595,3490,-1895
114000162,1268,2629,-1361
114000163,10,228,-218
114000165,658,306,352
114000166,1008,574,434
114000167,4464,2009,2455
114000168,1080,951,129
114000169,2108,1463,645
114000170,1822,1379,443
114000171,1130,3665,-2535
114000174,291,706,-415
114000176,858,628,230
114000177,2507,1226,1281
114000178,109,62,47
114000179,1378,1078,300
114000180,566,1073,-507
114000181,2078,4481,-2403
114000182,4683,3125,1558
114000183,1534,1440,94
114000184,5705,1712,3993
114000185,1896,1418,478
114000189,871,141,730
114000190,2779,344,2435
114000191,43,74,-31
114000192,454,1918,-1464
114000193,1101,3828,-2727
114000194,1540,1639,-99
114000195,236,45,191
114000196,6,387,-381
114000197,1368,57,1311
114000198,1470,433,1037
114000199,2591,1877,714
114000200,819,2505,-1686
114000201,202,1139,-937
114000202,2714,767,1947
114000203,542,932,-390
114000204,288,559,-271
114000205,478,2077,-1599
114000206,763,1717,-954
114000207,852,2607,-1755
114000208,592,3762,-3170
114000209,829,3113,-2284
114000210,387,2011,-1624
114000211,1237,3412,-2175
114000212,983,986,-3
114000213,1834,861,973
114000214,154,310,-156
114000215,260,76,184
114000216,2888,902,1986
114000217,284,546,-262
114000218,183,459,-276
114000219,1599,443,1156
114000220,45,1291,-1246
114000221,1184,305,879
114000222,232,1432,-1200
114000223,656,168,488
114000224,164,902,-738
114000225,296,828,-532
114000226,150,296,-146
114000227,994,704,290
114000228,1075,1111,-36
114000229,1347,1769,-422
114000230,2286,1798,488
114000231,1135,1665,-530
114000232,655,174,481
114000233,2197,163,2034
114000234,1421,1390,31
114000235,1395,2022,-627
114000236,1,539,-538
114000237,148,1135,-987
114000238,621,212,409
114000239,396,1546,-1150
114000240,1063,998,65
114000241,345,1284,-939
114000242,1236,1252,-16
114000243,2687,1067,1620
114000244,2672,597,2075
114000245,457,858,-401
114000246,224,61,163
114000247,2853,916,1937
114000248,2608,685,1923
114000249,573,935,-362
114000250,526,1075,-549
114000251,387,341,46
114000252,110,103,7
114000253,182,225,-43
114000254,51,120,-69
114000255,899,311,588
114000256,2292,2286,6
114000257,646,1968,-1322
114000258,1088,666,422
114000259,709,319,390
114000260,0,39,-39
114000261,60,65,-5
114000262,816,243,573
114000263,31,2,29
114000264,1476,813,663
114000265,0,2,-2
114000267,3,4116,-4113
114000268,3,2137,-2134
114000270,42,1,41
114000271,944,126,818
114000283,1991,718,1273
114000285,57,379,-322
114000288,94,383,-289
114000289,1293,305,988
114000293,241,685,-444
114000294,219,422,-203
114000395,3615,146,3469
114000396,556,554,2
114000402,471,428,43
114000403,303,550,-247
114000405,147,764,-617
114000423,312,645,-333
114000424,652,300,352
114000425,666,631,35
114000426,370,1193,-823
114000427,63,116,-53
114000428,279,227,52
114000429,15,297,-282
114000432,108,130,-22
114000434,43,138,-95
114000435,14,513,-499
114900001,868,1370,-502
114900002,2214,167,2047
114900003,680,2188,-1508
114900004,382,590,-208
114900005,661,1236,-575
114900006,376,96,280
114900007,484,20,464
114900008,243,222,21
114900010,3253,2328,925
114900011,266,249,17
114900013,299,216,83
114900015,106,598,-492
114900018,1049,32,1017
114900020,238,122,116
114900022,62,855,-793
114900024,327,316,11
114900025,769,271,498
114900026,101,171,-70
114900027,440,300,140
114900029,43,52,-9
114900030,442,309,133
114900031,363,45,318
114900032,408,32,376
114900033,1427,772,655
114900034,50,259,-209
114900035,226,376,-150
114900036,289,1023,-734
114900037,157,293,-136
114900038,220,902,-682
114900039,694,724,-30
114900040,98,257,-159
114900041,702,669,33
114900042,793,977,-184
114900043,768,389,379
114900044,312,44,268
114900046,74,201,-127
114900047,315,1846,-1531
114900048,157,319,-162
114900049,7,231,-224
114900050,68,577,-509
114900051,54,494,-440
114900052,422,306,116
114900053,596,367,229
114900054,100,242,-142
114900057,306,6,300
114900058,0,137,-137
114900059,90,54,36
114900060,1772,1019,753
114900061,113,252,-139
114900062,405,518,-113
114900063,98,282,-184
114900064,1272,677,595
114900065,406,914,-508
114900067,429,641,-212
114900068,75,166,-91
114900069,264,205,59
114900070,713,586,127
114900072,11,551,-540
114900073,4,391,-387
114900074,633,1016,-383
114900075,321,17,304
114900076,22,615,-593
114900080,2538,602,1936
114900082,4464,2218,2246
114900083,2403,1563,840
114900090,384,417,-33
114900091,130,239,-109
114900095,569,219,350
114900096,612,1063,-451
114900097,121,1,120
114900098,6,332,-326
114900099,417,16,401
115000001,8072,5953,2119
115000002,3891,4860,-969
115000003,6117,4827,1290
115000004,4185,7797,-3612
115000005,2149,3178,-1029
115000006,1184,2266,-1082
115000007,92,243,-151
115000008,1059,794,265
115000009,239,317,-78
115000010,348,171,177
115000013,105,233,-128
115000015,53,353,-300
115000016,341,354,-13
115000019,185,675,-490
115000020,184,872,-688
115000021,338,646,-308
115000022,631,521,110
115000023,467,646,-179
115000024,1623,648,975
115000025,1073,893,180
115000026,198,631,-433
115000027,310,381,-71
115000028,277,1215,-938
115000029,619,185,434
115000030,1202,1455,-253
115000031,1424,576,848
115000032,15,301,-286
115000033,350,52,298
115000034,166,1539,-1373
115000035,1521,77,1444
115000036,2,562,-560
115000037,798,18,780
115000038,81,215,-134
115000039,4424,4106,318
115000040,9920,4067,5853
115000041,2338,4160,-1822
115000042,2236,948,1288
115000043,4316,2790,1526
115000044,4915,5033,-118
115000045,3130,2633,497
115000046,2306,3141,-835
115000047,2370,2123,247
115000048,1782,3478,-1696
115000049,2118,4772,-2654
115000050,3755,2940,815
115000051,2037,4128,-2091
115000052,3567,2484,1083
115000053,1946,2265,-319
115000054,845,1815,-970
115000055,193,677,-484
115000056,315,706,-391
115000057,1024,1007,17
115000058,705,296,409
115000059,272,210,62
115000061,490,220,270
115000062,322,372,-50
115000063,377,436,-59
115000064,395,201,194
115000065,32,535,-503
115000067,230,30,200
115000069,94,441,-347
115000070,50,1087,-1037
115000071,169,32,137
115000072,16,93,-77
115000073,1355,55,1300
115000075,123,97,26
115000076,5191,4084,1107
115000077,3426,3440,-14
115000078,1648,1931,-283
115000079,2799,2639,160
115000080,3743,3344,399
115000081,577,1375,-798
115000082,4586,4366,220
115000083,2617,3403,-786
115000084,2282,1512,770
115000085,948,1392,-444
115000086,1190,1225,-35
115000087,541,2053,-1512
115000088,1946,1007,939
115000089,1735,1564,171
115000090,680,1281,-601
115000091,319,1304,-985
115000092,512,431,81
115000093,500,1,499
115000094,8967,6636,2331
115000095,6729,7046,-317
115000096,693,2301,-1608
115000097,953,1343,-390
115000098,1116,1134,-18
115000099,2985,3854,-869
115000100,1085,526,559
115000101,732,2104,-1372
115000102,484,327,157
115000103,384,940,-556
115000105,76,262,-186
115000106,651,474,177
115000107,286,726,-440
115000108,4322,3362,960
115000109,5999,4805,1194
115000110,1897,1655,242
115000111,877,2528,-1651
115000112,840,795,45
115000113,908,1088,-180
115000114,3072,1067,2005
115000116,6199,2990,3209
115000117,5995,4805,1190
115000118,3188,2487,701
115000119,3079,3414,-335
115000120,926,1708,-782
115000121,2087,1203,884
115000122,5843,2618,3225
115000123,2632,3057,-425
115000124,1506,1176,330
115000125,765,809,-44
115000126,251,415,-164
115000127,528,207,321
115000128,824,975,-151
115000129,331,405,-74
115000130,546,1271,-725
115000131,991,383,608
115000132,498,673,-175
115000133,1015,481,534
115000134,1102,457,645
115000135,908,308,600
115000136,510,377,133
115000137,217,275,-58
115000138,336,382,-46
115000139,295,357,-62
115000140,314,387,-73
115000141,206,362,-156
115000142,219,339,-120
115000143,727,780,-53
115000144,498,101,397
115000145,256,448,-192
115000146,1084,399,685
115000147,954,583,371
115000148,327,1596,-1269
115000149,619,323,296
115000150,738,1351,-613
115000151,1323,895,428
115000152,901,1718,-817
115000153,1342,1236,106
115000154,758,604,154
115000155,703,1319,-616
115000156,1247,1033,214
115000157,885,949,-64
115000158,921,478,443
115000159,943,771,172
115000160,928,892,36
115000161,525,628,-103
115000162,898,951,-53
115000163,709,720,-11
115000164,770,670,100
115000165,483,645,-162
115000167,202,107,95
115000168,775,420,355
115000169,811,383,428
115000170,208,163,45
115000171,358,233,125
115000172,1663,851,812
115000173,443,625,-182
115000174,266,376,-110
115000175,303,113,190
115000176,193,125,68
115000177,222,149,73
115000178,59,378,-319
115000179,106,53,53
115000180,132,841,-709
115000181,669,216,453
115000182,1025,410,615
115000183,397,1090,-693
115000186,865,363,502
115000187,263,997,-734
115000188,574,591,-17
115000189,243,528,-285
115000190,974,480,494
115000191,326,676,-350
115000194,268,340,-72
115000195,461,425,36
115000196,331,140,191
115000197,519,392,127
115000198,352,288,64
115000199,496,279,217
115000200,534,149,385
115000201,236,446,-210
115000206,757,139,618
115000207,195,476,-281
115000208,686,972,-286
115000209,1686,530,1156
115000210,270,211,59
115000211,484,328,156
115000212,1693,395,1298
115000224,507,64,443
115000225,41,106,-65
115000229,240,161,79
115000230,112,562,-450
115000231,358,2260,-1902
115000232,1685,394,1291
115000233,185,261,-76
115000234,38,380,-342
115000241,104,403,-299
115000242,119,509,-390
115000243,63,353,-290
115000244,5,169,-164
115000246,39,63,-24
115000247,76,58,18
115000248,30,30,0
115000249,55,32,23
115000250,295,61,234
115000251,275,255,20
115000252,137,336,-199
115000253,19,547,-528
115000258,305,386,-81
115000259,506,258,248
115000261,19,36,-17
115000262,16,26,-10
115000263,13,64,-51
115000264,42,49,-7
115000267,88,83,5
115000268,40,137,-97
115000269,140,70,70
115000270,5,21,-16
115000272,144,222,-78
115000273,504,43,461
115000280,2044,199,1845
115000281,534,834,-300
115000282,1766,1037,729
115000284,449,195,254
115000296,1378,18,1360
115000297,264,109,155
115000298,95,575,-480
115000300,204,265,-61
115000302,953,230,723
115000303,884,197,687
115000304,897,130,767
115000305,127,1208,-1081
115000306,300,537,-237
115000307,226,246,-20
115000308,49,22,27
115000309,11,41,-30
115000310,1088,1382,-294
115000311,796,1710,-914
115000313,158,926,-768
115000314,519,199,320
115000315,1298,602,696
115000316,82,125,-43
115000317,272,716,-444
115000318,954,462,492
115000319,81,354,-273
115000320,13,413,-400
115000321,486,20,466
115000322,85,306,-221
115000449,348,167,181
115000557,1,1417,-1416
115000558,611,93,518
115000587,622,781,-159
115000588,3016,3788,-772
115000589,4470,3046,1424
115000590,1820,1901,-81
115000591,2724,907,1817
115000592,798,2289,-1491
115000593,1747,752,995
115000594,1207,2869,-1662
115000609,161,279,-118
115000617,2920,4307,-1387
115000624,275,129,146
115000633,557,2977,-2420
115000634,2998,1032,1966
115000635,690,198,492
115000638,1252,1070,182
115000641,62,207,-145
115000642,455,542,-87
115000643,141,766,-625
115000644,169,707,-538
115000646,1124,1994,-870
115000647,305,720,-415
115000648,2129,2666,-537
115000893,4175,1733,2442
115000894,241,1530,-1289
115000895,565,1006,-441
115000896,1589,429,1160
115000897,813,218,595
115000898,839,262,577
115000899,740,1525,-785
115000900,154,408,-254
115000901,129,200,-71
115000912,497,167,330
115000913,5,34,-29
115000915,42,0,42
115000916,9,0,9
115000917,0,9,-9
115000918,89,413,-324
115000919,9,20,-11
115000920,48,52,-4
115000921,884,157,727
115000922,1392,891,501
115000923,708,1061,-353
115000925,122,111,11
115000927,52,107,-55
115000933,274,261,13
115000934,247,312,-65
115000935,120,142,-22
115000936,61,728,-667
115000937,1090,208,882
115000938,106,225,-119
115000939,88,217,-129
115900001,101,83,18
115900002,100,218,-118
115900003,221,179,42
115900004,1,92,-91
115900005,208,30,178
115900006,185,333,-148
115900008,41,18,23
115900009,95,368,-273
115900010,357,208,149
115900011,743,410,333
115900012,190,110,80
115900013,520,212,308
115900014,154,286,-132
115900015,203,93,110
115900016,167,50,117
115900017,22,15,7
115900018,293,124,169
115900019,519,39,480
115900020,71,0,71
115900021,1836,200,1636
115900022,1977,17,1960
115900023,43,4,39
115900025,81,321,-240
115900026,1082,404,678
115900027,5,435,-430
115900028,961,98,863
115900029,29,531,-502
115900030,25,38,-13
115900031,341,364,-23
115900032,671,1061,-390
115900033,1,57,-56
115900034,63,600,-537
115900035,48,41,7
115900036,164,757,-593
115900037,84,524,-440
115900038,56,26,30
115900039,233,287,-54
115900041,730,719,11
115900042,20,10,10
115900043,119,144,-25
115900044,497,348,149
115900046,277,394,-117
115900047,191,124,67
115900049,161,347,-186
115900051,2,70,-68
115900052,22,296,-274
115900053,258,365,-107
115900054,213,73,140
115900055,22,179,-157
115900056,274,471,-197
115900057,44,28,16
115900058,26,77,-51
115900060,213,245,-32
115900061,185,0,185
115900062,49,451,-402
115900063,72,14,58
115900064,174,256,-82
115900065,141,183,-42
115900066,269,209,60
115900067,12,948,-936
115900068,4160,1119,3041
115900069,206,201,5
115900070,222,334,-112
115900071,2,604,-602
115900072,59,258,-199
115900073,89,77,12
115900074,4,393,-389
115900075,87,304,-217
115900076,4,121,-117
115900077,6,302,-296
115900078,348,199,149
115900079,198,29,169
115900080,689,429,260
115900081,17,89,-72
115900082,249,290,-41
115900084,418,47,371
115900085,55,74,-19
115900086,2028,893,1135
115900088,12,54,-42
115900089,385,961,-576
115900090,314,31,283
115900091,23,77,-54
115900092,35,247,-212
115900093,17,44,-27
115900094,4,473,-469
115900096,6,17,-11
115900097,18,526,-508
115900098,170,455,-285
115900099,335,110,225
115900100,30,707,-677
115900101,127,383,-256
115900102,147,99,48
115900103,404,252,152
115900104,68,200,-132
115900105,308,872,-564
115900106,40,64,-24
115900107,146,261,-115
115900108,159,119,40
115900109,88,627,-539
115900110,5,26,-21
115900111,8,121,-113
115900112,67,1243,-1176
115900113,77,131,-54
115900114,7,244,-237
115900115,104,365,-261
115900116,149,1171,-1022
115900117,63,53,10
115900118,6,406,-400
115900119,236,235,1
115900120,27,494,-467
115900121,194,468,-274
115900124,571,960,-389
115900125,288,79,209
115900126,715,163,552
115900127,815,91,724
115900128,19,105,-86
115900129,996,88,908
115900130,36,272,-236
115900131,1201,46,1155
115900132,757,12,745
115900134,388,24,364
115900135,570,1331,-761
115900137,46,4,42
115900139,67,64,3
115900140,284,48,236
115900141,10,39,-29
115900142,6,21,-15
115900143,407,398,9
115900144,96,273,-177
115900146,49,220,-171
115900147,446,325,121
115900148,80,2,78
115900149,93,43,50
115900150,57,43,14
115900151,30,135,-105
115900152,147,419,-272
115900153,131,288,-157
115900154,704,439,265
115900155,0,98,-98
115900156,751,1294,-543
115900157,207,762,-555
115900158,41,19,22
115900159,156,382,-226
115900160,24,7,17
115900161,201,285,-84
115900163,187,179,8
115900164,505,66,439
115900165,4,185,-181
115900166,270,259,11
115900168,101,339,-238
115900171,128,525,-397
115900172,62,215,-153
115900173,265,184,81
115900174,331,310,21
115900175,124,385,-261
115900178,10,830,-820
115900179,260,20,240
115900180,63,293,-230
115900181,196,351,-155
115900182,455,392,63
115900183,116,42,74
115900184,2217,19,2198
115900187,16,142,-126
115900189,6,349,-343
115900190,706,1486,-780
115900191,78,564,-486
115900192,12,166,-154
115900193,1070,279,791
115900194,890,83,807
115900195,1000,2533,-1533
115900198,249,481,-232
115900199,208,472,-264
115900200,385,652,-267
115900201,542,479,63
115900202,1,64,-63
115900203,3,9,-6
115900204,3,6,-3
115900205,170,20,150
115900206,279,297,-18
115900207,27,54,-27
115900208,244,265,-21
115900209,7,225,-218
115900210,13,203,-190
115900211,2,320,-318
115900212,177,474,-297
115900213,176,75,101
115900214,461,277,184
115900215,29,127,-98
115900216,56,128,-72
115900217,106,69,37
115900218,9,46,-37
115900219,84,10,74
115900220,155,46,109
115900221,62,14,48
115900222,55,43,12
115900223,14,356,-342
115900224,1886,1301,585
115900225,82,43,39
115900226,41,59,-18
115900227,17,64,-47
115900228,18,53,-35
115900229,9,70,-61
115900230,89,190,-101
115900231,126,4,122
115900232,74,6,68
115900233,74,44,30
115900234,80,37,43
115900235,78,67,11
115900236,257,41,216
115900237,114,45,69
115900238,253,33,220
115900239,46,49,-3
115900240,33,72,-39
115900241,249,231,18
115900242,260,499,-239
115900243,19,13,6
115900244,19,8,11
115900245,68,22,46
115900246,71,13,58
115900247,57,17,40
115900248,23,8,15
115900249,3,17,-14
115900250,9,20,-11
115900251,3,36,-33
115900252,5,5,0
115900253,10,33,-23
115900254,8,21,-13
115900255,6,30,-24
115900256,23,25,-2
115900257,5,18,-13
115900258,0,7,-7
115900259,7,9,-2
115900260,8,1,7
115900261,12,5,7
115900262,2,2,0
115900263,7,2,5
115900264,13,11,2
115900265,1,5,-4
115900266,1,16,-15
115900267,12,10,2
115900268,10,10,0
115900269,554,784,-230
115900270,473,579,-106
115900271,104,1,103
115900272,23,2,21
115900273,9,29,-20
115900274,0,20,-20
115900275,0,30,-30
115900276,0,51,-51
115900277,0,81,-81
115900278,46,125,-79
115900279,21,212,-191
115900280,26,443,-417
115900281,529,272,257
115900282,20,8,12
115900283,6,34,-28
115900284,13,11,2
116000001,17377,6703,10674
116000002,5580,13063,-7483
116000003,2237,2477,-240
116000004,2811,4582,-1771
116000005,5198,4392,806
116000006,4267,2891,1376
116000007,6073,5794,279
116000008,9865,2674,7191
116000009,2969,3802,-833
116000010,2691,1945,746
116000011,1303,2744,-1441
116000012,1897,1634,263
116000013,13263,5675,7588
116000014,17401,12640,4761
116000015,559,1565,-1006
116000016,8630,4279,4351
116000017,61,908,-847
116000018,1042,500,542
116000019,1199,346,853
116000020,717,1291,-574
116000021,545,347,198
116000022,402,457,-55
116000023,1213,920,293
116000024,1033,1212,-179
116000025,955,1003,-48
116000026,2428,3366,-938
116000027,1095,740,355
116000028,503,999,-496
116000029,955,884,71
116000030,966,594,372
116000031,191,430,-239
116000032,490,269,221
116000033,334,679,-345
116000034,868,1276,-408
116000035,486,972,-486
116000036,2209,1202,1007
116000037,801,708,93
116000038,615,468,147
116000039,741,424,317
116000040,1324,367,957
116000041,292,590,-298
116000042,794,309,485
116000043,110,779,-669
116000044,43,87,-44
116000045,2147,1571,576
116000046,1518,1814,-296
116000047,2215,2906,-691
116000048,2461,2226,235
116000049,1446,3234,-1788
116000050,1839,1913,-74
116000051,7230,2963,4267
116000052,7226,6266,960
116000053,2085,1405,680
116000054,896,3427,-2531
116000055,788,1472,-684
116000056,1122,1555,-433
116000057,3990,2516,1474
116000058,4013,3249,764
116000059,3546,5159,-1613
116000060,3267,1264,2003
116000061,830,1307,-477
116000062,902,312,590
116000063,695,1276,-581
116000066,316,686,-370
116000067,466,696,-230
116000068,241,337,-96
116000069,361,584,-223
116000078,684,1409,-725
116000080,2694,1705,989
116000082,16,128,-112
116000083,1921,596,1325
116000084,3311,5591,-2280
116000085,3051,2367,684
116000086,2583,1770,813
116000087,2232,2017,215
116000088,970,1666,-696
116000089,251,134,117
116000090,164,227,-63
116000091,941,393,548
116000093,900,669,231
116000094,804,932,-128
116000095,956,780,176
116000096,954,2420,-1466
116000097,2988,1049,1939
116000098,295,10257,-9962
116000099,9648,408,9240
116000100,272,41,231
116000101,1431,1526,-95
116000102,387,1972,-1585
116000103,823,421,402
116000104,456,2142,-1686
116000105,1305,192,1113
116000106,2325,1394,931
116000107,6112,546,5566
116000108,2707,304,2403
116000111,164,65,99
116000113,163,159,4
116000114,91,226,-135
116000115,400,181,219
116000116,438,859,-421
116000117,1783,2728,-945
116000118,1749,2084,-335
116000119,3298,2392,906
116000120,3617,6552,-2935
116000121,963,762,201
116000122,1677,2719,-1042
116000123,1186,728,458
116000124,589,1614,-1025
116000125,3642,1169,2473
116000126,580,2248,-1668
116000127,1486,1868,-382
116000128,1807,1249,558
116000129,2148,297,1851
116000130,548,538,10
116000133,1090,1201,-111
116000134,2138,3138,-1000
116000135,2468,1907,561
116000136,1579,3057,-1478
116000137,1212,902,310
116000138,1237,730,507
116000139,2536,2577,-41
116000140,258,267,-9
116000141,421,977,-556
116000142,4449,3849,600
116000143,2357,2225,132
116000144,1819,3201,-1382
116000145,1975,1727,248
116000146,636,350,286
116000147,287,165,122
116000148,546,691,-145
116000149,796,776,20
116000151,989,847,142
116000153,108,586,-478
116000155,266,389,-123
116000156,747,1588,-841
116000157,96,24,72
116000158,389,446,-57
116000159,12,13,-1
116000160,28,135,-107
116000161,9,122,-113
116000162,87,97,-10
116000163,33,5,28
116000164,7,34,-27
116000177,2617,221,2396
116000194,126,638,-512
116000195,1925,963,962
116000196,1,5,-4
116000197,8,9,-1
116000198,3147,1416,1731
116000200,862,579,283
116000201,734,870,-136
116000202,19,424,-405
116000203,2,147,-145
116000204,10,101,-91
116000205,3,276,-273
116000206,0,162,-162
116000207,10,68,-58
116000233,318,765,-447
116000287,241,651,-410
116000288,306,294,12
116000292,95,130,-35
116000296,18,388,-370
116000297,118,19,99
116000304,312,80,232
116000305,28,127,-99
116000346,156,145,11
116000352,158,121,37
116000354,73,54,19
116000357,32,92,-60
116000358,500,49,451
116000361,126,2,124
116000372,7763,4272,3491
116000381,166,48,118
116000388,4,117,-113
116000389,1251,708,543
116000445,351,907,-556
116000446,662,1024,-362
116000447,12,637,-625
116000448,751,308,443
116000563,1150,992,158
116000565,79,625,-546
116000568,108,383,-275
116000579,27,188,-161
116000584,25,26,-1
116000585,33,17,16
116000586,156,152,4
116000587,655,786,-131
116000589,75,101,-26
116000590,110,153,-43
116000591,266,409,-143
116000592,14,151,-137
116000593,0,21,-21
116000594,652,745,-93
116000595,1023,225,798
116000596,133,9,124
116000597,462,195,267
116000598,13,322,-309
116000602,70,500,-430
116000605,647,224,423
116000606,142,436,-294
116000607,2,41,-39
116000609,273,1071,-798
116000611,134,746,-612
116000612,973,2302,-1329
116000613,627,490,137
116000614,571,917,-346
116000615,3,355,-352
116000616,79,144,-65
116000617,81,102,-21
116000618,4,154,-150
116000619,183,92,91
116000620,81,81,0
116000621,67,170,-103
116000622,35,209,-174
116000624,519,141,378
116000627,47,70,-23
116000628,85,669,-584
116000629,39,677,-638
116000630,577,91,486
116000631,267,98,169
116000632,651,486,165
116000633,85,530,-445
116000634,554,107,447
116000635,3767,2279,1488
116000636,1248,1363,-115
116000637,560,41,519
116000638,43,634,-591
116900001,291,252,39
116900002,402,7,395
116900003,29,107,-78
116900004,56,79,-23
116900005,296,98,198
116900006,256,279,-23
116900007,159,255,-96
116900008,502,507,-5
116900009,26,11,15
116900010,5,1741,-1736
116900011,33,45,-12
116900012,523,270,253
116900013,12,259,-247
116900014,111,401,-290
116900015,368,71,297
116900016,265,6,259
116900017,4,937,-933
116900018,57,57,0
116900019,21,443,-422
116900020,1736,1315,421
116900023,179,16,163
116900024,747,101,646
116900025,1320,1269,51
116900026,251,867,-616
116900027,41,64,-23
116900028,6,156,-150
116900029,0,98,-98
116900031,7,12,-5
116900032,11,447,-436
116900033,18,16,2
116900034,36,107,-71
116900035,268,284,-16
116900036,4,126,-122
116900038,202,13,189
116900041,73,25,48
116900042,985,414,571
116900043,38,134,-96
116900047,64,199,-135
116900049,64,453,-389
116900050,156,620,-464
116900051,141,249,-108
116900052,239,89,150
116900055,1,11,-10
116900057,17,359,-342
116900058,49,528,-479
116900059,1,222,-221
116900060,211,224,-13
116900062,2,19,-17
116900064,112,1041,-929
116900065,100,178,-78
116900067,130,143,-13
116900068,173,318,-145
116900070,0,3,-3
116900072,20,576,-556
116900073,26,174,-148
116900074,19,80,-61
116900076,16,64,-48
116900077,11,198,-187
116900078,329,178,151
116900079,34,332,-298
116900080,40,44,-4
116900081,562,1622,-1060
116900082,514,1142,-628
116900083,94,75,19
116900084,207,69,138
116900085,74,203,-129
116900086,94,285,-191
116900088,710,281,429
116900090,247,86,161
116900091,561,48,513
116900092,99,907,-808
116900093,2124,2049,75
116900094,6084,3945,2139
116900095,253,143,110
116900096,116,478,-362
116900097,4570,3378,1192
116900098,876,351,525
116900099,1209,815,394
116900100,1128,65,1063
116900101,388,704,-316
116900103,1,0,1
116900104,170,99,71
116900105,320,174,146
116900106,2315,787,1528
116900107,5392,3044,2348
116900110,19,0,19
116900111,470,1326,-856
116900112,338,1587,-1249
116900113,3087,2137,950
116900116,130,466,-336
116900117,299,160,139
116900118,879,765,114
116900120,398,122,276
116900121,506,30,476
116900122,1129,1098,31
116900123,201,894,-693
116900124,399,1348,-949
116900125,402,351,51
116900126,255,680,-425
116900128,1,69,-68
116900129,1,489,-488
116900130,886,3537,-2651
116900131,101,424,-323
116900132,44,136,-92
116900133,161,216,-55
116900134,396,350,46
116900136,454,255,199
116900137,393,198,195
116900138,276,209,67
116900139,173,512,-339
116900140,244,191,53
116900141,1098,565,533
116900142,2,111,-109
116900143,312,431,-119
116900144,34,132,-98
116900145,104,317,-213
116900147,582,501,81
116900148,21,57,-36
116900149,73,270,-197
116900150,14,12,2
116900151,61,17,44
116900153,131,104,27
116900154,779,821,-42
116900155,198,121,77
116900157,550,479,71
116900158,370,344,26
116900159,79,336,-257
116900160,1264,709,555
116900161,8689,6249,2440
116900162,10,189,-179
116900163,178,242,-64
116900164,333,102,231
116900165,283,229,54
116900166,31,106,-75
116900167,477,127,350
116900168,441,150,291
116900169,677,465,212
116900170,283,636,-353
116900171,49,264,-215
116900172,296,425,-129
116900173,198,57,141
116900174,118,70,48
116900175,210,186,24
116900178,47,215,-168
116900179,143,342,-199
116900180,130,50,80
116900182,407,449,-42
116900183,221,191,30
116900185,40,60,-20
116900186,129,419,-290
116900187,125,78,47
116900188,180,53,127
116900189,224,2,222
116900191,442,911,-469
116900192,347,234,113
116900194,172,1331,-1159
116900195,43,33,10
116900196,42,126,-84
116900197,105,26,79
116900198,340,309,31
116900200,71,59,12
116900201,117,23,94
116900202,183,52,131
116900203,204,30,174
116900204,54,140,-86
116900206,14,33,-19
116900207,37,49,-12
116900208,21,205,-184
116900209,31,146,-115
116900210,602,317,285
116900211,403,11,392
116900212,79,163,-84
116900213,229,236,-7
116900214,220,234,-14
116900215,81,108,-27
116900216,466,363,103
116900218,6,290,-284
116900219,1796,571,1225
116900220,117,290,-173
116900221,92,449,-357
116900222,377,414,-37
116900223,120,433,-313
116900226,70,109,-39
116900227,217,121,96
116900228,439,345,94
116900230,93,318,-225
116900231,53,539,-486
116900232,14,589,-575
116900233,283,176,107
116900234,36,15,21
116900235,207,370,-163
116900238,1916,516,1400
116900239,2,1238,-1236
116900240,7817,4693,3124
116900241,85,302,-217
116900242,438,671,-233
116900243,3,103,-100
116900245,34,26,8
116900246,133,27,106
116900247,1156,76,1080
116900248,128,53,75
116900249,334,170,164
116900250,795,87,708
116900251,667,668,-1
116900252,251,1347,-1096
116900253,138,129,9
116900254,47,157,-110
116900255,117,91,26
116900256,493,125,368
116900257,51,704,-653
116900258,7,433,-426
116900259,453,15,438
116900260,7,205,-198
116900261,86,8,78
116900262,441,333,108
116900263,0,21,-21
116900264,1,13,-12
116900265,52,1,51
116900266,18,64,-46
116900267,2,3,-1
116900268,256,80,176
116900269,337,773,-436
116900271,2512,282,2230
116900272,476,489,-13
116900273,179,60,119
116900274,139,145,-6
116900275,255,211,44
116900276,1107,161,946
116900277,847,34,813
116900278,4,30,-26
116900279,2,46,-44
116900280,29,68,-39
116900281,8738,4749,3989
116900282,4,181,-177
116900283,23,159,-136
116900284,32,339,-307
116900285,398,203,195
116900286,275,27,248
116900287,6,90,-84
116900288,88,179,-91
116900289,12,28,-16
116900290,4,56,-52
116900291,15,15,0
116900292,0,16,-16
116900293,47,95,-48
116900294,29,227,-198
116900295,277,79,198
116900296,133,68,65
116900297,15,114,-99
116900298,132,48,84
116900299,133,61,72
116900300,7,103,-96
116900301,92,113,-21
116900302,94,63,31
116900303,412,115,297
116900304,1,141,-140
116900305,11,70,-59
116900306,200,158,42
117000001,2181,2113,68
117000002,2664,6025,-3361
117000003,8140,4109,4031
117000004,5164,6966,-1802
117000005,2589,2342,247
117000006,1707,4771,-3064
117000007,4381,1699,2682
117000008,1544,5441,-3897
117000009,6442,2481,3961
117000010,3711,5539,-1828
117000011,3356,2186,1170
117000012,1939,1888,51
117000013,2342,1136,1206
117000014,1732,3145,-1413
117000015,3744,1800,1944
117000016,402,103,299
117000017,541,141,400
117000018,304,656,-352
117000019,129,2,127
117000020,491,1768,-1277
117000021,2418,444,1974
117000022,469,76,393
117000023,369,190,179
117000024,486,156,330
117000025,650,935,-285
117000026,2962,1166,1796
117000027,3976,4713,-737
117000028,6292,2185,4107
117000030,833,607,226
117000031,495,331,164
117000032,2594,1439,1155
117000033,1803,1082,721
117000034,595,411,184
117000035,461,349,112
117000036,581,382,199
117000037,367,266,101
117000038,313,767,-454
117000039,494,290,204
117000040,275,1562,-1287
117000041,826,218,608
117000044,33,1122,-1089
117000045,434,82,352
117000046,558,919,-361
117000047,900,717,183
117000048,2683,1478,1205
117000049,182,642,-460
117000050,226,3059,-2833
117000051,2639,207,2432
117000052,47,522,-475
117000053,529,72,457
117000054,2240,24,2216
117000055,19,4117,-4098
117000056,791,48,743
117000057,881,3130,-2249
117000060,673,2086,-1413
117000061,1995,1275,720
117000062,342,904,-562
117000063,2340,1074,1266
117000064,1080,1193,-113
117000066,1636,1197,439
117000067,177,606,-429
117000074,265,279,-14
117000076,287,62,225
117000077,288,229,59
117000078,153,961,-808
117000079,695,281,414
117000080,1,379,-378
117000081,1667,162,1505
117000082,11,113,-102
117000083,139,15,124
117000084,405,0,405
117000085,493,1006,-513
117000086,1587,672,915
117000087,126,626,-500
117000088,386,278,108
117000089,1744,419,1325
117000090,350,1864,-1514
117000091,986,443,543
117000092,522,1806,-1284
117000093,1204,906,298
117000094,1794,3815,-2021
117000095,3906,1413,2493
117000096,879,3231,-2352
117000097,1697,1854,-157
117000098,3496,6637,-3141
117000099,3587,1819,1768
117000100,202,470,-268
117000101,301,1714,-1413
117000102,1736,924,812
117000103,882,2641,-1759
117000104,1483,989,494
117000105,1057,2472,-1415
117000106,1385,1229,156
117000107,1047,2663,-1616
117000108,1831,1227,604
117000109,2190,3655,-1465
117000110,1699,1219,480
117000111,4785,5661,-876
117000112,4257,2368,1889
117000113,640,403,237
117000114,335,248,87
117000115,231,180,51
117000116,209,339,-130
117000117,2318,1311,1007
117000118,320,204,116
117000119,867,166,701
117000120,306,502,-196
117000121,218,1402,-1184
117000122,443,995,-552
117000123,2135,91,2044
117000124,1262,75,1187
117000125,541,127,414
117000126,78,23,55
117000127,179,362,-183
117000128,511,867,-356
117000129,608,687,-79
117000130,165,0,165
117000131,0,113,-113
117000132,5770,37,5733
117000133,1525,89,1436
117000134,1,81,-80
117000135,6,43,-37
117000136,5,70,-65
117000137,131,140,-9
117000138,4,855,-851
117000140,634,2133,-1499
117000141,1868,868,1000
117000181,943,697,246
117000182,455,699,-244
117000195,326,1508,-1182
117000196,452,143,309
117000225,154,25,129
117000226,8,136,-128
117000276,280,16,264
117000277,1,580,-579
117000310,2360,3397,-1037
117000315,60,1074,-1014
117000320,66,0,66
117000906,341,6,335
117000907,26,424,-398
117000908,45,36,9
117000909,61,43,18
117000910,275,171,104
117000911,128,271,-143
117000915,17,848,-831
117000916,39,6,33
117000917,1074,66,1008
117000918,86,86,0
117000919,12,138,-126
117000920,6,1955,-1949
117000921,5,2019,-2014
117000922,79,154,-75
117000924,379,1025,-646
117000926,1328,84,1244
117000927,2918,1110,1808
117000928,0,226,-226
117000929,259,533,-274
117000930,178,21,157
117000931,933,191,742
117900002,131,544,-413
117900003,1076,624,452
117900005,9,32,-23
117900006,1,39,-38
117900007,232,141,91
117900008,0,37,-37
117900010,289,144,145
117900011,40,71,-31
117900012,86,105,-19
117900013,5,336,-331
117900014,674,193,481
117900015,22,157,-135
117900016,1760,949,811
117900017,1481,447,1034
117900018,213,126,87
117900019,427,419,8
117900020,93,470,-377
117900021,25,97,-72
117900022,39,37,2
117900023,868,363,505
117900024,82,95,-13
117900025,44,26,18
117900026,529,388,141
117900028,73,7,66
117900029,308,863,-555
117900030,463,366,97
117900031,344,135,209
117900032,1563,669,894
117900033,279,764,-485
117900034,46,40,6
117900035,949,117,832
117900036,361,554,-193
117900037,170,372,-202
117900038,30,464,-434
117900039,8,93,-85
117900040,133,653,-520
117900041,11,62,-51
117900042,5419,598,4821
117900043,58,60,-2
117900044,88,3989,-3901
117900045,237,180,57
117900048,322,383,-61
117900049,276,628,-352
117900050,6,55,-49
117900051,66,6,60
117900052,65,430,-365
117900053,1589,997,592
117900054,2,42,-40
117900055,237,282,-45
117900056,593,92,501
117900057,1551,2089,-538
117900058,128,36,92
117900059,471,143,328
117900060,3022,8223,-5201
117900061,38,211,-173
117900063,395,243,152
117900065,2474,1806,668
117900066,6,78,-72
117900067,401,227,174
117900069,733,376,357
117900070,278,23,255
117900071,91,194,-103
117900073,488,439,49
117900074,236,52,184
117900075,79,123,-44
117900076,22,75,-53
117900077,424,363,61
117900078,502,1013,-511
117900080,138,84,54
117900081,796,560,236
117900082,499,485,14
117900083,346,584,-238
117900086,105,53,52
117900087,233,225,8
117900088,4384,2529,1855
117900089,2343,855,1488
117900090,641,650,-9
117900091,188,270,-82
117900092,74,63,11
117900093,122,259,-137
117900094,65,27,38
117900095,407,519,-112
117900096,109,366,-257
117900097,335,373,-38
117900098,83,4,79
117900099,187,291,-104
117900100,213,7,206
117900101,630,2265,-1635
117900102,76,171,-95
117900103,165,2,163
117900104,40,131,-91
117900105,142,319,-177
117900106,110,118,-8
117900107,71,0,71
117900109,669,539,130
117900110,325,8,317
117900111,758,25,733
117900112,94,58,36
117900113,4966,2335,2631
117900114,28,1,27
117900115,372,89,283
117900116,1114,1152,-38
117900117,561,592,-31
117900118,125,1,124
117900119,137,295,-158
117900120,241,83,158
117900121,227,41,186
117900122,2228,4592,-2364
117900123,838,608,230
117900124,1891,1069,822
117900125,2189,2126,63
117900126,395,768,-373
117900127,456,660,-204
117900128,477,889,-412
117900129,178,2,176
117900130,3322,528,2794
117900131,2,196,-194
117900132,13,158,-145
117900133,13,191,-178
117900134,77,294,-217
117900135,36,306,-270
117900136,0,55,-55
117900137,77,444,-367
117900138,0,44,-44
117900139,141,254,-113
117900140,4427,622,3805
117900141,225,289,-64
117900142,184,27,157
117900144,97,174,-77
117900145,47,24,23
117900146,191,119,72
117900147,67,110,-43
117900148,3425,1681,1744
117900149,138,285,-147
117900150,63,63,0
117900151,48,128,-80
117900152,116,89,27
117900153,42,178,-136
117900154,545,771,-226
117900156,1174,1110,64
117900157,143,670,-527
117900158,291,363,-72
117900160,752,786,-34
117900161,3783,3050,733
117900162,444,548,-104
117900163,297,63,234
117900165,0,16,-16
117900166,198,494,-296
117900168,41,343,-302
117900169,0,205,-205
117900170,7,55,-48
117900171,0,39,-39
117900172,16,70,-54
117900173,232,122,110
117900174,88,120,-32
117900175,1,71,-70
117900176,8,51,-43
117900177,24,82,-58
117900178,276,61,215
117900180,316,126,190
117900181,268,616,-348
117900182,6,62,-56
117900183,79,331,-252
117900184,78,82,-4
117900185,51,109,-58
117900186,54,36,18
117900187,25,15,10
117900188,396,129,267
117900189,182,62,120
117900190,59,12,47
117900191,133,2,131
117900192,451,1,450
117900193,28,206,-178
117900194,14,13,1
117900195,170,100,70
117900196,13,53,-40
117900207,278,218,60
117900208,50,42,8
117900209,205,362,-157
117900210,142,303,-161
117900211,28,279,-251
117900212,138,279,-141
117900213,46,36,10
117900214,3,40,-37
117900215,31,51,-20
117900216,30,40,-10
117900217,178,433,-255
117900218,224,192,32
117900219,11,135,-124
117900220,161,84,77
117900222,286,433,-147
117900223,218,350,-132
118000001,1239,940,299
118000002,1514,3012,-1498
118000003,2844,2976,-132
118000004,3831,3244,587
118000005,7118,6160,958
118000006,10168,11840,-1672
118000007,7946,3858,4088
118000008,6999,4627,2372
118000009,3113,5066,-1953
118000010,7750,6101,1649
118000011,1817,3542,-1725
118000012,1805,3438,-1633
118000013,5048,3401,1647
118000014,3776,4176,-400
118000016,263,488,-225
118000017,513,507,6
118000018,818,644,174
118000019,3648,1739,1909
118000020,2948,3798,-850
118000021,1058,3415,-2357
118000022,2764,967,1797
118000023,1457,279,1178
118000024,3249,1299,1950
118000027,22883,14205,8678
118000029,1470,844,626
118000032,1853,4064,-2211
118000033,4234,5735,-1501
118000034,7937,3538,4399
118000035,2267,3168,-901
118000036,1666,1300,366
118000037,962,1235,-273
118000038,185,129,56
118000039,107,345,-238
118000040,2078,1735,343
118000041,2615,1969,646
118000045,689,306,383
118000046,2235,614,1621
118000047,1386,714,672
118000048,3881,1907,1974
118000051,3970,1330,2640
118000052,3004,806,2198
118000053,769,959,-190
118000054,3367,2114,1253
118000055,2073,2079,-6
118000056,1391,670,721
118000057,530,507,23
118000058,4371,2102,2269
118000059,3109,1264,1845
118000060,1438,838,600
118000061,2604,2158,446
118000062,847,425,422
118000063,449,737,-288
118000064,1049,1710,-661
118000065,5458,2578,2880
118000066,1057,1876,-819
118000067,1448,1092,356
118000068,2195,5671,-3476
118000069,4845,1574,3271
118000070,7064,2237,4827
118000071,4436,8831,-4395
118000072,2537,1335,1202
118000073,3939,872,3067
118000074,949,512,437
118000075,1685,393,1292
118000076,1693,2817,-1124
118000077,1765,1562,203
118000078,2357,2470,-113
118000079,501,624,-123
118000080,1509,1260,249
118000081,2178,1303,875
118000082,366,1594,-1228
118000083,2340,2071,269
118000084,3983,2271,1712
118000086,466,920,-454
118000087,6285,3265,3020
118000088,2187,2226,-39
118000089,4364,2846,1518
118000090,2788,3598,-810
118000091,1749,2798,-1049
118000092,1437,610,827
118000093,116,797,-681
118000096,604,836,-232
118000097,1042,764,278
118000098,341,275,66
118000099,667,1129,-462
118000101,1297,394,903
118000102,430,1677,-1247
118000107,2756,717,2039
118000108,986,2489,-1503
118000110,2,37,-35
118000111,1,460,-459
118000112,483,3,480
118000113,6,899,-893
118000114,585,13,572
118000115,28,8,20
118000116,46,1,45
118000117,1534,1063,471
118000118,1124,903,221
118000119,1358,1327,31
118000120,2160,1657,503
118000121,132,767,-635
118000122,1751,523,1228
118000123,94,347,-253
118000125,2410,1376,1034
118000126,1015,1905,-890
118000127,2478,768,1710
118000128,1035,1510,-475
118000129,1318,467,851
118000130,3806,5451,-1645
118000131,1003,1068,-65
118000132,3079,2171,908
118000133,1187,508,679
118000135,797,504,293
118000136,151,550,-399
118000137,862,114,748
118000138,706,803,-97
118000139,397,177,220
118000140,4707,5283,-576
118000141,2736,2397,339
118000142,2032,2097,-65
118000143,2908,1656,1252
118000144,2279,1237,1042
118000145,2759,3020,-261
118000146,1521,1362,159
118000147,1272,2236,-964
118000148,878,1671,-793
118000149,1041,1205,-164
118000150,584,359,225
118000151,640,595,45
118000153,1618,1570,48
118000154,1664,2078,-414
118000155,1357,1689,-332
118000156,3338,3159,179
118000157,764,546,218
118000158,216,586,-370
118000159,25,117,-92
118000160,608,527,81
118000161,591,1116,-525
118000162,2218,1125,1093
118000163,1168,1022,146
118000164,2639,1744,895
118000168,1921,712,1209
118000169,1392,1727,-335
118000170,5740,8584,-2844
118000171,397,952,-555
118000172,130,404,-274
118000173,1212,1670,-458
118000175,387,415,-28
118000176,358,534,-176
118000177,285,642,-357
118000178,85,80,5
118000179,1762,1368,394
118000180,1079,905,174
118000181,1128,448,680
118000182,431,360,71
118000183,284,350,-66
118000184,952,1018,-66
118000185,1536,1283,253
118000186,994,1354,-360
118000187,1424,993,431
118000188,769,318,451
118000189,843,1126,-283
118000190,16,20,-4
118000191,56,48,8
118000192,494,367,127
118000193,403,623,-220
118000194,2116,1390,726
118000195,942,986,-44
118000196,499,230,269
118000197,763,226,537
118000198,901,727,174
118000199,1200,521,679
118000200,193,336,-143
118000201,503,579,-76
118000202,78,112,-34
118000203,1452,656,796
118000204,211,367,-156
118000205,268,425,-157
118000206,264,234,30
118000207,0,74,-74
118000208,1508,2181,-673
118000209,2597,2399,198
118000210,80,64,16
118000211,27,47,-20
118000213,1592,1465,127
118000214,772,762,10
118000215,333,380,-47
118000216,2418,3803,-1385
118000217,57,220,-163
118000218,77,201,-124
118000219,703,476,227
118000220,2,31,-29
118000221,212,447,-235
118000222,87,5,82
118000223,48,49,-1
118000224,286,134,152
118000225,191,911,-720
118000226,1341,212,1129
118000227,1188,468,720
118000228,241,356,-115
118000229,252,67,185
118000230,199,304,-105
118000231,190,255,-65
118000232,783,1241,-458
118000233,1139,1012,127
118000234,530,335,195
118000236,452,426,26
118000237,185,593,-408
118000238,384,295,89
118000239,436,354,82
118000240,664,203,461
118000241,222,335,-113
118000242,465,897,-432
118000243,290,338,-48
118000244,87,178,-91
118000246,1,34,-33
118000255,71,290,-219
118000256,150,269,-119
118000259,8,84,-76
118000260,324,214,110
118000261,39,93,-54
118000263,85,271,-186
118000266,165,413,-248
118000267,0,147,-147
118000268,467,4,463
118000270,134,50,84
118000271,173,442,-269
118000272,309,50,259
118000273,223,132,91
118000274,186,409,-223
118000276,501,435,66
118000295,12,134,-122
118000298,288,507,-219
118000299,90,188,-98
118000301,0,69,-69
118000302,152,128,24
118000311,420,150,270
118000312,377,257,120
118000313,151,260,-109
118000314,71,83,-12
118000315,91,94,-3
118000316,737,671,66
118000325,130,89,41
118000326,44,53,-9
118000331,35,65,-30
118000332,22,68,-46
118000333,51,89,-38
118000335,303,4,299
118000336,1,372,-371
118000407,194,136,58
118000457,6,73,-67
118000465,5086,5239,-153
118000480,53,147,-94
118000489,63,341,-278
118000490,75,368,-293
118000492,320,281,39
118000510,78,19,59
118000514,246,454,-208
118000515,906,697,209
118000517,479,287,192
118000524,978,364,614
118000525,1163,1088,75
118000530,50,191,-141
118000531,286,387,-101
118000532,257,439,-182
118000533,458,182,276
118000534,740,663,77
118000535,280,193,87
118000536,1225,2023,-798
118000537,71,178,-107
118000538,23,97,-74
118000539,11,173,-162
118000540,350,236,114
118000541,311,101,210
118000542,174,254,-80
118000543,254,301,-47
118000546,73,39,34
118000553,0,0,0
118000560,4189,2458,1731
118000562,47,311,-264
118000563,2660,1842,818
118000576,161,206,-45
118000577,197,178,19
118000578,140,129,11
118000579,756,1333,-577
118000583,0,0,0
118000595,220,133,87
118000596,0,86,-86
118000597,125,99,26
118000598,30,1,29
118000599,65,61,4
118000600,4,61,-57
118000601,22,0,22
118000602,0,43,-43
118000603,0,29,-29
118900001,1038,1564,-526
118900002,1227,970,257
118900003,579,40,539
118900004,45,64,-19
118900005,96,5,91
118900006,223,17,206
118900007,7,7,0
118900008,1854,82,1772
118900009,53,66,-13
118900010,104,9,95
118900011,228,81,147
118900012,530,314,216
118900013,640,197,443
118900015,239,141,98
118900016,15,31,-16
118900017,306,326,-20
118900018,1007,31,976
118900019,100,52,48
118900020,289,207,82
118900021,204,427,-223
118900022,148,122,26
118900023,227,134,93
118900024,117,204,-87
118900025,43,29,14
118900026,70,98,-28
118900027,534,304,230
118900028,135,222,-87
118900029,336,445,-109
118900030,382,128,254
118900031,162,129,33
118900032,195,240,-45
118900033,616,527,89
118900034,327,35,292
118900035,147,243,-96
118900036,1268,858,410
118900037,513,273,240
118900038,404,208,196
118900039,625,263,362
118900040,221,237,-16
118900041,694,267,427
118900042,268,114,154
118900045,443,202,241
118900046,1245,418,827
118900047,727,292,435
118900048,273,202,71
118900049,100,82,18
118900050,35,203,-168
118900051,77,148,-71
118900052,341,278,63
118900053,63,124,-61
118900054,179,87,92
118900055,65,163,-98
118900056,30,350,-320
118900057,816,559,257
118900058,440,367,73
118900059,18,107,-89
118900060,334,147,187
118900062,380,227,153
118900064,915,641,274
118900065,54,206,-152
118900066,124,135,-11
118900067,6851,3972,2879
118900068,18,209,-191
118900069,393,353,40
118900071,11,110,-99
118900072,432,502,-70
118900073,127,143,-16
118900074,155,271,-116
118900075,224,115,109
118900076,277,139,138
118900077,263,287,-24
118900078,40,10,30
118900079,81,345,-264
118900080,40,167,-127
118900081,115,53,62
118900082,630,246,384
118900083,74,20,54
118900084,28,28,0
118900085,749,1186,-437
118900086,50,110,-60
118900087,16,260,-244
118900088,1,12,-11
118900089,25,29,-4
118900090,499,567,-68
118900091,246,252,-6
118900092,144,172,-28
118900093,180,27,153
118900096,83,33,50
118900097,267,650,-383
118900099,113,380,-267
118900100,188,370,-182
118900101,124,1125,-1001
118900102,67,152,-85
118900103,80,123,-43
118900104,223,236,-13
118900105,332,161,171
118900107,318,133,185
118900108,121,189,-68
118900110,1857,1191,666
118900111,847,808,39
118900112,119,267,-148
118900113,179,695,-516
118900114,31,99,-68
118900115,166,555,-389
118900116,135,252,-117
118900117,127,223,-96
118900118,228,506,-278
118900119,96,385,-289
118900120,117,361,-244
118900121,20,295,-275
118900122,20,926,-906
118900123,202,291,-89
118900124,94,399,-305
118900126,31,485,-454
118900129,303,299,4
118900130,108,209,-101
118900131,230,231,-1
118900132,361,234,127
118900133,22,151,-129
118900135,242,308,-66
118900136,177,576,-399
118900137,31,41,-10
118900139,382,556,-174
118900140,420,714,-294
118900141,125,237,-112
118900144,131,556,-425
118900145,283,192,91
118900146,321,755,-434
118900147,221,191,30
118900148,101,84,17
118900150,207,791,-584
118900152,722,1079,-357
118900157,116,218,-102
118900158,122,112,10
118900159,3,285,-282
118900161,137,9,128
118900163,214,181,33
118900164,15,211,-196
118900165,71,376,-305
118900166,75,4,71
118900167,144,197,-53
118900168,16,203,-187
118900169,102,584,-482
118900170,220,284,-64
118900171,25,80,-55
118900174,96,92,4
118900175,358,576,-218
118900176,197,355,-158
118900177,66,91,-25
118900178,96,209,-113
118900179,4,51,-47
118900181,128,117,11
118900182,216,67,149
118900183,30,192,-162
118900184,350,237,113
118900185,128,151,-23
118900186,106,107,-1
118900187,278,349,-71
118900188,333,347,-14
118900189,35,727,-692
118900190,16,536,-520
118900191,132,78,54
118900192,196,22,174
118900193,538,13,525
118900195,357,996,-639
118900196,44,264,-220
118900197,125,56,69
118900198,17,24,-7
118900199,101,70,31
118900200,25,23,2
118900201,45,26,19
118900202,23,99,-76
118900203,6,38,-32
118900204,34,59,-25
118900205,8,19,-11
118900206,8,21,-13
119000001,1634,1872,-238
119000002,5447,3831,1616
119000003,3068,1619,1449
119000004,5006,1800,3206
119000005,2066,2434,-368
119000006,3064,2154,910
119000007,4540,4288,252
119000008,2396,2554,-158
119000009,5502,6015,-513
119000010,9620,6112,3508
119000011,5633,4159,1474
119000012,4550,4574,-24
119000013,2893,1936,957
119000014,3273,4538,-1265
119000019,419,277,142
119000020,2929,1912,1017
119000021,5203,3323,1880
119000022,4517,3695,822
119000023,316,366,-50
119000024,2094,12180,-10086
119000025,10120,1846,8274
119000026,224,437,-213
119000027,396,659,-263
119000028,2780,1618,1162
119000029,180,373,-193
119000030,813,1564,-751
119000031,1234,1104,130
119000032,3206,3576,-370
119000033,2932,1983,949
119000034,1355,1391,-36
119000035,26,456,-430
119000036,1698,1195,503
119000037,1294,2548,-1254
119000038,175,1214,-1039
119000039,282,390,-108
119000040,1375,717,658
119000041,1186,1371,-185
119000048,3859,4150,-291
119000049,1905,3258,-1353
119000050,3250,2672,578
119000051,4643,1333,3310
119000052,2632,3842,-1210
119000053,2272,1587,685
119000054,3731,4431,-700
119000055,4631,4699,-68
119000056,2469,2915,-446
119000057,1723,2853,-1130
119000058,2428,2581,-153
119000059,1796,2271,-475
119000060,1800,1689,111
119000061,1179,1100,79
119000062,1604,1982,-378
119000063,609,530,79
119000064,1762,2306,-544
119000065,2885,4668,-1783
119000066,3975,1527,2448
119000067,2343,3098,-755
119000068,1964,1611,353
119000069,1652,3550,-1898
119000070,2852,1540,1312
119000071,700,930,-230
119000072,8421,4782,3639
119000073,10495,9240,1255
119000074,1537,3954,-2417
119000075,2564,3371,-807
119000076,1067,1334,-267
119000077,2369,898,1471
119000078,959,256,703
119000079,397,948,-551
119000080,476,266,210
119000081,775,640,135
119000082,1932,369,1563
119000083,952,571,381
119000084,521,685,-164
119000085,844,258,586
119000086,408,664,-256
119000087,2045,1262,783
119000088,324,296,28
119000089,107,252,-145
119000090,195,231,-36
119000091,145,712,-567
119000092,657,292,365
119000093,4371,3526,845
119000094,3168,6990,-3822
119000095,1913,3634,-1721
119000097,2865,2112,753
119000098,965,3218,-2253
119000099,3121,2525,596
119000100,4044,3695,349
119000101,7528,2785,4743
119000102,1343,1537,-194
119000103,2719,590,2129
119000104,3744,2513,1231
119000105,1455,2362,-907
119000106,424,2231,-1807
119000107,914,585,329
119000108,683,1323,-640
119000109,501,698,-197
119000110,1553,698,855
119000111,197,947,-750
119000112,390,152,238
119000113,4906,527,4379
119000114,1067,1355,-288
119000115,154,166,-12
119000116,160,154,6
119000117,172,538,-366
119000118,2,1,1
119000123,6202,1391,4811
119000124,972,239,733
119000125,3652,1208,2444
119000126,1262,1088,174
119000127,614,977,-363
119000128,74,3,71
119000131,1014,1105,-91
119000132,1,5,-4
119000133,4,14,-10
119000134,2803,798,2005
119000135,106,298,-192
119000136,252,303,-51
119000137,187,593,-406
119000138,460,459,1
119000139,332,369,-37
119000140,236,615,-379
119000284,1705,3874,-2169
119000285,2801,2910,-109
119000286,10120,7358,2762
119000287,2343,3248,-905
119000288,2318,2296,22
119000289,2534,4865,-2331
119000290,235,727,-492
119000291,5,420,-415
119000293,110,205,-95
119000294,70,41,29
119000295,2219,658,1561
119000296,208,234,-26
119000299,0,0,0
119000302,3603,2104,1499
119000303,71,194,-123
119000314,1903,10929,-9026
119000315,2,683,-681
119000316,136,214,-78
119000317,86,555,-469
119900001,371,1465,-1094
119900002,342,458,-116
119900003,67,1542,-1475
119900004,461,1325,-864
119900005,182,219,-37
119900006,314,581,-267
119900007,1479,301,1178
119900008,790,92,698
119900009,1140,1180,-40
119900010,3253,1738,1515
119900011,26,118,-92
119900012,22,169,-147
119900013,2467,1352,1115
119900014,957,408,549
119900015,111,59,52
119900016,62,120,-58
119900017,49,102,-53
119900018,2721,915,1806
119900019,34,14,20
119900020,236,256,-20
119900021,195,301,-106
119900022,162,686,-524
119900023,895,1337,-442
119900025,167,46,121
119900026,1198,160,1038
119900027,102,59,43
119900028,811,142,669
119900029,7,7,0
119900030,782,874,-92
119900031,133,410,-277
119900033,2832,380,2452
119900034,455,198,257
119900037,176,76,100
119900038,105,347,-242
119900039,72,34,38
119900040,464,24,440
119900041,158,58,100
119900042,976,247,729
119900043,136,234,-98
119900044,255,954,-699
119900046,136,118,18
119900047,332,96,236
119900048,186,53,133
119900049,224,11,213
119900050,245,164,81
119900051,579,28,551
119900052,60,72,-12
119900053,299,249,50
119900054,129,14,115
119900055,1420,593,827
119900057,289,98,191
119900058,282,7,275
119900059,460,93,367
119900060,409,47,362
119900062,90,45,45
119900063,45,100,-55
119900065,257,19,238
119900066,1,1,0
119900067,456,39,417
119900068,517,4,513
119900069,120,113,7
119900070,1028,9,1019
119900071,755,26,729
119900073,2432,986,1446
119900074,174,38,136
119900075,7173,3773,3400
119900076,668,500,168
119900077,1048,1686,-638
119900078,989,1347,-358
119900079,288,474,-186
119900080,2202,2347,-145
119900081,391,71,320
119900082,1229,140,1089
119900083,551,242,309
119900084,1004,504,500
119900085,164,116,48
119900087,935,477,458
119900088,59,96,-37
119900089,61,692,-631
119900090,206,109,97
119900091,93,1345,-1252
119900092,316,553,-237
119900093,1505,440,1065
119900094,109,305,-196
119900095,268,162,106
119900096,101,211,-110
119900097,797,247,550
119900098,67,100,-33
119900099,34,362,-328
119900100,3013,3597,-584
119900101,402,1615,-1213
119900102,72,500,-428
119900103,82,675,-593
119900104,79,324,-245
119900105,2423,2854,-431
119900106,24,247,-223
119900107,599,4214,-3615
119900108,3112,817,2295
119900109,70,330,-260
119900110,767,747,20
119900111,106,476,-370
119900112,2584,838,1746
119900113,156,476,-320
119900114,248,1850,-1602
119900115,320,1509,-1189
119900116,483,786,-303
119900117,338,1174,-836
119900118,97,1271,-1174
119900119,296,418,-122
119900120,745,914,-169
119900121,437,1627,-1190
119900122,651,512,139
119900123,446,569,-123
119900124,244,1348,-1104
119900125,62,435,-373
119900126,6077,451,5626
119900127,3347,1554,1793
119900128,813,1402,-589
119900129,365,989,-624
119900130,55,433,-378
119900131,37,402,-365
119900132,4,407,-403
119900133,88,237,-149
119900134,2525,363,2162
119900135,1,616,-615
119900136,240,515,-275
119900138,592,781,-189
119900139,311,250,61
119900140,7,207,-200
119900141,193,1175,-982
119900142,13,68,-55
119900143,45,423,-378
119900144,2455,395,2060
119900145,121,273,-152
119900146,324,554,-230
119900147,5,260,-255
119900148,202,129,73
119900149,2109,5304,-3195
119900150,222,243,-21
119900151,2319,1064,1255
119900152,180,617,-437
119900153,247,156,91
119900154,19,369,-350
119900155,58,59,-1
119900156,25,11,14
119900157,212,399,-187
119900158,211,151,60
119900159,7,2159,-2152
119900160,40,313,-273
119900161,270,364,-94
119900162,1040,1197,-157
119900163,298,277,21
119900164,3,1,2
119900165,284,324,-40
119900166,91,88,3
119900167,152,231,-79
119900168,886,744,142
119900169,246,461,-215
119900170,215,359,-144
119900171,3131,745,2386
119900172,220,43,177
119900173,5,596,-591
119900174,18,418,-400
119900175,1273,1186,87
119900177,55,243,-188
119900178,12,239,-227
119900179,112,603,-491
119900180,1212,1434,-222
119900181,54,146,-92
119900182,27,634,-607
119900183,242,906,-664
119900184,3612,820,2792
119900185,57,228,-171
119900186,171,1089,-918
119900187,37,728,-691
119900188,104,625,-521
119900189,905,673,232
119900190,77,390,-313
119900191,456,247,209
119900192,131,277,-146
119900193,340,365,-25
119900194,16,119,-103
119900195,101,345,-244
119900196,2183,679,1504
119900197,214,192,22
119900198,1072,440,632
119900199,221,29,192
119900200,1196,1006,190
119900201,566,343,223
119900202,282,261,21
119900203,271,816,-545
119900204,257,428,-171
119900205,738,887,-149
119900206,178,222,-44
119900208,206,364,-158
119900209,619,1475,-856
119900210,34,81,-47
119900211,148,30,118
119900212,268,529,-261
119900213,7,102,-95
119900214,25,120,-95
119900215,50,92,-42
119900216,6,89,-83
119900217,25,81,-56
119900218,99,118,-19
119900219,67,198,-131
119900220,19,148,-129
119900221,34,451,-417
119900222,18,315,-297
119900223,18,113,-95
119900224,27,46,-19
119900225,1383,82,1301
119900226,749,2332,-1583
119900227,1375,519,856
119900228,1067,520,547
119900229,471,607,-136
119900230,2352,1058,1294
119900231,224,339,-115
119900232,337,157,180
119900233,192,64,128
119900234,64,134,-70
119900235,41,130,-89
119900236,178,327,-149
119900237,115,805,-690
119900238,14,127,-113
119900240,190,237,-47
119900241,265,467,-202
119900242,2200,2419,-219
119900244,1067,2531,-1464
119900245,227,287,-60
119900246,442,846,-404
119900247,36,164,-128
119900248,111,241,-130
119900249,327,154,173
119900253,4571,588,3983
119900254,129,758,-629
119900255,165,723,-558
119900256,624,1454,-830
119900257,80,9,71
119900258,151,6,145
119900259,14,228,-214
119900260,191,8,183
119900261,865,256,609
119900262,4,373,-369
119900263,1313,563,750
119900264,125,333,-208
119900265,906,695,211
119900266,373,547,-174
119900267,350,703,-353
119900268,657,322,335
119900269,1510,2409,-899
119900271,30,168,-138
119900272,609,161,448
119900275,172,34,138
119900276,74,3,71
119900277,15,6,9
119900278,410,180,230
119900279,241,826,-585
119900280,1047,298,749
119900281,5,255,-250
119900282,106,148,-42
119900283,13,360,-347
119900284,87,475,-388
119900285,63,129,-66
119900286,12,55,-43
119900288,5,33,-28
119900289,0,51,-51
119900290,7,44,-37
119900291,1,85,-84
119900292,40,24,16
119900293,22,4,18
119900294,56,1,55
119900295,0,9,-9
119900296,0,0,0
119900299,313,288,25
119900300,1093,288,805
119900301,163,77,86
119900302,236,171,65
119900303,697,768,-71
119900304,448,133,315
119900305,26,198,-172
119900306,25,5,20
119900307,99,214,-115
119900308,11,41,-30
119900309,84,214,-130
119900310,399,458,-59
119900311,101,209,-108
119900312,137,146,-9
119900313,553,531,22
119900314,234,598,-364
119900315,1708,3419,-1711
119900318,23,42,-19
119900319,6,390,-384
119900320,241,853,-612
119900321,87,2,85
119900322,59,126,-67
119900323,5,234,-229
119900324,20,72,-52
119900325,140,442,-302
119900326,157,162,-5
120000001,8384,16179,-7795
120000002,3099,3823,-724
120000003,4513,2098,2415
120000004,3493,2910,583
120000005,5814,2756,3058
120000006,1380,1966,-586
120000007,5253,4091,1162
120000008,1256,1843,-587
120000009,4579,1259,3320
120000010,2464,3611,-1147
120000011,1851,2822,-971
120000012,2008,3987,-1979
120000013,3610,3768,-158
120000014,941,2023,-1082
120000015,3450,1925,1525
120000016,4059,2857,1202
120000017,5058,3169,1889
120000018,4885,11873,-6988
120000019,1155,1783,-628
120000020,3898,3986,-88
120000021,1998,3084,-1086
120000022,3536,4610,-1074
120000023,1157,2231,-1074
120000024,1879,3124,-1245
120000025,3255,2961,294
120000026,1845,2296,-451
120000027,2158,2712,-554
120000028,1140,844,296
120000029,7829,1047,6782
120000030,4656,1900,2756
120000031,2946,12248,-9302
120000032,11338,6019,5319
120000033,6244,3027,3217
120000034,2223,2986,-763
120000035,2077,3071,-994
120000036,3308,6769,-3461
120000037,823,1845,-1022
120000038,9640,4728,4912
120000039,794,1253,-459
120000040,956,434,522
120000041,2890,2215,675
120000042,4327,3500,827
120000043,6612,2697,3915
120000044,6153,2745,3408
120000045,6040,1815,4225
120000046,3122,3835,-713
120000047,1812,6998,-5186
120000048,9765,5267,4498
120000049,4029,3590,439
120000050,5005,5360,-355
120000051,3753,5707,-1954
120000052,11686,3149,8537
120000053,1391,3662,-2271
120000054,1859,6224,-4365
120000055,2326,6679,-4353
120000056,4569,4776,-207
120000057,4451,876,3575
120000058,4735,672,4063
120000059,72,2145,-2073
120000061,229,858,-629
120000062,188,445,-257
120000063,2276,3519,-1243
120000064,322,1767,-1445
120000065,1964,2458,-494
120000066,715,773,-58
120000067,228,807,-579
120000068,249,1406,-1157
120000069,1068,2060,-992
120000070,103,1284,-1181
120000071,494,275,219
120000072,769,603,166
120000073,795,138,657
120000074,324,161,163
120000075,1587,503,1084
120000076,4846,561,4285
120000077,2743,888,1855
120000078,3888,1615,2273
120000079,274,285,-11
120000080,210,336,-126
120000081,517,281,236
120000082,233,310,-77
120000083,90,759,-669
120000084,417,479,-62
120000085,405,499,-94
120000086,434,696,-262
120000087,265,946,-681
120000088,1419,1883,-464
120000089,1325,1093,232
120000090,897,856,41
120000091,1752,1720,32
120000092,1633,952,681
120000093,533,731,-198
120000094,216,1060,-844
120000095,1618,794,824
120000096,320,1145,-825
120000098,1661,1478,183
120000099,874,1179,-305
120000100,954,1381,-427
120000101,677,751,-74
120000102,571,989,-418
120000103,1940,1065,875
120000104,1812,694,1118
120000105,3045,922,2123
120000106,2972,1001,1971
120000107,4209,900,3309
120000108,1591,220,1371
120000109,1310,107,1203
120000110,99,1307,-1208
120000111,445,1796,-1351
120000112,1178,4586,-3408
120000113,1102,3257,-2155
120000114,1293,4113,-2820
120000115,489,3442,-2953
120000116,1236,2764,-1528
120000117,1650,2036,-386
120000118,55,30,25
120000119,40,118,-78
120000120,57,73,-16
120000121,43,63,-20
120000122,405,386,19
120000123,7632,6070,1562
120000124,516,566,-50
120000125,695,1097,-402
120000126,532,1022,-490
120000127,3719,1172,2547
120000128,4629,4397,232
120000129,385,378,7
120000130,1280,774,506
120000131,407,900,-493
120000134,590,1841,-1251
120000135,544,844,-300
120000137,395,2327,-1932
120000138,976,746,230
120000139,652,1200,-548
120000140,986,891,95
120000141,1557,733,824
120000142,1617,950,667
120000143,5,214,-209
120000144,111,3,108
120000145,377,5,372
120000146,2020,1092,928
120000149,882,1780,-898
120000150,4952,13701,-8749
120000151,544,807,-263
120000152,693,284,409
120000153,362,958,-596
120000154,589,632,-43
120000155,122,417,-295
120000156,1407,1633,-226
120000157,1525,1067,458
120000158,1439,1265,174
120000159,2351,3418,-1067
120000160,2828,1911,917
120000161,2448,3113,-665
120000162,160,317,-157
120000163,699,2537,-1838
120000164,567,858,-291
120000165,646,1674,-1028
120000166,1647,1068,579
120000167,110,137,-27
120000168,24,429,-405
120000169,71,996,-925
120000170,69,646,-577
120000171,51,266,-215
120000172,52,123,-71
120000173,4449,1074,3375
120000174,1384,39,1345
120000175,672,19,653
120000176,696,46,650
120000177,2467,168,2299
120000178,471,22,449
120000179,915,41,874
120000180,1676,124,1552
120000181,307,908,-601
120000182,120,434,-314
120000183,23,412,-389
120000184,185,1298,-1113
120000186,130,236,-106
120000187,71,138,-67
120000188,331,256,75
120000190,2229,42,2187
120000191,2370,51,2319
120000192,1803,28,1775
120000193,956,10,946
120000195,141,4,137
120000196,693,75,618
120000197,213,256,-43
120000198,214,122,92
120000199,123,4,119
120000200,113,0,113
120000201,25,31,-6
120000202,2,63,-61
120000203,46,332,-286
120000207,0,88,-88
120000208,14,342,-328
120000209,11,112,-101
120000210,168,170,-2
120000211,110,2,108
120000212,157,1,156
120000213,173,476,-303
120000214,2,525,-523
120000215,3,219,-216
120000216,51,16,35
120000217,910,1367,-457
120000218,293,974,-681
120000219,12,621,-609
120000220,48,2244,-2196
120000225,1766,0,1766
120000226,443,5,438
120000227,830,62,768
120000228,9285,4353,4932
120000230,410,31,379
120000231,1552,3021,-1469
120000233,397,29,368
120000235,311,973,-662
120000236,1588,2,1586
120000237,5,1913,-1908
120000238,8,1123,-1115
120000241,1526,4453,-2927
120000412,1553,26,1527
120000413,613,284,329
120000414,137,5,132
120000415,2,199,-197
120000416,421,12,409
120000417,7,114,-107
120000418,124,24,100
120000419,6,362,-356
120000420,62,48,14
120000421,14981,7770,7211
120000422,197,1364,-1167
120000423,2,62,-60
120000424,90,214,-124
120000436,161,809,-648
120000437,141,184,-43
120000438,4573,475,4098
120000439,258,612,-354
120000443,253,1,252
120000444,1894,923,971
120000445,2413,1431,982
120000446,945,296,649
120000447,291,9,282
120000449,78,12,66
120000450,5,259,-254
120000451,315,328,-13
120000452,241,0,241
120000453,0,479,-479
120000454,89,76,13
120000455,138,83,55
120000456,2998,4871,-1873
120000457,1458,842,616
120000458,882,1093,-211
120000459,86,102,-16
120000665,2322,344,1978
120000668,216,596,-380
120000669,71,246,-175
120000670,389,570,-181
120000671,2021,714,1307
120000672,167,832,-665
120900001,89,118,-29
120900002,594,592,2
120900003,419,41,378
120900004,14,71,-57
120900005,29,1451,-1422
120900006,404,298,106
120900007,218,182,36
120900008,299,1674,-1375
120900009,1090,73,1017
120900010,519,98,421
120900011,534,210,324
120900012,735,1630,-895
120900013,470,135,335
120900014,9,955,-946
120900015,2228,147,2081
120900016,794,120,674
120900017,3333,162,3171
120900018,150,738,-588
120900019,751,329,422
120900020,1042,1445,-403
120900021,769,212,557
120900022,46,488,-442
120900023,726,63,663
120900024,2892,759,2133
120900025,2636,1514,1122
120900026,438,358,80
120900027,1242,44,1198
120900028,409,113,296
120900029,245,533,-288
120900030,1353,1074,279
120900031,279,111,168
120900032,1105,212,893
120900033,1457,93,1364
120900034,50,3572,-3522
120900035,70,215,-145
120900037,407,22,385
120900038,67,291,-224
120900039,124,52,72
120900040,422,9,413
120900041,193,38,155
120900042,627,92,535
120900043,191,43,148
120900044,19,529,-510
120900045,227,217,10
120900046,877,6,871
120900047,282,125,157
120900048,116,31,85
120900049,408,2,406
120900050,3510,1551,1959
120900051,385,179,206
120900052,714,8,706
120900053,329,223,106
120900054,2457,961,1496
120900055,335,6,329
120900056,432,29,403
120900057,128,32,96
120900058,568,0,568
120900059,92,5,87
120900060,86,90,-4
120900061,340,422,-82
120900062,235,0,235
120900063,508,9,499
120900064,530,2,528
120900065,424,1,423
120900066,307,430,-123
120900067,206,58,148
120900068,272,0,272
120900069,234,58,176
120900071,22,2,20
120900072,729,1,728
120900073,475,277,198
120900074,665,15,650
120900076,348,1,347
120900077,4665,601,4064
120900078,737,1496,-759
120900079,776,177,599
120900080,765,2588,-1823
120900081,1017,1307,-290
120900082,959,789,170
120900083,62,4,58
120900084,311,475,-164
120900085,150,225,-75
120900086,150,372,-222
120900087,456,364,92
120900088,259,463,-204
120900089,5098,3079,2019
120900090,233,272,-39
120900091,745,1219,-474
120900092,1887,777,1110
120900093,3310,313,2997
120900094,765,290,475
120900095,935,48,887
120900096,75,305,-230
120900097,977,1030,-53
120900098,414,353,61
120900099,106,127,-21
120900100,184,401,-217
120900101,1128,497,631
120900102,58,130,-72
120900103,72,368,-296
120900104,26,67,-41
120900105,96,846,-750
120900106,2062,880,1182
120900107,348,276,72
120900108,5,988,-983
120900109,52,998,-946
120900110,9,1319,-1310
120900111,250,508,-258
120900112,38,1279,-1241
120900113,35,1322,-1287
120900114,90,192,-102
120900115,261,348,-87
120900116,401,725,-324
120900117,3,700,-697
120900118,24,1130,-1106
120900119,5773,9541,-3768
120900120,100,780,-680
120900121,425,750,-325
120900122,559,846,-287
120900123,5,552,-547
120900124,4,909,-905
120900125,28,1255,-1227
120900126,2361,1845,516
120900127,13,701,-688
120900128,1791,2282,-491
120900129,66,446,-380
120900130,9,413,-404
120900131,58,156,-98
120900132,825,472,353
120900133,318,1343,-1025
120900134,1033,639,394
120900135,13,860,-847
120900136,108,162,-54
120900137,274,185,89
120900138,50,280,-230
120900139,10,1013,-1003
120900140,6,162,-156
120900141,333,327,6
120900142,33,847,-814
120900143,6,1251,-1245
120900144,1,236,-235
120900145,1211,1203,8
120900146,8,1524,-1516
120900147,1,665,-664
120900148,127,244,-117
120900149,1,460,-459
120900150,93,774,-681
120900151,1,920,-919
120900152,15,62,-47
120900153,30,175,-145
120900154,0,414,-414
120900155,233,1550,-1317
120900156,55,392,-337
120900157,83,392,-309
120900158,70,926,-856
120900159,257,520,-263
120900160,49,1166,-1117
120900161,64,713,-649
120900162,34,758,-724
120900163,60,669,-609
120900164,5,11,-6
120900165,36,35,1
120900166,254,424,-170
120900167,595,245,350
120900169,87,683,-596
120900170,2371,3229,-858
120900171,1504,432,1072
120900172,3275,795,2480
120900173,1,89,-88
120900174,12,163,-151
120900175,345,286,59
120900176,16,472,-456
120900177,3,1172,-1169
120900178,2,549,-547
120900179,1483,693,790
120900180,144,199,-55
120900181,327,86,241
120900182,29,429,-400
120900183,362,140,222
120900184,248,82,166
120900185,35,928,-893
120900186,2,659,-657
120900187,619,1658,-1039
120900188,151,14,137
120900189,179,1151,-972
120900190,81,22,59
120900191,7,38,-31
120900192,14972,7576,7396
120900194,46,124,-78
120900195,235,465,-230
120900196,1150,82,1068
120900197,1027,149,878
120900198,473,867,-394
120900199,642,511,131
120900200,107,143,-36
120900201,687,301,386
120900202,11,267,-256
120900203,56,139,-83
120900204,202,378,-176
120900205,67,78,-11
120900206,31,106,-75
120900207,147,1996,-1849
121000001,1027,1340,-313
121000002,2940,1961,979
121000003,4294,2489,1805
121000004,3949,5878,-1929
121000005,2757,3581,-824
121000006,4911,2095,2816
121000007,3349,3716,-367
121000008,7005,4133,2872
121000009,7357,7398,-41
121000010,10782,6991,3791
121000011,11662,15679,-4017
121000012,20964,13188,7776
121000013,6093,9195,-3102
121000014,8128,7640,488
121000015,5524,8788,-3264
121000016,5493,4191,1302
121000017,3139,4951,-1812
121000018,3194,2853,341
121000019,25175,15378,9797
121000020,17587,21785,-4198
121000021,6231,4279,1952
121000022,6783,3975,2808
121000023,7716,4429,3287
121000024,8312,7103,1209
121000025,761,1923,-1162
121000026,418,182,236
121000027,1887,1341,546
121000028,882,675,207
121000029,1349,994,355
121000030,788,750,38
121000031,975,895,80
121000032,385,182,203
121000034,714,268,446
121000035,305,169,136
121000036,1305,1394,-89
121000037,669,868,-199
121000038,777,1126,-349
121000039,853,680,173
121000041,972,642,330
121000042,583,541,42
121000043,891,619,272
121000044,1810,1133,677
121000045,728,444,284
121000046,950,1310,-360
121000047,681,124,557
121000049,3259,832,2427
121000050,558,1495,-937
121000051,1038,433,605
121000052,811,888,-77
121000053,676,131,545
121000054,49,478,-429
121000055,1629,1460,169
121000056,1129,1279,-150
121000057,510,805,-295
121000058,436,249,187
121000059,2775,1676,1099
121000060,697,1485,-788
121000061,242,308,-66
121000062,228,470,-242
121000063,1195,816,379
121000064,866,1231,-365
121000065,576,650,-74
121000066,851,851,0
121000067,1177,667,510
121000068,901,511,390
121000069,1027,757,270
121000070,3434,1908,1526
121000071,2548,1838,710
121000072,3988,943,3045
121000073,2925,1247,1678
121000074,684,180,504
121000075,97,293,-196
121000076,1880,559,1321
121000077,194,250,-56
121000078,182,227,-45
121000080,3022,919,2103
121000081,5129,4601,528
121000082,143,337,-194
121000083,245,155,90
121000084,210,219,-9
121000085,387,656,-269
121000086,283,1044,-761
121000087,96,513,-417
121000088,660,797,-137
121000089,502,460,42
121000090,461,439,22
121000091,1931,1031,900
121000092,252,113,139
121000093,200,287,-87
121000094,564,1074,-510
121000095,425,1082,-657
121000096,2613,2929,-316
121000097,1500,2456,-956
121000098,828,1531,-703
121000099,853,1208,-355
121000100,1201,803,398
121000101,448,391,57
121000102,405,572,-167
121000103,263,374,-111
121000104,327,288,39
121000105,607,482,125
121000106,537,518,19
121000107,2537,4142,-1605
121000109,1847,1390,457
121000110,515,917,-402
121000114,3164,2480,684
121000115,1239,983,256
121000116,407,1179,-772
121000117,845,295,550
121000118,1539,304,1235
121000119,757,535,222
121000120,405,772,-367
121000121,710,1718,-1008
121000123,2814,816,1998
121000126,173,451,-278
121000127,304,140,164
121000128,1405,758,647
121000129,1263,965,298
121000130,683,1387,-704
121000131,3986,2995,991
121000132,2437,2454,-17
121000135,753,1145,-392
121000136,2667,970,1697
121000137,736,361,375
121000138,1895,1077,818
121000139,1131,303,828
121000141,393,340,53
121000142,1183,1447,-264
121000143,194,45,149
121000144,1484,2127,-643
121000145,926,1795,-869
121000146,1549,1260,289
121000147,1401,949,452
121000148,1291,1760,-469
121000149,2593,2215,378
121000152,983,885,98
121000153,3158,1125,2033
121000154,1091,1008,83
121000155,1674,1495,179
121000156,574,1325,-751
121000157,1605,3029,-1424
121000158,782,756,26
121000159,238,677,-439
121000160,402,671,-269
121000161,276,474,-198
121000162,116,276,-160
121000165,2221,2121,100
121000166,39,1024,-985
121000168,550,428,122
121000169,122,266,-144
121000170,667,180,487
121000171,91,252,-161
121000172,1223,727,496
121000173,2302,1528,774
121000174,471,577,-106
121000175,1059,527,532
121000176,548,285,263
121000177,1369,983,386
121000178,121,121,0
121000179,245,99,146
121000181,547,620,-73
121000182,221,308,-87
121000183,328,142,186
121000184,728,175,553
121000185,27,245,-218
121000186,273,612,-339
121000187,336,362,-26
121000188,265,379,-114
121000192,1044,653,391
121000193,799,748,51
121000194,3679,2864,815
121000195,369,1036,-667
121000196,1069,303,766
121000197,288,1029,-741
121000198,316,147,169
121000199,230,544,-314
121000200,930,111,819
121000201,8,278,-270
121000202,1165,190,975
121000203,1216,3095,-1879
121000204,2914,1080,1834
121000205,290,404,-114
121000206,329,49,280
121000207,3818,509,3309
121000208,12,481,-469
121000209,493,507,-14
121000210,724,662,62
121000211,369,250,119
121000212,390,931,-541
121000213,12783,3769,9014
121000214,1011,3462,-2451
121000215,1341,1240,101
121000216,596,924,-328
121000217,6923,3527,3396
121000218,655,1991,-1336
121000219,2613,594,2019
121000220,361,53,308
121000221,255,279,-24
121000222,3573,2720,853
121000223,899,518,381
121000224,477,181,296
121000225,2435,1858,577
121000226,6617,1548,5069
121000227,11,221,-210
121000228,25,661,-636
121000229,342,426,-84
121000230,80,1806,-1726
121000231,1205,35,1170
121000232,414,484,-70
121000233,755,438,317
121000234,30,51,-21
121000235,117,89,28
121000236,10,86,-76
121000237,62,10,52
121000238,22,123,-101
121000239,57,6,51
121000240,5,294,-289
121000241,167,14,153
121000242,66,281,-215
121000243,535,207,328
121000244,18,106,-88
121000245,103,34,69
121000246,4,141,-137
121000247,164,4,160
121000248,1661,587,1074
121000249,222,341,-119
121000250,1120,238,882
121000251,23,647,-624
121000252,138,103,35
121000253,682,599,83
121000254,870,384,486
121000255,1803,258,1545
121000256,1499,750,749
121000257,323,138,185
121000258,698,66,632
121000259,183,112,71
121000260,201,218,-17
121000261,273,89,184
121000262,1263,1554,-291
121000263,1322,594,728
121000271,425,1832,-1407
121000273,143,15,128
121000274,19,49,-30
121000275,7,21,-14
121000276,13,18,-5
121000278,87,49,38
121000279,116,15,101
121000280,407,66,341
121000289,214,27,187
121000290,1452,1262,190
121000294,194,194,0
121000297,1246,1602,-356
121000299,420,414,6
121000300,1117,872,245
121000302,146,1777,-1631
121000303,598,635,-37
121000304,611,48,563
121000305,173,64,109
121000306,104,158,-54
121000308,234,594,-360
121000309,466,736,-270
121000310,111,466,-355
121000311,112,1324,-1212
121000312,514,281,233
121000313,475,746,-271
121000314,190,187,3
121000315,73,153,-80
121000530,1674,1827,-153
121000531,3870,2190,1680
121000532,8824,9737,-913
121000533,3799,4480,-681
121000918,167,281,-114
121000919,64,63,1
121000938,252,258,-6
121000939,390,282,108
121000956,1642,1712,-70
121000957,14,20,-6
121000958,155,65,90
121000959,965,1267,-302
121000960,4229,3071,1158
121000961,301,225,76
121000962,335,762,-427
121000963,0,0,0
121000973,0,167,-167
121000976,55,227,-172
121000979,633,297,336
121000981,408,400,8
121000982,281,184,97
121000983,657,669,-12
121000984,70,135,-65
121000985,838,760,78
121000986,460,389,71
121000987,299,1358,-1059
121000988,859,185,674
121001302,441,230,211
121001308,16,14,2
121001309,135,150,-15
121001313,288,294,-6
121001314,3361,4276,-915
121001315,5604,3284,2320
121900001,307,299,8
121900002,68,22,46
121900003,544,47,497
121900004,223,570,-347
121900005,62,23,39
121900006,134,21,113
121900007,2734,3334,-600
121900008,1911,697,1214
121900009,716,30,686
121900010,317,8,309
121900011,498,698,-200
121900012,20,1,19
121900013,2144,93,2051
121900014,1650,558,1092
121900015,278,338,-60
121900016,6,60,-54
121900017,2140,688,1452
121900018,414,13,401
121900019,518,397,121
121900020,42,7,35
121900021,970,28,942
121900022,370,327,43
121900023,193,511,-318
121900024,469,120,349
121900025,867,590,277
121900026,452,76,376
121900027,558,268,290
121900028,495,36,459
121900029,168,261,-93
121900030,611,836,-225
121900031,1554,7978,-6424
121900032,154,129,25
121900033,206,262,-56
121900034,585,105,480
121900035,3549,3385,164
121900036,80,377,-297
121900037,242,1058,-816
121900038,66,189,-123
121900039,584,84,500
121900040,134,129,5
121900041,112,229,-117
121900042,439,203,236
121900043,31,10,21
121900044,271,76,195
121900046,559,578,-19
121900047,268,76,192
121900048,62,165,-103
121900050,66,81,-15
121900051,215,251,-36
121900052,232,67,165
121900053,1674,555,1119
121900054,919,1326,-407
121900055,2,29,-27
121900058,238,252,-14
121900059,514,249,265
121900060,203,444,-241
121900061,901,275,626
121900062,238,216,22
121900063,2073,473,1600
121900064,426,970,-544
121900066,121,58,63
121900067,139,88,51
121900069,245,169,76
121900070,444,169,275
121900071,453,571,-118
121900072,59,256,-197
121900073,380,342,38
121900074,1148,1306,-158
121900075,586,508,78
121900076,500,936,-436
121900077,23,66,-43
121900078,365,68,297
121900079,1,1,0
121900080,1391,710,681
121900082,93,167,-74
121900084,21,258,-237
121900085,1,34,-33
121900086,13,68,-55
121900087,263,119,144
121900088,2859,3674,-815
121900089,158,535,-377
121900090,294,149,145
121900091,66,226,-160
121900092,127,170,-43
121900093,86,121,-35
121900094,36,8,28
121900095,285,194,91
121900096,1651,1484,167
121900097,638,491,147
121900098,11,7,4
121900099,252,114,138
121900100,445,693,-248
121900101,206,215,-9
121900102,20,266,-246
121900103,1187,373,814
121900104,1969,523,1446
121900105,377,347,30
121900106,20,14,6
121900107,52,64,-12
121900108,6,60,-54
121900109,386,168,218
121900110,621,1315,-694
121900111,1567,238,1329
121900112,212,185,27
121900113,97,430,-333
121900114,124,163,-39
121900117,658,91,567
121900118,3229,891,2338
121900119,390,215,175
121900120,89,1904,-1815
121900121,733,75,658
121900122,27,112,-85
121900123,457,519,-62
121900124,404,220,184
121900125,2172,1593,579
121900127,17,136,-119
121900128,113,155,-42
121900129,899,211,688
121900130,258,294,-36
121900131,626,91,535
121900132,84,189,-105
121900133,130,811,-681
121900134,29,222,-193
121900135,3311,631,2680
121900136,1381,522,859
121900137,66,506,-440
121900138,231,279,-48
121900139,400,565,-165
121900140,94,399,-305
121900141,89,77,12
121900142,290,332,-42
121900143,29,260,-231
121900144,197,371,-174
121900145,445,491,-46
121900146,718,1309,-591
121900147,97,212,-115
121900148,298,441,-143
121900149,389,1100,-711
121900150,89,189,-100
121900151,125,367,-242
121900152,100,234,-134
121900153,182,979,-797
121900154,45,315,-270
121900155,8,261,-253
121900156,235,147,88
121900157,12,624,-612
121900158,122,152,-30
121900159,2,396,-394
121900160,34,479,-445
121900161,590,548,42
121900162,118,273,-155
121900163,429,1214,-785
121900164,573,342,231
121900165,492,268,224
121900166,290,221,69
121900167,161,163,-2
121900168,233,346,-113
121900169,6,331,-325
121900170,14,304,-290
121900171,1172,850,322
121900172,975,380,595
121900173,1550,314,1236
121900174,34,131,-97
121900175,212,295,-83
121900176,982,1858,-876
121900177,402,78,324
121900178,61,85,-24
121900179,926,302,624
121900180,5723,5171,552
121900182,900,380,520
121900183,1001,1200,-199
121900184,103,1047,-944
121900186,15,508,-493
121900187,64,248,-184
121900188,695,826,-131
121900189,72,180,-108
121900190,680,604,76
121900191,360,285,75
121900192,404,839,-435
121900193,61,227,-166
121900194,11,295,-284
121900195,122,147,-25
121900196,1376,1424,-48
121900197,756,2166,-1410
121900198,1316,1134,182
121900199,5,33,-28
121900200,130,478,-348
121900201,1562,1010,552
121900202,244,859,-615
121900203,312,1100,-788
121900204,1135,1767,-632
121900205,19,158,-139
121900206,15,28,-13
121900207,163,56,107
121900208,314,429,-115
121900209,74,57,17
121900210,1467,1304,163
121900211,30,97,-67
121900212,601,197,404
121900213,243,129,114
121900214,11,633,-622
121900215,104,154,-50
121900216,60,237,-177
121900217,260,219,41
121900218,262,607,-345
121900220,229,19,210
121900221,422,976,-554
121900222,277,203,74
121900223,180,57,123
121900224,146,56,90
121900225,224,104,120
121900226,354,1018,-664
121900227,766,768,-2
121900228,372,578,-206
121900230,179,416,-237
121900231,570,2178,-1608
121900232,411,594,-183
121900233,279,309,-30
121900234,346,428,-82
121900235,709,333,376
121900236,797,302,495
121900237,185,343,-158
121900238,174,429,-255
121900239,634,62,572
121900240,368,174,194
121900241,60,111,-51
121900242,17,2,15
121900243,18,0,18
121900244,83,2,81
121900245,228,95,133
121900246,2512,464,2048
121900247,1078,361,717
121900248,2058,2022,36
121900250,390,386,4
121900251,423,93,330
121900252,767,225,542
121900253,178,990,-812
121900254,700,382,318
121900255,461,117,344
121900258,4255,2880,1375
121900259,545,796,-251
121900260,157,268,-111
121900261,290,907,-617
121900262,594,1312,-718
121900263,502,424,78
121900264,2700,2105,595
121900265,355,347,8
121900266,679,235,444
121900267,127,58,69
121900269,344,1087,-743
121900270,30,276,-246
121900271,80,273,-193
121900273,499,2347,-1848
121900274,341,418,-77
121900277,925,1783,-858
121900278,150,1241,-1091
121900279,194,238,-44
121900280,271,494,-223
121900281,740,459,281
121900284,246,19,227
121900286,1940,218,1722
121900287,27,130,-103
121900288,8,1,7
121900290,252,401,-149
121900291,488,805,-317
121900292,162,166,-4
121900293,1240,3400,-2160
121900294,262,2,260
121900295,190,339,-149
121900296,213,284,-71
121900298,315,755,-440
121900299,0,4,-4
121900300,273,9,264
121900301,55,12,43
121900302,5,31,-26
121900303,481,622,-141
121900304,0,15,-15
121900305,6,7,-1
121900306,178,3,175
121900307,70,11,59
121900308,58,428,-370
121900309,35,346,-311
121900310,48,676,-628
121900311,477,51,426
121900312,455,26,429
121900313,425,63,362
121900314,15,76,-61
121900315,15,1,14
121900316,0,21,-21
121900317,16,1,15
121900318,6,27,-21
121900319,25,143,-118
121900320,72,132,-60
121900321,35,13,22
121900322,11,46,-35
121900323,26,26,0
121900324,9,100,-91
121900325,15,4,11
121900326,11,26,-15
121900327,15,136,-121
121900328,4,52,-48
121900329,7,345,-338
121900330,0,9,-9
121900331,55,11,44
121900332,133,26,107
121900333,46,2,44
122000001,3219,5582,-2363
122000002,6263,2344,3919
122000003,3633,3334,299
122000004,4882,2269,2613
122000005,3506,2145,1361
122000006,2217,1187,1030
122000007,1592,2222,-630
122000008,5623,6070,-447
122000009,518,419,99
122000010,2623,3377,-754
122000011,4102,1841,2261
122000012,1558,1655,-97
122000013,2100,1201,899
122000014,1852,1697,155
122000015,1866,1412,454
122000016,672,1149,-477
122000017,1226,1290,-64
122000018,1772,1442,330
122000019,865,1591,-726
122000020,290,310,-20
122000021,400,524,-124
122000022,1516,1306,210
122000023,859,2314,-1455
122000024,911,1472,-561
122000025,1552,1861,-309
122000026,1481,1218,263
122000027,728,3357,-2629
122000028,1052,590,462
122000029,618,624,-6
122000030,482,177,305
122000031,417,377,40
122000032,2239,2448,-209
122000033,1116,1488,-372
122000034,1094,728,366
122000035,395,839,-444
122000036,681,749,-68
122000037,425,317,108
122000038,308,426,-118
122000039,848,599,249
122000040,375,383,-8
122000041,738,733,5
122000042,431,616,-185
122000043,158,130,28
122000044,160,189,-29
122000045,1624,556,1068
122000046,930,957,-27
122000047,372,315,57
122000048,6327,5836,491
122000049,8211,4083,4128
122000050,1909,965,944
122000051,475,340,135
122000052,662,464,198
122000053,323,1089,-766
122000054,3001,2606,395
122000055,3087,3492,-405
122000056,6647,4348,2299
122000057,4996,4441,555
122000058,3683,1557,2126
122000059,3713,1964,1749
122000060,1001,747,254
122000061,871,586,285
122000062,1538,451,1087
122000063,1997,923,1074
122000064,4018,3261,757
122000065,5850,3260,2590
122000066,1338,1102,236
122000067,2208,1485,723
122000068,2463,1582,881
122000069,1085,879,206
122000070,1701,2487,-786
122000071,1768,1661,107
122000072,395,471,-76
122000073,543,776,-233
122000074,3384,2042,1342
122000075,996,1635,-639
122000076,2918,1570,1348
122000077,1698,913,785
122000078,3120,2872,248
122000079,2717,1637,1080
122000080,1154,505,649
122000081,270,475,-205
122000082,1139,1080,59
122000083,2051,2807,-756
122000084,2581,1207,1374
122000085,586,1823,-1237
122000086,3032,6273,-3241
122000087,686,284,402
122000088,565,716,-151
122000089,7483,3229,4254
122000090,311,587,-276
122000091,327,109,218
122000092,232,29,203
122000093,1971,1684,287
122000094,9091,3094,5997
122000095,4873,4732,141
122000096,3647,2237,1410
122000098,4545,2627,1918
122000099,2456,769,1687
122000100,1292,676,616
122000101,436,1003,-567
122000102,2447,1608,839
122000103,2736,2016,720
122000104,796,283,513
122000105,2212,361,1851
122000106,701,840,-139
122000107,1577,640,937
122000108,635,1051,-416
122000109,452,475,-23
122000110,653,698,-45
122000111,3472,1595,1877
122000112,1090,1986,-896
122000113,715,874,-159
122000114,3938,1559,2379
122000115,2440,1584,856
122000116,1151,809,342
122000117,4730,767,3963
122000118,806,1507,-701
122000119,5412,4219,1193
122000120,3518,8450,-4932
122000121,3795,5471,-1676
122000122,1204,3009,-1805
122000123,2541,3269,-728
122000124,1330,1025,305
122000125,1258,1067,191
122000126,1004,2445,-1441
122000127,1483,2817,-1334
122000128,781,1313,-532
122000129,924,2029,-1105
122000130,4506,2372,2134
122000131,2309,2619,-310
122000132,920,848,72
122000133,1230,2629,-1399
122000134,1128,1251,-123
122000135,910,1539,-629
122000136,1179,1219,-40
122000137,2162,1712,450
122000139,1573,4001,-2428
122000140,1185,753,432
122000141,6164,1449,4715
122000142,592,1270,-678
122000143,770,906,-136
122000144,2152,2583,-431
122000145,2605,1442,1163
122000146,2086,1956,130
122000147,1092,668,424
122000148,2735,2526,209
122000149,2920,2797,123
122000150,1466,1490,-24
122000151,370,514,-144
122000152,493,719,-226
122000153,525,469,56
122000154,359,275,84
122000155,2676,3281,-605
122000156,3240,2870,370
122000157,1915,2322,-407
122000158,475,1126,-651
122000159,1278,2982,-1704
122000160,6136,4145,1991
122000161,1612,1720,-108
122000162,3543,2647,896
122000163,315,132,183
122000164,55,113,-58
122000165,1094,884,210
122000166,1233,1202,31
122000167,358,314,44
122000168,206,706,-500
122000169,586,265,321
122000170,419,326,93
122000171,59,99,-40
122000172,2203,1723,480
122000173,1939,2638,-699
122000174,2936,1102,1834
122000175,1387,430,957
122000176,351,883,-532
122000177,1769,1701,68
122000178,3418,2821,597
122000179,2014,2831,-817
122000180,2200,1771,429
122000181,2183,3693,-1510
122000182,2315,1961,354
122000183,2311,1375,936
122000184,3263,2294,969
122000185,1658,1657,1
122000186,584,912,-328
122000187,1948,1571,377
122000188,583,313,270
122000189,261,402,-141
122000190,1372,1338,34
122000191,989,1036,-47
122000192,1368,491,877
122000193,499,883,-384
122000194,867,233,634
122000195,200,714,-514
122000196,1611,771,840
122000197,772,1019,-247
122000198,610,1013,-403
122000199,376,367,9
122000200,1243,745,498
122000201,1626,1610,16
122000202,1572,1519,53
122000203,6585,1932,4653
122000204,2285,2728,-443
122000205,2152,2040,112
122000206,2881,1268,1613
122000207,2387,1964,423
122000208,2919,2122,797
122000209,2379,469,1910
122000210,2720,2211,509
122000211,2016,1355,661
122000212,881,668,213
122000213,1379,1747,-368
122000214,2670,2080,590
122000215,2395,1970,425
122000217,3923,1757,2166
122000218,791,78,713
122000219,1751,1186,565
122000220,510,965,-455
122000221,114,577,-463
122000222,732,145,587
122000223,2645,749,1896
122000225,1265,425,840
122000226,3367,2478,889
122000227,503,3109,-2606
122000228,876,635,241
122000229,252,745,-493
122000230,505,917,-412
122000231,1540,1051,489
122000232,1002,1553,-551
122000233,0,165,-165
122000234,455,232,223
122000235,1289,239,1050
122000236,1328,259,1069
122000237,275,110,165
122000238,1159,430,729
122000239,2417,269,2148
122000240,1534,913,621
122000241,2054,831,1223
122000242,1046,227,819
122000243,520,98,422
122000244,134,639,-505
122000245,123,296,-173
122000246,422,375,47
122000247,1939,1101,838
122000248,1792,2375,-583
122000249,3846,1573,2273
122000250,3272,1800,1472
122000251,425,749,-324
122000252,690,362,328
122000253,107,392,-285
122000254,434,267,167
122000255,1182,2512,-1330
122000256,637,1388,-751
122000257,229,482,-253
122000258,449,524,-75
122000259,25,641,-616
122000260,9,110,-101
122000261,27,331,-304
122000262,2,74,-72
122000263,451,121,330
122000264,1479,599,880
122000265,3175,1321,1854
122000266,5248,847,4401
122000267,295,198,97
122000268,201,729,-528
122000269,1145,565,580
122000270,1066,213,853
122000271,447,1379,-932
122000272,504,1446,-942
122000273,531,667,-136
122000274,356,298,58
122000275,246,293,-47
122000276,1073,885,188
122000277,2447,2159,288
122000278,3768,1661,2107
122000279,241,788,-547
122000280,1748,1107,641
122000281,1179,1247,-68
122000282,620,278,342
122000283,889,139,750
122000284,556,168,388
122000285,644,112,532
122000286,159,181,-22
122000287,1695,1882,-187
122000288,908,515,393
122000291,2539,1223,1316
122000293,622,377,245
122000294,223,333,-110
122000295,2682,280,2402
122000296,183,776,-593
122000297,4351,3840,511
122000299,517,567,-50
122000300,613,817,-204
122000301,15973,4422,11551
122000302,1226,2370,-1144
122000303,5140,1889,3251
122000304,142,428,-286
122000305,1318,459,859
122000306,36,1230,-1194
122000307,397,252,145
122000309,281,72,209
122000310,94,128,-34
122000311,368,250,118
122000312,198,139,59
122000313,118,85,33
122000314,125,295,-170
122000315,385,61,324
122000316,886,292,594
122000317,1756,277,1479
122000318,374,1076,-702
122000319,340,645,-305
122000320,569,2513,-1944
122000321,105,325,-220
122000322,3087,2937,150
122000323,1809,2524,-715
122000324,1297,1474,-177
122000325,1180,1969,-789
122000326,75,180,-105
122000327,824,1171,-347
122000328,1416,1073,343
122000330,2786,1198,1588
122000332,419,547,-128
122000333,9,144,-135
122000337,1459,2254,-795
122000338,679,703,-24
122000340,466,460,6
122000342,3149,1358,1791
122000343,604,1785,-1181
122000344,124,49,75
122000345,191,44,147
122000346,614,750,-136
122000348,1052,1153,-101
122000349,217,1202,-985
122000351,105,277,-172
122000352,555,197,358
122000353,127,114,13
122000355,232,243,-11
122000356,1751,1350,401
122000357,236,62,174
122000358,0,81,-81
122000359,0,45,-45
122000360,1,113,-112
122000362,21,108,-87
122000364,205,489,-284
122000365,14,47,-33
122000366,34,15,19
122000368,630,894,-264
122000370,67,80,-13
122000371,54,0,54
122000372,22,2,20
122000381,116,469,-353
122000382,141,459,-318
122000384,3837,1881,1956
122000385,137,1,136
122000386,551,1842,-1291
122000387,643,731,-88
122000388,1714,1032,682
122000389,252,766,-514
122000390,463,344,119
122000391,507,224,283
122000392,571,358,213
122000393,361,223,138
122000394,814,570,244
122000395,259,273,-14
122000396,383,192,191
122000397,95,86,9
122000398,49,92,-43
122000399,148,99,49
122000400,161,607,-446
122000401,131,126,5
122000402,363,141,222
122000403,752,1455,-703
122000404,230,404,-174
122000408,1170,1464,-294
122000503,13,141,-128
122000524,703,153,550
122000544,129,3575,-3446
122000616,438,1,437
122000640,100,159,-59
122000641,119,459,-340
122000642,1932,1477,455
122000643,68,195,-127
122000644,331,37,294
122000645,170,195,-25
122000651,2149,1066,1083
122000664,195,60,135
122000665,1645,898,747
122000666,802,1422,-620
122000673,75,413,-338
122000674,206,98,108
122000675,2308,1892,416
122000686,1508,1660,-152
122000687,3436,574,2862
122000688,452,1187,-735
122000689,1251,838,413
122000690,2857,738,2119
122000691,1832,2645,-813
122000692,2345,678,1667
122000693,906,2817,-1911
122000695,310,683,-373
122000696,463,507,-44
122000698,358,1305,-947
122000699,345,277,68
122000701,1545,484,1061
122000702,641,1665,-1024
122000703,193,80,113
122000717,204,81,123
122000718,474,1154,-680
122000719,100,134,-34
122000720,457,441,16
122000724,332,32,300
122900001,51,13,38
122900002,2027,5796,-3769
122900003,576,107,469
122900004,1028,64,964
122900005,326,93,233
122900006,1898,454,1444
122900007,470,90,380
122900008,1197,101,1096
122900009,1113,548,565
122900010,359,219,140
122900012,217,546,-329
122900014,279,516,-237
122900015,3090,1168,1922
122900016,157,390,-233
122900017,650,1233,-583
122900018,225,28,197
122900019,35,234,-199
122900020,603,556,47
122900021,173,1016,-843
122900022,1023,1127,-104
122900023,599,409,190
122900024,203,170,33
122900025,30,334,-304
122900026,119,610,-491
122900027,87,1218,-1131
122900028,177,279,-102
122900029,5790,3662,2128
122900030,1462,804,658
122900031,168,329,-161
122900032,183,483,-300
122900033,362,232,130
122900034,6686,6659,27
122900035,47,62,-15
122900036,63,140,-77
122900037,438,199,239
122900038,188,3715,-3527
122900039,163,642,-479
122900040,424,540,-116
122900041,489,312,177
122900042,275,384,-109
122900043,521,287,234
122900044,88,446,-358
122900045,138,144,-6
122900046,400,205,195
122900047,243,338,-95
122900048,73,372,-299
122900049,2222,242,1980
122900051,109,185,-76
122900052,91,243,-152
122900053,54,70,-16
122900055,746,274,472
122900057,326,134,192
122900061,640,306,334
122900062,756,1064,-308
122900063,241,506,-265
122900064,1733,606,1127
122900065,630,343,287
122900066,864,558,306
122900067,2279,1286,993
122900068,549,399,150
122900069,1450,2442,-992
122900070,553,94,459
122900071,167,703,-536
122900072,33,927,-894
122900073,106,359,-253
122900074,1021,1074,-53
122900075,0,112,-112
122900076,12,251,-239
122900077,2,213,-211
122900078,348,203,145
122900080,90,51,39
122900081,488,289,199
122900082,931,644,287
122900083,214,519,-305
122900084,21,384,-363
122900086,35,143,-108
122900087,760,833,-73
122900088,73,181,-108
122900089,137,243,-106
122900090,11,739,-728
122900091,221,1,220
122900092,1,282,-281
122900093,5,433,-428
122900094,9,300,-291
122900095,189,13,176
122900096,504,304,200
122900097,53,32,21
122900098,200,180,20
122900099,42,16,26
122900100,864,289,575
122900101,774,380,394
122900102,32,37,-5
122900103,140,9,131
122900104,159,29,130
122900105,26,16,10
122900106,14,141,-127
122900107,14,301,-287
122900108,2,254,-252
123000001,2001,550,1451
123000002,5541,5683,-142
123000003,4326,4730,-404
123000004,3883,5137,-1254
123000005,3394,3644,-250
123000006,3016,3500,-484
123000007,6765,3518,3247
123000008,5801,4667,1134
123000009,5716,4172,1544
123000010,4483,4738,-255
123000011,2915,1116,1799
123000012,1163,2922,-1759
123000013,4789,1334,3455
123000014,1678,4437,-2759
123000015,6311,1730,4581
123000016,7789,5871,1918
123000017,3909,2392,1517
123000018,78,189,-111
123000019,313,512,-199
123000020,216,199,17
123000021,107,439,-332
123000022,491,3266,-2775
123000023,2994,2062,932
123000024,1689,842,847
123000025,252,260,-8
123000026,310,50,260
123000027,1058,662,396
123000028,2799,502,2297
123000029,2473,837,1636
123000030,332,669,-337
123000031,255,431,-176
123000032,365,289,76
123000033,300,113,187
123000034,1525,1466,59
123000035,466,639,-173
123000036,426,1372,-946
123000037,558,514,44
123000038,134,266,-132
123000039,456,1630,-1174
123000040,1238,534,704
123000041,1659,1513,146
123000042,1391,854,537
123000043,4180,9501,-5321
123000044,6154,3250,2904
123000045,11983,3948,8035
123000046,1102,1770,-668
123000047,3093,1421,1672
123000048,104,666,-562
123000049,9076,10904,-1828
123000050,1641,1853,-212
123000051,188,354,-166
123000052,1290,3886,-2596
123000053,3546,3882,-336
123000054,1826,1835,-9
123000055,2081,2319,-238
123000056,2389,2922,-533
123000057,19553,9171,10382
123000058,1043,1137,-94
123000059,751,782,-31
123000060,1402,720,682
123000061,686,1021,-335
123000063,1065,1180,-115
123000064,1237,554,683
123000065,13960,3779,10181
123000066,1099,895,204
123000067,1596,1077,519
123000068,3853,3929,-76
123000069,9387,5200,4187
123000070,395,990,-595
123000071,1239,1404,-165
123000072,1340,1890,-550
123000073,1343,990,353
123000074,1232,1802,-570
123000075,401,1233,-832
123000076,1353,1084,269
123000077,2413,4034,-1621
123000078,1747,2259,-512
123000079,1669,2580,-911
123000080,2793,2960,-167
123000081,161,593,-432
123000082,522,1702,-1180
123000083,1067,369,698
123000084,653,893,-240
123000085,326,143,183
123000086,553,360,193
123000087,524,562,-38
123000088,3311,1358,1953
123000089,587,1511,-924
123000090,1550,1285,265
123000091,1791,1924,-133
123000092,1183,1483,-300
123000094,679,394,285
123000095,966,1037,-71
123000096,797,625,172
123000097,622,1210,-588
123000098,915,778,137
123000099,853,1132,-279
123000100,815,1062,-247
123000101,911,810,101
123000102,910,915,-5
123000104,542,549,-7
123000105,648,644,4
123000106,482,425,57
123000107,428,618,-190
123000108,816,1487,-671
123000111,1142,463,679
123000112,1177,953,224
123000113,662,2019,-1357
123000114,762,867,-105
123000115,552,429,123
123000116,58,213,-155
123000117,3595,3215,380
123000118,571,1499,-928
123000119,498,1372,-874
123000120,1530,1290,240
123000121,537,850,-313
123000122,383,283,100
123000123,523,698,-175
123000124,532,568,-36
123000125,1276,1361,-85
123000126,1526,4276,-2750
123000127,1031,770,261
123000128,422,467,-45
123000129,834,317,517
123000130,793,118,675
123000131,901,876,25
123000132,497,874,-377
123000133,443,544,-101
123000134,537,317,220
123000135,2703,1851,852
123000136,368,1183,-815
123000137,163,498,-335
123000138,121,578,-457
123000139,497,149,348
123000140,221,1102,-881
123000141,893,197,696
123000142,1406,1504,-98
123000143,1706,2484,-778
123000144,176,63,113
123000145,725,174,551
123000146,68,174,-106
123000147,257,173,84
123000149,434,646,-212
123000150,247,400,-153
123000151,525,560,-35
123000152,490,512,-22
123000153,758,930,-172
123000154,2849,2700,149
123000155,3344,1811,1533
123000156,68,261,-193
123000157,743,1271,-528
123000158,944,1014,-70
123000159,4597,3424,1173
123000160,1303,952,351
123000161,2209,1564,645
123000162,1439,2435,-996
123000163,679,160,519
123000164,1807,484,1323
123000165,579,2478,-1899
123000166,53,205,-152
123000167,182,409,-227
123000168,366,320,46
123000169,785,188,597
123000170,95,346,-251
123000171,696,69,627
123000172,457,791,-334
123000173,711,338,373
123000174,1140,482,658
123000175,1210,1912,-702
123000176,1560,385,1175
123000177,524,1477,-953
123000178,925,211,714
123000179,61,909,-848
123000180,2246,516,1730
123000181,509,2383,-1874
123000182,420,797,-377
123000183,247,634,-387
123000184,281,887,-606
123000185,965,683,282
123000186,7,1121,-1114
123000187,670,12,658
123000188,252,4,248
123000189,203,255,-52
123000190,64,89,-25
123000192,29,709,-680
123000193,97,1346,-1249
123000194,646,535,111
123000195,384,36,348
123000196,366,60,306
123000197,85,204,-119
123000198,145,385,-240
123000199,53,874,-821
123000200,781,19,762
123000201,1150,40,1110
123000202,20,1732,-1712
123000203,1155,105,1050
123000204,147,1786,-1639
123000205,710,2879,-2169
123000206,2330,304,2026
123000207,102,1367,-1265
123000208,793,237,556
123000209,2397,705,1692
123000210,713,3064,-2351
123000211,789,4052,-3263
123000212,3634,682,2952
123000213,914,106,808
123000215,209,365,-156
123000216,381,2161,-1780
123000217,265,45,220
123000218,127,892,-765
123000219,1539,205,1334
123000220,1106,197,909
123000221,699,222,477
123000222,606,737,-131
123000223,368,599,-231
123000224,578,725,-147
123000225,563,164,399
123000226,99,497,-398
123000227,163,433,-270
123000228,327,120,207
123000229,1607,2539,-932
123000232,409,808,-399
123000233,1002,306,696
123000234,238,962,-724
123000235,1112,538,574
123000236,402,1254,-852
123000237,469,129,340
123000238,143,837,-694
123000239,679,2376,-1697
123000240,61,501,-440
123000241,800,189,611
123000242,229,301,-72
123000243,992,1242,-250
123000244,1398,988,410
123000245,90,251,-161
123000249,469,1113,-644
123000252,911,338,573
123000253,1254,715,539
123000254,1161,2021,-860
123000255,1583,1311,272
123000256,54,398,-344
123000257,4131,3132,999
123000258,1921,1597,324
123000259,426,582,-156
123000260,489,704,-215
123000261,303,293,10
123000262,132,284,-152
123000263,469,162,307
123000264,237,133,104
123000265,98,230,-132
123000266,921,1374,-453
123000267,792,437,355
123000268,69,147,-78
123000269,69,92,-23
123000270,34,63,-29
123000271,133,143,-10
123000272,937,292,645
123000273,279,788,-509
123000274,1499,821,678
123000275,414,1267,-853
123000278,6515,3619,2896
123000279,119,159,-40
123000280,907,573,334
123000281,366,160,206
123000282,191,463,-272
123000283,141,52,89
123000284,68,142,-74
123000286,312,396,-84
123000287,669,350,319
123000288,1391,1019,372
123000289,621,1470,-849
123000291,328,929,-601
123000294,196,318,-122
123000295,1229,1289,-60
123000296,840,538,302
123000297,731,1146,-415
123000298,789,736,53
123000299,49,230,-181
123000300,1152,1102,50
123000301,185,334,-149
123000302,106,262,-156
123000303,181,166,15
123000305,1170,1170,0
123000306,186,300,-114
123000309,48,88,-40
123000310,68,52,16
123000311,0,161,-161
123000312,833,1374,-541
123000313,603,620,-17
123000315,93,478,-385
123000316,2265,129,2136
123000317,314,103,211
123000318,88,365,-277
123000329,18,15,3
123000337,1044,313,731
123000338,1151,56,1095
123000339,274,287,-13
123000340,259,833,-574
123000342,131,19,112
123000343,74,12,62
123000344,1631,1046,585
123000345,473,1379,-906
123000346,381,82,299
123000352,2075,1050,1025
123000353,46,140,-94
123000354,668,14,654
123000355,4,806,-802
123000356,666,16,650
123000357,2,300,-298
123000359,2,263,-261
123000360,285,184,101
123000361,496,447,49
123000362,482,181,301
123000363,139,268,-129
123000364,818,559,259
123000365,24,503,-479
123000366,576,2291,-1715
123000367,465,1702,-1237
123000370,94,380,-286
123000371,1493,63,1430
123000372,750,22,728
123000373,15,565,-550
123000374,216,350,-134
123000375,734,69,665
123000376,979,746,233
123000377,597,39,558
123000378,24,406,-382
123000379,13,313,-300
123000380,67,574,-507
123000381,222,64,158
123000382,1774,318,1456
123000383,314,1701,-1387
123000384,533,103,430
123000385,589,670,-81
123000436,95,1360,-1265
123000507,190,337,-147
123000508,262,1282,-1020
123000517,326,78,248
123000518,34,353,-319
123000519,177,105,72
123000520,56,273,-217
123000521,395,114,281
123000522,168,473,-305
123000541,12,5,7
123000542,0,28,-28
123000565,1077,87,990
123000566,275,1135,-860
123000567,112,310,-198
123000573,71,1255,-1184
123000574,1259,130,1129
123000575,1582,1686,-104
123000576,1003,2393,-1390
123000577,118,965,-847
123000578,926,105,821
123000579,4315,6627,-2312
123000580,129,62,67
123000582,571,46,525
123000583,39,531,-492
123000584,256,412,-156
123000585,3,408,-405
123000586,104,1,103
123000596,110,164,-54
123000597,95,153,-58
123000602,32,11,21
123000603,802,993,-191
123000604,691,1457,-766
123000605,1353,223,1130
123000606,1,603,-602
123000609,39,463,-424
123000610,291,211,80
123000613,34,237,-203
123000614,321,72,249
123000615,23,148,-125
123000616,964,90,874
123000617,147,808,-661
123000618,106,1039,-933
123000619,791,76,715
123000620,22,667,-645
123000622,533,41,492
123000624,160,46,114
123000630,1068,669,399
123000631,374,2053,-1679
123000632,1102,1327,-225
123000633,0,303,-303
123000634,83,153,-70
123000635,192,151,41
123000636,114,925,-811
123000637,262,272,-10
123000638,1019,104,915
123000639,1613,4732,-3119
123000640,33,989,-956
123000648,312,92,220
123000649,32,636,-604
123900001,1993,106,1887
123900002,94,1986,-1892
123900003,556,653,-97
123900005,280,181,99
123900006,339,50,289
124000001,2423,233,2190
124000002,176,2420,-2244
124000003,959,237,722
124000004,96,922,-826
124000005,1518,784,734
124000006,347,1875,-1528
124000007,934,221,713
124000008,69,850,-781
124000009,983,552,431
124000010,248,621,-373
124000011,2157,524,1633
124000012,494,723,-229
124000017,208,263,-55
124000018,96,137,-41
124000019,153,215,-62
124000020,68,315,-247
124000021,142,154,-12
124000022,79,258,-179
124000023,1786,1808,-22
124000024,1375,676,699
124000025,1580,2084,-504
124000026,1502,1581,-79
124000027,5995,5812,183
124000028,3171,5585,-2414
124000030,4282,1906,2376
124000031,1523,3898,-2375
124000032,4156,1395,2761
124000033,831,821,10
124000034,1821,1065,756
124000035,355,320,35
124000036,145,680,-535
124000037,1437,1502,-65
124000038,78,194,-116
124000039,1822,696,1126
124000040,958,1477,-519
124000041,850,116,734
124000042,315,698,-383
124000043,322,137,185
124000044,198,300,-102
124000045,1121,887,234
124000046,406,955,-549
124000047,1599,1436,163
124000048,1430,1971,-541
124000049,2337,1065,1272
124000050,1326,2603,-1277
124000051,1127,886,241
124000052,974,1452,-478
124000053,644,1899,-1255
124000054,1248,818,430
124000055,1597,3207,-1610
124000056,3351,1969,1382
124000057,1130,892,238
124000058,656,1842,-1186
124000059,741,1320,-579
124000060,1565,1047,518
124000061,1813,5577,-3764
124000062,6461,2491,3970
124000063,1898,2350,-452
124000064,4080,2055,2025
124000065,144,581,-437
124000066,379,115,264
124000067,315,261,54
124000068,139,228,-89
124000069,1296,380,916
124000070,429,717,-288
124000071,1814,162,1652
124000072,942,628,314
124000073,1137,249,888
124000074,375,1064,-689
124000075,368,71,297
124000076,17,372,-355
124000077,2419,1226,1193
124000078,4150,1886,2264
124000079,844,1778,-934
124000080,2059,288,1771
124000081,483,727,-244
124000082,54,250,-196
124000083,95,130,-35
124000084,58,623,-565
124000085,138,75,63
124000086,134,115,19
124000087,686,142,544
124000088,361,668,-307
124000089,1207,598,609
124000090,218,536,-318
124000091,710,215,495
124000092,133,972,-839
124000093,133,184,-51
124000094,369,682,-313
124000095,95,167,-72
124000096,218,479,-261
124000097,148,276,-128
124000098,86,126,-40
124000099,339,239,100
124000100,86,169,-83
124000101,106,172,-66
124000102,142,106,36
124000103,106,158,-52
124000104,154,90,64
124000105,89,88,1
124000106,145,110,35
124000107,35,178,-143
124000108,112,52,60
124000109,124,175,-51
124000110,304,130,174
124000111,255,226,29
124000112,805,885,-80
124000113,94,184,-90
124000114,312,632,-320
124000115,533,887,-354
124000116,141,286,-145
124000117,63,92,-29
124000118,54,119,-65
124000119,1192,752,440
124000120,630,550,80
124000121,1849,984,865
124000122,797,1858,-1061
124000123,1800,733,1067
124000124,728,1561,-833
124000125,500,734,-234
124000126,349,903,-554
124000127,912,807,105
124000128,822,1404,-582
124000129,2601,2029,572
124000130,1018,963,55
124000131,1087,758,329
124000132,1147,1055,92
124000133,915,1162,-247
124000134,1141,883,258
124000135,2046,2306,-260
124000136,1355,1372,-17
124000137,1606,1047,559
124000138,2128,1661,467
124000139,2141,41,2100
124000140,138,777,-639
124000141,535,33,502
124000142,29,260,-231
124000143,170,61,109
124000144,51,64,-13
124000145,412,108,304
124000146,152,83,69
124000148,156,237,-81
124000149,2280,849,1431
124000150,764,833,-69
124000151,1353,771,582
124000152,1193,1869,-676
124000153,1201,1131,70
124000154,656,1169,-513
124000155,1812,1552,260
124000156,2448,1575,873
124000169,331,549,-218
124000170,960,606,354
124000171,340,375,-35
124000172,487,745,-258
124000173,547,303,244
124000174,456,849,-393
124000175,14,198,-184
124000176,119,44,75
124000177,16,66,-50
124000178,266,92,174
124000190,205,81,124
124000191,294,118,176
124000192,3679,578,3101
124000193,1492,1218,274
124000194,548,699,-151
124000195,304,818,-514
124000196,1420,1512,-92
124000197,64,77,-13
124000198,39,62,-23
124000201,577,1443,-866
124000202,951,569,382
124000203,806,1038,-232
124000204,1137,679,458
124000205,371,653,-282
124000206,1489,659,830
124000207,0,89,-89
124000209,395,759,-364
124000210,483,327,156
124000211,670,3,667
124000212,2,671,-669
124000213,548,377,171
124000214,435,1015,-580
124000215,1621,44,1577
124000216,3,605,-602
124000329,273,2542,-2269
124000338,251,1352,-1101
124000339,1347,349,998
124000341,1698,314,1384
124000344,100,53,47
124000357,1039,2526,-1487
124000358,809,1831,-1022
124000359,1077,971,106
124000360,772,759,13
124000361,3113,990,2123
124000362,2023,2557,-534
124000363,333,359,-26
124000364,760,1007,-247
124000365,777,1372,-595
124000366,2127,1118,1009
124000367,222,657,-435
124000368,906,571,335
124000369,240,290,-50
124000370,161,870,-709
124000402,65,25,40
124000403,263,134,129
124000404,27,183,-156
124000405,1366,1337,29
124000406,1178,1276,-98
124000407,8,73,-65
124000411,14,570,-556
124000412,606,24,582
124000413,449,81,368
124000414,107,186,-79
124000415,77,207,-130
124000416,167,317,-150
124000417,192,180,12
124000418,200,236,-36
124000419,121,191,-70
124000420,86,157,-71
124000421,86,257,-171
124000422,29,19,10
124000423,176,46,130
124000424,2,129,-127
124000425,77,129,-52
124000426,32,54,-22
124000427,85,27,58
124000428,30,83,-53
124000429,127,172,-45
124000430,964,725,239
124000431,697,816,-119
124000432,417,1224,-807
124000439,6,18,-12
124000443,0,10,-10
124000445,468,1801,-1333
124000446,2083,112,1971
124900001,623,663,-40
124900002,217,530,-313
124900003,1184,1087,97
124900004,683,607,76
124900005,603,315,288
124900006,738,620,118
124900008,2461,990,1471
124900009,251,444,-193
124900010,275,247,28
124900011,595,466,129
124900012,639,164,475
124900013,848,239,609
124900014,901,116,785
124900015,200,537,-337
124900016,109,169,-60
124900017,747,1844,-1097
124900018,50,21,29
124900020,167,141,26
124900021,675,129,546
124900022,418,9,409
124900024,351,118,233
124900026,663,53,610
124900027,150,503,-353
124900028,765,201,564
124900029,17,803,-786
124900030,17,198,-181
124900031,81,454,-373
124900032,318,362,-44
124900033,480,483,-3
124900034,18,148,-130
124900035,225,645,-420
124900036,5,78,-73
124900037,206,527,-321
124900038,427,537,-110
124900039,1,57,-56
124900040,179,126,53
124900041,364,1464,-1100
124900042,203,1,202
124900043,654,1362,-708
124900044,103,13,90
124900045,1531,1549,-18
124900046,1414,429,985
124900047,230,289,-59
124900048,268,153,115
124900050,203,332,-129
124900052,157,579,-422
124900053,319,536,-217
124900054,2803,772,2031
124900055,5,324,-319
124900057,16,116,-100
124900060,196,321,-125
124900061,157,12,145
124900062,410,55,355
124900066,0,33,-33
124900067,8,273,-265
124900068,252,655,-403
124900070,252,27,225
124900072,151,39,112
124900075,254,353,-99
124900076,38,1351,-1313
124900077,33,281,-248
124900078,151,29,122
124900079,820,282,538
124900080,378,829,-451
124900081,914,622,292
124900082,507,1291,-784
124900083,307,689,-382
124900084,2252,147,2105
124900085,1601,525,1076
124900086,168,1601,-1433
124900087,905,191,714
124900088,1039,186,853
124900089,1581,37,1544
124900090,334,414,-80
124900091,366,584,-218
124900092,308,453,-145
124900093,362,351,11
124900094,487,464,23
124900095,142,586,-444
124900096,735,367,368
124900097,344,161,183
124900098,169,662,-493
124900099,895,836,59
124900100,431,287,144
124900101,174,584,-410
124900102,269,160,109
124900103,208,358,-150
124900104,86,235,-149
124900105,144,289,-145
124900106,517,187,330
124900107,131,35,96
124900108,176,93,83
124900111,22,109,-87
124900112,101,877,-776
124900113,216,366,-150
124900114,275,171,104
124900115,518,44,474
124900116,262,252,10
124900117,874,183,691
124900118,334,356,-22
124900119,515,255,260
124900120,107,530,-423
124900121,188,546,-358
124900122,496,395,101
124900123,426,218,208
124900124,206,657,-451
204000001,112,13,99
204000002,30,16,14
204000003,50,5,45
204000004,16,0,16
204000005,662,471,191
204000006,1634,1283,351
204000011,9,67,-58
204000012,73,128,-55
204000019,705,586,119
204000020,1047,783,264
204000021,2945,1043,1902
204000022,714,577,137
204000023,707,1153,-446
204000031,113,40,73
204000032,815,62,753
204000034,16,306,-290
204000035,1,5,-4
204000036,13,25,-12
204000037,3,26,-23
204000038,1,9,-8
204000039,87,46,41
204000040,3,27,-24
204000041,11,54,-43
204000042,90,13,77
204000043,30,5,25
204000044,57,2,55
204000045,96,7,89
204000046,50,1,49
204000057,8,22,-14
204000062,21,50,-29
204000068,70,340,-270
204000069,80,436,-356
204000070,155,256,-101
204000080,140,64,76
204000085,2352,2414,-62
204000086,3270,2829,441
204000087,56,11,45
204000088,8,147,-139
204000090,75,457,-382
204000093,380,93,287
204000096,988,1213,-225
204000097,574,18,556
204000099,1294,1619,-325
204000100,1481,2226,-745
204000105,2320,2099,221
204000110,1970,2131,-161
204000111,485,1160,-675
204000112,2560,918,1642
204000113,636,883,-247
204000114,1026,1004,22
204000115,793,465,328
204000116,5145,713,4432
204000119,2158,3049,-891
204000132,860,675,185
204000133,1084,567,517
204000134,1068,260,808
204000135,1311,161,1150
204000136,757,327,430
204000138,441,1747,-1306
204000140,234,212,22
204000141,160,79,81
204000144,12,23,-11
204000145,802,47,755
204000146,36,478,-442
204000147,30,331,-301
204000148,1392,52,1340
204000154,7,6,1
204000155,7,12,-5
204000177,109,68,41
204000179,40,22,18
204000180,0,41,-41
204000222,12,30,-18
204000235,22,22,0
204000236,81,391,-310
204000238,22,51,-29
204000240,505,113,392
204000263,693,1390,-697
204000268,1466,862,604
204000308,295,43,252
204000317,22,77,-55
204000322,24,53,-29
204000323,18,30,-12
204000328,301,79,222
204000329,58,234,-176
204000330,210,25,185
204000331,48,139,-91
204010341,26,272,-246
205000001,1488,2256,-768
205000013,8,78,-70
205000014,46,129,-83
205000015,41,210,-169
205000016,53,165,-112
205000017,13,145,-132
205000022,376,1009,-633
205000025,1275,1400,-125
205000029,276,10,266
205000045,185,320,-135
205000046,235,591,-356
205000047,141,564,-423
205000048,390,1325,-935
205000049,186,912,-726
205000050,1032,357,675
205000059,1,319,-318
205000060,0,101,-101
205000061,0,96,-96
205000062,1,100,-99
205000063,13,83,-70
205000064,20,107,-87
205000065,76,550,-474
205000066,105,876,-771
205000067,32,1009,-977
205000069,230,19,211
205000082,207,205,2
205000110,107,305,-198
205000111,215,292,-77
205000112,279,280,-1
205000113,220,429,-209
205000121,272,76,196
205000123,33,253,-220
205000126,515,134,381
205000127,703,253,450
205000128,540,73,467
205000129,687,105,582
205000130,537,32,505
205000131,234,5,229
205000132,256,1,255
205000133,228,0,228
205000134,306,1,305
205000137,87,166,-79
205000138,269,381,-112
205000139,47,153,-106
205000144,190,109,81
205000145,793,202,591
205000151,221,51,170
205000152,328,41,287
205000153,311,43,268
205000154,139,77,62
205000155,136,25,111
205000207,7,267,-260
205000233,30,0,30
205000234,0,1,-1
205000243,0,0,0
205000244,2,8,-6
205000245,18,268,-250
205000249,1,34,-33
205000250,6,1,5
205000264,19,75,-56
206000027,15,0,15
206000028,8,3,5
206000043,18,87,-69
206000053,8,11,-3
206000054,6,28,-22
206000055,1,39,-38
206000075,8,15,-7
206000076,27,16,11
206000077,23,5,18
206000078,18,2,16
206000079,16,3,13
206000082,413,38,375
206000100,44,786,-742
206000103,3,25,-22
206000104,16,34,-18
206000105,4,19,-15
206000106,13,52,-39
206000108,749,56,693
206000125,89,1,88
206000157,89,759,-670
206000170,0,280,-280
206000171,2,254,-252
206000172,9,576,-567
206000173,5,316,-311
206000174,11,127,-116
206000175,8,187,-179
206000176,27,309,-282
206000177,1,196,-195
206000178,4,200,-196
206000179,22,116,-94
206000180,16,179,-163
206000181,40,232,-192
206000182,16,209,-193
206000183,26,789,-763
206000184,6,479,-473
206000185,4,279,-275
206000186,121,1470,-1349
206000223,8,316,-308
206000226,16,4,12
206000227,34,6,28
206000237,39,387,-348
206000238,31,593,-562
206000239,311,2289,-1978
206000240,2,79,-77
206000241,1,124,-123
206000242,8,379,-371
206000243,8,252,-244
206000244,74,774,-700
206000245,873,58,815
206000246,229,9,220
206000247,242,43,199
206000248,403,19,384
206000252,115,40,75
206000258,41,54,-13
206000315,29,10,19
206000317,642,90,552
206000318,530,86,444
206000319,1346,141,1205
206000320,179,47,132
206000321,197,15,182
206000322,437,11,426
206000323,144,8,136
206000324,164,10,154
206000325,189,19,170
206000326,228,12,216
206000327,538,11,527
206000328,173,5,168
206000329,374,7,367
206000330,64,7,57
206000331,171,7,164
206000332,55,8,47
206000333,594,2,592
206000334,258,2,256
206000335,0,25,-25
206000361,9,254,-245
206000392,6,35,-29
206000405,166,0,166
206000441,34,19,15
206000498,107,29,78
206000515,114,22,92
206000530,294,73,221
206000531,201,215,-14
206000532,2048,278,1770
206000535,338,2190,-1852
206000536,28,226,-198
206000537,26,254,-228
206000613,1453,206,1247
207000001,176,616,-440
207000002,118,362,-244
207000003,152,193,-41
207000007,910,301,609
207000008,76,14,62
207000009,102,46,56
207000010,633,585,48
207000012,322,315,7
207000015,344,1675,-1331
207000019,341,108,233
207000021,802,197,605
207000022,189,147,42
207000023,269,72,197
207000024,9,14,-5
207000025,39,79,-40
207000026,150,81,69
207000027,53,85,-32
207000028,82,235,-153
207000029,367,506,-139
207000033,252,381,-129
207000034,353,94,259
207000039,417,223,194
207000040,322,113,209
207000041,264,75,189
207000042,377,77,300
207000043,449,229,220
207000051,162,316,-154
207000052,153,182,-29
207000053,600,723,-123
207000054,49,161,-112
207000055,161,150,11
207000056,367,420,-53
207000057,165,323,-158
207000058,252,381,-129
207000059,110,771,-661
207000060,89,274,-185
207000061,249,563,-314
207000062,363,84,279
207000063,330,145,185
207000064,710,211,499
207000065,535,263,272
207000066,205,211,-6
207000067,54,111,-57
207000068,142,86,56
207000069,824,540,284
207000082,20,297,-277
207000083,108,346,-238
207000084,291,246,45
207000085,187,18,169
207000086,133,2,131
207000106,39,37,2
207000107,110,18,92
207000108,72,38,34
207000109,82,12,70
207000110,156,86,70
207000111,99,70,29
207000112,215,688,-473
207000114,41,63,-22
207000115,38,109,-71
207000116,31,485,-454
207000117,9,138,-129
207000118,2,118,-116
207000119,38,105,-67
207000123,218,33,185
207000124,88,42,46
207000125,93,64,29
207000126,77,75,2
207000134,98,185,-87
207000135,16,293,-277
207000148,75,385,-310
207000149,111,91,20
207000152,183,492,-309
207000153,1400,1420,-20
207000154,541,172,369
207000159,128,292,-164
207000160,216,572,-356
207000238,1,212,-211
207000242,1,248,-247
207000248,146,65,81
207000249,166,69,97
207000250,1081,108,973
207000251,156,116,40
207000252,206,118,88
207000278,121,104,17
207000279,21,214,-193
207000280,559,71,488
207000281,92,1317,-1225
207000282,279,120,159
207000283,137,289,-152
207000284,61,229,-168
207000285,143,49,94
207000291,26,163,-137
207000304,196,66,130
207000306,87,499,-412
207000310,105,92,13
207000353,339,8,331
207000356,26,46,-20
207000357,56,13,43
207000358,24,21,3
207000415,9,336,-327
207000417,61,7,54
207000418,218,182,36
207000438,0,5,-5
207000439,1210,837,373
207000446,154,7,147
207000460,26,5,21
207000466,282,194,88
207000467,281,154,127
207000468,59,507,-448
207000476,11,96,-85
207000477,716,124,592
207000478,9,56,-47
207000523,0,16,-16
207000524,63,0,63
207000527,128,222,-94
207000530,468,13,455
207000531,413,12,401
207000532,226,37,189
207000534,517,75,442
207000535,77,399,-322
207000537,330,189,141
207000540,10,362,-352
207000541,4,536,-532
207000548,33,508,-475
207000549,593,17,576
207000561,161,223,-62
207000562,51,302,-251
207000567,251,310,-59
207000568,216,108,108
207000569,479,1232,-753
207000584,523,350,173
207000585,110,486,-376
207000616,0,212,-212
207000617,215,8,207
207900008,258,147,111
208000001,785,1193,-408
208000002,1479,624,855
208000003,1183,521,662
208000004,2090,758,1332
208000005,10,27,-17
208000019,732,1437,-705
208000020,161,665,-504
208000021,242,514,-272
208000022,1182,645,537
208000028,2797,1240,1557
208000033,657,1246,-589
208000034,1395,1941,-546
208000037,373,36,337
208000040,229,241,-12
208000041,1176,785,391
208000042,1772,927,845
208000047,150,306,-156
208000064,4008,1873,2135
208000066,2771,2656,115
208000070,370,469,-99
208000071,383,1095,-712
208000072,395,1747,-1352
208000080,281,367,-86
208000081,343,185,158
208000082,374,384,-10
208000083,237,555,-318
208000084,27,23,4
208000085,1303,782,521
208000086,593,1214,-621
208000087,937,997,-60
208000089,1066,591,475
208000090,917,998,-81
208000093,191,140,51
208000094,1671,594,1077
208000095,887,563,324
208000104,1187,1331,-144
208000105,1214,1441,-227
208000114,143,356,-213
208000115,593,616,-23
208000116,583,1403,-820
208000117,201,177,24
208000118,111,154,-43
208000155,1198,1194,4
208000158,1907,3909,-2002
208000186,4794,4471,323
208000204,728,1164,-436
208000205,1292,1367,-75
208000282,7681,3274,4407
209000004,826,248,578
209000005,53,37,16
209000006,484,173,311
209000007,325,328,-3
209000010,543,190,353
209000011,251,343,-92
209000012,653,278,375
209000013,676,528,148
209000014,691,1489,-798
209000025,339,48,291
209000026,708,143,565
209000027,611,1277,-666
209000028,571,1065,-494
209000029,724,926,-202
209000030,578,1886,-1308
209000031,3642,3105,537
209000034,256,253,3
209000035,143,150,-7
209000036,189,138,51
209000037,299,268,31
209000038,146,198,-52
209000039,84,208,-124
209000040,327,700,-373
209000041,190,541,-351
209000042,278,514,-236
209000043,895,1114,-219
209000044,246,944,-698
209000045,1800,902,898
209000046,575,1392,-817
209000047,619,354,265
209000048,620,431,189
209000049,123,177,-54
209000050,266,250,16
209000051,465,605,-140
209000052,189,556,-367
209000062,52,161,-109
209000063,83,106,-23
209000064,54,152,-98
209000065,82,47,35
209000066,72,36,36
209000067,90,49,41
209000080,41,321,-280
209000082,107,43,64
209000091,53,165,-112
209000093,87,33,54
209000094,264,263,1
209000110,28,122,-94
209000111,588,1728,-1140
209000112,1066,1405,-339
209000113,1788,1134,654
209000114,778,590,188
209000115,101,239,-138
209000116,1011,737,274
209000118,42,60,-18
209000119,42,11,31
209000121,137,654,-517
209000135,90,180,-90
209000142,841,1524,-683
209000143,105,124,-19
209000144,130,145,-15
209000229,352,388,-36
209000240,27,409,-382
209000259,113,191,-78
209000260,61,1281,-1220
209000261,8,684,-676
209000262,1,568,-567
209000263,1,214,-213
209000264,0,111,-111
209000265,1103,5,1098
209000266,655,1,654
209000267,1210,23,1187
209000268,869,82,787
210000037,113,21,92
210000047,80,21,59
210000048,95,35,60
210000049,84,13,71
210000052,37,97,-60
210000053,46,58,-12
210000054,72,78,-6
210000070,171,5,166
210000071,168,0,168
210000072,81,0,81
210000073,0,43,-43
210000074,0,156,-156
210000075,14,115,-101
210000076,20,155,-135
210000077,14,41,-27
210000078,29,25,4
210000079,61,16,45
210000080,143,60,83
210000081,277,31,246
210000082,156,7,149
210000083,144,3,141
210000084,48,0,48
210000085,4,126,-122
210000086,1,173,-172
210000099,60,268,-208
210000100,52,225,-173
210000101,115,231,-116
210000105,64,196,-132
210000159,1,165,-164
210000163,204,229,-25
210000164,319,158,161
210000168,177,60,117
210000187,0,19,-19
210000188,1,30,-29
210000214,65,1,64
210000219,22,70,-48
210000220,77,73,4
210000232,4,22,-18
210000233,49,68,-19
210000234,33,130,-97
210000235,57,115,-58
210000245,0,35,-35
210000246,56,16,40
210000258,16,119,-103
210000259,626,67,559
210000282,181,290,-109
210000285,3,111,-108
210000286,17,209,-192
210000290,2,15,-13
210000295,53,121,-68
210000296,24,49,-25
210000320,209,127,82
210000321,169,91,78
210000338,86,79,7
210000339,504,1052,-548
210000340,150,324,-174
210000341,236,235,1
210000342,263,235,28
210000343,209,201,8
210000344,183,117,66
210000345,188,235,-47
210000346,63,118,-55
210000347,114,33,81
210000348,157,24,133
210000349,100,23,77
210000350,118,98,20
210000351,156,105,51
210000352,54,91,-37
210000353,43,102,-59
210000354,109,98,11
210000355,51,93,-42
210000356,48,76,-28
210000357,126,57,69
210000358,317,138,179
210000359,106,105,1
210000360,167,121,46
210000361,211,214,-3
210000362,296,275,21
210000363,941,242,699
210000364,223,178,45
210000365,147,95,52
210000366,135,79,56
210000367,144,45,99
210000368,235,55,180
210000369,33,22,11
210000370,65,44,21
210000372,46,30,16
210000373,56,15,41
210000374,47,19,28
210000375,35,65,-30
210000376,123,174,-51
210000404,81,142,-61
210000439,23,58,-35
210000472,136,2,134
210000482,96,87,9
210000564,663,420,243
210000567,1,34,-33
210000568,363,4,359
211000092,99,98,1
211000094,11,22,-11
211000169,503,31,472
211000172,20,305,-285
211000209,1,24,-23
211000226,19,50,-31
211000270,29,22,7
211000275,35,29,6
211000276,125,55,70
211000279,44,44,0
211000281,47,81,-34
211507980,4,58,-54
211977296,77,7,70
212000003,136,54,82
212000004,55,24,31
212000005,11,26,-15
212000006,53,83,-30
212000008,180,231,-51
212000009,39,177,-138
212000012,68,81,-13
212000013,24,77,-53
212000014,240,199,41
212000015,246,354,-108
212000016,546,623,-77
212000027,557,677,-120
212000028,364,553,-189
212000029,267,394,-127
212000030,77,50,27
212000031,83,65,18
212000048,43,180,-137
212000049,17,125,-108
212000050,21,8,13
212000051,197,273,-76
212000052,176,405,-229
212000053,440,862,-422
212000054,299,178,121
212000055,313,328,-15
212000056,15,58,-43
212000057,13,40,-27
212000058,383,41,342
212000070,120,355,-235
212000077,164,905,-741
212000099,299,293,6
212000108,224,207,17
212000111,235,180,55
212000120,105,86,19
212000138,145,37,108
212000156,7,203,-196
212000158,14,16,-2
212000159,492,64,428
212000160,606,294,312
212000161,66,14,52
212000310,55,20,35
212000311,14,90,-76
212000374,57,21,36
213000001,55,654,-599
213000005,569,208,361
213000006,1285,450,835
213000007,259,24,235
213000009,929,559,370
213000010,237,338,-101
213000011,324,157,167
213000012,193,439,-246
213000014,85,20,65
213000015,302,7,295
213000016,1166,8,1158
213000017,63,0,63
213000018,2,234,-232
213000019,2,223,-221
213000020,128,474,-346
213000021,7,133,-126
213000023,339,212,127
213000033,391,2034,-1643
213000034,967,407,560
213000035,152,365,-213
213000045,182,345,-163
213000046,302,255,47
213000047,782,1407,-625
213000056,238,52,186
213000069,122,4,118
213000073,3,41,-38
213000074,96,477,-381
213000075,538,14,524
213000076,81,2,79
213000085,5,45,-40
213000086,22,233,-211
213000091,232,23,209
213000092,85,14,71
213000099,236,1337,-1101
213000100,1500,301,1199
213000101,385,187,198
213000102,527,425,102
213000103,1076,1059,17
213000104,80,512,-432
213000105,6,156,-150
213000106,192,158,34
213000107,202,746,-544
213000108,51,649,-598
213000109,14,354,-340
213000110,19,145,-126
213000111,12,77,-65
213000112,181,147,34
213000115,64,5,59
213000116,83,607,-524
213000117,11,906,-895
213000118,504,370,134
213000119,68,852,-784
213000120,151,703,-552
213000122,238,797,-559
213000123,508,1664,-1156
213000124,124,1850,-1726
213000125,137,19,118
213000126,127,191,-64
213000127,210,288,-78
213000128,795,1167,-372
213000129,495,624,-129
213000130,709,333,376
213000132,330,146,184
213000133,561,143,418
213000134,768,22,746
213000136,598,42,556
213000137,680,110,570
213000139,684,38,646
213000147,136,6,130
213000148,34,8,26
213000149,50,9,41
213000150,1,114,-113
213000151,1,126,-125
213000152,3,120,-117
213000153,3,87,-84
213000154,38,348,-310
213000155,68,434,-366
213000156,135,803,-668
213000157,772,558,214
213000158,411,1161,-750
213000159,626,814,-188
213000163,916,158,758
213000165,877,318,559
213000171,1,126,-125
213000172,4,475,-471
213000173,2,332,-330
213000174,4,221,-217
213000175,12,145,-133
213000176,36,35,1
213000177,65,5,60
213000178,158,9,149
213000179,178,4,174
213000180,195,1,194
213000184,170,536,-366
213000188,435,124,311
213000189,322,51,271
213000190,1002,1110,-108
213000191,350,530,-180
213000192,290,552,-262
213000193,1137,314,823
213000194,3,92,-89
213000195,18,598,-580
213000196,358,1559,-1201
213000197,487,844,-357
213000198,108,4,104
213000200,175,1252,-1077
213000201,107,41,66
213000202,12,682,-670
213000203,4149,870,3279
213000204,844,117,727
213000205,489,121,368
213000206,939,83,856
213000207,191,15,176
213000208,175,0,175
213000209,210,3,207
213000210,652,6,646
213000211,13,24,-11
213000212,32,34,-2
213000213,20,58,-38
213000218,282,890,-608
213000219,557,20,537
213000220,502,16,486
213000223,257,341,-84
213000224,47,63,-16
213000225,76,16,60
213000226,80,18,62
213000227,1257,275,982
213000228,932,102,830
213000229,565,35,530
213000230,499,25,474
213000232,119,858,-739
213000233,19,202,-183
213000234,6,56,-50
213000293,11,92,-81
213000294,234,22,212
213000295,17,136,-119
213000296,78,30,48
213000297,6,114,-108
213000298,40,131,-91
213000299,137,63,74
213000300,12,2,10
213000303,6,35,-29
213000304,1,7,-6
213000305,11,7,4
213000306,80,27,53
213000307,244,108,136
213000308,237,277,-40
213000309,218,104,114
213000310,591,161,430
213000311,311,861,-550
213000315,64,145,-81
213000316,155,101,54
213000322,164,163,1
213000323,66,102,-36
213000324,60,45,15
213000325,30,109,-79
213000326,19,26,-7
213000327,19,75,-56
213000328,24,197,-173
213000329,101,63,38
213000340,262,819,-557
213000341,621,174,447
213000346,241,243,-2
213000347,940,487,453
213000348,6,201,-195
213000349,32,11,21
213000350,331,1446,-1115
213000366,79,458,-379
213000367,233,35,198
213000379,134,111,23
213000386,15,308,-293
213000406,97,540,-443
213000417,1399,548,851
213000425,135,61,74
213000426,166,81,85
213000427,70,339,-269
213000428,48,303,-255
213000429,45,2,43
213000430,107,1047,-940
213000431,181,0,181
213000432,4,27,-23
213000433,26,161,-135
213000434,73,190,-117
213000435,76,113,-37
213000436,27,82,-55
213000437,0,19,-19
213000438,148,99,49
213000439,55,13,42
213000440,11,334,-323
213000441,3,2,1
213000442,1,58,-57
213000443,528,442,86
213000444,44,42,2
213000445,0,82,-82
213000446,1,27,-26
213000447,0,43,-43
213000448,9,134,-125
213000449,329,11,318
213000450,17,76,-59
213000451,305,179,126
213000452,65,21,44
213000453,45,405,-360
213000455,497,4,493
213000456,4,283,-279
213000481,62,7,55
213000482,30,3,27
213000489,467,108,359
213000491,3,135,-132
213000492,390,4,386
213000493,0,94,-94
213000494,231,188,43
213000495,1,125,-124
213000496,453,200,253
213000497,104,292,-188
213000498,127,275,-148
213000499,223,683,-460
213000500,496,116,380
213000501,83,34,49
213000502,314,186,128
213000503,2,95,-93
213000504,11,141,-130
213000505,4,3,1
213000506,0,8,-8
213000507,1,99,-98
213900016,0,6,-6
213900244,35,0,35
213900245,0,40,-40
218000003,46,35,11
218000004,63,43,20
218000005,387,67,320
218000006,65,27,38
218000007,25,20,5
218000012,376,238,138
218000013,133,193,-60
218000014,506,512,-6
218000019,988,782,206
218000020,284,572,-288
218000021,30,96,-66
218000022,15,32,-17
218000023,6,40,-34
218000024,6,17,-11
218000025,5,21,-16
218000026,6,30,-24
218000027,2,13,-11
218000028,8,7,1
218000029,8,16,-8
218000030,20,51,-31
218000031,9,39,-30
218000032,11,43,-32
218000040,11,8,3
218000046,82,108,-26
218000047,25,188,-163
218000048,111,143,-32
218000049,150,118,32
218000050,399,298,101
218000051,83,239,-156
218000052,4,104,-100
218000053,1,15,-14
218000054,15,49,-34
218000055,9,9,0
218000056,15,41,-26
218000057,2,45,-43
218000064,2,17,-15
218000065,79,81,-2
218000066,15,87,-72
218000067,62,134,-72
218000068,193,160,33
218000069,355,171,184
218000070,261,357,-96
218000071,206,222,-16
218000072,331,266,65
218000078,882,1358,-476
218000079,140,143,-3
218000080,154,136,18
218000081,412,347,65
218000082,81,154,-73
218000083,49,62,-13
218000084,159,184,-25
218000085,199,585,-386
218000086,120,260,-140
218000087,208,279,-71
218000090,27,157,-130
218000091,1116,648,468
218000092,93,229,-136
218000093,79,111,-32
218000094,578,856,-278
218000099,402,797,-395
218000100,311,395,-84
218000101,404,177,227
218000102,408,312,96
218000103,141,208,-67
218000104,101,53,48
218000105,28,24,4
218000106,22,20,2
218000107,71,114,-43
218000108,2,46,-44
218000112,98,43,55
218000117,99,80,19
218000134,628,1038,-410
218000135,68,160,-92
218000136,297,117,180
218000137,313,153,160
218000138,25,131,-106
218000139,285,409,-124
218000140,609,359,250
218000141,141,89,52
218000142,365,218,147
218000143,139,307,-168
218000144,98,107,-9
218000145,433,439,-6
218000146,90,216,-126
218000151,10,49,-39
218000152,181,76,105
218000153,8,4,4
218000154,19,0,19
218000155,32,3,29
218000156,68,17,51
218000157,29,13,16
218000158,12,6,6
218000159,2,12,-10
218000160,3,14,-11
218000161,22,9,13
218000162,36,13,23
218000163,28,2,26
218000164,64,4,60
218000165,44,22,22
218000170,11,53,-42
218000171,61,13,48
218000172,21,26,-5
218000173,101,25,76
218000174,61,18,43
218000176,246,54,192
218000177,366,365,1
218000178,116,357,-241
218000179,84,124,-40
218000180,82,57,25
218000181,157,76,81
218000187,11,34,-23
218000188,35,46,-11
218000189,21,90,-69
218000190,22,26,-4
218000191,144,82,62
218000192,195,365,-170
218000193,440,502,-62
218000194,131,571,-440
218000195,148,89,59
218000196,398,347,51
218000197,380,394,-14
218000198,41,122,-81
218000199,36,37,-1
218000200,73,43,30
218000201,8,14,-6
218000202,117,299,-182
218000207,7,68,-61
218000208,53,73,-20
218000211,114,14,100
218000212,1,15,-14
218000213,117,96,21
218000214,4,34,-30
218000215,97,79,18
218000217,3,88,-85
218000218,271,99,172
218000219,31,18,13
218000220,107,394,-287
218000221,849,237,612
218000222,62,45,17
218000223,45,436,-391
218000224,11,179,-168
218000225,195,44,151
218000226,156,76,80
218000230,0,10,-10
218000232,141,83,58
218000239,289,17,272
218000240,32,2,30
218000241,42,1,41
218000242,130,3,127
218000243,279,0,279
218000244,60,5,55
218000245,972,5,967
218000246,17,1,16
218000247,14,0,14
218000248,0,18,-18
218000249,0,3,-3
218000250,5,22,-17
218000251,9,27,-18
218000252,5,34,-29
218000253,4,31,-27
218000254,9,12,-3
218000255,2,21,-19
218000256,21,60,-39
218000267,847,1261,-414
218000268,11,62,-51
218000269,4,10,-6
218000270,95,71,24
218000271,22,75,-53
218000273,27,8,19
218000274,12,5,7
218000275,27,59,-32
218000276,14,70,-56
218000278,29,37,-8
218000279,77,96,-19
218000280,37,55,-18
218000281,22,24,-2
218000282,595,517,78
218000284,112,6,106
218000301,129,136,-7
218000302,170,79,91
218000303,71,54,17
218000316,870,1487,-617
218000317,1334,1467,-133
218000318,713,1138,-425
218000319,1234,1575,-341
218000320,864,883,-19
218000338,98,29,69
218000345,204,96,108
218000346,43,228,-185
218000459,57,299,-242
218000490,75,41,34
218000501,159,133,26
218000502,46,124,-78
218000503,94,53,41
218000504,164,33,131
218000505,60,200,-140
218000506,49,344,-295
218000508,23,6,17
218000510,153,26,127
218000520,139,128,11
218000521,20,76,-56
218000522,1,205,-204
218000523,114,5,109
218000524,37,157,-120
218000525,206,28,178
218000526,45,132,-87
218000529,59,254,-195
218000530,11,4,7
218000531,14,44,-30
218000532,68,29,39
218000534,137,20,117
218000537,30,61,-31
218000538,444,296,148
218000540,931,108,823
218000543,167,75,92
218000544,64,149,-85
218000545,59,91,-32
218000546,38,91,-53
218000547,140,168,-28
218000548,183,148,35
218000549,597,465,132
218000550,247,428,-181
218000551,191,960,-769
218000552,585,65,520
218000553,44,110,-66
218000554,49,54,-5
218000555,65,28,37
218000556,241,369,-128
218000557,285,197,88
218000558,123,0,123
218000559,0,31,-31
218000560,0,41,-41
218000561,45,0,45
218000562,32,237,-205
218000563,237,27,210
218000564,13,155,-142
218000565,220,41,179
218000566,424,28,396
218000567,5,90,-85
218000568,29,2,27
218000569,20,143,-123
218000570,131,12,119
218000571,20,213,-193
218000572,165,2,163
218000573,15,98,-83
218000574,118,54,64
218000575,121,2,119
218000576,3,90,-87
218000577,144,3,141
218000578,2,113,-111
218000579,204,20,184
218000581,18,106,-88
218000582,82,9,73
218000583,31,0,31
218000584,0,26,-26
218000585,33,9,24
218000586,16,62,-46
218000587,8,3,5
218000588,6,3,3
218000589,1,4,-3
218000590,19,0,19
218000591,15,2,13
218000592,46,0,46
218000593,69,0,69
218000594,0,0,0
218000595,0,0,0
218000596,0,0,0
218000597,0,0,0
218000598,0,0,0
218000599,0,2,-2
218000600,100,1,99
218000601,0,2,-2
218000602,6,18,-12
218000603,0,9,-9
218000604,43,0,43
218000605,0,232,-232
218000606,310,2,308
218000607,18,49,-31
218000608,47,29,18
218000609,9,67,-58
218000610,60,7,53
218000611,39,3,36
218000612,3,39,-36
218000613,29,0,29
218000614,1,78,-77
218000615,224,6,218
218000616,7,236,-229
218000617,40,2,38
218000618,1,28,-27
218000619,103,60,43
218000620,23,34,-11
218000621,0,6,-6
218000622,0,60,-60
218000623,401,3,398
218000624,32,59,-27
218000625,36,3,33
218000626,1,7,-6
218000628,171,52,119
218000631,47,16,31
218000632,1,134,-133
218000633,153,2,151
218000634,19,30,-11
218000635,21,5,16
218000636,1136,2019,-883
218000637,1085,744,341
218000638,171,47,124
218000639,14,262,-248
218000640,369,29,340
218000641,110,403,-293
218000652,81,123,-42
218000653,162,76,86
218000663,4,166,-162
218000675,78,76,2
218000676,3,34,-31
218000677,6,7,-1
218000680,374,569,-195
218000681,373,181,192
218000691,213,282,-69
218000693,276,174,102
218000703,16,48,-32
218000718,996,1206,-210
218000719,1791,644,1147
218000720,38,118,-80
218000721,378,5,373
218000725,11,5,6
218001147,0,74,-74
218001214,39,48,-9
218001258,200,8,192
218001329,156,157,-1
218001330,131,102,29
218001351,42,20,22
218001352,13,13,0
218001353,27,24,3
218001354,6,23,-17
218001355,9,243,-234
218001356,407,16,391
218001357,8,126,-118
218001358,368,8,360
218001361,229,33,196
218001362,0,98,-98
219000001,75,36,39
219000002,42,47,-5
219000003,57,32,25
219000004,25,57,-32
219000017,117,22,95
219000020,286,391,-105
219000022,138,42,96
219000023,978,14,964
219000029,0,109,-109
219000034,46,23,23
219000039,93,115,-22
219000040,96,46,50
219000041,127,34,93
219000051,0,45,-45
219000052,0,32,-32
219000053,0,171,-171
219000054,56,108,-52
219000055,134,2,132
219000056,31,1,30
219000057,92,7,85
219000062,20,120,-100
219000063,65,11,54
219000064,2,135,-133
219000110,676,49,627
219000111,190,52,138
219000112,285,81,204
219000113,184,276,-92
219000114,306,866,-560
219000116,102,90,12
219000117,208,82,126
219000118,1097,67,1030
219000123,307,117,190
219000124,236,80,156
219000125,10,12,-2
219000126,170,126,44
219000127,0,11,-11
219000128,15,150,-135
219000129,17,135,-118
219000130,493,600,-107
219000131,850,942,-92
219000133,141,49,92
219000134,19,15,4
219000135,42,75,-33
219000136,127,206,-79
219000138,114,18,96
219000139,49,58,-9
219000140,49,9,40
219000141,20,127,-107
219000142,18,122,-104
219000143,23,113,-90
219000145,35,67,-32
219000146,4,23,-19
219000147,4,55,-51
219000148,5,53,-48
219000149,22,122,-100
219000150,2,110,-108
219000151,0,58,-58
219000157,348,218,130
219000158,344,311,33
219000161,177,10,167
219000163,1891,672,1219
219000166,291,245,46
219000167,246,285,-39
219000168,322,236,86
219000174,435,162,273
219000175,69,3,66
219000176,125,24,101
219000177,76,7,69
219000178,68,4,64
219000179,20,11,9
219000180,35,26,9
219000182,144,18,126
219000183,121,64,57
219000184,94,13,81
219000185,1,70,-69
219000186,46,60,-14
219000187,50,124,-74
219000189,160,218,-58
219000190,190,296,-106
219000191,1246,1424,-178
219000192,252,149,103
219000193,353,216,137
219000195,0,83,-83
219000196,12,125,-113
219000198,24,145,-121
219000199,76,312,-236
219000200,65,390,-325
219000201,82,374,-292
219000203,88,146,-58
219000204,465,250,215
219000205,234,185,49
219000207,187,332,-145
219000209,37,96,-59
219000210,45,133,-88
219000213,18,222,-204
219000239,265,333,-68
219000240,360,429,-69
219000241,158,215,-57
219000242,77,159,-82
219000243,120,311,-191
219000244,19,89,-70
219000245,33,63,-30
219000246,32,19,13
219000247,205,37,168
219000248,822,351,471
219000249,130,119,11
219000250,119,140,-21
219000251,611,295,316
219000252,241,215,26
219000253,574,113,461
219000255,188,107,81
219000256,429,119,310
219000257,131,0,131
219000262,347,168,179
219000263,55,188,-133
219000267,3,131,-128
219000268,2,12,-10
219000269,12,4,8
219000270,3,0,3
219000271,119,4,115
219000278,7,10,-3
219000279,26,4,22
219000283,0,23,-23
219000295,26,145,-119
219000296,80,608,-528
219000297,12,183,-171
219000298,23,166,-143
219000299,450,115,335
219000300,49,239,-190
219000301,284,479,-195
219000302,41,302,-261
219000307,87,55,32
219000308,35,136,-101
219000311,253,74,179
219000312,674,133,541
219000313,485,63,422
219000314,50,509,-459
219000315,235,42,193
219000316,543,78,465
219000317,85,12,73
219000320,0,90,-90
219000321,0,22,-22
219000323,10,88,-78
219000325,3,20,-17
219000326,64,83,-19
219000327,55,37,18
219000328,27,69,-42
219000329,446,169,277
219000330,70,35,35
219000331,65,47,18
219000332,151,136,15
219000333,31,12,19
219000335,98,3,95
219000337,23,1,22
219000338,125,3,122
219000344,104,96,8
219000345,50,100,-50
219000346,37,141,-104
219000348,110,149,-39
219000349,31,239,-208
219000350,135,210,-75
219000351,8,8,0
219000352,431,132,299
219000353,115,63,52
219000354,223,133,90
219000355,218,96,122
219000356,1666,1576,90
219000363,387,55,332
219000364,112,34,78
219000365,132,17,115
219000366,448,351,97
219000368,491,716,-225
219000370,1497,544,953
219000371,12,25,-13
219000382,25,27,-2
219000383,774,1191,-417
219000385,706,564,142
219000386,831,1817,-986
219000387,5,12,-7
219000390,34,1,33
219000391,1,0,1
219000397,75,84,-9
219000398,94,98,-4
219000401,12,139,-127
219000402,91,190,-99
219000403,198,395,-197
219000404,43,187,-144
219000407,13,49,-36
219000409,48,68,-20
219000410,197,49,148
219000411,73,19,54
219000446,270,546,-276
219000447,2,22,-20
219000448,71,11,60
219000452,197,82,115
219000453,54,186,-132
219000454,375,346,29
219000556,269,151,118
219000558,380,250,130
219000590,49,254,-205
219000591,87,84,3
219000592,134,390,-256
219000595,6,43,-37
219000635,193,70,123
219000636,25,82,-57
219000657,21,47,-26
219000658,54,113,-59
219000673,1,55,-54
219000676,149,5,144
219000679,58,13,45
219000684,104,7,97
219000685,4,96,-92
219000686,3,4,-1
219000688,0,100,-100
219000689,31,280,-249
219000690,196,15,181
219000691,64,228,-164
219000692,181,43,138
219000693,2,31,-29
219000694,13,0,13
219000695,48,19,29
219000698,33,1,32
219000699,0,19,-19
219000727,2,143,-141
219000728,292,2,290
219000770,59,1,58
219000771,1,47,-46
219000788,823,190,633
219001150,7,22,-15
219001151,0,3,-3
219001166,38,15,23
219001167,0,117,-117
219001178,127,21,106
220000001,119,80,39
220000002,28,163,-135
220000003,1057,354,703
220000004,1263,707,556
220000005,2067,2342,-275
220000006,601,1174,-573
220000007,503,772,-269
220000008,495,1257,-762
220000009,414,583,-169
220000010,381,214,167
220000011,747,3802,-3055
220000012,134,510,-376
220000014,164,64,100
220000015,94,191,-97
220000017,56,427,-371
220000018,5892,2633,3259
220000019,151,333,-182
220000020,668,366,302
220000021,826,294,532
220000022,841,608,233
220000023,469,221,248
220000024,2077,398,1679
220000025,1226,1042,184
220000026,371,344,27
220000027,64,102,-38
220000028,61,46,15
220000029,92,263,-171
220000030,167,99,68
220000031,493,410,83
220000064,16,1188,-1172
221000046,7,0,7
221000047,0,4,-4
221000048,0,3,-3
221000049,1,6,-5
221000050,69,1,68
221000055,46,53,-7
221000057,91,11,80
221000068,303,125,178
221000069,330,71,259
221000070,207,30,177
221000071,65,7,58
221000072,239,21,218
221000073,299,44,255
221000074,1,20,-19
221000075,18,21,-3
221000076,15,42,-27
221000077,24,116,-92
221000081,26,15,11
221000082,67,20,47
221000083,26,9,17
221000084,6,5,1
221000085,101,93,8
221000086,10,108,-98
221000087,8,184,-176
221000088,15,186,-171
221000089,23,340,-317
221000090,121,619,-498
221000098,92,10,82
221000099,170,14,156
221000100,72,8,64
221000101,178,24,154
221000102,118,26,92
221000109,3,101,-98
221000110,12,116,-104
221000111,15,224,-209
221000112,5,176,-171
221000113,15,201,-186
221000114,14,161,-147
221000120,53,31,22
221000121,8,24,-16
221000122,66,31,35
221000123,12,13,-1
221000124,49,355,-306
221000155,87,9,78
221000156,80,36,44
221000175,10,13,-3
221000176,0,3,-3
221000182,56,18,38
221000241,683,265,418
221000242,193,567,-374
221000243,630,173,457
221000244,335,612,-277
221000245,247,115,132
221000246,70,298,-228
221000247,96,123,-27
221000248,98,182,-84
221000267,73,813,-740
221000325,207,39,168
221000331,4,168,-164
221000338,20,27,-7
221000378,143,25,118
221000381,29,60,-31
222000282,12,0,12
222000296,2,26,-24
222000568,257,21,236
222000569,205,48,157
222000570,173,12,161
222000571,206,46,160
222000577,9,195,-186
222000578,46,235,-189
222000579,33,183,-150
222000580,91,1271,-1180
222000599,1,200,-199
222000600,2,559,-557
222000601,9,1631,-1622
222000603,52,49,3
222000604,9,68,-59
222000605,22,29,-7
222000606,4,16,-12
222000607,8,7,1
222000608,37,23,14
222000609,112,337,-225
222000616,336,57,279
222000617,10,32,-22
222000618,8,4,4
222000620,46,19,27
222000621,112,11,101
222000623,544,4,540
222000624,393,1,392
222000625,689,30,659
222000636,59,0,59
222000686,47,24,23
222000687,67,48,19
222001066,408,4,404
222001067,15,4,11
222001068,48,33,15
222001069,33,67,-34
222001082,8,50,-42
222001083,30,88,-58
222001084,0,54,-54
222001085,0,197,-197
222001111,47,200,-153
222001112,115,52,63
222001313,59,2,57
222001314,9,173,-164
222001464,51,58,-7
222001465,25,103,-78
222001484,110,76,34
222001485,18,67,-49
222001494,417,174,243
222001495,201,388,-187
222001496,291,106,185
222001497,225,635,-410
222001502,21,154,-133
222001503,215,85,130
222001504,27,359,-332
222001505,441,28,413
222001506,53,424,-371
222001507,370,23,347
222001510,367,38,329
222001511,56,490,-434
222001514,619,269,350
222001515,313,818,-505
222001518,276,105,171
222001519,54,370,-316
222001527,222,98,124
222001528,84,224,-140
222001529,432,74,358
222001530,60,301,-241
222001533,282,389,-107
222001534,393,133,260
222001535,259,294,-35
222001536,259,353,-94
222001537,354,62,292
222001538,98,685,-587
222001563,607,76,531
222001564,78,703,-625
222001568,417,137,280
222001576,4,4,0
222001579,1,7,-6
222001583,28,184,-156
222001584,96,4,92
222001596,1482,1563,-81
222001597,4093,353,3740
222001626,0,308,-308
222001650,256,97,159
222001651,76,118,-42
222001914,237,119,118
222001915,100,329,-229
222001968,507,329,178
222001969,639,1012,-373
222001970,177,271,-94
222001971,18,29,-11
222001972,2,43,-41
225000001,605,251,354
225000002,1197,226,971
225000003,966,127,839
225000004,394,281,113
225000005,154,73,81
225000006,0,261,-261
225000007,2402,1727,675
225000010,344,8,336
225000011,495,881,-386
225000012,175,530,-355
225000013,79,136,-57
225000014,993,107,886
225000015,100,178,-78
225000021,791,233,558
225000027,258,692,-434
225000032,694,196,498
225000042,78,738,-660
225000049,61,70,-9
225000050,84,19,65
225000053,6,375,-369
225000058,632,209,423
225000067,360,176,184
225000068,143,388,-245
225000069,210,490,-280
225000070,92,514,-422
225000071,37,267,-230
225000075,31,1014,-983
225000076,90,168,-78
225000078,91,70,21
225000085,83,133,-50
225000086,276,81,195
225000087,255,31,224
225000088,15,214,-199
225000089,387,1174,-787
225000090,88,533,-445
225000091,213,237,-24
225000092,148,87,61
225000093,506,322,184
225000094,40,324,-284
225000095,281,509,-228
225000096,391,633,-242
225000098,716,436,280
225000099,384,229,155
225000100,382,228,154
225000104,138,503,-365
225000110,15,471,-456
225000111,304,1351,-1047
225000112,376,1339,-963
225000113,257,640,-383
225000114,74,289,-215
225000115,1878,757,1121
225000116,1088,217,871
225000117,771,280,491
225000118,962,271,691
225000119,232,74,158
225000120,1129,52,1077
225000121,332,28,304
225000123,571,32,539
225000125,427,227,200
225000126,925,179,746
225000127,824,1410,-586
225000128,437,836,-399
225000132,278,49,229
225000133,332,57,275
225000134,625,188,437
225000135,71,24,47
225000136,259,20,239
225000137,297,61,236
225000138,381,91,290
225000143,117,583,-466
225000144,1,596,-595
225000145,247,84,163
225000146,96,115,-19
225000147,35,407,-372
225000148,5,278,-273
225000149,89,598,-509
225000151,37,278,-241
225000155,383,601,-218
225000156,252,1057,-805
225000157,272,420,-148
225000158,74,372,-298
225000171,1,218,-217
225000180,39,3,36
225000181,0,50,-50
225000182,120,26,94
225000185,7,367,-360
225000187,145,365,-220
225000191,125,4,121
225000194,0,8,-8
225000208,1,61,-60
225000209,89,27,62
225000210,17,305,-288
225000217,0,24,-24
225000218,39,6,33
225000223,9,37,-28
225000224,186,2,184
225000225,1,20,-19
225000226,44,2,42
225000227,51,120,-69
225000228,18,19,-1
225000229,0,95,-95
225000230,211,1,210
225000231,0,100,-100
225000232,265,2,263
225000241,76,0,76
225000242,1,54,-53
225000249,16,0,16
225000250,53,1010,-957
225000251,377,48,329
225000254,7,4,3
225000256,6,80,-74
225000257,2,110,-108
226000042,431,534,-103
226000043,75,297,-222
226000044,124,626,-502
226000045,87,503,-416
226000046,313,71,242
226000047,370,81,289
226000048,417,106,311
226000049,264,168,96
226000070,0,58,-58
226000071,0,64,-64
226000072,0,12,-12
226000073,0,14,-14
226000074,1,8,-7
226000084,3,80,-77
226000085,1,11,-10
226000086,6,15,-9
226000087,21,19,2
226000088,61,49,12
226000090,275,72,203
226000091,27,44,-17
226000092,21,15,6
226000093,42,3,39
226000094,22,5,17
226000095,38,16,22
226000105,26,1,25
226000106,8,0,8
226000107,10,0,10
226000108,31,0,31
226000109,101,3,98
226000124,122,74,48
226000134,674,507,167
226000135,1626,602,1024
226000136,1810,408,1402
226000137,14,425,-411
226000138,9,227,-218
226000139,3,37,-34
226000156,127,8,119
226000157,333,9,324
226000163,84,128,-44
226000202,19,420,-401
226000231,335,24,311
226000232,41,7,34
227000033,263,67,196
227000036,333,48,285
227000037,317,34,283
227000038,220,29,191
227000084,2,140,-138
227000085,0,75,-75
227000088,45,6,39
227000089,137,4,133
227000090,41,2,39
227000091,13,2,11
227000092,43,0,43
227000093,144,0,144
227000094,18,0,18
227000130,27,75,-48
227000131,93,313,-220
227000132,17,258,-241
227000133,32,275,-243
227000134,22,447,-425
227000152,0,5,-5
227000153,1,54,-53
227000154,0,39,-39
227000155,1,16,-15
227000156,0,19,-19
227000165,5,33,-28
227000196,407,306,101
227000199,349,719,-370
227000230,46,604,-558
227000232,710,31,679
227000242,60,663,-603
227000243,442,64,378
227000245,8,430,-422
227000246,124,764,-640
227000247,327,77,250
227000248,264,36,228
227000249,34,249,-215
227000250,604,147,457
227000251,227,261,-34
227000252,54,489,-435
227000253,138,31,107
227000262,336,32,304
227000266,1324,23,1301
227000267,59,1933,-1874
227000282,12,264,-252
227000284,542,22,520
227000286,5,131,-126
227000287,10,184,-174
227000291,20,673,-653
227000296,331,295,36
227000484,350,16,334
227000485,24,1029,-1005
227000655,158,19,139
227000656,754,59,695
227000657,144,17,127
227000661,351,18,333
227000680,220,62,158
229000265,29,42,-13
229000296,33,28,5
229000297,3,41,-38
229000298,1,146,-145
229000320,40,10,30
229000321,90,17,73
229000412,25,82,-57
229000414,4,53,-49
229000415,34,0,34
229000416,1,2,-1
229000417,3,48,-45
229000419,218,364,-146
229000440,496,66,430
229000442,23,4,19
229000443,4,4,0
229000444,2,27,-25
229000445,79,14,65
229000446,73,8,65
229000491,0,31,-31
229000492,16,119,-103
229000493,6,132,-126
229000494,45,2,43
229000495,107,7,100
229000496,57,6,51
229000507,0,80,-80
229000508,0,46,-46
229000509,0,75,-75
229000510,2,37,-35
229000511,2,48,-46
229000512,0,30,-30
229000513,0,8,-8
229000514,0,3,-3
229000517,2,12,-10
229000518,11,39,-28
229000519,0,12,-12
229000520,21,38,-17
229000521,58,15,43
229000522,7,4,3
229000523,30,7,23
229000524,4,7,-3
229000527,3,2,1
229000528,0,0,0
229000529,16,2,14
229000530,63,4,59
229000531,36,1,35
229000532,26,2,24
229000533,74,4,70
229000534,59,1,58
229000564,47,1,46
229000565,12,0,12
229000566,0,11,-11
229000567,0,44,-44
229000582,87,2,85
229000583,7,5,2
229000584,0,28,-28
229000585,0,68,-68
229000718,0,4,-4
229000719,0,0,0
229000720,0,6,-6
229000721,0,9,-9
229000722,0,23,-23
229000723,0,6,-6
229000724,0,0,0
229000725,0,1,-1
229000738,6,0,6
229000739,4,0,4
229000740,4,0,4
229000741,16,0,16
229000742,14,0,14
229000743,14,0,14
229000744,1,0,1
229000745,3,0,3
229000746,30,0,30
229000847,44,0,44
229000848,18,0,18
229000849,75,1,74
229000851,24,0,24
229000854,0,20,-20
229000856,1,103,-102
229000857,0,30,-30
229000858,0,57,-57
229000919,44,100,-56
229000930,5,347,-342
229000937,124,10,114
229000966,43,25,18
229000981,30,40,-10
229000985,3,49,-46
229000986,0,4,-4
229000987,0,0,0
229000988,0,7,-7
229000989,5,23,-18
229000990,22,4,18
229000991,0,5,-5
229000992,17,16,1
229000993,186,33,153
229000998,6,60,-54
229000999,70,16,54
229001034,0,23,-23
229001035,9,3,6
229001037,58,9,49
229001042,9,21,-12
229001047,0,55,-55
229001050,43,50,-7
229001168,0,13,-13
229001200,7,6,1
229001338,3,75,-72
229001394,159,1,158
229001422,125,38,87
229001423,62,223,-161
229001431,63,77,-14
229001432,56,89,-33
229001444,291,53,238
229001445,27,209,-182
229001479,5,0,5
229001503,125,100,25
229001504,141,229,-88
229001505,107,57,50
229001506,110,210,-100
229001509,60,28,32
229001545,86,6,80
229001546,38,140,-102
229001553,122,20,102
229001554,118,144,-26
229001559,3,9,-6
229001560,0,12,-12
229001630,93,16,77
229001631,17,51,-34
229001635,0,5,-5
229001636,21,1,20
229001658,6,176,-170
229001659,135,6,129
229001660,10,3,7
229001661,24,22,2
229001662,23,0,23
229001663,0,47,-47
229002584,249,178,71
229002831,233,211,22
229002841,4,24,-20
229002842,30,31,-1
229002843,106,14,92
229002844,51,53,-2
229002845,17,80,-63
229002846,20,29,-9
229002847,0,8,-8
229002848,10,35,-25
229002849,9,78,-69
229002850,27,1,26
229002851,34,103,-69
229002852,198,49,149
229002853,106,28,78
229002854,51,58,-7
229002855,4,10,-6
229002856,56,27,29
229002857,5,43,-38
229002858,16,23,-7
229002859,27,30,-3
229002860,232,18,214
229002861,395,38,357
229002862,134,60,74
229002863,14,16,-2
229002864,25,45,-20
229002865,17,14,3
229002866,10,24,-14
229002867,4,30,-26
229002868,22,28,-6
229002869,31,150,-119
229002870,62,16,46
235000066,532,66,466
235000067,168,79,89
235000072,22,94,-72
235000073,92,442,-350
235000074,44,82,-38
235000080,42,122,-80
235000081,138,166,-28
235000082,219,123,96
235000083,189,142,47
235000084,57,117,-60
235000085,155,120,35
235000089,110,39,71
235000092,54,208,-154
235000093,10,13,-3
235000097,0,11,-11
235000098,70,20,50
235000099,61,22,39
235000116,89,25,64
235000117,845,10,835
235000133,17,440,-423
235000134,5,164,-159
235000206,13,0,13
235000207,4,0,4
235000208,3,0,3
235000209,15,4,11
235000210,8,2,6
235000212,6,25,-19
235000213,1,10,-9
235000220,2,2,0
235000221,61,14,47
235000238,16,74,-58
235000239,2,19,-17
235000242,414,514,-100
235000245,654,265,389
235000246,11,90,-79
235000284,46,102,-56
235000295,262,13,249
235000305,353,24,329
235000306,160,11,149
235000307,30,4,26
235000308,16,1,15
235000309,94,2,92
235000310,61,0,61
235000311,198,46,152
235000322,0,63,-63
235000323,0,72,-72
235000324,0,20,-20
235000325,0,12,-12
235000326,13,340,-327
235000351,3,60,-57
235000352,32,70,-38
235000353,1,37,-36
235000354,9,57,-48
235000355,9,45,-36
235000356,1427,23,1404
235000357,242,23,219
235000358,149,9,140
235000359,14,7,7
235000360,98,21,77
235000361,52,26,26
235000381,75,328,-253
235000382,167,112,55
235000390,15,5,10
235000391,127,28,99
235000392,188,258,-70
235000393,129,173,-44
235000395,98,66,32
235000396,371,108,263
235000400,100,55,45
235000401,38,224,-186
235000405,82,328,-246
235000406,52,389,-337
235000407,203,126,77
235000409,367,204,163
235000410,24,319,-295
235000411,0,95,-95
235000485,0,17,-17
235000486,17,0,17
235000549,167,133,34
235000550,105,234,-129
235000599,155,67,88
235000600,14,7,7
235000601,12,24,-12
235000602,172,112,60
235000614,7,4,3
235000648,1,24,-23
235000649,41,4,37
235000685,0,8,-8
235000815,12,27,-15
235000834,1,12,-11
235000855,91,85,6
235000862,60,180,-120
235000891,0,5,-5
235000892,12,4,8
235000901,312,128,184
235000907,15,20,-5
235001010,97,107,-10
235001029,731,573,158
235001030,392,321,71
235001078,90,150,-60
235001079,66,141,-75
235001147,8,71,-63
235001166,21,97,-76
235001167,25,69,-44
235001169,41,338,-297
235001188,3,15,-12
235001189,4,1,3
235001197,18,24,-6
235001200,51,71,-20
235001207,194,38,156
235001210,26,117,-91
235001215,58,124,-66
235001239,2,51,-49
235001244,0,2,-2
235016267,1,58,-57
277101746,0,0,0
277102712,0,0,0
277103813,0,0,0
277103898,0,0,0
277104249,0,2,-2
277104250,0,6,-6
277104251,0,9,-9
277104252,0,0,0
990011530,1,211,-210
990014944,0,804,-804
990015176,92,47,45
990015618,1,310,-309
990016032,1,535,-534
990032570,10,182,-172
990070001,67,11,56
990070103,0,12,-12
990070601,0,59,-59
990070751,914,2,912
990070766,1,591,-590
990071180,651,189,462
990071343,38,2,36
990071387,1,27,-26
990071823,665,10,655
990072600,3,879,-876
990072964,2,632,-630
990073285,0,11,-11
990074393,1,1087,-1086
990074870,1463,78,1385
990075106,1734,14,1720
990075746,588,23,565
990076437,1220,37,1183
990076458,3,982,-979
997000007,771,7,764
997000041,0,341,-341
997000058,73,2,71
997000062,70,2,68
997000069,0,2,-2
997000070,0,26,-26
997000100,27,0,27
997000141,18,4027,-4009
997000198,8,1963,-1955
998000475,7,54,-47
998000736,0,266,-266
998000965,0,8,-8
998001031,0,96,-96
998001700,0,29,-29
998001899,0,0,0
998001900,102,56,46
998003073,3825,32,3793
998101900,0,0,0
998102850,9,246,-237
998501927,1166,552,614
998501929,166,10,156
998501930,52,0,52
998501931,78,2,76
998501932,13,9,4
998501933,64,4,60
998501937,14,2,12
998501944,15,0,15
998501950,0,0,0
998501970,426,198,228
998501971,0,99,-99
998501973,0,78,-78
998501974,3,229,-226
998501975,242,1,241
998501976,113,1,112
998501977,0,35,-35
998501978,54,0,54
998501979,1,22,-21
998501980,97,2,95
998501981,39,6,33
998501982,0,111,-111
998502006,0,0,0
998502024,0,4,-4
998502032,0,8,-8
998502062,20,1,19
998502063,0,0,0
998502173,41,0,41
998502269,0,6,-6
998601159,8,256,-248
998601292,0,33,-33
999033574,2,772,-770
999800001,54,18,36
999800002,0,5,-5
999800003,1,0,1
999800004,0,7,-7
999800005,0,10,-10
