dong,insum,outsum,diff
강남구 개포1동,1525,1237,288
강남구 개포2동,19766,15016,4750
강남구 개포4동,12078,7701,4377
강남구 논현1동,28864,28674,190
강남구 논현2동,18006,20279,-2273
강남구 대치1동,21687,26440,-4753
강남구 대치2동,31908,34728,-2820
강남구 대치4동,29874,28750,1124
강남구 도곡1동,21562,19170,2392
강남구 도곡2동,7225,7516,-291
강남구 삼성1동,33043,35911,-2868
강남구 삼성2동,17433,15769,1664
강남구 세곡동,28957,19925,9032
강남구 수서동,19735,20950,-1215
강남구 신사동,19466,23409,-3943
강남구 압구정동,33897,36234,-2337
강남구 역삼1동,69207,62402,6805
강남구 역삼2동,25401,23163,2238
강남구 일원1동,9806,9156,650
강남구 일원2동,4390,3024,1366
강남구 일원본동,17006,10731,6275
강남구 청담동,27869,25953,1916
강동구 강일동,16066,10928,5138
강동구 고덕제1동,7702,6584,1118
강동구 고덕제2동,8340,10745,-2405
강동구 길동,14713,11289,3424
강동구 둔촌제1동,283,261,22
강동구 둔촌제2동,9421,8587,834
강동구 명일제1동,16151,14874,1277
강동구 명일제2동,13037,9515,3522
강동구 상일동,12973,10683,2290
강동구 성내제1동,9099,6573,2526
강동구 성내제2동,7320,9959,-2639
강동구 성내제3동,11999,11075,924
강동구 암사제1동,11285,7701,3584
강동구 암사제2동,3157,5663,-2506
강동구 암사제3동,2427,996,1431
강동구 천호제1동,5650,5971,-321
강동구 천호제2동,15845,20868,-5023
강동구 천호제3동,8002,9369,-1367
강북구 미아동,19348,17515,1833
강북구 번1동,32232,33826,-1594
강북구 번2동,11461,10163,1298
강북구 번3동,22199,15027,7172
강북구 삼각산동,7203,5876,1327
강북구 삼양동,17898,13714,4184
강북구 송중동,50549,49055,1494
강북구 송천동,31589,32080,-491
강북구 수유1동,23865,17507,6358
강북구 수유2동,14923,10752,4171
강북구 수유3동,34105,45276,-11171
강북구 우이동,19247,15573,3674
강북구 월곡제1동,2393,2325,68
강북구 인수동,16810,13957,2853
강서구 가양제1동,16160,13408,2752
강서구 가양제2동,4277,3024,1253
강서구 가양제3동,3876,2819,1057
강서구 공항동,13185,13444,-259
강서구 등촌제1동,18210,20915,-2705
강서구 등촌제2동,10353,7454,2899
강서구 등촌제3동,20980,24547,-3567
강서구 발산제1동,28170,25040,3130
강서구 방화제1동,13028,13006,22
강서구 방화제2동,10172,11217,-1045
강서구 방화제3동,3034,2266,768
강서구 염창동,12905,10044,2861
강서구 우장산동,20857,18478,2379
강서구 화곡본동,11595,8868,2727
강서구 화곡제1동,31830,34161,-2331
강서구 화곡제2동,10180,6849,3331
강서구 화곡제3동,10569,11507,-938
강서구 화곡제4동,9743,7943,1800
강서구 화곡제6동,22865,16334,6531
강서구 화곡제8동,13895,13297,598
관악구 낙성대동,29086,46498,-17412
관악구 난곡동,20492,10963,9529
관악구 난향동,10476,6525,3951
관악구 남현동,12341,12342,-1
관악구 대학동,41038,34201,6837
관악구 미성동,27373,21288,6085
관악구 보라매동,19189,18386,803
관악구 삼성동,22961,21032,1929
관악구 서림동,26187,12098,14089
관악구 서원동,35274,49730,-14456
관악구 성현동,19253,14087,5166
관악구 신림동,35735,44411,-8676
관악구 신사동,12848,10903,1945
관악구 신원동,5484,5129,355
관악구 은천동,21985,21274,711
관악구 인헌동,10156,8899,1257
관악구 조원동,21251,36567,-15316
관악구 중앙동,7481,5241,2240
관악구 청룡동,29856,22435,7421
관악구 청림동,5965,4357,1608
관악구 행운동,34468,29592,4876
광진구 광장동,8319,6682,1637
광진구 구의제1동,12882,10357,2525
광진구 구의제2동,13290,12404,886
광진구 구의제3동,9363,12645,-3282
광진구 군자동,14533,13115,1418
광진구 능동,9190,9762,-572
광진구 자양제1동,4440,3665,775
광진구 자양제2동,19569,15136,4433
광진구 자양제3동,5941,5541,400
광진구 자양제4동,16166,17514,-1348
광진구 중곡제1동,6982,5377,1605
광진구 중곡제2동,10915,9854,1061
광진구 중곡제3동,9631,5650,3981
광진구 중곡제4동,7498,6152,1346
광진구 화양동,12375,16680,-4305
구로구 가리봉동,9305,10847,-1542
구로구 개봉제1동,32546,30952,1594
구로구 개봉제2동,18888,18196,692
구로구 개봉제3동,8815,6698,2117
구로구 고척제1동,22716,18436,4280
구로구 고척제2동,22601,14929,7672
구로구 구로제1동,10646,9078,1568
구로구 구로제2동,35494,33204,2290
구로구 구로제3동,32700,38254,-5554
구로구 구로제4동,23705,20088,3617
구로구 구로제5동,25692,29888,-4196
구로구 수궁동,26623,23404,3219
구로구 신도림동,25446,33572,-8126
구로구 오류제1동,14246,12295,1951
구로구 오류제2동,12457,12573,-116
구로구 항동,3208,1760,1448
금천구 가산동,33221,38351,-5130
금천구 독산제1동,34496,36736,-2240
금천구 독산제2동,17820,13793,4027
금천구 독산제3동,24572,18113,6459
금천구 독산제4동,14856,9875,4981
금천구 미성동,180,244,-64
금천구 시흥제1동,32573,37361,-4788
금천구 시흥제2동,14691,12205,2486
금천구 시흥제3동,9498,8153,1345
금천구 시흥제4동,12412,5505,6907
금천구 시흥제5동,24563,13874,10689
노원구 공릉1동,18573,18858,-285
노원구 공릉2동,24030,22100,1930
노원구 상계10동,8784,7273,1511
노원구 상계1동,15925,14000,1925
노원구 상계2동,15821,26099,-10278
노원구 상계3.4동,4470,3886,584
노원구 상계5동,12310,10926,1384
노원구 상계6.7동,23935,23703,232
노원구 상계8동,7657,4484,3173
노원구 상계9동,8552,6326,2226
노원구 월계1동,33159,31412,1747
노원구 월계2동,15142,10690,4452
노원구 월계3동,12729,13043,-314
노원구 중계1동,12464,12319,145
노원구 중계2.3동,17835,20238,-2403
노원구 중계4동,9396,10590,-1194
노원구 중계본동,15476,9458,6018
노원구 하계1동,22096,18371,3725
노원구 하계2동,11844,12801,-957
도봉구 도봉제1동,15904,10505,5399
도봉구 도봉제2동,11881,14405,-2524
도봉구 방학제1동,19688,17262,2426
도봉구 방학제2동,8365,7844,521
도봉구 방학제3동,16207,9203,7004
도봉구 쌍문제1동,14552,11436,3116
도봉구 쌍문제2동,17809,15375,2434
도봉구 쌍문제3동,12162,17012,-4850
도봉구 쌍문제4동,13046,7605,5441
도봉구 창제1동,20715,22019,-1304
도봉구 창제2동,10189,9753,436
도봉구 창제3동,12290,9077,3213
도봉구 창제4동,22542,23551,-1009
도봉구 창제5동,15164,15410,-246
동대문구 답십리제1동,16137,16145,-8
동대문구 답십리제2동,18868,14159,4709
동대문구 면목제5동,541,246,295
동대문구 용신동,53604,54083,-479
동대문구 이문제1동,13396,13906,-510
동대문구 이문제2동,5971,5183,788
동대문구 장안제1동,26221,27244,-1023
동대문구 장안제2동,22860,19783,3077
동대문구 전농제1동,24015,26615,-2600
동대문구 전농제2동,20312,12311,8001
동대문구 제기동,40212,37711,2501
동대문구 청량리동,38133,44487,-6354
동대문구 회기동,14122,14651,-529
동대문구 휘경제1동,28933,24545,4388
동대문구 휘경제2동,16314,13184,3130
동작구 노량진제1동,41245,53811,-12566
동작구 노량진제2동,22507,18825,3682
동작구 대방동,50025,39014,11011
동작구 사당제1동,11782,13428,-1646
동작구 사당제2동,22711,19858,2853
동작구 사당제3동,10759,8270,2489
동작구 사당제4동,2455,2158,297
동작구 사당제5동,10038,7039,2999
동작구 상도제1동,50065,46099,3966
동작구 상도제2동,24259,23094,1165
동작구 상도제3동,17321,13632,3689
동작구 상도제4동,16310,10310,6000
동작구 신대방제1동,11190,9973,1217
동작구 신대방제2동,28890,22685,6205
동작구 흑석동,32663,26917,5746
마포구 공덕동,17479,14206,3273
마포구 대흥동,27369,25040,2329
마포구 도화동,7733,8047,-314
마포구 망원제1동,12329,8879,3450
마포구 망원제2동,7623,6232,1391
마포구 상암동,39674,40145,-471
마포구 서강동,11282,10544,738
마포구 서교동,72627,103613,-30986
마포구 성산제1동,17218,11681,5537
마포구 성산제2동,26928,21449,5479
마포구 신수동,6062,4970,1092
마포구 아현동,23700,19428,4272
마포구 연남동,12252,10713,1539
마포구 염리동,5610,5438,172
마포구 용강동,16453,13125,3328
마포구 합정동,12610,18586,-5976
서대문구 남가좌제1동,14830,10847,3983
서대문구 남가좌제2동,21996,15657,6339
서대문구 북가좌제1동,6317,7553,-1236
서대문구 북가좌제2동,18930,13590,5340
서대문구 북아현동,13299,13005,294
서대문구 신촌동,76944,85403,-8459
서대문구 연희동,53055,48630,4425
서대문구 천연동,28795,23605,5190
서대문구 충현동,27473,28766,-1293
서대문구 홍은제1동,19872,15532,4340
서대문구 홍은제2동,35135,25385,9750
서대문구 홍제제1동,29847,31156,-1309
서대문구 홍제제2동,13453,11904,1549
서대문구 홍제제3동,17299,14832,2467
서초구 내곡동,12185,12352,-167
서초구 반포1동,23794,19027,4767
서초구 반포2동,7776,7570,206
서초구 반포3동,22732,24562,-1830
서초구 반포4동,30698,37230,-6532
서초구 반포본동,13693,12152,1541
서초구 방배1동,16261,14840,1421
서초구 방배2동,17022,19269,-2247
서초구 방배3동,17664,12461,5203
서초구 방배4동,20062,19497,565
서초구 방배본동,14141,11138,3003
서초구 서초1동,16257,15804,453
서초구 서초2동,27998,31893,-3895
서초구 서초3동,37154,34980,2174
서초구 서초4동,29536,33731,-4195
서초구 양재1동,59449,51459,7990
서초구 양재2동,26719,22475,4244
서초구 잠원동,19107,21447,-2340
성동구 금호1가동,9455,7539,1916
성동구 금호2.3가동,15124,14591,533
성동구 금호4가동,8416,6753,1663
성동구 마장동,10785,11060,-275
성동구 사근동,7353,6970,383
성동구 성수1가제1동,6973,6584,389
성동구 성수1가제2동,4508,6068,-1560
성동구 성수2가제1동,6890,5315,1575
성동구 성수2가제3동,5676,6223,-547
성동구 송정동,5676,3279,2397
성동구 옥수동,15308,15027,281
성동구 왕십리도선동,12430,11036,1394
성동구 왕십리제2동,10057,11177,-1120
성동구 용답동,9403,8867,536
성동구 응봉동,8483,6072,2411
성동구 행당제1동,14875,19864,-4989
성동구 행당제2동,12672,10237,2435
성북구 길음제1동,25770,25928,-158
성북구 길음제2동,15436,24110,-8674
성북구 돈암제1동,21364,17033,4331
성북구 돈암제2동,11090,6811,4279
성북구 동선동,27090,33028,-5938
성북구 보문동,11119,9084,2035
성북구 삼선동,38851,36792,2059
성북구 석관동,11504,11143,361
성북구 성북동,28601,27482,1119
성북구 안암동,16656,16173,483
성북구 월곡제1동,19296,18025,1271
성북구 월곡제2동,11148,10862,286
성북구 장위제1동,14108,11693,2415
성북구 장위제2동,12610,10536,2074
성북구 장위제3동,5782,4562,1220
성북구 정릉제1동,15536,14520,1016
성북구 정릉제2동,22387,17221,5166
성북구 정릉제3동,10647,11396,-749
성북구 정릉제4동,22861,18228,4633
성북구 종암동,34194,26813,7381
송파구 가락1동,4350,3733,617
송파구 가락2동,19048,14910,4138
송파구 가락본동,16392,15817,575
송파구 거여1동,5057,3848,1209
송파구 거여2동,1495,910,585
송파구 마천1동,7011,4055,2956
송파구 마천2동,12295,9647,2648
송파구 문정1동,5958,5658,300
송파구 문정2동,16853,24445,-7592
송파구 방이1동,8725,6604,2121
송파구 방이2동,13639,16044,-2405
송파구 삼전동,16438,10716,5722
송파구 석촌동,19537,19269,268
송파구 송파1동,13689,14100,-411
송파구 송파2동,7698,4634,3064
송파구 오금동,18990,15436,3554
송파구 오륜동,7660,7883,-223
송파구 위례동,12226,9787,2439
송파구 잠실2동,4995,8392,-3397
송파구 잠실3동,30135,43747,-13612
송파구 잠실4동,1094,1142,-48
송파구 잠실6동,12100,22587,-10487
송파구 잠실7동,7227,5608,1619
송파구 잠실본동,23969,19675,4294
송파구 장지동,14118,8515,5603
송파구 풍납1동,5848,3822,2026
송파구 풍납2동,11142,10281,861
양천구 목1동,30282,39316,-9034
양천구 목2동,22188,19425,2763
양천구 목3동,23431,19806,3625
양천구 목4동,18727,12158,6569
양천구 목5동,24891,23526,1365
양천구 신월1동,8369,3843,4526
양천구 신월2동,10154,7618,2536
양천구 신월3동,8327,5326,3001
양천구 신월4동,9814,7094,2720
양천구 신월5동,8648,6954,1694
양천구 신월6동,6642,4558,2084
양천구 신월7동,14926,11775,3151
양천구 신정1동,11528,13323,-1795
양천구 신정2동,7253,4871,2382
양천구 신정3동,33316,23202,10114
양천구 신정4동,22246,24325,-2079
양천구 신정6동,7470,5877,1593
양천구 신정7동,11264,9176,2088
영등포구 당산제1동,12007,12567,-560
영등포구 당산제2동,24772,26041,-1269
영등포구 대림제1동,15229,9931,5298
영등포구 대림제2동,5088,7442,-2354
영등포구 대림제3동,16496,13784,2712
영등포구 도림동,11238,9108,2130
영등포구 문래동,16138,18961,-2823
영등포구 신길제1동,11597,8069,3528
영등포구 신길제3동,15060,10924,4136
영등포구 신길제4동,5343,4193,1150
영등포구 신길제5동,9452,9411,41
영등포구 신길제6동,12987,10931,2056
영등포구 신길제7동,12038,11585,453
영등포구 양평제1동,9701,7654,2047
영등포구 양평제2동,14726,11321,3405
영등포구 여의동,59332,62743,-3411
영등포구 영등포동,47629,70823,-23194
영등포구 영등포본동,18228,20130,-1902
용산구 남영동,33141,32855,286
용산구 보광동,10531,5753,4778
용산구 서빙고동,13773,10421,3352
용산구 용문동,5219,4322,897
용산구 용산2가동,13280,12813,467
용산구 원효로제1동,14573,12500,2073
용산구 원효로제2동,10585,6861,3724
용산구 이촌제1동,13540,11572,1968
용산구 이촌제2동,4654,2774,1880
용산구 이태원제1동,12714,14856,-2142
용산구 이태원제2동,9019,6814,2205
용산구 청파동,17259,15569,1690
용산구 필동,2644,1464,1180
용산구 한강로동,34387,43612,-9225
용산구 한남동,40181,37422,2759
용산구 효창동,8485,6784,1701
용산구 후암동,14421,10853,3568
은평구 갈현제1동,13389,9220,4169
은평구 갈현제2동,17343,13088,4255
은평구 구산동,18337,7842,10495
은평구 녹번동,22496,21140,1356
은평구 대조동,28309,41152,-12843
은평구 불광제1동,23627,20567,3060
은평구 불광제2동,20908,20267,641
은평구 수색동,8747,7861,886
은평구 신사제1동,16304,17411,-1107
은평구 신사제2동,16511,14926,1585
은평구 역촌동,24671,16497,8174
은평구 응암제1동,24438,29256,-4818
은평구 응암제2동,10515,7002,3513
은평구 응암제3동,17132,14398,2734
은평구 증산동,15659,15109,550
은평구 진관동,36214,33675,2539
종로구 가회동,5451,4839,612
종로구 교남동,6779,5015,1764
종로구 무악동,4222,3248,974
종로구 부암동,15745,14930,815
종로구 사직동,40449,49515,-9066
종로구 삼청동,6400,7795,-1395
종로구 숭인제1동,1345,1627,-282
종로구 숭인제2동,14367,15971,-1604
종로구 이화동,16259,19487,-3228
종로구 종로1.2.3.4가동,105171,129459,-24288
종로구 종로5.6가동,21397,23075,-1678
종로구 창신제1동,17868,11713,6155
종로구 창신제2동,6946,9588,-2642
종로구 창신제3동,3985,3931,54
종로구 청운효자동,12873,11400,1473
종로구 충현동,3050,1356,1694
종로구 평창동,19637,12984,6653
종로구 혜화동,30337,33731,-3394
중구 광희동,20580,25915,-5335
중구 다산동,7969,6859,1110
중구 동화동,1606,1784,-178
중구 명동,29422,39360,-9938
중구 소공동,46841,60421,-13580
중구 신당동,11283,6533,4750
중구 신당제5동,10483,9914,569
중구 약수동,6166,4912,1254
중구 을지로동,5900,8331,-2431
중구 장충동,5899,5793,106
중구 중림동,8595,6787,1808
중구 청구동,5159,3584,1575
중구 필동,5341,5278,63
중구 황학동,8431,7384,1047
중구 회현동,47834,55925,-8091
중랑구 망우본동,26324,20103,6221
중랑구 망우제3동,7489,5444,2045
중랑구 면목본동,20499,22524,-2025
중랑구 면목제2동,8392,6925,1467
중랑구 면목제3.8동,19174,16470,2704
중랑구 면목제4동,8581,6817,1764
중랑구 면목제5동,7184,5059,2125
중랑구 면목제7동,5818,5976,-158
중랑구 묵제1동,14024,14121,-97
중랑구 묵제2동,5432,3552,1880
중랑구 상봉제1동,12505,11654,851
중랑구 상봉제2동,19277,23578,-4301
중랑구 신내1동,22699,17685,5014
중랑구 신내2동,19258,16181,3077
중랑구 중화제1동,7209,8366,-1157
중랑구 중화제2동,16895,15685,1210
NA,444367,389904,54463
