ID,insum,outsum,diff
100000001,1291,834,457
100000002,8490,14888,-6398
100000003,7598,12598,-5000
100000004,460,1782,-1322
100000005,5294,7514,-2220
100000006,1001,1216,-215
100000007,4573,1159,3414
100000008,196,2340,-2144
100000009,580,1088,-508
100000010,48,1837,-1789
100000011,783,400,383
100000012,45,602,-557
100000013,15,780,-765
100000014,573,1582,-1009
100000015,2090,3403,-1313
100000016,535,4404,-3869
100000017,543,5346,-4803
100000018,1402,1299,103
100000019,5626,5727,-101
100000020,2608,10855,-8247
100000021,11799,2797,9002
100000022,1498,10097,-8599
100000023,8456,5551,2905
100000025,762,4406,-3644
100000028,718,5658,-4940
100000029,93,1773,-1680
100000030,64,82,-18
100000031,3448,14766,-11318
100000032,4442,10761,-6319
100000033,1996,7717,-5721
100000034,336,3338,-3002
100000035,1178,3249,-2071
100000036,1294,3539,-2245
100000037,1232,877,355
100000038,4632,1772,2860
100000039,289,866,-577
100000040,1105,393,712
100000041,2804,999,1805
100000042,2275,813,1462
100000043,984,325,659
100000044,422,485,-63
100000045,541,1343,-802
100000046,790,1220,-430
100000047,229,529,-300
100000048,266,1067,-801
100000049,2015,2528,-513
100000051,1000,713,287
100000053,117,5,112
100000054,417,36,381
100000055,981,286,695
100000056,522,859,-337
100000057,2972,905,2067
100000058,1399,759,640
100000059,61,407,-346
100000060,1316,910,406
100000061,3592,1185,2407
100000062,2366,1433,933
100000063,1764,690,1074
100000064,2243,1083,1160
100000065,435,1148,-713
100000066,335,739,-404
100000067,250,860,-610
100000068,580,3171,-2591
100000069,468,1834,-1366
100000072,255,628,-373
100000073,1767,1183,584
100000075,1723,310,1413
100000076,2535,10436,-7901
100000077,109,1418,-1309
100000078,19,107,-88
100000079,34,61,-27
100000080,35,75,-40
100000081,52,267,-215
100000102,5685,15141,-9456
100000103,3191,3655,-464
100000104,9182,4128,5054
100000105,1568,5942,-4374
100000106,1307,9020,-7713
100000107,145,2828,-2683
100000108,462,3168,-2706
100000109,787,4104,-3317
100000116,331,1151,-820
100000117,98,275,-177
100000118,579,2238,-1659
100000119,1433,1822,-389
100000121,812,1346,-534
100000122,899,8526,-7627
100000123,2167,5019,-2852
100000124,3245,4660,-1415
100000125,17160,4274,12886
100000126,863,3582,-2719
100000127,1993,3400,-1407
100000128,655,7531,-6876
100000129,495,1810,-1315
100000130,1281,388,893
100000131,1328,2607,-1279
100000132,1985,2475,-490
100000133,2131,1507,624
100000135,1395,1916,-521
100000139,153,846,-693
100000140,155,290,-135
100000142,776,1200,-424
100000143,1282,447,835
100000144,1991,692,1299
100000147,2959,7810,-4851
100000150,170,912,-742
100000151,652,4203,-3551
100000153,192,1178,-986
100000154,43,2353,-2310
100000155,5,129,-124
100000156,197,372,-175
100000157,638,407,231
100000158,336,260,76
100000159,152,3325,-3173
100000165,1243,1305,-62
100000169,43,4035,-3992
100000174,420,2768,-2348
100000179,94,2515,-2421
100000180,1082,5533,-4451
100000181,498,766,-268
100000188,82,430,-348
100000189,1176,799,377
100000190,774,2977,-2203
100000191,1680,1244,436
100000192,42,163,-121
100000193,425,220,205
100000330,1220,1866,-646
100000355,398,1000,-602
100000362,3068,1344,1724
100000363,9883,13618,-3735
100000364,119,387,-268
100000365,10045,14886,-4841
100000366,2428,1844,584
100000367,9822,12334,-2512
100000368,2687,1970,717
100000369,1240,4750,-3510
100000370,425,1501,-1076
100000376,36,450,-414
100000379,1125,9855,-8730
100000380,4389,20074,-15685
100000384,9142,16073,-6931
100000385,2685,11181,-8496
100000386,2406,15711,-13305
100000387,7848,18312,-10464
100000388,2708,7359,-4651
100000389,8594,13268,-4674
100000390,4409,6415,-2006
100000391,4260,12964,-8704
100000392,983,4455,-3472
100000393,1218,8236,-7018
100000394,2831,9879,-7048
100000395,1285,9361,-8076
100000396,1346,3183,-1837
100000397,2417,11461,-9044
100000398,7874,5664,2210
100900002,35,82,-47
100900003,970,403,567
100900004,21,3506,-3485
100900005,319,11,308
100900006,161,33,128
100900007,350,5,345
100900008,9,882,-873
100900009,76,104,-28
100900010,140,10,130
100900011,436,110,326
100900012,3,48,-45
100900013,2059,25,2034
100900014,3,1,2
100900015,48,85,-37
100900016,2,15,-13
100900017,2416,362,2054
100900018,5,19,-14
100900019,105,238,-133
100900020,729,4,725
100900021,813,9,804
100900022,7,47,-40
100900023,3,101,-98
100900024,626,1,625
100900025,31,8,23
100900026,306,158,148
100900027,882,5438,-4556
100900028,96,879,-783
100900029,54,5,49
100900030,3,656,-653
100900031,1697,160,1537
100900032,1070,0,1070
100900033,493,1191,-698
100900034,2730,2,2728
100900035,385,0,385
100900036,33,0,33
100900037,301,109,192
100900038,15,212,-197
100900039,382,248,134
100900040,979,613,366
100900041,2501,267,2234
100900042,417,4416,-3999
100900043,1,159,-158
100900044,1764,1582,182
100900045,12,7,5
100900046,2342,21,2321
100900047,1178,292,886
100900048,258,117,141
100900049,179,180,-1
100900050,20,55,-35
100900051,67,385,-318
100900052,559,59,500
100900053,1214,96,1118
100900054,12,38,-26
100900055,1215,2380,-1165
100900056,55,142,-87
100900057,4951,982,3969
100900058,181,140,41
100900059,294,12,282
100900060,422,13,409
100900061,166,247,-81
100900062,17,20,-3
100900063,544,1793,-1249
100900064,1155,19,1136
100900065,56,250,-194
100900066,238,97,141
100900067,44,12,32
100900068,186,372,-186
100900069,206,30,176
100900070,1295,35,1260
100900071,406,245,161
100900072,1,59,-58
100900073,541,778,-237
100900074,1,16,-15
100900075,3245,361,2884
100900076,8,58,-50
100900077,111,5,106
100900078,553,527,26
100900079,5,27,-22
100900080,164,115,49
100900081,71,284,-213
100900082,559,103,456
100900083,28,113,-85
100900085,4,940,-936
100900086,93,629,-536
100900088,593,136,457
100900089,13,32,-19
100900090,227,2760,-2533
100900091,1,7,-6
100900092,151,238,-87
100900093,493,1119,-626
100900094,388,113,275
100900095,8,58,-50
100900096,172,701,-529
100900097,0,9,-9
100900098,18,30,-12
100900099,5,801,-796
100900100,18,428,-410
100900101,451,57,394
100900102,17,271,-254
100900103,8,28,-20
100900104,3,288,-285
100900105,27,1138,-1111
100900106,5,8,-3
100900107,5517,1680,3837
100900108,12,106,-94
100900109,37,69,-32
100900110,22,31,-9
100900111,27,387,-360
100900112,0,55,-55
100900113,25,13,12
100900114,3,43,-40
100900115,14,86,-72
100900116,1858,704,1154
100900117,466,1951,-1485
100900118,18,108,-90
100900119,21,20,1
100900120,30,16,14
100900121,1206,682,524
100900122,89,95,-6
100900123,465,80,385
100900124,0,6,-6
100900125,6,62,-56
100900126,1346,280,1066
100900127,20,2,18
100900128,264,1315,-1051
100900129,2,472,-470
100900131,31,219,-188
100900133,160,35,125
100900134,11,11,0
100900135,9,1458,-1449
100900137,551,593,-42
100900138,689,1021,-332
100900139,3,49,-46
100900140,46,278,-232
100900141,2,1067,-1065
100900142,1,10,-9
100900143,415,1860,-1445
100900144,10,6,4
100900145,83,1336,-1253
100900146,18,103,-85
100900147,29,4626,-4597
100900148,357,197,160
100900149,11,1229,-1218
100900150,28,117,-89
100900151,181,961,-780
100900152,699,32,667
100900153,0,475,-475
100900154,21,468,-447
100900155,20,12,8
100900156,61,1,60
100900157,20,710,-690
100900158,1083,62,1021
100900159,16,190,-174
100900160,68,19,49
100900161,75,3,72
100900162,25,415,-390
100900163,121,85,36
100900164,361,129,232
100900165,29,50,-21
100900166,86,1,85
100900167,20,88,-68
100900168,44,170,-126
100900169,88,1606,-1518
100900170,57,24,33
100900171,29,681,-652
100900172,1,126,-125
100900173,17,158,-141
100900174,80,57,23
100900176,2613,1145,1468
100900177,735,421,314
100900178,499,299,200
100900179,447,546,-99
100900180,1,3,-2
100900181,75,92,-17
100900182,105,13,92
100900184,39,128,-89
100900186,1043,507,536
100900187,126,129,-3
100900188,66,12,54
100900189,4321,281,4040
100900191,865,1539,-674
100900192,231,730,-499
100900195,435,1439,-1004
100900197,70,150,-80
100900198,38,158,-120
100900199,15,6,9
100900200,1458,545,913
100900201,285,1655,-1370
100900202,105,0,105
100900203,0,111,-111
100900204,222,2036,-1814
100900205,329,845,-516
100900206,365,381,-16
100900207,564,262,302
100900210,140,147,-7
100900211,960,221,739
100900213,388,96,292
100900214,479,286,193
100900215,216,81,135
100900217,81,182,-101
101000001,2243,3142,-899
101000002,10891,14883,-3992
101000003,877,1341,-464
101000004,11336,8918,2418
101000005,7328,9923,-2595
101000006,17559,16505,1054
101000007,7376,9730,-2354
101000008,2788,4101,-1313
101000009,4971,1358,3613
101000010,2249,1573,676
101000011,2757,555,2202
101000012,572,1286,-714
101000013,878,2669,-1791
101000014,488,667,-179
101000015,3485,3278,207
101000016,319,1965,-1646
101000017,604,1242,-638
101000018,1921,17230,-15309
101000020,1979,3117,-1138
101000021,842,1990,-1148
101000022,144,693,-549
101000023,1696,1866,-170
101000025,732,1283,-551
101000026,434,36,398
101000027,2452,7401,-4949
101000028,1878,610,1268
101000029,103,2396,-2293
101000030,1643,254,1389
101000031,138,1159,-1021
101000032,2854,7538,-4684
101000033,1884,12010,-10126
101000034,1234,6039,-4805
101000035,745,1125,-380
101000036,517,4996,-4479
101000037,1696,7425,-5729
101000039,2787,9131,-6344
101000040,5102,12989,-7887
101000041,3264,10800,-7536
101000042,71,1684,-1613
101000043,4966,15005,-10039
101000045,377,1316,-939
101000046,1907,3539,-1632
101000047,1422,7287,-5865
101000048,770,722,48
101000049,770,4743,-3973
101000050,838,3899,-3061
101000051,942,3709,-2767
101000052,2261,4021,-1760
101000053,600,2485,-1885
101000054,4587,1447,3140
101000055,1996,3070,-1074
101000056,21,279,-258
101000057,816,5422,-4606
101000058,1347,4721,-3374
101000059,3772,5345,-1573
101000060,3254,2978,276
101000061,566,4483,-3917
101000062,296,1158,-862
101000063,315,3416,-3101
101000064,412,1953,-1541
101000065,269,2305,-2036
101000066,483,2717,-2234
101000067,281,1297,-1016
101000068,158,627,-469
101000069,287,195,92
101000070,577,1221,-644
101000071,7167,3183,3984
101000072,1346,4355,-3009
101000073,651,1654,-1003
101000074,2773,5437,-2664
101000075,2626,4680,-2054
101000077,2806,3093,-287
101000078,1140,1808,-668
101000079,1244,1656,-412
101000080,872,1744,-872
101000081,3028,2267,761
101000082,3093,2983,110
101000083,5845,3728,2117
101000084,1617,771,846
101000085,2684,2151,533
101000086,1280,2100,-820
101000087,1471,1834,-363
101000088,3329,2280,1049
101000089,1776,3007,-1231
101000090,2799,1016,1783
101000091,1241,561,680
101000092,4068,1025,3043
101000093,2997,743,2254
101000094,1794,1311,483
101000095,1225,831,394
101000096,1258,492,766
101000097,742,2228,-1486
101000098,739,1990,-1251
101000099,880,2482,-1602
101000100,1229,3133,-1904
101000101,251,2860,-2609
101000102,835,3346,-2511
101000103,584,2392,-1808
101000104,473,1325,-852
101000105,151,1256,-1105
101000106,311,4829,-4518
101000107,452,1199,-747
101000108,985,165,820
101000109,1723,255,1468
101000110,46,254,-208
101000111,119,454,-335
101000113,262,2229,-1967
101000114,2789,10492,-7703
101000115,38,36,2
101000116,41,109,-68
101000117,2525,504,2021
101000119,27,141,-114
101000120,96,201,-105
101000121,26,78,-52
101000122,115,115,0
101000123,51,158,-107
101000124,692,773,-81
101000125,155,188,-33
101000128,277,2909,-2632
101000130,284,336,-52
101000131,2932,546,2386
101000132,1665,919,746
101000135,20,66,-46
101000136,131,252,-121
101000137,9,918,-909
101000141,816,8939,-8123
101000147,1748,451,1297
101000148,1384,24,1360
101000149,36,218,-182
101000150,221,395,-174
101000151,753,94,659
101000152,845,842,3
101000153,659,397,262
101000154,805,1026,-221
101000155,1095,360,735
101000156,58,1353,-1295
101000157,98,572,-474
101000160,13,19,-6
101000163,146,1005,-859
101000164,510,154,356
101000165,524,1119,-595
101000166,320,417,-97
101000168,1472,829,643
101000252,4594,1528,3066
101000254,31,82,-51
101000258,63,17,46
101000261,69,254,-185
101000262,4407,10497,-6090
101000263,650,2478,-1828
101000265,144,1122,-978
101000266,917,789,128
101000269,25,85,-60
101000290,560,5910,-5350
101000293,18,143,-125
101000294,1299,1362,-63
101000295,619,331,288
101000301,256,1656,-1400
101000304,4786,8521,-3735
101000305,4518,3453,1065
101900001,78,34,44
101900002,0,16,-16
101900003,30,621,-591
101900004,2,515,-513
101900005,2104,8412,-6308
101900006,3780,379,3401
101900007,1055,538,517
101900008,133,829,-696
101900009,79,908,-829
101900010,770,1234,-464
101900011,73,2688,-2615
101900012,1098,193,905
101900013,1260,144,1116
101900017,37,144,-107
101900018,1879,595,1284
101900019,228,389,-161
101900020,674,484,190
101900021,0,81,-81
101900022,463,2072,-1609
101900023,434,365,69
102000001,6949,14449,-7500
102000002,3715,11420,-7705
102000003,3564,9868,-6304
102000004,12246,7781,4465
102000005,3001,6149,-3148
102000006,1355,2636,-1281
102000007,5297,8237,-2940
102000008,11035,2862,8173
102000009,15261,15008,253
102000010,6409,4304,2105
102000011,9780,10789,-1009
102000012,6463,5336,1127
102000018,6756,6628,128
102000019,5649,3701,1948
102000026,1602,776,826
102000029,445,776,-331
102000030,326,952,-626
102000031,210,258,-48
102000032,1441,876,565
102000033,963,531,432
102000034,1021,784,237
102000035,2490,897,1593
102000036,64,346,-282
102000037,409,74,335
102000038,173,798,-625
102000039,95,302,-207
102000040,242,642,-400
102000041,64,1212,-1148
102000042,115,811,-696
102000043,164,1201,-1037
102000044,914,2410,-1496
102000045,1528,2156,-628
102000046,3216,2015,1201
102000047,2085,1569,516
102000048,1692,1240,452
102000049,1709,2904,-1195
102000050,3324,2433,891
102000051,346,1587,-1241
102000052,2075,2830,-755
102000053,2009,3022,-1013
102000054,1767,1596,171
102000055,2725,301,2424
102000056,3794,373,3421
102000057,3490,870,2620
102000058,1700,1058,642
102000059,1752,2691,-939
102000060,1591,1463,128
102000061,3362,2680,682
102000062,4172,1701,2471
102000063,2372,2743,-371
102000064,1012,981,31
102000065,93,261,-168
102000066,1407,1416,-9
102000067,12279,7273,5006
102000068,15942,6936,9006
102000069,165,3772,-3607
102000070,2829,74,2755
102000071,10874,18570,-7696
102000072,4463,7109,-2646
102000073,1555,1198,357
102000074,1529,3073,-1544
102000075,406,582,-176
102000076,830,250,580
102000077,1614,550,1064
102000078,2534,449,2085
102000079,474,175,299
102000080,747,296,451
102000081,498,1255,-757
102000082,1042,485,557
102000083,2234,591,1643
102000084,1191,351,840
102000085,4785,1277,3508
102000086,3077,1231,1846
102000087,1441,2040,-599
102000088,619,638,-19
102000089,2875,553,2322
102000090,554,2098,-1544
102000091,1931,1221,710
102000092,481,940,-459
102000093,1758,777,981
102000094,776,493,283
102000095,1207,1853,-646
102000096,648,587,61
102000097,1113,559,554
102000098,525,737,-212
102000099,1242,1128,114
102000100,297,1371,-1074
102000101,529,662,-133
102000102,681,2104,-1423
102000103,6021,711,5310
102000104,1271,809,462
102000105,558,846,-288
102000106,1469,675,794
102000107,4401,361,4040
102000108,1296,646,650
102000109,2599,1143,1456
102000110,3153,1186,1967
102000111,14,1414,-1400
102000112,217,276,-59
102000113,52,146,-94
102000114,2819,682,2137
102000115,543,794,-251
102000116,479,1139,-660
102000117,108,1862,-1754
102000118,1394,2853,-1459
102000119,1121,2571,-1450
102000120,514,1157,-643
102000121,1849,695,1154
102000122,1015,1532,-517
102000123,1783,1463,320
102000124,2409,2429,-20
102000125,842,1582,-740
102000126,774,1468,-694
102000127,2054,1106,948
102000128,1281,1302,-21
102000129,2935,821,2114
102000130,966,1307,-341
102000131,2193,1386,807
102000132,666,1476,-810
102000133,6670,3287,3383
102000134,1776,1752,24
102000135,1532,1195,337
102000136,2195,1033,1162
102000137,861,1294,-433
102000138,661,667,-6
102000139,207,1421,-1214
102000140,260,1180,-920
102000141,447,1808,-1361
102000142,754,478,276
102000143,634,404,230
102000144,780,352,428
102000145,696,546,150
102000146,1127,638,489
102000147,1094,765,329
102000148,775,1443,-668
102000149,1058,175,883
102000150,1404,142,1262
102000151,237,195,42
102000152,673,287,386
102000153,1520,1385,135
102000154,292,524,-232
102000155,102,1139,-1037
102000156,417,385,32
102000157,112,2623,-2511
102000158,97,569,-472
102000159,4430,2363,2067
102000161,5656,3755,1901
102000162,286,618,-332
102000163,290,652,-362
102000164,1377,1349,28
102000165,334,902,-568
102000166,113,626,-513
102000167,409,545,-136
102000168,484,467,17
102000169,368,1014,-646
102000170,1585,288,1297
102000171,136,291,-155
102000172,26,646,-620
102000173,830,578,252
102000174,260,187,73
102000175,145,116,29
102000176,50,101,-51
102000178,310,1371,-1061
102000179,749,628,121
102000180,1840,339,1501
102000181,2083,560,1523
102000182,1020,661,359
102000183,3995,1548,2447
102000184,3487,999,2488
102000185,5481,972,4509
102000186,3298,1407,1891
102000187,2001,1537,464
102000188,2736,2556,180
102000189,3236,654,2582
102000190,945,3811,-2866
102000191,1232,458,774
102000192,3855,2716,1139
102000193,269,206,63
102000194,86,775,-689
102000195,944,888,56
102000196,943,625,318
102000197,2306,247,2059
102000198,509,565,-56
102000199,2570,204,2366
102000200,742,905,-163
102000201,2898,735,2163
102000202,14,307,-293
102000203,1344,302,1042
102000204,1961,1120,841
102000205,2733,1081,1652
102000206,1481,726,755
102000207,1652,1192,460
102000208,1149,1426,-277
102000209,95,440,-345
102000210,1146,702,444
102000211,1243,453,790
102000212,1131,17,1114
102000213,6,342,-336
102000214,1212,22,1190
102000215,5,321,-316
102000216,241,288,-47
102000217,72,113,-41
102000218,419,530,-111
102000219,384,96,288
102000225,258,885,-627
102000226,227,482,-255
102000227,237,4,233
102000228,0,301,-301
102000229,126,183,-57
102000230,672,438,234
102000231,728,458,270
102000232,245,443,-198
102000233,2493,869,1624
102000234,300,1663,-1363
102000236,558,109,449
102000237,1760,1157,603
102000238,519,681,-162
102000240,569,1427,-858
102000241,444,144,300
102000243,20,64,-44
102000245,21,172,-151
102000246,15,212,-197
102000247,283,380,-97
102000248,237,1716,-1479
102000249,358,167,191
102000250,176,250,-74
102000254,692,265,427
102000266,7,1170,-1163
102000271,72,5,67
102000286,896,557,339
102000297,5878,2418,3460
102000299,23,51,-28
102000300,0,0,0
102000301,0,1,-1
102000303,0,0,0
102000305,0,0,0
102000306,0,0,0
102000307,0,4,-4
102000308,0,0,0
102900001,1657,987,670
102900002,463,135,328
102900003,231,207,24
102900005,1061,306,755
102900006,1061,115,946
102900007,1797,17,1780
102900008,501,43,458
102900009,368,765,-397
102900010,320,1725,-1405
102900011,1296,1334,-38
102900012,754,319,435
102900013,169,14,155
102900015,1365,1116,249
102900016,247,37,210
102900017,923,173,750
102900018,191,59,132
102900019,976,1281,-305
102900020,663,57,606
102900021,106,37,69
102900022,90,73,17
102900023,55,259,-204
102900024,171,103,68
102900025,152,76,76
102900026,997,3722,-2725
102900027,137,180,-43
102900028,483,2030,-1547
102900029,422,890,-468
102900030,622,734,-112
102900031,590,232,358
102900032,269,262,7
102900033,260,261,-1
102900034,1734,36,1698
102900035,405,477,-72
102900036,1135,327,808
102900037,735,412,323
102900038,716,359,357
102900039,23,1394,-1371
102900040,640,573,67
102900041,330,169,161
102900042,837,150,687
102900043,629,176,453
102900044,894,2344,-1450
102900045,559,475,84
102900046,496,164,332
102900047,267,1345,-1078
102900048,1276,377,899
102900049,80,326,-246
102900050,371,862,-491
102900051,327,748,-421
102900052,82,110,-28
102900053,597,960,-363
102900054,418,3025,-2607
102900055,364,955,-591
102900056,217,593,-376
102900057,19,273,-254
102900058,739,158,581
102900059,78,54,24
102900060,204,659,-455
102900061,662,855,-193
102900062,776,774,2
102900063,3495,757,2738
102900064,133,1023,-890
102900065,1338,341,997
102900066,651,23,628
102900068,190,534,-344
102900070,617,1044,-427
102900072,42,104,-62
102900073,104,4,100
102900074,378,333,45
102900075,21,89,-68
102900076,106,290,-184
102900077,69,35,34
102900078,61,45,16
102900079,642,3,639
102900080,860,46,814
102900081,108,219,-111
102900082,74,305,-231
102900083,159,31,128
102900084,10,75,-65
102900085,391,177,214
102900086,26,193,-167
102900087,378,183,195
102900088,116,79,37
102900089,496,416,80
102900090,5,375,-370
102900091,757,1,756
102900092,1350,180,1170
102900093,634,338,296
102900094,4,314,-310
102900095,88,0,88
102900096,173,13,160
102900097,15,41,-26
103000001,3146,4992,-1846
103000002,3845,6664,-2819
103000003,5190,5414,-224
103000004,1216,970,246
103000005,2484,8232,-5748
103000006,2158,2484,-326
103000007,849,639,210
103000008,1884,2443,-559
103000009,4935,3259,1676
103000010,227,136,91
103000011,2090,1221,869
103000012,2056,3291,-1235
103000013,5693,3981,1712
103000014,2053,7767,-5714
103000015,5090,1981,3109
103000016,999,4639,-3640
103000017,443,1502,-1059
103000018,1281,374,907
103000019,695,1038,-343
103000020,2242,3322,-1080
103000021,3155,6633,-3478
103000022,1443,2681,-1238
103000023,1840,5813,-3973
103000024,194,111,83
103000025,212,2235,-2023
103000026,533,508,25
103000027,219,779,-560
103000028,362,446,-84
103000029,96,486,-390
103000030,3467,2854,613
103000031,1124,5391,-4267
103000032,3312,2091,1221
103000033,4391,4518,-127
103000034,2370,1559,811
103000035,343,2230,-1887
103000036,326,391,-65
103000037,1277,685,592
103000038,1165,1582,-417
103000039,1435,518,917
103000040,1145,660,485
103000041,5394,1879,3515
103000042,4266,713,3553
103000043,1685,835,850
103000044,794,182,612
103000046,603,1099,-496
103000047,1439,369,1070
103000048,621,474,147
103000049,162,176,-14
103000050,1528,336,1192
103000051,1152,800,352
103000052,1529,332,1197
103000053,405,486,-81
103000054,3302,621,2681
103000055,3200,1942,1258
103000056,1995,907,1088
103000057,2589,168,2421
103000058,1832,541,1291
103000059,1612,1102,510
103000060,1746,348,1398
103000061,1490,1068,422
103000062,1431,284,1147
103000063,2037,1272,765
103000064,234,92,142
103000065,21,278,-257
103000066,515,30,485
103000069,623,613,10
103000070,1353,438,915
103000071,3575,1641,1934
103000072,231,845,-614
103000073,2401,261,2140
103000074,2562,337,2225
103000075,215,793,-578
103000076,689,2013,-1324
103000077,20,582,-562
103000078,2069,3789,-1720
103000079,1053,1913,-860
103000080,839,840,-1
103000081,541,1366,-825
103000082,1022,518,504
103000083,295,1025,-730
103000084,193,11,182
103000085,0,178,-178
103000086,602,1029,-427
103000087,517,1054,-537
103000088,517,759,-242
103000089,685,1603,-918
103000090,7931,1699,6232
103000091,2073,927,1146
103000092,692,519,173
103000093,597,993,-396
103000094,712,267,445
103000095,334,747,-413
103000096,1239,128,1111
103000097,223,1258,-1035
103000098,1254,312,942
103000099,187,1510,-1323
103000100,253,645,-392
103000101,3285,201,3084
103000102,209,478,-269
103000103,1540,254,1286
103000104,205,119,86
103000105,522,180,342
103000106,25,278,-253
103000107,568,251,317
103000108,2798,2498,300
103000109,1428,1620,-192
103000110,1246,1256,-10
103000111,500,1904,-1404
103000112,475,1351,-876
103000113,269,3955,-3686
103000114,3246,4302,-1056
103000115,1776,1625,151
103000116,1389,651,738
103000117,676,738,-62
103000118,852,661,191
103000119,2546,824,1722
103000120,132,1190,-1058
103000121,141,258,-117
103000122,737,834,-97
103000125,24,145,-121
103000126,1905,4,1901
103000127,5,100,-95
103000128,368,4,364
103000129,1,109,-108
103000130,241,134,107
103000131,117,203,-86
103000132,80,235,-155
103000133,31,158,-127
103000134,530,2748,-2218
103000135,1399,243,1156
103000136,824,1287,-463
103000137,678,1349,-671
103000138,828,1367,-539
103000139,0,203,-203
103000140,336,54,282
103000141,80,366,-286
103000142,215,197,18
103000143,128,322,-194
103000144,477,362,115
103000145,42,416,-374
103000150,187,63,124
103000152,317,873,-556
103000153,500,872,-372
103000156,16,137,-121
103000157,1016,4,1012
103000159,883,149,734
103000162,86,38,48
103000163,13,31,-18
103000164,15,9,6
103000165,160,268,-108
103000166,592,1622,-1030
103000167,617,635,-18
103000168,471,440,31
103000169,261,1518,-1257
103000170,2482,337,2145
103000171,20,279,-259
103000172,2076,216,1860
103000173,2327,275,2052
103000174,1031,428,603
103000175,776,173,603
103000176,1405,2143,-738
103000177,342,870,-528
103000178,171,417,-246
103000179,206,148,58
103000183,918,18,900
103000185,466,84,382
103000186,382,128,254
103000187,3030,219,2811
103000188,66,190,-124
103000189,1220,1218,2
103000191,1012,755,257
103000292,876,4120,-3244
103000293,1595,7982,-6387
103000295,131,245,-114
103000296,256,2,254
103000297,2,94,-92
103000504,4,17,-13
103000505,1,47,-46
103000506,4,178,-174
103000507,410,4,406
103000508,106,136,-30
103000509,569,717,-148
103900001,84,51,33
103900002,1110,126,984
103900003,1449,323,1126
103900004,288,3,285
103900005,0,94,-94
103900006,9,7,2
103900007,394,9,385
103900008,21,1,20
103900009,798,244,554
103900010,623,165,458
103900011,1280,105,1175
103900012,17,94,-77
103900013,198,13,185
103900014,186,36,150
103900015,164,17,147
103900016,263,205,58
103900017,226,228,-2
103900018,459,133,326
103900019,64,620,-556
103900020,959,631,328
103900021,166,115,51
103900022,783,703,80
103900023,465,8,457
103900024,127,519,-392
103900025,6,33,-27
103900026,3,6,-3
103900027,697,333,364
103900028,179,710,-531
103900029,2250,245,2005
103900030,547,314,233
103900031,122,1,121
103900032,239,262,-23
103900033,108,83,25
103900034,152,42,110
103900035,205,93,112
103900036,85,121,-36
103900037,421,217,204
103900038,166,314,-148
103900039,672,185,487
103900040,27,115,-88
103900041,150,98,52
103900042,408,94,314
103900043,414,66,348
103900044,53,1424,-1371
103900045,753,434,319
103900047,246,35,211
103900048,68,346,-278
103900049,173,2119,-1946
103900050,58,482,-424
103900051,4,96,-92
103900052,383,859,-476
103900053,760,285,475
103900054,571,194,377
103900055,921,274,647
103900056,112,84,28
103900057,561,76,485
103900058,910,281,629
103900059,2,218,-216
103900060,216,81,135
103900061,435,27,408
103900062,2355,597,1758
103900063,7,2,5
103900064,374,11,363
103900065,288,402,-114
103900066,470,139,331
103900067,518,24,494
103900068,1,6,-5
103900069,192,20,172
103900070,759,205,554
103900071,26,39,-13
103900072,110,118,-8
103900073,53,85,-32
103900074,209,172,37
103900075,655,115,540
103900076,1607,348,1259
103900077,51,334,-283
103900078,970,936,34
103900079,150,344,-194
103900080,1,29,-28
103900081,14,46,-32
103900082,142,141,1
103900083,3567,4485,-918
103900084,73,1168,-1095
103900085,150,102,48
103900086,3631,406,3225
103900087,85,155,-70
103900088,451,719,-268
103900089,109,248,-139
103900090,680,290,390
103900091,1325,176,1149
103900092,1264,2812,-1548
103900093,305,1012,-707
103900094,50,46,4
103900095,299,1004,-705
103900096,528,67,461
103900097,82,477,-395
103900098,950,191,759
103900099,955,88,867
103900100,671,174,497
103900101,1644,1504,140
103900102,12,130,-118
103900104,0,34,-34
103900105,35,111,-76
103900106,8,2086,-2078
103900107,379,24,355
103900108,112,111,1
103900109,372,4,368
103900110,906,110,796
103900111,530,196,334
103900112,40,163,-123
103900113,262,325,-63
103900114,2643,469,2174
103900115,152,375,-223
103900116,2423,4399,-1976
103900117,119,72,47
103900119,20,254,-234
103900120,169,74,95
103900122,837,91,746
103900123,733,1874,-1141
103900124,102,249,-147
103900125,273,116,157
103900126,1140,158,982
103900127,260,209,51
103900128,311,111,200
103900131,56,85,-29
103900133,1400,50,1350
103900134,3,29,-26
103900135,0,8,-8
103900137,2,13,-11
103900138,532,108,424
103900139,331,7723,-7392
103900140,8,791,-783
103900141,304,46,258
103900142,680,67,613
103900143,470,5,465
103900144,1,13,-12
103900145,263,314,-51
103900146,828,149,679
103900147,1176,179,997
103900148,877,92,785
103900149,531,217,314
103900150,7256,12111,-4855
103900151,32,297,-265
103900152,3075,747,2328
103900153,18,5,13
103900154,392,5557,-5165
103900155,87,177,-90
103900156,160,83,77
103900157,636,105,531
103900158,575,59,516
103900159,898,42,856
103900160,73,47,26
103900161,129,217,-88
103900162,104,68,36
103900163,32,757,-725
103900164,53,12,41
103900167,15,225,-210
103900168,148,138,10
103900169,36,118,-82
103900170,8,68,-60
103900171,3,21,-18
103900172,4,8,-4
103900173,89,77,12
103900174,1080,36,1044
103900175,70,321,-251
103900176,24,43,-19
103900177,70,9,61
103900178,127,10,117
103900179,164,34,130
103900180,6,67,-61
103900181,8,239,-231
103900182,35,67,-32
103900184,461,254,207
103900185,103,1825,-1722
103900187,15,450,-435
103900188,340,131,209
103900189,245,12,233
103900190,381,82,299
103900191,86,97,-11
103900192,12,102,-90
103900193,51,121,-70
103900194,112,131,-19
103900195,7,262,-255
103900196,157,168,-11
103900197,21,33,-12
103900198,9,35,-26
103900199,254,122,132
103900200,706,149,557
103900201,212,122,90
103900202,20,132,-112
103900203,103,82,21
103900204,2,49,-47
103900207,10,29,-19
103900208,438,2,436
103900209,8,88,-80
103900210,127,79,48
103900211,1711,123,1588
103900212,437,170,267
103900213,29,605,-576
103900214,436,1114,-678
103900215,255,930,-675
103900216,35,166,-131
103900217,590,112,478
103900218,2,746,-744
103900219,863,232,631
103900233,692,75,617
103900235,36,575,-539
103900236,35,45,-10
103900242,1,1,0
103900243,2,2,0
103900244,315,203,112
103900245,369,81,288
103900246,62,146,-84
103900247,10,97,-87
103900248,10,160,-150
103900249,38,146,-108
103900250,279,177,102
103900251,3,176,-173
103900253,5,176,-171
103900254,32,113,-81
103900255,4,126,-122
103900256,65,119,-54
103900257,316,409,-93
103900258,40,24,16
103900259,30,94,-64
103900261,75,1,74
103900262,62,3,59
103900263,55,150,-95
103900264,31,8,23
103900265,30,3,27
103900266,5,689,-684
103900267,4,98,-94
103900268,17,34,-17
103900269,523,118,405
103900270,132,45,87
104000001,6724,4464,2260
104000002,3238,3664,-426
104000003,4463,3452,1011
104000004,4627,3555,1072
104000005,5111,3601,1510
104000006,5825,3347,2478
104000007,7384,5559,1825
104000008,376,573,-197
104000009,413,362,51
104000010,285,1439,-1154
104000011,614,234,380
104000012,273,293,-20
104000013,568,1079,-511
104000014,398,482,-84
104000015,1015,362,653
104000016,542,373,169
104000018,1349,546,803
104000019,954,851,103
104000020,143,388,-245
104000021,783,389,394
104000022,703,717,-14
104000023,2262,1049,1213
104000024,577,552,25
104000026,121,242,-121
104000027,635,369,266
104000028,935,745,190
104000029,679,520,159
104000030,762,789,-27
104000031,2523,580,1943
104000032,486,206,280
104000033,1365,844,521
104000034,457,199,258
104000035,2204,436,1768
104000036,2449,587,1862
104000037,355,206,149
104000038,737,698,39
104000039,402,186,216
104000040,244,1208,-964
104000041,1103,893,210
104000042,297,273,24
104000043,341,415,-74
104000044,704,849,-145
104000045,1153,793,360
104000046,1069,1227,-158
104000047,1251,1174,77
104000048,1542,916,626
104000049,1723,735,988
104000050,207,1322,-1115
104000051,462,1615,-1153
104000052,4295,5055,-760
104000053,2525,670,1855
104000054,1447,365,1082
104000055,4433,3846,587
104000056,1015,347,668
104000057,421,282,139
104000058,2099,1461,638
104000059,1676,1705,-29
104000060,2421,3507,-1086
104000061,1800,1190,610
104000062,537,270,267
104000064,1495,464,1031
104000065,308,1148,-840
104000069,660,3013,-2353
104000070,106,1057,-951
104000071,417,380,37
104000072,1109,221,888
104000075,287,465,-178
104000076,1082,113,969
104000082,3420,8309,-4889
104000083,1019,436,583
104000084,296,514,-218
104000085,1124,492,632
104000086,572,682,-110
104000087,440,3369,-2929
104000090,2371,1079,1292
104000092,3539,1354,2185
104000094,1522,1224,298
104000095,6348,2627,3721
104000096,5517,168,5349
104000097,5426,868,4558
104000098,8014,779,7235
104000100,5376,1329,4047
104000101,3890,2405,1485
104000106,43,982,-939
104000107,1048,294,754
104000108,436,417,19
104000109,674,503,171
104000110,1309,2232,-923
104000111,3627,9081,-5454
104000112,1151,702,449
104000116,1,828,-827
104000117,730,540,190
104000118,4006,273,3733
104000119,2156,543,1613
104000120,496,622,-126
104000121,742,735,7
104000122,1688,909,779
104000123,1505,1091,414
104000124,518,1819,-1301
104000125,3857,10021,-6164
104000126,1186,907,279
104000127,2348,2033,315
104000128,1127,213,914
104000129,850,29,821
104000130,43,577,-534
104000131,543,660,-117
104000132,855,813,42
104000133,2785,1080,1705
104000134,2128,2645,-517
104000135,1176,2481,-1305
104000136,1281,4626,-3345
104000137,4022,649,3373
104000138,3035,606,2429
104000139,4028,3977,51
104000141,1358,683,675
104000142,1514,484,1030
104000143,1587,476,1111
104000144,365,483,-118
104000145,523,440,83
104000146,255,835,-580
104000147,282,601,-319
104000148,746,410,336
104000149,339,119,220
104000150,1834,907,927
104000151,522,252,270
104000152,1268,374,894
104000153,1661,1221,440
104000154,831,244,587
104000155,985,1713,-728
104000157,3316,1268,2048
104000158,221,775,-554
104000159,1387,1171,216
104000160,2643,4160,-1517
104000161,401,264,137
104000162,270,188,82
104000165,1497,1112,385
104000167,1392,2938,-1546
104000168,2260,26,2234
104000169,447,126,321
104000170,420,479,-59
104000248,831,1173,-342
104000251,176,287,-111
104000272,0,0,0
104000273,0,0,0
104000274,0,0,0
104000275,0,0,0
104000279,1042,840,202
104000290,133,804,-671
104000291,733,3063,-2330
104000293,3443,2231,1212
104000294,263,2,261
104000295,1602,1898,-296
104000296,1014,1114,-100
104000297,1825,3909,-2084
104000298,2697,1245,1452
104000299,2329,1425,904
104900001,207,391,-184
104900002,108,495,-387
104900003,123,211,-88
104900004,157,100,57
104900005,1134,408,726
104900006,1769,105,1664
104900007,1178,220,958
104900009,370,277,93
104900010,232,32,200
104900011,31,74,-43
104900012,277,88,189
104900013,112,11,101
104900014,2199,540,1659
104900015,147,9,138
104900016,412,315,97
104900017,264,353,-89
104900018,17,163,-146
104900019,400,10892,-10492
104900020,118,412,-294
104900021,1,35,-34
104900022,71,761,-690
104900023,3,40,-37
104900024,23,571,-548
104900025,223,308,-85
104900026,2,54,-52
104900027,1119,590,529
104900028,46,264,-218
104900029,33,43,-10
104900030,1135,262,873
104900031,90,482,-392
104900032,178,81,97
104900033,451,268,183
104900034,670,302,368
104900035,822,462,360
104900036,713,80,633
104900037,487,221,266
104900038,271,3775,-3504
104900039,433,583,-150
104900040,1324,117,1207
104900041,800,244,556
104900042,391,446,-55
104900043,60,789,-729
104900044,1917,181,1736
104900045,513,114,399
104900046,1410,149,1261
104900047,899,167,732
104900048,876,86,790
104900049,252,82,170
104900050,1177,123,1054
104900051,660,82,578
104900052,278,17,261
104900053,1092,160,932
104900054,450,45,405
104900055,579,2,577
104900056,587,40,547
104900057,121,1,120
104900058,746,1228,-482
104900059,266,77,189
104900060,1,687,-686
104900061,240,218,22
104900063,2,651,-649
104900064,0,214,-214
104900065,0,642,-642
104900066,0,65,-65
104900067,5,589,-584
104900068,209,325,-116
104900070,163,306,-143
104900071,3,584,-581
104900072,140,272,-132
104900073,270,124,146
104900074,91,118,-27
104900075,205,68,137
104900076,367,177,190
104900077,649,339,310
104900078,382,246,136
104900079,406,2825,-2419
104900080,369,343,26
104900082,7,329,-322
104900085,22,274,-252
104900087,790,9,781
104900089,856,3,853
104900090,2776,2143,633
104900091,841,705,136
104900093,334,369,-35
104900097,2361,7449,-5088
104900098,621,62,559
104900099,171,2108,-1937
104900100,835,231,604
104900102,102,120,-18
104900103,422,92,330
104900104,2447,2601,-154
104900106,819,363,456
104900107,136,309,-173
104900108,85,285,-200
104900109,252,318,-66
104900110,42,105,-63
104900111,1058,189,869
104900112,1061,410,651
104900113,1726,305,1421
104900114,1544,635,909
104900115,2279,296,1983
104900116,1568,368,1200
104900118,43,159,-116
104900119,1,165,-164
104900120,24,2145,-2121
104900121,0,19,-19
104900122,1,32,-31
104900123,258,30,228
104900124,202,1,201
104900125,764,5,759
104900126,82,87,-5
104900127,84,55,29
104900128,305,175,130
104900129,1320,6294,-4974
105000001,6269,2052,4217
105000002,4843,3918,925
105000003,4955,8801,-3846
105000004,2193,1741,452
105000005,3190,3056,134
105000006,2577,4999,-2422
105000007,3111,5963,-2852
105000008,1836,7689,-5853
105000009,5332,7363,-2031
105000010,4039,1683,2356
105000011,5579,6740,-1161
105000012,3279,2556,723
105000013,2348,2989,-641
105000014,7300,7244,56
105000015,13677,26969,-13292
105000016,1281,1387,-106
105000017,2082,1547,535
105000018,827,4122,-3295
105000019,1793,2224,-431
105000020,116,1245,-1129
105000021,545,454,91
105000022,212,333,-121
105000023,2074,352,1722
105000028,32,145,-113
105000029,1044,2519,-1475
105000030,5320,3089,2231
105000033,1964,1535,429
105000034,299,2849,-2550
105000037,1404,418,986
105000038,2098,3885,-1787
105000039,1717,1489,228
105000040,1749,3561,-1812
105000041,437,1103,-666
105000042,3672,2538,1134
105000043,1248,2316,-1068
105000044,1534,646,888
105000045,415,447,-32
105000046,2822,561,2261
105000047,1008,598,410
105000048,2276,608,1668
105000049,642,663,-21
105000050,2048,1084,964
105000051,371,524,-153
105000052,1484,2615,-1131
105000053,381,287,94
105000054,898,3198,-2300
105000055,1417,546,871
105000056,3614,3526,88
105000057,3124,1436,1688
105000058,2601,1659,942
105000059,2305,1509,796
105000060,881,662,219
105000061,3330,1377,1953
105000062,1139,931,208
105000063,679,768,-89
105000064,5681,1825,3856
105000065,716,1027,-311
105000066,1818,2453,-635
105000067,3549,2741,808
105000068,579,1954,-1375
105000069,2737,6672,-3935
105000070,1048,2773,-1725
105000071,265,4587,-4322
105000072,2264,11590,-9326
105000073,2558,2015,543
105000074,1050,940,110
105000075,1079,1158,-79
105000076,2119,2479,-360
105000077,4881,1675,3206
105000078,1401,2633,-1232
105000079,1591,3924,-2333
105000080,3617,5430,-1813
105000081,1723,2109,-386
105000082,1273,3054,-1781
105000083,3423,5528,-2105
105000084,1079,1393,-314
105000085,4569,4351,218
105000086,1598,1797,-199
105000087,5240,4515,725
105000088,3832,6011,-2179
105000089,3471,2645,826
105000090,937,941,-4
105000091,1187,1420,-233
105000092,984,1456,-472
105000093,659,834,-175
105000094,515,335,180
105000095,479,1756,-1277
105000096,2743,4873,-2130
105000097,660,1122,-462
105000098,2806,3754,-948
105000099,1120,3018,-1898
105000100,4216,2032,2184
105000101,5525,2454,3071
105000102,3885,2495,1390
105000103,2229,3467,-1238
105000104,4647,2449,2198
105000105,2449,2637,-188
105000106,3537,1836,1701
105000107,3605,1706,1899
105000108,3749,2016,1733
105000109,5442,1620,3822
105000110,1979,770,1209
105000111,2760,603,2157
105000112,2186,831,1355
105000113,849,1886,-1037
105000114,2552,2494,58
105000115,603,4492,-3889
105000116,2625,1493,1132
105000117,1527,761,766
105000118,2441,1059,1382
105000119,1361,950,411
105000120,3532,1217,2315
105000121,2072,791,1281
105000122,889,1119,-230
105000123,1004,938,66
105000124,4965,1629,3336
105000125,2300,1956,344
105000126,4451,3027,1424
105000127,6126,2787,3339
105000128,1755,3072,-1317
105000129,3132,844,2288
105000130,329,6395,-6066
105000131,662,288,374
105000132,2996,1719,1277
105000133,930,1193,-263
105000134,2956,818,2138
105000135,424,656,-232
105000136,105,105,0
105000137,1221,296,925
105000138,160,96,64
105000139,1451,628,823
105000140,664,555,109
105000141,877,442,435
105000142,679,650,29
105000143,259,731,-472
105000144,571,880,-309
105000145,1608,473,1135
105000146,845,986,-141
105000147,1323,871,452
105000148,1174,2008,-834
105000149,5865,3896,1969
105000150,2183,1213,970
105000151,1452,809,643
105000152,343,874,-531
105000153,1932,1016,916
105000154,1137,999,138
105000155,722,1006,-284
105000156,717,1283,-566
105000157,1306,2165,-859
105000158,5375,1437,3938
105000159,677,1170,-493
105000160,6652,1509,5143
105000161,1390,1447,-57
105000162,1274,6215,-4941
105000163,1841,1886,-45
105000164,234,915,-681
105000165,2327,20953,-18626
105000166,9280,3448,5832
105000167,2679,7306,-4627
105000168,697,816,-119
105000169,2097,181,1916
105000170,750,2023,-1273
105000171,3176,478,2698
105000172,807,85,722
105000173,845,64,781
105000174,301,52,249
105000175,252,105,147
105000176,1560,197,1363
105000177,1016,718,298
105000178,716,418,298
105000179,2414,200,2214
105000180,715,156,559
105000181,551,267,284
105000182,176,142,34
105000183,4172,4864,-692
105000184,443,1936,-1493
105000185,962,2045,-1083
105000186,778,1305,-527
105000187,1512,981,531
105000188,212,913,-701
105000189,146,1229,-1083
105000190,441,593,-152
105000191,811,708,103
105000192,964,99,865
105000193,118,487,-369
105000194,1309,120,1189
105000195,983,1238,-255
105000196,129,411,-282
105000197,443,754,-311
105000198,689,319,370
105000199,107,795,-688
105000200,188,823,-635
105000201,141,183,-42
105000203,79,170,-91
105000204,146,91,55
105000205,137,224,-87
105000207,333,104,229
105000208,315,909,-594
105000209,369,206,163
105000212,2317,870,1447
105000213,113,384,-271
105000214,197,474,-277
105000215,631,287,344
105000216,515,131,384
105000217,518,205,313
105000218,4598,1930,2668
105000221,341,607,-266
105000222,834,914,-80
105000223,959,956,3
105000226,400,314,86
105000227,178,295,-117
105000228,172,3016,-2844
105000229,383,1674,-1291
105000231,1360,494,866
105000233,2121,2083,38
105000234,651,1005,-354
105000235,940,1538,-598
105000237,3441,262,3179
105000243,187,102,85
105000248,100,261,-161
105000262,1299,503,796
105000269,382,253,129
105000270,1155,36,1119
105000271,0,393,-393
105000282,104,166,-62
105000287,501,169,332
105000288,1915,1008,907
105000289,787,2493,-1706
105000290,56,39,17
105000402,2776,8831,-6055
105000426,466,854,-388
105000438,1249,1805,-556
105000446,10377,4993,5384
105000447,2476,1716,760
105000454,1990,278,1712
105000455,283,201,82
105000474,332,5,327
105000477,2500,1072,1428
105000478,4658,10454,-5796
105000479,202,409,-207
105000480,6879,12487,-5608
105000481,8759,9646,-887
105000482,3170,4314,-1144
105000483,4332,7143,-2811
105000484,2905,3080,-175
105000485,1867,6624,-4757
105000486,2577,3727,-1150
105000488,3944,2343,1601
105000489,3439,1863,1576
105000549,208,1087,-879
105000550,525,1413,-888
105000551,25,194,-169
105000552,3839,1809,2030
105900001,16,5701,-5685
105900002,1146,2729,-1583
105900003,25,324,-299
105900004,446,115,331
105900005,806,751,55
105900006,20,644,-624
105900007,133,355,-222
105900008,362,215,147
105900009,134,78,56
105900011,490,67,423
105900012,1051,131,920
105900013,10,63,-53
105900014,11,132,-121
105900015,160,614,-454
105900016,1877,451,1426
105900017,3685,49,3636
105900018,241,278,-37
105900019,276,361,-85
105900020,98,155,-57
105900021,103,1035,-932
105900022,550,541,9
105900023,22,251,-229
105900024,14,574,-560
105900025,564,4,560
105900026,509,14,495
105900027,26602,8065,18537
105900028,517,2260,-1743
105900029,2986,446,2540
105900030,552,671,-119
105900031,1082,290,792
105900032,256,158,98
105900033,176,268,-92
105900034,1207,686,521
105900035,978,487,491
105900036,332,159,173
105900037,445,76,369
105900038,340,360,-20
105900039,534,145,389
105900040,306,156,150
105900041,295,644,-349
105900042,304,584,-280
105900043,2301,43,2258
105900044,7,1019,-1012
105900045,23,3215,-3192
105900046,7,449,-442
105900047,40,113,-73
105900048,286,763,-477
105900050,2340,14477,-12137
105900051,123,1824,-1701
105900052,2805,219,2586
105900053,5412,8232,-2820
105900054,496,361,135
105900056,1285,1248,37
105900057,10,176,-166
105900058,29,40,-11
105900059,3,357,-354
106000001,3263,4063,-800
106000002,1286,4129,-2843
106000003,6405,7971,-1566
106000004,2272,2684,-412
106000005,7309,7135,174
106000006,7135,2277,4858
106000007,826,557,269
106000008,565,489,76
106000009,777,344,433
106000010,498,563,-65
106000011,3091,1760,1331
106000012,1624,1259,365
106000013,4005,2479,1526
106000014,2583,1659,924
106000015,4928,1923,3005
106000016,2707,2109,598
106000017,1259,1623,-364
106000018,1048,922,126
106000019,966,854,112
106000020,651,600,51
106000021,572,954,-382
106000022,554,358,196
106000023,1562,1004,558
106000024,1113,797,316
106000025,248,442,-194
106000026,203,271,-68
106000027,3221,2840,381
106000028,1574,424,1150
106000029,1154,1095,59
106000030,463,991,-528
106000034,255,554,-299
106000035,1591,3093,-1502
106000036,248,612,-364
106000037,2157,1994,163
106000038,134,379,-245
106000039,94,334,-240
106000040,169,1117,-948
106000041,1033,759,274
106000043,607,420,187
106000046,886,203,683
106000047,49,912,-863
106000049,2336,438,1898
106000050,380,1174,-794
106000051,1890,1030,860
106000052,442,513,-71
106000053,1059,263,796
106000054,696,454,242
106000055,1812,1216,596
106000056,856,434,422
106000057,1044,590,454
106000058,483,193,290
106000059,879,684,195
106000060,735,569,166
106000061,427,1541,-1114
106000062,247,462,-215
106000063,1754,1500,254
106000064,28,672,-644
106000065,926,390,536
106000066,198,1053,-855
106000067,1218,187,1031
106000068,251,902,-651
106000069,989,173,816
106000070,629,786,-157
106000071,1298,437,861
106000072,5244,2131,3113
106000073,2758,11080,-8322
106000074,1402,1319,83
106000075,837,1999,-1162
106000076,2369,2576,-207
106000077,2785,1286,1499
106000078,2632,930,1702
106000079,1748,1398,350
106000080,2368,926,1442
106000081,1863,1231,632
106000082,2721,902,1819
106000083,630,1570,-940
106000084,1471,787,684
106000085,2473,1869,604
106000086,1124,1111,13
106000087,1552,607,945
106000088,814,984,-170
106000089,2511,434,2077
106000090,618,959,-341
106000091,326,689,-363
106000092,2572,628,1944
106000093,1090,276,814
106000094,64,549,-485
106000095,2215,1557,658
106000096,2954,936,2018
106000097,2779,1458,1321
106000098,2478,1240,1238
106000099,393,903,-510
106000100,3081,429,2652
106000101,1923,404,1519
106000102,172,764,-592
106000103,392,1028,-636
106000104,1855,791,1064
106000105,837,1186,-349
106000106,1891,592,1299
106000107,166,397,-231
106000108,887,204,683
106000109,437,182,255
106000110,866,207,659
106000111,325,305,20
106000112,656,1609,-953
106000113,1046,623,423
106000114,1088,2202,-1114
106000115,683,517,166
106000116,720,353,367
106000117,1877,739,1138
106000118,3041,2150,891
106000119,1703,789,914
106000120,2118,3037,-919
106000121,961,420,541
106000122,667,92,575
106000123,1980,230,1750
106000124,401,105,296
106000125,117,221,-104
106000126,910,130,780
106000127,3827,1032,2795
106000128,2469,358,2111
106000129,1832,660,1172
106000130,2575,660,1915
106000131,336,1546,-1210
106000132,1706,400,1306
106000133,3253,3888,-635
106000134,1159,7309,-6150
106000135,333,1142,-809
106000136,1757,3447,-1690
106000137,165,1521,-1356
106000138,5410,200,5210
106000139,307,110,197
106000140,39,89,-50
106000141,252,71,181
106000142,265,155,110
106000143,64,48,16
106000144,72,196,-124
106000145,1215,175,1040
106000146,894,281,613
106000147,1001,689,312
106000148,874,901,-27
106000149,1499,573,926
106000150,1700,4142,-2442
106000151,6360,977,5383
106000152,1599,4994,-3395
106000153,244,3138,-2894
106000154,2010,357,1653
106000155,433,546,-113
106000156,4147,400,3747
106000157,1472,3032,-1560
106000158,2775,968,1807
106000159,5160,4484,676
106000160,1690,8763,-7073
106000161,1795,516,1279
106000162,892,3132,-2240
106000163,894,383,511
106000164,1558,454,1104
106000165,599,958,-359
106000166,2639,620,2019
106000167,859,1965,-1106
106000168,2066,637,1429
106000169,658,910,-252
106000170,2560,1043,1517
106000171,434,2004,-1570
106000172,4142,3196,946
106000173,1279,4875,-3596
106000174,2585,616,1969
106000175,377,711,-334
106000176,5131,1550,3581
106000177,1809,3156,-1347
106000178,5072,2108,2964
106000179,1106,2036,-930
106000180,1358,850,508
106000181,3402,1962,1440
106000182,4416,945,3471
106000183,4242,459,3783
106000184,2968,962,2006
106000185,3764,3265,499
106000186,697,110,587
106000187,258,2744,-2486
106000188,0,4,-4
106000189,21,139,-118
106000190,71,12,59
106000191,1000,213,787
106000192,2,15,-13
106000193,705,345,360
106000194,326,717,-391
106000195,440,518,-78
106000196,159,1038,-879
106000197,1690,598,1092
106000198,408,435,-27
106000199,1335,2463,-1128
106000200,958,488,470
106000201,684,13228,-12544
106000202,5158,1058,4100
106000203,63,264,-201
106000204,170,6,164
106000205,14,172,-158
106000206,182,23,159
106000207,18,312,-294
106000208,5736,633,5103
106000209,4425,1418,3007
106000210,687,981,-294
106000211,258,1478,-1220
106000212,2346,848,1498
106000213,304,1594,-1290
106000214,2267,746,1521
106000215,635,640,-5
106000216,1422,628,794
106000217,217,587,-370
106000218,520,356,164
106000219,297,324,-27
106000220,950,307,643
106000221,865,162,703
106000222,190,217,-27
106000223,988,213,775
106000224,682,109,573
106000225,248,254,-6
106000226,158,278,-120
106000228,132,182,-50
106000229,398,768,-370
106000231,2305,171,2134
106000232,129,468,-339
106000233,1148,1367,-219
106000234,110,960,-850
106000235,691,1223,-532
106000236,157,1011,-854
106000237,0,30,-30
106000238,15,119,-104
106000239,2,129,-127
106000240,46,8,38
106000241,22,1015,-993
106000242,969,48,921
106000249,286,110,176
106000250,265,1620,-1355
106000251,372,37,335
106000252,39,171,-132
106000253,152,111,41
106000254,424,42,382
106000255,136,322,-186
106000256,223,35,188
106000257,212,295,-83
106000258,191,348,-157
106000259,5,372,-367
106000260,96,43,53
106000261,4,140,-136
106000262,186,44,142
106000263,61,114,-53
106000264,361,64,297
106000265,45,235,-190
106000266,224,27,197
106000267,36,166,-130
106000268,439,51,388
106000269,57,63,-6
106000270,169,352,-183
106000271,162,183,-21
106000272,276,103,173
106000273,40,286,-246
106000274,282,47,235
106000275,399,328,71
106000276,231,31,200
106000277,220,292,-72
106000278,249,25,224
106000279,96,18,78
106000280,298,28,270
106000281,131,32,99
106000282,190,109,81
106000283,313,57,256
106000284,286,153,133
106000285,227,120,107
106000286,283,127,156
106000287,158,84,74
106000288,238,178,60
106000289,248,143,105
106000290,245,121,124
106000291,227,128,99
106000292,305,235,70
106000293,208,93,115
106000294,187,88,99
106000295,67,125,-58
106000296,57,98,-41
106000297,90,342,-252
106000298,108,249,-141
106000299,95,90,5
106000300,57,173,-116
106000301,99,236,-137
106000303,86,50,36
106000304,118,19,99
106000305,126,47,79
106000306,67,50,17
106000307,296,28,268
106000308,81,135,-54
106000309,47,63,-16
106000310,734,480,254
106000311,910,300,610
106000312,267,248,19
106000313,707,216,491
106000318,123,600,-477
106000319,5503,642,4861
106000320,3,170,-167
106000321,301,626,-325
106000322,819,91,728
106000324,143,143,0
106000325,3673,1340,2333
106000326,1332,1594,-262
106000327,524,173,351
106000328,34,722,-688
106000329,100,961,-861
106000330,87,378,-291
106000428,117,402,-285
106000429,208,247,-39
106000430,455,2215,-1760
106000431,4223,665,3558
106000432,1164,3372,-2208
106000433,3620,1600,2020
106000434,6488,1714,4774
106000435,1725,2880,-1155
106000436,17,303,-286
106000437,1220,183,1037
106000438,406,1003,-597
106000439,149,1758,-1609
106000440,349,602,-253
106000441,2,3,-1
106000442,962,16,946
106000443,617,215,402
106000450,0,114,-114
106000451,34,237,-203
106000454,14,172,-158
106000455,12,131,-119
106000456,190,52,138
106000457,89,906,-817
106000458,2431,172,2259
106000459,1156,120,1036
106000460,3990,99,3891
106000461,877,313,564
106000462,9,98,-89
106000463,9,22,-13
106000464,4,264,-260
106000465,1543,12,1531
106000466,24,292,-268
106000467,223,439,-216
106000468,356,302,54
106000469,286,8,278
106000470,359,4851,-4492
106000471,9,412,-403
106000472,377,23,354
106000473,132,5,127
106000474,537,771,-234
106000475,793,284,509
106000476,289,412,-123
106000477,42,32,10
106900001,0,18,-18
106900002,6,287,-281
106900003,126,2110,-1984
106900004,0,16,-16
106900006,0,33,-33
106900007,0,28,-28
106900008,1857,121,1736
106900009,1420,214,1206
106900010,965,433,532
106900012,2056,6936,-4880
106900013,1576,372,1204
106900014,260,12,248
106900015,35,4,31
106900016,1012,39,973
106900017,78,0,78
106900018,21,0,21
106900019,417,2,415
106900020,2639,6088,-3449
106900021,238,115,123
106900022,2966,7,2959
106900023,177,174,3
106900024,1187,124,1063
106900025,33,815,-782
106900026,2,204,-202
106900027,2011,3,2008
107000001,5583,7069,-1486
107000002,2117,2683,-566
107000003,17995,13220,4775
107000004,5902,2251,3651
107000005,17794,12150,5644
107000006,5091,3221,1870
107000007,12330,13663,-1333
107000008,6444,3744,2700
107000009,18421,12384,6037
107000010,8250,4652,3598
107000011,1259,1981,-722
107000012,3687,3462,225
107000013,221,51,170
107000014,232,105,127
107000015,796,451,345
107000016,1928,551,1377
107000017,1091,3009,-1918
107000018,10,3132,-3122
107000020,979,2998,-2019
107000021,1852,645,1207
107000022,1739,4258,-2519
107000023,3199,376,2823
107000024,712,5000,-4288
107000025,733,400,333
107000026,350,851,-501
107000027,3321,1038,2283
107000028,2712,851,1861
107000029,8380,4660,3720
107000030,3628,2124,1504
107000031,11441,4919,6522
107000032,356,950,-594
107000033,3861,6938,-3077
107000034,7221,1889,5332
107000035,969,490,479
107000036,773,2630,-1857
107000037,180,1380,-1200
107000038,559,393,166
107000039,1956,1948,8
107000040,908,370,538
107000041,2007,1426,581
107000042,1116,4031,-2915
107000043,2559,1235,1324
107000044,475,600,-125
107000045,91,758,-667
107000046,1185,682,503
107000047,825,1747,-922
107000048,1050,723,327
107000049,710,1127,-417
107000050,1254,911,343
107000051,497,534,-37
107000052,1885,3136,-1251
107000053,799,1003,-204
107000054,46,183,-137
107000055,213,247,-34
107000056,896,577,319
107000057,1856,160,1696
107000058,3214,5761,-2547
107000059,3340,3791,-451
107000060,11364,9767,1597
107000061,6396,3725,2671
107000062,12974,6706,6268
107000063,5944,3828,2116
107000064,11103,9151,1952
107000065,4368,7374,-3006
107000066,2997,6110,-3113
107000067,2894,2419,475
107000068,1195,1931,-736
107000069,2233,1536,697
107000070,2526,9,2517
107000071,8660,83,8577
107000072,19,1335,-1316
107000073,2642,1398,1244
107000074,102,690,-588
107000075,4432,557,3875
107000076,519,850,-331
107000077,6247,1204,5043
107000078,781,1745,-964
107000079,5842,2077,3765
107000080,651,2001,-1350
107000081,6245,1392,4853
107000082,1347,1090,257
107000083,2960,1711,1249
107000084,372,1062,-690
107000085,5459,5123,336
107000086,4551,3178,1373
107000087,6528,5185,1343
107000088,5008,6002,-994
107000089,4145,5540,-1395
107000090,2667,1363,1304
107000091,3722,2378,1344
107000092,1866,1207,659
107000093,2715,2276,439
107000094,1866,1369,497
107000095,2873,1371,1502
107000096,1248,728,520
107000097,1269,1311,-42
107000098,494,871,-377
107000099,973,995,-22
107000100,447,724,-277
107000101,286,639,-353
107000102,462,587,-125
107000103,724,556,168
107000104,298,505,-207
107000105,1207,510,697
107000106,275,435,-160
107000107,1907,345,1562
107000108,357,702,-345
107000109,2465,477,1988
107000110,132,275,-143
107000111,1479,129,1350
107000112,81,211,-130
107000113,2268,244,2024
107000114,81,527,-446
107000115,1781,1542,239
107000116,157,1164,-1007
107000117,300,5643,-5343
107000118,160,264,-104
107000119,2527,2446,81
107000120,1389,2085,-696
107000121,1777,1113,664
107000122,1645,1089,556
107000123,1118,810,308
107000124,1253,529,724
107000125,2781,842,1939
107000126,3478,306,3172
107000127,85,733,-648
107000129,546,372,174
107000130,1470,710,760
107000131,620,591,29
107000132,1200,690,510
107000133,605,311,294
107000134,424,5,419
107000135,9,611,-602
107000136,891,9,882
107000137,16,746,-730
107000138,295,30,265
107000139,34,1419,-1385
107000140,3505,94,3411
107000141,197,1603,-1406
107000142,1017,151,866
107000143,126,2436,-2310
107000144,1121,1181,-60
107000145,432,1085,-653
107000146,334,673,-339
107000147,5890,972,4918
107000150,825,8494,-7669
107000151,24,78,-54
107000152,1618,4974,-3356
107000153,85,322,-237
107000154,25,391,-366
107000155,1801,38,1763
107000156,2605,36,2569
107000157,50,852,-802
107000158,1979,42,1937
107000159,28,433,-405
107000160,3916,344,3572
107000161,187,448,-261
107000162,863,1656,-793
107000163,604,6,598
107000164,2431,14,2417
107000165,3136,23,3113
107000166,261,329,-68
107000167,2006,491,1515
107000168,2160,1087,1073
107000169,396,501,-105
107000170,7501,1796,5705
107000171,1224,1312,-88
107000172,2989,3827,-838
107000173,670,625,45
107000174,2829,12845,-10016
107000175,5209,1036,4173
107000176,0,4,-4
107000177,17,2,15
107000178,121,21,100
107000179,1040,1401,-361
107000180,4436,450,3986
107000181,825,904,-79
107000182,4735,1038,3697
107000183,506,881,-375
107000184,3246,1201,2045
107000185,747,1745,-998
107000186,2056,754,1302
107000187,2367,2226,141
107000188,1320,541,779
107000189,1722,1192,530
107000190,1797,808,989
107000191,1570,1556,14
107000192,3027,1077,1950
107000193,796,1325,-529
107000194,877,832,45
107000197,1851,606,1245
107000198,546,1032,-486
107000199,1925,1310,615
107000200,2155,1499,656
107000201,1112,756,356
107000202,682,822,-140
107000203,730,2369,-1639
107000204,700,3158,-2458
107000205,1392,1200,192
107000206,742,1783,-1041
107000207,902,1728,-826
107000208,1103,1000,103
107000209,900,1495,-595
107000210,181,201,-20
107000211,4,102,-98
107000212,13,193,-180
107000213,7,32,-25
107000214,31,146,-115
107000215,1379,370,1009
107000216,1090,472,618
107000217,439,781,-342
107000219,168,333,-165
107000220,203,334,-131
107000222,685,391,294
107000224,1411,597,814
107000225,347,454,-107
107000226,1219,686,533
107000227,216,209,7
107000228,697,1068,-371
107000229,102,296,-194
107000230,2546,953,1593
107000231,769,2235,-1466
107000232,134,56,78
107000233,306,1017,-711
107000234,12,208,-196
107000235,121,60,61
107000236,24,809,-785
107000237,87,1,86
107000238,84,2,82
107000239,2594,1107,1487
107000240,931,466,465
107000241,44,14,30
107000242,266,32,234
107000243,0,140,-140
107000244,9,193,-184
107000246,2,618,-616
107000249,13,667,-654
107000251,5,371,-366
107000252,6,1472,-1466
107000255,419,556,-137
107000257,1,1631,-1630
107000258,2,327,-325
107000259,27,213,-186
107000260,4776,27,4749
107000262,263,252,11
107000263,1055,33,1022
107000266,49,69,-20
107000267,71,225,-154
107000268,476,101,375
107000269,127,5,122
107000270,377,170,207
107000271,5,0,5
107000272,207,2,205
107000273,5,241,-236
107000274,748,171,577
107000275,63,1378,-1315
107000280,2823,76,2747
107000281,52,450,-398
107000282,24,608,-584
107000290,17,115,-98
107000291,88,23,65
107000292,2,817,-815
107000293,28,33,-5
107000294,0,345,-345
107000295,102,21,81
107000296,0,25,-25
107000444,485,0,485
107000496,57,9,48
107000497,1506,1654,-148
107000500,820,788,32
107000501,251,399,-148
107000502,478,1273,-795
107000505,655,1197,-542
107000506,0,6,-6
107000508,83,339,-256
107000509,297,1177,-880
107000510,74,237,-163
107000514,101,795,-694
107000515,28,41,-13
107000516,1140,833,307
107000518,3766,6098,-2332
107000519,1709,656,1053
107000520,300,347,-47
107900001,289,37,252
107900002,138,18,120
107900003,2576,52,2524
107900004,613,2,611
107900005,5594,24,5570
107900006,538,19,519
107900007,826,106,720
107900008,95,6,89
107900009,172,14,158
107900010,198,8,190
107900012,537,98,439
107900013,504,18,486
107900014,350,22,328
107900015,3954,52,3902
107900016,754,145,609
107900017,178,2,176
107900018,92,708,-616
107900019,31,24,7
107900020,39,53,-14
107900021,480,60,420
107900023,9,4,5
107900024,6,25,-19
107900025,399,152,247
107900026,98,24,74
107900027,18,127,-109
107900028,842,47,795
107900030,450,74,376
107900031,286,115,171
107900032,54,34,20
107900033,47,22,25
107900034,573,42,531
107900035,3754,209,3545
107900036,128,68,60
107900037,2,30,-28
107900038,90,773,-683
107900039,59,14,45
107900040,21,325,-304
107900041,7,7,0
107900043,361,136,225
107900044,29,29,0
107900045,227,72,155
107900046,619,611,8
107900047,119,70,49
107900048,685,77,608
107900049,867,2537,-1670
107900050,70,499,-429
107900051,114,14,100
107900052,36,134,-98
107900053,220,100,120
107900055,1082,553,529
107900056,212,252,-40
107900057,16,0,16
107900058,51,919,-868
107900060,43,293,-250
107900061,3,28,-25
107900063,172,274,-102
107900064,281,1236,-955
107900065,1135,47,1088
107900066,74,14,60
107900067,3,0,3
107900068,182,1282,-1100
107900069,62,6486,-6424
107900070,367,321,46
107900071,41,384,-343
107900072,491,63,428
107900073,265,147,118
107900074,164,904,-740
107900076,389,101,288
107900077,312,7,305
107900078,243,171,72
107900079,71,49,22
107900080,125,1208,-1083
107900081,206,71,135
107900082,2,10,-8
107900083,707,245,462
107900084,372,363,9
107900086,22,691,-669
107900087,562,106,456
107900088,211,21,190
107900089,580,1302,-722
107900090,791,5038,-4247
107900091,241,164,77
107900092,2094,200,1894
107900093,107,142,-35
107900095,1934,2061,-127
107900097,105,135,-30
107900098,201,1282,-1081
107900100,535,2610,-2075
107900101,743,111,632
107900102,162,14,148
107900103,227,186,41
107900104,526,5,521
107900105,27,151,-124
107900106,51,417,-366
107900107,1661,482,1179
107900108,304,94,210
107900109,3905,87,3818
107900110,254,141,113
107900111,4,377,-373
107900112,97,1181,-1084
107900113,399,42,357
107900114,496,118,378
107900115,1,13,-12
107900116,733,72,661
107900117,449,314,135
107900118,88,212,-124
107900119,247,485,-238
107900120,129,41,88
107900121,8,225,-217
107900122,1,284,-283
107900123,43,196,-153
107900124,11,91,-80
107900125,12,298,-286
107900126,152,626,-474
107900127,914,404,510
107900128,125,144,-19
107900129,310,13,297
107900130,290,27,263
107900131,141,331,-190
107900132,110,336,-226
107900133,0,37,-37
107900134,48,138,-90
107900135,9,30,-21
107900136,84,43,41
107900137,167,162,5
107900138,243,31,212
107900139,225,58,167
107900140,173,102,71
107900141,54,50,4
107900142,110,597,-487
107900143,61,17,44
107900144,0,41,-41
107900145,11,84,-73
107900146,48,161,-113
107900147,51,24,27
107900148,261,196,65
107900149,773,58,715
107900150,106,524,-418
107900151,91,42,49
107900152,58,183,-125
107900153,338,414,-76
107900154,65,75,-10
107900155,176,247,-71
107900156,4,61,-57
107900157,31,93,-62
107900158,3039,215,2824
107900159,113,414,-301
107900160,239,61,178
107900161,382,86,296
107900162,3,68,-65
107900163,21,89,-68
107900164,45,170,-125
107900165,7,491,-484
107900166,98,73,25
107900167,28,100,-72
107900168,216,125,91
107900169,16,4415,-4399
107900171,368,570,-202
107900172,1,346,-345
107900173,123,31,92
107900174,408,4,404
107900175,61,288,-227
107900176,173,35,138
107900177,2,215,-213
107900178,0,259,-259
107900179,98,198,-100
107900180,441,2151,-1710
107900181,536,507,29
107900182,37,629,-592
107900183,211,50,161
107900184,410,468,-58
107900185,358,27,331
107900186,71,35,36
107900187,16,273,-257
107900188,865,123,742
107900189,133,200,-67
107900190,29,223,-194
107900191,160,261,-101
107900193,4,111,-107
107900194,361,46,315
107900195,2296,238,2058
107900196,133,50,83
107900197,379,473,-94
107900199,0,643,-643
107900201,277,250,27
107900203,82,88,-6
107900204,352,402,-50
107900205,376,408,-32
107900206,312,989,-677
107900207,13,412,-399
107900208,12,253,-241
107900209,669,175,494
107900210,78,84,-6
107900213,950,684,266
107900214,32,475,-443
107900215,356,741,-385
107900216,17,42,-25
107900217,118,124,-6
107900218,19,1198,-1179
107900219,214,49,165
107900220,79,284,-205
107900221,336,468,-132
107900223,325,162,163
107900224,329,755,-426
107900225,6,629,-623
107900226,20,68,-48
107900227,363,502,-139
107900228,59,227,-168
107900229,2,79,-77
107900230,95,52,43
107900231,54,80,-26
107900232,573,92,481
107900233,6,35,-29
107900234,540,237,303
107900235,188,269,-81
107900236,948,116,832
107900237,20,438,-418
107900238,93,34,59
107900239,690,1050,-360
107900240,184,70,114
107900241,6,33,-27
107900242,87,464,-377
107900243,1,37,-36
107900244,725,9,716
107900245,1953,142,1811
107900246,552,321,231
107900248,356,234,122
107900249,2239,333,1906
107900250,2,308,-306
107900251,79,812,-733
107900252,1738,87,1651
107900253,460,86,374
107900254,142,409,-267
107900255,281,60,221
107900256,822,2120,-1298
107900257,970,298,672
107900258,248,66,182
107900259,68,7635,-7567
107900261,6,166,-160
107900262,220,90,130
107900264,1284,50,1234
107900265,290,510,-220
107900267,832,35,797
107900268,104,9,95
107900269,0,22,-22
107900270,2,4,-2
107900271,0,95,-95
107900272,49,39,10
107900273,127,74,53
107900274,225,0,225
107900275,148,0,148
107900276,1,10,-9
107900277,1,28,-27
107900278,1113,135,978
107900279,28,57,-29
107900280,3774,1798,1976
107900281,1442,14715,-13273
107900282,40,1768,-1728
107900283,1004,1891,-887
107900284,1527,1282,245
107900285,351,32,319
107900286,54,57,-3
107900287,832,148,684
107900290,7,1335,-1328
107900291,1107,41,1066
107900292,388,114,274
107900293,171,311,-140
107900295,147,68,79
107900297,7,652,-645
107900298,1006,968,38
107900299,3768,4954,-1186
107900300,121,1319,-1198
107900301,1982,1470,512
107900302,200,88,112
107900303,703,682,21
107900304,1168,109,1059
107900305,565,27,538
107900306,4,98,-94
107900307,17,334,-317
107900308,246,335,-89
107900309,111,0,111
107900310,80,2,78
107900311,5,535,-530
107900312,122,2,120
107900313,15,234,-219
107900314,6,196,-190
107900315,0,66,-66
107900316,26,3,23
107900317,171,9,162
107900318,8,339,-331
107900319,17,46,-29
107900320,128,71,57
107900321,428,16,412
107900322,4,24,-20
107900323,374,135,239
107900324,264,12,252
107900325,384,6,378
107900326,1388,117,1271
107900327,1,245,-244
107900328,38,0,38
107900329,60,628,-568
107900330,22,165,-143
107900331,1014,97,917
107900332,981,12,969
107900333,149,68,81
107900334,24,72,-48
107900335,44,149,-105
107900336,55,331,-276
107900337,655,1600,-945
107900338,3,158,-155
107900339,0,17,-17
107900340,1,134,-133
107900341,160,2,158
107900342,268,118,150
107900343,64,17,47
107900344,8,145,-137
107900345,141,27,114
107900346,22,2,20
107900347,86,1,85
107900348,2,2,0
107900349,99,4,95
107900350,84,325,-241
108000001,7688,6880,808
108000002,2141,2027,114
108000003,4767,5505,-738
108000004,12870,13074,-204
108000005,12044,9463,2581
108000006,5072,5097,-25
108000007,9899,9721,178
108000008,4845,5272,-427
108000009,11124,10016,1108
108000010,3526,6181,-2655
108000011,21917,17457,4460
108000012,12341,11406,935
108000014,809,1975,-1166
108000015,2154,306,1848
108000016,509,478,31
108000017,2511,584,1927
108000018,3486,1667,1819
108000019,1549,1567,-18
108000020,1947,728,1219
108000021,372,1669,-1297
108000022,722,1043,-321
108000023,3366,487,2879
108000024,744,448,296
108000025,1050,222,828
108000026,1595,759,836
108000027,1823,368,1455
108000028,1391,458,933
108000029,1383,582,801
108000030,866,489,377
108000031,248,1166,-918
108000032,5049,1300,3749
108000033,1139,879,260
108000034,3896,969,2927
108000035,931,1841,-910
108000036,1068,922,146
108000037,5121,532,4589
108000038,6873,648,6225
108000039,1038,1374,-336
108000040,4280,1671,2609
108000041,578,2282,-1704
108000042,989,175,814
108000043,453,329,124
108000044,1290,171,1119
108000045,570,239,331
108000046,4125,728,3397
108000047,702,846,-144
108000048,162,329,-167
108000049,1617,294,1323
108000050,133,292,-159
108000051,873,532,341
108000052,327,386,-59
108000053,768,539,229
108000054,447,1492,-1045
108000055,1875,1141,734
108000056,738,1743,-1005
108000057,1162,2385,-1223
108000058,2807,8875,-6068
108000059,2765,1730,1035
108000060,453,1005,-552
108000061,167,206,-39
108000062,2535,1183,1352
108000063,860,643,217
108000064,688,397,291
108000065,1140,702,438
108000066,3656,2312,1344
108000067,5239,1779,3460
108000068,1774,1005,769
108000069,244,915,-671
108000070,4543,1581,2962
108000071,921,1601,-680
108000072,2403,1417,986
108000073,1303,1282,21
108000074,1298,1164,134
108000075,630,517,113
108000076,1610,1083,527
108000077,909,652,257
108000078,4753,1450,3303
108000079,1001,947,54
108000080,3859,913,2946
108000081,1429,876,553
108000082,957,1467,-510
108000083,3951,1370,2581
108000084,906,1475,-569
108000085,2924,1412,1512
108000086,494,677,-183
108000087,230,4984,-4754
108000088,627,33,594
108000089,603,754,-151
108000090,1388,411,977
108000091,237,722,-485
108000092,685,322,363
108000093,715,656,59
108000094,2445,298,2147
108000095,395,616,-221
108000096,1280,476,804
108000097,317,619,-302
108000098,5680,2131,3549
108000099,574,151,423
108000100,119,439,-320
108000101,2299,2346,-47
108000102,2309,5022,-2713
108000106,1506,2,1504
108000107,6,1702,-1696
108000108,1384,155,1229
108000109,3,582,-579
108000110,1092,514,578
108000111,520,1312,-792
108000112,109,384,-275
108000113,623,351,272
108000115,480,519,-39
108000117,802,665,137
108000118,47,917,-870
108000119,1040,454,586
108000120,481,1797,-1316
108000121,570,786,-216
108000122,2070,688,1382
108000123,1579,559,1020
108000124,716,1621,-905
108000125,1404,313,1091
108000126,438,501,-63
108000127,1721,482,1239
108000128,1783,327,1456
108000129,693,1476,-783
108000130,1119,689,430
108000131,1124,287,837
108000132,791,923,-132
108000133,2198,510,1688
108000134,891,401,490
108000135,1980,1503,477
108000136,864,715,149
108000137,1052,222,830
108000138,1143,721,422
108000139,1429,391,1038
108000140,1158,37,1121
108000141,181,28,153
108000142,166,114,52
108000143,119,32,87
108000144,235,9,226
108000145,199,4,195
108000146,336,21,315
108000147,52,17,35
108000148,290,65,225
108000149,62,5,57
108000150,127,26,101
108000151,17,10,7
108000152,330,243,87
108000153,1767,215,1552
108000154,93,1,92
108000155,81,90,-9
108000156,433,252,181
108000157,550,4540,-3990
108000158,124,2071,-1947
108000159,308,426,-118
108000160,2533,2693,-160
108000161,3125,9588,-6463
108000165,4,875,-871
108000172,6,663,-657
108000173,718,3725,-3007
108000175,938,194,744
108000178,533,371,162
108000179,206,1678,-1472
108000181,106,37,69
108000182,145,12,133
108000183,15,20,-5
108000184,979,6226,-5247
108000185,873,351,522
108000186,567,173,394
108000187,399,474,-75
108000188,2146,209,1937
108000189,616,3220,-2604
108000190,69,127,-58
108000192,723,179,544
108000193,558,29,529
108000194,64,17,47
108000195,5,1236,-1231
108000196,528,723,-195
108000198,1224,128,1096
108000199,0,435,-435
108000200,1503,466,1037
108000202,2,603,-601
108000203,628,563,65
108000204,387,152,235
108000205,349,375,-26
108000339,1450,749,701
108000364,105,365,-260
108000365,91,712,-621
108000367,471,320,151
108000368,73,88,-15
108000369,754,138,616
108000371,0,656,-656
108000372,1493,6,1487
108000373,392,99,293
108000376,242,25,217
108000377,1594,97,1497
108000378,13820,23655,-9835
108000379,29,472,-443
108000381,318,6,312
108000382,119,1,118
108000383,2,391,-389
108900001,27,498,-471
108900002,465,105,360
108900003,248,650,-402
108900004,11,864,-853
108900005,109,719,-610
108900006,1983,472,1511
108900007,765,251,514
108900008,373,192,181
108900009,345,418,-73
108900010,798,253,545
108900011,1870,299,1571
108900012,954,414,540
108900013,335,651,-316
108900014,100,184,-84
108900015,2,458,-456
108900016,3,160,-157
108900017,375,1308,-933
108900018,356,644,-288
108900019,101,465,-364
108900020,52,183,-131
108900021,210,182,28
108900022,276,42,234
108900023,8,179,-171
108900024,140,74,66
108900025,648,80,568
108900026,46,40,6
108900027,2,57,-55
108900028,283,103,180
108900029,220,251,-31
108900030,1,21,-20
108900031,817,139,678
108900032,24,195,-171
108900033,0,60,-60
108900034,0,34,-34
108900035,770,439,331
108900036,374,335,39
108900037,58,221,-163
108900038,2,102,-100
108900039,0,64,-64
108900040,21,43,-22
108900041,7257,4858,2399
108900042,17,493,-476
108900043,61,1100,-1039
108900044,0,92,-92
108900045,241,140,101
108900046,27,207,-180
108900047,0,112,-112
108900048,270,277,-7
108900049,1534,5665,-4131
108900050,4,90,-86
108900051,0,68,-68
108900052,77,74,3
108900053,220,1202,-982
108900054,83,126,-43
108900055,37,444,-407
108900056,0,45,-45
108900057,0,115,-115
108900058,119,106,13
108900059,2637,129,2508
108900060,165,275,-110
108900061,138,18,120
108900062,0,324,-324
108900063,24,94,-70
108900064,1058,25,1033
108900065,90,126,-36
108900066,1013,251,762
108900067,9,249,-240
108900068,0,35,-35
108900069,402,13,389
108900070,84,43,41
108900071,356,96,260
108900072,1950,303,1647
108900073,16,29,-13
108900074,1338,107,1231
108900075,15,26,-11
108900076,1033,54,979
108900077,142,293,-151
108900078,154,29,125
108900079,359,339,20
108900080,20,2197,-2177
108900081,85,392,-307
108900082,215,15,200
108900083,26,527,-501
108900084,378,168,210
108900085,2014,372,1642
108900086,533,51,482
108900087,114,300,-186
108900088,1196,731,465
108900089,12,216,-204
108900090,313,67,246
108900091,212,130,82
108900092,876,556,320
108900093,152,165,-13
108900094,835,334,501
108900095,35,509,-474
108900096,402,44,358
108900097,479,179,300
108900098,1974,2574,-600
108900099,1033,189,844
108900100,160,125,35
108900101,523,1090,-567
108900102,21,2709,-2688
108900103,271,488,-217
108900104,95,470,-375
108900105,26,4878,-4852
108900106,1158,225,933
108900108,545,67,478
108900109,136,176,-40
108900110,413,259,154
108900111,1182,300,882
108900112,760,29,731
108900113,77,168,-91
108900114,0,17,-17
108900115,284,298,-14
108900116,308,42,266
108900117,575,42,533
108900118,1797,65,1732
108900119,1083,53,1030
108900120,321,501,-180
108900121,403,225,178
108900122,581,60,521
108900123,606,201,405
108900124,2316,299,2017
108900125,1835,20,1815
108900126,344,182,162
108900127,662,102,560
108900128,528,147,381
108900129,2693,219,2474
108900130,1896,5,1891
108900131,1051,18,1033
108900132,1854,252,1602
108900133,914,85,829
108900134,1693,256,1437
108900135,811,43,768
108900136,47,1,46
108900137,716,14,702
108900138,2564,193,2371
108900139,1664,196,1468
108900140,1419,64,1355
108900141,1481,54,1427
108900142,200,15,185
108900143,264,0,264
108900144,443,10,433
108900145,1027,104,923
108900146,351,1,350
108900147,837,7,830
108900148,291,51,240
108900149,932,1310,-378
108900150,517,6,511
108900151,53,43,10
108900152,251,354,-103
108900153,955,200,755
108900154,11103,482,10621
108900155,717,72,645
108900156,325,12,313
108900157,67,430,-363
108900158,1451,327,1124
108900159,199,149,50
108900160,21,202,-181
108900161,185,558,-373
108900162,584,23,561
108900163,10,513,-503
108900164,210,137,73
108900165,130,72,58
108900167,1560,22117,-20557
108900168,5496,3520,1976
108900169,67,225,-158
108900171,4767,6397,-1630
108900172,334,181,153
108900173,114,559,-445
108900174,1813,714,1099
108900176,323,371,-48
108900177,4473,18210,-13737
108900178,3703,10226,-6523
108900179,540,3773,-3233
108900180,103,439,-336
108900182,135,855,-720
108900183,253,534,-281
108900184,828,428,400
108900185,114,1029,-915
108900186,220,709,-489
108900187,1477,64,1413
108900188,2005,186,1819
108900189,761,672,89
108900190,129,3454,-3325
108900191,199,269,-70
108900192,181,249,-68
108900193,81,57,24
108900194,78,508,-430
108900195,163,138,25
108900196,326,379,-53
108900198,8,352,-344
108900199,417,507,-90
108900200,1315,839,476
108900201,534,1397,-863
108900203,765,227,538
108900204,642,44,598
108900205,513,43,470
108900206,1119,219,900
108900207,516,665,-149
108900208,44,535,-491
108900209,216,797,-581
108900210,118,187,-69
108900211,403,1046,-643
108900212,101,3496,-3395
108900215,107,470,-363
108900216,290,773,-483
108900217,154,1,153
108900218,113,32,81
108900219,55,9,46
108900220,143,34,109
108900221,53,68,-15
108900222,637,24,613
108900223,4,108,-104
108900224,137,184,-47
108900225,2,247,-245
108900226,1038,96,942
108900227,456,736,-280
108900230,120,356,-236
108900231,15,179,-164
108900232,0,136,-136
108900233,996,258,738
108900234,446,315,131
108900235,351,485,-134
108900236,65,605,-540
108900237,75,80,-5
108900240,328,234,94
108900241,172,86,86
108900245,8,4647,-4639
108900249,225,38,187
108900250,790,123,667
108900257,611,436,175
108900258,28,98,-70
108900259,82,45,37
108900260,31,32,-1
108900261,64,79,-15
108900262,121,300,-179
108900263,98,312,-214
108900264,247,366,-119
108900265,961,958,3
108900266,182,3716,-3534
108900267,5,676,-671
108900268,34,79,-45
108900269,449,66,383
108900270,484,52,432
108900271,177,370,-193
108900272,979,155,824
108900273,465,1608,-1143
108900274,95,17,78
109000001,6795,4858,1937
109000002,822,4242,-3420
109000003,6601,838,5763
109000004,806,2506,-1700
109000005,4205,995,3210
109000006,1500,2603,-1103
109000007,4676,1416,3260
109000008,1021,2012,-991
109000009,6869,2172,4697
109000010,1078,3475,-2397
109000011,8964,4375,4589
109000012,2103,3926,-1823
109000013,10401,10230,171
109000014,2829,3005,-176
109000015,6209,23976,-17767
109000016,6402,3156,3246
109000017,6664,2506,4158
109000018,2229,2754,-525
109000019,5158,2502,2656
109000020,1685,3217,-1532
109000023,616,19,597
109000024,6,311,-305
109000025,342,1330,-988
109000026,1083,397,686
109000027,232,580,-348
109000028,246,83,163
109000029,170,751,-581
109000030,49,483,-434
109000031,644,196,448
109000032,182,677,-495
109000033,1114,432,682
109000034,83,95,-12
109000035,50,78,-28
109000036,96,535,-439
109000037,677,6185,-5508
109000038,435,505,-70
109000039,1733,1511,222
109000040,5913,27768,-21855
109000041,2042,5758,-3716
109000042,852,3462,-2610
109000044,769,225,544
109000045,140,553,-413
109000046,1013,179,834
109000047,162,530,-368
109000048,608,741,-133
109000049,335,982,-647
109000050,479,582,-103
109000051,456,258,198
109000052,1290,639,651
109000053,992,160,832
109000054,327,515,-188
109000055,666,491,175
109000056,850,685,165
109000057,2221,860,1361
109000058,498,216,282
109000059,305,1725,-1420
109000060,181,555,-374
109000061,670,3634,-2964
109000062,360,557,-197
109000063,498,289,209
109000064,1080,269,811
109000065,453,580,-127
109000066,1182,80,1102
109000067,166,674,-508
109000068,1110,47,1063
109000069,1095,41,1054
109000070,196,1360,-1164
109000071,775,110,665
109000072,175,375,-200
109000073,117,226,-109
109000074,22,254,-232
109000075,126,436,-310
109000076,143,591,-448
109000077,466,270,196
109000078,191,216,-25
109000079,251,97,154
109000080,470,80,390
109000081,334,453,-119
109000082,2050,242,1808
109000083,770,642,128
109000088,309,356,-47
109000089,649,189,460
109000090,163,383,-220
109000091,970,294,676
109000092,402,433,-31
109000093,513,289,224
109000094,1679,9,1670
109000095,382,381,1
109000096,2288,330,1958
109000097,117,131,-14
109000098,144,205,-61
109000099,1571,222,1349
109000100,743,585,158
109000101,3902,648,3254
109000102,1232,645,587
109000103,1478,912,566
109000104,5513,573,4940
109000105,1181,1033,148
109000106,3856,853,3003
109000107,1215,1732,-517
109000108,4768,1075,3693
109000109,947,1377,-430
109000110,2572,889,1683
109000111,1449,2131,-682
109000112,827,244,583
109000113,521,766,-245
109000114,236,944,-708
109000115,1455,23,1432
109000116,13,390,-377
109000117,588,48,540
109000118,8,240,-232
109000119,3985,173,3812
109000120,1004,968,36
109000121,1246,33,1213
109000122,475,382,93
109000123,48,40,8
109000124,2073,554,1519
109000125,2067,505,1562
109000126,1228,716,512
109000127,3056,222,2834
109000128,1308,857,451
109000129,6780,856,5924
109000130,721,918,-197
109000131,1281,1038,243
109000132,614,1923,-1309
109000133,417,612,-195
109000134,991,2191,-1200
109000135,885,2117,-1232
109000136,542,555,-13
109000137,789,660,129
109000138,1018,290,728
109000139,1562,888,674
109000140,526,354,172
109000141,1427,718,709
109000142,295,755,-460
109000143,242,188,54
109000145,109,262,-153
109000146,26,80,-54
109000148,3380,3427,-47
109000149,38,106,-68
109000150,51,406,-355
109000155,1752,1217,535
109000156,1833,423,1410
109000158,111,340,-229
109000159,166,912,-746
109000160,3212,350,2862
109000161,1292,1919,-627
109000162,4429,719,3710
109000163,2582,1759,823
109000164,3290,2470,820
109000165,3527,854,2673
109000166,3308,165,3143
109000167,283,642,-359
109000170,40,62,-22
109000171,269,62,207
109000172,58,77,-19
109000173,57,314,-257
109000174,444,59,385
109000175,75,189,-114
109000176,1278,356,922
109000177,93,234,-141
109000178,1181,75,1106
109000179,4206,11259,-7053
109000180,5525,5211,314
109000181,33,12,21
109000182,171,22,149
109000183,125,45,80
109000184,112,11,101
109000185,55,19,36
109000188,530,2654,-2124
109000189,5933,3302,2631
109000190,1382,644,738
109000191,697,625,72
109000192,1428,175,1253
109000193,1203,170,1033
109000194,806,97,709
109000195,736,134,602
109000196,627,87,540
109000197,746,301,445
109000198,571,66,505
109000199,339,454,-115
109000206,284,57,227
109000207,420,45,375
109000208,292,244,48
109000209,242,119,123
109000210,343,664,-321
109000211,2114,835,1279
109000214,854,230,624
109000215,169,77,92
109000216,597,626,-29
109000217,245,1046,-801
109000218,567,753,-186
109000221,235,901,-666
109000222,1140,305,835
109000223,1243,947,296
109000224,178,59,119
109000225,343,53,290
109000226,130,238,-108
109000227,4339,663,3676
109000228,2,1082,-1080
109000231,3,135,-132
109000232,1934,90,1844
109000236,556,640,-84
109000241,3219,1379,1840
109000242,2204,716,1488
109000293,143,431,-288
109000361,63,232,-169
109000364,186,1144,-958
109000396,1,374,-373
109000397,1453,51,1402
109000399,230,495,-265
109000400,220,395,-175
109000403,46,2372,-2326
109000406,1243,6,1237
109000407,469,203,266
109000408,0,560,-560
109000410,1319,410,909
109000411,491,25,466
109900001,304,0,304
109900002,2002,31,1971
109900003,1070,13,1057
109900004,471,143,328
109900005,65,2,63
109900006,1119,119,1000
109900007,2770,205,2565
109900008,0,39,-39
109900009,274,321,-47
109900010,1353,51,1302
109900011,38,84,-46
109900012,794,1688,-894
109900013,711,551,160
109900014,824,156,668
109900015,202,143,59
109900016,207,32,175
109900017,734,528,206
109900018,357,48,309
109900019,569,170,399
109900020,148,66,82
109900021,93,36,57
109900022,148,414,-266
109900023,96,27,69
109900024,15,19,-4
109900025,10,77,-67
109900026,7,150,-143
109900027,119,48,71
109900028,670,3755,-3085
109900029,5,214,-209
109900030,72,30,42
109900031,2,962,-960
109900032,7,200,-193
109900033,4,755,-751
109900034,97,15,82
109900035,109,252,-143
109900036,62,40,22
109900037,25,304,-279
109900038,168,471,-303
109900039,16,1,15
109900040,47,343,-296
109900041,102,408,-306
109900042,30,948,-918
109900044,161,521,-360
109900045,233,60,173
109900046,97,192,-95
109900047,461,432,29
109900048,2,140,-138
109900049,20,104,-84
109900050,2,55,-53
109900051,1,6,-5
109900052,86,293,-207
109900053,3,77,-74
109900054,2073,181,1892
109900055,200,227,-27
109900056,92,593,-501
109900057,1,64,-63
109900058,2,59,-57
109900059,2776,88,2688
109900060,2098,123,1975
109900061,120,175,-55
109900062,1,138,-137
109900063,20,647,-627
109900064,1382,200,1182
109900065,168,152,16
109900066,496,653,-157
109900067,0,197,-197
109900068,130,10,120
109900069,128,43,85
109900070,95,128,-33
109900071,81,28,53
109900072,65,84,-19
109900073,1467,157,1310
109900074,22,13,9
109900075,69,66,3
109900076,33,66,-33
109900077,96,36,60
109900078,163,218,-55
109900080,382,183,199
109900081,6,343,-337
109900082,123,177,-54
109900083,61,57,4
109900084,90,325,-235
109900085,136,343,-207
109900086,234,1991,-1757
109900087,74,591,-517
109900089,1727,253,1474
109900090,279,822,-543
109900091,1003,226,777
109900092,492,114,378
109900093,2421,223,2198
109900094,195,176,19
109900095,119,253,-134
109900096,302,13,289
109900097,325,4,321
109900098,1146,58,1088
109900099,904,9,895
109900100,140,0,140
109900101,1928,10,1918
109900102,1196,29,1167
109900103,46,102,-56
109900104,2321,144,2177
109900105,1369,66,1303
109900106,743,39,704
109900107,1262,69,1193
109900108,324,383,-59
109900109,50,520,-470
109900110,110,280,-170
109900111,122,476,-354
109900112,252,288,-36
109900113,1519,802,717
109900114,1015,2856,-1841
109900115,284,230,54
109900117,2744,134,2610
109900118,270,250,20
109900119,154,734,-580
109900120,214,38,176
109900121,459,419,40
109900122,1304,7,1297
109900123,38,79,-41
109900124,163,230,-67
109900125,1,238,-237
109900126,842,34,808
109900128,779,124,655
109900130,4295,7041,-2746
109900131,109,109,0
109900132,49,90,-41
109900133,182,297,-115
109900134,85,593,-508
109900135,440,48,392
109900136,74,309,-235
109900137,503,408,95
109900138,1037,234,803
109900140,444,179,265
109900142,3949,332,3617
109900145,4,1023,-1019
109900146,250,66,184
109900148,51,89,-38
109900149,69,62,7
109900150,106,124,-18
109900151,46,43,3
109900152,1,34,-33
109900153,0,391,-391
109900154,64,2,62
109900155,145,51,94
109900157,58,141,-83
109900158,127,233,-106
109900159,264,96,168
109900160,305,71,234
109900161,747,99,648
109900162,853,240,613
109900163,492,322,170
109900164,74,422,-348
109900165,555,14,541
109900166,2,170,-168
109900167,293,406,-113
109900168,283,742,-459
109900169,337,204,133
109900170,389,3072,-2683
109900171,722,140,582
109900172,651,665,-14
109900173,2771,4480,-1709
109900174,129,197,-68
109900175,136,306,-170
109900176,482,269,213
109900177,92,167,-75
109900178,6,778,-772
109900179,16,259,-243
109900180,18,38,-20
110000001,1023,662,361
110000002,728,1030,-302
110000003,895,1268,-373
110000004,576,954,-378
110000005,553,3237,-2684
110000006,423,369,54
110000007,306,155,151
110000008,41,590,-549
110000009,85,44,41
110000010,84,230,-146
110000011,58,69,-11
110000012,1123,272,851
110000013,93,1571,-1478
110000014,872,570,302
110000015,316,1290,-974
110000016,579,2926,-2347
110000017,4365,650,3715
110000018,3662,357,3305
110000019,29,124,-95
110000020,2035,542,1493
110000021,234,751,-517
110000022,2628,171,2457
110000023,20,165,-145
110000024,773,661,112
110000025,2335,9,2326
110000026,12,372,-360
110000027,861,3774,-2913
110000028,1869,658,1211
110000029,809,735,74
110000030,654,685,-31
110000031,510,345,165
110000032,2182,272,1910
110000033,415,789,-374
110000034,1210,783,427
110000035,1071,742,329
110000036,3203,937,2266
110000037,629,676,-47
110000038,541,1269,-728
110000039,1758,11786,-10028
110000040,474,428,46
110000041,499,4201,-3702
110000042,129,974,-845
110000043,1345,666,679
110000044,73,1418,-1345
110000045,230,310,-80
110000046,5,139,-134
110000047,12,245,-233
110000048,7,169,-162
110000049,9,31,-22
110000050,4,321,-317
110000051,47,20,27
110000052,104,24,80
110000053,25,11,14
110000054,156,2439,-2283
110000055,231,327,-96
110000056,144,356,-212
110000057,463,755,-292
110000058,2005,812,1193
110000059,1299,916,383
110000060,2368,1453,915
110000061,708,988,-280
110000062,828,1373,-545
110000063,102,581,-479
110000064,126,86,40
110000065,408,371,37
110000066,178,42,136
110000067,155,196,-41
110000068,679,124,555
110000069,1374,38,1336
110000071,1319,51,1268
110000073,51,2,49
110000075,39,297,-258
110000076,950,1101,-151
110000077,612,2860,-2248
110000078,264,16,248
110000080,368,374,-6
110000081,66,438,-372
110000082,29,647,-618
110000083,498,415,83
110000084,2457,1952,505
110000085,1096,1491,-395
110000086,1096,4042,-2946
110000087,37,97,-60
110000088,258,428,-170
110000089,832,77,755
110000090,120,439,-319
110000091,1169,215,954
110000092,41,33,8
110000093,157,48,109
110000094,963,312,651
110000095,342,1050,-708
110000096,1688,3474,-1786
110000097,1364,2882,-1518
110000098,3462,1223,2239
110000099,1594,2119,-525
110000100,3216,325,2891
110000101,183,163,20
110000102,168,31,137
110000104,744,539,205
110000105,66,482,-416
110000106,1016,652,364
110000107,192,516,-324
110000108,211,253,-42
110000109,345,433,-88
110000110,3004,5526,-2522
110000111,5141,4777,364
110000112,222,1803,-1581
110000113,163,4997,-4834
110000114,897,1362,-465
110000115,985,462,523
110000116,219,142,77
110000117,838,418,420
110000118,1529,229,1300
110000119,1155,368,787
110000120,719,260,459
110000121,177,759,-582
110000122,375,397,-22
110000123,1018,634,384
110000124,2,489,-487
110000125,1734,15,1719
110000126,490,42,448
110000127,2122,210,1912
110000128,23,891,-868
110000129,7,405,-398
110000130,467,674,-207
110000131,71,359,-288
110000132,0,566,-566
110000133,60,549,-489
110000134,23,531,-508
110000135,338,80,258
110000136,138,430,-292
110000137,1565,878,687
110000138,1721,880,841
110000139,3035,595,2440
110000140,1359,1158,201
110000143,802,518,284
110000144,2413,2911,-498
110000145,2353,2420,-67
110000146,1936,1963,-27
110000147,716,2476,-1760
110000148,1235,360,875
110000151,729,3386,-2657
110000152,626,1026,-400
110000153,680,22,658
110000154,121,48,73
110000155,1087,3249,-2162
110000156,1133,2206,-1073
110000157,1434,3235,-1801
110000160,621,364,257
110000161,583,400,183
110000166,1838,162,1676
110000167,3288,1041,2247
110000168,1508,1128,380
110000169,1543,582,961
110000170,437,140,297
110000171,1734,158,1576
110000172,851,610,241
110000173,814,840,-26
110000174,158,631,-473
110000175,2146,226,1920
110000176,72,1396,-1324
110000177,514,2909,-2395
110000178,806,5209,-4403
110000179,1901,409,1492
110000180,1006,458,548
110000181,2262,553,1709
110000182,857,143,714
110000183,9200,15514,-6314
110000184,615,6637,-6022
110000185,899,998,-99
110000186,759,1158,-399
110000191,2897,231,2666
110000192,1286,18,1268
110000193,2670,42,2628
110000194,4,737,-733
110000195,1218,147,1071
110000196,1308,85,1223
110000197,230,60,170
110000198,175,181,-6
110000199,98,832,-734
110000200,872,1083,-211
110000201,1739,3651,-1912
110000202,1801,738,1063
110000203,519,786,-267
110000204,4,283,-279
110000205,797,51,746
110000206,593,1128,-535
110000207,3029,365,2664
110000208,353,539,-186
110000209,72,807,-735
110000210,2918,856,2062
110000211,1447,1049,398
110000212,962,2285,-1323
110000213,752,60,692
110000214,914,94,820
110000215,429,218,211
110000216,208,145,63
110000217,1329,194,1135
110000218,469,165,304
110000219,993,42,951
110000220,126,81,45
110000221,1495,24,1471
110000222,115,151,-36
110000223,24,135,-111
110000224,7,4,3
110000225,370,1173,-803
110000226,686,105,581
110000227,1117,1937,-820
110000228,820,228,592
110000229,0,123,-123
110000230,957,933,24
110000231,590,813,-223
110000232,254,533,-279
110000233,276,1803,-1527
110000234,772,1969,-1197
110000235,2266,1286,980
110000236,1527,548,979
110000237,4617,2433,2184
110000238,1496,1903,-407
110000239,3526,1743,1783
110000240,1,18,-17
110000242,0,7,-7
110000243,505,68,437
110000244,306,433,-127
110000245,56,332,-276
110000246,1966,633,1333
110000247,1475,3690,-2215
110000248,1455,1388,67
110000249,255,11,244
110000250,22,249,-227
110000251,887,284,603
110000252,1067,472,595
110000253,3110,533,2577
110000254,1088,810,278
110000255,243,775,-532
110000256,865,318,547
110000257,603,339,264
110000258,9,938,-929
110000259,571,35,536
110000260,118,162,-44
110000263,867,20,847
110000264,1251,650,601
110000265,2194,2850,-656
110000266,1431,3034,-1603
110000267,48,119,-71
110000268,510,322,188
110000269,1,206,-205
110000270,243,11,232
110000271,2485,376,2109
110000272,2057,1822,235
110000273,1646,1506,140
110000274,530,5809,-5279
110000275,2819,1200,1619
110000276,416,1680,-1264
110000277,627,774,-147
110000278,782,1048,-266
110000279,1192,944,248
110000280,1353,1078,275
110000281,133,332,-199
110000282,193,44,149
110000283,26,102,-76
110000284,6,22,-16
110000285,4,608,-604
110000286,5,1,4
110000287,204,3,201
110000288,7,140,-133
110000289,861,5023,-4162
110000290,674,1205,-531
110000291,4891,1249,3642
110000292,1637,12562,-10925
110000293,989,672,317
110000294,2933,3014,-81
110000295,363,1010,-647
110000296,1569,686,883
110000297,3917,424,3493
110000298,120,527,-407
110000299,181,60,121
110000301,1105,42,1063
110000302,694,2202,-1508
110000303,1098,21,1077
110000304,251,258,-7
110000305,3001,47,2954
110000306,563,1099,-536
110000307,4603,18,4585
110000308,1256,3,1253
110000309,5,984,-979
110000310,1582,39,1543
110000311,19,745,-726
110000312,795,76,719
110000313,2829,1933,896
110000314,1,168,-167
110000315,2223,2193,30
110000316,755,1192,-437
110000317,188,2503,-2315
110000318,5,140,-135
110000319,14,34,-20
110000320,33,143,-110
110000321,26,115,-89
110000322,533,381,152
110000323,1276,380,896
110000324,4105,1792,2313
110000325,2329,7956,-5627
110000327,782,437,345
110000328,172,775,-603
110000333,2253,2587,-334
110000334,659,2303,-1644
110000335,988,840,148
110000336,916,2435,-1519
110000337,3308,1109,2199
110000338,847,772,75
110000339,786,444,342
110000340,51,481,-430
110000341,1368,607,761
110000342,198,2,196
110000343,0,7,-7
110000344,80,2902,-2822
110000345,364,3262,-2898
110000346,1712,3014,-1302
110000347,2716,1258,1458
110000348,42,21,21
110000349,5,41,-36
110000350,225,3,222
110000351,2835,828,2007
110000352,1275,3442,-2167
110000353,3969,543,3426
110000354,2196,8401,-6205
110000355,377,70,307
110000356,1223,38,1185
110000357,1435,18,1417
110000361,153,28,125
110000362,233,36,197
110000363,1813,122,1691
110000364,919,615,304
110000365,289,0,289
110000366,0,246,-246
110000367,1111,320,791
110000368,17,126,-109
110000369,180,20,160
110000373,5,1012,-1007
110000374,139,53,86
110000375,134,1562,-1428
110000376,42,114,-72
110000377,102,546,-444
110000378,18,743,-725
110000379,3103,4948,-1845
110000380,186,3,183
110000383,4,896,-892
110000384,1323,299,1024
110000385,2,241,-239
110000387,321,6,315
110000388,120,241,-121
110000389,2252,2,2250
110000391,2332,406,1926
110000396,621,218,403
110000397,365,99,266
110000398,7,37,-30
110000399,513,7,506
110000587,322,692,-370
110000589,398,241,157
110000640,308,29,279
110000652,35,1067,-1032
110000653,650,334,316
110000654,10,331,-321
110000656,1,294,-293
110000674,75,47,28
110000675,61,71,-10
110000676,0,98,-98
110000679,58,1196,-1138
110000682,240,437,-197
110000683,393,510,-117
110000684,2,98,-96
110000685,11,23,-12
110000686,0,223,-223
110000687,11,6,5
110000688,71,2360,-2289
110000689,153,44,109
110000692,34,344,-310
110000693,43,1089,-1046
110000694,0,198,-198
110000695,214,1343,-1129
110000696,127,104,23
110900001,857,53,804
110900002,444,1220,-776
110900003,2945,244,2701
110900004,1168,57,1111
110900005,2356,10150,-7794
110900006,171,111,60
110900007,677,198,479
110900008,1,60,-59
110900009,669,910,-241
110900010,5,42,-37
110900011,49,127,-78
110900012,19,59,-40
110900013,2363,235,2128
110900014,495,75,420
110900015,448,1036,-588
110900016,144,90,54
110900017,1218,128,1090
110900018,628,38,590
110900019,1046,56,990
110900020,490,283,207
110900021,190,938,-748
110900022,118,154,-36
110900023,198,653,-455
110900024,87,233,-146
110900025,68,249,-181
110900027,123,141,-18
110900028,94,91,3
110900029,33,117,-84
110900030,86,119,-33
110900031,1,171,-170
110900032,0,50,-50
110900033,53,353,-300
110900035,50,1097,-1047
110900036,323,4,319
110900037,450,8,442
110900038,602,220,382
110900039,8,432,-424
110900040,507,17,490
110900041,63,36,27
110900042,219,110,109
110900043,3,46,-43
110900044,600,53,547
110900045,163,337,-174
110900046,15,131,-116
110900047,355,1247,-892
110900049,321,208,113
110900050,73,7,66
110900051,39,133,-94
110900052,5,216,-211
110900053,482,50,432
110900054,105,314,-209
110900055,40,5,35
110900056,47,138,-91
110900057,10,151,-141
110900058,976,148,828
110900059,1173,256,917
110900060,538,214,324
110900061,3,54,-51
110900062,488,54,434
110900063,139,82,57
110900064,11,0,11
110900065,80,174,-94
110900066,15,58,-43
110900067,189,1184,-995
110900068,447,246,201
110900069,9,23,-14
110900070,623,100,523
110900071,154,2003,-1849
110900073,1,22,-21
110900074,1096,121,975
110900075,1087,120,967
110900077,3085,641,2444
110900078,406,9,397
110900079,852,1935,-1083
110900080,317,154,163
110900081,33,7,26
110900082,543,107,436
110900083,276,53,223
110900084,264,79,185
110900085,281,239,42
110900086,167,529,-362
110900087,965,403,562
110900088,8,0,8
110900090,145,249,-104
110900091,1,36,-35
110900093,280,226,54
110900095,165,24,141
110900097,90,9,81
110900098,96,128,-32
110900099,89,356,-267
110900100,0,22,-22
110900102,140,37,103
110900105,3068,177,2891
110900108,87,16,71
110900111,2239,149,2090
110900112,1213,34,1179
110900113,442,188,254
110900115,30,111,-81
110900116,2567,951,1616
110900118,122,7677,-7555
110900119,1910,238,1672
110900120,378,45,333
110900121,201,3,198
110900122,1042,375,667
110900125,626,1590,-964
110900127,284,2160,-1876
110900128,108,487,-379
110900129,286,1656,-1370
110900130,340,573,-233
110900131,803,370,433
110900132,1045,152,893
110900133,191,336,-145
110900135,81,258,-177
110900136,572,53,519
110900137,7,2,5
110900138,686,1678,-992
110900139,11,662,-651
110900140,8,1,7
110900141,4,551,-547
110900142,107,235,-128
110900143,651,74,577
110900144,0,199,-199
110900145,396,257,139
110900146,183,842,-659
110900147,103,778,-675
110900148,0,417,-417
110900149,1,132,-131
110900150,43,11,32
110900151,3,74,-71
110900152,147,62,85
110900153,408,63,345
111000001,1258,1264,-6
111000002,502,741,-239
111000003,4082,2255,1827
111000004,1835,1994,-159
111000005,1952,3043,-1091
111000006,1631,4316,-2685
111000007,7278,8717,-1439
111000008,6452,6721,-269
111000009,678,1803,-1125
111000010,2720,519,2201
111000011,209,1139,-930
111000012,565,510,55
111000013,764,1847,-1083
111000014,3683,978,2705
111000017,78,981,-903
111000018,264,544,-280
111000020,1208,1432,-224
111000021,112,161,-49
111000023,331,319,12
111000025,4423,6140,-1717
111000029,240,191,49
111000030,48,95,-47
111000031,2232,995,1237
111000032,817,558,259
111000033,462,179,283
111000034,53,199,-146
111000037,2048,543,1505
111000038,2623,2989,-366
111000039,2623,3067,-444
111000040,2622,1634,988
111000041,748,763,-15
111000042,3929,3655,274
111000043,3698,11097,-7399
111000044,3719,1198,2521
111000045,6439,3281,3158
111000046,5014,2733,2281
111000047,4722,12201,-7479
111000049,855,571,284
111000050,1810,771,1039
111000051,1203,1056,147
111000052,1072,1879,-807
111000053,375,878,-503
111000054,514,1060,-546
111000055,1473,2328,-855
111000056,271,1466,-1195
111000057,205,276,-71
111000058,1667,168,1499
111000059,1560,658,902
111000060,10787,1594,9193
111000061,1748,669,1079
111000062,2498,1147,1351
111000063,2322,1977,345
111000064,2098,894,1204
111000065,2795,1452,1343
111000066,1774,638,1136
111000067,2692,613,2079
111000068,1869,868,1001
111000069,1904,2313,-409
111000070,1108,596,512
111000071,366,284,82
111000072,2944,1238,1706
111000073,411,2996,-2585
111000074,3184,2629,555
111000075,1318,1205,113
111000076,1494,1299,195
111000077,1523,1211,312
111000078,2602,860,1742
111000079,1560,1125,435
111000080,1439,903,536
111000081,2750,10663,-7913
111000082,1827,899,928
111000084,1911,949,962
111000085,1934,1498,436
111000086,3119,1399,1720
111000087,1256,698,558
111000088,7883,8104,-221
111000089,1401,767,634
111000090,904,1162,-258
111000091,1234,413,821
111000092,4073,1106,2967
111000093,2149,1969,180
111000094,3693,2161,1532
111000095,1905,5634,-3729
111000096,1412,15406,-13994
111000097,4305,1182,3123
111000098,633,1185,-552
111000099,818,2174,-1356
111000100,910,2106,-1196
111000101,711,1203,-492
111000102,414,844,-430
111000104,1927,871,1056
111000107,136,1160,-1024
111000109,1708,451,1257
111000110,3236,1153,2083
111000111,8552,629,7923
111000112,5133,513,4620
111000113,996,4189,-3193
111000114,1549,10199,-8650
111000115,4435,1770,2665
111000116,1535,1423,112
111000117,428,1311,-883
111000118,1300,1279,21
111000119,3422,1115,2307
111000120,1341,1166,175
111000121,560,1587,-1027
111000122,756,1042,-286
111000123,2384,2114,270
111000124,700,3003,-2303
111000125,521,1687,-1166
111000126,174,1013,-839
111000127,2569,292,2277
111000128,6342,761,5581
111000129,7208,976,6232
111000130,6524,810,5714
111000131,6783,738,6045
111000132,3906,3530,376
111000133,489,189,300
111000134,546,83,463
111000135,107,288,-181
111000136,1000,487,513
111000138,68,1,67
111000140,9,6,3
111000141,386,839,-453
111000142,6,81,-75
111000143,7,333,-326
111000144,15,813,-798
111000145,117,17,100
111000146,156,8,148
111000147,137,33,104
111000148,479,135,344
111000149,32,23,9
111000150,149,6,143
111000151,30,71,-41
111000153,774,438,336
111000154,585,269,316
111000155,205,238,-33
111000156,1499,610,889
111000157,352,729,-377
111000158,1418,1071,347
111000159,3803,1888,1915
111000160,736,348,388
111000161,15,578,-563
111000162,4,57,-53
111000163,2060,1259,801
111000164,718,5028,-4310
111000165,842,281,561
111000166,509,143,366
111000167,194,290,-96
111000168,357,420,-63
111000169,746,349,397
111000170,449,327,122
111000171,637,627,10
111000172,362,602,-240
111000173,373,1061,-688
111000174,677,272,405
111000175,72,722,-650
111000176,1141,107,1034
111000177,1947,212,1735
111000178,3936,320,3616
111000179,760,145,615
111000180,474,454,20
111000181,4720,296,4424
111000182,579,222,357
111000183,427,633,-206
111000184,516,270,246
111000185,839,703,136
111000186,465,551,-86
111000187,507,205,302
111000188,1044,615,429
111000189,412,406,6
111000190,517,152,365
111000191,406,152,254
111000192,219,230,-11
111000193,569,176,393
111000194,88,487,-399
111000195,188,1343,-1155
111000196,92,95,-3
111000197,1612,211,1401
111000198,1373,160,1213
111000199,761,519,242
111000200,1370,830,540
111000201,2017,144,1873
111000202,1187,104,1083
111000203,869,413,456
111000204,630,3158,-2528
111000213,485,644,-159
111000214,2429,1457,972
111000215,1673,1186,487
111000217,3410,922,2488
111000218,3103,1162,1941
111000219,523,222,301
111000220,1441,848,593
111000221,508,273,235
111000224,1,176,-175
111000225,1198,190,1008
111000226,285,3,282
111000227,34,6,28
111000228,11,1297,-1286
111000229,53,2815,-2762
111000230,272,163,109
111000231,2677,572,2105
111000232,1673,1249,424
111000233,4056,845,3211
111000234,421,1592,-1171
111000239,182,63,119
111000240,171,895,-724
111000241,146,133,13
111000242,903,119,784
111000243,354,506,-152
111000244,1854,701,1153
111000245,1612,669,943
111000246,1265,222,1043
111000247,1371,530,841
111000248,1484,376,1108
111000249,1028,347,681
111000250,120,61,59
111000251,183,78,105
111000253,104,51,53
111000255,159,19,140
111000257,183,21,162
111000260,58,925,-867
111000261,3270,179,3091
111000271,60,532,-472
111000273,5907,1833,4074
111000274,3117,5558,-2441
111000275,444,79,365
111000276,475,1175,-700
111000277,488,467,21
111000278,637,320,317
111000291,3740,28092,-24352
111000298,962,400,562
111000299,1674,307,1367
111000300,90,678,-588
111000302,797,86,711
111000303,342,165,177
111000312,110,108,2
111000315,0,70,-70
111000320,310,362,-52
111000321,867,316,551
111000322,1319,208,1111
111000323,681,162,519
111000324,489,193,296
111000325,61,91,-30
111000326,455,275,180
111000327,649,336,313
111000328,693,1619,-926
111000329,2,51,-49
111000330,223,21,202
111000331,20,3,17
111000332,909,1275,-366
111000334,384,1302,-918
111000335,2563,389,2174
111000337,3821,380,3441
111000338,303,153,150
111000339,1856,360,1496
111000340,266,1448,-1182
111000341,3770,2534,1236
111000342,132,1358,-1226
111000344,2482,671,1811
111000345,362,145,217
111000346,34,131,-97
111000347,469,14,455
111000350,421,177,244
111000351,230,583,-353
111000352,541,221,320
111000353,278,218,60
111000354,1160,630,530
111000355,839,963,-124
111000358,245,848,-603
111000360,364,222,142
111000361,392,110,282
111000546,2136,1581,555
111000547,801,1555,-754
111000548,523,345,178
111000549,504,433,71
111000550,48,1969,-1921
111000551,650,151,499
111000552,858,198,660
111000907,1001,69,932
111000908,330,0,330
111000916,5208,451,4757
111000917,139,378,-239
111000918,497,582,-85
111000920,1371,36,1335
111000921,54,98,-44
111000922,1888,169,1719
111000924,74,648,-574
111000925,7883,3436,4447
111000926,1777,1896,-119
111000927,3407,8332,-4925
111000928,4969,2085,2884
111000929,3512,1810,1702
111000930,1966,1943,23
111000931,3824,2612,1212
111000932,3235,1660,1575
111000933,5457,5977,-520
111000934,1782,2234,-452
111000935,5473,2079,3394
111000936,2268,1744,524
111000937,2508,2650,-142
111000938,1987,1224,763
111000939,2060,77,1983
111000940,2172,93,2079
111000941,630,1265,-635
111000943,1323,252,1071
111000944,355,248,107
111000945,448,1900,-1452
111001109,963,2051,-1088
111001110,288,454,-166
111001111,363,25,338
111001112,128,76,52
111001113,3,1175,-1172
111001114,1054,231,823
111001115,51,2976,-2925
111001116,4433,11764,-7331
111001117,552,5080,-4528
111001120,183,354,-171
111001121,686,116,570
111001122,706,144,562
111001123,731,257,474
111900001,294,66,228
111900002,266,176,90
111900003,6,152,-146
111900004,6,44,-38
111900006,34,244,-210
111900007,982,15,967
111900008,1111,10,1101
111900009,755,27,728
111900010,86,507,-421
111900012,31,80,-49
111900013,91,30,61
111900014,2389,14020,-11631
111900015,0,86,-86
111900016,0,53,-53
111900017,0,35,-35
111900018,309,40,269
111900019,13,338,-325
111900020,0,58,-58
111900021,51,76,-25
111900022,31,63,-32
111900023,96,44,52
111900024,1,302,-301
111900025,1,216,-215
111900026,0,36,-36
111900027,8,222,-214
111900028,3,81,-78
111900029,80,27,53
111900030,79,571,-492
111900031,188,135,53
111900032,0,50,-50
111900033,139,52,87
111900034,61,360,-299
111900035,148,663,-515
111900036,0,51,-51
111900038,133,273,-140
111900039,36,355,-319
111900040,1,100,-99
111900042,74,168,-94
111900043,4,73,-69
111900044,147,222,-75
111900046,7,151,-144
111900048,1247,220,1027
111900049,11,177,-166
111900050,416,67,349
111900051,56,73,-17
111900052,126,232,-106
111900053,625,5460,-4835
111900054,675,6,669
111900055,12,150,-138
111900056,160,724,-564
111900057,461,46,415
111900058,1883,403,1480
111900059,1843,1928,-85
111900060,787,7,780
111900061,10,78,-68
111900062,241,231,10
111900063,643,193,450
111900064,42,71,-29
111900065,494,68,426
111900066,380,347,33
111900067,1,281,-280
111900068,97,234,-137
111900069,268,33,235
111900070,555,84,471
111900071,1,147,-146
111900072,105,193,-88
111900073,3232,917,2315
111900074,1,296,-295
111900075,136,54,82
111900076,795,311,484
111900077,96,6,90
111900078,1180,175,1005
111900079,104,96,8
111900080,209,199,10
111900081,544,335,209
111900082,411,134,277
111900083,682,125,557
111900084,345,4,341
111900085,151,166,-15
111900086,209,37,172
111900087,212,5,207
111900088,2075,94,1981
111900089,312,3,309
111900090,167,291,-124
111900091,1833,32,1801
111900092,327,3,324
111900093,1617,68,1549
111900094,438,2,436
111900095,1022,163,859
111900096,657,12,645
111900097,213,0,213
111900098,1332,23,1309
111900099,235,0,235
111900100,309,29,280
111900101,377,12,365
111900102,2160,866,1294
111900103,132,283,-151
111900104,249,139,110
111900105,295,440,-145
111900106,500,15,485
111900107,59,208,-149
111900108,154,571,-417
111900109,284,1355,-1071
111900110,2680,548,2132
111900111,582,47,535
111900112,553,12017,-11464
111900113,525,86,439
111900114,294,104,190
111900115,40,7,33
111900118,785,101,684
111900119,474,193,281
111900122,93,99,-6
111900123,9,42,-33
111900124,26,21,5
111900125,1585,151,1434
111900126,1150,9,1141
111900127,1,214,-213
111900128,49,311,-262
111900129,587,41,546
111900130,485,168,317
111900131,1592,4,1588
111900132,70,513,-443
111900133,6,252,-246
111900134,15,172,-157
111900135,9,51,-42
111900136,57,155,-98
111900137,59,26,33
111900138,46,53,-7
111900139,103,51,52
111900140,304,76,228
111900141,223,12,211
111900142,227,38,189
111900143,185,128,57
111900144,0,34,-34
111900145,1,141,-140
111900146,1,78,-77
111900147,47,469,-422
111900148,30,577,-547
111900149,22,220,-198
111900150,72,94,-22
111900151,3,94,-91
111900152,123,140,-17
111900153,708,1223,-515
111900154,57,1576,-1519
111900155,171,455,-284
111900156,154,127,27
111900157,393,44,349
111900158,1618,174,1444
111900159,1230,206,1024
111900160,807,9,798
111900161,1050,5,1045
111900162,297,717,-420
111900163,26,188,-162
111900164,149,94,55
111901113,1804,55,1749
111901114,878,745,133
111901115,966,6,960
111901116,317,6,311
111901117,57,219,-162
111901118,34,1708,-1674
111901119,357,122,235
111901120,26,150,-124
111901121,30,88,-58
111901122,0,120,-120
111901123,1332,131,1201
111901124,949,34,915
111901125,2363,357,2006
111901126,519,397,122
111901127,1076,3440,-2364
111901128,15,154,-139
111901129,7,376,-369
111901130,30,144,-114
111901131,2,353,-351
111901132,235,88,147
111901133,338,7,331
111901134,385,15,370
111901135,65,17,48
111901136,130,82,48
111901137,1,87,-86
111901138,35,36,-1
111901139,8,21,-13
111901140,5,64,-59
111901141,22,120,-98
111901142,8,36,-28
111901143,4,196,-192
111901144,75,64,11
111901145,55,673,-618
111901146,12,1,11
112000001,5164,1500,3664
112000002,1714,3070,-1356
112000003,7296,2046,5250
112000004,1914,537,1377
112000005,7070,8177,-1107
112000006,1075,686,389
112000007,9750,6352,3398
112000008,7790,7558,232
112000009,5094,1781,3313
112000010,10691,9962,729
112000011,2858,1692,1166
112000012,7713,9375,-1662
112000013,2088,4632,-2544
112000014,1396,7383,-5987
112000015,1486,5258,-3772
112000016,4410,10212,-5802
112000017,644,9476,-8832
112000024,920,334,586
112000026,2509,1957,552
112000027,1483,1215,268
112000028,1023,1486,-463
112000029,1267,1386,-119
112000030,339,46,293
112000031,2657,7185,-4528
112000032,139,30,109
112000033,2456,7500,-5044
112000034,86,39,47
112000035,59,2826,-2767
112000036,251,3381,-3130
112000037,1269,1897,-628
112000038,1694,2747,-1053
112000039,275,109,166
112000040,34,175,-141
112000041,560,544,16
112000042,1494,406,1088
112000050,2425,1811,614
112000051,2503,6688,-4185
112000054,2694,2546,148
112000057,1713,401,1312
112000058,515,496,19
112000059,1213,872,341
112000061,4418,1103,3315
112000062,797,2716,-1919
112000063,335,5511,-5176
112000064,4904,4342,562
112000065,1239,2344,-1105
112000066,5068,2403,2665
112000067,606,877,-271
112000068,5699,4299,1400
112000069,763,2304,-1541
112000070,2556,1610,946
112000071,1976,2906,-930
112000072,5242,1557,3685
112000073,1931,4915,-2984
112000074,1377,3239,-1862
112000075,1924,2847,-923
112000076,4485,3856,629
112000077,2036,758,1278
112000078,4359,1108,3251
112000079,4251,2509,1742
112000080,1445,1074,371
112000081,1384,2141,-757
112000082,2324,794,1530
112000083,1351,1290,61
112000084,2289,728,1561
112000085,2925,1086,1839
112000086,3830,983,2847
112000087,1624,293,1331
112000088,1882,258,1624
112000089,793,494,299
112000090,401,411,-10
112000091,979,492,487
112000092,4632,1387,3245
112000093,2681,587,2094
112000094,1274,1068,206
112000095,1702,520,1182
112000096,1341,892,449
112000097,4790,1049,3741
112000098,430,695,-265
112000099,1427,3648,-2221
112000100,4616,1121,3495
112000101,1116,472,644
112000102,3311,554,2757
112000103,804,410,394
112000105,700,567,133
112000106,4839,538,4301
112000107,92,295,-203
112000108,1471,1124,347
112000109,192,128,64
112000110,4222,1172,3050
112000111,1052,4430,-3378
112000112,4648,1028,3620
112000113,1567,1693,-126
112000114,4681,1357,3324
112000115,811,655,156
112000116,1217,1353,-136
112000117,2277,998,1279
112000118,978,984,-6
112000119,701,642,59
112000120,47,254,-207
112000121,754,286,468
112000122,1217,146,1071
112000123,2030,212,1818
112000124,1203,289,914
112000125,927,720,207
112000126,1351,178,1173
112000127,4309,4192,117
112000128,1311,1074,237
112000129,316,70,246
112000130,909,200,709
112000131,84,215,-131
112000132,353,294,59
112000133,686,139,547
112000134,1123,449,674
112000135,2831,1689,1142
112000136,1544,3270,-1726
112000137,3362,4673,-1311
112000138,2287,1888,399
112000139,860,1714,-854
112000140,335,1124,-789
112000141,2221,831,1390
112000142,254,369,-115
112000143,3211,319,2892
112000144,686,622,64
112000145,5760,508,5252
112000146,1579,1145,434
112000147,3921,1958,1963
112000148,1617,1608,9
112000149,1295,1419,-124
112000150,922,1166,-244
112000151,1049,241,808
112000152,2138,380,1758
112000153,620,259,361
112000154,270,1032,-762
112000155,405,325,80
112000157,772,2160,-1388
112000158,638,305,333
112000159,2787,523,2264
112000167,780,477,303
112000169,272,2742,-2470
112000173,2806,341,2465
112000175,1186,453,733
112000176,1287,1749,-462
112000177,1825,735,1090
112000178,194,349,-155
112000179,848,130,718
112000180,736,405,331
112000181,1856,1146,710
112000182,4508,741,3767
112000183,37,22,15
112000184,1013,439,574
112000185,2948,292,2656
112000187,9163,5850,3313
112000195,495,11,484
112000196,259,2,257
112000197,168,177,-9
112000198,35,426,-391
112000199,874,776,98
112000202,1698,4,1694
112000216,114,247,-133
112000230,477,2,475
112000231,1,128,-127
112000256,132,894,-762
112000313,68,71,-3
112000314,157,184,-27
112000337,434,1926,-1492
112000352,245,1254,-1009
112000392,4450,947,3503
112000398,4397,1254,3143
112000399,2014,15831,-13817
112000400,2107,1493,614
112000401,1626,1238,388
112000402,7126,8220,-1094
112000403,3153,14980,-11827
112000404,3491,2243,1248
112000405,6364,5181,1183
112000406,3811,1369,2442
112000407,18846,11761,7085
112000408,6755,2488,4267
112000409,2025,1714,311
112000410,459,556,-97
112000411,2995,2782,213
112000412,600,407,193
112000413,5873,11085,-5212
112000414,330,36,294
112000415,193,46,147
112000416,8368,1786,6582
112000417,625,172,453
112000421,112,61,51
112000422,530,305,225
112000424,1986,7138,-5152
112000425,702,499,203
112000426,713,756,-43
112000427,1,20,-19
112000428,998,243,755
112000429,4168,3728,440
112000430,4937,8203,-3266
112000431,259,533,-274
112000432,902,799,103
112000433,641,709,-68
112000437,130,116,14
112900001,134,1,133
112900002,2219,222,1997
112900003,137,104,33
112900004,149,233,-84
112900005,788,165,623
112900006,83,87,-4
112900007,144,79,65
112900008,3,272,-269
112900009,779,480,299
112900010,1188,298,890
112900011,59,591,-532
112900012,7,14,-7
112900013,15,1339,-1324
112900014,6,167,-161
112900015,199,371,-172
112900016,3,612,-609
112900017,416,260,156
112900018,1,102,-101
112900019,66,249,-183
112900020,654,791,-137
112900021,0,158,-158
112900022,129,75,54
112900023,0,54,-54
112900024,29,60,-31
112900025,661,200,461
112900026,8,36,-28
112900027,50,401,-351
112900028,288,81,207
112900029,15,61,-46
112900030,82,42,40
112900031,7,1425,-1418
112900032,479,282,197
112900034,1,16,-15
112900035,3,216,-213
112900036,29,199,-170
112900037,863,481,382
112900038,1729,187,1542
112900039,6,263,-257
112900040,7,997,-990
112900041,1083,1625,-542
112900042,140,226,-86
112900043,44,71,-27
112900044,393,359,34
112900045,1014,223,791
112900046,200,85,115
112900047,12,34,-22
112900049,966,63,903
112900050,33,572,-539
112900051,257,383,-126
112900052,38,487,-449
112900053,170,245,-75
112900054,224,141,83
112900055,98,110,-12
112900056,644,393,251
112900057,73,318,-245
112900058,460,992,-532
112900059,347,1828,-1481
112900060,87,77,10
112900061,225,406,-181
112900062,112,87,25
112900063,29,33,-4
112900064,264,106,158
112900065,13,52,-39
112900066,338,680,-342
112900067,563,80,483
112900068,42,136,-94
112900069,3380,2677,703
112900071,107,30,77
112900072,166,11459,-11293
112900073,439,447,-8
112900074,255,850,-595
112900075,1590,3547,-1957
112900076,111,53,58
112900078,388,1148,-760
112900079,479,130,349
112900080,502,15,487
112900081,89,822,-733
112900082,825,69,756
112900083,464,380,84
112900084,682,575,107
112900085,0,12,-12
112900086,440,2,438
112900087,3675,305,3370
112900088,535,16,519
112900089,1369,171,1198
112900090,175,200,-25
112900091,791,33,758
112900092,115,2980,-2865
112900093,1957,54,1903
112900094,329,16,313
112900095,230,1,229
112900096,1540,598,942
112900097,149,354,-205
112900098,345,8,337
112900099,2011,138,1873
112900100,236,9,227
112900101,1023,20,1003
112900102,119,121,-2
112900103,446,6,440
112900104,103,0,103
112900105,86,0,86
112900106,1199,271,928
112900107,5,1,4
112900108,21,0,21
112900109,414,2,412
112900110,3670,55,3615
112900111,1811,9,1802
112900112,702,4,698
112900113,0,28,-28
112900114,976,26,950
112900115,4546,27,4519
112900116,348,11,337
112900117,83,38,45
112900118,9,56,-47
112900119,1060,27,1033
112900120,660,400,260
112900121,50,78,-28
112900122,33,81,-48
112900123,1110,129,981
112900124,11,47,-36
112900125,35,426,-391
112900126,215,110,105
112900127,1037,176,861
112900128,94,497,-403
112900129,0,738,-738
112900130,614,530,84
112900131,21,317,-296
112900132,722,450,272
112900133,11,1137,-1126
112900134,4,637,-633
112900135,252,273,-21
112900136,0,55,-55
112900137,1,564,-563
112900138,25,64,-39
112900139,43,644,-601
112900140,0,113,-113
112900141,1619,42,1577
112900142,119,747,-628
112900143,8,404,-396
112900144,4,305,-301
112900145,3,295,-292
112900146,11,991,-980
112900147,2,551,-549
112900148,75,1,74
112900149,335,375,-40
112900151,0,30,-30
112900152,3402,448,2954
112900153,429,11256,-10827
112900154,0,75,-75
112900155,330,29,301
112900156,2291,538,1753
112900157,1197,48,1149
112900158,202,1,201
112900159,186,809,-623
112900160,53,312,-259
112900161,476,137,339
112900162,24,47,-23
112900163,46,97,-51
112900164,151,382,-231
112900165,57,71,-14
112900166,84,279,-195
112900167,4,995,-991
112900168,6,17,-11
112900169,9,61,-52
112900170,247,168,79
112900172,77,34,43
112900173,152,114,38
112900174,1077,83,994
112900175,211,576,-365
112900176,13,113,-100
112900177,342,121,221
112900178,1099,6465,-5366
112900179,46,337,-291
112900180,4549,1429,3120
112900181,2834,23,2811
112900182,187,392,-205
112900183,193,356,-163
112900184,588,608,-20
112900185,180,1050,-870
112900186,1238,1513,-275
112900187,110,661,-551
112900188,992,5303,-4311
112900189,53,36,17
112900190,42,369,-327
112900192,981,844,137
112900193,1483,553,930
112900194,151,23,128
112900195,1138,91,1047
112900196,872,510,362
112900197,169,535,-366
112900199,1838,182,1656
112900200,1017,110,907
112900201,267,283,-16
112900202,1399,423,976
112900203,766,76,690
112900204,755,481,274
112900205,21,1,20
112900206,30,63,-33
112900207,77,0,77
112900208,85,1710,-1625
112900209,209,279,-70
112900210,1,9,-8
112900211,214,6,208
112900212,1,11,-10
112900213,58,2,56
112900214,20,20,0
112900215,17,53,-36
112900216,61,19,42
112900217,8,45,-37
112900218,172,29,143
112900219,315,4,311
112900220,2,0,2
112900221,100,74,26
112900222,1,242,-241
112900223,1857,38,1819
112900224,1635,287,1348
112900225,1448,228,1220
112900226,737,466,271
112900227,2205,320,1885
112900228,184,60,124
112900229,1089,19,1070
112900230,14166,4323,9843
112900232,928,543,385
112900233,166,203,-37
112900234,73,19,54
112900235,14,5,9
112900236,1400,20,1380
112900237,970,88,882
112900238,19,4,15
112900239,483,1237,-754
113000001,10508,7690,2818
113000002,11524,5884,5640
113000003,5303,3311,1992
113000004,5586,2879,2707
113000005,4905,3261,1644
113000006,3051,2348,703
113000007,5894,2973,2921
113000008,4324,3000,1324
113000009,3544,1541,2003
113000010,3488,1922,1566
113000011,3202,1688,1514
113000012,2660,1275,1385
113000013,1088,701,387
113000014,2126,2738,-612
113000015,164,281,-117
113000016,455,926,-471
113000017,165,948,-783
113000018,760,47,713
113000019,372,473,-101
113000020,390,143,247
113000021,3074,1635,1439
113000022,1784,7713,-5929
113000025,275,555,-280
113000026,1241,1731,-490
113000027,1041,3022,-1981
113000028,719,5839,-5120
113000029,1863,1309,554
113000030,281,1005,-724
113000031,299,381,-82
113000032,430,470,-40
113000033,503,738,-235
113000034,479,242,237
113000035,45,65,-20
113000036,36,165,-129
113000037,75,75,0
113000038,44,110,-66
113000039,43,415,-372
113000040,69,135,-66
113000042,1671,1385,286
113000051,5010,5262,-252
113000052,4939,688,4251
113000053,1548,667,881
113000054,1817,1829,-12
113000055,4713,720,3993
113000056,4326,1595,2731
113000058,990,1723,-733
113000059,1409,399,1010
113000060,976,1157,-181
113000061,1265,1657,-392
113000062,793,690,103
113000063,909,99,810
113000064,308,268,40
113000065,400,672,-272
113000066,2317,228,2089
113000067,5935,1032,4903
113000068,981,530,451
113000069,1204,619,585
113000070,5059,1061,3998
113000071,1602,608,994
113000072,2350,797,1553
113000073,889,2225,-1336
113000074,1683,552,1131
113000075,3498,1048,2450
113000076,703,6149,-5446
113000077,985,1534,-549
113000078,557,2516,-1959
113000079,479,1513,-1034
113000080,923,1718,-795
113000081,1786,1975,-189
113000082,1786,1282,504
113000083,935,1461,-526
113000084,2861,1798,1063
113000085,1760,1098,662
113000086,1479,3475,-1996
113000087,1856,2766,-910
113000088,4745,2938,1807
113000089,1127,2961,-1834
113000090,274,1364,-1090
113000091,305,751,-446
113000094,2840,600,2240
113000095,423,1318,-895
113000096,197,1794,-1597
113000097,2536,1047,1489
113000098,221,77,144
113000099,1963,951,1012
113000100,308,777,-469
113000101,273,1551,-1278
113000102,1352,982,370
113000103,8088,626,7462
113000104,1456,5642,-4186
113000105,2170,1214,956
113000106,1007,513,494
113000107,2639,1868,771
113000108,1904,1266,638
113000109,680,1700,-1020
113000110,14813,1696,13117
113000111,375,600,-225
113000112,1546,634,912
113000113,5662,601,5061
113000114,338,1378,-1040
113000116,1026,571,455
113000117,1428,297,1131
113000118,64,1639,-1575
113000119,645,617,28
113000120,163,705,-542
113000121,715,1656,-941
113000124,838,255,583
113000125,71,2637,-2566
113000127,2350,290,2060
113000128,4256,464,3792
113000129,588,1518,-930
113000133,5413,869,4544
113000134,9,2836,-2827
113000135,8291,8185,106
113000137,1413,4007,-2594
113000139,470,192,278
113000140,132,141,-9
113000141,134,146,-12
113000142,349,483,-134
113000143,522,231,291
113000144,390,338,52
113000145,190,217,-27
113000146,180,102,78
113000147,447,110,337
113000148,614,175,439
113000149,392,330,62
113000150,759,610,149
113000151,106,62,44
113000152,62,604,-542
113000153,1815,407,1408
113000154,893,4010,-3117
113000155,769,1449,-680
113000156,394,421,-27
113000157,438,481,-43
113000158,1110,189,921
113000159,2070,411,1659
113000160,1229,514,715
113000161,728,330,398
113000162,2048,165,1883
113000163,361,38,323
113000164,49,87,-38
113000166,702,131,571
113000167,243,86,157
113000168,404,106,298
113000169,389,87,302
113000170,173,122,51
113000171,98,182,-84
113000172,723,49,674
113000173,101,38,63
113000174,488,200,288
113000175,1243,91,1152
113000176,1326,88,1238
113000177,488,108,380
113000178,247,357,-110
113000179,735,91,644
113000180,1457,3099,-1642
113000181,1997,1356,641
113000182,193,1220,-1027
113000183,485,1187,-702
113000184,16,195,-179
113000189,430,1101,-671
113000190,248,248,0
113000192,590,9758,-9168
113000193,2308,5681,-3373
113000194,1373,7893,-6520
113000195,2399,8204,-5805
113000196,655,151,504
113000197,2493,7073,-4580
113000198,237,695,-458
113000199,4097,757,3340
113000201,1188,1293,-105
113000202,29623,4409,25214
113000203,132,1536,-1404
113000204,504,11379,-10875
113000205,58,14,44
113000206,18,142,-124
113000207,157,60,97
113000208,79,260,-181
113000209,23,50,-27
113000210,9,45,-36
113000211,131,486,-355
113000212,41,80,-39
113000213,43,159,-116
113000214,398,628,-230
113000234,553,911,-358
113000410,88,306,-218
113000411,1923,3015,-1092
113000412,12137,2033,10104
113000413,1689,4083,-2394
113000414,6522,18608,-12086
113000415,3620,1933,1687
113000416,3018,2817,201
113000417,1384,1967,-583
113000418,8039,5688,2351
113000419,3104,2905,199
113000420,4553,7802,-3249
113000421,8874,9768,-894
113000422,13066,14266,-1200
113000423,1819,7497,-5678
113000424,3189,17852,-14663
113000425,29,160,-131
113000428,136,96,40
113000430,30,410,-380
113000432,5433,443,4990
113000433,117,1710,-1593
113000434,17,137,-120
113000435,41,125,-84
113000436,25,1410,-1385
113000437,3808,79,3729
113000438,1273,26,1247
113000439,108,77,31
113000440,320,75,245
113000441,367,245,122
113000442,544,52,492
113000443,745,239,506
113000444,982,60,922
113000445,153,134,19
113000446,144,241,-97
113000448,1593,669,924
113000449,376,1613,-1237
113000450,4086,5491,-1405
113000451,7282,878,6404
113000452,102,1035,-933
113000453,51,1900,-1849
113000454,368,273,95
113000455,22,4242,-4220
113000456,2072,3371,-1299
113000468,1177,147,1030
113000469,66,462,-396
113000470,1267,16,1251
113000471,38,864,-826
113000472,109,433,-324
113000474,3057,1431,1626
113000475,2532,1376,1156
113000476,6538,3780,2758
113000477,10327,3608,6719
113000478,4344,3987,357
113000479,286,214,72
113000480,132,929,-797
113000481,0,0,0
113000482,0,0,0
113000483,0,0,0
113000484,0,0,0
113000485,0,0,0
113000486,0,0,0
113000487,0,0,0
113000488,0,0,0
113000489,0,0,0
113000490,0,0,0
113000491,0,0,0
113000492,0,0,0
113000493,0,0,0
113000495,512,126,386
113000496,229,199,30
113000497,0,0,0
113000499,0,0,0
113000500,0,1,-1
113900001,76,5705,-5629
113900002,76,276,-200
113900003,6,581,-575
113900004,7,878,-871
113900005,13,1471,-1458
113900006,8,131,-123
113900007,65,213,-148
113900008,52,0,52
113900009,141,0,141
113900010,123,4,119
113900011,465,5,460
113900012,211,21,190
113900013,152,18,134
113900014,1941,8,1933
113900015,0,32,-32
113900016,84,0,84
113900017,12,37,-25
113900018,152,330,-178
113900019,544,30,514
113900020,329,17,312
113900022,253,3,250
113900023,90,2,88
113900024,123,103,20
113900025,899,124,775
113900026,222,2,220
113900027,44,78,-34
113900028,91,296,-205
113900029,295,117,178
113900030,929,17,912
113900031,98,7,91
113900032,164,0,164
113900033,72,70,2
113900035,118,0,118
113900036,200,150,50
113900037,484,502,-18
113900038,20,295,-275
113900039,664,33,631
113900040,28,66,-38
113900041,28,3,25
113900042,226,59,167
113900043,404,67,337
113900044,121,385,-264
113900045,289,0,289
113900046,368,1478,-1110
113900047,417,142,275
113900048,360,266,94
113900049,158,733,-575
113900050,705,564,141
113900051,539,210,329
113900052,233,172,61
113900053,793,1714,-921
113900054,102,0,102
113900055,230,690,-460
113900056,246,95,151
113900057,15,34,-19
113900058,369,33,336
113900059,648,307,341
113900060,74,698,-624
113900061,1364,200,1164
113900062,321,74,247
113900063,311,54,257
113900064,45,52,-7
113900065,1233,15,1218
113900066,1947,382,1565
113900067,741,990,-249
113900068,491,1703,-1212
113900069,55,66,-11
113900070,173,433,-260
113900071,309,25,284
113900072,285,76,209
113900073,1437,440,997
113900074,638,1950,-1312
113900075,1452,5236,-3784
113900076,180,41,139
113900077,98,139,-41
113900078,132,7,125
113900079,2,48,-46
113900080,1073,344,729
113900081,151,98,53
113900082,580,485,95
113900083,1214,125,1089
113900084,351,191,160
113900085,65,298,-233
113900086,193,83,110
113900087,207,238,-31
113900088,362,211,151
113900089,807,64,743
113900090,1017,550,467
113900091,7,33,-26
113900092,53,266,-213
113900093,145,3626,-3481
113900094,1773,379,1394
113900095,217,325,-108
113900096,719,214,505
113900097,43,245,-202
113900098,1316,461,855
113900099,0,48,-48
113900100,0,1,-1
113900101,16,366,-350
113900102,153,276,-123
113900103,296,885,-589
113900104,203,581,-378
113900105,636,24,612
113900106,0,18,-18
113900107,6,9,-3
113900108,113,662,-549
113900109,407,532,-125
113900110,78,37,41
113900111,559,74,485
113900112,581,41,540
113900113,2292,555,1737
113900114,1,24,-23
113900115,0,6,-6
113900116,55,489,-434
113900117,76,53,23
113900118,193,1984,-1791
113900119,92,389,-297
113900120,168,82,86
113900121,356,114,242
113900122,573,6949,-6376
113900123,1338,252,1086
113900124,2,162,-160
113900125,1940,264,1676
113900126,85,60,25
113900127,572,1241,-669
113900128,523,132,391
113900129,1,365,-364
113900130,1,161,-160
113900131,406,53,353
113900132,60,174,-114
113900133,30,43,-13
113900135,556,1004,-448
113900136,78,62,16
113900137,594,498,96
113900138,12,472,-460
113900139,513,659,-146
113900140,33,348,-315
113900141,1680,316,1364
113900142,202,63,139
113900143,24,101,-77
113900144,105,355,-250
113900145,664,254,410
113900146,470,162,308
113900148,87,482,-395
113900149,318,323,-5
113900150,410,288,122
113900151,977,238,739
113900152,112,210,-98
113900153,85,383,-298
113900154,0,133,-133
113900155,76,258,-182
113900156,469,450,19
113900157,126,807,-681
113900158,182,482,-300
113900159,7,212,-205
113900160,812,638,174
113900161,241,483,-242
113900162,247,652,-405
113900163,639,219,420
113900164,785,77,708
113900165,949,664,285
113900166,54,113,-59
113900167,759,64,695
113900168,84,70,14
113900169,385,435,-50
113900171,515,88,427
113900172,12,153,-141
113900173,32,322,-290
113900174,844,698,146
113900175,570,218,352
113900176,496,439,57
113900177,311,202,109
113900178,463,334,129
113900179,63,175,-112
113900180,283,137,146
113900181,2066,297,1769
113900182,1143,725,418
113900183,194,46,148
113900184,55,586,-531
113900185,129,54,75
113900186,241,31,210
113900187,41,58,-17
113900188,63,169,-106
113900189,556,355,201
113900190,268,98,170
113900191,82,153,-71
113900192,5,1665,-1660
113900193,3,161,-158
113900194,1922,592,1330
113900195,516,355,161
113900196,7,1137,-1130
113900197,0,110,-110
113900198,46,1125,-1079
113900199,41,401,-360
113900200,24,290,-266
113900201,0,51,-51
113900202,60,119,-59
113900203,1,38,-37
113900204,17,435,-418
113900205,5,77,-72
113900206,7,100,-93
113900207,0,62,-62
113900208,0,38,-38
113900209,0,15,-15
113900210,1965,1382,583
113900211,263,37,226
113900212,703,330,373
113900214,396,501,-105
113900215,106,213,-107
113900216,390,331,59
113900217,318,118,200
113900218,168,172,-4
113900219,301,1158,-857
113900220,253,384,-131
113900221,333,1082,-749
113900222,438,1626,-1188
113900223,544,310,234
113900224,88,123,-35
113900225,2339,260,2079
113900226,686,187,499
113900227,415,814,-399
113900228,331,1176,-845
113900229,95,2645,-2550
113900230,3320,5743,-2423
113900231,313,142,171
113900232,425,37,388
113900233,272,120,152
113900234,747,782,-35
113900235,204,21,183
113900236,665,121,544
113900237,404,166,238
113900238,222,1091,-869
113900239,118,265,-147
113900240,6,381,-375
113900241,97,140,-43
113900242,48,500,-452
113900243,35,164,-129
113900244,154,235,-81
113900245,593,509,84
113900246,66,33,33
113900247,109,948,-839
113900248,3346,3931,-585
113900249,525,1209,-684
113900250,103,1690,-1587
113900251,2571,133,2438
113900252,2176,60,2116
113900253,1374,78,1296
113900254,854,300,554
113900255,2034,17,2017
113900256,1029,39,990
113900257,63,353,-290
113900258,47,237,-190
113900259,1703,108,1595
113900260,463,15,448
113900261,169,112,57
113900262,301,296,5
113900263,30,396,-366
113900264,1,207,-206
113900265,200,921,-721
113900266,120,165,-45
113900267,105,1369,-1264
113900268,393,766,-373
113900269,317,252,65
113900270,450,722,-272
113900271,1069,441,628
113900273,22,44,-22
113900274,89,73,16
113900275,17,373,-356
113900276,1,124,-123
113900277,683,11,672
113900278,192,249,-57
113900279,53,42,11
113900280,1804,838,966
113900281,203,1615,-1412
113900282,502,488,14
113900283,719,1081,-362
113900284,2452,154,2298
113900285,151,43,108
113900286,277,107,170
113900287,379,41,338
113900288,3,263,-260
113900289,446,312,134
113900290,674,1326,-652
113900291,152,104,48
113900292,5,27,-22
113900293,18,548,-530
113900294,1640,23,1617
113900295,726,661,65
113900296,3494,584,2910
113900297,4004,68,3936
113900298,57,3027,-2970
113900299,318,16,302
113900300,7719,7718,1
113900301,777,1697,-920
113900302,1896,1857,39
113900303,224,2685,-2461
113900304,5,161,-156
113900305,453,4,449
113900306,233,4,229
113900307,24,1,23
113900308,71,150,-79
113900309,1,532,-531
113900310,0,9,-9
113900311,81,0,81
113900312,243,341,-98
113900313,35,3,32
114000001,1539,2237,-698
114000002,869,427,442
114000003,295,315,-20
114000004,1108,455,653
114000005,828,364,464
114000006,1881,1875,6
114000007,1382,1360,22
114000008,2954,2995,-41
114000009,2466,593,1873
114000011,5494,2554,2940
114000012,8074,2229,5845
114000013,4069,1568,2501
114000014,1458,122,1336
114000015,4493,264,4229
114000016,956,149,807
114000017,236,1888,-1652
114000018,146,66,80
114000026,6195,1846,4349
114000027,7555,4836,2719
114000028,3149,7435,-4286
114000038,632,285,347
114000039,165,31,134
114000040,357,750,-393
114000042,490,309,181
114000043,74,49,25
114000044,756,40,716
114000045,40,56,-16
114000046,2510,6458,-3948
114000047,6,317,-311
114000048,259,62,197
114000049,3840,2324,1516
114000050,3452,2243,1209
114000051,5683,3120,2563
114000052,6154,4636,1518
114000053,63,1004,-941
114000054,351,1135,-784
114000055,622,106,516
114000056,180,1828,-1648
114000057,5499,2435,3064
114000058,120,1950,-1830
114000059,58,2360,-2302
114000060,959,1510,-551
114000061,3946,5619,-1673
114000062,585,2061,-1476
114000063,1585,1700,-115
114000064,2277,7468,-5191
114000065,1507,2562,-1055
114000066,1268,1574,-306
114000067,45,2260,-2215
114000068,670,1490,-820
114000069,2034,777,1257
114000070,5005,2486,2519
114000071,1864,1139,725
114000072,1469,415,1054
114000073,51,32,19
114000074,229,12,217
114000075,143,115,28
114000076,75,74,1
114000077,20,11,9
114000078,874,616,258
114000079,656,73,583
114000080,228,130,98
114000081,112,163,-51
114000082,56,484,-428
114000083,153,89,64
114000084,483,189,294
114000085,131,327,-196
114000086,444,266,178
114000087,654,84,570
114000088,108,61,47
114000089,678,312,366
114000090,1418,2292,-874
114000091,1451,1643,-192
114000092,873,606,267
114000093,2309,597,1712
114000094,983,716,267
114000095,506,348,158
114000096,101,552,-451
114000097,188,281,-93
114000098,1033,266,767
114000099,2196,146,2050
114000100,3155,564,2591
114000101,912,332,580
114000102,1322,337,985
114000103,199,176,23
114000104,113,254,-141
114000105,649,216,433
114000106,1211,5120,-3909
114000107,1039,301,738
114000108,1226,793,433
114000109,1401,4443,-3042
114000110,903,1060,-157
114000111,4836,2454,2382
114000112,693,1140,-447
114000113,2101,681,1420
114000114,521,1267,-746
114000115,3332,959,2373
114000116,1809,2999,-1190
114000117,8703,1202,7501
114000118,8337,666,7671
114000119,6087,763,5324
114000120,1111,1139,-28
114000121,970,952,18
114000122,732,571,161
114000123,5167,585,4582
114000124,2853,997,1856
114000125,1687,1723,-36
114000126,4000,500,3500
114000127,418,170,248
114000128,1843,346,1497
114000130,1204,704,500
114000131,792,130,662
114000132,1244,334,910
114000133,931,1339,-408
114000134,166,44,122
114000138,75,115,-40
114000139,840,989,-149
114000144,1273,1294,-21
114000145,113,32,81
114000146,222,80,142
114000147,2099,4189,-2090
114000148,1232,3373,-2141
114000149,608,850,-242
114000150,351,775,-424
114000151,850,3521,-2671
114000152,104,81,23
114000153,765,4369,-3604
114000154,877,1108,-231
114000155,1574,6898,-5324
114000156,1115,1550,-435
114000157,698,3774,-3076
114000158,1670,977,693
114000159,137,594,-457
114000160,155,1213,-1058
114000161,1329,3173,-1844
114000162,2436,4146,-1710
114000163,22,39,-17
114000165,751,770,-19
114000166,637,1023,-386
114000167,3489,2107,1382
114000168,846,336,510
114000169,1757,1855,-98
114000170,1338,1167,171
114000171,1855,8517,-6662
114000174,465,468,-3
114000176,431,901,-470
114000177,938,611,327
114000178,227,115,112
114000179,1557,1128,429
114000180,347,337,10
114000181,2010,14711,-12701
114000182,1954,3934,-1980
114000183,1509,910,599
114000184,690,928,-238
114000185,2986,1427,1559
114000189,3130,319,2811
114000190,6870,642,6228
114000191,262,866,-604
114000192,267,952,-685
114000193,251,1695,-1444
114000194,3130,1228,1902
114000195,429,512,-83
114000196,2,141,-139
114000197,4677,50,4627
114000198,1105,573,532
114000199,1840,2061,-221
114000200,1287,1666,-379
114000201,447,1134,-687
114000202,1371,1059,312
114000203,1148,1021,127
114000204,259,767,-508
114000205,497,2389,-1892
114000206,1498,3512,-2014
114000207,987,2414,-1427
114000208,1033,1517,-484
114000209,678,1861,-1183
114000210,486,1012,-526
114000211,2119,2117,2
114000212,1205,1695,-490
114000213,2860,571,2289
114000214,205,233,-28
114000215,258,113,145
114000216,3935,599,3336
114000217,790,313,477
114000218,899,214,685
114000219,3277,272,3005
114000220,44,1092,-1048
114000221,2579,320,2259
114000222,395,1038,-643
114000223,1354,211,1143
114000224,168,578,-410
114000225,739,324,415
114000226,554,306,248
114000227,1041,742,299
114000228,1666,826,840
114000229,2888,1988,900
114000230,2969,1256,1713
114000231,1973,2503,-530
114000232,2380,314,2066
114000233,5012,117,4895
114000234,2393,1108,1285
114000235,2835,2052,783
114000236,3,505,-502
114000237,333,992,-659
114000238,282,626,-344
114000239,281,1316,-1035
114000240,1543,2663,-1120
114000241,533,2972,-2439
114000242,1136,1300,-164
114000243,4852,1670,3182
114000244,1066,567,499
114000245,924,1570,-646
114000246,246,81,165
114000247,884,1041,-157
114000248,3388,916,2472
114000249,972,817,155
114000250,1187,371,816
114000251,675,291,384
114000252,88,24,64
114000253,72,166,-94
114000254,119,71,48
114000255,1108,507,601
114000256,644,2936,-2292
114000257,979,1337,-358
114000258,1160,1039,121
114000259,342,2265,-1923
114000260,1,36,-35
114000261,84,54,30
114000262,736,149,587
114000263,55,3,52
114000264,3417,667,2750
114000265,0,16,-16
114000267,3,5259,-5256
114000268,10,1077,-1067
114000270,539,14,525
114000271,571,171,400
114000283,3449,570,2879
114000285,61,130,-69
114000288,306,762,-456
114000289,3687,218,3469
114000293,628,907,-279
114000294,482,675,-193
114000395,3171,24,3147
114000396,1107,1059,48
114000402,2580,303,2277
114000403,922,280,642
114000405,494,318,176
114000423,1194,271,923
114000424,1151,793,358
114000425,2539,249,2290
114000426,598,1445,-847
114000427,222,67,155
114000428,125,170,-45
114000429,37,145,-108
114000432,368,111,257
114000434,40,59,-19
114000435,19,80,-61
114000436,3241,668,2573
114000437,2389,24455,-22066
114900001,1653,387,1266
114900002,543,166,377
114900003,1808,467,1341
114900004,407,1041,-634
114900005,1177,323,854
114900006,128,215,-87
114900007,458,45,413
114900008,878,207,671
114900010,1303,3070,-1767
114900011,595,199,396
114900013,754,255,499
114900015,139,1516,-1377
114900018,1549,76,1473
114900020,197,152,45
114900022,4,868,-864
114900024,303,230,73
114900025,1139,119,1020
114900026,112,159,-47
114900027,274,201,73
114900029,55,35,20
114900030,540,292,248
114900031,1247,43,1204
114900032,1137,39,1098
114900033,1195,4269,-3074
114900034,33,47,-14
114900035,126,614,-488
114900036,493,340,153
114900037,165,69,96
114900038,666,408,258
114900039,1386,176,1210
114900040,269,30,239
114900041,2678,185,2493
114900042,3107,232,2875
114900043,422,121,301
114900044,261,129,132
114900046,32,103,-71
114900047,304,7857,-7553
114900048,50,157,-107
114900049,28,170,-142
114900050,111,190,-79
114900051,38,231,-193
114900052,53,298,-245
114900053,124,328,-204
114900054,46,49,-3
114900057,378,27,351
114900058,0,53,-53
114900059,249,185,64
114900060,325,797,-472
114900061,133,36,97
114900062,202,834,-632
114900063,180,60,120
114900064,4015,176,3839
114900065,490,1425,-935
114900067,49,686,-637
114900068,48,116,-68
114900069,311,21,290
114900070,914,271,643
114900072,7,285,-278
114900073,6,62,-56
114900074,2149,347,1802
114900075,428,23,405
114900076,9,315,-306
114900080,1109,210,899
114900082,2487,4420,-1933
114900083,564,1154,-590
114900090,1289,256,1033
114900091,122,177,-55
114900095,489,92,397
114900096,228,650,-422
114900097,327,6,321
114900098,5,460,-455
114900099,610,53,557
115000001,7366,3960,3406
115000002,8999,10582,-1583
115000003,5918,3747,2171
115000004,9351,11578,-2227
115000005,3390,4684,-1294
115000006,3095,3654,-559
115000007,512,598,-86
115000008,908,2225,-1317
115000009,979,848,131
115000010,550,578,-28
115000013,57,343,-286
115000015,56,544,-488
115000016,377,516,-139
115000019,52,1061,-1009
115000020,578,2205,-1627
115000021,366,510,-144
115000022,876,286,590
115000023,624,851,-227
115000024,1065,301,764
115000025,1645,1114,531
115000026,258,265,-7
115000027,810,353,457
115000028,463,560,-97
115000029,1853,238,1615
115000030,992,1082,-90
115000031,1065,462,603
115000032,12,318,-306
115000033,346,32,314
115000034,168,1972,-1804
115000035,1473,173,1300
115000036,1,684,-683
115000037,1020,62,958
115000038,148,268,-120
115000039,4108,8544,-4436
115000040,6494,3841,2653
115000041,3539,8485,-4946
115000042,869,1196,-327
115000043,5446,4881,565
115000044,4353,4759,-406
115000045,4956,1421,3535
115000046,5317,5400,-83
115000047,5382,2869,2513
115000048,5801,2969,2832
115000049,3185,5522,-2337
115000050,5803,1785,4018
115000051,3237,9761,-6524
115000052,1376,1420,-44
115000053,5574,5203,371
115000054,846,1765,-919
115000055,349,1853,-1504
115000056,137,493,-356
115000057,783,2625,-1842
115000058,86,805,-719
115000059,175,495,-320
115000061,211,458,-247
115000062,493,1072,-579
115000063,929,645,284
115000064,565,248,317
115000065,108,749,-641
115000067,587,68,519
115000069,305,476,-171
115000070,65,2139,-2074
115000071,199,62,137
115000072,32,55,-23
115000073,4032,135,3897
115000075,120,128,-8
115000076,3706,2907,799
115000077,3851,1935,1916
115000078,3838,1271,2567
115000079,3606,1520,2086
115000080,7598,1819,5779
115000081,321,671,-350
115000082,12466,8870,3596
115000083,4348,1063,3285
115000084,6298,1298,5000
115000085,2905,1440,1465
115000086,2775,1483,1292
115000087,1049,3259,-2210
115000088,2693,1387,1306
115000089,2687,1888,799
115000090,901,1494,-593
115000091,523,706,-183
115000092,1760,1960,-200
115000093,1685,1,1684
115000094,7317,16112,-8795
115000095,5429,15374,-9945
115000096,2393,1046,1347
115000097,4262,3285,977
115000098,4023,843,3180
115000099,5327,1950,3377
115000100,3474,614,2860
115000101,1321,1410,-89
115000102,1108,361,747
115000103,809,650,159
115000105,319,95,224
115000106,1950,1205,745
115000107,317,381,-64
115000108,3104,2093,1011
115000109,5520,8828,-3308
115000110,2229,4227,-1998
115000111,662,1191,-529
115000112,1296,1522,-226
115000113,655,1104,-449
115000114,1221,840,381
115000116,4177,2977,1200
115000117,2835,3868,-1033
115000118,3510,2974,536
115000119,2615,3525,-910
115000120,1047,1846,-799
115000121,756,1034,-278
115000122,1100,3154,-2054
115000123,2645,3149,-504
115000124,1644,2535,-891
115000125,757,2779,-2022
115000126,334,1332,-998
115000127,854,341,513
115000128,614,1970,-1356
115000129,432,1231,-799
115000130,1033,733,300
115000131,1634,504,1130
115000132,999,910,89
115000133,1566,427,1139
115000134,646,1409,-763
115000135,273,406,-133
115000136,406,698,-292
115000137,135,420,-285
115000138,705,372,333
115000139,507,357,150
115000140,944,413,531
115000141,365,136,229
115000142,479,102,377
115000143,1821,1776,45
115000144,762,117,645
115000145,556,351,205
115000146,1110,1824,-714
115000147,567,1200,-633
115000148,794,1016,-222
115000149,1605,558,1047
115000150,1213,1090,123
115000151,2597,568,2029
115000152,1937,2805,-868
115000153,3338,787,2551
115000154,2085,341,1744
115000155,1730,2074,-344
115000156,1441,1744,-303
115000157,829,3292,-2463
115000158,912,1037,-125
115000159,724,2719,-1995
115000160,1240,1394,-154
115000161,1672,625,1047
115000162,780,1793,-1013
115000163,867,862,5
115000164,770,1361,-591
115000165,421,1183,-762
115000167,166,416,-250
115000168,754,1620,-866
115000169,516,2483,-1967
115000170,140,330,-190
115000171,442,1042,-600
115000172,1476,1374,102
115000173,551,2659,-2108
115000174,150,1372,-1222
115000175,315,410,-95
115000176,80,345,-265
115000177,47,501,-454
115000178,18,247,-229
115000179,42,213,-171
115000180,260,336,-76
115000181,1897,335,1562
115000182,3076,566,2510
115000183,1105,1046,59
115000186,1386,286,1100
115000187,334,531,-197
115000188,1000,995,5
115000189,551,697,-146
115000190,1721,1916,-195
115000191,612,1294,-682
115000194,118,202,-84
115000195,315,792,-477
115000196,602,160,442
115000197,649,190,459
115000198,1408,317,1091
115000199,1317,175,1142
115000200,1118,342,776
115000201,538,276,262
115000206,986,50,936
115000207,1008,727,281
115000208,860,1912,-1052
115000209,1708,1164,544
115000210,378,523,-145
115000211,730,403,327
115000212,1946,699,1247
115000224,298,137,161
115000225,208,50,158
115000229,332,131,201
115000230,234,775,-541
115000231,531,1329,-798
115000232,6054,679,5375
115000233,172,445,-273
115000234,106,573,-467
115000241,406,236,170
115000242,547,101,446
115000243,342,134,208
115000244,17,535,-518
115000246,129,56,73
115000247,60,94,-34
115000248,130,27,103
115000249,40,12,28
115000250,482,36,446
115000251,945,72,873
115000252,290,380,-90
115000253,19,1116,-1097
115000258,1180,103,1077
115000259,637,119,518
115000261,105,35,70
115000262,95,88,7
115000263,53,151,-98
115000264,30,73,-43
115000267,115,150,-35
115000268,44,171,-127
115000269,160,65,95
115000270,38,44,-6
115000272,273,135,138
115000273,1247,46,1201
115000280,1723,453,1270
115000281,401,1014,-613
115000282,975,2649,-1674
115000284,205,541,-336
115000296,620,4,616
115000297,184,763,-579
115000298,142,1146,-1004
115000300,403,233,170
115000302,1443,257,1186
115000303,2514,126,2388
115000304,2412,154,2258
115000305,185,446,-261
115000306,507,245,262
115000307,405,420,-15
115000308,29,45,-16
115000309,25,151,-126
115000310,5097,957,4140
115000311,2961,1767,1194
115000313,409,284,125
115000314,1303,549,754
115000315,1776,1914,-138
115000316,235,337,-102
115000317,559,1015,-456
115000318,2014,804,1210
115000319,282,202,80
115000320,162,788,-626
115000321,1437,29,1408
115000322,117,186,-69
115000449,285,321,-36
115000557,6,4650,-4644
115000558,145,331,-186
115000587,1658,608,1050
115000588,3367,5043,-1676
115000589,7714,6021,1693
115000590,1293,3565,-2272
115000591,2192,1948,244
115000592,623,2861,-2238
115000593,2438,2179,259
115000594,290,3701,-3411
115000609,559,202,357
115000617,629,3877,-3248
115000624,978,83,895
115000633,753,2007,-1254
115000634,6181,1372,4809
115000635,1343,217,1126
115000638,600,440,160
115000641,145,622,-477
115000642,539,444,95
115000643,158,444,-286
115000644,189,467,-278
115000646,1164,2118,-954
115000647,379,809,-430
115000648,6546,1342,5204
115000893,3400,1848,1552
115000894,247,1112,-865
115000895,354,1307,-953
115000896,2410,902,1508
115000897,724,210,514
115000898,1142,816,326
115000899,353,2459,-2106
115000900,141,890,-749
115000901,145,448,-303
115000912,810,200,610
115000913,10,7,3
115000915,10,0,10
115000916,0,1,-1
115000917,0,18,-18
115000918,196,1958,-1762
115000919,2,166,-164
115000920,38,231,-193
115000921,802,260,542
115000922,582,1708,-1126
115000923,79,3436,-3357
115000925,190,353,-163
115000927,59,177,-118
115000933,50,879,-829
115000934,184,277,-93
115000935,438,82,356
115000936,29,1145,-1116
115000937,197,221,-24
115000938,10,84,-74
115000939,1,39,-38
115900001,482,18,464
115900002,143,142,1
115900003,449,223,226
115900004,1,58,-57
115900005,544,31,513
115900006,257,237,20
115900008,291,4,287
115900009,89,1284,-1195
115900010,1128,200,928
115900011,887,398,489
115900012,639,7,632
115900013,637,244,393
115900014,253,147,106
115900015,568,121,447
115900016,233,71,162
115900017,122,13,109
115900018,356,54,302
115900019,548,50,498
115900020,252,1,251
115900021,953,713,240
115900022,1902,27,1875
115900023,5,39,-34
115900025,68,391,-323
115900026,1173,223,950
115900027,1,278,-277
115900028,351,56,295
115900029,60,257,-197
115900030,41,34,7
115900031,83,537,-454
115900032,576,1142,-566
115900033,0,74,-74
115900034,44,173,-129
115900035,169,66,103
115900036,130,6351,-6221
115900037,101,134,-33
115900038,78,21,57
115900039,384,131,253
115900041,215,1903,-1688
115900042,83,12,71
115900043,340,72,268
115900044,289,1153,-864
115900046,1553,183,1370
115900047,147,395,-248
115900049,534,224,310
115900051,4,23,-19
115900052,77,80,-3
115900053,1027,103,924
115900054,714,25,689
115900055,48,77,-29
115900056,538,147,391
115900057,22,40,-18
115900058,25,51,-26
115900060,139,400,-261
115900061,815,14,801
115900062,206,104,102
115900063,55,4,51
115900064,539,570,-31
115900065,504,183,321
115900066,84,148,-64
115900067,37,72,-35
115900068,1304,2920,-1616
115900069,138,333,-195
115900070,471,88,383
115900071,3,207,-204
115900072,42,172,-130
115900073,388,240,148
115900074,7,64,-57
115900075,136,219,-83
115900076,18,13,5
115900077,3,71,-68
115900078,38,608,-570
115900079,941,42,899
115900080,211,121,90
115900081,175,26,149
115900082,272,1442,-1170
115900084,1168,24,1144
115900085,41,182,-141
115900086,1496,620,876
115900088,2,139,-137
115900089,914,407,507
115900090,1390,14,1376
115900091,6,137,-131
115900092,57,73,-16
115900093,17,35,-18
115900094,20,72,-52
115900096,6,2,4
115900097,41,92,-51
115900098,728,282,446
115900099,130,524,-394
115900100,49,248,-199
115900101,765,147,618
115900102,255,196,59
115900103,680,113,567
115900104,231,136,95
115900105,580,272,308
115900106,241,6,235
115900107,99,81,18
115900108,434,24,410
115900109,25,357,-332
115900110,104,6,98
115900111,1,52,-51
115900112,145,575,-430
115900113,139,125,14
115900114,54,100,-46
115900115,218,157,61
115900116,268,609,-341
115900117,158,58,100
115900118,5,86,-81
115900119,322,120,202
115900120,72,261,-189
115900121,657,189,468
115900124,380,1567,-1187
115900125,1232,272,960
115900126,2280,79,2201
115900127,2171,124,2047
115900128,16,254,-238
115900129,1082,54,1028
115900130,15,1559,-1544
115900131,968,60,908
115900132,1586,5,1581
115900134,709,3,706
115900135,1368,1133,235
115900137,27,21,6
115900139,8,124,-116
115900140,920,68,852
115900141,0,76,-76
115900142,3,84,-81
115900143,630,499,131
115900144,659,325,334
115900146,12,52,-40
115900147,383,755,-372
115900148,30,46,-16
115900149,544,15,529
115900150,217,28,189
115900151,234,118,116
115900152,596,160,436
115900153,289,110,179
115900154,598,635,-37
115900155,0,35,-35
115900156,1332,1604,-272
115900157,643,987,-344
115900158,44,4,40
115900159,697,433,264
115900160,17,22,-5
115900161,50,225,-175
115900163,881,257,624
115900164,2080,20,2060
115900165,6,553,-547
115900166,156,242,-86
115900168,592,191,401
115900171,247,444,-197
115900172,112,222,-110
115900173,456,157,299
115900174,235,616,-381
115900175,363,319,44
115900178,28,153,-125
115900179,889,10,879
115900180,288,80,208
115900181,791,61,730
115900182,1469,75,1394
115900183,7,271,-264
115900184,866,24,842
115900187,15,555,-540
115900189,1,257,-256
115900190,372,2156,-1784
115900191,38,305,-267
115900192,69,265,-196
115900193,243,323,-80
115900194,2345,113,2232
115900195,993,6985,-5992
115900198,840,447,393
115900199,783,70,713
115900200,542,131,411
115900201,292,701,-409
115900202,6,407,-401
115900203,7,10,-3
115900204,0,14,-14
115900205,14,20,-6
115900206,927,245,682
115900207,231,10,221
115900208,294,108,186
115900209,7,126,-119
115900210,4,437,-433
115900211,2,230,-228
115900212,576,219,357
115900213,165,371,-206
115900214,1408,108,1300
115900215,27,398,-371
115900216,8,49,-41
115900217,2,29,-27
115900218,3,15,-12
115900219,404,1,403
115900220,579,12,567
115900221,258,22,236
115900222,148,55,93
115900223,20,877,-857
115900224,1028,3966,-2938
115900225,210,68,142
115900226,45,182,-137
115900227,10,74,-64
115900228,10,106,-96
115900229,68,139,-71
115900230,117,53,64
115900231,313,12,301
115900232,238,2,236
115900233,396,6,390
115900234,239,147,92
115900235,133,114,19
115900236,54,643,-589
115900237,93,73,20
115900238,23,35,-12
115900239,40,107,-67
115900240,45,73,-28
115900241,482,32,450
115900242,902,1069,-167
115900243,9,13,-4
115900244,27,24,3
115900245,134,1,133
115900246,4,25,-21
115900247,0,23,-23
115900248,19,8,11
115900249,21,1,20
115900250,76,13,63
115900251,20,8,12
115900252,13,2,11
115900253,81,10,71
115900254,29,47,-18
115900255,5,36,-31
115900256,145,152,-7
115900257,21,144,-123
115900258,0,1,-1
115900259,2,6,-4
115900260,21,9,12
115900261,11,6,5
115900262,7,4,3
115900263,25,0,25
115900264,68,0,68
115900265,5,6,-1
115900266,5,4,1
115900267,12,14,-2
115900268,7,29,-22
115900269,2052,336,1716
115900270,877,164,713
115900271,285,0,285
115900272,62,37,25
115900273,27,63,-36
115900274,0,2,-2
115900275,22,4,18
115900276,0,7,-7
115900277,0,57,-57
115900278,115,88,27
115900279,91,481,-390
115900280,41,1834,-1793
115900281,183,457,-274
115900282,7,34,-27
116000001,11182,3507,7675
116000002,9658,26543,-16885
116000003,2161,2714,-553
116000004,6574,11075,-4501
116000005,1404,7737,-6333
116000006,5526,11761,-6235
116000007,2585,3678,-1093
116000008,10592,5627,4965
116000009,1265,1263,2
116000010,5982,2696,3286
116000011,1097,1273,-176
116000012,4210,1904,2306
116000013,7204,9584,-2380
116000014,21426,44904,-23478
116000015,458,4003,-3545
116000016,9691,12707,-3016
116000017,191,1237,-1046
116000018,908,833,75
116000019,3527,546,2981
116000020,946,2486,-1540
116000021,2068,484,1584
116000022,1262,776,486
116000023,3989,2553,1436
116000024,1306,1827,-521
116000025,2276,1830,446
116000026,1928,8642,-6714
116000027,835,1661,-826
116000028,833,1782,-949
116000029,675,652,23
116000030,983,1167,-184
116000031,47,272,-225
116000032,732,205,527
116000033,1628,969,659
116000034,1117,1347,-230
116000035,1170,516,654
116000036,623,5693,-5070
116000037,270,941,-671
116000038,142,2871,-2729
116000039,603,2530,-1927
116000040,842,3545,-2703
116000041,165,2108,-1943
116000042,1508,2148,-640
116000043,312,656,-344
116000044,2,28,-26
116000045,2077,2472,-395
116000046,1352,2967,-1615
116000047,4441,6100,-1659
116000048,5977,1781,4196
116000049,3603,3992,-389
116000050,2711,2208,503
116000051,5127,4125,1002
116000052,5431,5264,167
116000053,4496,1390,3106
116000054,2132,4159,-2027
116000055,2067,1838,229
116000056,3290,1753,1537
116000057,5106,1832,3274
116000058,10750,6222,4528
116000059,4660,8058,-3398
116000060,5873,2937,2936
116000061,335,2087,-1752
116000062,1200,692,508
116000063,1106,3914,-2808
116000066,868,1293,-425
116000067,658,726,-68
116000068,292,644,-352
116000069,802,428,374
116000078,1061,1276,-215
116000080,2831,726,2105
116000082,20,7,13
116000083,3635,595,3040
116000084,1854,2195,-341
116000085,2915,3514,-599
116000086,1190,792,398
116000087,5086,2647,2439
116000088,2809,1448,1361
116000089,350,234,116
116000090,404,285,119
116000091,356,1117,-761
116000093,1484,427,1057
116000094,2986,737,2249
116000095,1504,965,539
116000096,4177,6122,-1945
116000097,2073,1038,1035
116000098,70,23476,-23406
116000099,12035,632,11403
116000100,633,61,572
116000101,3053,1027,2026
116000102,416,934,-518
116000103,1287,575,712
116000104,447,1632,-1185
116000105,3706,235,3471
116000106,891,5229,-4338
116000107,5543,1254,4289
116000108,95,1591,-1496
116000111,213,45,168
116000113,262,122,140
116000114,32,137,-105
116000115,593,178,415
116000116,574,245,329
116000117,2562,2081,481
116000118,3451,1305,2146
116000119,6544,2315,4229
116000120,4493,2955,1538
116000121,1904,670,1234
116000122,1253,943,310
116000123,2505,795,1710
116000124,812,637,175
116000125,6572,996,5576
116000126,542,587,-45
116000127,1444,658,786
116000128,4034,1129,2905
116000129,3156,224,2932
116000130,1851,1290,561
116000133,3997,1214,2783
116000134,2531,1557,974
116000135,6041,1868,4173
116000136,1349,2239,-890
116000137,2095,1300,795
116000138,3017,1111,1906
116000139,3761,10393,-6632
116000140,358,684,-326
116000141,1193,617,576
116000142,5235,2291,2944
116000143,3935,2172,1763
116000144,3950,2867,1083
116000145,4913,1343,3570
116000146,2152,227,1925
116000147,679,895,-216
116000148,2132,3357,-1225
116000149,1464,1729,-265
116000151,1047,1441,-394
116000153,280,565,-285
116000155,417,1107,-690
116000156,1989,909,1080
116000157,145,15,130
116000158,1072,198,874
116000159,13,17,-4
116000160,148,171,-23
116000161,12,163,-151
116000162,310,609,-299
116000163,181,128,53
116000164,77,213,-136
116000177,219,1624,-1405
116000194,96,615,-519
116000195,3125,1022,2103
116000196,313,28,285
116000197,192,127,65
116000198,3467,2111,1356
116000200,2006,1773,233
116000201,1066,964,102
116000202,21,388,-367
116000203,0,35,-35
116000204,23,18,5
116000205,0,114,-114
116000206,0,391,-391
116000207,46,186,-140
116000233,322,1028,-706
116000287,656,199,457
116000288,693,411,282
116000292,264,344,-80
116000296,15,126,-111
116000297,106,21,85
116000304,619,22,597
116000305,24,254,-230
116000346,553,391,162
116000352,449,309,140
116000354,137,194,-57
116000357,58,50,8
116000358,1309,314,995
116000361,70,1,69
116000372,6107,16645,-10538
116000381,368,4,364
116000388,6,85,-79
116000389,1875,497,1378
116000445,2232,406,1826
116000446,1346,448,898
116000447,60,1133,-1073
116000448,994,107,887
116000563,1235,1317,-82
116000565,60,359,-299
116000568,104,1131,-1027
116000579,25,142,-117
116000584,147,18,129
116000585,162,74,88
116000586,121,207,-86
116000587,540,630,-90
116000589,122,114,8
116000590,359,178,181
116000591,532,336,196
116000592,8,21,-13
116000593,2,26,-24
116000594,3408,182,3226
116000595,1847,107,1740
116000596,651,8,643
116000597,1461,627,834
116000598,67,143,-76
116000602,74,1798,-1724
116000605,336,228,108
116000606,162,1312,-1150
116000607,2,329,-327
116000609,157,3114,-2957
116000611,586,290,296
116000612,3350,2776,574
116000613,1226,452,774
116000614,1053,341,712
116000615,5,1137,-1132
116000616,161,167,-6
116000617,457,35,422
116000618,13,100,-87
116000619,71,217,-146
116000620,756,212,544
116000621,266,171,95
116000622,234,156,78
116000624,232,505,-273
116000627,105,55,50
116000628,107,200,-93
116000629,22,238,-216
116000630,2306,30,2276
116000631,1204,29,1175
116000632,2195,75,2120
116000633,55,408,-353
116000634,1577,15,1562
116000635,2951,5824,-2873
116000636,171,2056,-1885
116000637,20,1,19
116000638,0,43,-43
116900001,769,173,596
116900002,541,2,539
116900003,154,7,147
116900004,103,216,-113
116900005,586,74,512
116900006,170,570,-400
116900007,214,670,-456
116900008,2033,149,1884
116900009,46,52,-6
116900010,1,820,-819
116900011,35,220,-185
116900012,511,782,-271
116900013,7,155,-148
116900014,467,94,373
116900015,1397,131,1266
116900016,352,6,346
116900017,6,537,-531
116900018,203,205,-2
116900019,0,152,-152
116900020,643,4111,-3468
116900023,103,26,77
116900024,1805,103,1702
116900025,3075,1141,1934
116900026,229,807,-578
116900027,137,95,42
116900028,5,46,-41
116900029,5,321,-316
116900031,1,7,-6
116900032,2,123,-121
116900033,68,27,41
116900034,92,24,68
116900035,350,388,-38
116900036,31,172,-141
116900038,21,5,16
116900041,355,36,319
116900042,290,238,52
116900043,19,94,-75
116900045,424,135,289
116900047,59,509,-450
116900049,64,518,-454
116900050,73,305,-232
116900051,1004,27,977
116900052,544,124,420
116900055,0,144,-144
116900057,34,154,-120
116900058,28,403,-375
116900059,1,56,-55
116900060,823,775,48
116900062,5,65,-60
116900064,159,271,-112
116900065,31,188,-157
116900067,293,53,240
116900068,214,170,44
116900070,6,18,-12
116900072,57,186,-129
116900073,12,148,-136
116900074,12,69,-57
116900076,86,240,-154
116900077,3,50,-47
116900078,189,50,139
116900079,107,196,-89
116900080,5,70,-65
116900081,355,968,-613
116900082,205,1775,-1570
116900083,35,12,23
116900084,79,54,25
116900085,35,160,-125
116900086,69,386,-317
116900088,663,38,625
116900090,28,19,9
116900091,1250,68,1182
116900092,140,429,-289
116900093,6206,2124,4082
116900094,7317,12787,-5470
116900095,541,883,-342
116900096,234,708,-474
116900097,1754,7743,-5989
116900098,1723,680,1043
116900099,311,1744,-1433
116900100,2224,288,1936
116900101,318,1248,-930
116900103,44,0,44
116900104,35,654,-619
116900105,843,474,369
116900106,6922,151,6771
116900107,2232,5909,-3677
116900110,17,0,17
116900111,1708,464,1244
116900112,445,558,-113
116900113,2215,6249,-4034
116900116,43,1940,-1897
116900117,466,814,-348
116900118,2584,1310,1274
116900120,919,125,794
116900121,498,79,419
116900122,2637,450,2187
116900123,1522,363,1159
116900124,227,474,-247
116900125,1504,167,1337
116900126,300,1436,-1136
116900128,8,94,-86
116900129,0,331,-331
116900130,2625,9930,-7305
116900131,148,625,-477
116900132,243,167,76
116900133,514,261,253
116900134,527,597,-70
116900136,478,365,113
116900137,498,252,246
116900138,212,138,74
116900139,92,370,-278
116900140,311,92,219
116900141,665,116,549
116900142,14,88,-74
116900143,749,176,573
116900144,117,43,74
116900145,186,767,-581
116900147,279,3846,-3567
116900148,6,34,-28
116900149,66,518,-452
116900150,14,12,2
116900151,170,86,84
116900153,336,226,110
116900154,367,1279,-912
116900155,135,334,-199
116900157,2133,116,2017
116900158,205,660,-455
116900159,192,835,-643
116900160,1744,1277,467
116900161,8217,21078,-12861
116900162,18,128,-110
116900163,530,68,462
116900164,227,149,78
116900165,1624,803,821
116900166,172,90,82
116900167,1021,62,959
116900168,1415,78,1337
116900169,476,4339,-3863
116900170,1343,621,722
116900171,154,195,-41
116900172,179,1128,-949
116900173,747,13,734
116900174,84,296,-212
116900175,654,1149,-495
116900178,172,113,59
116900179,47,830,-783
116900180,107,23,84
116900182,2412,558,1854
116900183,476,289,187
116900185,56,53,3
116900186,293,114,179
116900187,108,206,-98
116900188,256,30,226
116900189,27,2,25
116900191,302,462,-160
116900192,887,217,670
116900194,237,3337,-3100
116900195,104,13,91
116900196,48,36,12
116900197,287,70,217
116900198,36,1229,-1193
116900200,167,9,158
116900201,558,10,548
116900202,123,63,60
116900203,353,26,327
116900204,69,477,-408
116900206,28,3,25
116900207,42,84,-42
116900208,8,76,-68
116900209,39,28,11
116900210,1619,794,825
116900211,482,28,454
116900212,218,20,198
116900213,579,262,317
116900214,818,437,381
116900215,154,69,85
116900216,875,484,391
116900218,5,326,-321
116900219,507,285,222
116900220,273,535,-262
116900221,426,458,-32
116900222,712,478,234
116900223,146,292,-146
116900226,457,59,398
116900227,595,63,532
116900228,677,383,294
116900230,158,124,34
116900231,156,205,-49
116900232,50,415,-365
116900233,656,148,508
116900234,89,19,70
116900235,377,270,107
116900238,949,285,664
116900239,35,1237,-1202
116900240,6622,7846,-1224
116900241,341,44,297
116900242,609,2538,-1929
116900243,1,130,-129
116900245,161,125,36
116900246,237,51,186
116900247,1846,59,1787
116900248,107,34,73
116900249,1180,62,1118
116900250,1060,97,963
116900251,597,2786,-2189
116900252,614,2159,-1545
116900253,316,110,206
116900254,202,290,-88
116900255,346,239,107
116900256,1880,319,1561
116900257,224,778,-554
116900258,19,25,-6
116900259,673,55,618
116900260,2,21,-19
116900261,204,8,196
116900262,392,490,-98
116900263,4,7,-3
116900264,2,10,-8
116900265,303,4,299
116900266,67,14,53
116900267,35,0,35
116900268,85,381,-296
116900269,810,3274,-2464
116900271,1140,1255,-115
116900272,1111,767,344
116900273,64,1490,-1426
116900274,436,118,318
116900275,921,97,824
116900276,633,1104,-471
116900277,271,142,129
116900278,2,3,-1
116900279,12,30,-18
116900280,206,22,184
116900281,4950,13829,-8879
116900282,20,29,-9
116900283,9,36,-27
116900284,43,142,-99
116900285,218,934,-716
116900286,185,33,152
116900287,20,39,-19
116900288,340,51,289
116900289,59,1,58
116900290,35,3,32
116900291,89,7,82
116900292,0,56,-56
116900293,236,5,231
116900294,62,184,-122
116900295,393,990,-597
116900296,56,627,-571
116900297,5,182,-177
116900298,108,272,-164
116900299,20,562,-542
116900300,4,180,-176
116900301,67,1367,-1300
116900302,22,377,-355
116900303,370,268,102
116900304,1,303,-302
116900305,65,146,-81
116900306,601,52,549
117000001,5836,8690,-2854
117000002,2963,8312,-5349
117000003,11490,8706,2784
117000004,3370,12307,-8937
117000005,6847,5840,1007
117000006,1537,4135,-2598
117000007,14552,2695,11857
117000008,1861,4616,-2755
117000009,8557,2922,5635
117000010,1580,3314,-1734
117000011,6191,3154,3037
117000012,3227,2045,1182
117000013,5037,2828,2209
117000014,2501,3475,-974
117000015,8809,3639,5170
117000016,513,1366,-853
117000017,94,4582,-4488
117000018,183,2262,-2079
117000019,129,8,121
117000020,1992,4715,-2723
117000021,5729,864,4865
117000022,386,1453,-1067
117000023,119,1262,-1143
117000024,238,2962,-2724
117000025,223,11310,-11087
117000026,3068,9404,-6336
117000027,3019,7065,-4046
117000028,2007,6568,-4561
117000030,435,977,-542
117000031,718,697,21
117000032,2363,4262,-1899
117000033,4066,3530,536
117000034,641,520,121
117000035,699,980,-281
117000036,1127,724,403
117000037,686,475,211
117000038,769,1284,-515
117000039,658,784,-126
117000040,225,868,-643
117000041,2400,164,2236
117000044,29,1024,-995
117000045,2730,824,1906
117000046,755,2458,-1703
117000047,1516,2043,-527
117000048,2283,2278,5
117000049,127,1124,-997
117000050,1073,2445,-1372
117000051,5774,131,5643
117000052,146,241,-95
117000053,1869,77,1792
117000054,3714,14,3700
117000055,7,1834,-1827
117000056,1313,50,1263
117000057,1193,2556,-1363
117000060,990,2483,-1493
117000061,5099,3962,1137
117000062,398,2498,-2100
117000063,3490,1691,1799
117000064,1341,1103,238
117000066,820,1770,-950
117000067,139,1018,-879
117000074,33,598,-565
117000076,114,83,31
117000077,433,286,147
117000078,358,1394,-1036
117000079,949,508,441
117000080,2,1073,-1071
117000081,1951,376,1575
117000082,44,168,-124
117000083,283,25,258
117000084,636,18,618
117000085,1109,1747,-638
117000086,1992,710,1282
117000087,280,859,-579
117000088,722,343,379
117000089,5717,492,5225
117000090,793,982,-189
117000091,3215,545,2670
117000092,1003,1264,-261
117000093,4311,807,3504
117000094,1658,1936,-278
117000095,6712,1229,5483
117000096,1604,1881,-277
117000097,5499,2106,3393
117000098,2805,3232,-427
117000099,10280,2267,8013
117000100,431,621,-190
117000101,261,1103,-842
117000102,5140,1154,3986
117000103,1108,1695,-587
117000104,3635,1441,2194
117000105,659,1710,-1051
117000106,5083,1223,3860
117000107,1261,2020,-759
117000108,4771,2126,2645
117000109,1913,3102,-1189
117000110,3325,4206,-881
117000111,8134,9038,-904
117000112,8160,2440,5720
117000113,304,154,150
117000114,572,988,-416
117000115,142,94,48
117000116,406,1010,-604
117000117,3690,2437,1253
117000118,1103,1032,71
117000119,297,1579,-1282
117000120,94,4094,-4000
117000121,155,2411,-2256
117000122,3176,3423,-247
117000123,8232,204,8028
117000124,194,824,-630
117000125,107,2967,-2860
117000126,38,211,-173
117000127,215,2007,-1792
117000128,219,4367,-4148
117000129,305,754,-449
117000130,50,3,47
117000131,2,234,-232
117000132,11864,12,11852
117000133,7276,35,7241
117000134,1,553,-552
117000135,0,590,-590
117000136,1,237,-236
117000137,457,244,213
117000138,3,2317,-2314
117000140,781,1341,-560
117000141,4387,1059,3328
117000181,1222,274,948
117000182,6005,2830,3175
117000195,331,837,-506
117000196,719,339,380
117000225,29,658,-629
117000226,5,681,-676
117000276,922,64,858
117000277,0,115,-115
117000310,2263,4585,-2322
117000315,750,1607,-857
117000320,123,0,123
117000906,1351,48,1303
117000907,9,248,-239
117000908,3,566,-563
117000909,182,269,-87
117000910,406,183,223
117000911,83,188,-105
117000915,5,208,-203
117000916,302,32,270
117000917,3829,240,3589
117000918,592,141,451
117000919,10,100,-90
117000920,14,2331,-2317
117000921,4,365,-361
117000922,86,153,-67
117000924,1514,924,590
117000926,2371,1417,954
117000927,379,1156,-777
117000928,4,219,-215
117000929,1295,239,1056
117000930,1819,26,1793
117000931,229,351,-122
117900002,90,1845,-1755
117900003,167,368,-201
117900005,7,454,-447
117900006,0,172,-172
117900007,460,128,332
117900008,0,24,-24
117900010,899,117,782
117900011,36,2994,-2958
117900012,202,107,95
117900013,3,525,-522
117900014,1435,419,1016
117900015,40,210,-170
117900016,2242,2581,-339
117900017,2226,805,1421
117900018,1030,2033,-1003
117900019,2022,395,1627
117900020,91,610,-519
117900021,87,460,-373
117900022,86,13,73
117900023,7324,283,7041
117900024,242,253,-11
117900025,35,6,29
117900026,1357,410,947
117900028,198,51,147
117900029,1070,1330,-260
117900030,929,1068,-139
117900031,893,2245,-1352
117900032,1438,884,554
117900033,1617,857,760
117900034,149,61,88
117900035,501,1763,-1262
117900036,1180,572,608
117900037,496,153,343
117900038,256,182,74
117900039,1,104,-103
117900040,535,152,383
117900041,4,73,-69
117900042,4985,1282,3703
117900043,0,56,-56
117900044,39,10954,-10915
117900045,890,242,648
117900048,665,301,364
117900049,1179,1011,168
117900050,17,1884,-1867
117900051,76,80,-4
117900052,208,1287,-1079
117900053,3467,299,3168
117900054,16,32,-16
117900055,5778,885,4893
117900056,206,362,-156
117900057,2140,1392,748
117900058,68,301,-233
117900059,240,507,-267
117900060,6249,3621,2628
117900061,73,852,-779
117900063,1838,432,1406
117900065,506,1955,-1449
117900066,13,373,-360
117900067,2235,378,1857
117900069,2727,265,2462
117900070,52,868,-816
117900071,509,192,317
117900073,2168,518,1650
117900074,36,1756,-1720
117900075,361,167,194
117900076,176,310,-134
117900077,1557,182,1375
117900078,1004,1057,-53
117900080,445,122,323
117900081,446,624,-178
117900082,1638,501,1137
117900083,1650,1180,470
117900086,573,303,270
117900087,401,89,312
117900088,1132,1625,-493
117900089,4548,883,3665
117900090,1645,1429,216
117900091,364,109,255
117900092,268,155,113
117900093,301,84,217
117900094,114,108,6
117900095,1368,2097,-729
117900096,487,1660,-1173
117900097,347,130,217
117900098,200,29,171
117900099,749,1870,-1121
117900100,1585,14,1571
117900101,2058,5229,-3171
117900102,203,79,124
117900103,293,27,266
117900104,44,767,-723
117900105,165,318,-153
117900106,338,73,265
117900107,166,3,163
117900109,2051,749,1302
117900110,616,7,609
117900111,2250,277,1973
117900112,172,26,146
117900113,1726,5368,-3642
117900114,95,0,95
117900115,75,837,-762
117900116,1493,925,568
117900117,1912,338,1574
117900118,614,3,611
117900119,604,36,568
117900120,2530,191,2339
117900121,256,167,89
117900122,1360,12355,-10995
117900123,2353,903,1450
117900124,399,1888,-1489
117900125,2917,1926,991
117900126,335,427,-92
117900127,1662,375,1287
117900128,1016,270,746
117900129,260,6,254
117900130,1751,1560,191
117900131,7,278,-271
117900132,91,133,-42
117900133,66,46,20
117900134,175,399,-224
117900135,141,114,27
117900136,0,22,-22
117900137,360,366,-6
117900138,0,7,-7
117900139,140,108,32
117900140,13607,1585,12022
117900141,97,903,-806
117900142,54,1327,-1273
117900144,89,3329,-3240
117900145,22,632,-610
117900146,84,1048,-964
117900147,221,297,-76
117900148,8088,7367,721
117900149,194,711,-517
117900150,165,119,46
117900151,82,622,-540
117900152,125,294,-169
117900153,49,340,-291
117900154,1557,1514,43
117900156,599,711,-112
117900157,120,854,-734
117900158,622,175,447
117900160,1610,1355,255
117900161,1555,1146,409
117900162,1746,800,946
117900163,36,1867,-1831
117900165,0,5,-5
117900166,25,749,-724
117900168,44,232,-188
117900169,1,82,-81
117900170,3,92,-89
117900171,9,9,0
117900172,70,27,43
117900173,98,92,6
117900174,77,87,-10
117900175,5,32,-27
117900176,45,19,26
117900177,118,81,37
117900178,225,109,116
117900180,398,77,321
117900181,101,976,-875
117900182,3,119,-116
117900183,232,368,-136
117900184,87,245,-158
117900185,93,57,36
117900186,155,16,139
117900187,57,6,51
117900188,518,139,379
117900189,236,95,141
117900190,58,0,58
117900191,355,1,354
117900192,569,0,569
117900193,64,177,-113
117900194,70,30,40
117900195,36,470,-434
117900196,103,80,23
117900207,235,338,-103
117900208,101,84,17
117900209,534,128,406
117900210,230,136,94
117900211,7,76,-69
117900212,286,299,-13
117900213,66,17,49
117900214,30,15,15
117900215,110,21,89
117900216,31,206,-175
117900217,130,387,-257
117900218,79,248,-169
117900219,7,490,-483
117900220,16,1114,-1098
117900222,418,170,248
117900223,128,693,-565
118000001,1490,5767,-4277
118000002,1083,2488,-1405
118000003,3771,10364,-6593
118000004,1752,14491,-12739
118000005,8168,5003,3165
118000006,10742,7833,2909
118000007,9611,24114,-14503
118000008,1508,15846,-14338
118000009,3009,7307,-4298
118000010,5991,7338,-1347
118000011,5286,2737,2549
118000012,2215,3947,-1732
118000013,6086,6405,-319
118000014,3161,3609,-448
118000016,672,301,371
118000017,1844,697,1147
118000018,800,327,473
118000019,1638,3954,-2316
118000020,605,3743,-3138
118000021,1205,5519,-4314
118000022,1953,1176,777
118000023,836,701,135
118000024,766,1453,-687
118000027,23768,11939,11829
118000029,1262,986,276
118000032,311,3458,-3147
118000033,2841,8571,-5730
118000034,5313,7470,-2157
118000035,3895,3772,123
118000036,1807,2251,-444
118000037,1741,5922,-4181
118000038,1773,249,1524
118000039,309,243,66
118000040,3955,4140,-185
118000041,8219,3229,4990
118000045,267,611,-344
118000046,1863,3657,-1794
118000047,1034,7477,-6443
118000048,2579,12845,-10266
118000051,2172,11206,-9034
118000052,1157,3970,-2813
118000053,952,4269,-3317
118000054,9101,2204,6897
118000055,7685,3398,4287
118000056,146,1819,-1673
118000057,272,894,-622
118000058,3140,14299,-11159
118000059,2343,7667,-5324
118000060,2760,1619,1141
118000061,2671,3221,-550
118000062,655,374,281
118000063,840,2177,-1337
118000064,1311,2991,-1680
118000065,3147,3786,-639
118000066,3465,8312,-4847
118000067,673,1271,-598
118000068,1895,21588,-19693
118000069,1901,3000,-1099
118000070,15447,4791,10656
118000071,10941,21586,-10645
118000072,1278,8488,-7210
118000073,642,4350,-3708
118000074,1007,974,33
118000075,1070,713,357
118000076,4154,19243,-15089
118000077,2098,4589,-2491
118000078,3681,6340,-2659
118000079,443,1012,-569
118000080,680,3123,-2443
118000081,2656,3836,-1180
118000082,826,2585,-1759
118000083,2413,4120,-1707
118000084,3342,5452,-2110
118000086,205,1599,-1394
118000087,12331,5483,6848
118000088,2211,3770,-1559
118000089,8328,7017,1311
118000090,1794,7777,-5983
118000091,3334,9689,-6355
118000092,1959,1456,503
118000093,328,1406,-1078
118000096,1544,1756,-212
118000097,1392,1796,-404
118000098,407,715,-308
118000099,1979,750,1229
118000101,4160,721,3439
118000102,938,972,-34
118000107,6636,1153,5483
118000108,2196,10329,-8133
118000110,0,92,-92
118000111,1,249,-248
118000112,2936,44,2892
118000113,29,698,-669
118000114,2067,55,2012
118000115,31,20,11
118000116,98,0,98
118000117,1123,2807,-1684
118000118,2590,4437,-1847
118000119,2606,4328,-1722
118000120,2127,2082,45
118000121,19,1026,-1007
118000122,977,660,317
118000123,91,482,-391
118000125,1690,5825,-4135
118000126,1336,6100,-4764
118000127,2125,3225,-1100
118000128,598,7044,-6446
118000129,3826,2317,1509
118000130,4441,6497,-2056
118000131,819,2592,-1773
118000132,5449,5068,381
118000133,3102,2162,940
118000135,1598,3034,-1436
118000136,253,3271,-3018
118000137,730,482,248
118000138,981,757,224
118000139,1131,275,856
118000140,10117,19549,-9432
118000141,6329,3106,3223
118000142,7044,3489,3555
118000143,6894,2996,3898
118000144,1574,891,683
118000145,2713,1920,793
118000146,2972,911,2061
118000147,2609,1473,1136
118000148,2091,2592,-501
118000149,1882,718,1164
118000150,1736,332,1404
118000151,1900,585,1315
118000153,4117,1547,2570
118000154,3049,2150,899
118000155,5685,1876,3809
118000156,5072,8253,-3181
118000157,1503,700,803
118000158,622,1057,-435
118000159,101,195,-94
118000160,1874,561,1313
118000161,1393,506,887
118000162,2461,1516,945
118000163,2290,1956,334
118000164,4205,2856,1349
118000168,900,3144,-2244
118000169,2117,1415,702
118000170,5594,4492,1102
118000171,847,1270,-423
118000172,122,402,-280
118000173,1626,3185,-1559
118000175,442,458,-16
118000176,832,729,103
118000177,877,1114,-237
118000178,99,41,58
118000179,1211,1320,-109
118000180,1333,1054,279
118000181,1063,428,635
118000182,581,340,241
118000183,445,518,-73
118000184,2957,787,2170
118000185,943,3650,-2707
118000186,679,2663,-1984
118000187,5353,699,4654
118000188,2087,145,1942
118000189,2680,858,1822
118000190,10,42,-32
118000191,27,94,-67
118000192,31,553,-522
118000193,30,202,-172
118000194,4731,1705,3026
118000195,531,13756,-13225
118000196,127,3013,-2886
118000197,92,607,-515
118000198,662,3951,-3289
118000199,642,4081,-3439
118000200,317,1917,-1600
118000201,157,2163,-2006
118000202,72,1590,-1518
118000203,379,2922,-2543
118000204,94,1236,-1142
118000205,126,662,-536
118000206,533,869,-336
118000207,2,133,-131
118000208,3190,2709,481
118000209,5472,1252,4220
118000210,394,98,296
118000211,272,146,126
118000213,1286,14252,-12966
118000214,742,1922,-1180
118000215,883,235,648
118000216,20697,4450,16247
118000217,18,120,-102
118000218,321,79,242
118000219,501,627,-126
118000220,108,129,-21
118000221,1788,1831,-43
118000222,129,10,119
118000223,285,70,215
118000224,304,112,192
118000225,509,3578,-3069
118000226,2756,458,2298
118000227,2435,984,1451
118000228,115,939,-824
118000229,134,2221,-2087
118000230,186,715,-529
118000231,149,1163,-1014
118000232,2239,481,1758
118000233,2931,1041,1890
118000234,1277,162,1115
118000236,439,1136,-697
118000237,540,584,-44
118000238,490,494,-4
118000239,672,1104,-432
118000240,202,171,31
118000241,908,377,531
118000242,1169,456,713
118000243,516,210,306
118000244,285,62,223
118000246,0,99,-99
118000255,42,811,-769
118000256,214,364,-150
118000259,69,182,-113
118000260,620,140,480
118000261,210,56,154
118000263,256,486,-230
118000266,512,399,113
118000267,5,1003,-998
118000268,531,19,512
118000270,599,11,588
118000271,467,329,138
118000272,186,34,152
118000273,728,55,673
118000274,172,756,-584
118000276,867,407,460
118000295,85,291,-206
118000298,370,149,221
118000299,159,114,45
118000301,0,365,-365
118000302,347,46,301
118000311,2719,106,2613
118000312,952,150,802
118000313,226,128,98
118000314,320,52,268
118000315,308,11,297
118000316,2164,709,1455
118000325,184,90,94
118000326,133,50,83
118000331,104,34,70
118000332,40,40,0
118000333,75,64,11
118000335,1755,6,1749
118000336,1,332,-331
118000407,758,67,691
118000457,23,182,-159
118000465,1012,4944,-3932
118000480,103,129,-26
118000489,10,1353,-1343
118000490,18,692,-674
118000492,1348,227,1121
118000510,198,52,146
118000514,139,1445,-1306
118000515,939,2684,-1745
118000517,913,377,536
118000524,170,1240,-1070
118000525,994,1147,-153
118000530,63,490,-427
118000531,873,341,532
118000532,547,358,189
118000533,465,216,249
118000534,1832,645,1187
118000535,715,197,518
118000536,132,1057,-925
118000537,49,314,-265
118000538,35,311,-276
118000539,94,303,-209
118000540,417,663,-246
118000541,145,197,-52
118000542,205,1155,-950
118000543,578,1037,-459
118000546,132,104,28
118000560,2500,5081,-2581
118000562,251,187,64
118000563,2545,1730,815
118000576,255,48,207
118000577,254,296,-42
118000578,132,73,59
118000579,829,5442,-4613
118000595,302,118,184
118000596,9,1381,-1372
118000597,258,92,166
118000598,54,1,53
118000599,613,111,502
118000600,1,44,-43
118000601,157,0,157
118000602,0,32,-32
118000603,0,31,-31
118900001,1217,2427,-1210
118900002,1915,1878,37
118900003,1634,20,1614
118900004,511,135,376
118900005,254,25,229
118900006,513,11,502
118900007,3,1,2
118900008,2596,99,2497
118900009,329,282,47
118900010,266,52,214
118900011,333,19,314
118900012,519,643,-124
118900013,3585,1310,2275
118900015,777,81,696
118900016,16,2,14
118900017,47,407,-360
118900018,2570,64,2506
118900019,8,13,-5
118900020,46,472,-426
118900021,189,2062,-1873
118900022,213,21,192
118900023,98,512,-414
118900024,163,314,-151
118900025,44,254,-210
118900026,118,28,90
118900027,1263,390,873
118900028,443,166,277
118900029,495,1110,-615
118900030,1462,400,1062
118900031,147,64,83
118900032,421,130,291
118900033,718,1723,-1005
118900034,486,62,424
118900035,250,116,134
118900036,2486,602,1884
118900037,543,1736,-1193
118900038,1080,112,968
118900039,1701,435,1266
118900040,420,155,265
118900041,1712,720,992
118900042,157,99,58
118900045,527,307,220
118900046,655,634,21
118900047,575,619,-44
118900048,267,1542,-1275
118900049,333,89,244
118900050,224,11,213
118900051,64,367,-303
118900052,490,1591,-1101
118900053,38,153,-115
118900054,382,40,342
118900055,417,8,409
118900056,54,970,-916
118900057,1359,894,465
118900058,1176,1330,-154
118900059,57,292,-235
118900060,219,85,134
118900062,734,303,431
118900064,544,1240,-696
118900065,144,383,-239
118900066,267,150,117
118900067,6815,8113,-1298
118900068,13,1078,-1065
118900069,1075,423,652
118900071,23,12,11
118900072,1864,1681,183
118900073,396,276,120
118900074,775,162,613
118900075,514,25,489
118900076,512,380,132
118900077,1088,258,830
118900078,6,11,-5
118900079,60,348,-288
118900080,278,95,183
118900081,72,102,-30
118900082,4363,466,3897
118900083,43,3,40
118900084,13,39,-26
118900085,653,742,-89
118900086,50,210,-160
118900087,356,2035,-1679
118900088,1,6,-5
118900089,38,43,-5
118900090,720,319,401
118900091,366,564,-198
118900092,706,90,616
118900093,324,55,269
118900096,124,56,68
118900097,683,961,-278
118900099,91,188,-97
118900100,153,530,-377
118900101,586,241,345
118900102,59,136,-77
118900103,47,260,-213
118900104,822,148,674
118900105,359,175,184
118900107,140,85,55
118900108,217,520,-303
118900110,2573,2373,200
118900111,2080,887,1193
118900112,506,869,-363
118900113,175,485,-310
118900114,11,349,-338
118900115,502,786,-284
118900116,98,290,-192
118900117,224,161,63
118900118,690,315,375
118900119,382,299,83
118900120,121,512,-391
118900121,71,283,-212
118900122,9,2026,-2017
118900123,220,525,-305
118900124,322,541,-219
118900126,111,508,-397
118900129,575,377,198
118900130,49,270,-221
118900131,1012,512,500
118900132,708,416,292
118900133,31,418,-387
118900135,660,334,326
118900136,700,311,389
118900137,25,275,-250
118900139,983,450,533
118900140,1471,511,960
118900141,274,139,135
118900144,591,277,314
118900145,80,316,-236
118900146,835,518,317
118900147,203,1837,-1634
118900148,157,93,64
118900150,213,1188,-975
118900152,1215,645,570
118900157,124,806,-682
118900158,596,70,526
118900159,0,398,-398
118900161,79,82,-3
118900163,77,81,-4
118900164,0,75,-75
118900165,235,79,156
118900166,13,1,12
118900167,163,63,100
118900168,87,271,-184
118900169,507,201,306
118900170,798,83,715
118900171,195,96,99
118900174,154,114,40
118900175,1156,626,530
118900176,334,400,-66
118900177,283,11,272
118900178,238,122,116
118900179,3,24,-21
118900181,406,107,299
118900182,41,136,-95
118900183,55,484,-429
118900184,310,57,253
118900185,259,76,183
118900186,98,532,-434
118900187,174,1532,-1358
118900188,679,482,197
118900189,67,1167,-1100
118900190,301,351,-50
118900191,1177,108,1069
118900192,1100,62,1038
118900193,2172,22,2150
118900195,350,976,-626
118900196,93,258,-165
118900197,627,164,463
118900198,93,17,76
118900199,207,12,195
118900200,51,64,-13
118900201,66,181,-115
118900202,26,146,-120
118900203,137,20,117
118900204,97,21,76
118900205,7,6,1
118900206,4,4,0
119000001,3371,4544,-1173
119000002,6033,8064,-2031
119000003,7256,1808,5448
119000004,5707,4346,1361
119000005,4435,6178,-1743
119000006,8253,4003,4250
119000007,8267,7760,507
119000008,4229,3013,1216
119000009,4043,13600,-9557
119000010,6987,8075,-1088
119000011,3798,4619,-821
119000012,2047,6901,-4854
119000013,6234,3472,2762
119000014,3503,4260,-757
119000019,624,429,195
119000020,5637,3307,2330
119000021,10538,6452,4086
119000022,2997,9164,-6167
119000023,279,792,-513
119000024,3873,49638,-45765
119000025,7188,2451,4737
119000026,93,1195,-1102
119000027,231,879,-648
119000028,3758,958,2800
119000029,46,418,-372
119000030,1029,1075,-46
119000031,2945,1318,1627
119000032,3851,2465,1386
119000033,4067,1437,2630
119000034,3177,1217,1960
119000035,82,349,-267
119000036,6072,568,5504
119000037,3699,1140,2559
119000038,681,457,224
119000039,1735,971,764
119000040,1708,2244,-536
119000041,2102,3969,-1867
119000048,3939,2594,1345
119000049,6955,4532,2423
119000050,2222,5028,-2806
119000051,5424,3318,2106
119000052,9070,3996,5074
119000053,4168,1990,2178
119000054,6736,1998,4738
119000055,12425,2375,10050
119000056,8528,2472,6056
119000057,3900,1274,2626
119000058,3284,1580,1704
119000059,1911,1962,-51
119000060,4535,1333,3202
119000061,1695,742,953
119000062,1877,1403,474
119000063,1604,1106,498
119000064,1303,1388,-85
119000065,2006,5851,-3845
119000066,4088,1619,2469
119000067,3036,1888,1148
119000068,4351,1404,2947
119000069,4274,1997,2277
119000070,6998,814,6184
119000071,1660,735,925
119000072,8078,4250,3828
119000073,7215,22568,-15353
119000074,3708,2011,1697
119000075,8103,3595,4508
119000076,217,1063,-846
119000077,1421,1249,172
119000078,937,1316,-379
119000079,458,676,-218
119000080,2010,338,1672
119000081,687,1739,-1052
119000082,2082,369,1713
119000083,1195,844,351
119000084,519,732,-213
119000085,1479,222,1257
119000086,376,1675,-1299
119000087,1415,362,1053
119000088,339,159,180
119000089,154,287,-133
119000090,229,98,131
119000091,179,299,-120
119000092,546,228,318
119000093,9116,5097,4019
119000094,9142,9957,-815
119000095,5597,13893,-8296
119000097,2445,1406,1039
119000098,2352,14776,-12424
119000099,3642,1224,2418
119000100,9940,5884,4056
119000101,6397,2738,3659
119000102,509,2814,-2305
119000103,1075,794,281
119000104,2388,1403,985
119000105,2243,6350,-4107
119000106,924,1055,-131
119000107,2833,1133,1700
119000108,1499,1231,268
119000109,363,1221,-858
119000110,758,1023,-265
119000111,83,1427,-1344
119000112,269,245,24
119000113,1357,421,936
119000114,3767,2904,863
119000115,225,382,-157
119000116,241,301,-60
119000117,489,822,-333
119000118,19,0,19
119000123,2721,7239,-4518
119000124,2793,387,2406
119000125,11545,1046,10499
119000126,2766,601,2165
119000127,1952,544,1408
119000128,38,0,38
119000131,2663,272,2391
119000132,0,2,-2
119000133,5,28,-23
119000134,1874,1309,565
119000135,280,521,-241
119000136,972,190,782
119000137,511,178,333
119000138,1959,93,1866
119000139,383,126,257
119000140,701,598,103
119000284,1962,2700,-738
119000285,2694,1942,752
119000286,5461,4378,1083
119000287,2404,2285,119
119000288,4088,1212,2876
119000289,2168,4217,-2049
119000290,382,469,-87
119000291,372,577,-205
119000293,269,284,-15
119000294,129,48,81
119000295,3921,435,3486
119000296,612,198,414
119000302,4505,1662,2843
119000303,28,745,-717
119000314,4017,24085,-20068
119000315,0,246,-246
119000316,563,139,424
119000317,251,132,119
119900001,175,3334,-3159
119900002,658,561,97
119900003,27,404,-377
119900004,259,6024,-5765
119900005,781,169,612
119900006,126,1096,-970
119900007,755,535,220
119900008,31,178,-147
119900009,1172,531,641
119900010,1236,922,314
119900011,46,666,-620
119900012,36,259,-223
119900013,2488,2358,130
119900014,850,198,652
119900015,690,147,543
119900016,188,167,21
119900017,139,100,39
119900018,1328,2044,-716
119900019,204,15,189
119900020,213,380,-167
119900021,520,94,426
119900022,160,1557,-1397
119900023,1018,6513,-5495
119900025,1117,53,1064
119900026,1091,215,876
119900027,13,29,-16
119900028,504,305,199
119900029,9,10,-1
119900030,1326,1018,308
119900031,143,2469,-2326
119900033,1435,351,1084
119900034,2097,60,2037
119900037,287,22,265
119900038,75,1119,-1044
119900039,186,16,170
119900040,273,121,152
119900041,719,20,699
119900042,104,959,-855
119900043,269,193,76
119900044,344,1402,-1058
119900046,711,36,675
119900047,1069,491,578
119900048,139,11,128
119900049,387,9,378
119900050,498,455,43
119900051,1297,21,1276
119900052,467,36,431
119900053,757,274,483
119900054,1212,42,1170
119900055,2263,570,1693
119900057,1101,42,1059
119900058,997,22,975
119900059,254,64,190
119900060,534,150,384
119900062,347,7,340
119900063,22,166,-144
119900064,1942,264,1678
119900065,416,14,402
119900066,1,1,0
119900067,316,47,269
119900068,1396,8,1388
119900069,274,31,243
119900070,1491,4,1487
119900071,1850,94,1756
119900073,2855,337,2518
119900074,41,118,-77
119900075,2510,2005,505
119900076,1612,247,1365
119900077,2229,489,1740
119900078,1578,936,642
119900079,1942,204,1738
119900080,3165,848,2317
119900081,2649,1474,1175
119900082,4254,527,3727
119900083,1075,27,1048
119900084,858,1424,-566
119900085,127,69,58
119900087,380,2568,-2188
119900088,54,52,2
119900089,49,144,-95
119900090,137,10,127
119900091,121,224,-103
119900092,110,1878,-1768
119900093,5783,397,5386
119900094,20,557,-537
119900095,236,90,146
119900096,131,218,-87
119900097,437,350,87
119900098,94,26,68
119900099,32,155,-123
119900100,844,3560,-2716
119900101,388,1642,-1254
119900102,96,150,-54
119900103,72,168,-96
119900104,112,145,-33
119900105,1499,4156,-2657
119900106,10,120,-110
119900107,629,1565,-936
119900108,5420,751,4669
119900109,36,130,-94
119900110,1187,684,503
119900111,562,112,450
119900112,1062,1894,-832
119900113,47,299,-252
119900114,438,668,-230
119900115,1196,311,885
119900116,206,971,-765
119900117,903,388,515
119900118,351,182,169
119900119,733,244,489
119900120,905,437,468
119900121,1516,628,888
119900122,62,187,-125
119900123,289,443,-154
119900124,780,467,313
119900125,80,241,-161
119900126,3395,264,3131
119900127,650,475,175
119900128,1125,1626,-501
119900129,645,169,476
119900130,29,210,-181
119900131,160,136,24
119900132,4,62,-58
119900133,278,120,158
119900134,815,102,713
119900135,0,216,-216
119900136,120,300,-180
119900138,345,404,-59
119900139,38,416,-378
119900140,6,190,-184
119900141,61,2273,-2212
119900142,26,53,-27
119900143,39,351,-312
119900144,1338,318,1020
119900145,153,454,-301
119900146,448,195,253
119900147,5,363,-358
119900148,825,89,736
119900149,681,15664,-14983
119900150,170,182,-12
119900151,3662,1968,1694
119900152,578,176,402
119900153,563,69,494
119900154,61,312,-251
119900155,96,39,57
119900156,26,5,21
119900157,545,228,317
119900158,508,128,380
119900159,18,426,-408
119900160,45,314,-269
119900161,253,185,68
119900162,2594,1135,1459
119900163,115,311,-196
119900164,1,8,-7
119900165,382,127,255
119900166,233,59,174
119900167,1,118,-117
119900168,3893,431,3462
119900169,52,891,-839
119900170,339,341,-2
119900171,1900,695,1205
119900172,82,31,51
119900173,61,158,-97
119900174,13,320,-307
119900175,4597,553,4044
119900177,70,134,-64
119900178,7,179,-172
119900179,536,1999,-1463
119900180,2900,964,1936
119900181,53,181,-128
119900182,47,140,-93
119900183,174,870,-696
119900184,903,642,261
119900185,172,729,-557
119900186,42,4073,-4031
119900187,3,293,-290
119900188,334,375,-41
119900189,267,660,-393
119900190,222,715,-493
119900191,231,943,-712
119900192,74,234,-160
119900193,1546,208,1338
119900194,53,101,-48
119900195,16,272,-256
119900196,518,144,374
119900197,1001,566,435
119900198,258,443,-185
119900199,526,69,457
119900200,1692,1043,649
119900201,369,233,136
119900202,191,717,-526
119900203,272,1640,-1368
119900204,703,515,188
119900205,2818,540,2278
119900206,664,326,338
119900208,167,208,-41
119900209,1277,5713,-4436
119900210,159,11,148
119900211,132,22,110
119900212,868,443,425
119900213,5,121,-116
119900214,298,59,239
119900215,175,39,136
119900216,18,22,-4
119900217,8,14,-6
119900218,28,163,-135
119900219,58,66,-8
119900220,10,29,-19
119900221,111,79,32
119900222,43,92,-49
119900223,31,53,-22
119900224,74,10,64
119900225,393,36,357
119900226,250,4358,-4108
119900227,404,258,146
119900228,7,712,-705
119900229,186,283,-97
119900230,1731,378,1353
119900231,798,122,676
119900232,326,160,166
119900233,250,13,237
119900234,9,438,-429
119900235,13,133,-120
119900236,42,413,-371
119900237,162,1010,-848
119900238,15,411,-396
119900240,160,292,-132
119900241,433,208,225
119900242,3629,2465,1164
119900244,1212,1469,-257
119900245,597,464,133
119900246,231,837,-606
119900247,23,104,-81
119900248,64,1230,-1166
119900249,672,332,340
119900253,1902,413,1489
119900254,164,3488,-3324
119900255,239,913,-674
119900256,1738,382,1356
119900257,212,5,207
119900258,579,46,533
119900259,21,99,-78
119900260,427,19,408
119900261,1276,799,477
119900262,5,322,-317
119900263,3121,346,2775
119900264,501,69,432
119900265,1140,425,715
119900266,1522,319,1203
119900267,260,497,-237
119900268,832,109,723
119900269,3472,796,2676
119900271,102,212,-110
119900272,245,475,-230
119900275,200,7,193
119900276,140,2,138
119900277,23,2,21
119900278,1280,123,1157
119900279,250,602,-352
119900280,879,88,791
119900281,2,765,-763
119900282,51,188,-137
119900283,114,51,63
119900284,134,227,-93
119900285,32,476,-444
119900286,37,85,-48
119900288,10,13,-3
119900289,1,26,-25
119900290,10,2,8
119900291,1,117,-116
119900292,53,115,-62
119900293,56,27,29
119900294,32,2,30
119900295,16,0,16
119900296,364,19,345
119900299,224,789,-565
119900300,663,775,-112
119900301,104,584,-480
119900302,107,755,-648
119900303,661,640,21
119900304,470,49,421
119900305,21,185,-164
119900306,30,1,29
119900307,81,221,-140
119900308,13,55,-42
119900309,84,877,-793
119900310,519,491,28
119900311,445,64,381
119900312,458,66,392
119900313,483,451,32
119900314,515,741,-226
119900315,5428,1239,4189
119900318,41,207,-166
119900319,132,139,-7
119900320,661,344,317
119900321,532,72,460
119900322,16,31,-15
119900323,3,20,-17
119900324,2,54,-52
119900325,13,105,-92
119900326,1,1,0
120000001,18408,65328,-46920
120000002,4465,5050,-585
120000003,3859,1889,1970
120000004,5096,1808,3288
120000005,4064,2031,2033
120000006,3146,1636,1510
120000007,4917,9442,-4525
120000008,2088,1677,411
120000009,2481,1237,1244
120000010,4989,5749,-760
120000011,2938,2557,381
120000012,3500,2930,570
120000013,8969,5204,3765
120000014,2136,3771,-1635
120000015,6115,4466,1649
120000016,8438,4257,4181
120000017,8668,9132,-464
120000018,6048,36936,-30888
120000019,2490,2992,-502
120000020,4236,6813,-2577
120000021,3494,3166,328
120000022,3853,5186,-1333
120000023,3156,2757,399
120000024,1938,3558,-1620
120000025,5375,2938,2437
120000026,7125,3400,3725
120000027,4873,3073,1800
120000028,1585,4469,-2884
120000029,2574,4512,-1938
120000030,269,2301,-2032
120000031,3305,10105,-6800
120000032,7074,4170,2904
120000033,6993,1825,5168
120000034,7738,1696,6042
120000035,7784,2432,5352
120000036,7082,10032,-2950
120000037,1187,3848,-2661
120000038,10786,6116,4670
120000039,1688,3220,-1532
120000040,185,5883,-5698
120000041,942,2755,-1813
120000042,4763,3340,1423
120000043,10068,1301,8767
120000044,12818,1957,10861
120000045,15395,1106,14289
120000046,7603,8365,-762
120000047,1222,24588,-23366
120000048,20498,8080,12418
120000049,8558,9658,-1100
120000050,7129,11117,-3988
120000051,4400,8109,-3709
120000052,10149,1639,8510
120000053,2348,1928,420
120000054,2732,2870,-138
120000055,2903,4270,-1367
120000056,8061,5752,2309
120000057,7431,3461,3970
120000058,1993,2042,-49
120000059,22,2979,-2957
120000061,355,2283,-1928
120000062,344,500,-156
120000063,859,2586,-1727
120000064,687,876,-189
120000065,633,2243,-1610
120000066,284,686,-402
120000067,33,212,-179
120000068,585,336,249
120000069,1654,406,1248
120000070,310,485,-175
120000071,1777,156,1621
120000072,3179,881,2298
120000073,2730,145,2585
120000074,183,452,-269
120000075,2531,1402,1129
120000076,6210,850,5360
120000077,5868,1085,4783
120000078,4506,1820,2686
120000079,380,256,124
120000080,146,407,-261
120000081,434,209,225
120000082,401,378,23
120000083,74,1357,-1283
120000084,527,589,-62
120000085,616,841,-225
120000086,338,428,-90
120000087,454,486,-32
120000088,1599,1430,169
120000089,1855,830,1025
120000090,1903,934,969
120000091,2903,1166,1737
120000092,2074,571,1503
120000093,1702,746,956
120000094,788,1929,-1141
120000095,1794,271,1523
120000096,968,516,452
120000098,2148,796,1352
120000099,1107,863,244
120000100,1719,789,930
120000101,1849,541,1308
120000102,1753,2075,-322
120000103,3226,1854,1372
120000104,5043,830,4213
120000105,6569,555,6014
120000106,8267,607,7660
120000107,14286,770,13516
120000108,4905,372,4533
120000109,2931,217,2714
120000110,88,1035,-947
120000111,256,1180,-924
120000112,1030,1720,-690
120000113,1000,1356,-356
120000114,836,1577,-741
120000115,656,1421,-765
120000116,834,2016,-1182
120000117,742,1176,-434
120000118,35,166,-131
120000119,37,71,-34
120000120,381,536,-155
120000121,23,61,-38
120000122,613,2277,-1664
120000123,2905,20217,-17312
120000124,1215,1405,-190
120000125,2879,934,1945
120000126,733,6563,-5830
120000127,1410,3195,-1785
120000128,4265,11419,-7154
120000129,614,325,289
120000130,2156,981,1175
120000131,1068,1207,-139
120000134,1188,654,534
120000135,2784,1029,1755
120000137,921,336,585
120000138,4919,409,4510
120000139,925,351,574
120000140,3923,267,3656
120000141,698,1469,-771
120000142,2148,2067,81
120000143,0,75,-75
120000144,347,27,320
120000145,1984,6,1978
120000146,2039,3245,-1206
120000149,1054,935,119
120000150,2706,20841,-18135
120000151,1137,799,338
120000152,2795,220,2575
120000153,1742,827,915
120000154,1595,1557,38
120000155,713,1095,-382
120000156,964,6169,-5205
120000157,2293,941,1352
120000158,2357,876,1481
120000159,3900,1926,1974
120000160,4156,2724,1432
120000161,7258,4105,3153
120000162,413,633,-220
120000163,2024,906,1118
120000164,1601,258,1343
120000165,2200,627,1573
120000166,3560,645,2915
120000167,454,484,-30
120000168,27,1357,-1330
120000169,162,3486,-3324
120000170,26,3376,-3350
120000171,13,1155,-1142
120000172,5,673,-668
120000173,200,2093,-1893
120000174,61,67,-6
120000175,24,108,-84
120000176,45,85,-40
120000177,1000,173,827
120000178,3,45,-42
120000179,42,70,-28
120000180,53,97,-44
120000181,183,3387,-3204
120000182,51,1934,-1883
120000183,6,581,-575
120000184,392,2342,-1950
120000186,43,2353,-2310
120000187,48,1836,-1788
120000188,69,1297,-1228
120000190,83,84,-1
120000191,70,225,-155
120000192,91,27,64
120000193,56,13,43
120000195,32,1,31
120000196,46,15,31
120000197,16,15,1
120000198,791,25,766
120000199,1011,0,1011
120000200,717,2,715
120000201,166,238,-72
120000202,1,46,-45
120000203,643,271,372
120000207,5,44,-39
120000208,13,43,-30
120000209,8,46,-38
120000210,59,34,25
120000211,1279,13,1266
120000212,1128,2,1126
120000213,764,349,415
120000214,1,68,-67
120000215,16,107,-91
120000216,1047,68,979
120000217,349,1676,-1327
120000218,42,459,-417
120000219,5,261,-256
120000220,4,801,-797
120000225,5413,15,5398
120000226,1488,17,1471
120000227,1976,219,1757
120000228,19640,8783,10857
120000230,1264,71,1193
120000231,4350,1004,3346
120000233,1485,22,1463
120000235,794,575,219
120000236,4145,15,4130
120000237,3,1694,-1691
120000238,2,1157,-1155
120000241,2526,9574,-7048
120000412,364,110,254
120000413,1640,351,1289
120000414,880,13,867
120000415,1,168,-167
120000416,472,8,464
120000417,68,323,-255
120000418,1092,38,1054
120000419,112,49,63
120000420,135,29,106
120000421,13628,6704,6924
120000422,246,7109,-6863
120000423,6,378,-372
120000424,874,82,792
120000436,234,2987,-2753
120000437,118,238,-120
120000438,2335,467,1868
120000439,713,1805,-1092
120000443,295,2,293
120000444,3556,861,2695
120000445,4954,3569,1385
120000446,4759,362,4397
120000447,1274,1,1273
120000449,942,4,938
120000450,23,130,-107
120000451,484,350,134
120000452,1424,5,1419
120000453,0,71,-71
120000454,87,185,-98
120000455,378,120,258
120000456,3897,12030,-8133
120000457,710,503,207
120000458,728,815,-87
120000459,508,187,321
120000665,244,959,-715
120000668,236,7330,-7094
120000669,1080,148,932
120000670,103,1733,-1630
120000671,9336,1810,7526
120000672,151,767,-616
120900001,177,56,121
120900002,178,1537,-1359
120900003,330,28,302
120900004,15,382,-367
120900005,243,344,-101
120900006,1750,337,1413
120900007,824,100,724
120900008,1208,866,342
120900009,447,40,407
120900010,1574,245,1329
120900011,73,802,-729
120900012,53,2545,-2492
120900013,833,412,421
120900014,2,548,-546
120900015,2179,619,1560
120900016,4603,257,4346
120900017,2934,89,2845
120900018,563,272,291
120900019,799,1023,-224
120900020,545,1225,-680
120900021,787,287,500
120900022,20,413,-393
120900023,867,166,701
120900024,2530,634,1896
120900025,1752,1167,585
120900026,330,205,125
120900027,1273,45,1228
120900028,1336,427,909
120900029,43,1855,-1812
120900030,5313,997,4316
120900031,592,129,463
120900032,3164,102,3062
120900033,3517,610,2907
120900034,56,7132,-7076
120900035,578,247,331
120900037,1033,55,978
120900038,437,884,-447
120900039,271,111,160
120900040,814,13,801
120900041,32,48,-16
120900042,1328,42,1286
120900043,317,261,56
120900044,8,947,-939
120900045,390,130,260
120900046,1831,20,1811
120900047,299,424,-125
120900048,505,59,446
120900049,1340,7,1333
120900050,1578,7063,-5485
120900051,982,162,820
120900052,2826,60,2766
120900053,1424,87,1337
120900054,1906,452,1454
120900055,1794,16,1778
120900056,1490,87,1403
120900057,1076,39,1037
120900058,1777,19,1758
120900059,556,14,542
120900060,195,31,164
120900061,500,262,238
120900062,948,7,941
120900063,2584,44,2540
120900064,1997,7,1990
120900065,1763,16,1747
120900066,2708,485,2223
120900067,652,258,394
120900068,1195,7,1188
120900069,1548,42,1506
120900071,186,10,176
120900072,2460,92,2368
120900073,2844,91,2753
120900074,4283,159,4124
120900076,1726,1,1725
120900077,2303,571,1732
120900078,2074,421,1653
120900079,3445,181,3264
120900080,3100,368,2732
120900081,3693,447,3246
120900082,556,945,-389
120900083,345,2,343
120900084,1198,1056,142
120900085,72,184,-112
120900086,87,1604,-1517
120900087,1085,442,643
120900088,579,1780,-1201
120900089,2657,8506,-5849
120900090,910,30,880
120900091,316,1449,-1133
120900092,229,349,-120
120900093,1602,137,1465
120900094,367,228,139
120900095,891,73,818
120900096,277,241,36
120900097,1247,807,440
120900098,109,113,-4
120900099,166,99,67
120900100,127,227,-100
120900101,41,173,-132
120900102,315,172,143
120900103,334,415,-81
120900104,7,27,-20
120900105,84,745,-661
120900106,428,262,166
120900107,109,172,-63
120900108,64,361,-297
120900109,57,442,-385
120900110,67,427,-360
120900111,350,202,148
120900112,129,267,-138
120900113,34,605,-571
120900114,80,280,-200
120900115,320,467,-147
120900116,1997,167,1830
120900117,23,129,-106
120900118,90,329,-239
120900119,17254,4553,12701
120900120,146,1181,-1035
120900121,132,463,-331
120900122,2375,209,2166
120900123,98,89,9
120900124,6,133,-127
120900125,9,475,-466
120900126,305,725,-420
120900127,72,212,-140
120900128,449,861,-412
120900129,35,156,-121
120900130,3,359,-356
120900131,264,318,-54
120900132,3244,298,2946
120900133,113,782,-669
120900134,200,146,54
120900135,18,233,-215
120900136,180,402,-222
120900137,1143,210,933
120900138,9,169,-160
120900139,5,165,-160
120900140,13,588,-575
120900141,890,378,512
120900142,6,184,-178
120900143,1,235,-234
120900144,0,55,-55
120900145,242,1968,-1726
120900146,2,184,-182
120900147,14,35,-21
120900148,525,213,312
120900149,0,148,-148
120900150,281,202,79
120900151,2,119,-117
120900152,80,13,67
120900153,0,0,0
120900154,5,253,-248
120900155,527,376,151
120900156,805,210,595
120900157,4,17,-13
120900158,214,285,-71
120900159,4,73,-69
120900160,135,582,-447
120900161,110,442,-332
120900162,92,931,-839
120900163,308,2429,-2121
120900164,0,69,-69
120900165,0,91,-91
120900166,83,1878,-1795
120900167,254,143,111
120900169,345,375,-30
120900170,298,10223,-9925
120900171,662,161,501
120900172,62,3858,-3796
120900173,45,85,-40
120900174,8,175,-167
120900175,365,156,209
120900176,58,987,-929
120900177,9,5014,-5005
120900178,1,2132,-2131
120900179,166,365,-199
120900180,92,600,-508
120900181,112,118,-6
120900182,130,456,-326
120900183,1955,219,1736
120900184,627,121,506
120900185,1159,2725,-1566
120900186,1,131,-130
120900187,1761,826,935
120900188,852,24,828
120900189,102,7618,-7516
120900190,670,8,662
120900191,554,45,509
120900192,7847,34044,-26197
120900194,280,537,-257
120900195,158,352,-194
120900196,919,213,706
120900197,1685,252,1433
120900198,183,468,-285
120900199,624,1530,-906
120900200,32,152,-120
120900201,279,108,171
120900202,0,205,-205
120900203,94,99,-5
120900204,137,244,-107
120900205,232,11,221
120900206,162,71,91
121000001,1261,5790,-4529
121000002,4552,4800,-248
121000003,13609,4122,9487
121000004,3792,6393,-2601
121000005,3983,5277,-1294
121000006,5290,5929,-639
121000007,4938,12533,-7595
121000008,6532,10427,-3895
121000009,8753,17211,-8458
121000010,10854,12793,-1939
121000011,11324,15304,-3980
121000012,18394,8780,9614
121000013,11728,10205,1523
121000014,8338,6942,1396
121000015,9769,12966,-3197
121000016,6424,7178,-754
121000017,5180,2737,2443
121000018,7061,3299,3762
121000019,12095,11161,934
121000020,14937,22853,-7916
121000021,3190,3459,-269
121000022,4499,6909,-2410
121000023,4200,1636,2564
121000024,8218,9155,-937
121000025,998,3162,-2164
121000026,565,344,221
121000027,2979,2446,533
121000028,1682,1829,-147
121000029,1830,1333,497
121000030,1511,1299,212
121000031,733,1784,-1051
121000032,361,308,53
121000034,704,2907,-2203
121000035,514,1118,-604
121000036,2025,2463,-438
121000037,1144,3130,-1986
121000038,660,2031,-1371
121000039,458,951,-493
121000041,951,992,-41
121000042,323,778,-455
121000043,1356,1083,273
121000044,3119,2008,1111
121000045,975,586,389
121000046,1814,2068,-254
121000047,158,127,31
121000049,1915,1305,610
121000050,657,3804,-3147
121000051,1122,874,248
121000052,751,2519,-1768
121000053,1254,628,626
121000054,122,1241,-1119
121000055,2041,6885,-4844
121000056,1684,2352,-668
121000057,374,1140,-766
121000058,345,194,151
121000059,6062,2810,3252
121000060,932,1969,-1037
121000061,75,1051,-976
121000062,211,2717,-2506
121000063,1403,2279,-876
121000064,1046,1371,-325
121000065,314,1418,-1104
121000066,1299,2907,-1608
121000067,776,2513,-1737
121000068,803,1044,-241
121000069,191,2940,-2749
121000070,2106,3759,-1653
121000071,3461,3969,-508
121000072,1465,3666,-2201
121000073,1541,3332,-1791
121000074,135,569,-434
121000075,26,363,-337
121000076,505,1161,-656
121000077,305,338,-33
121000078,191,600,-409
121000080,5723,1537,4186
121000081,9532,8032,1500
121000082,117,730,-613
121000083,103,347,-244
121000084,344,531,-187
121000085,727,981,-254
121000086,2655,806,1849
121000087,160,477,-317
121000088,1746,689,1057
121000089,425,1384,-959
121000090,281,965,-684
121000091,1943,1636,307
121000092,368,172,196
121000093,440,555,-115
121000094,495,2178,-1683
121000095,215,1685,-1470
121000096,12446,4002,8444
121000097,969,4759,-3790
121000098,1386,958,428
121000099,1558,864,694
121000100,1693,287,1406
121000101,883,288,595
121000102,864,212,652
121000103,588,181,407
121000104,674,128,546
121000105,933,279,654
121000106,793,407,386
121000107,2863,5333,-2470
121000109,2468,1385,1083
121000110,251,1282,-1031
121000114,7569,4793,2776
121000115,8543,1095,7448
121000116,636,2062,-1426
121000117,442,633,-191
121000118,2889,672,2217
121000119,666,445,221
121000120,1147,719,428
121000121,826,4611,-3785
121000123,1306,666,640
121000126,104,661,-557
121000127,141,255,-114
121000128,2667,270,2397
121000129,2238,306,1932
121000130,950,993,-43
121000131,2527,1390,1137
121000132,951,1275,-324
121000135,552,909,-357
121000136,1498,3440,-1942
121000137,2783,664,2119
121000138,757,2817,-2060
121000139,291,983,-692
121000141,526,837,-311
121000142,1001,923,78
121000143,314,34,280
121000144,1024,1168,-144
121000145,1485,1205,280
121000146,2701,2718,-17
121000147,3070,1304,1766
121000148,1755,1378,377
121000149,4764,4583,181
121000152,589,655,-66
121000153,2689,909,1780
121000154,3218,1180,2038
121000155,6640,2513,4127
121000156,757,2375,-1618
121000157,1912,2330,-418
121000158,305,532,-227
121000159,551,865,-314
121000160,484,1142,-658
121000161,604,499,105
121000162,275,150,125
121000165,1969,2963,-994
121000166,97,1056,-959
121000168,688,360,328
121000169,300,299,1
121000170,528,136,392
121000171,165,417,-252
121000172,2150,3155,-1005
121000173,2976,2807,169
121000174,1650,1291,359
121000175,3888,1722,2166
121000176,1354,604,750
121000177,1526,1591,-65
121000178,114,220,-106
121000179,60,165,-105
121000181,536,586,-50
121000182,594,919,-325
121000183,169,431,-262
121000184,105,789,-684
121000185,71,970,-899
121000186,757,1991,-1234
121000187,601,225,376
121000188,808,189,619
121000192,1904,793,1111
121000193,1653,710,943
121000194,4063,3895,168
121000195,556,3065,-2509
121000196,1158,1358,-200
121000197,220,3619,-3399
121000198,283,747,-464
121000199,263,1333,-1070
121000200,1346,569,777
121000201,48,995,-947
121000202,1203,430,773
121000203,1642,3761,-2119
121000204,6198,1321,4877
121000205,195,584,-389
121000206,210,309,-99
121000207,4589,1008,3581
121000208,16,487,-471
121000209,1582,148,1434
121000210,1550,763,787
121000211,1276,202,1074
121000212,767,1251,-484
121000213,36435,6414,30021
121000214,3464,4472,-1008
121000215,1158,5354,-4196
121000216,1139,1461,-322
121000217,7152,6601,551
121000218,835,5609,-4774
121000219,3347,2282,1065
121000220,491,240,251
121000221,360,1551,-1191
121000222,10555,7261,3294
121000223,257,1820,-1563
121000224,160,1140,-980
121000225,843,8841,-7998
121000226,1592,4376,-2784
121000227,27,241,-214
121000228,79,1443,-1364
121000229,1132,1137,-5
121000230,187,6766,-6579
121000231,3612,41,3571
121000232,1291,551,740
121000233,1422,538,884
121000234,12,105,-93
121000235,80,99,-19
121000236,2,61,-59
121000237,41,39,2
121000238,14,140,-126
121000239,122,10,112
121000240,14,276,-262
121000241,116,19,97
121000242,27,395,-368
121000243,244,90,154
121000244,3,73,-70
121000245,39,26,13
121000246,0,135,-135
121000247,147,4,143
121000248,637,993,-356
121000249,182,774,-592
121000250,1072,981,91
121000251,21,472,-451
121000252,255,323,-68
121000253,954,1037,-83
121000254,1525,513,1012
121000255,294,1323,-1029
121000256,709,1252,-543
121000257,143,358,-215
121000258,146,618,-472
121000259,27,315,-288
121000260,60,563,-503
121000261,51,581,-530
121000262,5402,730,4672
121000263,804,760,44
121000271,2396,3053,-657
121000273,70,76,-6
121000274,98,506,-408
121000275,0,39,-39
121000276,38,165,-127
121000278,197,89,108
121000279,108,326,-218
121000280,146,220,-74
121000289,947,32,915
121000290,3987,3746,241
121000294,590,72,518
121000297,659,2533,-1874
121000299,282,11098,-10816
121000300,4607,1767,2840
121000302,31,1200,-1169
121000303,1213,568,645
121000304,1109,196,913
121000305,533,240,293
121000306,463,715,-252
121000308,122,523,-401
121000309,454,788,-334
121000310,192,564,-372
121000311,133,586,-453
121000312,1445,1009,436
121000313,635,530,105
121000314,46,96,-50
121000315,24,110,-86
121000530,4754,4381,373
121000531,4494,3137,1357
121000532,9643,9319,324
121000533,6652,6712,-60
121000918,22,73,-51
121000919,35,161,-126
121000938,176,126,50
121000939,84,435,-351
121000956,2899,4019,-1120
121000957,4,108,-104
121000958,10,835,-825
121000959,3095,529,2566
121000960,3294,2104,1190
121000961,828,102,726
121000962,553,503,50
121000973,14,657,-643
121000976,27,166,-139
121000979,1020,381,639
121000981,905,134,771
121000982,702,363,339
121000983,1264,266,998
121000984,7,264,-257
121000985,2251,955,1296
121000986,1692,282,1410
121000987,577,1160,-583
121000988,2457,249,2208
121001302,545,302,243
121001308,1,221,-220
121001309,45,565,-520
121001313,585,115,470
121001314,3631,2540,1091
121001315,9195,6531,2664
121900001,368,672,-304
121900002,71,316,-245
121900003,527,22,505
121900004,88,2754,-2666
121900005,35,22,13
121900006,256,62,194
121900007,4735,3510,1225
121900008,29,350,-321
121900009,2488,51,2437
121900010,524,4,520
121900011,569,350,219
121900012,9,0,9
121900013,244,226,18
121900014,7158,663,6495
121900015,198,470,-272
121900016,28,56,-28
121900017,995,1703,-708
121900018,1298,14,1284
121900019,1622,378,1244
121900020,125,1,124
121900021,2711,112,2599
121900022,461,462,-1
121900023,713,1011,-298
121900024,1261,101,1160
121900025,1217,1046,171
121900026,1016,261,755
121900027,857,547,310
121900028,483,49,434
121900029,288,1148,-860
121900030,811,1097,-286
121900031,3649,11520,-7871
121900032,281,187,94
121900033,281,469,-188
121900034,412,939,-527
121900035,16483,7411,9072
121900036,324,803,-479
121900037,170,2298,-2128
121900038,90,252,-162
121900039,385,62,323
121900040,109,256,-147
121900041,65,422,-357
121900042,866,397,469
121900043,2,18,-16
121900044,170,76,94
121900046,315,568,-253
121900047,377,193,184
121900048,230,164,66
121900050,43,139,-96
121900051,258,565,-307
121900052,496,114,382
121900053,957,1005,-48
121900054,446,3814,-3368
121900055,21,48,-27
121900058,920,993,-73
121900059,751,294,457
121900060,300,1564,-1264
121900061,288,337,-49
121900062,261,185,76
121900063,3110,1646,1464
121900064,635,1511,-876
121900066,254,59,195
121900067,152,85,67
121900069,258,562,-304
121900070,164,462,-298
121900071,1662,769,893
121900072,71,376,-305
121900073,274,545,-271
121900074,913,1068,-155
121900075,503,1699,-1196
121900076,936,3347,-2411
121900077,96,35,61
121900078,412,107,305
121900079,0,1,-1
121900080,1918,547,1371
121900082,148,277,-129
121900084,90,106,-16
121900085,10,22,-12
121900086,81,80,1
121900087,119,175,-56
121900088,3094,3995,-901
121900089,915,389,526
121900090,40,87,-47
121900091,258,49,209
121900092,480,122,358
121900093,171,151,20
121900094,30,23,7
121900095,790,228,562
121900096,2191,1675,516
121900097,1806,241,1565
121900098,36,15,21
121900099,639,48,591
121900100,106,239,-133
121900101,114,279,-165
121900102,2,194,-192
121900103,955,777,178
121900104,3662,1188,2474
121900105,569,326,243
121900106,16,15,1
121900107,339,51,288
121900108,1,122,-121
121900109,395,308,87
121900110,1852,1239,613
121900111,1246,996,250
121900112,298,563,-265
121900113,313,1399,-1086
121900114,109,138,-29
121900117,451,1311,-860
121900118,5576,1619,3957
121900119,253,109,144
121900120,421,1906,-1485
121900121,1004,50,954
121900122,128,94,34
121900123,634,599,35
121900124,555,424,131
121900125,8277,2917,5360
121900127,18,285,-267
121900128,140,141,-1
121900129,393,120,273
121900130,153,802,-649
121900131,538,310,228
121900132,163,179,-16
121900133,48,899,-851
121900134,50,1055,-1005
121900135,10343,706,9637
121900136,554,856,-302
121900137,75,723,-648
121900138,106,737,-631
121900139,715,6778,-6063
121900140,92,138,-46
121900141,110,249,-139
121900142,244,85,159
121900143,54,232,-178
121900144,295,1273,-978
121900145,340,538,-198
121900146,639,1219,-580
121900147,75,792,-717
121900148,624,981,-357
121900149,579,601,-22
121900150,110,433,-323
121900151,59,753,-694
121900152,384,95,289
121900153,68,305,-237
121900154,35,919,-884
121900155,8,1312,-1304
121900156,372,437,-65
121900157,3,522,-519
121900158,243,259,-16
121900159,4,282,-278
121900160,59,293,-234
121900161,339,825,-486
121900162,229,514,-285
121900163,1144,243,901
121900164,337,476,-139
121900165,294,556,-262
121900166,192,301,-109
121900167,109,130,-21
121900168,209,105,104
121900169,31,571,-540
121900170,29,179,-150
121900171,2053,1450,603
121900172,1452,955,497
121900173,1972,869,1103
121900174,173,90,83
121900175,174,2343,-2169
121900176,1092,4041,-2949
121900177,282,191,91
121900178,154,139,15
121900179,732,817,-85
121900180,2876,11336,-8460
121900182,1418,2069,-651
121900183,397,3069,-2672
121900184,65,2383,-2318
121900186,15,1165,-1150
121900187,20,280,-260
121900188,3664,384,3280
121900189,295,181,114
121900190,377,1052,-675
121900191,42,705,-663
121900192,428,4934,-4506
121900193,134,975,-841
121900194,20,415,-395
121900195,20,80,-60
121900196,2508,1742,766
121900197,595,1924,-1329
121900198,7196,5708,1488
121900199,1,49,-48
121900200,75,522,-447
121900201,2426,1558,868
121900202,522,2215,-1693
121900203,183,2766,-2583
121900204,4013,2614,1399
121900205,69,224,-155
121900206,25,417,-392
121900207,95,167,-72
121900208,261,1513,-1252
121900209,225,134,91
121900210,4824,2206,2618
121900211,163,238,-75
121900212,59,273,-214
121900213,1012,57,955
121900214,5,1057,-1052
121900215,103,520,-417
121900216,17,1075,-1058
121900217,576,735,-159
121900218,209,1369,-1160
121900220,169,56,113
121900221,1353,961,392
121900222,776,159,617
121900223,342,406,-64
121900224,274,301,-27
121900225,216,1419,-1203
121900226,655,34,621
121900227,670,6776,-6106
121900228,423,199,224
121900230,129,914,-785
121900231,116,3240,-3124
121900232,295,1379,-1084
121900233,1517,481,1036
121900234,744,933,-189
121900235,1573,248,1325
121900236,644,447,197
121900237,452,2042,-1590
121900238,292,989,-697
121900239,319,159,160
121900240,324,703,-379
121900241,90,51,39
121900242,54,0,54
121900243,26,4,22
121900244,54,5,49
121900245,1026,83,943
121900246,14162,794,13368
121900247,1032,490,542
121900248,4365,1367,2998
121900250,230,399,-169
121900251,1716,59,1657
121900252,716,223,493
121900253,72,1729,-1657
121900254,394,669,-275
121900255,1331,441,890
121900258,9714,2969,6745
121900259,200,1098,-898
121900260,388,279,109
121900261,166,1783,-1617
121900262,1556,2907,-1351
121900263,593,376,217
121900264,2052,1417,635
121900265,1024,329,695
121900266,1349,260,1089
121900267,474,61,413
121900269,809,2156,-1347
121900270,102,437,-335
121900271,195,485,-290
121900273,935,3863,-2928
121900274,912,536,376
121900277,440,3108,-2668
121900278,228,5651,-5423
121900279,424,645,-221
121900280,174,856,-682
121900281,230,886,-656
121900284,46,10,36
121900286,368,1165,-797
121900287,11,90,-79
121900288,8,1,7
121900290,320,2883,-2563
121900291,695,3435,-2740
121900292,414,248,166
121900293,1342,15378,-14036
121900294,892,28,864
121900295,408,192,216
121900296,158,437,-279
121900298,254,2446,-2192
121900299,0,15,-15
121900300,103,15,88
121900301,63,4,59
121900302,17,138,-121
121900303,318,2090,-1772
121900304,106,39,67
121900305,47,37,10
121900306,768,9,759
121900307,476,6,470
121900308,14,343,-329
121900309,29,183,-154
121900310,10,180,-170
121900311,1170,94,1076
121900312,1177,61,1116
121900313,1061,51,1010
121900314,6,20,-14
121900315,92,4,88
121900316,0,7,-7
121900317,61,66,-5
121900318,8,2,6
121900319,130,586,-456
121900320,179,34,145
121900321,59,14,45
121900322,19,7,12
121900323,96,47,49
121900324,5,79,-74
121900325,92,3,89
121900326,6,0,6
121900327,0,78,-78
121900328,0,70,-70
121900329,5,41,-36
121900330,2,80,-78
121900331,25,168,-143
121900332,155,57,98
121900333,118,5,113
122000001,2689,6509,-3820
122000002,3808,1502,2306
122000003,1578,3559,-1981
122000004,1776,1741,35
122000005,12101,3555,8546
122000006,835,2387,-1552
122000007,987,2407,-1420
122000008,1866,4668,-2802
122000009,898,818,80
122000010,4152,4814,-662
122000011,9643,3500,6143
122000012,1432,6212,-4780
122000013,936,3553,-2617
122000014,10832,3021,7811
122000015,1802,1494,308
122000016,584,1013,-429
122000017,2696,2525,171
122000018,6197,4322,1875
122000019,1726,4800,-3074
122000020,359,1231,-872
122000021,227,605,-378
122000022,2485,2957,-472
122000023,2317,4474,-2157
122000024,732,5475,-4743
122000025,857,6048,-5191
122000026,332,1734,-1402
122000027,1556,1369,187
122000028,4783,1628,3155
122000029,483,3229,-2746
122000030,222,584,-362
122000031,312,1114,-802
122000032,10140,4940,5200
122000033,698,6942,-6244
122000034,418,2376,-1958
122000035,373,789,-416
122000036,918,1818,-900
122000037,2413,638,1775
122000038,434,1273,-839
122000039,834,1661,-827
122000040,317,759,-442
122000041,3504,2139,1365
122000042,737,1717,-980
122000043,114,435,-321
122000044,144,255,-111
122000045,3518,1841,1677
122000046,1867,2863,-996
122000047,97,460,-363
122000048,3428,7357,-3929
122000049,13286,7871,5415
122000050,993,1531,-538
122000051,398,873,-475
122000052,857,882,-25
122000053,590,2280,-1690
122000054,3170,5159,-1989
122000055,2456,5388,-2932
122000056,5821,3523,2298
122000057,7837,4959,2878
122000058,1013,2660,-1647
122000059,1071,5119,-4048
122000060,372,2073,-1701
122000061,190,1662,-1472
122000062,815,466,349
122000063,347,2088,-1741
122000064,4215,10052,-5837
122000065,3380,7390,-4010
122000066,996,5737,-4741
122000067,2333,4049,-1716
122000068,10621,2901,7720
122000069,3134,2504,630
122000070,4650,3167,1483
122000071,8025,2338,5687
122000072,2934,1382,1552
122000073,263,2901,-2638
122000074,4712,3747,965
122000075,2471,1969,502
122000076,13717,3658,10059
122000077,1126,3833,-2707
122000078,556,4320,-3764
122000079,261,5538,-5277
122000080,637,959,-322
122000081,226,600,-374
122000082,310,2388,-2078
122000083,23059,1714,21345
122000084,8172,3904,4268
122000085,769,1823,-1054
122000086,6754,17787,-11033
122000087,559,560,-1
122000088,104,588,-484
122000089,11432,6156,5276
122000090,1640,4362,-2722
122000091,221,3128,-2907
122000092,64,167,-103
122000093,2922,11686,-8764
122000094,14404,6159,8245
122000095,1326,12401,-11075
122000096,791,7620,-6829
122000098,10097,7663,2434
122000099,712,4733,-4021
122000100,1155,1393,-238
122000101,493,1156,-663
122000102,9288,2730,6558
122000103,2399,5360,-2961
122000104,3169,278,2891
122000105,461,1036,-575
122000106,1182,3566,-2384
122000107,2415,970,1445
122000108,1486,1581,-95
122000109,586,512,74
122000110,1419,1193,226
122000111,6054,2826,3228
122000112,3547,3606,-59
122000113,1058,1647,-589
122000114,2633,8323,-5690
122000115,4004,2297,1707
122000116,612,1060,-448
122000117,2956,782,2174
122000118,1605,974,631
122000119,3982,2251,1731
122000120,1280,4648,-3368
122000121,996,2873,-1877
122000122,439,1317,-878
122000123,1939,2641,-702
122000124,1097,794,303
122000125,537,922,-385
122000126,527,879,-352
122000127,533,874,-341
122000128,370,493,-123
122000129,778,4067,-3289
122000130,6243,1599,4644
122000131,2658,1714,944
122000132,372,468,-96
122000133,1507,1128,379
122000134,2427,1208,1219
122000135,885,363,522
122000136,1685,761,924
122000137,5226,1990,3236
122000139,1414,7470,-6056
122000140,288,3934,-3646
122000141,11926,6145,5781
122000142,156,6874,-6718
122000143,465,681,-216
122000144,3369,3166,203
122000145,1347,3827,-2480
122000146,966,9072,-8106
122000147,844,2649,-1805
122000148,486,3020,-2534
122000149,3200,1932,1268
122000150,3194,2495,699
122000151,247,832,-585
122000152,712,1085,-373
122000153,1031,993,38
122000154,528,351,177
122000155,2178,6290,-4112
122000156,21850,9872,11978
122000157,1191,21957,-20766
122000158,511,2750,-2239
122000159,1606,2561,-955
122000160,3726,2678,1048
122000161,1888,1611,277
122000162,1896,1693,203
122000163,1350,349,1001
122000164,208,547,-339
122000165,2465,3554,-1089
122000166,1471,5254,-3783
122000167,532,1509,-977
122000168,539,2681,-2142
122000169,1005,566,439
122000170,508,776,-268
122000171,64,216,-152
122000172,4786,3056,1730
122000173,3677,6568,-2891
122000174,2056,4076,-2020
122000175,1182,775,407
122000176,715,3465,-2750
122000177,1474,3437,-1963
122000178,10277,7814,2463
122000179,6986,6963,23
122000180,914,1876,-962
122000181,951,2677,-1726
122000182,2413,2284,129
122000183,5014,2018,2996
122000184,6204,5161,1043
122000185,1623,6392,-4769
122000186,1449,4622,-3173
122000187,3164,3609,-445
122000188,855,745,110
122000189,434,600,-166
122000190,1017,3631,-2614
122000191,1508,1581,-73
122000192,2505,1098,1407
122000193,1014,1902,-888
122000194,916,688,228
122000195,383,3125,-2742
122000196,2219,593,1626
122000197,695,1310,-615
122000198,857,6476,-5619
122000199,646,831,-185
122000200,1535,1872,-337
122000201,2109,6471,-4362
122000202,1605,4257,-2652
122000203,3778,2538,1240
122000204,2090,2420,-330
122000205,1487,1345,142
122000206,13183,2271,10912
122000207,3499,4864,-1365
122000208,3892,6485,-2593
122000209,4631,1916,2715
122000210,3403,7085,-3682
122000211,1990,4424,-2434
122000212,1687,1071,616
122000213,1837,3541,-1704
122000214,3566,3279,287
122000215,5681,3542,2139
122000217,2800,5938,-3138
122000218,2004,168,1836
122000219,3882,2157,1725
122000220,489,1427,-938
122000221,463,710,-247
122000222,1076,195,881
122000223,1246,1252,-6
122000225,937,1140,-203
122000226,2038,2189,-151
122000227,390,2495,-2105
122000228,528,532,-4
122000229,42,1035,-993
122000230,116,1199,-1083
122000231,572,1146,-574
122000232,941,974,-33
122000233,0,99,-99
122000234,1225,102,1123
122000235,1071,198,873
122000236,2943,80,2863
122000237,267,507,-240
122000238,728,1796,-1068
122000239,1440,1052,388
122000240,2479,963,1516
122000241,5573,1111,4462
122000242,1154,265,889
122000243,7,64,-57
122000244,8,572,-564
122000245,4,117,-113
122000246,27,193,-166
122000247,1164,718,446
122000248,2440,1155,1285
122000249,2640,2054,586
122000250,4632,1542,3090
122000251,112,414,-302
122000252,343,173,170
122000253,173,273,-100
122000254,728,135,593
122000255,812,1002,-190
122000256,572,901,-329
122000257,614,220,394
122000258,640,802,-162
122000259,74,680,-606
122000260,10,40,-30
122000261,35,593,-558
122000262,0,41,-41
122000263,499,677,-178
122000264,3683,958,2725
122000265,5852,2787,3065
122000266,7456,1640,5816
122000267,204,258,-54
122000268,382,738,-356
122000269,1858,847,1011
122000270,1389,595,794
122000271,438,7538,-7100
122000272,685,2161,-1476
122000273,1340,1090,250
122000274,825,593,232
122000275,86,546,-460
122000276,2437,1013,1424
122000277,1913,2958,-1045
122000278,4172,355,3817
122000279,526,611,-85
122000280,1026,1464,-438
122000281,961,760,201
122000282,123,705,-582
122000283,396,321,75
122000284,153,169,-16
122000285,510,112,398
122000286,118,258,-140
122000287,3399,2041,1358
122000288,832,354,478
122000291,6646,1466,5180
122000293,398,173,225
122000294,314,716,-402
122000295,2292,307,1985
122000296,49,2055,-2006
122000297,4050,6726,-2676
122000299,1257,764,493
122000300,675,838,-163
122000301,15170,5970,9200
122000302,848,8814,-7966
122000303,3860,1634,2226
122000304,36,459,-423
122000305,3879,934,2945
122000306,196,432,-236
122000307,184,282,-98
122000309,97,98,-1
122000310,23,147,-124
122000311,50,239,-189
122000312,266,396,-130
122000313,63,218,-155
122000314,253,829,-576
122000315,589,83,506
122000316,2963,764,2199
122000317,5897,513,5384
122000318,450,3437,-2987
122000319,253,750,-497
122000320,433,1730,-1297
122000321,153,335,-182
122000322,3072,4700,-1628
122000323,814,5430,-4616
122000324,3002,5219,-2217
122000325,1159,6909,-5750
122000326,316,201,115
122000327,582,2597,-2015
122000328,745,1802,-1057
122000330,6749,5009,1740
122000332,489,921,-432
122000333,42,91,-49
122000337,2908,633,2275
122000338,984,434,550
122000340,470,7811,-7341
122000342,3546,1427,2119
122000343,1086,710,376
122000344,209,16,193
122000345,91,67,24
122000346,310,259,51
122000348,1266,1611,-345
122000349,124,1002,-878
122000351,490,651,-161
122000352,397,359,38
122000353,358,172,186
122000355,255,611,-356
122000356,508,4558,-4050
122000357,115,42,73
122000358,8,12,-4
122000359,0,12,-12
122000360,0,15,-15
122000362,31,34,-3
122000364,611,286,325
122000365,1,85,-84
122000366,33,41,-8
122000368,781,1422,-641
122000370,45,12,33
122000371,89,0,89
122000372,32,7,25
122000381,445,831,-386
122000382,88,288,-200
122000384,1873,2008,-135
122000385,225,1,224
122000386,225,4283,-4058
122000387,754,4255,-3501
122000388,2273,3726,-1453
122000389,502,2891,-2389
122000390,463,1615,-1152
122000391,135,4130,-3995
122000392,269,316,-47
122000393,117,211,-94
122000394,1788,450,1338
122000395,258,288,-30
122000396,802,149,653
122000397,33,209,-176
122000398,27,405,-378
122000399,212,114,98
122000400,53,3092,-3039
122000401,324,111,213
122000402,1094,361,733
122000403,1217,789,428
122000404,617,393,224
122000408,723,1316,-593
122000503,5,169,-164
122000524,95,1100,-1005
122000544,126,6160,-6034
122000616,383,0,383
122000640,217,125,92
122000641,436,313,123
122000642,2785,916,1869
122000643,58,581,-523
122000644,491,168,323
122000645,98,246,-148
122000651,720,5674,-4954
122000664,314,271,43
122000665,3674,1361,2313
122000666,783,1551,-768
122000673,88,263,-175
122000674,1201,549,652
122000675,4306,1010,3296
122000686,1253,4620,-3367
122000687,4071,539,3532
122000688,595,932,-337
122000689,2752,731,2021
122000690,7406,2434,4972
122000691,1930,1947,-17
122000692,2714,476,2238
122000693,732,1420,-688
122000695,801,488,313
122000696,1598,280,1318
122000698,832,328,504
122000699,954,326,628
122000701,5732,349,5383
122000702,868,2153,-1285
122000703,556,236,320
122000717,224,157,67
122000718,535,4967,-4432
122000719,43,223,-180
122000720,1779,184,1595
122000724,167,29,138
122900001,54,35,19
122900002,1396,15136,-13740
122900003,1277,47,1230
122900004,4245,389,3856
122900005,52,270,-218
122900006,490,1981,-1491
122900007,217,585,-368
122900008,272,280,-8
122900009,1522,882,640
122900010,657,301,356
122900012,343,684,-341
122900014,189,173,16
122900015,1809,1785,24
122900016,333,328,5
122900017,500,4538,-4038
122900018,602,13,589
122900019,37,90,-53
122900020,353,693,-340
122900021,77,730,-653
122900022,3078,1551,1527
122900023,1969,306,1663
122900024,144,258,-114
122900025,4,548,-544
122900026,38,206,-168
122900027,80,1243,-1163
122900028,110,161,-51
122900029,15894,4128,11766
122900030,8950,1003,7947
122900031,46,793,-747
122900032,2483,809,1674
122900033,310,306,4
122900034,9969,8457,1512
122900035,190,29,161
122900036,111,80,31
122900037,968,910,58
122900038,199,5784,-5585
122900039,99,969,-870
122900040,452,2928,-2476
122900041,233,804,-571
122900042,406,476,-70
122900043,790,747,43
122900044,261,742,-481
122900045,237,729,-492
122900046,254,699,-445
122900047,139,388,-249
122900048,28,639,-611
122900049,8450,319,8131
122900051,181,2532,-2351
122900052,239,118,121
122900053,24,34,-10
122900055,771,156,615
122900057,528,76,452
122900061,1143,146,997
122900062,1087,1729,-642
122900063,455,258,197
122900064,1377,694,683
122900065,1118,333,785
122900066,1227,542,685
122900067,1261,657,604
122900068,153,360,-207
122900069,772,3987,-3215
122900070,758,173,585
122900071,205,493,-288
122900072,9,432,-423
122900073,23,171,-148
122900074,2297,189,2108
122900075,1,332,-331
122900076,14,677,-663
122900077,0,118,-118
122900078,447,43,404
122900080,60,106,-46
122900081,268,570,-302
122900082,3019,145,2874
122900083,537,101,436
122900084,20,188,-168
122900086,33,277,-244
122900087,987,819,168
122900088,41,1537,-1496
122900089,186,750,-564
122900090,41,370,-329
122900091,930,15,915
122900092,0,270,-270
122900093,2,114,-112
122900094,5,260,-255
122900095,435,87,348
122900096,951,276,675
122900097,42,132,-90
122900098,35,196,-161
122900099,258,101,157
122900100,172,1739,-1567
122900101,722,567,155
122900102,92,141,-49
122900103,454,13,441
122900104,748,15,733
122900105,30,34,-4
122900106,3,55,-52
122900107,28,116,-88
122900108,5,193,-188
123000001,1181,2368,-1187
123000002,4127,10787,-6660
123000003,10070,8623,1447
123000004,5984,5758,226
123000005,7546,4338,3208
123000006,5478,3091,2387
123000007,7775,4254,3521
123000008,5249,4947,302
123000009,7442,6291,1151
123000010,4913,9013,-4100
123000011,2591,3734,-1143
123000012,1289,11208,-9919
123000013,10951,3228,7723
123000014,1282,6317,-5035
123000015,5234,1941,3293
123000016,4708,5173,-465
123000017,7138,3209,3929
123000018,171,215,-44
123000019,1626,87,1539
123000020,1123,78,1045
123000021,595,804,-209
123000022,975,4022,-3047
123000023,3772,6223,-2451
123000024,3312,2289,1023
123000025,28,303,-275
123000026,8,542,-534
123000027,65,2058,-1993
123000028,570,2553,-1983
123000029,454,2352,-1898
123000030,607,362,245
123000031,880,370,510
123000032,1601,296,1305
123000033,695,383,312
123000034,2324,1294,1030
123000035,1062,1159,-97
123000036,379,2682,-2303
123000037,401,289,112
123000038,219,481,-262
123000039,885,2637,-1752
123000040,876,408,468
123000041,1145,3117,-1972
123000042,675,2477,-1802
123000043,3430,29442,-26012
123000044,4475,4534,-59
123000045,8026,3671,4355
123000046,357,2175,-1818
123000047,753,2426,-1673
123000048,248,3068,-2820
123000049,9279,19081,-9802
123000050,5796,3639,2157
123000051,210,668,-458
123000052,1830,6316,-4486
123000053,5514,4443,1071
123000054,7090,4453,2637
123000055,4510,12623,-8113
123000056,2516,946,1570
123000057,6970,10867,-3897
123000058,1407,3307,-1900
123000059,376,716,-340
123000060,2407,725,1682
123000061,647,753,-106
123000063,3224,2172,1052
123000064,3504,496,3008
123000065,7592,6292,1300
123000066,861,1102,-241
123000067,2805,1136,1669
123000068,3118,3533,-415
123000069,5093,2140,2953
123000070,521,928,-407
123000071,5579,1377,4202
123000072,2661,1281,1380
123000073,5161,1460,3701
123000074,2833,2113,720
123000075,929,4459,-3530
123000076,2197,801,1396
123000077,4727,2363,2364
123000078,7819,2134,5685
123000079,7340,3555,3785
123000080,6514,2000,4514
123000081,598,888,-290
123000082,832,1507,-675
123000083,2911,358,2553
123000084,2044,775,1269
123000085,1257,147,1110
123000086,2552,427,2125
123000087,945,516,429
123000088,3087,1047,2040
123000089,2114,2399,-285
123000090,3593,1706,1887
123000091,4939,2688,2251
123000092,2154,2885,-731
123000094,2360,414,1946
123000095,2742,2091,651
123000096,3423,831,2592
123000097,2252,581,1671
123000098,2485,963,1522
123000099,1965,578,1387
123000100,640,1727,-1087
123000101,872,706,166
123000102,1106,2377,-1271
123000104,940,837,103
123000105,725,395,330
123000106,1406,787,619
123000107,847,573,274
123000108,1285,1983,-698
123000111,2442,830,1612
123000112,3292,795,2497
123000113,1333,1386,-53
123000114,964,1530,-566
123000115,778,802,-24
123000116,65,225,-160
123000117,5898,2883,3015
123000118,1242,771,471
123000119,524,800,-276
123000120,461,1345,-884
123000121,1208,1794,-586
123000122,749,665,84
123000123,1280,1087,193
123000124,746,785,-39
123000125,3001,2140,861
123000126,2109,11061,-8952
123000127,726,874,-148
123000128,675,503,172
123000129,2459,387,2072
123000130,2257,152,2105
123000131,3968,1755,2213
123000132,693,1350,-657
123000133,328,529,-201
123000134,578,167,411
123000135,6349,1802,4547
123000136,441,804,-363
123000137,491,351,140
123000138,338,538,-200
123000139,1477,627,850
123000140,81,812,-731
123000141,1511,269,1242
123000142,1934,1294,640
123000143,1121,3159,-2038
123000144,14,83,-69
123000145,346,735,-389
123000146,20,291,-271
123000147,142,514,-372
123000149,642,693,-51
123000150,253,358,-105
123000151,249,1007,-758
123000152,53,1357,-1304
123000153,125,1187,-1062
123000154,1895,3142,-1247
123000155,3730,3132,598
123000156,56,166,-110
123000157,1778,1724,54
123000158,986,1811,-825
123000159,6032,11354,-5322
123000160,2675,3301,-626
123000161,3202,2362,840
123000162,4333,3700,633
123000163,2320,680,1640
123000164,5412,619,4793
123000165,392,1818,-1426
123000166,82,147,-65
123000167,168,382,-214
123000168,693,249,444
123000169,2346,334,2012
123000170,177,186,-9
123000171,3496,18,3478
123000172,204,785,-581
123000173,1457,1345,112
123000174,1847,943,904
123000175,828,1577,-749
123000176,1931,906,1025
123000177,814,1595,-781
123000178,2531,482,2049
123000179,72,1182,-1110
123000180,3351,728,2623
123000181,394,1277,-883
123000182,502,885,-383
123000183,371,771,-400
123000184,94,1130,-1036
123000185,2542,1219,1323
123000186,12,329,-317
123000187,1493,38,1455
123000188,953,4,949
123000189,538,174,364
123000190,136,87,49
123000192,5,530,-525
123000193,19,776,-757
123000194,451,348,103
123000195,846,40,806
123000196,1546,72,1474
123000197,184,233,-49
123000198,239,439,-200
123000199,40,616,-576
123000200,1492,37,1455
123000201,3459,27,3432
123000202,25,597,-572
123000203,3301,117,3184
123000204,96,626,-530
123000205,282,894,-612
123000206,6270,491,5779
123000207,141,887,-746
123000208,1572,228,1344
123000209,3958,1133,2825
123000210,166,2120,-1954
123000211,742,2336,-1594
123000212,9485,943,8542
123000213,1514,96,1418
123000215,154,389,-235
123000216,383,2753,-2370
123000217,477,95,382
123000218,75,1307,-1232
123000219,2051,182,1869
123000220,1334,301,1033
123000221,411,694,-283
123000222,1019,619,400
123000223,1726,413,1313
123000224,1295,477,818
123000225,650,172,478
123000226,232,2088,-1856
123000227,125,497,-372
123000228,772,105,667
123000229,1051,2059,-1008
123000232,354,778,-424
123000233,1819,242,1577
123000234,279,925,-646
123000235,3553,465,3088
123000236,750,721,29
123000237,1106,292,814
123000238,94,615,-521
123000239,557,1225,-668
123000240,122,2418,-2296
123000241,1096,265,831
123000242,500,619,-119
123000243,1269,1293,-24
123000244,1221,708,513
123000245,159,330,-171
123000249,742,1185,-443
123000252,1972,899,1073
123000253,3570,1304,2266
123000254,1211,1192,19
123000255,2265,1464,801
123000256,85,364,-279
123000257,4127,1689,2438
123000258,1492,870,622
123000259,1139,705,434
123000260,1556,375,1181
123000261,867,296,571
123000262,123,194,-71
123000263,1064,176,888
123000264,308,206,102
123000265,52,194,-142
123000266,980,718,262
123000267,1733,733,1000
123000268,118,78,40
123000269,72,295,-223
123000270,68,226,-158
123000271,59,102,-43
123000272,1266,483,783
123000273,623,2167,-1544
123000274,2197,1981,216
123000275,371,1245,-874
123000278,3084,8531,-5447
123000279,495,173,322
123000280,713,519,194
123000281,887,405,482
123000282,265,747,-482
123000283,398,161,237
123000284,104,114,-10
123000286,160,1267,-1107
123000287,617,1053,-436
123000288,1311,3205,-1894
123000289,321,3754,-3433
123000291,219,2231,-2012
123000294,140,233,-93
123000295,1156,2274,-1118
123000296,1520,1074,446
123000297,1768,560,1208
123000298,2541,586,1955
123000299,200,209,-9
123000300,3140,1900,1240
123000301,312,1063,-751
123000302,377,163,214
123000303,181,777,-596
123000305,2269,1765,504
123000306,519,117,402
123000309,111,239,-128
123000310,149,147,2
123000311,1,319,-318
123000312,842,740,102
123000313,961,981,-20
123000315,339,467,-128
123000316,1558,504,1054
123000317,436,198,238
123000318,119,529,-410
123000329,9,47,-38
123000337,452,479,-27
123000338,181,334,-153
123000339,932,43,889
123000340,129,486,-357
123000342,6,181,-175
123000343,414,49,365
123000344,813,270,543
123000345,682,597,85
123000346,1250,158,1092
123000352,3853,1971,1882
123000353,187,229,-42
123000354,1115,26,1089
123000355,2,436,-434
123000356,1714,23,1691
123000357,6,190,-184
123000359,33,96,-63
123000360,954,680,274
123000361,1403,546,857
123000362,1168,338,830
123000363,338,357,-19
123000364,977,1090,-113
123000365,61,719,-658
123000366,684,7325,-6641
123000367,551,993,-442
123000370,66,3120,-3054
123000371,1284,984,300
123000372,960,250,710
123000373,30,705,-675
123000374,11,240,-229
123000375,1088,126,962
123000376,1857,1838,19
123000377,1959,38,1921
123000378,33,575,-542
123000379,15,1260,-1245
123000380,30,648,-618
123000381,98,287,-189
123000382,1207,237,970
123000383,290,1727,-1437
123000384,1572,533,1039
123000385,477,1457,-980
123000436,201,2906,-2705
123000507,111,262,-151
123000508,227,2598,-2371
123000517,406,34,372
123000518,46,142,-96
123000519,465,137,328
123000520,53,182,-129
123000521,1038,107,931
123000522,398,332,66
123000541,28,6,22
123000542,0,13,-13
123000565,0,17,-17
123000566,2855,243,2612
123000567,257,63,194
123000573,81,986,-905
123000574,2240,190,2050
123000575,4186,774,3412
123000576,1674,1246,428
123000577,185,1813,-1628
123000578,942,510,432
123000579,1511,15760,-14249
123000580,104,95,9
123000582,1731,70,1661
123000583,56,654,-598
123000584,404,447,-43
123000585,0,61,-61
123000586,858,0,858
123000596,136,169,-33
123000597,140,325,-185
123000602,295,39,256
123000603,3263,638,2625
123000604,1601,561,1040
123000605,2082,195,1887
123000606,1,1283,-1282
123000609,49,641,-592
123000610,270,165,105
123000613,136,163,-27
123000614,733,87,646
123000615,96,155,-59
123000616,2623,87,2536
123000617,206,400,-194
123000618,31,816,-785
123000619,821,45,776
123000620,46,481,-435
123000622,1128,35,1093
123000624,476,107,369
123000630,4144,983,3161
123000631,678,754,-76
123000632,1502,1368,134
123000633,0,394,-394
123000634,132,1165,-1033
123000635,176,384,-208
123000636,106,907,-801
123000637,368,118,250
123000638,1575,80,1495
123000639,1779,14935,-13156
123000640,11,733,-722
123900001,2076,292,1784
123900002,73,2947,-2874
123900003,226,761,-535
123900005,589,560,29
123900006,1185,258,927
124000001,3596,340,3256
124000002,75,1939,-1864
124000003,2744,313,2431
124000004,138,643,-505
124000005,2444,2642,-198
124000006,224,608,-384
124000007,2497,349,2148
124000008,8,961,-953
124000009,1490,1041,449
124000010,742,789,-47
124000011,1843,2082,-239
124000012,542,485,57
124000017,706,208,498
124000018,226,83,143
124000019,628,354,274
124000020,41,128,-87
124000021,303,158,145
124000022,99,278,-179
124000023,3008,2606,402
124000024,2087,505,1582
124000025,2501,2768,-267
124000026,1616,1315,301
124000027,5283,5484,-201
124000028,1842,4632,-2790
124000030,1982,1808,174
124000031,2197,16196,-13999
124000032,2204,950,1254
124000033,143,699,-556
124000034,1538,934,604
124000035,24,481,-457
124000036,111,415,-304
124000037,434,1494,-1060
124000038,24,215,-191
124000039,656,521,135
124000040,317,1545,-1228
124000041,1531,367,1164
124000042,324,734,-410
124000043,284,169,115
124000044,73,499,-426
124000045,3478,510,2968
124000046,409,1128,-719
124000047,6375,986,5389
124000048,1665,958,707
124000049,4374,725,3649
124000050,1761,1288,473
124000051,2629,686,1943
124000052,1558,810,748
124000053,650,5059,-4409
124000054,982,441,541
124000055,1945,13039,-11094
124000056,2339,939,1400
124000057,3494,679,2815
124000058,1404,1323,81
124000059,2984,2304,680
124000060,750,803,-53
124000061,2223,11155,-8932
124000062,2472,1502,970
124000063,1632,1327,305
124000064,2080,1528,552
124000065,16,1778,-1762
124000066,474,2431,-1957
124000067,387,497,-110
124000068,51,81,-30
124000069,501,55,446
124000070,233,57,176
124000071,235,418,-183
124000072,663,1804,-1141
124000073,2274,267,2007
124000074,522,892,-370
124000075,1218,82,1136
124000076,58,75,-17
124000077,378,1262,-884
124000078,2079,1642,437
124000079,371,1862,-1491
124000080,1930,461,1469
124000081,550,771,-221
124000082,172,368,-196
124000083,115,107,8
124000084,85,1437,-1352
124000085,87,67,20
124000086,38,634,-596
124000087,71,362,-291
124000088,225,816,-591
124000089,1283,436,847
124000090,316,383,-67
124000091,1351,255,1096
124000092,303,687,-384
124000093,268,312,-44
124000094,277,964,-687
124000095,415,176,239
124000096,474,341,133
124000097,349,234,115
124000098,182,122,60
124000099,524,137,387
124000100,96,81,15
124000101,324,441,-117
124000102,196,60,136
124000103,550,432,118
124000104,215,79,136
124000105,384,299,85
124000106,283,74,209
124000107,66,504,-438
124000108,86,19,67
124000109,349,197,152
124000110,124,118,6
124000111,600,154,446
124000112,1748,737,1011
124000113,356,212,144
124000114,762,531,231
124000115,447,1148,-701
124000116,205,323,-118
124000117,59,119,-60
124000118,62,139,-77
124000119,1772,1823,-51
124000120,1495,1527,-32
124000121,1247,1385,-138
124000122,744,2067,-1323
124000123,1394,638,756
124000124,584,969,-385
124000125,826,592,234
124000126,476,664,-188
124000127,2226,653,1573
124000128,1051,1179,-128
124000129,2635,2067,568
124000130,597,664,-67
124000131,1087,1335,-248
124000132,746,1315,-569
124000133,2354,1833,521
124000134,1590,1121,469
124000135,3346,3914,-568
124000136,1337,1358,-21
124000137,1537,2603,-1066
124000138,1277,1410,-133
124000139,819,200,619
124000140,23,1045,-1022
124000141,36,23,13
124000142,7,496,-489
124000143,112,69,43
124000144,21,61,-40
124000145,181,446,-265
124000146,70,359,-289
124000148,33,121,-88
124000149,2242,401,1841
124000150,345,1359,-1014
124000151,2282,800,1482
124000152,1368,1440,-72
124000153,1782,1432,350
124000154,886,981,-95
124000155,2041,1289,752
124000156,1135,1450,-315
124000169,345,1720,-1375
124000170,1915,1416,499
124000171,546,974,-428
124000172,545,1196,-651
124000173,1799,469,1330
124000174,947,889,58
124000175,40,129,-89
124000176,104,41,63
124000177,26,81,-55
124000178,59,102,-43
124000190,109,81,28
124000191,36,255,-219
124000192,2280,1785,495
124000193,371,7720,-7349
124000194,436,647,-211
124000195,750,766,-16
124000196,953,1163,-210
124000197,126,36,90
124000198,154,165,-11
124000201,87,802,-715
124000202,1215,196,1019
124000203,1765,249,1516
124000204,3341,954,2387
124000205,236,375,-139
124000206,2555,478,2077
124000207,0,21,-21
124000209,338,314,24
124000210,2498,405,2093
124000211,2060,10,2050
124000212,1,175,-174
124000213,1504,138,1366
124000214,1372,380,992
124000215,1109,31,1078
124000216,13,262,-249
124000329,520,987,-467
124000338,424,743,-319
124000339,4602,58,4544
124000341,4737,136,4601
124000344,165,98,67
124000357,1927,5733,-3806
124000358,838,3070,-2232
124000359,2349,1515,834
124000360,2241,1044,1197
124000361,3079,1679,1400
124000362,3027,5138,-2111
124000363,890,426,464
124000364,1095,1085,10
124000365,1110,1398,-288
124000366,3114,982,2132
124000367,100,471,-371
124000368,667,2540,-1873
124000369,89,251,-162
124000370,69,1229,-1160
124000402,46,50,-4
124000403,454,78,376
124000404,59,147,-88
124000405,1371,1120,251
124000406,768,780,-12
124000407,2,33,-31
124000411,15,500,-485
124000412,1101,21,1080
124000413,281,715,-434
124000414,347,194,153
124000415,151,62,89
124000416,363,250,113
124000417,784,160,624
124000418,682,65,617
124000419,236,63,173
124000420,459,53,406
124000421,165,80,85
124000422,51,28,23
124000423,202,76,126
124000424,10,26,-16
124000425,93,54,39
124000426,13,145,-132
124000427,108,2,106
124000428,6,731,-725
124000429,303,35,268
124000430,1646,679,967
124000431,759,786,-27
124000432,665,1330,-665
124000439,29,6,23
124000442,34,43,-9
124000443,3,13,-10
124000445,98,3288,-3190
124000446,733,357,376
124900001,1877,509,1368
124900002,520,283,237
124900003,2518,507,2011
124900004,2073,356,1717
124900005,448,119,329
124900006,2011,399,1612
124900008,713,733,-20
124900009,121,755,-634
124900010,522,197,325
124900011,1952,399,1553
124900012,653,108,545
124900013,1237,267,970
124900014,709,394,315
124900015,429,684,-255
124900016,216,409,-193
124900017,792,6617,-5825
124900018,327,15,312
124900020,296,94,202
124900021,842,241,601
124900022,88,6,82
124900024,1084,10,1074
124900026,158,159,-1
124900027,237,599,-362
124900028,596,167,429
124900029,28,1157,-1129
124900030,1,146,-145
124900031,146,380,-234
124900032,573,285,288
124900033,225,263,-38
124900034,43,363,-320
124900035,327,266,61
124900036,1,205,-204
124900037,269,237,32
124900038,213,257,-44
124900039,3,147,-144
124900040,290,160,130
124900041,655,800,-145
124900042,102,3,99
124900043,1094,537,557
124900044,179,3,176
124900045,599,1540,-941
124900046,873,254,619
124900047,93,326,-233
124900048,515,92,423
124900050,370,196,174
124900052,214,479,-265
124900053,371,634,-263
124900054,1111,931,180
124900055,0,184,-184
124900057,9,91,-82
124900060,70,363,-293
124900061,265,4,261
124900062,395,19,376
124900066,0,9,-9
124900067,17,90,-73
124900068,186,1661,-1475
124900070,149,66,83
124900072,410,40,370
124900074,850,361,489
124900075,1501,212,1289
124900076,55,5058,-5003
124900077,55,157,-102
124900078,270,15,255
124900079,334,578,-244
124900080,952,280,672
124900081,2526,256,2270
124900082,656,492,164
124900083,799,581,218
124900084,1465,92,1373
124900085,696,720,-24
124900086,74,1619,-1545
124900087,394,167,227
124900088,121,135,-14
124900089,815,23,792
124900090,1272,377,895
124900091,679,348,331
124900092,650,388,262
124900093,1188,445,743
124900094,1915,503,1412
124900095,357,1097,-740
124900096,526,193,333
124900097,1245,147,1098
124900098,346,405,-59
124900099,274,1170,-896
124900100,1039,33,1006
124900101,128,313,-185
124900102,852,18,834
124900103,326,234,92
124900104,124,227,-103
124900105,274,173,101
124900106,739,66,673
124900107,451,86,365
124900108,396,239,157
124900109,276,347,-71
124900110,1081,291,790
124900111,3,162,-159
124900112,260,448,-188
124900113,90,364,-274
124900114,87,329,-242
124900115,86,263,-177
124900116,652,811,-159
124900117,260,452,-192
124900118,149,1868,-1719
124900119,700,397,303
124900120,24,297,-273
124900121,133,799,-666
124900122,291,251,40
124900123,175,150,25
124900124,63,347,-284
129000186,264,306,-42
204000001,42,12,30
204000002,7,9,-2
204000003,23,26,-3
204000004,9,30,-21
204000005,795,435,360
204000006,1840,1348,492
204000011,17,63,-46
204000012,148,100,48
204000013,2,33,-31
204000019,1728,533,1195
204000020,2167,1149,1018
204000021,2635,1515,1120
204000022,2308,784,1524
204000023,1111,650,461
204000031,65,13,52
204000032,550,85,465
204000034,99,214,-115
204000035,0,9,-9
204000036,20,91,-71
204000037,0,30,-30
204000038,1,10,-9
204000039,8,16,-8
204000040,42,26,16
204000041,19,61,-42
204000042,150,23,127
204000043,101,27,74
204000044,136,11,125
204000045,147,6,141
204000046,23,2,21
204000057,35,10,25
204000062,27,31,-4
204000068,30,922,-892
204000069,281,1064,-783
204000070,130,288,-158
204000080,237,188,49
204000085,1618,1258,360
204000086,2860,1562,1298
204000087,164,26,138
204000088,22,93,-71
204000090,92,501,-409
204000093,1322,95,1227
204000096,3039,1061,1978
204000097,1013,20,993
204000099,1434,4037,-2603
204000100,2894,1823,1071
204000105,2115,710,1405
204000110,564,1540,-976
204000111,1179,971,208
204000112,1135,969,166
204000113,485,1127,-642
204000114,1938,1994,-56
204000115,2469,1226,1243
204000116,1097,1757,-660
204000119,4202,2677,1525
204000132,1394,901,493
204000133,1426,156,1270
204000134,479,84,395
204000135,1206,45,1161
204000136,776,545,231
204000138,475,1652,-1177
204000140,468,218,250
204000141,274,120,154
204000144,10,49,-39
204000145,1132,96,1036
204000146,40,318,-278
204000147,49,1098,-1049
204000148,340,124,216
204000154,14,45,-31
204000155,4,8,-4
204000177,119,228,-109
204000179,91,37,54
204000180,0,70,-70
204000222,13,21,-8
204000235,220,71,149
204000236,79,294,-215
204000238,33,55,-22
204000240,597,96,501
204000263,591,1187,-596
204000268,900,527,373
204000308,313,61,252
204000317,70,216,-146
204000322,45,244,-199
204000323,27,9,18
204000328,377,65,312
204000329,134,164,-30
204000330,415,16,399
204000331,103,147,-44
204010341,17,211,-194
205000001,788,1403,-615
205000013,195,201,-6
205000014,345,142,203
205000015,380,94,286
205000016,116,215,-99
205000017,162,97,65
205000022,387,548,-161
205000025,2382,749,1633
205000029,958,47,911
205000045,535,388,147
205000046,417,321,96
205000047,215,327,-112
205000048,932,368,564
205000049,374,538,-164
205000050,1040,279,761
205000059,2,1073,-1071
205000060,2,1594,-1592
205000061,20,2469,-2449
205000062,10,2654,-2644
205000063,127,2710,-2583
205000064,212,715,-503
205000065,977,839,138
205000066,470,388,82
205000067,235,464,-229
205000069,137,41,96
205000082,227,445,-218
205000110,140,193,-53
205000111,243,133,110
205000112,251,188,63
205000113,158,375,-217
205000121,342,147,195
205000123,282,244,38
205000126,1041,119,922
205000127,1004,138,866
205000128,772,83,689
205000129,1564,50,1514
205000130,69,46,23
205000131,21,38,-17
205000132,71,14,57
205000133,64,1,63
205000134,488,2,486
205000137,661,114,547
205000138,645,461,184
205000139,55,254,-199
205000144,95,164,-69
205000145,417,678,-261
205000151,414,86,328
205000152,246,185,61
205000153,314,197,117
205000154,183,241,-58
205000155,496,66,430
205000207,6,169,-163
205000233,23,0,23
205000234,0,0,0
205000243,0,29,-29
205000244,0,7,-7
205000245,6,320,-314
205000249,0,43,-43
205000250,5,3,2
205000264,54,147,-93
206000027,19,41,-22
206000028,24,13,11
206000043,8,88,-80
206000053,0,9,-9
206000054,0,68,-68
206000055,0,42,-42
206000075,51,31,20
206000076,41,14,27
206000077,70,37,33
206000078,23,23,0
206000079,47,8,39
206000082,388,182,206
206000100,67,1105,-1038
206000103,3,35,-32
206000104,8,32,-24
206000105,27,37,-10
206000106,12,24,-12
206000108,969,145,824
206000125,227,1,226
206000157,28,641,-613
206000170,0,246,-246
206000171,30,214,-184
206000172,36,301,-265
206000173,8,146,-138
206000174,57,44,13
206000175,7,67,-60
206000176,35,117,-82
206000177,0,92,-92
206000178,0,623,-623
206000179,6,952,-946
206000180,12,136,-124
206000181,5,44,-39
206000182,4,71,-67
206000183,40,137,-97
206000184,5,83,-78
206000185,31,35,-4
206000186,210,329,-119
206000223,16,710,-694
206000226,32,17,15
206000227,40,30,10
206000237,74,135,-61
206000238,106,338,-232
206000239,308,1966,-1658
206000240,1,67,-66
206000241,0,77,-77
206000242,48,266,-218
206000243,35,74,-39
206000244,129,147,-18
206000245,2557,134,2423
206000246,794,25,769
206000247,973,19,954
206000248,1132,135,997
206000252,161,126,35
206000258,6,77,-71
206000315,115,23,92
206000317,783,225,558
206000318,1039,114,925
206000319,3733,150,3583
206000320,900,72,828
206000321,956,13,943
206000322,1582,124,1458
206000323,659,31,628
206000324,791,121,670
206000325,496,73,423
206000326,484,160,324
206000327,53,43,10
206000328,634,42,592
206000329,765,35,730
206000330,201,124,77
206000331,699,85,614
206000332,181,29,152
206000333,2595,14,2581
206000334,1305,1,1304
206000335,0,28,-28
206000361,8,162,-154
206000392,2,23,-21
206000405,311,1,310
206000441,125,43,82
206000498,52,0,52
206000515,102,89,13
206000530,544,123,421
206000531,200,633,-433
206000532,1615,898,717
206000535,205,5602,-5397
206000536,22,88,-66
206000537,44,167,-123
206000613,1111,436,675
207000001,272,404,-132
207000002,315,395,-80
207000003,271,212,59
207000007,2636,332,2304
207000008,688,15,673
207000009,212,37,175
207000010,871,468,403
207000012,762,301,461
207000015,579,725,-146
207000019,529,144,385
207000021,582,689,-107
207000022,462,257,205
207000023,626,200,426
207000024,5,90,-85
207000025,29,156,-127
207000026,156,58,98
207000027,23,123,-100
207000028,104,199,-95
207000029,269,751,-482
207000033,401,388,13
207000034,587,180,407
207000039,1306,188,1118
207000040,1443,73,1370
207000041,333,563,-230
207000042,762,196,566
207000043,424,256,168
207000051,212,502,-290
207000052,47,574,-527
207000053,582,413,169
207000054,82,75,7
207000055,289,92,197
207000056,362,529,-167
207000057,204,242,-38
207000058,312,192,120
207000059,146,178,-32
207000060,76,502,-426
207000061,153,1610,-1457
207000062,1202,68,1134
207000063,1005,310,695
207000064,611,197,414
207000065,583,272,311
207000066,692,278,414
207000067,108,140,-32
207000068,283,88,195
207000069,1415,410,1005
207000082,39,244,-205
207000083,198,336,-138
207000084,954,546,408
207000085,600,75,525
207000086,759,6,753
207000106,144,40,104
207000107,271,30,241
207000108,160,20,140
207000109,165,8,157
207000110,115,287,-172
207000111,170,173,-3
207000112,163,2700,-2537
207000114,38,22,16
207000115,134,163,-29
207000116,65,577,-512
207000117,12,185,-173
207000118,9,224,-215
207000119,62,96,-34
207000123,711,38,673
207000124,290,52,238
207000125,109,28,81
207000126,81,23,58
207000134,334,231,103
207000135,127,422,-295
207000148,161,1240,-1079
207000149,109,40,69
207000152,218,788,-570
207000153,386,861,-475
207000154,665,390,275
207000159,414,256,158
207000160,502,259,243
207000238,0,101,-101
207000242,0,62,-62
207000248,82,132,-50
207000249,238,56,182
207000250,1067,202,865
207000251,280,209,71
207000252,82,42,40
207000278,321,235,86
207000279,105,114,-9
207000280,1657,78,1579
207000281,411,386,25
207000282,87,797,-710
207000283,37,220,-183
207000284,27,2250,-2223
207000285,96,82,14
207000291,32,126,-94
207000304,110,112,-2
207000306,86,281,-195
207000310,214,169,45
207000353,215,2,213
207000356,11,226,-215
207000357,4,51,-47
207000358,2,75,-73
207000415,3,93,-90
207000417,127,15,112
207000418,111,96,15
207000438,0,3,-3
207000439,577,370,207
207000446,552,4,548
207000460,232,14,218
207000466,174,443,-269
207000467,729,178,551
207000468,179,206,-27
207000476,2,14,-12
207000477,1352,44,1308
207000478,1,142,-141
207000523,0,8,-8
207000524,85,0,85
207000527,392,135,257
207000530,2079,7,2072
207000531,720,43,677
207000532,339,339,0
207000534,292,39,253
207000535,14,582,-568
207000537,19,212,-193
207000540,4,112,-108
207000541,5,155,-150
207000548,15,837,-822
207000549,995,204,791
207000561,576,321,255
207000562,65,106,-41
207000567,89,198,-109
207000568,828,130,698
207000569,2189,155,2034
207000584,70,390,-320
207000585,19,326,-307
207000616,0,207,-207
207000617,306,0,306
207900008,775,111,664
208000001,1197,2200,-1003
208000002,1436,1543,-107
208000003,1696,655,1041
208000004,1492,2176,-684
208000005,8,274,-266
208000019,1964,742,1222
208000020,610,267,343
208000021,613,671,-58
208000022,1929,599,1330
208000028,1597,2632,-1035
208000033,960,460,500
208000034,1436,2064,-628
208000040,476,302,174
208000041,1959,882,1077
208000042,2781,1015,1766
208000047,200,309,-109
208000064,3231,2695,536
208000066,1914,2589,-675
208000070,1196,751,445
208000071,1366,505,861
208000072,1332,957,375
208000080,677,1293,-616
208000081,745,198,547
208000082,1053,304,749
208000083,373,293,80
208000084,6,161,-155
208000085,1196,794,402
208000086,1034,1503,-469
208000087,712,1043,-331
208000089,2006,499,1507
208000090,2000,570,1430
208000093,39,279,-240
208000094,1073,412,661
208000095,1660,994,666
208000104,3125,665,2460
208000105,1942,1473,469
208000114,183,811,-628
208000115,1085,683,402
208000116,2378,2795,-417
208000117,40,271,-231
208000118,285,541,-256
208000155,1163,1857,-694
208000158,2884,4513,-1629
208000186,1279,3123,-1844
208000204,1538,2471,-933
208000205,2862,1645,1217
208000282,1186,1985,-799
209000004,1592,446,1146
209000005,138,762,-624
209000006,483,762,-279
209000007,707,905,-198
209000010,428,869,-441
209000011,111,436,-325
209000012,301,598,-297
209000013,804,831,-27
209000014,1087,1133,-46
209000025,1199,136,1063
209000026,1942,355,1587
209000027,800,466,334
209000028,638,395,243
209000029,1337,3549,-2212
209000030,1247,3123,-1876
209000031,7742,2342,5400
209000034,373,794,-421
209000035,325,680,-355
209000036,797,492,305
209000037,922,527,395
209000038,435,338,97
209000039,212,231,-19
209000040,494,840,-346
209000041,477,630,-153
209000042,1355,399,956
209000043,972,687,285
209000044,726,1081,-355
209000045,955,349,606
209000046,1056,430,626
209000047,741,457,284
209000048,938,999,-61
209000049,132,39,93
209000050,259,109,150
209000051,433,179,254
209000052,312,221,91
209000062,216,70,146
209000063,133,47,86
209000064,111,23,88
209000065,366,102,264
209000066,303,71,232
209000067,366,46,320
209000080,25,287,-262
209000082,139,71,68
209000091,91,122,-31
209000093,84,189,-105
209000094,101,239,-138
209000110,92,373,-281
209000111,802,3805,-3003
209000112,2098,1346,752
209000113,3994,2853,1141
209000114,1556,1827,-271
209000115,146,109,37
209000116,568,405,163
209000118,47,316,-269
209000119,42,148,-106
209000121,220,609,-389
209000135,108,185,-77
209000142,1722,5800,-4078
209000143,116,319,-203
209000144,119,1083,-964
209000229,328,134,194
209000240,110,392,-282
209000259,69,133,-64
209000260,47,1110,-1063
209000261,6,814,-808
209000262,1,447,-446
209000263,5,1702,-1697
209000264,0,330,-330
209000265,920,3,917
209000266,332,1,331
209000267,3326,9,3317
209000268,741,143,598
210000037,121,237,-116
210000047,217,32,185
210000048,206,39,167
210000049,226,8,218
210000052,140,80,60
210000053,64,55,9
210000054,21,100,-79
210000070,506,11,495
210000071,448,2,446
210000072,152,0,152
210000073,0,86,-86
210000074,0,168,-168
210000075,5,291,-286
210000076,33,388,-355
210000077,17,569,-552
210000078,33,455,-422
210000079,58,129,-71
210000080,71,618,-547
210000081,542,31,511
210000082,33,3,30
210000083,120,7,113
210000084,259,0,259
210000085,1,315,-314
210000086,5,190,-185
210000099,144,327,-183
210000100,194,212,-18
210000101,219,192,27
210000105,22,469,-447
210000159,0,345,-345
210000163,65,249,-184
210000164,396,371,25
210000168,597,167,430
210000187,0,85,-85
210000188,2,91,-89
210000214,3,0,3
210000219,148,68,80
210000220,309,25,284
210000232,5,21,-16
210000233,75,20,55
210000234,96,59,37
210000235,212,62,150
210000245,2,198,-196
210000246,13,0,13
210000258,60,111,-51
210000259,439,179,260
210000282,92,322,-230
210000285,3,208,-205
210000286,42,217,-175
210000290,0,7,-7
210000295,133,274,-141
210000296,173,97,76
210000320,502,69,433
210000321,308,50,258
210000338,159,124,35
210000339,200,1079,-879
210000340,287,367,-80
210000341,366,318,48
210000342,499,287,212
210000343,342,347,-5
210000344,123,445,-322
210000345,330,711,-381
210000346,132,356,-224
210000347,71,605,-534
210000348,290,419,-129
210000349,149,185,-36
210000350,398,369,29
210000351,340,242,98
210000352,54,60,-6
210000353,59,60,-1
210000354,99,76,23
210000355,75,542,-467
210000356,21,853,-832
210000357,50,991,-941
210000358,1286,724,562
210000359,144,1123,-979
210000360,476,949,-473
210000361,593,418,175
210000362,560,447,113
210000363,1087,450,637
210000364,643,332,311
210000365,476,161,315
210000366,629,85,544
210000367,317,71,246
210000368,313,43,270
210000369,85,245,-160
210000370,128,398,-270
210000372,81,125,-44
210000373,48,372,-324
210000374,141,430,-289
210000375,65,62,3
210000376,50,606,-556
210000404,106,145,-39
210000439,221,15,206
210000472,52,24,28
210000482,120,231,-111
210000564,454,366,88
210000567,0,42,-42
210000568,443,8,435
211000092,168,21,147
211000094,54,4,50
211000169,430,3,427
211000172,42,100,-58
211000209,0,80,-80
211000226,9,29,-20
211000270,113,6,107
211000275,58,24,34
211000276,302,56,246
211000279,58,82,-24
211000281,263,16,247
211507980,1,186,-185
211977296,76,6,70
212000003,530,239,291
212000004,14,212,-198
212000005,30,294,-264
212000006,75,378,-303
212000008,399,355,44
212000009,173,209,-36
212000012,239,79,160
212000013,65,68,-3
212000014,640,108,532
212000015,676,160,516
212000016,1067,470,597
212000027,648,371,277
212000028,394,332,62
212000029,369,225,144
212000030,79,26,53
212000031,75,53,22
212000048,127,850,-723
212000049,21,406,-385
212000050,29,20,9
212000051,607,149,458
212000052,482,156,326
212000053,450,271,179
212000054,907,87,820
212000055,685,151,534
212000056,43,60,-17
212000057,11,34,-23
212000058,181,65,116
212000070,338,150,188
212000077,352,236,116
212000099,707,304,403
212000108,386,611,-225
212000111,544,182,362
212000120,273,367,-94
212000138,401,136,265
212000156,4,51,-47
212000158,9,49,-40
212000159,1216,152,1064
212000160,1264,215,1049
212000161,115,8,107
212000310,98,26,72
212000311,27,67,-40
212000374,93,16,77
213000001,33,698,-665
213000005,1304,668,636
213000006,1262,586,676
213000007,109,42,67
213000009,556,307,249
213000010,615,229,386
213000011,364,182,182
213000012,436,329,107
213000014,124,78,46
213000015,562,40,522
213000016,916,9,907
213000017,205,0,205
213000018,8,56,-48
213000019,4,335,-331
213000020,234,161,73
213000021,4,75,-71
213000023,682,848,-166
213000033,594,1657,-1063
213000034,657,393,264
213000035,254,431,-177
213000045,375,438,-63
213000046,133,131,2
213000047,401,1109,-708
213000056,318,97,221
213000069,354,56,298
213000073,0,52,-52
213000074,100,768,-668
213000075,1418,2,1416
213000076,31,1,30
213000085,2,60,-58
213000086,20,239,-219
213000091,553,10,543
213000092,53,23,30
213000099,502,1694,-1192
213000100,1263,692,571
213000101,1589,143,1446
213000102,1476,185,1291
213000103,1073,544,529
213000104,84,332,-248
213000105,112,2326,-2214
213000106,61,460,-399
213000107,231,559,-328
213000108,42,480,-438
213000109,6,216,-210
213000110,5,185,-180
213000111,4,139,-135
213000112,64,164,-100
213000115,70,13,57
213000116,52,647,-595
213000117,10,538,-528
213000118,2080,642,1438
213000119,60,516,-456
213000120,191,344,-153
213000122,253,397,-144
213000123,190,618,-428
213000124,625,795,-170
213000125,223,110,113
213000126,202,314,-112
213000127,93,310,-217
213000128,109,879,-770
213000129,289,3685,-3396
213000130,2245,1559,686
213000132,2178,328,1850
213000133,2380,152,2228
213000134,4367,27,4340
213000136,1123,48,1075
213000137,1209,115,1094
213000139,277,30,247
213000147,79,45,34
213000148,31,41,-10
213000149,30,71,-41
213000150,1,1070,-1069
213000151,4,406,-402
213000152,4,667,-663
213000153,0,297,-297
213000154,224,726,-502
213000155,114,757,-643
213000156,331,416,-85
213000157,1709,284,1425
213000158,865,819,46
213000159,1288,565,723
213000163,3528,484,3044
213000165,1301,425,876
213000171,2,38,-36
213000172,1,142,-141
213000173,1,107,-106
213000174,3,66,-63
213000175,20,44,-24
213000176,320,56,264
213000177,348,14,334
213000178,665,5,660
213000179,643,1,642
213000180,547,0,547
213000184,165,734,-569
213000188,1090,194,896
213000189,1423,94,1329
213000190,970,489,481
213000191,1106,232,874
213000192,742,162,580
213000193,1151,412,739
213000194,0,346,-346
213000195,50,380,-330
213000196,557,2964,-2407
213000197,964,1351,-387
213000198,55,2,53
213000200,184,637,-453
213000201,22,126,-104
213000202,31,821,-790
213000203,2144,371,1773
213000204,1368,65,1303
213000205,1075,94,981
213000206,1157,135,1022
213000207,113,7,106
213000208,52,3,49
213000209,216,12,204
213000210,399,28,371
213000211,12,89,-77
213000212,19,129,-110
213000213,37,129,-92
213000218,816,734,82
213000219,2096,151,1945
213000220,2347,21,2326
213000223,479,366,113
213000224,16,101,-85
213000225,127,23,104
213000226,85,20,65
213000227,2763,207,2556
213000228,1607,988,619
213000229,171,151,20
213000230,2100,12,2088
213000232,224,22,202
213000233,112,213,-101
213000234,13,120,-107
213000293,17,165,-148
213000294,98,80,18
213000295,16,180,-164
213000296,193,58,135
213000297,5,120,-115
213000298,12,153,-141
213000299,177,62,115
213000300,1,6,-5
213000303,0,24,-24
213000304,0,9,-9
213000305,3,83,-80
213000306,76,1246,-1170
213000307,175,850,-675
213000308,177,258,-81
213000309,420,115,305
213000310,524,236,288
213000311,221,1068,-847
213000315,153,469,-316
213000316,501,211,290
213000322,244,20,224
213000323,362,157,205
213000324,258,18,240
213000325,176,76,100
213000326,188,9,179
213000327,162,29,133
213000328,109,107,2
213000329,306,23,283
213000340,201,641,-440
213000341,2034,71,1963
213000346,265,663,-398
213000347,328,1988,-1660
213000348,12,191,-179
213000349,6,22,-16
213000350,314,1215,-901
213000366,131,226,-95
213000367,977,25,952
213000379,44,156,-112
213000386,54,33,21
213000406,711,88,623
213000417,3731,807,2924
213000425,833,154,679
213000426,540,46,494
213000427,116,69,47
213000428,90,278,-188
213000429,36,8,28
213000430,277,520,-243
213000431,14,1,13
213000432,4,34,-30
213000433,28,44,-16
213000434,334,167,167
213000435,264,113,151
213000436,161,94,67
213000437,6,8,-2
213000438,291,82,209
213000439,99,53,46
213000440,11,143,-132
213000441,2,4,-2
213000442,8,13,-5
213000443,1341,759,582
213000444,69,9,60
213000445,0,103,-103
213000446,1,50,-49
213000447,3,182,-179
213000448,23,288,-265
213000449,1937,23,1914
213000450,60,51,9
213000451,819,69,750
213000452,70,33,37
213000453,69,446,-377
213000455,311,130,181
213000456,2,207,-205
213000481,3,2,1
213000484,103,3,100
213000489,226,82,144
213000491,25,565,-540
213000492,193,9,184
213000493,4,569,-565
213000494,629,107,522
213000495,0,158,-158
213000496,1310,218,1092
213000497,101,223,-122
213000498,425,153,272
213000499,517,187,330
213000500,2008,98,1910
213000501,557,148,409
213000502,232,383,-151
213000503,1,91,-90
213000504,95,67,28
213000505,16,0,16
213000506,0,11,-11
213000507,12,89,-77
213900016,0,0,0
213900244,102,0,102
213900245,0,14,-14
218000003,125,80,45
218000004,108,215,-107
218000005,106,117,-11
218000006,158,81,77
218000007,33,34,-1
218000012,411,354,57
218000013,647,374,273
218000014,673,408,265
218000019,611,531,80
218000020,520,432,88
218000021,99,33,66
218000022,78,12,66
218000023,37,16,21
218000024,5,16,-11
218000025,17,29,-12
218000026,13,20,-7
218000027,11,9,2
218000028,2,5,-3
218000029,1,18,-17
218000030,22,31,-9
218000031,11,20,-9
218000032,2,27,-25
218000040,6,6,0
218000046,243,103,140
218000047,48,63,-15
218000048,67,51,16
218000049,65,42,23
218000050,241,114,127
218000051,148,176,-28
218000052,0,35,-35
218000053,5,35,-30
218000054,9,61,-52
218000055,26,35,-9
218000056,26,35,-9
218000057,4,32,-28
218000064,2,21,-19
218000065,249,41,208
218000066,26,159,-133
218000067,173,103,70
218000068,274,157,117
218000069,653,126,527
218000070,327,440,-113
218000071,352,307,45
218000072,228,451,-223
218000078,2231,473,1758
218000079,540,178,362
218000080,342,206,136
218000081,1208,196,1012
218000082,372,76,296
218000083,255,92,163
218000084,464,92,372
218000085,399,227,172
218000086,176,113,63
218000087,395,86,309
218000090,71,241,-170
218000091,2047,1025,1022
218000092,364,186,178
218000093,187,131,56
218000094,793,544,249
218000099,502,808,-306
218000100,790,418,372
218000101,583,233,350
218000102,1036,509,527
218000103,247,127,120
218000104,347,84,263
218000105,25,26,-1
218000106,40,2,38
218000107,265,48,217
218000108,22,22,0
218000112,120,66,54
218000117,88,206,-118
218000134,1169,437,732
218000135,10,109,-99
218000136,361,190,171
218000137,444,231,213
218000138,107,113,-6
218000139,425,959,-534
218000140,1118,693,425
218000141,159,156,3
218000142,337,333,4
218000143,97,710,-613
218000144,50,273,-223
218000145,1096,575,521
218000146,261,292,-31
218000151,10,86,-76
218000152,93,79,14
218000153,9,13,-4
218000154,11,6,5
218000155,119,3,116
218000156,190,20,170
218000157,109,24,85
218000158,24,63,-39
218000159,2,26,-24
218000160,9,5,4
218000161,129,3,126
218000162,95,11,84
218000163,27,10,17
218000164,186,22,164
218000165,199,48,151
218000170,5,59,-54
218000171,93,8,85
218000172,32,24,8
218000173,17,21,-4
218000174,29,22,7
218000176,384,230,154
218000177,511,260,251
218000178,108,309,-201
218000179,269,64,205
218000180,250,64,186
218000181,645,48,597
218000187,7,80,-73
218000188,34,47,-13
218000189,39,104,-65
218000190,151,55,96
218000191,298,35,263
218000192,547,218,329
218000193,772,382,390
218000194,365,279,86
218000195,274,88,186
218000196,883,307,576
218000197,1215,295,920
218000198,198,88,110
218000199,69,27,42
218000200,66,99,-33
218000201,38,4,34
218000202,129,977,-848
218000207,11,13,-2
218000208,92,167,-75
218000211,55,30,25
218000212,2,13,-11
218000213,220,107,113
218000214,0,24,-24
218000215,88,78,10
218000217,2,87,-85
218000218,254,50,204
218000219,8,470,-462
218000220,82,2272,-2190
218000221,1045,582,463
218000222,3,442,-439
218000223,136,1276,-1140
218000224,13,298,-285
218000225,315,30,285
218000226,419,96,323
218000230,0,5,-5
218000232,92,67,25
218000239,130,25,105
218000240,5,12,-7
218000241,90,0,90
218000242,5,2,3
218000243,9,13,-4
218000244,33,7,26
218000245,151,21,130
218000246,0,8,-8
218000247,1,0,1
218000248,0,151,-151
218000249,0,25,-25
218000250,9,812,-803
218000251,4,171,-167
218000252,3,110,-107
218000253,1,106,-105
218000254,0,61,-61
218000255,0,23,-23
218000256,9,47,-38
218000267,688,1287,-599
218000268,16,48,-32
218000269,3,50,-47
218000270,122,64,58
218000271,4,30,-26
218000273,104,4,100
218000274,15,7,8
218000275,132,59,73
218000276,41,19,22
218000278,10,146,-136
218000279,22,55,-33
218000280,3,18,-15
218000281,18,41,-23
218000282,1037,1543,-506
218000284,156,5,151
218000301,178,153,25
218000302,121,41,80
218000303,28,80,-52
218000316,2484,1170,1314
218000317,3879,1097,2782
218000318,2153,775,1378
218000319,2707,701,2006
218000320,2305,827,1478
218000338,50,180,-130
218000345,248,292,-44
218000346,39,436,-397
218000459,51,178,-127
218000490,39,82,-43
218000501,245,152,93
218000502,312,130,182
218000503,269,20,249
218000504,278,43,235
218000505,50,147,-97
218000506,31,387,-356
218000508,1,8,-7
218000510,97,7,90
218000520,288,182,106
218000521,6,30,-24
218000522,4,667,-663
218000523,222,2,220
218000524,9,377,-368
218000525,236,44,192
218000526,29,324,-295
218000529,70,86,-16
218000530,54,12,42
218000531,33,11,22
218000532,101,5,96
218000534,474,12,462
218000537,21,207,-186
218000538,99,621,-522
218000540,157,190,-33
218000543,260,156,104
218000544,49,121,-72
218000545,251,175,76
218000546,56,71,-15
218000547,235,427,-192
218000548,269,125,144
218000549,1424,256,1168
218000550,334,201,133
218000551,106,469,-363
218000552,447,326,121
218000553,35,141,-106
218000554,36,66,-30
218000555,54,65,-11
218000556,289,177,112
218000557,956,233,723
218000558,128,0,128
218000559,0,59,-59
218000560,0,38,-38
218000561,13,0,13
218000562,49,188,-139
218000563,399,64,335
218000564,20,177,-157
218000565,101,110,-9
218000566,55,49,6
218000567,0,134,-134
218000568,41,3,38
218000569,5,287,-282
218000570,39,16,23
218000571,3,298,-295
218000572,164,51,113
218000573,17,156,-139
218000574,76,26,50
218000575,144,0,144
218000576,1,111,-110
218000577,235,8,227
218000578,1,378,-377
218000579,130,47,83
218000581,5,125,-120
218000582,84,7,77
218000583,28,0,28
218000584,1,31,-30
218000585,34,25,9
218000586,28,35,-7
218000587,3,1,2
218000588,2,9,-7
218000589,0,11,-11
218000590,1,2,-1
218000591,0,15,-15
218000592,9,2,7
218000593,0,4,-4
218000594,0,3,-3
218000595,0,0,0
218000596,0,0,0
218000597,1,0,1
218000598,0,0,0
218000599,2,0,2
218000600,1,2,-1
218000601,0,0,0
218000602,0,3,-3
218000603,0,20,-20
218000604,7,1,6
218000605,0,55,-55
218000606,63,0,63
218000607,12,113,-101
218000608,77,19,58
218000609,6,215,-209
218000610,99,2,97
218000611,41,1,40
218000612,0,151,-151
218000613,62,7,55
218000614,1,48,-47
218000615,495,54,441
218000616,19,229,-210
218000617,41,24,17
218000618,0,29,-29
218000619,171,75,96
218000620,43,157,-114
218000621,0,2,-2
218000622,0,100,-100
218000623,80,7,73
218000624,0,193,-193
218000625,2,5,-3
218000626,0,22,-22
218000628,423,405,18
218000631,21,13,8
218000632,3,225,-222
218000633,223,2,221
218000634,24,34,-10
218000635,7,18,-11
218000636,1741,825,916
218000637,2235,797,1438
218000638,536,42,494
218000639,82,114,-32
218000640,895,122,773
218000641,131,197,-66
218000652,103,49,54
218000653,445,90,355
218000663,17,53,-36
218000675,18,84,-66
218000676,13,24,-11
218000677,48,4,44
218000680,298,259,39
218000681,842,433,409
218000691,416,255,161
218000693,860,158,702
218000703,18,26,-8
218000718,76,284,-208
218000719,159,209,-50
218000720,5,195,-190
218000721,41,40,1
218000725,9,15,-6
218001214,10,119,-109
218001329,161,154,7
218001330,49,105,-56
218001351,15,29,-14
218001352,42,35,7
218001353,3,12,-9
218001354,6,57,-51
218001355,211,1,210
218001357,105,2,103
219000001,25,66,-41
219000002,73,90,-17
219000003,77,79,-2
219000004,63,107,-44
219000017,102,452,-350
219000020,524,54,470
219000022,276,4,272
219000023,134,6,128
219000029,8,297,-289
219000034,92,62,30
219000039,40,531,-491
219000040,51,117,-66
219000041,253,140,113
219000051,0,425,-425
219000052,0,191,-191
219000053,0,162,-162
219000054,44,85,-41
219000055,616,1,615
219000056,4,0,4
219000057,204,0,204
219000062,29,229,-200
219000063,196,12,184
219000064,7,133,-126
219000110,358,825,-467
219000111,195,218,-23
219000112,467,101,366
219000113,778,122,656
219000114,477,63,414
219000116,268,86,182
219000117,307,98,209
219000118,227,112,115
219000123,335,136,199
219000124,120,78,42
219000125,54,4,50
219000126,91,310,-219
219000127,0,13,-13
219000128,84,157,-73
219000129,49,171,-122
219000130,239,949,-710
219000131,1052,1714,-662
219000133,78,87,-9
219000134,17,87,-70
219000135,31,223,-192
219000136,141,318,-177
219000138,223,46,177
219000139,186,33,153
219000140,173,0,173
219000141,75,94,-19
219000142,49,73,-24
219000143,75,63,12
219000145,21,83,-62
219000146,3,42,-39
219000147,7,55,-48
219000148,3,45,-42
219000149,33,64,-31
219000150,2,64,-62
219000151,5,30,-25
219000157,456,287,169
219000158,458,506,-48
219000161,303,11,292
219000163,1443,444,999
219000166,293,395,-102
219000167,373,353,20
219000168,326,165,161
219000174,1029,302,727
219000175,330,22,308
219000176,305,20,285
219000177,236,3,233
219000178,158,8,150
219000179,134,11,123
219000180,198,47,151
219000182,306,10,296
219000183,217,56,161
219000184,214,14,200
219000185,2,69,-67
219000186,213,75,138
219000187,35,204,-169
219000189,123,307,-184
219000190,72,334,-262
219000191,217,2352,-2135
219000192,264,318,-54
219000193,872,246,626
219000195,0,311,-311
219000196,6,204,-198
219000198,121,315,-194
219000199,135,171,-36
219000200,238,149,89
219000201,82,201,-119
219000203,61,285,-224
219000204,82,734,-652
219000205,60,372,-312
219000207,161,234,-73
219000209,53,90,-37
219000210,36,864,-828
219000213,9,328,-319
219000239,371,317,54
219000240,374,905,-531
219000241,249,255,-6
219000242,132,315,-183
219000243,235,353,-118
219000244,19,117,-98
219000245,13,76,-63
219000246,65,36,29
219000247,383,58,325
219000248,727,1077,-350
219000249,367,248,119
219000250,395,251,144
219000251,777,536,241
219000252,427,242,185
219000253,526,67,459
219000255,338,174,164
219000256,685,465,220
219000257,325,2,323
219000262,131,330,-199
219000263,143,182,-39
219000267,11,88,-77
219000268,39,30,9
219000269,9,6,3
219000270,44,18,26
219000271,698,32,666
219000278,2,71,-69
219000279,1,30,-29
219000283,0,167,-167
219000295,13,110,-97
219000296,207,592,-385
219000297,160,59,101
219000298,217,48,169
219000299,714,79,635
219000300,176,122,54
219000301,61,423,-362
219000302,65,162,-97
219000307,104,39,65
219000308,152,209,-57
219000311,447,137,310
219000312,870,178,692
219000313,810,70,740
219000314,267,206,61
219000315,762,30,732
219000316,1327,79,1248
219000317,406,30,376
219000320,3,263,-260
219000321,0,42,-42
219000323,24,63,-39
219000325,6,5,1
219000326,81,66,15
219000327,68,44,24
219000328,48,30,18
219000329,298,120,178
219000330,41,60,-19
219000331,114,131,-17
219000332,506,281,225
219000333,158,7,151
219000335,116,15,101
219000337,72,2,70
219000338,45,11,34
219000344,21,117,-96
219000345,120,91,29
219000346,72,34,38
219000348,261,199,62
219000349,95,177,-82
219000350,113,533,-420
219000351,1,26,-25
219000352,120,134,-14
219000353,265,90,175
219000354,471,81,390
219000355,271,127,144
219000356,490,2780,-2290
219000363,157,215,-58
219000364,290,98,192
219000365,169,70,99
219000366,228,1281,-1053
219000368,449,990,-541
219000370,925,994,-69
219000371,8,14,-6
219000382,20,39,-19
219000383,344,2179,-1835
219000385,323,1120,-797
219000386,1281,2834,-1553
219000387,3,24,-21
219000390,35,32,3
219000391,11,39,-28
219000397,93,56,37
219000398,93,97,-4
219000401,49,167,-118
219000402,94,106,-12
219000403,74,864,-790
219000404,55,215,-160
219000407,17,25,-8
219000409,151,80,71
219000410,436,81,355
219000411,275,41,234
219000446,128,544,-416
219000447,3,76,-73
219000448,9,17,-8
219000452,132,234,-102
219000453,42,314,-272
219000454,366,885,-519
219000556,659,289,370
219000558,190,329,-139
219000590,62,370,-308
219000591,266,765,-499
219000592,127,321,-194
219000595,6,34,-28
219000635,349,132,217
219000636,135,341,-206
219000657,53,19,34
219000658,66,328,-262
219000673,0,65,-65
219000676,112,191,-79
219000679,17,55,-38
219000684,216,19,197
219000685,0,108,-108
219000686,1,19,-18
219000688,0,46,-46
219000689,30,185,-155
219000690,263,18,245
219000691,94,162,-68
219000692,292,25,267
219000693,3,21,-18
219000694,12,2,10
219000695,140,18,122
219000698,55,1,54
219000699,0,243,-243
219000727,20,785,-765
219000728,217,23,194
219000770,33,4,29
219000771,5,163,-158
219000788,387,418,-31
219001150,0,65,-65
219001151,2,2,0
219001166,21,59,-38
219001167,3,102,-99
219001178,111,1,110
220000001,79,378,-299
220000002,12,236,-224
220000003,512,477,35
220000004,542,1236,-694
220000005,671,3254,-2583
220000006,209,1158,-949
220000007,902,355,547
220000008,506,750,-244
220000009,945,625,320
220000010,137,119,18
220000011,838,6212,-5374
220000012,54,929,-875
220000014,246,95,151
220000015,60,720,-660
220000017,42,724,-682
220000018,13767,6087,7680
220000019,367,1188,-821
220000020,1001,332,669
220000021,1749,576,1173
220000022,1926,423,1503
220000023,510,299,211
220000024,1276,1051,225
220000025,1019,3607,-2588
220000026,601,1669,-1068
220000027,24,469,-445
220000028,79,296,-217
220000029,57,110,-53
220000030,74,162,-88
220000031,1133,1173,-40
220000064,66,2002,-1936
221000046,51,63,-12
221000047,0,0,0
221000048,0,1,-1
221000049,1,41,-40
221000050,37,0,37
221000055,85,153,-68
221000057,149,6,143
221000068,321,100,221
221000069,428,27,401
221000070,518,23,495
221000071,203,4,199
221000072,574,5,569
221000073,459,92,367
221000074,0,28,-28
221000075,18,50,-32
221000076,45,30,15
221000077,49,83,-34
221000081,27,13,14
221000082,70,11,59
221000083,20,26,-6
221000084,2,23,-21
221000085,51,216,-165
221000086,21,126,-105
221000087,2,214,-212
221000088,12,199,-187
221000089,36,303,-267
221000090,58,512,-454
221000098,214,51,163
221000099,253,13,240
221000100,222,4,218
221000101,143,7,136
221000102,211,37,174
221000109,24,79,-55
221000110,6,34,-28
221000111,11,115,-104
221000112,5,108,-103
221000113,14,152,-138
221000114,19,160,-141
221000120,26,266,-240
221000121,9,58,-49
221000122,70,67,3
221000123,18,35,-17
221000124,17,65,-48
221000155,203,62,141
221000156,78,83,-5
221000175,0,18,-18
221000176,0,5,-5
221000182,63,40,23
221000241,348,350,-2
221000242,188,256,-68
221000243,504,382,122
221000244,367,422,-55
221000245,109,227,-118
221000246,77,361,-284
221000247,118,217,-99
221000248,195,155,40
221000267,36,941,-905
221000325,24,222,-198
221000331,6,86,-80
221000338,17,71,-54
221000378,552,86,466
221000381,99,93,6
222000282,6,30,-24
222000296,5,16,-11
222000568,627,26,601
222000569,135,46,89
222000570,255,109,146
222000571,481,80,401
222000577,23,59,-36
222000578,15,161,-146
222000579,11,94,-83
222000580,61,751,-690
222000599,0,90,-90
222000600,1,146,-145
222000601,5,903,-898
222000603,8,222,-214
222000604,1,325,-324
222000605,35,82,-47
222000606,3,14,-11
222000607,17,12,5
222000608,23,38,-15
222000609,159,132,27
222000616,781,110,671
222000617,8,117,-109
222000618,3,80,-77
222000620,23,40,-17
222000621,25,55,-30
222000623,1059,18,1041
222000624,784,1,783
222000625,2195,7,2188
222000636,99,14,85
222000686,58,76,-18
222000687,66,57,9
222001066,1175,9,1166
222001067,142,4,138
222001068,289,45,244
222001069,167,130,37
222001082,105,18,87
222001083,208,19,189
222001084,2,25,-23
222001085,9,588,-579
222001111,263,61,202
222001112,442,228,214
222001313,8,55,-47
222001314,2,174,-172
222001464,90,105,-15
222001465,35,256,-221
222001484,363,74,289
222001485,29,99,-70
222001494,1396,466,930
222001495,203,137,66
222001496,668,382,286
222001497,168,326,-158
222001502,19,80,-61
222001503,442,177,265
222001504,35,420,-385
222001505,1214,52,1162
222001506,90,308,-218
222001507,784,29,755
222001510,1377,96,1281
222001511,126,229,-103
222001514,1300,114,1186
222001515,163,337,-174
222001518,928,39,889
222001519,234,133,101
222001527,271,278,-7
222001528,51,255,-204
222001529,839,30,809
222001530,171,143,28
222001533,310,348,-38
222001534,1002,362,640
222001535,522,699,-177
222001536,202,222,-20
222001537,674,92,582
222001538,47,515,-468
222001563,1761,126,1635
222001564,110,233,-123
222001568,394,340,54
222001576,1,10,-9
222001579,0,13,-13
222001583,31,103,-72
222001584,348,45,303
222001596,799,1481,-682
222001597,2012,426,1586
222001626,0,42,-42
222001650,33,163,-130
222001651,61,335,-274
222001914,570,53,517
222001915,108,171,-63
222001968,1019,352,667
222001969,413,481,-68
222001970,192,420,-228
222001971,130,12,118
222001972,25,9,16
225000001,728,182,546
225000002,1348,494,854
225000003,1589,610,979
225000004,1023,1132,-109
225000005,97,304,-207
225000006,3,451,-448
225000007,3248,1676,1572
225000010,778,19,759
225000011,462,2925,-2463
225000012,679,1296,-617
225000013,195,342,-147
225000014,1252,437,815
225000015,311,365,-54
225000021,1616,249,1367
225000027,735,749,-14
225000032,1576,222,1354
225000042,260,722,-462
225000049,264,419,-155
225000050,417,81,336
225000053,28,387,-359
225000058,1065,503,562
225000067,642,236,406
225000068,365,749,-384
225000069,217,711,-494
225000070,376,426,-50
225000071,120,116,4
225000075,151,3730,-3579
225000076,96,526,-430
225000078,100,205,-105
225000085,309,69,240
225000086,626,137,489
225000087,733,35,698
225000088,85,440,-355
225000089,122,746,-624
225000090,91,1361,-1270
225000091,162,277,-115
225000092,77,289,-212
225000093,728,465,263
225000094,50,241,-191
225000095,597,416,181
225000096,221,478,-257
225000098,1852,211,1641
225000099,893,207,686
225000100,1178,272,906
225000104,376,612,-236
225000110,29,591,-562
225000111,644,777,-133
225000112,947,1158,-211
225000113,380,2375,-1995
225000114,281,1019,-738
225000115,2160,828,1332
225000116,464,316,148
225000117,1065,550,515
225000118,2379,582,1797
225000119,941,229,712
225000120,2227,317,1910
225000121,323,42,281
225000123,1101,70,1031
225000125,1168,455,713
225000126,1596,729,867
225000127,843,4776,-3933
225000128,810,1840,-1030
225000132,1154,49,1105
225000133,738,36,702
225000134,1444,252,1192
225000135,299,24,275
225000136,1250,15,1235
225000137,853,306,547
225000138,1630,201,1429
225000143,325,394,-69
225000144,28,424,-396
225000145,137,265,-128
225000146,186,437,-251
225000147,82,180,-98
225000148,7,83,-76
225000149,160,237,-77
225000151,156,178,-22
225000155,306,417,-111
225000156,491,1431,-940
225000157,1155,594,561
225000158,121,344,-223
225000171,17,251,-234
225000180,28,1,27
225000181,1,368,-367
225000182,81,35,46
225000185,18,559,-541
225000187,290,635,-345
225000191,136,0,136
225000194,0,8,-8
225000208,9,100,-91
225000209,468,43,425
225000210,23,352,-329
225000217,1,75,-74
225000218,69,0,69
225000223,0,511,-511
225000224,278,26,252
225000225,4,211,-207
225000226,19,17,2
225000227,718,672,46
225000228,11,28,-17
225000229,0,485,-485
225000230,7,3,4
225000231,0,48,-48
225000232,438,5,433
225000241,266,2,264
225000242,0,55,-55
225000249,2,0,2
225000250,190,412,-222
225000251,1243,363,880
225000254,1,239,-238
225000256,5,1592,-1587
225000257,0,162,-162
226000042,475,790,-315
226000043,148,494,-346
226000044,556,1285,-729
226000045,282,643,-361
226000046,1277,463,814
226000047,1027,369,658
226000048,727,300,427
226000049,1220,622,598
226000070,0,44,-44
226000071,0,134,-134
226000072,0,54,-54
226000073,0,30,-30
226000074,0,48,-48
226000084,2,48,-46
226000085,1,32,-31
226000086,0,74,-74
226000087,0,86,-86
226000088,26,75,-49
226000090,109,415,-306
226000091,17,230,-213
226000092,1,44,-43
226000093,49,1,48
226000094,18,20,-2
226000095,13,30,-17
226000105,18,1,17
226000106,29,1,28
226000107,16,1,15
226000108,25,0,25
226000109,368,0,368
226000124,429,307,122
226000134,1898,965,933
226000135,3660,978,2682
226000136,1511,1124,387
226000137,11,643,-632
226000138,11,165,-154
226000139,7,191,-184
226000156,999,23,976
226000157,798,47,751
226000163,135,578,-443
226000202,7,436,-429
226000231,1587,38,1549
226000232,144,9,135
227000033,799,46,753
227000036,1130,42,1088
227000037,942,171,771
227000038,269,124,145
227000084,2,194,-192
227000085,0,170,-170
227000088,77,4,73
227000089,80,3,77
227000090,29,2,27
227000091,50,0,50
227000092,54,1,53
227000093,348,0,348
227000094,24,0,24
227000130,109,222,-113
227000131,48,214,-166
227000132,43,216,-173
227000133,45,112,-67
227000134,101,158,-57
227000152,0,13,-13
227000153,1,270,-269
227000154,0,122,-122
227000155,0,39,-39
227000156,0,54,-54
227000165,2,111,-109
227000196,1168,137,1031
227000199,1122,303,819
227000230,32,200,-168
227000232,1417,64,1353
227000242,64,585,-521
227000243,533,75,458
227000245,23,248,-225
227000246,129,226,-97
227000247,829,41,788
227000248,213,107,106
227000249,43,88,-45
227000250,582,393,189
227000251,65,586,-521
227000252,103,185,-82
227000253,391,27,364
227000262,1020,65,955
227000266,2875,68,2807
227000267,12,824,-812
227000282,7,165,-158
227000284,1502,27,1475
227000286,16,92,-76
227000291,13,433,-420
227000296,451,363,88
227000484,269,20,249
227000485,15,800,-785
227000655,567,8,559
227000656,1111,40,1071
227000657,435,17,418
227000704,1019,12,1007
229000265,7,33,-26
229000266,3,33,-30
229000267,22,2,20
229000268,87,1,86
229000269,42,9,33
229000274,0,372,-372
229000275,2,136,-134
229000276,2,159,-157
229000277,0,5,-5
229000278,0,34,-34
229000295,182,58,124
229000296,4,87,-83
229000297,72,7,65
229000298,31,204,-173
229000320,29,15,14
229000321,62,398,-336
229000412,40,77,-37
229000414,11,74,-63
229000415,5,8,-3
229000416,0,5,-5
229000417,3,9,-6
229000419,117,407,-290
229000440,389,303,86
229000442,37,40,-3
229000443,2,27,-25
229000444,1,85,-84
229000445,184,10,174
229000446,215,49,166
229000491,4,26,-22
229000492,4,75,-71
229000493,15,150,-135
229000494,77,30,47
229000495,147,21,126
229000496,95,10,85
229000507,0,54,-54
229000508,0,46,-46
229000509,0,108,-108
229000510,6,90,-84
229000511,5,44,-39
229000512,0,33,-33
229000513,0,12,-12
229000514,0,4,-4
229000517,3,4,-1
229000518,37,14,23
229000519,2,9,-7
229000520,22,42,-20
229000521,75,12,63
229000522,6,3,3
229000523,7,7,0
229000524,2,7,-5
229000527,5,0,5
229000528,0,0,0
229000529,32,1,31
229000530,82,4,78
229000531,83,2,81
229000532,14,3,11
229000533,60,3,57
229000534,49,1,48
229000564,107,0,107
229000565,48,0,48
229000566,0,5,-5
229000567,0,13,-13
229000582,111,20,91
229000583,12,20,-8
229000584,0,20,-20
229000585,1,82,-81
229000718,0,1,-1
229000719,0,1,-1
229000720,0,31,-31
229000721,0,8,-8
229000722,2,2,0
229000723,0,0,0
229000724,0,4,-4
229000725,0,7,-7
229000738,5,0,5
229000739,1,3,-2
229000740,3,0,3
229000741,58,0,58
229000742,34,0,34
229000743,16,0,16
229000744,3,0,3
229000745,3,0,3
229000746,28,0,28
229000847,102,2,100
229000848,52,2,50
229000849,132,3,129
229000851,61,0,61
229000854,1,31,-30
229000856,4,65,-61
229000857,0,11,-11
229000858,0,49,-49
229000919,7,129,-122
229000930,7,246,-239
229000937,143,45,98
229000966,104,71,33
229000981,46,16,30
229000985,47,9,38
229000986,2,0,2
229000987,0,0,0
229000988,6,8,-2
229000989,27,33,-6
229000990,0,1,-1
229000991,2,1,1
229000992,32,26,6
229000993,313,10,303
229000998,38,47,-9
229000999,122,22,100
229001034,2,8,-6
229001035,5,31,-26
229001036,42,58,-16
229001037,101,4,97
229001038,0,54,-54
229001039,27,15,12
229001040,0,92,-92
229001041,586,4,582
229001042,64,19,45
229001047,70,75,-5
229001050,85,55,30
229001168,0,64,-64
229001200,106,9,97
229001338,2,33,-31
229001394,346,1,345
229001422,267,33,234
229001423,31,107,-76
229001431,126,84,42
229001432,50,150,-100
229001444,332,132,200
229001445,214,102,112
229001479,43,2,41
229001503,417,73,344
229001504,243,164,79
229001505,230,68,162
229001506,122,159,-37
229001509,136,20,116
229001510,51,46,5
229001545,230,9,221
229001546,2,72,-70
229001553,260,49,211
229001554,14,124,-110
229001630,171,34,137
229001631,101,46,55
229001635,0,65,-65
229001636,0,0,0
229001658,0,125,-125
229001659,157,9,148
229001660,10,48,-38
229001661,12,63,-51
229001662,51,1,50
229001663,1,99,-98
229002584,392,501,-109
229002831,268,138,130
229002841,23,64,-41
229002842,28,93,-65
229002843,61,62,-1
229002844,40,134,-94
229002845,6,141,-135
229002846,8,17,-9
229002847,3,46,-43
229002848,7,108,-101
229002849,15,53,-38
229002850,10,1,9
229002851,122,107,15
229002852,179,46,133
229002853,164,149,15
229002854,67,114,-47
229002855,18,180,-162
229002856,49,80,-31
229002857,11,210,-199
229002858,28,23,5
229002859,52,205,-153
229002860,225,111,114
229002861,115,208,-93
229002862,46,62,-16
229002863,50,33,17
229002864,37,57,-20
229002865,4,41,-37
229002866,33,42,-9
229002867,1,31,-30
229002868,20,35,-15
229002869,22,90,-68
229002870,49,35,14
235000066,536,67,469
235000067,436,152,284
235000072,84,103,-19
235000073,173,494,-321
235000074,127,115,12
235000080,4,72,-68
235000081,345,140,205
235000082,339,43,296
235000083,540,62,478
235000084,50,80,-30
235000085,208,114,94
235000089,99,315,-216
235000092,125,400,-275
235000093,14,21,-7
235000097,5,2,3
235000098,254,6,248
235000099,77,129,-52
235000116,57,33,24
235000117,1025,47,978
235000133,53,1552,-1499
235000134,30,339,-309
235000206,18,4,14
235000207,3,5,-2
235000208,0,0,0
235000209,6,3,3
235000210,10,2,8
235000212,5,24,-19
235000213,3,16,-13
235000220,2,1,1
235000221,12,125,-113
235000238,10,260,-250
235000239,0,132,-132
235000242,411,1000,-589
235000245,388,201,187
235000246,14,100,-86
235000284,17,106,-89
235000295,126,136,-10
235000305,611,89,522
235000306,698,22,676
235000307,80,1,79
235000308,69,0,69
235000309,138,0,138
235000310,85,0,85
235000311,176,169,7
235000322,0,39,-39
235000323,1,34,-33
235000324,0,30,-30
235000325,5,8,-3
235000326,18,52,-34
235000351,7,53,-46
235000352,43,54,-11
235000353,14,53,-39
235000354,19,27,-8
235000355,23,940,-917
235000356,262,5,257
235000357,229,4,225
235000358,45,3,42
235000359,18,2,16
235000360,184,7,177
235000361,116,4,112
235000381,526,154,372
235000382,284,161,123
235000390,4,5,-1
235000391,203,50,153
235000392,307,272,35
235000393,255,740,-485
235000395,217,54,163
235000396,927,97,830
235000400,116,317,-201
235000401,10,264,-254
235000405,377,152,225
235000406,216,113,103
235000407,170,45,125
235000409,253,149,104
235000410,199,199,0
235000411,2,55,-53
235000485,1,13,-12
235000486,22,0,22
235000549,141,588,-447
235000550,274,233,41
235000599,373,64,309
235000600,11,41,-30
235000601,18,29,-11
235000602,248,66,182
235000614,0,4,-4
235000648,0,17,-17
235000649,232,20,212
235000685,1,1,0
235000815,3,35,-32
235000834,1,20,-19
235000855,127,88,39
235000862,75,94,-19
235000891,0,76,-76
235000892,57,3,54
235000901,158,565,-407
235000907,4,14,-10
235001010,227,261,-34
235001029,195,280,-85
235001030,202,191,11
235001078,117,342,-225
235001079,159,85,74
235001147,14,98,-84
235001166,19,85,-66
235001167,151,59,92
235001169,62,176,-114
235001188,0,15,-15
235001189,6,1,5
235001197,2,34,-32
235001200,206,111,95
235001207,345,78,267
235001210,29,208,-179
235001215,100,173,-73
235001239,1,71,-70
235001244,1,26,-25
235016267,0,260,-260
277101746,0,0,0
277102712,0,1,-1
277103813,0,0,0
277103814,0,0,0
277103898,0,1,-1
277104249,0,0,0
277104250,0,31,-31
277104251,0,15,-15
277104252,0,0,0
990011530,2,772,-770
990014944,0,317,-317
990015176,105,0,105
990015618,2,263,-261
990016032,2,366,-364
990032570,1,2178,-2177
990070001,77,1,76
990070103,0,6,-6
990070601,0,66,-66
990070751,4278,10,4268
990070766,1,174,-173
990071180,1075,457,618
990071343,14,3,11
990071387,0,2,-2
990071823,845,4,841
990072600,4,802,-798
990072964,0,163,-163
990073285,0,0,0
990074393,1,649,-648
990074870,3352,19,3333
990075106,1499,4,1495
990075746,1220,8,1212
990076437,7141,14,7127
990076458,1,488,-487
997000007,669,14,655
997000041,3,466,-463
997000058,115,0,115
997000062,75,52,23
997000069,0,6,-6
997000070,0,18,-18
997000100,314,0,314
997000141,0,614,-614
997000198,0,299,-299
998000475,0,0,0
998000736,3,391,-388
998000965,1,70,-69
998001031,1,106,-105
998001700,0,89,-89
998001899,0,0,0
998001900,16,1,15
998003073,1896,7,1889
998101900,0,0,0
998102850,9,143,-134
998501927,700,1666,-966
998501929,341,7,334
998501930,149,0,149
998501931,539,79,460
998501932,25,0,25
998501933,126,0,126
998501937,5,1,4
998501944,8,1,7
998501950,0,0,0
998501970,397,17,380
998501971,1,356,-355
998501973,0,35,-35
998501974,1,135,-134
998501975,312,44,268
998501976,358,3,355
998501977,0,70,-70
998501978,25,2,23
998501979,0,8,-8
998501980,206,1,205
998501981,100,4,96
998501982,0,196,-196
998502006,0,0,0
998502024,0,47,-47
998502032,0,5,-5
998502062,68,52,16
998502063,0,0,0
998502173,30,0,30
998502269,0,8,-8
998601159,1,39,-38
998601292,1,54,-53
999033574,0,263,-263
999800001,81,17,64
999800002,0,4,-4
999800003,10,4,6
999800004,0,2,-2
999800005,0,60,-60
